{
"lowlevel": {
    "average_loudness": 0.95773434639,
    "barkbands_crest": {
        "dmean": 2.28636813164,
        "dmean2": 3.71083688736,
        "dvar": 4.39125680923,
        "dvar2": 10.87479496,
        "max": 25.1738529205,
        "mean": 8.08198165894,
        "median": 7.31983470917,
        "min": 2.35114693642,
        "var": 12.6852340698
    },
    "barkbands_flatness_db": {
        "dmean": 0.0166879817843,
        "dmean2": 0.0257572419941,
        "dvar": 0.000251020625001,
        "dvar2": 0.00052903755568,
        "max": 0.361494451761,
        "mean": 0.148418411613,
        "median": 0.145116224885,
        "min": 0.0561745688319,
        "var": 0.00105375249404
    },
    "barkbands_kurtosis": {
        "dmean": 1.15131676197,
        "dmean2": 1.81654679775,
        "dvar": 4.53942489624,
        "dvar2": 10.6236486435,
        "max": 55.1825065613,
        "mean": 0.958648145199,
        "median": 0.118235588074,
        "min": -1.89000654221,
        "var": 9.99001502991
    },
    "barkbands_skewness": {
        "dmean": 0.360107094049,
        "dmean2": 0.557414531708,
        "dvar": 0.13303014636,
        "dvar2": 0.291749119759,
        "max": 6.34960031509,
        "mean": 0.808916628361,
        "median": 0.78013253212,
        "min": -4.47120189667,
        "var": 0.60283946991
    },
    "barkbands_spread": {
        "dmean": 4.90879058838,
        "dmean2": 7.29420471191,
        "dvar": 31.8218593597,
        "dvar2": 65.7375488281,
        "max": 108.477394104,
        "mean": 22.8770999908,
        "median": 21.2134532928,
        "min": 1.09859716892,
        "var": 118.819122314
    },
    "dissonance": {
        "dmean": 0.0186690352857,
        "dmean2": 0.0314034745097,
        "dvar": 0.000324538297718,
        "dvar2": 0.00084293767577,
        "max": 0.5,
        "mean": 0.465348124504,
        "median": 0.471590429544,
        "min": 0.219903931022,
        "var": 0.000711392087396
    },
    "dynamic_complexity": 2.24945521355,
    "erbbands_crest": {
        "dmean": 2.59895634651,
        "dmean2": 4.2305355072,
        "dvar": 5.80633068085,
        "dvar2": 14.5272407532,
        "max": 29.1263904572,
        "mean": 8.99891662598,
        "median": 8.05590248108,
        "min": 2.18027186394,
        "var": 16.5643424988
    },
    "erbbands_flatness_db": {
        "dmean": 0.0154403969646,
        "dmean2": 0.0221355929971,
        "dvar": 0.00022649334278,
        "dvar2": 0.000413038767874,
        "max": 0.381995528936,
        "mean": 0.20107626915,
        "median": 0.201505243778,
        "min": 0.0858627781272,
        "var": 0.00127574650105
    },
    "erbbands_kurtosis": {
        "dmean": 0.824986159801,
        "dmean2": 1.29275417328,
        "dvar": 1.91510677338,
        "dvar2": 4.44572401047,
        "max": 30.0173149109,
        "mean": 0.236254662275,
        "median": -0.315169334412,
        "min": -1.85674536228,
        "var": 4.29361343384
    },
    "erbbands_skewness": {
        "dmean": 0.340969979763,
        "dmean2": 0.523219585419,
        "dvar": 0.105294130743,
        "dvar2": 0.230723783374,
        "max": 3.95319867134,
        "mean": 0.44587635994,
        "median": 0.440009534359,
        "min": -4.38615083694,
        "var": 0.544410169125
    },
    "erbbands_spread": {
        "dmean": 6.49666213989,
        "dmean2": 9.80630874634,
        "dvar": 48.2865371704,
        "dvar2": 98.9150924683,
        "max": 119.543060303,
        "mean": 33.8863792419,
        "median": 31.5037078857,
        "min": 2.78235626221,
        "var": 213.260803223
    },
    "hfc": {
        "dmean": 6.77556467056,
        "dmean2": 9.6871137619,
        "dvar": 66.6179580688,
        "dvar2": 126.142692566,
        "max": 237.646148682,
        "mean": 29.5207805634,
        "median": 27.5524120331,
        "min": 1.07648702582e-16,
        "var": 353.068786621
    },
    "melbands_crest": {
        "dmean": 2.84040117264,
        "dmean2": 4.61414003372,
        "dvar": 6.67266893387,
        "dvar2": 16.6105136871,
        "max": 38.3935623169,
        "mean": 10.3393678665,
        "median": 9.4026632309,
        "min": 1.66040503979,
        "var": 18.5834732056
    },
    "melbands_flatness_db": {
        "dmean": 0.0178539939225,
        "dmean2": 0.0270249526948,
        "dvar": 0.000341756182024,
        "dvar2": 0.000695232592989,
        "max": 0.408970445395,
        "mean": 0.124325595796,
        "median": 0.122649751604,
        "min": 0.0036587016657,
        "var": 0.00197457801551
    },
    "melbands_kurtosis": {
        "dmean": 2.33860373497,
        "dmean2": 3.77017211914,
        "dvar": 12.9493370056,
        "dvar2": 31.6424446106,
        "max": 84.6752319336,
        "mean": 4.52510309219,
        "median": 3.09807729721,
        "min": -1.83391416073,
        "var": 31.3054351807
    },
    "melbands_skewness": {
        "dmean": 0.426720827818,
        "dmean2": 0.66928845644,
        "dvar": 0.180301368237,
        "dvar2": 0.419846266508,
        "max": 6.37953281403,
        "mean": 1.5329015255,
        "median": 1.40120518208,
        "min": -2.80304002762,
        "var": 0.768318772316
    },
    "melbands_spread": {
        "dmean": 8.20429611206,
        "dmean2": 12.5295619965,
        "dvar": 94.3881912231,
        "dvar2": 205.104003906,
        "max": 262.876831055,
        "mean": 34.4859390259,
        "median": 30.1659126282,
        "min": 1.54288434982,
        "var": 447.37399292
    },
    "pitch_salience": {
        "dmean": 0.0590626746416,
        "dmean2": 0.0958409160376,
        "dvar": 0.00257781357504,
        "dvar2": 0.00654161209241,
        "max": 0.892720758915,
        "mean": 0.604332745075,
        "median": 0.605536222458,
        "min": 0.0654222667217,
        "var": 0.00888946745545
    },
    "silence_rate_20dB": {
        "dmean": 0,
        "dmean2": 0,
        "dvar": 0,
        "dvar2": 0,
        "max": 1,
        "mean": 1,
        "median": 1,
        "min": 1,
        "var": 0
    },
    "silence_rate_30dB": {
        "dmean": 0,
        "dmean2": 0,
        "dvar": 0,
        "dvar2": 0,
        "max": 1,
        "mean": 1,
        "median": 1,
        "min": 1,
        "var": 0
    },
    "silence_rate_60dB": {
        "dmean": 0.0142011838034,
        "dmean2": 0.0284065697342,
        "dvar": 0.0139972968027,
        "dvar2": 0.0323358178139,
        "max": 1,
        "mean": 0.0363851487637,
        "median": 0,
        "min": 0,
        "var": 0.0350647680461
    },
    "spectral_centroid": {
        "dmean": 253.626907349,
        "dmean2": 392.268707275,
        "dvar": 73145.359375,
        "dvar2": 149038.265625,
        "max": 11734.1142578,
        "mean": 1998.1854248,
        "median": 1918.47460938,
        "min": 416.424316406,
        "var": 886184.25
    },
    "spectral_complexity": {
        "dmean": 3.42071008682,
        "dmean2": 5.34694480896,
        "dvar": 12.6024045944,
        "dvar2": 26.5065441132,
        "max": 58,
        "mean": 22.8646640778,
        "median": 23,
        "min": 0,
        "var": 88.7251434326
    },
    "spectral_decrease": {
        "dmean": 1.21092358363e-09,
        "dmean2": 1.77229042553e-09,
        "dvar": 2.06401146333e-18,
        "dvar2": 4.01684530284e-18,
        "max": 1.20678144388e-28,
        "mean": -4.74887640323e-09,
        "median": -4.47844117346e-09,
        "min": -2.34317667491e-08,
        "var": 7.89076124045e-18
    },
    "spectral_energy": {
        "dmean": 0.0050617386587,
        "dmean2": 0.00738168368116,
        "dvar": 3.46978849848e-05,
        "dvar2": 6.67255008011e-05,
        "max": 0.100320897996,
        "mean": 0.0206009466201,
        "median": 0.0197552405298,
        "min": 9.90093753416e-21,
        "var": 0.000140332354931
    },
    "spectral_energyband_high": {
        "dmean": 0.000497889355756,
        "dmean2": 0.000724213896319,
        "dvar": 6.93260744811e-07,
        "dvar2": 1.36268306505e-06,
        "max": 0.0286707822233,
        "mean": 0.00145413342398,
        "median": 0.000969847955275,
        "min": 7.16302786775e-21,
        "var": 2.46786839853e-06
    },
    "spectral_energyband_low": {
        "dmean": 0.00029525833088,
        "dmean2": 0.000476434390293,
        "dvar": 6.13501640601e-07,
        "dvar2": 1.75832724381e-06,
        "max": 0.0288646742702,
        "mean": 0.000477990863146,
        "median": 0.000198029665626,
        "min": 1.74370224698e-23,
        "var": 7.87562726146e-07
    },
    "spectral_energyband_middle_high": {
        "dmean": 0.00290284701623,
        "dmean2": 0.00421853177249,
        "dvar": 1.29477284645e-05,
        "dvar2": 2.57975316345e-05,
        "max": 0.0714306533337,
        "mean": 0.0101590817794,
        "median": 0.00808570347726,
        "min": 1.216790759e-21,
        "var": 6.90471133566e-05
    },
    "spectral_energyband_middle_low": {
        "dmean": 0.00337179447524,
        "dmean2": 0.00520230690017,
        "dvar": 2.22462331294e-05,
        "dvar2": 4.71352104796e-05,
        "max": 0.0809862837195,
        "mean": 0.00889504980296,
        "median": 0.00705851288512,
        "min": 1.84128604489e-22,
        "var": 5.55258520762e-05
    },
    "spectral_entropy": {
        "dmean": 0.126745536923,
        "dmean2": 0.180754199624,
        "dvar": 0.0197008717805,
        "dvar2": 0.0349126793444,
        "max": 9.82009410858,
        "mean": 7.69675350189,
        "median": 7.68117618561,
        "min": 5.60919094086,
        "var": 0.118510916829
    },
    "spectral_flux": {
        "dmean": 0.0164319872856,
        "dmean2": 0.0262041855603,
        "dvar": 0.000313734519295,
        "dvar2": 0.000719240109902,
        "max": 0.26530867815,
        "mean": 0.0784560665488,
        "median": 0.0775097981095,
        "min": 6.44516107151e-11,
        "var": 0.000940344121773
    },
    "spectral_kurtosis": {
        "dmean": 1.15774774551,
        "dmean2": 1.97582268715,
        "dvar": 2.10785698891,
        "dvar2": 5.44712209702,
        "max": 40.3658752441,
        "mean": 2.41553258896,
        "median": 2.08500623703,
        "min": -1.43843388557,
        "var": 4.75225067139
    },
    "spectral_rms": {
        "dmean": 0.000549037475139,
        "dmean2": 0.000784240837675,
        "dvar": 3.39724238074e-07,
        "dvar2": 5.97996859142e-07,
        "max": 0.00989313144237,
        "mean": 0.00426146527752,
        "median": 0.00439014891163,
        "min": 3.10796570771e-12,
        "var": 1.93844039131e-06
    },
    "spectral_rolloff": {
        "dmean": 609.686950684,
        "dmean2": 1003.97711182,
        "dvar": 782952.4375,
        "dvar2": 1610965.5,
        "max": 19358.3496094,
        "mean": 2707.39648438,
        "median": 2454.78515625,
        "min": 21.533203125,
        "var": 3966532.25
    },
    "spectral_skewness": {
        "dmean": 0.168904080987,
        "dmean2": 0.277510583401,
        "dvar": 0.0300707817078,
        "dvar2": 0.0714870914817,
        "max": 5.07941150665,
        "mean": 1.07808685303,
        "median": 1.06333732605,
        "min": -0.491422057152,
        "var": 0.122399538755
    },
    "spectral_spread": {
        "dmean": 419239.09375,
        "dmean2": 597289.5625,
        "dvar": 564018937856,
        "dvar2": 884198539264,
        "max": 42212236,
        "mean": 4427081,
        "median": 3949192.5,
        "min": 1236030.625,
        "var": 9.93255961395e+12
    },
    "spectral_strongpeak": {
        "dmean": 0.848845899105,
        "dmean2": 1.3867713213,
        "dvar": 0.999871730804,
        "dvar2": 2.53996634483,
        "max": 12.5566730499,
        "mean": 1.85672867298,
        "median": 1.45875501633,
        "min": 0,
        "var": 2.32638454437
    },
    "zerocrossingrate": {
        "dmean": 0.0102895163,
        "dmean2": 0.0118162035942,
        "dvar": 0.000176620655111,
        "dvar2": 0.000185011216672,
        "max": 0.6630859375,
        "mean": 0.0921767503023,
        "median": 0.0830078125,
        "min": 0.017578125,
        "var": 0.00234954757616
    },
    "barkbands": {
        "dmean": [4.0787836042e-06, 0.000127682709717, 0.000154196866788, 0.00024552384275, 0.000719283649232, 0.000746954756323, 0.00108429545071, 0.00077731453348, 0.00141015951522, 0.00141927041113, 0.000901571183931, 0.000721143500414, 0.000648543587886, 0.000414394860854, 0.000341295381077, 0.000240748151555, 0.000282397086266, 0.000292916462058, 0.000342126266332, 0.000277102401014, 0.000161445030244, 0.000128407235024, 0.000106452906039, 0.000113620742923, 3.73080474674e-05, 1.154625906e-08, 1.74623981941e-09],
        "dmean2": [7.22646018403e-06, 0.000215321371797, 0.000260162458289, 0.000431663560448, 0.00118584162556, 0.00117680570111, 0.00169488089159, 0.00123145361431, 0.00222012866288, 0.00221388577484, 0.00142244831659, 0.00113795092329, 0.00103513221256, 0.000653909402899, 0.000538611784577, 0.000389610038837, 0.000452754349681, 0.00046236498747, 0.00055932009127, 0.000435061112512, 0.000249879114563, 0.000197779358132, 0.000164916476933, 0.000167019723449, 5.54963262402e-05, 2.05992183311e-08, 3.09374792451e-09],
        "dvar": [4.40615460784e-11, 9.11911897106e-08, 2.49576345368e-07, 4.51653534128e-07, 1.36906760417e-06, 2.29731972468e-06, 6.86296198182e-06, 2.36008736465e-06, 7.27171754988e-06, 6.77830621498e-06, 2.91871583613e-06, 2.44773195845e-06, 1.44847649608e-06, 5.911098242e-07, 4.44680068767e-07, 3.39978953434e-07, 2.17814687176e-07, 2.18378872319e-07, 3.11321855406e-07, 1.69491542579e-07, 7.74430546358e-08, 5.24490921805e-08, 3.96620514209e-08, 1.31918994839e-07, 1.26832171432e-08, 2.29538390113e-14, 2.18668204542e-15],
        "dvar2": [1.2396197957e-10, 2.37444623963e-07, 7.6082983469e-07, 1.26563611502e-06, 3.50701475327e-06, 5.06434207637e-06, 1.49385386976e-05, 5.61982460567e-06, 1.72121854121e-05, 1.55475554493e-05, 6.85354279994e-06, 5.85236193729e-06, 3.368358648e-06, 1.40609188293e-06, 1.03650427263e-06, 7.74471686782e-07, 4.95688652791e-07, 5.06392382249e-07, 8.50475714742e-07, 3.94216442601e-07, 1.75018811888e-07, 1.103406575e-07, 8.87856472787e-08, 2.54697908986e-07, 2.53315928234e-08, 4.78293247293e-14, 5.77158678787e-15],
        "max": [9.92917630356e-05, 0.00655244197696, 0.020218398422, 0.0126707879826, 0.0301624182612, 0.0450438819826, 0.0619991905987, 0.0316447503865, 0.0538217946887, 0.0633096843958, 0.0342475436628, 0.0329652018845, 0.0425721220672, 0.0151519272476, 0.0127575760707, 0.0186377093196, 0.0118101695552, 0.0100887529552, 0.0105135245249, 0.00871289148927, 0.00841867551208, 0.00574670592323, 0.00571383023635, 0.0201835017651, 0.0035619167611, 9.13335497899e-06, 3.0592600524e-06],
        "mean": [3.87881573261e-06, 0.000150035266415, 0.000206597498618, 0.000270864809863, 0.00128861458506, 0.0013673013309, 0.00187120551709, 0.00119787070435, 0.00239242683165, 0.00249226624146, 0.00158637634013, 0.00118810473941, 0.00111675052904, 0.000746559817344, 0.000619181082584, 0.000437496928498, 0.00052766141016, 0.000592677213717, 0.000754290085752, 0.000603356864303, 0.000379503529985, 0.000298225029837, 0.000231515878113, 0.000212390572415, 6.58031640342e-05, 9.74515579344e-09, 1.39239164643e-09],
        "median": [1.8874216039e-06, 5.63407120353e-05, 6.4013125666e-05, 9.49845998548e-05, 0.000766130106058, 0.000639292644337, 0.000776042055804, 0.00052341108676, 0.000832950638141, 0.000975411152467, 0.000495309417602, 0.000406391744036, 0.000464834156446, 0.000309016031679, 0.000206365570193, 0.00016621821851, 0.000269518088317, 0.000338781566825, 0.000467605044832, 0.000393484166125, 0.00022299074044, 0.000183197058504, 0.00013281822612, 6.32930386928e-05, 1.8152730263e-05, 1.00536812209e-09, 4.01242927772e-10],
        "min": [1.09747906856e-24, 1.52733903936e-24, 2.27133210009e-24, 1.07147456464e-24, 8.79923694904e-24, 4.3804799201e-24, 9.92366429498e-24, 1.5632282268e-23, 1.41841797706e-23, 2.14919000512e-23, 2.0511573138e-23, 3.38238281055e-23, 2.49416124556e-23, 2.67099372602e-23, 5.65512799719e-23, 3.46784957875e-23, 8.22901389241e-23, 9.6408767509e-23, 1.41353133086e-22, 2.07447459065e-22, 2.83151537131e-22, 3.64830725372e-22, 4.7344341721e-22, 6.10665228937e-22, 8.94497382635e-22, 1.22365145074e-21, 2.01249327184e-21],
        "var": [3.83342489696e-11, 8.83581421363e-08, 2.44174628961e-07, 3.79667341122e-07, 3.07662730847e-06, 5.97480038778e-06, 1.27725406855e-05, 4.01277839046e-06, 1.58021903189e-05, 1.6627172954e-05, 8.31686884339e-06, 5.35066828888e-06, 3.8347852751e-06, 1.61711000146e-06, 1.19870696835e-06, 8.79054425695e-07, 6.16898375938e-07, 6.07655522344e-07, 8.10157928299e-07, 4.83103178794e-07, 2.29947289654e-07, 1.49750604805e-07, 9.02374566181e-08, 2.83548132529e-07, 2.91641608641e-08, 2.2474491208e-14, 1.49208453549e-15]
    },
    "erbbands": {
        "dmean": [0.00154414749704, 0.0361476279795, 0.156520962715, 0.474313467741, 1.5208479166, 2.8967089653, 3.97964406013, 7.24240922928, 14.9095125198, 14.7526512146, 17.186460495, 31.9393310547, 36.5623512268, 39.683883667, 35.0979347229, 24.9851703644, 29.5719623566, 19.4957866669, 20.0763206482, 14.2098941803, 10.4207963943, 14.2992115021, 15.1730136871, 15.486741066, 17.909910202, 13.0819702148, 7.38022089005, 5.86604118347, 4.40565347672, 4.38183498383, 2.87970280647, 2.68835735321, 1.65416407585, 0.637810111046, 0.153298556805, 0.00543072400615, 0.000204566866159, 2.20536239794e-05, 6.23568575975e-06, 6.90129309078e-06],
        "dmean2": [0.00261082593352, 0.0605274774134, 0.25833761692, 0.821511924267, 2.62724018097, 4.81302642822, 6.22297048569, 11.3909025192, 23.2926425934, 23.2784843445, 27.109834671, 50.6021881104, 56.61769104, 60.6732559204, 55.065662384, 39.1393051147, 47.1331291199, 30.7984466553, 31.2212924957, 22.2553424835, 16.7708396912, 22.7005195618, 24.1356182098, 25.044380188, 29.0062847137, 20.4257125854, 11.4811763763, 9.11018371582, 6.85345411301, 6.76286888123, 4.46202754974, 4.01670598984, 2.41497445107, 0.937910139561, 0.232321441174, 0.00818191096187, 0.000301988853607, 3.23526510329e-05, 9.01706334844e-06, 9.99045550998e-06],
        "dvar": [7.86171221989e-06, 0.00755873229355, 0.206557914615, 1.67567753792, 12.4217100143, 26.0940856934, 53.6344871521, 255.846176147, 1407.80944824, 1042.30664062, 1086.86950684, 4522.55517578, 5063.44335938, 4768.17773438, 4544.01904297, 3275.35717773, 3093.07958984, 1382.78747559, 1521.30603027, 1019.6451416, 371.494537354, 666.716491699, 577.670166016, 623.15435791, 976.607055664, 386.180541992, 167.827606201, 104.276634216, 71.1237182617, 60.6890220642, 31.2962379456, 72.8102416992, 29.4835243225, 3.86407637596, 0.18129041791, 0.000220436093514, 3.86102612993e-07, 7.89871190676e-09, 2.3944971006e-10, 6.43557776514e-11],
        "dvar2": [2.15265445149e-05, 0.0194520596415, 0.598336279392, 4.9008140564, 33.929359436, 69.0754852295, 121.801643372, 564.028991699, 3042.90209961, 2439.14355469, 2652.50634766, 11119.6386719, 11732.0732422, 10542.8945312, 10902.9541016, 7978.91210938, 7020.31933594, 3296.96899414, 3478.94750977, 2190.76806641, 875.318847656, 1488.72314453, 1363.32580566, 1611.89868164, 2624.70483398, 887.784362793, 388.328887939, 227.227920532, 154.907409668, 134.858947754, 69.1748046875, 149.567382812, 62.2105064392, 7.59047794342, 0.402394503355, 0.000482629751787, 7.93244112174e-07, 1.57126258671e-08, 5.55933243884e-10, 1.24132371049e-10],
        "max": [0.0556230023503, 2.03175497055, 14.5200080872, 40.0380134583, 89.4400558472, 160.594619751, 320.063812256, 571.92199707, 1058.52685547, 735.993347168, 750.303344727, 1261.19274902, 1727.72912598, 1296.41040039, 1353.52587891, 1643.25415039, 1989.94030762, 1182.07312012, 941.694580078, 762.870788574, 445.087341309, 677.235046387, 444.624816895, 534.689758301, 644.435668945, 466.574554443, 516.478210449, 395.27154541, 257.023590088, 164.751724243, 210.432723999, 483.384216309, 250.442855835, 68.7252120972, 12.5319519043, 0.398609012365, 0.0197633039206, 0.00441439915448, 0.000693850335665, 0.000192725041416],
        "mean": [0.00203375914134, 0.0431359224021, 0.21318808198, 0.618716597557, 1.96794724464, 4.86243677139, 7.74043703079, 13.3169746399, 25.7287197113, 26.0084095001, 28.2523117065, 54.310508728, 67.3496780396, 75.6904296875, 67.9654464722, 46.9073600769, 54.1682243347, 37.2618865967, 38.8370475769, 28.6957855225, 21.6148815155, 28.6437492371, 33.021572113, 34.7099647522, 39.6593322754, 29.4323120117, 17.2940769196, 13.5565509796, 10.2222909927, 9.76499176025, 6.26844835281, 4.94756650925, 2.96439576149, 1.15434956551, 0.27009344101, 0.00987589173019, 0.000406429928262, 4.96387765452e-05, 2.19190806092e-05, 2.90657317237e-05],
        "median": [0.00102993892506, 0.015278284438, 0.0702531859279, 0.245956301689, 1.01164495945, 2.70613884926, 3.79875063896, 6.02513742447, 10.0218696594, 11.7891902924, 14.8337240219, 19.094165802, 26.9807491302, 34.45545578, 26.7610054016, 19.9145870209, 24.2333621979, 17.3952846527, 16.3249855042, 11.2853403091, 10.7686700821, 15.4840583801, 20.6610794067, 21.6849002838, 25.4692668915, 19.0143299103, 10.772731781, 7.70897245407, 6.39922094345, 5.74108934402, 3.4786605835, 1.77443361282, 0.834824681282, 0.312096357346, 0.0800762251019, 0.00322793284431, 0.000140413030749, 2.18648128794e-05, 1.87086388905e-05, 2.88396895485e-05],
        "min": [2.01131952254e-22, 3.57158756457e-22, 3.95524932114e-21, 5.93002307627e-21, 9.80182530246e-21, 1.98010543501e-20, 2.2578902946e-20, 5.12254180232e-20, 7.55601572222e-20, 1.9589014678e-19, 3.79873623178e-19, 3.47774853658e-19, 4.13814213729e-19, 8.5857253039e-19, 9.94352573579e-19, 1.14074306928e-18, 1.56757229786e-18, 2.52732607777e-18, 2.14316541012e-18, 3.59694029977e-18, 3.80163813646e-18, 5.24437512801e-18, 5.81494777094e-18, 6.7027561729e-18, 9.19203628519e-18, 8.78041136005e-18, 1.05161539225e-17, 1.14023108584e-17, 1.20946279439e-17, 1.30596962558e-17, 1.34178762144e-17, 1.19516423304e-17, 1.04904798907e-17, 8.05005471974e-18, 7.08589630647e-18, 3.79864084751e-18, 2.36660405757e-18, 9.30033904279e-19, 2.66947339542e-19, 2.87883248534e-20],
        "var": [9.48852175497e-06, 0.00765382079408, 0.229520350695, 1.63453555107, 12.1339607239, 48.4742355347, 195.180038452, 667.534973145, 2597.96118164, 1926.42553711, 1804.7734375, 8978.37988281, 12634.2490234, 12707.4365234, 14110.7568359, 6906.46191406, 8507.22265625, 3540.92211914, 4367.61523438, 3043.66918945, 1059.50317383, 1964.7869873, 1592.7121582, 1682.75378418, 2351.68188477, 1138.37304688, 436.741027832, 324.023040771, 178.939697266, 156.969238281, 71.5287704468, 134.322463989, 62.9188423157, 9.43912029266, 0.357872307301, 0.000452246051282, 7.88574084254e-07, 1.28649171316e-08, 4.57962473499e-10, 2.6960461641e-10]
    },
    "gfcc": {
        "mean": [-9.68098449707, 80.7364578247, -177.138824463, 35.612827301, -99.7297286987, 12.3028059006, -40.6454200745, 1.93332219124, -22.745344162, -13.5153541565, -0.0467864945531, -14.145778656, 2.07431197166],
        "cov": [[11262.6835938, 413.46875, -1612.00646973, 367.635192871, -880.371643066, 215.2681427, -313.407592773, -19.9907646179, -244.109115601, -185.733703613, -31.2114391327, -215.133789062, -27.9261550903], [413.46875, 763.241149902, 9.86145210266, -1.48905742168, 8.58323574066, -149.026687622, 74.2893371582, -63.2833061218, 10.414390564, -48.0522651672, 47.7613525391, -28.3571929932, 3.8168182373], [-1612.00646973, 9.86145210266, 818.086853027, 128.207580566, 66.8253707886, 35.2327919006, -54.7145080566, 50.9974441528, 12.9465246201, 35.0378227234, -11.7846975327, 37.5965614319, -45.0636062622], [367.635192871, -1.48905742168, 128.207580566, 314.911865234, 36.8993186951, -7.13109397888, -57.7096977234, -3.37495660782, -8.76732444763, -0.79487413168, -26.6142158508, -13.9178228378, -24.8374881744], [-880.371643066, 8.58323574066, 66.8253707886, 36.8993186951, 231.043121338, 34.4010314941, 46.2674751282, -1.87805175781, 21.2125720978, 17.9685630798, -17.0697040558, -9.28937339783, 2.80039024353], [215.2681427, -149.026687622, 35.2327919006, -7.13109397888, 34.4010314941, 249.562942505, 44.693611145, 22.4744110107, -46.5830345154, 8.67879199982, -36.1054725647, -23.988899231, -24.23179245], [-313.407592773, 74.2893371582, -54.7145080566, -57.7096977234, 46.2674751282, 44.693611145, 192.317718506, -0.885366141796, -14.9561452866, -22.0367183685, 3.6253888607, -13.959104538, 0.195984497666], [-19.9907646179, -63.2833061218, 50.9974441528, -3.37495660782, -1.87805175781, 22.4744110107, -0.885366141796, 108.735824585, 34.0566635132, 6.62493371964, -21.5807476044, 2.15052270889, 5.75126743317], [-244.109115601, 10.414390564, 12.9465246201, -8.76732444763, 21.2125720978, -46.5830345154, -14.9561452866, 34.0566635132, 108.608779907, 36.734172821, -7.94039344788, 8.96917724609, 13.485868454], [-185.733703613, -48.0522651672, 35.0378227234, -0.79487413168, 17.9685630798, 8.67879199982, -22.0367183685, 6.62493371964, 36.734172821, 84.3480682373, 21.631444931, 7.27467107773, -4.7724275589], [-31.2114391327, 47.7613525391, -11.7846975327, -26.6142158508, -17.0697040558, -36.1054725647, 3.6253888607, -21.5807476044, -7.94039344788, 21.631444931, 95.496131897, 41.2757987976, -12.0943651199], [-215.133789062, -28.3571929932, 37.5965614319, -13.9178228378, -9.28937339783, -23.988899231, -13.959104538, 2.15052270889, 8.96917724609, 7.27467107773, 41.2757987976, 82.100151062, 19.5233135223], [-27.9261550903, 3.8168182373, -45.0636062622, -24.8374881744, 2.80039024353, -24.23179245, 0.195984497666, 5.75126743317, 13.485868454, -4.7724275589, -12.0943651199, 19.5233135223, 66.4207000732]],
        "icov": [[0.000665755884256, -0.000914166448638, 0.0015347765293, -0.00147603149526, 0.00227359309793, -0.00182079710066, 0.00142959819641, -0.000984576065093, 0.000384912011214, 0.000330080685671, -0.000467808480607, 0.000680554891005, -0.000196971799596], [-0.000914166448638, 0.0032065641135, -0.00248011690564, 0.00191715348046, -0.00311797205359, 0.00340277818032, -0.00277354801074, 0.00228435755707, -0.00142028566916, 0.001080627786, -0.00121981929988, 0.00108032952994, -0.000524757197127], [0.0015347765293, -0.00248011690564, 0.00517957378179, -0.00379612110555, 0.00478717172518, -0.00430358713493, 0.00369080970995, -0.00316894007847, 0.00142552948091, -0.000145988844451, 0.00015875583631, -0.000366136693629, 0.00121062027756], [-0.00147603149526, 0.00191715348046, -0.00379612110555, 0.00719706574455, -0.00585221266374, 0.00453021051362, -0.00196016556583, 0.00227048387751, -2.35325915128e-05, -0.000797441985924, 0.00247802655213, -0.00161901314277, 0.00196825247258], [0.00227359309793, -0.00311797205359, 0.00478717172518, -0.00585221266374, 0.0130834747106, -0.00692131742835, 0.00318632670678, -0.00228090351447, -0.000145421145135, 0.000134683214128, -0.00106185569894, 0.00268297456205, -0.00163674668875], [-0.00182079710066, 0.00340277818032, -0.00430358713493, 0.00453021051362, -0.00692131742835, 0.0115667553619, -0.00558690400794, 0.00131186039653, 0.00296117900871, -0.00359891657718, 0.00441888673231, -0.00213702907786, 0.00280062993988], [0.00142959819641, -0.00277354801074, 0.00369080970995, -0.00196016556583, 0.00318632670678, -0.00558690400794, 0.0101836863905, -0.00279795471579, 0.000896490004379, 0.00279386923648, -0.00241244677454, 0.00229014805518, -0.000522540416569], [-0.000984576065093, 0.00228435755707, -0.00316894007847, 0.00227048387751, -0.00228090351447, 0.00131186039653, -0.00279795471579, 0.013629861176, -0.00562366144732, 0.00109061400872, 0.00158088374883, -0.000770915707108, -0.000708727515303], [0.000384912011214, -0.00142028566916, 0.00142552948091, -2.35325915128e-05, -0.000145421145135, 0.00296117900871, 0.000896490004379, -0.00562366144732, 0.0166696123779, -0.00852303393185, 0.00547123840079, -0.00295938830823, 0.00064171187114], [0.000330080685671, 0.001080627786, -0.000145988844451, -0.000797441985924, 0.000134683214128, -0.00359891657718, 0.00279386923648, 0.00109061400872, -0.00852303393185, 0.0198411718011, -0.00940865464509, 0.00489657139406, -0.00173824105877], [-0.000467808480607, -0.00121981929988, 0.00015875583631, 0.00247802655213, -0.00106185569894, 0.00441888673231, -0.00241244677454, 0.00158088374883, 0.00547123840079, -0.00940865464509, 0.0235103741288, -0.0143385324627, 0.0091435033828], [0.000680554891005, 0.00108032952994, -0.000366136693629, -0.00161901314277, 0.00268297456205, -0.00213702907786, 0.00229014805518, -0.000770915707108, -0.00295938830823, 0.00489657139406, -0.0143385324627, 0.0238240938634, -0.0101234186441], [-0.000196971799596, -0.000524757197127, 0.00121062027756, 0.00196825247258, -0.00163674668875, 0.00280062993988, -0.000522540416569, -0.000708727515303, 0.00064171187114, -0.00173824105877, 0.0091435033828, -0.0101234186441, 0.0220992509276]]
    },
    "melbands": {
        "dmean": [2.41497564275e-05, 6.86458151904e-05, 0.00010894650768, 0.000150194071466, 0.000137927665492, 0.000160412804689, 0.000222016999032, 0.000164240525919, 0.000152683394845, 0.000207488541491, 0.000191764105693, 0.000176105619175, 0.00012142759806, 8.3859777078e-05, 7.62176568969e-05, 5.3775653214e-05, 3.83383812732e-05, 3.58478100679e-05, 2.17523593165e-05, 2.03051131393e-05, 1.19640444609e-05, 1.49714114741e-05, 1.7107648091e-05, 1.48983717736e-05, 1.35613854582e-05, 1.49489460455e-05, 1.19039514175e-05, 9.03755517356e-06, 5.48748857909e-06, 4.25101234214e-06, 3.69719600712e-06, 2.70451027973e-06, 2.78432071354e-06, 2.53742314271e-06, 1.83641293461e-06, 1.70496150531e-06, 1.73175942564e-06, 1.3232057654e-06, 8.73892020081e-07, 4.9944787861e-07],
        "dmean2": [4.05249047617e-05, 0.00011215590348, 0.000189402271644, 0.000252591707977, 0.000215355394175, 0.000251210178249, 0.000347245397279, 0.000259604683379, 0.000241033776547, 0.000328228808939, 0.000298521394143, 0.000271241617156, 0.000190565217054, 0.000131375258206, 0.00012072444224, 8.56069236761e-05, 6.09932285442e-05, 5.56011364097e-05, 3.41833074344e-05, 3.26797162415e-05, 1.93075666175e-05, 2.4057148039e-05, 2.76002228929e-05, 2.35828083532e-05, 2.21819464059e-05, 2.46736835834e-05, 1.89815764315e-05, 1.43090101119e-05, 8.71524116519e-06, 6.72893702358e-06, 5.81497761232e-06, 4.29875444752e-06, 4.32700426245e-06, 3.97950907427e-06, 2.89880540549e-06, 2.65774406216e-06, 2.61402760771e-06, 1.9680492187e-06, 1.31377964863e-06, 7.46867442558e-07],
        "dvar": [2.8209563574e-09, 3.44542776531e-08, 8.60019966353e-08, 7.29331048888e-08, 5.3452147597e-08, 1.17969008784e-07, 3.04309651256e-07, 1.13651552169e-07, 8.21827228492e-08, 1.78173266363e-07, 1.42169056971e-07, 9.31308505869e-08, 5.33629318511e-08, 3.31903535766e-08, 2.51962362086e-08, 8.74587158251e-09, 5.6881521715e-09, 5.0030544152e-09, 1.8854926509e-09, 3.12987369355e-09, 5.0504517235e-10, 8.8172380508e-10, 8.26191726144e-10, 6.09610639746e-10, 5.19804754795e-10, 7.95642940421e-10, 3.49751366757e-10, 1.91273580308e-10, 1.09086802091e-10, 5.86617907028e-11, 4.56262701232e-11, 2.64526560378e-11, 2.87445189179e-11, 2.08101903765e-11, 1.1311412744e-11, 1.68936305917e-11, 4.05970812523e-11, 2.16915964357e-11, 6.42002813758e-12, 2.54555209377e-12],
        "dvar2": [7.40634131802e-09, 9.59228003694e-08, 2.40123455342e-07, 1.97114118805e-07, 1.22487406884e-07, 2.58785775031e-07, 6.5257006554e-07, 2.60760288029e-07, 1.99475252316e-07, 4.32337145639e-07, 3.31584487867e-07, 2.06641246336e-07, 1.26018548485e-07, 7.75818307375e-08, 6.1096244508e-08, 2.05506687223e-08, 1.36305020604e-08, 1.13374891697e-08, 4.43908731995e-09, 6.96301727388e-09, 1.16147191864e-09, 1.97463068119e-09, 1.95568650163e-09, 1.38840505759e-09, 1.361172286e-09, 2.22208673684e-09, 8.26484991556e-10, 4.45297299034e-10, 2.61751870179e-10, 1.44721110096e-10, 1.02592691287e-10, 5.93019591766e-11, 6.54985995996e-11, 4.85591220012e-11, 2.61174415428e-11, 3.62751252647e-11, 8.66136537492e-11, 4.63731379685e-11, 1.39640061667e-11, 5.27511888337e-12],
        "max": [0.00112769159023, 0.00545263942331, 0.00599764473736, 0.00782405119389, 0.00940063409507, 0.0110799111426, 0.0147377317771, 0.00731055159122, 0.00574890058488, 0.00714787608013, 0.00935023277998, 0.00506739830598, 0.00536643294618, 0.00394704798236, 0.00433434499428, 0.00232871249318, 0.00195527914912, 0.00177086144686, 0.00107801682316, 0.0019521266222, 0.00069286901271, 0.000901393184904, 0.000756853085477, 0.000571945798583, 0.000468677957542, 0.000665008905344, 0.000500052410644, 0.000267949857516, 0.0004639144463, 0.000219507594011, 0.00025023278431, 0.000141338721733, 0.000121344288345, 9.19374433579e-05, 7.99509944045e-05, 0.000221199428779, 0.000345366890542, 0.000226997173741, 8.32705991343e-05, 5.13638988195e-05],
        "mean": [3.00774227071e-05, 9.48608576437e-05, 0.000139104275149, 0.000240634544753, 0.000275641999906, 0.000297970924294, 0.00038487376878, 0.000281440210529, 0.000246271432843, 0.000346933054971, 0.000341512000887, 0.000318993756082, 0.000224177143537, 0.00014812531299, 0.000133307243232, 9.36555588851e-05, 6.67216008878e-05, 6.54794203001e-05, 3.9936236135e-05, 3.69001318177e-05, 2.22238704737e-05, 2.76628306892e-05, 3.24109023495e-05, 2.98239738186e-05, 2.69211941486e-05, 3.03264041577e-05, 2.44132224907e-05, 1.83272150025e-05, 1.13551859613e-05, 8.82261701918e-06, 7.60683496992e-06, 5.62979266761e-06, 5.80773576075e-06, 5.1885749599e-06, 3.70458474208e-06, 3.13595637635e-06, 2.93976836474e-06, 2.21878758566e-06, 1.51835536144e-06, 8.24194557936e-07],
        "median": [1.28437495732e-05, 3.34849319188e-05, 6.16818579147e-05, 0.000144084042404, 0.000145780752064, 0.000137345748954, 0.000158701601322, 0.000128330444568, 0.000117246541777, 0.000113776040962, 0.000126224651467, 0.000135152848088, 7.97931134002e-05, 4.84792835778e-05, 5.05826137669e-05, 4.19752614107e-05, 2.66031292995e-05, 2.47502866841e-05, 1.36675716931e-05, 1.1873128642e-05, 1.05526114567e-05, 1.38008190333e-05, 1.74942961166e-05, 1.6561085431e-05, 1.5710342268e-05, 1.7639966245e-05, 1.55307116074e-05, 1.09386510303e-05, 6.57261534798e-06, 4.74625039715e-06, 3.93592563341e-06, 3.29853764924e-06, 3.30456805386e-06, 2.92839308713e-06, 2.04756724997e-06, 1.41702423662e-06, 8.98450366549e-07, 5.95378367052e-07, 3.98300102233e-07, 2.07668719554e-07],
        "min": [1.97826277962e-24, 1.70928960994e-24, 1.17974473781e-24, 1.72386657617e-24, 8.24346925574e-25, 1.03964718256e-24, 1.31971942797e-24, 2.64274556364e-24, 2.81394593223e-24, 1.97371539094e-24, 1.77282012851e-24, 3.23162293243e-24, 2.82377849177e-24, 2.79751474843e-24, 2.11934305834e-24, 3.61217515235e-24, 3.46519419405e-24, 2.7823187236e-24, 4.45061438774e-24, 3.12801650493e-24, 4.96779199163e-24, 4.74140035032e-24, 4.91975746225e-24, 4.36826756442e-24, 4.81260964094e-24, 4.61812900096e-24, 4.65249612073e-24, 4.68643922776e-24, 5.58207008992e-24, 5.79939929715e-24, 6.02357502819e-24, 6.21411018035e-24, 5.28818429841e-24, 5.7011336552e-24, 6.32734524683e-24, 6.68438921456e-24, 5.7117091245e-24, 6.30981596866e-24, 7.01564689702e-24, 5.94098839116e-24],
        "var": [2.90897350652e-09, 4.00189819061e-08, 7.82405251698e-08, 1.12294983978e-07, 1.9976545218e-07, 2.99842781715e-07, 5.65977188671e-07, 2.14226886897e-07, 1.43678121844e-07, 3.62485621963e-07, 3.49395293142e-07, 2.37419229165e-07, 1.55642510435e-07, 8.46753493988e-08, 6.03572587465e-08, 2.24857981124e-08, 1.33565993821e-08, 1.43840566125e-08, 4.80241491019e-09, 8.36795432946e-09, 1.22176413431e-09, 2.39284791981e-09, 2.01886574125e-09, 1.70069536232e-09, 1.23783250316e-09, 1.72853520386e-09, 8.94886942326e-10, 5.19754517203e-10, 2.36928310304e-10, 1.54277965403e-10, 1.22326176966e-10, 6.03694039203e-11, 6.97792795767e-11, 4.68068743487e-11, 2.38344344261e-11, 3.36400005074e-11, 6.53172377296e-11, 4.1258347433e-11, 1.49741330446e-11, 5.33687503912e-12]
    },
    "mfcc": {
        "mean": [-615.872497559, 85.4688110352, -21.4930763245, 4.94933271408, -25.5709857941, -8.6181640625, -6.45351457596, 0.599198162556, -12.6521730423, -1.58267331123, -5.43653202057, -4.8582444191, -4.48064470291],
        "cov": [[4335.66552734, -125.760986328, -315.963562012, -76.8410568237, -160.529006958, 33.5050354004, 61.0395622253, 22.7265167236, -56.8025512695, 28.5716838837, -56.1494026184, -68.8810501099, -79.4761810303], [-125.760986328, 752.288269043, -3.59355211258, 75.0600662231, -92.7819824219, -36.7610054016, 3.02481651306, 10.2175483704, -45.428855896, -11.2389917374, 18.6417751312, -8.93981170654, 15.4099292755], [-315.963562012, -3.59355211258, 613.046325684, 86.1378479004, 104.895805359, -8.9656047821, -10.7079763412, 11.2546796799, -15.1125888824, -17.5528335571, -6.45110702515, 47.3240089417, 35.5429229736], [-76.8410568237, 75.0600662231, 86.1378479004, 325.814727783, 70.6558380127, -17.4960136414, -47.6797485352, -14.7765321732, -12.034655571, -11.1022882462, -14.0109767914, 18.500207901, 17.0401878357], [-160.529006958, -92.7819824219, 104.895805359, 70.6558380127, 222.733047485, 26.8109855652, -27.4088840485, -15.8749570847, 32.441028595, 13.6866092682, -3.89708995819, 17.429605484, 6.79592752457], [33.5050354004, -36.7610054016, -8.9656047821, -17.4960136414, 26.8109855652, 172.228408813, 83.8841629028, 11.3208179474, 8.89469146729, 18.6159038544, 11.5851306915, -18.2548542023, -12.4399242401], [61.0395622253, 3.02481651306, -10.7079763412, -47.6797485352, -27.4088840485, 83.8841629028, 169.787368774, 51.1057090759, -7.66040468216, 11.0782775879, 2.65767145157, -16.3870944977, -12.5280647278], [22.7265167236, 10.2175483704, 11.2546796799, -14.7765321732, -15.8749570847, 11.3208179474, 51.1057090759, 96.2742080688, 25.3351631165, -1.15977561474, -2.26483011246, -8.5625667572, 2.1331679821], [-56.8025512695, -45.428855896, -15.1125888824, -12.034655571, 32.441028595, 8.89469146729, -7.66040468216, 25.3351631165, 129.086517334, 49.6612434387, -3.58004903793, -21.4024295807, -20.0710678101], [28.5716838837, -11.2389917374, -17.5528335571, -11.1022882462, 13.6866092682, 18.6159038544, 11.0782775879, -1.15977561474, 49.6612434387, 93.8330535889, 17.2057666779, -22.2722072601, -19.9630260468], [-56.1494026184, 18.6417751312, -6.45110702515, -14.0109767914, -3.89708995819, 11.5851306915, 2.65767145157, -2.26483011246, -3.58004903793, 17.2057666779, 75.5020751953, 28.5871696472, -0.988035738468], [-68.8810501099, -8.93981170654, 47.3240089417, 18.500207901, 17.429605484, -18.2548542023, -16.3870944977, -8.5625667572, -21.4024295807, -22.2722072601, 28.5871696472, 95.043006897, 32.893447876], [-79.4761810303, 15.4099292755, 35.5429229736, 17.0401878357, 6.79592752457, -12.4399242401, -12.5280647278, 2.1331679821, -20.0710678101, -19.9630260468, -0.988035738468, 32.893447876, 87.2473297119]],
