{
"lowlevel": {
    "average_loudness": 0.931332170963,
    "barkbands_crest": {
        "dmean": 2.29020380974,
        "dmean2": 3.81539463997,
        "dvar": 4.0620007515,
        "dvar2": 10.3726015091,
        "max": 25.6130771637,
        "mean": 7.6617603302,
        "median": 6.92002773285,
        "min": 2.67641115189,
        "var": 9.72357749939
    },
    "barkbands_flatness_db": {
        "dmean": 0.0170067828149,
        "dmean2": 0.0270795114338,
        "dvar": 0.000207445293199,
        "dvar2": 0.000486107019242,
        "max": 0.298960983753,
        "mean": 0.159241661429,
        "median": 0.156629651785,
        "min": 0.0401982031763,
        "var": 0.000807297357824
    },
    "barkbands_kurtosis": {
        "dmean": 1.00392901897,
        "dmean2": 1.61600196362,
        "dvar": 2.16925811768,
        "dvar2": 5.04762029648,
        "max": 22.5356788635,
        "mean": 0.433673918247,
        "median": -0.354482889175,
        "min": -1.79529476166,
        "var": 5.87579536438
    },
    "barkbands_skewness": {
        "dmean": 0.398822754622,
        "dmean2": 0.615508437157,
        "dvar": 0.129126548767,
        "dvar2": 0.29582631588,
        "max": 4.49090623856,
        "mean": 0.596576929092,
        "median": 0.508030593395,
        "min": -2.1920671463,
        "var": 0.679160833359
    },
    "barkbands_spread": {
        "dmean": 4.45695161819,
        "dmean2": 6.9463019371,
        "dvar": 18.2379570007,
        "dvar2": 41.474319458,
        "max": 67.0290222168,
        "mean": 22.6626911163,
        "median": 22.391040802,
        "min": 2.54019117355,
        "var": 72.9019241333
    },
    "dissonance": {
        "dmean": 0.0157653093338,
        "dmean2": 0.0268164854497,
        "dvar": 0.000212712664506,
        "dvar2": 0.000571257725824,
        "max": 0.500000119209,
        "mean": 0.47341838479,
        "median": 0.477836549282,
        "min": 0.30230435729,
        "var": 0.000372015027096
    },
    "dynamic_complexity": 1.97956073284,
    "erbbands_crest": {
        "dmean": 2.72538638115,
        "dmean2": 4.52560424805,
        "dvar": 6.17180776596,
        "dvar2": 15.9620275497,
        "max": 26.3476009369,
        "mean": 8.8579454422,
        "median": 8.06039905548,
        "min": 2.72309708595,
        "var": 12.8470029831
    },
    "erbbands_flatness_db": {
        "dmean": 0.0155616803095,
        "dmean2": 0.0229997448623,
        "dvar": 0.000169566774275,
        "dvar2": 0.000340484431945,
        "max": 0.334383934736,
        "mean": 0.223042413592,
        "median": 0.222281500697,
        "min": 0.0259039122611,
        "var": 0.000978585099801
    },
    "erbbands_kurtosis": {
        "dmean": 0.770270705223,
        "dmean2": 1.23840522766,
        "dvar": 0.718534469604,
        "dvar2": 1.78076088428,
        "max": 11.2146482468,
        "mean": 0.160437002778,
        "median": -0.177984476089,
        "min": -1.70197987556,
        "var": 1.63332056999
    },
    "erbbands_skewness": {
        "dmean": 0.356515198946,
        "dmean2": 0.557749688625,
        "dvar": 0.0903150588274,
        "dvar2": 0.216728195548,
        "max": 2.78128433228,
        "mean": -0.108641892672,
        "median": -0.0864904895425,
        "min": -2.72236323357,
        "var": 0.48776859045
    },
    "erbbands_spread": {
        "dmean": 5.98597621918,
        "dmean2": 9.22349262238,
        "dvar": 30.3402996063,
        "dvar2": 71.9242477417,
        "max": 95.2898864746,
        "mean": 29.3360519409,
        "median": 28.1217765808,
        "min": 5.84407663345,
        "var": 118.714614868
    },
    "hfc": {
        "dmean": 6.54584598541,
        "dmean2": 9.47429943085,
        "dvar": 51.9227561951,
        "dvar2": 104.855484009,
        "max": 171.056503296,
        "mean": 25.3824501038,
        "median": 23.3814849854,
        "min": 1.13909626021e-16,
        "var": 278.250579834
    },
    "melbands_crest": {
        "dmean": 3.02065062523,
        "dmean2": 5.03103590012,
        "dvar": 7.04530000687,
        "dvar2": 17.9710769653,
        "max": 38.7468643188,
        "mean": 10.2493648529,
        "median": 9.40341854095,
        "min": 1.03871715069,
        "var": 16.909740448
    },
    "melbands_flatness_db": {
        "dmean": 0.0194190982729,
        "dmean2": 0.029350489378,
        "dvar": 0.000309170951368,
        "dvar2": 0.000640339276288,
        "max": 0.36569583416,
        "mean": 0.160219550133,
        "median": 0.155152469873,
        "min": 2.02844985324e-05,
        "var": 0.00183566485066
    },
    "melbands_kurtosis": {
        "dmean": 2.15468144417,
        "dmean2": 3.41415739059,
        "dvar": 10.6797428131,
        "dvar2": 24.8775005341,
        "max": 81.2207565308,
        "mean": 3.05861115456,
        "median": 1.4267988205,
        "min": -1.75982642174,
        "var": 26.1186351776
    },
    "melbands_skewness": {
        "dmean": 0.468371391296,
        "dmean2": 0.727655172348,
        "dvar": 0.196796059608,
        "dvar2": 0.455304682255,
        "max": 8.2104139328,
        "mean": 1.35967993736,
        "median": 1.24295282364,
        "min": -1.11297047138,
        "var": 0.868134498596
    },
    "melbands_spread": {
        "dmean": 7.83476829529,
        "dmean2": 12.2146730423,
        "dvar": 63.5761566162,
        "dvar2": 141.450668335,
        "max": 140.91506958,
        "mean": 34.5924606323,
        "median": 32.5994491577,
        "min": 2.8931889534,
        "var": 274.26763916
    },
    "pitch_salience": {
        "dmean": 0.063820168376,
        "dmean2": 0.10481595248,
        "dvar": 0.00273687392473,
        "dvar2": 0.00711631588638,
        "max": 0.997817695141,
        "mean": 0.598052322865,
        "median": 0.599112212658,
        "min": 0.051661092788,
        "var": 0.007732947357
    },
    "silence_rate_20dB": {
        "dmean": 0,
        "dmean2": 0,
        "dvar": 0,
        "dvar2": 0,
        "max": 1,
        "mean": 1,
        "median": 1,
        "min": 1,
        "var": 0
    },
    "silence_rate_30dB": {
        "dmean": 0.00026852847077,
        "dmean2": 0.000537129060831,
        "dvar": 0.000268457311904,
        "dvar2": 0.000805408752058,
        "max": 1,
        "mean": 0.99986577034,
        "median": 1,
        "min": 0,
        "var": 0.000134227826493
    },
    "silence_rate_60dB": {
        "dmean": 0.00107411388308,
        "dmean2": 0.00214851624332,
        "dvar": 0.00107294006739,
        "dvar2": 0.00268101249821,
        "max": 1,
        "mean": 0.0124848969281,
        "median": 0,
        "min": 0,
        "var": 0.0123288752511
    },
    "spectral_centroid": {
        "dmean": 243.464187622,
        "dmean2": 374.812103271,
        "dvar": 65015.1367188,
        "dvar2": 141536.84375,
        "max": 11457.6289062,
        "mean": 1662.36523438,
        "median": 1695.31689453,
        "min": 286.332061768,
        "var": 357732.75
    },
    "spectral_complexity": {
        "dmean": 3.69199776649,
        "dmean2": 5.62938117981,
        "dvar": 11.202580452,
        "dvar2": 23.3145923615,
        "max": 60,
        "mean": 24.4236812592,
        "median": 24,
        "min": 0,
        "var": 66.1987228394
    },
    "spectral_decrease": {
        "dmean": 1.42820111293e-09,
        "dmean2": 2.1757888824e-09,
        "dvar": 2.55880381559e-18,
        "dvar2": 5.36885050736e-18,
        "max": 4.4505273879e-29,
        "mean": -5.18612663925e-09,
        "median": -4.87963625062e-09,
        "min": -2.74763056751e-08,
        "var": 7.29450133079e-18
    },
    "spectral_energy": {
        "dmean": 0.00584791880101,
        "dmean2": 0.00886311475188,
        "dvar": 4.17332084908e-05,
        "dvar2": 8.6273495981e-05,
        "max": 0.119217291474,
        "mean": 0.0218759272248,
        "median": 0.0207938291132,
        "min": 1.0512927595e-20,
        "var": 0.00012908539793
    },
    "spectral_energyband_high": {
        "dmean": 0.000264822388999,
        "dmean2": 0.000389292166801,
        "dvar": 2.33044190168e-07,
        "dvar2": 5.07640891101e-07,
        "max": 0.0119076538831,
        "mean": 0.000628276728094,
        "median": 0.000432962609921,
        "min": 7.37646954635e-21,
        "var": 5.29316480424e-07
    },
    "spectral_energyband_low": {
        "dmean": 0.00104654231109,
        "dmean2": 0.00169172440656,
        "dvar": 2.23239271691e-06,
        "dvar2": 5.57054454475e-06,
        "max": 0.0234568044543,
        "mean": 0.00189352489542,
        "median": 0.00124696874991,
        "min": 5.56528494423e-23,
        "var": 4.44841680292e-06
    },
    "spectral_energyband_middle_high": {
        "dmean": 0.00302935787477,
        "dmean2": 0.00449577625841,
        "dvar": 1.25588758237e-05,
        "dvar2": 2.70039363386e-05,
        "max": 0.0786684453487,
        "mean": 0.0099216895178,
        "median": 0.00798387173563,
        "min": 1.60611222022e-21,
        "var": 6.64546314511e-05
    },
    "spectral_energyband_middle_low": {
        "dmean": 0.00416284566745,
        "dmean2": 0.00660045491531,
        "dvar": 2.72611978289e-05,
        "dvar2": 6.23689193162e-05,
        "max": 0.0797387436032,
        "mean": 0.0103386519477,
        "median": 0.00855835899711,
        "min": 2.18325169373e-22,
        "var": 5.62884415558e-05
    },
    "spectral_entropy": {
        "dmean": 0.118325777352,
        "dmean2": 0.172791883349,
        "dvar": 0.0115407677367,
        "dvar2": 0.0219733025879,
        "max": 9.80278396606,
        "mean": 7.49158430099,
        "median": 7.49874687195,
        "min": 6.20418262482,
        "var": 0.0663733035326
    },
    "spectral_flux": {
        "dmean": 0.0180498752743,
        "dmean2": 0.0279699116945,
        "dvar": 0.000314711272949,
        "dvar2": 0.000688829983119,
        "max": 0.26081314683,
        "mean": 0.0872747525573,
        "median": 0.0849099159241,
        "min": 6.50352757758e-11,
        "var": 0.000961380894296
    },
    "spectral_kurtosis": {
        "dmean": 2.26289844513,
        "dmean2": 4.00683784485,
        "dvar": 4.66963005066,
        "dvar2": 14.0519227982,
        "max": 31.7131271362,
        "mean": 3.59922146797,
        "median": 2.92366504669,
        "min": -1.20905077457,
        "var": 7.38780784607
    },
    "spectral_rms": {
        "dmean": 0.000611087132711,
        "dmean2": 0.000910615548491,
        "dvar": 3.69850852167e-07,
        "dvar2": 7.28040447484e-07,
        "max": 0.0107846902683,
        "mean": 0.00445367861539,
        "median": 0.00450407201424,
        "min": 3.20257947765e-12,
        "var": 1.50712173763e-06
    },
    "spectral_rolloff": {
        "dmean": 371.805084229,
        "dmean2": 611.210510254,
        "dvar": 282555.5,
        "dvar2": 562785.5,
        "max": 19401.4160156,
        "mean": 2010.59277344,
        "median": 2088.72070312,
        "min": 21.533203125,
        "var": 930133.8125
    },
    "spectral_skewness": {
        "dmean": 0.256945192814,
        "dmean2": 0.43445238471,
        "dvar": 0.0502321757376,
        "dvar2": 0.140269219875,
        "max": 4.17494916916,
        "mean": 1.15776717663,
        "median": 1.1103156805,
        "min": -0.210347443819,
        "var": 0.148008212447
    },
    "spectral_spread": {
        "dmean": 291368.5625,
        "dmean2": 431577.25,
        "dvar": 228118200320,
        "dvar2": 412491022336,
        "max": 40953584,
        "mean": 3067309.75,
        "median": 2988038.25,
        "min": 1511126.25,
        "var": 1.21696590234e+12
    },
    "spectral_strongpeak": {
        "dmean": 1.0463193655,
        "dmean2": 1.76978337765,
        "dvar": 1.92498743534,
        "dvar2": 4.87307882309,
        "max": 17.2125778198,
        "mean": 1.65834903717,
        "median": 0.926663100719,
        "min": 0,
        "var": 3.25068569183
    },
    "zerocrossingrate": {
        "dmean": 0.00733280694112,
        "dmean2": 0.00885574426502,
        "dvar": 9.19614249142e-05,
        "dvar2": 0.00010400931933,
        "max": 0.69921875,
        "mean": 0.0687731280923,
        "median": 0.068359375,
        "min": 0.00341796875,
        "var": 0.000677205563989
    },
    "barkbands": {
        "dmean": [2.16925527639e-05, 0.000480900984257, 0.000465403922135, 0.000908581656404, 0.0019357772544, 0.00112962163985, 0.000866267830133, 0.000875706842635, 0.000797291577328, 0.00111356307752, 0.000548813783098, 0.000509368546773, 0.00043893509428, 0.000613527954556, 0.00058538041776, 0.000852714816574, 0.000702802382875, 0.000332479423378, 0.00030599971069, 0.000181701441761, 9.89084874163e-05, 7.04976118868e-05, 5.08168486704e-05, 2.54177357419e-05, 9.03454747458e-07, 1.29026245244e-09, 8.66566873814e-10],
        "dmean2": [3.7658472138e-05, 0.000803765142336, 0.000786742079072, 0.00154615170322, 0.0031740795821, 0.00184154987801, 0.0014193339739, 0.00139690609649, 0.00130040373188, 0.00175270228647, 0.000898365397006, 0.000820287328679, 0.000717591843568, 0.000998094910756, 0.000917293480597, 0.00136970286258, 0.0011380687356, 0.000537641055416, 0.000491165672429, 0.000284587760689, 0.000157128335559, 0.000107450068754, 7.62481868151e-05, 3.7165984395e-05, 1.37766539865e-06, 2.19659690437e-09, 1.60562674267e-09],
        "dvar": [1.6066832309e-09, 5.28766122443e-07, 6.22861762167e-07, 2.90691468763e-06, 7.36254560252e-06, 2.68360145128e-06, 2.78996162706e-06, 3.72577665075e-06, 3.06541664941e-06, 5.291254638e-06, 1.86047236639e-06, 9.62016429185e-07, 1.16121043447e-06, 1.31238994072e-06, 1.37367646857e-06, 2.07638663596e-06, 1.07490973278e-06, 4.64398539179e-07, 3.00788286722e-07, 7.6132614879e-08, 4.71284025139e-08, 2.53325325161e-08, 1.47136161033e-08, 2.20592033529e-09, 3.41247256147e-12, 4.15294008825e-18, 1.34477647315e-18],
        "dvar2": [4.4911487862e-09, 1.35243010391e-06, 1.65014341746e-06, 7.740502042e-06, 1.86334054888e-05, 6.64243771098e-06, 6.87736883265e-06, 8.63598324941e-06, 7.6231285675e-06, 1.22914007079e-05, 4.80162043459e-06, 2.34940034716e-06, 2.73256137007e-06, 3.28243731929e-06, 3.12204588226e-06, 5.19764489582e-06, 2.75344063994e-06, 1.24825430703e-06, 7.26591736111e-07, 1.7698458521e-07, 1.20610351928e-07, 5.7949304022e-08, 3.35727960987e-08, 4.7881125731e-09, 8.20324363993e-12, 1.11629231348e-17, 4.27673263e-18],
        "max": [0.000825486902613, 0.0167795233428, 0.0153505820781, 0.0302863158286, 0.0540287233889, 0.0307758636773, 0.0408654548228, 0.0558237284422, 0.0408646166325, 0.0512881837785, 0.0375696830451, 0.0322090014815, 0.0320018827915, 0.0221352558583, 0.0266126543283, 0.0204503200948, 0.0188143067062, 0.0278575662524, 0.0140278805047, 0.00517110154033, 0.0051015811041, 0.00419281935319, 0.00291981874034, 0.000979046686552, 6.08615810052e-05, 5.16000646655e-08, 1.28763621987e-08],
        "mean": [2.28203880397e-05, 0.000701657263562, 0.000611560302787, 0.00112582161091, 0.00298391841352, 0.00182745140046, 0.0013576959027, 0.00128438149113, 0.00115631392691, 0.00181090226397, 0.000809755874798, 0.000781729060691, 0.000671076355502, 0.000991464941762, 0.000993642490357, 0.00154077145271, 0.00123067537788, 0.000591286399867, 0.000576483027544, 0.000348664761987, 0.000182559990208, 0.000137804963742, 9.22208928387e-05, 4.39025388914e-05, 1.34321521728e-06, 1.64380298262e-09, 7.24246940198e-10],
        "median": [8.55713915371e-06, 0.000383656064514, 0.000310798059218, 0.000488297839183, 0.00192176189739, 0.00108756264672, 0.000721989024896, 0.000597979407758, 0.00054395198822, 0.000568605959415, 0.000283662957372, 0.000368865818018, 0.000251148594543, 0.000389000400901, 0.000353078066837, 0.000599471270107, 0.000706318533048, 0.000320920691593, 0.000310647272272, 0.000223383001867, 0.000111725152237, 7.79673937359e-05, 4.89075209771e-05, 1.93628475245e-05, 4.27440653539e-07, 8.99850360891e-10, 3.2260544236e-10],
        "min": [1.45994813134e-24, 2.36370984202e-23, 1.21515376534e-23, 3.29390981178e-24, 8.60055049715e-24, 3.09442838531e-23, 4.50628524845e-23, 3.42878771108e-23, 4.28717219005e-23, 2.14097007449e-23, 2.42960749551e-23, 4.30978630785e-23, 3.2001556259e-23, 8.62157127369e-23, 8.20752532135e-23, 1.57015795965e-22, 1.04174295327e-22, 1.98650801691e-22, 1.97923156392e-22, 2.65074808421e-22, 2.92354703996e-22, 3.209706144e-22, 5.17384711435e-22, 6.19401061979e-22, 1.03435563062e-21, 1.63806489866e-21, 2.25376283298e-21],
        "var": [1.74173531153e-09, 9.12352277282e-07, 7.96579627149e-07, 3.31389651365e-06, 1.12145035018e-05, 5.19174045621e-06, 4.99582938573e-06, 5.75097465116e-06, 4.6976356316e-06, 1.33445801112e-05, 3.49938068211e-06, 1.80009078576e-06, 2.04690445571e-06, 2.68431222139e-06, 3.32599825015e-06, 5.15683359481e-06, 2.22974176722e-06, 7.50267304284e-07, 6.50282515835e-07, 1.66958244563e-07, 6.48081552868e-08, 4.44209966588e-08, 2.33897008428e-08, 4.53419435331e-09, 7.18609850445e-12, 5.97155374041e-18, 1.08796119138e-18]
    },
    "erbbands": {
        "dmean": [0.00997942406684, 0.124819286168, 0.44728076458, 1.78465437889, 4.7475566864, 7.1119017601, 11.2836503983, 8.26326084137, 10.7566289902, 14.668680191, 18.8180103302, 17.5720500946, 33.7082138062, 21.8918209076, 21.4559574127, 20.1110992432, 18.4853687286, 25.2763576508, 29.8170089722, 36.6900901794, 36.7178268433, 36.3773841858, 18.8436355591, 15.7584114075, 12.6770563126, 7.94698810577, 4.68182754517, 3.5495865345, 2.77707529068, 2.20921039581, 1.26627790928, 0.778107464314, 0.251873135567, 0.0269682966173, 0.000808899232652, 5.83264700253e-05, 1.04007885966e-05, 3.06321271637e-06, 3.62229093298e-06, 7.11881284587e-06],
        "dmean2": [0.0167496837676, 0.209103107452, 0.749746918678, 2.98024582863, 7.98050308228, 11.8207902908, 18.2920036316, 13.6457042694, 17.6855621338, 23.7471504211, 30.0565357208, 28.557062149, 53.8429832458, 34.7190818787, 35.0055885315, 32.4485549927, 29.9405460358, 40.5506706238, 47.6763496399, 58.3621406555, 57.8144645691, 58.8755111694, 30.123960495, 25.3197898865, 19.9707260132, 12.4600629807, 7.36187791824, 5.69425868988, 4.28364419937, 3.33719086647, 1.87545073032, 1.14477431774, 0.367418438196, 0.0389725714922, 0.0011547828326, 8.14984159661e-05, 1.43891329571e-05, 4.25969165008e-06, 5.28099144503e-06, 1.06657407741e-05],
        "dvar": [0.000242987633101, 0.036757491529, 0.539213478565, 9.57168197632, 77.8841247559, 119.032562256, 338.122955322, 154.061035156, 434.803344727, 991.534362793, 1913.26513672, 1615.18664551, 4718.46777344, 1790.25427246, 2722.95410156, 1485.27185059, 1838.2487793, 2609.91772461, 3504.50830078, 3906.03588867, 3260.93310547, 3176.55053711, 1316.53527832, 809.586242676, 740.860412598, 159.257659912, 68.1500167847, 105.046546936, 38.4250717163, 25.3860187531, 9.42113876343, 2.05941224098, 0.213255211711, 0.00242192693986, 2.10964094549e-06, 9.69159241748e-09, 2.59387650248e-10, 2.06864230606e-11, 1.62477045706e-11, 5.99999147588e-11],
        "dvar2": [0.000648772984277, 0.0927852243185, 1.41064071655, 25.0991954803, 199.980377197, 309.29876709, 786.602233887, 401.2315979, 1061.97131348, 2419.98217773, 4397.00634766, 4043.40771484, 11441.5683594, 4320.47705078, 6932.31884766, 3613.37280273, 4384.93603516, 6244.26220703, 8625.578125, 9473.3359375, 7950.30761719, 8180.20410156, 3454.26513672, 2071.39477539, 1720.98071289, 375.938232422, 167.589355469, 277.649597168, 91.3919143677, 57.7184486389, 21.5917434692, 4.45454359055, 0.461125224829, 0.00495623517781, 4.21668573836e-06, 1.87531021822e-08, 4.96957752727e-10, 4.05060499031e-11, 3.13335156432e-11, 1.20937454495e-10],
        "max": [0.374372720718, 4.4513001442, 15.4679574966, 42.8724250793, 157.889556885, 223.745269775, 451.348358154, 215.35798645, 658.700012207, 831.361999512, 1583.45861816, 991.366271973, 1220.76025391, 843.299682617, 1303.171875, 1328.27258301, 1006.50683594, 1320.85546875, 1193.09619141, 1013.95233154, 1126.47387695, 1217.01086426, 1388.07543945, 596.958984375, 960.078857422, 276.58505249, 170.560714722, 313.585083008, 154.551239014, 127.419036865, 75.5013504028, 25.557056427, 9.87060070038, 1.34011888504, 0.0359870754182, 0.00214981753379, 0.000319438171573, 0.000100744182419, 8.74270263012e-05, 0.000156716021593],
        "mean": [0.0143059855327, 0.178431466222, 0.627993583679, 2.53995084763, 5.95425605774, 10.3831768036, 17.2020263672, 12.9998216629, 17.1934757233, 23.1145343781, 28.3250789642, 26.4285125732, 55.7223205566, 37.2903594971, 34.8988685608, 32.1659202576, 31.0714454651, 44.5118865967, 54.2456741333, 73.7426223755, 73.8433761597, 67.4942169189, 36.5557250977, 31.418006897, 25.0341529846, 15.9074573517, 9.44069766998, 6.34334135056, 5.26814365387, 4.08100986481, 2.28783869743, 1.36352682114, 0.435875833035, 0.0484781786799, 0.00153682392556, 0.000133353183628, 3.05068369926e-05, 9.67874348135e-06, 1.45417088788e-05, 2.7694457458e-05],
        "median": [0.00767103536054, 0.094813555479, 0.361435443163, 1.21701824665, 3.07738018036, 6.04532337189, 8.3407535553, 8.25409793854, 9.55111980438, 11.9486370087, 13.9183664322, 14.1676216125, 19.2904930115, 16.595954895, 13.2958889008, 16.6772270203, 13.6894102097, 20.6863384247, 23.1212844849, 31.1355056763, 36.9050750732, 39.0034790039, 22.3302135468, 16.0875644684, 15.3354463577, 10.7132511139, 5.86753845215, 3.73210191727, 2.86419010162, 2.38094305992, 1.18339300156, 0.661215722561, 0.172457501292, 0.01745538041, 0.000612351985183, 7.33274137019e-05, 2.31671256188e-05, 8.03465354693e-06, 1.39664862218e-05, 2.65627440967e-05],
        "min": [9.38369963921e-22, 4.95754503873e-21, 1.52351191508e-20, 1.07923538912e-20, 1.39042356284e-20, 3.34199837529e-20, 1.57608396052e-19, 2.53985807084e-19, 5.0914233323e-19, 4.33498243025e-19, 8.28212778861e-19, 1.08476961839e-18, 1.07391432041e-18, 9.72350913454e-19, 8.84127965222e-19, 2.32361217241e-18, 1.67509481735e-18, 3.28018265113e-18, 4.51139797952e-18, 5.98862881621e-18, 7.58351079219e-18, 7.83037953728e-18, 1.13049202674e-17, 1.25895226598e-17, 1.12523272969e-17, 1.12988983926e-17, 1.29670404467e-17, 1.30923310125e-17, 1.0783445757e-17, 1.63961474545e-17, 1.54382905032e-17, 1.12847701477e-17, 1.34624554592e-17, 9.17925799909e-18, 7.45966200215e-18, 5.97484095617e-18, 2.65504979538e-18, 1.06015830683e-18, 3.29186890373e-19, 2.86677632791e-20],
        "var": [0.000407490588259, 0.0619464963675, 0.684206783772, 13.7702245712, 81.9937133789, 169.250137329, 721.877319336, 239.673278809, 778.851135254, 1429.86987305, 2899.90698242, 2173.13891602, 10599.9921875, 3848.88500977, 5158.68261719, 2720.96679688, 3461.39355469, 5509.92578125, 8097.66650391, 11992.0507812, 9086.015625, 6709.90966797, 2353.81811523, 2042.64440918, 1444.45239258, 328.209625244, 135.586166382, 115.059890747, 64.8327560425, 41.250202179, 14.9555873871, 4.12954854965, 0.505526304245, 0.00716114230454, 6.34052275927e-06, 3.03692253567e-08, 8.31719193517e-10, 6.9526419344e-11, 6.40653780026e-11, 2.09842754284e-10]
    },
    "gfcc": {
        "mean": [-21.7473239899, 136.691864014, -187.103729248, 53.3822212219, -72.5040893555, 0.97054207325, -30.9993743896, -17.039018631, 3.58164787292, -29.1810894012, 3.52447581291, -17.7175388336, 3.73648762703],
        "cov": [[3602.1574707, -284.480102539, -471.22277832, 256.628967285, -234.11882019, 39.3013725281, -126.703147888, 39.2984733582, -56.2220191956, -78.9921035767, -45.2340698242, -90.4452438354, 13.548948288], [-284.480102539, 620.013183594, 193.480300903, -65.7914505005, 135.352279663, -120.239982605, 52.264251709, -70.6465377808, 50.0586700439, -30.459280014, 12.1554317474, -10.3166055679, -33.4237937927], [-471.22277832, 193.480300903, 454.823944092, 94.924697876, -44.2007331848, 51.5730743408, -31.5485668182, -1.6008245945, -14.8354940414, -0.955486297607, 16.135471344, -9.45421981812, -29.0853614807], [256.628967285, -65.7914505005, 94.924697876, 271.789093018, 33.9417724609, -11.5547180176, -4.40015363693, 39.1069412231, -2.31788468361, -3.12313365936, -16.0697364807, 4.09077692032, -17.3289890289], [-234.11882019, 135.352279663, -44.2007331848, 33.9417724609, 226.268600464, -50.1664161682, 57.5642051697, 14.7838439941, 40.0121307373, -7.94079303741, -17.6256656647, 12.3856048584, 4.51380777359], [39.3013725281, -120.239982605, 51.5730743408, -11.5547180176, -50.1664161682, 231.829177856, 33.1017494202, 28.8302001953, -36.2913246155, 17.8034877777, 18.9817905426, -9.75714683533, 10.1342115402], [-126.703147888, 52.264251709, -31.5485668182, -4.40015363693, 57.5642051697, 33.1017494202, 138.199493408, 24.2867984772, 8.50355911255, 9.40784263611, 4.79316711426, 13.854631424, -8.7994594574], [39.2984733582, -70.6465377808, -1.6008245945, 39.1069412231, 14.7838439941, 28.8302001953, 24.2867984772, 108.140830994, 24.5916118622, 1.48601365089, 0.216577365994, -2.03069710732, 13.1788072586], [-56.2220191956, 50.0586700439, -14.8354940414, -2.31788468361, 40.0121307373, -36.2913246155, 8.50355911255, 24.5916118622, 95.2890853882, 31.1496086121, -10.6514205933, 7.93473434448, -2.01215958595], [-78.9921035767, -30.459280014, -0.955486297607, -3.12313365936, -7.94079303741, 17.8034877777, 9.40784263611, 1.48601365089, 31.1496086121, 79.2017288208, 37.4852409363, 0.571698784828, -7.80376052856], [-45.2340698242, 12.1554317474, 16.135471344, -16.0697364807, -17.6256656647, 18.9817905426, 4.79316711426, 0.216577365994, -10.6514205933, 37.4852409363, 73.0028686523, 24.4441223145, -5.05734348297], [-90.4452438354, -10.3166055679, -9.45421981812, 4.09077692032, 12.3856048584, -9.75714683533, 13.854631424, -2.03069710732, 7.93473434448, 0.571698784828, 24.4441223145, 68.0064544678, 25.69480896], [13.548948288, -33.4237937927, -29.0853614807, -17.3289890289, 4.51380777359, 10.1342115402, -8.7994594574, 13.1788072586, -2.01215958595, -7.80376052856, -5.05734348297, 25.69480896, 69.1968841553]],
        "icov": [[0.000814537110273, -0.00123147119302, 0.0021670893766, -0.00204407400452, 0.00180318916682, -0.00105509790592, 0.00109303521458, -0.000487971032271, -2.55327977357e-05, 0.000652620976325, -0.000208823810681, 0.000799281755462, -0.000325698871166], [-0.00123147119302, 0.00877486355603, -0.00744271744043, 0.00473774643615, -0.00580204091966, 0.00466834008694, -0.00670488411561, 0.00767387496307, -0.00832127034664, 0.0090587195009, -0.0102404430509, 0.00731635466218, -0.00276725389995], [0.0021670893766, -0.00744271744043, 0.0109697319567, -0.00758228916675, 0.00703315529972, -0.0055147651583, 0.00647913711146, -0.00484676240012, 0.00405478011817, -0.00304620154202, 0.00432166736573, -0.00248407758772, 0.00180123141035], [-0.00204407400452, 0.00473774643615, -0.00758228916675, 0.0108017930761, -0.00646647252142, 0.00400881282985, -0.00266805035062, -0.000523827038705, 0.00149895530194, -0.00257011898793, 0.00255230860785, -0.00366617413238, 0.00310355611145], [0.00180318916682, -0.00580204091966, 0.00703315529972, -0.00646647252142, 0.0115008326247, -0.00264227087609, 0.00161190750077, -0.00328149832785, 0.000613712298218, -0.000840173568577, 0.0032453883905, -0.000926040869672, -0.000847904011607], [-0.00105509790592, 0.00466834008694, -0.0055147651583, 0.00400881282985, -0.00264227087609, 0.00881204195321, -0.00557847041637, 0.00160804495681, -0.000332661962602, 0.000852954748552, -0.00374347087927, 0.00354511709884, -0.00248990161344], [0.00109303521458, -0.00670488411561, 0.00647913711146, -0.00266805035062, 0.00161190750077, -0.00557847041637, 0.0155874565244, -0.00877341162413, 0.00842116400599, -0.0093581462279, 0.0105609605089, -0.0102828880772, 0.00674721691757], [-0.000487971032271, 0.00767387496307, -0.00484676240012, -0.000523827038705, -0.00328149832785, 0.00160804495681, -0.00877341162413, 0.0214735120535, -0.0164858549833, 0.0161182023585, -0.017511177808, 0.0145950987935, -0.00895407889038], [-2.55327977357e-05, -0.00832127034664, 0.00405478011817, 0.00149895530194, 0.000613712298218, -0.000332661962602, 0.00842116400599, -0.0164858549833, 0.0329062156379, -0.0285009015352, 0.0274124741554, -0.0202516000718, 0.00955083407462], [0.000652620976325, 0.0090587195009, -0.00304620154202, -0.00257011898793, -0.000840173568577, 0.000852954748552, -0.0093581462279, 0.0161182023585, -0.0285009015352, 0.0446545816958, -0.0367790274322, 0.0244157407433, -0.00955327134579], [-0.000208823810681, -0.0102404430509, 0.00432166736573, 0.00255230860785, 0.0032453883905, -0.00374347087927, 0.0105609605089, -0.017511177808, 0.0274124741554, -0.0367790274322, 0.0505505278707, -0.0318069718778, 0.0147195253521], [0.000799281755462, 0.00731635466218, -0.00248407758772, -0.00366617413238, -0.000926040869672, 0.00354511709884, -0.0102828880772, 0.0145950987935, -0.0202516000718, 0.0244157407433, -0.0318069718778, 0.0404724813998, -0.0183195192367], [-0.000325698871166, -0.00276725389995, 0.00180123141035, 0.00310355611145, -0.000847904011607, -0.00248990161344, 0.00674721691757, -0.00895407889038, 0.00955083407462, -0.00955327134579, 0.0147195253521, -0.0183195192367, 0.0247749984264]]
    },
    "melbands": {
        "dmean": [0.000109996210085, 0.000203548872378, 0.0003878903226, 0.000399061798817, 0.000371964531951, 0.00018879189156, 0.000168242928339, 0.000163659395184, 0.000152064792928, 0.00011552869546, 0.000175567853148, 9.82993806247e-05, 7.3591072578e-05, 5.60756379855e-05, 4.78860092699e-05, 4.7398640163e-05, 5.12835649715e-05, 5.31978148501e-05, 4.64181721327e-05, 6.79732766002e-05, 4.23588498961e-05, 4.50760016975e-05, 2.36829910136e-05, 1.53756864165e-05, 1.39438425322e-05, 1.13091164167e-05, 7.96624135546e-06, 5.55182077733e-06, 3.53988662027e-06, 2.67162386081e-06, 1.94871950043e-06, 1.70757823525e-06, 1.40796691994e-06, 1.29053717046e-06, 8.31019633551e-07, 5.80441167131e-07, 5.01957686083e-07, 2.2021428947e-07, 6.98537476751e-08, 8.12856537635e-09],
        "dmean2": [0.00018337162328, 0.000338152487529, 0.000649266818073, 0.000661427096929, 0.00060662283795, 0.000310680974508, 0.000276052742265, 0.000264832866378, 0.000244246301008, 0.000188295263797, 0.000280234758975, 0.000155363755766, 0.000120138160128, 9.07486537471e-05, 7.77811364969e-05, 7.70651895436e-05, 8.27387993922e-05, 8.55843027239e-05, 7.17708680895e-05, 0.00010838307935, 6.67163039907e-05, 7.3305600381e-05, 3.83098231396e-05, 2.51708570431e-05, 2.26061783906e-05, 1.80259066838e-05, 1.2565958059e-05, 8.88654813025e-06, 5.62465538678e-06, 4.29513374911e-06, 3.14567068926e-06, 2.67259815701e-06, 2.16640160033e-06, 1.99410465029e-06, 1.25735971324e-06, 8.82611743691e-07, 7.57118925776e-07, 3.29914684016e-07, 1.05238406434e-07, 1.23879253522e-08],
        "dvar": [2.71884061931e-08, 9.82388783655e-08, 5.02234343003e-07, 3.51385381236e-07, 3.34759079124e-07, 7.47041113414e-08, 1.01196036439e-07, 1.26735045569e-07, 1.24599765172e-07, 7.02224127735e-08, 1.29527322201e-07, 3.92730861165e-08, 3.79460338706e-08, 1.15603828732e-08, 1.08715498826e-08, 1.56677977259e-08, 1.02135757629e-08, 1.13514841971e-08, 8.26858137515e-09, 1.56501673843e-08, 4.74405670303e-09, 5.00652230784e-09, 1.34315525369e-09, 1.73437852968e-09, 7.07036373893e-10, 6.82748413361e-10, 1.86730922391e-10, 8.04266583887e-11, 4.00311589432e-11, 3.45139125613e-11, 3.34744350294e-11, 1.38070067532e-11, 1.08779990224e-11, 9.24862877255e-12, 4.30618084593e-12, 1.39108581425e-12, 1.01380123914e-12, 1.74705220993e-13, 1.7577437986e-14, 3.236472128e-16],
        "dvar2": [7.04825993125e-08, 2.51446977018e-07, 1.31657043312e-06, 8.82613505837e-07, 8.07025401173e-07, 1.94173210843e-07, 2.45284780931e-07, 3.02856335566e-07, 2.91362880489e-07, 1.7171900879e-07, 3.11989083457e-07, 9.17272728884e-08, 9.57485895015e-08, 2.9597950757e-08, 2.69623541271e-08, 3.64841632461e-08, 2.46709657148e-08, 2.88406827309e-08, 1.85931643415e-08, 3.91340684303e-08, 1.13301918958e-08, 1.29016308748e-08, 3.22889426307e-09, 4.80717243789e-09, 1.81272785671e-09, 1.65116409434e-09, 4.39117797679e-10, 1.96156271781e-10, 1.00326774666e-10, 9.06197547557e-11, 8.8267809728e-11, 3.32033602002e-11, 2.58977995299e-11, 2.21071251583e-11, 1.01509469233e-11, 3.30369694275e-12, 2.34114724135e-12, 3.90168962677e-13, 3.96216500093e-14, 7.70006735646e-16],
        "max": [0.00374525366351, 0.00579940341413, 0.0123329358175, 0.0106185851619, 0.0129831219092, 0.00433864397928, 0.00963385403156, 0.00798667781055, 0.012811165303, 0.0066234250553, 0.00683436682448, 0.00406422978267, 0.0059219347313, 0.00272091734223, 0.00374334375374, 0.00397398369387, 0.00223642913625, 0.00218971725553, 0.00186044129077, 0.00182292435784, 0.00152677402366, 0.00126777822152, 0.000794602208771, 0.0022461512126, 0.000594007375184, 0.000807872682344, 0.000273147627013, 0.00015916065604, 0.000134465866722, 0.000150825813762, 0.00017381356156, 9.62327394518e-05, 9.63312995736e-05, 7.30776519049e-05, 5.06091309944e-05, 2.03916770261e-05, 2.18821023736e-05, 8.53955407365e-06, 3.36970538228e-06, 5.23685685039e-07],
        "mean": [0.000163463948411, 0.000305032444885, 0.000529755896423, 0.000569527968764, 0.000583223474678, 0.000304373999825, 0.00027105686604, 0.000255920138443, 0.000222358197789, 0.000168018319528, 0.000287733710138, 0.000161543575814, 0.000113300862722, 8.83388493094e-05, 7.39868628443e-05, 7.18509691069e-05, 8.48782219691e-05, 8.8126733317e-05, 8.02466893219e-05, 0.000122268844279, 7.72785133449e-05, 7.73345527705e-05, 4.07420666306e-05, 2.66821480182e-05, 2.55189424934e-05, 1.99830010388e-05, 1.41854961839e-05, 9.99243184197e-06, 6.47632987238e-06, 4.55244799014e-06, 3.18932211485e-06, 3.04611603497e-06, 2.48808441938e-06, 2.20770493797e-06, 1.39277051403e-06, 9.75918510449e-07, 7.96909546352e-07, 3.50549782979e-07, 1.13345734576e-07, 1.17232108465e-08],
        "median": [9.26648572204e-05, 0.000188335572602, 0.000278932711808, 0.000345705775544, 0.000312098651193, 0.00019643009, 0.000150667648995, 0.000133438734338, 0.000106916115328, 8.09023113106e-05, 9.32178154471e-05, 6.15186436335e-05, 3.9303828089e-05, 4.2226180085e-05, 3.3637334127e-05, 2.4802327971e-05, 3.60599296982e-05, 3.20915823977e-05, 2.90478947136e-05, 4.4152886403e-05, 3.58205761586e-05, 4.09769272665e-05, 2.38960892602e-05, 1.41216150951e-05, 1.07405367089e-05, 1.01950045064e-05, 8.04607861937e-06, 6.06000321568e-06, 3.46032106791e-06, 2.70961368187e-06, 1.62267349424e-06, 1.5700647964e-06, 1.32952641252e-06, 1.24593429973e-06, 6.91116383678e-07, 4.65327815391e-07, 3.45915083244e-07, 1.30457422642e-07, 3.67135442048e-08, 3.34555338988e-09],
        "min": [8.733301588e-24, 7.61883439984e-24, 2.02817440353e-24, 1.49899802805e-24, 4.38928794654e-24, 6.00287807905e-24, 7.85308585679e-24, 4.22999286951e-24, 6.09315571547e-24, 6.66278941412e-24, 4.92711911222e-24, 3.63158113061e-24, 2.88964167204e-24, 4.40433310172e-24, 3.91014172131e-24, 3.51900318526e-24, 6.02390989964e-24, 7.36604076732e-24, 5.64536000591e-24, 1.03101453963e-23, 7.54625130795e-24, 6.26034176813e-24, 6.05344287978e-24, 8.36041256013e-24, 9.6014974456e-24, 8.05412705848e-24, 8.30042757689e-24, 6.01385941728e-24, 8.20145787659e-24, 5.99446448306e-24, 7.82484148094e-24, 4.9797400789e-24, 7.42967659882e-24, 9.37513933087e-24, 7.93023172015e-24, 8.84955444188e-24, 6.20215065459e-24, 8.78798384823e-24, 8.60481586806e-24, 7.48277955952e-24],
        "var": [4.83199187329e-08, 1.43377789641e-07, 5.80516712034e-07, 4.71943366165e-07, 6.70502515732e-07, 1.20244365576e-07, 1.91541445815e-07, 1.83859896197e-07, 1.8445068406e-07, 1.0429953079e-07, 2.99825330785e-07, 9.16300706422e-08, 7.13910210948e-08, 2.24150920047e-08, 1.85319724011e-08, 2.72945168689e-08, 2.10174526671e-08, 2.42591795541e-08, 2.10703703374e-08, 3.86377472239e-08, 1.23848682421e-08, 9.9987129687e-09, 2.71998579215e-09, 2.01696215285e-09, 1.69381653148e-09, 1.19557674871e-09, 3.7039282752e-10, 1.55376808642e-10, 7.88172166422e-11, 4.37965809452e-11, 3.62394662889e-11, 2.32335487654e-11, 1.69116994714e-11, 1.3111168401e-11, 6.26819559799e-12, 2.37688558072e-12, 1.67227137086e-12, 3.56063323357e-13, 4.51509625044e-14, 6.07398856147e-16]
    },
    "mfcc": {
        "mean": [-626.344848633, 128.475494385, -38.2287788391, 29.484336853, -10.8711433411, 7.28553533554, -21.0822029114, 9.66232013702, -10.9098854065, 5.37084960938, -13.725189209, 1.58754193783, -7.01634502411],
        "cov": [[2694.37646484, -586.567443848, -213.401077271, 59.0954055786, -87.4612121582, -25.4104633331, -45.991394043, 41.2972412109, -28.1989364624, 50.0766906738, -84.5417709351, -21.5991706848, -42.9296188354], [-586.567443848, 723.946533203, 13.6981487274, 45.6495170593, 43.5927238464, 0.836195588112, -29.995267868, -14.9134960175, -10.9824228287, -8.04579544067, 19.5019035339, -5.12180089951, 20.9214992523], [-213.401077271, 13.6981487274, 511.93460083, -13.8041715622, 28.5277519226, 32.1838226318, 32.0198173523, -17.6497001648, -21.4290370941, -45.382144928, 35.273563385, 53.9722938538, -28.9636745453], [59.0954055786, 45.6495170593, -13.8041715622, 332.79119873, 64.2647399902, -26.5761547089, -40.1415138245, 30.0801887512, 16.7729816437, 2.83745241165, -12.2020788193, -0.686544001102, 51.0257568359], [-87.4612121582, 43.5927238464, 28.5277519226, 64.2647399902, 148.080703735, -7.37317895889, 0.228249773383, 8.1735458374, 32.2798080444, -0.135090842843, -1.79672837257, -5.68167114258, 10.9516086578], [-25.4104633331, 0.836195588112, 32.1838226318, -26.5761547089, -7.37317895889, 124.918617249, 39.5566482544, 9.93246364594, -3.04241538048, 7.82128381729, 15.5913133621, 3.12058258057, 2.21549844742], [-45.991394043, -29.995267868, 32.0198173523, -40.1415138245, 0.228249773383, 39.5566482544, 150.163635254, 31.9204006195, 7.53547620773, -8.41983127594, 16.9255008698, 13.9040279388, -11.9607448578], [41.2972412109, -14.9134960175, -17.6497001648, 30.0801887512, 8.1735458374, 9.93246364594, 31.9204006195, 97.2995605469, 34.3849182129, 2.0915813446, -7.41661548615, 1.0302503109, 6.47689294815], [-28.1989364624, -10.9824228287, -21.4290370941, 16.7729816437, 32.2798080444, -3.04241538048, 7.53547620773, 34.3849182129, 97.9157409668, 23.9987640381, -1.59612560272, -6.24796247482, 5.54933071136], [50.0766906738, -8.04579544067, -45.382144928, 2.83745241165, -0.135090842843, 7.82128381729, -8.41983127594, 2.0915813446, 23.9987640381, 91.6007766724, 21.1047000885, -13.0663042068, 3.45842432976], [-84.5417709351, 19.5019035339, 35.273563385, -12.2020788193, -1.79672837257, 15.5913133621, 16.9255008698, -7.41661548615, -1.59612560272, 21.1047000885, 88.5139465332, 24.2158298492, 6.98897838593], [-21.5991706848, -5.12180089951, 53.9722938538, -0.686544001102, -5.68167114258, 3.12058258057, 13.9040279388, 1.0302503109, -6.24796247482, -13.0663042068, 24.2158298492, 84.6611709595, 18.6672763824], [-42.9296188354, 20.9214992523, -28.9636745453, 51.0257568359, 10.9516086578, 2.21549844742, -11.9607448578, 6.47689294815, 5.54933071136, 3.45842432976, 6.98897838593, 18.6672763824, 87.741859436]],
