{
"lowlevel": {
    "average_loudness": 0.839013695717,
    "barkbands_crest": {
        "dmean": 2.28655433655,
        "dmean2": 3.78662180901,
        "dvar": 4.67359685898,
        "dvar2": 12.4626283646,
        "max": 23.774684906,
        "mean": 7.60885858536,
        "median": 6.71091175079,
        "min": 2.35113859177,
        "var": 11.8654985428
    },
    "barkbands_flatness_db": {
        "dmean": 0.0173440892249,
        "dmean2": 0.0277978684753,
        "dvar": 0.00023539691756,
        "dvar2": 0.000588977243751,
        "max": 0.305640310049,
        "mean": 0.158136382699,
        "median": 0.155198246241,
        "min": 0.0174059532583,
        "var": 0.00090241007274
    },
    "barkbands_kurtosis": {
        "dmean": 1.182726264,
        "dmean2": 1.93160712719,
        "dvar": 7.0283203125,
        "dvar2": 18.4572525024,
        "max": 100.143707275,
        "mean": 0.616978168488,
        "median": -0.354596972466,
        "min": -1.92616832256,
        "var": 11.302365303
    },
    "barkbands_skewness": {
        "dmean": 0.409871309996,
        "dmean2": 0.639501392841,
        "dvar": 0.163640409708,
        "dvar2": 0.407866448164,
        "max": 8.88133525848,
        "mean": 0.43456658721,
        "median": 0.231113567948,
        "min": -2.28292346001,
        "var": 1.04890537262
    },
    "barkbands_spread": {
        "dmean": 4.43082666397,
        "dmean2": 6.90710687637,
        "dvar": 17.1658802032,
        "dvar2": 39.5947265625,
        "max": 65.9190979004,
        "mean": 22.3767185211,
        "median": 22.0449619293,
        "min": 2.22290968895,
        "var": 75.9958343506
    },
    "dissonance": {
        "dmean": 0.0129868518561,
        "dmean2": 0.0219361521304,
        "dvar": 0.00016137296916,
        "dvar2": 0.00041520348168,
        "max": 0.500000178814,
        "mean": 0.477058976889,
        "median": 0.481755793095,
        "min": 0.124913066626,
        "var": 0.000348767644027
    },
    "dynamic_complexity": 3.81821846962,
    "erbbands_crest": {
        "dmean": 2.58486247063,
        "dmean2": 4.27152776718,
        "dvar": 6.07181119919,
        "dvar2": 15.5200042725,
        "max": 30.5787467957,
        "mean": 8.22156715393,
        "median": 7.34492206573,
        "min": 2.02138781548,
        "var": 13.1659841537
    },
    "erbbands_flatness_db": {
        "dmean": 0.0160088445991,
        "dmean2": 0.0232587233186,
        "dvar": 0.000212325961911,
        "dvar2": 0.00039826365537,
        "max": 0.347335070372,
        "mean": 0.224999412894,
        "median": 0.226037815213,
        "min": 0.0535313822329,
        "var": 0.0015097274445
    },
    "erbbands_kurtosis": {
        "dmean": 0.755345880985,
        "dmean2": 1.2108745575,
        "dvar": 0.787807762623,
        "dvar2": 1.86275553703,
        "max": 14.0405807495,
        "mean": 0.19570556283,
        "median": -0.16904270649,
        "min": -1.72311711311,
        "var": 2.1313457489
    },
    "erbbands_skewness": {
        "dmean": 0.319105923176,
        "dmean2": 0.494847655296,
        "dvar": 0.071567595005,
        "dvar2": 0.171336919069,
        "max": 2.91065382957,
        "mean": -0.218829974532,
        "median": -0.219416618347,
        "min": -3.23423528671,
        "var": 0.407069206238
    },
    "erbbands_spread": {
        "dmean": 5.88995170593,
        "dmean2": 9.13835048676,
        "dvar": 34.0221710205,
        "dvar2": 80.9149551392,
        "max": 103.108375549,
        "mean": 29.338186264,
        "median": 26.7039871216,
        "min": 4.78465080261,
        "var": 197.559143066
    },
    "hfc": {
        "dmean": 5.39334440231,
        "dmean2": 7.35359811783,
        "dvar": 46.7635955811,
        "dvar2": 86.0185470581,
        "max": 126.014755249,
        "mean": 19.0155391693,
        "median": 12.6213703156,
        "min": 9.88326434581e-11,
        "var": 331.078643799
    },
    "melbands_crest": {
        "dmean": 2.99411582947,
        "dmean2": 4.94990587234,
        "dvar": 7.49676465988,
        "dvar2": 20.0223197937,
        "max": 33.315071106,
        "mean": 10.1567392349,
        "median": 9.08114433289,
        "min": 2.49302768707,
        "var": 22.2538738251
    },
    "melbands_flatness_db": {
        "dmean": 0.018877338618,
        "dmean2": 0.0296759679914,
        "dvar": 0.000349179899786,
        "dvar2": 0.000855704944115,
        "max": 0.354340553284,
        "mean": 0.142725124955,
        "median": 0.1309273839,
        "min": 0.0256398562342,
        "var": 0.00201004859991
    },
    "melbands_kurtosis": {
        "dmean": 2.50193810463,
        "dmean2": 4.08658742905,
        "dvar": 24.3714733124,
        "dvar2": 66.6313705444,
        "max": 102.817428589,
        "mean": 3.62318396568,
        "median": 0.708637714386,
        "min": -1.75015354156,
        "var": 64.7907485962
    },
    "melbands_skewness": {
        "dmean": 0.494498312473,
        "dmean2": 0.774086475372,
        "dvar": 0.249857187271,
        "dvar2": 0.633878171444,
        "max": 8.47751235962,
        "mean": 1.26700973511,
        "median": 0.958828568459,
        "min": -1.48891341686,
        "var": 1.66757845879
    },
    "melbands_spread": {
        "dmean": 7.8302063942,
        "dmean2": 12.3672294617,
        "dvar": 54.987537384,
        "dvar2": 130.64932251,
        "max": 134.853347778,
        "mean": 37.7170982361,
        "median": 37.3117256165,
        "min": 1.95774030685,
        "var": 300.428344727
    },
    "pitch_salience": {
        "dmean": 0.0653565451503,
        "dmean2": 0.107384778559,
        "dvar": 0.00314744072966,
        "dvar2": 0.00837401393801,
        "max": 0.974207401276,
        "mean": 0.607376098633,
        "median": 0.606814324856,
        "min": 0.153404638171,
        "var": 0.00989754498005
    },
    "silence_rate_20dB": {
        "dmean": 0,
        "dmean2": 0,
        "dvar": 0,
        "dvar2": 0,
        "max": 1,
        "mean": 1,
        "median": 1,
        "min": 1,
        "var": 0
    },
    "silence_rate_30dB": {
        "dmean": 0,
        "dmean2": 0,
        "dvar": 0,
        "dvar2": 0,
        "max": 1,
        "mean": 1,
        "median": 1,
        "min": 1,
        "var": 0
    },
    "silence_rate_60dB": {
        "dmean": 0.0577473565936,
        "dmean2": 0.115384615958,
        "dvar": 0.0544104762375,
        "dvar2": 0.113018557429,
        "max": 1,
        "mean": 0.162518665195,
        "median": 0,
        "min": 0,
        "var": 0.136106297374
    },
    "spectral_centroid": {
        "dmean": 243.323196411,
        "dmean2": 372.146209717,
        "dvar": 51199.890625,
        "dvar2": 116763,
        "max": 3719.5871582,
        "mean": 1972.51049805,
        "median": 2071.08032227,
        "min": 292.213623047,
        "var": 365596.6875
    },
    "spectral_complexity": {
        "dmean": 3.664716959,
        "dmean2": 5.55626106262,
        "dvar": 14.8717737198,
        "dvar2": 30.6248226166,
        "max": 53,
        "mean": 20.2266044617,
        "median": 20,
        "min": 0,
        "var": 126.714561462
    },
    "spectral_decrease": {
        "dmean": 8.81586803558e-10,
        "dmean2": 1.28400179378e-09,
        "dvar": 1.19074117423e-18,
        "dvar2": 2.63685161511e-18,
        "max": -1.69613849085e-21,
        "mean": -2.88582002739e-09,
        "median": -2.34984232073e-09,
        "min": -1.5069518966e-08,
        "var": 5.0876942987e-18
    },
    "spectral_energy": {
        "dmean": 0.0037597802002,
        "dmean2": 0.00541125750169,
        "dvar": 2.1087429559e-05,
        "dvar2": 4.54587752756e-05,
        "max": 0.0683057531714,
        "mean": 0.0126165272668,
        "median": 0.0101466085762,
        "min": 1.53660314724e-14,
        "var": 0.000100304205262
    },
    "spectral_energyband_high": {
        "dmean": 0.000242376991082,
        "dmean2": 0.000364586157957,
        "dvar": 1.675554131e-07,
        "dvar2": 3.79367577352e-07,
        "max": 0.00985490810126,
        "mean": 0.000557918392587,
        "median": 0.000325047643855,
        "min": 9.14673440884e-15,
        "var": 4.88152295475e-07
    },
    "spectral_energyband_low": {
        "dmean": 0.00044416214223,
        "dmean2": 0.000739927694667,
        "dvar": 1.09386360236e-06,
        "dvar2": 2.91505625682e-06,
        "max": 0.0254044961184,
        "mean": 0.000682805897668,
        "median": 0.000336272525601,
        "min": 1.231382088e-16,
        "var": 1.4155007193e-06
    },
    "spectral_energyband_middle_high": {
        "dmean": 0.00227973377332,
        "dmean2": 0.00318689108826,
        "dvar": 9.61260320764e-06,
        "dvar2": 1.90958835447e-05,
        "max": 0.0622688531876,
        "mean": 0.00731053529307,
        "median": 0.0042932908982,
        "min": 5.31144588015e-15,
        "var": 6.03521948506e-05
    },
    "spectral_energyband_middle_low": {
        "dmean": 0.00203750305809,
        "dmean2": 0.0032297715079,
        "dvar": 9.40918289416e-06,
        "dvar2": 2.34613580687e-05,
        "max": 0.0438007041812,
        "mean": 0.00438187038526,
        "median": 0.00326166604646,
        "min": 7.7653010695e-16,
        "var": 1.72389391082e-05
    },
    "spectral_entropy": {
        "dmean": 0.135642558336,
        "dmean2": 0.194306895137,
        "dvar": 0.0169956665486,
        "dvar2": 0.033848285675,
        "max": 8.68006706238,
        "mean": 7.54360198975,
        "median": 7.56686019897,
        "min": 6.24948406219,
        "var": 0.0841103866696
    },
    "spectral_flux": {
        "dmean": 0.0146665535867,
        "dmean2": 0.0224793031812,
        "dvar": 0.000241923233261,
        "dvar2": 0.000518288870808,
        "max": 0.20398375392,
        "mean": 0.066072024405,
        "median": 0.064200013876,
        "min": 0.000189187223441,
        "var": 0.00109710369725
    },
    "spectral_kurtosis": {
        "dmean": 2.23504853249,
        "dmean2": 3.93093156815,
        "dvar": 4.23669481277,
        "dvar2": 12.618311882,
        "max": 19.6625804901,
        "mean": 3.56228280067,
        "median": 2.97952365875,
        "min": -0.685929059982,
        "var": 6.55296325684
    },
    "spectral_rms": {
        "dmean": 0.000518275075592,
        "dmean2": 0.000728282670025,
        "dvar": 2.91213950732e-07,
        "dvar2": 5.80662970151e-07,
        "max": 0.00816331803799,
        "mean": 0.0032014194876,
        "median": 0.00314628845081,
        "min": 3.87185350448e-09,
        "var": 2.05977607948e-06
    },
    "spectral_rolloff": {
        "dmean": 416.0262146,
        "dmean2": 681.301757812,
        "dvar": 258050.28125,
        "dvar2": 578480.9375,
        "max": 12596.9238281,
        "mean": 2350.82617188,
        "median": 2476.31835938,
        "min": 43.06640625,
        "var": 910573.3125
    },
    "spectral_skewness": {
        "dmean": 0.25947022438,
        "dmean2": 0.443706154823,
        "dvar": 0.0507784858346,
        "dvar2": 0.145802304149,
        "max": 3.06874704361,
        "mean": 1.01334035397,
        "median": 0.984615921974,
        "min": -0.198579013348,
        "var": 0.130487054586
    },
    "spectral_spread": {
        "dmean": 307311.5625,
        "dmean2": 452341.34375,
        "dvar": 155083718656,
        "dvar2": 244458782720,
        "max": 25363554,
        "mean": 2968257.5,
        "median": 2821025,
        "min": 1618340.625,
        "var": 610819375104
    },
    "spectral_strongpeak": {
        "dmean": 0.853062272072,
        "dmean2": 1.40375053883,
        "dvar": 1.43048787117,
        "dvar2": 3.45101165771,
        "max": 13.4329319,
        "mean": 1.45406675339,
        "median": 0.749282121658,
        "min": 0,
        "var": 3.06462335587
    },
    "zerocrossingrate": {
        "dmean": 0.00737775629386,
        "dmean2": 0.00908291898668,
        "dvar": 7.12851469871e-05,
        "dvar2": 9.42965125432e-05,
        "max": 0.52392578125,
        "mean": 0.0786631032825,
        "median": 0.08203125,
        "min": 0.00927734375,
        "var": 0.000559874868486
    },
    "barkbands": {
        "dmean": [2.18607374336e-06, 0.000126829792862, 0.000217283319216, 0.000491665792651, 0.000847271177918, 0.000325995672029, 0.000305238849251, 0.000408003485063, 0.000578490202315, 0.000382157275453, 0.000350677844835, 0.000349976326106, 0.000402155448683, 0.000619202444796, 0.000537846062798, 0.00061955692945, 0.000398325006245, 0.000331855844706, 0.000296034035273, 0.000238566673943, 8.62448869157e-05, 3.67382453987e-05, 2.22071394091e-05, 2.30720615946e-05, 1.28521833176e-06, 6.08524119983e-10, 4.93802998491e-10],
        "dmean2": [3.84527493225e-06, 0.000217342705582, 0.00036836520303, 0.000859435007442, 0.00139469699934, 0.000532943638973, 0.000507164455485, 0.000656271469779, 0.000911139359232, 0.000595988123678, 0.000552954908926, 0.000567205599509, 0.000654469360597, 0.000985453138128, 0.000858920509927, 0.000970544992015, 0.000640382640995, 0.000514464220032, 0.000453998334706, 0.000358439370757, 0.000133492401801, 5.71736381971e-05, 3.55013144144e-05, 3.69651861547e-05, 2.04234356715e-06, 1.12691811438e-09, 9.13109476919e-10],
        "dvar": [1.48128089655e-11, 5.57610775331e-08, 2.66096634505e-07, 1.5653013179e-06, 2.58071167991e-06, 4.18192996676e-07, 3.98380933575e-07, 1.02071612673e-06, 1.29856141484e-06, 7.93893775608e-07, 7.32809098736e-07, 7.82932033871e-07, 8.37340394355e-07, 1.72411682797e-06, 1.52407494625e-06, 1.5429219502e-06, 5.73507406898e-07, 3.38432556646e-07, 2.88807711968e-07, 2.15603861875e-07, 2.41208262253e-08, 3.07236303065e-09, 2.2906061492e-09, 3.94733179476e-09, 6.42779275986e-12, 5.64292687716e-17, 8.52848233756e-19],
        "dvar2": [4.04446753866e-11, 1.51830178652e-07, 7.19518311598e-07, 4.3683739932e-06, 6.89333955961e-06, 9.8784084912e-07, 1.04938465029e-06, 2.43502881858e-06, 3.08201515509e-06, 1.87974740129e-06, 1.70769578745e-06, 1.96951305043e-06, 2.02718842957e-06, 4.16979810325e-06, 3.83458154829e-06, 3.62407422472e-06, 1.38656753279e-06, 7.56249676215e-07, 6.39386712464e-07, 4.63987163357e-07, 5.83950345856e-08, 7.05974212423e-09, 5.89139714791e-09, 1.03415764841e-08, 1.61764837636e-11, 1.66782150508e-16, 2.62844477175e-18],
        "max": [8.59357023728e-05, 0.00391397532076, 0.0109323896468, 0.0228248424828, 0.0240591913462, 0.0200364664197, 0.015013454482, 0.0381165668368, 0.0261498205364, 0.0196350440383, 0.0266126412898, 0.0331879742444, 0.0303075332195, 0.0244768112898, 0.0392349250615, 0.0243089646101, 0.0153409382328, 0.012126153335, 0.0120948869735, 0.00992570538074, 0.00388650665991, 0.00101553706918, 0.000808416341897, 0.00113873777445, 3.75087183784e-05, 4.75442959669e-07, 3.38778924913e-08],
        "mean": [2.45535034082e-06, 0.000163949414855, 0.000279938074527, 0.000546818657313, 0.00125441455748, 0.00047802287736, 0.000427271326771, 0.000577894272283, 0.000955953786615, 0.00059775687987, 0.000558487954549, 0.000533874321263, 0.000623611791525, 0.000949700537603, 0.000861500971951, 0.00108630512841, 0.000710012333002, 0.000628259324003, 0.000579506391659, 0.000474429776659, 0.000181008843356, 7.57550806156e-05, 3.83472506655e-05, 2.94135061267e-05, 1.84677230664e-06, 5.00529395708e-10, 4.45558062667e-10],
        "median": [1.44205034758e-06, 7.12542168912e-05, 9.34844938456e-05, 0.000165719597135, 0.000603249878623, 0.000222779330215, 0.000195777771296, 0.000211330741877, 0.000352012575604, 0.000186730016139, 0.00016738998238, 0.000177043722942, 0.000192435400095, 0.000300709682051, 0.000263505760813, 0.000330254959408, 0.000308798946207, 0.000271926808637, 0.000246940471698, 0.000175799214048, 0.000102648693428, 4.75418928545e-05, 2.15747168113e-05, 1.18793159345e-05, 6.95862752309e-07, 1.75510078693e-10, 1.76259645768e-10],
        "min": [4.89116561501e-17, 6.18218444733e-17, 2.7486963601e-17, 1.7204522943e-17, 3.9356863116e-17, 1.2199308643e-16, 2.05207416348e-16, 1.7407853202e-16, 1.50951329717e-16, 3.75072806489e-16, 6.82257298684e-16, 7.4957015997e-16, 6.55271252501e-16, 3.42043047878e-16, 1.20918161916e-16, 2.01467765886e-16, 6.72268460822e-18, 4.22577934652e-16, 1.14513571101e-15, 1.15424809145e-15, 8.09884464468e-16, 1.97048810882e-15, 9.43554998572e-16, 1.19083959714e-15, 1.24994725026e-15, 1.21392632715e-15, 1.25839354518e-15],
        "var": [1.73382194019e-11, 6.61902817001e-08, 3.29456128156e-07, 1.49262200466e-06, 3.57007957064e-06, 6.53404185869e-07, 5.42394786862e-07, 1.52150528265e-06, 2.81391794488e-06, 1.54320923684e-06, 1.46960076108e-06, 1.28326541926e-06, 1.7423957388e-06, 3.04639638671e-06, 2.53685266216e-06, 3.58244551535e-06, 1.17942954603e-06, 9.0297061206e-07, 7.90394494743e-07, 6.28984253126e-07, 5.8295615446e-08, 7.44122008456e-09, 2.92637780674e-09, 3.53315754431e-09, 8.59200297715e-12, 2.94549255399e-17, 6.239657556e-19]
    },
    "erbbands": {
        "dmean": [0.00151326647028, 0.0365683101118, 0.203421145678, 0.938415467739, 2.51486253738, 3.09046149254, 2.87345862389, 2.61219143867, 3.0016310215, 7.21576547623, 9.26254558563, 12.8565330505, 11.9984178543, 11.2547445297, 13.1029787064, 13.2915239334, 18.0779075623, 23.2568740845, 29.8778514862, 32.1277618408, 28.0624313354, 22.63646698, 17.833612442, 14.9572839737, 12.8724088669, 11.2338676453, 5.16971445084, 2.57781028748, 1.40439915657, 0.933755993843, 0.529216527939, 0.640639603138, 0.222947716713, 0.032593421638, 0.00148633564822, 6.40547223156e-05, 9.18900332181e-06, 2.48760215982e-06, 2.62424123321e-06, 4.83634357806e-06],
        "dmean2": [0.00258732866496, 0.0620266310871, 0.340044796467, 1.6208794117, 4.33120632172, 5.13771772385, 4.73291254044, 4.24392366409, 4.99032735825, 11.8142995834, 14.7086305618, 20.430355072, 18.7341709137, 17.4205131531, 20.8322925568, 21.2359237671, 29.0640716553, 36.9550895691, 46.9244689941, 50.1178894043, 43.9875068665, 36.1484832764, 27.5040969849, 22.7042140961, 18.8696498871, 16.8194122314, 7.90887498856, 3.96681427956, 2.17802786827, 1.48887503147, 0.82980287075, 1.027972579, 0.35585296154, 0.050426915288, 0.00235397950746, 9.89661130006e-05, 1.39577014124e-05, 3.6919905142e-06, 3.65380356016e-06, 6.84627320879e-06],
        "dvar": [4.57939859189e-06, 0.00476407678798, 0.182397201657, 6.15871572495, 33.4766845703, 40.0429229736, 33.1220932007, 32.4725456238, 33.3134727478, 292.455841064, 469.392730713, 836.866821289, 580.011291504, 656.593383789, 977.768371582, 1320.49267578, 1704.41271973, 2850.75976562, 4117.21875, 5675.76513672, 3189.65014648, 1684.01599121, 974.139160156, 625.550720215, 583.818725586, 525.895874023, 108.976585388, 16.4866962433, 4.7873840332, 3.72357153893, 1.06429135799, 3.13366723061, 0.310425132513, 0.00419118860736, 9.45957253862e-06, 1.86957276327e-08, 4.52453796651e-10, 2.26332737274e-11, 1.01533382396e-11, 3.41375989976e-11],
        "dvar2": [1.28161718749e-05, 0.012791053392, 0.48571690917, 17.1062908173, 91.281211853, 109.54485321, 83.3474349976, 73.0255203247, 88.5930633545, 735.991394043, 1123.07946777, 2008.04174805, 1329.66491699, 1465.9621582, 2364.88208008, 3284.57397461, 4191.15429688, 6987.07666016, 9845.08105469, 13402.8378906, 7621.81201172, 4067.96850586, 2126.46826172, 1396.54467773, 1238.35400391, 1102.06726074, 254.518081665, 37.9353675842, 10.8500165939, 9.63817882538, 2.64881658554, 8.26330089569, 0.80456829071, 0.0103190066293, 2.39941255131e-05, 4.72351011638e-08, 1.1919586429e-09, 5.75305497685e-11, 2.0510435364e-11, 7.06426583896e-11],
        "max": [0.0306218992919, 1.21786689758, 7.89446020126, 52.165271759, 98.9942550659, 114.34236145, 243.053329468, 184.098205566, 97.2710113525, 305.749633789, 733.189025879, 827.542419434, 614.405883789, 1009.56634521, 1265.05249023, 1430.27880859, 1461.1829834, 1454.55297852, 1338.16772461, 2148.6965332, 1150.3614502, 729.751220703, 631.638366699, 594.440429688, 723.383422852, 633.618041992, 275.048309326, 108.059593201, 51.3863945007, 37.3370933533, 17.5947227478, 38.1052627563, 9.16042423248, 0.973045766354, 0.0467631407082, 0.00222306954674, 0.000850164913572, 0.00018142699264, 5.01686045027e-05, 9.26064458326e-05],
        "mean": [0.00225217989646, 0.0476899370551, 0.275091767311, 1.1526825428, 3.00218296051, 4.39332818985, 4.45195150375, 3.7975590229, 4.35851335526, 10.3393964767, 14.6858596802, 20.7724170685, 20.202627182, 19.1479644775, 22.2315273285, 22.0858364105, 29.9777622223, 38.6455078125, 50.4289512634, 57.1572570801, 51.4115829468, 43.2122154236, 36.2739334106, 30.8490333557, 27.4548416138, 22.7814178467, 10.6297426224, 5.76691055298, 3.00900387764, 1.65911126137, 0.959865152836, 0.834742963314, 0.294488102198, 0.0509856566787, 0.00216911849566, 0.000113321846584, 2.21037880692e-05, 7.16146178092e-06, 9.29667385208e-06, 1.67695434357e-05],
        "median": [0.00130359083414, 0.0212248191237, 0.116327404976, 0.42528796196, 1.19479370117, 2.0529499054, 2.01796007156, 1.79771864414, 2.39732670784, 3.84558844566, 6.2385892868, 7.67788505554, 8.133228302, 7.3882317543, 7.69591331482, 7.96866321564, 10.3164682388, 13.974653244, 17.6935577393, 18.6863098145, 18.6582393646, 20.1105804443, 17.0052680969, 14.1037311554, 11.6361274719, 8.43583869934, 5.22583961487, 3.4670984745, 1.87512242794, 0.995151996613, 0.544729948044, 0.363345682621, 0.118285521865, 0.0209170915186, 0.000876232516021, 6.22574734734e-05, 1.55493362399e-05, 5.15918873134e-06, 7.08634979674e-06, 1.31395718199e-05],
        "min": [2.4466046932e-15, 1.17292972074e-14, 3.03376200301e-14, 4.95461656457e-14, 6.79828304653e-14, 1.39940630698e-13, 4.36284878667e-13, 1.20768911364e-12, 2.48399825015e-12, 3.63338525933e-12, 3.66508949926e-12, 3.38623009841e-12, 7.46788395012e-12, 1.93486771743e-11, 3.03168844196e-11, 3.00044364354e-11, 2.98752793337e-11, 2.36980920998e-11, 5.5354536059e-12, 1.25010930427e-11, 7.1247912084e-12, 1.04234047608e-12, 1.36496985589e-11, 5.98356086901e-11, 5.61256562059e-11, 4.80257812685e-11, 2.6286544122e-11, 5.60269088068e-11, 7.48554204733e-11, 3.93771022733e-11, 2.2223082749e-11, 2.7248996462e-11, 1.81568995949e-11, 1.73134961229e-11, 6.73738538917e-12, 5.45516800135e-12, 2.31949984393e-12, 4.48803185371e-13, 2.05507526686e-13, 2.05277519971e-14],
        "var": [6.61809281155e-06, 0.00577696599066, 0.235890284181, 6.34351682663, 32.2607498169, 51.6853637695, 58.5347862244, 49.7043571472, 42.7744026184, 442.908905029, 786.602722168, 1619.63671875, 1295.05737305, 1367.16357422, 1885.81750488, 2250.24804688, 3650.45654297, 5273.69482422, 8176.71875, 11290.9941406, 7417.93359375, 3805.56787109, 2764.15380859, 1861.23242188, 1804.63574219, 1541.56494141, 266.419281006, 46.9059944153, 12.1060476303, 4.84174442291, 1.65232110023, 2.77159619331, 0.298228681087, 0.00595642765984, 1.1709023056e-05, 2.38132589203e-08, 6.08644301625e-10, 5.05905560499e-11, 5.91523358073e-11, 1.84723306096e-10]
    },
    "gfcc": {
        "mean": [-62.9769630432, 117.228500366, -195.734222412, 53.6791419983, -71.9989929199, 2.66070890427, -31.3406658173, -11.6475658417, -5.1140089035, -24.980348587, 0.752126097679, -24.6487827301, 4.08928537369],
        "cov": [[4848.21435547, -395.124664307, -971.924865723, -91.786277771, -22.3156700134, -206.309951782, -18.0962352753, -103.192344666, -35.4339523315, -153.737319946, -48.1874160767, -150.879867554, -106.804458618], [-395.124664307, 645.287231445, 402.197479248, 68.3405990601, 73.517074585, -119.065658569, 3.00836539268, -111.197807312, -37.87865448, -68.4301986694, -14.9913778305, -38.3806610107, -41.0701751709], [-971.924865723, 402.197479248, 820.235046387, 269.372344971, -58.3261566162, 66.7637786865, -144.231994629, -29.9467201233, -65.408996582, -33.41979599, -21.4443435669, -4.77451086044, -30.0583724976], [-91.786277771, 68.3405990601, 269.372344971, 252.5262146, 23.6883010864, -19.66173172, -60.0483512878, 2.76318454742, -19.5324897766, -10.8435964584, -36.7994003296, -19.8104972839, -10.7083473206], [-22.3156700134, 73.517074585, -58.3261566162, 23.6883010864, 189.529464722, 10.4318256378, 19.2704544067, 6.41745471954, 8.04139328003, -18.2598400116, -16.7520751953, -24.9215641022, 0.592971563339], [-206.309951782, -119.065658569, 66.7637786865, -19.66173172, 10.4318256378, 271.998352051, 2.30022263527, 43.3917007446, -19.6254863739, 8.89365768433, 15.9429206848, 16.4847564697, -3.24961781502], [-18.0962352753, 3.00836539268, -144.231994629, -60.0483512878, 19.2704544067, 2.30022263527, 192.786743164, 24.6605548859, -3.351344347, 6.21978616714, 1.31440544128, -6.95442676544, -10.7362184525], [-103.192344666, -111.197807312, -29.9467201233, 2.76318454742, 6.41745471954, 43.3917007446, 24.6605548859, 132.481109619, 43.3813705444, 9.91198253632, -9.603266716, -5.37120866776, 10.2590475082], [-35.4339523315, -37.87865448, -65.408996582, -19.5324897766, 8.04139328003, -19.6254863739, -3.351344347, 43.3813705444, 99.7295761108, 42.3659706116, -5.71716070175, 4.53643417358, 9.17441082001], [-153.737319946, -68.4301986694, -33.41979599, -10.8435964584, -18.2598400116, 8.89365768433, 6.21978616714, 9.91198253632, 42.3659706116, 87.4467086792, 33.5772666931, 12.1850976944, 8.64423179626], [-48.1874160767, -14.9913778305, -21.4443435669, -36.7994003296, -16.7520751953, 15.9429206848, 1.31440544128, -9.603266716, -5.71716070175, 33.5772666931, 76.8924179077, 39.7078857422, -0.699468076229], [-150.879867554, -38.3806610107, -4.77451086044, -19.8104972839, -24.9215641022, 16.4847564697, -6.95442676544, -5.37120866776, 4.53643417358, 12.1850976944, 39.7078857422, 77.498046875, 37.1486930847], [-106.804458618, -41.0701751709, -30.0583724976, -10.7083473206, 0.592971563339, -3.24961781502, -10.7362184525, 10.2590475082, 9.17441082001, 8.64423179626, -0.699468076229, 37.1486930847, 70.2203216553]],
        "icov": [[0.000527216005139, -0.000434770976426, 0.00152896670625, -0.00127666234039, 0.00103829998989, -0.000442540680524, 0.000672721420415, 0.000332045165123, -0.000263967231149, 0.0014583208831, -0.000867900031153, 0.00120570778381, 0.000240964393015], [-0.000434770976426, 0.00944100692868, -0.00907992664725, 0.005852305796, -0.00614825822413, 0.00506007485092, -0.00565840629861, 0.00654931599274, -0.00585031323135, 0.00614949967712, -0.00526548922062, 0.00481662712991, -0.00226288544945], [0.00152896670625, -0.00907992664725, 0.0135980816558, -0.0103530241176, 0.00857764948159, -0.00618545943871, 0.00724814413115, -0.00448012491688, 0.00478007597849, -0.00138250086457, 0.00234337709844, -0.00167047127616, 0.00311366724782], [-0.00127666234039, 0.005852305796, -0.0103530241176, 0.013776646927, -0.00771352695301, 0.00546642020345, -0.00297686387785, 0.000555322621949, 0.000968460110016, -0.00382266007364, 0.004488511011, -0.0026863955427, 0.00074204953853], [0.00103829998989, -0.00614825822413, 0.00857764948159, -0.00771352695301, 0.0119944112375, -0.00500761484727, 0.00328235048801, -0.00181260192767, -0.000135709648021, 0.00259150681086, -0.0015087221982, 0.0036337133497, -0.00132629764266], [-0.000442540680524, 0.00506007485092, -0.00618545943871, 0.00546642020345, -0.00500761484727, 0.00779460184276, -0.00263359025121, 0.000253432895988, 0.000604378874414, -0.00032870931318, -0.000218286091695, -0.00118912116159, 0.00102401466575], [0.000672721420415, -0.00565840629861, 0.00724814413115, -0.00297686387785, 0.00328235048801, -0.00263359025121, 0.0106169534847, -0.00570126250386, 0.00647870264947, -0.00497904093936, 0.00506973126903, -0.00404513906687, 0.00462598912418], [0.000332045165123, 0.00654931599274, -0.00448012491688, 0.000555322621949, -0.00181260192767, 0.000253432895988, -0.00570126250386, 0.0168854575604, -0.0125150764361, 0.010694636032, -0.00858589913696, 0.0100536681712, -0.00589470705017], [-0.000263967231149, -0.00585031323135, 0.00478007597849, 0.000968460110016, -0.000135709648021, 0.000604378874414, 0.00647870264947, -0.0125150764361, 0.0263008866459, -0.0202352553606, 0.016789207235, -0.0140659371391, 0.00788201205432], [0.0014583208831, 0.00614949967712, -0.00138250086457, -0.00382266007364, 0.00259150681086, -0.00032870931318, -0.00497904093936, 0.010694636032, -0.0202352553606, 0.0351793020964, -0.024859784171, 0.0190853793174, -0.00975200068206], [-0.000867900031153, -0.00526548922062, 0.00234337709844, 0.004488511011, -0.0015087221982, -0.000218286091695, 0.00506973126903, -0.00858589913696, 0.016789207235, -0.024859784171, 0.0397977083921, -0.0285759922117, 0.015700744465], [0.00120570778381, 0.00481662712991, -0.00167047127616, -0.0026863955427, 0.0036337133497, -0.00118912116159, -0.00404513906687, 0.0100536681712, -0.0140659371391, 0.0190853793174, -0.0285759922117, 0.0412630587816, -0.0212724991143], [0.000240964393015, -0.00226288544945, 0.00311366724782, 0.00074204953853, -0.00132629764266, 0.00102401466575, 0.00462598912418, -0.00589470705017, 0.00788201205432, -0.00975200068206, 0.015700744465, -0.0212724991143, 0.0279378406703]]
    },
    "melbands": {
        "dmean": [2.3602078727e-05, 8.45179529279e-05, 0.000206827156944, 0.000195803950191, 0.00010763786122, 5.86009118706e-05, 4.91420141771e-05, 8.22146903374e-05, 8.09224729892e-05, 8.13972073956e-05, 6.20454229647e-05, 4.8385172704e-05, 4.76160348626e-05, 3.55570882675e-05, 4.55475856143e-05, 4.02948899136e-05, 4.70488084829e-05, 5.50281765754e-05, 4.24217432737e-05, 4.47057900601e-05, 3.3876287489e-05, 2.55934919551e-05, 1.89591719391e-05, 1.7728210878e-05, 1.29019044834e-05, 1.1738302419e-05, 9.3207199825e-06, 8.11928839539e-06, 4.19794969275e-06, 1.91666708815e-06, 1.52228813022e-06, 9.62349304245e-07, 5.54801829367e-07, 5.68868983919e-07, 3.33559370347e-07, 2.62240945403e-07, 4.9926831025e-07, 1.99081185315e-07, 4.89113212154e-08, 1.88581665839e-08],
        "dmean2": [4.02515543101e-05, 0.000139860843774, 0.000357278564479, 0.000325406814227, 0.000176923334948, 9.50311296037e-05, 8.17581312731e-05, 0.000133645400638, 0.000128254643641, 0.000129213251057, 9.71961999312e-05, 7.53733984311e-05, 7.53525600885e-05, 5.77795617573e-05, 7.3075236287e-05, 6.55919720884e-05, 7.4998170021e-05, 8.70978474268e-05, 6.76618292346e-05, 6.8909888796e-05, 5.41207591596e-05, 4.12174485973e-05, 3.0400507967e-05, 2.75447982858e-05, 1.99606583919e-05, 1.80405550054e-05, 1.39972435136e-05, 1.24717817016e-05, 6.53122788208e-06, 2.98809845845e-06, 2.37484687204e-06, 1.50919424868e-06, 8.84174255589e-07, 9.26072004859e-07, 5.33384252321e-07, 4.12716929077e-07, 8.12346399925e-07, 3.23416202264e-07, 7.65341781062e-08, 3.02017433285e-08],
        "dvar": [1.61794666553e-09, 2.89412316334e-08, 2.56115299635e-07, 1.50743431959e-07, 4.23437214181e-08, 1.48820040735e-08, 9.1284828585e-09, 3.77206745839e-08, 3.22442978984e-08, 3.1631365971e-08, 1.58966777519e-08, 1.25052483924e-08, 1.38923805793e-08, 7.33945659803e-09, 1.21371073192e-08, 9.44967215588e-09, 1.20963035144e-08, 1.47993342026e-08, 1.10859472713e-08, 1.07781303882e-08, 5.62577007202e-09, 2.23823870549e-09, 1.53300028227e-09, 1.26701271697e-09, 5.22023035909e-10, 4.96395258232e-10, 3.44260453478e-10, 3.28849836251e-10, 8.49140688319e-11, 9.75952652027e-12, 5.892869092e-12, 2.43515255703e-12, 8.29562818178e-13, 1.76631127259e-12, 4.20693346695e-13, 2.54750241084e-13, 2.28165446606e-12, 2.76046600942e-13, 9.15002767294e-15, 1.47896632448e-15],
        "dvar2": [4.3940886485e-09, 7.60257989896e-08, 7.05968204784e-07, 4.06167146139e-07, 1.08844979252e-07, 3.38062342564e-08, 2.42875692891e-08, 9.31118506742e-08, 7.69522827682e-08, 7.61395568816e-08, 3.66742121116e-08, 2.84751600077e-08, 3.33964500498e-08, 1.88157933678e-08, 2.93203754609e-08, 2.30312160454e-08, 2.97605371458e-08, 3.52679130344e-08, 2.85103816111e-08, 2.47768987549e-08, 1.37416442669e-08, 5.46326628381e-09, 3.63264018866e-09, 2.7433653127e-09, 1.1933649624e-09, 1.13127163193e-09, 7.44451889023e-10, 7.19555359741e-10, 2.02297595342e-10, 2.24749073519e-11, 1.37913630169e-11, 5.60823566406e-12, 2.00984845086e-12, 4.70708411485e-12, 1.06375151743e-12, 6.28414638035e-13, 6.04703049786e-12, 7.25462008175e-13, 2.24473031444e-14, 3.76222643127e-15],
        "max": [0.000622485473286, 0.00299645401537, 0.00830813124776, 0.00564192514867, 0.00801127590239, 0.00397542770952, 0.00209317728877, 0.00476336851716, 0.00557896355167, 0.00477280188352, 0.002993788803, 0.00395976705477, 0.00425860704854, 0.00243219546974, 0.00392997963354, 0.00397428451106, 0.00288763688877, 0.00277226115577, 0.00407335907221, 0.00252255587839, 0.00129322358407, 0.000940104830079, 0.00112685153726, 0.000920441409107, 0.000606751767918, 0.000538769178092, 0.000419622694608, 0.000534951686859, 0.000259400578216, 6.92519533914e-05, 4.98187364428e-05, 4.29004285252e-05, 1.46251695696e-05, 2.62396752078e-05, 1.05102990346e-05, 9.6312014648e-06, 3.22960404446e-05, 9.95054415398e-06, 1.69285476659e-06, 5.9180149492e-07],
        "mean": [3.2595347875e-05, 0.000117148600111, 0.000253585545579, 0.00027380141546, 0.000169724982698, 8.64914181875e-05, 7.05410420778e-05, 0.000118126939924, 0.000127793216961, 0.000130822882056, 0.000101319463283, 7.85106094554e-05, 7.77813474997e-05, 5.50152180949e-05, 7.03805999365e-05, 6.26425025985e-05, 7.23050034139e-05, 8.5431340267e-05, 6.79905278957e-05, 7.70477563492e-05, 5.52621058887e-05, 4.44195575255e-05, 3.44701184076e-05, 3.18907041219e-05, 2.39688470174e-05, 2.22998951358e-05, 1.75935201696e-05, 1.47036689668e-05, 7.53342601456e-06, 3.87948875868e-06, 3.09489178107e-06, 1.89422587482e-06, 1.00913484857e-06, 8.95920152288e-07, 5.80399273531e-07, 4.26019198585e-07, 5.73438171614e-07, 2.43826690394e-07, 7.78200401896e-08, 2.67107331808e-08],
        "median": [1.54354347615e-05, 5.29619064764e-05, 0.000100937133539, 0.000126265033032, 8.26517061796e-05, 4.17963819928e-05, 3.79087359761e-05, 4.32140623161e-05, 5.1442606491e-05, 4.76364511997e-05, 3.82710204576e-05, 2.77387844108e-05, 2.46345407504e-05, 1.76119174284e-05, 2.22150338232e-05, 1.91022954823e-05, 2.29962333833e-05, 2.44796829065e-05, 2.10454709304e-05, 2.2566277039e-05, 1.79734925041e-05, 1.90174068848e-05, 1.58255425049e-05, 1.25214837681e-05, 1.03023421616e-05, 9.11921233637e-06, 6.60824707666e-06, 4.87148008688e-06, 3.2701532291e-06, 2.19453522732e-06, 1.7007993165e-06, 1.10347991722e-06, 5.74942362164e-07, 4.96439838571e-07, 3.23297797422e-07, 2.21243610099e-07, 1.97729647766e-07, 8.95901948184e-08, 3.30870086884e-08, 9.76818270715e-09],
        "min": [2.18554319639e-17, 1.6061054934e-17, 9.08748561885e-18, 6.78527488363e-18, 1.35479412668e-17, 2.70701737601e-17, 3.94223692031e-17, 4.00343041854e-17, 2.86625559962e-17, 2.11330716786e-17, 3.76526526785e-17, 7.44647045662e-17, 9.87011825407e-17, 8.83327250253e-17, 6.97647305001e-17, 6.41511321387e-17, 4.12900569995e-17, 8.16872370477e-18, 1.17266946987e-17, 1.86245207396e-17, 5.71483368781e-18, 3.5082751201e-19, 2.32106714446e-18, 2.29790162054e-17, 5.32317789528e-17, 3.6134054953e-17, 4.54071334315e-17, 2.96209373801e-17, 1.96301126297e-17, 9.49717990444e-18, 4.38197010441e-17, 5.06964240532e-17, 2.52221745166e-17, 2.02964827137e-17, 1.02748380409e-17, 1.44452849932e-17, 2.0250135784e-17, 1.59018838775e-17, 9.80168080435e-18, 1.61809514551e-17],
        "var": [2.11891726387e-09, 3.85233249744e-08, 2.54341699701e-07, 1.92801053345e-07, 7.46172830191e-08, 2.32589929539e-08, 1.14565175124e-08, 5.7255515884e-08, 5.85752566451e-08, 6.21434068648e-08, 3.45807578128e-08, 2.4785018482e-08, 2.66395439041e-08, 1.26631025665e-08, 2.410486033e-08, 1.82779320568e-08, 2.08696064874e-08, 2.77346110522e-08, 1.69315743648e-08, 2.30690258007e-08, 1.10669517994e-08, 4.58100579692e-09, 3.18908499608e-09, 3.03679636993e-09, 1.33476896202e-09, 1.29414345906e-09, 9.53528700443e-10, 8.06145428189e-10, 1.76654843531e-10, 2.43250454501e-11, 1.56152608205e-11, 5.68314492688e-12, 1.57660353956e-12, 1.88657835014e-12, 6.29546924574e-13, 3.71884272508e-13, 1.88691423597e-12, 2.44191738228e-13, 1.42243869136e-14, 1.85445475944e-15]
    },
    "mfcc": {
        "mean": [-665.003601074, 109.699874878, -46.1210327148, 26.7895507812, -10.6507921219, 2.06259322166, -10.2726173401, 2.48018026352, -5.98060703278, 4.51892757416, -8.94100189209, -2.146889925, -9.86533260345],
        "cov": [[5335.921875, -501.221405029, -1029.29174805, -98.5847930908, -220.665237427, -123.519676208, -93.746925354, -11.8146381378, -123.628822327, 90.5270309448, -121.802467346, 3.36654090881, -116.823242188], [-501.221405029, 622.33581543, 195.738739014, 146.102264404, 41.3942298889, 21.8272514343, 7.4241528511, -21.1000747681, -45.6194229126, -58.0650978088, 7.63425159454, -27.4274425507, -14.4380168915], [-1029.29174805, 195.738739014, 845.815246582, 151.783370972, 158.980239868, 62.9349479675, -4.87987804413, -15.2084293365, -39.9780311584, -85.5755310059, 0.632840573788, 6.17471027374, 17.8046016693], [-98.5847930908, 146.102264404, 151.783370972, 340.132141113, 46.3494415283, -37.7962341309, -31.1029090881, -40.0678405762, 6.36370372772, -7.2031121254, -27.6328849792, -14.1542873383, -15.8857116699], [-220.665237427, 41.3942298889, 158.980239868, 46.3494415283, 258.78894043, 30.5575675964, -18.2096481323, 5.29645872116, 14.06108284, -7.62719106674, -26.3932380676, 8.25696182251, 11.3383388519], [-123.519676208, 21.8272514343, 62.9349479675, -37.7962341309, 30.5575675964, 137.104812622, 49.8486747742, 4.0027422905, -10.4990129471, -15.9754161835, 14.0122461319, 1.49740862846, 0.980735182762], [-93.746925354, 7.4241528511, -4.87987804413, -31.1029090881, -18.2096481323, 49.8486747742, 146.529159546, 51.3187599182, -0.644292533398, 5.21963214874, 11.8493490219, -9.16964626312, -5.10886526108], [-11.8146381378, -21.1000747681, -15.2084293365, -40.0678405762, 5.29645872116, 4.0027422905, 51.3187599182, 104.498413086, 34.5722999573, 9.12299156189, 0.921190917492, -7.81979656219, 4.49869537354], [-123.628822327, -45.6194229126, -39.9780311584, 6.36370372772, 14.06108284, -10.4990129471, -0.644292533398, 34.5722999573, 118.434532166, 41.1571617126, -1.77168500423, -5.58816099167, 2.89215540886], [90.5270309448, -58.0650978088, -85.5755310059, -7.2031121254, -7.62719106674, -15.9754161835, 5.21963214874, 9.12299156189, 41.1571617126, 102.188697815, 24.0643558502, -1.60517632961, -6.46780872345], [-121.802467346, 7.63425159454, 0.632840573788, -27.6328849792, -26.3932380676, 14.0122461319, 11.8493490219, 0.921190917492, -1.77168500423, 24.0643558502, 84.8231658936, 22.1562538147, -4.89851236343], [3.36654090881, -27.4274425507, 6.17471027374, -14.1542873383, 8.25696182251, 1.49740862846, -9.16964626312, -7.81979656219, -5.58816099167, -1.60517632961, 22.1562538147, 77.1719970703, 23.9654655457], [-116.823242188, -14.4380168915, 17.8046016693, -15.8857116699, 11.3383388519, 0.980735182762, -5.10886526108, 4.49869537354, 2.89215540886, -6.46780872345, -4.89851236343, 23.9654655457, 73.7188186646]],
