{
"lowlevel": {
    "average_loudness": 0.0704183802009,
    "barkbands_crest": {
        "dmean": 2.41955637932,
        "dmean2": 4.00351190567,
        "dvar": 5.56260490417,
        "dvar2": 14.2906656265,
        "max": 25.1434288025,
        "mean": 8.97262859344,
        "median": 7.74262809753,
        "min": 2.29229855537,
        "var": 16.0304164886
    },
    "barkbands_flatness_db": {
        "dmean": 0.020528992638,
        "dmean2": 0.0325311161578,
        "dvar": 0.000421447359258,
        "dvar2": 0.00104730459861,
        "max": 0.354056060314,
        "mean": 0.127785921097,
        "median": 0.122987866402,
        "min": 0.0314660556614,
        "var": 0.00185754382983
    },
    "barkbands_kurtosis": {
        "dmean": 2.43959546089,
        "dmean2": 4.07626438141,
        "dvar": 41.862953186,
        "dvar2": 110.23740387,
        "max": 160.49357605,
        "mean": 2.82023382187,
        "median": 0.944177389145,
        "min": -1.94912433624,
        "var": 66.3711013794
    },
    "barkbands_skewness": {
        "dmean": 0.505181372166,
        "dmean2": 0.79736495018,
        "dvar": 0.432855337858,
        "dvar2": 1.03300082684,
        "max": 11.039352417,
        "mean": 0.589820504189,
        "median": 0.524137437344,
        "min": -2.55883479118,
        "var": 2.07457304001
    },
    "barkbands_spread": {
        "dmean": 5.27016735077,
        "dmean2": 8.40952205658,
        "dvar": 40.0514945984,
        "dvar2": 90.7430725098,
        "max": 137.98109436,
        "mean": 22.0562896729,
        "median": 21.4087734222,
        "min": 0.887077927589,
        "var": 134.633743286
    },
    "dissonance": {
        "dmean": 0.0191491860896,
        "dmean2": 0.0324323177338,
        "dvar": 0.000391670968384,
        "dvar2": 0.00107693427708,
        "max": 0.500000119209,
        "mean": 0.467644780874,
        "median": 0.475975453854,
        "min": 0.260752588511,
        "var": 0.000856440863572
    },
    "dynamic_complexity": 3.89655160904,
    "erbbands_crest": {
        "dmean": 2.89297533035,
        "dmean2": 4.74720430374,
        "dvar": 8.73677539825,
        "dvar2": 21.6710071564,
        "max": 33.0901870728,
        "mean": 9.92205047607,
        "median": 8.56070423126,
        "min": 2.5148665905,
        "var": 31.4515457153
    },
    "erbbands_flatness_db": {
        "dmean": 0.0192021876574,
        "dmean2": 0.0284119211137,
        "dvar": 0.00030835942016,
        "dvar2": 0.000651067413855,
        "max": 0.358075708151,
        "mean": 0.17023780942,
        "median": 0.169360220432,
        "min": 0.051586009562,
        "var": 0.00251947692595
    },
    "erbbands_kurtosis": {
        "dmean": 1.07578730583,
        "dmean2": 1.73727083206,
        "dvar": 2.39234685898,
        "dvar2": 5.58928966522,
        "max": 53.6286125183,
        "mean": 1.01473128796,
        "median": 0.343697547913,
        "min": -1.79104816914,
        "var": 5.91043758392
    },
    "erbbands_skewness": {
        "dmean": 0.369124770164,
        "dmean2": 0.5853728652,
        "dvar": 0.131912842393,
        "dvar2": 0.312593847513,
        "max": 6.34938716888,
        "mean": 0.309571355581,
        "median": 0.309130787849,
        "min": -2.81169652939,
        "var": 0.659863829613
    },
    "erbbands_spread": {
        "dmean": 6.76436185837,
        "dmean2": 10.7922258377,
        "dvar": 66.6516189575,
        "dvar2": 159.359619141,
        "max": 139.470581055,
        "mean": 30.0921707153,
        "median": 28.0207061768,
        "min": 2.45236730576,
        "var": 265.068206787
    },
    "hfc": {
        "dmean": 5.7724108696,
        "dmean2": 8.72444343567,
        "dvar": 82.1050567627,
        "dvar2": 180.978744507,
        "max": 284.001800537,
        "mean": 19.8848190308,
        "median": 14.5522050858,
        "min": 1.05455423262e-16,
        "var": 416.784729004
    },
    "melbands_crest": {
        "dmean": 3.0738363266,
        "dmean2": 5.0532746315,
        "dvar": 9.01888942719,
        "dvar2": 22.5333538055,
        "max": 33.0301513672,
        "mean": 11.1657705307,
        "median": 10.4897251129,
        "min": 1.3593943119,
        "var": 34.5583610535
    },
    "melbands_flatness_db": {
        "dmean": 0.0230445228517,
        "dmean2": 0.035962715745,
        "dvar": 0.000746599514969,
        "dvar2": 0.00177119660657,
        "max": 0.438793390989,
        "mean": 0.153235137463,
        "median": 0.153250128031,
        "min": 0.00265471031889,
        "var": 0.00572576234117
    },
    "melbands_kurtosis": {
        "dmean": 5.43528318405,
        "dmean2": 9.03024768829,
        "dvar": 284.166503906,
        "dvar2": 705.192504883,
        "max": 525.759460449,
        "mean": 7.01328229904,
        "median": 1.80085206032,
        "min": -1.75010418892,
        "var": 452.102539062
    },
    "melbands_skewness": {
        "dmean": 0.653768718243,
        "dmean2": 1.03912425041,
        "dvar": 0.85002040863,
        "dvar2": 2.04268264771,
        "max": 17.0528583527,
        "mean": 1.4428999424,
        "median": 1.08057570457,
        "min": -2.76745176315,
        "var": 2.771504879
    },
    "melbands_spread": {
        "dmean": 8.43632984161,
        "dmean2": 13.490272522,
        "dvar": 91.3893051147,
        "dvar2": 220.950286865,
        "max": 184.925415039,
        "mean": 40.6003036499,
        "median": 29.1366729736,
        "min": 0.681612730026,
        "var": 1363.0111084
    },
    "pitch_salience": {
        "dmean": 0.0648446381092,
        "dmean2": 0.105617873371,
        "dvar": 0.00397123536095,
        "dvar2": 0.0100546386093,
        "max": 0.929990172386,
        "mean": 0.585381686687,
        "median": 0.571992695332,
        "min": 0.0891716852784,
        "var": 0.0190922059119
    },
    "silence_rate_20dB": {
        "dmean": 0.0002225436765,
        "dmean2": 0.00044513688772,
        "dvar": 0.000222449045395,
        "dvar2": 0.000667326676194,
        "max": 1,
        "mean": 0.999888718128,
        "median": 1,
        "min": 0,
        "var": 0.000111235793156
    },
    "silence_rate_30dB": {
        "dmean": 0.00400578603148,
        "dmean2": 0.00801246427,
        "dvar": 0.00398911442608,
        "dvar2": 0.00994888786227,
        "max": 1,
        "mean": 0.990097880363,
        "median": 1,
        "min": 0,
        "var": 0.00980496872216
    },
    "silence_rate_60dB": {
        "dmean": 0.0166907757521,
        "dmean2": 0.0333852656186,
        "dvar": 0.0164114162326,
        "dvar2": 0.0373976230621,
        "max": 1,
        "mean": 0.186693370342,
        "median": 0,
        "min": 0,
        "var": 0.151836752892
    },
    "spectral_centroid": {
        "dmean": 264.826324463,
        "dmean2": 416.258422852,
        "dvar": 83963.1171875,
        "dvar2": 194753.4375,
        "max": 12016.4951172,
        "mean": 2633.96630859,
        "median": 1653.31567383,
        "min": 178.929016113,
        "var": 9537931
    },
    "spectral_complexity": {
        "dmean": 2.75753855705,
        "dmean2": 4.3265080452,
        "dvar": 10.8811826706,
        "dvar2": 24.5174999237,
        "max": 50,
        "mean": 16.2153987885,
        "median": 17,
        "min": 0,
        "var": 101.557868958
    },
    "spectral_decrease": {
        "dmean": 2.15086237709e-09,
        "dmean2": 3.57815133079e-09,
        "dvar": 1.7077472964e-17,
        "dvar2": 4.41933186745e-17,
        "max": 2.33236784798e-28,
        "mean": -5.15827247582e-09,
        "median": -3.68496966274e-09,
        "min": -9.87186510315e-08,
        "var": 3.52553707667e-17
    },
    "spectral_energy": {
        "dmean": 0.00855906587094,
        "dmean2": 0.0141781708226,
        "dvar": 0.000259279710008,
        "dvar2": 0.000665994477458,
        "max": 0.392221480608,
        "mean": 0.0212721191347,
        "median": 0.0152338780463,
        "min": 9.59704559427e-21,
        "var": 0.000574231904466
    },
    "spectral_energyband_high": {
        "dmean": 0.000220664020162,
        "dmean2": 0.00032428605482,
        "dvar": 1.55133406565e-07,
        "dvar2": 3.35639526838e-07,
        "max": 0.00824585463852,
        "mean": 0.00057638931321,
        "median": 0.000379697885364,
        "min": 6.6289123379e-21,
        "var": 5.13249517553e-07
    },
    "spectral_energyband_low": {
        "dmean": 0.00397522654384,
        "dmean2": 0.00707313232124,
        "dvar": 0.000132133747684,
        "dvar2": 0.000370803842088,
        "max": 0.115999445319,
        "mean": 0.00443263165653,
        "median": 0.00230790069327,
        "min": 6.02387755634e-24,
        "var": 8.96310521057e-05
    },
    "spectral_energyband_middle_high": {
        "dmean": 0.00294432113878,
        "dmean2": 0.00448381435126,
        "dvar": 2.55073027802e-05,
        "dvar2": 5.93465847487e-05,
        "max": 0.121458053589,
        "mean": 0.00835819542408,
        "median": 0.00424115825444,
        "min": 1.08244640893e-21,
        "var": 0.00011478716624
    },
    "spectral_energyband_middle_low": {
        "dmean": 0.00431924499571,
        "dmean2": 0.00703285541385,
        "dvar": 9.88235187833e-05,
        "dvar2": 0.000229382974794,
        "max": 0.372333794832,
        "mean": 0.00884709507227,
        "median": 0.00432280031964,
        "min": 1.24807274159e-22,
        "var": 0.00026599530247
    },
    "spectral_entropy": {
        "dmean": 0.14021243155,
        "dmean2": 0.212993890047,
        "dvar": 0.0223981644958,
        "dvar2": 0.0501850806177,
        "max": 9.83015060425,
        "mean": 7.80311489105,
        "median": 7.62574625015,
        "min": 5.62608385086,
        "var": 0.62828207016
    },
    "spectral_flux": {
        "dmean": 0.0241934340447,
        "dmean2": 0.0390669293702,
        "dvar": 0.00121410971042,
        "dvar2": 0.00238900678232,
        "max": 0.450139343739,
        "mean": 0.0762117356062,
        "median": 0.0689228028059,
        "min": 6.26084878386e-11,
        "var": 0.00315410736948
    },
    "spectral_kurtosis": {
        "dmean": 1.24115777016,
        "dmean2": 2.11627197266,
        "dvar": 2.10225844383,
        "dvar2": 5.76562309265,
        "max": 27.6514511108,
        "mean": 3.67900180817,
        "median": 3.67229509354,
        "min": -1.43233513832,
        "var": 7.76363706589
    },
    "spectral_rms": {
        "dmean": 0.000776632514317,
        "dmean2": 0.00124335219152,
        "dvar": 1.27607950162e-06,
        "dvar2": 3.21100424117e-06,
        "max": 0.0195615720004,
        "mean": 0.00385101116262,
        "median": 0.0038551678881,
        "min": 3.05989717071e-12,
        "var": 5.92302330915e-06
    },
    "spectral_rolloff": {
        "dmean": 438.151733398,
        "dmean2": 739.846191406,
        "dvar": 559359.375,
        "dvar2": 1242224,
        "max": 19875.1464844,
        "mean": 3666.23828125,
        "median": 1744.18945312,
        "min": 86.1328125,
        "var": 30932220
    },
    "spectral_skewness": {
        "dmean": 0.185456320643,
        "dmean2": 0.300353676081,
        "dvar": 0.0357584729791,
        "dvar2": 0.088017269969,
        "max": 3.92732262611,
        "mean": 1.34456419945,
        "median": 1.42632722855,
        "min": -0.111377380788,
        "var": 0.387279421091
    },
    "spectral_spread": {
        "dmean": 530522.875,
        "dmean2": 805630.9375,
        "dvar": 589027672064,
        "dvar2": 1.27209124659e+12,
        "max": 43303580,
        "mean": 8364819.5,
        "median": 4082075.5,
        "min": 1905307.75,
        "var": 1.36620527321e+14
    },
    "spectral_strongpeak": {
        "dmean": 0.778646767139,
        "dmean2": 1.27351081371,
        "dvar": 1.31516957283,
        "dvar2": 3.23666501045,
        "max": 14.3425922394,
        "mean": 1.47052145004,
        "median": 0.520139098167,
        "min": 0,
        "var": 3.80537557602
    },
    "zerocrossingrate": {
        "dmean": 0.00940730609,
        "dmean2": 0.0121069410816,
        "dvar": 0.000146972874063,
        "dvar2": 0.000205237753107,
        "max": 0.78662109375,
        "mean": 0.115586675704,
        "median": 0.06640625,
        "min": 0.00390625,
        "var": 0.0202750917524
    },
    "barkbands": {
        "dmean": [4.72335850645e-05, 0.0016791454982, 0.00199607224204, 0.00105687510222, 0.000780463742558, 0.000856783939525, 0.000852031982504, 0.000817446678411, 0.00105669628829, 0.00117950164713, 0.00105393154081, 0.0005322653451, 0.000604117347393, 0.000568442163058, 0.000507223943714, 0.000326505483827, 0.000181171664735, 0.000143701035995, 0.000104915096017, 0.000143294542795, 8.0919751781e-05, 3.59886835213e-05, 4.17162991653e-05, 2.59404005192e-05, 1.36483331517e-05, 1.15993907457e-05, 3.5213620464e-08],
        "dmean2": [8.01065689302e-05, 0.00291340821423, 0.0037034356501, 0.00200253818184, 0.00131349416915, 0.00133305357303, 0.00136157101952, 0.00127458164934, 0.00164773291908, 0.00179588526953, 0.00167065521237, 0.000835385872051, 0.000951769819949, 0.000919438607525, 0.000810260884464, 0.000523621216416, 0.000295476755127, 0.000233464961639, 0.000168442740687, 0.000225728770602, 0.000128160143504, 5.61408560316e-05, 6.31424918538e-05, 3.89902343159e-05, 1.98577999981e-05, 1.7418709831e-05, 6.20435542942e-08],
        "dvar": [7.30297333718e-09, 1.8602302589e-05, 3.90530003642e-05, 1.33915400511e-05, 2.25516396313e-06, 3.62183368452e-06, 1.79579346877e-05, 2.5044359063e-05, 3.0100092772e-05, 1.04507880678e-05, 1.2711960153e-05, 2.86300155494e-06, 2.86220574708e-06, 2.27314058066e-06, 2.04364141609e-06, 7.37293078146e-07, 2.25201461035e-07, 6.46853450803e-08, 4.23780868175e-08, 6.98843862779e-08, 3.91467338545e-08, 5.03458430501e-09, 6.61660326529e-09, 9.21175935531e-09, 4.38918634771e-09, 6.82354839299e-10, 3.58875967409e-14],
        "dvar2": [1.9684256003e-08, 5.12066799274e-05, 0.000112429152068, 3.88833068428e-05, 5.88785587752e-06, 8.47189039632e-06, 3.92159017792e-05, 5.50368495169e-05, 7.49658211134e-05, 2.42461883317e-05, 3.0664687074e-05, 6.60942941977e-06, 6.38903657091e-06, 5.60017633688e-06, 5.09350729772e-06, 1.83317013125e-06, 5.44553643067e-07, 1.67541742258e-07, 1.05561717589e-07, 1.72193068693e-07, 9.47066354229e-08, 1.19254526254e-08, 1.39756863859e-08, 1.94311997603e-08, 8.8978602264e-09, 1.53972501415e-09, 1.0497352499e-13],
        "max": [0.00139880250208, 0.0517535284162, 0.0650038570166, 0.0487127229571, 0.0368368402123, 0.0532918907702, 0.296148478985, 0.24235150218, 0.294426590204, 0.0851239785552, 0.11590436101, 0.0505154654384, 0.0374289304018, 0.0415276139975, 0.045205168426, 0.0221676658839, 0.0212633237243, 0.00580051867291, 0.00427972525358, 0.00756187364459, 0.00649058911949, 0.00188508047722, 0.00238891737536, 0.0042972471565, 0.00332409073599, 0.00146527693141, 1.06097922981e-05],
        "mean": [5.50134063815e-05, 0.00219467515126, 0.00175239518285, 0.000747282349039, 0.00107642041985, 0.00155295536388, 0.00123513420112, 0.00175488984678, 0.00156954687554, 0.00199514743872, 0.00169618520886, 0.000876654929016, 0.000925324391574, 0.00093338167062, 0.000870733056217, 0.00052600557683, 0.000317355268635, 0.000284923968138, 0.000203873802093, 0.000288092327537, 0.000168451544596, 7.08728111931e-05, 9.48059168877e-05, 4.71096645924e-05, 2.18211407628e-05, 1.30618236653e-05, 2.61925290346e-08],
        "median": [1.86534707609e-05, 0.00119293248281, 0.000492948689498, 0.000152048916789, 0.000461122166598, 0.000585834495723, 0.000309407012537, 0.000155212401296, 0.000278906838503, 0.000301556981867, 0.000156219946803, 0.000152114007506, 0.00019513744337, 0.000203008879907, 0.00023123039864, 0.00015011204232, 0.000123340898426, 0.000140566087794, 8.95381817827e-05, 0.000143402954563, 6.4842577558e-05, 3.66254716937e-05, 4.25698708568e-05, 2.3111468181e-05, 8.64300091052e-06, 4.53440952697e-06, 1.55872970087e-09],
        "min": [6.88208786469e-26, 4.18609384482e-25, 1.24251176228e-25, 2.22030103326e-25, 4.41109127309e-24, 4.03770526285e-24, 2.96298364812e-24, 4.16665917174e-24, 9.85802948995e-24, 9.58573442699e-24, 7.12470612831e-24, 1.23979778002e-23, 2.10157294094e-23, 1.81745474627e-23, 2.91658411185e-23, 4.09658118654e-23, 4.17432658419e-23, 6.49802776768e-23, 1.10602817507e-22, 1.46413139367e-22, 1.78835802199e-22, 2.82924648113e-22, 3.0566494579e-22, 4.98626583608e-22, 7.89044779232e-22, 1.21187735463e-21, 1.8228758489e-21],
        "var": [8.59016946464e-09, 1.4952638594e-05, 2.34636790992e-05, 7.50488425183e-06, 3.36370794685e-06, 1.08194535642e-05, 2.33209957514e-05, 0.000119345648272, 3.51418275386e-05, 3.05866815324e-05, 2.9822698707e-05, 6.75117371429e-06, 5.88800230616e-06, 4.65346283818e-06, 5.26575786353e-06, 1.42864280406e-06, 4.41011849261e-07, 1.52390001062e-07, 9.37312165661e-08, 1.66739297924e-07, 9.99732137075e-08, 1.06597433103e-08, 2.12891375639e-08, 1.25164154596e-08, 6.13561734752e-09, 8.39145142262e-10, 2.1839667119e-14]
    },
    "erbbands": {
        "dmean": [0.0316777713597, 0.464738786221, 2.07928943634, 3.18524193764, 2.9874856472, 2.43905639648, 4.48278713226, 7.45291996002, 11.2126617432, 12.3037691116, 21.1671695709, 26.0687923431, 34.0761871338, 33.5987434387, 35.4436569214, 22.021238327, 27.5059337616, 25.9728031158, 27.2880592346, 21.4735546112, 14.4792137146, 8.61755561829, 7.09239625931, 6.05811071396, 5.04980611801, 7.44802379608, 4.70817995071, 2.02624487877, 1.1542289257, 1.44107472897, 1.10701572895, 0.630961954594, 0.391772449017, 0.181863963604, 0.0858665704727, 0.0566067323089, 0.021888691932, 0.000799183559138, 2.19793182623e-05, 1.04330947579e-05],
        "dmean2": [0.0534358881414, 0.820550084114, 3.83651947975, 6.02351570129, 5.45314884186, 4.07392787933, 7.03384685516, 11.6596841812, 18.0123767853, 19.2574081421, 32.4726905823, 40.4445724487, 51.7180595398, 52.1294059753, 56.0120582581, 34.0912628174, 43.2974281311, 41.5409927368, 43.4443130493, 34.6994514465, 22.8302993774, 13.8993206024, 11.4013404846, 9.71992588043, 8.00221538544, 11.7772340775, 7.45783281326, 3.19148802757, 1.80794584751, 2.18925309181, 1.66821479797, 0.954533755779, 0.591954052448, 0.267173230648, 0.12523008883, 0.0853338316083, 0.0328062996268, 0.00116816465743, 3.19019236485e-05, 1.68875612871e-05],
        "dvar": [0.00514216907322, 1.5393140316, 39.389125824, 121.778846741, 63.1372337341, 22.3213481903, 131.37727356, 265.493286133, 1460.76977539, 9227.70214844, 15919.7529297, 19207.8867188, 11743.1621094, 7493.93554688, 14361.2324219, 4899.34033203, 6051.94482422, 4434.37011719, 7264.03369141, 2334.0690918, 1984.88635254, 397.28515625, 164.893005371, 123.296134949, 105.640541077, 200.962249756, 124.472518921, 22.0729198456, 6.06220531464, 7.4539437294, 4.82471752167, 3.15072059631, 2.92993927002, 0.59398573637, 0.286839097738, 0.0312454160303, 0.00158202333841, 4.53550455859e-06, 2.30639862764e-09, 3.33944677466e-10],
        "dvar2": [0.0134359234944, 4.31161212921, 113.032058716, 353.678131104, 180.505630493, 58.3933410645, 309.660339355, 620.905456543, 3712.20776367, 17803.8828125, 35169.8398438, 48144.8515625, 27377.2167969, 17445.3828125, 34859.015625, 11139.7587891, 13631.3115234, 10369.9609375, 17911.9570312, 6008.14990234, 4761.50048828, 931.806396484, 417.598999023, 311.230316162, 257.045410156, 501.584136963, 301.242492676, 51.3193702698, 14.6981220245, 16.5171890259, 10.1446971893, 6.30514717102, 6.49995422363, 1.25167453289, 0.596351802349, 0.0712159723043, 0.00352610647678, 9.57450720307e-06, 4.84225770592e-09, 8.41062941515e-10],
        "max": [0.978896081448, 14.2095851898, 65.6374130249, 136.41607666, 102.177574158, 92.4992141724, 412.234924316, 420.439025879, 1453.30444336, 7722.09960938, 5498.33056641, 7362.14453125, 3155.71191406, 2345.69262695, 3770.75805664, 2464.44116211, 1784.73522949, 2550.86328125, 2714.23071289, 1020.43621826, 1464.59814453, 612.351196289, 249.163116455, 229.595001221, 216.739761353, 384.24319458, 340.047271729, 164.874313354, 72.3900680542, 72.8921661377, 53.1753616333, 65.6114196777, 73.4380187988, 31.9056529999, 31.9631271362, 10.5698728561, 1.48669612408, 0.132379323244, 0.00281165237539, 0.000445546698757],
        "mean": [0.0442132726312, 0.565351963043, 1.9709135294, 2.40576219559, 2.65848040581, 3.55538201332, 7.75984716415, 13.354473114, 17.327085495, 17.7350292206, 48.1955490112, 40.3248291016, 60.310634613, 59.0236930847, 59.9505119324, 40.201171875, 45.7087478638, 46.8555488586, 49.1169586182, 38.4920730591, 26.7415847778, 17.37474823, 14.8409671783, 12.7365236282, 10.8050718307, 14.962515831, 9.79416751862, 4.36012983322, 2.3227455616, 3.20665407181, 2.45177435875, 1.18062484264, 0.697145760059, 0.314926564693, 0.122127398849, 0.068491563201, 0.0233524125069, 0.000885045737959, 3.51762209903e-05, 2.75235506706e-05],
        "median": [0.0257416628301, 0.280038237572, 0.662065923214, 0.698354363441, 0.90977793932, 1.5602465868, 2.69432640076, 5.2973613739, 4.76463985443, 4.39351987839, 5.04472541809, 7.61124038696, 10.3164215088, 11.1959552765, 8.94722938538, 9.7236700058, 11.5518474579, 12.0815162659, 13.1644229889, 14.703915596, 9.20036315918, 7.51955699921, 7.84503269196, 6.6919465065, 5.15252017975, 7.42697048187, 4.3436589241, 2.0876083374, 1.29366862774, 1.43201804161, 1.11102056503, 0.603032827377, 0.317194521427, 0.130156844854, 0.0454472526908, 0.0287508778274, 0.00598690938205, 0.000204331736313, 2.23181741603e-05, 2.0591834982e-05],
        "min": [4.11639232377e-23, 2.15542471996e-22, 7.43500014776e-22, 2.39952413343e-21, 4.60816745478e-21, 1.27489123052e-20, 1.32546064262e-20, 3.58982717981e-20, 6.74439515247e-20, 1.12664907487e-19, 1.38700843782e-19, 2.3260148219e-19, 3.46347579361e-19, 4.5707684544e-19, 6.05773985978e-19, 7.2151211501e-19, 1.29009776671e-18, 8.8886564218e-19, 1.71432323752e-18, 1.88785921598e-18, 2.6270644141e-18, 3.14983428943e-18, 4.38512472311e-18, 5.42566003106e-18, 5.93959644463e-18, 7.38504782936e-18, 7.39885430096e-18, 8.69193446737e-18, 9.17841096614e-18, 1.00307329062e-17, 9.91395899198e-18, 9.24600982016e-18, 8.67463150332e-18, 6.79787367154e-18, 5.51475441407e-18, 3.63580993034e-18, 1.80329406042e-18, 8.46980007695e-19, 2.25229079884e-19, 2.50731352206e-20],
        "var": [0.00502107618377, 1.14287626743, 24.333814621, 68.2248840332, 40.2920761108, 35.5301322937, 337.438812256, 726.688415527, 2279.52270508, 11875.4287109, 88016.9453125, 22783.1308594, 35283.0351562, 18262.6191406, 32719.0957031, 12934.7753906, 12697.7753906, 11736.4511719, 17916.7421875, 4641.35302734, 4431.88085938, 1096.47937012, 384.04800415, 284.820343018, 260.148986816, 453.729888916, 290.904052734, 58.9515266418, 11.8435773849, 24.1380252838, 14.7256879807, 5.18181371689, 3.62253785133, 0.831515908241, 0.357972949743, 0.0373782627285, 0.00202736118808, 5.88208376939e-06, 3.4008569294e-09, 8.31862745354e-10]
    },
    "gfcc": {
        "mean": [-143.097625732, 79.3261947632, -123.964149475, 27.4944095612, -56.0347900391, 18.8216228485, -31.3888282776, 8.8522233963, -19.6603107452, 5.05289316177, -11.5281620026, -0.592214286327, -6.69150829315],
        "cov": [[135574.671875, 10245.6005859, -16425.5703125, 3562.29907227, -7249.43359375, 2506.67602539, -4010.53125, 1216.07275391, -2660.50512695, 730.174072266, -1541.87988281, 26.5013427734, -886.887329102], [10245.6005859, 1561.77575684, -994.382080078, 374.747131348, -501.285736084, 162.482055664, -235.758758545, 25.238494873, -150.554412842, 9.14306735992, -15.7276277542, -59.7665519714, -43.5891342163], [-16425.5703125, -994.382080078, 3116.61401367, -202.76802063, 1010.41351318, -279.545440674, 503.197296143, -129.563186646, 280.416564941, 6.29272174835, 161.865753174, 84.2213821411, -1.26036345959], [3562.29907227, 374.747131348, -202.76802063, 499.097412109, -117.633956909, 29.8399868011, -104.825904846, 33.1291885376, -42.5594024658, -10.4879302979, -43.5041465759, -5.96118307114, -26.6116447449], [-7249.43359375, -501.285736084, 1010.41351318, -117.633956909, 616.25201416, -100.863456726, 276.497314453, -42.4453315735, 138.993164062, -14.8636465073, 57.21068573, 24.4798278809, 13.869052887], [2506.67602539, 162.482055664, -279.545440674, 29.8399868011, -100.863456726, 258.51159668, -15.8874864578, 17.133605957, -74.069190979, 11.9145078659, -7.11126899719, -16.200548172, -14.6349239349], [-4010.53125, -235.758758545, 503.197296143, -104.825904846, 276.497314453, -15.8874864578, 276.526245117, -9.10652542114, 82.1875610352, -34.9245223999, 55.8224906921, -15.8411817551, 22.9461593628], [1216.07275391, 25.238494873, -129.563186646, 33.1291885376, -42.4453315735, 17.133605957, -9.10652542114, 129.376174927, 19.7158260345, 10.6260385513, -61.0246543884, 8.81416511536, -12.4739217758], [-2660.50512695, -150.554412842, 280.416564941, -42.5594024658, 138.993164062, -74.069190979, 82.1875610352, 19.7158260345, 188.985610962, -4.3309044838, 17.6507034302, -26.3444194794, 31.9729576111], [730.174072266, 9.14306735992, 6.29272174835, -10.4879302979, -14.8636465073, 11.9145078659, -34.9245223999, 10.6260385513, -4.3309044838, 110.10068512, 2.71601200104, 22.5043411255, -42.613243103], [-1541.87988281, -15.7276277542, 161.865753174, -43.5041465759, 57.21068573, -7.11126899719, 55.8224906921, -61.0246543884, 17.6507034302, 2.71601200104, 149.599075317, 3.0865008831, 28.4184837341], [26.5013427734, -59.7665519714, 84.2213821411, -5.96118307114, 24.4798278809, -16.200548172, -15.8411817551, 8.81416511536, -26.3444194794, 22.5043411255, 3.0865008831, 102.838676453, 5.47921562195], [-886.887329102, -43.5891342163, -1.26036345959, -26.6116447449, 13.869052887, -14.6349239349, 22.9461593628, -12.4739217758, 31.9729576111, -42.613243103, 28.4184837341, 5.47921562195, 101.22353363]],
        "icov": [[0.000180259798071, -0.000494208768941, 0.000424226658652, -0.000403872953029, 0.000539333559573, -0.00047776979045, 0.000244806928094, -0.0004842527851, 0.000564151152503, -0.000686701969244, 0.000592432566918, -0.000573507742956, 0.000404955615522], [-0.000494208768941, 0.00244909757748, -0.00103938556276, 0.000452114560176, -0.000931595510338, 0.00109904923011, -0.000716989510693, 0.00137854157947, -0.00142974592745, 0.00184669904411, -0.00208679866046, 0.00193144194782, -0.000840231310576], [0.000424226658652, -0.00103938556276, 0.00181287375744, -0.00110063736793, 0.000432102213381, -0.000820141402073, 8.74606193975e-05, -0.000597594713327, 0.000920979538932, -0.00172600394581, 0.00118096149527, -0.00193025183398, 0.00148672657087], [-0.000403872953029, 0.000452114560176, -0.00110063736793, 0.00359356915578, -0.00152276211884, 0.000999431824312, 0.000478291593026, 0.000431427703006, -0.00120811618399, 0.00236971559934, -0.0010833744891, 0.00126424897462, -0.000500055088196], [0.000539333559573, -0.000931595510338, 0.000432102213381, -0.00152276211884, 0.00672202603891, -0.00127295136917, -0.0023492926266, -0.000271100783721, 0.000511209014803, -0.00212631514296, 0.00238974229433, -0.00283049675636, 0.00174911844078], [-0.00047776979045, 0.00109904923011, -0.000820141402073, 0.000999431824312, -0.00127295136917, 0.00632120855153, -0.00192389218137, 0.000514558167197, 0.000564377754927, 0.000706330814864, -0.0017836362822, 0.00256749731489, -0.00139151827898], [0.000244806928094, -0.000716989510693, 8.74606193975e-05, 0.000478291593026, -0.0023492926266, -0.00192389218137, 0.00911658722907, -0.0030228078831, 0.000448908365797, 0.00152853596956, -0.00152320077177, 0.00119906605687, 0.000432025641203], [-0.0004842527851, 0.00137854157947, -0.000597594713327, 0.000431427703006, -0.000271100783721, 0.000514558167197, -0.0030228078831, 0.0132008921355, -0.0048873545602, 0.000893207208719, 0.00315997679718, -0.00155324034858, -3.0312751278e-06], [0.000564151152503, -0.00142974592745, 0.000920979538932, -0.00120811618399, 0.000511209014803, 0.000564377754927, 0.000448908365797, -0.0048873545602, 0.0111775454134, -0.00422025378793, 0.00115566106979, 0.00253691524267, -0.00244041997939], [-0.000686701969244, 0.00184669904411, -0.00172600394581, 0.00236971559934, -0.00212631514296, 0.000706330814864, 0.00152853596956, 0.000893207208719, -0.00422025378793, 0.0158867835999, -0.00437439745292, -0.00110713008326, 0.00484621990472], [0.000592432566918, -0.00208679866046, 0.00118096149527, -0.0010833744891, 0.00238974229433, -0.0017836362822, -0.00152320077177, 0.00315997679718, 0.00115566106979, -0.00437439745292, 0.012080042623, -0.00279201869853, -0.00127555581275], [-0.000573507742956, 0.00193144194782, -0.00193025183398, 0.00126424897462, -0.00283049675636, 0.00256749731489, 0.00119906605687, -0.00155324034858, 0.00253691524267, -0.00110713008326, -0.00279201869853, 0.0152814341709, -0.00489974906668], [0.000404955615522, -0.000840231310576, 0.00148672657087, -0.000500055088196, 0.00174911844078, -0.00139151827898, 0.000432025641203, -3.0312751278e-06, -0.00244041997939, 0.00484621990472, -0.00127555581275, -0.00489974906668, 0.0158476363868]]
    },
    "melbands": {
        "dmean": [0.000368667184375, 0.00092934537679, 0.000547934381757, 0.000186487362953, 0.000142818782479, 0.000169442893821, 0.000172710002516, 0.000136946327984, 0.000178645335836, 0.000160992902238, 0.000170059327502, 0.00013567780843, 0.000148635270307, 5.96550380578e-05, 6.18222547928e-05, 5.78253529966e-05, 5.21200818184e-05, 4.7380279284e-05, 3.39450562024e-05, 2.52265617746e-05, 1.76522680704e-05, 9.84986672847e-06, 8.50204105518e-06, 7.58665419198e-06, 5.14429711984e-06, 4.29901365351e-06, 4.22603216066e-06, 5.53351219423e-06, 3.57495173375e-06, 2.12734835259e-06, 1.06474885797e-06, 7.21593096387e-07, 7.02346824255e-07, 9.43735983583e-07, 7.61023102314e-07, 4.85201155698e-07, 3.90391448946e-07, 3.02945636577e-07, 2.32342074469e-07, 1.39369035423e-07],
        "dmean2": [0.000631127157249, 0.00169598963112, 0.00103348016273, 0.000325644999975, 0.000224161456572, 0.000264346803306, 0.000276956154266, 0.000216069616727, 0.000274659571005, 0.00024956164998, 0.000258122076048, 0.000210473896004, 0.000234751685639, 9.26978464122e-05, 9.82697602012e-05, 9.03417167137e-05, 8.37542611407e-05, 7.55016008043e-05, 5.45622024219e-05, 4.08066625823e-05, 2.76516857411e-05, 1.60586005222e-05, 1.36688604471e-05, 1.23297350001e-05, 8.26344967209e-06, 6.92544699632e-06, 6.74044486004e-06, 8.76257217897e-06, 5.72686121814e-06, 3.40732322002e-06, 1.69522400029e-06, 1.16003479889e-06, 1.10473274617e-06, 1.44644161537e-06, 1.16583703402e-06, 7.56197835017e-07, 6.00841190135e-07, 4.70814711662e-07, 3.49631051222e-07, 2.09479040336e-07],
        "dvar": [8.10250071481e-07, 7.37291884434e-06, 3.44237173522e-06, 1.54384537154e-07, 1.13807061553e-07, 1.41612076732e-07, 3.85055074048e-07, 9.16250087357e-07, 1.06181812498e-06, 6.0449593775e-07, 2.91627685556e-07, 1.26677946355e-07, 2.79878747733e-07, 3.33928262819e-08, 2.88705752638e-08, 3.18706767644e-08, 1.80588095589e-08, 2.16988382817e-08, 7.84307996327e-09, 3.8439029737e-09, 3.48545481366e-09, 7.20494996997e-10, 3.31294436329e-10, 2.12249592901e-10, 9.92965848434e-11, 8.11948772106e-11, 7.99551189146e-11, 1.18864668108e-10, 6.39134162261e-11, 4.07648324818e-11, 5.49258858881e-12, 2.4461975414e-12, 1.94893884017e-12, 3.32187185745e-12, 2.21578376307e-12, 1.44641481951e-12, 1.40465579706e-12, 1.62571713903e-12, 1.08703692749e-12, 3.05173448361e-13],
        "dvar2": [2.17336082642e-06, 2.10336729651e-05, 9.987534213e-06, 4.27139582371e-07, 2.66593843889e-07, 3.24993720824e-07, 9.46515513078e-07, 1.79333221695e-06, 2.36740743276e-06, 1.49047139075e-06, 6.78547280586e-07, 2.93559793363e-07, 6.7827318162e-07, 7.59757625701e-08, 6.86422154672e-08, 6.99890279066e-08, 4.3082515333e-08, 5.33631236976e-08, 1.97326919249e-08, 9.91469129019e-09, 8.12730949207e-09, 1.68002312062e-09, 8.26388901753e-10, 5.4927978832e-10, 2.52153575797e-10, 2.04617406352e-10, 1.97775504307e-10, 2.9773386534e-10, 1.56163734721e-10, 9.99894680942e-11, 1.30046242872e-11, 6.12306342782e-12, 4.58745845131e-12, 7.4447687598e-12, 4.75146614762e-12, 3.2429350004e-12, 2.85188279242e-12, 3.75521575641e-12, 2.31928799083e-12, 6.57700781857e-13],
        "max": [0.0116211241111, 0.027003319934, 0.0232840813696, 0.00598259828985, 0.0120108770207, 0.0106141995639, 0.0238195452839, 0.0706359222531, 0.0421786233783, 0.0397684983909, 0.0159836821258, 0.0104251941666, 0.0177221819758, 0.00441670836881, 0.00461157597601, 0.00499769253656, 0.00421337643638, 0.0048226560466, 0.00277840159833, 0.00150674127508, 0.00206546415575, 0.000959400786087, 0.000366655294783, 0.000313448341331, 0.000231731755775, 0.000174238462932, 0.000255415507127, 0.000262047076831, 0.000185296914424, 0.000235307859839, 7.5756390288e-05, 4.33471359429e-05, 3.47446220985e-05, 4.78148976981e-05, 3.81658064725e-05, 3.22584055539e-05, 4.44356628577e-05, 4.96077809657e-05, 4.57889218524e-05, 2.44862658292e-05],
        "mean": [0.000507221033331, 0.000963436206803, 0.000429576262832, 0.000217800232349, 0.000256177969277, 0.000309322902467, 0.000262873218162, 0.000202164650545, 0.000395041046431, 0.000237877553445, 0.000296017969958, 0.00023011432495, 0.000242380265263, 9.73316855379e-05, 0.000101586119854, 9.23367697396e-05, 8.66739137564e-05, 7.89855766925e-05, 5.90262861806e-05, 4.0752296627e-05, 2.97543356282e-05, 1.77208585228e-05, 1.4568718143e-05, 1.45423764479e-05, 9.61349087447e-06, 8.16385727376e-06, 8.03277907835e-06, 1.01639852801e-05, 6.66675077809e-06, 4.03110107072e-06, 1.98360817194e-06, 1.25567930809e-06, 1.36285814278e-06, 1.9840999812e-06, 1.58337775247e-06, 8.98597988908e-07, 6.43495638997e-07, 5.06876347117e-07, 3.84435139722e-07, 2.24202878485e-07],
        "median": [0.000305468507577, 0.000420587748522, 0.000139205745654, 9.62080375757e-05, 9.4651208201e-05, 0.000119273165183, 6.9479458034e-05, 4.43184108008e-05, 3.99799901061e-05, 4.43816170446e-05, 4.08161140513e-05, 3.91638386645e-05, 2.44276379817e-05, 1.86369561561e-05, 2.40862427745e-05, 1.91985636775e-05, 1.73499956873e-05, 1.66658755916e-05, 1.75007226062e-05, 1.26090299091e-05, 7.81873859523e-06, 6.52363905829e-06, 5.76002821617e-06, 5.89070532442e-06, 4.65885568701e-06, 3.020060376e-06, 3.63885737897e-06, 4.61717445432e-06, 2.58383624896e-06, 1.4295510482e-06, 9.44630698996e-07, 6.32970852621e-07, 6.32056298855e-07, 8.13733322502e-07, 6.86266787397e-07, 4.11820963109e-07, 3.16652858601e-07, 2.24732133347e-07, 1.52128478703e-07, 8.47239434165e-08],
        "min": [4.90523867451e-25, 4.84648086302e-25, 4.78695687038e-25, 6.75918062395e-25, 4.43465947871e-25, 7.01491700347e-25, 8.88017171133e-25, 8.32551374811e-25, 9.35995001135e-25, 1.17044436356e-24, 1.23136483722e-24, 1.23776575321e-24, 1.65839585421e-24, 1.69970297779e-24, 2.02956299594e-24, 2.2816914215e-24, 1.2486700789e-24, 2.05441605876e-24, 2.89597504181e-24, 1.50519719287e-24, 2.46412556381e-24, 2.80396368633e-24, 2.92595648938e-24, 3.45172873283e-24, 3.61442735023e-24, 3.71135113978e-24, 3.31767207718e-24, 3.64749166621e-24, 3.06715351951e-24, 3.80313826155e-24, 4.25167234491e-24, 3.79910757675e-24, 4.53067745873e-24, 4.69024863707e-24, 4.32667684535e-24, 4.97728711592e-24, 4.86563647656e-24, 5.10003781707e-24, 5.48812346142e-24, 5.18656678648e-24],
        "var": [7.08281618245e-07, 4.72896908832e-06, 1.94082349481e-06, 1.38471563105e-07, 3.11466351377e-07, 4.22389149435e-07, 5.77338710173e-07, 1.24730786411e-06, 5.54385314899e-06, 7.40026678159e-07, 8.92008188202e-07, 3.07728555526e-07, 6.47614683658e-07, 7.94907180079e-08, 6.2603064066e-08, 6.87080401462e-08, 4.40259704249e-08, 4.73479033758e-08, 1.79145160928e-08, 6.8621077709e-09, 7.69889396679e-09, 1.73691727667e-09, 5.82464299015e-10, 5.17554332724e-10, 1.95187310759e-10, 1.85990750579e-10, 1.63838831391e-10, 2.40744618685e-10, 1.4034701179e-10, 8.74555913799e-11, 1.12587595497e-11, 4.00494958377e-12, 4.45028562612e-12, 1.02983212236e-11, 6.55677118502e-12, 2.60908937684e-12, 2.04641924066e-12, 1.91065631198e-12, 1.39762767332e-12, 4.32506976197e-13]
    },
    "mfcc": {
        "mean": [-703.531677246, 100.374397278, -12.3780546188, 12.1296377182, -2.77357912064, 6.73689937592, -0.257509499788, 2.68234205246, -2.1908519268, 7.21753501892, -4.10598134995, 0.637610912323, 0.268344849348],
        "cov": [[30012.1015625, 5620.61132812, -1268.58984375, 666.795288086, -306.694488525, 369.77633667, 41.4128112793, 220.666595459, -159.547485352, 522.536437988, -342.621582031, -53.3615570068, 73.5811843872], [5620.61132812, 1996.63806152, 62.3759231567, 232.520065308, 5.72089719772, 140.755386353, 54.3869247437, 44.9949073792, -80.4345550537, 149.888412476, -39.852191925, 18.0811805725, 4.23391246796], [-1268.58984375, 62.3759231567, 853.643066406, 211.415222168, 145.111434937, 78.468132019, 43.7009811401, -2.95633387566, -36.8441696167, 6.41841840744, 10.1687088013, 40.5192222595, 10.0035495758], [666.795288086, 232.520065308, 211.415222168, 467.198608398, 113.901741028, 28.6840171814, -13.9584674835, 33.1042098999, 12.4954338074, 17.9111232758, -38.1030464172, 67.0462341309, 7.99449443817], [-306.694488525, 5.72089719772, 145.111434937, 113.901741028, 164.042190552, 46.5141067505, 8.54625415802, 15.3591041565, 13.7984714508, -0.445416718721, 2.70802307129, 18.8514575958, 7.57307434082], [369.77633667, 140.755386353, 78.468132019, 28.6840171814, 46.5141067505, 164.803131104, 77.4828033447, 15.936340332, -20.4984226227, 24.5089416504, 15.7659988403, -13.8729248047, 9.83897304535], [41.4128112793, 54.3869247437, 43.7009811401, -13.9584674835, 8.54625415802, 77.4828033447, 175.226455688, 36.9795684814, -38.4147148132, 19.6433334351, 9.90982151031, -31.0527992249, 5.79698085785], [220.666595459, 44.9949073792, -2.95633387566, 33.1042098999, 15.3591041565, 15.936340332, 36.9795684814, 114.433868408, 47.73462677, 23.1981582642, -8.42177867889, -14.7461595535, -0.953407526016], [-159.547485352, -80.4345550537, -36.8441696167, 12.4954338074, 13.7984714508, -20.4984226227, -38.4147148132, 47.73462677, 156.799926758, 21.1880550385, 0.652319312096, 13.4010334015, -20.6953983307], [522.536437988, 149.888412476, 6.41841840744, 17.9111232758, -0.445416718721, 24.5089416504, 19.6433334351, 23.1981582642, 21.1880550385, 104.447479248, 22.6839408875, 0.00333184958436, -4.6162147522], [-342.621582031, -39.852191925, 10.1687088013, -38.1030464172, 2.70802307129, 15.7659988403, 9.90982151031, -8.42177867889, 0.652319312096, 22.6839408875, 94.4082641602, 24.3637962341, -5.55253171921], [-53.3615570068, 18.0811805725, 40.5192222595, 67.0462341309, 18.8514575958, -13.8729248047, -31.0527992249, -14.7461595535, 13.4010334015, 0.00333184958436, 24.3637962341, 99.6857528687, 12.5097932816], [73.5811843872, 4.23391246796, 10.0035495758, 7.99449443817, 7.57307434082, 9.83897304535, 5.79698085785, -0.953407526016, -20.6953983307, -4.6162147522, -5.55253171921, 12.5097932816, 63.4695968628]],
