{
"lowlevel": {
    "average_loudness": 0.457498371601,
    "barkbands_crest": {
        "dmean": 2.01120281219,
        "dmean2": 3.28167033195,
        "dvar": 3.94329714775,
        "dvar2": 10.0375814438,
        "max": 24.8593006134,
        "mean": 9.10558223724,
        "median": 7.98412799835,
        "min": 2.20396184921,
        "var": 14.9616260529
    },
    "barkbands_flatness_db": {
        "dmean": 0.016526479274,
        "dmean2": 0.0256673246622,
        "dvar": 0.000254874466918,
        "dvar2": 0.00056990183657,
        "max": 0.399485915899,
        "mean": 0.148668423295,
        "median": 0.139980703592,
        "min": 0.0401214808226,
        "var": 0.00338346906938
    },
    "barkbands_kurtosis": {
        "dmean": 1.98162400723,
        "dmean2": 3.15445947647,
        "dvar": 9.85296630859,
        "dvar2": 24.1373252869,
        "max": 76.6258773804,
        "mean": 4.26194143295,
        "median": 2.68467235565,
        "min": -1.93972373009,
        "var": 39.5793800354
    },
    "barkbands_skewness": {
        "dmean": 0.381480544806,
        "dmean2": 0.598558843136,
        "dvar": 0.168252274394,
        "dvar2": 0.38562014699,
        "max": 6.53848648071,
        "mean": 1.11043155193,
        "median": 1.24508357048,
        "min": -2.71204042435,
        "var": 2.09779453278
    },
    "barkbands_spread": {
        "dmean": 3.8905954361,
        "dmean2": 6.04022312164,
        "dvar": 32.9159851074,
        "dvar2": 66.2519226074,
        "max": 135.251052856,
        "mean": 18.2131462097,
        "median": 16.2514228821,
        "min": 1.26073431969,
        "var": 136.869750977
    },
    "dissonance": {
        "dmean": 0.019051766023,
        "dmean2": 0.0318197347224,
        "dvar": 0.000387283187592,
        "dvar2": 0.00103543815203,
        "max": 0.500000119209,
        "mean": 0.457251667976,
        "median": 0.467423975468,
        "min": 0.253412932158,
        "var": 0.00134359649383
    },
    "dynamic_complexity": 6.48407316208,
    "erbbands_crest": {
        "dmean": 2.37408208847,
        "dmean2": 3.85667824745,
        "dvar": 5.85310411453,
        "dvar2": 14.6689786911,
        "max": 29.994342804,
        "mean": 9.03681278229,
        "median": 8.06501102448,
        "min": 2.44471096992,
        "var": 21.2094745636
    },
    "erbbands_flatness_db": {
        "dmean": 0.0147236064076,
        "dmean2": 0.0218353699893,
        "dvar": 0.000211293197935,
        "dvar2": 0.000419331190642,
        "max": 0.375488340855,
        "mean": 0.174415081739,
        "median": 0.171453177929,
        "min": 0.0619449689984,
        "var": 0.00290022068657
    },
    "erbbands_kurtosis": {
        "dmean": 0.911511003971,
        "dmean2": 1.45585656166,
        "dvar": 1.96637451649,
        "dvar2": 4.96214437485,
        "max": 38.8026885986,
        "mean": 0.892873704433,
        "median": 0.179209470749,
        "min": -1.8015832901,
        "var": 7.58996200562
    },
    "erbbands_skewness": {
        "dmean": 0.317519336939,
        "dmean2": 0.497154831886,
        "dvar": 0.102677896619,
        "dvar2": 0.236015871167,
        "max": 5.00429725647,
        "mean": 0.456936329603,
        "median": 0.465686291456,
        "min": -3.79872918129,
        "var": 0.750524938107
    },
    "erbbands_spread": {
        "dmean": 5.85375213623,
        "dmean2": 9.07897567749,
        "dvar": 49.0095939636,
        "dvar2": 104.617179871,
        "max": 146.453033447,
        "mean": 32.5574951172,
        "median": 31.6613864899,
        "min": 4.18693065643,
        "var": 252.883285522
    },
    "hfc": {
        "dmean": 3.63726997375,
        "dmean2": 5.50847101212,
        "dvar": 42.2385635376,
        "dvar2": 91.6466827393,
        "max": 180.558837891,
        "mean": 14.8133821487,
        "median": 8.28000736237,
        "min": 1.0367945987e-16,
        "var": 298.770172119
    },
    "melbands_crest": {
        "dmean": 2.49585199356,
        "dmean2": 4.11028957367,
        "dvar": 6.37658452988,
        "dvar2": 16.2851371765,
        "max": 38.8278388977,
        "mean": 11.3547496796,
        "median": 10.8703489304,
        "min": 1.45030975342,
        "var": 31.1985778809
    },
    "melbands_flatness_db": {
        "dmean": 0.0178072098643,
        "dmean2": 0.0272252243012,
        "dvar": 0.000382383557735,
        "dvar2": 0.000823390262667,
        "max": 0.529423058033,
        "mean": 0.185863554478,
        "median": 0.187893152237,
        "min": 0.00255297776312,
        "var": 0.00828017294407
    },
    "melbands_kurtosis": {
        "dmean": 3.72981548309,
        "dmean2": 5.99859285355,
        "dvar": 42.4885864258,
        "dvar2": 104.246063232,
        "max": 129.904647827,
        "mean": 8.79525756836,
        "median": 5.17547416687,
        "min": -1.75293028355,
        "var": 149.286636353
    },
    "melbands_skewness": {
        "dmean": 0.479671210051,
        "dmean2": 0.754510164261,
        "dvar": 0.291306436062,
        "dvar2": 0.688351929188,
        "max": 9.53290367126,
        "mean": 1.91114187241,
        "median": 1.76292097569,
        "min": -1.15022444725,
        "var": 2.06122112274
    },
    "melbands_spread": {
        "dmean": 6.00506305695,
        "dmean2": 9.5187330246,
        "dvar": 91.9014434814,
        "dvar2": 201.828460693,
        "max": 240.980957031,
        "mean": 32.4095687866,
        "median": 18.230550766,
        "min": 1.30426549911,
        "var": 1462.97900391
    },
    "pitch_salience": {
        "dmean": 0.0557050853968,
        "dmean2": 0.0912103876472,
        "dvar": 0.00295817689039,
        "dvar2": 0.00761554436758,
        "max": 0.892602026463,
        "mean": 0.604384958744,
        "median": 0.600402712822,
        "min": 0.0737410336733,
        "var": 0.0141803398728
    },
    "silence_rate_20dB": {
        "dmean": 0,
        "dmean2": 0,
        "dvar": 0,
        "dvar2": 0,
        "max": 1,
        "mean": 1,
        "median": 1,
        "min": 1,
        "var": 0
    },
    "silence_rate_30dB": {
        "dmean": 0.000647738284897,
        "dmean2": 0.00129561650101,
        "dvar": 0.000647363252938,
        "dvar2": 0.00172598788049,
        "max": 1,
        "mean": 0.999460279942,
        "median": 1,
        "min": 0,
        "var": 0.000539562082849
    },
    "silence_rate_60dB": {
        "dmean": 0.0148979816586,
        "dmean2": 0.0297991801053,
        "dvar": 0.0146760968491,
        "dvar2": 0.0319315902889,
        "max": 1,
        "mean": 0.29263818264,
        "median": 0,
        "min": 0,
        "var": 0.207031309605
    },
    "spectral_centroid": {
        "dmean": 203.757171631,
        "dmean2": 322.720703125,
        "dvar": 92239.40625,
        "dvar2": 205770.265625,
        "max": 11991.1884766,
        "mean": 2174.83837891,
        "median": 1129.09008789,
        "min": 227.548156738,
        "var": 9463533
    },
    "spectral_complexity": {
        "dmean": 2.33919906616,
        "dmean2": 3.69682574272,
        "dvar": 9.41524124146,
        "dvar2": 20.75233078,
        "max": 56,
        "mean": 14.2329444885,
        "median": 14,
        "min": 0,
        "var": 116.421440125
    },
    "spectral_decrease": {
        "dmean": 1.30178812174e-09,
        "dmean2": 2.04652317315e-09,
        "dvar": 4.82278598521e-18,
        "dvar2": 1.1688898335e-17,
        "max": 2.57611118247e-27,
        "mean": -4.76932937588e-09,
        "median": -3.89399268386e-09,
        "min": -3.41632144796e-08,
        "var": 2.16148878418e-17
    },
    "spectral_energy": {
        "dmean": 0.00515434890985,
        "dmean2": 0.00809905584902,
        "dvar": 7.42596166674e-05,
        "dvar2": 0.000179773458512,
        "max": 0.135106265545,
        "mean": 0.0193441472948,
        "median": 0.0158049352467,
        "min": 9.71559576257e-21,
        "var": 0.000351851136656
    },
    "spectral_energyband_high": {
        "dmean": 0.000184055184945,
        "dmean2": 0.000266415037913,
        "dvar": 3.44738992908e-07,
        "dvar2": 6.20897537829e-07,
        "max": 0.0205599814653,
        "mean": 0.000445224519353,
        "median": 0.000140726391692,
        "min": 6.73635817193e-21,
        "var": 1.0766189007e-06
    },
    "spectral_energyband_low": {
        "dmean": 0.00199894816615,
        "dmean2": 0.00329318270087,
        "dvar": 3.40122751368e-05,
        "dvar2": 8.89121074579e-05,
        "max": 0.100849971175,
        "mean": 0.00433507747948,
        "median": 0.00213972385973,
        "min": 7.67315220633e-24,
        "var": 4.75760170957e-05
    },
    "spectral_energyband_middle_high": {
        "dmean": 0.00130660005379,
        "dmean2": 0.00204095500521,
        "dvar": 5.89312594457e-06,
        "dvar2": 1.45252197399e-05,
        "max": 0.0515765994787,
        "mean": 0.00436890311539,
        "median": 0.00159971707035,
        "min": 1.0246891689e-21,
        "var": 3.96549003199e-05
    },
    "spectral_energyband_middle_low": {
        "dmean": 0.00364440609701,
        "dmean2": 0.00569741846994,
        "dvar": 3.74623887183e-05,
        "dvar2": 8.89125149115e-05,
        "max": 0.112815991044,
        "mean": 0.0107798958197,
        "median": 0.00743667501956,
        "min": 1.10850456723e-22,
        "var": 0.00014973366342
    },
    "spectral_entropy": {
        "dmean": 0.124026350677,
        "dmean2": 0.184670835733,
        "dvar": 0.0201859343797,
        "dvar2": 0.0388588495553,
        "max": 9.83024787903,
        "mean": 7.62661504745,
        "median": 7.52529144287,
        "min": 5.43136930466,
        "var": 0.788742959499
    },
    "spectral_flux": {
        "dmean": 0.0145535571501,
        "dmean2": 0.0232089981437,
        "dvar": 0.000425603735493,
        "dvar2": 0.000987452687696,
        "max": 0.319031774998,
        "mean": 0.057281948626,
        "median": 0.0524611435831,
        "min": 6.11542136375e-11,
        "var": 0.00215599453077
    },
    "spectral_kurtosis": {
        "dmean": 2.08137369156,
        "dmean2": 3.56604146957,
        "dvar": 13.9696216583,
        "dvar2": 40.4673995972,
        "max": 92.6648330688,
        "mean": 5.61920785904,
        "median": 3.88854193687,
        "min": -1.29979658127,
        "var": 66.4744415283
    },
    "spectral_rms": {
        "dmean": 0.000485049182316,
        "dmean2": 0.000746116449591,
        "dvar": 4.36070905607e-07,
        "dvar2": 9.94047354652e-07,
        "max": 0.0114808967337,
        "mean": 0.00361061887816,
        "median": 0.00392676051706,
        "min": 3.07873843607e-12,
        "var": 5.83574501434e-06
    },
    "spectral_rolloff": {
        "dmean": 333.978607178,
        "dmean2": 564.769775391,
        "dvar": 602388.75,
        "dvar2": 1224516.375,
        "max": 20370.4101562,
        "mean": 3103.78637695,
        "median": 1012.06054688,
        "min": 21.533203125,
        "var": 30150610
    },
    "spectral_skewness": {
        "dmean": 0.226639956236,
        "dmean2": 0.372028172016,
        "dvar": 0.0734068229795,
        "dvar2": 0.198066443205,
        "max": 7.46511459351,
        "mean": 1.57075810432,
        "median": 1.51510620117,
        "min": -0.124047622085,
        "var": 0.872341871262
    },
    "spectral_spread": {
        "dmean": 473457.1875,
        "dmean2": 708090.25,
        "dvar": 722443239424,
        "dvar2": 1.41944487936e+12,
        "max": 43915592,
        "mean": 7766398,
        "median": 3888664,
        "min": 787218.375,
        "var": 1.27661502366e+14
    },
    "spectral_strongpeak": {
        "dmean": 0.48171582818,
        "dmean2": 0.805956661701,
        "dvar": 0.794116556644,
        "dvar2": 2.08437418938,
        "max": 12.0813331604,
        "mean": 0.944752752781,
        "median": 0.403012752533,
        "min": 0,
        "var": 1.74767637253
    },
    "zerocrossingrate": {
        "dmean": 0.00843672826886,
        "dmean2": 0.0106591554359,
        "dvar": 0.000222453702008,
        "dvar2": 0.000255588412983,
        "max": 0.79150390625,
        "mean": 0.0989192277193,
        "median": 0.048828125,
        "min": 0.00244140625,
        "var": 0.0201794151217
    },
    "barkbands": {
        "dmean": [3.39572216035e-05, 0.00109285837971, 0.00100872071926, 0.000656545220409, 0.00124755024444, 0.000776313594542, 0.00123567134142, 0.000973739137407, 0.000801362970378, 0.000539476168342, 0.000263359834207, 0.000246335897828, 0.000343931256793, 0.000263619818725, 0.000234084014664, 0.00018540082965, 0.000147792306961, 0.000124970043544, 9.21936880331e-05, 9.66847946984e-05, 4.79342779727e-05, 4.20135547756e-05, 3.88954322261e-05, 4.0996066673e-05, 1.69261402334e-05, 4.326823273e-06, 2.26008953774e-08],
        "dmean2": [5.99786944804e-05, 0.00181592744775, 0.00174068752676, 0.00110678933561, 0.00204221624881, 0.00120067584794, 0.00193409831263, 0.00152809848078, 0.00124886387493, 0.000865239708219, 0.000428342202213, 0.000393401598558, 0.000549560936633, 0.000423235178459, 0.000375485251425, 0.00029305490898, 0.00023269050871, 0.000200044800295, 0.000146864011185, 0.000155132525833, 7.7259624959e-05, 6.57695782138e-05, 5.84956833336e-05, 5.72575190745e-05, 2.42416645051e-05, 5.8187738432e-06, 4.05063182995e-08],
        "dvar": [5.10316233715e-09, 1.09675829663e-05, 1.00420556919e-05, 2.07250718631e-06, 7.11634675099e-06, 3.03056845041e-06, 9.50618596107e-06, 9.60640227277e-06, 5.72882572669e-06, 2.27021018873e-06, 5.9039439293e-07, 4.93511208788e-07, 1.01632440419e-06, 6.27549638921e-07, 4.35345441474e-07, 4.25323435138e-07, 1.53569416739e-07, 1.00393158675e-07, 4.11278975321e-08, 4.86831339686e-08, 1.94492244532e-08, 1.94360936234e-08, 3.64349119764e-08, 4.42493046648e-08, 7.32499305656e-09, 3.34555022574e-10, 2.85171124453e-14],
        "dvar2": [1.47505376802e-08, 2.87075454253e-05, 2.81597385765e-05, 5.50836557522e-06, 1.85912322195e-05, 6.90420984029e-06, 2.14726587728e-05, 2.2626882128e-05, 1.31713277369e-05, 5.91578054809e-06, 1.46308525473e-06, 1.19618766803e-06, 2.60430238086e-06, 1.56459884693e-06, 1.06063930616e-06, 9.81709035841e-07, 3.47855575455e-07, 2.42823318786e-07, 9.75570628725e-08, 1.17927640986e-07, 5.02404624569e-08, 4.3687908402e-08, 7.57018696618e-08, 7.35249372497e-08, 1.64150044668e-08, 5.22255905189e-10, 8.38935244516e-14],
        "max": [0.00130408909172, 0.0809061676264, 0.0651130527258, 0.0390325933695, 0.0560543090105, 0.0301445573568, 0.0623883977532, 0.106974765658, 0.108381412923, 0.0313436128199, 0.021528089419, 0.0232803784311, 0.0314788259566, 0.0166348498315, 0.018187623471, 0.0261578075588, 0.01199182868, 0.00696195010096, 0.00521592469886, 0.00516413431615, 0.00315358466469, 0.00444401195273, 0.0095067480579, 0.00987097248435, 0.00412591872737, 0.000807354052085, 4.49005528935e-06],
        "mean": [5.8196761529e-05, 0.00208320491947, 0.00168175529689, 0.00113770761527, 0.00248968065716, 0.00169521709904, 0.00220310222358, 0.00169925414957, 0.00138505850919, 0.000907590962015, 0.000424619793193, 0.000403210520744, 0.000609062495641, 0.000426180456998, 0.000435288035078, 0.000387654145015, 0.00030426523881, 0.000249010627158, 0.000189238824532, 0.00021593303245, 9.25375134102e-05, 8.41190339997e-05, 6.84216574882e-05, 7.5658892456e-05, 3.07996706397e-05, 7.36316496841e-06, 1.73979497475e-08],
        "median": [9.15163218451e-06, 0.000816953659523, 0.000487134093419, 0.000358742283424, 0.00110779027455, 0.000562132860068, 0.000514976039995, 0.000265884940745, 0.000358425953891, 0.000172501080669, 0.000108840751636, 0.000103213780676, 0.000117452480481, 8.46750772325e-05, 7.53638742026e-05, 6.77176576573e-05, 6.67337881168e-05, 6.45928957965e-05, 5.23465569131e-05, 5.1361581427e-05, 3.20199615089e-05, 2.23345887207e-05, 1.46087277244e-05, 1.25248607219e-05, 5.20935145687e-06, 1.00841793937e-06, 2.92524504619e-10],
        "min": [3.49706353368e-26, 7.67760355121e-25, 3.81162847565e-25, 4.53117266616e-25, 5.70999059102e-24, 3.60179492612e-24, 4.49654226407e-24, 3.82827610315e-24, 9.38296246447e-24, 8.43124359195e-24, 8.44580517539e-24, 1.11686256429e-23, 1.79542817208e-23, 2.12567059055e-23, 3.54215333404e-23, 3.7180081003e-23, 3.53552532472e-23, 6.06417320247e-23, 8.95544182124e-23, 1.48004341233e-22, 1.85689387878e-22, 2.66318154182e-22, 3.7638608613e-22, 5.0490788541e-22, 7.73478496222e-22, 1.1634015617e-21, 1.73033158475e-21],
        "var": [1.48859209403e-08, 1.40323936648e-05, 1.12633579192e-05, 4.27593158747e-06, 1.50495643538e-05, 9.13374151423e-06, 2.55536087934e-05, 2.72594152193e-05, 1.30674716274e-05, 4.91807077196e-06, 1.13042233352e-06, 9.48909530507e-07, 2.45311457547e-06, 1.30479713789e-06, 1.3186953538e-06, 1.54527594987e-06, 6.66421556161e-07, 2.62774534576e-07, 1.17283626366e-07, 1.74309136014e-07, 3.1471611095e-08, 3.73734394543e-08, 6.87813397349e-08, 1.41498532003e-07, 1.79429182623e-08, 1.05762387737e-09, 2.12547502114e-14]
    },
    "erbbands": {
        "dmean": [0.0228717643768, 0.290252238512, 1.05160784721, 1.60597252846, 3.11634206772, 4.6933760643, 5.24617195129, 6.82994937897, 16.2677326202, 18.1342086792, 19.5720863342, 19.0633430481, 13.3238382339, 15.5155630112, 10.881734848, 8.9801607132, 15.70079422, 11.0343914032, 15.1151237488, 9.17171764374, 9.07677936554, 7.2572016716, 6.73454189301, 4.04052686691, 5.25146436691, 4.50641155243, 2.24587535858, 1.7593729496, 1.54200315475, 1.2649050951, 1.12871384621, 0.922114729881, 0.637362480164, 0.24543517828, 0.0991376638412, 0.0286954343319, 0.00690579460934, 0.000434085202869, 1.14321783258e-05, 6.30998238194e-06],
        "dmean2": [0.0381558425725, 0.486455559731, 1.80746984482, 2.74546027184, 5.19835329056, 7.69314193726, 8.3055973053, 10.5746707916, 25.4184074402, 28.1011505127, 30.4858722687, 29.7326068878, 21.2428779602, 24.8405628204, 17.645406723, 14.295378685, 25.2151069641, 17.4683227539, 24.8645324707, 14.4447097778, 14.1204004288, 11.5613822937, 10.6541070938, 6.52761650085, 8.30969905853, 7.26636314392, 3.68788456917, 2.81037449837, 2.40825223923, 1.93124222755, 1.70924186707, 1.33637881279, 0.909601449966, 0.350086241961, 0.141905963421, 0.0391865372658, 0.0094327237457, 0.000585245958064, 1.52098818944e-05, 9.78992284217e-06],
        "dvar": [0.00452427472919, 0.789006888866, 11.4013910294, 14.4497432709, 59.0790290833, 115.505279541, 136.648986816, 279.821411133, 1940.17895508, 2901.53735352, 3541.56054688, 3747.12304688, 1518.09313965, 2005.25720215, 1016.24731445, 637.266662598, 2166.20703125, 1077.61877441, 1790.42150879, 862.708374023, 1005.82080078, 296.480743408, 283.760131836, 82.4125289917, 151.076858521, 113.715278625, 36.1930961609, 28.201581955, 23.9874305725, 25.92710495, 33.6188468933, 20.196603775, 12.4385662079, 1.61159896851, 0.203597381711, 0.0119114117697, 0.00131946080364, 8.65959464136e-06, 3.11397974073e-09, 1.08678392674e-10],
        "dvar2": [0.011683171615, 2.10165643692, 32.0354423523, 39.510761261, 160.475021362, 297.35144043, 321.991210938, 647.986755371, 4391.66699219, 6498.13818359, 8748.23144531, 8682.77929688, 4111.98046875, 5258.35302734, 2480.24194336, 1540.09094238, 5646.52880859, 2459.34741211, 4756.31982422, 2047.49108887, 2289.82324219, 711.132019043, 669.245544434, 206.571975708, 342.368530273, 274.508850098, 97.0299911499, 70.0582046509, 53.6649589539, 53.2414360046, 73.0069122314, 35.7350234985, 21.4834003448, 3.30341434479, 0.410729378462, 0.0200747270137, 0.00235869269818, 1.62740361702e-05, 5.14329023815e-09, 2.51360154913e-10],
        "max": [1.34128975868, 21.1220550537, 62.2034072876, 67.7615356445, 280.254425049, 328.086639404, 332.623474121, 358.346984863, 960.671691895, 2163.04980469, 1962.11218262, 2367.64233398, 1191.00720215, 1269.609375, 1112.23803711, 750.224365234, 1735.26098633, 1237.15368652, 948.850769043, 1357.66357422, 1091.36584473, 403.701843262, 441.094146729, 235.454986572, 354.497161865, 261.979949951, 173.185211182, 103.134124756, 159.343856812, 277.82925415, 215.869293213, 225.736450195, 154.532623291, 54.5468254089, 19.0837993622, 3.88632726669, 1.89826250076, 0.189227238297, 0.0034934100695, 0.000248068448855],
        "mean": [0.0461454354227, 0.525125384331, 1.8841637373, 2.9043712616, 5.73256540298, 8.96043872833, 11.3902835846, 14.7952508926, 28.9335289001, 33.2915039062, 35.8126335144, 32.6916542053, 25.3104667664, 26.9653015137, 19.6612758636, 16.8403339386, 28.9905719757, 21.2929363251, 27.9763717651, 18.1441020966, 21.1111011505, 16.7064609528, 14.8551216125, 8.94311332703, 11.6055450439, 10.3153114319, 4.65047121048, 3.40696692467, 3.08510684967, 2.337277174, 1.933193326, 1.66054368019, 1.14045226574, 0.446622818708, 0.175456881523, 0.0505715683103, 0.0108842421323, 0.000626516295597, 2.67971518042e-05, 2.44437360379e-05],
        "median": [0.0161801539361, 0.193824738264, 0.613104462624, 1.19178891182, 2.47462630272, 3.44082069397, 4.12558269501, 5.10392665863, 6.93589162827, 7.62866592407, 7.67470884323, 8.41925907135, 7.6160364151, 5.98025941849, 5.85873556137, 4.93682003021, 6.06485080719, 4.82195663452, 4.47316503525, 4.26360082626, 4.07778501511, 4.11495399475, 3.73225259781, 2.95969152451, 2.94533348083, 2.61873531342, 1.58234906197, 1.06842923164, 0.807434082031, 0.56734931469, 0.393038272858, 0.304922640324, 0.169246301055, 0.0718701407313, 0.029033144936, 0.00901877507567, 0.000799157714937, 2.43569502345e-05, 1.15303855637e-05, 1.93355099327e-05],
        "min": [2.21073645963e-23, 1.43377665713e-22, 1.10588847727e-21, 3.03402740101e-21, 5.06231909553e-21, 1.4943271413e-20, 1.63431243501e-20, 4.85798294679e-20, 6.70628732939e-20, 1.60292209399e-19, 1.97979824727e-19, 2.44090555609e-19, 2.90619439216e-19, 3.81120055114e-19, 7.2106326613e-19, 6.20578244196e-19, 1.15519443157e-18, 1.07619816608e-18, 1.93224221214e-18, 2.60105702846e-18, 2.68806629594e-18, 3.53121997292e-18, 4.49649838874e-18, 4.13147930085e-18, 5.01376048196e-18, 6.92420276264e-18, 6.95399574035e-18, 9.48704032449e-18, 7.70932413617e-18, 1.00681636561e-17, 1.0457222267e-17, 9.08214782235e-18, 8.3673148806e-18, 7.275889767e-18, 5.52821677854e-18, 3.47748177083e-18, 2.10815829942e-18, 8.57558045067e-19, 2.08789343423e-19, 2.19397088212e-20],
        "var": [0.00619439315051, 0.952538907528, 12.7002801895, 23.7055168152, 96.0289459229, 258.092254639, 448.258544922, 737.571289062, 4967.08691406, 8010.359375, 9711.1640625, 7731.2890625, 3513.14575195, 4000.42626953, 2125.5769043, 1420.59741211, 5189.39941406, 3135.54052734, 4648.25, 2531.64550781, 4466.69580078, 1371.24182129, 863.78717041, 223.332962036, 491.326416016, 406.221710205, 67.7474822998, 48.1975440979, 48.1393852234, 46.4465675354, 62.7314071655, 58.8517990112, 36.7588768005, 4.24540948868, 0.546717405319, 0.0360948033631, 0.0034832842648, 1.99949190574e-05, 9.23979737166e-09, 5.82712600394e-10]
    },
    "gfcc": {
        "mean": [-175.3724823, 105.684036255, -117.090568542, 28.525636673, -62.8867797852, 10.951212883, -36.6515960693, 6.61955785751, -18.8161582947, -2.14064788818, -9.19984149933, -7.41195821762, -5.18807840347],
        "cov": [[127630.078125, 10894.0195312, -13522, 4291.13427734, -7341.79931641, 1469.32006836, -4153.76416016, 1306.76611328, -2434.90332031, 219.727844238, -1198.82421875, -699.801025391, -822.360351562], [10894.0195312, 2666.15991211, -1274.10449219, 149.133621216, -600.690734863, -68.0910110474, -311.473266602, -75.0560150146, -96.3986129761, -191.27166748, 21.0541038513, -249.856338501, 15.7094812393], [-13522, -1274.10449219, 2403.98193359, -247.205093384, 851.278808594, -89.2369689941, 471.200958252, -81.4276123047, 249.769165039, 29.3522510529, 115.180000305, 149.652832031, 33.1322937012], [4291.13427734, 149.133621216, -247.205093384, 501.397399902, -163.455963135, 97.1033096313, -149.889846802, 82.1063766479, -69.2219009399, 26.9022045135, -52.0281410217, 28.1990795135, -4.96557188034], [-7341.79931641, -600.690734863, 851.278808594, -163.455963135, 731.579650879, -29.7064361572, 340.419677734, -27.922334671, 159.357543945, 46.3443641663, 63.303352356, 49.2445144653, 55.356590271], [1469.32006836, -68.0910110474, -89.2369689941, 97.1033096313, -29.7064361572, 214.050491333, 17.0647945404, 60.297580719, -61.7509498596, 53.6276016235, -39.3385848999, 28.0056533813, -31.7332191467], [-4153.76416016, -311.473266602, 471.200958252, -149.889846802, 340.419677734, 17.0647945404, 346.555236816, -2.41055226326, 76.0256500244, 32.7658805847, 59.0563583374, 18.4012241364, 4.77259683609], [1306.76611328, -75.0560150146, -81.4276123047, 82.1063766479, -27.922334671, 60.297580719, -2.41055226326, 126.499511719, -23.0793018341, 45.3954086304, -19.7007904053, 18.9071769714, -27.1848487854], [-2434.90332031, -96.3986129761, 249.769165039, -69.2219009399, 159.357543945, -61.7509498596, 76.0256500244, -23.0793018341, 140.771240234, -5.87051391602, 45.3762359619, -5.34549951553, 33.6641807556], [219.727844238, -191.27166748, 29.3522510529, 26.9022045135, 46.3443641663, 53.6276016235, 32.7658805847, 45.3954086304, -5.87051391602, 132.54510498, -3.69146156311, 27.0457820892, -35.3869972229], [-1198.82421875, 21.0541038513, 115.180000305, -52.0281410217, 63.303352356, -39.3385848999, 59.0563583374, -19.7007904053, 45.3762359619, -3.69146156311, 104.794158936, 1.27039420605, 12.6037549973], [-699.801025391, -249.856338501, 149.652832031, 28.1990795135, 49.2445144653, 28.0056533813, 18.4012241364, 18.9071769714, -5.34549951553, 27.0457820892, 1.27039420605, 106.263694763, 10.8625259399], [-822.360351562, 15.7094812393, 33.1322937012, -4.96557188034, 55.356590271, -31.7332191467, 4.77259683609, -27.1848487854, 33.6641807556, -35.3869972229, 12.6037549973, 10.8625259399, 90.6120986938]],
        "icov": [[0.000105341066956, -0.000256425177213, 0.000202491617529, -0.000362423772458, 0.000333110743668, -0.000116172544949, 0.000196892651729, -0.000445203419076, 0.00036011156044, -0.000385042279959, 0.000220434652874, -8.5215724539e-05, 0.000213857667404], [-0.000256425177213, 0.00133223144803, -0.000255266262684, 0.000663555169012, -0.000608115049545, 0.000245368486503, -0.000477296940517, 0.00137531454675, -0.000835725455545, 0.0015211426653, -0.00112887145951, 0.00133109861054, -0.00063129857881], [0.000202491617529, -0.000255266262684, 0.00135106407106, -0.000826322415378, 1.0586366443e-05, -3.78667573386e-05, -3.19200762533e-06, -0.000296685495414, 3.14098397212e-05, -0.000186004908755, 0.000241310655838, -0.000971698900685, 0.0012327330187], [-0.000362423772458, 0.000663555169012, -0.000826322415378, 0.00415114499629, -0.00116481573787, -0.000552416488063, 0.000590451410972, 4.53103129985e-05, -0.000993902678601, 0.000971534464043, -0.000486988516059, -0.000325539003825, -0.00151855626609], [0.000333110743668, -0.000608115049545, 1.0586366443e-05, -0.00116481573787, 0.00493557425216, -0.000274941354292, -0.00182298221625, -0.00117585994303, -0.000376600277377, -0.00227715540677, 0.00129630474839, 4.02501718781e-05, -0.00124189048074], [-0.000116172544949, 0.000245368486503, -3.78667573386e-05, -0.000552416488063, -0.000274941354292, 0.00733648473397, -0.00194103561807, -0.000766444776673, 0.00178196583875, -0.00104214111343, 0.00142069964204, -0.00101989170071, 0.000351886992576], [0.000196892651729, -0.000477296940517, -3.19200762533e-06, 0.000590451410972, -0.00182298221625, -0.00194103561807, 0.00710973050445, -0.0017956183292, 0.000787147262599, -0.000718058727216, -0.00182431808207, 0.000605519860983, 0.00103223451879], [-0.000445203419076, 0.00137531454675, -0.000296685495414, 4.53103129985e-05, -0.00117585994303, -0.000766444776673, -0.0017956183292, 0.0131540643051, -0.00234586023726, -0.000180037459359, -0.000245014525717, -0.000772060069721, 0.00125080090947], [0.00036011156044, -0.000835725455545, 3.14098397212e-05, -0.000993902678601, -0.000376600277377, 0.00178196583875, 0.000787147262599, -0.00234586023726, 0.0138578442857, -0.00213357526809, -0.00202959543094, 0.00213182088919, -0.0024988905061], [-0.000385042279959, 0.0015211426653, -0.000186004908755, 0.000971534464043, -0.00227715540677, -0.00104214111343, -0.000718058727216, -0.000180037459359, -0.00213357526809, 0.0127063728869, -0.00170437118504, -0.00114758196287, 0.00350259477273], [0.000220434652874, -0.00112887145951, 0.000241310655838, -0.000486988516059, 0.00129630474839, 0.00142069964204, -0.00182431808207, -0.000245014525717, -0.00202959543094, -0.00170437118504, 0.0133254285902, -0.00188413390424, 0.000270337739494], [-8.5215724539e-05, 0.00133109861054, -0.000971698900685, -0.000325539003825, 4.02501718781e-05, -0.00101989170071, 0.000605519860983, -0.000772060069721, 0.00213182088919, -0.00114758196287, -0.00188413390424, 0.0145509084687, -0.00403444468975], [0.000213857667404, -0.00063129857881, 0.0012327330187, -0.00151855626609, -0.00124189048074, 0.000351886992576, 0.00103223451879, 0.00125080090947, -0.0024988905061, 0.00350259477273, 0.000270337739494, -0.00403444468975, 0.0164975523949]]
    },
    "melbands": {
        "dmean": [0.000253951642662, 0.000483281328343, 0.000303789100144, 0.000289073679596, 0.000183196956641, 0.000153694898472, 0.000248042750172, 0.000202657291084, 0.000156406662427, 0.00011639035074, 6.93633046467e-05, 6.9002941018e-05, 3.92643014493e-05, 2.85422720481e-05, 3.19469036185e-05, 3.10598843498e-05, 2.07550256164e-05, 2.67699560936e-05, 1.4706379261e-05, 1.28880865304e-05, 1.13835212687e-05, 7.64578453527e-06, 9.67083997239e-06, 5.1972692745e-06, 3.35174127031e-06, 4.01228544433e-06, 4.36860318587e-06, 2.9720947623e-06, 1.6867307977e-06, 1.1109418665e-06, 1.11914584977e-06, 9.73919895841e-07, 8.01639828296e-07, 7.41229769119e-07, 7.25594361484e-07, 5.82879806643e-07, 6.22372795078e-07, 5.25033044596e-07, 3.1723061511e-07, 1.86716121675e-07],
        "dmean2": [0.000420532509452, 0.000815772800706, 0.000514488434419, 0.000476674118545, 0.000291212694719, 0.000236886800849, 0.000387358537409, 0.000313507800456, 0.000243217378738, 0.000182416537427, 0.000110696302727, 0.00011087803432, 6.3723702624e-05, 4.56876186945e-05, 5.15258325322e-05, 4.96141983604e-05, 3.29247886839e-05, 4.40558942501e-05, 2.31768972299e-05, 2.02105220524e-05, 1.7673790353e-05, 1.23470626932e-05, 1.52615084517e-05, 8.43488305691e-06, 5.50038930669e-06, 6.37936273051e-06, 6.94689242664e-06, 4.8588590289e-06, 2.81490338239e-06, 1.81356199391e-06, 1.80201766398e-06, 1.54522695084e-06, 1.28044860048e-06, 1.15746286156e-06, 1.12001384878e-06, 8.68730410275e-07, 9.06490470243e-07, 7.73067540649e-07, 4.64418349111e-07, 2.7262990443e-07],
        "dvar": [5.9146680087e-07, 2.29355441661e-06, 4.56464789522e-07, 4.26354063165e-07, 1.52771193029e-07, 1.34813589625e-07, 4.20988328642e-07, 3.80655791332e-07, 2.13256399206e-07, 1.36735664569e-07, 4.09716953698e-08, 4.06545908049e-08, 1.35853621686e-08, 7.70981944953e-09, 8.55754933582e-09, 7.82735831706e-09, 3.9007117536e-09, 5.95265792214e-09, 1.89525883876e-09, 2.71475153468e-09, 1.6432100125e-09, 3.65989738516e-10, 6.97062518817e-10, 1.580402198e-10, 5.90557672209e-11, 8.47466263831e-11, 1.12930498286e-10, 5.30580510083e-11, 1.83600946946e-11, 1.20875488438e-11, 1.0557494115e-11, 9.07325690275e-12, 7.77313022976e-12, 1.126636371e-11, 1.4904634818e-11, 7.43450179891e-12, 9.60949722573e-12, 9.05170296356e-12, 3.29509228063e-12, 9.00653087266e-13],
        "dvar2": [1.53002827119e-06, 6.31457305644e-06, 1.22312576423e-06, 1.12945008368e-06, 3.60451309689e-07, 3.0568921261e-07, 9.56306848821e-07, 8.5920288484e-07, 5.25289920006e-07, 3.23789009826e-07, 1.09945268889e-07, 1.06397671118e-07, 3.36080638874e-08, 1.92351539141e-08, 2.11403765604e-08, 1.92200815263e-08, 9.02872177022e-09, 1.59067035099e-08, 4.07368805355e-09, 6.28177243556e-09, 3.83250897684e-09, 8.8597384984e-10, 1.65047775447e-09, 3.95069393866e-10, 1.51498244505e-10, 2.00010993878e-10, 2.57876359155e-10, 1.31276489679e-10, 5.00778238322e-11, 3.19718626574e-11, 2.6189482874e-11, 2.07478773745e-11, 1.79242454212e-11, 2.47835241912e-11, 3.44781737882e-11, 1.40390893355e-11, 1.80908361208e-11, 1.69976845099e-11, 6.53037433157e-12, 2.00649327882e-12],
        "max": [0.0180699490011, 0.0259851049632, 0.0182592608035, 0.0139644742012, 0.00864675920457, 0.00744286971167, 0.013087416999, 0.0210223756731, 0.0133496718481, 0.0127111645415, 0.00591972097754, 0.00511376233771, 0.00331231532618, 0.00308188493364, 0.00252239941619, 0.00304895546287, 0.00200161826797, 0.00153012340888, 0.0018993410049, 0.00243509863503, 0.00134583725594, 0.000580589985475, 0.000736562011298, 0.000278453604551, 0.000195124535821, 0.000271933968179, 0.000328593043378, 0.000198234425625, 0.000129371299408, 7.71271443227e-05, 6.55889380141e-05, 8.4166546003e-05, 9.88508109003e-05, 0.000206469325349, 0.000156255759066, 0.000130607877509, 0.000154594221385, 0.000143459576066, 9.18159421417e-05, 4.0854603867e-05],
        "mean": [0.000499034766108, 0.000903168402147, 0.000589652569033, 0.000548709242139, 0.000408610707382, 0.000333902658895, 0.000443634809926, 0.00037406719639, 0.00028051782283, 0.000196727982257, 0.000125235877931, 0.000114635651698, 6.58542194287e-05, 4.70060003863e-05, 5.52889505343e-05, 5.87899776292e-05, 3.57284116035e-05, 4.54708788311e-05, 2.78316892945e-05, 2.29440338444e-05, 2.55727536569e-05, 1.52343318405e-05, 1.97246445168e-05, 9.78022490017e-06, 6.61930289425e-06, 8.03655984782e-06, 8.97585141502e-06, 6.21265280643e-06, 3.15729198519e-06, 1.95052302843e-06, 1.98571569854e-06, 1.81000496013e-06, 1.47080947954e-06, 1.24482357933e-06, 1.15914576782e-06, 9.51958327278e-07, 1.05936521777e-06, 8.93006870228e-07, 5.31759098976e-07, 3.25019897218e-07],
        "median": [0.000201588787604, 0.000331580173224, 0.000270289077889, 0.000244040493271, 0.000156415597303, 0.000110744957055, 0.000106202947791, 7.86887685535e-05, 5.8972655097e-05, 4.83991607325e-05, 3.38689133059e-05, 2.25847743422e-05, 1.79816124728e-05, 1.17893887364e-05, 1.23720237752e-05, 1.20777876873e-05, 7.32577700546e-06, 6.79784079693e-06, 5.42096449863e-06, 4.59641159978e-06, 4.07045763495e-06, 3.64068841918e-06, 3.55434622179e-06, 2.6969062219e-06, 2.07365974347e-06, 2.01983243642e-06, 1.94080530491e-06, 1.4647714579e-06, 9.42899305301e-07, 6.21788217359e-07, 5.55535848434e-07, 4.54288482388e-07, 3.38314066539e-07, 2.76629123164e-07, 2.19408178737e-07, 1.78691266228e-07, 1.73634475686e-07, 1.24412579794e-07, 7.13978565159e-08, 5.20178602414e-08],
        "min": [1.98925082317e-25, 3.11879659449e-25, 4.8701974731e-25, 7.11002306028e-25, 5.33552827868e-25, 8.3473356129e-25, 7.70182996264e-25, 1.72826092585e-24, 1.2406953854e-24, 1.23547115405e-24, 1.03066047913e-24, 1.19787276141e-24, 1.54973588515e-24, 1.74615998257e-24, 1.63716376155e-24, 1.94897947396e-24, 1.38032889322e-24, 2.29390831312e-24, 2.92946021509e-24, 2.42358718518e-24, 2.74852037255e-24, 2.17098169599e-24, 2.9520827737e-24, 2.6671393122e-24, 2.5874193957e-24, 2.68196496684e-24, 3.4014877595e-24, 3.46585525949e-24, 3.13563512634e-24, 4.41768891128e-24, 4.0503964571e-24, 3.1269410903e-24, 4.73941833729e-24, 4.80842828371e-24, 5.17827783051e-24, 5.07046539389e-24, 4.19990532016e-24, 4.39205053743e-24, 4.25583358619e-24, 5.24845016348e-24],
        "var": [7.64688593335e-07, 2.61817422142e-06, 8.66283812684e-07, 7.76273509473e-07, 5.10319466684e-07, 3.79169904363e-07, 1.09978191176e-06, 1.071931365e-06, 5.50156812551e-07, 2.82869052626e-07, 9.184351768e-08, 7.94063623744e-08, 2.63650363763e-08, 1.38457076915e-08, 1.94545766163e-08, 2.33094628044e-08, 1.00802122205e-08, 1.30698101231e-08, 5.88589221806e-09, 6.98738000793e-09, 8.1323374701e-09, 1.30875732474e-09, 2.25249352503e-09, 3.65399349667e-10, 1.33221017551e-10, 2.37772634915e-10, 3.43545830672e-10, 1.7051471346e-10, 3.51285632527e-11, 1.67915837485e-11, 1.78682173224e-11, 1.70523265647e-11, 1.37956807436e-11, 1.69585942511e-11, 2.38534782204e-11, 1.70716774051e-11, 2.72946613228e-11, 2.38585401435e-11, 7.97852756085e-12, 2.11744619234e-12]
    },
    "mfcc": {
        "mean": [-738.378967285, 118.644966125, 0.517016708851, 14.4138622284, -2.52067637444, -1.00387513638, -3.64764976501, 0.667636334896, -3.59298181534, 1.74636256695, -1.61670660973, -0.0795878767967, -2.44710731506],
        "cov": [[34607.8242188, 5404.53710938, -896.162231445, 1526.41333008, -313.493927002, 62.2569618225, 3.05854606628, 168.723495483, -185.331039429, 360.738861084, 46.5506095886, 53.7609329224, -43.7571601868], [5404.53710938, 2990.60083008, 63.1677360535, 172.129501343, -29.4340858459, -58.7077064514, -44.1706962585, -8.03336524963, -69.1015396118, 19.7487926483, 14.392077446, 1.57257151604, -61.3342475891], [-896.162231445, 63.1677360535, 762.447998047, 69.8765563965, 83.6236343384, 26.4682807922, -26.6827220917, 27.7818927765, -23.5321769714, -45.3332366943, -17.744682312, 17.7430534363, 8.39650821686], [1526.41333008, 172.129501343, 69.8765563965, 338.585723877, 81.9557037354, 31.3193187714, 5.56494903564, 25.6943454742, 17.1190013885, 11.8144178391, -13.2116708755, 20.8723926544, 32.0097961426], [-313.493927002, -29.4340858459, 83.6236343384, 81.9557037354, 208.119842529, 30.6988754272, -12.6297111511, 6.66183567047, 35.6099128723, -5.13575839996, -21.7826137543, 8.78973865509, 17.0040683746], [62.2569618225, -58.7077064514, 26.4682807922, 31.3193187714, 30.6988754272, 161.7109375, 80.1566314697, 23.3429374695, 35.9907493591, 15.6889352798, 31.2191181183, -4.68839263916, 0.886456549168], [3.05854606628, -44.1706962585, -26.6827220917, 5.56494903564, -12.6297111511, 80.1566314697, 177.871536255, 46.1235618591, 23.2320365906, 37.0137863159, 41.5847244263, 15.5514240265, -1.29521048069], [168.723495483, -8.03336524963, 27.7818927765, 25.6943454742, 6.66183567047, 23.3429374695, 46.1235618591, 100.956962585, 18.5274944305, -2.2862610817, 10.317234993, 0.515349626541, 4.29832744598], [-185.331039429, -69.1015396118, -23.5321769714, 17.1190013885, 35.6099128723, 35.9907493591, 23.2320365906, 18.5274944305, 100.22543335, 18.0530605316, -1.20610201359, -7.71678590775, 1.38503932953], [360.738861084, 19.7487926483, -45.3332366943, 11.8144178391, -5.13575839996, 15.6889352798, 37.0137863159, -2.2862610817, 18.0530605316, 93.337928772, 38.7830810547, 11.2778320312, -2.01792526245], [46.5506095886, 14.392077446, -17.744682312, -13.2116708755, -21.7826137543, 31.2191181183, 41.5847244263, 10.317234993, -1.20610201359, 38.7830810547, 99.8506088257, 12.9616165161, -2.34845590591], [53.7609329224, 1.57257151604, 17.7430534363, 20.8723926544, 8.78973865509, -4.68839263916, 15.5514240265, 0.515349626541, -7.71678590775, 11.2778320312, 12.9616165161, 73.7162094116, 20.2568092346], [-43.7571601868, -61.3342475891, 8.39650821686, 32.0097961426, 17.0040683746, 0.886456549168, -1.29521048069, 4.29832744598, 1.38503932953, -2.01792526245, -2.34845590591, 20.2568092346, 67.6819229126]],
