{
"lowlevel": {
    "average_loudness": 0.619040906429,
    "barkbands_crest": {
        "dmean": 2.15417194366,
        "dmean2": 3.54128909111,
        "dvar": 4.37941789627,
        "dvar2": 10.8681764603,
        "max": 26.0492458344,
        "mean": 9.36460781097,
        "median": 8.52725505829,
        "min": 2.45968031883,
        "var": 13.685795784
    },
    "barkbands_flatness_db": {
        "dmean": 0.0184515137225,
        "dmean2": 0.028481638059,
        "dvar": 0.000348164205207,
        "dvar2": 0.000743192271329,
        "max": 0.479169785976,
        "mean": 0.160788819194,
        "median": 0.153187260032,
        "min": 0.0358532704413,
        "var": 0.00407583964989
    },
    "barkbands_kurtosis": {
        "dmean": 2.93764185905,
        "dmean2": 4.65758991241,
        "dvar": 20.0971012115,
        "dvar2": 48.4204216003,
        "max": 101.872161865,
        "mean": 6.11818408966,
        "median": 3.41967630386,
        "min": -1.88285458088,
        "var": 61.1247177124
    },
    "barkbands_skewness": {
        "dmean": 0.45715546608,
        "dmean2": 0.706022202969,
        "dvar": 0.245758876204,
        "dvar2": 0.554999411106,
        "max": 7.65878677368,
        "mean": 1.32245385647,
        "median": 1.35772264004,
        "min": -2.86438035965,
        "var": 2.33332085609
    },
    "barkbands_spread": {
        "dmean": 3.67556667328,
        "dmean2": 5.57107114792,
        "dvar": 30.2989025116,
        "dvar2": 55.5341529846,
        "max": 102.133460999,
        "mean": 15.0146169662,
        "median": 12.2278242111,
        "min": 0.779777705669,
        "var": 126.948928833
    },
    "dissonance": {
        "dmean": 0.0241278968751,
        "dmean2": 0.0401477143168,
        "dvar": 0.000616797420662,
        "dvar2": 0.00164469261654,
        "max": 0.500000178814,
        "mean": 0.445350497961,
        "median": 0.456767648458,
        "min": 0.171647563577,
        "var": 0.00251419725828
    },
    "dynamic_complexity": 4.79348087311,
    "erbbands_crest": {
        "dmean": 2.43091511726,
        "dmean2": 3.93958854675,
        "dvar": 6.03133296967,
        "dvar2": 14.4917087555,
        "max": 30.7727088928,
        "mean": 9.14939308167,
        "median": 8.32527732849,
        "min": 2.54348421097,
        "var": 18.751958847
    },
    "erbbands_flatness_db": {
        "dmean": 0.0160375870764,
        "dmean2": 0.0235007554293,
        "dvar": 0.000277822604403,
        "dvar2": 0.000513817474712,
        "max": 0.404089152813,
        "mean": 0.182022228837,
        "median": 0.181342512369,
        "min": 0.0408380478621,
        "var": 0.00312155112624
    },
    "erbbands_kurtosis": {
        "dmean": 1.35486841202,
        "dmean2": 2.14333963394,
        "dvar": 4.5683927536,
        "dvar2": 10.9991130829,
        "max": 63.3950195312,
        "mean": 1.98902142048,
        "median": 0.82463312149,
        "min": -1.83255696297,
        "var": 15.666727066
    },
    "erbbands_skewness": {
        "dmean": 0.366554826498,
        "dmean2": 0.563247144222,
        "dvar": 0.139433711767,
        "dvar2": 0.303810417652,
        "max": 5.23568344116,
        "mean": 0.813440918922,
        "median": 0.777440607548,
        "min": -3.78586935997,
        "var": 0.887765049934
    },
    "erbbands_spread": {
        "dmean": 6.55304765701,
        "dmean2": 9.87460899353,
        "dvar": 85.5796051025,
        "dvar2": 162.304870605,
        "max": 135.164398193,
        "mean": 30.9432601929,
        "median": 26.8651733398,
        "min": 2.39684486389,
        "var": 387.215759277
    },
    "hfc": {
        "dmean": 3.87936258316,
        "dmean2": 5.58644962311,
        "dvar": 33.8414573669,
        "dvar2": 66.1753463745,
        "max": 158.269180298,
        "mean": 15.0575523376,
        "median": 10.0923938751,
        "min": 1.04527088387e-16,
        "var": 228.87638855
    },
    "melbands_crest": {
        "dmean": 2.64504981041,
        "dmean2": 4.33370256424,
        "dvar": 6.61855077744,
        "dvar2": 16.5911140442,
        "max": 33.5017356873,
        "mean": 11.2712583542,
        "median": 10.9925355911,
        "min": 1.50476431847,
        "var": 29.1670207977
    },
    "melbands_flatness_db": {
        "dmean": 0.0195463132113,
        "dmean2": 0.0295952130109,
        "dvar": 0.000479170528706,
        "dvar2": 0.0010171297472,
        "max": 0.614341020584,
        "mean": 0.198670953512,
        "median": 0.20238648355,
        "min": 0.00218497682363,
        "var": 0.00979791022837
    },
    "melbands_kurtosis": {
        "dmean": 4.97096204758,
        "dmean2": 7.85657739639,
        "dvar": 67.2004470825,
        "dvar2": 161.209503174,
        "max": 172.148757935,
        "mean": 11.0012836456,
        "median": 5.85401058197,
        "min": -1.55294883251,
        "var": 214.518783569
    },
    "melbands_skewness": {
        "dmean": 0.543538153172,
        "dmean2": 0.839960515499,
        "dvar": 0.377273112535,
        "dvar2": 0.840522170067,
        "max": 10.3062114716,
        "mean": 1.96915113926,
        "median": 1.74510574341,
        "min": -1.27413904667,
        "var": 2.29404759407
    },
    "melbands_spread": {
        "dmean": 5.08014535904,
        "dmean2": 7.93492364883,
        "dvar": 60.7282142639,
        "dvar2": 132.656448364,
        "max": 176.117904663,
        "mean": 27.6948814392,
        "median": 14.9304418564,
        "min": 1.10516643524,
        "var": 1394.53186035
    },
    "pitch_salience": {
        "dmean": 0.0568905845284,
        "dmean2": 0.0933400243521,
        "dvar": 0.00303200539201,
        "dvar2": 0.00765531742945,
        "max": 0.998454749584,
        "mean": 0.642592668533,
        "median": 0.645562767982,
        "min": 0.183172106743,
        "var": 0.0132845724002
    },
    "silence_rate_20dB": {
        "dmean": 0,
        "dmean2": 0,
        "dvar": 0,
        "dvar2": 0,
        "max": 1,
        "mean": 1,
        "median": 1,
        "min": 1,
        "var": 0
    },
    "silence_rate_30dB": {
        "dmean": 0,
        "dmean2": 0,
        "dvar": 0,
        "dvar2": 0,
        "max": 1,
        "mean": 1,
        "median": 1,
        "min": 1,
        "var": 0
    },
    "silence_rate_60dB": {
        "dmean": 0.0187500007451,
        "dmean2": 0.0375040397048,
        "dvar": 0.0183978583664,
        "dvar2": 0.0404057055712,
        "max": 1,
        "mean": 0.218618676066,
        "median": 0,
        "min": 0,
        "var": 0.170855790377
    },
    "spectral_centroid": {
        "dmean": 181.730255127,
        "dmean2": 280.907073975,
        "dvar": 66393.2265625,
        "dvar2": 136630.890625,
        "max": 12047.2001953,
        "mean": 1939.8581543,
        "median": 880.464477539,
        "min": 184.146118164,
        "var": 9325963
    },
    "spectral_complexity": {
        "dmean": 2.02219820023,
        "dmean2": 3.24668598175,
        "dvar": 6.13455581665,
        "dvar2": 14.4883337021,
        "max": 45,
        "mean": 12.734834671,
        "median": 12,
        "min": 0,
        "var": 79.1665878296
    },
    "spectral_decrease": {
        "dmean": 1.51727685971e-09,
        "dmean2": 2.34138330946e-09,
        "dvar": 4.59748886972e-18,
        "dvar2": 1.02887032423e-17,
        "max": 5.28689748477e-19,
        "mean": -5.49339729261e-09,
        "median": -4.31954960689e-09,
        "min": -2.84559931174e-08,
        "var": 2.50164695876e-17
    },
    "spectral_energy": {
        "dmean": 0.00599315389991,
        "dmean2": 0.00921971257776,
        "dvar": 7.07052095095e-05,
        "dvar2": 0.000157351227244,
        "max": 0.110442653298,
        "mean": 0.0220991186798,
        "median": 0.0175496079028,
        "min": 9.70692652201e-21,
        "var": 0.000399072188884
    },
    "spectral_energyband_high": {
        "dmean": 0.000194274238311,
        "dmean2": 0.000270760734566,
        "dvar": 3.43443701922e-07,
        "dvar2": 6.10017025338e-07,
        "max": 0.0253726057708,
        "mean": 0.00042559884605,
        "median": 0.000168867627508,
        "min": 6.77291244642e-21,
        "var": 8.91719537321e-07
    },
    "spectral_energyband_low": {
        "dmean": 0.00156466546468,
        "dmean2": 0.00265307095833,
        "dvar": 1.66384506883e-05,
        "dvar2": 4.58469221485e-05,
        "max": 0.0545188561082,
        "mean": 0.00287008658051,
        "median": 0.00139095878694,
        "min": 8.51500089856e-24,
        "var": 2.07226566999e-05
    },
    "spectral_energyband_middle_high": {
        "dmean": 0.00126777973492,
        "dmean2": 0.0019072520081,
        "dvar": 4.6582313189e-06,
        "dvar2": 1.04512955659e-05,
        "max": 0.0394449681044,
        "mean": 0.00419325148687,
        "median": 0.00120670720935,
        "min": 1.06579505722e-21,
        "var": 3.52493407263e-05
    },
    "spectral_energyband_middle_low": {
        "dmean": 0.00494374753907,
        "dmean2": 0.0076203327626,
        "dvar": 5.19628156326e-05,
        "dvar2": 0.000115679118608,
        "max": 0.0902985185385,
        "mean": 0.0151715734974,
        "median": 0.0109206773341,
        "min": 8.66892501611e-23,
        "var": 0.000232789243455
    },
    "spectral_entropy": {
        "dmean": 0.153200373054,
        "dmean2": 0.225660338998,
        "dvar": 0.0335746519268,
        "dvar2": 0.064396739006,
        "max": 9.83276557922,
        "mean": 7.4955072403,
        "median": 7.38495874405,
        "min": 4.75635766983,
        "var": 0.889573931694
    },
    "spectral_flux": {
        "dmean": 0.0183174088597,
        "dmean2": 0.0296018477529,
        "dvar": 0.000520250643604,
        "dvar2": 0.00124740891624,
        "max": 0.298266947269,
        "mean": 0.0666174069047,
        "median": 0.0643092095852,
        "min": 6.24296239704e-11,
        "var": 0.0023121421691
    },
    "spectral_kurtosis": {
        "dmean": 2.09973406792,
        "dmean2": 3.51171565056,
        "dvar": 21.5682315826,
        "dvar2": 62.8479957581,
        "max": 150.642288208,
        "mean": 5.8690700531,
        "median": 4.36367893219,
        "min": -1.2827283144,
        "var": 104.724960327
    },
    "spectral_rms": {
        "dmean": 0.000565433234442,
        "dmean2": 0.000855088408571,
        "dvar": 4.85716384446e-07,
        "dvar2": 9.97776055556e-07,
        "max": 0.0103802178055,
        "mean": 0.00396275660023,
        "median": 0.00413782196119,
        "min": 3.07736453507e-12,
        "var": 5.8566674852e-06
    },
    "spectral_rolloff": {
        "dmean": 320.291259766,
        "dmean2": 529.191101074,
        "dvar": 558135.3125,
        "dvar2": 1092642.5,
        "max": 19918.2128906,
        "mean": 2923.46655273,
        "median": 904.39453125,
        "min": 64.599609375,
        "var": 29303394
    },
    "spectral_skewness": {
        "dmean": 0.247146606445,
        "dmean2": 0.392087817192,
        "dvar": 0.103129781783,
        "dvar2": 0.263954162598,
        "max": 10.2035713196,
        "mean": 1.73435533047,
        "median": 1.7218735218,
        "min": -0.117416553199,
        "var": 1.10526490211
    },
    "spectral_spread": {
        "dmean": 554779.0625,
        "dmean2": 837143.9375,
        "dvar": 643652780032,
        "dvar2": 1.28923926528e+12,
        "max": 43552008,
        "mean": 7983312,
        "median": 4190147,
        "min": 576002.875,
        "var": 1.18751424938e+14
    },
    "spectral_strongpeak": {
        "dmean": 0.473463177681,
        "dmean2": 0.766469717026,
        "dvar": 0.455619603395,
        "dvar2": 1.10167348385,
        "max": 8.01436138153,
        "mean": 0.995568811893,
        "median": 0.570685744286,
        "min": 0,
        "var": 1.22715711594
    },
    "zerocrossingrate": {
        "dmean": 0.00873539410532,
        "dmean2": 0.0107248751447,
        "dvar": 0.000192316656467,
        "dvar2": 0.000212429629755,
        "max": 0.88623046875,
        "mean": 0.0968882367015,
        "median": 0.046875,
        "min": 0.00341796875,
        "var": 0.0202180985361
    },
    "barkbands": {
        "dmean": [7.30608953745e-05, 0.000838997657411, 0.000716909999028, 0.000610456394497, 0.0024170409888, 0.00126403279137, 0.00124928494915, 0.00126345048193, 0.00118426349945, 0.000474745815154, 0.000501525471918, 0.000287026370643, 0.000354731484549, 0.000273890909739, 0.000207526114536, 0.000168899830896, 8.05995005067e-05, 8.47936607897e-05, 5.42994857824e-05, 5.83892360737e-05, 4.75624146929e-05, 5.65348564123e-05, 3.38250538334e-05, 3.89117049053e-05, 2.28636145039e-05, 8.09927405498e-06, 3.76074140718e-08],
        "dmean2": [0.000101036624983, 0.00144387828186, 0.00125161034521, 0.00100375630427, 0.00395978055894, 0.00199524057098, 0.0019572712481, 0.00191878248006, 0.00175675959326, 0.00072199938586, 0.000799488159828, 0.000464155687951, 0.00055790838087, 0.000437746988609, 0.000334341049893, 0.000269866577582, 0.000128211191623, 0.000138991817948, 8.9004432084e-05, 9.30996611714e-05, 7.32108019292e-05, 8.57022605487e-05, 5.03718729306e-05, 5.56990744371e-05, 3.33404386765e-05, 1.18157277029e-05, 6.44127098326e-08],
        "dvar": [4.06604598879e-08, 5.12116230311e-06, 4.83902704218e-06, 1.82435292118e-06, 1.6198882804e-05, 8.28847259982e-06, 8.0196905401e-06, 1.03267084341e-05, 9.52492518991e-06, 1.27404291561e-06, 1.41126645303e-06, 5.57512464638e-07, 8.3351523017e-07, 4.9561947435e-07, 2.50865383578e-07, 2.83603355911e-07, 4.66009097977e-08, 3.93392234344e-08, 1.85004704889e-08, 1.54814809861e-08, 2.36026025391e-08, 7.87736595953e-08, 1.09344355792e-08, 2.33890649071e-08, 5.06438713188e-09, 5.84692461114e-10, 3.3290705533e-14],
        "dvar2": [7.38319272386e-08, 1.41758409882e-05, 1.35590125865e-05, 4.72194415124e-06, 4.0834347601e-05, 1.93814848899e-05, 1.85728040378e-05, 2.14227493416e-05, 2.07476932701e-05, 2.80750123238e-06, 3.3966960018e-06, 1.35299444537e-06, 2.04878710974e-06, 1.1918951941e-06, 6.28287580184e-07, 6.6251016051e-07, 1.07878150857e-07, 1.05952963736e-07, 4.83542557106e-08, 3.61442857866e-08, 4.7953914617e-08, 1.54608045477e-07, 2.36575470325e-08, 4.31520312816e-08, 1.03644248739e-08, 1.26588795002e-09, 8.3567572621e-14],
        "max": [0.00342006934807, 0.034871738404, 0.0386768840253, 0.0318329036236, 0.0669604539871, 0.0694284066558, 0.0503746010363, 0.0633339062333, 0.0803858786821, 0.0267110038549, 0.0267108958215, 0.0179684869945, 0.021658802405, 0.0140994107351, 0.00888940691948, 0.0185864642262, 0.00998031906784, 0.00471932161599, 0.00423193257302, 0.00350348814391, 0.00586113939062, 0.0167761240155, 0.00350366788916, 0.00470192916691, 0.00190492894035, 0.000618265650701, 6.10541474089e-06],
        "mean": [0.000106254250568, 0.00133156508673, 0.00100262381602, 0.00109714048449, 0.0047721224837, 0.0025492538698, 0.00219357945025, 0.00212534004822, 0.00217516999692, 0.000838909531012, 0.000828849151731, 0.000517491134815, 0.000589350762311, 0.000462910858914, 0.000349003385054, 0.00030256138416, 0.000141361524584, 0.00014455577184, 9.51730908128e-05, 0.000108711959911, 8.6699728854e-05, 0.000104163038486, 6.03279986535e-05, 6.86685962137e-05, 3.64695952157e-05, 1.08875865408e-05, 3.07257295162e-08],
        "median": [6.07211359238e-06, 0.000443553610239, 0.000311346084345, 0.000350742251612, 0.00272328453138, 0.00108891306445, 0.000655263487715, 0.000440342759248, 0.000440811243607, 0.000185837096069, 0.000132787536131, 7.99116096459e-05, 6.47676279186e-05, 6.51858790661e-05, 4.28012208431e-05, 3.9048405597e-05, 2.65320377366e-05, 3.04308032355e-05, 2.41835296038e-05, 3.74137853214e-05, 2.95746649499e-05, 3.60531557817e-05, 2.20189649554e-05, 1.87029218068e-05, 8.74355828273e-06, 2.10422308555e-06, 1.13691356329e-09],
        "min": [2.55904678065e-25, 1.47925402288e-24, 2.43452089593e-25, 5.83895490301e-26, 4.13433717387e-24, 3.0774970637e-24, 3.43488418592e-24, 3.52440254373e-24, 1.14548930103e-23, 6.75489917999e-24, 9.55756183748e-24, 1.65560920306e-23, 1.14922897503e-23, 2.19746340159e-23, 3.01292232995e-23, 3.96785644175e-23, 4.1646829174e-23, 7.7648247855e-23, 1.02554574562e-22, 1.5019183359e-22, 2.10623564531e-22, 2.92029062214e-22, 3.41758449783e-22, 4.90947798934e-22, 6.92104250053e-22, 1.17800232945e-21, 1.81632242164e-21],
        "var": [8.73043148886e-08, 6.13434804109e-06, 4.35271340393e-06, 3.50118239112e-06, 4.05289356422e-05, 2.60977030848e-05, 1.83452812053e-05, 2.49306958722e-05, 2.70519121841e-05, 3.11517783302e-06, 3.35258164341e-06, 1.40494546486e-06, 1.83770123385e-06, 1.17010006306e-06, 5.56370309823e-07, 7.48706781906e-07, 1.29664812221e-07, 7.06903122705e-08, 3.32882876819e-08, 3.49514976961e-08, 4.78090775857e-08, 1.53163696837e-07, 2.02265919569e-08, 5.08939805854e-08, 9.86878401221e-09, 9.11599629116e-10, 3.38654207758e-14]
    },
    "erbbands": {
        "dmean": [0.0232864711434, 0.211774230003, 0.739924430847, 1.38126182556, 4.5027384758, 9.85959815979, 11.0564928055, 10.5841398239, 14.7967147827, 24.686624527, 24.1367340088, 27.3523464203, 15.1562080383, 15.7762641907, 17.545249939, 10.0730667114, 14.1171474457, 14.2112760544, 10.8652648926, 9.50836849213, 7.16583633423, 4.05192565918, 4.8733420372, 2.81359553337, 2.70677804947, 2.64535284042, 1.99341595173, 2.04895734787, 2.21677088737, 1.33307731152, 0.914795219898, 0.861943840981, 0.622295081615, 0.318527162075, 0.142120927572, 0.0565205141902, 0.0110044805333, 0.000635808159132, 1.67720409081e-05, 7.43543705539e-06],
        "dmean2": [0.0379321016371, 0.368868857622, 1.29995286465, 2.30175113678, 7.45268058777, 16.0739974976, 17.5482349396, 16.6263523102, 23.4293956757, 37.6153450012, 37.017780304, 40.1672401428, 22.6524982452, 24.8209400177, 27.7909221649, 16.0284118652, 21.8355903625, 22.2892436981, 17.0091934204, 15.3790330887, 11.1205377579, 6.33160543442, 7.92402362823, 4.57914447784, 4.39507913589, 4.21515464783, 3.1126408577, 3.15756773949, 3.42301487923, 1.98529613018, 1.36299526691, 1.24600410461, 0.914783656597, 0.47103497386, 0.2098621279, 0.0840793848038, 0.0158199071884, 0.000913970870897, 2.32982802117e-05, 1.11676054075e-05],
        "dvar": [0.00378435244784, 0.369594931602, 5.45360612869, 8.77569770813, 82.0053253174, 336.173980713, 582.256652832, 620.472595215, 1324.03039551, 3842.15307617, 3953.20263672, 5740.46777344, 1185.60742188, 1657.67651367, 1660.91223145, 628.347290039, 1220.36132812, 1322.39245605, 689.316101074, 812.323120117, 458.199890137, 84.653968811, 156.385971069, 43.5321044922, 46.1932601929, 33.4663162231, 24.2388477325, 77.1155395508, 129.175430298, 21.3201580048, 8.1885881424, 10.597492218, 7.55964517593, 1.37900209427, 0.169339776039, 0.0272484030575, 0.00130828423426, 7.10342465027e-06, 2.82661227757e-09, 1.01935404562e-10],
        "dvar2": [0.00899387802929, 1.04994249344, 15.4895095825, 22.9607048035, 218.700042725, 837.80267334, 1332.38781738, 1474.61010742, 3131.39770508, 8496.06640625, 8025.73974609, 12561.8583984, 2509.98486328, 4194.04052734, 4113.92773438, 1504.13464355, 2885.81420898, 2973.83447266, 1609.48339844, 2107.24291992, 961.352172852, 185.570892334, 423.169403076, 113.541603088, 113.888633728, 78.8488082886, 53.7641868591, 154.397460938, 262.999603271, 42.7555427551, 17.0200042725, 21.0541992188, 14.7317848206, 2.99105978012, 0.363157272339, 0.0624530166388, 0.00254832417704, 1.38216310006e-05, 5.2770521286e-09, 2.19582102501e-10],
        "max": [1.05382430553, 7.75119638443, 36.7150917053, 71.1034011841, 239.687545776, 378.953216553, 526.905395508, 662.903564453, 736.371337891, 1237.60290527, 1437.54187012, 2257.37524414, 852.010986328, 1025.0982666, 882.590698242, 748.77557373, 855.635925293, 859.663208008, 496.971405029, 951.185302734, 697.763916016, 339.429260254, 328.268005371, 153.210998535, 163.707717896, 140.540054321, 127.025215149, 425.252227783, 634.484863281, 177.699707031, 99.3019256592, 125.088577271, 103.940406799, 31.1650352478, 8.44458961487, 4.50436782837, 1.10678648949, 0.0996370017529, 0.00188090093434, 0.000141075215652],
        "mean": [0.0360873714089, 0.30914747715, 1.06822872162, 2.52886366844, 8.39310359955, 17.9723129272, 21.0835494995, 20.9486141205, 26.490896225, 45.2101249695, 43.6350021362, 51.1921768188, 30.142408371, 31.0468597412, 30.4034957886, 20.7334346771, 26.2408390045, 27.2968120575, 19.9813404083, 17.8820419312, 13.9908924103, 8.07086467743, 8.56849002838, 5.47160482407, 4.91465234756, 5.0100812912, 3.68697977066, 3.76204323769, 3.99929666519, 2.41525244713, 1.64330279827, 1.50395441055, 1.06401407719, 0.506097912788, 0.214730232954, 0.0781513974071, 0.014275659807, 0.000768652535044, 3.20168728649e-05, 2.76172322629e-05],
        "median": [0.00801339838654, 0.114998690784, 0.402082532644, 1.02787733078, 4.61411333084, 8.8079996109, 9.50402832031, 8.86797332764, 10.0370883942, 10.0957317352, 11.5648336411, 11.0461540222, 8.93190002441, 5.55127954483, 5.64595174789, 3.598051548, 3.41402459145, 3.47813010216, 3.30376148224, 2.11728000641, 2.23360538483, 1.77233302593, 1.78185510635, 1.29484128952, 1.46609723568, 1.70106315613, 1.28811144829, 1.23355913162, 1.3291888237, 0.935703635216, 0.576981008053, 0.431727200747, 0.256949752569, 0.117369756103, 0.0516462512314, 0.0184470824897, 0.00167202530429, 5.25604809809e-05, 1.55706820806e-05, 2.28185981541e-05],
        "min": [2.89036237536e-23, 2.79639932278e-22, 1.36801910533e-21, 1.44911875218e-21, 3.97971456101e-21, 1.38586599153e-20, 1.89827562356e-20, 4.11807215069e-20, 5.01710987843e-20, 5.79732181871e-20, 1.45302688573e-19, 2.81132142879e-19, 2.47973754995e-19, 3.21964595499e-19, 6.61496077365e-19, 9.48892484872e-19, 1.04791148427e-18, 1.25804007188e-18, 1.53250345881e-18, 2.21153540327e-18, 3.19306791812e-18, 3.21761119408e-18, 3.97421406843e-18, 4.53616914373e-18, 5.07580481816e-18, 6.40616642837e-18, 7.41094189125e-18, 7.52693163829e-18, 8.87471656732e-18, 1.00754626979e-17, 9.7587186977e-18, 9.85214461198e-18, 8.55541906061e-18, 6.70757367279e-18, 4.9310126422e-18, 3.61378624653e-18, 2.13058295903e-18, 8.99026418632e-19, 2.20213573638e-19, 2.49613511312e-20],
        "var": [0.00620621396229, 0.345985203981, 4.65028619766, 15.2051315308, 155.776138306, 762.688842773, 1485.6875, 1775.33251953, 2616.54467773, 9818.43261719, 8924.0625, 17357.6757812, 3294.14990234, 4838.0703125, 3494.18896484, 1990.91540527, 3234.64575195, 3808.45776367, 1713.42468262, 1893.2989502, 1466.44335938, 294.260223389, 272.151092529, 100.826065063, 87.7294692993, 74.3194732666, 49.9356193542, 149.551330566, 233.630828857, 43.245552063, 15.5759010315, 20.7169589996, 14.6912794113, 2.40722441673, 0.298198312521, 0.0397782064974, 0.00222498597577, 1.09792572403e-05, 5.30544141952e-09, 5.97556226722e-10]
    },
    "gfcc": {
        "mean": [-154.751220703, 98.19896698, -109.144767761, 20.033241272, -74.2817764282, 8.6105928421, -41.2366867065, 1.87152934074, -21.9352111816, -0.201544821262, -14.1364631653, -5.63029623032, -4.52151298523],
        "cov": [[119711.421875, 10518.1699219, -12066.3505859, 2580.52368164, -8564.73144531, 1486.37731934, -4570.2265625, 566.502990723, -2612.90087891, 155.568237305, -1680.82543945, -426.88885498, -716.47442627], [10518.1699219, 2460.27954102, -671.074462891, 206.901763916, -693.744995117, -125.743995667, -349.867828369, -164.370513916, -149.790039062, -152.891204834, -55.5453910828, -190.057601929, 20.1007652283], [-12066.3505859, -671.074462891, 3179.97314453, 275.274169922, 777.035888672, -120.892578125, 554.762023926, -40.2793579102, 179.286575317, 17.7540149689, 159.510391235, 97.9391403198, 28.8043804169], [2580.52368164, 206.901763916, 275.274169922, 491.224853516, -162.809555054, 49.5023651123, -80.8102035522, 43.5134353638, -82.2949905396, 3.88683915138, -46.062713623, 13.033405304, 5.07295084], [-8564.73144531, -693.744995117, 777.035888672, -162.809555054, 854.810913086, -57.3806304932, 367.013244629, -13.4293651581, 214.562133789, -2.25123357773, 125.967338562, 48.6527023315, 57.9349479675], [1486.37731934, -125.743995667, -120.892578125, 49.5023651123, -57.3806304932, 281.100128174, 37.7842521667, 81.2071914673, -49.3495140076, 39.1409034729, -2.74935364723, 44.8007087708, -33.3316650391], [-4570.2265625, -349.867828369, 554.762023926, -80.8102035522, 367.013244629, 37.7842521667, 347.850158691, 11.3366498947, 98.9048461914, -15.1483869553, 110.074668884, 33.6295051575, 15.8535327911], [566.502990723, -164.370513916, -40.2793579102, 43.5134353638, -13.4293651581, 81.2071914673, 11.3366498947, 122.728691101, 1.74658107758, 36.3905105591, -11.2870588303, 36.4266586304, -15.1049785614], [-2612.90087891, -149.790039062, 179.286575317, -82.2949905396, 214.562133789, -49.3495140076, 98.9048461914, 1.74658107758, 157.495223999, 6.39509677887, 48.972442627, -6.86304235458, 31.6265926361], [155.568237305, -152.891204834, 17.7540149689, 3.88683915138, -2.25123357773, 39.1409034729, -15.1483869553, 36.3905105591, 6.39509677887, 91.9330062866, -4.75686979294, 25.243347168, -21.6370849609], [-1680.82543945, -55.5453910828, 159.510391235, -46.062713623, 125.967338562, -2.74935364723, 110.074668884, -11.2870588303, 48.972442627, -4.75686979294, 104.326133728, 20.5908718109, 24.4480705261], [-426.88885498, -190.057601929, 97.9391403198, 13.033405304, 48.6527023315, 44.8007087708, 33.6295051575, 36.4266586304, -6.86304235458, 25.243347168, 20.5908718109, 92.686164856, 10.4102077484], [-716.47442627, 20.1007652283, 28.8043804169, 5.07295084, 57.9349479675, -33.3316650391, 15.8535327911, -15.1049785614, 31.6265926361, -21.6370849609, 24.4480705261, 10.4102077484, 80.107170105]],
        "icov": [[0.000197563014808, -0.000559871725272, 0.000379756063921, -0.000482372648548, 0.000694949820172, -0.000468577665742, 0.000351187743945, -0.000562374654692, 0.000469970982522, -0.000536048435606, 0.000566990755033, -0.000618195277639, 0.000505324860569], [-0.000559871725272, 0.00234703952447, -0.00105592119507, 0.00109855108894, -0.00146902771667, 0.00132677331567, -0.000678470882121, 0.00214297440834, -0.00139773602132, 0.00230927625671, -0.00230851164088, 0.00268959952518, -0.00160285853781], [0.000379756063921, -0.00105592119507, 0.00138685107231, -0.00164703745395, 0.00111958268099, -0.000383827224141, -0.00036694467417, -0.000497942441143, 0.000751889660023, -0.00145046797115, 0.00126520858612, -0.00171367451549, 0.00142436532769], [-0.000482372648548, 0.00109855108894, -0.00164703745395, 0.00446226261556, -0.00146169937216, 0.000517563079484, 0.000171740350197, -0.000344757805578, 0.000133988913149, 0.00147822708823, -0.000854933285154, 0.00183897244278, -0.00273852609098], [0.000694949820172, -0.00146902771667, 0.00111958268099, -0.00146169937216, 0.00579350301996, -0.00130588572938, -0.00080454768613, -0.00109129294287, -0.000646032684017, -0.0016483332729, 0.00229455553927, -0.00269395206124, 0.000953969254624], [-0.000468577665742, 0.00132677331567, -0.000383827224141, 0.000517563079484, -0.00130588572938, 0.00688482169062, -0.00322303338908, -0.00087806704687, 0.00059560086811, -0.000269543932518, -0.00127171759959, 0.000176432717126, -7.99566550995e-05], [0.000351187743945, -0.000678470882121, -0.00036694467417, 0.000171740350197, -0.00080454768613, -0.00322303338908, 0.0101019432768, -0.00254592788406, 0.000373622810002, 0.00260433880612, -0.00468448968604, 1.98684410861e-05, 0.00217685475945], [-0.000562374654692, 0.00214297440834, -0.000497942441143, -0.000344757805578, -0.00109129294287, -0.00087806704687, -0.00254592788406, 0.0151924230158, -0.00462171155959, -0.000492660677992, 0.000840903201606, -0.00208059046417, 0.000131065491587], [0.000469970982522, -0.00139773602132, 0.000751889660023, 0.000133988913149, -0.000646032684017, 0.00059560086811, 0.000373622810002, -0.00462171155959, 0.014093647711, -0.00412120064721, -0.00111734273378, 0.00293152197264, -0.00267241057009], [-0.000536048435606, 0.00230927625671, -0.00145046797115, 0.00147822708823, -0.0016483332729, -0.000269543932518, 0.00260433880612, -0.000492660677992, -0.00412120064721, 0.017617341131, -0.00313769700006, -0.000906281929929, 0.00298665510491], [0.000566990755033, -0.00230851164088, 0.00126520858612, -0.000854933285154, 0.00229455553927, -0.00127171759959, -0.00468448968604, 0.000840903201606, -0.00111734273378, -0.00313769700006, 0.019280180335, -0.00591651909053, -0.00137502129655], [-0.000618195277639, 0.00268959952518, -0.00171367451549, 0.00183897244278, -0.00269395206124, 0.000176432717126, 1.98684410861e-05, -0.00208059046417, 0.00293152197264, -0.000906281929929, -0.00591651909053, 0.0196260660887, -0.00622574239969], [0.000505324860569, -0.00160285853781, 0.00142436532769, -0.00273852609098, 0.000953969254624, -7.99566550995e-05, 0.00217685475945, 0.000131065491587, -0.00267241057009, 0.00298665510491, -0.00137502129655, -0.00622574239969, 0.0190275199711]]
    },
    "melbands": {
        "dmean": [0.00021346178255, 0.000345613894751, 0.00030113387038, 0.000513602630235, 0.000399617536459, 0.000238468419411, 0.000229267694522, 0.000274123944109, 0.000201696937438, 0.000171397769009, 7.64751239331e-05, 6.50391011732e-05, 6.22625884716e-05, 3.60432932212e-05, 2.84324687527e-05, 3.81838690373e-05, 2.71266671916e-05, 1.93221039808e-05, 1.46157635754e-05, 1.42753769978e-05, 7.85781594459e-06, 4.71042903882e-06, 4.462950983e-06, 4.06637809647e-06, 2.35810671256e-06, 2.10229427466e-06, 2.03114518627e-06, 1.89075183243e-06, 1.42450733165e-06, 1.2335909787e-06, 1.3016582443e-06, 1.44298633131e-06, 9.85523229247e-07, 7.15143812613e-07, 5.39020561519e-07, 5.91027742303e-07, 5.5962453871e-07, 4.95533697631e-07, 3.54261004532e-07, 2.57151725691e-07],
        "dmean2": [0.0003599076299, 0.000606405315921, 0.000496838416439, 0.000851250486448, 0.000635716889519, 0.000374428345822, 0.000361862272257, 0.000417533854488, 0.000307331065414, 0.000252226076555, 0.000114441572805, 0.000102238351246, 9.811444761e-05, 5.75278791075e-05, 4.28564817412e-05, 5.97963189648e-05, 4.2994179239e-05, 3.02503522107e-05, 2.34108920267e-05, 2.33705413848e-05, 1.21127895909e-05, 7.48060074329e-06, 7.16279510016e-06, 6.7098458203e-06, 3.86360397897e-06, 3.47905620401e-06, 3.24505458593e-06, 3.05378921439e-06, 2.2753090434e-06, 1.93505115931e-06, 2.0340021365e-06, 2.27247664952e-06, 1.49055142629e-06, 1.10208725346e-06, 8.23862990273e-07, 8.98408018202e-07, 8.16781550839e-07, 7.41382734759e-07, 5.39909308372e-07, 3.84615390203e-07],
        "dvar": [3.0966060649e-07, 1.14233944259e-06, 3.5699702039e-07, 8.09280379599e-07, 6.25741563454e-07, 2.90743088271e-07, 2.90650689294e-07, 4.67574665208e-07, 2.63342286644e-07, 2.27758221172e-07, 3.08769720903e-08, 2.75525273707e-08, 2.09068886647e-08, 8.46782555186e-09, 6.01571903402e-09, 1.08340643123e-08, 5.25889554126e-09, 2.42537168127e-09, 1.36649569438e-09, 2.30501151499e-09, 6.33923469273e-10, 1.4513223956e-10, 1.06045915105e-10, 9.37648222954e-11, 3.63772033329e-11, 3.48325396304e-11, 2.198544298e-11, 1.75245113559e-11, 1.14175708818e-11, 1.34272575697e-11, 4.13505861496e-11, 5.59221696728e-11, 1.84846773305e-11, 5.566705083e-12, 2.77964760584e-12, 5.40806158536e-12, 4.74860602229e-12, 5.61345457964e-12, 1.95646190221e-12, 8.28853262066e-13],
        "dvar2": [8.21364778858e-07, 3.23321751239e-06, 9.28091708374e-07, 2.08318965633e-06, 1.45523631545e-06, 6.86742055223e-07, 6.84661927153e-07, 1.0149535683e-06, 5.30755244199e-07, 5.04958052261e-07, 6.44026059149e-08, 6.87926018372e-08, 4.94178955535e-08, 1.99389855737e-08, 1.32759589988e-08, 2.60282977393e-08, 1.21960992416e-08, 5.64656277291e-09, 3.42779227225e-09, 5.85392045949e-09, 1.26299493086e-09, 3.25578147775e-10, 2.65842625691e-10, 2.53617571389e-10, 9.56952989073e-11, 9.00104851764e-11, 5.41728328862e-11, 4.18354344223e-11, 2.72410375507e-11, 2.8029993257e-11, 8.83178252753e-11, 1.19038903734e-10, 3.60075580463e-11, 1.26111334917e-11, 6.15754062322e-12, 1.28246259098e-11, 9.62992879883e-12, 1.11957292395e-11, 4.33982277198e-12, 1.84009925353e-12],
        "max": [0.00945837423205, 0.0153299672529, 0.0110317450017, 0.017446288839, 0.0157382618636, 0.0129437968135, 0.0113897295669, 0.0134745994583, 0.0107098808512, 0.0155669217929, 0.00443422002718, 0.00391805591062, 0.0040017850697, 0.00254433182999, 0.00260858866386, 0.00292979204096, 0.00169160438236, 0.000983316102065, 0.000703945290297, 0.00179497525096, 0.000928878085688, 0.000514827552252, 0.000256535160588, 0.00020933279302, 0.000147199403727, 0.000204844211112, 9.84538346529e-05, 0.000105287217593, 8.12454964034e-05, 0.000129579158965, 0.000340214115568, 0.000397758063627, 0.000211124832276, 9.49156819843e-05, 5.91775169596e-05, 0.000118447293062, 6.19231359451e-05, 9.17801007745e-05, 3.74697046936e-05, 2.57231749856e-05],
        "mean": [0.000349204754457, 0.000518188986462, 0.000584593159147, 0.000967043510173, 0.000787645054515, 0.000479648500914, 0.000411253306083, 0.000499490706716, 0.000357776763849, 0.000315014243824, 0.000143762590596, 0.000123009376694, 0.000106168525235, 6.44731480861e-05, 5.00604182889e-05, 6.39857753413e-05, 4.81739152747e-05, 3.17629237543e-05, 2.50920402323e-05, 2.43140493694e-05, 1.40719866977e-05, 8.40370194055e-06, 7.61468936616e-06, 6.8791787271e-06, 4.16341117671e-06, 3.38350491802e-06, 3.53446512236e-06, 3.33284947374e-06, 2.41549514612e-06, 2.08472329177e-06, 2.2050176085e-06, 2.43638078246e-06, 1.71554415829e-06, 1.18989191833e-06, 9.15228895337e-07, 9.38918560678e-07, 9.2080227887e-07, 8.06949287835e-07, 5.53863628738e-07, 3.8251840806e-07],
        "median": [0.00010542160453, 0.000227457727306, 0.000280227890471, 0.000555175181944, 0.000361316691851, 0.00020372022118, 0.000146376289194, 0.000102292317024, 8.08587283245e-05, 6.39773497824e-05, 3.95992065023e-05, 2.00560607482e-05, 1.8288155843e-05, 1.06591023723e-05, 6.4351625042e-06, 6.46094713375e-06, 5.90868012296e-06, 4.94726509714e-06, 3.04900640913e-06, 2.68064513875e-06, 2.22355311053e-06, 1.55979535066e-06, 1.61298976309e-06, 1.34956292186e-06, 8.55595999383e-07, 8.95731318451e-07, 1.01808529962e-06, 1.07258324533e-06, 7.28254406113e-07, 6.32081309959e-07, 6.56866347981e-07, 7.17256511962e-07, 6.21501897058e-07, 4.33336850847e-07, 3.20703719581e-07, 2.59922046553e-07, 2.52042468674e-07, 1.79432120717e-07, 1.21844848877e-07, 8.36098621448e-08],
        "min": [5.40278409427e-25, 6.42854387363e-25, 4.9194835303e-25, 3.26564255896e-25, 6.71588941658e-25, 7.85042966351e-25, 7.22761559719e-25, 4.9315614838e-25, 7.05936142687e-25, 1.51749168868e-24, 1.01981847346e-24, 1.12766266173e-24, 1.86657683874e-24, 1.91371837757e-24, 1.82415525192e-24, 1.66941702991e-24, 1.98704773188e-24, 1.63398573679e-24, 2.45948213131e-24, 2.32502079001e-24, 2.87518540152e-24, 2.22220933709e-24, 3.29035875441e-24, 3.72834202039e-24, 3.0801393533e-24, 2.78730807161e-24, 3.6990066499e-24, 3.59457527112e-24, 4.21321774236e-24, 3.33477852591e-24, 3.84757164089e-24, 4.06928336489e-24, 3.9524112552e-24, 4.3515717178e-24, 4.4158228608e-24, 4.84850360099e-24, 5.29389170706e-24, 4.44721558053e-24, 5.77507240456e-24, 4.77603055519e-24],
        "var": [4.49520172197e-07, 9.81745074569e-07, 7.09363803253e-07, 1.74823503585e-06, 1.69020631802e-06, 8.79102287854e-07, 6.01355850449e-07, 1.23686004372e-06, 6.29028761523e-07, 6.89253113251e-07, 8.2310243954e-08, 7.82503235541e-08, 4.8461370028e-08, 2.08317221251e-08, 1.50704480006e-08, 2.46885996091e-08, 1.38891200763e-08, 5.15053910632e-09, 3.06818837004e-09, 5.0329878043e-09, 1.85600712577e-09, 4.43405673289e-10, 2.0861094796e-10, 1.68439429071e-10, 7.62079774286e-11, 5.33843906581e-11, 4.47767933842e-11, 3.59151007545e-11, 2.11479410372e-11, 2.56116274022e-11, 7.21542409154e-11, 9.41952349454e-11, 3.66979398259e-11, 9.12499676514e-12, 4.70447118761e-12, 7.59057053323e-12, 8.92403598934e-12, 9.95400029763e-12, 3.38275219468e-12, 1.34739149091e-12]
    },
    "mfcc": {
        "mean": [-726.558227539, 118.813285828, 9.06919002533, 8.29217910767, -9.99983406067, -1.45627999306, -9.7292470932, -5.3307800293, -4.08717489243, -1.50328433514, -3.98035764694, -4.01133775711, -5.2505865097],
        "cov": [[28695.25, 5095.03271484, 136.657623291, 250.935379028, -634.126525879, 150.834136963, -301.833984375, 46.857837677, -182.719268799, 24.0498905182, -72.0709762573, -47.2497024536, -238.502914429], [5095.03271484, 2920.48925781, 452.207641602, 251.490249634, -100.619430542, -35.6698684692, -154.366973877, -113.042419434, -101.591133118, -44.2532310486, -49.1054344177, -94.8034515381, -112.536193848], [136.657623291, 452.207641602, 1704.09899902, 542.261657715, 64.2861480713, 96.2603683472, 107.465042114, 28.9623584747, -23.9957962036, -8.44142341614, -5.30344629288, -1.67712271214, -15.5342769623], [250.935379028, 251.490249634, 542.261657715, 453.056640625, 101.984573364, 10.2854814529, 6.82094573975, -9.94669055939, 14.323849678, -12.6897468567, -49.7276115417, -12.5934114456, 14.573343277], [-634.126525879, -100.619430542, 64.2861480713, 101.984573364, 187.288467407, 33.1975135803, 7.28606462479, 8.65014457703, 40.9762115479, 7.88990688324, -13.1654586792, 11.3643465042, 23.1515903473], [150.834136963, -35.6698684692, 96.2603683472, 10.2854814529, 33.1975135803, 139.780349731, 79.0721435547, 49.708896637, 4.99140644073, 15.2114782333, 28.1001758575, 8.53208827972, -2.88485455513], [-301.833984375, -154.366973877, 107.465042114, 6.82094573975, 7.28606462479, 79.0721435547, 179.804931641, 86.2303848267, -1.15112602711, 12.7941932678, 29.7684879303, 13.0496082306, 9.4492559433], [46.857837677, -113.042419434, 28.9623584747, -9.94669055939, 8.65014457703, 49.708896637, 86.2303848267, 134.770874023, 20.9802646637, 10.3901367188, 28.5104351044, 19.1771469116, 10.6583538055], [-182.719268799, -101.591133118, -23.9957962036, 14.323849678, 40.9762115479, 4.99140644073, -1.15112602711, 20.9802646637, 79.6528778076, 20.6474533081, -4.0949678421, 11.7058029175, 18.9259738922], [24.0498905182, -44.2532310486, -8.44142341614, -12.6897468567, 7.88990688324, 15.2114782333, 12.7941932678, 10.3901367188, 20.6474533081, 75.6995697021, 31.3343048096, 3.53037333488, -2.08951473236], [-72.0709762573, -49.1054344177, -5.30344629288, -49.7276115417, -13.1654586792, 28.1001758575, 29.7684879303, 28.5104351044, -4.0949678421, 31.3343048096, 88.272102356, 22.4511795044, -13.30473423], [-47.2497024536, -94.8034515381, -1.67712271214, -12.5934114456, 11.3643465042, 8.53208827972, 13.0496082306, 19.1771469116, 11.7058029175, 3.53037333488, 22.4511795044, 71.0613021851, 27.4905452728], [-238.502914429, -112.536193848, -15.5342769623, 14.573343277, 23.1515903473, -2.88485455513, 9.4492559433, 10.6583538055, 18.9259738922, -2.08951473236, -13.30473423, 27.4905452728, 78.4661331177]],
