{
"lowlevel": {
    "average_loudness": 0.844727039337,
    "barkbands_crest": {
        "dmean": 2.19278335571,
        "dmean2": 3.64299702644,
        "dvar": 4.4817199707,
        "dvar2": 11.8021335602,
        "max": 25.8213386536,
        "mean": 8.13210105896,
        "median": 7.23766231537,
        "min": 2.34225893021,
        "var": 10.6626996994
    },
    "barkbands_flatness_db": {
        "dmean": 0.0161042083055,
        "dmean2": 0.0253329370171,
        "dvar": 0.000224297691602,
        "dvar2": 0.000511122052558,
        "max": 0.355630010366,
        "mean": 0.131217911839,
        "median": 0.126466691494,
        "min": 0.0409806035459,
        "var": 0.00186244572978
    },
    "barkbands_kurtosis": {
        "dmean": 1.42267203331,
        "dmean2": 2.28623270988,
        "dvar": 5.88599920273,
        "dvar2": 13.505405426,
        "max": 85.6374130249,
        "mean": 2.18954372406,
        "median": 1.20828723907,
        "min": -1.83056390285,
        "var": 17.5231075287
    },
    "barkbands_skewness": {
        "dmean": 0.359208345413,
        "dmean2": 0.563552320004,
        "dvar": 0.136208921671,
        "dvar2": 0.31374245882,
        "max": 8.34536075592,
        "mean": 0.644634544849,
        "median": 0.686641871929,
        "min": -2.23269438744,
        "var": 1.38555753231
    },
    "barkbands_spread": {
        "dmean": 4.17011451721,
        "dmean2": 6.53362321854,
        "dvar": 22.9731216431,
        "dvar2": 45.6621704102,
        "max": 85.8623352051,
        "mean": 20.0517292023,
        "median": 18.8983669281,
        "min": 0.84557646513,
        "var": 108.469772339
    },
    "dissonance": {
        "dmean": 0.021147063002,
        "dmean2": 0.0361430644989,
        "dvar": 0.000452009931905,
        "dvar2": 0.00124638015404,
        "max": 0.500000178814,
        "mean": 0.463495373726,
        "median": 0.471181184053,
        "min": 0.157092764974,
        "var": 0.00100210111123
    },
    "dynamic_complexity": 3.6118144989,
    "erbbands_crest": {
        "dmean": 2.67519521713,
        "dmean2": 4.40756607056,
        "dvar": 6.84973907471,
        "dvar2": 17.4713973999,
        "max": 32.7525596619,
        "mean": 9.38491630554,
        "median": 8.46974372864,
        "min": 2.48239183426,
        "var": 22.0434570312
    },
    "erbbands_flatness_db": {
        "dmean": 0.0155666554347,
        "dmean2": 0.0235069487244,
        "dvar": 0.000209415622521,
        "dvar2": 0.000442061893409,
        "max": 0.413988888264,
        "mean": 0.178764939308,
        "median": 0.180110037327,
        "min": 0.0767644420266,
        "var": 0.00233015161939
    },
    "erbbands_kurtosis": {
        "dmean": 0.980916857719,
        "dmean2": 1.58526837826,
        "dvar": 1.67004513741,
        "dvar2": 3.88365387917,
        "max": 41.0963134766,
        "mean": 0.995927929878,
        "median": 0.34259223938,
        "min": -1.72832810879,
        "var": 5.18704891205
    },
    "erbbands_skewness": {
        "dmean": 0.329251021147,
        "dmean2": 0.522367298603,
        "dvar": 0.0936898216605,
        "dvar2": 0.218046218157,
        "max": 5.90074110031,
        "mean": 0.445224195719,
        "median": 0.488197892904,
        "min": -2.84126067162,
        "var": 0.657048821449
    },
    "erbbands_spread": {
        "dmean": 5.72985219955,
        "dmean2": 8.92644882202,
        "dvar": 40.3054847717,
        "dvar2": 85.6231155396,
        "max": 113.450332642,
        "mean": 29.370716095,
        "median": 27.4693031311,
        "min": 2.51286840439,
        "var": 207.995819092
    },
    "hfc": {
        "dmean": 5.10738563538,
        "dmean2": 7.63919115067,
        "dvar": 42.0364494324,
        "dvar2": 93.7578048706,
        "max": 110.603012085,
        "mean": 21.3101196289,
        "median": 19.0252189636,
        "min": 1.04910920043e-16,
        "var": 324.453063965
    },
    "melbands_crest": {
        "dmean": 2.72477889061,
        "dmean2": 4.50330543518,
        "dvar": 6.64597082138,
        "dvar2": 17.2169647217,
        "max": 32.8227157593,
        "mean": 10.1451425552,
        "median": 9.63851928711,
        "min": 1.45423841476,
        "var": 23.3162078857
    },
    "melbands_flatness_db": {
        "dmean": 0.0179210007191,
        "dmean2": 0.0278562903404,
        "dvar": 0.000341579201631,
        "dvar2": 0.000751156418119,
        "max": 0.439423680305,
        "mean": 0.154478505254,
        "median": 0.155108526349,
        "min": 0.00264559895732,
        "var": 0.00509263528511
    },
    "melbands_kurtosis": {
        "dmean": 2.63782215118,
        "dmean2": 4.17684173584,
        "dvar": 25.0036125183,
        "dvar2": 57.2277259827,
        "max": 178.272460938,
        "mean": 4.77591609955,
        "median": 2.27529525757,
        "min": -1.73446905613,
        "var": 77.0412216187
    },
    "melbands_skewness": {
        "dmean": 0.451719611883,
        "dmean2": 0.707214713097,
        "dvar": 0.23687236011,
        "dvar2": 0.549955070019,
        "max": 10.7344293594,
        "mean": 1.33494484425,
        "median": 1.11754238605,
        "min": -1.05048751831,
        "var": 1.4157987833
    },
    "melbands_spread": {
        "dmean": 6.63018274307,
        "dmean2": 10.5239725113,
        "dvar": 64.2579116821,
        "dvar2": 142.757232666,
        "max": 186.091827393,
        "mean": 36.9513435364,
        "median": 25.4497585297,
        "min": 0.991908192635,
        "var": 1261.68029785
    },
    "pitch_salience": {
        "dmean": 0.0587395206094,
        "dmean2": 0.0966564267874,
        "dvar": 0.00290680420585,
        "dvar2": 0.00754365464672,
        "max": 0.963435173035,
        "mean": 0.621414542198,
        "median": 0.617194890976,
        "min": 0.133928284049,
        "var": 0.0115988217294
    },
    "silence_rate_20dB": {
        "dmean": 0,
        "dmean2": 0,
        "dvar": 0,
        "dvar2": 0,
        "max": 1,
        "mean": 1,
        "median": 1,
        "min": 1,
        "var": 0
    },
    "silence_rate_30dB": {
        "dmean": 0.000643224688247,
        "dmean2": 0.00128658732865,
        "dvar": 0.000642869388685,
        "dvar2": 0.0017140279524,
        "max": 1,
        "mean": 0.999464035034,
        "median": 1,
        "min": 0,
        "var": 0.00053585198475
    },
    "silence_rate_60dB": {
        "dmean": 0.0154373925179,
        "dmean2": 0.0308780949563,
        "dvar": 0.0151991834864,
        "dvar2": 0.0344214588404,
        "max": 1,
        "mean": 0.18222746253,
        "median": 0,
        "min": 0,
        "var": 0.149015560746
    },
    "spectral_centroid": {
        "dmean": 217.408416748,
        "dmean2": 344.278167725,
        "dvar": 62323.9257812,
        "dvar2": 136260.28125,
        "max": 12059.1074219,
        "mean": 2382.94116211,
        "median": 1441.89001465,
        "min": 230.213180542,
        "var": 8805796
    },
    "spectral_complexity": {
        "dmean": 2.80981993675,
        "dmean2": 4.3919801712,
        "dvar": 8.90588188171,
        "dvar2": 19.086648941,
        "max": 56,
        "mean": 17.7906532288,
        "median": 19,
        "min": 0,
        "var": 112.58102417
    },
    "spectral_decrease": {
        "dmean": 1.44967937654e-09,
        "dmean2": 2.27434493461e-09,
        "dvar": 3.32696302349e-18,
        "dvar2": 7.9445991178e-18,
        "max": 3.04177234667e-28,
        "mean": -5.33605870601e-09,
        "median": -5.01350116977e-09,
        "min": -3.26599867151e-08,
        "var": 1.75422806395e-17
    },
    "spectral_energy": {
        "dmean": 0.00583918811753,
        "dmean2": 0.00913597270846,
        "dvar": 5.34769278602e-05,
        "dvar2": 0.000127376522869,
        "max": 0.130387842655,
        "mean": 0.0220724157989,
        "median": 0.0207488499582,
        "min": 9.76991826436e-21,
        "var": 0.000296928628813
    },
    "spectral_energyband_high": {
        "dmean": 0.000217325723497,
        "dmean2": 0.00030729782884,
        "dvar": 2.55011343597e-07,
        "dvar2": 4.72971720455e-07,
        "max": 0.0154283484444,
        "mean": 0.00058235542383,
        "median": 0.000323827960528,
        "min": 6.71436962714e-21,
        "var": 7.94961181327e-07
    },
    "spectral_energyband_low": {
        "dmean": 0.00183588953223,
        "dmean2": 0.00299451639876,
        "dvar": 9.85778478935e-06,
        "dvar2": 2.57012143265e-05,
        "max": 0.0558842606843,
        "mean": 0.00339288590476,
        "median": 0.00192671746481,
        "min": 6.51933624179e-24,
        "var": 1.85459830391e-05
    },
    "spectral_energyband_middle_high": {
        "dmean": 0.0027791056782,
        "dmean2": 0.00431752810255,
        "dvar": 1.68280512298e-05,
        "dvar2": 4.29010979133e-05,
        "max": 0.0693728923798,
        "mean": 0.00871975999326,
        "median": 0.00565009191632,
        "min": 1.07158764391e-21,
        "var": 8.32600999274e-05
    },
    "spectral_energyband_middle_low": {
        "dmean": 0.0038445466198,
        "dmean2": 0.00608965568244,
        "dvar": 3.21197876474e-05,
        "dvar2": 7.63198113418e-05,
        "max": 0.125371515751,
        "mean": 0.0104558560997,
        "median": 0.00817674957216,
        "min": 1.34811103288e-22,
        "var": 0.0001041105279
    },
    "spectral_entropy": {
        "dmean": 0.117558054626,
        "dmean2": 0.176263734698,
        "dvar": 0.0157662369311,
        "dvar2": 0.0315572358668,
        "max": 9.83179473877,
        "mean": 7.78318119049,
        "median": 7.62429952621,
        "min": 5.78676748276,
        "var": 0.571052789688
    },
    "spectral_flux": {
        "dmean": 0.017309255898,
        "dmean2": 0.0275529623032,
        "dvar": 0.000357489712769,
        "dvar2": 0.000844691530801,
        "max": 0.257384002209,
        "mean": 0.0786372646689,
        "median": 0.0811281874776,
        "min": 6.21284482194e-11,
        "var": 0.00221796520054
    },
    "spectral_kurtosis": {
        "dmean": 1.39246404171,
        "dmean2": 2.36206793785,
        "dvar": 2.64975404739,
        "dvar2": 7.76739740372,
        "max": 31.7022018433,
        "mean": 3.71420431137,
        "median": 3.49050855637,
        "min": -1.28445518017,
        "var": 9.71389865875
    },
    "spectral_rms": {
        "dmean": 0.000564703019336,
        "dmean2": 0.000867331866175,
        "dvar": 3.81489286383e-07,
        "dvar2": 8.37414518173e-07,
        "max": 0.0112786367536,
        "mean": 0.00408073700964,
        "median": 0.00449919793755,
        "min": 3.08733334037e-12,
        "var": 4.88161049361e-06
    },
    "spectral_rolloff": {
        "dmean": 369.260681152,
        "dmean2": 616.343139648,
        "dvar": 439681.0625,
        "dvar2": 888015.75,
        "max": 20155.078125,
        "mean": 3347.00439453,
        "median": 1421.19140625,
        "min": 86.1328125,
        "var": 28236504
    },
    "spectral_skewness": {
        "dmean": 0.185224711895,
        "dmean2": 0.301486581564,
        "dvar": 0.0341530367732,
        "dvar2": 0.0858885794878,
        "max": 4.47104501724,
        "mean": 1.35447406769,
        "median": 1.42284393311,
        "min": -0.109206713736,
        "var": 0.377698153257
    },
    "spectral_spread": {
        "dmean": 436043.46875,
        "dmean2": 668284.0625,
        "dvar": 415934611456,
        "dvar2": 890521255936,
        "max": 43120392,
        "mean": 7646769.5,
        "median": 3823200,
        "min": 1760215,
        "var": 1.24570551976e+14
    },
    "spectral_strongpeak": {
        "dmean": 0.71261370182,
        "dmean2": 1.18138539791,
        "dvar": 0.921990871429,
        "dvar2": 2.38147544861,
        "max": 13.2052326202,
        "mean": 1.37552285194,
        "median": 0.757953643799,
        "min": 0,
        "var": 2.27927589417
    },
    "zerocrossingrate": {
        "dmean": 0.00816834624857,
        "dmean2": 0.0103199211881,
        "dvar": 0.000120695760415,
        "dvar2": 0.000149480110849,
        "max": 0.6943359375,
        "mean": 0.106304675341,
        "median": 0.060546875,
        "min": 0.0048828125,
        "var": 0.0185048729181
    },
    "barkbands": {
        "dmean": [3.36327393597e-05, 0.000991699635051, 0.00086803646991, 0.000773150648456, 0.000993674504571, 0.000734800007194, 0.00114728393964, 0.00123543397058, 0.00134058145341, 0.0011151432991, 0.0012245811522, 0.000886964029633, 0.000474471540656, 0.000270435062703, 0.000261942681391, 0.000279702042462, 0.00028967045364, 0.000180956878467, 0.000154198423843, 7.43970449548e-05, 6.71683083056e-05, 7.98846376711e-05, 5.40915425518e-05, 3.49870715581e-05, 1.07916293928e-05, 2.89399622488e-06, 1.35692737047e-08],
        "dmean2": [5.68214636587e-05, 0.00161853432655, 0.00147860439029, 0.00128403282724, 0.0016576302005, 0.00119152443949, 0.00189111253712, 0.00198552501388, 0.00213234010153, 0.00179750402458, 0.00199138070457, 0.00142595067155, 0.000772342842538, 0.000442943535745, 0.000422377226641, 0.000449179642601, 0.000459512957605, 0.000288077600999, 0.000241794550675, 0.000117210642202, 0.000103850798041, 0.000121184224554, 8.01526475698e-05, 5.14146704518e-05, 1.56648275151e-05, 4.21096865466e-06, 2.37325537e-08],
        "dvar": [4.72704808629e-09, 4.298971362e-06, 2.73670411843e-06, 1.72182194547e-06, 3.18605202665e-06, 2.24890504796e-06, 7.10375661583e-06, 1.16352503028e-05, 7.67555957282e-06, 5.19055220138e-06, 8.50098422234e-06, 3.22920118379e-06, 1.33532842028e-06, 4.04086250683e-07, 3.98037116156e-07, 5.67538279483e-07, 5.22697860106e-07, 9.02542538483e-08, 7.4376082182e-08, 2.48806095726e-08, 2.46087328293e-08, 3.42275967569e-08, 2.29121521755e-08, 1.70833409641e-08, 8.0218814924e-10, 5.05756478364e-11, 8.60730994671e-15],
        "dvar2": [1.21287175858e-08, 1.09622769742e-05, 7.4248441706e-06, 4.66670690003e-06, 8.55755934026e-06, 5.24234656041e-06, 1.83573938557e-05, 2.51555775321e-05, 1.95837092178e-05, 1.32446821226e-05, 2.25793883146e-05, 8.18511216494e-06, 3.4397953641e-06, 1.04571051907e-06, 9.64482751442e-07, 1.38925202009e-06, 1.17974843761e-06, 2.18558980691e-07, 1.7281683995e-07, 6.14178219394e-08, 5.7728936298e-08, 7.49797308686e-08, 4.43603198619e-08, 3.14173860261e-08, 1.54816170994e-09, 9.571742704e-11, 2.337990336e-14],
        "max": [0.00140428449959, 0.03263913095, 0.0292859822512, 0.0184088498354, 0.0275552589446, 0.0606667101383, 0.0665117651224, 0.123625308275, 0.0688295066357, 0.0420768111944, 0.0430510342121, 0.0318574011326, 0.0264405682683, 0.0184450186789, 0.0136904008687, 0.0169102903455, 0.0210363250226, 0.00665700947866, 0.00547759886831, 0.00551384408027, 0.00517634721473, 0.00539422454312, 0.00666135456413, 0.00523046031594, 0.000792146136519, 0.000215191990719, 6.238646165e-06],
        "mean": [3.72005415556e-05, 0.00142543378752, 0.00115626526531, 0.00119953311514, 0.00161424058024, 0.00125742214732, 0.0016919762129, 0.001958650304, 0.00215218495578, 0.00179781252518, 0.00199953489937, 0.00156531739049, 0.00079841731349, 0.000443265191279, 0.000457296177046, 0.000513758917805, 0.000564279500395, 0.000423465564381, 0.000351893570041, 0.00015231987345, 0.000137862298288, 0.000170744096977, 0.000111050474516, 6.55616022414e-05, 2.15389572986e-05, 5.37274308954e-06, 1.03764028481e-08],
        "median": [1.50602809299e-05, 0.000568393268622, 0.000519045046531, 0.000581978587434, 0.000911661307327, 0.000603333697654, 0.000533151905984, 0.000440295581939, 0.000694681715686, 0.000512035214342, 0.000364022620488, 0.000409044267144, 0.000205663600354, 0.000133582550916, 0.000142762321047, 0.000129280946567, 0.000190828504856, 0.000208460609429, 0.000162333075423, 6.49047506158e-05, 6.81539895595e-05, 7.56292574806e-05, 5.0912014558e-05, 2.68513485935e-05, 8.66576556291e-06, 1.90452817606e-06, 5.26762855557e-10],
        "min": [8.47747399643e-26, 9.26406692655e-25, 3.75147462688e-25, 4.30047867608e-25, 3.74005029394e-24, 6.42350936333e-24, 4.7507905561e-24, 3.30656215462e-24, 5.2559498641e-24, 7.48688084737e-24, 8.40440812167e-24, 1.7418135562e-23, 2.00194422623e-23, 1.72758786972e-23, 3.2908468621e-23, 3.0307676258e-23, 4.65653358973e-23, 4.23883489586e-23, 8.11604206881e-23, 1.46536075451e-22, 2.01520980587e-22, 2.6405666036e-22, 3.63801318689e-22, 5.25647429883e-22, 7.63797443732e-22, 1.14587042182e-21, 1.7329300547e-21],
        "var": [5.17257925381e-09, 6.12059875493e-06, 3.69296185454e-06, 2.99559587802e-06, 4.85924101667e-06, 4.8970446187e-06, 1.30970556711e-05, 2.83006738755e-05, 1.37407378134e-05, 1.03849761217e-05, 1.83224165085e-05, 8.05900890555e-06, 2.87493071482e-06, 7.94353979927e-07, 9.29144846396e-07, 1.52732275183e-06, 1.74501553829e-06, 3.38171190606e-07, 2.80341453163e-07, 6.79889211597e-08, 4.96230008196e-08, 7.86205731629e-08, 5.1030934145e-08, 3.86722760481e-08, 2.01335459415e-09, 1.16523651839e-10, 6.11057614962e-15]
    },
    "erbbands": {
        "dmean": [0.0246864017099, 0.245614051819, 0.788444876671, 2.03035497665, 2.47827363014, 4.01482343674, 5.61821699142, 5.68624687195, 11.3490095139, 21.0640544891, 30.0352363586, 29.5537433624, 30.4617443085, 46.1432037354, 32.6223144531, 35.8662796021, 20.6397666931, 14.375333786, 12.3555488586, 11.3546190262, 15.1478862762, 14.3111581802, 9.32618522644, 8.82437324524, 6.0808506012, 3.18022990227, 3.06413459778, 2.3784673214, 3.00370502472, 2.35518980026, 1.41191935539, 1.01391720772, 0.416955888271, 0.154647305608, 0.0662416294217, 0.0189982261509, 0.00501561211422, 0.000227025651839, 7.60767625252e-06, 7.03327305018e-06],
        "dmean2": [0.0400032401085, 0.403463810682, 1.33516311646, 3.37979626656, 4.18857908249, 6.78636789322, 9.06871128082, 9.36146831512, 18.5765552521, 34.1256370544, 47.8753242493, 47.0290756226, 50.1403770447, 74.1465148926, 52.089881897, 57.7346878052, 33.4300346375, 23.313293457, 19.8644695282, 17.9364719391, 24.2913398743, 21.9481754303, 14.7107753754, 13.7647047043, 9.52604961395, 4.99341487885, 4.78173398972, 3.67723202705, 4.60201883316, 3.51766753197, 2.08350801468, 1.51205646992, 0.608220517635, 0.224796324968, 0.0965652018785, 0.0274435970932, 0.00737764826044, 0.000333137315465, 1.09213606265e-05, 1.08925205495e-05],
        "dvar": [0.00369166908786, 0.246713683009, 2.28906607628, 12.5046882629, 19.7539196014, 59.7873458862, 139.128921509, 172.254058838, 653.877563477, 2341.54492188, 7064.8984375, 4371.92089844, 4804.43408203, 9754.36230469, 6402.61914062, 5577.43505859, 2092.97436523, 1064.11865234, 1003.02026367, 671.061828613, 1841.32714844, 1389.08630371, 233.82383728, 213.73374939, 140.120285034, 41.6412582397, 50.1988334656, 34.6941452026, 49.6557006836, 33.1455345154, 17.2207145691, 16.0125961304, 1.97927689552, 0.206933915615, 0.0244729872793, 0.00209381873719, 0.000171869454789, 6.67946665089e-07, 3.13807341223e-10, 7.45553965786e-11],
        "dvar2": [0.00904746353626, 0.640618741512, 6.19049263, 33.9736785889, 54.8755493164, 162.443023682, 286.390106201, 436.318450928, 1610.64697266, 5781.76464844, 15045.3691406, 11315.0810547, 13084.9755859, 24985.1582031, 16477.9570312, 14163.6054688, 5378.92138672, 2719.1706543, 2560.35498047, 1607.50646973, 4588.40478516, 2796.29223633, 563.428649902, 494.960449219, 334.831665039, 102.687690735, 117.052429199, 82.4022445679, 112.997894287, 69.2551422119, 32.7661323547, 30.4711818695, 3.6585919857, 0.399792581797, 0.0492447726429, 0.00401533208787, 0.000337490113452, 1.39177882374e-06, 5.97096150301e-10, 1.74955605559e-10],
        "max": [1.22814154625, 8.68532848358, 27.8054275513, 49.1614379883, 60.5963058472, 121.389419556, 658.79876709, 300.036346436, 674.166564941, 972.108337402, 3054.16308594, 1958.40087891, 1418.04089355, 1860.73278809, 2220.64526367, 1553.10217285, 1001.29351807, 1107.75585938, 875.937194824, 537.472167969, 1104.45874023, 1378.48193359, 292.795318604, 431.561004639, 247.205917358, 177.64630127, 309.791564941, 167.499725342, 228.114959717, 147.437805176, 178.300262451, 174.284561157, 48.9004440308, 13.1017227173, 3.63178372383, 1.32130420208, 0.55542832613, 0.0342896133661, 0.000745336699765, 0.000148713588715],
        "mean": [0.0320690236986, 0.357740819454, 1.15353667736, 3.30580258369, 3.81020212173, 5.88632202148, 9.69568252563, 9.15964221954, 17.6528453827, 31.2634601593, 50.9363250732, 49.3727989197, 52.634967804, 83.0230865479, 59.9622764587, 66.3201675415, 39.036026001, 26.7634315491, 22.6097259521, 22.552312851, 32.882774353, 30.8129386902, 23.1645298004, 21.9285449982, 13.8380670547, 6.94642496109, 6.25618934631, 4.98951053619, 6.24638938904, 5.01011657715, 2.8271946907, 1.84839785099, 0.793629169464, 0.307756602764, 0.125091195107, 0.0370427630842, 0.00816030427814, 0.00035156996455, 2.33614355238e-05, 2.80230924545e-05],
        "median": [0.0120304469019, 0.148342132568, 0.569498240948, 1.69367909431, 2.02441525459, 2.89966201782, 4.82504987717, 3.93228054047, 6.87785005569, 10.4327907562, 14.082983017, 17.5110721588, 17.9640102386, 24.8915901184, 16.9417667389, 19.0608024597, 12.6335163116, 9.70266628265, 8.38078784943, 7.80925893784, 8.79291534424, 11.3779802322, 12.3546562195, 11.0978832245, 6.3735833168, 3.24920964241, 2.9564063549, 2.53289556503, 2.71265387535, 2.21696615219, 1.2974063158, 0.750639855862, 0.309390425682, 0.121010810137, 0.0502945370972, 0.0154201611876, 0.00182732089888, 5.19403038197e-05, 1.78401987796e-05, 2.70650452876e-05],
        "min": [3.47634150862e-23, 3.22747053428e-22, 1.24508292089e-21, 2.42779347515e-21, 4.17531046414e-21, 1.42407931245e-20, 1.54457012401e-20, 6.65800066113e-20, 6.09686265932e-20, 6.52683114173e-20, 1.41126292434e-19, 1.62237440931e-19, 3.29485605971e-19, 5.41322037202e-19, 5.58484794142e-19, 1.01748798813e-18, 1.28726829202e-18, 1.38369780251e-18, 1.72658257118e-18, 2.21594055362e-18, 2.48214650669e-18, 3.11959070508e-18, 4.26629071554e-18, 5.57237457477e-18, 4.2936112504e-18, 7.28418473419e-18, 6.28368951738e-18, 8.09575479422e-18, 9.30459985013e-18, 8.87755710555e-18, 8.98114245212e-18, 9.84208444137e-18, 8.69611172946e-18, 7.84203120339e-18, 5.17713402961e-18, 3.89589702162e-18, 1.91693668247e-18, 8.71978129589e-19, 2.09647310664e-19, 2.52659490827e-20],
        "var": [0.00481495540589, 0.347224056721, 3.17378973961, 21.9237537384, 28.5559101105, 84.8754272461, 358.414215088, 295.027099609, 1216.22680664, 3871.90991211, 18570.8828125, 7858.1796875, 9632.54492188, 23913.7558594, 13494.4189453, 14469.4628906, 5157.76074219, 2322.88696289, 1898.3494873, 1720.36169434, 6384.09814453, 5129.67285156, 943.358032227, 826.757202148, 501.711975098, 110.36832428, 107.014549255, 66.3478469849, 107.41204834, 77.1716384888, 37.9390335083, 34.0061416626, 4.54238414764, 0.500949800014, 0.0574115626514, 0.005073888693, 0.000333578209393, 1.06626941943e-06, 8.49740444675e-10, 4.62282628844e-10]
    },
    "gfcc": {
        "mean": [-124.291564941, 93.2202377319, -131.386611938, 28.0375804901, -66.932800293, 16.6944923401, -30.9521389008, 9.29384708405, -19.1074886322, -7.57146501541, -11.6974925995, -1.24961686134, -9.24003314972],
        "cov": [[123218.28125, 10256.4326172, -15217.4013672, 3423.51855469, -7824.15429688, 2031.56201172, -3543.29296875, 1273.93127441, -2379.10131836, -775.90411377, -1506.9239502, 77.5281524658, -1343.32373047], [10256.4326172, 1832.6817627, -1070.26721191, 386.268829346, -610.244262695, 66.4710006714, -254.400299072, 48.2600708008, -145.21836853, -180.536941528, -40.1530151367, -85.4770584106, -69.4034423828], [-15217.4013672, -1070.26721191, 2762.85961914, -119.39907074, 1002.2052002, -265.692596436, 469.798187256, -122.992134094, 272.400970459, 131.587860107, 155.276870728, 41.0931968689, 99.9638290405], [3423.51855469, 386.268829346, -119.39907074, 434.337585449, -150.089813232, 34.7455444336, -139.622467041, 17.2779159546, -36.95054245, -21.7054538727, -45.790397644, 7.47773265839, -22.7624320984], [-7824.15429688, -610.244262695, 1002.2052002, -150.089813232, 677.654907227, -124.515907288, 207.337295532, -76.5517959595, 169.158966064, 73.2238998413, 88.1846008301, 4.26214408875, 82.4393386841], [2031.56201172, 66.4710006714, -265.692596436, 34.7455444336, -124.515907288, 216.8331604, 37.8487625122, 22.3924255371, -69.9598007202, -10.7470378876, -14.8660554886, 11.8581848145, -42.6319313049], [-3543.29296875, -254.400299072, 469.798187256, -139.622467041, 207.337295532, 37.8487625122, 313.318695068, 5.76858043671, 34.4324760437, -18.7271022797, 76.8152236938, 8.50775241852, 2.19904589653], [1273.93127441, 48.2600708008, -122.992134094, 17.2779159546, -76.5517959595, 22.3924255371, 5.76858043671, 120.733383179, 2.00021266937, -8.80986118317, -17.8543968201, 16.186882019, -32.8471870422], [-2379.10131836, -145.21836853, 272.400970459, -36.95054245, 169.158966064, -69.9598007202, 34.4324760437, 2.00021266937, 155.533325195, 24.9170894623, 35.9956130981, -11.0685529709, 39.1020812988], [-775.90411377, -180.536941528, 131.587860107, -21.7054538727, 73.2238998413, -10.7470378876, -18.7271022797, -8.80986118317, 24.9170894623, 127.785110474, 2.95312476158, 1.69547021389, 12.3239126205], [-1506.9239502, -40.1530151367, 155.276870728, -45.790397644, 88.1846008301, -14.8660554886, 76.8152236938, -17.8543968201, 35.9956130981, 2.95312476158, 99.5654983521, 9.02764415741, 22.5900630951], [77.5281524658, -85.4770584106, 41.0931968689, 7.47773265839, 4.26214408875, 11.8581848145, 8.50775241852, 16.186882019, -11.0685529709, 1.69547021389, 9.02764415741, 87.8182144165, -6.64192295074], [-1343.32373047, -69.4034423828, 99.9638290405, -22.7624320984, 82.4393386841, -42.6319313049, 2.19904589653, -32.8471870422, 39.1020812988, 12.3239126205, 22.5900630951, -6.64192295074, 90.4882507324]],
        "icov": [[0.000310907344101, -0.000689333421178, 0.000779515481554, -0.00085943256272, 0.000899995910004, -0.000551442790311, 0.000545161019545, -0.000965561484918, 0.000797702814452, -0.000847118673846, 0.000935320858844, -0.00098234671168, 0.00103103276342], [-0.000689333421178, 0.00271067069843, -0.00154019799083, 0.00107642437797, -0.00145736162085, 0.0015328876907, -0.00103214336559, 0.00207805330865, -0.00157487683464, 0.00290034920909, -0.00311275315471, 0.00336771411821, -0.00204288843088], [0.000779515481554, -0.00154019799083, 0.0031385072507, -0.00294581335038, 0.0013458620524, -0.000183732961887, -0.000225422452786, -0.00172273989301, 0.0016826094361, -0.00275650736876, 0.00261944835074, -0.00288081681356, 0.0030329793226], [-0.00085943256272, 0.00107642437797, -0.00294581335038, 0.00618571043015, -0.00231046741828, 3.52324095729e-05, 0.000678545446135, 0.0021054521203, -0.00223585776985, 0.00270487135276, -0.00199403450824, 0.00195473525673, -0.00301420246251], [0.000899995910004, -0.00145736162085, 0.0013458620524, -0.00231046741828, 0.00719644594938, -0.00115201633889, 0.000631956965663, -0.00141909276135, 0.000243855087319, -0.00286293402314, 0.00235583959147, -0.00264073186554, 0.00204793340527], [-0.000551442790311, 0.0015328876907, -0.000183732961887, 3.52324095729e-05, -0.00115201633889, 0.00881535653025, -0.00485121132806, 0.00254990835674, -6.7833592766e-05, -7.9604149505e-05, -0.000903682026546, 0.00099709618371, -0.000213586026803], [0.000545161019545, -0.00103214336559, -0.000225422452786, 0.000678545446135, 0.000631956965663, -0.00485121132806, 0.00988992396742, -0.00451871333644, 0.00268795341253, 0.00189364806283, -0.00274333520792, -0.000186062301509, 0.00223097903654], [-0.000965561484918, 0.00207805330865, -0.00172273989301, 0.0021054521203, -0.00141909276135, 0.00254990835674, -0.00451871333644, 0.0145958643407, -0.0060192621313, 0.00174955069087, -0.000284824083792, 0.000214108324144, 4.44971738034e-05], [0.000797702814452, -0.00157487683464, 0.0016826094361, -0.00223585776985, 0.000243855087319, -6.7833592766e-05, 0.00268795341253, -0.0060192621313, 0.0132047841325, -0.00226116506383, -0.000368866341887, -0.000212529776036, 0.000386886793422], [-0.000847118673846, 0.00290034920909, -0.00275650736876, 0.00270487135276, -0.00286293402314, -7.9604149505e-05, 0.00189364806283, 0.00174955069087, -0.00226116506383, 0.0128759145737, -0.0039807674475, 0.00392592931166, -0.0029603340663], [0.000935320858844, -0.00311275315471, 0.00261944835074, -0.00199403450824, 0.00235583959147, -0.000903682026546, -0.00274333520792, -0.000284824083792, -0.000368866341887, -0.0039807674475, 0.0183536056429, -0.00635511893779, 0.00114671234041], [-0.00098234671168, 0.00336771411821, -0.00288081681356, 0.00195473525673, -0.00264073186554, 0.00099709618371, -0.000186062301509, 0.000214108324144, -0.000212529776036, 0.00392592931166, -0.00635511893779, 0.0170116573572, -0.00297581264749], [0.00103103276342, -0.00204288843088, 0.0030329793226, -0.00301420246251, 0.00204793340527, -0.000213586026803, 0.00223097903654, 4.44971738034e-05, 0.000386886793422, -0.0029603340663, 0.00114671234041, -0.00297581264749, 0.0184082873166]]
    },
    "melbands": {
        "dmean": [0.000250890414463, 0.000364920269931, 0.000333449715981, 0.000225918731303, 0.000180934061063, 0.000129991793074, 0.000196101362235, 0.00023222429445, 0.000251119025052, 0.000191053753952, 0.000153981338372, 0.000184637625352, 0.000134434943902, 9.01606908883e-05, 8.7920067017e-05, 3.87916697946e-05, 2.75360744126e-05, 2.06159566005e-05, 2.03557156055e-05, 1.68725018739e-05, 1.94164276763e-05, 1.80619881576e-05, 1.03073880382e-05, 9.11243023438e-06, 7.92603441369e-06, 5.97487223786e-06, 3.46676756635e-06, 2.09766449188e-06, 2.22352468882e-06, 1.66219604125e-06, 1.44023238136e-06, 1.81305381375e-06, 1.71381202563e-06, 1.28866383875e-06, 9.04821433778e-07, 7.60395380439e-07, 6.16020543021e-07, 3.41546041227e-07, 1.92863453208e-07, 1.22887485077e-07],
        "dmean2": [0.000409449974541, 0.000608013826422, 0.000555350445211, 0.000379551347578, 0.000295433332212, 0.000212834580452, 0.000322450097883, 0.000373445160221, 0.000398795935325, 0.000304531975416, 0.000254222512012, 0.000295637408271, 0.000216363448999, 0.00014323295909, 0.000142547403811, 6.33011077298e-05, 4.47615566372e-05, 3.35368204105e-05, 3.27596171701e-05, 2.65859362116e-05, 3.14324133797e-05, 2.82997643808e-05, 1.65655274031e-05, 1.44908799484e-05, 1.24968892123e-05, 9.50697904045e-06, 5.55894757781e-06, 3.35136496687e-06, 3.52904044121e-06, 2.62345361079e-06, 2.25545522881e-06, 2.84086786451e-06, 2.64824484475e-06, 1.96630571736e-06, 1.36755375024e-06, 1.14816850783e-06, 9.34037643674e-07, 5.0823877018e-07, 2.92864285711e-07, 1.84153009286e-07],
        "dvar": [3.13415057462e-07, 4.56261943782e-07, 3.10154774752e-07, 1.91432235397e-07, 1.18167939434e-07, 7.99266715035e-08, 1.93775235857e-07, 2.74924815358e-07, 4.19972224108e-07, 1.86869399954e-07, 1.23775180327e-07, 1.49189773424e-07, 1.04156782754e-07, 3.56001059743e-08, 4.54894326651e-08, 9.45952915998e-09, 4.13460687909e-09, 2.96125191035e-09, 2.57356136402e-09, 1.70131420063e-09, 3.04071390289e-09, 2.59641086409e-09, 4.037567225e-10, 2.47949577536e-10, 1.81678075362e-10, 1.59590854421e-10, 7.19098322555e-11, 1.91351847562e-11, 3.15302575715e-11, 1.29047796754e-11, 1.44013499043e-11, 1.90932929189e-11, 1.63321925428e-11, 9.99554692488e-12, 5.95538505663e-12, 8.23453631671e-12, 6.51833968746e-12, 1.34132809027e-12, 3.76659668082e-13, 1.18333402972e-13],
        "dvar2": [7.92187393017e-07, 1.21308096368e-06, 8.50300295951e-07, 5.23943924691e-07, 2.56580960922e-07, 1.98974603904e-07, 4.88634725571e-07, 6.60056798552e-07, 9.10208996174e-07, 4.87190334297e-07, 3.36942349577e-07, 3.78354371833e-07, 2.75599830957e-07, 8.68224958595e-08, 1.17293247115e-07, 2.4552837985e-08, 1.06678408329e-08, 7.69896502106e-09, 6.10834849368e-09, 3.74121977842e-09, 7.7749184868e-09, 5.44736522556e-09, 1.00570407557e-09, 6.08924910495e-10, 4.29362628784e-10, 3.88102522342e-10, 1.80159553942e-10, 4.81991321855e-11, 7.48731701639e-11, 2.9684813635e-11, 3.59471688527e-11, 4.6072517329e-11, 3.53394223607e-11, 2.13398396176e-11, 1.18721881284e-11, 1.69955265139e-11, 1.30896335437e-11, 2.59486507802e-12, 7.64420807469e-13, 2.47175842077e-13],
        "max": [0.00988070759922, 0.0116517646238, 0.00763634871691, 0.00707754911855, 0.0174482073635, 0.0061389436014, 0.0104373088107, 0.0104382559657, 0.0211372729391, 0.013231751509, 0.00721817323938, 0.00730476388708, 0.00584385730326, 0.00365942856297, 0.00526205357164, 0.00341187068261, 0.00204374361783, 0.00177600781899, 0.00148564146366, 0.000995798502117, 0.00143179635052, 0.00175244745333, 0.000478740315884, 0.000362920254702, 0.000378076598281, 0.000288585521048, 0.000368785986211, 0.000143703946378, 0.00029954596539, 8.36728868308e-05, 0.000121684439364, 0.000162471129443, 0.000107566636871, 9.44287094171e-05, 9.8257100035e-05, 0.000120590208098, 9.45268693613e-05, 4.07169791288e-05, 1.72737691173e-05, 9.48407887336e-06],
        "mean": [0.000353368464857, 0.000575591635425, 0.000565205409657, 0.000342212268151, 0.000317380618071, 0.000213229068322, 0.000303015433019, 0.000347268680343, 0.000420882424805, 0.000306431145873, 0.000253165577305, 0.000324616674334, 0.000232004429563, 0.000162557495059, 0.000149003157276, 6.78411233821e-05, 4.65568336949e-05, 3.39191501553e-05, 3.53640061803e-05, 3.05006506096e-05, 3.97998592234e-05, 3.4958775359e-05, 2.09314857784e-05, 2.08116434806e-05, 1.7673626644e-05, 1.22510155052e-05, 6.67829544909e-06, 4.02005616706e-06, 4.15325303038e-06, 3.19032301377e-06, 2.73010778074e-06, 3.52008987647e-06, 3.36453263117e-06, 2.57629653788e-06, 1.68355666119e-06, 1.31260071612e-06, 1.03916624994e-06, 6.00495241088e-07, 3.51417952515e-07, 2.25708163271e-07],
        "median": [0.000137675306178, 0.000291734613711, 0.000317511527101, 0.000174752291059, 0.000167725025676, 9.60133693297e-05, 0.000109567416075, 0.000109773543954, 0.000104417085822, 9.83573336271e-05, 6.97635114193e-05, 8.93582400749e-05, 5.10412210133e-05, 4.28445928264e-05, 3.29862086801e-05, 1.90440059669e-05, 1.49617062561e-05, 1.10731762106e-05, 1.06780626083e-05, 9.01495513972e-06, 9.26108168642e-06, 1.06116494862e-05, 1.03698412204e-05, 9.73897658696e-06, 8.25865026854e-06, 4.70710074296e-06, 2.65725520876e-06, 1.71481894995e-06, 1.75703416971e-06, 1.57047622906e-06, 1.30397597786e-06, 1.48423339397e-06, 1.32050786306e-06, 1.10759958716e-06, 7.3771445841e-07, 5.31179580321e-07, 3.82076564165e-07, 2.15193409758e-07, 1.26384748e-07, 8.62300950644e-08],
        "min": [5.96444319802e-25, 7.10074309781e-25, 3.40666377172e-25, 6.73067266995e-25, 6.07727348026e-25, 1.32672382256e-24, 1.07105844052e-24, 7.11575364172e-25, 8.51675926951e-25, 6.72504069612e-25, 1.20145764119e-24, 1.62734342936e-24, 1.20343413219e-24, 1.93657601673e-24, 2.21143546928e-24, 1.79280710283e-24, 1.85478435428e-24, 2.06264683623e-24, 2.66425563116e-24, 2.68168393514e-24, 2.6145428002e-24, 2.87120914812e-24, 2.68104042185e-24, 1.72127733747e-24, 3.88940375141e-24, 1.83983011532e-24, 2.82501877833e-24, 3.55259919349e-24, 3.70047195904e-24, 4.28406415697e-24, 4.18712182919e-24, 4.53745061846e-24, 4.69282150691e-24, 4.69534428409e-24, 4.18099514097e-24, 5.11434025972e-24, 5.16852356542e-24, 5.43912021085e-24, 5.42818541541e-24, 5.80536939648e-24],
        "var": [4.34061206533e-07, 6.85860754857e-07, 5.52820438315e-07, 2.60288516074e-07, 2.95919761584e-07, 1.4728497888e-07, 3.7371006556e-07, 4.68550581445e-07, 1.11946792458e-06, 3.20785716212e-07, 2.47091264782e-07, 3.64039124179e-07, 2.24110110025e-07, 9.00241232671e-08, 1.01499303184e-07, 2.18298783494e-08, 8.45897751844e-09, 4.83651518834e-09, 6.31724450528e-09, 4.37913483253e-09, 1.03034105692e-08, 8.51887449471e-09, 9.92114723708e-10, 9.19305354063e-10, 6.1183230704e-10, 4.94421226183e-10, 1.97198313234e-10, 4.13120787579e-11, 6.00725719169e-11, 2.64567569241e-11, 2.29003517538e-11, 3.63256126568e-11, 3.57019275254e-11, 2.19093441306e-11, 1.26244700457e-11, 1.49631609186e-11, 1.26833222744e-11, 2.8222480776e-12, 8.01035344826e-13, 2.5503750045e-13]
    },
    "mfcc": {
        "mean": [-688.091186523, 109.072662354, -11.3437576294, 10.3472929001, -9.98056316376, 1.7654389143, -4.51801729202, 12.6464252472, -3.39074587822, -1.93779683113, -0.1286252141, -0.347182482481, -2.1736946106],
        "cov": [[28529.9082031, 5043.14257812, -816.848571777, 603.64276123, -648.882751465, 114.339263916, -186.007217407, 826.75994873, -237.490890503, -88.5537261963, 53.6711425781, -28.4124412537, -111.707290649], [5043.14257812, 2083.17285156, 33.3012390137, 249.349090576, -86.0709991455, -9.02411270142, -27.3179283142, 191.581130981, -55.1963272095, -33.5529670715, 26.103685379, 5.01677513123, -25.9307403564], [-816.848571777, 33.3012390137, 738.16986084, 261.786224365, 68.6527252197, 41.125541687, 44.0257148743, 15.2427835464, 10.4817094803, -7.56278800964, -7.00803852081, 37.2372055054, 28.7615451813], [603.64276123, 249.349090576, 261.786224365, 364.903564453, 124.607421875, 1.21692788601, -46.1356468201, 7.72224664688, 10.464006424, -11.0720586777, -19.8563575745, 5.99032115936, 43.544467926], [-648.882751465, -86.0709991455, 68.6527252197, 124.607421875, 235.537353516, 12.8835315704, -73.5579376221, -71.6457824707, 26.8679428101, 9.86846542358, -13.7363243103, -7.82315444946, 41.6818885803], [114.339263916, -9.02411270142, 41.125541687, 1.21692788601, 12.8835315704, 157.405395508, 61.7633209229, 8.1178483963, -8.47820281982, 4.22685575485, 5.70372200012, -2.93540096283, -14.4344682693], [-186.007217407, -27.3179283142, 44.0257148743, -46.1356468201, -73.5579376221, 61.7633209229, 183.73550415, 54.0052719116, -15.4604263306, 6.86738538742, 10.116147995, 16.3525657654, -18.1418056488], [826.75994873, 191.581130981, 15.2427835464, 7.72224664688, -71.6457824707, 8.1178483963, 54.0052719116, 224.810806274, -13.8931798935, -18.3436031342, 41.2274932861, 2.64310050011, -28.3432750702], [-237.490890503, -55.1963272095, 10.4817094803, 10.464006424, 26.8679428101, -8.47820281982, -15.4604263306, -13.8931798935, 78.7747879028, 28.7090187073, -7.79745054245, -1.38514816761, 8.84153270721], [-88.5537261963, -33.5529670715, -7.56278800964, -11.0720586777, 9.86846542358, 4.22685575485, 6.86738538742, -18.3436031342, 28.7090187073, 87.3215408325, 17.0818462372, 4.14374017715, -5.60802555084], [53.6711425781, 26.103685379, -7.00803852081, -19.8563575745, -13.7363243103, 5.70372200012, 10.116147995, 41.2274932861, -7.79745054245, 17.0818462372, 78.8502807617, 13.6663446426, -8.93985557556], [-28.4124412537, 5.01677513123, 37.2372055054, 5.99032115936, -7.82315444946, -2.93540096283, 16.3525657654, 2.64310050011, -1.38514816761, 4.14374017715, 13.6663446426, 65.5811538696, 19.7344932556], [-111.707290649, -25.9307403564, 28.7615451813, 43.544467926, 41.6818885803, -14.4344682693, -18.1418056488, -28.3432750702, 8.84153270721, -5.60802555084, -8.93985557556, 19.7344932556, 75.6595611572]],
