{
"lowlevel": {
    "average_loudness": 0.823752760887,
    "barkbands_crest": {
        "dmean": 2.95803546906,
        "dmean2": 4.83629179001,
        "dvar": 6.82348871231,
        "dvar2": 17.8463306427,
        "max": 26.8374290466,
        "mean": 11.9680643082,
        "median": 11.0921030045,
        "min": 2.68576359749,
        "var": 24.8310604095
    },
    "barkbands_flatness_db": {
        "dmean": 0.0248855222017,
        "dmean2": 0.0385995060205,
        "dvar": 0.00068498327164,
        "dvar2": 0.00167868635617,
        "max": 0.530178844929,
        "mean": 0.218216687441,
        "median": 0.211887314916,
        "min": 0.0269468259066,
        "var": 0.00289598247036
    },
    "barkbands_kurtosis": {
        "dmean": 7.93951845169,
        "dmean2": 12.9790878296,
        "dvar": 562.982666016,
        "dvar2": 1554.37792969,
        "max": 919.144897461,
        "mean": 12.5475540161,
        "median": 4.60869979858,
        "min": -1.91184353828,
        "var": 728.74005127
    },
    "barkbands_skewness": {
        "dmean": 0.741396486759,
        "dmean2": 1.15679109097,
        "dvar": 0.920878350735,
        "dvar2": 2.26758909225,
        "max": 25.1107940674,
        "mean": 2.10916781425,
        "median": 1.73535192013,
        "min": -2.21583151817,
        "var": 3.09116506577
    },
    "barkbands_spread": {
        "dmean": 2.59529089928,
        "dmean2": 3.92135834694,
        "dvar": 13.3039608002,
        "dvar2": 26.063791275,
        "max": 92.0072021484,
        "mean": 9.14017105103,
        "median": 7.42735719681,
        "min": 0.190145745873,
        "var": 62.8474197388
    },
    "dissonance": {
        "dmean": 0.0311710089445,
        "dmean2": 0.0523371510208,
        "dvar": 0.000762772280723,
        "dvar2": 0.00217127148062,
        "max": 0.500000119209,
        "mean": 0.431049078703,
        "median": 0.437984585762,
        "min": 0.197153806686,
        "var": 0.00179120735265
    },
    "dynamic_complexity": 4.80081415176,
    "erbbands_crest": {
        "dmean": 3.20748806,
        "dmean2": 5.26930809021,
        "dvar": 8.8134765625,
        "dvar2": 23.1955604553,
        "max": 31.5024223328,
        "mean": 11.5665855408,
        "median": 10.5417709351,
        "min": 2.17913603783,
        "var": 23.1628170013
    },
    "erbbands_flatness_db": {
        "dmean": 0.0193427149206,
        "dmean2": 0.0295876357704,
        "dvar": 0.000398922536988,
        "dvar2": 0.000929147296119,
        "max": 0.378328770399,
        "mean": 0.232431605458,
        "median": 0.239018127322,
        "min": 0.0554963797331,
        "var": 0.00237585417926
    },
    "erbbands_kurtosis": {
        "dmean": 2.54564213753,
        "dmean2": 4.245054245,
        "dvar": 38.8189964294,
        "dvar2": 112.073944092,
        "max": 116.730644226,
        "mean": 3.10748720169,
        "median": 1.01912117004,
        "min": -1.89782440662,
        "var": 51.1739578247
    },
    "erbbands_skewness": {
        "dmean": 0.514044284821,
        "dmean2": 0.808935880661,
        "dvar": 0.360579371452,
        "dvar2": 0.932352185249,
        "max": 8.88448905945,
        "mean": 1.08114635944,
        "median": 0.870926856995,
        "min": -2.94528222084,
        "var": 1.2927018404
    },
    "erbbands_spread": {
        "dmean": 5.61930799484,
        "dmean2": 8.73143100739,
        "dvar": 51.6524200439,
        "dvar2": 114.536193848,
        "max": 121.964782715,
        "mean": 23.0971622467,
        "median": 19.2765197754,
        "min": 1.61235702038,
        "var": 228.044845581
    },
    "hfc": {
        "dmean": 3.36630105972,
        "dmean2": 5.00389480591,
        "dvar": 25.0817279816,
        "dvar2": 53.2010879517,
        "max": 139.476715088,
        "mean": 12.1156301498,
        "median": 6.97108602524,
        "min": 1.1855891046e-16,
        "var": 188.096420288
    },
    "melbands_crest": {
        "dmean": 3.24791932106,
        "dmean2": 5.26913261414,
        "dvar": 8.00364971161,
        "dvar2": 20.0012950897,
        "max": 39.2292823792,
        "mean": 14.389872551,
        "median": 13.6120653152,
        "min": 1.0007468462,
        "var": 30.4690227509
    },
    "melbands_flatness_db": {
        "dmean": 0.0283416714519,
        "dmean2": 0.0431229174137,
        "dvar": 0.000861596432514,
        "dvar2": 0.00203554145992,
        "max": 0.555799126625,
        "mean": 0.290897905827,
        "median": 0.286824345589,
        "min": -2.32973349057e-07,
        "var": 0.00512942299247
    },
    "melbands_kurtosis": {
        "dmean": 9.85791683197,
        "dmean2": 15.6956634521,
        "dvar": 450.299713135,
        "dvar2": 1164.17773438,
        "max": 583.711425781,
        "mean": 17.736415863,
        "median": 7.77358722687,
        "min": -1.51339936256,
        "var": 1041.66833496
    },
    "melbands_skewness": {
        "dmean": 0.763941884041,
        "dmean2": 1.19062590599,
        "dvar": 0.708954513073,
        "dvar2": 1.69160342216,
        "max": 17.521686554,
        "mean": 2.46584320068,
        "median": 2.1288421154,
        "min": -1.04794883728,
        "var": 3.15964984894
    },
    "melbands_spread": {
        "dmean": 3.32716989517,
        "dmean2": 5.02908754349,
        "dvar": 23.5593338013,
        "dvar2": 45.4942703247,
        "max": 145.738525391,
        "mean": 11.4895372391,
        "median": 9.09040260315,
        "min": 0.373380482197,
        "var": 101.10824585
    },
    "pitch_salience": {
        "dmean": 0.0807656869292,
        "dmean2": 0.132379412651,
        "dvar": 0.00568404467776,
        "dvar2": 0.0154234040529,
        "max": 0.99772554636,
        "mean": 0.559495866299,
        "median": 0.570159554482,
        "min": 0.027609795332,
        "var": 0.0142403272912
    },
    "silence_rate_20dB": {
        "dmean": 0,
        "dmean2": 0,
        "dvar": 0,
        "dvar2": 0,
        "max": 1,
        "mean": 1,
        "median": 1,
        "min": 1,
        "var": 0
    },
    "silence_rate_30dB": {
        "dmean": 0.000502638868056,
        "dmean2": 0.00100540404674,
        "dvar": 0.00050237623509,
        "dvar2": 0.00100435328204,
        "max": 1,
        "mean": 0.999497413635,
        "median": 1,
        "min": 0,
        "var": 0.000502313196193
    },
    "silence_rate_60dB": {
        "dmean": 0.0520231202245,
        "dmean2": 0.104059316218,
        "dvar": 0.0493201464415,
        "dvar2": 0.102269627154,
        "max": 1,
        "mean": 0.178037434816,
        "median": 0,
        "min": 0,
        "var": 0.14633461833
    },
    "spectral_centroid": {
        "dmean": 136.369995117,
        "dmean2": 202.702133179,
        "dvar": 38114.5976562,
        "dvar2": 65708.140625,
        "max": 10809.5986328,
        "mean": 722.69519043,
        "median": 569.30078125,
        "min": 159.709579468,
        "var": 234182.625
    },
    "spectral_complexity": {
        "dmean": 1.81553149223,
        "dmean2": 2.9214527607,
        "dvar": 3.33443903923,
        "dvar2": 7.64304542542,
        "max": 43,
        "mean": 11.7152910233,
        "median": 10,
        "min": 0,
        "var": 58.8501167297
    },
    "spectral_decrease": {
        "dmean": 1.85531245922e-09,
        "dmean2": 2.83014056635e-09,
        "dvar": 6.24760996701e-18,
        "dvar2": 1.39654011239e-17,
        "max": -3.81199614819e-29,
        "mean": -5.08956432554e-09,
        "median": -3.99799748863e-09,
        "min": -3.4690827988e-08,
        "var": 2.0237124233e-17
    },
    "spectral_energy": {
        "dmean": 0.00726040266454,
        "dmean2": 0.0110739609227,
        "dvar": 9.51999754761e-05,
        "dvar2": 0.000212311759242,
        "max": 0.143581807613,
        "mean": 0.0203080512583,
        "median": 0.0158831998706,
        "min": 1.08975173045e-20,
        "var": 0.000322469626553
    },
    "spectral_energyband_high": {
        "dmean": 5.64183064853e-05,
        "dmean2": 8.23430673336e-05,
        "dvar": 2.25351399763e-08,
        "dvar2": 4.47710952756e-08,
        "max": 0.00517475884408,
        "mean": 0.00012310197053,
        "median": 1.98843736143e-05,
        "min": 7.91633333522e-21,
        "var": 9.07347583734e-08
    },
    "spectral_energyband_low": {
        "dmean": 0.000705064623617,
        "dmean2": 0.00113685277756,
        "dvar": 1.76277717401e-06,
        "dvar2": 4.32018077845e-06,
        "max": 0.019404117018,
        "mean": 0.00125571980607,
        "median": 0.000639410223812,
        "min": 7.86462894287e-23,
        "var": 3.21406628245e-06
    },
    "spectral_energyband_middle_high": {
        "dmean": 0.00146664772183,
        "dmean2": 0.00223924964666,
        "dvar": 9.46968066273e-06,
        "dvar2": 2.18227178266e-05,
        "max": 0.0888387039304,
        "mean": 0.00436895433813,
        "median": 0.00112254929263,
        "min": 1.66533661533e-21,
        "var": 5.24435745319e-05
    },
    "spectral_energyband_middle_low": {
        "dmean": 0.00668051606044,
        "dmean2": 0.0102037070319,
        "dvar": 8.34273159853e-05,
        "dvar2": 0.000190425809706,
        "max": 0.128695860505,
        "mean": 0.0152927581221,
        "median": 0.0112524535507,
        "min": 3.33692731991e-22,
        "var": 0.000221888520173
    },
    "spectral_entropy": {
        "dmean": 0.227230072021,
        "dmean2": 0.352497249842,
        "dvar": 0.0663859844208,
        "dvar2": 0.160512000322,
        "max": 9.79262065887,
        "mean": 6.76684093475,
        "median": 6.8052239418,
        "min": 4.50478506088,
        "var": 0.298287004232
    },
    "spectral_flux": {
        "dmean": 0.0227681156248,
        "dmean2": 0.0369162671268,
        "dvar": 0.000690177432261,
        "dvar2": 0.00157344958279,
        "max": 0.341066807508,
        "mean": 0.0684714019299,
        "median": 0.0602096691728,
        "min": 1.04391176259e-10,
        "var": 0.00193422532175
    },
    "spectral_kurtosis": {
        "dmean": 4.63575410843,
        "dmean2": 7.79458761215,
        "dvar": 21.9295063019,
        "dvar2": 59.8079872131,
        "max": 70.9859237671,
        "mean": 11.3948755264,
        "median": 9.80200195312,
        "min": -1.20858836174,
        "var": 64.5906295776
    },
    "spectral_rms": {
        "dmean": 0.000769960228354,
        "dmean2": 0.00114454817958,
        "dvar": 7.950538361e-07,
        "dvar2": 1.62147591709e-06,
        "max": 0.0118355313316,
        "mean": 0.00393211329356,
        "median": 0.00393647095188,
        "min": 3.26063243246e-12,
        "var": 4.35120136899e-06
    },
    "spectral_rolloff": {
        "dmean": 199.197982788,
        "dmean2": 332.165893555,
        "dvar": 245024.109375,
        "dvar2": 459012.9375,
        "max": 18044.8242188,
        "mean": 839.061035156,
        "median": 645.99609375,
        "min": 21.533203125,
        "var": 658000
    },
    "spectral_skewness": {
        "dmean": 0.432883441448,
        "dmean2": 0.699556469917,
        "dvar": 0.163113430142,
        "dvar2": 0.415531843901,
        "max": 7.06333112717,
        "mean": 2.343572855,
        "median": 2.29199695587,
        "min": -0.256323426962,
        "var": 0.887551128864
    },
    "spectral_spread": {
        "dmean": 363978.3125,
        "dmean2": 565655.6875,
        "dvar": 346581368832,
        "dvar2": 517417795584,
        "max": 40917348,
        "mean": 3005115,
        "median": 2601084.25,
        "min": 1181320.75,
        "var": 1.83004220621e+12
    },
    "spectral_strongpeak": {
        "dmean": 0.497361660004,
        "dmean2": 0.822011530399,
        "dvar": 0.505786061287,
        "dvar2": 1.29510354996,
        "max": 9.64499473572,
        "mean": 1.04209208488,
        "median": 0.730278432369,
        "min": 0,
        "var": 1.23344266415
    },
    "zerocrossingrate": {
        "dmean": 0.00509559968486,
        "dmean2": 0.00603653583676,
        "dvar": 7.51230181777e-05,
        "dvar2": 7.88966935943e-05,
        "max": 0.62158203125,
        "mean": 0.0333809778094,
        "median": 0.0283203125,
        "min": 0.00244140625,
        "var": 0.000541672110558
    },
    "barkbands": {
        "dmean": [3.18488082485e-06, 0.0001924145472, 0.000373780494556, 0.000941259495448, 0.00431001791731, 0.00165780365933, 0.00080504413927, 0.000791543861851, 0.000704452279024, 0.000703163270373, 0.000643653795123, 0.000333328323904, 0.000283954897895, 0.000231414553127, 0.000169252831256, 0.00010290407954, 7.84610310802e-05, 6.25427564955e-05, 8.82870444912e-05, 5.05199168401e-05, 1.96121363842e-05, 9.32409329835e-06, 5.05354046254e-06, 1.3640292309e-06, 1.63120375873e-07, 3.46685880004e-08, 7.1648167399e-09],
        "dmean2": [5.362835509e-06, 0.000310497765895, 0.000609841372352, 0.00152807030827, 0.00683595612645, 0.00255093770102, 0.00125706684776, 0.00123925122898, 0.00109800463542, 0.00108976010233, 0.00105477904435, 0.000541376997717, 0.000467595382361, 0.000335310120136, 0.000267163675744, 0.000166016136063, 0.000123040721519, 9.57848023972e-05, 0.000131892185891, 7.46434889152e-05, 3.13323325827e-05, 1.36249018396e-05, 7.08273410055e-06, 1.87118109807e-06, 2.54537127375e-07, 5.94043854107e-08, 1.2395530824e-08],
        "dvar": [3.47750023222e-11, 1.24593654505e-07, 6.90178637797e-07, 3.77393985218e-06, 5.2153114666e-05, 9.87682597042e-06, 3.18099546348e-06, 3.47587911165e-06, 2.98330542137e-06, 2.88973387796e-06, 2.92176696348e-06, 1.14642125482e-06, 8.03531065685e-07, 6.36826371192e-07, 3.58732592076e-07, 1.71486220779e-07, 9.52849532609e-08, 5.6780407931e-08, 8.47599039844e-08, 2.41500277554e-08, 6.40108765992e-09, 2.15907247636e-09, 7.45935757607e-10, 4.70451420875e-11, 3.71466692042e-13, 7.858919386e-16, 4.05749957558e-17],
        "dvar2": [8.94051083167e-11, 3.18941260957e-07, 1.73399484993e-06, 8.92380103323e-06, 0.000126024591736, 2.29773904721e-05, 7.60057764637e-06, 8.74374291016e-06, 6.9582551987e-06, 6.55491976431e-06, 7.47291915104e-06, 2.80685389953e-06, 2.12735903915e-06, 1.19785238439e-06, 8.7893812406e-07, 4.54071198419e-07, 2.20779654114e-07, 1.26761406705e-07, 1.8313187411e-07, 5.20312148922e-08, 1.53285260041e-08, 4.24293045143e-09, 1.39712674763e-09, 7.40741773475e-11, 6.8226587574e-13, 2.19053710412e-15, 1.1727014983e-16],
        "max": [0.000126844242914, 0.00476685864851, 0.0118873976171, 0.0230027846992, 0.102424345911, 0.0508057810366, 0.0333917289972, 0.0557752102613, 0.0493678897619, 0.0411307699978, 0.0316099822521, 0.0350526981056, 0.0372981652617, 0.0219917707145, 0.0169679000974, 0.0150764351711, 0.0114347711205, 0.00826731976122, 0.00830887630582, 0.00441826228052, 0.0033795395866, 0.00184020365123, 0.00111926242243, 0.000439363066107, 3.46811357304e-05, 8.79573292423e-07, 7.05686389324e-08],
        "mean": [3.58741817763e-06, 0.000349088426447, 0.000547207368072, 0.00115293869749, 0.00654937652871, 0.00310999527574, 0.00145472865552, 0.00119285588153, 0.00115474278573, 0.00126972573344, 0.000900450686458, 0.000539383850992, 0.000517306267284, 0.000453701650258, 0.000297268532449, 0.000180421862751, 0.000160193187185, 0.000116068476927, 0.000188899124623, 0.000111593100883, 3.01912696159e-05, 1.57977920026e-05, 8.99807218957e-06, 2.77363074019e-06, 5.0201765589e-07, 2.53186897226e-07, 1.57452717531e-08],
        "median": [1.20476579468e-06, 0.000139952870086, 0.000163628108567, 0.000327393529005, 0.00255321245641, 0.0011214959668, 0.000404177437304, 0.000386820727726, 0.000290569500066, 0.000216943430132, 0.000170623243321, 0.000103543352452, 5.06263349962e-05, 4.95076019433e-05, 3.48903886334e-05, 2.54743372352e-05, 1.74650413101e-05, 1.22010005725e-05, 1.86149482033e-05, 1.33680005092e-05, 5.02171587868e-06, 1.18292211937e-06, 7.23043285689e-07, 3.90868137856e-07, 3.55474298885e-07, 2.50709575766e-07, 1.42741711784e-08],
        "min": [1.81291832275e-23, 1.10077855818e-23, 5.20780442088e-23, 7.2655477766e-24, 1.0341572037e-22, 3.3472040318e-23, 8.74377592533e-23, 4.15657153403e-23, 4.4570136274e-23, 7.28101891668e-23, 8.92039935765e-23, 2.73088347797e-22, 1.66433924271e-22, 7.13055600524e-23, 7.18114407737e-23, 1.08023949167e-22, 2.13780447034e-22, 2.11282206589e-22, 2.36971367304e-22, 3.67329685259e-22, 3.62186286913e-22, 5.05700482361e-22, 4.50949244135e-22, 1.02109135732e-21, 1.47839470566e-21, 1.75504663477e-21, 2.34039202874e-21],
        "var": [4.35860618431e-11, 2.62585473365e-07, 1.11120277779e-06, 4.73981663163e-06, 9.63603088167e-05, 2.80404419755e-05, 8.61832631927e-06, 5.43569558431e-06, 6.19195679974e-06, 7.81352991908e-06, 4.53043639936e-06, 2.46600598075e-06, 2.12639497477e-06, 2.47586513069e-06, 7.17942100437e-07, 3.20145147725e-07, 2.67705871693e-07, 1.31039584517e-07, 2.81625261778e-07, 9.11104649504e-08, 1.03831805376e-08, 5.52623591332e-09, 2.07426675836e-09, 1.88282112124e-10, 1.16196722383e-12, 1.29064940684e-15, 6.39352512337e-17]
    },
    "erbbands": {
        "dmean": [0.00352373230271, 0.0531243085861, 0.325952798128, 1.61543297768, 8.45762634277, 14.7642717361, 17.9211044312, 14.280128479, 11.8052530289, 15.4754314423, 12.2041635513, 17.7504291534, 22.6925506592, 15.4230327606, 30.4970111847, 11.8905210495, 12.4083385468, 12.4335889816, 8.88345813751, 6.65076112747, 4.97703027725, 3.33325052261, 2.53920412064, 5.31711483002, 2.34938287735, 2.39800715446, 1.32805073261, 0.38189843297, 0.365968644619, 0.239277541637, 0.13235257566, 0.048897895962, 0.0124671384692, 0.00293553201482, 0.00066334096482, 0.000207005999982, 7.25352656445e-05, 1.42098006108e-05, 3.79596031053e-06, 8.11845256976e-06],
        "dmean2": [0.00558007508516, 0.0860939919949, 0.528861701488, 2.57629561424, 14.310092926, 23.0070953369, 27.0268535614, 21.9704303741, 18.2158184052, 24.3915710449, 19.0370597839, 27.4704360962, 35.113899231, 24.3105888367, 49.9010009766, 18.818731308, 20.3094177246, 17.9237174988, 13.9215497971, 10.4601221085, 7.89324235916, 5.20778989792, 3.73796272278, 7.71059274673, 3.3184440136, 3.54362726212, 1.95699059963, 0.596136510372, 0.54559892416, 0.333283782005, 0.184843733907, 0.0634239763021, 0.0180294550955, 0.00439878134057, 0.00106162019074, 0.000349357695086, 0.000125474442029, 2.45296923822e-05, 5.84724148212e-06, 1.23803692986e-05],
        "dvar": [5.38186213817e-05, 0.00955999828875, 0.531292438507, 9.11333560944, 349.778167725, 742.707092285, 1437.50854492, 780.222717285, 761.005615234, 1315.06860352, 1185.64477539, 1936.04174805, 3498.97802734, 1673.62060547, 7591.63378906, 1438.26953125, 1555.69934082, 1886.18457031, 1102.99462891, 632.093566895, 352.856048584, 168.861114502, 110.824363708, 329.034515381, 46.2319259644, 58.4642028809, 18.5072593689, 2.76621723175, 3.61951184273, 1.53511440754, 0.468666940928, 0.0584202557802, 0.0032913275063, 0.000147047743667, 1.99612713914e-06, 3.62480889748e-08, 3.19578141728e-09, 1.30905203344e-10, 2.04352628569e-11, 1.18264620319e-10],
        "dvar2": [0.000136299568112, 0.0243566073477, 1.33727192879, 21.1796398163, 903.049255371, 1747.78686523, 3324.83544922, 1827.69372559, 1716.8314209, 3437.31103516, 2928.94726562, 4428.71923828, 7907.25878906, 4293.98388672, 19447.0898438, 3262.46313477, 4142.63916016, 3591.89453125, 2729.3996582, 1534.64147949, 895.014892578, 378.315704346, 225.312805176, 643.40020752, 82.6624679565, 125.288986206, 35.9586410522, 6.70718717575, 7.86935472488, 2.91087055206, 0.890000224113, 0.0830678641796, 0.00520045123994, 0.000234916675254, 3.41173677043e-06, 8.86135751443e-08, 9.39946964706e-09, 3.87267606872e-10, 4.47620308874e-11, 2.62711796761e-10],
        "max": [0.0961151048541, 1.3720856905, 11.1441144943, 36.7579421997, 172.662261963, 405.656311035, 806.050109863, 625.333068848, 717.079223633, 780.06628418, 1676.55737305, 1530.81640625, 1712.1640625, 921.626037598, 1633.23242188, 1512.76147461, 1779.82006836, 1267.59362793, 1038.14074707, 648.405273438, 642.430053711, 562.846618652, 486.52255249, 608.305419922, 197.309005737, 235.612121582, 199.562103271, 91.431427002, 71.8582305908, 63.4948730469, 25.8058547974, 15.3343153, 3.00965857506, 0.813167750835, 0.0862938389182, 0.00646701222286, 0.000787567696534, 0.000166660858667, 7.9624580394e-05, 0.000171332372702],
        "mean": [0.00634829560295, 0.0971891433001, 0.515056192875, 2.24357104301, 9.48356533051, 23.4061374664, 30.925453186, 26.9198665619, 23.5324134827, 24.9800949097, 19.7359905243, 30.9443626404, 42.2686424255, 28.0336666107, 43.0824928284, 22.8498210907, 23.9292926788, 26.2976436615, 17.3700485229, 13.046216011, 10.1965036392, 7.47017717361, 5.93679428101, 11.6011199951, 6.12000274658, 5.41628837585, 2.83195924759, 0.680468976498, 0.586720466614, 0.407842278481, 0.240406617522, 0.0994906872511, 0.0265022981912, 0.00742910755798, 0.00285750278272, 0.00120019039605, 0.000436685280874, 6.80438097334e-05, 1.34427773446e-05, 2.34675208048e-05],
        "median": [0.00236932630651, 0.039406824857, 0.189088240266, 0.865129113197, 3.30460691452, 8.1261882782, 10.337521553, 9.46513080597, 6.73666381836, 10.2857036591, 7.76979637146, 9.44498157501, 7.57558488846, 6.53996419907, 8.2891292572, 4.75472354889, 2.9553501606, 3.14118218422, 2.60863161087, 1.78803014755, 1.37637937069, 0.935896813869, 0.709824323654, 0.965699493885, 0.774829506874, 0.64952737093, 0.412729978561, 0.117143012583, 0.0486371666193, 0.0304965060204, 0.0197163950652, 0.00988473650068, 0.00605275388807, 0.0039434209466, 0.00249895174056, 0.00116645602975, 0.000431565014878, 6.66629712214e-05, 1.11170420496e-05, 1.81352643267e-05],
        "min": [2.05501635824e-22, 4.5751904941e-21, 5.63506711038e-20, 4.25052832368e-20, 1.90936911723e-19, 3.62846161967e-19, 3.55039851731e-19, 2.3075363825e-19, 6.24742168002e-19, 1.49735490022e-18, 9.61845202686e-19, 9.89366742437e-19, 2.07590570015e-18, 2.70014912994e-18, 3.2203363406e-18, 1.14165913045e-17, 1.01378494868e-17, 3.32492485046e-18, 4.07443237631e-18, 3.88860046144e-18, 6.96522885307e-18, 1.33736824358e-17, 1.15988456632e-17, 1.29073031172e-17, 1.33193101998e-17, 1.56522043727e-17, 1.58756026951e-17, 1.56600046858e-17, 1.72421894394e-17, 1.25822393345e-17, 1.3399110795e-17, 1.96006633455e-17, 1.88005695893e-17, 1.39462452753e-17, 1.14633385896e-17, 5.96545121544e-18, 3.37118616699e-18, 1.42992489444e-18, 3.70707919153e-19, 3.01935786983e-20],
        "var": [0.00010180172103, 0.0196401197463, 0.858854591846, 13.3480358124, 334.278045654, 1513.60351562, 3481.46826172, 2351.53540039, 2316.50366211, 1816.34484863, 2087.37915039, 4334.20751953, 9388.95214844, 3811.05297852, 11335.3945312, 4323.5078125, 3941.6640625, 7129.35009766, 2153.84033203, 1438.75085449, 834.096984863, 510.538299561, 313.505065918, 1259.37719727, 246.042724609, 206.789154053, 84.4973907471, 4.83967876434, 7.75820207596, 4.06333303452, 1.43659079075, 0.253119468689, 0.0137267261744, 0.000600492407102, 7.33819842935e-06, 8.58140509763e-08, 4.86175144587e-09, 2.005028088e-10, 8.59283963428e-11, 4.2760292529e-10]
    },
    "gfcc": {
        "mean": [-98.0420379639, 143.652450562, -122.174514771, 6.38417959213, -61.6188735962, -12.5475482941, -35.4126091003, -7.33245944977, -32.7940788269, -6.55351448059, -13.7454414368, -7.46546268463, -6.38061618805],
        "cov": [[6649.74072266, 1068.9786377, -2946.25268555, -242.334945679, -111.183776855, -804.156433105, 357.992126465, -378.124145508, 177.241760254, -218.576873779, 405.256072998, -295.37487793, 186.992279053], [1068.9786377, 773.653381348, -69.690071106, -202.330764771, 181.093002319, -197.134429932, 57.8630371094, -43.8944206238, -56.9401664734, -6.82131099701, 95.6477355957, -76.6970672607, 41.7571563721], [-2946.25268555, -69.690071106, 2152.51147461, 380.36328125, 68.2429275513, 428.992462158, -173.073379517, 114.338844299, -96.7515869141, 53.3212356567, -164.987701416, 131.512496948, -93.1859283447], [-242.334945679, -202.330764771, 380.36328125, 512.165344238, 0.281403720379, 119.389686584, 21.2953033447, 31.117609024, 78.1469573975, -18.1236743927, -20.9148216248, 37.3029174805, -26.0212688446], [-111.183776855, 181.093002319, 68.2429275513, 0.281403720379, 293.143554688, 18.2044792175, 26.8551673889, 92.3408508301, -31.8575820923, 37.9101524353, 12.6738204956, -10.437002182, 4.69247817993], [-804.156433105, -197.134429932, 428.992462158, 119.389686584, 18.2044792175, 372.15447998, 58.3517532349, 42.0694084167, 13.8943719864, 35.9392051697, -58.6141319275, 45.0737113953, -45.4707336426], [357.992126465, 57.8630371094, -173.073379517, 21.2953033447, 26.8551673889, 58.3517532349, 168.35206604, 30.9800834656, 7.91859149933, 15.2666711807, 28.8376064301, -23.4746723175, 8.64805698395], [-378.124145508, -43.8944206238, 114.338844299, 31.117609024, 92.3408508301, 42.0694084167, 30.9800834656, 197.7681427, 46.3677978516, 33.8036231995, -10.2653808594, 27.3227176666, -4.35731697083], [177.241760254, -56.9401664734, -96.7515869141, 78.1469573975, -31.8575820923, 13.8943719864, 7.91859149933, 46.3677978516, 158.319839478, 28.7815170288, -12.3651914597, 25.0501327515, -1.01251077652], [-218.576873779, -6.82131099701, 53.3212356567, -18.1236743927, 37.9101524353, 35.9392051697, 15.2666711807, 33.8036231995, 28.7815170288, 125.555274963, 16.1258487701, 3.08728122711, -9.55393886566], [405.256072998, 95.6477355957, -164.987701416, -20.9148216248, 12.6738204956, -58.6141319275, 28.8376064301, -10.2653808594, -12.3651914597, 16.1258487701, 127.575134277, -4.98751735687, 14.7458934784], [-295.37487793, -76.6970672607, 131.512496948, 37.3029174805, -10.437002182, 45.0737113953, -23.4746723175, 27.3227176666, 25.0501327515, 3.08728122711, -4.98751735687, 102.374740601, 13.7656164169], [186.992279053, 41.7571563721, -93.1859283447, -26.0212688446, 4.69247817993, -45.4707336426, 8.64805698395, -4.35731697083, -1.01251077652, -9.55393886566, 14.7458934784, 13.7656164169, 66.9647445679]],
        "icov": [[0.00385977188125, -0.0070663751103, 0.00575562054291, -0.00492933485657, 0.00384291214868, -0.00180210208055, 0.00101474917028, 0.00120153592434, -0.00125191069674, 0.0024664842058, -0.00187339901458, 0.00167383882217, -0.00142217695247], [-0.0070663751103, 0.0174522511661, -0.0126684699208, 0.01194624044, -0.0108128413558, 0.00687649985775, -0.00652016093954, 0.0013956517214, -0.00170227512717, -0.00203671655618, 0.000571180076804, -0.00115508784074, 0.00201772875153], [0.00575562054291, -0.0126684699208, 0.010770380497, -0.00959337130189, 0.00763916829601, -0.0054138218984, 0.00530817033723, -0.000686237995978, 0.00171998480801, 0.00170701427851, -0.000749637314584, 0.001048822538, -0.00163499708287], [-0.00492933485657, 0.01194624044, -0.00959337130189, 0.0112353386357, -0.00773395551369, 0.00470133125782, -0.00563610438257, 0.00150343345013, -0.00357151147909, 5.88004659221e-05, -0.000174429820618, -0.00101213855669, 0.00209220917895], [0.00384291214868, -0.0108128413558, 0.00763916829601, -0.00773395551369, 0.0116213727742, -0.00498683564365, 0.00513001903892, -0.00439146673307, 0.00412480533123, -0.000934534997214, 0.00032453800668, 0.00100528413896, -0.00186112278607], [-0.00180210208055, 0.00687649985775, -0.0054138218984, 0.00470133125782, -0.00498683564365, 0.00896352436393, -0.00784670282155, 0.00311962980777, -0.00321868574247, 0.000235249695834, 0.000237949716393, -0.00149464886636, 0.00292935967445], [0.00101474917028, -0.00652016093954, 0.00530817033723, -0.00563610438257, 0.00513001903892, -0.00784670282155, 0.0153559446335, -0.00584493810311, 0.00554595934227, -0.00284195039421, 0.000780598202255, 0.00142718083225, -0.00240913243033], [0.00120153592434, 0.0013956517214, -0.000686237995978, 0.00150343345013, -0.00439146673307, 0.00311962980777, -0.00584493810311, 0.0111172078177, -0.00683507556096, 0.00270748604089, -0.00242686760612, 0.000178165602847, 8.87742935447e-05], [-0.00125191069674, -0.00170227512717, 0.00171998480801, -0.00357151147909, 0.00412480533123, -0.00321868574247, 0.00554595934227, -0.00683507556096, 0.0150405280292, -0.0066206632182, 0.00522266933694, -0.00421267282218, 0.000926149892621], [0.0024664842058, -0.00203671655618, 0.00170701427851, 5.88004659221e-05, -0.000934534997214, 0.000235249695834, -0.00284195039421, 0.00270748604089, -0.0066206632182, 0.0133821731433, -0.00524808838964, 0.00277135963552, -5.5581334891e-05], [-0.00187339901458, 0.000571180076804, -0.000749637314584, -0.000174429820618, 0.00032453800668, 0.000237949716393, 0.000780598202255, -0.00242686760612, 0.00522266933694, -0.00524808838964, 0.0129858562723, -0.0038033076562, 0.000896774348803], [0.00167383882217, -0.00115508784074, 0.001048822538, -0.00101213855669, 0.00100528413896, -0.00149464886636, 0.00142718083225, 0.000178165602847, -0.00421267282218, 0.00277135963552, -0.0038033076562, 0.0153810996562, -0.00613822368905], [-0.00142217695247, 0.00201772875153, -0.00163499708287, 0.00209220917895, -0.00186112278607, 0.00292935967445, -0.00240913243033, 8.87742935447e-05, 0.000926149892621, -5.5581334891e-05, 0.000896774348803, -0.00613822368905, 0.0196909382939]]
    },
    "melbands": {
        "dmean": [4.23993587901e-05, 0.000132407600177, 0.000465378223453, 0.000797734071966, 0.000690440589096, 0.000310817646096, 0.000177115187398, 0.00017749494873, 9.05557608348e-05, 0.000118987620226, 0.000113498630526, 6.39341888018e-05, 8.79091458046e-05, 5.56832419534e-05, 2.82874570985e-05, 2.72616580332e-05, 2.57005831372e-05, 1.5694897229e-05, 1.12247134894e-05, 8.86979341885e-06, 6.15004410065e-06, 4.52414678875e-06, 2.35602328758e-06, 2.78361039818e-06, 5.12478118253e-06, 2.32197407968e-06, 1.44032901517e-06, 1.76162757271e-06, 1.16440753573e-06, 3.29209001393e-07, 2.1097315539e-07, 2.25824962286e-07, 1.86253203083e-07, 1.24456335016e-07, 9.02637324884e-08, 4.61021123499e-08, 2.51058391854e-08, 9.8940837745e-09, 4.9794590673e-09, 1.80252246462e-09],
        "dmean2": [6.81258679833e-05, 0.000214853454963, 0.000752007239498, 0.00131211790722, 0.00103264045902, 0.00047848635586, 0.000273270678008, 0.000279603293166, 0.000141988188261, 0.00018415741215, 0.000175646870048, 0.000100992183434, 0.000143833982293, 8.95309785847e-05, 4.54670371255e-05, 4.4283358875e-05, 3.68992805306e-05, 2.43076156039e-05, 1.77186084329e-05, 1.42843873618e-05, 9.77717354544e-06, 7.10769836587e-06, 3.6750864183e-06, 4.13138423028e-06, 7.55607607061e-06, 3.45680678038e-06, 2.10726921068e-06, 2.64291134044e-06, 1.72597435721e-06, 5.32647050022e-07, 3.34374078648e-07, 3.49454666093e-07, 2.69629310878e-07, 1.81019530032e-07, 1.32370615802e-07, 6.16337203496e-08, 3.46887922831e-08, 1.48553205293e-08, 7.31666993659e-09, 2.86837931185e-09],
        "dvar": [6.35797725579e-09, 7.93780614572e-08, 8.95714379112e-07, 2.06836625694e-06, 1.85012197562e-06, 3.4894884493e-07, 1.57531275136e-07, 1.71377450897e-07, 7.77965922794e-08, 8.78056383158e-08, 8.76170105357e-08, 2.99564426598e-08, 5.64335849162e-08, 2.78278005084e-08, 9.54899181949e-09, 7.79676856411e-09, 8.94342377933e-09, 3.27007776413e-09, 1.56908741555e-09, 1.17059073546e-09, 5.55290202708e-10, 2.89705703871e-10, 1.79884052098e-10, 1.1876472028e-10, 3.2470851008e-10, 5.12211349724e-11, 1.67970463927e-11, 3.48852231824e-11, 1.69599594785e-11, 1.39551553906e-12, 1.25028546544e-12, 1.43774521368e-12, 1.03735401345e-12, 4.89379695622e-13, 2.45147841913e-13, 5.03058254504e-14, 1.67814879018e-14, 2.14220752174e-15, 4.71364358966e-16, 4.57703616733e-17],
        "dvar2": [1.62480713328e-08, 1.99502764531e-07, 2.08136520996e-06, 5.24456345374e-06, 4.22801076638e-06, 8.18870944386e-07, 3.55321901679e-07, 4.46425957534e-07, 1.97446340167e-07, 2.00738540457e-07, 1.95872900122e-07, 7.65922152368e-08, 1.44584802797e-07, 7.05657186018e-08, 2.05966088629e-08, 2.07865813451e-08, 1.69147682527e-08, 7.93918708553e-09, 3.835247675e-09, 3.00491054261e-09, 1.37638322961e-09, 6.71125544027e-10, 3.95012189625e-10, 2.53570942021e-10, 6.55521137372e-10, 1.09468850651e-10, 3.35627567405e-11, 7.69161054293e-11, 3.24365638515e-11, 3.31114953164e-12, 3.12258855925e-12, 3.44902383563e-12, 2.13271544522e-12, 1.02885310948e-12, 5.34522675687e-13, 7.28697836664e-14, 2.82219434861e-14, 3.94773299947e-15, 6.77940130571e-16, 9.09806889848e-17],
        "max": [0.00101103959605, 0.00411772914231, 0.011317008175, 0.0183914452791, 0.027025366202, 0.0121958106756, 0.00929209124297, 0.00913589261472, 0.0144448205829, 0.00974519271404, 0.00852844491601, 0.00388146936893, 0.00449486635625, 0.00494938064367, 0.00379429198802, 0.00224015512504, 0.00280915014446, 0.00189571385272, 0.000931551912799, 0.00102509791031, 0.000948019500356, 0.000556968385354, 0.0009183731745, 0.000413228262914, 0.000614698743448, 0.000183291806024, 0.000113728121505, 0.000207482575206, 0.000201908595045, 5.50579279661e-05, 6.33321033092e-05, 4.3594136514e-05, 4.80359485664e-05, 3.47836321453e-05, 1.69975628523e-05, 1.27467137645e-05, 7.38613607609e-06, 2.06313507078e-06, 1.65684616604e-06, 4.28205026992e-07],
        "mean": [7.8538316302e-05, 0.000223137845751, 0.00059311860241, 0.00112552964129, 0.00119656405877, 0.000588231894653, 0.000348382513039, 0.000278271996649, 0.00014430443116, 0.000200473848963, 0.000206384167541, 0.000107730338641, 0.000124895464978, 8.58562489157e-05, 4.74561857118e-05, 5.21464789927e-05, 5.01628564962e-05, 2.78558673017e-05, 1.99894275283e-05, 1.57394115377e-05, 1.16729188449e-05, 9.20362435863e-06, 4.75452043247e-06, 5.63258936381e-06, 1.03257161754e-05, 4.94819278174e-06, 3.24132247442e-06, 3.68592827726e-06, 2.37236395151e-06, 5.34972514288e-07, 3.25293854075e-07, 3.36740924922e-07, 2.89597579695e-07, 2.01568909119e-07, 1.51399390802e-07, 8.94564706755e-08, 4.81360373783e-08, 1.91257587545e-08, 1.02746851027e-08, 4.64734828398e-09],
        "median": [3.15959587169e-05, 9.43471386563e-05, 0.000212425744394, 0.000425539095886, 0.000422179582529, 0.000199413421797, 9.63863931247e-05, 0.000108376043499, 5.35465151188e-05, 5.13623963343e-05, 3.28791647917e-05, 2.11536244024e-05, 2.5500808988e-05, 1.63416680152e-05, 6.8721583375e-06, 5.18775141245e-06, 5.11803273184e-06, 3.97121084461e-06, 2.45460728365e-06, 2.07002267416e-06, 1.38035989039e-06, 9.79813307822e-07, 6.53485358271e-07, 5.63454648272e-07, 7.75821092702e-07, 5.88708019222e-07, 4.56400044868e-07, 4.01449057108e-07, 2.8330074997e-07, 9.45818143805e-08, 3.83130327464e-08, 2.4710402613e-08, 1.80361414692e-08, 1.48322172322e-08, 1.15992824234e-08, 7.3082735419e-09, 5.23144549902e-09, 4.11478628948e-09, 3.93545018795e-09, 3.0667226536e-09],
        "min": [3.75502957924e-24, 2.02522256491e-23, 1.02212234173e-23, 2.13585415375e-23, 1.29599843972e-23, 5.19331036392e-24, 1.30789036009e-23, 1.54671531702e-23, 6.26861258029e-24, 7.01453618087e-24, 1.0943544694e-23, 1.11107279857e-23, 1.22457954875e-23, 1.54639803716e-23, 4.14156992396e-23, 1.32014697086e-23, 5.51916513804e-24, 6.53603997703e-24, 6.48667661146e-24, 5.64758972126e-24, 7.998192876e-24, 1.36242068571e-23, 9.843782662e-24, 1.17894063217e-23, 1.03364034203e-23, 8.1179703604e-24, 1.10520643444e-23, 1.06124613498e-23, 9.85953542542e-24, 1.07679497785e-23, 9.02584039951e-24, 1.09701253622e-23, 7.43982608323e-24, 6.66353804312e-24, 6.12534242369e-24, 1.18239678956e-23, 1.13170395671e-23, 1.33759255089e-23, 1.26617334438e-23, 1.10588682698e-23],
        "var": [1.3268453003e-08, 1.33656456569e-07, 1.1126408026e-06, 3.07082359541e-06, 4.43801854999e-06, 1.04535308765e-06, 4.99096927342e-07, 2.34374923025e-07, 1.31616559429e-07, 1.89668355688e-07, 2.34772514318e-07, 6.40126174289e-08, 8.63283489139e-08, 4.70058942881e-08, 2.16870308378e-08, 2.44348541401e-08, 3.28551514883e-08, 6.16359319139e-09, 3.35990857359e-09, 2.22890372825e-09, 1.24897192588e-09, 8.54390058702e-10, 2.99478386534e-10, 3.06933700678e-10, 1.12479281444e-09, 1.85549631215e-10, 6.64880234202e-11, 1.08218746464e-10, 7.57164678178e-11, 2.71270527742e-12, 1.87452440722e-12, 2.61238274936e-12, 2.34452431427e-12, 1.06448020971e-12, 6.08078149465e-13, 2.1149442332e-13, 6.19785188341e-14, 7.33285316284e-15, 1.98849031181e-15, 1.44888122297e-16]
    },
    "mfcc": {
        "mean": [-744.297302246, 180.498764038, -10.8731212616, 19.8649139404, -12.2510929108, -6.41542816162, -2.16925168037, -8.15802097321, -12.4516944885, -2.52370405197, -14.0699234009, -8.14946937561, -4.0609459877],
        "cov": [[8281.15429688, 559.382629395, -2997.67797852, 64.7143173218, -950.348510742, -354.059692383, -256.523925781, -138.672836304, -447.722625732, 271.408996582, -223.9896698, -40.1353988647, -11.8696241379], [559.382629395, 1031.71105957, -216.560745239, -45.205406189, 53.3576927185, -158.535308838, 141.321060181, -145.549179077, -51.5359992981, -14.9090356827, -26.6429195404, -26.7393684387, 49.6073265076], [-2997.67797852, -216.560745239, 1809.37060547, 177.075805664, 367.319824219, 299.598480225, 55.8766326904, 120.080627441, 134.187011719, -127.413131714, 81.5936203003, 33.156955719, -19.9877643585], [64.7143173218, -45.205406189, 177.075805664, 349.82699585, 113.532569885, -3.19104361534, 0.885292887688, 41.3179664612, 18.6018753052, 6.67641639709, 8.82387065887, 34.281036377, -4.7709903717], [-950.348510742, 53.3576927185, 367.319824219, 113.532569885, 312.099151611, 38.2865867615, 62.0890693665, 48.4908866882, 65.9340667725, -9.47569274902, 41.1850090027, 15.7932682037, 6.17339372635], [-354.059692383, -158.535308838, 299.598480225, -3.19104361534, 38.2865867615, 279.93661499, 38.771396637, 47.7808380127, 52.4669914246, -10.8532037735, 61.4733886719, -2.02634906769, -17.9781150818], [-256.523925781, 141.321060181, 55.8766326904, 0.885292887688, 62.0890693665, 38.771396637, 250.170608521, 23.2376251221, -15.6934194565, 56.8836174011, 5.50173282623, -12.3800945282, 10.1741695404], [-138.672836304, -145.549179077, 120.080627441, 41.3179664612, 48.4908866882, 47.7808380127, 23.2376251221, 169.93572998, 60.5361328125, 5.37743806839, 21.7707767487, 11.7552461624, 11.877073288], [-447.722625732, -51.5359992981, 134.187011719, 18.6018753052, 65.9340667725, 52.4669914246, -15.6934194565, 60.5361328125, 187.887359619, 2.05308246613, 46.7919845581, 32.7685813904, 12.8906211853], [271.408996582, -14.9090356827, -127.413131714, 6.67641639709, -9.47569274902, -10.8532037735, 56.8836174011, 5.37743806839, 2.05308246613, 155.916046143, 21.136133194, -12.9221067429, 2.25025963783], [-223.9896698, -26.6429195404, 81.5936203003, 8.82387065887, 41.1850090027, 61.4733886719, 5.50173282623, 21.7707767487, 46.7919845581, 21.136133194, 114.094741821, 31.0845222473, 10.0851593018], [-40.1353988647, -26.7393684387, 33.156955719, 34.281036377, 15.7932682037, -2.02634906769, -12.3800945282, 11.7552461624, 32.7685813904, -12.9221067429, 31.0845222473, 108.02796936, 34.640499115], [-11.8696241379, 49.6073265076, -19.9877643585, -4.7709903717, 6.17339372635, -17.9781150818, 10.1741695404, 11.877073288, 12.8906211853, 2.25025963783, 10.0851593018, 34.640499115, 83.4970932007]],
