{
"lowlevel": {
    "average_loudness": 0.598576068878,
    "barkbands_crest": {
        "dmean": 2.18552398682,
        "dmean2": 3.55576729774,
        "dvar": 4.43904829025,
        "dvar2": 11.496553421,
        "max": 25.0546531677,
        "mean": 9.41466426849,
        "median": 8.22429275513,
        "min": 2.3725836277,
        "var": 17.5173168182
    },
    "barkbands_flatness_db": {
        "dmean": 0.0165414065123,
        "dmean2": 0.0260428376496,
        "dvar": 0.000235288811382,
        "dvar2": 0.000533721875399,
        "max": 0.330490320921,
        "mean": 0.152940377593,
        "median": 0.144825294614,
        "min": 0.0383971072733,
        "var": 0.00295501877554
    },
    "barkbands_kurtosis": {
        "dmean": 2.04047107697,
        "dmean2": 3.25648283958,
        "dvar": 10.7540903091,
        "dvar2": 24.7821426392,
        "max": 91.0576934814,
        "mean": 4.09164047241,
        "median": 2.53194141388,
        "min": -1.89810085297,
        "var": 39.0766716003
    },
    "barkbands_skewness": {
        "dmean": 0.391318798065,
        "dmean2": 0.61283916235,
        "dvar": 0.169406816363,
        "dvar2": 0.381712794304,
        "max": 8.54496002197,
        "mean": 1.0385850668,
        "median": 1.11360931396,
        "min": -2.36792850494,
        "var": 1.88819217682
    },
    "barkbands_spread": {
        "dmean": 3.54312896729,
        "dmean2": 5.50155544281,
        "dvar": 26.0885848999,
        "dvar2": 53.2795028687,
        "max": 138.321655273,
        "mean": 15.9040842056,
        "median": 13.5917482376,
        "min": 1.08153092861,
        "var": 108.283592224
    },
    "dissonance": {
        "dmean": 0.0216468181461,
        "dmean2": 0.0363762043417,
        "dvar": 0.000454813445685,
        "dvar2": 0.00123593735043,
        "max": 0.500000059605,
        "mean": 0.452725708485,
        "median": 0.461151659489,
        "min": 0.24171385169,
        "var": 0.00150687491987
    },
    "dynamic_complexity": 4.16987371445,
    "erbbands_crest": {
        "dmean": 2.48609733582,
        "dmean2": 4.01663160324,
        "dvar": 6.15954256058,
        "dvar2": 14.8784980774,
        "max": 31.4531555176,
        "mean": 10.1848258972,
        "median": 8.88219070435,
        "min": 2.42026638985,
        "var": 29.4477500916
    },
    "erbbands_flatness_db": {
        "dmean": 0.0143882725388,
        "dmean2": 0.0216934848577,
        "dvar": 0.000189292564755,
        "dvar2": 0.000387052452425,
        "max": 0.388388991356,
        "mean": 0.196385577321,
        "median": 0.196806639433,
        "min": 0.064161889255,
        "var": 0.0031991773285
    },
    "erbbands_kurtosis": {
        "dmean": 1.11020541191,
        "dmean2": 1.73940491676,
        "dvar": 2.85731577873,
        "dvar2": 6.35474538803,
        "max": 55.7651901245,
        "mean": 1.50052118301,
        "median": 0.512608528137,
        "min": -1.76378250122,
        "var": 10.8098154068
    },
    "erbbands_skewness": {
        "dmean": 0.339578062296,
        "dmean2": 0.526124536991,
        "dvar": 0.11025056988,
        "dvar2": 0.242484495044,
        "max": 5.85489034653,
        "mean": 0.68090313673,
        "median": 0.644949316978,
        "min": -3.54371595383,
        "var": 0.822282016277
    },
    "erbbands_spread": {
        "dmean": 5.19846057892,
        "dmean2": 8.06996250153,
        "dvar": 45.117099762,
        "dvar2": 98.6620483398,
        "max": 121.602973938,
        "mean": 27.6345119476,
        "median": 25.2925758362,
        "min": 2.24301171303,
        "var": 214.461685181
    },
    "hfc": {
        "dmean": 4.04978084564,
        "dmean2": 5.9583272934,
        "dvar": 40.9638595581,
        "dvar2": 81.28565979,
        "max": 157.019805908,
        "mean": 16.4510498047,
        "median": 11.73026371,
        "min": 1.05698343047e-16,
        "var": 270.89175415
    },
    "melbands_crest": {
        "dmean": 2.70303153992,
        "dmean2": 4.44638156891,
        "dvar": 7.3292555809,
        "dvar2": 18.7346553802,
        "max": 32.2146186829,
        "mean": 11.420753479,
        "median": 10.6940841675,
        "min": 1.46587491035,
        "var": 34.9261054993
    },
    "melbands_flatness_db": {
        "dmean": 0.0172266513109,
        "dmean2": 0.0264865104109,
        "dvar": 0.000334126641974,
        "dvar2": 0.000712236971594,
        "max": 0.386904448271,
        "mean": 0.178470671177,
        "median": 0.180242046714,
        "min": 0.00267605250701,
        "var": 0.00693468144163
    },
    "melbands_kurtosis": {
        "dmean": 3.20534062386,
        "dmean2": 5.15357017517,
        "dvar": 32.3077125549,
        "dvar2": 77.2279205322,
        "max": 176.238983154,
        "mean": 7.02515935898,
        "median": 4.01600503922,
        "min": -1.85866880417,
        "var": 99.7621078491
    },
    "melbands_skewness": {
        "dmean": 0.445706397295,
        "dmean2": 0.702367603779,
        "dvar": 0.240115851164,
        "dvar2": 0.566861867905,
        "max": 10.2301654816,
        "mean": 1.58063232899,
        "median": 1.45592010021,
        "min": -1.79394054413,
        "var": 1.55729007721
    },
    "melbands_spread": {
        "dmean": 5.71460533142,
        "dmean2": 9.03861236572,
        "dvar": 80.2730941772,
        "dvar2": 163.880065918,
        "max": 201.613357544,
        "mean": 30.715423584,
        "median": 18.3918838501,
        "min": 1.38457357883,
        "var": 1379.38110352
    },
    "pitch_salience": {
        "dmean": 0.0557819008827,
        "dmean2": 0.0913713723421,
        "dvar": 0.00287094921805,
        "dvar2": 0.00734407873824,
        "max": 0.884891092777,
        "mean": 0.618416965008,
        "median": 0.61934620142,
        "min": 0.120956525207,
        "var": 0.0155055448413
    },
    "silence_rate_20dB": {
        "dmean": 0,
        "dmean2": 0,
        "dvar": 0,
        "dvar2": 0,
        "max": 1,
        "mean": 1,
        "median": 1,
        "min": 1,
        "var": 0
    },
    "silence_rate_30dB": {
        "dmean": 0.000854335725307,
        "dmean2": 0.00170885398984,
        "dvar": 0.00085374142509,
        "dvar2": 0.00192000647075,
        "max": 1,
        "mean": 0.999038994312,
        "median": 1,
        "min": 0,
        "var": 0.000960122968536
    },
    "silence_rate_60dB": {
        "dmean": 0.022212728858,
        "dmean2": 0.0444302037358,
        "dvar": 0.0217165760696,
        "dvar2": 0.049725189805,
        "max": 1,
        "mean": 0.203310191631,
        "median": 0,
        "min": 0,
        "var": 0.161979451776
    },
    "spectral_centroid": {
        "dmean": 186.236251831,
        "dmean2": 292.017669678,
        "dvar": 68171.5546875,
        "dvar2": 143802.859375,
        "max": 11914.1210938,
        "mean": 2089.49365234,
        "median": 1081.47302246,
        "min": 260.486175537,
        "var": 9056227
    },
    "spectral_complexity": {
        "dmean": 2.24391293526,
        "dmean2": 3.58902072906,
        "dvar": 6.32768917084,
        "dvar2": 15.0070791245,
        "max": 51,
        "mean": 15.2322473526,
        "median": 15,
        "min": 0,
        "var": 86.3387832642
    },
    "spectral_decrease": {
        "dmean": 1.3807976984e-09,
        "dmean2": 2.14251194564e-09,
        "dvar": 4.04633056936e-18,
        "dvar2": 9.53976068083e-18,
        "max": 2.59550982295e-28,
        "mean": -5.06915531773e-09,
        "median": -3.94800903081e-09,
        "min": -3.57507303761e-08,
        "var": 2.26102276554e-17
    },
    "spectral_energy": {
        "dmean": 0.00549223972484,
        "dmean2": 0.00851733889431,
        "dvar": 6.30834911135e-05,
        "dvar2": 0.000148241146235,
        "max": 0.141400769353,
        "mean": 0.0206242948771,
        "median": 0.0163717437536,
        "min": 9.80342958049e-21,
        "var": 0.000365823478205
    },
    "spectral_energyband_high": {
        "dmean": 0.00022920613992,
        "dmean2": 0.000321422150591,
        "dvar": 4.93978348004e-07,
        "dvar2": 8.1925674067e-07,
        "max": 0.0204563494772,
        "mean": 0.000567267241422,
        "median": 0.000185156197404,
        "min": 6.73037161381e-21,
        "var": 1.80978724984e-06
    },
    "spectral_energyband_low": {
        "dmean": 0.00099817966111,
        "dmean2": 0.00167991174385,
        "dvar": 1.03944148577e-05,
        "dvar2": 2.87422080874e-05,
        "max": 0.0890850573778,
        "mean": 0.00176052411553,
        "median": 0.000605032779276,
        "min": 1.08623259418e-23,
        "var": 1.33557059598e-05
    },
    "spectral_energyband_middle_high": {
        "dmean": 0.00154771131929,
        "dmean2": 0.00238309474662,
        "dvar": 7.89372825238e-06,
        "dvar2": 1.89058882825e-05,
        "max": 0.0582861304283,
        "mean": 0.0049227825366,
        "median": 0.00273020518944,
        "min": 9.78914839607e-22,
        "var": 3.95383940486e-05
    },
    "spectral_energyband_middle_low": {
        "dmean": 0.00463396683335,
        "dmean2": 0.007144741714,
        "dvar": 5.12289807375e-05,
        "dvar2": 0.000119457574328,
        "max": 0.137925222516,
        "mean": 0.0140186725184,
        "median": 0.00936646480113,
        "min": 1.3873119925e-22,
        "var": 0.000239096785663
    },
    "spectral_entropy": {
        "dmean": 0.122345373034,
        "dmean2": 0.18166385591,
        "dvar": 0.0185011848807,
        "dvar2": 0.0352493338287,
        "max": 9.82619953156,
        "mean": 7.57362270355,
        "median": 7.45292663574,
        "min": 5.78862428665,
        "var": 0.758136987686
    },
    "spectral_flux": {
        "dmean": 0.015720454976,
        "dmean2": 0.0252056233585,
        "dvar": 0.000404265796533,
        "dvar2": 0.000955678755417,
        "max": 0.287534177303,
        "mean": 0.0641499981284,
        "median": 0.0613806992769,
        "min": 6.13960271512e-11,
        "var": 0.00204706122167
    },
    "spectral_kurtosis": {
        "dmean": 2.13849854469,
        "dmean2": 3.69891095161,
        "dvar": 10.8608675003,
        "dvar2": 33.6873512268,
        "max": 52.5233535767,
        "mean": 5.30713319778,
        "median": 4.07008171082,
        "min": -1.28200554848,
        "var": 36.2242393494
    },
    "spectral_rms": {
        "dmean": 0.000522557704244,
        "dmean2": 0.000797347340267,
        "dvar": 3.96350316123e-07,
        "dvar2": 8.7229585688e-07,
        "max": 0.0117452954873,
        "mean": 0.00384463509545,
        "median": 0.00399655243382,
        "min": 3.09262381329e-12,
        "var": 5.34015089215e-06
    },
    "spectral_rolloff": {
        "dmean": 318.953857422,
        "dmean2": 535.840454102,
        "dvar": 449552.5625,
        "dvar2": 897114.375,
        "max": 19853.6132812,
        "mean": 3058.4609375,
        "median": 1227.39257812,
        "min": 107.666015625,
        "var": 28282012
    },
    "spectral_skewness": {
        "dmean": 0.238655000925,
        "dmean2": 0.393385082483,
        "dvar": 0.0730258747935,
        "dvar2": 0.207962527871,
        "max": 5.25481939316,
        "mean": 1.56996452808,
        "median": 1.59557402134,
        "min": -0.175657525659,
        "var": 0.62045031786
    },
    "spectral_spread": {
        "dmean": 421718.21875,
        "dmean2": 655884.4375,
        "dvar": 465756061696,
        "dvar2": 1.00461694157e+12,
        "max": 43543304,
        "mean": 7417046.5,
        "median": 3791431.5,
        "min": 1244379.5,
        "var": 1.22520602673e+14
    },
    "spectral_strongpeak": {
        "dmean": 0.509850680828,
        "dmean2": 0.827525019646,
        "dvar": 0.484137058258,
        "dvar2": 1.17042827606,
        "max": 10.453830719,
        "mean": 1.24014246464,
        "median": 0.84836602211,
        "min": 0,
        "var": 1.55620324612
    },
    "zerocrossingrate": {
        "dmean": 0.00782444141805,
        "dmean2": 0.00988676957786,
        "dvar": 0.000152102991706,
        "dvar2": 0.000184438278666,
        "max": 0.78271484375,
        "mean": 0.0983250364661,
        "median": 0.05126953125,
        "min": 0.00927734375,
        "var": 0.0186828840524
    },
    "barkbands": {
        "dmean": [3.62037098967e-05, 0.000422700773925, 0.00054774543969, 0.00044833010179, 0.00164467608556, 0.00106682372279, 0.00145908002742, 0.00148523715325, 0.00112863723189, 0.000900187995285, 0.000369463174138, 0.000337519421009, 0.000408487365348, 0.000285954127321, 0.000235734085436, 0.000141007330967, 0.000105020255432, 5.58944593649e-05, 5.00170644955e-05, 6.51426817058e-05, 7.43855343899e-05, 7.7128817793e-05, 4.99376255902e-05, 3.4331704228e-05, 1.00565202956e-05, 3.15564125231e-06, 1.60911728386e-08],
        "dmean2": [5.20692919963e-05, 0.000715616100933, 0.000936334603466, 0.000744050135836, 0.00269358092919, 0.00165830040351, 0.00229539652355, 0.00229604844935, 0.00175364175811, 0.00142683193553, 0.000591085117776, 0.000547106028534, 0.000655050505884, 0.000460433016997, 0.000379687815439, 0.000229967088671, 0.000168271362782, 9.00099475984e-05, 8.21950379759e-05, 0.00010391727119, 0.000113345573482, 0.000114996473712, 7.05509519321e-05, 4.83840303787e-05, 1.4350714082e-05, 4.67112022307e-06, 2.79331739961e-08],
        "dvar": [1.75136776193e-08, 2.58403406406e-06, 3.25043038174e-06, 1.56411226726e-06, 1.1022556464e-05, 5.33416323378e-06, 1.40335714605e-05, 1.46280535773e-05, 8.30578574096e-06, 6.02321597398e-06, 7.19951231076e-07, 6.35946719285e-07, 8.57690679368e-07, 4.01078267487e-07, 5.09134054028e-07, 9.98349207748e-08, 4.964142164e-08, 1.60515760683e-08, 1.00371302381e-08, 2.4377715846e-08, 3.77532138884e-08, 5.85211701321e-08, 4.94815282082e-08, 2.8718138978e-08, 1.34315503164e-09, 2.29692820319e-10, 2.8395320966e-14],
        "dvar2": [3.26342615153e-08, 7.09940377419e-06, 9.22686922422e-06, 4.10539587392e-06, 2.78643055935e-05, 1.17214140118e-05, 3.31800656568e-05, 3.13156524498e-05, 1.95912252821e-05, 1.5397406969e-05, 1.7868425175e-06, 1.51607252974e-06, 2.10846269511e-06, 9.45088800108e-07, 1.22198741792e-06, 2.49389671581e-07, 1.17490039031e-07, 3.76190385509e-08, 2.50879050867e-08, 5.98774931859e-08, 8.47831387318e-08, 1.1440399561e-07, 8.71293082128e-08, 5.16722096222e-08, 2.52399123823e-09, 5.14528364359e-10, 7.84151999518e-14],
        "max": [0.00350424973294, 0.0372769869864, 0.0472247824073, 0.0360959805548, 0.0615022927523, 0.068587385118, 0.0850317999721, 0.120131835341, 0.0843551307917, 0.0507263727486, 0.023911818862, 0.0168331116438, 0.0303927119821, 0.0179159417748, 0.0234447717667, 0.0105029037222, 0.00794944260269, 0.00460771517828, 0.00247407821007, 0.00486781541258, 0.00553647754714, 0.006145528052, 0.00736484536901, 0.0075565315783, 0.00100552767981, 0.000508450844791, 8.82384028955e-06],
        "mean": [5.03785486217e-05, 0.000618176767603, 0.000760150898714, 0.000706894672476, 0.0031413405668, 0.00202170480043, 0.00277323042974, 0.00277008325793, 0.00205113831908, 0.00155559543055, 0.000625764776487, 0.000592756958213, 0.000730842817575, 0.000508860743139, 0.000405345635954, 0.000272284494713, 0.000201968345209, 0.000113412614155, 0.000103114791273, 0.000133260356961, 0.000153817905812, 0.000151262953295, 9.6098636277e-05, 6.38160636299e-05, 1.79408762051e-05, 5.0762241699e-06, 1.26948691559e-08],
        "median": [4.86550470669e-06, 0.00016156793572, 0.000149975589011, 0.000231576501392, 0.00122128112707, 0.0007649679319, 0.000617882993538, 0.000749130907934, 0.000379746750696, 0.00030490042991, 0.000171313047758, 0.000204924159334, 0.000193864500034, 0.000202111070394, 0.000140281976201, 0.000105430357507, 9.12447430892e-05, 4.45759069407e-05, 4.13037923863e-05, 3.79392440664e-05, 4.5209973905e-05, 4.00693133997e-05, 1.79512535396e-05, 1.09565726234e-05, 5.16062300449e-06, 1.06390518795e-06, 3.06394659644e-10],
        "min": [9.5252267248e-26, 1.74601640989e-24, 9.61965152626e-26, 3.26741330518e-25, 3.78316075355e-24, 3.37001418153e-24, 4.33900082484e-24, 5.02213188623e-24, 9.11635429977e-24, 6.06734931425e-24, 5.66724300742e-24, 1.00741513456e-23, 2.06732170484e-23, 2.1553129857e-23, 3.34393309894e-23, 3.54836514036e-23, 4.71963299581e-23, 5.79565567884e-23, 9.17216210674e-23, 1.4027953757e-22, 1.98081092657e-22, 2.59089184307e-22, 3.42688649319e-22, 5.35942859868e-22, 8.01578251781e-22, 1.2495167988e-21, 1.84100778525e-21],
        "var": [3.77591788947e-08, 2.79036180473e-06, 3.71530290977e-06, 2.08790061151e-06, 2.83751705865e-05, 1.62000578712e-05, 4.61503950646e-05, 4.50669358543e-05, 2.4868748369e-05, 1.36633543661e-05, 1.70985651948e-06, 1.39431710977e-06, 2.01938678401e-06, 9.21404705423e-07, 8.5677061179e-07, 2.44239515723e-07, 1.11247452139e-07, 4.22329442529e-08, 2.47615332682e-08, 5.84155799288e-08, 1.08211587246e-07, 1.59537918876e-07, 1.55496337584e-07, 8.10698779219e-08, 2.99496027978e-09, 3.52059270625e-10, 2.07548178134e-14]
    },
    "erbbands": {
        "dmean": [0.0111892977729, 0.109458863735, 0.526611804962, 1.0659943819, 2.71016526222, 6.91170120239, 8.7830286026, 8.55845546722, 16.3957443237, 27.3189868927, 31.7279968262, 27.3098163605, 25.3610782623, 23.1595630646, 13.6707334518, 14.4971933365, 18.9113025665, 15.0198364258, 12.555100441, 8.74839019775, 6.71415472031, 4.98309421539, 3.27727627754, 2.5819478035, 2.51965546608, 3.05101084709, 3.07108068466, 2.94114542007, 2.93449139595, 1.99703752995, 1.38183629513, 0.928615808487, 0.46819961071, 0.153851166368, 0.05465824157, 0.019971087575, 0.0052166278474, 0.000309971801471, 9.00238319446e-06, 6.59635497868e-06],
        "dmean2": [0.0181736331433, 0.189444497228, 0.910398125648, 1.7726546526, 4.53538799286, 11.3703327179, 13.5527505875, 13.607460022, 25.8635025024, 42.0404891968, 48.4949188232, 42.3315658569, 39.4956207275, 36.8210525513, 21.9004650116, 23.3490142822, 30.0521697998, 24.0048503876, 19.9599475861, 14.0460691452, 10.843170166, 7.82008314133, 5.20962667465, 4.23234844208, 4.09394741058, 4.86105442047, 4.70893335342, 4.52487230301, 4.40697240829, 2.94048142433, 1.94848692417, 1.33743476868, 0.665636777878, 0.221380978823, 0.0793559998274, 0.029726030305, 0.00781136797741, 0.000468337064376, 1.31274355226e-05, 1.0099204701e-05],
        "dvar": [0.00182023632806, 0.195953890681, 3.51620578766, 7.93513298035, 47.2298812866, 243.619903564, 435.088317871, 420.691864014, 1807.28088379, 5866.00683594, 7960.46728516, 5558.37597656, 5461.01171875, 4462.97314453, 1007.6237793, 1198.54125977, 2004.86804199, 1055.93811035, 1582.98962402, 418.041168213, 206.334732056, 130.129959106, 56.8981742859, 29.273267746, 29.2064113617, 55.7699661255, 59.7005233765, 65.1573486328, 77.9570007324, 67.493309021, 43.4503860474, 23.2967662811, 4.40097475052, 0.341769278049, 0.0448341630399, 0.00825376994908, 0.000755900517106, 6.01660940447e-06, 2.08652628508e-09, 8.72510397265e-11],
        "dvar2": [0.00435155816376, 0.554877519608, 10.104678154, 20.9564361572, 128.661636353, 606.171020508, 966.734619141, 950.828674316, 4297.48583984, 13133.0996094, 16540.2304688, 13774.671875, 13283.6367188, 11426.4160156, 2431.89453125, 2889.92822266, 4918.45458984, 2469.57324219, 3778.98193359, 1005.69177246, 508.726531982, 287.929748535, 128.85824585, 73.2472305298, 74.1253128052, 132.543685913, 136.074920654, 145.691802979, 159.946044922, 129.078430176, 81.5619430542, 46.1361045837, 7.22485542297, 0.617714345455, 0.0906656831503, 0.0188307221979, 0.00175019330345, 1.40880956678e-05, 4.76729855592e-09, 2.00883962242e-10],
        "max": [1.03796648979, 10.9331188202, 50.2352981567, 65.383972168, 194.012985229, 348.157226562, 626.324035645, 561.377868652, 1242.83337402, 2596.88208008, 3331.45996094, 2326.73608398, 2389.89624023, 1788.86303711, 862.235595703, 868.83416748, 1473.26782227, 824.563171387, 1313.79760742, 654.980163574, 449.32913208, 463.538238525, 269.473205566, 131.83694458, 155.125106812, 261.413421631, 198.525009155, 274.143188477, 225.56350708, 247.052810669, 260.00567627, 208.876052856, 92.7763900757, 22.9807872772, 8.33633804321, 3.75761175156, 1.07288241386, 0.10650369525, 0.00193715468049, 0.000160007504746],
        "mean": [0.0165434982628, 0.150571957231, 0.743903398514, 1.79957938194, 4.71966505051, 12.1581926346, 17.073846817, 15.6917715073, 30.5378437042, 52.2016067505, 63.0912857056, 52.0525131226, 46.1891899109, 41.8020820618, 26.1354026794, 27.6235218048, 35.8707580566, 29.0198841095, 23.6042079926, 17.2233963013, 14.1142950058, 10.5234680176, 7.07772874832, 5.475877285, 5.29090595245, 6.4242606163, 6.51541662216, 5.93784427643, 5.68691539764, 3.76125121117, 2.6214299202, 1.67339909077, 0.873293697834, 0.281864851713, 0.0938711091876, 0.0333981588483, 0.00764167075977, 0.000401326367864, 2.22052512981e-05, 2.5622175599e-05],
        "median": [0.00309733697213, 0.0446268692613, 0.176073551178, 0.651926219463, 2.04209446907, 3.99901032448, 4.95383358002, 6.40300416946, 9.4330291748, 12.7291908264, 20.0367088318, 11.908744812, 10.9175806046, 9.57260608673, 8.70013237, 10.7212839127, 10.8895206451, 13.5001325607, 9.3130645752, 6.76256561279, 6.30398273468, 4.95075511932, 2.97647619247, 2.25573158264, 2.01163959503, 1.82923293114, 1.8997708559, 1.67085921764, 1.41032505035, 0.883253991604, 0.471746534109, 0.267794698477, 0.167608901858, 0.0750042498112, 0.0279771815985, 0.00929919444025, 0.000860476575326, 2.66952756647e-05, 1.27866369439e-05, 2.08233923331e-05],
        "min": [2.93899123254e-23, 2.84003380691e-22, 6.51402409979e-22, 3.43645440409e-21, 9.53997013201e-21, 1.18280017895e-20, 3.19292427304e-20, 5.8043619012e-20, 8.10853941342e-20, 1.08312916413e-19, 1.61954299593e-19, 2.28085437937e-19, 2.28149156693e-19, 5.79820522175e-19, 4.64705983928e-19, 6.7029950213e-19, 1.22195917734e-18, 1.6765136389e-18, 1.7749776001e-18, 2.31873883783e-18, 2.79031905454e-18, 3.48791045041e-18, 3.69766897809e-18, 4.12476093991e-18, 5.34478451462e-18, 7.40556439009e-18, 6.14659839292e-18, 8.36614607439e-18, 8.26005602493e-18, 1.02549369025e-17, 9.3452102823e-18, 9.96467260815e-18, 8.22313399111e-18, 6.76845499305e-18, 5.44444695713e-18, 3.65103212156e-18, 1.92915103819e-18, 8.27751367176e-19, 2.22318774146e-19, 2.61549953734e-20],
        "var": [0.00276401033625, 0.164969280362, 3.42664194107, 12.3813762665, 81.0251846313, 567.637451172, 1575.42590332, 962.232971191, 4944.96582031, 18661.7363281, 27227.4589844, 16031.3798828, 12049.46875, 10570.8867188, 2469.98901367, 2779.36328125, 4737.89013672, 2674.15917969, 2738.56201172, 934.549804688, 567.282226562, 317.414306641, 161.337417603, 73.9674911499, 69.9489364624, 141.292129517, 174.497299194, 165.628509521, 207.036178589, 173.812835693, 128.942962646, 59.9119186401, 13.0924634933, 0.897798776627, 0.0781639590859, 0.0116633316502, 0.00115832115989, 8.06224306871e-06, 3.30606453325e-09, 5.45878786617e-10]
    },
    "gfcc": {
        "mean": [-146.922393799, 104.472320557, -133.587631226, 18.2990627289, -71.1294631958, 8.56210517883, -37.4587478638, -1.87023532391, -16.2950248718, 0.0868765339255, -12.0337638855, -8.14861774445, -4.18590116501],
        "cov": [[115961.273438, 9995.56933594, -14223.3984375, 2356.1418457, -8451.59277344, 1504.76464844, -4130.31347656, 33.6143302917, -2087.25219727, 204.004577637, -1707.87414551, -687.988342285, -687.563049316], [9995.56933594, 2624.22021484, -1465.19519043, 106.564704895, -556.822265625, -281.128204346, -295.539886475, -198.418411255, -1.59587717056, -127.835525513, 57.938747406, -272.085205078, 34.8003387451], [-14223.3984375, -1465.19519043, 2648.50048828, -34.5346946716, 930.79498291, -86.579460144, 479.037475586, -4.7447552681, 201.983963013, 1.05314481258, 128.707214355, 140.960784912, 6.64115381241], [2356.1418457, 106.564704895, -34.5346946716, 380.670166016, -170.486831665, 87.5156402588, -114.208778381, -14.3859081268, -28.1011886597, 4.41225862503, -48.1040763855, -7.91338586807, -12.0636453629], [-8451.59277344, -556.822265625, 930.79498291, -170.486831665, 848.150085449, -105.979232788, 346.376861572, 38.8663597107, 154.145599365, 5.20230388641, 144.959136963, 46.8906478882, 39.8495788574], [1504.76464844, -281.128204346, -86.579460144, 87.5156402588, -105.979232788, 290.424926758, -17.4013004303, 68.0155105591, -88.6606521606, 20.426366806, -73.3590545654, 34.9231529236, -45.3809738159], [-4130.31347656, -295.539886475, 479.037475586, -114.208778381, 346.376861572, -17.4013004303, 335.122161865, 37.373966217, 79.4495010376, 0.354030132294, 61.9341087341, 18.924703598, 12.9464492798], [33.6143302917, -198.418411255, -4.7447552681, -14.3859081268, 38.8663597107, 68.0155105591, 37.373966217, 138.852615356, -16.0789966583, 29.7410793304, -27.0851402283, 20.7732448578, -17.1925945282], [-2087.25219727, -1.59587717056, 201.983963013, -28.1011886597, 154.145599365, -88.6606521606, 79.4495010376, -16.0789966583, 173.502227783, -3.30909371376, 56.6048698425, -25.0448265076, 28.0679092407], [204.004577637, -127.835525513, 1.05314481258, 4.41225862503, 5.20230388641, 20.426366806, 0.354030132294, 29.7410793304, -3.30909371376, 86.8224716187, -10.4129772186, 25.007648468, -19.3073062897], [-1707.87414551, 57.938747406, 128.707214355, -48.1040763855, 144.959136963, -73.3590545654, 61.9341087341, -27.0851402283, 56.6048698425, -10.4129772186, 116.094161987, -4.67956590652, 27.9075889587], [-687.988342285, -272.085205078, 140.960784912, -7.91338586807, 46.8906478882, 34.9231529236, 18.924703598, 20.7732448578, -25.0448265076, 25.007648468, -4.67956590652, 103.444458008, -0.685099303722], [-687.563049316, 34.8003387451, 6.64115381241, -12.0636453629, 39.8495788574, -45.3809738159, 12.9464492798, -17.1925945282, 28.0679092407, -19.3073062897, 27.9075889587, -0.685099303722, 78.0253219604]],
        "icov": [[0.00026811772841, -0.000643079518341, 0.000553874124307, -0.000565975904465, 0.00110353750642, -0.000481212628074, 0.000380831828807, -0.000606778135989, 0.000517272623256, -0.000828162184916, 0.000852538447361, -0.000622767547611, 0.000773055828176], [-0.000643079518341, 0.00257860217243, -0.000810232711956, 0.000898179481737, -0.00246091815643, 0.00209024059586, -0.00109298492316, 0.00200815591961, -0.00107775791548, 0.00273701990955, -0.00280559714884, 0.00282578286715, -0.00141941208858], [0.000553874124307, -0.000810232711956, 0.00217345333658, -0.00179376953747, 0.00168489350472, -0.000404064630857, 0.000184504810022, -0.000554782978725, 0.000817918626126, -0.00103931932244, 0.001690177829, -0.00155463640112, 0.00236182985827], [-0.000565975904465, 0.000898179481737, -0.00179376953747, 0.00485860742629, -0.00189294142183, -0.000596750993282, 0.000413882196881, 0.00143145758193, -0.0016252307687, 0.00106610776857, -0.00116627279203, 0.00139111944009, -0.00233988789842], [0.00110353750642, -0.00246091815643, 0.00168489350472, -0.00189294142183, 0.00777414208278, -0.00154753786046, 3.90386776417e-05, -0.00340744620189, 0.00159061874729, -0.00347582506947, 0.0014482117258, -0.00258924113587, 0.00278511573561], [-0.000481212628074, 0.00209024059586, -0.000404064630857, -0.000596750993282, -0.00154753786046, 0.0072750155814, -0.00185230094939, -0.000265852489974, 0.000863201450557, 0.00251402473077, -0.000773959269281, 0.00101048196666, 0.000637072895188], [0.000380831828807, -0.00109298492316, 0.000184504810022, 0.000413882196881, 3.90386776417e-05, -0.00185230094939, 0.00659379316494, -0.00196614791639, -0.000223313298193, -0.00103182799648, 0.000714173249435, -0.000532380654477, 0.000831986078992], [-0.000606778135989, 0.00200815591961, -0.000554782978725, 0.00143145758193, -0.00340744620189, -0.000265852489974, -0.00196614791639, 0.0114713422954, -0.00113729690202, -7.69912658143e-05, -2.96466787404e-05, 0.00153679284267, -0.00112036755309], [0.000517272623256, -0.00107775791548, 0.000817918626126, -0.0016252307687, 0.00159061874729, 0.000863201450557, -0.000223313298193, -0.00113729690202, 0.0100109558553, -0.00276933750138, -6.71719681122e-05, 0.00171325856354, -5.32579906576e-05], [-0.000828162184916, 0.00273701990955, -0.00103931932244, 0.00106610776857, -0.00347582506947, 0.00251402473077, -0.00103182799648, -7.69912658143e-05, -0.00276933750138, 0.0171957183629, -0.00298025109805, -0.000832866702694, 0.00143630162347], [0.000852538447361, -0.00280559714884, 0.001690177829, -0.00116627279203, 0.0014482117258, -0.000773959269281, 0.000714173249435, -2.96466787404e-05, -6.71719681122e-05, -0.00298025109805, 0.0170865748078, -0.003142650472, 0.000272638426395], [-0.000622767547611, 0.00282578286715, -0.00155463640112, 0.00139111944009, -0.00258924113587, 0.00101048196666, -0.000532380654477, 0.00153679284267, 0.00171325856354, -0.000832866702694, -0.003142650472, 0.0162538588047, -0.00361935794353], [0.000773055828176, -0.00141941208858, 0.00236182985827, -0.00233988789842, 0.00278511573561, 0.000637072895188, 0.000831986078992, -0.00112036755309, -5.32579906576e-05, 0.00143630162347, 0.000272638426395, -0.00361935794353, 0.0185072924942]]
    },
    "melbands": {
        "dmean": [0.000103401820525, 0.000227069918765, 0.000211183156352, 0.000333580508595, 0.000308066111756, 0.00019565729599, 0.000263477704721, 0.000296004087431, 0.000256450322922, 0.000166890691617, 0.00012834201334, 9.92848581518e-05, 4.89491249027e-05, 3.8850299461e-05, 4.13539346482e-05, 3.83198494092e-05, 2.94040492008e-05, 2.08843357541e-05, 1.57006197696e-05, 1.14131307782e-05, 8.18373700895e-06, 6.05203194937e-06, 4.37273138232e-06, 2.55345548794e-06, 2.31172703025e-06, 1.94197355086e-06, 1.98013071895e-06, 2.30056957662e-06, 2.06913318834e-06, 2.04043294616e-06, 1.78748018698e-06, 1.90451771687e-06, 1.36041035148e-06, 1.11640963496e-06, 8.408463259e-07, 7.6089668255e-07, 5.36954985364e-07, 3.8580179762e-07, 2.15856104546e-07, 1.13654238021e-07],
        "dmean2": [0.000174527434865, 0.000390998000512, 0.000349235953763, 0.00055343558779, 0.000480690912809, 0.000309044960886, 0.000416800787207, 0.000455204251921, 0.000392431829823, 0.000258256477537, 0.000200595735805, 0.00015759980306, 7.80706905061e-05, 6.25783213763e-05, 6.66895575705e-05, 6.15644021309e-05, 4.72597021144e-05, 3.34471806127e-05, 2.51096116699e-05, 1.85511144082e-05, 1.33382363856e-05, 9.6415360531e-06, 7.05266256773e-06, 4.11565861214e-06, 3.82410598831e-06, 3.21589209307e-06, 3.20227945849e-06, 3.70717430087e-06, 3.23626454701e-06, 3.22361483995e-06, 2.78087100014e-06, 2.93121456707e-06, 2.02674732463e-06, 1.68805127032e-06, 1.21957850752e-06, 1.14370266147e-06, 7.77177092459e-07, 5.6011452898e-07, 3.20954370636e-07, 1.6844060724e-07],
        "dvar": [1.4955698191e-07, 7.09004041255e-07, 2.75402300076e-07, 5.44264651126e-07, 4.48364886552e-07, 1.91372478753e-07, 4.50785080375e-07, 6.16198406078e-07, 5.12013684784e-07, 2.07027753163e-07, 1.39598796522e-07, 8.51808934499e-08, 1.23650822914e-08, 8.59975468614e-09, 8.20080270358e-09, 7.11186487479e-09, 4.51089299247e-09, 3.85536758074e-09, 1.85629733807e-09, 6.71277422537e-10, 3.24450771805e-10, 1.9758747416e-10, 9.22187257113e-11, 3.25924981448e-11, 2.4934223089e-11, 1.85691583637e-11, 2.03757028611e-11, 3.38530523059e-11, 2.61521949929e-11, 3.80350265172e-11, 2.44677125782e-11, 2.98039301572e-11, 2.57946164428e-11, 2.33558554441e-11, 1.63150482707e-11, 1.55814597336e-11, 7.62088222389e-12, 3.13682131485e-12, 8.18729686911e-13, 1.7003354291e-13],
        "dvar2": [3.92183608255e-07, 2.03496824724e-06, 7.30013141492e-07, 1.40747135902e-06, 1.02342119135e-06, 4.30523868999e-07, 1.06795971533e-06, 1.37420363444e-06, 1.04591504169e-06, 5.11930068114e-07, 3.4004506233e-07, 2.1737150746e-07, 3.02014981912e-08, 2.0176399218e-08, 2.01368326458e-08, 1.76788681472e-08, 1.04146433699e-08, 9.20712039942e-09, 4.42279901591e-09, 1.65743774261e-09, 8.08710376443e-10, 4.58901722178e-10, 2.06199002317e-10, 7.96290811067e-11, 6.29435392696e-11, 4.77617667638e-11, 5.25496417214e-11, 8.27867566167e-11, 6.14507195129e-11, 9.27188187339e-11, 5.52060168413e-11, 6.68978830665e-11, 5.05677374973e-11, 4.85709111819e-11, 3.19647433522e-11, 3.35898600601e-11, 1.47674754369e-11, 5.26771508358e-12, 1.60451925184e-12, 3.299088433e-13],
        "max": [0.00728706875816, 0.0231456402689, 0.013641314581, 0.0163688454777, 0.0161997396499, 0.0108462506905, 0.0165148880333, 0.0257189571857, 0.02624011226, 0.0125915138051, 0.0116707598791, 0.00801713671535, 0.00270107272081, 0.00223069963977, 0.00292809912935, 0.00180869898759, 0.00189882516861, 0.00180572317913, 0.00148735183757, 0.000886327761691, 0.000600943283644, 0.000529619574081, 0.0003698199871, 0.000144842852023, 0.00013080741337, 0.000125373902847, 0.000112288857053, 0.000188603895367, 0.000117747222248, 0.000251633202424, 0.000170526473084, 0.000124731246615, 0.00015037220146, 0.00016525654064, 0.000147084327182, 0.000170787228853, 0.000107925712655, 8.72755263117e-05, 3.9289585402e-05, 1.26162913148e-05],
        "mean": [0.000160891751875, 0.000327603658661, 0.000376379321096, 0.000596529454924, 0.00060792430304, 0.000360326346708, 0.000502071052324, 0.000561898574233, 0.000502361508552, 0.000305415655021, 0.000224364528549, 0.000172444153577, 8.73324097483e-05, 6.95455964888e-05, 7.48852835386e-05, 7.0690875873e-05, 5.20734029124e-05, 3.72057111235e-05, 2.70123728114e-05, 2.08002766158e-05, 1.56464739121e-05, 1.14288186523e-05, 8.25582992547e-06, 5.05072284795e-06, 4.35791889686e-06, 3.65699111171e-06, 3.78931440537e-06, 4.3802615437e-06, 4.12752433476e-06, 3.73370471607e-06, 3.35455047207e-06, 3.45987450601e-06, 2.4623925583e-06, 1.92794868781e-06, 1.5307416561e-06, 1.29536067561e-06, 9.20837749163e-07, 6.80135428865e-07, 3.75632509986e-07, 1.88873428897e-07],
        "median": [3.83801925636e-05, 9.00123050087e-05, 0.000151695552631, 0.000229073833907, 0.000190952865523, 0.000142106029671, 0.000142042888911, 0.000140003670822, 0.00014425390691, 5.68744471821e-05, 4.71507883049e-05, 3.51880626113e-05, 2.62638568529e-05, 2.50890680036e-05, 2.44082857535e-05, 2.13774364966e-05, 2.07707707887e-05, 1.39150415635e-05, 9.90762146102e-06, 7.63485695643e-06, 6.65706875225e-06, 4.84427346237e-06, 3.19449486597e-06, 2.00176236831e-06, 1.61555112754e-06, 1.28507508634e-06, 1.22531321267e-06, 1.10248447527e-06, 1.10095356831e-06, 9.63555180533e-07, 8.60572868078e-07, 8.23294101338e-07, 5.65867424029e-07, 3.98542340463e-07, 2.66165898211e-07, 1.93672960336e-07, 1.37684324386e-07, 1.13734586193e-07, 8.55332231708e-08, 4.84368278819e-08],
        "min": [4.90316840767e-25, 3.55152846272e-25, 6.18126901339e-25, 5.89832186302e-25, 9.99090068487e-25, 1.00691832968e-24, 1.13561871839e-24, 9.52731178278e-25, 1.05952647737e-24, 1.32405352839e-24, 8.09547204739e-25, 1.82345296849e-24, 1.1975591892e-24, 1.2482866925e-24, 1.17040008874e-24, 2.39894672038e-24, 2.47902300479e-24, 2.30898245895e-24, 2.61477768354e-24, 2.80363374526e-24, 2.13198554043e-24, 3.09338393347e-24, 2.70364168122e-24, 2.50524967166e-24, 2.99004966299e-24, 3.24836157476e-24, 2.85060489014e-24, 3.69973595181e-24, 3.41771226174e-24, 3.83377130822e-24, 4.11399323998e-24, 3.26940207282e-24, 4.16199305948e-24, 4.44186749802e-24, 4.31635420597e-24, 5.12697544483e-24, 5.53561564893e-24, 4.67615484814e-24, 4.94912714818e-24, 4.38615735203e-24],
        "var": [2.00492451086e-07, 6.54162192859e-07, 4.36089521827e-07, 1.18485866096e-06, 1.56111104843e-06, 4.79066841308e-07, 1.33723665385e-06, 1.88720696315e-06, 1.77576475835e-06, 5.81681092626e-07, 3.05850534232e-07, 1.98302942067e-07, 3.09902326023e-08, 1.95056077956e-08, 1.83218595851e-08, 1.72673182419e-08, 1.05602566691e-08, 6.84049572541e-09, 3.24006044217e-09, 1.49242229686e-09, 7.76757769216e-10, 4.22797269417e-10, 2.33058877752e-10, 7.90631865533e-11, 5.50691089951e-11, 3.99172049581e-11, 4.19538744023e-11, 7.83336590038e-11, 7.04310151867e-11, 8.4481498186e-11, 5.6815413485e-11, 7.06914665694e-11, 6.4957893231e-11, 5.23546449249e-11, 4.49373316336e-11, 3.715185104e-11, 1.87238783506e-11, 8.77958990231e-12, 2.04563709721e-12, 3.7224691103e-13]
    },
    "mfcc": {
        "mean": [-712.278747559, 121.980209351, -11.9699583054, 4.84725666046, -12.0584449768, 2.11670637131, -11.9146413803, -6.32128620148, -2.75970172882, -1.13552236557, -1.96087300777, 0.194594457746, -3.58222723007],
        "cov": [[26635.4726562, 4484.51074219, -228.957229614, 246.820877075, -1035.8536377, 404.983276367, -533.614440918, -96.0561294556, -46.9533500671, 35.6477928162, -138.423690796, 41.9607887268, -334.599151611], [4484.51074219, 2875.89501953, -241.424865723, 185.727645874, -87.4821624756, -110.081718445, -157.00151062, -168.512420654, -84.4297027588, -29.0502891541, 34.5432548523, 0.0418940782547, -22.1861915588], [-228.957229614, -241.424865723, 747.418273926, 175.321777344, 16.737821579, 91.4649429321, -65.765296936, 23.1729755402, -37.4663276672, -17.9889545441, -15.9714450836, 0.19320820272, -40.8279838562], [246.820877075, 185.727645874, 175.321777344, 286.738220215, 58.6922264099, 23.4227085114, -38.2425994873, -28.4045505524, -1.23747253418, 1.06193351746, -13.4228315353, 18.3768825531, 14.0329265594], [-1035.8536377, -87.4821624756, 16.737821579, 58.6922264099, 232.42817688, -6.21185159683, 16.6839904785, -1.36361348629, -3.88369059563, 11.5378103256, 0.455329716206, 4.27325344086, 33.563293457], [404.983276367, -110.081718445, 91.4649429321, 23.4227085114, -6.21185159683, 159.073120117, 26.3821964264, 34.4661102295, 6.78188896179, 0.139296412468, 3.19795894623, 0.720732271671, -15.4975986481], [-533.614440918, -157.00151062, -65.765296936, -38.2425994873, 16.6839904785, 26.3821964264, 195.626968384, 63.3722915649, 17.2295837402, 21.4896297455, 11.4272785187, -7.93174219131, 12.9615545273], [-96.0561294556, -168.512420654, 23.1729755402, -28.4045505524, -1.36361348629, 34.4661102295, 63.3722915649, 112.068016052, 27.3927097321, 14.9187831879, 8.24397087097, -11.0512065887, 0.969157159328], [-46.9533500671, -84.4297027588, -37.4663276672, -1.23747253418, -3.88369059563, 6.78188896179, 17.2295837402, 27.3927097321, 95.5605697632, 30.2499141693, 5.37034368515, 2.62627458572, 0.00654435530305], [35.6477928162, -29.0502891541, -17.9889545441, 1.06193351746, 11.5378103256, 0.139296412468, 21.4896297455, 14.9187831879, 30.2499141693, 89.033164978, 23.4418182373, 11.5519170761, -4.45827007294], [-138.423690796, 34.5432548523, -15.9714450836, -13.4228315353, 0.455329716206, 3.19795894623, 11.4272785187, 8.24397087097, 5.37034368515, 23.4418182373, 75.4521102905, 11.0577907562, 0.0106969485059], [41.9607887268, 0.0418940782547, 0.19320820272, 18.3768825531, 4.27325344086, 0.720732271671, -7.93174219131, -11.0512065887, 2.62627458572, 11.5519170761, 11.0577907562, 83.4487228394, 15.9178371429], [-334.599151611, -22.1861915588, -40.8279838562, 14.0329265594, 33.563293457, -15.4975986481, 12.9615545273, 0.969157159328, 0.00654435530305, -4.45827007294, 0.0106969485059, 15.9178371429, 87.9280853271]],
