{
"lowlevel": {
    "average_loudness": 0.804378986359,
    "barkbands_crest": {
        "dmean": 2.12683773041,
        "dmean2": 3.50948691368,
        "dvar": 4.21863985062,
        "dvar2": 11.2517881393,
        "max": 25.0550346375,
        "mean": 8.66692352295,
        "median": 7.66508769989,
        "min": 2.34776544571,
        "var": 12.7316513062
    },
    "barkbands_flatness_db": {
        "dmean": 0.0158744323999,
        "dmean2": 0.0254147779197,
        "dvar": 0.000202281516977,
        "dvar2": 0.000497903325595,
        "max": 0.367125153542,
        "mean": 0.140174567699,
        "median": 0.140517890453,
        "min": 0.0494654327631,
        "var": 0.00156510621309
    },
    "barkbands_kurtosis": {
        "dmean": 1.75707781315,
        "dmean2": 2.82236146927,
        "dvar": 6.65306377411,
        "dvar2": 16.0644340515,
        "max": 84.4430923462,
        "mean": 3.4503891468,
        "median": 2.21146464348,
        "min": -1.89593315125,
        "var": 26.0174446106
    },
    "barkbands_skewness": {
        "dmean": 0.381304621696,
        "dmean2": 0.603750228882,
        "dvar": 0.158061996102,
        "dvar2": 0.367259979248,
        "max": 7.17427206039,
        "mean": 1.05138492584,
        "median": 1.11914873123,
        "min": -2.28631162643,
        "var": 1.83243703842
    },
    "barkbands_spread": {
        "dmean": 3.64864897728,
        "dmean2": 5.75532007217,
        "dvar": 25.4625511169,
        "dvar2": 53.7141342163,
        "max": 94.5437164307,
        "mean": 17.8743877411,
        "median": 15.7239265442,
        "min": 0.850332140923,
        "var": 96.0258331299
    },
    "dissonance": {
        "dmean": 0.0187751743942,
        "dmean2": 0.0315045453608,
        "dvar": 0.000370642432244,
        "dvar2": 0.00101276079658,
        "max": 0.5,
        "mean": 0.460363417864,
        "median": 0.465726494789,
        "min": 0.229792863131,
        "var": 0.0010260323761
    },
    "dynamic_complexity": 2.61931729317,
    "erbbands_crest": {
        "dmean": 2.34239411354,
        "dmean2": 3.75362205505,
        "dvar": 5.47018861771,
        "dvar2": 13.2934465408,
        "max": 29.0644702911,
        "mean": 8.90212249756,
        "median": 7.86934661865,
        "min": 2.54686927795,
        "var": 19.4884548187
    },
    "erbbands_flatness_db": {
        "dmean": 0.01391598396,
        "dmean2": 0.0208149179816,
        "dvar": 0.000166601894307,
        "dvar2": 0.000339313206496,
        "max": 0.333481758833,
        "mean": 0.175416454673,
        "median": 0.173910304904,
        "min": 0.0615440122783,
        "var": 0.00205118907616
    },
    "erbbands_kurtosis": {
        "dmean": 0.811515569687,
        "dmean2": 1.28211677074,
        "dvar": 1.19188308716,
        "dvar2": 2.84789276123,
        "max": 21.3379077911,
        "mean": 0.760091483593,
        "median": 0.141100406647,
        "min": -1.7108528614,
        "var": 4.47095680237
    },
    "erbbands_skewness": {
        "dmean": 0.308563739061,
        "dmean2": 0.484355777502,
        "dvar": 0.0883877500892,
        "dvar2": 0.197835326195,
        "max": 4.11987161636,
        "mean": 0.423411041498,
        "median": 0.448032408953,
        "min": -3.04842448235,
        "var": 0.603434383869
    },
    "erbbands_spread": {
        "dmean": 5.56958723068,
        "dmean2": 8.71440219879,
        "dvar": 43.3215332031,
        "dvar2": 101.660385132,
        "max": 124.289352417,
        "mean": 32.2934646606,
        "median": 32.2969436646,
        "min": 5.18672847748,
        "var": 221.674713135
    },
    "hfc": {
        "dmean": 4.49443817139,
        "dmean2": 6.63820743561,
        "dvar": 48.8690948486,
        "dvar2": 95.9156646729,
        "max": 193.400466919,
        "mean": 19.3092498779,
        "median": 16.8540267944,
        "min": 1.05966117955e-16,
        "var": 233.511535645
    },
    "melbands_crest": {
        "dmean": 2.66788196564,
        "dmean2": 4.41644430161,
        "dvar": 6.55887079239,
        "dvar2": 17.1292457581,
        "max": 31.3544387817,
        "mean": 10.9874067307,
        "median": 10.4015254974,
        "min": 1.51536154747,
        "var": 27.7328567505
    },
    "melbands_flatness_db": {
        "dmean": 0.017320709303,
        "dmean2": 0.0273810885847,
        "dvar": 0.000339153484674,
        "dvar2": 0.000772635394242,
        "max": 0.473114043474,
        "mean": 0.168290302157,
        "median": 0.175924301147,
        "min": 0.0023894731421,
        "var": 0.00517235137522
    },
    "melbands_kurtosis": {
        "dmean": 3.54823112488,
        "dmean2": 5.75264120102,
        "dvar": 41.4582366943,
        "dvar2": 107.524330139,
        "max": 207.600143433,
        "mean": 7.97480249405,
        "median": 4.19421291351,
        "min": -1.75558745861,
        "var": 125.832244873
    },
    "melbands_skewness": {
        "dmean": 0.48416569829,
        "dmean2": 0.769048154354,
        "dvar": 0.287766069174,
        "dvar2": 0.708752095699,
        "max": 12.0146636963,
        "mean": 1.85984015465,
        "median": 1.67646491528,
        "min": -0.865226268768,
        "var": 1.92580854893
    },
    "melbands_spread": {
        "dmean": 5.77885389328,
        "dmean2": 9.31569099426,
        "dvar": 87.2168197632,
        "dvar2": 183.699127197,
        "max": 198.519287109,
        "mean": 32.2557907104,
        "median": 19.0995788574,
        "min": 0.960004270077,
        "var": 1374.33361816
    },
    "pitch_salience": {
        "dmean": 0.0548821724951,
        "dmean2": 0.0916138514876,
        "dvar": 0.00277300714515,
        "dvar2": 0.00736949592829,
        "max": 0.867973864079,
        "mean": 0.622186124325,
        "median": 0.616014242172,
        "min": 0.164067074656,
        "var": 0.0137889282778
    },
    "silence_rate_20dB": {
        "dmean": 0,
        "dmean2": 0,
        "dvar": 0,
        "dvar2": 0,
        "max": 1,
        "mean": 1,
        "median": 1,
        "min": 1,
        "var": 0
    },
    "silence_rate_30dB": {
        "dmean": 0.00199578655884,
        "dmean2": 0.00399201596156,
        "dvar": 0.00199168128893,
        "dvar2": 0.00530630117282,
        "max": 1,
        "mean": 0.997893571854,
        "median": 1,
        "min": 0,
        "var": 0.00210158340633
    },
    "silence_rate_60dB": {
        "dmean": 0.00376981915906,
        "dmean2": 0.00754047464579,
        "dvar": 0.00375632429495,
        "dvar2": 0.00858982279897,
        "max": 1,
        "mean": 0.123059868813,
        "median": 0,
        "min": 0,
        "var": 0.107910737395
    },
    "spectral_centroid": {
        "dmean": 201.309967041,
        "dmean2": 320.535888672,
        "dvar": 74709.0546875,
        "dvar2": 157392.921875,
        "max": 11904.5859375,
        "mean": 2212.39208984,
        "median": 1144.41943359,
        "min": 204.635360718,
        "var": 9231611
    },
    "spectral_complexity": {
        "dmean": 2.4592525959,
        "dmean2": 3.99933457375,
        "dvar": 6.37201929092,
        "dvar2": 15.5816679001,
        "max": 45,
        "mean": 17.8760528564,
        "median": 19,
        "min": 0,
        "var": 77.52318573
    },
    "spectral_decrease": {
        "dmean": 1.78893810876e-09,
        "dmean2": 2.84642553972e-09,
        "dvar": 6.45909482063e-18,
        "dvar2": 1.59698781238e-17,
        "max": 2.37113609553e-28,
        "mean": -6.6643570662e-09,
        "median": -5.77125991441e-09,
        "min": -4.03576549957e-08,
        "var": 2.76430840154e-17
    },
    "spectral_energy": {
        "dmean": 0.00705471588299,
        "dmean2": 0.0111815948039,
        "dvar": 9.73312489805e-05,
        "dvar2": 0.000239078624872,
        "max": 0.163493320346,
        "mean": 0.0269042551517,
        "median": 0.023543804884,
        "min": 9.88745222835e-21,
        "var": 0.000433314096881
    },
    "spectral_energyband_high": {
        "dmean": 0.000252603611443,
        "dmean2": 0.000360753067071,
        "dvar": 6.46194791898e-07,
        "dvar2": 1.16829210128e-06,
        "max": 0.0275219175965,
        "mean": 0.000592395081185,
        "median": 0.000312181829941,
        "min": 6.76006327805e-21,
        "var": 1.50591233705e-06
    },
    "spectral_energyband_low": {
        "dmean": 0.00300129363313,
        "dmean2": 0.00506104947999,
        "dvar": 5.83072942391e-05,
        "dvar2": 0.000154535257025,
        "max": 0.102728962898,
        "mean": 0.0049628582783,
        "median": 0.00242364546284,
        "min": 7.32240729293e-24,
        "var": 7.4071205745e-05
    },
    "spectral_energyband_middle_high": {
        "dmean": 0.00165024551097,
        "dmean2": 0.00254400772974,
        "dvar": 5.61014803679e-06,
        "dvar2": 1.28054625748e-05,
        "max": 0.0591374821961,
        "mean": 0.00595984002575,
        "median": 0.00459831161425,
        "min": 1.08367344736e-21,
        "var": 3.57809258276e-05
    },
    "spectral_energyband_middle_low": {
        "dmean": 0.00487258611247,
        "dmean2": 0.00764218950644,
        "dvar": 4.39495925093e-05,
        "dvar2": 0.000108146494313,
        "max": 0.137827903032,
        "mean": 0.0165699906647,
        "median": 0.0127576831728,
        "min": 1.45758750847e-22,
        "var": 0.000240069959546
    },
    "spectral_entropy": {
        "dmean": 0.11022349447,
        "dmean2": 0.16610942781,
        "dvar": 0.014814293012,
        "dvar2": 0.0299289189279,
        "max": 9.83087921143,
        "mean": 7.71587514877,
        "median": 7.51992034912,
        "min": 5.38544750214,
        "var": 0.589667260647
    },
    "spectral_flux": {
        "dmean": 0.0177021697164,
        "dmean2": 0.0283945854753,
        "dvar": 0.000514682556968,
        "dvar2": 0.00117050495464,
        "max": 0.348842144012,
        "mean": 0.0748100355268,
        "median": 0.0704706013203,
        "min": 6.26229276768e-11,
        "var": 0.00197389512323
    },
    "spectral_kurtosis": {
        "dmean": 1.23478400707,
        "dmean2": 2.11004042625,
        "dvar": 1.85576415062,
        "dvar2": 5.26814126968,
        "max": 27.4546718597,
        "mean": 3.71759986877,
        "median": 3.71908545494,
        "min": -1.27637386322,
        "var": 7.6495718956
    },
    "spectral_rms": {
        "dmean": 0.000603403197601,
        "dmean2": 0.000942351936828,
        "dvar": 5.1624721209e-07,
        "dvar2": 1.19197432014e-06,
        "max": 0.0126295555383,
        "mean": 0.0045745363459,
        "median": 0.00479265768081,
        "min": 3.10584847771e-12,
        "var": 5.32168314749e-06
    },
    "spectral_rolloff": {
        "dmean": 337.656494141,
        "dmean2": 577.473510742,
        "dvar": 431543.75,
        "dvar2": 880847.9375,
        "max": 19810.546875,
        "mean": 3138.72802734,
        "median": 1313.52539062,
        "min": 129.19921875,
        "var": 29061430
    },
    "spectral_skewness": {
        "dmean": 0.1745762676,
        "dmean2": 0.283342480659,
        "dvar": 0.030114883557,
        "dvar2": 0.0709013864398,
        "max": 4.00291204453,
        "mean": 1.40807902813,
        "median": 1.53134298325,
        "min": -0.119065418839,
        "var": 0.372883975506
    },
    "spectral_spread": {
        "dmean": 414601.34375,
        "dmean2": 653441.125,
        "dvar": 403365953536,
        "dvar2": 904653832192,
        "max": 43669496,
        "mean": 7871192.5,
        "median": 4100690,
        "min": 1969250,
        "var": 1.23363020243e+14
    },
    "spectral_strongpeak": {
        "dmean": 0.581162929535,
        "dmean2": 0.971767961979,
        "dvar": 0.690865695477,
        "dvar2": 1.74850964546,
        "max": 9.03542518616,
        "mean": 1.16523325443,
        "median": 0.76336991787,
        "min": 0,
        "var": 1.53801369667
    },
    "zerocrossingrate": {
        "dmean": 0.00760552613065,
        "dmean2": 0.00990634877235,
        "dvar": 0.000139347772347,
        "dvar2": 0.000168621641933,
        "max": 0.78271484375,
        "mean": 0.100936286151,
        "median": 0.0537109375,
        "min": 0.00732421875,
        "var": 0.0191086176783
    },
    "barkbands": {
        "dmean": [0.000173994238139, 0.00198425748385, 0.00106427713763, 0.00149962923024, 0.00184072460979, 0.00156982883345, 0.000930682290345, 0.00082995306002, 0.00125813798513, 0.00077829672955, 0.000435032940004, 0.000449210201623, 0.000454345019534, 0.000394081784179, 0.000252939993516, 0.000290531665087, 0.000145417245221, 7.62179406593e-05, 0.000102321930171, 7.68196114223e-05, 8.46144466777e-05, 6.35544784018e-05, 6.55781186651e-05, 3.92419315176e-05, 1.34413503474e-05, 3.22351615978e-06, 8.64806803946e-09],
        "dmean2": [0.000223936862312, 0.00347165507264, 0.00186059658881, 0.00249139964581, 0.00298745045438, 0.00237424951047, 0.00141452951357, 0.00123489252292, 0.00191886490211, 0.00121998973191, 0.000698699790519, 0.000722218537703, 0.000724489742424, 0.000613701588009, 0.000419193907874, 0.000477126246551, 0.000242574358708, 0.00012829292973, 0.000164931479958, 0.000121816483443, 0.0001315397094, 9.73898204393e-05, 9.68714157352e-05, 5.72375502088e-05, 1.95969878405e-05, 4.65986386189e-06, 1.52582853019e-08],
        "dvar": [2.14049251213e-07, 3.53855830326e-05, 8.98462076293e-06, 6.69948167342e-06, 1.04940900201e-05, 1.01266850834e-05, 6.2769431679e-06, 6.61777767164e-06, 7.80801383371e-06, 3.16038881465e-06, 1.01543594155e-06, 7.80955872415e-07, 1.14389467853e-06, 6.82805477936e-07, 2.35161735418e-07, 4.12223272406e-07, 7.19908754832e-08, 2.25109282326e-08, 1.13124663415e-07, 3.48394983973e-08, 4.92521472495e-08, 3.64405359221e-08, 6.73159306075e-08, 3.31452554292e-08, 1.11956943716e-09, 4.49844640704e-11, 1.14537817419e-15],
        "dvar2": [3.59442651643e-07, 9.92692657746e-05, 2.54301685345e-05, 1.83571864909e-05, 2.63072051894e-05, 2.38503762375e-05, 1.44134828588e-05, 1.41614918903e-05, 1.85806147783e-05, 7.62128456699e-06, 2.51937535722e-06, 1.82082442279e-06, 2.77713434116e-06, 1.30992839331e-06, 6.28076577414e-07, 1.05799449557e-06, 1.91899246715e-07, 5.84618433663e-08, 2.70399766578e-07, 7.79804096851e-08, 1.08169196267e-07, 7.19965669305e-08, 1.40584262454e-07, 5.84043924334e-08, 2.03129779663e-09, 8.63960916697e-11, 3.12713827984e-15],
        "max": [0.00762189365923, 0.0733149647713, 0.0634131729603, 0.0497666634619, 0.0772746428847, 0.118587106466, 0.0630410090089, 0.121789157391, 0.0714716762304, 0.0421246215701, 0.0262671783566, 0.0255748741329, 0.0356629155576, 0.021280253306, 0.0143262250349, 0.0306910853833, 0.0127186793834, 0.00504209473729, 0.0183460135013, 0.00555078871548, 0.00648219743744, 0.00633467454463, 0.0122293885797, 0.00592255638912, 0.00108227005694, 0.000137363298563, 6.72018927617e-07],
        "mean": [0.000247303047217, 0.00232779793441, 0.00137585378252, 0.00269507034682, 0.00402580806985, 0.00349437282421, 0.00181968591642, 0.00144550518598, 0.00262644491158, 0.00143083033618, 0.00075913767796, 0.000774454616476, 0.000807674776297, 0.000698589254171, 0.000485512486193, 0.000556159764528, 0.000302829575958, 0.000160654599313, 0.00019739891286, 0.000171879451955, 0.0001606602018, 0.000125938706333, 0.000113099908049, 7.09992746124e-05, 2.5332061341e-05, 5.2707832765e-06, 6.68258293146e-09],
        "median": [1.67664620676e-05, 0.000753038970288, 0.00051624129992, 0.00125989574008, 0.00181189714931, 0.00150301191024, 0.000524896546267, 0.00032560445834, 0.000672135211062, 0.000475934881251, 0.000220431422349, 0.000302701257169, 0.000273438461591, 0.000286844966467, 0.000217910390347, 0.000296330545098, 0.000181517578312, 0.000106291496195, 0.000113836991659, 8.03747025202e-05, 7.38099988666e-05, 5.71417840547e-05, 3.48186185875e-05, 2.3223914468e-05, 1.13920241347e-05, 2.44988336817e-06, 7.17637282932e-10],
        "min": [9.13363863664e-26, 1.92869983224e-24, 2.52772678404e-25, 5.52968864113e-25, 4.98036919547e-24, 5.23014188516e-24, 6.04724992724e-24, 3.29732459342e-24, 1.04166708063e-23, 1.05323264925e-23, 7.70248915454e-24, 1.85690836227e-23, 1.6735305451e-23, 1.922724132e-23, 2.52393222503e-23, 3.88779305521e-23, 3.89835590273e-23, 3.60569702659e-23, 1.06712357471e-22, 1.19278129141e-22, 1.82579925382e-22, 2.68479456357e-22, 3.00136330888e-22, 4.83854513136e-22, 7.70211274167e-22, 1.21609282536e-21, 1.84168047535e-21],
        "var": [4.87067779886e-07, 3.3217969758e-05, 7.87937369751e-06, 1.7315025616e-05, 4.38218485215e-05, 3.89022025047e-05, 1.54323097377e-05, 1.48765611812e-05, 2.76538085018e-05, 8.25576717034e-06, 2.42884016188e-06, 2.02049864129e-06, 2.73166028819e-06, 1.74078127202e-06, 5.9764550997e-07, 8.91836123174e-07, 1.65703454513e-07, 4.15555518885e-08, 1.54938248897e-07, 8.19752798975e-08, 9.21004712495e-08, 7.42722860991e-08, 1.26263572042e-07, 7.21321029573e-08, 2.79636735989e-09, 8.54761331159e-11, 8.58735236816e-16]
    },
    "erbbands": {
        "dmean": [0.0616768151522, 0.456787616014, 1.18725264072, 2.64832663536, 6.27948522568, 6.10405063629, 8.27738189697, 15.2889680862, 15.7050895691, 9.69379425049, 19.9745521545, 24.8867034912, 30.0469913483, 19.1922130585, 17.8465938568, 15.4856758118, 21.2861747742, 16.9030418396, 14.9344043732, 14.5414161682, 13.8550958633, 7.28859710693, 4.04485416412, 4.42643547058, 4.71556758881, 3.7109003067, 3.06571221352, 3.64968705177, 2.42586636543, 2.16997003555, 1.70844960213, 1.04262447357, 0.52771872282, 0.203224360943, 0.0749569758773, 0.0235721822828, 0.0039982618764, 0.000170870800503, 7.68543486629e-06, 8.36348590383e-06],
        "dmean2": [0.107646413147, 0.801824390888, 2.09256267548, 4.3946480751, 10.6227798462, 9.64940738678, 12.6920557022, 23.1563549042, 23.8687477112, 14.6651124954, 30.1775169373, 37.2890090942, 45.833656311, 30.3923511505, 28.2709064484, 24.6688461304, 34.0141296387, 25.5186691284, 24.50831604, 24.1033821106, 23.0045166016, 12.0749959946, 6.77875709534, 7.23223972321, 7.51264238358, 5.89062261581, 4.80623912811, 5.74188995361, 3.77349996567, 3.25809764862, 2.5199303627, 1.5579417944, 0.768933415413, 0.299325227737, 0.107973769307, 0.0341015160084, 0.00571996159852, 0.000245505187195, 1.08830290628e-05, 1.30422849907e-05],
        "dvar": [0.0348088406026, 2.06817650795, 12.4164571762, 20.8662872314, 110.677024841, 184.32649231, 274.814727783, 1159.07653809, 1723.4329834, 576.235473633, 4325.88232422, 2807.78051758, 5996.51806641, 1424.31091309, 1445.18359375, 878.90625, 2768.58349609, 1796.09851074, 692.324462891, 1228.11071777, 684.787963867, 165.642959595, 42.2203178406, 269.389862061, 149.530441284, 80.6486358643, 75.2352828979, 114.571395874, 45.0794258118, 82.3961715698, 46.5574989319, 23.6613712311, 5.18910837173, 0.323841184378, 0.0380081161857, 0.0023847790435, 0.000107156345621, 3.8391635826e-07, 2.56483917438e-10, 1.31884433929e-10],
        "dvar2": [0.0970439612865, 5.78503990173, 35.2861557007, 56.0010414124, 328.553466797, 414.654510498, 626.740600586, 2754.01245117, 4072.77001953, 1189.40698242, 9425.671875, 6002.203125, 14295.2402344, 3503.5, 3558.41967773, 1946.81298828, 6820.44433594, 3258.17236328, 1820.3112793, 3284.69482422, 1690.37890625, 418.234069824, 108.70426178, 639.13470459, 340.357025146, 179.65411377, 160.047515869, 271.859344482, 91.7761764526, 178.149978638, 93.4041442871, 44.2186927795, 8.87587451935, 0.572663187981, 0.0782890543342, 0.00457253446802, 0.000203004776267, 7.83431175932e-07, 4.73394434763e-10, 3.1288593938e-10],
        "max": [2.57414507866, 17.3030414581, 67.2527160645, 81.260559082, 162.474273682, 432.372558594, 458.924041748, 1218.70874023, 1074.17285156, 851.996704102, 3344.50366211, 1381.93347168, 1811.82727051, 1030.59399414, 1063.15966797, 996.07800293, 1705.92578125, 1198.78527832, 657.134277344, 1341.96044922, 1420.90490723, 536.959472656, 211.268569946, 819.391906738, 656.627380371, 266.859771729, 242.202255249, 280.229614258, 210.962646484, 430.097259521, 301.921386719, 169.588882446, 97.5246505737, 19.4890098572, 9.54198360443, 1.70346212387, 0.260338097811, 0.0390252806246, 0.000629546062555, 0.00019051770505],
        "mean": [0.0730364099145, 0.504645884037, 1.55750644207, 5.18656206131, 11.19140625, 13.7030706406, 18.6608104706, 33.1006736755, 31.9194126129, 20.3959064484, 35.9015045166, 52.0803718567, 63.0849723816, 37.9581794739, 34.5534820557, 30.1241130829, 39.4950752258, 33.1615142822, 28.8730545044, 31.2478351593, 28.0638694763, 17.1122741699, 9.59507751465, 9.02859592438, 9.9244852066, 8.36846637726, 6.7649936676, 6.31053876877, 4.71141290665, 3.89392876625, 2.95037174225, 1.82623553276, 0.966517627239, 0.38620454073, 0.133128985763, 0.0404696017504, 0.00610332423821, 0.000241001980612, 2.33103655773e-05, 3.2832242141e-05],
        "median": [0.0172439813614, 0.175008624792, 0.645285129547, 2.74995279312, 6.29605007172, 4.85126495361, 6.679874897, 13.9101648331, 11.3616952896, 8.08753395081, 9.0505065918, 14.9451675415, 15.7877197266, 15.3330163956, 14.9618778229, 13.7197465897, 14.7102622986, 12.7046909332, 16.9051265717, 12.2509012222, 15.8106994629, 10.6651687622, 6.58465003967, 5.77774143219, 5.96130800247, 4.01477813721, 3.30101037025, 2.46986627579, 2.10798692703, 1.42733883858, 0.922968924046, 0.56196475029, 0.339838266373, 0.167863816023, 0.0603878162801, 0.0203643999994, 0.00218021869659, 5.874899216e-05, 1.83718802873e-05, 2.93516004604e-05],
        "min": [5.23581560945e-23, 2.06007996173e-22, 1.11208839387e-21, 3.34577876841e-21, 4.1135720135e-21, 1.26661231582e-20, 2.76874896298e-20, 3.54788750717e-20, 9.8934891928e-20, 1.21316906501e-19, 1.64287116941e-19, 2.80619962983e-19, 4.47317716874e-19, 3.1856320297e-19, 4.54035250629e-19, 9.44092769368e-19, 1.02195290228e-18, 9.34707164547e-19, 1.67288986403e-18, 1.69868859336e-18, 3.07737843765e-18, 3.13694764267e-18, 2.81473783982e-18, 4.7509077123e-18, 5.8524997028e-18, 7.32989887074e-18, 7.51719985838e-18, 8.5750373032e-18, 9.10827101328e-18, 8.7763730643e-18, 8.33358162804e-18, 9.37392172136e-18, 8.48895757994e-18, 6.8651209738e-18, 5.31836064354e-18, 3.57888542854e-18, 2.06103402671e-18, 8.49119717145e-19, 2.35915245272e-19, 2.61178724122e-20],
        "var": [0.038380369544, 1.63916456699, 10.2384309769, 53.5388755798, 217.029052734, 880.650756836, 1149.94750977, 3914.93359375, 4205.64501953, 1611.27355957, 8497.13964844, 9369.56835938, 19776.4179688, 3826.72900391, 3847.18530273, 2597.80566406, 6578.93945312, 4818.11669922, 1569.52368164, 3459.63256836, 1730.87988281, 486.667724609, 116.802505493, 369.24130249, 257.864196777, 194.770751953, 154.916168213, 177.055511475, 90.3311080933, 142.818023682, 91.1318969727, 48.9622039795, 11.5765752792, 0.863542795181, 0.0710504502058, 0.00465429341421, 0.000203461619094, 7.73139845478e-07, 6.91093460237e-10, 6.10208217289e-10]
    },
    "gfcc": {
        "mean": [-116.040885925, 92.7949676514, -127.780197144, 28.0081043243, -65.6333694458, 14.6462430954, -38.9548301697, 2.89101743698, -21.0633792877, -1.72034096718, -13.662112236, -4.79438304901, -3.03872466087],
        "cov": [[123706.429688, 11155.8837891, -14560.0371094, 3537.92822266, -7883.75634766, 1814.48693848, -4684.50585938, 403.7109375, -2519.14941406, -157.096557617, -1735.17651367, -545.650634766, -420.185455322], [11155.8837891, 1956.28540039, -703.88482666, 598.74017334, -570.786682129, 41.8979492188, -412.619232178, -101.708320618, -177.802261353, -77.5187606812, -91.3404998779, -125.626068115, -43.4650726318], [-14560.0371094, -703.88482666, 3028.63354492, 156.309417725, 1014.49487305, -232.132110596, 507.640411377, -171.915588379, 332.883178711, 15.0097675323, 224.931381226, 66.7836456299, -14.0921735764], [3537.92822266, 598.74017334, 156.309417725, 635.49621582, -92.1276092529, 4.22128868103, -178.321228027, -106.913978577, -49.3748283386, -5.32527351379, -23.8000411987, 7.44484472275, -6.85552072525], [-7883.75634766, -570.786682129, 1014.49487305, -92.1276092529, 737.072143555, -92.1394119263, 319.478790283, -39.5845909119, 145.735427856, 32.150177002, 107.086578369, 57.5896224976, 36.0586204529], [1814.48693848, 41.8979492188, -232.132110596, 4.22128868103, -92.1394119263, 225.112091064, 25.5159988403, 66.1613845825, -38.1112823486, 16.824640274, -14.2654561996, -5.77963209152, -27.416135788], [-4684.50585938, -412.619232178, 507.640411377, -178.321228027, 319.478790283, 25.5159988403, 368.086120605, 48.895904541, 74.3197860718, 18.3995246887, 82.0983734131, 23.8034305573, -0.143878504634], [403.7109375, -101.708320618, -171.915588379, -106.913978577, -39.5845909119, 66.1613845825, 48.895904541, 125.255874634, 9.64060401917, 11.9892663956, -23.4072952271, -1.01916527748, -2.69506525993], [-2519.14941406, -177.802261353, 332.883178711, -49.3748283386, 145.735427856, -38.1112823486, 74.3197860718, 9.64060401917, 156.969299316, 14.1689157486, 38.025428772, -1.86851584911, 15.1819877625], [-157.096557617, -77.5187606812, 15.0097675323, -5.32527351379, 32.150177002, 16.824640274, 18.3995246887, 11.9892663956, 14.1689157486, 80.5965576172, 18.5836009979, 21.137462616, -15.4308166504], [-1735.17651367, -91.3404998779, 224.931381226, -23.8000411987, 107.086578369, -14.2654561996, 82.0983734131, -23.4072952271, 38.025428772, 18.5836009979, 109.163284302, 17.5805015564, 3.08526492119], [-545.650634766, -125.626068115, 66.7836456299, 7.44484472275, 57.5896224976, -5.77963209152, 23.8034305573, -1.01916527748, -1.86851584911, 21.137462616, 17.5805015564, 95.3055343628, 26.5579452515], [-420.185455322, -43.4650726318, -14.0921735764, -6.85552072525, 36.0586204529, -27.416135788, -0.143878504634, -2.69506525993, 15.1819877625, -15.4308166504, 3.08526492119, 26.5579452515, 75.4747772217]],
        "icov": [[0.000508532684762, -0.00133647432085, 0.0010038416367, -0.00125858257525, 0.00164489448071, -0.00139401154593, 0.00138239003718, -0.00144220655784, 0.00141110410914, -0.00121863477398, 0.00133849447593, -0.000998678151518, 0.000557172927074], [-0.00133647432085, 0.00461579859257, -0.00250565353781, 0.00236605200917, -0.00394074665383, 0.00372949405573, -0.0034635621123, 0.00395185872912, -0.00341387814842, 0.00371324154548, -0.00390210933983, 0.00372941140085, -0.00137013872154], [0.0010038416367, -0.00250565353781, 0.00298917503096, -0.00313556334004, 0.00252458872274, -0.00228999252431, 0.00195936392993, -0.00209210952744, 0.00157139019575, -0.00165209267288, 0.00235260580666, -0.00227596098557, 0.00236083311029], [-0.00125858257525, 0.00236605200917, -0.00313556334004, 0.00636149197817, -0.00411657290533, 0.00242907600477, -0.00220534950495, 0.00490254862234, -0.00308361439966, 0.00215139216743, -0.00256335060112, 0.00132534117438, -0.00193336699158], [0.00164489448071, -0.00394074665383, 0.00252458872274, -0.00411657290533, 0.00913159083575, -0.00405657710508, 0.00245788600296, -0.00347926351242, 0.00415965169668, -0.00506127625704, 0.00461085233837, -0.00332483975217, 0.000139701223816], [-0.00139401154593, 0.00372949405573, -0.00228999252431, 0.00242907600477, -0.00405657710508, 0.0103462561965, -0.00535363750532, 0.00102684833109, -0.00303218420595, 0.00278288591653, -0.00408402411267, 0.00277769868262, 0.000271271535894], [0.00138239003718, -0.0034635621123, 0.00195936392993, -0.00220534950495, 0.00245788600296, -0.00535363750532, 0.0109731210396, -0.00712582049891, 0.00491190794855, -0.0024767278228, 0.000724313780665, -0.00248610135168, 0.0018652578583], [-0.00144220655784, 0.00395185872912, -0.00209210952744, 0.00490254862234, -0.00347926351242, 0.00102684833109, -0.00712582049891, 0.0187320895493, -0.00708288140595, 0.00192785449326, 0.000548458541743, 0.00205094274133, -0.00193324219435], [0.00141110410914, -0.00341387814842, 0.00157139019575, -0.00308361439966, 0.00415965169668, -0.00303218420595, 0.00491190794855, -0.00708288140595, 0.0145848719403, -0.00552924862131, 0.00182318175212, 0.000367696920875, -0.00169721816201], [-0.00121863477398, 0.00371324154548, -0.00165209267288, 0.00215139216743, -0.00506127625704, 0.00278288591653, -0.0024767278228, 0.00192785449326, -0.00552924862131, 0.0195309743285, -0.00601589726284, -0.00187961687334, 0.00474664894864], [0.00133849447593, -0.00390210933983, 0.00235260580666, -0.00256335060112, 0.00461085233837, -0.00408402411267, 0.000724313780665, 0.000548458541743, 0.00182318175212, -0.00601589726284, 0.0173235423863, -0.0042210938409, 0.000926005246583], [-0.000998678151518, 0.00372941140085, -0.00227596098557, 0.00132534117438, -0.00332483975217, 0.00277769868262, -0.00248610135168, 0.00205094274133, 0.000367696920875, -0.00187961687334, -0.0042210938409, 0.0172711014748, -0.00741378450766], [0.000557172927074, -0.00137013872154, 0.00236083311029, -0.00193336699158, 0.000139701223816, 0.000271271535894, 0.0018652578583, -0.00193324219435, -0.00169721816201, 0.00474664894864, 0.000926005246583, -0.00741378450766, 0.0196765791625]]
    },
    "melbands": {
        "dmean": [0.00054375664331, 0.000593033793848, 0.00059312954545, 0.000423909310484, 0.000287343049422, 0.000329833215801, 0.000223678769544, 0.000119518525025, 0.000161598669365, 0.000171302890521, 0.000152366861585, 8.37147163111e-05, 6.27353001619e-05, 5.65606387681e-05, 4.46305057267e-05, 4.09075837524e-05, 3.19804930768e-05, 2.80999047391e-05, 1.77662132046e-05, 1.94568001461e-05, 1.76404082595e-05, 8.22457059257e-06, 6.60595560475e-06, 3.60013609679e-06, 3.88887974623e-06, 4.25258167525e-06, 2.92773302135e-06, 2.59926719082e-06, 2.30181944971e-06, 1.64221364685e-06, 2.41764269049e-06, 1.54396786911e-06, 1.13306487037e-06, 1.39322537507e-06, 1.1481022284e-06, 7.76099398081e-07, 6.34021716905e-07, 4.17056014612e-07, 2.69764598215e-07, 1.53236854317e-07],
        "dmean2": [0.000952888338361, 0.00103506038431, 0.000990685424767, 0.000694398069754, 0.000441345211584, 0.000499834073707, 0.000339014775818, 0.000180030998308, 0.000246322248131, 0.000257300998783, 0.000233811006183, 0.000132577915792, 9.98320174403e-05, 9.10342860152e-05, 7.07665603841e-05, 6.47131600999e-05, 4.85946875415e-05, 4.63793403469e-05, 2.9703391192e-05, 3.20825674862e-05, 2.93230696116e-05, 1.36392791319e-05, 1.10784139906e-05, 6.1153768911e-06, 6.37880339127e-06, 6.85784834786e-06, 4.71549810754e-06, 4.16903594669e-06, 3.71836426893e-06, 2.49588197221e-06, 3.89177739635e-06, 2.44995385401e-06, 1.74311287537e-06, 2.12798499888e-06, 1.72292038769e-06, 1.16433568564e-06, 9.45929116369e-07, 6.22614209078e-07, 4.03799504056e-07, 2.30017803915e-07],
        "dvar": [2.63615720542e-06, 3.19619971378e-06, 9.41299902024e-07, 5.36763252512e-07, 3.40840898616e-07, 5.00439398365e-07, 3.29327718873e-07, 8.76950352335e-08, 2.5912510182e-07, 1.39220873052e-07, 1.49920836634e-07, 2.96061077876e-08, 2.07580352907e-08, 1.28431283386e-08, 1.07651985104e-08, 8.19963119625e-09, 6.01618177498e-09, 2.70549538328e-09, 1.19187559822e-09, 2.70176125916e-09, 1.05255759664e-09, 2.4146501465e-10, 1.36435432396e-10, 5.61470869798e-11, 2.35571034901e-10, 1.95608279574e-10, 3.61554501616e-11, 4.63388251382e-11, 4.40970628068e-11, 2.1391955915e-11, 5.39095885987e-11, 1.58742272799e-11, 1.89262286399e-11, 3.37894053015e-11, 1.96502605854e-11, 1.11271157219e-11, 9.61705888536e-12, 3.93289741052e-12, 6.84599133025e-13, 1.57475473091e-13],
        "dvar2": [7.44556382415e-06, 8.86090037966e-06, 2.64769550995e-06, 1.40608358379e-06, 7.700859328e-07, 1.18881678191e-06, 7.69760447383e-07, 1.75331834384e-07, 5.51127470771e-07, 3.14423033387e-07, 3.60201681815e-07, 7.23860509311e-08, 5.08995476878e-08, 2.94491560027e-08, 2.58033896472e-08, 1.89077500323e-08, 1.10599129854e-08, 6.98646918096e-09, 3.24493254489e-09, 7.21493575995e-09, 2.64026955854e-09, 6.11738937284e-10, 3.741937038e-10, 1.4520940006e-10, 5.6376381341e-10, 4.59742910408e-10, 8.38233996103e-11, 1.04392293421e-10, 1.00662582436e-10, 4.5815812949e-11, 1.32840141664e-10, 3.43310761763e-11, 3.97967492294e-11, 7.68155747344e-11, 4.17128102892e-11, 2.20168154541e-11, 1.84469176046e-11, 7.0715304272e-12, 1.31211968374e-12, 3.05457211174e-13],
        "max": [0.0213404539973, 0.0292572937906, 0.0172702409327, 0.0155016612262, 0.0179133228958, 0.024402955547, 0.0138428034261, 0.00930456724018, 0.0255858432502, 0.0107941357419, 0.00875225290656, 0.00509936129674, 0.00374570908025, 0.00313160498627, 0.00356993847527, 0.00265776109882, 0.00202867900953, 0.00125404074788, 0.00133793312125, 0.00242390390486, 0.00143137876876, 0.000607786583714, 0.000251106772339, 0.000233434242546, 0.000801715767011, 0.000891553296242, 0.000153069777298, 0.000222227361519, 0.000210104393773, 0.000187444034964, 0.000149360697833, 0.000125376012875, 0.000173038526555, 0.000278187042568, 0.000174606844666, 0.000131602122565, 9.7682721389e-05, 8.07956603239e-05, 3.29754911945e-05, 1.50960313476e-05],
        "mean": [0.000658221193589, 0.000757321948186, 0.00112924526911, 0.000898388912901, 0.000668391527142, 0.000726658676285, 0.000455691857496, 0.000239756162046, 0.000290455354843, 0.000357362441719, 0.000314345292281, 0.000154839697643, 0.000114634960482, 9.81227422017e-05, 7.9491721408e-05, 7.75283333496e-05, 5.8567195083e-05, 4.89751037094e-05, 3.61175298167e-05, 3.89396082028e-05, 3.22426603816e-05, 1.74772794708e-05, 1.27079765662e-05, 7.10134600013e-06, 7.15903570381e-06, 7.99076042313e-06, 6.19241882305e-06, 5.35924709766e-06, 4.70417489851e-06, 3.0946082461e-06, 3.80776964448e-06, 2.82907808469e-06, 2.0425409275e-06, 2.29739498536e-06, 1.86277395642e-06, 1.28907618091e-06, 1.04209834717e-06, 7.22414483789e-07, 4.76138552585e-07, 2.71501079396e-07],
        "median": [0.000200756097911, 0.000316468183883, 0.000647772685625, 0.000449561048299, 0.000238306063693, 0.000308876449708, 0.000164836194017, 7.69112084527e-05, 7.3671748396e-05, 9.46447398746e-05, 7.0951449743e-05, 6.07580877841e-05, 4.19209391112e-05, 3.71349633497e-05, 2.89651361527e-05, 2.81672764686e-05, 2.01798957278e-05, 2.39881192101e-05, 1.66799436556e-05, 1.44118630487e-05, 1.73953012563e-05, 9.04089210962e-06, 7.15799160389e-06, 4.31666649092e-06, 4.19016669184e-06, 4.39032692157e-06, 3.30090620082e-06, 2.26919610213e-06, 2.02305682251e-06, 1.45790340866e-06, 1.35219465847e-06, 1.24092912301e-06, 8.38547634885e-07, 7.26102598492e-07, 5.33223669663e-07, 3.84214274618e-07, 2.9342174912e-07, 2.35491000922e-07, 1.81314717906e-07, 1.14053221978e-07],
        "min": [7.99482128449e-25, 5.91492985027e-25, 8.58905935755e-25, 6.06461522096e-25, 9.4870512804e-25, 1.01741658921e-24, 1.35875473075e-24, 9.93951132728e-25, 1.09586920067e-24, 1.40233998602e-24, 1.80559276317e-24, 1.24810831132e-24, 1.31326191121e-24, 1.88492416567e-24, 2.31274019787e-24, 2.10147792264e-24, 1.39104852684e-24, 2.47072103262e-24, 1.96168250112e-24, 2.67373911975e-24, 2.83836334661e-24, 2.40629929844e-24, 3.29493552817e-24, 1.74558805841e-24, 2.93789136323e-24, 2.76832393671e-24, 3.54804904379e-24, 3.91666402328e-24, 3.68100602734e-24, 3.46767358388e-24, 4.36226946053e-24, 4.74226336415e-24, 4.14409617213e-24, 4.54609456183e-24, 4.12097742001e-24, 4.57692087942e-24, 5.37452196905e-24, 5.26029806541e-24, 4.75282108407e-24, 4.76389984662e-24],
        "var": [2.73423938779e-06, 2.64477284873e-06, 2.29266129281e-06, 1.99198962036e-06, 1.50716471126e-06, 1.76672529051e-06, 8.11585891825e-07, 2.55794958548e-07, 5.18860815646e-07, 4.88065609261e-07, 4.98053168485e-07, 7.20927744169e-08, 5.00079515575e-08, 3.39837171737e-08, 2.46082301203e-08, 2.33041852482e-08, 1.56628132686e-08, 5.8151830018e-09, 3.27095439623e-09, 6.12252382126e-09, 2.400649457e-09, 6.88903822876e-10, 3.09947539856e-10, 9.88839010674e-11, 3.07302405744e-10, 2.5745972021e-10, 8.73043304317e-11, 1.04918074229e-10, 8.39740499359e-11, 3.94107142754e-11, 7.39634811731e-11, 2.99060810838e-11, 3.28118157644e-11, 5.46939230017e-11, 3.57700813414e-11, 2.12759792423e-11, 1.88995069594e-11, 7.90274443108e-12, 1.65469927257e-12, 3.90376506077e-13]
    },
    "mfcc": {
        "mean": [-680.449401855, 109.808105469, -9.31906700134, 10.6726846695, -5.70768976212, 3.94173312187, -6.49267196655, -0.693809092045, -2.6241004467, -0.808012664318, -5.45840740204, -3.52120518684, -2.45358109474],
        "cov": [[26700.8378906, 5776.71337891, -182.060089111, 604.650817871, -311.292175293, 210.303543091, -394.206054688, -8.86365604401, -72.1663742065, -10.4110002518, -306.925994873, -174.791488647, -118.682533264], [5776.71337891, 2150.35522461, 247.184524536, 384.942077637, 43.1408004761, 92.8706512451, -61.1659545898, -24.3038978577, -65.1556549072, -14.8311395645, -41.8721084595, -38.3580322266, -51.1339492798], [-182.060089111, 247.184524536, 1107.73120117, 473.581329346, 205.79826355, 147.742218018, -40.6109657288, -8.49618530273, -72.1907272339, -17.2042427063, 7.89247608185, 38.2400398254, 17.8507194519], [604.650817871, 384.942077637, 473.581329346, 608.383544922, 209.670516968, 137.643035889, -40.2465553284, -46.1813430786, -54.3009223938, -45.1774177551, -75.1047668457, 13.3922309875, 38.6657943726], [-311.292175293, 43.1408004761, 205.79826355, 209.670516968, 242.843963623, 77.8059082031, -35.2020072937, -22.7354984283, -9.56447029114, -12.9645261765, -21.9760341644, 10.8595485687, 7.76945018768], [210.303543091, 92.8706512451, 147.742218018, 137.643035889, 77.8059082031, 165.460769653, 58.9321632385, 21.7387828827, -13.6040372849, 1.7253125906, 6.47413444519, 26.4360485077, 17.2012615204], [-394.206054688, -61.1659545898, -40.6109657288, -40.2465553284, -35.2020072937, 58.9321632385, 203.487548828, 62.1037101746, 0.708911895752, 21.5449733734, 39.6571998596, 17.0912647247, -9.41127300262], [-8.86365604401, -24.3038978577, -8.49618530273, -46.1813430786, -22.7354984283, 21.7387828827, 62.1037101746, 103.790710449, 40.6942329407, 13.9820098877, 19.7498016357, 0.931652009487, 0.891490876675], [-72.1663742065, -65.1556549072, -72.1907272339, -54.3009223938, -9.56447029114, -13.6040372849, 0.708911895752, 40.6942329407, 99.7681884766, 32.0898895264, 1.85600543022, -16.9742488861, 3.13209939003], [-10.4110002518, -14.8311395645, -17.2042427063, -45.1774177551, -12.9645261765, 1.7253125906, 21.5449733734, 13.9820098877, 32.0898895264, 97.7888336182, 36.2840118408, 0.84059637785, -18.1841087341], [-306.925994873, -41.8721084595, 7.89247608185, -75.1047668457, -21.9760341644, 6.47413444519, 39.6571998596, 19.7498016357, 1.85600543022, 36.2840118408, 102.593582153, 31.5889225006, -9.63105583191], [-174.791488647, -38.3580322266, 38.2400398254, 13.3922309875, 10.8595485687, 26.4360485077, 17.0912647247, 0.931652009487, -16.9742488861, 0.84059637785, 31.5889225006, 72.2443161011, 23.0590438843], [-118.682533264, -51.1339492798, 17.8507194519, 38.6657943726, 7.76945018768, 17.2012615204, -9.41127300262, 0.891490876675, 3.13209939003, -18.1841087341, -9.63105583191, 23.0590438843, 75.6141357422]],
