{
"lowlevel": {
    "average_loudness": 0.819074213505,
    "barkbands_crest": {
        "dmean": 2.28159427643,
        "dmean2": 3.72379302979,
        "dvar": 4.89354705811,
        "dvar2": 12.3137865067,
        "max": 26.0045623779,
        "mean": 9.13364219666,
        "median": 7.91216945648,
        "min": 2.56599235535,
        "var": 16.4469509125
    },
    "barkbands_flatness_db": {
        "dmean": 0.0156292524189,
        "dmean2": 0.0245850291103,
        "dvar": 0.000198777488549,
        "dvar2": 0.000461885269033,
        "max": 0.375187128782,
        "mean": 0.138018593192,
        "median": 0.133722752333,
        "min": 0.0390813089907,
        "var": 0.00203683436848
    },
    "barkbands_kurtosis": {
        "dmean": 1.28164041042,
        "dmean2": 2.05247092247,
        "dvar": 7.44019126892,
        "dvar2": 13.7592496872,
        "max": 231.265426636,
        "mean": 2.19697093964,
        "median": 1.28603315353,
        "min": -1.66456186771,
        "var": 36.0454864502
    },
    "barkbands_skewness": {
        "dmean": 0.316652804613,
        "dmean2": 0.504312753677,
        "dvar": 0.10743650049,
        "dvar2": 0.244862034917,
        "max": 13.9793100357,
        "mean": 0.595433712006,
        "median": 0.659224033356,
        "min": -2.33644342422,
        "var": 1.29304647446
    },
    "barkbands_spread": {
        "dmean": 3.29471302032,
        "dmean2": 5.26280069351,
        "dvar": 10.8159942627,
        "dvar2": 24.8346748352,
        "max": 77.7367630005,
        "mean": 16.771774292,
        "median": 15.6969251633,
        "min": 0.855321466923,
        "var": 57.394115448
    },
    "dissonance": {
        "dmean": 0.0208219476044,
        "dmean2": 0.0353069119155,
        "dvar": 0.000411563145462,
        "dvar2": 0.0011463976698,
        "max": 0.499999314547,
        "mean": 0.460406452417,
        "median": 0.467484503984,
        "min": 0.302442401648,
        "var": 0.000982841011137
    },
    "dynamic_complexity": 3.59754633904,
    "erbbands_crest": {
        "dmean": 2.64609098434,
        "dmean2": 4.30708265305,
        "dvar": 7.10634851456,
        "dvar2": 18.3242149353,
        "max": 30.9889183044,
        "mean": 9.82727718353,
        "median": 8.79193973541,
        "min": 2.55515956879,
        "var": 24.8409557343
    },
    "erbbands_flatness_db": {
        "dmean": 0.0146129736677,
        "dmean2": 0.0222724583,
        "dvar": 0.000190757738892,
        "dvar2": 0.000416303460952,
        "max": 0.388689577579,
        "mean": 0.192679211497,
        "median": 0.195191547275,
        "min": 0.0801895484328,
        "var": 0.00255145248957
    },
    "erbbands_kurtosis": {
        "dmean": 0.87385725975,
        "dmean2": 1.42105662823,
        "dvar": 1.36882328987,
        "dvar2": 3.35848927498,
        "max": 32.1536903381,
        "mean": 0.847980082035,
        "median": 0.310122132301,
        "min": -1.6855199337,
        "var": 4.24693346024
    },
    "erbbands_skewness": {
        "dmean": 0.322420477867,
        "dmean2": 0.520136773586,
        "dvar": 0.0907201990485,
        "dvar2": 0.228210315108,
        "max": 5.51547956467,
        "mean": 0.499549299479,
        "median": 0.494686901569,
        "min": -1.96228992939,
        "var": 0.498156875372
    },
    "erbbands_spread": {
        "dmean": 4.38842201233,
        "dmean2": 6.92129945755,
        "dvar": 20.0241241455,
        "dvar2": 46.2889328003,
        "max": 123.466995239,
        "mean": 25.2880840302,
        "median": 23.9194946289,
        "min": 3.39396595955,
        "var": 119.280532837
    },
    "hfc": {
        "dmean": 5.29034376144,
        "dmean2": 8.09090423584,
        "dvar": 45.8987579346,
        "dvar2": 109.686752319,
        "max": 109.225387573,
        "mean": 22.7468833923,
        "median": 21.8739509583,
        "min": 1.0190734783e-16,
        "var": 322.286682129
    },
    "melbands_crest": {
        "dmean": 2.59684944153,
        "dmean2": 4.23251962662,
        "dvar": 6.63901042938,
        "dvar2": 16.6504611969,
        "max": 34.1188201904,
        "mean": 10.1483001709,
        "median": 9.49063396454,
        "min": 1.50709950924,
        "var": 24.8423423767
    },
    "melbands_flatness_db": {
        "dmean": 0.0153639409691,
        "dmean2": 0.0237288158387,
        "dvar": 0.000235867046285,
        "dvar2": 0.000521091744304,
        "max": 0.442008376122,
        "mean": 0.160565942526,
        "median": 0.160978496075,
        "min": 0.00240977387875,
        "var": 0.00499329296872
    },
    "melbands_kurtosis": {
        "dmean": 1.95280003548,
        "dmean2": 3.07843899727,
        "dvar": 27.9953689575,
        "dvar2": 49.0493812561,
        "max": 335.628356934,
        "mean": 3.86215949059,
        "median": 2.0390355587,
        "min": -1.4284465313,
        "var": 133.795578003
    },
    "melbands_skewness": {
        "dmean": 0.368827909231,
        "dmean2": 0.580787241459,
        "dvar": 0.15596857667,
        "dvar2": 0.346921175718,
        "max": 14.4133176804,
        "mean": 1.10469543934,
        "median": 0.936262607574,
        "min": -1.15376353264,
        "var": 1.13482618332
    },
    "melbands_spread": {
        "dmean": 5.62200450897,
        "dmean2": 9.15295314789,
        "dvar": 40.7686882019,
        "dvar2": 101.947731018,
        "max": 166.910247803,
        "mean": 33.8700866699,
        "median": 22.9176540375,
        "min": 0.761025190353,
        "var": 1181.42333984
    },
    "pitch_salience": {
        "dmean": 0.0557292290032,
        "dmean2": 0.0913050547242,
        "dvar": 0.00276600755751,
        "dvar2": 0.00698081683367,
        "max": 0.923847913742,
        "mean": 0.610063433647,
        "median": 0.607334852219,
        "min": 0.0853824988008,
        "var": 0.01338402275
    },
    "silence_rate_20dB": {
        "dmean": 0,
        "dmean2": 0,
        "dvar": 0,
        "dvar2": 0,
        "max": 1,
        "mean": 1,
        "median": 1,
        "min": 1,
        "var": 0
    },
    "silence_rate_30dB": {
        "dmean": 0.000839190208353,
        "dmean2": 0.00167855643667,
        "dvar": 0.000838383391965,
        "dvar2": 0.00188514858019,
        "max": 1,
        "mean": 0.998846232891,
        "median": 1,
        "min": 0,
        "var": 0.00115228141658
    },
    "silence_rate_60dB": {
        "dmean": 0.0102800801396,
        "dmean2": 0.0205623172224,
        "dvar": 0.0101754199713,
        "dvar2": 0.0245494060218,
        "max": 1,
        "mean": 0.169183969498,
        "median": 0,
        "min": 0,
        "var": 0.14056456089
    },
    "spectral_centroid": {
        "dmean": 189.325775146,
        "dmean2": 304.800415039,
        "dvar": 46961.3671875,
        "dvar2": 109155.9375,
        "max": 12203.4404297,
        "mean": 2299.1394043,
        "median": 1398.30517578,
        "min": 253.265914917,
        "var": 8603263
    },
    "spectral_complexity": {
        "dmean": 2.43218302727,
        "dmean2": 3.8944606781,
        "dvar": 6.05505561829,
        "dvar2": 14.7519178391,
        "max": 53,
        "mean": 19.1472625732,
        "median": 21,
        "min": 0,
        "var": 109.252861023
    },
    "spectral_decrease": {
        "dmean": 1.51387580249e-09,
        "dmean2": 2.36607222703e-09,
        "dvar": 3.59260091027e-18,
        "dvar2": 8.59233282263e-18,
        "max": 3.24388015726e-28,
        "mean": -5.9256151097e-09,
        "median": -6.0171689853e-09,
        "min": -3.03658680423e-08,
        "var": 1.92139696441e-17
    },
    "spectral_energy": {
        "dmean": 0.00614097667858,
        "dmean2": 0.00958450976759,
        "dvar": 5.87908798479e-05,
        "dvar2": 0.00014061620459,
        "max": 0.123065501451,
        "mean": 0.0244278591126,
        "median": 0.0249181613326,
        "min": 9.82043121169e-21,
        "var": 0.000324281048961
    },
    "spectral_energyband_high": {
        "dmean": 0.000135742651764,
        "dmean2": 0.000208524186746,
        "dvar": 1.51668288595e-07,
        "dvar2": 3.22570116396e-07,
        "max": 0.0161763094366,
        "mean": 0.000405611848691,
        "median": 0.000259758031461,
        "min": 6.7074185635e-21,
        "var": 3.70792179183e-07
    },
    "spectral_energyband_low": {
        "dmean": 0.000856200756971,
        "dmean2": 0.00141867366619,
        "dvar": 3.9666806515e-06,
        "dvar2": 1.06157658593e-05,
        "max": 0.039867144078,
        "mean": 0.00188060535584,
        "median": 0.00116261455696,
        "min": 1.08215071231e-23,
        "var": 6.77301795804e-06
    },
    "spectral_energyband_middle_high": {
        "dmean": 0.00324227963574,
        "dmean2": 0.00509691378102,
        "dvar": 2.79162668448e-05,
        "dvar2": 6.9533358328e-05,
        "max": 0.0953689590096,
        "mean": 0.0101361088455,
        "median": 0.0062707029283,
        "min": 8.87016305437e-22,
        "var": 0.000122893980006
    },
    "spectral_energyband_middle_low": {
        "dmean": 0.00421329587698,
        "dmean2": 0.00654017040506,
        "dvar": 3.52704628312e-05,
        "dvar2": 8.42061563162e-05,
        "max": 0.117151252925,
        "mean": 0.0126460585743,
        "median": 0.0102038476616,
        "min": 1.1303716653e-22,
        "var": 0.000145545840496
    },
    "spectral_entropy": {
        "dmean": 0.104355081916,
        "dmean2": 0.15718151629,
        "dvar": 0.0120705617592,
        "dvar2": 0.0244660768658,
        "max": 9.8326177597,
        "mean": 7.63796186447,
        "median": 7.53657150269,
        "min": 5.46825456619,
        "var": 0.653269410133
    },
    "spectral_flux": {
        "dmean": 0.0167115498334,
        "dmean2": 0.0273461509496,
        "dvar": 0.000357194861863,
        "dvar2": 0.000887444650289,
        "max": 0.260379701853,
        "mean": 0.0711708664894,
        "median": 0.0742723420262,
        "min": 6.26149895822e-11,
        "var": 0.00182478432544
    },
    "spectral_kurtosis": {
        "dmean": 1.73066174984,
        "dmean2": 3.02035832405,
        "dvar": 4.27552604675,
        "dvar2": 13.1721153259,
        "max": 45.1069946289,
        "mean": 4.95675611496,
        "median": 4.62935256958,
        "min": -1.28969156742,
        "var": 13.428445816
    },
    "spectral_rms": {
        "dmean": 0.000556685321499,
        "dmean2": 0.000857606239151,
        "dvar": 3.85679442161e-07,
        "dvar2": 8.73573242188e-07,
        "max": 0.0109573677182,
        "mean": 0.00432282360271,
        "median": 0.00493055768311,
        "min": 3.0953041779e-12,
        "var": 5.145171599e-06
    },
    "spectral_rolloff": {
        "dmean": 291.115661621,
        "dmean2": 492.842315674,
        "dvar": 198955.359375,
        "dvar2": 420191.875,
        "max": 19918.2128906,
        "mean": 3169.85620117,
        "median": 1485.79101562,
        "min": 193.798828125,
        "var": 27466154
    },
    "spectral_skewness": {
        "dmean": 0.196936160326,
        "dmean2": 0.333786666393,
        "dvar": 0.0396570935845,
        "dvar2": 0.112467594445,
        "max": 4.65343856812,
        "mean": 1.50490069389,
        "median": 1.57826304436,
        "min": -0.149167388678,
        "var": 0.383287787437
    },
    "spectral_spread": {
        "dmean": 360472.53125,
        "dmean2": 572335.1875,
        "dvar": 407153213440,
        "dvar2": 934538313728,
        "max": 43723556,
        "mean": 7158540.5,
        "median": 3427188,
        "min": 1309756.875,
        "var": 1.24617519792e+14
    },
    "spectral_strongpeak": {
        "dmean": 0.742827415466,
        "dmean2": 1.21518027782,
        "dvar": 0.860807597637,
        "dvar2": 2.16900014877,
        "max": 10.3693151474,
        "mean": 1.81275749207,
        "median": 1.34791433811,
        "min": 0,
        "var": 2.89358305931
    },
    "zerocrossingrate": {
        "dmean": 0.00619799131528,
        "dmean2": 0.00840328354388,
        "dvar": 9.19294107007e-05,
        "dvar2": 0.00014106753224,
        "max": 0.7265625,
        "mean": 0.10074301064,
        "median": 0.0576171875,
        "min": 0.00634765625,
        "var": 0.0181980039924
    },
    "barkbands": {
        "dmean": [3.22831765516e-05, 0.000427555205533, 0.000449762184871, 0.000356019329047, 0.00101802172139, 0.000996369170025, 0.000871506868862, 0.001097961911, 0.00174790201709, 0.00169803889003, 0.00107015378308, 0.000832885678392, 0.000569676805753, 0.000656761811115, 0.000360348349204, 0.000235435858485, 0.000179611364729, 0.000141733878991, 0.000156877867994, 0.000121286393551, 4.9734586355e-05, 3.10515861202e-05, 2.2940834242e-05, 1.38839850479e-05, 7.27507176634e-06, 2.39124233303e-06, 1.21011760612e-08],
        "dmean2": [4.77127141494e-05, 0.000723327568267, 0.000758118578233, 0.000589678937104, 0.00163753458764, 0.00154715648387, 0.00136296602432, 0.00178562675137, 0.00267666135915, 0.00269430712797, 0.00173276755959, 0.00136884360109, 0.000928771449253, 0.00107037567068, 0.000593188160565, 0.00039526479668, 0.000302722532069, 0.00023370468989, 0.0002538964618, 0.000194134074263, 8.09860284789e-05, 4.96882239531e-05, 3.50753944076e-05, 2.07025150303e-05, 1.12628631541e-05, 3.65854111806e-06, 2.119538145e-08],
        "dvar": [7.21700255113e-09, 1.05836511466e-06, 1.34449533107e-06, 4.09731654827e-07, 2.91932769869e-06, 4.59674811282e-06, 6.70306280881e-06, 8.96104756976e-06, 1.2207355212e-05, 1.91844828805e-05, 6.95094695402e-06, 3.17943749906e-06, 1.51271785853e-06, 1.93522873815e-06, 6.66519554215e-07, 1.81652936249e-07, 1.38148834594e-07, 5.76676235653e-08, 6.35520294168e-08, 4.8463206781e-08, 1.73481780052e-08, 1.76158891918e-08, 3.84517839791e-09, 1.73909087131e-09, 2.28924634804e-09, 5.01332309e-11, 2.13194635286e-15],
        "dvar2": [1.36243452076e-08, 2.89568765766e-06, 3.62343189408e-06, 1.13762200726e-06, 6.86794919602e-06, 1.01941004687e-05, 1.56041096488e-05, 2.34947965509e-05, 2.725001832e-05, 4.74704575026e-05, 1.80095230462e-05, 8.38234245748e-06, 3.91815501644e-06, 5.12297492605e-06, 1.72985096469e-06, 4.79038476442e-07, 3.89279904311e-07, 1.53665141056e-07, 1.63692746469e-07, 1.14173737131e-07, 3.8026062299e-08, 4.22930241939e-08, 8.06385624941e-09, 3.20705351164e-09, 5.7077262916e-09, 1.09557578287e-10, 5.98997136343e-15],
        "max": [0.00178555678576, 0.0212003178895, 0.0331171676517, 0.0113944597542, 0.0538409464061, 0.0594792962074, 0.088472828269, 0.0641948133707, 0.111803889275, 0.0895019769669, 0.0553002469242, 0.037089433521, 0.0259512569755, 0.0244512856007, 0.0241894479841, 0.00926536414772, 0.0070602898486, 0.0035586450249, 0.00514177745208, 0.0064917053096, 0.00549066672102, 0.00727895367891, 0.00268938275985, 0.00293982727453, 0.00405630003661, 0.000357271346729, 1.56653220529e-06],
        "mean": [4.55714543932e-05, 0.000827272888273, 0.000737135007512, 0.000731418898795, 0.00223222048953, 0.00199595862068, 0.00156800448895, 0.0017172525404, 0.00366669427603, 0.00286701647565, 0.00181963876821, 0.00141625187825, 0.000985448947176, 0.00115359714255, 0.00066532753408, 0.000435360678239, 0.000331011426169, 0.000295725127216, 0.000362284568837, 0.000287415576167, 0.000110509550723, 6.67708955007e-05, 5.51066150365e-05, 3.51027083525e-05, 1.49760562635e-05, 4.76395052829e-06, 1.08476401195e-08],
        "median": [7.89301157056e-06, 0.000491337210406, 0.000263668509433, 0.000358000106644, 0.00137946940958, 0.000885278452188, 0.000510763376951, 0.000442810181994, 0.000951835361775, 0.000526416231878, 0.000332697702106, 0.000387463107472, 0.000343771680491, 0.000422151293606, 0.000243515416514, 0.000210632308153, 0.000131707405671, 0.000160672090715, 0.000223641167395, 0.000169575039763, 5.00817732245e-05, 2.29084762395e-05, 2.91614487651e-05, 2.20499478019e-05, 6.07186439083e-06, 1.8107411961e-06, 1.81255632725e-09],
        "min": [3.38532939832e-26, 4.90870029477e-25, 1.84882027002e-25, 5.76570399106e-25, 3.1970840382e-24, 3.77071647277e-24, 5.63925185592e-24, 3.94916469814e-24, 8.27560843509e-24, 7.83820794011e-24, 1.05034462947e-23, 1.62828732115e-23, 1.69754883531e-23, 2.34532512308e-23, 2.690667917e-23, 3.33317524501e-23, 3.26164007594e-23, 6.0871183263e-23, 8.89619899834e-23, 1.36178243413e-22, 1.82957291195e-22, 2.88214181364e-22, 3.58526502428e-22, 5.06450215765e-22, 7.29830935933e-22, 1.16560108261e-21, 1.76096129927e-21],
        "var": [1.53658614721e-08, 1.43947784181e-06, 2.25319899982e-06, 1.10754331217e-06, 8.91513263923e-06, 1.28966357806e-05, 1.75513287104e-05, 1.76313533302e-05, 5.51922239538e-05, 4.42314958491e-05, 1.50818805196e-05, 6.8129184001e-06, 3.08634525936e-06, 4.35678657595e-06, 1.65056144397e-06, 4.0851432459e-07, 2.80697861399e-07, 1.5044666668e-07, 1.92946686184e-07, 1.38704052688e-07, 3.67554697789e-08, 2.56886210082e-08, 9.25930621065e-09, 4.77504391583e-09, 4.71593430973e-09, 1.16114673432e-10, 1.54550690347e-15]
    },
    "erbbands": {
        "dmean": [0.0107056144625, 0.111445814371, 0.464838922024, 0.789557874203, 1.95312213898, 4.23046875, 6.13688564301, 9.15166568756, 10.4032402039, 17.8295898438, 25.1614761353, 34.9139785767, 54.6666412354, 43.577495575, 38.5918426514, 27.8046455383, 23.762134552, 27.0424671173, 24.4641456604, 16.1487178802, 12.2248878479, 10.2441701889, 7.73516654968, 7.95317983627, 6.45438146591, 5.00888586044, 2.64634156227, 1.6686218977, 1.23554956913, 0.808903098106, 0.61275434494, 0.376127123833, 0.203828260303, 0.105784669518, 0.0418760515749, 0.0156532954425, 0.00391320278868, 0.000202100578463, 6.62660249873e-06, 7.29725252313e-06],
        "dmean2": [0.017369357869, 0.18956592679, 0.782447993755, 1.32285022736, 3.2750992775, 6.70862531662, 9.56889247894, 14.1810512543, 16.3259792328, 28.2283229828, 40.5211639404, 54.0398254395, 85.1518783569, 69.2674560547, 62.3984489441, 45.7416152954, 38.6757545471, 44.0357170105, 40.4372558594, 26.4556064606, 20.5272312164, 17.1990604401, 12.6840410233, 13.0212154388, 10.2902059555, 8.01907253265, 4.30005693436, 2.67897725105, 1.98213255405, 1.28451633453, 0.931307137012, 0.570118308067, 0.312607526779, 0.163575798273, 0.0636072903872, 0.0242159366608, 0.00597123149782, 0.000306645699311, 9.91025081021e-06, 1.13431260615e-05],
        "dvar": [0.000726196216419, 0.0768682807684, 1.46246922016, 2.19883084297, 12.2862329483, 58.7261619568, 187.646881104, 451.745727539, 1057.50732422, 2558.96142578, 4137.09570312, 5489.87597656, 14212.3701172, 12299.6728516, 8343.34472656, 3407.60400391, 2427.75463867, 3671.47509766, 3299.23193359, 1229.77026367, 517.362670898, 499.987823486, 187.847640991, 166.867858887, 97.9267272949, 98.805480957, 48.2975654602, 24.3448619843, 25.6901283264, 8.80016136169, 2.78955984116, 1.37677836418, 0.386416643858, 0.678552985191, 0.0349989756942, 0.00272896769457, 0.000120190998132, 8.99487247352e-07, 3.22032900346e-10, 8.16725645447e-11],
        "dvar2": [0.00177192105912, 0.213134735823, 3.92371463776, 6.00736236572, 37.7810058594, 130.454879761, 387.914276123, 1013.60247803, 2333.68579102, 6258.96826172, 10882.7265625, 12683.4492188, 34703.9648438, 30880.8125, 22319.4433594, 8830.43945312, 6246.73095703, 9727.72949219, 8982.27148438, 3066.51245117, 1372.23583984, 1417.90393066, 502.191619873, 439.143188477, 241.59413147, 228.999053955, 110.37210083, 56.2857818604, 62.1623268127, 20.4606304169, 5.8033657074, 2.62744617462, 0.745491206646, 1.74860930443, 0.0571395866573, 0.00590416463092, 0.000243132526521, 2.03014496947e-06, 6.69853783553e-10, 1.94686433641e-10],
        "max": [0.441142946482, 5.52302312851, 34.9557723999, 24.2596225739, 99.356300354, 322.0859375, 449.9347229, 737.052429199, 1583.56408691, 1443.42797852, 1499.17089844, 1927.47802734, 2982.00048828, 3098.79614258, 2277.61035156, 1372.93225098, 982.095581055, 1398.25427246, 1138.20129395, 1143.02612305, 592.024414062, 487.389953613, 235.29838562, 252.469009399, 193.193023682, 346.911193848, 361.014160156, 201.140625, 272.625396729, 145.628051758, 80.6710281372, 87.4368743896, 34.3304748535, 65.0278549194, 19.7857036591, 3.51510596275, 0.554333209991, 0.0437549650669, 0.00100701209158, 0.000143277095049],
        "mean": [0.0187294483185, 0.207283869386, 0.822637617588, 1.61054766178, 4.33466911316, 8.31584453583, 12.2159147263, 17.9570922852, 19.4309062958, 30.7297401428, 42.6320915222, 69.4669647217, 108.669456482, 79.8031616211, 68.99974823, 51.4908561707, 46.6176338196, 52.1659202576, 45.67212677, 32.4280738831, 23.7095851898, 19.9793510437, 17.0016059875, 18.8518466949, 16.8762645721, 12.3594074249, 6.11852216721, 3.62688183784, 2.60956311226, 1.82000458241, 1.49028348923, 0.929599642754, 0.489756584167, 0.213509172201, 0.085733987391, 0.0306710116565, 0.0077116349712, 0.000336595549015, 2.28609042097e-05, 3.02266907966e-05],
        "median": [0.00874735787511, 0.121671311557, 0.336329340935, 0.896276175976, 2.67359018326, 4.46355485916, 5.61154699326, 7.75460243225, 7.84594917297, 10.4550161362, 13.8953914642, 22.3676261902, 30.5943374634, 21.6080150604, 20.5768814087, 18.8837585449, 19.4753398895, 22.301322937, 17.7768363953, 15.210439682, 12.9218683243, 9.31009292603, 9.22229099274, 12.2052927017, 11.2660140991, 7.6960940361, 3.19512033463, 1.53244686127, 0.912228047848, 0.727752327919, 0.80710798502, 0.569331645966, 0.306083649397, 0.0986013785005, 0.0326064601541, 0.01367880404, 0.00175756320823, 5.45029797649e-05, 2.0140207198e-05, 3.13122181979e-05],
        "min": [4.13692006224e-23, 2.06347925803e-22, 8.52704364914e-22, 3.834796799e-21, 5.62654068772e-21, 1.3255945748e-20, 1.94837158785e-20, 4.14818540239e-20, 6.65110921265e-20, 1.55019139789e-19, 1.58308397645e-19, 2.58689130198e-19, 2.85203112264e-19, 6.19495568172e-19, 6.53235127985e-19, 9.12110037778e-19, 1.11879672686e-18, 1.60385988416e-18, 1.34886233178e-18, 1.772430711e-18, 2.4773972492e-18, 2.87977656984e-18, 3.7172648868e-18, 4.49291049283e-18, 5.90090589865e-18, 7.5055043517e-18, 7.42492041643e-18, 6.98588520733e-18, 9.46356907461e-18, 1.01276056821e-17, 9.67212943117e-18, 1.01397172607e-17, 8.98139722374e-18, 7.64596789152e-18, 5.68160749697e-18, 3.73170125644e-18, 2.08866889021e-18, 8.92216033854e-19, 2.12996629588e-19, 2.46016034974e-20],
        "var": [0.00115642684978, 0.0922501832247, 2.52713894844, 4.56444311142, 36.7939758301, 165.507720947, 512.98626709, 1189.57751465, 3031.97827148, 4878.02636719, 8068.734375, 17579.4511719, 42455.1171875, 26923.34375, 17509.8222656, 7865.09912109, 5672.46142578, 8815.23046875, 7329.15478516, 2964.04101562, 1105.46179199, 967.687194824, 503.247497559, 496.814605713, 370.397674561, 250.352996826, 94.9841003418, 49.7267837524, 38.1331596375, 14.7602834702, 6.84722757339, 3.50753521919, 1.01265716553, 0.878970086575, 0.149151533842, 0.00682194950059, 0.000323883228702, 1.39533267429e-06, 8.83592587986e-10, 4.84206619245e-10]
    },
    "gfcc": {
        "mean": [-124.731513977, 98.535194397, -140.541900635, 18.0899238586, -61.6602287292, 10.5192956924, -34.0359420776, 6.8211350441, -22.7023792267, -4.61212539673, -8.27539730072, -8.5251531601, -4.77903985977],
        "cov": [[121813.851562, 10812.6738281, -15929.3085938, 2403.92944336, -7117.79394531, 1433.07324219, -3703.88037109, 977.022583008, -2832.12158203, -369.32019043, -1106.67773438, -811.235778809, -709.098327637], [10812.6738281, 2013.0489502, -1248.4083252, 233.603820801, -523.375671387, -74.8855133057, -331.842407227, -1.93371868134, -169.538482666, -161.38092041, 114.774726868, -239.667999268, 6.10750722885], [-15929.3085938, -1248.4083252, 2755.5534668, -93.821937561, 1016.68572998, -212.486282349, 511.189697266, -106.66519165, 357.047546387, 88.8926773071, 135.780731201, 153.529190063, 40.607131958], [2403.92944336, 233.603820801, -93.821937561, 253.652420044, -94.7691879272, 22.1827278137, -91.3096237183, 8.73326015472, -36.1022186279, 15.8526306152, -47.5814743042, 13.5369701385, -30.5322818756], [-7117.79394531, -523.375671387, 1016.68572998, -94.7691879272, 598.94140625, -53.9244880676, 283.026611328, -49.595916748, 164.412124634, 37.3781242371, 43.378162384, 68.449180603, 23.8167572021], [1433.07324219, -74.8855133057, -212.486282349, 22.1827278137, -53.9244880676, 185.719238281, 25.7314491272, 43.2012901306, -69.7229919434, 16.1316699982, -46.5625343323, 22.0398521423, -27.8919906616], [-3703.88037109, -331.842407227, 511.189697266, -91.3096237183, 283.026611328, 25.7314491272, 268.828582764, 9.27498531342, 57.3707466125, 8.74200439453, 37.9752426147, 31.6772918701, 10.4708271027], [977.022583008, -1.93371868134, -106.66519165, 8.73326015472, -49.595916748, 43.2012901306, 9.27498531342, 108.540229797, 0.599250078201, 11.952706337, -28.9515666962, 1.8343102932, -8.13351154327], [-2832.12158203, -169.538482666, 357.047546387, -36.1022186279, 164.412124634, -69.7229919434, 57.3707466125, 0.599250078201, 173.440490723, 18.8495521545, 32.8756561279, -0.311924755573, 30.6785812378], [-369.32019043, -161.38092041, 88.8926773071, 15.8526306152, 37.3781242371, 16.1316699982, 8.74200439453, 11.952706337, 18.8495521545, 105.782241821, -23.9838314056, 49.0986976624, -26.1186580658], [-1106.67773438, 114.774726868, 135.780731201, -47.5814743042, 43.378162384, -46.5625343323, 37.9752426147, -28.9515666962, 32.8756561279, -23.9838314056, 180.066452026, -47.6249198914, 37.2414550781], [-811.235778809, -239.667999268, 153.529190063, 13.5369701385, 68.449180603, 22.0398521423, 31.6772918701, 1.8343102932, -0.311924755573, 49.0986976624, -47.6249198914, 120.432167053, -7.9232339859], [-709.098327637, 6.10750722885, 40.607131958, -30.5322818756, 23.8167572021, -27.8919906616, 10.4708271027, -8.13351154327, 30.6785812378, -26.1186580658, 37.2414550781, -7.9232339859, 77.7166061401]],
        "icov": [[0.000303880806314, -0.000840071239509, 0.000723821867723, -0.000913839146961, 0.000948476023041, -0.000514965096954, 0.000295841135085, -0.00111569918226, 0.00113403971773, -0.000580333871767, 0.000488073535962, -0.000482221483253, 0.000543607282452], [-0.000840071239509, 0.00366317410953, -0.00136304623447, 0.00112040271051, -0.00302592501976, 0.00253671151586, -0.000673927424941, 0.00281366426498, -0.00255942600779, 0.00243244646117, -0.00244960235432, 0.00257953093387, -0.00131282280199], [0.000723821867723, -0.00136304623447, 0.00330278975889, -0.00342241465114, 0.000707011378836, 0.000290150026558, -0.000219294452108, -0.00247938558459, 0.00226368079893, -0.00108262058347, 0.000175153967575, -0.0013861511834, 0.00181595759932], [-0.000913839146961, 0.00112040271051, -0.00342241465114, 0.00933480914682, -0.00204475224018, -0.000503843300976, 0.00129344407469, 0.0032170121558, -0.00353431794792, 0.000835899496451, 0.000230697667575, -5.86520072829e-05, -0.000802719616331], [0.000948476023041, -0.00302592501976, 0.000707011378836, -0.00204475224018, 0.00997089873999, -0.00218996801414, -0.00322465784848, -0.000866829243023, 0.000848040916026, -0.0023961737752, 0.00281054060906, -0.00252151302993, 0.00147731218021], [-0.000514965096954, 0.00253671151586, 0.000290150026558, -0.000503843300976, -0.00218996801414, 0.010704475455, -0.00360061367974, -0.000299488194287, 0.00106204219628, 0.000566727481782, -0.00102960551158, 0.00087281560991, 7.27360165911e-05], [0.000295841135085, -0.000673927424941, -0.000219294452108, 0.00129344407469, -0.00322465784848, -0.00360061367974, 0.0112590454519, -0.00433986773714, 0.00277123926207, 0.000854207726661, -0.00112053973135, -0.000349780661054, 0.00079427199671], [-0.00111569918226, 0.00281366426498, -0.00247938558459, 0.0032170121558, -0.000866829243023, -0.000299488194287, -0.00433986773714, 0.0165108386427, -0.00735851470381, 0.0007936344482, 0.00015253170568, 0.00190163147636, -0.00207848194987], [0.00113403971773, -0.00255942600779, 0.00226368079893, -0.00353431794792, 0.000848040916026, 0.00106204219628, 0.00277123926207, -0.00735851470381, 0.0155597934499, -0.00444132741541, 0.00136866315734, 0.00107533286791, -0.00122628407553], [-0.000580333871767, 0.00243244646117, -0.00108262058347, 0.000835899496451, -0.0023961737752, 0.000566727481782, 0.000854207726661, 0.0007936344482, -0.00444132741541, 0.0155237009749, -0.0023607625626, -0.00376952043734, 0.00403085537255], [0.000488073535962, -0.00244960235432, 0.000175153967575, 0.000230697667575, 0.00281054060906, -0.00102960551158, -0.00112053973135, 0.00015253170568, 0.00136866315734, -0.0023607625626, 0.00970931444317, 0.00170576188248, -0.0022314437665], [-0.000482221483253, 0.00257953093387, -0.0013861511834, -5.86520072829e-05, -0.00252151302993, 0.00087281560991, -0.000349780661054, 0.00190163147636, 0.00107533286791, -0.00376952043734, 0.00170576188248, 0.0152812646702, -0.00352002470754], [0.000543607282452, -0.00131282280199, 0.00181595759932, -0.000802719616331, 0.00147731218021, 7.27360165911e-05, 0.00079427199671, -0.00207848194987, -0.00122628407553, 0.00403085537255, -0.0022314437665, -0.00352002470754, 0.018464198336]]
    },
    "melbands": {
        "dmean": [0.000102561985841, 0.000205005489988, 0.000163905438967, 0.000201816816116, 0.000211113292607, 0.000200534850592, 0.000159959643497, 0.000211036604014, 0.000205869029742, 0.000240882814978, 0.000284910056507, 0.000190535167349, 0.000138719042297, 0.000104844519228, 6.25211541774e-05, 5.93689910602e-05, 5.08718039782e-05, 4.73300351587e-05, 2.87350121653e-05, 1.69061786437e-05, 1.50066043716e-05, 1.17997378766e-05, 7.53762105887e-06, 7.76442539063e-06, 7.19700938134e-06, 6.06192907071e-06, 5.2088830671e-06, 3.48246339854e-06, 2.14272017729e-06, 1.14475813007e-06, 1.02681872249e-06, 8.52969378684e-07, 5.02266061631e-07, 4.94229823289e-07, 4.08141261232e-07, 3.27025219349e-07, 2.25208822258e-07, 1.65639519878e-07, 1.16834385722e-07, 8.72368204341e-08],
        "dmean2": [0.000171849838807, 0.000345566513715, 0.000272698875051, 0.000328493566485, 0.000331917311996, 0.000310885108775, 0.000252287165495, 0.000336178753059, 0.000328032852849, 0.000369857734768, 0.000444973004051, 0.000302919623209, 0.00022238305246, 0.000171815408976, 0.000101865254692, 9.70324472291e-05, 8.26235700515e-05, 7.83889336162e-05, 4.72911378893e-05, 2.7842937925e-05, 2.53323250945e-05, 1.98934831133e-05, 1.2294818589e-05, 1.28380261231e-05, 1.18172856673e-05, 9.80906952464e-06, 8.47876253829e-06, 5.59832324143e-06, 3.49856532011e-06, 1.84558075489e-06, 1.66714266925e-06, 1.39059613957e-06, 8.07667731806e-07, 7.89245291344e-07, 6.26042833574e-07, 5.10036613832e-07, 3.45875207586e-07, 2.57400131431e-07, 1.82694392947e-07, 1.36631925329e-07],
        "dvar": [6.04389711611e-08, 2.81516861378e-07, 8.01107304937e-08, 1.11398584579e-07, 1.81862802151e-07, 1.98578547383e-07, 2.36342060589e-07, 3.202112282e-07, 2.31157358144e-07, 2.54510638342e-07, 3.89490224961e-07, 2.47766053008e-07, 1.14630879011e-07, 5.92958748769e-08, 2.11238866399e-08, 1.87505992955e-08, 1.31382762447e-08, 1.40884051092e-08, 5.02471309005e-09, 1.17929443988e-09, 8.62027227377e-10, 7.08574143804e-10, 1.9454592104e-10, 1.92893603868e-10, 1.48705117664e-10, 1.05379802107e-10, 8.15486567163e-11, 5.206873821e-11, 3.31624415428e-11, 1.03492813278e-11, 8.9381054641e-12, 9.94330659476e-12, 6.57313006108e-12, 1.98074195934e-12, 1.04219194039e-12, 9.05733550226e-13, 5.50113231877e-13, 2.51975984565e-13, 3.45090221589e-13, 4.96219059766e-13],
        "dvar2": [1.59911152764e-07, 7.6076815958e-07, 2.24937721782e-07, 2.7746486353e-07, 3.7981445189e-07, 4.4459099513e-07, 5.38927793059e-07, 8.01330259037e-07, 5.95816572968e-07, 5.8241022316e-07, 9.50197488692e-07, 6.1743992319e-07, 2.98426016343e-07, 1.58630570013e-07, 5.38093800628e-08, 5.09989561692e-08, 3.42982566792e-08, 3.85768608169e-08, 1.33953292902e-08, 3.06369996039e-09, 2.28967866889e-09, 2.01488914442e-09, 5.13882492115e-10, 5.19088105833e-10, 3.94760002465e-10, 2.65568206315e-10, 2.08189368522e-10, 1.21600507441e-10, 7.98519306233e-11, 2.43592975652e-11, 2.13551763079e-11, 2.4341815022e-11, 1.62219734173e-11, 4.54057061047e-12, 2.24587752909e-12, 1.91143650387e-12, 1.13357934151e-12, 5.36257290743e-13, 8.55994420311e-13, 1.26334457218e-12],
        "max": [0.00483018578961, 0.0129459695891, 0.00550752365962, 0.0114036034793, 0.0136744314805, 0.0144887790084, 0.0204526558518, 0.0156931243837, 0.00992800481617, 0.0144090102986, 0.0150471879169, 0.0140498382971, 0.00909389927983, 0.00484865810722, 0.0042947139591, 0.00306479516439, 0.00264822551981, 0.0024264161475, 0.00261272373609, 0.000763816002291, 0.000817626481876, 0.000534227001481, 0.000272909936029, 0.00021899137937, 0.000237850210397, 0.00017985177692, 0.000240741966991, 0.000246475276072, 0.000314229691867, 0.000146983307786, 0.000124411191791, 0.000158130758791, 0.000145903148223, 5.4761145293e-05, 4.21622571594e-05, 6.18104095338e-05, 5.64027868677e-05, 2.83336921711e-05, 4.33032364526e-05, 5.64667971048e-05],
        "mean": [0.000198809953872, 0.000382253521821, 0.000370050169295, 0.000436202826677, 0.000437691836851, 0.000401324854465, 0.000300099374726, 0.000354338786565, 0.000351584225427, 0.000483880226966, 0.000557119376026, 0.000336370139848, 0.000242078283918, 0.000173385196831, 0.000111787303467, 0.000106306106318, 9.20825332287e-05, 7.92829087004e-05, 5.32412777829e-05, 3.12110532832e-05, 2.62414723693e-05, 2.06073946174e-05, 1.53323217091e-05, 1.52034308485e-05, 1.54560111696e-05, 1.36326434585e-05, 1.16304208859e-05, 7.42240899854e-06, 4.35550509792e-06, 2.34218805417e-06, 1.95794814317e-06, 1.63872221037e-06, 9.98498990157e-07, 1.02426952253e-06, 8.96825724794e-07, 7.37617540381e-07, 4.97250823628e-07, 3.66667592289e-07, 2.39995188167e-07, 1.57177296956e-07],
        "median": [0.000116028764751, 0.000186381948879, 0.00022121744405, 0.000281793705653, 0.000218339933781, 0.000178422109457, 0.000119793054182, 0.000114200505777, 0.000101865152828, 0.000130884262035, 0.000136794536957, 6.7751025199e-05, 5.82780485274e-05, 4.00332282879e-05, 3.57751632691e-05, 3.77425203624e-05, 3.61862767022e-05, 2.42547539528e-05, 1.85970056918e-05, 1.47942055264e-05, 1.20275853988e-05, 7.69599137129e-06, 6.68863231112e-06, 7.99967710918e-06, 9.03552609088e-06, 7.9683295553e-06, 6.55330131849e-06, 3.91240746467e-06, 1.81053530923e-06, 9.71770305114e-07, 7.21187348063e-07, 5.13764405241e-07, 3.34332156626e-07, 4.16659020175e-07, 4.52899143966e-07, 4.23165772645e-07, 2.83303364768e-07, 2.28349904319e-07, 1.21509643236e-07, 6.1484271896e-08],
        "min": [5.07603840036e-25, 7.66410811327e-25, 7.58501889106e-25, 5.81009812457e-25, 7.46975250775e-25, 1.01018884839e-24, 1.13686117432e-24, 1.22603637763e-24, 1.25979656753e-24, 1.37807975217e-24, 1.21162960813e-24, 1.65315742336e-24, 2.13313767178e-24, 1.96336277485e-24, 1.9250493784e-24, 1.79759213587e-24, 1.76402610435e-24, 1.88907633505e-24, 2.14165658069e-24, 2.40616499487e-24, 2.20527131017e-24, 2.26222943411e-24, 2.19480075937e-24, 2.2676473308e-24, 3.48093670228e-24, 3.36946237333e-24, 4.0599436462e-24, 3.64418594459e-24, 3.69241768919e-24, 4.02851385002e-24, 3.42618738887e-24, 3.59077532814e-24, 3.59118514138e-24, 3.73472784941e-24, 4.49997696445e-24, 4.34796622903e-24, 4.70975322295e-24, 5.40704078771e-24, 5.63120744684e-24, 6.00799068657e-24],
        "var": [9.22526623981e-08, 4.32015383467e-07, 2.27100017014e-07, 3.16741932238e-07, 5.24112920175e-07, 5.52000017251e-07, 6.43346311335e-07, 6.12955659562e-07, 4.93900927268e-07, 9.64390324043e-07, 1.160294687e-06, 5.44796023405e-07, 2.47962134381e-07, 1.19649314456e-07, 5.5571259594e-08, 3.96648687229e-08, 3.00606792791e-08, 2.91996897772e-08, 1.2911926639e-08, 2.57769561252e-09, 1.69210812029e-09, 1.27276889028e-09, 5.1486354069e-10, 4.44868503147e-10, 3.94975441242e-10, 3.14874487595e-10, 2.47250414587e-10, 1.1657314003e-10, 5.70945998812e-11, 1.97547048164e-11, 1.66189492723e-11, 1.4830484063e-11, 8.13763032653e-12, 3.80341765027e-12, 2.4585828165e-12, 1.99406138303e-12, 1.2385274013e-12, 5.47127230674e-13, 5.8071223611e-13, 6.21301024951e-13]
    },
    "mfcc": {
        "mean": [-689.597900391, 118.195343018, -23.1302585602, 6.3399643898, -7.19808387756, -3.83154034615, 0.115699864924, 1.48975718021, -7.96245098114, 6.54269075394, -5.97491073608, -4.12375164032, -4.90876865387],
        "cov": [[29042.0625, 5735.21582031, -1388.21289062, 556.149414062, -641.192443848, -28.8215904236, 182.078033447, 239.6537323, -376.427124023, 403.234710693, -283.628936768, -217.747650146, -250.337646484], [5735.21582031, 2372.0793457, -153.687606812, 234.174346924, 25.8896617889, -140.726211548, 60.7695236206, -6.62837553024, -223.045715332, 172.650894165, -106.320350647, -52.9453010559, -71.9050674438], [-1388.21289062, -153.687606812, 537.131347656, 175.416625977, 108.718658447, 3.91916227341, -1.49049901962, -10.7926568985, -26.2404079437, 3.71804356575, 14.1666698456, 25.9504089355, 10.9952392578], [556.149414062, 234.174346924, 175.416625977, 257.552429199, 67.5944671631, 14.7733221054, -23.5781803131, -7.70120477676, -5.25628185272, 1.88649177551, -7.17972183228, 18.0784950256, 8.20240974426], [-641.192443848, 25.8896617889, 108.718658447, 67.5944671631, 143.318191528, 5.7867026329, -18.2870349884, -7.83488368988, 8.67530918121, 5.11431932449, 1.52163231373, 13.8382101059, 11.6129083633], [-28.8215904236, -140.726211548, 3.91916227341, 14.7733221054, 5.7867026329, 150.817337036, 37.4014205933, 25.8794212341, 40.9074707031, -42.0824775696, 19.6202774048, 5.69298362732, 13.5337905884], [182.078033447, 60.7695236206, -1.49049901962, -23.5781803131, -18.2870349884, 37.4014205933, 185.745178223, 50.1872444153, -37.3206672668, 34.2472496033, 0.733887135983, -25.2368984222, -8.41381454468], [239.6537323, -6.62837553024, -10.7926568985, -7.70120477676, -7.83488368988, 25.8794212341, 50.1872444153, 102.258285522, 30.2037944794, 8.2506608963, 5.16306257248, -13.030339241, -7.91318082809], [-376.427124023, -223.045715332, -26.2404079437, -5.25628185272, 8.67530918121, 40.9074707031, -37.3206672668, 30.2037944794, 159.50932312, -31.6792621613, 26.937669754, 7.58663892746, 17.2260971069], [403.234710693, 172.650894165, 3.71804356575, 1.88649177551, 5.11431932449, -42.0824775696, 34.2472496033, 8.2506608963, -31.6792621613, 117.573852539, 8.97326183319, -13.0371379852, -19.0238876343], [-283.628936768, -106.320350647, 14.1666698456, -7.17972183228, 1.52163231373, 19.6202774048, 0.733887135983, 5.16306257248, 26.937669754, 8.97326183319, 76.1739959717, 22.4351978302, 7.93308830261], [-217.747650146, -52.9453010559, 25.9504089355, 18.0784950256, 13.8382101059, 5.69298362732, -25.2368984222, -13.030339241, 7.58663892746, -13.0371379852, 22.4351978302, 74.2137069702, 34.4118499756], [-250.337646484, -71.9050674438, 10.9952392578, 8.20240974426, 11.6129083633, 13.5337905884, -8.41381454468, -7.91318082809, 17.2260971069, -19.0238876343, 7.93308830261, 34.4118499756, 72.2086715698]],
