{
"lowlevel": {
    "average_loudness": 0.798184871674,
    "barkbands_crest": {
        "dmean": 1.87897336483,
        "dmean2": 3.01790356636,
        "dvar": 3.54913043976,
        "dvar2": 8.81268310547,
        "max": 25.4396896362,
        "mean": 8.8083782196,
        "median": 7.67514610291,
        "min": 2.98513674736,
        "var": 13.5904951096
    },
    "barkbands_flatness_db": {
        "dmean": 0.0160826984793,
        "dmean2": 0.0242145135999,
        "dvar": 0.000243875590968,
        "dvar2": 0.00051101151621,
        "max": 0.404120951891,
        "mean": 0.146920442581,
        "median": 0.141756728292,
        "min": 0.052168533206,
        "var": 0.00251479563303
    },
    "barkbands_kurtosis": {
        "dmean": 2.42202377319,
        "dmean2": 3.77196455002,
        "dvar": 16.2458000183,
        "dvar2": 38.0416412354,
        "max": 91.7296905518,
        "mean": 5.39067411423,
        "median": 3.00970959663,
        "min": -1.93747806549,
        "var": 58.7531204224
    },
    "barkbands_skewness": {
        "dmean": 0.410443335772,
        "dmean2": 0.634658098221,
        "dvar": 0.208646476269,
        "dvar2": 0.464495301247,
        "max": 8.13361358643,
        "mean": 1.21075856686,
        "median": 1.25106310844,
        "min": -2.32360649109,
        "var": 2.23960614204
    },
    "barkbands_spread": {
        "dmean": 3.85528659821,
        "dmean2": 5.92776250839,
        "dvar": 41.9920425415,
        "dvar2": 81.4536056519,
        "max": 99.0339050293,
        "mean": 17.7192630768,
        "median": 15.2803592682,
        "min": 1.58265483379,
        "var": 145.727706909
    },
    "dissonance": {
        "dmean": 0.0223380681127,
        "dmean2": 0.0376968793571,
        "dvar": 0.000483244890347,
        "dvar2": 0.00134204549249,
        "max": 0.500000059605,
        "mean": 0.451297044754,
        "median": 0.458110243082,
        "min": 0.218371331692,
        "var": 0.00140492676292
    },
    "dynamic_complexity": 3.32018280029,
    "erbbands_crest": {
        "dmean": 2.39984822273,
        "dmean2": 3.89715242386,
        "dvar": 5.69187927246,
        "dvar2": 14.8132200241,
        "max": 30.7937850952,
        "mean": 9.10507392883,
        "median": 8.403216362,
        "min": 2.48889946938,
        "var": 18.6456260681
    },
    "erbbands_flatness_db": {
        "dmean": 0.0146953035146,
        "dmean2": 0.0216104239225,
        "dvar": 0.000200357331778,
        "dvar2": 0.000391113571823,
        "max": 0.315150469542,
        "mean": 0.161919668317,
        "median": 0.161158263683,
        "min": 0.0729668587446,
        "var": 0.00182342331391
    },
    "erbbands_kurtosis": {
        "dmean": 1.15924084187,
        "dmean2": 1.80800795555,
        "dvar": 2.53188300133,
        "dvar2": 5.97212123871,
        "max": 47.5293121338,
        "mean": 1.84126400948,
        "median": 0.879510402679,
        "min": -1.85363292694,
        "var": 9.94128417969
    },
    "erbbands_skewness": {
        "dmean": 0.330614298582,
        "dmean2": 0.511516034603,
        "dvar": 0.120334789157,
        "dvar2": 0.262319266796,
        "max": 5.62645101547,
        "mean": 0.736633300781,
        "median": 0.715582847595,
        "min": -2.8337187767,
        "var": 0.843392193317
    },
    "erbbands_spread": {
        "dmean": 6.77662229538,
        "dmean2": 10.2461357117,
        "dvar": 87.7559051514,
        "dvar2": 175.38432312,
        "max": 138.609786987,
        "mean": 32.816947937,
        "median": 29.6580619812,
        "min": 3.39619231224,
        "var": 362.660064697
    },
    "hfc": {
        "dmean": 4.61603021622,
        "dmean2": 6.92187595367,
        "dvar": 54.8864822388,
        "dvar2": 112.229003906,
        "max": 219.680358887,
        "mean": 18.4335746765,
        "median": 14.7845878601,
        "min": 1.04514885818e-16,
        "var": 282.937469482
    },
    "melbands_crest": {
        "dmean": 2.21937155724,
        "dmean2": 3.61095523834,
        "dvar": 5.12750196457,
        "dvar2": 13.3213262558,
        "max": 35.6973686218,
        "mean": 10.5518140793,
        "median": 10.0030403137,
        "min": 1.49059939384,
        "var": 26.1873016357
    },
    "melbands_flatness_db": {
        "dmean": 0.0172958038747,
        "dmean2": 0.0257953368127,
        "dvar": 0.000371599337086,
        "dvar2": 0.000751111016143,
        "max": 0.541674733162,
        "mean": 0.189543485641,
        "median": 0.193028599024,
        "min": 0.00241646054201,
        "var": 0.0075930361636
    },
    "melbands_kurtosis": {
        "dmean": 4.56806468964,
        "dmean2": 7.05394506454,
        "dvar": 71.2200622559,
        "dvar2": 162.313690186,
        "max": 189.876708984,
        "mean": 10.4561281204,
        "median": 5.3862953186,
        "min": -1.44334113598,
        "var": 226.895645142
    },
    "melbands_skewness": {
        "dmean": 0.502391457558,
        "dmean2": 0.772569835186,
        "dvar": 0.334913611412,
        "dvar2": 0.72273182869,
        "max": 10.2110824585,
        "mean": 1.92887246609,
        "median": 1.75152957439,
        "min": -0.958635687828,
        "var": 2.20178699493
    },
    "melbands_spread": {
        "dmean": 5.07248592377,
        "dmean2": 8.02976226807,
        "dvar": 64.6354904175,
        "dvar2": 145.510482788,
        "max": 194.277572632,
        "mean": 30.0806064606,
        "median": 17.4974479675,
        "min": 1.53355109692,
        "var": 1372.39001465
    },
    "pitch_salience": {
        "dmean": 0.0517464317381,
        "dmean2": 0.0832365080714,
        "dvar": 0.00230180169456,
        "dvar2": 0.00599360652268,
        "max": 0.97971868515,
        "mean": 0.615162491798,
        "median": 0.609940946102,
        "min": 0.118649631739,
        "var": 0.0136498389766
    },
    "silence_rate_20dB": {
        "dmean": 0,
        "dmean2": 0,
        "dvar": 0,
        "dvar2": 0,
        "max": 1,
        "mean": 1,
        "median": 1,
        "min": 1,
        "var": 0
    },
    "silence_rate_30dB": {
        "dmean": 0.00234117265791,
        "dmean2": 0.00468284357339,
        "dvar": 0.00233588321134,
        "dvar2": 0.00551298679784,
        "max": 1,
        "mean": 0.997020661831,
        "median": 1,
        "min": 0,
        "var": 0.00297100143507
    },
    "silence_rate_60dB": {
        "dmean": 0.00553368078545,
        "dmean2": 0.011068539694,
        "dvar": 0.00550296809524,
        "dvar2": 0.0128613533452,
        "max": 1,
        "mean": 0.143221959472,
        "median": 0,
        "min": 0,
        "var": 0.122704409063
    },
    "spectral_centroid": {
        "dmean": 180.542419434,
        "dmean2": 283.539733887,
        "dvar": 64125.4453125,
        "dvar2": 138551.1875,
        "max": 11918.2167969,
        "mean": 2039.64440918,
        "median": 962.129394531,
        "min": 203.806655884,
        "var": 9624246
    },
    "spectral_complexity": {
        "dmean": 2.28030228615,
        "dmean2": 3.68284368515,
        "dvar": 6.95437383652,
        "dvar2": 16.725730896,
        "max": 49,
        "mean": 15.0584163666,
        "median": 15,
        "min": 0,
        "var": 84.8605499268
    },
    "spectral_decrease": {
        "dmean": 1.69760761004e-09,
        "dmean2": 2.69450062262e-09,
        "dvar": 5.36816560181e-18,
        "dvar2": 1.29281058824e-17,
        "max": 2.34340101915e-28,
        "mean": -7.24977011757e-09,
        "median": -6.91951207443e-09,
        "min": -4.43713723541e-08,
        "var": 3.01055064004e-17
    },
    "spectral_energy": {
        "dmean": 0.00668015005067,
        "dmean2": 0.0106012327597,
        "dvar": 8.09064586065e-05,
        "dvar2": 0.000195537068066,
        "max": 0.171009063721,
        "mean": 0.0290343165398,
        "median": 0.0277768652886,
        "min": 9.75970290692e-21,
        "var": 0.000471117236884
    },
    "spectral_energyband_high": {
        "dmean": 0.00026122937561,
        "dmean2": 0.000365384737961,
        "dvar": 7.80488164764e-07,
        "dvar2": 1.33638616262e-06,
        "max": 0.029514009133,
        "mean": 0.000586783804465,
        "median": 0.000279561820207,
        "min": 6.9058926351e-21,
        "var": 2.1289254164e-06
    },
    "spectral_energyband_low": {
        "dmean": 0.00206293677911,
        "dmean2": 0.0033515249379,
        "dvar": 1.63120384968e-05,
        "dvar2": 4.03181002184e-05,
        "max": 0.0727948993444,
        "mean": 0.00714374426752,
        "median": 0.00523575115949,
        "min": 6.11057336983e-24,
        "var": 6.24995591352e-05
    },
    "spectral_energyband_middle_high": {
        "dmean": 0.00177517684642,
        "dmean2": 0.0027256004978,
        "dvar": 8.83016400621e-06,
        "dvar2": 2.0542576749e-05,
        "max": 0.0505111776292,
        "mean": 0.00564965792,
        "median": 0.00264458078891,
        "min": 1.09862257609e-21,
        "var": 5.27420015715e-05
    },
    "spectral_energyband_middle_low": {
        "dmean": 0.00525632547215,
        "dmean2": 0.00826375931501,
        "dvar": 5.99726045039e-05,
        "dvar2": 0.000148059756611,
        "max": 0.134381681681,
        "mean": 0.0165988430381,
        "median": 0.0136022232473,
        "min": 1.08433412153e-22,
        "var": 0.000233169485
    },
    "spectral_entropy": {
        "dmean": 0.140174284577,
        "dmean2": 0.204832628369,
        "dvar": 0.0290726870298,
        "dvar2": 0.0544117353857,
        "max": 9.82940864563,
        "mean": 7.65683794022,
        "median": 7.51777696609,
        "min": 5.51105928421,
        "var": 0.699997544289
    },
    "spectral_flux": {
        "dmean": 0.0171426050365,
        "dmean2": 0.027401663363,
        "dvar": 0.000427444145316,
        "dvar2": 0.00100548984483,
        "max": 0.272872656584,
        "mean": 0.0719408914447,
        "median": 0.0720377117395,
        "min": 6.14263223619e-11,
        "var": 0.00209737336263
    },
    "spectral_kurtosis": {
        "dmean": 1.31113803387,
        "dmean2": 2.13310074806,
        "dvar": 3.28997588158,
        "dvar2": 8.06648349762,
        "max": 61.0765914917,
        "mean": 3.91376399994,
        "median": 3.76010608673,
        "min": -1.27964174747,
        "var": 11.576259613
    },
    "spectral_rms": {
        "dmean": 0.000551191624254,
        "dmean2": 0.000863695808221,
        "dvar": 4.25665461989e-07,
        "dvar2": 9.7856047887e-07,
        "max": 0.0129165826365,
        "mean": 0.00472902832553,
        "median": 0.00520570669323,
        "min": 3.08571896333e-12,
        "var": 5.9623944253e-06
    },
    "spectral_rolloff": {
        "dmean": 303.546051025,
        "dmean2": 521.390991211,
        "dvar": 649604.8125,
        "dvar2": 1408466.25,
        "max": 19724.4140625,
        "mean": 2966.31591797,
        "median": 904.39453125,
        "min": 43.06640625,
        "var": 30102264
    },
    "spectral_skewness": {
        "dmean": 0.194133713841,
        "dmean2": 0.301840692759,
        "dvar": 0.0516897328198,
        "dvar2": 0.105871491134,
        "max": 6.13906764984,
        "mean": 1.53520619869,
        "median": 1.63457536697,
        "min": -0.196334630251,
        "var": 0.506846547127
    },
    "spectral_spread": {
        "dmean": 562071.75,
        "dmean2": 828147.3125,
        "dvar": 640347537408,
        "dvar2": 1.23958643917e+12,
        "max": 43234044,
        "mean": 8466618,
        "median": 4548108.5,
        "min": 744832.875,
        "var": 1.21124654416e+14
    },
    "spectral_strongpeak": {
        "dmean": 0.537502169609,
        "dmean2": 0.913767457008,
        "dvar": 0.701089560986,
        "dvar2": 1.83831632137,
        "max": 8.77003765106,
        "mean": 0.99448788166,
        "median": 0.560668706894,
        "min": 0,
        "var": 1.4565294981
    },
    "zerocrossingrate": {
        "dmean": 0.00855882186443,
        "dmean2": 0.0108890980482,
        "dvar": 0.000157970018336,
        "dvar2": 0.000205303091207,
        "max": 0.71923828125,
        "mean": 0.0975206419826,
        "median": 0.0478515625,
        "min": 0.00537109375,
        "var": 0.0196871329099
    },
    "barkbands": {
        "dmean": [0.000137691022246, 0.00125274201855, 0.00087577290833, 0.00100936647505, 0.00278934533708, 0.0014165462926, 0.00103449320886, 0.00130575418007, 0.00103384593967, 0.000816697953269, 0.000613351468928, 0.000511223857757, 0.000484280928504, 0.000296867190627, 0.000207552540815, 0.000136953996844, 9.95437876554e-05, 7.74990403443e-05, 8.8879642135e-05, 6.05279165029e-05, 4.70377490274e-05, 6.8927227403e-05, 7.9944555182e-05, 6.18281046627e-05, 2.1970105081e-05, 8.72395776241e-06, 3.15745474211e-08],
        "dmean2": [0.000225458992645, 0.00204950734042, 0.00140497495886, 0.0016775415279, 0.00441935705021, 0.00215552188456, 0.001591292792, 0.00208819913678, 0.00160241068806, 0.00128616974689, 0.000984302139841, 0.000811796518974, 0.000778265763074, 0.000480830902234, 0.000334629352437, 0.000227920114412, 0.00016247680469, 0.000125466336613, 0.000143336161273, 9.83186400845e-05, 7.20161115169e-05, 0.000102597346995, 0.000117635980132, 8.9987195679e-05, 3.12880583806e-05, 1.24446214613e-05, 5.43230562755e-08],
        "dvar": [1.08076939398e-07, 5.89405544815e-06, 4.38399956693e-06, 4.18155514126e-06, 2.92455097224e-05, 7.40719542591e-06, 5.82606753596e-06, 9.49549030338e-06, 5.47510671822e-06, 3.93024856749e-06, 1.6387090227e-06, 1.21466530345e-06, 1.60737795341e-06, 7.60424541113e-07, 3.98950760427e-07, 1.19536906595e-07, 4.98246599534e-08, 2.36713493251e-08, 3.02965794674e-08, 1.70685332535e-08, 1.67268403573e-08, 4.66782026365e-08, 1.36190081435e-07, 9.52319112457e-08, 3.9321186307e-09, 4.71100880528e-10, 1.56156436116e-14],
        "dvar2": [2.87106786345e-07, 1.64040939126e-05, 1.07722498797e-05, 1.12226070996e-05, 7.21934266039e-05, 1.80223742063e-05, 1.34335950861e-05, 2.39547953242e-05, 1.2209162378e-05, 9.59319913818e-06, 3.66961307918e-06, 2.88639193968e-06, 4.12400413552e-06, 1.91366143554e-06, 1.02325964235e-06, 3.2372307146e-07, 1.24821980307e-07, 6.10111570154e-08, 7.56738600671e-08, 4.37316991508e-08, 3.07605390049e-08, 8.89244162749e-08, 2.70174950856e-07, 1.72034049228e-07, 7.9391471175e-09, 9.43740974257e-10, 3.93120018689e-14],
        "max": [0.00550924055278, 0.0393558293581, 0.0408065766096, 0.0470554530621, 0.112636901438, 0.0638343915343, 0.0600112751126, 0.0466664582491, 0.0505895987153, 0.0558696724474, 0.0318831950426, 0.0294791553169, 0.0217454489321, 0.0222696401179, 0.0189726930112, 0.0125236734748, 0.00749932834879, 0.00364808063023, 0.00335362227634, 0.0040935263969, 0.00772552238777, 0.00791282765567, 0.0152084110305, 0.0100725069642, 0.00178472837433, 0.000617031822912, 3.27421025759e-06],
        "mean": [0.000261157285422, 0.00437619863078, 0.0018803345738, 0.00179983547423, 0.00581789715216, 0.0029121323023, 0.00187473127153, 0.00190826354083, 0.00175892817788, 0.00140521069989, 0.000999274780042, 0.000904662767425, 0.000838643230963, 0.000495611748192, 0.000361093872925, 0.000250437675277, 0.000189150479855, 0.000158837006893, 0.000193909203517, 0.000120637159853, 9.33371993597e-05, 0.000136759786983, 0.000138353963848, 0.000106555395178, 3.84023405786e-05, 1.39216899697e-05, 2.59140584546e-08],
        "median": [4.75462511531e-05, 0.00301362108439, 0.000619968748651, 0.000740011571907, 0.00337321357802, 0.00156448234338, 0.000816169544123, 0.00058573129354, 0.000456142151961, 0.000368182023522, 0.000298211642075, 0.000202672294108, 0.000143093566294, 9.87835082924e-05, 9.30741080083e-05, 7.69428297644e-05, 6.68699140078e-05, 5.96982281422e-05, 7.02250108588e-05, 5.41547051398e-05, 4.62181924377e-05, 5.9705474996e-05, 4.71630555694e-05, 3.05839421344e-05, 1.35141908686e-05, 3.85079601983e-06, 1.5005326981e-09],
        "min": [1.38409861296e-25, 9.86563253135e-25, 1.54263648213e-25, 9.57517394605e-26, 4.1981469492e-24, 5.2968854342e-24, 2.19942821744e-24, 1.29605922145e-24, 6.03138120127e-24, 1.10388588129e-23, 1.04819324801e-23, 1.5695768216e-23, 1.80499784372e-23, 1.59774294244e-23, 2.52364413303e-23, 2.75583066767e-23, 5.67778534456e-23, 5.65595472341e-23, 9.35080060536e-23, 1.45140574198e-22, 2.18910895439e-22, 2.64688127738e-22, 3.19516510249e-22, 5.05573406335e-22, 7.84404964444e-22, 1.14255735748e-21, 1.74797924886e-21],
        "var": [2.46716354013e-07, 2.43605209107e-05, 9.31406702875e-06, 8.27354506328e-06, 7.16570430086e-05, 1.77212732524e-05, 1.37850911415e-05, 1.50357027451e-05, 1.46945285451e-05, 1.1632029782e-05, 4.17948331233e-06, 3.6485550936e-06, 3.90987543142e-06, 1.59626927143e-06, 7.72726593823e-07, 3.23496152532e-07, 1.41681141486e-07, 6.81857201812e-08, 9.75753522425e-08, 3.78967435211e-08, 4.55753905726e-08, 1.21167445855e-07, 2.72972130233e-07, 2.02232953939e-07, 7.88991627587e-09, 9.25841125987e-10, 1.3705647843e-14]
    },
    "erbbands": {
        "dmean": [0.0456094183028, 0.27926543355, 0.870781362057, 2.07359027863, 6.18804931641, 11.3976240158, 10.4533081055, 13.7662410736, 14.0668516159, 19.7918834686, 24.2681484222, 25.0015525818, 24.1355438232, 21.980594635, 25.807352066, 18.0944824219, 19.6059589386, 17.7940540314, 12.4014978409, 6.34630298615, 6.50435686111, 4.63633155823, 4.59635829926, 3.77879071236, 4.53071975708, 2.60893201828, 1.93648529053, 2.02596688271, 2.36783123016, 2.38257884979, 2.34852337837, 1.70607697964, 0.849382042885, 0.304189860821, 0.137999773026, 0.0580597035587, 0.0137596083805, 0.000647776119877, 1.76948215085e-05, 8.18278294901e-06],
        "dmean2": [0.0749675929546, 0.452725380659, 1.40771007538, 3.40473794937, 10.3041629791, 18.0153636932, 16.1281223297, 20.8851947784, 21.5079078674, 30.829864502, 39.7618637085, 38.629825592, 37.9553451538, 34.6957817078, 41.6512947083, 28.8211841583, 31.3713645935, 28.3355350494, 19.8205223083, 10.2363681793, 10.7336587906, 7.50609064102, 7.48606681824, 6.04096746445, 7.30189037323, 4.21606492996, 3.04926085472, 3.08422493935, 3.5816488266, 3.55831813812, 3.45146131516, 2.55125975609, 1.24030017853, 0.440703719854, 0.197531908751, 0.0833561122417, 0.0201088674366, 0.000946232408751, 2.50909506576e-05, 1.27433359012e-05],
        "dvar": [0.00898830592632, 0.303387194872, 4.28610372543, 15.8272857666, 182.921707153, 565.703308105, 543.496459961, 745.337890625, 848.554016113, 2180.50048828, 3939.31713867, 3414.734375, 3853.45068359, 2697.98046875, 2988.22973633, 1727.03845215, 2421.02563477, 2261.53881836, 1347.59875488, 234.326721191, 266.825317383, 105.424880981, 91.253036499, 63.9872169495, 85.8047790527, 29.033159256, 22.6402378082, 33.0863075256, 55.7910804749, 78.6319656372, 141.988647461, 83.8052520752, 15.9264240265, 1.11458492279, 0.136184349656, 0.0200633425266, 0.00128482177388, 4.31722764915e-06, 2.06424433102e-09, 1.15157230973e-10],
        "dvar2": [0.0263511277735, 0.806155800819, 10.6586933136, 40.1740226746, 497.307891846, 1376.39355469, 1287.18054199, 1797.21179199, 1945.46911621, 5351.46533203, 10139.0078125, 7357.76171875, 9842.75585938, 6187.81396484, 7126.29052734, 4270.80126953, 6182.72216797, 5720.54980469, 3559.1652832, 588.587890625, 713.803039551, 263.405822754, 237.436386108, 154.290283203, 219.492675781, 73.4702224731, 44.9139938354, 61.3317642212, 109.358818054, 152.413711548, 286.282501221, 161.815567017, 30.4206981659, 2.30725288391, 0.278919517994, 0.0405614562333, 0.0026699306909, 9.48326760408e-06, 4.18967793792e-09, 2.69427785637e-10],
        "max": [1.53635525703, 10.6339855194, 35.2831077576, 76.0800552368, 309.504302979, 475.182861328, 465.496307373, 663.093017578, 665.622924805, 1135.03356934, 1083.76599121, 1570.32055664, 2013.22119141, 1262.01904297, 1226.49597168, 807.816711426, 1104.25720215, 1166.24291992, 1149.97485352, 419.220123291, 701.506347656, 357.167602539, 263.143981934, 197.91456604, 225.266693115, 152.624710083, 250.224136353, 310.781768799, 319.781188965, 289.843994141, 513.502685547, 300.246520996, 101.385398865, 42.9020195007, 11.0388393402, 3.25901460648, 1.06894719601, 0.0601641796529, 0.00119632028509, 0.000189600585145],
        "mean": [0.133918970823, 0.940377414227, 2.11719942093, 4.09827756882, 11.232542038, 21.7654304504, 21.3519630432, 28.1710395813, 27.7980098724, 34.6577682495, 34.7770233154, 44.0442428589, 45.5437202454, 40.4466133118, 47.6507225037, 34.3740653992, 36.829334259, 33.5029830933, 22.9456501007, 13.1273059845, 13.2864608765, 9.73667144775, 9.79728031158, 8.39186000824, 9.72911834717, 5.43760871887, 3.9310362339, 4.10482263565, 4.71427106857, 4.38412046432, 3.97082042694, 2.8387491703, 1.42301845551, 0.527784049511, 0.235360682011, 0.0969833433628, 0.0196780189872, 0.00084691104712, 3.92818292312e-05, 3.61259262718e-05],
        "median": [0.0905184224248, 0.621836662292, 0.876636505127, 2.05871200562, 5.3751077652, 11.0258769989, 11.4516296387, 14.4409866333, 14.6550598145, 13.8737010956, 11.7178287506, 13.5740423203, 13.5138072968, 11.9372596741, 14.2746448517, 9.0493812561, 7.72106647491, 7.59274053574, 6.71980953217, 5.12815999985, 4.93301296234, 3.87519454956, 4.0020866394, 3.26329135895, 3.73239088058, 2.63350057602, 1.94702386856, 1.98419976234, 2.06014823914, 1.80983734131, 1.28533780575, 0.822409451008, 0.392131119967, 0.179366588593, 0.0832320153713, 0.0308734364808, 0.00361672439612, 0.000109892891487, 2.45670453296e-05, 3.47770910594e-05],
        "min": [2.0429678332e-23, 3.01322121357e-22, 6.42535663891e-22, 2.04358948715e-21, 7.23855171949e-21, 1.11302329376e-20, 2.44065488159e-20, 4.38120735083e-20, 4.77271193475e-20, 7.41587840175e-20, 1.44182427529e-19, 1.7142214426e-19, 2.98758043413e-19, 5.29230569502e-19, 7.33884720721e-19, 8.34548568763e-19, 1.22689206892e-18, 1.09460479587e-18, 1.42701735459e-18, 2.13492214173e-18, 2.40492030431e-18, 3.63915339438e-18, 3.87855476649e-18, 4.32773948171e-18, 5.4115061436e-18, 7.58116656233e-18, 6.59103260988e-18, 8.22458155718e-18, 8.92205032352e-18, 9.05512300456e-18, 9.33108948206e-18, 9.61797143493e-18, 8.3968353023e-18, 7.00350001847e-18, 5.11113990598e-18, 3.75085048762e-18, 2.05626181497e-18, 7.64107522159e-19, 2.30786182637e-19, 2.55447461076e-20],
        "var": [0.0249743554741, 1.22155642509, 10.1480674744, 34.2382469177, 320.57119751, 1287.88427734, 1207.32861328, 1814.80395508, 1970.78808594, 4546.89550781, 5228.13623047, 9703.94042969, 12553.7939453, 7199.07568359, 8763.86914062, 4699.31201172, 6397.34863281, 5764.953125, 2608.82666016, 634.805358887, 854.021728516, 319.227539062, 266.186004639, 202.667999268, 259.629150391, 66.6511917114, 59.3901100159, 92.5114593506, 139.513946533, 184.57850647, 253.961929321, 156.550613403, 34.0265579224, 2.1841943264, 0.26229056716, 0.0434515997767, 0.00205396697856, 5.67303095522e-06, 3.77163189569e-09, 7.04403868568e-10]
    },
    "gfcc": {
        "mean": [-120.397613525, 96.6046066284, -101.532295227, 27.9531955719, -68.0754852295, 18.35729599, -35.8024101257, 6.86870765686, -20.8775596619, 1.75079596043, -9.84133338928, 1.21912372112, -5.32126903534],
        "cov": [[125769.1875, 11476.9550781, -12228.6025391, 3450.00244141, -8095.17675781, 2283.42260742, -4182.76220703, 842.401855469, -2598.8059082, 227.703369141, -1161.36181641, 196.446456909, -847.683959961], [11476.9550781, 2091.20581055, -850.614868164, 347.852905273, -598.748413086, 137.410385132, -290.029022217, 23.4249572754, -153.32585144, -71.6288375854, 0.623036444187, -22.7234783173, -8.74620437622], [-12228.6025391, -850.614868164, 2591.59838867, 24.4888458252, 693.993164062, -269.360687256, 410.706085205, -65.859046936, 233.067199707, 48.1737136841, 71.8119812012, 54.8868293762, 64.4598922729], [3450.00244141, 347.852905273, 24.4888458252, 380.637481689, -198.509109497, 52.6394805908, -114.785140991, 35.8658714294, -47.7623901367, 29.9869937897, -25.593585968, 16.1734638214, -24.0084209442], [-8095.17675781, -598.748413086, 693.993164062, -198.509109497, 758.740905762, -104.316200256, 323.533966064, -40.3365478516, 188.094299316, -15.1804103851, 105.334144592, -12.5890865326, 44.5017814636], [2283.42260742, 137.410385132, -269.360687256, 52.6394805908, -104.316200256, 165.846054077, -21.3763542175, 17.4896621704, -62.7855491638, 7.08202314377, -14.2055339813, 8.99948215485, -22.3302574158], [-4182.76220703, -290.029022217, 410.706085205, -114.785140991, 323.533966064, -21.3763542175, 277.609222412, 2.22609019279, 82.1992492676, -21.3338661194, 64.0360183716, -1.11994349957, 13.2528009415], [842.401855469, 23.4249572754, -65.859046936, 35.8658714294, -40.3365478516, 17.4896621704, 2.22609019279, 97.1775512695, 16.6406402588, 19.6027793884, -18.8348350525, 14.1238889694, -12.1649637222], [-2598.8059082, -153.32585144, 233.067199707, -47.7623901367, 188.094299316, -62.7855491638, 82.1992492676, 16.6406402588, 152.210342407, 11.0857095718, 35.5500183105, -10.8032474518, 37.2042617798], [227.703369141, -71.6288375854, 48.1737136841, 29.9869937897, -15.1804103851, 7.08202314377, -21.3338661194, 19.6027793884, 11.0857095718, 91.6934890747, 2.41626644135, 20.2613868713, -3.12423753738], [-1161.36181641, 0.623036444187, 71.8119812012, -25.593585968, 105.334144592, -14.2055339813, 64.0360183716, -18.8348350525, 35.5500183105, 2.41626644135, 98.8145904541, 12.6506471634, 13.6672811508], [196.446456909, -22.7234783173, 54.8868293762, 16.1734638214, -12.5890865326, 8.99948215485, -1.11994349957, 14.1238889694, -10.8032474518, 20.2613868713, 12.6506471634, 70.3684387207, 12.2125072479], [-847.683959961, -8.74620437622, 64.4598922729, -24.0084209442, 44.5017814636, -22.3302574158, 13.2528009415, -12.1649637222, 37.2042617798, -3.12423753738, 13.6672811508, 12.2125072479, 88.5526733398]],
        "icov": [[0.000351004709955, -0.000942132726777, 0.000671900692396, -0.00091161718592, 0.00101806106977, -0.00106303778011, 0.00100165302865, -0.00101707992144, 0.00115439388901, -0.000881788320839, 0.000925469503272, -0.000957964570262, 0.000934586918447], [-0.000942132726777, 0.00335727236234, -0.00169814378023, 0.00185337441508, -0.00230160774663, 0.00267464783974, -0.00244745239615, 0.00253726332448, -0.00303713884205, 0.00323736434802, -0.00344632216729, 0.00303506175987, -0.00289896596223], [0.000671900692396, -0.00169814378023, 0.00218949350528, -0.00260422262363, 0.00176163157448, -0.000801372108981, 0.000503558956552, -0.000794423103798, 0.00178414944094, -0.00225212541409, 0.00269214413129, -0.00282882316969, 0.00183799804654], [-0.00091161718592, 0.00185337441508, -0.00260422262363, 0.00679127406329, -0.00237490492873, 0.00120817997959, -0.000544175738469, 0.000889406132046, -0.00273899966851, 0.00179346778896, -0.0030092773959, 0.00276506342925, -0.0018076665001], [0.00101806106977, -0.00230160774663, 0.00176163157448, -0.00237490492873, 0.0068866959773, -0.00288500729948, 0.000146752325236, -0.00150956434663, 0.000939791614655, -0.00226707919501, 0.00159412261564, -0.00248195091262, 0.00279569113627], [-0.00106303778011, 0.00267464783974, -0.000801372108981, 0.00120817997959, -0.00288500729948, 0.0128535991535, -0.00643648952246, 0.00339853181504, -0.000884292356204, 0.000775778898969, -0.0014317354653, 0.00156202819198, -0.00247528101318], [0.00100165302865, -0.00244745239615, 0.000503558956552, -0.000544175738469, 0.000146752325236, -0.00643648952246, 0.0137508492917, -0.00723318802193, 0.00376738095656, 0.000730135361664, -0.00172283989377, -0.00116909935605, 0.00295428512618], [-0.00101707992144, 0.00253726332448, -0.000794423103798, 0.000889406132046, -0.00150956434663, 0.00339853181504, -0.00723318802193, 0.0191103965044, -0.00917699094862, -3.02285316138e-05, 0.002837409731, -0.00256614759564, 0.000427819584729], [0.00115439388901, -0.00303713884205, 0.00178414944094, -0.00273899966851, 0.000939791614655, -0.000884292356204, 0.00376738095656, -0.00917699094862, 0.0179879441857, -0.00482394266874, -6.46280750516e-05, 0.00168529117946, -0.00176053470932], [-0.000881788320839, 0.00323736434802, -0.00225212541409, 0.00179346778896, -0.00226707919501, 0.000775778898969, 0.000730135361664, -3.02285316138e-05, -0.00482394266874, 0.0166373550892, -0.00469821784645, -7.4678544479e-05, -0.00142503413372], [0.000925469503272, -0.00344632216729, 0.00269214413129, -0.0030092773959, 0.00159412261564, -0.0014317354653, -0.00172283989377, 0.002837409731, -6.46280750516e-05, -0.00469821784645, 0.0187212880701, -0.00782537553459, 0.00327987456694], [-0.000957964570262, 0.00303506175987, -0.00282882316969, 0.00276506342925, -0.00248195091262, 0.00156202819198, -0.00116909935605, -0.00256614759564, 0.00168529117946, -7.4678544479e-05, -0.00782537553459, 0.0222195349634, -0.00716528296471], [0.000934586918447, -0.00289896596223, 0.00183799804654, -0.0018076665001, 0.00279569113627, -0.00247528101318, 0.00295428512618, 0.000427819584729, -0.00176053470932, -0.00142503413372, 0.00327987456694, -0.00716528296471, 0.0168836731464]]
    },
    "melbands": {
        "dmean": [0.00036152912071, 0.000405039230827, 0.000465512013761, 0.000608601083513, 0.000410414737416, 0.000293265969958, 0.00021778041264, 0.00023892695026, 0.000185585522559, 0.00016488377878, 0.000123075005831, 9.22566396184e-05, 7.9443991126e-05, 6.41072983854e-05, 3.97582625737e-05, 5.16112304467e-05, 3.38920035574e-05, 2.09383142646e-05, 1.30701828311e-05, 1.09070069811e-05, 7.29942757971e-06, 5.72294266021e-06, 4.72323335998e-06, 3.62627770301e-06, 3.32912736667e-06, 3.80775441045e-06, 2.66574897978e-06, 1.78300012976e-06, 1.40680322147e-06, 1.15048283078e-06, 1.3465731854e-06, 1.40722625019e-06, 1.48653032284e-06, 1.34784886541e-06, 1.41197006087e-06, 1.40573683893e-06, 9.94911829366e-07, 6.80214839122e-07, 4.08113606909e-07, 2.30578407923e-07],
        "dmean2": [0.000591684656683, 0.000657622586004, 0.000766252691392, 0.00097987614572, 0.00063560338458, 0.000444658100605, 0.000332302617608, 0.000373155839043, 0.000303621811327, 0.000255067803664, 0.000193497136934, 0.000145641650306, 0.000127092149341, 0.000101536112197, 6.38716301182e-05, 8.21945359348e-05, 5.43982714589e-05, 3.36561970471e-05, 2.11094356928e-05, 1.80804690899e-05, 1.20511649584e-05, 9.32789134822e-06, 7.68357494962e-06, 5.92339938521e-06, 5.36207471669e-06, 6.18631338511e-06, 4.34659386883e-06, 2.91129504149e-06, 2.27209534387e-06, 1.80351662493e-06, 2.09227255255e-06, 2.18402692553e-06, 2.25936742027e-06, 2.04770390155e-06, 2.11274618778e-06, 2.11707993003e-06, 1.50987182224e-06, 1.01425166577e-06, 6.14922726072e-07, 3.4089333667e-07],
        "dvar": [5.09602102738e-07, 8.40857921958e-07, 8.32054979583e-07, 1.65281971931e-06, 6.75820956531e-07, 3.13634075155e-07, 2.10560713754e-07, 3.0165764997e-07, 2.27783715445e-07, 1.47274548112e-07, 1.01554562093e-07, 4.81577835387e-08, 2.54576093539e-08, 1.74349814586e-08, 8.8900939943e-09, 2.02537293603e-08, 9.59437862491e-09, 3.58090401775e-09, 1.37987155036e-09, 7.05364711084e-10, 3.71696035062e-10, 1.848367015e-10, 9.16034539888e-11, 5.10569607426e-11, 5.50394799181e-11, 6.79027181705e-11, 3.63323919561e-11, 1.33498689533e-11, 1.06658510149e-11, 1.09444337273e-11, 1.45207439822e-11, 1.82870055904e-11, 2.66564027795e-11, 2.71477024888e-11, 4.98148744477e-11, 5.90139812018e-11, 2.84548339752e-11, 1.0931456261e-11, 3.38487896566e-12, 4.95561165888e-13],
        "dvar2": [1.47394371197e-06, 2.077861609e-06, 2.19328421736e-06, 4.11741029893e-06, 1.59925127718e-06, 7.6224824852e-07, 4.7864040198e-07, 7.43009195503e-07, 5.70974350467e-07, 3.2731188071e-07, 2.58044451584e-07, 1.10273312259e-07, 5.85471369163e-08, 4.15342391591e-08, 2.15414175386e-08, 5.17584588522e-08, 2.43279387746e-08, 9.41971389778e-09, 3.2674676298e-09, 1.90781168641e-09, 9.74030633927e-10, 4.70711025713e-10, 2.30359134545e-10, 1.30731439563e-10, 1.32918565043e-10, 1.74098152561e-10, 9.5513499887e-11, 3.40564347556e-11, 2.38676006042e-11, 2.03591501297e-11, 2.92782187383e-11, 3.67863690898e-11, 5.48323261795e-11, 5.53594219077e-11, 1.06255525212e-10, 1.23264967677e-10, 5.72371004759e-11, 2.21549393414e-11, 7.41527152182e-12, 1.1017561646e-12],
        "max": [0.0115240914747, 0.01596467942, 0.0198036655784, 0.0256927870214, 0.0194994974881, 0.0129947755486, 0.00996792502701, 0.0130931204185, 0.00823921430856, 0.00957977958024, 0.0102220913395, 0.00506379967555, 0.00335287093185, 0.0034201995004, 0.002739591524, 0.0027384867426, 0.00258079636842, 0.00170587026514, 0.00124200654682, 0.000926175911445, 0.000934817653615, 0.000427188992035, 0.000267678493401, 0.000159803836141, 0.000191202198039, 0.000184860968147, 0.00019776589761, 0.000108434236608, 0.000132772504003, 0.000200616777875, 0.000206516720937, 0.000178562884685, 0.000182746705832, 0.000156305759447, 0.000275138852885, 0.000320456310874, 0.000189955011592, 9.3058712082e-05, 7.61545234127e-05, 2.9856515539e-05],
        "mean": [0.00121266569477, 0.0011893856572, 0.000931825954467, 0.00118995527737, 0.000857153208926, 0.000601404462941, 0.000422510172939, 0.000399960990762, 0.000262788700638, 0.000284348323476, 0.000223583556362, 0.00016101959045, 0.000141888915095, 0.000117427312944, 6.8721921707e-05, 8.97803183761e-05, 5.87760223425e-05, 3.62898354069e-05, 2.27766468015e-05, 1.91963881662e-05, 1.41968685057e-05, 1.05998906292e-05, 9.2187701739e-06, 7.3828132372e-06, 6.55637632008e-06, 7.63746356824e-06, 5.19631794305e-06, 3.33312686962e-06, 2.63019705926e-06, 2.10221219277e-06, 2.52668428402e-06, 2.6541238185e-06, 2.65532503363e-06, 2.30323644246e-06, 2.28263706958e-06, 2.14396823139e-06, 1.59018372869e-06, 1.0789181033e-06, 6.39697873339e-07, 3.80701038694e-07],
        "median": [0.000861576758325, 0.000716204522178, 0.000478324713185, 0.000643348437734, 0.000482226081658, 0.000312164309435, 0.000214377723751, 0.000147989529069, 7.78125249781e-05, 7.69194157328e-05, 5.99287959631e-05, 4.1849041736e-05, 4.29120664194e-05, 3.02468979498e-05, 1.57667982421e-05, 1.46170750668e-05, 1.18217612908e-05, 1.00745019154e-05, 6.2649960455e-06, 6.02427007834e-06, 5.1605857152e-06, 3.56541522706e-06, 3.34376454703e-06, 2.63081437879e-06, 2.12265331356e-06, 2.46496938416e-06, 2.12462623495e-06, 1.5232089936e-06, 1.18550383377e-06, 9.97416464088e-07, 1.08202743831e-06, 1.10676114673e-06, 1.03114564354e-06, 8.84614792085e-07, 7.23773837308e-07, 5.92530568611e-07, 4.25516049063e-07, 2.69551549081e-07, 1.91797170146e-07, 1.28762707163e-07],
        "min": [4.16519839856e-25, 4.82779619944e-25, 7.79036530115e-25, 7.41000812709e-25, 9.12406580955e-25, 1.0202957343e-24, 4.36355550102e-25, 4.73018156495e-25, 7.86178334409e-25, 8.11126060537e-25, 1.19776587076e-24, 1.40327587087e-24, 1.74386400291e-24, 1.67654557148e-24, 8.90633033895e-25, 1.82775561309e-24, 1.28197154619e-24, 2.07866741792e-24, 2.04389107656e-24, 2.27176400144e-24, 2.41585279844e-24, 2.77734968876e-24, 2.85326374582e-24, 2.76720651524e-24, 2.32028111648e-24, 3.16888521906e-24, 3.56112954089e-24, 4.05638903896e-24, 3.40758170999e-24, 3.42704803612e-24, 3.85448837331e-24, 4.18610814293e-24, 4.34191763804e-24, 4.28505259968e-24, 4.51961723441e-24, 4.93792453447e-24, 5.41567289817e-24, 5.32471644693e-24, 5.08887661856e-24, 5.16387678026e-24],
        "var": [1.82711335128e-06, 2.40483586822e-06, 1.7344839307e-06, 3.65649339074e-06, 1.65601886692e-06, 7.70405620187e-07, 5.01111571793e-07, 6.07485219462e-07, 3.30049886088e-07, 4.05469052112e-07, 3.29547077627e-07, 1.24851041505e-07, 7.36535952228e-08, 5.39578834946e-08, 2.3692724227e-08, 4.85313265131e-08, 2.17397673197e-08, 6.65029498137e-09, 2.87680523847e-09, 1.63910496287e-09, 1.10730014047e-09, 4.7095871647e-10, 2.42280945306e-10, 1.41954142885e-10, 1.54892626503e-10, 1.84210716125e-10, 8.66081026341e-11, 2.80922715645e-11, 2.48384871698e-11, 2.75271038602e-11, 3.83910195301e-11, 4.38009004067e-11, 5.76485595372e-11, 5.98809613006e-11, 8.413048036e-11, 9.3396637646e-11, 5.22818940918e-11, 2.13765012635e-11, 6.05176889504e-12, 8.5782552936e-13]
    },
    "mfcc": {
        "mean": [-693.697387695, 116.378631592, 14.2631511688, 11.6502590179, -5.20396852493, 5.43290758133, -3.71896243095, 3.27419042587, -4.95539665222, 0.840303182602, -2.2706797123, -1.46570658684, 0.0688164681196],
        "cov": [[28480.1328125, 5957.42236328, 124.380653381, 568.434143066, -400.667663574, 349.958007812, -107.017807007, 295.920928955, -451.417053223, 102.992500305, -42.5655441284, -100.134513855, -75.8735351562], [5957.42236328, 2482.62841797, 324.245605469, 279.66192627, 6.55679321289, 99.9148101807, -11.3809423447, 104.984725952, -88.4614715576, 13.4934215546, -12.699007988, -22.0833148956, 12.3540687561], [124.380653381, 324.245605469, 1277.46801758, 406.153411865, 45.5310630798, 40.3743896484, -25.3225479126, -18.2205123901, 13.7840518951, 9.79805088043, -52.5702972412, 20.2581157684, 40.2361602783], [568.434143066, 279.66192627, 406.153411865, 327.666442871, 81.0445632935, 23.4287281036, -8.56275844574, 8.97964572906, 9.55786991119, 22.6719856262, -4.8781709671, 13.8225069046, 40.1424407959], [-400.667663574, 6.55679321289, 45.5310630798, 81.0445632935, 154.825790405, 30.5797290802, -4.7122335434, -4.70851421356, 20.4754333496, 16.2392177582, 3.63190078735, 2.1101899147, 16.7032165527], [349.958007812, 99.9148101807, 40.3743896484, 23.4287281036, 30.5797290802, 118.19203186, 56.0317268372, 15.5061388016, -9.77728462219, -1.06112468243, 10.2779722214, 0.718006551266, -4.97508478165], [-107.017807007, -11.3809423447, -25.3225479126, -8.56275844574, -4.7122335434, 56.0317268372, 140.142913818, 47.3845977783, -12.1256494522, -5.26986837387, 18.400138855, 13.1920289993, -3.86152362823], [295.920928955, 104.984725952, -18.2205123901, 8.97964572906, -4.70851421356, 15.5061388016, 47.3845977783, 108.62273407, 11.7369403839, -0.886282145977, 15.2495126724, 10.2851305008, 6.55346822739], [-451.417053223, -88.4614715576, 13.7840518951, 9.55786991119, 20.4754333496, -9.77728462219, -12.1256494522, 11.7369403839, 104.978370667, 25.2933750153, -5.80404758453, 1.92519760132, 13.7730455399], [102.992500305, 13.4934215546, 9.79805088043, 22.6719856262, 16.2392177582, -1.06112468243, -5.26986837387, -0.886282145977, 25.2933750153, 72.5980148315, 17.8422336578, -1.31750106812, -0.136535272002], [-42.5655441284, -12.699007988, -52.5702972412, -4.8781709671, 3.63190078735, 10.2779722214, 18.400138855, 15.2495126724, -5.80404758453, 17.8422336578, 68.8992996216, 22.2192668915, 2.41104459763], [-100.134513855, -22.0833148956, 20.2581157684, 13.8225069046, 2.1101899147, 0.718006551266, 13.1920289993, 10.2851305008, 1.92519760132, -1.31750106812, 22.2192668915, 67.1070632935, 33.6024475098], [-75.8735351562, 12.3540687561, 40.2361602783, 40.1424407959, 16.7032165527, -4.97508478165, -3.86152362823, 6.55346822739, 13.7730455399, -0.136535272002, 2.41104459763, 33.6024475098, 80.5443344116]],
