{
"lowlevel": {
    "average_loudness": 0.592247724533,
    "barkbands_crest": {
        "dmean": 2.09733200073,
        "dmean2": 3.39082813263,
        "dvar": 4.08507537842,
        "dvar2": 10.4238214493,
        "max": 26.2518405914,
        "mean": 10.0741205215,
        "median": 8.88314342499,
        "min": 2.74486446381,
        "var": 19.3569202423
    },
    "barkbands_flatness_db": {
        "dmean": 0.0163815692067,
        "dmean2": 0.0259728413075,
        "dvar": 0.000214208528632,
        "dvar2": 0.000527327822056,
        "max": 0.452384769917,
        "mean": 0.190915063024,
        "median": 0.196210384369,
        "min": 0.0530728213489,
        "var": 0.00377964018844
    },
    "barkbands_kurtosis": {
        "dmean": 1.94072842598,
        "dmean2": 3.11599707603,
        "dvar": 18.1032466888,
        "dvar2": 49.8437004089,
        "max": 198.026138306,
        "mean": 3.4502017498,
        "median": 2.15849637985,
        "min": -1.67828345299,
        "var": 35.6391029358
    },
    "barkbands_skewness": {
        "dmean": 0.398189336061,
        "dmean2": 0.62883991003,
        "dvar": 0.165311992168,
        "dvar2": 0.415097862482,
        "max": 13.1181316376,
        "mean": 0.968355417252,
        "median": 1.05570304394,
        "min": -2.31761741638,
        "var": 1.7187435627
    },
    "barkbands_spread": {
        "dmean": 2.41577911377,
        "dmean2": 3.79680657387,
        "dvar": 8.40273571014,
        "dvar2": 20.4891967773,
        "max": 121.381027222,
        "mean": 12.4541149139,
        "median": 10.8638963699,
        "min": 0.468363493681,
        "var": 51.7156600952
    },
    "dissonance": {
        "dmean": 0.0264787804335,
        "dmean2": 0.044597774744,
        "dvar": 0.000655202369671,
        "dvar2": 0.00182947178837,
        "max": 0.500000059605,
        "mean": 0.436028003693,
        "median": 0.441499173641,
        "min": 0.191577255726,
        "var": 0.00210412964225
    },
    "dynamic_complexity": 3.4773645401,
    "erbbands_crest": {
        "dmean": 2.77810907364,
        "dmean2": 4.46558523178,
        "dvar": 7.29784727097,
        "dvar2": 18.1881504059,
        "max": 32.5164909363,
        "mean": 11.3311309814,
        "median": 10.188501358,
        "min": 2.57621645927,
        "var": 33.4873313904
    },
    "erbbands_flatness_db": {
        "dmean": 0.0141639281064,
        "dmean2": 0.0215521734208,
        "dvar": 0.000166135068866,
        "dvar2": 0.000376863637939,
        "max": 0.43854919076,
        "mean": 0.230433017015,
        "median": 0.239105686545,
        "min": 0.0814128816128,
        "var": 0.00369009980932
    },
    "erbbands_kurtosis": {
        "dmean": 0.991829276085,
        "dmean2": 1.5897885561,
        "dvar": 1.70031821728,
        "dvar2": 4.1372590065,
        "max": 25.2375659943,
        "mean": 0.965547442436,
        "median": 0.364834070206,
        "min": -1.69350266457,
        "var": 4.54542636871
    },
    "erbbands_skewness": {
        "dmean": 0.337855428457,
        "dmean2": 0.527646660805,
        "dvar": 0.0959971621633,
        "dvar2": 0.22760604322,
        "max": 4.93400096893,
        "mean": 0.418119817972,
        "median": 0.417737007141,
        "min": -2.17387795448,
        "var": 0.57699239254
    },
    "erbbands_spread": {
        "dmean": 3.93433904648,
        "dmean2": 6.15384292603,
        "dvar": 15.8454961777,
        "dvar2": 36.7593727112,
        "max": 112.134208679,
        "mean": 21.8098678589,
        "median": 20.4477119446,
        "min": 2.55510783195,
        "var": 91.4683761597
    },
    "hfc": {
        "dmean": 3.79648470879,
        "dmean2": 5.78594875336,
        "dvar": 52.7183036804,
        "dvar2": 116.724975586,
        "max": 189.241836548,
        "mean": 15.059920311,
        "median": 11.1377010345,
        "min": 1.05650948907e-16,
        "var": 256.539520264
    },
    "melbands_crest": {
        "dmean": 2.66469573975,
        "dmean2": 4.30674982071,
        "dvar": 6.68030405045,
        "dvar2": 17.1160202026,
        "max": 33.6621437073,
        "mean": 12.4927787781,
        "median": 11.8388967514,
        "min": 1.5242215395,
        "var": 38.9914779663
    },
    "melbands_flatness_db": {
        "dmean": 0.0159162227064,
        "dmean2": 0.0245273672044,
        "dvar": 0.000248321826803,
        "dvar2": 0.000594396842644,
        "max": 0.536694467068,
        "mean": 0.222138628364,
        "median": 0.241440847516,
        "min": 0.00238232105039,
        "var": 0.00847694836557
    },
    "melbands_kurtosis": {
        "dmean": 2.73501992226,
        "dmean2": 4.39556646347,
        "dvar": 42.768737793,
        "dvar2": 114.475364685,
        "max": 291.971954346,
        "mean": 5.09913301468,
        "median": 2.9137597084,
        "min": -1.72484910488,
        "var": 90.8166275024
    },
    "melbands_skewness": {
        "dmean": 0.437849014997,
        "dmean2": 0.687910974026,
        "dvar": 0.210302874446,
        "dvar2": 0.517103016376,
        "max": 12.4226398468,
        "mean": 1.45195674896,
        "median": 1.37741756439,
        "min": -1.48462665081,
        "var": 1.29610085487
    },
    "melbands_spread": {
        "dmean": 4.37173318863,
        "dmean2": 7.01570224762,
        "dvar": 29.3737163544,
        "dvar2": 79.8335571289,
        "max": 164.825897217,
        "mean": 27.0219993591,
        "median": 15.4987068176,
        "min": 0.776158869267,
        "var": 1262.81286621
    },
    "pitch_salience": {
        "dmean": 0.0519125647843,
        "dmean2": 0.0837832838297,
        "dvar": 0.00236569298431,
        "dvar2": 0.00598616199568,
        "max": 0.966189801693,
        "mean": 0.563283920288,
        "median": 0.546655118465,
        "min": 0.120934963226,
        "var": 0.0184237994254
    },
    "silence_rate_20dB": {
        "dmean": 0,
        "dmean2": 0,
        "dvar": 0,
        "dvar2": 0,
        "max": 1,
        "mean": 1,
        "median": 1,
        "min": 1,
        "var": 0
    },
    "silence_rate_30dB": {
        "dmean": 0.00309023493901,
        "dmean2": 0.006181106437,
        "dvar": 0.00308067374863,
        "dvar2": 0.00758510222659,
        "max": 1,
        "mean": 0.996910095215,
        "median": 1,
        "min": 0,
        "var": 0.00308035872877
    },
    "silence_rate_60dB": {
        "dmean": 0.011536876671,
        "dmean2": 0.0230761300772,
        "dvar": 0.0114012146369,
        "dvar2": 0.0274891164154,
        "max": 1,
        "mean": 0.15243588388,
        "median": 0,
        "min": 0,
        "var": 0.129214033484
    },
    "spectral_centroid": {
        "dmean": 143.416427612,
        "dmean2": 230.743591309,
        "dvar": 38000.2226562,
        "dvar2": 93281.984375,
        "max": 12010.8759766,
        "mean": 1894.40209961,
        "median": 876.699157715,
        "min": 235.304153442,
        "var": 9012585
    },
    "spectral_complexity": {
        "dmean": 1.67552530766,
        "dmean2": 2.78067374229,
        "dvar": 3.1213092804,
        "dvar2": 7.88960599899,
        "max": 51,
        "mean": 13.4175510406,
        "median": 14,
        "min": 0,
        "var": 57.5872001648
    },
    "spectral_decrease": {
        "dmean": 1.30459276715e-09,
        "dmean2": 1.99191174666e-09,
        "dvar": 3.9986200324e-18,
        "dvar2": 9.31498096681e-18,
        "max": 2.29014014876e-28,
        "mean": -5.27816412799e-09,
        "median": -4.44707337621e-09,
        "min": -5.34328634672e-08,
        "var": 2.14043803021e-17
    },
    "spectral_energy": {
        "dmean": 0.00523296836764,
        "dmean2": 0.00798502471298,
        "dvar": 6.54245304759e-05,
        "dvar2": 0.00015162708587,
        "max": 0.215822935104,
        "mean": 0.0212870016694,
        "median": 0.0179891120642,
        "min": 9.76948851818e-21,
        "var": 0.000349891837686
    },
    "spectral_energyband_high": {
        "dmean": 5.03011979163e-05,
        "dmean2": 7.8501747339e-05,
        "dvar": 3.14291881409e-08,
        "dvar2": 6.66719657261e-08,
        "max": 0.00723693659529,
        "mean": 0.000130766216898,
        "median": 4.47307575087e-05,
        "min": 6.7933831471e-21,
        "var": 1.03009121233e-07
    },
    "spectral_energyband_low": {
        "dmean": 0.000794102728833,
        "dmean2": 0.00123201170936,
        "dvar": 4.29313467976e-06,
        "dvar2": 1.00340357676e-05,
        "max": 0.051572419703,
        "mean": 0.00209167739376,
        "median": 0.000486297096359,
        "min": 5.69389388425e-24,
        "var": 1.51245494635e-05
    },
    "spectral_energyband_middle_high": {
        "dmean": 0.00212517264299,
        "dmean2": 0.00331065664068,
        "dvar": 2.07273205888e-05,
        "dvar2": 4.98833360325e-05,
        "max": 0.125221461058,
        "mean": 0.00608167238533,
        "median": 0.00334448856302,
        "min": 1.06910448649e-21,
        "var": 8.07080505183e-05
    },
    "spectral_energyband_middle_low": {
        "dmean": 0.00399452494457,
        "dmean2": 0.00609818147495,
        "dvar": 4.15290342062e-05,
        "dvar2": 0.000100648292573,
        "max": 0.188074022532,
        "mean": 0.013543618843,
        "median": 0.0107115376741,
        "min": 1.18294135603e-22,
        "var": 0.000178006710485
    },
    "spectral_entropy": {
        "dmean": 0.116954691708,
        "dmean2": 0.17914634943,
        "dvar": 0.0138194048777,
        "dvar2": 0.0319433771074,
        "max": 9.82846355438,
        "mean": 7.16871976852,
        "median": 6.9017624855,
        "min": 4.59676122665,
        "var": 0.941436111927
    },
    "spectral_flux": {
        "dmean": 0.0144143626094,
        "dmean2": 0.0236300639808,
        "dvar": 0.000362884544302,
        "dvar2": 0.000920304388274,
        "max": 0.410926520824,
        "mean": 0.0573441721499,
        "median": 0.0544985048473,
        "min": 6.25517415642e-11,
        "var": 0.00151863181964
    },
    "spectral_kurtosis": {
        "dmean": 3.54316830635,
        "dmean2": 6.22911643982,
        "dvar": 15.2825517654,
        "dvar2": 46.5613861084,
        "max": 79.9959030151,
        "mean": 9.26434612274,
        "median": 8.11322975159,
        "min": -1.29295516014,
        "var": 52.1327362061
    },
    "spectral_rms": {
        "dmean": 0.000500553287566,
        "dmean2": 0.000759547459893,
        "dvar": 3.56386379963e-07,
        "dvar2": 7.83402640536e-07,
        "max": 0.0145106501877,
        "mean": 0.00399743951857,
        "median": 0.00418931432068,
        "min": 3.08726546931e-12,
        "var": 4.78819856653e-06
    },
    "spectral_rolloff": {
        "dmean": 221.33454895,
        "dmean2": 385.789154053,
        "dvar": 151939.78125,
        "dvar2": 340384.78125,
        "max": 19918.2128906,
        "mean": 2813.23730469,
        "median": 1141.25976562,
        "min": 193.798828125,
        "var": 27429270
    },
    "spectral_skewness": {
        "dmean": 0.317651867867,
        "dmean2": 0.546742320061,
        "dvar": 0.0938138514757,
        "dvar2": 0.279369115829,
        "max": 7.31995010376,
        "mean": 2.04981160164,
        "median": 2.08362793922,
        "min": -0.117456249893,
        "var": 0.830533266068
    },
    "spectral_spread": {
        "dmean": 340452.0625,
        "dmean2": 564194.625,
        "dvar": 382062526464,
        "dvar2": 857623363584,
        "max": 43672136,
        "mean": 6465769.5,
        "median": 2780973.5,
        "min": 965212.75,
        "var": 1.24203793646e+14
    },
    "spectral_strongpeak": {
        "dmean": 0.618413388729,
        "dmean2": 1.02453494072,
        "dvar": 0.980228245258,
        "dvar2": 2.38987445831,
        "max": 13.8932151794,
        "mean": 1.40615391731,
        "median": 0.863155603409,
        "min": 0,
        "var": 2.80950593948
    },
    "zerocrossingrate": {
        "dmean": 0.0051924395375,
        "dmean2": 0.00713050598279,
        "dvar": 7.77131863288e-05,
        "dvar2": 0.000124226105982,
        "max": 0.7802734375,
        "mean": 0.0861319303513,
        "median": 0.04052734375,
        "min": 0.009765625,
        "var": 0.0187629014254
    },
    "barkbands": {
        "dmean": [6.30736167295e-06, 0.000189959333511, 0.000505703850649, 0.00050138332881, 0.00140404107515, 0.00081111950567, 0.0010082302615, 0.00166251778137, 0.000772673578467, 0.00061212934088, 0.000413703499362, 0.000683660095092, 0.000832945050206, 0.000189335551113, 0.000342302257195, 0.00017004685651, 0.000157516784384, 7.95483501861e-05, 5.14772655151e-05, 4.40985386376e-05, 1.47859045683e-05, 7.66123775975e-06, 5.17688658874e-06, 5.45072998648e-06, 2.08525898415e-06, 6.98591009041e-07, 3.95789800933e-09],
        "dmean2": [1.11061199277e-05, 0.000284915615339, 0.000769273668993, 0.000861063774209, 0.00226245867088, 0.00116476998664, 0.00151343119796, 0.00243601342663, 0.00112360331696, 0.000963043479715, 0.000652452523354, 0.00109904666897, 0.0013166400604, 0.000303940672893, 0.000556938408408, 0.000273506477242, 0.000261641660472, 0.000132463363116, 8.21792709758e-05, 6.87484789523e-05, 2.39665969275e-05, 1.24895377667e-05, 8.47944011184e-06, 8.85829831532e-06, 3.40955716638e-06, 1.14637884963e-06, 6.97745150546e-09],
        "dvar": [1.47562781438e-10, 3.14207881047e-07, 2.08686105907e-06, 1.53053235863e-06, 7.31450245439e-06, 3.91525964005e-06, 8.60019918036e-06, 1.70786206581e-05, 5.73665374759e-06, 4.26393626185e-06, 3.51776770913e-06, 5.74976957068e-06, 7.74259478931e-06, 1.18253240089e-06, 6.28445661732e-07, 1.85797077279e-07, 1.49599443944e-07, 6.02011738238e-08, 2.41258319988e-08, 2.35510615454e-08, 3.06638225922e-09, 9.92877446926e-10, 1.32870248137e-09, 1.63474289661e-09, 8.53515105814e-11, 1.22607028696e-11, 4.06721583758e-16],
        "dvar2": [4.12150730211e-10, 6.89130786213e-07, 4.84790234623e-06, 4.48322225566e-06, 2.08472556551e-05, 8.32089062897e-06, 2.0626339392e-05, 4.09442873206e-05, 1.20461500046e-05, 1.07006499093e-05, 8.48698800837e-06, 1.46987249536e-05, 1.88501526281e-05, 2.69447855317e-06, 1.50689186285e-06, 4.18085733145e-07, 3.88737248613e-07, 1.45920552086e-07, 6.01840994818e-08, 4.99669141618e-08, 6.32022034708e-09, 2.41241515653e-09, 3.52596107867e-09, 4.41461134315e-09, 1.95097160649e-10, 2.74601730244e-11, 1.12611706848e-15],
        "max": [0.000302879401715, 0.02184580639, 0.0416974313557, 0.0303386487067, 0.0740645900369, 0.0596169047058, 0.166908845305, 0.165099442005, 0.109251216054, 0.106850095093, 0.0895717144012, 0.0861193910241, 0.0706385076046, 0.0450641587377, 0.0278064887971, 0.0156447328627, 0.015087492764, 0.0110914632678, 0.00455243512988, 0.0075853317976, 0.00324095459655, 0.00125917396508, 0.00247392687015, 0.00255602202378, 0.000343864609022, 0.000128481347929, 8.69299981332e-07],
        "mean": [6.20661967332e-06, 0.000391916895751, 0.00122492806986, 0.000905065622646, 0.00365122803487, 0.00206950376742, 0.00201028166339, 0.00336342514493, 0.00136691296939, 0.000994981382973, 0.000680299068335, 0.00134716706816, 0.00142960809171, 0.000279447762296, 0.000572469085455, 0.00031781278085, 0.000273084588116, 0.000143112731166, 9.92585992208e-05, 8.63111927174e-05, 2.89959443762e-05, 1.61181324074e-05, 1.07404348455e-05, 1.20315526146e-05, 4.44517854703e-06, 1.66341851582e-06, 3.4512743774e-09],
        "median": [2.35873108068e-06, 5.89752417e-05, 0.000191885337699, 0.000209401041502, 0.00174334039912, 0.000641962571535, 0.00066530960612, 0.00108380778693, 0.000392360088881, 0.000308321818011, 0.000114153430331, 0.000206187149161, 0.000210754951695, 3.61249221896e-05, 0.00022869525128, 0.000108928354166, 9.72078923951e-05, 3.306175131e-05, 3.74663577531e-05, 2.84102970909e-05, 9.5696095741e-06, 3.18575121128e-06, 2.63735319095e-06, 2.87425859824e-06, 8.05843683338e-07, 1.0545499407e-07, 2.96073582318e-10],
        "min": [6.3377719912e-26, 4.43035180513e-25, 2.74318146055e-25, 3.87521953929e-25, 3.40669424148e-24, 3.94853479271e-24, 4.24103613333e-24, 1.88856258938e-24, 9.07697594111e-24, 6.61445432873e-24, 1.00507095549e-23, 1.01642006068e-23, 2.09138701115e-23, 1.70289510344e-23, 2.92962871578e-23, 3.53257025177e-23, 5.06677029052e-23, 6.48386866106e-23, 1.01967005717e-22, 1.21646276957e-22, 1.78955216807e-22, 2.85719487637e-22, 3.40747723326e-22, 5.25541962336e-22, 7.50978214209e-22, 1.17498925945e-21, 1.756430991e-21],
        "var": [1.45614867386e-10, 8.03334046395e-07, 6.68629036227e-06, 3.67735151485e-06, 2.91424348688e-05, 1.8477845515e-05, 1.78314894583e-05, 4.4822882046e-05, 1.08978802018e-05, 6.36655204289e-06, 7.0659116318e-06, 2.4006852982e-05, 1.97132376343e-05, 1.52767370309e-06, 1.41244788665e-06, 4.9365888799e-07, 2.99815980043e-07, 1.23811219055e-07, 4.93265694956e-08, 6.72835724913e-08, 7.93689736156e-09, 2.19892770659e-09, 1.26424137825e-09, 1.49164913754e-09, 1.74409209297e-10, 3.18733685278e-11, 3.50709862525e-16]
    },
    "erbbands": {
        "dmean": [0.00189677195158, 0.0598704516888, 0.475253969431, 1.11372065544, 3.24311614037, 4.77590751648, 7.75453901291, 5.85273551941, 13.1252031326, 16.0357704163, 38.4341201782, 21.1330928802, 10.9665575027, 22.8560905457, 18.5602684021, 33.5979652405, 40.7223739624, 11.5353984833, 19.1161155701, 9.01846885681, 9.27718639374, 6.07850599289, 5.30971002579, 2.5090265274, 2.53405284882, 2.23467826843, 1.04181170464, 0.366028130054, 0.296988010406, 0.179282456636, 0.147327706218, 0.133957758546, 0.0799390599132, 0.0307460986078, 0.0119169885293, 0.00488260621205, 0.000986779807135, 4.01835641242e-05, 3.29064118887e-06, 6.05438162893e-06],
        "dmean2": [0.00302262371406, 0.0888552367687, 0.711834549904, 1.87340438366, 5.58726215363, 7.487408638, 10.9762001038, 8.86160564423, 19.3958492279, 23.9351119995, 56.1450500488, 30.0697250366, 17.487859726, 35.6969146729, 28.152425766, 53.7021026611, 63.6950378418, 18.4110870361, 31.1464672089, 14.5049142838, 14.9312934875, 10.0469827652, 8.8488740921, 4.01572561264, 4.04363489151, 3.48648452759, 1.66410040855, 0.592616319656, 0.482654511929, 0.294435560703, 0.242574706674, 0.220425158739, 0.127181127667, 0.0500777810812, 0.0195083022118, 0.00795612577349, 0.00159834139049, 6.43598832539e-05, 5.04065928908e-06, 9.23573406908e-06],
        "dvar": [3.01659511024e-05, 0.0312133673579, 1.95023310184, 7.2499833107, 47.6370048523, 86.4090042114, 369.07232666, 274.365814209, 1011.21014404, 3251.62329102, 8592.578125, 3081.46801758, 4659.71142578, 4346.33154297, 4946.99560547, 12769.1054688, 18597.9257812, 2364.35180664, 2807.56201172, 608.961975098, 436.274993896, 260.533447266, 224.71812439, 77.5656204224, 72.6243286133, 56.8351478577, 14.7734727859, 2.32966780663, 1.63934326172, 0.994908332825, 1.20353710651, 1.51999795437, 0.118526048958, 0.0161835607141, 0.00371552584693, 0.000624422333203, 2.08384626603e-05, 4.82611675068e-08, 4.0102726695e-11, 8.92055387891e-11],
        "dvar2": [6.66381674819e-05, 0.0677985176444, 4.32145166397, 19.8028106689, 150.348144531, 227.504348755, 691.297546387, 670.204223633, 2235.22338867, 7988.53955078, 19818.1328125, 6125.75732422, 12850.7617188, 10778.0927734, 10953.7265625, 32006.7539062, 44661.015625, 4988.79882812, 6758.71826172, 1412.64489746, 999.682495117, 666.221435547, 562.977111816, 178.090927124, 195.473648071, 127.787742615, 27.7803058624, 5.48700237274, 4.02076387405, 2.60630679131, 3.20861124992, 4.13551330566, 0.293390154839, 0.0389105975628, 0.00846064090729, 0.00137501046993, 5.02426519233e-05, 1.16669788497e-07, 9.1529929469e-11, 2.05174446877e-10],
        "max": [0.177864059806, 6.8388171196, 39.4653625488, 74.6053161621, 116.643753052, 251.527145386, 817.655761719, 670.177612305, 931.485107422, 2662.2265625, 2432.65771484, 2469.16845703, 3870.41723633, 2721.42089844, 2649.98095703, 4362.55859375, 3706.64550781, 2337.80126953, 2204.11669922, 978.881896973, 570.516357422, 775.604675293, 558.290466309, 350.957214355, 320.9765625, 324.782226562, 206.855041504, 65.7290496826, 48.8921661377, 58.0099334717, 75.0862960815, 81.5832519531, 16.3307533264, 4.00295877457, 2.79217147827, 1.01190948486, 0.14467035234, 0.0104896072298, 0.000207391000004, 0.000251932448009],
        "mean": [0.00389994750731, 0.136241212487, 1.26430654526, 2.37896132469, 6.5724029541, 12.6656980515, 20.8140163422, 13.6283569336, 28.0622291565, 33.5290336609, 77.8240280151, 40.9671134949, 18.8871669769, 37.8526802063, 35.5857582092, 67.4597015381, 72.2613143921, 21.8057670593, 31.7466888428, 17.3407363892, 18.9756565094, 11.8290586472, 10.0615701675, 4.97888231277, 5.0075302124, 4.44928073883, 2.225471735, 0.769406437874, 0.616243422031, 0.375070899725, 0.304880082607, 0.266899377108, 0.179065316916, 0.0665856748819, 0.0249967873096, 0.0112835085019, 0.00216477550566, 8.70024960022e-05, 1.36342523547e-05, 2.5016553991e-05],
        "median": [0.000898456957657, 0.020865065977, 0.200501799583, 0.751877009869, 2.86720299721, 5.890645504, 5.83629751205, 4.97101020813, 10.1401767731, 13.4011793137, 25.6412773132, 15.1651191711, 7.6159954071, 11.6045703888, 9.01943969727, 12.3515691757, 13.2654457092, 4.88825511932, 12.1974744797, 7.58071136475, 8.47239017487, 5.16631889343, 2.81416773796, 1.61743795872, 1.99522089958, 1.53224551678, 0.768875002861, 0.225208222866, 0.125831112266, 0.084886983037, 0.0707232877612, 0.0703467130661, 0.037072468549, 0.0118833156303, 0.00458021461964, 0.00125383923296, 5.26160911249e-05, 4.68002690468e-06, 1.01782861748e-05, 2.10225643968e-05],
        "min": [1.98768398764e-23, 2.70467512056e-22, 8.95522775594e-22, 1.78602693171e-21, 9.2351766945e-21, 1.55659962425e-20, 2.8995869639e-20, 2.68758348096e-20, 5.03478052426e-20, 1.16990221985e-19, 1.61434675071e-19, 2.26637768467e-19, 4.26568020455e-19, 5.26451656234e-19, 6.18149280026e-19, 9.271829229e-19, 1.27261561465e-18, 1.53840983857e-18, 1.81744112364e-18, 2.0349658433e-18, 2.9593242546e-18, 3.88381025851e-18, 3.80689941875e-18, 3.91021841316e-18, 5.89222505172e-18, 6.34860996057e-18, 6.90657843892e-18, 7.10896554657e-18, 1.02856724526e-17, 8.52043676533e-18, 9.36701889915e-18, 8.77936414939e-18, 9.4480519935e-18, 7.21532691127e-18, 5.45569619987e-18, 3.66574270158e-18, 2.08184051425e-18, 8.34286145714e-19, 2.30827464119e-19, 2.55229453748e-20],
        "var": [8.04122391855e-05, 0.08710167557, 7.11855220795, 21.9892463684, 112.561180115, 368.889984131, 2301.52001953, 803.180603027, 3106.32617188, 5259.30712891, 25090.7578125, 6919.80615234, 4231.02636719, 7722.18603516, 15648.5556641, 50084.6640625, 47988.0117188, 4695.72998047, 5254.69726562, 1349.97229004, 1296.93774414, 516.807861328, 499.850952148, 165.134536743, 129.304122925, 153.752456665, 46.6121559143, 4.91295337677, 3.76356315613, 1.31539535522, 1.06728291512, 1.16795253754, 0.197339981794, 0.0301954764873, 0.00765946833417, 0.00146230880637, 5.81808308198e-05, 1.12774742433e-07, 2.00182093124e-10, 4.84250639587e-10]
    },
    "gfcc": {
        "mean": [-165.118896484, 124.312225342, -139.646194458, 7.68011903763, -62.4088973999, -0.447431594133, -41.0203208923, -1.31551229954, -20.7852687836, -8.45225048065, -6.79719924927, -17.0322742462, -3.21380758286],
        "cov": [[106236.851562, 12584.4101562, -14915.3125, 827.980224609, -6336.48144531, 31.1549453735, -4236.58935547, -18.9409828186, -2241.546875, -771.91583252, -807.685791016, -1741.18249512, -610.850158691], [12584.4101562, 3100.02050781, -1297.84729004, 180.14012146, -606.13079834, -322.79788208, -491.360534668, -247.057037354, -222.725814819, -290.873199463, -69.661819458, -387.38659668, 90.8206481934], [-14915.3125, -1297.84729004, 2929.78100586, 11.1574344635, 998.11895752, 17.6323394775, 586.235778809, -16.647315979, 228.817214966, 79.3535995483, 46.2973251343, 287.345733643, 11.6609573364], [827.980224609, 180.14012146, 11.1574344635, 232.18711853, 60.7818183899, 6.28272914886, -54.8298873901, 2.73402810097, 1.85352873802, -11.2126073837, -58.9105262756, -13.0179100037, -3.07010602951], [-6336.48144531, -606.13079834, 998.11895752, 60.7818183899, 645.389404297, 26.2604999542, 283.95703125, -5.81697177887, 170.212936401, 50.4257736206, -26.032201767, 116.710983276, 17.5719661713], [31.1549453735, -322.79788208, 17.6323394775, 6.28272914886, 26.2604999542, 283.050689697, 52.8103790283, 77.868057251, -37.2884140015, 59.5900421143, -8.90165615082, 85.1051864624, -66.3454437256], [-4236.58935547, -491.360534668, 586.235778809, -54.8298873901, 283.95703125, 52.8103790283, 303.081268311, 24.545507431, 92.4152984619, 48.1298675537, 57.1083374023, 63.4747695923, 13.6945524216], [-18.9409828186, -247.057037354, -16.647315979, 2.73402810097, -5.81697177887, 77.868057251, 24.545507431, 133.722076416, 26.0175495148, 37.1050186157, -14.2470607758, 35.2478141785, -44.7901649475], [-2241.546875, -222.725814819, 228.817214966, 1.85352873802, 170.212936401, -37.2884140015, 92.4152984619, 26.0175495148, 165.133773804, 35.3743782043, 10.0852928162, 8.57073307037, 33.9548683167], [-771.91583252, -290.873199463, 79.3535995483, -11.2126073837, 50.4257736206, 59.5900421143, 48.1298675537, 37.1050186157, 35.3743782043, 116.51385498, 10.2144107819, 54.291885376, -18.7339038849], [-807.685791016, -69.661819458, 46.2973251343, -58.9105262756, -26.032201767, -8.90165615082, 57.1083374023, -14.2470607758, 10.0852928162, 10.2144107819, 151.917129517, -8.56462097168, 9.55519008636], [-1741.18249512, -387.38659668, 287.345733643, -13.0179100037, 116.710983276, 85.1051864624, 63.4747695923, 35.2478141785, 8.57073307037, 54.291885376, -8.56462097168, 161.717147827, 4.63538646698], [-610.850158691, 90.8206481934, 11.6609573364, -3.07010602951, 17.5719661713, -66.3454437256, 13.6945524216, -44.7901649475, 33.9548683167, -18.7339038849, 9.55519008636, 4.63538646698, 140.884307861]],
        "icov": [[0.000255734863458, -0.000668798107654, 0.000704846461304, -0.000344505009707, 0.000481463037431, -0.00030436104862, 0.0004884666414, -0.000645857653581, 0.000829572265502, -0.000622569466941, 0.00045595181291, -0.000198189271032, 0.000710793712642], [-0.000668798107654, 0.00250395736657, -0.00177376030479, 0.000419028190663, -0.00101686199196, 0.00095493736444, -0.000988055253401, 0.00240807677619, -0.00187988393009, 0.00232821260579, -0.0010441748891, 0.00140080403071, -0.00213246862404], [0.000704846461304, -0.00177376030479, 0.00287910993211, -0.00112318166066, 0.000414822221501, -0.000298058585031, 0.000464483367978, -0.00146168645006, 0.00246436009184, -0.0012873983942, 0.00104238791391, -0.00158583268058, 0.00245115836151], [-0.000344505009707, 0.000419028190663, -0.00112318166066, 0.0065194927156, -0.00264391931705, -0.000410000939155, 0.00170256779529, -0.000552592333406, -0.000675387389492, 0.000253350823186, 0.000269599695457, 0.00140202639159, -0.00160124257673], [0.000481463037431, -0.00101686199196, 0.000414822221501, -0.00264391931705, 0.00706417998299, -0.000838461215608, -0.00230410019867, 0.00177840690594, -0.00238052848727, -0.000320115650538, 0.00304097705521, -0.00202070409432, 0.00255593960173], [-0.00030436104862, 0.00095493736444, -0.000298058585031, -0.000410000939155, -0.000838461215608, 0.00665122410282, -0.00236496771686, -0.00113512424286, 0.00149462174159, -0.000414953043219, -0.000470336672151, -0.00220227707177, 0.000875226280186], [0.0004884666414, -0.000988055253401, 0.000464483367978, 0.00170256779529, -0.00230410019867, -0.00236496771686, 0.010508434847, -0.00317929987796, 0.00166859012097, -0.00196715956554, -0.00193084275816, 0.00216999137774, -0.000709226995241], [-0.000645857653581, 0.00240807677619, -0.00146168645006, -0.000552592333406, 0.00177840690594, -0.00113512424286, -0.00317929987796, 0.0149650098756, -0.00701519381255, 0.00222356710583, 0.000828394666314, -0.00172237295192, 0.0020535371732], [0.000829572265502, -0.00187988393009, 0.00246436009184, -0.000675387389492, -0.00238052848727, 0.00149462174159, 0.00166859012097, -0.00701519381255, 0.0156255718321, -0.00549297826365, 0.000514547806233, 0.00288526737131, -0.00142786756624], [-0.000622569466941, 0.00232821260579, -0.0012873983942, 0.000253350823186, -0.000320115650538, -0.000414953043219, -0.00196715956554, 0.00222356710583, -0.00549297826365, 0.014795165509, -0.00168342387769, -0.00285069574602, 0.000153714005137], [0.00045595181291, -0.0010441748891, 0.00104238791391, 0.000269599695457, 0.00304097705521, -0.000470336672151, -0.00193084275816, 0.000828394666314, 0.000514547806233, -0.00168342387769, 0.00961401686072, 0.000214140876778, 0.00141295895446], [-0.000198189271032, 0.00140080403071, -0.00158583268058, 0.00140202639159, -0.00202070409432, -0.00220227707177, 0.00216999137774, -0.00172237295192, 0.00288526737131, -0.00285069574602, 0.000214140876778, 0.0134264118969, -0.00467483745888], [0.000710793712642, -0.00213246862404, 0.00245115836151, -0.00160124257673, 0.00255593960173, 0.000875226280186, -0.000709226995241, 0.0020535371732, -0.00142786756624, 0.000153714005137, 0.00141295895446, -0.00467483745888, 0.0125545449555]]
    },
    "melbands": {
        "dmean": [3.28918686137e-05, 0.000188393576536, 0.000226279153139, 0.000317640631692, 0.000247731601121, 0.000133779438329, 0.000209718433325, 0.000200159134693, 0.000303569540847, 0.000118775220471, 5.41973458894e-05, 9.63835409493e-05, 5.52638084628e-05, 8.16432511783e-05, 9.20299062273e-05, 7.39250390325e-05, 1.87016412383e-05, 2.97619189951e-05, 1.94095155166e-05, 1.17619538287e-05, 1.17044828585e-05, 6.60746718495e-06, 7.86689179222e-06, 3.79919333682e-06, 2.06678623726e-06, 2.22480048251e-06, 1.32511797801e-06, 1.72553734501e-06, 8.88696263246e-07, 3.57312387678e-07, 2.10702452819e-07, 2.01570557579e-07, 1.18705138163e-07, 1.05966734054e-07, 9.59896766517e-08, 8.15575731394e-08, 9.29272303551e-08, 6.52631442222e-08, 4.25568131845e-08, 2.37067112607e-08],
        "dmean2": [4.97011496918e-05, 0.000281852058833, 0.000382681871997, 0.00052856997354, 0.000353824987542, 0.000199555084691, 0.000310690840706, 0.000297504739137, 0.000438704737462, 0.000170297833392, 8.75002733665e-05, 0.000151109852595, 8.59599895193e-05, 0.000128458428662, 0.000143357741763, 0.000116254886962, 3.01189320453e-05, 4.85926466354e-05, 3.14589124173e-05, 1.88996436918e-05, 1.89426045836e-05, 1.08936592369e-05, 1.31076194521e-05, 6.27782401352e-06, 3.31713818014e-06, 3.56574264515e-06, 2.10979487747e-06, 2.70686814474e-06, 1.41507609897e-06, 5.73939075821e-07, 3.47789040234e-07, 3.28117749859e-07, 1.95460017949e-07, 1.75462531615e-07, 1.59643221309e-07, 1.34087045467e-07, 1.53343307829e-07, 1.04399106249e-07, 6.95879194268e-08, 3.92656502868e-08],
        "dvar": [9.10653685793e-09, 3.01813372516e-07, 2.4311734137e-07, 4.1398823214e-07, 3.24766972426e-07, 1.32765990202e-07, 2.74298656677e-07, 4.50758449233e-07, 5.24577785654e-07, 1.16226814839e-07, 1.13639124777e-07, 8.34667304161e-08, 6.27545162502e-08, 7.76903377186e-08, 9.15874167617e-08, 6.00536083084e-08, 9.30623844653e-09, 8.90516105301e-09, 2.26955187976e-09, 1.14048770428e-09, 6.42932374006e-10, 3.03017333447e-10, 5.76825476273e-10, 1.60772131719e-10, 6.15198933462e-11, 4.87806982308e-11, 2.94155082237e-11, 3.19722616438e-11, 1.26086658475e-11, 1.97579799743e-12, 8.02706154584e-13, 7.39295614744e-13, 3.20153219257e-13, 3.78287435014e-13, 3.75629676018e-13, 6.33076653166e-13, 5.95063549217e-13, 7.4298640157e-14, 2.18385388712e-14, 1.08909717589e-14],
        "dvar2": [1.97671319313e-08, 6.67332869853e-07, 6.85060854266e-07, 1.28262922772e-06, 6.318468877e-07, 3.18057288951e-07, 6.26499627288e-07, 1.08869619453e-06, 1.17620481888e-06, 2.40017669739e-07, 3.10701551598e-07, 2.10486021501e-07, 1.49867787513e-07, 1.92982483327e-07, 2.19050960482e-07, 1.43178624512e-07, 2.00021421648e-08, 2.18518607653e-08, 5.47046274946e-09, 2.52326870509e-09, 1.52297952027e-09, 7.38409278167e-10, 1.60342483735e-09, 3.76546904768e-10, 1.45496406589e-10, 1.2703088581e-10, 7.35479246949e-11, 6.93018004094e-11, 2.45458566667e-11, 4.5057482051e-12, 1.96609265327e-12, 1.83117236652e-12, 8.10186336422e-13, 1.01987147026e-12, 1.00613365295e-12, 1.68578822776e-12, 1.63634438031e-12, 1.84190011333e-13, 5.16313811909e-14, 2.64059658335e-14],
        "max": [0.00328899198212, 0.0157452579588, 0.0122755179182, 0.0120955854654, 0.0225003976375, 0.0141236390918, 0.0218146722764, 0.0341094397008, 0.0219212379307, 0.013344313018, 0.0187908057123, 0.0133677609265, 0.0110887382179, 0.0089603997767, 0.0089429076761, 0.00644853757694, 0.00448473077267, 0.00448583392426, 0.00151073851157, 0.00141358922701, 0.000794124964159, 0.000786243879702, 0.000706687802449, 0.000642515253276, 0.000252451543929, 0.000220952526433, 0.000264260888798, 0.000277161539998, 0.000190030186786, 6.2866776716e-05, 3.80012243113e-05, 3.26402696373e-05, 2.60415763478e-05, 3.72371796402e-05, 4.00104909204e-05, 5.68911782466e-05, 4.87721590616e-05, 1.19467586046e-05, 4.9803084039e-06, 3.29807448907e-06],
        "mean": [6.88272266416e-05, 0.000486074306536, 0.000489790923893, 0.0007409643149, 0.000684585946146, 0.000314115051879, 0.000436458649347, 0.000413695641328, 0.00061122525949, 0.000217228327529, 8.72034215718e-05, 0.000154730631039, 9.63978891377e-05, 0.000161948511959, 0.000163422475453, 0.000124651283841, 3.06740730593e-05, 4.71976854897e-05, 3.3037893445e-05, 2.12292579818e-05, 2.26354204642e-05, 1.18554880828e-05, 1.30354619614e-05, 6.75947558193e-06, 3.5018078961e-06, 4.03439480579e-06, 2.50915422839e-06, 3.19929699799e-06, 1.69589532106e-06, 6.55632959479e-07, 3.79867429956e-07, 3.92518018089e-07, 2.22484388246e-07, 2.01834097879e-07, 1.82435044849e-07, 1.48310746795e-07, 1.70933319055e-07, 1.34170520028e-07, 8.94430556286e-08, 4.45441799002e-08],
        "median": [1.17952422443e-05, 7.78607281973e-05, 0.000179154099897, 0.000351968745235, 0.000225669995416, 0.000103999547719, 0.000147495782585, 0.000161895295605, 0.000210088852327, 6.49562934996e-05, 3.09644310619e-05, 4.31451553595e-05, 1.84360997082e-05, 2.92709246423e-05, 3.36553275702e-05, 1.906869511e-05, 3.65329151464e-06, 1.64119755937e-05, 1.35551408675e-05, 7.09366440788e-06, 9.06090917852e-06, 3.93530899601e-06, 2.82404062091e-06, 1.21070695513e-06, 9.3926576028e-07, 1.48618926232e-06, 9.50988692239e-07, 9.66549237091e-07, 5.24277709246e-07, 1.91271382732e-07, 8.1549302422e-08, 6.81693279603e-08, 5.1539544188e-08, 4.20734629358e-08, 3.56928282486e-08, 3.90939760564e-08, 4.25166071238e-08, 2.86023880136e-08, 1.44349954212e-08, 7.31973637258e-09],
        "min": [1.88938510014e-25, 5.62898009808e-25, 6.30870604137e-25, 5.79510828826e-25, 8.81994415337e-25, 6.22317478379e-25, 8.39008595751e-25, 5.9325051782e-25, 1.66709679278e-24, 1.60137422696e-24, 1.78908880696e-24, 1.84308416655e-24, 1.40444920286e-24, 1.35104341819e-24, 2.29329517099e-24, 2.32663144676e-24, 2.14630277421e-24, 2.15074465275e-24, 2.03322508547e-24, 2.20737106068e-24, 2.07841478521e-24, 3.20505074448e-24, 2.08392359813e-24, 2.81185702855e-24, 2.00678167907e-24, 3.41157650162e-24, 2.97268959548e-24, 3.38655580586e-24, 3.38258073575e-24, 3.51955893777e-24, 3.41409770107e-24, 4.27485144489e-24, 3.61687005802e-24, 4.74345375525e-24, 4.76857345306e-24, 4.48781706803e-24, 5.12688078153e-24, 5.48153371185e-24, 5.42846901091e-24, 5.70391636205e-24],
        "var": [2.42095694603e-08, 1.03201375623e-06, 6.98459871273e-07, 1.22092296806e-06, 1.95045527107e-06, 4.26294235467e-07, 7.75435012201e-07, 8.21453454591e-07, 1.48576316406e-06, 2.49352666515e-07, 1.05235820058e-07, 1.4049275876e-07, 1.41437510592e-07, 3.21594370689e-07, 2.154632881e-07, 1.50640147467e-07, 1.50765924189e-08, 1.37549740487e-08, 4.3446304332e-09, 2.86203571953e-09, 1.85699522426e-09, 6.3082233881e-10, 1.11230458177e-09, 3.45391021339e-10, 1.22110765943e-10, 9.42814853966e-11, 4.49090833965e-11, 9.69296171105e-11, 3.66373528737e-11, 4.6934474536e-12, 1.48273320705e-12, 1.78808400378e-12, 4.5488401457e-13, 4.51260963276e-13, 3.53959401936e-13, 4.79401024087e-13, 4.60722226429e-13, 1.23986568625e-13, 4.40700671485e-14, 1.83506943636e-14]
    },
    "mfcc": {
        "mean": [-736.428588867, 146.598510742, -23.0055866241, 4.32823038101, -5.76497411728, -9.12485694885, -7.37833070755, -7.8717250824, -7.9409198761, 1.56925952435, -10.0813541412, 1.54352903366, -1.1220459938],
        "cov": [[22188.3789062, 5903.55126953, -1662.15795898, 160.391204834, -297.211853027, -334.963684082, -266.759613037, -264.782562256, -346.188415527, 175.021896362, -351.520263672, 188.826461792, -97.960395813], [5903.55126953, 3658.78295898, -18.3634681702, 419.722839355, 15.4735145569, -120.907539368, -145.794052124, -201.366271973, -106.601074219, -41.72133255, -273.938049316, -8.38350582123, -44.2080841064], [-1662.15795898, -18.3634681702, 707.468383789, 99.4735565186, 110.059318542, 47.2155914307, 80.4234619141, 44.5606231689, -33.3487281799, -32.1789932251, -4.41605043411, -24.0867767334, -12.1502475739], [160.391204834, 419.722839355, 99.4735565186, 333.403808594, 111.681716919, 8.33183860779, -60.5565071106, -36.6351890564, 42.4771347046, -5.29532289505, -55.474647522, -13.3857135773, -21.6768093109], [-297.211853027, 15.4735145569, 110.059318542, 111.681716919, 189.151184082, 76.5327987671, -15.852191925, 37.0311470032, 48.5155677795, 0.924937665462, -4.73767948151, -3.91716814041, -20.1333618164], [-334.963684082, -120.907539368, 47.2155914307, 8.33183860779, 76.5327987671, 192.127990723, 52.2607269287, 42.646270752, 60.4401512146, -22.4137382507, 28.277425766, -11.9392442703, -8.12686824799], [-266.759613037, -145.794052124, 80.4234619141, -60.5565071106, -15.852191925, 52.2607269287, 158.751693726, 49.8792991638, -26.2640476227, 7.93792963028, 29.9702148438, 13.7316932678, 13.5661859512], [-264.782562256, -201.366271973, 44.5606231689, -36.6351890564, 37.0311470032, 42.646270752, 49.8792991638, 127.945098877, 38.8552017212, -4.26087665558, 32.6348762512, 8.67173957825, 5.28270339966], [-346.188415527, -106.601074219, -33.3487281799, 42.4771347046, 48.5155677795, 60.4401512146, -26.2640476227, 38.8552017212, 156.515701294, 9.44960403442, 5.67079162598, -25.1092357635, -1.4061113596], [175.021896362, -41.72133255, -32.1789932251, -5.29532289505, 0.924937665462, -22.4137382507, 7.93792963028, -4.26087665558, 9.44960403442, 107.563835144, 24.511598587, 10.3243293762, 5.13908863068], [-351.520263672, -273.938049316, -4.41605043411, -55.474647522, -4.73767948151, 28.277425766, 29.9702148438, 32.6348762512, 5.67079162598, 24.511598587, 137.756835938, 32.2695884705, -16.0387973785], [188.826461792, -8.38350582123, -24.0867767334, -13.3857135773, -3.91716814041, -11.9392442703, 13.7316932678, 8.67173957825, -25.1092357635, 10.3243293762, 32.2695884705, 101.81401062, 36.1346359253], [-97.960395813, -44.2080841064, -12.1502475739, -21.6768093109, -20.1333618164, -8.12686824799, 13.5661859512, 5.28270339966, -1.4061113596, 5.13908863068, -16.0387973785, 36.1346359253, 98.971824646]],
