{
"lowlevel": {
    "average_loudness": 0.80336356163,
    "barkbands_crest": {
        "dmean": 2.30729055405,
        "dmean2": 3.83301496506,
        "dvar": 5.21625757217,
        "dvar2": 14.1533432007,
        "max": 25.7479877472,
        "mean": 10.5444612503,
        "median": 9.5154094696,
        "min": 2.21485757828,
        "var": 19.9640369415
    },
    "barkbands_flatness_db": {
        "dmean": 0.0179737340659,
        "dmean2": 0.0278877392411,
        "dvar": 0.000314589240588,
        "dvar2": 0.000719494244549,
        "max": 0.420006364584,
        "mean": 0.177178144455,
        "median": 0.177030354738,
        "min": 0.0372137501836,
        "var": 0.00351066607982
    },
    "barkbands_kurtosis": {
        "dmean": 2.22080135345,
        "dmean2": 3.5794878006,
        "dvar": 22.1952934265,
        "dvar2": 61.0166473389,
        "max": 146.248001099,
        "mean": 4.17109060287,
        "median": 2.21069860458,
        "min": -1.79581415653,
        "var": 56.5681228638
    },
    "barkbands_skewness": {
        "dmean": 0.425175637007,
        "dmean2": 0.670411467552,
        "dvar": 0.213058069348,
        "dvar2": 0.536106646061,
        "max": 9.49685192108,
        "mean": 0.900819420815,
        "median": 0.872911691666,
        "min": -2.61051845551,
        "var": 2.26285910606
    },
    "barkbands_spread": {
        "dmean": 3.23839640617,
        "dmean2": 5.05866622925,
        "dvar": 14.6583023071,
        "dvar2": 31.9608364105,
        "max": 72.9581985474,
        "mean": 17.1002120972,
        "median": 15.4429645538,
        "min": 0.589279532433,
        "var": 107.571388245
    },
    "dissonance": {
        "dmean": 0.0225225221366,
        "dmean2": 0.0382117629051,
        "dvar": 0.000542828929611,
        "dvar2": 0.00149697205052,
        "max": 0.500000119209,
        "mean": 0.454069674015,
        "median": 0.463230669498,
        "min": 0.278942942619,
        "var": 0.00146220740862
    },
    "dynamic_complexity": 2.01624321938,
    "erbbands_crest": {
        "dmean": 2.5776822567,
        "dmean2": 4.07454442978,
        "dvar": 7.21060705185,
        "dvar2": 17.2606582642,
        "max": 33.8513755798,
        "mean": 12.8046503067,
        "median": 11.5392541885,
        "min": 2.61593270302,
        "var": 50.3877296448
    },
    "erbbands_flatness_db": {
        "dmean": 0.0160524882376,
        "dmean2": 0.0230472497642,
        "dvar": 0.000242332593189,
        "dvar2": 0.000460158713395,
        "max": 0.461844444275,
        "mean": 0.20739236474,
        "median": 0.214150726795,
        "min": 0.0806213915348,
        "var": 0.00408029882237
    },
    "erbbands_kurtosis": {
        "dmean": 1.36590790749,
        "dmean2": 2.12520647049,
        "dvar": 4.81144809723,
        "dvar2": 11.0387163162,
        "max": 55.6556396484,
        "mean": 2.31909918785,
        "median": 1.15245580673,
        "min": -1.82147932053,
        "var": 17.6072330475
    },
    "erbbands_skewness": {
        "dmean": 0.348290145397,
        "dmean2": 0.541867673397,
        "dvar": 0.121873617172,
        "dvar2": 0.284714400768,
        "max": 5.72367477417,
        "mean": 0.453728586435,
        "median": 0.476767241955,
        "min": -3.15618991852,
        "var": 1.05494320393
    },
    "erbbands_spread": {
        "dmean": 5.31197404861,
        "dmean2": 7.89472436905,
        "dvar": 51.8575973511,
        "dvar2": 98.3154449463,
        "max": 127.155380249,
        "mean": 25.3642101288,
        "median": 20.6023159027,
        "min": 1.05663430691,
        "var": 279.853668213
    },
    "hfc": {
        "dmean": 5.51251029968,
        "dmean2": 8.25694561005,
        "dvar": 52.6214332581,
        "dvar2": 120.295043945,
        "max": 110.966918945,
        "mean": 25.2425498962,
        "median": 22.6159629822,
        "min": 1.0681004732e-16,
        "var": 380.121154785
    },
    "melbands_crest": {
        "dmean": 2.80496025085,
        "dmean2": 4.65636539459,
        "dvar": 7.56704616547,
        "dvar2": 20.9296703339,
        "max": 31.3120765686,
        "mean": 12.5611839294,
        "median": 12.2739400864,
        "min": 1.05121743679,
        "var": 36.5026702881
    },
    "melbands_flatness_db": {
        "dmean": 0.0200809780508,
        "dmean2": 0.0304586552083,
        "dvar": 0.000478998961626,
        "dvar2": 0.00103429495357,
        "max": 0.523568809032,
        "mean": 0.208126679063,
        "median": 0.222508087754,
        "min": 1.2296879504e-05,
        "var": 0.00920969434083
    },
    "melbands_kurtosis": {
        "dmean": 4.20556592941,
        "dmean2": 6.70736789703,
        "dvar": 80.3538665771,
        "dvar2": 206.876068115,
        "max": 185.018585205,
        "mean": 8.08556556702,
        "median": 3.01977777481,
        "min": -1.84513044357,
        "var": 230.625564575
    },
    "melbands_skewness": {
        "dmean": 0.540800154209,
        "dmean2": 0.849769115448,
        "dvar": 0.381758272648,
        "dvar2": 0.920538783073,
        "max": 11.1668806076,
        "mean": 1.62177395821,
        "median": 1.35172462463,
        "min": -3.10145044327,
        "var": 2.38539361954
    },
    "melbands_spread": {
        "dmean": 5.24771785736,
        "dmean2": 8.43620109558,
        "dvar": 39.7766838074,
        "dvar2": 101.209342957,
        "max": 170.63923645,
        "mean": 32.8296203613,
        "median": 19.7147312164,
        "min": 0.53859347105,
        "var": 1412.50292969
    },
    "pitch_salience": {
        "dmean": 0.0567844472826,
        "dmean2": 0.0935437977314,
        "dvar": 0.00322894426063,
        "dvar2": 0.00870476942509,
        "max": 0.992111325264,
        "mean": 0.539452731609,
        "median": 0.519336938858,
        "min": 0.128245398402,
        "var": 0.024115903303
    },
    "silence_rate_20dB": {
        "dmean": 0,
        "dmean2": 0,
        "dvar": 0,
        "dvar2": 0,
        "max": 1,
        "mean": 1,
        "median": 1,
        "min": 1,
        "var": 0
    },
    "silence_rate_30dB": {
        "dmean": 0.0120803806931,
        "dmean2": 0.0241635683924,
        "dvar": 0.0119338519871,
        "dvar2": 0.0300831738859,
        "max": 1,
        "mean": 0.987920999527,
        "median": 1,
        "min": 0,
        "var": 0.011932474561
    },
    "silence_rate_60dB": {
        "dmean": 0.00162620516494,
        "dmean2": 0.00325278821401,
        "dvar": 0.0016237340169,
        "dvar2": 0.00347523181699,
        "max": 1,
        "mean": 0.124738678336,
        "median": 0,
        "min": 0,
        "var": 0.109180830419
    },
    "spectral_centroid": {
        "dmean": 167.412963867,
        "dmean2": 263.725799561,
        "dvar": 47746.1210938,
        "dvar2": 109386.265625,
        "max": 11870.0576172,
        "mean": 2264.56347656,
        "median": 1245.05395508,
        "min": 206.720291138,
        "var": 9764183
    },
    "spectral_complexity": {
        "dmean": 2.15588331223,
        "dmean2": 3.4495818615,
        "dvar": 6.04233169556,
        "dvar2": 13.418299675,
        "max": 51,
        "mean": 15.6145181656,
        "median": 15,
        "min": 0,
        "var": 77.6441345215
    },
    "spectral_decrease": {
        "dmean": 2.47478260107e-09,
        "dmean2": 4.08661948725e-09,
        "dvar": 1.17348622801e-17,
        "dvar2": 3.3167824981e-17,
        "max": 2.58741297272e-28,
        "mean": -9.44471700848e-09,
        "median": -9.07460240285e-09,
        "min": -5.56895223269e-08,
        "var": 4.49568493932e-17
    },
    "spectral_energy": {
        "dmean": 0.00969407521188,
        "dmean2": 0.0159481465816,
        "dvar": 0.000172665706486,
        "dvar2": 0.00048640629393,
        "max": 0.212441191077,
        "mean": 0.0379359610379,
        "median": 0.0369675420225,
        "min": 9.6299042132e-21,
        "var": 0.000686875544488
    },
    "spectral_energyband_high": {
        "dmean": 0.000199679707293,
        "dmean2": 0.000266756484052,
        "dvar": 2.49559377608e-07,
        "dvar2": 4.30298570109e-07,
        "max": 0.0150600140914,
        "mean": 0.000498472247273,
        "median": 0.000229440483963,
        "min": 6.85712532967e-21,
        "var": 8.1816074271e-07
    },
    "spectral_energyband_low": {
        "dmean": 0.00627296930179,
        "dmean2": 0.0106194242835,
        "dvar": 0.000152179825818,
        "dvar2": 0.000440587959019,
        "max": 0.193695917726,
        "mean": 0.0137731786817,
        "median": 0.00634221732616,
        "min": 9.08440464425e-24,
        "var": 0.000381298916182
    },
    "spectral_energyband_middle_high": {
        "dmean": 0.00280516920611,
        "dmean2": 0.00420556543395,
        "dvar": 1.88522790268e-05,
        "dvar2": 4.3418353016e-05,
        "max": 0.0772825181484,
        "mean": 0.0104380296543,
        "median": 0.005072764121,
        "min": 9.69383380388e-22,
        "var": 0.000140401316457
    },
    "spectral_energyband_middle_low": {
        "dmean": 0.00480940425768,
        "dmean2": 0.00787867791951,
        "dvar": 4.68781217933e-05,
        "dvar2": 0.000123028425151,
        "max": 0.106299266219,
        "mean": 0.0144478492439,
        "median": 0.011316454038,
        "min": 1.13305694782e-22,
        "var": 0.000171734485775
    },
    "spectral_entropy": {
        "dmean": 0.135839015245,
        "dmean2": 0.192638546228,
        "dvar": 0.0224785562605,
        "dvar2": 0.0405484773219,
        "max": 9.82771682739,
        "mean": 7.469622612,
        "median": 7.24405384064,
        "min": 5.74668693542,
        "var": 0.865079045296
    },
    "spectral_flux": {
        "dmean": 0.020506426692,
        "dmean2": 0.0332386866212,
        "dvar": 0.000605050532613,
        "dvar2": 0.00153581774794,
        "max": 0.371845215559,
        "mean": 0.0790985971689,
        "median": 0.0764942765236,
        "min": 6.24430784857e-11,
        "var": 0.00232744053937
    },
    "spectral_kurtosis": {
        "dmean": 2.15324068069,
        "dmean2": 3.65582728386,
        "dvar": 6.99318265915,
        "dvar2": 19.6350135803,
        "max": 37.3191680908,
        "mean": 5.04345083237,
        "median": 4.36420965195,
        "min": -1.30591928959,
        "var": 21.3487491608
    },
    "spectral_rms": {
        "dmean": 0.000699677912053,
        "dmean2": 0.00113630096894,
        "dvar": 6.41660392375e-07,
        "dvar2": 1.73716625795e-06,
        "max": 0.0143965166062,
        "mean": 0.00549214333296,
        "median": 0.00600548880175,
        "min": 3.06513104828e-12,
        "var": 6.84725364408e-06
    },
    "spectral_rolloff": {
        "dmean": 227.761901855,
        "dmean2": 396.480102539,
        "dvar": 198164.59375,
        "dvar2": 440876.28125,
        "max": 19896.6796875,
        "mean": 3100.70336914,
        "median": 1141.25976562,
        "min": 86.1328125,
        "var": 30891322
    },
    "spectral_skewness": {
        "dmean": 0.238335475326,
        "dmean2": 0.385984033346,
        "dvar": 0.0632484555244,
        "dvar2": 0.15379114449,
        "max": 4.64825201035,
        "mean": 1.53448092937,
        "median": 1.58583045006,
        "min": -0.0994918271899,
        "var": 0.574793279171
    },
    "spectral_spread": {
        "dmean": 453402.3125,
        "dmean2": 670717.125,
        "dvar": 579099951104,
        "dvar2": 1.30019465626e+12,
        "max": 50813996,
        "mean": 7669395.5,
        "median": 3461156,
        "min": 1345734.375,
        "var": 1.3452470911e+14
    },
    "spectral_strongpeak": {
        "dmean": 0.938032627106,
        "dmean2": 1.60226976871,
        "dvar": 2.4759144783,
        "dvar2": 6.635389328,
        "max": 16.165687561,
        "mean": 2.06036019325,
        "median": 0.748930692673,
        "min": 0,
        "var": 7.32066869736
    },
    "zerocrossingrate": {
        "dmean": 0.00640936475247,
        "dmean2": 0.00837877672166,
        "dvar": 9.52457412495e-05,
        "dvar2": 0.00013283881708,
        "max": 0.83447265625,
        "mean": 0.0972882509232,
        "median": 0.0478515625,
        "min": 0.00341796875,
        "var": 0.02087299712
    },
    "barkbands": {
        "dmean": [0.00035678956192, 0.00561540387571, 0.00116601050831, 0.00152502628043, 0.00134194595739, 0.00128707953263, 0.000784357136581, 0.000622310850304, 0.00141211214941, 0.00093772582477, 0.000535365485121, 0.000488940044306, 0.000855880556628, 0.000613779528067, 0.000705662241671, 0.000260216154857, 0.00015299829829, 0.00016062076611, 0.000104644961539, 7.76638407842e-05, 5.81497843086e-05, 5.15112042194e-05, 5.01668691868e-05, 2.9840208299e-05, 6.45052205073e-06, 9.26941709167e-07, 1.71455472042e-09],
        "dmean2": [0.000600776169449, 0.00958158168942, 0.00191244785674, 0.00270927185193, 0.00223125284538, 0.00203530979343, 0.00122066086624, 0.000982472207397, 0.00214845873415, 0.00145955523476, 0.00081740191672, 0.000707180879544, 0.00131774565671, 0.000912510498893, 0.00111562164966, 0.000420626165578, 0.000238443972194, 0.000252368394285, 0.000166734433151, 0.000119106909551, 8.53672318044e-05, 7.45186698623e-05, 7.04121848685e-05, 4.22749071731e-05, 9.60299985309e-06, 1.39786459386e-06, 3.16218939922e-09],
        "dvar": [7.20747607375e-07, 0.000130316984723, 6.3932006924e-06, 1.07289570224e-05, 5.00038731843e-06, 7.28023587726e-06, 3.92983747588e-06, 2.71344242719e-06, 1.14029353426e-05, 4.69734550279e-06, 2.54991095971e-06, 2.32131446865e-06, 5.44993645235e-06, 3.13512055072e-06, 5.75109470446e-06, 6.81168387473e-07, 1.63327626979e-07, 1.22248934531e-07, 4.5109050717e-08, 4.14386214231e-08, 2.32144046208e-08, 1.71920824243e-08, 1.93848439523e-08, 8.16539102999e-09, 3.95901117445e-10, 6.79563566877e-12, 6.60715311924e-18],
        "dvar2": [1.92419338418e-06, 0.000384698825656, 1.69168961293e-05, 3.30810071318e-05, 1.2577806956e-05, 1.72200525412e-05, 9.35601383389e-06, 6.40610414848e-06, 2.67948926194e-05, 1.10971823233e-05, 5.98323549639e-06, 4.57787564301e-06, 1.2618233086e-05, 6.16990018898e-06, 1.3434907487e-05, 1.51356937295e-06, 3.67464423334e-07, 2.89973485224e-07, 1.13588896511e-07, 8.35248812336e-08, 4.90623826011e-08, 3.38521957133e-08, 3.77403281959e-08, 1.45750229663e-08, 9.18963904972e-10, 1.63154784821e-11, 2.12006324823e-17],
        "max": [0.0194113180041, 0.176386862993, 0.0504133105278, 0.0561886914074, 0.0713091343641, 0.0849652290344, 0.0595941208303, 0.0550194233656, 0.0613954029977, 0.0484374761581, 0.0376027785242, 0.0508063733578, 0.0579985938966, 0.0573764368892, 0.0574659593403, 0.032215308398, 0.0124164167792, 0.00930420681834, 0.00624442938715, 0.00971432495862, 0.00543415732682, 0.00550260301679, 0.00396378198639, 0.00366314733401, 0.000600969535299, 7.43526907172e-05, 5.11433704276e-08],
        "mean": [0.000759813352488, 0.00989683065563, 0.00208628084511, 0.00228425953537, 0.00279234885238, 0.0031642941758, 0.00158881442621, 0.00116042338777, 0.00304253282957, 0.00209743808955, 0.00101211178117, 0.00114676030353, 0.00211256858893, 0.00134295015596, 0.00142346601933, 0.000467579142423, 0.000347272696672, 0.000389429798815, 0.000248110824032, 0.000179717797437, 0.000124251877423, 0.000104740771349, 9.61111145443e-05, 5.49932228751e-05, 1.14743988888e-05, 1.43208933423e-06, 1.53912260714e-09],
        "median": [0.000107595638838, 0.00363013450988, 0.000808804004919, 0.000827024341561, 0.00174797268119, 0.00107476953417, 0.000451428291854, 0.000338188256137, 0.000560957705602, 0.000294240599032, 0.000140950651257, 0.000108727093902, 0.000188540740055, 0.000187857294804, 0.000147050464875, 8.78841601661e-05, 5.85654088354e-05, 0.000105508552224, 9.98571631499e-05, 8.11911086203e-05, 4.64412369183e-05, 2.93391804007e-05, 2.60456909018e-05, 1.38627437991e-05, 3.3681194509e-06, 3.65243607803e-07, 6.39911568179e-10],
        "min": [3.5162022699e-27, 9.37606545357e-25, 2.60155726223e-25, 5.11316170152e-25, 5.80166096137e-24, 4.30057067698e-24, 4.50773777804e-24, 4.95912832674e-24, 7.50680984041e-24, 1.12731741676e-23, 7.56882061845e-24, 7.65655141744e-24, 1.52122201469e-23, 1.92447130113e-23, 3.35660346726e-23, 3.65015407177e-23, 3.63177929247e-23, 8.12219581496e-23, 1.05633643826e-22, 1.23802681884e-22, 2.05039603147e-22, 2.86274290356e-22, 3.14072082582e-22, 4.95977778015e-22, 7.62979855668e-22, 1.12777604787e-21, 1.85700876217e-21],
        "var": [2.43652425524e-06, 0.000256943167187, 1.15090351755e-05, 1.57379872689e-05, 1.29319769258e-05, 3.46154374711e-05, 1.32178938657e-05, 1.05482768049e-05, 4.28629573435e-05, 2.16981316044e-05, 8.04933915788e-06, 1.28446636154e-05, 2.79902378679e-05, 1.33599978653e-05, 1.89355068869e-05, 1.5814064227e-06, 7.22495315131e-07, 5.6779327906e-07, 1.55422412718e-07, 1.30279758537e-07, 6.00523861749e-08, 5.04273316437e-08, 4.86100830699e-08, 1.89837194853e-08, 6.51702802834e-10, 1.03504938995e-11, 5.55831291794e-18]
    },
    "erbbands": {
        "dmean": [0.202258884907, 1.19118058681, 1.46066224575, 2.95944905281, 4.73641204834, 4.23389196396, 9.90500640869, 10.5726470947, 11.0102720261, 12.3947372437, 14.2989473343, 34.7994422913, 24.890794754, 33.844127655, 19.2895545959, 21.8171062469, 38.0409355164, 32.2500114441, 40.4743041992, 17.5783081055, 10.2638149261, 7.20828866959, 7.41369438171, 6.19449520111, 4.59478855133, 4.00635671616, 2.73750972748, 1.96502709389, 1.72417676449, 1.68590402603, 1.4339710474, 0.967948257923, 0.352302253246, 0.108989976346, 0.0296992845833, 0.0076851551421, 0.00103075429797, 2.84813577309e-05, 5.53761037736e-06, 1.09751226773e-05],
        "dmean2": [0.34329816699, 2.0634355545, 2.43838691711, 5.16032123566, 8.22771167755, 7.06265306473, 16.1715564728, 16.4930973053, 17.3633041382, 19.4406204224, 21.9628696442, 52.1795120239, 40.1069068909, 51.9780197144, 29.1926002502, 31.6492614746, 58.6830749512, 48.4551239014, 63.7803573608, 28.0321331024, 16.6274986267, 11.3029546738, 11.6003637314, 9.77201557159, 7.32925128937, 6.08159828186, 4.06834840775, 2.87686872482, 2.54976439476, 2.38677883148, 2.03256773949, 1.36530375481, 0.504290521145, 0.159912437201, 0.0443845838308, 0.011498936452, 0.00153430458158, 4.13789275626e-05, 8.68538973009e-06, 1.79309881787e-05],
        "dvar": [0.182229205966, 5.87833023071, 9.68646240234, 40.6347198486, 89.8504714966, 47.7251586914, 424.495117188, 693.573120117, 762.547302246, 1194.1340332, 1231.3059082, 7882.87695312, 4111.94580078, 7412.21875, 2974.77246094, 4266.20751953, 12794.9980469, 7924.54394531, 17335.3359375, 2091.57250977, 880.438293457, 335.206451416, 275.531341553, 170.870986938, 87.3328933716, 114.17779541, 66.935295105, 26.8296794891, 21.9693374634, 19.0804214478, 16.1966648102, 9.2240819931, 0.987117290497, 0.105993978679, 0.00842553749681, 0.000464728072984, 9.24128562474e-06, 6.15345907562e-09, 6.0331226126e-11, 2.09953471275e-10],
        "dvar2": [0.544073998928, 17.3518829346, 26.0921974182, 121.512664795, 264.189819336, 125.744277954, 1081.60144043, 1604.24829102, 1696.14465332, 3138.78515625, 2699.20996094, 17691.2285156, 10868.5185547, 16933.875, 7083.04492188, 8132.77490234, 29851.2109375, 16902.2460938, 41734.7265625, 5299.44384766, 2250.95361328, 785.640319824, 647.374267578, 382.490631104, 228.435958862, 214.509460449, 140.994796753, 54.667224884, 47.0667419434, 35.6949996948, 32.2097434998, 17.938325882, 1.85827934742, 0.234563410282, 0.0202642641962, 0.00108694238588, 2.16611006181e-05, 1.36333646594e-08, 1.46676060186e-10, 5.85418824528e-10],
        "max": [7.19901132584, 36.9471664429, 61.0041465759, 124.769599915, 194.706039429, 167.021286011, 798.27520752, 984.848449707, 855.419555664, 1370.5402832, 1284.41003418, 1916.30944824, 1054.7376709, 2089.57763672, 1295.25280762, 2553.48852539, 2741.7097168, 2444.85742188, 3622.42797852, 1424.46203613, 1013.00714111, 547.520996094, 572.661132812, 624.01776123, 345.189422607, 658.297058105, 349.552154541, 195.752883911, 170.676681519, 155.463638306, 122.532485962, 109.638587952, 37.7416038513, 9.91380596161, 2.72907137871, 0.558305323124, 0.084908336401, 0.00215199869126, 0.000189488695469, 0.00023064367997],
        "mean": [0.343760281801, 1.96616947651, 2.7405230999, 5.19125461578, 7.35468912125, 8.27092552185, 20.0333499908, 27.3229904175, 23.6804161072, 24.7803382874, 30.2548065186, 76.4923553467, 51.4573059082, 82.4806137085, 40.4518699646, 53.3003005981, 91.6496200562, 84.4788360596, 92.2249069214, 39.5176582336, 21.8214473724, 18.9520893097, 20.2630214691, 14.9377422333, 11.2668581009, 9.52218723297, 6.42643928528, 4.09307098389, 3.47858810425, 3.17405891418, 2.69216132164, 1.69965147972, 0.68380177021, 0.202228724957, 0.0510132312775, 0.0126876374707, 0.0014879234368, 4.78201582155e-05, 2.29980123549e-05, 4.48325699836e-05],
        "median": [0.133848905563, 0.613476514816, 1.12799358368, 2.26855945587, 3.40830636024, 5.25016593933, 9.30185508728, 7.42796325684, 7.22500085831, 8.34166908264, 11.0079545975, 13.1489114761, 15.8546705246, 11.1625490189, 10.4969749451, 8.85619926453, 12.6481132507, 11.7397499084, 12.8962926865, 7.42311048508, 6.14518976212, 3.78231191635, 5.57636737823, 6.58747339249, 5.22902774811, 4.4871711731, 2.56491756439, 1.34219503403, 1.01180696487, 0.877470493317, 0.721216738224, 0.389102041721, 0.177276462317, 0.0606125704944, 0.0142954122275, 0.00369404326193, 0.000285095215077, 1.45008598338e-05, 2.29576889978e-05, 4.45904079243e-05],
        "min": [3.30184011213e-23, 1.5111544456e-22, 6.62377598251e-22, 3.03018068804e-21, 5.85509295279e-21, 1.62362710326e-20, 2.83337600263e-20, 4.22143192252e-20, 5.92094137631e-20, 1.06627975355e-19, 1.66708714034e-19, 2.33930890681e-19, 3.99479535605e-19, 4.90519499111e-19, 7.24252460982e-19, 6.89183932117e-19, 9.78220276888e-19, 1.42108853755e-18, 1.13672565984e-18, 2.43823996657e-18, 2.49436996139e-18, 2.57542766436e-18, 4.45700713193e-18, 4.86933681496e-18, 5.40559387017e-18, 6.2005843356e-18, 7.62057592825e-18, 9.21048654875e-18, 9.32018806877e-18, 9.58304290638e-18, 7.93290195676e-18, 8.45948099881e-18, 8.79693015688e-18, 7.35521886929e-18, 5.25346005268e-18, 3.67456540999e-18, 2.0375429245e-18, 7.78032125495e-19, 2.37562575462e-19, 2.65511599568e-20],
        "var": [0.300642192364, 11.2409133911, 17.7627811432, 66.3796386719, 140.743988037, 113.719871521, 1042.53344727, 3513.52026367, 3210.71118164, 3611.56298828, 5808.70703125, 34043.7304688, 9789.92675781, 40272.6367188, 7974.45410156, 23855.8730469, 51361.0273438, 51415.046875, 71048.8828125, 8854.66894531, 2528.85913086, 1768.87182617, 1735.20715332, 674.646179199, 296.546600342, 383.204101562, 178.676483154, 71.5624847412, 58.4284248352, 50.9906730652, 38.2467536926, 20.2217159271, 2.4076423645, 0.194485574961, 0.0130024692044, 0.000753180996981, 1.42628514368e-05, 1.09695212913e-08, 2.58655902252e-10, 8.961567044e-10]
    },
    "gfcc": {
        "mean": [-133.347793579, 111.071220398, -128.491470337, 32.795375824, -57.9815826416, 16.9390926361, -28.7190494537, 1.73259031773, -12.6934099197, -4.97754144669, -1.64280831814, -11.2660903931, 0.742866516113],
        "cov": [[128124.492188, 13663.2041016, -15731.0439453, 4703.78808594, -7239.12158203, 2502.99487305, -3467.27807617, 380.258483887, -1545.82849121, -575.550964355, -176.446426392, -1254.76391602, 17.3858127594], [13663.2041016, 3134.03271484, -989.551391602, 576.233642578, -650.481262207, -95.5991516113, -225.984725952, -75.4523925781, -83.7103118896, -230.497558594, 108.405914307, -243.371154785, 88.3572845459], [-15731.0439453, -989.551391602, 3244.07592773, -13.7587108612, 915.587341309, -255.070968628, 553.602539062, -70.5052032471, 293.193939209, 69.259513855, 95.1373825073, 234.816940308, 0.492550045252], [4703.78808594, 576.233642578, -13.7587108612, 744.568969727, -56.6981773376, 261.089569092, -16.3950710297, 43.582862854, 32.2996330261, -28.5545139313, 40.0475883484, 2.12525963783, -20.5570011139], [-7239.12158203, -650.481262207, 915.587341309, -56.6981773376, 756.521606445, -18.1115188599, 281.914123535, -18.5242652893, 138.352966309, 4.92127132416, 62.2332878113, 43.9311828613, 3.63794207573], [2502.99487305, -95.5991516113, -255.070968628, 261.089569092, -18.1115188599, 394.002807617, 24.5049762726, 19.7032546997, -18.6599407196, 25.8458385468, 11.4852132797, 19.4510974884, -28.4363937378], [-3467.27807617, -225.984725952, 553.602539062, -16.3950710297, 281.914123535, 24.5049762726, 301.926055908, 50.878364563, 68.8543701172, -20.1941242218, 48.4545173645, 49.1566696167, 9.71533489227], [380.258483887, -75.4523925781, -70.5052032471, 43.582862854, -18.5242652893, 19.7032546997, 50.878364563, 163.307281494, 46.2968902588, -30.7073078156, -35.1088981628, 24.6367759705, -0.126980051398], [-1545.82849121, -83.7103118896, 293.193939209, 32.2996330261, 138.352966309, -18.6599407196, 68.8543701172, 46.2968902588, 139.442611694, 3.46651506424, -16.4858722687, 4.48536729813, 1.38172614574], [-575.550964355, -230.497558594, 69.259513855, -28.5545139313, 4.92127132416, 25.8458385468, -20.1941242218, -30.7073078156, 3.46651506424, 115.976593018, 23.6764087677, 12.4553823471, -16.4584159851], [-176.446426392, 108.405914307, 95.1373825073, 40.0475883484, 62.2332878113, 11.4852132797, 48.4545173645, -35.1088981628, -16.4858722687, 23.6764087677, 118.929550171, 25.2028236389, -4.9527630806], [-1254.76391602, -243.371154785, 234.816940308, 2.12525963783, 43.9311828613, 19.4510974884, 49.1566696167, 24.6367759705, 4.48536729813, 12.4553823471, 25.2028236389, 135.841766357, 13.1007509232], [17.3858127594, 88.3572845459, 0.492550045252, -20.5570011139, 3.63794207573, -28.4363937378, 9.71533489227, -0.126980051398, 1.38172614574, -16.4584159851, -4.9527630806, 13.1007509232, 97.2341156006]],
        "icov": [[0.000546623894479, -0.00146726460662, 0.00136419385672, -0.00160378136206, 0.00148622330744, -0.00169130845461, 0.00122562365141, -0.0012640375644, 0.000909163674805, -0.00131611980032, 0.000583320739679, -0.000388887536246, 6.16665347479e-05], [-0.00146726460662, 0.0050679333508, -0.00354256364517, 0.00341458828188, -0.00287812016904, 0.00523199792951, -0.00351374992169, 0.00427935970947, -0.0033352826722, 0.00561217404902, -0.00360564212315, 0.00264942040667, -0.00115187710617], [0.00136419385672, -0.00354256364517, 0.00440015364438, -0.00462328270078, 0.00341200991534, -0.00306685711257, 0.00151794566773, -0.00164927658625, 0.00123587448616, -0.00381497759372, 0.00214460701682, -0.00233676889911, 0.000557877880055], [-0.00160378136206, 0.00341458828188, -0.00462328270078, 0.00780656840652, -0.00480525149032, 0.00231111748144, -0.00189623958431, 0.00195236608852, -0.00282618240453, 0.00386554631405, -0.00210117455572, 0.000820177490823, 0.000382395955967], [0.00148622330744, -0.00287812016904, 0.00341200991534, -0.00480525149032, 0.00787189044058, -0.00441454770043, 0.00172842072789, -0.00170343148056, -0.000143422323163, -0.00102345773485, -0.00122786452994, 0.000922524312045, -0.000802101858426], [-0.00169130845461, 0.00523199792951, -0.00306685711257, 0.00231111748144, -0.00441454770043, 0.010679657571, -0.00654334528372, 0.00576577661559, -0.00276432977989, 0.00292010116391, -0.000942189130001, 0.000190589533304, 0.000461875955807], [0.00122562365141, -0.00351374992169, 0.00151794566773, -0.00189623958431, 0.00172842072789, -0.00654334528372, 0.0117984581739, -0.00740750832483, 0.00248279236257, -0.000533630372956, -0.00249312911183, 0.00040063803317, -0.000908170186449], [-0.0012640375644, 0.00427935970947, -0.00164927658625, 0.00195236608852, -0.00170343148056, 0.00576577661559, -0.00740750832483, 0.0147913917899, -0.00718274060637, 0.00542442733422, 0.000970604654867, -0.00196378631517, 0.000602120824624], [0.000909163674805, -0.0033352826722, 0.00123587448616, -0.00282618240453, -0.000143422323163, -0.00276432977989, 0.00248279236257, -0.00718274060637, 0.0149266207591, -0.00581497512758, 0.00472963787615, 0.00031982458313, 0.000205374773941], [-0.00131611980032, 0.00561217404902, -0.00381497759372, 0.00386554631405, -0.00102345773485, 0.00292010116391, -0.000533630372956, 0.00542442733422, -0.00581497512758, 0.0186278987676, -0.00857753586024, 0.00370419304818, -0.000775527616497], [0.000583320739679, -0.00360564212315, 0.00214460701682, -0.00210117455572, -0.00122786452994, -0.000942189130001, -0.00249312911183, 0.000970604654867, 0.00472963787615, -0.00857753586024, 0.0174261294305, -0.00637661432847, 0.00296552851796], [-0.000388887536246, 0.00264942040667, -0.00233676889911, 0.000820177490823, 0.000922524312045, 0.000190589533304, 0.00040063803317, -0.00196378631517, 0.00031982458313, 0.00370419304818, -0.00637661432847, 0.0136188771576, -0.00371142709628], [6.16665347479e-05, -0.00115187710617, 0.000557877880055, 0.000382395955967, -0.000802101858426, 0.000461875955807, -0.000908170186449, 0.000602120824624, 0.000205374773941, -0.000775527616497, 0.00296552851796, -0.00371142709628, 0.0121717033908]]
    },
    "melbands": {
        "dmean": [0.00167567189783, 0.000964904495049, 0.00058076105779, 0.000272210803814, 0.000314726727083, 0.000235477404203, 0.000171552819666, 0.000136825154186, 0.000122774479678, 0.000221480848268, 0.000120486321975, 0.000139158262755, 7.2600756539e-05, 5.9423789935e-05, 6.71871675877e-05, 8.23087975732e-05, 6.01802312303e-05, 6.45232139505e-05, 3.81595164072e-05, 1.93209907593e-05, 1.20582917589e-05, 6.84076394464e-06, 1.1794164493e-05, 6.20853188593e-06, 5.32590183866e-06, 4.21215554525e-06, 2.61645686805e-06, 2.93061816592e-06, 2.11231099456e-06, 1.31468232212e-06, 1.2492694168e-06, 1.08291487777e-06, 1.00720569662e-06, 9.16552323815e-07, 8.21259220629e-07, 9.2345885605e-07, 5.24125994161e-07, 2.62417245267e-07, 1.77317318162e-07, 7.08513923087e-08],
        "dmean2": [0.00284312549047, 0.00165400514379, 0.00101612671278, 0.000461142451968, 0.00051210395759, 0.000368961162167, 0.000269680691417, 0.000215658350498, 0.000184426084161, 0.000335636897944, 0.000194539927179, 0.000214200903429, 0.000109728971438, 8.63692475832e-05, 0.000101234727481, 0.000126871353132, 9.002204024e-05, 0.000102017482277, 6.06924149906e-05, 3.08293601847e-05, 1.95483989955e-05, 1.08654385258e-05, 1.87342157005e-05, 9.80924505711e-06, 8.42181543703e-06, 6.8531639954e-06, 4.14347596234e-06, 4.46510239271e-06, 3.18257116305e-06, 1.9642297957e-06, 1.87305806776e-06, 1.65584947354e-06, 1.47200478295e-06, 1.33546393499e-06, 1.18613957056e-06, 1.35220943775e-06, 7.58959799896e-07, 3.84596972935e-07, 2.6315117907e-07, 1.08188110914e-07],
        "dvar": [1.1836743397e-05, 3.69625854546e-06, 1.43374393247e-06, 2.0500893072e-07, 4.01524175686e-07, 3.124799548e-07, 1.80757709245e-07, 1.37586752658e-07, 8.06401416753e-08, 3.02602273905e-07, 1.02220340636e-07, 1.29827867568e-07, 5.025202654e-08, 3.26204450118e-08, 3.60753524831e-08, 4.78287844885e-08, 2.93871806889e-08, 3.78626943132e-08, 1.1914603526e-08, 4.85908779879e-09, 1.34773436855e-09, 3.72508274227e-10, 1.33155797499e-09, 1.81224910079e-10, 1.40189443387e-10, 9.63492688411e-11, 2.79311920814e-11, 7.50079581779e-11, 4.65314869968e-11, 1.23744044525e-11, 1.09438985652e-11, 9.11830420197e-12, 6.89540872317e-12, 5.84059189901e-12, 5.36636056772e-12, 8.08591648499e-12, 3.0797634408e-12, 5.95373847879e-13, 2.51436512669e-13, 5.31399638106e-14],
        "dvar2": [3.4981265344e-05, 1.04772916529e-05, 4.31006810686e-06, 5.53739369025e-07, 1.02222554688e-06, 7.24077779068e-07, 4.14312495423e-07, 3.64311830481e-07, 1.74404277686e-07, 7.04075034719e-07, 2.70883276698e-07, 2.96347934636e-07, 1.17927314136e-07, 6.50830500604e-08, 7.63917142876e-08, 1.12079227677e-07, 6.04165961704e-08, 9.19315823467e-08, 2.86694543661e-08, 1.0463607758e-08, 3.49124129606e-09, 8.88712603508e-10, 3.09311354307e-09, 4.35671942967e-10, 3.11041026269e-10, 2.573232738e-10, 6.88626933254e-11, 1.41226072503e-10, 9.91616580515e-11, 2.75549201512e-11, 2.34940816801e-11, 2.12518024012e-11, 1.38795216639e-11, 1.14164606588e-11, 1.09169409623e-11, 1.7989137957e-11, 5.9344191887e-12, 1.15320697869e-12, 5.48011668596e-13, 1.28012536552e-13],
        "max": [0.0564709454775, 0.0337214693427, 0.0193682797253, 0.0125270951539, 0.0255380850285, 0.0188608374447, 0.013469372876, 0.0147158298641, 0.0089726485312, 0.0108151324093, 0.00508540542796, 0.00885373074561, 0.00590376881883, 0.00725179538131, 0.00506224296987, 0.00578981172293, 0.00403883308172, 0.00564150791615, 0.00237311609089, 0.00333878211677, 0.00129141681828, 0.000662008184008, 0.00147030910011, 0.000402648496674, 0.000563252775464, 0.000431504740845, 0.000158946044394, 0.000504855066538, 0.000298064172966, 0.000124495636555, 0.000125311198644, 0.000116263938253, 8.8406377472e-05, 9.00410232134e-05, 8.02492795628e-05, 6.75858682371e-05, 7.77212990215e-05, 3.32117560902e-05, 1.52570346472e-05, 8.47244973556e-06],
        "mean": [0.00294631440192, 0.00185991439503, 0.00100908614695, 0.000500645663124, 0.000658279343043, 0.000606007350143, 0.000365995569155, 0.000268040923402, 0.000265868002316, 0.000475992652355, 0.000235724233789, 0.000334613403538, 0.00014053331688, 0.000138908333611, 0.000147602884681, 0.000213031074964, 0.000144166042446, 0.000147334852954, 7.91950369603e-05, 3.63739854947e-05, 2.36390314967e-05, 1.52253260239e-05, 2.99885887216e-05, 1.35049658638e-05, 1.16925712064e-05, 9.38170160225e-06, 5.96498512095e-06, 6.31802822681e-06, 4.59122475149e-06, 2.51348592428e-06, 2.36306914303e-06, 2.02799492399e-06, 1.85322608104e-06, 1.62660137448e-06, 1.48212654949e-06, 1.53666417191e-06, 8.63078128077e-07, 4.97009409628e-07, 3.05161535152e-07, 1.24739031548e-07],
        "median": [0.00113283819519, 0.000718827010132, 0.000472809304483, 0.000316745834425, 0.000320933730109, 0.000169237522641, 0.000107755506178, 9.29154339246e-05, 8.17665495561e-05, 8.24415910756e-05, 5.54187136004e-05, 3.57907083526e-05, 2.61201021203e-05, 1.56479109137e-05, 1.78039445018e-05, 2.19417470362e-05, 1.45710509969e-05, 1.72264972207e-05, 1.14522445074e-05, 4.67235440738e-06, 5.46881665286e-06, 2.83091731035e-06, 3.69981307813e-06, 4.63780361315e-06, 4.09072436014e-06, 3.46132583218e-06, 2.8688882594e-06, 2.54068368122e-06, 1.45720798628e-06, 8.52758546444e-07, 5.98323481427e-07, 5.49559274532e-07, 4.80424887428e-07, 4.23260928528e-07, 4.10588654631e-07, 2.96025632451e-07, 1.90498994357e-07, 1.24386986045e-07, 8.14219731637e-08, 3.61318406306e-08],
        "min": [3.48580426989e-25, 3.24585102493e-25, 5.20866859828e-25, 7.41273758582e-25, 9.98479194324e-25, 1.00135321182e-24, 8.51447058681e-25, 1.13278276344e-24, 1.25842700639e-24, 1.26544579769e-24, 1.73610654198e-24, 9.76196338942e-25, 1.59819077878e-24, 8.23585970623e-25, 2.01993317365e-24, 1.73601286475e-24, 1.88726294104e-24, 1.3784104821e-24, 2.1857241258e-24, 2.58102350869e-24, 2.40134544917e-24, 1.76266591094e-24, 3.10268263139e-24, 3.39409061079e-24, 3.25475548961e-24, 2.97422511323e-24, 3.17241931592e-24, 2.91054431666e-24, 4.4371875807e-24, 3.80993429824e-24, 3.6624630629e-24, 4.11802274149e-24, 5.06986152087e-24, 3.89586373336e-24, 4.12017751505e-24, 3.88489777792e-24, 4.36127667908e-24, 4.67043994531e-24, 4.48708421625e-24, 5.3240632701e-24],
        "var": [2.23221286433e-05, 8.04918909125e-06, 2.37869448938e-06, 4.30189174949e-07, 1.0289477359e-06, 1.61258003573e-06, 7.11170685008e-07, 4.02143143674e-07, 3.84024900768e-07, 1.20168249396e-06, 2.45315504799e-07, 7.06002140305e-07, 1.33297405114e-07, 1.84269538295e-07, 1.48811935219e-07, 2.80004684328e-07, 1.63733119507e-07, 1.81111360575e-07, 3.96840107442e-08, 1.37283606705e-08, 3.78059406003e-09, 1.66848823646e-09, 8.49705017458e-09, 6.44693631813e-10, 5.16007014895e-10, 2.72558975389e-10, 7.95956633937e-11, 2.29937763274e-10, 1.18933071724e-10, 2.71539336155e-11, 2.849730521e-11, 2.17291636073e-11, 1.77008529362e-11, 1.39813074312e-11, 1.15777751969e-11, 1.61072266636e-11, 6.24488091447e-12, 1.3977487787e-12, 4.80655879681e-13, 7.98416169875e-14]
    },
    "mfcc": {
        "mean": [-693.961730957, 121.543190002, -8.66902542114, 15.9171438217, -2.78311109543, 6.958963871, -1.06982386112, 2.68161082268, -5.5429930687, 9.06000041962, -1.34944093227, -1.36446857452, -4.6561422348],
        "cov": [[27244.8417969, 5982.46875, -289.784912109, 1019.19921875, -92.1107025146, 596.920471191, 40.9124526978, 424.192108154, -252.962661743, 575.652770996, 29.4625854492, -6.36878204346, -251.909683228], [5982.46875, 3316.79443359, 244.858032227, 556.722290039, -50.0143814087, -57.6753540039, -29.0212554932, -7.01231431961, -128.883209229, 121.402030945, -126.383407593, -8.62659740448, -8.91015720367], [-289.784912109, 244.858032227, 1140.43640137, 443.244598389, 93.1024017334, 179.338195801, 24.7153701782, 93.7635421753, 2.89349651337, 2.25087237358, 6.82783222198, 112.997657776, 21.9663600922], [1019.19921875, 556.722290039, 443.244598389, 521.818908691, 165.5262146, 106.450782776, 54.6854057312, 114.838661194, 2.80126953125, 68.6910247803, 16.90650177, 39.4922027588, -2.14172410965], [-92.1107025146, -50.0143814087, 93.1024017334, 165.5262146, 246.934799194, 133.578552246, 41.3492889404, 58.5745124817, 19.9586105347, 40.4278526306, 50.8471450806, 2.66114640236, -24.0705566406], [596.920471191, -57.6753540039, 179.338195801, 106.450782776, 133.578552246, 302.04800415, 104.831420898, 66.5285186768, -6.5014705658, 37.7513580322, 66.2064590454, 27.0972156525, -13.4303712845], [40.9124526978, -29.0212554932, 24.7153701782, 54.6854057312, 41.3492889404, 104.831420898, 181.555404663, 73.5763626099, -16.1387252808, 22.6331119537, 18.3815956116, 18.0703792572, 25.7949867249], [424.192108154, -7.01231431961, 93.7635421753, 114.838661194, 58.5745124817, 66.5285186768, 73.5763626099, 228.89604187, 67.4882965088, 25.4631557465, 33.8888664246, 14.1346721649, 21.8850383759], [-252.962661743, -128.883209229, 2.89349651337, 2.80126953125, 19.9586105347, -6.5014705658, -16.1387252808, 67.4882965088, 125.523361206, 30.7128009796, -1.69094765186, -31.0737857819, 6.18023777008], [575.652770996, 121.402030945, 2.25087237358, 68.6910247803, 40.4278526306, 37.7513580322, 22.6331119537, 25.4631557465, 30.7128009796, 146.027740479, 36.4624786377, -51.8536262512, -38.1712532043], [29.4625854492, -126.383407593, 6.82783222198, 16.90650177, 50.8471450806, 66.2064590454, 18.3815956116, 33.8888664246, -1.69094765186, 36.4624786377, 136.516784668, 53.8847885132, -43.7409133911], [-6.36878204346, -8.62659740448, 112.997657776, 39.4922027588, 2.66114640236, 27.0972156525, 18.0703792572, 14.1346721649, -31.0737857819, -51.8536262512, 53.8847885132, 163.274887085, 29.061208725], [-251.909683228, -8.91015720367, 21.9663600922, -2.14172410965, -24.0705566406, -13.4303712845, 25.7949867249, 21.8850383759, 6.18023777008, -38.1712532043, -43.7409133911, 29.061208725, 109.779212952]],
