{
"lowlevel": {
    "average_loudness": 0.868035495281,
    "barkbands_crest": {
        "dmean": 2.45332694054,
        "dmean2": 3.96074008942,
        "dvar": 4.99031972885,
        "dvar2": 12.6858272552,
        "max": 25.443944931,
        "mean": 10.0816679001,
        "median": 9.41246986389,
        "min": 1.90839409828,
        "var": 16.6270027161
    },
    "barkbands_flatness_db": {
        "dmean": 0.0164813976735,
        "dmean2": 0.0254431013018,
        "dvar": 0.000241742629441,
        "dvar2": 0.000551900302526,
        "max": 0.369522660971,
        "mean": 0.167339757085,
        "median": 0.167653173208,
        "min": 0.0111772390082,
        "var": 0.00172466633376
    },
    "barkbands_kurtosis": {
        "dmean": 1.72380805016,
        "dmean2": 2.71828198433,
        "dvar": 7.17285871506,
        "dvar2": 16.3939971924,
        "max": 144.11239624,
        "mean": 2.6277513504,
        "median": 1.28735160828,
        "min": -1.85314488411,
        "var": 24.4377841949
    },
    "barkbands_skewness": {
        "dmean": 0.389471292496,
        "dmean2": 0.608551025391,
        "dvar": 0.146086677909,
        "dvar2": 0.347281455994,
        "max": 9.14223957062,
        "mean": 1.17519795895,
        "median": 1.06168866158,
        "min": -2.15002012253,
        "var": 0.792808294296
    },
    "barkbands_spread": {
        "dmean": 3.34668707848,
        "dmean2": 5.14399290085,
        "dvar": 15.368935585,
        "dvar2": 32.257232666,
        "max": 83.3959274292,
        "mean": 16.097826004,
        "median": 13.5620908737,
        "min": 0.70848852396,
        "var": 115.406791687
    },
    "dissonance": {
        "dmean": 0.0224790293723,
        "dmean2": 0.0377198383212,
        "dvar": 0.00046995759476,
        "dvar2": 0.00131441745907,
        "max": 0.500000119209,
        "mean": 0.452933251858,
        "median": 0.460981458426,
        "min": 0.230000317097,
        "var": 0.00120673212223
    },
    "dynamic_complexity": 3.24921894073,
    "erbbands_crest": {
        "dmean": 2.76323413849,
        "dmean2": 4.47193908691,
        "dvar": 6.54906272888,
        "dvar2": 16.7730770111,
        "max": 31.5788040161,
        "mean": 11.0168790817,
        "median": 10.0213041306,
        "min": 2.04435276985,
        "var": 25.68309021
    },
    "erbbands_flatness_db": {
        "dmean": 0.0139848664403,
        "dmean2": 0.0211145076901,
        "dvar": 0.0001843184873,
        "dvar2": 0.000386233470635,
        "max": 0.380483806133,
        "mean": 0.222258687019,
        "median": 0.225904777646,
        "min": 0.02277684398,
        "var": 0.00185926991981
    },
    "erbbands_kurtosis": {
        "dmean": 0.913911700249,
        "dmean2": 1.44836866856,
        "dvar": 1.99827134609,
        "dvar2": 4.64487266541,
        "max": 53.8052444458,
        "mean": 0.824270427227,
        "median": 0.172469615936,
        "min": -1.79123961926,
        "var": 6.8080163002
    },
    "erbbands_skewness": {
        "dmean": 0.336513727903,
        "dmean2": 0.522682368755,
        "dvar": 0.0951952040195,
        "dvar2": 0.231114119291,
        "max": 6.65867424011,
        "mean": 0.562522292137,
        "median": 0.533942818642,
        "min": -2.49518942833,
        "var": 0.562244951725
    },
    "erbbands_spread": {
        "dmean": 5.15198802948,
        "dmean2": 7.92576122284,
        "dvar": 32.9346008301,
        "dvar2": 70.3008880615,
        "max": 102.59072876,
        "mean": 28.745141983,
        "median": 25.2228717804,
        "min": 2.56532669067,
        "var": 250.727203369
    },
    "hfc": {
        "dmean": 4.24112415314,
        "dmean2": 6.55223798752,
        "dvar": 22.0963630676,
        "dvar2": 52.9942932129,
        "max": 80.0017318726,
        "mean": 21.1267681122,
        "median": 20.7904052734,
        "min": 1.13073670677e-16,
        "var": 188.483505249
    },
    "melbands_crest": {
        "dmean": 3.11327433586,
        "dmean2": 5.04892063141,
        "dvar": 8.00864887238,
        "dvar2": 20.2149963379,
        "max": 33.1936988831,
        "mean": 13.3640480042,
        "median": 12.1177206039,
        "min": 1.00100398064,
        "var": 32.9993934631
    },
    "melbands_flatness_db": {
        "dmean": 0.0190106928349,
        "dmean2": 0.02871019952,
        "dvar": 0.000359516328899,
        "dvar2": 0.000762865005527,
        "max": 0.482591420412,
        "mean": 0.206125676632,
        "median": 0.203286379576,
        "min": -3.10630952072e-07,
        "var": 0.00288539705798
    },
    "melbands_kurtosis": {
        "dmean": 2.97906279564,
        "dmean2": 4.72425174713,
        "dvar": 19.7187919617,
        "dvar2": 48.9513549805,
        "max": 102.106285095,
        "mean": 6.27924585342,
        "median": 3.96788215637,
        "min": -1.75947165489,
        "var": 57.8186149597
    },
    "melbands_skewness": {
        "dmean": 0.457263767719,
        "dmean2": 0.709147155285,
        "dvar": 0.215931504965,
        "dvar2": 0.517795741558,
        "max": 8.73198604584,
        "mean": 1.71054136753,
        "median": 1.60731434822,
        "min": -1.00468432903,
        "var": 1.36299574375
    },
    "melbands_spread": {
        "dmean": 4.93561029434,
        "dmean2": 7.57319164276,
        "dvar": 37.7056541443,
        "dvar2": 75.4954147339,
        "max": 204.397247314,
        "mean": 20.8614387512,
        "median": 18.5833091736,
        "min": 1.03234314919,
        "var": 170.394195557
    },
    "pitch_salience": {
        "dmean": 0.0615329444408,
        "dmean2": 0.0989305749536,
        "dvar": 0.00293901492842,
        "dvar2": 0.00747770164162,
        "max": 0.997723996639,
        "mean": 0.574504196644,
        "median": 0.582886040211,
        "min": 0.138381049037,
        "var": 0.0131487650797
    },
    "silence_rate_20dB": {
        "dmean": 0,
        "dmean2": 0,
        "dvar": 0,
        "dvar2": 0,
        "max": 1,
        "mean": 1,
        "median": 1,
        "min": 1,
        "var": 0
    },
    "silence_rate_30dB": {
        "dmean": 0,
        "dmean2": 0,
        "dvar": 0,
        "dvar2": 0,
        "max": 1,
        "mean": 1,
        "median": 1,
        "min": 1,
        "var": 0
    },
    "silence_rate_60dB": {
        "dmean": 0.0113390926272,
        "dmean2": 0.022681247443,
        "dvar": 0.0112114949152,
        "dvar2": 0.0248676352203,
        "max": 1,
        "mean": 0.0700499415398,
        "median": 0,
        "min": 0,
        "var": 0.0651488378644
    },
    "spectral_centroid": {
        "dmean": 178.60055542,
        "dmean2": 271.853759766,
        "dvar": 45062.2578125,
        "dvar2": 85308.5703125,
        "max": 10935.5712891,
        "mean": 1227.21203613,
        "median": 1181.48168945,
        "min": 203.47593689,
        "var": 265530.625
    },
    "spectral_complexity": {
        "dmean": 2.62742972374,
        "dmean2": 4.27190494537,
        "dvar": 6.62832641602,
        "dvar2": 16.1759586334,
        "max": 49,
        "mean": 19.1125659943,
        "median": 20,
        "min": 0,
        "var": 61.127696991
    },
    "spectral_decrease": {
        "dmean": 1.53967927297e-09,
        "dmean2": 2.41963804548e-09,
        "dvar": 2.89448260036e-18,
        "dvar2": 7.19089199598e-18,
        "max": -9.71732046042e-29,
        "mean": -6.24119378401e-09,
        "median": -6.3651093285e-09,
        "min": -2.09611137336e-08,
        "var": 1.34883437308e-17
    },
    "spectral_energy": {
        "dmean": 0.00613521551713,
        "dmean2": 0.00963723380119,
        "dvar": 4.55618646811e-05,
        "dvar2": 0.000113074544061,
        "max": 0.0847434177995,
        "mean": 0.0254719443619,
        "median": 0.0260478574783,
        "min": 1.06228771852e-20,
        "var": 0.000222220129217
    },
    "spectral_energyband_high": {
        "dmean": 0.000118811396533,
        "dmean2": 0.000176763802301,
        "dvar": 4.919570884e-08,
        "dvar2": 9.51213152689e-08,
        "max": 0.00661980547011,
        "mean": 0.000377598742489,
        "median": 0.000235721570789,
        "min": 7.4618759446e-21,
        "var": 2.30682175584e-07
    },
    "spectral_energyband_low": {
        "dmean": 0.00066191481892,
        "dmean2": 0.00110997760203,
        "dvar": 2.2568208351e-06,
        "dvar2": 6.20044556854e-06,
        "max": 0.0237410254776,
        "mean": 0.00133608351462,
        "median": 0.000862340151798,
        "min": 7.94954129962e-23,
        "var": 2.93476227853e-06
    },
    "spectral_energyband_middle_high": {
        "dmean": 0.00208162586205,
        "dmean2": 0.00323955249041,
        "dvar": 8.17113868834e-06,
        "dvar2": 2.05200158234e-05,
        "max": 0.0594094283879,
        "mean": 0.00813648477197,
        "median": 0.00574476690963,
        "min": 1.88945419469e-21,
        "var": 6.19839483988e-05
    },
    "spectral_energyband_middle_low": {
        "dmean": 0.00526859145612,
        "dmean2": 0.0082895224914,
        "dvar": 4.16597467847e-05,
        "dvar2": 0.000103844729892,
        "max": 0.0790084078908,
        "mean": 0.0161834228784,
        "median": 0.0135271064937,
        "min": 3.15253253482e-22,
        "var": 0.000148408245877
    },
    "spectral_entropy": {
        "dmean": 0.126819506288,
        "dmean2": 0.189932867885,
        "dvar": 0.0174658223987,
        "dvar2": 0.0345723703504,
        "max": 9.7961473465,
        "mean": 7.27897930145,
        "median": 7.28681516647,
        "min": 5.43302154541,
        "var": 0.164897307754
    },
    "spectral_flux": {
        "dmean": 0.0188016369939,
        "dmean2": 0.0305954869837,
        "dvar": 0.000370145018678,
        "dvar2": 0.000898180296645,
        "max": 0.223301336169,
        "mean": 0.0750016719103,
        "median": 0.0737884715199,
        "min": 1.03067346324e-10,
        "var": 0.00122686254326
    },
    "spectral_kurtosis": {
        "dmean": 2.54708909988,
        "dmean2": 4.44359588623,
        "dvar": 6.97234773636,
        "dvar2": 21.0395469666,
        "max": 44.0893859863,
        "mean": 5.35865306854,
        "median": 3.84733057022,
        "min": -1.19226205349,
        "var": 26.0176544189
    },
    "spectral_rms": {
        "dmean": 0.000589595292695,
        "dmean2": 0.000910615141038,
        "dvar": 3.60117923037e-07,
        "dvar2": 8.31059878692e-07,
        "max": 0.00909266248345,
        "mean": 0.00468014832586,
        "median": 0.00504108564928,
        "min": 3.21928291316e-12,
        "var": 2.94681717605e-06
    },
    "spectral_rolloff": {
        "dmean": 299.145812988,
        "dmean2": 493.450744629,
        "dvar": 333215.5625,
        "dvar2": 655086.5625,
        "max": 18647.7539062,
        "mean": 1449.1652832,
        "median": 1270.45898438,
        "min": 43.06640625,
        "var": 1358507.75
    },
    "spectral_skewness": {
        "dmean": 0.268610924482,
        "dmean2": 0.449864417315,
        "dvar": 0.06180742383,
        "dvar2": 0.167269200087,
        "max": 5.02680540085,
        "mean": 1.45062315464,
        "median": 1.2876636982,
        "min": 0.0200892798603,
        "var": 0.456396430731
    },
    "spectral_spread": {
        "dmean": 247054.828125,
        "dmean2": 372675.40625,
        "dvar": 213024407552,
        "dvar2": 241344397312,
        "max": 40850364,
        "mean": 3201946.25,
        "median": 2990168.25,
        "min": 1352173.75,
        "var": 1.18812403302e+12
    },
    "spectral_strongpeak": {
        "dmean": 0.628731131554,
        "dmean2": 1.02811658382,
        "dvar": 0.636060595512,
        "dvar2": 1.64732635021,
        "max": 10.7313709259,
        "mean": 1.7223457098,
        "median": 1.39672720432,
        "min": 0,
        "var": 2.06253957748
    },
    "zerocrossingrate": {
        "dmean": 0.00607925979421,
        "dmean2": 0.00743523053825,
        "dvar": 9.40001482377e-05,
        "dvar2": 0.000109983018774,
        "max": 0.64453125,
        "mean": 0.0525214411318,
        "median": 0.0478515625,
        "min": 0.00927734375,
        "var": 0.000848817639053
    },
    "barkbands": {
        "dmean": [3.64643256034e-06, 0.000139284020406, 0.000411750370404, 0.000443399389042, 0.00168910832144, 0.00212256074883, 0.000934734765906, 0.00159561657347, 0.0012166169472, 0.000983638106845, 0.000539519067388, 0.000595110643189, 0.000492795952596, 0.000388928950997, 0.000342219747836, 0.00028113956796, 0.000129244624986, 6.81082965457e-05, 0.000167343110661, 0.000105007144157, 5.4371310398e-05, 2.81185893982e-05, 1.74917149707e-05, 7.66207904235e-06, 8.98579969544e-07, 3.93493380102e-08, 6.52733156414e-09],
        "dmean2": [6.21033495918e-06, 0.000227108088438, 0.000688585278112, 0.000730462837964, 0.0027050615754, 0.00329451262951, 0.0014886300778, 0.00250647449866, 0.00189128343482, 0.0015760557726, 0.000828366784845, 0.000947620661464, 0.000785732234363, 0.000638954516035, 0.000549781019799, 0.00044025250827, 0.000209389647353, 0.000112593632366, 0.000261590234004, 0.000163907490787, 8.5192550614e-05, 4.29453248216e-05, 2.56418024946e-05, 1.07881915028e-05, 1.32723107527e-06, 6.65487931428e-08, 1.13309983618e-08],
        "dvar": [3.67354584252e-11, 1.21051826341e-07, 1.07291577933e-06, 5.60310468245e-07, 8.81667710928e-06, 1.3293702068e-05, 4.82456925965e-06, 1.17574945762e-05, 9.37734694162e-06, 4.48309174317e-06, 1.81420796252e-06, 1.75128718638e-06, 1.01621844806e-06, 8.79399749465e-07, 5.1301037729e-07, 4.31894960684e-07, 5.87094319826e-08, 1.62092081979e-08, 8.61732587509e-08, 3.60035450342e-08, 8.58050874797e-09, 5.32448929391e-09, 3.30937588444e-09, 1.05041164655e-09, 1.66210847169e-11, 1.03519589548e-14, 7.66794905824e-17],
        "dvar2": [9.54897064198e-11, 3.30512961e-07, 2.94450478577e-06, 1.55896600518e-06, 2.21844329644e-05, 3.07523114316e-05, 1.22717128761e-05, 2.85202386294e-05, 2.34448925767e-05, 1.16787459774e-05, 4.12327517552e-06, 4.39951145381e-06, 2.51355959335e-06, 2.37003609982e-06, 1.13813518965e-06, 9.86126224234e-07, 1.42056535424e-07, 4.11802822953e-08, 1.89110707538e-07, 8.14079328393e-08, 2.03586658643e-08, 1.01214094883e-08, 6.4962639712e-09, 1.69427050167e-09, 3.70066581545e-11, 2.98889873355e-14, 2.24183548405e-16],
        "max": [8.3772240032e-05, 0.00663403375074, 0.0215940773487, 0.0118149761111, 0.0587743334472, 0.0547665096819, 0.0463433600962, 0.0677261203527, 0.0771721079946, 0.0419244207442, 0.0353302694857, 0.0325195044279, 0.0198105499148, 0.0236608628184, 0.0157878492028, 0.0183535441756, 0.0076612662524, 0.00384330772795, 0.00684966705739, 0.00489975232631, 0.00199997611344, 0.00332000199705, 0.00207614316605, 0.00157753122039, 0.000200310809305, 5.44585645912e-06, 3.51269022758e-07],
        "mean": [4.29236024502e-06, 0.000284972629743, 0.000677877105772, 0.000794082414359, 0.00351124070585, 0.00460571376607, 0.00153015728574, 0.00311464141123, 0.00224258145317, 0.00192602211609, 0.00110542937182, 0.00120100460481, 0.00103160692379, 0.000744629825931, 0.000646230240818, 0.000655647076201, 0.000262724759523, 0.000143861761899, 0.00046319377725, 0.000251769670285, 0.000151252315845, 6.74332259223e-05, 3.78555741918e-05, 1.56775895448e-05, 1.81481868822e-06, 2.34974294244e-07, 1.27690578111e-08],
        "median": [2.15345608012e-06, 0.000196333930944, 0.000340854632668, 0.000490796519443, 0.00205244100653, 0.00160757312551, 0.000666903564706, 0.000886568159331, 0.000685299455654, 0.000431644817581, 0.000197130706511, 0.000303030246869, 0.000287467439193, 0.00026744249044, 0.00026324542705, 0.000189851067262, 0.000147817088873, 7.75159351178e-05, 0.000219160923734, 0.000147784114233, 8.67291673785e-05, 3.03128017549e-05, 1.12473853733e-05, 3.60994727089e-06, 5.13988538842e-07, 2.25360153649e-07, 1.12679821029e-08],
        "min": [4.06771313726e-24, 2.83091760407e-23, 2.35139288339e-23, 2.81515805645e-23, 5.35048569281e-23, 6.92460998198e-24, 1.87764372894e-23, 6.52335651363e-23, 8.50250691954e-23, 1.41502461299e-22, 5.44527837462e-23, 6.53712686959e-23, 2.38224128909e-22, 1.1377684038e-22, 1.30336242471e-22, 2.54018613601e-22, 2.97253542839e-22, 2.99923855936e-22, 1.98590747288e-22, 2.83853080601e-22, 4.79199047348e-22, 4.41946839215e-22, 6.07264821917e-22, 8.50811300689e-22, 1.07284588336e-21, 2.07416406976e-21, 1.95237061029e-21],
        "var": [4.55528080534e-11, 1.28399292976e-07, 1.24515429434e-06, 1.00325394214e-06, 1.9346958652e-05, 4.83529183839e-05, 8.33332342154e-06, 4.35602014477e-05, 2.22912567551e-05, 1.47895616465e-05, 8.04729916126e-06, 5.52326309844e-06, 3.73958550881e-06, 2.75446541309e-06, 1.34738183988e-06, 1.9395668005e-06, 1.49541321548e-07, 4.0262182921e-08, 4.64697933467e-07, 1.27602390876e-07, 3.33546523734e-08, 1.93990157271e-08, 1.06631903307e-08, 3.47564266256e-09, 3.72694999862e-11, 7.81587115991e-15, 7.75424451021e-17]
    },
    "erbbands": {
        "dmean": [0.00186267541721, 0.043331541121, 0.365528762341, 1.01430368423, 2.84556174278, 6.15821695328, 15.5652389526, 16.5058307648, 13.3657255173, 15.1582021713, 40.6263580322, 29.4009475708, 22.9867134094, 32.8048171997, 19.2549705505, 24.9031600952, 22.5930576324, 21.1379585266, 15.0959663391, 17.7603378296, 10.505402565, 5.40868234634, 3.29595351219, 5.36650419235, 9.16100502014, 4.27441930771, 2.65454697609, 1.80474126339, 1.01566839218, 0.750425815582, 0.455219328403, 0.263867557049, 0.0733332186937, 0.0174561906606, 0.00252104108222, 0.000315406010486, 7.31348991394e-05, 1.40464162541e-05, 3.41801228387e-06, 7.02102579453e-06],
        "dmean2": [0.00308908638544, 0.0710693448782, 0.612602829933, 1.67976546288, 4.57028150558, 9.98972129822, 24.3651428223, 25.8030910492, 21.2123260498, 23.7781600952, 63.7268028259, 45.8740959167, 36.5492210388, 50.9081878662, 30.2121601105, 39.8149185181, 36.0339851379, 34.6060791016, 24.4238815308, 27.2582359314, 16.7529888153, 8.67088413239, 5.36061525345, 8.61281204224, 14.349486351, 6.606549263, 4.16119909286, 2.83372783661, 1.55654191971, 1.12746334076, 0.665191352367, 0.380004107952, 0.101575762033, 0.0251350495964, 0.00376523914747, 0.000502346025314, 0.000124810234411, 2.42373134824e-05, 5.41349845662e-06, 1.10178725663e-05],
        "dvar": [1.41789978443e-05, 0.0129078496248, 0.926999211311, 3.19741249084, 25.3723678589, 175.346618652, 967.961730957, 1177.18322754, 922.428649902, 1168.25671387, 7762.63427734, 5859.68017578, 3119.27709961, 5423.75097656, 2106.67797852, 3272.14355469, 2236.25537109, 2809.94287109, 825.178466797, 1578.28552246, 414.653564453, 105.432319641, 36.3428497314, 90.138168335, 285.285308838, 59.5943527222, 20.0114765167, 11.1000270844, 6.79281139374, 6.32548713684, 2.35933303833, 1.04123187065, 0.105788782239, 0.00615791324526, 0.000100330893474, 6.44244778414e-07, 2.87032442259e-08, 1.53448131979e-09, 1.1996650201e-11, 5.88783813371e-11],
        "dvar2": [3.5690380173e-05, 0.0356667228043, 2.52759718895, 8.97720718384, 66.6178512573, 449.483093262, 2275.67456055, 2809.31103516, 2303.58544922, 2895.046875, 18934.7050781, 14729.5576172, 8042.26171875, 13382.3613281, 5087.69482422, 8442.63964844, 5573.35693359, 7595.69628906, 2078.67797852, 3228.01513672, 960.252685547, 245.51008606, 87.1378097534, 208.410369873, 632.932983398, 122.824684143, 46.7117996216, 27.1794242859, 13.7481689453, 12.6204013824, 4.42408943176, 1.83046913147, 0.166134059429, 0.0119251692668, 0.000210495709325, 1.44278578773e-06, 8.4314542903e-08, 4.5598889109e-09, 2.97883315237e-11, 1.458648341e-10],
        "max": [0.0670089125633, 2.13048219681, 19.8431491852, 25.988117218, 107.861427307, 317.328521729, 558.886169434, 706.768188477, 620.884155273, 629.276855469, 1885.53027344, 2365.10449219, 1307.95556641, 1390.34887695, 1446.50158691, 1618.51501465, 1012.04437256, 1323.15002441, 762.5625, 1119.68286133, 535.889160156, 408.138244629, 236.229675293, 248.534408569, 426.078277588, 224.728515625, 91.5770187378, 83.2626495361, 113.500007629, 109.006492615, 51.7826080322, 41.705783844, 16.9713191986, 3.82400417328, 0.416493088007, 0.0265271142125, 0.00936354883015, 0.00210002157837, 4.76556888316e-05, 9.83474019449e-05],
        "mean": [0.00417475448921, 0.0884024575353, 0.675658643246, 1.87018370628, 5.69859075546, 11.1220178604, 34.3534202576, 33.9648017883, 23.6249275208, 27.0302562714, 82.6637954712, 56.6208992004, 46.4602584839, 68.6642837524, 46.0062675476, 51.8560714722, 50.5865821838, 45.0698318481, 31.8763942719, 40.8987846375, 27.374912262, 13.0582466125, 7.98406553268, 14.0205059052, 25.9220695496, 11.688627243, 7.31557273865, 5.01884317398, 2.54183721542, 1.63385438919, 1.00321578979, 0.533952414989, 0.15593662858, 0.0360787510872, 0.00629098108038, 0.00133360107429, 0.000406582141295, 6.46133921691e-05, 1.6810334273e-05, 3.0488743505e-05],
        "median": [0.00325293303467, 0.0577749237418, 0.355785667896, 1.1754001379, 3.71862077713, 6.2093334198, 10.7905235291, 11.7320632935, 10.8655176163, 11.7314491272, 26.307182312, 19.2724704742, 15.5735731125, 16.5406475067, 12.7081670761, 15.5702075958, 16.6427764893, 15.9353466034, 16.5722923279, 13.5359697342, 10.9151659012, 8.09277057648, 5.08350229263, 7.8932929039, 12.2223367691, 7.43760204315, 4.48025560379, 2.80999016762, 1.17980158329, 0.619374155998, 0.292928218842, 0.12998624146, 0.0363484062254, 0.0086136572063, 0.00282141962089, 0.0011137429392, 0.00039237292367, 6.24064341537e-05, 1.71126139321e-05, 3.13884920615e-05],
        "min": [8.26136185958e-22, 5.9540904778e-21, 2.42798173144e-20, 8.6984717016e-20, 1.19983051914e-19, 1.63887175115e-19, 1.19959386794e-19, 7.08464620392e-20, 1.95674653305e-19, 5.47603543376e-19, 1.71954512533e-18, 1.37950368661e-18, 4.677697265e-18, 3.95096408936e-18, 1.93165760224e-18, 2.9305464343e-18, 1.18488535587e-17, 5.97144703411e-18, 8.66967669145e-18, 7.83670333306e-18, 1.37650935483e-17, 1.87176877463e-17, 1.57503443893e-17, 1.20787129889e-17, 1.18416446797e-17, 1.26635776585e-17, 1.70125194336e-17, 1.77328200392e-17, 1.4888069812e-17, 1.67827700185e-17, 1.88841479184e-17, 1.35917272453e-17, 1.70242124588e-17, 1.23611050054e-17, 8.50196995815e-18, 6.81328694148e-18, 4.08904369465e-18, 1.29542501665e-18, 2.38759609206e-19, 3.11829707215e-20],
        "var": [2.01944149012e-05, 0.0132807102054, 1.09680485725, 5.43899154663, 48.8910751343, 273.652496338, 3752.46289062, 4105.38134766, 1665.41882324, 2160.27441406, 30636.8164062, 12639.1142578, 8518.57226562, 19566.2304688, 9006.34863281, 9288.25488281, 8474.3828125, 9193.96875, 2044.1036377, 7040.54589844, 2173.72607422, 306.899780273, 102.952484131, 353.422424316, 1580.53186035, 229.579315186, 73.9099655151, 39.985584259, 24.4833202362, 18.5165958405, 7.86289024353, 3.29545927048, 0.338507682085, 0.0168846342713, 0.000242948168307, 1.36201367695e-06, 2.06207442233e-08, 9.3084351338e-10, 6.6822047895e-11, 3.08536390881e-10]
    },
    "gfcc": {
        "mean": [-33.5501976013, 128.811141968, -159.645812988, 24.199930191, -69.3691253662, -7.35968494415, -30.357219696, -12.3345308304, -19.9724254608, -5.8930182457, -11.9958925247, -11.5805158615, -6.89054059982],
        "cov": [[4791.57128906, 568.906311035, -1322.73339844, 417.136383057, -345.590637207, -225.652481079, 230.00050354, -358.938323975, 96.667427063, -294.67199707, 164.279754639, -253.227935791, 156.229873657], [568.906311035, 742.813293457, 50.9999237061, -214.257492065, 194.767715454, -160.73059082, 65.7577514648, -20.1724014282, -9.3092956543, 3.13554811478, -4.53189086914, -33.5874137878, -38.5581626892], [-1322.73339844, 50.9999237061, 814.89855957, 7.61473941803, 53.106967926, 57.3863258362, -194.709594727, 110.849250793, 0.400774091482, 88.6140975952, -38.2628288269, 55.759021759, -49.2437591553], [417.136383057, -214.257492065, 7.61473941803, 475.643585205, -74.6036224365, -36.6178474426, -111.90650177, -72.9679031372, 47.6159934998, -33.87159729, 14.6273336411, -14.8535499573, 77.8423080444], [-345.590637207, 194.767715454, 53.106967926, -74.6036224365, 322.986907959, -40.5161132812, -9.4075088501, 45.4228935242, -24.7266616821, 48.7600135803, -42.859703064, 20.5497055054, -3.84095001221], [-225.652481079, -160.73059082, 57.3863258362, -36.6178474426, -40.5161132812, 317.103881836, 111.671066284, 45.142742157, -35.2904624939, -21.4885120392, 1.7253626585, -9.72999763489, -65.7285079956], [230.00050354, 65.7577514648, -194.709594727, -111.90650177, -9.4075088501, 111.671066284, 285.09854126, 7.22809791565, -56.8745079041, -31.5944213867, 3.34837150574, -20.9771518707, -60.3965644836], [-358.938323975, -20.1724014282, 110.849250793, -72.9679031372, 45.4228935242, 45.142742157, 7.22809791565, 117.751182556, 16.7698326111, 17.4017009735, -19.5134601593, 1.83342254162, -35.2538757324], [96.667427063, -9.3092956543, 0.400774091482, 47.6159934998, -24.7266616821, -35.2904624939, -56.8745079041, 16.7698326111, 102.581459045, 15.1344566345, -11.0994911194, -17.6117839813, 0.353510677814], [-294.67199707, 3.13554811478, 88.6140975952, -33.87159729, 48.7600135803, -21.4885120392, -31.5944213867, 17.4017009735, 15.1344566345, 88.7983703613, 1.67617034912, 13.9008054733, -3.04028654099], [164.279754639, -4.53189086914, -38.2628288269, 14.6273336411, -42.859703064, 1.7253626585, 3.34837150574, -19.5134601593, -11.0994911194, 1.67617034912, 69.4322662354, 12.7992773056, 9.84630775452], [-253.227935791, -33.5874137878, 55.759021759, -14.8535499573, 20.5497055054, -9.72999763489, -20.9771518707, 1.83342254162, -17.6117839813, 13.9008054733, 12.7992773056, 79.0495300293, 17.0011768341], [156.229873657, -38.5581626892, -49.2437591553, 77.8423080444, -3.84095001221, -65.7285079956, -60.3965644836, -35.2538757324, 0.353510677814, -3.04028654099, 9.84630775452, 17.0011768341, 110.248786926]],
        "icov": [[0.0030914300587, -0.00582036329433, 0.00551010062918, -0.00415433198214, 0.00434467988089, -0.0024325014092, 0.00205664034002, -0.00120927300304, 0.000114163798571, 0.000947678519879, -0.00167798250914, 0.00242078816518, -0.00177855370566], [-0.00582036329433, 0.014998649247, -0.0126145882532, 0.0101044420153, -0.0114805558696, 0.00733007350937, -0.00663697440177, 0.00610652100295, -0.00327326380648, 0.0019870637916, -0.000377184711397, -0.00121880252846, 0.00329846818931], [0.00551010062918, -0.0126145882532, 0.0135931009427, -0.00916626024991, 0.0100767947733, -0.00642292108387, 0.0074451691471, -0.00626749359071, 0.00385918561369, -0.00244381325319, 0.000471775827464, 0.00120332103688, -0.00138769845944], [-0.00415433198214, 0.0101044420153, -0.00916626024991, 0.00998567976058, -0.00773941027001, 0.00437222886831, -0.00382297439501, 0.00570700783283, -0.00367251667194, 0.00238232524134, -0.000381968129659, -0.00056143628899, 0.000541958550457], [0.00434467988089, -0.0114805558696, 0.0100767947733, -0.00773941027001, 0.0131936129183, -0.00497884862125, 0.00554277794436, -0.00669121742249, 0.00505719892681, -0.00433522649109, 0.00353211979382, -0.000138190793223, -0.00224823295139], [-0.0024325014092, 0.00733007350937, -0.00642292108387, 0.00437222886831, -0.00497884862125, 0.00836434494704, -0.00516477786005, 0.00199431600049, -0.000992784975097, 0.00248081609607, -0.00141453405377, 0.00055307376897, 0.00278890808113], [0.00205664034002, -0.00663697440177, 0.0074451691471, -0.00382297439501, 0.00554277794436, -0.00516477786005, 0.010564324446, -0.00456993468106, 0.00587167358026, -0.00237345765345, 0.00215327576734, -0.00042601840687, 0.00201821466908], [-0.00120927300304, 0.00610652100295, -0.00626749359071, 0.00570700783283, -0.00669121742249, 0.00199431600049, -0.00456993468106, 0.0178011953831, -0.00781288556755, 0.00431726593524, -0.0022765097674, 0.00218949373811, 0.00117474060971], [0.000114163798571, -0.00327326380648, 0.00385918561369, -0.00367251667194, 0.00505719892681, -0.000992784975097, 0.00587167358026, -0.00781288556755, 0.0180701687932, -0.00720209395513, 0.00584337627515, -0.00034503013012, 0.00258761597797], [0.000947678519879, 0.0019870637916, -0.00244381325319, 0.00238232524134, -0.00433522649109, 0.00248081609607, -0.00237345765345, 0.00431726593524, -0.00720209395513, 0.0198066476732, -0.00739918090403, 0.0031368334312, -0.00126692675985], [-0.00167798250914, -0.000377184711397, 0.000471775827464, -0.000381968129659, 0.00353211979382, -0.00141453405377, 0.00215327576734, -0.0022765097674, 0.00584337627515, -0.00739918090403, 0.0225010085851, -0.00775405112654, 0.00142109231092], [0.00242078816518, -0.00121880252846, 0.00120332103688, -0.00056143628899, -0.000138190793223, 0.00055307376897, -0.00042601840687, 0.00218949373811, -0.00034503013012, 0.0031368334312, -0.00775405112654, 0.0204695556313, -0.00450756493956], [-0.00177855370566, 0.00329846818931, -0.00138769845944, 0.000541958550457, -0.00224823295139, 0.00278890808113, 0.00201821466908, 0.00117474060971, 0.00258761597797, -0.00126692675985, 0.00142109231092, -0.00450756493956, 0.0153324222192]]
    },
    "melbands": {
        "dmean": [2.57284500549e-05, 0.000143641576869, 0.000206001990591, 0.00031437119469, 0.00046564952936, 0.000367903645383, 0.000206699682167, 0.000186974124517, 0.000325417116983, 0.000175114779267, 0.000117313131341, 0.000140367264976, 7.47972735553e-05, 6.87956708134e-05, 5.28118544025e-05, 5.12343685841e-05, 3.96226751036e-05, 2.50805569522e-05, 2.40754361585e-05, 2.43523918471e-05, 1.30960552269e-05, 6.92289768267e-06, 4.34848698205e-06, 3.48917387782e-06, 4.78866195408e-06, 7.95520736574e-06, 5.53839436179e-06, 2.84162729258e-06, 2.07959101317e-06, 1.37574215842e-06, 1.06633081032e-06, 6.49587434509e-07, 5.2025285413e-07, 4.11059005501e-07, 2.8992437251e-07, 2.40536650153e-07, 1.42565724559e-07, 5.76838807831e-08, 2.99617077815e-08, 1.07216981959e-08],
        "dmean2": [4.23678902735e-05, 0.000240695808316, 0.000337260949891, 0.00051018234808, 0.000736241345294, 0.000574758800212, 0.000327110115904, 0.000292832002742, 0.000508818076923, 0.000273237528745, 0.000186322300578, 0.000219029199798, 0.00011573714437, 0.000108704974991, 8.37554762256e-05, 8.02138674771e-05, 6.5148655267e-05, 4.06646504416e-05, 3.70865927835e-05, 3.70515845134e-05, 2.10025536944e-05, 1.11094768727e-05, 7.10813583282e-06, 5.82534676141e-06, 7.70665155869e-06, 1.2340565263e-05, 8.56272617966e-06, 4.41128804596e-06, 3.29299746227e-06, 2.17597539631e-06, 1.69993893451e-06, 1.02225419596e-06, 8.07516073564e-07, 6.2424845737e-07, 4.35337540239e-07, 3.52828323003e-07, 2.09214306324e-07, 8.29626500831e-08, 4.33850679826e-08, 1.60612838584e-08],
        "dvar": [3.69117025834e-09, 1.46305950466e-07, 1.07170961883e-07, 4.03838896545e-07, 7.88584713973e-07, 4.98762631196e-07, 2.11626655755e-07, 1.55581162176e-07, 4.6998385983e-07, 2.28330264918e-07, 7.96747983145e-08, 1.02225406806e-07, 3.66968819776e-08, 2.34997923343e-08, 1.15890843588e-08, 1.07847260011e-08, 1.02149000369e-08, 2.35685160277e-09, 2.81970202742e-09, 3.65773966671e-09, 6.07834116373e-10, 1.87432042109e-10, 7.55951065634e-11, 4.84162501757e-11, 8.16195236397e-11, 2.22013810114e-10, 1.08834712076e-10, 2.71338160274e-11, 1.28537389066e-11, 6.1617325825e-12, 4.18402378716e-12, 2.68595757615e-12, 2.80242062195e-12, 2.02104348881e-12, 1.02245154617e-12, 6.29111996872e-13, 3.71053258648e-13, 6.76512949935e-14, 1.7660013534e-14, 2.48594979712e-15],
        "dvar2": [9.89977078092e-09, 4.00927774535e-07, 2.96017645951e-07, 1.03271418084e-06, 1.89567128928e-06, 1.18770219615e-06, 5.28781129105e-07, 3.78125264433e-07, 1.14432612008e-06, 5.76256809381e-07, 2.04252856406e-07, 2.54602923633e-07, 8.58771329604e-08, 5.73285632299e-08, 2.83128915868e-08, 2.47037927892e-08, 2.77644360835e-08, 5.84131543135e-09, 5.60120172466e-09, 8.21304091403e-09, 1.4409785587e-09, 4.42080400065e-10, 1.77634351672e-10, 1.37106853648e-10, 1.88106974441e-10, 4.86295059776e-10, 2.42259740046e-10, 5.67600098866e-11, 3.11923195606e-11, 1.43611563613e-11, 1.06405934411e-11, 6.02736523886e-12, 5.6417691699e-12, 4.30328168932e-12, 2.0620100679e-12, 1.21167789344e-12, 6.57740680497e-13, 1.18948132052e-13, 3.05110788251e-14, 5.82168582208e-15],
        "max": [0.00118378759362, 0.00718725472689, 0.00630606338382, 0.0133158853278, 0.0160973891616, 0.0135883465409, 0.00995965488255, 0.00655445968732, 0.0152154257521, 0.0136541537941, 0.00637874146923, 0.00611760327592, 0.0058682593517, 0.00404662638903, 0.00231235940009, 0.00221513304859, 0.00237503275275, 0.00121065753046, 0.00153966306243, 0.00173102121335, 0.000585894158576, 0.000424087629654, 0.000278956256807, 0.000152712804265, 0.000236201041844, 0.000377489021048, 0.00032922704122, 0.000183048701729, 9.41770485952e-05, 5.41941917618e-05, 5.37375235581e-05, 6.89260778017e-05, 9.00529921637e-05, 5.8366873418e-05, 3.5954741179e-05, 2.4741215384e-05, 2.81382854155e-05, 1.26749255287e-05, 5.56265831619e-06, 2.50521270573e-06],
        "mean": [5.7349607232e-05, 0.000269201642368, 0.000415221002186, 0.000578621693421, 0.00103989092167, 0.000768383790273, 0.000361823360436, 0.000333967473125, 0.000668089778628, 0.000323499494698, 0.000227518685278, 0.000283741799649, 0.000162431286299, 0.000142622622661, 0.000106626517663, 0.000108397944132, 7.81763810664e-05, 4.75570195704e-05, 4.84760530526e-05, 5.55640945095e-05, 2.80773274426e-05, 1.44571267811e-05, 8.49250773172e-06, 6.97827636031e-06, 1.08090325739e-05, 2.07634584513e-05, 1.36657081384e-05, 6.44360579827e-06, 4.99464704262e-06, 3.4858089748e-06, 2.67762675321e-06, 1.47517619098e-06, 1.096619485e-06, 8.17443094547e-07, 6.01523368005e-07, 4.57511958984e-07, 2.71777025773e-07, 1.14369150594e-07, 5.71932652349e-08, 2.03978380853e-08],
        "median": [4.29867832281e-05, 0.000148849387188, 0.000293000601232, 0.000350756861735, 0.000365210667951, 0.000272084580502, 0.000162851458299, 0.000136071204906, 0.000217394437641, 9.91096385405e-05, 6.45455220365e-05, 5.95178826188e-05, 3.34424148605e-05, 3.79709817935e-05, 3.20580875268e-05, 3.2291860407e-05, 2.4867382308e-05, 2.22626986215e-05, 1.88284047908e-05, 1.31334936668e-05, 1.24263478938e-05, 7.81202288636e-06, 4.82086716147e-06, 3.50398204318e-06, 5.36501374881e-06, 9.13122221391e-06, 6.68861048325e-06, 4.0024115151e-06, 2.86396061711e-06, 1.84821362836e-06, 1.42531928304e-06, 6.48981199447e-07, 4.2746694362e-07, 2.70659143098e-07, 1.7146827247e-07, 1.11432136407e-07, 5.9683230802e-08, 2.5732367348e-08, 1.18109646507e-08, 4.91520957269e-09],
        "min": [7.17671493893e-24, 1.15700682801e-23, 1.3568480145e-23, 1.21220003345e-23, 4.50745378811e-24, 1.67844869842e-24, 2.90818700306e-24, 6.7079524898e-24, 1.46118796431e-23, 1.00105249804e-23, 2.31798004866e-23, 1.60682730686e-23, 6.76148380197e-24, 7.66702749026e-24, 1.25547386615e-23, 2.51245256337e-23, 9.73475814059e-24, 1.40209013405e-23, 9.22008083134e-24, 1.47676749387e-23, 1.60782253377e-23, 2.02663809692e-23, 1.5458964794e-23, 1.40080318637e-23, 9.28737618858e-24, 7.05724353255e-24, 9.76455815015e-24, 8.11917573987e-24, 9.39075325477e-24, 1.11092835813e-23, 9.78153285911e-24, 7.07799609639e-24, 1.07645994863e-23, 8.56974311221e-24, 1.15974015216e-23, 8.82136607515e-24, 7.82925752428e-24, 1.17826489392e-23, 1.07434935128e-23, 1.05893816463e-23],
        "var": [4.27491952948e-09, 1.65184701473e-07, 2.01266686872e-07, 6.88378577252e-07, 2.98732993542e-06, 1.76330570412e-06, 3.92456826148e-07, 3.23798900581e-07, 1.88517913102e-06, 4.8803866548e-07, 2.19579405325e-07, 3.61098869917e-07, 1.56755518788e-07, 7.95923256192e-08, 3.52924658387e-08, 3.86530381036e-08, 3.25377271793e-08, 5.19297627122e-09, 9.04084718201e-09, 1.71491070233e-08, 2.27761876026e-09, 4.93011131919e-10, 1.7743932712e-10, 1.06020213442e-10, 2.69822053589e-10, 1.09614251009e-09, 5.15185283323e-10, 7.86790702034e-11, 4.15843678936e-11, 1.99511535764e-11, 1.33440290068e-11, 8.14616863548e-12, 8.1127222995e-12, 5.26669419881e-12, 3.12908054502e-12, 1.72592788585e-12, 1.13144639057e-12, 1.88477868295e-13, 4.9730503732e-14, 5.38189022224e-15]
    },
    "mfcc": {
        "mean": [-660.414001465, 148.718841553, -32.1961517334, 24.4208297729, -21.8103103638, 4.07984876633, -10.8041658401, -7.28679561615, -10.3379507065, 3.86444759369, -9.45668315887, -4.52097082138, -3.64687013626],
        "cov": [[5623.54150391, -248.292388916, -890.165405273, 305.939605713, -606.099609375, 116.278297424, -97.2937927246, 17.9530220032, -163.970596313, 63.4845466614, -182.132904053, -87.5068664551, -156.356704712], [-248.292388916, 1116.70959473, -161.745346069, -46.4567985535, 68.0639419556, -90.8869247437, 72.5438613892, -32.5629005432, 24.4863491058, -24.9892578125, 91.1921157837, 12.0080738068, 31.6107559204], [-890.165405273, -161.745346069, 713.692382812, -3.16318821907, 147.579406738, -11.5039319992, -65.927520752, -12.005616188, -13.723025322, -0.638555645943, 4.93947601318, 36.2535552979, 30.9540557861], [305.939605713, -46.4567985535, -3.16318821907, 370.15814209, 91.9961471558, -24.123210907, -112.971061707, -85.6086120605, -14.286485672, 15.402838707, -92.3944702148, -62.447769165, 63.5834884644], [-606.099609375, 68.0639419556, 147.579406738, 91.9961471558, 343.260345459, -39.6325454712, -72.8411254883, -62.0760879517, 31.9787712097, 9.42991638184, -22.5743255615, -22.1189498901, 62.0774154663], [116.278297424, -90.8869247437, -11.5039319992, -24.123210907, -39.6325454712, 156.949554443, 79.9536819458, 47.3207817078, 3.14088797569, 1.82756197453, 14.0482368469, 17.7025279999, -41.3991279602], [-97.2937927246, 72.5438613892, -65.927520752, -112.971061707, -72.8411254883, 79.9536819458, 231.684173584, 85.1916122437, 11.952091217, -13.7855958939, 49.9688568115, 26.3357944489, -52.3858070374], [17.9530220032, -32.5629005432, -12.005616188, -85.6086120605, -62.0760879517, 47.3207817078, 85.1916122437, 150.727584839, 16.3269023895, -6.89485788345, 46.5614547729, 29.6079616547, -45.0917434692], [-163.970596313, 24.4863491058, -13.723025322, -14.286485672, 31.9787712097, 3.14088797569, 11.952091217, 16.3269023895, 87.3646697998, 22.9787998199, 11.5236148834, 5.46660852432, -2.31667757034], [63.4845466614, -24.9892578125, -0.638555645943, 15.402838707, 9.42991638184, 1.82756197453, -13.7855958939, -6.89485788345, 22.9787998199, 81.1335525513, 8.13039684296, -4.29477024078, -4.43279695511], [-182.132904053, 91.1921157837, 4.93947601318, -92.3944702148, -22.5743255615, 14.0482368469, 49.9688568115, 46.5614547729, 11.5236148834, 8.13039684296, 117.509757996, 49.8800544739, -19.6670684814], [-87.5068664551, 12.0080738068, 36.2535552979, -62.447769165, -22.1189498901, 17.7025279999, 26.3357944489, 29.6079616547, 5.46660852432, -4.29477024078, 49.8800544739, 89.151550293, 5.74276924133], [-156.356704712, 31.6107559204, 30.9540557861, 63.5834884644, 62.0774154663, -41.3991279602, -52.3858070374, -45.0917434692, -2.31667757034, -4.43279695511, -19.6670684814, 5.74276924133, 93.2252120972]],
