{
"lowlevel": {
    "average_loudness": 0.913412690163,
    "barkbands_crest": {
        "dmean": 1.92229092121,
        "dmean2": 3.06745910645,
        "dvar": 3.44602823257,
        "dvar2": 8.61835575104,
        "max": 25.1330547333,
        "mean": 9.12545204163,
        "median": 7.9526386261,
        "min": 2.48114967346,
        "var": 14.8823251724
    },
    "barkbands_flatness_db": {
        "dmean": 0.0147436065599,
        "dmean2": 0.0229640360922,
        "dvar": 0.000196372275241,
        "dvar2": 0.000436960952356,
        "max": 0.38613936305,
        "mean": 0.172533720732,
        "median": 0.167851507664,
        "min": 0.0186532735825,
        "var": 0.0032604096923
    },
    "barkbands_kurtosis": {
        "dmean": 1.55665326118,
        "dmean2": 2.45998764038,
        "dvar": 7.71731805801,
        "dvar2": 18.4702949524,
        "max": 91.0078887939,
        "mean": 2.80441379547,
        "median": 1.48015522957,
        "min": -1.85656404495,
        "var": 30.4096336365
    },
    "barkbands_skewness": {
        "dmean": 0.34406042099,
        "dmean2": 0.536069691181,
        "dvar": 0.120638176799,
        "dvar2": 0.279544085264,
        "max": 7.4069185257,
        "mean": 0.830437898636,
        "median": 0.899368405342,
        "min": -2.51370644569,
        "var": 1.68344032764
    },
    "barkbands_spread": {
        "dmean": 2.90600943565,
        "dmean2": 4.54145288467,
        "dvar": 12.9840250015,
        "dvar2": 25.5840816498,
        "max": 94.9512634277,
        "mean": 15.7821836472,
        "median": 14.364818573,
        "min": 0.788818478584,
        "var": 79.2041091919
    },
    "dissonance": {
        "dmean": 0.0212733689696,
        "dmean2": 0.0359384603798,
        "dvar": 0.000489585800096,
        "dvar2": 0.00137285201345,
        "max": 0.500000059605,
        "mean": 0.45186111331,
        "median": 0.459130913019,
        "min": 0.19649194181,
        "var": 0.00150285824202
    },
    "dynamic_complexity": 1.97318649292,
    "erbbands_crest": {
        "dmean": 2.52420663834,
        "dmean2": 4.06331443787,
        "dvar": 6.17112970352,
        "dvar2": 15.2393741608,
        "max": 31.2195854187,
        "mean": 10.5373363495,
        "median": 9.60102272034,
        "min": 2.55927658081,
        "var": 27.8103065491
    },
    "erbbands_flatness_db": {
        "dmean": 0.0134277185425,
        "dmean2": 0.020142685622,
        "dvar": 0.000176330591785,
        "dvar2": 0.00035105709685,
        "max": 0.390070289373,
        "mean": 0.219610571861,
        "median": 0.224073052406,
        "min": 0.0833233371377,
        "var": 0.00374878197908
    },
    "erbbands_kurtosis": {
        "dmean": 0.832545876503,
        "dmean2": 1.33103108406,
        "dvar": 1.5285910368,
        "dvar2": 3.7415895462,
        "max": 32.4390487671,
        "mean": 0.581997990608,
        "median": 0.111699223518,
        "min": -1.84241580963,
        "var": 4.8542137146
    },
    "erbbands_skewness": {
        "dmean": 0.313679695129,
        "dmean2": 0.490743666887,
        "dvar": 0.0820176005363,
        "dvar2": 0.192482814193,
        "max": 4.8885717392,
        "mean": 0.342378497124,
        "median": 0.289055556059,
        "min": -2.10001015663,
        "var": 0.600548028946
    },
    "erbbands_spread": {
        "dmean": 4.25298500061,
        "dmean2": 6.56071615219,
        "dvar": 28.011631012,
        "dvar2": 55.7894554138,
        "max": 130.388763428,
        "mean": 26.2098560333,
        "median": 25.2388706207,
        "min": 2.45262718201,
        "var": 165.247070312
    },
    "hfc": {
        "dmean": 4.13093519211,
        "dmean2": 6.24824142456,
        "dvar": 27.0650234222,
        "dvar2": 60.9921302795,
        "max": 119.897422791,
        "mean": 20.3022117615,
        "median": 20.2211952209,
        "min": 1.03769132865e-16,
        "var": 196.050170898
    },
    "melbands_crest": {
        "dmean": 2.36021494865,
        "dmean2": 3.81161904335,
        "dvar": 5.57577705383,
        "dvar2": 14.2798032761,
        "max": 32.6896400452,
        "mean": 11.1639328003,
        "median": 10.2976722717,
        "min": 1.53503465652,
        "var": 33.6728973389
    },
    "melbands_flatness_db": {
        "dmean": 0.0150952758268,
        "dmean2": 0.0228346157819,
        "dvar": 0.000267273338977,
        "dvar2": 0.000560815504286,
        "max": 0.446353852749,
        "mean": 0.198734343052,
        "median": 0.206014305353,
        "min": 0.00222776527517,
        "var": 0.00770192081109
    },
    "melbands_kurtosis": {
        "dmean": 2.48928809166,
        "dmean2": 3.89697265625,
        "dvar": 23.5254802704,
        "dvar2": 59.1704101562,
        "max": 171.771636963,
        "mean": 5.31149673462,
        "median": 2.80709600449,
        "min": -1.51335418224,
        "var": 84.6812667847
    },
    "melbands_skewness": {
        "dmean": 0.38756147027,
        "dmean2": 0.60079240799,
        "dvar": 0.172813460231,
        "dvar2": 0.410391151905,
        "max": 9.64830207825,
        "mean": 1.49546539783,
        "median": 1.42487859726,
        "min": -1.09013140202,
        "var": 1.36638867855
    },
    "melbands_spread": {
        "dmean": 5.0329823494,
        "dmean2": 8.08019638062,
        "dvar": 41.2149429321,
        "dvar2": 107.406227112,
        "max": 169.251937866,
        "mean": 31.4441146851,
        "median": 19.3326530457,
        "min": 0.832449316978,
        "var": 1334.63232422
    },
    "pitch_salience": {
        "dmean": 0.0518525615335,
        "dmean2": 0.0829991102219,
        "dvar": 0.00239732605405,
        "dvar2": 0.00597161008045,
        "max": 0.947337329388,
        "mean": 0.587077736855,
        "median": 0.574915587902,
        "min": 0.14305755496,
        "var": 0.0172347910702
    },
    "silence_rate_20dB": {
        "dmean": 0,
        "dmean2": 0,
        "dvar": 0,
        "dvar2": 0,
        "max": 1,
        "mean": 1,
        "median": 1,
        "min": 1,
        "var": 0
    },
    "silence_rate_30dB": {
        "dmean": 0.000697431154549,
        "dmean2": 0.00139502435923,
        "dvar": 0.000696936505847,
        "dvar2": 0.00209055724554,
        "max": 1,
        "mean": 0.999651312828,
        "median": 1,
        "min": 0,
        "var": 0.00034862983739
    },
    "silence_rate_60dB": {
        "dmean": 0.0030222015921,
        "dmean2": 0.00604510586709,
        "dvar": 0.0030133696273,
        "dvar2": 0.00786981545389,
        "max": 1,
        "mean": 0.124476984143,
        "median": 0,
        "min": 0,
        "var": 0.108989827335
    },
    "spectral_centroid": {
        "dmean": 164.983062744,
        "dmean2": 262.69833374,
        "dvar": 43321.4765625,
        "dvar2": 99293.109375,
        "max": 11992.5224609,
        "mean": 2173.8918457,
        "median": 1152.24414062,
        "min": 268.347686768,
        "var": 9604659
    },
    "spectral_complexity": {
        "dmean": 2.1141462326,
        "dmean2": 3.45687055588,
        "dvar": 5.31742811203,
        "dvar2": 13.1998224258,
        "max": 48,
        "mean": 16.8012561798,
        "median": 18,
        "min": 0,
        "var": 79.9198379517
    },
    "spectral_decrease": {
        "dmean": 1.4127367054e-09,
        "dmean2": 2.15708761964e-09,
        "dvar": 3.20655613198e-18,
        "dvar2": 7.33679176678e-18,
        "max": 1.53481844685e-27,
        "mean": -6.59322907381e-09,
        "median": -6.7215033539e-09,
        "min": -3.93900450035e-08,
        "var": 1.8052960443e-17
    },
    "spectral_energy": {
        "dmean": 0.00563157349825,
        "dmean2": 0.00858986563981,
        "dvar": 4.99628149555e-05,
        "dvar2": 0.000114508671686,
        "max": 0.154079809785,
        "mean": 0.0267259031534,
        "median": 0.0274573676288,
        "min": 9.75490299754e-21,
        "var": 0.000289963092655
    },
    "spectral_energyband_high": {
        "dmean": 0.00010595346248,
        "dmean2": 0.00015772592451,
        "dvar": 1.2959213791e-07,
        "dvar2": 2.40336021307e-07,
        "max": 0.0160868298262,
        "mean": 0.000236370440689,
        "median": 9.60038014455e-05,
        "min": 6.89166415921e-21,
        "var": 3.37366799386e-07
    },
    "spectral_energyband_low": {
        "dmean": 0.00110898015555,
        "dmean2": 0.00180349033326,
        "dvar": 9.95394566417e-06,
        "dvar2": 2.41720790655e-05,
        "max": 0.100367419422,
        "mean": 0.00312994443811,
        "median": 0.00166027084924,
        "min": 8.05235448803e-24,
        "var": 2.6221607186e-05
    },
    "spectral_energyband_middle_high": {
        "dmean": 0.00208134111017,
        "dmean2": 0.00319626624696,
        "dvar": 8.24322160042e-06,
        "dvar2": 1.96413311642e-05,
        "max": 0.0434531308711,
        "mean": 0.00785663165152,
        "median": 0.00573433097452,
        "min": 1.04256846781e-21,
        "var": 5.50663244212e-05
    },
    "spectral_energyband_middle_low": {
        "dmean": 0.00467778323218,
        "dmean2": 0.00708709284663,
        "dvar": 3.67547836504e-05,
        "dvar2": 8.47685660119e-05,
        "max": 0.131765335798,
        "mean": 0.016805710271,
        "median": 0.0152083272114,
        "min": 1.47365414387e-22,
        "var": 0.00016976268671
    },
    "spectral_entropy": {
        "dmean": 0.110676795244,
        "dmean2": 0.164238736033,
        "dvar": 0.0173626039177,
        "dvar2": 0.0336703583598,
        "max": 9.83413600922,
        "mean": 7.35896921158,
        "median": 7.16203260422,
        "min": 5.30819749832,
        "var": 0.931886851788
    },
    "spectral_flux": {
        "dmean": 0.0164829995483,
        "dmean2": 0.0269584637135,
        "dvar": 0.000362807215424,
        "dvar2": 0.000909736554604,
        "max": 0.268630713224,
        "mean": 0.069017060101,
        "median": 0.0685885772109,
        "min": 6.25743137861e-11,
        "var": 0.00160054711159
    },
    "spectral_kurtosis": {
        "dmean": 3.04903674126,
        "dmean2": 5.3322763443,
        "dvar": 14.1622657776,
        "dvar2": 42.857635498,
        "max": 71.1904525757,
        "mean": 7.34111356735,
        "median": 5.95627164841,
        "min": -1.26717746258,
        "var": 49.5170288086
    },
    "spectral_rms": {
        "dmean": 0.000501482456457,
        "dmean2": 0.000757435162086,
        "dvar": 3.15985346333e-07,
        "dvar2": 6.96850690929e-07,
        "max": 0.0122605776414,
        "mean": 0.00464092707261,
        "median": 0.00517568131909,
        "min": 3.08496002181e-12,
        "var": 4.53578968518e-06
    },
    "spectral_rolloff": {
        "dmean": 271.019866943,
        "dmean2": 465.218536377,
        "dvar": 261509.578125,
        "dvar2": 542165.4375,
        "max": 19875.1464844,
        "mean": 3198.07910156,
        "median": 1313.52539062,
        "min": 129.19921875,
        "var": 29832768
    },
    "spectral_skewness": {
        "dmean": 0.287319988012,
        "dmean2": 0.488781273365,
        "dvar": 0.0880512595177,
        "dvar2": 0.252727806568,
        "max": 6.65662050247,
        "mean": 1.73478913307,
        "median": 1.71399188042,
        "min": -0.115233808756,
        "var": 0.823182165623
    },
    "spectral_spread": {
        "dmean": 377827.25,
        "dmean2": 590618.75,
        "dvar": 471803297792,
        "dvar2": 931173498880,
        "max": 43089468,
        "mean": 7011132.5,
        "median": 2889216,
        "min": 1011344,
        "var": 1.35948465603e+14
    },
    "spectral_strongpeak": {
        "dmean": 0.6601318717,
        "dmean2": 1.10340738297,
        "dvar": 0.846092402935,
        "dvar2": 2.18209052086,
        "max": 11.763174057,
        "mean": 1.56794130802,
        "median": 1.19898283482,
        "min": 0,
        "var": 2.18433642387
    },
    "zerocrossingrate": {
        "dmean": 0.00610802788287,
        "dmean2": 0.00805414281785,
        "dvar": 0.000110521221359,
        "dvar2": 0.000154823894263,
        "max": 0.83056640625,
        "mean": 0.0969321131706,
        "median": 0.0478515625,
        "min": 0.0068359375,
        "var": 0.0204925630242
    },
    "barkbands": {
        "dmean": [4.53411121271e-05, 0.000544369511772, 0.000552412995603, 0.000602123793215, 0.00146474607754, 0.00166470766999, 0.00151991622988, 0.00121347466484, 0.000624292239081, 0.000984409474768, 0.000525332347024, 0.000628491921816, 0.000319118757034, 0.0004941005609, 0.000353872484993, 0.000368023727788, 0.000267855473794, 0.000154155743076, 0.00012554822024, 6.08705886407e-05, 2.74913272733e-05, 2.37037547777e-05, 2.03066447284e-05, 2.01837574423e-05, 4.88919431518e-06, 5.21340609794e-07, 1.50048684588e-09],
        "dmean2": [6.64959588903e-05, 0.000898362370208, 0.000895818870049, 0.000967521977145, 0.00232617929578, 0.0025095557794, 0.00225220317952, 0.00183357961942, 0.000964507285971, 0.00150969089009, 0.000812806072645, 0.000996769638732, 0.000517064996529, 0.000801767397206, 0.00057867646683, 0.00060387281701, 0.000428332714364, 0.000242923619226, 0.000201365663088, 9.63627608144e-05, 4.47302008979e-05, 3.65956111636e-05, 3.03810393234e-05, 2.89737999992e-05, 7.20908701624e-06, 7.73864599068e-07, 2.78692269262e-09],
        "dvar": [4.05217690513e-08, 2.8386853046e-06, 3.68465589418e-06, 1.85159035482e-06, 7.186811672e-06, 9.407064681e-06, 1.04385026134e-05, 6.55411531625e-06, 2.54995075011e-06, 3.72073054677e-06, 1.88937087842e-06, 1.85943042652e-06, 5.80239429837e-07, 1.16622084079e-06, 5.28596274307e-07, 6.09740709479e-07, 2.88072470767e-07, 9.65456834479e-08, 5.17177163317e-08, 2.11075708023e-08, 5.7684985677e-09, 1.02395469881e-08, 1.0247421578e-08, 1.63322244617e-08, 4.61621268988e-10, 4.51342218807e-12, 1.42841333354e-16],
        "dvar2": [7.54456337404e-08, 7.15066380508e-06, 8.58342809806e-06, 5.15141255164e-06, 1.87101177289e-05, 2.0989755285e-05, 2.22663366003e-05, 1.53620221681e-05, 5.36064180778e-06, 8.69543600857e-06, 4.48370929007e-06, 4.36984373664e-06, 1.49894344759e-06, 2.94003780255e-06, 1.29858051423e-06, 1.56603277901e-06, 6.7748226229e-07, 2.31141981999e-07, 1.33566615546e-07, 5.02478485487e-08, 1.37807543155e-08, 2.31169146048e-08, 2.22387832594e-08, 2.70121951473e-08, 7.82497400209e-10, 8.21020161579e-12, 4.21953406672e-16],
        "max": [0.010016082786, 0.0770560204983, 0.0792101472616, 0.0322658009827, 0.0917173102498, 0.0610403753817, 0.0587361715734, 0.06354598701, 0.052019033581, 0.0379137508571, 0.0256254561245, 0.0349985323846, 0.0154114076868, 0.0229369476438, 0.0167597513646, 0.0121992379427, 0.01489572227, 0.00579389370978, 0.00514366384596, 0.00515640666708, 0.0025238476228, 0.0049885022454, 0.00463461922482, 0.00718307541683, 0.000986390979961, 7.02657926013e-05, 6.12300254943e-07],
        "mean": [5.90611853113e-05, 0.00123103498481, 0.0011441638926, 0.00138978136238, 0.00353839620948, 0.00378170306794, 0.00359934521839, 0.00237277965061, 0.00108494900633, 0.00192720710766, 0.000973683199845, 0.00128959061112, 0.000597840582486, 0.000898966856766, 0.000645870750304, 0.000731399515644, 0.000526878749952, 0.000340186757967, 0.000281322340015, 0.000138453076943, 5.48291100131e-05, 4.03860722145e-05, 3.55400879926e-05, 3.39679172612e-05, 7.7359181887e-06, 8.11291613445e-07, 1.25641341775e-09],
        "median": [8.03544389782e-06, 0.000480271439301, 0.000346480752341, 0.000445657235105, 0.00214473670349, 0.00199551042169, 0.00114535889588, 0.000909866590519, 0.000370230234694, 0.000630386522971, 0.000205890493817, 0.000310076866299, 0.000142065488035, 0.000290127820335, 0.000215663138079, 0.000159881397849, 0.000192823295947, 0.000123603298562, 0.00013582027168, 5.46472838323e-05, 2.06655095099e-05, 1.05849167085e-05, 9.57660540735e-06, 6.90574188411e-06, 1.98682755581e-06, 1.85937466313e-07, 4.61939153595e-10],
        "min": [1.2784648376e-25, 1.71389379661e-24, 3.16301816469e-25, 3.20352315231e-26, 2.68999083769e-24, 2.96314970334e-24, 3.12801689936e-24, 4.89391990102e-24, 8.11803031383e-24, 1.14462518279e-23, 7.73237593879e-24, 1.36575157199e-23, 1.80753766029e-23, 2.49305699806e-23, 3.04051826213e-23, 3.28048659406e-23, 4.86290780669e-23, 6.57737392188e-23, 9.86728109287e-23, 1.49432217336e-22, 1.74846576778e-22, 2.89036237536e-22, 3.50745153215e-22, 5.04021382457e-22, 7.78006684036e-22, 1.20872211296e-21, 1.83346905179e-21],
        "var": [6.18333118041e-08, 4.98409872307e-06, 7.55795053919e-06, 5.36800052942e-06, 2.28819390031e-05, 3.15991746902e-05, 4.34821922681e-05, 1.65223100339e-05, 6.29370242677e-06, 1.29888094307e-05, 5.52239180251e-06, 8.36752951727e-06, 1.51913081936e-06, 3.09330243908e-06, 1.45068349866e-06, 1.8342666408e-06, 9.37374011301e-07, 3.24349286984e-07, 1.69734605038e-07, 7.02204729919e-08, 1.36206166346e-08, 1.78508727799e-08, 1.86924999923e-08, 3.6354226296e-08, 9.43107481e-10, 8.43675563439e-12, 7.62619430441e-17]
    },
    "erbbands": {
        "dmean": [0.0162983238697, 0.132557556033, 0.533327460289, 1.33486235142, 2.92183947563, 5.62408304214, 10.2434930801, 13.6856851578, 21.4577121735, 23.1840934753, 24.1663665771, 15.1322240829, 29.5459270477, 21.0798168182, 22.6557750702, 27.1542320251, 16.061296463, 22.1012573242, 18.9961299896, 16.7275352478, 19.8694877625, 12.0038490295, 7.85128831863, 6.62585163116, 4.9379658699, 3.14310908318, 1.43400645256, 0.905618131161, 0.906096041203, 0.651369571686, 0.588931381702, 0.549952030182, 0.244309812784, 0.0821787044406, 0.0212752893567, 0.00475820619613, 0.000408405612689, 1.36582675623e-05, 3.40450628755e-06, 6.53719507682e-06],
        "dmean2": [0.0264747533947, 0.218697682023, 0.866450726986, 2.1619579792, 4.72426557541, 9.03360652924, 15.1742858887, 21.1189041138, 32.4890060425, 33.5904159546, 36.8626670837, 22.9882793427, 45.0770187378, 32.6511306763, 34.3925704956, 42.5582313538, 25.7215137482, 35.4054985046, 31.4757041931, 27.3089790344, 32.7439002991, 18.7357254028, 12.3235082626, 10.4874515533, 7.94034433365, 5.0163359642, 2.33510327339, 1.43722140789, 1.42299854755, 0.991037011147, 0.876920878887, 0.794910013676, 0.36165958643, 0.121197737753, 0.0316975526512, 0.0069803353399, 0.000591967720538, 2.00447248062e-05, 5.10213567395e-06, 9.94892161543e-06],
        "dvar": [0.00309456838295, 0.175927042961, 3.30667233467, 11.8339920044, 40.2150154114, 127.640129089, 430.058990479, 807.269470215, 1786.70397949, 3370.41943359, 2685.8293457, 1543.75976562, 4332.56689453, 2049.52807617, 3230.95019531, 3795.58813477, 1431.5435791, 2326.74951172, 1478.25671387, 1517.14868164, 2022.76000977, 628.239562988, 263.327667236, 136.847579956, 105.970046997, 59.6334762573, 18.4306240082, 7.71647787094, 18.2330493927, 6.80972671509, 9.76174640656, 13.4882793427, 1.9191236496, 0.132555931807, 0.00961494725198, 0.0004027649411, 2.37205904341e-06, 4.30623847691e-09, 3.12623850418e-11, 6.54459611504e-11],
        "dvar2": [0.00695376936346, 0.465961664915, 7.76039457321, 31.6492385864, 108.475769043, 334.811950684, 1002.2310791, 1813.21337891, 3870.16772461, 6779.15625, 6718.90429688, 3157.08129883, 10129.3564453, 4996.72949219, 7839.72363281, 8722.83300781, 3663.23925781, 5727.46826172, 4010.01245117, 3910.81616211, 5317.44091797, 1355.17834473, 615.226501465, 336.110656738, 290.677368164, 144.291366577, 45.9472122192, 17.0434112549, 43.4203186035, 13.9985322952, 21.2086963654, 23.3406124115, 3.33970880508, 0.224221438169, 0.0174730159342, 0.000717572169378, 4.21555523644e-06, 9.62342650013e-09, 6.11971723297e-11, 1.50739962179e-10],
        "max": [1.98651647568, 17.8753566742, 72.709022522, 125.103805542, 300.239807129, 285.031524658, 556.940002441, 710.685913086, 961.027832031, 1594.64099121, 1158.87011719, 1608.45556641, 1363.04919434, 1082.7713623, 1192.33300781, 1704.48205566, 798.713012695, 1238.24035645, 639.785644531, 807.723693848, 834.585388184, 1017.86193848, 359.949066162, 198.936538696, 312.341217041, 241.120849609, 228.926620483, 107.042686462, 225.367935181, 100.730209351, 158.950378418, 210.577514648, 59.495349884, 17.3370094299, 4.2549700737, 0.708968639374, 0.0577438808978, 0.00241413316689, 0.000203876566957, 0.000174452667125],
        "mean": [0.0326552018523, 0.294660180807, 1.20136189461, 3.27943110466, 6.9887509346, 12.0216169357, 23.6113376617, 30.0389328003, 50.590801239, 52.6615791321, 48.1129302979, 29.2135162354, 60.4333457947, 39.7549095154, 46.6888961792, 57.4263877869, 32.6196250916, 43.9221687317, 35.9705200195, 34.795124054, 43.9959831238, 29.0976352692, 20.0970478058, 16.0591201782, 11.9861421585, 7.36560440063, 3.0547413826, 1.78935968876, 1.48459124565, 1.11380779743, 1.03251802921, 0.898796319962, 0.414973855019, 0.132310673594, 0.0335195176303, 0.00768635980785, 0.000670702487696, 2.47408479481e-05, 1.59248047567e-05, 3.1752846553e-05],
        "median": [0.00876444019377, 0.12331263721, 0.426888287067, 1.26588511467, 3.48510932922, 6.55101966858, 10.8992958069, 15.190653801, 19.5790615082, 16.1392402649, 20.168088913, 12.9595012665, 17.1635665894, 16.4925937653, 14.2496128082, 16.3149261475, 11.2275781631, 15.9064092636, 14.5082845688, 13.6762294769, 12.4928455353, 11.1702976227, 7.41008901596, 8.07349872589, 5.88537788391, 3.14740610123, 1.28132081032, 0.660020232201, 0.37871992588, 0.280157625675, 0.290412843227, 0.180839240551, 0.0897718295455, 0.0325391739607, 0.00842474028468, 0.00192559498828, 0.000159268340212, 9.05571505427e-06, 1.62892283697e-05, 3.30014663632e-05],
        "min": [4.54518713513e-23, 3.94025041214e-22, 1.09079869149e-21, 1.37757287985e-21, 6.69997838085e-21, 9.26707565467e-21, 1.29694229854e-20, 3.04890275799e-20, 9.47010390484e-20, 1.34036501554e-19, 1.36271672817e-19, 2.11695500334e-19, 3.00345480557e-19, 4.11096977115e-19, 6.37067159129e-19, 7.87791874446e-19, 1.22088808184e-18, 1.44858795022e-18, 1.87689059427e-18, 2.33695149377e-18, 2.28529116938e-18, 3.58435391957e-18, 3.52076730511e-18, 5.41878119709e-18, 5.99048625027e-18, 6.54104153597e-18, 7.13034733822e-18, 8.04905631274e-18, 1.0284314222e-17, 9.41800548493e-18, 1.02310768778e-17, 9.35494123503e-18, 8.89947739178e-18, 7.89341649022e-18, 5.68994589113e-18, 3.77410997927e-18, 2.20494525533e-18, 8.90697847237e-19, 2.23580147032e-19, 2.55794392257e-20],
        "var": [0.00517491064966, 0.279831528664, 7.37445926666, 31.2575283051, 111.93711853, 371.4140625, 1742.7689209, 2373.4440918, 7808.59960938, 11849.0351562, 5778.98974609, 4041.23339844, 16477.9824219, 4539.28271484, 10292.1845703, 17549.6777344, 3830.8815918, 7059.45214844, 3213.72363281, 5060.03955078, 6945.27783203, 2905.78662109, 1129.43457031, 466.006652832, 315.357818604, 190.137634277, 49.5310935974, 16.1922855377, 27.4078369141, 13.5312814713, 17.3277721405, 28.3778991699, 4.23103380203, 0.282853335142, 0.0176770184189, 0.000778991961852, 5.07800041305e-06, 6.42389474947e-09, 1.31442773332e-10, 3.96413346593e-10]
    },
    "gfcc": {
        "mean": [-144.445983887, 121.618133545, -142.721984863, 18.2653446198, -60.7088356018, 1.60322058201, -39.2564849854, 1.67304480076, -13.7597093582, -8.70230007172, 1.12080836296, -10.144364357, 1.09713149071],
        "cov": [[122787.359375, 14579.5878906, -16965.4726562, 3002.01220703, -7108.296875, 312.316833496, -4646.06054688, 344.34072876, -1793.83129883, -1015.84332275, -13.2506446838, -1226.79418945, -20.4535694122], [14579.5878906, 2922.27368164, -1661.50695801, 377.825744629, -608.727783203, -211.524856567, -467.857269287, -87.3395614624, -169.510559082, -218.725296021, 149.80291748, -296.318450928, -4.92937326431], [-16965.4726562, -1661.50695801, 3171.86035156, -15.8252429962, 1042.83789062, -50.0111160278, 653.281982422, -46.1573181152, 240.477539062, 135.154388428, 15.8299970627, 159.406234741, -53.0972251892], [3002.01220703, 377.825744629, -15.8252429962, 598.01159668, 22.6420459747, 7.25191545486, -55.8315963745, 59.5921325684, -50.572479248, -20.9192695618, -53.4060173035, -31.9932003021, -69.2748947144], [-7108.296875, -608.727783203, 1042.83789062, 22.6420459747, 722.330078125, -41.6434288025, 367.356536865, -10.9191665649, 88.6377487183, 43.6543121338, -16.4966831207, 20.0885028839, -50.5555229187], [312.316833496, -211.524856567, -50.0111160278, 7.25191545486, -41.6434288025, 249.838027954, 61.133441925, -3.32901930809, -53.5355262756, 41.9015312195, -62.3940925598, 19.6698455811, -15.2316160202], [-4646.06054688, -467.857269287, 653.281982422, -55.8315963745, 367.356536865, 61.133441925, 350.597717285, -12.6834192276, 23.9875240326, 59.7402534485, -32.881855011, 18.6617794037, -21.5414848328], [344.34072876, -87.3395614624, -46.1573181152, 59.5921325684, -10.9191665649, -3.32901930809, -12.6834192276, 126.827224731, 34.0658760071, 0.492109179497, -6.76770305634, 20.1962280273, 4.46701908112], [-1793.83129883, -169.510559082, 240.477539062, -50.572479248, 88.6377487183, -53.5355262756, 23.9875240326, 34.0658760071, 141.590744019, 22.5661964417, 38.2692337036, 30.3114624023, 12.7655410767], [-1015.84332275, -218.725296021, 135.154388428, -20.9192695618, 43.6543121338, 41.9015312195, 59.7402534485, 0.492109179497, 22.5661964417, 97.1775741577, -10.4181041718, 27.0022621155, -7.26327037811], [-13.2506446838, 149.80291748, 15.8299970627, -53.4060173035, -16.4966831207, -62.3940925598, -32.881855011, -6.76770305634, 38.2692337036, -10.4181041718, 146.75328064, 12.5674715042, 28.4315471649], [-1226.79418945, -296.318450928, 159.406234741, -31.9932003021, 20.0885028839, 19.6698455811, 18.6617794037, 20.1962280273, 30.3114624023, 27.0022621155, 12.5674715042, 102.220153809, 30.1218318939], [-20.4535694122, -4.92937326431, -53.0972251892, -69.2748947144, -50.5555229187, -15.2316160202, -21.5414848328, 4.46701908112, 12.7655410767, -7.26327037811, 28.4315471649, 30.1218318939, 84.0094604492]],
        "icov": [[0.000679477292579, -0.00179230247159, 0.00166857673321, -0.00177115539555, 0.00180666486267, -0.00141489226371, 0.0016934730811, -0.0016530075809, 0.00156938785221, -0.000908486254048, 0.000402719160775, -0.000783473777119, 0.000834784528706], [-0.00179230247159, 0.00585988396779, -0.0040250341408, 0.00379448197782, -0.00430344883353, 0.00428149243817, -0.0047333939001, 0.00533549301326, -0.00421816110611, 0.00319184293039, -0.00233300239779, 0.00424322113395, -0.00263337907381], [0.00166857673321, -0.0040250341408, 0.00502148503438, -0.00483041582629, 0.00402709608898, -0.00309553393163, 0.00325340800919, -0.0031104539521, 0.00302775693126, -0.00195160892326, 0.000515459396411, -0.00226315669715, 0.00223066052422], [-0.00177115539555, 0.00379448197782, -0.00483041582629, 0.00756260240451, -0.00557213043794, 0.00316123804078, -0.00299707450904, 0.00206364621408, -0.0027618331369, 0.00177826883737, 0.000254077283898, 0.000720918818843, -0.000454747612821], [0.00180666486267, -0.00430344883353, 0.00402709608898, -0.00557213043794, 0.00948458071798, -0.0022071134299, 0.000475528853713, -0.00361925503239, 0.00286329723895, -0.00115546782035, 0.000779519614298, -0.00127401819918, 0.00341768679209], [-0.00141489226371, 0.00428149243817, -0.00309553393163, 0.00316123804078, -0.0022071134299, 0.00929100066423, -0.00599992321804, 0.00399249931797, -0.00167749333195, 0.000609123555478, 0.00010576916975, 0.000771371880546, -0.000842226145323], [0.0016934730811, -0.0047333939001, 0.00325340800919, -0.00299707450904, 0.000475528853713, -0.00599992321804, 0.0134822931141, -0.00546107254922, 0.00603320868686, -0.00494762370363, 0.00176126498263, -0.000717946968507, 0.000982062192634], [-0.0016530075809, 0.00533549301326, -0.0031104539521, 0.00206364621408, -0.00361925503239, 0.00399249931797, -0.00546107254922, 0.0151171647012, -0.00784514844418, 0.00384577433579, -0.00103268388193, 0.00128042441793, -0.00259689474478], [0.00156938785221, -0.00421816110611, 0.00302775693126, -0.0027618331369, 0.00286329723895, -0.00167749333195, 0.00603320868686, -0.00784514844418, 0.0156069323421, -0.00505911605433, -0.000794640160166, -0.00239822035655, 0.00147381867282], [-0.000908486254048, 0.00319184293039, -0.00195160892326, 0.00177826883737, -0.00115546782035, 0.000609123555478, -0.00494762370363, 0.00384577433579, -0.00505911605433, 0.0156330000609, -0.000960490957368, -0.000538272492122, 0.000779338006396], [0.000402719160775, -0.00233300239779, 0.000515459396411, 0.000254077283898, 0.000779519614298, 0.00010576916975, 0.00176126498263, -0.00103268388193, -0.000794640160166, -0.000960490957368, 0.0103251617402, -0.00351768545806, -0.000704119622242], [-0.000783473777119, 0.00424322113395, -0.00226315669715, 0.000720918818843, -0.00127401819918, 0.000771371880546, -0.000717946968507, 0.00128042441793, -0.00239822035655, -0.000538272492122, -0.00351768545806, 0.0198411159217, -0.00726241385564], [0.000834784528706, -0.00263337907381, 0.00223066052422, -0.000454747612821, 0.00341768679209, -0.000842226145323, 0.000982062192634, -0.00259689474478, 0.00147381867282, 0.000779338006396, -0.000704119622242, -0.00726241385564, 0.0179666131735]]
    },
    "melbands": {
        "dmean": [0.000142823526403, 0.000232562262681, 0.000261210690951, 0.000287217320874, 0.000329968112055, 0.000313704775181, 0.000327429675963, 0.000250944925938, 0.000183271127753, 9.41192556638e-05, 0.000149171319208, 8.78253558767e-05, 7.75882072048e-05, 7.65167860663e-05, 4.9604645028e-05, 3.19696300721e-05, 4.61937997898e-05, 3.4395034163e-05, 2.34387462115e-05, 2.22128601308e-05, 2.69046831818e-05, 1.47106075019e-05, 1.1629042092e-05, 6.67808308208e-06, 5.99584291194e-06, 4.66893243356e-06, 2.5939009447e-06, 2.2457106752e-06, 1.06013601453e-06, 7.26297514575e-07, 5.24888832842e-07, 5.75060539632e-07, 4.34228695667e-07, 3.75374924033e-07, 3.78593057349e-07, 3.18862134918e-07, 3.67879493979e-07, 2.02671031957e-07, 1.01404161512e-07, 6.14435293755e-08],
        "dmean2": [0.000234125793213, 0.000381213583751, 0.000420541240601, 0.000467978650704, 0.000493427156471, 0.000480363552924, 0.00049341074191, 0.000366791151464, 0.000278548919596, 0.00014431810996, 0.000227731768973, 0.000136763381306, 0.000118436102639, 0.000118926152936, 7.78222020017e-05, 5.1615646953e-05, 7.37637456041e-05, 5.67626193515e-05, 3.76788120775e-05, 3.61635102308e-05, 4.37621129095e-05, 2.30333553191e-05, 1.84130512935e-05, 1.06237639557e-05, 9.48579236137e-06, 7.5542416198e-06, 4.11400651501e-06, 3.58734450856e-06, 1.74027434241e-06, 1.20187974062e-06, 8.39991287194e-07, 9.184185501e-07, 6.74487637298e-07, 5.80516427817e-07, 5.6873682297e-07, 4.7847663609e-07, 5.25599830326e-07, 3.06376449544e-07, 1.52187922708e-07, 9.21006986232e-08],
        "dvar": [2.07128593388e-07, 5.85271948239e-07, 3.53581526724e-07, 3.00793203678e-07, 3.93314678604e-07, 3.84065572234e-07, 4.14707272967e-07, 3.57197649237e-07, 1.54562243893e-07, 6.38391952634e-08, 1.10434555722e-07, 3.67013619496e-08, 3.82658171816e-08, 2.67038231527e-08, 1.21997292268e-08, 5.00957053617e-09, 1.10474447368e-08, 5.67395108675e-09, 2.76259171095e-09, 2.26967311612e-09, 3.81361386914e-09, 1.07010778017e-09, 7.14845238559e-10, 1.98366545412e-10, 1.23155652343e-10, 1.0362551095e-10, 2.96059114724e-11, 3.5663857284e-11, 1.13699891516e-11, 4.13124178963e-12, 2.97554017016e-12, 7.60198241162e-12, 3.74839785947e-12, 2.27421163498e-12, 4.36949738544e-12, 4.2342323224e-12, 6.46480698835e-12, 1.4518557797e-12, 2.00960721588e-13, 7.15447937439e-14],
        "dvar2": [4.96634754654e-07, 1.41901568895e-06, 9.41030634749e-07, 8.37253139707e-07, 9.32173577439e-07, 8.53685719449e-07, 8.89964667294e-07, 7.2409460472e-07, 3.82934416621e-07, 1.29899945023e-07, 2.58097827555e-07, 8.912742544e-08, 8.90050131375e-08, 6.13716366615e-08, 2.74752558482e-08, 1.2791582904e-08, 2.71260347517e-08, 1.53255275137e-08, 6.39276542813e-09, 5.7973168488e-09, 9.73951674865e-09, 2.27337793035e-09, 1.7431598387e-09, 4.91368501443e-10, 3.01524416546e-10, 2.65898497664e-10, 7.3356945518e-11, 8.7640020241e-11, 2.78116869812e-11, 1.07197280566e-11, 6.72422100639e-12, 1.88758626785e-11, 8.23084395779e-12, 4.81958223331e-12, 1.0293867321e-11, 9.02462046065e-12, 1.12237450237e-11, 2.6101852884e-12, 3.7585990635e-13, 1.30697305734e-13],
        "max": [0.0201280694455, 0.0268857590854, 0.0185645259917, 0.0208880100399, 0.0154262399301, 0.0142107959837, 0.0129486061633, 0.0160799026489, 0.00846600439399, 0.0104537801817, 0.00692688813433, 0.00443342700601, 0.0037497903686, 0.00437952019274, 0.00318214064464, 0.00135577830952, 0.0028443231713, 0.00141263240948, 0.00156816735398, 0.000793120940216, 0.00118457467761, 0.00137696717866, 0.000615454744548, 0.00036248046672, 0.000195683503989, 0.000325369270286, 0.00014630399528, 0.000200960523216, 0.000209246223676, 6.06690373388e-05, 6.21596118435e-05, 0.000153568660608, 9.8256416095e-05, 5.8274006733e-05, 0.000116577059089, 0.000103045531432, 0.000163552773301, 4.98774934385e-05, 1.81588002306e-05, 1.20356708067e-05],
        "mean": [0.000317185855238, 0.000547005562112, 0.000671707966831, 0.000652977731079, 0.000786071410403, 0.000702455057763, 0.000780768867116, 0.000555087870453, 0.000354883784894, 0.000169884151546, 0.000299951701891, 0.000156132329721, 0.000148465027451, 0.000159844756126, 9.43547711358e-05, 6.14360833424e-05, 8.6205684056e-05, 5.97707949055e-05, 4.49209946964e-05, 4.15401300415e-05, 5.45711445739e-05, 2.90406842396e-05, 2.59525186266e-05, 1.41537884701e-05, 1.28343153847e-05, 1.02741832961e-05, 5.93013737671e-06, 4.55356121165e-06, 1.96907444661e-06, 1.33703736083e-06, 9.42647488955e-07, 8.92070943337e-07, 6.72585713346e-07, 6.03336559379e-07, 6.22589254817e-07, 5.26477037965e-07, 5.61025387924e-07, 3.27485906837e-07, 1.6296603178e-07, 9.11941242521e-08],
        "median": [0.000105922532384, 0.000228383825743, 0.000306041561998, 0.000377176620532, 0.000383268314181, 0.000350449990947, 0.000295336241834, 0.000174509827048, 0.000145584897837, 6.23020314379e-05, 7.94698862592e-05, 5.56609593332e-05, 3.5973105696e-05, 4.07784391427e-05, 2.88413848466e-05, 1.72751279024e-05, 2.58902618953e-05, 2.0396324544e-05, 1.51016938617e-05, 1.32428722281e-05, 1.25934930111e-05, 9.98709037958e-06, 6.09522112427e-06, 5.4153633755e-06, 5.57367411602e-06, 4.2553010644e-06, 2.70596888186e-06, 1.6719782252e-06, 6.45528302812e-07, 4.52709457477e-07, 2.68625854005e-07, 2.0879974727e-07, 1.54740234848e-07, 1.30813901933e-07, 1.69563023178e-07, 1.2579931763e-07, 9.79390861744e-08, 6.24917788627e-08, 4.33330953342e-08, 1.96924361262e-08],
        "min": [4.48545373936e-25, 8.82644042293e-25, 4.29090436988e-25, 7.51973572078e-25, 6.92072898354e-25, 7.12198120553e-25, 1.25021644349e-24, 9.84385799822e-25, 1.24421262035e-24, 1.07326084156e-24, 1.14885126843e-24, 1.21369583206e-24, 1.50914554031e-24, 2.04767484789e-24, 2.58510428616e-24, 1.83382865877e-24, 1.82180503806e-24, 2.13098802581e-24, 2.33348921183e-24, 1.75373166675e-24, 1.89628514321e-24, 2.87952492536e-24, 2.72797902622e-24, 3.38427757556e-24, 2.96543897768e-24, 3.62125060263e-24, 2.98815087479e-24, 2.84178503079e-24, 3.44196579027e-24, 4.32059236119e-24, 3.60331939982e-24, 4.89177617151e-24, 4.44744395576e-24, 4.45626973157e-24, 5.04501831881e-24, 5.20565643152e-24, 4.78096685231e-24, 4.96972509528e-24, 5.85262177028e-24, 5.53143231955e-24],
        "var": [3.68998854583e-07, 1.25432586628e-06, 9.92110585685e-07, 7.97521067852e-07, 1.63126208008e-06, 1.24007101476e-06, 1.86937154467e-06, 1.22349456433e-06, 3.235644499e-07, 1.63919125384e-07, 4.20261955014e-07, 8.0281289172e-08, 1.16384839544e-07, 1.22069621966e-07, 3.72257424885e-08, 1.31541000314e-08, 3.3547852496e-08, 1.122195048e-08, 8.84560158454e-09, 5.86335824337e-09, 1.25820296404e-08, 4.38818714699e-09, 2.60153654175e-09, 6.01139027445e-10, 3.60777185904e-10, 3.22108895112e-10, 9.68030169912e-11, 9.29132742966e-11, 2.98542822408e-11, 8.08888286213e-12, 5.78734456191e-12, 1.03097114179e-11, 6.55208482955e-12, 4.08572741611e-12, 6.4464891758e-12, 7.59378931264e-12, 1.30439704177e-11, 3.08843510662e-12, 3.95302361808e-13, 1.38299135056e-13]
    },
    "mfcc": {
        "mean": [-703.649719238, 137.037750244, -24.5981578827, 9.78357791901, -2.73185586929, -8.50830173492, -9.12150764465, -1.5457611084, -10.526845932, 2.09005331993, -5.74086713791, -0.265787690878, -0.844313561916],
        "cov": [[26148.2636719, 6680.06542969, -1321.5032959, 1081.51416016, 0.410242050886, -249.329772949, -290.745330811, 71.2157287598, -446.628326416, 138.755233765, -284.691070557, -5.74466466904, 9.01636981964], [6680.06542969, 3359.17041016, -263.343994141, 393.544616699, 52.2187423706, -177.972488403, -76.717086792, -83.3357467651, -268.254211426, 85.8180541992, -100.164123535, -8.22925853729, -5.98155069351], [-1321.5032959, -263.343994141, 780.671508789, 178.402648926, 91.8936080933, 58.8015136719, 14.7805395126, 16.0503883362, -19.0393390656, -4.5995016098, 20.3466529846, 40.4831581116, -10.4465332031], [1081.51416016, 393.544616699, 178.402648926, 596.760986328, 190.543670654, 28.6906223297, 68.4830856323, 43.5783462524, 5.17028808594, 16.3464679718, -4.51247167587, 58.4325942993, 37.941947937], [0.410242050886, 52.2187423706, 91.8936080933, 190.543670654, 191.063491821, -12.7281064987, 7.32058429718, 35.1148452759, -9.39695549011, 12.4608516693, -1.08820712566, 35.8417625427, 14.3926649094], [-249.329772949, -177.972488403, 58.8015136719, 28.6906223297, -12.7281064987, 259.480834961, 112.745063782, 11.3232250214, 55.7619247437, -1.02661395073, 32.1555747986, -31.993429184, 2.05216193199], [-290.745330811, -76.717086792, 14.7805395126, 68.4830856323, 7.32058429718, 112.745063782, 191.598922729, 30.4544754028, 26.9278831482, 24.8168468475, 10.2920360565, -34.3371162415, 7.43328666687], [71.2157287598, -83.3357467651, 16.0503883362, 43.5783462524, 35.1148452759, 11.3232250214, 30.4544754028, 100.86643219, 25.4126682281, 8.98001384735, 4.86501073837, -1.6100935936, 4.95565271378], [-446.628326416, -268.254211426, -19.0393390656, 5.17028808594, -9.39695549011, 55.7619247437, 26.9278831482, 25.4126682281, 143.506317139, -4.31341028214, 16.8320198059, -2.31187558174, 4.18781852722], [138.755233765, 85.8180541992, -4.5995016098, 16.3464679718, 12.4608516693, -1.02661395073, 24.8168468475, 8.98001384735, -4.31341028214, 85.9441986084, 8.90971755981, -11.0677261353, -0.901146829128], [-284.691070557, -100.164123535, 20.3466529846, -4.51247167587, -1.08820712566, 32.1555747986, 10.2920360565, 4.86501073837, 16.8320198059, 8.90971755981, 74.3082809448, 17.4001903534, 3.53100848198], [-5.74466466904, -8.22925853729, 40.4831581116, 58.4325942993, 35.8417625427, -31.993429184, -34.3371162415, -1.6100935936, -2.31187558174, -11.0677261353, 17.4001903534, 103.412712097, 29.1996040344], [9.01636981964, -5.98155069351, -10.4465332031, 37.941947937, 14.3926649094, 2.05216193199, 7.43328666687, 4.95565271378, 4.18781852722, -0.901146829128, 3.53100848198, 29.1996040344, 76.6060562134]],
