{
"lowlevel": {
    "average_loudness": 0.766699373722,
    "barkbands_crest": {
        "dmean": 2.38022589684,
        "dmean2": 3.81746435165,
        "dvar": 4.6425652504,
        "dvar2": 11.4108066559,
        "max": 26.8563117981,
        "mean": 9.14278507233,
        "median": 8.37977790833,
        "min": 2.35905790329,
        "var": 14.9178476334
    },
    "barkbands_flatness_db": {
        "dmean": 0.0196598656476,
        "dmean2": 0.0297631658614,
        "dvar": 0.000367307540728,
        "dvar2": 0.000802287482657,
        "max": 0.45923525095,
        "mean": 0.132361769676,
        "median": 0.124786704779,
        "min": 0.0298631861806,
        "var": 0.00194287695922
    },
    "barkbands_kurtosis": {
        "dmean": 2.38535690308,
        "dmean2": 3.761510849,
        "dvar": 64.0216217041,
        "dvar2": 157.543914795,
        "max": 482.16204834,
        "mean": 3.21252250671,
        "median": 0.684179544449,
        "min": -1.93988418579,
        "var": 88.6699676514
    },
    "barkbands_skewness": {
        "dmean": 0.491343140602,
        "dmean2": 0.748458087444,
        "dvar": 0.389970272779,
        "dvar2": 0.869737267494,
        "max": 21.8095378876,
        "mean": 1.20493984222,
        "median": 1.09084129333,
        "min": -5.47238254547,
        "var": 1.82586097717
    },
    "barkbands_spread": {
        "dmean": 7.06260490417,
        "dmean2": 10.7229242325,
        "dvar": 78.6277008057,
        "dvar2": 171.860244751,
        "max": 104.017158508,
        "mean": 28.0808258057,
        "median": 26.180305481,
        "min": 0.802064418793,
        "var": 247.28338623
    },
    "dissonance": {
        "dmean": 0.0196025036275,
        "dmean2": 0.0325796455145,
        "dvar": 0.000374967319658,
        "dvar2": 0.000983017147519,
        "max": 0.4999987185,
        "mean": 0.459425866604,
        "median": 0.467308282852,
        "min": 0.258454561234,
        "var": 0.000995738431811
    },
    "dynamic_complexity": 4.46993303299,
    "erbbands_crest": {
        "dmean": 2.52644395828,
        "dmean2": 3.96758508682,
        "dvar": 5.76927852631,
        "dvar2": 13.1184167862,
        "max": 31.5113868713,
        "mean": 8.77334403992,
        "median": 7.68768978119,
        "min": 2.40506291389,
        "var": 17.6948223114
    },
    "erbbands_flatness_db": {
        "dmean": 0.0169798862189,
        "dmean2": 0.0239996258169,
        "dvar": 0.000289663206786,
        "dvar2": 0.000524043105543,
        "max": 0.354217082262,
        "mean": 0.153043791652,
        "median": 0.149699747562,
        "min": 0.050970453769,
        "var": 0.00185107858852
    },
    "erbbands_kurtosis": {
        "dmean": 0.947807848454,
        "dmean2": 1.41648936272,
        "dvar": 2.32300686836,
        "dvar2": 4.57265377045,
        "max": 38.1540222168,
        "mean": 0.466856271029,
        "median": -0.262173652649,
        "min": -1.83274972439,
        "var": 5.90573835373
    },
    "erbbands_skewness": {
        "dmean": 0.362288981676,
        "dmean2": 0.54528516531,
        "dvar": 0.151943475008,
        "dvar2": 0.308941423893,
        "max": 4.87657833099,
        "mean": 0.37143728137,
        "median": 0.371425122023,
        "min": -5.16273117065,
        "var": 0.766670584679
    },
    "erbbands_spread": {
        "dmean": 9.83487033844,
        "dmean2": 14.7148771286,
        "dvar": 140.859054565,
        "dvar2": 295.785369873,
        "max": 165.129150391,
        "mean": 45.8580932617,
        "median": 40.4264526367,
        "min": 4.18731355667,
        "var": 551.136352539
    },
    "hfc": {
        "dmean": 6.7400598526,
        "dmean2": 9.26941490173,
        "dvar": 157.453964233,
        "dvar2": 274.589355469,
        "max": 341.717285156,
        "mean": 25.1890792847,
        "median": 11.1957855225,
        "min": 1.21025801274e-16,
        "var": 1184.99572754
    },
    "melbands_crest": {
        "dmean": 3.15347909927,
        "dmean2": 5.08281993866,
        "dvar": 8.98317337036,
        "dvar2": 22.60688591,
        "max": 39.9119110107,
        "mean": 13.0337543488,
        "median": 11.9471187592,
        "min": 2.26796174049,
        "var": 30.6008110046
    },
    "melbands_flatness_db": {
        "dmean": 0.0224376711994,
        "dmean2": 0.0340855121613,
        "dvar": 0.00055853248341,
        "dvar2": 0.00123969407286,
        "max": 0.43905454874,
        "mean": 0.156555637717,
        "median": 0.142243415117,
        "min": 0.0073447660543,
        "var": 0.00462647201493
    },
    "melbands_kurtosis": {
        "dmean": 6.26359701157,
        "dmean2": 10.0058469772,
        "dvar": 323.019256592,
        "dvar2": 822.489868164,
        "max": 897.888977051,
        "mean": 12.1552619934,
        "median": 5.89787721634,
        "min": -1.91819417477,
        "var": 478.061126709
    },
    "melbands_skewness": {
        "dmean": 0.656695902348,
        "dmean2": 1.01253044605,
        "dvar": 0.79472643137,
        "dvar2": 1.8868098259,
        "max": 28.9650173187,
        "mean": 2.38984084129,
        "median": 2.07862377167,
        "min": -2.40643548965,
        "var": 2.97625946999
    },
    "melbands_spread": {
        "dmean": 9.81660842896,
        "dmean2": 14.8993167877,
        "dvar": 247.08531189,
        "dvar2": 459.188659668,
        "max": 271.266906738,
        "mean": 35.687877655,
        "median": 27.7714595795,
        "min": 0.686937272549,
        "var": 1033.37512207
    },
    "pitch_salience": {
        "dmean": 0.0661555081606,
        "dmean2": 0.107386440039,
        "dvar": 0.00386953703128,
        "dvar2": 0.0100394915789,
        "max": 0.969107031822,
        "mean": 0.575786352158,
        "median": 0.585753083229,
        "min": 0.00654364330694,
        "var": 0.0116271991283
    },
    "silence_rate_20dB": {
        "dmean": 0,
        "dmean2": 0,
        "dvar": 0,
        "dvar2": 0,
        "max": 1,
        "mean": 1,
        "median": 1,
        "min": 1,
        "var": 0
    },
    "silence_rate_30dB": {
        "dmean": 0,
        "dmean2": 0,
        "dvar": 0,
        "dvar2": 0,
        "max": 1,
        "mean": 1,
        "median": 1,
        "min": 1,
        "var": 0
    },
    "silence_rate_60dB": {
        "dmean": 0.0486686192453,
        "dmean2": 0.0973496437073,
        "dvar": 0.0463029295206,
        "dvar2": 0.100611291826,
        "max": 1,
        "mean": 0.190318465233,
        "median": 0,
        "min": 0,
        "var": 0.154095575213
    },
    "spectral_centroid": {
        "dmean": 269.648620605,
        "dmean2": 407.843719482,
        "dvar": 134813.96875,
        "dvar2": 264051.1875,
        "max": 10545.1035156,
        "mean": 1650.31274414,
        "median": 1563.63354492,
        "min": 171.039169312,
        "var": 788726.125
    },
    "spectral_complexity": {
        "dmean": 2.7835392952,
        "dmean2": 4.36926603317,
        "dvar": 10.7999992371,
        "dvar2": 24.0894260406,
        "max": 48,
        "mean": 14.566242218,
        "median": 13,
        "min": 0,
        "var": 81.9488296509
    },
    "spectral_decrease": {
        "dmean": 9.22282195059e-10,
        "dmean2": 1.42579192897e-09,
        "dvar": 2.49099299654e-18,
        "dvar2": 6.09382468343e-18,
        "max": 1.71247371197e-29,
        "mean": -3.04136404949e-09,
        "median": -2.06801908931e-09,
        "min": -1.97434033566e-08,
        "var": 8.23774448227e-18
    },
    "spectral_energy": {
        "dmean": 0.00388928456232,
        "dmean2": 0.00591708300635,
        "dvar": 3.97698204324e-05,
        "dvar2": 9.46156069404e-05,
        "max": 0.0797931179404,
        "mean": 0.0137635497376,
        "median": 0.00925091840327,
        "min": 1.0912768447e-20,
        "var": 0.000166874524439
    },
    "spectral_energyband_high": {
        "dmean": 0.000645659922156,
        "dmean2": 0.000893837190233,
        "dvar": 1.94319068214e-06,
        "dvar2": 3.43794295077e-06,
        "max": 0.0380012765527,
        "mean": 0.00186401989777,
        "median": 0.0006101654144,
        "min": 7.89542359874e-21,
        "var": 1.05975850602e-05
    },
    "spectral_energyband_low": {
        "dmean": 0.00154596404172,
        "dmean2": 0.0026055010967,
        "dvar": 2.82188866549e-05,
        "dvar2": 7.58087626309e-05,
        "max": 0.0662761554122,
        "mean": 0.00212788465433,
        "median": 0.000348397239577,
        "min": 5.21056322524e-23,
        "var": 2.67692721536e-05
    },
    "spectral_energyband_middle_high": {
        "dmean": 0.00134399754461,
        "dmean2": 0.00199546897784,
        "dvar": 6.7523310463e-06,
        "dvar2": 1.39562444019e-05,
        "max": 0.0505680926144,
        "mean": 0.00437555881217,
        "median": 0.00163053185679,
        "min": 1.61606443892e-21,
        "var": 4.48900827905e-05
    },
    "spectral_energyband_middle_low": {
        "dmean": 0.00196959939785,
        "dmean2": 0.00299058901146,
        "dvar": 9.81112316367e-06,
        "dvar2": 2.12128506973e-05,
        "max": 0.0728247761726,
        "mean": 0.00562768382952,
        "median": 0.00366249238141,
        "min": 3.63879220281e-22,
        "var": 4.13872257923e-05
    },
    "spectral_entropy": {
        "dmean": 0.160286948085,
        "dmean2": 0.222420305014,
        "dvar": 0.0300194509327,
        "dvar2": 0.0530394613743,
        "max": 9.81793403625,
        "mean": 7.75770568848,
        "median": 7.80327558517,
        "min": 5.86120843887,
        "var": 0.182555451989
    },
    "spectral_flux": {
        "dmean": 0.0161671098322,
        "dmean2": 0.0253505762666,
        "dvar": 0.000424681813456,
        "dvar2": 0.000955603667535,
        "max": 0.230025395751,
        "mean": 0.059693146497,
        "median": 0.0500134155154,
        "min": 1.04464194239e-10,
        "var": 0.00154763495084
    },
    "spectral_kurtosis": {
        "dmean": 0.952182888985,
        "dmean2": 1.53002548218,
        "dvar": 1.39598035812,
        "dvar2": 3.57136058807,
        "max": 31.4754829407,
        "mean": 2.66575694084,
        "median": 2.2425301075,
        "min": -1.33748447895,
        "var": 5.03828573227
    },
    "spectral_rms": {
        "dmean": 0.000488171936013,
        "dmean2": 0.000721251941286,
        "dvar": 3.94991531039e-07,
        "dvar2": 8.60770285271e-07,
        "max": 0.00882309209555,
        "mean": 0.0032584448345,
        "median": 0.00300421146676,
        "min": 3.26291337699e-12,
        "var": 2.81042548522e-06
    },
    "spectral_rolloff": {
        "dmean": 870.615600586,
        "dmean2": 1430.25744629,
        "dvar": 2224622.5,
        "dvar2": 4775349.5,
        "max": 18863.0859375,
        "mean": 2820.0090332,
        "median": 2067.1875,
        "min": 21.533203125,
        "var": 6346208.5
    },
    "spectral_skewness": {
        "dmean": 0.17569193244,
        "dmean2": 0.268417686224,
        "dvar": 0.0356584154069,
        "dvar2": 0.0747774764895,
        "max": 4.21588850021,
        "mean": 1.31118273735,
        "median": 1.26282906532,
        "min": -0.387774199247,
        "var": 0.200647041202
    },
    "spectral_spread": {
        "dmean": 753308.6875,
        "dmean2": 1075490.125,
        "dvar": 1.16544647987e+12,
        "dvar2": 2.16524862259e+12,
        "max": 41304940,
        "mean": 6050245.5,
        "median": 5576372,
        "min": 1969705.875,
        "var": 5.28150639411e+12
    },
    "spectral_strongpeak": {
        "dmean": 0.621079266071,
        "dmean2": 1.01794195175,
        "dvar": 1.44246172905,
        "dvar2": 3.60268425941,
        "max": 17.8473987579,
        "mean": 1.24601602554,
        "median": 0.506449699402,
        "min": 0,
        "var": 3.66120624542
    },
    "zerocrossingrate": {
        "dmean": 0.0163493044674,
        "dmean2": 0.0182592794299,
        "dvar": 0.00041563459672,
        "dvar2": 0.000438517308794,
        "max": 0.51904296875,
        "mean": 0.102007299662,
        "median": 0.09423828125,
        "min": 0,
        "var": 0.00357626448385
    },
    "barkbands": {
        "dmean": [1.85596090887e-05, 0.000558271305636, 0.000974666501861, 0.000258491694694, 0.000625585962553, 0.000373104441678, 0.000485290103825, 0.000458291062387, 0.000721165444702, 0.00022020014876, 0.000223071139771, 0.000206599142984, 0.000241660134634, 0.00038902691449, 0.000288007053314, 0.00015782439732, 0.000227468204685, 0.000306763278786, 0.000144199715578, 8.57769337017e-05, 9.18248551898e-05, 0.000152954235091, 0.000226093179663, 0.000168491154909, 0.000117978735943, 5.32051453774e-05, 3.32199689979e-08],
        "dmean2": [3.12382544507e-05, 0.000963695056271, 0.00164848344866, 0.000425598904258, 0.000992984278128, 0.000572355056647, 0.000740407849662, 0.000683965568896, 0.00109900592361, 0.000344638043316, 0.000335711869411, 0.000319992774166, 0.000382210651878, 0.000604464672506, 0.000439965922851, 0.000249621603871, 0.000358166900696, 0.000473713997053, 0.000226135700359, 0.000142446398968, 0.000146628168295, 0.000235284707742, 0.000332242343575, 0.000246154988417, 0.00016759315622, 7.8817945905e-05, 5.92442539471e-08],
        "dvar": [4.44252634679e-09, 3.72647377844e-06, 1.20110935313e-05, 5.61742012906e-07, 1.47013770402e-06, 5.5654999187e-07, 1.79462836059e-06, 3.29575891556e-06, 3.30801049131e-06, 5.78292087994e-07, 5.33278637249e-07, 6.44604654099e-07, 1.00652630408e-06, 2.21337631956e-06, 1.11120948532e-06, 3.84789643704e-07, 4.6155128075e-07, 5.8908773326e-07, 8.87102942215e-08, 3.93384418373e-08, 3.58418432711e-08, 1.13347567776e-07, 2.78780476037e-07, 3.38327339477e-07, 1.07261179494e-07, 1.59013104906e-08, 3.03117008219e-14],
        "dvar2": [1.17036806913e-08, 1.03904039861e-05, 3.23240565194e-05, 1.47344439938e-06, 3.47463674188e-06, 1.31034039441e-06, 4.06015215049e-06, 6.21298022452e-06, 7.06218816049e-06, 1.46348043017e-06, 1.17138142741e-06, 1.41593977787e-06, 2.17970614358e-06, 5.05574234921e-06, 2.29356965065e-06, 7.9534396491e-07, 1.03296736143e-06, 1.30995397285e-06, 2.10941408341e-07, 1.06166375247e-07, 8.90955078603e-08, 2.64677879613e-07, 5.82301254326e-07, 6.6451332259e-07, 1.99805654688e-07, 3.35697940557e-08, 8.02176860636e-14],
        "max": [0.00108555785846, 0.0305374450982, 0.0508876889944, 0.0193640515208, 0.0253768060356, 0.0195989832282, 0.0482149906456, 0.069822743535, 0.0595372393727, 0.0233082119375, 0.0260766688734, 0.0289963446558, 0.0288457125425, 0.0443989820778, 0.0350917130709, 0.0217868536711, 0.0198457147926, 0.0249044355005, 0.00517805339769, 0.00364228431135, 0.00291895237751, 0.00748436944559, 0.0138813545927, 0.0177675914019, 0.0149545678869, 0.00348301324993, 7.03934983903e-06],
        "mean": [1.85183453141e-05, 0.000852305383887, 0.00106685736682, 0.000379606761271, 0.00125067180488, 0.000718085037079, 0.000904934015125, 0.000804733484983, 0.00147212098818, 0.000352392584318, 0.000376206211513, 0.000341705424944, 0.000371272588382, 0.000694355636369, 0.000527729222085, 0.000287522794679, 0.000422027223976, 0.000678457901813, 0.000301044055959, 0.000158529059263, 0.000174898363184, 0.000388231186662, 0.000563847192097, 0.000343978666933, 0.00022871978581, 8.47730407258e-05, 2.37584032448e-08],
        "median": [2.11392966776e-06, 7.21136311768e-05, 0.000116060255095, 9.37713703024e-05, 0.000454554712633, 0.000328186259139, 0.00026721827453, 0.000184213888133, 0.000356184726115, 8.45598406158e-05, 0.00010497400217, 0.000108426553197, 7.52220221329e-05, 9.76836890914e-05, 9.10966045922e-05, 6.71257075737e-05, 7.5689793448e-05, 0.000114786096674, 9.69747634372e-05, 5.33652710146e-05, 5.93651784584e-05, 8.68060742505e-05, 0.000124799087644, 7.38378730603e-05, 4.94801097375e-05, 2.15987820411e-05, 7.23434423477e-10],
        "min": [5.74121607223e-23, 1.85401418938e-23, 9.71574659278e-24, 7.43492567929e-24, 5.74883646857e-23, 1.07143908562e-22, 9.79651711423e-23, 2.14453698796e-23, 5.92376605876e-23, 2.10944782381e-23, 4.29475819206e-23, 3.72476264292e-23, 5.00209663361e-23, 1.51435936657e-22, 1.89232130649e-22, 1.98995843141e-22, 2.32577550902e-22, 2.34151208501e-22, 2.29367126831e-22, 4.80443806748e-22, 3.44857549802e-22, 5.11214733684e-22, 8.7620005055e-22, 8.397395306e-22, 8.9795615274e-22, 1.69921840578e-21, 2.66659138992e-21],
        "var": [3.72916053593e-09, 3.72616568711e-06, 1.02111953311e-05, 8.21211529001e-07, 4.48233367933e-06, 1.34341826197e-06, 5.20220783073e-06, 1.04750170067e-05, 1.3101019249e-05, 1.04770231246e-06, 1.52337622694e-06, 1.55451914452e-06, 2.00332374334e-06, 6.1714158619e-06, 3.36888842867e-06, 1.00798615676e-06, 1.26956001623e-06, 2.64648747361e-06, 2.70294520988e-07, 6.6719366032e-08, 8.0255816215e-08, 5.87761007864e-07, 1.25601400214e-06, 1.00822592231e-06, 4.38996409002e-07, 3.61370666724e-08, 2.5437143101e-14]
    },
    "erbbands": {
        "dmean": [0.00934170372784, 0.164953961968, 0.983607053757, 0.973874330521, 1.3842767477, 2.53825569153, 2.48212981224, 3.4464533329, 5.35502147675, 8.98028469086, 10.9533805847, 16.3727092743, 9.49028396606, 6.56069660187, 8.15042304993, 7.07015371323, 10.6357278824, 15.0062637329, 15.4874744415, 13.3800773621, 7.38571548462, 11.6476163864, 16.7684249878, 9.60025787354, 5.02007055283, 4.04570102692, 3.0295548439, 4.4290356636, 5.27713537216, 5.7483830452, 7.0913271904, 3.82031726837, 2.91562867165, 1.68124520779, 0.653630435467, 0.269479751587, 0.095432728529, 0.0112489806488, 0.000199482747121, 1.27431212604e-05],
        "dmean2": [0.0151540944353, 0.289902418852, 1.68977880478, 1.59222483635, 2.23636627197, 4.0038766861, 3.84059453011, 5.25327444077, 8.30267429352, 13.4953746796, 16.2227077484, 24.6828079224, 14.4246349335, 10.131770134, 12.28769207, 11.0287132263, 16.7323875427, 23.1638412476, 23.5354328156, 19.9996700287, 11.6084375381, 18.3814411163, 25.7100868225, 14.9909057617, 7.98193311691, 6.75851345062, 4.78517436981, 7.00769948959, 8.19913482666, 8.54127502441, 10.4793205261, 5.59891271591, 4.26279211044, 2.4306871891, 0.937217056751, 0.392565280199, 0.143700018525, 0.0173466373235, 0.000302231142996, 1.81545110536e-05],
        "dvar": [0.000953335314989, 0.338698029518, 12.1217823029, 8.6595697403, 11.8350944519, 27.4844455719, 26.9217891693, 50.8532028198, 185.475097656, 1005.10974121, 1417.31384277, 2233.57421875, 728.875549316, 340.264038086, 818.690063477, 763.570068359, 2138.56347656, 3592.88769531, 2843.52758789, 2688.01391602, 756.89666748, 1161.96154785, 1994.73449707, 434.609069824, 103.279273987, 92.4443664551, 39.7075653076, 91.8708648682, 146.240280151, 173.18536377, 299.091552734, 122.632354736, 128.614700317, 22.9255580902, 3.35990381241, 0.520388066769, 0.0493387691677, 0.000775442807935, 2.28586671369e-07, 5.4530990834e-10],
        "dvar2": [0.00232329918072, 0.964857280254, 33.4144859314, 22.4181919098, 30.6867523193, 65.3828277588, 62.7861595154, 117.033309937, 413.734405518, 2241.2746582, 2809.39453125, 4624.58007812, 1619.53540039, 803.086303711, 1739.15905762, 1681.56164551, 4901.43701172, 8018.52392578, 5802.17529297, 4865.54150391, 1580.97497559, 2575.65625, 4501.66796875, 1007.63110352, 253.852142334, 251.094161987, 98.0282745361, 227.856521606, 350.533111572, 374.817687988, 649.624328613, 254.206161499, 260.725738525, 42.7839660645, 6.06686735153, 1.01707971096, 0.10872464627, 0.00180828769226, 5.24996551121e-07, 1.10428188815e-09],
        "max": [0.519484460354, 8.35657691956, 48.7512435913, 67.0140075684, 84.6506118774, 141.975448608, 134.926315308, 190.357406616, 462.092285156, 1183.52380371, 1286.7154541, 1781.14660645, 1243.50830078, 406.634185791, 984.827392578, 1332.97753906, 1593.49768066, 1879.28833008, 1557.98999023, 1665.54992676, 1279.02416992, 1057.41259766, 1668.16796875, 639.467773438, 280.503417969, 176.202865601, 100.773460388, 161.963577271, 283.724639893, 314.664001465, 541.154296875, 274.937011719, 364.099060059, 175.293640137, 93.8927383423, 23.9270114899, 4.47006177902, 0.7476323843, 0.0127682657912, 0.000518956047017],
        "mean": [0.0141406776384, 0.236160963774, 1.15240323544, 1.28164684772, 2.47864079475, 4.73354148865, 4.64379024506, 6.71089363098, 10.4921340942, 16.4976596832, 21.2533302307, 32.2791976929, 18.4061393738, 12.3605356216, 14.7024593353, 12.7523107529, 17.5650634766, 28.2158603668, 30.8831386566, 26.6652374268, 15.5212287903, 24.9442520142, 38.0229492188, 23.6724185944, 10.8960008621, 7.50306892395, 5.81852197647, 8.90689086914, 13.1587409973, 14.6174755096, 17.01512146, 8.64343357086, 5.48885679245, 3.16556692123, 1.25031304359, 0.472750335932, 0.140459179878, 0.0140417907387, 0.00028149280115, 3.49110669049e-05],
        "median": [0.000950552348513, 0.0221094824374, 0.131294608116, 0.331767439842, 0.788486838341, 1.58157205582, 2.08486461639, 2.99802875519, 3.18545246124, 5.15594100952, 6.11347723007, 7.51632595062, 5.09948062897, 4.53632450104, 4.91102409363, 4.39117908478, 4.04032421112, 4.63420581818, 4.97713804245, 5.1162853241, 3.85588788986, 4.97983932495, 6.31913852692, 5.85085105896, 4.27739334106, 2.68910264969, 2.09101772308, 2.58672356606, 2.79650783539, 3.4971101284, 3.5493221283, 1.85293483734, 1.08398032188, 0.604989409447, 0.28896433115, 0.114468440413, 0.0340382680297, 0.00304925022647, 7.83200521255e-05, 1.83703177754e-05],
        "min": [1.13758357054e-21, 2.72865134239e-21, 1.05559450259e-20, 1.42815414632e-20, 1.3792313891e-19, 1.27667482256e-19, 8.5348247449e-19, 6.42638220555e-19, 1.33847480445e-18, 8.66722482471e-19, 6.6499701591e-19, 1.19233153235e-18, 1.16464662443e-18, 1.19385168352e-18, 1.56046319749e-18, 1.48892220746e-18, 2.44080339929e-18, 5.28622550392e-18, 1.26986120661e-17, 8.09261895252e-18, 1.29204974752e-17, 1.26832099631e-17, 1.18848640395e-17, 1.08568845061e-17, 1.66508214759e-17, 2.12447112828e-17, 1.95312264962e-17, 1.20648370341e-17, 1.85896832009e-17, 2.1634275301e-17, 2.51512090375e-17, 1.71468237866e-17, 1.46493057826e-17, 1.05297982667e-17, 6.1592066934e-18, 3.71995777328e-18, 3.91283602621e-18, 1.6491563979e-18, 3.58917984636e-19, 3.87306642313e-20],
        "var": [0.00109492579941, 0.310757756233, 10.4008646011, 9.06604957581, 25.3797187805, 82.7773590088, 63.3861274719, 125.641952515, 571.221252441, 2856.63745117, 4292.94677734, 7616.00732422, 2869.71484375, 788.046264648, 2190.1003418, 1985.39990234, 4015.8515625, 10058.6796875, 9217.10351562, 8616.70898438, 2456.43798828, 3714.80932617, 8385.72949219, 2057.48901367, 279.202056885, 149.45274353, 88.6960144043, 236.217529297, 692.354187012, 845.00793457, 1212.29541016, 361.974884033, 366.413085938, 87.011932373, 14.1583080292, 1.56283354759, 0.0877564921975, 0.000976721057668, 3.30114374947e-07, 1.91559346163e-09]
    },
    "gfcc": {
        "mean": [-28.7528381348, 52.5315742493, -119.983299255, 21.9634857178, -80.5090560913, 14.4969911575, -48.3898887634, 10.0690965652, -25.5471801758, 0.569225370884, -20.5670776367, 2.78760743141, -19.5757522583],
        "cov": [[7578.03417969, -1853.18103027, -389.373352051, 390.377319336, -65.9777450562, 291.236297607, -273.944396973, 499.830627441, 307.167816162, 124.815727234, -41.9844322205, 229.432449341, -106.342849731], [-1853.18103027, 2008.27478027, 415.598602295, 203.174407959, 338.016357422, -118.335617065, 322.90133667, -102.992271423, -25.4478816986, -17.2224197388, 105.144371033, -159.753036499, 65.2828063965], [-389.373352051, 415.598602295, 1606.16772461, 127.354858398, -74.633102417, 157.712142944, -3.33063578606, -30.9435386658, -161.913665771, 28.3354873657, -80.8178405762, -42.3550109863, -35.0219917297], [390.377319336, 203.174407959, 127.354858398, 460.432769775, 216.724975586, 63.2090187073, 128.790008545, 59.7656898499, 74.5165405273, 31.5625476837, 16.6525096893, -26.3984165192, 45.3822975159], [-65.9777450562, 338.016357422, -74.633102417, 216.724975586, 408.761352539, 44.6718215942, 163.389511108, 93.4719543457, 72.8562393188, 43.0747795105, 25.7706947327, -12.6521701813, 13.5478696823], [291.236297607, -118.335617065, 157.712142944, 63.2090187073, 44.6718215942, 262.503967285, 73.989364624, 55.4013137817, 31.5844688416, 11.0778751373, 15.3389234543, 6.02963352203, -18.9061717987], [-273.944396973, 322.90133667, -3.33063578606, 128.790008545, 163.389511108, 73.989364624, 307.451263428, 66.7905578613, 10.3017263412, 38.7704048157, 37.9247550964, -6.89622449875, 38.4763259888], [499.830627441, -102.992271423, -30.9435386658, 59.7656898499, 93.4719543457, 55.4013137817, 66.7905578613, 175.81427002, 72.6743087769, 22.0547065735, 5.53059625626, 18.877204895, -4.63123703003], [307.167816162, -25.4478816986, -161.913665771, 74.5165405273, 72.8562393188, 31.5844688416, 10.3017263412, 72.6743087769, 170.177093506, 27.6628055573, 14.9418287277, 4.02656984329, 4.88972759247], [124.815727234, -17.2224197388, 28.3354873657, 31.5625476837, 43.0747795105, 11.0778751373, 38.7704048157, 22.0547065735, 27.6628055573, 113.997932434, 24.6398239136, 1.34442722797, 18.9031429291], [-41.9844322205, 105.144371033, -80.8178405762, 16.6525096893, 25.7706947327, 15.3389234543, 37.9247550964, 5.53059625626, 14.9418287277, 24.6398239136, 94.4685821533, 18.9482574463, 13.8877649307], [229.432449341, -159.753036499, -42.3550109863, -26.3984165192, -12.6521701813, 6.02963352203, -6.89622449875, 18.877204895, 4.02656984329, 1.34442722797, 18.9482574463, 107.720863342, 16.9104156494], [-106.342849731, 65.2828063965, -35.0219917297, 45.3822975159, 13.5478696823, -18.9061717987, 38.4763259888, -4.63123703003, 4.88972759247, 18.9031429291, 13.8877649307, 16.9104156494, 91.2991790771]],
        "icov": [[0.000277154293144, 1.21955663417e-05, 0.000166107085533, -0.000508232216816, 0.000334540556651, -0.000271332246484, 0.000459478906123, -0.000789267651271, 0.000149172643432, -0.000471994047984, 0.000297810911434, -0.000529358163476, 0.000433425011579], [1.21955663417e-05, 0.00171946350019, -0.000974904454779, 0.000644248444587, -0.00149528204929, 0.00172486586962, -0.00176258187275, 0.00163113535382, -0.00136178301182, 0.00203375588171, -0.00276145967655, 0.00227306387387, -0.00085398677038], [0.000166107085533, -0.000974904454779, 0.001574996626, -0.0012098000152, 0.00133952801116, -0.00179015123285, 0.00146643409971, -0.00152230274398, 0.00203087343834, -0.00211835582741, 0.00252552586608, -0.00151846965309, 0.00105831434485], [-0.000508232216816, 0.000644248444587, -0.0012098000152, 0.00478557869792, -0.00273860502057, 0.000998453004286, -0.0019581974484, 0.00221330067143, -0.00224417960271, 0.00221133721061, -0.00191683787853, 0.00269127520733, -0.00288939499296], [0.000334540556651, -0.00149528204929, 0.00133952801116, -0.00273860502057, 0.00591486692429, -0.0016158883227, 0.000663866172545, -0.00335955433547, 0.0010480012279, -0.00303177302703, 0.00281436764635, -0.00251246895641, 0.00228030979633], [-0.000271332246484, 0.00172486586962, -0.00179015123285, 0.000998453004286, -0.0016158883227, 0.00700669921935, -0.00345943239518, 0.00173105834983, -0.00272221816704, 0.00295761250891, -0.0039920816198, 0.00230272416957, 0.000218223314732], [0.000459478906123, -0.00176258187275, 0.00146643409971, -0.0019581974484, 0.000663866172545, -0.00345943239518, 0.00785120949149, -0.00444550300017, 0.00338891521096, -0.00351772387512, 0.00216076616198, -0.00234821252525, -0.000364655425074], [-0.000789267651271, 0.00163113535382, -0.00152230274398, 0.00221330067143, -0.00335955433547, 0.00173105834983, -0.00444550300017, 0.0123251629993, -0.00491109397262, 0.00291292998008, -0.00239619915374, 0.00178986915853, -0.000721213000361], [0.000149172643432, -0.00136178301182, 0.00203087343834, -0.00224417960271, 0.0010480012279, -0.00272221816704, 0.00338891521096, -0.00491109397262, 0.0106967780739, -0.00379457022063, 0.0023020862136, -0.00161995890085, 0.000808130891528], [-0.000471994047984, 0.00203375588171, -0.00211835582741, 0.00221133721061, -0.00303177302703, 0.00295761250891, -0.00351772387512, 0.00291292998008, -0.00379457022063, 0.0138663426042, -0.00639293482527, 0.00414507510141, -0.0036862406414], [0.000297810911434, -0.00276145967655, 0.00252552586608, -0.00191683787853, 0.00281436764635, -0.0039920816198, 0.00216076616198, -0.00239619915374, 0.0023020862136, -0.00639293482527, 0.0178046375513, -0.00649300543591, 0.00166122836526], [-0.000529358163476, 0.00227306387387, -0.00151846965309, 0.00269127520733, -0.00251246895641, 0.00230272416957, -0.00234821252525, 0.00178986915853, -0.00161995890085, 0.00414507510141, -0.00649300543591, 0.0148555953056, -0.00476742582396], [0.000433425011579, -0.00085398677038, 0.00105831434485, -0.00288939499296, 0.00228030979633, 0.000218223314732, -0.000364655425074, -0.000721213000361, 0.000808130891528, -0.0036862406414, 0.00166122836526, -0.00476742582396, 0.0150848589838]]
    },
    "melbands": {
        "dmean": [0.000114421578473, 0.00041169434553, 0.000173940687091, 0.000140920077683, 9.23575134948e-05, 7.69142789068e-05, 8.31712750369e-05, 0.000100666467915, 9.80840050033e-05, 0.000102607729787, 4.68610851385e-05, 2.76083301287e-05, 3.08346097881e-05, 2.21164427785e-05, 2.43769718509e-05, 2.34013459703e-05, 3.16065234074e-05, 2.94810597552e-05, 2.35252609855e-05, 1.24938778754e-05, 8.98222788237e-06, 1.10431537905e-05, 1.92871957552e-05, 1.47742066474e-05, 8.05819036032e-06, 5.29169074071e-06, 3.26126360051e-06, 2.75556431006e-06, 2.04626167033e-06, 2.03804529519e-06, 3.0331104881e-06, 3.05104549625e-06, 3.65832329408e-06, 3.49609263139e-06, 4.53815073342e-06, 3.48238609149e-06, 2.28404746849e-06, 2.21137838707e-06, 1.93338837562e-06, 1.36632627346e-06],
        "dmean2": [0.000192008199519, 0.000709054584149, 0.000284700101474, 0.000224692674237, 0.00014306025696, 0.000117259172839, 0.000128443512949, 0.000151067171828, 0.00014516308147, 0.000154871551786, 7.19430317986e-05, 4.31740154454e-05, 4.61462223029e-05, 3.42193743563e-05, 3.81778554583e-05, 3.6974408431e-05, 4.86708850076e-05, 4.50533334515e-05, 3.53759169229e-05, 1.92939442059e-05, 1.44681516758e-05, 1.75545901584e-05, 2.98344057228e-05, 2.30703099078e-05, 1.27826106109e-05, 8.34414731798e-06, 5.53158588446e-06, 4.60678984382e-06, 3.2809377899e-06, 3.21537277159e-06, 4.85081136503e-06, 4.83371513837e-06, 5.62300010643e-06, 5.32269496034e-06, 6.82806057739e-06, 5.23598464497e-06, 3.37712071996e-06, 3.30162220052e-06, 2.77413209915e-06, 2.06527920454e-06],
        "dvar": [1.50753351136e-07, 2.13573480323e-06, 2.24960032824e-07, 8.51190762319e-08, 3.26332880718e-08, 2.42000108841e-08, 4.24286241696e-08, 1.24337518059e-07, 9.76974376954e-08, 8.19559247134e-08, 1.94340721293e-08, 6.78848177671e-09, 1.17063994054e-08, 9.92962423396e-09, 8.51187653694e-09, 9.14252584749e-09, 1.70547291845e-08, 1.26327721617e-08, 9.22691612004e-09, 2.3916113534e-09, 1.24113674893e-09, 9.68002900059e-10, 3.08858449927e-09, 1.78266812423e-09, 3.24424459519e-10, 1.29052601938e-10, 6.48530396052e-11, 3.7654632884e-11, 1.99308833326e-11, 1.84340893244e-11, 4.5197276477e-11, 5.17676283784e-11, 7.42375119711e-11, 7.1303261906e-11, 1.29236177315e-10, 7.19788534331e-11, 5.69910334203e-11, 8.15816025845e-11, 4.30778468452e-11, 1.45896107695e-11],
        "dvar2": [4.01154863994e-07, 5.91532807448e-06, 5.80920016091e-07, 2.03136053756e-07, 7.64617453797e-08, 5.63822695199e-08, 9.50384588805e-08, 2.66293028517e-07, 1.99583851668e-07, 1.71469153543e-07, 4.36550351424e-08, 1.62413922311e-08, 2.52669529743e-08, 2.09458335121e-08, 1.8029195914e-08, 2.07332551128e-08, 3.78230957665e-08, 2.66209045918e-08, 1.96941414288e-08, 4.33463087646e-09, 2.56532750598e-09, 2.19440488003e-09, 6.99422830763e-09, 3.88522414241e-09, 7.7280687405e-10, 3.12210340914e-10, 1.79073270101e-10, 1.00515228085e-10, 4.96411106665e-11, 4.54367619918e-11, 1.12477312186e-10, 1.28733607108e-10, 1.71546651884e-10, 1.61980609481e-10, 2.89589907609e-10, 1.55136958835e-10, 1.22357221577e-10, 1.73348016497e-10, 8.47846168273e-11, 3.06241872139e-11],
        "max": [0.00672043440863, 0.0193473156542, 0.00948153249919, 0.00628511607647, 0.00429694261402, 0.00444500800222, 0.00783195625991, 0.0108705274761, 0.00999612733722, 0.00983031000942, 0.00603555003181, 0.00202825642191, 0.00407025311142, 0.00428981427103, 0.003598383395, 0.00274818809703, 0.00425260001794, 0.00332587305456, 0.00388198392466, 0.00197878829204, 0.00175406376366, 0.000829743803479, 0.00144593510777, 0.00177066819742, 0.000552760437131, 0.000281427084701, 0.000145113284816, 0.000100335695606, 8.55318430695e-05, 7.91858692537e-05, 0.00013322957966, 0.000187622761587, 0.000223475013627, 0.000213405117393, 0.000372529146262, 0.000166958518093, 0.000213945590076, 0.000300281535601, 0.000237343614572, 0.000123736303067],
        "mean": [0.000178997390321, 0.000515796651598, 0.000252766796621, 0.000272740668152, 0.000177816706127, 0.00015175176668, 0.000162216601893, 0.000183570460649, 0.000187475889106, 0.000202038703719, 8.73239769135e-05, 4.86672543047e-05, 5.3932028095e-05, 3.51317612513e-05, 3.91204303014e-05, 3.74823648599e-05, 5.59988075111e-05, 5.36475126864e-05, 4.27203194704e-05, 2.34248509514e-05, 1.67213893292e-05, 2.14084029722e-05, 3.65859559679e-05, 3.3099342545e-05, 1.77959755092e-05, 1.02203512142e-05, 5.64853462492e-06, 4.72873307444e-06, 3.5658761135e-06, 3.62286891686e-06, 5.69336634726e-06, 6.9437919592e-06, 8.46358125273e-06, 7.96466520114e-06, 1.03326055978e-05, 7.62760828366e-06, 4.52655149275e-06, 3.90215927837e-06, 3.42071325576e-06, 2.4037226467e-06],
        "median": [1.43255110743e-05, 6.12541771261e-05, 7.61398405302e-05, 9.2032874818e-05, 8.1129008322e-05, 6.73489412293e-05, 5.25456380274e-05, 5.20246103406e-05, 4.95705171488e-05, 4.61231720692e-05, 2.12210397876e-05, 1.63414388226e-05, 1.627081474e-05, 1.05361850729e-05, 9.55691029958e-06, 7.70386395743e-06, 7.96224776423e-06, 6.99490101397e-06, 7.0044234235e-06, 4.79337450088e-06, 3.94483322452e-06, 4.43114731752e-06, 5.21560059497e-06, 5.32243893758e-06, 4.29102919952e-06, 3.30851889885e-06, 1.97192548512e-06, 1.41339728543e-06, 1.11227188881e-06, 1.23761765281e-06, 1.45989383782e-06, 1.36021549224e-06, 1.65889582604e-06, 1.87040041055e-06, 2.12904137697e-06, 1.49665152094e-06, 8.47557942052e-07, 6.89413070631e-07, 5.51649691261e-07, 4.26421706834e-07],
        "min": [1.05456574529e-23, 4.49668425903e-24, 6.1986678337e-24, 9.57457993379e-24, 2.39346393987e-23, 1.70168357086e-23, 1.97436359794e-23, 7.92339860699e-24, 6.45004546089e-24, 7.42394867979e-24, 5.48233874441e-24, 4.22125860157e-24, 5.0912305795e-24, 4.9282807099e-24, 2.84420249503e-24, 6.22031851567e-24, 1.02261569534e-23, 2.15466911743e-23, 1.1591614438e-23, 9.1677777756e-24, 1.79836036806e-23, 1.34644435911e-23, 1.04779432105e-23, 1.12919624678e-23, 8.23717670951e-24, 9.83042330257e-24, 1.51945228413e-23, 1.35978415479e-23, 1.32266682925e-23, 7.85319235301e-24, 6.88346694147e-24, 1.07908417332e-23, 1.00612219153e-23, 1.36052947057e-23, 1.59770665484e-23, 9.84678348888e-24, 1.12593375473e-23, 9.26303982965e-24, 9.86848584125e-24, 8.79356030597e-24],
        "var": [1.58616458634e-07, 1.86854526874e-06, 2.69461708058e-07, 2.53688881457e-07, 8.77941772615e-08, 6.11036554687e-08, 1.31971859219e-07, 3.87986773376e-07, 2.97813585348e-07, 2.94118422062e-07, 7.25107440758e-08, 1.39964875245e-08, 3.36166401382e-08, 2.14392077424e-08, 2.37269173198e-08, 1.89242950199e-08, 4.70429419863e-08, 3.75374717976e-08, 2.61589363504e-08, 7.36952854297e-09, 3.69164410152e-09, 2.81591372442e-09, 8.51197334839e-09, 8.47232950463e-09, 1.20423671035e-09, 3.18993276238e-10, 9.54346809912e-11, 6.66716612474e-11, 4.10621779634e-11, 3.87209361796e-11, 1.13856583883e-10, 2.046531139e-10, 3.38784722498e-10, 2.71983352507e-10, 4.84892737074e-10, 2.45809150812e-10, 1.39115691189e-10, 2.10308992443e-10, 1.32770114347e-10, 4.82273040947e-11]
    },
    "mfcc": {
        "mean": [-669.975341797, 86.884185791, 7.05101490021, 4.60386228561, -7.48811006546, -3.42102003098, -12.4794893265, 4.48950767517, -9.0263299942, -0.411083161831, 0.805318653584, -4.26536273956, -5.39918136597],
        "cov": [[7279.07519531, -2099.23681641, -626.651977539, -51.3991622925, 311.674468994, -140.313110352, -288.598297119, 332.816833496, 124.967453003, 183.793365479, 387.024475098, 0.135922715068, -63.1517066956], [-2099.23681641, 1720.42224121, 298.08706665, 345.812072754, 7.64170789719, 99.0303955078, 260.98815918, -55.6102027893, 15.4201812744, 41.5186958313, -84.9325180054, 45.7364616394, 100.52166748], [-626.651977539, 298.08706665, 1397.9473877, 35.4498176575, 69.1799240112, 98.008644104, 103.951911926, -62.9341506958, -0.00587117811665, -29.8785820007, -132.515472412, 48.2965621948, 13.4765548706], [-51.3991622925, 345.812072754, 35.4498176575, 502.239593506, 112.948677063, 88.915184021, 137.357879639, 11.6022577286, 124.271987915, 59.9917793274, -4.26444673538, 22.1400032043, 86.6173400879], [311.674468994, 7.64170789719, 69.1799240112, 112.948677063, 273.050079346, 53.9568214417, 4.97805452347, 58.2234230042, 52.5655479431, 50.4546585083, 56.5671424866, 9.79381465912, 13.6102571487], [-140.313110352, 99.0303955078, 98.008644104, 88.915184021, 53.9568214417, 201.14616394, 108.895019531, 31.8369750977, 51.9416160583, 30.6301193237, 28.8617458344, 24.1761322021, 17.8994445801], [-288.598297119, 260.98815918, 103.951911926, 137.357879639, 4.97805452347, 108.895019531, 280.231781006, 41.4212532043, 75.1343765259, 30.8038444519, 12.1968221664, 28.7109889984, 57.4643058777], [332.816833496, -55.6102027893, -62.9341506958, 11.6022577286, 58.2234230042, 31.8369750977, 41.4212532043, 196.063644409, 46.9986114502, 26.4120979309, 62.0774459839, 3.93676519394, 7.89558124542], [124.967453003, 15.4201812744, -0.00587117811665, 124.271987915, 52.5655479431, 51.9416160583, 75.1343765259, 46.9986114502, 169.720977783, 54.8852424622, 30.8190155029, 19.1336135864, 33.922908783], [183.793365479, 41.5186958313, -29.8785820007, 59.9917793274, 50.4546585083, 30.6301193237, 30.8038444519, 26.4120979309, 54.8852424622, 129.244735718, 54.9688644409, 0.749734222889, 7.29531049728], [387.024475098, -84.9325180054, -132.515472412, -4.26444673538, 56.5671424866, 28.8617458344, 12.1968221664, 62.0774459839, 30.8190155029, 54.9688644409, 153.552139282, 19.4189510345, -16.5027446747], [0.135922715068, 45.7364616394, 48.2965621948, 22.1400032043, 9.79381465912, 24.1761322021, 28.7109889984, 3.93676519394, 19.1336135864, 0.749734222889, 19.4189510345, 87.023979187, 29.8710803986], [-63.1517066956, 100.52166748, 13.4765548706, 86.6173400879, 13.6102571487, 17.8994445801, 57.4643058777, 7.89558124542, 33.922908783, 7.29531049728, -16.5027446747, 29.8710803986, 105.777870178]],
