{
"lowlevel": {
    "average_loudness": 0.878120183945,
    "barkbands_crest": {
        "dmean": 2.60073852539,
        "dmean2": 4.2754535675,
        "dvar": 5.19060230255,
        "dvar2": 13.4370222092,
        "max": 26.2854385376,
        "mean": 8.51018619537,
        "median": 7.69929075241,
        "min": 2.52453637123,
        "var": 12.6440258026
    },
    "barkbands_flatness_db": {
        "dmean": 0.0219467077404,
        "dmean2": 0.0353291593492,
        "dvar": 0.000387574516935,
        "dvar2": 0.000964151520748,
        "max": 0.383659362793,
        "mean": 0.173859342933,
        "median": 0.169530555606,
        "min": 0.0535323508084,
        "var": 0.00144934246782
    },
    "barkbands_kurtosis": {
        "dmean": 1.96765398979,
        "dmean2": 3.14283108711,
        "dvar": 13.4327859879,
        "dvar2": 32.2084350586,
        "max": 91.8531417847,
        "mean": 2.0259604454,
        "median": 0.592926979065,
        "min": -1.86766898632,
        "var": 25.3451786041
    },
    "barkbands_skewness": {
        "dmean": 0.492068380117,
        "dmean2": 0.766990482807,
        "dvar": 0.242503032088,
        "dvar2": 0.560714840889,
        "max": 8.24612522125,
        "mean": 1.13392102718,
        "median": 0.956695258617,
        "min": -2.9406914711,
        "var": 0.874954581261
    },
    "barkbands_spread": {
        "dmean": 5.16247749329,
        "dmean2": 7.99582481384,
        "dvar": 33.9535522461,
        "dvar2": 74.5444107056,
        "max": 100.69316864,
        "mean": 21.0061206818,
        "median": 19.6571846008,
        "min": 1.26435220242,
        "var": 120.734916687
    },
    "dissonance": {
        "dmean": 0.0192390270531,
        "dmean2": 0.0323942303658,
        "dvar": 0.000368306558812,
        "dvar2": 0.00101970077958,
        "max": 0.500000119209,
        "mean": 0.467276781797,
        "median": 0.472869068384,
        "min": 0.0592399314046,
        "var": 0.00065084855305
    },
    "dynamic_complexity": 3.13413691521,
    "erbbands_crest": {
        "dmean": 2.83919882774,
        "dmean2": 4.63803672791,
        "dvar": 6.73346757889,
        "dvar2": 17.048871994,
        "max": 29.373550415,
        "mean": 8.74198722839,
        "median": 7.79597616196,
        "min": 2.52604556084,
        "var": 15.9455356598
    },
    "erbbands_flatness_db": {
        "dmean": 0.0166997630149,
        "dmean2": 0.0251086205244,
        "dvar": 0.000228257820709,
        "dvar2": 0.000482003146317,
        "max": 0.447347044945,
        "mean": 0.216779306531,
        "median": 0.212879106402,
        "min": 0.0738066062331,
        "var": 0.00186464225408
    },
    "erbbands_kurtosis": {
        "dmean": 0.821910738945,
        "dmean2": 1.30868399143,
        "dvar": 1.19241189957,
        "dvar2": 2.88424634933,
        "max": 18.4716148376,
        "mean": 0.186499372125,
        "median": -0.243526697159,
        "min": -1.79553329945,
        "var": 2.59291744232
    },
    "erbbands_skewness": {
        "dmean": 0.372392207384,
        "dmean2": 0.579293847084,
        "dvar": 0.103912934661,
        "dvar2": 0.237995758653,
        "max": 4.23261737823,
        "mean": 0.285925239325,
        "median": 0.258552342653,
        "min": -3.477840662,
        "var": 0.451901823282
    },
    "erbbands_spread": {
        "dmean": 7.42315673828,
        "dmean2": 11.2804012299,
        "dvar": 59.4407119751,
        "dvar2": 127.584220886,
        "max": 134.102142334,
        "mean": 33.6469345093,
        "median": 30.4865150452,
        "min": 3.63146543503,
        "var": 271.207336426
    },
    "hfc": {
        "dmean": 6.1201877594,
        "dmean2": 8.79551696777,
        "dvar": 56.0582504272,
        "dvar2": 117.895050049,
        "max": 124.412101746,
        "mean": 19.8576068878,
        "median": 16.0663909912,
        "min": 1.20957138666e-16,
        "var": 268.212524414
    },
    "melbands_crest": {
        "dmean": 3.50174570084,
        "dmean2": 5.81496191025,
        "dvar": 9.02311897278,
        "dvar2": 23.824514389,
        "max": 39.4115867615,
        "mean": 12.3702964783,
        "median": 11.4756736755,
        "min": 2.20193338394,
        "var": 24.2210006714
    },
    "melbands_flatness_db": {
        "dmean": 0.0268862787634,
        "dmean2": 0.0408863127232,
        "dvar": 0.000650886970107,
        "dvar2": 0.00143467029557,
        "max": 0.462739318609,
        "mean": 0.189683720469,
        "median": 0.184775963426,
        "min": 0.00784111116081,
        "var": 0.00275574531406
    },
    "melbands_kurtosis": {
        "dmean": 5.21495866776,
        "dmean2": 8.29314994812,
        "dvar": 111.415939331,
        "dvar2": 267.992980957,
        "max": 294.932861328,
        "mean": 8.10495281219,
        "median": 3.66441869736,
        "min": -1.84517085552,
        "var": 213.09034729
    },
    "melbands_skewness": {
        "dmean": 0.684233367443,
        "dmean2": 1.06363213062,
        "dvar": 0.556914567947,
        "dvar2": 1.25268959999,
        "max": 12.2873134613,
        "mean": 2.02130270004,
        "median": 1.66011631489,
        "min": -1.54933571815,
        "var": 2.04235291481
    },
    "melbands_spread": {
        "dmean": 7.07171487808,
        "dmean2": 11.1163806915,
        "dvar": 72.1958389282,
        "dvar2": 158.532485962,
        "max": 218.561309814,
        "mean": 25.1506061554,
        "median": 22.7372550964,
        "min": 0.925038397312,
        "var": 232.861679077
    },
    "pitch_salience": {
        "dmean": 0.0757516175508,
        "dmean2": 0.122853949666,
        "dvar": 0.00430755503476,
        "dvar2": 0.0109565835446,
        "max": 0.944894015789,
        "mean": 0.578475177288,
        "median": 0.57941454649,
        "min": 0.0295381359756,
        "var": 0.0122242635116
    },
    "silence_rate_20dB": {
        "dmean": 0,
        "dmean2": 0,
        "dvar": 0,
        "dvar2": 0,
        "max": 1,
        "mean": 1,
        "median": 1,
        "min": 1,
        "var": 0
    },
    "silence_rate_30dB": {
        "dmean": 0.000698974821717,
        "dmean2": 0.00139811250847,
        "dvar": 0.000698480231222,
        "dvar2": 0.00139613368083,
        "max": 1,
        "mean": 0.999068140984,
        "median": 1,
        "min": 0,
        "var": 0.000931031594519
    },
    "silence_rate_60dB": {
        "dmean": 0.0160764213651,
        "dmean2": 0.0321565903723,
        "dvar": 0.0158188994974,
        "dvar2": 0.0343880727887,
        "max": 1,
        "mean": 0.056260921061,
        "median": 0,
        "min": 0,
        "var": 0.0531037375331
    },
    "spectral_centroid": {
        "dmean": 250.41166687,
        "dmean2": 383.855255127,
        "dvar": 68618.2265625,
        "dvar2": 134705.1875,
        "max": 11048.0078125,
        "mean": 1433.77929688,
        "median": 1393.92480469,
        "min": 196.416091919,
        "var": 296175.375
    },
    "spectral_complexity": {
        "dmean": 4.05428695679,
        "dmean2": 5.95432853699,
        "dvar": 16.8160820007,
        "dvar2": 31.506280899,
        "max": 58,
        "mean": 20.1440887451,
        "median": 20,
        "min": 0,
        "var": 99.8120803833
    },
    "spectral_decrease": {
        "dmean": 2.16367368466e-09,
        "dmean2": 3.32043459395e-09,
        "dvar": 6.71889281229e-18,
        "dvar2": 1.56015064729e-17,
        "max": 1.8753638111e-28,
        "mean": -5.85816861687e-09,
        "median": -4.91311658024e-09,
        "min": -4.51002826196e-08,
        "var": 1.86456336975e-17
    },
    "spectral_energy": {
        "dmean": 0.00861446373165,
        "dmean2": 0.0131426565349,
        "dvar": 0.000104485538031,
        "dvar2": 0.000240554203629,
        "max": 0.179595455527,
        "mean": 0.0239111725241,
        "median": 0.0200736243278,
        "min": 1.02633589647e-20,
        "var": 0.00030536565464
    },
    "spectral_energyband_high": {
        "dmean": 0.000282155582681,
        "dmean2": 0.00040294721839,
        "dvar": 2.62511122173e-07,
        "dvar2": 5.37835262548e-07,
        "max": 0.00887996330857,
        "mean": 0.000609553651884,
        "median": 0.000308555492666,
        "min": 7.1880339254e-21,
        "var": 6.95932328654e-07
    },
    "spectral_energyband_low": {
        "dmean": 0.0040768426843,
        "dmean2": 0.00681793270633,
        "dvar": 4.81122624478e-05,
        "dvar2": 0.000128768922877,
        "max": 0.0742545053363,
        "mean": 0.00616059452295,
        "median": 0.00397812668234,
        "min": 1.00200354875e-22,
        "var": 6.2385610363e-05
    },
    "spectral_energyband_middle_high": {
        "dmean": 0.00240980181843,
        "dmean2": 0.00360277481377,
        "dvar": 1.2452061128e-05,
        "dvar2": 2.87976599793e-05,
        "max": 0.0785636976361,
        "mean": 0.00684638740495,
        "median": 0.00456268293783,
        "min": 1.60443019207e-21,
        "var": 5.23591697856e-05
    },
    "spectral_energyband_middle_low": {
        "dmean": 0.00526029895991,
        "dmean2": 0.00825627706945,
        "dvar": 5.02780276292e-05,
        "dvar2": 0.000119001262647,
        "max": 0.15468147397,
        "mean": 0.0112587958574,
        "median": 0.0083171185106,
        "min": 2.21998989271e-22,
        "var": 0.000113058486022
    },
    "spectral_entropy": {
        "dmean": 0.141623616219,
        "dmean2": 0.212734937668,
        "dvar": 0.0193745773286,
        "dvar2": 0.03976592049,
        "max": 9.80756759644,
        "mean": 7.55974054337,
        "median": 7.579454422,
        "min": 5.93641233444,
        "var": 0.0886539295316
    },
    "spectral_flux": {
        "dmean": 0.0224038995802,
        "dmean2": 0.0344724170864,
        "dvar": 0.000542176421732,
        "dvar2": 0.00114850432146,
        "max": 0.283803403378,
        "mean": 0.0902056619525,
        "median": 0.0866059958935,
        "min": 1.01308239575e-10,
        "var": 0.00174300861545
    },
    "spectral_kurtosis": {
        "dmean": 2.11685943604,
        "dmean2": 3.70114731789,
        "dvar": 5.04325914383,
        "dvar2": 14.6807689667,
        "max": 48.1563873291,
        "mean": 3.03603768349,
        "median": 2.30434989929,
        "min": -1.27944600582,
        "var": 8.58646202087
    },
    "spectral_rms": {
        "dmean": 0.000840349006467,
        "dmean2": 0.00124957121443,
        "dvar": 6.95670848927e-07,
        "dvar2": 1.51166557316e-06,
        "max": 0.0132368830964,
        "mean": 0.00448560342193,
        "median": 0.00442538410425,
        "min": 3.16433771547e-12,
        "var": 3.20730987369e-06
    },
    "spectral_rolloff": {
        "dmean": 458.511413574,
        "dmean2": 764.109924316,
        "dvar": 500071.3125,
        "dvar2": 1067250.25,
        "max": 19272.2167969,
        "mean": 1550.16674805,
        "median": 1485.79101562,
        "min": 21.533203125,
        "var": 1116976.875
    },
    "spectral_skewness": {
        "dmean": 0.255139857531,
        "dmean2": 0.423388808966,
        "dvar": 0.0544567666948,
        "dvar2": 0.143833816051,
        "max": 4.62531137466,
        "mean": 1.12811660767,
        "median": 1.08114874363,
        "min": -0.296464711428,
        "var": 0.196379944682
    },
    "spectral_spread": {
        "dmean": 342127.84375,
        "dmean2": 507517.03125,
        "dvar": 230457049088,
        "dvar2": 314000080896,
        "max": 39872568,
        "mean": 3305534.5,
        "median": 3192207,
        "min": 1403983.875,
        "var": 855949901824
    },
    "spectral_strongpeak": {
        "dmean": 0.65811419487,
        "dmean2": 1.11297941208,
        "dvar": 0.85441339016,
        "dvar2": 2.22276091576,
        "max": 13.0697574615,
        "mean": 1.02153253555,
        "median": 0.489456117153,
        "min": 0,
        "var": 1.45389735699
    },
    "zerocrossingrate": {
        "dmean": 0.00841141771525,
        "dmean2": 0.0101228896528,
        "dvar": 0.000113536851131,
        "dvar2": 0.000133252266096,
        "max": 0.5654296875,
        "mean": 0.0584354624152,
        "median": 0.05517578125,
        "min": 0,
        "var": 0.000649882014841
    },
    "barkbands": {
        "dmean": [6.95729104336e-05, 0.00214943639003, 0.00192035769578, 0.00142407533713, 0.00149808335118, 0.00106976879761, 0.00114338309504, 0.00133988726884, 0.00145897455513, 0.000859065738041, 0.00071416713763, 0.000658786855638, 0.000389476481359, 0.000544250418898, 0.000409687345382, 0.000361580023309, 0.00029384100344, 0.000185864060768, 0.000168876795215, 0.000122936282423, 0.000107482068415, 8.17986219772e-05, 6.3635292463e-05, 2.85789974441e-05, 4.92958406539e-07, 1.05087005764e-09, 9.38335520395e-10],
        "dmean2": [0.000117500887427, 0.00356030580588, 0.00327827804722, 0.00252490630373, 0.00243950658478, 0.00173165579326, 0.00184366514441, 0.00217601587065, 0.00228942581452, 0.00139491748996, 0.00116277171765, 0.00105264922604, 0.000631229428109, 0.000887208268978, 0.000662722450215, 0.000584931403864, 0.000482683768496, 0.000295895180898, 0.000269989774097, 0.000191120445379, 0.000166757468833, 0.000122657147585, 9.15878408705e-05, 4.35663641838e-05, 8.11544225598e-07, 1.89077198343e-09, 1.73476089049e-09],
        "dvar": [1.23245857964e-08, 1.46542606672e-05, 1.55614688993e-05, 1.01303794509e-05, 5.89568890064e-06, 4.37387643615e-06, 8.40891334519e-06, 7.06378432369e-06, 8.31704892335e-06, 3.78344839191e-06, 3.01352588394e-06, 2.83205099549e-06, 5.65049163015e-07, 8.14716827335e-07, 5.20866137776e-07, 6.63257821998e-07, 3.1256939792e-07, 1.08928311704e-07, 1.12660750062e-07, 5.2635765968e-08, 5.14828926157e-08, 2.25543796972e-08, 1.78933490247e-08, 8.48631742656e-09, 2.43222716273e-12, 2.58951517058e-18, 1.91067678639e-18],
        "dvar2": [3.28906075708e-08, 3.93310692743e-05, 4.14846181229e-05, 2.8286171073e-05, 1.46492220665e-05, 9.56229541771e-06, 1.88718477148e-05, 1.76224439201e-05, 1.97356675926e-05, 9.84914368019e-06, 7.62346553529e-06, 6.58214003124e-06, 1.3818557818e-06, 2.12778854802e-06, 1.30350360905e-06, 1.7674759647e-06, 8.2550661773e-07, 2.77331167808e-07, 2.99110212154e-07, 1.1874680439e-07, 1.23611840763e-07, 5.12175510892e-08, 3.6921278479e-08, 1.87851707523e-08, 6.11293914793e-12, 7.62086875019e-18, 6.03039606047e-18],
        "max": [0.00162101339083, 0.0420833900571, 0.0413051843643, 0.0428875908256, 0.0459407493472, 0.0680271536112, 0.121371351182, 0.0551857538521, 0.0866922289133, 0.0534277930856, 0.0457375608385, 0.0368785411119, 0.0134669523686, 0.0182410310954, 0.0166061427444, 0.0232789665461, 0.0167244598269, 0.00627444731072, 0.00736120715737, 0.00567416101694, 0.00536149553955, 0.00290070660412, 0.00344597408548, 0.0031445431523, 4.00440767407e-05, 2.94857471772e-08, 1.62329794051e-08],
        "mean": [7.84364310675e-05, 0.00293196830899, 0.00237346929498, 0.00143472803757, 0.00212224037386, 0.00151078694034, 0.00152784818783, 0.00182728422806, 0.00236180983484, 0.00126671581529, 0.00102096714545, 0.000929148867726, 0.000601464998908, 0.000844741298351, 0.000666143430863, 0.000586773152463, 0.000485535303596, 0.000323381973431, 0.000291161064524, 0.000221241964027, 0.000196256922209, 0.000152109496412, 0.000114183290862, 4.22420016548e-05, 5.5150286471e-07, 1.01579100686e-09, 7.68127839113e-10],
        "median": [3.42943276337e-05, 0.00121655617841, 0.00122957560234, 0.000518717628438, 0.00100349052809, 0.000658267643303, 0.000509918434545, 0.000650618690997, 0.000733677065, 0.000385079358239, 0.000254690472502, 0.000275091821095, 0.000232695951127, 0.000419520249125, 0.000273696728982, 0.000260140979663, 0.000228864475503, 0.000166263227584, 0.000142798555316, 9.91344059003e-05, 8.7522159447e-05, 7.49053433537e-05, 4.98823756061e-05, 1.34586671265e-05, 1.34654030148e-07, 4.57036991586e-10, 2.8528421292e-10],
        "min": [1.69553345347e-23, 7.1998186238e-23, 9.62812150115e-24, 1.59233388099e-23, 1.10564330561e-23, 2.91181213446e-23, 6.74238027297e-23, 3.57948160099e-23, 5.66205924464e-23, 3.6953214073e-23, 4.97088014542e-23, 2.13918377786e-22, 6.83495089139e-23, 2.30975620528e-22, 7.34801971326e-23, 2.0927331234e-22, 7.98833621676e-23, 1.70047815984e-22, 1.71163479874e-22, 3.62776632549e-22, 2.77506473737e-22, 4.4298187521e-22, 4.50286600974e-22, 6.84772917588e-22, 1.06701351284e-21, 1.66807028973e-21, 2.76040388998e-21],
        "var": [1.49405821048e-08, 1.9436047296e-05, 1.47804103108e-05, 7.81832204666e-06, 1.04140899566e-05, 8.37088737171e-06, 1.15039129014e-05, 1.06552770376e-05, 2.11663336813e-05, 6.50278116154e-06, 4.95800259159e-06, 4.29879855801e-06, 9.9775866147e-07, 1.43636782468e-06, 1.03085005776e-06, 1.21053608382e-06, 5.93633956214e-07, 2.14968991941e-07, 1.94309265567e-07, 1.15903205256e-07, 1.0800747674e-07, 4.91659335466e-08, 3.62520786723e-08, 1.19595195969e-08, 2.78899538013e-12, 2.680042644e-18, 1.63034889571e-18]
    },
    "erbbands": {
        "dmean": [0.0470745004714, 0.562607228756, 1.97654974461, 3.70968317986, 4.70135593414, 5.05113840103, 6.14444589615, 10.0129594803, 16.4428577423, 18.5385150909, 30.5033016205, 29.7570419312, 30.8722839355, 24.1818294525, 24.9988365173, 23.467130661, 17.6798553467, 19.8176422119, 24.9176006317, 19.1091003418, 20.3662700653, 17.0250453949, 10.6413879395, 9.08141613007, 6.80252361298, 5.79747819901, 5.27374649048, 3.57269096375, 3.11589431763, 2.29198026657, 1.73450660706, 0.993260979652, 0.248392403126, 0.0181588158011, 0.000615740311332, 5.39645552635e-05, 1.13796122605e-05, 3.28880651068e-06, 4.82025234305e-06, 1.00467887023e-05],
        "dmean2": [0.0774564146996, 0.93710899353, 3.37970876694, 6.53484773636, 7.91334962845, 8.31575870514, 9.94786834717, 16.2271251678, 26.4609889984, 30.3306312561, 48.875831604, 46.2549171448, 49.4761886597, 38.4920730591, 40.0837516785, 36.9651069641, 28.1970443726, 32.010925293, 40.6104850769, 30.8655014038, 32.870388031, 27.8634243011, 16.9532222748, 14.3317537308, 10.7323608398, 8.94746780396, 8.30064296722, 5.45196390152, 4.73605155945, 3.41454052925, 2.51033091545, 1.48495268822, 0.378199994564, 0.027862906456, 0.000922960869502, 7.78475077823e-05, 1.60587442224e-05, 4.63117658001e-06, 7.11286020305e-06, 1.5178711692e-05],
        "dvar": [0.00721104582772, 1.0220656395, 14.9344015121, 74.5418548584, 67.9382476807, 84.7167129517, 236.424682617, 366.903594971, 1738.34277344, 1799.26318359, 3660.62060547, 4433.41308594, 4125.54931641, 4444.34277344, 3211.67529297, 4279.33251953, 1150.9453125, 1362.59094238, 1524.22375488, 1857.73974609, 2536.16601562, 916.136169434, 349.944824219, 270.884887695, 156.929611206, 139.022644043, 148.385665894, 47.8690490723, 36.9218406677, 17.8860054016, 15.9482851028, 8.48098945618, 0.852406084538, 0.00368634844199, 4.0628106035e-06, 2.33901289448e-08, 6.15593798159e-10, 4.00012002688e-11, 3.12658544888e-11, 1.37800132416e-10],
        "dvar2": [0.018416531384, 2.78924775124, 39.6659126282, 206.149169922, 183.707427979, 216.73298645, 502.21081543, 827.485412598, 3801.22241211, 4383.64648438, 9127.13378906, 10249.9746094, 10157.7773438, 11531.3125, 8051.23242188, 9994.98828125, 2770.56518555, 3511.37548828, 3909.15234375, 4876.66894531, 6847.39111328, 2451.90380859, 889.132873535, 695.725280762, 396.946960449, 309.551635742, 381.641662598, 104.916297913, 87.474647522, 38.6541252136, 33.2661437988, 18.4503936768, 1.95498371124, 0.00821515917778, 8.97226436791e-06, 4.93769434229e-08, 1.27397370431e-09, 8.13944953104e-11, 6.88444648511e-11, 3.1286567781e-10],
        "max": [1.03056573868, 12.2800445557, 42.9896850586, 124.481513977, 126.97467804, 175.348495483, 593.936035156, 722.218261719, 2242.11669922, 979.933044434, 1434.59875488, 2158.46801758, 1809.19665527, 2134.91601562, 1192.25817871, 1633.85412598, 687.565429688, 1040.54467773, 811.027404785, 1014.55999756, 1602.70092773, 594.898498535, 446.747039795, 451.96005249, 325.713989258, 352.807434082, 262.271789551, 155.232635498, 151.487136841, 97.8962402344, 123.765510559, 89.5746994019, 27.1502399445, 1.85114610195, 0.0531966499984, 0.00405422411859, 0.00064884085441, 0.000147661266965, 8.87325804797e-05, 0.000204718555324],
        "mean": [0.0611963011324, 0.743901491165, 2.63865113258, 4.07519721985, 5.78380298615, 6.70840215683, 8.82838058472, 14.0447616577, 22.2559013367, 26.4404850006, 45.5168876648, 47.9568786621, 50.5014190674, 39.4058074951, 39.2254600525, 35.1352233887, 29.3898849487, 32.9683952332, 42.4254798889, 33.3073806763, 34.1683731079, 29.7189006805, 19.5007152557, 16.4503211975, 12.5732088089, 10.6694087982, 9.17117404938, 6.70482587814, 5.70046615601, 4.21822834015, 3.03185868263, 1.54259777069, 0.355934113264, 0.0259838569909, 0.000974885188043, 0.000105960098153, 2.76253103948e-05, 8.3288832684e-06, 1.4503741113e-05, 2.89768086077e-05],
        "median": [0.0243960041553, 0.278463482857, 1.2439661026, 1.74875354767, 2.69239163399, 2.83672142029, 3.36844205856, 6.27881526947, 8.3563785553, 9.71346092224, 18.8624000549, 16.4863910675, 15.9341869354, 12.9166498184, 11.5286846161, 12.7383918762, 12.7131586075, 15.5366029739, 23.1589641571, 14.0986738205, 15.8599824905, 15.1757211685, 10.3336133957, 8.56807231903, 6.65477514267, 4.60148191452, 3.71018505096, 3.2078306675, 2.74886250496, 2.1132414341, 1.29054391384, 0.543041467667, 0.106269881129, 0.00779892411083, 0.000337627570843, 5.11651196575e-05, 1.7757556634e-05, 5.43868009117e-06, 1.22793635455e-05, 2.44964594458e-05],
        "min": [9.26879504328e-22, 1.98233058317e-20, 2.39553153294e-20, 3.37568692132e-20, 3.8964077798e-20, 2.90710816824e-20, 7.19336100086e-20, 3.04131305275e-19, 6.80495071867e-19, 1.04823615266e-18, 9.02169911755e-19, 1.57255874939e-18, 9.44984883658e-19, 2.02584597025e-18, 4.41907717853e-18, 6.15286469965e-18, 4.50875885978e-18, 1.07902650339e-17, 6.84340996426e-18, 9.02082726918e-18, 8.04080518613e-18, 5.35100946232e-18, 7.91892674031e-18, 1.02456137499e-17, 1.35938258025e-17, 1.4841840342e-17, 9.93557983883e-18, 1.19805142425e-17, 1.6884481801e-17, 1.42569194241e-17, 1.14400708262e-17, 1.23734233791e-17, 1.17993335642e-17, 1.11280103227e-17, 8.99388268791e-18, 5.93605528442e-18, 2.8680026878e-18, 1.48951322801e-18, 3.57477165255e-19, 4.12492967183e-20],
        "var": [0.0101994806901, 1.2686175108, 15.8305149078, 58.2311325073, 74.112197876, 120.032020569, 582.662109375, 664.678527832, 2658.67993164, 2629.71728516, 5793.73925781, 9706.7109375, 10183.7294922, 8073.77050781, 6133.47851562, 5788.78173828, 2202.15307617, 2464.25878906, 2946.64550781, 3551.65258789, 4531.47558594, 1816.95043945, 743.733154297, 503.621490479, 295.111633301, 316.358459473, 291.877685547, 106.614723206, 76.4009857178, 35.9051856995, 29.6902256012, 12.918302536, 1.11902964115, 0.00524192815647, 6.02666523264e-06, 3.93373191798e-08, 1.22776522282e-09, 9.26001914037e-11, 1.08329213655e-10, 4.35499608598e-10]
    },
    "gfcc": {
        "mean": [-40.5208358765, 140.830978394, -178.18296814, 55.3060874939, -74.1240386963, 8.69798564911, -18.8549556732, -16.1043739319, 11.3071680069, -25.8595199585, 4.41715908051, -18.6919879913, -1.94920217991],
        "cov": [[5831.26318359, 355.180786133, -83.5854263306, 374.883605957, -106.040596008, 71.0254516602, -44.3598937988, 21.5399570465, 61.7172203064, -58.7173423767, 29.4065093994, -146.762588501, -52.7226753235], [355.180786133, 876.157836914, 432.59475708, 139.267959595, 225.965545654, -123.404022217, 73.0698318481, -34.7926750183, 48.6497535706, -25.2828025818, 27.1854667664, -42.3575515747, -58.238243103], [-83.5854263306, 432.59475708, 1053.00524902, 626.490783691, 125.138702393, 84.9432830811, -45.366355896, 19.2594623566, 4.20809793472, 23.8404331207, 24.258184433, -23.6756095886, -48.9065361023], [374.883605957, 139.267959595, 626.490783691, 681.23651123, 130.653915405, 79.194442749, -35.5768737793, 15.0348939896, 18.499753952, 54.1800765991, 12.9020471573, -9.36919689178, -22.2514095306], [-106.040596008, 225.965545654, 125.138702393, 130.653915405, 246.837661743, 14.8116645813, 50.4580917358, 13.2559585571, 44.1854515076, 23.7834815979, 8.3251953125, -6.34931182861, -13.0780115128], [71.0254516602, -123.404022217, 84.9432830811, 79.194442749, 14.8116645813, 215.010955811, 57.339012146, 35.4633178711, -10.9714536667, 16.5719127655, 9.96352577209, 0.442755162716, 0.1654907763], [-44.3598937988, 73.0698318481, -45.366355896, -35.5768737793, 50.4580917358, 57.339012146, 216.466583252, 37.0884513855, -11.0084924698, 8.04371643066, 11.8979625702, 18.6168289185, 3.42860221863], [21.5399570465, -34.7926750183, 19.2594623566, 15.0348939896, 13.2559585571, 35.4633178711, 37.0884513855, 107.129180908, 45.2594871521, 9.1558971405, 11.2026968002, -2.56061005592, 11.1560316086], [61.7172203064, 48.6497535706, 4.20809793472, 18.499753952, 44.1854515076, -10.9714536667, -11.0084924698, 45.2594871521, 113.515556335, 41.935798645, -4.07460832596, -6.58282566071, -5.50718164444], [-58.7173423767, -25.2828025818, 23.8404331207, 54.1800765991, 23.7834815979, 16.5719127655, 8.04371643066, 9.1558971405, 41.935798645, 89.7039489746, 31.3965702057, 4.57030105591, 5.36132335663], [29.4065093994, 27.1854667664, 24.258184433, 12.9020471573, 8.3251953125, 9.96352577209, 11.8979625702, 11.2026968002, -4.07460832596, 31.3965702057, 76.8029403687, 30.2264194489, 2.63024830818], [-146.762588501, -42.3575515747, -23.6756095886, -9.36919689178, -6.34931182861, 0.442755162716, 18.6168289185, -2.56061005592, -6.58282566071, 4.57030105591, 30.2264194489, 71.1610183716, 23.663192749], [-52.7226753235, -58.238243103, -48.9065361023, -22.2514095306, -13.0780115128, 0.1654907763, 3.42860221863, 11.1560316086, -5.50718164444, 5.36132335663, 2.63024830818, 23.663192749, 71.9972000122]],
        "icov": [[0.000315161771141, -0.000560491578653, 0.000701746204868, -0.00079101335723, 0.00074006273644, -0.000534317747224, 0.000191763872863, -7.63909847592e-05, -0.000301837397274, 0.000532812729944, -0.000531575875357, 0.000663502549287, -0.000113429625344], [-0.000560491578653, 0.00575192831457, -0.00409110169858, 0.0027469675988, -0.0040193842724, 0.00424982327968, -0.00392308598384, 0.00491260364652, -0.00441865855828, 0.00435217283666, -0.00461549498141, 0.00358234904706, -0.000672903028317], [0.000701746204868, -0.00409110169858, 0.00550718745217, -0.0046019195579, 0.00317036849447, -0.00334468763322, 0.00276538846083, -0.00319415470585, 0.00232660165057, -0.00103966309689, 0.00118547538295, -0.000835994607769, 0.000956941803452], [-0.00079101335723, 0.0027469675988, -0.0046019195579, 0.00615077978, -0.0037241410464, 0.00180416705552, -0.000675692106597, 0.000942914863117, 0.000402061181376, -0.0022113409359, 0.00131595833227, -0.00129537307657, 0.000196253138711], [0.00074006273644, -0.0040193842724, 0.00317036849447, -0.0037241410464, 0.0088107464835, -0.00298119103536, 0.000449137703981, -0.00128346460406, -0.00111881399062, -0.000577106839046, 0.00045788945863, 8.09971388662e-05, -7.90399190009e-06], [-0.000534317747224, 0.00424982327968, -0.00334468763322, 0.00180416705552, -0.00298119103536, 0.00895936414599, -0.00397823145613, 0.00119775603525, -0.000918708508834, 0.00114234979264, -0.0022987970151, 0.00213208608329, 1.62557364547e-06], [0.000191763872863, -0.00392308598384, 0.00276538846083, -0.000675692106597, 0.000449137703981, -0.00397823145613, 0.00931397639215, -0.00697551295161, 0.00679102633148, -0.00573782157153, 0.00548979081213, -0.00572964735329, 0.00199408340268], [-7.63909847592e-05, 0.00491260364652, -0.00319415470585, 0.000942914863117, -0.00128346460406, 0.00119775603525, -0.00697551295161, 0.0208052527159, -0.0146654676646, 0.01095877029, -0.01140163932, 0.00890278909355, -0.00553534505889], [-0.000301837397274, -0.00441865855828, 0.00232660165057, 0.000402061181376, -0.00111881399062, -0.000918708508834, 0.00679102633148, -0.0146654676646, 0.02401038073, -0.0168433245271, 0.0137711865827, -0.00911326520145, 0.00524031557143], [0.000532812729944, 0.00435217283666, -0.00103966309689, -0.0022113409359, -0.000577106839046, 0.00114234979264, -0.00573782157153, 0.01095877029, -0.0168433245271, 0.0276795532554, -0.0182213187218, 0.0110662681982, -0.00533232744783], [-0.000531575875357, -0.00461549498141, 0.00118547538295, 0.00131595833227, 0.00045788945863, -0.0022987970151, 0.00548979081213, -0.01140163932, 0.0137711865827, -0.0182213187218, 0.0301187802106, -0.0173053629696, 0.00568063091487], [0.000663502549287, 0.00358234904706, -0.000835994607769, -0.00129537307657, 8.09971388662e-05, 0.00213208608329, -0.00572964735329, 0.00890278909355, -0.00911326520145, 0.0110662681982, -0.0173053629696, 0.0275870356709, -0.0086373500526], [-0.000113429625344, -0.000672903028317, 0.000956941803452, 0.000196253138711, -7.90399190009e-06, 1.62557364547e-06, 0.00199408340268, -0.00553534505889, 0.00524031557143, -0.00533232744783, 0.00568063091487, -0.0086373500526, 0.0181632619351]]
    },
    "melbands": {
        "dmean": [0.000500688329339, 0.000913645257242, 0.000644731859211, 0.000340112601407, 0.000219939771341, 0.000224666830036, 0.00024139447487, 0.000226666845265, 0.000256570754573, 0.000190394071979, 0.000154894383741, 0.000100047254818, 9.31214162847e-05, 7.54483044147e-05, 5.71951604798e-05, 3.55231713911e-05, 3.97608637286e-05, 4.72466235806e-05, 3.17492958857e-05, 2.1518289941e-05, 2.55543345702e-05, 1.85429598787e-05, 1.37485358209e-05, 9.10412654775e-06, 7.87341014075e-06, 6.57750933897e-06, 4.66649589725e-06, 3.92449646824e-06, 3.86033025279e-06, 2.32440424952e-06, 2.15987847696e-06, 2.03620038519e-06, 1.48110825648e-06, 1.33694970827e-06, 1.10407006559e-06, 8.9963651817e-07, 5.37775065368e-07, 2.22405518002e-07, 4.50519017647e-08, 3.88723764289e-09],
        "dmean2": [0.000830289791338, 0.00154887582175, 0.00111760746222, 0.000558512343559, 0.00035409029806, 0.000364735256881, 0.000387614156352, 0.00037089860416, 0.000407358515076, 0.000297499995213, 0.000248950760579, 0.000159837392857, 0.000150390391354, 0.000120758966659, 9.16739809327e-05, 5.74627993046e-05, 6.47492997814e-05, 7.7719327237e-05, 5.12497426826e-05, 3.49334732164e-05, 4.13528323406e-05, 3.06577712763e-05, 2.23943188757e-05, 1.45500789586e-05, 1.25692740767e-05, 1.06536344902e-05, 7.51177549319e-06, 6.12526946497e-06, 6.21050412519e-06, 3.59958994522e-06, 3.36165430781e-06, 3.16461773764e-06, 2.25346457228e-06, 2.02163460017e-06, 1.63659763075e-06, 1.35725349537e-06, 8.31644172195e-07, 3.45498108345e-07, 7.17001995554e-08, 6.4274208178e-09],
        "dvar": [7.96811946202e-07, 2.79974801742e-06, 1.90108733022e-06, 3.23197895113e-07, 2.30905129683e-07, 1.82513915092e-07, 3.55291660981e-07, 2.26265314041e-07, 2.58918134932e-07, 1.62422580274e-07, 1.02632206733e-07, 7.58607541229e-08, 4.66518805808e-08, 4.35306048985e-08, 1.64249733814e-08, 5.0790092132e-09, 5.25173948773e-09, 6.09095707205e-09, 3.64890628823e-09, 2.2672990152e-09, 4.2719059401e-09, 1.13033726823e-09, 1.0126769423e-09, 3.59831747732e-10, 2.15402459758e-10, 1.89963655917e-10, 7.06494862612e-11, 7.42239394946e-11, 8.34337321454e-11, 2.56309262009e-11, 1.79683854601e-11, 1.76705299698e-11, 7.36316476541e-12, 6.07087860885e-12, 6.14071857599e-12, 5.46538725735e-12, 3.0829290943e-12, 7.89780242073e-13, 2.34735818158e-14, 1.79451486998e-16],
        "dvar2": [2.09429163078e-06, 7.49736636863e-06, 5.17888156537e-06, 8.41344842684e-07, 5.02623493048e-07, 4.05612354371e-07, 7.90654837601e-07, 5.55039093797e-07, 6.40458495127e-07, 3.77731936396e-07, 2.53118827231e-07, 1.96861236645e-07, 1.18268921767e-07, 1.00616269094e-07, 3.95497501415e-08, 1.26264234623e-08, 1.3402252641e-08, 1.58700323993e-08, 8.89007534255e-09, 5.95563953709e-09, 1.15560592207e-08, 3.05070368967e-09, 2.66708211072e-09, 9.35289179438e-10, 5.60812507544e-10, 5.14213782665e-10, 1.70512659547e-10, 1.62342736476e-10, 2.21305834769e-10, 5.92891916118e-11, 4.09706990556e-11, 4.47816540794e-11, 1.68225520319e-11, 1.3608824137e-11, 1.33786775061e-11, 1.15754532695e-11, 7.09651478206e-12, 1.88268866642e-12, 5.44488025088e-14, 4.57667253874e-16],
        "max": [0.0105967856944, 0.0192206595093, 0.01887139678, 0.0085740685463, 0.0182845443487, 0.0153747396544, 0.0285803116858, 0.00882492866367, 0.0127916121855, 0.0119855757803, 0.00882248207927, 0.00902414880693, 0.00437095202506, 0.00515199638903, 0.00358576700091, 0.00152977451216, 0.00199864106253, 0.0017881533131, 0.00184790056664, 0.00105751631781, 0.0021028155461, 0.000498897861689, 0.0012642465299, 0.000453303568065, 0.000390599045204, 0.000312127522193, 0.000189634214621, 0.000330450886395, 0.000208350116736, 0.00015180974151, 9.89460386336e-05, 0.000127883249661, 5.39700049558e-05, 6.1336591898e-05, 7.30036626919e-05, 6.35983597022e-05, 6.6045911808e-05, 2.8945516533e-05, 5.46901992493e-06, 3.07331333715e-07],
        "mean": [0.000679995806422, 0.00128421292175, 0.000762464303989, 0.000455541099655, 0.000313725497108, 0.000318551581586, 0.000329725124175, 0.000319664599374, 0.000385182240279, 0.000303883425659, 0.000248059455771, 0.000156492140377, 0.000138895047712, 0.000106971274363, 8.34116945043e-05, 5.52428391529e-05, 6.19558995822e-05, 7.31078180252e-05, 5.10488971486e-05, 3.57012249879e-05, 3.94691123802e-05, 3.00015490211e-05, 2.28178068937e-05, 1.50599344124e-05, 1.31582200993e-05, 1.08944641397e-05, 7.86292275734e-06, 6.63577247906e-06, 6.2975345827e-06, 4.02904970542e-06, 3.75226045435e-06, 3.45779494637e-06, 2.52944141721e-06, 2.28913518185e-06, 1.83808379006e-06, 1.36849030241e-06, 7.7174956914e-07, 2.92291190362e-07, 5.69336222611e-08, 4.34143165862e-09],
        "median": [0.000297160324408, 0.000620915554464, 0.000391842622776, 0.000217957305722, 0.000126894534333, 0.000142267192132, 0.00012416014215, 0.000112035195343, 0.000149453277118, 9.69788234215e-05, 6.86969797243e-05, 4.71136154374e-05, 3.88690823456e-05, 2.80010935967e-05, 3.02616044792e-05, 1.99713158509e-05, 2.74562389677e-05, 3.6092409573e-05, 2.0340356059e-05, 1.47657692651e-05, 1.64619395946e-05, 1.3773246792e-05, 1.06958887045e-05, 7.09066262061e-06, 6.50801939628e-06, 5.01501381223e-06, 3.79332686862e-06, 2.57805868387e-06, 2.29732245316e-06, 1.85546707598e-06, 1.7353900148e-06, 1.52721565883e-06, 1.25434314668e-06, 1.08638209895e-06, 7.73329020376e-07, 4.90505442485e-07, 2.50063436624e-07, 7.94903840529e-08, 1.53185766294e-08, 1.00961772276e-09],
        "min": [1.67771198122e-23, 1.86884035678e-23, 5.75890864461e-24, 2.49725673575e-24, 2.07952727631e-24, 6.77794101817e-24, 1.21876375061e-23, 1.10896685549e-23, 7.42401415525e-24, 9.09601983222e-24, 4.39158629278e-24, 7.87113104999e-24, 1.0423200208e-23, 1.98442062785e-23, 1.43105174223e-23, 1.02756911074e-23, 2.05371779853e-23, 1.15672709794e-23, 7.48236935185e-24, 1.48925074438e-23, 7.942720966e-24, 5.0465660639e-24, 5.51602349949e-24, 8.60711224216e-24, 8.13015273936e-24, 6.9700325929e-24, 1.67123637982e-23, 7.24994331904e-24, 5.12380067412e-24, 6.79819344419e-24, 6.96494601778e-24, 9.6888929787e-24, 8.68232302972e-24, 7.95738746795e-24, 6.60636456015e-24, 6.61470360878e-24, 8.24532879811e-24, 7.73817248872e-24, 8.25632078596e-24, 1.02518304316e-23],
        "var": [1.0993263686e-06, 3.26961526298e-06, 1.59412240919e-06, 4.19248266326e-07, 5.94299763179e-07, 3.52694144112e-07, 5.31030536877e-07, 3.48198312849e-07, 4.46887980843e-07, 3.76714268668e-07, 2.53138551898e-07, 1.36495700076e-07, 8.08869700109e-08, 6.98859139447e-08, 2.60712553768e-08, 8.8375280427e-09, 9.28630594643e-09, 1.04094981523e-08, 7.11824688082e-09, 4.16322798458e-09, 7.32890281796e-09, 2.08933603751e-09, 1.89981363974e-09, 6.54213461182e-10, 3.61130764182e-10, 3.11910192119e-10, 1.2778306191e-10, 1.63531910236e-10, 1.60591553944e-10, 4.60744879749e-11, 3.63637522871e-11, 3.32937497016e-11, 1.36681803029e-11, 1.16866620548e-11, 1.08345207805e-11, 9.20867115201e-12, 4.02050918599e-12, 9.36041066706e-13, 2.9547589012e-14, 1.9805287315e-16]
    },
    "mfcc": {
        "mean": [-646.830444336, 131.668930054, -28.9943370819, 29.491853714, -17.7651748657, 16.4339675903, -19.2083129883, 15.9068069458, -9.0103521347, 13.2963266373, -6.67901229858, 5.43903493881, -7.77416992188],
        "cov": [[4969.90380859, 65.5653610229, -222.724609375, 247.052017212, -148.882507324, 171.356170654, -150.873641968, 138.580886841, -107.602935791, 162.32824707, -71.0131912231, 134.743057251, -88.4413452148], [65.5653610229, 854.8359375, 65.8540115356, 138.203399658, 81.6973571777, -33.6628112793, 32.0844421387, 10.9432811737, -3.22539258003, 4.51484298706, 60.2772102356, -13.433262825, 14.3372793198], [-222.724609375, 65.8540115356, 963.973327637, 457.743560791, 273.914733887, 140.222900391, 71.2478561401, 28.8269634247, -12.7541780472, 11.6013422012, 26.7835845947, 48.1867294312, 20.0243606567], [247.052017212, 138.203399658, 457.743560791, 586.524658203, 232.322540283, 119.412734985, 26.4012260437, 12.9146547318, 6.86010694504, 35.3884658813, 24.0751228333, 37.5409622192, 42.165271759], [-148.882507324, 81.6973571777, 273.914733887, 232.322540283, 298.607971191, 63.0347442627, -9.41489982605, -4.51272439957, 15.46621418, 32.5925636292, 27.7620868683, 11.2720079422, 17.8964633942], [171.356170654, -33.6628112793, 140.222900391, 119.412734985, 63.0347442627, 187.631912231, 69.0850753784, 28.0063343048, 13.5050811768, 20.9455680847, 20.5871486664, 17.6688404083, 14.363111496], [-150.873641968, 32.0844421387, 71.2478561401, 26.4012260437, -9.41489982605, 69.0850753784, 191.506088257, 49.3845863342, 18.4474334717, -2.90118002892, 15.1295337677, 7.76760911942, 16.0966033936], [138.580886841, 10.9432811737, 28.8269634247, 12.9146547318, -4.51272439957, 28.0063343048, 49.3845863342, 120.622642517, 23.5248775482, 13.070605278, 10.4860029221, 9.62623119354, 1.65266859531], [-107.602935791, -3.22539258003, -12.7541780472, 6.86010694504, 15.46621418, 13.5050811768, 18.4474334717, 23.5248775482, 111.617538452, 31.5317783356, 13.5624275208, 1.25975215435, 8.19020557404], [162.32824707, 4.51484298706, 11.6013422012, 35.3884658813, 32.5925636292, 20.9455680847, -2.90118002892, 13.070605278, 31.5317783356, 110.685791016, 22.4943313599, 14.4892454147, 5.32508230209], [-71.0131912231, 60.2772102356, 26.7835845947, 24.0751228333, 27.7620868683, 20.5871486664, 15.1295337677, 10.4860029221, 13.5624275208, 22.4943313599, 93.763999939, 21.1155929565, 12.2817878723], [134.743057251, -13.433262825, 48.1867294312, 37.5409622192, 11.2720079422, 17.6688404083, 7.76760911942, 9.62623119354, 1.25975215435, 14.4892454147, 21.1155929565, 79.9554290771, 17.6503562927], [-88.4413452148, 14.3372793198, 20.0243606567, 42.165271759, 17.8964633942, 14.363111496, 16.0966033936, 1.65266859531, 8.19020557404, 5.32508230209, 12.2817878723, 17.6503562927, 78.4712219238]],
