{
"lowlevel": {
    "average_loudness": 0.933357596397,
    "barkbands_crest": {
        "dmean": 2.35160541534,
        "dmean2": 3.84643554688,
        "dvar": 4.85274219513,
        "dvar2": 11.9978761673,
        "max": 23.6573505402,
        "mean": 8.23787307739,
        "median": 7.34669733047,
        "min": 2.25011825562,
        "var": 11.3591823578
    },
    "barkbands_flatness_db": {
        "dmean": 0.0171752758324,
        "dmean2": 0.0266388580203,
        "dvar": 0.000229668468819,
        "dvar2": 0.000519705063198,
        "max": 0.481200903654,
        "mean": 0.122967325151,
        "median": 0.11710844934,
        "min": 0.0300689022988,
        "var": 0.00158972316422
    },
    "barkbands_kurtosis": {
        "dmean": 1.42071259022,
        "dmean2": 2.25860190392,
        "dvar": 4.43161249161,
        "dvar2": 10.7357597351,
        "max": 101.595954895,
        "mean": 1.98012435436,
        "median": 0.988298654556,
        "min": -1.88326728344,
        "var": 20.2822418213
    },
    "barkbands_skewness": {
        "dmean": 0.380760520697,
        "dmean2": 0.596645593643,
        "dvar": 0.133643373847,
        "dvar2": 0.302208155394,
        "max": 7.31612014771,
        "mean": 0.98751449585,
        "median": 1.06374967098,
        "min": -2.33710193634,
        "var": 1.19208049774
    },
    "barkbands_spread": {
        "dmean": 5.39514255524,
        "dmean2": 8.21716785431,
        "dvar": 35.9134178162,
        "dvar2": 78.0040512085,
        "max": 118.228637695,
        "mean": 25.2066574097,
        "median": 24.245470047,
        "min": 0.371986359358,
        "var": 153.466201782
    },
    "dissonance": {
        "dmean": 0.0144754359499,
        "dmean2": 0.0244643390179,
        "dvar": 0.000187705169083,
        "dvar2": 0.000506184296682,
        "max": 0.500000119209,
        "mean": 0.472950547934,
        "median": 0.476958811283,
        "min": 0.311725795269,
        "var": 0.000414558016928
    },
    "dynamic_complexity": 2.75255346298,
    "erbbands_crest": {
        "dmean": 2.1848962307,
        "dmean2": 3.59245181084,
        "dvar": 4.46920776367,
        "dvar2": 11.4336128235,
        "max": 28.2744693756,
        "mean": 7.56109762192,
        "median": 6.66543531418,
        "min": 2.32789254189,
        "var": 14.0304632187
    },
    "erbbands_flatness_db": {
        "dmean": 0.015760127455,
        "dmean2": 0.0217871107161,
        "dvar": 0.000217259526835,
        "dvar2": 0.000377435644623,
        "max": 0.45822840929,
        "mean": 0.161447331309,
        "median": 0.154697462916,
        "min": 0.0608937963843,
        "var": 0.00256857089698
    },
    "erbbands_kurtosis": {
        "dmean": 0.621486902237,
        "dmean2": 0.987897634506,
        "dvar": 0.900893092155,
        "dvar2": 2.05858445168,
        "max": 49.4566612244,
        "mean": 0.0163834895939,
        "median": -0.425381422043,
        "min": -1.75219559669,
        "var": 6.58492422104
    },
    "erbbands_skewness": {
        "dmean": 0.299411207438,
        "dmean2": 0.461321115494,
        "dvar": 0.0773433297873,
        "dvar2": 0.168393805623,
        "max": 5.30784416199,
        "mean": 0.202553480864,
        "median": 0.195732578635,
        "min": -2.84657025337,
        "var": 0.499665260315
    },
    "erbbands_spread": {
        "dmean": 7.61649417877,
        "dmean2": 11.1577138901,
        "dvar": 62.899105072,
        "dvar2": 119.061302185,
        "max": 113.455879211,
        "mean": 41.3707008362,
        "median": 37.8444290161,
        "min": 1.02109253407,
        "var": 361.399536133
    },
    "hfc": {
        "dmean": 6.24738550186,
        "dmean2": 8.86866664886,
        "dvar": 79.305809021,
        "dvar2": 149.601074219,
        "max": 238.244781494,
        "mean": 25.4598007202,
        "median": 22.4461021423,
        "min": 1.06798182242e-16,
        "var": 466.903259277
    },
    "melbands_crest": {
        "dmean": 2.97619891167,
        "dmean2": 4.93721246719,
        "dvar": 7.66634273529,
        "dvar2": 19.7542533875,
        "max": 30.9149398804,
        "mean": 10.7452630997,
        "median": 10.1284341812,
        "min": 1.44626092911,
        "var": 22.3562965393
    },
    "melbands_flatness_db": {
        "dmean": 0.020300289616,
        "dmean2": 0.0310669653118,
        "dvar": 0.000390422123019,
        "dvar2": 0.000829991186038,
        "max": 0.559630990028,
        "mean": 0.146187052131,
        "median": 0.148484796286,
        "min": 0.00155357643962,
        "var": 0.00354437809438
    },
    "melbands_kurtosis": {
        "dmean": 3.59377384186,
        "dmean2": 5.62978839874,
        "dvar": 25.2509365082,
        "dvar2": 61.3642692566,
        "max": 102.944061279,
        "mean": 7.63517570496,
        "median": 4.94973325729,
        "min": -1.75197947025,
        "var": 75.4001617432
    },
    "melbands_skewness": {
        "dmean": 0.523101985455,
        "dmean2": 0.805185437202,
        "dvar": 0.269065052271,
        "dvar2": 0.590997755527,
        "max": 8.23311424255,
        "mean": 2.05622768402,
        "median": 1.9250921011,
        "min": -1.37025702,
        "var": 1.52321064472
    },
    "melbands_spread": {
        "dmean": 7.6149096489,
        "dmean2": 12.034910202,
        "dvar": 83.8003921509,
        "dvar2": 193.12487793,
        "max": 185.803115845,
        "mean": 34.7479629517,
        "median": 25.667881012,
        "min": 0.823609232903,
        "var": 960.240234375
    },
    "pitch_salience": {
        "dmean": 0.0613072738051,
        "dmean2": 0.100189618766,
        "dvar": 0.00298461643979,
        "dvar2": 0.0077874744311,
        "max": 0.96773815155,
        "mean": 0.636692762375,
        "median": 0.638043999672,
        "min": 0.217653974891,
        "var": 0.00909862760454
    },
    "silence_rate_20dB": {
        "dmean": 0,
        "dmean2": 0,
        "dvar": 0,
        "dvar2": 0,
        "max": 1,
        "mean": 1,
        "median": 1,
        "min": 1,
        "var": 0
    },
    "silence_rate_30dB": {
        "dmean": 0.000886132009327,
        "dmean2": 0.0017724604113,
        "dvar": 0.000885336310603,
        "dvar2": 0.00221260776743,
        "max": 1,
        "mean": 0.999224722385,
        "median": 1,
        "min": 0,
        "var": 0.000774671731051
    },
    "silence_rate_60dB": {
        "dmean": 0.0117412498221,
        "dmean2": 0.0234850998968,
        "dvar": 0.0116029037163,
        "dvar2": 0.0258118677884,
        "max": 1,
        "mean": 0.131022259593,
        "median": 0,
        "min": 0,
        "var": 0.113842874765
    },
    "spectral_centroid": {
        "dmean": 278.251953125,
        "dmean2": 433.570831299,
        "dvar": 88110.078125,
        "dvar2": 189663.46875,
        "max": 12033.6845703,
        "mean": 2221.68041992,
        "median": 1588.0892334,
        "min": 317.959838867,
        "var": 6115591.5
    },
    "spectral_complexity": {
        "dmean": 3.87505531311,
        "dmean2": 5.91248464584,
        "dvar": 16.8135929108,
        "dvar2": 35.0149879456,
        "max": 53,
        "mean": 22.6608695984,
        "median": 24,
        "min": 0,
        "var": 137.973754883
    },
    "spectral_decrease": {
        "dmean": 1.6443748585e-09,
        "dmean2": 2.48106735157e-09,
        "dvar": 4.33407072211e-18,
        "dvar2": 9.27797538775e-18,
        "max": 2.13288869102e-28,
        "mean": -6.20916118521e-09,
        "median": -6.27647844809e-09,
        "min": -4.69147813931e-08,
        "var": 1.68758509985e-17
    },
    "spectral_energy": {
        "dmean": 0.00655079493299,
        "dmean2": 0.00982427597046,
        "dvar": 6.82263998897e-05,
        "dvar2": 0.000142984645208,
        "max": 0.186991840601,
        "mean": 0.0257440842688,
        "median": 0.0260327160358,
        "min": 9.74220609825e-21,
        "var": 0.000285761605483
    },
    "spectral_energyband_high": {
        "dmean": 0.000627658271696,
        "dmean2": 0.00088246591622,
        "dvar": 1.41471764437e-06,
        "dvar2": 2.65934477284e-06,
        "max": 0.0374175496399,
        "mean": 0.00148706743494,
        "median": 0.000641016406007,
        "min": 6.9099493744e-21,
        "var": 6.12518670096e-06
    },
    "spectral_energyband_low": {
        "dmean": 0.00303777307272,
        "dmean2": 0.0047146785073,
        "dvar": 2.15563868551e-05,
        "dvar2": 5.09867422807e-05,
        "max": 0.0555687323213,
        "mean": 0.0053560254164,
        "median": 0.00338941626251,
        "min": 6.16284960429e-24,
        "var": 4.08186278946e-05
    },
    "spectral_energyband_middle_high": {
        "dmean": 0.00162020989228,
        "dmean2": 0.0024504554458,
        "dvar": 4.02699015467e-06,
        "dvar2": 9.36117248784e-06,
        "max": 0.0524387322366,
        "mean": 0.00619922252372,
        "median": 0.00495877023786,
        "min": 1.09533132217e-21,
        "var": 3.04061850329e-05
    },
    "spectral_energyband_middle_low": {
        "dmean": 0.00449213199317,
        "dmean2": 0.00698852911592,
        "dvar": 4.23418241553e-05,
        "dvar2": 8.95586636034e-05,
        "max": 0.173790827394,
        "mean": 0.0134422983974,
        "median": 0.0124628413469,
        "min": 1.26990323651e-22,
        "var": 0.000121340359328
    },
    "spectral_entropy": {
        "dmean": 0.119422666728,
        "dmean2": 0.171241775155,
        "dvar": 0.0154199525714,
        "dvar2": 0.0275802314281,
        "max": 9.82768917084,
        "mean": 7.89341878891,
        "median": 7.79478168488,
        "min": 4.40398836136,
        "var": 0.372984677553
    },
    "spectral_flux": {
        "dmean": 0.0181708876044,
        "dmean2": 0.0292599573731,
        "dvar": 0.000400126329623,
        "dvar2": 0.00098820135463,
        "max": 0.328189969063,
        "mean": 0.0852262526751,
        "median": 0.0885616764426,
        "min": 6.15716158614e-11,
        "var": 0.00188152818009
    },
    "spectral_kurtosis": {
        "dmean": 1.14288771152,
        "dmean2": 1.91528260708,
        "dvar": 2.21468758583,
        "dvar2": 6.21593141556,
        "max": 82.0779342651,
        "mean": 2.79218173027,
        "median": 2.48192834854,
        "min": -1.27808403969,
        "var": 11.8380231857
    },
    "spectral_rms": {
        "dmean": 0.00058730103774,
        "dmean2": 0.000872385106049,
        "dvar": 4.16157348582e-07,
        "dvar2": 8.4051197291e-07,
        "max": 0.0135067040101,
        "mean": 0.00456304941326,
        "median": 0.00503962021321,
        "min": 3.08295164571e-12,
        "var": 4.29484407505e-06
    },
    "spectral_rolloff": {
        "dmean": 545.032043457,
        "dmean2": 904.756896973,
        "dvar": 622027,
        "dvar2": 1336704,
        "max": 19616.7480469,
        "mean": 3014.04345703,
        "median": 1679.58984375,
        "min": 172.265625,
        "var": 20085502
    },
    "spectral_skewness": {
        "dmean": 0.17953132093,
        "dmean2": 0.283682912588,
        "dvar": 0.0324267707765,
        "dvar2": 0.0792043358088,
        "max": 7.60844993591,
        "mean": 1.16296100616,
        "median": 1.19756019115,
        "min": -0.106071956456,
        "var": 0.278551250696
    },
    "spectral_spread": {
        "dmean": 515484.9375,
        "dmean2": 720543.75,
        "dvar": 469792849920,
        "dvar2": 918465544192,
        "max": 42820116,
        "mean": 6875671,
        "median": 4180930.25,
        "min": 1111076.125,
        "var": 8.60800197591e+13
    },
    "spectral_strongpeak": {
        "dmean": 0.531583726406,
        "dmean2": 0.911748170853,
        "dvar": 0.666510999203,
        "dvar2": 1.71763432026,
        "max": 11.9065847397,
        "mean": 0.927028417587,
        "median": 0.560515284538,
        "min": 0,
        "var": 1.27045738697
    },
    "zerocrossingrate": {
        "dmean": 0.0101072276011,
        "dmean2": 0.0122293168679,
        "dvar": 0.000143336030305,
        "dvar2": 0.000169670063769,
        "max": 0.7822265625,
        "mean": 0.101263552904,
        "median": 0.06982421875,
        "min": 0.01220703125,
        "var": 0.0128220012411
    },
    "barkbands": {
        "dmean": [7.84849835327e-05, 0.00246634916402, 0.000921064522117, 0.000845203874633, 0.0029085429851, 0.00123347598128, 0.000944213825278, 0.000906603818294, 0.000778691726737, 0.000579872459639, 0.000343921681633, 0.000380351411877, 0.000394332339056, 0.000403301295592, 0.00034458382288, 0.000309673079755, 0.00025533666485, 0.000150857478729, 0.000269936572295, 0.000237345564528, 0.000178993723239, 0.000174143031472, 0.000150532636326, 9.15677446756e-05, 4.11171495216e-05, 1.2834084373e-05, 2.28711147798e-08],
        "dmean2": [0.00013061107893, 0.00375321111642, 0.0015528955264, 0.00143961072899, 0.00458706263453, 0.00200599734671, 0.00150347372983, 0.00142630108166, 0.00122902414296, 0.000923860352486, 0.000552257406525, 0.000614893622696, 0.000637970340904, 0.000653414521366, 0.000554420927074, 0.000497981440276, 0.000414143578382, 0.000244863826083, 0.000428960309364, 0.000382084224839, 0.000276460516034, 0.000255297927652, 0.000214812840568, 0.000132457425934, 5.85445050092e-05, 1.91981507669e-05, 4.02266024935e-08],
        "dvar": [1.25690267083e-08, 1.82662406587e-05, 2.54715791925e-06, 1.74680963028e-06, 3.02783846564e-05, 3.62165064871e-06, 3.77456990464e-06, 5.74171281187e-06, 2.37849212681e-06, 1.22041365103e-06, 4.34793321347e-07, 8.72150280884e-07, 7.65231050082e-07, 5.92197523019e-07, 5.5145017086e-07, 3.1116829291e-07, 2.0762077213e-07, 7.79332864909e-08, 2.26044932106e-07, 1.88279742019e-07, 1.55302487315e-07, 1.4381571134e-07, 1.5240958362e-07, 3.65453409756e-08, 8.72170069499e-09, 1.11874809416e-09, 2.47495590238e-14],
        "dvar2": [3.32790328628e-08, 4.07122133765e-05, 6.80123412167e-06, 4.8733386393e-06, 6.47719280096e-05, 9.54037204792e-06, 8.33360809338e-06, 1.25864326037e-05, 5.37182086191e-06, 2.98955410472e-06, 1.03768570625e-06, 2.22461926569e-06, 1.90468745132e-06, 1.40936140269e-06, 1.27928512939e-06, 7.57368468385e-07, 5.21591687175e-07, 1.95072743736e-07, 5.36303218723e-07, 4.77261266951e-07, 3.59395443184e-07, 3.01303884953e-07, 3.15918526894e-07, 7.38650669518e-08, 1.77431918047e-08, 2.3430690721e-09, 6.95320740546e-14],
        "max": [0.00162516662385, 0.04721236974, 0.0231087077409, 0.0197395980358, 0.0888645127416, 0.0673281624913, 0.082950912416, 0.133327841759, 0.0467052683234, 0.0276912301779, 0.0157946273685, 0.0386459492147, 0.0368682220578, 0.0142899127677, 0.026913523674, 0.0124314259738, 0.00991661380976, 0.00657707406208, 0.0107144927606, 0.0128792561591, 0.0113138463348, 0.0121539263055, 0.01595919393, 0.00559128494933, 0.00271620764397, 0.00112982699648, 8.11441077531e-06],
        "mean": [9.83486970654e-05, 0.00336083886214, 0.00130059127696, 0.00128288846463, 0.00478103524074, 0.00259344070219, 0.00169217982329, 0.00148446206003, 0.0013306888286, 0.00102059775963, 0.000556269893423, 0.000711452041287, 0.000702862627804, 0.000635244534351, 0.000586359703448, 0.000603715307079, 0.000490591337439, 0.000297337013762, 0.00052321102703, 0.000446092541097, 0.000343737134244, 0.00035333292908, 0.000293049582979, 0.000171020379639, 6.82752361172e-05, 1.64761386259e-05, 1.83344504023e-08],
        "median": [4.63097640022e-05, 0.00144315266516, 0.00065146596171, 0.000741096329875, 0.00267447880469, 0.00176857830957, 0.000928871391807, 0.000621853047051, 0.000592849915847, 0.000436596455984, 0.000235012354096, 0.000242906651692, 0.000238517532125, 0.00029535125941, 0.000263002730208, 0.000306767993607, 0.000275108701317, 0.000164453245816, 0.000271854660241, 0.000235837665969, 0.000144222169183, 0.000137947223266, 0.000103460610262, 4.64889781142e-05, 1.39125322676e-05, 2.47528487307e-06, 5.2158233288e-10],
        "min": [2.28732216273e-25, 1.38141860595e-24, 2.86781951142e-25, 4.75588031131e-26, 4.09634957698e-24, 6.4401862773e-24, 4.73357445571e-24, 3.6456899079e-24, 4.80858250602e-24, 6.12320618836e-24, 8.58612775322e-24, 1.30605223529e-23, 2.32002966706e-23, 1.88944934793e-23, 4.15231136959e-23, 5.10077871524e-23, 5.21969255472e-23, 8.710549104e-23, 8.81534769753e-23, 1.44197677157e-22, 2.04340318975e-22, 2.75484263516e-22, 3.35036648051e-22, 5.13262389402e-22, 7.38000909582e-22, 1.21868553979e-21, 1.84005054988e-21],
        "var": [1.83513577667e-08, 2.74052745226e-05, 3.36911307386e-06, 2.66056758846e-06, 4.8672191042e-05, 8.83658776729e-06, 7.41692610973e-06, 9.96959897748e-06, 5.18452816323e-06, 2.80300901068e-06, 9.3037743909e-07, 3.09422944156e-06, 3.17390163218e-06, 1.0413060636e-06, 1.15627392461e-06, 9.29559462293e-07, 5.01684553456e-07, 1.78735277245e-07, 5.7381254237e-07, 4.17852618284e-07, 4.09806062862e-07, 4.48133306463e-07, 3.7831242139e-07, 1.09730869724e-07, 2.09932551343e-08, 2.121959497e-09, 2.93303826593e-14]
    },
    "erbbands": {
        "dmean": [0.0751053988934, 0.559341073036, 1.02488553524, 1.90119588375, 8.01691246033, 9.4986448288, 10.355096817, 9.92238807678, 12.6661977768, 15.3738718033, 19.4043731689, 17.60912323, 17.0221786499, 17.2947921753, 12.7138700485, 14.7263221741, 16.6110038757, 19.1165122986, 18.8146114349, 14.8137340546, 16.7239818573, 12.0172319412, 7.98515033722, 9.6850566864, 14.3576040268, 11.0859804153, 8.55575752258, 6.52263593674, 6.44014883041, 5.36404323578, 4.2886390686, 2.44383907318, 1.28061687946, 0.5070733428, 0.28788203001, 0.0930228978395, 0.0164685528725, 0.000869398820214, 2.44821185333e-05, 9.02969895833e-06],
        "dmean2": [0.116236388683, 0.856308937073, 1.70689153671, 3.2248737812, 12.6558799744, 15.3545732498, 16.9649791718, 16.2032394409, 20.2543754578, 23.9936904907, 30.5204906464, 27.6851596832, 26.6115169525, 27.3780899048, 20.2825756073, 23.6513252258, 26.8949508667, 30.4969596863, 29.9574127197, 23.6562480927, 26.8483123779, 19.4244823456, 12.9274301529, 15.4452800751, 22.7246246338, 17.7038803101, 13.6861972809, 9.93685150146, 9.41613483429, 7.77713632584, 6.29535913467, 3.55146622658, 1.90139651299, 0.728083789349, 0.417972296476, 0.137470781803, 0.0245942883193, 0.00132038840093, 3.51791095454e-05, 1.30672178784e-05],
        "dvar": [0.0168839525431, 0.978693127632, 3.10439753532, 9.04740905762, 297.332397461, 299.059204102, 282.357543945, 250.528579712, 668.678894043, 1299.53613281, 2020.76318359, 1463.14660645, 1191.35766602, 1088.55932617, 627.178466797, 1531.20336914, 1591.13037109, 1222.19433594, 1887.10827637, 819.333435059, 847.45715332, 411.475830078, 186.177108765, 268.057861328, 725.312561035, 412.605712891, 462.953033447, 163.16065979, 197.26083374, 155.089035034, 148.95123291, 28.4185752869, 7.33582258224, 1.19690191746, 0.501259565353, 0.0447957739234, 0.00324465497397, 1.92212592083e-05, 7.03285873982e-09, 1.52990342617e-10],
        "dvar2": [0.0390364304185, 2.18760466576, 8.1625623703, 25.1155433655, 622.221679688, 736.942749023, 709.750976562, 660.010009766, 1546.484375, 2801.0222168, 4456.609375, 3312.37426758, 2732.73291016, 2729.54418945, 1488.62145996, 3978.39648438, 4100.86621094, 2878.61547852, 4485.99169922, 1977.46252441, 2066.65283203, 1039.06201172, 469.465209961, 635.855834961, 1755.73449707, 1032.90246582, 1136.48327637, 359.321075439, 429.999969482, 298.085693359, 323.969177246, 58.6715126038, 15.5456619263, 2.39191102982, 1.06387686729, 0.0947257354856, 0.00688689621165, 4.29455794801e-05, 1.48130760991e-08, 2.89352070082e-10],
        "max": [1.52157533169, 10.787229538, 25.0071201324, 39.3895988464, 281.218322754, 326.660339355, 608.184936523, 361.349395752, 1014.68780518, 1430.49023438, 1732.43591309, 1385.34521484, 983.552246094, 852.462890625, 647.711791992, 1695.29406738, 2030.45605469, 812.735290527, 1337.25402832, 796.388183594, 823.579040527, 596.163269043, 307.593536377, 358.163665771, 668.862609863, 570.552062988, 706.822875977, 309.701293945, 449.497253418, 337.854675293, 578.572875977, 134.960601807, 81.8799209595, 36.468914032, 16.5109806061, 6.23199605942, 1.85238194466, 0.211163431406, 0.00382625847124, 0.000297606486129],
        "mean": [0.0917333513498, 0.76742631197, 1.53883683681, 3.19564604759, 10.8004875183, 15.1867485046, 20.9140453339, 19.8947048187, 23.3760471344, 27.2514038086, 32.5897789001, 30.2776222229, 31.7703208923, 31.7325553894, 24.4822807312, 29.1859149933, 32.631652832, 34.1609840393, 32.6499595642, 29.535987854, 34.9788856506, 26.1707763672, 17.349615097, 19.685049057, 27.8045330048, 21.2089748383, 16.0895671844, 13.032491684, 12.7872915268, 10.6765403748, 8.09828567505, 4.47394180298, 2.35201048851, 0.906910002232, 0.4303175807, 0.126907259226, 0.0200920570642, 0.00101257336792, 4.59726106783e-05, 3.5353587009e-05],
        "median": [0.0382441990077, 0.299384951591, 0.836235761642, 2.06006097794, 4.43362236023, 8.5103521347, 12.784154892, 13.3385715485, 13.3229837418, 13.5759067535, 14.7334070206, 13.7560882568, 14.6643629074, 14.9782428741, 11.5176277161, 10.7690839767, 12.1071214676, 16.6922931671, 15.6932563782, 15.2501316071, 18.5925045013, 16.0209350586, 10.6064920425, 11.109372139, 14.6980199814, 11.1556243896, 6.57994842529, 5.94881248474, 4.94751739502, 3.86058211327, 2.67248678207, 1.32331860065, 0.577076494694, 0.197592884302, 0.0766351521015, 0.0233440771699, 0.00194895802997, 6.21119979769e-05, 2.17838314711e-05, 3.37858946295e-05],
        "min": [3.60215661885e-23, 2.36569136595e-22, 9.94062685548e-22, 2.30687950092e-21, 1.9562997182e-21, 1.58150583863e-20, 2.56616693797e-20, 5.45949220925e-20, 9.06547105987e-20, 1.03787107552e-19, 1.4268737612e-19, 1.02069021108e-19, 3.29566747219e-19, 7.05670624002e-19, 6.17048716221e-19, 6.53490416601e-19, 1.10724018652e-18, 1.17015347596e-18, 1.96851842469e-18, 2.41121783711e-18, 3.01607153296e-18, 4.32826474139e-18, 5.05449747276e-18, 4.63820890333e-18, 5.09014688921e-18, 7.29686127707e-18, 7.2712434935e-18, 8.89794462611e-18, 8.67369182614e-18, 9.62725322858e-18, 9.68144927513e-18, 9.90045030539e-18, 8.28729342814e-18, 7.00379366759e-18, 5.39769057301e-18, 3.61943795807e-18, 2.11411027751e-18, 8.61113991123e-19, 2.3353288756e-19, 2.60368555642e-20],
        "var": [0.021834589541, 1.48218202591, 4.37700986862, 13.7924890518, 413.259399414, 456.071533203, 806.61706543, 571.202087402, 1310.13793945, 2400.40014648, 3870.13134766, 2951.68139648, 2826.85180664, 2590.92138672, 1705.98388672, 5252.7421875, 8170.04589844, 2657.75537109, 3239.01220703, 2221.66894531, 2932.78735352, 1174.18457031, 486.750640869, 700.113952637, 1728.28393555, 934.085083008, 1049.32617188, 489.175811768, 644.208007812, 416.856384277, 337.493591309, 76.5478134155, 21.8733959198, 3.37946987152, 0.967233181, 0.0891482308507, 0.00555040501058, 3.0067658372e-05, 1.3845819602e-08, 6.78436029578e-10]
    },
    "gfcc": {
        "mean": [-69.8470916748, 88.6592788696, -134.220794678, 41.444644928, -71.7985687256, 14.268122673, -40.3115272522, 4.31903505325, -18.1273078918, -0.653192937374, -10.0763559341, -3.58401918411, -2.50605893135],
        "cov": [[93102.2578125, 6928.59716797, -9585.08886719, 4178.92675781, -5720.68896484, 1432.91845703, -3271.46435547, 607.114013672, -1720.4197998, 209.414978027, -1106.97167969, -226.089889526, -479.526519775], [6928.59716797, 1605.39013672, -704.656616211, 336.997711182, -333.051818848, -101.379676819, -198.76473999, -17.6647071838, 9.84115982056, -52.3259239197, 35.9121017456, -91.3115005493, 45.3738059998], [-9585.08886719, -704.656616211, 2468.68945312, 36.0369949341, 789.700683594, -87.6597137451, 315.335998535, 33.0889663696, 118.598640442, 123.81010437, -9.46249675751, 78.4514007568, -42.4815330505], [4178.92675781, 336.997711182, 36.0369949341, 547.328857422, -169.34173584, 86.1259460449, -163.132492065, 42.2894058228, -47.9979362488, 28.400812149, -66.7120819092, -12.7786359787, -16.2781448364], [-5720.68896484, -333.051818848, 789.700683594, -169.34173584, 562.645996094, -67.584815979, 230.882949829, 7.0347328186, 114.633163452, 20.4651451111, 44.5934295654, 27.9951915741, 14.6617431641], [1432.91845703, -101.379676819, -87.6597137451, 86.1259460449, -67.584815979, 215.47303772, 12.815073967, 48.1991119385, -61.0862312317, 13.9256839752, -41.5645179749, 6.71688604355, -29.3672428131], [-3271.46435547, -198.76473999, 315.335998535, -163.132492065, 230.882949829, 12.815073967, 284.892608643, 20.5932502747, 57.793094635, -5.73785495758, 51.4537086487, 6.80586719513, 5.07180404663], [607.114013672, -17.6647071838, 33.0889663696, 42.2894058228, 7.0347328186, 48.1991119385, 20.5932502747, 101.386238098, 4.47837591171, 31.9778366089, -28.3695030212, 13.8504199982, -20.2000904083], [-1720.4197998, 9.84115982056, 118.598640442, -47.9979362488, 114.633163452, -61.0862312317, 57.793094635, 4.47837591171, 148.289199829, 3.93849515915, 47.1228942871, -9.7663192749, 37.1267738342], [209.414978027, -52.3259239197, 123.81010437, 28.400812149, 20.4651451111, 13.9256839752, -5.73785495758, 31.9778366089, 3.93849515915, 98.3399505615, -10.2518968582, 21.5271072388, -23.0077285767], [-1106.97167969, 35.9121017456, -9.46249675751, -66.7120819092, 44.5934295654, -41.5645179749, 51.4537086487, -28.3695030212, 47.1228942871, -10.2518968582, 103.888946533, 3.88384866714, 28.5659332275], [-226.089889526, -91.3115005493, 78.4514007568, -12.7786359787, 27.9951915741, 6.71688604355, 6.80586719513, 13.8504199982, -9.7663192749, 21.5271072388, 3.88384866714, 76.589225769, 12.0970783234], [-479.526519775, 45.3738059998, -42.4815330505, -16.2781448364, 14.6617431641, -29.3672428131, 5.07180404663, -20.2000904083, 37.1267738342, -23.0077285767, 28.5659332275, 12.0970783234, 78.8644790649]],
        "icov": [[0.000308435846819, -0.000720101990737, 0.00067141657928, -0.00106068572495, 0.000873180571944, -0.000576842692681, 0.000661991827656, -0.000891960109584, 0.0010786850471, -0.000951424939558, 0.000974032271188, -0.000743324053474, 0.000760109396651], [-0.000720101990737, 0.00274430797435, -0.00128916383255, 0.00164489680901, -0.00190956483129, 0.00224857474677, -0.00162918085698, 0.00172203278635, -0.0024363216944, 0.00230062403716, -0.00286973966286, 0.00259747821838, -0.00211499002762], [0.00067141657928, -0.00128916383255, 0.00251216208562, -0.00315799773671, 0.000646405736916, -0.00058551057009, 0.000833702797536, -0.00147759087849, 0.00238543888554, -0.0027496451512, 0.00258910190314, -0.00204971875064, 0.00220671109855], [-0.00106068572495, 0.00164489680901, -0.00315799773671, 0.0072563374415, -0.00221380428411, 0.000104056292912, -0.000392739399103, 0.00212700944394, -0.00385278766043, 0.00318154413253, -0.0028880671598, 0.00300014624372, -0.00325087155215], [0.000873180571944, -0.00190956483129, 0.000646405736916, -0.00221380428411, 0.00746210338548, -0.00123101728968, 9.39256642596e-05, -0.00259759486653, 0.0013091819128, -0.00235948292539, 0.00292111397721, -0.00249126460403, 0.00180150463711], [-0.000576842692681, 0.00224857474677, -0.00058551057009, 0.000104056292912, -0.00123101728968, 0.00881220959127, -0.0035815378651, -0.000548691197764, 0.000315459998092, 0.00138890650123, -0.000988702871837, 0.00156665558461, -0.00112042913679], [0.000661991827656, -0.00162918085698, 0.000833702797536, -0.000392739399103, 9.39256642596e-05, -0.0035815378651, 0.00898485537618, -0.00431115180254, 0.00196942337789, -0.000491742626764, -0.00104533787817, -0.000469248043373, 0.00167733256239], [-0.000891960109584, 0.00172203278635, -0.00147759087849, 0.00212700944394, -0.00259759486653, -0.000548691197764, -0.00431115180254, 0.0176763273776, -0.00652344617993, -0.000344822998159, 0.00172657065559, -0.00148988724686, 0.000885865010787], [0.0010786850471, -0.0024363216944, 0.00238543888554, -0.00385278766043, 0.0013091819128, 0.000315459998092, 0.00196942337789, -0.00652344617993, 0.01573234424, -0.00515178591013, -0.000105766906927, 0.00155938602984, -0.00258334330283], [-0.000951424939558, 0.00230062403716, -0.0027496451512, 0.00318154413253, -0.00235948292539, 0.00138890650123, -0.000491742626764, -0.000344822998159, -0.00515178591013, 0.0168988686055, -0.00390182458796, -0.00138819776475, 0.00194759631995], [0.000974032271188, -0.00286973966286, 0.00258910190314, -0.0028880671598, 0.00292111397721, -0.000988702871837, -0.00104533787817, 0.00172657065559, -0.000105766906927, -0.00390182458796, 0.0182858295739, -0.00488353567198, 0.00100749870762], [-0.000743324053474, 0.00259747821838, -0.00204971875064, 0.00300014624372, -0.00249126460403, 0.00156665558461, -0.000469248043373, -0.00148988724686, 0.00155938602984, -0.00138819776475, -0.00488353567198, 0.019776687026, -0.00820765458047], [0.000760109396651, -0.00211499002762, 0.00220671109855, -0.00325087155215, 0.00180150463711, -0.00112042913679, 0.00167733256239, 0.000885865010787, -0.00258334330283, 0.00194759631995, 0.00100749870762, -0.00820765458047, 0.0210815295577]]
    },
    "melbands": {
        "dmean": [0.000686968211085, 0.000558436091524, 0.000436039175838, 0.00069380766945, 0.000350754329702, 0.000223134993576, 0.000192078805412, 0.000171840467374, 0.000153474757099, 0.000113889975182, 8.70114236022e-05, 7.39674142096e-05, 4.58401664218e-05, 4.45793048129e-05, 3.56659329555e-05, 4.14666355937e-05, 3.75887138944e-05, 3.29307331413e-05, 2.39000091824e-05, 2.08233304875e-05, 2.25530002353e-05, 1.51538606588e-05, 9.44912972045e-06, 7.28844815967e-06, 8.50218930282e-06, 1.23695190268e-05, 8.67564449436e-06, 7.9769297372e-06, 6.18701824351e-06, 4.89101648782e-06, 3.81861764254e-06, 3.8738735384e-06, 3.61394791071e-06, 3.04686614072e-06, 2.69804468189e-06, 2.13181147046e-06, 1.35938216772e-06, 1.0135310049e-06, 6.53760253044e-07, 4.00730357342e-07],
        "dmean2": [0.00103703944478, 0.000896999321412, 0.000716207490768, 0.00109556561802, 0.00057763204677, 0.000363079976523, 0.000306440255372, 0.000267637165962, 0.000240634093643, 0.00017976561503, 0.000136328540975, 0.000117393181426, 7.34012792236e-05, 7.19556337572e-05, 5.7351327996e-05, 6.66920168442e-05, 6.01576612098e-05, 5.28400050825e-05, 3.82108519261e-05, 3.33843636326e-05, 3.66481290257e-05, 2.47283169301e-05, 1.55059842655e-05, 1.17573817988e-05, 1.37204051498e-05, 1.97834069695e-05, 1.38091099871e-05, 1.30025600811e-05, 1.01164250736e-05, 7.83062660048e-06, 5.94285029365e-06, 5.8101563809e-06, 5.46848968952e-06, 4.47556612926e-06, 4.02103569286e-06, 3.18831212098e-06, 2.0219504222e-06, 1.52106917994e-06, 9.6468988886e-07, 5.93166873841e-07],
        "dvar": [1.42137810144e-06, 8.18346052256e-07, 4.70361328553e-07, 2.09942663787e-06, 2.77889768086e-07, 1.19723395642e-07, 1.55334078045e-07, 1.91321163356e-07, 1.15884965624e-07, 5.75128389357e-08, 3.06223206792e-08, 2.02192982357e-08, 7.60891349927e-09, 1.30230519702e-08, 6.22278140128e-09, 7.99185162492e-09, 5.04012565017e-09, 6.06865979691e-09, 2.71979927469e-09, 1.71243541569e-09, 1.7039977207e-09, 7.39273697814e-10, 3.00612701398e-10, 2.40826164566e-10, 2.25309729207e-10, 5.76518000006e-10, 2.19568543902e-10, 2.62544930241e-10, 2.56716398139e-10, 1.1209443096e-10, 6.34982483261e-11, 7.09716105329e-11, 7.25302595761e-11, 5.09721882758e-11, 6.83834100457e-11, 2.51700552761e-11, 8.92976925043e-12, 5.0473696403e-12, 1.83755116158e-12, 8.5654313503e-13],
        "dvar2": [3.15765532832e-06, 2.0439799755e-06, 1.13649787181e-06, 4.48943637821e-06, 7.12647874934e-07, 3.12949225645e-07, 3.52952611138e-07, 4.14039078578e-07, 2.53747771239e-07, 1.30204426796e-07, 7.02601141711e-08, 5.07998620947e-08, 1.81099135688e-08, 3.39631789359e-08, 1.52330450476e-08, 1.93137150717e-08, 1.17608873751e-08, 1.47016372409e-08, 6.27009111298e-09, 4.24088542061e-09, 4.1541641238e-09, 1.87002013874e-09, 7.62949314836e-10, 6.08741612673e-10, 5.34417232689e-10, 1.38103306568e-09, 5.2281529106e-10, 6.82031209287e-10, 6.44290620855e-10, 2.66483501932e-10, 1.46501852316e-10, 1.63564092825e-10, 1.558108087e-10, 1.03049811739e-10, 1.50705337099e-10, 5.72197740578e-11, 1.87663929535e-11, 1.13030539789e-11, 3.82321908507e-12, 1.85342409822e-12],
        "max": [0.0136344349012, 0.0123201292008, 0.00908145401627, 0.0233997702599, 0.0159556958824, 0.00782530102879, 0.0171844363213, 0.0226653683931, 0.0115362927318, 0.00761240534484, 0.0050098747015, 0.00355762895197, 0.00255437730812, 0.00544735882431, 0.00297530810349, 0.00366091961041, 0.00159321620595, 0.00216675759293, 0.00167435058393, 0.0011407781858, 0.00135003041942, 0.000787743134424, 0.000445789133664, 0.000423821678851, 0.000339527643519, 0.000586276350077, 0.000359514582669, 0.000536417996045, 0.000459959148429, 0.000339458929375, 0.000201825168915, 0.000243436297751, 0.000253658363363, 0.000190987047972, 0.000392048881622, 0.000141149488627, 8.64831381477e-05, 7.59800896049e-05, 3.28120368067e-05, 3.02324970107e-05],
        "mean": [0.000897952239029, 0.00089948187815, 0.000736306596082, 0.00100223440677, 0.000718146038707, 0.000459613074781, 0.000354396383045, 0.000301964726532, 0.000253561505815, 0.000191140992683, 0.000157386690262, 0.000130699176225, 8.04107694421e-05, 8.26434552437e-05, 6.51240188745e-05, 7.48547827243e-05, 6.11021387158e-05, 5.21182264492e-05, 4.18294875999e-05, 3.79407501896e-05, 4.25982798333e-05, 2.91721989925e-05, 1.81191589945e-05, 1.37640045068e-05, 1.54263270815e-05, 2.21298632823e-05, 1.62392407219e-05, 1.3755393411e-05, 1.07838041004e-05, 8.31913894217e-06, 7.27633005226e-06, 7.29875409888e-06, 6.63196715323e-06, 5.6420931287e-06, 4.86903945784e-06, 3.65156756743e-06, 2.36431151279e-06, 1.75363868493e-06, 1.14398937967e-06, 6.49210278425e-07],
        "median": [0.000385254388675, 0.000486232544063, 0.00046395350364, 0.000473366235383, 0.000470978557132, 0.000311682961183, 0.000203733026865, 0.000144503341289, 0.000112751033157, 8.20636196295e-05, 6.94371919963e-05, 5.82618413318e-05, 3.62226383004e-05, 2.826934724e-05, 2.29019169637e-05, 2.70546952379e-05, 2.8094415029e-05, 2.32349557336e-05, 1.92617553694e-05, 1.93207524717e-05, 2.12655068026e-05, 1.64712582773e-05, 1.04791033664e-05, 7.41721896702e-06, 7.73857027525e-06, 1.06019606392e-05, 9.01693692867e-06, 6.44088686386e-06, 3.7986173993e-06, 3.33882189807e-06, 3.22126697938e-06, 2.87823240797e-06, 2.11934047911e-06, 1.98488714886e-06, 1.5431249949e-06, 1.06997549665e-06, 6.7430062245e-07, 4.13250319298e-07, 2.56291997403e-07, 1.26448725268e-07],
        "min": [4.97328236492e-25, 6.29746082916e-25, 5.6190848241e-25, 3.74750172614e-25, 7.98579671573e-25, 9.63435231901e-25, 1.38674410731e-24, 1.08580520906e-24, 9.08282021712e-25, 6.32627052246e-25, 1.38886486125e-24, 2.38869606456e-24, 1.49044095799e-24, 1.67001893078e-24, 1.61278657907e-24, 2.39560293621e-24, 1.4990789849e-24, 2.11253262493e-24, 2.58014491486e-24, 3.08096607953e-24, 2.70805141368e-24, 3.05385411351e-24, 2.37644189926e-24, 2.25011430554e-24, 2.96739160564e-24, 3.15569704245e-24, 3.60818036072e-24, 3.89685967025e-24, 3.80802604371e-24, 4.31808851667e-24, 4.48313557299e-24, 3.92796208916e-24, 4.0995413082e-24, 4.11576344385e-24, 4.23844827513e-24, 3.37359008802e-24, 4.74317568178e-24, 5.01073915703e-24, 4.7641262497e-24, 4.94699051842e-24],
        "var": [2.0377308374e-06, 1.36487074087e-06, 7.96841732154e-07, 2.9899645142e-06, 7.74755903876e-07, 2.85193294758e-07, 3.05781611587e-07, 3.35241480798e-07, 2.25611572091e-07, 1.18634538637e-07, 7.219674103e-08, 4.75650985265e-08, 1.80721126952e-08, 4.27245119283e-08, 2.59517776158e-08, 3.39412657979e-08, 9.88497017573e-09, 9.30570998037e-09, 6.16739903592e-09, 3.93829546752e-09, 5.31348121058e-09, 1.82919357439e-09, 6.88156975848e-10, 4.69371597145e-10, 5.30204491422e-10, 1.32526312147e-09, 5.00625096933e-10, 5.10762931949e-10, 5.85371084938e-10, 2.24416790706e-10, 1.66724328787e-10, 2.06477474007e-10, 1.88561027903e-10, 1.20684628957e-10, 1.42087591692e-10, 5.53461304564e-11, 2.26978279921e-11, 1.35234419149e-11, 4.93736171739e-12, 2.00176572367e-12]
    },
    "mfcc": {
        "mean": [-650.8125, 99.4471893311, -7.10217189789, 19.382101059, -6.25124549866, 4.45946073532, -9.40123844147, 0.933056533337, -4.99683761597, 2.89471650124, -4.79138660431, -1.7552472353, -1.22918772697],
        "cov": [[23901.4882812, 3425.22900391, 471.309539795, 1321.69042969, -77.2059249878, 437.321502686, -145.347412109, 143.041900635, -97.4497528076, 283.656341553, -151.084411621, -76.7257385254, 3.00246500969], [3425.22900391, 1647.82678223, -37.7943954468, 311.965087891, -0.9685074687, -23.4938430786, -90.357673645, -6.5803194046, -43.9647102356, 40.962223053, 7.26913833618, -2.51995229721, 4.64835500717], [471.309539795, -37.7943954468, 926.590820312, 352.313140869, 205.932571411, 94.5842819214, 46.6127319336, -19.9706687927, 45.61328125, 27.3354091644, 11.1903553009, -3.6086602211, 2.25546813011], [1321.69042969, 311.965087891, 352.313140869, 422.093353271, 145.919647217, 44.6642341614, -25.8561172485, -7.00734090805, 20.8227710724, 42.1597557068, -13.7778463364, -7.66017436981, 30.9684276581], [-77.2059249878, -0.9685074687, 205.932571411, 145.919647217, 222.249938965, 34.3631401062, -12.6626005173, -9.68297481537, 32.562828064, 16.4270172119, -9.62382698059, -4.93863296509, 21.9945697784], [437.321502686, -23.4938430786, 94.5842819214, 44.6642341614, 34.3631401062, 118.816253662, 54.942691803, 23.1935157776, 19.6562328339, 16.1592941284, 0.325391322374, 1.77654314041, -0.0420169197023], [-145.347412109, -90.357673645, 46.6127319336, -25.8561172485, -12.6626005173, 54.942691803, 161.505752563, 49.7971496582, 18.8042469025, -0.385717540979, 27.6398124695, 10.1760969162, -9.15382671356], [143.041900635, -6.5803194046, -19.9706687927, -7.00734090805, -9.68297481537, 23.1935157776, 49.7971496582, 98.3318710327, 31.6849212646, 3.22717475891, 9.25169372559, 10.7989797592, -1.59047615528], [-97.4497528076, -43.9647102356, 45.61328125, 20.8227710724, 32.562828064, 19.6562328339, 18.8042469025, 31.6849212646, 95.6689453125, 24.5369281769, 9.08229160309, 10.0703802109, -0.480337053537], [283.656341553, 40.962223053, 27.3354091644, 42.1597557068, 16.4270172119, 16.1592941284, -0.385717540979, 3.22717475891, 24.5369281769, 92.2450180054, 24.4611148834, -6.67170667648, 6.79348516464], [-151.084411621, 7.26913833618, 11.1903553009, -13.7778463364, -9.62382698059, 0.325391322374, 27.6398124695, 9.25169372559, 9.08229160309, 24.4611148834, 78.3836364746, 20.4254283905, -9.53691005707], [-76.7257385254, -2.51995229721, -3.6086602211, -7.66017436981, -4.93863296509, 1.77654314041, 10.1760969162, 10.7989797592, 10.0703802109, -6.67170667648, 20.4254283905, 60.0678787231, 20.8665046692], [3.00246500969, 4.64835500717, 2.25546813011, 30.9684276581, 21.9945697784, -0.0420169197023, -9.15382671356, -1.59047615528, -0.480337053537, 6.79348516464, -9.53691005707, 20.8665046692, 70.955116272]],
