{
"lowlevel": {
    "average_loudness": 0.801496207714,
    "barkbands_crest": {
        "dmean": 1.76203691959,
        "dmean2": 2.84794282913,
        "dvar": 3.34467220306,
        "dvar2": 8.10225582123,
        "max": 24.3858394623,
        "mean": 8.55345535278,
        "median": 7.68363952637,
        "min": 2.6216943264,
        "var": 10.5207138062
    },
    "barkbands_flatness_db": {
        "dmean": 0.0144954333082,
        "dmean2": 0.0223187170923,
        "dvar": 0.000209132398595,
        "dvar2": 0.000425644218922,
        "max": 0.341402620077,
        "mean": 0.15180413425,
        "median": 0.149059206247,
        "min": 0.0219678655267,
        "var": 0.0024840424303
    },
    "barkbands_kurtosis": {
        "dmean": 1.51286041737,
        "dmean2": 2.4039413929,
        "dvar": 6.48640918732,
        "dvar2": 15.3723745346,
        "max": 80.7696456909,
        "mean": 3.34434890747,
        "median": 2.47893810272,
        "min": -1.77218818665,
        "var": 20.4539089203
    },
    "barkbands_skewness": {
        "dmean": 0.308505982161,
        "dmean2": 0.479801982641,
        "dvar": 0.112783953547,
        "dvar2": 0.248356238008,
        "max": 6.82252788544,
        "mean": 1.04057335854,
        "median": 1.25741732121,
        "min": -2.72159981728,
        "var": 1.65684044361
    },
    "barkbands_spread": {
        "dmean": 3.39392590523,
        "dmean2": 5.2414522171,
        "dvar": 18.8909854889,
        "dvar2": 41.4333610535,
        "max": 77.4150695801,
        "mean": 18.203458786,
        "median": 16.6059513092,
        "min": 1.11218249798,
        "var": 96.6081161499
    },
    "dissonance": {
        "dmean": 0.0187077540904,
        "dmean2": 0.0312527045608,
        "dvar": 0.00033058601548,
        "dvar2": 0.000874994089827,
        "max": 0.5,
        "mean": 0.452405184507,
        "median": 0.458047032356,
        "min": 0.241951525211,
        "var": 0.00124668516219
    },
    "dynamic_complexity": 2.20846819878,
    "erbbands_crest": {
        "dmean": 2.01078367233,
        "dmean2": 3.20802164078,
        "dvar": 4.16393280029,
        "dvar2": 10.0254125595,
        "max": 26.2152671814,
        "mean": 8.50616836548,
        "median": 7.67710113525,
        "min": 2.45791554451,
        "var": 15.7607154846
    },
    "erbbands_flatness_db": {
        "dmean": 0.0129524152726,
        "dmean2": 0.0188040025532,
        "dvar": 0.000174377972144,
        "dvar2": 0.000313599943183,
        "max": 0.342297434807,
        "mean": 0.180614501238,
        "median": 0.183070316911,
        "min": 0.0641649737954,
        "var": 0.00251239165664
    },
    "erbbands_kurtosis": {
        "dmean": 0.722178637981,
        "dmean2": 1.14636898041,
        "dvar": 0.878513514996,
        "dvar2": 2.06893444061,
        "max": 20.1406612396,
        "mean": 0.591396570206,
        "median": 0.106026411057,
        "min": -1.77411317825,
        "var": 3.52507638931
    },
    "erbbands_skewness": {
        "dmean": 0.265545070171,
        "dmean2": 0.414659708738,
        "dvar": 0.0614100508392,
        "dvar2": 0.138576865196,
        "max": 3.60829520226,
        "mean": 0.501169323921,
        "median": 0.524461984634,
        "min": -1.84179961681,
        "var": 0.519335627556
    },
    "erbbands_spread": {
        "dmean": 5.32397127151,
        "dmean2": 8.06216621399,
        "dvar": 40.7877388,
        "dvar2": 78.5213928223,
        "max": 120.851997375,
        "mean": 32.2944488525,
        "median": 31.3980731964,
        "min": 4.55497407913,
        "var": 215.901763916
    },
    "hfc": {
        "dmean": 3.81550502777,
        "dmean2": 5.57182407379,
        "dvar": 39.297618866,
        "dvar2": 80.7866516113,
        "max": 120.583824158,
        "mean": 19.1264953613,
        "median": 16.5460224152,
        "min": 1.02668215027e-16,
        "var": 239.29006958
    },
    "melbands_crest": {
        "dmean": 2.06846475601,
        "dmean2": 3.35172367096,
        "dvar": 4.60093975067,
        "dvar2": 11.3259029388,
        "max": 30.6919803619,
        "mean": 10.2203235626,
        "median": 10.1143598557,
        "min": 1.44517219067,
        "var": 20.8151035309
    },
    "melbands_flatness_db": {
        "dmean": 0.0159510988742,
        "dmean2": 0.0238216500729,
        "dvar": 0.000338080106303,
        "dvar2": 0.000650915841106,
        "max": 0.414169311523,
        "mean": 0.18629039824,
        "median": 0.200509399176,
        "min": 0.00241122790612,
        "var": 0.00741448299959
    },
    "melbands_kurtosis": {
        "dmean": 2.63986206055,
        "dmean2": 4.11027431488,
        "dvar": 17.1780910492,
        "dvar2": 39.5587043762,
        "max": 99.8950653076,
        "mean": 6.81795930862,
        "median": 5.15027523041,
        "min": -1.47648203373,
        "var": 56.9152297974
    },
    "melbands_skewness": {
        "dmean": 0.386162251234,
        "dmean2": 0.592663884163,
        "dvar": 0.169778108597,
        "dvar2": 0.365858018398,
        "max": 7.98147201538,
        "mean": 1.7921807766,
        "median": 1.83457124233,
        "min": -1.96254324913,
        "var": 1.25493001938
    },
    "melbands_spread": {
        "dmean": 4.95511484146,
        "dmean2": 7.96720457077,
        "dvar": 47.3044967651,
        "dvar2": 118.499961853,
        "max": 177.885543823,
        "mean": 31.9044017792,
        "median": 18.6283168793,
        "min": 1.33424639702,
        "var": 1402.55761719
    },
    "pitch_salience": {
        "dmean": 0.0472881533206,
        "dmean2": 0.0760207250714,
        "dvar": 0.00199766247533,
        "dvar2": 0.00498616322875,
        "max": 0.988928616047,
        "mean": 0.609988927841,
        "median": 0.596540749073,
        "min": 0.217711925507,
        "var": 0.0127268452197
    },
    "silence_rate_20dB": {
        "dmean": 0,
        "dmean2": 0,
        "dvar": 0,
        "dvar2": 0,
        "max": 1,
        "mean": 1,
        "median": 1,
        "min": 1,
        "var": 0
    },
    "silence_rate_30dB": {
        "dmean": 0.0019325746689,
        "dmean2": 0.00386556424201,
        "dvar": 0.00192891433835,
        "dvar2": 0.00470992969349,
        "max": 1,
        "mean": 0.998282313347,
        "median": 1,
        "min": 0,
        "var": 0.00171462632716
    },
    "silence_rate_60dB": {
        "dmean": 0.00751556782052,
        "dmean2": 0.0150327496231,
        "dvar": 0.00745952036232,
        "dvar2": 0.0165273994207,
        "max": 1,
        "mean": 0.146859899163,
        "median": 0,
        "min": 0,
        "var": 0.125275090337
    },
    "spectral_centroid": {
        "dmean": 184.100067139,
        "dmean2": 289.18963623,
        "dvar": 50901.6679688,
        "dvar2": 109692.375,
        "max": 11990.6884766,
        "mean": 2246.08496094,
        "median": 1109.81591797,
        "min": 287.157897949,
        "var": 9874355
    },
    "spectral_complexity": {
        "dmean": 2.39875459671,
        "dmean2": 3.82347249985,
        "dvar": 8.74859905243,
        "dvar2": 18.9591884613,
        "max": 55,
        "mean": 17.2135257721,
        "median": 17,
        "min": 0,
        "var": 96.1433181763
    },
    "spectral_decrease": {
        "dmean": 1.42938072489e-09,
        "dmean2": 2.20901985593e-09,
        "dvar": 4.38420737981e-18,
        "dvar2": 9.98194413934e-18,
        "max": 2.60182615094e-28,
        "mean": -7.2199011214e-09,
        "median": -7.31189020442e-09,
        "min": -4.60350015885e-08,
        "var": 2.46931842431e-17
    },
    "spectral_energy": {
        "dmean": 0.00562931178138,
        "dmean2": 0.00867189560086,
        "dvar": 6.73752874718e-05,
        "dvar2": 0.000152296081069,
        "max": 0.178679034114,
        "mean": 0.0289844591171,
        "median": 0.0294974632561,
        "min": 9.54592680177e-21,
        "var": 0.000390547938878
    },
    "spectral_energyband_high": {
        "dmean": 0.00026381391217,
        "dmean2": 0.000379871635232,
        "dvar": 3.54396519242e-07,
        "dvar2": 6.93161496201e-07,
        "max": 0.011283794418,
        "mean": 0.000639407837298,
        "median": 0.000227373660891,
        "min": 6.69872993589e-21,
        "var": 1.15286820801e-06
    },
    "spectral_energyband_low": {
        "dmean": 0.00233895936981,
        "dmean2": 0.00367042818107,
        "dvar": 2.32721267821e-05,
        "dvar2": 5.923925346e-05,
        "max": 0.102712951601,
        "mean": 0.00754352333024,
        "median": 0.00555094890296,
        "min": 7.16375632084e-24,
        "var": 7.37095469958e-05
    },
    "spectral_energyband_middle_high": {
        "dmean": 0.00132468552329,
        "dmean2": 0.00203546788543,
        "dvar": 4.04413640354e-06,
        "dvar2": 9.638033589e-06,
        "max": 0.0385537557304,
        "mean": 0.00522033544257,
        "median": 0.00353440386243,
        "min": 1.09009318479e-21,
        "var": 2.75815582427e-05
    },
    "spectral_energyband_middle_low": {
        "dmean": 0.00414369115606,
        "dmean2": 0.00637318892404,
        "dvar": 4.28185667261e-05,
        "dvar2": 9.17201396078e-05,
        "max": 0.169520273805,
        "mean": 0.0164072215557,
        "median": 0.0154347205535,
        "min": 1.2383601599e-22,
        "var": 0.000169182007085
    },
    "spectral_entropy": {
        "dmean": 0.114035010338,
        "dmean2": 0.169060975313,
        "dvar": 0.0193328652531,
        "dvar2": 0.0361325778067,
        "max": 9.82585906982,
        "mean": 7.59528207779,
        "median": 7.37639808655,
        "min": 5.70052909851,
        "var": 0.781928002834
    },
    "spectral_flux": {
        "dmean": 0.015828859061,
        "dmean2": 0.0255158189684,
        "dvar": 0.000362836173736,
        "dvar2": 0.00089630833827,
        "max": 0.304064035416,
        "mean": 0.0664121583104,
        "median": 0.0656238645315,
        "min": 6.11569475617e-11,
        "var": 0.00163831992541
    },
    "spectral_kurtosis": {
        "dmean": 1.9825168848,
        "dmean2": 3.4278345108,
        "dvar": 7.02582931519,
        "dvar2": 21.2023048401,
        "max": 47.0369110107,
        "mean": 4.73144769669,
        "median": 3.90328884125,
        "min": -1.28294110298,
        "var": 24.2594413757
    },
    "spectral_rms": {
        "dmean": 0.000465736899059,
        "dmean2": 0.000711513566785,
        "dvar": 3.28138014538e-07,
        "dvar2": 7.11640041118e-07,
        "max": 0.0132030686364,
        "mean": 0.00478099705651,
        "median": 0.00536451442167,
        "min": 3.05173703148e-12,
        "var": 5.41961981071e-06
    },
    "spectral_rolloff": {
        "dmean": 301.293762207,
        "dmean2": 507.222808838,
        "dvar": 391819.125,
        "dvar2": 868710.375,
        "max": 19789.0136719,
        "mean": 3136.73242188,
        "median": 882.861328125,
        "min": 215.33203125,
        "var": 31216738
    },
    "spectral_skewness": {
        "dmean": 0.228090643883,
        "dmean2": 0.380531817675,
        "dvar": 0.0601450875401,
        "dvar2": 0.167919233441,
        "max": 5.284927845,
        "mean": 1.45499420166,
        "median": 1.45345640182,
        "min": -0.131934598088,
        "var": 0.581686496735
    },
    "spectral_spread": {
        "dmean": 456782.8125,
        "dmean2": 688169.125,
        "dvar": 591213035520,
        "dvar2": 1.18954026598e+12,
        "max": 43316268,
        "mean": 7828087,
        "median": 3586607.25,
        "min": 1255659.25,
        "var": 1.34387882525e+14
    },
    "spectral_strongpeak": {
        "dmean": 0.445944011211,
        "dmean2": 0.763742029667,
        "dvar": 0.523787260056,
        "dvar2": 1.32445144653,
        "max": 9.95170021057,
        "mean": 0.859958231449,
        "median": 0.466033220291,
        "min": 0,
        "var": 0.977284193039
    },
    "zerocrossingrate": {
        "dmean": 0.00746891042218,
        "dmean2": 0.00961766764522,
        "dvar": 0.000129379579448,
        "dvar2": 0.000173633379745,
        "max": 0.81982421875,
        "mean": 0.0999542921782,
        "median": 0.04638671875,
        "min": 0.0107421875,
        "var": 0.0207743253559
    },
    "barkbands": {
        "dmean": [0.000103644379124, 0.00184865703341, 0.000685451377649, 0.000541346089449, 0.00220165075734, 0.00174241687637, 0.00073137547588, 0.00109511392657, 0.000756742490921, 0.000721967197023, 0.000292872166028, 0.00034836991108, 0.000219005669351, 0.000196334120119, 0.000261031236732, 0.000216363958316, 0.00017526326701, 0.000159138711751, 0.000125303835375, 0.000120139528008, 8.31106663099e-05, 5.56057784706e-05, 4.5320008212e-05, 4.45393670816e-05, 1.89976126421e-05, 8.99662154552e-06, 1.81367951768e-08],
        "dmean2": [0.000171430438058, 0.0029215766117, 0.00109791290015, 0.000885424204171, 0.00347574637271, 0.00272805732675, 0.00109657866415, 0.00160561420489, 0.00113944255281, 0.00110554194544, 0.000453395477962, 0.000552981568035, 0.000351650611265, 0.000319362268783, 0.000426098064054, 0.000354151590727, 0.000276566308457, 0.000251958554145, 0.000200359310838, 0.00018522895698, 0.000131295368192, 8.47697956488e-05, 6.49200592306e-05, 6.42974991933e-05, 2.71973476629e-05, 1.30738490043e-05, 3.07660243948e-08],
        "dvar": [5.62500126478e-08, 1.84817236004e-05, 1.75007426151e-06, 8.62326601236e-07, 2.15866493818e-05, 1.14613694677e-05, 2.06216600418e-06, 5.54152848053e-06, 2.24079190048e-06, 2.05162405109e-06, 3.60646311037e-07, 6.38584140233e-07, 3.04166462683e-07, 2.14626780348e-07, 3.24362503079e-07, 2.51614636682e-07, 1.93007124949e-07, 1.3942550936e-07, 5.51657208803e-08, 6.15816944105e-08, 4.50139125974e-08, 2.09092529957e-08, 1.79846058046e-08, 2.49351899129e-08, 5.45169953625e-09, 3.90300503028e-09, 7.36896031391e-14],
        "dvar2": [1.49882609435e-07, 4.73267864436e-05, 4.41948168373e-06, 2.32126876654e-06, 4.52386047982e-05, 2.77898743661e-05, 5.08289804202e-06, 1.08892527351e-05, 4.74749094792e-06, 4.72950705444e-06, 8.15022019651e-07, 1.60022614182e-06, 7.31281659228e-07, 5.07209961143e-07, 8.13664939869e-07, 6.51187519907e-07, 4.35507899965e-07, 3.15014005992e-07, 1.32642739459e-07, 1.36581050469e-07, 1.07114694003e-07, 4.41060201695e-08, 3.55031701815e-08, 4.97485466155e-08, 1.14041371901e-08, 8.32486168889e-09, 1.79473081362e-13],
        "max": [0.00452829012647, 0.0866762548685, 0.0250558946282, 0.0188564844429, 0.126358449459, 0.127839714289, 0.0477686673403, 0.0954635962844, 0.0539757199585, 0.0283266752958, 0.0151012912393, 0.0209358464926, 0.0216385237873, 0.0120756607503, 0.0127973519266, 0.0154479201883, 0.0138738015667, 0.0122295729816, 0.0058353850618, 0.00929702166468, 0.00525078224018, 0.00304005574435, 0.00343714747578, 0.00564181432128, 0.00268370122649, 0.0042369379662, 1.68479164131e-05],
        "mean": [0.000214826708543, 0.00521846488118, 0.00160096469335, 0.00112601974979, 0.0046278424561, 0.00422836886719, 0.00171515031252, 0.0024824894499, 0.00163622444961, 0.00151716999244, 0.000547562376596, 0.000639024015982, 0.000416988128563, 0.000352294038748, 0.000503702904098, 0.000408460648032, 0.000369862711523, 0.000346290064044, 0.000290655065328, 0.000285520101897, 0.000152527238242, 0.000102820820757, 8.19686756586e-05, 7.71930863266e-05, 3.00537212752e-05, 1.201329178e-05, 1.8252833911e-08],
        "median": [1.39853709697e-05, 0.00350562250242, 0.000785978452768, 0.000523944210727, 0.00292529026046, 0.0025805097539, 0.00094972475199, 0.00129429146182, 0.000693968206178, 0.000692126573995, 0.000177909503691, 0.000239856512053, 0.000123143167002, 0.000142878940096, 0.000157125716214, 0.000146682941704, 0.00011768371769, 0.000105416285805, 0.00012108052033, 9.36459255172e-05, 5.09230849275e-05, 2.78967254417e-05, 1.51928579726e-05, 1.29632817334e-05, 4.31728403782e-06, 6.73615659252e-07, 8.44883440987e-10],
        "min": [9.19945367174e-26, 7.5559621857e-25, 1.46724159415e-25, 3.12028014603e-25, 3.62207614557e-24, 4.05406308258e-24, 4.50010752093e-24, 4.21587620361e-24, 8.96432897042e-24, 7.90067862406e-24, 6.21890645465e-24, 1.16828272691e-23, 1.70160831353e-23, 1.84257823061e-23, 2.44363502012e-23, 3.28617806772e-23, 5.56934032038e-23, 6.26949728779e-23, 1.04101126901e-22, 1.2165035379e-22, 1.91895981398e-22, 2.6276886071e-22, 3.57761370458e-22, 4.80211162201e-22, 7.07066000551e-22, 1.16736106285e-21, 1.80776102152e-21],
        "var": [1.47177900089e-07, 4.22136617999e-05, 4.92677645525e-06, 2.41500924858e-06, 4.42465679953e-05, 3.2300948078e-05, 6.35180822428e-06, 1.52288648678e-05, 6.96231109032e-06, 6.0437614593e-06, 1.17789124943e-06, 1.29027864659e-06, 1.07148639472e-06, 5.35200967988e-07, 1.01395016827e-06, 6.39805477931e-07, 7.13951465059e-07, 4.32225846225e-07, 1.96814028186e-07, 2.2387359877e-07, 8.51886809983e-08, 4.81328292778e-08, 4.47900276868e-08, 5.75783545287e-08, 9.52077794381e-09, 8.46273895405e-09, 9.69201525676e-14]
    },
    "erbbands": {
        "dmean": [0.0557282231748, 0.425514280796, 0.821860790253, 1.17747366428, 4.59367847443, 7.95814085007, 13.1300287247, 14.6599855423, 10.9603538513, 14.0847711563, 23.4510574341, 17.8918170929, 19.5461082458, 18.7882575989, 12.4046497345, 13.8515453339, 10.1612501144, 8.93411636353, 12.571310997, 11.8202877045, 10.8414983749, 7.88281059265, 7.8330078125, 7.1080121994, 5.32831811905, 5.76630926132, 4.37747001648, 2.30055761337, 2.05912518501, 1.64747107029, 1.28279983997, 1.04953825474, 0.656137406826, 0.225896582007, 0.141250088811, 0.0681168287992, 0.0094086099416, 0.000424783269409, 1.39182557177e-05, 7.12819610271e-06],
        "dmean2": [0.0892358198762, 0.669107139111, 1.32282471657, 1.89898717403, 7.19634246826, 12.8593215942, 20.6789608002, 23.0411205292, 16.7930850983, 20.7465305328, 34.4769363403, 26.82878685, 29.264503479, 28.9827632904, 19.3505172729, 22.0503482819, 16.1682090759, 14.2211608887, 20.2498722076, 19.0374183655, 17.97397995, 12.4676914215, 12.2572402954, 11.2558479309, 8.58199691772, 8.94436740875, 6.90280485153, 3.61209726334, 3.16611361504, 2.41415095329, 1.90147066116, 1.55837845802, 0.957179963589, 0.319299548864, 0.208373323083, 0.100526615977, 0.0133831230924, 0.000589514733292, 1.93013220269e-05, 1.0756149095e-05],
        "dvar": [0.0176498144865, 1.00516831875, 2.68838167191, 3.71253824234, 169.388748169, 281.325775146, 667.647644043, 1069.61401367, 446.266387939, 926.871154785, 2939.43041992, 1372.43029785, 1756.70910645, 1689.30163574, 577.579101562, 881.76965332, 676.567016602, 522.731079102, 683.395935059, 852.262451172, 604.692871094, 418.671386719, 391.708374023, 197.981689453, 125.081451416, 140.871124268, 110.281150818, 45.318687439, 30.0865592957, 21.5138607025, 14.7511711121, 13.1193275452, 6.14682817459, 0.605468451977, 0.415703982115, 0.215290382504, 0.00386069528759, 8.6830541477e-06, 5.14069986579e-09, 1.238497499e-10],
        "dvar2": [0.0472039803863, 2.52494478226, 6.86057710648, 9.41504764557, 329.24798584, 704.088439941, 1463.84423828, 2702.64331055, 1117.0847168, 1950.91552734, 6057.30175781, 3029.98193359, 3861.62646484, 4224.97460938, 1298.59289551, 2228.48632812, 1635.86816406, 1221.49462891, 1666.12854004, 2121.09301758, 1630.19226074, 958.957580566, 864.798339844, 446.914916992, 298.983520508, 311.613098145, 259.14541626, 109.162361145, 66.303604126, 41.5671577454, 30.2737159729, 27.9975814819, 11.9410867691, 1.1779640913, 0.939212024212, 0.501255571842, 0.00699930312112, 1.42909148053e-05, 8.69508731682e-09, 2.6183341606e-10],
        "max": [2.27811169624, 21.2640075684, 27.7957267761, 32.6032333374, 299.568847656, 425.154876709, 1231.38903809, 1618.67419434, 669.759643555, 1312.96032715, 2170.21386719, 936.524902344, 969.535217285, 1006.95758057, 756.644042969, 673.07611084, 863.075195312, 663.679077148, 769.971618652, 931.942016602, 994.184082031, 695.402404785, 820.748474121, 387.414337158, 472.587432861, 383.607391357, 302.763397217, 280.740783691, 116.575553894, 119.050224304, 96.1133270264, 107.025688171, 85.3351669312, 21.8123817444, 24.4620475769, 29.3156776428, 4.19340801239, 0.19692401588, 0.00495738815516, 0.000370548601495],
        "mean": [0.158021003008, 1.11065113544, 2.07559299469, 2.91366744041, 8.6963186264, 15.815826416, 27.9331588745, 34.9105758667, 26.1796779633, 32.611579895, 55.7401351929, 41.3290748596, 45.6721343994, 38.6759338379, 26.5675029755, 26.7852306366, 21.0646324158, 17.5395565033, 25.229724884, 24.5567245483, 22.6026363373, 18.2762851715, 18.5744228363, 17.4274044037, 12.9960136414, 14.1811103821, 9.55051040649, 4.29269647598, 3.67022490501, 3.04905986786, 2.29444217682, 1.75881528854, 1.13218510151, 0.385726690292, 0.201350867748, 0.0906350016594, 0.0123983724043, 0.000557156221475, 3.23711392411e-05, 3.56346135959e-05],
        "median": [0.0563020333648, 0.704576194286, 1.14372599125, 1.52912592888, 4.35902023315, 8.85694313049, 17.4118671417, 18.5531139374, 16.0022506714, 17.290933609, 28.4706783295, 20.6707878113, 21.2114086151, 16.3853588104, 12.4205846786, 11.6354198456, 7.6663403511, 7.66209411621, 9.47675323486, 8.67178535461, 8.97920894623, 6.45194625854, 6.09104633331, 6.68490886688, 5.33037996292, 4.77899074554, 3.29839086533, 1.54050385952, 1.0620803833, 0.680914998055, 0.414569407701, 0.277741730213, 0.195160403848, 0.0622215308249, 0.024794889614, 0.00680276146159, 0.000482219707919, 1.91418075701e-05, 1.89744841919e-05, 3.58403049177e-05],
        "min": [1.95531734025e-23, 1.70673855999e-22, 8.81570464132e-22, 2.61548330068e-21, 3.87483347155e-21, 1.32027969702e-20, 2.61335016021e-20, 3.26560307584e-20, 7.06465363625e-20, 1.22008054677e-19, 1.1094235556e-19, 2.08927663532e-19, 3.18889810065e-19, 5.59078037737e-19, 5.79668579436e-19, 7.14666626754e-19, 1.2506919163e-18, 1.31003943692e-18, 1.79950598681e-18, 2.60117986478e-18, 2.27133911399e-18, 3.51041762128e-18, 3.4392587887e-18, 5.07998290744e-18, 6.30190941114e-18, 6.27175536909e-18, 7.10939733485e-18, 8.14610031502e-18, 9.17810077341e-18, 9.20509912142e-18, 9.95176528187e-18, 1.02408673875e-17, 7.86492425402e-18, 6.67399675736e-18, 5.28112014518e-18, 3.73889814136e-18, 2.0060895885e-18, 8.76018183099e-19, 2.35428785524e-19, 2.44598712693e-20],
        "var": [0.0449606180191, 2.13692522049, 7.29191732407, 13.0169496536, 285.404602051, 532.539978027, 1637.328125, 2720.09204102, 1310.86108398, 2758.9074707, 7914.52148438, 4194.67578125, 6169.70068359, 4313.62939453, 2043.44287109, 1956.25769043, 2476.41137695, 1250.9552002, 2352.95239258, 2323.87695312, 1865.88647461, 1518.25817871, 1301.57495117, 758.460632324, 435.16506958, 548.195068359, 299.550689697, 76.6246109009, 61.8355484009, 53.6187515259, 35.6867904663, 26.4556102753, 14.2796297073, 1.29624807835, 0.602594912052, 0.379084467888, 0.0101652853191, 2.32332058658e-05, 1.44271483649e-08, 6.5103478164e-10]
    },
    "gfcc": {
        "mean": [-129.683700562, 112.898925781, -123.631149292, 30.4482116699, -65.1758422852, 5.0771727562, -33.903755188, 6.52247905731, -17.3050346375, -3.24912929535, -6.57993984222, -7.50971460342, 1.8710757494],
        "cov": [[130651.84375, 13708.5322266, -15081.1875, 4363.28564453, -8160.62451172, 1037.25378418, -4132.06738281, 1232.78857422, -2276.30102539, -102.893135071, -817.553222656, -732.768493652, 182.579376221], [13708.5322266, 2962.4987793, -1490.39257812, 391.185943604, -676.481811523, -207.762771606, -246.061737061, -3.98571324348, -150.007873535, -167.697097778, 55.818775177, -242.004455566, 148.819290161], [-15081.1875, -1490.39257812, 2646.75708008, -349.787780762, 1002.61383057, 0.637839138508, 545.627868652, -21.9957370758, 248.582427979, 99.440788269, 81.1148910522, 190.292221069, -52.8379364014], [4363.28564453, 391.185943604, -349.787780762, 494.70324707, -126.690437317, 137.815536499, -54.3977966309, 103.006790161, -8.63086795807, 48.4292030334, 25.3197937012, 12.4128055573, 21.2199554443], [-8160.62451172, -676.481811523, 1002.61383057, -126.690437317, 761.478637695, -28.4899654388, 378.427886963, -20.2470169067, 182.714065552, 57.7899246216, 96.5838623047, 60.0799789429, 7.38381242752], [1037.25378418, -207.762771606, 0.637839138508, 137.815536499, -28.4899654388, 283.312072754, 26.8581199646, 63.5791740417, 1.42643797398, 72.047744751, -0.200050100684, 55.4892234802, -37.5432128906], [-4132.06738281, -246.061737061, 545.627868652, -54.3977966309, 378.427886963, 26.8581199646, 339.890197754, 13.0705337524, 95.1282043457, 48.8087539673, 91.1040802002, 23.7232208252, 8.30324268341], [1232.78857422, -3.98571324348, -21.9957370758, 103.006790161, -20.2470169067, 63.5791740417, 13.0705337524, 156.693847656, -3.12687468529, 54.1405639648, -1.40175068378, 31.6175251007, 1.54311037064], [-2276.30102539, -150.007873535, 248.582427979, -8.63086795807, 182.714065552, 1.42643797398, 95.1282043457, -3.12687468529, 149.417831421, 7.36719989777, 36.2013931274, 13.6421203613, 13.4159250259], [-102.893135071, -167.697097778, 99.440788269, 48.4292030334, 57.7899246216, 72.047744751, 48.8087539673, 54.1405639648, 7.36719989777, 118.141014099, 12.6975154877, 46.2136116028, -20.8464241028], [-817.553222656, 55.818775177, 81.1148910522, 25.3197937012, 96.5838623047, -0.200050100684, 91.1040802002, -1.40175068378, 36.2013931274, 12.6975154877, 108.931289673, -2.20097875595, 30.2712860107], [-732.768493652, -242.004455566, 190.292221069, 12.4128055573, 60.0799789429, 55.4892234802, 23.7232208252, 31.6175251007, 13.6421203613, 46.2136116028, -2.20097875595, 103.508003235, -7.5518488884], [182.579376221, 148.819290161, -52.8379364014, 21.2199554443, 7.38381242752, -37.5432128906, 8.30324268341, 1.54311037064, 13.4159250259, -20.8464241028, 30.2712860107, -7.5518488884, 71.0907058716]],
        "icov": [[0.000506635231432, -0.00142192863859, 0.000992502435111, -0.00129235186614, 0.00157652166672, -0.0012347351294, 0.00123618531507, -0.00173493265174, 0.00167109398171, -0.00134641083423, 0.00104640948121, -0.000965819403064, 0.000617997429799], [-0.00142192863859, 0.0047409250401, -0.00263915280811, 0.00305278156884, -0.00383013859391, 0.00407222099602, -0.00400060741231, 0.0048994817771, -0.00455639138818, 0.0041019548662, -0.00325498869643, 0.00348786218092, -0.00241689616814], [0.000992502435111, -0.00263915280811, 0.00293239904568, -0.00228478503413, 0.00234495312907, -0.00223497464322, 0.00183293421287, -0.00343438098207, 0.00307418243028, -0.00232911179774, 0.00218831864186, -0.00298536708578, 0.00176174833905], [-0.00129235186614, 0.00305278156884, -0.00228478503413, 0.00684377644211, -0.00461547449231, 0.00135628669523, -0.00206720572896, 0.00298703531735, -0.00472514191642, 0.00273210206069, -0.00342185352929, 0.00206052698195, -0.00207141274586], [0.00157652166672, -0.00383013859391, 0.00234495312907, -0.00461547449231, 0.0100918859243, -0.0023818409536, 0.000178627829882, -0.00456820707768, 0.00311988964677, -0.00477952649817, 0.00307399174199, -0.00289850658737, 0.00125464098528], [-0.0012347351294, 0.00407222099602, -0.00223497464322, 0.00135628669523, -0.0023818409536, 0.00914041791111, -0.0048832683824, 0.00394674949348, -0.00450060749426, 0.00229256181046, -0.00275049498305, 0.000699405441992, 0.000906716973986], [0.00123618531507, -0.00400060741231, 0.00183293421287, -0.00206720572896, 0.000178627829882, -0.0048832683824, 0.0119951451197, -0.00547682028264, 0.00414627464488, -0.00439252238721, -0.00116452854127, -0.000776282337029, 0.00164262193721], [-0.00173493265174, 0.0048994817771, -0.00343438098207, 0.00298703531735, -0.00456820707768, 0.00394674949348, -0.00547682028264, 0.0149615220726, -0.00571717182174, 0.00140098726843, -0.002001615474, 0.0021576678846, -0.00379993068054], [0.00167109398171, -0.00455639138818, 0.00307418243028, -0.00472514191642, 0.00311988964677, -0.00450060749426, 0.00414627464488, -0.00571717182174, 0.0154539123178, -0.00353265018202, 0.00242369016632, -0.00287476019002, 0.000590984709561], [-0.00134641083423, 0.0041019548662, -0.00232911179774, 0.00273210206069, -0.00477952649817, 0.00229256181046, -0.00439252238721, 0.00140098726843, -0.00353265018202, 0.017665559426, -0.00470490707085, -0.00122157635633, 0.00223466358148], [0.00104640948121, -0.00325498869643, 0.00218831864186, -0.00342185352929, 0.00307399174199, -0.00275049498305, -0.00116452854127, -0.002001615474, 0.00242369016632, -0.00470490707085, 0.0169127378613, -0.00139793159906, -0.00400524679571], [-0.000965819403064, 0.00348786218092, -0.00298536708578, 0.00206052698195, -0.00289850658737, 0.000699405441992, -0.000776282337029, 0.0021576678846, -0.00287476019002, -0.00122157635633, -0.00139793159906, 0.0176277048886, -0.00428846897557], [0.000617997429799, -0.00241689616814, 0.00176174833905, -0.00207141274586, 0.00125464098528, 0.000906716973986, 0.00164262193721, -0.00379993068054, 0.000590984709561, 0.00223466358148, -0.00400524679571, -0.00428846897557, 0.0214993711561]]
    },
    "melbands": {
        "dmean": [0.000501996197272, 0.000456322653918, 0.00027167587541, 0.000448121223599, 0.00043757937965, 0.000322171254084, 0.000162230135174, 0.000167897727806, 0.000183161188033, 0.000111073233711, 9.79945762083e-05, 8.04935625638e-05, 4.28257699241e-05, 4.28703206126e-05, 2.788637903e-05, 2.10671478271e-05, 1.76901612576e-05, 2.04952739296e-05, 1.82585336006e-05, 1.51980593728e-05, 1.43275128721e-05, 9.40231984714e-06, 8.7926064225e-06, 8.24182279757e-06, 6.27133613307e-06, 4.59399416286e-06, 3.55153269993e-06, 4.4255893954e-06, 3.60303010893e-06, 1.76942012331e-06, 1.31100705403e-06, 1.22903406918e-06, 1.14843055599e-06, 9.00773613921e-07, 7.65824609061e-07, 7.53977190016e-07, 6.50820936698e-07, 5.27974293618e-07, 3.26996172362e-07, 1.62133062531e-07],
        "dmean2": [0.000796501059085, 0.00072577066021, 0.000429252337199, 0.00071351218503, 0.000692749221344, 0.000505661882926, 0.000246515119215, 0.000246680312557, 0.000269701587968, 0.000167255682754, 0.000146532984218, 0.000124202735606, 6.64732433506e-05, 6.74705588608e-05, 4.47667771368e-05, 3.33114439854e-05, 2.82363544102e-05, 3.31098781317e-05, 2.95618083328e-05, 2.46820382017e-05, 2.36395626416e-05, 1.49596808114e-05, 1.38859832077e-05, 1.3157673493e-05, 9.96824110189e-06, 7.4360882536e-06, 5.6404201132e-06, 6.90605702403e-06, 5.70836937186e-06, 2.86373574454e-06, 2.08879919228e-06, 1.92874381355e-06, 1.7942896875e-06, 1.32724392188e-06, 1.15194529826e-06, 1.13392036383e-06, 9.930113265e-07, 7.8606825582e-07, 4.76815614547e-07, 2.3683821837e-07],
        "dvar": [1.39259066145e-06, 8.91826232419e-07, 2.60236532768e-07, 1.20504478218e-06, 6.34381137843e-07, 4.51394726042e-07, 9.73610383426e-08, 1.33489322707e-07, 1.77027871473e-07, 5.09060740228e-08, 4.41149090591e-08, 3.22320978796e-08, 7.10635861267e-09, 9.11844999507e-09, 3.84647691476e-09, 3.08615577538e-09, 2.13934847615e-09, 1.86872206598e-09, 1.76326686585e-09, 1.44628353738e-09, 1.15721687788e-09, 7.18844539449e-10, 5.1006188162e-10, 4.05403544068e-10, 1.66357982945e-10, 8.72266078811e-11, 6.75969835662e-11, 8.61492821524e-11, 8.63276811147e-11, 2.14396399939e-11, 1.5045822227e-11, 1.07829856155e-11, 1.05863772609e-11, 6.6162596235e-12, 5.28658670659e-12, 5.42161237779e-12, 6.1686216031e-12, 4.28318274945e-12, 1.57005051321e-12, 3.4911808687e-13],
        "dvar2": [3.60549142897e-06, 2.2531387458e-06, 5.81661595334e-07, 2.56653788711e-06, 1.38461655297e-06, 1.12372083549e-06, 2.41296987724e-07, 2.6448179824e-07, 3.62245287988e-07, 1.12700092814e-07, 9.69984768062e-08, 8.04726809633e-08, 1.60865845089e-08, 2.21896154784e-08, 9.83003722865e-09, 6.95740087764e-09, 4.94828311659e-09, 4.54364101898e-09, 4.48567583078e-09, 3.63634367062e-09, 3.02264857588e-09, 1.60980617725e-09, 1.16878473566e-09, 9.15031661552e-10, 3.74727082697e-10, 2.1410123674e-10, 1.52474005644e-10, 1.92742447003e-10, 2.03920283437e-10, 5.32629843009e-11, 3.62748407701e-11, 2.48642391398e-11, 2.3153836487e-11, 1.33925336099e-11, 1.13064722515e-11, 1.17661392782e-11, 1.38299632163e-11, 8.6189258855e-12, 3.18242415927e-12, 7.26952623532e-13],
        "max": [0.0218612663448, 0.0191941168159, 0.0102877095342, 0.0263593588024, 0.0411317497492, 0.0314089916646, 0.0103926546872, 0.0162834115326, 0.015923589468, 0.00592526420951, 0.00481078634039, 0.00451327767223, 0.00229732063599, 0.0026179254055, 0.00112077523954, 0.00299519766122, 0.00129435525741, 0.00131044338923, 0.000898880127352, 0.000978057039902, 0.00154880329501, 0.00102333608083, 0.000847151852213, 0.000961012206972, 0.000396319519496, 0.000234243547311, 0.000442128977738, 0.000261776847765, 0.000306868023472, 0.000145213256474, 0.000149317638716, 8.01144269644e-05, 6.03907756158e-05, 8.40994689497e-05, 5.86806054343e-05, 5.57438652322e-05, 8.40890788822e-05, 7.79943584348e-05, 4.49177205155e-05, 2.29983925237e-05],
        "mean": [0.00142172840424, 0.00125725369435, 0.000652676506434, 0.000885371991899, 0.000958073942456, 0.000779040099587, 0.000390079338104, 0.000380886427592, 0.00043601176003, 0.00024540713639, 0.000223286813707, 0.000158472714247, 8.5273408331e-05, 8.03717630333e-05, 5.14545936312e-05, 4.06423750974e-05, 3.09419920086e-05, 3.82641519536e-05, 3.70846792066e-05, 2.83861536445e-05, 2.73359892162e-05, 1.88809462998e-05, 1.85290227819e-05, 1.69677969097e-05, 1.39152498377e-05, 1.00655433926e-05, 7.97193843027e-06, 1.00313300209e-05, 7.23479706721e-06, 3.10183918373e-06, 2.20036258725e-06, 2.05287960853e-06, 1.98927591555e-06, 1.5594814613e-06, 1.30191801873e-06, 1.23558857013e-06, 1.0238586583e-06, 8.62669367052e-07, 5.46810213109e-07, 2.51801168361e-07],
        "median": [0.000847962801345, 0.000781902985182, 0.000366941239918, 0.000514612183906, 0.000619008613285, 0.000441576587036, 0.00023458947544, 0.000203944044188, 0.000223111521336, 0.00010796355491, 9.63148340816e-05, 5.68898140045e-05, 3.35773947882e-05, 3.11952280754e-05, 1.98558955162e-05, 1.39195517477e-05, 1.23448517115e-05, 1.41367245305e-05, 1.08458170871e-05, 1.00518709587e-05, 9.72108773567e-06, 5.98765609539e-06, 5.28123109689e-06, 5.00797523273e-06, 4.83484427605e-06, 4.04578486268e-06, 2.76169885183e-06, 3.11592543767e-06, 2.21270784095e-06, 1.06641766706e-06, 6.77479988553e-07, 5.81201447858e-07, 4.60161089677e-07, 3.19795049109e-07, 2.41623268948e-07, 1.79525713406e-07, 1.52727025693e-07, 1.46097306697e-07, 8.97842582503e-08, 3.5807858012e-08],
        "min": [2.54340564105e-25, 3.48926613667e-25, 5.74031894016e-25, 3.23886960592e-25, 7.46809540681e-25, 7.34688101226e-25, 1.16582617461e-24, 9.04611747743e-25, 7.54898471099e-25, 1.11742847339e-24, 1.14946460779e-24, 2.3162869165e-24, 1.37836176994e-24, 1.75257263287e-24, 1.83856458521e-24, 2.20062748323e-24, 1.65797361641e-24, 2.02130500277e-24, 2.23373755315e-24, 2.28784256441e-24, 2.34039292804e-24, 2.86740033046e-24, 2.57288976112e-24, 3.01349441188e-24, 3.19120564395e-24, 3.46215471299e-24, 3.46586393696e-24, 3.26947957841e-24, 3.93288497564e-24, 3.72184653969e-24, 3.62648824461e-24, 4.4158966193e-24, 3.64145096383e-24, 3.95611061841e-24, 5.18968712579e-24, 5.55470411068e-24, 5.51960256142e-24, 4.73800588184e-24, 5.47321201816e-24, 4.90274252139e-24],
        "var": [3.20180129165e-06, 2.43598606176e-06, 6.92734204222e-07, 2.05117953556e-06, 1.69614565948e-06, 1.23985353184e-06, 2.97579333619e-07, 3.86057166679e-07, 4.73451763128e-07, 1.61706864787e-07, 1.57051559313e-07, 8.21108585569e-08, 2.44483810974e-08, 2.02905194868e-08, 9.25159060472e-09, 1.03662429751e-08, 4.75214712026e-09, 6.04807981475e-09, 5.96897642424e-09, 3.47116402288e-09, 3.4491238754e-09, 2.09245709648e-09, 1.98001504081e-09, 1.12565357036e-09, 5.71403480087e-10, 2.74580302939e-10, 2.10421263747e-10, 3.06739550426e-10, 2.13386863734e-10, 3.56948533231e-11, 2.43642658132e-11, 1.9594969744e-11, 2.21879858237e-11, 1.50900819618e-11, 1.17404384825e-11, 1.14802993501e-11, 1.10919372645e-11, 9.02771780942e-12, 3.51506107207e-12, 5.88649463375e-13]
    },
    "mfcc": {
        "mean": [-690.19732666, 126.683670044, -6.71720266342, 20.3794231415, -7.26047277451, -4.14884662628, -5.06248378754, -0.724297165871, -2.62853479385, 2.47470545769, -5.21901416779, -0.755694329739, -1.6485928297],
        "cov": [[28632.21875, 6311.11865234, -120.43523407, 1384.81665039, -320.417694092, -73.4090042114, -0.120684549212, 173.156921387, -73.4793701172, 347.750579834, -163.194259644, 80.1010055542, 21.0599365234], [6311.11865234, 3344.26245117, -22.209274292, 533.115722656, -131.873382568, -166.74937439, -3.12622928619, -59.4039878845, -27.3083114624, 16.9319324493, -82.3253936768, -46.4901885986, -33.1074829102], [-120.43523407, -22.209274292, 658.062866211, 51.534740448, 62.136341095, 55.2800674438, 29.801612854, 56.9371032715, 18.9425640106, -7.47464323044, 25.7194957733, 33.0389862061, 3.24882936478], [1384.81665039, 533.115722656, 51.534740448, 384.376708984, 67.1814498901, 10.7716846466, 67.3781738281, 35.600440979, 30.5445327759, 51.5547561646, 13.6432886124, 36.3988418579, 31.8983287811], [-320.417694092, -131.873382568, 62.136341095, 67.1814498901, 156.554412842, 43.5365829468, 8.65226173401, 35.86769104, 29.4633407593, 13.9173355103, 16.5214500427, 29.568063736, 14.907582283], [-73.4090042114, -166.74937439, 55.2800674438, 10.7716846466, 43.5365829468, 207.701690674, 57.3370742798, 55.0582008362, 10.6731872559, 39.9351882935, 49.212223053, 19.4314632416, 35.1483421326], [-0.120684549212, -3.12622928619, 29.801612854, 67.3781738281, 8.65226173401, 57.3370742798, 193.84588623, 42.4767951965, 9.73083972931, 57.1998519897, 40.9037628174, 27.5193252563, 30.9666824341], [173.156921387, -59.4039878845, 56.9371032715, 35.600440979, 35.86769104, 55.0582008362, 42.4767951965, 108.021125793, 35.9453926086, 26.9239044189, 28.8376331329, 27.8505802155, 27.2708587646], [-73.4793701172, -27.3083114624, 18.9425640106, 30.5445327759, 29.4633407593, 10.6731872559, 9.73083972931, 35.9453926086, 80.1270904541, 22.5225028992, 15.4541530609, 14.917178154, 9.3651638031], [347.750579834, 16.9319324493, -7.47464323044, 51.5547561646, 13.9173355103, 39.9351882935, 57.1998519897, 26.9239044189, 22.5225028992, 102.390869141, 39.4574165344, 8.55226230621, 21.9352874756], [-163.194259644, -82.3253936768, 25.7194957733, 13.6432886124, 16.5214500427, 49.212223053, 40.9037628174, 28.8376331329, 15.4541530609, 39.4574165344, 79.0285644531, 22.7259559631, 22.2390384674], [80.1010055542, -46.4901885986, 33.0389862061, 36.3988418579, 29.568063736, 19.4314632416, 27.5193252563, 27.8505802155, 14.917178154, 8.55226230621, 22.7259559631, 85.8255615234, 23.0277805328], [21.0599365234, -33.1074829102, 3.24882936478, 31.8983287811, 14.907582283, 35.1483421326, 30.9666824341, 27.2708587646, 9.3651638031, 21.9352874756, 22.2390384674, 23.0277805328, 70.059753418]],
