{
"lowlevel": {
    "average_loudness": 0.911052286625,
    "barkbands_crest": {
        "dmean": 2.33148956299,
        "dmean2": 3.82201433182,
        "dvar": 5.39612722397,
        "dvar2": 13.12641716,
        "max": 24.4594268799,
        "mean": 8.40592670441,
        "median": 7.34874725342,
        "min": 2.4407017231,
        "var": 13.3679838181
    },
    "barkbands_flatness_db": {
        "dmean": 0.0184452589601,
        "dmean2": 0.029110500589,
        "dvar": 0.000291757314699,
        "dvar2": 0.000687677238602,
        "max": 0.306575328112,
        "mean": 0.123477645218,
        "median": 0.113196887076,
        "min": 0.0334454700351,
        "var": 0.0019651025068
    },
    "barkbands_kurtosis": {
        "dmean": 2.4767639637,
        "dmean2": 3.87387013435,
        "dvar": 17.3347206116,
        "dvar2": 39.5897140503,
        "max": 84.6381759644,
        "mean": 3.5874505043,
        "median": 1.64139223099,
        "min": -1.91241025925,
        "var": 45.1004867554
    },
    "barkbands_skewness": {
        "dmean": 0.506199896336,
        "dmean2": 0.775590658188,
        "dvar": 0.279898166656,
        "dvar2": 0.598624646664,
        "max": 7.69634437561,
        "mean": 1.01683712006,
        "median": 0.998773157597,
        "min": -3.13328671455,
        "var": 2.35038089752
    },
    "barkbands_spread": {
        "dmean": 6.31160259247,
        "dmean2": 9.53927230835,
        "dvar": 61.96900177,
        "dvar2": 114.115066528,
        "max": 110.122642517,
        "mean": 26.2876396179,
        "median": 24.2983646393,
        "min": 1.48034930229,
        "var": 236.469329834
    },
    "dissonance": {
        "dmean": 0.0146156065166,
        "dmean2": 0.024985358119,
        "dvar": 0.000303230830468,
        "dvar2": 0.000843733607326,
        "max": 0.500000119209,
        "mean": 0.474681049585,
        "median": 0.481388866901,
        "min": 0.260282933712,
        "var": 0.000600684841629
    },
    "dynamic_complexity": 2.1963031292,
    "erbbands_crest": {
        "dmean": 2.38172078133,
        "dmean2": 3.9299955368,
        "dvar": 6.16684627533,
        "dvar2": 15.7232542038,
        "max": 33.7098731995,
        "mean": 8.68722820282,
        "median": 7.10177898407,
        "min": 2.32252550125,
        "var": 30.0879573822
    },
    "erbbands_flatness_db": {
        "dmean": 0.0167829524726,
        "dmean2": 0.0249275323004,
        "dvar": 0.000287985516479,
        "dvar2": 0.00057956634555,
        "max": 0.342084497213,
        "mean": 0.143383786082,
        "median": 0.13488830626,
        "min": 0.0524737499654,
        "var": 0.002185320016
    },
    "erbbands_kurtosis": {
        "dmean": 1.13752222061,
        "dmean2": 1.79611229897,
        "dvar": 5.36278629303,
        "dvar2": 11.9177103043,
        "max": 46.3331680298,
        "mean": 0.91277718544,
        "median": 0.0778715610504,
        "min": -1.86165642738,
        "var": 12.9844360352
    },
    "erbbands_skewness": {
        "dmean": 0.36050349474,
        "dmean2": 0.547809243202,
        "dvar": 0.1468488276,
        "dvar2": 0.311841368675,
        "max": 6.12362337112,
        "mean": 0.0543824583292,
        "median": 0.10418189317,
        "min": -5.69328594208,
        "var": 0.955185413361
    },
    "erbbands_spread": {
        "dmean": 8.80441951752,
        "dmean2": 13.2947025299,
        "dvar": 104.638374329,
        "dvar2": 216.851104736,
        "max": 150.646453857,
        "mean": 40.6475868225,
        "median": 36.4070205688,
        "min": 2.67119312286,
        "var": 489.69631958
    },
    "hfc": {
        "dmean": 8.27446556091,
        "dmean2": 11.8818445206,
        "dvar": 275.270751953,
        "dvar2": 503.023681641,
        "max": 920.067871094,
        "mean": 27.284740448,
        "median": 21.7758045197,
        "min": 1.02546745209e-16,
        "var": 869.872497559
    },
    "melbands_crest": {
        "dmean": 3.06581616402,
        "dmean2": 5.05055236816,
        "dvar": 9.0993938446,
        "dvar2": 23.3545303345,
        "max": 31.7089500427,
        "mean": 11.6350317001,
        "median": 11.1886253357,
        "min": 1.52166771889,
        "var": 35.5468139648
    },
    "melbands_flatness_db": {
        "dmean": 0.0219898652285,
        "dmean2": 0.0341009870172,
        "dvar": 0.000515119521879,
        "dvar2": 0.00114503817167,
        "max": 0.425650238991,
        "mean": 0.160731360316,
        "median": 0.16150175035,
        "min": 0.00252489419654,
        "var": 0.0068352795206
    },
    "melbands_kurtosis": {
        "dmean": 6.27226829529,
        "dmean2": 9.83586406708,
        "dvar": 121.956359863,
        "dvar2": 275.648468018,
        "max": 336.209686279,
        "mean": 11.2785320282,
        "median": 4.78172779083,
        "min": -1.90280640125,
        "var": 305.810821533
    },
    "melbands_skewness": {
        "dmean": 0.696102797985,
        "dmean2": 1.07752120495,
        "dvar": 0.593167841434,
        "dvar2": 1.27628362179,
        "max": 15.7727222443,
        "mean": 2.22128844261,
        "median": 2.04355955124,
        "min": -1.43010258675,
        "var": 3.33026432991
    },
    "melbands_spread": {
        "dmean": 8.49210453033,
        "dmean2": 13.2763261795,
        "dvar": 111.465324402,
        "dvar2": 236.614685059,
        "max": 260.855529785,
        "mean": 38.0559616089,
        "median": 27.6986904144,
        "min": 1.32207548618,
        "var": 1321.73950195
    },
    "pitch_salience": {
        "dmean": 0.0631428435445,
        "dmean2": 0.104154594243,
        "dvar": 0.0039549744688,
        "dvar2": 0.00998774543405,
        "max": 0.909027814865,
        "mean": 0.622601628304,
        "median": 0.624681890011,
        "min": 0.142065301538,
        "var": 0.0165927819908
    },
    "silence_rate_20dB": {
        "dmean": 0,
        "dmean2": 0,
        "dvar": 0,
        "dvar2": 0,
        "max": 1,
        "mean": 1,
        "median": 1,
        "min": 1,
        "var": 0
    },
    "silence_rate_30dB": {
        "dmean": 0.000849978765473,
        "dmean2": 0.00170013809111,
        "dvar": 0.000849419157021,
        "dvar2": 0.00212276657112,
        "max": 1,
        "mean": 0.999043881893,
        "median": 1,
        "min": 0,
        "var": 0.000955242547207
    },
    "silence_rate_60dB": {
        "dmean": 0.00276243104599,
        "dmean2": 0.00552544882521,
        "dvar": 0.00275479792617,
        "dvar2": 0.00613245693967,
        "max": 1,
        "mean": 0.141931369901,
        "median": 0,
        "min": 0,
        "var": 0.121783919632
    },
    "spectral_centroid": {
        "dmean": 273.210906982,
        "dmean2": 428.695556641,
        "dvar": 90806.4765625,
        "dvar2": 191878.859375,
        "max": 11868.1269531,
        "mean": 2469.16894531,
        "median": 1586.36071777,
        "min": 239.142120361,
        "var": 8566295
    },
    "spectral_complexity": {
        "dmean": 3.37016582489,
        "dmean2": 5.33354568481,
        "dvar": 12.7447719574,
        "dvar2": 29.720615387,
        "max": 58,
        "mean": 19.9333896637,
        "median": 20,
        "min": 0,
        "var": 152.859832764
    },
    "spectral_decrease": {
        "dmean": 1.95112193069e-09,
        "dmean2": 3.17078430179e-09,
        "dvar": 7.04370513214e-18,
        "dvar2": 1.69437426744e-17,
        "max": 5.74735170866e-20,
        "mean": -6.7430532269e-09,
        "median": -6.60924115437e-09,
        "min": -6.23474463168e-08,
        "var": 2.23687918326e-17
    },
    "spectral_energy": {
        "dmean": 0.00775811588392,
        "dmean2": 0.0125642893836,
        "dvar": 0.000105994498881,
        "dvar2": 0.000254923303146,
        "max": 0.244622275233,
        "mean": 0.0279246661812,
        "median": 0.0274760127068,
        "min": 9.7013277048e-21,
        "var": 0.000358835648512
    },
    "spectral_energyband_high": {
        "dmean": 0.000703291967511,
        "dmean2": 0.000950646470301,
        "dvar": 3.98021802539e-06,
        "dvar2": 7.00892769601e-06,
        "max": 0.104077145457,
        "mean": 0.00147196208127,
        "median": 0.000656641204841,
        "min": 6.76181982516e-21,
        "var": 1.03031907202e-05
    },
    "spectral_energyband_low": {
        "dmean": 0.00442152610049,
        "dmean2": 0.00723650539294,
        "dvar": 5.45826369489e-05,
        "dvar2": 0.000127545848954,
        "max": 0.182068511844,
        "mean": 0.00917251966894,
        "median": 0.0065390849486,
        "min": 9.8644571286e-24,
        "var": 0.000124517639051
    },
    "spectral_energyband_middle_high": {
        "dmean": 0.00207363534719,
        "dmean2": 0.00320168538019,
        "dvar": 8.14247960079e-06,
        "dvar2": 1.91041199287e-05,
        "max": 0.0450506433845,
        "mean": 0.00673584826291,
        "median": 0.00423957593739,
        "min": 1.07423559122e-21,
        "var": 4.73102045362e-05
    },
    "spectral_energyband_middle_low": {
        "dmean": 0.00507328333333,
        "dmean2": 0.00826772674918,
        "dvar": 6.59693905618e-05,
        "dvar2": 0.000155010464368,
        "max": 0.151710093021,
        "mean": 0.0128241246566,
        "median": 0.0109540848061,
        "min": 1.08048549005e-22,
        "var": 0.000151785934577
    },
    "spectral_entropy": {
        "dmean": 0.139857336879,
        "dmean2": 0.202484339476,
        "dvar": 0.0261777229607,
        "dvar2": 0.0505794547498,
        "max": 9.83336639404,
        "mean": 7.91317367554,
        "median": 7.81611013412,
        "min": 5.61167097092,
        "var": 0.55439978838
    },
    "spectral_flux": {
        "dmean": 0.0205419361591,
        "dmean2": 0.0329050906003,
        "dvar": 0.000609372626059,
        "dvar2": 0.0014783811057,
        "max": 0.402552574873,
        "mean": 0.0870410129428,
        "median": 0.0888397246599,
        "min": 6.21948881285e-11,
        "var": 0.00237211515196
    },
    "spectral_kurtosis": {
        "dmean": 1.0378715992,
        "dmean2": 1.59864616394,
        "dvar": 1.61292862892,
        "dvar2": 3.7952413559,
        "max": 28.2080821991,
        "mean": 3.48729395866,
        "median": 3.52882528305,
        "min": -1.27356672287,
        "var": 7.81428670883
    },
    "spectral_rms": {
        "dmean": 0.000654683099128,
        "dmean2": 0.00105305330362,
        "dvar": 5.55263909519e-07,
        "dvar2": 1.30249270569e-06,
        "max": 0.015448491089,
        "mean": 0.00471991393715,
        "median": 0.00517743825912,
        "min": 3.07647679033e-12,
        "var": 4.96588245369e-06
    },
    "spectral_rolloff": {
        "dmean": 605.633605957,
        "dmean2": 1010.43341064,
        "dvar": 1327015.5,
        "dvar2": 2616248.25,
        "max": 19875.1464844,
        "mean": 3564.58227539,
        "median": 1722.65625,
        "min": 64.599609375,
        "var": 28546904
    },
    "spectral_skewness": {
        "dmean": 0.18206563592,
        "dmean2": 0.264970183372,
        "dvar": 0.0362549647689,
        "dvar2": 0.0756923928857,
        "max": 4.5600104332,
        "mean": 1.39026725292,
        "median": 1.49082553387,
        "min": -0.265497922897,
        "var": 0.404712259769
    },
    "spectral_spread": {
        "dmean": 751503.4375,
        "dmean2": 1058328.375,
        "dvar": 913916690432,
        "dvar2": 1.71163516928e+12,
        "max": 43180092,
        "mean": 8783438,
        "median": 5093907,
        "min": 2248171.5,
        "var": 1.14964731789e+14
    },
    "spectral_strongpeak": {
        "dmean": 0.648795604706,
        "dmean2": 1.13618957996,
        "dvar": 1.68618094921,
        "dvar2": 4.32585716248,
        "max": 35.6405563354,
        "mean": 0.973354160786,
        "median": 0.457047462463,
        "min": 0,
        "var": 2.59986448288
    },
    "zerocrossingrate": {
        "dmean": 0.0129669485614,
        "dmean2": 0.0155153172091,
        "dvar": 0.000262243527686,
        "dvar2": 0.000296479760436,
        "max": 0.703125,
        "mean": 0.119861766696,
        "median": 0.076171875,
        "min": 0.005859375,
        "var": 0.0176454596221
    },
    "barkbands": {
        "dmean": [0.000218512883293, 0.00291988882236, 0.00159786152653, 0.00288284942508, 0.00234067882411, 0.00132064078934, 0.000589725386817, 0.000490319856908, 0.00053157779621, 0.000506581680384, 0.000366697349818, 0.000385713094147, 0.000429886567872, 0.000438639923232, 0.000555027800146, 0.000361097161658, 0.000292539683869, 0.000212535596802, 0.000217034801608, 0.000206395314308, 0.000127721039462, 0.000125156919239, 0.000151740023284, 0.000141528536915, 0.000131327222334, 8.03528382676e-05, 4.10894216429e-08],
        "dmean2": [0.000362468679668, 0.00460806209594, 0.00278795626946, 0.00484400894493, 0.00398652814329, 0.00217842916027, 0.0009467965574, 0.000781273178291, 0.000857037026435, 0.000842219335027, 0.000601447769441, 0.000606695131864, 0.000686179264449, 0.000710220774636, 0.000891487754416, 0.000583883142099, 0.000477983820019, 0.000344171567122, 0.000348928006133, 0.00033540657023, 0.000193320956896, 0.000182077172212, 0.00021436616953, 0.000191330094822, 0.000184902048204, 0.000118688534712, 7.40934069654e-08],
        "dvar": [1.37346248152e-07, 4.32921078755e-05, 1.13674714157e-05, 2.68908424914e-05, 2.20542842726e-05, 4.27804980063e-06, 1.58153625307e-06, 1.3383962596e-06, 1.41429677569e-06, 1.41513157814e-06, 7.77591083079e-07, 7.88579768596e-07, 1.18016532724e-06, 1.41518216878e-06, 2.21702339331e-06, 7.23878088138e-07, 3.93329884218e-07, 1.81588134751e-07, 2.47587394142e-07, 1.61218139283e-07, 8.90983073987e-08, 1.61460746995e-07, 5.01560123212e-07, 8.13144481526e-07, 1.88312526461e-07, 5.74140024412e-08, 3.90539956331e-14],
        "dvar2": [3.39115331371e-07, 9.77192539722e-05, 3.21796651406e-05, 6.92124740453e-05, 6.08175359957e-05, 1.15787042887e-05, 3.61120078196e-06, 3.09917231789e-06, 3.45216813002e-06, 3.89785236621e-06, 1.91685853679e-06, 1.8189803086e-06, 2.75144498119e-06, 3.597676141e-06, 5.16823729413e-06, 1.76501328042e-06, 9.81381504062e-07, 4.49394519819e-07, 5.66431481275e-07, 4.06311869483e-07, 2.08773499821e-07, 3.38313441262e-07, 1.05051549326e-06, 1.34093784254e-06, 3.66335143553e-07, 1.32569283551e-07, 1.07321737489e-13],
        "max": [0.0048973960802, 0.155351653695, 0.0460386797786, 0.066475994885, 0.0825771465898, 0.0317563936114, 0.0223611909896, 0.0223857201636, 0.024404104799, 0.0270649157465, 0.0163582824171, 0.0262371618301, 0.0428423471749, 0.0359401740134, 0.0352791696787, 0.0238433107734, 0.015717310831, 0.0103446720168, 0.0153247583658, 0.00794609542936, 0.00926386285573, 0.0117446742952, 0.0243611671031, 0.0753963962197, 0.0152624389157, 0.0117228953168, 5.69695430386e-06],
        "mean": [0.000289192510536, 0.00454100174829, 0.00219173147343, 0.00401258189231, 0.0037293927744, 0.00237700506113, 0.000888227310497, 0.000727729871869, 0.000872791861184, 0.000777092645876, 0.000567670329474, 0.000676446128637, 0.000768944737501, 0.000714455149136, 0.00102974416222, 0.000722056080122, 0.00056939694332, 0.000399109121645, 0.000419519958086, 0.000387821986806, 0.00023754274298, 0.000223645663937, 0.00025371852098, 0.000222617978579, 0.000209826845094, 0.000115344046208, 2.97046316433e-08],
        "median": [9.32841212489e-05, 0.00200553797185, 0.00115016824566, 0.00180727499537, 0.00234644464217, 0.00137941492721, 0.000317613215884, 0.00024317628413, 0.000296293263091, 0.000246655079536, 0.00015146669466, 0.000166919184267, 0.000175296532689, 0.000167841295479, 0.000207232311368, 0.0001829121029, 0.000195541055291, 0.000156597117893, 0.00019329386123, 0.000163507385878, 9.37163931667e-05, 7.29570019757e-05, 7.81649723649e-05, 5.88164111832e-05, 5.30111101398e-05, 2.60377437371e-05, 1.14266562878e-09],
        "min": [4.78008447441e-26, 1.47805515152e-24, 2.98188534705e-25, 1.67926620483e-25, 3.35106574259e-24, 3.42022399486e-24, 3.41945958864e-24, 3.63970797566e-24, 9.44958255677e-24, 5.69445318663e-24, 8.14518053961e-24, 9.77168629729e-24, 1.8320844873e-23, 2.54265157877e-23, 3.33717508534e-23, 2.82837557869e-23, 3.31544449176e-23, 4.59918245528e-23, 9.18937757605e-23, 1.40145986574e-22, 1.96398067382e-22, 2.71570301736e-22, 3.53745500471e-22, 4.75960249529e-22, 7.42797638269e-22, 1.19427724937e-21, 1.8161511694e-21],
        "var": [2.63224251285e-07, 7.02580946381e-05, 1.13342830446e-05, 3.74060109607e-05, 2.61313471128e-05, 1.06015913843e-05, 2.95308655041e-06, 2.28428734772e-06, 2.97590668197e-06, 2.65431185653e-06, 1.584992674e-06, 2.2398917281e-06, 3.43324632013e-06, 2.67805853582e-06, 6.51161053611e-06, 2.436909881e-06, 1.11022427518e-06, 4.51278765468e-07, 4.96714221754e-07, 3.30096327161e-07, 1.63329701763e-07, 3.25000030443e-07, 8.90860462732e-07, 1.48621461449e-06, 4.49981627071e-07, 8.13395573118e-08, 2.82906192234e-14]
    },
    "erbbands": {
        "dmean": [0.095615118742, 0.651367425919, 1.55150294304, 5.89161682129, 9.57470798492, 6.70741462708, 8.42038345337, 12.3777332306, 8.0674905777, 8.67436885834, 10.4967546463, 13.3141222, 12.8405666351, 14.2760190964, 16.1249198914, 15.0584392548, 18.8873519897, 21.5360431671, 28.6512355804, 21.5970306396, 16.616601944, 14.5020008087, 11.5061759949, 10.5316581726, 10.557636261, 9.91562366486, 5.83540773392, 4.83245706558, 4.36809682846, 4.8833322525, 4.30602121353, 3.09631323814, 2.36565542221, 1.47719883919, 0.966735243797, 0.438993155956, 0.143443539739, 0.00793499220163, 0.000164983648574, 1.72263935383e-05],
        "dmean2": [0.156460464001, 1.03160059452, 2.65323710442, 9.91222381592, 15.8774871826, 11.5063924789, 13.985461235, 20.388250351, 12.9518413544, 13.8560533524, 16.7076721191, 21.3816795349, 21.0111618042, 23.5556259155, 26.1437664032, 23.6374053955, 29.7148609161, 34.254825592, 44.878490448, 34.7064704895, 26.7454185486, 23.4305267334, 18.6645755768, 16.9291591644, 16.909526825, 16.1918087006, 8.97472190857, 7.41737127304, 6.363676548, 6.94818210602, 6.2442855835, 4.41238641739, 3.21811962128, 2.10052871704, 1.39292609692, 0.646335542202, 0.211384668946, 0.0119398552924, 0.000241997346166, 2.57403098658e-05],
        "dvar": [0.0454096756876, 2.34760117531, 11.9519309998, 92.4709777832, 430.345245361, 153.366958618, 176.523788452, 474.961914062, 242.234115601, 580.139526367, 598.001037598, 979.775817871, 1054.99194336, 1146.28735352, 1611.15209961, 1266.0880127, 2488.83056641, 3617.83374023, 5987.15234375, 2756.52709961, 1290.75231934, 929.808959961, 551.32989502, 482.277160645, 651.594909668, 376.595184326, 159.629638672, 151.10874939, 179.23449707, 357.244934082, 496.887695312, 251.470916748, 495.796905518, 34.1947784424, 11.3345575333, 1.60096347332, 0.194704115391, 0.000529951124918, 2.16545899434e-07, 1.06630204666e-09],
        "dvar2": [0.113824062049, 5.05118465424, 32.6636276245, 250.605255127, 1036.20922852, 439.278686523, 454.47088623, 1264.1159668, 557.161804199, 1333.54040527, 1363.49255371, 2400.32128906, 2657.1730957, 3193.58276367, 4073.35766602, 2798.97827148, 5746.23632812, 9020.10546875, 12779.4648438, 6920.16113281, 3219.30737305, 2285.21142578, 1359.6583252, 1149.32824707, 1470.26306152, 963.360412598, 385.23223877, 357.255950928, 388.402404785, 694.269348145, 1129.7598877, 507.803009033, 888.797851562, 65.3309936523, 23.9850540161, 3.51337146759, 0.445034712553, 0.00119901704602, 4.77271441923e-07, 2.2078479045e-09],
        "max": [4.84124469757, 34.6450576782, 59.2922935486, 164.846832275, 394.781707764, 198.383544922, 231.732879639, 402.066619873, 286.759674072, 557.260192871, 616.997436523, 750.333496094, 876.141906738, 986.517272949, 1051.57409668, 1292.03796387, 2082.26855469, 1914.95568848, 2177.79248047, 1247.08398438, 1423.76391602, 695.129150391, 604.638977051, 529.670288086, 833.2265625, 468.342163086, 368.378570557, 310.578826904, 432.80090332, 659.750915527, 727.359558105, 502.179901123, 2041.99133301, 306.041595459, 183.146377563, 60.187664032, 21.0051956177, 0.755114793777, 0.0177430473268, 0.00123712781351],
        "mean": [0.146420136094, 0.961877346039, 2.32053732872, 9.14115524292, 13.7093105316, 10.9995155334, 14.0326280594, 21.4308300018, 13.9689788818, 13.3340597153, 16.8134117126, 22.1191387177, 20.2109260559, 24.3405036926, 28.0337028503, 28.8187885284, 35.7016868591, 38.7133522034, 53.9753341675, 44.8440132141, 36.2426681519, 30.3093128204, 22.9005699158, 21.4402446747, 20.3092308044, 18.8552722931, 11.8122901917, 8.5914106369, 7.66135120392, 8.27408599854, 7.02890872955, 4.99865531921, 3.55040693283, 2.31921029091, 1.48728477955, 0.653504133224, 0.199590399861, 0.0108564672992, 0.000250784505624, 5.00281494169e-05],
        "median": [0.0483412221074, 0.448024958372, 1.29611241817, 4.64467334747, 7.48084259033, 6.86927318573, 8.4723110199, 10.6607074738, 6.05931949615, 4.43033838272, 6.45863676071, 7.57377481461, 6.75065422058, 8.04275608063, 8.06298446655, 7.94805860519, 9.71142673492, 10.8413248062, 14.0265960693, 11.3678398132, 11.0695228577, 10.8571815491, 9.3495054245, 9.38364124298, 9.51584148407, 8.13726234436, 5.18297481537, 3.20648908615, 2.45150637627, 2.60822081566, 2.09651184082, 1.45344102383, 0.833296597004, 0.569067358971, 0.368246614933, 0.166482195258, 0.0389926731586, 0.00167588551994, 6.14123273408e-05, 4.1931085434e-05],
        "min": [3.21770778104e-23, 3.27162049168e-22, 9.24460566491e-22, 2.17842356206e-21, 1.67743443471e-21, 1.53590766892e-20, 1.82332126627e-20, 4.34993507691e-20, 6.51370288068e-20, 9.54364090754e-20, 1.7824398032e-19, 2.28354038991e-19, 2.62453939358e-19, 4.26601055981e-19, 5.01258578209e-19, 6.96182965774e-19, 1.31511584433e-18, 1.45553626736e-18, 1.72213471763e-18, 2.15792210545e-18, 3.0905002105e-18, 2.33800449469e-18, 2.99463328623e-18, 5.31934209334e-18, 4.83746968186e-18, 7.48843630694e-18, 7.40239876989e-18, 8.29341456467e-18, 9.24002847715e-18, 8.76453776409e-18, 1.04947605504e-17, 8.51635380183e-18, 7.98613764662e-18, 7.48974407949e-18, 5.84804368084e-18, 3.99206421246e-18, 2.09617679504e-18, 8.63582918456e-19, 2.39439551669e-19, 2.53343659666e-20],
        "var": [0.0756168961525, 3.41157054901, 13.2408466339, 148.488204956, 529.280639648, 201.400695801, 342.941833496, 1241.11999512, 534.535400391, 1044.30090332, 1126.89538574, 1974.54016113, 1833.92028809, 2646.82299805, 3716.421875, 4060.21118164, 7396.50634766, 6815.54931641, 15679.8828125, 9232.15625, 4763.27441406, 2910.70898438, 1444.8873291, 1180.52929688, 1241.51330566, 766.922729492, 332.377929688, 267.059082031, 350.237823486, 712.255493164, 757.329467773, 424.807098389, 755.324584961, 72.9860992432, 24.9931411743, 2.64219856262, 0.264963120222, 0.000776977802161, 3.42103760431e-07, 2.54071386152e-09]
    },
    "gfcc": {
        "mean": [-90.7905807495, 66.4937286377, -101.728721619, 33.4850387573, -51.1214294434, 17.5791797638, -41.9499168396, 11.011762619, -28.283411026, 6.61089658737, -17.7134838104, 2.26526165009, -10.0985021591],
        "cov": [[125494.4375, 7552.42822266, -11436.3007812, 4099.81982422, -5914.99609375, 1978.79833984, -4835.19970703, 1341.56420898, -3513.56811523, 747.598327637, -2171.37426758, 237.055480957, -1344.22851562], [7552.42822266, 1561.42089844, -367.3097229, 332.56628418, -241.132141113, -49.5598564148, -284.119506836, 1.78552317619, -201.381240845, 11.1132364273, -78.5796356201, -73.2471542358, -91.938911438], [-11436.3007812, -367.3097229, 2631.78979492, -203.074493408, 593.367248535, -323.697845459, 387.517913818, -142.157333374, 171.811340332, -12.0466938019, 84.5150222778, 5.64278554916, 3.53206419945], [4099.81982422, 332.56628418, -203.074493408, 482.664459229, -191.39201355, 24.7362003326, -166.045639038, -26.0228881836, -62.9110298157, -4.50438499451, -89.1062850952, -46.0615768433, -43.0614852905], [-5914.99609375, -241.132141113, 593.367248535, -191.39201355, 566.294799805, -89.2811813354, 203.645233154, -52.4741592407, 158.796936035, 32.9936065674, 90.3383178711, -32.7228622437, 76.126411438], [1978.79833984, -49.5598564148, -323.697845459, 24.7362003326, -89.2811813354, 224.672683716, 10.176410675, 25.8569393158, -77.4433059692, 27.2698669434, -12.3106908798, 5.71091413498, -0.478163927794], [-4835.19970703, -284.119506836, 387.517913818, -166.045639038, 203.645233154, 10.176410675, 379.492218018, -6.75407791138, 81.2046813965, -66.1148300171, 120.635940552, -8.06699180603, 41.8072776794], [1341.56420898, 1.78552317619, -142.157333374, -26.0228881836, -52.4741592407, 25.8569393158, -6.75407791138, 160.685913086, -25.5194854736, -10.1901092529, -21.5759735107, 46.9061851501, -7.74060058594], [-3513.56811523, -201.381240845, 171.811340332, -62.9110298157, 158.796936035, -77.4433059692, 81.2046813965, -25.5194854736, 243.552566528, 3.06428551674, 60.632648468, -25.0643291473, 65.8510131836], [747.598327637, 11.1132364273, -12.0466938019, -4.50438499451, 32.9936065674, 27.2698669434, -66.1148300171, -10.1901092529, 3.06428551674, 128.442825317, -5.96970748901, -4.32622623444, -3.04589176178], [-2171.37426758, -78.5796356201, 84.5150222778, -89.1062850952, 90.3383178711, -12.3106908798, 120.635940552, -21.5759735107, 60.632648468, -5.96970748901, 134.144088745, 12.1445608139, 29.5021820068], [237.055480957, -73.2471542358, 5.64278554916, -46.0615768433, -32.7228622437, 5.71091413498, -8.06699180603, 46.9061851501, -25.0643291473, -4.32622623444, 12.1445608139, 91.0802078247, 16.0170021057], [-1344.22851562, -91.938911438, 3.53206419945, -43.0614852905, 76.126411438, -0.478163927794, 41.8072776794, -7.74060058594, 65.8510131836, -3.04589176178, 29.5021820068, 16.0170021057, 91.5382614136]],
        "icov": [[0.000280618929537, -0.000527599768247, 0.000483241368784, -0.000845233269501, 0.0007010451518, -0.000741204945371, 0.00107155903243, -0.00119876523968, 0.00142284471076, -0.00113170058466, 0.00085889158072, -0.000509747886099, 0.000748181366362], [-0.000527599768247, 0.00200427346863, -0.000893801567145, 0.00115271448158, -0.00125432922505, 0.00201716925949, -0.00142679910641, 0.00178931641858, -0.00164035952184, 0.0021181316115, -0.002440713346, 0.00226501864381, -0.00166048354004], [0.000483241368784, -0.000893801567145, 0.0016160904197, -0.00160669663455, 0.000666032370646, -0.000254819518887, 0.000810286554042, -0.00133319548331, 0.00242810789496, -0.00241360627115, 0.00230783037841, -0.00200292957015, 0.00212202686816], [-0.000845233269501, 0.00115271448158, -0.00160669663455, 0.0056918640621, -0.00141759845428, 0.00154173735064, -0.00241311104037, 0.00411623157561, -0.00472246157005, 0.00405982881784, -0.00171532097738, 0.00268524698913, -0.00226233154535], [0.0007010451518, -0.00125432922505, 0.000666032370646, -0.00141759845428, 0.0054215346463, -0.00117982190568, 0.00182401807979, -0.00322855613194, 0.00320617761463, -0.00439942907542, 0.00170959706884, 0.000773369567469, -0.000417766073951], [-0.000741204945371, 0.00201716925949, -0.000254819518887, 0.00154173735064, -0.00117982190568, 0.00996169168502, -0.00555727537721, 0.00288668600842, -0.000812134647276, -0.000344428612152, -0.00149277923629, 0.00190970429685, -0.00358824222349], [0.00107155903243, -0.00142679910641, 0.000810286554042, -0.00241311104037, 0.00182401807979, -0.00555727537721, 0.0115942200646, -0.00634925812483, 0.00570206250995, -7.29961684556e-05, -0.00195467472076, 0.00156649039127, 0.00200956780463], [-0.00119876523968, 0.00178931641858, -0.00133319548331, 0.00411623157561, -0.00322855613194, 0.00288668600842, -0.00634925812483, 0.0141867678612, -0.00741591537371, 0.00492478255183, -0.000247904565185, -0.00413383496925, -0.000717267277651], [0.00142284471076, -0.00164035952184, 0.00242810789496, -0.00472246157005, 0.00320617761463, -0.000812134647276, 0.00570206250995, -0.00741591537371, 0.0155201023445, -0.00664065219462, 0.0016331638908, 0.00191791576799, -0.00121821940411], [-0.00113170058466, 0.0021181316115, -0.00241360627115, 0.00405982881784, -0.00439942907542, -0.000344428612152, -7.29961684556e-05, 0.00492478255183, -0.00664065219462, 0.0156242381781, -0.00520521681756, 0.0026888132561, -0.00187763758004], [0.00085889158072, -0.002440713346, 0.00230783037841, -0.00171532097738, 0.00170959706884, -0.00149277923629, -0.00195467472076, -0.000247904565185, 0.0016331638908, -0.00520521681756, 0.0167333353311, -0.00714094704017, 0.00321594951674], [-0.000509747886099, 0.00226501864381, -0.00200292957015, 0.00268524698913, 0.000773369567469, 0.00190970429685, 0.00156649039127, -0.00413383496925, 0.00191791576799, 0.0026888132561, -0.00714094704017, 0.0210935976356, -0.00824800878763], [0.000748181366362, -0.00166048354004, 0.00212202686816, -0.00226233154535, -0.000417766073951, -0.00358824222349, 0.00200956780463, -0.000717267277651, -0.00121821940411, -0.00187763758004, 0.00321594951674, -0.00824800878763, 0.0196683071554]]
    },
    "melbands": {
        "dmean": [0.000834286969621, 0.000736393150873, 0.00110024539754, 0.000590732961427, 0.000267493887804, 0.000260666216491, 0.000122104174807, 9.40539757721e-05, 8.75812402228e-05, 8.33863814478e-05, 6.62813181407e-05, 6.12492513028e-05, 5.34638966201e-05, 4.55096414953e-05, 3.42550738424e-05, 4.69470287499e-05, 4.31247608503e-05, 4.83531948703e-05, 3.61902311852e-05, 2.9363682188e-05, 2.01577768166e-05, 1.74164852069e-05, 1.38318791869e-05, 9.21738137549e-06, 9.32836792344e-06, 8.39076528791e-06, 7.81317976362e-06, 6.95912740412e-06, 4.24598374593e-06, 3.13781697514e-06, 2.98996337733e-06, 2.49798654295e-06, 2.81403276858e-06, 2.9151419767e-06, 2.79785717794e-06, 2.15409386328e-06, 1.90278092305e-06, 1.66138670465e-06, 1.6982495481e-06, 1.16954367968e-06],
        "dmean2": [0.00134306272957, 0.00118953397032, 0.0018510685768, 0.000994538888335, 0.000446688907687, 0.000428187166108, 0.000196087305085, 0.00014971071505, 0.00013917076285, 0.000134583475301, 0.000108850646939, 0.000101486541098, 8.69899376994e-05, 7.14888301445e-05, 5.47597337572e-05, 7.46091100154e-05, 6.89032895025e-05, 7.60122129577e-05, 5.81267850066e-05, 4.76104505651e-05, 3.27636189468e-05, 2.82486107608e-05, 2.27582549996e-05, 1.4993489458e-05, 1.51621461555e-05, 1.35479867822e-05, 1.29237332658e-05, 1.14907215902e-05, 6.65022616886e-06, 4.98167901242e-06, 4.66544770461e-06, 3.75706031264e-06, 4.12551025875e-06, 4.24527888754e-06, 4.24715517511e-06, 3.07028676616e-06, 2.80159179056e-06, 2.31114404414e-06, 2.48160881711e-06, 1.70041630554e-06],
        "dvar": [3.59924342774e-06, 2.36434811995e-06, 3.72842850993e-06, 1.48029960201e-06, 1.75180517203e-07, 1.95446304474e-07, 5.64428148664e-08, 6.37717576524e-08, 3.96599837416e-08, 3.74840638528e-08, 2.77843188456e-08, 2.21584475213e-08, 1.74287695387e-08, 1.18418563844e-08, 5.30916421937e-09, 1.63718123503e-08, 1.82069683774e-08, 1.81397012966e-08, 1.03634238968e-08, 5.56508439331e-09, 1.94850979796e-09, 1.49914902714e-09, 8.67956040373e-10, 3.50470319432e-10, 4.0521966338e-10, 4.76635231283e-10, 2.87539686505e-10, 1.93347809985e-10, 8.16052919683e-11, 5.3852707016e-11, 6.60817997544e-11, 5.84226625411e-11, 9.92252252585e-11, 1.37292940905e-10, 2.30792621125e-10, 1.31311225782e-10, 1.01774894068e-10, 2.16741569137e-10, 1.658344434e-10, 1.55040268818e-11],
        "dvar2": [8.70788517204e-06, 5.47794161321e-06, 9.2974423751e-06, 3.93552954847e-06, 4.62539503587e-07, 5.22071218256e-07, 1.29858634068e-07, 1.47890489188e-07, 9.00161012396e-08, 9.16393076977e-08, 7.04278662056e-08, 6.21507822984e-08, 4.35757065986e-08, 2.701886892e-08, 1.28304815661e-08, 3.71924926412e-08, 4.56812649929e-08, 3.76148499015e-08, 2.3470370536e-08, 1.31257298364e-08, 4.83480633306e-09, 3.68553232377e-09, 2.1996700017e-09, 8.76819561402e-10, 9.84857528863e-10, 1.11277309589e-09, 6.88461121445e-10, 5.0105264382e-10, 1.98626420866e-10, 1.31717400875e-10, 1.64570759797e-10, 1.36752387192e-10, 2.1657813043e-10, 2.74285566482e-10, 5.66243829603e-10, 2.48815607007e-10, 2.27502905403e-10, 3.80554948665e-10, 3.26207033607e-10, 3.25563846715e-11],
        "max": [0.0457491725683, 0.0383739359677, 0.0264224298298, 0.0224664583802, 0.00857224874198, 0.00775462947786, 0.00440239766613, 0.00616904208437, 0.00477509293705, 0.00431927572936, 0.00431507453322, 0.00432679383084, 0.00261853006668, 0.00312105170451, 0.00167194125243, 0.00561783276498, 0.00438071787357, 0.00369557947852, 0.00351788452826, 0.00214782240801, 0.0014296915615, 0.00100483396091, 0.000901193765458, 0.000355146097718, 0.000442076532636, 0.00066796032479, 0.000426805025199, 0.000361559476005, 0.000196172142751, 0.000247843330726, 0.000247093732469, 0.00029328034725, 0.000335779564921, 0.000393887137761, 0.000539829605259, 0.000388948683394, 0.000369013228919, 0.00136436312459, 0.000946455285884, 0.000115431146696],
        "mean": [0.00129969243426, 0.00123381789308, 0.0017134398222, 0.000927006709389, 0.000469896156574, 0.000463110744022, 0.000205257572816, 0.00014372910664, 0.000138669100124, 0.000135887778015, 9.95008813334e-05, 9.89036561805e-05, 8.61543376232e-05, 8.27513067634e-05, 6.17116456851e-05, 8.41512810439e-05, 6.93559049978e-05, 8.37877232698e-05, 7.01634562574e-05, 5.63341709494e-05, 3.94275339204e-05, 3.35001968779e-05, 2.47389107244e-05, 1.72449272213e-05, 1.74664583028e-05, 1.50894320541e-05, 1.34482943395e-05, 1.24697489809e-05, 7.97717711976e-06, 5.43886608284e-06, 4.84746442453e-06, 4.16612101617e-06, 4.51665800938e-06, 4.66838946522e-06, 4.2580400077e-06, 3.39377038472e-06, 2.90839216177e-06, 2.42680221163e-06, 2.38790107687e-06, 1.80192466814e-06],
        "median": [0.000536527484655, 0.000715511268936, 0.000970025546849, 0.000556296494324, 0.000305780238705, 0.000245901203016, 8.59986394062e-05, 4.50412444479e-05, 5.2732815675e-05, 4.40845396952e-05, 3.13118689519e-05, 3.06781839754e-05, 2.28780882026e-05, 2.18502591451e-05, 1.77809633897e-05, 1.87655805348e-05, 1.52376060214e-05, 2.04095667868e-05, 1.43060051414e-05, 1.31877322929e-05, 1.16312794489e-05, 1.08985568659e-05, 8.47813043947e-06, 6.87079955242e-06, 7.06580203769e-06, 6.86648354531e-06, 5.72399812881e-06, 5.11884445586e-06, 3.09065740112e-06, 2.08803589885e-06, 1.49763729951e-06, 1.29655495584e-06, 1.33008700232e-06, 1.44739124153e-06, 1.22582821405e-06, 9.52532559495e-07, 8.39207700665e-07, 5.779154435e-07, 4.88454702463e-07, 4.46939395715e-07],
        "min": [4.95865984197e-25, 5.42301147395e-25, 4.19434335774e-25, 5.58210401094e-25, 8.86070163812e-25, 9.87944647188e-25, 9.50479473431e-25, 1.02189988295e-24, 1.77275445584e-24, 1.6747739871e-24, 1.00968565374e-24, 1.48303463877e-24, 1.09456126929e-24, 1.39569817163e-24, 1.71708888049e-24, 2.23984609757e-24, 2.17514668435e-24, 2.48875557621e-24, 2.5032400485e-24, 1.79048154088e-24, 3.681504193e-24, 1.8467969404e-24, 2.9897130166e-24, 2.26002279294e-24, 3.80033583318e-24, 2.70905800019e-24, 3.11940076334e-24, 3.47012339142e-24, 4.33490229801e-24, 2.98018397129e-24, 3.36911211909e-24, 3.68307323734e-24, 4.24731822714e-24, 4.30376161934e-24, 5.35662034852e-24, 5.32378164676e-24, 3.97624510973e-24, 4.68740163806e-24, 5.28051972586e-24, 5.35060646741e-24],
        "var": [5.6851026784e-06, 3.68459791389e-06, 5.59906084163e-06, 1.81102461738e-06, 3.34264314006e-07, 5.10650068009e-07, 1.18819833972e-07, 1.15484432683e-07, 7.65107301959e-08, 7.70456267674e-08, 4.70706318367e-08, 4.80125734725e-08, 3.66025574294e-08, 3.44983988043e-08, 1.27125190374e-08, 5.05838215759e-08, 3.02374125738e-08, 4.28966515642e-08, 3.90042984577e-08, 1.77240568888e-08, 5.87823922871e-09, 4.20911527854e-09, 2.07252170981e-09, 8.36599678422e-10, 9.01289820554e-10, 8.20721934858e-10, 5.0753568015e-10, 3.76147224479e-10, 1.78825246278e-10, 9.08948472045e-11, 1.01548686127e-10, 1.00370427247e-10, 1.74921244156e-10, 2.56716981006e-10, 2.99457764141e-10, 2.40440362065e-10, 1.44677048119e-10, 3.42269185216e-10, 2.40438530197e-10, 3.25754111186e-11]
    },
    "mfcc": {
        "mean": [-670.833068848, 94.321182251, 2.27064323425, 19.842672348, 8.69310092926, 5.47300624847, 0.491185516119, 1.01143360138, -2.60825419426, 2.02841305733, -3.97188735008, -3.05289459229, -0.689538955688],
        "cov": [[27769.8300781, 4458.85058594, -24.3184108734, 1167.65942383, 371.159729004, 266.468444824, 166.156692505, 139.184417725, -203.909515381, 144.622589111, -224.159057617, -181.018463135, -75.9904403687], [4458.85058594, 2048.54150391, 329.227874756, 416.637939453, 214.566925049, -2.15658688545, 54.5409088135, -50.3857002258, -83.5772628784, 32.5145111084, -33.2074508667, -66.1870727539, -5.82269668579], [-24.3184108734, 329.227874756, 1132.03320312, 334.817382812, 59.4639434814, 10.9490156174, -1.09784221649, -52.5920524597, -33.4908180237, -70.0366668701, -0.450274795294, -51.8745880127, -25.3889694214], [1167.65942383, 416.637939453, 334.817382812, 430.207061768, 131.054931641, 17.7301006317, -49.7815208435, -41.8859367371, -17.1180782318, 9.80856895447, -17.3672580719, -46.5560569763, -12.388168335], [371.159729004, 214.566925049, 59.4639434814, 131.054931641, 244.317550659, 18.3007965088, -48.1884536743, -69.0618515015, 25.2855091095, 27.0822925568, -7.05577802658, -33.0801849365, 10.6793746948], [266.468444824, -2.15658688545, 10.9490156174, 17.7301006317, 18.3007965088, 173.812179565, 50.8358230591, -44.0921173096, -0.85714250803, 20.8376045227, 17.764043808, -12.6009654999, -31.5678062439], [166.156692505, 54.5409088135, -1.09784221649, -49.7815208435, -48.1884536743, 50.8358230591, 231.291809082, 62.4009361267, -27.4493980408, 13.1972112656, 0.611071825027, 5.61046504974, -14.1528587341], [139.184417725, -50.3857002258, -52.5920524597, -41.8859367371, -69.0618515015, -44.0921173096, 62.4009361267, 156.599502563, 15.0115995407, -15.8110923767, -16.9240856171, 22.3333339691, 18.7731971741], [-203.909515381, -83.5772628784, -33.4908180237, -17.1180782318, 25.2855091095, -0.85714250803, -27.4493980408, 15.0115995407, 97.9991378784, 25.6188602448, -5.3587641716, -17.1938877106, 11.4991731644], [144.622589111, 32.5145111084, -70.0366668701, 9.80856895447, 27.0822925568, 20.8376045227, 13.1972112656, -15.8110923767, 25.6188602448, 97.2600784302, 23.7793178558, -16.431427002, -8.47864818573], [-224.159057617, -33.2074508667, -0.450274795294, -17.3672580719, -7.05577802658, 17.764043808, 0.611071825027, -16.9240856171, -5.3587641716, 23.7793178558, 75.1403961182, 25.6954669952, -12.1459407806], [-181.018463135, -66.1870727539, -51.8745880127, -46.5560569763, -33.0801849365, -12.6009654999, 5.61046504974, 22.3333339691, -17.1938877106, -16.431427002, 25.6954669952, 87.0111923218, 22.2297973633], [-75.9904403687, -5.82269668579, -25.3889694214, -12.388168335, 10.6793746948, -31.5678062439, -14.1528587341, 18.7731971741, 11.4991731644, -8.47864818573, -12.1459407806, 22.2297973633, 71.501411438]],
