{
"lowlevel": {
    "average_loudness": 0.932913064957,
    "barkbands_crest": {
        "dmean": 2.03494286537,
        "dmean2": 3.23870277405,
        "dvar": 4.14094686508,
        "dvar2": 9.56625080109,
        "max": 26.567647934,
        "mean": 8.14649200439,
        "median": 6.92151737213,
        "min": 2.12541174889,
        "var": 15.3562412262
    },
    "barkbands_flatness_db": {
        "dmean": 0.0138107361272,
        "dmean2": 0.0219834055752,
        "dvar": 0.000175165245309,
        "dvar2": 0.000407114042901,
        "max": 0.420620501041,
        "mean": 0.118896439672,
        "median": 0.111834101379,
        "min": 0.0439300015569,
        "var": 0.00172759639099
    },
    "barkbands_kurtosis": {
        "dmean": 1.25983989239,
        "dmean2": 1.97181475163,
        "dvar": 6.15853452682,
        "dvar2": 12.2079229355,
        "max": 139.850463867,
        "mean": 1.77527749538,
        "median": 0.544122934341,
        "min": -1.90593445301,
        "var": 25.2107448578
    },
    "barkbands_skewness": {
        "dmean": 0.345578610897,
        "dmean2": 0.542772293091,
        "dvar": 0.152285382152,
        "dvar2": 0.350613623857,
        "max": 7.79777193069,
        "mean": 0.575712382793,
        "median": 0.600255310535,
        "min": -3.11440134048,
        "var": 1.62086629868
    },
    "barkbands_spread": {
        "dmean": 4.73143386841,
        "dmean2": 7.51013612747,
        "dvar": 36.2344665527,
        "dvar2": 87.3935012817,
        "max": 104.368171692,
        "mean": 24.591966629,
        "median": 23.3084945679,
        "min": 0.594184160233,
        "var": 141.883972168
    },
    "dissonance": {
        "dmean": 0.0145930610597,
        "dmean2": 0.0246817115694,
        "dvar": 0.000222571572522,
        "dvar2": 0.000607679889072,
        "max": 0.499999970198,
        "mean": 0.468708336353,
        "median": 0.47633394599,
        "min": 0.186490654945,
        "var": 0.000916551449336
    },
    "dynamic_complexity": 2.12588739395,
    "erbbands_crest": {
        "dmean": 2.21856069565,
        "dmean2": 3.59916400909,
        "dvar": 4.91576910019,
        "dvar2": 12.6058149338,
        "max": 29.9496192932,
        "mean": 8.4325799942,
        "median": 7.46656751633,
        "min": 2.60527610779,
        "var": 18.2128124237
    },
    "erbbands_flatness_db": {
        "dmean": 0.0125160431489,
        "dmean2": 0.018801363185,
        "dvar": 0.000135316717206,
        "dvar2": 0.000275933998637,
        "max": 0.397260576487,
        "mean": 0.16799287498,
        "median": 0.171540752053,
        "min": 0.0620218962431,
        "var": 0.00195861584507
    },
    "erbbands_kurtosis": {
        "dmean": 0.673634588718,
        "dmean2": 1.07501935959,
        "dvar": 0.861969530582,
        "dvar2": 1.76013529301,
        "max": 48.700504303,
        "mean": 0.218348324299,
        "median": -0.0826654434204,
        "min": -1.89562952518,
        "var": 2.95019102097
    },
    "erbbands_skewness": {
        "dmean": 0.28648018837,
        "dmean2": 0.446566611528,
        "dvar": 0.0820741727948,
        "dvar2": 0.183257982135,
        "max": 6.08745956421,
        "mean": 0.174342721701,
        "median": 0.19926558435,
        "min": -3.27027463913,
        "var": 0.530959963799
    },
    "erbbands_spread": {
        "dmean": 5.81245994568,
        "dmean2": 9.14850521088,
        "dvar": 42.5584373474,
        "dvar2": 95.2274627686,
        "max": 121.185493469,
        "mean": 34.3151893616,
        "median": 32.389793396,
        "min": 2.58341574669,
        "var": 237.94392395
    },
    "hfc": {
        "dmean": 6.20095396042,
        "dmean2": 9.57227134705,
        "dvar": 174.615097046,
        "dvar2": 360.538696289,
        "max": 418.363891602,
        "mean": 27.5444774628,
        "median": 24.9450359344,
        "min": 1.04250876237e-16,
        "var": 637.184387207
    },
    "melbands_crest": {
        "dmean": 2.65742921829,
        "dmean2": 4.31785583496,
        "dvar": 7.82090616226,
        "dvar2": 18.9156570435,
        "max": 33.0668792725,
        "mean": 10.3983602524,
        "median": 9.03762245178,
        "min": 1.49185276031,
        "var": 37.1559638977
    },
    "melbands_flatness_db": {
        "dmean": 0.0157254170626,
        "dmean2": 0.0242476109415,
        "dvar": 0.000360886828275,
        "dvar2": 0.000800069770776,
        "max": 0.469336599112,
        "mean": 0.131017223001,
        "median": 0.128396660089,
        "min": 0.00267126271501,
        "var": 0.00483228079975
    },
    "melbands_kurtosis": {
        "dmean": 2.83496546745,
        "dmean2": 4.46049499512,
        "dvar": 37.0217056274,
        "dvar2": 86.6847076416,
        "max": 139.619186401,
        "mean": 5.47878313065,
        "median": 2.11173248291,
        "min": -1.87578296661,
        "var": 101.165534973
    },
    "melbands_skewness": {
        "dmean": 0.447870671749,
        "dmean2": 0.694216489792,
        "dvar": 0.284190267324,
        "dvar2": 0.661969125271,
        "max": 10.417140007,
        "mean": 1.5487767458,
        "median": 1.31890797615,
        "min": -1.08169710636,
        "var": 1.85285592079
    },
    "melbands_spread": {
        "dmean": 7.95195531845,
        "dmean2": 12.7655563354,
        "dvar": 108.14982605,
        "dvar2": 252.695129395,
        "max": 220.535720825,
        "mean": 43.5179443359,
        "median": 32.5712089539,
        "min": 0.729798555374,
        "var": 1321.28320312
    },
    "pitch_salience": {
        "dmean": 0.0536607764661,
        "dmean2": 0.0875650420785,
        "dvar": 0.00293835927732,
        "dvar2": 0.00745861791074,
        "max": 0.897502660751,
        "mean": 0.610163867474,
        "median": 0.60393512249,
        "min": 0.0873646363616,
        "var": 0.0148745924234
    },
    "silence_rate_20dB": {
        "dmean": 0,
        "dmean2": 0,
        "dvar": 0,
        "dvar2": 0,
        "max": 1,
        "mean": 1,
        "median": 1,
        "min": 1,
        "var": 0
    },
    "silence_rate_30dB": {
        "dmean": 0.000231374360737,
        "dmean2": 0.000462802272523,
        "dvar": 0.000231277270359,
        "dvar2": 0.000693814945407,
        "max": 1,
        "mean": 0.999884307384,
        "median": 1,
        "min": 0,
        "var": 0.000115649527288
    },
    "silence_rate_60dB": {
        "dmean": 0.00231374357827,
        "dmean2": 0.00462802266702,
        "dvar": 0.00230871816166,
        "dvar2": 0.00622771680355,
        "max": 1,
        "mean": 0.146674379706,
        "median": 0,
        "min": 0,
        "var": 0.125135675073
    },
    "spectral_centroid": {
        "dmean": 253.218307495,
        "dmean2": 406.669342041,
        "dvar": 87138.8046875,
        "dvar2": 212049.1875,
        "max": 11884.75,
        "mean": 2830.31640625,
        "median": 1942.69946289,
        "min": 363.545501709,
        "var": 8691466
    },
    "spectral_complexity": {
        "dmean": 2.95974087715,
        "dmean2": 4.8672914505,
        "dvar": 13.5475845337,
        "dvar2": 33.2687339783,
        "max": 55,
        "mean": 21.8732223511,
        "median": 24,
        "min": 0,
        "var": 144.384384155
    },
    "spectral_decrease": {
        "dmean": 1.2092115087e-09,
        "dmean2": 1.83686654776e-09,
        "dvar": 2.73357177619e-18,
        "dvar2": 5.94265453135e-18,
        "max": 2.53083035466e-28,
        "mean": -5.55907009314e-09,
        "median": -5.69569325037e-09,
        "min": -3.79929048222e-08,
        "var": 1.3432291491e-17
    },
    "spectral_energy": {
        "dmean": 0.0049073304981,
        "dmean2": 0.00744225922972,
        "dvar": 4.34134417446e-05,
        "dvar2": 9.45781212067e-05,
        "max": 0.146631404757,
        "mean": 0.0234795603901,
        "median": 0.0243874751031,
        "min": 9.78456921629e-21,
        "var": 0.000225691721425
    },
    "spectral_energyband_high": {
        "dmean": 0.000598785059992,
        "dmean2": 0.000929742178414,
        "dvar": 3.10108680424e-06,
        "dvar2": 6.49323828839e-06,
        "max": 0.0612113215029,
        "mean": 0.00143687298987,
        "median": 0.00075754977297,
        "min": 6.92694777443e-21,
        "var": 7.82603819971e-06
    },
    "spectral_energyband_low": {
        "dmean": 0.00199845409952,
        "dmean2": 0.00307467440143,
        "dvar": 2.57146348304e-05,
        "dvar2": 5.65112713957e-05,
        "max": 0.128958106041,
        "mean": 0.00406501581892,
        "median": 0.000864422298037,
        "min": 1.03543026743e-23,
        "var": 6.42577142571e-05
    },
    "spectral_energyband_middle_high": {
        "dmean": 0.00198990758508,
        "dmean2": 0.00315527617931,
        "dvar": 5.80571304454e-06,
        "dvar2": 1.46792353917e-05,
        "max": 0.035405471921,
        "mean": 0.00813085399568,
        "median": 0.00681396527216,
        "min": 1.1146685875e-21,
        "var": 4.56296729681e-05
    },
    "spectral_energyband_middle_low": {
        "dmean": 0.00307093374431,
        "dmean2": 0.00463338335976,
        "dvar": 1.86288307304e-05,
        "dvar2": 3.95966999349e-05,
        "max": 0.086953908205,
        "mean": 0.0106184883043,
        "median": 0.00941528379917,
        "min": 1.07184676894e-22,
        "var": 7.93040817371e-05
    },
    "spectral_entropy": {
        "dmean": 0.0949836075306,
        "dmean2": 0.139222353697,
        "dvar": 0.0121695538983,
        "dvar2": 0.0227489750832,
        "max": 9.82973766327,
        "mean": 7.86814546585,
        "median": 7.68078279495,
        "min": 4.60164070129,
        "var": 0.633035838604
    },
    "spectral_flux": {
        "dmean": 0.0149734690785,
        "dmean2": 0.0247090924531,
        "dvar": 0.000352505012415,
        "dvar2": 0.000892071635462,
        "max": 0.281724393368,
        "mean": 0.0734958648682,
        "median": 0.0775368511677,
        "min": 6.27433313638e-11,
        "var": 0.00164755049627
    },
    "spectral_kurtosis": {
        "dmean": 1.03985536098,
        "dmean2": 1.78972685337,
        "dvar": 1.29627931118,
        "dvar2": 3.80687451363,
        "max": 31.1567153931,
        "mean": 3.06923890114,
        "median": 3.18045806885,
        "min": -1.28642940521,
        "var": 6.48414611816
    },
    "spectral_rms": {
        "dmean": 0.000455004308606,
        "dmean2": 0.000682440411765,
        "dvar": 2.79692386584e-07,
        "dvar2": 5.80997038924e-07,
        "max": 0.0119605613872,
        "mean": 0.0043283328414,
        "median": 0.00487777171656,
        "min": 3.08964746148e-12,
        "var": 4.17246883444e-06
    },
    "spectral_rolloff": {
        "dmean": 535.937805176,
        "dmean2": 897.77331543,
        "dvar": 733183.875,
        "dvar2": 1634101.75,
        "max": 19832.0800781,
        "mean": 4015.35913086,
        "median": 2153.3203125,
        "min": 86.1328125,
        "var": 28838994
    },
    "spectral_skewness": {
        "dmean": 0.158832713962,
        "dmean2": 0.264288187027,
        "dvar": 0.0256981924176,
        "dvar2": 0.0665664821863,
        "max": 4.70386362076,
        "mean": 1.18183648586,
        "median": 1.27569115162,
        "min": -0.178923398256,
        "var": 0.287831783295
    },
    "spectral_spread": {
        "dmean": 419686.625,
        "dmean2": 647676.25,
        "dvar": 523122802688,
        "dvar2": 1.12520829338e+12,
        "max": 43548196,
        "mean": 8215509,
        "median": 3937422.5,
        "min": 2274844.75,
        "var": 1.31234915156e+14
    },
    "spectral_strongpeak": {
        "dmean": 0.734607040882,
        "dmean2": 1.24794411659,
        "dvar": 1.52751088142,
        "dvar2": 3.96811628342,
        "max": 25.1873912811,
        "mean": 1.45414531231,
        "median": 0.971755921841,
        "min": 0,
        "var": 2.87197780609
    },
    "zerocrossingrate": {
        "dmean": 0.00921961292624,
        "dmean2": 0.0116284154356,
        "dvar": 0.000155053261551,
        "dvar2": 0.000189583952306,
        "max": 0.689453125,
        "mean": 0.125348493457,
        "median": 0.0791015625,
        "min": 0.00830078125,
        "var": 0.0186631996185
    },
    "barkbands": {
        "dmean": [8.47419141792e-05, 0.00149172148667, 0.000751681975089, 0.000404643476941, 0.00115394731984, 0.0010636607185, 0.000960494682658, 0.000826320901979, 0.000712197972462, 0.000858851941302, 0.000352911272785, 0.000548758427612, 0.000398684176616, 0.000570885895286, 0.000416153488914, 0.000302606786136, 0.000296510901535, 0.000257005856838, 0.000262354384176, 0.000277122861007, 0.000179338341695, 0.000129464868223, 0.000107469466457, 8.86677225935e-05, 4.75961787743e-05, 1.51678250404e-05, 6.22439166875e-09],
        "dmean2": [0.000148115170305, 0.00223761843517, 0.00118518364616, 0.000662269827444, 0.00186804705299, 0.00164961232804, 0.00140629173256, 0.00127581250854, 0.00112000899389, 0.0013434648281, 0.000573998549953, 0.000899797654711, 0.000666085572448, 0.000940178229939, 0.000693585781846, 0.000500593509059, 0.000480533228256, 0.000414589914726, 0.000435110850958, 0.000456964829937, 0.000296587473713, 0.000212640909012, 0.000160132040037, 0.000132752262289, 6.81107267155e-05, 2.07723187486e-05, 1.13007505576e-08],
        "dvar": [2.56024268452e-08, 2.02187184186e-05, 5.05793877892e-06, 8.29989460271e-07, 9.01221483218e-06, 5.2044624681e-06, 2.68552867055e-06, 2.48848482443e-06, 1.81725249604e-06, 2.43112572207e-06, 6.27549979981e-07, 1.24953737668e-06, 8.63451646183e-07, 1.29058230414e-06, 6.31819887076e-07, 3.94102301016e-07, 4.74230176906e-07, 2.56697092027e-07, 2.10945458434e-07, 2.76473315353e-07, 2.69886726301e-07, 2.50983049455e-07, 2.96379766951e-07, 1.49504103319e-07, 6.43536495204e-08, 1.11031237537e-08, 8.38955048146e-15],
        "dvar2": [7.13875039082e-08, 4.13135603594e-05, 1.26058130263e-05, 2.21438153858e-06, 1.90323917195e-05, 1.11076506073e-05, 5.59674572287e-06, 5.63868661629e-06, 4.21524919147e-06, 5.66964399695e-06, 1.52453719693e-06, 3.39088182955e-06, 2.38369648287e-06, 3.53108339368e-06, 1.65175526945e-06, 1.00830811789e-06, 1.14016688713e-06, 6.2181584326e-07, 5.54484074655e-07, 6.71727264034e-07, 6.60671560127e-07, 6.17995965513e-07, 6.47444153401e-07, 2.76130634802e-07, 1.12735520474e-07, 1.85817476961e-08, 2.62386209223e-14],
        "max": [0.00298331072554, 0.122695185244, 0.0420735105872, 0.0208570677787, 0.0719471201301, 0.0635008066893, 0.0418973937631, 0.0361390374601, 0.0330650098622, 0.0413356088102, 0.0167676880956, 0.0189014449716, 0.0222555845976, 0.0187900662422, 0.0176459550858, 0.0152460215613, 0.0247208382934, 0.0172614082694, 0.0123439151794, 0.0206938125193, 0.0206540320069, 0.0169697590172, 0.0255212616175, 0.0193939562887, 0.0111269801855, 0.00528096035123, 5.26600115336e-06],
        "mean": [9.83030404313e-05, 0.00235745985992, 0.00121917319484, 0.000770684797317, 0.00209828210063, 0.00226540234871, 0.00214589899406, 0.00140637950972, 0.00128622667398, 0.00160190160386, 0.000609138398431, 0.00103304092772, 0.000746821053326, 0.00112077279482, 0.00076019577682, 0.000587035203353, 0.000594977522269, 0.000553676858544, 0.00056674546795, 0.000605073233601, 0.000311589014018, 0.000226063843002, 0.000217166350922, 0.000181712399353, 9.0230780188e-05, 2.56259900198e-05, 4.29339852559e-09],
        "median": [4.80195158161e-05, 0.000169579841895, 0.000199231377337, 0.000178614456672, 0.000989052932709, 0.00106956553645, 0.00082571641542, 0.000561995664611, 0.000574907578994, 0.000648363260552, 0.000190213468159, 0.000350119225914, 0.000248484866461, 0.000360139732948, 0.000336880912073, 0.000233595696045, 0.000241001151153, 0.000299652310787, 0.000323793297866, 0.000371133704903, 0.000134392597829, 6.80732991896e-05, 7.422483759e-05, 5.48322823306e-05, 1.85345925274e-05, 3.92515448766e-06, 4.68941607767e-10],
        "min": [6.93323316844e-26, 3.61636617312e-25, 1.91748481862e-25, 6.72814979417e-25, 2.77570077225e-24, 2.88550764646e-24, 4.79716887201e-24, 6.97944685894e-24, 8.71138703205e-24, 1.01568389568e-23, 1.08470386063e-23, 1.312459758e-23, 1.84576286208e-23, 2.61268712325e-23, 2.24655989552e-23, 4.7977349586e-23, 5.7301581356e-23, 6.94560472611e-23, 9.30083289345e-23, 1.40852452535e-22, 1.76022799942e-22, 2.39561178723e-22, 3.63335979107e-22, 5.02243125894e-22, 7.89130960708e-22, 1.22505388135e-21, 1.84227602115e-21],
        "var": [2.76861324977e-08, 3.72699541913e-05, 8.74271972862e-06, 2.35712559515e-06, 1.51410449689e-05, 1.64033190231e-05, 1.56722653628e-05, 5.68904442844e-06, 4.43306316811e-06, 6.92394360158e-06, 1.47738910528e-06, 3.2282293887e-06, 2.45117280429e-06, 3.94538255932e-06, 1.39088865581e-06, 1.08864355752e-06, 1.35780226174e-06, 8.93789263046e-07, 5.42586576557e-07, 6.64298738684e-07, 4.32977373066e-07, 3.96936314928e-07, 6.02737941335e-07, 4.09196786677e-07, 1.8207127539e-07, 3.24653086636e-08, 5.14557819435e-15]
    },
    "erbbands": {
        "dmean": [0.0467156097293, 0.337447822094, 0.878674507141, 1.00532996655, 3.10790276527, 3.623929739, 6.45094776154, 9.28805160522, 14.0175256729, 10.9891462326, 20.4946517944, 16.8983364105, 24.0898742676, 21.8754253387, 15.3012895584, 23.3045005798, 19.1160583496, 25.7576522827, 23.7039451599, 17.7125473022, 15.0768899918, 13.5351295471, 12.113527298, 14.4975776672, 11.5880537033, 13.923418045, 10.3226222992, 4.70967340469, 4.27557229996, 3.99428105354, 3.14597773552, 2.26165270805, 1.33874940872, 0.580181837082, 0.330489844084, 0.110031440854, 0.0204172506928, 0.00101667700801, 2.6426407203e-05, 7.5532034316e-06],
        "dmean2": [0.0709166526794, 0.521961152554, 1.39102911949, 1.59359610081, 5.0201458931, 5.87281322479, 10.0828227997, 14.4392080307, 20.5737628937, 16.3776760101, 31.6658306122, 26.1739654541, 37.7476043701, 34.9466972351, 24.8542728424, 38.2528762817, 31.9677658081, 42.6428947449, 39.0392036438, 29.5383338928, 24.7236118317, 21.7924823761, 19.5322113037, 23.818479538, 19.3882408142, 23.0649318695, 16.9629497528, 7.8486661911, 6.93124198914, 6.31438732147, 4.7568564415, 3.41669631004, 2.01677036285, 0.844252705574, 0.479753881693, 0.158056005836, 0.0272256750613, 0.00140894739889, 3.57340759365e-05, 1.11275639938e-05],
        "dvar": [0.0237958952785, 0.992060720921, 7.31736755371, 4.22516727448, 100.489280701, 66.4011383057, 171.179718018, 466.85333252, 576.541992188, 441.497772217, 1616.11523438, 1245.09631348, 2443.29296875, 1902.13378906, 917.950012207, 2615.47973633, 2172.77758789, 2721.37329102, 1939.96740723, 1470.38903809, 1106.90930176, 905.787719727, 516.335754395, 864.434875488, 437.238922119, 692.735717773, 603.31451416, 239.363800049, 229.335220337, 408.903930664, 244.252258301, 111.906044006, 35.696182251, 8.23016357422, 3.87760424614, 0.62390011549, 0.0191103909165, 6.30677386653e-05, 2.73696034725e-08, 2.84142015472e-10],
        "dvar2": [0.0511530451477, 2.00894188881, 18.7779464722, 10.8891944885, 225.398147583, 149.633911133, 384.254669189, 1005.61273193, 1284.08911133, 954.392883301, 3683.25268555, 2803.35449219, 5570.44384766, 4669.58544922, 2301.14526367, 7150.31884766, 5985.79199219, 7620.77294922, 5103.34423828, 3823.98706055, 2774.96972656, 2126.25976562, 1252.98803711, 2132.11743164, 1167.6229248, 1762.31677246, 1506.77075195, 594.474487305, 549.309692383, 972.359802246, 545.125915527, 228.747451782, 69.4452514648, 13.8777112961, 7.57903909683, 1.20085322857, 0.0270646251738, 0.000119801567052, 4.19357277792e-08, 4.81241158035e-10],
        "max": [3.55988574028, 26.9234275818, 44.4517974854, 55.0074005127, 216.723434448, 173.971374512, 416.370483398, 600.647094727, 584.913208008, 701.059082031, 861.702270508, 954.196899414, 1527.5748291, 1234.47595215, 757.414794922, 967.028076172, 1125.75793457, 959.106689453, 774.794311523, 1214.27429199, 1012.72711182, 955.256774902, 605.625793457, 1105.21459961, 492.824401855, 816.046936035, 765.981689453, 446.729309082, 533.596557617, 894.515991211, 714.766662598, 458.703948975, 344.777008057, 126.963874817, 102.593002319, 38.736782074, 8.19659614563, 0.500937700272, 0.0103921918198, 0.000769752659835],
        "mean": [0.061655625701, 0.55787986517, 1.43303740025, 2.11113595963, 4.70740556717, 6.50039863586, 12.9980888367, 19.2901878357, 31.8778514862, 23.5064716339, 36.0588302612, 32.3034248352, 44.7622299194, 41.6435432434, 30.3803672791, 45.3020248413, 39.0272407532, 52.8681030273, 48.4324493408, 35.307636261, 33.0817451477, 30.8849658966, 27.8408813477, 32.3724708557, 26.5775775909, 30.9097061157, 20.3443374634, 8.34602069855, 7.32708311081, 7.3638420105, 6.30856323242, 4.50886154175, 2.62432742119, 1.15877199173, 0.572988152504, 0.183561086655, 0.0360058099031, 0.00164847914129, 6.00911880611e-05, 3.41943341482e-05],
        "median": [0.00481467600912, 0.0393305160105, 0.224515095353, 0.648180544376, 1.48593556881, 3.13758158684, 5.70817041397, 8.38942718506, 13.7184247971, 11.2899007797, 16.4310779572, 15.676897049, 17.6824131012, 19.4110660553, 14.2434120178, 17.2963962555, 15.9302091599, 21.4414138794, 21.1585884094, 18.6560688019, 14.442940712, 13.2038574219, 15.9758214951, 18.7333507538, 15.5881938934, 18.7654724121, 10.2579317093, 3.5185148716, 2.30909371376, 2.35251402855, 2.17522954941, 1.40942239761, 0.741912782192, 0.261845201254, 0.101567596197, 0.0296342354268, 0.00563555210829, 0.000165949604707, 2.43647045863e-05, 3.28550995619e-05],
        "min": [6.03165572487e-23, 1.71517015778e-22, 7.0978725513e-22, 3.24471672499e-21, 6.20461876686e-21, 6.61224836441e-21, 1.76042242018e-20, 4.22323136347e-20, 8.98183082148e-20, 1.19046670536e-19, 1.64630138401e-19, 2.21985989046e-19, 1.92338905314e-19, 4.33221887152e-19, 4.40513587649e-19, 9.48539485546e-19, 9.93835068708e-19, 1.6863266893e-18, 1.90913057903e-18, 2.10492650476e-18, 3.19851552284e-18, 3.70262875304e-18, 4.29446862311e-18, 5.10481941892e-18, 6.48980059215e-18, 7.54511554969e-18, 7.14145637385e-18, 7.50998022599e-18, 8.05215079541e-18, 9.30917664046e-18, 9.9077584461e-18, 9.91586481611e-18, 9.27981586461e-18, 7.13150125518e-18, 5.59365999988e-18, 3.86700567078e-18, 2.21577160198e-18, 8.68245580473e-19, 2.27074002843e-19, 2.46701237789e-20],
        "var": [0.0339191444218, 1.9259210825, 11.3378734589, 13.2667951584, 134.138656616, 118.801208496, 523.609863281, 1408.91467285, 3191.20849609, 1286.0246582, 3568.36938477, 2918.68920898, 6881.23730469, 4501.55126953, 2341.91503906, 6321.8671875, 6041.63964844, 8023.46044922, 5432.171875, 3080.37060547, 3596.48730469, 3263.19433594, 1601.57507324, 2481.22949219, 1264.10058594, 1783.89599609, 1150.10766602, 375.02331543, 368.640350342, 692.522521973, 493.211914062, 258.242584229, 91.8666992188, 24.5986328125, 9.48578262329, 1.5321739912, 0.0656555742025, 0.000162079595611, 9.1335714103e-08, 1.17437715108e-09]
    },
    "gfcc": {
        "mean": [-109.828056335, 71.5418243408, -134.021652222, 29.0706748962, -67.0142822266, 11.861995697, -38.1579055786, 10.5375299454, -22.4422664642, 4.38256025314, -8.2488899231, -3.7844979763, -5.54368591309],
        "cov": [[134795.25, 9421.47167969, -17069.4628906, 3928.47143555, -8652.56933594, 1533.95056152, -4845.89111328, 1285.40893555, -2996.09692383, 409.129455566, -1072.75012207, -642.983886719, -761.186889648], [9421.47167969, 1504.09716797, -988.012145996, 322.148925781, -503.931732178, -5.15570020676, -210.363098145, 80.7109375, -171.639160156, -6.36230039597, 14.2187395096, -130.599441528, -32.3503913879], [-17069.4628906, -988.012145996, 2978.56079102, -251.404586792, 1120.67333984, -174.208892822, 621.623046875, -139.799850464, 384.77142334, -56.504070282, 92.2828826904, 69.795715332, 47.3434448242], [3928.47143555, 322.148925781, -251.404586792, 434.764862061, -138.163452148, 111.441604614, -126.062065125, 51.7084770203, -71.8260803223, -30.5841693878, -61.5049247742, -44.8779525757, -42.7894897461], [-8652.56933594, -503.931732178, 1120.67333984, -138.163452148, 761.906555176, -3.475035429, 368.062957764, -56.2422370911, 206.189193726, -38.8372993469, 62.8504447937, 22.1777648926, 45.8814620972], [1533.95056152, -5.15570020676, -174.208892822, 111.441604614, -3.475035429, 245.99105835, -1.07974278927, 2.85232686996, -56.8247146606, 0.215221956372, -25.211397171, -20.5395774841, -26.3563594818], [-4845.89111328, -210.363098145, 621.623046875, -126.062065125, 368.062957764, -1.07974278927, 326.546417236, -25.8749370575, 114.089782715, 6.32077360153, 60.597568512, 1.02913224697, 27.0992221832], [1285.40893555, 80.7109375, -139.799850464, 51.7084770203, -56.2422370911, 2.85232686996, -25.8749370575, 129.984130859, 22.6056251526, 19.9061851501, -5.99053573608, 8.95256328583, -1.05007886887], [-2996.09692383, -171.639160156, 384.77142334, -71.8260803223, 206.189193726, -56.8247146606, 114.089782715, 22.6056251526, 169.652954102, 20.4682254791, 30.7550182343, 40.5432243347, 27.4946937561], [409.129455566, -6.36230039597, -56.504070282, -30.5841693878, -38.8372993469, 0.215221956372, 6.32077360153, 19.9061851501, 20.4682254791, 117.41860199, 24.3435955048, 19.8286590576, 5.58931064606], [-1072.75012207, 14.2187395096, 92.2828826904, -61.5049247742, 62.8504447937, -25.211397171, 60.597568512, -5.99053573608, 30.7550182343, 24.3435955048, 129.064590454, 0.466015726328, 22.5594959259], [-642.983886719, -130.599441528, 69.795715332, -44.8779525757, 22.1777648926, -20.5395774841, 1.02913224697, 8.95256328583, 40.5432243347, 19.8286590576, 0.466015726328, 96.9552154541, 22.6065578461], [-761.186889648, -32.3503913879, 47.3434448242, -42.7894897461, 45.8814620972, -26.3563594818, 27.0992221832, -1.05007886887, 27.4946937561, 5.58931064606, 22.5594959259, 22.6065578461, 70.844291687]],
        "icov": [[0.000326604931615, -0.000794496794697, 0.000643074454274, -0.000825865019578, 0.00125604891218, -0.000918007921427, 0.000855804595631, -0.000961087527685, 0.000911942857783, -0.000769597478211, 0.00057171593653, -0.000470626226161, 0.000396155955968], [-0.000794496794697, 0.00319618289359, -0.0012910295045, 0.00111498497427, -0.00248654838651, 0.00289270305075, -0.00269422540441, 0.00216028094292, -0.00209874822758, 0.0020286089275, -0.0020403037779, 0.00224585295655, -0.00120405980852], [0.000643074454274, -0.0012910295045, 0.00228145439178, -0.00206603156403, 0.0016421606997, -0.000984105747193, 0.000887811998837, -0.00124000920914, 0.00124935281929, -0.00137170543894, 0.00112872128375, -0.00112149654888, 0.00138163578231], [-0.000825865019578, 0.00111498497427, -0.00206603156403, 0.00617734249681, -0.00347779341973, 0.000375354022253, -0.000359528057743, 0.00108728196938, -0.00225940695964, 0.00245540891774, -0.000436519098002, 0.00169393548276, -0.000425353937317], [0.00125604891218, -0.00248654838651, 0.0016421606997, -0.00347779341973, 0.0100187342614, -0.00463310210034, 0.000380521029001, -0.00304289115593, 0.000918139703572, -0.00116936804261, 0.00173715478741, -0.00102358206641, 0.00026872890885], [-0.000918007921427, 0.00289270305075, -0.000984105747193, 0.000375354022253, -0.00463310210034, 0.00879858061671, -0.00398600706831, 0.00278879562393, -0.000243952352321, 0.00127560843248, -0.00131449091714, 0.00119712902233, 0.000212349332287], [0.000855804595631, -0.00269422540441, 0.000887811998837, -0.000359528057743, 0.000380521029001, -0.00398600706831, 0.0108483852819, -0.00307332677767, 0.00166763924062, -0.00319777498953, 0.000507452583406, 0.000297319435049, 0.000578440725803], [-0.000961087527685, 0.00216028094292, -0.00124000920914, 0.00108728196938, -0.00304289115593, 0.00278879562393, -0.00307332677767, 0.0128906527534, -0.00649045221508, 0.00145361968316, -0.00133151793852, 0.000687539344653, -0.000870800577104], [0.000911942857783, -0.00209874822758, 0.00124935281929, -0.00225940695964, 0.000918139703572, -0.000243952352321, 0.00166763924062, -0.00649045221508, 0.0158843304962, -0.00428724475205, 0.00123811431695, -0.00425976747647, 0.000359506288078], [-0.000769597478211, 0.0020286089275, -0.00137170543894, 0.00245540891774, -0.00116936804261, 0.00127560843248, -0.00319777498953, 0.00145361968316, -0.00428724475205, 0.0123454751447, -0.00328087876551, -0.000384066806873, -0.000609036127571], [0.00057171593653, -0.0020403037779, 0.00112872128375, -0.000436519098002, 0.00173715478741, -0.00131449091714, 0.000507452583406, -0.00133151793852, 0.00123811431695, -0.00328087876551, 0.0108532421291, -0.000132421642775, -0.00127024890389], [-0.000470626226161, 0.00224585295655, -0.00112149654888, 0.00169393548276, -0.00102358206641, 0.00119712902233, 0.000297319435049, 0.000687539344653, -0.00425976747647, -0.000384066806873, -0.000132421642775, 0.015104948543, -0.00434809550643], [0.000396155955968, -0.00120405980852, 0.00138163578231, -0.000425353937317, 0.00026872890885, 0.000212349332287, 0.000578440725803, -0.000870800577104, 0.000359506288078, -0.000609036127571, -0.00127024890389, -0.00434809550643, 0.0180132146925]]
    },
    "melbands": {
        "dmean": [0.000420360069256, 0.000429893261753, 0.000214174651774, 0.000260241678916, 0.000200630543986, 0.000207408098504, 0.000214147745282, 0.000119517586427, 0.000166255791555, 0.000103476668301, 0.000121831522847, 9.28579902393e-05, 5.32844496774e-05, 6.40688449494e-05, 4.84388256154e-05, 4.09786844102e-05, 5.32227786607e-05, 4.22822777182e-05, 2.79381310975e-05, 2.3056030841e-05, 1.98743382498e-05, 1.59655864991e-05, 1.47668870341e-05, 1.26971790451e-05, 1.30382040879e-05, 9.49454533838e-06, 7.70339465817e-06, 1.06507650344e-05, 8.01313490228e-06, 4.33958848589e-06, 2.58632758232e-06, 2.78719812741e-06, 2.27065720537e-06, 2.26356496569e-06, 1.8917825173e-06, 1.80771473879e-06, 1.36465894229e-06, 1.05932474526e-06, 7.30712883978e-07, 4.55786079101e-07],
        "dmean2": [0.000616543693468, 0.000676858762745, 0.000340775208315, 0.000425932608778, 0.000315544690238, 0.000322302221321, 0.00031322875293, 0.00017970254703, 0.000255596532952, 0.000162101612659, 0.000190585618839, 0.000148820632603, 8.69030482136e-05, 0.000105605002318, 7.94430161477e-05, 6.82299869368e-05, 8.80544976098e-05, 6.8659108365e-05, 4.62355965283e-05, 3.84353625122e-05, 3.26791414409e-05, 2.58288655459e-05, 2.4278930141e-05, 2.04487787414e-05, 2.14545070776e-05, 1.59212613653e-05, 1.29075133373e-05, 1.766400419e-05, 1.31234273795e-05, 7.32286025595e-06, 4.32062961409e-06, 4.5925376071e-06, 3.66930498785e-06, 3.55604470315e-06, 2.92032427751e-06, 2.79724531538e-06, 2.09165318665e-06, 1.61128480158e-06, 1.11426709282e-06, 6.67025517487e-07],
        "dvar": [1.73935768544e-06, 1.43064562508e-06, 2.18509782712e-07, 5.88024079207e-07, 1.49955653228e-07, 2.16779213247e-07, 1.33207791464e-07, 5.02479089448e-08, 9.76045768653e-08, 4.28389235196e-08, 6.17534965386e-08, 3.54963596294e-08, 1.3926195308e-08, 1.63234830097e-08, 9.57342827235e-09, 7.48587503097e-09, 1.31165318606e-08, 6.76919231779e-09, 2.88957147099e-09, 2.5891480071e-09, 2.24596918841e-09, 1.51184376129e-09, 9.5906893538e-10, 7.23117454804e-10, 7.5795064669e-10, 2.98068764115e-10, 1.57113863586e-10, 4.4378759001e-10, 3.04258562789e-10, 3.68012897933e-10, 7.87790527257e-11, 9.0660999541e-11, 1.0010479945e-10, 1.23541107899e-10, 8.0710611805e-11, 9.58427573416e-11, 3.88448231914e-11, 2.33244933784e-11, 1.16907828904e-11, 5.08371166344e-12],
        "dvar2": [3.56927193934e-06, 3.54071107722e-06, 5.42857264918e-07, 1.24701045934e-06, 3.36449488714e-07, 4.68018470201e-07, 2.86225400714e-07, 1.0968233255e-07, 2.19153065473e-07, 9.79682610591e-08, 1.40510110214e-07, 8.69373906198e-08, 3.4757174916e-08, 4.37093667927e-08, 2.55830059359e-08, 2.01703276304e-08, 3.67563472992e-08, 1.72626073436e-08, 7.4886559176e-09, 6.92458224094e-09, 5.56874324431e-09, 3.55328211299e-09, 2.41112840804e-09, 1.73953929039e-09, 1.88772353305e-09, 7.93879850747e-10, 4.21397056138e-10, 1.09181541585e-09, 7.53585915891e-10, 8.73866423667e-10, 2.02182853792e-10, 2.27356161675e-10, 2.43183723159e-10, 2.87576767954e-10, 1.84922632762e-10, 2.17749596132e-10, 8.03329416876e-11, 4.8212177306e-11, 2.36143240379e-11, 8.69100798273e-12],
        "max": [0.034578204155, 0.0224881675094, 0.00962613150477, 0.0186432804912, 0.0113470265642, 0.0128886774182, 0.00934863183647, 0.00843335222453, 0.00693279737607, 0.00522306468338, 0.00768988765776, 0.0054196161218, 0.00240527885035, 0.00209518498741, 0.00252420362085, 0.00205411738716, 0.00220487662591, 0.00154183525592, 0.00120667123701, 0.00111671478953, 0.00128096423578, 0.00132772000507, 0.000710216001607, 0.000911653216463, 0.00103253941052, 0.000396464543883, 0.000266065268079, 0.000803043367341, 0.000512125494424, 0.0010152796749, 0.000297267135466, 0.000333954492817, 0.000357609300409, 0.000432652450399, 0.000393953843741, 0.000448961160146, 0.000329483125824, 0.000303954089759, 0.000159849907504, 0.000117111514555],
        "mean": [0.00062102440279, 0.000754475826398, 0.000429289240856, 0.000419294519816, 0.000415812799474, 0.000429029780207, 0.000494012259878, 0.000247038173256, 0.000294102850603, 0.000190262726392, 0.000219414505409, 0.000169425504282, 9.66581428656e-05, 0.000119859170809, 9.38760858844e-05, 7.61414412409e-05, 0.000103142068838, 8.09234552435e-05, 5.14998937433e-05, 4.27317645517e-05, 3.95045717596e-05, 3.22051055264e-05, 2.88065657514e-05, 2.60690321738e-05, 2.63895453827e-05, 1.96280034288e-05, 1.66810004885e-05, 2.17855231313e-05, 1.50651449076e-05, 6.71254110785e-06, 4.22076936957e-06, 4.27092390964e-06, 4.01406305173e-06, 3.9304773054e-06, 3.63264325642e-06, 3.30885768562e-06, 2.56143857769e-06, 1.95871848518e-06, 1.35780555865e-06, 8.38853338792e-07],
        "median": [5.09208293806e-05, 0.000100402976386, 0.000148155930219, 0.000162365220604, 0.000191403669305, 0.000184985692613, 0.000212258266401, 0.000122815050418, 0.000137987561175, 8.77339916769e-05, 7.89755649748e-05, 7.37856753403e-05, 3.65880441677e-05, 4.14884816564e-05, 3.45676489815e-05, 3.07131958834e-05, 3.26975969074e-05, 2.97400965792e-05, 2.41767429543e-05, 1.59254541359e-05, 1.53646687977e-05, 1.21411731016e-05, 1.31716706164e-05, 1.37971564982e-05, 1.37049946716e-05, 1.02363364931e-05, 1.0015765838e-05, 1.24149037219e-05, 6.89787520969e-06, 2.41129532697e-06, 1.4301444935e-06, 1.23346637793e-06, 1.20453205454e-06, 1.23483096104e-06, 1.2089219581e-06, 1.04481989638e-06, 7.35007006369e-07, 5.2400343975e-07, 3.28592534515e-07, 1.6672242964e-07],
        "min": [6.94339197127e-25, 4.38537835189e-25, 8.5534994801e-25, 4.24403567831e-25, 8.63856530974e-25, 7.84710412176e-25, 1.48292084559e-24, 1.08949224633e-24, 1.40574697766e-24, 1.35422558447e-24, 7.42753020691e-25, 1.45801009731e-24, 1.44495454794e-24, 1.68168046433e-24, 1.60821089e-24, 1.80600908451e-24, 2.01862208683e-24, 2.04055853366e-24, 1.78648319939e-24, 2.55291304198e-24, 3.41331870093e-24, 3.40463492008e-24, 2.45631702414e-24, 2.83023354334e-24, 3.32620676332e-24, 3.08073573215e-24, 3.50181706158e-24, 4.02683909831e-24, 3.51921420555e-24, 3.6574881116e-24, 4.17191061878e-24, 3.51412092512e-24, 3.99234102764e-24, 4.02694756669e-24, 5.29291391397e-24, 5.15437534509e-24, 5.1456339774e-24, 5.6590128216e-24, 4.89561871298e-24, 5.45739338486e-24],
        "var": [2.90103139378e-06, 2.59972580352e-06, 5.26878579876e-07, 8.335110806e-07, 4.91485764087e-07, 6.57078032873e-07, 7.88881493463e-07, 1.36505917681e-07, 2.19919400024e-07, 1.01026152777e-07, 1.74243908191e-07, 8.19606640334e-08, 3.29610152505e-08, 4.34611493461e-08, 2.73531846062e-08, 1.85851778411e-08, 3.79257691918e-08, 1.9368480153e-08, 6.14931439102e-09, 5.73760550182e-09, 6.94497614973e-09, 4.48473924664e-09, 2.49285125875e-09, 2.21752927132e-09, 1.93090543554e-09, 7.80774389586e-10, 4.34909996905e-10, 1.07161768348e-09, 6.27710938783e-10, 5.33793120816e-10, 1.2183093423e-10, 1.30168292811e-10, 1.60126689686e-10, 2.11561282382e-10, 1.6863899166e-10, 1.57991078553e-10, 8.9653943991e-11, 5.37295243019e-11, 3.06798406124e-11, 1.39676464839e-11]
    },
    "mfcc": {
        "mean": [-668.805236816, 90.3418884277, -15.9268522263, 12.5611286163, -6.89340353012, -3.25999999046, -2.88470315933, -1.47699260712, -6.55849027634, 6.83107042313, -4.23198747635, 1.22741734982, -0.812275588512],
        "cov": [[30802.2363281, 5277.52099609, -937.639099121, 801.153686523, -458.582305908, -183.712692261, -51.0357780457, -55.7631797791, -503.39251709, 450.459899902, -335.954223633, -54.2551498413, -164.173706055], [5277.52099609, 1767.50109863, -76.4939956665, 276.803497314, -115.487861633, -92.119140625, 29.1232757568, -34.4906959534, -94.7428970337, 142.272674561, -33.5350265503, 23.4556446075, -1.33964383602], [-937.639099121, -76.4939956665, 674.448547363, 167.905441284, 95.2079238892, 40.2527275085, 4.89680671692, 15.0536355972, 18.5489215851, -11.5352258682, 9.44518089294, 12.7984876633, -10.5126800537], [801.153686523, 276.803497314, 167.905441284, 294.475158691, 76.5651016235, 0.684739351273, 1.07710957527, 27.2862739563, 27.5055561066, 23.3616065979, -8.425740242, 29.6646366119, 0.707408607006], [-458.582305908, -115.487861633, 95.2079238892, 76.5651016235, 206.659820557, 55.2946052551, 18.2900810242, 53.9377326965, 35.3769683838, 6.96339130402, -9.77193450928, 15.1764678955, -7.4258646965], [-183.712692261, -92.119140625, 40.2527275085, 0.684739351273, 55.2946052551, 210.517715454, 79.4493408203, 29.7148647308, 19.7070541382, 6.04866838455, 24.5435848236, -26.0510387421, -20.7243881226], [-51.0357780457, 29.1232757568, 4.89680671692, 1.07710957527, 18.2900810242, 79.4493408203, 170.285430908, 25.1661396027, -19.0771713257, 53.0234069824, 11.0598945618, -18.4003677368, -12.4488620758], [-55.7631797791, -34.4906959534, 15.0536355972, 27.2862739563, 53.9377326965, 29.7148647308, 25.1661396027, 113.395530701, 39.3681373596, 0.815394759178, 2.21199941635, 5.01671743393, -5.97907781601], [-503.39251709, -94.7428970337, 18.5489215851, 27.5055561066, 35.3769683838, 19.7070541382, -19.0771713257, 39.3681373596, 127.686981201, -4.62920427322, 22.2252388, 18.4997787476, 11.9976911545], [450.459899902, 142.272674561, -11.5352258682, 23.3616065979, 6.96339130402, 6.04866838455, 53.0234069824, 0.815394759178, -4.62920427322, 102.942718506, 16.9434833527, 3.00039124489, -2.70665335655], [-335.954223633, -33.5350265503, 9.44518089294, -8.425740242, -9.77193450928, 24.5435848236, 11.0598945618, 2.21199941635, 22.2252388, 16.9434833527, 83.9004745483, 21.3188095093, 10.4197425842], [-54.2551498413, 23.4556446075, 12.7984876633, 29.6646366119, 15.1764678955, -26.0510387421, -18.4003677368, 5.01671743393, 18.4997787476, 3.00039124489, 21.3188095093, 91.4027328491, 30.7171192169], [-164.173706055, -1.33964383602, -10.5126800537, 0.707408607006, -7.4258646965, -20.7243881226, -12.4488620758, -5.97907781601, 11.9976911545, -2.70665335655, 10.4197425842, 30.7171192169, 78.9982376099]],
