{
"lowlevel": {
    "average_loudness": 0.874577105045,
    "barkbands_crest": {
        "dmean": 1.75485098362,
        "dmean2": 2.87848091125,
        "dvar": 3.00002813339,
        "dvar2": 7.57840204239,
        "max": 25.3470573425,
        "mean": 7.3296546936,
        "median": 6.6550951004,
        "min": 2.07499599457,
        "var": 8.5534286499
    },
    "barkbands_flatness_db": {
        "dmean": 0.0123024461791,
        "dmean2": 0.0195739269257,
        "dvar": 0.000129931431729,
        "dvar2": 0.000305338297039,
        "max": 0.301926970482,
        "mean": 0.111698158085,
        "median": 0.106293655932,
        "min": 0.035596664995,
        "var": 0.00113068788778
    },
    "barkbands_kurtosis": {
        "dmean": 0.985913574696,
        "dmean2": 1.56163811684,
        "dvar": 3.48652815819,
        "dvar2": 7.69327163696,
        "max": 71.6209182739,
        "mean": 1.12718868256,
        "median": -0.0523645877838,
        "min": -1.89623355865,
        "var": 12.7777385712
    },
    "barkbands_skewness": {
        "dmean": 0.331046015024,
        "dmean2": 0.504401743412,
        "dvar": 0.132552087307,
        "dvar2": 0.272075891495,
        "max": 7.60974216461,
        "mean": 0.393168181181,
        "median": 0.423337072134,
        "min": -6.58581018448,
        "var": 1.46935272217
    },
    "barkbands_spread": {
        "dmean": 4.89544057846,
        "dmean2": 7.73266887665,
        "dvar": 42.1577415466,
        "dvar2": 94.5366210938,
        "max": 131.842758179,
        "mean": 29.4462070465,
        "median": 27.3812294006,
        "min": 1.8925807476,
        "var": 199.272888184
    },
    "dissonance": {
        "dmean": 0.0129244644195,
        "dmean2": 0.0218565184623,
        "dvar": 0.000193868996575,
        "dvar2": 0.000537766667549,
        "max": 0.500000059605,
        "mean": 0.472264528275,
        "median": 0.479249536991,
        "min": 0.281421869993,
        "var": 0.000637381745037
    },
    "dynamic_complexity": 1.96633553505,
    "erbbands_crest": {
        "dmean": 2.09619474411,
        "dmean2": 3.44217658043,
        "dvar": 4.25005197525,
        "dvar2": 10.821978569,
        "max": 26.7162036896,
        "mean": 8.10886859894,
        "median": 7.37600421906,
        "min": 2.46714758873,
        "var": 14.4522857666
    },
    "erbbands_flatness_db": {
        "dmean": 0.0119516626,
        "dmean2": 0.0184225197881,
        "dvar": 0.000132694287458,
        "dvar2": 0.000267993222224,
        "max": 0.310688555241,
        "mean": 0.158358827233,
        "median": 0.157879337668,
        "min": 0.0689461529255,
        "var": 0.00154435099103
    },
    "erbbands_kurtosis": {
        "dmean": 0.732982218266,
        "dmean2": 1.16554903984,
        "dvar": 1.21306526661,
        "dvar2": 2.61919689178,
        "max": 26.077829361,
        "mean": 0.547539234161,
        "median": 0.143060088158,
        "min": -1.68164873123,
        "var": 3.38669586182
    },
    "erbbands_skewness": {
        "dmean": 0.275658786297,
        "dmean2": 0.426206022501,
        "dvar": 0.0835510715842,
        "dvar2": 0.166959702969,
        "max": 2.97922468185,
        "mean": -0.179521054029,
        "median": -0.151738464832,
        "min": -4.60583877563,
        "var": 0.622344970703
    },
    "erbbands_spread": {
        "dmean": 5.93537378311,
        "dmean2": 9.27143859863,
        "dvar": 47.9972801208,
        "dvar2": 107.827842712,
        "max": 123.230987549,
        "mean": 34.1367645264,
        "median": 32.5506362915,
        "min": 3.30304551125,
        "var": 228.080444336
    },
    "hfc": {
        "dmean": 7.16649055481,
        "dmean2": 10.3981704712,
        "dvar": 220.184310913,
        "dvar2": 349.011108398,
        "max": 395.781280518,
        "mean": 29.3319129944,
        "median": 24.6139755249,
        "min": 1.04215770692e-16,
        "var": 943.744140625
    },
    "melbands_crest": {
        "dmean": 2.24770021439,
        "dmean2": 3.6779191494,
        "dvar": 5.18740367889,
        "dvar2": 13.3914632797,
        "max": 31.4722194672,
        "mean": 9.67869758606,
        "median": 9.25938034058,
        "min": 1.4539399147,
        "var": 21.9622936249
    },
    "melbands_flatness_db": {
        "dmean": 0.0147526087239,
        "dmean2": 0.022511953488,
        "dvar": 0.000261815061094,
        "dvar2": 0.000571395328734,
        "max": 0.378832548857,
        "mean": 0.128985866904,
        "median": 0.128832042217,
        "min": 0.00248726084828,
        "var": 0.00418418645859
    },
    "melbands_kurtosis": {
        "dmean": 2.3421959877,
        "dmean2": 3.66430306435,
        "dvar": 21.0893287659,
        "dvar2": 50.4828910828,
        "max": 106.205795288,
        "mean": 4.44000339508,
        "median": 1.63394904137,
        "min": -1.90400063992,
        "var": 74.0760574341
    },
    "melbands_skewness": {
        "dmean": 0.417240977287,
        "dmean2": 0.644381403923,
        "dvar": 0.216761291027,
        "dvar2": 0.486323386431,
        "max": 7.74227380753,
        "mean": 1.48641300201,
        "median": 1.31285560131,
        "min": -3.41676974297,
        "var": 1.614112854
    },
    "melbands_spread": {
        "dmean": 9.11602401733,
        "dmean2": 14.0859336853,
        "dvar": 171.422851562,
        "dvar2": 330.50289917,
        "max": 231.421127319,
        "mean": 50.8652305603,
        "median": 39.8132247925,
        "min": 1.7750146389,
        "var": 1479.99230957
    },
    "pitch_salience": {
        "dmean": 0.047804094851,
        "dmean2": 0.0773288011551,
        "dvar": 0.00198608613573,
        "dvar2": 0.00500684091821,
        "max": 0.986080765724,
        "mean": 0.607246339321,
        "median": 0.594039797783,
        "min": 0.127781435847,
        "var": 0.0124542787671
    },
    "silence_rate_20dB": {
        "dmean": 0,
        "dmean2": 0,
        "dvar": 0,
        "dvar2": 0,
        "max": 1,
        "mean": 1,
        "median": 1,
        "min": 1,
        "var": 0
    },
    "silence_rate_30dB": {
        "dmean": 0.000218031171244,
        "dmean2": 0.000436109898146,
        "dvar": 0.00021794695931,
        "dvar2": 0.000653827912174,
        "max": 1,
        "mean": 0.999890983105,
        "median": 1,
        "min": 0,
        "var": 0.000108982654638
    },
    "silence_rate_60dB": {
        "dmean": 0.00370652996935,
        "dmean2": 0.00741386832669,
        "dvar": 0.00369260367006,
        "dvar2": 0.00844781659544,
        "max": 1,
        "mean": 0.13745367527,
        "median": 0,
        "min": 0,
        "var": 0.118581578135
    },
    "spectral_centroid": {
        "dmean": 240.152572632,
        "dmean2": 373.537811279,
        "dvar": 91696.71875,
        "dvar2": 183178.859375,
        "max": 11964.6728516,
        "mean": 2846.19458008,
        "median": 1987.49731445,
        "min": 265.663024902,
        "var": 8256912.5
    },
    "spectral_complexity": {
        "dmean": 2.98332071304,
        "dmean2": 4.76733541489,
        "dvar": 10.9998531342,
        "dvar2": 24.9038200378,
        "max": 56,
        "mean": 21.3017215729,
        "median": 23,
        "min": 0,
        "var": 126.731071472
    },
    "spectral_decrease": {
        "dmean": 9.96621785099e-10,
        "dmean2": 1.56599266887e-09,
        "dvar": 1.52085861694e-18,
        "dvar2": 3.60657736749e-18,
        "max": 2.35245914916e-28,
        "mean": -5.23740562031e-09,
        "median": -5.56976065269e-09,
        "min": -3.18785815523e-08,
        "var": 9.7408458062e-18
    },
    "spectral_energy": {
        "dmean": 0.00417501525953,
        "dmean2": 0.00650064460933,
        "dvar": 2.60219603661e-05,
        "dvar2": 5.98176484345e-05,
        "max": 0.12234634161,
        "mean": 0.0224277228117,
        "median": 0.0240892581642,
        "min": 9.81541885261e-21,
        "var": 0.0001722342422
    },
    "spectral_energyband_high": {
        "dmean": 0.000719296047464,
        "dmean2": 0.00101025390904,
        "dvar": 4.58832710137e-06,
        "dvar2": 6.89975195201e-06,
        "max": 0.0578057281673,
        "mean": 0.00178716715891,
        "median": 0.000729642342776,
        "min": 6.90914965876e-21,
        "var": 1.66437857843e-05
    },
    "spectral_energyband_low": {
        "dmean": 0.00182833313011,
        "dmean2": 0.00288892397657,
        "dvar": 1.11335812107e-05,
        "dvar2": 2.67793075182e-05,
        "max": 0.107681535184,
        "mean": 0.00510673318058,
        "median": 0.00308472616598,
        "min": 7.26197265898e-24,
        "var": 4.22006414738e-05
    },
    "spectral_energyband_middle_high": {
        "dmean": 0.00185810751282,
        "dmean2": 0.00289621879347,
        "dvar": 5.34012087883e-06,
        "dvar2": 1.2868340491e-05,
        "max": 0.031587857753,
        "mean": 0.00748749217018,
        "median": 0.00646671559662,
        "min": 9.61533949324e-22,
        "var": 3.71495589206e-05
    },
    "spectral_energyband_middle_low": {
        "dmean": 0.00247464072891,
        "dmean2": 0.00389315304346,
        "dvar": 1.15217926577e-05,
        "dvar2": 2.71347798844e-05,
        "max": 0.0782113969326,
        "mean": 0.00872417166829,
        "median": 0.0077537256293,
        "min": 1.27751164217e-22,
        "var": 4.86508433823e-05
    },
    "spectral_entropy": {
        "dmean": 0.0950938537717,
        "dmean2": 0.140607595444,
        "dvar": 0.0114105446264,
        "dvar2": 0.0215843226761,
        "max": 9.83466720581,
        "mean": 7.93528175354,
        "median": 7.75538778305,
        "min": 6.24366760254,
        "var": 0.509548246861
    },
    "spectral_flux": {
        "dmean": 0.0140081634745,
        "dmean2": 0.022504767403,
        "dvar": 0.000236277119257,
        "dvar2": 0.000569659518078,
        "max": 0.234320819378,
        "mean": 0.0732311010361,
        "median": 0.077239587903,
        "min": 6.23504442521e-11,
        "var": 0.00147149921395
    },
    "spectral_kurtosis": {
        "dmean": 0.988160312176,
        "dmean2": 1.69748580456,
        "dvar": 1.11578118801,
        "dvar2": 3.39726853371,
        "max": 14.163974762,
        "mean": 2.73505020142,
        "median": 2.81979942322,
        "min": -1.2748695612,
        "var": 4.64021444321
    },
    "spectral_rms": {
        "dmean": 0.000404507271014,
        "dmean2": 0.000625261629466,
        "dvar": 2.02983315489e-07,
        "dvar2": 4.50653345752e-07,
        "max": 0.0109253050759,
        "mean": 0.00427743187174,
        "median": 0.00484785670415,
        "min": 3.0945142282e-12,
        "var": 3.58427632818e-06
    },
    "spectral_rolloff": {
        "dmean": 469.922485352,
        "dmean2": 753.706176758,
        "dvar": 649419.5625,
        "dvar2": 1310461,
        "max": 19810.546875,
        "mean": 4100.30322266,
        "median": 2368.65234375,
        "min": 86.1328125,
        "var": 27275200
    },
    "spectral_skewness": {
        "dmean": 0.152016967535,
        "dmean2": 0.248445242643,
        "dvar": 0.0217103734612,
        "dvar2": 0.055414672941,
        "max": 3.03895187378,
        "mean": 1.09175539017,
        "median": 1.18574666977,
        "min": -0.169311136007,
        "var": 0.249964281917
    },
    "spectral_spread": {
        "dmean": 431673.15625,
        "dmean2": 670475,
        "dvar": 466892193792,
        "dvar2": 990532337664,
        "max": 43477076,
        "mean": 7999685.5,
        "median": 4065251.5,
        "min": 1950444.125,
        "var": 1.24197082759e+14
    },
    "spectral_strongpeak": {
        "dmean": 0.815529465675,
        "dmean2": 1.41123223305,
        "dvar": 2.07776618004,
        "dvar2": 5.33632230759,
        "max": 19.8079776764,
        "mean": 1.30389726162,
        "median": 0.578818798065,
        "min": 0,
        "var": 3.32871007919
    },
    "zerocrossingrate": {
        "dmean": 0.0100782997906,
        "dmean2": 0.0120932124555,
        "dvar": 0.00020992255304,
        "dvar2": 0.000214587867958,
        "max": 0.78662109375,
        "mean": 0.127696245909,
        "median": 0.08203125,
        "min": 0.01318359375,
        "var": 0.0178173333406
    },
    "barkbands": {
        "dmean": [0.000154823937919, 0.00128383364063, 0.000733514723834, 0.000548794399947, 0.00149136222899, 0.00055316631915, 0.000653066847008, 0.000511253369041, 0.000584215158597, 0.000343448686181, 0.000335170479957, 0.000445632002084, 0.000413977075368, 0.00046232031309, 0.000458558031823, 0.00043642759556, 0.000454957276816, 0.000317919300869, 0.000261081499048, 0.000201248913072, 0.000206223630812, 0.000198696186999, 0.000192286170204, 0.000135366848554, 5.65600385016e-05, 1.44495807035e-05, 7.78499575915e-09],
        "dmean2": [0.000271580705885, 0.00203909422271, 0.0011805773247, 0.000876722740941, 0.00237407977693, 0.00085655413568, 0.00102781399619, 0.000806149910204, 0.000892954936717, 0.00053796893917, 0.000535498664249, 0.000720207288396, 0.000668993161526, 0.000753063708544, 0.000755079672672, 0.000709099229425, 0.00074250245234, 0.000507802702487, 0.000428710918641, 0.000329763948685, 0.000325475935824, 0.000301125604892, 0.000261322187725, 0.000192577354028, 8.23241789476e-05, 2.0725048671e-05, 1.38523637006e-08],
        "dvar": [8.27822361771e-08, 7.55468181524e-06, 1.81174948466e-06, 1.46441868765e-06, 8.02293834568e-06, 1.06660263555e-06, 1.42967951433e-06, 9.73126589088e-07, 1.34261620133e-06, 4.51934567991e-07, 3.70060831756e-07, 8.50141191222e-07, 6.58611384097e-07, 8.19770377802e-07, 9.84505277302e-07, 8.00208056262e-07, 8.20396905965e-07, 3.75611421077e-07, 2.79691562355e-07, 1.91170570929e-07, 3.67559181313e-07, 4.20835647219e-07, 5.22437971995e-07, 3.09284899913e-07, 6.84089087599e-08, 2.45025577605e-09, 3.37697191818e-15],
        "dvar2": [2.39017367676e-07, 1.85291028174e-05, 4.53740403827e-06, 3.65863479601e-06, 1.90456303244e-05, 2.38549114329e-06, 3.49219249074e-06, 2.28391854762e-06, 3.01793738799e-06, 1.11213739729e-06, 9.04996966256e-07, 2.14352417061e-06, 1.67321570643e-06, 2.07421089726e-06, 2.65650214715e-06, 1.99828673431e-06, 2.02081787393e-06, 8.48022864375e-07, 6.80584605561e-07, 4.90862305469e-07, 8.19051649614e-07, 8.54517679727e-07, 8.33723163396e-07, 5.69849646581e-07, 1.49229734348e-07, 5.13902653765e-09, 9.46035005162e-15],
        "max": [0.00924848020077, 0.081263743341, 0.0234229303896, 0.0285186842084, 0.0675839930773, 0.0429814271629, 0.0226436387748, 0.0192644484341, 0.0215445607901, 0.0172017421573, 0.0131543399766, 0.0189373213798, 0.0204991642386, 0.0210253763944, 0.0200944598764, 0.0173811074346, 0.0194949749857, 0.0202950146049, 0.012251470238, 0.0163600090891, 0.0219999160618, 0.0238052401692, 0.0255284179002, 0.0215812288225, 0.0109957838431, 0.00140200229362, 2.50215066444e-06],
        "mean": [0.000218542176299, 0.00277377571911, 0.00155428238213, 0.0010923082009, 0.00276205223054, 0.00117677159142, 0.00122010021005, 0.000976815237664, 0.00126298272517, 0.00064380641561, 0.000615918601397, 0.000784914416727, 0.000734831613954, 0.000833710830193, 0.000821286113933, 0.000855553429574, 0.000914908188861, 0.00065890350379, 0.000560099841096, 0.000418074574554, 0.000416115974076, 0.00039264356019, 0.000374491122784, 0.000245296483627, 9.66576481005e-05, 2.2867201551e-05, 5.6799991377e-09],
        "median": [7.89932528278e-05, 0.00135160633363, 0.000655837939121, 0.000401210243581, 0.0014786911197, 0.000605532084592, 0.000515379477292, 0.000406585459132, 0.000348401023075, 0.000238567023189, 0.000238670560066, 0.000268849020358, 0.000262599874986, 0.000288301846012, 0.000312010524794, 0.000286548340227, 0.000357436772902, 0.000325350963976, 0.000299523875583, 0.000224142073421, 0.000196362641873, 0.00014878163347, 9.0879140771e-05, 3.68535220332e-05, 1.67554408108e-05, 4.91914352097e-06, 4.79941586473e-10],
        "min": [2.27843663071e-25, 6.4417715919e-25, 1.98661836968e-25, 2.32120521772e-25, 3.53207816033e-24, 3.64534280911e-24, 4.62998873581e-24, 1.33178880261e-24, 8.56495078221e-24, 5.6558550114e-24, 5.45910442416e-24, 1.5017611317e-23, 7.63621537217e-24, 1.96208403132e-23, 3.71738774009e-23, 3.92551575261e-23, 4.19734996303e-23, 5.97432888734e-23, 9.20281724152e-23, 1.42163930635e-22, 1.91103005794e-22, 2.65050069743e-22, 3.52579854354e-22, 5.20815410714e-22, 8.11915939467e-22, 1.16470685513e-21, 1.81459818627e-21],
        "var": [1.72036436652e-07, 1.77941419679e-05, 4.96990878673e-06, 3.87838872484e-06, 1.655575943e-05, 3.55381780537e-06, 3.48159642272e-06, 2.70389887191e-06, 5.51279754291e-06, 1.30125158648e-06, 1.11026361083e-06, 1.98478210223e-06, 1.5241988649e-06, 1.96935206986e-06, 2.33798641602e-06, 2.47934099207e-06, 2.61654554379e-06, 1.09649533897e-06, 7.78597382123e-07, 3.83112819691e-07, 7.11322456937e-07, 9.89176214716e-07, 1.57048430083e-06, 8.6703926172e-07, 1.13669955226e-07, 4.60007187897e-09, 2.30882250235e-15]
    },
    "erbbands": {
        "dmean": [0.0420928411186, 0.287840932608, 0.755540728569, 1.30825519562, 3.81799125671, 5.41653394699, 4.73206043243, 4.68808317184, 7.02646350861, 11.1416492462, 10.7653417587, 11.6759710312, 13.0040168762, 10.698931694, 13.4799871445, 17.4773578644, 16.8803405762, 22.5597343445, 21.3210544586, 20.4680175781, 24.5544776917, 20.7903823853, 17.9271793365, 15.3264656067, 9.23113059998, 9.50793552399, 7.92167329788, 8.46621608734, 7.27394676208, 6.52374792099, 5.36211395264, 3.6255569458, 1.83794558048, 0.888802647591, 0.268702954054, 0.0951038822532, 0.0219568051398, 0.00130505743437, 3.09039969579e-05, 7.38641210773e-06],
        "dmean2": [0.0692353844643, 0.457554668188, 1.22193264961, 2.05861711502, 6.13003206253, 8.70641040802, 7.53724908829, 7.26508331299, 11.0852174759, 17.3902378082, 17.0122108459, 17.7535915375, 19.7369499207, 16.9600887299, 21.7104568481, 28.2591075897, 27.1784324646, 36.6304092407, 35.2168731689, 33.3893547058, 39.5229797363, 33.1188812256, 28.6128749847, 24.7416973114, 15.2558603287, 15.5947504044, 12.8244495392, 13.2425756454, 11.0902357101, 9.38413143158, 7.47306060791, 5.10208797455, 2.62588524818, 1.30782365799, 0.393010079861, 0.138679042459, 0.0314342975616, 0.0019306660397, 4.35074216512e-05, 1.07389632831e-05],
        "dvar": [0.00808020122349, 0.389036595821, 2.0861582756, 6.89994525909, 69.2230224609, 115.289955139, 100.520271301, 80.8630142212, 174.000732422, 470.961151123, 450.216888428, 516.378845215, 687.683227539, 450.343078613, 653.252075195, 1488.63842773, 1074.41125488, 2045.00012207, 2289.45727539, 1543.74633789, 2808.78979492, 1762.89208984, 1332.63366699, 1034.55688477, 254.470733643, 460.366577148, 398.545684814, 825.488037109, 636.808044434, 511.282226562, 420.540405273, 231.196533203, 54.8604888916, 21.3078727722, 0.871903777122, 0.110161565244, 0.00556501746178, 2.40090303123e-05, 1.08197086846e-08, 1.82705600649e-10],
        "dvar2": [0.0214062407613, 0.916668534279, 5.13544178009, 16.8203830719, 161.895736694, 290.145782471, 240.288375854, 192.938705444, 426.482818604, 1101.40307617, 1041.24243164, 1199.74914551, 1593.19897461, 1088.21203613, 1597.85241699, 3723.52954102, 2797.54589844, 5229.01806641, 6218.53466797, 4018.12158203, 6967.21630859, 4118.95214844, 3016.60595703, 2515.61499023, 649.55480957, 1150.28649902, 922.936462402, 1891.3482666, 1390.91662598, 903.220214844, 672.493164062, 418.766967773, 101.562019348, 48.1245689392, 1.86839067936, 0.238761276007, 0.0114322677255, 5.25836585439e-05, 2.18281890341e-08, 3.19639315016e-10],
        "max": [2.09213113785, 18.9924926758, 33.6176528931, 62.3598327637, 158.668640137, 226.201370239, 520.173461914, 196.399475098, 285.255554199, 428.196380615, 507.426269531, 424.345855713, 587.717651367, 554.455871582, 523.762329102, 962.278198242, 956.134887695, 1141.08166504, 1206.76721191, 879.379516602, 1202.27941895, 1232.01904297, 1326.49853516, 706.030151367, 353.117919922, 771.850708008, 632.979980469, 1265.64624023, 1038.82507324, 1114.76574707, 734.281188965, 461.818359375, 336.994995117, 209.684555054, 23.4915866852, 9.19558620453, 2.08990502357, 0.174254611135, 0.00350174703635, 0.000377411110094],
        "mean": [0.0883195921779, 0.593104600906, 1.69635760784, 3.03320932388, 6.50337648392, 9.46370220184, 8.991522789, 9.73566055298, 14.3691492081, 21.2550563812, 21.9448623657, 24.6494598389, 29.3311252594, 22.1948432922, 26.6457557678, 33.7185134888, 33.8566017151, 46.0326423645, 41.753364563, 40.8630638123, 53.5347480774, 46.6551475525, 39.6820335388, 34.7215042114, 21.2620544434, 20.0966644287, 16.4126243591, 16.940246582, 13.980017662, 13.0248174667, 10.2463741302, 6.54285526276, 3.28869748116, 1.49683713913, 0.452955543995, 0.149816885591, 0.0349742509425, 0.00185131595936, 6.29752103123e-05, 3.40112746926e-05],
        "median": [0.035057477653, 0.29504519701, 0.795349657536, 1.40442895889, 2.89694976807, 4.44390106201, 4.27252197266, 4.8922662735, 7.38061714172, 9.38854598999, 10.5875148773, 9.1422996521, 9.60465908051, 9.54125785828, 11.8728790283, 12.3832607269, 14.4072494507, 18.8070793152, 17.8871917725, 18.9856529236, 20.1334686279, 20.7992725372, 19.8127212524, 17.4111232758, 13.8992958069, 10.7169904709, 8.63249397278, 7.34220409393, 5.27089118958, 4.23912096024, 2.28138136864, 1.0466966629, 0.500936508179, 0.232920631766, 0.0921739190817, 0.0337142385542, 0.00721855321899, 0.000213516934309, 2.43319591391e-05, 3.24745706166e-05],
        "min": [2.93402330211e-23, 3.55252540344e-22, 5.68078957932e-22, 2.38164705594e-21, 5.29630013727e-21, 1.10824988001e-20, 2.59557692459e-20, 4.60944037588e-20, 7.49235189562e-20, 1.10188690624e-19, 9.44869996026e-20, 3.29422404203e-19, 3.51167819284e-19, 4.59697974006e-19, 5.93896085972e-19, 8.48911112534e-19, 8.13676423764e-19, 1.47320525884e-18, 1.88100974692e-18, 2.23771566965e-18, 2.39761092283e-18, 3.87985054492e-18, 4.01375330171e-18, 5.42901093972e-18, 5.18955497369e-18, 7.5135213862e-18, 7.20484487855e-18, 8.32698899855e-18, 8.03976293856e-18, 9.85276830616e-18, 8.80042913087e-18, 1.00290032716e-17, 8.8604501833e-18, 6.31017790854e-18, 5.38903288713e-18, 3.72185904792e-18, 2.15461462377e-18, 8.35450505823e-19, 2.27393759848e-19, 2.34904850616e-20],
        "var": [0.0189413335174, 0.853873848915, 5.67587852478, 23.6241931915, 123.377006531, 229.421142578, 304.776794434, 212.043289185, 438.418701172, 1192.75598145, 1307.78845215, 1678.95336914, 3316.18847656, 1506.60131836, 1797.06896973, 3897.4675293, 2819.86303711, 5781.40917969, 5540.2265625, 4038.69946289, 9379.52148438, 6331.03222656, 3980.78710938, 3361.08764648, 691.264953613, 961.427185059, 791.486633301, 1511.03442383, 1299.63671875, 1385.03686523, 1244.54675293, 642.888244629, 148.716293335, 33.1234893799, 1.71035552025, 0.191074311733, 0.0114157116041, 4.30191648775e-05, 2.4183831826e-08, 7.89208753904e-10]
    },
    "gfcc": {
        "mean": [-97.5509414673, 73.4664306641, -127.579139709, 40.9886932373, -58.4933776855, 16.5131988525, -36.3051452637, 8.40898513794, -17.8056221008, 3.6800532341, -14.1665143967, 0.806428015232, -9.09745883942],
        "cov": [[128642.484375, 8713.35546875, -15151.4521484, 5291.02001953, -7039.12744141, 2071.1953125, -4428.45166016, 1062.95581055, -2226.296875, 437.573883057, -1752.89733887, 123.686172485, -1170.65148926], [8713.35546875, 1640.18310547, -1048.31359863, 280.496459961, -337.561645508, 4.08435630798, -182.888015747, 25.8261108398, -100.71585083, -26.3315658569, -67.5241317749, -55.4335479736, -104.052276611], [-15151.4521484, -1048.31359863, 2592.45727539, -350.904602051, 815.867614746, -211.882858276, 467.796905518, -152.306137085, 260.922515869, -56.0249328613, 136.445098877, -16.149066925, 84.0286407471], [5291.02001953, 280.496459961, -350.904602051, 574.340454102, -194.568069458, 72.8173522949, -219.87437439, 45.5626029968, -73.4110412598, 5.31134939194, -90.9367523193, 6.93503856659, -33.146270752], [-7039.12744141, -337.561645508, 815.867614746, -194.568069458, 617.997558594, -112.601402283, 275.503967285, -27.8254375458, 122.93132019, -25.4735584259, 103.493164062, 3.15746021271, 68.862197876], [2071.1953125, 4.08435630798, -211.882858276, 72.8173522949, -112.601402283, 225.53302002, -10.0824356079, 31.5288066864, -56.0997619629, 27.0146198273, -23.5207824707, -10.92603302, -25.6105327606], [-4428.45166016, -182.888015747, 467.796905518, -219.87437439, 275.503967285, -10.0824356079, 320.593963623, 0.607755124569, 74.1829910278, -2.83405351639, 96.6456222534, -22.7030124664, 29.7453422546], [1062.95581055, 25.8261108398, -152.306137085, 45.5626029968, -27.8254375458, 31.5288066864, 0.607755124569, 99.6377258301, 9.67193222046, 19.6492156982, -4.37194871902, 7.17808961868, -4.78850507736], [-2226.296875, -100.71585083, 260.922515869, -73.4110412598, 122.93132019, -56.0997619629, 74.1829910278, 9.67193222046, 132.541946411, 11.7073717117, 32.9635391235, 0.645093560219, 26.7666358948], [437.573883057, -26.3315658569, -56.0249328613, 5.31134939194, -25.4735584259, 27.0146198273, -2.83405351639, 19.6492156982, 11.7073717117, 75.4667892456, 14.9473304749, 5.89968204498, -4.16934490204], [-1752.89733887, -67.5241317749, 136.445098877, -90.9367523193, 103.493164062, -23.5207824707, 96.6456222534, -4.37194871902, 32.9635391235, 14.9473304749, 99.3676376343, 8.20290088654, 19.1445598602], [123.686172485, -55.4335479736, -16.149066925, 6.93503856659, 3.15746021271, -10.92603302, -22.7030124664, 7.17808961868, 0.645093560219, 5.89968204498, 8.20290088654, 68.6181335449, 21.763004303], [-1170.65148926, -104.052276611, 84.0286407471, -33.146270752, 68.862197876, -25.6105327606, 29.7453422546, -4.78850507736, 26.7666358948, -4.16934490204, 19.1445598602, 21.763004303, 81.8090286255]],
        "icov": [[0.000353910349077, -0.00073872867506, 0.000736198911909, -0.00116302096285, 0.00120717112441, -0.000837031635456, 0.000780063332058, -0.00108351837844, 0.00108789966907, -0.00091178069124, 0.00109712744597, -0.00111257098615, 0.000908929563593], [-0.00073872867506, 0.00257244170643, -0.00102565158159, 0.00196311320178, -0.00246461108327, 0.00227836356498, -0.00207597995177, 0.00276224082336, -0.00257065356709, 0.00242902478203, -0.0023919979576, 0.00288518518209, -0.000988722429611], [0.000736198911909, -0.00102565158159, 0.00264869630337, -0.00277394033037, 0.001834574854, -0.00136684649624, 0.000697637151461, -0.000731976993848, 0.00116252654698, -0.00152948102914, 0.00269450270571, -0.00228406488895, 0.00263580912724], [-0.00116302096285, 0.00196311320178, -0.00277394033037, 0.0066900420934, -0.00421736575663, 0.00190223753452, -0.000457060552435, 0.00198640534654, -0.00289513170719, 0.00282923108898, -0.00300160446204, 0.00369558157399, -0.00334703084081], [0.00120717112441, -0.00246461108327, 0.001834574854, -0.00421736575663, 0.00803996995091, -0.00194982462563, 0.000625015061814, -0.00397507892922, 0.00323277548887, -0.00236695073545, 0.00287212780677, -0.00416014390066, 0.00196459819563], [-0.000837031635456, 0.00227836356498, -0.00136684649624, 0.00190223753452, -0.00194982462563, 0.00851813331246, -0.00417281035334, 0.00181003194302, -0.000384392624255, 0.00014663663751, -0.00130965933204, 0.00330762495287, -0.00141421600711], [0.000780063332058, -0.00207597995177, 0.000697637151461, -0.000457060552435, 0.000625015061814, -0.00417281035334, 0.0107789319009, -0.00516126584262, 0.00232200953178, -0.00113972625695, -0.00223596510477, 0.000524544622749, 0.00113241234794], [-0.00108351837844, 0.00276224082336, -0.000731976993848, 0.00198640534654, -0.00397507892922, 0.00181003194302, -0.00516126584262, 0.017417781055, -0.00689083756879, 0.00109833606984, -0.00180820212699, 0.00133509538136, -0.00124745676294], [0.00108789966907, -0.00257065356709, 0.00116252654698, -0.00289513170719, 0.00323277548887, -0.000384392624255, 0.00232200953178, -0.00689083756879, 0.015743907541, -0.00586233893409, 0.002967934357, -0.00228810845874, 0.000305798370391], [-0.00091178069124, 0.00242902478203, -0.00152948102914, 0.00282923108898, -0.00236695073545, 0.00014663663751, -0.00113972625695, 0.00109833606984, -0.00586233893409, 0.018964746967, -0.00702381459996, 0.00210381438956, -0.000754870357923], [0.00109712744597, -0.0023919979576, 0.00269450270571, -0.00300160446204, 0.00287212780677, -0.00130965933204, -0.00223596510477, -0.00180820212699, 0.002967934357, -0.00702381459996, 0.0203212872148, -0.00640615541488, 0.0021725136321], [-0.00111257098615, 0.00288518518209, -0.00228406488895, 0.00369558157399, -0.00416014390066, 0.00330762495287, 0.000524544622749, 0.00133509538136, -0.00228810845874, 0.00210381438956, -0.00640615541488, 0.0217045601457, -0.00740164145827], [0.000908929563593, -0.000988722429611, 0.00263580912724, -0.00334703084081, 0.00196459819563, -0.00141421600711, 0.00113241234794, -0.00124745676294, 0.000305798370391, -0.000754870357923, 0.0021725136321, -0.00740164145827, 0.01864990592]]
    },
    "melbands": {
        "dmean": [0.000359746016329, 0.000361473299563, 0.000266649527475, 0.000348764209775, 0.000177130874363, 0.000104618746263, 0.000117099167255, 0.000117505398521, 8.63802197273e-05, 8.11441641417e-05, 6.60275181872e-05, 4.43583849119e-05, 4.4271328079e-05, 4.9631253205e-05, 3.98601659981e-05, 4.54069959233e-05, 4.37766248069e-05, 3.55421252607e-05, 3.41700942954e-05, 2.87441307592e-05, 3.30822877004e-05, 2.54488822975e-05, 1.97836398002e-05, 1.52781140059e-05, 1.40225547511e-05, 8.46234070195e-06, 6.44462352284e-06, 7.18019282431e-06, 5.30411352884e-06, 5.66859898754e-06, 5.16782029081e-06, 4.50877723779e-06, 3.97959502152e-06, 3.8512393985e-06, 3.34760079568e-06, 3.03851720673e-06, 2.09249265026e-06, 1.45894284742e-06, 1.08003087007e-06, 6.46383284675e-07],
        "dmean2": [0.000580544874538, 0.000575501879212, 0.00042108137859, 0.000558697152883, 0.000283673172817, 0.000161798190675, 0.000184555829037, 0.000183678421308, 0.0001361786708, 0.000123659396195, 0.000100423625554, 7.02985416865e-05, 7.0980284363e-05, 7.98203982413e-05, 6.34555035504e-05, 7.36541987862e-05, 7.11424072506e-05, 5.85376874369e-05, 5.60921362194e-05, 4.63169053546e-05, 5.37080595677e-05, 4.07853331126e-05, 3.19705613947e-05, 2.45274368353e-05, 2.27529726544e-05, 1.4015799934e-05, 1.06844117909e-05, 1.17639983728e-05, 8.75882051332e-06, 9.13890380616e-06, 8.1399211922e-06, 6.98344229022e-06, 6.13423935647e-06, 5.60467651667e-06, 4.77662615594e-06, 4.39103132521e-06, 3.07612754114e-06, 2.10960752156e-06, 1.63485253779e-06, 9.66089260146e-07],
        "dvar": [6.04629519785e-07, 4.79957805055e-07, 2.5764501288e-07, 4.89888066113e-07, 1.3017424294e-07, 3.84054601454e-08, 4.46871233351e-08, 4.97510654895e-08, 2.85895307428e-08, 2.69773376971e-08, 1.76878440783e-08, 8.25548607253e-09, 6.73306788102e-09, 1.06874287198e-08, 7.85194842479e-09, 8.4790885424e-09, 7.59384199966e-09, 6.39156150228e-09, 6.28306118244e-09, 3.24121995909e-09, 5.37850475268e-09, 3.04965253051e-09, 1.53202617259e-09, 1.02932129487e-09, 9.80318715094e-10, 2.79940459702e-10, 1.54675536268e-10, 3.06991487786e-10, 1.63589419788e-10, 2.61346361219e-10, 3.48864576116e-10, 2.34728070314e-10, 1.66566441195e-10, 1.9988583011e-10, 1.69814620699e-10, 1.61162375112e-10, 8.32459309819e-11, 4.07406920699e-11, 2.37625266686e-11, 1.04422087296e-11],
        "dvar2": [1.53218456944e-06, 1.13240798782e-06, 6.30278861991e-07, 1.15719967653e-06, 3.2629367297e-07, 8.89941418336e-08, 1.10214770643e-07, 1.16756332602e-07, 6.69529640618e-08, 6.15675688209e-08, 4.10441955978e-08, 2.01595913296e-08, 1.6585353535e-08, 2.61022687909e-08, 1.91746742928e-08, 2.2607737904e-08, 1.91207814026e-08, 1.7062024682e-08, 1.66443090421e-08, 8.07550026849e-09, 1.3249477071e-08, 7.2094761272e-09, 3.78467168716e-09, 2.26090701716e-09, 2.41158559788e-09, 6.85674628187e-10, 4.12074513401e-10, 7.69330044115e-10, 3.95113580742e-10, 6.11619310753e-10, 8.29598723051e-10, 5.33185495755e-10, 3.47441464488e-10, 3.77865405632e-10, 2.96921182086e-10, 3.10421077732e-10, 1.65488164838e-10, 8.16960527006e-11, 5.2658103572e-11, 2.40255784018e-11],
        "max": [0.021387534216, 0.0202163662761, 0.0099587701261, 0.0114606134593, 0.0189370345324, 0.00500709237531, 0.00384857924655, 0.00432051112875, 0.00409236596897, 0.00306259398349, 0.00299644819461, 0.00256057223305, 0.00131652725395, 0.0021832161583, 0.00172084663063, 0.00274783791974, 0.00200180290267, 0.00187624222599, 0.00221793842502, 0.00113215297461, 0.00150112353731, 0.00175894529093, 0.000830850971397, 0.00137215270661, 0.000646138098091, 0.000441795040388, 0.000408919499023, 0.000746182340663, 0.000388702348573, 0.000416166352807, 0.000948961242102, 0.000545618822798, 0.000518655346241, 0.000679694698192, 0.000428167753853, 0.000389884546166, 0.000309018389089, 0.000325118366163, 0.000190933787962, 0.000146901526023],
        "mean": [0.000780818518251, 0.000863763329107, 0.000609913317021, 0.000603818683885, 0.000341094564646, 0.000221251379116, 0.000236767402384, 0.000227203083341, 0.000170405444806, 0.000171306091943, 0.00014533335343, 8.62142624101e-05, 8.54231257108e-05, 8.78563078004e-05, 7.55486325943e-05, 8.47517658258e-05, 8.25681563583e-05, 6.32913943264e-05, 6.0724280047e-05, 5.39861357538e-05, 6.60374280415e-05, 5.15978608746e-05, 3.81155878131e-05, 3.1913354178e-05, 2.86672639049e-05, 1.70297989825e-05, 1.28963065436e-05, 1.35833452077e-05, 1.00991255749e-05, 1.04689206637e-05, 9.47677017393e-06, 7.95374853624e-06, 7.33800834496e-06, 7.16822842151e-06, 6.04632305112e-06, 5.09410710947e-06, 3.5528216813e-06, 2.4409987418e-06, 1.7679000166e-06, 1.04214439034e-06],
        "median": [0.00036668649409, 0.000462214171421, 0.000326375709847, 0.000296972953947, 0.000174123910256, 0.000111109853606, 0.000120068936667, 0.000106589461211, 7.53271524445e-05, 5.02188195242e-05, 4.3605818064e-05, 3.14252756652e-05, 3.47401582985e-05, 3.27977177221e-05, 2.13098774111e-05, 3.00579631585e-05, 2.99855273624e-05, 2.20164947677e-05, 2.37187505263e-05, 2.02161572815e-05, 2.12663362618e-05, 1.91091567103e-05, 1.76798894245e-05, 1.48306353367e-05, 1.25806163851e-05, 9.6298972494e-06, 7.53904714657e-06, 6.30546674074e-06, 4.77686808154e-06, 4.76307150166e-06, 3.6995602386e-06, 2.87607326754e-06, 2.48323590313e-06, 2.13621092371e-06, 1.35159859838e-06, 8.41638154725e-07, 5.04686624936e-07, 3.51270358578e-07, 2.63507587306e-07, 1.64801605251e-07],
        "min": [4.02082674562e-25, 4.96127688802e-25, 4.27405232879e-25, 6.85807025488e-25, 9.93820181818e-25, 8.15268862188e-25, 1.20960775763e-24, 1.14719209673e-24, 9.70087498699e-25, 1.62149363131e-24, 1.54400983966e-24, 1.27393936445e-24, 7.72109936937e-25, 1.47864867075e-24, 1.90232564838e-24, 1.48291611242e-24, 2.5991696761e-24, 2.28553356854e-24, 2.84916423291e-24, 2.39763957786e-24, 2.350000465e-24, 2.73204520976e-24, 2.88528242667e-24, 2.49270264175e-24, 3.12452618986e-24, 3.28169508952e-24, 3.36848063593e-24, 3.67760209253e-24, 4.07842429063e-24, 3.38080737644e-24, 4.44090942645e-24, 3.95808868713e-24, 4.32922092177e-24, 4.62067899384e-24, 4.1154920757e-24, 4.46887572883e-24, 5.25366335077e-24, 4.99993728466e-24, 4.9973797976e-24, 4.9340315059e-24],
        "var": [1.39343012506e-06, 1.41036446166e-06, 7.55265887165e-07, 8.99242934338e-07, 3.48699387587e-07, 1.11637760369e-07, 1.14572408449e-07, 1.27298548591e-07, 8.18705530037e-08, 9.72102967012e-08, 8.56593516119e-08, 2.65390429632e-08, 1.99285814517e-08, 2.41775879317e-08, 2.09012185337e-08, 1.99901695197e-08, 2.03344878713e-08, 1.47204568535e-08, 1.48940912936e-08, 8.69486882493e-09, 1.6400409919e-08, 9.84453940589e-09, 3.77209330438e-09, 3.31857519242e-09, 2.92280488701e-09, 6.75485223312e-10, 3.1023777991e-10, 5.62510704682e-10, 3.11016157273e-10, 4.74204009393e-10, 5.68710190052e-10, 4.35930097575e-10, 3.81069120703e-10, 4.79247808105e-10, 4.43753311874e-10, 3.91120802412e-10, 2.09388298367e-10, 9.55445306206e-11, 4.20739623697e-11, 1.54859181034e-11]
    },
    "mfcc": {
        "mean": [-661.621459961, 89.0592422485, -12.2586641312, 21.9527835846, -0.698939025402, 7.74528884888, -6.30192184448, 4.2145242691, -1.12335467339, 1.52951073647, 0.839309513569, 1.5714443922, -1.06128096581],
        "cov": [[28781.953125, 4574.95263672, -545.696411133, 1400.72387695, 73.3469696045, 475.792755127, -266.334899902, 285.201660156, -66.2697753906, 78.242401123, 61.0736618042, 61.4587097168, -51.2271652222], [4574.95263672, 1917.72619629, -256.452331543, 282.770507812, -48.4797554016, 57.981262207, -45.3101844788, 69.1944122314, -43.9258880615, 19.0622119904, 72.1671218872, 11.7179174423, -10.301776886], [-545.696411133, -256.452331543, 723.89276123, 110.99332428, 66.46144104, 59.7392959595, -38.2204437256, -25.7882156372, 13.8523902893, -20.3852138519, -24.5589199066, 7.06774616241, -13.9559669495], [1400.72387695, 282.770507812, 110.99332428, 417.011657715, 140.131896973, 20.872959137, -44.8267669678, 13.0167741776, 18.1349391937, -16.1588973999, -32.8874092102, 7.85405635834, 29.8671875], [73.3469696045, -48.4797554016, 66.46144104, 140.131896973, 198.886535645, 26.8575992584, -20.1227550507, 2.64465713501, 23.5588779449, -19.9277610779, -28.3178329468, -1.58779203892, 20.6864051819], [475.792755127, 57.981262207, 59.7392959595, 20.872959137, 26.8575992584, 134.284347534, 45.2122116089, 10.3826580048, 3.6077568531, 10.7776966095, 7.87541723251, -4.11765480042, -4.98950958252], [-266.334899902, -45.3101844788, -38.2204437256, -44.8267669678, -20.1227550507, 45.2122116089, 173.939361572, 30.9809741974, 0.0016232173657, 22.6662082672, 28.4466838837, -6.42309141159, 1.74562096596], [285.201660156, 69.1944122314, -25.7882156372, 13.0167741776, 2.64465713501, 10.3826580048, 30.9809741974, 85.7639770508, 19.8362941742, 1.12721848488, 16.7488479614, 2.65949654579, 0.435437738895], [-66.2697753906, -43.9258880615, 13.8523902893, 18.1349391937, 23.5588779449, 3.6077568531, 0.0016232173657, 19.8362941742, 80.8038330078, 22.7340488434, -4.74511957169, -0.162918537855, 8.23319721222], [78.242401123, 19.0622119904, -20.3852138519, -16.1588973999, -19.9277610779, 10.7776966095, 22.6662082672, 1.12721848488, 22.7340488434, 82.8160247803, 26.6294460297, 3.27384066582, 2.43023538589], [61.0736618042, 72.1671218872, -24.5589199066, -32.8874092102, -28.3178329468, 7.87541723251, 28.4466838837, 16.7488479614, -4.74511957169, 26.6294460297, 92.9069747925, 21.2657680511, -13.2478151321], [61.4587097168, 11.7179174423, 7.06774616241, 7.85405635834, -1.58779203892, -4.11765480042, -6.42309141159, 2.65949654579, -0.162918537855, 3.27384066582, 21.2657680511, 60.0019683838, 18.8442287445], [-51.2271652222, -10.301776886, -13.9559669495, 29.8671875, 20.6864051819, -4.98950958252, 1.74562096596, 0.435437738895, 8.23319721222, 2.43023538589, -13.2478151321, 18.8442287445, 69.494178772]],
