{
"lowlevel": {
    "average_loudness": 0.905184328556,
    "barkbands_crest": {
        "dmean": 2.23135471344,
        "dmean2": 3.64705467224,
        "dvar": 4.81654882431,
        "dvar2": 11.875292778,
        "max": 25.4013538361,
        "mean": 8.63264942169,
        "median": 7.65932035446,
        "min": 2.41426491737,
        "var": 12.3447227478
    },
    "barkbands_flatness_db": {
        "dmean": 0.0168623346835,
        "dmean2": 0.0264409892261,
        "dvar": 0.000244208204094,
        "dvar2": 0.000559967476875,
        "max": 0.309762597084,
        "mean": 0.130461499095,
        "median": 0.12727317214,
        "min": 0.0256037190557,
        "var": 0.00150870939251
    },
    "barkbands_kurtosis": {
        "dmean": 1.95088875294,
        "dmean2": 3.07410001755,
        "dvar": 12.440861702,
        "dvar2": 27.783197403,
        "max": 86.9374694824,
        "mean": 3.52240109444,
        "median": 2.16577529907,
        "min": -1.89879703522,
        "var": 30.2909641266
    },
    "barkbands_skewness": {
        "dmean": 0.396429419518,
        "dmean2": 0.614781200886,
        "dvar": 0.193934291601,
        "dvar2": 0.422240376472,
        "max": 8.51460170746,
        "mean": 1.0732165575,
        "median": 1.22910892963,
        "min": -2.39985990524,
        "var": 1.98723006248
    },
    "barkbands_spread": {
        "dmean": 4.76235628128,
        "dmean2": 7.59615373611,
        "dvar": 37.2379837036,
        "dvar2": 83.9172134399,
        "max": 100.810836792,
        "mean": 21.8223628998,
        "median": 20.9727878571,
        "min": 2.2724275589,
        "var": 123.785850525
    },
    "dissonance": {
        "dmean": 0.0166369602084,
        "dmean2": 0.0279115494341,
        "dvar": 0.000278328108834,
        "dvar2": 0.000779738533311,
        "max": 0.500000119209,
        "mean": 0.468236774206,
        "median": 0.474214851856,
        "min": 0.21943166852,
        "var": 0.000692301662639
    },
    "dynamic_complexity": 3.40295767784,
    "erbbands_crest": {
        "dmean": 2.41264414787,
        "dmean2": 3.97105836868,
        "dvar": 6.1207485199,
        "dvar2": 15.7038631439,
        "max": 29.7604808807,
        "mean": 8.11927986145,
        "median": 7.17843866348,
        "min": 2.25157380104,
        "var": 18.2096691132
    },
    "erbbands_flatness_db": {
        "dmean": 0.0140779996291,
        "dmean2": 0.0209051705897,
        "dvar": 0.000171449384652,
        "dvar2": 0.000348172936356,
        "max": 0.326616078615,
        "mean": 0.151462972164,
        "median": 0.148605853319,
        "min": 0.0693148449063,
        "var": 0.00163401907776
    },
    "erbbands_kurtosis": {
        "dmean": 0.805916666985,
        "dmean2": 1.29111635685,
        "dvar": 1.30522620678,
        "dvar2": 3.04977846146,
        "max": 20.0921459198,
        "mean": 0.503803610802,
        "median": 0.102499246597,
        "min": -1.77711558342,
        "var": 3.1244032383
    },
    "erbbands_skewness": {
        "dmean": 0.31570070982,
        "dmean2": 0.498009085655,
        "dvar": 0.100216686726,
        "dvar2": 0.217609897256,
        "max": 4.02584218979,
        "mean": 0.352366119623,
        "median": 0.357200801373,
        "min": -4.41591024399,
        "var": 0.595562040806
    },
    "erbbands_spread": {
        "dmean": 7.22168302536,
        "dmean2": 10.9359331131,
        "dvar": 60.9844970703,
        "dvar2": 127.31161499,
        "max": 121.195365906,
        "mean": 38.6411933899,
        "median": 35.7409286499,
        "min": 6.12756681442,
        "var": 308.728851318
    },
    "hfc": {
        "dmean": 5.59021997452,
        "dmean2": 8.26799869537,
        "dvar": 92.5932235718,
        "dvar2": 175.297912598,
        "max": 194.619262695,
        "mean": 23.1649627686,
        "median": 20.8507061005,
        "min": 1.04646897227e-16,
        "var": 401.948730469
    },
    "melbands_crest": {
        "dmean": 2.67146754265,
        "dmean2": 4.42381668091,
        "dvar": 7.11395359039,
        "dvar2": 18.5486965179,
        "max": 33.3169059753,
        "mean": 10.7766771317,
        "median": 10.5046319962,
        "min": 1.43669176102,
        "var": 27.5998573303
    },
    "melbands_flatness_db": {
        "dmean": 0.0196230039001,
        "dmean2": 0.0299440603703,
        "dvar": 0.000437841634266,
        "dvar2": 0.000958148099016,
        "max": 0.402842849493,
        "mean": 0.16156090796,
        "median": 0.169713050127,
        "min": 0.00163924240042,
        "var": 0.0057762353681
    },
    "melbands_kurtosis": {
        "dmean": 4.57631397247,
        "dmean2": 7.11951398849,
        "dvar": 75.8549346924,
        "dvar2": 174.876525879,
        "max": 192.912597656,
        "mean": 9.8525390625,
        "median": 5.96136569977,
        "min": -1.87629199028,
        "var": 201.471923828
    },
    "melbands_skewness": {
        "dmean": 0.540350019932,
        "dmean2": 0.835422694683,
        "dvar": 0.370849102736,
        "dvar2": 0.831727921963,
        "max": 11.257065773,
        "mean": 2.10069990158,
        "median": 2.0099966526,
        "min": -0.734960377216,
        "var": 2.37037277222
    },
    "melbands_spread": {
        "dmean": 6.70003318787,
        "dmean2": 10.7285737991,
        "dvar": 98.2580184937,
        "dvar2": 210.591537476,
        "max": 194.10546875,
        "mean": 34.8641929626,
        "median": 22.2232933044,
        "min": 1.46529531479,
        "var": 1419.01904297
    },
    "pitch_salience": {
        "dmean": 0.0586654208601,
        "dmean2": 0.0958658903837,
        "dvar": 0.0030637437012,
        "dvar2": 0.00790156703442,
        "max": 0.974037110806,
        "mean": 0.617551088333,
        "median": 0.609668910503,
        "min": 0.120455935597,
        "var": 0.0140871973708
    },
    "silence_rate_20dB": {
        "dmean": 0,
        "dmean2": 0,
        "dvar": 0,
        "dvar2": 0,
        "max": 1,
        "mean": 1,
        "median": 1,
        "min": 1,
        "var": 0
    },
    "silence_rate_30dB": {
        "dmean": 0.00321782170795,
        "dmean2": 0.00643644016236,
        "dvar": 0.0032068497967,
        "dvar2": 0.00886834226549,
        "max": 1,
        "mean": 0.99802005291,
        "median": 1,
        "min": 0,
        "var": 0.00197593611665
    },
    "silence_rate_60dB": {
        "dmean": 0.00717821763828,
        "dmean2": 0.01435821224,
        "dvar": 0.00712836300954,
        "dvar2": 0.0171279683709,
        "max": 1,
        "mean": 0.183393150568,
        "median": 0,
        "min": 0,
        "var": 0.149759501219
    },
    "spectral_centroid": {
        "dmean": 243.331481934,
        "dmean2": 392.844573975,
        "dvar": 98130.9765625,
        "dvar2": 212410.25,
        "max": 11997.5888672,
        "mean": 2401.8190918,
        "median": 1309.97998047,
        "min": 282.600646973,
        "var": 9607595
    },
    "spectral_complexity": {
        "dmean": 3.19207930565,
        "dmean2": 5.00631284714,
        "dvar": 14.3014059067,
        "dvar2": 32.2109260559,
        "max": 53,
        "mean": 19.1155796051,
        "median": 20,
        "min": 0,
        "var": 128.35055542
    },
    "spectral_decrease": {
        "dmean": 2.11426010033e-09,
        "dmean2": 3.28822857831e-09,
        "dvar": 8.23493454973e-18,
        "dvar2": 1.92035670207e-17,
        "max": 2.42584767265e-28,
        "mean": -8.14717182607e-09,
        "median": -8.37675084853e-09,
        "min": -4.55920705633e-08,
        "var": 3.49577412562e-17
    },
    "spectral_energy": {
        "dmean": 0.00827240291983,
        "dmean2": 0.0128410505131,
        "dvar": 0.000123383142636,
        "dvar2": 0.000286539056106,
        "max": 0.174561187625,
        "mean": 0.0328504741192,
        "median": 0.0339870937169,
        "min": 9.94240642471e-21,
        "var": 0.000549270829652
    },
    "spectral_energyband_high": {
        "dmean": 0.000498435925692,
        "dmean2": 0.000713856017683,
        "dvar": 1.93366008716e-06,
        "dvar2": 3.35387699124e-06,
        "max": 0.0327629558742,
        "mean": 0.00113897037227,
        "median": 0.000581860367674,
        "min": 6.93236483809e-21,
        "var": 4.86340286443e-06
    },
    "spectral_energyband_low": {
        "dmean": 0.00475284596905,
        "dmean2": 0.0073888306506,
        "dvar": 7.24273340893e-05,
        "dvar2": 0.000172442989424,
        "max": 0.139115050435,
        "mean": 0.0107213901356,
        "median": 0.00799168460071,
        "min": 9.1227543283e-24,
        "var": 0.000153964108904
    },
    "spectral_energyband_middle_high": {
        "dmean": 0.00168103910983,
        "dmean2": 0.00261844159104,
        "dvar": 5.93045842834e-06,
        "dvar2": 1.44706536958e-05,
        "max": 0.0528675280511,
        "mean": 0.00585674867034,
        "median": 0.0040500764735,
        "min": 1.08253597305e-21,
        "var": 3.89753186028e-05
    },
    "spectral_energyband_middle_low": {
        "dmean": 0.00517167104408,
        "dmean2": 0.00827183481306,
        "dvar": 5.33437741979e-05,
        "dvar2": 0.000128365471028,
        "max": 0.123973459005,
        "mean": 0.0162908323109,
        "median": 0.0142068862915,
        "min": 1.51428527676e-22,
        "var": 0.000202195718884
    },
    "spectral_entropy": {
        "dmean": 0.116431310773,
        "dmean2": 0.17507122457,
        "dvar": 0.0159830339253,
        "dvar2": 0.0311115197837,
        "max": 9.82614707947,
        "mean": 7.91787958145,
        "median": 7.75843286514,
        "min": 6.15116834641,
        "var": 0.534025907516
    },
    "spectral_flux": {
        "dmean": 0.0184398349375,
        "dmean2": 0.0300921890885,
        "dvar": 0.000487117067678,
        "dvar2": 0.00125688372646,
        "max": 0.299232393503,
        "mean": 0.0837666243315,
        "median": 0.0878634527326,
        "min": 6.23560508783e-11,
        "var": 0.0024453853257
    },
    "spectral_kurtosis": {
        "dmean": 0.94777905941,
        "dmean2": 1.58614265919,
        "dvar": 1.15467786789,
        "dvar2": 3.25893306732,
        "max": 27.7122821808,
        "mean": 2.51149177551,
        "median": 2.43449449539,
        "min": -1.27345275879,
        "var": 4.63865089417
    },
    "spectral_rms": {
        "dmean": 0.000633793242741,
        "dmean2": 0.000967228494119,
        "dvar": 5.48830826119e-07,
        "dvar2": 1.19468040793e-06,
        "max": 0.0130500420928,
        "mean": 0.00500188022852,
        "median": 0.00575831066817,
        "min": 3.11446766814e-12,
        "var": 7.03047498973e-06
    },
    "spectral_rolloff": {
        "dmean": 406.254516602,
        "dmean2": 689.77923584,
        "dvar": 532277.625,
        "dvar2": 1170132.5,
        "max": 19896.6796875,
        "mean": 3292.43261719,
        "median": 1184.32617188,
        "min": 64.599609375,
        "var": 31164882
    },
    "spectral_skewness": {
        "dmean": 0.163310408592,
        "dmean2": 0.25992423296,
        "dvar": 0.0288596004248,
        "dvar2": 0.0668294727802,
        "max": 4.22431278229,
        "mean": 1.19929182529,
        "median": 1.2993555069,
        "min": -0.587206065655,
        "var": 0.304280638695
    },
    "spectral_spread": {
        "dmean": 482985.8125,
        "dmean2": 733104.5625,
        "dvar": 487517061120,
        "dvar2": 1.06375243366e+12,
        "max": 43274344,
        "mean": 8603370,
        "median": 4606120,
        "min": 1985119.75,
        "var": 1.28630134931e+14
    },
    "spectral_strongpeak": {
        "dmean": 0.491312205791,
        "dmean2": 0.852308034897,
        "dvar": 0.663979172707,
        "dvar2": 1.71702516079,
        "max": 11.1722488403,
        "mean": 0.782176733017,
        "median": 0.393632411957,
        "min": 0,
        "var": 1.06559181213
    },
    "zerocrossingrate": {
        "dmean": 0.00913986377418,
        "dmean2": 0.0118723241612,
        "dvar": 0.000151555403136,
        "dvar2": 0.000199828311452,
        "max": 0.73095703125,
        "mean": 0.109253488481,
        "median": 0.05810546875,
        "min": 0.005859375,
        "var": 0.0201224312186
    },
    "barkbands": {
        "dmean": [0.000161976320669, 0.00398594373837, 0.00126274197828, 0.00124696758576, 0.00283086416312, 0.00141833804082, 0.00153699039947, 0.000992919434793, 0.000967606843915, 0.000745729543269, 0.000343883555615, 0.000380441284506, 0.000394819333451, 0.000400268094381, 0.000319320970448, 0.000318413774949, 0.000188224948943, 0.000136386326631, 0.000133965397254, 0.000136708433274, 0.000145047451952, 0.00017626832414, 0.000123373276438, 6.47908527753e-05, 2.4481827495e-05, 7.9975116023e-06, 7.07336411665e-09],
        "dmean2": [0.000262758578174, 0.006133293733, 0.00210481858812, 0.00208792183548, 0.00460757547989, 0.00226998329163, 0.00251528155059, 0.00154785125051, 0.00154033408035, 0.00120338262059, 0.000559260952286, 0.00062452966813, 0.000641889520921, 0.000643581443001, 0.000518907385413, 0.000529578246642, 0.000315334968036, 0.000222506758291, 0.000219266541535, 0.000220863294089, 0.000224143834203, 0.000263546593487, 0.000177204157808, 9.50587418629e-05, 3.47147506545e-05, 1.16951614473e-05, 1.22596928165e-08],
        "dvar": [7.98931054646e-08, 6.4144609496e-05, 5.13726945428e-06, 4.64650065624e-06, 3.05542198475e-05, 6.4544324232e-06, 8.51536515256e-06, 4.77596449855e-06, 4.09101448895e-06, 2.63168499259e-06, 5.45743944258e-07, 7.09564687895e-07, 7.36344134111e-07, 8.18551768589e-07, 5.076914249e-07, 6.75076819334e-07, 1.40720601394e-07, 5.92142832545e-08, 4.68628762462e-08, 7.5616313211e-08, 1.75490242782e-07, 3.34267809876e-07, 1.57434058679e-07, 2.61556696302e-08, 3.12589509832e-09, 3.16038056836e-10, 9.41714290098e-16],
        "dvar2": [2.02198677357e-07, 0.00014696760627, 1.39397561725e-05, 1.2511710338e-05, 7.15534915798e-05, 1.66997306223e-05, 2.20526162593e-05, 1.05878916656e-05, 1.01228042695e-05, 6.56599013382e-06, 1.45642843563e-06, 1.80046140486e-06, 1.92227753359e-06, 2.04139496418e-06, 1.18083880807e-06, 1.731160296e-06, 3.85301433425e-07, 1.49135530592e-07, 1.2057878962e-07, 1.77504858812e-07, 3.48690861074e-07, 6.1027810716e-07, 3.13113758921e-07, 5.14758866643e-08, 6.34648422704e-09, 6.87028600677e-10, 2.38744854744e-15],
        "max": [0.00518633564934, 0.107533216476, 0.0417473912239, 0.0429434962571, 0.0786282867193, 0.0406416803598, 0.0763788744807, 0.0647336915135, 0.050380859524, 0.0489152818918, 0.0160911474377, 0.0271997228265, 0.0169288124889, 0.0346237495542, 0.0218239147216, 0.0235751960427, 0.00788233336061, 0.00435733562335, 0.00469281198457, 0.00624545710161, 0.0135599318892, 0.0224235225469, 0.010778513737, 0.00350134703331, 0.000880555075128, 0.000504684692714, 8.71339921105e-07],
        "mean": [0.000279574247543, 0.00732594029978, 0.00214957818389, 0.00212887604721, 0.00482931314036, 0.00291989324614, 0.00271324417554, 0.0016514651943, 0.00170481624082, 0.00131778558716, 0.000558915664442, 0.000632774259429, 0.000687907042447, 0.00069143588189, 0.000559953390621, 0.000570257427171, 0.000346128887031, 0.000267299590632, 0.000257364765275, 0.000256358616753, 0.000263364956481, 0.000336432392942, 0.000223001174163, 0.000123261474073, 4.4040796638e-05, 1.15196698971e-05, 5.65882452008e-09],
        "median": [6.51274676784e-05, 0.00438132695854, 0.00119922123849, 0.00111076165922, 0.00271504488774, 0.00136807037052, 0.00105381873436, 0.000574454199523, 0.000643591687549, 0.000437592912931, 0.000191316037672, 0.000209448568057, 0.000225996365771, 0.000222470247536, 0.000228581528063, 0.000205845717574, 0.00016587106802, 0.000138285788125, 0.000156102789333, 0.000119421427371, 0.00012762688857, 0.000154921537614, 8.23107329779e-05, 4.39782015746e-05, 1.52267039084e-05, 3.77369065063e-06, 5.71699576568e-10],
        "min": [6.31186222454e-26, 8.10006321785e-25, 4.023065878e-25, 4.7002378841e-25, 4.923867822e-24, 3.3749796665e-24, 3.71544256687e-24, 4.37307172734e-24, 1.21107551223e-23, 9.86400353358e-24, 7.88941605692e-24, 1.67869143092e-23, 2.15685836421e-23, 1.23209968087e-23, 3.91133171799e-23, 3.88928873549e-23, 5.02949251067e-23, 6.13167003479e-23, 8.25665116091e-23, 1.16136216063e-22, 2.20060663364e-22, 2.55810022053e-22, 3.23248440798e-22, 5.21954500618e-22, 6.90611245593e-22, 1.16119244825e-21, 1.80485821534e-21],
        "var": [2.42483082502e-07, 0.000106016457721, 8.28486827231e-06, 9.42146471061e-06, 5.02933726239e-05, 2.02559458558e-05, 2.15405470954e-05, 1.06627076093e-05, 8.91365652933e-06, 8.1604175648e-06, 1.0877377008e-06, 1.58096338509e-06, 1.73483658727e-06, 1.77662207079e-06, 1.27127373162e-06, 1.67967573361e-06, 3.22242129869e-07, 1.40815714644e-07, 9.650448618e-08, 1.61767346185e-07, 3.20287171007e-07, 6.77702644225e-07, 3.28888830836e-07, 6.55140794947e-08, 6.688215759e-09, 4.8697801347e-10, 8.10471564179e-16]
    },
    "erbbands": {
        "dmean": [0.121516220272, 0.901868641376, 1.42557764053, 2.66895294189, 8.15084838867, 9.44628238678, 9.74115276337, 13.3261728287, 21.4319152832, 18.9728603363, 20.2020378113, 23.5796871185, 19.1264743805, 19.544418335, 14.8865318298, 13.3900814056, 17.7369976044, 17.2043876648, 18.2480621338, 15.0468349457, 15.4654779434, 9.53186893463, 7.40794801712, 7.23340320587, 6.02195692062, 6.56938314438, 5.51095438004, 6.2687587738, 6.55995845795, 4.9325633049, 3.34153461456, 1.70904076099, 0.940169811249, 0.305660277605, 0.179873809218, 0.0637279301882, 0.0085406973958, 0.000294674595352, 1.27544026327e-05, 1.0002977433e-05],
        "dmean2": [0.190196841955, 1.39563906193, 2.34475660324, 4.44185590744, 13.4591140747, 15.4940881729, 15.7254695892, 21.3284397125, 34.9626731873, 30.3399772644, 31.6101970673, 37.2979736328, 30.4890022278, 31.3664169312, 24.1941070557, 21.6410446167, 28.7445983887, 27.3407649994, 29.4651126862, 24.5657997131, 25.8474979401, 15.8195333481, 12.0716199875, 11.9123573303, 9.8820848465, 10.6536397934, 8.85390281677, 9.71641540527, 9.92012500763, 7.19647598267, 4.85954523087, 2.51044893265, 1.38971054554, 0.432127207518, 0.263377130032, 0.0929467827082, 0.0124742323533, 0.000435664784163, 1.7859696527e-05, 1.52529519255e-05],
        "dvar": [0.0587858445942, 3.39172410965, 6.49345541, 19.9792137146, 304.146636963, 342.26651001, 302.042297363, 682.644287109, 1844.18762207, 1348.49511719, 2122.31103516, 2524.0390625, 1920.07312012, 2285.81811523, 930.293518066, 907.866394043, 1625.15795898, 1804.53027344, 1447.88464355, 1289.50048828, 1707.38452148, 370.723419189, 158.03692627, 151.869216919, 117.783988953, 185.159225464, 191.38293457, 414.364257812, 478.114440918, 241.175811768, 119.555679321, 22.4715919495, 5.27925443649, 0.476841449738, 0.184144228697, 0.0197775419801, 0.000480869290186, 1.18787431802e-06, 7.72664987547e-10, 1.80656115067e-10],
        "dvar2": [0.137706443667, 7.79141616821, 17.2867698669, 54.7857398987, 747.89050293, 847.008178711, 737.558410645, 1802.61035156, 4642.56884766, 3322.05493164, 4778.93017578, 6153.80810547, 4834.02099609, 5417.54833984, 2431.47827148, 2232.39599609, 4277.37060547, 4386.77099609, 3579.82202148, 3186.85693359, 4549.11669922, 1007.67059326, 408.611877441, 391.377166748, 292.200775146, 442.654022217, 403.32144165, 822.196228027, 889.649047852, 480.225036621, 235.943511963, 43.628818512, 11.1544513702, 0.913249194622, 0.41276538372, 0.0433320514858, 0.00106476747897, 2.62829871644e-06, 1.59140289835e-09, 4.00504268638e-10],
        "max": [3.57624983788, 24.6932792664, 43.2106056213, 73.5895233154, 252.194671631, 411.22744751, 373.946563721, 515.440551758, 1287.76464844, 917.690124512, 1011.12902832, 1263.11230469, 1035.28076172, 1972.89001465, 781.650085449, 1331.28869629, 909.339050293, 1978.40563965, 1095.95129395, 899.024841309, 985.131958008, 476.429473877, 264.500488281, 234.475067139, 263.739440918, 314.110076904, 478.112304688, 584.900695801, 875.259216309, 419.490661621, 292.633880615, 98.5765838623, 59.0333824158, 14.1048440933, 6.44624328613, 3.35157036781, 0.626452445984, 0.0374409928918, 0.000853680481669, 0.000192221472389],
        "mean": [0.202053710818, 1.64580309391, 2.71315264702, 5.13157701492, 11.8407459259, 15.8949604034, 19.39103508, 26.7120838165, 39.2000541687, 35.3572235107, 35.805721283, 42.4661102295, 35.1685523987, 36.485370636, 27.2789897919, 25.0351848602, 32.7668304443, 32.5778579712, 33.8724403381, 29.1897449493, 29.5918312073, 19.6394042969, 15.593870163, 14.5460109711, 11.6401309967, 12.4198331833, 10.3211135864, 11.6078510284, 11.9977960587, 9.24377441406, 5.93792247772, 3.16647291183, 1.75944566727, 0.578114449978, 0.292306154966, 0.0966979339719, 0.0114168310538, 0.000368118548067, 3.4059612517e-05, 4.12032422901e-05],
        "median": [0.11306219548, 0.901257514954, 1.77830588818, 3.32158470154, 5.9645857811, 8.35894107819, 9.56186103821, 11.9409570694, 15.9094686508, 15.67461586, 14.4563789368, 16.907781601, 13.458984375, 13.3672885895, 10.4408340454, 9.15740871429, 11.2900457382, 12.0205144882, 15.0895299911, 12.4619092941, 12.0523309708, 10.2967948914, 8.97096347809, 8.68461036682, 6.93808031082, 5.74384593964, 5.02580356598, 5.61174964905, 5.38604545593, 3.94463682175, 2.04926872253, 1.11303949356, 0.606403410435, 0.201087802649, 0.096620388329, 0.033728517592, 0.00288835191168, 8.02867944003e-05, 2.69082120212e-05, 4.29622123193e-05],
        "min": [4.9778464183e-23, 3.10929992799e-22, 1.31291284184e-21, 2.42887107177e-21, 5.39733976442e-21, 1.26257730617e-20, 3.03889581128e-20, 4.61609724111e-20, 5.45079582683e-20, 1.30887890252e-19, 1.45064434707e-19, 3.01303717598e-19, 2.53345801935e-19, 4.85877206417e-19, 5.37569480654e-19, 8.99493051895e-19, 1.2201861157e-18, 8.78440064535e-19, 2.03727326362e-18, 2.46316560676e-18, 2.69437437529e-18, 3.90801976709e-18, 4.08830874468e-18, 4.53695868763e-18, 5.76554358167e-18, 6.24777168082e-18, 8.36421129894e-18, 9.35442507432e-18, 8.47237674456e-18, 8.13687890555e-18, 9.43480304163e-18, 9.84549242549e-18, 8.62948894857e-18, 7.05178916827e-18, 5.56770886252e-18, 3.47532407021e-18, 2.04455328019e-18, 8.57595578388e-19, 1.9264218333e-19, 2.39663271713e-20],
        "var": [0.0879813730717, 5.66105079651, 11.0752487183, 40.1944084167, 401.356933594, 589.39666748, 847.078674316, 2012.17211914, 4551.16064453, 3191.40112305, 4645.16064453, 5569.67333984, 4101.93310547, 8605.47460938, 2176.57104492, 2323.63793945, 3938.18505859, 3698.75805664, 3353.42114258, 3563.8737793, 4105.97851562, 997.45300293, 426.384368896, 334.684509277, 224.512008667, 396.026947021, 358.253479004, 730.157165527, 920.700500488, 487.652893066, 253.664108276, 53.9219360352, 12.2239313126, 1.16929352283, 0.311963617802, 0.0311125144362, 0.000672798370942, 1.42433975725e-06, 1.58517454718e-09, 8.52842074739e-10]
    },
    "gfcc": {
        "mean": [-116.307632446, 90.5094299316, -114.58618927, 40.9532966614, -65.6215515137, 18.9214897156, -35.7994155884, 6.41464233398, -14.9564418793, 2.38566088676, -11.9475650787, -2.13937520981, -4.58414077759],
        "cov": [[139652.765625, 11936.8847656, -14385.7773438, 5401.47509766, -8606.54492188, 2407.73876953, -4584.46972656, 845.10546875, -1989.32763672, 375.080322266, -1676.31774902, -183.386566162, -722.469787598], [11936.8847656, 1905.45874023, -885.151977539, 520.721069336, -644.885192871, 124.137840271, -276.77331543, 79.7193603516, -76.6212081909, 12.8021392822, -57.670249939, -34.58228302, -19.5197315216], [-14385.7773438, -885.151977539, 2651.47607422, -287.478759766, 976.50189209, -289.709991455, 577.350891113, -35.8536911011, 209.956695557, 69.6352233887, 138.471115112, 76.4982528687, 41.6733856201], [5401.47509766, 520.721069336, -287.478759766, 502.652648926, -280.378540039, 99.7079544067, -176.103744507, 43.2029953003, -64.220664978, 35.3486747742, -64.7633361816, -19.1464385986, -8.07292079926], [-8606.54492188, -644.885192871, 976.50189209, -280.378540039, 706.954284668, -113.505187988, 317.501800537, -30.5213527679, 141.164901733, -5.37238502502, 108.371910095, 15.680398941, 48.267162323], [2407.73876953, 124.137840271, -289.709991455, 99.7079544067, -113.505187988, 196.626174927, -35.3376159668, 42.3602523804, -41.5923805237, 10.5011730194, -32.4005622864, -11.6292772293, -20.3245658875], [-4584.46972656, -276.77331543, 577.350891113, -176.103744507, 317.501800537, -35.3376159668, 290.023254395, 18.0431632996, 88.2919082642, -12.9956731796, 69.7159423828, 14.5261545181, 23.2691726685], [845.10546875, 79.7193603516, -35.8536911011, 43.2029953003, -30.5213527679, 42.3602523804, 18.0431632996, 91.057800293, 11.2197980881, 15.4354772568, -14.992898941, 7.87351894379, -4.06134176254], [-1989.32763672, -76.6212081909, 209.956695557, -64.220664978, 141.164901733, -41.5923805237, 88.2919082642, 11.2197980881, 115.970207214, 8.5998249054, 45.0223083496, -4.49697160721, 26.6747875214], [375.080322266, 12.8021392822, 69.6352233887, 35.3486747742, -5.37238502502, 10.5011730194, -12.9956731796, 15.4354772568, 8.5998249054, 83.9064025879, 1.51221346855, 15.2387800217, -15.0443124771], [-1676.31774902, -57.670249939, 138.471115112, -64.7633361816, 108.371910095, -32.4005622864, 69.7159423828, -14.992898941, 45.0223083496, 1.51221346855, 94.8786087036, 13.4734773636, 24.8040275574], [-183.386566162, -34.58228302, 76.4982528687, -19.1464385986, 15.680398941, -11.6292772293, 14.5261545181, 7.87351894379, -4.49697160721, 15.2387800217, 13.4734773636, 70.1072616577, 19.7730388641], [-722.469787598, -19.5197315216, 41.6733856201, -8.07292079926, 48.267162323, -20.3245658875, 23.2691726685, -4.06134176254, 26.6747875214, -15.0443124771, 24.8040275574, 19.7730388641, 68.3334197998]],
        "icov": [[0.00018949402147, -0.000521578942426, 0.000402971374569, -0.00053869758267, 0.00061938149156, -0.000407794344937, 0.000355982978363, -0.000308050017338, 0.000326873909216, -0.000476541201351, 0.000730535539333, -0.000770991318859, 0.000572166871279], [-0.000521578942426, 0.00238898675889, -0.00103223673068, 0.000741102965549, -0.000976831186563, 0.00130546942819, -0.001183942426, 0.00049605849199, -0.00124374020379, 0.00150049745571, -0.0026061697863, 0.00228653172962, -0.00150387187023], [0.000402971374569, -0.00103223673068, 0.00215197005309, -0.00192259903997, 0.00023482159304, 0.00051198847359, -0.00118379225023, -4.80127418996e-05, 0.000797382206656, -0.00217005540617, 0.00232189288363, -0.0025062172208, 0.00190614897292], [-0.00053869758267, 0.000741102965549, -0.00192259903997, 0.00563132110983, -0.00119883124717, -0.00043890735833, 0.00131532875821, -0.00037031903048, -0.000181302282726, 0.000458320253529, -0.0017169151688, 0.00382188870572, -0.00371068553068], [0.00061938149156, -0.000976831186563, 0.00023482159304, -0.00119883124717, 0.00705734128132, -0.00182456790935, -0.000396683608415, -0.000355985655915, -0.000492150138598, -0.00127331644762, 0.00105314387474, -0.00129551172722, 0.000475348584587], [-0.000407794344937, 0.00130546942819, 0.00051198847359, -0.00043890735833, -0.00182456790935, 0.00922607816756, -0.00374498590827, -0.00152880384121, 0.00175950943958, -0.000838187697809, -0.000774095708039, 0.00232716579922, -0.000349151319824], [0.000355982978363, -0.001183942426, -0.00118379225023, 0.00131532875821, -0.000396683608415, -0.00374498590827, 0.0123640215024, -0.00467330124229, -0.00140341836959, 0.00286543206312, -0.00198004301637, -0.001253813738, 0.00124138582032], [-0.000308050017338, 0.00049605849199, -4.80127418996e-05, -0.00037031903048, -0.000355985655915, -0.00152880384121, -0.00467330124229, 0.0165517218411, -0.00447414070368, -0.00121272157412, 0.00300604850054, -0.00236423872411, 0.000314660777804], [0.000326873909216, -0.00124374020379, 0.000797382206656, -0.000181302282726, -0.000492150138598, 0.00175950943958, -0.00140341836959, -0.00447414070368, 0.0170109700412, -0.00479527842253, -0.0022247612942, 0.00433835526928, -0.00446806289256], [-0.000476541201351, 0.00150049745571, -0.00217005540617, 0.000458320253529, -0.00127331644762, -0.000838187697809, 0.00286543206312, -0.00121272157412, -0.00479527842253, 0.0180511791259, -0.00391516648233, -0.00308125698939, 0.00452892016619], [0.000730535539333, -0.0026061697863, 0.00232189288363, -0.0017169151688, 0.00105314387474, -0.000774095708039, -0.00198004301637, 0.00300604850054, -0.0022247612942, -0.00391516648233, 0.0197638049722, -0.00567787699401, -0.000285299000097], [-0.000770991318859, 0.00228653172962, -0.0025062172208, 0.00382188870572, -0.00129551172722, 0.00232716579922, -0.001253813738, -0.00236423872411, 0.00433835526928, -0.00308125698939, -0.00567787699401, 0.0234146602452, -0.0107108848169], [0.000572166871279, -0.00150387187023, 0.00190614897292, -0.00371068553068, 0.000475348584587, -0.000349151319824, 0.00124138582032, 0.000314660777804, -0.00446806289256, 0.00452892016619, -0.000285299000097, -0.0107108848169, 0.0237535405904]]
    },
    "melbands": {
        "dmean": [0.00110592227429, 0.00083310669288, 0.000571059586946, 0.000662254577037, 0.000345588399796, 0.000291066797217, 0.000323466578266, 0.000210184880416, 0.000167077523656, 0.000145661048009, 9.82887286227e-05, 8.62285669427e-05, 4.81658316858e-05, 4.70710110676e-05, 3.72463873646e-05, 3.7745670852e-05, 3.51032358594e-05, 3.30398434016e-05, 2.28326662182e-05, 2.17505239561e-05, 1.89183501789e-05, 1.07272471723e-05, 9.3468634077e-06, 6.38804294795e-06, 6.50804213365e-06, 5.05488014824e-06, 4.61999616164e-06, 4.66977189717e-06, 3.61243178304e-06, 3.70210682377e-06, 4.00453154725e-06, 4.21227150582e-06, 3.33802563546e-06, 2.75111733572e-06, 2.10199345929e-06, 1.53891937771e-06, 9.61694013313e-07, 7.47684339331e-07, 4.47177768592e-07, 2.28048435247e-07],
        "dmean2": [0.00170508527663, 0.00133826944511, 0.000944430241361, 0.00108571583405, 0.000562651723158, 0.000463961361675, 0.00052954419516, 0.000331844261382, 0.000260486733168, 0.00023070073803, 0.000157535498147, 0.000138704403071, 7.80298869358e-05, 7.69503531046e-05, 5.97027501499e-05, 6.16141405771e-05, 5.5816864915e-05, 5.35773360753e-05, 3.67528773495e-05, 3.582480349e-05, 3.16579062201e-05, 1.79235648829e-05, 1.54456756718e-05, 1.04708242361e-05, 1.07571486296e-05, 8.34666388982e-06, 7.50468961996e-06, 7.61525143389e-06, 5.89352021052e-06, 5.88062039242e-06, 6.26429255135e-06, 6.49421144772e-06, 5.12843644174e-06, 4.14583018937e-06, 3.12911038236e-06, 2.32007482737e-06, 1.45010039887e-06, 1.11883946374e-06, 6.7102871526e-07, 3.30302043494e-07],
        "dvar": [5.03384035255e-06, 2.25523467634e-06, 8.78138394e-07, 1.93203550225e-06, 3.64203287972e-07, 2.94557196412e-07, 3.99764559234e-07, 1.63414853205e-07, 1.3085026751e-07, 9.85417827337e-08, 5.04898807208e-08, 4.43801617678e-08, 1.07025819318e-08, 1.20834648953e-08, 7.9407191933e-09, 6.30999164031e-09, 7.50477013867e-09, 5.04133579327e-09, 3.2838582964e-09, 3.34296523796e-09, 3.15588644106e-09, 5.21343246351e-10, 3.60460578053e-10, 1.44645434519e-10, 1.27557617247e-10, 7.76319633577e-11, 9.70083874341e-11, 9.41222377815e-11, 7.03677185965e-11, 1.07779819791e-10, 1.82132989246e-10, 2.0125209832e-10, 1.16439913267e-10, 7.37870042844e-11, 5.16240696025e-11, 2.17248163903e-11, 6.68518148825e-12, 3.3343941757e-12, 1.17507186707e-12, 2.56203234626e-13],
        "dvar2": [1.15025341074e-05, 5.56915028938e-06, 2.34292429013e-06, 4.50440211353e-06, 9.11370307222e-07, 7.68859706568e-07, 1.01880277725e-06, 3.85276791803e-07, 2.95591263466e-07, 2.41604851681e-07, 1.27371563963e-07, 1.05395983496e-07, 2.86769381574e-08, 3.05464453731e-08, 1.97999661111e-08, 1.61183155711e-08, 1.8406645097e-08, 1.25900889714e-08, 7.6539254934e-09, 8.12480216439e-09, 8.39948377518e-09, 1.41689804334e-09, 9.76885017323e-10, 3.68290425934e-10, 3.31081106975e-10, 2.02821939799e-10, 2.24570514962e-10, 2.36238945073e-10, 1.6101678324e-10, 2.25379173657e-10, 3.7243177986e-10, 3.92041371589e-10, 2.42190767441e-10, 1.56152854536e-10, 1.05898428915e-10, 4.55007975741e-11, 1.36900395534e-11, 7.14943815955e-12, 2.58631007236e-12, 5.0739512418e-13],
        "max": [0.0315889082849, 0.0189711023122, 0.0146846156567, 0.020819934085, 0.011490332894, 0.0099520413205, 0.0183934010565, 0.0128559516743, 0.00772738363594, 0.00905827432871, 0.00502269575372, 0.00853779539466, 0.00223077647388, 0.00303769740276, 0.00276443385519, 0.00160234945361, 0.00366291007958, 0.00203170860186, 0.00213001552038, 0.00236997869797, 0.00152159226127, 0.000443013821496, 0.000351010967279, 0.000278513558442, 0.000200648821192, 0.000217501205043, 0.000277960527455, 0.000216143540456, 0.000310111237923, 0.00034947344102, 0.000412355380831, 0.000519308145158, 0.000418814044679, 0.000229643424973, 0.000216954649659, 9.87695530057e-05, 6.46962507744e-05, 4.66098863399e-05, 2.64258251264e-05, 7.18819774193e-06],
        "mean": [0.00197013188154, 0.00174482900184, 0.00107720051892, 0.00104337453377, 0.000697277893778, 0.000589218514506, 0.000593708304223, 0.000382865982829, 0.000292422017083, 0.000255017133895, 0.000173617270775, 0.000154573906912, 8.39869971969e-05, 7.85088705015e-05, 6.64412218612e-05, 6.66755804559e-05, 6.0472117184e-05, 5.66089292988e-05, 4.0517472371e-05, 3.86523352063e-05, 3.32497002091e-05, 1.96716900973e-05, 1.73196931428e-05, 1.22231003843e-05, 1.18722909974e-05, 9.0574449132e-06, 7.98440305516e-06, 8.21307821752e-06, 6.39427116766e-06, 6.14424106971e-06, 7.00412101651e-06, 7.18625096852e-06, 5.83657401876e-06, 4.79922073282e-06, 3.52960000782e-06, 2.59656530943e-06, 1.68194037542e-06, 1.34120091388e-06, 7.89822252045e-07, 3.95533930941e-07],
        "median": [0.0011725689983, 0.00114797102287, 0.000697794894222, 0.000554737111088, 0.000370095280232, 0.00026878938661, 0.000242232403252, 0.000159345509019, 0.000115148221084, 9.59539102041e-05, 6.04103006481e-05, 5.21775618836e-05, 3.04608693114e-05, 2.70241071121e-05, 1.92221468751e-05, 2.35871848417e-05, 1.93892356037e-05, 2.20404945139e-05, 1.53834444063e-05, 1.46783440869e-05, 1.18826928883e-05, 9.23536663322e-06, 7.85801785241e-06, 6.08738582741e-06, 6.57714099361e-06, 4.92261597174e-06, 3.75975218958e-06, 3.52562915396e-06, 2.92381218969e-06, 2.77358481071e-06, 3.22933351526e-06, 3.17797889693e-06, 2.34816889133e-06, 1.98186103262e-06, 1.16492549296e-06, 8.44402620714e-07, 5.76531419938e-07, 4.48010524678e-07, 2.6070910053e-07, 1.32352496962e-07],
        "min": [6.32380631821e-25, 7.42578879646e-25, 5.6172379035e-25, 5.272403136e-25, 1.16378460258e-24, 8.23491603137e-25, 6.84472420747e-25, 1.38364674358e-24, 1.00678027902e-24, 1.49391007243e-24, 1.23050704959e-24, 1.51916358076e-24, 1.23386789287e-24, 1.6617802647e-24, 1.79543795395e-24, 1.91222388059e-24, 1.02418866426e-24, 2.41358364004e-24, 2.01075812968e-24, 2.59350427429e-24, 2.84851618368e-24, 2.31048090024e-24, 2.51930717299e-24, 2.57444145052e-24, 2.76114904956e-24, 2.89720310103e-24, 3.61606108116e-24, 3.46486563349e-24, 4.04186137653e-24, 3.67910368927e-24, 3.65059386172e-24, 4.30555154474e-24, 3.97005176276e-24, 4.36458634501e-24, 4.73524210766e-24, 4.93271529148e-24, 5.20778043951e-24, 5.30451529687e-24, 5.0722671522e-24, 4.69460867129e-24],
        "var": [7.92173705122e-06, 4.50178595202e-06, 1.73384637492e-06, 2.84847192233e-06, 9.89150635178e-07, 8.94664424322e-07, 1.01530542906e-06, 3.97688182829e-07, 2.93944964369e-07, 2.10605975326e-07, 1.06789826759e-07, 1.64509089018e-07, 2.31449988064e-08, 2.57360710521e-08, 2.08045101147e-08, 1.52563437439e-08, 1.48649439424e-08, 1.10337046166e-08, 8.72933547669e-09, 8.87039774966e-09, 6.59125953817e-09, 1.20156429251e-09, 8.55473025752e-10, 3.35954764008e-10, 2.58313925805e-10, 1.44886977416e-10, 1.78667969308e-10, 1.86968954208e-10, 1.25799759498e-10, 1.83614859428e-10, 2.98959829115e-10, 3.60010132816e-10, 2.13973075369e-10, 1.35101943521e-10, 1.02170938376e-10, 4.30777948035e-11, 1.51609402116e-11, 7.36559598036e-12, 2.44502421781e-12, 5.62579225826e-13]
    },
    "mfcc": {
        "mean": [-676.434997559, 101.708183289, 4.38629674911, 19.6471385956, -3.54899573326, 9.28150177002, -7.97581481934, 3.37236475945, -0.656795501709, 3.14955806732, -0.00634554680437, -0.190722435713, -1.51134288311],
        "cov": [[34356.4765625, 6301.66894531, 233.373977661, 1262.09143066, -407.243408203, 575.819458008, -533.15411377, 246.70300293, -101.516181946, 199.498382568, 22.8261547089, -49.1394920349, -152.751083374], [6301.66894531, 2155.48632812, 302.689453125, 405.97869873, -42.7222061157, 113.457374573, -84.8098220825, 87.3812713623, 2.73363041878, 61.6356010437, 64.845375061, 9.90189266205, -5.36950731277], [233.373977661, 302.689453125, 820.506164551, 347.51260376, 69.604347229, 62.9734725952, 47.5304374695, 5.10606145859, 45.3664321899, 31.8537368774, 45.7258262634, -4.98222541809, 21.4965934753], [1262.09143066, 405.97869873, 347.51260376, 380.296417236, 78.0593109131, 45.8363342285, -14.1212768555, -1.92592871189, 24.5173797607, 29.5259513855, 4.75672149658, -9.49666595459, 27.0019683838], [-407.243408203, -42.7222061157, 69.604347229, 78.0593109131, 152.506866455, 33.8250923157, 18.755487442, -8.02710533142, 17.1533126831, 19.3123130798, 5.14314937592, -8.81939125061, 14.3196983337], [575.819458008, 113.457374573, 62.9734725952, 45.8363342285, 33.8250923157, 112.102249146, 36.6470680237, 16.0324516296, 10.3979682922, 19.5941886902, 13.5810098648, 6.53384542465, -2.56005120277], [-533.15411377, -84.8098220825, 47.5304374695, -14.1212768555, 18.755487442, 36.6470680237, 121.07698822, 42.7023696899, 16.6276016235, 9.96710109711, 15.7010822296, 15.0109300613, 3.45077490807], [246.70300293, 87.3812713623, 5.10606145859, -1.92592871189, -8.02710533142, 16.0324516296, 42.7023696899, 93.3366775513, 33.4810142517, 11.9717750549, 7.60620450974, 10.8946332932, -1.62934100628], [-101.516181946, 2.73363041878, 45.3664321899, 24.5173797607, 17.1533126831, 10.3979682922, 16.6276016235, 33.4810142517, 78.1248779297, 28.2135829926, 7.15186309814, -2.76698064804, 9.92794513702], [199.498382568, 61.6356010437, 31.8537368774, 29.5259513855, 19.3123130798, 19.5941886902, 9.96710109711, 11.9717750549, 28.2135829926, 72.6566467285, 30.1702594757, -1.46297454834, -5.63363170624], [22.8261547089, 64.845375061, 45.7258262634, 4.75672149658, 5.14314937592, 13.5810098648, 15.7010822296, 7.60620450974, 7.15186309814, 30.1702594757, 83.0192184448, 18.9533996582, -12.3340578079], [-49.1394920349, 9.90189266205, -4.98222541809, -9.49666595459, -8.81939125061, 6.53384542465, 15.0109300613, 10.8946332932, -2.76698064804, -1.46297454834, 18.9533996582, 59.8828964233, 20.0597419739], [-152.751083374, -5.36950731277, 21.4965934753, 27.0019683838, 14.3196983337, -2.56005120277, 3.45077490807, -1.62934100628, 9.92794513702, -5.63363170624, -12.3340578079, 20.0597419739, 74.6567459106]],
