{
"lowlevel": {
    "average_loudness": 0.903282284737,
    "barkbands_crest": {
        "dmean": 2.08257818222,
        "dmean2": 3.41530680656,
        "dvar": 3.97759413719,
        "dvar2": 9.93238162994,
        "max": 23.2383003235,
        "mean": 7.77292633057,
        "median": 6.90244007111,
        "min": 2.4052977562,
        "var": 10.3775596619
    },
    "barkbands_flatness_db": {
        "dmean": 0.0143709033728,
        "dmean2": 0.0225539393723,
        "dvar": 0.000160088849952,
        "dvar2": 0.000378816854209,
        "max": 0.276386111975,
        "mean": 0.109651021659,
        "median": 0.106507763267,
        "min": 0.0468725524843,
        "var": 0.000906193337869
    },
    "barkbands_kurtosis": {
        "dmean": 1.09932947159,
        "dmean2": 1.78074944019,
        "dvar": 2.75569748878,
        "dvar2": 6.71226596832,
        "max": 39.8401489258,
        "mean": 1.4417822361,
        "median": 0.579507470131,
        "min": -1.86731338501,
        "var": 9.42077732086
    },
    "barkbands_skewness": {
        "dmean": 0.330976933241,
        "dmean2": 0.523343801498,
        "dvar": 0.107470907271,
        "dvar2": 0.258797317743,
        "max": 5.66658210754,
        "mean": 0.529471814632,
        "median": 0.593735694885,
        "min": -2.53502464294,
        "var": 1.30387639999
    },
    "barkbands_spread": {
        "dmean": 5.30804347992,
        "dmean2": 8.20827960968,
        "dvar": 34.8324165344,
        "dvar2": 76.350730896,
        "max": 126.88243866,
        "mean": 26.7513027191,
        "median": 25.5366458893,
        "min": 2.41017007828,
        "var": 139.03755188
    },
    "dissonance": {
        "dmean": 0.0163273699582,
        "dmean2": 0.0277573373169,
        "dvar": 0.000265382201178,
        "dvar2": 0.000752446823753,
        "max": 0.500000059605,
        "mean": 0.470278918743,
        "median": 0.475290298462,
        "min": 0.29073420167,
        "var": 0.000570491247345
    },
    "dynamic_complexity": 2.1822052002,
    "erbbands_crest": {
        "dmean": 2.7656648159,
        "dmean2": 4.56615114212,
        "dvar": 7.53178024292,
        "dvar2": 19.5986270905,
        "max": 29.3899879456,
        "mean": 8.84074687958,
        "median": 7.8637342453,
        "min": 2.4340069294,
        "var": 20.1461849213
    },
    "erbbands_flatness_db": {
        "dmean": 0.0157381258905,
        "dmean2": 0.0231398735195,
        "dvar": 0.000213929029997,
        "dvar2": 0.000430441985372,
        "max": 0.339206367731,
        "mean": 0.153858944774,
        "median": 0.15338434279,
        "min": 0.0659468099475,
        "var": 0.00154971471056
    },
    "erbbands_kurtosis": {
        "dmean": 0.75574606657,
        "dmean2": 1.20760500431,
        "dvar": 0.862088084221,
        "dvar2": 2.10170817375,
        "max": 17.7181434631,
        "mean": 0.393924623728,
        "median": -0.00581002235413,
        "min": -1.63902485371,
        "var": 2.44696140289
    },
    "erbbands_skewness": {
        "dmean": 0.296172827482,
        "dmean2": 0.463381111622,
        "dvar": 0.0734897479415,
        "dvar2": 0.17353092134,
        "max": 3.7903149128,
        "mean": 0.276088833809,
        "median": 0.233836084604,
        "min": -2.649528265,
        "var": 0.470165461302
    },
    "erbbands_spread": {
        "dmean": 6.83642244339,
        "dmean2": 10.5347118378,
        "dvar": 48.8496284485,
        "dvar2": 109.983139038,
        "max": 109.756256104,
        "mean": 35.553188324,
        "median": 34.6486053467,
        "min": 4.19496250153,
        "var": 235.040817261
    },
    "hfc": {
        "dmean": 7.13588476181,
        "dmean2": 10.5584878922,
        "dvar": 110.301933289,
        "dvar2": 217.135147095,
        "max": 382.384246826,
        "mean": 30.6983661652,
        "median": 29.7758903503,
        "min": 9.990647072e-17,
        "var": 523.63470459
    },
    "melbands_crest": {
        "dmean": 2.57999873161,
        "dmean2": 4.27635383606,
        "dvar": 6.41413831711,
        "dvar2": 16.5954914093,
        "max": 32.136390686,
        "mean": 9.61383724213,
        "median": 9.08436393738,
        "min": 1.5438451767,
        "var": 22.6367282867
    },
    "melbands_flatness_db": {
        "dmean": 0.0160885285586,
        "dmean2": 0.0248537547886,
        "dvar": 0.000256763742073,
        "dvar2": 0.000588897266425,
        "max": 0.360663443804,
        "mean": 0.126890301704,
        "median": 0.130829036236,
        "min": 0.00225202622823,
        "var": 0.00343195162714
    },
    "melbands_kurtosis": {
        "dmean": 2.51452326775,
        "dmean2": 4.03468179703,
        "dvar": 19.0738449097,
        "dvar2": 48.8537445068,
        "max": 91.2180709839,
        "mean": 4.72216558456,
        "median": 2.28583025932,
        "min": -1.81290173531,
        "var": 54.0307350159
    },
    "melbands_skewness": {
        "dmean": 0.443885147572,
        "dmean2": 0.690407693386,
        "dvar": 0.209011822939,
        "dvar2": 0.501211464405,
        "max": 7.55378055573,
        "mean": 1.44384360313,
        "median": 1.34222650528,
        "min": -0.964792907238,
        "var": 1.41124927998
    },
    "melbands_spread": {
        "dmean": 7.65591192245,
        "dmean2": 12.3681335449,
        "dvar": 80.0140838623,
        "dvar2": 193.47366333,
        "max": 233.080184937,
        "mean": 44.0013122559,
        "median": 34.0416603088,
        "min": 2.85966205597,
        "var": 1146.7097168
    },
    "pitch_salience": {
        "dmean": 0.0531005337834,
        "dmean2": 0.086569018662,
        "dvar": 0.00234352424741,
        "dvar2": 0.00618635909632,
        "max": 0.91088104248,
        "mean": 0.602493882179,
        "median": 0.585510551929,
        "min": 0.18725438416,
        "var": 0.0129018519074
    },
    "silence_rate_20dB": {
        "dmean": 0,
        "dmean2": 0,
        "dvar": 0,
        "dvar2": 0,
        "max": 1,
        "mean": 1,
        "median": 1,
        "min": 1,
        "var": 0
    },
    "silence_rate_30dB": {
        "dmean": 0.000227298558457,
        "dmean2": 0.000454648776213,
        "dvar": 0.000227201628149,
        "dvar2": 0.000454469845863,
        "max": 1,
        "mean": 0.999659061432,
        "median": 1,
        "min": 0,
        "var": 0.00034069098183
    },
    "silence_rate_60dB": {
        "dmean": 0.00159108988009,
        "dmean2": 0.00318254157901,
        "dvar": 0.00158884737175,
        "dvar2": 0.0036265286617,
        "max": 1,
        "mean": 0.14374999702,
        "median": 0,
        "min": 0,
        "var": 0.123106844723
    },
    "spectral_centroid": {
        "dmean": 244.559494019,
        "dmean2": 391.522766113,
        "dvar": 66756.1875,
        "dvar2": 158869.234375,
        "max": 12102.7861328,
        "mean": 2705.66064453,
        "median": 1827.55883789,
        "min": 316.557769775,
        "var": 8475320
    },
    "spectral_complexity": {
        "dmean": 3.1076259613,
        "dmean2": 4.94044113159,
        "dvar": 10.6489505768,
        "dvar2": 25.2617454529,
        "max": 63,
        "mean": 22.238067627,
        "median": 24,
        "min": 0,
        "var": 127.547416687
    },
    "spectral_decrease": {
        "dmean": 1.28315935655e-09,
        "dmean2": 2.03006211841e-09,
        "dvar": 2.17717328664e-18,
        "dvar2": 5.09525721104e-18,
        "max": 2.36567199154e-28,
        "mean": -6.46311137942e-09,
        "median": -6.85296619451e-09,
        "min": -2.75524563165e-08,
        "var": 1.51511380623e-17
    },
    "spectral_energy": {
        "dmean": 0.00524041429162,
        "dmean2": 0.00823054928333,
        "dvar": 3.51492562913e-05,
        "dvar2": 8.09250632301e-05,
        "max": 0.116491898894,
        "mean": 0.0271776914597,
        "median": 0.0291542522609,
        "min": 9.89397354582e-21,
        "var": 0.000256205210462
    },
    "spectral_energyband_high": {
        "dmean": 0.000623285828624,
        "dmean2": 0.00091684947256,
        "dvar": 1.57029285219e-06,
        "dvar2": 3.01137424685e-06,
        "max": 0.0497360862792,
        "mean": 0.00153769995086,
        "median": 0.00102351489477,
        "min": 6.78650963164e-21,
        "var": 4.61775880467e-06
    },
    "spectral_energyband_low": {
        "dmean": 0.00180665589869,
        "dmean2": 0.00294911023229,
        "dvar": 8.19585966383e-06,
        "dvar2": 2.02252595045e-05,
        "max": 0.0669776797295,
        "mean": 0.00458713527769,
        "median": 0.00359246344306,
        "min": 8.42815204606e-24,
        "var": 2.37973472395e-05
    },
    "spectral_energyband_middle_high": {
        "dmean": 0.00285647204146,
        "dmean2": 0.00442760065198,
        "dvar": 1.26410495795e-05,
        "dvar2": 2.84450288746e-05,
        "max": 0.0489843599498,
        "mean": 0.00990971922874,
        "median": 0.00778029998764,
        "min": 9.24785602428e-22,
        "var": 7.15708301868e-05
    },
    "spectral_energyband_middle_low": {
        "dmean": 0.00366373290308,
        "dmean2": 0.0057833972387,
        "dvar": 2.41387297137e-05,
        "dvar2": 5.63579451409e-05,
        "max": 0.0815061703324,
        "mean": 0.0119423558936,
        "median": 0.00942995212972,
        "min": 1.24591075783e-22,
        "var": 0.000118764583021
    },
    "spectral_entropy": {
        "dmean": 0.113689653575,
        "dmean2": 0.163216456771,
        "dvar": 0.014241871424,
        "dvar2": 0.0281301978976,
        "max": 9.83281993866,
        "mean": 7.96129083633,
        "median": 7.78867340088,
        "min": 6.07271718979,
        "var": 0.469486802816
    },
    "spectral_flux": {
        "dmean": 0.0184815004468,
        "dmean2": 0.0299070216715,
        "dvar": 0.000409475149354,
        "dvar2": 0.00103120843414,
        "max": 0.309290081263,
        "mean": 0.0873738303781,
        "median": 0.0902302414179,
        "min": 6.06133546133e-11,
        "var": 0.00210471497849
    },
    "spectral_kurtosis": {
        "dmean": 0.856785476208,
        "dmean2": 1.45777893066,
        "dvar": 0.742486834526,
        "dvar2": 2.14402198792,
        "max": 14.0607261658,
        "mean": 2.46053647995,
        "median": 2.51999163628,
        "min": -1.27824449539,
        "var": 3.255890131
    },
    "spectral_rms": {
        "dmean": 0.00046510741231,
        "dmean2": 0.000726227997802,
        "dvar": 2.44314094289e-07,
        "dvar2": 5.41254792097e-07,
        "max": 0.0106607051566,
        "mean": 0.00468815118074,
        "median": 0.00533321406692,
        "min": 3.10687261508e-12,
        "var": 4.53619304608e-06
    },
    "spectral_rolloff": {
        "dmean": 528.738464355,
        "dmean2": 887.312805176,
        "dvar": 634185.625,
        "dvar2": 1430825.75,
        "max": 19918.2128906,
        "mean": 3806.84008789,
        "median": 1894.921875,
        "min": 193.798828125,
        "var": 27995314
    },
    "spectral_skewness": {
        "dmean": 0.140825852752,
        "dmean2": 0.22925272584,
        "dvar": 0.0164109300822,
        "dvar2": 0.0422037653625,
        "max": 3.09318494797,
        "mean": 1.13798081875,
        "median": 1.21637964249,
        "min": -0.0993101373315,
        "var": 0.217803448439
    },
    "spectral_spread": {
        "dmean": 568757.0625,
        "dmean2": 834829.0625,
        "dvar": 588464717824,
        "dvar2": 1.25244224307e+12,
        "max": 43704300,
        "mean": 8370926.5,
        "median": 4404176,
        "min": 2398468.25,
        "var": 1.23860338868e+14
    },
    "spectral_strongpeak": {
        "dmean": 0.902253270149,
        "dmean2": 1.51513147354,
        "dvar": 1.98263168335,
        "dvar2": 4.85025978088,
        "max": 25.4074859619,
        "mean": 1.53451550007,
        "median": 1.0324511528,
        "min": 0,
        "var": 3.25750803947
    },
    "zerocrossingrate": {
        "dmean": 0.0104571767151,
        "dmean2": 0.0132962567732,
        "dvar": 0.000148344173795,
        "dvar2": 0.000208834928344,
        "max": 0.79248046875,
        "mean": 0.124983020127,
        "median": 0.08203125,
        "min": 0.013671875,
        "var": 0.0176181867719
    },
    "barkbands": {
        "dmean": [0.000119985743368, 0.0012638537446, 0.000728516431991, 0.000678241834976, 0.00175976310857, 0.00123586680274, 0.000955202209298, 0.000885326240677, 0.000980479409918, 0.0012417716207, 0.000907723442651, 0.000913715164643, 0.000685587758198, 0.000452473468613, 0.000699722208083, 0.000322747102473, 0.000415968766902, 0.000261283305008, 0.000223269351409, 0.000250021548709, 0.000146961232531, 0.000123110337881, 0.00018425246526, 0.000138463714393, 5.41364861419e-05, 2.57376741502e-05, 3.7611527226e-09],
        "dmean2": [0.000216457454371, 0.00205610971898, 0.00123499531765, 0.00112121133134, 0.00282091228291, 0.00191050965805, 0.00150690728333, 0.00139162875712, 0.00150803523138, 0.00191577628721, 0.00141646200791, 0.00145099672955, 0.00109401065856, 0.000753141415771, 0.00112316734158, 0.000522935821209, 0.000682813639287, 0.000429878855357, 0.000364695064491, 0.000396508519771, 0.000236027102801, 0.0001946570992, 0.00028621731326, 0.00020257961296, 7.98356995801e-05, 3.75162671844e-05, 6.83647272126e-09],
        "dvar": [3.802674442e-08, 5.29841736352e-06, 1.60530305493e-06, 1.33628429921e-06, 1.13135083666e-05, 6.56650718156e-06, 5.08423863721e-06, 3.54953567694e-06, 4.72226793136e-06, 5.44946624359e-06, 4.26848873758e-06, 3.44416434928e-06, 2.53760254054e-06, 1.17605065952e-06, 2.35692800743e-06, 7.21177002561e-07, 8.19424201381e-07, 2.34983090763e-07, 1.31228048872e-07, 1.76276401476e-07, 6.65709976033e-08, 8.74981935794e-08, 2.37407078885e-07, 1.60904903623e-07, 2.33345183176e-08, 4.94837548715e-09, 5.07298408264e-16],
        "dvar2": [1.17925452514e-07, 1.22800429381e-05, 4.5406954996e-06, 3.55472548108e-06, 2.78863826679e-05, 1.42423359648e-05, 1.18847992781e-05, 8.21913181426e-06, 9.86716804618e-06, 1.17104700621e-05, 9.53746166488e-06, 7.87380940892e-06, 5.89192086409e-06, 3.07306208924e-06, 5.97496409682e-06, 1.63945401255e-06, 1.80366021141e-06, 5.84886493016e-07, 3.16003337275e-07, 4.12430068764e-07, 1.61249303687e-07, 2.03016128353e-07, 5.04781041855e-07, 2.87720865799e-07, 4.88741918048e-08, 1.07410604855e-08, 1.33977583547e-15],
        "max": [0.00427128374577, 0.0524044148624, 0.0370990000665, 0.0221587233245, 0.0548193193972, 0.0468283444643, 0.0447035655379, 0.0331608466804, 0.036038659513, 0.0362647585571, 0.0269569884986, 0.03789428249, 0.0356302261353, 0.0284979585558, 0.0354931540787, 0.026013661176, 0.0268072709441, 0.0129313003272, 0.012343489565, 0.00793073792011, 0.0060950871557, 0.00939861219376, 0.0157737862319, 0.0167778879404, 0.00605577044189, 0.00170736841392, 8.3850648025e-07],
        "mean": [0.000144866848132, 0.00260057509877, 0.00137352501042, 0.00108423084021, 0.00343648297712, 0.00227203825489, 0.00156085006893, 0.00144122273196, 0.00156929064542, 0.00212877802551, 0.00128147623036, 0.00147059443407, 0.001045784913, 0.000650641450193, 0.00108332140371, 0.000536002276931, 0.000741297961213, 0.00048278234317, 0.000464032666059, 0.000537763931789, 0.000320178980473, 0.000240075183683, 0.000344589119777, 0.000257321138633, 7.66524171922e-05, 3.33725001838e-05, 2.8194664381e-09],
        "median": [6.83242687955e-05, 0.00177590386011, 0.00079722434748, 0.000585182220675, 0.00161077757366, 0.000911851646379, 0.000525093288161, 0.000522560556419, 0.000483604264446, 0.000697254668921, 0.000366910768207, 0.000517049280461, 0.000304726534523, 0.000212299317354, 0.000383007631171, 0.000148198756506, 0.000358826073352, 0.000285681686364, 0.000326904060785, 0.000309980940074, 0.000208733370528, 0.000141453056131, 0.000162826589076, 9.23153784242e-05, 2.02980245376e-05, 7.27342421669e-06, 5.82283776751e-10],
        "min": [9.8085293248e-27, 5.99473742893e-25, 2.27458674297e-25, 5.96993514904e-25, 2.97311301657e-24, 3.77460042944e-24, 5.36586461504e-24, 3.02832144702e-24, 1.09306775838e-23, 9.92365719524e-24, 9.75329637187e-24, 2.14990266207e-23, 1.38115408117e-23, 2.3551756292e-23, 3.06814637985e-23, 3.96564416022e-23, 4.43060098657e-23, 6.38128960657e-23, 1.14684434318e-22, 1.41836673266e-22, 2.26065674523e-22, 2.58658579849e-22, 3.14851881053e-22, 4.80546749941e-22, 7.62350937889e-22, 1.17671763476e-21, 1.82237925781e-21],
        "var": [5.50520837805e-08, 1.12431443995e-05, 3.03567344417e-06, 2.3626228085e-06, 3.25343353325e-05, 1.72478903551e-05, 1.07016621769e-05, 7.0566334216e-06, 1.0308362107e-05, 1.32279392346e-05, 7.26929101802e-06, 7.90441481513e-06, 4.49728213425e-06, 1.74113540652e-06, 4.13712314185e-06, 1.55849829753e-06, 2.0176162252e-06, 4.77627224882e-07, 2.99146961424e-07, 4.81246956952e-07, 1.61086930461e-07, 1.56692152586e-07, 5.72588362502e-07, 4.2933109512e-07, 4.14214760269e-08, 7.15971193443e-09, 3.54890870092e-16]
    },
    "erbbands": {
        "dmean": [0.0374009869993, 0.29749661684, 0.788846611977, 1.38657450676, 4.68239355087, 6.06698131561, 8.95348644257, 9.65780830383, 13.2570934296, 12.5521774292, 22.4690246582, 19.3977241516, 30.9367218018, 44.7005462646, 25.8053779602, 39.2122802734, 29.8352794647, 24.6865329742, 36.1937980652, 18.1904716492, 20.3439941406, 17.4964179993, 14.5392856598, 12.3900604248, 10.961145401, 12.1254558563, 6.30775976181, 6.06722593307, 4.48937940598, 5.84482336044, 4.40310668945, 3.50523686409, 1.68700611591, 0.646132946014, 0.385981947184, 0.145564824343, 0.0459166020155, 0.00303485686891, 6.24399108347e-05, 9.26483426156e-06],
        "dmean2": [0.0614451617002, 0.484239906073, 1.33550870419, 2.32163405418, 7.58328056335, 9.74678039551, 14.2707881927, 14.9892520905, 20.748550415, 19.8559589386, 34.9340629578, 29.7516345978, 46.7967987061, 67.844619751, 40.3331794739, 62.6828956604, 46.8389358521, 40.4639472961, 57.949180603, 29.4169769287, 32.8736000061, 28.0498027802, 23.8527946472, 20.3330230713, 17.8461513519, 19.2153663635, 10.292807579, 9.50724697113, 7.09566640854, 9.23197555542, 6.76216650009, 5.20135116577, 2.45326519012, 0.955507218838, 0.569681942463, 0.213774427772, 0.0680571720004, 0.00453792558983, 9.0900590294e-05, 1.36970529638e-05],
        "dvar": [0.00543555710465, 0.287406623363, 1.77275753021, 5.19307994843, 93.2654571533, 168.686691284, 447.555633545, 474.207977295, 898.447692871, 1058.03540039, 2331.74658203, 1850.01953125, 4293.23925781, 7492.32226562, 3616.24560547, 6913.20410156, 5041.75976562, 2863.64550781, 7638.12451172, 1274.21557617, 2258.63598633, 1351.30444336, 759.716918945, 486.929260254, 312.175933838, 447.581481934, 143.80267334, 132.596176147, 129.151504517, 168.669113159, 174.808959961, 119.718032837, 22.9694309235, 3.84749913216, 1.01669549942, 0.149561494589, 0.0173887051642, 7.68723402871e-05, 2.94570714487e-08, 1.98419058961e-10],
        "dvar2": [0.012995775789, 0.67732489109, 4.88996601105, 14.2181587219, 223.157073975, 419.039520264, 1025.14624023, 1019.47442627, 1973.97314453, 2471.86352539, 5476.64746094, 4001.66992188, 9214.14550781, 17543.2167969, 8276.63964844, 16425.5449219, 11493.7578125, 7449.15869141, 19374.0019531, 3236.71484375, 4816.13378906, 2936.49560547, 1830.42578125, 1183.93188477, 811.328063965, 1055.04443359, 369.579284668, 304.968841553, 299.959320068, 397.24697876, 343.157745361, 236.437057495, 38.2073860168, 7.48273038864, 2.17191529274, 0.323804706335, 0.0391598157585, 0.000166445111972, 6.29262260077e-08, 3.97028104837e-10],
        "max": [2.10172176361, 10.0932779312, 35.2000465393, 72.5512237549, 218.427322388, 273.235107422, 549.664245605, 500.241119385, 724.344665527, 648.585998535, 942.562133789, 870.34173584, 1351.21203613, 1489.18676758, 1471.82250977, 1924.67932129, 1791.4642334, 1420.5300293, 1995.5904541, 761.940307617, 1520.44689941, 1124.61706543, 874.795410156, 750.454589844, 327.105773926, 403.814880371, 303.608032227, 351.64855957, 387.6199646, 309.752075195, 530.80279541, 435.30645752, 207.178543091, 81.7551422119, 25.5323886871, 8.39012622833, 3.15626597404, 0.191838085651, 0.0039191073738, 0.000375646603061],
        "mean": [0.0794612690806, 0.568972706795, 1.55471432209, 2.72799706459, 7.75432157516, 11.5382995605, 16.9036331177, 17.0055065155, 22.9135608673, 20.570602417, 38.8613319397, 33.2637557983, 53.6118202209, 77.0887908936, 42.6734352112, 64.6794052124, 50.0188598633, 40.7894477844, 55.2202186584, 34.2669639587, 37.3652076721, 35.1982574463, 29.1420631409, 25.1145114899, 23.7774772644, 25.7974815369, 13.5910081863, 13.3350248337, 8.75025558472, 10.7118520737, 8.58902835846, 6.62439537048, 3.03819060326, 0.983884632587, 0.512130081654, 0.195840135217, 0.0560981780291, 0.00348060228862, 9.31018439587e-05, 4.00965218432e-05],
        "median": [0.0359724164009, 0.411834597588, 0.996380031109, 1.8594481945, 3.5730214119, 4.77568912506, 5.44464063644, 7.0738401413, 8.99382781982, 7.83159542084, 15.6012144089, 13.6338338852, 19.1938972473, 30.329574585, 16.8288993835, 24.4413146973, 18.7203617096, 17.8391494751, 20.8351421356, 14.8013572693, 15.5736122131, 17.8997993469, 17.0761318207, 18.0096874237, 15.6703357697, 14.8715782166, 9.66947364807, 8.01613807678, 5.03382778168, 5.60340976715, 4.15848779678, 2.40148735046, 1.18450093269, 0.3092045784, 0.119172789156, 0.0503798723221, 0.00957568641752, 0.000315562065225, 3.31966512022e-05, 4.07971674576e-05],
        "min": [3.68082214386e-23, 1.65825769311e-22, 9.51178338718e-22, 2.38804054008e-21, 3.33184513717e-21, 1.42285905949e-20, 2.05460678166e-20, 2.70152567481e-20, 6.66157692481e-20, 7.54267937354e-20, 1.56061555382e-19, 2.82772054293e-19, 3.47550584315e-19, 3.68636710598e-19, 6.7237350242e-19, 9.0529665447e-19, 1.17931843035e-18, 1.53769980741e-18, 1.52512531794e-18, 2.37772736206e-18, 2.98258415984e-18, 3.17973376665e-18, 4.17747964189e-18, 5.33800701027e-18, 5.81596892541e-18, 7.12704771476e-18, 7.86666629639e-18, 8.86620405164e-18, 8.91554785672e-18, 8.22275927829e-18, 9.64624446826e-18, 7.906669578e-18, 9.1553218737e-18, 7.05619721375e-18, 5.471579722e-18, 3.32812479866e-18, 1.9958497129e-18, 7.25096081809e-19, 2.08869825512e-19, 2.39028782178e-20],
        "var": [0.014585794881, 0.511502146721, 3.50870060921, 11.2303857803, 193.684310913, 485.945678711, 1353.71179199, 1075.81103516, 2034.25769043, 1894.9420166, 5043.31640625, 3910.95947266, 10035.9248047, 16091.3144531, 7021.71484375, 14687.1201172, 9281.99023438, 4706.72802734, 12487.8945312, 2956.9609375, 5668.875, 3950.12768555, 1811.32580566, 962.840209961, 745.671630859, 1178.68835449, 256.066345215, 368.976593018, 223.429000854, 300.501617432, 490.045349121, 304.307189941, 62.9333610535, 8.01897716522, 1.60534322262, 0.223470702767, 0.022874655202, 0.00010242650751, 4.27343458398e-08, 7.75567776667e-10]
    },
    "gfcc": {
        "mean": [-88.1055679321, 71.7238082886, -124.040130615, 35.4747085571, -63.1730957031, 20.4074611664, -33.2776031494, 9.59420871735, -22.0491600037, 0.276032924652, -12.0484933853, 0.837983489037, -8.5772228241],
        "cov": [[133952.9375, 9073.140625, -15125.4375, 4494.8125, -7911.86816406, 2581.96630859, -4068.64746094, 1185.26428223, -2823.16821289, -4.08504962921, -1536.23242188, 105.719795227, -1152.9432373], [9073.140625, 1338.76831055, -899.478271484, 399.150146484, -523.474975586, 89.8849563599, -171.818054199, 28.6733188629, -183.79776001, -94.4898834229, -8.07828617096, -36.1922836304, -46.4402198792], [-15125.4375, -899.478271484, 2594.95629883, -400.316680908, 898.434448242, -360.092987061, 425.155548096, -112.127349854, 240.207015991, 12.8117437363, 122.740951538, 37.7246589661, 67.25806427], [4494.8125, 399.150146484, -400.316680908, 343.721954346, -231.522964478, 62.1276779175, -158.077438354, 33.0267448425, -59.6226005554, -13.8008775711, -58.9297828674, -4.1968665123, -33.752407074], [-7911.86816406, -523.474975586, 898.434448242, -231.522964478, 604.152160645, -126.814155579, 255.55859375, -62.9444122314, 173.619537354, 23.3676376343, 74.104019165, -4.8295378685, 63.5812644958], [2581.96630859, 89.8849563599, -360.092987061, 62.1276779175, -126.814155579, 194.481079102, -5.72861433029, 22.0850257874, -70.8633880615, -1.64073491096, -11.7611207962, -4.20879888535, -19.9425697327], [-4068.64746094, -171.818054199, 425.155548096, -158.077438354, 255.55859375, -5.72861433029, 300.627075195, -22.1668949127, 58.5750236511, -28.7944812775, 89.8311767578, -12.9803152084, 38.8359870911], [1185.26428223, 28.6733188629, -112.127349854, 33.0267448425, -62.9444122314, 22.0850257874, -22.1668949127, 98.3522872925, 3.2128007412, 14.0729703903, -31.6544876099, 9.6132774353, -13.1118965149], [-2823.16821289, -183.79776001, 240.207015991, -59.6226005554, 173.619537354, -70.8633880615, 58.5750236511, 3.2128007412, 172.785568237, 16.0817394257, 30.5373516083, -12.3679819107, 36.4551849365], [-4.08504962921, -94.4898834229, 12.8117437363, -13.8008775711, 23.3676376343, -1.64073491096, -28.7944812775, 14.0729703903, 16.0817394257, 89.2864608765, -8.55516719818, 9.11898612976, -10.6850357056], [-1536.23242188, -8.07828617096, 122.740951538, -58.9297828674, 74.104019165, -11.7611207962, 89.8311767578, -31.6544876099, 30.5373516083, -8.55516719818, 116.245979309, 6.68326854706, 25.4511413574], [105.719795227, -36.1922836304, 37.7246589661, -4.1968665123, -4.8295378685, -4.20879888535, -12.9803152084, 9.6132774353, -12.3679819107, 9.11898612976, 6.68326854706, 72.0074920654, 12.6420612335], [-1152.9432373, -46.4402198792, 67.25806427, -33.752407074, 63.5812644958, -19.9425697327, 38.8359870911, -13.1118965149, 36.4551849365, -10.6850357056, 25.4511413574, 12.6420612335, 68.8974380493]],
        "icov": [[0.000270816468401, -0.000685570994392, 0.000492326391395, -0.000581708853133, 0.00096540764207, -0.00101039826404, 0.000765664852224, -0.000787115655839, 0.000879267579876, -0.00068153522443, 0.000775689375587, -0.000764234166127, 0.000822185538709], [-0.000685570994392, 0.00357557833195, -0.000971462402958, -0.000250749464612, -0.00157735787798, 0.00363497412764, -0.00260070292279, 0.00185691483784, -0.00121504592244, 0.00255950982682, -0.00319606764242, 0.0028398365248, -0.00221029226668], [0.000492326391395, -0.000971462402958, 0.00198762957007, -0.00129504757933, 0.000752201653086, -0.000384126877179, 0.0005950051127, -0.00118843093514, 0.00190823047888, -0.00102755182888, 0.00141447142232, -0.002118073171, 0.00233927881345], [-0.000581708853133, -0.000250749464612, -0.00129504757933, 0.00736210588366, -0.002198058879, 0.000265516311629, 0.000728993385565, 0.00132748903707, -0.00319386739284, 0.00193590833806, -0.000192400912056, 0.00109715980943, -0.0012256053742], [0.00096540764207, -0.00157735787798, 0.000752201653086, -0.002198058879, 0.00978872459382, -0.00304857268929, -0.000373858696548, -0.000538509862963, 0.000572497025132, -0.00405592890456, 0.00366396736354, -0.00225897855125, 0.00160247087479], [-0.00101039826404, 0.00363497412764, -0.000384126877179, 0.000265516311629, -0.00304857268929, 0.0131541248411, -0.00626521324739, 0.00239521428011, -0.000372049835278, 0.00171315378975, -0.00325314048678, 0.00305698625743, -0.00224140333012], [0.000765664852224, -0.00260070292279, 0.0005950051127, 0.000728993385565, -0.000373858696548, -0.00626521324739, 0.0115118799731, -0.00503170257434, 0.00316512119025, 0.00117334490642, -0.00198236526921, 3.14212484227e-05, 0.00115477782674], [-0.000787115655839, 0.00185691483784, -0.00118843093514, 0.00132748903707, -0.000538509862963, 0.00239521428011, -0.00503170257434, 0.0163997542113, -0.00628831004724, -0.000247104733717, 0.0023732543923, -0.00142198789399, -0.000288860232104], [0.000879267579876, -0.00121504592244, 0.00190823047888, -0.00319386739284, 0.000572497025132, -0.000372049835278, 0.00316512119025, -0.00628831004724, 0.0141309099272, -0.00302913528867, -0.000411989691202, 0.00139900471549, -0.00120077037718], [-0.00068153522443, 0.00255950982682, -0.00102755182888, 0.00193590833806, -0.00405592890456, 0.00171315378975, 0.00117334490642, -0.000247104733717, -0.00302913528867, 0.0161300655454, -0.00324687175453, 0.000573514436837, 0.00100072578061], [0.000775689375587, -0.00319606764242, 0.00141447142232, -0.000192400912056, 0.00366396736354, -0.00325314048678, -0.00198236526921, 0.0023732543923, -0.000411989691202, -0.00324687175453, 0.016468603164, -0.00552214263007, 0.00124145753216], [-0.000764234166127, 0.0028398365248, -0.002118073171, 0.00109715980943, -0.00225897855125, 0.00305698625743, 3.14212484227e-05, -0.00142198789399, 0.00139900471549, 0.000573514436837, -0.00552214263007, 0.019891416654, -0.0078495759517], [0.000822185538709, -0.00221029226668, 0.00233927881345, -0.0012256053742, 0.00160247087479, -0.00224140333012, 0.00115477782674, -0.000288860232104, -0.00120077037718, 0.00100072578061, 0.00124145753216, -0.0078495759517, 0.0228378418833]]
    },
    "melbands": {
        "dmean": [0.00033799521043, 0.000383039267035, 0.000315916142426, 0.000393332535168, 0.000286027032416, 0.000223511422519, 0.000202230003197, 0.000136614355142, 0.000193706800928, 0.000126480139443, 0.00016139842046, 0.000186238787137, 0.000101092868135, 0.000101136880403, 9.00461600395e-05, 6.44586034468e-05, 4.8070520279e-05, 5.46639348613e-05, 4.4926215196e-05, 2.13214607356e-05, 2.84835932689e-05, 2.30062032642e-05, 1.5453704691e-05, 1.2945418348e-05, 1.1120239833e-05, 7.96671247372e-06, 9.37138338486e-06, 8.77543971001e-06, 4.71990642836e-06, 3.70452039533e-06, 3.79961352337e-06, 2.83059944195e-06, 2.3781674372e-06, 4.25287817052e-06, 2.96336634165e-06, 2.14641613638e-06, 2.47925277108e-06, 1.41688587973e-06, 7.65454046814e-07, 5.13552095072e-07],
        "dmean2": [0.000552021665499, 0.000638919766061, 0.000518608780112, 0.000634864962194, 0.000458688300569, 0.000346603890648, 0.000318124482874, 0.000214192652493, 0.000302486005239, 0.000193090076209, 0.000243693400989, 0.000281049666228, 0.000157524875249, 0.000159406059538, 0.00014199076395, 0.000103150472569, 7.94485895312e-05, 8.81346713868e-05, 7.25786521798e-05, 3.50741611328e-05, 4.58703871118e-05, 3.71429414372e-05, 2.53659345617e-05, 2.13624061871e-05, 1.84171221917e-05, 1.31716087708e-05, 1.51296126205e-05, 1.40464126162e-05, 7.73743613536e-06, 6.04589195063e-06, 6.03074158789e-06, 4.59068724012e-06, 3.74995352104e-06, 6.88794762027e-06, 4.66472192784e-06, 3.34171454597e-06, 3.65981827599e-06, 2.05789683605e-06, 1.16987439469e-06, 7.76177216721e-07],
        "dvar": [4.17742086256e-07, 3.81412633033e-07, 2.73846865184e-07, 6.72604585361e-07, 3.86205130098e-07, 2.21599989914e-07, 1.99308630044e-07, 1.09056578879e-07, 1.81238746677e-07, 7.93608947447e-08, 1.12690663912e-07, 1.2640353475e-07, 5.36617648095e-08, 4.74320955846e-08, 3.87333045637e-08, 2.14433839574e-08, 1.28810668798e-08, 1.76891958859e-08, 8.02713984172e-09, 3.00258617969e-09, 4.95785101862e-09, 2.80232326233e-09, 1.02232577959e-09, 5.46942935387e-10, 4.32827634844e-10, 1.92493840312e-10, 2.77887296507e-10, 2.35070407584e-10, 9.1321429585e-11, 4.17625066473e-11, 5.65869989755e-11, 5.21364756922e-11, 3.38948660805e-11, 9.99076793518e-11, 7.07558664437e-11, 7.03473182484e-11, 5.54992406199e-11, 1.53446300805e-11, 9.21440701518e-12, 1.99748811242e-12],
        "dvar2": [9.64731043496e-07, 1.01027580968e-06, 7.05993500105e-07, 1.6673469645e-06, 9.06997684069e-07, 4.76277392636e-07, 4.48096727723e-07, 2.50780402666e-07, 4.25907160206e-07, 1.66705817151e-07, 2.39400435476e-07, 2.90924532464e-07, 1.17081988549e-07, 1.05271588779e-07, 8.75009575907e-08, 5.03180856981e-08, 3.35175975863e-08, 4.46084911232e-08, 2.0259676603e-08, 7.45180717132e-09, 1.00954213877e-08, 6.00434946207e-09, 2.50490495013e-09, 1.33687783066e-09, 1.0407390505e-09, 4.92322071999e-10, 6.68507471602e-10, 5.64999824704e-10, 2.34359393003e-10, 1.05852604459e-10, 1.3400104637e-10, 1.24256799294e-10, 7.89318055361e-11, 2.48855686058e-10, 1.51817752814e-10, 1.42992340191e-10, 1.08361271345e-10, 2.68059411473e-11, 1.70670387545e-11, 4.37096062469e-12],
        "max": [0.0170244351029, 0.014603135176, 0.0120678786188, 0.0147121706977, 0.0153150763363, 0.0100221047178, 0.00977988634259, 0.00601878296584, 0.00852554477751, 0.00579580664635, 0.00683542946354, 0.00582857057452, 0.00378681416623, 0.00391217321157, 0.00368977990001, 0.00315892836079, 0.00323359621689, 0.00278587848879, 0.00170655129477, 0.00144165451638, 0.00247763609514, 0.00169712060597, 0.00101801066194, 0.000711449654773, 0.000729825813323, 0.000301087042317, 0.000325852015521, 0.000312227406539, 0.000219688707148, 0.000128615167341, 0.000230811463553, 0.000287055794615, 0.000147106460645, 0.000201355636818, 0.000304446351947, 0.0003521622275, 0.000236552208662, 0.000172775515239, 0.000149459869135, 3.99727287004e-05],
        "mean": [0.000716883863788, 0.000799327623099, 0.000603429682087, 0.000731081119739, 0.000561618071515, 0.000400441233069, 0.000350390095264, 0.000221459151362, 0.000327657704474, 0.000208635014133, 0.000269950425718, 0.000316551857395, 0.000149311410496, 0.000156734022312, 0.000142341305036, 0.000100814162579, 7.09633313818e-05, 7.91334314272e-05, 7.23978810129e-05, 3.50228219759e-05, 4.79013724544e-05, 4.09873537137e-05, 2.7937861887e-05, 2.31206522585e-05, 2.02249411814e-05, 1.54507179104e-05, 1.86211946129e-05, 1.69535724126e-05, 8.74523539096e-06, 7.3739547588e-06, 7.66571884014e-06, 5.03083265357e-06, 4.12766712543e-06, 7.13403323971e-06, 5.35700110049e-06, 3.73937905351e-06, 4.48581749879e-06, 2.50334846896e-06, 1.15462023587e-06, 7.13543556685e-07],
        "median": [0.000442240707343, 0.000585501547903, 0.000405069702538, 0.000320419028867, 0.000201997812837, 0.00016594673798, 0.000135340465931, 8.46771436045e-05, 0.000124330428662, 7.10902677383e-05, 8.64004541654e-05, 0.000113261972729, 4.86610806547e-05, 5.53237987333e-05, 4.80568996863e-05, 3.11226904159e-05, 2.41902343987e-05, 2.56498369708e-05, 2.65021517407e-05, 1.108590277e-05, 1.95344473468e-05, 1.8993690901e-05, 1.38802306537e-05, 1.38913646879e-05, 1.35972895805e-05, 9.8078908195e-06, 1.085974327e-05, 8.896975487e-06, 5.5490622799e-06, 4.59207785752e-06, 4.22875018558e-06, 2.7281016628e-06, 2.16822081711e-06, 3.21462175634e-06, 2.49154027188e-06, 1.44736304719e-06, 1.34327842716e-06, 9.25610549984e-07, 3.69474719264e-07, 1.88672956369e-07],
        "min": [5.37001579834e-25, 5.76241000374e-25, 7.4924391613e-25, 2.81457830285e-25, 5.30760013744e-25, 6.62800883263e-25, 1.0184253451e-24, 7.22705057557e-25, 1.16183118577e-24, 1.52839078816e-24, 1.31377427637e-24, 1.03283842548e-24, 1.5161293259e-24, 2.16631282272e-24, 1.68201316642e-24, 1.77228488638e-24, 2.17422864747e-24, 1.64673787053e-24, 2.44427900672e-24, 2.93783338195e-24, 2.8352118473e-24, 2.4624222159e-24, 3.10517977059e-24, 2.57526738788e-24, 3.40921228548e-24, 3.95058346448e-24, 3.37604186771e-24, 3.75377962914e-24, 3.79546540595e-24, 4.33702157283e-24, 3.81709044995e-24, 3.92270314794e-24, 4.36362314584e-24, 3.60105813004e-24, 4.29626349644e-24, 4.86820658539e-24, 4.43995253817e-24, 5.32146712886e-24, 5.27639477218e-24, 5.44263616391e-24],
        "var": [9.40810195971e-07, 7.93150320533e-07, 5.65731966162e-07, 1.82406233762e-06, 1.23368408822e-06, 5.3412776424e-07, 4.58437199313e-07, 2.04968884532e-07, 3.90264176531e-07, 1.81309388836e-07, 2.66884882194e-07, 2.83344348873e-07, 9.68318047967e-08, 9.57414059144e-08, 7.71517036924e-08, 3.88777188221e-08, 1.93723224129e-08, 2.78377516594e-08, 1.52215289262e-08, 5.62719026931e-09, 1.15617515561e-08, 7.06405778317e-09, 2.1079826773e-09, 1.0756295854e-09, 8.05358890688e-10, 3.81041254105e-10, 6.5565847196e-10, 5.65775148953e-10, 1.47148432328e-10, 8.97511509557e-11, 1.41846132062e-10, 8.60505278144e-11, 5.45165475263e-11, 1.53024912186e-10, 1.73425246386e-10, 1.76007125541e-10, 1.38665953719e-10, 4.05401545667e-11, 1.88386476557e-11, 3.51233473729e-12]
    },
    "mfcc": {
        "mean": [-652.696533203, 89.2716445923, -7.32922649384, 15.2458257675, -4.71680021286, 6.14105844498, -0.928147137165, 7.80493354797, -4.60681295395, 4.28231334686, -5.12004327774, 1.31896877289, -2.12266802788],
        "cov": [[30791.4160156, 5161.48681641, -329.872558594, 902.985046387, -342.630889893, 416.099822998, 14.6229686737, 523.243469238, -299.494598389, 287.738311768, -325.491027832, 60.0751304626, -140.382110596], [5161.48681641, 1496.65161133, 91.3111114502, 294.591125488, -83.2481842041, 46.5662345886, 53.8046379089, 114.177391052, -104.82610321, 38.6960983276, -82.9137191772, 15.5943965912, -18.1078243256], [-329.872558594, 91.3111114502, 622.375793457, 155.932739258, 47.9012069702, -41.3732452393, 11.6742944717, -6.9991440773, -35.9220581055, -34.5900688171, -24.132522583, -16.7201194763, -7.93802642822], [902.985046387, 294.591125488, 155.932739258, 262.199737549, 55.2123146057, -7.77812099457, -44.1837539673, 10.3063802719, -2.82891464233, -2.3739221096, -19.7838096619, 1.58080780506, 3.34341311455], [-342.630889893, -83.2481842041, 47.9012069702, 55.2123146057, 138.646957397, 1.04775249958, -54.4304351807, -29.0356731415, 27.2470569611, -5.51609897614, 10.896109581, -1.47752952576, 2.59897708893], [416.099822998, 46.5662345886, -41.3732452393, -7.77812099457, 1.04775249958, 115.642807007, 52.3982276917, 14.6322193146, -7.52245378494, 10.4254016876, -0.629829585552, 0.848994076252, -13.6270828247], [14.6229686737, 53.8046379089, 11.6742944717, -44.1837539673, -54.4304351807, 52.3982276917, 179.06703186, 41.0148162842, -24.8039531708, 2.99038982391, -2.71723198891, -9.81859779358, 5.46583175659], [523.243469238, 114.177391052, -6.9991440773, 10.3063802719, -29.0356731415, 14.6322193146, 41.0148162842, 107.371444702, 0.39982047677, 14.7691497803, -19.5696430206, 7.88392925262, -0.380969762802], [-299.494598389, -104.82610321, -35.9220581055, -2.82891464233, 27.2470569611, -7.52245378494, -24.8039531708, 0.39982047677, 103.977638245, 8.64491939545, 17.2695121765, -5.74305868149, 0.68729031086], [287.738311768, 38.6960983276, -34.5900688171, -2.3739221096, -5.51609897614, 10.4254016876, 2.99038982391, 14.7691497803, 8.64491939545, 89.1372146606, 14.2865333557, 1.83226382732, -15.5757808685], [-325.491027832, -82.9137191772, -24.132522583, -19.7838096619, 10.896109581, -0.629829585552, -2.71723198891, -19.5696430206, 17.2695121765, 14.2865333557, 69.4825134277, 7.76772117615, 2.47256302834], [60.0751304626, 15.5943965912, -16.7201194763, 1.58080780506, -1.47752952576, 0.848994076252, -9.81859779358, 7.88392925262, -5.74305868149, 1.83226382732, 7.76772117615, 65.6907577515, 13.3719816208], [-140.382110596, -18.1078243256, -7.93802642822, 3.34341311455, 2.59897708893, -13.6270828247, 5.46583175659, -0.380969762802, 0.68729031086, -15.5757808685, 2.47256302834, 13.3719816208, 67.4158477783]],
