{
"lowlevel": {
    "average_loudness": 0.93839019537,
    "barkbands_crest": {
        "dmean": 2.63668012619,
        "dmean2": 4.4395403862,
        "dvar": 5.75181865692,
        "dvar2": 15.4007778168,
        "max": 24.8056182861,
        "mean": 8.7725687027,
        "median": 8.05565643311,
        "min": 2.57246875763,
        "var": 12.0658311844
    },
    "barkbands_flatness_db": {
        "dmean": 0.019358817488,
        "dmean2": 0.030466305092,
        "dvar": 0.000271839497145,
        "dvar2": 0.000660431978758,
        "max": 0.301028192043,
        "mean": 0.124454513192,
        "median": 0.120882481337,
        "min": 0.0309750922024,
        "var": 0.00100030447356
    },
    "barkbands_kurtosis": {
        "dmean": 1.97918784618,
        "dmean2": 3.22293114662,
        "dvar": 5.73869419098,
        "dvar2": 14.2138805389,
        "max": 39.210773468,
        "mean": 2.59463238716,
        "median": 1.59625530243,
        "min": -1.88102900982,
        "var": 13.030330658
    },
    "barkbands_skewness": {
        "dmean": 0.479023337364,
        "dmean2": 0.757697224617,
        "dvar": 0.198492512107,
        "dvar2": 0.475789487362,
        "max": 5.46574831009,
        "mean": 1.41662335396,
        "median": 1.40741527081,
        "min": -2.85472726822,
        "var": 0.70631724596
    },
    "barkbands_spread": {
        "dmean": 5.50824975967,
        "dmean2": 8.65128993988,
        "dvar": 39.1622848511,
        "dvar2": 77.9034576416,
        "max": 132.812301636,
        "mean": 22.1798763275,
        "median": 20.0414218903,
        "min": 2.46718454361,
        "var": 138.503616333
    },
    "dissonance": {
        "dmean": 0.017707105726,
        "dmean2": 0.0299244225025,
        "dvar": 0.000241740301135,
        "dvar2": 0.000661878031678,
        "max": 0.500000119209,
        "mean": 0.46702709794,
        "median": 0.471304953098,
        "min": 0.338538497686,
        "var": 0.000488342775498
    },
    "dynamic_complexity": 1.65097010136,
    "erbbands_crest": {
        "dmean": 2.49865078926,
        "dmean2": 4.06861543655,
        "dvar": 5.23328447342,
        "dvar2": 13.1361656189,
        "max": 26.2831230164,
        "mean": 8.0890083313,
        "median": 7.20465946198,
        "min": 2.59258294106,
        "var": 12.6801986694
    },
    "erbbands_flatness_db": {
        "dmean": 0.0161807965487,
        "dmean2": 0.023036846891,
        "dvar": 0.00020573886286,
        "dvar2": 0.000391288253013,
        "max": 0.35255548358,
        "mean": 0.156236469746,
        "median": 0.150354146957,
        "min": 0.0738649740815,
        "var": 0.00147850473877
    },
    "erbbands_kurtosis": {
        "dmean": 0.670054137707,
        "dmean2": 1.07789254189,
        "dvar": 0.650238513947,
        "dvar2": 1.60799908638,
        "max": 12.6195392609,
        "mean": -0.0787542760372,
        "median": -0.38488817215,
        "min": -1.81344997883,
        "var": 1.52471482754
    },
    "erbbands_skewness": {
        "dmean": 0.342703610659,
        "dmean2": 0.542659282684,
        "dvar": 0.0955363884568,
        "dvar2": 0.220424801111,
        "max": 3.35272192955,
        "mean": 0.463920980692,
        "median": 0.464066654444,
        "min": -2.30606293678,
        "var": 0.330964624882
    },
    "erbbands_spread": {
        "dmean": 8.20772838593,
        "dmean2": 12.64494133,
        "dvar": 63.3664779663,
        "dvar2": 141.233016968,
        "max": 115.988510132,
        "mean": 42.3625564575,
        "median": 40.746131897,
        "min": 8.46959018707,
        "var": 293.415496826
    },
    "hfc": {
        "dmean": 7.37039613724,
        "dmean2": 10.2182121277,
        "dvar": 80.01197052,
        "dvar2": 135.881958008,
        "max": 148.647491455,
        "mean": 26.7155570984,
        "median": 23.3927211761,
        "min": 1.21276112745e-16,
        "var": 322.520263672
    },
    "melbands_crest": {
        "dmean": 3.52229118347,
        "dmean2": 5.87471246719,
        "dvar": 9.67201042175,
        "dvar2": 25.6979751587,
        "max": 30.4385738373,
        "mean": 12.1081371307,
        "median": 11.2886857986,
        "min": 1.97695946693,
        "var": 20.813791275
    },
    "melbands_flatness_db": {
        "dmean": 0.023422755301,
        "dmean2": 0.0368192493916,
        "dvar": 0.00044615927618,
        "dvar2": 0.0010271294741,
        "max": 0.412998855114,
        "mean": 0.161228269339,
        "median": 0.160297498107,
        "min": 0.00368278892711,
        "var": 0.00187830906361
    },
    "melbands_kurtosis": {
        "dmean": 4.92150115967,
        "dmean2": 7.99504613876,
        "dvar": 35.8500442505,
        "dvar2": 92.7045211792,
        "max": 87.4221572876,
        "mean": 9.58420181274,
        "median": 7.4778842926,
        "min": -1.65676403046,
        "var": 76.345413208
    },
    "melbands_skewness": {
        "dmean": 0.638096570969,
        "dmean2": 1.00958848,
        "dvar": 0.357182234526,
        "dvar2": 0.889092922211,
        "max": 7.75332164764,
        "mean": 2.37373709679,
        "median": 2.33025741577,
        "min": -1.10301113129,
        "var": 1.25813245773
    },
    "melbands_spread": {
        "dmean": 7.50150442123,
        "dmean2": 11.7725524902,
        "dvar": 118.254859924,
        "dvar2": 242.082794189,
        "max": 180.729537964,
        "mean": 24.4949493408,
        "median": 21.0661296844,
        "min": 1.69115102291,
        "var": 309.047424316
    },
    "pitch_salience": {
        "dmean": 0.0721404105425,
        "dmean2": 0.119960620999,
        "dvar": 0.00379360583611,
        "dvar2": 0.0102235302329,
        "max": 0.900614380836,
        "mean": 0.613312482834,
        "median": 0.614775180817,
        "min": 0.204304933548,
        "var": 0.0098987845704
    },
    "silence_rate_20dB": {
        "dmean": 0,
        "dmean2": 0,
        "dvar": 0,
        "dvar2": 0,
        "max": 1,
        "mean": 1,
        "median": 1,
        "min": 1,
        "var": 0
    },
    "silence_rate_30dB": {
        "dmean": 0,
        "dmean2": 0,
        "dvar": 0,
        "dvar2": 0,
        "max": 1,
        "mean": 1,
        "median": 1,
        "min": 1,
        "var": 0
    },
    "silence_rate_60dB": {
        "dmean": 0.00484446715564,
        "dmean2": 0.009690169245,
        "dvar": 0.00482099503279,
        "dvar2": 0.0111263273284,
        "max": 1,
        "mean": 0.0178457610309,
        "median": 0,
        "min": 0,
        "var": 0.0175273437053
    },
    "spectral_centroid": {
        "dmean": 287.682220459,
        "dmean2": 454.120544434,
        "dvar": 109888,
        "dvar2": 234906.921875,
        "max": 11260.3476562,
        "mean": 1387.92785645,
        "median": 1292.03076172,
        "min": 251.667785645,
        "var": 367118.78125
    },
    "spectral_complexity": {
        "dmean": 4.16369199753,
        "dmean2": 6.39015674591,
        "dvar": 13.922162056,
        "dvar2": 29.9414787292,
        "max": 52,
        "mean": 23.6544303894,
        "median": 23,
        "min": 0,
        "var": 62.4894828796
    },
    "spectral_decrease": {
        "dmean": 2.41066344664e-09,
        "dmean2": 3.82858633685e-09,
        "dvar": 7.37400662254e-18,
        "dvar2": 1.82098120851e-17,
        "max": 4.35529296882e-27,
        "mean": -7.33326732671e-09,
        "median": -6.83755230213e-09,
        "min": -3.58089273789e-08,
        "var": 1.53758879978e-17
    },
    "spectral_energy": {
        "dmean": 0.00953438971192,
        "dmean2": 0.0150259425864,
        "dvar": 0.00011128083861,
        "dvar2": 0.000273546000244,
        "max": 0.136666759849,
        "mean": 0.0301006548107,
        "median": 0.0282665658742,
        "min": 1.06171563912e-20,
        "var": 0.000241350004217
    },
    "spectral_energyband_high": {
        "dmean": 0.000649178808089,
        "dmean2": 0.000899063539691,
        "dvar": 1.47493756231e-06,
        "dvar2": 2.35385959968e-06,
        "max": 0.020548067987,
        "mean": 0.00150368059985,
        "median": 0.000910648028366,
        "min": 7.59640184627e-21,
        "var": 5.04276340507e-06
    },
    "spectral_energyband_low": {
        "dmean": 0.00308043463156,
        "dmean2": 0.00505947694182,
        "dvar": 3.3637163142e-05,
        "dvar2": 8.54030222399e-05,
        "max": 0.0976025760174,
        "mean": 0.005418877583,
        "median": 0.00335579924285,
        "min": 6.49195353871e-23,
        "var": 4.98531626363e-05
    },
    "spectral_energyband_middle_high": {
        "dmean": 0.00180055107921,
        "dmean2": 0.00254625221714,
        "dvar": 4.95075164508e-06,
        "dvar2": 9.44078237808e-06,
        "max": 0.0448274984956,
        "mean": 0.00614282628521,
        "median": 0.00436444487423,
        "min": 1.42265856512e-21,
        "var": 2.78119787254e-05
    },
    "spectral_energyband_middle_low": {
        "dmean": 0.00780871510506,
        "dmean2": 0.0126844160259,
        "dvar": 8.65679685376e-05,
        "dvar2": 0.000217733948375,
        "max": 0.0964493826032,
        "mean": 0.0184068996459,
        "median": 0.0164282992482,
        "min": 2.50885232842e-22,
        "var": 0.000147893864778
    },
    "spectral_entropy": {
        "dmean": 0.142543375492,
        "dmean2": 0.209772691131,
        "dvar": 0.0176603458822,
        "dvar2": 0.0345418043435,
        "max": 9.81449890137,
        "mean": 7.71485614777,
        "median": 7.71490955353,
        "min": 6.38683128357,
        "var": 0.0851057171822
    },
    "spectral_flux": {
        "dmean": 0.0254408475012,
        "dmean2": 0.0395267978311,
        "dvar": 0.000610971532296,
        "dvar2": 0.00132271554321,
        "max": 0.27136400342,
        "mean": 0.09945333004,
        "median": 0.094384804368,
        "min": 6.63369151277e-11,
        "var": 0.00141036068089
    },
    "spectral_kurtosis": {
        "dmean": 1.0606096983,
        "dmean2": 1.77153217793,
        "dvar": 1.1547498703,
        "dvar2": 3.15665912628,
        "max": 18.7215137482,
        "mean": 3.05343556404,
        "median": 2.86777687073,
        "min": -1.21691286564,
        "var": 2.81061291695
    },
    "spectral_rms": {
        "dmean": 0.000833231431898,
        "dmean2": 0.0012842877768,
        "dvar": 6.52696996895e-07,
        "dvar2": 1.54254166773e-06,
        "max": 0.0115470094606,
        "mean": 0.0052210171707,
        "median": 0.00525139411911,
        "min": 3.21841598511e-12,
        "var": 2.1074331471e-06
    },
    "spectral_rolloff": {
        "dmean": 551.021972656,
        "dmean2": 913.94152832,
        "dvar": 785545.6875,
        "dvar2": 1511796.375,
        "max": 21253.2714844,
        "mean": 1660.77807617,
        "median": 1248.92578125,
        "min": 107.666015625,
        "var": 2317102.5
    },
    "spectral_skewness": {
        "dmean": 0.180689975619,
        "dmean2": 0.284241110086,
        "dvar": 0.0270332377404,
        "dvar2": 0.0605687946081,
        "max": 3.07848477364,
        "mean": 1.32895362377,
        "median": 1.33567965031,
        "min": -0.0200336333364,
        "var": 0.111006639898
    },
    "spectral_spread": {
        "dmean": 509788.03125,
        "dmean2": 694139.1875,
        "dvar": 485551472640,
        "dvar2": 683926552576,
        "max": 41461332,
        "mean": 4756207,
        "median": 4555350,
        "min": 2286912.75,
        "var": 2.22553387827e+12
    },
    "spectral_strongpeak": {
        "dmean": 0.614902317524,
        "dmean2": 1.04264008999,
        "dvar": 0.567108988762,
        "dvar2": 1.4524474144,
        "max": 10.2285366058,
        "mean": 1.06706571579,
        "median": 0.75127184391,
        "min": 0,
        "var": 0.911911964417
    },
    "zerocrossingrate": {
        "dmean": 0.011129998602,
        "dmean2": 0.0129529321566,
        "dvar": 0.000191285696928,
        "dvar2": 0.000195495973458,
        "max": 0.6923828125,
        "mean": 0.0703238919377,
        "median": 0.06298828125,
        "min": 0.0048828125,
        "var": 0.00139253132511
    },
    "barkbands": {
        "dmean": [3.45553125953e-05, 0.00121775630396, 0.00176442682277, 0.00133831158746, 0.0040339496918, 0.00220177462325, 0.00204644608311, 0.00104128418025, 0.00128302373923, 0.000889046408702, 0.000397543975851, 0.000384224229492, 0.000339361169608, 0.000338323414326, 0.000371993693989, 0.000272188655799, 0.000257241277723, 0.000157194983331, 0.000185747092473, 0.000187225101399, 0.000209331716178, 0.000142640186823, 0.000168684098753, 0.000120380042063, 4.76831264677e-05, 1.65112596733e-05, 6.38564543465e-08],
        "dmean2": [6.10982315266e-05, 0.00199148105457, 0.00287739536725, 0.00232622073963, 0.00682881521061, 0.00366662372835, 0.00338238105178, 0.00167118245736, 0.00199744105339, 0.00136501749512, 0.000618323101662, 0.000612995645497, 0.000539947825018, 0.000541329907719, 0.000598076439928, 0.00043260527309, 0.000411628047004, 0.00025126512628, 0.000297704042168, 0.000292825687211, 0.000325272034388, 0.000208139172173, 0.000238920634729, 0.000168393758941, 6.79737422615e-05, 2.36984669755e-05, 1.09063797993e-07],
        "dvar": [2.88432477902e-09, 7.48853244659e-06, 1.34793908728e-05, 9.64986338658e-06, 4.51629566669e-05, 1.08109970824e-05, 1.09972543214e-05, 3.86462579627e-06, 5.23461176272e-06, 2.86530939775e-06, 5.01208432979e-07, 4.12958343077e-07, 3.9385346895e-07, 4.51819062164e-07, 4.53445665016e-07, 2.22706646014e-07, 1.75250235657e-07, 5.21148280086e-08, 9.10476884997e-08, 6.39524699864e-08, 1.18935481908e-07, 1.42617068377e-07, 2.24105463076e-07, 9.86407258097e-08, 7.57512275129e-09, 7.78320130568e-10, 2.82499277606e-14],
        "dvar2": [8.45760084189e-09, 1.98332127184e-05, 3.28795213136e-05, 2.68429175776e-05, 0.000119343538245, 2.82673663605e-05, 2.83338158624e-05, 9.07611138246e-06, 1.14577669592e-05, 6.1246723817e-06, 1.09636027901e-06, 9.81275775302e-07, 9.37590584726e-07, 1.05212779999e-06, 1.11880285658e-06, 5.30134684595e-07, 4.15377314766e-07, 1.32244736051e-07, 2.09095134096e-07, 1.4706967022e-07, 2.70985992756e-07, 2.82218053371e-07, 3.8930781443e-07, 1.74198731884e-07, 1.52138266429e-08, 1.58781476856e-09, 7.41102668057e-14],
        "max": [0.000777233683039, 0.0886039882898, 0.0509191937745, 0.066569916904, 0.0734832361341, 0.067471973598, 0.0471283979714, 0.0595937259495, 0.0497324541211, 0.0314385294914, 0.0186751410365, 0.015698350966, 0.0152992773801, 0.0151231912896, 0.0122534744442, 0.011573811993, 0.00665243435651, 0.00576839782298, 0.00840890221298, 0.00517335021868, 0.00663006072864, 0.00743689434603, 0.0121735297143, 0.00694037973881, 0.00198172777891, 0.0008846000419, 3.05089270114e-06],
        "mean": [3.53964242095e-05, 0.0018781843828, 0.00246560759842, 0.00172275968362, 0.00582921877503, 0.00339164817706, 0.00306138745509, 0.00163089029957, 0.00218080659397, 0.00156729423907, 0.000681673234794, 0.000626219960395, 0.000585474132095, 0.000600022089202, 0.000628885347396, 0.000471635867143, 0.000480799906654, 0.000295849604299, 0.000337534787832, 0.000374649243895, 0.000388976302929, 0.000248249154538, 0.00028776092222, 0.000221294932999, 8.25651950436e-05, 2.58259879047e-05, 5.36740927259e-08],
        "median": [1.71425454027e-05, 0.000806672149338, 0.00107365217991, 0.000721485412214, 0.00370644335635, 0.0019651663024, 0.00138508155942, 0.000848866766319, 0.000833539408632, 0.000613011477981, 0.000288568786345, 0.000328605994582, 0.00028323661536, 0.000243035363383, 0.000287221831968, 0.000248841563007, 0.000259950873442, 0.00020145761664, 0.000226026342716, 0.000256879691733, 0.00023473733745, 9.82565252343e-05, 9.50435351115e-05, 8.85983390617e-05, 3.7116373278e-05, 9.91856995824e-06, 4.45402559279e-09],
        "min": [1.22092365177e-23, 1.72059714215e-23, 1.01337860746e-24, 4.36372845878e-24, 2.6853175468e-23, 2.42939560747e-23, 2.62325470394e-23, 3.7800769385e-23, 2.38299449348e-23, 3.68621574364e-23, 3.16066272463e-23, 6.47039933442e-23, 9.49229069732e-23, 5.51609220927e-23, 9.94059908758e-23, 1.46152083205e-22, 1.58548760963e-22, 1.74257808863e-22, 2.29857230334e-22, 2.48847674543e-22, 2.65647887469e-22, 4.39295054883e-22, 5.45526169337e-22, 7.07801496594e-22, 9.4134537055e-22, 1.78714027319e-21, 2.12223303765e-21],
        "var": [2.88441670548e-09, 1.06018969745e-05, 1.59764731507e-05, 8.40120628709e-06, 4.94205451105e-05, 1.73556400114e-05, 2.13463481487e-05, 6.61308422423e-06, 1.23934532894e-05, 7.22406321074e-06, 1.39986070735e-06, 8.80371885614e-07, 9.71526446847e-07, 1.22214521525e-06, 9.26719110339e-07, 4.69818445481e-07, 4.55632999774e-07, 9.75343468212e-08, 1.52387983121e-07, 1.4740054155e-07, 2.54835072155e-07, 3.3921307363e-07, 5.99813290592e-07, 2.70412982672e-07, 1.81350632289e-08, 1.68967806413e-09, 2.40073887555e-14]
    },
    "erbbands": {
        "dmean": [0.0210625845939, 0.337697327137, 1.71575927734, 3.60503649712, 8.66356754303, 15.5611381531, 18.2354602814, 16.9829025269, 25.5039539337, 24.7225952148, 23.146068573, 32.161491394, 26.6028690338, 23.4479598999, 12.7748250961, 16.6613769531, 15.3545446396, 14.5922145844, 18.988904953, 14.1275377274, 14.8050346375, 10.7586307526, 8.07983398438, 9.40811252594, 8.5081653595, 8.28884506226, 9.66356086731, 7.06326770782, 5.49448347092, 4.74794912338, 4.9210934639, 3.05028367043, 1.73846018314, 0.60961830616, 0.329756945372, 0.0994658991694, 0.0272465981543, 0.00166538590565, 3.99148084398e-05, 1.26902568809e-05],
        "dmean2": [0.0342514142394, 0.544807314873, 2.76153159142, 6.20866203308, 14.854142189, 26.6602935791, 30.6971797943, 28.5109062195, 41.6672821045, 40.9957389832, 36.6958122253, 49.8954658508, 40.8908157349, 35.4127464294, 19.8463821411, 26.3160514832, 24.2866668701, 22.8000717163, 30.49974823, 22.4081859589, 23.4554805756, 17.017747879, 12.8938264847, 15.056180954, 13.551949501, 12.842622757, 14.8595628738, 10.9955148697, 8.18420410156, 6.8556394577, 7.01881313324, 4.29221487045, 2.47260475159, 0.857236325741, 0.476629644632, 0.141056075692, 0.039423853159, 0.00245102983899, 5.66145754419e-05, 1.91305371118e-05],
        "dvar": [0.00218849186786, 0.532413125038, 11.766245842, 73.0080337524, 270.672363281, 699.444152832, 762.573242188, 732.801391602, 1575.92504883, 1791.22460938, 1594.96447754, 3367.49926758, 3249.25390625, 1973.86108398, 421.232452393, 845.20489502, 765.220947266, 874.58380127, 1139.75036621, 661.024902344, 564.153259277, 317.229919434, 137.859237671, 237.293228149, 199.473495483, 127.726196289, 221.00328064, 205.558868408, 219.084152222, 156.857543945, 200.471435547, 75.4538879395, 17.0012741089, 1.58978164196, 0.302552908659, 0.0267470348626, 0.00220519583672, 1.26658833324e-05, 4.77259298748e-09, 1.75801317948e-10],
        "dvar2": [0.0058540282771, 1.39620101452, 27.3319339752, 201.989654541, 690.460021973, 1927.79919434, 1992.13635254, 1957.56860352, 3850.20654297, 4549.13671875, 3761.41064453, 7351.52197266, 7162.59912109, 4089.40136719, 986.92401123, 1993.28466797, 1847.44787598, 1979.60998535, 2827.75537109, 1607.33605957, 1395.95324707, 719.033325195, 347.730438232, 581.136657715, 437.485900879, 291.343811035, 505.688354492, 464.376464844, 458.36819458, 291.666137695, 354.873474121, 132.858001709, 30.9572505951, 3.01508426666, 0.657855987549, 0.0531951412559, 0.00469112955034, 2.81305146927e-05, 1.00291455141e-08, 4.0341024965e-10],
        "max": [1.66666948795, 22.0651092529, 40.9973640442, 165.292541504, 236.591323853, 320.897796631, 468.276947021, 755.953491211, 652.071166992, 854.915771484, 846.754943848, 838.390686035, 1140.44787598, 929.349609375, 453.306610107, 805.015930176, 815.419189453, 761.230712891, 748.817077637, 586.42401123, 435.944244385, 405.09765625, 318.375091553, 405.639831543, 457.820495605, 263.354217529, 397.600616455, 268.426940918, 273.991210938, 274.847198486, 345.504608154, 205.350799561, 91.1274337769, 31.4018039703, 10.0261507034, 5.81742525101, 1.03260850906, 0.0591508150101, 0.00124412484001, 0.000158288836246],
        "mean": [0.031829867512, 0.525367081165, 2.57028675079, 4.99694299698, 11.0889854431, 21.6259632111, 26.8162231445, 25.977388382, 39.8519248962, 37.1414260864, 39.8601417542, 56.6247711182, 47.4575538635, 42.6910934448, 25.4156303406, 28.6041069031, 28.4825077057, 28.0420970917, 35.4739074707, 28.086643219, 29.1721096039, 22.7186260223, 16.7167263031, 17.4371261597, 15.9955797195, 17.1785259247, 19.8935470581, 12.1386899948, 9.30391407013, 8.0921831131, 8.33102035522, 5.50076150894, 3.09482121468, 1.10372650623, 0.514702260494, 0.166740581393, 0.0395023971796, 0.00207505002618, 7.07225262886e-05, 4.14232272306e-05],
        "median": [0.0162384025753, 0.226610019803, 1.08672344685, 2.66051888466, 6.12686061859, 12.8650894165, 15.2519483566, 14.6772527695, 20.0803718567, 19.7136802673, 22.344707489, 22.8357486725, 17.2203578949, 19.8195743561, 13.5212287903, 15.1946620941, 14.8023042679, 13.2794952393, 16.8823375702, 14.4587993622, 16.6571311951, 13.1117486954, 11.3293085098, 12.0438890457, 10.6356296539, 12.0970830917, 12.7035703659, 6.89054584503, 3.73433804512, 3.01109743118, 2.70129466057, 1.99429893494, 1.27439403534, 0.48768222332, 0.223987966776, 0.0716387033463, 0.0131908394396, 0.000525116862264, 3.61619167961e-05, 3.85955136153e-05],
        "min": [7.8912379154e-22, 2.94306217133e-21, 2.97488580475e-21, 4.13067340721e-20, 2.62791160861e-20, 6.92330010179e-20, 1.76017326434e-19, 2.63671290726e-19, 3.29889838797e-19, 3.70735914047e-19, 1.21479786119e-18, 5.60703240846e-19, 9.95831882707e-19, 1.59362714299e-18, 1.95466997367e-18, 2.43152429397e-18, 4.69081055925e-18, 3.82370111135e-18, 5.66929574073e-18, 5.69609928771e-18, 5.27159267889e-18, 9.47285004108e-18, 1.02192167621e-17, 1.07834623006e-17, 1.15061369145e-17, 1.40932865554e-17, 1.20511868997e-17, 9.51742680429e-18, 1.38747669442e-17, 1.44022666383e-17, 1.64780499157e-17, 1.50024870887e-17, 1.26110798137e-17, 9.16906299804e-18, 7.06647989595e-18, 4.99336717113e-18, 3.72876848758e-18, 1.12154058835e-18, 3.48969380011e-19, 2.84612880123e-20],
        "var": [0.00298066320829, 0.786765158176, 16.818403244, 63.3078727722, 265.806213379, 750.596862793, 1186.78186035, 1092.67480469, 3131.14453125, 2860.04614258, 2933.37573242, 8182.90234375, 7361.71826172, 5269.88818359, 1382.82226562, 1825.44641113, 2038.07470703, 2375.67797852, 2641.01391602, 1654.48608398, 1418.2767334, 876.548339844, 291.37701416, 370.608642578, 359.373046875, 299.369720459, 589.04284668, 376.388275146, 479.680419922, 390.291931152, 518.429382324, 203.319259644, 44.0210647583, 4.10662794113, 0.598800778389, 0.0659265816212, 0.004132442642, 1.71302635863e-05, 8.60380566792e-09, 4.62564653247e-10]
    },
    "gfcc": {
        "mean": [28.7625656128, 87.6116409302, -133.038635254, 34.0293731689, -79.1896438599, 11.5129737854, -47.0027999878, 6.84640455246, -27.1649894714, 1.51372289658, -17.0332565308, -5.37713098526, -6.75665187836],
        "cov": [[3605.88061523, 24.6223621368, 485.576080322, 140.155792236, -169.319946289, 9.64516639709, -127.628364563, 73.3458099365, -194.541625977, 62.4038887024, -145.583007812, 47.8719406128, -65.3894195557], [24.6223621368, 1034.2208252, 161.530426025, 108.664527893, 231.917190552, -61.7682571411, 139.165115356, -28.6359348297, 46.5513343811, -43.9327583313, 108.413047791, -139.609985352, 53.3329429626], [485.576080322, 161.530426025, 968.144348145, 215.226028442, 49.8197937012, 45.7511825562, -55.4575119019, 15.7236423492, -64.9652252197, 71.9851913452, -63.0799407959, 103.307403564, -126.75453186], [140.155792236, 108.664527893, 215.226028442, 257.124023438, 54.6753807068, 35.9096374512, 3.9277882576, -8.41257858276, 31.974981308, -23.9369812012, 2.43344330788, -2.15342307091, -0.163340106606], [-169.319946289, 231.917190552, 49.8197937012, 54.6753807068, 222.322906494, 41.6879730225, 67.1997909546, 43.4949760437, 8.53070259094, -2.87066316605, -3.27508807182, -35.997013092, 7.84409189224], [9.64516639709, -61.7682571411, 45.7511825562, 35.9096374512, 41.6879730225, 195.741882324, 78.0304718018, 18.5278682709, 8.49248981476, -3.66452932358, -2.72118091583, -13.1244716644, -13.2025470734], [-127.628364563, 139.165115356, -55.4575119019, 3.9277882576, 67.1997909546, 78.0304718018, 144.223098755, 28.8673191071, 14.6185998917, -9.60558700562, 23.8793945312, -51.9666481018, 16.2107963562], [73.3458099365, -28.6359348297, 15.7236423492, -8.41257858276, 43.4949760437, 18.5278682709, 28.8673191071, 93.2080459595, 20.4924068451, 23.2914295197, -19.0679855347, 2.67193222046, -0.514728367329], [-194.541625977, 46.5513343811, -64.9652252197, 31.974981308, 8.53070259094, 8.49248981476, 14.6185998917, 20.4924068451, 119.543228149, 9.92702865601, 30.9898586273, -11.2958717346, 16.0415802002], [62.4038887024, -43.9327583313, 71.9851913452, -23.9369812012, -2.87066316605, -3.66452932358, -9.60558700562, 23.2914295197, 9.92702865601, 78.6051635742, 5.10155248642, 25.6303291321, -21.7184562683], [-145.583007812, 108.413047791, -63.0799407959, 2.43344330788, -3.27508807182, -2.72118091583, 23.8793945312, -19.0679855347, 30.9898586273, 5.10155248642, 89.3408508301, -5.47319889069, 24.1659469604], [47.8719406128, -139.609985352, 103.307403564, -2.15342307091, -35.997013092, -13.1244716644, -51.9666481018, 2.67193222046, -11.2958717346, 25.6303291321, -5.47319889069, 106.950561523, -16.7640018463], [-65.3894195557, 53.3329429626, -126.75453186, -0.163340106606, 7.84409189224, -13.2025470734, 16.2107963562, -0.514728367329, 16.0415802002, -21.7184562683, 24.1659469604, -16.7640018463, 87.6860122681]],
        "icov": [[0.00054112682119, -0.000797527667601, 0.000386325962609, -0.000809122459032, 0.00138586817775, -0.000859312887769, 0.000995554844849, -0.00141586177051, 0.00145642622374, -0.00104695616756, 0.00110656197648, -0.000314188568154, 0.000109042797703], [-0.000797527667601, 0.0047302688472, -0.00261932308786, 0.00217451225035, -0.00507540861145, 0.00435610953718, -0.00400674482808, 0.00412573758513, -0.00363902794197, 0.0036842438858, -0.00532819051296, 0.00409927638248, -0.00154884636868], [0.000386325962609, -0.00261932308786, 0.00367913022637, -0.00329552451149, 0.00243434356526, -0.00251218862832, 0.00225114868954, -0.00230284617282, 0.00333882216364, -0.00385956885293, 0.00345563096926, -0.00363239087164, 0.00295416964218], [-0.000809122459032, 0.00217451225035, -0.00329552451149, 0.00826346315444, -0.00408280501142, 0.00137426203582, -0.00145993952174, 0.00382162746973, -0.00563348457217, 0.00563106825575, -0.0030719160568, 0.00210352730937, -0.00213583838195], [0.00138586817775, -0.00507540861145, 0.00243434356526, -0.00408280501142, 0.0122943399474, -0.00480126403272, 0.00273893447593, -0.00782651361078, 0.00555986817926, -0.00455610034987, 0.00606804154813, -0.00246273935772, 0.000968036125414], [-0.000859312887769, 0.00435610953718, -0.00251218862832, 0.00137426203582, -0.00480126403272, 0.0112081039697, -0.00843635573983, 0.00427332427353, -0.00407127756625, 0.00382355879992, -0.00381907797419, 0.00253892084584, 1.23326844914e-05], [0.000995554844849, -0.00400674482808, 0.00225114868954, -0.00145993952174, 0.00273893447593, -0.00843635573983, 0.0174317471683, -0.00800887215883, 0.00472483271733, -0.0023774295114, 5.47564523004e-05, 0.00183118088171, 0.000527691096067], [-0.00141586177051, 0.00412573758513, -0.00230284617282, 0.00382162746973, -0.00782651361078, 0.00427332427353, -0.00800887215883, 0.0213867332786, -0.00844767130911, -0.000710738473572, 0.0012715801131, 0.000691601715516, -0.00278607639484], [0.00145642622374, -0.00363902794197, 0.00333882216364, -0.00563348457217, 0.00555986817926, -0.00407127756625, 0.00472483271733, -0.00844767130911, 0.0163020342588, -0.00618646247312, 0.00062099925708, -0.00145067996345, 0.00111880607437], [-0.00104695616756, 0.0036842438858, -0.00385956885293, 0.00563106825575, -0.00455610034987, 0.00382355879992, -0.0023774295114, -0.000710738473572, -0.00618646247312, 0.022384904325, -0.00822610966861, 0.000779935449827, 0.00192067853641], [0.00110656197648, -0.00532819051296, 0.00345563096926, -0.0030719160568, 0.00606804154813, -0.00381907797419, 5.47564523004e-05, 0.0012715801131, 0.00062099925708, -0.00822610966861, 0.0226673018187, -0.00634766137227, -0.00167668203358], [-0.000314188568154, 0.00409927638248, -0.00363239087164, 0.00210352730937, -0.00246273935772, 0.00253892084584, 0.00183118088171, 0.000691601715516, -0.00145067996345, 0.000779935449827, -0.00634766137227, 0.0177531670779, -0.00210431125015], [0.000109042797703, -0.00154884636868, 0.00295416964218, -0.00213583838195, 0.000968036125414, 1.23326844914e-05, 0.000527691096067, -0.00278607639484, 0.00111880607437, 0.00192067853641, -0.00167668203358, -0.00210431125015, 0.016826286912]]
    },
    "melbands": {
        "dmean": [0.000262212532107, 0.000711739179678, 0.000667919171974, 0.000954251387157, 0.000603963795584, 0.000381393037969, 0.000411304965382, 0.000256971776253, 0.000194685402676, 0.00020189510542, 0.000134839196107, 0.000100584948086, 4.65308621642e-05, 4.39681061835e-05, 3.76162133762e-05, 3.21452171193e-05, 3.07751470245e-05, 3.25541041093e-05, 2.68796484306e-05, 1.86806464626e-05, 1.97024837689e-05, 1.40595157063e-05, 9.50032426772e-06, 7.24295296095e-06, 8.54473546497e-06, 7.04563672116e-06, 5.23392236573e-06, 6.43070325168e-06, 6.92054300089e-06, 5.8820223785e-06, 3.85648445445e-06, 3.30993111675e-06, 2.80273525277e-06, 2.91342507808e-06, 3.29058548232e-06, 2.37513017964e-06, 1.80229687885e-06, 1.32221009608e-06, 9.59118551691e-07, 4.23649709091e-07],
        "dmean2": [0.000425631646067, 0.00114893517457, 0.00114496867172, 0.00162290479057, 0.00101611902937, 0.00063866272103, 0.000675807590596, 0.000424225727329, 0.000306922098389, 0.000310639414238, 0.000208217155887, 0.000152051346959, 7.24560086383e-05, 6.99189986335e-05, 5.90470990574e-05, 5.09405654157e-05, 4.84869960928e-05, 5.28389718966e-05, 4.30475884059e-05, 2.95356257993e-05, 3.17352933052e-05, 2.25002313528e-05, 1.54843455675e-05, 1.16663140943e-05, 1.38035175041e-05, 1.13977348519e-05, 8.34382990433e-06, 1.00734105217e-05, 1.08248423203e-05, 9.30361238716e-06, 6.0492538978e-06, 5.01334170622e-06, 4.24517475039e-06, 4.33496279584e-06, 4.85820510221e-06, 3.41997019859e-06, 2.62436606135e-06, 1.91745175471e-06, 1.42867247632e-06, 6.13456222709e-07],
        "dvar": [3.5543763488e-07, 1.87230136817e-06, 1.92062452697e-06, 2.98140525956e-06, 7.29082842099e-07, 3.47629679709e-07, 4.24779813102e-07, 1.9346836666e-07, 1.00140645998e-07, 1.38231811775e-07, 8.39572393829e-08, 3.68350256963e-08, 5.94938454057e-09, 5.03375030547e-09, 4.8585357959e-09, 3.48245943194e-09, 4.26937685205e-09, 3.54554141602e-09, 2.62820432084e-09, 1.29290544937e-09, 1.05663566785e-09, 6.14075845728e-10, 2.46342224397e-10, 1.14953740971e-10, 2.18565929244e-10, 1.47187845245e-10, 6.56227988616e-11, 8.82100295585e-11, 1.23130838858e-10, 9.5091198804e-11, 8.68930552511e-11, 8.29344024011e-11, 5.70248570586e-11, 6.61910248834e-11, 9.66505417366e-11, 4.76598795152e-11, 2.82050459377e-11, 1.1361370178e-11, 4.40790156112e-12, 7.71661543258e-13],
        "dvar2": [9.48328761297e-07, 4.42667624156e-06, 5.22044956597e-06, 7.90044214227e-06, 1.93687060346e-06, 9.16334215617e-07, 1.06175866676e-06, 4.78755453059e-07, 2.34284854628e-07, 2.95508669979e-07, 1.85550376841e-07, 7.57946096996e-08, 1.35487026043e-08, 1.20000471782e-08, 1.0939382733e-08, 7.9047808299e-09, 9.66611946041e-09, 8.92927065621e-09, 6.35319929998e-09, 2.98773294993e-09, 2.64340149769e-09, 1.41984790591e-09, 6.21665885436e-10, 2.92896262799e-10, 5.38192934663e-10, 3.30496491285e-10, 1.47978809761e-10, 2.04174135932e-10, 2.89011342636e-10, 2.27085558691e-10, 2.00418293073e-10, 1.75787176482e-10, 1.23418497644e-10, 1.32719113477e-10, 1.87732621115e-10, 8.85197540268e-11, 5.45301928612e-11, 2.23252701048e-11, 8.82783342954e-12, 1.58165559642e-12],
        "max": [0.020682733506, 0.0192277114838, 0.0253700837493, 0.0201331991702, 0.0121828811243, 0.0152422869578, 0.00994142703712, 0.0115980487317, 0.00589923374355, 0.00655271299183, 0.00576249090955, 0.00399505579844, 0.001582795172, 0.00161574839149, 0.00141666142736, 0.0011999696726, 0.00174788339064, 0.00125338544603, 0.000961672165431, 0.0010291330982, 0.000587510119658, 0.000575312995352, 0.000297516817227, 0.000302401807858, 0.000417553965235, 0.000431227002991, 0.000226965174079, 0.000227038792218, 0.000293142686132, 0.000160931886057, 0.000177780835656, 0.000176983347046, 0.000145202619024, 0.000189072306966, 0.000283792382106, 0.000157754097017, 0.000124505531858, 8.25452443678e-05, 5.20351713931e-05, 2.29565011978e-05],
        "mean": [0.000407977728173, 0.00113777862862, 0.000940983591136, 0.00129347667098, 0.000924039224628, 0.000587516115047, 0.000638229947072, 0.000390873552533, 0.000330792798195, 0.000344277475961, 0.000230412711971, 0.000175598121132, 8.71910597198e-05, 7.43020427763e-05, 6.5488537075e-05, 5.51608391106e-05, 5.34753999091e-05, 5.76688180445e-05, 4.49339204351e-05, 3.32403615175e-05, 3.60303238267e-05, 2.60727028945e-05, 1.75566892722e-05, 1.33142930281e-05, 1.43149254654e-05, 1.19857841128e-05, 9.69790471572e-06, 1.21227831187e-05, 1.35082491397e-05, 9.93830053631e-06, 6.0110328377e-06, 5.32761441718e-06, 4.50815605291e-06, 4.60094406662e-06, 5.16162253916e-06, 3.96018594984e-06, 3.1058100376e-06, 2.25859525926e-06, 1.57271620083e-06, 7.25233633148e-07],
        "median": [0.000190396764083, 0.000540362321772, 0.000563124427572, 0.000718400464393, 0.000583470973652, 0.000342575105606, 0.000309689785354, 0.000216684988118, 0.000178196132765, 0.000127645660541, 7.73795036366e-05, 7.6294367318e-05, 4.06665203627e-05, 4.10571155953e-05, 3.11201256409e-05, 2.80320346064e-05, 2.22030703299e-05, 2.55547856796e-05, 1.9979181161e-05, 1.68525821209e-05, 1.95449938474e-05, 1.40130250657e-05, 1.00216184364e-05, 9.29611087486e-06, 9.23698917177e-06, 7.52162168283e-06, 6.53113329463e-06, 7.86343662185e-06, 7.87508906797e-06, 5.53656263946e-06, 2.96229336527e-06, 2.0365553155e-06, 1.68158089764e-06, 1.58960597219e-06, 1.5737995227e-06, 1.32535865305e-06, 1.12416319098e-06, 9.15613895813e-07, 6.52655273825e-07, 3.07086594376e-07],
        "min": [6.65387370817e-24, 3.19807188927e-24, 6.73035771723e-24, 6.29932451305e-24, 5.610542841e-24, 5.76531656174e-24, 5.41785370414e-24, 2.68917318336e-24, 9.71648812203e-24, 3.23079798113e-24, 5.11678533409e-24, 6.42060990508e-24, 5.44822524342e-24, 8.08248187486e-24, 5.61289127991e-24, 8.41202536257e-24, 5.78153001993e-24, 8.75518932267e-24, 7.67261972522e-24, 7.30244595659e-24, 3.89856400424e-24, 9.27314119355e-24, 9.71759804932e-24, 7.4458498251e-24, 7.82586542239e-24, 7.73099622107e-24, 5.92702476427e-24, 9.03688760762e-24, 6.04634904809e-24, 5.89940753284e-24, 5.46366167361e-24, 6.70998065119e-24, 8.55478552059e-24, 7.76585598447e-24, 8.64324128275e-24, 9.14055181918e-24, 8.49481710344e-24, 9.81153639478e-24, 6.96224416918e-24, 8.02166069907e-24],
        "var": [4.86030103275e-07, 2.96510870612e-06, 1.74631634309e-06, 3.11202757075e-06, 1.14003228191e-06, 5.38183712706e-07, 8.5072690581e-07, 3.1147504842e-07, 1.91352341972e-07, 3.31900452011e-07, 1.87454389788e-07, 9.66764162058e-08, 2.00074143919e-08, 1.06332409544e-08, 1.21951400089e-08, 7.27698035163e-09, 1.13437543803e-08, 8.18464940266e-09, 5.28132604316e-09, 2.81970602423e-09, 2.57741183951e-09, 1.39005273958e-09, 5.26402033074e-10, 1.93919907909e-10, 3.12995185325e-10, 2.3793877979e-10, 1.21764889838e-10, 1.87365400972e-10, 2.9950639191e-10, 1.81411760614e-10, 1.47124715189e-10, 1.71322497855e-10, 1.17913651065e-10, 1.44751988174e-10, 2.15978360196e-10, 1.16461451594e-10, 6.66117577763e-11, 2.58500252454e-11, 1.01435665423e-11, 1.71695589603e-12]
    },
    "mfcc": {
        "mean": [-603.050476074, 108.338775635, -1.61259377003, 16.2461776733, -7.30307006836, -1.74188959599, -7.89964389801, -4.36454153061, -4.11710166931, 1.62976276875, -8.6904001236, 0.58326613903, -5.5280828476],
        "cov": [[2193.90625, -49.2579803467, 306.411224365, 77.7097320557, -8.31143951416, -55.3993530273, 42.0629692078, -40.4866371155, 10.5476531982, 0.175413757563, -94.1992797852, -16.5760803223, -47.6526947021], [-49.2579803467, 898.285705566, 48.5676307678, 189.290420532, 100.338920593, 9.56055927277, 139.203262329, -20.2648963928, 14.8601875305, 59.2352142334, 12.7922239304, 41.3643798828, -1.02425992489], [306.411224365, 48.5676307678, 756.107543945, 184.260391235, 112.081237793, 93.5613708496, -6.85545492172, 19.5526657104, -32.2284927368, -64.5011138916, 38.8874168396, 33.7461357117, 36.5725669861], [77.7097320557, 189.290420532, 184.260391235, 253.290664673, 105.085159302, 11.3728532791, 5.08568096161, 5.35799646378, 10.1383428574, -10.0440330505, -8.3594865799, 23.1420211792, 20.9047698975], [-8.31143951416, 100.338920593, 112.081237793, 105.085159302, 161.473327637, 42.4768791199, 21.2252407074, 29.1227588654, 30.8179225922, 10.2193403244, 4.20936965942, 7.27399730682, 19.3219585419], [-55.3993530273, 9.56055927277, 93.5613708496, 11.3728532791, 42.4768791199, 142.011856079, 54.8202209473, 45.6594543457, 9.09367084503, 17.0555973053, 26.454328537, -1.34825623035, 0.0436583980918], [42.0629692078, 139.203262329, -6.85545492172, 5.08568096161, 21.2252407074, 54.8202209473, 172.855239868, 28.5096092224, 29.0022983551, 45.1681060791, -1.85692465305, -4.92898082733, -29.5180435181], [-40.4866371155, -20.2648963928, 19.5526657104, 5.35799646378, 29.1227588654, 45.6594543457, 28.5096092224, 91.4374389648, 31.8980636597, 13.7488298416, 12.9301767349, 0.470194607973, 8.77538871765], [10.5476531982, 14.8601875305, -32.2284927368, 10.1383428574, 30.8179225922, 9.09367084503, 29.0022983551, 31.8980636597, 93.7883224487, 45.5298461914, 2.30299925804, -6.63598632812, -6.55674695969], [0.175413757563, 59.2352142334, -64.5011138916, -10.0440330505, 10.2193403244, 17.0555973053, 45.1681060791, 13.7488298416, 45.5298461914, 112.877922058, 10.0671281815, -4.63701725006, -14.0173330307], [-94.1992797852, 12.7922239304, 38.8874168396, -8.3594865799, 4.20936965942, 26.454328537, -1.85692465305, 12.9301767349, 2.30299925804, 10.0671281815, 87.8832168579, 17.3994083405, 14.8389720917], [-16.5760803223, 41.3643798828, 33.7461357117, 23.1420211792, 7.27399730682, -1.34825623035, -4.92898082733, 0.470194607973, -6.63598632812, -4.63701725006, 17.3994083405, 84.6698455811, 27.0410499573], [-47.6526947021, -1.02425992489, 36.5725669861, 20.9047698975, 19.3219585419, 0.0436583980918, -29.5180435181, 8.77538871765, -6.55674695969, -14.0173330307, 14.8389720917, 27.0410499573, 79.4318466187]],
