{
"lowlevel": {
    "average_loudness": 0.963382065296,
    "barkbands_crest": {
        "dmean": 1.85453891754,
        "dmean2": 3.05298161507,
        "dvar": 2.95492148399,
        "dvar2": 7.73381662369,
        "max": 26.1296215057,
        "mean": 7.06617212296,
        "median": 6.41432476044,
        "min": 2.05965256691,
        "var": 8.77772045135
    },
    "barkbands_flatness_db": {
        "dmean": 0.012799850665,
        "dmean2": 0.0206259544939,
        "dvar": 0.000127987761516,
        "dvar2": 0.00032152395579,
        "max": 0.321612775326,
        "mean": 0.110624440014,
        "median": 0.0995403304696,
        "min": 0.0331589877605,
        "var": 0.00163036421873
    },
    "barkbands_kurtosis": {
        "dmean": 0.854053139687,
        "dmean2": 1.38591110706,
        "dvar": 2.74010944366,
        "dvar2": 7.12214279175,
        "max": 79.2691802979,
        "mean": 0.726705133915,
        "median": -0.167997837067,
        "min": -1.91000151634,
        "var": 8.54643440247
    },
    "barkbands_skewness": {
        "dmean": 0.298594266176,
        "dmean2": 0.47229000926,
        "dvar": 0.0837486535311,
        "dvar2": 0.205405339599,
        "max": 6.22934818268,
        "mean": 0.664835870266,
        "median": 0.589940547943,
        "min": -2.16600823402,
        "var": 0.725891053677
    },
    "barkbands_spread": {
        "dmean": 4.65001869202,
        "dmean2": 7.33344697952,
        "dvar": 25.0991039276,
        "dvar2": 60.353931427,
        "max": 139.560440063,
        "mean": 30.2221755981,
        "median": 29.9957027435,
        "min": 1.08498442173,
        "var": 214.986160278
    },
    "dissonance": {
        "dmean": 0.0139851821586,
        "dmean2": 0.0237038005143,
        "dvar": 0.000199487039936,
        "dvar2": 0.00054983451264,
        "max": 0.499999880791,
        "mean": 0.473108023405,
        "median": 0.479347229004,
        "min": 0.291000127792,
        "var": 0.000526059884578
    },
    "dynamic_complexity": 2.05863213539,
    "erbbands_crest": {
        "dmean": 2.22722458839,
        "dmean2": 3.61940860748,
        "dvar": 4.76707410812,
        "dvar2": 11.9037275314,
        "max": 28.9899234772,
        "mean": 7.90447950363,
        "median": 6.88217544556,
        "min": 2.22236418724,
        "var": 15.0761146545
    },
    "erbbands_flatness_db": {
        "dmean": 0.0123972063884,
        "dmean2": 0.0186966750771,
        "dvar": 0.000134653440909,
        "dvar2": 0.000282854831312,
        "max": 0.345001518726,
        "mean": 0.160164996982,
        "median": 0.155035659671,
        "min": 0.070319660008,
        "var": 0.00161512650084
    },
    "erbbands_kurtosis": {
        "dmean": 0.592125952244,
        "dmean2": 0.948120713234,
        "dvar": 0.6100512743,
        "dvar2": 1.43648350239,
        "max": 23.0354099274,
        "mean": 0.0558136589825,
        "median": -0.307825565338,
        "min": -1.70759940147,
        "var": 2.0162832737
    },
    "erbbands_skewness": {
        "dmean": 0.267405152321,
        "dmean2": 0.425698667765,
        "dvar": 0.0503077767789,
        "dvar2": 0.127732887864,
        "max": 3.91107177734,
        "mean": 0.0991886779666,
        "median": 0.0943319052458,
        "min": -2.60769748688,
        "var": 0.376735717058
    },
    "erbbands_spread": {
        "dmean": 5.46288013458,
        "dmean2": 8.62138748169,
        "dvar": 27.4763240814,
        "dvar2": 63.9239006042,
        "max": 116.702949524,
        "mean": 35.4361724854,
        "median": 34.4411621094,
        "min": 3.08404898643,
        "var": 192.413803101
    },
    "hfc": {
        "dmean": 5.49477767944,
        "dmean2": 8.50520992279,
        "dvar": 47.1421012878,
        "dvar2": 106.391212463,
        "max": 122.75038147,
        "mean": 29.5508594513,
        "median": 28.6160125732,
        "min": 1.06497234083e-16,
        "var": 377.311462402
    },
    "melbands_crest": {
        "dmean": 2.44160509109,
        "dmean2": 4.06701183319,
        "dvar": 5.91283464432,
        "dvar2": 16.1722373962,
        "max": 38.9116897583,
        "mean": 9.84116840363,
        "median": 9.25572395325,
        "min": 1.60452222824,
        "var": 15.6153287888
    },
    "melbands_flatness_db": {
        "dmean": 0.015463674441,
        "dmean2": 0.0244884323329,
        "dvar": 0.000222059112275,
        "dvar2": 0.000549677759409,
        "max": 0.396500736475,
        "mean": 0.140049904585,
        "median": 0.12550573051,
        "min": 0.00291759474203,
        "var": 0.00373242935166
    },
    "melbands_kurtosis": {
        "dmean": 2.13653588295,
        "dmean2": 3.45628523827,
        "dvar": 11.7605857849,
        "dvar2": 31.4028720856,
        "max": 74.8697052002,
        "mean": 4.34258747101,
        "median": 2.48578977585,
        "min": -1.51766014099,
        "var": 32.4123191833
    },
    "melbands_skewness": {
        "dmean": 0.40226328373,
        "dmean2": 0.64352864027,
        "dvar": 0.169847875834,
        "dvar2": 0.429182529449,
        "max": 7.47882318497,
        "mean": 1.61636948586,
        "median": 1.54118835926,
        "min": -1.29652547836,
        "var": 0.976956784725
    },
    "melbands_spread": {
        "dmean": 7.26444959641,
        "dmean2": 11.507733345,
        "dvar": 64.3628234863,
        "dvar2": 157.227981567,
        "max": 181.013793945,
        "mean": 40.105922699,
        "median": 37.2327919006,
        "min": 1.56354188919,
        "var": 602.33795166
    },
    "pitch_salience": {
        "dmean": 0.0530266053975,
        "dmean2": 0.0865924134851,
        "dvar": 0.00214476371184,
        "dvar2": 0.00579450605437,
        "max": 0.906487762928,
        "mean": 0.601490736008,
        "median": 0.600770771503,
        "min": 0.0388277247548,
        "var": 0.00855776853859
    },
    "silence_rate_20dB": {
        "dmean": 0,
        "dmean2": 0,
        "dvar": 0,
        "dvar2": 0,
        "max": 1,
        "mean": 1,
        "median": 1,
        "min": 1,
        "var": 0
    },
    "silence_rate_30dB": {
        "dmean": 0,
        "dmean2": 0,
        "dvar": 0,
        "dvar2": 0,
        "max": 1,
        "mean": 1,
        "median": 1,
        "min": 1,
        "var": 0
    },
    "silence_rate_60dB": {
        "dmean": 0.00024467826006,
        "dmean2": 0.000489416357595,
        "dvar": 0.00024461891735,
        "dvar2": 0.000489175785333,
        "max": 1,
        "mean": 0.0478287450969,
        "median": 0,
        "min": 0,
        "var": 0.0455421842635
    },
    "spectral_centroid": {
        "dmean": 212.248138428,
        "dmean2": 338.23260498,
        "dvar": 52725.2617188,
        "dvar2": 121553.328125,
        "max": 11785.6162109,
        "mean": 2149.20288086,
        "median": 2138.36328125,
        "min": 275.566864014,
        "var": 2370563.5
    },
    "spectral_complexity": {
        "dmean": 3.3237092495,
        "dmean2": 5.35813045502,
        "dvar": 10.2247447968,
        "dvar2": 25.1522369385,
        "max": 56,
        "mean": 25.9984092712,
        "median": 28,
        "min": 0,
        "var": 119.624801636
    },
    "spectral_decrease": {
        "dmean": 9.65050706014e-10,
        "dmean2": 1.56171919841e-09,
        "dvar": 1.063709083e-18,
        "dvar2": 2.73710238983e-18,
        "max": 2.00217233495e-28,
        "mean": -5.48881740059e-09,
        "median": -5.64706326145e-09,
        "min": -1.91619502488e-08,
        "var": 5.21698924588e-18
    },
    "spectral_energy": {
        "dmean": 0.00392200937495,
        "dmean2": 0.00632651569322,
        "dvar": 1.68533897522e-05,
        "dvar2": 4.28277562605e-05,
        "max": 0.0733616501093,
        "mean": 0.0233963690698,
        "median": 0.0242826528847,
        "min": 9.95797987689e-21,
        "var": 9.42789993132e-05
    },
    "spectral_energyband_high": {
        "dmean": 0.000574613979552,
        "dmean2": 0.000893314892892,
        "dvar": 7.66345578995e-07,
        "dvar2": 1.73821422322e-06,
        "max": 0.0182361081243,
        "mean": 0.00187623593956,
        "median": 0.00131939561106,
        "min": 7.07592833418e-21,
        "var": 3.83856422559e-06
    },
    "spectral_energyband_low": {
        "dmean": 0.00191808084492,
        "dmean2": 0.00316949817352,
        "dvar": 1.23211384562e-05,
        "dvar2": 3.3047170291e-05,
        "max": 0.0617025531828,
        "mean": 0.00511704338714,
        "median": 0.00397658348083,
        "min": 1.6495048396e-23,
        "var": 2.47292355198e-05
    },
    "spectral_energyband_middle_high": {
        "dmean": 0.00207313359715,
        "dmean2": 0.0032877472695,
        "dvar": 6.14946520727e-06,
        "dvar2": 1.55831585289e-05,
        "max": 0.0403718054295,
        "mean": 0.00872654747218,
        "median": 0.00683288974687,
        "min": 1.16294586516e-21,
        "var": 4.78731817566e-05
    },
    "spectral_energyband_middle_low": {
        "dmean": 0.00213272846304,
        "dmean2": 0.00339915719815,
        "dvar": 5.3705780374e-06,
        "dvar2": 1.33934563564e-05,
        "max": 0.0423773601651,
        "mean": 0.00828050635755,
        "median": 0.00739393662661,
        "min": 1.43971633798e-22,
        "var": 2.71454264293e-05
    },
    "spectral_entropy": {
        "dmean": 0.0973233357072,
        "dmean2": 0.147581860423,
        "dvar": 0.00892477855086,
        "dvar2": 0.0192931238562,
        "max": 9.82295513153,
        "mean": 7.76367139816,
        "median": 7.78575325012,
        "min": 5.78969764709,
        "var": 0.218979716301
    },
    "spectral_flux": {
        "dmean": 0.0125484652817,
        "dmean2": 0.0203232243657,
        "dvar": 0.000163622418768,
        "dvar2": 0.000388765329262,
        "max": 0.219301700592,
        "mean": 0.0757069215178,
        "median": 0.0779216885567,
        "min": 6.42060016265e-11,
        "var": 0.000861845852342
    },
    "spectral_kurtosis": {
        "dmean": 1.09624660015,
        "dmean2": 1.8896086216,
        "dvar": 1.63456571102,
        "dvar2": 4.86670351028,
        "max": 26.6665325165,
        "mean": 3.45983505249,
        "median": 3.00747060776,
        "min": -1.27837991714,
        "var": 5.81499814987
    },
    "spectral_rms": {
        "dmean": 0.000391383771785,
        "dmean2": 0.000626404653303,
        "dvar": 1.45217612157e-07,
        "dvar2": 3.59736702649e-07,
        "max": 0.00846004392952,
        "mean": 0.00459665805101,
        "median": 0.00486727757379,
        "min": 3.11690582198e-12,
        "var": 1.69651525539e-06
    },
    "spectral_rolloff": {
        "dmean": 475.538238525,
        "dmean2": 783.67578125,
        "dvar": 439066.09375,
        "dvar2": 955703.4375,
        "max": 19767.4804688,
        "mean": 2769.70849609,
        "median": 2390.18554688,
        "min": 21.533203125,
        "var": 7938839.5
    },
    "spectral_skewness": {
        "dmean": 0.15439838171,
        "dmean2": 0.257721632719,
        "dvar": 0.0214699860662,
        "dvar2": 0.0584321692586,
        "max": 3.81400132179,
        "mean": 1.26053023338,
        "median": 1.20075035095,
        "min": -0.0897035077214,
        "var": 0.19734069705
    },
    "spectral_spread": {
        "dmean": 384276,
        "dmean2": 588976.5625,
        "dvar": 429648871424,
        "dvar2": 859406532608,
        "max": 42781020,
        "mean": 5014958,
        "median": 4076210,
        "min": 1782602.375,
        "var": 3.02476846694e+13
    },
    "spectral_strongpeak": {
        "dmean": 0.752864301205,
        "dmean2": 1.29543352127,
        "dvar": 1.4809128046,
        "dvar2": 3.87465858459,
        "max": 13.569190979,
        "mean": 1.20452308655,
        "median": 0.519799649715,
        "min": 0,
        "var": 2.41155433655
    },
    "zerocrossingrate": {
        "dmean": 0.00818053260446,
        "dmean2": 0.010278579779,
        "dvar": 0.000133585388539,
        "dvar2": 0.000183687749086,
        "max": 0.73486328125,
        "mean": 0.0907670930028,
        "median": 0.08544921875,
        "min": 0,
        "var": 0.00519364746287
    },
    "barkbands": {
        "dmean": [0.000165505727637, 0.0012455539545, 0.000845105678309, 0.000559249368962, 0.00110471900553, 0.00061217014445, 0.000607959460467, 0.000445048004622, 0.000599810271524, 0.000895645411219, 0.000760183029342, 0.000429514184361, 0.000380646524718, 0.000309925351758, 0.000540550507139, 0.000329275644617, 0.000286449416308, 0.000249366567004, 0.000343705352861, 0.000312508316711, 0.000252791913226, 0.00012095238344, 9.95114678517e-05, 6.74839757266e-05, 4.78872716485e-05, 1.8785984139e-05, 1.1872081096e-08],
        "dmean2": [0.000296954094665, 0.00202236464247, 0.00142765627243, 0.000955842377152, 0.00183301733341, 0.000944432569668, 0.000966537394561, 0.000665703148115, 0.000924806518015, 0.00140765286051, 0.00120813027024, 0.000706904043909, 0.000628674111795, 0.000502783514094, 0.000895557692274, 0.000537297339179, 0.000477465044241, 0.000408926600358, 0.000566230621189, 0.00050463154912, 0.000409407919506, 0.000196648121346, 0.000154953537276, 0.000103989135823, 7.32469197828e-05, 3.04917757603e-05, 2.15038422624e-08],
        "dvar": [3.69105421782e-08, 4.84139036416e-06, 3.65956952919e-06, 8.38363746425e-07, 2.10614598473e-06, 9.45511317241e-07, 1.14968031539e-06, 5.21647336882e-07, 1.15245143206e-06, 2.29191050494e-06, 1.90230718999e-06, 6.49174921818e-07, 4.4714232672e-07, 5.23069502378e-07, 1.04452647065e-06, 4.10713454357e-07, 3.67071891105e-07, 1.49745744693e-07, 2.67751346428e-07, 2.3845214514e-07, 2.04104793511e-07, 6.33272634332e-08, 6.22901197289e-08, 2.17844355888e-08, 1.40278029193e-08, 2.75654543636e-09, 4.93279038899e-15],
        "dvar2": [1.12755124348e-07, 1.29223881231e-05, 1.01006380646e-05, 2.39414612224e-06, 5.73159422856e-06, 2.18766490434e-06, 2.75097477243e-06, 1.13742862595e-06, 2.62475509771e-06, 5.69282246943e-06, 4.53749316875e-06, 1.69160171026e-06, 1.20483434785e-06, 1.29429633944e-06, 2.67595873993e-06, 1.0393824823e-06, 9.62906824498e-07, 3.93282050482e-07, 6.99471740973e-07, 6.30586214356e-07, 5.22698883287e-07, 1.53263599145e-07, 1.27542136852e-07, 4.64882710105e-08, 3.02542630948e-08, 6.9984111839e-09, 1.37302067163e-14],
        "max": [0.0023537138477, 0.0415827780962, 0.0296512264758, 0.0159834492952, 0.0238529667258, 0.022532235831, 0.0334809236228, 0.0287291705608, 0.0287889745086, 0.0241981223226, 0.037833750248, 0.0177145153284, 0.0185552462935, 0.0184415839612, 0.0248453039676, 0.0137096093968, 0.0153153352439, 0.0102846464142, 0.0120449764654, 0.00842570886016, 0.00865373481065, 0.00717353774235, 0.00783004332334, 0.00336875277571, 0.00409346306697, 0.000711405766197, 2.26837551054e-06],
        "mean": [0.000219049630687, 0.00297935726121, 0.00153766281437, 0.000976095616352, 0.00251218560152, 0.00136221712455, 0.00109573686495, 0.000866102753207, 0.00112714490388, 0.00164364930242, 0.00134048284963, 0.000752030231524, 0.00071235280484, 0.000559246400371, 0.000995319103822, 0.000621774641331, 0.000548579206225, 0.000560500309803, 0.000832255289424, 0.00079065648606, 0.000588319147937, 0.000273695331998, 0.000241788744461, 0.000136840186315, 0.00010007036326, 2.33007704082e-05, 9.56937817875e-09],
        "median": [0.000120235010399, 0.00212565250695, 0.00090354582062, 0.000603657448664, 0.0018501621671, 0.000853852136061, 0.000564191956073, 0.000529986631591, 0.000563567155041, 0.000724325072952, 0.000635959673673, 0.000314224802423, 0.000337606528774, 0.000205023708986, 0.000378834083676, 0.000278164283372, 0.000258435989963, 0.000378835014999, 0.00054006674327, 0.000495129148476, 0.000309463357553, 0.000136615111842, 0.000102725913166, 6.60610385239e-05, 4.5045184379e-05, 6.26571272733e-06, 6.66160349105e-10],
        "min": [1.85182200902e-25, 3.65414294693e-24, 2.13021681567e-25, 5.63566520121e-25, 5.64236943422e-24, 5.04643235198e-24, 9.20050209253e-24, 9.01166693562e-24, 1.35856063153e-23, 1.14880598782e-23, 8.72067271377e-24, 2.1912934049e-23, 2.22012343109e-23, 2.43929060535e-23, 4.02928914251e-23, 4.36093163132e-23, 5.3359902159e-23, 8.14560100247e-23, 1.14250977339e-22, 1.66143976867e-22, 2.17732627548e-22, 2.8501504116e-22, 3.65854073604e-22, 5.28366715465e-22, 8.76445215898e-22, 1.23674497667e-21, 1.80980534509e-21],
        "var": [6.22116616e-08, 9.66132301983e-06, 4.47017328042e-06, 1.40526844916e-06, 5.94696348344e-06, 2.94172582471e-06, 3.32737317876e-06, 1.45433546095e-06, 3.27826182911e-06, 6.64239360049e-06, 4.58573958895e-06, 1.53810685788e-06, 1.12299028387e-06, 1.43279964959e-06, 2.643224434e-06, 1.02754211184e-06, 7.68407289797e-07, 4.1243350779e-07, 9.14339295832e-07, 8.6516047304e-07, 6.29873852631e-07, 1.80302464514e-07, 2.01425535806e-07, 5.30881436589e-08, 2.90836794647e-08, 3.02019764753e-09, 4.79254629688e-15]
    },
    "erbbands": {
        "dmean": [0.0378846488893, 0.297324568033, 0.918658554554, 1.297134161, 2.8891108036, 4.4517083168, 4.49410104752, 6.20883226395, 6.55555677414, 9.90534973145, 7.91616773605, 15.7078371048, 14.6895418167, 38.2299880981, 26.0252037048, 15.3111495972, 16.2761135101, 15.9990205765, 26.0155906677, 17.5149478912, 17.7468967438, 12.1942329407, 13.0936784744, 16.510225296, 15.784778595, 15.0528516769, 14.6995782852, 5.10297584534, 4.01877307892, 4.36909151077, 2.83661341667, 1.69405245781, 0.973038315773, 0.719584524632, 0.24591781199, 0.120797514915, 0.02748635225, 0.000900036655366, 2.65749840764e-05, 6.38753226667e-06],
        "dmean2": [0.0623764768243, 0.487372070551, 1.55094230175, 2.19430422783, 5.03661775589, 7.3560090065, 7.02166748047, 9.36052799225, 10.3613042831, 15.3262872696, 11.9736318588, 24.2426834106, 22.251953125, 60.6116638184, 42.0233688354, 25.1891174316, 26.9608669281, 25.9706058502, 42.6865730286, 29.0751075745, 29.3455982208, 20.2385578156, 21.7453956604, 27.1288948059, 26.162946701, 24.4246311188, 23.7065639496, 8.26419830322, 6.56240940094, 6.96260738373, 4.40889835358, 2.59204649925, 1.51838755608, 1.10675430298, 0.380077153444, 0.194303750992, 0.0444050878286, 0.00142858026084, 4.16237708123e-05, 1.0037222637e-05],
        "dvar": [0.00354813900776, 0.322618544102, 4.39680528641, 5.48666906357, 21.2160053253, 36.3157234192, 54.1199264526, 110.564476013, 127.423690796, 261.66317749, 205.977645874, 838.729492188, 611.759460449, 4610.24804688, 2129.72387695, 938.602233887, 818.028442383, 1196.0447998, 2668.46875, 1234.39746094, 1350.44836426, 647.338012695, 407.284667969, 671.02935791, 712.206970215, 617.619445801, 689.304077148, 82.4915313721, 79.1262664795, 93.9309616089, 58.6453742981, 17.8756217957, 4.09834337234, 3.42919540405, 0.374843031168, 0.109100334346, 0.00612189434469, 8.12005146145e-06, 5.10877073978e-09, 6.55848986231e-11],
        "dvar2": [0.00874197110534, 0.879886507988, 12.0590801239, 15.5001077652, 62.8940544128, 98.674911499, 137.546920776, 239.458236694, 298.003814697, 601.901916504, 473.985473633, 1876.24267578, 1324.18737793, 11257.0458984, 5603.33105469, 2469.39624023, 2225.1953125, 3026.93212891, 6666.10644531, 3358.71679688, 3483.51806641, 1732.26904297, 1106.21374512, 1695.49926758, 1950.21154785, 1672.05700684, 1778.88110352, 213.61505127, 199.207946777, 218.924713135, 124.028663635, 36.1655197144, 9.56977844238, 7.32956600189, 0.896769225597, 0.274304807186, 0.0154567090794, 1.97106783162e-05, 1.23678818298e-08, 1.53575305251e-10],
        "max": [1.12365341187, 11.5178966522, 33.7218589783, 38.863822937, 69.7993164062, 88.484916687, 153.972122192, 290.542480469, 285.537384033, 746.748596191, 428.344177246, 804.346496582, 657.566894531, 1318.84118652, 888.070007324, 914.67767334, 683.624389648, 1002.56463623, 1235.45922852, 1059.48535156, 942.411254883, 787.565734863, 559.256591797, 632.838256836, 723.592651367, 490.58303833, 538.335388184, 232.146697998, 293.370483398, 259.712585449, 278.500579834, 137.715988159, 33.5620613098, 71.3654098511, 26.0894298553, 6.63061857224, 1.26094949245, 0.120495602489, 0.00220801937394, 0.000158825539984],
        "mean": [0.0802077203989, 0.669488966465, 1.80769610405, 2.53970742226, 5.15651130676, 9.24829006195, 9.73505020142, 13.7525177002, 13.1219921112, 20.1455898285, 16.3454647064, 30.3936920166, 30.1480941772, 71.866394043, 50.0329704285, 29.6056632996, 32.1153297424, 33.4569206238, 49.1132583618, 36.4337997437, 37.1413345337, 27.4266262054, 30.9879379272, 39.2508010864, 38.5943412781, 38.6692085266, 37.1247406006, 12.4878149033, 8.79449653625, 10.4255456924, 6.70999765396, 3.43994379044, 1.99613821507, 1.4875947237, 0.484301269054, 0.16399499774, 0.0326182544231, 0.0011173740495, 5.1737180911e-05, 3.41998020303e-05],
        "median": [0.0578603670001, 0.467366307974, 1.13508224487, 1.69512140751, 3.53639340401, 6.35276174545, 6.1716504097, 8.18115711212, 7.89863443375, 12.251490593, 9.84245204926, 15.84811306, 17.8381996155, 32.4428291321, 25.6562976837, 13.9542970657, 15.9215192795, 15.2710456848, 18.9902420044, 18.6118736267, 18.2632522583, 14.0576953888, 20.8263397217, 28.3238945007, 23.4422054291, 23.2519569397, 18.9225540161, 7.98400974274, 4.51659440994, 4.61439752579, 2.75912570953, 1.51042640209, 1.05883383751, 0.667147278786, 0.212784454226, 0.0561728551984, 0.00655269948766, 0.000193545347429, 2.8674978239e-05, 3.48545545421e-05],
        "min": [6.16153567757e-23, 6.14222347909e-22, 1.17310831213e-21, 2.9806742515e-21, 4.86004920196e-21, 2.38499047313e-20, 2.45154975499e-20, 6.2808470146e-20, 1.09251107249e-19, 1.37566973032e-19, 3.07789847576e-19, 3.9055704853e-19, 4.35038324078e-19, 6.73801681446e-19, 6.8075134276e-19, 1.11932736322e-18, 6.597580675e-19, 1.51035652509e-18, 2.59148634198e-18, 2.55484492918e-18, 3.28121910844e-18, 3.79296432056e-18, 4.03885492458e-18, 6.00211889123e-18, 6.98093618572e-18, 8.56505736911e-18, 8.76062437262e-18, 9.3353842038e-18, 8.65029419533e-18, 1.11096841362e-17, 9.66240509589e-18, 1.01919421358e-17, 8.95748756814e-18, 6.99835081916e-18, 5.83428435853e-18, 3.97084868411e-18, 2.26292689395e-18, 9.26763645727e-19, 2.14023561394e-19, 2.73002172379e-20],
        "var": [0.0076045547612, 0.541439175606, 5.49069690704, 8.78574752808, 33.8374786377, 95.7075424194, 140.812713623, 357.704956055, 322.39666748, 906.570800781, 495.821502686, 2421.7512207, 1629.26782227, 12209.5419922, 4995.35205078, 2284.25073242, 2034.23071289, 3735.08666992, 6664.38427734, 3161.69677734, 3509.77099609, 1600.44470215, 1184.42944336, 2156.28320312, 2299.60791016, 2242.95385742, 2438.86694336, 238.045516968, 203.779373169, 273.925537109, 171.591949463, 46.0561828613, 8.88455963135, 6.68961811066, 0.789186239243, 0.128983587027, 0.00684028863907, 1.26586210172e-05, 8.06131428277e-09, 2.83235046528e-10]
    },
    "gfcc": {
        "mean": [-4.16592502594, 88.6995544434, -137.818908691, 44.1787261963, -67.134765625, 19.150888443, -34.4768447876, 13.9548530579, -27.250213623, 0.957332611084, -11.2709064484, -2.79958772659, -1.90622019768],
        "cov": [[35429.5976562, 1459.73498535, -3775.12524414, 1555.70922852, -1845.63671875, 709.684997559, -941.911193848, 507.888214111, -959.303100586, 301.076171875, -409.531951904, -23.1295566559, -179.338058472], [1459.73498535, 1585.19641113, -81.0083312988, -43.8219261169, -97.5189819336, -242.017440796, 10.3073253632, -83.5838699341, 47.5495567322, -231.89666748, 103.935050964, -136.110992432, 113.185401917], [-3775.12524414, -81.0083312988, 1071.31811523, 2.18554472923, 186.604324341, -82.5551986694, 88.7001113892, -15.2397928238, 95.0022735596, -16.9157371521, -2.38548016548, 54.5427818298, -60.8216590881], [1555.70922852, -43.8219261169, 2.18554472923, 298.179199219, -51.3062019348, 47.0665855408, -43.9562301636, 50.9294433594, -27.459400177, 39.4578361511, -31.8981266022, 7.65210485458, -26.0425205231], [-1845.63671875, -97.5189819336, 186.604324341, -51.3062019348, 243.931365967, 1.9404810667, 89.6793212891, -5.95378541946, 26.801525116, 20.1778373718, 24.6016845703, -12.0494480133, 13.3798370361], [709.684997559, -242.017440796, -82.5551986694, 47.0665855408, 1.9404810667, 205.11807251, 29.0570640564, 20.4888782501, -50.4001846313, 58.7824325562, -27.825630188, 15.8053646088, -26.9138278961], [-941.911193848, 10.3073253632, 88.7001113892, -43.9562301636, 89.6793212891, 29.0570640564, 139.84312439, 7.38288450241, 6.92256736755, -1.52813661098, 25.8435993195, -22.6828994751, 20.4340515137], [507.888214111, -83.5838699341, -15.2397928238, 50.9294433594, -5.95378541946, 20.4888782501, 7.38288450241, 105.835502625, 8.16673660278, 27.4228534698, -19.7719478607, 15.2942266464, -12.0352067947], [-959.303100586, 47.5495567322, 95.0022735596, -27.459400177, 26.801525116, -50.4001846313, 6.92256736755, 8.16673660278, 142.374588013, -23.7190361023, 14.3933153152, 0.405875504017, 5.55604219437], [301.076171875, -231.89666748, -16.9157371521, 39.4578361511, 20.1778373718, 58.7824325562, -1.52813661098, 27.4228534698, -23.7190361023, 128.62979126, 0.528562903404, 8.06672763824, -24.7983913422], [-409.531951904, 103.935050964, -2.38548016548, -31.8981266022, 24.6016845703, -27.825630188, 25.8435993195, -19.7719478607, 14.3933153152, 0.528562903404, 84.6902236938, -7.10985946655, 22.7198677063], [-23.1295566559, -136.110992432, 54.5427818298, 7.65210485458, -12.0494480133, 15.8053646088, -22.6828994751, 15.2942266464, 0.405875504017, 8.06672763824, -7.10985946655, 82.2772064209, -17.4427776337], [-179.338058472, 113.185401917, -60.8216590881, -26.0425205231, 13.3798370361, -26.9138278961, 20.4340515137, -12.0352067947, 5.55604219437, -24.7983913422, 22.7198677063, -17.4427776337, 83.864906311]],
        "icov": [[0.00028825015761, -0.000614682328887, 0.000667251646519, -0.000790235877503, 0.000861665816046, -0.00060979364207, 0.000597982492764, -0.000873147975653, 0.000968425825704, -0.000816329149529, 0.000702123972587, -0.000496192660648, 0.000481380760903], [-0.000614682328887, 0.00262069492601, -0.00146778742783, 0.00138807983603, -0.00123650301248, 0.00201814202592, -0.00134912738577, 0.00187471276149, -0.00192268099636, 0.00359601457603, -0.00289771216922, 0.00280966539867, -0.00148204783909], [0.000667251646519, -0.00146778742783, 0.00306008453481, -0.00232680910267, 0.0010582243558, -0.000385399995139, 5.50865224795e-05, -0.00119106506463, 0.00158288655803, -0.00188039441127, 0.00233584619127, -0.0026617096737, 0.00258039147593], [-0.000790235877503, 0.00138807983603, -0.00232680910267, 0.00658289762214, -0.00185236113612, 0.00048058811808, 0.000129505031509, 0.000268776784651, -0.00205720681697, 0.00126840767916, -0.00149975833483, 0.00208630901761, -0.00139817630406], [0.000861665816046, -0.00123650301248, 0.0010582243558, -0.00185236113612, 0.00922814942896, -0.00151608628221, -0.00129229470622, -0.00219378690235, 0.0023752481211, -0.00335582881235, 0.00126451591495, -0.000165491510415, 0.000218247238081], [-0.00060979364207, 0.00201814202592, -0.000385399995139, 0.00048058811808, -0.00151608628221, 0.00956528540701, -0.00527186598629, 0.00295193935744, -0.000741821771953, 6.63608298055e-05, 0.000526033400092, -0.000495859538205, 0.000684845726937], [0.000597982492764, -0.00134912738577, 5.50865224795e-05, 0.000129505031509, -0.00129229470622, -0.00527186598629, 0.0144986929372, -0.00532877957448, 0.00273359706625, 8.14164668554e-05, -0.00222451961599, 0.00316734518856, -0.00149896624498], [-0.000873147975653, 0.00187471276149, -0.00119106506463, 0.000268776784651, -0.00219378690235, 0.00295193935744, -0.00532877957448, 0.0152809694409, -0.00493192160502, -0.000103503298305, 0.00125555915292, -0.00159672880545, -0.000765103148296], [0.000968425825704, -0.00192268099636, 0.00158288655803, -0.00205720681697, 0.0023752481211, -0.000741821771953, 0.00273359706625, -0.00493192160502, 0.0118153402582, -0.0013000802137, 0.000884358014446, -0.0011332584545, 0.00154161034152], [-0.000816329149529, 0.00359601457603, -0.00188039441127, 0.00126840767916, -0.00335582881235, 6.63608298055e-05, 8.14164668554e-05, -0.000103503298305, -0.0013000802137, 0.0156330112368, -0.00659397616982, 0.00436485279351, 0.000356191507308], [0.000702123972587, -0.00289771216922, 0.00233584619127, -0.00149975833483, 0.00126451591495, 0.000526033400092, -0.00222451961599, 0.00125555915292, 0.000884358014446, -0.00659397616982, 0.0187308881432, -0.00466019008309, -0.000722224300262], [-0.000496192660648, 0.00280966539867, -0.0026617096737, 0.00208630901761, -0.000165491510415, -0.000495859538205, 0.00316734518856, -0.00159672880545, -0.0011332584545, 0.00436485279351, -0.00466019008309, 0.0184799600393, -0.000797324755695], [0.000481380760903, -0.00148204783909, 0.00258039147593, -0.00139817630406, 0.000218247238081, 0.000684845726937, -0.00149896624498, -0.000765103148296, 0.00154161034152, 0.000356191507308, -0.000722224300262, -0.000797324755695, 0.0168641488999]]
    },
    "melbands": {
        "dmean": [0.000329835253069, 0.000432382163126, 0.00026658931165, 0.000241236790316, 0.000169626218849, 0.000127377657918, 0.000112379231723, 0.000105890881969, 6.41751466901e-05, 0.000103809208667, 7.53612475819e-05, 0.000158785303938, 8.75715049915e-05, 5.70264746784e-05, 3.18563834298e-05, 4.05292339565e-05, 3.1985618989e-05, 4.02444311476e-05, 3.66876884073e-05, 2.30184541579e-05, 2.30521909543e-05, 1.5438599803e-05, 1.28706060423e-05, 1.24617563415e-05, 1.52973971126e-05, 1.413956943e-05, 9.23665356822e-06, 1.16454548333e-05, 1.18547804959e-05, 6.35410697214e-06, 2.51064625445e-06, 2.50261518886e-06, 2.55207714872e-06, 2.43366753239e-06, 1.9270867142e-06, 1.40557074246e-06, 9.61065893534e-07, 7.34800380542e-07, 7.34147192816e-07, 5.7130245068e-07],
        "dmean2": [0.000539532047696, 0.000720486743376, 0.000456695939647, 0.000408361549489, 0.000266048678895, 0.000193773128558, 0.000177803449333, 0.000162032360095, 9.77089002845e-05, 0.000159893854288, 0.000114209025924, 0.000251931662206, 0.000140279371408, 9.32657858357e-05, 5.23285707459e-05, 6.67986823828e-05, 5.20669636899e-05, 6.56553456793e-05, 6.07193833275e-05, 3.81423415092e-05, 3.81383324566e-05, 2.55668164755e-05, 2.15470263356e-05, 2.04641000892e-05, 2.51729252341e-05, 2.34742838074e-05, 1.53094842972e-05, 1.9054788936e-05, 1.92777115444e-05, 1.02566409623e-05, 4.10970642406e-06, 4.16627426603e-06, 4.11578866988e-06, 3.88535818274e-06, 3.0593412248e-06, 2.1736607323e-06, 1.49782408698e-06, 1.17258241517e-06, 1.14794556794e-06, 8.87674730166e-07],
        "dvar": [2.92693954407e-07, 8.92568891686e-07, 1.78004256668e-07, 1.03093334758e-07, 6.67153443601e-08, 4.4117651754e-08, 3.77039057753e-08, 2.81607146491e-08, 1.51646464275e-08, 3.37886021384e-08, 1.64440461248e-08, 7.94883519006e-08, 2.27722303237e-08, 1.01920925033e-08, 3.05861358463e-09, 5.78194603307e-09, 5.75067060637e-09, 6.65074617601e-09, 5.93743187949e-09, 1.69723790577e-09, 2.62679278329e-09, 1.22914567413e-09, 4.96703178587e-10, 4.26843282941e-10, 6.18413376063e-10, 6.10390848976e-10, 2.06636041611e-10, 3.58045343374e-10, 5.09181308228e-10, 1.32131999786e-10, 2.47490205413e-11, 3.34024093107e-11, 2.79277156956e-11, 2.93130936191e-11, 2.66160218865e-11, 1.76697684262e-11, 4.5070358036e-12, 2.49301621014e-12, 3.31352631965e-12, 1.88375378664e-12],
        "dvar2": [7.58391138334e-07, 2.44680677497e-06, 5.04482443375e-07, 2.88515082048e-07, 1.71893503875e-07, 9.73295399831e-08, 8.8960213418e-08, 6.27276577347e-08, 3.50751498956e-08, 7.66922738649e-08, 3.57919560656e-08, 1.95114679968e-07, 5.62190223263e-08, 2.71433187038e-08, 8.0826652038e-09, 1.54855399614e-08, 1.44001752744e-08, 1.65656288686e-08, 1.54319312884e-08, 4.47614745269e-09, 6.77699052432e-09, 3.20065729476e-09, 1.34881139591e-09, 1.06239861353e-09, 1.55541901581e-09, 1.65639324479e-09, 5.712362805e-10, 9.63833790557e-10, 1.34014266351e-09, 3.33456734447e-10, 6.23354146079e-11, 8.78994724229e-11, 6.76802919264e-11, 6.73228556236e-11, 5.809601758e-11, 3.72729312692e-11, 9.54222031252e-12, 6.11036134884e-12, 7.19251784867e-12, 4.13054009399e-12],
        "max": [0.00958352722228, 0.0159465707839, 0.00644933152944, 0.00580662023276, 0.0049398355186, 0.00557962153107, 0.00497454265133, 0.00842749979347, 0.00420668302104, 0.00436683930457, 0.00325314770453, 0.00485059339553, 0.00286729470827, 0.00172484433278, 0.00122926337644, 0.00251329340972, 0.00225381413475, 0.00182295590639, 0.0026750669349, 0.000769867561758, 0.00127230305225, 0.000998474773951, 0.000503827293869, 0.000774901709519, 0.000620599254034, 0.000660055316985, 0.000267118215561, 0.000379666220397, 0.000480995920952, 0.000236755455262, 0.000169401086168, 0.000190121529158, 0.000114616508654, 0.000128062398289, 0.000179886541446, 0.000155744099175, 4.97137953062e-05, 2.76120281342e-05, 6.74939801684e-05, 4.82750729134e-05],
        "mean": [0.000764780736063, 0.000968996493611, 0.000530553457793, 0.000511379272211, 0.000386662402889, 0.000281901127892, 0.000216485612327, 0.000218009838136, 0.00012701722153, 0.000193965868675, 0.000145880723721, 0.000290600175504, 0.000166488767718, 0.000104380385892, 5.61008819204e-05, 7.66224547988e-05, 5.90586896578e-05, 7.19685558579e-05, 6.72184178256e-05, 4.26126680395e-05, 4.45357436547e-05, 3.04098721244e-05, 2.55212053162e-05, 2.76206028502e-05, 3.21347542922e-05, 3.05901412503e-05, 2.1240548449e-05, 2.70760647254e-05, 2.72591532848e-05, 1.36134476634e-05, 5.0429825933e-06, 4.80766038891e-06, 5.44503836863e-06, 5.55370161237e-06, 4.27419627158e-06, 2.63847641691e-06, 1.81556072221e-06, 1.3548079778e-06, 1.44711407302e-06, 1.15937177725e-06],
        "median": [0.000565948314033, 0.000668031687383, 0.000381576392101, 0.000382877828088, 0.00025189522421, 0.000173231848748, 0.000122178869788, 0.000134786198032, 6.9155365054e-05, 9.66971201706e-05, 8.01640126156e-05, 0.000123434263514, 8.32145669847e-05, 4.9902650062e-05, 2.67853047262e-05, 3.52252063749e-05, 2.33113551076e-05, 2.55268405454e-05, 2.53874677583e-05, 2.03275885724e-05, 1.94163512788e-05, 1.3002911146e-05, 1.56603364303e-05, 1.84186374099e-05, 2.02909013751e-05, 1.64340362971e-05, 1.3876659068e-05, 1.51105768964e-05, 1.2836586393e-05, 7.20680918675e-06, 2.68292774308e-06, 2.18725790546e-06, 2.52336621998e-06, 2.36821915678e-06, 1.60461570431e-06, 1.0867357787e-06, 7.7137582366e-07, 6.62597358314e-07, 6.95330243161e-07, 4.85776240566e-07],
        "min": [7.0089088416e-25, 7.60116933898e-25, 8.45926314244e-25, 1.04816717616e-24, 9.43993459069e-25, 1.46505087811e-24, 1.8502202023e-24, 1.26869531298e-24, 2.42558201719e-24, 1.89860261934e-24, 2.10228394127e-24, 2.24099112917e-24, 1.58871212197e-24, 2.14671219302e-24, 1.35757577813e-24, 2.36130425013e-24, 2.16153863652e-24, 3.53091932366e-24, 2.77664010838e-24, 3.00897936649e-24, 3.65484621643e-24, 2.8847542843e-24, 3.2704482996e-24, 3.96919584868e-24, 4.32582960874e-24, 4.41998410208e-24, 3.76717606503e-24, 4.56097878939e-24, 4.11871417807e-24, 3.85247638357e-24, 4.39098754736e-24, 4.25865060848e-24, 3.74913915486e-24, 4.57810062091e-24, 5.28591198457e-24, 4.805823465e-24, 5.84132567654e-24, 5.16010602513e-24, 4.87092066133e-24, 5.31283935714e-24],
        "var": [6.22585616838e-07, 1.26096551867e-06, 3.10664091785e-07, 2.44055172516e-07, 1.90383730114e-07, 1.40762494993e-07, 1.0191796207e-07, 9.99762690412e-08, 3.96810868608e-08, 9.46537141999e-08, 4.3385423254e-08, 2.12479662309e-07, 5.72865062054e-08, 2.52802703216e-08, 6.75265043881e-09, 1.46588625682e-08, 1.66845168792e-08, 1.58944910567e-08, 1.39336959748e-08, 4.24406110255e-09, 6.43854480842e-09, 2.72714451022e-09, 1.05186503951e-09, 1.13146247926e-09, 1.85323711932e-09, 1.76621972603e-09, 6.503336758e-10, 1.18547993644e-09, 1.53627044419e-09, 3.78277770219e-10, 5.77154886383e-11, 7.52419376804e-11, 7.20567008838e-11, 8.27579255125e-11, 7.46550321562e-11, 3.76969289118e-11, 1.15987297891e-11, 4.71221759529e-12, 6.19853907785e-12, 3.77908902088e-12]
    },
    "mfcc": {
        "mean": [-617.978759766, 104.066482544, -10.516784668, 22.9840602875, -4.02120304108, 2.49320530891, 5.58539533615, 4.44521713257, -0.516084253788, 3.82950997353, -6.09926462173, -2.45542025566, 0.606887698174],
        "cov": [[10753.2705078, 145.098632812, -292.378692627, 373.219940186, -57.574420929, 147.108917236, 291.539489746, -58.9018821716, 26.9939746857, 123.246536255, -14.1937894821, -92.1262359619, 184.994110107], [145.098632812, 1562.98657227, 83.6496582031, 152.831954956, -41.3659973145, -130.984954834, -33.1931762695, 43.3089447021, -52.6801300049, -15.2098312378, -97.150932312, 25.1300067902, -99.661026001], [-292.378692627, 83.6496582031, 553.685302734, 151.090499878, 38.6627540588, 0.0900317505002, -63.3092155457, 51.8453788757, -10.7361488342, -22.3948669434, 22.1412315369, 6.03185462952, -7.8876991272], [373.219940186, 152.831954956, 151.090499878, 246.015457153, 49.1667709351, -39.3235435486, -5.95481014252, 5.36861419678, 12.7324914932, -1.48720002174, -7.47285509109, 20.9986228943, 11.2660226822], [-57.574420929, -41.3659973145, 38.6627540588, 49.1667709351, 104.353096008, 12.4666461945, -5.8761472702, 3.02329397202, 14.8898849487, 2.46797132492, 7.06016635895, 16.2989883423, 5.76366090775], [147.108917236, -130.984954834, 0.0900317505002, -39.3235435486, 12.4666461945, 149.934371948, 59.1423912048, -2.25637149811, -2.11681222916, 17.6929397583, 20.6674480438, -27.9566326141, 7.34259414673], [291.539489746, -33.1931762695, -63.3092155457, -5.95481014252, -5.8761472702, 59.1423912048, 199.080474854, -24.7051963806, 5.4780216217, 32.9666595459, -5.64738273621, -26.3523616791, 21.0000705719], [-58.9018821716, 43.3089447021, 51.8453788757, 5.36861419678, 3.02329397202, -2.25637149811, -24.7051963806, 112.896636963, 16.1604251862, -11.1767845154, 4.37147808075, -2.93322753906, -3.51394605637], [26.9939746857, -52.6801300049, -10.7361488342, 12.7324914932, 14.8898849487, -2.11681222916, 5.4780216217, 16.1604251862, 90.9190750122, 19.7132434845, 1.75881588459, 11.5102367401, -6.5710735321], [123.246536255, -15.2098312378, -22.3948669434, -1.48720002174, 2.46797132492, 17.6929397583, 32.9666595459, -11.1767845154, 19.7132434845, 82.0319137573, 13.9239349365, -2.18538737297, 1.56273400784], [-14.1937894821, -97.150932312, 22.1412315369, -7.47285509109, 7.06016635895, 20.6674480438, -5.64738273621, 4.37147808075, 1.75881588459, 13.9239349365, 80.9122772217, 7.44175767899, 15.4447164536], [-92.1262359619, 25.1300067902, 6.03185462952, 20.9986228943, 16.2989883423, -27.9566326141, -26.3523616791, -2.93322753906, 11.5102367401, -2.18538737297, 7.44175767899, 82.866645813, 3.13813281059], [184.994110107, -99.661026001, -7.8876991272, 11.2660226822, 5.76366090775, 7.34259414673, 21.0000705719, -3.51394605637, -6.5710735321, 1.56273400784, 15.4447164536, 3.13813281059, 76.1409378052]],
