{
"lowlevel": {
    "average_loudness": 0.935317993164,
    "barkbands_crest": {
        "dmean": 1.89945793152,
        "dmean2": 3.07901263237,
        "dvar": 3.45180845261,
        "dvar2": 8.41348361969,
        "max": 25.0957698822,
        "mean": 7.52008295059,
        "median": 6.64768314362,
        "min": 2.22410511971,
        "var": 11.6173696518
    },
    "barkbands_flatness_db": {
        "dmean": 0.0132272047922,
        "dmean2": 0.020733140409,
        "dvar": 0.000155879301019,
        "dvar2": 0.000349911046214,
        "max": 0.308533877134,
        "mean": 0.109132029116,
        "median": 0.103989094496,
        "min": 0.0313994735479,
        "var": 0.00114708463661
    },
    "barkbands_kurtosis": {
        "dmean": 0.88855266571,
        "dmean2": 1.3838146925,
        "dvar": 3.94411063194,
        "dvar2": 8.01585006714,
        "max": 110.1590271,
        "mean": 0.916003108025,
        "median": -0.143876791,
        "min": -1.89207470417,
        "var": 14.8207883835
    },
    "barkbands_skewness": {
        "dmean": 0.29988771677,
        "dmean2": 0.461665719748,
        "dvar": 0.111445598304,
        "dvar2": 0.232226938009,
        "max": 8.08303451538,
        "mean": 0.217083618045,
        "median": 0.176043152809,
        "min": -3.80864429474,
        "var": 1.19832801819
    },
    "barkbands_spread": {
        "dmean": 4.85620450974,
        "dmean2": 7.5055141449,
        "dvar": 32.7515792847,
        "dvar2": 67.99584198,
        "max": 97.7541046143,
        "mean": 27.3043403625,
        "median": 26.4986305237,
        "min": 1.13672494888,
        "var": 148.728271484
    },
    "dissonance": {
        "dmean": 0.01281396579,
        "dmean2": 0.0218387208879,
        "dvar": 0.000161059346283,
        "dvar2": 0.000449129584013,
        "max": 0.500000059605,
        "mean": 0.475810468197,
        "median": 0.480677604675,
        "min": 0.337587058544,
        "var": 0.000412637047702
    },
    "dynamic_complexity": 1.77951705456,
    "erbbands_crest": {
        "dmean": 2.18585824966,
        "dmean2": 3.54191279411,
        "dvar": 4.80823707581,
        "dvar2": 11.8658246994,
        "max": 29.0889129639,
        "mean": 8.46601200104,
        "median": 7.54350566864,
        "min": 2.47179889679,
        "var": 17.1650886536
    },
    "erbbands_flatness_db": {
        "dmean": 0.0137777328491,
        "dmean2": 0.0200423188508,
        "dvar": 0.000184147706022,
        "dvar2": 0.000339138758136,
        "max": 0.312984824181,
        "mean": 0.166853114963,
        "median": 0.169051647186,
        "min": 0.0608782432973,
        "var": 0.00180636602454
    },
    "erbbands_kurtosis": {
        "dmean": 0.61676633358,
        "dmean2": 0.984408378601,
        "dvar": 0.84653365612,
        "dvar2": 1.93840432167,
        "max": 31.4308166504,
        "mean": 0.203317731619,
        "median": -0.0829786062241,
        "min": -1.84397816658,
        "var": 2.49231982231
    },
    "erbbands_skewness": {
        "dmean": 0.267940044403,
        "dmean2": 0.413162648678,
        "dvar": 0.0711305290461,
        "dvar2": 0.15515807271,
        "max": 5.0008225441,
        "mean": 0.00692726531997,
        "median": 0.0262221042067,
        "min": -4.41575288773,
        "var": 0.442494124174
    },
    "erbbands_spread": {
        "dmean": 5.21516227722,
        "dmean2": 7.992852211,
        "dvar": 37.4528579712,
        "dvar2": 80.2492828369,
        "max": 128.389190674,
        "mean": 31.3837280273,
        "median": 29.9844436646,
        "min": 4.81480312347,
        "var": 180.462356567
    },
    "hfc": {
        "dmean": 6.50395393372,
        "dmean2": 9.68446159363,
        "dvar": 146.790252686,
        "dvar2": 326.487518311,
        "max": 392.692626953,
        "mean": 29.0140705109,
        "median": 28.671585083,
        "min": 1.02672655333e-16,
        "var": 547.479736328
    },
    "melbands_crest": {
        "dmean": 2.42724180222,
        "dmean2": 3.97778606415,
        "dvar": 6.43480920792,
        "dvar2": 15.6202363968,
        "max": 32.3741569519,
        "mean": 9.16413879395,
        "median": 8.26267814636,
        "min": 1.04261517525,
        "var": 23.9424514771
    },
    "melbands_flatness_db": {
        "dmean": 0.0151008693501,
        "dmean2": 0.0228244606405,
        "dvar": 0.000288356415695,
        "dvar2": 0.000615226628724,
        "max": 0.390682071447,
        "mean": 0.117114029825,
        "median": 0.11165432632,
        "min": 1.276722287e-05,
        "var": 0.00377374794334
    },
    "melbands_kurtosis": {
        "dmean": 1.83687484264,
        "dmean2": 2.85424256325,
        "dvar": 20.513420105,
        "dvar2": 45.6728210449,
        "max": 174.248626709,
        "mean": 3.15711736679,
        "median": 0.802272081375,
        "min": -1.87128889561,
        "var": 73.4086151123
    },
    "melbands_skewness": {
        "dmean": 0.370567530394,
        "dmean2": 0.568820714951,
        "dvar": 0.186021819711,
        "dvar2": 0.389501303434,
        "max": 11.2678756714,
        "mean": 1.1385679245,
        "median": 0.873422980309,
        "min": -1.09287512302,
        "var": 1.32197952271
    },
    "melbands_spread": {
        "dmean": 8.29483127594,
        "dmean2": 13.0872077942,
        "dvar": 103.706848145,
        "dvar2": 236.994338989,
        "max": 235.759140015,
        "mean": 50.7678947449,
        "median": 42.9456634521,
        "min": 0.9834664464,
        "var": 1173.35522461
    },
    "pitch_salience": {
        "dmean": 0.0506900064647,
        "dmean2": 0.0821019113064,
        "dvar": 0.00230500823818,
        "dvar2": 0.00575550319627,
        "max": 0.991504848003,
        "mean": 0.608094871044,
        "median": 0.595555901527,
        "min": 0.153434425592,
        "var": 0.0129299405962
    },
    "silence_rate_20dB": {
        "dmean": 0,
        "dmean2": 0,
        "dvar": 0,
        "dvar2": 0,
        "max": 1,
        "mean": 1,
        "median": 1,
        "min": 1,
        "var": 0
    },
    "silence_rate_30dB": {
        "dmean": 0,
        "dmean2": 0,
        "dvar": 0,
        "dvar2": 0,
        "max": 1,
        "mean": 1,
        "median": 1,
        "min": 1,
        "var": 0
    },
    "silence_rate_60dB": {
        "dmean": 0.00239416700788,
        "dmean2": 0.00478885509074,
        "dvar": 0.0023884261027,
        "dvar2": 0.00541890505701,
        "max": 1,
        "mean": 0.115342766047,
        "median": 0,
        "min": 0,
        "var": 0.102039195597
    },
    "spectral_centroid": {
        "dmean": 227.833023071,
        "dmean2": 358.979705811,
        "dvar": 81178.3515625,
        "dvar2": 180967.046875,
        "max": 12201.0595703,
        "mean": 2940.51416016,
        "median": 2207.90795898,
        "min": 302.935516357,
        "var": 7706788.5
    },
    "spectral_complexity": {
        "dmean": 3.03101539612,
        "dmean2": 4.8961687088,
        "dvar": 10.3707265854,
        "dvar2": 24.4735717773,
        "max": 57,
        "mean": 22.8126220703,
        "median": 24,
        "min": 0,
        "var": 130.634811401
    },
    "spectral_decrease": {
        "dmean": 8.66382854348e-10,
        "dmean2": 1.32298405564e-09,
        "dvar": 1.14532420231e-18,
        "dvar2": 2.54197668719e-18,
        "max": 2.35209490766e-28,
        "mean": -4.48418724375e-09,
        "median": -4.61970994792e-09,
        "min": -2.55286654038e-08,
        "var": 6.48754611139e-18
    },
    "spectral_energy": {
        "dmean": 0.0036809425801,
        "dmean2": 0.00559237087145,
        "dvar": 2.05969099625e-05,
        "dvar2": 4.54299843113e-05,
        "max": 0.11248447746,
        "mean": 0.0195560120046,
        "median": 0.0203018970788,
        "min": 9.75507909654e-21,
        "var": 0.000121703189507
    },
    "spectral_energyband_high": {
        "dmean": 0.000613941112533,
        "dmean2": 0.000924906402361,
        "dvar": 2.61016862169e-06,
        "dvar2": 5.86572923567e-06,
        "max": 0.0566526353359,
        "mean": 0.00155878358055,
        "median": 0.000859211781062,
        "min": 6.78625760004e-21,
        "var": 6.40302778265e-06
    },
    "spectral_energyband_low": {
        "dmean": 0.00127513846382,
        "dmean2": 0.00204414781183,
        "dvar": 7.32505668566e-06,
        "dvar2": 1.7159156414e-05,
        "max": 0.0554589927197,
        "mean": 0.00276713841595,
        "median": 0.00165208778344,
        "min": 1.04251581608e-23,
        "var": 1.64675930137e-05
    },
    "spectral_energyband_middle_high": {
        "dmean": 0.00205761939287,
        "dmean2": 0.00313436379656,
        "dvar": 6.12899930275e-06,
        "dvar2": 1.33177618409e-05,
        "max": 0.036452319473,
        "mean": 0.00913804024458,
        "median": 0.00844677723944,
        "min": 1.01812241304e-21,
        "var": 4.91210703331e-05
    },
    "spectral_energyband_middle_low": {
        "dmean": 0.0019019250758,
        "dmean2": 0.00294314534403,
        "dvar": 8.35520404507e-06,
        "dvar2": 1.823976163e-05,
        "max": 0.0789757668972,
        "mean": 0.00637679547071,
        "median": 0.00513898674399,
        "min": 1.07326419421e-22,
        "var": 3.40782753483e-05
    },
    "spectral_entropy": {
        "dmean": 0.108255505562,
        "dmean2": 0.153491362929,
        "dvar": 0.0161787886173,
        "dvar2": 0.0276189111173,
        "max": 9.84022808075,
        "mean": 7.91652965546,
        "median": 7.78931188583,
        "min": 5.71805143356,
        "var": 0.497471183538
    },
    "spectral_flux": {
        "dmean": 0.0150831509382,
        "dmean2": 0.0241332501173,
        "dvar": 0.000271307566436,
        "dvar2": 0.000670890964102,
        "max": 0.259016245604,
        "mean": 0.0737107396126,
        "median": 0.0767243057489,
        "min": 6.29939156394e-11,
        "var": 0.00141068943776
    },
    "spectral_kurtosis": {
        "dmean": 1.12104439735,
        "dmean2": 1.91283404827,
        "dvar": 1.46760630608,
        "dvar2": 4.2962346077,
        "max": 19.6930465698,
        "mean": 3.11802506447,
        "median": 3.10083603859,
        "min": -1.27472364902,
        "var": 5.47616815567
    },
    "spectral_rms": {
        "dmean": 0.000386932108086,
        "dmean2": 0.000582431035582,
        "dvar": 1.86451771356e-07,
        "dvar2": 3.86553438148e-07,
        "max": 0.0104757314548,
        "mean": 0.00403051264584,
        "median": 0.00445047486573,
        "min": 3.08498777739e-12,
        "var": 2.8339641176e-06
    },
    "spectral_rolloff": {
        "dmean": 503.597991943,
        "dmean2": 829.827209473,
        "dvar": 663553.5625,
        "dvar2": 1413171.875,
        "max": 20112.0117188,
        "mean": 4251.76416016,
        "median": 2756.25,
        "min": 86.1328125,
        "var": 25430940
    },
    "spectral_skewness": {
        "dmean": 0.162027522922,
        "dmean2": 0.268057465553,
        "dvar": 0.0264890268445,
        "dvar2": 0.0670837163925,
        "max": 3.24040603638,
        "mean": 1.16188812256,
        "median": 1.24141097069,
        "min": -0.289080649614,
        "var": 0.252364218235
    },
    "spectral_spread": {
        "dmean": 488207.96875,
        "dmean2": 715647.125,
        "dvar": 659680460800,
        "dvar2": 1.39796453786e+12,
        "max": 50031396,
        "mean": 7770435.5,
        "median": 3872803,
        "min": 2297241.25,
        "var": 1.21434655425e+14
    },
    "spectral_strongpeak": {
        "dmean": 0.931129038334,
        "dmean2": 1.56081306934,
        "dvar": 1.85519456863,
        "dvar2": 4.65931844711,
        "max": 16.9433956146,
        "mean": 1.7918586731,
        "median": 1.18008351326,
        "min": 0,
        "var": 3.86914777756
    },
    "zerocrossingrate": {
        "dmean": 0.01001239568,
        "dmean2": 0.0125069189817,
        "dvar": 0.000179213689989,
        "dvar2": 0.000223422801355,
        "max": 0.77978515625,
        "mean": 0.129792645574,
        "median": 0.09033203125,
        "min": 0.00830078125,
        "var": 0.0167175810784
    },
    "barkbands": {
        "dmean": [0.000104946775537, 0.000988406944089, 0.00045338345808, 0.000233270562603, 0.000894017284736, 0.000525234499946, 0.000472029438242, 0.000366773369024, 0.000664293533191, 0.000544568989426, 0.000644204090349, 0.000430953950854, 0.000441986689111, 0.000604103319347, 0.000481789174955, 0.00051657948643, 0.000310404546326, 0.000358185032383, 0.00031933610444, 0.000265401846264, 0.000181116178283, 0.000140055883094, 0.000123785604956, 9.42092810874e-05, 5.65185800951e-05, 2.40450863203e-05, 6.53086340563e-09],
        "dmean2": [0.000187100580661, 0.00158951152116, 0.000738749396987, 0.000385377410566, 0.00139644904993, 0.000840524677187, 0.000745191937312, 0.000563097826671, 0.00101711461321, 0.000848416122608, 0.00100551906507, 0.000676851777826, 0.000685833510943, 0.000956149131525, 0.000777037465014, 0.000832461228129, 0.00048779376084, 0.00056383194169, 0.000509797479026, 0.000417884613853, 0.000293309072731, 0.000223542665481, 0.000193603831576, 0.000143279365147, 8.32215155242e-05, 3.79425000574e-05, 1.18218252965e-08],
        "dvar": [2.15787157032e-08, 5.136159416e-06, 1.33392484258e-06, 1.75601357455e-07, 4.63030346509e-06, 1.34070728564e-06, 6.54103814668e-07, 6.50175479677e-07, 2.02118894777e-06, 1.16750550205e-06, 1.78118432359e-06, 6.98720896253e-07, 8.65169795361e-07, 1.08648521291e-06, 9.0751660764e-07, 9.93406501948e-07, 4.89344188281e-07, 5.19906507179e-07, 2.9642131949e-07, 2.53532789429e-07, 1.69465351973e-07, 1.95987183815e-07, 3.15759706382e-07, 1.32634013994e-07, 3.54052680507e-08, 1.27577601816e-08, 3.5577886767e-15],
        "dvar2": [6.46989519737e-08, 1.17829722512e-05, 3.3054980122e-06, 4.27477402809e-07, 1.01344312498e-05, 3.16074306284e-06, 1.48610945416e-06, 1.30814180466e-06, 4.77473122373e-06, 2.70787654699e-06, 4.03178637498e-06, 1.5404395981e-06, 1.84230611922e-06, 2.48461287811e-06, 2.22843436859e-06, 2.40563144871e-06, 9.95397272163e-07, 1.21470475278e-06, 6.8235613071e-07, 5.92947458244e-07, 4.1789445504e-07, 4.65868680521e-07, 7.89161447301e-07, 2.99119648162e-07, 7.59254135119e-08, 3.32647651646e-08, 1.00186828302e-14],
        "max": [0.00219581928104, 0.0479670725763, 0.0340162962675, 0.0118881259114, 0.0706061944366, 0.0505213588476, 0.0223472025245, 0.025340680033, 0.0433152839541, 0.0266625396907, 0.0246588177979, 0.0189339909703, 0.0268652383238, 0.0186856966466, 0.0169667080045, 0.017933011055, 0.0313646271825, 0.0161444041878, 0.0161703564227, 0.013035133481, 0.011277939193, 0.0143857561052, 0.0240038428456, 0.0132761197165, 0.00709469243884, 0.00265647144988, 2.1483447199e-06],
        "mean": [0.000119525488117, 0.0017405746039, 0.000737095542718, 0.000409052474424, 0.00172174558975, 0.00106261472683, 0.000929564819671, 0.000681933132, 0.0013550327858, 0.00102643447462, 0.00120077305473, 0.000851681339554, 0.000861722975969, 0.00113700528163, 0.000836470804643, 0.000974335765932, 0.000624929438345, 0.000783610215876, 0.000720502750482, 0.000603662920184, 0.000369786750525, 0.000271859724307, 0.000245515548158, 0.000167032776517, 9.32011680561e-05, 3.03537235595e-05, 4.39495595472e-09],
        "median": [6.50204747217e-05, 0.000935199728701, 0.000312212738208, 0.000191473693121, 0.000733587832656, 0.000481165276142, 0.000460219336674, 0.000294945784844, 0.000542350229807, 0.000336786906701, 0.000343239109498, 0.000285202346276, 0.000303841923596, 0.000504437834024, 0.000333925214363, 0.00043428275967, 0.000278241495835, 0.000343226914993, 0.000420017779106, 0.000327316753101, 0.000165508827195, 0.000123681864352, 0.000108076055767, 5.43060559721e-05, 1.97616573132e-05, 4.40575922767e-06, 4.12905210023e-10],
        "min": [9.51285824862e-26, 2.33938279165e-25, 4.49038757129e-25, 1.33880986188e-25, 2.99865593825e-24, 2.96972091468e-24, 5.56031212286e-24, 5.36364042172e-24, 8.86630274776e-24, 1.16077237666e-23, 3.51113074786e-24, 8.29411668965e-24, 1.41390837481e-23, 1.65648468089e-23, 1.4578906835e-23, 4.604173736e-23, 4.47531362268e-23, 6.49685331156e-23, 1.1204028616e-22, 1.06343435625e-22, 1.6947426993e-22, 2.60346565482e-22, 3.06466882854e-22, 4.51305430611e-22, 7.26650854608e-22, 1.27407917585e-21, 1.79120488847e-21],
        "var": [2.64499817604e-08, 8.43365796754e-06, 2.02203091249e-06, 4.72072201774e-07, 1.03597876659e-05, 5.22669188285e-06, 1.93646064872e-06, 1.87576677035e-06, 5.13575105288e-06, 3.39361781698e-06, 5.37662253919e-06, 2.84984139398e-06, 3.23933591062e-06, 3.03105093735e-06, 1.82617418432e-06, 2.32059915106e-06, 1.57399074396e-06, 1.7208438976e-06, 1.02488058928e-06, 7.33897991267e-07, 4.01665204208e-07, 3.41285101513e-07, 4.130604907e-07, 2.35486893985e-07, 7.77749420422e-08, 1.27822019635e-08, 2.27737132199e-15]
    },
    "erbbands": {
        "dmean": [0.0332776159048, 0.220189332962, 0.522987782955, 0.556722462177, 1.84747982025, 3.27246427536, 4.45026302338, 3.94824433327, 5.54697084427, 8.18970870972, 7.86844682693, 15.0319366455, 14.9147796631, 17.6594791412, 24.8036651611, 15.8057661057, 18.7682189941, 23.4513568878, 27.3909263611, 25.0835876465, 23.7450389862, 15.861738205, 16.6234169006, 18.4494533539, 12.4404296875, 12.1306858063, 9.98367404938, 5.44802999496, 5.06867170334, 4.18863677979, 3.61244726181, 2.40795135498, 1.26415300369, 0.721092879772, 0.382545053959, 0.132322072983, 0.0421483628452, 0.00320799835026, 6.30432114122e-05, 7.94638708612e-06],
        "dmean2": [0.0548122115433, 0.353179216385, 0.857377529144, 0.90206849575, 2.97172379494, 5.14302253723, 6.97716474533, 6.26910495758, 8.86922073364, 12.5640392303, 11.8386459351, 22.8451690674, 23.0934829712, 27.1805095673, 38.6901283264, 24.5143089294, 28.813615799, 36.8882217407, 43.1822395325, 40.72706604, 38.3680305481, 24.8143253326, 25.9924926758, 28.9772090912, 19.7758140564, 19.0691890717, 16.0523834229, 8.71224784851, 8.12271881104, 6.56206560135, 5.67190122604, 3.76267409325, 1.91507029533, 1.07142925262, 0.570160925388, 0.206218674779, 0.0670516267419, 0.00525193661451, 0.000100726821984, 1.19219666885e-05],
        "dvar": [0.0057877372019, 0.259498357773, 1.98625314236, 0.969512104988, 32.265247345, 57.943157196, 128.395797729, 59.4401817322, 94.1490402222, 302.374969482, 370.064483643, 1187.15039062, 899.663024902, 1242.18310547, 2568.25366211, 997.327575684, 1449.56628418, 1865.23583984, 2759.28979492, 2333.94702148, 2243.88842773, 1186.30505371, 1252.12475586, 1062.00085449, 615.3046875, 544.783752441, 488.553222656, 179.709060669, 256.439453125, 214.028076172, 298.241577148, 109.328659058, 23.1186752319, 6.02698373795, 1.71661162376, 0.279682338238, 0.0467554777861, 0.000421484030085, 1.25820264429e-07, 3.71056213533e-10],
        "dvar2": [0.0143356872723, 0.579840064049, 5.05755710602, 2.20165395737, 73.0887985229, 127.934150696, 262.599273682, 142.010040283, 219.023269653, 702.690612793, 776.806518555, 2782.50927734, 2135.58251953, 3022.74169922, 5855.90478516, 2206.48706055, 2966.7277832, 4317.07910156, 6230.89404297, 5848.49267578, 5571.33203125, 2264.12475586, 2844.87304688, 2460.02612305, 1383.76269531, 1244.14953613, 1212.18811035, 417.250671387, 621.815002441, 496.444824219, 749.978210449, 260.853820801, 50.9883956909, 13.132060051, 3.85541343689, 0.70459985733, 0.122740544379, 0.0011463771807, 3.37085594992e-07, 9.14594622259e-10],
        "max": [1.69380366802, 10.5280342102, 38.5892906189, 32.7332687378, 208.014678955, 198.657806396, 534.737731934, 366.774505615, 230.577133179, 611.499572754, 731.375915527, 923.651916504, 616.449462891, 1019.2935791, 983.909973145, 927.042175293, 1465.87487793, 975.758117676, 1048.96850586, 866.438232422, 1232.16931152, 1871.90820312, 889.906738281, 1078.43029785, 920.05065918, 620.17364502, 553.294555664, 489.863952637, 471.944396973, 579.96862793, 761.46862793, 450.094421387, 216.833435059, 95.5673904419, 44.7510070801, 15.422252655, 5.64972257614, 0.726868867874, 0.0118447160348, 0.000511874211952],
        "mean": [0.0543134212494, 0.374508678913, 0.865970313549, 1.13646388054, 2.84398555756, 6.15619707108, 9.63430976868, 8.23678970337, 11.1028804779, 15.9700536728, 16.7761592865, 30.9857826233, 29.7692470551, 37.1443405151, 49.5332450867, 34.7573471069, 40.7924385071, 49.9071769714, 54.6882514954, 49.8831787109, 48.3951530457, 36.4428634644, 40.1887359619, 43.1108818054, 30.3103675842, 28.2990531921, 21.8192310333, 11.4456996918, 9.76013660431, 8.32917022705, 6.9595990181, 4.31277608871, 2.2794444561, 1.20958399773, 0.58107894659, 0.18266543746, 0.0505366586149, 0.00332326046191, 8.55228499859e-05, 3.13251912303e-05],
        "median": [0.0263441111892, 0.191668346524, 0.394765973091, 0.631886124611, 1.31316435337, 2.46347117424, 3.42653632164, 4.1477766037, 5.68478822708, 7.33845758438, 8.54689979553, 11.9983386993, 12.134180069, 15.9816856384, 18.6125564575, 14.3651819229, 17.4286994934, 22.6868515015, 25.3586120605, 25.1300239563, 23.6866016388, 17.2203445435, 18.5444908142, 26.2514457703, 18.3508930206, 15.9142475128, 10.3404579163, 5.40745162964, 4.33943939209, 3.6469373703, 2.95445394516, 1.56003570557, 0.686115264893, 0.257594823837, 0.115639358759, 0.0337125100195, 0.00566236395389, 0.000174397311639, 2.38097964029e-05, 2.94566416414e-05],
        "min": [3.14012331102e-23, 2.6781683844e-22, 5.29129070644e-22, 2.51363204295e-21, 7.02794458851e-21, 6.84405684535e-21, 1.79105863744e-20, 4.76152270138e-20, 6.72962803983e-20, 7.28585853416e-20, 1.79327250881e-19, 2.03479696921e-19, 3.92129363778e-19, 5.70394230408e-19, 4.5222615493e-19, 5.96577391928e-19, 9.9166671813e-19, 1.58886702876e-18, 1.90297904361e-18, 2.16327355043e-18, 2.67469285339e-18, 3.21868859682e-18, 3.63029139488e-18, 4.98181848901e-18, 5.45612922892e-18, 6.0075170719e-18, 8.27031720043e-18, 7.18429688496e-18, 8.81405031402e-18, 9.95224173791e-18, 1.0047723196e-17, 9.8404491053e-18, 7.19924652017e-18, 7.58727942706e-18, 5.81720804196e-18, 3.63414564295e-18, 2.07627544989e-18, 8.51409818369e-19, 2.05565717179e-19, 2.51179063713e-20],
        "var": [0.00819211639464, 0.43287807703, 2.70628142357, 3.14848613739, 40.8119926453, 141.515975952, 599.922607422, 227.54637146, 295.168609619, 693.764282227, 1029.6842041, 3088.00390625, 2398.24316406, 4021.46411133, 7407.78564453, 4418.43212891, 6530.50927734, 6098.44775391, 7816.22802734, 5465.73632812, 5185.76416016, 4807.58935547, 4677.28466797, 3217.7734375, 2173.31738281, 1578.2611084, 1288.60864258, 406.457275391, 458.186126709, 348.590789795, 379.890167236, 162.384338379, 44.763469696, 12.5892868042, 3.42265820503, 0.35033506155, 0.0435130111873, 0.000317319470923, 1.05498749292e-07, 7.14594217133e-10]
    },
    "gfcc": {
        "mean": [-95.4640197754, 67.8539505005, -137.3931427, 35.0790100098, -59.2381134033, 18.1793193817, -34.6026496887, 11.7668876648, -19.9596061707, 4.31322574615, -10.5031661987, -0.275507241488, -5.57385063171],
        "cov": [[124505.25, 7565.34716797, -15893.8681641, 4368.38085938, -6966.54833984, 2275.10400391, -4035.19335938, 1445.90966797, -2415.83618164, 560.93157959, -1282.68212891, -3.45764923096, -745.965576172], [7565.34716797, 1615.01928711, -832.601989746, 338.880004883, -321.370361328, -59.8330955505, -235.080230713, 6.96888923645, -92.2129364014, -10.4019823074, 5.51172685623, -101.679023743, 1.75412154198], [-15893.8681641, -832.601989746, 2934.5168457, -395.886871338, 889.652893066, -351.229156494, 403.301300049, -219.764175415, 237.308334351, -6.5794968605, 108.004455566, 14.1330003738, 38.6560630798], [4368.38085938, 338.880004883, -395.886871338, 401.953277588, -191.978851318, 62.0302009583, -136.488174438, 42.386592865, -48.7309417725, 18.9141216278, -38.3153648376, -15.7691478729, -39.3555107117], [-6966.54833984, -321.370361328, 889.652893066, -191.978851318, 557.664245605, -110.964096069, 265.678649902, -49.8340797424, 160.993865967, -23.6751441956, 68.3163604736, 0.26955267787, 32.0688896179], [2275.10400391, -59.8330955505, -351.229156494, 62.0302009583, -110.964096069, 227.012207031, -5.34136629105, 23.0519561768, -50.7584495544, 20.7409172058, -25.9233665466, 6.35242605209, -23.8790550232], [-4035.19335938, -235.080230713, 403.301300049, -136.488174438, 265.678649902, -5.34136629105, 279.651550293, -29.4096107483, 76.6969223022, -11.2241783142, 71.1352920532, -6.68342542648, 21.5108070374], [1445.90966797, 6.96888923645, -219.764175415, 42.386592865, -49.8340797424, 23.0519561768, -29.4096107483, 132.896255493, 13.146484375, 3.82842516899, -29.3624706268, 13.307182312, -6.00985765457], [-2415.83618164, -92.2129364014, 237.308334351, -48.7309417725, 160.993865967, -50.7584495544, 76.6969223022, 13.146484375, 150.73614502, -4.67509794235, 23.7327766418, -2.66143369675, 22.7379989624], [560.93157959, -10.4019823074, -6.5794968605, 18.9141216278, -23.6751441956, 20.7409172058, -11.2241783142, 3.82842516899, -4.67509794235, 77.3126525879, 5.24676799774, 9.26581192017, -16.9344177246], [-1282.68212891, 5.51172685623, 108.004455566, -38.3153648376, 68.3163604736, -25.9233665466, 71.1352920532, -29.3624706268, 23.7327766418, 5.24676799774, 101.739273071, 1.62982678413, 15.2326631546], [-3.45764923096, -101.679023743, 14.1330003738, -15.7691478729, 0.26955267787, 6.35242605209, -6.68342542648, 13.307182312, -2.66143369675, 9.26581192017, 1.62982678413, 68.0585327148, 12.7179784775], [-745.965576172, 1.75412154198, 38.6560630798, -39.3555107117, 32.0688896179, -23.8790550232, 21.5108070374, -6.00985765457, 22.7379989624, -16.9344177246, 15.2326631546, 12.7179784775, 64.8004150391]],
        "icov": [[0.000433358014561, -0.000887709378731, 0.000918560661376, -0.00123626447748, 0.0012130071409, -0.00119332491886, 0.00125033315271, -0.00155687413644, 0.00196454674006, -0.00153193692677, 0.00111985846888, -0.00117444247007, 0.000992027693428], [-0.000887709378731, 0.00293122977018, -0.00158482475672, 0.00182242016308, -0.00258315680549, 0.00322578055784, -0.0021162412595, 0.0034221415408, -0.00368836685084, 0.00301485904492, -0.0029016835615, 0.00395019026473, -0.00277032027952], [0.000918560661376, -0.00158482475672, 0.00289406557567, -0.0026906314306, 0.00146922306158, -0.00149423372932, 0.00254223146476, -0.0022491433192, 0.00421993527561, -0.00375297572464, 0.00268782232888, -0.00254671927541, 0.00233284989372], [-0.00123626447748, 0.00182242016308, -0.0026906314306, 0.00735668465495, -0.00310378544964, 0.00241704937071, -0.00265086838044, 0.00381745491177, -0.00608586333692, 0.00420375727117, -0.00306875258684, 0.00319400872104, -0.00121856038459], [0.0012130071409, -0.00258315680549, 0.00146922306158, -0.00310378544964, 0.00960611458868, -0.00288364989683, 3.88470107282e-05, -0.00439944444224, 0.00248003238812, -0.0032174938824, 0.00337914610282, -0.0038878575433, 0.00329242227599], [-0.00119332491886, 0.00322578055784, -0.00149423372932, 0.00241704937071, -0.00288364989683, 0.0105654299259, -0.00586106581613, 0.0049932342954, -0.00419305544347, 0.00265854550526, -0.00149268342648, 0.00294816098176, -0.00179773604032], [0.00125033315271, -0.0021162412595, 0.00254223146476, -0.00265086838044, 3.88470107282e-05, -0.00586106581613, 0.0125660840422, -0.00510287098587, 0.00564437592402, -0.00386854237877, -0.000989167601801, -0.00105463922955, 0.00194858794566], [-0.00155687413644, 0.0034221415408, -0.0022491433192, 0.00381745491177, -0.00439944444224, 0.0049932342954, -0.00510287098587, 0.0159602928907, -0.00974456220865, 0.00516848452389, -0.00124380667694, 0.00171532586683, -0.0024376900401], [0.00196454674006, -0.00368836685084, 0.00421993527561, -0.00608586333692, 0.00248003238812, -0.00419305544347, 0.00564437592402, -0.00974456220865, 0.0199591722339, -0.00807163398713, 0.00429497007281, -0.00335738062859, 0.00148817349691], [-0.00153193692677, 0.00301485904492, -0.00375297572464, 0.00420375727117, -0.0032174938824, 0.00265854550526, -0.00386854237877, 0.00516848452389, -0.00807163398713, 0.0205195397139, -0.00619039405137, 0.00144775700755, 0.000776242581196], [0.00111985846888, -0.0029016835615, 0.00268782232888, -0.00306875258684, 0.00337914610282, -0.00149268342648, -0.000989167601801, -0.00124380667694, 0.00429497007281, -0.00619039405137, 0.0169739983976, -0.00492241606116, 0.00134475063533], [-0.00117444247007, 0.00395019026473, -0.00254671927541, 0.00319400872104, -0.0038878575433, 0.00294816098176, -0.00105463922955, 0.00171532586683, -0.00335738062859, 0.00144775700755, -0.00492241606116, 0.0224535223097, -0.00834139902145], [0.000992027693428, -0.00277032027952, 0.00233284989372, -0.00121856038459, 0.00329242227599, -0.00179773604032, 0.00194858794566, -0.0024376900401, 0.00148817349691, 0.000776242581196, 0.00134475063533, -0.00834139902145, 0.0226321462542]]
    },
    "melbands": {
        "dmean": [0.000283911213046, 0.000259130552877, 0.000119696749607, 0.000186368401046, 0.000153288361616, 9.13012263482e-05, 8.56009937706e-05, 8.94803015399e-05, 6.97308278177e-05, 9.58128948696e-05, 7.76346278144e-05, 7.44219796616e-05, 9.17751967791e-05, 5.3812385886e-05, 4.19753487222e-05, 4.45957120974e-05, 4.77625435451e-05, 5.16624604643e-05, 3.31849332724e-05, 3.78369768441e-05, 2.90599600703e-05, 1.76818430191e-05, 1.74423657882e-05, 1.89972270164e-05, 1.67429643625e-05, 1.28095989567e-05, 7.73460487835e-06, 9.67876985669e-06, 7.98581277195e-06, 4.53357688457e-06, 3.20834988088e-06, 3.25475139107e-06, 2.59091279986e-06, 2.42670898842e-06, 2.24260043069e-06, 2.15882414523e-06, 1.27072212308e-06, 9.55340055953e-07, 7.81774531333e-07, 5.81696724566e-07],
        "dmean2": [0.000456664682133, 0.000421306031058, 0.00019270949997, 0.000294145487715, 0.000240076013142, 0.000145482452353, 0.000136886970722, 0.000136692193337, 0.00010513531015, 0.000146335863974, 0.000120204575069, 0.000114641166874, 0.000142551987665, 8.44076203066e-05, 6.36422919342e-05, 6.98024887242e-05, 7.50896797399e-05, 8.08922632132e-05, 5.35064282303e-05, 6.14017480984e-05, 4.69374281238e-05, 2.8045504223e-05, 2.67097220785e-05, 2.97125188808e-05, 2.64075915766e-05, 2.05596661544e-05, 1.23473710119e-05, 1.53248347488e-05, 1.27883386085e-05, 7.41525036574e-06, 5.16248792337e-06, 5.29156477569e-06, 4.13051475334e-06, 3.85118801205e-06, 3.55254064743e-06, 3.44995532942e-06, 1.99187411454e-06, 1.47964533426e-06, 1.18724710774e-06, 8.7498335688e-07],
        "dvar": [4.2871724304e-07, 4.06760875649e-07, 5.17154887802e-08, 2.49857777135e-07, 1.31832706529e-07, 3.28323466192e-08, 2.11123776239e-08, 3.29227738405e-08, 3.085851219e-08, 4.5644313218e-08, 2.39884325737e-08, 2.22116298687e-08, 3.64983847589e-08, 1.16601528433e-08, 6.99035762608e-09, 9.54130552344e-09, 8.00750576957e-09, 9.85513093354e-09, 4.41652536765e-09, 6.18258022556e-09, 3.9698182519e-09, 1.52738777182e-09, 1.72376590779e-09, 1.75386427603e-09, 9.34697319543e-10, 6.1945665264e-10, 2.48653292401e-10, 3.84450360436e-10, 3.17175480324e-10, 1.20227591771e-10, 6.94216142905e-11, 9.94769197571e-11, 8.19117967898e-11, 7.1516993716e-11, 1.2548376227e-10, 8.68255398134e-11, 2.86205104755e-11, 1.33045640477e-11, 1.01148247764e-11, 3.77583077651e-12],
        "dvar2": [1.00355464383e-06, 1.00680324522e-06, 1.1981714465e-07, 5.53253926228e-07, 2.79677152548e-07, 7.97717447654e-08, 4.89687863592e-08, 7.60149703183e-08, 6.86179291165e-08, 1.07429322327e-07, 5.66957112369e-08, 5.35974855609e-08, 8.21520700356e-08, 2.53743444034e-08, 1.36646729487e-08, 2.18668017027e-08, 1.84491764088e-08, 2.17683542303e-08, 1.09500524204e-08, 1.46265310974e-08, 1.0037314091e-08, 3.02569258537e-09, 3.37935723849e-09, 4.13877598859e-09, 2.14972506463e-09, 1.37556865898e-09, 5.71694025453e-10, 8.88654538844e-10, 7.9072648429e-10, 3.00122982022e-10, 1.63762156613e-10, 2.52075749163e-10, 1.90715748749e-10, 1.70221281515e-10, 3.18061132987e-10, 2.13548151384e-10, 6.67490507311e-11, 3.04172104171e-11, 2.29637368149e-11, 8.49915450518e-12],
        "max": [0.0135749382898, 0.0149858128279, 0.00565650081262, 0.018826726824, 0.013988321647, 0.00783640239388, 0.00313314585947, 0.00568856718019, 0.00841066613793, 0.00508499285206, 0.00298437057063, 0.00447221938521, 0.00389537378214, 0.00271825119853, 0.00206304597668, 0.00235531688668, 0.00174641783815, 0.00220684893429, 0.00183656241279, 0.00165489141364, 0.00181993597653, 0.00163728115149, 0.00137795193586, 0.00125781598035, 0.00109343300574, 0.000674810260534, 0.000616879144218, 0.000528312870301, 0.000436331523815, 0.000257910782238, 0.000297897408018, 0.000293267192319, 0.000438571645645, 0.000295029662084, 0.000490300939418, 0.00037236144999, 0.00022764262394, 0.000167976453668, 0.000127660387079, 8.85321569513e-05],
        "mean": [0.000489271595143, 0.000474105589092, 0.000239949236857, 0.000320460298099, 0.000342112849467, 0.000190384016605, 0.000170352243003, 0.000173212916707, 0.000148939652718, 0.00019252031052, 0.000148821331095, 0.000148987484863, 0.000175356050022, 0.000106407220301, 8.41393411974e-05, 8.90393857844e-05, 9.24718260649e-05, 9.54160423134e-05, 5.89978189964e-05, 6.89450971549e-05, 5.3310963267e-05, 3.54043186235e-05, 3.59767691407e-05, 3.92245492549e-05, 3.46790620824e-05, 2.74799858744e-05, 1.60266299645e-05, 1.99664009415e-05, 1.60706440511e-05, 8.34732418298e-06, 5.94647463004e-06, 5.72275712329e-06, 4.77676667288e-06, 4.52138056062e-06, 4.11029623137e-06, 3.6259823446e-06, 2.18040395339e-06, 1.64966297689e-06, 1.27935140881e-06, 9.20862873954e-07],
        "median": [0.000262536283117, 0.000242179026827, 0.000136340677273, 0.000149792031152, 0.000130891887238, 9.4814109616e-05, 8.80690349732e-05, 7.88582256064e-05, 6.46594708087e-05, 7.33395645511e-05, 5.1942137361e-05, 5.77901810175e-05, 5.57462954021e-05, 3.42836210621e-05, 3.00330684695e-05, 3.26863664668e-05, 3.69931913156e-05, 3.80516430596e-05, 2.56360144704e-05, 2.94814090012e-05, 2.28805074585e-05, 1.60820709425e-05, 1.36019043566e-05, 1.70448074641e-05, 1.89899983525e-05, 1.4643137547e-05, 8.71568772709e-06, 9.83866448223e-06, 6.91430386723e-06, 3.32331637765e-06, 2.68177973339e-06, 2.46874560617e-06, 1.98811562768e-06, 1.92342895389e-06, 1.70969303781e-06, 1.29061265852e-06, 7.35642743166e-07, 4.93493416798e-07, 2.96120816756e-07, 1.74602575953e-07],
        "min": [3.95103646785e-25, 3.33472064324e-25, 5.33601441421e-25, 9.39601771802e-25, 5.63056472242e-25, 1.05607777471e-24, 1.1809699374e-24, 7.67992280227e-25, 1.03979746056e-24, 1.24300664924e-24, 1.54811901611e-24, 1.77841118017e-24, 1.00428787299e-24, 1.51457980587e-24, 1.92010065673e-24, 1.71235157354e-24, 2.29124077997e-24, 2.5427055763e-24, 1.06158836256e-24, 2.24329420858e-24, 1.98061299348e-24, 2.66576058055e-24, 3.13393256729e-24, 3.15802733756e-24, 3.28051475639e-24, 3.43525100624e-24, 3.23509628699e-24, 2.92154695413e-24, 3.22511719654e-24, 3.92119879019e-24, 4.07881872108e-24, 4.22775013796e-24, 4.6277400878e-24, 4.32651157899e-24, 5.10699399254e-24, 5.51367032741e-24, 5.28186907244e-24, 4.07065479957e-24, 4.63498971952e-24, 5.22832277191e-24],
        "var": [6.61639035116e-07, 6.5435790475e-07, 1.27225888491e-07, 3.8324216689e-07, 6.14544831024e-07, 1.26015848423e-07, 6.51668159435e-08, 7.83238718327e-08, 8.12888600876e-08, 1.14366841331e-07, 6.52523368672e-08, 7.06964016217e-08, 1.07627258217e-07, 4.60184708118e-08, 2.86312715758e-08, 3.26086961877e-08, 2.47371456652e-08, 2.81046599326e-08, 8.13265899069e-09, 1.42189238161e-08, 7.98705102056e-09, 5.26377830212e-09, 5.78914605143e-09, 5.1198290052e-09, 2.50605913799e-09, 2.14426898459e-09, 6.16305118051e-10, 9.74465064196e-10, 8.26442692059e-10, 2.40384323558e-10, 1.33557970239e-10, 1.62744734356e-10, 1.32444125112e-10, 1.05977844556e-10, 1.52020104838e-10, 1.08356150441e-10, 4.78250668234e-11, 2.48019348115e-11, 1.65034392402e-11, 7.74683962812e-12]
    },
    "mfcc": {
        "mean": [-659.510925293, 85.7482376099, -20.7650604248, 15.611038208, -2.89327430725, 4.15265274048, -1.7097363472, 4.16094112396, -2.97093272209, 6.63172054291, -2.05416536331, -0.372740596533, -0.403637140989],
        "cov": [[27863.0644531, 4007.83422852, -1102.1138916, 895.052612305, -166.267181396, 314.846923828, 2.05001950264, 310.393371582, -123.504463196, 387.78125, -105.051185608, 11.6013765335, 33.0838165283], [4007.83422852, 1789.70800781, -80.3348617554, 348.618286133, 35.8940238953, -14.7150821686, -33.6372680664, -24.8803825378, -83.3137969971, 95.5843505859, -34.3857421875, -8.32961654663, -17.693611145], [-1102.1138916, -80.3348617554, 730.381530762, 127.92980957, 91.6263504028, -1.26504182816, -19.0428409576, -118.362945557, -30.3876876831, -67.7503051758, -2.92255616188, 1.66729056835, -14.1274518967], [895.052612305, 348.618286133, 127.92980957, 328.091461182, 77.3227615356, -9.46151447296, -25.7343654633, -13.1007413864, -10.1313743591, 11.8256139755, -3.12693977356, 35.866897583, 10.371922493], [-166.267181396, 35.8940238953, 91.6263504028, 77.3227615356, 147.862060547, -8.38040542603, -32.2194747925, 0.102537937462, 26.0948505402, -12.3750162125, 15.142162323, 11.0571641922, -1.17173087597], [314.846923828, -14.7150821686, -1.26504182816, -9.46151447296, -8.38040542603, 162.37991333, 47.9625244141, 5.17488765717, -3.26885104179, 13.3531265259, 2.17252182961, 0.511306643486, 11.5689792633], [2.05001950264, -33.6372680664, -19.0428409576, -25.7343654633, -32.2194747925, 47.9625244141, 136.021270752, 16.9793987274, -16.1939468384, 17.4873142242, -0.696437418461, -10.1586170197, 17.5986270905], [310.393371582, -24.8803825378, -118.362945557, -13.1007413864, 0.102537937462, 5.17488765717, 16.9793987274, 106.055397034, 34.2180328369, 17.8101215363, 6.09033203125, 0.316855937243, 3.87252283096], [-123.504463196, -83.3137969971, -30.3876876831, -10.1313743591, 26.0948505402, -3.26885104179, -16.1939468384, 34.2180328369, 105.26247406, 2.35970211029, 9.90284442902, 7.08852720261, 2.58456158638], [387.78125, 95.5843505859, -67.7503051758, 11.8256139755, -12.3750162125, 13.3531265259, 17.4873142242, 17.8101215363, 2.35970211029, 86.9570159912, 15.4840259552, -14.1503381729, -0.669746935368], [-105.051185608, -34.3857421875, -2.92255616188, -3.12693977356, 15.142162323, 2.17252182961, -0.696437418461, 6.09033203125, 9.90284442902, 15.4840259552, 68.2667770386, 22.9318656921, 2.32976365089], [11.6013765335, -8.32961654663, 1.66729056835, 35.866897583, 11.0571641922, 0.511306643486, -10.1586170197, 0.316855937243, 7.08852720261, -14.1503381729, 22.9318656921, 83.1926727295, 23.2408103943], [33.0838165283, -17.693611145, -14.1274518967, 10.371922493, -1.17173087597, 11.5689792633, 17.5986270905, 3.87252283096, 2.58456158638, -0.669746935368, 2.32976365089, 23.2408103943, 65.9319992065]],
