{
"lowlevel": {
    "average_loudness": 0.923188924789,
    "barkbands_crest": {
        "dmean": 1.79329180717,
        "dmean2": 2.97965359688,
        "dvar": 3.24745798111,
        "dvar2": 8.47284984589,
        "max": 22.2021617889,
        "mean": 7.08669090271,
        "median": 6.46168231964,
        "min": 2.31813907623,
        "var": 7.79939365387
    },
    "barkbands_flatness_db": {
        "dmean": 0.0131792165339,
        "dmean2": 0.0209774393588,
        "dvar": 0.000140083269798,
        "dvar2": 0.000336787023116,
        "max": 0.242836788297,
        "mean": 0.108847700059,
        "median": 0.105247706175,
        "min": 0.0378673151135,
        "var": 0.000899551378097
    },
    "barkbands_kurtosis": {
        "dmean": 0.844073593616,
        "dmean2": 1.36211824417,
        "dvar": 1.73732054234,
        "dvar2": 4.27703619003,
        "max": 32.6737976074,
        "mean": 0.725649058819,
        "median": -0.115957260132,
        "min": -1.86569547653,
        "var": 6.06570243835
    },
    "barkbands_skewness": {
        "dmean": 0.309897571802,
        "dmean2": 0.486048340797,
        "dvar": 0.0887385010719,
        "dvar2": 0.206508129835,
        "max": 5.20924282074,
        "mean": 0.412019520998,
        "median": 0.445592433214,
        "min": -2.24180030823,
        "var": 1.11204338074
    },
    "barkbands_spread": {
        "dmean": 4.85700321198,
        "dmean2": 7.53570890427,
        "dvar": 26.3180332184,
        "dvar2": 56.5374603271,
        "max": 90.3961410522,
        "mean": 29.2662963867,
        "median": 28.241985321,
        "min": 3.17935633659,
        "var": 143.49810791
    },
    "dissonance": {
        "dmean": 0.0122061893344,
        "dmean2": 0.0207870230079,
        "dvar": 0.00015314455959,
        "dvar2": 0.000428249768447,
        "max": 0.499999970198,
        "mean": 0.476070225239,
        "median": 0.48080021143,
        "min": 0.321781486273,
        "var": 0.000403021404054
    },
    "dynamic_complexity": 1.56969773769,
    "erbbands_crest": {
        "dmean": 2.25072073936,
        "dmean2": 3.69173622131,
        "dvar": 5.15511846542,
        "dvar2": 13.0310945511,
        "max": 31.9669952393,
        "mean": 8.10899543762,
        "median": 7.15425348282,
        "min": 2.35888838768,
        "var": 17.8971252441
    },
    "erbbands_flatness_db": {
        "dmean": 0.0128562618047,
        "dmean2": 0.0191871766001,
        "dvar": 0.000131186447106,
        "dvar2": 0.000273480836768,
        "max": 0.295510798693,
        "mean": 0.155937999487,
        "median": 0.157330036163,
        "min": 0.0672051385045,
        "var": 0.00132640986703
    },
    "erbbands_kurtosis": {
        "dmean": 0.660324513912,
        "dmean2": 1.07993662357,
        "dvar": 0.762070059776,
        "dvar2": 1.83669531345,
        "max": 19.613489151,
        "mean": 0.253768265247,
        "median": -0.0265678167343,
        "min": -1.71950864792,
        "var": 1.97353565693
    },
    "erbbands_skewness": {
        "dmean": 0.271327376366,
        "dmean2": 0.433190733194,
        "dvar": 0.062743589282,
        "dvar2": 0.153362125158,
        "max": 3.8020427227,
        "mean": -0.111991047859,
        "median": -0.0927769839764,
        "min": -3.64491534233,
        "var": 0.417511194944
    },
    "erbbands_spread": {
        "dmean": 5.7573428154,
        "dmean2": 8.98269176483,
        "dvar": 30.6162643433,
        "dvar2": 67.6272735596,
        "max": 102.624534607,
        "mean": 34.4248390198,
        "median": 33.2177505493,
        "min": 4.23539543152,
        "var": 188.074157715
    },
    "hfc": {
        "dmean": 6.58227968216,
        "dmean2": 9.78535270691,
        "dvar": 81.0650100708,
        "dvar2": 167.231338501,
        "max": 229.630630493,
        "mean": 30.8424377441,
        "median": 30.3227043152,
        "min": 1.04021389865e-16,
        "var": 444.410644531
    },
    "melbands_crest": {
        "dmean": 2.34657335281,
        "dmean2": 3.91848278046,
        "dvar": 5.67564964294,
        "dvar2": 14.9251012802,
        "max": 29.7174339294,
        "mean": 9.66480922699,
        "median": 9.08739852905,
        "min": 1.4835870266,
        "var": 22.4281425476
    },
    "melbands_flatness_db": {
        "dmean": 0.0161461532116,
        "dmean2": 0.0247835889459,
        "dvar": 0.000278845342109,
        "dvar2": 0.000625950051472,
        "max": 0.326221317053,
        "mean": 0.127304464579,
        "median": 0.129648268223,
        "min": 0.0024296566844,
        "var": 0.00365100009367
    },
    "melbands_kurtosis": {
        "dmean": 2.12551307678,
        "dmean2": 3.37000370026,
        "dvar": 13.9643964767,
        "dvar2": 34.4109916687,
        "max": 117.211235046,
        "mean": 4.00585842133,
        "median": 1.68462085724,
        "min": -1.72753798962,
        "var": 44.8551101685
    },
    "melbands_skewness": {
        "dmean": 0.410258322954,
        "dmean2": 0.643456220627,
        "dvar": 0.16950750351,
        "dvar2": 0.389997571707,
        "max": 9.27676582336,
        "mean": 1.49025297165,
        "median": 1.38108253479,
        "min": -1.11101007462,
        "var": 1.3687415123
    },
    "melbands_spread": {
        "dmean": 8.24328708649,
        "dmean2": 13.1182527542,
        "dvar": 78.538520813,
        "dvar2": 181.345657349,
        "max": 184.59564209,
        "mean": 46.8659210205,
        "median": 38.0945663452,
        "min": 3.15709662437,
        "var": 1079.37451172
    },
    "pitch_salience": {
        "dmean": 0.0515755042434,
        "dmean2": 0.0853395834565,
        "dvar": 0.00226297951303,
        "dvar2": 0.00601395824924,
        "max": 0.893989384174,
        "mean": 0.616786062717,
        "median": 0.609013140202,
        "min": 0.216948837042,
        "var": 0.0125685697421
    },
    "silence_rate_20dB": {
        "dmean": 0,
        "dmean2": 0,
        "dvar": 0,
        "dvar2": 0,
        "max": 1,
        "mean": 1,
        "median": 1,
        "min": 1,
        "var": 0
    },
    "silence_rate_30dB": {
        "dmean": 0.000413522182498,
        "dmean2": 0.00082712987205,
        "dvar": 0.000413410249166,
        "dvar2": 0.00124024681281,
        "max": 1,
        "mean": 0.999793231487,
        "median": 1,
        "min": 0,
        "var": 0.000206659402465
    },
    "silence_rate_60dB": {
        "dmean": 0.00206761085428,
        "dmean2": 0.00413564918563,
        "dvar": 0.00206291978247,
        "dvar2": 0.00494557758793,
        "max": 1,
        "mean": 0.115774236619,
        "median": 0,
        "min": 0,
        "var": 0.102387204766
    },
    "spectral_centroid": {
        "dmean": 238.882843018,
        "dmean2": 378.518615723,
        "dvar": 65538.3515625,
        "dvar2": 148470.140625,
        "max": 12065.6523438,
        "mean": 2758.78125,
        "median": 1993.13842773,
        "min": 355.061645508,
        "var": 7541377
    },
    "spectral_complexity": {
        "dmean": 3.46614289284,
        "dmean2": 5.48014879227,
        "dvar": 12.7556505203,
        "dvar2": 29.5192470551,
        "max": 59,
        "mean": 25.4522438049,
        "median": 27,
        "min": 0,
        "var": 147.377960205
    },
    "spectral_decrease": {
        "dmean": 1.22723731177e-09,
        "dmean2": 1.93690397055e-09,
        "dvar": 2.1092512118e-18,
        "dvar2": 4.9352407759e-18,
        "max": 2.34731547176e-28,
        "mean": -6.26538998461e-09,
        "median": -6.61225119103e-09,
        "min": -4.6150987032e-08,
        "var": 1.17174914872e-17
    },
    "spectral_energy": {
        "dmean": 0.00495274458081,
        "dmean2": 0.00778614729643,
        "dvar": 3.27898924297e-05,
        "dvar2": 7.63564676163e-05,
        "max": 0.17715896666,
        "mean": 0.0264444816858,
        "median": 0.0281837321818,
        "min": 9.83955572439e-21,
        "var": 0.000197254790692
    },
    "spectral_energyband_high": {
        "dmean": 0.000554137397557,
        "dmean2": 0.000798428896815,
        "dvar": 1.37709355386e-06,
        "dvar2": 2.4387970825e-06,
        "max": 0.032393258065,
        "mean": 0.001445813803,
        "median": 0.000868855975568,
        "min": 6.75166262885e-21,
        "var": 4.86901717522e-06
    },
    "spectral_energyband_low": {
        "dmean": 0.00249179522507,
        "dmean2": 0.0040190895088,
        "dvar": 2.02024075406e-05,
        "dvar2": 5.111284554e-05,
        "max": 0.157182052732,
        "mean": 0.00628615915775,
        "median": 0.00481705693528,
        "min": 6.9129143302e-24,
        "var": 4.81581118947e-05
    },
    "spectral_energyband_middle_high": {
        "dmean": 0.00236011412926,
        "dmean2": 0.00366976647638,
        "dvar": 7.12417386239e-06,
        "dvar2": 1.6868365492e-05,
        "max": 0.0449868403375,
        "mean": 0.00960826594383,
        "median": 0.00879148673266,
        "min": 1.12154240588e-21,
        "var": 4.89575068059e-05
    },
    "spectral_energyband_middle_low": {
        "dmean": 0.00295955874026,
        "dmean2": 0.0046804076992,
        "dvar": 1.2781991245e-05,
        "dvar2": 3.08378439513e-05,
        "max": 0.0553386956453,
        "mean": 0.0101247094572,
        "median": 0.00968191027641,
        "min": 1.2190656319e-22,
        "var": 5.46660739928e-05
    },
    "spectral_entropy": {
        "dmean": 0.0932246521115,
        "dmean2": 0.137364313006,
        "dvar": 0.00980046670884,
        "dvar2": 0.0192920938134,
        "max": 9.82970619202,
        "mean": 7.96944141388,
        "median": 7.80178546906,
        "min": 6.46027994156,
        "var": 0.434560120106
    },
    "spectral_flux": {
        "dmean": 0.0145601723343,
        "dmean2": 0.0230576116592,
        "dvar": 0.000233505823417,
        "dvar2": 0.000572885852307,
        "max": 0.27218195796,
        "mean": 0.0828434452415,
        "median": 0.0888863354921,
        "min": 6.24968896079e-11,
        "var": 0.00151770084631
    },
    "spectral_kurtosis": {
        "dmean": 0.954580903053,
        "dmean2": 1.62603318691,
        "dvar": 0.890409469604,
        "dvar2": 2.64636898041,
        "max": 13.1832847595,
        "mean": 2.88635277748,
        "median": 3.02279376984,
        "min": -1.27716755867,
        "var": 3.90914201736
    },
    "spectral_rms": {
        "dmean": 0.000449539365945,
        "dmean2": 0.000700172386132,
        "dvar": 2.20895145731e-07,
        "dvar2": 4.86708586322e-07,
        "max": 0.0131467869505,
        "mean": 0.00470325397328,
        "median": 0.00524369347841,
        "min": 3.09831674206e-12,
        "var": 3.67891857422e-06
    },
    "spectral_rolloff": {
        "dmean": 496.862670898,
        "dmean2": 813.190490723,
        "dvar": 480569.78125,
        "dvar2": 1024433.25,
        "max": 20004.3457031,
        "mean": 3849.4753418,
        "median": 2347.11914062,
        "min": 107.666015625,
        "var": 25193258
    },
    "spectral_skewness": {
        "dmean": 0.144677266479,
        "dmean2": 0.237401366234,
        "dvar": 0.0183951128274,
        "dvar2": 0.0477311834693,
        "max": 2.6470644474,
        "mean": 1.14943933487,
        "median": 1.23916625977,
        "min": -0.0976149886847,
        "var": 0.21480037272
    },
    "spectral_spread": {
        "dmean": 426287.09375,
        "dmean2": 644649.8125,
        "dvar": 428451921920,
        "dvar2": 885278441472,
        "max": 43521888,
        "mean": 7664846.5,
        "median": 3971306,
        "min": 2117518.5,
        "var": 1.16449783841e+14
    },
    "spectral_strongpeak": {
        "dmean": 0.683703064919,
        "dmean2": 1.1819781065,
        "dvar": 1.23446655273,
        "dvar2": 3.1169064045,
        "max": 12.4738693237,
        "mean": 1.11875188351,
        "median": 0.485036462545,
        "min": 0,
        "var": 2.25537276268
    },
    "zerocrossingrate": {
        "dmean": 0.00925866700709,
        "dmean2": 0.0115074235946,
        "dvar": 0.000126248269225,
        "dvar2": 0.000163246615557,
        "max": 0.7685546875,
        "mean": 0.120713986456,
        "median": 0.07958984375,
        "min": 0.01416015625,
        "var": 0.0163584556431
    },
    "barkbands": {
        "dmean": [9.98373579932e-05, 0.00175275676884, 0.00100195396226, 0.000720776384696, 0.00142334401608, 0.00081533374032, 0.000724024605006, 0.000573331024498, 0.000624707201496, 0.000855140620843, 0.000487836601678, 0.000514109211508, 0.000451132218586, 0.000662684207782, 0.00059761403827, 0.000466971221613, 0.000512055354193, 0.000354884541593, 0.000320255552651, 0.000201854330953, 0.000163444885402, 0.000166795682162, 0.000127641877043, 7.73421270424e-05, 3.78619697585e-05, 1.3772976672e-05, 7.18609394212e-09],
        "dmean2": [0.000177949987119, 0.00284135341644, 0.00166377692949, 0.0011793167796, 0.00228083413094, 0.00130907993298, 0.00117028562818, 0.000919911777601, 0.000998756848276, 0.00138353684451, 0.000776949978899, 0.000837103405502, 0.000729542691261, 0.00107848190237, 0.000966243445873, 0.000776379834861, 0.00083227007417, 0.000578026520088, 0.000519354420248, 0.000327600719174, 0.000255313876551, 0.000249603297561, 0.000190086400835, 0.000116183146019, 5.44944268768e-05, 1.98967190954e-05, 1.3274730648e-08],
        "dvar": [3.45031700988e-08, 1.38301074912e-05, 3.25269184032e-06, 1.33424657633e-06, 5.41674944543e-06, 2.19522166844e-06, 1.74902299932e-06, 1.28314547965e-06, 1.72787224528e-06, 2.87779357677e-06, 1.07695018414e-06, 9.80736672318e-07, 8.79971594259e-07, 1.42770841194e-06, 1.08417145839e-06, 7.45660258872e-07, 7.77480011038e-07, 2.70356821375e-07, 1.94765931383e-07, 9.99177629524e-08, 1.15133190093e-07, 1.7451074541e-07, 9.78876002478e-08, 4.34055813514e-08, 1.27699157915e-08, 1.77179437788e-09, 3.57086855948e-15],
        "dvar2": [1.0235365977e-07, 3.51692033291e-05, 7.93864728621e-06, 3.51277230948e-06, 1.28954716274e-05, 5.55628685106e-06, 4.45714431407e-06, 3.32931290359e-06, 4.13273437516e-06, 7.27005499357e-06, 2.54007068179e-06, 2.5026208732e-06, 2.13458793041e-06, 3.67739312424e-06, 2.73317596111e-06, 1.93914661395e-06, 1.89226761904e-06, 6.88207251187e-07, 4.85382486204e-07, 2.54308076819e-07, 2.34159784895e-07, 3.23023726878e-07, 1.9215288205e-07, 9.04014356706e-08, 2.53416825302e-08, 3.79789844018e-09, 1.01300159938e-14],
        "max": [0.0061708833091, 0.100280016661, 0.0475071109831, 0.0189790334553, 0.0450895652175, 0.0316688492894, 0.0261202510446, 0.0353647843003, 0.0385241732001, 0.0352315157652, 0.0251193288714, 0.0171631257981, 0.0260061938316, 0.0240598339587, 0.0238622631878, 0.021894140169, 0.0210688952357, 0.012395166792, 0.0100778089836, 0.00502193439752, 0.00913998112082, 0.0123194502667, 0.0141586679965, 0.00671394076198, 0.00361874955706, 0.00100477668457, 1.99703890758e-06],
        "mean": [0.000122930738144, 0.00365136098117, 0.00193577376194, 0.0014055329375, 0.00300793093629, 0.00155441020615, 0.00128473236691, 0.00102303200401, 0.00107320025563, 0.00145274063107, 0.000834314385429, 0.000909388472792, 0.000782004848588, 0.00114102789667, 0.00113570492249, 0.000910737493541, 0.00108765810728, 0.000756464083679, 0.000720669864677, 0.000439861614723, 0.000340271857567, 0.000353462062776, 0.000279731699266, 0.000152958324179, 6.76459458191e-05, 2.09647678275e-05, 4.85146145479e-09],
        "median": [6.24929671176e-05, 0.00215438753366, 0.00105392036494, 0.000728634069674, 0.00205797655508, 0.000853650562931, 0.00062836392317, 0.000419675867306, 0.000426982529461, 0.000507158809341, 0.000249406730291, 0.000304950692225, 0.000251970428508, 0.000522605376318, 0.000486363598611, 0.000356845615897, 0.000514833605848, 0.000509676523507, 0.000503478571773, 0.000293494027574, 0.000185544893611, 0.000175617184141, 0.000147963612108, 6.12152798567e-05, 1.96963010239e-05, 5.45305192645e-06, 5.62588253761e-10],
        "min": [2.57905423454e-26, 1.0678835712e-24, 3.40422446589e-25, 2.92514011695e-25, 2.865402343e-24, 3.73381277076e-24, 5.22863358311e-24, 3.96243728287e-24, 9.59817318574e-24, 9.81916073543e-24, 8.93257653013e-24, 1.61608632507e-23, 2.25282471328e-23, 2.19064433015e-23, 1.79505803854e-23, 2.69057735577e-23, 5.18392339247e-23, 7.61216126767e-23, 1.08082615174e-22, 1.28912670392e-22, 1.65868834805e-22, 2.78173534519e-22, 3.09069063612e-22, 4.60932108496e-22, 7.3688075234e-22, 1.18282192879e-21, 1.83627512469e-21],
        "var": [4.55931008503e-08, 2.48046126217e-05, 7.73409738031e-06, 3.38772065334e-06, 1.23414356494e-05, 5.20569710716e-06, 3.69777967535e-06, 2.96323355542e-06, 3.68356973013e-06, 7.90531794337e-06, 2.70859845841e-06, 2.31422040997e-06, 2.13717339648e-06, 3.11388521368e-06, 3.27965631186e-06, 1.99628038899e-06, 2.83721351479e-06, 7.13075678505e-07, 5.89304647747e-07, 2.53713466236e-07, 3.25813715563e-07, 5.27815643636e-07, 2.60626507043e-07, 1.15874641438e-07, 2.9991021222e-08, 3.16191317573e-09, 2.11435940777e-15]
    },
    "erbbands": {
        "dmean": [0.0424426682293, 0.43280172348, 1.17216575146, 1.513215065, 4.53697299957, 4.61488246918, 5.08785676956, 7.27442264557, 9.87754917145, 12.2597827911, 11.6519374847, 12.6565790176, 28.9736156464, 15.9031324387, 20.3794403076, 20.1851043701, 19.4822731018, 29.8060741425, 29.2179908752, 27.0503406525, 23.7488651276, 26.2893543243, 18.3611011505, 18.0927391052, 12.6838750839, 9.31982421875, 7.25275564194, 6.33380222321, 6.04829597473, 5.12772369385, 3.50716924667, 2.05235147476, 1.0991345644, 0.503961503506, 0.248558610678, 0.0879908278584, 0.0218769628555, 0.00115196802653, 2.77076287603e-05, 7.36927950129e-06],
        "dmean2": [0.0680001154542, 0.70877790451, 1.93490147591, 2.46713209152, 7.25745201111, 7.52366685867, 8.21126937866, 11.793463707, 16.2329654694, 19.3198280334, 18.7908554077, 20.136762619, 46.9668312073, 25.370677948, 32.2978630066, 32.8557128906, 31.1195297241, 48.1576347351, 46.4675788879, 43.9253997803, 39.0395393372, 42.2943763733, 29.8581237793, 29.1065578461, 20.5550765991, 14.9783964157, 11.6355514526, 9.66275787354, 9.07444858551, 7.64877843857, 5.26643943787, 3.15170693398, 1.64598715305, 0.727607548237, 0.365736782551, 0.127929732203, 0.0315229967237, 0.00167317152955, 3.91573812522e-05, 1.10855089588e-05],
        "dvar": [0.0125235756859, 0.780225992203, 4.66537475586, 5.19158267975, 69.6358718872, 51.6028862, 73.0129547119, 215.830230713, 372.965637207, 516.210144043, 731.741455078, 799.886901855, 3567.34375, 1128.60192871, 1818.10766602, 1508.59521484, 1678.48522949, 3076.4375, 3011.28027344, 1923.52294922, 1947.18432617, 2490.66772461, 789.175048828, 625.296875, 352.988464355, 204.437942505, 194.82019043, 213.328521729, 228.749450684, 147.930343628, 80.3860931396, 29.3823432922, 10.8029050827, 2.25163316727, 0.705707669258, 0.0698996856809, 0.00540439970791, 1.57022313942e-05, 7.11193370861e-09, 9.73611469224e-11],
        "dvar2": [0.0316555164754, 1.97613561153, 11.64478302, 13.1910858154, 162.217437744, 133.394271851, 186.423965454, 550.590759277, 962.190124512, 1228.66003418, 1988.16601562, 1917.52441406, 9077.2109375, 2793.578125, 4656.33837891, 3810.82958984, 4063.44873047, 7725.67333984, 7354.31689453, 5075.31738281, 4902.91064453, 5956.42626953, 2022.6796875, 1519.77111816, 904.727661133, 502.723114014, 459.588500977, 411.589782715, 423.415893555, 280.248138428, 167.774490356, 64.3859024048, 22.0282039642, 4.19757032394, 1.49495053291, 0.151008799672, 0.0116836391389, 3.45491571352e-05, 1.50814525313e-08, 2.08799158519e-10],
        "max": [4.02224349976, 27.2923164368, 67.085067749, 46.7405128479, 179.015090942, 115.860649109, 220.703430176, 332.552703857, 431.522216797, 586.214599609, 1038.9597168, 1116.71850586, 1350.73852539, 834.225952148, 936.844665527, 774.365539551, 1399.13647461, 1349.33410645, 1351.9987793, 708.627990723, 1476.85131836, 1324.16577148, 796.092285156, 758.237304688, 392.819274902, 263.241271973, 354.361297607, 370.156829834, 429.617492676, 338.19442749, 429.260223389, 202.338058472, 177.32649231, 67.3762817383, 33.7674942017, 6.30813026428, 2.44380640984, 0.100755415857, 0.00204728054814, 0.000198012698092],
        "mean": [0.0776840746403, 0.908973574638, 2.4448094368, 3.37681102753, 8.69122409821, 9.18527507782, 9.97183132172, 13.4635791779, 17.0301055908, 23.5973682404, 21.4286727905, 23.4643173218, 50.7888870239, 29.3104705811, 38.0478553772, 38.9830589294, 37.9070167542, 56.1969566345, 58.4816703796, 55.1220932007, 53.046787262, 58.8481292725, 43.1130142212, 41.9651756287, 29.8057365417, 21.0719203949, 15.1330194473, 13.2373809814, 12.5466222763, 11.0172300339, 7.44399547577, 4.04345750809, 2.12841892242, 0.93361645937, 0.397191017866, 0.136249542236, 0.0330594219267, 0.00159441505093, 5.77147584409e-05, 3.7377289118e-05],
        "median": [0.0256837904453, 0.576153099537, 1.56516623497, 2.27887129784, 4.85551261902, 6.01299905777, 5.87703990936, 6.81300067902, 8.82530021667, 10.8672304153, 9.79134273529, 11.0640592575, 17.995672226, 13.1160907745, 14.1075134277, 15.1622962952, 14.6729135513, 27.6615943909, 27.3264083862, 27.9540309906, 23.3970279694, 27.6730461121, 28.8946647644, 30.8564414978, 20.7775936127, 14.1011543274, 9.22009086609, 6.79594135284, 6.16344356537, 5.70003223419, 3.83300352097, 1.76297140121, 0.786983549595, 0.283203065395, 0.110650919378, 0.0388235412538, 0.00773517647758, 0.00022827021894, 2.87683214992e-05, 3.83282022085e-05],
        "min": [2.27585172088e-23, 2.07757550821e-22, 7.40639668242e-22, 3.48974656518e-21, 5.45130562535e-21, 1.30843275813e-20, 2.35248776805e-20, 3.15781594903e-20, 9.43398842382e-20, 1.1103533583e-19, 2.0898660015e-19, 3.0633646539e-19, 3.89014821976e-19, 3.91343076907e-19, 6.80095440233e-19, 9.66199791624e-19, 1.37576100453e-18, 1.28196409974e-18, 1.93094519294e-18, 1.31737094548e-18, 2.4232586917e-18, 3.7647218929e-18, 4.00172071893e-18, 4.26962218546e-18, 5.76803711763e-18, 6.46648609299e-18, 7.25432268689e-18, 7.73522316115e-18, 9.57655781038e-18, 9.19495209685e-18, 8.69920621213e-18, 9.79761024856e-18, 8.22611266849e-18, 6.77132903209e-18, 5.2477806306e-18, 3.93022832577e-18, 2.13563413744e-18, 8.9681898377e-19, 2.26346859386e-19, 2.59680299367e-20],
        "var": [0.0222596172243, 1.37974178791, 10.3473968506, 14.037689209, 147.921478271, 120.343513489, 196.000778198, 485.9168396, 698.608032227, 1513.8939209, 1790.40454102, 1698.58129883, 9925.01269531, 2653.74829102, 4565.61865234, 3994.9621582, 4559.94189453, 8006.91162109, 8747.75976562, 4795.12695312, 6334.69335938, 8697.40234375, 2340.78173828, 1873.57470703, 1084.7755127, 585.704711914, 452.05557251, 642.485229492, 686.932189941, 429.338256836, 192.241577148, 71.1142654419, 27.044921875, 6.00849437714, 1.17016422749, 0.118121378124, 0.00984358228743, 2.6229678042e-05, 1.38137536965e-08, 4.80680328874e-10]
    },
    "gfcc": {
        "mean": [-76.4205932617, 76.1117172241, -129.922225952, 43.0959014893, -57.1060523987, 17.3956031799, -38.0112800598, 8.93312740326, -19.1269893646, -0.151562198997, -14.1698122025, -0.908629834652, -10.3243675232],
        "cov": [[122805.40625, 8579.09570312, -14620.9267578, 5036.98925781, -6546.30029297, 1987.09643555, -4316.68505859, 1038.70056152, -2235.5300293, -31.7985630035, -1634.31298828, -96.6923141479, -1245.08068848], [8579.09570312, 1523.14428711, -830.840942383, 470.294525146, -349.960998535, -1.95951604843, -220.53918457, 23.5412769318, -100.528900146, -110.210700989, -56.1832237244, -88.0072860718, -89.7360687256], [-14620.9267578, -830.840942383, 2367.17578125, -410.417755127, 789.983581543, -294.645599365, 498.458435059, -125.409606934, 263.515014648, 1.41283226013, 157.049942017, 19.7801303864, 100.179168701], [5036.98925781, 470.294525146, -410.417755127, 451.670410156, -215.379821777, 26.0187587738, -201.512435913, 36.0366249084, -31.9623756409, -21.2818450928, -74.281036377, -1.77429425716, -43.1211395264], [-6546.30029297, -349.960998535, 789.983581543, -215.379821777, 495.102386475, -92.4717559814, 252.04737854, -39.8495178223, 140.704040527, 2.31109881401, 95.8239898682, -1.24720346928, 67.8633041382], [1987.09643555, -1.95951604843, -294.645599365, 26.0187587738, -92.4717559814, 202.145797729, 11.799161911, 21.5446434021, -88.4510269165, 24.9320926666, -14.9918928146, -13.5066642761, -23.1910591125], [-4316.68505859, -220.53918457, 498.458435059, -201.512435913, 252.04737854, 11.799161911, 310.529968262, -26.4186534882, 40.0754394531, -2.71794486046, 80.5810317993, -27.1185874939, 27.9218025208], [1038.70056152, 23.5412769318, -125.409606934, 36.0366249084, -39.8495178223, 21.5446434021, -26.4186534882, 87.422454834, 17.3593158722, 10.0025253296, -25.3790454865, 3.71597862244, -7.6062130928], [-2235.5300293, -100.528900146, 263.515014648, -31.9623756409, 140.704040527, -88.4510269165, 40.0754394531, 17.3593158722, 165.293014526, 13.9093790054, 19.8298110962, 7.2488694191, 39.2589454651], [-31.7985630035, -110.210700989, 1.41283226013, -21.2818450928, 2.31109881401, 24.9320926666, -2.71794486046, 10.0025253296, 13.9093790054, 84.3426361084, 11.3795003891, 8.17224979401, -7.71533823013], [-1634.31298828, -56.1832237244, 157.049942017, -74.281036377, 95.8239898682, -14.9918928146, 80.5810317993, -25.3790454865, 19.8298110962, 11.3795003891, 91.6416854858, 11.2713670731, 16.7985992432], [-96.6923141479, -88.0072860718, 19.7801303864, -1.77429425716, -1.24720346928, -13.5066642761, -27.1185874939, 3.71597862244, 7.2488694191, 8.17224979401, 11.2713670731, 71.4495010376, 19.4349555969], [-1245.08068848, -89.7360687256, 100.179168701, -43.1211395264, 67.8633041382, -23.1910591125, 27.9218025208, -7.6062130928, 39.2589454651, -7.71533823013, 16.7985992432, 19.4349555969, 74.1171951294]],
        "icov": [[0.000460599549115, -0.00106667564251, 0.00101260398515, -0.00136806501541, 0.00129146419931, -0.00122707418632, 0.00120532664005, -0.00149391160812, 0.00151904230006, -0.00125972169917, 0.00145738373976, -0.00123610440642, 0.00116569921374], [-0.00106667564251, 0.00396274309605, -0.00194099522196, 0.00186482514255, -0.00272542703897, 0.00374303781427, -0.00307523994707, 0.00341648235917, -0.00334469391964, 0.00428353762254, -0.00460968306288, 0.00449885427952, -0.00215418427251], [0.00101260398515, -0.00194099522196, 0.00361710321158, -0.0033994759433, 0.0017244956689, -0.00112693861593, 0.00116226426326, -0.00229440163821, 0.00315248570405, -0.00290286284871, 0.00375204649754, -0.00317882024683, 0.00319994450547], [-0.00136806501541, 0.00186482514255, -0.0033994759433, 0.0086958874017, -0.00357607682236, 0.00206541619264, -0.00140761211514, 0.00418133614585, -0.00564232468605, 0.00395207619295, -0.00297854142264, 0.00252454564907, -0.00277683255263], [0.00129146419931, -0.00272542703897, 0.0017244956689, -0.00357607682236, 0.0100628947839, -0.00354167167097, 0.00139769597445, -0.00391572760418, 0.00166713702492, -0.0028700788971, 0.00208308780566, -0.00258253514767, 0.00175672140904], [-0.00122707418632, 0.00374303781427, -0.00112693861593, 0.00206541619264, -0.00354167167097, 0.0136671699584, -0.0073047010228, 0.00238401908427, 0.000772393774241, 2.30826153711e-05, -0.00298430863768, 0.00433697272092, -0.00370851205662], [0.00120532664005, -0.00307523994707, 0.00116226426326, -0.00140761211514, 0.00139769597445, -0.0073047010228, 0.0130613902584, -0.00545254768804, 0.00408128323033, -0.00113952357788, -0.000480396236526, 0.000397852825699, 0.00281349872239], [-0.00149391160812, 0.00341648235917, -0.00229440163821, 0.00418133614585, -0.00391572760418, 0.00238401908427, -0.00545254768804, 0.0204842407256, -0.0097538838163, 0.0031724225264, -0.000409983302234, 0.00132571801078, -0.00169601209927], [0.00151904230006, -0.00334469391964, 0.00315248570405, -0.00564232468605, 0.00166713702492, 0.000772393774241, 0.00408128323033, -0.0097538838163, 0.0177929699421, -0.00764349848032, 0.0046475045383, -0.00235900352709, -0.000553554447833], [-0.00125972169917, 0.00428353762254, -0.00290286284871, 0.00395207619295, -0.0028700788971, 2.30826153711e-05, -0.00113952357788, 0.0031724225264, -0.00764349848032, 0.0197694394737, -0.00812516827136, 0.00344013585709, 0.000683367543388], [0.00145738373976, -0.00460968306288, 0.00375204649754, -0.00297854142264, 0.00208308780566, -0.00298430863768, -0.000480396236526, -0.000409983302234, 0.0046475045383, -0.00812516827136, 0.0234597735107, -0.00964776799083, 0.0032998980023], [-0.00123610440642, 0.00449885427952, -0.00317882024683, 0.00252454564907, -0.00258253514767, 0.00433697272092, 0.000397852825699, 0.00132571801078, -0.00235900352709, 0.00344013585709, -0.00964776799083, 0.0232478622347, -0.00814672652632], [0.00116569921374, -0.00215418427251, 0.00319994450547, -0.00277683255263, 0.00175672140904, -0.00370851205662, 0.00281349872239, -0.00169601209927, -0.000553554447833, 0.000683367543388, 0.0032998980023, -0.00814672652632, 0.0222754813731]]
    },
    "melbands": {
        "dmean": [0.000434807909187, 0.000577803235501, 0.00033284255187, 0.000331468007062, 0.000179850976565, 0.000164025710546, 0.000147142447531, 0.000130200816784, 9.85331716947e-05, 8.4469182184e-05, 0.000147456215927, 6.75518022035e-05, 6.92784378771e-05, 5.96650679654e-05, 5.02439324919e-05, 4.44230099674e-05, 6.19590064161e-05, 5.06902615598e-05, 4.4774129492e-05, 3.53279974661e-05, 3.11044022965e-05, 3.23906097037e-05, 2.19485609705e-05, 1.75247387233e-05, 1.64401608345e-05, 1.17317085824e-05, 7.80435311754e-06, 6.81139408698e-06, 5.12825772603e-06, 4.46666217613e-06, 3.79600032829e-06, 3.82878943128e-06, 3.34742685482e-06, 2.90307343676e-06, 2.24914583669e-06, 1.72789327735e-06, 1.1746801647e-06, 8.51058018725e-07, 6.01644558174e-07, 4.03370137292e-07],
        "dmean2": [0.000695817871019, 0.000943843333516, 0.000536647974513, 0.000534840510227, 0.00029087709845, 0.000265541573754, 0.000241093905061, 0.000205418022233, 0.000158322436619, 0.00013468018733, 0.000238854350755, 0.000108416119474, 0.000110027845949, 9.65150175034e-05, 8.05564704933e-05, 7.12113032932e-05, 0.000100625919004, 8.09911070974e-05, 7.22337426851e-05, 5.80649684707e-05, 5.11466532771e-05, 5.20127541677e-05, 3.57208336936e-05, 2.85210317088e-05, 2.66114675469e-05, 1.92205843632e-05, 1.27905504996e-05, 1.10432547444e-05, 8.36623439682e-06, 7.16812792234e-06, 5.84102144785e-06, 5.91002617512e-06, 5.13820350534e-06, 4.42197051598e-06, 3.44954378306e-06, 2.68014014182e-06, 1.8340645056e-06, 1.30352964334e-06, 8.98625387435e-07, 6.0087319298e-07],
        "dvar": [1.01172781797e-06, 1.0901388805e-06, 2.47663194841e-07, 3.34541198299e-07, 7.51095612372e-08, 9.93935103111e-08, 7.63646994528e-08, 5.32358974681e-08, 5.30223474016e-08, 3.41535795201e-08, 9.15614464247e-08, 2.08386197187e-08, 2.02255456827e-08, 1.44080392062e-08, 9.222983266e-09, 8.75322214711e-09, 1.34163844479e-08, 9.6640411229e-09, 6.1679226171e-09, 3.93895227546e-09, 3.45362094478e-09, 4.34848956843e-09, 1.39630107476e-09, 7.9109585549e-10, 5.51571566199e-10, 3.25535015611e-10, 1.63926455743e-10, 1.18823201278e-10, 9.43433525746e-11, 8.13083281259e-11, 9.16531919803e-11, 9.12068615078e-11, 7.48981016097e-11, 4.3968113872e-11, 3.32294226857e-11, 2.05850978624e-11, 1.00865860803e-11, 6.82072020391e-12, 3.81871661029e-12, 1.55996483092e-12],
        "dvar2": [2.53899474956e-06, 2.78501806861e-06, 6.21693516223e-07, 7.95743915205e-07, 1.96445014922e-07, 2.54450355897e-07, 1.9801767337e-07, 1.26483783447e-07, 1.42862134567e-07, 8.3453244315e-08, 2.32742507933e-07, 5.21527532271e-08, 4.97865393356e-08, 3.66303645194e-08, 2.27709868739e-08, 2.07924646389e-08, 3.38614647433e-08, 2.38118449403e-08, 1.53366563893e-08, 1.05193844746e-08, 8.496892967e-09, 1.03515347405e-08, 3.35576766375e-09, 2.03525529763e-09, 1.34341326952e-09, 8.47581949071e-10, 4.23935719862e-10, 2.95728247446e-10, 2.34664065957e-10, 1.83999787629e-10, 1.80595274846e-10, 1.84898166222e-10, 1.52173385004e-10, 8.79893241601e-11, 7.10826397743e-11, 4.61148237652e-11, 2.31075557994e-11, 1.48499355174e-11, 7.91660487165e-12, 3.12582381853e-12],
        "max": [0.0294040199369, 0.037438262254, 0.00822188705206, 0.0112264659256, 0.00605491129681, 0.0068191960454, 0.00635940302163, 0.00569534255192, 0.00891265738755, 0.00750427367166, 0.00670405291021, 0.0036935932003, 0.00299404212274, 0.00182054878678, 0.00252318941057, 0.00262173870578, 0.00309081492014, 0.00198120996356, 0.00162845337763, 0.00111060030758, 0.00168295658659, 0.0018350466853, 0.00102919829078, 0.000495205575135, 0.000715684262104, 0.000369043264072, 0.000279248051811, 0.000183893862413, 0.000212114522583, 0.000232520498685, 0.000254914775724, 0.000258953979937, 0.00027318613138, 0.00017696490977, 0.000259258435108, 0.000226110496442, 8.54934260133e-05, 0.000133947774884, 7.84097137512e-05, 4.9889767979e-05],
        "mean": [0.000867584953085, 0.00129246525466, 0.000763138872571, 0.00066459341906, 0.00036604035995, 0.000305917405058, 0.000260312837781, 0.000248097145231, 0.000173893960891, 0.000149855579366, 0.000254389306065, 0.000115083668788, 0.000122847675811, 0.000106592095108, 9.28113076952e-05, 7.90294943727e-05, 0.000108369989903, 9.11380848265e-05, 8.35898827063e-05, 6.58942590235e-05, 6.21208746452e-05, 6.46752960165e-05, 4.56056041003e-05, 3.54715593858e-05, 3.43444080499e-05, 2.45891333179e-05, 1.63325876201e-05, 1.35823465826e-05, 9.72857196757e-06, 8.38374853629e-06, 7.37689651942e-06, 7.27083852325e-06, 6.49975299893e-06, 5.92675405642e-06, 4.49827712146e-06, 3.28044075104e-06, 2.1378382371e-06, 1.57610145379e-06, 1.08206290861e-06, 6.86189309818e-07],
        "median": [0.000426863640314, 0.000934531679377, 0.000547077157535, 0.000445764802862, 0.000231172874919, 0.000161972217029, 0.000140562086017, 0.000112301146146, 7.38492308301e-05, 6.34532916592e-05, 8.61371372594e-05, 4.49026629212e-05, 3.92842048313e-05, 3.69345907529e-05, 3.09517999995e-05, 2.80372478301e-05, 4.86657154397e-05, 3.7514797441e-05, 3.60021367669e-05, 2.70955988526e-05, 2.56894072663e-05, 2.77964954876e-05, 2.58737636614e-05, 2.38021475525e-05, 2.35622719629e-05, 1.57868635142e-05, 1.027815415e-05, 8.22819492896e-06, 5.57003613721e-06, 4.49891831522e-06, 3.38235577146e-06, 3.40029146173e-06, 3.09674896926e-06, 3.07031632474e-06, 2.2664125936e-06, 1.50243295138e-06, 8.47155320116e-07, 5.68526900224e-07, 3.52133014303e-07, 1.90586348481e-07],
        "min": [3.859122586e-25, 4.19777934002e-25, 8.89480310897e-25, 4.87646941033e-25, 7.84627236654e-25, 7.13159248958e-25, 1.29375357824e-24, 8.65634722062e-25, 1.53408054605e-24, 1.78030030483e-24, 1.37668041153e-24, 1.30870407011e-24, 1.49108042836e-24, 1.73588171662e-24, 1.97508643119e-24, 2.52470534816e-24, 1.86979341908e-24, 2.21617770661e-24, 1.45460951517e-24, 1.38256186262e-24, 2.94688753299e-24, 2.921024531e-24, 3.22894632737e-24, 3.40000154556e-24, 2.48320692581e-24, 3.47684488076e-24, 3.4561282101e-24, 3.10540854025e-24, 4.04876627604e-24, 3.96156756372e-24, 3.49669893203e-24, 4.42654505823e-24, 4.40067042054e-24, 3.9557063272e-24, 3.66991464301e-24, 5.2467860614e-24, 4.94862503822e-24, 5.14726179187e-24, 5.14313013288e-24, 5.28580627721e-24],
        "var": [1.76770834059e-06, 2.30710497817e-06, 6.60267005514e-07, 6.74888440244e-07, 2.05729946856e-07, 2.26174677209e-07, 1.46896226738e-07, 1.55691282089e-07, 1.31741330733e-07, 7.2083082614e-08, 2.5483896593e-07, 4.65232474767e-08, 5.34019974907e-08, 3.29445661862e-08, 2.33445067721e-08, 2.27721894674e-08, 3.35314496169e-08, 2.2994635529e-08, 1.69195075728e-08, 9.09031516727e-09, 1.02064250385e-08, 1.28438566449e-08, 4.33667146638e-09, 1.71340241994e-09, 1.49559620244e-09, 8.56005544225e-10, 4.17242018713e-10, 2.95082652757e-10, 1.93919991176e-10, 1.85079451764e-10, 2.54383292209e-10, 2.43009751211e-10, 1.88499826859e-10, 1.19908416529e-10, 7.34863211949e-11, 4.33773225672e-11, 2.31957335284e-11, 1.53505003847e-11, 8.75773151915e-12, 3.48440633985e-12]
    },
    "mfcc": {
        "mean": [-643.97088623, 90.7229003906, -13.6074533463, 23.1804828644, 2.88985991478, 7.31508970261, -5.58919382095, 7.13108921051, -3.66354966164, 3.91522789001, -0.536220312119, -1.83823621273, -2.50289487839],
        "cov": [[28128.8105469, 4580.26953125, -687.842163086, 1270.52062988, 108.487350464, 380.506347656, -255.671325684, 417.858612061, -228.505187988, 211.780075073, -39.5230751038, -108.988922119, -123.47833252], [4580.26953125, 1624.77148438, -10.4707183838, 412.462402344, 63.7098999023, 57.9938926697, -27.2335472107, 108.236526489, -79.6078796387, 62.0788536072, 26.2280540466, -50.964050293, -55.3024597168], [-687.842163086, -10.4707183838, 509.344360352, 157.966278076, 39.1466293335, -0.436561912298, -17.0319976807, -15.6854839325, 5.49074077606, -32.3808937073, 5.04366111755, -1.14037704468, -8.81987285614], [1270.52062988, 412.462402344, 157.966278076, 380.431610107, 114.095756531, 0.335743397474, -101.892936707, 38.7551841736, 1.84222638607, 5.98561000824, -6.98756837845, 0.107868812978, 6.43041658401], [108.487350464, 63.7098999023, 39.1466293335, 114.095756531, 157.548492432, -7.98834228516, -71.1439361572, 5.57976150513, 26.5426101685, -2.09817695618, -8.88284778595, 10.1730651855, 18.8008174896], [380.506347656, 57.9938926697, -0.436561912298, 0.335743397474, -7.98834228516, 122.065223694, 75.0438995361, 9.27694034576, -10.2491197586, 17.6655464172, 9.26080036163, -4.08323574066, -5.76484584808], [-255.671325684, -27.2335472107, -17.0319976807, -101.892936707, -71.1439361572, 75.0438995361, 216.473800659, 19.6329269409, -33.0754051208, 23.5870914459, 14.9316205978, -16.2628135681, -15.8923034668], [417.858612061, 108.236526489, -15.6854839325, 38.7551841736, 5.57976150513, 9.27694034576, 19.6329269409, 86.7410125732, 11.7375621796, 8.22612857819, -0.755896508694, -6.63829135895, -5.22409677505], [-228.505187988, -79.6078796387, 5.49074077606, 1.84222638607, 26.5426101685, -10.2491197586, -33.0754051208, 11.7375621796, 91.7335662842, 23.0613327026, 0.353790104389, 3.25203061104, -0.360035300255], [211.780075073, 62.0788536072, -32.3808937073, 5.98561000824, -2.09817695618, 17.6655464172, 23.5870914459, 8.22612857819, 23.0613327026, 87.2334060669, 27.7964725494, -6.64892292023, -13.7131996155], [-39.5230751038, 26.2280540466, 5.04366111755, -6.98756837845, -8.88284778595, 9.26080036163, 14.9316205978, -0.755896508694, 0.353790104389, 27.7964725494, 69.7110366821, 13.9096632004, -6.48867368698], [-108.988922119, -50.964050293, -1.14037704468, 0.107868812978, 10.1730651855, -4.08323574066, -16.2628135681, -6.63829135895, 3.25203061104, -6.64892292023, 13.9096632004, 62.3310317993, 27.1863861084], [-123.47833252, -55.3024597168, -8.81987285614, 6.43041658401, 18.8008174896, -5.76484584808, -15.8923034668, -5.22409677505, -0.360035300255, -13.7131996155, -6.48867368698, 27.1863861084, 66.8129959106]],
