{
"lowlevel": {
    "average_loudness": 0.894294977188,
    "barkbands_crest": {
        "dmean": 2.00215673447,
        "dmean2": 3.2203938961,
        "dvar": 3.86202263832,
        "dvar2": 9.68661022186,
        "max": 25.0210056305,
        "mean": 8.46444416046,
        "median": 7.47222614288,
        "min": 2.20655894279,
        "var": 12.6962547302
    },
    "barkbands_flatness_db": {
        "dmean": 0.0150777995586,
        "dmean2": 0.0234649088234,
        "dvar": 0.000210778598557,
        "dvar2": 0.000484213145683,
        "max": 0.320845752954,
        "mean": 0.124717012048,
        "median": 0.116291448474,
        "min": 0.0317370854318,
        "var": 0.00214761821553
    },
    "barkbands_kurtosis": {
        "dmean": 1.67585146427,
        "dmean2": 2.67545604706,
        "dvar": 6.83873176575,
        "dvar2": 16.9636611938,
        "max": 45.4698181152,
        "mean": 2.90290594101,
        "median": 1.70749473572,
        "min": -1.90492963791,
        "var": 22.521692276
    },
    "barkbands_skewness": {
        "dmean": 0.397050112486,
        "dmean2": 0.612056076527,
        "dvar": 0.195753470063,
        "dvar2": 0.41984808445,
        "max": 5.83714818954,
        "mean": 0.893455803394,
        "median": 1.01898169518,
        "min": -3.85244226456,
        "var": 1.96794617176
    },
    "barkbands_spread": {
        "dmean": 5.25320482254,
        "dmean2": 8.12093734741,
        "dvar": 44.7644767761,
        "dvar2": 101.808624268,
        "max": 91.6996765137,
        "mean": 24.7066001892,
        "median": 22.7882156372,
        "min": 1.0553381443,
        "var": 213.246032715
    },
    "dissonance": {
        "dmean": 0.0150142461061,
        "dmean2": 0.0251938011497,
        "dvar": 0.000263697322225,
        "dvar2": 0.00069410179276,
        "max": 0.5,
        "mean": 0.466590851545,
        "median": 0.474851667881,
        "min": 0.28397539258,
        "var": 0.000914795673452
    },
    "dynamic_complexity": 1.93659555912,
    "erbbands_crest": {
        "dmean": 2.23728179932,
        "dmean2": 3.61836671829,
        "dvar": 5.50346851349,
        "dvar2": 13.6983642578,
        "max": 28.5696754456,
        "mean": 8.39023780823,
        "median": 7.42826461792,
        "min": 2.42804765701,
        "var": 18.7490978241
    },
    "erbbands_flatness_db": {
        "dmean": 0.0143958786502,
        "dmean2": 0.0207541361451,
        "dvar": 0.000196691253223,
        "dvar2": 0.000374301016564,
        "max": 0.321549355984,
        "mean": 0.159594088793,
        "median": 0.156778335571,
        "min": 0.057243168354,
        "var": 0.0023831971921
    },
    "erbbands_kurtosis": {
        "dmean": 0.785000383854,
        "dmean2": 1.2167519331,
        "dvar": 1.52519929409,
        "dvar2": 3.0356490612,
        "max": 25.5520343781,
        "mean": 0.363149285316,
        "median": -0.182848453522,
        "min": -1.82096707821,
        "var": 4.67379903793
    },
    "erbbands_skewness": {
        "dmean": 0.321958035231,
        "dmean2": 0.48563092947,
        "dvar": 0.11992624402,
        "dvar2": 0.235366418958,
        "max": 4.26209831238,
        "mean": 0.19492970407,
        "median": 0.189616501331,
        "min": -4.15273284912,
        "var": 0.795897185802
    },
    "erbbands_spread": {
        "dmean": 6.92570066452,
        "dmean2": 10.5897493362,
        "dvar": 63.1138458252,
        "dvar2": 139.705093384,
        "max": 140.110412598,
        "mean": 39.3554649353,
        "median": 36.9299583435,
        "min": 4.24019002914,
        "var": 324.68572998
    },
    "hfc": {
        "dmean": 8.67248249054,
        "dmean2": 12.2877197266,
        "dvar": 429.832885742,
        "dvar2": 723.608276367,
        "max": 494.944854736,
        "mean": 29.0598602295,
        "median": 20.7637863159,
        "min": 1.04480812595e-16,
        "var": 1466.99951172
    },
    "melbands_crest": {
        "dmean": 2.55654621124,
        "dmean2": 4.15112352371,
        "dvar": 6.93019723892,
        "dvar2": 17.9224433899,
        "max": 31.6222496033,
        "mean": 10.8525362015,
        "median": 10.3864974976,
        "min": 1.54327356815,
        "var": 29.6434268951
    },
    "melbands_flatness_db": {
        "dmean": 0.0182757396251,
        "dmean2": 0.0276610590518,
        "dvar": 0.000407500949223,
        "dvar2": 0.000892838463187,
        "max": 0.420527875423,
        "mean": 0.152571186423,
        "median": 0.15154761076,
        "min": 0.00243287323974,
        "var": 0.0067642936483
    },
    "melbands_kurtosis": {
        "dmean": 3.76865744591,
        "dmean2": 6.013276577,
        "dvar": 46.408908844,
        "dvar2": 116.509963989,
        "max": 140.832443237,
        "mean": 8.322514534,
        "median": 4.91694116592,
        "min": -1.86684155464,
        "var": 140.342071533
    },
    "melbands_skewness": {
        "dmean": 0.485464453697,
        "dmean2": 0.756110906601,
        "dvar": 0.327222883701,
        "dvar2": 0.753984928131,
        "max": 10.8497676849,
        "mean": 1.95797491074,
        "median": 1.88857960701,
        "min": -1.51014411449,
        "var": 2.14704418182
    },
    "melbands_spread": {
        "dmean": 8.56590366364,
        "dmean2": 13.1575479507,
        "dvar": 181.52041626,
        "dvar2": 326.491699219,
        "max": 214.187362671,
        "mean": 40.8803443909,
        "median": 26.9000854492,
        "min": 1.7692617178,
        "var": 1667.0513916
    },
    "pitch_salience": {
        "dmean": 0.0554519072175,
        "dmean2": 0.0899771377444,
        "dvar": 0.00299844099209,
        "dvar2": 0.00760674150661,
        "max": 0.920761406422,
        "mean": 0.6250872612,
        "median": 0.62397146225,
        "min": 0.1455296278,
        "var": 0.0144079308957
    },
    "silence_rate_20dB": {
        "dmean": 0,
        "dmean2": 0,
        "dvar": 0,
        "dvar2": 0,
        "max": 1,
        "mean": 1,
        "median": 1,
        "min": 1,
        "var": 0
    },
    "silence_rate_30dB": {
        "dmean": 0.000654022209346,
        "dmean2": 0.00130818702746,
        "dvar": 0.000653623428661,
        "dvar2": 0.00152462173719,
        "max": 1,
        "mean": 0.999455034733,
        "median": 1,
        "min": 0,
        "var": 0.000544699549209
    },
    "silence_rate_60dB": {
        "dmean": 0.00283409631811,
        "dmean2": 0.00566881056875,
        "dvar": 0.00282571860589,
        "dvar2": 0.00672561349347,
        "max": 1,
        "mean": 0.123814716935,
        "median": 0,
        "min": 0,
        "var": 0.108475588262
    },
    "spectral_centroid": {
        "dmean": 266.364807129,
        "dmean2": 411.343200684,
        "dvar": 116574.734375,
        "dvar2": 236469.9375,
        "max": 11968.6035156,
        "mean": 2582.71801758,
        "median": 1671.41699219,
        "min": 178.890777588,
        "var": 8915634
    },
    "spectral_complexity": {
        "dmean": 3.32483100891,
        "dmean2": 5.16951942444,
        "dvar": 14.8389043808,
        "dvar2": 32.2935180664,
        "max": 57,
        "mean": 20.5707893372,
        "median": 20,
        "min": 0,
        "var": 139.875366211
    },
    "spectral_decrease": {
        "dmean": 1.21606391623e-09,
        "dmean2": 1.89726501176e-09,
        "dvar": 2.70413200459e-18,
        "dvar2": 6.1874900665e-18,
        "max": 2.59444670962e-28,
        "mean": -5.59343149575e-09,
        "median": -5.8571796302e-09,
        "min": -3.65673678004e-08,
        "var": 1.19467156427e-17
    },
    "spectral_energy": {
        "dmean": 0.00508679449558,
        "dmean2": 0.00785216037184,
        "dvar": 4.65042612632e-05,
        "dvar2": 0.000102453275758,
        "max": 0.140582159162,
        "mean": 0.0237467288971,
        "median": 0.024716457352,
        "min": 9.87792511102e-21,
        "var": 0.000216244428884
    },
    "spectral_energyband_high": {
        "dmean": 0.000979171018116,
        "dmean2": 0.00136568723246,
        "dvar": 8.98623511603e-06,
        "dvar2": 1.41905120472e-05,
        "max": 0.074357047677,
        "mean": 0.00223434739746,
        "median": 0.000652060378343,
        "min": 6.82394197774e-21,
        "var": 2.91393371299e-05
    },
    "spectral_energyband_low": {
        "dmean": 0.00186007516459,
        "dmean2": 0.00307009206153,
        "dvar": 2.69840074907e-05,
        "dvar2": 6.98164003552e-05,
        "max": 0.123332977295,
        "mean": 0.00432720640674,
        "median": 0.00197515799664,
        "min": 9.84376215162e-24,
        "var": 5.0278758863e-05
    },
    "spectral_energyband_middle_high": {
        "dmean": 0.00148975290358,
        "dmean2": 0.0023195380345,
        "dvar": 4.18961781179e-06,
        "dvar2": 1.02089634311e-05,
        "max": 0.0336915962398,
        "mean": 0.00516065023839,
        "median": 0.00374601176009,
        "min": 1.01590885672e-21,
        "var": 2.43638824031e-05
    },
    "spectral_energyband_middle_low": {
        "dmean": 0.00360997673124,
        "dmean2": 0.00561144528911,
        "dvar": 2.09449699469e-05,
        "dvar2": 4.86651770188e-05,
        "max": 0.0659280046821,
        "mean": 0.0128340516239,
        "median": 0.0120139168575,
        "min": 1.29693541714e-22,
        "var": 9.25874337554e-05
    },
    "spectral_entropy": {
        "dmean": 0.117358207703,
        "dmean2": 0.171826213598,
        "dvar": 0.01718390733,
        "dvar2": 0.033752925694,
        "max": 9.82833480835,
        "mean": 7.83854293823,
        "median": 7.75115633011,
        "min": 5.48238658905,
        "var": 0.660453259945
    },
    "spectral_flux": {
        "dmean": 0.0167579408735,
        "dmean2": 0.0266810301691,
        "dvar": 0.000379505043384,
        "dvar2": 0.000860122963786,
        "max": 0.282125174999,
        "mean": 0.0737446919084,
        "median": 0.0739761143923,
        "min": 6.28949739512e-11,
        "var": 0.00181935343426
    },
    "spectral_kurtosis": {
        "dmean": 1.30248653889,
        "dmean2": 2.22640657425,
        "dvar": 4.58207035065,
        "dvar2": 13.8166913986,
        "max": 54.021648407,
        "mean": 3.69972753525,
        "median": 2.64166879654,
        "min": -1.27845561504,
        "var": 27.4396820068
    },
    "spectral_rms": {
        "dmean": 0.000480997696286,
        "dmean2": 0.00073643430369,
        "dvar": 3.32152239935e-07,
        "dvar2": 7.01971032413e-07,
        "max": 0.0117112481967,
        "mean": 0.00439619785175,
        "median": 0.00491056172177,
        "min": 3.10435184503e-12,
        "var": 3.84103759643e-06
    },
    "spectral_rolloff": {
        "dmean": 551.868835449,
        "dmean2": 906.509765625,
        "dvar": 852074.625,
        "dvar2": 1814750,
        "max": 19789.0136719,
        "mean": 3800.29736328,
        "median": 1894.921875,
        "min": 107.666015625,
        "var": 28803800
    },
    "spectral_skewness": {
        "dmean": 0.187611564994,
        "dmean2": 0.299432963133,
        "dvar": 0.044254783541,
        "dvar2": 0.110449649394,
        "max": 6.05828952789,
        "mean": 1.2442663908,
        "median": 1.2281075716,
        "min": -0.147966057062,
        "var": 0.620948314667
    },
    "spectral_spread": {
        "dmean": 540383.8125,
        "dmean2": 788267.9375,
        "dvar": 582484623360,
        "dvar2": 1.25691874509e+12,
        "max": 45629584,
        "mean": 8261380.5,
        "median": 4526325,
        "min": 1401539.375,
        "var": 1.2348133317e+14
    },
    "spectral_strongpeak": {
        "dmean": 0.565926969051,
        "dmean2": 0.969152748585,
        "dvar": 1.12511014938,
        "dvar2": 3.08935618401,
        "max": 20.0409259796,
        "mean": 1.12898862362,
        "median": 0.736945986748,
        "min": 0,
        "var": 1.646895051
    },
    "zerocrossingrate": {
        "dmean": 0.011552317068,
        "dmean2": 0.0138619067147,
        "dvar": 0.000240708657657,
        "dvar2": 0.000270009273663,
        "max": 0.83251953125,
        "mean": 0.120647780597,
        "median": 0.07373046875,
        "min": 0.00732421875,
        "var": 0.0188356861472
    },
    "barkbands": {
        "dmean": [6.25693355687e-05, 0.000877659476828, 0.000997314695269, 0.000915752316359, 0.00149758346379, 0.0011843474349, 0.00141144450754, 0.000751701823901, 0.000651706184726, 0.000335170479957, 0.000248499010922, 0.0003949200036, 0.000285261427052, 0.000295811158139, 0.000289395160507, 0.000293870456517, 0.000258701504208, 0.000188949721633, 0.000192160412553, 0.000288380659185, 0.000263862719294, 0.000298083934467, 0.000270311633358, 0.000114830851089, 6.16570396232e-05, 5.4609055951e-05, 1.86308977135e-08],
        "dmean2": [0.000108880689368, 0.00145979342051, 0.00169886799995, 0.00151866232045, 0.00240336055867, 0.00181005720515, 0.00219847890548, 0.00113773497287, 0.000988338608295, 0.000515291409101, 0.000384347746149, 0.000631149916444, 0.000458993279608, 0.000481043185573, 0.000470923667308, 0.000481677678181, 0.000414654379711, 0.000300339306705, 0.000308756803861, 0.000438703747932, 0.000396625691792, 0.000430820276961, 0.000386828789487, 0.000165539240697, 8.82980821189e-05, 8.27524199849e-05, 3.31769385298e-08],
        "dvar": [9.32833099654e-09, 6.90774641043e-06, 1.12869684017e-05, 2.93769062409e-06, 6.07767333349e-06, 5.24407096236e-06, 7.46110345062e-06, 2.70422515314e-06, 2.40146209762e-06, 7.14702025562e-07, 2.94529257872e-07, 9.30413989408e-07, 3.53846331791e-07, 5.84007466387e-07, 3.47579970139e-07, 3.60118917797e-07, 2.61958859937e-07, 1.58791266358e-07, 1.7248714812e-07, 3.74493708932e-07, 4.89046442453e-07, 1.3139448356e-06, 1.31865465391e-06, 1.54471649694e-07, 3.2233383962e-08, 6.51165592558e-08, 1.73086354684e-14],
        "dvar2": [2.66930797466e-08, 1.78814480023e-05, 3.12820666295e-05, 7.77520199335e-06, 1.49037814481e-05, 1.14876829684e-05, 1.71683386725e-05, 5.78645403948e-06, 5.57238308829e-06, 1.61478044447e-06, 6.37804589587e-07, 2.24963969231e-06, 8.91726188001e-07, 1.45425190112e-06, 8.6780755737e-07, 9.46498801113e-07, 6.39229767785e-07, 3.95159361233e-07, 4.16539023718e-07, 7.90076285284e-07, 9.82133542493e-07, 2.38878260461e-06, 2.28876228903e-06, 2.97063451171e-07, 7.44030117517e-08, 1.63222523497e-07, 4.45960847732e-14],
        "max": [0.00211200676858, 0.0584588199854, 0.0879814624786, 0.0246413499117, 0.0463513322175, 0.0574167482555, 0.051973041147, 0.0319679826498, 0.0290395356715, 0.0248351600021, 0.0107094421983, 0.0248227640986, 0.0158559270203, 0.028194418177, 0.0144097441807, 0.00990276411176, 0.0124531751499, 0.0124358944595, 0.010341046378, 0.0163313262165, 0.0172521639615, 0.0288084838539, 0.0286582726985, 0.0110343173146, 0.00405173795298, 0.00806767959148, 4.17210139858e-06],
        "mean": [8.45084432513e-05, 0.0017972845817, 0.00173702079337, 0.00158731034026, 0.00315052946098, 0.00251810718328, 0.00273543945514, 0.00133274693508, 0.00128571630921, 0.000653944443911, 0.000404465245083, 0.000694767280947, 0.000482849252876, 0.000490102393087, 0.000509955221787, 0.000524932926055, 0.000499225687236, 0.000371390837245, 0.000360063131666, 0.000612009316683, 0.000521274865605, 0.000548539042939, 0.000466187717393, 0.000200801208848, 0.000108938278572, 6.85985141899e-05, 1.41067157955e-08],
        "median": [5.57606981602e-05, 0.000585953996051, 0.000490618404001, 0.000699696945958, 0.00192519510165, 0.00116413552314, 0.00107406498864, 0.000457740941783, 0.00041073691682, 0.000209984311368, 0.000142956560012, 0.000220397283556, 0.000172636777279, 0.000166201280081, 0.000198530513444, 0.000195558022824, 0.000233551370911, 0.000192148028873, 0.000158553739311, 0.000216291489778, 0.000194175983779, 0.000105571336462, 5.85332236369e-05, 3.44907348335e-05, 1.52775573952e-05, 4.90105730933e-06, 9.32961485844e-10],
        "min": [2.2129239512e-25, 8.82070934845e-25, 2.4256494155e-25, 1.21443077925e-25, 3.2765203592e-24, 1.67724864376e-24, 2.56963709039e-24, 1.46014367024e-24, 1.10969576297e-23, 9.74065329814e-24, 1.09061716198e-23, 1.55870111184e-23, 1.67841201638e-23, 2.46671346145e-23, 3.24793409103e-23, 3.77733959116e-23, 4.36616430348e-23, 5.97994747025e-23, 1.03600225469e-22, 1.45345135297e-22, 1.86783834566e-22, 2.55741081921e-22, 3.30262916236e-22, 4.97100712047e-22, 8.12151714214e-22, 1.1842783806e-21, 1.80567065372e-21],
        "var": [1.04087831687e-08, 1.24942298498e-05, 1.40293786899e-05, 5.44561498828e-06, 1.56173900905e-05, 1.63957556651e-05, 2.07730281545e-05, 6.35166315988e-06, 6.5956655817e-06, 2.41236307374e-06, 6.56234931284e-07, 2.26691759053e-06, 8.75452769833e-07, 1.22730682506e-06, 7.56798783641e-07, 7.6176291941e-07, 6.68153234074e-07, 3.30953156435e-07, 3.37013716489e-07, 1.31164745198e-06, 1.21231516914e-06, 3.43425040228e-06, 3.26187887367e-06, 3.52723333208e-07, 8.14329297327e-08, 6.55743832567e-08, 1.49085659183e-14]
    },
    "erbbands": {
        "dmean": [0.0147557510063, 0.243332892656, 1.01437246799, 1.99620783329, 4.45464658737, 5.69400978088, 5.48333072662, 10.9362468719, 18.0724143982, 21.5132350922, 13.9000597, 12.9079885483, 13.1583299637, 9.39285755157, 9.85734272003, 16.3202953339, 13.5804166794, 11.2361154556, 15.4323339462, 15.0391302109, 15.503704071, 13.3447313309, 10.5832204819, 8.03234958649, 11.3300113678, 12.9078960419, 11.7303447723, 9.59436130524, 10.8376083374, 9.0484380722, 7.85857009888, 3.84556865692, 1.35183608532, 0.66498285532, 0.494833558798, 0.349519401789, 0.0739103257656, 0.00415863189846, 9.23894331208e-05, 1.19089745567e-05],
        "dmean2": [0.0240611322224, 0.407767891884, 1.74331653118, 3.27997851372, 7.28890657425, 9.22211265564, 8.55680465698, 16.6753826141, 28.2762145996, 33.0162467957, 20.6105861664, 19.3373394012, 20.1796264648, 14.6840791702, 15.2848682404, 26.0964756012, 21.7433815002, 18.2786560059, 24.7997684479, 24.4252567291, 25.2456150055, 21.2355613708, 16.9195213318, 12.7101078033, 17.9844398499, 19.5604610443, 17.5305614471, 14.2535219193, 15.8265953064, 12.9222230911, 11.4094524384, 5.50537204742, 1.94253492355, 0.955296814442, 0.722476005554, 0.540744304657, 0.108668707311, 0.0060234782286, 0.00013275485253, 1.71502015291e-05],
        "dvar": [0.00184724282008, 0.560332715511, 12.072010994, 17.3365364075, 66.5499420166, 109.80355072, 112.362449646, 502.847625732, 1345.48059082, 2319.04785156, 1051.81835938, 915.401977539, 1310.23950195, 552.785705566, 371.104370117, 1810.20690918, 822.17980957, 646.290161133, 1324.20800781, 912.883300781, 1086.96496582, 705.01373291, 424.627685547, 304.275634766, 564.909301758, 837.055358887, 715.808227539, 980.548095703, 1688.32128906, 1585.18762207, 1174.03808594, 224.009841919, 16.1121311188, 2.95533180237, 3.03327560425, 3.22736978531, 0.0779524818063, 0.000186269535334, 9.30669656896e-08, 6.91389778762e-10],
        "dvar2": [0.00416407501325, 1.48509168625, 33.9594078064, 44.4005622864, 170.841842651, 270.949951172, 255.678833008, 1105.78845215, 3141.57202148, 5212.2265625, 2128.93945312, 1957.21704102, 3266.25512695, 1296.3515625, 810.335876465, 4365.63818359, 2077.97851562, 1636.42175293, 3285.14331055, 2315.62939453, 2860.33276367, 1726.92712402, 1052.41467285, 721.623718262, 1301.92102051, 1749.62866211, 1461.13696289, 1913.58032227, 3270.83129883, 2740.81176758, 2142.68237305, 424.007019043, 32.0371055603, 6.38749074936, 7.43276977539, 8.26473712921, 0.182699084282, 0.000405655911891, 2.08583870176e-07, 1.5306582668e-09],
        "max": [1.24770784378, 16.9430732727, 86.1024856567, 86.1974334717, 151.708786011, 260.606994629, 290.456420898, 605.434631348, 613.733825684, 1099.31030273, 799.02746582, 706.03717041, 833.071533203, 613.130187988, 377.043029785, 1225.39013672, 839.428466797, 794.515075684, 1233.72314453, 658.015014648, 623.780578613, 643.273986816, 558.206848145, 493.469329834, 441.986419678, 828.740356445, 628.260925293, 961.766479492, 1298.6217041, 958.884094238, 971.657226562, 497.83114624, 114.6953125, 47.0373497009, 48.3621711731, 59.9799804688, 7.27375173569, 0.30462577939, 0.00661458866671, 0.000668489898089],
        "mean": [0.0272807851434, 0.49441114068, 1.88755023479, 3.89263105392, 8.21026515961, 11.1554670334, 12.2299947739, 22.8191642761, 34.6087799072, 42.3443908691, 27.0760650635, 25.8134250641, 27.9331111908, 19.4167499542, 18.614648819, 30.1746349335, 24.9565486908, 20.1922740936, 28.3797283173, 27.6389160156, 29.8821220398, 27.7690505981, 22.6460056305, 16.8666858673, 22.3534202576, 28.2234230042, 25.0058288574, 18.4014263153, 19.9006938934, 16.0347080231, 13.140789032, 6.32841348648, 2.47948098183, 1.24178314209, 0.7922565341, 0.440581470728, 0.0952888727188, 0.00503918575123, 0.000133454232127, 3.97845687985e-05],
        "median": [0.0103448219597, 0.155795410275, 0.610088706017, 2.03603339195, 4.5068397522, 6.09059619904, 6.77277612686, 9.61145782471, 14.1112575531, 15.9319343567, 10.5265645981, 9.73360824585, 9.50365829468, 6.91282701492, 8.51980018616, 10.4933719635, 10.2207117081, 9.0002746582, 10.4773349762, 11.977473259, 12.0335531235, 14.6541614532, 12.2447242737, 8.48115062714, 10.2925395966, 10.3226633072, 8.84877681732, 6.192507267, 3.96079277992, 2.42394351959, 1.53621518612, 0.922657668591, 0.45622164011, 0.193603172898, 0.0970435291529, 0.0375696495175, 0.00607980042696, 0.000178257367224, 2.36461401073e-05, 3.32546696882e-05],
        "min": [2.56364001202e-23, 3.12578876173e-22, 4.52287606614e-22, 7.61738428417e-22, 3.55482564611e-21, 1.45664308672e-20, 3.80410993308e-20, 1.81600701864e-20, 5.34443009358e-20, 5.64599881916e-20, 1.68772904478e-19, 1.91394239205e-19, 3.39174760227e-19, 5.88862691945e-19, 7.67609546379e-19, 8.07708780934e-19, 1.00909107094e-18, 1.32512348898e-18, 1.7407170199e-18, 2.15416360355e-18, 2.92859842395e-18, 3.47458746587e-18, 4.4557713241e-18, 4.26508303185e-18, 6.01980525349e-18, 6.18757485251e-18, 7.80452600723e-18, 7.99691250128e-18, 7.76983653389e-18, 9.20461604795e-18, 9.40575907596e-18, 7.91257895629e-18, 7.81149665826e-18, 6.855939269e-18, 5.66493484454e-18, 4.12536188663e-18, 1.93177671625e-18, 8.58196163211e-19, 2.15919485207e-19, 2.41323901416e-20],
        "var": [0.00319104455411, 0.958870351315, 15.3827877045, 30.3314685822, 131.436141968, 273.897857666, 332.244506836, 1490.60632324, 3648.68603516, 5971.54882812, 2652.0246582, 2486.26000977, 3868.06982422, 2097.99365234, 914.73425293, 4448.54882812, 2129.58569336, 1193.98791504, 3220.79321289, 1989.81274414, 2503.94506836, 1772.90258789, 1029.47436523, 678.992980957, 1206.28771973, 3029.45556641, 2433.97827148, 2235.73217773, 4167.77392578, 4033.29956055, 2686.54907227, 480.447509766, 41.0344810486, 9.92473602295, 5.13876342773, 3.0509288311, 0.0949548557401, 0.000254481099546, 1.27779102854e-07, 1.56303125998e-09]
    },
    "gfcc": {
        "mean": [-104.299201965, 78.1380615234, -117.236526489, 33.9246063232, -64.3863830566, 7.36075592041, -39.2764587402, 5.09398984909, -22.7514190674, 5.47680807114, -16.1370658875, -1.07277083397, -9.70822620392],
        "cov": [[128374.46875, 8353.8203125, -13857.7480469, 4623.04394531, -7985.16845703, 956.03326416, -4768.50292969, 764.22833252, -2907.39697266, 763.787414551, -2129.390625, -53.7358779907, -1356.81054688], [8353.8203125, 2364.984375, -1003.58306885, 3.60433912277, -384.537841797, -154.106491089, -236.261230469, -83.0880966187, -135.975738525, -45.8636512756, -34.2184829712, -151.943511963, 28.7389564514], [-13857.7480469, -1003.58306885, 2532.21704102, -315.363922119, 815.595153809, -75.3509063721, 433.016021729, -96.5968399048, 219.645462036, -69.4490356445, 181.021438599, 49.7161254883, 8.90690612793], [4623.04394531, 3.60433912277, -315.363922119, 596.463623047, -301.385498047, 45.0596961975, -145.363632202, 10.4729957581, -64.4305343628, 28.1790828705, -86.8852157593, -3.10533118248, -62.9682388306], [-7985.16845703, -384.537841797, 815.595153809, -301.385498047, 747.98449707, -14.1744842529, 327.399291992, 15.0998592377, 171.282867432, -39.5339126587, 132.689849854, -11.9032449722, 111.355537415], [956.03326416, -154.106491089, -75.3509063721, 45.0596961975, -14.1744842529, 192.649765015, -20.7422618866, 43.7207717896, -35.9430198669, 7.51606035233, -8.79138183594, 15.0810489655, -40.9023132324], [-4768.50292969, -236.261230469, 433.016021729, -145.363632202, 327.399291992, -20.7422618866, 347.278076172, 17.478225708, 113.375816345, -32.6290130615, 77.7635421753, -23.8898773193, 56.4700508118], [764.22833252, -83.0880966187, -96.5968399048, 10.4729957581, 15.0998592377, 43.7207717896, 17.478225708, 125.897262573, -17.2665214539, 20.3961830139, -31.8997821808, -3.56819534302, -11.835269928], [-2907.39697266, -135.975738525, 219.645462036, -64.4305343628, 171.282867432, -35.9430198669, 113.375816345, -17.2665214539, 169.060623169, 3.58446383476, 64.6669464111, -15.990527153, 48.1705627441], [763.787414551, -45.8636512756, -69.4490356445, 28.1790828705, -39.5339126587, 7.51606035233, -32.6290130615, 20.3961830139, 3.58446383476, 85.811958313, -1.16412603855, 5.94520711899, -25.1886253357], [-2129.390625, -34.2184829712, 181.021438599, -86.8852157593, 132.689849854, -8.79138183594, 77.7635421753, -31.8997821808, 64.6669464111, -1.16412603855, 115.618789673, 4.8844704628, 30.1345920563], [-53.7358779907, -151.943511963, 49.7161254883, -3.10533118248, -11.9032449722, 15.0810489655, -23.8898773193, -3.56819534302, -15.990527153, 5.94520711899, 4.8844704628, 75.410484314, 1.32057774067], [-1356.81054688, 28.7389564514, 8.90690612793, -62.9682388306, 111.355537415, -40.9023132324, 56.4700508118, -11.835269928, 48.1705627441, -25.1886253357, 30.1345920563, 1.32057774067, 103.025428772]],
        "icov": [[0.000330401817337, -0.000718879629858, 0.000642743601929, -0.000991460052319, 0.000973880523816, -0.000723023607861, 0.00100566528272, -0.0012533221161, 0.00129243521951, -0.00106427783612, 0.00104683730751, -0.000842010544147, 0.00069550180342], [-0.000718879629858, 0.0023098567035, -0.00117561290972, 0.00230447528884, -0.00201444001868, 0.00209831516258, -0.00187705538701, 0.0030428818427, -0.00219921534881, 0.00268592033535, -0.00284179253504, 0.00335995922796, -0.00173976016231], [0.000642743601929, -0.00117561290972, 0.0021771476604, -0.00194381701294, 0.000964604318142, -0.000807588046882, 0.00166229286697, -0.00166473502759, 0.00236936658621, -0.00145305495244, 0.00185323413461, -0.00221964227967, 0.00297410832718], [-0.000991460052319, 0.00230447528884, -0.00194381701294, 0.0052412902005, -0.00209360173903, 0.00175107759424, -0.00284189800732, 0.00390912452713, -0.00418103439733, 0.00296037807129, -0.00229784729891, 0.00310292094946, -0.00205270573497], [0.000973880523816, -0.00201444001868, 0.000964604318142, -0.00209360173903, 0.0069860550575, -0.00307220011018, 0.00169521314092, -0.00498945685104, 0.0032054851763, -0.0033106082119, 0.00200877804309, -0.00123862084001, -0.00112818647176], [-0.000723023607861, 0.00209831516258, -0.000807588046882, 0.00175107759424, -0.00307220011018, 0.00873760506511, -0.00180857104715, 0.000956128234975, -0.00171010976192, 0.00369149353355, -0.00395959382877, 0.00112897378858, 0.00176924548578], [0.00100566528272, -0.00187705538701, 0.00166229286697, -0.00284189800732, 0.00169521314092, -0.00180857104715, 0.00901413243264, -0.00547550059855, 0.00274112191983, -0.00158828985877, 0.00161762547214, -0.000479384383652, 0.00163014465943], [-0.0012533221161, 0.0030428818427, -0.00166473502759, 0.00390912452713, -0.00498945685104, 0.000956128234975, -0.00547550059855, 0.016140177846, -0.00391043443233, 0.00114098552149, -0.000112484362035, 0.00367168104276, -0.00210051401518], [0.00129243521951, -0.00219921534881, 0.00236936658621, -0.00418103439733, 0.0032054851763, -0.00171010976192, 0.00274112191983, -0.00391043443233, 0.0158467683941, -0.00658654235303, 0.000755203247536, 0.000125603139168, -0.000463273259811], [-0.00106427783612, 0.00268592033535, -0.00145305495244, 0.00296037807129, -0.0033106082119, 0.00369149353355, -0.00158828985877, 0.00114098552149, -0.00658654235303, 0.0185070727021, -0.00567758781835, 0.00149225315545, 0.00246098730713], [0.00104683730751, -0.00284179253504, 0.00185323413461, -0.00229784729891, 0.00200877804309, -0.00395959382877, 0.00161762547214, -0.000112484362035, 0.000755203247536, -0.00567758781835, 0.0181122925133, -0.0052702059038, 0.00140035606455], [-0.000842010544147, 0.00335995922796, -0.00221964227967, 0.00310292094946, -0.00123862084001, 0.00112897378858, -0.000479384383652, 0.00367168104276, 0.000125603139168, 0.00149225315545, -0.0052702059038, 0.0209758430719, -0.00588758615777], [0.00069550180342, -0.00173976016231, 0.00297410832718, -0.00205270573497, -0.00112818647176, 0.00176924548578, 0.00163014465943, -0.00210051401518, -0.000463273259811, 0.00246098730713, 0.00140035606455, -0.00588758615777, 0.0191106237471]]
    },
    "melbands": {
        "dmean": [0.000185251919902, 0.000451637926744, 0.000402430043323, 0.000359544530511, 0.000197291607037, 0.000246427807724, 0.000276887993095, 0.000219281500904, 0.000111126886623, 8.49852949614e-05, 6.64529361529e-05, 3.91686044168e-05, 3.45544067386e-05, 4.60485825897e-05, 3.71644891857e-05, 2.52403806371e-05, 2.23709484999e-05, 2.74300746241e-05, 2.2554950192e-05, 1.85452390724e-05, 1.98620818992e-05, 1.44221430673e-05, 1.44270043165e-05, 9.17332545214e-06, 6.77224488754e-06, 8.3078903117e-06, 1.02780459201e-05, 9.14649899642e-06, 8.57009945321e-06, 6.08292157267e-06, 5.954977496e-06, 6.44237388769e-06, 6.34221396467e-06, 5.00408077642e-06, 4.99990528624e-06, 3.98255497203e-06, 1.86302054317e-06, 1.01601278857e-06, 7.39635424907e-07, 5.51528387405e-07],
        "dmean2": [0.000305050722091, 0.000764297496062, 0.000657184107695, 0.000582839536946, 0.000309541559545, 0.00037485541543, 0.00043304960127, 0.000335209537297, 0.000163445423823, 0.000127730061649, 0.000102126716229, 6.14564269199e-05, 5.31440928171e-05, 7.38102462492e-05, 5.92631331529e-05, 4.05803257308e-05, 3.65592386515e-05, 4.43238423031e-05, 3.67413595086e-05, 3.02527787426e-05, 3.25329419866e-05, 2.31050707953e-05, 2.34652070503e-05, 1.45487365444e-05, 1.08279909909e-05, 1.34297606564e-05, 1.59951050591e-05, 1.40096253745e-05, 1.30351400003e-05, 9.2560549092e-06, 8.97726931726e-06, 9.71499594016e-06, 9.21595074033e-06, 7.18007004252e-06, 7.39791948945e-06, 5.75286458115e-06, 2.75531624538e-06, 1.49552181483e-06, 1.09396808057e-06, 8.10117512628e-07],
        "dvar": [2.89270417397e-07, 2.19454727812e-06, 5.40699431895e-07, 3.74789635771e-07, 1.23864552393e-07, 2.38954243059e-07, 2.89449644697e-07, 2.25458180125e-07, 6.78959466427e-08, 4.0088320219e-08, 3.31458203107e-08, 1.072134026e-08, 5.22346388365e-09, 1.39903688634e-08, 6.68454358532e-09, 2.66969024665e-09, 2.96341151618e-09, 5.46876899321e-09, 2.63080002227e-09, 1.60185842368e-09, 1.79314707527e-09, 9.37354749375e-10, 9.28698284941e-10, 4.11188000315e-10, 2.24503998725e-10, 3.33595595592e-10, 4.68652561203e-10, 4.64684235535e-10, 3.80963927071e-10, 3.15959758357e-10, 3.96912919198e-10, 5.79435888159e-10, 7.23294646399e-10, 5.14458919909e-10, 4.93365792664e-10, 2.94162971759e-10, 4.80150849635e-11, 9.62556510192e-12, 3.95873524933e-12, 2.56769280317e-12],
        "dvar2": [7.0002369057e-07, 6.06680077908e-06, 1.38071970923e-06, 9.39095230024e-07, 2.85866690319e-07, 5.24502240751e-07, 6.7292978656e-07, 5.04466754592e-07, 1.34865032919e-07, 8.93561988846e-08, 8.21057355438e-08, 2.50573446436e-08, 1.11494644628e-08, 3.49526700916e-08, 1.57568997849e-08, 6.77968126084e-09, 7.416800063e-09, 1.35312712146e-08, 6.54737641881e-09, 4.1363761305e-09, 4.70739802694e-09, 2.26391105862e-09, 2.38419661791e-09, 1.02247033062e-09, 5.33023514215e-10, 8.23885737411e-10, 1.01424768584e-09, 9.93749416089e-10, 8.12723666144e-10, 6.68033295348e-10, 8.09828037962e-10, 1.23809618113e-09, 1.37399380762e-09, 9.61413393341e-10, 9.43598532643e-10, 5.91333981781e-10, 9.51620102163e-11, 2.01329525967e-11, 8.80400526787e-12, 5.77656499023e-12],
        "max": [0.013506392017, 0.0353580638766, 0.013223843649, 0.0101667875424, 0.00826654676348, 0.012272849679, 0.0092363609001, 0.0115234479308, 0.00639231828973, 0.00406721886247, 0.00402187788859, 0.00268691033125, 0.00148943287786, 0.00357194640674, 0.00169916287996, 0.0013018619502, 0.00183685566299, 0.00282506668009, 0.00160963844974, 0.000669139029924, 0.000768379366491, 0.000784413772635, 0.00100637355354, 0.000736757414415, 0.000386523490306, 0.000449078419479, 0.000522213871591, 0.000716250680853, 0.000543089059647, 0.00050221872516, 0.000706704100594, 0.000890890252776, 0.000762277748436, 0.000582832901273, 0.000671153597068, 0.000491734885145, 0.00022855293355, 8.91137751751e-05, 5.19696732226e-05, 5.22192676726e-05],
        "mean": [0.000381557329092, 0.000907835783437, 0.000809218268842, 0.000717473856639, 0.000448561942903, 0.000516803644132, 0.000543121655937, 0.000426176207839, 0.000207280128961, 0.000167657039128, 0.000137011869811, 7.7631775639e-05, 5.98159676883e-05, 7.97574248281e-05, 6.75295668771e-05, 4.31809130532e-05, 3.66617423424e-05, 4.66674209747e-05, 3.9594793634e-05, 3.22284213325e-05, 3.56119162461e-05, 2.7258431146e-05, 2.69797710644e-05, 1.70806924871e-05, 1.28970086735e-05, 1.46049487739e-05, 1.93114756257e-05, 1.84173186426e-05, 1.7065076463e-05, 1.13435135063e-05, 1.04346463559e-05, 1.13095911729e-05, 1.05876233647e-05, 8.25839924801e-06, 7.94886091171e-06, 6.02553427598e-06, 2.96810299005e-06, 1.75743991804e-06, 1.27655346205e-06, 9.74339400273e-07],
        "median": [0.000141879951116, 0.000314736214932, 0.000450511055533, 0.00043120450573, 0.000258073647274, 0.000220250643906, 0.000227081938647, 0.000156998285092, 7.23831544747e-05, 5.59787877137e-05, 4.29861502198e-05, 2.31591056945e-05, 2.41774923779e-05, 2.45271876338e-05, 2.55831273535e-05, 1.75615368789e-05, 1.43676970765e-05, 1.37656998049e-05, 1.51286139953e-05, 1.25620572362e-05, 1.27281482492e-05, 1.27192397485e-05, 1.19939650176e-05, 8.27653184388e-06, 5.73745364818e-06, 6.29360147286e-06, 6.57139389659e-06, 5.91256866755e-06, 5.48293792235e-06, 3.99913051297e-06, 3.07139043798e-06, 2.25584358304e-06, 1.6016946347e-06, 1.13080409392e-06, 8.4526612909e-07, 6.95114522387e-07, 4.64416302748e-07, 3.20443916735e-07, 2.13857276776e-07, 1.28879932504e-07],
        "min": [3.97283491334e-25, 3.4633698053e-25, 1.78149961992e-25, 4.66698148049e-25, 1.01214285685e-24, 2.68568089613e-25, 5.96279349265e-25, 5.8335834998e-25, 1.82636564017e-24, 1.40252379061e-24, 1.133582767e-24, 1.94966755789e-24, 1.94605082785e-24, 1.96613029612e-24, 1.63630774886e-24, 2.02269458125e-24, 1.80744737516e-24, 1.9681014623e-24, 2.08193054105e-24, 2.71217557849e-24, 2.83891554925e-24, 2.51670846795e-24, 3.24018680641e-24, 2.86466712464e-24, 3.02223992109e-24, 3.61855822036e-24, 3.45529398969e-24, 3.33298268406e-24, 3.92421854974e-24, 4.28133193723e-24, 3.88675554535e-24, 3.458533447e-24, 3.89756925064e-24, 3.82488597341e-24, 4.05965689526e-24, 4.8793314963e-24, 3.82626569114e-24, 5.22334860947e-24, 4.26608246707e-24, 4.77080119625e-24],
        "var": [5.39313361969e-07, 3.15599550049e-06, 1.09070731469e-06, 8.45008514716e-07, 3.89127990275e-07, 7.29398720978e-07, 8.16618694444e-07, 5.77301818794e-07, 1.73803101688e-07, 1.09144380644e-07, 9.85170629519e-08, 4.07868725461e-08, 1.23594627865e-08, 3.27719824611e-08, 1.60522404258e-08, 5.93478333144e-09, 5.13326048335e-09, 1.30176092128e-08, 5.64933433367e-09, 3.07281622369e-09, 4.04972810841e-09, 2.14817319488e-09, 2.0456134564e-09, 8.10021161257e-10, 4.68498462247e-10, 5.96829974331e-10, 1.1865803895e-09, 1.60544644245e-09, 1.35331734707e-09, 6.68885002941e-10, 8.28847601664e-10, 1.25791643768e-09, 1.70481773143e-09, 1.16626996949e-09, 1.06047060022e-09, 5.65640201344e-10, 9.60406823514e-11, 2.2263859159e-11, 9.54518061813e-12, 7.8855767402e-12]
    },
    "mfcc": {
        "mean": [-673.120910645, 99.112739563, -4.19657278061, 22.9232978821, -6.04025316238, 2.81489682198, -8.09160041809, -3.39612054825, -3.24234700203, -0.96884226799, -3.61907529831, 3.30950665474, -0.859338760376],
        "cov": [[28561.7539062, 4021.00244141, -61.9729957581, 1553.28662109, -428.854003906, 186.873779297, -402.519195557, -115.778015137, -145.093215942, 28.8256664276, -165.842880249, 143.309234619, -40.7375793457], [4021.00244141, 2917.13891602, -144.108551025, 190.444778442, -50.0787620544, -57.1932907104, -43.9409751892, -124.985458374, -35.0196418762, -75.4146575928, -53.2477836609, 52.887134552, -39.0035057068], [-61.9729957581, -144.108551025, 845.300170898, 146.49836731, 49.2347335815, 49.9954986572, -35.3843536377, -1.90834212303, -90.7175521851, -52.4267044067, -25.0469665527, 21.9283695221, -2.08613538742], [1553.28662109, 190.444778442, 146.49836731, 411.041625977, -11.0156593323, 32.5392341614, -36.0633583069, -14.4968099594, 13.4599628448, 20.4926528931, -28.3446407318, 13.5043907166, 8.68053245544], [-428.854003906, -50.0787620544, 49.2347335815, -11.0156593323, 228.354385376, 25.1505737305, 30.2119960785, 9.87524223328, 2.44858598709, 15.4246835709, -7.53723859787, -11.1252298355, 10.1314001083], [186.873779297, -57.1932907104, 49.9954986572, 32.5392341614, 25.1505737305, 119.267372131, 11.3712568283, 19.2027664185, -12.9346342087, 4.65759086609, 6.97839832306, 8.86563587189, 4.87617254257], [-402.519195557, -43.9409751892, -35.3843536377, -36.0633583069, 30.2119960785, 11.3712568283, 171.64755249, 53.417640686, 24.3107585907, 22.5825386047, 31.4786968231, -22.9477653503, -5.39392805099], [-115.778015137, -124.985458374, -1.90834212303, -14.4968099594, 9.87524223328, 19.2027664185, 53.417640686, 99.8371047974, 23.0153369904, 9.58465957642, 8.29456710815, -16.0000972748, -0.0160237774253], [-145.093215942, -35.0196418762, -90.7175521851, 13.4599628448, 2.44858598709, -12.9346342087, 24.3107585907, 23.0153369904, 105.57208252, 34.7506027222, 6.81365251541, -9.70886516571, -1.92780721188], [28.8256664276, -75.4146575928, -52.4267044067, 20.4926528931, 15.4246835709, 4.65759086609, 22.5825386047, 9.58465957642, 34.7506027222, 94.1634597778, 36.4587478638, -9.2424287796, 1.11311268806], [-165.842880249, -53.2477836609, -25.0469665527, -28.3446407318, -7.53723859787, 6.97839832306, 31.4786968231, 8.29456710815, 6.81365251541, 36.4587478638, 97.9395523071, 10.3771915436, -3.61020231247], [143.309234619, 52.887134552, 21.9283695221, 13.5043907166, -11.1252298355, 8.86563587189, -22.9477653503, -16.0000972748, -9.70886516571, -9.2424287796, 10.3771915436, 68.3315048218, 17.7698020935], [-40.7375793457, -39.0035057068, -2.08613538742, 8.68053245544, 10.1314001083, 4.87617254257, -5.39392805099, -0.0160237774253, -1.92780721188, 1.11311268806, -3.61020231247, 17.7698020935, 63.4562339783]],
