{
"lowlevel": {
    "average_loudness": 0.90126055479,
    "barkbands_crest": {
        "dmean": 1.99340903759,
        "dmean2": 3.24052786827,
        "dvar": 3.68408823013,
        "dvar2": 9.07653999329,
        "max": 22.9532737732,
        "mean": 8.33074092865,
        "median": 7.5724029541,
        "min": 2.36156368256,
        "var": 11.9356937408
    },
    "barkbands_flatness_db": {
        "dmean": 0.0147061934695,
        "dmean2": 0.0225410889834,
        "dvar": 0.000222254922846,
        "dvar2": 0.000455527886515,
        "max": 0.325599223375,
        "mean": 0.117590256035,
        "median": 0.108276687562,
        "min": 0.0193951241672,
        "var": 0.00192933052313
    },
    "barkbands_kurtosis": {
        "dmean": 1.46900224686,
        "dmean2": 2.31973457336,
        "dvar": 5.90735530853,
        "dvar2": 14.6288442612,
        "max": 78.6048736572,
        "mean": 2.58856105804,
        "median": 1.0163640976,
        "min": -1.88975477219,
        "var": 20.1377849579
    },
    "barkbands_skewness": {
        "dmean": 0.346916377544,
        "dmean2": 0.539745748043,
        "dvar": 0.119829744101,
        "dvar2": 0.276565730572,
        "max": 7.30452537537,
        "mean": 1.05091309547,
        "median": 0.978061258793,
        "min": -2.30101919174,
        "var": 1.06231713295
    },
    "barkbands_spread": {
        "dmean": 4.05423307419,
        "dmean2": 6.23875808716,
        "dvar": 32.0806427002,
        "dvar2": 65.0018615723,
        "max": 106.688430786,
        "mean": 19.9313392639,
        "median": 17.7838191986,
        "min": 1.61889982224,
        "var": 137.780044556
    },
    "dissonance": {
        "dmean": 0.0179803483188,
        "dmean2": 0.030575118959,
        "dvar": 0.00030505048926,
        "dvar2": 0.000840804481413,
        "max": 0.500000119209,
        "mean": 0.466159015894,
        "median": 0.471797645092,
        "min": 0.288385659456,
        "var": 0.000692800909746
    },
    "dynamic_complexity": 2.23902821541,
    "erbbands_crest": {
        "dmean": 2.30728578568,
        "dmean2": 3.76355338097,
        "dvar": 4.7834649086,
        "dvar2": 11.6943502426,
        "max": 27.3048343658,
        "mean": 8.39355564117,
        "median": 7.31701898575,
        "min": 2.22945833206,
        "var": 15.4407615662
    },
    "erbbands_flatness_db": {
        "dmean": 0.012472239323,
        "dmean2": 0.0187977962196,
        "dvar": 0.000137521943543,
        "dvar2": 0.000279358355328,
        "max": 0.277377039194,
        "mean": 0.153749570251,
        "median": 0.153619468212,
        "min": 0.0554178282619,
        "var": 0.00120452069677
    },
    "erbbands_kurtosis": {
        "dmean": 0.73762768507,
        "dmean2": 1.17015194893,
        "dvar": 0.767505526543,
        "dvar2": 1.82021331787,
        "max": 15.9955425262,
        "mean": 0.566149055958,
        "median": 0.266063213348,
        "min": -1.79042518139,
        "var": 2.35606002808
    },
    "erbbands_skewness": {
        "dmean": 0.298657864332,
        "dmean2": 0.470946848392,
        "dvar": 0.0735291987658,
        "dvar2": 0.172838389874,
        "max": 3.63906669617,
        "mean": 0.397963911295,
        "median": 0.353537410498,
        "min": -2.79061031342,
        "var": 0.37449029088
    },
    "erbbands_spread": {
        "dmean": 6.04243564606,
        "dmean2": 9.13405704498,
        "dvar": 51.2165641785,
        "dvar2": 106.234916687,
        "max": 126.117965698,
        "mean": 31.5988826752,
        "median": 28.5496330261,
        "min": 6.26448345184,
        "var": 247.552658081
    },
    "hfc": {
        "dmean": 5.63016271591,
        "dmean2": 8.23410129547,
        "dvar": 69.2412109375,
        "dvar2": 134.709991455,
        "max": 158.147644043,
        "mean": 24.15766716,
        "median": 20.6810264587,
        "min": 1.07284021811e-16,
        "var": 374.246673584
    },
    "melbands_crest": {
        "dmean": 2.45480728149,
        "dmean2": 4.02550315857,
        "dvar": 5.90293884277,
        "dvar2": 15.2381505966,
        "max": 30.7042999268,
        "mean": 10.8326768875,
        "median": 10.4044742584,
        "min": 1.49676263332,
        "var": 22.1583194733
    },
    "melbands_flatness_db": {
        "dmean": 0.0182072669268,
        "dmean2": 0.0274409595877,
        "dvar": 0.000390482775401,
        "dvar2": 0.000779295864049,
        "max": 0.448121756315,
        "mean": 0.179383471608,
        "median": 0.172784656286,
        "min": 0.00285087293014,
        "var": 0.00531853409484
    },
    "melbands_kurtosis": {
        "dmean": 3.10278606415,
        "dmean2": 4.90065336227,
        "dvar": 29.5655345917,
        "dvar2": 72.987411499,
        "max": 177.599517822,
        "mean": 6.95510673523,
        "median": 3.7623500824,
        "min": -1.74666774273,
        "var": 88.7046356201
    },
    "melbands_skewness": {
        "dmean": 0.452464908361,
        "dmean2": 0.700947284698,
        "dvar": 0.225068956614,
        "dvar2": 0.509561419487,
        "max": 12.4543418884,
        "mean": 1.79976463318,
        "median": 1.67786467075,
        "min": -0.680107831955,
        "var": 1.48855745792
    },
    "melbands_spread": {
        "dmean": 5.32657766342,
        "dmean2": 8.3331079483,
        "dvar": 53.9519042969,
        "dvar2": 116.273117065,
        "max": 211.103729248,
        "mean": 26.6684989929,
        "median": 22.9696807861,
        "min": 1.2337590456,
        "var": 559.461120605
    },
    "pitch_salience": {
        "dmean": 0.0537298358977,
        "dmean2": 0.0872909501195,
        "dvar": 0.00243344949558,
        "dvar2": 0.00614127749577,
        "max": 0.886065065861,
        "mean": 0.605327367783,
        "median": 0.593523740768,
        "min": 0.159479573369,
        "var": 0.0133657036349
    },
    "silence_rate_20dB": {
        "dmean": 0,
        "dmean2": 0,
        "dvar": 0,
        "dvar2": 0,
        "max": 1,
        "mean": 1,
        "median": 1,
        "min": 1,
        "var": 0
    },
    "silence_rate_30dB": {
        "dmean": 0.000672645750456,
        "dmean2": 0.00134544225875,
        "dvar": 0.000672209367622,
        "dvar2": 0.00201641675085,
        "max": 1,
        "mean": 0.999663710594,
        "median": 1,
        "min": 0,
        "var": 0.000336139142746
    },
    "silence_rate_60dB": {
        "dmean": 0.00224215257913,
        "dmean2": 0.00448480760679,
        "dvar": 0.00223732902668,
        "dvar2": 0.00491308886558,
        "max": 1,
        "mean": 0.0466315448284,
        "median": 0,
        "min": 0,
        "var": 0.0444494709373
    },
    "spectral_centroid": {
        "dmean": 201.285522461,
        "dmean2": 317.149627686,
        "dvar": 66026.9609375,
        "dvar2": 149814.140625,
        "max": 11796.5517578,
        "mean": 1564.02087402,
        "median": 1225.81188965,
        "min": 247.484436035,
        "var": 3223521.25
    },
    "spectral_complexity": {
        "dmean": 3.25381159782,
        "dmean2": 5.13420772552,
        "dvar": 12.1311435699,
        "dvar2": 25.9811611176,
        "max": 53,
        "mean": 22.2194824219,
        "median": 22,
        "min": 0,
        "var": 107.644668579
    },
    "spectral_decrease": {
        "dmean": 1.69599334576e-09,
        "dmean2": 2.60060106783e-09,
        "dvar": 4.10333985718e-18,
        "dvar2": 9.35836245404e-18,
        "max": 1.98606241245e-28,
        "mean": -7.50512008096e-09,
        "median": -7.03501967791e-09,
        "min": -3.45024169235e-08,
        "var": 1.92744845233e-17
    },
    "spectral_energy": {
        "dmean": 0.00674343621358,
        "dmean2": 0.0102879554033,
        "dvar": 6.26347755315e-05,
        "dvar2": 0.000141774595249,
        "max": 0.137637630105,
        "mean": 0.0305171683431,
        "median": 0.0285628996789,
        "min": 1.00092893087e-20,
        "var": 0.000309410359478
    },
    "spectral_energyband_high": {
        "dmean": 0.000398930540541,
        "dmean2": 0.000572006916627,
        "dvar": 1.04975777049e-06,
        "dvar2": 1.95813095161e-06,
        "max": 0.0227182917297,
        "mean": 0.000948754895944,
        "median": 0.000440380448708,
        "min": 6.9805061035e-21,
        "var": 3.37778942594e-06
    },
    "spectral_energyband_low": {
        "dmean": 0.0031374359969,
        "dmean2": 0.00497871730477,
        "dvar": 2.4863948056e-05,
        "dvar2": 6.09291309956e-05,
        "max": 0.0934761911631,
        "mean": 0.0086068874225,
        "median": 0.00721921911463,
        "min": 1.37515873829e-23,
        "var": 6.65298939566e-05
    },
    "spectral_energyband_middle_high": {
        "dmean": 0.00200626230799,
        "dmean2": 0.003090509912,
        "dvar": 6.01048213866e-06,
        "dvar2": 1.4421261767e-05,
        "max": 0.041106659919,
        "mean": 0.00754088396206,
        "median": 0.00609542801976,
        "min": 1.13344998988e-21,
        "var": 4.19764546677e-05
    },
    "spectral_energyband_middle_low": {
        "dmean": 0.00443014595658,
        "dmean2": 0.00684553012252,
        "dvar": 3.63661893061e-05,
        "dvar2": 8.27353069326e-05,
        "max": 0.114802122116,
        "mean": 0.0143791008741,
        "median": 0.0120724150911,
        "min": 1.47134170856e-22,
        "var": 0.000134259986226
    },
    "spectral_entropy": {
        "dmean": 0.114768370986,
        "dmean2": 0.169162794948,
        "dvar": 0.0172579362988,
        "dvar2": 0.032806199044,
        "max": 9.83142375946,
        "mean": 7.67511510849,
        "median": 7.67162561417,
        "min": 5.99921798706,
        "var": 0.297884643078
    },
    "spectral_flux": {
        "dmean": 0.01716504246,
        "dmean2": 0.0276949331164,
        "dvar": 0.000333456526278,
        "dvar2": 0.000825742608868,
        "max": 0.261050641537,
        "mean": 0.0837738960981,
        "median": 0.0827101320028,
        "min": 6.31752428149e-11,
        "var": 0.00136695825495
    },
    "spectral_kurtosis": {
        "dmean": 1.35886836052,
        "dmean2": 2.28449940681,
        "dvar": 2.46341753006,
        "dvar2": 6.86661672592,
        "max": 40.7976455688,
        "mean": 4.89430141449,
        "median": 4.47687244415,
        "min": -1.27194154263,
        "var": 11.6855249405
    },
    "spectral_rms": {
        "dmean": 0.000576352351345,
        "dmean2": 0.000871561991517,
        "dvar": 3.36245477683e-07,
        "dvar2": 7.32321097985e-07,
        "max": 0.0115879513323,
        "mean": 0.00515651050955,
        "median": 0.00527884857729,
        "min": 3.12492566545e-12,
        "var": 3.18325851367e-06
    },
    "spectral_rolloff": {
        "dmean": 339.376403809,
        "dmean2": 561.152160645,
        "dvar": 499405.03125,
        "dvar2": 1042676.3125,
        "max": 19552.1484375,
        "mean": 1972.76782227,
        "median": 1227.39257812,
        "min": 86.1328125,
        "var": 10611520
    },
    "spectral_skewness": {
        "dmean": 0.193773731589,
        "dmean2": 0.309886991978,
        "dvar": 0.0402099452913,
        "dvar2": 0.0946655720472,
        "max": 4.93375205994,
        "mean": 1.61938643456,
        "median": 1.63323760033,
        "min": -0.0828191637993,
        "var": 0.310731738806
    },
    "spectral_spread": {
        "dmean": 370960.125,
        "dmean2": 548621.125,
        "dvar": 338371477504,
        "dvar2": 653673693184,
        "max": 42606516,
        "mean": 5332935.5,
        "median": 3970640.75,
        "min": 1849624.5,
        "var": 4.19834143703e+13
    },
    "spectral_strongpeak": {
        "dmean": 0.561482310295,
        "dmean2": 0.960441946983,
        "dvar": 0.705522298813,
        "dvar2": 1.76279222965,
        "max": 10.0807504654,
        "mean": 0.957611322403,
        "median": 0.521345376968,
        "min": 0,
        "var": 1.27523970604
    },
    "zerocrossingrate": {
        "dmean": 0.00756562221795,
        "dmean2": 0.00906465481967,
        "dvar": 0.000122782352264,
        "dvar2": 0.000131359658553,
        "max": 0.666015625,
        "mean": 0.0711997896433,
        "median": 0.052734375,
        "min": 0.00537109375,
        "var": 0.00710737518966
    },
    "barkbands": {
        "dmean": [0.000227809374337, 0.00245286989957, 0.000963525904808, 0.000705301295966, 0.00245477980934, 0.0010450881673, 0.000723320466932, 0.00138355663512, 0.00104470702354, 0.000711903208867, 0.000690972607117, 0.000517832639161, 0.000475521315821, 0.000556837476324, 0.000452088890597, 0.000375648378395, 0.000231592348428, 0.000146707447129, 0.00012847353355, 0.000115688351798, 0.000108669388283, 0.000116881768918, 9.27684595808e-05, 7.53534695832e-05, 2.31716530834e-05, 1.27762814373e-05, 2.39464930019e-06],
        "dmean2": [0.000384626066079, 0.00388985872269, 0.00159684114624, 0.0011667838553, 0.00385177205317, 0.00169052940328, 0.00115140061826, 0.00217281351797, 0.00160855590366, 0.00111130077858, 0.00107784895226, 0.000826997857075, 0.00077397772111, 0.000894159195013, 0.000745916622691, 0.000618343823589, 0.000387302105082, 0.000239796077949, 0.000209219273529, 0.000189745915122, 0.000173729815288, 0.000181326497113, 0.000131458829856, 0.000109519787657, 3.36877455993e-05, 1.8856537281e-05, 3.46469596479e-06],
        "dvar": [1.55725729201e-07, 1.96042255993e-05, 2.51066785495e-06, 1.50778009811e-06, 2.3264083211e-05, 3.07924915433e-06, 1.80554695817e-06, 7.61337923905e-06, 3.53501195605e-06, 1.51604763232e-06, 1.2839983583e-06, 7.7081915606e-07, 6.05095749506e-07, 9.43038571677e-07, 8.81436449163e-07, 4.33963208479e-07, 1.4369317114e-07, 6.67366606422e-08, 5.37929167876e-08, 4.58693847349e-08, 5.65776652195e-08, 1.03334109269e-07, 1.01887195569e-07, 9.06431623093e-08, 7.77994557666e-09, 2.66336575017e-09, 7.07415931389e-11],
        "dvar2": [4.21581631826e-07, 4.65404737042e-05, 6.72655869494e-06, 3.98329666496e-06, 5.30786965101e-05, 7.66427274357e-06, 4.07345078202e-06, 1.87349396583e-05, 8.29075361253e-06, 3.5796647353e-06, 2.90016373583e-06, 1.87975604149e-06, 1.5163259377e-06, 2.42327996602e-06, 2.37680956161e-06, 1.12024963528e-06, 3.97488832959e-07, 1.65819528775e-07, 1.33058534857e-07, 1.17619194384e-07, 1.39529376497e-07, 2.38116314222e-07, 1.93640175894e-07, 1.76919499495e-07, 1.61074460436e-08, 5.6511355595e-09, 1.39589451109e-10],
        "max": [0.0078055029735, 0.0726385861635, 0.0261199492961, 0.034333165735, 0.0887144505978, 0.0324459522963, 0.0322879888117, 0.049207713455, 0.0322575755417, 0.0379855744541, 0.0225193612278, 0.0172532908618, 0.0148625550792, 0.0228909552097, 0.0209439843893, 0.0123232956976, 0.00688051711768, 0.00890598073602, 0.00430712895468, 0.00343320309184, 0.0046437708661, 0.00845133140683, 0.00782485958189, 0.00834810826927, 0.002778762253, 0.00248254835606, 0.00029076327337],
        "mean": [0.000373481860152, 0.00566601101309, 0.00196951697581, 0.00128503690939, 0.00478219054639, 0.00201506027952, 0.00129350204952, 0.00241096527316, 0.00192212278489, 0.00128202384803, 0.00117430242244, 0.000926252745558, 0.00082964473404, 0.00104355078656, 0.000881556770764, 0.000669620349072, 0.00043229360017, 0.000278765975963, 0.000247674674029, 0.000217691878788, 0.000210755111766, 0.000211743812542, 0.000179338574526, 0.000138132279972, 4.57159621874e-05, 2.59002827079e-05, 4.34545336248e-06],
        "median": [0.000158551716595, 0.00440536718816, 0.00124274636619, 0.000620643317234, 0.00287273316644, 0.00105268391781, 0.000637519755401, 0.00082502362784, 0.00085290253628, 0.000674315379001, 0.000588365772273, 0.000482707459014, 0.000356346194167, 0.000464448559796, 0.00030946044717, 0.000301753199892, 0.000236360545387, 0.000158404087415, 0.000146298189065, 0.000119730953884, 0.000112534406071, 8.82704989635e-05, 5.30897450517e-05, 3.06475485559e-05, 1.49866009451e-05, 9.84435519058e-06, 9.75636339717e-07],
        "min": [2.90445076059e-25, 1.57729720606e-24, 9.69555412019e-25, 3.30851221878e-25, 6.48822120111e-24, 5.17379118412e-24, 1.80185790121e-24, 6.47752700825e-24, 1.29386236216e-23, 6.57198284646e-24, 4.34472479957e-24, 1.76840810835e-23, 2.90467325881e-23, 2.14335527432e-23, 2.97733050363e-23, 4.00770180607e-23, 6.1042334525e-23, 7.65185359298e-23, 1.20378975068e-22, 1.58798608989e-22, 2.46474932402e-22, 2.46024057373e-22, 3.89324869101e-22, 5.34222209084e-22, 7.45526667861e-22, 1.09621242301e-21, 1.81995506931e-21],
        "var": [3.27127537503e-07, 3.81696008844e-05, 5.75861167817e-06, 4.23845631303e-06, 4.26142760261e-05, 7.87691442383e-06, 4.55225381302e-06, 1.97609424504e-05, 9.91849628917e-06, 3.55756287718e-06, 3.03958518089e-06, 1.79491360086e-06, 1.34100980631e-06, 2.99726252706e-06, 2.73946443485e-06, 9.20612819755e-07, 3.32672016157e-07, 1.41367792139e-07, 1.15322670524e-07, 8.94908325222e-08, 1.02033752114e-07, 2.06458722118e-07, 2.94781301591e-07, 2.34653043663e-07, 1.68935638811e-08, 4.75222172724e-09, 1.74896597205e-10]
    },
    "erbbands": {
        "dmean": [0.0859148427844, 0.543377637863, 1.06605279446, 1.68938612938, 5.74534749985, 8.83378982544, 10.0154809952, 7.79531764984, 9.20625591278, 19.7662696838, 26.469991684, 23.0023822784, 22.7292137146, 18.3843593597, 29.006072998, 21.0161437988, 20.9320812225, 28.6343097687, 21.1919574738, 21.2982444763, 16.0159358978, 11.088760376, 8.94584178925, 6.88415145874, 5.78021192551, 5.26498603821, 4.69197559357, 4.39847755432, 4.37300872803, 3.55396986008, 2.57120728493, 1.96629023552, 0.995540678501, 0.317991733551, 0.152152329683, 0.0717760100961, 0.0209566447884, 0.00350545463152, 0.000516344385687, 1.8303440811e-05],
        "dmean2": [0.138892889023, 0.854010403156, 1.75187432766, 2.79772520065, 9.0813369751, 14.0805931091, 16.3346271515, 12.589263916, 14.5853271484, 31.430814743, 42.0268516541, 35.4557991028, 35.2268104553, 29.1518344879, 45.316822052, 33.5742111206, 33.6163673401, 45.6590232849, 34.165184021, 34.9779205322, 26.5311985016, 18.3906478882, 14.6087245941, 11.3256368637, 9.42627048492, 8.63372421265, 7.62997102737, 6.99840688705, 6.78665781021, 5.28912782669, 3.68042802811, 2.89264130592, 1.42738509178, 0.459766983986, 0.220344722271, 0.105880998075, 0.0314664132893, 0.0052250046283, 0.000750175386202, 2.68329622486e-05],
        "dvar": [0.0240139458328, 0.96019500494, 3.08903980255, 8.26230144501, 214.276809692, 236.164123535, 279.872070312, 177.042648315, 239.235122681, 1829.47314453, 3168.32397461, 1631.52746582, 2062.97412109, 1092.5559082, 2615.46362305, 1354.10656738, 1161.84545898, 2478.5847168, 1736.71911621, 2240.05395508, 710.751342773, 359.798583984, 235.923294067, 139.140060425, 135.205780029, 96.2349395752, 90.6962203979, 121.300338745, 131.536804199, 133.586425781, 81.1638412476, 61.4597740173, 17.4319953918, 1.5531424284, 0.32146653533, 0.0991150960326, 0.00609312439337, 0.00011182291928, 2.96275015899e-06, 1.97641591981e-09],
        "dvar2": [0.0605644844472, 2.23070979118, 8.13681316376, 22.8341350555, 472.33682251, 589.636535645, 710.526184082, 434.625274658, 557.347473145, 4510.14941406, 7792.86279297, 3792.87670898, 4863.55175781, 2612.23510742, 5964.21533203, 3324.1159668, 2830.59570312, 6269.46289062, 4524.76953125, 5919.76074219, 1937.56872559, 987.078125, 596.005859375, 346.655975342, 338.425170898, 243.083496094, 231.348373413, 297.718078613, 309.451171875, 282.28302002, 156.307937622, 127.143234253, 32.9354972839, 3.24499082565, 0.664853572845, 0.208663612604, 0.0135524095967, 0.000214740197407, 5.94685479882e-06, 4.0898853193e-09],
        "max": [2.53985142708, 14.8997020721, 28.4756793976, 101.179954529, 318.327392578, 262.311126709, 320.938751221, 329.704956055, 351.708557129, 810.242370605, 1245.38134766, 1008.5057373, 1500.93847656, 753.565734863, 1168.50231934, 778.512023926, 759.601623535, 1143.19689941, 1054.89770508, 1571.18823242, 578.196960449, 422.467254639, 411.618713379, 258.999694824, 243.958343506, 175.424255371, 210.011566162, 241.385101318, 297.836395264, 401.479309082, 237.867965698, 186.583129883, 127.513549805, 43.9902076721, 17.7462368011, 13.7461910248, 3.85624337196, 0.388486474752, 0.0656261593103, 0.00162165728398],
        "mean": [0.18000908196, 1.19678235054, 2.31819033623, 3.58087992668, 9.29271125793, 16.7530498505, 19.3420524597, 14.8744239807, 17.5171203613, 35.6036949158, 49.3584289551, 45.4260559082, 43.9533081055, 34.8914871216, 51.9623565674, 39.9403038025, 40.1812019348, 54.8395385742, 43.9843978882, 46.4735908508, 32.2359580994, 22.6185131073, 17.5632343292, 13.4406175613, 11.1486568451, 10.061091423, 9.21805763245, 8.3989944458, 7.70856428146, 6.46206283569, 4.94565820694, 3.47781801224, 1.8806220293, 0.626558542252, 0.283856093884, 0.131374150515, 0.0431923829019, 0.00778181385249, 0.000942610902712, 6.03171283728e-05],
        "median": [0.120922125876, 0.886213004589, 1.60485088825, 2.2060739994, 4.16895866394, 9.57285404205, 10.8418741226, 8.01086807251, 9.59503269196, 13.1603355408, 18.915353775, 21.0172843933, 22.7615203857, 19.8624610901, 25.4613437653, 21.5757923126, 20.8801307678, 28.0679016113, 20.7390480042, 17.4634189606, 17.0708179474, 12.9398603439, 10.2440156937, 8.60856056213, 6.23884630203, 5.70183181763, 5.098549366, 4.24509811401, 3.26846694946, 2.23867678642, 1.38568353653, 0.765723705292, 0.453546792269, 0.19754204154, 0.0912718772888, 0.0485788732767, 0.0157751180232, 0.00305107515305, 0.000265980110271, 4.46221056336e-05],
        "min": [4.73946211907e-23, 6.24674136436e-22, 1.88159557497e-21, 4.97104003806e-21, 4.28512151773e-21, 2.00698315036e-20, 4.26514260178e-20, 5.69924986357e-20, 3.72961359475e-20, 1.40609239928e-19, 2.56449667936e-19, 3.45944897499e-19, 5.3518208231e-19, 4.93672711606e-19, 7.05806902008e-19, 6.58427857678e-19, 1.40306354822e-18, 1.80685197103e-18, 1.91778040669e-18, 1.97821877174e-18, 2.75841428473e-18, 4.01729528909e-18, 5.46082802839e-18, 5.24520148145e-18, 7.0819183949e-18, 8.01557617744e-18, 8.13921320924e-18, 1.00994840228e-17, 1.00072368409e-17, 9.71232213714e-18, 1.02685398877e-17, 8.66546055186e-18, 9.31851633675e-18, 7.20034253448e-18, 5.76219184583e-18, 3.27409067271e-18, 2.21489913323e-18, 8.70516604845e-19, 2.3795944121e-19, 2.62361204657e-20],
        "var": [0.0424197874963, 1.89794993401, 6.88046550751, 23.1127853394, 319.972381592, 476.039855957, 646.514282227, 437.082427979, 591.183776855, 4430.22607422, 8710.67089844, 5395.42089844, 5232.88623047, 2646.96240234, 6228.29882812, 3130.33691406, 2747.56518555, 7018.78271484, 4439.35644531, 9498.109375, 1727.52624512, 887.986450195, 524.932006836, 274.186096191, 263.216461182, 186.623733521, 164.46081543, 206.105789185, 245.971084595, 323.718933105, 230.304779053, 148.704208374, 44.1395683289, 3.41980648041, 0.649300336838, 0.171512171626, 0.010683841072, 0.000292277021799, 7.08433117325e-06, 5.29656718484e-09]
    },
    "gfcc": {
        "mean": [-11.8222465515, 91.3048248291, -117.314964294, 20.1439762115, -54.4399642944, 13.6017332077, -30.9319725037, 3.92200064659, -18.1881999969, 4.07110786438, -16.9213085175, 2.86297678947, -9.85364532471],
        "cov": [[45331.5, 2715.35522461, -4446.21679688, 974.251037598, -2226.42163086, 649.942687988, -1143.9942627, 225.371994019, -636.11340332, 234.338607788, -659.479553223, 91.2366714478, -417.418731689], [2715.35522461, 1645.58056641, 265.781616211, 266.132019043, 68.8330459595, -42.8525810242, 56.7461471558, -5.33795881271, -4.82586717606, -27.7353687286, 70.5232772827, -65.1651153564, 64.2433547974], [-4446.21679688, 265.781616211, 1386.89855957, 332.499084473, 206.125930786, -1.37067723274, 211.396942139, -18.4915885925, 118.362838745, -41.3234405518, 169.155197144, -73.7539520264, 111.389686584], [974.251037598, 266.132019043, 332.499084473, 365.792541504, -24.1337337494, 44.7704811096, 25.6592636108, 18.7299976349, 20.0847797394, 12.0421209335, 39.3303909302, -28.8458271027, 30.9514217377], [-2226.42163086, 68.8330459595, 206.125930786, -24.1337337494, 280.009246826, -22.937915802, 79.8008575439, -4.86032629013, 48.0305786133, -12.3675556183, 36.3964004517, -13.8755979538, 30.8905296326], [649.942687988, -42.8525810242, -1.37067723274, 44.7704811096, -22.937915802, 139.727233887, 32.1744689941, 17.5135269165, -2.59913039207, 4.56839990616, -6.56960535049, 13.6662750244, 1.63575398922], [-1143.9942627, 56.7461471558, 211.396942139, 25.6592636108, 79.8008575439, 32.1744689941, 150.206298828, 25.0195655823, 30.2884216309, -4.86340808868, 39.6430091858, -3.25181317329, 29.6273078918], [225.371994019, -5.33795881271, -18.4915885925, 18.7299976349, -4.86032629013, 17.5135269165, 25.0195655823, 81.1982040405, 30.006061554, 15.0196027756, 3.56983470917, 5.84426403046, -5.08540248871], [-636.11340332, -4.82586717606, 118.362838745, 20.0847797394, 48.0305786133, -2.59913039207, 30.2884216309, 30.006061554, 99.6479873657, 29.3143825531, 18.3707809448, -7.35840463638, 16.1880130768], [234.338607788, -27.7353687286, -41.3234405518, 12.0421209335, -12.3675556183, 4.56839990616, -4.86340808868, 15.0196027756, 29.3143825531, 65.228805542, 18.7579803467, 2.47953438759, -3.66769146919], [-659.479553223, 70.5232772827, 169.155197144, 39.3303909302, 36.3964004517, -6.56960535049, 39.6430091858, 3.56983470917, 18.3707809448, 18.7579803467, 78.2738952637, 10.1350107193, 17.6485843658], [91.2366714478, -65.1651153564, -73.7539520264, -28.8458271027, -13.8755979538, 13.6662750244, -3.25181317329, 5.84426403046, -7.35840463638, 2.47953438759, 10.1350107193, 59.8161659241, 18.1337680817], [-417.418731689, 64.2433547974, 111.389686584, 30.9514217377, 30.8905296326, 1.63575398922, 29.6273078918, -5.08540248871, 16.1880130768, -3.66769146919, 17.6485843658, 18.1337680817, 66.0444335938]],
        "icov": [[0.000190958031453, -0.000399472512072, 0.000560366315767, -0.000675530813169, 0.000831841607578, -0.000705813698005, 0.000495928979944, -0.000223474518862, 0.000121263008623, -0.000233507773373, 0.000395672570448, -6.93260590197e-05, 0.00022630483727], [-0.000399472512072, 0.00167808646802, -0.000799765519332, 0.000743379292544, -0.00183866056614, 0.00175638042856, -0.00117745390162, 0.000418538314989, -0.000148273262312, 0.00136933918111, -0.0020969689358, 0.00162856106181, -0.00155410019215], [0.000560366315767, -0.000799765519332, 0.00406992668286, -0.00353105575778, 0.00230910582468, -0.00200594565831, 0.000220477086259, 0.000589734583627, -0.00177536229603, 0.00289825396612, -0.00334333046339, 0.00317691103555, -0.00135644781403], [-0.000675530813169, 0.000743379292544, -0.00353105575778, 0.00744387740269, -0.00199961289763, 0.000677223782986, -0.000143627839861, -0.00104971032124, 0.000756828289013, -0.0012969475938, -0.000964151811786, 0.00147774349898, -0.00202928297222], [0.000831841607578, -0.00183866056614, 0.00230910582468, -0.00199961289763, 0.00878653116524, -0.00250621046871, 0.00026420946233, -3.39441940014e-05, -0.00164089305326, 0.000518135377206, 0.000392459071008, 0.000954534683842, -1.61359821504e-05], [-0.000705813698005, 0.00175638042856, -0.00200594565831, 0.000677223782986, -0.00250621046871, 0.011882009916, -0.00530542386696, 0.00054121093126, 0.000284394947812, -0.000377443560865, 0.00160200544633, -0.00318193994462, 0.000550903787371], [0.000495928979944, -0.00117745390162, 0.000220477086259, -0.000143627839861, 0.00026420946233, -0.00530542386696, 0.0133943408728, -0.00493096327409, 0.000837172730826, 0.000512351223733, -0.00229375134222, 0.00186974916141, -0.00248248502612], [-0.000223474518862, 0.000418538314989, 0.000589734583627, -0.00104971032124, -3.39441940014e-05, 0.00054121093126, -0.00493096327409, 0.0175516512245, -0.00657223258168, 0.000455883418908, -0.000277285842458, -0.00302438484505, 0.00378443975933], [0.000121263008623, -0.000148273262312, -0.00177536229603, 0.000756828289013, -0.00164089305326, 0.000284394947812, 0.000837172730826, -0.00657223258168, 0.0180024821311, -0.00993964448571, 0.00395564455539, 0.000887698726729, -0.00283621810377], [-0.000233507773373, 0.00136933918111, 0.00289825396612, -0.0012969475938, 0.000518135377206, -0.000377443560865, 0.000512351223733, 0.000455883418908, -0.00993964448571, 0.027073867619, -0.013918527402, 0.005405632779, -0.00134098343551], [0.000395672570448, -0.0020969689358, -0.00334333046339, -0.000964151811786, 0.000392459071008, 0.00160200544633, -0.00229375134222, -0.000277285842458, 0.00395564455539, -0.013918527402, 0.029764238745, -0.0134699093178, 0.00541781168431], [-6.93260590197e-05, 0.00162856106181, 0.00317691103555, 0.00147774349898, 0.000954534683842, -0.00318193994462, 0.00186974916141, -0.00302438484505, 0.000887698726729, 0.005405632779, -0.0134699093178, 0.0310964491218, -0.0143683189526], [0.00022630483727, -0.00155410019215, -0.00135644781403, -0.00202928297222, -1.61359821504e-05, 0.000550903787371, -0.00248248502612, 0.00378443975933, -0.00283621810377, -0.00134098343551, 0.00541781168431, -0.0143683189526, 0.025839112699]]
    },
    "melbands": {
        "dmean": [0.000705129292328, 0.000577710568905, 0.000356722041033, 0.000541723507922, 0.000356291275239, 0.000179884489626, 0.000140912554343, 0.000238205771893, 0.000221288850298, 0.000143956349348, 0.000114191243483, 7.52433552407e-05, 9.020572179e-05, 6.74158000038e-05, 5.2014413086e-05, 4.75067608932e-05, 6.09244743828e-05, 3.65651976608e-05, 3.19676764775e-05, 3.23154781654e-05, 1.73312073457e-05, 1.31694296215e-05, 1.06778234112e-05, 6.79772347212e-06, 6.17299883743e-06, 4.9325190048e-06, 3.67663051293e-06, 3.966809345e-06, 3.38196036864e-06, 2.88462729259e-06, 2.65989251602e-06, 2.69578868028e-06, 2.30302839554e-06, 1.99350893126e-06, 1.57625345309e-06, 1.44788816669e-06, 1.21376103834e-06, 8.21788717076e-07, 4.92651054174e-07, 2.22912603931e-07],
        "dmean2": [0.00112296850421, 0.00093077274505, 0.000578181701712, 0.000853605102748, 0.000575740938075, 0.000290217401925, 0.000222977629164, 0.000378162163543, 0.000350843765773, 0.000220881935093, 0.000177286667167, 0.000119896343676, 0.000140549309435, 0.000106296771264, 8.40622888063e-05, 7.70545011619e-05, 9.74404320004e-05, 5.85800044064e-05, 5.29529679625e-05, 5.28193158971e-05, 2.89929848805e-05, 2.19171761273e-05, 1.76405665115e-05, 1.11064928205e-05, 1.02456833702e-05, 8.03747025202e-06, 6.02765794611e-06, 6.54810401102e-06, 5.60257512916e-06, 4.6845302677e-06, 4.27855229646e-06, 4.31082435171e-06, 3.60738749805e-06, 3.00806550513e-06, 2.32268598666e-06, 2.11328415389e-06, 1.8097547354e-06, 1.20383265312e-06, 7.38209621431e-07, 3.33800386443e-07],
        "dvar": [1.66737072504e-06, 8.50913352224e-07, 3.73882897975e-07, 1.50156688505e-06, 3.14004239499e-07, 8.80618671317e-08, 5.71570311081e-08, 2.63814541768e-07, 2.23375337782e-07, 6.34384562659e-08, 5.16408178441e-08, 1.85361823668e-08, 2.30380070576e-08, 1.11544879999e-08, 9.17288378588e-09, 6.07424954779e-09, 1.19175336266e-08, 5.46858291983e-09, 4.81094941662e-09, 3.54280405013e-09, 9.13939091074e-10, 5.34643274097e-10, 3.47660178424e-10, 1.43882919468e-10, 1.15675684309e-10, 1.06145363332e-10, 4.93790286438e-11, 5.53785489688e-11, 4.51598029805e-11, 3.80718095938e-11, 4.85037600362e-11, 4.74256293959e-11, 4.94618061786e-11, 4.51584845906e-11, 3.23546155145e-11, 2.86566378266e-11, 2.60228436022e-11, 1.29059454096e-11, 3.70924038012e-12, 8.00320042443e-13],
        "dvar2": [4.0092272684e-06, 2.13197745325e-06, 9.20416312056e-07, 3.44412433151e-06, 7.94014340499e-07, 2.16779213247e-07, 1.28953644207e-07, 6.55867268051e-07, 5.49981905351e-07, 1.45848815691e-07, 1.21253449947e-07, 4.43812737672e-08, 5.24555829884e-08, 2.64533763783e-08, 2.37330972652e-08, 1.53982995243e-08, 3.05968193004e-08, 1.33391084844e-08, 1.29505624002e-08, 9.06725006189e-09, 2.50597032014e-09, 1.45888712222e-09, 9.43653266638e-10, 3.54579227091e-10, 2.92889629216e-10, 2.66317412567e-10, 1.24753624098e-10, 1.43036027467e-10, 1.18692417006e-10, 9.52529097265e-11, 1.21672963371e-10, 1.1585082893e-10, 1.134648972e-10, 9.64881161081e-11, 6.56575974145e-11, 5.87075180136e-11, 5.6560540973e-11, 2.59267468605e-11, 7.9392161248e-12, 1.79877271932e-12],
        "max": [0.0212542340159, 0.0135776456445, 0.0154284089804, 0.0225669816136, 0.0118195274845, 0.0064079221338, 0.0051720100455, 0.0101221399382, 0.00968894083053, 0.00647060992196, 0.00743570830673, 0.00315076322295, 0.00332917459309, 0.00195822655223, 0.00298861553892, 0.00144474033732, 0.00242312764749, 0.00205480027944, 0.00169570115395, 0.00154028041288, 0.000867741706315, 0.000503229384776, 0.000357627985068, 0.000431576510891, 0.000237550921156, 0.000227806216571, 0.00012129193783, 0.000160379277077, 0.000147210914292, 9.95937953121e-05, 0.000150966836372, 0.000163324337336, 0.000182907358976, 0.000232537509874, 0.00015627562243, 0.000156091380632, 0.000136935064802, 0.000115469265438, 4.93711304443e-05, 4.03293925046e-05],
        "mean": [0.00161250284873, 0.00137098878622, 0.000758808804676, 0.000963836326264, 0.00072984455619, 0.000347981404047, 0.000266104063485, 0.000425366131822, 0.000408930762205, 0.000275536527624, 0.000212696366361, 0.000132405199111, 0.000158319438924, 0.000121881254017, 9.37453150982e-05, 8.30577628221e-05, 0.000107906977064, 6.89674488967e-05, 6.41073784209e-05, 5.99794766458e-05, 3.27528432535e-05, 2.43993690674e-05, 1.89877555385e-05, 1.28119836518e-05, 1.07308351289e-05, 8.63686454977e-06, 6.47470596959e-06, 6.93995798429e-06, 6.19072079644e-06, 5.06850346937e-06, 4.73524005429e-06, 4.434026323e-06, 3.90895638702e-06, 3.44887348547e-06, 2.87921352538e-06, 2.47862976721e-06, 1.98991301659e-06, 1.42870055697e-06, 8.77947286426e-07, 4.10871081158e-07],
        "median": [0.00121213833336, 0.00103984284215, 0.00045676380978, 0.000541988643818, 0.000438595394371, 0.000184490534593, 0.00014111326891, 0.000145531550515, 0.000148945298861, 0.000123973964946, 0.000103809878055, 6.73727990943e-05, 7.91822967585e-05, 6.57789132674e-05, 4.60095870949e-05, 3.68282453564e-05, 4.88147416036e-05, 3.13687669404e-05, 2.16656881094e-05, 2.37023505179e-05, 1.72970885615e-05, 1.26232753246e-05, 1.00871748145e-05, 7.46660498407e-06, 6.32113506072e-06, 4.43764292868e-06, 3.49173274117e-06, 3.673356332e-06, 3.23967833538e-06, 2.60875549429e-06, 2.24742620958e-06, 1.86503336863e-06, 1.38380357839e-06, 1.11004590053e-06, 8.07446042472e-07, 5.87173985878e-07, 3.98936606416e-07, 3.20505961326e-07, 2.3902376256e-07, 1.37113957521e-07],
        "min": [4.55462648695e-25, 1.14866085713e-24, 1.0041157041e-24, 7.98780239458e-25, 1.76229080758e-24, 1.05032342884e-24, 5.09110022023e-25, 1.21388742665e-24, 1.98611470664e-24, 1.58712601851e-24, 2.53559636182e-24, 1.78628598416e-24, 9.91733250293e-25, 1.45149469788e-24, 2.52010471137e-24, 3.05558802978e-24, 2.55357943223e-24, 3.01745252147e-24, 2.75261850495e-24, 2.84714672115e-24, 2.19836443851e-24, 2.75697281993e-24, 3.12810426571e-24, 2.66345119025e-24, 2.90091528323e-24, 4.12198085108e-24, 3.85065884805e-24, 4.01973264485e-24, 3.66208795954e-24, 3.90018984656e-24, 5.04435607008e-24, 4.56231630306e-24, 4.53551435937e-24, 5.13369220101e-24, 4.47559840147e-24, 4.65146547396e-24, 4.75303762639e-24, 5.46665579518e-24, 5.84948683704e-24, 4.7794021467e-24],
        "var": [3.13178179567e-06, 2.05088736038e-06, 9.55693508331e-07, 2.32560978475e-06, 7.95380174168e-07, 2.25847472279e-07, 1.50632686768e-07, 6.52696598991e-07, 6.2465829842e-07, 2.11372622516e-07, 1.29109452018e-07, 4.30847464372e-08, 5.52948904442e-08, 2.73043809784e-08, 1.99896899034e-08, 1.37249163146e-08, 3.21543360826e-08, 1.2624485457e-08, 1.66270606172e-08, 1.00970467543e-08, 2.09009431984e-09, 1.19934429055e-09, 6.50673459557e-10, 3.23282955961e-10, 2.02281164041e-10, 1.94273264142e-10, 8.91760207344e-11, 1.00461916563e-10, 8.03446545405e-11, 6.17248196999e-11, 7.53743109594e-11, 7.79318207189e-11, 9.57786072675e-11, 1.08474243476e-10, 8.11360700848e-11, 6.95541887974e-11, 5.55027031279e-11, 2.85725991478e-11, 8.34028852925e-12, 1.39238880842e-12]
    },
    "mfcc": {
        "mean": [-634.143249512, 124.597549438, -7.05497407913, 13.3166313171, -2.79219961166, 9.99738407135, -4.18785667419, 2.95171785355, 1.22373282909, 1.99600446224, -1.83422851562, 0.954480886459, -2.00411987305],
        "cov": [[11894.3974609, 1131.13513184, -262.454162598, 138.997817993, -167.159423828, 202.548187256, -121.738967896, 64.4594268799, 41.5078430176, 136.406173706, 37.9398956299, 21.6178779602, -62.1024513245], [1131.13513184, 1686.69299316, 265.798919678, 336.00177002, 120.194168091, 71.5857162476, 93.6153793335, 27.9251747131, 33.8803596497, 0.482681065798, 22.4044246674, 27.5161762238, 3.48371744156], [-262.454162598, 265.798919678, 949.789550781, 360.782714844, 85.2828979492, 103.313995361, 92.9687652588, 43.5512657166, 2.81943154335, 58.6376304626, 3.3376455307, 51.0312728882, 15.4354000092], [138.997817993, 336.00177002, 360.782714844, 343.891265869, 90.9425506592, 41.65259552, 50.8321914673, 7.67405080795, 8.68437767029, 43.8727455139, 13.6688575745, 18.0515232086, 5.88973140717], [-167.159423828, 120.194168091, 85.2828979492, 90.9425506592, 137.219406128, 31.9024524689, 7.99473285675, 4.80880403519, 11.6821231842, 15.006688118, 9.02746677399, 0.504380226135, -2.26086425781], [202.548187256, 71.5857162476, 103.313995361, 41.65259552, 31.9024524689, 111.223297119, 43.0551681519, 17.5987453461, 19.9227695465, 4.24363279343, 3.97234582901, 7.30546808243, -4.93550395966], [-121.738967896, 93.6153793335, 92.9687652588, 50.8321914673, 7.99473285675, 43.0551681519, 111.808563232, 37.3342475891, 2.95360827446, -2.24717092514, 7.94971466064, 8.31606674194, -4.02615833282], [64.4594268799, 27.9251747131, 43.5512657166, 7.67405080795, 4.80880403519, 17.5987453461, 37.3342475891, 79.7213973999, 27.8015174866, -1.93453943729, 7.96661186218, 6.59448575974, -0.643555164337], [41.5078430176, 33.8803596497, 2.81943154335, 8.68437767029, 11.6821231842, 19.9227695465, 2.95360827446, 27.8015174866, 78.1986160278, 18.0467281342, 3.8326561451, 10.7377634048, 1.91419672966], [136.406173706, 0.482681065798, 58.6376304626, 43.8727455139, 15.006688118, 4.24363279343, -2.24717092514, -1.93453943729, 18.0467281342, 82.6673202515, 27.0247402191, 3.66961407661, 3.90472698212], [37.9398956299, 22.4044246674, 3.3376455307, 13.6688575745, 9.02746677399, 3.97234582901, 7.94971466064, 7.96661186218, 3.8326561451, 27.0247402191, 67.9402389526, 17.0829467773, -1.54195022583], [21.6178779602, 27.5161762238, 51.0312728882, 18.0515232086, 0.504380226135, 7.30546808243, 8.31606674194, 6.59448575974, 10.7377634048, 3.66961407661, 17.0829467773, 59.5243759155, 20.9030094147], [-62.1024513245, 3.48371744156, 15.4354000092, 5.88973140717, -2.26086425781, -4.93550395966, -4.02615833282, -0.643555164337, 1.91419672966, 3.90472698212, -1.54195022583, 20.9030094147, 61.3421516418]],
