{
"lowlevel": {
    "average_loudness": 0.940482676029,
    "barkbands_crest": {
        "dmean": 2.33672833443,
        "dmean2": 3.85337471962,
        "dvar": 4.81764793396,
        "dvar2": 12.2806615829,
        "max": 24.8292770386,
        "mean": 8.23014450073,
        "median": 7.17789649963,
        "min": 2.12116742134,
        "var": 13.9235267639
    },
    "barkbands_flatness_db": {
        "dmean": 0.0174668394029,
        "dmean2": 0.0278797261417,
        "dvar": 0.000317790429108,
        "dvar2": 0.000710775668267,
        "max": 0.312832713127,
        "mean": 0.11104477942,
        "median": 0.10471316427,
        "min": 0.0366685055196,
        "var": 0.00130255555268
    },
    "barkbands_kurtosis": {
        "dmean": 1.79953098297,
        "dmean2": 2.86740589142,
        "dvar": 18.7337245941,
        "dvar2": 39.3357467651,
        "max": 108.963432312,
        "mean": 1.87371599674,
        "median": 0.342737793922,
        "min": -1.95573103428,
        "var": 34.4650306702
    },
    "barkbands_skewness": {
        "dmean": 0.453031510115,
        "dmean2": 0.710825443268,
        "dvar": 0.305816054344,
        "dvar2": 0.677612900734,
        "max": 9.28556346893,
        "mean": 0.621413171291,
        "median": 0.583748579025,
        "min": -2.54763746262,
        "var": 1.79535317421
    },
    "barkbands_spread": {
        "dmean": 6.85656785965,
        "dmean2": 10.9328994751,
        "dvar": 78.4936523438,
        "dvar2": 180.39302063,
        "max": 117.890518188,
        "mean": 28.8201599121,
        "median": 26.6348266602,
        "min": 1.43099331856,
        "var": 209.29083252
    },
    "dissonance": {
        "dmean": 0.0140160834417,
        "dmean2": 0.023819187656,
        "dvar": 0.000215259264223,
        "dvar2": 0.000585251720622,
        "max": 0.500000059605,
        "mean": 0.475721538067,
        "median": 0.481597423553,
        "min": 0.342368334532,
        "var": 0.0004516421468
    },
    "dynamic_complexity": 1.87655925751,
    "erbbands_crest": {
        "dmean": 2.39221978188,
        "dmean2": 3.89983725548,
        "dvar": 5.76124191284,
        "dvar2": 14.2355279922,
        "max": 28.7210655212,
        "mean": 7.92342376709,
        "median": 6.82396459579,
        "min": 2.40049934387,
        "var": 17.7328186035
    },
    "erbbands_flatness_db": {
        "dmean": 0.0155637785792,
        "dmean2": 0.0231213886291,
        "dvar": 0.000217559019802,
        "dvar2": 0.000432281696703,
        "max": 0.288433223963,
        "mean": 0.144861474633,
        "median": 0.140148341656,
        "min": 0.0584834069014,
        "var": 0.00175014103297
    },
    "erbbands_kurtosis": {
        "dmean": 0.776417016983,
        "dmean2": 1.2483676672,
        "dvar": 1.12029922009,
        "dvar2": 2.63582968712,
        "max": 21.5790348053,
        "mean": 0.306160062551,
        "median": -0.0449308156967,
        "min": -1.78314626217,
        "var": 2.49898815155
    },
    "erbbands_skewness": {
        "dmean": 0.330594867468,
        "dmean2": 0.5157096982,
        "dvar": 0.110294997692,
        "dvar2": 0.250828295946,
        "max": 4.48650550842,
        "mean": 0.0259880814701,
        "median": 0.0276031605899,
        "min": -4.11141490936,
        "var": 0.465934813023
    },
    "erbbands_spread": {
        "dmean": 8.29470825195,
        "dmean2": 12.7227239609,
        "dvar": 94.7210083008,
        "dvar2": 210.147720337,
        "max": 153.663131714,
        "mean": 38.3890991211,
        "median": 34.9568901062,
        "min": 5.29964590073,
        "var": 405.621612549
    },
    "hfc": {
        "dmean": 11.0773582458,
        "dmean2": 16.9478435516,
        "dvar": 428.536468506,
        "dvar2": 983.166137695,
        "max": 456.648742676,
        "mean": 32.3273124695,
        "median": 29.1099338531,
        "min": 1.03670837339e-16,
        "var": 820.10949707
    },
    "melbands_crest": {
        "dmean": 3.16544747353,
        "dmean2": 5.1810297966,
        "dvar": 8.86742210388,
        "dvar2": 22.8215389252,
        "max": 32.0051727295,
        "mean": 11.1103115082,
        "median": 10.4023571014,
        "min": 1.44633841515,
        "var": 34.5727081299
    },
    "melbands_flatness_db": {
        "dmean": 0.0226210579276,
        "dmean2": 0.0355918370187,
        "dvar": 0.000664031424094,
        "dvar2": 0.00148264458403,
        "max": 0.416419237852,
        "mean": 0.132308661938,
        "median": 0.13262578845,
        "min": 0.0020506689325,
        "var": 0.004581048619
    },
    "melbands_kurtosis": {
        "dmean": 5.56209754944,
        "dmean2": 8.74396800995,
        "dvar": 220.038269043,
        "dvar2": 472.891174316,
        "max": 402.151916504,
        "mean": 8.42201805115,
        "median": 2.20105648041,
        "min": -1.84955728054,
        "var": 464.992431641
    },
    "melbands_skewness": {
        "dmean": 0.643907308578,
        "dmean2": 1.0018273592,
        "dvar": 0.746316373348,
        "dvar2": 1.64495134354,
        "max": 16.1554393768,
        "mean": 1.81393432617,
        "median": 1.41717982292,
        "min": -1.11150193214,
        "var": 3.43997073174
    },
    "melbands_spread": {
        "dmean": 10.0192813873,
        "dmean2": 16.3358955383,
        "dvar": 175.421936035,
        "dvar2": 414.682403564,
        "max": 257.431091309,
        "mean": 44.283821106,
        "median": 34.27709198,
        "min": 0.884579658508,
        "var": 1248.98266602
    },
    "pitch_salience": {
        "dmean": 0.0664697140455,
        "dmean2": 0.109625786543,
        "dvar": 0.00433621229604,
        "dvar2": 0.0113902781159,
        "max": 0.925266981125,
        "mean": 0.605042695999,
        "median": 0.60053217411,
        "min": 0.129818946123,
        "var": 0.015687327832
    },
    "silence_rate_20dB": {
        "dmean": 0,
        "dmean2": 0,
        "dvar": 0,
        "dvar2": 0,
        "max": 1,
        "mean": 1,
        "median": 1,
        "min": 1,
        "var": 0
    },
    "silence_rate_30dB": {
        "dmean": 0.00021015026141,
        "dmean2": 0.00042034467333,
        "dvar": 0.000210066980799,
        "dvar2": 0.000630183843896,
        "max": 1,
        "mean": 0.999894917011,
        "median": 1,
        "min": 0,
        "var": 0.000105043276562
    },
    "silence_rate_60dB": {
        "dmean": 0.00231165275909,
        "dmean2": 0.00462379166856,
        "dvar": 0.00230664736591,
        "dvar2": 0.0058647878468,
        "max": 1,
        "mean": 0.117041394114,
        "median": 0,
        "min": 0,
        "var": 0.103330470622
    },
    "spectral_centroid": {
        "dmean": 308.638641357,
        "dmean2": 502.689849854,
        "dvar": 121520.085938,
        "dvar2": 287068.78125,
        "max": 12148.7285156,
        "mean": 2730.90454102,
        "median": 1875.73205566,
        "min": 232.88142395,
        "var": 8002351.5
    },
    "spectral_complexity": {
        "dmean": 4.17442464828,
        "dmean2": 6.6021437645,
        "dvar": 23.6462783813,
        "dvar2": 52.0944633484,
        "max": 61,
        "mean": 23.9992637634,
        "median": 25,
        "min": 0,
        "var": 174.427017212
    },
    "spectral_decrease": {
        "dmean": 1.83175352664e-09,
        "dmean2": 2.86472356947e-09,
        "dvar": 4.97550337863e-18,
        "dvar2": 1.16176764299e-17,
        "max": 2.50097819978e-28,
        "mean": -6.47491793515e-09,
        "median": -6.62726140632e-09,
        "min": -2.90525328239e-08,
        "var": 1.58832011762e-17
    },
    "spectral_energy": {
        "dmean": 0.00746157579124,
        "dmean2": 0.0115549229085,
        "dvar": 7.97532848082e-05,
        "dvar2": 0.000181539377081,
        "max": 0.117256723344,
        "mean": 0.0273699685931,
        "median": 0.0281986407936,
        "min": 9.77679177982e-21,
        "var": 0.000268694449915
    },
    "spectral_energyband_high": {
        "dmean": 0.00102873391006,
        "dmean2": 0.00160850537941,
        "dvar": 6.0009142544e-06,
        "dvar2": 1.38532323035e-05,
        "max": 0.0583936683834,
        "mean": 0.00183850934263,
        "median": 0.00089827447664,
        "min": 6.69375554311e-21,
        "var": 9.83574955171e-06
    },
    "spectral_energyband_low": {
        "dmean": 0.00428394181654,
        "dmean2": 0.00700926827267,
        "dvar": 5.22538975929e-05,
        "dvar2": 0.000124137673993,
        "max": 0.0945331677794,
        "mean": 0.00737596210092,
        "median": 0.00382550247014,
        "min": 1.00970890541e-23,
        "var": 9.87482926575e-05
    },
    "spectral_energyband_middle_high": {
        "dmean": 0.00252011278644,
        "dmean2": 0.0038726341445,
        "dvar": 1.02844187495e-05,
        "dvar2": 2.3319695174e-05,
        "max": 0.0564652048051,
        "mean": 0.00885011348873,
        "median": 0.00715528149158,
        "min": 1.06469403458e-21,
        "var": 5.89628398302e-05
    },
    "spectral_energyband_middle_low": {
        "dmean": 0.00445811310783,
        "dmean2": 0.00719579448923,
        "dvar": 3.95912393287e-05,
        "dvar2": 9.88253959804e-05,
        "max": 0.0623867660761,
        "mean": 0.0105338767171,
        "median": 0.00853013433516,
        "min": 1.15483569348e-22,
        "var": 8.79805302247e-05
    },
    "spectral_entropy": {
        "dmean": 0.129571646452,
        "dmean2": 0.193667441607,
        "dvar": 0.0232819896191,
        "dvar2": 0.0486359037459,
        "max": 9.82806682587,
        "mean": 8.0381565094,
        "median": 7.92681217194,
        "min": 6.47839736938,
        "var": 0.438924014568
    },
    "spectral_flux": {
        "dmean": 0.0216519422829,
        "dmean2": 0.0337352864444,
        "dvar": 0.000581848376896,
        "dvar2": 0.00127953209449,
        "max": 0.266593515873,
        "mean": 0.0951459929347,
        "median": 0.0972922667861,
        "min": 6.20572412902e-11,
        "var": 0.00234968168661
    },
    "spectral_kurtosis": {
        "dmean": 0.901316106319,
        "dmean2": 1.49283587933,
        "dvar": 0.919224023819,
        "dvar2": 2.54686141014,
        "max": 14.2230415344,
        "mean": 2.82951879501,
        "median": 2.83652281761,
        "min": -1.28128039837,
        "var": 4.64045858383
    },
    "spectral_rms": {
        "dmean": 0.000656458490994,
        "dmean2": 0.00100561615545,
        "dvar": 5.18515946624e-07,
        "dvar2": 1.1322665614e-06,
        "max": 0.010695643723,
        "mean": 0.00473949499428,
        "median": 0.00524508021772,
        "min": 3.08841927726e-12,
        "var": 4.23974506703e-06
    },
    "spectral_rolloff": {
        "dmean": 706.389648438,
        "dmean2": 1200.12402344,
        "dvar": 1379915.875,
        "dvar2": 3236338.25,
        "max": 19745.9472656,
        "mean": 3887.84912109,
        "median": 2131.78710938,
        "min": 64.599609375,
        "var": 26884820
    },
    "spectral_skewness": {
        "dmean": 0.160880163312,
        "dmean2": 0.258357942104,
        "dvar": 0.0245064683259,
        "dvar2": 0.0624078512192,
        "max": 2.6589846611,
        "mean": 1.20348346233,
        "median": 1.31047224998,
        "min": -0.178497031331,
        "var": 0.264868199825
    },
    "spectral_spread": {
        "dmean": 635112.4375,
        "dmean2": 911013.3125,
        "dvar": 689965367296,
        "dvar2": 1.3807475753e+12,
        "max": 43423520,
        "mean": 8413087,
        "median": 4654530,
        "min": 2222092.25,
        "var": 1.16729342591e+14
    },
    "spectral_strongpeak": {
        "dmean": 0.686381161213,
        "dmean2": 1.1613612175,
        "dvar": 1.07283127308,
        "dvar2": 2.74196481705,
        "max": 14.5025024414,
        "mean": 1.124173522,
        "median": 0.502279639244,
        "min": 0,
        "var": 2.14402937889
    },
    "zerocrossingrate": {
        "dmean": 0.01296025794,
        "dmean2": 0.0162927173078,
        "dvar": 0.000255161809037,
        "dvar2": 0.000322847947245,
        "max": 0.8154296875,
        "mean": 0.12521828711,
        "median": 0.08203125,
        "min": 0.00732421875,
        "var": 0.0169820655137
    },
    "barkbands": {
        "dmean": [0.000158482333063, 0.00263548083603, 0.00184682314284, 0.00165320350789, 0.00186247634701, 0.0011638184078, 0.000845372735057, 0.000582605309319, 0.00095527083613, 0.00070112128742, 0.00082972337259, 0.000592718191911, 0.00055285851704, 0.000677166040987, 0.00051093759248, 0.000414690613979, 0.00033815894858, 0.000343289546436, 0.000275872502243, 0.00024292555463, 0.00021601789922, 0.000186100791325, 0.000258482992649, 0.000183166208444, 0.000136870949063, 9.72988273134e-05, 6.45156639223e-09],
        "dmean2": [0.000275733560557, 0.00433334382251, 0.00307148322463, 0.00291998009197, 0.00304580735974, 0.00188602006529, 0.00140604970511, 0.000951421621721, 0.00149362592492, 0.00112121086568, 0.00128126179334, 0.000947992957663, 0.000899157952517, 0.00110717967618, 0.000836829596665, 0.000687422521878, 0.000555175822228, 0.000562058994547, 0.000449933286291, 0.000404223508667, 0.00036142099998, 0.00029868420097, 0.000416509778006, 0.000282801716821, 0.000205613643629, 0.000152887398144, 1.15608838058e-08],
        "dvar": [5.59587185478e-08, 1.78401915036e-05, 1.74366250576e-05, 1.52590037032e-05, 1.19665573948e-05, 4.40992289441e-06, 3.05904882225e-06, 2.08562732951e-06, 4.03177455155e-06, 2.52056656791e-06, 3.38505537911e-06, 1.67645521287e-06, 1.43508611927e-06, 1.77465551587e-06, 1.24501912069e-06, 8.07243964118e-07, 3.38322621474e-07, 3.23717159745e-07, 2.13383444247e-07, 1.72708013224e-07, 1.68345309248e-07, 1.54705389832e-07, 5.84556232752e-07, 7.04771082383e-07, 1.49959078044e-07, 9.18733107369e-08, 1.38717781091e-14],
        "dvar2": [1.54506707872e-07, 4.67965946882e-05, 4.32438973803e-05, 4.24506142735e-05, 2.88563842332e-05, 1.05983590402e-05, 7.92954506323e-06, 4.9316604418e-06, 9.1610409072e-06, 6.10174174653e-06, 7.91252841736e-06, 3.8529306039e-06, 3.6105802792e-06, 4.14332725995e-06, 3.09228676088e-06, 2.03377703656e-06, 7.79531887929e-07, 8.03245029601e-07, 5.27688257534e-07, 4.58659286551e-07, 4.37039460621e-07, 3.67387116285e-07, 1.45256910855e-06, 1.5678052705e-06, 3.62990306257e-07, 2.30351957953e-07, 3.24623716851e-14],
        "max": [0.00386660872027, 0.0551862902939, 0.0677984654903, 0.0434116311371, 0.0491331256926, 0.0446850955486, 0.0337720476091, 0.0343140102923, 0.0374635010958, 0.0341787822545, 0.0472105965018, 0.0253631025553, 0.0253038126975, 0.027667151764, 0.0308080036193, 0.0267588347197, 0.0257360059768, 0.00923960376531, 0.0110988914967, 0.00746926292777, 0.00594372116029, 0.0104421218857, 0.0169915575534, 0.0259780474007, 0.0107570532709, 0.005343999248, 8.34878210298e-06],
        "mean": [0.00018842794816, 0.00417519407347, 0.00204456201755, 0.00160317390691, 0.00271302461624, 0.00203550350852, 0.00132385781035, 0.000812112470157, 0.00158512685448, 0.00116411421914, 0.00139805674553, 0.000953024020419, 0.000868329661898, 0.00110654276796, 0.000849462405313, 0.000681154662743, 0.000678666459862, 0.000595875026193, 0.000549066986423, 0.000457358022686, 0.000372086535208, 0.000322779815178, 0.00035269476939, 0.000266673072474, 0.000171972380485, 0.000101149278635, 4.56481874522e-09],
        "median": [8.73815733939e-05, 0.00167642056476, 0.000544129638001, 0.000540784210898, 0.00110147008672, 0.000929049914703, 0.000476023822557, 0.000253485224675, 0.000520098139532, 0.000365079496987, 0.000398153148126, 0.000362888851669, 0.000327373563778, 0.000447445054306, 0.000364789448213, 0.000315638346365, 0.000375750241801, 0.00034656128264, 0.000344522268279, 0.000261198496446, 0.000172889733221, 0.000151565036504, 0.000135079797474, 8.89662042027e-05, 4.57457172161e-05, 1.71913143276e-05, 5.27746457646e-10],
        "min": [2.20041113813e-25, 1.36164620179e-24, 3.17818993205e-25, 3.30561857837e-25, 3.74425176712e-24, 3.09256627914e-24, 3.57698170078e-24, 3.7913783176e-24, 1.04422551432e-23, 7.93028062953e-24, 7.46177219361e-24, 9.09274684832e-24, 1.95917581671e-23, 1.61682706546e-23, 2.15263385629e-23, 2.93675307638e-23, 4.82175735088e-23, 7.56067957391e-23, 9.64528490563e-23, 1.46130234914e-22, 2.09753015501e-22, 2.6929376276e-22, 3.43646818707e-22, 4.92216691167e-22, 7.96132713398e-22, 1.18092634022e-21, 1.79274737029e-21],
        "var": [7.68162564668e-08, 3.58990982932e-05, 1.89631427929e-05, 1.17360414151e-05, 2.06708155019e-05, 1.1789024029e-05, 5.66272274227e-06, 3.25282871927e-06, 9.05130036699e-06, 5.482826964e-06, 8.63851710164e-06, 3.16781734e-06, 2.53614371104e-06, 3.80509163733e-06, 2.23432994062e-06, 1.30614375848e-06, 1.3629642126e-06, 6.30529484624e-07, 5.45942612007e-07, 3.64866167502e-07, 2.75562626939e-07, 2.65563301127e-07, 7.27388396626e-07, 1.00716897578e-06, 1.77939696755e-07, 8.61906812588e-08, 1.15425967463e-14]
    },
    "erbbands": {
        "dmean": [0.0788954347372, 0.610216856003, 1.82371819019, 4.47649908066, 5.26232481003, 6.80094385147, 8.41147136688, 9.83729076385, 10.6555519104, 13.3723087311, 13.5029163361, 20.5370635986, 22.3784561157, 21.514421463, 29.5154762268, 20.6158370972, 20.7616577148, 32.5223045349, 25.7712097168, 24.6813678741, 19.3819713593, 18.4850883484, 17.9836959839, 17.1914081573, 10.8426294327, 11.2094459534, 9.58139514923, 8.04456424713, 6.70482063293, 7.95418167114, 6.57663345337, 4.53830957413, 2.7953517437, 1.63446438313, 0.9453561306, 0.612497508526, 0.152710586786, 0.007732600905, 0.000170228391653, 1.90334067156e-05],
        "dmean2": [0.121540904045, 1.02208805084, 2.97345066071, 7.81752681732, 8.91637992859, 11.2358398438, 13.7232913971, 15.9979667664, 17.4481735229, 22.2564487457, 21.7399578094, 31.7853984833, 35.3422660828, 33.5999794006, 45.8807525635, 32.1555252075, 33.3347091675, 52.0992126465, 41.4496879578, 40.355091095, 31.9550075531, 30.3992786407, 29.6038608551, 27.9329547882, 17.752243042, 18.5759353638, 16.3235168457, 13.348950386, 11.0129127502, 12.8593854904, 10.4241199493, 7.0500497818, 4.36937332153, 2.49268388748, 1.4215862751, 0.96532189846, 0.241169989109, 0.012220075354, 0.000264573463937, 2.89129529847e-05],
        "dvar": [0.0171516370028, 1.05059301853, 14.8413381577, 119.071006775, 121.940917969, 159.171051025, 266.051635742, 360.103881836, 436.159301758, 1043.56506348, 989.857116699, 1924.08947754, 2529.18334961, 2035.36486816, 4253.17529297, 1887.10852051, 1833.9987793, 4294.94775391, 3097.60180664, 2368.40307617, 1517.15710449, 890.067382812, 954.054626465, 834.315063477, 312.625701904, 397.337921143, 385.186218262, 222.636962891, 198.063568115, 455.773925781, 389.561920166, 394.629974365, 166.529144287, 22.5897445679, 7.75762701035, 3.83741259575, 0.219342634082, 0.000529820390511, 2.42830822117e-07, 1.492159174e-09],
        "dvar2": [0.0389250591397, 2.77779150009, 34.653263092, 326.961212158, 321.148223877, 390.437774658, 635.948181152, 861.211181641, 1140.59277344, 2653.99975586, 2331.82519531, 4265.37304688, 5949.80126953, 4974.94482422, 9781.05273438, 4397.76318359, 4525.03173828, 9603.10742188, 7547.79931641, 6087.36767578, 3708.15795898, 2187.82324219, 2404.36108398, 2023.89746094, 801.38861084, 1039.27111816, 1050.46374512, 554.325866699, 481.983978271, 1133.7409668, 929.044677734, 895.175476074, 381.347137451, 53.8304290771, 18.587474823, 9.79639816284, 0.55261695385, 0.00129874271806, 5.88712680383e-07, 3.4488276679e-09],
        "max": [2.21623659134, 14.0636348724, 79.3264541626, 137.118530273, 165.300430298, 198.544525146, 387.183013916, 564.617919922, 433.584350586, 758.263427734, 691.174194336, 821.009460449, 1129.31115723, 1054.83215332, 1201.28491211, 1138.6706543, 1133.67749023, 1612.94421387, 1889.94433594, 1021.08361816, 1356.9765625, 755.607299805, 542.425170898, 758.058959961, 432.71182251, 332.074645996, 331.468505859, 309.356292725, 366.215148926, 588.78515625, 472.922180176, 693.541992188, 456.449798584, 158.262832642, 83.2568359375, 42.3725624084, 7.70635128021, 0.425827115774, 0.0090672550723, 0.000651365728118],
        "mean": [0.127244070172, 0.908301413059, 2.26123189926, 4.49678897858, 6.06480455399, 9.75566959381, 13.9903402328, 16.6793003082, 17.2875862122, 20.2633285522, 21.6309566498, 34.6729545593, 40.1742248535, 39.7389564514, 54.8730926514, 37.2241401672, 37.6318321228, 56.2357063293, 46.4020690918, 44.5775756836, 37.6405906677, 37.639339447, 32.8461799622, 34.2060508728, 22.6426258087, 21.2106990814, 16.3329982758, 14.2540435791, 11.5029172897, 11.8739233017, 9.41858291626, 6.48709154129, 3.87842655182, 2.06745100021, 1.16552555561, 0.638506531715, 0.154426589608, 0.0078158993274, 0.000195905915461, 4.78887850477e-05],
        "median": [0.0361377410591, 0.372155159712, 0.75684684515, 1.57911300659, 2.4052271843, 3.99200725555, 5.55011987686, 7.48346042633, 7.46768569946, 7.35262680054, 7.97539186478, 12.4051828384, 14.074637413, 16.8916091919, 16.6635894775, 16.7103900909, 17.3645324707, 25.1746292114, 24.2505550385, 22.0094108582, 20.0119361877, 21.9124546051, 19.9488945007, 21.4409980774, 15.1955661774, 11.8886566162, 8.2215681076, 6.54376411438, 5.24210929871, 5.30112028122, 3.64897227287, 2.18731737137, 1.22223699093, 0.601557791233, 0.283299446106, 0.117285035551, 0.0230706818402, 0.000722002412658, 4.38678471255e-05, 4.03637750424e-05],
        "min": [4.64494364531e-23, 2.26800514233e-22, 8.96910968839e-22, 2.6756726052e-21, 5.33032682569e-21, 6.92200246221e-21, 2.15082646615e-20, 4.31080523341e-20, 6.29319914759e-20, 1.20929656727e-19, 2.2546606713e-19, 3.21485296032e-19, 3.91448594134e-19, 5.11946061916e-19, 5.39111810605e-19, 5.58806877593e-19, 1.01594302154e-18, 1.22459829708e-18, 1.92280532212e-18, 2.61351023259e-18, 2.37512567224e-18, 3.33662015035e-18, 4.1632761236e-18, 5.14979240164e-18, 4.51730156755e-18, 7.16607823196e-18, 8.12318906641e-18, 6.18324704355e-18, 8.06168487915e-18, 8.82683439039e-18, 1.01812541351e-17, 9.38904754604e-18, 8.47546543697e-18, 7.73252572518e-18, 5.2327619258e-18, 3.84423256133e-18, 1.88061497497e-18, 9.09668820996e-19, 2.06390248228e-19, 2.377241471e-20],
        "var": [0.0447551719844, 1.73006820679, 19.6264476776, 92.3552627563, 132.17755127, 278.343811035, 705.542114258, 947.631835938, 876.606262207, 1675.40478516, 1840.48583984, 4532.88720703, 6112.265625, 4711.77880859, 12977.0439453, 4048.71191406, 3696.37988281, 9576.77929688, 5570.11181641, 4703.70947266, 3358.10742188, 2854.47119141, 1839.48962402, 2126.23950195, 738.79095459, 837.432678223, 549.339050293, 412.336303711, 327.977722168, 572.227111816, 550.698913574, 570.687561035, 210.464767456, 27.9303302765, 8.86237812042, 3.49556851387, 0.200348079205, 0.000519844703376, 2.48445502393e-07, 2.1938815209e-09]
    },
    "gfcc": {
        "mean": [-77.6416549683, 62.7816619873, -118.392402649, 35.1119232178, -56.9924812317, 20.3950042725, -37.6897583008, 12.0163507462, -23.8343086243, 5.09888505936, -15.328502655, 3.91608715057, -9.19824790955],
        "cov": [[127975.320312, 7253.85302734, -13617.5068359, 4176.02587891, -6824.28710938, 2344.1550293, -4529.20019531, 1452.54211426, -2934.41430664, 657.991516113, -1900.11730957, 523.447143555, -1184.56994629], [7253.85302734, 1254.47949219, -844.968444824, 193.750091553, -311.631591797, 56.5571289062, -171.034255981, 63.1596755981, -142.397689819, -24.8354663849, -30.7722949982, -44.7034187317, -48.8474311829], [-13617.5068359, -844.968444824, 2636.77685547, -104.436004639, 801.41192627, -233.579284668, 492.197692871, -107.538619995, 272.141571045, -14.4273900986, 94.2391052246, -8.76131153107, 61.3180770874], [4176.02587891, 193.750091553, -104.436004639, 500.660125732, -157.655380249, 91.3473052979, -129.659667969, 61.2329177856, -72.2950057983, 47.768447876, -93.2816467285, 33.1376571655, -21.508272171], [-6824.28710938, -311.631591797, 801.41192627, -157.655380249, 537.932678223, -61.3663787842, 279.741241455, -45.3736190796, 162.583587646, -24.0981750488, 89.1298828125, -23.1447677612, 62.5472831726], [2344.1550293, 56.5571289062, -233.579284668, 91.3473052979, -61.3663787842, 228.705581665, -9.88059711456, 50.4749565125, -57.1065063477, 33.1480331421, -35.8911361694, 11.8500204086, -19.5638256073], [-4529.20019531, -171.034255981, 492.197692871, -129.659667969, 279.741241455, -9.88059711456, 291.734161377, -22.5496463776, 103.11265564, -13.6324796677, 77.2722396851, -21.5051002502, 41.7598953247], [1452.54211426, 63.1596755981, -107.538619995, 61.2329177856, -45.3736190796, 50.4749565125, -22.5496463776, 120.837242126, 12.4406938553, 21.4935283661, -33.1723022461, 10.1570968628, -6.99856758118], [-2934.41430664, -142.397689819, 272.141571045, -72.2950057983, 162.583587646, -57.1065063477, 103.11265564, 12.4406938553, 166.724853516, 11.0662250519, 45.855556488, -18.0528488159, 43.4776992798], [657.991516113, -24.8354663849, -14.4273900986, 47.768447876, -24.0981750488, 33.1480331421, -13.6324796677, 21.4935283661, 11.0662250519, 83.3494720459, 4.70710229874, 16.1350364685, -9.14832210541], [-1900.11730957, -30.7722949982, 94.2391052246, -93.2816467285, 89.1298828125, -35.8911361694, 77.2722396851, -33.1723022461, 45.855556488, 4.70710229874, 128.433029175, 11.6644029617, 24.6213283539], [523.447143555, -44.7034187317, -8.76131153107, 33.1376571655, -23.1447677612, 11.8500204086, -21.5051002502, 10.1570968628, -18.0528488159, 16.1350364685, 11.6644029617, 74.9793701172, 19.120677948], [-1184.56994629, -48.8474311829, 61.3180770874, -21.508272171, 62.5472831726, -19.5638256073, 41.7598953247, -6.99856758118, 43.4776992798, -9.14832210541, 24.6213283539, 19.120677948, 81.6436080933]],
        "icov": [[0.000348515895894, -0.000792681472376, 0.000575095415115, -0.000792028324213, 0.0011557159014, -0.00101405719761, 0.00128174072597, -0.00115787389223, 0.00121870718431, -0.00100539950654, 0.00130908167921, -0.00145793054253, 0.00124355754815], [-0.000792681472376, 0.00306793721393, -0.000965239130892, 0.00121501018293, -0.00252746860497, 0.00268666981719, -0.00309306499548, 0.00190782779828, -0.00195964518934, 0.00277762021869, -0.00381425046362, 0.00461895018816, -0.00287143792957], [0.000575095415115, -0.000965239130892, 0.00199149083346, -0.00186153897084, 0.000885779503733, -0.00068149267463, 0.00107592146378, -0.00158904178534, 0.00189427705482, -0.00181674875785, 0.00269972160459, -0.00294640962966, 0.00291558587924], [-0.000792028324213, 0.00121501018293, -0.00186153897084, 0.00500457361341, -0.00223147682846, 0.00129846995696, -0.00182618375402, 0.00225266464986, -0.00258454214782, 0.000957008567639, -0.00148759956937, 0.00240516662598, -0.00353134050965], [0.0011557159014, -0.00252746860497, 0.000885779503733, -0.00223147682846, 0.00943962112069, -0.00421704398468, 0.00200689141639, -0.00326716178097, 0.00201753084548, -0.00217743823305, 0.00360424327664, -0.0042709200643, 0.00304914754815], [-0.00101405719761, 0.00268666981719, -0.00068149267463, 0.00129846995696, -0.00421704398468, 0.0101095596328, -0.00629283953458, 0.00126556213945, -0.000549715827219, 0.000431815453339, -0.0026518041268, 0.00412902235985, -0.00309743057005], [0.00128174072597, -0.00309306499548, 0.00107592146378, -0.00182618375402, 0.00200689141639, -0.00629283953458, 0.0137908700854, -0.0048540616408, 0.00367422169074, -0.00289783114567, 0.00194471597206, -0.00314329774119, 0.00281002908014], [-0.00115787389223, 0.00190782779828, -0.00158904178534, 0.00225266464986, -0.00326716178097, 0.00126556213945, -0.0048540616408, 0.0160175617784, -0.00900712795556, 0.00253097736277, -0.000761870876886, 0.00123216060456, -0.00218784855679], [0.00121870718431, -0.00195964518934, 0.00189427705482, -0.00258454214782, 0.00201753084548, -0.000549715827219, 0.00367422169074, -0.00900712795556, 0.0180615745485, -0.00743236904964, 0.00219895411283, 0.000575597281568, -0.0011716322042], [-0.00100539950654, 0.00277762021869, -0.00181674875785, 0.000957008567639, -0.00217743823305, 0.000431815453339, -0.00289783114567, 0.00253097736277, -0.00743236904964, 0.0190555937588, -0.00628267694265, 0.00124901288655, -0.000142830904224], [0.00130908167921, -0.00381425046362, 0.00269972160459, -0.00148759956937, 0.00360424327664, -0.0026518041268, 0.00194471597206, -0.000761870876886, 0.00219895411283, -0.00628267694265, 0.0180085860193, -0.0104359425604, 0.00497347395867], [-0.00145793054253, 0.00461895018816, -0.00294640962966, 0.00240516662598, -0.0042709200643, 0.00412902235985, -0.00314329774119, 0.00123216060456, 0.000575597281568, 0.00124901288655, -0.0104359425604, 0.0265832543373, -0.0128134833649], [0.00124355754815, -0.00287143792957, 0.00291558587924, -0.00353134050965, 0.00304914754815, -0.00309743057005, 0.00281002908014, -0.00218784855679, -0.0011716322042, -0.000142830904224, 0.00497347395867, -0.0128134833649, 0.0228590797633]]
    },
    "melbands": {
        "dmean": [0.000703691854142, 0.000844000547659, 0.000740271003451, 0.000439680239651, 0.000282274035271, 0.000219310764805, 0.000164402576047, 0.000140931922942, 0.000123404955957, 0.000133976762299, 0.000115536873636, 8.84402179508e-05, 0.000106919556856, 6.6643297032e-05, 5.40305372851e-05, 5.60662556381e-05, 6.70551671647e-05, 4.70590093755e-05, 4.08403793699e-05, 3.38475510944e-05, 2.24641589739e-05, 2.22002872761e-05, 1.55659072334e-05, 1.80002989509e-05, 1.54580120579e-05, 9.28707686398e-06, 8.0712734416e-06, 8.18911030365e-06, 6.74944249113e-06, 5.51218272449e-06, 4.79209393234e-06, 4.03123476644e-06, 3.83203359888e-06, 5.09887286171e-06, 4.23879055234e-06, 3.28581018039e-06, 2.73171099252e-06, 2.20319361688e-06, 1.49914228587e-06, 1.40950771765e-06],
        "dmean2": [0.00113332236651, 0.00137258844916, 0.00127793010324, 0.000719892501365, 0.000460182171082, 0.000356468866812, 0.000269753159955, 0.00023425577092, 0.00019688710745, 0.000207751203561, 0.000182674266398, 0.000139504059916, 0.00016314208915, 0.000104624501546, 8.65499678184e-05, 9.05208726181e-05, 0.000108092186565, 7.57200250519e-05, 6.64659455651e-05, 5.56623526791e-05, 3.70462075807e-05, 3.6652712879e-05, 2.5869880119e-05, 2.94995988952e-05, 2.52382105828e-05, 1.53281926032e-05, 1.34490746859e-05, 1.35676591526e-05, 1.15076991278e-05, 9.28646477405e-06, 7.95842879597e-06, 6.7058372224e-06, 6.16566694589e-06, 8.42433564685e-06, 6.80274661136e-06, 5.24962024429e-06, 4.24994732384e-06, 3.48530807059e-06, 2.34238495977e-06, 2.18155901166e-06],
        "dvar": [1.25132089579e-06, 2.56932071352e-06, 2.87464126814e-06, 7.65833760852e-07, 2.54807503097e-07, 1.59882972639e-07, 9.85322401448e-08, 1.14429020925e-07, 8.17020975319e-08, 8.23782073667e-08, 6.63358079578e-08, 3.60022767154e-08, 5.9894603055e-08, 2.15957722816e-08, 1.5952501542e-08, 1.59172941494e-08, 1.91124254201e-08, 1.00984003382e-08, 7.35354133141e-09, 5.97806604219e-09, 2.28728724849e-09, 1.45577738753e-09, 6.54313381254e-10, 1.04670805356e-09, 7.59762475155e-10, 2.95106439285e-10, 1.63545177401e-10, 2.34347014016e-10, 1.87843560151e-10, 1.13990712702e-10, 8.57423854139e-11, 7.09586209235e-11, 7.33169913669e-11, 2.18301238197e-10, 1.56315918542e-10, 1.35725916617e-10, 1.88715862381e-10, 1.20781065704e-10, 2.58105550821e-11, 1.66201739871e-11],
        "dvar2": [3.12877887154e-06, 5.91617254031e-06, 7.83160430728e-06, 1.81999246252e-06, 6.15108149304e-07, 3.83780417224e-07, 2.55943206184e-07, 2.87106956876e-07, 1.91717191456e-07, 1.84727568353e-07, 1.56373232585e-07, 8.6975568081e-08, 1.38352362455e-07, 4.90633311756e-08, 3.59288492291e-08, 3.90276788664e-08, 4.4129464527e-08, 2.40490471981e-08, 1.82742976307e-08, 1.51601167175e-08, 5.23804510877e-09, 3.47815509727e-09, 1.69356950686e-09, 2.55142773575e-09, 1.86295245896e-09, 7.70860097976e-10, 4.29418306469e-10, 6.17251028068e-10, 5.19584042458e-10, 2.97542046557e-10, 2.15945011872e-10, 1.79855838556e-10, 1.71337985466e-10, 5.62483393196e-10, 3.78519854349e-10, 3.34817784609e-10, 4.33835328773e-10, 2.819055267e-10, 6.09448047584e-11, 4.03525893256e-11],
        "max": [0.0158667620271, 0.0308635830879, 0.0200936403126, 0.013000686653, 0.0105779059231, 0.0109290434048, 0.0057507622987, 0.00680532772094, 0.00601336732507, 0.00612331554294, 0.00567172281444, 0.00475516309962, 0.00599729362875, 0.00272809714079, 0.00373678700998, 0.00343138817698, 0.00304281944409, 0.00290186121128, 0.00194739806466, 0.00225515826605, 0.00232338369824, 0.00120373466052, 0.000521912646946, 0.000631786242593, 0.000783971336205, 0.000574622419663, 0.000289536634227, 0.000276405422483, 0.000260104512563, 0.000170773986611, 0.000223781607929, 0.000237006592215, 0.000248300930252, 0.000440757459728, 0.000304812303511, 0.000382941478165, 0.000549468793906, 0.000396260729758, 0.000169813254615, 0.000127398147015],
        "mean": [0.00114980444778, 0.0012091108365, 0.000792934966739, 0.000582983368076, 0.000480851740576, 0.000381520803785, 0.000267778639682, 0.000208111174288, 0.000192584717297, 0.000223073424422, 0.000199790971237, 0.000154435678269, 0.00018785771681, 0.000115592345537, 8.57783306856e-05, 9.18725636438e-05, 0.000107206076791, 7.57363668527e-05, 6.72732785461e-05, 5.40038745385e-05, 4.14027999796e-05, 4.22084413003e-05, 2.75000784313e-05, 2.98635113722e-05, 2.83194822259e-05, 1.73498829099e-05, 1.46887205119e-05, 1.42051821967e-05, 1.07925734483e-05, 8.79950584931e-06, 7.95229152573e-06, 6.40016787656e-06, 6.21660910838e-06, 6.83716234562e-06, 5.78860408496e-06, 4.42969485448e-06, 3.77348374059e-06, 2.9407456168e-06, 1.95342408915e-06, 1.69314682807e-06],
        "median": [0.00042574678082, 0.000518337998074, 0.000319912447594, 0.000228770222748, 0.000208092096727, 0.000176582456334, 0.000112335306767, 7.11189059075e-05, 5.99296981818e-05, 7.4842304457e-05, 6.3513420173e-05, 5.81078129471e-05, 5.27928241354e-05, 4.09108179156e-05, 3.28330133925e-05, 3.19965583913e-05, 4.27918639616e-05, 3.26846347889e-05, 2.72499128187e-05, 2.45445717155e-05, 2.05940850719e-05, 2.25407238759e-05, 1.66336158145e-05, 1.71087431227e-05, 1.63246459124e-05, 1.0736315744e-05, 8.59891133587e-06, 7.08483321432e-06, 5.19245395481e-06, 4.27078975918e-06, 3.39101325153e-06, 2.78335733128e-06, 2.90416619464e-06, 2.81197389995e-06, 2.14200713344e-06, 1.58207399181e-06, 1.1763022485e-06, 8.85079828095e-07, 5.94573748458e-07, 4.53605139228e-07],
        "min": [5.76003701153e-25, 7.24965982215e-25, 6.87010432798e-25, 7.11739890974e-25, 7.88564687951e-25, 7.77308135872e-25, 1.0872563187e-24, 1.01145664647e-24, 1.37280690727e-24, 1.65693784204e-24, 1.4504340744e-24, 1.81305972607e-24, 9.58309805384e-25, 1.00615392346e-24, 2.33314605733e-24, 1.91745422561e-24, 1.80573870244e-24, 2.36691936205e-24, 2.3732199941e-24, 2.46619316824e-24, 2.68757574002e-24, 2.77409070715e-24, 2.73897456395e-24, 2.9549479165e-24, 4.0516917667e-24, 3.4225093249e-24, 3.15554341179e-24, 3.88865472798e-24, 4.06093603322e-24, 4.44022942835e-24, 2.68721937211e-24, 3.48642401874e-24, 3.91864524744e-24, 3.70134325591e-24, 4.63039302702e-24, 4.56663176664e-24, 5.11165300504e-24, 4.98832012454e-24, 5.21055880762e-24, 5.34283184876e-24],
        "var": [2.94756591757e-06, 3.92436413676e-06, 2.38443908529e-06, 1.13031126148e-06, 6.83354130615e-07, 4.29190038176e-07, 1.96902135485e-07, 1.79153289537e-07, 1.60463713428e-07, 1.95718030227e-07, 1.594319059e-07, 7.95750381144e-08, 1.65630297033e-07, 5.04315487149e-08, 2.96215780793e-08, 3.24610098801e-08, 3.98662649559e-08, 1.83738215753e-08, 1.5158237332e-08, 9.20228693246e-09, 5.71671066041e-09, 4.81181405831e-09, 1.26819754698e-09, 1.85267590158e-09, 1.82159065609e-09, 5.90187898553e-10, 3.61257801451e-10, 4.50390169604e-10, 2.74568284775e-10, 1.6286948179e-10, 1.46467282747e-10, 1.06327939509e-10, 1.18271739624e-10, 2.35681557603e-10, 2.10050962735e-10, 1.76486783521e-10, 2.55826748674e-10, 1.45045322975e-10, 3.2388626503e-11, 1.89411472618e-11]
    },
    "mfcc": {
        "mean": [-649.369445801, 85.0017623901, -7.03106784821, 16.5727748871, 2.07304286957, 6.67201042175, -1.1188403368, 5.13932132721, -1.97090852261, 2.00191903114, -1.55789983273, -1.47809553146, -1.13502085209],
        "cov": [[28889.359375, 4486.58886719, -353.803009033, 889.561706543, 33.6361045837, 279.413269043, -93.6220016479, 231.082977295, -160.894119263, 71.3447418213, -82.0726089478, -110.585441589, -78.6460952759], [4486.58886719, 1547.47961426, -130.431594849, 157.584335327, 3.63467097282, 10.787320137, 43.8526306152, 61.6647033691, -57.6749038696, 43.5471229553, 12.5049991608, -44.7062644958, -37.2400398254], [-353.803009033, -130.431594849, 835.536437988, 296.36050415, 119.324836731, 66.9557952881, 32.1187400818, 11.1722812653, 49.2460899353, -12.224357605, 3.24203467369, 10.1043157578, 17.4633865356], [889.561706543, 157.584335327, 296.36050415, 379.704498291, 96.948135376, 46.6870117188, -5.31095647812, 16.5910224915, 37.7100028992, -1.97286355495, -16.050359726, 13.575091362, 19.8449516296], [33.6361045837, 3.63467097282, 119.324836731, 96.948135376, 163.153991699, 35.7258605957, 5.68800735474, 23.5165157318, 40.9474525452, 8.82551860809, 1.5940028429, 2.21541333199, 14.2029981613], [279.413269043, 10.787320137, 66.9557952881, 46.6870117188, 35.7258605957, 158.313095093, 71.6410751343, 21.6157112122, 27.5692901611, 6.78914403915, 4.85412406921, 10.6500682831, 22.382270813], [-93.6220016479, 43.8526306152, 32.1187400818, -5.31095647812, 5.68800735474, 71.6410751343, 139.5625, 38.2470970154, 8.85692882538, -1.73568844795, 20.3061733246, 0.399386703968, 22.6194629669], [231.082977295, 61.6647033691, 11.1722812653, 16.5910224915, 23.5165157318, 21.6157112122, 38.2470970154, 89.7649765015, 36.2476997375, 13.8369855881, 1.7543554306, 0.548269927502, 8.76442337036], [-160.894119263, -57.6749038696, 49.2460899353, 37.7100028992, 40.9474525452, 27.5692901611, 8.85692882538, 36.2476997375, 126.448326111, 34.6322517395, 2.86093783379, 4.82366657257, 18.6652526855], [71.3447418213, 43.5471229553, -12.224357605, -1.97286355495, 8.82551860809, 6.78914403915, -1.73568844795, 13.8369855881, 34.6322517395, 78.7066574097, 29.4230384827, 2.39758777618, -4.892162323], [-82.0726089478, 12.5049991608, 3.24203467369, -16.050359726, 1.5940028429, 4.85412406921, 20.3061733246, 1.7543554306, 2.86093783379, 29.4230384827, 77.0498275757, 17.7351207733, -1.59539461136], [-110.585441589, -44.7062644958, 10.1043157578, 13.575091362, 2.21541333199, 10.6500682831, 0.399386703968, 0.548269927502, 4.82366657257, 2.39758777618, 17.7351207733, 65.7683029175, 26.2337150574], [-78.6460952759, -37.2400398254, 17.4633865356, 19.8449516296, 14.2029981613, 22.382270813, 22.6194629669, 8.76442337036, 18.6652526855, -4.892162323, -1.59539461136, 26.2337150574, 72.66065979]],
