{
"lowlevel": {
    "average_loudness": 0.860254049301,
    "barkbands_crest": {
        "dmean": 2.05173826218,
        "dmean2": 3.39222240448,
        "dvar": 4.10559272766,
        "dvar2": 10.7965650558,
        "max": 23.9488945007,
        "mean": 9.23799991608,
        "median": 8.2872209549,
        "min": 2.38158917427,
        "var": 14.9850101471
    },
    "barkbands_flatness_db": {
        "dmean": 0.0146897118539,
        "dmean2": 0.0238404087722,
        "dvar": 0.000178756861715,
        "dvar2": 0.000444877747213,
        "max": 0.344626963139,
        "mean": 0.137752652168,
        "median": 0.131892412901,
        "min": 0.0287622865289,
        "var": 0.00220338185318
    },
    "barkbands_kurtosis": {
        "dmean": 2.07034397125,
        "dmean2": 3.3533821106,
        "dvar": 13.4976530075,
        "dvar2": 34.032951355,
        "max": 124.702507019,
        "mean": 4.30439758301,
        "median": 1.90882062912,
        "min": -1.93263971806,
        "var": 64.5391159058
    },
    "barkbands_skewness": {
        "dmean": 0.39354583621,
        "dmean2": 0.627168178558,
        "dvar": 0.165864646435,
        "dvar2": 0.410956084728,
        "max": 8.97296524048,
        "mean": 1.16885769367,
        "median": 1.20273804665,
        "min": -2.34786105156,
        "var": 2.44251871109
    },
    "barkbands_spread": {
        "dmean": 4.21196985245,
        "dmean2": 6.62801265717,
        "dvar": 28.8675022125,
        "dvar2": 63.1709938049,
        "max": 101.365829468,
        "mean": 21.6364383698,
        "median": 20.7503948212,
        "min": 0.951802492142,
        "var": 149.854171753
    },
    "dissonance": {
        "dmean": 0.0142813446,
        "dmean2": 0.02394730784,
        "dvar": 0.000192553430679,
        "dvar2": 0.000527358148247,
        "max": 0.500000238419,
        "mean": 0.46614164114,
        "median": 0.470529764891,
        "min": 0.267673194408,
        "var": 0.000646235537715
    },
    "dynamic_complexity": 2.08214855194,
    "erbbands_crest": {
        "dmean": 2.10826635361,
        "dmean2": 3.46052312851,
        "dvar": 4.59154129028,
        "dvar2": 11.7561149597,
        "max": 30.0354995728,
        "mean": 8.32486915588,
        "median": 7.44111299515,
        "min": 2.423163414,
        "var": 16.5591506958
    },
    "erbbands_flatness_db": {
        "dmean": 0.0118818869814,
        "dmean2": 0.0189211275429,
        "dvar": 0.000117945746752,
        "dvar2": 0.000273563317023,
        "max": 0.288462102413,
        "mean": 0.16117888689,
        "median": 0.162469774485,
        "min": 0.0622796677053,
        "var": 0.00112811801955
    },
    "erbbands_kurtosis": {
        "dmean": 0.676320075989,
        "dmean2": 1.08919334412,
        "dvar": 1.2055811882,
        "dvar2": 2.81024360657,
        "max": 28.2303638458,
        "mean": 0.127989217639,
        "median": -0.265647172928,
        "min": -1.88693356514,
        "var": 3.67846560478
    },
    "erbbands_skewness": {
        "dmean": 0.294252216816,
        "dmean2": 0.462187290192,
        "dvar": 0.088046990335,
        "dvar2": 0.196156799793,
        "max": 4.69888114929,
        "mean": 0.219474613667,
        "median": 0.168371632695,
        "min": -3.78501081467,
        "var": 0.649470508099
    },
    "erbbands_spread": {
        "dmean": 6.22863340378,
        "dmean2": 9.82680606842,
        "dvar": 46.2549438477,
        "dvar2": 104.325408936,
        "max": 171.185272217,
        "mean": 39.2561187744,
        "median": 37.8612289429,
        "min": 5.05083608627,
        "var": 229.198547363
    },
    "hfc": {
        "dmean": 5.47754001617,
        "dmean2": 8.18902778625,
        "dvar": 147.663040161,
        "dvar2": 264.487487793,
        "max": 421.947052002,
        "mean": 23.6174049377,
        "median": 18.0538883209,
        "min": 1.0235773113e-16,
        "var": 813.101135254
    },
    "melbands_crest": {
        "dmean": 2.49409461021,
        "dmean2": 4.11079597473,
        "dvar": 5.68581914902,
        "dvar2": 15.1117105484,
        "max": 31.5053138733,
        "mean": 11.8488512039,
        "median": 11.8256664276,
        "min": 1.0841473341,
        "var": 31.4943199158
    },
    "melbands_flatness_db": {
        "dmean": 0.0168210566044,
        "dmean2": 0.0264284946024,
        "dvar": 0.000304473243887,
        "dvar2": 0.000702436082065,
        "max": 0.449642509222,
        "mean": 0.16851939261,
        "median": 0.17471536994,
        "min": 0.000511971360538,
        "var": 0.00739927357063
    },
    "melbands_kurtosis": {
        "dmean": 4.52332925797,
        "dmean2": 7.29542446136,
        "dvar": 62.4148445129,
        "dvar2": 157.346817017,
        "max": 186.264068604,
        "mean": 11.3807439804,
        "median": 5.92929935455,
        "min": -1.79281914234,
        "var": 256.106292725
    },
    "melbands_skewness": {
        "dmean": 0.509845197201,
        "dmean2": 0.811940670013,
        "dvar": 0.303089350462,
        "dvar2": 0.758263409138,
        "max": 11.7912387848,
        "mean": 2.31524157524,
        "median": 2.23046517372,
        "min": -0.79362988472,
        "var": 2.68990945816
    },
    "melbands_spread": {
        "dmean": 6.61360454559,
        "dmean2": 10.5187606812,
        "dvar": 76.9987640381,
        "dvar2": 168.608810425,
        "max": 199.950561523,
        "mean": 35.8772125244,
        "median": 23.2186603546,
        "min": 0.813151299953,
        "var": 1449.14025879
    },
    "pitch_salience": {
        "dmean": 0.0522869117558,
        "dmean2": 0.0872113332152,
        "dvar": 0.00242295884527,
        "dvar2": 0.00658423826098,
        "max": 0.996337711811,
        "mean": 0.581142902374,
        "median": 0.565088570118,
        "min": 0.209120735526,
        "var": 0.0148777812719
    },
    "silence_rate_20dB": {
        "dmean": 0,
        "dmean2": 0,
        "dvar": 0,
        "dvar2": 0,
        "max": 1,
        "mean": 1,
        "median": 1,
        "min": 1,
        "var": 0
    },
    "silence_rate_30dB": {
        "dmean": 0.000910539471079,
        "dmean2": 0.00182128627785,
        "dvar": 0.000909767928533,
        "dvar2": 0.00250118086115,
        "max": 1,
        "mean": 0.999203383923,
        "median": 1,
        "min": 0,
        "var": 0.00079592410475
    },
    "silence_rate_60dB": {
        "dmean": 0.000910539471079,
        "dmean2": 0.00182128627785,
        "dvar": 0.000909827067517,
        "dvar2": 0.00250057992525,
        "max": 1,
        "mean": 0.121429383755,
        "median": 0,
        "min": 0,
        "var": 0.106689073145
    },
    "spectral_centroid": {
        "dmean": 218.805541992,
        "dmean2": 346.895019531,
        "dvar": 63952.2070312,
        "dvar2": 140509.921875,
        "max": 11936.6503906,
        "mean": 2415.03198242,
        "median": 1433.43457031,
        "min": 205.713500977,
        "var": 9261365
    },
    "spectral_complexity": {
        "dmean": 2.54791712761,
        "dmean2": 4.13750696182,
        "dvar": 7.98873138428,
        "dvar2": 19.3076381683,
        "max": 57,
        "mean": 18.4638671875,
        "median": 18,
        "min": 0,
        "var": 125.676635742
    },
    "spectral_decrease": {
        "dmean": 1.32996991198e-09,
        "dmean2": 2.1081369983e-09,
        "dvar": 2.9194063794e-18,
        "dvar2": 7.82329225379e-18,
        "max": 2.48221867916e-28,
        "mean": -6.45066933203e-09,
        "median": -6.19013418302e-09,
        "min": -4.73736001538e-08,
        "var": 1.67565103428e-17
    },
    "spectral_energy": {
        "dmean": 0.00531733734533,
        "dmean2": 0.00843553990126,
        "dvar": 4.47570091637e-05,
        "dvar2": 0.000119032963994,
        "max": 0.181363195181,
        "mean": 0.0264885164797,
        "median": 0.0257753282785,
        "min": 9.79300338892e-21,
        "var": 0.000272684788797
    },
    "spectral_energyband_high": {
        "dmean": 0.000440053350758,
        "dmean2": 0.000641113962047,
        "dvar": 2.04959474104e-06,
        "dvar2": 3.54890221388e-06,
        "max": 0.0515700876713,
        "mean": 0.00114888616372,
        "median": 0.000523431343026,
        "min": 6.69239319926e-21,
        "var": 9.11926144909e-06
    },
    "spectral_energyband_low": {
        "dmean": 0.00233575957827,
        "dmean2": 0.00384607631713,
        "dvar": 2.32574220718e-05,
        "dvar2": 6.85724517098e-05,
        "max": 0.160676419735,
        "mean": 0.00606480846182,
        "median": 0.00328270485625,
        "min": 5.45057052689e-24,
        "var": 6.50983856758e-05
    },
    "spectral_energyband_middle_high": {
        "dmean": 0.00162820762489,
        "dmean2": 0.00256980839185,
        "dvar": 5.85787802265e-06,
        "dvar2": 1.46682368722e-05,
        "max": 0.0576492920518,
        "mean": 0.00610255263746,
        "median": 0.0040748231113,
        "min": 1.01387654908e-21,
        "var": 4.03442863899e-05
    },
    "spectral_energyband_middle_low": {
        "dmean": 0.00385261280462,
        "dmean2": 0.00597023963928,
        "dvar": 2.61739987764e-05,
        "dvar2": 6.24602398602e-05,
        "max": 0.0880728587508,
        "mean": 0.01415380463,
        "median": 0.0122257731855,
        "min": 1.14198155212e-22,
        "var": 0.000128391329781
    },
    "spectral_entropy": {
        "dmean": 0.114016339183,
        "dmean2": 0.178068503737,
        "dvar": 0.0163638740778,
        "dvar2": 0.0352074764669,
        "max": 9.83058071136,
        "mean": 7.70638370514,
        "median": 7.54496717453,
        "min": 5.7328619957,
        "var": 0.689791619778
    },
    "spectral_flux": {
        "dmean": 0.0152477035299,
        "dmean2": 0.0247758757323,
        "dvar": 0.000289055373287,
        "dvar2": 0.000729850144126,
        "max": 0.280340075493,
        "mean": 0.0684450417757,
        "median": 0.0693953186274,
        "min": 6.28081614495e-11,
        "var": 0.00136803498026
    },
    "spectral_kurtosis": {
        "dmean": 1.07429492474,
        "dmean2": 1.82425045967,
        "dvar": 1.31403446198,
        "dvar2": 3.71454930305,
        "max": 19.4766178131,
        "mean": 3.35565328598,
        "median": 3.24381971359,
        "min": -1.27282512188,
        "var": 6.91864585876
    },
    "spectral_rms": {
        "dmean": 0.000474874395877,
        "dmean2": 0.000749902799726,
        "dvar": 2.69795577879e-07,
        "dvar2": 6.7686659122e-07,
        "max": 0.013301868923,
        "mean": 0.00464438879862,
        "median": 0.00501464447007,
        "min": 3.09097886175e-12,
        "var": 4.27207396569e-06
    },
    "spectral_rolloff": {
        "dmean": 425.723236084,
        "dmean2": 727.326049805,
        "dvar": 525017.8125,
        "dvar2": 1100934.5,
        "max": 19918.2128906,
        "mean": 3433.42578125,
        "median": 1593.45703125,
        "min": 129.19921875,
        "var": 29895118
    },
    "spectral_skewness": {
        "dmean": 0.162395387888,
        "dmean2": 0.263273149729,
        "dvar": 0.0260987635702,
        "dvar2": 0.0640502348542,
        "max": 3.67890453339,
        "mean": 1.2800604105,
        "median": 1.33302915096,
        "min": -0.306897640228,
        "var": 0.359401583672
    },
    "spectral_spread": {
        "dmean": 411847,
        "dmean2": 652231.1875,
        "dvar": 442243219456,
        "dvar2": 870270304256,
        "max": 42959292,
        "mean": 8205005.5,
        "median": 4178648,
        "min": 2575068.25,
        "var": 1.26802232082e+14
    },
    "spectral_strongpeak": {
        "dmean": 0.542293787003,
        "dmean2": 0.931011259556,
        "dvar": 1.16197776794,
        "dvar2": 3.1087744236,
        "max": 15.3308563232,
        "mean": 1.10001254082,
        "median": 0.680248677731,
        "min": 0,
        "var": 1.75729191303
    },
    "zerocrossingrate": {
        "dmean": 0.00829816889018,
        "dmean2": 0.0106363603845,
        "dvar": 0.000157123198733,
        "dvar2": 0.000191605970031,
        "max": 0.712890625,
        "mean": 0.109048478305,
        "median": 0.05859375,
        "min": 0.00439453125,
        "var": 0.0197377558798
    },
    "barkbands": {
        "dmean": [9.99955809675e-05, 0.00100322032813, 0.00140073080547, 0.000730571278837, 0.00232964474708, 0.0011057369411, 0.00101461727172, 0.000467770238174, 0.000432491098763, 0.000500297581311, 0.000377345364541, 0.00022897060262, 0.000257509906078, 0.000421113247285, 0.000272199074971, 0.000635930104181, 0.000341679435223, 0.000187080484466, 0.000162967975484, 0.000146785678226, 0.000140612828545, 0.000103677077277, 7.86495656939e-05, 9.74549548118e-05, 4.57294845546e-05, 1.80369734153e-05, 9.62502788582e-09],
        "dmean2": [0.000177263646037, 0.0016687848838, 0.00234800879844, 0.00118390622083, 0.00369432312436, 0.00168099673465, 0.00154854578432, 0.000688311236445, 0.000669986242428, 0.000753263360821, 0.000567010545637, 0.000353525188984, 0.000415459304349, 0.000690873304848, 0.000447093712864, 0.00107936910354, 0.000571183045395, 0.000304383429466, 0.000262575049419, 0.000235052473727, 0.000225428069825, 0.000164842072991, 0.000122492056107, 0.000140749791171, 6.31191942375e-05, 2.28933749895e-05, 1.69682081719e-08],
        "dvar": [4.62796698741e-08, 9.43539725995e-06, 6.35620290268e-06, 1.42948420034e-06, 1.71759238583e-05, 6.04532260695e-06, 5.18072738487e-06, 1.76913374617e-06, 1.12792588425e-06, 1.44418288528e-06, 9.26670224999e-07, 3.80619070484e-07, 3.88813731433e-07, 6.94370157817e-07, 4.25142758331e-07, 1.68561587088e-06, 4.66796933551e-07, 2.10530373579e-07, 4.77368303109e-07, 7.54949667225e-08, 1.5657631991e-07, 1.72678795707e-07, 1.76374513217e-07, 3.7399686903e-07, 8.74286172348e-08, 2.18381224215e-08, 2.57049342613e-14],
        "dvar2": [1.42387463598e-07, 2.76275477518e-05, 1.83814026968e-05, 3.65826849702e-06, 4.35686524725e-05, 1.20936947496e-05, 1.26790237118e-05, 3.41529403158e-06, 2.67673885901e-06, 3.26450231114e-06, 1.89594970834e-06, 8.33582362247e-07, 9.12101199901e-07, 1.87382181593e-06, 1.08250014819e-06, 4.75229626318e-06, 1.26714428461e-06, 5.40644066405e-07, 1.37340600759e-06, 1.89775406056e-07, 4.07096763411e-07, 3.76000230062e-07, 3.74880613663e-07, 7.46120690565e-07, 1.52791088226e-07, 3.90127432581e-08, 6.34158727592e-14],
        "max": [0.00607178965583, 0.101728156209, 0.0581906214356, 0.0306895077229, 0.0800347030163, 0.0566933080554, 0.0768299177289, 0.0653838440776, 0.0273101497442, 0.0369906164706, 0.0289158672094, 0.017630148679, 0.0154951987788, 0.0238888785243, 0.0158182047307, 0.0299970060587, 0.0151279419661, 0.0218198485672, 0.0501483567059, 0.00736443605274, 0.0181321483105, 0.0178392194211, 0.0187569502741, 0.0288794133812, 0.0150949209929, 0.0071725146845, 1.08897356768e-05],
        "mean": [0.000143436947837, 0.00219528609887, 0.00302695040591, 0.00164619705174, 0.00507217925042, 0.00278123258613, 0.00238411524333, 0.000962675432675, 0.000839436077513, 0.00101948715746, 0.000748637830839, 0.000415639107814, 0.000450069230283, 0.000673673581332, 0.000496123393532, 0.000979446806014, 0.000651831971481, 0.000381638325052, 0.000340537255397, 0.0003192453878, 0.000306719681248, 0.000203266885364, 0.000147310842294, 0.000179824754014, 8.89064685907e-05, 3.46253909811e-05, 6.56788001763e-09],
        "median": [6.487382052e-05, 0.000308705959469, 0.00133697548881, 0.000869875890203, 0.00274396175519, 0.000816662970465, 0.00101359677501, 0.000230238976656, 0.000228070683079, 0.000312629039399, 0.000168686994584, 0.000102305741166, 0.00013322311861, 0.000295831850963, 0.000122040124552, 0.000358832243364, 0.000292069133138, 0.000152544700541, 0.000175060296897, 0.000187296012882, 0.000148620849359, 7.03922632965e-05, 3.54264120688e-05, 2.93289776891e-05, 1.41175150929e-05, 3.72085764866e-06, 4.86242546227e-10],
        "min": [3.46509432919e-26, 7.89549087753e-25, 4.10049035717e-25, 3.36214489957e-25, 2.31519651351e-24, 3.79135544064e-24, 1.5877592766e-24, 3.71700135601e-24, 9.54616516398e-24, 1.27359384337e-23, 5.88467082227e-24, 1.58761254847e-23, 1.60063774642e-23, 3.01484588838e-23, 2.67760090942e-23, 4.08676838797e-23, 5.49388861469e-23, 6.18808368693e-23, 9.13149474935e-23, 1.3363976475e-22, 2.11796203111e-22, 2.56766702072e-22, 3.37142187227e-22, 5.29843715515e-22, 7.98412811715e-22, 1.15947235282e-21, 1.78303446044e-21],
        "var": [8.10987828004e-08, 2.12082904909e-05, 1.76973753696e-05, 5.73628540224e-06, 4.8122183216e-05, 3.24969769281e-05, 1.70727344084e-05, 6.3948150455e-06, 3.32019476446e-06, 5.02963894178e-06, 3.47410923496e-06, 1.09263214654e-06, 8.64329990691e-07, 1.22875906072e-06, 1.19288699807e-06, 2.91126411867e-06, 1.1264277191e-06, 4.78169340568e-07, 6.44120291327e-07, 2.0051130889e-07, 2.54623785167e-07, 5.05253410665e-07, 4.53214141771e-07, 1.24857297124e-06, 3.01012107684e-07, 7.01415672211e-08, 2.13549135515e-14]
    },
    "erbbands": {
        "dmean": [0.0246498789638, 0.265332520008, 1.40487194061, 1.84447073936, 4.97352075577, 9.18392944336, 7.92904376984, 11.2073316574, 16.3111743927, 10.6550788879, 6.6882557869, 10.6111497879, 15.6561021805, 12.0321416855, 12.7637205124, 8.37952327728, 10.8857421875, 18.7414417267, 14.2444562912, 21.9856204987, 24.6540622711, 15.652141571, 12.04596138, 8.56010818481, 6.67715501785, 6.443338871, 6.24398326874, 4.72813367844, 3.70350551605, 3.08325099945, 2.20830011368, 2.23980784416, 1.49646627903, 0.678845286369, 0.278362125158, 0.118448622525, 0.0257540941238, 0.00140058214311, 3.26907829731e-05, 8.31152829051e-06],
        "dmean2": [0.041560549289, 0.440928816795, 2.33943486214, 3.04876422882, 7.79814243317, 14.9620428085, 12.3210220337, 16.8417053223, 24.9629268646, 15.8824596405, 9.89171886444, 16.2569580078, 23.7332115173, 18.2352313995, 19.299446106, 13.1593961716, 17.2539386749, 30.8629550934, 23.171787262, 36.845867157, 41.9350471497, 25.9777145386, 19.5431632996, 13.9136562347, 10.6806955338, 10.3175086975, 9.89050674438, 7.68902444839, 5.91947126389, 4.89600801468, 3.39994621277, 3.27060270309, 2.17026209831, 0.98924022913, 0.365783601999, 0.156330302358, 0.0328647531569, 0.00198150309734, 4.38572606072e-05, 1.22147912407e-05],
        "dvar": [0.00719146477059, 0.563692092896, 7.361536026, 8.63348865509, 79.7178421021, 366.716705322, 303.359741211, 717.359558105, 1490.25366211, 556.665466309, 453.813995361, 747.596923828, 1369.29968262, 840.263671875, 1011.48895264, 635.627990723, 622.204528809, 1684.40356445, 896.594360352, 1567.6072998, 2139.7512207, 868.79888916, 644.205932617, 460.817840576, 1286.15905762, 146.751342773, 180.696578979, 342.564666748, 212.489379883, 176.89932251, 151.304977417, 223.569412231, 87.8691253662, 19.3214683533, 3.91096591949, 1.07464814186, 0.0356740690768, 0.000194128850126, 6.53431513342e-08, 3.66360830562e-10],
        "dvar2": [0.0203409269452, 1.66096401215, 21.2429504395, 24.940158844, 183.437561035, 1018.50482178, 699.887756348, 1410.87573242, 3726.53710938, 1173.12854004, 732.37902832, 1742.02160645, 3168.88842773, 1867.47106934, 2279.6159668, 1539.82922363, 1447.43322754, 4525.52099609, 2273.05932617, 4342.10742188, 6012.9375, 2283.10253906, 1654.52197266, 1226.99487305, 3637.80004883, 359.395690918, 440.637695312, 900.461364746, 457.456237793, 394.657196045, 310.003234863, 494.075866699, 176.64352417, 38.8359069824, 6.40039920807, 2.1101744175, 0.0569195002317, 0.00038630241761, 1.0847883658e-07, 5.74767122785e-10],
        "max": [2.71403741837, 23.1155986786, 66.8553009033, 47.2823944092, 239.532272339, 366.838043213, 393.032043457, 719.35925293, 1332.27697754, 615.425537109, 1582.39916992, 741.668945312, 988.132141113, 876.455871582, 1263.03491211, 880.333740234, 599.646789551, 1286.42749023, 771.66619873, 775.339233398, 935.399902344, 587.457946777, 711.04309082, 851.379455566, 2782.02026367, 275.327178955, 334.013244629, 1037.38745117, 611.101196289, 553.101989746, 524.376220703, 720.064575195, 399.320983887, 202.12487793, 92.8071517944, 55.6921081543, 9.05291461945, 0.83138358593, 0.0143063012511, 0.000862637010869],
        "mean": [0.0499767921865, 0.563141644001, 2.98974990845, 4.796189785, 10.0391921997, 18.1349048615, 18.1607303619, 29.2311935425, 39.1557922363, 25.769241333, 14.1890277863, 21.2930450439, 33.9290962219, 24.5957355499, 28.5891723633, 17.266450882, 20.1838283539, 31.246881485, 29.4802265167, 40.1264953613, 43.5576972961, 32.8338508606, 26.287902832, 18.5376605988, 14.5267400742, 14.2862873077, 14.0771665573, 10.3415880203, 7.43804931641, 5.64213705063, 4.21524620056, 3.94703817368, 2.72550773621, 1.2045737505, 0.551333487034, 0.221891611814, 0.0503110960126, 0.0025308788754, 7.72278290242e-05, 3.74072660634e-05],
        "median": [0.00643219798803, 0.118944846094, 1.27041232586, 3.01327252388, 5.29345178604, 8.08699893951, 7.707426548, 9.30409145355, 17.7627830505, 8.65563201904, 5.90769910812, 6.46641111374, 11.5735569, 7.78384399414, 8.28213214874, 4.86798858643, 7.02141523361, 13.9122343063, 12.1007518768, 20.2196083069, 21.1525382996, 16.0815219879, 11.6687688828, 8.81909751892, 8.11151027679, 8.48676872253, 7.54696416855, 5.14095258713, 2.78988265991, 1.61434543133, 0.973471283913, 0.678878724575, 0.43054023385, 0.189802184701, 0.0812546908855, 0.0286288671196, 0.00481252931058, 0.000134003334097, 2.19504217966e-05, 3.2425574318e-05],
        "min": [2.16062123073e-23, 1.47028728552e-22, 8.8092836922e-22, 2.33022170578e-21, 6.7068280664e-21, 7.96546818672e-21, 1.76830147708e-20, 4.92940546904e-20, 8.12717294919e-20, 7.33544607317e-20, 2.40684225847e-19, 2.89291478291e-19, 3.94373039491e-19, 4.49042233355e-19, 3.43415405035e-19, 9.36856800164e-19, 1.06167535607e-18, 1.37852833727e-18, 2.22739369638e-18, 2.70101663561e-18, 2.61914519371e-18, 3.71879517093e-18, 4.16932653619e-18, 4.65047392386e-18, 5.12771867341e-18, 6.107214256e-18, 7.50120466688e-18, 8.11665268521e-18, 9.43665758056e-18, 9.06605336918e-18, 8.91682502359e-18, 9.62761553369e-18, 9.01775015731e-18, 7.31964679423e-18, 5.96538669535e-18, 3.75264257442e-18, 2.01112546407e-18, 8.61234397601e-19, 1.96654306569e-19, 2.46233945366e-20],
        "var": [0.0168830752373, 1.16465568542, 19.761548996, 31.6828918457, 217.513565063, 819.820861816, 961.323974609, 3928.92602539, 4564.00585938, 2645.89575195, 1231.89172363, 2236.24047852, 5168.33398438, 2579.97094727, 5234, 2023.87207031, 1467.20031738, 2870.34716797, 2744.98950195, 3573.82788086, 4247.26855469, 2471.85180664, 1810.41491699, 1048.77819824, 1646.61535645, 392.480560303, 428.805358887, 443.97668457, 650.279052734, 418.603637695, 412.742675781, 611.662353516, 283.799468994, 50.4480743408, 14.8344020844, 2.93201327324, 0.141571506858, 0.000569070398342, 2.47822413257e-07, 2.02689731665e-09]
    },
    "gfcc": {
        "mean": [-110.596351624, 84.3678588867, -118.202278137, 39.1046714783, -59.2045593262, 7.07287693024, -44.0404548645, 4.9448633194, -23.2449836731, 1.12689352036, -17.3635959625, -3.32010984421, -4.29417419434],
        "cov": [[129077.304688, 10032.8193359, -14838.9042969, 4888.87841797, -7408.95751953, 1007.24926758, -5377.13427734, 700.516601562, -2789.80322266, 256.358703613, -2114.5065918, -294.540924072, -449.74508667], [10032.8193359, 1807.82849121, -777.733642578, 506.642791748, -443.446777344, -136.807342529, -423.856323242, -57.1146697998, -294.859466553, -45.3944969177, -155.775512695, -166.783203125, -57.884513855], [-14838.9042969, -777.733642578, 2569.63330078, -362.087768555, 874.861450195, -238.391464233, 527.412841797, -146.859283447, 220.077728271, -77.856803894, 208.810256958, -17.0934734344, -24.7320194244], [4888.87841797, 506.642791748, -362.087768555, 477.684661865, -191.250579834, -5.66636705399, -196.48600769, 8.77393627167, -89.4905929565, -11.4256706238, -101.972923279, -48.5339355469, -31.2418937683], [-7408.95751953, -443.446777344, 874.861450195, -191.250579834, 606.989196777, -20.5235118866, 350.496002197, -28.8150024414, 168.976531982, -18.7261676788, 116.911911011, -3.22429609299, 23.4199943542], [1007.24926758, -136.807342529, -238.391464233, -5.66636705399, -20.5235118866, 242.106414795, 51.7223510742, 41.0134277344, 14.4307327271, 18.7708740234, -7.78984165192, 23.777765274, 12.9350042343], [-5377.13427734, -423.856323242, 527.412841797, -196.48600769, 350.496002197, 51.7223510742, 364.225494385, 13.4137182236, 144.188842773, 10.4277706146, 103.464080811, 23.5174179077, 43.1433486938], [700.516601562, -57.1146697998, -146.859283447, 8.77393627167, -28.8150024414, 41.0134277344, 13.4137182236, 100.242462158, 24.7592792511, 14.6187448502, 2.13899564743, 26.9718914032, 4.62198448181], [-2789.80322266, -294.859466553, 220.077728271, -89.4905929565, 168.976531982, 14.4307327271, 144.188842773, 24.7592792511, 169.612930298, 41.5212631226, 58.0151863098, 23.4065132141, 30.2505626678], [256.358703613, -45.3944969177, -77.856803894, -11.4256706238, -18.7261676788, 18.7708740234, 10.4277706146, 14.6187448502, 41.5212631226, 87.1483688354, 22.408449173, 18.9935379028, 16.052570343], [-2114.5065918, -155.775512695, 208.810256958, -101.972923279, 116.911911011, -7.78984165192, 103.464080811, 2.13899564743, 58.0151863098, 22.408449173, 103.048744202, 29.6976795197, 9.64081859589], [-294.540924072, -166.783203125, -17.0934734344, -48.5339355469, -3.22429609299, 23.777765274, 23.5174179077, 26.9718914032, 23.4065132141, 18.9935379028, 29.6976795197, 88.7531051636, 31.2561073303], [-449.74508667, -57.884513855, -24.7320194244, -31.2418937683, 23.4199943542, 12.9350042343, 43.1433486938, 4.62198448181, 30.2505626678, 16.052570343, 9.64081859589, 31.2561073303, 85.333404541]],
        "icov": [[0.000446583231678, -0.00100396643393, 0.000781457871199, -0.00122389104217, 0.00137863855343, -0.00151073001325, 0.00167129409965, -0.00154107878916, 0.00148225703742, -0.00151463667862, 0.00129860872403, -0.00114604027476, 0.000572716933675], [-0.00100396643393, 0.00358867947944, -0.00153805001173, 0.00187589437701, -0.00302569684573, 0.00402710121125, -0.00351552828215, 0.00353724136949, -0.00193313660566, 0.00326144089922, -0.00376475835219, 0.00458224210888, -0.00199151202105], [0.000781457871199, -0.00153805001173, 0.00247962935828, -0.00221862108447, 0.00147305696737, -0.001623783377, 0.00222291960381, -0.00160215958022, 0.00264063593931, -0.00212292256765, 0.00192900502589, -0.00217800866812, 0.00182955339551], [-0.00122389104217, 0.00187589437701, -0.00221862108447, 0.0069677028805, -0.00408440362662, 0.00366106536239, -0.00352706224658, 0.00347792729735, -0.00474116951227, 0.00387155055068, -0.00140519347042, 0.00285434327088, -0.00104342587292], [0.00137863855343, -0.00302569684573, 0.00147305696737, -0.00408440362662, 0.00993752479553, -0.00466259941459, 0.00195765588433, -0.00405263109133, 0.0025604038965, -0.00301748048514, 0.00290834275074, -0.00227499590255, 0.00151899282355], [-0.00151073001325, 0.00402710121125, -0.001623783377, 0.00366106536239, -0.00466259941459, 0.0112372124568, -0.00825624447316, 0.00488284369931, -0.00409005163237, 0.00457618571818, -0.00322123803198, 0.00334881688468, -0.00114829547238], [0.00167129409965, -0.00351552828215, 0.00222291960381, -0.00352706224658, 0.00195765588433, -0.00825624447316, 0.0161016583443, -0.00792694278061, 0.00404730625451, -0.00531842419878, 0.00177386542782, -0.00230129738338, -0.00101225322578], [-0.00154107878916, 0.00353724136949, -0.00160215958022, 0.00347792729735, -0.00405263109133, 0.00488284369931, -0.00792694278061, 0.0192000884563, -0.00793026108295, 0.00590353924781, -0.00389307108708, -0.000152192675159, 0.000622427265625], [0.00148225703742, -0.00193313660566, 0.00264063593931, -0.00474116951227, 0.0025604038965, -0.00409005163237, 0.00404730625451, -0.00793026108295, 0.0184122081846, -0.0103875594214, 0.00275288918056, -0.00166983250529, -0.000441521900939], [-0.00151463667862, 0.00326144089922, -0.00212292256765, 0.00387155055068, -0.00301748048514, 0.00457618571818, -0.00531842419878, 0.00590353924781, -0.0103875594214, 0.0212294850498, -0.0084289945662, 0.0031561346259, -0.00297963595949], [0.00129860872403, -0.00376475835219, 0.00192900502589, -0.00140519347042, 0.00290834275074, -0.00322123803198, 0.00177386542782, -0.00389307108708, 0.00275288918056, -0.0084289945662, 0.0227493327111, -0.0097589250654, 0.00495327683166], [-0.00114604027476, 0.00458224210888, -0.00217800866812, 0.00285434327088, -0.00227499590255, 0.00334881688468, -0.00230129738338, -0.000152192675159, -0.00166983250529, 0.0031561346259, -0.0097589250654, 0.0229253359139, -0.00852593965828], [0.000572716933675, -0.00199151202105, 0.00182955339551, -0.00104342587292, 0.00151899282355, -0.00114829547238, -0.00101225322578, 0.000622427265625, -0.000441521900939, -0.00297963595949, 0.00495327683166, -0.00852593965828, 0.0170501060784]]
    },
    "melbands": {
        "dmean": [0.00023898157815, 0.000589422183111, 0.000364590086974, 0.000512374623213, 0.000317830475979, 0.000245994597208, 0.000227865530178, 0.000117050905828, 4.98002627864e-05, 7.22663971828e-05, 8.08482582215e-05, 5.11865837325e-05, 4.43110911874e-05, 2.75498787232e-05, 2.17355191126e-05, 2.9159398764e-05, 4.04408929171e-05, 2.63329911832e-05, 2.19360881601e-05, 5.69264593651e-05, 2.32086458709e-05, 1.82773874258e-05, 1.4557475879e-05, 9.13914209377e-06, 7.58697478886e-06, 5.9822032199e-06, 4.51044525107e-06, 4.99415409649e-06, 4.14687929151e-06, 4.45623300038e-06, 2.63095353148e-06, 2.38298366639e-06, 1.98223870029e-06, 1.64892890098e-06, 1.25655378724e-06, 1.53003566083e-06, 1.40748306876e-06, 1.12519023787e-06, 9.37175911986e-07, 5.07137656314e-07],
        "dmean2": [0.00039780914085, 0.000979310483672, 0.000593670993112, 0.000820116198156, 0.000498611072544, 0.000372238806449, 0.000346749147866, 0.000174082408193, 7.42695701774e-05, 0.000111257737444, 0.000122703480884, 7.74407017161e-05, 6.61684971419e-05, 4.25275466114e-05, 3.44832551491e-05, 4.69203623652e-05, 6.67602289468e-05, 4.29284627899e-05, 3.59074620064e-05, 9.66755251284e-05, 3.94592061639e-05, 3.03592751152e-05, 2.41485067818e-05, 1.46964785017e-05, 1.23850313685e-05, 9.80289769359e-06, 7.1469598879e-06, 8.11830705061e-06, 6.68232632961e-06, 7.18976025382e-06, 4.32288106822e-06, 3.83100586987e-06, 3.20399522025e-06, 2.62058665612e-06, 1.95910979528e-06, 2.4119894988e-06, 2.07665652852e-06, 1.65200935953e-06, 1.4320921764e-06, 7.41806161386e-07],
        "dvar": [5.9596624169e-07, 1.47122239014e-06, 2.9977786653e-07, 9.32888440275e-07, 4.19071056967e-07, 2.98405922194e-07, 2.72835279702e-07, 7.37557357411e-08, 2.18134523777e-08, 3.53441933498e-08, 3.64245877904e-08, 1.54165569199e-08, 1.30678241561e-08, 4.90876983505e-09, 3.60384122544e-09, 5.54446666357e-09, 8.59475957071e-09, 2.8864388657e-09, 3.06791747562e-09, 1.34365123472e-08, 1.90163573777e-09, 1.36937794437e-09, 8.42526937106e-10, 6.29885754666e-10, 2.99312158392e-10, 1.87972482024e-09, 8.24411927614e-11, 9.70392932675e-11, 8.44674538647e-11, 1.39578099079e-10, 1.3394872711e-10, 7.80556175251e-11, 9.05010580365e-11, 4.90627018179e-11, 4.70111206907e-11, 8.39761593596e-11, 1.21007134868e-10, 4.80650137746e-11, 5.60203029798e-11, 1.12191098425e-11],
        "dvar2": [1.69585575804e-06, 4.33185778093e-06, 8.01165185749e-07, 2.34281969824e-06, 1.03048796518e-06, 5.93867639509e-07, 6.73989120514e-07, 1.57411733426e-07, 3.48161925956e-08, 8.33887625618e-08, 8.3970043363e-08, 3.40958372647e-08, 2.69015956178e-08, 1.1398102906e-08, 8.16456502406e-09, 1.33143833736e-08, 2.33841355168e-08, 7.45797201773e-09, 7.73665664866e-09, 3.78800280032e-08, 5.35135002977e-09, 3.6899370226e-09, 2.16501616634e-09, 1.54799240093e-09, 7.5523831633e-10, 5.60465762689e-09, 1.80877465783e-10, 2.51874632262e-10, 2.02638045232e-10, 3.66670194207e-10, 3.49086481943e-10, 1.66374025667e-10, 2.2017311585e-10, 1.086525106e-10, 9.87820450438e-11, 1.80159026586e-10, 2.8863811341e-10, 9.36442312582e-11, 1.3535959853e-10, 2.3019386744e-11],
        "max": [0.0256254598498, 0.0347009301186, 0.0123688699678, 0.0217032469809, 0.0135801285505, 0.01386497356, 0.0182288046926, 0.00779670244083, 0.0105116432533, 0.00518053583801, 0.0049562016502, 0.00442390702665, 0.00412369286641, 0.00213644071482, 0.00161292694975, 0.00197275192477, 0.00291386456229, 0.00142406509258, 0.00176612078212, 0.00280290981755, 0.000717936665751, 0.000907741312403, 0.000646963017061, 0.00133174459916, 0.000617671117652, 0.00321554136463, 0.000413086410845, 0.000269466952886, 0.000271765427897, 0.000380010838853, 0.000616272911429, 0.000400397490012, 0.000433358625742, 0.000290374853648, 0.000270336313406, 0.000347583554685, 0.000617939338554, 0.000253606471233, 0.000423420395236, 0.000159198520123],
        "mean": [0.000520383531693, 0.00131985242479, 0.000989212654531, 0.00102873682044, 0.00073283497477, 0.000641965249088, 0.000551016419195, 0.000271007185802, 9.97375318548e-05, 0.000139926822158, 0.000171040359419, 9.89504624158e-05, 9.34581257752e-05, 5.58613646717e-05, 3.89524830098e-05, 4.85126874992e-05, 6.20051578153e-05, 4.91120445076e-05, 3.96691830247e-05, 8.53042511153e-05, 4.10574139096e-05, 3.54516450898e-05, 2.77800081676e-05, 1.92518091353e-05, 1.47413284139e-05, 1.11886411105e-05, 9.13538588065e-06, 9.9731314549e-06, 8.73726548889e-06, 9.01701423572e-06, 5.00799069414e-06, 4.43983071818e-06, 3.44881891579e-06, 2.86916974801e-06, 2.28984640671e-06, 2.61588047579e-06, 2.32422576119e-06, 1.9987255655e-06, 1.52125949171e-06, 8.39406538944e-07],
        "median": [7.44835924706e-05, 0.000571231998038, 0.000685619248543, 0.000559679407161, 0.000319003273034, 0.000214215207961, 0.000248512311373, 6.65507177473e-05, 4.20003561885e-05, 3.53853611159e-05, 5.55585429538e-05, 2.84537854895e-05, 2.32409220189e-05, 1.67474536283e-05, 1.01051900856e-05, 1.25807882796e-05, 2.53024190897e-05, 1.91085709957e-05, 9.70164364844e-06, 3.31054507114e-05, 1.90103655768e-05, 1.60952477017e-05, 1.11884737635e-05, 7.4869335549e-06, 6.38238088868e-06, 5.58152487429e-06, 4.75022534374e-06, 5.46341561858e-06, 4.79406071463e-06, 3.59581599696e-06, 2.31184435506e-06, 1.55775103394e-06, 1.04436264792e-06, 7.67249673572e-07, 5.39203881544e-07, 4.91838477501e-07, 3.54448502549e-07, 3.09825452405e-07, 2.10287595337e-07, 1.30563009293e-07],
        "min": [1.90040363809e-25, 7.0952136759e-25, 5.33303251999e-25, 5.20046148664e-25, 1.28741360175e-24, 1.07568934985e-24, 1.03627795764e-24, 8.0759635172e-25, 1.30752531471e-24, 1.42813199053e-24, 1.52884428458e-24, 1.45395564808e-24, 9.88130719754e-25, 1.29906202048e-24, 1.79129051774e-24, 1.71804320497e-24, 2.18080439476e-24, 2.42055500108e-24, 1.75433987851e-24, 3.27856331173e-24, 2.49820829922e-24, 3.14455201558e-24, 3.32642724994e-24, 2.92268173054e-24, 3.74088609207e-24, 3.16271790451e-24, 3.38405117248e-24, 3.3112156451e-24, 3.82416732113e-24, 3.96440588526e-24, 3.60223274393e-24, 4.23333527317e-24, 3.75972330163e-24, 3.84994059019e-24, 4.96422121274e-24, 4.2732027256e-24, 4.88051123779e-24, 5.3476375894e-24, 4.78298396964e-24, 4.7407822778e-24],
        "var": [1.36224787184e-06, 3.75777631234e-06, 1.28251122078e-06, 2.15222871702e-06, 1.38299253649e-06, 1.6554774902e-06, 8.7256438519e-07, 3.44599925484e-07, 6.08517822798e-08, 1.05667062655e-07, 1.36352554136e-07, 4.46273098476e-08, 5.46916538724e-08, 1.6594547958e-08, 9.86859216567e-09, 1.12655484941e-08, 1.33115811707e-08, 7.80325137839e-09, 8.70007443865e-09, 2.26127152558e-08, 3.9885819092e-09, 3.61640228874e-09, 2.00989380694e-09, 1.54676560449e-09, 7.32659488634e-10, 1.81692183521e-09, 2.25377772001e-10, 2.25782420538e-10, 1.86791776491e-10, 2.57929733127e-10, 1.71297462326e-10, 2.35943875548e-10, 1.95360408406e-10, 1.11050564577e-10, 1.21462256919e-10, 2.03547664834e-10, 2.75831552043e-10, 1.63681998511e-10, 1.02583747053e-10, 2.58179588819e-11]
    },
    "mfcc": {
        "mean": [-677.078063965, 101.065048218, -5.33411693573, 26.9360904694, 2.52143359184, 1.5754711628, -7.59918785095, -3.61222815514, -0.682345211506, -2.47011184692, -7.86265325546, -2.11982178688, -4.15520954132],
        "cov": [[28083.1386719, 4973.75439453, -674.133911133, 1308.96838379, -10.1234998703, 133.688049316, -440.866577148, -154.839187622, 109.038085938, -101.204536438, -427.717376709, 3.09145665169, -98.1085739136], [4973.75439453, 2124.88427734, 202.963119507, 582.932556152, 110.973686218, -12.6386451721, -31.2095279694, -132.010864258, -88.2173919678, -57.546787262, -113.456283569, -68.9453887939, -111.386428833], [-674.133911133, 202.963119507, 683.753967285, 226.243881226, 96.8215332031, -15.0719041824, 0.483015418053, -49.7984733582, -73.8255004883, -54.7717018127, -10.0084733963, -42.9246788025, -49.5172920227], [1308.96838379, 582.932556152, 226.243881226, 491.309539795, 109.244842529, -12.987695694, -28.3824176788, -50.5772018433, -9.38006973267, -36.2446479797, -33.2255592346, -9.5849313736, -42.0464859009], [-10.1234998703, 110.973686218, 96.8215332031, 109.244842529, 147.225082397, 27.2826805115, 11.4079036713, 15.3692646027, -10.3413925171, 7.15030145645, -9.88821125031, -0.0400861166418, -18.1773891449], [133.688049316, -12.6386451721, -15.0719041824, -12.987695694, 27.2826805115, 146.276596069, 48.0956192017, 26.7792472839, 35.3348426819, 27.137594223, 4.16964530945, 8.86703777313, 0.770167708397], [-440.866577148, -31.2095279694, 0.483015418053, -28.3824176788, 11.4079036713, 48.0956192017, 122.30644989, 42.137298584, 8.03137207031, 18.7354412079, 9.55678653717, -1.30999147892, -1.7848072052], [-154.839187622, -132.010864258, -49.7984733582, -50.5772018433, 15.3692646027, 26.7792472839, 42.137298584, 111.650886536, 27.7963619232, 20.0419101715, 11.3506183624, 10.3015460968, -0.424873262644], [109.038085938, -88.2173919678, -73.8255004883, -9.38006973267, -10.3413925171, 35.3348426819, 8.03137207031, 27.7963619232, 119.973312378, 25.9575481415, -0.495909005404, 26.7463436127, 30.8582229614], [-101.204536438, -57.546787262, -54.7717018127, -36.2446479797, 7.15030145645, 27.137594223, 18.7354412079, 20.0419101715, 25.9575481415, 80.8196029663, 23.1695194244, 5.00819587708, -1.01737999916], [-427.717376709, -113.456283569, -10.0084733963, -33.2255592346, -9.88821125031, 4.16964530945, 9.55678653717, 11.3506183624, -0.495909005404, 23.1695194244, 82.3935546875, 19.5066757202, -1.0712968111], [3.09145665169, -68.9453887939, -42.9246788025, -9.5849313736, -0.0400861166418, 8.86703777313, -1.30999147892, 10.3015460968, 26.7463436127, 5.00819587708, 19.5066757202, 92.1979141235, 45.8695449829], [-98.1085739136, -111.386428833, -49.5172920227, -42.0464859009, -18.1773891449, 0.770167708397, -1.7848072052, -0.424873262644, 30.8582229614, -1.01737999916, -1.0712968111, 45.8695449829, 100.188652039]],
