{
"lowlevel": {
    "average_loudness": 0.957584500313,
    "barkbands_crest": {
        "dmean": 2.0505900383,
        "dmean2": 3.33624792099,
        "dvar": 3.67515182495,
        "dvar2": 8.81657218933,
        "max": 26.8780422211,
        "mean": 7.68070173264,
        "median": 6.89375114441,
        "min": 2.2716627121,
        "var": 11.1038246155
    },
    "barkbands_flatness_db": {
        "dmean": 0.0150419194251,
        "dmean2": 0.0240081436932,
        "dvar": 0.000240490218857,
        "dvar2": 0.000571091310121,
        "max": 0.591005504131,
        "mean": 0.128446578979,
        "median": 0.124494113028,
        "min": 0.0434788502753,
        "var": 0.00114524527453
    },
    "barkbands_kurtosis": {
        "dmean": 1.88586747646,
        "dmean2": 3.16222953796,
        "dvar": 2689.20263672,
        "dvar2": 7370.69628906,
        "max": 3614.69262695,
        "mean": 1.23502469063,
        "median": -0.35431098938,
        "min": -1.8274050951,
        "var": 1752.77880859
    },
    "barkbands_skewness": {
        "dmean": 0.350310564041,
        "dmean2": 0.535894036293,
        "dvar": 0.724017977715,
        "dvar2": 1.72860920429,
        "max": 58.9749794006,
        "mean": 0.60141479969,
        "median": 0.473602771759,
        "min": -2.1153280735,
        "var": 1.43137669563
    },
    "barkbands_spread": {
        "dmean": 4.42344760895,
        "dmean2": 6.86684465408,
        "dvar": 24.4815769196,
        "dvar2": 55.5285873413,
        "max": 85.7562179565,
        "mean": 25.64894104,
        "median": 25.0637741089,
        "min": 0.153447017074,
        "var": 109.884635925
    },
    "dissonance": {
        "dmean": 0.0142117366195,
        "dmean2": 0.024086561054,
        "dvar": 0.000177585417987,
        "dvar2": 0.00048382364912,
        "max": 0.499995857477,
        "mean": 0.473322957754,
        "median": 0.476931363344,
        "min": 0.315564662218,
        "var": 0.000337680190569
    },
    "dynamic_complexity": 2.1261510849,
    "erbbands_crest": {
        "dmean": 2.56617045403,
        "dmean2": 4.2191824913,
        "dvar": 5.60120487213,
        "dvar2": 14.4852962494,
        "max": 28.0909118652,
        "mean": 8.93030929565,
        "median": 7.99440002441,
        "min": 2.1903283596,
        "var": 15.1498708725
    },
    "erbbands_flatness_db": {
        "dmean": 0.0134872077033,
        "dmean2": 0.0199427381158,
        "dvar": 0.000165352263139,
        "dvar2": 0.000321751809679,
        "max": 0.328792691231,
        "mean": 0.192283511162,
        "median": 0.191200092435,
        "min": 0.0193634927273,
        "var": 0.00130897888448
    },
    "erbbands_kurtosis": {
        "dmean": 0.614664971828,
        "dmean2": 0.986325204372,
        "dvar": 0.574401259422,
        "dvar2": 1.45379698277,
        "max": 15.9311981201,
        "mean": -0.0199646968395,
        "median": -0.300827503204,
        "min": -1.69155859947,
        "var": 1.3579262495
    },
    "erbbands_skewness": {
        "dmean": 0.285877585411,
        "dmean2": 0.444052517414,
        "dvar": 0.0666466131806,
        "dvar2": 0.156179592013,
        "max": 2.57977247238,
        "mean": -0.0376543551683,
        "median": -0.0262578185648,
        "min": -3.85267996788,
        "var": 0.367048919201
    },
    "erbbands_spread": {
        "dmean": 5.55419254303,
        "dmean2": 8.58684062958,
        "dvar": 32.9455032349,
        "dvar2": 78.4140548706,
        "max": 160.409439087,
        "mean": 31.8885135651,
        "median": 30.5913295746,
        "min": 5.72730445862,
        "var": 160.383026123
    },
    "hfc": {
        "dmean": 5.22104310989,
        "dmean2": 7.95341777802,
        "dvar": 36.461391449,
        "dvar2": 80.6786651611,
        "max": 97.8956069946,
        "mean": 25.0074939728,
        "median": 23.3550262451,
        "min": 1.21801326112e-16,
        "var": 260.302032471
    },
    "melbands_crest": {
        "dmean": 2.82391214371,
        "dmean2": 4.56428623199,
        "dvar": 7.25225687027,
        "dvar2": 16.6554031372,
        "max": 39.986907959,
        "mean": 10.8064126968,
        "median": 9.57448101044,
        "min": 2.52514624596,
        "var": 23.653169632
    },
    "melbands_flatness_db": {
        "dmean": 0.0170294623822,
        "dmean2": 0.0261964611709,
        "dvar": 0.000379191333195,
        "dvar2": 0.000864134344738,
        "max": 0.574829816818,
        "mean": 0.145013064146,
        "median": 0.13542996347,
        "min": 0.00722132064402,
        "var": 0.00237752380781
    },
    "melbands_kurtosis": {
        "dmean": 4.16143608093,
        "dmean2": 6.88955259323,
        "dvar": 10891.9394531,
        "dvar2": 30210.7050781,
        "max": 7204.03076172,
        "mean": 5.22880029678,
        "median": 1.55507183075,
        "min": -1.87794721127,
        "var": 6967.85253906
    },
    "melbands_skewness": {
        "dmean": 0.439080923796,
        "dmean2": 0.675459563732,
        "dvar": 1.41256451607,
        "dvar2": 3.44666647911,
        "max": 82.6022338867,
        "mean": 1.46123170853,
        "median": 1.29218256474,
        "min": -1.00871443748,
        "var": 2.44154167175
    },
    "melbands_spread": {
        "dmean": 7.2328209877,
        "dmean2": 11.1560106277,
        "dvar": 75.1478118896,
        "dvar2": 155.606491089,
        "max": 243.02015686,
        "mean": 37.5512504578,
        "median": 36.4874382019,
        "min": 0.138265386224,
        "var": 347.892578125
    },
    "pitch_salience": {
        "dmean": 0.0580320879817,
        "dmean2": 0.0941401049495,
        "dvar": 0.00287395366468,
        "dvar2": 0.00720534846187,
        "max": 0.924746632576,
        "mean": 0.582199573517,
        "median": 0.586820721626,
        "min": 0.00281429057941,
        "var": 0.00923389289528
    },
    "silence_rate_20dB": {
        "dmean": 0,
        "dmean2": 0,
        "dvar": 0,
        "dvar2": 0,
        "max": 1,
        "mean": 1,
        "median": 1,
        "min": 1,
        "var": 0
    },
    "silence_rate_30dB": {
        "dmean": 0,
        "dmean2": 0,
        "dvar": 0,
        "dvar2": 0,
        "max": 1,
        "mean": 1,
        "median": 1,
        "min": 1,
        "var": 0
    },
    "silence_rate_60dB": {
        "dmean": 0.0107553778216,
        "dmean2": 0.0215134453028,
        "dvar": 0.0106386160478,
        "dvar2": 0.0240504574031,
        "max": 1,
        "mean": 0.0290108788759,
        "median": 0,
        "min": 0,
        "var": 0.028167122975
    },
    "spectral_centroid": {
        "dmean": 220.958114624,
        "dmean2": 339.553314209,
        "dvar": 57832.46875,
        "dvar2": 114810.390625,
        "max": 11083.7578125,
        "mean": 1938.77258301,
        "median": 2051.25073242,
        "min": 252.514007568,
        "var": 402586.5
    },
    "spectral_complexity": {
        "dmean": 3.3874437809,
        "dmean2": 5.41963720322,
        "dvar": 12.4049463272,
        "dvar2": 27.7263641357,
        "max": 53,
        "mean": 23.0423908234,
        "median": 23,
        "min": 0,
        "var": 82.4523010254
    },
    "spectral_decrease": {
        "dmean": 9.37332100825e-10,
        "dmean2": 1.4054354347e-09,
        "dvar": 1.09922718453e-18,
        "dvar2": 2.28410788751e-18,
        "max": 2.69874965873e-29,
        "mean": -4.5216173028e-09,
        "median": -4.42364589404e-09,
        "min": -1.57451189864e-08,
        "var": 5.01472745609e-18
    },
    "spectral_energy": {
        "dmean": 0.00388626148924,
        "dmean2": 0.00581535184756,
        "dvar": 1.77301262738e-05,
        "dvar2": 3.68212167814e-05,
        "max": 0.061489276588,
        "mean": 0.0193338859826,
        "median": 0.0190059952438,
        "min": 1.09458823287e-20,
        "var": 9.05578126549e-05
    },
    "spectral_energyband_high": {
        "dmean": 0.000347373745171,
        "dmean2": 0.000521768815815,
        "dvar": 3.10046033292e-07,
        "dvar2": 6.16542251919e-07,
        "max": 0.0142602641135,
        "mean": 0.000880236038938,
        "median": 0.000610343297012,
        "min": 8.07654222556e-21,
        "var": 9.62298599916e-07
    },
    "spectral_energyband_low": {
        "dmean": 0.00144554488361,
        "dmean2": 0.00225700577721,
        "dvar": 1.17289400805e-05,
        "dvar2": 2.57686097029e-05,
        "max": 0.0486520864069,
        "mean": 0.003005156992,
        "median": 0.00128894567024,
        "min": 1.43323631896e-22,
        "var": 2.60508622887e-05
    },
    "spectral_energyband_middle_high": {
        "dmean": 0.0020590426866,
        "dmean2": 0.00318089127541,
        "dvar": 5.11514281243e-06,
        "dvar2": 1.26627610371e-05,
        "max": 0.0434127748013,
        "mean": 0.00880685355514,
        "median": 0.00742442999035,
        "min": 1.39580791086e-21,
        "var": 4.34661415056e-05
    },
    "spectral_energyband_middle_low": {
        "dmean": 0.00206065992825,
        "dmean2": 0.00321136927232,
        "dvar": 5.13142504133e-06,
        "dvar2": 1.18987873066e-05,
        "max": 0.0330068357289,
        "mean": 0.00709168147296,
        "median": 0.00643988139927,
        "min": 3.38960808225e-22,
        "var": 1.81431478268e-05
    },
    "spectral_entropy": {
        "dmean": 0.116733260453,
        "dmean2": 0.171955600381,
        "dvar": 0.014723867178,
        "dvar2": 0.0289005618542,
        "max": 9.81749725342,
        "mean": 7.55304765701,
        "median": 7.555311203,
        "min": 6.27356958389,
        "var": 0.0983545407653
    },
    "spectral_flux": {
        "dmean": 0.0172009058297,
        "dmean2": 0.0274024698883,
        "dvar": 0.000294814468361,
        "dvar2": 0.000671462155879,
        "max": 0.198164880276,
        "mean": 0.0776343792677,
        "median": 0.0749914199114,
        "min": 1.04622567554e-10,
        "var": 0.000990912201814
    },
    "spectral_kurtosis": {
        "dmean": 1.62872850895,
        "dmean2": 2.84161973,
        "dvar": 2.58222293854,
        "dvar2": 7.83304643631,
        "max": 23.5202331543,
        "mean": 3.85102748871,
        "median": 3.34353637695,
        "min": -1.15403449535,
        "var": 5.08296632767
    },
    "spectral_rms": {
        "dmean": 0.000438541144831,
        "dmean2": 0.000648847839329,
        "dvar": 1.95345847942e-07,
        "dvar2": 3.7329905922e-07,
        "max": 0.00774529157206,
        "mean": 0.00418483652174,
        "median": 0.00430609285831,
        "min": 3.26786015782e-12,
        "var": 1.34943445573e-06
    },
    "spectral_rolloff": {
        "dmean": 442.560943604,
        "dmean2": 734.171447754,
        "dvar": 439836.03125,
        "dvar2": 899420.0625,
        "max": 18712.3535156,
        "mean": 2313.85742188,
        "median": 2347.11914062,
        "min": 21.533203125,
        "var": 1436782.75
    },
    "spectral_skewness": {
        "dmean": 0.201680913568,
        "dmean2": 0.34328648448,
        "dvar": 0.0339957214892,
        "dvar2": 0.0955069288611,
        "max": 3.50378394127,
        "mean": 1.22034811974,
        "median": 1.18917119503,
        "min": -0.34084624052,
        "var": 0.10456007719
    },
    "spectral_spread": {
        "dmean": 315077.78125,
        "dmean2": 462071.46875,
        "dvar": 243371556864,
        "dvar2": 359587151872,
        "max": 38616004,
        "mean": 3564678.25,
        "median": 3379174,
        "min": 1901895.375,
        "var": 1.10369780531e+12
    },
    "spectral_strongpeak": {
        "dmean": 0.869080245495,
        "dmean2": 1.48310542107,
        "dvar": 1.66373193264,
        "dvar2": 4.32620096207,
        "max": 15.3575572968,
        "mean": 1.56530511379,
        "median": 0.971015870571,
        "min": 0,
        "var": 2.96814990044
    },
    "zerocrossingrate": {
        "dmean": 0.00793615821749,
        "dmean2": 0.00940694101155,
        "dvar": 0.000130180545966,
        "dvar2": 0.000134756875923,
        "max": 0.78369140625,
        "mean": 0.0770014077425,
        "median": 0.078125,
        "min": 0,
        "var": 0.000971075496636
    },
    "barkbands": {
        "dmean": [0.000113140391477, 0.00104228290729, 0.000542561465409, 0.000349799054675, 0.000681429984979, 0.000759032845963, 0.000685678736772, 0.000471932522487, 0.000518942135386, 0.000629256595857, 0.000401942845201, 0.000558231724426, 0.000382885889849, 0.000491691287607, 0.000626138120424, 0.000420529278927, 0.000388930900954, 0.000295453355648, 0.000483415613417, 0.000237907137489, 0.000118586198369, 7.18370356481e-05, 4.54898872704e-05, 6.39529826003e-05, 1.53090859385e-05, 1.6694293663e-06, 8.13863587634e-10],
        "dmean2": [0.000186478326214, 0.00161796552129, 0.000915836717468, 0.000591582676861, 0.00110690260772, 0.00119736418128, 0.0010493505979, 0.000719828763977, 0.000787085387856, 0.000983533798717, 0.000627951696515, 0.000893352378625, 0.000613803393207, 0.000794064020738, 0.00101861509029, 0.000686244573444, 0.000635573873296, 0.000480181071907, 0.000768703524955, 0.00038437731564, 0.000189573736861, 0.000111036941234, 6.84492624714e-05, 0.00010017513705, 2.2246307708e-05, 2.67232849183e-06, 1.5129762998e-09],
        "dvar": [6.0684840264e-08, 7.80727896199e-06, 2.32862430494e-06, 4.33592362015e-07, 9.69858547251e-07, 1.29641318836e-06, 1.20011770832e-06, 7.32439843887e-07, 7.61380135827e-07, 1.21998061786e-06, 6.4429792701e-07, 9.2361830184e-07, 7.08422192019e-07, 8.29598832297e-07, 1.19484263905e-06, 8.29867929042e-07, 5.32037859102e-07, 2.67548841748e-07, 6.82493748627e-07, 1.07007934957e-07, 4.23710595499e-08, 2.96405389122e-08, 1.59630371144e-08, 2.97768032453e-08, 1.21421084298e-09, 2.82385954897e-11, 1.1789581932e-18],
        "dvar2": [1.40051056974e-07, 1.61231255333e-05, 6.21809067525e-06, 1.18208424738e-06, 2.45352316597e-06, 3.1105985272e-06, 2.83137569568e-06, 1.73934176928e-06, 1.77197148332e-06, 3.04801187667e-06, 1.45183332734e-06, 2.281964953e-06, 1.74578610768e-06, 2.03793524634e-06, 2.96214352602e-06, 2.15861382458e-06, 1.24021744341e-06, 6.30977808669e-07, 1.6121872477e-06, 2.70366456334e-07, 9.32148225274e-08, 5.51638272839e-08, 3.05709875192e-08, 7.31054043968e-08, 2.30964358749e-09, 6.46130995929e-11, 3.76141606559e-18],
        "max": [0.00405149394646, 0.0432820394635, 0.0222276523709, 0.00988118909299, 0.0115686282516, 0.0194307677448, 0.0166651681066, 0.0144029790536, 0.0159087516367, 0.0247554983944, 0.0159074477851, 0.0200733914971, 0.018274448812, 0.017036607489, 0.014425098896, 0.0279155448079, 0.0134101100266, 0.0111468937248, 0.0171446353197, 0.00558054074645, 0.00513975368813, 0.00603605434299, 0.0055537824519, 0.00271190819331, 0.000785343290772, 0.000184818185517, 1.09430011719e-08],
        "mean": [0.000133297449793, 0.00172543316148, 0.000853845791426, 0.000613641692325, 0.00138474500272, 0.00165175891016, 0.00134714203887, 0.000854529091157, 0.000973660789896, 0.00108669360634, 0.000687449180987, 0.00103253871202, 0.000714363879524, 0.000869724841323, 0.00108674913645, 0.000730620056856, 0.000748475140426, 0.000605733890552, 0.00108597672079, 0.00054894562345, 0.000233496815781, 0.000135829177452, 9.27213477553e-05, 0.000104374979855, 2.99803123198e-05, 2.14643296204e-06, 6.52442877502e-10],
        "median": [5.14238199685e-05, 0.000452424166724, 0.000271456839982, 0.000304056244204, 0.000959862372838, 0.000947398599237, 0.000691625871696, 0.000433408713434, 0.00047394388821, 0.000529544835445, 0.000224517207243, 0.000441241689259, 0.000229544006288, 0.000334201467922, 0.000447096041171, 0.000294151715934, 0.000337850156939, 0.000310627830913, 0.00056744547328, 0.000368590961443, 0.000138021932798, 6.58971912344e-05, 3.88865664718e-05, 4.17013543483e-05, 8.97560676094e-06, 3.623419218e-07, 2.71861838597e-10],
        "min": [1.43403868517e-23, 3.10106144334e-23, 6.423913339e-23, 6.27139244723e-23, 4.53369185402e-23, 3.22081210648e-23, 4.83157551371e-23, 1.30464348749e-23, 1.26737395913e-22, 6.95064396957e-23, 1.20902034025e-22, 4.74560040355e-23, 7.73701270542e-23, 1.03029317366e-22, 1.69020365676e-22, 1.86077507444e-22, 1.03776324467e-22, 1.87006684616e-22, 2.60799838647e-22, 1.97369035249e-22, 6.41259652978e-22, 5.05695332677e-22, 5.05744305162e-22, 1.01304593535e-21, 1.14397291473e-21, 1.91834634525e-21, 2.46298803112e-21],
        "var": [8.74778436355e-08, 1.63657987287e-05, 2.68162557404e-06, 7.4171578035e-07, 2.08138771995e-06, 4.09159156334e-06, 3.11392864205e-06, 1.4956758605e-06, 1.96683004106e-06, 2.5916233426e-06, 1.75358093202e-06, 3.19258060699e-06, 2.01884927264e-06, 2.23978349823e-06, 2.74812146017e-06, 1.77629794962e-06, 1.54917893269e-06, 8.09466712326e-07, 1.94764561456e-06, 3.40950577993e-07, 1.01304628686e-07, 7.46632338178e-08, 3.98260233681e-08, 3.85292686644e-08, 3.61840601926e-09, 4.34108339553e-11, 9.6796034216e-19]
    },
    "erbbands": {
        "dmean": [0.0390666201711, 0.240127056837, 0.638764619827, 0.805911660194, 1.59919071198, 2.58689594269, 5.4317574501, 6.04623222351, 9.21816539764, 9.70802974701, 11.5131235123, 11.3473300934, 14.4200992584, 20.2260818481, 16.4925746918, 23.1496810913, 18.53424263, 18.8900089264, 35.0453491211, 20.9169559479, 22.6200752258, 18.9385986328, 13.8138828278, 22.0861206055, 20.5297851562, 11.7707128525, 6.79127168655, 2.96575927734, 2.56773686409, 1.98478770256, 1.18301069736, 1.24386048317, 0.991982519627, 0.225855693221, 0.0937774702907, 0.0167027991265, 0.00040905259084, 2.00279846467e-05, 4.27756322097e-06, 5.09911842528e-06],
        "dmean2": [0.051713693887, 0.400674492121, 1.08356082439, 1.35064339638, 2.66449785233, 4.27545928955, 8.56167888641, 9.64497089386, 14.4160671234, 14.3309183121, 17.5240135193, 17.0914478302, 22.3305873871, 31.4145011902, 25.2231197357, 36.4468650818, 29.2209243774, 30.1976318359, 55.7774276733, 34.0022087097, 36.9951248169, 30.4896564484, 21.9906635284, 35.4243736267, 32.6369285583, 18.6772861481, 10.7208557129, 4.76880550385, 3.99565052986, 3.04139089584, 1.78920960426, 1.9311491251, 1.56205379963, 0.332337677479, 0.138058483601, 0.0250809770077, 0.000608574424405, 2.89564268314e-05, 6.21923481958e-06, 7.62531772125e-06],
        "dvar": [0.0114565463737, 0.461638391018, 3.75211310387, 2.35186767578, 12.4118709564, 14.2226238251, 72.4344787598, 111.71672821, 220.519866943, 313.283172607, 451.109039307, 477.612823486, 765.368591309, 1372.60632324, 900.914306641, 1569.36035156, 1439.50939941, 1241.95019531, 4047.44750977, 1647.95678711, 3135.42944336, 1361.2154541, 504.170959473, 1839.69543457, 1121.24267578, 276.672058105, 127.800300598, 44.0058097839, 40.0373802185, 35.6510620117, 9.64199352264, 8.53246879578, 7.43213844299, 0.233641073108, 0.0545033663511, 0.00220440234989, 1.27817725115e-06, 2.2542441247e-09, 4.27575683193e-11, 3.08039878327e-11],
        "dvar2": [0.017306342721, 1.12256550789, 10.1434249878, 6.36039400101, 31.2481498718, 38.0206336975, 174.932174683, 263.849456787, 536.506286621, 695.63873291, 1072.50732422, 1101.68139648, 1838.83203125, 3503.90722656, 1938.99951172, 3928.0625, 3523.65087891, 3094.77734375, 9772.20410156, 4528.78955078, 8182.53613281, 3111.81103516, 1169.47705078, 4357.59619141, 2786.56225586, 684.045410156, 276.176971436, 92.0840606689, 75.6497039795, 73.1977996826, 18.236164093, 19.1897621155, 18.70936203, 0.47217169404, 0.11017421633, 0.00453693605959, 2.63698120762e-06, 4.58049775887e-09, 8.79898723327e-11, 6.3286091645e-11],
        "max": [1.99274420738, 9.3202457428, 27.4276390076, 21.6902256012, 54.7125244141, 56.8927383423, 142.775650024, 193.089797974, 226.290222168, 391.482971191, 341.381317139, 422.626861572, 510.231567383, 981.171142578, 778.164489746, 979.055053711, 866.506896973, 695.922180176, 1026.0612793, 927.686218262, 1835.90356445, 929.242553711, 470.299804688, 946.085021973, 706.610107422, 254.09992981, 354.65625, 232.636550903, 245.135437012, 317.972290039, 120.30241394, 60.1898117065, 36.5576286316, 8.59616565704, 5.02126407623, 1.83651649952, 0.0445435829461, 0.00155863270629, 0.000145480793435, 7.44533099351e-05],
        "mean": [0.061112947762, 0.345670193434, 0.940679073334, 1.61109399796, 2.65617012978, 5.01302242279, 10.6811084747, 13.1163644791, 18.0047492981, 19.3012638092, 21.3626365662, 22.0849704742, 27.430141449, 36.6596679688, 32.0422706604, 44.8901596069, 37.8282012939, 36.7633209229, 66.7693786621, 39.8267936707, 43.0905799866, 40.6195297241, 32.1845932007, 46.5979690552, 50.2764472961, 28.5763473511, 14.7859678268, 6.19190311432, 4.81124591827, 3.73049616814, 2.52391576767, 2.26150560379, 1.51760172844, 0.452278733253, 0.166348904371, 0.0271521098912, 0.000693272915669, 4.18051968154e-05, 1.73654789251e-05, 2.58833570115e-05],
        "median": [0.00978901609778, 0.10992038995, 0.312599569559, 0.915134906769, 1.59546506405, 3.12952709198, 5.99440431595, 6.83865451813, 9.88982200623, 9.15024185181, 11.1543636322, 10.7953042984, 13.8822774887, 18.9164199829, 15.1176710129, 21.6959075928, 15.8617324829, 18.4828739166, 26.2970333099, 20.9040737152, 19.2911434174, 20.5167598724, 17.3429355621, 25.1629314423, 27.262506485, 19.1451473236, 9.4001493454, 3.61308193207, 2.36568069458, 1.62635707855, 1.16152155399, 1.02598869801, 0.526928305626, 0.149997785687, 0.0420456640422, 0.00606502266601, 0.000176053916221, 1.80864408321e-05, 1.55534289661e-05, 2.55252798524e-05],
        "min": [7.91594428164e-22, 7.67213814773e-21, 5.98961933914e-20, 1.72211752778e-19, 9.85453997194e-20, 2.60415404438e-19, 8.72707211751e-20, 3.14919782565e-19, 7.32804681335e-19, 4.04263715623e-19, 5.70110507458e-19, 2.11100752304e-18, 2.77579376299e-18, 3.6657245036e-18, 3.98277911008e-18, 2.02676083201e-18, 3.21268471314e-18, 5.21348241368e-18, 8.53175094175e-18, 8.36075120244e-18, 9.06770111296e-18, 5.96369924691e-18, 8.08365810494e-18, 1.85613770803e-17, 7.33092540188e-18, 1.01576521907e-17, 1.97958233762e-17, 2.80113696395e-17, 1.83350621191e-17, 1.37776253346e-17, 1.57564142406e-17, 1.93252072385e-17, 1.73145379645e-17, 1.30068228711e-17, 9.46472381874e-18, 6.64884178134e-18, 3.56337331051e-18, 1.33650177189e-18, 3.59468214839e-19, 3.57435728677e-20],
        "var": [0.0271925833076, 0.643700242043, 3.71036529541, 4.39818763733, 14.5646505356, 32.2746505737, 195.196243286, 357.089477539, 542.780151367, 847.01171875, 940.545715332, 1160.94641113, 1788.76489258, 2962.55273438, 2531.33984375, 5470.52539062, 4556.35791016, 3067.13598633, 11279.7080078, 3457.3894043, 6691.5859375, 4493.56396484, 1907.55725098, 4578.87988281, 4082.24414062, 917.789855957, 347.951477051, 104.766540527, 98.7672729492, 73.8778457642, 26.1227035522, 15.1122341156, 9.08103656769, 0.730807304382, 0.134750083089, 0.00463104154915, 2.73528507932e-06, 5.59055335358e-09, 1.52851925561e-10, 1.70308295244e-10]
    },
    "gfcc": {
        "mean": [-5.51333522797, 103.47089386, -165.890213013, 46.4062957764, -71.8295593262, 13.7004117966, -40.3598327637, 8.06693649292, -21.7046298981, -4.95122623444, 0.82632291317, -13.6986675262, 3.83497357368],
        "cov": [[4413.39990234, -353.915405273, -498.750213623, 190.148330688, -250.674346924, 78.7660369873, -144.015838623, 191.100830078, -63.7681465149, 52.8898696899, -3.70593905449, -41.532585144, -113.634887695], [-353.915405273, 848.186523438, 182.154525757, 12.725522995, 161.822891235, -126.015403748, 111.797927856, -103.057495117, 13.112154007, -56.2205696106, 77.4451599121, -53.1825027466, 76.4574890137], [-498.750213623, 182.154525757, 621.20703125, 140.218856812, -28.8008918762, 43.5920791626, -42.7975158691, -0.514039635658, -13.6366930008, 20.9460010529, -41.5090713501, 60.4038848877, 11.4939393997], [190.148330688, 12.725522995, 140.218856812, 218.765655518, 40.3521385193, -3.05287098885, 2.14852285385, 27.6741104126, 21.1147785187, -4.00720500946, 11.0297279358, 6.06398391724, -2.11273932457], [-250.674346924, 161.822891235, -28.8008918762, 40.3521385193, 245.186569214, 25.0897865295, 75.5285720825, -1.88510894775, 7.30897378922, 3.55610013008, 28.9720649719, -35.3961486816, 12.7138004303], [78.7660369873, -126.015403748, 43.5920791626, -3.05287098885, 25.0897865295, 181.609146118, 36.1830558777, 10.9747552872, -4.67066764832, 33.7387657166, -34.245349884, 16.6101131439, -15.9186887741], [-144.015838623, 111.797927856, -42.7975158691, 2.14852285385, 75.5285720825, 36.1830558777, 152.948745728, 17.5344009399, 14.0077228546, -1.10365009308, 36.6538505554, -20.5700778961, 12.3259382248], [191.100830078, -103.057495117, -0.514039635658, 27.6741104126, -1.88510894775, 10.9747552872, 17.5344009399, 126.982749939, 36.2745399475, 13.5251464844, 10.1777696609, 7.63577461243, -7.62701749802], [-63.7681465149, 13.112154007, -13.6366930008, 21.1147785187, 7.30897378922, -4.67066764832, 14.0077228546, 36.2745399475, 121.383834839, 18.4194469452, 5.38605308533, 18.2264289856, 8.76980400085], [52.8898696899, -56.2205696106, 20.9460010529, -4.00720500946, 3.55610013008, 33.7387657166, -1.10365009308, 13.5251464844, 18.4194469452, 87.354385376, 15.1045198441, 7.83516216278, -6.29831647873], [-3.70593905449, 77.4451599121, -41.5090713501, 11.0297279358, 28.9720649719, -34.245349884, 36.6538505554, 10.1777696609, 5.38605308533, 15.1045198441, 122.409706116, -12.5410013199, 22.5420722961], [-41.532585144, -53.1825027466, 60.4038848877, 6.06398391724, -35.3961486816, 16.6101131439, -20.5700778961, 7.63577461243, 18.2264289856, 7.83516216278, -12.5410013199, 93.8286972046, 15.187338829], [-113.634887695, 76.4574890137, 11.4939393997, -2.11273932457, 12.7138004303, -15.9186887741, 12.3259382248, -7.62701749802, 8.76980400085, -6.29831647873, 22.5420722961, 15.187338829, 83.9010238647]],
        "icov": [[0.000754542299546, -0.00137107050978, 0.00192180112936, -0.00207862979732, 0.00172482430935, -0.00181456923019, 0.00177330861334, -0.00214443053119, 0.00155061122496, -0.0012460553553, 0.000415854272433, -0.000244914728682, 0.000571639218833], [-0.00137107050978, 0.00587676046416, -0.00548590999097, 0.00507701188326, -0.00491141201928, 0.00595566444099, -0.00565969571471, 0.00661536352709, -0.00428306125104, 0.00385970226489, -0.00180788885336, 0.00185559352394, -0.00213863630779], [0.00192180112936, -0.00548590999097, 0.00828983075917, -0.00766211375594, 0.00571906892583, -0.00651324773207, 0.00618318002671, -0.00685471575707, 0.00549780623987, -0.00485703349113, 0.00240220990963, -0.00246057938784, 0.00150030036457], [-0.00207862979732, 0.00507701188326, -0.00766211375594, 0.0123897837475, -0.00670685013756, 0.00626630708575, -0.00535125471652, 0.0058080246672, -0.00594539148733, 0.00531918788329, -0.00258609955199, 0.00134557066485, -0.0010888526449], [0.00172482430935, -0.00491141201928, 0.00571906892583, -0.00670685013756, 0.0102526117116, -0.00623244326562, 0.00324839935638, -0.00566738285124, 0.00413045706227, -0.00401944480836, 0.00120335491374, 0.000407981773606, 0.00100024905987], [-0.00181456923019, 0.00595566444099, -0.00651324773207, 0.00626630708575, -0.00623244326562, 0.0141945118085, -0.00890417117625, 0.00686140358448, -0.00361466291361, 0.000852141529322, 0.00120592908934, -3.69954141206e-05, -0.00114094617311], [0.00177330861334, -0.00565969571471, 0.00618318002671, -0.00535125471652, 0.00324839935638, -0.00890417117625, 0.0153868095949, -0.00799579080194, 0.00354861817323, -0.00216981465928, -0.00110403948929, -7.96691238065e-05, 0.001185781206], [-0.00214443053119, 0.00661536352709, -0.00685471575707, 0.0058080246672, -0.00566738285124, 0.00686140358448, -0.00799579080194, 0.0174847152084, -0.00794059503824, 0.00416050665081, -0.00268110143952, 0.00135751219932, -0.00130588491447], [0.00155061122496, -0.00428306125104, 0.00549780623987, -0.00594539148733, 0.00413045706227, -0.00361466291361, 0.00354861817323, -0.00794059503824, 0.0139663573354, -0.00581206334755, 0.00242406339385, -0.00327336904593, 0.000590546231251], [-0.0012460553553, 0.00385970226489, -0.00485703349113, 0.00531918788329, -0.00401944480836, 0.000852141529322, -0.00216981465928, 0.00416050665081, -0.00581206334755, 0.0172546841204, -0.00490884669125, 0.000951735361014, 0.000111536530312], [0.000415854272433, -0.00180788885336, 0.00240220990963, -0.00258609955199, 0.00120335491374, 0.00120592908934, -0.00110403948929, -0.00268110143952, 0.00242406339385, -0.00490884669125, 0.0118281841278, -0.000161410323926, -0.00198914995417], [-0.000244914728682, 0.00185559352394, -0.00246057938784, 0.00134557066485, 0.000407981773606, -3.69954141206e-05, -7.96691238065e-05, 0.00135751219932, -0.00327336904593, 0.000951735361014, -0.000161410323926, 0.0142661249265, -0.00371086364612], [0.000571639218833, -0.00213863630779, 0.00150030036457, -0.0010888526449, 0.00100024905987, -0.00114094617311, 0.001185781206, -0.00130588491447, 0.000590546231251, 0.000111536530312, -0.00198914995417, -0.00371086364612, 0.0149008203298]]
    },
    "melbands": {
        "dmean": [0.000302183645545, 0.000318652862916, 0.000160318013513, 0.000139248280902, 0.000165683130035, 0.000136301518069, 0.000140756324981, 9.88853498711e-05, 9.66236766544e-05, 7.22699915059e-05, 7.36797883292e-05, 8.62213273649e-05, 5.94918637944e-05, 6.28702837275e-05, 5.27555675944e-05, 3.6906254536e-05, 3.81379504688e-05, 5.98672522756e-05, 3.84073573514e-05, 2.45715782512e-05, 3.11174917442e-05, 2.15344734897e-05, 1.96342625713e-05, 1.3382108591e-05, 2.06563036045e-05, 2.2048719984e-05, 1.07212408693e-05, 8.42311965243e-06, 5.51568291485e-06, 2.55135205407e-06, 1.7877632672e-06, 1.59948729106e-06, 1.43715351442e-06, 1.09465202058e-06, 7.44542887787e-07, 6.14463260717e-07, 9.7785766684e-07, 1.00039346762e-06, 2.70067147312e-07, 1.73248920987e-07],
        "dmean2": [0.000436624628492, 0.000533670303412, 0.000267666095169, 0.000229751880397, 0.000262439687504, 0.000217058841372, 0.000218864457565, 0.000146734906593, 0.000146313104779, 0.000109645421617, 0.00011430412269, 0.000134064990561, 9.18634978007e-05, 9.95197115117e-05, 8.23056543595e-05, 5.78953513468e-05, 6.08910377196e-05, 9.45386855165e-05, 6.12661388004e-05, 4.00236494897e-05, 5.08578741574e-05, 3.44811887771e-05, 3.18933452945e-05, 2.16221942537e-05, 3.33536736434e-05, 3.51670605596e-05, 1.71746250999e-05, 1.34644760692e-05, 8.7552025434e-06, 4.1092707761e-06, 2.91461356028e-06, 2.55314239439e-06, 2.23024972001e-06, 1.71727742782e-06, 1.15732700579e-06, 9.51454808273e-07, 1.54434621891e-06, 1.60460115239e-06, 4.11652735011e-07, 2.58454861068e-07],
        "dvar": [6.51150230624e-07, 8.54037637055e-07, 9.42049638297e-08, 4.87845959185e-08, 6.08047017181e-08, 5.00145382887e-08, 4.98827148476e-08, 3.07869107985e-08, 2.94762987352e-08, 1.74339902514e-08, 2.00152179275e-08, 2.55134615657e-08, 1.2999475274e-08, 1.29674733174e-08, 9.42825639783e-09, 5.81904524566e-09, 5.55844081873e-09, 1.26063639527e-08, 4.28745527969e-09, 2.56969778789e-09, 6.084221571e-09, 1.89498816638e-09, 1.55617640996e-09, 4.92397067564e-10, 1.81433845725e-09, 1.59571533764e-09, 2.94336194306e-10, 1.56538254581e-10, 8.24473475602e-11, 2.3097865634e-11, 1.94894170247e-11, 1.63933241981e-11, 1.26811712173e-11, 1.25728247258e-11, 4.09115102906e-12, 2.10381321739e-12, 6.6834506679e-12, 9.39873786437e-12, 3.42763713463e-13, 1.72935098316e-13],
        "dvar2": [1.14431156817e-06, 2.24011546379e-06, 2.49510634376e-07, 1.26295532255e-07, 1.49152441509e-07, 1.19686049516e-07, 1.19723154057e-07, 6.83985632577e-08, 6.85511309939e-08, 4.0079758179e-08, 4.79337955994e-08, 6.52983942473e-08, 2.8554277165e-08, 3.07920586806e-08, 2.14090025707e-08, 1.41180089841e-08, 1.32311299694e-08, 2.99538847059e-08, 1.00027079952e-08, 6.83075507268e-09, 1.5677679599e-08, 4.3162113883e-09, 3.6414500304e-09, 1.20063203823e-09, 4.3261794147e-09, 3.7290668331e-09, 7.11415037991e-10, 3.88822946062e-10, 1.85635715133e-10, 5.23292034704e-11, 4.18002160663e-11, 3.27715424242e-11, 2.57074674048e-11, 2.73002644796e-11, 8.38444157852e-12, 4.12622887247e-12, 1.61560400475e-11, 2.4064245388e-11, 7.71220001923e-13, 3.53826017964e-13],
        "max": [0.0140487402678, 0.0128739653155, 0.00422669854015, 0.00291630718857, 0.00386283337139, 0.00404518516734, 0.00343308481388, 0.00419281050563, 0.00290571874939, 0.00237986142747, 0.00265445327386, 0.0042654084973, 0.00245076324791, 0.00246319407597, 0.00190896319691, 0.00215803645551, 0.00161163543817, 0.00197421852499, 0.00105807743967, 0.00100763724186, 0.00272613787092, 0.00111885450315, 0.000905663822778, 0.000436289323261, 0.000877584447153, 0.000838084495626, 0.000291636475595, 0.000203385920031, 0.00024461816065, 0.000111945810204, 0.000162124080816, 0.000154232227942, 0.000155265763169, 0.000191405750229, 7.39883180358e-05, 5.63739486097e-05, 4.17891824327e-05, 4.28679741162e-05, 1.42138424053e-05, 9.76925821305e-06],
        "mean": [0.0005061806296, 0.000480707269162, 0.000310285045998, 0.000263039255515, 0.000340959668392, 0.0002976959222, 0.000281749846181, 0.00019369108486, 0.000175325752934, 0.000135865207994, 0.00013521668734, 0.000148754188558, 0.000106641062303, 0.000117014424177, 0.000100681747426, 6.88957516104e-05, 6.53862371109e-05, 0.000109380875074, 6.71492889524e-05, 4.16698057961e-05, 5.37684209121e-05, 4.02666300943e-05, 3.74893315893e-05, 2.77399867628e-05, 3.75635245291e-05, 4.61950767203e-05, 2.25604653679e-05, 1.80922615982e-05, 1.06942970888e-05, 4.63583273813e-06, 3.25843598148e-06, 2.74315061688e-06, 2.52306449511e-06, 1.87976968391e-06, 1.45617923408e-06, 1.25814074181e-06, 1.50277162447e-06, 1.3253409179e-06, 5.42338000287e-07, 3.14979160976e-07],
        "median": [0.000115298120363, 0.000174756511115, 0.00019257699023, 0.000170386323589, 0.00021012002253, 0.000162472482771, 0.000158734270371, 9.74868089543e-05, 8.83058601175e-05, 6.50833608233e-05, 6.36175682303e-05, 7.17547591194e-05, 4.08340783906e-05, 4.91464270453e-05, 4.1996667278e-05, 2.80422082142e-05, 2.63762995019e-05, 3.73687835236e-05, 3.08714297717e-05, 1.65525962075e-05, 1.98921188712e-05, 1.78401860467e-05, 1.40942620419e-05, 1.36991111503e-05, 1.7110911358e-05, 2.16663120227e-05, 1.35051241159e-05, 1.12357474791e-05, 5.93743834543e-06, 2.62301068688e-06, 1.61247771757e-06, 1.20679010251e-06, 1.12729651391e-06, 6.86950215822e-07, 6.47770946216e-07, 5.61507192742e-07, 6.18760225279e-07, 3.98465772378e-07, 1.9740299706e-07, 8.93037466199e-08],
        "min": [7.76682943883e-24, 2.47935748181e-23, 2.73587090905e-23, 1.15729507779e-23, 5.61134550697e-24, 7.81562600784e-24, 1.12942738302e-23, 3.67203234011e-24, 5.48889457296e-24, 1.64475921017e-23, 1.46637125377e-23, 1.44309133737e-23, 1.66854320869e-23, 6.50268417695e-24, 5.7439668302e-24, 6.71996368594e-24, 1.03751546346e-23, 1.27254710384e-23, 1.27566728538e-23, 1.33485883231e-23, 9.36866909372e-24, 6.27430223957e-24, 5.61055349062e-24, 8.38375653203e-24, 1.68122193893e-23, 6.17380767113e-24, 4.56394175095e-24, 6.83576610025e-24, 1.18040846565e-23, 1.30479124114e-23, 1.7499514453e-23, 9.7126810793e-24, 1.03447124923e-23, 6.44046119532e-24, 8.66595416594e-24, 1.00775395032e-23, 1.21245349446e-23, 1.27052683106e-23, 8.83241643871e-24, 1.2327732892e-23],
        "var": [1.54252609263e-06, 9.16328019684e-07, 1.42178166129e-07, 8.88214302108e-08, 1.66946293234e-07, 1.62588506214e-07, 1.27129624161e-07, 8.04119366649e-08, 6.36164543266e-08, 4.30836664123e-08, 4.68933087916e-08, 5.37548423551e-08, 3.6773968759e-08, 4.57983375668e-08, 2.95946573914e-08, 1.56757344882e-08, 1.26359607222e-08, 3.52773383838e-08, 9.51982404018e-09, 5.20640952573e-09, 1.25818671037e-08, 5.30959542999e-09, 4.44503855945e-09, 1.65460600776e-09, 3.80482267914e-09, 4.50184334255e-09, 7.41987582487e-10, 4.47639758594e-10, 2.18035631216e-10, 4.52631161718e-11, 4.32875679746e-11, 3.67091843034e-11, 2.77011920347e-11, 2.2875175712e-11, 9.61741884048e-12, 5.79189430791e-12, 8.36981872698e-12, 9.36109870175e-12, 1.07826128668e-12, 4.34933312239e-13]
    },
    "mfcc": {
        "mean": [-623.191467285, 110.504127502, -25.9748954773, 22.0910282135, -3.95024967194, -2.97967672348, 1.27552485466, -0.586269438267, -7.97856903076, 6.38707685471, -6.48288297653, 0.256461471319, -1.12977159023],
        "cov": [[3063.30664062, -683.881835938, -251.63180542, -50.7142181396, -55.426361084, -117.744865417, 11.2193555832, 56.3323745728, -20.0614032745, 82.7126693726, 100.910995483, 16.7268848419, 54.9621963501], [-683.881835938, 814.054931641, 42.8654785156, 137.919052124, 30.1974506378, 38.4298667908, 71.8888397217, -35.5673332214, -12.357714653, -6.80734395981, -40.8358268738, -4.85710906982, -21.3364028931], [-251.63180542, 42.8654785156, 553.672668457, 83.1062698364, 35.6084861755, 34.0740203857, -52.6789512634, -1.12989938259, 14.6786432266, -56.317276001, -20.876077652, 18.9228553772, -16.7671585083], [-50.7142181396, 137.919052124, 83.1062698364, 245.221115112, 69.6182785034, -22.2341880798, 21.5024433136, 10.312951088, -7.73396253586, 7.77210617065, -16.0994300842, 18.9543132782, 9.65758419037], [-55.426361084, 30.1974506378, 35.6084861755, 69.6182785034, 146.657669067, 17.0944652557, 20.4271259308, 2.60681414604, 12.8665313721, 13.1289691925, -6.23044586182, 10.6556577682, 2.79373574257], [-117.744865417, 38.4298667908, 34.0740203857, -22.2341880798, 17.0944652557, 189.409408569, 21.6740169525, 6.14636564255, 33.0545539856, -17.3401317596, 24.2955703735, -20.4217815399, -1.89922988415], [11.2193555832, 71.8888397217, -52.6789512634, 21.5024433136, 20.4271259308, 21.6740169525, 179.656433105, 3.42814445496, -19.6832103729, 51.3311805725, -10.1806697845, -6.97069501877, 6.06714439392], [56.3323745728, -35.5673332214, -1.12989938259, 10.312951088, 2.60681414604, 6.14636564255, 3.42814445496, 107.85093689, 37.1285400391, -6.75215768814, 16.7188491821, 12.6890010834, 4.17727375031], [-20.0614032745, -12.357714653, 14.6786432266, -7.73396253586, 12.8665313721, 33.0545539856, -19.6832103729, 37.1285400391, 106.107040405, 1.8928385973, 19.2158699036, 0.180615112185, -2.4048242569], [82.7126693726, -6.80734395981, -56.317276001, 7.77210617065, 13.1289691925, -17.3401317596, 51.3311805725, -6.75215768814, 1.8928385973, 113.094009399, 10.6839809418, 9.35392665863, 5.73973608017], [100.910995483, -40.8358268738, -20.876077652, -16.0994300842, -6.23044586182, 24.2955703735, -10.1806697845, 16.7188491821, 19.2158699036, 10.6839809418, 96.2193756104, 13.2961702347, 12.8049163818], [16.7268848419, -4.85710906982, 18.9228553772, 18.9543132782, 10.6556577682, -20.4217815399, -6.97069501877, 12.6890010834, 0.180615112185, 9.35392665863, 13.2961702347, 88.9555435181, 13.9021492004], [54.9621963501, -21.3364028931, -16.7671585083, 9.65758419037, 2.79373574257, -1.89922988415, 6.06714439392, 4.17727375031, -2.4048242569, 5.73973608017, 12.8049163818, 13.9021492004, 69.6978912354]],
