{
"lowlevel": {
    "average_loudness": 0.933051586151,
    "barkbands_crest": {
        "dmean": 2.11136579514,
        "dmean2": 3.47483897209,
        "dvar": 4.66386318207,
        "dvar2": 11.494591713,
        "max": 24.3617286682,
        "mean": 8.02746677399,
        "median": 7.07783603668,
        "min": 2.33636403084,
        "var": 11.4372434616
    },
    "barkbands_flatness_db": {
        "dmean": 0.0153168374673,
        "dmean2": 0.0243879873306,
        "dvar": 0.000228307806537,
        "dvar2": 0.00052188965492,
        "max": 0.274522900581,
        "mean": 0.11463817209,
        "median": 0.106930658221,
        "min": 0.0394060462713,
        "var": 0.00130838237237
    },
    "barkbands_kurtosis": {
        "dmean": 1.43876135349,
        "dmean2": 2.32425498962,
        "dvar": 7.535343647,
        "dvar2": 18.0956344604,
        "max": 63.105178833,
        "mean": 1.94528579712,
        "median": 0.671411156654,
        "min": -1.87514269352,
        "var": 18.7177295685
    },
    "barkbands_skewness": {
        "dmean": 0.378628432751,
        "dmean2": 0.592954337597,
        "dvar": 0.176159411669,
        "dvar2": 0.391589552164,
        "max": 6.55136013031,
        "mean": 0.736606180668,
        "median": 0.805491745472,
        "min": -2.2520532608,
        "var": 1.74209499359
    },
    "barkbands_spread": {
        "dmean": 5.86441278458,
        "dmean2": 9.17961025238,
        "dvar": 51.2882499695,
        "dvar2": 112.993812561,
        "max": 101.249572754,
        "mean": 29.2227973938,
        "median": 27.2951583862,
        "min": 1.89667248726,
        "var": 205.074508667
    },
    "dissonance": {
        "dmean": 0.0129174776375,
        "dmean2": 0.0219663903117,
        "dvar": 0.000148824750795,
        "dvar2": 0.00041079116636,
        "max": 0.500000119209,
        "mean": 0.475066393614,
        "median": 0.47918638587,
        "min": 0.359475880861,
        "var": 0.000352226226823
    },
    "dynamic_complexity": 1.6060513258,
    "erbbands_crest": {
        "dmean": 2.10822081566,
        "dmean2": 3.44593238831,
        "dvar": 4.29441022873,
        "dvar2": 10.7123184204,
        "max": 27.4626083374,
        "mean": 7.59956026077,
        "median": 6.89016723633,
        "min": 2.48316216469,
        "var": 13.1576414108
    },
    "erbbands_flatness_db": {
        "dmean": 0.0133972298354,
        "dmean2": 0.0197368357331,
        "dvar": 0.000155178902787,
        "dvar2": 0.000312769814627,
        "max": 0.280505388975,
        "mean": 0.143628299236,
        "median": 0.142833054066,
        "min": 0.0723087117076,
        "var": 0.00105451815762
    },
    "erbbands_kurtosis": {
        "dmean": 0.615313768387,
        "dmean2": 0.986443400383,
        "dvar": 0.714390039444,
        "dvar2": 1.59475421906,
        "max": 33.397693634,
        "mean": 0.0302148573101,
        "median": -0.2090061903,
        "min": -1.73688232899,
        "var": 1.73563849926
    },
    "erbbands_skewness": {
        "dmean": 0.293056041002,
        "dmean2": 0.462305605412,
        "dvar": 0.0876442044973,
        "dvar2": 0.190196588635,
        "max": 5.4386806488,
        "mean": -0.0365329831839,
        "median": -0.022317674011,
        "min": -3.5225186348,
        "var": 0.468549251556
    },
    "erbbands_spread": {
        "dmean": 7.24722003937,
        "dmean2": 11.1755905151,
        "dvar": 60.4810028076,
        "dvar2": 130.22215271,
        "max": 121.77999115,
        "mean": 41.1219215393,
        "median": 37.7663192749,
        "min": 6.83253717422,
        "var": 283.94619751
    },
    "hfc": {
        "dmean": 10.0017948151,
        "dmean2": 14.9576387405,
        "dvar": 400.971588135,
        "dvar2": 776.568237305,
        "max": 346.980438232,
        "mean": 32.628326416,
        "median": 24.5014762878,
        "min": 1.0354755434e-16,
        "var": 1290.74780273
    },
    "melbands_crest": {
        "dmean": 2.50809431076,
        "dmean2": 4.16199970245,
        "dvar": 6.30684614182,
        "dvar2": 15.9707288742,
        "max": 29.2791099548,
        "mean": 10.4705848694,
        "median": 10.1090908051,
        "min": 1.2734618187,
        "var": 26.2965869904
    },
    "melbands_flatness_db": {
        "dmean": 0.0193700119853,
        "dmean2": 0.0295597054064,
        "dvar": 0.000483415322378,
        "dvar2": 0.00100369413849,
        "max": 0.365730345249,
        "mean": 0.136293172836,
        "median": 0.133751362562,
        "min": 0.000419435236836,
        "var": 0.0051727402024
    },
    "melbands_kurtosis": {
        "dmean": 3.769977808,
        "dmean2": 5.95181083679,
        "dvar": 57.2439231873,
        "dvar2": 137.358718872,
        "max": 184.146697998,
        "mean": 7.60688066483,
        "median": 3.73338294029,
        "min": -1.78014469147,
        "var": 147.559127808
    },
    "melbands_skewness": {
        "dmean": 0.503994822502,
        "dmean2": 0.785323798656,
        "dvar": 0.325197666883,
        "dvar2": 0.726940095425,
        "max": 11.1789503098,
        "mean": 1.96072793007,
        "median": 1.84940218925,
        "min": -0.90127748251,
        "var": 2.10603308678
    },
    "melbands_spread": {
        "dmean": 9.45446586609,
        "dmean2": 14.9256210327,
        "dvar": 163.568008423,
        "dvar2": 311.962677002,
        "max": 236.511993408,
        "mean": 45.6244087219,
        "median": 33.2372131348,
        "min": 1.9777636528,
        "var": 1517.23278809
    },
    "pitch_salience": {
        "dmean": 0.0557431466877,
        "dmean2": 0.0904411748052,
        "dvar": 0.00307934498414,
        "dvar2": 0.00747631350532,
        "max": 0.993258774281,
        "mean": 0.603399097919,
        "median": 0.594021558762,
        "min": 0.177997142076,
        "var": 0.0141168078408
    },
    "silence_rate_20dB": {
        "dmean": 0,
        "dmean2": 0,
        "dvar": 0,
        "dvar2": 0,
        "max": 1,
        "mean": 1,
        "median": 1,
        "min": 1,
        "var": 0
    },
    "silence_rate_30dB": {
        "dmean": 0,
        "dmean2": 0,
        "dvar": 0,
        "dvar2": 0,
        "max": 1,
        "mean": 1,
        "median": 1,
        "min": 1,
        "var": 0
    },
    "silence_rate_60dB": {
        "dmean": 0.00203320919536,
        "dmean2": 0.00406687753275,
        "dvar": 0.0020287767984,
        "dvar2": 0.00540620973334,
        "max": 1,
        "mean": 0.121639937162,
        "median": 0,
        "min": 0,
        "var": 0.10683850944
    },
    "spectral_centroid": {
        "dmean": 283.105224609,
        "dmean2": 450.533691406,
        "dvar": 105498.164062,
        "dvar2": 231805.640625,
        "max": 12004.0683594,
        "mean": 2719.25683594,
        "median": 1867.29882812,
        "min": 318.3203125,
        "var": 8532953
    },
    "spectral_complexity": {
        "dmean": 3.74878573418,
        "dmean2": 5.90488004684,
        "dvar": 18.7745418549,
        "dvar2": 41.0826148987,
        "max": 59,
        "mean": 22.957195282,
        "median": 24,
        "min": 0,
        "var": 139.743362427
    },
    "spectral_decrease": {
        "dmean": 1.55911372701e-09,
        "dmean2": 2.45554621081e-09,
        "dvar": 3.68603054687e-18,
        "dvar2": 8.65880340229e-18,
        "max": 2.76073920474e-28,
        "mean": -6.76350353501e-09,
        "median": -7.00974389645e-09,
        "min": -2.80876459868e-08,
        "var": 1.51748748371e-17
    },
    "spectral_energy": {
        "dmean": 0.00637947209179,
        "dmean2": 0.0100139416754,
        "dvar": 5.85695051996e-05,
        "dvar2": 0.00013831249089,
        "max": 0.107494808733,
        "mean": 0.0284865573049,
        "median": 0.0298285000026,
        "min": 9.6060460302e-21,
        "var": 0.000253143720329
    },
    "spectral_energyband_high": {
        "dmean": 0.00108687707689,
        "dmean2": 0.00161292403936,
        "dvar": 7.0365836109e-06,
        "dvar2": 1.30401258502e-05,
        "max": 0.0480341129005,
        "mean": 0.00226995185949,
        "median": 0.000975051196292,
        "min": 6.89846335767e-21,
        "var": 1.97171775653e-05
    },
    "spectral_energyband_low": {
        "dmean": 0.00374725088477,
        "dmean2": 0.00583429308608,
        "dvar": 4.35871552327e-05,
        "dvar2": 9.25405838643e-05,
        "max": 0.0916905328631,
        "mean": 0.00847667828202,
        "median": 0.00530827138573,
        "min": 9.77262661949e-24,
        "var": 0.00010250415653
    },
    "spectral_energyband_middle_high": {
        "dmean": 0.00187234464101,
        "dmean2": 0.0029038656503,
        "dvar": 5.44931026525e-06,
        "dvar2": 1.26989807541e-05,
        "max": 0.0364281274378,
        "mean": 0.00697292620316,
        "median": 0.00553815811872,
        "min": 9.62289135335e-22,
        "var": 3.53375289706e-05
    },
    "spectral_energyband_middle_low": {
        "dmean": 0.00364561774768,
        "dmean2": 0.00590237276629,
        "dvar": 2.29245470109e-05,
        "dvar2": 5.96903082624e-05,
        "max": 0.0784169659019,
        "mean": 0.0116912089288,
        "median": 0.0108302785084,
        "min": 1.30621759632e-22,
        "var": 7.24281489966e-05
    },
    "spectral_entropy": {
        "dmean": 0.114706672728,
        "dmean2": 0.16641831398,
        "dvar": 0.0171755421907,
        "dvar2": 0.032145857811,
        "max": 9.83178424835,
        "mean": 8.00165081024,
        "median": 7.85686779022,
        "min": 6.42831945419,
        "var": 0.474488884211
    },
    "spectral_flux": {
        "dmean": 0.0181802008301,
        "dmean2": 0.0287163034081,
        "dvar": 0.000437460403191,
        "dvar2": 0.00100715807639,
        "max": 0.24555195868,
        "mean": 0.0848614126444,
        "median": 0.0852734595537,
        "min": 6.33308197551e-11,
        "var": 0.00193797179963
    },
    "spectral_kurtosis": {
        "dmean": 0.895299434662,
        "dmean2": 1.49394547939,
        "dvar": 0.997793257236,
        "dvar2": 2.81455945969,
        "max": 14.4797611237,
        "mean": 2.36517453194,
        "median": 2.25295734406,
        "min": -1.27488422394,
        "var": 4.12183332443
    },
    "spectral_rms": {
        "dmean": 0.000546079420019,
        "dmean2": 0.000852277036756,
        "dvar": 3.60017736512e-07,
        "dvar2": 8.26483017136e-07,
        "max": 0.0102407513186,
        "mean": 0.00485263066366,
        "median": 0.00539453187957,
        "min": 3.06133178703e-12,
        "var": 4.24358358941e-06
    },
    "spectral_rolloff": {
        "dmean": 594.695495605,
        "dmean2": 960.141784668,
        "dvar": 831708.25,
        "dvar2": 1650582.875,
        "max": 19982.8125,
        "mean": 3926.23583984,
        "median": 2131.78710938,
        "min": 107.666015625,
        "var": 28619746
    },
    "spectral_skewness": {
        "dmean": 0.157512232661,
        "dmean2": 0.254605799913,
        "dvar": 0.025219945237,
        "dvar2": 0.0604875423014,
        "max": 2.81207966805,
        "mean": 1.08459532261,
        "median": 1.15105426311,
        "min": -0.117607116699,
        "var": 0.238334938884
    },
    "spectral_spread": {
        "dmean": 530352.25,
        "dmean2": 783550.5625,
        "dvar": 552158625792,
        "dvar2": 1.11289565184e+12,
        "max": 43227056,
        "mean": 8435607,
        "median": 4607028,
        "min": 2322870.25,
        "var": 1.22207598543e+14
    },
    "spectral_strongpeak": {
        "dmean": 0.597787380219,
        "dmean2": 1.04731237888,
        "dvar": 1.21260488033,
        "dvar2": 3.17971324921,
        "max": 17.7445144653,
        "mean": 0.929620981216,
        "median": 0.458278208971,
        "min": 0,
        "var": 1.61973822117
    },
    "zerocrossingrate": {
        "dmean": 0.0120709100738,
        "dmean2": 0.0144881410524,
        "dvar": 0.000243961854721,
        "dvar2": 0.000231925558182,
        "max": 0.78466796875,
        "mean": 0.124673135579,
        "median": 0.0791015625,
        "min": 0.01171875,
        "var": 0.0185579676181
    },
    "barkbands": {
        "dmean": [0.000184401724255, 0.00307241990231, 0.0012894643005, 0.000785890500993, 0.00216351938434, 0.00123270449694, 0.000851921795402, 0.00048182712635, 0.000572200107854, 0.000589902454522, 0.00023752717243, 0.000345488544554, 0.000396770745283, 0.000463420175947, 0.000479460170027, 0.000374730152544, 0.000430571060861, 0.000289777381113, 0.000290830386803, 0.000250084151048, 0.000247232354013, 0.000285142508801, 0.000280356995063, 0.000217941458686, 0.000113158981549, 3.29474714817e-05, 3.71240016506e-09],
        "dmean2": [0.000329908856656, 0.00488122506067, 0.00223290338181, 0.00132228038274, 0.0035814223811, 0.00200679106638, 0.00134462071583, 0.000740463845432, 0.000908529385924, 0.000934006005991, 0.000383301143302, 0.000552799552679, 0.00064362102421, 0.000758874521125, 0.000784658885095, 0.000604058732279, 0.000688202970196, 0.000474650296383, 0.000480094546219, 0.000411532644648, 0.000401243043598, 0.000440332223661, 0.000423150806455, 0.00032903443207, 0.000166118756169, 4.94487467222e-05, 6.98773350294e-09],
        "dvar": [7.07278786649e-08, 3.4494256397e-05, 8.36757135403e-06, 1.57623242103e-06, 1.32747036332e-05, 3.68623386748e-06, 2.48774767897e-06, 1.18834168461e-06, 1.813943868e-06, 1.32204218062e-06, 2.1667717931e-07, 4.5657597525e-07, 6.53791630612e-07, 1.04460480088e-06, 8.03789589554e-07, 5.96640177264e-07, 6.24437348051e-07, 2.68195691433e-07, 2.51464712164e-07, 1.89809469475e-07, 2.34910345398e-07, 7.18395199328e-07, 7.25965890069e-07, 6.34062018889e-07, 1.53267450287e-07, 1.49660746018e-08, 2.52185404144e-15],
        "dvar2": [2.19550912561e-07, 7.75087246438e-05, 2.34244307649e-05, 4.14151918449e-06, 3.52206916432e-05, 9.6023450169e-06, 6.14162445345e-06, 2.64548066298e-06, 4.33747163697e-06, 3.15847250931e-06, 5.19377351793e-07, 1.11237886813e-06, 1.6136314116e-06, 2.69547558673e-06, 1.92090146811e-06, 1.49503102875e-06, 1.50869561821e-06, 6.57203656829e-07, 6.34420302958e-07, 4.72955065334e-07, 5.75035585371e-07, 1.34736160362e-06, 1.47403443407e-06, 1.29651266434e-06, 2.98766849482e-07, 3.31306750923e-08, 7.303317971e-15],
        "max": [0.00486716907471, 0.0759366601706, 0.038947917521, 0.0334906876087, 0.0654311031103, 0.0314103290439, 0.0292962752283, 0.0257521308959, 0.0256216283888, 0.0335484072566, 0.0123712820932, 0.0142382467166, 0.0160975567997, 0.01876180619, 0.0170364491642, 0.021991500631, 0.0181921180338, 0.010285936296, 0.0111852185801, 0.00999671127647, 0.0141917746514, 0.0285406876355, 0.0168220866472, 0.0215235985816, 0.00935226678848, 0.00281709781848, 2.39555402004e-06],
        "mean": [0.000238078995608, 0.00551454164088, 0.00200429931283, 0.00142001616769, 0.00377968209796, 0.00252357777208, 0.00175112055149, 0.000900002487469, 0.00100897531956, 0.00107217940968, 0.000395487935748, 0.000596575031523, 0.00068486307282, 0.000789813871961, 0.000786998774856, 0.000663188518956, 0.000856224331073, 0.000529282959178, 0.000524386647157, 0.000462777243229, 0.000447409518529, 0.000496512977406, 0.000454845081549, 0.000368064764189, 0.000174621120095, 4.3011525122e-05, 2.62418531349e-09],
        "median": [0.000110125081846, 0.00295214029029, 0.000947470078245, 0.000811466947198, 0.00232133199461, 0.0014769746922, 0.000690986576956, 0.000313183205435, 0.000363079278031, 0.000435628753621, 0.000183355019544, 0.000246802490437, 0.000275486381724, 0.000236936786678, 0.000349386478774, 0.000287134782411, 0.000382447615266, 0.000284657173324, 0.000294608122203, 0.000244238035521, 0.000230420744629, 0.000192605570192, 0.000132028595544, 8.08807817521e-05, 3.70198249584e-05, 6.09424205322e-06, 5.20245124758e-10],
        "min": [5.97942945981e-26, 1.08468936531e-24, 3.77708376357e-25, 1.01989601602e-25, 4.82432698639e-24, 2.6385342297e-24, 1.98170083266e-24, 1.98007775135e-24, 7.33524363758e-24, 6.42307903971e-24, 6.80607968666e-24, 1.46669531783e-23, 2.03791833454e-23, 2.04582272081e-23, 3.4527435235e-23, 4.00394777479e-23, 4.42281587607e-23, 6.18351397348e-23, 8.54628049563e-23, 1.42124197289e-22, 2.15333253462e-22, 2.65841682195e-22, 2.96221233148e-22, 5.05829123486e-22, 8.09939016173e-22, 1.22646024995e-21, 1.76629132317e-21],
        "var": [1.27896385038e-07, 5.8125857322e-05, 9.10254402697e-06, 3.3972755773e-06, 2.40524750552e-05, 9.58666532824e-06, 8.25869392429e-06, 3.49310153069e-06, 3.95394226871e-06, 4.45708838015e-06, 4.53685998991e-07, 1.00999773167e-06, 1.3686260445e-06, 2.47704929279e-06, 1.5724737068e-06, 1.29682075567e-06, 1.99874421014e-06, 5.53084305466e-07, 4.74943391282e-07, 4.09491633491e-07, 4.01121184268e-07, 1.6492508621e-06, 1.50865241721e-06, 1.54224460402e-06, 3.32339851639e-07, 2.59854822104e-08, 1.42247801486e-15]
    },
    "erbbands": {
        "dmean": [0.0892129614949, 0.717812895775, 1.41837823391, 1.98141849041, 4.49528646469, 9.50914955139, 9.48046970367, 10.7681331635, 12.9277076721, 8.08364009857, 10.76957798, 14.7983961105, 14.2778453827, 15.9243688583, 11.1828317642, 15.1793460846, 16.7340011597, 22.6917762756, 27.0952205658, 16.975233078, 18.2172336578, 20.8165931702, 16.6666736603, 14.106426239, 13.474937439, 11.9883975983, 10.4066696167, 9.78767585754, 9.736536026, 10.6685419083, 7.39977455139, 5.24133634567, 3.20804524422, 1.59449315071, 0.676374852657, 0.224583566189, 0.0462758913636, 0.00239468202926, 6.01676802034e-05, 1.22758119687e-05],
        "dmean2": [0.148263052106, 1.12528550625, 2.40056347847, 3.34636855125, 7.48069095612, 15.9871816635, 15.4532394409, 17.7118053436, 20.3738422394, 12.7132797241, 16.4677181244, 23.2740859985, 22.8187007904, 24.8323383331, 17.8313655853, 24.1427192688, 26.9415302277, 36.947227478, 44.393157959, 27.2195224762, 29.3453426361, 32.9333763123, 26.8137550354, 23.3886642456, 22.1021842957, 19.563337326, 17.2181339264, 15.7268218994, 15.0586948395, 16.1839141846, 11.2538108826, 7.97446537018, 4.80792856216, 2.3956079483, 0.988516330719, 0.338453233242, 0.0689206421375, 0.00363102648407, 8.75596451806e-05, 1.82450876309e-05],
        "dvar": [0.024613706395, 2.06822919846, 9.53818321228, 11.9779758453, 63.8553237915, 288.135528564, 244.71244812, 308.881286621, 583.15637207, 199.041473389, 711.425048828, 1160.55725098, 1035.46081543, 1095.22460938, 473.416229248, 991.333129883, 1106.71398926, 2342.93554688, 2308.25073242, 1264.09057617, 1283.42248535, 1671.66503906, 870.033630371, 671.68548584, 600.338134766, 455.485443115, 328.949493408, 505.393249512, 713.447998047, 1202.45239258, 475.043548584, 316.087921143, 164.8540802, 31.6838531494, 6.12438201904, 0.730347037315, 0.0273038856685, 9.33394258027e-05, 4.48895818295e-08, 5.25837817733e-10],
        "dvar2": [0.0638577714562, 4.48965167999, 25.5100402832, 31.4367027283, 164.071594238, 766.429382324, 616.348144531, 826.382324219, 1458.78430176, 465.059387207, 1522.11108398, 2767.8815918, 2525.4909668, 2522.2956543, 1147.34924316, 2406.93188477, 2734.10327148, 5989.30126953, 5596.25390625, 3097.125, 3117.49145508, 3888.09130859, 2113.35180664, 1759.88232422, 1467.52258301, 1114.81054688, 831.669921875, 1220.34521484, 1340.27648926, 2257.54101562, 977.28729248, 663.571044922, 347.807769775, 64.9338302612, 12.0820674896, 1.63453471661, 0.0574950352311, 0.000200965820113, 9.08896993224e-08, 1.04151309799e-09],
        "max": [1.92503225803, 19.854763031, 43.3478164673, 56.9558982849, 128.237686157, 306.960144043, 402.245544434, 264.115539551, 509.903869629, 364.026397705, 699.815856934, 690.572631836, 746.507019043, 1267.17578125, 529.991210938, 683.595581055, 723.236694336, 877.996459961, 972.819885254, 1358.94689941, 886.938842773, 1003.68896484, 640.642150879, 548.360229492, 571.514526367, 600.327453613, 216.473220825, 830.546936035, 874.911071777, 1174.04492188, 439.923370361, 482.370391846, 314.090637207, 145.49420166, 53.9950714111, 20.17436409, 4.97962331772, 0.341382712126, 0.00671978620812, 0.000473461986985],
        "mean": [0.170836210251, 1.18074774742, 2.35745406151, 3.84589409828, 7.19990301132, 14.905503273, 18.4421424866, 20.9231872559, 27.3303794861, 17.0002117157, 20.7734661102, 27.0936546326, 25.5986652374, 30.8797645569, 20.7689056396, 27.2326965332, 31.4552707672, 42.3272132874, 47.0767784119, 33.7391662598, 37.872756958, 44.2227401733, 33.7800445557, 26.1763000488, 24.1224708557, 22.4069633484, 19.5980529785, 17.5724086761, 16.829536438, 17.632692337, 12.1769399643, 8.60708618164, 5.3486533165, 2.50233817101, 0.972855210304, 0.295188307762, 0.060771740973, 0.0030181882903, 9.92279819911e-05, 4.44758952654e-05],
        "median": [0.0787388831377, 0.620628893375, 1.15581274033, 2.32326459885, 4.1228928566, 7.75550365448, 10.3178138733, 11.5830593109, 11.4386749268, 8.72799682617, 8.04103469849, 10.9148979187, 10.5700778961, 13.0419158936, 10.5098896027, 11.7338123322, 14.8435173035, 17.3975372314, 26.0390014648, 16.1203193665, 19.2477550507, 19.8968601227, 17.9862995148, 13.8560085297, 13.8620176315, 12.3314781189, 11.0201206207, 8.34206771851, 6.51614999771, 5.6001086235, 3.50822424889, 2.08850717545, 1.09435296059, 0.531073987484, 0.184966787696, 0.047347266227, 0.00815947540104, 0.000245531293331, 2.98624872812e-05, 3.96302239096e-05],
        "min": [2.87258492154e-23, 1.70600712816e-22, 1.24244375833e-21, 1.85563389752e-21, 6.73892614768e-21, 1.31741921922e-20, 2.7659365489e-20, 4.52650711842e-20, 7.12673095629e-20, 1.02448587149e-19, 1.27048725309e-19, 1.78360018251e-19, 3.23148963039e-19, 4.94626864443e-19, 4.60957770079e-19, 9.84744457174e-19, 1.09612101793e-18, 1.3981491648e-18, 1.74638879057e-18, 2.13778563421e-18, 2.75245403482e-18, 3.19728757322e-18, 4.06192375109e-18, 4.71926722668e-18, 5.96683384784e-18, 6.81969221455e-18, 7.55261973221e-18, 7.67821304616e-18, 9.43621090303e-18, 8.93249347875e-18, 8.48937117024e-18, 9.29969466909e-18, 8.24993298859e-18, 7.6597412759e-18, 5.63966861273e-18, 3.64438200303e-18, 2.04442361963e-18, 8.08060797983e-19, 2.14096715179e-19, 2.56095537699e-20],
        "var": [0.0560461841524, 3.13629317284, 12.0951862335, 23.7688102722, 97.6423187256, 512.07824707, 632.102600098, 753.861877441, 1858.35900879, 565.083068848, 2084.09155273, 2627.31005859, 2244.35620117, 4883.00830078, 1079.04907227, 2147.13623047, 2400.00146484, 5750.89111328, 4441.42724609, 2992.44238281, 3320.35375977, 5709.33740234, 2200.92138672, 1323.30578613, 1093.84509277, 990.887390137, 580.167663574, 822.13684082, 1653.68029785, 2673.70703125, 1008.234375, 710.816650391, 380.828674316, 66.7081451416, 12.4024372101, 1.21138739586, 0.0507965348661, 0.000162710523, 9.36789348316e-08, 1.64193758589e-09]
    },
    "gfcc": {
        "mean": [-84.2762069702, 74.9425048828, -117.142120361, 44.9446983337, -60.1515274048, 18.2868766785, -39.3227119446, 8.18537044525, -19.7316627502, 4.66991043091, -11.308303833, 1.69672012329, -4.01333189011],
        "cov": [[133067.6875, 8972.49121094, -14200.8261719, 5764.8828125, -7634.00048828, 2329.00610352, -4936.66748047, 1047.08911133, -2545.64306641, 586.575256348, -1467.93566895, 247.054550171, -579.514770508], [8972.49121094, 1763.79052734, -887.402832031, 411.409362793, -293.16204834, 42.7151527405, -217.360824585, 44.437286377, -79.4328460693, 18.3364753723, -22.5852375031, -58.6300544739, 23.4603595734], [-14200.8261719, -887.402832031, 2314.23583984, -412.339508057, 794.605041504, -269.52746582, 546.728393555, -91.9905776978, 226.912750244, -69.3045043945, 142.891281128, -27.8657093048, 9.40075969696], [5764.8828125, 411.409362793, -412.339508057, 464.935791016, -301.72567749, 83.5246200562, -211.556686401, 51.9120674133, -104.329223633, -3.87425041199, -64.3925628662, 5.35753440857, -24.8501052856], [-7634.00048828, -293.16204834, 794.605041504, -301.72567749, 638.499389648, -115.21509552, 324.553344727, -36.0205574036, 187.241409302, -17.6182003021, 84.2088470459, -23.0487937927, 40.3789482117], [2329.00610352, 42.7151527405, -269.52746582, 83.5246200562, -115.21509552, 192.882949829, -31.3217868805, 31.7280540466, -45.4238471985, 18.1398735046, -34.8478889465, -7.84889936447, -27.0534439087], [-4936.66748047, -217.360824585, 546.728393555, -211.556686401, 324.553344727, -31.3217868805, 296.117156982, -14.1126527786, 105.823570251, -18.2381591797, 58.5821914673, -21.7741413116, 11.1719179153], [1047.08911133, 44.437286377, -91.9905776978, 51.9120674133, -36.0205574036, 31.7280540466, -14.1126527786, 82.3706054688, 8.39206314087, 13.2561998367, -15.8335189819, 6.89376354218, -6.78102302551], [-2545.64306641, -79.4328460693, 226.912750244, -104.329223633, 187.241409302, -45.4238471985, 105.823570251, 8.39206314087, 133.384277344, 5.40352010727, 35.4659156799, -5.944876194, 20.7846164703], [586.575256348, 18.3364753723, -69.3045043945, -3.87425041199, -17.6182003021, 18.1398735046, -18.2381591797, 13.2561998367, 5.40352010727, 68.2334136963, 16.0338134766, 5.56825304031, -13.5130329132], [-1467.93566895, -22.5852375031, 142.891281128, -64.3925628662, 84.2088470459, -34.8478889465, 58.5821914673, -15.8335189819, 35.4659156799, 16.0338134766, 81.9586715698, 10.9837417603, 17.552362442], [247.054550171, -58.6300544739, -27.8657093048, 5.35753440857, -23.0487937927, -7.84889936447, -21.7741413116, 6.89376354218, -5.944876194, 5.56825304031, 10.9837417603, 59.672504425, 17.1814594269], [-579.514770508, 23.4603595734, 9.40075969696, -24.8501052856, 40.3789482117, -27.0534439087, 11.1719179153, -6.78102302551, 20.7846164703, -13.5130329132, 17.552362442, 17.1814594269, 70.9248352051]],
        "icov": [[0.000500521564391, -0.00121643615421, 0.000785948010162, -0.00147274474148, 0.00159989041276, -0.00156236160547, 0.00168784614652, -0.00153647584375, 0.00161354197189, -0.00190817425027, 0.00198841886595, -0.00190179073252, 0.00108451163396], [-0.00121643615421, 0.00395463779569, -0.00145414855797, 0.00262466142885, -0.00399072095752, 0.00440262164921, -0.00449551455677, 0.00367136439309, -0.00381658831611, 0.00439998833463, -0.00553500698879, 0.0061552785337, -0.003289132379], [0.000785948010162, -0.00145414855797, 0.00250608311035, -0.00300432182848, 0.00187317992095, -0.00116900436115, 0.00105883355718, -0.00199473439716, 0.00271111121401, -0.00266122445464, 0.00258575472981, -0.00269290525466, 0.00235911272466], [-0.00147274474148, 0.00262466142885, -0.00300432182848, 0.00914880353957, -0.00406518485397, 0.00305103254505, -0.00217285798863, 0.00247523281723, -0.00421541277319, 0.00723403552547, -0.00543531682342, 0.00481465319172, -0.00244855554774], [0.00159989041276, -0.00399072095752, 0.00187317992095, -0.00406518485397, 0.0103641822934, -0.00442300830036, 0.00242827739567, -0.00406627077609, 0.00193468446378, -0.00656262366101, 0.00676642544568, -0.00560971396044, 0.00222804280929], [-0.00156236160547, 0.00440262164921, -0.00116900436115, 0.00305103254505, -0.00442300830036, 0.0133940847591, -0.00911777000874, 0.00365480687469, -0.00325532024726, 0.00362926349044, -0.00459194043651, 0.00719382287934, -0.00254621519707], [0.00168784614652, -0.00449551455677, 0.00105883355718, -0.00217285798863, 0.00242827739567, -0.00911777000874, 0.0179152078927, -0.00737020513043, 0.0040765022859, -0.00286797014996, 0.00329767446965, -0.00484783481807, 0.00460674753413], [-0.00153647584375, 0.00367136439309, -0.00199473439716, 0.00247523281723, -0.00406627077609, 0.00365480687469, -0.00737020513043, 0.0210774783045, -0.00931924767792, 0.0028275642544, -0.00233673420735, 0.00256546819583, -0.00252527138218], [0.00161354197189, -0.00381658831611, 0.00271111121401, -0.00421541277319, 0.00193468446378, -0.00325532024726, 0.0040765022859, -0.00931924767792, 0.0203145295382, -0.00827128440142, 0.00490648020059, -0.00430774036795, 0.00103403208777], [-0.00190817425027, 0.00439998833463, -0.00266122445464, 0.00723403552547, -0.00656262366101, 0.00362926349044, -0.00286797014996, 0.0028275642544, -0.00827128440142, 0.0275632329285, -0.0146847479045, 0.00574646471068, 0.00160073302686], [0.00198841886595, -0.00553500698879, 0.00258575472981, -0.00543531682342, 0.00676642544568, -0.00459194043651, 0.00329767446965, -0.00233673420735, 0.00490648020059, -0.0146847479045, 0.0278995595872, -0.0121385231614, 0.00128444365691], [-0.00190179073252, 0.0061552785337, -0.00269290525466, 0.00481465319172, -0.00560971396044, 0.00719382287934, -0.00484783481807, 0.00256546819583, -0.00430774036795, 0.00574646471068, -0.0121385231614, 0.0299930442125, -0.010489278473], [0.00108451163396, -0.003289132379, 0.00235911272466, -0.00244855554774, 0.00222804280929, -0.00254621519707, 0.00460674753413, -0.00252527138218, 0.00103403208777, 0.00160073302686, 0.00128444365691, -0.010489278473, 0.0218964945525]]
    },
    "melbands": {
        "dmean": [0.000836595660076, 0.000751846120693, 0.000383984734071, 0.000495962565765, 0.00033719665953, 0.000235754414462, 0.000193795349333, 8.75318582985e-05, 8.67348790052e-05, 9.59569588304e-05, 7.23115444998e-05, 6.94748741807e-05, 3.29789618263e-05, 3.89111155528e-05, 3.34612414008e-05, 4.34751127614e-05, 4.70719933219e-05, 4.55958979728e-05, 2.90032312478e-05, 2.83011704596e-05, 2.28284243349e-05, 2.46755917033e-05, 2.20807396545e-05, 1.24038242575e-05, 1.27417160911e-05, 1.05052140498e-05, 8.4860739662e-06, 8.8539072749e-06, 7.34154946258e-06, 7.01423141436e-06, 5.71241071157e-06, 5.71390819459e-06, 6.07752690485e-06, 6.2743597482e-06, 4.80229027744e-06, 3.79993161914e-06, 3.15480383506e-06, 2.4772323286e-06, 1.88760623132e-06, 1.23356107906e-06],
        "dmean2": [0.0013484187657, 0.00119972205721, 0.000642955012154, 0.000823679729365, 0.000555728445761, 0.000386081082979, 0.000304045737721, 0.000137329203426, 0.000132648478029, 0.00015086660278, 0.000115874056064, 0.000108056439785, 5.26442127011e-05, 6.1917831772e-05, 5.3201780247e-05, 7.08263250999e-05, 7.67877936596e-05, 7.47004232835e-05, 4.70576451335e-05, 4.57692112832e-05, 3.6999637814e-05, 3.88440676033e-05, 3.53954528691e-05, 2.04230600502e-05, 2.12828581425e-05, 1.72684649442e-05, 1.38229006552e-05, 1.46075990415e-05, 1.22555165945e-05, 1.16424307635e-05, 9.17951001611e-06, 9.01683870325e-06, 9.43440682022e-06, 9.58151758823e-06, 7.42439488022e-06, 5.85774660067e-06, 4.83186295241e-06, 3.74955425286e-06, 2.89852164315e-06, 1.85998521829e-06],
        "dvar": [2.36884329752e-06, 2.26824704441e-06, 3.6538938275e-07, 8.40849395445e-07, 2.56726764292e-07, 1.36865935474e-07, 1.25269167484e-07, 2.47668054953e-08, 4.51599930784e-08, 5.03246369021e-08, 2.71208371316e-08, 2.11789039639e-08, 4.12899181512e-09, 4.90885554427e-09, 4.81855799705e-09, 7.84363063389e-09, 1.15168479198e-08, 6.18978290845e-09, 3.3925062759e-09, 3.54544016368e-09, 2.01139127576e-09, 2.47979325962e-09, 2.03385241981e-09, 4.87284657069e-10, 5.98717853073e-10, 3.63507030032e-10, 2.58299798217e-10, 2.59049059981e-10, 1.58539445461e-10, 1.81902173879e-10, 1.88380783195e-10, 2.05239908402e-10, 4.80249284784e-10, 4.11107065057e-10, 2.11523201732e-10, 1.27733351674e-10, 1.32334934677e-10, 1.02165276239e-10, 5.36044750254e-11, 1.99844810839e-11],
        "dvar2": [5.64843276152e-06, 5.20129833603e-06, 9.59003614298e-07, 2.21205255002e-06, 6.68438246976e-07, 3.63607767895e-07, 3.10571749651e-07, 5.70315528137e-08, 9.39879001294e-08, 1.20728216757e-07, 6.5954267825e-08, 4.88819864586e-08, 9.94907800589e-09, 1.1812478995e-08, 1.1922299592e-08, 1.94165963308e-08, 2.95758759705e-08, 1.50880872241e-08, 7.98034172078e-09, 8.72908234584e-09, 4.93044849392e-09, 5.73717251484e-09, 5.05816588614e-09, 1.22512489042e-09, 1.57772783727e-09, 9.08503605679e-10, 6.15939244053e-10, 6.49817200049e-10, 4.16282508464e-10, 4.63047267196e-10, 4.48587084145e-10, 4.18578616213e-10, 9.20243825586e-10, 8.29110169409e-10, 4.58351634425e-10, 2.76367345675e-10, 2.84127943395e-10, 2.23093821194e-10, 1.17668430555e-10, 4.2037970327e-11],
        "max": [0.0188214555383, 0.0197136625648, 0.0117976823822, 0.0173562653363, 0.010954641737, 0.00524535868317, 0.00689985230565, 0.0031828917563, 0.00540963420644, 0.00428275531158, 0.00365089508705, 0.0055930968374, 0.00197491818108, 0.00127073551994, 0.00161599426065, 0.00213596480899, 0.00200275029056, 0.00147729285527, 0.00123487005476, 0.00201875250787, 0.00100040144753, 0.00143920676783, 0.000862605404109, 0.000433543231338, 0.000535661180038, 0.000458586204331, 0.000504146737512, 0.000473792053526, 0.00019871792756, 0.000284082925646, 0.000506087031681, 0.000390638102544, 0.000787421711721, 0.00055540970061, 0.000310427276418, 0.000265322771156, 0.000321279425407, 0.000260022701696, 0.00020075593784, 0.000107777050289],
        "mean": [0.00153833674267, 0.00137411616743, 0.000739824143238, 0.000808100216091, 0.000656188058201, 0.000464028911665, 0.000411454559071, 0.000178920628969, 0.000164792174473, 0.000168201877386, 0.000125156730064, 0.000128940111608, 5.8404984884e-05, 7.03751356923e-05, 5.81615386182e-05, 7.61244009482e-05, 8.05474410299e-05, 7.55468354328e-05, 4.94493433507e-05, 4.98758126923e-05, 4.32351334894e-05, 4.79748086946e-05, 4.0068058297e-05, 2.22497565119e-05, 2.13305811485e-05, 1.77120418812e-05, 1.43527804539e-05, 1.54202443809e-05, 1.25976657728e-05, 1.17724857773e-05, 9.47718035604e-06, 9.4169872682e-06, 9.656659131e-06, 9.74297108769e-06, 7.32258286007e-06, 5.91768593949e-06, 4.90478169013e-06, 3.94224707634e-06, 2.92660797641e-06, 1.82529151971e-06],
        "median": [0.000804105657153, 0.000757417059503, 0.000498817767948, 0.000424014288001, 0.000415669637732, 0.000259203574387, 0.000167543301359, 8.99476144696e-05, 6.03873340879e-05, 6.0741098423e-05, 4.83131079818e-05, 4.9202280934e-05, 2.76429746009e-05, 3.35850199917e-05, 2.62199810095e-05, 3.11915064231e-05, 2.56945822912e-05, 3.96594768972e-05, 2.22315902647e-05, 2.09744030144e-05, 2.14919691643e-05, 2.01012499019e-05, 1.76622361323e-05, 1.2095004422e-05, 9.7775928225e-06, 9.69310531218e-06, 7.85149586591e-06, 7.91158527136e-06, 6.56703650748e-06, 5.6286430663e-06, 4.09164158555e-06, 3.67652478417e-06, 3.10768746203e-06, 2.83191366179e-06, 1.99592773242e-06, 1.46172408222e-06, 1.09805307602e-06, 7.78721641836e-07, 5.74649106966e-07, 3.74064143216e-07],
        "min": [4.55508846362e-25, 7.18513790264e-25, 5.82494645896e-25, 8.58910866136e-25, 9.41960268693e-25, 7.75312465693e-25, 9.51698164922e-25, 1.08276365724e-24, 9.99590107694e-25, 1.24765451909e-24, 1.45788535868e-24, 1.64662230241e-24, 1.08913587841e-24, 1.72828715547e-24, 1.82168158133e-24, 1.42456495873e-24, 1.67197589747e-24, 2.11619077017e-24, 2.4108916522e-24, 3.04105168988e-24, 2.54290101659e-24, 2.05791406522e-24, 3.48893969616e-24, 2.69343106009e-24, 3.1793575448e-24, 3.07759922119e-24, 2.52005915465e-24, 3.99533436034e-24, 3.74474993279e-24, 3.12633011753e-24, 4.3561853708e-24, 4.05912678073e-24, 4.1202623176e-24, 4.44863158585e-24, 4.25324060039e-24, 5.0132217023e-24, 4.41428694862e-24, 5.23436347429e-24, 4.74064817144e-24, 5.75681343005e-24],
        "var": [4.31202852269e-06, 3.72947920368e-06, 6.92740059094e-07, 1.46005709212e-06, 6.21497008524e-07, 3.4329735854e-07, 4.29880486763e-07, 7.1040091143e-08, 1.32379128104e-07, 1.10532234032e-07, 5.92618150108e-08, 9.18740781231e-08, 9.49421607999e-09, 1.14810250196e-08, 9.30819954448e-09, 1.65998628177e-08, 2.75754317158e-08, 1.1552735657e-08, 6.56205623173e-09, 7.95609444992e-09, 4.55411530709e-09, 7.78306397109e-09, 4.70925520801e-09, 9.40743150046e-10, 1.11384557133e-09, 6.35572650065e-10, 4.54535742378e-10, 5.14880305058e-10, 2.62514426863e-10, 2.94507779275e-10, 2.92782686984e-10, 4.27020502292e-10, 1.03927322304e-09, 8.15770617724e-10, 3.95383170648e-10, 2.61365651344e-10, 2.80265977093e-10, 2.23462609528e-10, 1.05974701237e-10, 3.79345201085e-11]
    },
    "mfcc": {
        "mean": [-649.328369141, 88.5369110107, -1.44766259193, 23.5390720367, 3.17860412598, 7.91776418686, -4.52748775482, 1.33764350414, -1.58390402794, 1.08848237991, -2.16725063324, 0.40701675415, -0.883067727089],
        "cov": [[30253.1328125, 4598.32421875, 128.68196106, 1367.63342285, 130.708526611, 463.390991211, -262.359222412, 101.832588196, -132.410095215, 43.4731521606, -125.992362976, 2.04978346825, -136.640380859], [4598.32421875, 1933.8815918, -57.6606712341, 397.633331299, 105.511451721, 102.893013, 1.02218663692, 5.32312583923, 27.6876583099, 53.0832023621, 1.39187455177, 38.6034202576, 56.8073806763], [128.68196106, -57.6606712341, 648.219726562, 177.725738525, 18.1157073975, -11.1951065063, 35.6502304077, 10.8099603653, -37.4178581238, -13.3845233917, -0.0677396208048, -24.469953537, -11.8730792999], [1367.63342285, 397.633331299, 177.725738525, 329.918579102, 84.3713684082, 2.70945262909, -14.8195495605, 15.4027481079, 0.629508316517, -4.81386137009, -12.0946369171, -5.29848432541, 9.29250144958], [130.708526611, 105.511451721, 18.1157073975, 84.3713684082, 130.833511353, 16.3922271729, -4.16001844406, 8.1502866745, 26.7291870117, 9.78435230255, 1.24512016773, 6.16421842575, 11.537153244], [463.390991211, 102.893013, -11.1951065063, 2.70945262909, 16.3922271729, 114.522674561, 38.7554130554, 21.7282867432, 10.1439914703, 22.7169342041, 15.8950424194, 2.7518415451, -11.3012456894], [-262.359222412, 1.02218663692, 35.6502304077, -14.8195495605, -4.16001844406, 38.7554130554, 106.435508728, 20.3493614197, 6.18418979645, 11.6207923889, 15.9023036957, 6.44572639465, -1.09066569805], [101.832588196, 5.32312583923, 10.8099603653, 15.4027481079, 8.1502866745, 21.7282867432, 20.3493614197, 82.400718689, 30.6905670166, 10.2078170776, 8.82776069641, 2.02870106697, -9.70242595673], [-132.410095215, 27.6876583099, -37.4178581238, 0.629508316517, 26.7291870117, 10.1439914703, 6.18418979645, 30.6905670166, 79.5679626465, 25.0965061188, 2.7574801445, 8.85397911072, 1.83361303806], [43.4731521606, 53.0832023621, -13.3845233917, -4.81386137009, 9.78435230255, 22.7169342041, 11.6207923889, 10.2078170776, 25.0965061188, 62.5298538208, 26.0945949554, 8.90025806427, 1.56463706493], [-125.992362976, 1.39187455177, -0.0677396208048, -12.0946369171, 1.24512016773, 15.8950424194, 15.9023036957, 8.82776069641, 2.7574801445, 26.0945949554, 64.8873138428, 21.5083332062, 4.31339359283], [2.04978346825, 38.6034202576, -24.469953537, -5.29848432541, 6.16421842575, 2.7518415451, 6.44572639465, 2.02870106697, 8.85397911072, 8.90025806427, 21.5083332062, 62.4684410095, 20.4485683441], [-136.640380859, 56.8073806763, -11.8730792999, 9.29250144958, 11.537153244, -11.3012456894, -1.09066569805, -9.70242595673, 1.83361303806, 1.56463706493, 4.31339359283, 20.4485683441, 66.8628311157]],
