{
"lowlevel": {
    "average_loudness": 0.908603429794,
    "barkbands_crest": {
        "dmean": 2.33785128593,
        "dmean2": 3.78419613838,
        "dvar": 4.55223178864,
        "dvar2": 10.8677835464,
        "max": 24.1102237701,
        "mean": 8.33822917938,
        "median": 7.56787490845,
        "min": 2.14847254753,
        "var": 11.9770011902
    },
    "barkbands_flatness_db": {
        "dmean": 0.0168985333294,
        "dmean2": 0.0255335457623,
        "dvar": 0.000254432234215,
        "dvar2": 0.000543046218809,
        "max": 0.353804975748,
        "mean": 0.127214193344,
        "median": 0.119496874511,
        "min": 0.0295679904521,
        "var": 0.00182570773177
    },
    "barkbands_kurtosis": {
        "dmean": 1.61655318737,
        "dmean2": 2.57928323746,
        "dvar": 10.0110692978,
        "dvar2": 24.6387424469,
        "max": 115.655570984,
        "mean": 2.4810526371,
        "median": 0.796221017838,
        "min": -1.86472845078,
        "var": 26.5138473511
    },
    "barkbands_skewness": {
        "dmean": 0.377962261438,
        "dmean2": 0.58334338665,
        "dvar": 0.16391672194,
        "dvar2": 0.391143500805,
        "max": 9.29711723328,
        "mean": 1.13474953175,
        "median": 1.00183606148,
        "min": -2.00907278061,
        "var": 0.794960618019
    },
    "barkbands_spread": {
        "dmean": 4.79653739929,
        "dmean2": 7.32468175888,
        "dvar": 40.5848808289,
        "dvar2": 82.1722564697,
        "max": 97.3100738525,
        "mean": 22.2843437195,
        "median": 21.1328163147,
        "min": 1.52913355827,
        "var": 145.499633789
    },
    "dissonance": {
        "dmean": 0.0198097024113,
        "dmean2": 0.033478371799,
        "dvar": 0.000330138747813,
        "dvar2": 0.000907532521524,
        "max": 0.500000059605,
        "mean": 0.461114704609,
        "median": 0.46706622839,
        "min": 0.257943749428,
        "var": 0.000734368630219
    },
    "dynamic_complexity": 2.80090141296,
    "erbbands_crest": {
        "dmean": 2.69217944145,
        "dmean2": 4.33326530457,
        "dvar": 6.28175449371,
        "dvar2": 15.2316036224,
        "max": 29.2868118286,
        "mean": 9.22714805603,
        "median": 8.18711090088,
        "min": 2.1648182869,
        "var": 18.2272624969
    },
    "erbbands_flatness_db": {
        "dmean": 0.01531804353,
        "dmean2": 0.021437112242,
        "dvar": 0.000206588651054,
        "dvar2": 0.000357504031854,
        "max": 0.273143619299,
        "mean": 0.162624940276,
        "median": 0.165079712868,
        "min": 0.0537572093308,
        "var": 0.001268148073
    },
    "erbbands_kurtosis": {
        "dmean": 0.85919958353,
        "dmean2": 1.35769593716,
        "dvar": 1.23095095158,
        "dvar2": 2.93689131737,
        "max": 22.3989315033,
        "mean": 0.67685353756,
        "median": 0.208769440651,
        "min": -1.77438604832,
        "var": 3.53632807732
    },
    "erbbands_skewness": {
        "dmean": 0.325728565454,
        "dmean2": 0.506687939167,
        "dvar": 0.0972511172295,
        "dvar2": 0.221676826477,
        "max": 4.17124462128,
        "mean": 0.468022346497,
        "median": 0.416392803192,
        "min": -3.27173829079,
        "var": 0.493514001369
    },
    "erbbands_spread": {
        "dmean": 7.13785505295,
        "dmean2": 10.4763727188,
        "dvar": 73.1883468628,
        "dvar2": 142.217819214,
        "max": 142.634002686,
        "mean": 33.3421287537,
        "median": 29.1889839172,
        "min": 5.49532222748,
        "var": 271.955718994
    },
    "hfc": {
        "dmean": 5.99162960052,
        "dmean2": 8.5513792038,
        "dvar": 70.6884613037,
        "dvar2": 124.729789734,
        "max": 197.070999146,
        "mean": 26.8520908356,
        "median": 24.0611133575,
        "min": 1.1611368516e-16,
        "var": 401.824951172
    },
    "melbands_crest": {
        "dmean": 2.95880579948,
        "dmean2": 4.87573957443,
        "dvar": 7.35544776917,
        "dvar2": 18.1882553101,
        "max": 32.7738723755,
        "mean": 10.888256073,
        "median": 10.0192661285,
        "min": 2.01458740234,
        "var": 17.8025150299
    },
    "melbands_flatness_db": {
        "dmean": 0.0208105891943,
        "dmean2": 0.0310162417591,
        "dvar": 0.000443902652478,
        "dvar2": 0.000934957119171,
        "max": 0.462732791901,
        "mean": 0.173746004701,
        "median": 0.162176311016,
        "min": 0.00581111945212,
        "var": 0.00340375583619
    },
    "melbands_kurtosis": {
        "dmean": 3.43461418152,
        "dmean2": 5.41877794266,
        "dvar": 34.1756134033,
        "dvar2": 88.0358886719,
        "max": 207.263626099,
        "mean": 7.04000997543,
        "median": 4.04316520691,
        "min": -1.66249442101,
        "var": 86.6492156982
    },
    "melbands_skewness": {
        "dmean": 0.504536986351,
        "dmean2": 0.771880567074,
        "dvar": 0.275872260332,
        "dvar2": 0.639743745327,
        "max": 11.8199005127,
        "mean": 1.85971140862,
        "median": 1.68243908882,
        "min": -1.17882406712,
        "var": 1.22407793999
    },
    "melbands_spread": {
        "dmean": 5.77609157562,
        "dmean2": 8.95379638672,
        "dvar": 61.5860214233,
        "dvar2": 127.556556702,
        "max": 158.037200928,
        "mean": 25.8173980713,
        "median": 24.629322052,
        "min": 1.25929772854,
        "var": 212.791549683
    },
    "pitch_salience": {
        "dmean": 0.0629156008363,
        "dmean2": 0.10068846494,
        "dvar": 0.00289658945985,
        "dvar2": 0.00729303900152,
        "max": 0.950541615486,
        "mean": 0.593578636646,
        "median": 0.595946907997,
        "min": 0.160533577204,
        "var": 0.00854803994298
    },
    "silence_rate_20dB": {
        "dmean": 0,
        "dmean2": 0,
        "dvar": 0,
        "dvar2": 0,
        "max": 1,
        "mean": 1,
        "median": 1,
        "min": 1,
        "var": 0
    },
    "silence_rate_30dB": {
        "dmean": 0.000253068457823,
        "dmean2": 0.000506200944073,
        "dvar": 0.000253027013969,
        "dvar2": 0.000759135582484,
        "max": 1,
        "mean": 0.999873459339,
        "median": 1,
        "min": 0,
        "var": 0.000126495651784
    },
    "silence_rate_60dB": {
        "dmean": 0.00354295829311,
        "dmean2": 0.00708681344986,
        "dvar": 0.00353114935569,
        "dvar2": 0.00830147508532,
        "max": 1,
        "mean": 0.0340333990753,
        "median": 0,
        "min": 0,
        "var": 0.0328764431179
    },
    "spectral_centroid": {
        "dmean": 209.063644409,
        "dmean2": 323.813262939,
        "dvar": 69006.328125,
        "dvar2": 148016.59375,
        "max": 11310.7832031,
        "mean": 1307.74279785,
        "median": 1309.25317383,
        "min": 214.12348938,
        "var": 321330.0625
    },
    "spectral_complexity": {
        "dmean": 3.39643168449,
        "dmean2": 5.30549240112,
        "dvar": 11.7563753128,
        "dvar2": 25.1099586487,
        "max": 53,
        "mean": 22.8056678772,
        "median": 23,
        "min": 0,
        "var": 105.789222717
    },
    "spectral_decrease": {
        "dmean": 1.7936450103e-09,
        "dmean2": 2.69372457673e-09,
        "dvar": 4.12649429689e-18,
        "dvar2": 8.8252809452e-18,
        "max": 2.1823477757e-28,
        "mean": -7.2111512317e-09,
        "median": -6.77412437255e-09,
        "min": -2.95721473975e-08,
        "var": 1.6730227506e-17
    },
    "spectral_energy": {
        "dmean": 0.00710790604353,
        "dmean2": 0.0106168799102,
        "dvar": 6.33936433587e-05,
        "dvar2": 0.000134520203574,
        "max": 0.119143217802,
        "mean": 0.0296522099525,
        "median": 0.0281105004251,
        "min": 1.04948394815e-20,
        "var": 0.000278866413282
    },
    "spectral_energyband_high": {
        "dmean": 0.000485996599309,
        "dmean2": 0.000661564117763,
        "dvar": 1.05918559257e-06,
        "dvar2": 1.77515130417e-06,
        "max": 0.0240024477243,
        "mean": 0.00107843556907,
        "median": 0.000463288160972,
        "min": 7.71559663384e-21,
        "var": 3.23719154949e-06
    },
    "spectral_energyband_low": {
        "dmean": 0.00351786077954,
        "dmean2": 0.0053770034574,
        "dvar": 2.93843149848e-05,
        "dvar2": 6.48561908747e-05,
        "max": 0.0807648599148,
        "mean": 0.00681113637984,
        "median": 0.00482985144481,
        "min": 2.644480111e-23,
        "var": 5.34604987479e-05
    },
    "spectral_energyband_middle_high": {
        "dmean": 0.00202093133703,
        "dmean2": 0.00310151302256,
        "dvar": 6.2760595938e-06,
        "dvar2": 1.44666728374e-05,
        "max": 0.078964471817,
        "mean": 0.00831561814994,
        "median": 0.00664706341922,
        "min": 1.3324025782e-21,
        "var": 5.05861389684e-05
    },
    "spectral_energyband_middle_low": {
        "dmean": 0.00460361642763,
        "dmean2": 0.00709031010047,
        "dvar": 3.26361696352e-05,
        "dvar2": 7.16841241228e-05,
        "max": 0.0871438160539,
        "mean": 0.0143475746736,
        "median": 0.0122939608991,
        "min": 2.92206802043e-22,
        "var": 0.000100270044641
    },
    "spectral_entropy": {
        "dmean": 0.137141257524,
        "dmean2": 0.189880311489,
        "dvar": 0.022079160437,
        "dvar2": 0.0402264930308,
        "max": 9.80734634399,
        "mean": 7.60260725021,
        "median": 7.62278175354,
        "min": 5.68182754517,
        "var": 0.155383944511
    },
    "spectral_flux": {
        "dmean": 0.0197758357972,
        "dmean2": 0.0314680784941,
        "dvar": 0.00035326438956,
        "dvar2": 0.000875619240105,
        "max": 0.247616186738,
        "mean": 0.0904853194952,
        "median": 0.0890024006367,
        "min": 6.44830577823e-11,
        "var": 0.00144958321471
    },
    "spectral_kurtosis": {
        "dmean": 1.43568503857,
        "dmean2": 2.35173010826,
        "dvar": 2.41811585426,
        "dvar2": 6.50122737885,
        "max": 41.9184265137,
        "mean": 4.20770072937,
        "median": 3.86223173141,
        "min": -1.2065333128,
        "var": 6.87255096436
    },
    "spectral_rms": {
        "dmean": 0.000621220679022,
        "dmean2": 0.000916086370125,
        "dvar": 3.6347617538e-07,
        "dvar2": 7.24225969861e-07,
        "max": 0.0107813393697,
        "mean": 0.00511890370399,
        "median": 0.00523687666282,
        "min": 3.19982300205e-12,
        "var": 2.72579973171e-06
    },
    "spectral_rolloff": {
        "dmean": 402.51550293,
        "dmean2": 675.078308105,
        "dvar": 767757.4375,
        "dvar2": 1598431.75,
        "max": 19143.0175781,
        "mean": 1522.01452637,
        "median": 1335.05859375,
        "min": 43.06640625,
        "var": 1533571
    },
    "spectral_skewness": {
        "dmean": 0.209606543183,
        "dmean2": 0.325317561626,
        "dvar": 0.0462010316551,
        "dvar2": 0.102800153196,
        "max": 5.24523115158,
        "mean": 1.55450022221,
        "median": 1.53211343288,
        "min": -0.206712856889,
        "var": 0.191928893328
    },
    "spectral_spread": {
        "dmean": 467192.21875,
        "dmean2": 621007.8125,
        "dvar": 489049358336,
        "dvar2": 732923756544,
        "max": 41093988,
        "mean": 4358226,
        "median": 3983372.5,
        "min": 1871428.875,
        "var": 2.17022660608e+12
    },
    "spectral_strongpeak": {
        "dmean": 0.759338378906,
        "dmean2": 1.29814088345,
        "dvar": 1.18399739265,
        "dvar2": 2.93260884285,
        "max": 11.6740922928,
        "mean": 1.24052989483,
        "median": 0.666848182678,
        "min": 0,
        "var": 2.20105457306
    },
    "zerocrossingrate": {
        "dmean": 0.00921481847763,
        "dmean2": 0.0107878521085,
        "dvar": 0.000175942768692,
        "dvar2": 0.000188341393368,
        "max": 0.59228515625,
        "mean": 0.0618932321668,
        "median": 0.05810546875,
        "min": 0.00341796875,
        "var": 0.00100324279629
    },
    "barkbands": {
        "dmean": [0.000158469454618, 0.00306714256294, 0.000857638544403, 0.000681659672409, 0.00246145389974, 0.00124949053861, 0.00113803590648, 0.00128230254631, 0.000970355176833, 0.000932661932893, 0.000563139095902, 0.000519051973242, 0.000470727623906, 0.000540076871403, 0.000575776037294, 0.000370397610823, 0.000299654901028, 0.000185025826795, 0.00014034396736, 0.000154194989591, 0.000116045652248, 0.000118430478324, 0.000111954424938, 9.68291569734e-05, 4.96762913826e-05, 2.41965517489e-05, 7.54842304218e-08],
        "dmean2": [0.000270046613878, 0.00470669567585, 0.00144497328438, 0.00111400848255, 0.00385293201543, 0.00197714474052, 0.00177581084426, 0.00207069097087, 0.00156017078552, 0.00147347000893, 0.000887501577381, 0.000845539092552, 0.000762892654166, 0.000882882857695, 0.000911122187972, 0.000578530947678, 0.000490931037348, 0.000298414495774, 0.000225166702876, 0.000246067938861, 0.000177575464477, 0.000173564723809, 0.000155168585479, 0.000138016403071, 6.75299888826e-05, 3.2796888263e-05, 1.26044241711e-07],
        "dvar": [6.95033222087e-08, 2.73011974059e-05, 1.80401241323e-06, 1.26846384774e-06, 1.86131510418e-05, 3.63134722647e-06, 3.05036928694e-06, 6.0287497945e-06, 3.16426940117e-06, 3.35527374773e-06, 1.28803162625e-06, 1.0803898931e-06, 8.62624744968e-07, 8.17364423256e-07, 1.45664137108e-06, 8.80931679603e-07, 2.81518452994e-07, 8.60219770971e-08, 4.13004563882e-08, 8.27853057217e-08, 6.13550881212e-08, 6.96971795833e-08, 9.28614696249e-08, 8.41148377617e-08, 1.56146207075e-08, 5.01283414778e-09, 1.03384586048e-13],
        "dvar2": [1.90133235378e-07, 5.89043884247e-05, 4.70462100566e-06, 3.0134606277e-06, 3.89345550502e-05, 8.75421847013e-06, 7.24537767383e-06, 1.51889125846e-05, 7.6588430602e-06, 7.76938577474e-06, 2.86007184513e-06, 2.67771588369e-06, 2.0839811441e-06, 2.06596769203e-06, 3.25892096953e-06, 1.95515622181e-06, 7.25854931716e-07, 2.086798645e-07, 1.01049160151e-07, 2.00624967306e-07, 1.39046846925e-07, 1.32356419158e-07, 1.79588525384e-07, 1.58774710712e-07, 2.99605851239e-08, 9.33126020897e-09, 2.67255699992e-13],
        "max": [0.00522888032719, 0.0740784332156, 0.0199908558279, 0.0334079600871, 0.056742798537, 0.0454866029322, 0.0276832580566, 0.0454474464059, 0.0320970714092, 0.0658681765199, 0.0316442660987, 0.026572432369, 0.0207073446363, 0.0181079953909, 0.0234133098274, 0.0206577517092, 0.0102767907083, 0.00587396230549, 0.00646140240133, 0.0119850588962, 0.00625100778416, 0.00797629728913, 0.00732564972714, 0.0114474548027, 0.00305219134316, 0.0022032444831, 6.93568244969e-06],
        "mean": [0.000203035218874, 0.00479429215193, 0.00126451230608, 0.00115880626254, 0.00407194765285, 0.00237756315619, 0.00219114660285, 0.00212436472066, 0.00172856508289, 0.00164451799355, 0.00100241973996, 0.000965705141425, 0.000888792099431, 0.000961223151535, 0.00108376296703, 0.000669741071761, 0.000588705006521, 0.00039567440399, 0.000295576668577, 0.000306914560497, 0.000214898347622, 0.00023157344549, 0.000205993899726, 0.000172224506969, 7.79589390731e-05, 3.21682382491e-05, 6.30707361893e-08],
        "median": [8.60305008246e-05, 0.00275009218603, 0.000754518783651, 0.000640195445158, 0.00245074415579, 0.00157535995822, 0.00124288769439, 0.00104319467209, 0.000825005350634, 0.000726111407857, 0.000379229022656, 0.00038843380753, 0.000317157828249, 0.000456498441054, 0.000359669444151, 0.000244429247687, 0.000290746451356, 0.000219090667088, 0.000203014176805, 0.000170044164406, 8.92363750609e-05, 0.000102808771771, 6.93985130056e-05, 4.88046680402e-05, 1.77220390469e-05, 4.86443605041e-06, 1.46675360746e-09],
        "min": [3.70998207168e-24, 4.38413984027e-24, 1.76247954255e-24, 1.02069939443e-23, 1.56179533985e-23, 3.1521518621e-23, 8.03662539044e-24, 6.96941444149e-23, 1.03323461509e-22, 4.20169406226e-23, 4.26749295037e-23, 1.0445328072e-22, 3.84157211705e-23, 5.37079475904e-23, 8.48003006354e-23, 1.61369651829e-22, 1.46513898993e-22, 1.29906458428e-22, 2.38100359788e-22, 2.45525850691e-22, 2.51527554945e-22, 4.0763510064e-22, 4.56082873227e-22, 7.85299545333e-22, 1.077566528e-21, 1.47635573372e-21, 2.19104149953e-21],
        "var": [1.04686193936e-07, 4.01210891141e-05, 2.37125732383e-06, 3.11857934321e-06, 2.83548415609e-05, 7.72563998908e-06, 7.72790281189e-06, 1.21030534501e-05, 7.82696406532e-06, 8.12542566564e-06, 4.24028849011e-06, 3.20924596053e-06, 2.85813280243e-06, 1.85470639735e-06, 4.00513590648e-06, 1.82886151379e-06, 6.92002060987e-07, 2.5336353815e-07, 1.17236346853e-07, 2.02572621788e-07, 1.43598015256e-07, 1.707756212e-07, 1.97544295588e-07, 1.85725212987e-07, 2.82620415959e-08, 9.05458374945e-09, 9.23649855602e-14]
    },
    "erbbands": {
        "dmean": [0.0942939370871, 0.695371568203, 1.00960588455, 1.54385411739, 6.45126485825, 8.6720790863, 8.56238269806, 10.2782745361, 13.420501709, 24.2480983734, 27.0460700989, 20.1028003693, 29.0126571655, 24.1330375671, 20.0369110107, 22.965013504, 19.7131252289, 27.1519355774, 22.5118350983, 28.5219173431, 13.7449007034, 13.3628845215, 10.4154996872, 6.50135135651, 7.5087647438, 7.06642484665, 5.21796035767, 4.4364323616, 4.30077123642, 3.83326721191, 3.23235845566, 2.32488894463, 1.48438167572, 0.591733157635, 0.367352813482, 0.150575384498, 0.0366834662855, 0.00233744434081, 5.25046416442e-05, 1.05357630673e-05],
        "dmean2": [0.148787692189, 1.06798958778, 1.66424894333, 2.481559515, 10.1143817902, 13.8155889511, 13.7853822708, 16.2956008911, 21.0631694794, 37.9810791016, 43.8059120178, 32.4305534363, 46.7543296814, 37.3512649536, 31.5656814575, 37.099521637, 31.3237323761, 44.8051567078, 36.0525398254, 44.4928703308, 21.8131389618, 21.4479160309, 16.655128479, 10.4976873398, 12.0044803619, 11.1706705093, 8.19687366486, 6.68852615356, 6.31020116806, 5.50129175186, 4.56935453415, 3.36029720306, 2.11727309227, 0.816638410091, 0.510475814342, 0.20837430656, 0.0496680624783, 0.00320643675514, 6.99411248206e-05, 1.5008601622e-05],
        "dvar": [0.0253862757236, 1.4369058609, 2.63054966927, 5.64565229416, 187.636795044, 189.218780518, 181.356674194, 330.089996338, 471.717254639, 1792.15429688, 3116.90771484, 1597.54309082, 3256.04736328, 3399.27368164, 1701.65197754, 2123.5925293, 1582.07702637, 1969.20837402, 2071.30419922, 4163.83984375, 679.202026367, 540.695129395, 271.327911377, 83.3600234985, 134.637237549, 164.667404175, 115.358970642, 94.7826080322, 90.7004470825, 93.8090820312, 81.0612716675, 53.8904724121, 18.9801864624, 2.19355654716, 0.931579589844, 0.179157331586, 0.0138585213572, 7.21324322512e-05, 2.73605316181e-08, 2.02942010419e-10],
        "dvar2": [0.05998628214, 3.01811432838, 6.66287612915, 13.2177276611, 400.681732178, 447.958435059, 460.401580811, 785.7734375, 1109.33081055, 4272.18310547, 7917.36132812, 3920.59936523, 8090.29980469, 7339.97265625, 3786.48608398, 5103.70898438, 3790.06005859, 5004.03417969, 5024.72802734, 9554.47265625, 1705.02978516, 1364.94140625, 665.593383789, 214.173782349, 322.297210693, 391.916748047, 260.882293701, 212.587234497, 175.611877441, 184.316238403, 161.418182373, 108.601837158, 37.1870574951, 4.0474896431, 1.88181364536, 0.350412517786, 0.0261417161673, 0.000138889445225, 5.045112772e-08, 3.62705171453e-10],
        "max": [2.38013291359, 15.5076704025, 22.0923500061, 93.073890686, 218.719146729, 186.388061523, 204.726913452, 567.991638184, 461.53326416, 859.152282715, 1111.96960449, 1003.46148682, 1072.39123535, 2518.75756836, 1355.16467285, 1359.18151855, 1001.81872559, 695.638793945, 1056.06872559, 1572.27929688, 478.238616943, 647.78338623, 340.79598999, 173.645935059, 395.521697998, 511.628448486, 366.215820312, 250.877502441, 259.517578125, 333.258361816, 219.957595825, 312.761169434, 130.411193848, 33.9198684692, 23.8312263489, 13.0078582764, 3.50689435005, 0.179446101189, 0.00335203087889, 0.000249310454819],
        "mean": [0.133117675781, 1.07405757904, 1.63912248611, 2.97315597534, 8.8034324646, 14.4483890533, 15.6892232895, 18.8630180359, 26.0706539154, 44.1335983276, 45.8409233093, 37.8301467896, 53.9847221375, 46.442073822, 39.9303741455, 45.615032196, 42.8294525146, 51.5197410583, 45.9038314819, 62.3902816772, 32.5597686768, 29.4528255463, 23.6789913177, 15.0551939011, 16.2830295563, 14.4747123718, 9.91600608826, 8.18048000336, 8.15474700928, 7.34244203568, 5.79128885269, 4.02820205688, 2.54067707062, 0.98177331686, 0.535360276699, 0.209146127105, 0.0463131777942, 0.0027051649522, 8.12649886939e-05, 4.10418215324e-05],
        "median": [0.07483497262, 0.565822660923, 1.07301044464, 1.98751354218, 4.04370498657, 8.36931228638, 9.71854877472, 11.5041484833, 14.787109375, 21.6894378662, 23.5002326965, 19.204000473, 25.8599281311, 21.2361221313, 17.5889434814, 19.532585144, 18.2481613159, 28.4906024933, 20.8482780457, 18.4839744568, 14.3045330048, 16.1867599487, 13.4744024277, 10.5605621338, 10.6674308777, 8.40155887604, 4.24296474457, 3.37301111221, 3.63502025604, 2.89780235291, 1.85306501389, 1.17341351509, 0.702798485756, 0.26019847393, 0.09739112854, 0.0413171947002, 0.00394396856427, 0.0001232039358, 2.54975275311e-05, 3.67894463125e-05],
        "min": [2.16795410305e-22, 7.42763912888e-22, 3.39811207854e-21, 2.46813472627e-20, 2.32041965591e-20, 7.31808368136e-20, 1.66414302359e-19, 2.51285992963e-19, 1.34919814126e-19, 3.39789381272e-19, 1.65944249221e-18, 2.01271757996e-18, 1.89191302137e-18, 1.81020742919e-18, 2.82568557522e-18, 3.75088771075e-18, 2.3926501139e-18, 2.18199533603e-18, 4.45790379572e-18, 7.38394767914e-18, 8.11467241483e-18, 8.8148022212e-18, 8.40985512514e-18, 7.53307097279e-18, 1.14893377035e-17, 1.2891927484e-17, 1.01488526433e-17, 9.51381616092e-18, 1.42236717266e-17, 1.10181168967e-17, 1.57452357218e-17, 1.40756990412e-17, 1.45319040382e-17, 9.27459635495e-18, 8.99550975218e-18, 5.99670664848e-18, 2.6027792185e-18, 1.15803765813e-18, 3.35882477991e-19, 3.05173940588e-20],
        "var": [0.0321299210191, 2.20202279091, 3.62588953972, 14.7143907547, 246.76121521, 323.819549561, 345.508209229, 653.214355469, 1156.86022949, 4123.44628906, 5946.15820312, 3616.28100586, 7918.27441406, 8751.95117188, 5553.18554688, 7146.93164062, 6196.55615234, 4624.04833984, 4761.99072266, 18240.5722656, 2398.66821289, 1484.50231934, 856.810302734, 238.544631958, 397.696472168, 422.355865479, 356.320098877, 197.917816162, 218.803527832, 202.530654907, 164.607086182, 108.83039856, 38.741569519, 4.34946203232, 1.51518642902, 0.315840929747, 0.0232549738139, 0.000106372048322, 4.54809381267e-08, 7.53866191694e-10]
    },
    "gfcc": {
        "mean": [14.8720474243, 103.735435486, -130.245101929, 35.1192474365, -70.0762176514, 20.4208068848, -42.0887107849, 11.1911993027, -19.3095264435, 3.75689554214, -11.598772049, -1.32753634453, -6.35390472412],
        "cov": [[7544.94335938, -980.3671875, -723.38092041, 44.8358573914, -86.419631958, 234.442306519, -98.6252822876, 148.724639893, -82.9433135986, 119.181236267, -201.725784302, -6.37772941589, -138.825714111], [-980.3671875, 1075.87109375, 120.617469788, 26.5660400391, 117.819252014, -110.890708923, 132.218917847, -50.3195610046, 100.390380859, -103.723892212, 168.187225342, -66.9767227173, 100.775444031], [-723.38092041, 120.617469788, 742.674682617, 144.235122681, -14.5487861633, 10.689116478, -19.5305080414, -6.04559183121, -24.0309085846, 24.2423553467, -19.3396453857, 42.8823242188, -31.4961776733], [44.8358573914, 26.5660400391, 144.235122681, 240.598419189, 42.3948860168, 11.7551622391, -2.5278096199, 4.27162742615, 36.2296485901, -8.14168739319, -4.75333595276, -17.6344184875, 21.69090271], [-86.419631958, 117.819252014, -14.5487861633, 42.3948860168, 201.59197998, 13.5432977676, 19.214630127, 43.4097442627, 40.6152420044, 13.985707283, -0.823305249214, -1.41918838024, 20.073223114], [234.442306519, -110.890708923, 10.689116478, 11.7551622391, 13.5432977676, 150.748703003, 52.4321136475, 15.9161338806, -27.2481021881, 0.824041485786, -3.38051271439, 8.87801074982, -23.1439304352], [-98.6252822876, 132.218917847, -19.5305080414, -2.5278096199, 19.214630127, 52.4321136475, 156.339920044, 27.0813388824, -15.5832138062, -16.7498512268, 38.9815483093, -3.80084562302, -1.08576309681], [148.724639893, -50.3195610046, -6.04559183121, 4.27162742615, 43.4097442627, 15.9161338806, 27.0813388824, 97.6317825317, 42.2880897522, 24.3616065979, -17.5423107147, 8.72275257111, -4.66376590729], [-82.9433135986, 100.390380859, -24.0309085846, 36.2296485901, 40.6152420044, -27.2481021881, -15.5832138062, 42.2880897522, 135.714935303, 20.0176811218, 17.0537376404, -19.4179534912, 27.5177650452], [119.181236267, -103.723892212, 24.2423553467, -8.14168739319, 13.985707283, 0.824041485786, -16.7498512268, 24.3616065979, 20.0176811218, 88.6923370361, -2.10317754745, 18.8967113495, -18.4560012817], [-201.725784302, 168.187225342, -19.3396453857, -4.75333595276, -0.823305249214, -3.38051271439, 38.9815483093, -17.5423107147, 17.0537376404, -2.10317754745, 95.9167556763, 5.7553858757, 16.2487602234], [-6.37772941589, -66.9767227173, 42.8823242188, -17.6344184875, -1.41918838024, 8.87801074982, -3.80084562302, 8.72275257111, -19.4179534912, 18.8967113495, 5.7553858757, 69.3332901001, 3.61570858955], [-138.825714111, 100.775444031, -31.4961776733, 21.69090271, 20.073223114, -23.1439304352, -1.08576309681, -4.66376590729, 27.5177650452, -18.4560012817, 16.2487602234, 3.61570858955, 73.2209320068]],
        "icov": [[0.000208991594263, -0.000183200390893, 0.00038846739335, -0.000379976176191, 0.00032545265276, -0.000432371656643, 0.000399840297177, -0.000496014137752, 0.000363388826372, -0.000433068693383, 0.00043323362479, -0.000182388248504, 0.000343638588674], [-0.000183200390893, 0.00393926631659, -0.00199770275503, 0.00195932830684, -0.00290573644452, 0.00316394376568, -0.0034105037339, 0.00271761557087, -0.00265354081057, 0.00391201302409, -0.00486151268706, 0.00324765057303, -0.00238781818189], [0.00038846739335, -0.00199770275503, 0.00320542650297, -0.00275467894971, 0.00196053343825, -0.00178866647184, 0.00203168625012, -0.00164549436886, 0.00182231108192, -0.00255407532677, 0.0030162432231, -0.00317240646109, 0.00266202376224], [-0.000379976176191, 0.00195932830684, -0.00275467894971, 0.00707450276241, -0.00262555945665, 0.000997588853352, -0.00191093399189, 0.00233716960065, -0.00293133920059, 0.00273897056468, -0.00227687112056, 0.00358057534322, -0.00342164072208], [0.00032545265276, -0.00290573644452, 0.00196053343825, -0.00262555945665, 0.00833776034415, -0.00308744097129, 0.0023343169596, -0.00439135916531, 0.00161805120297, -0.00397641630843, 0.00395437842235, -0.00222066324204, 0.000352396105882], [-0.000432371656643, 0.00316394376568, -0.00178866647184, 0.000997588853352, -0.00308744097129, 0.011409538798, -0.00587567547336, 0.00228722766042, -0.00137405085843, 0.00357010029256, -0.00339813786559, 0.00114672642667, 0.000385776773328], [0.000399840297177, -0.0034105037339, 0.00203168625012, -0.00191093399189, 0.0023343169596, -0.00587567547336, 0.0137074347585, -0.00840127654374, 0.0060034035705, -0.00165521074086, -0.00154399347957, -0.000222140035476, 0.00174326740671], [-0.000496014137752, 0.00271761557087, -0.00164549436886, 0.00233716960065, -0.00439135916531, 0.00228722766042, -0.00840127654374, 0.0210308171809, -0.00993423257023, 0.000768459460232, 0.00314606376924, -0.00257198163308, 0.000416890368797], [0.000363388826372, -0.00265354081057, 0.00182231108192, -0.00293133920059, 0.00161805120297, -0.00137405085843, 0.0060034035705, -0.00993423257023, 0.0157281663269, -0.0056305360049, -0.00133942684624, 0.00357368239202, -0.0026376741007], [-0.000433068693383, 0.00391201302409, -0.00255407532677, 0.00273897056468, -0.00397641630843, 0.00357010029256, -0.00165521074086, 0.000768459460232, -0.0056305360049, 0.0193594433367, -0.00618065707386, -0.00118384964298, 0.0025534813758], [0.00043323362479, -0.00486151268706, 0.0030162432231, -0.00227687112056, 0.00395437842235, -0.00339813786559, -0.00154399347957, 0.00314606376924, -0.00133942684624, -0.00618065707386, 0.0216951109469, -0.00766193633899, 0.00201305537485], [-0.000182388248504, 0.00324765057303, -0.00317240646109, 0.00358057534322, -0.00222066324204, 0.00114672642667, -0.000222140035476, -0.00257198163308, 0.00357368239202, -0.00118384964298, -0.00766193633899, 0.0228865910321, -0.00750812655315], [0.000343638588674, -0.00238781818189, 0.00266202376224, -0.00342164072208, 0.000352396105882, 0.000385776773328, 0.00174326740671, 0.000416890368797, -0.0026376741007, 0.0025534813758, 0.00201305537485, -0.00750812655315, 0.0213906131685]]
    },
    "melbands": {
        "dmean": [0.00085972546367, 0.000613993091974, 0.000357835262548, 0.000574092729948, 0.00030266054091, 0.000236113541177, 0.000208674871828, 0.000261243316345, 0.000215404914343, 0.000133095265483, 0.000146430291352, 0.000101496560092, 7.66346420278e-05, 5.77487844566e-05, 5.53977006348e-05, 4.67390054837e-05, 5.47023555555e-05, 3.77190772269e-05, 4.05724640586e-05, 3.38459685736e-05, 1.82361254701e-05, 1.59380069817e-05, 1.47448254211e-05, 7.89650493971e-06, 5.61104752705e-06, 5.93116692471e-06, 5.72443104829e-06, 4.90705951961e-06, 3.79933544536e-06, 3.02100625049e-06, 2.6283405532e-06, 2.64316918219e-06, 2.50250400313e-06, 2.16410057874e-06, 1.99242413146e-06, 1.76702315002e-06, 1.38864254495e-06, 1.14600288725e-06, 7.98085523002e-07, 4.57880673821e-07],
        "dmean2": [0.00132263125852, 0.00096674595261, 0.000566254311707, 0.000908377522137, 0.000488001649501, 0.000373498070985, 0.000327678455506, 0.000410430278862, 0.000347953347955, 0.000214429179323, 0.000235993764363, 0.000157406844664, 0.000120032811537, 9.37469230848e-05, 8.85786503204e-05, 7.55376240704e-05, 8.98336584214e-05, 6.11487848801e-05, 6.37270713923e-05, 5.08976154379e-05, 2.92281074508e-05, 2.57969022641e-05, 2.39355867961e-05, 1.27467083075e-05, 9.22830895433e-06, 9.64791615843e-06, 9.13868643693e-06, 7.87699264038e-06, 6.08508798905e-06, 4.8405340749e-06, 4.01754186896e-06, 3.96479345e-06, 3.79830612474e-06, 3.1510712688e-06, 2.89827084998e-06, 2.60491469817e-06, 2.04982757168e-06, 1.67277494256e-06, 1.15108753107e-06, 6.44381998427e-07],
        "dvar": [2.16128978536e-06, 9.20045636121e-07, 3.21756857602e-07, 1.19897981676e-06, 2.05819432608e-07, 1.50330009774e-07, 1.03432313381e-07, 2.15052537555e-07, 1.95443490725e-07, 7.06411995566e-08, 8.16098832956e-08, 6.20469364776e-08, 2.36466188852e-08, 1.3032146029e-08, 1.18853886732e-08, 7.22913062745e-09, 8.1672757446e-09, 6.04139671623e-09, 7.5717023762e-09, 6.31110941285e-09, 1.30400668041e-09, 8.97099505792e-10, 6.53082032898e-10, 1.59530277877e-10, 6.78430436829e-11, 8.74247341187e-11, 8.50448877987e-11, 1.05715457221e-10, 7.12468001263e-11, 4.25460604248e-11, 3.37721621502e-11, 3.29412920552e-11, 3.52451505481e-11, 3.27283686263e-11, 3.37208594381e-11, 2.67452917452e-11, 1.98925580869e-11, 1.23280699885e-11, 5.2954524446e-12, 1.27874468826e-12],
        "dvar2": [4.80442031403e-06, 2.0633603981e-06, 7.37700020181e-07, 2.50640755439e-06, 5.25046516486e-07, 3.60088421303e-07, 2.44847740305e-07, 5.23077289927e-07, 4.94294738473e-07, 1.7296466126e-07, 2.02080670419e-07, 1.33976229222e-07, 5.00657542091e-08, 3.29899592089e-08, 2.79704011064e-08, 1.75129368785e-08, 2.06895744981e-08, 1.49807419803e-08, 1.69316969334e-08, 1.30882265026e-08, 3.26356408564e-09, 2.23184382087e-09, 1.65231817117e-09, 3.9937242402e-10, 1.78192224864e-10, 2.11249212567e-10, 2.06026889993e-10, 2.56959981071e-10, 1.68560859715e-10, 1.02427753779e-10, 7.58423324143e-11, 6.81496109545e-11, 7.35469948832e-11, 6.73229388903e-11, 7.18016340828e-11, 5.21882745352e-11, 4.3159614771e-11, 2.56976263185e-11, 1.05705904099e-11, 2.5461974109e-12],
        "max": [0.0215556714684, 0.0126113574952, 0.0137860085815, 0.014687509276, 0.00714410049841, 0.0109652476385, 0.00650423113257, 0.0095979673788, 0.00934213772416, 0.00609241239727, 0.00521906558424, 0.0110734757036, 0.00520098907873, 0.00283477338962, 0.00250387052074, 0.00143852713518, 0.00151462573558, 0.00201387726702, 0.00201043323614, 0.00176302925684, 0.000645869993605, 0.000908029731363, 0.000497617467772, 0.000416717724875, 0.00015908369096, 0.00033947522752, 0.000193782281713, 0.000461905030534, 0.000355955970008, 0.00013806449715, 0.000157618080266, 0.000157676331582, 0.000171429361217, 0.00021027616458, 0.000140426869621, 0.000208961093449, 0.000178446556674, 0.000108535306936, 7.22720724298e-05, 2.7259802664e-05],
        "mean": [0.00129856378771, 0.00109188037459, 0.000654637289699, 0.000874601944815, 0.000578482577112, 0.000443705386715, 0.00041535278433, 0.00047010180424, 0.000357062992407, 0.000240639681579, 0.00026615743991, 0.000184041957255, 0.000141468117363, 0.000107160703919, 0.000110263790702, 8.81838859641e-05, 9.56357180257e-05, 6.93849942763e-05, 8.17457694211e-05, 6.58943608869e-05, 3.57998615073e-05, 3.14630051435e-05, 2.81243646896e-05, 1.6729316485e-05, 1.1334215742e-05, 1.15141656352e-05, 1.1530840311e-05, 9.05253182282e-06, 6.64848312226e-06, 4.94857977174e-06, 4.60301271232e-06, 4.63844116894e-06, 4.46758394901e-06, 3.86627971238e-06, 3.38646555065e-06, 2.90332445729e-06, 2.28613544095e-06, 1.89174443221e-06, 1.26590498439e-06, 6.9908247724e-07],
        "median": [0.0007680777926, 0.000708229956217, 0.000420230906457, 0.000475432549138, 0.000374931230908, 0.000275161350146, 0.000244000853854, 0.000237692001974, 0.000180202245247, 0.000114436465083, 0.000122465047752, 7.35142821213e-05, 5.4699688917e-05, 4.38765346189e-05, 4.49911385658e-05, 3.7744299334e-05, 4.76902459923e-05, 2.91662327072e-05, 2.49370259553e-05, 1.98385114345e-05, 1.50232826854e-05, 1.55543348228e-05, 1.34695092129e-05, 9.28068129724e-06, 7.37958998798e-06, 7.35951607567e-06, 6.93117408446e-06, 4.74184344057e-06, 2.47203206527e-06, 2.06131721825e-06, 1.81725363291e-06, 2.12960685531e-06, 1.71358271928e-06, 1.48881485984e-06, 1.07468542865e-06, 8.41077053337e-07, 6.32568116998e-07, 5.1606332363e-07, 3.22964524457e-07, 1.7624471127e-07],
        "min": [1.5369164024e-24, 2.16781264451e-24, 3.63908635327e-24, 3.20728953173e-24, 4.98603163905e-24, 5.99943627892e-24, 2.02490792773e-24, 5.12039279501e-24, 1.29922085763e-23, 1.4069230115e-23, 9.01054438656e-24, 6.34396891269e-24, 8.36823963803e-24, 1.22136912152e-23, 5.28603701903e-24, 3.5047354525e-24, 4.15699247021e-24, 6.58962887605e-24, 6.40122522605e-24, 1.2208605429e-23, 7.57743419068e-24, 8.39672619418e-24, 7.05630321036e-24, 6.421551805e-24, 5.76032110006e-24, 8.46409176004e-24, 9.48273206973e-24, 7.90160553562e-24, 6.62072261749e-24, 4.74499795047e-24, 3.98372272225e-24, 7.7687771364e-24, 7.10034531469e-24, 5.27505173649e-24, 8.8836127226e-24, 9.24326703107e-24, 8.07353540333e-24, 1.02460962016e-23, 1.04489399505e-23, 6.64225378703e-24],
        "var": [2.96383655041e-06, 1.60204933763e-06, 6.76717718306e-07, 1.64763071098e-06, 4.1242020643e-07, 3.21138458048e-07, 2.65980958147e-07, 4.80239009448e-07, 3.71438090951e-07, 1.64292586646e-07, 1.98111109739e-07, 1.59256430265e-07, 8.2802586121e-08, 3.88869274559e-08, 3.97553456821e-08, 2.02889935963e-08, 1.77511374488e-08, 1.31626363142e-08, 2.57448835583e-08, 2.05866754754e-08, 3.35470939916e-09, 2.09107819948e-09, 1.53552959237e-09, 4.73299788251e-10, 1.55349136333e-10, 2.25682431076e-10, 2.19049847705e-10, 2.24111867952e-10, 2.31627439451e-10, 7.45095582455e-11, 6.64657009986e-11, 7.26327401002e-11, 7.29668131472e-11, 6.36427577305e-11, 6.12913469977e-11, 5.20998140463e-11, 3.74225234134e-11, 2.33593214216e-11, 9.49322478266e-12, 2.21141356095e-12]
    },
    "mfcc": {
        "mean": [-617.552429199, 123.080078125, -1.17488110065, 15.0729780197, -0.64239692688, 4.47369670868, -6.19704580307, 3.39585161209, -2.85250973701, 3.68900489807, 1.6037068367, -0.776267826557, 0.139630511403],
        "cov": [[6720.328125, -830.872497559, -732.13458252, -214.806854248, -83.8948669434, 39.5202636719, -4.166680336, 21.6853923798, 53.9595794678, 249.968322754, -176.091323853, 119.249076843, -104.371665955], [-830.872497559, 986.083129883, 49.0854187012, 105.531059265, 17.9161949158, -35.6963233948, 43.0150680542, 36.2412109375, -27.8281593323, -41.2786254883, 88.9669036865, -44.314907074, 59.5644874573], [-732.13458252, 49.0854187012, 652.441162109, 130.724914551, 34.1127243042, 48.028755188, 11.082159996, 2.61347055435, -23.0649166107, -51.8064231873, 33.7327270508, -10.4223546982, -6.44382238388], [-214.806854248, 105.531059265, 130.724914551, 233.153656006, 80.6856155396, 2.60472846031, -13.7024383545, -0.368342190981, 32.1707725525, 14.9659833908, -1.94161188602, -7.9087138176, 23.4670715332], [-83.8948669434, 17.9161949158, 34.1127243042, 80.6856155396, 188.53137207, 15.2759361267, -42.3562889099, -1.52130901814, 44.512550354, 32.3120307922, -6.47486019135, -3.48509168625, 15.5779905319], [39.5202636719, -35.6963233948, 48.028755188, 2.60472846031, 15.2759361267, 100.871551514, 56.3242721558, 17.7233982086, -3.77383804321, -4.00214290619, 7.78766489029, 7.71818494797, -7.99084854126], [-4.166680336, 43.0150680542, 11.082159996, -13.7024383545, -42.3562889099, 56.3242721558, 156.548675537, 51.2474517822, -14.3739967346, -16.6720752716, 25.6739768982, -2.34468865395, -8.10169029236], [21.6853923798, 36.2412109375, 2.61347055435, -0.368342190981, -1.52130901814, 17.7233982086, 51.2474517822, 97.0718917847, 21.7315330505, 7.88155841827, 13.1296472549, -1.46200275421, -1.22137510777], [53.9595794678, -27.8281593323, -23.0649166107, 32.1707725525, 44.512550354, -3.77383804321, -14.3739967346, 21.7315330505, 95.8947372437, 41.0583343506, -1.75676870346, 0.703426897526, 5.80281686783], [249.968322754, -41.2786254883, -51.8064231873, 14.9659833908, 32.3120307922, -4.00214290619, -16.6720752716, 7.88155841827, 41.0583343506, 99.3384628296, 6.48954200745, 17.4337368011, -4.14586448669], [-176.091323853, 88.9669036865, 33.7327270508, -1.94161188602, -6.47486019135, 7.78766489029, 25.6739768982, 13.1296472549, -1.75676870346, 6.48954200745, 83.2898254395, 14.7253484726, 9.42116641998], [119.249076843, -44.314907074, -10.4223546982, -7.9087138176, -3.48509168625, 7.71818494797, -2.34468865395, -1.46200275421, 0.703426897526, 17.4337368011, 14.7253484726, 80.095413208, 18.1883563995], [-104.371665955, 59.5644874573, -6.44382238388, 23.4670715332, 15.5779905319, -7.99084854126, -8.10169029236, -1.22137510777, 5.80281686783, -4.14586448669, 9.42116641998, 18.1883563995, 67.3608627319]],
