{
"lowlevel": {
    "average_loudness": 0.942598938942,
    "barkbands_crest": {
        "dmean": 2.40459132195,
        "dmean2": 3.87683916092,
        "dvar": 4.94880056381,
        "dvar2": 11.9601793289,
        "max": 25.0641384125,
        "mean": 9.45017337799,
        "median": 8.67897129059,
        "min": 2.87483930588,
        "var": 14.4578027725
    },
    "barkbands_flatness_db": {
        "dmean": 0.0181165058166,
        "dmean2": 0.0277202166617,
        "dvar": 0.000308455579216,
        "dvar2": 0.000683484075125,
        "max": 0.343512862921,
        "mean": 0.150429546833,
        "median": 0.143944501877,
        "min": 0.047459308058,
        "var": 0.00187913759146
    },
    "barkbands_kurtosis": {
        "dmean": 1.84452092648,
        "dmean2": 2.86641001701,
        "dvar": 10.2937307358,
        "dvar2": 23.1662197113,
        "max": 93.1182479858,
        "mean": 3.07701539993,
        "median": 1.00894975662,
        "min": -1.93536186218,
        "var": 36.7914619446
    },
    "barkbands_skewness": {
        "dmean": 0.389583796263,
        "dmean2": 0.595889031887,
        "dvar": 0.158972159028,
        "dvar2": 0.358446419239,
        "max": 9.0102186203,
        "mean": 1.27303254604,
        "median": 1.09170424938,
        "min": -1.99720311165,
        "var": 0.986208319664
    },
    "barkbands_spread": {
        "dmean": 4.68702030182,
        "dmean2": 7.20465040207,
        "dvar": 31.4679508209,
        "dvar2": 67.8721694946,
        "max": 98.8288574219,
        "mean": 21.3294696808,
        "median": 20.133234024,
        "min": 1.43661677837,
        "var": 136.703369141
    },
    "dissonance": {
        "dmean": 0.0217655450106,
        "dmean2": 0.0368036143482,
        "dvar": 0.00036289417767,
        "dvar2": 0.00100851629395,
        "max": 0.5,
        "mean": 0.456768602133,
        "median": 0.461998701096,
        "min": 0.280822664499,
        "var": 0.00078891107114
    },
    "dynamic_complexity": 2.2010345459,
    "erbbands_crest": {
        "dmean": 2.78331589699,
        "dmean2": 4.48933458328,
        "dvar": 6.45855665207,
        "dvar2": 16.1047210693,
        "max": 30.4519824982,
        "mean": 9.97027683258,
        "median": 8.93260860443,
        "min": 2.32870960236,
        "var": 19.5935878754
    },
    "erbbands_flatness_db": {
        "dmean": 0.0158073753119,
        "dmean2": 0.0229519996792,
        "dvar": 0.00024838061654,
        "dvar2": 0.000451678526588,
        "max": 0.320326536894,
        "mean": 0.175428524613,
        "median": 0.177439793944,
        "min": 0.0626794174314,
        "var": 0.00149988289922
    },
    "erbbands_kurtosis": {
        "dmean": 0.850442171097,
        "dmean2": 1.3671091795,
        "dvar": 1.48275661469,
        "dvar2": 3.50112462044,
        "max": 48.0420455933,
        "mean": 0.432617098093,
        "median": -0.0620436668396,
        "min": -1.85436570644,
        "var": 4.53880882263
    },
    "erbbands_skewness": {
        "dmean": 0.332324028015,
        "dmean2": 0.521708607674,
        "dvar": 0.095219925046,
        "dvar2": 0.2287196666,
        "max": 5.18329334259,
        "mean": 0.488684684038,
        "median": 0.417689919472,
        "min": -4.05435800552,
        "var": 0.468051165342
    },
    "erbbands_spread": {
        "dmean": 7.18279647827,
        "dmean2": 10.8503494263,
        "dvar": 64.4861526489,
        "dvar2": 130.005401611,
        "max": 166.134216309,
        "mean": 35.6416397095,
        "median": 31.7799224854,
        "min": 2.89722752571,
        "var": 324.307983398
    },
    "hfc": {
        "dmean": 5.12892103195,
        "dmean2": 7.65284585953,
        "dvar": 37.7265548706,
        "dvar2": 78.0182342529,
        "max": 101.919219971,
        "mean": 24.2794952393,
        "median": 20.6371116638,
        "min": 1.20186365154e-16,
        "var": 248.407836914
    },
    "melbands_crest": {
        "dmean": 2.83588290215,
        "dmean2": 4.65600156784,
        "dvar": 7.04643392563,
        "dvar2": 17.8765487671,
        "max": 29.935092926,
        "mean": 12.2889480591,
        "median": 11.438832283,
        "min": 2.46056127548,
        "var": 21.6421737671
    },
    "melbands_flatness_db": {
        "dmean": 0.0209371838719,
        "dmean2": 0.03179737553,
        "dvar": 0.000488138437504,
        "dvar2": 0.00107747490983,
        "max": 0.452935814857,
        "mean": 0.196036294103,
        "median": 0.185711607337,
        "min": 0.00665810890496,
        "var": 0.00377051648684
    },
    "melbands_kurtosis": {
        "dmean": 4.19756937027,
        "dmean2": 6.47796726227,
        "dvar": 64.4197158813,
        "dvar2": 143.370742798,
        "max": 359.433990479,
        "mean": 9.12895298004,
        "median": 4.69389200211,
        "min": -1.61445045471,
        "var": 193.89831543
    },
    "melbands_skewness": {
        "dmean": 0.53329706192,
        "dmean2": 0.81435585022,
        "dvar": 0.329775065184,
        "dvar2": 0.72693002224,
        "max": 16.4811725616,
        "mean": 2.08349752426,
        "median": 1.83193230629,
        "min": -0.557608604431,
        "var": 1.82765245438
    },
    "melbands_spread": {
        "dmean": 5.50499725342,
        "dmean2": 8.63087940216,
        "dvar": 44.6704559326,
        "dvar2": 104.655181885,
        "max": 155.239822388,
        "mean": 24.1985931396,
        "median": 22.6755218506,
        "min": 1.16340529919,
        "var": 193.346115112
    },
    "pitch_salience": {
        "dmean": 0.061357807368,
        "dmean2": 0.0987777113914,
        "dvar": 0.00300430622883,
        "dvar2": 0.00743100605905,
        "max": 0.857863068581,
        "mean": 0.540793478489,
        "median": 0.542330026627,
        "min": 0.125862076879,
        "var": 0.00909020099789
    },
    "silence_rate_20dB": {
        "dmean": 0,
        "dmean2": 0,
        "dvar": 0,
        "dvar2": 0,
        "max": 1,
        "mean": 1,
        "median": 1,
        "min": 1,
        "var": 0
    },
    "silence_rate_30dB": {
        "dmean": 0.000247586023761,
        "dmean2": 0.000495233398397,
        "dvar": 0.000247570860665,
        "dvar2": 0.000742789299693,
        "max": 1,
        "mean": 0.999876201153,
        "median": 1,
        "min": 0,
        "var": 0.00012375015649
    },
    "silence_rate_60dB": {
        "dmean": 0.000742758100387,
        "dmean2": 0.00148570013698,
        "dvar": 0.000742151518352,
        "dvar2": 0.00173095031641,
        "max": 1,
        "mean": 0.0132442135364,
        "median": 0,
        "min": 0,
        "var": 0.0130688622594
    },
    "spectral_centroid": {
        "dmean": 225.739776611,
        "dmean2": 352.775512695,
        "dvar": 67328.265625,
        "dvar2": 155410.25,
        "max": 11177.6289062,
        "mean": 1386.19396973,
        "median": 1361.84936523,
        "min": 214.950286865,
        "var": 388323
    },
    "spectral_complexity": {
        "dmean": 2.97474622726,
        "dmean2": 4.80351638794,
        "dvar": 9.30713176727,
        "dvar2": 21.7179260254,
        "max": 52,
        "mean": 19.670009613,
        "median": 19,
        "min": 0,
        "var": 60.816318512
    },
    "spectral_decrease": {
        "dmean": 1.75179315498e-09,
        "dmean2": 2.70721467466e-09,
        "dvar": 4.18197081903e-18,
        "dvar2": 9.72472736478e-18,
        "max": 2.23674750263e-29,
        "mean": -7.43169570327e-09,
        "median": -7.06361369396e-09,
        "min": -3.05700531555e-08,
        "var": 1.28096015063e-17
    },
    "spectral_energy": {
        "dmean": 0.00689970189705,
        "dmean2": 0.0106435865164,
        "dvar": 6.28658672213e-05,
        "dvar2": 0.000146093312651,
        "max": 0.122219957411,
        "mean": 0.0302510950714,
        "median": 0.0289013106376,
        "min": 1.09441706141e-20,
        "var": 0.000202984971111
    },
    "spectral_energyband_high": {
        "dmean": 0.00035098256194,
        "dmean2": 0.000515074876603,
        "dvar": 4.57953575506e-07,
        "dvar2": 8.79963010902e-07,
        "max": 0.0156642440706,
        "mean": 0.000858856947161,
        "median": 0.000422335462645,
        "min": 7.48968746932e-21,
        "var": 1.6582976059e-06
    },
    "spectral_energyband_low": {
        "dmean": 0.00337515003048,
        "dmean2": 0.00527881970629,
        "dvar": 3.92729816667e-05,
        "dvar2": 9.08193178475e-05,
        "max": 0.100221224129,
        "mean": 0.00810772832483,
        "median": 0.00537441531196,
        "min": 1.59532552553e-22,
        "var": 8.33087324281e-05
    },
    "spectral_energyband_middle_high": {
        "dmean": 0.00227458495647,
        "dmean2": 0.003472706303,
        "dvar": 9.34736726776e-06,
        "dvar2": 2.17530196096e-05,
        "max": 0.0671913325787,
        "mean": 0.00831009820104,
        "median": 0.00569620542228,
        "min": 1.72839974643e-21,
        "var": 6.2920153141e-05
    },
    "spectral_energyband_middle_low": {
        "dmean": 0.00413259398192,
        "dmean2": 0.0064765624702,
        "dvar": 2.64069622062e-05,
        "dvar2": 6.09230955888e-05,
        "max": 0.0857839360833,
        "mean": 0.0136899808422,
        "median": 0.0113031314686,
        "min": 2.54230482707e-22,
        "var": 9.25872955122e-05
    },
    "spectral_entropy": {
        "dmean": 0.142861381173,
        "dmean2": 0.204722478986,
        "dvar": 0.0232922695577,
        "dvar2": 0.0443140156567,
        "max": 9.81352710724,
        "mean": 7.42723560333,
        "median": 7.43748807907,
        "min": 5.79400920868,
        "var": 0.162346839905
    },
    "spectral_flux": {
        "dmean": 0.0206261333078,
        "dmean2": 0.0335173234344,
        "dvar": 0.000427743594628,
        "dvar2": 0.00112668599468,
        "max": 0.242896959186,
        "mean": 0.0835854485631,
        "median": 0.0780112221837,
        "min": 6.97942259542e-11,
        "var": 0.00114342721645
    },
    "spectral_kurtosis": {
        "dmean": 1.61193525791,
        "dmean2": 2.72203326225,
        "dvar": 2.97506523132,
        "dvar2": 8.10940170288,
        "max": 29.9506721497,
        "mean": 4.02895832062,
        "median": 3.49616909027,
        "min": -1.31468999386,
        "var": 7.59061193466
    },
    "spectral_rms": {
        "dmean": 0.000600199447945,
        "dmean2": 0.000915688113309,
        "dvar": 3.61103701607e-07,
        "dvar2": 8.00031330073e-07,
        "max": 0.0109196603298,
        "mean": 0.00526044284925,
        "median": 0.00531002832577,
        "min": 3.26760450295e-12,
        "var": 1.84083137356e-06
    },
    "spectral_rolloff": {
        "dmean": 430.362640381,
        "dmean2": 734.498657227,
        "dvar": 602249.8125,
        "dvar2": 1346129.25,
        "max": 19530.6152344,
        "mean": 1440.75561523,
        "median": 1184.32617188,
        "min": 86.1328125,
        "var": 1435056.875
    },
    "spectral_skewness": {
        "dmean": 0.218303382397,
        "dmean2": 0.350748687983,
        "dvar": 0.0450225919485,
        "dvar2": 0.114535689354,
        "max": 4.1242442131,
        "mean": 1.41479372978,
        "median": 1.36334884167,
        "min": -0.288304656744,
        "var": 0.210075438023
    },
    "spectral_spread": {
        "dmean": 443840.96875,
        "dmean2": 609307.875,
        "dvar": 547642638336,
        "dvar2": 877164363776,
        "max": 41282976,
        "mean": 4128986,
        "median": 3651958,
        "min": 1632773.5,
        "var": 2.54613546598e+12
    },
    "spectral_strongpeak": {
        "dmean": 0.731762945652,
        "dmean2": 1.24068641663,
        "dvar": 1.13434696198,
        "dvar2": 2.88187289238,
        "max": 13.2130737305,
        "mean": 1.42199742794,
        "median": 0.844986617565,
        "min": 0,
        "var": 2.36749529839
    },
    "zerocrossingrate": {
        "dmean": 0.00817874073982,
        "dmean2": 0.00976302567869,
        "dvar": 0.000116386421723,
        "dvar2": 0.000139441443025,
        "max": 0.6435546875,
        "mean": 0.0576857849956,
        "median": 0.0556640625,
        "min": 0.005859375,
        "var": 0.000865659094416
    },
    "barkbands": {
        "dmean": [0.000122675963212, 0.00275129405782, 0.00103802909143, 0.000558319268748, 0.0021920632571, 0.00101303926203, 0.00150047568604, 0.000654239032883, 0.000793358427472, 0.0007683763979, 0.00114453933202, 0.000371508620447, 0.000588722061366, 0.000317546655424, 0.000396924966481, 0.000228191420319, 0.000188487523701, 0.000203880015761, 0.000243656439125, 0.000257971434621, 9.38406883506e-05, 7.89424520917e-05, 7.73279098212e-05, 5.03241171828e-05, 2.88471255772e-05, 8.39762742544e-06, 2.15966142747e-08],
        "dmean2": [0.000210768455872, 0.0043138852343, 0.00172853202093, 0.000949171022512, 0.00353652099147, 0.00160268344916, 0.00234279735014, 0.00102494016755, 0.00122158031445, 0.00118176301476, 0.00184462603647, 0.000586204521824, 0.000921669125091, 0.000513509032317, 0.000638417899609, 0.000375242438167, 0.00029866094701, 0.000321732484736, 0.000383923907066, 0.000407828221796, 0.000148382256157, 0.000122293509776, 0.000112409128633, 7.30136380298e-05, 4.09558524552e-05, 1.20746417451e-05, 3.83277267701e-08],
        "dvar": [6.02812093575e-08, 3.49358451786e-05, 3.7178419916e-06, 6.33397235106e-07, 1.64020693774e-05, 2.92069171337e-06, 6.52281278235e-06, 3.41140116689e-06, 3.81992367693e-06, 2.5238039143e-06, 5.65810523767e-06, 7.5599638194e-07, 1.73626290234e-06, 7.78164746862e-07, 7.28512702608e-07, 4.68592986635e-07, 1.90523437027e-07, 2.33743378431e-07, 2.36787599306e-07, 2.18850999545e-07, 3.86832113008e-08, 4.07632470001e-08, 4.91265872427e-08, 2.19853824035e-08, 1.05234141401e-08, 6.67713606628e-10, 1.83859851443e-14],
        "dvar2": [1.64347113696e-07, 7.79415495344e-05, 9.99155781756e-06, 1.77395520495e-06, 3.81799109164e-05, 7.13172812539e-06, 1.48480394273e-05, 7.40474160921e-06, 9.29147427087e-06, 5.49267042516e-06, 1.45213834912e-05, 1.6912947558e-06, 4.11304290537e-06, 1.79343135187e-06, 1.73563773842e-06, 1.1652205103e-06, 4.55253626797e-07, 5.22165748862e-07, 5.57079147256e-07, 5.08878201799e-07, 9.16072977475e-08, 8.56187583054e-08, 9.55626333621e-08, 4.36849596497e-08, 2.03225507533e-08, 1.33039257388e-09, 5.2461470091e-14],
        "max": [0.00450644735247, 0.0892742499709, 0.0407054461539, 0.0121416356415, 0.0572416074574, 0.0318847931921, 0.0454384386539, 0.0664985477924, 0.05471098423, 0.0528817176819, 0.0608515404165, 0.0218698773533, 0.0399512462318, 0.0167471636087, 0.0224200431257, 0.0225605908781, 0.0129585014656, 0.0174693148583, 0.00995979644358, 0.0111091155559, 0.00494056520984, 0.00635486422107, 0.00553720304742, 0.00396822439507, 0.00320575293154, 0.000874450197443, 5.47330364498e-06],
        "mean": [0.000166539481143, 0.00520741473883, 0.00225180899724, 0.00107953057159, 0.00444483710453, 0.00213293498382, 0.00282115722075, 0.00129886309151, 0.00154379929882, 0.0013801966561, 0.00209496193565, 0.000648877350613, 0.0011852219468, 0.00051949324552, 0.000686146318913, 0.00038298725849, 0.000351135007804, 0.000348009169102, 0.000479316484416, 0.000588333874475, 0.000177516063559, 0.000153032116941, 0.000149749350385, 9.57392985583e-05, 5.06878059241e-05, 1.28019355543e-05, 1.65392251006e-08],
        "median": [4.49242943432e-05, 0.00291195278987, 0.0012038059067, 0.000609649694525, 0.00250961957499, 0.00112948275637, 0.00136848678812, 0.000380295095965, 0.000597554491833, 0.000473025254905, 0.000635923817754, 0.000237577783992, 0.000328255642671, 0.000124725498608, 0.000269720010692, 0.000120842028991, 0.000134827569127, 0.000163709744811, 0.000211793420021, 0.000226664487855, 8.49329007906e-05, 5.98987026024e-05, 4.86196513521e-05, 2.44134116656e-05, 1.03075572042e-05, 2.51638766713e-06, 9.12899533745e-10],
        "min": [1.127990394e-23, 7.99646148408e-23, 1.71447495044e-23, 1.12189297251e-23, 4.26678991753e-23, 1.23532556977e-23, 3.07966690451e-23, 4.42800342538e-23, 3.6881800073e-23, 4.88505712764e-23, 5.22651777927e-23, 1.23842465717e-22, 9.69627056366e-23, 8.85265513855e-23, 1.12049702003e-22, 1.46202797495e-22, 1.55953345476e-22, 1.63623660938e-22, 3.35584761229e-22, 2.99665513456e-22, 3.12220417778e-22, 5.69334067187e-22, 6.66675211488e-22, 8.93789351574e-22, 9.66966764958e-22, 1.50357070289e-21, 2.50232899147e-21],
        "var": [9.0001393005e-08, 5.6441182096e-05, 9.44866042119e-06, 1.71001579474e-06, 3.58965662599e-05, 8.56514088809e-06, 1.67129546753e-05, 1.62050328072e-05, 1.2075689483e-05, 6.98392341292e-06, 1.46270203913e-05, 1.69318275312e-06, 5.93944969296e-06, 1.77498327503e-06, 1.59170167535e-06, 8.85450106125e-07, 4.84727252115e-07, 4.32632589309e-07, 5.80320147492e-07, 8.36165668261e-07, 8.5949352524e-08, 1.15869418948e-07, 1.30524270503e-07, 5.95026499184e-08, 2.65948880696e-08, 1.42372647005e-09, 1.22380709353e-14]
    },
    "erbbands": {
        "dmean": [0.0773159861565, 0.64777559042, 1.23224210739, 1.37577807903, 4.73617982864, 8.97011852264, 8.00676631927, 8.15289783478, 15.0517930984, 21.279920578, 14.0445737839, 19.7180290222, 17.3754749298, 44.7031517029, 25.3766002655, 14.4349708557, 24.2799015045, 19.1127910614, 18.0513019562, 13.5416564941, 12.4540624619, 9.2239522934, 11.1190271378, 12.2371091843, 12.6336307526, 10.157957077, 4.90289354324, 3.24405479431, 3.03506827354, 2.38342285156, 2.23905992508, 1.36325240135, 0.698199212551, 0.336794108152, 0.210114359856, 0.0592413470149, 0.0115236975253, 0.000715702655725, 1.85191765922e-05, 8.51627555676e-06],
        "dmean2": [0.123671606183, 1.02375209332, 2.03894996643, 2.30119466782, 7.77894687653, 14.3951740265, 12.9679861069, 12.8224077225, 23.8458461761, 33.3228683472, 21.4143848419, 30.216714859, 26.7279567719, 70.56665802, 40.3357200623, 22.752248764, 37.3404998779, 30.019990921, 29.1155433655, 22.0632553101, 20.4345664978, 14.490729332, 17.4690761566, 19.473695755, 19.7739295959, 16.0225830078, 7.96953439713, 5.09082126617, 4.75979709625, 3.4828517437, 3.32120728493, 2.00897216797, 1.00289011002, 0.477001309395, 0.302479237318, 0.0857205837965, 0.0164555981755, 0.00105127866846, 2.6319121389e-05, 1.29143791128e-05],
        "dvar": [0.0298680923879, 1.9149492979, 5.01405382156, 4.00130605698, 120.339401245, 224.668487549, 240.455490112, 186.691558838, 793.452270508, 1509.12158203, 1604.61291504, 2432.00512695, 1458.92114258, 5940.35791016, 4817.71923828, 945.248840332, 3403.67675781, 1801.7199707, 1980.09057617, 708.140869141, 1527.09533691, 454.472412109, 820.6484375, 802.750305176, 489.832946777, 389.79800415, 96.3372192383, 51.7845954895, 62.8382072449, 45.5696105957, 41.4907150269, 17.7206401825, 4.19187545776, 1.41033399105, 0.574841380119, 0.034709315747, 0.00127125543077, 7.67562960391e-06, 2.95308999476e-09, 9.09256767101e-11],
        "dvar2": [0.069416642189, 4.25880861282, 13.2310638428, 10.9285650253, 284.626922607, 541.615783691, 582.97253418, 449.797668457, 1832.67077637, 3393.88964844, 3264.82226562, 5905.453125, 3406.89428711, 13912.6669922, 13422.0683594, 2284.66503906, 7938.84667969, 4203.89013672, 4699.68554688, 1806.80651855, 3821.44799805, 1054.22094727, 1785.12634277, 1945.12890625, 1131.08874512, 884.183532715, 242.568435669, 115.388084412, 142.324279785, 88.2893218994, 82.2484664917, 35.5722236633, 8.59819793701, 2.80151629448, 1.13754081726, 0.0698873177171, 0.00248046638444, 1.67595644598e-05, 6.01807359502e-09, 2.06923700397e-10],
        "max": [3.2062561512, 20.9343738556, 39.8534698486, 37.391292572, 188.499099731, 325.549377441, 473.561218262, 344.674621582, 601.458984375, 923.065490723, 1636.71057129, 1306.16210938, 900.918457031, 1988.90783691, 1920.80847168, 690.952392578, 2208.78369141, 842.253479004, 1309.98840332, 541.72668457, 1523.29101562, 540.101745605, 1192.02819824, 615.998718262, 444.036346436, 379.641967773, 281.351074219, 229.74911499, 252.017745972, 198.766723633, 169.78453064, 124.530853271, 56.0192871094, 40.5912399292, 23.3677101135, 6.45703077316, 0.899175524712, 0.0801131129265, 0.00148805498611, 0.000151895437739],
        "mean": [0.13292337954, 1.21203184128, 2.72953295708, 3.20040392876, 8.23057556152, 18.4150485992, 16.0206184387, 17.9296531677, 30.0309677124, 40.894657135, 27.8750343323, 39.2670783997, 34.867149353, 85.9988632202, 51.366733551, 28.542388916, 50.0157966614, 37.6626625061, 33.1383209229, 26.1963787079, 22.5503101349, 18.8048305511, 20.5863304138, 23.4154758453, 29.7395305634, 23.1324462891, 10.014629364, 6.42303514481, 5.65608263016, 4.77168989182, 4.24704647064, 2.53279423714, 1.32280826569, 0.608727514744, 0.340242892504, 0.0945916175842, 0.0167108234018, 0.000870627176482, 4.09305102949e-05, 3.85727216781e-05],
        "median": [0.0588578358293, 0.670751512051, 1.68648302555, 1.99288606644, 4.55233240128, 8.8442697525, 8.72956180573, 9.42886829376, 15.5242872238, 20.8242053986, 10.5396404266, 15.7751684189, 15.5713663101, 37.2499237061, 18.834733963, 12.7109298706, 16.3969497681, 13.6966409683, 12.0765256882, 12.25760746, 9.17442131042, 7.67471218109, 10.5887775421, 10.8523454666, 12.6725587845, 9.63255214691, 5.09736061096, 2.979626894, 2.35049510002, 1.63185536861, 1.35645103455, 0.687314689159, 0.344599753618, 0.134852007031, 0.0617599710822, 0.021473929286, 0.00210970803164, 6.38738347334e-05, 2.27487107622e-05, 3.68815854017e-05],
        "min": [3.89648355084e-21, 1.07291949355e-20, 1.85916032034e-20, 2.42731594798e-20, 8.86247382897e-20, 1.66826768217e-19, 8.32985417125e-20, 9.87235149697e-20, 3.25021208808e-19, 6.57225033669e-19, 8.53213020406e-19, 9.2286772844e-19, 1.74588193564e-18, 1.34431707772e-18, 3.67007051054e-18, 4.02815575694e-18, 4.6398611966e-18, 4.50663383278e-18, 5.93681711777e-18, 6.38718221972e-18, 9.29577548735e-18, 9.3976378167e-18, 8.89840040262e-18, 1.23697945377e-17, 1.88209298129e-17, 1.5285624395e-17, 1.07487554564e-17, 1.60756265477e-17, 1.8623281623e-17, 2.27107731132e-17, 1.85111341299e-17, 1.73928057941e-17, 1.6836832889e-17, 1.09893310114e-17, 6.55462508239e-18, 5.12597580385e-18, 2.9199312255e-18, 1.12504700696e-18, 3.03007864756e-19, 3.67508494404e-20],
        "var": [0.045763425529, 3.06696724892, 10.8655538559, 13.4953575134, 159.107208252, 817.852844238, 808.668395996, 603.127746582, 2067.04418945, 4002.52368164, 6306.51367188, 7486.56152344, 3759.28442383, 16452.5996094, 13589.6005859, 2391.81884766, 10065.78125, 4563.79492188, 4439.47900391, 1729.39733887, 2807.18212891, 1305.34387207, 1532.40515137, 1617.0267334, 2017.01647949, 1203.6159668, 191.793426514, 132.1822052, 156.51499939, 132.828704834, 103.728637695, 43.8130683899, 11.0555934906, 3.36968660355, 1.37892901897, 0.0763043761253, 0.00270212208852, 1.09752145363e-05, 5.63311353119e-09, 3.30827615302e-10]
    },
    "gfcc": {
        "mean": [7.25924444199, 112.795227051, -132.469085693, 40.3973503113, -68.5812835693, 15.6045331955, -33.9609985352, 9.27353382111, -23.9315280914, -0.10276068747, -7.87168550491, -4.56514167786, -4.10102891922],
        "cov": [[4786.83203125, -658.456359863, -447.862182617, 19.9671993256, -242.019271851, 180.721801758, -58.8525123596, 41.3511962891, -175.220718384, 108.441291809, -7.38570594788, 77.0686340332, -101.120101929], [-658.456359863, 1045.3215332, 16.8871574402, 14.3049173355, 229.615585327, -198.323532104, 172.431488037, -77.134262085, 131.225524902, -93.6948623657, 112.081268311, -122.718307495, 92.7591323853], [-447.862182617, 16.8871574402, 927.225402832, 136.515640259, -6.17491960526, 40.8998718262, -88.0411300659, 75.8009033203, 11.5814056396, 26.9870796204, -121.373558044, 36.6265296936, -54.0583877563], [19.9671993256, 14.3049173355, 136.515640259, 291.218780518, 36.3353767395, 16.1886329651, 26.1274929047, -6.09816360474, 43.0977096558, -7.06950616837, 14.9021158218, -3.59545516968, 18.5873603821], [-242.019271851, 229.615585327, -6.17491960526, 36.3353767395, 210.035202026, -7.52456283569, 59.0865745544, 7.43042182922, 30.2805957794, 1.83281254768, 22.6057682037, -4.10253190994, 17.4451141357], [180.721801758, -198.323532104, 40.8998718262, 16.1886329651, -7.52456283569, 204.605636597, 25.1376724243, 9.13082695007, -20.109413147, 40.479598999, -18.3982048035, 27.0882034302, -3.50631141663], [-58.8525123596, 172.431488037, -88.0411300659, 26.1274929047, 59.0865745544, 25.1376724243, 185.723022461, -4.08357620239, -7.8417840004, 16.4105319977, 63.4314460754, -23.0125045776, 31.6506233215], [41.3511962891, -77.134262085, 75.8009033203, -6.09816360474, 7.43042182922, 9.13082695007, -4.08357620239, 126.603797913, 37.7039070129, 19.7001037598, -16.3255672455, 19.9638385773, -20.2101631165], [-175.220718384, 131.225524902, 11.5814056396, 43.0977096558, 30.2805957794, -20.109413147, -7.8417840004, 37.7039070129, 156.804000854, -2.95585298538, 0.37169739604, -13.5387306213, 20.8172359467], [108.441291809, -93.6948623657, 26.9870796204, -7.06950616837, 1.83281254768, 40.479598999, 16.4105319977, 19.7001037598, -2.95585298538, 116.605316162, 26.7585220337, 21.9197483063, -16.4386043549], [-7.38570594788, 112.081268311, -121.373558044, 14.9021158218, 22.6057682037, -18.3982048035, 63.4314460754, -16.3255672455, 0.37169739604, 26.7585220337, 146.316848755, -2.7970905304, 14.5308942795], [77.0686340332, -122.718307495, 36.6265296936, -3.59545516968, -4.10253190994, 27.0882034302, -23.0125045776, 19.9638385773, -13.5387306213, 21.9197483063, -2.7970905304, 102.700782776, 15.6089677811], [-101.120101929, 92.7591323853, -54.0583877563, 18.5873603821, 17.4451141357, -3.50631141663, 31.6506233215, -20.2101631165, 20.8172359467, -16.4386043549, 14.5308942795, 15.6089677811, 85.4770965576]],
        "icov": [[0.000299923995044, -0.000324399617966, 0.000394205126213, -0.000418853654992, 0.000531583616976, -0.000402120989747, 0.00033896919922, -0.000468502868898, 0.00056282809237, -0.000414005597122, 0.000320471590385, -0.000375810603146, 0.000483419833472], [-0.000324399617966, 0.00535285566002, -0.00238525029272, 0.00280382158235, -0.00435216818005, 0.00393177149817, -0.00401642313227, 0.00403797579929, -0.00443596765399, 0.00337271671742, -0.00323439924978, 0.00379127427004, -0.00323290470988], [0.000394205126213, -0.00238525029272, 0.00278494879603, -0.00235121673904, 0.00209010229446, -0.00188403145876, 0.00224270671606, -0.00261976267211, 0.002438982483, -0.00215527554974, 0.00269172876142, -0.00212331232615, 0.00229533389211], [-0.000418853654992, 0.00280382158235, -0.00235121673904, 0.00595191121101, -0.00286464067176, 0.00170627469197, -0.00272912345827, 0.00315910857171, -0.00384229863994, 0.00263946526684, -0.00272730202414, 0.00214071688242, -0.0023912335746], [0.000531583616976, -0.00435216818005, 0.00209010229446, -0.00286464067176, 0.00930678285658, -0.00293929432519, 0.00146792980377, -0.00352742196992, 0.00286022620276, -0.00284195505083, 0.00270680431277, -0.00366139505059, 0.00286433123983], [-0.000402120989747, 0.00393177149817, -0.00188403145876, 0.00170627469197, -0.00293929432519, 0.00888169929385, -0.00446965591982, 0.00321695790626, -0.00292670330964, 0.000637818535324, -0.000762098410632, 0.00143977848347, -0.00222306186333], [0.00033896919922, -0.00401642313227, 0.00224270671606, -0.00272912345827, 0.00146792980377, -0.00446965591982, 0.0116085186601, -0.00474410876632, 0.00530956732109, -0.00355260982178, -0.000362393999239, 0.000431219203165, -0.00112510682084], [-0.000468502868898, 0.00403797579929, -0.00261976267211, 0.00315910857171, -0.00352742196992, 0.00321695790626, -0.00474410876632, 0.0138439601287, -0.0071519096382, 0.0020784526132, -0.00152634468395, -0.000105379542219, 0.00102201290429], [0.00056282809237, -0.00443596765399, 0.002438982483, -0.00384229863994, 0.00286022620276, -0.00292670330964, 0.00530956732109, -0.0071519096382, 0.0126017043367, -0.00370096042752, 0.00262454198673, -0.000645424006507, -0.000612207630184], [-0.000414005597122, 0.00337271671742, -0.00215527554974, 0.00263946526684, -0.00284195505083, 0.000637818535324, -0.00355260982178, 0.0020784526132, -0.00370096042752, 0.01338015683, -0.00486403610557, 0.000152709559188, 0.000599773076829], [0.000320471590385, -0.00323439924978, 0.00269172876142, -0.00272730202414, 0.00270680431277, -0.000762098410632, -0.000362393999239, -0.00152634468395, 0.00262454198673, -0.00486403610557, 0.0118955038488, -0.00328940874897, 0.00237792334519], [-0.000375810603146, 0.00379127427004, -0.00212331232615, 0.00214071688242, -0.00366139505059, 0.00143977848347, 0.000431219203165, -0.000105379542219, -0.000645424006507, 0.000152709559188, -0.00328940874897, 0.0159683618695, -0.00791571196169], [0.000483419833472, -0.00323290470988, 0.00229533389211, -0.0023912335746, 0.00286433123983, -0.00222306186333, -0.00112510682084, 0.00102201290429, -0.000612207630184, 0.000599773076829, 0.00237792334519, -0.00791571196169, 0.0190390460193]]
    },
    "melbands": {
        "dmean": [0.000736339832656, 0.000678938871715, 0.000294717872748, 0.000517275941093, 0.000284107547486, 0.000182322924957, 0.000265291688265, 0.000212027473026, 0.000111026667582, 0.000132386558107, 8.79107101355e-05, 0.000176502435352, 0.000114418660814, 4.40687108494e-05, 3.51366288669e-05, 7.00550954207e-05, 3.45953885699e-05, 2.86774265987e-05, 3.09592251142e-05, 1.57653867063e-05, 1.53362216224e-05, 1.09796055767e-05, 9.83961763268e-06, 9.87081784842e-06, 1.13195610538e-05, 8.67528797244e-06, 1.21358689285e-05, 6.82760992277e-06, 3.76850948669e-06, 2.60935007645e-06, 1.86751913134e-06, 1.93884102373e-06, 1.50334619775e-06, 1.40447423291e-06, 1.40664178616e-06, 1.20188224173e-06, 7.78961180004e-07, 5.32944682163e-07, 4.26339852311e-07, 2.72346284191e-07],
        "dmean2": [0.001152216224, 0.00109224265907, 0.000489134516101, 0.000833881145809, 0.000460218434455, 0.000286725640763, 0.000415636954131, 0.000331913703121, 0.000169590653968, 0.000202983253985, 0.000135170572321, 0.000278297346085, 0.000181731578778, 6.89804292051e-05, 5.52685341972e-05, 0.000108913685835, 5.46632727492e-05, 4.63143223897e-05, 5.03648079757e-05, 2.56279545283e-05, 2.5181512683e-05, 1.7311595002e-05, 1.55301277118e-05, 1.57231061166e-05, 1.81306677405e-05, 1.35672580655e-05, 1.92741463252e-05, 1.0822150216e-05, 6.16356510363e-06, 4.21151662522e-06, 2.9801542496e-06, 3.12479483e-06, 2.33758078139e-06, 2.11453175325e-06, 2.12022791857e-06, 1.81472410077e-06, 1.16702665309e-06, 7.8341167864e-07, 6.30807790003e-07, 3.96746060005e-07],
        "dvar": [2.64755294666e-06, 1.4663003185e-06, 1.81538382549e-07, 1.10019345811e-06, 2.15377752966e-07, 8.94048142186e-08, 2.1302402331e-07, 1.55303951033e-07, 9.35390431778e-08, 1.12868811186e-07, 3.89436216608e-08, 9.4167475595e-08, 7.22775936879e-08, 1.15507496901e-08, 6.76960620893e-09, 2.6509930251e-08, 7.73168373769e-09, 5.66947377934e-09, 4.14174339269e-09, 1.69788594295e-09, 2.38305797318e-09, 7.07392922017e-10, 6.05639205453e-10, 6.0557059367e-10, 7.64065199998e-10, 2.93442464772e-10, 6.16383277752e-10, 2.08331060736e-10, 5.49328360577e-11, 3.34063054996e-11, 1.86146480174e-11, 2.3997422105e-11, 1.85407592057e-11, 1.71895778861e-11, 1.64243185025e-11, 1.51527471126e-11, 5.86963377208e-12, 2.4690932892e-12, 2.18126623534e-12, 9.74451856012e-13],
        "dvar2": [5.91364505453e-06, 3.56508007826e-06, 4.7214862775e-07, 2.58942122855e-06, 5.21444917467e-07, 2.14438557578e-07, 4.91410446557e-07, 3.50493877477e-07, 1.94074644355e-07, 2.75094180324e-07, 9.02023344906e-08, 2.16734022729e-07, 1.88409160273e-07, 2.75087899126e-08, 1.61125086606e-08, 6.26108658253e-08, 1.77914181165e-08, 1.35828122083e-08, 1.00651451618e-08, 4.19396828377e-09, 5.82597925458e-09, 1.69171698872e-09, 1.28403709887e-09, 1.37471589667e-09, 1.86683268844e-09, 6.60178189893e-10, 1.45679390773e-09, 4.77593964376e-10, 1.34775537952e-10, 8.2347628716e-11, 4.19405898899e-11, 5.7428686806e-11, 3.88251895911e-11, 3.53804208153e-11, 3.29345717365e-11, 3.29730028004e-11, 1.24035590826e-11, 5.28497428112e-12, 4.72009974509e-12, 1.99593813699e-12],
        "max": [0.0263252519071, 0.0170408021659, 0.00547513365746, 0.0150597942993, 0.0148552060127, 0.00676465034485, 0.00822486169636, 0.00951230898499, 0.0112871322781, 0.00960511341691, 0.00451342621818, 0.00880846660584, 0.00704771326855, 0.00304213352501, 0.0022189784795, 0.00403341511264, 0.00175701628905, 0.00199886690825, 0.00142024538945, 0.0012479115976, 0.00210893247277, 0.00071792723611, 0.000873000477441, 0.00108854181599, 0.000634616590105, 0.000433728273492, 0.000728589249775, 0.000310386385536, 0.000245217030169, 0.00015556908329, 0.000134392859763, 0.000169037550222, 0.000119434807857, 0.000133604480652, 0.000113916234113, 0.000123848716612, 7.14619527571e-05, 4.9666788982e-05, 4.79295194964e-05, 3.32171475748e-05],
        "mean": [0.00133275380358, 0.00154746661428, 0.000669772271067, 0.00100603257306, 0.00061031995574, 0.000392718531657, 0.000523205380887, 0.000420089927502, 0.000203542091185, 0.000257574167335, 0.000164069555467, 0.000333844975103, 0.000216018452193, 8.24718663353e-05, 6.12557123532e-05, 0.000141445503687, 5.94609700784e-05, 4.82397408632e-05, 5.27089687239e-05, 2.70994569291e-05, 2.54083352047e-05, 1.98511152121e-05, 1.81163632078e-05, 1.67008784047e-05, 1.94504427782e-05, 1.69065042428e-05, 2.65450544248e-05, 1.30523176267e-05, 7.06652326699e-06, 4.35231777374e-06, 3.42077328241e-06, 3.28525106852e-06, 2.7741239137e-06, 2.58499949268e-06, 2.51144865615e-06, 2.087623443e-06, 1.33888590881e-06, 9.5451184734e-07, 7.22132028841e-07, 4.50617989145e-07],
        "median": [0.000712639768608, 0.000990163302049, 0.000451047089882, 0.000527590280399, 0.000357537646778, 0.000206216674997, 0.00026628858177, 0.000206905504456, 6.97531577316e-05, 9.40378813539e-05, 6.27743138466e-05, 0.000139507916174, 6.9896086643e-05, 2.80792046397e-05, 2.27100208576e-05, 3.49149013346e-05, 1.84998789337e-05, 1.39045841934e-05, 2.15830259549e-05, 9.32630882744e-06, 9.94866422843e-06, 7.24929850549e-06, 7.45835495763e-06, 7.70953283791e-06, 7.33233355277e-06, 7.21421929484e-06, 8.94666936802e-06, 4.75568367619e-06, 2.92719346362e-06, 1.90093271613e-06, 1.3406375956e-06, 1.29218608436e-06, 8.85040776666e-07, 8.06851176094e-07, 7.80203720296e-07, 6.0664024204e-07, 3.11236135531e-07, 2.47408337373e-07, 1.66882031749e-07, 8.90826896693e-08],
        "min": [2.88714571613e-23, 1.13792049618e-23, 7.43770168081e-24, 9.79032076959e-24, 4.34937868448e-24, 2.2586661494e-24, 5.43655010202e-24, 8.17053216252e-24, 6.22494636817e-24, 5.98234560741e-24, 8.63523592229e-24, 5.04303078376e-24, 9.35823798598e-24, 1.59594686394e-23, 1.10621388871e-23, 1.04292152724e-23, 8.27009587509e-24, 8.99734201045e-24, 9.77807133746e-24, 8.71490692941e-24, 9.98643474607e-24, 9.32904855476e-24, 6.08292695054e-24, 8.23556979985e-24, 9.68294023431e-24, 1.21235575459e-23, 1.01478364761e-23, 1.03586784857e-23, 4.7235156903e-24, 6.46525627687e-24, 1.01396741324e-23, 1.11227234046e-23, 9.99434544323e-24, 1.29561181899e-23, 8.73061315003e-24, 9.9126770403e-24, 9.04720196396e-24, 1.30922266727e-23, 7.93397644287e-24, 1.04926207565e-23],
        "var": [4.11395149058e-06, 3.15906731885e-06, 4.74712464893e-07, 2.21074651563e-06, 7.98832900273e-07, 2.7721796414e-07, 5.70039844661e-07, 5.24792596934e-07, 3.23966531823e-07, 3.63928990055e-07, 9.81006991196e-08, 2.62917893679e-07, 1.90241919995e-07, 3.07568690516e-08, 1.50056127524e-08, 9.82650334436e-08, 1.7751272452e-08, 1.219985446e-08, 8.7977047869e-09, 3.40959394052e-09, 4.13719414283e-09, 1.6508427958e-09, 1.60040825037e-09, 1.01686448151e-09, 1.41505862583e-09, 8.32617752522e-10, 2.17768914013e-09, 5.13868170238e-10, 1.2121169346e-10, 5.89045617838e-11, 4.54523294002e-11, 5.29273187777e-11, 4.73983803595e-11, 4.44836285862e-11, 4.01394369132e-11, 2.98651173236e-11, 1.35655679398e-11, 6.1015168612e-12, 4.23043197695e-12, 2.19844693665e-12]
    },
    "mfcc": {
        "mean": [-626.474853516, 129.349822998, -2.72971606255, 24.4299468994, -5.55782747269, 3.94650125504, 1.59724605083, 4.62459564209, -5.437520504, 6.06811714172, -4.7741932869, -2.60829257965, 1.0610820055],
        "cov": [[4320.59130859, -598.759155273, -517.804138184, -153.338012695, -217.173812866, 49.6654129028, 55.0765037537, -20.1720428467, -129.230606079, 42.8661422729, -35.9046440125, -4.24428844452, -5.50874900818], [-598.759155273, 1028.84375, -106.338531494, 157.610244751, 32.968132019, -41.7628479004, 29.7934741974, 4.14167547226, 19.995803833, 22.0486068726, 24.5603122711, 2.56869006157, 7.72932338715], [-517.804138184, -106.338531494, 774.371154785, 90.1735305786, 120.528091431, 26.8547725677, -42.5297622681, 15.5733671188, 70.1323547363, -25.6077156067, 30.2505722046, 3.63286709785, -18.9172744751], [-153.338012695, 157.610244751, 90.1735305786, 301.863891602, 50.6330909729, 7.96898984909, 9.78696060181, 19.9941120148, 6.50289440155, 17.5923442841, 1.35957551003, 19.8330230713, 16.0213909149], [-217.173812866, 32.968132019, 120.528091431, 50.6330909729, 180.454467773, 3.09899950027, -44.0415763855, 29.8012275696, 40.5628700256, -7.94428300858, 18.4298095703, 16.7744560242, -6.66854572296], [49.6654129028, -41.7628479004, 26.8547725677, 7.96898984909, 3.09899950027, 167.062988281, 60.0266609192, -6.98410272598, 24.5333881378, -2.17439079285, -3.57851648331, 10.9905509949, -2.82985925674], [55.0765037537, 29.7934741974, -42.5297622681, 9.78696060181, -44.0415763855, 60.0266609192, 182.232788086, 2.90445351601, -36.335067749, 33.0214767456, -1.75963032246, -11.8452377319, 21.8266086578], [-20.1720428467, 4.14167547226, 15.5733671188, 19.9941120148, 29.8012275696, -6.98410272598, 2.90445351601, 95.7470169067, 29.5416488647, -1.32437300682, 2.65607404709, 4.05518198013, 1.79980111122], [-129.230606079, 19.995803833, 70.1323547363, 6.50289440155, 40.5628700256, 24.5333881378, -36.335067749, 29.5416488647, 153.81993103, -15.7398767471, 16.9970016479, 18.3930854797, -25.7430400848], [42.8661422729, 22.0486068726, -25.6077156067, 17.5923442841, -7.94428300858, -2.17439079285, 33.0214767456, -1.32437300682, -15.7398767471, 123.700515747, 23.0900840759, -2.71502304077, 12.5791473389], [-35.9046440125, 24.5603122711, 30.2505722046, 1.35957551003, 18.4298095703, -3.57851648331, -1.75963032246, 2.65607404709, 16.9970016479, 23.0900840759, 93.6136398315, 24.1978912354, -7.32617139816], [-4.24428844452, 2.56869006157, 3.63286709785, 19.8330230713, 16.7744560242, 10.9905509949, -11.8452377319, 4.05518198013, 18.3930854797, -2.71502304077, 24.1978912354, 90.5261230469, 19.8899269104], [-5.50874900818, 7.72932338715, -18.9172744751, 16.0213909149, -6.66854572296, -2.82985925674, 21.8266086578, 1.79980111122, -25.7430400848, 12.5791473389, -7.32617139816, 19.8899269104, 102.795265198]],
