{
"lowlevel": {
    "average_loudness": 0.98299062252,
    "barkbands_crest": {
        "dmean": 2.22149682045,
        "dmean2": 3.64768433571,
        "dvar": 4.13713550568,
        "dvar2": 10.3069591522,
        "max": 25.0477600098,
        "mean": 7.3364982605,
        "median": 6.55427837372,
        "min": 2.14589810371,
        "var": 10.8175983429
    },
    "barkbands_flatness_db": {
        "dmean": 0.0175296869129,
        "dmean2": 0.0272359587252,
        "dvar": 0.000252733880188,
        "dvar2": 0.000538420455996,
        "max": 0.293347507715,
        "mean": 0.134596332908,
        "median": 0.129295155406,
        "min": 0.0531576424837,
        "var": 0.00102009356488
    },
    "barkbands_kurtosis": {
        "dmean": 0.990090370178,
        "dmean2": 1.53767096996,
        "dvar": 3.60954022408,
        "dvar2": 7.61682033539,
        "max": 46.1375961304,
        "mean": 0.248534753919,
        "median": -0.508356451988,
        "min": -1.88529729843,
        "var": 8.13075256348
    },
    "barkbands_skewness": {
        "dmean": 0.374463021755,
        "dmean2": 0.569785237312,
        "dvar": 0.146743014455,
        "dvar2": 0.313205689192,
        "max": 6.32814884186,
        "mean": 0.573216795921,
        "median": 0.464609086514,
        "min": -3.46769285202,
        "var": 0.5932918787
    },
    "barkbands_spread": {
        "dmean": 6.25003051758,
        "dmean2": 9.48294067383,
        "dvar": 42.8442878723,
        "dvar2": 92.0584564209,
        "max": 95.66065979,
        "mean": 31.786283493,
        "median": 30.9304275513,
        "min": 2.62379789352,
        "var": 172.410552979
    },
    "dissonance": {
        "dmean": 0.0142255621031,
        "dmean2": 0.0243319310248,
        "dvar": 0.000214950414374,
        "dvar2": 0.000600738043431,
        "max": 0.5,
        "mean": 0.477424502373,
        "median": 0.482511878014,
        "min": 0.293764293194,
        "var": 0.000364915264072
    },
    "dynamic_complexity": 1.10986244678,
    "erbbands_crest": {
        "dmean": 2.6701874733,
        "dmean2": 4.36072397232,
        "dvar": 6.32523584366,
        "dvar2": 16.1763496399,
        "max": 30.8792610168,
        "mean": 8.56448173523,
        "median": 7.37064313889,
        "min": 2.16811561584,
        "var": 21.1369762421
    },
    "erbbands_flatness_db": {
        "dmean": 0.0153469759971,
        "dmean2": 0.0224739387631,
        "dvar": 0.000205001575523,
        "dvar2": 0.000402732490329,
        "max": 0.346250146627,
        "mean": 0.184275299311,
        "median": 0.179532781243,
        "min": 0.0995212495327,
        "var": 0.00152977288235
    },
    "erbbands_kurtosis": {
        "dmean": 0.661786496639,
        "dmean2": 1.06434607506,
        "dvar": 0.786860406399,
        "dvar2": 1.85915696621,
        "max": 19.1860866547,
        "mean": 0.1095822528,
        "median": -0.246907949448,
        "min": -1.7820353508,
        "var": 2.29789543152
    },
    "erbbands_skewness": {
        "dmean": 0.323760569096,
        "dmean2": 0.50608932972,
        "dvar": 0.0862036347389,
        "dvar2": 0.197032302618,
        "max": 3.99608969688,
        "mean": -0.00119206495583,
        "median": -0.0403351597488,
        "min": -2.85218286514,
        "var": 0.392520189285
    },
    "erbbands_spread": {
        "dmean": 6.90610599518,
        "dmean2": 10.7215156555,
        "dvar": 47.0078430176,
        "dvar2": 111.537269592,
        "max": 121.171447754,
        "mean": 36.089630127,
        "median": 34.1072692871,
        "min": 3.93944883347,
        "var": 243.999237061
    },
    "hfc": {
        "dmean": 9.97714424133,
        "dmean2": 14.6798629761,
        "dvar": 143.860473633,
        "dvar2": 302.884399414,
        "max": 211.739822388,
        "mean": 36.6122055054,
        "median": 33.4205627441,
        "min": 1.12673407905e-16,
        "var": 380.612243652
    },
    "melbands_crest": {
        "dmean": 3.36413097382,
        "dmean2": 5.34867286682,
        "dvar": 9.2226228714,
        "dvar2": 21.2764320374,
        "max": 33.4153556824,
        "mean": 11.0453872681,
        "median": 9.91526603699,
        "min": 2.89499592781,
        "var": 22.899597168
    },
    "melbands_flatness_db": {
        "dmean": 0.0239981133491,
        "dmean2": 0.0349016822875,
        "dvar": 0.000583594723139,
        "dvar2": 0.00112779112533,
        "max": 0.346886962652,
        "mean": 0.127969682217,
        "median": 0.120144203305,
        "min": 0.0132922092453,
        "var": 0.0025002125185
    },
    "melbands_kurtosis": {
        "dmean": 2.86988019943,
        "dmean2": 4.44114589691,
        "dvar": 29.3445930481,
        "dvar2": 63.5210876465,
        "max": 179.30947876,
        "mean": 4.45975351334,
        "median": 2.00493359566,
        "min": -1.77663862705,
        "var": 70.0472946167
    },
    "melbands_skewness": {
        "dmean": 0.518292248249,
        "dmean2": 0.791575729847,
        "dvar": 0.28429761529,
        "dvar2": 0.637946546078,
        "max": 11.0542383194,
        "mean": 1.6022875309,
        "median": 1.42534947395,
        "min": -1.74590098858,
        "var": 1.30885660648
    },
    "melbands_spread": {
        "dmean": 10.0491743088,
        "dmean2": 15.3983516693,
        "dvar": 115.937927246,
        "dvar2": 256.347473145,
        "max": 227.630783081,
        "mean": 41.4335136414,
        "median": 39.2722396851,
        "min": 2.46890521049,
        "var": 365.513214111
    },
    "pitch_salience": {
        "dmean": 0.0673336312175,
        "dmean2": 0.106928661466,
        "dvar": 0.00350712100044,
        "dvar2": 0.00816932693124,
        "max": 0.887149393559,
        "mean": 0.591787517071,
        "median": 0.597475767136,
        "min": 0.171837419271,
        "var": 0.0102569172159
    },
    "silence_rate_20dB": {
        "dmean": 0,
        "dmean2": 0,
        "dvar": 0,
        "dvar2": 0,
        "max": 1,
        "mean": 1,
        "median": 1,
        "min": 1,
        "var": 0
    },
    "silence_rate_30dB": {
        "dmean": 0,
        "dmean2": 0,
        "dvar": 0,
        "dvar2": 0,
        "max": 1,
        "mean": 1,
        "median": 1,
        "min": 1,
        "var": 0
    },
    "silence_rate_60dB": {
        "dmean": 0.00110910856165,
        "dmean2": 0.00221852469258,
        "dvar": 0.00110786105506,
        "dvar2": 0.00276812282391,
        "max": 1,
        "mean": 0.00221790955402,
        "median": 0,
        "min": 0,
        "var": 0.00221304246224
    },
    "spectral_centroid": {
        "dmean": 273.289337158,
        "dmean2": 421.049926758,
        "dvar": 80449.4375,
        "dvar2": 165391.0625,
        "max": 10698.7626953,
        "mean": 2029.8125,
        "median": 2075.10644531,
        "min": 297.595733643,
        "var": 296928.5
    },
    "spectral_complexity": {
        "dmean": 5.1079993248,
        "dmean2": 7.86882972717,
        "dvar": 23.0169353485,
        "dvar2": 47.4987869263,
        "max": 59,
        "mean": 31.1224002838,
        "median": 31,
        "min": 0,
        "var": 94.5780181885
    },
    "spectral_decrease": {
        "dmean": 1.48784451426e-09,
        "dmean2": 2.29371188709e-09,
        "dvar": 2.0449281998e-18,
        "dvar2": 4.77783574996e-18,
        "max": -1.5717478165e-28,
        "mean": -6.53385434646e-09,
        "median": -6.46364828327e-09,
        "min": -1.96697182986e-08,
        "var": 5.83168701141e-18
    },
    "spectral_energy": {
        "dmean": 0.00610467605293,
        "dmean2": 0.00940322130919,
        "dvar": 3.34046162607e-05,
        "dvar2": 7.71372870076e-05,
        "max": 0.075567945838,
        "mean": 0.0279811695218,
        "median": 0.02790485695,
        "min": 1.08130455234e-20,
        "var": 9.69563043327e-05
    },
    "spectral_energyband_high": {
        "dmean": 0.000954456452746,
        "dmean2": 0.00140957732219,
        "dvar": 2.17323258767e-06,
        "dvar2": 4.51664118373e-06,
        "max": 0.0316347368062,
        "mean": 0.00205444847234,
        "median": 0.00130254495889,
        "min": 7.84000168991e-21,
        "var": 5.12538235853e-06
    },
    "spectral_energyband_low": {
        "dmean": 0.00342894298956,
        "dmean2": 0.00533351674676,
        "dvar": 2.3862659873e-05,
        "dvar2": 5.44844660908e-05,
        "max": 0.0565399080515,
        "mean": 0.0063233980909,
        "median": 0.00447188736871,
        "min": 1.14295216658e-22,
        "var": 4.37271628471e-05
    },
    "spectral_energyband_middle_high": {
        "dmean": 0.00308295781724,
        "dmean2": 0.00472910609096,
        "dvar": 9.84946927929e-06,
        "dvar2": 2.17096476263e-05,
        "max": 0.0453738421202,
        "mean": 0.0114017929882,
        "median": 0.0104418182746,
        "min": 1.59119510032e-21,
        "var": 4.68053731311e-05
    },
    "spectral_energyband_middle_low": {
        "dmean": 0.00321890669875,
        "dmean2": 0.00514509761706,
        "dvar": 1.19950509543e-05,
        "dvar2": 2.92786498903e-05,
        "max": 0.0514225028455,
        "mean": 0.00932771153748,
        "median": 0.00832596421242,
        "min": 3.89816234782e-22,
        "var": 3.38466234098e-05
    },
    "spectral_entropy": {
        "dmean": 0.137239232659,
        "dmean2": 0.195310845971,
        "dvar": 0.0213635079563,
        "dvar2": 0.0387282706797,
        "max": 9.79825687408,
        "mean": 7.8027639389,
        "median": 7.85166168213,
        "min": 6.27543115616,
        "var": 0.102374941111
    },
    "spectral_flux": {
        "dmean": 0.0190667435527,
        "dmean2": 0.029781922698,
        "dvar": 0.000288797775283,
        "dvar2": 0.000693809590302,
        "max": 0.210695192218,
        "mean": 0.101159989834,
        "median": 0.0993722900748,
        "min": 1.03985792199e-10,
        "var": 0.000757686328143
    },
    "spectral_kurtosis": {
        "dmean": 1.30712175369,
        "dmean2": 2.23981904984,
        "dvar": 1.87974083424,
        "dvar2": 5.48899078369,
        "max": 15.6716175079,
        "mean": 2.26531767845,
        "median": 1.77703690529,
        "min": -1.20045101643,
        "var": 3.53454065323
    },
    "spectral_rms": {
        "dmean": 0.000573842087761,
        "dmean2": 0.000876063364558,
        "dvar": 2.74171583214e-07,
        "dvar2": 6.04372303314e-07,
        "max": 0.00858631636947,
        "mean": 0.00513454712927,
        "median": 0.00521768629551,
        "min": 3.24797068581e-12,
        "var": 9.35071852837e-07
    },
    "spectral_rolloff": {
        "dmean": 712.541259766,
        "dmean2": 1119.53833008,
        "dvar": 807069,
        "dvar2": 1734038.875,
        "max": 18023.2910156,
        "mean": 2608.69799805,
        "median": 2433.25195312,
        "min": 107.666015625,
        "var": 1922786
    },
    "spectral_skewness": {
        "dmean": 0.187796726823,
        "dmean2": 0.312631338835,
        "dvar": 0.0293648727238,
        "dvar2": 0.0815264135599,
        "max": 2.31745100021,
        "mean": 0.991438090801,
        "median": 0.962181210518,
        "min": -0.0482501238585,
        "var": 0.0836136639118
    },
    "spectral_spread": {
        "dmean": 420545.21875,
        "dmean2": 609004.75,
        "dvar": 398910128128,
        "dvar2": 597495578624,
        "max": 40849772,
        "mean": 3946682.25,
        "median": 3823027.5,
        "min": 1805776.25,
        "var": 1.17863258522e+12
    },
    "spectral_strongpeak": {
        "dmean": 0.928439438343,
        "dmean2": 1.6016241312,
        "dvar": 1.64911270142,
        "dvar2": 4.15839290619,
        "max": 21.2927856445,
        "mean": 1.45989131927,
        "median": 0.689096212387,
        "min": 0,
        "var": 2.67852926254
    },
    "zerocrossingrate": {
        "dmean": 0.0118315964937,
        "dmean2": 0.0132286166772,
        "dvar": 0.000160982745001,
        "dvar2": 0.000176462490344,
        "max": 0.57177734375,
        "mean": 0.0875324383378,
        "median": 0.08447265625,
        "min": 0.01220703125,
        "var": 0.00102538021747
    },
    "barkbands": {
        "dmean": [8.83479515323e-05, 0.00191830063704, 0.00184529775288, 0.00105148379225, 0.00143163499888, 0.000798226683401, 0.000844686874188, 0.000562558532692, 0.000607630179729, 0.00116978178266, 0.000965482380707, 0.000739457726013, 0.000521030568052, 0.000613101641648, 0.000628073874395, 0.000588090915699, 0.000473901076475, 0.000467602076242, 0.000480002810946, 0.000334119948093, 0.000248004129389, 0.000257911131484, 0.000204459603992, 0.00019730789063, 6.89171865815e-05, 1.67157665487e-09, 1.35192801398e-09],
        "dmean2": [0.000156290727318, 0.00314525631256, 0.00282610836439, 0.00178153719753, 0.00237540435046, 0.00130402238574, 0.00136300304439, 0.000902688421775, 0.000961447716691, 0.0018526527565, 0.00152391381562, 0.00119206530508, 0.000835740822367, 0.000985924387351, 0.0010318873683, 0.00095417740522, 0.000774263171479, 0.000757911533583, 0.000771678052843, 0.00053026759997, 0.000402220553951, 0.000409067928558, 0.000314600765705, 0.000293744262308, 0.00010541347001, 3.0980902288e-09, 2.53828225105e-09],
        "dvar": [1.15476046503e-08, 8.73754470376e-06, 9.43012855714e-06, 3.09220786221e-06, 3.8267862692e-06, 1.54901510996e-06, 2.15267186832e-06, 1.32731349822e-06, 1.42758653965e-06, 3.72134104509e-06, 3.03793603962e-06, 1.98003431251e-06, 1.14500051041e-06, 1.21220136862e-06, 1.03563809262e-06, 1.08983113023e-06, 6.4249394427e-07, 6.6186572667e-07, 4.61117252826e-07, 2.02568969598e-07, 1.42722953456e-07, 1.87239010074e-07, 1.24811151636e-07, 1.48934091726e-07, 1.99854763849e-08, 5.46931503383e-16, 2.36304378122e-16],
        "dvar2": [3.29528440091e-08, 2.32791917369e-05, 1.93542018678e-05, 8.22107449494e-06, 1.04120399556e-05, 3.67471648133e-06, 5.24018423675e-06, 2.97282213069e-06, 3.0814121601e-06, 8.78899663803e-06, 7.1249710345e-06, 4.68642065243e-06, 2.56576640822e-06, 2.89058561975e-06, 2.6007417091e-06, 2.62783055405e-06, 1.49017046169e-06, 1.62388471381e-06, 1.10338555714e-06, 4.72243044669e-07, 3.52165073991e-07, 4.24864310844e-07, 2.86494099555e-07, 3.17759884183e-07, 4.46325856274e-08, 1.63936736551e-15, 7.07952254898e-16],
        "max": [0.00132518191822, 0.0356421768665, 0.0402312576771, 0.0295936018229, 0.0493448786438, 0.0292523484677, 0.0252878535539, 0.0240105446428, 0.0229664910585, 0.0290206000209, 0.0328066460788, 0.0331096164882, 0.0317109487951, 0.0293195713311, 0.0188362598419, 0.0179419666529, 0.0171761251986, 0.0325458869338, 0.0125531554222, 0.00887441262603, 0.00730258133262, 0.00907023251057, 0.00808914937079, 0.0112416725606, 0.0041466508992, 1.40285726502e-06, 9.22548622384e-07],
        "mean": [9.1840614914e-05, 0.00297058816068, 0.00256792455912, 0.00135267863516, 0.00259599881247, 0.00137023977004, 0.00138007209171, 0.000857681327034, 0.00102594366763, 0.0020731643308, 0.00172673386987, 0.001173662371, 0.000829980126582, 0.000949816603679, 0.00103412393946, 0.000984698534012, 0.000825740629807, 0.00084819435142, 0.000939999416005, 0.000693607435096, 0.000462541356683, 0.00042918274994, 0.000357106968295, 0.000335726974299, 0.000103846810816, 1.39470757166e-09, 1.1146339407e-09],
        "median": [5.716078158e-05, 0.00186721258797, 0.00112532405183, 0.000751223939005, 0.00189516879618, 0.000879742437974, 0.000635699019767, 0.000360989273759, 0.000404680380598, 0.000803164206445, 0.000657518219668, 0.000485285010654, 0.000396854622522, 0.000509784091264, 0.000589910428971, 0.000553643563762, 0.000504292896949, 0.000545972085092, 0.000692461268045, 0.00052354746731, 0.00031836918788, 0.000225745665375, 0.000188817735761, 0.000148630468175, 3.17131562042e-05, 6.3447447296e-10, 5.07108355308e-10],
        "min": [1.55111921191e-23, 3.17743138312e-23, 2.68912616725e-23, 8.74369199053e-23, 5.46129540644e-23, 1.63231843193e-22, 2.14640169737e-23, 2.68974589637e-23, 3.02462113717e-23, 1.14441495136e-23, 1.88381908987e-23, 1.17846832537e-22, 9.08152451309e-23, 3.01910750432e-22, 1.71925658348e-22, 1.88750622574e-22, 1.245148024e-22, 1.27610898438e-22, 2.76118608658e-22, 3.89968327164e-22, 7.04308546724e-22, 6.62485489179e-22, 5.4894096518e-22, 8.64602760258e-22, 1.14385851096e-21, 1.83619798041e-21, 1.98900647193e-21],
        "var": [1.15880087748e-08, 1.21282173495e-05, 1.43223142004e-05, 3.5341952298e-06, 7.55067458158e-06, 3.5023485907e-06, 4.84863448946e-06, 2.99121438729e-06, 4.0958716454e-06, 9.91753677226e-06, 9.35236857913e-06, 4.65543052997e-06, 2.54865858551e-06, 2.01071270567e-06, 1.81376196906e-06, 1.87502644167e-06, 1.19268270282e-06, 1.37921847454e-06, 8.88911870334e-07, 4.30084583058e-07, 2.50191192208e-07, 3.2529277405e-07, 2.32761522057e-07, 2.95902935932e-07, 3.62816443555e-08, 2.75052562039e-16, 1.19304352393e-16]
    },
    "erbbands": {
        "dmean": [0.030219597742, 0.526990056038, 2.02924728394, 2.70488786697, 3.87822794914, 6.13505983353, 5.47459077835, 7.16130781174, 10.0542869568, 13.1754169464, 10.761932373, 13.4672737122, 29.5897274017, 38.6317596436, 34.0584068298, 27.4499969482, 22.7248439789, 28.7341899872, 29.4529647827, 26.9969387054, 31.4597587585, 22.6758899689, 24.1658916473, 28.2232570648, 18.789516449, 15.1731853485, 11.6075248718, 9.27470111847, 9.21369743347, 7.9292845726, 5.75251197815, 4.77497386932, 2.93645715714, 1.39675700665, 0.0661937966943, 0.00204658065923, 0.000170764338691, 2.81560242001e-05, 9.04213629838e-06, 8.77303318703e-06],
        "dmean2": [0.0512357838452, 0.852596402168, 3.06310009956, 4.4254155159, 6.61518287659, 10.1941728592, 9.01384544373, 11.7241897583, 16.1809406281, 21.3168182373, 17.2922954559, 21.1459331512, 46.4558105469, 60.9310188293, 53.6324195862, 43.9345703125, 35.9417724609, 46.0913848877, 47.907585144, 44.0635910034, 50.3861618042, 36.5773353577, 38.7354202271, 45.0659713745, 30.528968811, 24.0540122986, 18.6873950958, 14.9585542679, 14.531332016, 12.971572876, 8.68825626373, 7.13734436035, 4.36740922928, 2.09108185768, 0.0993663072586, 0.00302499299869, 0.000248748954618, 4.06742437917e-05, 1.31801007228e-05, 1.34331457957e-05],
        "dvar": [0.00196122354828, 0.676790714264, 11.3061704636, 18.8823604584, 31.5283985138, 92.2620239258, 76.9251098633, 156.599319458, 331.392303467, 618.76965332, 450.279052734, 779.385253906, 2953.95532227, 4223.56787109, 4425.44921875, 2870.33666992, 2235.93261719, 2249.82055664, 2672.72436523, 1810.15344238, 3132.15844727, 1297.54663086, 1658.76306152, 1854.61914062, 782.914794922, 473.39276123, 312.113433838, 200.388000488, 233.552490234, 197.741439819, 102.840568542, 79.0975494385, 35.1293258667, 8.20626735687, 0.0188249405473, 1.72105628735e-05, 1.13174188243e-07, 2.94317259453e-09, 1.94606233905e-10, 8.22920898091e-11],
        "dvar2": [0.00545622361824, 1.76011836529, 23.1582126617, 48.3666152954, 87.2542572021, 251.159088135, 182.347061157, 381.449401855, 806.991760254, 1461.11315918, 1049.95007324, 1703.6439209, 6999.69091797, 10123.6132812, 9857.13671875, 7152.06640625, 4931.54003906, 5386.94140625, 6555.47167969, 4480.67871094, 7449.11376953, 2999.62890625, 4024.58911133, 4497.67431641, 1949.51672363, 1081.74902344, 749.820251465, 474.252288818, 511.983184814, 495.924285889, 229.818115234, 170.060424805, 74.6153335571, 17.7167015076, 0.0407967455685, 3.64365077985e-05, 2.36287633015e-07, 6.21705309456e-09, 4.07176597994e-10, 1.75587211437e-10],
        "max": [0.681081295013, 9.992146492, 39.0291290283, 73.2982406616, 71.9927139282, 244.0365448, 367.283996582, 345.80859375, 361.460632324, 634.127502441, 465.556243896, 680.934631348, 951.687316895, 1087.08996582, 1480.41516113, 1027.91357422, 1445.87451172, 989.484191895, 1194.44128418, 895.872924805, 1157.75292969, 920.250671387, 1434.90124512, 1008.50860596, 762.282897949, 484.505004883, 351.465393066, 259.336730957, 355.88671875, 235.023574829, 258.326690674, 258.801422119, 158.046264648, 86.9344482422, 3.55130195618, 0.116899266839, 0.00995999481529, 0.00156474823598, 0.000385293737054, 0.000172547850525],
        "mean": [0.0485252588987, 0.80768018961, 2.92741274834, 3.9161093235, 6.14766788483, 9.79008579254, 9.48559570312, 11.6543827057, 17.3015861511, 21.9451389313, 17.3029098511, 24.6246261597, 52.8869895935, 74.4466323853, 64.7513580322, 45.6460762024, 39.3745155334, 48.6918029785, 51.4091148376, 50.4350204468, 57.7622833252, 43.4095687866, 46.2209625244, 54.7663497925, 38.3479881287, 31.8065872192, 22.6342277527, 17.0576648712, 15.7975406647, 12.5015821457, 10.091509819, 7.96121549606, 4.99764204025, 2.23619103432, 0.102023340762, 0.0033551082015, 0.000306592439301, 5.51048651687e-05, 2.89855943265e-05, 3.92410656787e-05],
        "median": [0.0269838385284, 0.504888534546, 1.43911862373, 2.47196006775, 4.14117097855, 6.049451828, 6.29067802429, 6.74140787125, 8.82808303833, 10.4777936935, 8.34088611603, 10.621383667, 21.0895690918, 31.764919281, 26.501411438, 22.6128997803, 20.5833473206, 28.7837238312, 30.6614952087, 33.9371871948, 34.7884979248, 28.1316947937, 29.8714179993, 38.990737915, 29.4956016541, 23.6762428284, 16.3122367859, 10.7954807281, 8.35095787048, 6.56225013733, 5.27863311768, 3.70574474335, 2.04248952866, 0.710736989975, 0.0302168764174, 0.00112033402547, 0.000123603356769, 2.60704036918e-05, 2.31930680457e-05, 3.8076112105e-05],
        "min": [1.79191534291e-21, 4.01869100451e-21, 1.97281041286e-20, 1.93283106133e-19, 2.36803999141e-19, 1.66798036615e-19, 7.84937687742e-19, 1.29273719664e-18, 3.39071621144e-19, 4.66511822603e-19, 5.47959127642e-19, 6.04967329785e-19, 6.85746996672e-19, 3.11827393694e-19, 1.66427312359e-18, 4.63790077855e-18, 4.64987876741e-18, 1.33391757694e-17, 1.17630079276e-17, 7.67068322104e-18, 1.06654037748e-17, 7.92502306143e-18, 7.63156088679e-18, 9.94651351216e-18, 1.56605059573e-17, 1.62771806845e-17, 2.29613277751e-17, 3.05831237948e-17, 1.98834896319e-17, 2.24294589131e-17, 1.59371350065e-17, 1.69373568401e-17, 1.4955604146e-17, 1.04136397749e-17, 9.3179124949e-18, 6.57516480418e-18, 3.49251826001e-18, 1.45401404824e-18, 2.78071031775e-19, 2.66701592583e-20],
        "var": [0.00337444618344, 0.941899240017, 17.4847316742, 24.0940532684, 44.9085159302, 149.804656982, 245.887313843, 306.793914795, 711.961975098, 1441.83642578, 870.515014648, 2410.45483398, 7402.77197266, 12595.9755859, 14088.1376953, 5577.8515625, 5423.45117188, 4003.68676758, 4551.17529297, 3117.28491211, 5765.45654297, 2721.62792969, 3769.31030273, 3406.57543945, 1405.94897461, 1012.94207764, 547.543884277, 372.658477783, 439.848144531, 268.69644165, 203.316131592, 157.75239563, 69.2354660034, 16.208366394, 0.0359307229519, 3.48701541952e-05, 2.38837174038e-07, 6.17227868815e-09, 4.48814013732e-10, 2.31259789096e-10]
    },
    "gfcc": {
        "mean": [25.328496933, 103.060050964, -166.934707642, 63.7346725464, -75.726600647, 25.2830581665, -34.4990997314, 0.771063923836, -10.8570919037, -20.4981327057, 5.47627973557, -18.4366550446, 6.7750992775],
        "cov": [[1636.69897461, -384.159362793, 223.389480591, 203.520843506, -208.560058594, 195.232299805, -180.238174438, 58.8233757019, -150.23866272, 66.3894119263, -101.630409241, -13.9501247406, -27.7469291687], [-384.159362793, 933.446960449, 109.725128174, -19.9686508179, 245.397338867, -192.181045532, 173.038482666, -76.8425292969, 53.1326637268, -127.160095215, 90.1067886353, -62.8898124695, 15.7817735672], [223.389480591, 109.725128174, 625.863220215, 244.083129883, -90.7052612305, 44.6436042786, -76.3059768677, -3.03934597969, -57.9644699097, 18.3349895477, -54.4661521912, -4.45968389511, -15.0490341187], [203.520843506, -19.9686508179, 244.083129883, 212.664321899, -7.40259027481, 9.7668504715, -53.9628791809, -3.2496740818, -16.7958488464, 17.8090000153, -37.5852279663, -1.3948045969, -11.5596485138], [-208.560058594, 245.397338867, -90.7052612305, -7.40259027481, 232.8021698, -11.5426359177, 72.5890197754, -13.6977758408, 15.3529376984, -47.2086715698, 38.2615318298, -21.8476734161, 9.31780338287], [195.232299805, -192.181045532, 44.6436042786, 9.7668504715, -11.5426359177, 187.387023926, 10.9178819656, 19.6179561615, -57.0313835144, 23.3235874176, -26.4263534546, 7.54851055145, -1.24233233929], [-180.238174438, 173.038482666, -76.3059768677, -53.9628791809, 72.5890197754, 10.9178819656, 148.823776245, 10.6711740494, 7.79501104355, -34.7778968811, 34.2434005737, -15.2805700302, 6.40166568756], [58.8233757019, -76.8425292969, -3.03934597969, -3.2496740818, -13.6977758408, 19.6179561615, 10.6711740494, 90.984336853, 24.938167572, 7.01732110977, -19.8279285431, -0.834481537342, 7.04585886002], [-150.23866272, 53.1326637268, -57.9644699097, -16.7958488464, 15.3529376984, -57.0313835144, 7.79501104355, 24.938167572, 108.403663635, 14.7907447815, 2.13752985001, 1.82979798317, 0.0625582933426], [66.3894119263, -127.160095215, 18.3349895477, 17.8090000153, -47.2086715698, 23.3235874176, -34.7778968811, 7.01732110977, 14.7907447815, 89.6083145142, 15.5112533569, 7.16493225098, -13.3647565842], [-101.630409241, 90.1067886353, -54.4661521912, -37.5852279663, 38.2615318298, -26.4263534546, 34.2434005737, -19.8279285431, 2.13752985001, 15.5112533569, 90.6032562256, 17.2494125366, -6.23114776611], [-13.9501247406, -62.8898124695, -4.45968389511, -1.3948045969, -21.8476734161, 7.54851055145, -15.2805700302, -0.834481537342, 1.82979798317, 7.16493225098, 17.2494125366, 58.1228256226, 20.7460308075], [-27.7469291687, 15.7817735672, -15.0490341187, -11.5596485138, 9.31780338287, -1.24233233929, 6.40166568756, 7.04585886002, 0.0625582933426, -13.3647565842, -6.23114776611, 20.7460308075, 56.7088546753]],
        "icov": [[0.00166534946766, -0.0021430735942, 0.00229029008187, -0.00306802033447, 0.00286171585321, -0.00315406359732, 0.00327223329805, -0.00284557929263, 0.00254899892025, -0.000689940294251, 0.000172989690327, 0.000223290349822, 0.00061039760476], [-0.0021430735942, 0.0097059533, -0.00789623335004, 0.00715604424477, -0.0082727111876, 0.00928796641529, -0.00925988703966, 0.00824694242328, -0.00675198249519, 0.0054160146974, -0.00434048147872, 0.00513806333765, -0.00387577083893], [0.00229029008187, -0.00789623335004, 0.0100582893938, -0.0105335433036, 0.00883558578789, -0.00881083961576, 0.00830864161253, -0.00722023891285, 0.00637049414217, -0.00298016471788, 0.00203879293986, -0.00225785537623, 0.00249512726441], [-0.00306802033447, 0.00715604424477, -0.0105335433036, 0.0179558992386, -0.0109773725271, 0.0102366777137, -0.00763210048899, 0.00737958308309, -0.00477401725948, -0.000602644227911, 0.00318430992775, -0.00148334540427, 0.000100617529824], [0.00286171585321, -0.0082727111876, 0.00883558578789, -0.0109773725271, 0.0159399881959, -0.0114641841501, 0.00837498996407, -0.00683128461242, 0.00354955112562, 0.00146498461254, -0.00335064856336, 0.00246745347977, -8.68721908773e-05], [-0.00315406359732, 0.00928796641529, -0.00881083961576, 0.0102366777137, -0.0114641841501, 0.0199950542301, -0.0134689789265, 0.00667079491541, -0.000200259644771, -0.00231846119277, 0.00417557917535, -0.00220518489368, -0.000646814412903], [0.00327223329805, -0.00925988703966, 0.00830864161253, -0.00763210048899, 0.00837498996407, -0.0134689789265, 0.0217676125467, -0.0106794247404, 0.00481145409867, 0.00134507089388, -0.0040003512986, 0.00216193962842, 0.00110686209518], [-0.00284557929263, 0.00824694242328, -0.00722023891285, 0.00737958308309, -0.00683128461242, 0.00667079491541, -0.0106794247404, 0.0216536559165, -0.0109694693238, 0.00350835057907, -0.000454636407085, 0.00372550915927, -0.00488936388865], [0.00254899892025, -0.00675198249519, 0.00637049414217, -0.00477401725948, 0.00354955112562, -0.000200259644771, 0.00481145409867, -0.0109694693238, 0.0217418875545, -0.0108914971352, 0.00882587768137, -0.00769406370819, 0.00526952045038], [-0.000689940294251, 0.0054160146974, -0.00298016471788, -0.000602644227911, 0.00146498461254, -0.00231846119277, 0.00134507089388, 0.00350835057907, -0.0108914971352, 0.0249514039606, -0.0152700673789, 0.00954685360193, -0.0029158112593], [0.000172989690327, -0.00434048147872, 0.00203879293986, 0.00318430992775, -0.00335064856336, 0.00417557917535, -0.0040003512986, -0.000454636407085, 0.00882587768137, -0.0152700673789, 0.0285511799157, -0.0175740998238, 0.00959071982652], [0.000223290349822, 0.00513806333765, -0.00225785537623, -0.00148334540427, 0.00246745347977, -0.00220518489368, 0.00216193962842, 0.00372550915927, -0.00769406370819, 0.00954685360193, -0.0175740998238, 0.0342945605516, -0.0156015846878], [0.00061039760476, -0.00387577083893, 0.00249512726441, 0.000100617529824, -8.68721908773e-05, -0.000646814412903, 0.00110686209518, -0.00488936388865, 0.00526952045038, -0.0029158112593, 0.00959071982652, -0.0156015846878, 0.0262449104339]]
    },
    "melbands": {
        "dmean": [0.000394677073928, 0.0009082328761, 0.000485445110826, 0.000337914651027, 0.000200586204301, 0.000158190523507, 0.000161481177201, 0.00014012689644, 8.59192732605e-05, 9.30426103878e-05, 0.000152238106239, 0.000160218638484, 0.000115811119031, 9.4205919595e-05, 5.22055706824e-05, 5.5471125961e-05, 6.10266324657e-05, 4.98275549035e-05, 4.79927002743e-05, 4.18064482801e-05, 3.91383873648e-05, 2.82068795059e-05, 2.26782103709e-05, 2.24781306315e-05, 2.60886718024e-05, 1.62963387993e-05, 1.28388928715e-05, 1.09626507765e-05, 8.41645487526e-06, 6.73901558912e-06, 5.63142066312e-06, 5.67510824112e-06, 5.06911055709e-06, 4.32746401202e-06, 3.53151085619e-06, 3.22315213452e-06, 2.9049490422e-06, 2.23748520511e-06, 1.93671621673e-06, 9.56711346589e-07],
        "dmean2": [0.000656835443806, 0.00138268247247, 0.000795398082118, 0.000563825538848, 0.000332700874424, 0.000257806037553, 0.000259346183157, 0.000226165589993, 0.000138172908919, 0.000145500671351, 0.000239476648858, 0.00025262471172, 0.000182354051503, 0.000149857922224, 8.24123198981e-05, 8.91579911695e-05, 9.81341363513e-05, 8.0436198914e-05, 7.85221054684e-05, 6.87841165927e-05, 6.2963757955e-05, 4.59806215076e-05, 3.66310960089e-05, 3.63703911717e-05, 4.16930633946e-05, 2.68766907539e-05, 2.10146117752e-05, 1.74818651431e-05, 1.36716580528e-05, 1.10539504021e-05, 9.17875513551e-06, 9.06817967916e-06, 8.29889904708e-06, 7.16912427379e-06, 5.46444607608e-06, 4.88716204927e-06, 4.45314799435e-06, 3.37978531206e-06, 2.98737495541e-06, 1.43806119013e-06],
        "dvar": [3.3475453165e-07, 2.04354682865e-06, 5.25462667156e-07, 2.0837045156e-07, 9.06451589344e-08, 6.87309409386e-08, 7.77272290975e-08, 6.93138417773e-08, 2.82452834455e-08, 3.59769849467e-08, 7.69424062241e-08, 7.40267509514e-08, 4.97590555426e-08, 3.18567181523e-08, 1.24659473855e-08, 1.33148674308e-08, 1.11243245726e-08, 9.04129837664e-09, 6.17306250561e-09, 5.00611951892e-09, 5.33645883039e-09, 2.22732809974e-09, 1.55290047488e-09, 2.03374095342e-09, 1.64226676702e-09, 5.89307602716e-10, 3.53075652049e-10, 2.70394207025e-10, 1.67531405415e-10, 1.1924362886e-10, 7.53469439618e-11, 9.02737329334e-11, 8.02815314227e-11, 5.66238618493e-11, 4.10937256445e-11, 3.28494453861e-11, 2.96631226526e-11, 2.05321766533e-11, 1.69567988123e-11, 3.88969845916e-12],
        "dvar2": [9.20372372093e-07, 4.41430620413e-06, 1.358647296e-06, 5.59921943477e-07, 2.32737775718e-07, 1.66626236364e-07, 1.89485803048e-07, 1.60860338383e-07, 6.59539765024e-08, 7.72329613596e-08, 1.81785225095e-07, 1.75857451268e-07, 1.13535882917e-07, 7.55085878268e-08, 2.78489764582e-08, 3.05275236201e-08, 2.64136570394e-08, 2.21789981936e-08, 1.50999532877e-08, 1.23004992858e-08, 1.27300854302e-08, 5.15114573219e-09, 3.57361495951e-09, 4.97472552041e-09, 3.98203736651e-09, 1.44253597956e-09, 8.91330287356e-10, 6.30575425209e-10, 3.98764216092e-10, 3.09893832817e-10, 1.78873207912e-10, 2.03220704154e-10, 1.95892593813e-10, 1.43590070389e-10, 9.50888673357e-11, 7.100751237e-11, 6.43685868496e-11, 4.46906782414e-11, 3.92463284093e-11, 8.35878068151e-12],
        "max": [0.00683971121907, 0.0166246183217, 0.0115740532055, 0.00825929362327, 0.0101878559217, 0.00670686084777, 0.00534167094156, 0.00585634121671, 0.00320085114799, 0.00439083296806, 0.00486944057047, 0.00431539025158, 0.00473896972835, 0.00433310633525, 0.00340450904332, 0.00432113651186, 0.00226236879826, 0.00264355703257, 0.00116695975885, 0.00153248885181, 0.00174197857268, 0.00115992117207, 0.000836377614178, 0.00200906232931, 0.000820844899863, 0.000526048708707, 0.000355271942681, 0.000341328792274, 0.000243836650043, 0.000273031531833, 0.000154301291332, 0.000214949322981, 0.000194245279999, 0.000123278339743, 0.000179994764039, 0.000174052154762, 0.00013710850908, 9.95154478005e-05, 0.000130553118652, 5.25360337633e-05],
        "mean": [0.000644290412311, 0.00141821033321, 0.000748878694139, 0.000577810744289, 0.000357750657713, 0.000262881978415, 0.000279731117189, 0.000232451973716, 0.000133195106173, 0.000162093201652, 0.000263955473201, 0.00029625321622, 0.000215000240132, 0.000156935217092, 8.24488161015e-05, 8.64459434524e-05, 9.37580916798e-05, 7.94643638073e-05, 7.83083378337e-05, 6.90838060109e-05, 6.67065396556e-05, 4.74602857139e-05, 3.96953037125e-05, 4.00571880164e-05, 4.63603428216e-05, 2.93064040306e-05, 2.41797988565e-05, 2.07127686735e-05, 1.505889486e-05, 1.14433223644e-05, 9.35071238928e-06, 9.21754963201e-06, 7.70784208726e-06, 6.56790325593e-06, 5.91743673795e-06, 5.28619784745e-06, 4.62612115371e-06, 3.65904452337e-06, 2.98189161185e-06, 1.45455214806e-06],
        "median": [0.000400192046072, 0.00084089912707, 0.000539132335689, 0.000409672327805, 0.000249166158028, 0.000156326539582, 0.000140913471114, 0.000110416760435, 5.93171062064e-05, 6.4030449721e-05, 9.74701397354e-05, 0.000114956332254, 8.59561841935e-05, 6.20048231212e-05, 4.04918246204e-05, 4.23111123382e-05, 4.95400308864e-05, 4.30933214375e-05, 4.3281543185e-05, 4.1746559873e-05, 3.79233315471e-05, 2.8680642572e-05, 2.34086510318e-05, 2.59042481048e-05, 3.07121918013e-05, 2.11028163903e-05, 1.74505203177e-05, 1.44569494296e-05, 1.05738254206e-05, 7.3683258961e-06, 5.56661052542e-06, 4.90356978844e-06, 3.84459235647e-06, 3.50190612153e-06, 3.09128586196e-06, 2.51363098869e-06, 2.08160463444e-06, 1.51241363255e-06, 1.00436670891e-06, 4.10595106359e-07],
        "min": [1.2128355398e-23, 8.08725369448e-24, 3.50706416989e-23, 1.3654895124e-23, 2.36585775249e-23, 2.93058134421e-23, 4.89218243488e-24, 5.69803303742e-24, 4.10174775215e-24, 4.00514542342e-24, 3.32739912657e-24, 1.05798928329e-24, 3.2107098354e-24, 1.25688285062e-23, 1.01814679831e-23, 1.112510892e-23, 2.85108688415e-23, 2.11453376784e-23, 1.27143591437e-23, 9.672960355e-24, 1.24185402485e-23, 8.86058035075e-24, 5.2931837044e-24, 6.85732409107e-24, 7.61982047597e-24, 1.29235697889e-23, 1.0391202432e-23, 1.11190875447e-23, 1.28336443789e-23, 1.94081271255e-23, 1.56086606171e-23, 9.09095850065e-24, 1.54718894911e-23, 1.08657527536e-23, 8.15262896427e-24, 1.07819891361e-23, 1.09995333079e-23, 1.13008268977e-23, 9.64663448887e-24, 8.19953621142e-24],
        "var": [5.20119044722e-07, 3.28809051098e-06, 6.84155395447e-07, 3.65285615089e-07, 2.61918529532e-07, 1.43274220932e-07, 1.76741778546e-07, 1.69895628233e-07, 5.79422234637e-08, 1.1023558244e-07, 1.9369996096e-07, 2.14202614757e-07, 1.46847781934e-07, 8.32207263102e-08, 2.31412915497e-08, 2.75011995399e-08, 1.90904074771e-08, 1.39872442517e-08, 1.10965556743e-08, 8.41410852104e-09, 9.33730159858e-09, 3.98961264025e-09, 3.22551119147e-09, 4.05610611764e-09, 2.90345281151e-09, 1.00909069989e-09, 6.10180461713e-10, 5.22490883892e-10, 2.77220496558e-10, 1.75147271686e-10, 1.30252461594e-10, 1.56724730416e-10, 1.17967371982e-10, 7.4370613834e-11, 7.31897945028e-11, 6.61986437889e-11, 5.61777083186e-11, 3.7556235899e-11, 2.9208423874e-11, 7.53610975707e-12]
    },
    "mfcc": {
        "mean": [-582.329956055, 92.403175354, -13.5315170288, 21.3747711182, 1.25985920429, 6.10441160202, 1.73762047291, 8.1402425766, -3.42702746391, 3.68787789345, -7.07346868515, -1.69919490814, -1.5250377655],
        "cov": [[1327.99462891, -544.366271973, 254.329086304, -84.5296096802, 32.7104759216, 24.0304107666, 23.5017185211, -63.3509140015, 26.0526638031, -34.9727592468, 11.6623420715, -55.2975311279, -4.65600681305], [-544.366271973, 927.216125488, -123.385017395, 185.60609436, 33.0030670166, -19.2623023987, 73.8986129761, 75.6713027954, -57.4117355347, 66.0184020996, -53.7552070618, -13.161195755, -1.0530179739], [254.329086304, -123.385017395, 684.721496582, 139.738357544, 43.4896278381, 40.4956626892, -13.6474552155, -52.4364204407, 20.0674972534, -59.3977165222, -4.62721300125, 6.27999401093, -0.292638152838], [-84.5296096802, 185.60609436, 139.738357544, 239.767578125, 64.0344161987, -9.85352802277, -19.1583156586, -5.38663482666, -5.03922176361, -1.80767571926, -17.368309021, 11.3445987701, 6.5340590477], [32.7104759216, 33.0030670166, 43.4896278381, 64.0344161987, 137.648712158, 28.0485134125, 9.34733200073, 2.59348058701, 11.1505784988, -7.13788747787, -10.6390323639, -1.15515077114, 4.62889051437], [24.0304107666, -19.2623023987, 40.4956626892, -9.85352802277, 28.0485134125, 115.066947937, 51.845539093, -1.67756772041, -2.19983744621, -12.5996770859, 6.8774971962, -4.92071866989, -2.81601309776], [23.5017185211, 73.8986129761, -13.6474552155, -19.1583156586, 9.34733200073, 51.845539093, 154.628555298, 34.6836509705, -17.3604431152, 15.9463329315, -8.39710140228, -26.0765800476, -3.34660887718], [-63.3509140015, 75.6713027954, -52.4364204407, -5.38663482666, 2.59348058701, -1.67756772041, 34.6836509705, 90.5864639282, 24.5057735443, 14.0549201965, -14.6531267166, -12.3610963821, -5.90719079971], [26.0526638031, -57.4117355347, 20.0674972534, -5.03922176361, 11.1505784988, -2.19983744621, -17.3604431152, 24.5057735443, 100.393562317, 10.6885433197, 1.98462641239, -1.56006920338, -9.18762969971], [-34.9727592468, 66.0184020996, -59.3977165222, -1.80767571926, -7.13788747787, -12.5996770859, 15.9463329315, 14.0549201965, 10.6885433197, 84.3484649658, 9.83519554138, -10.2268705368, -12.1249647141], [11.6623420715, -53.7552070618, -4.62721300125, -17.368309021, -10.6390323639, 6.8774971962, -8.39710140228, -14.6531267166, 1.98462641239, 9.83519554138, 82.8407745361, 23.6226272583, -2.01515436172], [-55.2975311279, -13.161195755, 6.27999401093, 11.3445987701, -1.15515077114, -4.92071866989, -26.0765800476, -12.3610963821, -1.56006920338, -10.2268705368, 23.6226272583, 78.9738006592, 27.5552978516], [-4.65600681305, -1.0530179739, -0.292638152838, 6.5340590477, 4.62889051437, -2.81601309776, -3.34660887718, -5.90719079971, -9.18762969971, -12.1249647141, -2.01515436172, 27.5552978516, 71.3901443481]],
