{
"lowlevel": {
    "average_loudness": 0.89946949482,
    "barkbands_crest": {
        "dmean": 2.74688601494,
        "dmean2": 4.57802724838,
        "dvar": 5.35218572617,
        "dvar2": 14.3833913803,
        "max": 25.5297870636,
        "mean": 10.3676643372,
        "median": 9.63015937805,
        "min": 2.32913684845,
        "var": 16.7450370789
    },
    "barkbands_flatness_db": {
        "dmean": 0.0237506274134,
        "dmean2": 0.0366509668529,
        "dvar": 0.000467487989226,
        "dvar2": 0.00107882043812,
        "max": 0.507699728012,
        "mean": 0.162436842918,
        "median": 0.150493189692,
        "min": 0.0271404087543,
        "var": 0.00402608234435
    },
    "barkbands_kurtosis": {
        "dmean": 2.76205968857,
        "dmean2": 4.5742855072,
        "dvar": 43.4267807007,
        "dvar2": 120.319038391,
        "max": 176.59538269,
        "mean": 4.58871984482,
        "median": 0.951027154922,
        "min": -1.86551225185,
        "var": 158.136047363
    },
    "barkbands_skewness": {
        "dmean": 0.482616692781,
        "dmean2": 0.782326459885,
        "dvar": 0.311936229467,
        "dvar2": 0.793880820274,
        "max": 11.0925750732,
        "mean": 1.30392694473,
        "median": 0.921303451061,
        "min": -2.03009867668,
        "var": 1.89934527874
    },
    "barkbands_spread": {
        "dmean": 5.00779533386,
        "dmean2": 8.11044502258,
        "dvar": 30.700750351,
        "dvar2": 74.4585113525,
        "max": 118.858055115,
        "mean": 20.6384963989,
        "median": 19.7280025482,
        "min": 0.422581404448,
        "var": 133.749847412
    },
    "dissonance": {
        "dmean": 0.0214309450239,
        "dmean2": 0.0367151647806,
        "dvar": 0.000402208708692,
        "dvar2": 0.00109883665573,
        "max": 0.500000119209,
        "mean": 0.462405741215,
        "median": 0.469082832336,
        "min": 0.290650218725,
        "var": 0.000856696686242
    },
    "dynamic_complexity": 2.31810903549,
    "erbbands_crest": {
        "dmean": 2.83877444267,
        "dmean2": 4.57688140869,
        "dvar": 6.61885881424,
        "dvar2": 16.1392498016,
        "max": 29.9457416534,
        "mean": 11.0740509033,
        "median": 10.1148672104,
        "min": 2.34867715836,
        "var": 24.9461040497
    },
    "erbbands_flatness_db": {
        "dmean": 0.0188066121191,
        "dmean2": 0.0277892351151,
        "dvar": 0.000276564067462,
        "dvar2": 0.000570065923966,
        "max": 0.394781798124,
        "mean": 0.188461855054,
        "median": 0.184165805578,
        "min": 0.0501148849726,
        "var": 0.00292183924466
    },
    "erbbands_kurtosis": {
        "dmean": 0.979433298111,
        "dmean2": 1.58431565762,
        "dvar": 1.82445466518,
        "dvar2": 4.41104269028,
        "max": 35.1506271362,
        "mean": 0.827494740486,
        "median": 0.161596536636,
        "min": -1.85392463207,
        "var": 5.13179159164
    },
    "erbbands_skewness": {
        "dmean": 0.376304894686,
        "dmean2": 0.594884157181,
        "dvar": 0.116980582476,
        "dvar2": 0.285779029131,
        "max": 5.56135892868,
        "mean": 0.655529081821,
        "median": 0.575042903423,
        "min": -2.67233228683,
        "var": 0.593283116817
    },
    "erbbands_spread": {
        "dmean": 6.43919467926,
        "dmean2": 10.1466426849,
        "dvar": 50.1334342957,
        "dvar2": 115.756080627,
        "max": 145.098266602,
        "mean": 32.0940475464,
        "median": 28.9231567383,
        "min": 4.67235136032,
        "var": 279.505584717
    },
    "hfc": {
        "dmean": 5.94529676437,
        "dmean2": 9.37169742584,
        "dvar": 56.0636749268,
        "dvar2": 140.109893799,
        "max": 222.881530762,
        "mean": 23.5782642365,
        "median": 20.112203598,
        "min": 1.74128196306e-08,
        "var": 281.17010498
    },
    "melbands_crest": {
        "dmean": 3.35865616798,
        "dmean2": 5.613697052,
        "dvar": 8.15749454498,
        "dvar2": 22.0144290924,
        "max": 32.8814659119,
        "mean": 13.5612325668,
        "median": 12.8525447845,
        "min": 3.83820796013,
        "var": 23.6195583344
    },
    "melbands_flatness_db": {
        "dmean": 0.0275279022753,
        "dmean2": 0.0436811670661,
        "dvar": 0.000676381809171,
        "dvar2": 0.00158681115136,
        "max": 0.668012022972,
        "mean": 0.203661397099,
        "median": 0.187722787261,
        "min": 0.019192924723,
        "var": 0.00578405801207
    },
    "melbands_kurtosis": {
        "dmean": 6.20385551453,
        "dmean2": 10.140294075,
        "dvar": 190.033325195,
        "dvar2": 518.285949707,
        "max": 292.457611084,
        "mean": 11.7925233841,
        "median": 3.66136217117,
        "min": -1.46980369091,
        "var": 572.296813965
    },
    "melbands_skewness": {
        "dmean": 0.679963231087,
        "dmean2": 1.09299516678,
        "dvar": 0.592992126942,
        "dvar2": 1.4729963541,
        "max": 13.04367733,
        "mean": 2.07731485367,
        "median": 1.59212219715,
        "min": -0.98564273119,
        "var": 3.2141494751
    },
    "melbands_spread": {
        "dmean": 6.46876049042,
        "dmean2": 10.4955806732,
        "dvar": 58.6202888489,
        "dvar2": 143.458251953,
        "max": 181.153488159,
        "mean": 24.6788768768,
        "median": 23.8575801849,
        "min": 0.433849960566,
        "var": 219.760635376
    },
    "pitch_salience": {
        "dmean": 0.0677590444684,
        "dmean2": 0.113558895886,
        "dvar": 0.00397154781967,
        "dvar2": 0.0107822362334,
        "max": 0.878203511238,
        "mean": 0.500325620174,
        "median": 0.485691517591,
        "min": 0.103716447949,
        "var": 0.0156436450779
    },
    "silence_rate_20dB": {
        "dmean": 0,
        "dmean2": 0,
        "dvar": 0,
        "dvar2": 0,
        "max": 1,
        "mean": 1,
        "median": 1,
        "min": 1,
        "var": 0
    },
    "silence_rate_30dB": {
        "dmean": 0.000229252633289,
        "dmean2": 0.000458557828097,
        "dvar": 0.000229160694289,
        "dvar2": 0.000687468913384,
        "max": 1,
        "mean": 0.999885380268,
        "median": 1,
        "min": 0,
        "var": 0.000114590198791
    },
    "silence_rate_60dB": {
        "dmean": 0.00412654737011,
        "dmean2": 0.00825404096395,
        "dvar": 0.00410905433819,
        "dvar2": 0.0104792239144,
        "max": 1,
        "mean": 0.0108882524073,
        "median": 0,
        "min": 0,
        "var": 0.0107730487362
    },
    "spectral_centroid": {
        "dmean": 229.54119873,
        "dmean2": 370.491821289,
        "dvar": 55841.4648438,
        "dvar2": 134980.6875,
        "max": 4213.52197266,
        "mean": 1484.9276123,
        "median": 1502.68615723,
        "min": 132.623962402,
        "var": 338004.6875
    },
    "spectral_complexity": {
        "dmean": 3.33608436584,
        "dmean2": 5.37567329407,
        "dvar": 14.1085929871,
        "dvar2": 32.0091438293,
        "max": 51,
        "mean": 18.8034381866,
        "median": 19,
        "min": 0,
        "var": 65.6573028564
    },
    "spectral_decrease": {
        "dmean": 2.1743915557e-09,
        "dmean2": 3.55777562966e-09,
        "dvar": 5.21823787502e-18,
        "dvar2": 1.35330503614e-17,
        "max": -6.97164751613e-20,
        "mean": -7.0358185944e-09,
        "median": -6.45281517109e-09,
        "min": -2.89126749209e-08,
        "var": 1.49486492114e-17
    },
    "spectral_energy": {
        "dmean": 0.00858522858471,
        "dmean2": 0.0139966094866,
        "dvar": 7.91395796114e-05,
        "dvar2": 0.00020470826712,
        "max": 0.118465721607,
        "mean": 0.0286935064942,
        "median": 0.0264061298221,
        "min": 1.84252114434e-12,
        "var": 0.000238898370299
    },
    "spectral_energyband_high": {
        "dmean": 0.000271734665148,
        "dmean2": 0.000437838316429,
        "dvar": 3.52213504584e-07,
        "dvar2": 8.94293464171e-07,
        "max": 0.0188045538962,
        "mean": 0.00058581144549,
        "median": 0.000410474371165,
        "min": 1.35308225128e-12,
        "var": 6.61602257424e-07
    },
    "spectral_energyband_low": {
        "dmean": 0.00543532054871,
        "dmean2": 0.00925020501018,
        "dvar": 4.96693537571e-05,
        "dvar2": 0.00013935584866,
        "max": 0.0772391632199,
        "mean": 0.00957162305713,
        "median": 0.00657286029309,
        "min": 1.23559596257e-13,
        "var": 9.41460457398e-05
    },
    "spectral_energyband_middle_high": {
        "dmean": 0.00282315653749,
        "dmean2": 0.00446320837364,
        "dvar": 2.11891419895e-05,
        "dvar2": 5.59658947168e-05,
        "max": 0.0883493423462,
        "mean": 0.00937039311975,
        "median": 0.00559718627483,
        "min": 2.6273568824e-13,
        "var": 0.000110067034257
    },
    "spectral_energyband_middle_low": {
        "dmean": 0.00429097888991,
        "dmean2": 0.00705048581585,
        "dvar": 3.77006763301e-05,
        "dvar2": 9.66983061517e-05,
        "max": 0.0940631777048,
        "mean": 0.0102672157809,
        "median": 0.0079196151346,
        "min": 5.4925834524e-14,
        "var": 8.39257845655e-05
    },
    "spectral_entropy": {
        "dmean": 0.153334155679,
        "dmean2": 0.233594015241,
        "dvar": 0.0235763899982,
        "dvar2": 0.0510650798678,
        "max": 8.87217617035,
        "mean": 7.48633718491,
        "median": 7.52885627747,
        "min": 5.66221380234,
        "var": 0.157526999712
    },
    "spectral_flux": {
        "dmean": 0.0222424827516,
        "dmean2": 0.0356990806758,
        "dvar": 0.000475942884805,
        "dvar2": 0.00106578541454,
        "max": 0.252246946096,
        "mean": 0.0884942486882,
        "median": 0.0836428701878,
        "min": 4.78420515719e-05,
        "var": 0.0012144629145
    },
    "spectral_kurtosis": {
        "dmean": 1.52436292171,
        "dmean2": 2.65606284142,
        "dvar": 3.67448711395,
        "dvar2": 11.2721185684,
        "max": 57.7450866699,
        "mean": 3.85388970375,
        "median": 3.42851257324,
        "min": -1.00653612614,
        "var": 7.00406169891
    },
    "spectral_rms": {
        "dmean": 0.00077820266597,
        "dmean2": 0.00125906465109,
        "dvar": 5.20135870374e-07,
        "dvar2": 1.32301215672e-06,
        "max": 0.0107506429777,
        "mean": 0.00509069487453,
        "median": 0.00507563585415,
        "min": 4.2397896749e-08,
        "var": 2.07842367672e-06
    },
    "spectral_rolloff": {
        "dmean": 429.112548828,
        "dmean2": 742.29083252,
        "dvar": 501290.09375,
        "dvar2": 1207378,
        "max": 16860.4980469,
        "mean": 1487.29064941,
        "median": 1270.45898438,
        "min": 43.06640625,
        "var": 1916645
    },
    "spectral_skewness": {
        "dmean": 0.197047367692,
        "dmean2": 0.336101055145,
        "dvar": 0.0348314829171,
        "dvar2": 0.10166991502,
        "max": 5.4195895195,
        "mean": 1.40461313725,
        "median": 1.38904070854,
        "min": -0.0108816474676,
        "var": 0.103274181485
    },
    "spectral_spread": {
        "dmean": 411760.5,
        "dmean2": 612119.5,
        "dvar": 248622366720,
        "dvar2": 504926076928,
        "max": 17580322,
        "mean": 4150209.5,
        "median": 3867294,
        "min": 1133513.25,
        "var": 2.12876027494e+12
    },
    "spectral_strongpeak": {
        "dmean": 0.853099107742,
        "dmean2": 1.44775795937,
        "dvar": 1.73683619499,
        "dvar2": 4.51894044876,
        "max": 37.5755729675,
        "mean": 1.63413441181,
        "median": 0.812180578709,
        "min": 0,
        "var": 3.50464272499
    },
    "zerocrossingrate": {
        "dmean": 0.00781199615449,
        "dmean2": 0.0099415583536,
        "dvar": 9.25630083657e-05,
        "dvar2": 0.000118976531667,
        "max": 0.59228515625,
        "mean": 0.0582952983677,
        "median": 0.056640625,
        "min": 0.0029296875,
        "var": 0.00114418682642
    },
    "barkbands": {
        "dmean": [3.75994641217e-05, 0.00359213305637, 0.00247793924063, 0.00147474510595, 0.000908581947442, 0.000828136980999, 0.000456006586319, 0.000326930050505, 0.00182000617497, 0.00106668542139, 0.00156443379819, 0.000289800314931, 0.000401845551096, 0.000372284033801, 0.00041382748168, 0.000142936798511, 0.000113743422844, 0.000222546266741, 0.000321568222716, 0.000127800027258, 6.61298981868e-05, 7.39793395041e-05, 5.24161587236e-05, 3.58912948286e-05, 3.54943003913e-05, 1.45179410538e-05, 1.72430850398e-06],
        "dmean2": [6.22492516413e-05, 0.00623705238104, 0.00422670179978, 0.00259094871581, 0.00155922444537, 0.00130495347548, 0.00073393661296, 0.000519293360412, 0.00289290491492, 0.00169748906046, 0.00250559463166, 0.000476255081594, 0.000667975109536, 0.000611950701568, 0.000675617717206, 0.00022552208975, 0.000188032019651, 0.000357648154022, 0.000524523376953, 0.000205764110433, 0.00011014581105, 0.000120583907119, 8.54614045238e-05, 5.87904069107e-05, 5.78694562137e-05, 2.23187944357e-05, 2.79023015537e-06],
        "dvar": [6.92657398105e-09, 2.47781317739e-05, 1.38734667416e-05, 1.33873454615e-05, 3.60828221346e-06, 4.353859822e-06, 2.24360496759e-06, 7.17801356132e-07, 8.65572383191e-06, 4.85641339765e-06, 1.6675923689e-05, 4.78238291635e-07, 6.33717547771e-07, 5.62305615404e-07, 7.17545560747e-07, 9.21905041196e-08, 4.34026468099e-08, 1.63954069876e-07, 3.97006914454e-07, 3.86592802215e-08, 1.86629893761e-08, 2.67429776102e-08, 1.24137722324e-08, 7.30107219127e-09, 4.8099920491e-08, 7.00108016005e-09, 2.79138406833e-10],
        "dvar2": [1.70429714785e-08, 7.52589548938e-05, 3.8068901631e-05, 3.69089248125e-05, 9.89061209111e-06, 1.01029572761e-05, 5.50687764189e-06, 1.63304832768e-06, 2.21929640247e-05, 1.2526044884e-05, 4.37777562183e-05, 1.11909741918e-06, 1.59295188951e-06, 1.44834484672e-06, 1.83336464943e-06, 1.92480925421e-07, 1.08251384745e-07, 3.94386717062e-07, 1.10817870791e-06, 9.59733910122e-08, 4.82678252922e-08, 6.82089833504e-08, 3.26157660879e-08, 1.93244886759e-08, 1.3286937417e-07, 1.40343150434e-08, 5.65664237673e-10],
        "max": [0.00148409046233, 0.0584704354405, 0.042931638658, 0.056752294302, 0.0269113909453, 0.0908500999212, 0.045687135309, 0.023337174207, 0.046219818294, 0.0424425117671, 0.0745572224259, 0.0256119091064, 0.02567720972, 0.0215613022447, 0.0156494807452, 0.0124346874654, 0.00832462310791, 0.010572200641, 0.0133252004161, 0.00479191029444, 0.00263280328363, 0.00321072945371, 0.00228273170069, 0.00233288947493, 0.0131094036624, 0.00694167427719, 0.00125352258328],
        "mean": [4.36716873082e-05, 0.00535922171548, 0.00327902473509, 0.00158269586973, 0.00117866066284, 0.00184260739479, 0.000851345772389, 0.000547306088265, 0.00362907396629, 0.00191702588927, 0.00334630440921, 0.000529739772901, 0.000705688085873, 0.000653306720778, 0.00075927330181, 0.000259325141087, 0.00021495250985, 0.000476895424072, 0.000742529809941, 0.000288213021122, 0.00011404511315, 0.000139375173603, 9.3461421784e-05, 5.65904265386e-05, 5.67078859603e-05, 2.31076082855e-05, 3.34204241881e-06],
        "median": [1.44301793625e-05, 0.00316602177918, 0.00163272314239, 0.000634141732007, 0.00060043646954, 0.000545799790416, 0.000162086565979, 0.000141785712913, 0.00159621518105, 0.000628437264822, 0.000362122664228, 0.000260870030615, 0.000320644117892, 0.000275230879197, 0.000265261653112, 0.000130545973661, 0.00012351469195, 0.000234238716075, 0.000340443628374, 0.000167155041709, 6.99952797731e-05, 9.32809198275e-05, 5.92178876104e-05, 3.18935854011e-05, 1.0889519217e-05, 3.08041762764e-06, 1.34505062643e-09],
        "min": [8.97360866712e-14, 6.20681552487e-14, 1.4035439274e-14, 1.00795599352e-14, 8.77099144047e-15, 4.96982012835e-15, 4.8289246679e-15, 2.12028376796e-15, 1.29158082545e-14, 2.73432111778e-14, 1.65950898314e-14, 2.3033709136e-14, 2.49733908683e-14, 2.08316487839e-14, 1.77441967505e-14, 8.63715345854e-15, 8.50539833063e-15, 3.60964005268e-14, 4.65482416067e-14, 5.01835816554e-14, 1.21458656392e-13, 1.02778950715e-13, 5.93191606404e-14, 1.33423721832e-13, 1.52768910803e-13, 4.27427543229e-13, 3.52545466778e-13],
        "var": [8.91387053059e-09, 4.07494080719e-05, 1.94833282876e-05, 1.05789840745e-05, 3.64561310562e-06, 2.3526374207e-05, 7.925722457e-06, 2.05783385354e-06, 2.53240687016e-05, 1.12408079076e-05, 5.68206487515e-05, 1.24926327771e-06, 1.47522769112e-06, 1.21768630379e-06, 1.83582073987e-06, 2.35637557466e-07, 1.01437237277e-07, 5.30939928467e-07, 1.24633720588e-06, 1.18644102542e-07, 2.53363428016e-08, 3.3147863121e-08, 1.50172265734e-08, 7.84785481045e-09, 1.45874551549e-07, 2.62920334393e-08, 1.93801952264e-09]
    },
    "erbbands": {
        "dmean": [0.0530547723174, 0.981243252754, 2.89361524582, 3.68657279015, 4.0328745842, 2.69764614105, 3.6405415535, 8.26342964172, 5.82835102081, 7.01066541672, 11.2842674255, 32.3393249512, 44.9554862976, 54.6445007324, 29.9383831024, 10.3201847076, 15.4579935074, 19.7645511627, 14.9182243347, 16.5799160004, 7.21613740921, 6.49805688858, 10.123301506, 16.8245506287, 9.98163223267, 4.90466451645, 3.26468396187, 2.18930101395, 2.74649786949, 2.13635373116, 1.4103474617, 0.921228826046, 0.507720530033, 0.485407471657, 0.202780902386, 0.0815313085914, 0.0248825605959, 0.00356183946133, 0.000319994433085, 2.17211181734e-05],
        "dmean2": [0.0886292159557, 1.70793747902, 4.92498254776, 6.43151855469, 6.93702411652, 4.69366598129, 5.92039346695, 13.0240221024, 9.17268180847, 11.3983678818, 17.9014873505, 51.7570724487, 70.9649734497, 86.2339859009, 47.5676956177, 16.6867198944, 25.5159072876, 32.782989502, 24.2364883423, 26.9435062408, 11.3434782028, 10.6171875, 16.3988876343, 27.0300598145, 16.0440711975, 7.85281705856, 5.48094701767, 3.60448551178, 4.52967500687, 3.45777416229, 2.31782841682, 1.51487278938, 0.823687911034, 0.806672394276, 0.325381070375, 0.129224061966, 0.0376431755722, 0.00583151867613, 0.000490665377583, 3.28691712639e-05],
        "dvar": [0.00531629286706, 1.84568440914, 17.2034168243, 61.7854537964, 88.264831543, 34.6202125549, 88.8344116211, 545.745178223, 222.694442749, 724.708435059, 751.834533691, 3649.47631836, 5977.17871094, 16139.6328125, 5170.91210938, 511.42364502, 945.09942627, 1489.640625, 685.616149902, 1312.41540527, 202.821990967, 156.424850464, 340.562255859, 930.47833252, 316.28024292, 57.2791671753, 44.3999786377, 23.269329071, 34.2997741699, 25.9587287903, 9.04838275909, 4.25457811356, 1.61435604095, 12.4992008209, 0.828716993332, 0.122352428734, 0.0537516959012, 0.000474752217997, 1.34081537908e-05, 6.39194865926e-08],
        "dvar2": [0.016025852412, 5.56612157822, 47.7673912048, 169.332748413, 230.46031189, 97.3150863647, 219.045471191, 1266.61499023, 473.962738037, 1848.90795898, 1834.12768555, 9336.15722656, 15362.734375, 42298.96875, 13083.6494141, 1247.72424316, 2286.98510742, 3928.8515625, 1659.86096191, 3278.17797852, 442.980133057, 376.73135376, 811.246643066, 2376.12573242, 838.309082031, 135.736862183, 116.69997406, 58.8153266907, 86.3978881836, 67.5580596924, 24.0158557892, 11.3677997589, 4.16445922852, 35.1845550537, 2.136282444, 0.294507086277, 0.100814551115, 0.0010269213235, 2.78531715594e-05, 1.34397566853e-07],
        "max": [1.24674355984, 15.3194637299, 39.4480552673, 114.888702393, 150.397338867, 99.4712905884, 339.897003174, 1054.91162109, 490.516235352, 897.391418457, 630.393554688, 1123.46118164, 1286.97924805, 2730.54833984, 1343.02868652, 862.088989258, 1097.88208008, 862.129760742, 477.601379395, 687.203369141, 287.888702393, 578.573852539, 628.729370117, 716.313537598, 373.232208252, 166.426116943, 108.457305908, 126.888328552, 144.971115112, 135.274978638, 61.5239753723, 52.0851745605, 32.1425590515, 212.35194397, 47.5083198547, 17.157087326, 19.8281860352, 1.60742926598, 0.278854995966, 0.023034049198],
        "mean": [0.0966621860862, 1.41204309464, 3.94541192055, 4.68971776962, 4.6937289238, 3.49001026154, 7.1602473259, 17.4607925415, 11.4300355911, 13.9411201477, 22.387638092, 65.3963394165, 90.6123428345, 116.184677124, 65.7382202148, 21.5750370026, 30.0711898804, 38.4557037354, 29.8837280273, 32.3608551025, 14.4164800644, 13.3304014206, 23.5394058228, 39.4307670593, 27.254529953, 11.8355998993, 6.09910821915, 3.84868383408, 5.07876729965, 4.00389909744, 2.51352119446, 1.52527582645, 0.768012702465, 0.767238616943, 0.321303099394, 0.127318024635, 0.0383947491646, 0.00496911816299, 0.000708979263436, 6.18621998001e-05],
        "median": [0.0563332214952, 0.829116880894, 2.13187837601, 2.38743591309, 2.132417202, 1.75703275204, 2.41025567055, 4.7071647644, 3.3946621418, 3.07153153419, 5.98719644547, 28.2255191803, 41.1447410583, 24.4214763641, 14.7984704971, 12.1839170456, 15.1124677658, 18.6845016479, 15.6832551956, 12.9382791519, 8.68271923065, 7.83236837387, 12.6875162125, 20.4592914581, 13.9800024033, 7.59946680069, 3.86024236679, 2.43383216858, 3.35940265656, 2.5602722168, 1.59900641441, 0.926850497723, 0.363010495901, 0.136365815997, 0.0694414973259, 0.0277884230018, 0.00179410038982, 7.74862346589e-05, 2.28381577472e-05, 3.40944934578e-05],
        "min": [3.13649410263e-12, 9.51297894625e-12, 1.66951851649e-11, 2.66538093679e-11, 3.92970170293e-11, 2.14758662243e-11, 2.29878217156e-11, 4.66736892191e-11, 5.55031125227e-11, 7.03955296832e-11, 6.3500871228e-11, 2.47080467197e-10, 9.1247354117e-10, 6.33652963433e-10, 6.34025332236e-10, 1.10351083826e-09, 1.29180288688e-09, 9.33332744424e-10, 1.07406461503e-09, 6.67186361714e-10, 4.70004368758e-10, 5.8046634166e-10, 2.30769581222e-09, 2.34164332369e-09, 2.59323762464e-09, 1.91328286547e-09, 3.01571345673e-09, 6.02117200543e-09, 4.56858728626e-09, 1.51784951274e-09, 1.6840830952e-09, 1.96716065659e-09, 2.89917245766e-09, 1.71741709742e-09, 1.07943376459e-09, 1.04475739171e-09, 9.87892323501e-10, 2.23640730934e-10, 5.80625582336e-11, 4.98806551619e-12],
        "var": [0.0140316961333, 2.85697245598, 25.1416320801, 55.553440094, 84.7862548828, 31.8682804108, 313.673187256, 2871.22021484, 840.672912598, 2806.06518555, 2474.2800293, 10397.1328125, 15019.4873047, 51124.6171875, 18634.5136719, 1382.10241699, 2421.4831543, 3567.35424805, 1812.17614746, 3448.82104492, 478.409454346, 414.392425537, 1147.37438965, 3066.56396484, 1335.79101562, 172.098022461, 63.3277435303, 29.0895900726, 44.0574073792, 30.7604408264, 10.8116788864, 4.49652957916, 2.02500796318, 35.8866958618, 2.74900960922, 0.388245075941, 0.183505624533, 0.00158227409702, 9.56942822086e-05, 2.55475953281e-07]
    },
    "gfcc": {
        "mean": [-2.87995123863, 98.382850647, -143.169952393, 39.1907730103, -61.8362693787, 24.6959705353, -22.2901000977, 13.3731851578, -19.8921928406, -7.28092288971, -11.1075019836, -6.66879224777, -8.59924697876],
        "cov": [[3197.578125, -717.31463623, 322.786407471, 67.6105957031, -123.674530029, 220.667312622, -269.296569824, 377.179840088, -345.064239502, 147.575195312, -249.04800415, 168.056640625, -166.146621704], [-717.31463623, 1710.88623047, 639.502319336, 669.131530762, 451.585479736, -64.3156661987, 306.287384033, -185.038345337, 254.296905518, -135.447113037, 215.155334473, -100.242881775, 70.9693450928], [322.786407471, 639.502319336, 1973.20471191, 640.721191406, 369.432281494, 108.175094604, -128.210464478, 88.5611038208, -45.0025978088, 244.919250488, -4.36379480362, 203.791763306, -70.8185806274], [67.6105957031, 669.131530762, 640.721191406, 644.955444336, 243.75994873, 58.8767356873, 26.9319953918, -34.5492286682, 80.9554443359, -27.6148262024, 66.4220581055, 18.2917823792, 24.3769893646], [-123.674530029, 451.585479736, 369.432281494, 243.75994873, 421.228912354, 40.6980018616, 142.731216431, -4.24873447418, 16.9832668304, -13.7009973526, -5.5222234726, 32.6848373413, 8.24853897095], [220.667312622, -64.3156661987, 108.175094604, 58.8767356873, 40.6980018616, 196.846893311, 37.5917167664, 70.1963882446, -40.0874595642, 1.07370316982, -21.0387401581, -3.91972923279, 19.4400653839], [-269.296569824, 306.287384033, -128.210464478, 26.9319953918, 142.731216431, 37.5917167664, 305.489715576, -26.1049251556, 50.2792358398, -79.0514068604, 49.5001449585, -51.5056419373, 14.4966125488], [377.179840088, -185.038345337, 88.5611038208, -34.5492286682, -4.24873447418, 70.1963882446, -26.1049251556, 183.242721558, -34.9229469299, 61.0168228149, -49.5414009094, 22.367061615, -19.5327091217], [-345.064239502, 254.296905518, -45.0025978088, 80.9554443359, 16.9832668304, -40.0874595642, 50.2792358398, -34.9229469299, 198.514678955, -28.4031391144, 64.2197113037, -43.2340011597, 34.7583961487], [147.575195312, -135.447113037, 244.919250488, -27.6148262024, -13.7009973526, 1.07370316982, -79.0514068604, 61.0168228149, -28.4031391144, 169.544128418, -7.5687417984, 68.0633163452, -48.7692070007], [-249.04800415, 215.155334473, -4.36379480362, 66.4220581055, -5.5222234726, -21.0387401581, 49.5001449585, -49.5414009094, 64.2197113037, -7.5687417984, 160.091217041, 7.94315624237, 20.8520679474], [168.056640625, -100.242881775, 203.791763306, 18.2917823792, 32.6848373413, -3.91972923279, -51.5056419373, 22.367061615, -43.2340011597, 68.0633163452, 7.94315624237, 175.402374268, -3.19280600548], [-166.146621704, 70.9693450928, -70.8185806274, 24.3769893646, 8.24853897095, 19.4400653839, 14.4966125488, -19.5327091217, 34.7583961487, -48.7692070007, 20.8520679474, -3.19280600548, 118.678596497]],
        "icov": [[0.000652462360449, -0.000156996393343, 0.00020130793564, -0.000441170937847, 0.000378098542569, -0.000394844595576, 0.000308837770717, -0.00106005684938, 0.000738309987355, 0.000126388113131, 0.000594760174863, -0.000636350363493, 0.000758341629989], [-0.000156996393343, 0.0026833016891, -0.000840950349811, -0.00116619176697, -0.00123120669741, 0.00177717511542, -0.00156981195323, 0.000956982548814, -0.00106929556932, 0.000803049013484, -0.00192922120914, 0.00196441193111, -0.000907958776224], [0.00020130793564, -0.000840950349811, 0.00161062227562, -0.000932920433115, -0.000139392243, -0.000916480203159, 0.000929114350583, -0.0005160641158, 0.000722923083231, -0.0018415460363, 0.000889969058335, -0.00123740523122, 0.000740675313864], [-0.000441170937847, -0.00116619176697, -0.000932920433115, 0.0045061968267, -0.000899573322386, -0.00144176476169, 0.00141215359326, 0.00075572001515, -0.00127917958889, 0.00165737292264, -0.000847650982905, -9.52161717578e-05, 5.01307040395e-05], [0.000378098542569, -0.00123120669741, -0.000139392243, -0.000899573322386, 0.00527937430888, -0.000505278527271, -0.00190780963749, -0.000794525665697, 0.000939122575801, -0.000248720491072, 0.00275046098977, -0.0020557527896, 0.000269462296274], [-0.000394844595576, 0.00177717511542, -0.000916480203159, -0.00144176476169, -0.000505278527271, 0.00878134928644, -0.00271737389266, -0.00185649259947, 0.00111364817712, 0.000407225510571, -0.00116847350728, 0.00245073297992, -0.00313077145256], [0.000308837770717, -0.00156981195323, 0.000929114350583, 0.00141215359326, -0.00190780963749, -0.00271737389266, 0.00690585095435, -0.000917745521292, -4.71238381579e-05, 0.00150295800995, -0.000959244614933, -0.000495036889333, 0.00200523226522], [-0.00106005684938, 0.000956982548814, -0.0005160641158, 0.00075572001515, -0.000794525665697, -0.00185649259947, -0.000917745521292, 0.00994180142879, -0.00195444957353, -0.00252060499042, 0.000558954197913, 0.00110654055607, -0.000943629420362], [0.000738309987355, -0.00106929556932, 0.000722923083231, -0.00127917958889, 0.000939122575801, 0.00111364817712, -4.71238381579e-05, -0.00195444957353, 0.00855556037277, -0.00114530290011, -0.000657018797938, 0.000624304579105, -0.00104057590943], [0.000126388113131, 0.000803049013484, -0.0018415460363, 0.00165737292264, -0.000248720491072, 0.000407225510571, 0.00150295800995, -0.00252060499042, -0.00114530290011, 0.0123378317803, -0.00212377007119, -0.00179009104613, 0.00334000797011], [0.000594760174863, -0.00192922120914, 0.000889969058335, -0.000847650982905, 0.00275046098977, -0.00116847350728, -0.000959244614933, 0.000558954197913, -0.000657018797938, -0.00212377007119, 0.0108506940305, -0.00333474157378, 0.000224386210903], [-0.000636350363493, 0.00196441193111, -0.00123740523122, -9.52161717578e-05, -0.0020557527896, 0.00245073297992, -0.000495036889333, 0.00110654055607, 0.000624304579105, -0.00179009104613, -0.00333474157378, 0.00997991207987, -0.00286443391815], [0.000758341629989, -0.000907958776224, 0.000740675313864, 5.01307040395e-05, 0.000269462296274, -0.00313077145256, 0.00200523226522, -0.000943629420362, -0.00104057590943, 0.00334000797011, 0.000224386210903, -0.00286443391815, 0.0121170757338]]
    },
    "melbands": {
        "dmean": [0.00075620476855, 0.00139376125298, 0.000645965803415, 0.000232796141063, 0.000116604707728, 0.000173214633833, 9.43242921494e-05, 7.11041429895e-05, 0.000112810397695, 0.000240411056438, 0.000227561205975, 0.000217539592995, 0.000153830289491, 3.35376898875e-05, 3.0751893064e-05, 4.6393226512e-05, 3.69062290702e-05, 2.22127200686e-05, 3.83164042432e-05, 1.21571001728e-05, 8.51544609759e-06, 7.49003856981e-06, 6.9944317147e-06, 1.19657606774e-05, 1.54782901518e-05, 1.22471001305e-05, 6.184187896e-06, 3.16679256684e-06, 2.36538312492e-06, 1.53854387008e-06, 1.32978959755e-06, 1.65715107414e-06, 1.57879810558e-06, 1.15361046937e-06, 9.15502369025e-07, 6.66236701363e-07, 5.65315588119e-07, 3.81672037975e-07, 3.01235360212e-07, 5.0374364946e-07],
        "dmean2": [0.00130633963272, 0.00238164211623, 0.00111860514153, 0.00039966305485, 0.000192126448383, 0.000273390469374, 0.000148487641127, 0.000115224502224, 0.000179565075086, 0.000383798906114, 0.000359418307198, 0.000343768449966, 0.000246588373557, 5.40322034794e-05, 5.06838041474e-05, 7.71378181526e-05, 6.08654845564e-05, 3.61757956853e-05, 6.26753389952e-05, 1.92685292859e-05, 1.35559630507e-05, 1.2329922356e-05, 1.13754531412e-05, 1.91317176359e-05, 2.49369350058e-05, 1.99005226023e-05, 9.96445942292e-06, 5.08769744556e-06, 3.99704094889e-06, 2.58030308942e-06, 2.19904541154e-06, 2.76272635347e-06, 2.57256147052e-06, 1.87571288279e-06, 1.52910274664e-06, 1.09381244329e-06, 9.39548385759e-07, 6.29994133305e-07, 4.88376656449e-07, 8.51334903018e-07],
        "dvar": [1.10176677026e-06, 3.61929369319e-06, 2.00788440452e-06, 2.58340037362e-07, 7.55692184384e-08, 2.17300495819e-07, 6.16546032006e-08, 6.43226982788e-08, 8.4430894276e-08, 1.80023619123e-07, 1.54905748673e-07, 2.35678498939e-07, 1.5371857387e-07, 6.95146029628e-09, 5.46191314399e-09, 8.27707680173e-09, 5.5855644554e-09, 2.00689065366e-09, 7.57815854513e-09, 6.9595551544e-10, 3.03323310913e-10, 2.23069993033e-10, 2.05120809227e-10, 5.16768128289e-10, 8.74963823616e-10, 6.53181897459e-10, 1.11723262586e-10, 2.58049154961e-11, 2.45450083869e-11, 9.51083743012e-12, 9.27772528941e-12, 1.21127864683e-11, 1.28891723683e-11, 7.34477843128e-12, 4.13917381273e-12, 1.76006518388e-12, 1.69977465263e-12, 9.07946623701e-13, 6.42354116946e-13, 2.17213261267e-11],
        "dvar2": [3.3990902466e-06, 1.01800351331e-05, 5.41030931345e-06, 6.90669480718e-07, 1.91482300238e-07, 5.05437583342e-07, 1.36938268724e-07, 1.61861393622e-07, 2.0696835179e-07, 4.67607804921e-07, 4.00344845275e-07, 6.16864781477e-07, 3.98376471367e-07, 1.59514765841e-08, 1.27844215214e-08, 2.15552162786e-08, 1.46201522e-08, 4.79200545911e-09, 1.96588807455e-08, 1.42466716202e-09, 6.93896884396e-10, 5.47076606239e-10, 5.019938909e-10, 1.22537091585e-09, 2.23704299529e-09, 1.8218445641e-09, 2.76350831108e-10, 6.1598393053e-11, 6.42166597675e-11, 2.50187474904e-11, 2.3709865668e-11, 3.08067460431e-11, 3.35923962258e-11, 1.92677904881e-11, 1.11721768989e-11, 4.60407059699e-12, 4.59361108179e-12, 2.37087042707e-12, 1.58065498624e-12, 6.18908882477e-11],
        "max": [0.0144308898598, 0.0195515025407, 0.0199040193111, 0.00646829372272, 0.00874666776508, 0.0214079301804, 0.00711297150701, 0.00927496887743, 0.00706778187305, 0.00814267341048, 0.00620754947886, 0.0100758848712, 0.00674668885767, 0.00318712252192, 0.0030136553105, 0.00329587399028, 0.00178917322773, 0.00119603716303, 0.00166746682953, 0.00127276813146, 0.000465609191451, 0.00072732596891, 0.000605548091698, 0.000778088229708, 0.000668195192702, 0.000617566751316, 0.000318675040035, 0.000138488190714, 6.85400955263e-05, 6.16729084868e-05, 0.000100828976429, 9.4646740763e-05, 7.88142933743e-05, 7.76317028794e-05, 4.45210607722e-05, 2.74038538919e-05, 3.01320997096e-05, 2.37869771809e-05, 2.96370508295e-05, 0.000283093511825],
        "mean": [0.00121841358487, 0.0020687864162, 0.00083936820738, 0.000288264622213, 0.000221099791816, 0.000375424860977, 0.000185841825441, 0.000136617381941, 0.000214716681512, 0.000478876754642, 0.00044656166574, 0.000447954313131, 0.000332424067892, 6.28887646599e-05, 5.22726477357e-05, 8.27556505101e-05, 6.70596346026e-05, 3.99066411774e-05, 6.80012381054e-05, 2.21617829084e-05, 1.49825036715e-05, 1.36938324431e-05, 1.38022269311e-05, 2.55897739407e-05, 3.33154093823e-05, 2.85053938569e-05, 1.34540341605e-05, 6.28105908618e-06, 4.02455270887e-06, 2.5859442303e-06, 2.07885909731e-06, 2.8637041396e-06, 2.8212525649e-06, 1.976538897e-06, 1.49811421579e-06, 1.15348018426e-06, 8.44822636736e-07, 5.49948651951e-07, 4.16653250568e-07, 7.92257026205e-07],
        "median": [0.000738703063689, 0.00125567032956, 0.000450801715488, 0.000138882387546, 8.39425047161e-05, 0.000106167484773, 5.22898444615e-05, 2.94237888738e-05, 4.17291157646e-05, 0.000209235382499, 0.000188605801668, 8.63609457156e-05, 4.62377793156e-05, 2.8134418244e-05, 2.05421292776e-05, 3.80029414373e-05, 2.98619634123e-05, 1.74479755515e-05, 2.02966457437e-05, 1.06261777546e-05, 8.48025501909e-06, 7.59888507673e-06, 7.33662545827e-06, 1.18841835501e-05, 1.56598453032e-05, 1.18388952615e-05, 6.50569108984e-06, 3.84232544093e-06, 2.39023074755e-06, 1.54330120949e-06, 1.2088727317e-06, 1.80731228738e-06, 1.78389325356e-06, 1.17875458727e-06, 9.09524601411e-07, 7.05046659277e-07, 4.74265419825e-07, 2.6222110705e-07, 1.5181635149e-07, 9.64630899603e-08],
        "min": [2.693105511e-14, 1.00636035285e-14, 5.15313245769e-15, 2.30132139033e-15, 7.53844394101e-16, 1.00771117982e-15, 9.26037192552e-16, 6.84287266082e-16, 5.39969739589e-16, 1.84175159458e-15, 4.68364920008e-15, 2.60756170549e-15, 2.21808155678e-15, 2.30099316506e-15, 3.39782438703e-15, 2.21680380758e-15, 1.64045156768e-15, 1.79324222945e-15, 1.23349585872e-15, 5.87268377001e-16, 5.48755747653e-16, 3.70067821153e-16, 1.57297067624e-15, 1.89710858581e-15, 1.95240332012e-15, 1.4755167828e-15, 2.5843856135e-15, 8.4811799646e-16, 1.42145405791e-15, 3.3887469467e-15, 3.144450998e-15, 2.86668136603e-15, 1.25468290559e-15, 7.77679530659e-16, 8.27221640711e-16, 1.18534161216e-15, 1.15692270386e-15, 2.17074088536e-15, 1.6146190745e-15, 1.41783500376e-15],
        "var": [2.08640199162e-06, 5.7392276176e-06, 1.81968835022e-06, 2.54362561236e-07, 2.44349706691e-07, 1.19232515772e-06, 2.29252364647e-07, 2.51000358276e-07, 2.78718914615e-07, 5.11361179178e-07, 3.8878590658e-07, 7.23103539713e-07, 5.31344426236e-07, 2.11894040092e-08, 1.13947287161e-08, 1.89509989923e-08, 1.24029568838e-08, 4.71374850264e-09, 1.84472277454e-08, 1.91908733349e-09, 5.83691373013e-10, 5.43033285005e-10, 4.34860758514e-10, 1.89297999498e-09, 2.56824517209e-09, 2.22882645673e-09, 3.54696494398e-10, 5.98906618743e-11, 3.20549524424e-11, 1.40673358379e-11, 1.07303116045e-11, 1.52985644986e-11, 1.55130335661e-11, 8.50927141249e-12, 4.52654060068e-12, 2.27436732642e-12, 1.705422587e-12, 1.069667575e-12, 8.93870481106e-13, 6.08132710855e-11]
    },
    "mfcc": {
        "mean": [-634.125793457, 115.670082092, -15.0670633316, 19.4338817596, -6.92387580872, 9.87009143829, 6.86492729187, 18.8473072052, -2.96512246132, 11.939871788, 2.30611824989, -9.91090106964, -5.74801635742],
        "cov": [[2673.02441406, -583.829345703, -238.039596558, -144.098526001, -110.171615601, -179.091262817, 30.6636657715, 62.3658676147, 21.7174129486, 40.5169448853, -98.4624328613, -128.875335693, -29.7255802155], [-583.829345703, 1005.38952637, 494.775665283, 528.559326172, 269.19934082, 227.893447876, 114.469032288, 117.88508606, -28.7956790924, 91.9468383789, 68.7395324707, 24.2395324707, 57.8507499695], [-238.039596558, 494.775665283, 1357.1784668, 575.189208984, 495.411102295, 200.389678955, 87.8136825562, -28.5966415405, 22.3158569336, -23.4179286957, 74.8013534546, 99.0580978394, 106.16027832], [-144.098526001, 528.559326172, 575.189208984, 658.950683594, 332.372802734, 213.993865967, 55.1667404175, 111.002288818, -35.8609924316, 49.289264679, 22.0633602142, 11.0512332916, 64.884437561], [-110.171615601, 269.19934082, 495.411102295, 332.372802734, 412.368652344, 121.274627686, 62.8834533691, 19.752035141, 66.3521194458, -18.5386066437, 8.73702430725, 30.804353714, 50.5355682373], [-179.091262817, 227.893447876, 200.389678955, 213.993865967, 121.274627686, 204.257141113, 84.4582748413, 71.0745773315, 1.69500815868, 24.1409492493, 1.91658699512, -3.80140447617, 22.4413490295], [30.6636657715, 114.469032288, 87.8136825562, 55.1667404175, 62.8834533691, 84.4582748413, 234.893386841, 66.3127670288, 42.6008834839, 38.1447410583, -2.51949977875, -41.8973426819, 2.93507528305], [62.3658676147, 117.88508606, -28.5966415405, 111.002288818, 19.752035141, 71.0745773315, 66.3127670288, 185.975631714, -2.29077243805, 61.5952110291, -19.0244369507, -45.8230476379, 10.2168579102], [21.7174129486, -28.7956790924, 22.3158569336, -35.8609924316, 66.3521194458, 1.69500815868, 42.6008834839, -2.29077243805, 195.613967896, -7.42580127716, -2.77381324768, 13.0360593796, -28.1357383728], [40.5169448853, 91.9468383789, -23.4179286957, 49.289264679, -18.5386066437, 24.1409492493, 38.1447410583, 61.5952110291, -7.42580127716, 138.603485107, 36.135433197, -11.9859485626, -15.9396810532], [-98.4624328613, 68.7395324707, 74.8013534546, 22.0633602142, 8.73702430725, 1.91658699512, -2.51949977875, -19.0244369507, -2.77381324768, 36.135433197, 115.368942261, 32.2773361206, 13.8118305206], [-128.875335693, 24.2395324707, 99.0580978394, 11.0512332916, 30.804353714, -3.80140447617, -41.8973426819, -45.8230476379, 13.0360593796, -11.9859485626, 32.2773361206, 121.638626099, 23.3706321716], [-29.7255802155, 57.8507499695, 106.16027832, 64.884437561, 50.5355682373, 22.4413490295, 2.93507528305, 10.2168579102, -28.1357383728, -15.9396810532, 13.8118305206, 23.3706321716, 99.503288269]],
