{
"lowlevel": {
    "average_loudness": 0.62177336216,
    "barkbands_crest": {
        "dmean": 2.71635174751,
        "dmean2": 4.33754301071,
        "dvar": 6.00100231171,
        "dvar2": 14.5308980942,
        "max": 26.2184276581,
        "mean": 11.4021596909,
        "median": 10.3947286606,
        "min": 2.14565825462,
        "var": 25.7033462524
    },
    "barkbands_flatness_db": {
        "dmean": 0.0225780420005,
        "dmean2": 0.032121244818,
        "dvar": 0.000408613530453,
        "dvar2": 0.000812551530544,
        "max": 0.447602152824,
        "mean": 0.151278212667,
        "median": 0.139663398266,
        "min": 0.0158660523593,
        "var": 0.00457717198879
    },
    "barkbands_kurtosis": {
        "dmean": 2.43971610069,
        "dmean2": 3.76368975639,
        "dvar": 39.4596138,
        "dvar2": 90.9727859497,
        "max": 222.270721436,
        "mean": 4.02579689026,
        "median": 1.22019052505,
        "min": -1.89740788937,
        "var": 112.106742859
    },
    "barkbands_skewness": {
        "dmean": 0.474032133818,
        "dmean2": 0.711883187294,
        "dvar": 0.31352815032,
        "dvar2": 0.67781662941,
        "max": 12.175028801,
        "mean": 1.03379666805,
        "median": 0.833624899387,
        "min": -7.3596701622,
        "var": 1.95197749138
    },
    "barkbands_spread": {
        "dmean": 5.68508243561,
        "dmean2": 8.62186336517,
        "dvar": 50.1033325195,
        "dvar2": 105.748146057,
        "max": 140.927825928,
        "mean": 23.2394943237,
        "median": 20.1173763275,
        "min": 0.751098334789,
        "var": 262.077087402
    },
    "dissonance": {
        "dmean": 0.0203997585922,
        "dmean2": 0.034986641258,
        "dvar": 0.000530223187525,
        "dvar2": 0.00150427944027,
        "max": 0.500000059605,
        "mean": 0.467367231846,
        "median": 0.476967722178,
        "min": 0.234951972961,
        "var": 0.000989367254078
    },
    "dynamic_complexity": 3.10710096359,
    "erbbands_crest": {
        "dmean": 3.06869459152,
        "dmean2": 4.90510511398,
        "dvar": 8.25320053101,
        "dvar2": 19.6177806854,
        "max": 33.5782051086,
        "mean": 11.7476797104,
        "median": 9.91029834747,
        "min": 2.1270365715,
        "var": 41.332321167
    },
    "erbbands_flatness_db": {
        "dmean": 0.0200801920146,
        "dmean2": 0.0283682625741,
        "dvar": 0.000316507619573,
        "dvar2": 0.000609715119936,
        "max": 0.449338436127,
        "mean": 0.194316029549,
        "median": 0.178835377097,
        "min": 0.0251171961427,
        "var": 0.00577535573393
    },
    "erbbands_kurtosis": {
        "dmean": 1.55381417274,
        "dmean2": 2.42294955254,
        "dvar": 6.13703298569,
        "dvar2": 14.0530261993,
        "max": 65.9836578369,
        "mean": 2.37254571915,
        "median": 0.697968959808,
        "min": -1.81113529205,
        "var": 28.636177063
    },
    "erbbands_skewness": {
        "dmean": 0.399415612221,
        "dmean2": 0.608429551125,
        "dvar": 0.147869735956,
        "dvar2": 0.32205042243,
        "max": 5.84184503555,
        "mean": 0.822998940945,
        "median": 0.729095637798,
        "min": -5.2791261673,
        "var": 1.13556659222
    },
    "erbbands_spread": {
        "dmean": 6.64713001251,
        "dmean2": 10.2260866165,
        "dvar": 57.7459411621,
        "dvar2": 133.326126099,
        "max": 126.792472839,
        "mean": 30.9228134155,
        "median": 26.3803081512,
        "min": 1.13220047951,
        "var": 397.743835449
    },
    "hfc": {
        "dmean": 7.62058162689,
        "dmean2": 11.4354028702,
        "dvar": 140.210952759,
        "dvar2": 325.978759766,
        "max": 264.321929932,
        "mean": 25.4442520142,
        "median": 19.2687702179,
        "min": 2.8719298939e-08,
        "var": 511.228179932
    },
    "melbands_crest": {
        "dmean": 3.28062582016,
        "dmean2": 5.23482465744,
        "dvar": 9.00897884369,
        "dvar2": 21.9251937866,
        "max": 38.4145965576,
        "mean": 14.7512741089,
        "median": 13.7476968765,
        "min": 2.67414498329,
        "var": 35.0263328552
    },
    "melbands_flatness_db": {
        "dmean": 0.0229128040373,
        "dmean2": 0.0339463874698,
        "dvar": 0.000499832618516,
        "dvar2": 0.00105452572461,
        "max": 0.551601409912,
        "mean": 0.180394276977,
        "median": 0.172773987055,
        "min": 0.0238907858729,
        "var": 0.00371622480452
    },
    "melbands_kurtosis": {
        "dmean": 5.26800060272,
        "dmean2": 8.13649368286,
        "dvar": 196.416519165,
        "dvar2": 458.944091797,
        "max": 394.649078369,
        "mean": 10.5617370605,
        "median": 3.89602136612,
        "min": -1.92701554298,
        "var": 572.303100586
    },
    "melbands_skewness": {
        "dmean": 0.620879173279,
        "dmean2": 0.946376800537,
        "dvar": 0.526568233967,
        "dvar2": 1.16861391068,
        "max": 16.8085308075,
        "mean": 1.83565866947,
        "median": 1.5219438076,
        "min": -3.78714394569,
        "var": 3.55597281456
    },
    "melbands_spread": {
        "dmean": 7.81132507324,
        "dmean2": 12.0141363144,
        "dvar": 161.181808472,
        "dvar2": 336.746459961,
        "max": 298.979675293,
        "mean": 29.7285518646,
        "median": 24.1754608154,
        "min": 0.54054993391,
        "var": 691.91809082
    },
    "pitch_salience": {
        "dmean": 0.0653929263353,
        "dmean2": 0.104102194309,
        "dvar": 0.00375350401737,
        "dvar2": 0.00901392661035,
        "max": 0.936651587486,
        "mean": 0.532793045044,
        "median": 0.534871399403,
        "min": 0.0540750734508,
        "var": 0.0191195495427
    },
    "silence_rate_20dB": {
        "dmean": 0,
        "dmean2": 0,
        "dvar": 0,
        "dvar2": 0,
        "max": 1,
        "mean": 1,
        "median": 1,
        "min": 1,
        "var": 0
    },
    "silence_rate_30dB": {
        "dmean": 0.00466715777293,
        "dmean2": 0.00933546293527,
        "dvar": 0.00464510545135,
        "dvar2": 0.0121938781813,
        "max": 1,
        "mean": 0.996315836906,
        "median": 1,
        "min": 0,
        "var": 0.00367037556134
    },
    "silence_rate_60dB": {
        "dmean": 0.0221075899899,
        "dmean2": 0.044097777456,
        "dvar": 0.0216183774173,
        "dvar2": 0.0507539734244,
        "max": 1,
        "mean": 0.0643497481942,
        "median": 0,
        "min": 0,
        "var": 0.0602142997086
    },
    "spectral_centroid": {
        "dmean": 256.48248291,
        "dmean2": 389.942779541,
        "dvar": 95596.2734375,
        "dvar2": 193991.4375,
        "max": 9165.65332031,
        "mean": 1652.83410645,
        "median": 1590.52978516,
        "min": 207.777206421,
        "var": 518316.09375
    },
    "spectral_complexity": {
        "dmean": 3.47383928299,
        "dmean2": 5.55226612091,
        "dvar": 15.4051265717,
        "dvar2": 34.6308250427,
        "max": 60,
        "mean": 18.5171318054,
        "median": 17,
        "min": 0,
        "var": 90.2264556885
    },
    "spectral_decrease": {
        "dmean": 1.69135294659e-09,
        "dmean2": 2.61915111821e-09,
        "dvar": 6.16459412073e-18,
        "dvar2": 1.39435536296e-17,
        "max": 7.5896115781e-11,
        "mean": -5.99244742716e-09,
        "median": -5.08375608277e-09,
        "min": -5.31737427423e-08,
        "var": 2.19752838172e-17
    },
    "spectral_energy": {
        "dmean": 0.00689112953842,
        "dmean2": 0.0106744570658,
        "dvar": 9.81066550594e-05,
        "dvar2": 0.000221916910959,
        "max": 0.20255663991,
        "mean": 0.0249248184264,
        "median": 0.0211405623704,
        "min": 3.32568716489e-12,
        "var": 0.000360426551197
    },
    "spectral_energyband_high": {
        "dmean": 0.000484163261717,
        "dmean2": 0.000714250782039,
        "dvar": 1.32359855343e-06,
        "dvar2": 2.66961342277e-06,
        "max": 0.0321682803333,
        "mean": 0.0010592621984,
        "median": 0.000584298104513,
        "min": 2.29562419421e-12,
        "var": 2.99528028336e-06
    },
    "spectral_energyband_low": {
        "dmean": 0.00265920604579,
        "dmean2": 0.00432696240023,
        "dvar": 6.52623202768e-05,
        "dvar2": 0.0001636017696,
        "max": 0.189537376165,
        "mean": 0.00600742548704,
        "median": 0.00329434429295,
        "min": 6.22343024554e-14,
        "var": 0.00011072911002
    },
    "spectral_energyband_middle_high": {
        "dmean": 0.00363307632506,
        "dmean2": 0.00569156184793,
        "dvar": 3.76178177248e-05,
        "dvar2": 9.27628570935e-05,
        "max": 0.115329958498,
        "mean": 0.0110869463533,
        "median": 0.00487478077412,
        "min": 8.52963695768e-13,
        "var": 0.000204537587706
    },
    "spectral_energyband_middle_low": {
        "dmean": 0.00312914885581,
        "dmean2": 0.00488114962354,
        "dvar": 3.27317429765e-05,
        "dvar2": 8.26890463941e-05,
        "max": 0.0996278002858,
        "mean": 0.00721216248348,
        "median": 0.00422652531415,
        "min": 6.86164585437e-14,
        "var": 7.26209764252e-05
    },
    "spectral_entropy": {
        "dmean": 0.138278737664,
        "dmean2": 0.199081614614,
        "dvar": 0.0175936166197,
        "dvar2": 0.0329135507345,
        "max": 8.95546245575,
        "mean": 7.69275617599,
        "median": 7.73709487915,
        "min": 5.88310050964,
        "var": 0.173627406359
    },
    "spectral_flux": {
        "dmean": 0.0235581994057,
        "dmean2": 0.0374637767673,
        "dvar": 0.000726120430045,
        "dvar2": 0.00165252806619,
        "max": 0.417906790972,
        "mean": 0.0850616917014,
        "median": 0.0770280957222,
        "min": 7.59652393754e-05,
        "var": 0.00212240568362
    },
    "spectral_kurtosis": {
        "dmean": 1.25101494789,
        "dmean2": 2.17983627319,
        "dvar": 2.24420690536,
        "dvar2": 6.96339130402,
        "max": 19.6498260498,
        "mean": 3.1641895771,
        "median": 2.80121421814,
        "min": -1.40704464912,
        "var": 4.15976858139
    },
    "spectral_rms": {
        "dmean": 0.000641434337012,
        "dmean2": 0.000981640885584,
        "dvar": 5.13769805366e-07,
        "dvar2": 1.11255246793e-06,
        "max": 0.0140576036647,
        "mean": 0.00458828592673,
        "median": 0.00454146880656,
        "min": 5.69611522394e-08,
        "var": 3.26456552102e-06
    },
    "spectral_rolloff": {
        "dmean": 489.877929688,
        "dmean2": 793.169189453,
        "dvar": 866836.625,
        "dvar2": 1710918.125,
        "max": 16795.8984375,
        "mean": 1819.1138916,
        "median": 1335.05859375,
        "min": 43.06640625,
        "var": 3655124.5
    },
    "spectral_skewness": {
        "dmean": 0.182602241635,
        "dmean2": 0.299704581499,
        "dvar": 0.0294975806028,
        "dvar2": 0.082082875073,
        "max": 2.98132395744,
        "mean": 1.28833734989,
        "median": 1.29861307144,
        "min": -0.158669784665,
        "var": 0.110527805984
    },
    "spectral_spread": {
        "dmean": 471002.90625,
        "dmean2": 675308.4375,
        "dvar": 314599047168,
        "dvar2": 600665096192,
        "max": 20408082,
        "mean": 4533168,
        "median": 4325336.5,
        "min": 1576920.75,
        "var": 3.20401178624e+12
    },
    "spectral_strongpeak": {
        "dmean": 0.848297774792,
        "dmean2": 1.39700341225,
        "dvar": 1.84782445431,
        "dvar2": 4.56660413742,
        "max": 34.9336090088,
        "mean": 1.82397627831,
        "median": 0.845080196857,
        "min": 0,
        "var": 5.7017621994
    },
    "zerocrossingrate": {
        "dmean": 0.0102727971971,
        "dmean2": 0.0117627140135,
        "dvar": 0.000224937364692,
        "dvar2": 0.000232101418078,
        "max": 0.60205078125,
        "mean": 0.072022177279,
        "median": 0.06298828125,
        "min": 0.00146484375,
        "var": 0.00257393182255
    },
    "barkbands": {
        "dmean": [0.000168312428286, 0.00211919215508, 0.000751362240408, 0.000246358016739, 0.000880746461917, 0.000668493099511, 0.000546128198039, 0.000820235174615, 0.000942158862017, 0.00120000867173, 0.00157833762933, 0.00133546069264, 0.000889758171979, 0.000508040247951, 0.000215368665522, 0.000124800761114, 0.000133912704769, 0.000155215893756, 0.000177524576429, 0.000218836677959, 0.00013484498777, 9.96088565444e-05, 8.30974822748e-05, 6.54686809867e-05, 6.62856109557e-05, 2.33643368119e-05, 7.8253697211e-06],
        "dmean2": [0.000263872614596, 0.00341330002993, 0.00131913204677, 0.000428744155215, 0.0013896235032, 0.00105030636769, 0.000870264833793, 0.00130947586149, 0.00152419437654, 0.00193590007257, 0.00246263714507, 0.00215600454248, 0.00140020821709, 0.000827627722174, 0.000352763949195, 0.000204399024369, 0.000216383225052, 0.000253789417911, 0.000289547228022, 0.000342034094501, 0.000212181999814, 0.000152383669047, 0.000123844627524, 9.77649542619e-05, 9.94972579065e-05, 3.48346911778e-05, 1.3922675862e-05],
        "dvar": [2.42525828753e-07, 4.00353637815e-05, 6.83616553943e-06, 5.81476399475e-07, 5.97993948759e-06, 4.06193294111e-06, 2.87436046165e-06, 6.1977061705e-06, 8.40948359837e-06, 1.09649572551e-05, 1.67846028489e-05, 1.4640218069e-05, 6.75737737765e-06, 2.11812630369e-06, 2.70322203733e-07, 9.21491789541e-08, 1.23249549233e-07, 1.22579109529e-07, 1.75171933847e-07, 2.63043688165e-07, 1.39677311495e-07, 1.29655518322e-07, 7.09258287657e-08, 3.59765408575e-08, 1.09038580831e-07, 1.14116813776e-08, 2.44420110818e-08],
        "dvar2": [5.45711372979e-07, 9.55322029768e-05, 1.93070991372e-05, 1.67999678524e-06, 1.47036698763e-05, 9.47390617512e-06, 6.71326279189e-06, 1.34042884383e-05, 2.08050023502e-05, 2.62256835413e-05, 3.83708320442e-05, 3.53411887772e-05, 1.67462039826e-05, 5.19165723745e-06, 6.97854375176e-07, 2.1536469319e-07, 2.9693273973e-07, 3.03625625975e-07, 4.61802045493e-07, 6.21544813839e-07, 3.15588209787e-07, 2.63208306706e-07, 1.45023946629e-07, 7.87706468941e-08, 2.688891243e-07, 2.64791832905e-08, 7.5317238668e-08],
        "max": [0.0173495355994, 0.157115653157, 0.0362803973258, 0.0162057466805, 0.0651328489184, 0.0538681820035, 0.0591540038586, 0.0560547970235, 0.0733012259007, 0.0712373480201, 0.106477439404, 0.0871374979615, 0.0638612285256, 0.0339689962566, 0.0181674752384, 0.0105883320794, 0.00987184047699, 0.00860099121928, 0.0164292957634, 0.012332634069, 0.0130822937936, 0.0127706602216, 0.00802648440003, 0.00649522803724, 0.0156485568732, 0.00636716187, 0.0113322529942],
        "mean": [0.000375806499505, 0.00456001330167, 0.00093598163221, 0.000309101946186, 0.00164542533457, 0.00105709675699, 0.000719373521861, 0.001326838159, 0.00159893522505, 0.00204106350429, 0.00289982208051, 0.00238213944249, 0.00159732613247, 0.00082108535571, 0.000349941838067, 0.000187915866263, 0.000234590319451, 0.000285836664261, 0.000357610435458, 0.000419880641857, 0.000239634726313, 0.000174149463419, 0.000142106189742, 0.000109232663817, 9.86150844255e-05, 4.23838973802e-05, 1.29014551931e-05],
        "median": [6.15084718447e-05, 0.00191322073806, 0.00035844714148, 0.000143960656715, 0.000425067904871, 0.000208752637263, 0.000162781580002, 0.000211874881643, 0.000322666048305, 0.000418268697103, 0.000452330976259, 0.000446046935394, 0.00032137389644, 0.000254300510278, 0.000154048044351, 8.28018673928e-05, 0.000100440513052, 0.000136418791953, 0.000172893473064, 0.00018791090406, 0.00011766130774, 8.41299333842e-05, 6.23048108537e-05, 4.86957978865e-05, 1.70687962964e-05, 2.18973809751e-06, 2.56720178449e-09],
        "min": [6.2283782732e-14, 3.16075189296e-14, 1.14655226773e-15, 2.29886626533e-15, 4.86087475067e-15, 8.40441336859e-15, 8.22323725633e-15, 3.04088216196e-14, 1.17946288587e-14, 2.93711656016e-14, 1.06538774114e-13, 1.08970253339e-13, 1.56357999465e-13, 4.13574068655e-14, 3.92260517416e-14, 2.42662081428e-14, 5.34557681865e-14, 4.68826671549e-14, 1.76972992467e-13, 1.24728352646e-13, 8.92013513835e-14, 2.64786429545e-13, 1.97508323715e-13, 2.53507609869e-13, 3.55509811043e-13, 5.35031383347e-13, 5.55103651847e-13],
        "var": [9.41526707265e-07, 7.65763979871e-05, 5.24002734892e-06, 4.42028721181e-07, 1.41391856232e-05, 7.98717519501e-06, 4.46133844889e-06, 1.69199938682e-05, 1.98577308765e-05, 3.02433873003e-05, 5.77514983888e-05, 4.16676957684e-05, 2.04644293262e-05, 3.78660342903e-06, 3.93304418367e-07, 1.41655974062e-07, 3.12261022373e-07, 2.51953565567e-07, 3.1881046425e-07, 5.02645093547e-07, 2.11286263152e-07, 2.16260929164e-07, 1.2435165786e-07, 6.00985288202e-08, 2.45593469117e-07, 6.9229805888e-08, 3.89506098486e-08]
    },
    "erbbands": {
        "dmean": [0.0680562779307, 0.490465581417, 0.941433131695, 0.756749629974, 1.28659915924, 3.60801553726, 5.41862821579, 6.08466815948, 6.52124738693, 12.6317930222, 16.5233707428, 20.452791214, 32.1912612915, 40.1464271545, 67.3483734131, 40.0812034607, 35.8918952942, 28.8764247894, 12.9625816345, 8.23971176147, 6.27098798752, 7.36968183517, 7.89737319946, 9.20731735229, 8.12404632568, 10.0308504105, 7.34488010406, 4.16227579117, 3.75628995895, 2.99278020859, 2.34013175964, 1.49148201942, 1.11323857307, 0.889501273632, 0.382222265005, 0.11697601527, 0.0507000945508, 0.00905710458755, 0.00174128112849, 5.11203797942e-05],
        "dmean2": [0.103889524937, 0.805435299873, 1.6472748518, 1.30017113686, 2.17922949791, 5.65799427032, 8.26972007751, 9.56734085083, 10.5251655579, 20.089220047, 26.0023326874, 32.9879455566, 50.5524215698, 63.3793830872, 104.799865723, 61.8614120483, 56.2521514893, 46.710308075, 21.1736965179, 13.3380250931, 10.1461162567, 11.833032608, 12.7423906326, 15.043847084, 12.9394836426, 15.6041994095, 11.3781957626, 6.60049915314, 5.8148393631, 4.47788524628, 3.51549005508, 2.24847459793, 1.67480671406, 1.36687350273, 0.575166106224, 0.173120215535, 0.0764721781015, 0.0145330894738, 0.00304408720694, 8.35594182718e-05],
        "dvar": [0.0342950671911, 2.95881652832, 13.4980134964, 5.3609046936, 23.1350460052, 98.3815689087, 230.079421997, 357.213287354, 431.587402344, 1479.20117188, 2442.32128906, 3970.00976562, 7775.97949219, 11855.6962891, 29416.4589844, 11307.7148438, 10988.6308594, 6524.28027344, 983.489440918, 318.518066406, 251.239364624, 401.359832764, 348.14465332, 370.6015625, 481.87701416, 552.793518066, 396.747619629, 152.507034302, 192.341400146, 111.461738586, 56.54322052, 15.1513843536, 14.6642513275, 24.5732517242, 2.83463478088, 0.209569424391, 0.15109936893, 0.00399216730148, 0.00151009764522, 4.67172441176e-07],
        "dvar2": [0.0728322640061, 7.49014043808, 38.2698478699, 14.9868221283, 63.8450431824, 224.921279907, 546.24822998, 786.706237793, 1026.45361328, 3277.85620117, 5353.55273438, 9440.22265625, 17904.2011719, 28744.1542969, 69328.890625, 24518.6875, 27324.2207031, 16759.8183594, 2455.04980469, 758.234558105, 556.977844238, 956.086608887, 852.541259766, 922.184936523, 1277.76489258, 1285.29797363, 923.683959961, 324.149963379, 412.709197998, 221.699462891, 114.349998474, 31.9977760315, 33.8603820801, 62.7080230713, 6.51813983917, 0.442403942347, 0.387465149164, 0.0114968381822, 0.00464592967182, 1.43839235989e-06],
        "max": [4.02799415588, 42.7327003479, 57.5135231018, 53.8938217163, 163.569656372, 255.866485596, 295.191955566, 553.140075684, 664.957275391, 1263.22216797, 1028.50842285, 2304.07763672, 1851.89440918, 3337.22290039, 4073.67456055, 3361.32470703, 3156.58496094, 1922.62976074, 1340.42504883, 487.893890381, 655.879516602, 660.397827148, 563.904602051, 546.313293457, 972.283081055, 550.049682617, 686.495422363, 409.053649902, 468.669067383, 310.311340332, 228.495925903, 96.5132675171, 181.808990479, 260.071868896, 78.1545791626, 21.7051963806, 25.0005207062, 4.24403572083, 2.8703083992, 0.048013780266],
        "mean": [0.155224725604, 0.912032604218, 1.26546597481, 1.08416116238, 1.70208871365, 6.72371482849, 9.1060628891, 9.17710971832, 8.93341255188, 20.3049755096, 27.7206001282, 35.9014091492, 56.2001800537, 79.5481643677, 133.922088623, 81.1125259399, 69.8262939453, 54.4852676392, 24.752822876, 14.5676259995, 10.770401001, 13.70063591, 15.5113677979, 18.1055202484, 17.1300125122, 19.2939720154, 14.0494556427, 7.50165176392, 6.4655790329, 5.00439310074, 4.00735521317, 2.53115463257, 1.7425634861, 1.35726523399, 0.546195685863, 0.181999802589, 0.0905978828669, 0.0141535811126, 0.00289377593435, 0.000117778894491],
        "median": [0.0665376260877, 0.303338080645, 0.545365869999, 0.585632681847, 0.751477599144, 1.32977819443, 1.83696603775, 1.99755012989, 2.53566884995, 4.28704452515, 5.39060974121, 8.22239398956, 14.2461671829, 17.743932724, 24.3418865204, 20.3335781097, 17.6815357208, 14.9401597977, 11.5289754868, 7.10904455185, 4.87330198288, 6.0132598877, 7.59334564209, 9.66641330719, 8.16148948669, 8.88525676727, 6.66031599045, 3.7694876194, 3.09080839157, 2.28446626663, 1.71304643154, 1.15870165825, 0.688799738884, 0.262452542782, 0.0857234075665, 0.0178010817617, 0.00247154571116, 0.000154808163643, 2.68826079264e-05, 3.14617209369e-05],
        "min": [1.84627725434e-12, 4.01360238447e-12, 2.64384130907e-12, 3.94927450117e-12, 1.40506373897e-11, 1.46182857486e-11, 3.49568325675e-11, 7.81598882837e-11, 1.04960144742e-10, 2.6567550937e-10, 7.32897298406e-10, 2.60006044472e-10, 3.83835935258e-10, 2.58676458031e-09, 4.57941196075e-09, 4.52161197373e-09, 6.82404044383e-09, 3.98524013789e-09, 1.47457257516e-09, 2.20863127787e-09, 9.95748927757e-10, 2.98985392e-09, 1.69427794017e-09, 5.32411004173e-09, 1.1076696893e-08, 5.949914339e-09, 3.13198200708e-09, 4.40991065886e-09, 7.95935051201e-09, 8.0012032555e-09, 6.08455108519e-09, 4.89054752251e-09, 4.59334081881e-09, 3.04292635533e-09, 2.90132051717e-09, 1.60203061927e-09, 1.07032605001e-09, 4.49345977094e-10, 8.85974488218e-11, 6.61754158415e-12],
        "var": [0.100179284811, 3.74675512314, 9.89831924438, 4.50180101395, 18.2722682953, 274.601318359, 495.018920898, 680.7421875, 598.39074707, 3881.18017578, 6326.52392578, 10123.5908203, 19709.7089844, 39223.8476562, 112411.742188, 39688.21875, 35227.5703125, 16303.6376953, 1980.4510498, 529.119995117, 492.034179688, 1032.17736816, 800.859313965, 673.23815918, 833.345825195, 1033.41955566, 635.764526367, 237.691207886, 300.041992188, 185.530914307, 98.7521362305, 26.2166862488, 22.4451084137, 56.9553871155, 5.78322172165, 0.757896304131, 0.589509248734, 0.0122577920556, 0.00225538155064, 1.29296620344e-06]
    },
    "gfcc": {
        "mean": [-12.0114212036, 80.3943099976, -149.095077515, 31.6949043274, -69.8678283691, 27.3178920746, -21.4644756317, 7.79121780396, -22.8599624634, -0.768657982349, -2.37613153458, -4.32337331772, -3.98012971878],
        "cov": [[4155.06152344, -839.333557129, 1453.45043945, 370.742889404, 378.272186279, 467.441131592, -193.357757568, 541.221679688, -250.801116943, 565.10925293, -253.640151978, 405.624542236, -205.879211426], [-839.333557129, 1588.86242676, -63.4850845337, 396.659820557, 72.2702407837, -52.7088813782, 255.386184692, -196.355026245, 196.695251465, -214.685638428, 300.389068604, -176.153640747, 165.003646851], [1453.45043945, -63.4850845337, 2317.99462891, 710.360168457, 347.684661865, 262.0652771, -373.187896729, 250.268707275, -124.222618103, 401.041473389, -208.148040771, 361.325439453, -105.319839478], [370.742889404, 396.659820557, 710.360168457, 686.229309082, 170.097900391, 101.780639648, -93.0707092285, 27.0261268616, 12.5871086121, 81.132194519, 18.9459266663, 65.2528686523, 32.2373085022], [378.272186279, 72.2702407837, 347.684661865, 170.097900391, 413.464202881, 157.398727417, 136.239135742, 72.556098938, -20.3994636536, 127.462814331, -23.3407154083, 81.7043304443, -61.1524276733], [467.441131592, -52.7088813782, 262.0652771, 101.780639648, 157.398727417, 288.568328857, 95.2658996582, 114.550834656, -33.3748435974, 104.77532959, -26.3091983795, 47.1773719788, -32.6708030701], [-193.357757568, 255.386184692, -373.187896729, -93.0707092285, 136.239135742, 95.2658996582, 404.548339844, 5.91641044617, 69.9714202881, -37.3169136047, 112.277770996, -70.9755783081, 5.9171037674], [541.221679688, -196.355026245, 250.268707275, 27.0261268616, 72.556098938, 114.550834656, 5.91641044617, 235.273361206, 25.1087760925, 125.349388123, -67.3040390015, 66.0364456177, -40.8540229797], [-250.801116943, 196.695251465, -124.222618103, 12.5871086121, -20.3994636536, -33.3748435974, 69.9714202881, 25.1087760925, 218.460708618, -21.1515693665, 47.4810600281, -48.5220909119, 5.53057670593], [565.10925293, -214.685638428, 401.041473389, 81.132194519, 127.462814331, 104.77532959, -37.3169136047, 125.349388123, -21.1515693665, 243.170150757, -55.9803504944, 114.181541443, -86.7412185669], [-253.640151978, 300.389068604, -208.148040771, 18.9459266663, -23.3407154083, -26.3091983795, 112.277770996, -67.3040390015, 47.4810600281, -55.9803504944, 229.960998535, -48.9314460754, 83.8960266113], [405.624542236, -176.153640747, 361.325439453, 65.2528686523, 81.7043304443, 47.1773719788, -70.9755783081, 66.0364456177, -48.5220909119, 114.181541443, -48.9314460754, 177.117370605, -31.9131698608], [-205.879211426, 165.003646851, -105.319839478, 32.2373085022, -61.1524276733, -32.6708030701, 5.9171037674, -40.8540229797, 5.53057670593, -86.7412185669, 83.8960266113, -31.9131698608, 159.766021729]],
        "icov": [[0.000504993891809, 6.43725143163e-05, -2.66783499683e-05, -0.000160971729201, 5.44562817595e-06, -0.000225740441238, 7.30786414351e-05, -0.000765766424593, 0.000476928340504, -0.000311415962642, -0.000121659199067, -0.000276164617389, 0.000179697555723], [6.43725143163e-05, 0.00167975947261, -0.00041809421964, -0.00086970499251, -0.000168543934706, 0.000304322864395, -0.000964106526226, 0.00073869532207, -0.000857596751302, 0.00092120852787, -0.00103683036286, 0.000865304260515, -0.00028254344943], [-2.66783499683e-05, -0.00041809421964, 0.00136176496744, -0.000640162499622, -0.000348478119122, -0.000457440473838, 0.00111384387128, -0.000463539530756, 0.000288566574454, -0.000789779005572, 0.000480804184917, -0.00125696486793, 9.52361078816e-05], [-0.000160971729201, -0.00086970499251, -0.000640162499622, 0.00321179721504, -0.000855610938743, -0.000699271447957, 0.00124889437575, 0.00040512115811, -0.000467839912744, -0.000187943936908, -0.00014768744586, 0.00037825468462, -0.000725176534615], [5.44562817595e-06, -0.000168543934706, -0.000348478119122, -0.000855610938743, 0.00484276888892, -0.000527642085217, -0.00258710002527, 0.000402954261517, 0.000585365516599, -0.00116605102085, 0.000880394305568, -0.00114869547542, 0.000723490898963], [-0.000225740441238, 0.000304322864395, -0.000457440473838, -0.000699271447957, -0.000527642085217, 0.00648228405043, -0.00238923751749, -0.00161544897128, 0.00123351975344, -0.000662746548187, 0.000286271271762, 0.00095721706748, -0.000328284339048], [7.30786414351e-05, -0.000964106526226, 0.00111384387128, 0.00124889437575, -0.00258710002527, -0.00238923751749, 0.00656099338084, -0.0011005649576, -0.000598161597736, 0.000390528352, -0.00184644735418, 0.000232300561038, 0.000817640160676], [-0.000765766424593, 0.00073869532207, -0.000463539530756, 0.00040512115811, 0.000402954261517, -0.00161544897128, -0.0011005649576, 0.00932492129505, -0.00324135250412, -0.00202617584728, 0.00170962547418, 0.00018925475888, -0.00173568748869], [0.000476928340504, -0.000857596751302, 0.000288566574454, -0.000467839912744, 0.000585365516599, 0.00123351975344, -0.000598161597736, -0.00324135250412, 0.0070015611127, -0.000773198960815, -0.00044824637007, 0.000504799943883, 0.00112857902423], [-0.000311415962642, 0.00092120852787, -0.000789779005572, -0.000187943936908, -0.00116605102085, -0.000662746548187, 0.000390528352, -0.00202617584728, -0.000773198960815, 0.0107574928552, -0.00224354304373, -0.00217063748278, 0.00366199109703], [-0.000121659199067, -0.00103683036286, 0.000480804184917, -0.00014768744586, 0.000880394305568, 0.000286271271762, -0.00184644735418, 0.00170962547418, -0.00044824637007, -0.00224354304373, 0.00823481474072, -0.000566899892874, -0.00347817246802], [-0.000276164617389, 0.000865304260515, -0.00125696486793, 0.00037825468462, -0.00114869547542, 0.00095721706748, 0.000232300561038, 0.00018925475888, 0.000504799943883, -0.00217063748278, -0.000566899892874, 0.0110533814877, -0.00104899553116], [0.000179697555723, -0.00028254344943, 9.52361078816e-05, -0.000725176534615, 0.000723490898963, -0.000328284339048, 0.000817640160676, -0.00173568748869, 0.00112857902423, 0.00366199109703, -0.00347817246802, -0.00104899553116, 0.0102933440357]]
    },
    "melbands": {
        "dmean": [0.000582974753343, 0.000539636122994, 0.000137414899655, 0.000162538082805, 0.000192476436496, 0.000132036322611, 0.000102079495264, 0.000153667424456, 0.000134123591124, 0.000135298323585, 0.000168117141584, 0.00016677993699, 0.000222550428589, 0.000165476871189, 8.39198255562e-05, 8.58102212078e-05, 5.31634395884e-05, 2.4268467314e-05, 1.51972881213e-05, 9.45210922509e-06, 7.92497303337e-06, 8.34351340018e-06, 7.96448603069e-06, 7.70638871472e-06, 8.36388699099e-06, 7.05011871105e-06, 6.54366931485e-06, 7.49224591345e-06, 5.68774839849e-06, 3.21918923873e-06, 2.43456338467e-06, 2.32223601415e-06, 1.93529263015e-06, 1.6621602299e-06, 1.45445358157e-06, 1.16273304229e-06, 8.80945606241e-07, 8.53254505273e-07, 6.6594202508e-07, 8.71814677339e-07],
        "dmean2": [0.000902938714717, 0.000916903198231, 0.000234167731833, 0.000262915476924, 0.000291838339763, 0.000207198216231, 0.000163314136444, 0.000243320944719, 0.00021248824487, 0.000218650806346, 0.000264497270109, 0.000264058093308, 0.000343179301126, 0.000263297435595, 0.000130909218569, 0.000134995047119, 8.60352156451e-05, 3.99471973651e-05, 2.47171410592e-05, 1.53971996042e-05, 1.29462650875e-05, 1.37151855597e-05, 1.29709324028e-05, 1.2601409253e-05, 1.37927718242e-05, 1.14279901027e-05, 1.04447753984e-05, 1.17209647215e-05, 8.86866837391e-06, 5.12874794367e-06, 3.90831155528e-06, 3.670846354e-06, 2.96084181173e-06, 2.51773826676e-06, 2.22534686145e-06, 1.79171559012e-06, 1.34886602154e-06, 1.30513785734e-06, 1.00973852568e-06, 1.35785580824e-06],
        "dvar": [2.42265423367e-06, 4.44941679234e-06, 1.71750031086e-07, 2.48096682753e-07, 2.45471795779e-07, 1.55044190819e-07, 9.58163397513e-08, 2.08960713621e-07, 1.65140349395e-07, 1.70769709484e-07, 2.10638745557e-07, 2.04611410481e-07, 3.04842359355e-07, 2.2441312808e-07, 7.17190289379e-08, 5.77226622056e-08, 2.23271658939e-08, 3.68112718085e-09, 1.28306110181e-09, 4.97704488733e-10, 5.10203601589e-10, 6.11628525604e-10, 3.99266397721e-10, 3.08379488612e-10, 3.21383947233e-10, 3.34263949853e-10, 3.35132227525e-10, 2.9263064194e-10, 2.07471914648e-10, 7.94827190176e-11, 6.545763237e-11, 7.61943910743e-11, 4.38098793354e-11, 3.45588800632e-11, 2.43940492806e-11, 1.07857958676e-11, 5.86998678831e-12, 8.92155620213e-12, 6.43401824874e-12, 3.86259461915e-11],
        "dvar2": [5.33521233592e-06, 1.22398587337e-05, 4.68750641858e-07, 6.35805292859e-07, 5.69037695186e-07, 3.45583401895e-07, 2.24895700285e-07, 4.60368653421e-07, 3.81075949463e-07, 4.10189073818e-07, 4.84084409891e-07, 4.90935917696e-07, 6.96552717727e-07, 5.4636331015e-07, 1.63672368103e-07, 1.39799126941e-07, 5.61190489634e-08, 8.79225847683e-09, 3.30233307366e-09, 1.17288212476e-09, 1.12310738487e-09, 1.47342804624e-09, 9.27068533052e-10, 7.76651687406e-10, 8.08521138929e-10, 8.82280637438e-10, 8.46503922514e-10, 6.76556421997e-10, 4.75145978118e-10, 1.85290310872e-10, 1.45110867766e-10, 1.65813154873e-10, 9.13678716019e-11, 7.20220133532e-11, 5.17319936888e-11, 2.34151482925e-11, 1.31852393587e-11, 2.15894351008e-11, 1.3871249635e-11, 1.01613682746e-10],
        "max": [0.0339383594692, 0.0428646057844, 0.00873268768191, 0.0156988762319, 0.00955110695213, 0.0106655620039, 0.00960378814489, 0.0135217392817, 0.0103289643303, 0.0131295872852, 0.00912347063422, 0.0124530699104, 0.0109858065844, 0.0125107364729, 0.00858259946108, 0.00507523817942, 0.00349434698001, 0.00241030100733, 0.000771260645706, 0.000478426547488, 0.00103781674989, 0.000852168363053, 0.000629289250355, 0.000432448810898, 0.000481222989038, 0.000710783759132, 0.000615413009655, 0.000374142138753, 0.000441519485321, 0.000265078910161, 0.000257604580838, 0.00028221795219, 0.000205292992177, 0.000174999862793, 0.000171524705365, 8.68464339874e-05, 8.26261602924e-05, 0.00013231835328, 0.000114596296044, 0.000346367247403],
        "mean": [0.00134136073757, 0.000874777091667, 0.000200590977329, 0.000275958242128, 0.000349403504515, 0.000202805706067, 0.000137971132062, 0.000251823221333, 0.000222851580475, 0.000231597441598, 0.000285391142825, 0.000311831943691, 0.000422907236498, 0.000317302532494, 0.00016325750039, 0.000152711421833, 9.19108861126e-05, 4.10996653954e-05, 2.43246631726e-05, 1.45877784234e-05, 1.20460872495e-05, 1.40933761941e-05, 1.38275026984e-05, 1.36540984386e-05, 1.4822938283e-05, 1.35314458021e-05, 1.196102221e-05, 1.3192341612e-05, 1.02382555269e-05, 5.4328652368e-06, 3.92901438317e-06, 3.73891839445e-06, 3.17379976877e-06, 2.60498904936e-06, 2.38557640841e-06, 1.87155285403e-06, 1.42623503052e-06, 1.27654641346e-06, 9.71261442828e-07, 1.29305306018e-06],
        "median": [0.000588691676967, 0.000368806184269, 0.000112489833555, 8.06244497653e-05, 6.9251320383e-05, 4.16978728026e-05, 3.53036884917e-05, 4.72988285765e-05, 3.98259617214e-05, 4.82568539155e-05, 6.36673139525e-05, 5.83185865253e-05, 7.05757120159e-05, 5.3468211263e-05, 3.38047138939e-05, 3.13943564834e-05, 2.41813813773e-05, 1.73658208951e-05, 1.08471049316e-05, 6.7320229391e-06, 4.83538315166e-06, 5.63422872801e-06, 6.33033732811e-06, 6.51811524222e-06, 7.38099379305e-06, 5.78950903218e-06, 5.23978860656e-06, 5.57708244742e-06, 4.41032079834e-06, 2.66160191131e-06, 1.76543687758e-06, 1.6740970068e-06, 1.44776811339e-06, 1.13617772968e-06, 9.94964238998e-07, 8.0284547721e-07, 6.35085086742e-07, 5.09936683102e-07, 3.00892423866e-07, 1.7695417398e-07],
        "min": [1.5637556354e-14, 2.62218954097e-15, 1.02601736176e-15, 1.05472066136e-15, 1.08625379216e-15, 1.74590505203e-15, 1.60424429732e-15, 3.6623845402e-15, 5.8477265795e-15, 1.30764194655e-15, 1.7560481657e-15, 9.52273911039e-15, 1.51828419628e-14, 1.32025297541e-14, 1.25731902036e-14, 1.55105623983e-14, 5.95178203597e-15, 1.59042559006e-15, 3.29741921905e-15, 2.37437438214e-15, 8.65808226624e-16, 3.18670777768e-15, 2.06968477255e-15, 1.96177658672e-15, 3.98312627117e-15, 8.93958741939e-15, 5.79402638471e-15, 3.6511113787e-15, 1.86619950653e-15, 2.1649370156e-15, 2.44124615102e-15, 3.16997188895e-15, 8.09121277195e-15, 2.91961944292e-15, 3.39476977447e-15, 3.35268134259e-15, 3.12434540045e-15, 3.66410825224e-15, 2.96746939291e-15, 2.31078804231e-15],
        "var": [6.43583553028e-06, 3.80805749955e-06, 1.48710839198e-07, 4.24608771254e-07, 6.49565095046e-07, 3.07277304046e-07, 1.38531262905e-07, 5.93741674493e-07, 4.3789586357e-07, 4.23506918423e-07, 5.45812895325e-07, 6.65969707825e-07, 1.0607996046e-06, 7.76127876634e-07, 3.23706558447e-07, 1.69832972574e-07, 5.10005904175e-08, 7.12085768129e-09, 1.73893821565e-09, 7.12698455807e-10, 9.06828667713e-10, 1.48582135484e-09, 7.9201251113e-10, 5.64805202607e-10, 5.31920396618e-10, 6.32927377175e-10, 5.71656333381e-10, 5.34074229286e-10, 3.58787388688e-10, 1.20086038335e-10, 9.1413189518e-11, 1.13691014936e-10, 7.11390182873e-11, 5.44901658517e-11, 3.91668399102e-11, 1.78545806612e-11, 8.93017170628e-12, 1.19667522419e-11, 1.09968232437e-11, 8.88899440166e-11]
    },
    "mfcc": {
        "mean": [-639.566894531, 99.4519119263, -16.1905117035, 7.47948789597, -13.738776207, 10.0964689255, 12.3289670944, 8.21186065674, -4.02894544601, 5.79005098343, -0.736196696758, 2.21976256371, -1.64863216877],
        "cov": [[2993.68139648, -421.213256836, 419.218811035, 176.72026062, 291.441833496, 157.892745972, 178.47052002, 109.914405823, 131.981719971, 109.922447205, 105.413551331, 109.80582428, 144.781265259], [-421.213256836, 855.972045898, 138.707504272, 213.536437988, 48.7991790771, 98.4475708008, 120.274139404, 59.0971183777, -19.661819458, 56.9346923828, -1.07163131237, 48.5769424438, 22.1662960052], [419.218811035, 138.707504272, 1559.23022461, 580.167419434, 591.233886719, 197.161437988, -31.8159942627, -24.1610507965, 57.5148124695, -47.6559677124, 23.9529743195, 60.5017166138, 114.902587891], [176.72026062, 213.536437988, 580.167419434, 555.678894043, 323.56137085, 152.62046814, 39.2483177185, 8.45125865936, 15.0506763458, 3.03352713585, -6.74109554291, 67.3997344971, 65.5150222778], [291.441833496, 48.7991790771, 591.233886719, 323.56137085, 437.292602539, 137.402664185, 33.0963859558, 6.73104476929, 60.2219848633, -4.64727401733, 28.1445274353, 27.3022975922, 63.8656768799], [157.892745972, 98.4475708008, 197.161437988, 152.62046814, 137.402664185, 253.286148071, 131.615264893, 52.1610717773, 39.3206672668, 22.1530914307, 65.5496292114, 24.4078998566, 37.6975250244], [178.47052002, 120.274139404, -31.8159942627, 39.2483177185, 33.0963859558, 131.615264893, 317.046081543, 55.7763252258, 35.1727714539, 37.4335365295, 25.4460716248, 30.7545204163, 46.8803405762], [109.914405823, 59.0971183777, -24.1610507965, 8.45125865936, 6.73104476929, 52.1610717773, 55.7763252258, 141.54788208, 61.3338317871, 44.5244216919, 36.5818367004, 23.9472103119, 22.3499088287], [131.981719971, -19.661819458, 57.5148124695, 15.0506763458, 60.2219848633, 39.3206672668, 35.1727714539, 61.3338317871, 164.590148926, 44.4070854187, 66.9120483398, 13.6948318481, 8.5650177002], [109.922447205, 56.9346923828, -47.6559677124, 3.03352713585, -4.64727401733, 22.1530914307, 37.4335365295, 44.5244216919, 44.4070854187, 132.088943481, 55.1966362, 30.6583213806, 5.62607765198], [105.413551331, -1.07163131237, 23.9529743195, -6.74109554291, 28.1445274353, 65.5496292114, 25.4460716248, 36.5818367004, 66.9120483398, 55.1966362, 171.35168457, 50.3241920471, 31.1489963531], [109.80582428, 48.5769424438, 60.5017166138, 67.3997344971, 27.3022975922, 24.4078998566, 30.7545204163, 23.9472103119, 13.6948318481, 30.6583213806, 50.3241920471, 115.425209045, 53.4572944641], [144.781265259, 22.1662960052, 114.902587891, 65.5150222778, 63.8656768799, 37.6975250244, 46.8803405762, 22.3499088287, 8.5650177002, 5.62607765198, 31.1489963531, 53.4572944641, 134.845016479]],
