{
"lowlevel": {
    "average_loudness": 0.586928665638,
    "barkbands_crest": {
        "dmean": 2.44414520264,
        "dmean2": 3.96762490273,
        "dvar": 5.9139714241,
        "dvar2": 14.237569809,
        "max": 26.5531082153,
        "mean": 12.5040340424,
        "median": 11.6169300079,
        "min": 2.58809018135,
        "var": 27.4036579132
    },
    "barkbands_flatness_db": {
        "dmean": 0.021239798516,
        "dmean2": 0.0320486202836,
        "dvar": 0.000509981589857,
        "dvar2": 0.00104691879824,
        "max": 0.467057615519,
        "mean": 0.206283375621,
        "median": 0.20202241838,
        "min": 0.0391121767461,
        "var": 0.00569436093792
    },
    "barkbands_kurtosis": {
        "dmean": 5.0091586113,
        "dmean2": 7.91644287109,
        "dvar": 158.775405884,
        "dvar2": 365.638214111,
        "max": 456.890197754,
        "mean": 9.48384094238,
        "median": 3.53518199921,
        "min": -1.94990241528,
        "var": 415.5234375
    },
    "barkbands_skewness": {
        "dmean": 0.613609373569,
        "dmean2": 0.933075964451,
        "dvar": 0.555459082127,
        "dvar2": 1.2047816515,
        "max": 17.4059486389,
        "mean": 1.50878763199,
        "median": 1.37065637112,
        "min": -5.68218851089,
        "var": 3.48631954193
    },
    "barkbands_spread": {
        "dmean": 3.68140769005,
        "dmean2": 5.64970541,
        "dvar": 45.2932090759,
        "dvar2": 93.8109436035,
        "max": 120.745040894,
        "mean": 13.1006450653,
        "median": 8.7074098587,
        "min": 0.206173732877,
        "var": 200.110275269
    },
    "dissonance": {
        "dmean": 0.0352063030005,
        "dmean2": 0.0593005418777,
        "dvar": 0.00152026594151,
        "dvar2": 0.00399641832337,
        "max": 0.500000119209,
        "mean": 0.424911260605,
        "median": 0.446610182524,
        "min": 0.117970086634,
        "var": 0.00473815249279
    },
    "dynamic_complexity": 5.01942157745,
    "erbbands_crest": {
        "dmean": 3.02219009399,
        "dmean2": 4.75308561325,
        "dvar": 9.11889457703,
        "dvar2": 19.9187431335,
        "max": 33.6959152222,
        "mean": 14.0378437042,
        "median": 11.8666334152,
        "min": 2.5786087513,
        "var": 57.161315918
    },
    "erbbands_flatness_db": {
        "dmean": 0.0198917072266,
        "dmean2": 0.0288333352655,
        "dvar": 0.000498348206747,
        "dvar2": 0.000865801877808,
        "max": 0.478299587965,
        "mean": 0.222664147615,
        "median": 0.217206194997,
        "min": 0.029495023191,
        "var": 0.00546417478472
    },
    "erbbands_kurtosis": {
        "dmean": 3.47596287727,
        "dmean2": 5.24206447601,
        "dvar": 54.0025405884,
        "dvar2": 112.200408936,
        "max": 186.597732544,
        "mean": 7.18535089493,
        "median": 2.18606376648,
        "min": -1.93518567085,
        "var": 214.098068237
    },
    "erbbands_skewness": {
        "dmean": 0.503211081028,
        "dmean2": 0.762887239456,
        "dvar": 0.336570978165,
        "dvar2": 0.676922976971,
        "max": 9.39138126373,
        "mean": 1.15638279915,
        "median": 0.963245391846,
        "min": -6.2494764328,
        "var": 2.006960392
    },
    "erbbands_spread": {
        "dmean": 6.4399189949,
        "dmean2": 9.69643497467,
        "dvar": 94.2110900879,
        "dvar2": 199.707504272,
        "max": 163.670852661,
        "mean": 24.2315540314,
        "median": 18.3481807709,
        "min": 0.509262621403,
        "var": 441.346984863
    },
    "hfc": {
        "dmean": 4.20760536194,
        "dmean2": 6.00059938431,
        "dvar": 59.4028434753,
        "dvar2": 104.870262146,
        "max": 210.011566162,
        "mean": 15.2138996124,
        "median": 8.74588298798,
        "min": 1.14072878387e-16,
        "var": 294.491088867
    },
    "melbands_crest": {
        "dmean": 2.98568153381,
        "dmean2": 4.8564414978,
        "dvar": 7.97010087967,
        "dvar2": 19.946937561,
        "max": 34.7398796082,
        "mean": 15.9048080444,
        "median": 15.2059087753,
        "min": 2.32643938065,
        "var": 36.7914886475
    },
    "melbands_flatness_db": {
        "dmean": 0.0234878938645,
        "dmean2": 0.0350619703531,
        "dvar": 0.000648154586088,
        "dvar2": 0.00131171674002,
        "max": 0.588019967079,
        "mean": 0.273401498795,
        "median": 0.272048860788,
        "min": 0.00843905843794,
        "var": 0.00950162205845
    },
    "melbands_kurtosis": {
        "dmean": 6.92232656479,
        "dmean2": 11.0708217621,
        "dvar": 175.281204224,
        "dvar2": 433.866119385,
        "max": 340.078369141,
        "mean": 14.1173419952,
        "median": 6.28803443909,
        "min": -1.92002284527,
        "var": 558.730041504
    },
    "melbands_skewness": {
        "dmean": 0.690222978592,
        "dmean2": 1.06866407394,
        "dvar": 0.627024292946,
        "dvar2": 1.42521691322,
        "max": 15.5481052399,
        "mean": 1.99413001537,
        "median": 1.81294703484,
        "min": -2.81794500351,
        "var": 4.0059967041
    },
    "melbands_spread": {
        "dmean": 5.19636058807,
        "dmean2": 7.84964370728,
        "dvar": 162.463699341,
        "dvar2": 308.389312744,
        "max": 251.166778564,
        "mean": 17.1089134216,
        "median": 10.9125947952,
        "min": 0.357836961746,
        "var": 605.55657959
    },
    "pitch_salience": {
        "dmean": 0.0650720670819,
        "dmean2": 0.106291390955,
        "dvar": 0.00390542950481,
        "dvar2": 0.009815919213,
        "max": 0.887809813023,
        "mean": 0.517238259315,
        "median": 0.520950078964,
        "min": 0.0668219849467,
        "var": 0.0204258263111
    },
    "silence_rate_20dB": {
        "dmean": 0,
        "dmean2": 0,
        "dvar": 0,
        "dvar2": 0,
        "max": 1,
        "mean": 1,
        "median": 1,
        "min": 1,
        "var": 0
    },
    "silence_rate_30dB": {
        "dmean": 0.000939628866035,
        "dmean2": 0.00187947845552,
        "dvar": 0.000938790151849,
        "dvar2": 0.00211093900725,
        "max": 1,
        "mean": 0.998590707779,
        "median": 1,
        "min": 0,
        "var": 0.00140724144876
    },
    "silence_rate_60dB": {
        "dmean": 0.0324171967804,
        "dmean2": 0.0648420080543,
        "dvar": 0.0313671194017,
        "dvar2": 0.0742694213986,
        "max": 1,
        "mean": 0.173928365111,
        "median": 0,
        "min": 0,
        "var": 0.143690943718
    },
    "spectral_centroid": {
        "dmean": 177.506484985,
        "dmean2": 261.265838623,
        "dvar": 109888.984375,
        "dvar2": 178890.296875,
        "max": 10500.4892578,
        "mean": 984.604370117,
        "median": 672.371643066,
        "min": 179.077514648,
        "var": 608174.6875
    },
    "spectral_complexity": {
        "dmean": 1.90462768078,
        "dmean2": 3.05321264267,
        "dvar": 5.14487075806,
        "dvar2": 11.0542850494,
        "max": 50,
        "mean": 10.462477684,
        "median": 9,
        "min": 0,
        "var": 57.9009170532
    },
    "spectral_decrease": {
        "dmean": 1.52289014732e-09,
        "dmean2": 2.40030617604e-09,
        "dvar": 6.40115123231e-18,
        "dvar2": 1.59356510444e-17,
        "max": -5.72134744688e-29,
        "mean": -5.76298164745e-09,
        "median": -4.50015180675e-09,
        "min": -3.83196478992e-08,
        "var": 2.82237300638e-17
    },
    "spectral_energy": {
        "dmean": 0.00606531882659,
        "dmean2": 0.00951371528208,
        "dvar": 9.82643832685e-05,
        "dvar2": 0.000242839189013,
        "max": 0.151005849242,
        "mean": 0.0231307502836,
        "median": 0.0180764850229,
        "min": 1.05626771774e-20,
        "var": 0.000443665398052
    },
    "spectral_energyband_high": {
        "dmean": 0.000191676983377,
        "dmean2": 0.000258359359577,
        "dvar": 5.75640228817e-07,
        "dvar2": 8.73673684509e-07,
        "max": 0.0237838570029,
        "mean": 0.000428273109719,
        "median": 4.87813049403e-05,
        "min": 7.66376779079e-21,
        "var": 1.93848904928e-06
    },
    "spectral_energyband_low": {
        "dmean": 0.00205044983886,
        "dmean2": 0.00348780630156,
        "dvar": 2.5410854505e-05,
        "dvar2": 7.27294536773e-05,
        "max": 0.109512940049,
        "mean": 0.0054347505793,
        "median": 0.00181494257413,
        "min": 5.77612726936e-23,
        "var": 5.56823142688e-05
    },
    "spectral_energyband_middle_high": {
        "dmean": 0.00127991172485,
        "dmean2": 0.00185231736396,
        "dvar": 1.23255813378e-05,
        "dvar2": 2.31848280237e-05,
        "max": 0.11531663686,
        "mean": 0.0038653369993,
        "median": 0.000891808187589,
        "min": 1.67491886457e-21,
        "var": 6.47827473585e-05
    },
    "spectral_energyband_middle_low": {
        "dmean": 0.00450543127954,
        "dmean2": 0.00705023296177,
        "dvar": 6.92596149747e-05,
        "dvar2": 0.000172463463969,
        "max": 0.130593150854,
        "mean": 0.0141615848988,
        "median": 0.00750453863293,
        "min": 4.11372811961e-22,
        "var": 0.000274308637017
    },
    "spectral_entropy": {
        "dmean": 0.189833417535,
        "dmean2": 0.273339688778,
        "dvar": 0.047614928335,
        "dvar2": 0.0817829668522,
        "max": 9.80961322784,
        "mean": 6.95842266083,
        "median": 7.01976156235,
        "min": 4.47070789337,
        "var": 0.642743945122
    },
    "spectral_flux": {
        "dmean": 0.0214791409671,
        "dmean2": 0.0346490256488,
        "dvar": 0.000816758838482,
        "dvar2": 0.00192847312428,
        "max": 0.315734177828,
        "mean": 0.065368309617,
        "median": 0.0550930500031,
        "min": 1.02774885824e-10,
        "var": 0.00216720416211
    },
    "spectral_kurtosis": {
        "dmean": 2.86163401604,
        "dmean2": 4.63807582855,
        "dvar": 13.7314376831,
        "dvar2": 35.5328369141,
        "max": 103.153587341,
        "mean": 9.20141983032,
        "median": 6.2529258728,
        "min": -1.34332513809,
        "var": 73.6360015869
    },
    "spectral_rms": {
        "dmean": 0.000588417460676,
        "dmean2": 0.000909588299692,
        "dvar": 5.95360290845e-07,
        "dvar2": 1.34253946271e-06,
        "max": 0.0121376598254,
        "mean": 0.0041925329715,
        "median": 0.00419947551563,
        "min": 3.21014807618e-12,
        "var": 4.98937197335e-06
    },
    "spectral_rolloff": {
        "dmean": 322.430145264,
        "dmean2": 530.161621094,
        "dvar": 804479.3125,
        "dvar2": 1618924.125,
        "max": 18626.2207031,
        "mean": 1262.71508789,
        "median": 645.99609375,
        "min": 86.1328125,
        "var": 3585266.75
    },
    "spectral_skewness": {
        "dmean": 0.30497699976,
        "dmean2": 0.462919235229,
        "dvar": 0.0998320579529,
        "dvar2": 0.208231955767,
        "max": 8.79335594177,
        "mean": 2.25037026405,
        "median": 2.00998592377,
        "min": -0.467992693186,
        "var": 1.11479985714
    },
    "spectral_spread": {
        "dmean": 503132,
        "dmean2": 734554.75,
        "dvar": 549973852160,
        "dvar2": 888515854336,
        "max": 40165928,
        "mean": 4109440.5,
        "median": 3605854,
        "min": 935423.4375,
        "var": 3.92835602842e+12
    },
    "spectral_strongpeak": {
        "dmean": 0.565983235836,
        "dmean2": 0.902030348778,
        "dvar": 0.889914691448,
        "dvar2": 1.94839894772,
        "max": 14.0779504776,
        "mean": 1.52996945381,
        "median": 0.534515082836,
        "min": 0,
        "var": 3.54182314873
    },
    "zerocrossingrate": {
        "dmean": 0.00795369688421,
        "dmean2": 0.00871283467859,
        "dvar": 0.000249037548201,
        "dvar2": 0.000213479201193,
        "max": 0.65625,
        "mean": 0.0502375178039,
        "median": 0.03271484375,
        "min": 0.00439453125,
        "var": 0.0029273245018
    },
    "barkbands": {
        "dmean": [9.84932339634e-05, 0.00138045358472, 0.000873962184414, 0.000768291589338, 0.00114440417383, 0.000592884025536, 0.000542988302186, 0.00178726669401, 0.00156125950161, 0.000598646118306, 0.000537860847544, 0.000359999918146, 0.000217800043174, 0.000176811474375, 9.73676942522e-05, 6.2250161136e-05, 6.93633774063e-05, 5.43471360288e-05, 7.37762165954e-05, 5.87105205341e-05, 4.626448208e-05, 4.38793867943e-05, 3.56326781912e-05, 3.46875858668e-05, 3.54490766767e-05, 7.28176928533e-06, 8.16566682715e-07],
        "dmean2": [0.000170569968759, 0.00239554489963, 0.00150787259918, 0.00133117171936, 0.00195601256564, 0.000990688917227, 0.00084616796812, 0.00259724655189, 0.0022067015525, 0.00093147874577, 0.000802436145023, 0.000518334389199, 0.000332227558829, 0.000273549143458, 0.000149175204569, 9.40628306125e-05, 0.000109869411972, 8.47831033752e-05, 0.000111278146505, 8.81379892235e-05, 6.7824483267e-05, 6.63311730023e-05, 5.01640570292e-05, 4.97498003824e-05, 4.99683774251e-05, 1.05880681076e-05, 1.28688611767e-06],
        "dvar": [1.45837745436e-07, 1.42926573972e-05, 5.16219006386e-06, 3.32338458975e-06, 9.06737204787e-06, 7.5747716437e-06, 2.76302421298e-06, 1.99862079171e-05, 2.06353233807e-05, 6.86370776748e-06, 4.01680745199e-06, 2.56890075434e-06, 1.00313388884e-06, 4.94399557738e-07, 2.21189452532e-07, 7.69325581018e-08, 9.70684155277e-08, 4.84406399437e-08, 5.99911160748e-08, 5.4417103712e-08, 3.29743201632e-08, 6.54410499124e-08, 3.59563649965e-08, 5.2611930812e-08, 4.43724594845e-08, 1.29406529936e-09, 4.0307500393e-11],
        "dvar2": [4.07771352684e-07, 4.20807700721e-05, 1.49756951942e-05, 9.44365183386e-06, 2.60866218014e-05, 2.1933534299e-05, 6.9176830948e-06, 3.94377893826e-05, 3.77723299607e-05, 1.38303503263e-05, 8.15326711745e-06, 4.66061192128e-06, 2.04740013032e-06, 1.03665217921e-06, 4.23570782004e-07, 1.49562382035e-07, 2.32025456626e-07, 1.12250056361e-07, 1.27434503838e-07, 1.2720160214e-07, 5.88359938547e-08, 1.38178407383e-07, 6.00697518394e-08, 1.00010119297e-07, 7.53708491175e-08, 2.49166842714e-09, 9.62386559333e-11],
        "max": [0.0152699071914, 0.0720067918301, 0.0463510379195, 0.0385844111443, 0.0508295558393, 0.0990084931254, 0.0453016087413, 0.0918679013848, 0.0908154919744, 0.103078402579, 0.0519134551287, 0.0684192329645, 0.0397465266287, 0.0361082740128, 0.0213879179209, 0.00899467617273, 0.0116527192295, 0.00743014551699, 0.011722878553, 0.0118103269488, 0.00813021324575, 0.0141590787098, 0.00648091174662, 0.0118458867073, 0.00921501964331, 0.00106013333425, 0.000359983881935],
        "mean": [0.000388470274629, 0.0032833465375, 0.00124740577303, 0.00112066604197, 0.00220268359408, 0.00106482906267, 0.00093955534976, 0.00460512982681, 0.00377411488444, 0.00105846056249, 0.00105265562888, 0.000604129803833, 0.000405577564379, 0.000312686315738, 0.000163663644344, 9.49742170633e-05, 0.000116849158076, 9.30988171604e-05, 0.000135758164106, 0.0001115227642, 7.99245535745e-05, 7.26387661416e-05, 6.75279952702e-05, 5.88179391343e-05, 6.15754688624e-05, 1.3067726286e-05, 1.64136667991e-06],
        "median": [3.45531248058e-06, 0.000206242431886, 0.000297879683785, 0.000396254356019, 0.000976373732556, 0.000319725688314, 0.000195276908926, 0.000338236131938, 0.000186740726349, 0.000121234545077, 7.79945985414e-05, 8.0278441601e-05, 3.76233911084e-05, 2.8942073186e-05, 1.33048451971e-05, 9.33862065722e-06, 8.70119583851e-06, 9.4318183983e-06, 1.45461890497e-05, 9.77816125669e-06, 6.92648609402e-06, 6.40248617856e-06, 5.53210793441e-06, 6.314777238e-06, 3.78958247893e-06, 1.0843069731e-06, 6.62195276391e-08],
        "min": [6.96524972923e-24, 5.6621899589e-24, 2.57487134027e-23, 2.475850364e-23, 2.57474670024e-23, 5.8817986586e-23, 1.59963115991e-23, 1.26112883133e-22, 8.36885368736e-23, 1.23808248086e-22, 4.33367995803e-23, 1.13690305494e-22, 4.53195793775e-23, 2.18448054969e-22, 5.74688514224e-23, 1.49324806036e-22, 2.03642183385e-22, 2.45422377384e-22, 3.75386921218e-22, 2.85550784999e-22, 6.98954289013e-22, 3.87432814619e-22, 5.65816126203e-22, 8.20114993684e-22, 1.04770270275e-21, 1.91024599331e-21, 2.17135213718e-21],
        "var": [6.09723997513e-07, 2.63690908469e-05, 6.02381760473e-06, 4.51387040812e-06, 1.31658698592e-05, 6.89714488544e-06, 5.43664191355e-06, 0.000106439023511, 0.000112174886453, 1.81986706593e-05, 1.44780369737e-05, 6.14867167315e-06, 2.2025715225e-06, 1.43052409385e-06, 5.21273420873e-07, 1.56813129593e-07, 2.03172959345e-07, 8.98308201158e-08, 1.37990411986e-07, 1.30598252213e-07, 8.58700062167e-08, 1.2872490629e-07, 1.08000470789e-07, 1.05970116238e-07, 1.0326935751e-07, 3.40968009382e-09, 1.98637717386e-10]
    },
    "erbbands": {
        "dmean": [0.0412512533367, 0.320989251137, 0.892431139946, 1.74375212193, 3.77877426147, 3.72151470184, 4.63101243973, 4.75211429596, 5.91461610794, 19.1860675812, 39.8807907104, 38.0571327209, 21.1025333405, 15.3526754379, 20.0366706848, 12.6688013077, 9.71580791473, 9.27262020111, 5.40175151825, 4.33237361908, 2.82617807388, 3.63862943649, 2.55808591843, 3.69423627853, 2.98987102509, 2.82830834389, 2.20255494118, 1.63152694702, 1.61691343784, 1.34945690632, 1.00683140755, 0.684294402599, 0.617915809155, 0.486908406019, 0.209244057536, 0.0481973364949, 0.0119524179026, 0.00154572806787, 0.000176441288204, 1.23067275126e-05],
        "dmean2": [0.0717732608318, 0.55658608675, 1.57444787025, 2.95014405251, 6.73016548157, 6.24153089523, 7.678358078, 7.8922162056, 9.33350563049, 29.2093048096, 54.4803848267, 51.5020904541, 32.0854454041, 22.6120414734, 28.9317455292, 17.4353027344, 14.1883773804, 13.9415435791, 8.19668865204, 6.48884153366, 4.2859582901, 5.70992136002, 3.95555591583, 5.64386558533, 4.43399238586, 4.21588468552, 3.28394699097, 2.35278248787, 2.49705815315, 1.93496251106, 1.42536973953, 0.966969192028, 0.897732377052, 0.705417513847, 0.295411795378, 0.0687678977847, 0.0176392104477, 0.00231027812697, 0.00027450255584, 1.92220377357e-05],
        "dvar": [0.0102746477351, 0.886802196503, 6.6252579689, 15.0650262833, 108.209999084, 92.1037445068, 257.306335449, 532.482971191, 494.580810547, 2806.21533203, 9824.14257812, 12899.5800781, 7416.66455078, 2993.09692383, 5692.49121094, 2556.35009766, 1204.85998535, 1391.79602051, 452.373046875, 390.88067627, 124.679702759, 316.518615723, 95.0909957886, 138.299209595, 110.325080872, 137.307296753, 61.1680450439, 61.6966018677, 90.9474716187, 64.5387802124, 26.760225296, 16.1210575104, 19.4920825958, 8.23358345032, 1.74432146549, 0.0689845755696, 0.0040007927455, 7.32691478333e-05, 1.84506268397e-06, 2.06013561765e-09],
        "dvar2": [0.0323109291494, 2.5380666256, 19.3696117401, 41.0579681396, 322.570007324, 255.631713867, 755.850158691, 1502.09301758, 1304.66699219, 6285.50292969, 17173.1875, 21609.7675781, 15396.7978516, 5766.15039062, 10747.9091797, 3614.14257812, 2191.67822266, 2666.85253906, 912.967834473, 797.574279785, 264.088409424, 762.531311035, 218.880279541, 296.848052979, 223.219711304, 310.906677246, 118.141456604, 119.502410889, 207.169235229, 111.037445068, 45.7281837463, 28.8713874817, 38.4930305481, 14.8351249695, 3.02206659317, 0.121003456414, 0.00869492255151, 0.00017008712166, 4.77353250972e-06, 5.50486323192e-09],
        "max": [1.77757120132, 19.1968822479, 51.8183059692, 93.5787353516, 240.69480896, 166.12979126, 589.94128418, 774.517700195, 776.653564453, 1240.54626465, 2155.60327148, 2614.06811523, 3657.30932617, 2419.25439453, 2449.13500977, 3099.52368164, 1374.83703613, 2117.26928711, 1239.69970703, 782.050048828, 431.925750732, 728.384887695, 357.252868652, 549.054748535, 472.48550415, 685.300231934, 322.624938965, 482.663818359, 401.788208008, 439.817016602, 192.26260376, 168.355606079, 217.833007812, 111.732086182, 64.3614273071, 10.380437851, 2.19877147675, 0.51403439045, 0.0800576731563, 0.00251445733011],
        "mean": [0.128085523844, 0.598955571651, 1.33060455322, 2.8756673336, 5.57974624634, 7.26294088364, 8.60481452942, 8.36530208588, 11.0410585403, 46.8088302612, 105.740959167, 98.6595077515, 38.3569335938, 29.5852298737, 43.6434707642, 24.9996452332, 19.9314193726, 18.438867569, 10.2740221024, 7.441198349, 5.08483457565, 6.3015370369, 4.87633943558, 6.83359289169, 5.88797616959, 5.47686576843, 4.21938753128, 2.7393553257, 2.6088449955, 2.375010252, 1.86650490761, 1.22910952568, 0.998991549015, 0.825639605522, 0.353165388107, 0.0826729014516, 0.02119086124, 0.00282505131327, 0.000370041030692, 3.89849483327e-05],
        "median": [0.00190447247587, 0.0673331394792, 0.394785255194, 1.10001826286, 2.23970270157, 3.13252925873, 3.33733415604, 2.47968959808, 3.27091288567, 7.17857456207, 9.45128726959, 6.7083978653, 5.64775419235, 3.72454190254, 4.26265144348, 4.65390777588, 2.77251625061, 1.96818864346, 1.04525732994, 0.801297903061, 0.547885715961, 0.491803973913, 0.500270247459, 0.949460208416, 0.50729227066, 0.480705499649, 0.383969336748, 0.229311287403, 0.240790516138, 0.171385735273, 0.171585604548, 0.139915987849, 0.0911141857505, 0.0530545897782, 0.0202619228512, 0.00540656130761, 0.00185882975347, 0.000257141335169, 3.20021572406e-05, 2.51000328717e-05],
        "min": [3.09525567952e-22, 1.19592484532e-21, 1.78627924603e-20, 8.45123452509e-20, 2.17471873804e-20, 7.64615255959e-20, 4.73823789025e-19, 4.12997295325e-19, 2.58157899299e-19, 1.79300662194e-18, 1.75141536035e-18, 1.71650058368e-18, 4.0865245161e-18, 2.43784023154e-18, 3.45398446476e-18, 4.02656591581e-18, 1.99790277518e-18, 7.74256438909e-18, 6.58867886744e-18, 4.51109564501e-18, 9.18767787054e-18, 1.35129680705e-17, 1.28858468793e-17, 1.95066675038e-17, 1.73123624795e-17, 1.1861865937e-17, 2.47882454935e-17, 2.35240140781e-17, 1.55587958292e-17, 1.35007497856e-17, 1.94706537143e-17, 1.13742793618e-17, 1.53328729516e-17, 1.05480607603e-17, 9.62228435464e-18, 6.50524239982e-18, 3.54286088568e-18, 1.14553027368e-18, 3.08218637326e-19, 3.54023737897e-20],
        "var": [0.032868411392, 1.31722438335, 7.10535860062, 24.5122928619, 121.212844849, 145.205551147, 299.465026855, 482.531402588, 719.916931152, 12358.3378906, 57957.9101562, 83237.6015625, 17893.9335938, 9634.95800781, 23081.484375, 9407.67285156, 3832.12963867, 5232.97753906, 1331.74621582, 766.214904785, 295.980316162, 639.994995117, 223.286437988, 327.252838135, 313.712005615, 339.828918457, 169.247695923, 144.509017944, 156.941040039, 160.263290405, 78.2420043945, 37.3054466248, 36.3106918335, 18.8837680817, 3.65711212158, 0.15800729394, 0.0107206702232, 0.000227338940022, 9.28525696509e-06, 9.10067132764e-09]
    },
    "gfcc": {
        "mean": [-76.749710083, 105.845466614, -110.121063232, 7.89253234863, -73.3165817261, 8.43674564362, -31.9509105682, 3.92273926735, -27.8338661194, -3.27837300301, -13.5745534897, -9.61801338196, -13.9175958633],
        "cov": [[6580.99072266, -994.596801758, -191.75730896, 420.86605835, -42.9681510925, 553.781921387, 201.094680786, 657.87713623, 178.456573486, 321.021453857, 181.60786438, 54.7479972839, 69.3540344238], [-994.596801758, 3148.9296875, 1208.97070312, 136.002883911, 581.528381348, 8.54546356201, 404.09173584, -88.0802993774, 320.940704346, 9.09953594208, 380.035827637, -116.473548889, 96.9994812012], [-191.75730896, 1208.97070312, 1984.61450195, 512.183105469, 212.195404053, 179.99520874, -24.6943912506, 27.9676322937, 92.0901947021, 80.033744812, 125.217376709, 13.7802524567, 10.7823057175], [420.86605835, 136.002883911, 512.183105469, 815.517028809, 193.894058228, 81.279838562, -63.336315155, -15.0241479874, -47.4133834839, 9.88157558441, 1.1374912262, 100.743911743, 125.557098389], [-42.9681510925, 581.528381348, 212.195404053, 193.894058228, 415.417480469, 116.601974487, 142.376266479, 51.3785667419, 96.0081787109, 43.1815452576, 85.6870117188, 24.4698104858, 84.3879470825], [553.781921387, 8.54546356201, 179.99520874, 81.279838562, 116.601974487, 359.552093506, 149.997955322, 127.526794434, 96.5824966431, 94.5357437134, 51.2301940918, -0.788555264473, -6.44949626923], [201.094680786, 404.09173584, -24.6943912506, -63.336315155, 142.376266479, 149.997955322, 350.222412109, 119.070251465, 162.358047485, 89.9200363159, 110.318031311, -32.4037628174, -15.6237230301], [657.87713623, -88.0802993774, 27.9676322937, -15.0241479874, 51.3785667419, 127.526794434, 119.070251465, 303.681884766, 161.381546021, 117.121337891, 61.7765655518, -2.93756437302, -14.8848667145], [178.456573486, 320.940704346, 92.0901947021, -47.4133834839, 96.0081787109, 96.5824966431, 162.358047485, 161.381546021, 288.603118896, 115.495780945, 81.5291671753, -18.6391468048, -29.434469223], [321.021453857, 9.09953594208, 80.033744812, 9.88157558441, 43.1815452576, 94.5357437134, 89.9200363159, 117.121337891, 115.495780945, 178.501052856, 77.2629699707, 15.7065677643, -24.3913269043], [181.60786438, 380.035827637, 125.217376709, 1.1374912262, 85.6870117188, 51.2301940918, 110.318031311, 61.7765655518, 81.5291671753, 77.2629699707, 185.370529175, 17.1481246948, 5.96895456314], [54.7479972839, -116.473548889, 13.7802524567, 100.743911743, 24.4698104858, -0.788555264473, -32.4037628174, -2.93756437302, -18.6391468048, 15.7065677643, 17.1481246948, 128.235534668, 43.5537109375], [69.3540344238, 96.9994812012, 10.7823057175, 125.557098389, 84.3879470825, -6.44949626923, -15.6237230301, -14.8848667145, -29.434469223, -24.3913269043, 5.96895456314, 43.5537109375, 145.918136597]],
        "icov": [[0.000252066005487, 3.35240547429e-05, 7.964278484e-05, -0.000199148213142, 0.000224887713557, -0.000276502076304, 3.75169183826e-05, -0.000464952725451, 0.000112434565381, -9.13755575311e-05, -0.000282739347313, 0.000154648529133, -0.000189495054656], [3.35240547429e-05, 0.00143694481812, -0.000791680882685, 0.000214466504985, -0.00108465179801, 0.000923332234379, -0.00105277227703, 0.00125047843903, -0.00127040932421, 0.00115192309022, -0.00201426027343, 0.00140286935493, -0.000814306316897], [7.964278484e-05, -0.000791680882685, 0.00118697760627, -0.000653067138046, 0.000541717396118, -0.000915273965802, 0.00106200866867, -0.000714316032827, 0.000466773868538, -0.00067226291867, 0.000442503078375, -0.000380467623472, 0.000726995698642], [-0.000199148213142, 0.000214466504985, -0.000653067138046, 0.00221696356311, -0.00102106807753, 0.000121794597362, 7.61585106375e-05, 0.000549337652046, 0.00013749981008, -4.78262336401e-05, 0.000464176642708, -0.0008648323128, -0.000988297979347], [0.000224887713557, -0.00108465179801, 0.000541717396118, -0.00102106807753, 0.00507926568389, -0.0014857754577, -0.000356408592779, -0.00107219093479, 0.000201583839953, -0.000599544204306, 0.000568113988265, -0.000888719630893, -0.00151549477596], [-0.000276502076304, 0.000923332234379, -0.000915273965802, 0.000121794597362, -0.0014857754577, 0.00513845542446, -0.00221796729602, 0.000334017619025, -0.000486960081616, -0.000229862838751, -0.000285598885966, 0.000708019768354, 2.71318713203e-05], [3.75169183826e-05, -0.00105277227703, 0.00106200866867, 7.61585106375e-05, -0.000356408592779, -0.00221796729602, 0.0064246840775, -0.00113008089829, -0.000626594992355, -0.000951792753767, -0.000650987145491, 0.000325280852849, 0.000862750981469], [-0.000464952725451, 0.00125047843903, -0.000714316032827, 0.000549337652046, -0.00107219093479, 0.000334017619025, -0.00113008089829, 0.00760221853852, -0.00354551733471, -0.000605530862231, -0.00134955486283, 0.00109558959957, -0.000829068943858], [0.000112434565381, -0.00127040932421, 0.000466773868538, 0.00013749981008, 0.000201583839953, -0.000486960081616, -0.000626594992355, -0.00354551733471, 0.00799898244441, -0.00311568169855, 0.00158212031238, -0.000758691399824, 0.0013258701656], [-9.13755575311e-05, 0.00115192309022, -0.00067226291867, -4.78262336401e-05, -0.000599544204306, -0.000229862838751, -0.000951792753767, -0.000605530862231, -0.00311568169855, 0.0110796224326, -0.00393607048318, -0.000605777720921, 0.00110677920748], [-0.000282739347313, -0.00201426027343, 0.000442503078375, 0.000464176642708, 0.000568113988265, -0.000285598885966, -0.000650987145491, -0.00134955486283, 0.00158212031238, -0.00393607048318, 0.0113965915516, -0.00348584237508, 0.000728183891624], [0.000154648529133, 0.00140286935493, -0.000380467623472, -0.0008648323128, -0.000888719630893, 0.000708019768354, 0.000325280852849, 0.00109558959957, -0.000758691399824, -0.000605777720921, -0.00348584237508, 0.0114845428616, -0.00308156735264], [-0.000189495054656, -0.000814306316897, 0.000726995698642, -0.000988297979347, -0.00151549477596, 2.71318713203e-05, 0.000862750981469, -0.000829068943858, 0.0013258701656, 0.00110677920748, 0.000728183891624, -0.00308156735264, 0.0105091203004]]
    },
    "melbands": {
        "dmean": [0.000373386050342, 0.00042157038115, 0.000356502569048, 0.000267479015747, 0.000161829389981, 0.000108491847641, 9.24842170207e-05, 0.000249545148108, 0.000340194645105, 0.000226281481446, 0.000100661345641, 6.39104109723e-05, 7.28221857571e-05, 4.20759315602e-05, 2.73419664154e-05, 2.09923364309e-05, 1.81748182513e-05, 9.65714389167e-06, 7.33531533115e-06, 5.16450472787e-06, 3.45348939845e-06, 4.32750084656e-06, 3.01420232063e-06, 2.53859320765e-06, 3.36341827278e-06, 2.95109293802e-06, 1.69104691849e-06, 2.21634491027e-06, 1.65323274359e-06, 1.1779692386e-06, 9.57737938734e-07, 9.55501832323e-07, 9.55514110501e-07, 7.61501041779e-07, 6.68377253987e-07, 4.39013803089e-07, 4.56634808188e-07, 4.76257241644e-07, 3.89785100197e-07, 4.6209711968e-07],
        "dmean2": [0.000645949912723, 0.000732899236027, 0.000611128867604, 0.000465743709356, 0.000264524773229, 0.000179879949428, 0.00014554792142, 0.000379565171897, 0.000459587550722, 0.000305600522552, 0.000156322203111, 9.39260207815e-05, 0.00010543269309, 5.97652906436e-05, 3.93852315028e-05, 3.13862256007e-05, 2.7795907954e-05, 1.52443499246e-05, 1.1063067177e-05, 7.75105036155e-06, 5.34255605089e-06, 6.86348175805e-06, 4.73923773825e-06, 4.01815896112e-06, 5.20276398674e-06, 4.59202328784e-06, 2.6062903089e-06, 3.3588498809e-06, 2.54012434198e-06, 1.75635352662e-06, 1.40830775308e-06, 1.50146684064e-06, 1.44837918015e-06, 1.11829319849e-06, 9.72998577708e-07, 6.25720531389e-07, 6.61248577671e-07, 6.98459700743e-07, 5.89269404827e-07, 6.8580527568e-07],
        "dvar": [9.30445082759e-07, 1.51003553128e-06, 6.46459739073e-07, 5.40626899692e-07, 2.46807360327e-07, 2.64977160214e-07, 1.06499399521e-07, 4.65039192932e-07, 7.0569063837e-07, 4.43766509761e-07, 1.95408020431e-07, 5.5469413951e-08, 7.41554515571e-08, 3.25428572978e-08, 1.30181536662e-08, 8.70824301558e-09, 5.32467980818e-09, 1.40066347409e-09, 1.47891932034e-09, 5.52497991801e-10, 1.93561902617e-10, 5.03522334938e-10, 1.80998729893e-10, 1.13632235565e-10, 1.21067836312e-10, 1.13033998828e-10, 5.33028517158e-11, 1.05080277812e-10, 3.7003292791e-11, 2.45709997487e-11, 2.5736216977e-11, 2.97872768118e-11, 5.31204837062e-11, 2.08991903644e-11, 1.17904947958e-11, 5.76444144154e-12, 7.93963072371e-12, 1.36896084746e-11, 6.26296063622e-12, 7.60508236247e-12],
        "dvar2": [2.85158921542e-06, 4.33970217273e-06, 1.82614132882e-06, 1.56592250278e-06, 7.13090514637e-07, 7.5228336982e-07, 2.77612457467e-07, 1.02438934846e-06, 1.22046924389e-06, 7.41679571092e-07, 4.03136198202e-07, 1.06201134997e-07, 1.42607063935e-07, 5.82342671862e-08, 2.10819184332e-08, 1.74050320823e-08, 1.03630162229e-08, 3.02255376283e-09, 2.73375166948e-09, 1.07757669454e-09, 4.17233164685e-10, 1.18270160332e-09, 4.22083423768e-10, 2.8207258751e-10, 2.64265387351e-10, 2.57186272279e-10, 1.13540607471e-10, 2.55847232289e-10, 7.84079190463e-11, 4.8035263267e-11, 5.65862252888e-11, 7.31436022861e-11, 1.21451376733e-10, 3.90462766287e-11, 2.22015392182e-11, 9.74970972012e-12, 1.61903476736e-11, 2.87934745491e-11, 1.25746938903e-11, 1.46156645814e-11],
        "max": [0.0155767761171, 0.0278900954872, 0.0148605089635, 0.0127014806494, 0.0168740190566, 0.0170776098967, 0.0110122030601, 0.0147793591022, 0.0178980547935, 0.014136351645, 0.0184557680041, 0.0112712355331, 0.00811244081706, 0.00956646539271, 0.00678227003664, 0.00415665237233, 0.00412561418489, 0.00174883229192, 0.00179151562043, 0.000812662998214, 0.000608564296272, 0.00106147769839, 0.000493275467306, 0.000417664909037, 0.000493711209856, 0.000382816913771, 0.000327204499627, 0.000612243195064, 0.000247762218351, 0.000173725187778, 0.000333163305186, 0.000233506973018, 0.00049107457744, 0.000193991087144, 0.000113825873996, 0.000116950854135, 0.00013653782662, 0.000203323754249, 7.68351164879e-05, 0.000109181724838],
        "mean": [0.00101414264645, 0.000743785232771, 0.000579123501666, 0.000475500943139, 0.000316906225635, 0.0001933278254, 0.000168145561474, 0.000617309298832, 0.000920796417631, 0.000544520386029, 0.000170266677742, 0.000113723821414, 0.000152289983816, 7.75526496e-05, 5.13351442351e-05, 3.99271448259e-05, 3.36834382324e-05, 1.6688469259e-05, 1.17844283523e-05, 7.9972023741e-06, 5.64308948015e-06, 6.89218131811e-06, 5.06431615577e-06, 4.2736173782e-06, 5.70195425098e-06, 4.99621592098e-06, 3.11641042572e-06, 3.88419402952e-06, 2.94742289952e-06, 1.86029183169e-06, 1.47616083268e-06, 1.4312491885e-06, 1.46726586081e-06, 1.28055910409e-06, 1.15767511488e-06, 7.97964162302e-07, 7.35881087621e-07, 7.15899204806e-07, 6.16950501353e-07, 7.58782505272e-07],
        "median": [3.53442737833e-05, 0.000215892083361, 0.000246342096943, 0.00020665867487, 0.000138701841934, 5.46541450603e-05, 3.73401926481e-05, 7.14441557648e-05, 6.58360295347e-05, 2.86306622002e-05, 1.88920475921e-05, 1.07107516669e-05, 1.22681130961e-05, 1.01671503216e-05, 7.8062821558e-06, 3.55367592419e-06, 2.86655381387e-06, 1.57835631853e-06, 9.73080432232e-07, 8.53711810578e-07, 5.0431475529e-07, 4.68711760959e-07, 3.98493568809e-07, 4.41349982339e-07, 7.86469456671e-07, 4.00761535957e-07, 2.64347391976e-07, 3.11357524652e-07, 2.5042965035e-07, 1.48840697989e-07, 1.10439550838e-07, 1.31651702873e-07, 1.08327832038e-07, 7.9721893087e-08, 9.80438912279e-08, 7.53393578634e-08, 8.59262669906e-08, 6.35546371086e-08, 4.16729797337e-08, 4.20435952719e-08],
        "min": [2.6962261915e-24, 6.87995966588e-24, 1.1736065125e-23, 1.96542742105e-24, 1.42565814245e-23, 9.48792040791e-24, 3.42991041792e-24, 2.46230719998e-23, 1.38323083639e-23, 1.13538951486e-23, 1.96823951296e-23, 9.15273262042e-24, 8.66033826515e-24, 1.19221937001e-23, 8.45721920383e-24, 3.86798026137e-24, 1.72507881873e-23, 1.37521569405e-23, 5.78316966732e-24, 6.91310286795e-24, 1.11189195173e-23, 1.38709499264e-23, 9.78313188016e-24, 1.22811151568e-23, 1.61702049416e-23, 1.52523573897e-23, 9.46176099143e-24, 7.27476009426e-24, 1.2481178171e-23, 2.12932080773e-23, 1.03955222343e-23, 8.10751479797e-24, 7.40778097554e-24, 7.30586093544e-24, 1.21981743212e-23, 6.99724356096e-24, 6.96107823276e-24, 9.40614787533e-24, 1.14236115199e-23, 8.46672813318e-24],
        "var": [2.15208046939e-06, 1.95015513782e-06, 9.2102391136e-07, 6.91877346526e-07, 3.22060003555e-07, 2.45410433308e-07, 1.70791821574e-07, 2.27250416174e-06, 4.44029910796e-06, 2.71434578281e-06, 4.68102967943e-07, 1.76688416786e-07, 2.99585508401e-07, 9.60272927841e-08, 3.62321479486e-08, 2.28632028865e-08, 1.85118267382e-08, 3.43803718827e-09, 3.10633074818e-09, 1.11264408797e-09, 4.46452319558e-10, 9.66108748557e-10, 4.10490225144e-10, 1.76631681503e-10, 2.57885102162e-10, 2.3418300632e-10, 1.12176969103e-10, 2.11979808706e-10, 8.65110205694e-11, 5.37849660642e-11, 5.21361252781e-11, 4.34203645261e-11, 8.4620019325e-11, 4.75006943501e-11, 2.99165171802e-11, 1.6688836077e-11, 1.44282199036e-11, 2.19802370749e-11, 1.20873250645e-11, 1.70851492676e-11]
    },
    "mfcc": {
        "mean": [-726.163574219, 140.351516724, 10.4454164505, 5.33259105682, -13.1908740997, -3.3845500946, 2.21998810768, -1.39362597466, -7.32493686676, 1.41016244888, -1.23665428162, -3.33443784714, -4.68574333191],
        "cov": [[6604.45166016, -1529.4642334, -479.383209229, -44.0249214172, -35.0979881287, 8.44708633423, 265.61227417, 280.487945557, 233.547241211, 409.759063721, 163.019836426, 191.175109863, 116.247108459], [-1529.4642334, 2804.16577148, 769.493041992, 309.075317383, 318.504852295, 190.203720093, 227.894439697, 57.6917953491, 31.9442577362, 137.310058594, 234.746887207, 260.211303711, 132.001373291], [-479.383209229, 769.493041992, 1614.58349609, 439.017181396, 409.649780273, 189.575134277, 83.3507843018, 6.28641223907, 3.15109109879, -1.77360248566, 115.614051819, 101.410377502, 85.08644104], [-44.0249214172, 309.075317383, 439.017181396, 608.704467773, 264.181304932, 123.601776123, 61.5016288757, 3.46316051483, 23.7824783325, -63.3814735413, -74.3052139282, 3.94089794159, 55.9286193848], [-35.0979881287, 318.504852295, 409.649780273, 264.181304932, 390.840606689, 106.797470093, 75.8282699585, 47.1918716431, 63.9799308777, 22.3936328888, -9.43665981293, 32.5215377808, 76.6844177246], [8.44708633423, 190.203720093, 189.575134277, 123.601776123, 106.797470093, 291.215637207, 96.6764602661, 62.5601806641, 50.1488189697, 35.8066635132, 52.4127655029, 15.9038038254, 34.7928962708], [265.61227417, 227.894439697, 83.3507843018, 61.5016288757, 75.8282699585, 96.6764602661, 243.062652588, 67.5642318726, 43.4302253723, 84.1441192627, 60.2790756226, 66.8621444702, 36.926700592], [280.487945557, 57.6917953491, 6.28641223907, 3.46316051483, 47.1918716431, 62.5601806641, 67.5642318726, 162.201187134, 87.5787200928, 77.1077575684, 82.4749145508, 70.9964752197, 31.7321662903], [233.547241211, 31.9442577362, 3.15109109879, 23.7824783325, 63.9799308777, 50.1488189697, 43.4302253723, 87.5787200928, 194.748733521, 103.473609924, 92.1885681152, 74.4479141235, 30.2519111633], [409.759063721, 137.310058594, -1.77360248566, -63.3814735413, 22.3936328888, 35.8066635132, 84.1441192627, 77.1077575684, 103.473609924, 237.591003418, 160.858413696, 114.222862244, 35.4438285828], [163.019836426, 234.746887207, 115.614051819, -74.3052139282, -9.43665981293, 52.4127655029, 60.2790756226, 82.4749145508, 92.1885681152, 160.858413696, 306.476959229, 172.085464478, 38.8882293701], [191.175109863, 260.211303711, 101.410377502, 3.94089794159, 32.5215377808, 15.9038038254, 66.8621444702, 70.9964752197, 74.4479141235, 114.222862244, 172.085464478, 236.73526001, 95.6516418457], [116.247108459, 132.001373291, 85.08644104, 55.9286193848, 76.6844177246, 34.7928962708, 36.926700592, 31.7321662903, 30.2519111633, 35.4438285828, 38.8882293701, 95.6516418457, 191.303543091]],
