{
"lowlevel": {
    "average_loudness": 0.929059922695,
    "barkbands_crest": {
        "dmean": 2.79015183449,
        "dmean2": 4.49219751358,
        "dvar": 7.79635906219,
        "dvar2": 16.8719615936,
        "max": 26.1733646393,
        "mean": 11.3082809448,
        "median": 10.3837356567,
        "min": 2.55351090431,
        "var": 23.5069637299
    },
    "barkbands_flatness_db": {
        "dmean": 0.0276456512511,
        "dmean2": 0.0392978601158,
        "dvar": 0.000864559551701,
        "dvar2": 0.00163242011331,
        "max": 0.478767514229,
        "mean": 0.157795131207,
        "median": 0.142994821072,
        "min": 0.0197647809982,
        "var": 0.00574653828517
    },
    "barkbands_kurtosis": {
        "dmean": 5.22207069397,
        "dmean2": 7.35024881363,
        "dvar": 205.188430786,
        "dvar2": 297.819854736,
        "max": 520.630615234,
        "mean": 8.43676757812,
        "median": 1.74789810181,
        "min": -1.9177621603,
        "var": 628.916564941
    },
    "barkbands_skewness": {
        "dmean": 0.655543386936,
        "dmean2": 0.948799848557,
        "dvar": 0.688233673573,
        "dvar2": 1.16224777699,
        "max": 19.9908256531,
        "mean": 1.89134895802,
        "median": 1.39362001419,
        "min": -4.2113776207,
        "var": 3.64973735809
    },
    "barkbands_spread": {
        "dmean": 5.96608400345,
        "dmean2": 9.17044639587,
        "dvar": 54.3074264526,
        "dvar2": 108.476234436,
        "max": 109.338165283,
        "mean": 23.1233482361,
        "median": 20.8801593781,
        "min": 0.387175768614,
        "var": 261.505065918
    },
    "dissonance": {
        "dmean": 0.0174872875214,
        "dmean2": 0.0301006976515,
        "dvar": 0.000312146294164,
        "dvar2": 0.000869053939823,
        "max": 0.5,
        "mean": 0.471981197596,
        "median": 0.478424817324,
        "min": 0.305967032909,
        "var": 0.000574835983571
    },
    "dynamic_complexity": 2.22243785858,
    "erbbands_crest": {
        "dmean": 2.58119726181,
        "dmean2": 4.29549789429,
        "dvar": 6.19965696335,
        "dvar2": 15.8273916245,
        "max": 29.7633342743,
        "mean": 8.59461593628,
        "median": 7.52571392059,
        "min": 2.0448846817,
        "var": 17.3739089966
    },
    "erbbands_flatness_db": {
        "dmean": 0.0173826124519,
        "dmean2": 0.0258907526731,
        "dvar": 0.000294453435345,
        "dvar2": 0.00057808146812,
        "max": 0.416120231152,
        "mean": 0.161333203316,
        "median": 0.148607075214,
        "min": 0.0271077435464,
        "var": 0.00357710733078
    },
    "erbbands_kurtosis": {
        "dmean": 0.932087481022,
        "dmean2": 1.50357198715,
        "dvar": 1.6676261425,
        "dvar2": 3.91009449959,
        "max": 51.0580749512,
        "mean": 0.705907821655,
        "median": 0.0964577198029,
        "min": -1.84683656693,
        "var": 5.41244888306
    },
    "erbbands_skewness": {
        "dmean": 0.344005405903,
        "dmean2": 0.539676904678,
        "dvar": 0.10357055068,
        "dvar2": 0.2280883044,
        "max": 6.60753059387,
        "mean": 0.455329358578,
        "median": 0.424500852823,
        "min": -3.65547180176,
        "var": 0.589222550392
    },
    "erbbands_spread": {
        "dmean": 8.10166835785,
        "dmean2": 12.6107740402,
        "dvar": 74.1963653564,
        "dvar2": 165.076644897,
        "max": 142.886260986,
        "mean": 39.9292526245,
        "median": 35.7947883606,
        "min": 3.36898851395,
        "var": 440.669830322
    },
    "hfc": {
        "dmean": 8.31797790527,
        "dmean2": 12.481461525,
        "dvar": 136.576263428,
        "dvar2": 297.677154541,
        "max": 221.97088623,
        "mean": 31.2907733917,
        "median": 25.2994270325,
        "min": 5.417760858e-12,
        "var": 614.594177246
    },
    "melbands_crest": {
        "dmean": 3.6873497963,
        "dmean2": 5.77855205536,
        "dvar": 14.1052732468,
        "dvar2": 27.6953010559,
        "max": 37.0012817383,
        "mean": 16.5393505096,
        "median": 15.5215740204,
        "min": 1.70831346512,
        "var": 46.9392967224
    },
    "melbands_flatness_db": {
        "dmean": 0.0317178927362,
        "dmean2": 0.0450909510255,
        "dvar": 0.00121144996956,
        "dvar2": 0.00231260014698,
        "max": 0.62766367197,
        "mean": 0.210826084018,
        "median": 0.190926834941,
        "min": 0.0170951969922,
        "var": 0.00817807670683
    },
    "melbands_kurtosis": {
        "dmean": 13.4086580276,
        "dmean2": 19.5916404724,
        "dvar": 940.589050293,
        "dvar2": 1594.98693848,
        "max": 827.029418945,
        "mean": 25.4439105988,
        "median": 7.91677474976,
        "min": -1.89620089531,
        "var": 3123.0949707
    },
    "melbands_skewness": {
        "dmean": 0.957498133183,
        "dmean2": 1.43959784508,
        "dvar": 1.45713508129,
        "dvar2": 2.72256422043,
        "max": 21.2327957153,
        "mean": 3.23954939842,
        "median": 2.48527288437,
        "min": -1.22183144093,
        "var": 7.38546514511
    },
    "melbands_spread": {
        "dmean": 6.8935303688,
        "dmean2": 10.5004301071,
        "dvar": 90.1344451904,
        "dvar2": 177.215560913,
        "max": 319.107513428,
        "mean": 23.4603786469,
        "median": 19.7224121094,
        "min": 0.305940151215,
        "var": 408.597045898
    },
    "pitch_salience": {
        "dmean": 0.0803870931268,
        "dmean2": 0.127485200763,
        "dvar": 0.00712966546416,
        "dvar2": 0.0156026873738,
        "max": 0.9936388731,
        "mean": 0.498693525791,
        "median": 0.508414447308,
        "min": 0.0381167903543,
        "var": 0.0221081953496
    },
    "silence_rate_20dB": {
        "dmean": 0,
        "dmean2": 0,
        "dvar": 0,
        "dvar2": 0,
        "max": 1,
        "mean": 1,
        "median": 1,
        "min": 1,
        "var": 0
    },
    "silence_rate_30dB": {
        "dmean": 0.0578474290669,
        "dmean2": 0.115708194673,
        "dvar": 0.0545061230659,
        "dvar2": 0.113605238497,
        "max": 1,
        "mean": 0.935706853867,
        "median": 1,
        "min": 0,
        "var": 0.0601548068225
    },
    "silence_rate_60dB": {
        "dmean": 0.00414842134342,
        "dmean2": 0.0081825517118,
        "dvar": 0.00413127942011,
        "dvar2": 0.00926897674799,
        "max": 1,
        "mean": 0.0150939049199,
        "median": 0,
        "min": 0,
        "var": 0.0148671064526
    },
    "spectral_centroid": {
        "dmean": 242.467132568,
        "dmean2": 367.213531494,
        "dvar": 64270.5195312,
        "dvar2": 133767.359375,
        "max": 7437.5234375,
        "mean": 1476.66625977,
        "median": 1448.74255371,
        "min": 156.144302368,
        "var": 494546.25
    },
    "spectral_complexity": {
        "dmean": 3.83037567139,
        "dmean2": 5.96968984604,
        "dvar": 16.7248630524,
        "dvar2": 36.1513900757,
        "max": 59,
        "mean": 23.0548458099,
        "median": 23,
        "min": 0,
        "var": 125.596252441
    },
    "spectral_decrease": {
        "dmean": 3.77536490959e-09,
        "dmean2": 5.70472868944e-09,
        "dvar": 2.27940503486e-17,
        "dvar2": 4.94079678264e-17,
        "max": -5.21075728502e-23,
        "mean": -1.20338201626e-08,
        "median": -1.0935589323e-08,
        "min": -5.72110501196e-08,
        "var": 6.78917090431e-17
    },
    "spectral_energy": {
        "dmean": 0.0146071575582,
        "dmean2": 0.0220924820751,
        "dvar": 0.000327594723785,
        "dvar2": 0.000712848035619,
        "max": 0.218201100826,
        "mean": 0.0482565686107,
        "median": 0.0441763103008,
        "min": 6.88072338686e-16,
        "var": 0.00100651907269
    },
    "spectral_energyband_high": {
        "dmean": 0.000641767750494,
        "dmean2": 0.000918913458008,
        "dvar": 1.4210925201e-06,
        "dvar2": 2.645497716e-06,
        "max": 0.0264453664422,
        "mean": 0.00180248834658,
        "median": 0.000882419291884,
        "min": 5.13271843427e-16,
        "var": 6.19815455138e-06
    },
    "spectral_energyband_low": {
        "dmean": 0.0122541598976,
        "dmean2": 0.0183476880193,
        "dvar": 0.000360283098416,
        "dvar2": 0.000767415331211,
        "max": 0.202045947313,
        "mean": 0.0275060776621,
        "median": 0.0198979284614,
        "min": 1.3891500808e-17,
        "var": 0.000890267489012
    },
    "spectral_energyband_middle_high": {
        "dmean": 0.00314601277933,
        "dmean2": 0.00511141680181,
        "dvar": 2.42166988755e-05,
        "dvar2": 6.29903006484e-05,
        "max": 0.144523665309,
        "mean": 0.00933472067118,
        "median": 0.00587864825502,
        "min": 1.02438066911e-16,
        "var": 0.000113181296911
    },
    "spectral_energyband_middle_low": {
        "dmean": 0.00447256863117,
        "dmean2": 0.0072971843183,
        "dvar": 3.71973510482e-05,
        "dvar2": 9.58387900027e-05,
        "max": 0.0708443969488,
        "mean": 0.011061295867,
        "median": 0.00906965043396,
        "min": 5.78309958028e-17,
        "var": 8.30967401271e-05
    },
    "spectral_entropy": {
        "dmean": 0.139534592628,
        "dmean2": 0.212313339114,
        "dvar": 0.0298538785428,
        "dvar2": 0.0643146187067,
        "max": 9.76270961761,
        "mean": 7.74849319458,
        "median": 7.83211946487,
        "min": 5.08475828171,
        "var": 0.205615177751
    },
    "spectral_flux": {
        "dmean": 0.0319757647812,
        "dmean2": 0.0501586087048,
        "dvar": 0.00143758940976,
        "dvar2": 0.0034548281692,
        "max": 0.357124775648,
        "mean": 0.109757706523,
        "median": 0.0990908071399,
        "min": 1.22334895423e-05,
        "var": 0.00316642550752
    },
    "spectral_kurtosis": {
        "dmean": 1.32112169266,
        "dmean2": 2.25054693222,
        "dvar": 6.45340681076,
        "dvar2": 17.7160148621,
        "max": 84.5247879028,
        "mean": 3.14499378204,
        "median": 2.37462472916,
        "min": -1.3987185955,
        "var": 12.8934431076
    },
    "spectral_rms": {
        "dmean": 0.00099513400346,
        "dmean2": 0.00147509062663,
        "dvar": 1.11982399176e-06,
        "dvar2": 2.23930715038e-06,
        "max": 0.0145903779194,
        "mean": 0.00646064337343,
        "median": 0.0065649705939,
        "min": 8.19322942824e-10,
        "var": 5.33955153514e-06
    },
    "spectral_rolloff": {
        "dmean": 462.768249512,
        "dmean2": 754.532348633,
        "dvar": 683530.625,
        "dvar2": 1353134.5,
        "max": 15223.9746094,
        "mean": 1426.23999023,
        "median": 1098.19335938,
        "min": 64.599609375,
        "var": 2609472.25
    },
    "spectral_skewness": {
        "dmean": 0.186680912971,
        "dmean2": 0.300458371639,
        "dvar": 0.0516093373299,
        "dvar2": 0.135568678379,
        "max": 7.24346256256,
        "mean": 1.31567895412,
        "median": 1.27354383469,
        "min": -0.0559479705989,
        "var": 0.207114413381
    },
    "spectral_spread": {
        "dmean": 473001.96875,
        "dmean2": 675788.1875,
        "dvar": 360521072640,
        "dvar2": 581606506496,
        "max": 33585352,
        "mean": 4804920,
        "median": 4645539,
        "min": 893513.5,
        "var": 2.54050618573e+12
    },
    "spectral_strongpeak": {
        "dmean": 0.561562716961,
        "dmean2": 0.969401538372,
        "dvar": 1.25219619274,
        "dvar2": 3.26433682442,
        "max": 26.3030929565,
        "mean": 0.931264936924,
        "median": 0.471232414246,
        "min": 0,
        "var": 1.93287861347
    },
    "zerocrossingrate": {
        "dmean": 0.0106304986402,
        "dmean2": 0.0118225738406,
        "dvar": 0.000158086157171,
        "dvar2": 0.000161398536875,
        "max": 0.50830078125,
        "mean": 0.0604003742337,
        "median": 0.0546875,
        "min": 0.001953125,
        "var": 0.00178354373202
    },
    "barkbands": {
        "dmean": [0.00118041515816, 0.00943129695952, 0.00450690323487, 0.00149480602704, 0.0014979444677, 0.00056938698981, 0.000859451422002, 0.000832421937957, 0.00115821615327, 0.00114422524348, 0.00103411998134, 0.00120256282389, 0.000527662807144, 0.000539901317097, 0.000292673445074, 0.000223028619075, 0.000205672185984, 0.000166044075741, 0.000153774410137, 0.000148631894263, 0.000192505714949, 0.000209404694033, 0.000131528009661, 0.000117194038467, 8.8064254669e-05, 2.74495851045e-05, 5.14745306646e-06],
        "dmean2": [0.00183220161125, 0.0136611238122, 0.00761933764443, 0.00262700137682, 0.00245944340713, 0.00092067924561, 0.00138039549347, 0.00137092382647, 0.00190778810065, 0.00180865335278, 0.00176256219856, 0.00197617756203, 0.000876233796589, 0.000901799241547, 0.000492362771183, 0.000377973832656, 0.000344486965332, 0.000279570027487, 0.000251020188443, 0.000237432148424, 0.000295448175166, 0.000319195532938, 0.000195629429072, 0.000172043888597, 0.000136023198138, 3.95241331717e-05, 7.77956483944e-06],
        "dvar": [1.43045390359e-05, 0.000274947553407, 8.23688678793e-05, 1.01533869383e-05, 6.53266715744e-06, 1.68132362433e-06, 5.1009856179e-06, 3.75219838133e-06, 5.84476038057e-06, 9.13075018616e-06, 5.80177766096e-06, 8.29532291391e-06, 9.710431641e-07, 1.10953203603e-06, 2.70490829735e-07, 2.86800542426e-07, 1.78555353614e-07, 1.01048527767e-07, 7.47601802686e-08, 6.66489512469e-08, 1.48048897586e-07, 1.38012936191e-07, 7.35941227958e-08, 1.03009199393e-07, 9.23747691672e-08, 5.35373612109e-09, 6.41951880542e-10],
        "dvar2": [3.18710663123e-05, 0.000504615542013, 0.000224877701839, 2.89395866275e-05, 1.71933315869e-05, 4.27078657594e-06, 1.24397110994e-05, 8.99311089597e-06, 1.58788934641e-05, 2.06100903597e-05, 1.65349301824e-05, 2.26164902415e-05, 2.47672710429e-06, 2.89858144242e-06, 7.38581775295e-07, 7.75338094172e-07, 4.82080622533e-07, 2.72646616395e-07, 1.84162018968e-07, 1.52671560727e-07, 3.13884640946e-07, 2.93061219736e-07, 1.37630451036e-07, 1.84078956522e-07, 2.18866986756e-07, 1.12636220351e-08, 1.30843369472e-09],
        "max": [0.0518896654248, 0.170921981335, 0.0864381492138, 0.0423165336251, 0.0527502968907, 0.0340038761497, 0.0617474876344, 0.0475347042084, 0.0592166893184, 0.132561340928, 0.0473438128829, 0.0511700473726, 0.0212899912149, 0.0263940729201, 0.0118862064555, 0.0110682304949, 0.0174375269562, 0.00543855922297, 0.00732487300411, 0.00630391249433, 0.0090653244406, 0.00768616283312, 0.0109512628987, 0.0128238536417, 0.0144670354202, 0.00379132083617, 0.00124361098278],
        "mean": [0.00138749333564, 0.0188433881849, 0.00606052018702, 0.00201769452542, 0.0031694509089, 0.000979014788754, 0.00127647735644, 0.00120085512754, 0.00198291987181, 0.00204046163708, 0.00162978912704, 0.00206495448947, 0.000887418573257, 0.000915604119655, 0.000509778328706, 0.000334776355885, 0.000359595520422, 0.00030963376048, 0.000321581435855, 0.000328829541104, 0.000434460147517, 0.00050945719704, 0.000275130325463, 0.000214610088733, 0.000148144492414, 4.72591382277e-05, 7.21667129255e-06],
        "median": [0.00012819384574, 0.00945975445211, 0.0021846354939, 0.000687446503434, 0.00189130124636, 0.000298065424431, 0.000337101111654, 0.000446632038802, 0.000852231285535, 0.00049918825971, 0.000526616990101, 0.000577362719923, 0.000487194542075, 0.000443494209321, 0.000266964867478, 0.000171847888851, 0.000192081628484, 0.000186653705896, 0.000186245859368, 0.000172556829057, 0.000198768175323, 0.000229165045312, 0.000115650851512, 6.27498375252e-05, 3.46487177012e-05, 7.60422653912e-06, 4.52566384368e-09],
        "min": [3.98362903816e-18, 5.96006130657e-18, 3.97426369927e-18, 3.95492917963e-18, 9.8073064597e-18, 9.65590511064e-18, 9.44861282195e-18, 9.19231669942e-18, 1.23621431171e-17, 1.16636684991e-17, 1.09021428661e-17, 1.2783393943e-17, 1.25073662541e-17, 1.16801757154e-17, 1.11028077838e-17, 9.5048056825e-18, 7.23904548816e-18, 5.53298382041e-18, 5.90600877585e-18, 1.4861414744e-17, 4.42485412521e-17, 8.21496955303e-17, 9.1180509351e-17, 4.19117030821e-17, 5.59016069502e-17, 1.26163611965e-16, 6.37596242461e-17],
        "var": [1.53118890012e-05, 0.000624239910394, 9.1340727522e-05, 1.12570569399e-05, 1.56841142598e-05, 3.11607959702e-06, 8.66156278789e-06, 6.4372666202e-06, 1.32268278321e-05, 3.59307923645e-05, 9.96507242235e-06, 1.78475002031e-05, 1.8342882413e-06, 2.07377661354e-06, 4.93483696573e-07, 3.17360729696e-07, 3.11825743893e-07, 1.56485626235e-07, 2.04137450055e-07, 2.02311383646e-07, 5.02381908518e-07, 5.07191941779e-07, 2.55171642038e-07, 2.97909309666e-07, 1.86968776461e-07, 1.65806497421e-08, 1.89644189241e-09]
    },
    "erbbands": {
        "dmean": [0.414385557175, 1.93433332443, 4.90810155869, 5.19135761261, 4.26350831985, 5.92201900482, 4.55090761185, 4.72422742844, 9.98256111145, 16.470659256, 19.7998371124, 22.9032783508, 34.8526992798, 30.3862571716, 38.3112564087, 44.4764976501, 23.3081283569, 25.8741359711, 16.8339214325, 13.6423130035, 11.6416416168, 12.0553789139, 8.78559494019, 8.29239845276, 6.68868970871, 7.13731050491, 7.1260099411, 8.15722846985, 7.80688524246, 5.61298561096, 3.71747159958, 2.68139576912, 1.91833543777, 1.243663311, 0.488742649555, 0.16087153554, 0.0446146391332, 0.00869005545974, 0.00103394698817, 4.36848822574e-05],
        "dmean2": [0.545978605747, 3.11490130424, 8.21574687958, 8.92501831055, 7.29402112961, 9.50217342377, 7.4260559082, 7.61424684525, 15.7642564774, 26.9084072113, 32.2606773376, 37.6581535339, 56.2646026611, 49.8079795837, 64.7412872314, 73.158416748, 38.1839981079, 43.1547737122, 27.8894042969, 22.7178020477, 19.4708900452, 20.1149368286, 14.7390785217, 13.768415451, 10.6726922989, 11.4096956253, 11.0639429092, 12.5995836258, 11.9311389923, 8.55874538422, 5.46115732193, 3.96148991585, 2.83741426468, 1.93161427975, 0.746596038342, 0.236063018441, 0.0648004710674, 0.0131998257712, 0.00151654379442, 6.39384743408e-05],
        "dvar": [0.86693251133, 11.3198547363, 88.3787078857, 119.482055664, 68.2842636108, 117.368492126, 82.7734680176, 139.902984619, 1022.13690186, 1968.93432617, 1776.14672852, 2945.05053711, 7048.36816406, 3795.55761719, 7631.24414062, 11421.5351562, 1782.93115234, 3072.58886719, 1023.2230835, 514.376037598, 748.495239258, 615.526794434, 327.18649292, 225.139984131, 136.160461426, 159.376983643, 227.558044434, 273.097686768, 198.073944092, 100.687904358, 71.5119934082, 45.9969444275, 32.2520370483, 19.2938041687, 2.9238653183, 0.196490511298, 0.016132645309, 0.000892178504728, 3.30052207573e-05, 3.73780046914e-08],
        "dvar2": [1.42758274078, 29.5194072723, 239.394332886, 330.712677002, 189.070327759, 295.903839111, 211.565505981, 351.65524292, 2426.60864258, 5011.08984375, 4327.97753906, 8023.42382812, 17647.3847656, 9882.39550781, 21211.6660156, 30620.6289062, 4546.69677734, 8249.01464844, 2631.75610352, 1376.85498047, 2013.91723633, 1643.25292969, 881.734375, 585.286193848, 313.38470459, 368.184082031, 493.23550415, 579.262329102, 424.622344971, 221.333862305, 125.046936035, 87.108215332, 59.079788208, 44.9529495239, 7.18413352966, 0.408677577972, 0.0353694632649, 0.00202592858113, 6.64590552333e-05, 7.87043461514e-08],
        "max": [10.0201539993, 32.0636863708, 90.1922836304, 122.954338074, 133.376647949, 261.899993896, 194.478012085, 315.198669434, 1066.79736328, 1460.04528809, 1191.50292969, 1693.66931152, 2978.10571289, 1784.16564941, 1636.8079834, 1947.60742188, 827.130981445, 1570.85998535, 705.611999512, 418.617553711, 584.334472656, 1048.54052734, 351.113555908, 277.027954102, 320.915130615, 377.908752441, 443.555023193, 427.963409424, 294.144683838, 247.554412842, 444.14944458, 241.46522522, 190.8881073, 232.238967896, 83.3410568237, 22.9971656799, 5.37644052505, 0.720900535583, 0.33128964901, 0.0126885287464],
        "mean": [0.669356882572, 3.68328285217, 7.21453762054, 7.45480632782, 7.41754102707, 12.711435318, 8.74949264526, 7.92376708984, 14.6031208038, 24.3671226501, 31.6798419952, 39.575920105, 64.2302017212, 56.0200157166, 66.3813934326, 81.2188873291, 46.9378662109, 47.8178291321, 31.9861373901, 24.2443752289, 19.092924118, 21.7696552277, 17.2930335999, 17.0130825043, 15.2769851685, 15.9413995743, 16.0728435516, 18.2956600189, 18.4443054199, 12.6412286758, 7.68484640121, 4.94445371628, 3.36956691742, 2.06097888947, 0.817565321922, 0.276063323021, 0.0739882290363, 0.0128427539021, 0.00153562834021, 0.000101888268546],
        "median": [0.19562420249, 2.13362383842, 3.44801783562, 3.0741083622, 4.19240474701, 6.02790164948, 3.80134963989, 2.66640162468, 3.84856963158, 7.16147089005, 14.5243988037, 17.6826381683, 18.9934082031, 22.7616138458, 24.7437114716, 25.3959674835, 25.6060447693, 23.8852462769, 17.1617164612, 13.7947969437, 10.335562706, 12.2537918091, 10.7019290924, 10.2766504288, 9.04924583435, 8.25892066956, 7.78382587433, 8.0722990036, 8.21820068359, 5.76912212372, 3.0248003006, 1.67903411388, 0.863104820251, 0.454138338566, 0.20876647532, 0.0664910525084, 0.00638892594725, 0.000273417215794, 4.55134359072e-05, 6.0925460275e-05],
        "min": [2.17309902508e-16, 1.2120200795e-15, 4.09106367964e-15, 9.8749083048e-15, 1.98929499311e-14, 3.51704613783e-14, 5.67652343316e-14, 8.55705548195e-14, 1.22073575207e-13, 1.66410478062e-13, 2.18463349624e-13, 2.772133109e-13, 3.40871889092e-13, 4.06952574937e-13, 4.71375000664e-13, 5.2925909098e-13, 5.74261233184e-13, 5.99396617409e-13, 5.98165993734e-13, 5.65323070474e-13, 4.99909521331e-13, 4.0935961218e-13, 3.17185785016e-13, 2.74585204834e-13, 3.68971617582e-13, 7.06976144293e-13, 1.3399178685e-12, 2.14887005759e-12, 2.81753461708e-12, 3.00343755942e-12, 2.51767790643e-12, 1.42585867158e-12, 4.04628045479e-13, 2.62477675228e-13, 6.21374479648e-13, 6.47431977821e-13, 2.16949857601e-13, 1.70377136742e-14, 1.03068180279e-14, 1.20736330412e-15],
        "var": [1.56820642948, 18.8619365692, 105.914840698, 132.659759521, 102.144798279, 352.494110107, 167.191253662, 234.903564453, 1641.59338379, 3547.46630859, 2936.38500977, 6194.97265625, 24195.0644531, 10745.0908203, 14223.6943359, 26158.8867188, 4597.78759766, 6192.08789062, 2022.39501953, 939.647033691, 914.153808594, 1093.07214355, 516.365905762, 497.208618164, 411.671203613, 480.240081787, 716.434997559, 892.703430176, 706.979980469, 310.708404541, 246.263595581, 129.444122314, 85.4520187378, 41.8840141296, 4.95869779587, 0.523940443993, 0.046854801476, 0.00194368383382, 0.000113996895379, 1.05180085086e-07]
    },
    "gfcc": {
        "mean": [19.9158439636, 92.1219787598, -128.408233643, 42.9701080322, -61.2242355347, 32.5933990479, -20.4504146576, 7.89775180817, -17.6846923828, -0.559980154037, -13.1337995529, -3.72779989243, -8.59049797058],
        "cov": [[4901.00439453, -1544.4005127, 885.378662109, 85.7335968018, -177.564285278, 495.155853271, -510.904815674, 426.708068848, -268.304016113, 628.06237793, -206.973052979, 426.117828369, -154.701217651], [-1544.4005127, 2355.13305664, 300.340148926, 439.412567139, 436.916931152, -306.259185791, 429.562835693, -385.952819824, 227.718811035, -375.11517334, 179.808532715, -193.910171509, 114.265113831], [885.378662109, 300.340148926, 1830.48474121, 621.015625, 384.403289795, 101.178245544, -166.457489014, 0.313099682331, -67.1423950195, 196.070022583, -54.1216163635, 155.721191406, -52.6522445679], [85.7335968018, 439.412567139, 621.015625, 657.448059082, 170.456314087, 51.8583488464, 1.10145616531, -82.5080947876, 77.713508606, -9.74513435364, 32.9460372925, -24.8543777466, 38.4048042297], [-177.564285278, 436.916931152, 384.403289795, 170.456314087, 407.84854126, -10.7463111877, 119.164375305, -47.4456825256, 73.2679672241, 19.0501537323, 27.8643016815, 17.8670444489, 14.143781662], [495.155853271, -306.259185791, 101.178245544, 51.8583488464, -10.7463111877, 329.446899414, 34.879524231, 137.312194824, -17.2869529724, 112.152793884, 29.7575740814, 68.5396881104, 9.29469203949], [-510.904815674, 429.562835693, -166.457489014, 1.10145616531, 119.164375305, 34.879524231, 374.386810303, -33.9827308655, 96.1563034058, -104.75693512, 84.9131088257, -27.0708293915, 29.4143676758], [426.708068848, -385.952819824, 0.313099682331, -82.5080947876, -47.4456825256, 137.312194824, -33.9827308655, 220.612960815, -8.50209999084, 118.989486694, 1.66044270992, 63.5822067261, -7.86898612976], [-268.304016113, 227.718811035, -67.1423950195, 77.713508606, 73.2679672241, -17.2869529724, 96.1563034058, -8.50209999084, 202.154190063, -18.5093040466, 68.8492355347, -51.170879364, 45.5365867615], [628.06237793, -375.11517334, 196.070022583, -9.74513435364, 19.0501537323, 112.152793884, -104.75693512, 118.989486694, -18.5093040466, 250.496078491, -4.43008947372, 107.246124268, -19.3205871582], [-206.973052979, 179.808532715, -54.1216163635, 32.9460372925, 27.8643016815, 29.7575740814, 84.9131088257, 1.66044270992, 68.8492355347, -4.43008947372, 135.934555054, -0.565602898598, 46.2817840576], [426.117828369, -193.910171509, 155.721191406, -24.8543777466, 17.8670444489, 68.5396881104, -27.0708293915, 63.5822067261, -51.170879364, 107.246124268, -0.565602898598, 142.951644897, -7.65463209152], [-154.701217651, 114.265113831, -52.6522445679, 38.4048042297, 14.143781662, 9.29469203949, 29.4143676758, -7.86898612976, 45.5365867615, -19.3205871582, 46.2817840576, -7.65463209152, 94.5201644897]],
        "icov": [[0.00043823721353, -2.31409085245e-05, -3.66947060684e-05, -0.000128916959511, 0.000214659026824, -0.000350933201844, 0.000261341192527, -0.000183512602234, -5.66731832805e-05, -0.000433220644481, 0.00048742746003, -0.000723581528291, 0.000324442342389], [-2.31409085245e-05, 0.00131542619783, -0.000309754250338, -0.000262075249339, -0.000600896892138, 0.000830266915727, -0.000911186798476, 0.000822017726023, -2.41207762883e-05, 0.000834734353703, -0.00110086845234, 0.00061466533225, -0.000562822911888], [-3.66947060684e-05, -0.000309754250338, 0.00146949384362, -0.00113931111991, -0.000948640692513, -0.000164418830536, 0.000781647802796, -0.00032055110205, 0.000526806048583, -0.000346307264408, 0.000377542426577, -0.00112445291597, 0.000883574888576], [-0.000128916959511, -0.000262075249339, -0.00113931111991, 0.00324708572589, 0.000120860880997, -0.00113107415382, 0.00039880440454, 0.00117459939793, -0.00117975578178, 0.000404485996114, -0.000194345862838, 0.00113768107258, -0.000942999671679], [0.000214659026824, -0.000600896892138, -0.000948640692513, 0.000120860880997, 0.00470058294013, 8.20436907816e-05, -0.00138419831637, 0.000324435532093, -0.00107410387136, -0.00163562665693, 0.00114278821275, -0.000596265017521, -0.00017819624918], [-0.000350933201844, 0.000830266915727, -0.000164418830536, -0.00113107415382, 8.20436907816e-05, 0.00611886195838, -0.0024032201618, -0.00220004608855, 0.00149554072414, -0.000882961146999, -0.00158752803691, 0.000855334452353, -0.00131374306511], [0.000261341192527, -0.000911186798476, 0.000781647802796, 0.00039880440454, -0.00138419831637, -0.0024032201618, 0.00596405146644, -0.000358512246748, -0.00158087012824, 0.0022358680144, -0.000843577785417, -0.00233310926706, 0.00180300301872], [-0.000183512602234, 0.000822017726023, -0.00032055110205, 0.00117459939793, 0.000324435532093, -0.00220004608855, -0.000358512246748, 0.00896182563156, -0.00145739433356, -0.00149578345008, -0.000449512415798, -0.000243015543674, -0.000327657908201], [-5.66731832805e-05, -2.41207762883e-05, 0.000526806048583, -0.00117975578178, -0.00107410387136, 0.00149554072414, -0.00158087012824, -0.00145739433356, 0.00877750571817, -0.00203399220482, -0.00245960941538, 0.00367176090367, -0.00204926170409], [-0.000433220644481, 0.000834734353703, -0.000346307264408, 0.000404485996114, -0.00163562665693, -0.000882961146999, 0.0022358680144, -0.00149578345008, -0.00203399220482, 0.0103258891031, -0.00188683811575, -0.0038335614372, 0.00113986327779], [0.00048742746003, -0.00110086845234, 0.000377542426577, -0.000194345862838, 0.00114278821275, -0.00158752803691, -0.000843577785417, -0.000449512415798, -0.00245960941538, -0.00188683811575, 0.0125637724996, -0.0023038496729, -0.00291106617078], [-0.000723581528291, 0.00061466533225, -0.00112445291597, 0.00113768107258, -0.000596265017521, 0.000855334452353, -0.00233310926706, -0.000243015543674, 0.00367176090367, -0.0038335614372, -0.0023038496729, 0.0147851109505, -0.00253214081749], [0.000324442342389, -0.000562822911888, 0.000883574888576, -0.000942999671679, -0.00017819624918, -0.00131374306511, 0.00180300301872, -0.000327657908201, -0.00204926170409, 0.00113986327779, -0.00291106617078, -0.00253214081749, 0.0146745955572]]
    },
    "melbands": {
        "dmean": [0.00299514667131, 0.00239560753107, 0.000829155265819, 0.000356816861313, 0.000178356160177, 0.000111119341454, 0.000151669228217, 0.000179266076884, 0.00017534881772, 0.000151874133735, 0.000183477430255, 0.000132809989736, 0.000143791054143, 0.000120505836094, 0.00011293769785, 4.47679885838e-05, 5.10878599016e-05, 3.19600694638e-05, 2.18052082346e-05, 1.61224506883e-05, 1.39871317515e-05, 1.40343663588e-05, 9.5831537692e-06, 7.9564333646e-06, 7.35614912628e-06, 6.20795117356e-06, 5.27668635186e-06, 5.00350142829e-06, 4.71112934974e-06, 5.14774183102e-06, 5.02933835378e-06, 4.97344353789e-06, 4.44176339442e-06, 2.90933439828e-06, 2.31814783547e-06, 1.94731342162e-06, 1.66780284871e-06, 1.42946657888e-06, 1.26921349874e-06, 1.07811001726e-06],
        "dmean2": [0.00393658271059, 0.00394460605457, 0.00140823761467, 0.000588891853113, 0.000289077113848, 0.000178100439371, 0.000240708410274, 0.000292878743494, 0.00028643940459, 0.000250354671152, 0.000294693163596, 0.000214669504203, 0.000244774011662, 0.000201020724489, 0.000183769850992, 7.44629505789e-05, 8.52234661579e-05, 5.31753794348e-05, 3.66468157154e-05, 2.74219146377e-05, 2.35566531046e-05, 2.34921717492e-05, 1.60581112141e-05, 1.34955917019e-05, 1.22250949062e-05, 1.00983979792e-05, 8.50285414344e-06, 8.05877789389e-06, 7.50417302697e-06, 7.98921792011e-06, 7.9093806562e-06, 7.72930161475e-06, 6.87972305968e-06, 4.50269226349e-06, 3.51158837475e-06, 2.91613378067e-06, 2.52007384915e-06, 2.13920952774e-06, 1.9432627596e-06, 1.71145813965e-06],
        "dvar": [3.41127852153e-05, 1.76848134288e-05, 2.77778940472e-06, 4.01912927828e-07, 1.11024057503e-07, 7.53296234279e-08, 2.04340395271e-07, 2.12620022921e-07, 1.22506449429e-07, 1.31968860728e-07, 2.00703055953e-07, 7.80108564413e-08, 1.18532156534e-07, 1.06851210546e-07, 8.17026233335e-08, 6.64265309425e-09, 1.24517995914e-08, 3.81665588023e-09, 1.32761135418e-09, 1.21789078822e-09, 9.92678939049e-10, 8.25447710184e-10, 4.23950985429e-10, 2.37429020888e-10, 1.83420792443e-10, 1.43188169655e-10, 8.16406733883e-11, 8.26496024398e-11, 1.0036557696e-10, 1.14996935585e-10, 1.10993041147e-10, 8.35452054759e-11, 6.41342395857e-11, 2.84225941394e-11, 2.89487253613e-11, 2.48165654693e-11, 1.96965291299e-11, 1.8749796854e-11, 1.44688427905e-11, 2.28176245259e-11],
        "dvar2": [5.62189743505e-05, 4.8790978326e-05, 7.50781873649e-06, 1.06532831978e-06, 2.83611939267e-07, 1.87330869039e-07, 4.89508579449e-07, 5.33371178335e-07, 3.06508923131e-07, 3.63680356941e-07, 4.90084516969e-07, 1.88645543631e-07, 3.34359270937e-07, 3.0794890904e-07, 2.03165100743e-07, 1.77320860217e-08, 3.28757465695e-08, 9.57267509705e-09, 3.51332785087e-09, 3.29541283151e-09, 2.65478972139e-09, 2.21679608003e-09, 1.13500275845e-09, 6.57289167538e-10, 4.76084671686e-10, 3.43478606668e-10, 1.93394522618e-10, 1.91894569679e-10, 2.32226848862e-10, 2.51931947526e-10, 2.44787079495e-10, 1.88580970284e-10, 1.43622932991e-10, 6.45672057487e-11, 5.40402306237e-11, 4.6450805008e-11, 3.94262122949e-11, 3.54950721593e-11, 3.0103287918e-11, 5.60444780862e-11],
        "max": [0.0651459097862, 0.0462340265512, 0.0197344496846, 0.0144494064152, 0.0078865038231, 0.00775207392871, 0.0147324483842, 0.0141016589478, 0.00803392007947, 0.0108659546822, 0.0169320963323, 0.0103197759017, 0.00658366922289, 0.00760206300765, 0.00650274241343, 0.00197492283769, 0.00312122749165, 0.00122200360056, 0.000658518692944, 0.000624594395049, 0.000656072399579, 0.00134625099599, 0.000410292443121, 0.000280693988316, 0.000262417743215, 0.00045679952018, 0.000207186094485, 0.000289139716187, 0.000252999627264, 0.000242788926698, 0.000307859008899, 0.000196520239115, 0.000216349493712, 0.000137122522574, 0.000288561248453, 0.000214001222048, 0.000174708184204, 0.000158205395564, 0.000111683846626, 0.000309334485792],
        "mean": [0.00554764969274, 0.00423671165481, 0.00128509302158, 0.000736864109058, 0.000371131638531, 0.00018837096286, 0.000225039650104, 0.000262472516624, 0.000275078346021, 0.000256155297393, 0.000332547147991, 0.000236306965235, 0.000231515514315, 0.000203351228265, 0.000194147491129, 8.13572405605e-05, 8.82247113623e-05, 5.38871390745e-05, 3.77416217816e-05, 2.49374697887e-05, 2.1227158868e-05, 2.33327737078e-05, 1.70562998392e-05, 1.43706147355e-05, 1.37106226248e-05, 1.22385727082e-05, 1.06341085484e-05, 1.02302592495e-05, 9.59307362791e-06, 1.05018698378e-05, 1.03920028778e-05, 1.0683959772e-05, 9.42354108702e-06, 5.90263198319e-06, 4.51941605206e-06, 3.55481529368e-06, 2.83149847746e-06, 2.41223278863e-06, 2.00971908271e-06, 1.69802069649e-06],
        "median": [0.00231745885685, 0.00291659985669, 0.000617325364146, 0.000423470861278, 0.000175056920853, 6.21541839791e-05, 6.23034138698e-05, 7.83033829066e-05, 0.000122904064483, 0.000101857920527, 9.20194506762e-05, 8.55845428305e-05, 7.78131579864e-05, 6.14227319602e-05, 6.03956432315e-05, 4.50319275842e-05, 4.11615583289e-05, 2.53823418461e-05, 2.01833936444e-05, 1.30701719172e-05, 1.01978730527e-05, 1.22003084471e-05, 9.52369373408e-06, 8.45482190925e-06, 7.68346399127e-06, 6.78082187733e-06, 5.61191473025e-06, 5.06058995597e-06, 4.46215744887e-06, 4.62854723082e-06, 4.37504513684e-06, 4.54968903796e-06, 4.01752913604e-06, 2.64595132649e-06, 1.71108172253e-06, 1.28468786897e-06, 8.58679129578e-07, 5.98656470174e-07, 4.5280478389e-07, 3.47163592096e-07],
        "min": [1.98809510146e-18, 1.98649678172e-18, 1.97701646472e-18, 1.96626580509e-18, 1.94835320893e-18, 1.92704152083e-18, 1.89785052381e-18, 1.86135490159e-18, 1.81739852384e-18, 1.76345642173e-18, 1.69944050054e-18, 1.6257837893e-18, 1.54026210276e-18, 1.4440406282e-18, 1.33787882082e-18, 1.22102456664e-18, 1.0963316388e-18, 9.64378856903e-19, 8.28582631993e-19, 6.92350844791e-19, 5.59599264921e-19, 4.36712537638e-19, 3.30397624295e-19, 2.51564494335e-19, 2.13590338473e-19, 2.32206942887e-19, 3.22947286066e-19, 4.94259441155e-19, 7.39898375473e-19, 1.03200056179e-18, 1.32219661378e-18, 1.55387191217e-18, 1.67954515245e-18, 1.67165705473e-18, 1.51304951497e-18, 1.19290280396e-18, 7.46459106802e-19, 3.19087764726e-19, 1.18643445837e-19, 2.37068541841e-19],
        "var": [7.28429004084e-05, 2.42498990701e-05, 3.39226494361e-06, 9.00732288756e-07, 2.58098282302e-07, 1.30060641368e-07, 3.32111369516e-07, 3.93780084096e-07, 2.05056053915e-07, 2.82479248881e-07, 7.13889619419e-07, 2.57651095126e-07, 2.0056135952e-07, 2.00016614826e-07, 1.90052546145e-07, 1.34980160382e-08, 2.35506885105e-08, 7.0712382616e-09, 2.59743737629e-09, 1.53112234003e-09, 1.24243615396e-09, 1.40625222578e-09, 6.70919098056e-10, 3.501032797e-10, 3.82645082286e-10, 3.60140056666e-10, 2.1716556331e-10, 2.22164023289e-10, 2.77968259521e-10, 3.28281485329e-10, 3.22131876729e-10, 2.64592125987e-10, 1.83070683613e-10, 7.53067885828e-11, 8.98931554194e-11, 6.73011993357e-11, 4.77811991362e-11, 4.66896139806e-11, 3.17590433119e-11, 4.837764217e-11]
    },
    "mfcc": {
        "mean": [-612.897277832, 109.952987671, -1.2595500946, 17.5332889557, -5.54808235168, 21.1357822418, 7.95234537125, 13.8779706955, 4.61815071106, 4.44265604019, 5.64287424088, 0.829390823841, -2.46390151978],
        "cov": [[3987.10302734, -1203.65917969, 306.940948486, -298.320556641, 81.8461685181, 11.2587308884, -77.0244979858, -132.817825317, 42.5848464966, 41.6986160278, 6.65729141235, 108.378852844, 220.120819092], [-1203.65917969, 1609.71801758, 195.021636963, 469.865661621, 126.498687744, 142.510681152, 114.357582092, 114.825149536, -25.684967041, -28.3054943085, 4.89250898361, -56.1287498474, -29.0534229279], [306.940948486, 195.021636963, 1254.11572266, 542.982849121, 466.943634033, 225.759414673, 65.1134033203, -42.7049598694, 24.0329303741, -38.4799385071, -20.5236434937, 60.7911872864, 83.2871932983], [-298.320556641, 469.865661621, 542.982849121, 629.246276855, 287.092803955, 180.115432739, 22.6763820648, 5.88704395294, 19.9687633514, -16.8834400177, -15.4401578903, 20.2101459503, 17.3635654449], [81.8461685181, 126.498687744, 466.943634033, 287.092803955, 422.630767822, 112.069900513, 14.068406105, -60.1985397339, 42.8304824829, 29.6062374115, -21.9909515381, 54.301776886, 59.1606941223], [11.2587308884, 142.510681152, 225.759414673, 180.115432739, 112.069900513, 236.104019165, 94.8871765137, 51.8969841003, 39.7694091797, 14.4104738235, 28.4531841278, 36.2278175354, 29.6432476044], [-77.0244979858, 114.357582092, 65.1134033203, 22.6763820648, 14.068406105, 94.8871765137, 195.876235962, 88.0417327881, 25.7292709351, 0.464183688164, 37.766330719, 13.1108207703, 27.6564769745], [-132.817825317, 114.825149536, -42.7049598694, 5.88704395294, -60.1985397339, 51.8969841003, 88.0417327881, 177.715545654, 32.6910247803, 18.5530052185, 43.8271408081, -3.03876113892, -8.05913066864], [42.5848464966, -25.684967041, 24.0329303741, 19.9687633514, 42.8304824829, 39.7694091797, 25.7292709351, 32.6910247803, 110.310028076, 38.421787262, 22.5878410339, 28.4708843231, 10.9362840652], [41.6986160278, -28.3054943085, -38.4799385071, -16.8834400177, 29.6062374115, 14.4104738235, 0.464183688164, 18.5530052185, 38.421787262, 117.57069397, 33.936164856, 36.8595619202, 25.5319786072], [6.65729141235, 4.89250898361, -20.5236434937, -15.4401578903, -21.9909515381, 28.4531841278, 37.766330719, 43.8271408081, 22.5878410339, 33.936164856, 90.5187530518, 27.9901847839, 20.9392204285], [108.378852844, -56.1287498474, 60.7911872864, 20.2101459503, 54.301776886, 36.2278175354, 13.1108207703, -3.03876113892, 28.4708843231, 36.8595619202, 27.9901847839, 99.5376205444, 49.3303642273], [220.120819092, -29.0534229279, 83.2871932983, 17.3635654449, 59.1606941223, 29.6432476044, 27.6564769745, -8.05913066864, 10.9362840652, 25.5319786072, 20.9392204285, 49.3303642273, 117.997802734]],
