{
"lowlevel": {
    "average_loudness": 0.91607260704,
    "barkbands_crest": {
        "dmean": 2.61067318916,
        "dmean2": 3.91912460327,
        "dvar": 5.43961954117,
        "dvar2": 12.2074384689,
        "max": 24.6499118805,
        "mean": 10.4025020599,
        "median": 9.24529266357,
        "min": 2.18041992188,
        "var": 23.6511306763
    },
    "barkbands_flatness_db": {
        "dmean": 0.0226991102099,
        "dmean2": 0.032036960125,
        "dvar": 0.000403999700211,
        "dvar2": 0.000820802000817,
        "max": 0.43882009387,
        "mean": 0.133722439408,
        "median": 0.123838767409,
        "min": 0.0162897389382,
        "var": 0.00380517914891
    },
    "barkbands_kurtosis": {
        "dmean": 2.13085079193,
        "dmean2": 3.26850223541,
        "dvar": 12.9914712906,
        "dvar2": 31.536277771,
        "max": 69.9739151001,
        "mean": 2.99757623672,
        "median": 1.02990055084,
        "min": -1.95515191555,
        "var": 33.9436073303
    },
    "barkbands_skewness": {
        "dmean": 0.483782440424,
        "dmean2": 0.710184752941,
        "dvar": 0.256175726652,
        "dvar2": 0.548888385296,
        "max": 7.44708633423,
        "mean": 1.29195308685,
        "median": 1.13427269459,
        "min": -5.43670749664,
        "var": 1.3159981966
    },
    "barkbands_spread": {
        "dmean": 7.01782798767,
        "dmean2": 10.5588064194,
        "dvar": 76.2901153564,
        "dvar2": 159.239868164,
        "max": 122.766624451,
        "mean": 27.3900756836,
        "median": 24.3492183685,
        "min": 1.56895112991,
        "var": 302.100036621
    },
    "dissonance": {
        "dmean": 0.0196032021195,
        "dmean2": 0.0331462845206,
        "dvar": 0.000404417776735,
        "dvar2": 0.00111470522825,
        "max": 0.500000119209,
        "mean": 0.467939794064,
        "median": 0.477086484432,
        "min": 0.269702285528,
        "var": 0.000886989117134
    },
    "dynamic_complexity": 2.46849632263,
    "erbbands_crest": {
        "dmean": 2.98604440689,
        "dmean2": 4.79529953003,
        "dvar": 7.78289175034,
        "dvar2": 18.5905628204,
        "max": 30.8607463837,
        "mean": 10.0360555649,
        "median": 8.71769714355,
        "min": 2.29930782318,
        "var": 26.3878231049
    },
    "erbbands_flatness_db": {
        "dmean": 0.0190960448235,
        "dmean2": 0.0274467226118,
        "dvar": 0.000297415565001,
        "dvar2": 0.000594957673457,
        "max": 0.44932538271,
        "mean": 0.161574184895,
        "median": 0.146889269352,
        "min": 0.0451139211655,
        "var": 0.00445983977988
    },
    "erbbands_kurtosis": {
        "dmean": 1.09007048607,
        "dmean2": 1.70535206795,
        "dvar": 2.33325886726,
        "dvar2": 5.29751205444,
        "max": 35.0302200317,
        "mean": 0.935723602772,
        "median": 0.166295647621,
        "min": -1.73876202106,
        "var": 6.6161775589
    },
    "erbbands_skewness": {
        "dmean": 0.388454288244,
        "dmean2": 0.590240836143,
        "dvar": 0.146456554532,
        "dvar2": 0.29967302084,
        "max": 4.99571609497,
        "mean": 0.475389808416,
        "median": 0.477480649948,
        "min": -3.92360281944,
        "var": 0.739410936832
    },
    "erbbands_spread": {
        "dmean": 8.12756919861,
        "dmean2": 12.3755187988,
        "dvar": 88.1268081665,
        "dvar2": 189.758178711,
        "max": 147.775466919,
        "mean": 36.879486084,
        "median": 32.9962882996,
        "min": 3.14053964615,
        "var": 421.172332764
    },
    "hfc": {
        "dmean": 10.2484426498,
        "dmean2": 15.2666187286,
        "dvar": 225.67300415,
        "dvar2": 472.757415771,
        "max": 274.366271973,
        "mean": 29.991607666,
        "median": 24.2130622864,
        "min": 2.16600445913e-10,
        "var": 598.094360352
    },
    "melbands_crest": {
        "dmean": 3.470733881,
        "dmean2": 5.13075399399,
        "dvar": 10.1086473465,
        "dvar2": 22.0080928802,
        "max": 37.4027175903,
        "mean": 15.9113292694,
        "median": 13.9772281647,
        "min": 3.3332016468,
        "var": 61.5769309998
    },
    "melbands_flatness_db": {
        "dmean": 0.0260994564742,
        "dmean2": 0.0370606482029,
        "dvar": 0.000575054902583,
        "dvar2": 0.00119202351198,
        "max": 0.55922305584,
        "mean": 0.1800853163,
        "median": 0.171902403235,
        "min": 0.0118421101943,
        "var": 0.00410037999973
    },
    "melbands_kurtosis": {
        "dmean": 5.87045049667,
        "dmean2": 8.90542316437,
        "dvar": 133.364532471,
        "dvar2": 298.315490723,
        "max": 334.222351074,
        "mean": 11.5322790146,
        "median": 5.59570884705,
        "min": -1.82690262794,
        "var": 377.462493896
    },
    "melbands_skewness": {
        "dmean": 0.679638564587,
        "dmean2": 1.00676429272,
        "dvar": 0.558990597725,
        "dvar2": 1.169942379,
        "max": 16.8250808716,
        "mean": 2.36511230469,
        "median": 2.03705596924,
        "min": -1.71417987347,
        "var": 3.1745557785
    },
    "melbands_spread": {
        "dmean": 8.5103635788,
        "dmean2": 12.830745697,
        "dvar": 189.057907104,
        "dvar2": 399.241821289,
        "max": 272.254974365,
        "mean": 29.0150585175,
        "median": 23.782951355,
        "min": 1.08983647823,
        "var": 541.25769043
    },
    "pitch_salience": {
        "dmean": 0.0719831064343,
        "dmean2": 0.1093936041,
        "dvar": 0.00434483448043,
        "dvar2": 0.00936186965555,
        "max": 0.949199020863,
        "mean": 0.537868142128,
        "median": 0.554860949516,
        "min": 0.0484963878989,
        "var": 0.0219900850207
    },
    "silence_rate_20dB": {
        "dmean": 0,
        "dmean2": 0,
        "dvar": 0,
        "dvar2": 0,
        "max": 1,
        "mean": 1,
        "median": 1,
        "min": 1,
        "var": 0
    },
    "silence_rate_30dB": {
        "dmean": 0,
        "dmean2": 0,
        "dvar": 0,
        "dvar2": 0,
        "max": 1,
        "mean": 1,
        "median": 1,
        "min": 1,
        "var": 0
    },
    "silence_rate_60dB": {
        "dmean": 0.00753682758659,
        "dmean2": 0.0149611691013,
        "dvar": 0.00748042296618,
        "dvar2": 0.0172476004809,
        "max": 1,
        "mean": 0.0320849493146,
        "median": 0,
        "min": 0,
        "var": 0.0310570932925
    },
    "spectral_centroid": {
        "dmean": 288.954406738,
        "dmean2": 433.695983887,
        "dvar": 115430.8125,
        "dvar2": 220413.234375,
        "max": 7056.12597656,
        "mean": 1740.50537109,
        "median": 1752.35473633,
        "min": 235.426483154,
        "var": 574781.9375
    },
    "spectral_complexity": {
        "dmean": 4.34578037262,
        "dmean2": 6.60678386688,
        "dvar": 23.3492832184,
        "dvar2": 48.6682777405,
        "max": 57,
        "mean": 20.2929897308,
        "median": 19,
        "min": 0,
        "var": 91.6205291748
    },
    "spectral_decrease": {
        "dmean": 2.06762140742e-09,
        "dmean2": 3.00936475739e-09,
        "dvar": 5.13038839883e-18,
        "dvar2": 1.16879148172e-17,
        "max": -6.26837861992e-22,
        "mean": -7.40402805732e-09,
        "median": -6.5906409219e-09,
        "min": -3.08933145732e-08,
        "var": 2.29747380272e-17
    },
    "spectral_energy": {
        "dmean": 0.00834649521858,
        "dmean2": 0.0121577093378,
        "dvar": 8.16526808194e-05,
        "dvar2": 0.000186449033208,
        "max": 0.119717150927,
        "mean": 0.0306648351252,
        "median": 0.02777518332,
        "min": 2.20121298034e-14,
        "var": 0.000363207742339
    },
    "spectral_energyband_high": {
        "dmean": 0.000843734189402,
        "dmean2": 0.00127104646526,
        "dvar": 2.25766689255e-06,
        "dvar2": 4.53418761026e-06,
        "max": 0.0270386133343,
        "mean": 0.00172983808443,
        "median": 0.00100628042128,
        "min": 1.72193175381e-14,
        "var": 5.25397990714e-06
    },
    "spectral_energyband_low": {
        "dmean": 0.00451401807368,
        "dmean2": 0.00627004681155,
        "dvar": 5.43082533113e-05,
        "dvar2": 0.000119465650641,
        "max": 0.0928838551044,
        "mean": 0.0119402371347,
        "median": 0.00559939350933,
        "min": 5.22016929212e-16,
        "var": 0.000240080029471
    },
    "spectral_energyband_middle_high": {
        "dmean": 0.00286661018617,
        "dmean2": 0.00442000385374,
        "dvar": 1.77991878445e-05,
        "dvar2": 4.20249743911e-05,
        "max": 0.0674511790276,
        "mean": 0.00850762799382,
        "median": 0.00487259496003,
        "min": 3.38004262437e-15,
        "var": 8.02170252427e-05
    },
    "spectral_energyband_middle_low": {
        "dmean": 0.00413918402046,
        "dmean2": 0.00644716154784,
        "dvar": 3.72537942894e-05,
        "dvar2": 8.60906220623e-05,
        "max": 0.0798701941967,
        "mean": 0.00936856400222,
        "median": 0.00604682555422,
        "min": 7.40704054353e-16,
        "var": 9.09252630663e-05
    },
    "spectral_entropy": {
        "dmean": 0.161089390516,
        "dmean2": 0.23311111331,
        "dvar": 0.0278288014233,
        "dvar2": 0.0524762123823,
        "max": 8.96493816376,
        "mean": 7.77940416336,
        "median": 7.81971549988,
        "min": 5.43847179413,
        "var": 0.195116996765
    },
    "spectral_flux": {
        "dmean": 0.0249598622322,
        "dmean2": 0.0368574820459,
        "dvar": 0.000616225646809,
        "dvar2": 0.00121993105859,
        "max": 0.286306619644,
        "mean": 0.0940183550119,
        "median": 0.0868667662144,
        "min": 3.7615425299e-06,
        "var": 0.0020197799895
    },
    "spectral_kurtosis": {
        "dmean": 1.15717589855,
        "dmean2": 1.90489983559,
        "dvar": 3.76316142082,
        "dvar2": 9.67702484131,
        "max": 74.6798095703,
        "mean": 3.28153657913,
        "median": 2.73403954506,
        "min": -1.55840885639,
        "var": 9.03055477142
    },
    "spectral_rms": {
        "dmean": 0.000730863888748,
        "dmean2": 0.00104539340828,
        "dvar": 5.13487123044e-07,
        "dvar2": 1.09530844838e-06,
        "max": 0.0108072767034,
        "mean": 0.0051689860411,
        "median": 0.00520554929972,
        "min": 4.63413929452e-09,
        "var": 3.19857622344e-06
    },
    "spectral_rolloff": {
        "dmean": 701.586303711,
        "dmean2": 1162.86315918,
        "dvar": 1694006.25,
        "dvar2": 3644925,
        "max": 16860.4980469,
        "mean": 1927.6706543,
        "median": 1270.45898438,
        "min": 43.06640625,
        "var": 3714977
    },
    "spectral_skewness": {
        "dmean": 0.19052785635,
        "dmean2": 0.298087745905,
        "dvar": 0.0459558591247,
        "dvar2": 0.103385083377,
        "max": 6.05495452881,
        "mean": 1.36385262012,
        "median": 1.32036793232,
        "min": -0.313175320625,
        "var": 0.198168814182
    },
    "spectral_spread": {
        "dmean": 696574.1875,
        "dmean2": 1003357.4375,
        "dvar": 846986674176,
        "dvar2": 1.49573769626e+12,
        "max": 18744622,
        "mean": 5342334.5,
        "median": 5051625,
        "min": 847200.875,
        "var": 4.59474259149e+12
    },
    "spectral_strongpeak": {
        "dmean": 0.668697595596,
        "dmean2": 1.13116240501,
        "dvar": 1.54629504681,
        "dvar2": 3.85538315773,
        "max": 33.9149360657,
        "mean": 1.19884717464,
        "median": 0.509829878807,
        "min": 0,
        "var": 2.76417207718
    },
    "zerocrossingrate": {
        "dmean": 0.0137446401641,
        "dmean2": 0.0157585013658,
        "dvar": 0.000340857397532,
        "dvar2": 0.000344676227542,
        "max": 0.673828125,
        "mean": 0.0759806409478,
        "median": 0.06884765625,
        "min": 0.00390625,
        "var": 0.00221494748257
    },
    "barkbands": {
        "dmean": [0.000503229151946, 0.00388246914372, 0.00143620185554, 0.000626274733804, 0.00133492890745, 0.000818206404801, 0.00106177071575, 0.00101320864633, 0.000932802038733, 0.00129500788171, 0.000878813967574, 0.000918917183299, 0.000344240863342, 0.00035648047924, 0.00035016934271, 0.000250337499892, 0.000237539890804, 0.000253302569035, 0.000295375444693, 0.000167398728081, 0.000230677862419, 0.000173888271092, 0.000165806734003, 0.000137702329084, 0.000168022001162, 8.69862560648e-05, 7.14013276593e-06],
        "dmean2": [0.000561309279874, 0.00535900192335, 0.00248500728048, 0.00111637136433, 0.00219377106987, 0.00128553807735, 0.00169791758526, 0.00164558272809, 0.00151709851343, 0.00206774752587, 0.00140026444569, 0.00146017421503, 0.000567989132833, 0.000589278759435, 0.000573904602788, 0.000391843292164, 0.0003729921591, 0.000407890038332, 0.00046190948342, 0.000263276160695, 0.000361616723239, 0.000274734164122, 0.000257785373833, 0.000210372847505, 0.000252560043009, 0.000141546755913, 1.17915733426e-05],
        "dvar": [8.65684285145e-07, 5.07305849169e-05, 1.81888881343e-05, 3.06311494569e-06, 8.60662021296e-06, 2.51488268077e-06, 5.58474857826e-06, 5.87456861467e-06, 5.1802157941e-06, 7.65124150348e-06, 4.95949052493e-06, 4.09532185586e-06, 7.65289314586e-07, 8.13761175777e-07, 9.06927596134e-07, 4.14902928014e-07, 3.7711100731e-07, 3.92239144276e-07, 2.98023650203e-07, 9.99516629463e-08, 1.86840921401e-07, 1.2764202495e-07, 1.30631747197e-07, 1.46376265775e-07, 2.60260833329e-07, 2.97866424859e-08, 5.50564205337e-10],
        "dvar2": [1.25217411551e-06, 0.000113620561024, 4.96206739626e-05, 8.73574663274e-06, 2.15160744119e-05, 5.73193028686e-06, 1.35073014462e-05, 1.47018672578e-05, 1.32282966661e-05, 1.88650155906e-05, 1.10463643068e-05, 1.02157700894e-05, 1.99036230697e-06, 2.09372819882e-06, 2.32215575124e-06, 9.4484374813e-07, 8.82692461346e-07, 9.21970524814e-07, 6.72668875268e-07, 2.37462586483e-07, 4.39110237949e-07, 3.01565421523e-07, 2.70772972044e-07, 2.95524444027e-07, 4.7665022862e-07, 6.70086350851e-08, 1.36828792741e-09],
        "max": [0.0124761741608, 0.0884525626898, 0.0431262776256, 0.0360642634332, 0.0539045892656, 0.030543146655, 0.0507667809725, 0.0566437467933, 0.0594754740596, 0.0592900887132, 0.0573674812913, 0.0391113385558, 0.0213979166001, 0.0160553567111, 0.0216062031686, 0.0166642591357, 0.0126372557133, 0.0184261556715, 0.0128149371594, 0.00879281572998, 0.0084404964, 0.00917604938149, 0.00956976227462, 0.00931765325367, 0.0150947533548, 0.0042348029092, 0.00103903491981],
        "mean": [0.0011335152667, 0.00882832892239, 0.00157691864297, 0.000724536424968, 0.00225060712546, 0.00137422210537, 0.00146457599476, 0.00139850855339, 0.00125331059098, 0.00212166435085, 0.00150504137855, 0.00167864619289, 0.000556575949304, 0.00056214799406, 0.000537885993253, 0.000411724846344, 0.000401360040996, 0.000404539401643, 0.000598468177486, 0.000311554118525, 0.000447654601885, 0.000280139269307, 0.000253150210483, 0.000220883302973, 0.00025686781737, 0.00010401198233, 8.00551242719e-06],
        "median": [0.000170112703927, 0.00250995671377, 0.000486424250994, 0.000242161768256, 0.000736690766644, 0.000665759493131, 0.000532172678504, 0.000513844250236, 0.000404281599913, 0.000697347568348, 0.000408734660596, 0.000477626308566, 0.000186509205378, 0.000202640949283, 0.000149541519932, 0.000101199839264, 0.000112552916107, 0.000155960340635, 0.000263407651801, 0.000157623086125, 0.00019742679433, 0.000127923500258, 0.000107351093902, 8.33203885122e-05, 7.21976830391e-05, 2.58597065113e-05, 7.18126003107e-08],
        "min": [2.19872256583e-16, 2.59307966555e-16, 1.09995989698e-16, 8.69569317607e-17, 2.23316107258e-16, 1.0918270572e-16, 1.1453607306e-16, 1.44920534542e-16, 5.2086805475e-17, 5.17906185674e-17, 7.62315491197e-17, 5.80655577547e-17, 1.70281230378e-16, 2.17385486964e-16, 1.18032055966e-16, 3.25167822229e-16, 7.5038802322e-16, 3.19328668258e-16, 6.05143048589e-16, 1.49687291862e-15, 3.84663628202e-16, 1.04748212955e-15, 1.77005290257e-15, 1.67325609494e-15, 2.91099325939e-15, 4.04516508181e-15, 4.61912095961e-15],
        "var": [3.87931686419e-06, 0.000186197634321, 1.34668825922e-05, 2.29674833463e-06, 1.71537085407e-05, 5.1866618378e-06, 8.36022536532e-06, 8.0406152847e-06, 7.24418805476e-06, 1.7786222088e-05, 1.34800247906e-05, 1.2483294995e-05, 1.53155065163e-06, 1.33342007302e-06, 1.39328028581e-06, 9.17511499665e-07, 8.65299568886e-07, 6.43042767479e-07, 9.18076921153e-07, 2.35953251604e-07, 4.43328758593e-07, 2.17419909632e-07, 2.28221452403e-07, 2.77586650554e-07, 5.84243537105e-07, 4.89036793283e-08, 1.11218512178e-09]
    },
    "erbbands": {
        "dmean": [0.176420897245, 0.721356213093, 1.50182580948, 1.98204028606, 2.50132083893, 5.45290136337, 6.59837961197, 6.55674791336, 13.1422195435, 17.4688682556, 22.2987613678, 20.366235733, 38.2216682434, 32.264339447, 33.7403450012, 37.3558883667, 16.0101261139, 17.2478542328, 17.6158885956, 14.610669136, 12.5144424438, 11.3183889389, 12.6437425613, 14.8659763336, 12.2780590057, 7.53464794159, 8.86550521851, 8.61665534973, 6.20806598663, 5.38082885742, 4.61183261871, 3.06050539017, 2.34440016747, 2.03048419952, 1.16892802715, 0.476678699255, 0.142917260528, 0.0198381040245, 0.00124862650409, 4.67645586468e-05],
        "dmean2": [0.204857394099, 1.09023725986, 2.44101142883, 3.46064543724, 4.1691827774, 8.89201068878, 10.4633598328, 10.3652114868, 20.6985359192, 27.9500579834, 36.1146736145, 32.9370918274, 61.4358291626, 51.2936439514, 52.7078590393, 59.4487037659, 26.1511363983, 28.0355854034, 28.8432254791, 22.8126525879, 19.2733860016, 17.2116775513, 20.041557312, 23.4832191467, 18.8801784515, 11.7551002502, 13.9915065765, 13.5388097763, 9.78589057922, 8.52172756195, 7.09697580338, 4.68653440475, 3.58242058754, 3.11400055885, 1.76366245747, 0.758491396904, 0.236399367452, 0.0332536958158, 0.00200865627266, 7.43637501728e-05],
        "dvar": [0.0972309634089, 2.53293538094, 17.6578617096, 30.1589050293, 36.0334625244, 172.087585449, 208.675704956, 195.075271606, 820.462280273, 1869.81176758, 2994.55004883, 2557.69189453, 7226.97509766, 4994.62988281, 8179.32714844, 7455.28857422, 1581.43603516, 1451.73217773, 2769.93945312, 1209.14331055, 866.235290527, 811.298522949, 1080.33361816, 858.879699707, 510.41885376, 213.211380005, 336.3621521, 261.953308105, 163.677520752, 128.625610352, 119.756637573, 74.8810119629, 45.6751251221, 41.8567047119, 13.6547460556, 1.10781168938, 0.0938033014536, 0.00257765967399, 1.77765359695e-05, 2.92771442645e-08],
        "dvar2": [0.166325762868, 5.59838438034, 44.7928085327, 84.7941436768, 92.7977294922, 425.785430908, 484.384429932, 460.431030273, 1932.45300293, 4549.54980469, 7393.83349609, 6411.19921875, 17530.875, 11894.1601562, 17521.1777344, 18598.4785156, 4206.44384766, 3634.94262695, 7175.25927734, 2754.97509766, 1976.8190918, 1825.52600098, 2524.98950195, 1971.45959473, 1138.49731445, 496.846221924, 806.980957031, 607.386230469, 388.972686768, 309.337554932, 238.844085693, 153.018432617, 96.2016830444, 84.526763916, 25.6869678497, 2.27635145187, 0.213245034218, 0.00678829103708, 4.23507117375e-05, 7.8383216362e-08],
        "max": [4.07632827759, 22.326675415, 47.7409477234, 87.2602157593, 133.068634033, 225.862319946, 311.106079102, 357.081237793, 782.277404785, 1242.38623047, 1558.27001953, 1611.85766602, 1875.2310791, 1706.92492676, 2706.76171875, 1459.68933105, 1066.18103027, 833.96875, 1479.53491211, 732.38458252, 724.0625, 641.192932129, 848.651733398, 646.594177246, 877.453369141, 394.148895264, 359.795715332, 325.40032959, 309.210327148, 224.919952393, 389.990570068, 262.405395508, 232.228607178, 223.978469849, 136.1484375, 28.9723548889, 13.3076972961, 0.769575417042, 0.218351602554, 0.0100513035432],
        "mean": [0.404293894768, 1.37276172638, 1.83236694336, 2.48969507217, 3.63696789742, 8.80626869202, 10.8564863205, 10.5917654037, 19.4724636078, 24.4060955048, 31.4119796753, 29.5214881897, 62.1586990356, 58.6711082458, 66.4061813354, 69.9142379761, 28.9694843292, 30.2597560883, 28.4630527496, 24.9536628723, 22.86003685, 20.8968868256, 22.3911361694, 28.434835434, 25.9778900146, 15.3327846527, 17.0002498627, 16.5105075836, 10.4291114807, 8.19568061829, 7.09188222885, 4.86780500412, 3.6380033493, 3.07000112534, 1.69370877743, 0.598166704178, 0.165329486132, 0.0220633335412, 0.00157582038082, 8.90164155862e-05],
        "median": [0.0995313823223, 0.381708920002, 0.688799142838, 1.01002693176, 1.35679519176, 2.29519748688, 3.5179901123, 5.1146235466, 8.44588661194, 8.75946807861, 12.434797287, 11.153799057, 20.7472858429, 20.8682727814, 19.3935413361, 21.2552452087, 12.16147995, 12.7884902954, 9.44028568268, 7.91714954376, 6.42515659332, 6.54327297211, 8.49489021301, 12.9788999557, 12.0390453339, 7.83108520508, 7.90844678879, 7.3736000061, 4.9903793335, 3.51096200943, 3.00411844254, 1.89351308346, 1.29164099693, 0.850219607353, 0.446682572365, 0.152567908168, 0.037636756897, 0.00340227223933, 0.000100692588603, 4.69023216283e-05],
        "min": [1.05794601459e-14, 4.81258235303e-14, 1.2143413987e-13, 2.28951569075e-13, 4.43910939908e-13, 8.15263384146e-13, 1.0416106996e-12, 8.18693745609e-13, 1.15597386264e-12, 2.74455176467e-12, 2.80494225936e-12, 1.23675559811e-12, 1.12108412831e-12, 2.68009139187e-12, 2.65556890713e-12, 2.64208121527e-12, 6.91052987403e-12, 1.26178147791e-11, 5.14837738413e-12, 1.41750500227e-11, 1.78389213124e-11, 4.36346341004e-11, 2.35646693131e-11, 1.43656172027e-11, 4.72570420296e-11, 7.68239152849e-11, 2.42906163933e-11, 1.57369291209e-11, 2.18335835522e-11, 7.87084494802e-11, 3.37209149492e-11, 3.95617601179e-11, 2.43909874936e-11, 4.10591213806e-11, 1.58833224351e-11, 1.39221975962e-11, 9.05190419148e-12, 2.17625830551e-12, 8.50932334578e-13, 5.46946013057e-14],
        "var": [0.446625292301, 5.68791913986, 16.007598877, 23.2272415161, 55.628692627, 360.221405029, 477.623138428, 342.36138916, 1285.90551758, 2603.04418945, 4134.90869141, 3773.29589844, 16650.8886719, 12879.0068359, 27052.1933594, 21257.2167969, 3228.58007812, 3147.40136719, 3747.90307617, 2622.99560547, 2087.14697266, 2014.88830566, 2071.11865234, 2099.40258789, 1861.98937988, 596.485412598, 710.721374512, 619.604980469, 290.403564453, 185.354827881, 218.115158081, 135.261566162, 79.4480361938, 85.1483078003, 28.443271637, 2.1096663475, 0.139060750604, 0.00279081170447, 5.6324453908e-05, 6.96397535194e-08]
    },
    "gfcc": {
        "mean": [16.7930736542, 66.7557373047, -127.634788513, 25.3167514801, -70.3271331787, 22.9852142334, -26.8740978241, 15.299202919, -25.3523902893, 6.56984043121, -11.2575464249, 2.86661672592, -8.71779346466],
        "cov": [[4762.53466797, -997.227355957, 1634.9432373, 498.279846191, 296.051971436, 251.5362854, -199.297546387, 469.33102417, -191.659713745, 541.748352051, -150.110458374, 529.870666504, -135.461883545], [-997.227355957, 1881.49255371, 188.399734497, 285.430236816, 50.9438362122, -167.406814575, 159.766998291, -269.403717041, 98.4418029785, -147.778793335, 177.2290802, -165.695907593, 87.1231155396], [1634.9432373, 188.399734497, 2441.33984375, 599.434692383, 242.678512573, 261.36114502, -158.890991211, 217.498504639, -103.486587524, 344.273223877, -9.47900485992, 356.147888184, -119.58757019], [498.279846191, 285.430236816, 599.434692383, 625.840393066, 207.967224121, 120.700180054, 64.9177780151, 116.257072449, 112.147979736, 129.132781982, 84.5972976685, 134.625808716, 44.1540107727], [296.051971436, 50.9438362122, 242.678512573, 207.967224121, 370.955444336, 134.956329346, 133.504135132, 117.501235962, 93.2078323364, 119.352210999, 45.540309906, 112.645721436, 42.8793945312], [251.5362854, -167.406814575, 261.36114502, 120.700180054, 134.956329346, 292.776031494, 103.750549316, 116.179069519, 51.9741973877, 108.933227539, 43.3563957214, 84.7228775024, 35.9821739197], [-199.297546387, 159.766998291, -158.890991211, 64.9177780151, 133.504135132, 103.750549316, 303.59979248, 42.6648368835, 131.003738403, 38.9018707275, 85.5012817383, 9.20403862, 70.7335968018], [469.33102417, -269.403717041, 217.498504639, 116.257072449, 117.501235962, 116.179069519, 42.6648368835, 267.829650879, 62.9806022644, 133.965057373, 24.5546112061, 117.851356506, 22.0151443481], [-191.659713745, 98.4418029785, -103.486587524, 112.147979736, 93.2078323364, 51.9741973877, 131.003738403, 62.9806022644, 243.002105713, 31.9665699005, 75.5644760132, 21.3008499146, 57.5651321411], [541.748352051, -147.778793335, 344.273223877, 129.132781982, 119.352210999, 108.933227539, 38.9018707275, 133.965057373, 31.9665699005, 230.8331604, 41.9169502258, 138.859390259, 9.35928058624], [-150.110458374, 177.2290802, -9.47900485992, 84.5972976685, 45.540309906, 43.3563957214, 85.5012817383, 24.5546112061, 75.5644760132, 41.9169502258, 164.301696777, 31.6983528137, 50.1432342529], [529.870666504, -165.695907593, 356.147888184, 134.625808716, 112.645721436, 84.7228775024, 9.20403862, 117.851356506, 21.3008499146, 138.859390259, 31.6983528137, 211.776123047, 15.8115205765], [-135.461883545, 87.1231155396, -119.58757019, 44.1540107727, 42.8793945312, 35.9821739197, 70.7335968018, 22.0151443481, 57.5651321411, 9.35928058624, 50.1432342529, 15.8115205765, 120.275238037]],
        "icov": [[0.000437669310486, 0.000111769331852, -7.46112200432e-05, -0.00023555381631, -2.9909730074e-05, 0.000112541129056, 1.73606440512e-05, -0.000234244638705, 0.000350066053215, -0.00049337715609, 0.000385323452065, -0.000416137918364, 0.000198830093723], [0.000111769331852, 0.00134351034649, -0.000574398669414, -0.000495997548569, -0.000346161046764, 0.00119846616872, -0.00077274790965, 0.0010624154238, -4.27127961302e-05, 0.000397284864448, -0.00113555404823, 0.00118108675815, -0.000903803389519], [-7.46112200432e-05, -0.000574398669414, 0.00115535128862, -0.00049784197472, 8.79875515238e-05, -0.00102269288618, 0.000788869860116, -0.000299559382256, 0.000445957120974, -0.000660531106405, 0.000551688659471, -0.00118533347268, 0.00129281706177], [-0.00023555381631, -0.000495997548569, -0.00049784197472, 0.00310079311021, -0.000681505189277, -0.000283410336124, 0.000371070898836, -0.0003385131713, -0.0011339825578, 0.000274453341262, -0.000503389572259, -0.000229795652558, -0.000606394256465], [-2.9909730074e-05, -0.000346161046764, 8.79875515238e-05, -0.000681505189277, 0.00465691369027, -0.000861089909449, -0.0013122925302, -0.000628664856777, -0.00037971342681, -0.000651615962852, 0.00100324954838, -0.00132316851523, 2.70546897809e-05], [0.000112541129056, 0.00119846616872, -0.00102269288618, -0.000283410336124, -0.000861089909449, 0.0064319265075, -0.0021788792219, -0.000243399656028, 0.000177007124876, -0.000363367871614, -0.00108814076521, 0.00118169374764, -0.00170359259937], [1.73606440512e-05, -0.00077274790965, 0.000788869860116, 0.000371070898836, -0.0013122925302, -0.0021788792219, 0.00643879640847, -0.000272142875474, -0.00155811442528, -0.000820971501525, -0.000654916104395, 4.71526000183e-05, -0.000313242635457], [-0.000234244638705, 0.0010624154238, -0.000299559382256, -0.0003385131713, -0.000628664856777, -0.000243399656028, -0.000272142875474, 0.00731413671747, -0.00142193434294, -0.00138872209936, -0.000536611420102, -0.000278809835436, -0.00103977532126], [0.000350066053215, -4.27127961302e-05, 0.000445957120974, -0.0011339825578, -0.00037971342681, 0.000177007124876, -0.00155811442528, -0.00142193434294, 0.00684368656948, -0.00027378386585, -0.000867391005158, -0.000304189539747, -0.000308635731926], [-0.00049337715609, 0.000397284864448, -0.000660531106405, 0.000274453341262, -0.000651615962852, -0.000363367871614, -0.000820971501525, -0.00138872209936, -0.00027378386585, 0.00985249783844, -0.00209001544863, -0.00233922130428, 2.02678693313e-05], [0.000385323452065, -0.00113555404823, 0.000551688659471, -0.000503389572259, 0.00100324954838, -0.00108814076521, -0.000654916104395, -0.000536611420102, -0.000867391005158, -0.00209001544863, 0.0100055225194, -0.00220716441981, -0.00086230202578], [-0.000416137918364, 0.00118108675815, -0.00118533347268, -0.000229795652558, -0.00132316851523, 0.00118169374764, 4.71526000183e-05, -0.000278809835436, -0.000304189539747, -0.00233922130428, -0.00220716441981, 0.0112933404744, -0.00251375418156], [0.000198830093723, -0.000903803389519, 0.00129281706177, -0.000606394256465, 2.70546897809e-05, -0.00170359259937, -0.000313242635457, -0.00103977532126, -0.000308635731926, 2.02678693313e-05, -0.00086230202578, -0.00251375418156, 0.0124115655199]]
    },
    "melbands": {
        "dmean": [0.00124497385696, 0.000736305431928, 0.000333418836817, 0.000277164799627, 0.000233070342802, 0.000154685592861, 0.000207301578484, 0.000195358108613, 0.000181335926754, 0.000132894027047, 0.000194972570171, 0.000134555462864, 0.000109446264105, 0.000118423886306, 5.81150743528e-05, 3.40512560797e-05, 3.54663206963e-05, 2.99883140542e-05, 2.50619614235e-05, 1.92202987819e-05, 1.57035683515e-05, 1.29780137286e-05, 1.40701595228e-05, 1.10120799945e-05, 1.36473790917e-05, 1.19704136523e-05, 6.99042038832e-06, 5.15133569934e-06, 5.39774691788e-06, 6.64295430397e-06, 5.10570089318e-06, 3.78614186047e-06, 3.17202216138e-06, 3.22986670653e-06, 2.97838278129e-06, 2.17546630665e-06, 1.89030811271e-06, 1.81596226412e-06, 1.45769797655e-06, 1.95094003175e-06],
        "dmean2": [0.00160050892737, 0.00110679934733, 0.000571225653403, 0.000457359594293, 0.000371597707272, 0.000242752066697, 0.000328536203597, 0.000312809977913, 0.000294639874483, 0.000214448940824, 0.000313845812343, 0.00021518250287, 0.000172414918779, 0.000186574528925, 9.34267009143e-05, 5.55806691409e-05, 5.81355889153e-05, 4.91821556352e-05, 4.03340127377e-05, 2.95705995086e-05, 2.43616486841e-05, 2.00480335479e-05, 2.19757348532e-05, 1.77217643795e-05, 2.16242915485e-05, 1.86620691238e-05, 1.10120718091e-05, 8.13691985968e-06, 8.42281133373e-06, 1.07479436338e-05, 8.10884739622e-06, 6.00733710598e-06, 5.04793524669e-06, 5.23910875927e-06, 4.62984326077e-06, 3.35486038239e-06, 2.95682775686e-06, 2.81969028038e-06, 2.28037811212e-06, 3.00822489407e-06],
        "dvar": [4.75658498544e-06, 2.9669356536e-06, 7.62726358516e-07, 4.2255516064e-07, 2.46286617767e-07, 9.93224347212e-08, 1.93363206336e-07, 2.19298797788e-07, 2.06540619274e-07, 1.01192441093e-07, 1.89010776808e-07, 9.02259742475e-08, 8.6442142333e-08, 7.0986487799e-08, 1.86414990111e-08, 6.9590981866e-09, 6.67527233489e-09, 8.64764171382e-09, 4.55608972771e-09, 2.75431588648e-09, 1.42087586141e-09, 1.16769505176e-09, 2.08909312072e-09, 6.00250738003e-10, 7.9517564755e-10, 5.97205396247e-10, 1.65729818757e-10, 1.10700157374e-10, 1.3517723052e-10, 1.85360435334e-10, 9.92676774114e-11, 6.2651495103e-11, 4.30240461313e-11, 5.07920407122e-11, 5.17117008936e-11, 3.35352787206e-11, 3.23235570254e-11, 3.23904965349e-11, 1.37070875483e-11, 4.90099974493e-11],
        "dvar2": [9.81716402748e-06, 6.4084870246e-06, 2.09763175008e-06, 1.07459334231e-06, 5.78512754146e-07, 2.30938510981e-07, 4.64974959868e-07, 5.37340042683e-07, 5.11249538704e-07, 2.5465740805e-07, 4.60195934693e-07, 2.16554454369e-07, 1.90489643614e-07, 1.74384481966e-07, 4.57308857449e-08, 1.80835098007e-08, 1.67668599005e-08, 2.20670433038e-08, 1.13446159133e-08, 6.16111472951e-09, 3.26286886398e-09, 2.66202393462e-09, 4.72679984043e-09, 1.44319522999e-09, 1.83401394072e-09, 1.3768436391e-09, 3.98636346155e-10, 2.51714954436e-10, 3.22727761182e-10, 4.61344712432e-10, 2.27619284532e-10, 1.50452830749e-10, 1.02733203888e-10, 1.2607132005e-10, 1.07018317819e-10, 7.00379060303e-11, 6.99358487788e-11, 7.1057541795e-11, 3.03060215812e-11, 1.03018024666e-10],
        "max": [0.0283377021551, 0.0219975691289, 0.0149013111368, 0.0150658451021, 0.0108570596203, 0.00722709391266, 0.0100268078968, 0.0124306064099, 0.0118912477046, 0.00948517769575, 0.00947622954845, 0.00635529356077, 0.00889471545815, 0.00592770334333, 0.00263648736291, 0.00189881713595, 0.00152208295185, 0.00257115089335, 0.00151280395221, 0.00133044971153, 0.000773092149757, 0.000719745410606, 0.00168821634725, 0.000521085457876, 0.000590098497923, 0.000693898065947, 0.00032540524262, 0.000338679616107, 0.000254003360169, 0.000299537641695, 0.000209512087167, 0.000196438879357, 0.000136373535497, 0.000123685502331, 0.000290602794848, 0.000240770823439, 0.000178127913387, 0.000220904868911, 8.98821817827e-05, 0.00024308700813],
        "mean": [0.00295142829418, 0.00124453497119, 0.000442032032879, 0.000444959761808, 0.000394077505916, 0.000252334255492, 0.000305563153233, 0.000273073848803, 0.000247483840212, 0.00018652358267, 0.000311321346089, 0.00023347394017, 0.000200357535505, 0.000221681431867, 9.86257509794e-05, 5.54212929273e-05, 5.67861279706e-05, 4.44725083071e-05, 3.87100335502e-05, 3.09889692289e-05, 2.63327001448e-05, 2.10264988709e-05, 2.33726550505e-05, 1.77857655217e-05, 2.3599330234e-05, 2.23023398576e-05, 1.29718919197e-05, 9.4172264653e-06, 9.38090579439e-06, 1.1805151189e-05, 9.00946633919e-06, 5.99162376602e-06, 4.8178662837e-06, 4.51033929494e-06, 4.32844808529e-06, 3.28405144501e-06, 2.87232091978e-06, 2.65886069428e-06, 2.20768424697e-06, 2.80331664726e-06],
        "median": [0.000822217145469, 0.000557506456971, 0.000198805093532, 0.000133832974825, 0.000123920006445, 0.000121547644085, 0.000128906307509, 9.84259240795e-05, 9.19451849768e-05, 6.31057773717e-05, 9.79326287052e-05, 7.19377421774e-05, 5.5376556702e-05, 6.34994867141e-05, 3.31773189828e-05, 1.97374101845e-05, 2.11909609789e-05, 1.38309460453e-05, 1.04670007204e-05, 7.46235491533e-06, 6.6565535235e-06, 6.01637111686e-06, 6.84717633703e-06, 7.03565910953e-06, 9.77834315563e-06, 9.27469500311e-06, 6.09935614193e-06, 4.42220652985e-06, 4.2142573875e-06, 4.87610486744e-06, 3.74849014406e-06, 2.68744361165e-06, 2.02929732041e-06, 1.85518911167e-06, 1.81477639671e-06, 1.2670329852e-06, 1.06030302049e-06, 8.86616930984e-07, 7.57547638841e-07, 6.64200683786e-07],
        "min": [9.3798377171e-17, 6.45984449442e-17, 4.52095365268e-17, 4.53477881856e-17, 3.77528507204e-17, 1.8714187118e-17, 1.93211573622e-17, 3.15691197762e-17, 2.09575886203e-17, 6.80116626397e-18, 5.45834400501e-18, 1.05101254302e-17, 9.85036700084e-18, 6.55785315473e-18, 7.50548036346e-18, 2.12611093112e-17, 2.37232256394e-17, 8.069831781e-18, 1.11944784208e-17, 2.389309545e-17, 1.93255232215e-17, 4.40980175417e-17, 3.79032850954e-17, 1.08274707907e-17, 9.01977178672e-18, 3.17862414521e-17, 3.95843609455e-17, 5.51749155471e-17, 1.7446064645e-17, 6.89254573341e-18, 9.31664277266e-18, 5.18694108295e-18, 3.36431196523e-17, 5.02018527649e-17, 1.70041384397e-17, 2.45148126702e-17, 2.31190562287e-17, 1.66632490374e-17, 1.33524859326e-17, 4.63286126339e-17],
        "var": [2.10694906855e-05, 4.69473707199e-06, 6.40296946131e-07, 8.52847449551e-07, 5.51707728391e-07, 1.87792053907e-07, 3.0088884273e-07, 3.07899711061e-07, 2.76015867939e-07, 1.56249484462e-07, 4.32254410043e-07, 2.27117254781e-07, 2.49480905268e-07, 2.21234685682e-07, 4.21653005844e-08, 1.34051534317e-08, 1.33932127611e-08, 1.10177609258e-08, 7.94666021875e-09, 6.16893425232e-09, 3.32789307222e-09, 2.38094055582e-09, 4.19058343581e-09, 1.03814523644e-09, 1.72373204599e-09, 1.61595059556e-09, 4.2406339551e-10, 2.92713631111e-10, 2.51911519422e-10, 3.82182424596e-10, 2.26229923683e-10, 1.05916608817e-10, 6.94929391809e-11, 6.2782098964e-11, 8.62353938258e-11, 5.71609183597e-11, 5.44105385747e-11, 5.0477799024e-11, 2.46418458555e-11, 9.68501459586e-11]
    },
    "mfcc": {
        "mean": [-621.795593262, 97.5953292847, -2.9275496006, 8.28143787384, -12.5338888168, 4.29049682617, 7.24470901489, 6.87866020203, -0.111011624336, 3.53333091736, 2.67226600647, 0.573857843876, 0.395685404539],
        "cov": [[3420.43115234, -726.570617676, 579.865905762, 374.506896973, 332.009216309, 66.8771362305, 90.6347045898, 58.5603141785, 158.097671509, -15.3491191864, 45.9457206726, 173.542510986, 227.801483154], [-726.570617676, 1286.4050293, 318.720184326, 254.773895264, 7.87905216217, 85.7919616699, 37.7224731445, -62.4567832947, -103.53730011, -7.27380561829, -16.6121826172, -45.7449378967, -6.31508684158], [579.865905762, 318.720184326, 1754.89709473, 504.296905518, 465.546630859, 202.049758911, 97.3805770874, 34.0999183655, -31.7829380035, -19.7762184143, 79.1067962646, 66.7653198242, 179.010986328], [374.506896973, 254.773895264, 504.296905518, 564.084899902, 248.252365112, 129.497207642, 67.86277771, 60.9486122131, 61.3850288391, 16.2997570038, 51.906539917, 105.891609192, 117.653358459], [332.009216309, 7.87905216217, 465.546630859, 248.252365112, 376.038238525, 104.388320923, 65.7571640015, 71.9762649536, 71.3438415527, 13.2620153427, 49.286945343, 75.2403411865, 117.585891724], [66.8771362305, 85.7919616699, 202.049758911, 129.497207642, 104.388320923, 254.401596069, 96.181854248, 57.4298019409, 68.1268386841, 47.6194152832, 42.2473945618, 49.1470375061, 73.2717132568], [90.6347045898, 37.7224731445, 97.3805770874, 67.86277771, 65.7571640015, 96.181854248, 210.316482544, 48.7852859497, 51.7386627197, 48.2934875488, 29.1795845032, 44.421962738, 63.8246269226], [58.5603141785, -62.4567832947, 34.0999183655, 60.9486122131, 71.9762649536, 57.4298019409, 48.7852859497, 161.7084198, 85.3084640503, 43.1521873474, 54.1392250061, 54.6499633789, 46.5057449341], [158.097671509, -103.53730011, -31.7829380035, 61.3850288391, 71.3438415527, 68.1268386841, 51.7386627197, 85.3084640503, 185.000793457, 68.3900222778, 40.4402198792, 56.5546798706, 47.1123199463], [-15.3491191864, -7.27380561829, -19.7762184143, 16.2997570038, 13.2620153427, 47.6194152832, 48.2934875488, 43.1521873474, 68.3900222778, 131.421463013, 55.4573936462, 26.8086528778, 19.5579586029], [45.9457206726, -16.6121826172, 79.1067962646, 51.906539917, 49.286945343, 42.2473945618, 29.1795845032, 54.1392250061, 40.4402198792, 55.4573936462, 124.700653076, 64.0699539185, 41.673374176], [173.542510986, -45.7449378967, 66.7653198242, 105.891609192, 75.2403411865, 49.1470375061, 44.421962738, 54.6499633789, 56.5546798706, 26.8086528778, 64.0699539185, 142.87701416, 87.1287307739], [227.801483154, -6.31508684158, 179.010986328, 117.653358459, 117.585891724, 73.2717132568, 63.8246269226, 46.5057449341, 47.1123199463, 19.5579586029, 41.673374176, 87.1287307739, 158.390060425]],
