{
"lowlevel": {
    "average_loudness": 0.860738575459,
    "barkbands_crest": {
        "dmean": 2.54238414764,
        "dmean2": 4.22324419022,
        "dvar": 5.62490463257,
        "dvar2": 14.5921134949,
        "max": 24.08984375,
        "mean": 10.1660575867,
        "median": 9.52497196198,
        "min": 3.08331251144,
        "var": 13.0633945465
    },
    "barkbands_flatness_db": {
        "dmean": 0.0236214138567,
        "dmean2": 0.0356919914484,
        "dvar": 0.000506522948854,
        "dvar2": 0.00111241475679,
        "max": 0.491966277361,
        "mean": 0.189865902066,
        "median": 0.178260177374,
        "min": 0.0325681045651,
        "var": 0.00546531751752
    },
    "barkbands_kurtosis": {
        "dmean": 2.31525993347,
        "dmean2": 3.70655822754,
        "dvar": 14.0651473999,
        "dvar2": 34.7143630981,
        "max": 78.4984207153,
        "mean": 4.35693597794,
        "median": 3.18029546738,
        "min": -1.77859127522,
        "var": 23.2214298248
    },
    "barkbands_skewness": {
        "dmean": 0.424353510141,
        "dmean2": 0.662249803543,
        "dvar": 0.202196344733,
        "dvar2": 0.469319522381,
        "max": 8.37325000763,
        "mean": 1.59126925468,
        "median": 1.53595423698,
        "min": -2.3203792572,
        "var": 0.690239131451
    },
    "barkbands_spread": {
        "dmean": 3.35305523872,
        "dmean2": 5.08795690536,
        "dvar": 21.1984958649,
        "dvar2": 42.5423316956,
        "max": 122.919120789,
        "mean": 14.5429973602,
        "median": 12.1960687637,
        "min": 1.51423513889,
        "var": 102.265808105
    },
    "dissonance": {
        "dmean": 0.0216684639454,
        "dmean2": 0.0366553887725,
        "dvar": 0.000400048535084,
        "dvar2": 0.00110360700637,
        "max": 0.500000119209,
        "mean": 0.458290576935,
        "median": 0.464040160179,
        "min": 0.267816752195,
        "var": 0.00086880667368
    },
    "dynamic_complexity": 1.96104109287,
    "erbbands_crest": {
        "dmean": 2.57767748833,
        "dmean2": 4.20495843887,
        "dvar": 5.640001297,
        "dvar2": 14.2750701904,
        "max": 28.5708580017,
        "mean": 9.47770118713,
        "median": 8.49546813965,
        "min": 2.04310274124,
        "var": 17.8199043274
    },
    "erbbands_flatness_db": {
        "dmean": 0.0182997453958,
        "dmean2": 0.0258508697152,
        "dvar": 0.000336438097293,
        "dvar2": 0.000582794484217,
        "max": 0.430529206991,
        "mean": 0.199383988976,
        "median": 0.185545220971,
        "min": 0.0285942852497,
        "var": 0.00503472378477
    },
    "erbbands_kurtosis": {
        "dmean": 0.906263232231,
        "dmean2": 1.4493868351,
        "dvar": 1.05903637409,
        "dvar2": 2.61966633797,
        "max": 14.9419612885,
        "mean": 1.02786409855,
        "median": 0.587655067444,
        "min": -1.80244410038,
        "var": 3.51380681992
    },
    "erbbands_skewness": {
        "dmean": 0.304695159197,
        "dmean2": 0.480761349201,
        "dvar": 0.0684931948781,
        "dvar2": 0.16648453474,
        "max": 3.36732721329,
        "mean": 0.82326489687,
        "median": 0.796383976936,
        "min": -2.21443843842,
        "var": 0.31339636445
    },
    "erbbands_spread": {
        "dmean": 5.92110013962,
        "dmean2": 8.96392726898,
        "dvar": 48.8601379395,
        "dvar2": 95.4640884399,
        "max": 129.089111328,
        "mean": 30.4603900909,
        "median": 27.0111103058,
        "min": 3.93089556694,
        "var": 281.239044189
    },
    "hfc": {
        "dmean": 5.39506959915,
        "dmean2": 8.39817619324,
        "dvar": 107.676589966,
        "dvar2": 263.908477783,
        "max": 630.008544922,
        "mean": 20.8473854065,
        "median": 16.2310733795,
        "min": 1.73405112491e-07,
        "var": 515.88885498
    },
    "melbands_crest": {
        "dmean": 3.25156402588,
        "dmean2": 5.30717277527,
        "dvar": 8.79465484619,
        "dvar2": 22.1874752045,
        "max": 33.2258148193,
        "mean": 13.7704229355,
        "median": 12.9611301422,
        "min": 3.00453305244,
        "var": 22.4972705841
    },
    "melbands_flatness_db": {
        "dmean": 0.0261107292026,
        "dmean2": 0.0394594147801,
        "dvar": 0.000686088635121,
        "dvar2": 0.00147778261453,
        "max": 0.662724733353,
        "mean": 0.248391151428,
        "median": 0.225786775351,
        "min": 0.0164919551462,
        "var": 0.00881073717028
    },
    "melbands_kurtosis": {
        "dmean": 4.62689781189,
        "dmean2": 7.32895803452,
        "dvar": 57.8829345703,
        "dvar2": 138.644195557,
        "max": 146.643600464,
        "mean": 10.0740299225,
        "median": 7.38834857941,
        "min": -1.23715889454,
        "var": 106.256286621
    },
    "melbands_skewness": {
        "dmean": 0.560586750507,
        "dmean2": 0.865768253803,
        "dvar": 0.345605373383,
        "dvar2": 0.781441509724,
        "max": 9.76875305176,
        "mean": 2.25344014168,
        "median": 2.09902906418,
        "min": -0.882191836834,
        "var": 1.32433712482
    },
    "melbands_spread": {
        "dmean": 3.59019422531,
        "dmean2": 5.61492824554,
        "dvar": 28.9536380768,
        "dvar2": 67.7253570557,
        "max": 232.770553589,
        "mean": 14.9567756653,
        "median": 12.7971868515,
        "min": 1.38527238369,
        "var": 136.640640259
    },
    "pitch_salience": {
        "dmean": 0.0677311196923,
        "dmean2": 0.111908294261,
        "dvar": 0.00402083154768,
        "dvar2": 0.0105885528028,
        "max": 0.882142007351,
        "mean": 0.568551003933,
        "median": 0.571389436722,
        "min": 0.185983374715,
        "var": 0.0111640049145
    },
    "silence_rate_20dB": {
        "dmean": 0,
        "dmean2": 0,
        "dvar": 0,
        "dvar2": 0,
        "max": 1,
        "mean": 1,
        "median": 1,
        "min": 1,
        "var": 0
    },
    "silence_rate_30dB": {
        "dmean": 0.0256288554519,
        "dmean2": 0.0512637943029,
        "dvar": 0.024971626699,
        "dvar2": 0.0638227313757,
        "max": 1,
        "mean": 0.980661988258,
        "median": 1,
        "min": 0,
        "var": 0.0189669486135
    },
    "silence_rate_60dB": {
        "dmean": 0.0018984337803,
        "dmean2": 0.00367865199223,
        "dvar": 0.00189503026195,
        "dvar2": 0.00461459159851,
        "max": 1,
        "mean": 0.0037964170333,
        "median": 0,
        "min": 0,
        "var": 0.0037828150671
    },
    "spectral_centroid": {
        "dmean": 145.151153564,
        "dmean2": 224.030776978,
        "dvar": 29459.4003906,
        "dvar2": 63090.9804688,
        "max": 5720.23486328,
        "mean": 955.861633301,
        "median": 847.123168945,
        "min": 243.345352173,
        "var": 245817.078125
    },
    "spectral_complexity": {
        "dmean": 3.27479839325,
        "dmean2": 5.24563884735,
        "dvar": 12.0478420258,
        "dvar2": 26.5790882111,
        "max": 59,
        "mean": 19.6833553314,
        "median": 18,
        "min": 0,
        "var": 57.9305686951
    },
    "spectral_decrease": {
        "dmean": 2.99849856056e-09,
        "dmean2": 4.7174375517e-09,
        "dvar": 1.99614844918e-17,
        "dvar2": 4.32493964077e-17,
        "max": -1.69551997463e-18,
        "mean": -9.64583168894e-09,
        "median": -8.35427105272e-09,
        "min": -6.74913778198e-08,
        "var": 4.02562632135e-17
    },
    "spectral_energy": {
        "dmean": 0.0116575928405,
        "dmean2": 0.0183408930898,
        "dvar": 0.000294321827823,
        "dvar2": 0.000637407763861,
        "max": 0.257427036762,
        "mean": 0.0382965840399,
        "median": 0.0333694331348,
        "min": 2.21276399981e-11,
        "var": 0.000603124673944
    },
    "spectral_energyband_high": {
        "dmean": 0.000269185024081,
        "dmean2": 0.000401921948651,
        "dvar": 7.20735499726e-07,
        "dvar2": 1.65555570675e-06,
        "max": 0.0544166080654,
        "mean": 0.000665091967676,
        "median": 0.000276344973827,
        "min": 1.61806696514e-11,
        "var": 3.14003432322e-06
    },
    "spectral_energyband_low": {
        "dmean": 0.00785092823207,
        "dmean2": 0.0123568493873,
        "dvar": 0.000243696456891,
        "dvar2": 0.00054737116443,
        "max": 0.238384440541,
        "mean": 0.014777418226,
        "median": 0.00902710482478,
        "min": 1.71929202646e-13,
        "var": 0.000368942070054
    },
    "spectral_energyband_middle_high": {
        "dmean": 0.00162690028083,
        "dmean2": 0.002633377444,
        "dvar": 6.42945224172e-06,
        "dvar2": 1.72208510776e-05,
        "max": 0.0628148838878,
        "mean": 0.00530507555231,
        "median": 0.00312100746669,
        "min": 4.39823654927e-12,
        "var": 4.03549529437e-05
    },
    "spectral_energyband_middle_low": {
        "dmean": 0.00598385883495,
        "dmean2": 0.00967909488827,
        "dvar": 5.73773868382e-05,
        "dvar2": 0.000145200712723,
        "max": 0.116799011827,
        "mean": 0.0183507278562,
        "median": 0.0149708772078,
        "min": 1.22546818613e-12,
        "var": 0.000166633195477
    },
    "spectral_entropy": {
        "dmean": 0.144183531404,
        "dmean2": 0.214470863342,
        "dvar": 0.0230999533087,
        "dvar2": 0.0448055304587,
        "max": 9.14026260376,
        "mean": 7.33483695984,
        "median": 7.43416261673,
        "min": 5.21106863022,
        "var": 0.280322492123
    },
    "spectral_flux": {
        "dmean": 0.0239172894508,
        "dmean2": 0.0388518050313,
        "dvar": 0.000871395342983,
        "dvar2": 0.00198936741799,
        "max": 0.364048659801,
        "mean": 0.0902481675148,
        "median": 0.080329425633,
        "min": 7.96836029622e-05,
        "var": 0.00195702747442
    },
    "spectral_kurtosis": {
        "dmean": 3.9729552269,
        "dmean2": 6.76916980743,
        "dvar": 82.3526000977,
        "dvar2": 215.878158569,
        "max": 258.506134033,
        "mean": 8.38086795807,
        "median": 4.1919503212,
        "min": -0.837636947632,
        "var": 274.560028076
    },
    "spectral_rms": {
        "dmean": 0.000855448830407,
        "dmean2": 0.00133865338285,
        "dvar": 1.00514489532e-06,
        "dvar2": 2.12702911995e-06,
        "max": 0.0158476606011,
        "mean": 0.00585081009194,
        "median": 0.00570574682206,
        "min": 1.46928357481e-07,
        "var": 3.13035934596e-06
    },
    "spectral_rolloff": {
        "dmean": 246.79927063,
        "dmean2": 415.514678955,
        "dvar": 395081.71875,
        "dvar2": 924472.8125,
        "max": 18152.4902344,
        "mean": 951.413452148,
        "median": 602.9296875,
        "min": 43.06640625,
        "var": 1606981.75
    },
    "spectral_skewness": {
        "dmean": 0.343825817108,
        "dmean2": 0.570990681648,
        "dvar": 0.259246319532,
        "dvar2": 0.710920274258,
        "max": 12.2111063004,
        "mean": 1.87428987026,
        "median": 1.62575685978,
        "min": 0.347437262535,
        "var": 1.03443980217
    },
    "spectral_spread": {
        "dmean": 449928.59375,
        "dmean2": 647167.8125,
        "dvar": 414827872256,
        "dvar2": 804660510720,
        "max": 25917456,
        "mean": 3790499.25,
        "median": 3615360.25,
        "min": 270327.21875,
        "var": 3.09387539251e+12
    },
    "spectral_strongpeak": {
        "dmean": 0.554121613503,
        "dmean2": 0.962275803089,
        "dvar": 1.44797110558,
        "dvar2": 4.0440788269,
        "max": 42.5115623474,
        "mean": 1.01559329033,
        "median": 0.468852132559,
        "min": 0,
        "var": 2.68008089066
    },
    "zerocrossingrate": {
        "dmean": 0.00657244632021,
        "dmean2": 0.0078577529639,
        "dvar": 0.000103904967546,
        "dvar2": 0.000116535396955,
        "max": 0.67626953125,
        "mean": 0.0435315258801,
        "median": 0.03564453125,
        "min": 0.00537109375,
        "var": 0.00134865043219
    },
    "barkbands": {
        "dmean": [0.000474257743917, 0.0064375186339, 0.00178676855285, 0.000799039320555, 0.00278376229107, 0.001396919135, 0.00115241331514, 0.00153554952703, 0.00123587239068, 0.000972321082372, 0.000505978823639, 0.000393397232983, 0.000358389544999, 0.000305171270156, 0.000186220597243, 0.000130667162011, 0.000146796795889, 0.000109523112769, 7.36015208531e-05, 8.19045089884e-05, 6.47460547043e-05, 5.29970311618e-05, 4.42543896497e-05, 4.41816337116e-05, 6.61188532831e-05, 2.29979468713e-05, 3.83836140827e-06],
        "dmean2": [0.000721492280718, 0.0103270392865, 0.00292482692748, 0.00133639550768, 0.00460630189627, 0.00223003560677, 0.00182034599129, 0.00234487489797, 0.00200863555074, 0.00157917954493, 0.000836263294332, 0.000663656916004, 0.000600345025305, 0.000512914673891, 0.000306335306959, 0.000218542860239, 0.000243856178713, 0.000180499468115, 0.000119598196761, 0.000129841893795, 0.000103573227534, 8.27307885629e-05, 6.79095028318e-05, 6.61577068968e-05, 0.00010096502956, 3.65031519323e-05, 6.00095199843e-06],
        "dvar": [5.6635491319e-07, 0.000172093306901, 2.31583580899e-05, 3.6450198877e-06, 1.55943671416e-05, 6.91974901201e-06, 4.64127015221e-06, 9.30004080146e-06, 8.00848283689e-06, 4.35157880929e-06, 8.91930540092e-07, 7.15214525826e-07, 3.98227797405e-07, 3.65038346217e-07, 1.04969423376e-07, 8.29006410186e-08, 9.67713305045e-08, 3.21112594293e-08, 1.38309026454e-08, 2.83033507742e-08, 1.71939635862e-08, 2.23178986403e-08, 1.00730357389e-08, 1.91355553625e-08, 3.27829098978e-07, 6.44808295647e-08, 4.13290646151e-09],
        "dvar2": [1.27691737362e-06, 0.000412057765061, 6.00744497206e-05, 9.88017200143e-06, 4.12680528825e-05, 1.84224736586e-05, 1.07238493001e-05, 2.16504940909e-05, 2.0102088456e-05, 1.18614480016e-05, 2.46642434831e-06, 1.98992461264e-06, 1.09710481411e-06, 1.0089722764e-06, 2.65627647877e-07, 2.17962764282e-07, 2.57757221789e-07, 8.24320167681e-08, 3.3256981169e-08, 6.85095287167e-08, 3.89216481267e-08, 4.85402935624e-08, 2.16350883875e-08, 4.01433943864e-08, 7.85057352459e-07, 1.91532834037e-07, 9.51049283771e-09],
        "max": [0.00999375898391, 0.198707580566, 0.0797579288483, 0.0335892736912, 0.0746977999806, 0.057136438787, 0.0713672861457, 0.0825774744153, 0.0679805353284, 0.037733219564, 0.018225941807, 0.027950476855, 0.0158890672028, 0.0157450083643, 0.00913216825575, 0.00579444272444, 0.0121090058237, 0.00303225824609, 0.00305384676903, 0.00661830883473, 0.00254724663682, 0.00464938860387, 0.00215858686715, 0.00440384913236, 0.0381412580609, 0.0182341877371, 0.00501141883433],
        "mean": [0.000785742129665, 0.0104118669406, 0.00317077036016, 0.00119089183863, 0.00565250171348, 0.00290730828419, 0.00223450316116, 0.00318338582292, 0.00223527266644, 0.00190995202865, 0.000844990019687, 0.000650302390568, 0.000646222149953, 0.000530327903107, 0.000327835296048, 0.00020486379799, 0.000278205610812, 0.000221208072617, 0.00015617745521, 0.000194811058464, 0.000124335638247, 9.78679017862e-05, 9.15821437957e-05, 8.1270976807e-05, 0.000112412613817, 4.22087832703e-05, 9.74115937424e-06],
        "median": [0.000331360643031, 0.0054818992503, 0.00162397744134, 0.000564810528886, 0.00428930576891, 0.00161503546406, 0.00111471035052, 0.0011804534588, 0.000824591552373, 0.000569642928895, 0.000367167434888, 0.000297741062241, 0.000297912571114, 0.000206192897167, 0.000158255832503, 0.00010250179912, 0.000151680913405, 0.000115821923828, 9.30413079914e-05, 9.24373816815e-05, 5.475684884e-05, 4.06483159168e-05, 4.03340854973e-05, 2.29360866797e-05, 7.98685687187e-06, 1.58213225632e-07, 9.87854575918e-10],
        "min": [3.18601671738e-13, 2.97793677196e-14, 1.95778587569e-14, 4.92890970754e-15, 1.10440539906e-13, 9.96689506643e-14, 1.99762041219e-13, 5.03339096748e-14, 6.51454313671e-13, 3.55267031071e-13, 5.06640790519e-13, 4.95037550449e-13, 6.11576327775e-13, 3.84144430675e-13, 4.74086373457e-13, 3.17529449999e-13, 2.31789197211e-13, 4.1685299418e-13, 2.92249378994e-13, 1.1101601409e-12, 3.0261546307e-12, 8.06692007031e-13, 1.86905027046e-12, 1.27209787842e-12, 3.18303651665e-12, 2.46033271881e-12, 2.81151729502e-12],
        "var": [1.31457591124e-06, 0.00023477555078, 2.43616559601e-05, 3.74659953195e-06, 3.17191297654e-05, 1.52827124111e-05, 1.69203085534e-05, 3.39398138749e-05, 1.65283654496e-05, 1.36771895995e-05, 2.00686213248e-06, 1.46631941789e-06, 9.33395369884e-07, 8.93402614111e-07, 2.40622398451e-07, 1.04773988596e-07, 2.10206749784e-07, 8.72131167284e-08, 3.97961805731e-08, 9.96511673179e-08, 4.1793036587e-08, 4.65156162477e-08, 2.85408709999e-08, 4.67199789966e-08, 9.65198410086e-07, 2.37469905073e-07, 2.09711377153e-08]
    },
    "erbbands": {
        "dmean": [0.256940752268, 1.25451481342, 2.16314411163, 2.08441400528, 5.5502781868, 11.9276332855, 12.1711215973, 11.3960704803, 12.8605928421, 25.68608284, 29.5467338562, 32.2305259705, 30.2886753082, 23.8033313751, 18.7216110229, 16.4710502625, 15.0129299164, 16.5490436554, 11.2086038589, 6.69685983658, 6.674888134, 7.27564573288, 6.41827344894, 4.1630282402, 3.53607797623, 3.88808369637, 3.11367559433, 2.19701194763, 2.00554823875, 1.53512442112, 1.19651973248, 1.00689864159, 0.739917755127, 0.968336880207, 0.320222854614, 0.101453460753, 0.0577597543597, 0.00559695530683, 0.000767687568441, 5.98527221882e-05],
        "dmean2": [0.404709041119, 2.0606648922, 3.51877999306, 3.53501272202, 9.19349098206, 19.8761539459, 19.7449302673, 17.8744335175, 20.5019226074, 39.0183486938, 45.2515525818, 52.1826972961, 48.6876831055, 39.6125450134, 31.0211601257, 27.8390808105, 25.2244129181, 27.7796878815, 18.5837841034, 11.0860347748, 11.1844549179, 12.0154495239, 10.5325632095, 6.84385728836, 5.66832351685, 6.10050439835, 4.9749045372, 3.49693512917, 3.16050052643, 2.34422421455, 1.82407748699, 1.52963232994, 1.10433351994, 1.47485852242, 0.481343150139, 0.152567476034, 0.0971465632319, 0.00882715638727, 0.00111554085743, 9.13727926672e-05],
        "dvar": [0.262759208679, 7.11374330521, 29.7756576538, 29.8432006836, 104.033805847, 286.111633301, 486.828582764, 573.681518555, 603.252502441, 2656.52294922, 3970.20239258, 5751.45410156, 4687.40478516, 3370.5480957, 1117.20288086, 1308.02368164, 717.58782959, 1121.75695801, 401.04498291, 134.452133179, 262.238769531, 226.72227478, 116.689666748, 41.4179344177, 40.9816932678, 59.1706047058, 39.1354103088, 25.1877651215, 36.5572853088, 12.2692756653, 7.94475984573, 7.95060014725, 6.78313970566, 93.9519348145, 3.76343512535, 0.266960024834, 1.19614577293, 0.00561821646988, 0.000171687133843, 1.01289106169e-06],
        "dvar2": [0.604766905308, 17.7603149414, 75.5860748291, 80.7665252686, 279.46472168, 773.235656738, 1267.93408203, 1464.84753418, 1525.36682129, 5913.04248047, 8898.31054688, 14349.0058594, 12805.2539062, 9261.29199219, 2966.68969727, 3650.98852539, 1978.8359375, 3092.51367188, 1034.20214844, 343.425476074, 710.871582031, 598.368652344, 298.799194336, 106.889335632, 96.0321731567, 136.032165527, 90.3681640625, 56.7576560974, 81.0412368774, 25.6870670319, 16.8472537994, 17.1087684631, 14.7114248276, 223.49822998, 9.13138484955, 0.591731727123, 3.63786792755, 0.0143558755517, 0.000341380393365, 2.46453873842e-06],
        "max": [7.00018930435, 42.3386497498, 84.8081893921, 81.4499588013, 167.04019165, 312.270385742, 614.352294922, 643.537475586, 742.801818848, 1110.33435059, 2246.06591797, 1847.67944336, 1683.52893066, 1273.06677246, 669.638305664, 1329.8536377, 715.933898926, 969.231445312, 354.46005249, 248.940444946, 366.893585205, 520.908874512, 308.007110596, 139.764709473, 210.24168396, 236.235610962, 168.640808105, 101.745002747, 200.978027344, 88.4512252808, 66.6261749268, 85.1159057617, 86.6756896973, 659.265869141, 121.918785095, 40.6563148499, 68.1684570312, 5.31716108322, 0.97415804863, 0.0892056003213],
        "mean": [0.376213818789, 2.00382089615, 4.06059885025, 3.43288183212, 9.96395015717, 21.9968090057, 24.6562042236, 23.1171588898, 26.4524822235, 53.9491195679, 61.5471611023, 59.1645202637, 63.3442420959, 45.588809967, 34.0889358521, 28.7262954712, 28.9620075226, 31.13971138, 21.6685714722, 12.7416410446, 11.4330053329, 14.671503067, 13.547586441, 8.87652397156, 8.0749912262, 9.37766838074, 6.64362955093, 3.99526286125, 3.54394817352, 3.13956332207, 2.46805763245, 1.92033350468, 1.23554885387, 1.65068495274, 0.529545068741, 0.176205039024, 0.0942291542888, 0.0104453684762, 0.00209801504388, 0.000145430021803],
        "median": [0.165985152125, 1.06659257412, 2.31123828888, 1.96361088753, 6.41873884201, 15.5193996429, 14.1783981323, 12.0312786102, 15.097867012, 24.2122001648, 26.6043148041, 24.7598991394, 19.332616806, 15.521853447, 15.2278766632, 13.6651926041, 14.0479402542, 14.0980710983, 10.4591016769, 6.83204650879, 6.41018390656, 7.98470067978, 7.36178541183, 5.20819997787, 4.49009370804, 4.48775148392, 3.15145468712, 1.64382064342, 1.40469026566, 1.4510294199, 1.07468307018, 0.600549995899, 0.290494173765, 0.118164405227, 0.0381371304393, 0.00411675451323, 0.000214501240407, 1.85687240446e-05, 2.20746333071e-05, 4.06734616263e-05],
        "min": [3.03075316579e-12, 2.10012150899e-12, 1.89229881764e-11, 1.86503451571e-11, 1.57702198522e-10, 4.55684406875e-10, 3.44801909247e-10, 1.10957987243e-09, 3.09244185814e-09, 1.44943879121e-09, 2.30902919007e-09, 1.43810821029e-08, 1.38835645203e-08, 1.25266339523e-08, 2.61438266591e-08, 1.87779871652e-08, 3.00999047909e-08, 2.04836823059e-08, 2.52959324598e-08, 1.63054405533e-08, 1.39923175269e-08, 1.22246488488e-08, 2.18142908182e-08, 1.76911960637e-08, 2.01780174791e-08, 5.80658969795e-08, 1.14506278237e-07, 9.68405515778e-08, 2.87241785912e-08, 3.96518871071e-08, 5.34551638509e-08, 3.24907105664e-08, 2.35284733918e-08, 3.49364448482e-08, 2.13165858298e-08, 1.03995763112e-08, 4.59242199824e-09, 1.52398549336e-09, 3.8863595675e-10, 4.19246477812e-11],
        "var": [0.365376591682, 9.0165681839, 33.7665557861, 26.6189041138, 147.896347046, 570.277404785, 1184.86022949, 1280.79138184, 1722.54199219, 9067.60253906, 15249.9101562, 10683.7558594, 17879.7734375, 7979.72607422, 3019.16943359, 2588.79003906, 1715.19091797, 2832.37548828, 1004.19787598, 291.755462646, 284.105560303, 547.38659668, 325.468963623, 114.833389282, 129.01852417, 233.437316895, 114.251289368, 52.2058677673, 68.697303772, 33.6015815735, 22.4798851013, 21.3812732697, 13.0286464691, 266.916442871, 12.3107433319, 1.45379734039, 2.44244337082, 0.0173369161785, 0.000943981460296, 3.76188472728e-06]
    },
    "gfcc": {
        "mean": [-13.226436615, 138.823074341, -134.774414062, 29.4717597961, -65.5347366333, 9.73090934753, -26.7643451691, 3.36132597923, -12.9165668488, -5.19209527969, -2.95446014404, -9.38004398346, -1.79409193993],
        "cov": [[5031.46972656, -2750.66625977, 705.031066895, 916.158813477, -843.750488281, 1190.01599121, -728.488891602, 701.529907227, -154.73626709, 409.560302734, -136.882797241, 289.15838623, -58.9624290466], [-2750.66625977, 4349.80615234, 813.77557373, 169.789230347, 1206.27246094, -1026.4786377, 748.302062988, -594.287902832, 396.470336914, -233.05645752, 373.374298096, -229.35887146, 84.9619674683], [705.031066895, 813.77557373, 1852.03686523, 529.789978027, 387.546813965, 134.187606812, -174.95880127, 169.875396729, -39.8965415955, 281.158935547, 9.11777973175, 174.701766968, -33.556060791], [916.158813477, 169.789230347, 529.789978027, 792.739501953, -64.8523864746, 245.856216431, -81.9143218994, 32.1867866516, 169.996612549, 51.0915031433, 114.484802246, 49.4101333618, 38.9303207397], [-843.750488281, 1206.27246094, 387.546813965, -64.8523864746, 673.073364258, -318.023834229, 273.216766357, -92.7493743896, 27.979101181, 46.601940155, 26.393743515, 3.4682469368, -5.58852577209], [1190.01599121, -1026.4786377, 134.187606812, 245.856216431, -318.023834229, 539.097717285, -220.840011597, 236.452255249, -43.9567832947, 83.094039917, -34.6578865051, 63.9098396301, -5.41518115997], [-728.488891602, 748.302062988, -174.95880127, -81.9143218994, 273.216766357, -220.840011597, 390.093841553, -157.8934021, 102.851974487, -74.8872070312, 50.1683654785, -40.1470146179, 0.34019818902], [701.529907227, -594.287902832, 169.875396729, 32.1867866516, -92.7493743896, 236.452255249, -157.8934021, 265.340087891, -90.9345092773, 119.90372467, -49.7090682983, 47.4992980957, -9.51368808746], [-154.73626709, 396.470336914, -39.8965415955, 169.996612549, 27.979101181, -43.9567832947, 102.851974487, -90.9345092773, 211.823608398, -67.6482391357, 100.757019043, -46.5562896729, 23.9461536407], [409.560302734, -233.05645752, 281.158935547, 51.0915031433, 46.601940155, 83.094039917, -74.8872070312, 119.90372467, -67.6482391357, 196.074432373, -56.1067771912, 95.4664993286, -20.7675647736], [-136.882797241, 373.374298096, 9.11777973175, 114.484802246, 26.393743515, -34.6578865051, 50.1683654785, -49.7090682983, 100.757019043, -56.1067771912, 155.857528687, -46.1129608154, 46.358379364], [289.15838623, -229.35887146, 174.701766968, 49.4101333618, 3.4682469368, 63.9098396301, -40.1470146179, 47.4992980957, -46.5562896729, 95.4664993286, -46.1129608154, 150.756027222, -14.2517414093], [-58.9624290466, 84.9619674683, -33.556060791, 38.9303207397, -5.58852577209, -5.41518115997, 0.34019818902, -9.51368808746, 23.9461536407, -20.7675647736, 46.358379364, -14.2517414093, 80.8184509277]],
        "icov": [[0.000684029655531, 0.000184389893548, -4.74590779049e-05, -0.00065869523678, 0.000272333389148, -0.000292292650556, 2.52134195762e-05, -0.000693069887348, 0.000103913247585, -0.000341304170433, -4.79622722196e-05, -0.000146160062286, 0.000403590209316], [0.000184389893548, 0.00210652453825, -0.00122912449297, -0.000494257896207, -0.00131296005566, 0.00195265549701, -0.00125248427503, 0.000895994424354, -0.000492459570523, 0.000899273494724, -0.00181464652997, 0.00170178548433, -0.000483464595163], [-4.74590779049e-05, -0.00122912449297, 0.00201255548745, -0.000590355426539, -0.000412006193073, -0.00124780635815, 0.00172192207538, -0.000681153091136, 0.000669750559609, -0.00114736682735, 0.000642729515675, -0.00147625687532, 0.00105569860898], [-0.00065869523678, -0.000494257896207, -0.000590355426539, 0.00367751833983, 0.000219241454033, -0.00152163079474, 0.000404780090321, 0.00154552084859, -0.00235636834987, -0.00034114162554, -0.000507177435793, -0.000517176522408, -0.00107386813033], [0.000272333389148, -0.00131296005566, -0.000412006193073, 0.000219241454033, 0.0052934573032, 0.000470846745884, -0.00204149517231, -0.00179453135934, 0.000710792664904, -0.00181201216765, 0.00123152241576, -0.000670605164487, -3.68235259884e-06], [-0.000292292650556, 0.00195265549701, -0.00124780635815, -0.00152163079474, 0.000470846745884, 0.00752438278869, -0.001659354195, -0.0027901486028, -0.000336178403813, 0.0019028140232, -0.00119212013669, 0.0010027019307, -0.000386675150367], [2.52134195762e-05, -0.00125248427503, 0.00172192207538, 0.000404780090321, -0.00204149517231, -0.001659354195, 0.00680680572987, 0.000813785125501, -0.00160746183246, -0.000136674047098, 0.000704436912201, -0.00183896278031, 0.0013826523209], [-0.000693069887348, 0.000895994424354, -0.000681153091136, 0.00154552084859, -0.00179453135934, -0.0027901486028, 0.000813785125501, 0.0112583553419, 0.000881046929862, -0.00347978505306, -0.00145336892456, 0.00277752685361, -0.00129580812063], [0.000103913247585, -0.000492459570523, 0.000669750559609, -0.00235636834987, 0.000710792664904, -0.000336178403813, -0.00160746183246, 0.000881046929862, 0.0103016104549, 7.55270011723e-05, -0.00316307879984, 0.000733811291866, 0.0010546380654], [-0.000341304170433, 0.000899273494724, -0.00114736682735, -0.00034114162554, -0.00181201216765, 0.0019028140232, -0.000136674047098, -0.00347978505306, 7.55270011723e-05, 0.0124567355961, 0.000782385235652, -0.00385343236849, 0.000136964183184], [-4.79622722196e-05, -0.00181464652997, 0.000642729515675, -0.000507177435793, 0.00123152241576, -0.00119212013669, 0.000704436912201, -0.00145336892456, -0.00316307879984, 0.000782385235652, 0.0135698523372, 0.00013707538892, -0.00440630409867], [-0.000146160062286, 0.00170178548433, -0.00147625687532, -0.000517176522408, -0.000670605164487, 0.0010027019307, -0.00183896278031, 0.00277752685361, 0.000733811291866, -0.00385343236849, 0.00013707538892, 0.0122192557901, -0.0010354508413], [0.000403590209316, -0.000483464595163, 0.00105569860898, -0.00107386813033, -3.68235259884e-06, -0.000386675150367, 0.0013826523209, -0.00129580812063, 0.0010546380654, 0.000136964183184, -0.00440630409867, -0.0010354508413, 0.0160148218274]]
    },
    "melbands": {
        "dmean": [0.00197734148242, 0.00123568251729, 0.000434180925367, 0.00063054531347, 0.000433923181845, 0.000250534561928, 0.000213384861127, 0.000292279262794, 0.000231351616094, 0.000206232973142, 0.000149453800987, 0.000100773773738, 6.23171581537e-05, 4.99630186823e-05, 3.56016098522e-05, 3.65785708709e-05, 3.28525602526e-05, 1.96000673895e-05, 1.23623149193e-05, 9.77093168331e-06, 8.47692172101e-06, 8.17338604975e-06, 7.70428232499e-06, 5.12033329869e-06, 3.60289277523e-06, 2.72214492725e-06, 2.90641150968e-06, 2.84138559437e-06, 2.18207787839e-06, 1.72099259999e-06, 1.3082839132e-06, 1.26336317408e-06, 9.62295871432e-07, 9.21673290577e-07, 7.60120428822e-07, 6.3381679638e-07, 6.72295072945e-07, 5.53190488972e-07, 4.91116963985e-07, 1.06732204586e-06],
        "dmean2": [0.00313825323246, 0.00201010960154, 0.000720898504369, 0.00104030128568, 0.000713078887202, 0.000395496754209, 0.000339291407727, 0.000445378653239, 0.000354918010999, 0.000334571901476, 0.000241151865339, 0.000167628051713, 0.000103227495856, 8.36265244288e-05, 6.04703454883e-05, 6.15646713413e-05, 5.50953409402e-05, 3.26445078827e-05, 2.04950738407e-05, 1.61363805091e-05, 1.4395594917e-05, 1.35385444082e-05, 1.28171222968e-05, 8.45432896313e-06, 5.97444750383e-06, 4.46706462753e-06, 4.66148503619e-06, 4.49042636319e-06, 3.46828278452e-06, 2.84308725895e-06, 2.09926065509e-06, 2.01472266781e-06, 1.51548738359e-06, 1.44514137901e-06, 1.18477532851e-06, 9.62958210948e-07, 1.04992716388e-06, 8.41850919642e-07, 7.45891327369e-07, 1.64521850365e-06],
        "dvar": [1.6048519683e-05, 7.75882290327e-06, 1.03608124391e-06, 8.69017583227e-07, 4.9774183708e-07, 2.52379464882e-07, 1.59769030006e-07, 3.50959737716e-07, 2.43375950504e-07, 2.32539377976e-07, 1.17271035549e-07, 6.17037230199e-08, 1.32205322245e-08, 1.02832125037e-08, 5.44605027741e-09, 4.27052659902e-09, 4.3845687081e-09, 1.31619914967e-09, 5.2642595838e-10, 3.36380062693e-10, 4.58564353156e-10, 2.48423143168e-10, 3.13162218379e-10, 7.68510810545e-11, 3.31685789945e-11, 2.14896399287e-11, 5.14216516589e-11, 3.06048346388e-11, 2.02844165076e-11, 1.30452055408e-11, 1.05962330924e-11, 1.57767878622e-11, 7.04055130168e-12, 4.2335705254e-12, 3.11622212409e-12, 2.34979136843e-12, 4.34680503397e-12, 4.04221404612e-12, 4.37164627415e-12, 1.65172625577e-10],
        "dvar2": [3.7683017581e-05, 1.88678441191e-05, 2.76519699582e-06, 2.30795922107e-06, 1.29683110117e-06, 6.53463644085e-07, 3.89161641579e-07, 7.92491903212e-07, 5.36018433195e-07, 5.90514957821e-07, 3.21150650961e-07, 1.68488796248e-07, 3.53509612694e-08, 2.76699410051e-08, 1.51623726907e-08, 1.17706875358e-08, 1.20718848251e-08, 3.47287043567e-09, 1.36065569922e-09, 8.38498770417e-10, 1.26662291766e-09, 6.51059872681e-10, 8.19259993179e-10, 1.955832718e-10, 8.64083735119e-11, 5.18246452696e-11, 1.3179973779e-10, 6.96144253354e-11, 4.7342362669e-11, 3.15364921677e-11, 2.44577483266e-11, 3.58818044721e-11, 1.61787354347e-11, 9.38494160857e-12, 6.86461434571e-12, 4.89517410981e-12, 1.00091948618e-11, 8.88807343696e-12, 1.02950183101e-11, 3.93797688902e-10],
        "max": [0.0554060935974, 0.0378761477768, 0.0138634964824, 0.0193490665406, 0.0181464608759, 0.0130090555176, 0.0119401123375, 0.0120611488819, 0.0163666047156, 0.0107239680365, 0.00839204899967, 0.00535578839481, 0.00232248939574, 0.00332897063345, 0.00158925948199, 0.00129350298084, 0.00181196536869, 0.00059940025676, 0.000821784487925, 0.000440595933469, 0.000491931743454, 0.000433337409049, 0.000886014371645, 0.000175354551175, 0.000137778464705, 0.000135957277962, 0.00038059981307, 0.000166409605299, 0.000115155438834, 8.21215071483e-05, 7.05134734744e-05, 0.000150739797391, 7.67747260397e-05, 5.40196197107e-05, 4.23000565206e-05, 3.8942831452e-05, 6.96701317793e-05, 6.78811484249e-05, 4.30248182965e-05, 0.000872553209774],
        "mean": [0.00306447269395, 0.00233286013827, 0.000774776155595, 0.00117661093827, 0.000904461368918, 0.000511800753884, 0.00043331112829, 0.000625287764706, 0.000461739109596, 0.000366992666386, 0.00030441294075, 0.000181537412573, 0.000109419379442, 8.52658049553e-05, 6.24718086328e-05, 6.54414543533e-05, 5.69450749026e-05, 3.54093172064e-05, 2.13115527004e-05, 1.58678485604e-05, 1.29913642013e-05, 1.5108250409e-05, 1.48752460518e-05, 1.01451669252e-05, 6.81473284203e-06, 5.53286372451e-06, 6.14794771536e-06, 6.33432637187e-06, 4.42683131041e-06, 2.97592146126e-06, 2.13487874134e-06, 2.08116239264e-06, 1.73750697741e-06, 1.76641867711e-06, 1.45408603203e-06, 1.24038467675e-06, 1.16056901334e-06, 8.83086727299e-07, 7.0564641419e-07, 1.82365874934e-06],
        "median": [0.00152260554023, 0.00142895558383, 0.000507421907969, 0.000852048222441, 0.000582911132369, 0.000279234722257, 0.000232213555137, 0.000272368575679, 0.00020135261002, 0.000138035553391, 8.66281625349e-05, 5.63672729186e-05, 4.75707383885e-05, 4.210069892e-05, 2.84096568066e-05, 2.98166032735e-05, 2.33756982198e-05, 1.59980972967e-05, 1.04158380054e-05, 8.01997703093e-06, 6.9302918746e-06, 8.17485215521e-06, 7.4617505561e-06, 5.2846530707e-06, 3.76559182769e-06, 2.99002567772e-06, 2.84732573164e-06, 2.74557055491e-06, 1.94057247427e-06, 1.23084453207e-06, 7.79998742928e-07, 7.80070138262e-07, 7.08070501787e-07, 7.88282648045e-07, 6.31341379176e-07, 4.40540873115e-07, 3.17857114851e-07, 2.09702591292e-07, 1.22570327221e-07, 8.36190352516e-08],
        "min": [3.34276605961e-14, 7.11623295691e-15, 5.85216757324e-15, 2.3813687567e-14, 1.43077146268e-14, 2.45773216503e-14, 4.66365702024e-14, 1.31610158224e-14, 2.28133755376e-14, 1.01013842473e-13, 6.83712662224e-14, 4.74204144918e-14, 8.17766400386e-14, 5.91793798753e-14, 6.55189335945e-14, 4.99055685015e-14, 3.96516044825e-14, 3.77485620073e-14, 3.47577903145e-14, 2.34150518392e-14, 1.30421516889e-14, 8.98905244944e-15, 2.04223404409e-14, 2.32341510126e-14, 1.2786661988e-14, 1.26945564724e-14, 1.84298902501e-14, 4.13609508513e-14, 6.19452609324e-14, 8.83357853553e-14, 4.33543819063e-14, 1.68171954227e-14, 1.19259121892e-14, 2.52944316019e-14, 3.13511762666e-14, 2.89405984258e-14, 1.65531904996e-14, 1.51195059212e-14, 1.88882790702e-14, 3.48688498865e-14],
        "var": [2.19843786908e-05, 1.00149045466e-05, 1.01879277281e-06, 1.54321287482e-06, 1.22079836729e-06, 5.59646082365e-07, 5.33477759745e-07, 1.19569619983e-06, 8.59373813e-07, 4.37016240085e-07, 4.37747701199e-07, 1.4179094876e-07, 3.37473906598e-08, 2.29500898286e-08, 1.09932098979e-08, 1.03339434787e-08, 1.03092343551e-08, 3.04656122552e-09, 1.1187238913e-09, 5.95669125136e-10, 4.36423064354e-10, 5.29644439418e-10, 7.48975825804e-10, 2.11795109228e-10, 7.87485771037e-11, 5.95745119902e-11, 1.24014618019e-10, 1.18050735853e-10, 5.85437531786e-11, 2.65951687756e-11, 1.92322997805e-11, 2.61945552055e-11, 1.47873848583e-11, 1.03820346417e-11, 7.93936357629e-12, 6.61280362066e-12, 9.97818494497e-12, 7.33175672951e-12, 5.86848928827e-12, 4.61520210937e-10]
    },
    "mfcc": {
        "mean": [-641.365478516, 151.194442749, -3.94114899635, 16.3830852509, -6.70621967316, 2.75542783737, -1.67909049988, 4.78580617905, -3.85335493088, 5.69898748398, 0.0827742964029, 2.9744977951, -2.61256623268],
        "cov": [[3944.86499023, -2240.38183594, 316.45602417, -60.3860168457, 4.96706962585, 149.547058105, -71.1816864014, 122.476142883, 93.8131103516, 152.813995361, 10.2186012268, 113.312049866, 51.0099868774], [-2240.38183594, 2973.30932617, 505.449401855, 760.612792969, 418.927124023, 72.6886825562, 174.860076904, -29.7193183899, -54.5966072083, 32.4392776489, 55.1678619385, 58.081413269, 147.495040894], [316.45602417, 505.449401855, 1339.5715332, 509.958282471, 506.155181885, 175.826126099, 31.3567466736, -4.48148775101, 22.5739898682, 37.4318008423, 31.2464523315, 122.338882446, 151.643463135], [-60.3860168457, 760.612792969, 509.958282471, 661.899658203, 288.319519043, 174.448181152, 29.9871940613, 18.2382335663, 16.9335899353, 36.9983825684, 40.2279777527, 106.747833252, 116.626235962], [4.96706962585, 418.927124023, 506.155181885, 288.319519043, 399.611053467, 66.441696167, 62.1312294006, -15.8227558136, 36.4632148743, 27.862455368, 29.4419651031, 48.865486145, 95.6930007935], [149.547058105, 72.6886825562, 175.826126099, 174.448181152, 66.441696167, 196.36769104, 21.5718231201, 49.7782745361, 35.1133804321, 10.0946836472, 31.0055885315, 43.5281982422, 24.9475517273], [-71.1816864014, 174.860076904, 31.3567466736, 29.9871940613, 62.1312294006, 21.5718231201, 170.467178345, 19.7276134491, 42.919960022, 6.00860786438, 29.6201305389, 2.24495148659, 23.3271217346], [122.476142883, -29.7193183899, -4.48148775101, 18.2382335663, -15.8227558136, 49.7782745361, 19.7276134491, 110.241821289, 9.48393726349, 30.8238945007, 5.02968645096, 14.4845752716, 1.12769389153], [93.8131103516, -54.5966072083, 22.5739898682, 16.9335899353, 36.4632148743, 35.1133804321, 42.919960022, 9.48393726349, 108.444778442, 0.234260722995, 34.3542785645, 2.40554594994, 8.77636909485], [152.813995361, 32.4392776489, 37.4318008423, 36.9983825684, 27.862455368, 10.0946836472, 6.00860786438, 30.8238945007, 0.234260722995, 109.090103149, 9.33602333069, 24.7514266968, 17.0955715179], [10.2186012268, 55.1678619385, 31.2464523315, 40.2279777527, 29.4419651031, 31.0055885315, 29.6201305389, 5.02968645096, 34.3542785645, 9.33602333069, 74.7108154297, 10.7587594986, 18.7258682251], [113.312049866, 58.081413269, 122.338882446, 106.747833252, 48.865486145, 43.5281982422, 2.24495148659, 14.4845752716, 2.40554594994, 24.7514266968, 10.7587594986, 89.2302856445, 35.6221580505], [51.0099868774, 147.495040894, 151.643463135, 116.626235962, 95.6930007935, 24.9475517273, 23.3271217346, 1.12769389153, 8.77636909485, 17.0955715179, 18.7258682251, 35.6221580505, 92.1794967651]],
