{
"lowlevel": {
    "average_loudness": 0.810849308968,
    "barkbands_crest": {
        "dmean": 2.90587496758,
        "dmean2": 4.73047399521,
        "dvar": 6.22806549072,
        "dvar2": 15.6974287033,
        "max": 26.118391037,
        "mean": 12.3184947968,
        "median": 11.785243988,
        "min": 2.15708827972,
        "var": 25.2597503662
    },
    "barkbands_flatness_db": {
        "dmean": 0.0241535454988,
        "dmean2": 0.0360798500478,
        "dvar": 0.000492917373776,
        "dvar2": 0.00101087300573,
        "max": 0.511874973774,
        "mean": 0.170959547162,
        "median": 0.162861138582,
        "min": 0.0157696828246,
        "var": 0.00435883598402
    },
    "barkbands_kurtosis": {
        "dmean": 3.37436175346,
        "dmean2": 5.34253358841,
        "dvar": 45.7932281494,
        "dvar2": 109.980751038,
        "max": 186.160842896,
        "mean": 6.12745904922,
        "median": 2.52311134338,
        "min": -1.9708250761,
        "var": 119.493919373
    },
    "barkbands_skewness": {
        "dmean": 0.542954623699,
        "dmean2": 0.839118361473,
        "dvar": 0.365819215775,
        "dvar2": 0.774693071842,
        "max": 10.643324852,
        "mean": 1.51294100285,
        "median": 1.19895148277,
        "min": -3.7512345314,
        "var": 2.06338024139
    },
    "barkbands_spread": {
        "dmean": 4.74984455109,
        "dmean2": 7.38721323013,
        "dvar": 45.1817855835,
        "dvar2": 100.059066772,
        "max": 141.286453247,
        "mean": 16.7347698212,
        "median": 13.3283176422,
        "min": 0.589335620403,
        "var": 173.212295532
    },
    "dissonance": {
        "dmean": 0.0266405791044,
        "dmean2": 0.0450026728213,
        "dvar": 0.000678081996739,
        "dvar2": 0.00181519601028,
        "max": 0.500000178814,
        "mean": 0.449431627989,
        "median": 0.458190053701,
        "min": 0,
        "var": 0.00154188589659
    },
    "dynamic_complexity": 3.56299471855,
    "erbbands_crest": {
        "dmean": 3.06378006935,
        "dmean2": 4.85661268234,
        "dvar": 7.57226848602,
        "dvar2": 18.2079753876,
        "max": 32.1429290771,
        "mean": 12.9684324265,
        "median": 12.0144929886,
        "min": 2.61122322083,
        "var": 35.4971733093
    },
    "erbbands_flatness_db": {
        "dmean": 0.0206983946264,
        "dmean2": 0.0299000777304,
        "dvar": 0.000368951878045,
        "dvar2": 0.00070390390465,
        "max": 0.500228583813,
        "mean": 0.207719191909,
        "median": 0.208036199212,
        "min": 0.0274461563677,
        "var": 0.00377805577591
    },
    "erbbands_kurtosis": {
        "dmean": 1.67502129078,
        "dmean2": 2.66242074966,
        "dvar": 5.3915643692,
        "dvar2": 12.6597385406,
        "max": 40.4087257385,
        "mean": 2.38735294342,
        "median": 1.36593484879,
        "min": -1.89057052135,
        "var": 13.7676963806
    },
    "erbbands_skewness": {
        "dmean": 0.436422020197,
        "dmean2": 0.668657898903,
        "dvar": 0.1951366961,
        "dvar2": 0.394134014845,
        "max": 5.34425544739,
        "mean": 1.10696029663,
        "median": 1.09105408192,
        "min": -6.00477933884,
        "var": 0.94345241785
    },
    "erbbands_spread": {
        "dmean": 6.64080905914,
        "dmean2": 10.2756223679,
        "dvar": 78.552482605,
        "dvar2": 183.344100952,
        "max": 126.065185547,
        "mean": 28.1191749573,
        "median": 22.618429184,
        "min": 1.43426311016,
        "var": 326.899658203
    },
    "hfc": {
        "dmean": 5.77443170547,
        "dmean2": 8.85037326813,
        "dvar": 95.8996047974,
        "dvar2": 228.58656311,
        "max": 392.381225586,
        "mean": 23.1091346741,
        "median": 17.4630203247,
        "min": 1.99532508571e-11,
        "var": 414.24041748
    },
    "melbands_crest": {
        "dmean": 3.58601665497,
        "dmean2": 5.85566854477,
        "dvar": 10.1477708817,
        "dvar2": 26.4295024872,
        "max": 34.4823646545,
        "mean": 15.3722362518,
        "median": 14.6765317917,
        "min": 3.13540530205,
        "var": 33.9548301697
    },
    "melbands_flatness_db": {
        "dmean": 0.0251447968185,
        "dmean2": 0.0380439199507,
        "dvar": 0.000607285357546,
        "dvar2": 0.00127148639876,
        "max": 0.655105531216,
        "mean": 0.203369870782,
        "median": 0.192377343774,
        "min": 0.0305372979492,
        "var": 0.00508269481361
    },
    "melbands_kurtosis": {
        "dmean": 6.07318973541,
        "dmean2": 9.59261989594,
        "dvar": 138.420883179,
        "dvar2": 328.3855896,
        "max": 240.652160645,
        "mean": 12.2812786102,
        "median": 5.3642988205,
        "min": -1.95548403263,
        "var": 378.439880371
    },
    "melbands_skewness": {
        "dmean": 0.665258407593,
        "dmean2": 1.03933656216,
        "dvar": 0.543623685837,
        "dvar2": 1.24386286736,
        "max": 13.0116119385,
        "mean": 2.01954984665,
        "median": 1.614382267,
        "min": -1.42668950558,
        "var": 3.08412265778
    },
    "melbands_spread": {
        "dmean": 6.47137117386,
        "dmean2": 10.1015319824,
        "dvar": 141.058044434,
        "dvar2": 286.030395508,
        "max": 292.156005859,
        "mean": 21.6654853821,
        "median": 17.5691356659,
        "min": 0.594604492188,
        "var": 469.927612305
    },
    "pitch_salience": {
        "dmean": 0.0714099481702,
        "dmean2": 0.116140961647,
        "dvar": 0.0042777294293,
        "dvar2": 0.0109116965905,
        "max": 0.971330523491,
        "mean": 0.519136548042,
        "median": 0.511473178864,
        "min": 0.0912689343095,
        "var": 0.0179142616689
    },
    "silence_rate_20dB": {
        "dmean": 0,
        "dmean2": 0,
        "dvar": 0,
        "dvar2": 0,
        "max": 1,
        "mean": 1,
        "median": 1,
        "min": 1,
        "var": 0
    },
    "silence_rate_30dB": {
        "dmean": 0,
        "dmean2": 0,
        "dvar": 0,
        "dvar2": 0,
        "max": 1,
        "mean": 1,
        "median": 1,
        "min": 1,
        "var": 0
    },
    "silence_rate_60dB": {
        "dmean": 0.0269763078541,
        "dmean2": 0.0538416430354,
        "dvar": 0.0262522064149,
        "dvar2": 0.0600922778249,
        "max": 1,
        "mean": 0.0785739421844,
        "median": 0,
        "min": 0,
        "var": 0.0723926648498
    },
    "spectral_centroid": {
        "dmean": 208.706039429,
        "dmean2": 320.948730469,
        "dvar": 92361.4140625,
        "dvar2": 178231.953125,
        "max": 6893.5234375,
        "mean": 1320.68762207,
        "median": 1288.8729248,
        "min": 209.611923218,
        "var": 455051.96875
    },
    "spectral_complexity": {
        "dmean": 2.53084683418,
        "dmean2": 4.07753658295,
        "dvar": 6.6347193718,
        "dvar2": 15.3210687637,
        "max": 55,
        "mean": 15.377623558,
        "median": 15,
        "min": 0,
        "var": 63.785118103
    },
    "spectral_decrease": {
        "dmean": 1.75318681794e-09,
        "dmean2": 2.81064882479e-09,
        "dvar": 4.35309256748e-18,
        "dvar2": 1.12856585397e-17,
        "max": -9.79373906167e-23,
        "mean": -6.14324191517e-09,
        "median": -5.56679813357e-09,
        "min": -3.27821503276e-08,
        "var": 1.96649518227e-17
    },
    "spectral_energy": {
        "dmean": 0.00701948208734,
        "dmean2": 0.0112396674231,
        "dvar": 6.90172018949e-05,
        "dvar2": 0.000178001748282,
        "max": 0.128388807178,
        "mean": 0.0252821035683,
        "median": 0.022925471887,
        "min": 2.17945812493e-15,
        "var": 0.000325053115375
    },
    "spectral_energyband_high": {
        "dmean": 0.000295515957987,
        "dmean2": 0.000438381597633,
        "dvar": 1.15615023333e-06,
        "dvar2": 2.65187532023e-06,
        "max": 0.0487068556249,
        "mean": 0.000720106589142,
        "median": 0.000351071968907,
        "min": 1.48274843246e-15,
        "var": 2.23632378038e-06
    },
    "spectral_energyband_low": {
        "dmean": 0.00248519261368,
        "dmean2": 0.00422552973032,
        "dvar": 2.0163719455e-05,
        "dvar2": 5.86711539654e-05,
        "max": 0.0544044785202,
        "mean": 0.00407173251733,
        "median": 0.00099033745937,
        "min": 5.18356436625e-17,
        "var": 4.27811864938e-05
    },
    "spectral_energyband_middle_high": {
        "dmean": 0.00348061020486,
        "dmean2": 0.00537296105176,
        "dvar": 3.59084442607e-05,
        "dvar2": 8.82550884853e-05,
        "max": 0.102526970208,
        "mean": 0.0113342199475,
        "median": 0.00451414240524,
        "min": 5.29322482503e-16,
        "var": 0.000196987719391
    },
    "spectral_energyband_middle_low": {
        "dmean": 0.00359330140054,
        "dmean2": 0.00548884877935,
        "dvar": 3.5039276554e-05,
        "dvar2": 8.25847819215e-05,
        "max": 0.124596565962,
        "mean": 0.0101279290393,
        "median": 0.00650550890714,
        "min": 1.20384901736e-16,
        "var": 0.000124460944789
    },
    "spectral_entropy": {
        "dmean": 0.16048873961,
        "dmean2": 0.234438657761,
        "dvar": 0.0301073417068,
        "dvar2": 0.056871034205,
        "max": 8.93080711365,
        "mean": 7.41012716293,
        "median": 7.45195913315,
        "min": 4.66171455383,
        "var": 0.240137442946
    },
    "spectral_flux": {
        "dmean": 0.0202550105751,
        "dmean2": 0.0327493846416,
        "dvar": 0.000460563314846,
        "dvar2": 0.00114155362826,
        "max": 0.303724259138,
        "mean": 0.0771395787597,
        "median": 0.0712697803974,
        "min": 7.85973534221e-05,
        "var": 0.0015125493519
    },
    "spectral_kurtosis": {
        "dmean": 1.64849591255,
        "dmean2": 2.75495839119,
        "dvar": 18.6931972504,
        "dvar2": 35.3330497742,
        "max": 350.606048584,
        "mean": 4.01432275772,
        "median": 3.38636016846,
        "min": -1.19107937813,
        "var": 35.0576629639
    },
    "spectral_rms": {
        "dmean": 0.000672421650961,
        "dmean2": 0.00106159341522,
        "dvar": 4.42035485548e-07,
        "dvar2": 1.08384506348e-06,
        "max": 0.0111918440089,
        "mean": 0.0045944750309,
        "median": 0.00472930353135,
        "min": 1.45818401798e-09,
        "var": 3.55625957127e-06
    },
    "spectral_rolloff": {
        "dmean": 384.57119751,
        "dmean2": 654.07220459,
        "dvar": 692839.75,
        "dvar2": 1465974.375,
        "max": 18001.7578125,
        "mean": 1463.06164551,
        "median": 1012.06054688,
        "min": 64.599609375,
        "var": 2759676.5
    },
    "spectral_skewness": {
        "dmean": 0.214222311974,
        "dmean2": 0.34634333849,
        "dvar": 0.070027641952,
        "dvar2": 0.147890031338,
        "max": 15.4144048691,
        "mean": 1.47365367413,
        "median": 1.4468793869,
        "min": -0.714831352234,
        "var": 0.262096196413
    },
    "spectral_spread": {
        "dmean": 433032.71875,
        "dmean2": 637340.1875,
        "dvar": 326564741120,
        "dvar2": 618506027008,
        "max": 21891112,
        "mean": 4389574.5,
        "median": 4123453.25,
        "min": 497370.1875,
        "var": 2.43597574144e+12
    },
    "spectral_strongpeak": {
        "dmean": 0.754154682159,
        "dmean2": 1.23926198483,
        "dvar": 1.31414926052,
        "dvar2": 3.41440582275,
        "max": 29.4015522003,
        "mean": 2.10176682472,
        "median": 1.11708855629,
        "min": 0,
        "var": 5.00642538071
    },
    "zerocrossingrate": {
        "dmean": 0.00898343604058,
        "dmean2": 0.0108542777598,
        "dvar": 0.000199355883524,
        "dvar2": 0.000227401411394,
        "max": 0.52294921875,
        "mean": 0.0616367608309,
        "median": 0.0546875,
        "min": 0.00341796875,
        "var": 0.00199420214631
    },
    "barkbands": {
        "dmean": [0.000316920457408, 0.00200849911198, 0.000550008553546, 0.000471613486297, 0.00139216601383, 0.000653473602142, 0.000735589477699, 0.00076611264376, 0.000906657311134, 0.00272289733402, 0.000927804561798, 0.000319890707033, 0.000266840914264, 0.000382057827665, 0.000221770809731, 9.70614419202e-05, 0.000103388192656, 0.000142386459629, 0.000115749571705, 0.000125511360238, 6.4969099185e-05, 9.42164479056e-05, 5.62199493288e-05, 4.36581867689e-05, 3.62847167708e-05, 2.02550854738e-05, 1.06523366412e-05],
        "dmean2": [0.000509227102157, 0.00344784976915, 0.000953055685386, 0.000801239861175, 0.00217296928167, 0.00101433775853, 0.00111164781265, 0.00115358224139, 0.00139989319723, 0.00418731337413, 0.00150191551074, 0.000522813876159, 0.000437950919149, 0.000613037613221, 0.000360942009138, 0.000156812820933, 0.000166685276781, 0.000228144883295, 0.000182809366379, 0.000197344226763, 9.857724217e-05, 0.000148969207658, 8.52251032484e-05, 6.69637738611e-05, 5.67152092117e-05, 3.10662726406e-05, 1.67071812029e-05],
        "dvar": [6.10578069882e-07, 1.5030052964e-05, 1.96765063265e-06, 1.7027417698e-06, 8.80975130713e-06, 2.84786892735e-06, 5.05862453792e-06, 6.93408946972e-06, 6.96449342286e-06, 3.01468535326e-05, 1.07599553303e-05, 7.90212993707e-07, 3.71249001319e-07, 7.47074864194e-07, 2.38867045255e-07, 5.10424733591e-08, 7.20908843732e-08, 7.66676180319e-08, 5.72231719786e-08, 7.36259408995e-08, 4.03377136138e-08, 1.57456994998e-07, 5.62093660506e-08, 5.18586027454e-08, 5.58263977268e-08, 1.18223928425e-08, 1.1254108756e-08],
        "dvar2": [1.57934982781e-06, 4.43794597231e-05, 5.61488741369e-06, 4.50277184427e-06, 2.15410891542e-05, 7.09789310349e-06, 1.14987969937e-05, 1.47697528519e-05, 1.5768197045e-05, 7.12454930181e-05, 2.78642037301e-05, 1.90604464478e-06, 8.47552200867e-07, 1.780266075e-06, 6.07110507644e-07, 1.07274438221e-07, 1.80600039812e-07, 1.83181114721e-07, 1.25893421909e-07, 1.73115395796e-07, 8.13981912984e-08, 3.84921179375e-07, 1.23618718817e-07, 1.30840021484e-07, 1.46980198679e-07, 2.94821251856e-08, 2.64531045957e-08],
        "max": [0.0106666935608, 0.0487594790757, 0.0252962112427, 0.0415480285883, 0.0611243918538, 0.059567309916, 0.0759054720402, 0.0806226432323, 0.0693673267961, 0.107942484319, 0.0978024825454, 0.0260681174695, 0.0201270282269, 0.017475258559, 0.00939647853374, 0.011327251792, 0.0109946522862, 0.00552472332492, 0.00632319739088, 0.00530421268195, 0.0054966956377, 0.018265966326, 0.0128564583138, 0.0109522584826, 0.0139768896624, 0.00538008566946, 0.0082482593134],
        "mean": [0.00043832877418, 0.00278551736847, 0.000658069038764, 0.000616043864284, 0.00265815318562, 0.00124041130766, 0.00125307589769, 0.00123948359396, 0.00173665373586, 0.00670185079798, 0.001799862599, 0.000527906173375, 0.000486503966385, 0.000809016113635, 0.000439624098362, 0.000176166824531, 0.000214070139918, 0.000310490519041, 0.000282914348645, 0.00027750490699, 0.000129822161398, 0.000193936590222, 0.000118634467071, 7.99237459432e-05, 5.91992611589e-05, 3.45765583916e-05, 1.43202814797e-05],
        "median": [2.43101840169e-05, 0.000343788036844, 0.000111208079034, 0.000159872462973, 0.00092598318588, 0.000439421884948, 0.000360601348802, 0.000284146080958, 0.000374207273126, 0.00105444341898, 0.000182926130947, 0.000179897775524, 0.000157983362442, 0.000206379612791, 0.000104787541204, 7.97948523541e-05, 7.47591984691e-05, 0.000142769727972, 0.000114218317322, 0.000101778168755, 5.42038396816e-05, 9.13437106647e-05, 5.40047549293e-05, 2.85249843728e-05, 1.07411997305e-05, 1.76201558588e-06, 1.64969382599e-09],
        "min": [1.54322388498e-17, 2.27230418561e-17, 1.44872462113e-17, 1.35931119456e-17, 2.79663710142e-17, 1.66436051522e-17, 7.0708209398e-18, 6.90792922486e-18, 3.21804658059e-17, 6.5787573323e-17, 7.10114306495e-17, 5.10236765558e-17, 1.84513058106e-17, 2.31930888935e-17, 2.16522780598e-17, 8.3521427338e-18, 1.17962893327e-18, 6.76658093266e-17, 1.06250072516e-16, 1.26814847952e-16, 3.10866087813e-17, 8.61160728896e-17, 6.70026950254e-17, 1.44385765585e-16, 3.57029469465e-16, 3.96708860228e-16, 3.76527241469e-16],
        "var": [1.08903475393e-06, 2.55489449046e-05, 2.20994502342e-06, 2.15577301788e-06, 2.13135117519e-05, 8.26726773084e-06, 9.81821449386e-06, 1.50241485244e-05, 2.12015347643e-05, 0.000132403059979, 3.27879461111e-05, 1.64578602835e-06, 9.31383624447e-07, 2.95648374049e-06, 7.18353533102e-07, 1.46686218727e-07, 4.01374450121e-07, 1.96200119262e-07, 2.08971428606e-07, 2.44464899879e-07, 8.54286881236e-08, 2.1985331955e-07, 1.10137293063e-07, 6.13575750208e-08, 1.39091781648e-07, 4.75883297213e-08, 2.08266577317e-08]
    },
    "erbbands": {
        "dmean": [0.0833965465426, 0.385746449232, 0.633706212044, 1.0322163105, 3.25143551826, 4.9151892662, 5.52081918716, 5.7540678978, 10.3195953369, 12.2982301712, 14.4939517975, 18.3279857635, 64.0534973145, 68.1091690063, 24.634771347, 11.949054718, 11.5677080154, 14.2251024246, 15.6995515823, 8.46413898468, 4.84609079361, 5.1077466011, 7.13994598389, 5.52962827682, 6.03150510788, 5.97057628632, 2.43264627457, 2.90656518936, 3.31175613403, 2.66357922554, 1.5162062645, 1.00607049465, 0.692298769951, 0.528230369091, 0.191256940365, 0.080486856401, 0.0470399856567, 0.0109602352604, 0.0021999606397, 8.31062934594e-05],
        "dmean2": [0.142009168863, 0.662036299706, 1.07381558418, 1.76676428318, 5.31516838074, 7.71049594879, 8.36267566681, 8.85981273651, 15.7396850586, 17.9740009308, 22.0892486572, 27.6953926086, 97.4872817993, 105.2423172, 39.7576217651, 19.2940444946, 18.6658382416, 22.6955184937, 25.3692016602, 13.7733354568, 8.0306968689, 8.23261356354, 11.4301023483, 8.68242645264, 9.38955116272, 9.43445396423, 3.81973719597, 4.42585897446, 5.24755096436, 4.20355987549, 2.29586720467, 1.52973592281, 1.07101809978, 0.829005777836, 0.296161293983, 0.124681584537, 0.0733778476715, 0.0169783588499, 0.00343470391817, 0.000131077860715],
        "dvar": [0.0295092221349, 0.611874341965, 2.12972044945, 6.68495798111, 74.6219024658, 138.774536133, 274.547515869, 248.102600098, 824.610046387, 1921.7532959, 2505.46118164, 3090.82446289, 19293.4804688, 21689.1992188, 5657.19433594, 953.061340332, 701.867980957, 998.054321289, 1014.73126221, 401.714324951, 141.945541382, 131.166366577, 239.614883423, 119.971069336, 163.108459473, 201.311721802, 52.0273361206, 95.384513855, 199.414764404, 164.074768066, 43.826751709, 18.7097167969, 16.4374446869, 15.3246908188, 0.866866528988, 0.134830385447, 0.121695697308, 0.00447459844872, 0.000614105840214, 5.47654110505e-07],
        "dvar2": [0.0867807418108, 1.74629175663, 5.94835567474, 17.975528717, 200.689163208, 342.795043945, 617.671203613, 612.221191406, 1940.34228516, 3867.66870117, 5561.24316406, 6374.25732422, 45553.1445312, 52609.0390625, 14386.9013672, 2246.24047852, 1530.61206055, 2304.53442383, 2510.22900391, 1047.875, 369.099121094, 309.448181152, 591.410339355, 269.131530762, 376.142913818, 495.562866211, 111.053771973, 188.711807251, 476.236480713, 427.609619141, 91.5924377441, 40.4679832458, 43.6058959961, 40.3962631226, 2.25456023216, 0.32061034441, 0.322940707207, 0.0104804290459, 0.00145542237442, 1.21954644783e-06],
        "max": [2.13630414009, 10.4125757217, 25.0969638824, 53.188495636, 251.413711548, 308.884368896, 518.380859375, 712.98828125, 1223.19958496, 1458.91516113, 1794.38024902, 1756.92199707, 3665.01635742, 2859.33813477, 1715.66625977, 793.039489746, 1113.53662109, 824.612670898, 589.356506348, 515.914428711, 436.568084717, 599.359985352, 375.802856445, 376.214630127, 278.507537842, 325.938262939, 199.388412476, 277.19934082, 511.002410889, 805.98626709, 324.417266846, 188.78137207, 203.663696289, 231.390808105, 48.1864356995, 15.2726507187, 18.5486793518, 3.2416331768, 1.99842727184, 0.0395728796721],
        "mean": [0.110147960484, 0.498007982969, 0.837516129017, 1.4339684248, 4.96337223053, 9.05801296234, 10.7455062866, 11.0054216385, 18.0537624359, 22.3771514893, 24.7653217316, 37.4978866577, 158.892059326, 160.799972534, 51.930316925, 22.6110305786, 22.9078578949, 31.8995246887, 34.3217430115, 18.5522041321, 10.7509155273, 11.093706131, 15.7419700623, 15.0981636047, 15.893289566, 13.6460437775, 5.24790763855, 5.74506092072, 6.4609336853, 5.82729625702, 3.25318479538, 1.96826946735, 1.16106843948, 0.866927802563, 0.307250440121, 0.130722671747, 0.0755242928863, 0.0145233767107, 0.00296865869313, 0.000142531876918],
        "median": [0.0105208465829, 0.065543487668, 0.163728401065, 0.486510336399, 1.63014888763, 2.74079871178, 2.55999445915, 4.46292877197, 5.96996307373, 5.93955373764, 7.6052904129, 12.4691810608, 31.4533252716, 26.9798698425, 12.986117363, 9.66593360901, 9.35932826996, 11.1026258469, 11.2044553757, 6.93582296371, 4.51275110245, 4.85645723343, 7.95990562439, 6.89058732986, 6.24216175079, 4.87895488739, 2.482442379, 2.38551926613, 2.84768104553, 2.56526994705, 1.51161336899, 0.731571435928, 0.388734966516, 0.15856730938, 0.0574135407805, 0.0146763920784, 0.00162939028814, 8.08822733234e-05, 2.3672291718e-05, 3.26993213093e-05],
        "min": [8.36104210531e-16, 4.58339268638e-15, 1.50189139825e-14, 3.45606213732e-14, 6.39745350336e-14, 9.87818903281e-14, 1.27721211428e-13, 1.34778744155e-13, 1.13286414754e-13, 1.00567991435e-13, 2.23005180945e-13, 6.87191189369e-13, 1.59436927636e-12, 2.58860359363e-12, 2.81607311255e-12, 1.88905878787e-12, 9.30269966962e-13, 1.05650644483e-12, 1.28573887648e-12, 8.67723536253e-13, 3.3098439896e-13, 1.64742500783e-13, 2.50029012251e-12, 5.9607219334e-12, 6.34060555796e-12, 5.85466137376e-12, 1.24004821168e-12, 1.53826550022e-12, 2.14449530182e-12, 3.37347727877e-12, 1.87706360871e-12, 1.72376652882e-12, 3.69998953351e-12, 3.51743308959e-12, 2.73806389887e-12, 8.66122657536e-13, 1.0241447447e-12, 2.69990464447e-13, 4.64377139715e-14, 5.94788356683e-15],
        "var": [0.0498892888427, 0.932460129261, 2.99838137627, 8.72661209106, 112.855979919, 309.056182861, 837.515686035, 516.539611816, 1602.01428223, 5113.42871094, 4530.2578125, 9093.11621094, 83344.703125, 86331.1484375, 18297.2050781, 2183.93212891, 1869.70336914, 3962.94018555, 3314.67114258, 1328.13830566, 668.501098633, 628.327270508, 542.343994141, 506.507141113, 644.051635742, 688.094421387, 107.890609741, 200.956420898, 293.574920654, 185.150497437, 95.7826766968, 34.8218574524, 16.0269985199, 37.6668739319, 2.02769112587, 0.354664504528, 0.409500598907, 0.00871162489057, 0.0010557359783, 1.55466818796e-06]
    },
    "gfcc": {
        "mean": [-27.1361217499, 89.4820556641, -145.673980713, 24.5612316132, -80.2132568359, 13.6105957031, -28.2973175049, 3.3267788887, -20.6652393341, -8.43552589417, -10.220205307, -4.7624912262, -5.12970352173],
        "cov": [[5618.15039062, -1239.33056641, 687.526794434, 0.763460636139, 520.360046387, 807.676391602, 136.881637573, 983.055358887, -9.85047531128, 466.213287354, -182.074737549, 438.451324463, 46.3405189514], [-1239.33056641, 2184.70922852, 300.225402832, 442.080627441, 119.604942322, -339.075622559, 243.193008423, -401.485015869, 236.429443359, -251.875915527, 293.927215576, -146.389038086, 101.148628235], [687.526794434, 300.225402832, 1873.13317871, 400.151977539, 190.361190796, -97.6497955322, -227.98147583, -27.5935268402, -91.6485137939, 202.538299561, -114.487213135, 198.138381958, -76.9716567993], [0.763460636139, 442.080627441, 400.151977539, 607.438415527, 8.53547382355, 2.63168764114, -15.0437049866, -57.334690094, 88.2359771729, -54.8753623962, 56.1025009155, -5.68444871902, 71.7660369873], [520.360046387, 119.604942322, 190.361190796, 8.53547382355, 497.412841797, 175.85067749, 184.328735352, 178.618041992, 86.010635376, 125.114707947, -26.1152896881, 113.956161499, 33.4671134949], [807.676391602, -339.075622559, -97.6497955322, 2.63168764114, 175.85067749, 427.244628906, 143.957168579, 278.120056152, 36.2391166687, 100.536605835, -12.1068677902, 57.3360176086, 62.4492721558], [136.881637573, 243.193008423, -227.98147583, -15.0437049866, 184.328735352, 143.957168579, 430.239624023, 95.2326965332, 99.2175292969, -24.0304603577, 95.8749313354, 5.13654088974, 29.4204692841], [983.055358887, -401.485015869, -27.5935268402, -57.334690094, 178.618041992, 278.120056152, 95.2326965332, 390.383758545, 28.2483386993, 138.759674072, -30.7971286774, 93.9935531616, 34.8619613647], [-9.85047531128, 236.429443359, -91.6485137939, 88.2359771729, 86.010635376, 36.2391166687, 99.2175292969, 28.2483386993, 201.161422729, -11.4000434875, 72.979598999, -17.4905834198, 71.856628418], [466.213287354, -251.875915527, 202.538299561, -54.8753623962, 125.114707947, 100.536605835, -24.0304603577, 138.759674072, -11.4000434875, 206.496444702, -45.3996391296, 104.959396362, -26.9316864014], [-182.074737549, 293.927215576, -114.487213135, 56.1025009155, -26.1152896881, -12.1068677902, 95.8749313354, -30.7971286774, 72.979598999, -45.3996391296, 201.993392944, -21.8983211517, 47.1738700867], [438.451324463, -146.389038086, 198.138381958, -5.68444871902, 113.956161499, 57.3360176086, 5.13654088974, 93.9935531616, -17.4905834198, 104.959396362, -21.8983211517, 181.02104187, 10.1909275055], [46.3405189514, 101.148628235, -76.9716567993, 71.7660369873, 33.4671134949, 62.4492721558, 29.4204692841, 34.8619613647, 71.856628418, -26.9316864014, 47.1738700867, 10.1909275055, 150.185073853]],
        "icov": [[0.000387094187317, 4.07160659961e-05, -0.000143579454743, -6.41611495666e-06, 6.19667189312e-05, -0.000268758885795, 5.96869404035e-06, -0.000731712323613, -6.0964426666e-05, 0.000130271786475, 7.05029960955e-05, -0.000400727032684, 0.000106819432403], [4.07160659961e-05, 0.00130724557675, -0.000328425056068, -0.000395561190089, -0.000790783320554, 0.000801304355264, -0.000620696635451, 0.000715798814781, -0.000447713333415, 0.000560104032047, -0.00112032506149, 0.000717667513527, -0.000455977278762], [-0.000143579454743, -0.000328425056068, 0.00115151703358, -0.000756100169383, -0.000304085609969, 0.000277045590337, 0.000486620265292, 0.000256182393059, 0.000634089810774, -0.00099933159072, 0.000373251532437, -0.000584868830629, 0.000454593333416], [-6.41611495666e-06, -0.000395561190089, -0.000756100169383, 0.0027671973221, 0.000492278195452, -0.000951913360041, 0.000365975487512, 9.57662268775e-05, -0.00108428357635, 0.00111108925194, -4.00574062951e-05, -0.000183700380148, -0.000506159907673], [6.19667189312e-05, -0.000790783320554, -0.000304085609969, 0.000492278195452, 0.00434797490016, -0.000930837821215, -0.00127094716299, -0.000842230394483, -0.00119785580318, -0.0013465359807, 0.00188588548917, -0.00150729494635, -0.000173416017788], [-0.000268758885795, 0.000801304355264, 0.000277045590337, -0.000951913360041, -0.000930837821215, 0.00602232757956, -0.00152388447896, -0.00193933781702, 0.000816976011265, -0.00127191154752, -0.000245875562541, 0.00159707514104, -0.0020580496639], [5.96869404035e-06, -0.000620696635451, 0.000486620265292, 0.000365975487512, -0.00127094716299, -0.00152388447896, 0.0045614503324, -0.000593406381086, -0.000682206999045, 0.00161550648045, -0.00131530140061, -0.000835662533063, 0.00173771288246], [-0.000731712323613, 0.000715798814781, 0.000256182393059, 9.57662268775e-05, -0.000842230394483, -0.00193933781702, -0.000593406381086, 0.00778592843562, -0.000553031044547, -0.001884154859, -0.000338000361808, 0.000238317952608, -0.000851041462738], [-6.0964426666e-05, -0.000447713333415, 0.000634089810774, -0.00108428357635, -0.00119785580318, 0.000816976011265, -0.000682206999045, -0.000553031044547, 0.00852445419878, -0.00171688501723, -0.00124914338812, 0.00168247532565, -0.0027555602137], [0.000130271786475, 0.000560104032047, -0.00099933159072, 0.00111108925194, -0.0013465359807, -0.00127191154752, 0.00161550648045, -0.001884154859, -0.00171688501723, 0.0112860603258, -0.000757011584938, -0.00351040647365, 0.0028105948586], [7.05029960955e-05, -0.00112032506149, 0.000373251532437, -4.00574062951e-05, 0.00188588548917, -0.000245875562541, -0.00131530140061, -0.000338000361808, -0.00124914338812, -0.000757011584938, 0.0080829244107, -0.00102814065758, -0.00104588957038], [-0.000400727032684, 0.000717667513527, -0.000584868830629, -0.000183700380148, -0.00150729494635, 0.00159707514104, -0.000835662533063, 0.000238317952608, 0.00168247532565, -0.00351040647365, -0.00102814065758, 0.0102725448087, -0.00260008289479], [0.000106819432403, -0.000455977278762, 0.000454593333416, -0.000506159907673, -0.000173416017788, -0.0020580496639, 0.00173771288246, -0.000851041462738, -0.0027555602137, 0.0028105948586, -0.00104588957038, -0.00260008289479, 0.0104863587767]]
    },
    "melbands": {
        "dmean": [0.00062905420782, 0.000367419183021, 0.000230126504903, 0.000291294418275, 0.00020121326088, 0.000131827808218, 0.000152069784235, 0.000144635370816, 0.000115204493341, 0.000127276245621, 0.000343458319549, 0.000309226597892, 0.000105342645838, 3.85648163501e-05, 2.95107092825e-05, 2.61852674157e-05, 3.07048794639e-05, 3.10770010401e-05, 1.54967237904e-05, 8.82842505234e-06, 5.85687212151e-06, 5.94871744397e-06, 5.85963380217e-06, 7.63931348047e-06, 4.76522427562e-06, 4.6836535148e-06, 5.25330005985e-06, 3.90550758311e-06, 1.61962032053e-06, 1.65471817581e-06, 1.82155872608e-06, 2.00520844373e-06, 1.97445342565e-06, 1.36685241614e-06, 9.67846290223e-07, 7.43206271636e-07, 6.2881622398e-07, 5.13310908445e-07, 4.46949457e-07, 5.04993977302e-07],
        "dmean2": [0.00107550795656, 0.000620528822765, 0.000388713029679, 0.000463150383439, 0.000308642571326, 0.000202968061785, 0.000228462435189, 0.000213826730032, 0.000175478358869, 0.000191881743376, 0.00052292883629, 0.000476849643746, 0.000169479069882, 6.27357512712e-05, 4.7481724323e-05, 4.26810183853e-05, 4.88317709824e-05, 5.02009206684e-05, 2.5128485504e-05, 1.43962161019e-05, 9.73639998847e-06, 9.58623422775e-06, 9.58643067861e-06, 1.21618322737e-05, 7.56694680604e-06, 7.52372670831e-06, 8.14596751297e-06, 6.23101186648e-06, 2.60172214439e-06, 2.58602926806e-06, 2.78702100331e-06, 3.21071411236e-06, 3.1578015296e-06, 2.16360535887e-06, 1.49581524056e-06, 1.13445582883e-06, 9.74875320026e-07, 8.07952403648e-07, 7.06574155629e-07, 8.02783972631e-07],
        "dvar": [1.51567587636e-06, 5.7885250726e-07, 3.50153214868e-07, 4.27910350709e-07, 3.10412701765e-07, 1.13319138961e-07, 1.82176449925e-07, 2.51084856018e-07, 1.44759255249e-07, 1.40774801594e-07, 5.44580416317e-07, 4.26416249866e-07, 1.33279868919e-07, 1.35755318098e-08, 5.45267964114e-09, 3.84715681534e-09, 5.04391328704e-09, 4.67999994314e-09, 1.48284740042e-09, 4.46340964189e-10, 2.66399541315e-10, 2.23658550014e-10, 1.68613817353e-10, 2.41400566203e-10, 1.01504006589e-10, 1.01707545164e-10, 1.38986919196e-10, 9.14197051394e-11, 2.17864112168e-11, 3.09364374396e-11, 3.99741732771e-11, 6.97676708072e-11, 8.02312660753e-11, 3.96302990424e-11, 1.72347188604e-11, 9.31815041794e-12, 7.45821980563e-12, 8.69173916868e-12, 6.82715993114e-12, 2.40410382574e-11],
        "dvar2": [4.50915013062e-06, 1.59305545822e-06, 9.49253148974e-07, 1.07235609903e-06, 7.16767431186e-07, 2.78990597735e-07, 4.2759464236e-07, 5.09541223437e-07, 3.16317283477e-07, 2.96645652043e-07, 1.28917849906e-06, 1.02152591808e-06, 3.41077850408e-07, 3.36625269881e-08, 1.22232108879e-08, 9.33268129444e-09, 1.16611156287e-08, 1.14251079708e-08, 3.72976005636e-09, 1.00564223615e-09, 7.34534821856e-10, 5.01343966341e-10, 4.18393153456e-10, 5.85833381805e-10, 2.29109342609e-10, 2.41309611182e-10, 3.13647413597e-10, 2.273600197e-10, 4.94256094385e-11, 6.95004748197e-11, 8.12747161238e-11, 1.6375308054e-10, 2.09913142424e-10, 1.03064591583e-10, 3.72730665776e-11, 1.93000771614e-11, 1.67380276306e-11, 2.30188611228e-11, 1.79915648352e-11, 6.37266558967e-11],
        "max": [0.0147709008306, 0.0112097458914, 0.0179806854576, 0.015155499801, 0.0166732631624, 0.014224562794, 0.0164528824389, 0.0179038792849, 0.0131242023781, 0.0109256906435, 0.0189936477691, 0.0125138470903, 0.0100693870336, 0.00391549011692, 0.00292741064914, 0.00171767629217, 0.00190956739243, 0.0013951001456, 0.000885456101969, 0.000951673137024, 0.000713879824616, 0.000890719995368, 0.000323799817124, 0.000312707968988, 0.000358825665899, 0.000234564169659, 0.00036137146526, 0.000205150296097, 0.000116080067528, 0.000190650855075, 0.000188435282325, 0.000221532056457, 0.000522586808074, 0.000394126836909, 0.000208279394428, 0.000170749859535, 9.67033847701e-05, 0.000135578768095, 0.000124585494632, 0.000309564173222],
        "mean": [0.000877115526237, 0.000522348855156, 0.000342841638485, 0.000511881837156, 0.000407793675549, 0.000252885452937, 0.00026647769846, 0.000258960120846, 0.000195641900063, 0.000248600612395, 0.000843754794914, 0.000727297447156, 0.000212319442653, 6.61606609356e-05, 5.25902687514e-05, 4.67836616735e-05, 6.45526015433e-05, 6.37628181721e-05, 3.12024676532e-05, 1.69921877387e-05, 1.20851518659e-05, 1.19867308968e-05, 1.11192239274e-05, 1.60416693689e-05, 1.15203447422e-05, 1.12391244329e-05, 1.22466299217e-05, 7.89874775364e-06, 3.09837264467e-06, 3.02325815937e-06, 3.36212542607e-06, 3.51126050191e-06, 3.97880103264e-06, 2.81085203824e-06, 1.93456889974e-06, 1.39488474815e-06, 1.13707028504e-06, 8.44587134452e-07, 6.31264015283e-07, 8.31679358271e-07],
        "median": [0.000106015904748, 0.000102441161289, 0.000123768986668, 0.000188022633665, 9.7207223007e-05, 9.88387255347e-05, 8.51884469739e-05, 6.12979783909e-05, 5.58496722078e-05, 5.76221318624e-05, 0.000144523335621, 9.45785504882e-05, 2.89118361252e-05, 2.13552993955e-05, 1.94498843484e-05, 1.4534892216e-05, 1.80536590051e-05, 1.58264683705e-05, 7.27098131392e-06, 6.72594615025e-06, 3.93206073568e-06, 4.29091687693e-06, 5.53939162273e-06, 6.59851230012e-06, 4.75009210277e-06, 4.27362101618e-06, 3.91967432734e-06, 2.52800896305e-06, 1.29352599743e-06, 1.20126128422e-06, 1.32184072754e-06, 1.37185759286e-06, 1.82151597983e-06, 1.14869510526e-06, 8.65927574978e-07, 5.3833457514e-07, 3.69060956018e-07, 2.64417167273e-07, 1.79047546567e-07, 1.05321667832e-07],
        "min": [7.62430154973e-18, 7.36229457225e-18, 6.80372349283e-18, 5.90559973504e-18, 4.56625825211e-18, 3.04737866478e-18, 1.66151302868e-18, 1.11205737622e-18, 2.06446620587e-18, 4.71640600895e-18, 8.10820468962e-18, 1.03396360614e-17, 9.75792625867e-18, 6.54304372664e-18, 3.10415861678e-18, 1.68463572533e-18, 2.00332287615e-18, 2.14356659272e-18, 1.52805250333e-18, 8.13612368965e-19, 2.83859486606e-19, 5.87142363066e-20, 6.42131934321e-19, 3.76861998154e-18, 5.06774890618e-18, 3.46440818125e-18, 6.3572783998e-18, 3.10293397588e-18, 5.05641342986e-19, 9.71684102482e-19, 8.20381756605e-19, 1.13157604694e-18, 1.97427725612e-18, 1.73898759203e-18, 1.40703153362e-18, 3.98457760753e-19, 1.26954780856e-18, 2.38690989404e-18, 3.00450816838e-18, 2.66327548619e-18],
        "var": [2.66677989202e-06, 9.93198000288e-07, 4.76298538388e-07, 8.43058501232e-07, 9.49153672991e-07, 2.70998924634e-07, 3.54580095063e-07, 6.89016417255e-07, 2.83232111542e-07, 4.49488027243e-07, 2.36768664763e-06, 1.7417220306e-06, 4.32441026987e-07, 3.0375748139e-08, 1.30304194101e-08, 7.81664422078e-09, 2.00808862871e-08, 1.56790118666e-08, 4.73713468452e-09, 1.4626135858e-09, 1.40658518166e-09, 1.23050969414e-09, 3.16880854889e-10, 6.28112228895e-10, 3.70486308299e-10, 3.55110219008e-10, 5.15905096421e-10, 2.73998462808e-10, 4.34419653028e-11, 5.22342273601e-11, 7.93144439015e-11, 1.0659479549e-10, 8.79362346828e-11, 4.61775340188e-11, 3.54599752339e-11, 2.12591541593e-11, 1.20066370041e-11, 8.20485433067e-12, 7.3084463828e-12, 6.17262352343e-11]
    },
    "mfcc": {
        "mean": [-657.644165039, 109.629310608, -10.1498355865, 8.03485107422, -20.1389122009, 1.30589783192, -3.31092262268, 7.66891431808, -7.0713634491, 3.12253808975, -1.01199352741, -10.4108381271, -6.77740859985],
        "cov": [[4639.04150391, -695.031860352, -170.908096313, -141.026580811, 327.591430664, 148.161468506, 341.963897705, 569.099609375, 410.949737549, 530.168151855, 146.540237427, -24.7909412384, 195.331787109], [-695.031860352, 1370.17785645, 363.858886719, 338.826782227, 116.582054138, 58.6718139648, 55.5576553345, -29.8788738251, -74.7371673584, -47.7223892212, 24.6139431, 27.7465305328, 77.4051971436], [-170.908096313, 363.858886719, 1326.52197266, 521.708618164, 250.310668945, 72.0380783081, -93.469909668, -149.005508423, -73.8978424072, -149.666671753, -58.5005874634, 49.5861473083, 34.7403831482], [-141.026580811, 338.826782227, 521.708618164, 518.320678711, 161.266921997, 80.5949859619, -45.5228004456, -1.41282892227, -18.2695522308, -50.3686599731, -26.3172988892, 39.4648895264, 30.116853714], [327.591430664, 116.582054138, 250.310668945, 161.266921997, 371.175842285, 87.2974777222, 29.5723991394, 34.1467628479, 127.682723999, 47.7757492065, 13.8536891937, 31.7977771759, 46.4802589417], [148.161468506, 58.6718139648, 72.0380783081, 80.5949859619, 87.2974777222, 203.794967651, 83.036026001, 73.9053649902, 85.3273468018, 47.0244255066, 24.1244850159, 23.4165973663, 15.6336975098], [341.963897705, 55.5576553345, -93.469909668, -45.5228004456, 29.5723991394, 83.036026001, 288.461456299, 152.491958618, 83.4068069458, 111.799789429, 84.9536209106, -2.82554841042, 43.3723754883], [569.099609375, -29.8788738251, -149.005508423, -1.41282892227, 34.1467628479, 73.9053649902, 152.491958618, 257.091918945, 106.010368347, 138.120895386, 64.9359436035, -3.86185860634, 38.2772102356], [410.949737549, -74.7371673584, -73.8978424072, -18.2695522308, 127.682723999, 85.3273468018, 83.4068069458, 106.010368347, 244.17086792, 104.77243042, 28.3283061981, 30.7851638794, 22.7386779785], [530.168151855, -47.7223892212, -149.666671753, -50.3686599731, 47.7757492065, 47.0244255066, 111.799789429, 138.120895386, 104.77243042, 213.98085022, 75.5826950073, -9.24882030487, 21.0522518158], [146.540237427, 24.6139431, -58.5005874634, -26.3172988892, 13.8536891937, 24.1244850159, 84.9536209106, 64.9359436035, 28.3283061981, 75.5826950073, 124.959228516, 15.0939254761, 13.4478492737], [-24.7909412384, 27.7465305328, 49.5861473083, 39.4648895264, 31.7977771759, 23.4165973663, -2.82554841042, -3.86185860634, 30.7851638794, -9.24882030487, 15.0939254761, 130.014556885, 55.6157722473], [195.331787109, 77.4051971436, 34.7403831482, 30.116853714, 46.4802589417, 15.6336975098, 43.3723754883, 38.2772102356, 22.7386779785, 21.0522518158, 13.4478492737, 55.6157722473, 136.772521973]],
