{
"lowlevel": {
    "average_loudness": 0.867018043995,
    "barkbands_crest": {
        "dmean": 2.83894658089,
        "dmean2": 4.37453079224,
        "dvar": 6.53772878647,
        "dvar2": 14.7564611435,
        "max": 26.0635662079,
        "mean": 11.6207113266,
        "median": 10.5841941833,
        "min": 2.13866686821,
        "var": 26.8378791809
    },
    "barkbands_flatness_db": {
        "dmean": 0.0262825023383,
        "dmean2": 0.0369404293597,
        "dvar": 0.000542632420547,
        "dvar2": 0.00107001804281,
        "max": 0.384912282228,
        "mean": 0.148183003068,
        "median": 0.139819920063,
        "min": 0.0217589531094,
        "var": 0.00391768245026
    },
    "barkbands_kurtosis": {
        "dmean": 3.21823978424,
        "dmean2": 4.92084217072,
        "dvar": 29.7556648254,
        "dvar2": 64.1702346802,
        "max": 154.961074829,
        "mean": 5.23288631439,
        "median": 2.69738912582,
        "min": -1.94577026367,
        "var": 77.2391357422
    },
    "barkbands_skewness": {
        "dmean": 0.592180967331,
        "dmean2": 0.886759519577,
        "dvar": 0.386350721121,
        "dvar2": 0.802356362343,
        "max": 11.511516571,
        "mean": 1.76049339771,
        "median": 1.61550366879,
        "min": -3.49236154556,
        "var": 1.68964123726
    },
    "barkbands_spread": {
        "dmean": 7.30196142197,
        "dmean2": 11.165555954,
        "dvar": 85.5404968262,
        "dvar2": 183.57975769,
        "max": 125.122177124,
        "mean": 22.5862426758,
        "median": 18.9192848206,
        "min": 0.980010867119,
        "var": 251.010848999
    },
    "dissonance": {
        "dmean": 0.0189320258796,
        "dmean2": 0.0318845137954,
        "dvar": 0.000349892914528,
        "dvar2": 0.000948098837398,
        "max": 0.500000119209,
        "mean": 0.465843141079,
        "median": 0.472463488579,
        "min": 0.276312738657,
        "var": 0.000763515185099
    },
    "dynamic_complexity": 3.00825476646,
    "erbbands_crest": {
        "dmean": 2.78699994087,
        "dmean2": 4.4083738327,
        "dvar": 7.21676778793,
        "dvar2": 16.4270305634,
        "max": 32.243637085,
        "mean": 9.53991317749,
        "median": 8.03796768188,
        "min": 2.2380502224,
        "var": 29.8612442017
    },
    "erbbands_flatness_db": {
        "dmean": 0.020689914003,
        "dmean2": 0.0283452887088,
        "dvar": 0.000354923016857,
        "dvar2": 0.000616645207629,
        "max": 0.427158087492,
        "mean": 0.163930863142,
        "median": 0.147366002202,
        "min": 0.0446608625352,
        "var": 0.00510503584519
    },
    "erbbands_kurtosis": {
        "dmean": 1.02831041813,
        "dmean2": 1.5817502737,
        "dvar": 2.40306854248,
        "dvar2": 4.89295196533,
        "max": 45.470489502,
        "mean": 0.789844691753,
        "median": -0.00527191162109,
        "min": -1.81068921089,
        "var": 7.34150409698
    },
    "erbbands_skewness": {
        "dmean": 0.373857557774,
        "dmean2": 0.557377815247,
        "dvar": 0.131309583783,
        "dvar2": 0.26668214798,
        "max": 5.89950084686,
        "mean": 0.615984380245,
        "median": 0.585709750652,
        "min": -3.50297307968,
        "var": 0.727042913437
    },
    "erbbands_spread": {
        "dmean": 9.75444889069,
        "dmean2": 14.5549325943,
        "dvar": 115.213752747,
        "dvar2": 250.810180664,
        "max": 152.952636719,
        "mean": 43.0759963989,
        "median": 41.0974998474,
        "min": 3.66959619522,
        "var": 532.406311035
    },
    "hfc": {
        "dmean": 9.32754135132,
        "dmean2": 14.6326112747,
        "dvar": 240.475570679,
        "dvar2": 612.86895752,
        "max": 228.380462646,
        "mean": 23.9662532806,
        "median": 18.3060054779,
        "min": 2.93254895922e-08,
        "var": 438.986968994
    },
    "melbands_crest": {
        "dmean": 3.55539608002,
        "dmean2": 5.5641336441,
        "dvar": 10.0997781754,
        "dvar2": 23.8657836914,
        "max": 33.8681640625,
        "mean": 15.7187232971,
        "median": 14.8004655838,
        "min": 2.42541456223,
        "var": 41.3556900024
    },
    "melbands_flatness_db": {
        "dmean": 0.028776763007,
        "dmean2": 0.0421671792865,
        "dvar": 0.000763592717703,
        "dvar2": 0.00155152496882,
        "max": 0.51153677702,
        "mean": 0.193154066801,
        "median": 0.186875090003,
        "min": 0.01639726758,
        "var": 0.00525680324063
    },
    "melbands_kurtosis": {
        "dmean": 8.7294588089,
        "dmean2": 13.3419303894,
        "dvar": 239.217498779,
        "dvar2": 534.995483398,
        "max": 447.588226318,
        "mean": 17.9127044678,
        "median": 9.81709289551,
        "min": -1.88797461987,
        "var": 651.683166504
    },
    "melbands_skewness": {
        "dmean": 0.816608250141,
        "dmean2": 1.2282859087,
        "dvar": 0.822987794876,
        "dvar2": 1.6935864687,
        "max": 17.3139209747,
        "mean": 2.98672747612,
        "median": 2.58530902863,
        "min": -1.79921138287,
        "var": 4.01609611511
    },
    "melbands_spread": {
        "dmean": 8.52237987518,
        "dmean2": 13.0689401627,
        "dvar": 211.209823608,
        "dvar2": 444.003753662,
        "max": 256.277496338,
        "mean": 22.9376964569,
        "median": 16.8232440948,
        "min": 0.931763529778,
        "var": 526.290466309
    },
    "pitch_salience": {
        "dmean": 0.0777035579085,
        "dmean2": 0.120638422668,
        "dvar": 0.00555502995849,
        "dvar2": 0.0126978578046,
        "max": 0.883113324642,
        "mean": 0.54205673933,
        "median": 0.554612696171,
        "min": 0.063539929688,
        "var": 0.023261917755
    },
    "silence_rate_20dB": {
        "dmean": 0,
        "dmean2": 0,
        "dvar": 0,
        "dvar2": 0,
        "max": 1,
        "mean": 1,
        "median": 1,
        "min": 1,
        "var": 0
    },
    "silence_rate_30dB": {
        "dmean": 0.00384338223375,
        "dmean2": 0.00768768787384,
        "dvar": 0.00382886221632,
        "dvar2": 0.0107526229694,
        "max": 1,
        "mean": 0.997718274593,
        "median": 1,
        "min": 0,
        "var": 0.00227673561312
    },
    "silence_rate_60dB": {
        "dmean": 0.0163343735039,
        "dmean2": 0.0325525514781,
        "dvar": 0.0160658080131,
        "dvar2": 0.035577557981,
        "max": 1,
        "mean": 0.0646091029048,
        "median": 0,
        "min": 0,
        "var": 0.0604410395026
    },
    "spectral_centroid": {
        "dmean": 301.916992188,
        "dmean2": 453.023956299,
        "dvar": 116817.273438,
        "dvar2": 236283.15625,
        "max": 5175.11035156,
        "mean": 1453.5982666,
        "median": 1351.94799805,
        "min": 259.913238525,
        "var": 495651.65625
    },
    "spectral_complexity": {
        "dmean": 3.90127301216,
        "dmean2": 6.17597579956,
        "dvar": 21.3515510559,
        "dvar2": 47.9550094604,
        "max": 73,
        "mean": 17.5926513672,
        "median": 17,
        "min": 0,
        "var": 76.7662582397
    },
    "spectral_decrease": {
        "dmean": 2.16682760623e-09,
        "dmean2": 3.31134919485e-09,
        "dvar": 9.3476637e-18,
        "dvar2": 2.15689727003e-17,
        "max": -2.38595982541e-19,
        "mean": -7.23429494087e-09,
        "median": -5.74070568859e-09,
        "min": -4.27405915104e-08,
        "var": 3.47416452842e-17
    },
    "spectral_energy": {
        "dmean": 0.00860346946865,
        "dmean2": 0.0132402386516,
        "dvar": 0.000147274200572,
        "dvar2": 0.000338886660757,
        "max": 0.163810297847,
        "mean": 0.0294777415693,
        "median": 0.0236384384334,
        "min": 3.56042864462e-12,
        "var": 0.000541323970538
    },
    "spectral_energyband_high": {
        "dmean": 0.000833037483972,
        "dmean2": 0.00131474039517,
        "dvar": 2.44188868237e-06,
        "dvar2": 6.0570378082e-06,
        "max": 0.0218066330999,
        "mean": 0.00142370536923,
        "median": 0.000740646559279,
        "min": 2.43655681569e-12,
        "var": 3.71987107428e-06
    },
    "spectral_energyband_low": {
        "dmean": 0.0047868299298,
        "dmean2": 0.0073159490712,
        "dvar": 0.000101290643215,
        "dvar2": 0.000242132635321,
        "max": 0.147426202893,
        "mean": 0.0113102924079,
        "median": 0.0018097119173,
        "min": 1.46840317141e-13,
        "var": 0.00030343272374
    },
    "spectral_energyband_middle_high": {
        "dmean": 0.0020050581079,
        "dmean2": 0.00318511482328,
        "dvar": 1.17635427159e-05,
        "dvar2": 2.97235164908e-05,
        "max": 0.0676051154733,
        "mean": 0.00537905842066,
        "median": 0.0030070822686,
        "min": 7.85440451827e-13,
        "var": 4.42500931968e-05
    },
    "spectral_energyband_middle_low": {
        "dmean": 0.00561564601958,
        "dmean2": 0.00884525012225,
        "dvar": 8.3913517301e-05,
        "dvar2": 0.000213247418287,
        "max": 0.0998626500368,
        "mean": 0.0125516541302,
        "median": 0.0082966433838,
        "min": 1.16486464571e-13,
        "var": 0.000166387078934
    },
    "spectral_entropy": {
        "dmean": 0.170978844166,
        "dmean2": 0.245088323951,
        "dvar": 0.028150703758,
        "dvar2": 0.0550701282918,
        "max": 9.06344890594,
        "mean": 7.74448299408,
        "median": 7.77818727493,
        "min": 5.70462036133,
        "var": 0.199400991201
    },
    "spectral_flux": {
        "dmean": 0.0245974939317,
        "dmean2": 0.0367298647761,
        "dvar": 0.000962438585702,
        "dvar2": 0.00165729864966,
        "max": 0.35672211647,
        "mean": 0.0865581259131,
        "median": 0.0752482041717,
        "min": 6.87642823323e-05,
        "var": 0.00277676992118
    },
    "spectral_kurtosis": {
        "dmean": 1.37917459011,
        "dmean2": 2.2956199646,
        "dvar": 6.67475652695,
        "dvar2": 19.2001056671,
        "max": 67.0151062012,
        "mean": 3.1589217186,
        "median": 2.35884666443,
        "min": -1.42257750034,
        "var": 17.8755588531
    },
    "spectral_rms": {
        "dmean": 0.000737366790418,
        "dmean2": 0.00111527589615,
        "dvar": 7.36923595923e-07,
        "dvar2": 1.56358146342e-06,
        "max": 0.0126417931169,
        "mean": 0.00492090312764,
        "median": 0.00480227963999,
        "min": 5.89371609294e-08,
        "var": 4.54352129964e-06
    },
    "spectral_rolloff": {
        "dmean": 764.572631836,
        "dmean2": 1272.22558594,
        "dvar": 2134647.25,
        "dvar2": 4748085.5,
        "max": 16688.2324219,
        "mean": 1715.1348877,
        "median": 990.52734375,
        "min": 64.599609375,
        "var": 4328218
    },
    "spectral_skewness": {
        "dmean": 0.206280127168,
        "dmean2": 0.327288299799,
        "dvar": 0.0486055240035,
        "dvar2": 0.127977818251,
        "max": 6.19900465012,
        "mean": 1.31667995453,
        "median": 1.27702820301,
        "min": -0.196295291185,
        "var": 0.232328534126
    },
    "spectral_spread": {
        "dmean": 756793.1875,
        "dmean2": 1048651.625,
        "dvar": 737272987648,
        "dvar2": 1.35872131891e+12,
        "max": 19504908,
        "mean": 5271824.5,
        "median": 5070345.5,
        "min": 1009054,
        "var": 3.6393254912e+12
    },
    "spectral_strongpeak": {
        "dmean": 0.525174796581,
        "dmean2": 0.870669722557,
        "dvar": 1.00880002975,
        "dvar2": 2.47014808655,
        "max": 24.9856834412,
        "mean": 1.10564899445,
        "median": 0.563113629818,
        "min": 0,
        "var": 2.08512210846
    },
    "zerocrossingrate": {
        "dmean": 0.0155306980014,
        "dmean2": 0.0183004885912,
        "dvar": 0.000409315980505,
        "dvar2": 0.000485236698296,
        "max": 0.58203125,
        "mean": 0.0708173140883,
        "median": 0.060546875,
        "min": 0.005859375,
        "var": 0.00237625930458
    },
    "barkbands": {
        "dmean": [0.000119601667393, 0.00386040401645, 0.00220655137673, 0.00124071014579, 0.00236400635913, 0.0012759034289, 0.000605099950917, 0.000940968340728, 0.00115918973461, 0.00109213916585, 0.000562215165701, 0.000459852075437, 0.000382873549825, 0.000300262792734, 0.000245183822699, 0.000133410751005, 0.000129455511342, 0.000143219091115, 0.000166239799, 0.000166627156432, 0.000163981356309, 0.000215437918087, 0.000153942179168, 0.000130570057081, 0.000145719852298, 6.93790279911e-05, 1.3428809325e-05],
        "dmean2": [0.000194238833501, 0.00565123185515, 0.00378061691299, 0.00209111324511, 0.00400997092947, 0.00203428743407, 0.000931686256081, 0.00139396567829, 0.00181259401143, 0.00168469490018, 0.000954961811658, 0.000750057806727, 0.000623590080068, 0.000501258589793, 0.000397270487156, 0.000217694730964, 0.000213877152419, 0.000232034639339, 0.000265207927441, 0.000278453167994, 0.000267270748736, 0.000346630287822, 0.000250834709732, 0.000207057863008, 0.000235088795307, 0.000110097782454, 2.2172320314e-05],
        "dvar": [6.42228172865e-08, 6.60031073494e-05, 5.63976536796e-05, 1.46798420246e-05, 2.82733490167e-05, 7.64139076637e-06, 2.69490328719e-06, 6.56377278574e-06, 8.68480947247e-06, 8.33969988889e-06, 1.91593653653e-06, 1.12096961402e-06, 9.91367187453e-07, 4.42012208168e-07, 2.96847048276e-07, 1.33393143642e-07, 7.52166187112e-08, 8.68769589601e-08, 1.12472882563e-07, 1.6783258161e-07, 1.22860413398e-07, 1.65102278515e-07, 1.19841757851e-07, 7.63653602576e-08, 1.5085998939e-07, 1.8369011201e-08, 2.48148279702e-09],
        "dvar2": [1.75564295546e-07, 0.000157955480972, 0.000152397333295, 4.01207071263e-05, 7.71301638451e-05, 1.90672435565e-05, 5.71385726289e-06, 1.36423132062e-05, 1.92984189198e-05, 1.89519505511e-05, 4.75847218695e-06, 2.58005002252e-06, 2.4765422495e-06, 1.07397829652e-06, 6.93730044077e-07, 3.11599563929e-07, 1.71234333379e-07, 2.09227295045e-07, 2.52426673342e-07, 4.41933650563e-07, 2.98415585576e-07, 3.902350727e-07, 3.095683212e-07, 1.72370377527e-07, 3.62700973255e-07, 4.48772397021e-08, 6.12526829258e-09],
        "max": [0.00447151158005, 0.118354380131, 0.0816450417042, 0.0460192039609, 0.064349129796, 0.0398439355195, 0.0492596700788, 0.0617408752441, 0.0636560767889, 0.0711889863014, 0.0290307439864, 0.042916264385, 0.0298912934959, 0.0180911310017, 0.0117605235428, 0.0105621032417, 0.0119482250884, 0.00709562469274, 0.00815047323704, 0.00880319625139, 0.00657194061205, 0.00834323000163, 0.00758782308549, 0.00706620328128, 0.00832159630954, 0.00224161916412, 0.0011298332829],
        "mean": [0.000203867108212, 0.00837464537472, 0.00217464682646, 0.00121470633894, 0.00317204697058, 0.0021188701503, 0.000940077472478, 0.00150594941806, 0.00209521129727, 0.00222595734522, 0.000797714397777, 0.000702587130945, 0.000610013434198, 0.000478681555251, 0.000378826982342, 0.000193590094568, 0.000215632855543, 0.000236925290665, 0.000287187867798, 0.000263211171841, 0.000285849819193, 0.000369751971448, 0.000210839018109, 0.000166735786479, 0.000169253456988, 7.40581672289e-05, 1.08638532765e-05],
        "median": [1.34406091092e-05, 0.000574745587073, 0.00014711311087, 0.000200245194719, 0.00132006278727, 0.000710177235305, 0.000205220159842, 0.00031485024374, 0.000435028487118, 0.00037209058064, 0.000229044570005, 0.000246989016887, 0.000208710480365, 0.000186665536603, 0.000168035199749, 8.43870875542e-05, 0.000101981313492, 0.000122110475786, 0.000136186921736, 0.000125806458527, 0.000144662670209, 0.000176494562766, 8.45629983814e-05, 5.3737887356e-05, 3.39045254805e-05, 1.22277451737e-05, 4.25329886866e-08],
        "min": [1.12194013303e-13, 6.27853956434e-14, 2.20761485535e-14, 1.94562620951e-14, 2.23141597295e-14, 9.19488823189e-15, 6.28282538164e-15, 2.43556903974e-14, 2.12085631988e-14, 4.57020624687e-14, 1.11438941029e-13, 5.44099982354e-14, 6.5260778281e-14, 9.16098590758e-14, 3.11733264527e-14, 5.08617873838e-14, 8.03436500272e-14, 1.0643444676e-13, 1.19529942042e-13, 8.08575076469e-14, 2.26929437156e-13, 2.55100275756e-13, 2.79678163224e-13, 2.99307399611e-13, 2.31998095864e-13, 6.0648361333e-13, 5.2220711479e-13],
        "var": [1.69261880956e-07, 0.000207351753488, 4.2778065108e-05, 1.11077979454e-05, 2.99862203974e-05, 1.49019369928e-05, 6.21153458269e-06, 1.61627485795e-05, 2.57811207121e-05, 3.35397307936e-05, 3.43938518199e-06, 2.2774631816e-06, 1.73749015175e-06, 9.23630352645e-07, 5.23124526808e-07, 1.9242820315e-07, 1.81491913054e-07, 1.40615640021e-07, 2.54892768226e-07, 2.07958152032e-07, 2.12147696743e-07, 3.00757506011e-07, 1.31070663656e-07, 1.18567029972e-07, 2.33105168945e-07, 2.3295452678e-08, 2.32172059356e-09]
    },
    "erbbands": {
        "dmean": [0.120978474617, 0.877497255802, 2.24574708939, 3.4071624279, 5.2832159996, 8.83875751495, 11.0352516174, 10.2247619629, 7.54273796082, 13.7247037888, 19.7264709473, 26.53008461, 38.0365829468, 22.6304225922, 22.2416343689, 16.9759788513, 15.144077301, 17.27094841, 13.414358139, 8.25400447845, 6.74481391907, 6.26042556763, 7.46590709686, 7.855676651, 8.54851341248, 7.32442426682, 6.71583080292, 6.76918172836, 7.14894199371, 6.3274974823, 4.3621931076, 2.76925134659, 2.45364093781, 1.65881025791, 1.04269587994, 0.373042345047, 0.11415950954, 0.024558596313, 0.00253993901424, 8.06710741017e-05],
        "dmean2": [0.160560816526, 1.27529919147, 3.62758898735, 5.76915597916, 8.68029880524, 15.2630672455, 17.6353149414, 16.340637207, 11.9052219391, 20.1202144623, 30.4220943451, 41.5552711487, 57.2791442871, 37.7046470642, 37.0556411743, 27.2950534821, 24.5331115723, 28.422870636, 21.50258255, 13.5529680252, 10.8570289612, 10.1596384048, 11.9845314026, 12.7057857513, 13.6917762756, 12.2331800461, 10.9605741501, 11.0073070526, 11.2437667847, 10.3931503296, 7.10967350006, 4.47793006897, 3.92259216309, 2.6426179409, 1.71742641926, 0.599946498871, 0.180421277881, 0.0395181104541, 0.00415378483012, 0.000131458436954],
        "dvar": [0.0617321282625, 3.60760068893, 47.5770378113, 122.447006226, 181.981307983, 448.759887695, 489.173980713, 661.723327637, 316.653411865, 1467.73339844, 2942.80541992, 4314.94580078, 11671.4921875, 3195.74707031, 3192.76269531, 1246.30090332, 1310.47314453, 1377.1739502, 1060.04382324, 277.647216797, 305.360046387, 163.790603638, 221.749160767, 270.507598877, 352.934112549, 317.318359375, 206.591567993, 241.285644531, 186.305206299, 158.460327148, 94.8842468262, 33.6133422852, 34.3379554749, 22.8769931793, 7.14059352875, 0.586696922779, 0.0507020130754, 0.00391550129279, 8.87631613296e-05, 1.24919083078e-07],
        "dvar2": [0.122684858739, 8.65780639648, 122.319419861, 331.393188477, 464.810333252, 1233.07019043, 1155.21398926, 1661.81164551, 744.99420166, 2920.94970703, 6836.97314453, 9610.99023438, 26410.6464844, 7979.01074219, 7205.06689453, 2783.85522461, 3308.54858398, 3227.79736328, 2387.14648438, 707.39239502, 674.583312988, 370.363555908, 527.010803223, 634.495544434, 814.123840332, 838.784179688, 509.692657471, 602.161560059, 406.726379395, 403.995147705, 246.038070679, 84.3233718872, 76.7769165039, 52.0783538818, 18.3606185913, 1.48489224911, 0.122152231634, 0.00970140378922, 0.000219161185669, 3.24333853996e-07],
        "max": [3.4269349575, 32.4115257263, 81.0417480469, 122.775802612, 160.232391357, 303.231262207, 467.22467041, 488.335357666, 510.339752197, 1293.00634766, 1369.79455566, 1873.70495605, 2824.65405273, 1808.33959961, 1612.36413574, 928.032226562, 1099.45678711, 1076.79541016, 754.970581055, 388.41317749, 498.127258301, 530.954040527, 399.703735352, 548.81036377, 426.951141357, 352.806762695, 264.67364502, 289.088439941, 339.189605713, 255.296691895, 235.908905029, 142.184082031, 160.938613892, 107.452384949, 41.4931373596, 10.361495018, 4.60169506073, 0.953616440296, 0.177848607302, 0.0125074330717],
        "mean": [0.255253314972, 1.81221389771, 2.68770051003, 3.44419503212, 6.41126823425, 11.1176233292, 18.1199016571, 16.0552597046, 12.1695432663, 23.9919662476, 31.4122390747, 50.241985321, 86.4764099121, 36.2828865051, 35.3889122009, 28.7856674194, 26.5421772003, 29.7056827545, 22.8057022095, 13.8735799789, 11.2091274261, 11.1458377838, 12.9036531448, 14.0811500549, 14.3141956329, 12.0969562531, 11.6001930237, 11.7722215652, 13.1721401215, 9.4110584259, 5.82344770432, 3.54627561569, 2.93822312355, 2.08594918251, 1.0863571167, 0.393612653017, 0.121249094605, 0.0223691612482, 0.00213092681952, 9.93311914499e-05],
        "median": [0.0114885475487, 0.140596047044, 0.342547208071, 0.570997297764, 1.78881418705, 4.14896059036, 5.8833861351, 4.99062013626, 3.79143738747, 4.85867643356, 9.61423301697, 12.700293541, 13.7218160629, 11.8468093872, 10.7013444901, 11.0177707672, 10.7787504196, 12.3450841904, 10.6335086823, 6.9433889389, 5.26329374313, 5.56085109711, 6.60042953491, 7.38831949234, 6.47417831421, 6.06433773041, 6.02800416946, 5.67932653427, 6.05786657333, 4.33961057663, 2.33279871941, 1.26342689991, 0.800811350346, 0.455828368664, 0.203239232302, 0.0762839987874, 0.0171798020601, 0.00150575232692, 5.87982322031e-05, 4.29594620073e-05],
        "min": [3.32450950449e-12, 9.4012965815e-12, 2.32155180496e-11, 5.0972236848e-11, 7.34558663895e-11, 7.73443947777e-11, 3.68387230443e-11, 9.77661701596e-11, 8.60215440546e-11, 2.98966962298e-10, 4.88819762445e-10, 5.26251986432e-10, 9.87967818666e-10, 3.53478402104e-09, 2.79027889682e-09, 2.70600741814e-09, 3.00999714042e-09, 3.64083119209e-09, 3.88755871938e-09, 1.44526746126e-09, 3.29935079257e-09, 5.05361796854e-09, 5.37978372961e-09, 4.61689220188e-09, 6.94739910045e-09, 4.08685130182e-09, 1.17438760938e-08, 4.89483076294e-09, 4.11711775783e-09, 1.28845201175e-08, 6.99079150124e-09, 6.25166185486e-09, 5.75745096043e-09, 2.53145548967e-09, 2.00248084781e-09, 1.78559733666e-09, 1.20639109813e-09, 4.66076011119e-10, 6.06622183041e-11, 7.47207677676e-12],
        "var": [0.225599646568, 9.8778553009, 44.830368042, 92.481918335, 189.602020264, 474.943481445, 1405.04772949, 1113.66296387, 621.742614746, 4619.12304688, 4709.41992188, 14432.4238281, 53571.5234375, 6421.44335938, 7516.95898438, 3003.70874023, 2597.85449219, 3348.1809082, 1990.04919434, 466.523132324, 528.45892334, 408.332397461, 397.660308838, 525.874755859, 679.485839844, 401.183929443, 353.231811523, 373.858795166, 413.549407959, 205.601135254, 100.833374023, 41.1035690308, 50.8221206665, 43.5698318481, 7.83835029602, 0.653757572174, 0.0706467702985, 0.00389021844603, 8.85635236045e-05, 1.1019525914e-07]
    },
    "gfcc": {
        "mean": [-1.63774430752, 73.4538497925, -128.704803467, 27.7946090698, -74.2673339844, 16.3005828857, -31.1405124664, 3.31711125374, -24.5967788696, 0.860356628895, -15.5765590668, -0.87446552515, -8.47782993317],
        "cov": [[5998.8359375, -1980.30786133, 1704.21606445, 482.340515137, 93.962020874, 832.015136719, -301.754455566, 643.710327148, -147.86038208, 532.72052002, -264.800689697, 428.933074951, -182.117874146], [-1980.30786133, 2579.30322266, -57.0372810364, 315.615783691, 288.931030273, -417.14453125, 380.281555176, -340.942138672, 258.651428223, -211.128494263, 280.527832031, -148.76423645, 147.997802734], [1704.21606445, -57.0372810364, 2528.30615234, 727.99029541, 554.66217041, 302.275177002, -179.620758057, 251.835174561, -124.349708557, 387.593170166, -89.5717926025, 338.609558105, -138.182601929], [482.340515137, 315.615783691, 727.99029541, 716.631103516, 257.195465088, 207.844909668, 49.8455619812, 76.6890029907, 94.1355438232, 117.597297668, 68.9951248169, 92.2235107422, 37.1714134216], [93.962020874, 288.931030273, 554.66217041, 257.195465088, 521.450683594, 179.221038818, 158.330245972, 112.831840515, 70.4655838013, 119.152435303, 21.0732822418, 78.9455871582, -9.74913024902], [832.015136719, -417.14453125, 302.275177002, 207.844909668, 179.221038818, 512.98236084, 96.4744644165, 248.421920776, 39.5480957031, 139.033157349, 2.05077648163, 74.9087600708, -8.33152770996], [-301.754455566, 380.281555176, -179.620758057, 49.8455619812, 158.330245972, 96.4744644165, 370.970611572, 38.1600723267, 146.837860107, -21.3461418152, 86.1745986938, -38.3723678589, 39.7327651978], [643.710327148, -340.942138672, 251.835174561, 76.6890029907, 112.831840515, 248.421920776, 38.1600723267, 277.884429932, 45.7705726624, 132.884017944, -22.3009567261, 69.8418502808, -5.55681419373], [-147.86038208, 258.651428223, -124.349708557, 94.1355438232, 70.4655838013, 39.5480957031, 146.837860107, 45.7705726624, 217.409164429, 13.8691835403, 80.1768798828, -16.6101875305, 53.0605621338], [532.72052002, -211.128494263, 387.593170166, 117.597297668, 119.152435303, 139.033157349, -21.3461418152, 132.884017944, 13.8691835403, 205.458251953, 1.19231915474, 112.973892212, -18.4123706818], [-264.800689697, 280.527832031, -89.5717926025, 68.9951248169, 21.0732822418, 2.05077648163, 86.1745986938, -22.3009567261, 80.1768798828, 1.19231915474, 164.031967163, 4.14509153366, 52.0523796082], [428.933074951, -148.76423645, 338.609558105, 92.2235107422, 78.9455871582, 74.9087600708, -38.3723678589, 69.8418502808, -16.6101875305, 112.973892212, 4.14509153366, 158.1746521, 4.45959806442], [-182.117874146, 147.997802734, -138.182601929, 37.1714134216, -9.74913024902, -8.33152770996, 39.7327651978, -5.55681419373, 53.0605621338, -18.4123706818, 52.0523796082, 4.45959806442, 123.64956665]],
        "icov": [[0.000365477928426, 0.000125356731587, -0.000134301168146, -0.000133941633976, 0.000303451117361, -0.000248027412454, -1.84417003766e-05, -0.000243199872784, -8.51410732139e-05, -0.000110274435428, 0.000290407857392, -0.000381887424737, 0.00019228036399], [0.000125356731587, 0.00116638094187, -0.00031445879722, -0.000360684935004, -0.000499462592416, 0.000880949664861, -0.000719445990399, 0.000623212428764, -0.000492853345349, 0.000535655999556, -0.000909133232199, 0.00062714307569, -0.000523893279023], [-0.000134301168146, -0.00031445879722, 0.00130230374634, -0.000844959635288, -0.00069630087819, 0.000205966367503, 0.000551279459614, -0.00049353815848, 0.000873052806128, -0.000674217415508, 0.000391103647416, -0.00109169073403, 0.00104729831219], [-0.000133941633976, -0.000360684935004, -0.000844959635288, 0.00302248052321, -0.000190802034922, -0.00130531901959, 0.000524266273715, 0.00101731938776, -0.00124945258722, 1.95386728592e-05, -0.000471641978947, 0.000360729027307, -0.00111958617344], [0.000303451117361, -0.000499462592416, -0.00069630087819, -0.000190802034922, 0.00418078294024, -0.000982633791864, -0.00143148645293, -0.000433673762018, -0.000183584576007, -0.00100990885403, 0.00117398099974, -0.000810449768323, 0.000491309794597], [-0.000248027412454, 0.000880949664861, 0.000205966367503, -0.00130531901959, -0.000982633791864, 0.00520788831636, -0.00147963548079, -0.00269925524481, 0.000928697467316, 6.16724719293e-05, -0.00122529955115, 0.000765828823205, -7.0715424954e-05], [-1.84417003766e-05, -0.000719445990399, 0.000551279459614, 0.000524266273715, -0.00143148645293, -0.00147963548079, 0.00559489801526, -0.000513989303727, -0.00189395458438, 0.00084149511531, -0.000773056177422, 9.26987268031e-05, 0.000519058143254], [-0.000243199872784, 0.000623212428764, -0.00049353815848, 0.00101731938776, -0.000433673762018, -0.00269925524481, -0.000513989303727, 0.00937130022794, -0.0024684118107, -0.00274598156102, 0.00114698021207, 0.000654026574921, -0.00144734221976], [-8.51410732139e-05, -0.000492853345349, 0.000873052806128, -0.00124945258722, -0.000183584576007, 0.000928697467316, -0.00189395458438, -0.0024684118107, 0.00890887808055, -0.00161302054767, -0.0016603381373, 0.00106962479185, -0.00104126369115], [-0.000110274435428, 0.000535655999556, -0.000674217415508, 1.95386728592e-05, -0.00100990885403, 6.16724719293e-05, 0.00084149511531, -0.00274598156102, -0.00161302054767, 0.0122472122312, -0.00178308051545, -0.00478348974138, 0.00140686321538], [0.000290407857392, -0.000909133232199, 0.000391103647416, -0.000471641978947, 0.00117398099974, -0.00122529955115, -0.000773056177422, 0.00114698021207, -0.0016603381373, -0.00178308051545, 0.0102794095874, -0.00203512934968, -0.00140222674236], [-0.000381887424737, 0.00062714307569, -0.00109169073403, 0.000360729027307, -0.000810449768323, 0.000765828823205, 9.26987268031e-05, 0.000654026574921, 0.00106962479185, -0.00478348974138, -0.00203512934968, 0.0135294143111, -0.00345676927827], [0.00019228036399, -0.000523893279023, 0.00104729831219, -0.00111958617344, 0.000491309794597, -7.0715424954e-05, 0.000519058143254, -0.00144734221976, -0.00104126369115, 0.00140686321538, -0.00140222674236, -0.00345676927827, 0.0116780102253]]
    },
    "melbands": {
        "dmean": [0.00105605949648, 0.00100579310674, 0.000629473943263, 0.000502119131852, 0.000384765473427, 0.000224980176426, 0.000121290773677, 0.000162775351782, 0.000161090036272, 0.000178687943844, 0.000190215403563, 9.2366404715e-05, 7.23634439055e-05, 5.911496919e-05, 3.08614398818e-05, 4.37713169958e-05, 3.26196168317e-05, 2.27691434702e-05, 1.58098482643e-05, 1.04715609268e-05, 8.58737530507e-06, 7.33420301913e-06, 6.85909981257e-06, 7.27058659322e-06, 6.85625218466e-06, 7.0059677455e-06, 6.17391924607e-06, 4.9997320275e-06, 4.48890932603e-06, 4.2065503294e-06, 4.30941508966e-06, 4.24364498031e-06, 4.41240490545e-06, 3.10290852212e-06, 2.47339858106e-06, 2.62992307398e-06, 1.41878979321e-06, 1.58491002367e-06, 1.93757205125e-06, 1.26184397686e-06],
        "dmean2": [0.0014879158698, 0.00153336813673, 0.00103113392834, 0.000861900916789, 0.000625727989245, 0.000358534918632, 0.000189079975826, 0.000237359345192, 0.000252083060332, 0.000278488645563, 0.000286520516966, 0.00015453666856, 0.000123336954857, 9.60266770562e-05, 4.98458830407e-05, 7.15266360203e-05, 5.40126748092e-05, 3.67480679415e-05, 2.59018870565e-05, 1.72002637555e-05, 1.38662253448e-05, 1.19940959848e-05, 1.11289473352e-05, 1.18498837764e-05, 1.11774352263e-05, 1.11172903416e-05, 1.02060757854e-05, 8.47139926918e-06, 7.46610521674e-06, 6.8667859523e-06, 7.04522199158e-06, 6.68876373311e-06, 7.18498222341e-06, 5.08868652105e-06, 3.9804399421e-06, 4.48783021056e-06, 2.26906831813e-06, 2.53829398389e-06, 3.15274382956e-06, 2.01233933694e-06],
        "dvar": [4.7509884098e-06, 6.54685891277e-06, 3.33685784426e-06, 1.62195215125e-06, 5.23512426298e-07, 2.84923856952e-07, 8.33726758742e-08, 2.06004088454e-07, 2.04715945529e-07, 2.02288575224e-07, 2.8843498967e-07, 5.72029712487e-08, 3.31904281836e-08, 1.82591080033e-08, 4.35993108283e-09, 1.48254564181e-08, 4.85348694568e-09, 3.22245563567e-09, 1.07829467577e-09, 8.2263346135e-10, 5.659625546e-10, 2.68639693823e-10, 1.64924240931e-10, 2.69531924557e-10, 2.26474006215e-10, 2.57943888471e-10, 2.5787200153e-10, 1.49413620365e-10, 1.05635208913e-10, 7.35525459983e-11, 1.06990569182e-10, 7.03427732729e-11, 6.98574045832e-11, 4.10209262391e-11, 2.86017962786e-11, 5.24436119531e-11, 7.58589805555e-12, 1.41829855152e-11, 2.5621565633e-11, 2.06465677888e-11],
        "dvar2": [1.04148175524e-05, 1.53627170221e-05, 8.63612876856e-06, 4.46568083134e-06, 1.28079375372e-06, 7.19366084923e-07, 1.87069886692e-07, 4.02184156201e-07, 4.81560732624e-07, 4.41845230625e-07, 6.54298787595e-07, 1.4083425981e-07, 8.02944271072e-08, 4.2018132973e-08, 1.06856683502e-08, 3.71758019924e-08, 1.13998943618e-08, 7.23836190986e-09, 2.6167541467e-09, 1.9643267013e-09, 1.23710364175e-09, 5.79226888675e-10, 3.98780147792e-10, 6.69763189354e-10, 5.32606736492e-10, 5.62926427694e-10, 6.59913679257e-10, 3.98888783115e-10, 2.71603101121e-10, 1.74052591784e-10, 2.74844369486e-10, 1.56074000945e-10, 1.69833896946e-10, 1.02891424547e-10, 7.14291889525e-11, 1.43341824521e-10, 1.78482523899e-11, 3.12882462994e-11, 5.90211352014e-11, 4.93093482712e-11],
        "max": [0.0290460567921, 0.0366734415293, 0.0206754971296, 0.0166330337524, 0.0160132814199, 0.00962192099541, 0.00747004849836, 0.0143766989931, 0.0112090120092, 0.012472352013, 0.0140050156042, 0.00786225683987, 0.00420724600554, 0.00542857171968, 0.00158939301036, 0.00399268371984, 0.00211553229019, 0.00154566159472, 0.000705895072315, 0.00111570104491, 0.000838399573695, 0.000804262235761, 0.000299546751194, 0.000481237773784, 0.000544268172234, 0.000459721573861, 0.000446845340775, 0.000196802342543, 0.000178720933036, 0.000177486217581, 0.000207658536965, 0.000228629505727, 0.000200663882424, 0.000164819997735, 0.00013146775018, 0.000173586013261, 7.38094095141e-05, 0.000105274149973, 0.000140211734106, 0.000134353424073],
        "mean": [0.00235288776457, 0.00178692862391, 0.00069277943112, 0.000610467977822, 0.000618443533313, 0.000361105514457, 0.000194686566829, 0.000282310618786, 0.000246892625, 0.000340893660905, 0.000423134799348, 0.000137370487209, 0.000109218250145, 9.30990208872e-05, 5.10602294526e-05, 6.83644393575e-05, 5.2395495004e-05, 3.63055369235e-05, 2.45148494287e-05, 1.52594147949e-05, 1.31462438731e-05, 1.19781789181e-05, 1.11212348202e-05, 1.14609083539e-05, 1.12260531751e-05, 1.10989549285e-05, 9.07949834072e-06, 7.768654541e-06, 7.14728003004e-06, 7.00807458998e-06, 6.80685570842e-06, 7.62684794609e-06, 6.84687074681e-06, 4.42334066975e-06, 3.40391966347e-06, 2.85561372948e-06, 1.88302954029e-06, 1.90487889995e-06, 2.16345733861e-06, 1.66027155046e-06],
        "median": [0.000140686315717, 0.000264028058155, 0.000132774410304, 0.000214733940084, 0.000222740811296, 0.000113203423098, 5.38451931789e-05, 5.37818923476e-05, 7.27883962099e-05, 6.9983456342e-05, 6.39560312266e-05, 4.11594373873e-05, 3.09233546432e-05, 3.24665088556e-05, 2.11973983824e-05, 2.24812720262e-05, 2.04925727303e-05, 1.53307701112e-05, 1.09940301627e-05, 6.84732276568e-06, 5.65865821045e-06, 5.57891917197e-06, 5.44476233699e-06, 5.74431169298e-06, 5.53473410037e-06, 4.7036264732e-06, 3.80943720302e-06, 3.77634046345e-06, 3.37708820553e-06, 3.63939693671e-06, 2.9645025279e-06, 3.37667734129e-06, 3.08941775984e-06, 1.89977606624e-06, 1.33873584218e-06, 9.09312234398e-07, 6.59034185446e-07, 5.10374491114e-07, 5.33525508217e-07, 3.08864997578e-07],
        "min": [2.89605579101e-14, 1.22267935387e-14, 9.55157804114e-15, 5.67305737434e-15, 1.70836328126e-15, 2.09447573285e-15, 1.27761833434e-15, 4.00703928182e-15, 3.88518639258e-15, 3.19807792444e-15, 4.49422383396e-15, 1.33104697037e-14, 1.26851205253e-14, 6.50641920983e-15, 4.59584195312e-15, 7.57108795552e-15, 7.02477330388e-15, 7.77377192837e-15, 1.66344724165e-15, 3.18591707242e-15, 3.55875556481e-15, 5.30961967712e-15, 3.4231184849e-15, 6.71518953792e-15, 3.18409976323e-15, 4.44890418315e-15, 3.98321012743e-15, 2.17590715106e-15, 7.33864093897e-15, 5.70240198377e-15, 2.00879432683e-15, 1.44393918277e-15, 6.11705214002e-15, 6.60678710837e-15, 2.98818697176e-15, 6.13458614555e-15, 2.84050508334e-15, 3.95887783547e-15, 3.45998368811e-15, 1.69397812072e-15],
        "var": [1.72477048181e-05, 1.07534669951e-05, 2.89424565381e-06, 1.50302548718e-06, 1.31922286073e-06, 4.9629733212e-07, 1.81280014999e-07, 6.78151877764e-07, 3.1636355402e-07, 7.01478484189e-07, 1.30173327761e-06, 1.13477355512e-07, 6.7287174943e-08, 4.27513242585e-08, 8.63721094646e-09, 2.38867947644e-08, 1.14111742278e-08, 5.71010616568e-09, 1.87453319533e-09, 1.16816956108e-09, 9.67155466824e-10, 6.55014653628e-10, 3.00964392297e-10, 3.8685740722e-10, 4.10627254421e-10, 5.48198486605e-10, 3.172345997e-10, 1.83572976264e-10, 1.62789018376e-10, 1.3209421057e-10, 1.4492503031e-10, 1.50752368921e-10, 1.13699931414e-10, 5.26813696833e-11, 3.47545360546e-11, 4.02387498322e-11, 1.19967057122e-11, 2.14992398884e-11, 3.53924459184e-11, 4.2760663066e-11]
    },
    "mfcc": {
        "mean": [-636.822937012, 99.1136016846, -0.817604243755, 11.1842384338, -13.781832695, 7.78340053558, -1.15526437759, 2.71548223495, -2.94808125496, 0.162179246545, 1.02008759975, -5.16812801361, -6.00429582596],
        "cov": [[4234.54296875, -1097.30310059, 464.934753418, 117.534179688, 198.790847778, 263.850494385, 71.1124267578, 167.277877808, 228.295440674, 125.941390991, 127.424751282, 54.2345275879, 111.641044617], [-1097.30310059, 1419.83508301, 223.699676514, 306.492523193, 98.1442718506, 22.1560115814, 40.5866012573, 10.8140010834, -62.7213592529, 0.148601070046, 14.3866167068, 16.1284732819, 33.7331924438], [464.934753418, 223.699676514, 1568.57788086, 643.596618652, 612.76159668, 228.81968689, 141.298812866, 0.124130643904, 44.0221595764, -13.5089817047, 63.5064620972, 82.2764282227, 132.6953125], [117.534179688, 306.492523193, 643.596618652, 607.60760498, 323.715881348, 190.700531006, 66.4503326416, 35.61536026, 45.1087341309, 6.11339235306, 61.4940223694, 54.4706726074, 78.3727340698], [198.790847778, 98.1442718506, 612.76159668, 323.715881348, 528.247009277, 188.432113647, 130.646728516, 56.6552772522, 101.180717468, 40.7634277344, 46.7454872131, 94.8064117432, 84.3201141357], [263.850494385, 22.1560115814, 228.81968689, 190.700531006, 188.432113647, 284.369903564, 153.652801514, 110.678161621, 88.5291442871, 79.2822494507, 75.3981323242, 54.3610839844, 54.5585479736], [71.1124267578, 40.5866012573, 141.298812866, 66.4503326416, 130.646728516, 153.652801514, 231.429748535, 114.251678467, 69.1730194092, 76.9245300293, 54.7206497192, 44.1605033875, 42.0953063965], [167.277877808, 10.8140010834, 0.124130643904, 35.61536026, 56.6552772522, 110.678161621, 114.251678467, 176.54359436, 100.025413513, 91.0257949829, 61.0333938599, 46.2804450989, 23.2290687561], [228.295440674, -62.7213592529, 44.0221595764, 45.1087341309, 101.180717468, 88.5291442871, 69.1730194092, 100.025413513, 181.848480225, 93.4117126465, 52.0467758179, 46.5079078674, 21.4312705994], [125.941390991, 0.148601070046, -13.5089817047, 6.11339235306, 40.7634277344, 79.2822494507, 76.9245300293, 91.0257949829, 93.4117126465, 146.801834106, 70.806350708, 36.1810913086, 18.9263286591], [127.424751282, 14.3866167068, 63.5064620972, 61.4940223694, 46.7454872131, 75.3981323242, 54.7206497192, 61.0333938599, 52.0467758179, 70.806350708, 130.42098999, 49.2563362122, 33.6114997864], [54.2345275879, 16.1284732819, 82.2764282227, 54.4706726074, 94.8064117432, 54.3610839844, 44.1605033875, 46.2804450989, 46.5079078674, 36.1810913086, 49.2563362122, 114.384284973, 54.8246231079], [111.641044617, 33.7331924438, 132.6953125, 78.3727340698, 84.3201141357, 54.5585479736, 42.0953063965, 23.2290687561, 21.4312705994, 18.9263286591, 33.6114997864, 54.8246231079, 102.042320251]],
