{
"lowlevel": {
    "average_loudness": 0.749164819717,
    "barkbands_crest": {
        "dmean": 2.65484237671,
        "dmean2": 4.18405914307,
        "dvar": 5.99911832809,
        "dvar2": 14.7184972763,
        "max": 26.3963527679,
        "mean": 11.3784894943,
        "median": 10.7372207642,
        "min": 2.70922708511,
        "var": 21.7439498901
    },
    "barkbands_flatness_db": {
        "dmean": 0.023799104616,
        "dmean2": 0.0341563001275,
        "dvar": 0.000550072756596,
        "dvar2": 0.00101579271723,
        "max": 0.460321962833,
        "mean": 0.178078174591,
        "median": 0.169632092118,
        "min": 0.0267219189554,
        "var": 0.00452617090195
    },
    "barkbands_kurtosis": {
        "dmean": 3.08348536491,
        "dmean2": 4.63985872269,
        "dvar": 31.1294574738,
        "dvar2": 64.9606704712,
        "max": 177.069488525,
        "mean": 6.20829868317,
        "median": 3.25962495804,
        "min": -1.95177948475,
        "var": 90.6378326416
    },
    "barkbands_skewness": {
        "dmean": 0.529148876667,
        "dmean2": 0.775662124157,
        "dvar": 0.398228615522,
        "dvar2": 0.756954848766,
        "max": 12.7013025284,
        "mean": 1.62593865395,
        "median": 1.46239173412,
        "min": -4.78160572052,
        "var": 1.95073783398
    },
    "barkbands_spread": {
        "dmean": 4.5773062706,
        "dmean2": 6.94497442245,
        "dvar": 51.5873680115,
        "dvar2": 113.681846619,
        "max": 134.592590332,
        "mean": 15.958773613,
        "median": 12.4988479614,
        "min": 0.980946063995,
        "var": 153.023132324
    },
    "dissonance": {
        "dmean": 0.026186466217,
        "dmean2": 0.0435205437243,
        "dvar": 0.000607081921771,
        "dvar2": 0.00155843223911,
        "max": 0.500000119209,
        "mean": 0.443672925234,
        "median": 0.453379690647,
        "min": 0.213674902916,
        "var": 0.00182857352775
    },
    "dynamic_complexity": 4.27552080154,
    "erbbands_crest": {
        "dmean": 2.89963340759,
        "dmean2": 4.54221105576,
        "dvar": 7.36259126663,
        "dvar2": 17.2387504578,
        "max": 33.2734069824,
        "mean": 11.4221172333,
        "median": 10.3283119202,
        "min": 2.73731565475,
        "var": 28.124710083
    },
    "erbbands_flatness_db": {
        "dmean": 0.0199648942798,
        "dmean2": 0.0282955113798,
        "dvar": 0.000386800558772,
        "dvar2": 0.000734974863008,
        "max": 0.499965697527,
        "mean": 0.206713870168,
        "median": 0.199925422668,
        "min": 0.0275956876576,
        "var": 0.00424685748294
    },
    "erbbands_kurtosis": {
        "dmean": 1.63364291191,
        "dmean2": 2.48625802994,
        "dvar": 6.37427711487,
        "dvar2": 14.5809135437,
        "max": 64.6599807739,
        "mean": 2.40088415146,
        "median": 1.00881624222,
        "min": -1.78265583515,
        "var": 18.3513278961
    },
    "erbbands_skewness": {
        "dmean": 0.421199321747,
        "dmean2": 0.610247552395,
        "dvar": 0.214727178216,
        "dvar2": 0.413780063391,
        "max": 6.6504201889,
        "mean": 0.996148824692,
        "median": 0.968092083931,
        "min": -4.70551300049,
        "var": 0.923072099686
    },
    "erbbands_spread": {
        "dmean": 6.95161485672,
        "dmean2": 10.5692567825,
        "dvar": 77.8119888306,
        "dvar2": 181.798477173,
        "max": 123.244529724,
        "mean": 29.6113853455,
        "median": 26.5915145874,
        "min": 1.537799716,
        "var": 292.392364502
    },
    "hfc": {
        "dmean": 5.08085918427,
        "dmean2": 7.2805929184,
        "dvar": 75.3810119629,
        "dvar2": 160.725692749,
        "max": 313.331451416,
        "mean": 17.5924320221,
        "median": 11.6676130295,
        "min": 2.3895807999e-07,
        "var": 355.89050293
    },
    "melbands_crest": {
        "dmean": 3.1500890255,
        "dmean2": 4.95036554337,
        "dvar": 8.37547206879,
        "dvar2": 20.5721797943,
        "max": 33.1251525879,
        "mean": 14.3370084763,
        "median": 13.5268325806,
        "min": 2.69180560112,
        "var": 31.3908195496
    },
    "melbands_flatness_db": {
        "dmean": 0.0237200632691,
        "dmean2": 0.0343143194914,
        "dvar": 0.000635951117147,
        "dvar2": 0.001131736557,
        "max": 0.468893438578,
        "mean": 0.20122025907,
        "median": 0.19779650867,
        "min": 0.0197131671011,
        "var": 0.00441641453654
    },
    "melbands_kurtosis": {
        "dmean": 5.95944452286,
        "dmean2": 9.09077644348,
        "dvar": 128.48135376,
        "dvar2": 263.977355957,
        "max": 380.093597412,
        "mean": 12.9775342941,
        "median": 7.00284337997,
        "min": -1.93713831902,
        "var": 365.34375
    },
    "melbands_skewness": {
        "dmean": 0.651976168156,
        "dmean2": 0.969301521778,
        "dvar": 0.571066200733,
        "dvar2": 1.17185151577,
        "max": 14.7096204758,
        "mean": 2.23872303963,
        "median": 1.96162128448,
        "min": -2.85441613197,
        "var": 2.79201507568
    },
    "melbands_spread": {
        "dmean": 6.70883893967,
        "dmean2": 10.1396484375,
        "dvar": 206.167770386,
        "dvar2": 413.577545166,
        "max": 338.736206055,
        "mean": 20.9598617554,
        "median": 14.9940958023,
        "min": 0.95906072855,
        "var": 590.378173828
    },
    "pitch_salience": {
        "dmean": 0.0661233440042,
        "dmean2": 0.10492233932,
        "dvar": 0.00381392636336,
        "dvar2": 0.00932727940381,
        "max": 0.933431625366,
        "mean": 0.560460329056,
        "median": 0.562757253647,
        "min": 0.0680920034647,
        "var": 0.0144212059677
    },
    "silence_rate_20dB": {
        "dmean": 0,
        "dmean2": 0,
        "dvar": 0,
        "dvar2": 0,
        "max": 1,
        "mean": 1,
        "median": 1,
        "min": 1,
        "var": 0
    },
    "silence_rate_30dB": {
        "dmean": 0.000235543513554,
        "dmean2": 0.000471142528113,
        "dvar": 0.00023546119337,
        "dvar2": 0.00070638442412,
        "max": 1,
        "mean": 0.999882221222,
        "median": 1,
        "min": 0,
        "var": 0.000117737312394
    },
    "silence_rate_60dB": {
        "dmean": 0.0515840314329,
        "dmean2": 0.103062428534,
        "dvar": 0.0489189624786,
        "dvar2": 0.104924932122,
        "max": 1,
        "mean": 0.169924631715,
        "median": 0,
        "min": 0,
        "var": 0.141060605645
    },
    "spectral_centroid": {
        "dmean": 229.640228271,
        "dmean2": 334.291290283,
        "dvar": 132550.421875,
        "dvar2": 235172.5,
        "max": 8063.98535156,
        "mean": 1227.16296387,
        "median": 1081.70727539,
        "min": 241.880966187,
        "var": 502274.3125
    },
    "spectral_complexity": {
        "dmean": 2.39665532112,
        "dmean2": 3.8199057579,
        "dvar": 8.21308422089,
        "dvar2": 17.4897041321,
        "max": 56,
        "mean": 12.7096090317,
        "median": 11,
        "min": 0,
        "var": 66.6271286011
    },
    "spectral_decrease": {
        "dmean": 1.35030708837e-09,
        "dmean2": 1.98180871713e-09,
        "dvar": 3.67808423632e-18,
        "dvar2": 7.49546155188e-18,
        "max": 2.25153951039e-10,
        "mean": -5.01023889043e-09,
        "median": -3.8548670922e-09,
        "min": -2.97816171724e-08,
        "var": 2.03662107307e-17
    },
    "spectral_energy": {
        "dmean": 0.00546323135495,
        "dmean2": 0.00801654625684,
        "dvar": 5.91894058743e-05,
        "dvar2": 0.000120378819702,
        "max": 0.120006434619,
        "mean": 0.02050550282,
        "median": 0.0155850872397,
        "min": 3.48797934979e-11,
        "var": 0.000332706200425
    },
    "spectral_energyband_high": {
        "dmean": 0.000306370842736,
        "dmean2": 0.000444442033768,
        "dvar": 8.0192171481e-07,
        "dvar2": 1.6192707335e-06,
        "max": 0.0263710618019,
        "mean": 0.000608085538261,
        "median": 0.000235113984672,
        "min": 2.00623111873e-11,
        "var": 1.93260643755e-06
    },
    "spectral_energyband_low": {
        "dmean": 0.00111546565313,
        "dmean2": 0.00175830174703,
        "dvar": 8.86279121914e-06,
        "dvar2": 1.99089190573e-05,
        "max": 0.0511448420584,
        "mean": 0.0027574384585,
        "median": 0.000175605877303,
        "min": 5.70198532487e-12,
        "var": 2.54308652075e-05
    },
    "spectral_energyband_middle_high": {
        "dmean": 0.00188447209075,
        "dmean2": 0.00262384209782,
        "dvar": 1.47286664287e-05,
        "dvar2": 2.52689278568e-05,
        "max": 0.0759167596698,
        "mean": 0.00597543548793,
        "median": 0.00210892083123,
        "min": 6.72007284888e-12,
        "var": 9.2864735052e-05
    },
    "spectral_energyband_middle_low": {
        "dmean": 0.00409381790087,
        "dmean2": 0.00610133027658,
        "dvar": 4.26590158895e-05,
        "dvar2": 9.26457214518e-05,
        "max": 0.111538812518,
        "mean": 0.0115719689056,
        "median": 0.00756084825844,
        "min": 1.47412442496e-12,
        "var": 0.000154506240506
    },
    "spectral_entropy": {
        "dmean": 0.167963221669,
        "dmean2": 0.233302503824,
        "dvar": 0.0326610319316,
        "dvar2": 0.0541007332504,
        "max": 8.83075618744,
        "mean": 7.43460083008,
        "median": 7.4640455246,
        "min": 5.58120250702,
        "var": 0.237225979567
    },
    "spectral_flux": {
        "dmean": 0.0204451568425,
        "dmean2": 0.0317547731102,
        "dvar": 0.000582848675549,
        "dvar2": 0.00125795090571,
        "max": 0.292529553175,
        "mean": 0.0639271438122,
        "median": 0.055144906044,
        "min": 5.60596308787e-05,
        "var": 0.00165422563441
    },
    "spectral_kurtosis": {
        "dmean": 1.41060328484,
        "dmean2": 2.39311623573,
        "dvar": 2.25229477882,
        "dvar2": 6.67810249329,
        "max": 24.2532196045,
        "mean": 3.9098572731,
        "median": 3.53726959229,
        "min": -1.30437791348,
        "var": 5.15059232712
    },
    "spectral_rms": {
        "dmean": 0.000590898562223,
        "dmean2": 0.000843272951897,
        "dvar": 4.80261462599e-07,
        "dvar2": 8.5288019136e-07,
        "max": 0.010820325464,
        "mean": 0.00397177506238,
        "median": 0.003899354022,
        "min": 1.84469698183e-07,
        "var": 4.23033907282e-06
    },
    "spectral_rolloff": {
        "dmean": 433.630187988,
        "dmean2": 707.873779297,
        "dvar": 949126.5,
        "dvar2": 1834152.25,
        "max": 17807.9589844,
        "mean": 1526.01147461,
        "median": 1033.59375,
        "min": 107.666015625,
        "var": 3283019.5
    },
    "spectral_skewness": {
        "dmean": 0.201853886247,
        "dmean2": 0.320839524269,
        "dvar": 0.0358711965382,
        "dvar2": 0.0877842232585,
        "max": 3.67142081261,
        "mean": 1.53877186775,
        "median": 1.53668260574,
        "min": -0.145163953304,
        "var": 0.15996336937
    },
    "spectral_spread": {
        "dmean": 489061.96875,
        "dmean2": 720809.1875,
        "dvar": 360767815680,
        "dvar2": 698740441088,
        "max": 18335036,
        "mean": 4629657,
        "median": 4397881,
        "min": 1664191.625,
        "var": 2.64276489011e+12
    },
    "spectral_strongpeak": {
        "dmean": 0.636357605457,
        "dmean2": 1.0126709938,
        "dvar": 1.13382232189,
        "dvar2": 2.59703636169,
        "max": 36.9179992676,
        "mean": 1.55855715275,
        "median": 0.867793321609,
        "min": 0,
        "var": 3.95912098885
    },
    "zerocrossingrate": {
        "dmean": 0.0104791559279,
        "dmean2": 0.0119075635448,
        "dvar": 0.000299074919894,
        "dvar2": 0.000301792839309,
        "max": 0.5205078125,
        "mean": 0.0627354606986,
        "median": 0.05126953125,
        "min": 0.0048828125,
        "var": 0.00260208756663
    },
    "barkbands": {
        "dmean": [4.3796691898e-05, 0.000809743069112, 0.000420559634222, 0.000244353926973, 0.000925166881643, 0.0010452409042, 0.000848902505822, 0.00136881705839, 0.00130810821429, 0.000858646293636, 0.000691211083904, 0.000462222174974, 0.000303175358567, 0.000240076304181, 0.000165227538673, 0.000145119629451, 9.06427449081e-05, 0.000111918707262, 7.77132299845e-05, 6.80922385072e-05, 7.35722205718e-05, 8.51486329339e-05, 6.05377426837e-05, 4.04554048146e-05, 5.01800313941e-05, 1.5587431335e-05, 3.33267030328e-06],
        "dmean2": [5.99645827606e-05, 0.00128809874877, 0.000685817562044, 0.000406858627684, 0.00141169072594, 0.00159002386499, 0.00126042345073, 0.00212296936661, 0.00196346454322, 0.00120622222312, 0.000975996605121, 0.000670482055284, 0.000490411184728, 0.000369215151295, 0.000270551186986, 0.000230326782912, 0.000145190861076, 0.00017734724679, 0.000124274170958, 0.000108824620838, 0.000114077702165, 0.000128277693875, 9.15586788324e-05, 6.10689385212e-05, 7.67790843383e-05, 2.43094327743e-05, 5.4612060012e-06],
        "dvar": [2.71330460322e-08, 6.32716773907e-06, 1.21219568427e-06, 4.54236953829e-07, 3.61169009011e-06, 7.26916459826e-06, 7.45246643419e-06, 1.0530061445e-05, 1.4220338926e-05, 6.70532654112e-06, 5.38332278666e-06, 2.66907477453e-06, 5.87723263834e-07, 4.04424469025e-07, 1.51073422217e-07, 1.64935570979e-07, 7.33042284651e-08, 8.85329853872e-08, 3.10457579644e-08, 2.63361581432e-08, 5.8579761486e-08, 1.53433177275e-07, 4.14819929517e-08, 1.07387618797e-08, 9.25701471033e-08, 1.24775496602e-08, 2.72626765607e-09],
        "dvar2": [5.03121846407e-08, 1.55036341312e-05, 2.97959559248e-06, 1.11188637675e-06, 8.42284953251e-06, 1.59519750014e-05, 1.585334212e-05, 2.45663832175e-05, 3.14296994475e-05, 1.20879467431e-05, 8.99056703929e-06, 5.27575639353e-06, 1.45433216403e-06, 8.69725397479e-07, 3.970209832e-07, 3.91455188264e-07, 1.82646203939e-07, 2.12577319303e-07, 7.44582564494e-08, 6.28135339298e-08, 1.30805744902e-07, 3.09437922397e-07, 9.68601696627e-08, 2.29005649999e-08, 2.35880648347e-07, 3.58423584146e-08, 6.08102501687e-09],
        "max": [0.00276966998354, 0.0428571440279, 0.0314104445279, 0.0111579485238, 0.059355083853, 0.0624622739851, 0.0709735974669, 0.0535137616098, 0.0894767865539, 0.0675608590245, 0.0646502152085, 0.0634641721845, 0.0191874075681, 0.0168505255133, 0.00751737272367, 0.0112706935033, 0.0105051901191, 0.0083242719993, 0.00440111057833, 0.00456228246912, 0.0068196291104, 0.0152095425874, 0.00747610628605, 0.00258313072845, 0.017007406801, 0.00762817729264, 0.00375934783369],
        "mean": [5.6465218222e-05, 0.00162658153567, 0.000908106914721, 0.000356851523975, 0.00222383392975, 0.00233413581736, 0.0013830011012, 0.0022989474237, 0.00257379282266, 0.00174221210182, 0.00147867051419, 0.000875111436471, 0.000477572641103, 0.000459361181129, 0.000294313329505, 0.00024589287932, 0.000154078457854, 0.000206162105314, 0.000150560081238, 0.000129247302539, 0.000125659644254, 0.00012442280422, 9.37680233619e-05, 6.74020484439e-05, 8.60271247802e-05, 2.6966779842e-05, 6.31841885479e-06],
        "median": [5.32243120688e-07, 2.00474405574e-05, 6.68084685458e-05, 4.37085473095e-05, 0.000691051944159, 0.000482598261442, 0.000216098036617, 0.000533208134584, 0.000305728055537, 0.000236653126194, 0.000151503365487, 0.000145032507135, 0.000143820841913, 8.79266881384e-05, 6.39627396595e-05, 6.29241985735e-05, 5.07085787831e-05, 7.53010826884e-05, 6.42830273136e-05, 6.19957136223e-05, 4.51946834801e-05, 2.88956453005e-05, 2.64831469394e-05, 2.13565090235e-05, 1.62245305546e-05, 9.68906078924e-07, 6.26326213116e-10],
        "min": [1.39806059524e-12, 3.40528907156e-12, 4.02681794159e-13, 3.11025646427e-13, 5.52087455613e-13, 2.12826975553e-13, 1.25990350422e-13, 1.27248092705e-13, 1.02466619174e-13, 2.7079011776e-13, 2.60581703784e-13, 4.08444274496e-13, 8.10266567383e-13, 8.06875941929e-13, 4.64230813079e-13, 3.42229527052e-13, 5.32741006257e-13, 4.05455318842e-13, 1.32552725306e-12, 1.72247752086e-12, 1.17484472671e-12, 2.92472838483e-12, 1.61871438562e-12, 2.48318032803e-12, 3.1799660561e-12, 3.74290312286e-12, 4.46435336615e-12],
        "var": [5.16506304393e-08, 1.17305326057e-05, 3.40880797012e-06, 6.97151676832e-07, 1.37554288813e-05, 2.63153888227e-05, 1.48636909216e-05, 2.14903011511e-05, 3.9392412873e-05, 2.64121899818e-05, 2.55389768427e-05, 8.42641475174e-06, 9.14542511055e-07, 1.33366449973e-06, 3.58882147111e-07, 3.90210402657e-07, 1.1861497029e-07, 2.01830815172e-07, 6.50364597732e-08, 4.9156387405e-08, 9.32542931764e-08, 2.23756060791e-07, 6.03050125392e-08, 1.935026539e-08, 2.48206049491e-07, 5.94035896029e-08, 8.7915763558e-09]
    },
    "erbbands": {
        "dmean": [0.0249357484281, 0.183323249221, 0.462152451277, 0.581435978413, 1.59600198269, 3.29449796677, 6.65691280365, 10.1590299606, 11.353925705, 18.8526878357, 25.5700073242, 30.1484375, 29.2502212524, 23.939283371, 27.5563602448, 11.8573732376, 12.7063751221, 10.7418441772, 9.81732177734, 7.04255199432, 7.55183982849, 4.99612998962, 5.88339662552, 5.3495182991, 2.51032233238, 2.98429179192, 3.14793848991, 2.91826152802, 3.13039278984, 2.26624488831, 1.75076794624, 1.09138929844, 0.624084115028, 0.719224154949, 0.262479901314, 0.0756721720099, 0.0353173725307, 0.00440835440531, 0.000649435038213, 3.9003603888e-05],
        "dmean2": [0.040662586689, 0.297086983919, 0.746597588062, 0.955783426762, 2.58176779747, 4.94649124146, 9.78808784485, 15.414855957, 16.8998603821, 28.777425766, 38.9373817444, 45.3409156799, 42.2405090332, 33.7197113037, 37.8814163208, 17.1993675232, 20.5277442932, 16.7349834442, 15.3372268677, 11.2424383163, 11.8698482513, 8.00321102142, 9.24191951752, 8.43218135834, 4.0215086937, 4.76438140869, 4.93406248093, 4.45318126678, 4.741710186, 3.43541884422, 2.64758753777, 1.64705860615, 0.95241355896, 1.10577750206, 0.402953714132, 0.114181265235, 0.0570005215704, 0.00690211402252, 0.00101812067442, 6.29411224509e-05],
        "dvar": [0.00901161134243, 0.289873033762, 1.53481161594, 1.93339014053, 18.9213523865, 54.6222686768, 223.317520142, 798.009887695, 1521.84960938, 2435.46484375, 3929.2668457, 7469.79199219, 6527.55126953, 4405.87890625, 8779.55371094, 1385.76208496, 1035.921875, 737.01159668, 420.181488037, 312.859191895, 520.477355957, 204.372634888, 276.816009521, 187.245559692, 24.5231075287, 55.9551887512, 66.6710128784, 154.664093018, 231.502120972, 71.9033813477, 36.2047271729, 9.1221408844, 2.62215614319, 25.433013916, 1.25970220566, 0.0758734643459, 0.212795972824, 0.000874445831869, 0.000115977978567, 5.60916134873e-07],
        "dvar2": [0.0223088283092, 0.708470284939, 3.66358351707, 4.99981117249, 47.4976348877, 118.19165802, 442.973876953, 1818.70507812, 3157.93920898, 5701.70507812, 9155.50976562, 16514.5273438, 13598.3574219, 8066.91064453, 13802.9716797, 2826.77905273, 2581.43212891, 1657.35888672, 954.664733887, 748.914672852, 1246.36535645, 520.15057373, 641.001708984, 460.564483643, 60.6620292664, 133.013763428, 150.117019653, 333.052459717, 476.816314697, 156.316177368, 84.7284317017, 19.8101539612, 5.96324491501, 64.4607315063, 3.18186545372, 0.161090806127, 0.623797595501, 0.00204063719139, 0.000271673925454, 1.35269954171e-06],
        "max": [1.38567113876, 8.91067790985, 31.248008728, 23.0115871429, 83.6259918213, 255.697814941, 368.363006592, 633.659362793, 1199.72705078, 984.640197754, 1095.77453613, 2529.98144531, 1635.69287109, 2155.60571289, 3344.67749023, 1404.03442383, 825.722045898, 727.786499023, 451.270812988, 547.344604492, 759.43359375, 584.12487793, 577.200439453, 477.314758301, 122.651557922, 268.281890869, 191.522506714, 437.057281494, 604.3671875, 165.171432495, 247.448196411, 68.9107818604, 34.8298454285, 289.776062012, 58.024017334, 16.3200893402, 28.7508907318, 2.12259268761, 0.776056408882, 0.0493521615863],
        "mean": [0.0371968373656, 0.39697137475, 1.09035420418, 1.11434495449, 2.42130017281, 7.68358278275, 16.7662563324, 21.9091415405, 20.828836441, 32.3251304626, 45.7233200073, 58.5362510681, 58.7997512817, 51.0999832153, 64.9583129883, 25.7638301849, 21.350025177, 21.8856925964, 20.2716789246, 13.4203968048, 13.622797966, 9.40543079376, 11.3861236572, 10.3282032013, 5.55168485641, 5.81414937973, 5.88944768906, 4.60364055634, 4.53375148773, 3.24978590012, 2.75046658516, 1.76027107239, 1.01861226559, 1.23750662804, 0.427811056376, 0.126158893108, 0.0572355948389, 0.00681249704212, 0.00132076919544, 8.96424608072e-05],
        "median": [0.00025350463693, 0.00752321165055, 0.0688680931926, 0.197563707829, 0.584746837616, 2.20000886917, 4.08817672729, 4.27800941467, 3.99136376381, 9.33527565002, 12.5927743912, 9.87440013885, 10.7575016022, 9.30136203766, 10.0539274216, 5.91310596466, 7.07288169861, 6.66834545135, 5.66855430603, 3.61272907257, 3.65744829178, 3.32322406769, 4.28299474716, 4.3116517067, 2.65511584282, 2.91605472565, 2.4944858551, 1.4678504467, 1.08906006813, 0.699866175652, 0.805328190327, 0.542468190193, 0.30495339632, 0.212521761656, 0.0779440701008, 0.0122001748532, 0.000827108335216, 4.31123880844e-05, 1.63429867825e-05, 2.21752088692e-05],
        "min": [1.91517163239e-10, 4.23542562134e-10, 4.5992093467e-10, 8.90954143795e-10, 1.31301358675e-09, 2.04831995809e-09, 1.71251846037e-09, 1.81637349606e-09, 2.31765318048e-09, 1.8811916469e-09, 2.2570367797e-09, 1.94157823152e-09, 5.50284662282e-09, 1.28442465552e-08, 1.10545865795e-08, 1.53409693837e-08, 3.19260777815e-08, 4.66373251129e-08, 2.7481840803e-08, 2.81966858751e-08, 1.75542638203e-08, 3.02459177703e-08, 1.86464390595e-08, 6.3869215694e-08, 6.83259528955e-08, 8.02378181675e-08, 5.48593277472e-08, 4.19608596758e-08, 9.99926825784e-08, 9.01080596805e-08, 3.76850195494e-08, 5.34770698835e-08, 3.80954823243e-08, 3.42382513452e-08, 2.37263151348e-08, 1.18556382489e-08, 8.24744450512e-09, 2.93146995567e-09, 7.33098859396e-10, 4.89335377774e-11],
        "var": [0.0115233631805, 0.622184216976, 4.8973608017, 4.07678604126, 28.1877250671, 203.994476318, 1004.83538818, 2626.73535156, 3578.90332031, 4176.15380859, 7906.91210938, 20262.7382812, 19692.0410156, 18139.8457031, 48175.2265625, 4911.47900391, 1702.94104004, 2475.63647461, 1401.49963379, 783.388549805, 1271.42224121, 341.530853271, 716.91619873, 345.579864502, 62.6966323853, 103.233695984, 122.532691956, 229.50944519, 318.189483643, 110.096549988, 50.3372192383, 15.0623159409, 4.55567646027, 67.0130386353, 3.4504199028, 0.37729844451, 0.605000734329, 0.00429541245103, 0.000396687712055, 1.56350893121e-06]
    },
    "gfcc": {
        "mean": [-50.3062820435, 83.551612854, -151.594528198, 15.4174118042, -90.0365524292, 8.11994075775, -43.4224510193, 6.22097110748, -23.7088947296, -4.40170860291, -8.77945041656, -8.63022327423, -3.73001742363],
        "cov": [[6792.44970703, -342.585662842, 1411.01281738, 314.372558594, 554.499572754, 637.576416016, -49.3695030212, 646.764709473, -111.731903076, 555.03503418, -248.634231567, 318.695068359, -3.86318278313], [-342.585662842, 1761.72802734, 291.540893555, 485.852600098, 311.625, 73.8894424438, 207.514846802, -93.9159698486, 163.720275879, -168.436599731, 203.088302612, -175.68309021, 136.803436279], [1411.01281738, 291.540893555, 1956.39880371, 659.322937012, 320.106292725, 194.453842163, -264.331939697, 143.376083374, -147.324203491, 236.543060303, -109.368026733, 223.363113403, -33.3040351868], [314.372558594, 485.852600098, 659.322937012, 709.750976562, 331.271331787, 217.389175415, 42.2982711792, 22.51770401, 74.5239868164, 31.0392551422, -19.4116458893, 23.3139400482, -48.0314674377], [554.499572754, 311.625, 320.106292725, 331.271331787, 556.440979004, 332.855895996, 214.69203186, 92.6547164917, 80.4700012207, 90.3904876709, -26.364906311, 30.4306812286, -80.2074661255], [637.576416016, 73.8894424438, 194.453842163, 217.389175415, 332.855895996, 405.130584717, 216.43788147, 102.919242859, 63.7957115173, 103.016204834, -33.4207344055, 25.0890426636, -64.4835205078], [-49.3695030212, 207.514846802, -264.331939697, 42.2982711792, 214.69203186, 216.43788147, 426.676147461, 29.7112216949, 142.946762085, -4.30099010468, 40.5027732849, -49.9020805359, -29.8706283569], [646.764709473, -93.9159698486, 143.376083374, 22.51770401, 92.6547164917, 102.919242859, 29.7112216949, 238.76902771, 17.9637374878, 98.3705444336, -16.5661392212, 39.0168952942, 6.72215557098], [-111.731903076, 163.720275879, -147.324203491, 74.5239868164, 80.4700012207, 63.7957115173, 142.946762085, 17.9637374878, 202.374694824, 5.34643650055, 60.7315063477, -36.8446464539, -24.2669487], [555.03503418, -168.436599731, 236.543060303, 31.0392551422, 90.3904876709, 103.016204834, -4.30099010468, 98.3705444336, 5.34643650055, 208.051467896, -11.0901288986, 101.872436523, -44.5422821045], [-248.634231567, 203.088302612, -109.368026733, -19.4116458893, -26.364906311, -33.4207344055, 40.5027732849, -16.5661392212, 60.7315063477, -11.0901288986, 160.331176758, -12.5529308319, 52.8328895569], [318.695068359, -175.68309021, 223.363113403, 23.3139400482, 30.4306812286, 25.0890426636, -49.9020805359, 39.0168952942, -36.8446464539, 101.872436523, -12.5529308319, 171.304290771, -8.85892105103], [-3.86318278313, 136.803436279, -33.3040351868, -48.0314674377, -80.2074661255, -64.4835205078, -29.8706283569, 6.72215557098, -24.2669487, -44.5422821045, 52.8328895569, -8.85892105103, 161.88130188]],
        "icov": [[0.00026828297996, -3.92860019929e-05, -7.97708271421e-05, 9.76096853265e-05, -2.13386410906e-05, -0.000297354010399, 0.000119001007988, -0.000410667533288, 7.76297838456e-06, -0.000316489487886, 0.000332669034833, -7.10920721758e-05, -0.000236238891375], [-3.92860019929e-05, 0.00147003913298, -0.000383071223041, -0.000560311949812, -0.000862196960952, 0.000608363829087, -0.00048957351828, 0.000569071795326, -0.000308290385874, 0.0006493870751, -0.00145376496948, 0.00133199279662, -0.0011073081987], [-7.97708271421e-05, -0.000383071223041, 0.00141152495053, -0.00103887578007, -1.47824457599e-05, -4.39927571279e-05, 0.000743300071917, -0.000273408862995, 0.000944812025409, -0.000926090520807, 0.000440816540504, -0.000863054010551, 0.000123352641822], [9.76096853265e-05, -0.000560311949812, -0.00103887578007, 0.00356218707748, -0.000758634298109, -0.00118749123067, 0.000750776205678, 0.000283611414488, -0.0016553645255, 0.00107455125544, 0.000581311935093, -0.000353601091774, 0.000435339548858], [-2.13386410906e-05, -0.000862196960952, -1.47824457599e-05, -0.000758634298109, 0.00501962983981, -0.00244051963091, -0.000914365402423, -0.000692116154823, 0.00022168373107, -0.000333291682182, 0.000748826889321, -0.00098572706338, 0.00151812226977], [-0.000297354010399, 0.000608363829087, -4.39927571279e-05, -0.00118749123067, -0.00244051963091, 0.00727412803099, -0.00279599567875, -0.000251410907367, 0.000607219117228, -0.00147987913806, 0.000139607931487, 0.00102766172495, -5.22269465364e-06], [0.000119001007988, -0.00048957351828, 0.000743300071917, 0.000750776205678, -0.000914365402423, -0.00279599567875, 0.0055047115311, -0.0001817043958, -0.00195569195785, 0.000531575642526, -1.64698813023e-05, -0.00031127067632, 9.01798703126e-05], [-0.000410667533288, 0.000569071795326, -0.000273408862995, 0.000283611414488, -0.000692116154823, -0.000251410907367, -0.0001817043958, 0.00678570568562, -0.00112720846664, -0.00179735955317, 5.89834417042e-05, 0.000961829035077, -0.00185132957995], [7.76297838456e-06, -0.000308290385874, 0.000944812025409, -0.0016553645255, 0.00022168373107, 0.000607219117228, -0.00195569195785, -0.00112720846664, 0.00889974832535, -0.00140061299317, -0.00262351939455, 0.000872214848641, 0.00185429502744], [-0.000316489487886, 0.0006493870751, -0.000926090520807, 0.00107455125544, -0.000333291682182, -0.00147987913806, 0.000531575642526, -0.00179735955317, -0.00140061299317, 0.0110780773684, -0.00227637123317, -0.00377752701752, 0.00236448366195], [0.000332669034833, -0.00145376496948, 0.000440816540504, 0.000581311935093, 0.000748826889321, 0.000139607931487, -1.64698813023e-05, 5.89834417042e-05, -0.00262351939455, -0.00227637123317, 0.0107311466709, -0.00149835902266, -0.00268312660046], [-7.10920721758e-05, 0.00133199279662, -0.000863054010551, -0.000353601091774, -0.00098572706338, 0.00102766172495, -0.00031127067632, 0.000961829035077, 0.000872214848641, -0.00377752701752, -0.00149835902266, 0.010474331677, -0.00143266457599], [-0.000236238891375, -0.0011073081987, 0.000123352641822, 0.000435339548858, 0.00151812226977, -5.22269465364e-06, 9.01798703126e-05, -0.00185132957995, 0.00185429502744, 0.00236448366195, -0.00268312660046, -0.00143266457599, 0.00983151700348]]
    },
    "melbands": {
        "dmean": [0.000224797418923, 0.000227911325055, 0.00012245750986, 0.000161659932928, 0.000222826740355, 0.000216476459173, 0.000171161620528, 0.00024432229111, 0.00019941732171, 0.000199190631974, 0.000152430598973, 0.000104981918412, 8.87207061169e-05, 6.35320611764e-05, 1.91674535017e-05, 3.52780225512e-05, 2.05771011679e-05, 1.85354838322e-05, 1.35335276354e-05, 9.35437856242e-06, 9.19295507629e-06, 5.73933675696e-06, 5.25443192601e-06, 5.22300706507e-06, 4.82950645164e-06, 2.22617450163e-06, 1.90031857983e-06, 2.31853118748e-06, 2.30985619964e-06, 1.69034706232e-06, 1.82581447916e-06, 1.90974787984e-06, 1.66817585523e-06, 1.13082364805e-06, 1.0076861372e-06, 9.79414380708e-07, 5.93639413182e-07, 4.39939071839e-07, 4.65823063678e-07, 7.37385562388e-07],
        "dmean2": [0.000361019046977, 0.000361307174899, 0.000201240414754, 0.000251572637353, 0.000326981506078, 0.000329560338287, 0.000254853308434, 0.000376338692149, 0.000303306034766, 0.000299251260003, 0.000218953849981, 0.000147983446368, 0.00012090511882, 8.99125661817e-05, 3.01736508845e-05, 5.73547149543e-05, 3.17429257848e-05, 2.88347600872e-05, 2.2052498025e-05, 1.47563650899e-05, 1.43644056152e-05, 9.25489439396e-06, 8.40714619699e-06, 8.22474794404e-06, 7.68911195337e-06, 3.61587194675e-06, 3.09404140353e-06, 3.73320813196e-06, 3.68722430721e-06, 2.64737263933e-06, 2.82153314402e-06, 2.95378026749e-06, 2.51870005741e-06, 1.77677952706e-06, 1.54568431299e-06, 1.49140475969e-06, 9.13267967917e-07, 6.81129222357e-07, 7.25794620848e-07, 1.13820408387e-06],
        "dvar": [6.02921261361e-07, 3.41547689686e-07, 9.10527404585e-08, 1.22399171687e-07, 2.29021907217e-07, 3.47649915966e-07, 3.15865577249e-07, 3.53552621846e-07, 2.40673017515e-07, 3.45547277902e-07, 1.79144720391e-07, 8.66553122592e-08, 8.84974085125e-08, 4.82280633207e-08, 3.04206215773e-09, 8.7091267531e-09, 3.39245032066e-09, 1.85520976359e-09, 1.28190036364e-09, 6.85162093728e-10, 8.67446892094e-10, 2.78641693052e-10, 2.31626134939e-10, 1.8022192072e-10, 1.54985579925e-10, 1.97508277094e-11, 2.1484061058e-11, 3.5434623985e-11, 3.30359524459e-11, 2.82486620901e-11, 7.70057628774e-11, 9.10594169512e-11, 5.19638880536e-11, 1.63206531623e-11, 1.17818975062e-11, 1.16687493001e-11, 2.61539487983e-12, 1.42408708523e-12, 1.4014029737e-12, 4.42246066157e-11],
        "dvar2": [1.50979906266e-06, 7.86040345702e-07, 2.23543480615e-07, 2.98620022932e-07, 4.62805388679e-07, 7.92602861566e-07, 6.57850648622e-07, 8.23914604098e-07, 5.52014682853e-07, 7.71813176925e-07, 3.66756324865e-07, 1.54950214437e-07, 1.38197123078e-07, 9.49219298718e-08, 6.22846796361e-09, 2.18854498968e-08, 7.32406135739e-09, 4.05205247134e-09, 3.38800743016e-09, 1.50675361077e-09, 2.02355510126e-09, 7.0777639305e-10, 5.59831458968e-10, 4.26508495188e-10, 3.79430570296e-10, 4.94758262137e-11, 5.47131923101e-11, 8.59543755616e-11, 7.67969299265e-11, 6.55478588074e-11, 1.66096233989e-10, 1.94533472664e-10, 1.06591187266e-10, 3.86268343699e-11, 2.79043715218e-11, 2.77630817641e-11, 5.79936055775e-12, 3.34442955101e-12, 3.19716236992e-12, 1.12802836516e-10],
        "max": [0.0126101272181, 0.0118269603699, 0.00452043488622, 0.00735052209347, 0.0119148753583, 0.0123786013573, 0.0168090071529, 0.0108231110498, 0.00826612580568, 0.0171927176416, 0.00848266109824, 0.00848498474807, 0.0100218430161, 0.00876118708402, 0.00207115220837, 0.0023517771624, 0.00167212856468, 0.00110540352762, 0.00081227789633, 0.000871074036695, 0.00104356231168, 0.00067713909084, 0.000436923612142, 0.000339976366377, 0.000416162365582, 0.000102021629573, 0.000138648698339, 0.000197763089091, 0.000140629665111, 0.000176043002284, 0.000355505413609, 0.000350561167579, 0.000247254793067, 9.26720749703e-05, 0.000132052504341, 0.000138876406709, 4.6660839871e-05, 2.78349016298e-05, 3.21447878378e-05, 0.000380414625397],
        "mean": [0.000397573516238, 0.000575038488023, 0.000227353986702, 0.000322299078107, 0.00058350834297, 0.000472796848044, 0.000302667205688, 0.000420440162998, 0.000356696749805, 0.000381502439268, 0.000300307292491, 0.000213105304283, 0.000200073511223, 0.000133993438794, 3.52270581061e-05, 5.23447379237e-05, 4.0174829337e-05, 3.53596587956e-05, 2.38226275542e-05, 1.56206897373e-05, 1.52389820869e-05, 9.56533313001e-06, 9.65009894571e-06, 9.39330857364e-06, 8.63486548042e-06, 4.36911159341e-06, 3.6139886106e-06, 3.99362943426e-06, 4.10223083236e-06, 2.76192122328e-06, 2.62909497906e-06, 2.6194147722e-06, 2.30757655117e-06, 1.54891699822e-06, 1.52854136104e-06, 1.5151055095e-06, 9.06905313514e-07, 6.61246474465e-07, 7.31861973691e-07, 1.25008489249e-06],
        "median": [3.75219269699e-06, 2.86799295282e-05, 4.23488236265e-05, 0.000105999366497, 0.000152364533278, 9.06151835807e-05, 5.11421167175e-05, 0.000108264095616, 8.28896736493e-05, 4.55702102045e-05, 4.42561722593e-05, 3.15670113196e-05, 2.67572795565e-05, 2.21028130909e-05, 7.6388951129e-06, 1.47939972521e-05, 9.48888100538e-06, 8.66626396601e-06, 4.18134186475e-06, 4.18871104557e-06, 3.68204018741e-06, 3.07808113575e-06, 3.38017525792e-06, 3.47738523487e-06, 3.33817956744e-06, 2.00548765861e-06, 1.49835534557e-06, 1.86966519777e-06, 1.69374573034e-06, 9.49220634539e-07, 7.11373445483e-07, 6.32818114354e-07, 4.3785064463e-07, 3.18945012623e-07, 4.265917255e-07, 4.27366273925e-07, 2.6332227776e-07, 1.93700870454e-07, 1.88022113434e-07, 1.57933300216e-07],
        "min": [1.44154349915e-12, 3.36387927062e-13, 1.61333376129e-13, 1.26269302089e-13, 6.71831297192e-14, 4.10403997028e-14, 3.2506820586e-14, 2.44864875311e-14, 1.71680229169e-14, 1.30720375523e-14, 2.72816251063e-14, 5.04816830428e-14, 3.71994034426e-14, 4.44025851786e-14, 3.87236256786e-14, 9.75160029766e-14, 8.14914609859e-14, 4.33359877389e-14, 4.42453013247e-14, 2.97447105195e-14, 1.81661784004e-14, 3.54483796646e-14, 1.23319425147e-14, 2.28999592455e-14, 5.6474657985e-14, 4.10616636179e-14, 6.8230448689e-14, 4.71575564514e-14, 3.65992805995e-14, 2.33524154468e-14, 2.60038030605e-14, 4.79512669805e-14, 7.64677221283e-14, 3.8949356571e-14, 1.78035585135e-14, 2.66299399795e-14, 3.74819837982e-14, 2.71248071205e-14, 2.2907299633e-14, 3.25890844258e-14],
        "var": [8.81664675489e-07, 1.15882392038e-06, 1.7205253755e-07, 3.20919951946e-07, 1.07168386876e-06, 1.13719192996e-06, 7.10902554601e-07, 6.78123853959e-07, 5.37686844382e-07, 9.38616892654e-07, 5.6166976492e-07, 3.44260996599e-07, 4.52971960385e-07, 1.8556714565e-07, 1.0446478349e-08, 1.18578151742e-08, 1.1626893226e-08, 5.67661695428e-09, 3.12070169706e-09, 1.61022817302e-09, 2.01132266398e-09, 4.33931418575e-10, 5.91159232677e-10, 3.42852718438e-10, 2.78468553772e-10, 4.31385344113e-11, 4.18547627112e-11, 5.69156770325e-11, 5.81057944815e-11, 4.31164444425e-11, 1.06995481919e-10, 1.1654974208e-10, 7.72108973979e-11, 2.32162570418e-11, 1.59969797825e-11, 1.54732008456e-11, 4.11376661902e-12, 2.11382170448e-12, 2.64868747595e-12, 1.14108333893e-10]
    },
    "mfcc": {
        "mean": [-679.768859863, 106.198509216, -13.5697555542, -0.832782864571, -19.6457462311, -11.283577919, -8.32013511658, -3.75063943863, -7.64649105072, -1.53976762295, -4.03534793854, -2.3184440136, -6.03460454941],
        "cov": [[5681.0234375, -58.0740852356, 515.936340332, 161.861663818, 508.793670654, 299.80279541, 300.741577148, 205.782684326, 406.179840088, 318.892150879, 53.4716072083, 166.148117065, 130.612609863], [-58.0740852356, 1119.13562012, 270.069488525, 300.559509277, 233.230651855, 159.309951782, 183.233154297, 74.4760665894, 38.8702697754, 65.3558120728, 15.7380809784, 33.4263687134, 6.76625299454], [515.936340332, 270.069488525, 1387.07739258, 512.517883301, 509.677307129, 129.103851318, 47.9491462708, -58.3412208557, 29.2614707947, -83.2776947021, 0.482919543982, 0.257505744696, 69.3337249756], [161.861663818, 300.559509277, 512.517883301, 502.178955078, 338.484313965, 205.370620728, 86.3758621216, 78.6798782349, 58.1510772705, 19.8300037384, 38.9245834351, 40.9086608887, 49.4073181152], [508.793670654, 233.230651855, 509.677307129, 338.484313965, 506.111999512, 200.718002319, 123.840637207, 73.021194458, 89.3901901245, 51.683265686, 27.738275528, 52.9870758057, 64.1947784424], [299.80279541, 159.309951782, 129.103851318, 205.370620728, 200.718002319, 489.652679443, 181.611633301, 187.7472229, 112.030685425, 131.983001709, 104.663574219, 54.9077377319, 68.1765518188], [300.741577148, 183.233154297, 47.9491462708, 86.3758621216, 123.840637207, 181.611633301, 264.215393066, 118.142753601, 109.385932922, 94.4625701904, 49.0048446655, 25.4922924042, 10.3453893661], [205.782684326, 74.4760665894, -58.3412208557, 78.6798782349, 73.021194458, 187.7472229, 118.142753601, 217.142379761, 98.272354126, 107.797576904, 69.6954803467, 39.4238319397, 37.3594741821], [406.179840088, 38.8702697754, 29.2614707947, 58.1510772705, 89.3901901245, 112.030685425, 109.385932922, 98.272354126, 178.017822266, 89.5392913818, 56.0171928406, 18.6487979889, 6.39648246765], [318.892150879, 65.3558120728, -83.2776947021, 19.8300037384, 51.683265686, 131.983001709, 94.4625701904, 107.797576904, 89.5392913818, 185.925354004, 83.3691101074, 51.4784545898, 32.3389015198], [53.4716072083, 15.7380809784, 0.482919543982, 38.9245834351, 27.738275528, 104.663574219, 49.0048446655, 69.6954803467, 56.0171928406, 83.3691101074, 137.839294434, 46.4809417725, 37.260219574], [166.148117065, 33.4263687134, 0.257505744696, 40.9086608887, 52.9870758057, 54.9077377319, 25.4922924042, 39.4238319397, 18.6487979889, 51.4784545898, 46.4809417725, 120.964836121, 68.1882858276], [130.612609863, 6.76625299454, 69.3337249756, 49.4073181152, 64.1947784424, 68.1765518188, 10.3453893661, 37.3594741821, 6.39648246765, 32.3389015198, 37.260219574, 68.1882858276, 163.034591675]],
