{
"lowlevel": {
    "average_loudness": 0.775369346142,
    "barkbands_crest": {
        "dmean": 2.40492105484,
        "dmean2": 3.79002714157,
        "dvar": 5.78691720963,
        "dvar2": 13.173951149,
        "max": 25.9365196228,
        "mean": 10.4931488037,
        "median": 9.51724815369,
        "min": 1.88282692432,
        "var": 21.9902420044
    },
    "barkbands_flatness_db": {
        "dmean": 0.0192881431431,
        "dmean2": 0.0283338632435,
        "dvar": 0.00033041392453,
        "dvar2": 0.000695741851814,
        "max": 0.503307878971,
        "mean": 0.14357919991,
        "median": 0.138147011399,
        "min": 0.0109552862123,
        "var": 0.0038292449899
    },
    "barkbands_kurtosis": {
        "dmean": 1.88647115231,
        "dmean2": 2.8830769062,
        "dvar": 15.582695961,
        "dvar2": 33.4881744385,
        "max": 104.244171143,
        "mean": 3.0770907402,
        "median": 0.963865995407,
        "min": -1.9340262413,
        "var": 48.4865646362
    },
    "barkbands_skewness": {
        "dmean": 0.412772357464,
        "dmean2": 0.623179018497,
        "dvar": 0.228516966105,
        "dvar2": 0.473809093237,
        "max": 9.23979377747,
        "mean": 1.31476140022,
        "median": 1.17343497276,
        "min": -3.21150517464,
        "var": 1.30894851685
    },
    "barkbands_spread": {
        "dmean": 5.41130065918,
        "dmean2": 8.2301158905,
        "dvar": 47.4130859375,
        "dvar2": 94.6637496948,
        "max": 129.926864624,
        "mean": 27.6810874939,
        "median": 24.9435691833,
        "min": 0.289494752884,
        "var": 310.637359619
    },
    "dissonance": {
        "dmean": 0.0187509544194,
        "dmean2": 0.0318093746901,
        "dvar": 0.000374055030989,
        "dvar2": 0.00103500694968,
        "max": 0.500000178814,
        "mean": 0.464146018028,
        "median": 0.472841411829,
        "min": 0.245370775461,
        "var": 0.00101225730032
    },
    "dynamic_complexity": 3.13276839256,
    "erbbands_crest": {
        "dmean": 2.39339017868,
        "dmean2": 3.90962982178,
        "dvar": 5.03266763687,
        "dvar2": 12.7408704758,
        "max": 33.0069313049,
        "mean": 9.34725284576,
        "median": 8.07597827911,
        "min": 1.99905335903,
        "var": 23.5837993622
    },
    "erbbands_flatness_db": {
        "dmean": 0.0157817266881,
        "dmean2": 0.0227974578738,
        "dvar": 0.000198201320018,
        "dvar2": 0.000397796946345,
        "max": 0.538219690323,
        "mean": 0.171375289559,
        "median": 0.162005901337,
        "min": 0.0351753048599,
        "var": 0.00409747520462
    },
    "erbbands_kurtosis": {
        "dmean": 0.897844552994,
        "dmean2": 1.41621994972,
        "dvar": 3.60830068588,
        "dvar2": 8.00278759003,
        "max": 73.9494400024,
        "mean": 0.807068228722,
        "median": -0.269763231277,
        "min": -1.76316094398,
        "var": 18.6387462616
    },
    "erbbands_skewness": {
        "dmean": 0.320061534643,
        "dmean2": 0.487898916006,
        "dvar": 0.0916681811213,
        "dvar2": 0.190747901797,
        "max": 6.33881521225,
        "mean": 0.388041913509,
        "median": 0.342055350542,
        "min": -3.91337442398,
        "var": 0.859147965908
    },
    "erbbands_spread": {
        "dmean": 6.53960704803,
        "dmean2": 10.1799974442,
        "dvar": 52.5689239502,
        "dvar2": 119.489219666,
        "max": 127.398353577,
        "mean": 38.2734565735,
        "median": 37.7986755371,
        "min": 0.692023932934,
        "var": 289.192932129
    },
    "hfc": {
        "dmean": 5.71369409561,
        "dmean2": 8.40004634857,
        "dvar": 79.3641357422,
        "dvar2": 172.812240601,
        "max": 198.979476929,
        "mean": 24.0732898712,
        "median": 16.3650836945,
        "min": 3.0990758848e-09,
        "var": 511.827362061
    },
    "melbands_crest": {
        "dmean": 3.01454544067,
        "dmean2": 4.69913721085,
        "dvar": 8.37040328979,
        "dvar2": 20.2279491425,
        "max": 35.3298835754,
        "mean": 15.5544300079,
        "median": 14.2385540009,
        "min": 3.24655985832,
        "var": 41.7061500549
    },
    "melbands_flatness_db": {
        "dmean": 0.021517816931,
        "dmean2": 0.0318051688373,
        "dvar": 0.000518193119206,
        "dvar2": 0.00109112740029,
        "max": 0.569494485855,
        "mean": 0.18356885016,
        "median": 0.174381703138,
        "min": 0.0232106056064,
        "var": 0.00443249568343
    },
    "melbands_kurtosis": {
        "dmean": 4.77713537216,
        "dmean2": 7.24963331223,
        "dvar": 87.4534835815,
        "dvar2": 176.491607666,
        "max": 248.662643433,
        "mean": 10.4653787613,
        "median": 5.81333065033,
        "min": -1.82775986195,
        "var": 247.571304321
    },
    "melbands_skewness": {
        "dmean": 0.56786441803,
        "dmean2": 0.866337478161,
        "dvar": 0.450750797987,
        "dvar2": 0.934727728367,
        "max": 14.0322637558,
        "mean": 2.35698771477,
        "median": 2.07465267181,
        "min": -1.19641888142,
        "var": 2.23737215996
    },
    "melbands_spread": {
        "dmean": 7.33347320557,
        "dmean2": 11.1817045212,
        "dvar": 111.953926086,
        "dvar2": 232.061965942,
        "max": 271.198455811,
        "mean": 30.6498832703,
        "median": 23.54662323,
        "min": 0.516539573669,
        "var": 604.688354492
    },
    "pitch_salience": {
        "dmean": 0.0640792474151,
        "dmean2": 0.101254217327,
        "dvar": 0.00382749782875,
        "dvar2": 0.00891594961286,
        "max": 0.950515091419,
        "mean": 0.529196321964,
        "median": 0.529618382454,
        "min": 0.0954971462488,
        "var": 0.0172951389104
    },
    "silence_rate_20dB": {
        "dmean": 0,
        "dmean2": 0,
        "dvar": 0,
        "dvar2": 0,
        "max": 1,
        "mean": 1,
        "median": 1,
        "min": 1,
        "var": 0
    },
    "silence_rate_30dB": {
        "dmean": 0,
        "dmean2": 0,
        "dvar": 0,
        "dvar2": 0,
        "max": 1,
        "mean": 1,
        "median": 1,
        "min": 1,
        "var": 0
    },
    "silence_rate_60dB": {
        "dmean": 0.0145462937653,
        "dmean2": 0.0290959477425,
        "dvar": 0.01433501672,
        "dvar2": 0.033555611968,
        "max": 1,
        "mean": 0.076647810638,
        "median": 0,
        "min": 0,
        "var": 0.0707755684853
    },
    "spectral_centroid": {
        "dmean": 249.35269165,
        "dmean2": 376.733795166,
        "dvar": 81018.1328125,
        "dvar2": 171018.65625,
        "max": 5681.39794922,
        "mean": 1800.83105469,
        "median": 1741.36376953,
        "min": 242.099060059,
        "var": 732928
    },
    "spectral_complexity": {
        "dmean": 2.90071582794,
        "dmean2": 4.62706375122,
        "dvar": 10.1574935913,
        "dvar2": 23.6876163483,
        "max": 55,
        "mean": 17.8604412079,
        "median": 16,
        "min": 0,
        "var": 91.8189697266
    },
    "spectral_decrease": {
        "dmean": 1.26627308639e-09,
        "dmean2": 1.97410932046e-09,
        "dvar": 3.03559589055e-18,
        "dvar2": 7.0700061669e-18,
        "max": 1.27847008884e-17,
        "mean": -5.31225108347e-09,
        "median": -4.82573359051e-09,
        "min": -2.73643649962e-08,
        "var": 1.30862504079e-17
    },
    "spectral_energy": {
        "dmean": 0.00504979817197,
        "dmean2": 0.00784898735583,
        "dvar": 4.57487367385e-05,
        "dvar2": 0.000106385770778,
        "max": 0.113404259086,
        "mean": 0.0222332049161,
        "median": 0.0202254187316,
        "min": 3.10374366182e-13,
        "var": 0.000222788279643
    },
    "spectral_energyband_high": {
        "dmean": 0.000545021379367,
        "dmean2": 0.000793976942077,
        "dvar": 1.07617813683e-06,
        "dvar2": 2.20382753469e-06,
        "max": 0.025861851871,
        "mean": 0.00169863982592,
        "median": 0.000702036486473,
        "min": 2.41721573313e-13,
        "var": 5.44774457012e-06
    },
    "spectral_energyband_low": {
        "dmean": 0.00289763067849,
        "dmean2": 0.00446468358859,
        "dvar": 3.51306334778e-05,
        "dvar2": 7.66407320043e-05,
        "max": 0.0909092724323,
        "mean": 0.00783051364124,
        "median": 0.00555488513783,
        "min": 8.73828495728e-15,
        "var": 9.72069028649e-05
    },
    "spectral_energyband_middle_high": {
        "dmean": 0.00157423468772,
        "dmean2": 0.00248641963117,
        "dvar": 7.51567131374e-06,
        "dvar2": 1.98903981072e-05,
        "max": 0.0794887393713,
        "mean": 0.00570692121983,
        "median": 0.00321569549851,
        "min": 4.93034466606e-14,
        "var": 4.94078303745e-05
    },
    "spectral_energyband_middle_low": {
        "dmean": 0.00297673884779,
        "dmean2": 0.00479624327272,
        "dvar": 2.45049759542e-05,
        "dvar2": 6.38959536445e-05,
        "max": 0.066000983119,
        "mean": 0.00754942884669,
        "median": 0.00548013160005,
        "min": 4.83260460254e-15,
        "var": 5.10752361151e-05
    },
    "spectral_entropy": {
        "dmean": 0.124466948211,
        "dmean2": 0.186133623123,
        "dvar": 0.0147952474654,
        "dvar2": 0.0306141842157,
        "max": 8.72055721283,
        "mean": 7.65767049789,
        "median": 7.69813156128,
        "min": 5.19826936722,
        "var": 0.161416307092
    },
    "spectral_flux": {
        "dmean": 0.0188583657146,
        "dmean2": 0.0287285689265,
        "dvar": 0.000537974934559,
        "dvar2": 0.00111677462701,
        "max": 0.354421257973,
        "mean": 0.0723298117518,
        "median": 0.0665786266327,
        "min": 4.23714773206e-05,
        "var": 0.00171763729304
    },
    "spectral_kurtosis": {
        "dmean": 1.20774996281,
        "dmean2": 2.05367541313,
        "dvar": 3.23460555077,
        "dvar2": 8.67986869812,
        "max": 81.3756103516,
        "mean": 3.05652976036,
        "median": 2.63253879547,
        "min": -1.35258376598,
        "var": 8.3881778717
    },
    "spectral_rms": {
        "dmean": 0.000501877162606,
        "dmean2": 0.000774340005592,
        "dvar": 3.16075869478e-07,
        "dvar2": 7.22253844287e-07,
        "max": 0.0105184745044,
        "mean": 0.00435863481835,
        "median": 0.00444208458066,
        "min": 1.74012715348e-08,
        "var": 2.69333077085e-06
    },
    "spectral_rolloff": {
        "dmean": 532.03717041,
        "dmean2": 874.574035645,
        "dvar": 851473.25,
        "dvar2": 1758144.125,
        "max": 17743.359375,
        "mean": 2080.31176758,
        "median": 1464.2578125,
        "min": 43.06640625,
        "var": 3772718.25
    },
    "spectral_skewness": {
        "dmean": 0.18413041532,
        "dmean2": 0.293885916471,
        "dvar": 0.0327352359891,
        "dvar2": 0.0814362689853,
        "max": 6.30843353271,
        "mean": 1.21968686581,
        "median": 1.20168149471,
        "min": -0.248932555318,
        "var": 0.223954752088
    },
    "spectral_spread": {
        "dmean": 447075.84375,
        "dmean2": 644614.4375,
        "dvar": 277913763840,
        "dvar2": 530403655680,
        "max": 16678110,
        "mean": 4650599,
        "median": 4412174.5,
        "min": 985341.875,
        "var": 2.37167679898e+12
    },
    "spectral_strongpeak": {
        "dmean": 0.555635333061,
        "dmean2": 0.949145674706,
        "dvar": 1.69270777702,
        "dvar2": 4.5512676239,
        "max": 23.9388980865,
        "mean": 1.02113676071,
        "median": 0.340209722519,
        "min": 0,
        "var": 2.71064543724
    },
    "zerocrossingrate": {
        "dmean": 0.0100332722068,
        "dmean2": 0.0119321933016,
        "dvar": 0.000171023435541,
        "dvar2": 0.000196428591153,
        "max": 0.59716796875,
        "mean": 0.0720511004329,
        "median": 0.0654296875,
        "min": 0.0048828125,
        "var": 0.00220846338198
    },
    "barkbands": {
        "dmean": [0.000106461753603, 0.00259660021402, 0.000817438063677, 0.000749347731471, 0.000732517917641, 0.000511548540089, 0.000510412559379, 0.000758505018894, 0.00093529256992, 0.000641502847429, 0.000392314599594, 0.000364192732377, 0.000322247185977, 0.000251060060691, 0.000299978128169, 0.000135325724841, 0.000175392022356, 0.000110660643259, 0.000239872402744, 0.000235152809182, 0.000216591972276, 0.000205633288715, 6.83774851495e-05, 5.82065658818e-05, 5.10158970428e-05, 3.30769944412e-05, 8.79625713424e-06],
        "dmean2": [0.000159492192324, 0.00403371686116, 0.00144505943172, 0.0013596661156, 0.00124695699196, 0.000816838117316, 0.000764891155995, 0.00117756484542, 0.00149144046009, 0.00102850876283, 0.000629355607089, 0.000591443385929, 0.000524234492332, 0.000412244990002, 0.000494338921271, 0.000218189859879, 0.000285137153696, 0.000183692027349, 0.000372120121028, 0.000349062262103, 0.000332265277393, 0.000310206611175, 0.0001019414849, 8.76380945556e-05, 7.9676421592e-05, 5.33327984158e-05, 1.40932306749e-05],
        "dvar": [5.65955531329e-08, 3.64150509995e-05, 6.61765261611e-06, 6.78598098602e-06, 2.62352273239e-06, 1.22811638903e-06, 2.02199703381e-06, 3.21398783854e-06, 4.6623254093e-06, 3.43534725289e-06, 2.02975866159e-06, 6.18170588496e-07, 5.68612904317e-07, 3.09403532128e-07, 5.05536888795e-07, 1.04501687304e-07, 1.21543138221e-07, 6.59478800458e-08, 2.81293580429e-07, 2.31323184607e-07, 1.9475658064e-07, 2.4685064659e-07, 3.09894616635e-08, 3.14062660323e-08, 3.47706610171e-08, 1.29127259996e-08, 1.31081889787e-09],
        "dvar2": [1.2975475272e-07, 8.42168519739e-05, 1.8933083993e-05, 1.97362078325e-05, 7.37059417588e-06, 3.1855065572e-06, 4.52002450402e-06, 7.43963892091e-06, 1.18259613373e-05, 8.97463996807e-06, 5.42373982171e-06, 1.54510166794e-06, 1.38281234285e-06, 7.93785034148e-07, 1.45307865296e-06, 2.48975197792e-07, 3.13914483741e-07, 1.8139093072e-07, 6.65737502459e-07, 4.68743053261e-07, 4.55790939213e-07, 6.02900001923e-07, 6.22590121679e-08, 6.19713773631e-08, 8.26905548479e-08, 3.36336043461e-08, 3.24866933354e-09],
        "max": [0.00590350851417, 0.0868609473109, 0.0483667701483, 0.0429189056158, 0.0306046959013, 0.0262949708849, 0.0416723042727, 0.032181661576, 0.0400713905692, 0.0521970763803, 0.062151286751, 0.0320690944791, 0.0270010754466, 0.0137623436749, 0.0187314692885, 0.0153823792934, 0.0110977441072, 0.00787849444896, 0.0143216364086, 0.0101973563433, 0.00971438828856, 0.0164869409055, 0.0044879312627, 0.00624903058633, 0.00951507966965, 0.00534400530159, 0.0014301504707],
        "mean": [0.000357865530532, 0.00604449259117, 0.00104144960642, 0.000774577492848, 0.00130936258938, 0.00105389859527, 0.00101968983654, 0.00133560353424, 0.00169235584326, 0.00135564757511, 0.000717499933671, 0.000635932665318, 0.000551049015485, 0.000427266029874, 0.000521963578649, 0.000240308319917, 0.000350496469764, 0.000226476549869, 0.000558566593099, 0.000573149009142, 0.000545144954231, 0.000507077900693, 0.000146041347762, 0.000109356173198, 8.32472796901e-05, 4.42644886789e-05, 1.03852080429e-05],
        "median": [4.57867099612e-05, 0.00340608111583, 0.000306032365188, 0.000224978284677, 0.000740964023862, 0.000560184067581, 0.000267043011263, 0.000400197517592, 0.000487037410494, 0.000286120339297, 0.000138867486385, 0.000232477948884, 0.000165575082065, 0.000138072078698, 0.000157842354383, 8.61984372023e-05, 0.000153166038217, 7.59942777222e-05, 0.000148165985593, 0.000159712057211, 0.000174915927346, 0.000172536936589, 5.83041546633e-05, 3.89072265534e-05, 1.92205752683e-05, 4.80024891658e-06, 2.87942669708e-09],
        "min": [7.58735268217e-15, 4.3694550338e-15, 5.71578997478e-16, 4.14631574466e-16, 3.46844215912e-16, 4.87316159885e-16, 1.58927574283e-15, 1.05214938697e-15, 4.31979365092e-16, 1.9113829968e-15, 1.14976464019e-15, 6.42583810682e-16, 7.47072386863e-15, 9.08311799933e-15, 3.06144028687e-15, 4.20638001562e-15, 1.72697852434e-15, 9.49846060502e-15, 6.01415965979e-15, 9.49210701088e-15, 1.11952683452e-14, 1.45058407153e-14, 2.05045619291e-14, 3.30094838182e-14, 4.00064638535e-14, 4.71509191012e-14, 7.2582632721e-14],
        "var": [4.76742059163e-07, 7.69632461015e-05, 5.38421818419e-06, 4.2883543756e-06, 3.25758651343e-06, 2.58966815636e-06, 5.62983314012e-06, 7.41765552448e-06, 1.19886699395e-05, 1.45032645378e-05, 5.85571433476e-06, 1.29387979086e-06, 1.24150142256e-06, 6.48900481792e-07, 1.03206093627e-06, 1.99826118319e-07, 3.42781646623e-07, 1.80259689841e-07, 1.19756793993e-06, 9.67683263298e-07, 7.58824512559e-07, 7.9404594544e-07, 8.70689618182e-08, 8.09251687883e-08, 1.08691430967e-07, 2.58493386696e-08, 2.81955370163e-09]
    },
    "erbbands": {
        "dmean": [0.0888429880142, 0.55957955122, 0.866648256779, 1.81472218037, 2.57348537445, 2.32173323631, 3.79314684868, 4.49816799164, 6.27461385727, 8.82056331635, 19.1683959961, 20.4085102081, 18.8035736084, 21.1109638214, 13.6532869339, 14.6340837479, 13.0974330902, 13.6916265488, 15.8404817581, 9.49609375, 7.49490356445, 8.31826114655, 6.12215852737, 6.29551076889, 14.6021556854, 11.2562007904, 6.82290077209, 9.53886032104, 7.82600927353, 2.98484516144, 1.97766852379, 1.42014193535, 0.897024333477, 0.652714431286, 0.335353076458, 0.159947127104, 0.0591386072338, 0.0120986187831, 0.00171419337858, 6.13718148088e-05],
        "dmean2": [0.134691223502, 0.881553173065, 1.48399710655, 3.26768159866, 4.5333981514, 3.90099978447, 6.10080957413, 7.24697256088, 9.51148509979, 13.1666727066, 29.8038711548, 32.5823440552, 29.8588790894, 34.0040473938, 21.700761795, 23.822681427, 21.2394332886, 22.4329528809, 26.048664093, 15.4315214157, 12.2023496628, 13.4933538437, 10.0834026337, 10.0068874359, 22.2893657684, 16.8897399902, 10.5632896423, 14.1948099136, 11.6583490372, 4.48198747635, 2.94306755066, 2.15128970146, 1.3729698658, 1.03425979614, 0.520317971706, 0.258260726929, 0.0972877889872, 0.0193752925843, 0.00273123569787, 9.85465594567e-05],
        "dvar": [0.0397927984595, 1.81784808636, 6.20494699478, 39.9695167542, 63.4156646729, 26.3026237488, 50.3326148987, 140.671279907, 266.801696777, 702.868041992, 2155.01635742, 2349.60351562, 3097.38647461, 2557.45776367, 1727.4597168, 1129.95532227, 966.950622559, 941.21875, 1494.02270508, 726.17755127, 263.202148438, 340.730865479, 185.6847229, 194.25088501, 1113.06066895, 584.218261719, 308.174560547, 365.724639893, 439.343109131, 71.1083984375, 25.9549598694, 17.0302371979, 8.2969493866, 8.53305912018, 0.869971096516, 0.20802859962, 0.102760069072, 0.00187781068962, 5.6559638324e-05, 9.39981177339e-08],
        "dvar2": [0.0848867446184, 4.33527565002, 17.1136932373, 116.194061279, 181.79486084, 73.3448181152, 124.663825989, 376.212310791, 595.510864258, 1604.46704102, 5108.64990234, 6084.07324219, 8052.30712891, 6456.89501953, 4591.68847656, 2853.90991211, 2373.7668457, 2428.51513672, 4314.47607422, 1913.2364502, 673.729309082, 874.930603027, 520.183227539, 469.604644775, 2588.75537109, 1191.12597656, 793.776000977, 798.143371582, 1112.3503418, 142.628067017, 52.7818412781, 33.7988128662, 17.1238288879, 20.2966079712, 2.06753826141, 0.534759581089, 0.281903356314, 0.00469826953486, 0.0001375087013, 2.14435402768e-07],
        "max": [3.14676427841, 19.4672698975, 48.0538597107, 102.981193542, 134.704711914, 129.24659729, 167.785415649, 308.260070801, 438.63772583, 853.614562988, 1119.03796387, 1022.67492676, 1750.77905273, 968.15826416, 1801.86132812, 1621.26867676, 1126.95751953, 716.253601074, 1153.95214844, 931.322875977, 438.424865723, 698.242004395, 425.517974854, 449.674530029, 943.6875, 609.748352051, 503.275634766, 426.111724854, 742.903076172, 281.448028564, 136.668777466, 126.336936951, 110.32674408, 163.266662598, 31.0279369354, 11.4290618896, 19.035533905, 1.32574152946, 0.298393547535, 0.0207834839821],
        "mean": [0.231124728918, 1.12676346302, 1.30833506584, 2.07199835777, 3.27743434906, 4.24575901031, 7.44986152649, 8.68102836609, 13.2040576935, 16.7735443115, 34.4821586609, 37.0872383118, 41.8224334717, 44.4276123047, 27.752779007, 26.6416053772, 24.4845905304, 25.0414390564, 28.9469165802, 17.8343029022, 15.3138217926, 17.8510093689, 13.8483753204, 15.2924995422, 36.8634681702, 28.9573574066, 17.8408145905, 26.2534828186, 20.3012523651, 6.59846878052, 4.18815851212, 2.84150075912, 1.53694188595, 1.07687687874, 0.520659387112, 0.215459614992, 0.0778459906578, 0.0146815162152, 0.0020670639351, 0.000102429548861],
        "median": [0.114173747599, 0.507766366005, 0.490152060986, 0.77352386713, 1.40644276142, 2.07863759995, 4.17919969559, 3.76969408989, 4.38834476471, 5.49329185486, 12.6865758896, 12.1315898895, 11.1966238022, 10.9855041504, 8.66602897644, 10.659444809, 8.34184932709, 9.20971870422, 9.59894752502, 6.4891705513, 6.04549074173, 7.87103271484, 5.45039176941, 5.35890388489, 9.68393325806, 8.13237667084, 5.63886594772, 8.39975738525, 6.83679294586, 2.63398194313, 1.66550016403, 1.05643987656, 0.508101642132, 0.222897455096, 0.123627744615, 0.0376839786768, 0.00424912991002, 0.000211445090827, 2.7180851248e-05, 3.04089317069e-05],
        "min": [2.46589180282e-13, 5.83070213205e-13, 7.0764818701e-13, 1.14498959359e-12, 1.29074106004e-12, 1.0251293087e-12, 1.3482843314e-12, 5.27797987607e-12, 1.88606266022e-11, 2.40262740259e-11, 2.12463692473e-11, 1.03839619195e-11, 4.5568757101e-11, 5.37388779309e-11, 3.7736379993e-11, 4.32475409651e-11, 2.92953411529e-10, 6.27861262981e-10, 1.04889159858e-10, 1.79848233528e-10, 2.95084456869e-10, 1.12775108696e-10, 4.67837490969e-10, 3.24009208352e-10, 4.21626983327e-10, 3.6104338963e-10, 4.30087132575e-10, 4.67934191395e-10, 4.57371668316e-10, 5.4140419925e-10, 5.50640921748e-10, 5.33552757531e-10, 6.98138713506e-10, 4.21967433217e-10, 3.30235588875e-10, 1.77164408144e-10, 7.54186504914e-11, 3.51552537081e-11, 1.09199238194e-11, 1.04613084688e-12],
        "var": [0.113244742155, 3.12118291855, 6.14076900482, 25.6711292267, 46.3623733521, 42.0170669556, 112.180534363, 266.135131836, 841.671569824, 1380.20068359, 4535.85449219, 5165.43652344, 17297.9238281, 9348.01464844, 4959.30371094, 2186.47607422, 2284.36938477, 2060.49169922, 2896.55224609, 1624.34106445, 615.878845215, 1000.74786377, 548.628967285, 644.510681152, 4955.97167969, 2485.2434082, 1139.00109863, 1478.43444824, 1371.43518066, 200.683776855, 69.6210861206, 44.2228813171, 19.0948600769, 27.529794693, 2.14549899101, 0.32221353054, 0.196097612381, 0.00291789113544, 0.0001323135657, 3.39103223723e-07]
    },
    "gfcc": {
        "mean": [-11.6645803452, 82.5868682861, -136.099594116, 36.1833076477, -73.4221115112, 16.7075366974, -24.6511592865, 5.6809463501, -19.0908126831, 3.99418783188, -13.9597606659, -3.52964568138, -5.93185377121],
        "cov": [[6746.12158203, -1895.71826172, 1186.06921387, 704.147094727, 569.847961426, 493.6328125, 64.7063522339, 614.397949219, -210.219543457, 711.517089844, -305.702636719, 514.253540039, -50.6056175232], [-1895.71826172, 1915.8729248, -11.9942531586, 219.736282349, -85.7209472656, -208.656387329, 125.380111694, -299.08303833, 232.551849365, -208.625854492, 283.441589355, -133.440261841, 134.165527344], [1186.06921387, -11.9942531586, 1744.35437012, 443.231201172, 447.582275391, 202.721084595, -89.7252426147, 189.353591919, -36.1169548035, 345.60635376, -31.5928516388, 337.585144043, -30.4896602631], [704.147094727, 219.736282349, 443.231201172, 696.494567871, 193.99281311, 133.314849854, 55.5645751953, 61.1505699158, 127.877380371, 148.371337891, 81.1745223999, 125.535568237, 146.761428833], [569.847961426, -85.7209472656, 447.582275391, 193.99281311, 563.229675293, 158.798446655, 133.9243927, 199.090759277, 53.3372917175, 175.947753906, -1.49571466446, 177.975814819, 8.33987426758], [493.6328125, -208.656387329, 202.721084595, 133.314849854, 158.798446655, 282.513641357, 51.6981964111, 131.240570068, -23.8354816437, 94.2633285522, 17.6042900085, 88.2805175781, 13.7845983505], [64.7063522339, 125.380111694, -89.7252426147, 55.5645751953, 133.9243927, 51.6981964111, 329.236755371, 64.6339187622, 96.9790878296, 52.3199462891, 68.6660842896, 31.916841507, 26.6346149445], [614.397949219, -299.08303833, 189.353591919, 61.1505699158, 199.090759277, 131.240570068, 64.6339187622, 265.084625244, 22.9562339783, 159.525085449, -36.6368103027, 97.672164917, -1.9875138998], [-210.219543457, 232.551849365, -36.1169548035, 127.877380371, 53.3372917175, -23.8354816437, 96.9790878296, 22.9562339783, 229.582473755, 20.3535900116, 67.5738677979, -2.84396934509, 72.9171218872], [711.517089844, -208.625854492, 345.60635376, 148.371337891, 175.947753906, 94.2633285522, 52.3199462891, 159.525085449, 20.3535900116, 273.861572266, 10.0814027786, 135.406311035, -9.05002689362], [-305.702636719, 283.441589355, -31.5928516388, 81.1745223999, -1.49571466446, 17.6042900085, 68.6660842896, -36.6368103027, 67.5738677979, 10.0814027786, 182.019226074, 5.73894929886, 49.8425788879], [514.253540039, -133.440261841, 337.585144043, 125.535568237, 177.975814819, 88.2805175781, 31.916841507, 97.672164917, -2.84396934509, 135.406311035, 5.73894929886, 197.44241333, 21.0165195465], [-50.6056175232, 134.165527344, -30.4896602631, 146.761428833, 8.33987426758, 13.7845983505, 26.6346149445, -1.9875138998, 72.9171218872, -9.05002689362, 49.8425788879, 21.0165195465, 147.435714722]],
        "icov": [[0.000344367115758, 0.000254222890362, -3.74660194211e-05, -0.000404843303841, 7.86297241575e-05, 2.12708273466e-05, -0.000195859582163, -0.000138669754961, 0.000268568750471, -0.000311691837851, 0.000302202242892, -0.000183584779734, 8.12271173345e-05], [0.000254222890362, 0.00134140788577, -0.000425635953434, -0.000520137895364, -0.000129697582452, 0.000712609151378, -0.000568351475522, 0.000522470334545, -0.000258373038378, 0.000593506498262, -0.0011603361927, 0.000576626975089, -0.000178962771315], [-3.74660194211e-05, -0.000425635953434, 0.00135333836079, -0.000426823593443, -0.000414037815062, -0.000325312721543, 0.000849818985444, 0.000108744687168, 0.000160158815561, -0.000847803079523, 0.000549429270905, -0.00142973649781, 0.00086780032143], [-0.000404843303841, -0.000520137895364, -0.000426823593443, 0.00333360186778, -0.000320075458148, -0.00111120007932, 0.000366487191059, 0.00104962324258, -0.00116108218208, -0.000885892659426, -9.93336507236e-05, 0.000380185636459, -0.00250307493843], [7.86297241575e-05, -0.000129697582452, -0.000414037815062, -0.000320075458148, 0.0035177373793, -0.000543094996829, -0.00100834365003, -0.0014976109378, -0.000396423391066, 0.000233072918491, 0.000575520738494, -0.00165605160873, 0.000643632840365], [2.12708273466e-05, 0.000712609151378, -0.000325312721543, -0.00111120007932, -0.000543094996829, 0.00624278141186, -0.000703387951944, -0.00243725720793, 0.00174306926783, 0.00121216161642, -0.00214931252412, -2.4499171559e-05, -0.000118630377983], [-0.000195859582163, -0.000568351475522, 0.000849818985444, 0.000366487191059, -0.00100834365003, -0.000703387951944, 0.00473473686725, -0.000378029973945, -0.00135009153746, -0.000548336771317, -0.000857671315316, -0.000589985982515, 0.000531367666554], [-0.000138669754961, 0.000522470334545, 0.000108744687168, 0.00104962324258, -0.0014976109378, -0.00243725720793, -0.000378029973945, 0.00923445168883, -0.00179423822556, -0.00355164008215, 0.00186823040713, 0.000259841210209, -0.00103926600423], [0.000268568750471, -0.000258373038378, 0.000160158815561, -0.00116108218208, -0.000396423391066, 0.00174306926783, -0.00135009153746, -0.00179423822556, 0.00752206332982, -0.00062307988992, -0.000862318323925, 0.00104993511923, -0.0020212137606], [-0.000311691837851, 0.000593506498262, -0.000847803079523, -0.000885892659426, 0.000233072918491, 0.00121216161642, -0.000548336771317, -0.00355164008215, -0.00062307988992, 0.00941383000463, -0.002610293217, -0.00229115528055, 0.00207915343344], [0.000302202242892, -0.0011603361927, 0.000549429270905, -9.93336507236e-05, 0.000575520738494, -0.00214931252412, -0.000857671315316, 0.00186823040713, -0.000862318323925, -0.002610293217, 0.00966691505164, -0.00117561838124, -0.00111354980618], [-0.000183584779734, 0.000576626975089, -0.00142973649781, 0.000380185636459, -0.00165605160873, -2.4499171559e-05, -0.000589985982515, 0.000259841210209, 0.00104993511923, -0.00229115528055, -0.00117561838124, 0.0115420483053, -0.00296355807222], [8.12271173345e-05, -0.000178962771315, 0.00086780032143, -0.00250307493843, 0.000643632840365, -0.000118630377983, 0.000531367666554, -0.00103926600423, -0.0020212137606, 0.00207915343344, -0.00111354980618, -0.00296355807222, 0.0114352721721]]
    },
    "melbands": {
        "dmean": [0.000764096621424, 0.00049273762852, 0.00033378941589, 0.000172066007508, 0.000119334908959, 9.67442902038e-05, 9.9955665064e-05, 0.000105287246697, 0.000155816422193, 0.000134164321935, 9.66520383372e-05, 8.97955324035e-05, 5.32497324457e-05, 4.39895520685e-05, 3.04391596728e-05, 3.20510953316e-05, 2.54031510849e-05, 2.59259140876e-05, 1.80559982255e-05, 1.04449154605e-05, 9.65882827586e-06, 9.38234188652e-06, 8.12869166111e-06, 5.9168523876e-06, 5.28065493199e-06, 1.14266758828e-05, 1.04741420728e-05, 7.75790977059e-06, 5.0161170293e-06, 4.92514163852e-06, 6.60942941977e-06, 5.5513442021e-06, 2.72220950137e-06, 1.48056710714e-06, 1.19792900932e-06, 1.12023155907e-06, 8.52656285133e-07, 6.50064521324e-07, 6.0402356894e-07, 5.8567366068e-07],
        "dmean2": [0.00117510720156, 0.000792469305452, 0.00059940299252, 0.000295974197797, 0.000193162777578, 0.000155184359755, 0.000150384294102, 0.000157658651005, 0.000244236725848, 0.000214143481571, 0.000153616361786, 0.000145140656969, 8.52326411405e-05, 7.09994928911e-05, 4.99196903547e-05, 5.19957611687e-05, 4.17307383032e-05, 4.28109669883e-05, 2.98145550914e-05, 1.68495516846e-05, 1.5817455278e-05, 1.5149176761e-05, 1.34336496558e-05, 9.9342323665e-06, 8.45031172503e-06, 1.78404916369e-05, 1.57572685566e-05, 1.18804118756e-05, 7.91860202298e-06, 7.64577725931e-06, 9.87992370938e-06, 8.40480242914e-06, 4.16878719989e-06, 2.2777628601e-06, 1.81402674571e-06, 1.70230282492e-06, 1.3119210962e-06, 1.01272803477e-06, 9.50845162606e-07, 9.40072652611e-07],
        "dvar": [3.06752599499e-06, 1.38575001074e-06, 1.32174648115e-06, 1.8412680447e-07, 5.04596044948e-08, 5.80714356602e-08, 6.68073241172e-08, 7.90339669265e-08, 1.42026351568e-07, 1.07967828455e-07, 8.40157881044e-08, 4.82642619204e-08, 3.76755764364e-08, 9.40601818655e-09, 5.18779508241e-09, 5.14253306605e-09, 3.39002959038e-09, 3.97441324296e-09, 1.68944658263e-09, 9.61374979624e-10, 4.12190420684e-10, 4.66090832596e-10, 2.7453744833e-10, 2.60469507074e-10, 1.70965810953e-10, 8.20515377864e-10, 5.14674580732e-10, 3.10847542151e-10, 2.17760615095e-10, 1.06558407931e-10, 1.81978904168e-10, 1.93779797764e-10, 7.06845415532e-11, 1.77856774447e-11, 8.91988653079e-12, 8.9707442863e-12, 6.77899403279e-12, 4.28642624867e-12, 4.57878223184e-12, 1.18719782269e-11],
        "dvar2": [6.88676072969e-06, 3.4704673908e-06, 3.8354728531e-06, 5.20320327269e-07, 1.29272237359e-07, 1.53461812147e-07, 1.47514796822e-07, 1.77929592837e-07, 3.40252398701e-07, 2.79690709704e-07, 2.18810157548e-07, 1.21582914403e-07, 1.01035070088e-07, 2.3350718692e-08, 1.23745120817e-08, 1.29813368943e-08, 8.67530225435e-09, 1.12196625324e-08, 4.63972327225e-09, 2.33632047042e-09, 1.0513293569e-09, 1.18772147673e-09, 7.19768356028e-10, 7.15729364664e-10, 4.01922106708e-10, 1.91018312279e-09, 1.11649378631e-09, 6.69900024342e-10, 5.53825096894e-10, 2.56530130471e-10, 4.16524648106e-10, 4.8757692328e-10, 1.6593826313e-10, 3.82501252894e-11, 1.93364473738e-11, 1.88075596763e-11, 1.39415987435e-11, 9.00511089308e-12, 1.01506346731e-11, 2.88724755909e-11],
        "max": [0.0267097949982, 0.0204403214157, 0.019012350589, 0.00689976569265, 0.00536380102858, 0.00608890783042, 0.00694846687838, 0.00749333482236, 0.0103673106059, 0.00680164014921, 0.00849455222487, 0.00417217472568, 0.00875015836209, 0.00359751610085, 0.00317552732304, 0.00221196515486, 0.00160567520652, 0.00175602268428, 0.00095333129866, 0.00159745139536, 0.000400398625061, 0.00100677658338, 0.000427160033723, 0.000614414515439, 0.000464579352411, 0.000895252509508, 0.000618943013251, 0.000414964160882, 0.000413718051277, 0.000333255156875, 0.00028865665081, 0.000428093277151, 0.000233113343711, 0.000136256290716, 6.70015942887e-05, 9.2598660558e-05, 8.19920314825e-05, 6.67424610583e-05, 9.43171617109e-05, 0.000216529675527],
        "mean": [0.00186883704737, 0.000958900083788, 0.000393947237171, 0.0002720800112, 0.000240290624788, 0.000189681712072, 0.000211435748497, 0.000198654946871, 0.000275126396446, 0.00024204843794, 0.000207036719075, 0.000182766860235, 0.000101386140159, 7.71977429395e-05, 5.31377190782e-05, 5.57820021641e-05, 4.33038912888e-05, 4.49848048447e-05, 3.183026638e-05, 1.78684949788e-05, 1.82430412679e-05, 1.84568361874e-05, 1.60447143571e-05, 1.12928737508e-05, 1.07133209895e-05, 2.61593850155e-05, 2.45604369411e-05, 1.76164467121e-05, 1.08512776933e-05, 1.14502636279e-05, 1.70353341673e-05, 1.35270220198e-05, 5.72466433368e-06, 2.77143226413e-06, 2.36790515373e-06, 2.16060448111e-06, 1.57476040386e-06, 1.07692540041e-06, 8.9282201543e-07, 9.59533622336e-07],
        "median": [0.00108374154661, 0.000447210477432, 0.000163135133334, 0.000127738370793, 0.00013897230383, 8.73124372447e-05, 7.02392062522e-05, 6.66059931973e-05, 0.000102777026768, 6.74835173413e-05, 4.98173685628e-05, 4.14316928072e-05, 2.42378646362e-05, 2.76665559795e-05, 1.96058645088e-05, 1.76870671567e-05, 1.39385883813e-05, 1.3378937183e-05, 1.00465495052e-05, 6.43335806672e-06, 6.64402659822e-06, 8.12482085166e-06, 5.5363593674e-06, 3.46842921317e-06, 3.33646812578e-06, 6.02052568865e-06, 6.16582656221e-06, 4.53647544418e-06, 2.92074332719e-06, 3.50981736119e-06, 5.00601754538e-06, 4.24339032179e-06, 1.94077847482e-06, 1.05734602585e-06, 9.2567381671e-07, 7.81915673542e-07, 5.35520712219e-07, 3.48622279489e-07, 2.34578308778e-07, 1.5339519166e-07],
        "min": [2.07044392583e-15, 4.97926994554e-16, 2.06035179296e-16, 8.19961244864e-17, 4.49246720674e-17, 1.21778628276e-16, 3.02799587916e-16, 2.57139985726e-16, 1.49716249801e-16, 6.36501915598e-17, 2.39240088438e-16, 2.28471096835e-16, 1.49479848199e-16, 4.95617208499e-17, 2.49229412683e-16, 1.01244704691e-15, 1.13759997651e-15, 9.47925820929e-17, 2.8232812507e-16, 1.52308991183e-16, 4.10260937398e-16, 9.62683914197e-17, 2.24158746222e-16, 5.16149796684e-16, 2.30692573088e-16, 2.44529703315e-16, 3.62629416038e-16, 2.13193070922e-16, 3.07175121893e-16, 2.20368339957e-16, 2.83320953563e-16, 2.1405196233e-16, 3.5813619742e-16, 2.50837240036e-16, 2.10011879869e-16, 5.63169866135e-16, 2.04840796666e-16, 4.83228220063e-16, 3.90622319697e-16, 3.77211882318e-16],
        "var": [7.22558661437e-06, 2.09814493246e-06, 8.4942439571e-07, 1.93775477442e-07, 1.06730183802e-07, 1.14389969497e-07, 2.14577411839e-07, 1.64240631761e-07, 2.77514800473e-07, 2.57305885043e-07, 4.34338232935e-07, 1.73271970993e-07, 1.06156086588e-07, 2.04428936001e-08, 1.05488489055e-08, 1.12818669962e-08, 6.98182756054e-09, 7.43649053447e-09, 3.78011044688e-09, 1.73870573494e-09, 9.8340646737e-10, 1.20415377669e-09, 8.40212344144e-10, 6.08878614194e-10, 4.35490171702e-10, 3.40108030628e-09, 1.92189530956e-09, 1.10830034039e-09, 6.3535299244e-10, 3.68935243467e-10, 6.79615419497e-10, 5.95392790625e-10, 1.94035412737e-10, 4.16552140003e-11, 2.1617789156e-11, 2.18019161752e-11, 1.60272992794e-11, 9.54455871977e-12, 8.49776152223e-12, 4.13694460633e-11]
    },
    "mfcc": {
        "mean": [-644.27520752, 104.117225647, -6.22090816498, 18.6168861389, -17.4993133545, 10.1926898956, -0.672419726849, 2.77290511131, 2.43284916878, 4.18299102783, 1.7216053009, 0.448101699352, -3.23425197601],
        "cov": [[5441.45898438, -1342.65393066, 126.436386108, 574.98046875, 216.234069824, 377.652069092, 233.101242065, 148.927856445, 345.191955566, 252.762435913, 7.66937589645, 101.305206299, 162.310760498], [-1342.65393066, 1217.21398926, 249.384124756, 129.753707886, 26.3950176239, -2.15231275558, -22.4322071075, -6.35001754761, -108.764923096, -81.4393386841, 51.421131134, 35.7264213562, 29.0232963562], [126.436386108, 249.384124756, 1068.36279297, 394.946350098, 314.920471191, 176.60559082, 15.1983880997, -22.9632129669, 21.0345439911, -35.1818695068, 23.3774375916, 96.1706390381, 141.301651001], [574.98046875, 129.753707886, 394.946350098, 600.490112305, 253.450561523, 213.398025513, 49.7248497009, 43.3612060547, 121.635879517, 71.5803222656, 8.13027191162, 104.63911438, 120.213157654], [216.234069824, 26.3950176239, 314.920471191, 253.450561523, 461.031036377, 136.815261841, 77.2934875488, 75.8130950928, 97.9232940674, 48.753112793, 25.0157032013, 68.2611846924, 97.1381912231], [377.652069092, -2.15231275558, 176.60559082, 213.398025513, 136.815261841, 240.238342285, 102.581939697, 72.0194854736, 48.1505126953, 44.098033905, 29.5542602539, 44.6683387756, 52.6919898987], [233.101242065, -22.4322071075, 15.1983880997, 49.7248497009, 77.2934875488, 102.581939697, 249.236816406, 83.6112365723, 38.9983520508, 59.6063537598, 74.0635070801, 23.0477428436, 39.2093391418], [148.927856445, -6.35001754761, -22.9632129669, 43.3612060547, 75.8130950928, 72.0194854736, 83.6112365723, 159.192092896, 70.0104217529, 41.8429489136, 29.1464176178, 20.0096721649, 22.4637851715], [345.191955566, -108.764923096, 21.0345439911, 121.635879517, 97.9232940674, 48.1505126953, 38.9983520508, 70.0104217529, 196.741622925, 85.4223937988, 18.3474197388, 37.6960487366, 31.8687667847], [252.762435913, -81.4393386841, -35.1818695068, 71.5803222656, 48.753112793, 44.098033905, 59.6063537598, 41.8429489136, 85.4223937988, 165.859176636, 61.9402046204, 37.0335540771, 25.4458732605], [7.66937589645, 51.421131134, 23.3774375916, 8.13027191162, 25.0157032013, 29.5542602539, 74.0635070801, 29.1464176178, 18.3474197388, 61.9402046204, 130.100311279, 49.2268638611, 30.7697963715], [101.305206299, 35.7264213562, 96.1706390381, 104.63911438, 68.2611846924, 44.6683387756, 23.0477428436, 20.0096721649, 37.6960487366, 37.0335540771, 49.2268638611, 122.507492065, 56.9399909973], [162.310760498, 29.0232963562, 141.301651001, 120.213157654, 97.1381912231, 52.6919898987, 39.2093391418, 22.4637851715, 31.8687667847, 25.4458732605, 30.7697963715, 56.9399909973, 116.444343567]],
