{
"lowlevel": {
    "average_loudness": 0.827378094196,
    "barkbands_crest": {
        "dmean": 2.67645478249,
        "dmean2": 4.22125291824,
        "dvar": 5.37189912796,
        "dvar2": 13.0675134659,
        "max": 25.8235301971,
        "mean": 11.0003862381,
        "median": 10.0116243362,
        "min": 2.31555509567,
        "var": 23.0185146332
    },
    "barkbands_flatness_db": {
        "dmean": 0.0202225446701,
        "dmean2": 0.0315237268806,
        "dvar": 0.00034293482895,
        "dvar2": 0.000795073516201,
        "max": 0.368384808302,
        "mean": 0.122315764427,
        "median": 0.114388339221,
        "min": 0.0134523920715,
        "var": 0.00304352259263
    },
    "barkbands_kurtosis": {
        "dmean": 2.3964138031,
        "dmean2": 3.83827638626,
        "dvar": 14.3015489578,
        "dvar2": 35.5573387146,
        "max": 94.1129226685,
        "mean": 3.99618554115,
        "median": 2.0697157383,
        "min": -1.88893973827,
        "var": 38.3531570435
    },
    "barkbands_skewness": {
        "dmean": 0.466849714518,
        "dmean2": 0.733776688576,
        "dvar": 0.256915777922,
        "dvar2": 0.584959149361,
        "max": 9.04632949829,
        "mean": 1.58785641193,
        "median": 1.4342956543,
        "min": -5.37716293335,
        "var": 1.15325522423
    },
    "barkbands_spread": {
        "dmean": 5.77219343185,
        "dmean2": 9.15187835693,
        "dvar": 43.6909141541,
        "dvar2": 99.5025634766,
        "max": 108.277763367,
        "mean": 24.0354938507,
        "median": 21.3115997314,
        "min": 1.81133210659,
        "var": 202.462036133
    },
    "dissonance": {
        "dmean": 0.01854066737,
        "dmean2": 0.031437702477,
        "dvar": 0.00030323053943,
        "dvar2": 0.000821574823931,
        "max": 0.500000178814,
        "mean": 0.465197324753,
        "median": 0.472018837929,
        "min": 0.249173432589,
        "var": 0.000767387507949
    },
    "dynamic_complexity": 3.09705352783,
    "erbbands_crest": {
        "dmean": 2.65038228035,
        "dmean2": 4.22852087021,
        "dvar": 6.53148174286,
        "dvar2": 15.749455452,
        "max": 30.9271430969,
        "mean": 9.86946392059,
        "median": 8.21640014648,
        "min": 2.28111672401,
        "var": 30.4307918549
    },
    "erbbands_flatness_db": {
        "dmean": 0.0156679581851,
        "dmean2": 0.0235271602869,
        "dvar": 0.000206649565371,
        "dvar2": 0.000440131116193,
        "max": 0.404747396708,
        "mean": 0.151856705546,
        "median": 0.140314653516,
        "min": 0.0399919115007,
        "var": 0.00349140330218
    },
    "erbbands_kurtosis": {
        "dmean": 0.971615552902,
        "dmean2": 1.54461193085,
        "dvar": 2.30721354485,
        "dvar2": 5.14327096939,
        "max": 32.3461265564,
        "mean": 0.697480857372,
        "median": -0.18052649498,
        "min": -1.7001427412,
        "var": 7.35828304291
    },
    "erbbands_skewness": {
        "dmean": 0.347905546427,
        "dmean2": 0.541842222214,
        "dvar": 0.1088142097,
        "dvar2": 0.239840522408,
        "max": 5.14687919617,
        "mean": 0.702500939369,
        "median": 0.639263510704,
        "min": -4.41254758835,
        "var": 0.759900987148
    },
    "erbbands_spread": {
        "dmean": 7.39607620239,
        "dmean2": 11.5007820129,
        "dvar": 59.6479225159,
        "dvar2": 138.433105469,
        "max": 131.245849609,
        "mean": 42.017578125,
        "median": 41.9869308472,
        "min": 3.41704916954,
        "var": 332.086181641
    },
    "hfc": {
        "dmean": 6.34332466125,
        "dmean2": 9.47061347961,
        "dvar": 138.809783936,
        "dvar2": 240.982757568,
        "max": 459.285064697,
        "mean": 24.7788543701,
        "median": 19.6342144012,
        "min": 5.00898385269e-11,
        "var": 603.13494873
    },
    "melbands_crest": {
        "dmean": 3.35920810699,
        "dmean2": 5.42970514297,
        "dvar": 8.846991539,
        "dvar2": 21.5500640869,
        "max": 34.403881073,
        "mean": 15.0370035172,
        "median": 14.2348957062,
        "min": 3.21388936043,
        "var": 36.5627174377
    },
    "melbands_flatness_db": {
        "dmean": 0.0230312477797,
        "dmean2": 0.0365020744503,
        "dvar": 0.00050710659707,
        "dvar2": 0.00121255533304,
        "max": 0.460750252008,
        "mean": 0.171340808272,
        "median": 0.16392120719,
        "min": 0.0156003413722,
        "var": 0.00318688177504
    },
    "melbands_kurtosis": {
        "dmean": 6.14883232117,
        "dmean2": 9.94723033905,
        "dvar": 134.69190979,
        "dvar2": 344.407592773,
        "max": 231.135009766,
        "mean": 13.1874485016,
        "median": 8.14820861816,
        "min": -1.88932526112,
        "var": 275.164001465
    },
    "melbands_skewness": {
        "dmean": 0.644556045532,
        "dmean2": 1.02120530605,
        "dvar": 0.583366274834,
        "dvar2": 1.39914608002,
        "max": 12.6258859634,
        "mean": 2.56160259247,
        "median": 2.25729227066,
        "min": -2.3624420166,
        "var": 2.24660968781
    },
    "melbands_spread": {
        "dmean": 7.11546802521,
        "dmean2": 11.2172451019,
        "dvar": 125.172904968,
        "dvar2": 244.562576294,
        "max": 225.210525513,
        "mean": 24.5671825409,
        "median": 20.5473213196,
        "min": 1.36963450909,
        "var": 421.853515625
    },
    "pitch_salience": {
        "dmean": 0.0681854337454,
        "dmean2": 0.11045691371,
        "dvar": 0.00401213532314,
        "dvar2": 0.00964479520917,
        "max": 0.926652669907,
        "mean": 0.550150692463,
        "median": 0.557267069817,
        "min": 0.0878947749734,
        "var": 0.0177632886916
    },
    "silence_rate_20dB": {
        "dmean": 0,
        "dmean2": 0,
        "dvar": 0,
        "dvar2": 0,
        "max": 1,
        "mean": 1,
        "median": 1,
        "min": 1,
        "var": 0
    },
    "silence_rate_30dB": {
        "dmean": 0.000969579443336,
        "dmean2": 0.00193939392921,
        "dvar": 0.00096865213709,
        "dvar2": 0.00266295578331,
        "max": 1,
        "mean": 0.999394059181,
        "median": 1,
        "min": 0,
        "var": 0.000605636625551
    },
    "silence_rate_60dB": {
        "dmean": 0.0147860869765,
        "dmean2": 0.0295757576823,
        "dvar": 0.0145695479587,
        "dvar2": 0.0354918763041,
        "max": 1,
        "mean": 0.0385361127555,
        "median": 0,
        "min": 0,
        "var": 0.0370542109013
    },
    "spectral_centroid": {
        "dmean": 244.269119263,
        "dmean2": 385.195709229,
        "dvar": 77393.265625,
        "dvar2": 155744.0625,
        "max": 5331.98242188,
        "mean": 1458.40869141,
        "median": 1391.81860352,
        "min": 329.280883789,
        "var": 396484.0625
    },
    "spectral_complexity": {
        "dmean": 3.2185189724,
        "dmean2": 5.23199987411,
        "dvar": 9.82218742371,
        "dvar2": 24.3485031128,
        "max": 46,
        "mean": 19.4858207703,
        "median": 20,
        "min": 0,
        "var": 75.0650100708
    },
    "spectral_decrease": {
        "dmean": 1.87089987946e-09,
        "dmean2": 2.97484148426e-09,
        "dvar": 5.73881613531e-18,
        "dvar2": 1.45497893375e-17,
        "max": -3.88798137209e-22,
        "mean": -6.28745411291e-09,
        "median": -5.27081933654e-09,
        "min": -3.35622694081e-08,
        "var": 2.11729070425e-17
    },
    "spectral_energy": {
        "dmean": 0.00743843475357,
        "dmean2": 0.0117758931592,
        "dvar": 8.72632008395e-05,
        "dvar2": 0.000218621600652,
        "max": 0.13316732645,
        "mean": 0.0259777959436,
        "median": 0.0222448334098,
        "min": 6.01070672998e-15,
        "var": 0.000343103165505
    },
    "spectral_energyband_high": {
        "dmean": 0.000530825229362,
        "dmean2": 0.000760565977544,
        "dvar": 2.51384653893e-06,
        "dvar2": 3.80195274374e-06,
        "max": 0.0669354200363,
        "mean": 0.00149991491344,
        "median": 0.000856738013681,
        "min": 4.22960692959e-15,
        "var": 9.09451591724e-06
    },
    "spectral_energyband_low": {
        "dmean": 0.00338532938622,
        "dmean2": 0.00558635452762,
        "dvar": 5.82684806432e-05,
        "dvar2": 0.000162817435921,
        "max": 0.12164465338,
        "mean": 0.00647668587044,
        "median": 0.00295521784574,
        "min": 2.04407724602e-16,
        "var": 9.47582739173e-05
    },
    "spectral_energyband_middle_high": {
        "dmean": 0.00114814157132,
        "dmean2": 0.00188041781075,
        "dvar": 3.13181681122e-06,
        "dvar2": 8.49168554851e-06,
        "max": 0.0542466491461,
        "mean": 0.00418542558327,
        "median": 0.00319277634844,
        "min": 1.33788864607e-15,
        "var": 1.707778938e-05
    },
    "spectral_energyband_middle_low": {
        "dmean": 0.00564551679417,
        "dmean2": 0.00913194380701,
        "dvar": 6.05043642281e-05,
        "dvar2": 0.000155360379722,
        "max": 0.126333475113,
        "mean": 0.0143837304786,
        "median": 0.00992357451469,
        "min": 1.74171493886e-16,
        "var": 0.000202398514375
    },
    "spectral_entropy": {
        "dmean": 0.122822254896,
        "dmean2": 0.193043619394,
        "dvar": 0.0135917337611,
        "dvar2": 0.0318725518882,
        "max": 9.19806671143,
        "mean": 7.82631731033,
        "median": 7.8539648056,
        "min": 6.50807666779,
        "var": 0.101641483605
    },
    "spectral_flux": {
        "dmean": 0.0207801796496,
        "dmean2": 0.0307756457478,
        "dvar": 0.000563003821298,
        "dvar2": 0.00105909293052,
        "max": 0.362995892763,
        "mean": 0.0804198011756,
        "median": 0.0727966353297,
        "min": 3.45958469552e-05,
        "var": 0.00175665621646
    },
    "spectral_kurtosis": {
        "dmean": 0.814870834351,
        "dmean2": 1.37215816975,
        "dvar": 0.8803191185,
        "dvar2": 2.62415313721,
        "max": 16.6336269379,
        "mean": 2.81636834145,
        "median": 2.51441383362,
        "min": -0.667551517487,
        "var": 2.45194840431
    },
    "spectral_rms": {
        "dmean": 0.000673413160257,
        "dmean2": 0.00105486193206,
        "dvar": 4.65454121468e-07,
        "dvar2": 1.10201881398e-06,
        "max": 0.0113982167095,
        "mean": 0.00470172427595,
        "median": 0.00465857004747,
        "min": 2.42159114983e-09,
        "var": 3.23813856085e-06
    },
    "spectral_rolloff": {
        "dmean": 540.320983887,
        "dmean2": 895.386779785,
        "dvar": 829159.875,
        "dvar2": 1822545,
        "max": 15094.7753906,
        "mean": 1617.24768066,
        "median": 1205.859375,
        "min": 64.599609375,
        "var": 2373030
    },
    "spectral_skewness": {
        "dmean": 0.137402772903,
        "dmean2": 0.223292738199,
        "dvar": 0.017230687663,
        "dvar2": 0.0427251011133,
        "max": 2.98008394241,
        "mean": 1.3293441534,
        "median": 1.32143759727,
        "min": -0.0612835325301,
        "var": 0.0985898673534
    },
    "spectral_spread": {
        "dmean": 405948.1875,
        "dmean2": 600187.0625,
        "dvar": 223925436416,
        "dvar2": 418774024192,
        "max": 21285376,
        "mean": 5275399.5,
        "median": 5348470,
        "min": 1783326.875,
        "var": 1.70774075802e+12
    },
    "spectral_strongpeak": {
        "dmean": 0.591008841991,
        "dmean2": 0.98934429884,
        "dvar": 0.772205233574,
        "dvar2": 1.90092051029,
        "max": 18.1827888489,
        "mean": 1.32304263115,
        "median": 0.670548200607,
        "min": 0,
        "var": 2.25344848633
    },
    "zerocrossingrate": {
        "dmean": 0.0105484966189,
        "dmean2": 0.0127649148926,
        "dvar": 0.00017763323558,
        "dvar2": 0.000205844116863,
        "max": 0.53759765625,
        "mean": 0.0723126083612,
        "median": 0.06689453125,
        "min": 0.00537109375,
        "var": 0.00145631097257
    },
    "barkbands": {
        "dmean": [0.000102772224636, 0.00237960671075, 0.00120637670625, 0.000884594279341, 0.00123748043552, 0.000632839510217, 0.00150164426304, 0.00133428501431, 0.00226885499433, 0.000411143060774, 0.000366824737284, 0.000289193674689, 0.000316544232192, 0.000213334424188, 0.000165456382092, 0.000109935303044, 0.000140722549986, 0.000139787895023, 0.000132793051307, 0.000107669096906, 9.77833769866e-05, 0.000181433133548, 0.000177684574737, 9.01841412997e-05, 4.91742648592e-05, 3.04366622004e-05, 5.344683359e-06],
        "dmean2": [0.000145514524775, 0.00383318844251, 0.00216570706107, 0.00158624444157, 0.0020265087951, 0.000986700877547, 0.00232341955416, 0.00208611786366, 0.00360920862295, 0.000675446761306, 0.000596662459429, 0.000478523113998, 0.000533302198164, 0.000369085930288, 0.000272638018942, 0.000184508651728, 0.000233195940382, 0.000233351325733, 0.000217161679757, 0.000175146604306, 0.000153753760969, 0.000272489152849, 0.000265977578238, 0.000137074646773, 7.45215729694e-05, 4.64229451609e-05, 8.55528924149e-06],
        "dvar": [2.92847524008e-08, 2.68104595307e-05, 1.74865726876e-05, 8.33917147247e-06, 5.33773800271e-06, 1.58814373208e-06, 1.70743423951e-05, 1.05376329884e-05, 2.71273001999e-05, 1.33141304559e-06, 6.99040697327e-07, 5.44212582554e-07, 3.40616821859e-07, 1.15181755689e-07, 8.48663148645e-08, 2.85972934222e-08, 5.53608856535e-08, 4.74072869849e-08, 3.8554549775e-08, 5.37942987933e-08, 1.15995028693e-07, 2.99166259765e-07, 2.65530047727e-07, 1.88981815086e-07, 1.83321180458e-08, 3.62043750535e-09, 2.56183796399e-10],
        "dvar2": [5.11052355989e-08, 6.95522830938e-05, 4.92042818223e-05, 2.37694839598e-05, 1.38055129355e-05, 3.80872370442e-06, 3.82081962016e-05, 2.52354857366e-05, 6.91507157171e-05, 3.56072064278e-06, 1.7769925762e-06, 1.45458989209e-06, 9.13921326173e-07, 3.31818881705e-07, 2.23848587666e-07, 7.67008643265e-08, 1.46667034073e-07, 1.28360525764e-07, 9.97986902007e-08, 1.25667739326e-07, 2.248954587e-07, 5.24461142959e-07, 4.70917285611e-07, 3.74711163431e-07, 4.36434604012e-08, 8.37081426397e-09, 6.23993634541e-10],
        "max": [0.00427820114419, 0.078007414937, 0.049050591886, 0.0476057976484, 0.0397664941847, 0.0329960845411, 0.120426639915, 0.0865807682276, 0.108684167266, 0.0258886050433, 0.0236313566566, 0.0250368788838, 0.0192227829248, 0.00605294434354, 0.00580675667152, 0.0027665651869, 0.00514678889886, 0.00407742429525, 0.00443087192252, 0.0100694959983, 0.0184432305396, 0.0313390009105, 0.0199154671282, 0.021356696263, 0.00403955299407, 0.000926156586502, 0.000469521677587],
        "mean": [0.00024763843976, 0.0046587199904, 0.00111594342161, 0.000896993966307, 0.00203398661688, 0.00123650825117, 0.00302027910948, 0.00239356956445, 0.00457150163129, 0.000669651140925, 0.000645345367957, 0.00049952568952, 0.000533463084139, 0.000369466899429, 0.000328225200064, 0.000204738375032, 0.000287052826025, 0.000312927557388, 0.000327318615746, 0.000236774299992, 0.000213576975511, 0.000464246113552, 0.000386101368349, 0.000169347054907, 9.76531155175e-05, 5.12332553626e-05, 6.0389365899e-06],
        "median": [6.82512109051e-05, 0.00162107672077, 0.000312473333906, 0.000158860770171, 0.000827373121865, 0.000623172381893, 0.000640335609205, 0.000635658972897, 0.000709830201231, 0.000241588597419, 0.000264121568762, 0.00022363656899, 0.000297449150821, 0.000219677735004, 0.000144634133903, 0.000125505583128, 0.000159742252436, 0.000178444533958, 0.000214131927351, 0.000150121515617, 0.000107628431579, 0.000170550207258, 0.000172934640432, 7.64456708566e-05, 5.50008189748e-05, 2.73505138466e-05, 3.90989782773e-07],
        "min": [8.47485580485e-17, 1.05096168796e-16, 4.3725799501e-17, 2.26642822541e-17, 1.09818334463e-17, 1.42316606369e-17, 2.51617274662e-17, 4.28149942372e-17, 5.50043873008e-17, 1.38713118108e-17, 7.84033746837e-17, 1.67926875832e-16, 1.21651705683e-16, 4.52867753436e-17, 7.94680686286e-17, 1.86995043312e-16, 1.50066630273e-16, 8.36151419383e-17, 2.74018228931e-16, 2.16494487713e-16, 3.45846675798e-16, 4.5684737892e-16, 4.14101914177e-16, 5.7566333741e-16, 6.1484708155e-16, 9.75935691717e-16, 7.92528071164e-16],
        "var": [1.58599746669e-07, 5.67041279282e-05, 1.10080154627e-05, 6.69571954859e-06, 1.02296116893e-05, 3.67581219507e-06, 6.17821933702e-05, 3.44509753631e-05, 9.5011164376e-05, 2.35603829424e-06, 1.84085956789e-06, 1.36080643642e-06, 5.54413702503e-07, 2.21294101266e-07, 2.55090668588e-07, 6.00754859192e-08, 1.45469982726e-07, 1.47525824445e-07, 1.36493525815e-07, 1.18330113708e-07, 3.86117562812e-07, 1.00109741652e-06, 7.30467661469e-07, 3.99188962774e-07, 3.14051007422e-08, 5.75380276757e-09, 4.50769033211e-10]
    },
    "erbbands": {
        "dmean": [0.0838731825352, 0.523670554161, 1.2537817955, 2.35096430779, 2.92983222008, 4.58995914459, 5.85386371613, 5.8337521553, 14.7325925827, 28.92735672, 31.6769237518, 53.2114601135, 19.2122364044, 12.7999172211, 13.0220718384, 10.5372905731, 13.4438886642, 10.660326004, 10.1664953232, 5.53011369705, 5.5898475647, 8.01137638092, 7.93047380447, 6.44601535797, 6.09112453461, 4.9473400116, 3.8001101017, 4.38652849197, 6.28318452835, 6.60547542572, 4.63582801819, 2.29326415062, 1.38700318336, 0.649961471558, 0.328097879887, 0.150504484773, 0.0563614219427, 0.0116686141118, 0.000757631380111, 2.54906226473e-05],
        "dmean2": [0.126714274287, 0.864263236523, 2.19011998177, 4.19799041748, 5.05224227905, 7.50638484955, 9.00293540955, 9.11713981628, 22.7628955841, 44.3983345032, 50.1153869629, 83.7235031128, 31.148109436, 20.677532196, 21.3297634125, 17.6376724243, 22.6372737885, 18.4228839874, 16.9498844147, 9.22437381744, 9.30103874207, 13.2337913513, 13.3174161911, 10.7441177368, 9.92222213745, 8.02035236359, 6.17406845093, 6.61131048203, 9.53433036804, 9.91178703308, 6.76427125931, 3.42641997337, 2.11381721497, 1.00992298126, 0.499903053045, 0.233043581247, 0.0870339348912, 0.0181221105158, 0.00118212949019, 3.92752153857e-05],
        "dvar": [0.0264390837401, 1.70490562916, 17.7481365204, 60.7056007385, 57.9068527222, 84.2786560059, 133.954498291, 157.731781006, 1489.82446289, 5848.79345703, 5670.88769531, 16854.4707031, 1985.79174805, 1314.60839844, 851.663085938, 689.473327637, 661.251525879, 316.691711426, 316.646331787, 72.1507797241, 80.5450363159, 183.923065186, 157.975631714, 101.994132996, 103.291671753, 132.062683105, 163.463043213, 249.389938354, 388.767974854, 266.693603516, 203.888473511, 172.17666626, 33.797958374, 4.31943130493, 0.615169048309, 0.101297490299, 0.0124707724899, 0.00067806505831, 8.3613786046e-06, 6.26952845195e-09],
        "dvar2": [0.0599061101675, 4.49129724503, 49.1024932861, 171.043807983, 162.05871582, 212.541091919, 311.922790527, 371.080474854, 3249.58520508, 12952.4951172, 13942.6230469, 42192.890625, 5256.5, 3350.04956055, 2235.52856445, 1904.57495117, 1790.57141113, 913.76159668, 848.049926758, 189.723312378, 217.373138428, 487.704437256, 435.409332275, 281.515380859, 258.044891357, 320.92010498, 376.751495361, 393.239898682, 657.141784668, 516.81817627, 339.489074707, 352.535888672, 70.1630935669, 10.1693325043, 1.46160101891, 0.238183781505, 0.0294638201594, 0.00160188495647, 2.03350264201e-05, 1.59879434136e-08],
        "max": [2.21521258354, 21.3111915588, 58.4948959351, 109.64629364, 129.362503052, 228.147201538, 238.551742554, 403.692138672, 1142.21154785, 2072.99975586, 1985.1817627, 3133.29077148, 976.031433105, 1117.90026855, 853.010559082, 932.012023926, 995.78338623, 349.627227783, 362.981140137, 202.00012207, 197.855194092, 311.682281494, 207.683120728, 216.985916138, 293.645812988, 516.460144043, 536.39276123, 1004.43304443, 1189.64331055, 527.825378418, 575.123474121, 688.034790039, 375.799804688, 78.7920074463, 20.8374023438, 6.45003271103, 1.98441398144, 0.654695630074, 0.116762071848, 0.00295440014452],
        "mean": [0.183349892497, 0.844377636909, 1.31343209743, 2.31997990608, 3.72849035263, 7.38861894608, 10.5430107117, 11.6854324341, 29.300786972, 57.2051315308, 62.0131912231, 108.403121948, 37.8303794861, 23.7385692596, 23.9924297333, 20.0951290131, 24.0073375702, 19.9765968323, 21.0701351166, 12.1691160202, 11.9015207291, 17.5445137024, 18.2773399353, 16.419834137, 15.1355752945, 11.0741567612, 8.03997707367, 9.83230400085, 15.8055276871, 16.3975257874, 9.94927501678, 4.37358570099, 2.51434516907, 1.27799761295, 0.605003595352, 0.25057759881, 0.0908422991633, 0.0169252119958, 0.000949724460952, 5.81367021368e-05],
        "median": [0.0561832077801, 0.286827623844, 0.470952510834, 0.547482073307, 1.20205950737, 2.66345977783, 4.19087028503, 6.0991563797, 8.35943126678, 15.0300045013, 17.0423278809, 17.4800510406, 12.7971639633, 9.61650276184, 11.1306791306, 9.55159759521, 13.6999664307, 12.6745529175, 10.8026580811, 7.21067333221, 7.43428516388, 9.92579364777, 10.3977060318, 9.89259338379, 10.4747819901, 7.03802013397, 4.60413265228, 4.60792255402, 6.04610061646, 6.00796556473, 4.72666835785, 1.99765026569, 1.14067530632, 0.682325184345, 0.346862882376, 0.138363480568, 0.0460900366306, 0.00538650946692, 0.000139986048453, 4.10380307585e-05],
        "min": [4.20411970821e-15, 1.97465335099e-14, 4.89381213505e-14, 7.01654310825e-14, 5.90912613437e-14, 2.75263718882e-14, 4.19530268815e-14, 1.45422587275e-13, 2.96199019088e-13, 5.65211885541e-13, 1.11863047037e-12, 1.2908116416e-12, 5.21495932375e-13, 1.34701483908e-12, 4.28104079964e-12, 7.13530536739e-12, 6.06840055636e-12, 1.84947781916e-12, 5.23552859052e-12, 3.81953106296e-12, 1.15986126953e-11, 8.83109904648e-12, 4.85116807836e-12, 9.80967824332e-12, 1.41359736416e-11, 9.70505186632e-12, 1.66768283211e-11, 1.05508874207e-11, 2.0663052866e-11, 1.06430255234e-11, 1.35377707308e-11, 1.17262692612e-11, 9.16799535594e-12, 6.88927994513e-12, 4.27358669286e-12, 3.46085920339e-12, 2.01729171562e-12, 6.11935144484e-13, 1.05617480094e-13, 1.12375818761e-14],
        "var": [0.0850918069482, 2.43707156181, 12.2720174789, 43.6695709229, 61.7465362549, 175.604415894, 319.802062988, 367.770019531, 4532.92919922, 19241.2480469, 17907.0664062, 60575.3476562, 5442.70703125, 2982.25097656, 2044.63134766, 1966.07214355, 1072.08789062, 614.982788086, 926.970336914, 194.906967163, 196.261459351, 508.415283203, 478.584686279, 365.614990234, 335.591888428, 269.428771973, 383.005615234, 946.909362793, 1341.53112793, 834.284301758, 579.709716797, 341.609283447, 76.7008972168, 8.12937450409, 0.946261584759, 0.145571902394, 0.0190232601017, 0.00111462618224, 1.47073787957e-05, 1.03974668875e-08]
    },
    "gfcc": {
        "mean": [13.0996294022, 68.3310928345, -123.830734253, 27.903465271, -73.4783477783, 17.6239204407, -32.9975662231, 13.945643425, -16.4856376648, 7.29392528534, -12.1830215454, 3.11955022812, -15.8593502045],
        "cov": [[4258.34472656, -1014.53271484, 1116.93432617, 113.88079834, -107.591133118, -58.6638298035, -325.982269287, 390.017608643, 134.245071411, 382.0859375, -211.060409546, 434.336730957, -282.865753174], [-1014.53271484, 1226.31750488, 139.500869751, 240.933456421, 204.001800537, -13.0444355011, 103.739646912, -135.106567383, 59.679889679, -95.6420059204, 174.41317749, -104.612556458, 76.3916244507], [1116.93432617, 139.500869751, 1747.69128418, 511.688934326, 306.550231934, 41.4806289673, -208.973556519, 89.6478118896, -75.1356811523, 322.197723389, 8.78629589081, 270.145782471, -132.105743408], [113.88079834, 240.933456421, 511.688934326, 512.814331055, 175.127670288, 95.6071014404, 7.61247110367, 7.88236570358, 55.8215751648, 67.2284622192, 64.7247467041, 39.1649589539, 16.6694316864], [-107.591133118, 204.001800537, 306.550231934, 175.127670288, 335.78894043, 84.9306335449, 52.6274909973, 13.1361398697, 20.6477088928, 68.0295944214, 29.8609275818, 34.4341506958, 18.5727767944], [-58.6638298035, -13.0444355011, 41.4806289673, 95.6071014404, 84.9306335449, 173.752441406, 99.693939209, 46.4590644836, 20.7161979675, 24.2245502472, 15.3451404572, -8.9628944397, 26.5114955902], [-325.982269287, 103.739646912, -208.973556519, 7.61247110367, 52.6274909973, 99.693939209, 252.637069702, 35.7821273804, 102.53692627, -32.5587768555, 30.5218238831, -50.7242660522, 30.0125789642], [390.017608643, -135.106567383, 89.6478118896, 7.88236570358, 13.1361398697, 46.4590644836, 35.7821273804, 191.021148682, 107.43460083, 85.2086868286, -20.3170661926, 53.6552238464, -28.4774723053], [134.245071411, 59.679889679, -75.1356811523, 55.8215751648, 20.6477088928, 20.7161979675, 102.53692627, 107.43460083, 225.85055542, 42.5896530151, 42.3949966431, 12.4157552719, -4.08814668655], [382.0859375, -95.6420059204, 322.197723389, 67.2284622192, 68.0295944214, 24.2245502472, -32.5587768555, 85.2086868286, 42.5896530151, 175.624938965, 20.174446106, 97.7718505859, -35.8371047974], [-211.060409546, 174.41317749, 8.78629589081, 64.7247467041, 29.8609275818, 15.3451404572, 30.5218238831, -20.3170661926, 42.3949966431, 20.174446106, 130.025848389, 17.5580329895, 41.074886322], [434.336730957, -104.612556458, 270.145782471, 39.1649589539, 34.4341506958, -8.9628944397, -50.7242660522, 53.6552238464, 12.4157552719, 97.7718505859, 17.5580329895, 162.348937988, -14.4522066116], [-282.865753174, 76.3916244507, -132.105743408, 16.6694316864, 18.5727767944, 26.5114955902, 30.0125789642, -28.4774723053, -4.08814668655, -35.8371047974, 41.074886322, -14.4522066116, 98.9187469482]],
        "icov": [[0.000592606549617, 0.000254929269431, -0.000217348977458, -7.18471928849e-05, 0.000261246459559, -0.000155318019097, 0.000481869705254, -0.000292229320621, -0.000638628494926, 0.000150845735334, 0.000575434183702, -0.000906382221729, 0.000638703175355], [0.000254929269431, 0.00185315567069, -0.000719082716387, -9.72099587671e-05, -0.000772118393797, 0.00106086104643, -0.00029468658613, 0.000237770364038, -0.000871514028404, 0.00158598681446, -0.00187725003343, 0.00108486611862, -0.000151010055561], [-0.000217348977458, -0.000719082716387, 0.00236643804237, -0.00170793768484, -0.000618743826635, 7.91969650891e-05, 0.000419340503868, -0.000487867422635, 0.00208293180913, -0.00231787725352, 0.000528089469299, -0.00162222923245, 0.00199930230156], [-7.18471928849e-05, -9.72099587671e-05, -0.00170793768484, 0.00440742215142, -0.000391193956602, -0.00226588035002, 0.000883030821569, 0.00139417941682, -0.00261243828572, 0.00134107295889, -0.000710589927621, 0.00101513101254, -0.00151860143524], [0.000261246459559, -0.000772118393797, -0.000618743826635, -0.000391193956602, 0.00518325297162, -0.00165953033138, -0.000733039982151, 0.000711146742105, -0.000364504172467, -0.00180277670734, 0.0018502259627, -0.000910924107302, -0.00108791713137], [-0.000155318019097, 0.00106086104643, 7.91969650891e-05, -0.00226588035002, -0.00165953033138, 0.0120944269001, -0.00515342736617, -0.00356553099118, 0.00382561795413, -0.00126579403877, -0.00156341760885, 0.00252249254845, -0.00245131063275], [0.000481869705254, -0.00029468658613, 0.000419340503868, 0.000883030821569, -0.000733039982151, -0.00515342736617, 0.0088412957266, 7.59090253268e-05, -0.00411304878071, 0.00174205843359, 0.00017124848091, -0.000427643593866, 0.00120246317238], [-0.000292229320621, 0.000237770364038, -0.000487867422635, 0.00139417941682, 0.000711146742105, -0.00356553099118, 7.59090253268e-05, 0.012360512279, -0.00607517454773, -0.00304779387079, 0.00348418625072, -0.00112102681305, -0.000514081271831], [-0.000638628494926, -0.000871514028404, 0.00208293180913, -0.00261243828572, -0.000364504172467, 0.00382561795413, -0.00411304878071, -0.00607517454773, 0.0118796033785, -0.00256486609578, -0.003068969585, 0.000424854893936, 0.00150907493662], [0.000150845735334, 0.00158598681446, -0.00231787725352, 0.00134107295889, -0.00180277670734, -0.00126579403877, 0.00174205843359, -0.00304779387079, -0.00256486609578, 0.0156781580299, -0.0047037168406, -0.00251499097794, 0.0023165314924], [0.000575434183702, -0.00187725003343, 0.000528089469299, -0.000710589927621, 0.0018502259627, -0.00156341760885, 0.00017124848091, 0.00348418625072, -0.003068969585, -0.0047037168406, 0.0151773281395, -0.0039424225688, -0.00376618420705], [-0.000906382221729, 0.00108486611862, -0.00162222923245, 0.00101513101254, -0.000910924107302, 0.00252249254845, -0.000427643593866, -0.00112102681305, 0.000424854893936, -0.00251499097794, -0.0039424225688, 0.0138870701194, -0.00369285279885], [0.000638703175355, -0.000151010055561, 0.00199930230156, -0.00151860143524, -0.00108791713137, -0.00245131063275, 0.00120246317238, -0.000514081271831, 0.00150907493662, 0.0023165314924, -0.00376618420705, -0.00369285279885, 0.0172526892275]]
    },
    "melbands": {
        "dmean": [0.000681270612404, 0.000639803649392, 0.000412509776652, 0.00025126314722, 0.000212960716453, 0.000127355233417, 0.000252695725067, 0.000314973935019, 0.000289627816528, 0.000335472403094, 9.1259884357e-05, 5.31946061528e-05, 4.4311509555e-05, 3.49868423655e-05, 3.01108957501e-05, 3.33684474754e-05, 2.03081381187e-05, 1.83924948942e-05, 1.09656302811e-05, 7.86840882938e-06, 6.79280356053e-06, 9.30062742555e-06, 8.37717834656e-06, 6.11572568232e-06, 5.89926321481e-06, 5.49623791812e-06, 4.451750101e-06, 3.51912035512e-06, 2.53401935879e-06, 2.5812921649e-06, 2.91917717732e-06, 3.75945069209e-06, 4.1935381887e-06, 3.97242411054e-06, 3.09087795358e-06, 2.0237357603e-06, 1.31969227368e-06, 1.07107598524e-06, 7.85018926308e-07, 5.25573625509e-07],
        "dmean2": [0.0010553044267, 0.00108659861144, 0.000729410501663, 0.000419126503402, 0.000330975133693, 0.000198960551643, 0.000391427136492, 0.000486081145937, 0.00046165191452, 0.000527434342075, 0.00014846403792, 8.5848463641e-05, 7.20124371583e-05, 5.79038169235e-05, 5.05747302668e-05, 5.59590262128e-05, 3.52830211341e-05, 3.07914669975e-05, 1.82144649443e-05, 1.32569093694e-05, 1.13056285045e-05, 1.54554054461e-05, 1.38575669553e-05, 1.02813528429e-05, 9.88311876426e-06, 9.00847589946e-06, 7.2858679232e-06, 5.75262174607e-06, 4.16938200942e-06, 4.11909195464e-06, 4.44410943601e-06, 5.83202836424e-06, 6.34213574813e-06, 6.07661013419e-06, 4.65058337795e-06, 3.01676232084e-06, 2.04998059417e-06, 1.66019776771e-06, 1.24455573314e-06, 8.27836856843e-07],
        "dvar": [1.8293442281e-06, 3.73249145014e-06, 1.6564630414e-06, 2.64354412138e-07, 1.73284973926e-07, 7.12572330031e-08, 4.58363956568e-07, 6.01757278673e-07, 5.12635892846e-07, 6.91835339239e-07, 4.78575969964e-08, 2.31701200448e-08, 9.26828214176e-09, 1.10422959665e-08, 3.52947249205e-09, 4.08510869576e-09, 1.19713383651e-09, 9.22948328874e-10, 3.08254394232e-10, 1.53316512264e-10, 1.32844082956e-10, 2.58030763423e-10, 1.82845766306e-10, 9.34869404112e-11, 9.10696865142e-11, 7.45786696288e-11, 7.19177079e-11, 6.67057173387e-11, 6.15123299519e-11, 9.17239270648e-11, 1.28429863966e-10, 1.74871256364e-10, 1.2795632609e-10, 9.04961175441e-11, 7.0925168516e-11, 1.35133473855e-10, 6.05838365586e-11, 2.21303080028e-11, 8.96841021586e-12, 2.35786260308e-12],
        "dvar2": [4.44227725893e-06, 1.02370258901e-05, 4.63180231236e-06, 7.04748231328e-07, 4.11509660125e-07, 1.70519442122e-07, 1.01612533854e-06, 1.37434938097e-06, 1.30262503717e-06, 1.72338093307e-06, 1.27203861666e-07, 5.94827120892e-08, 2.41455584415e-08, 3.01898595012e-08, 8.98576146824e-09, 1.08387592235e-08, 3.4725913256e-09, 2.50767762111e-09, 8.38953073679e-10, 4.04666633536e-10, 3.60315638437e-10, 6.90242363266e-10, 4.88763640671e-10, 2.56403037691e-10, 2.5345997523e-10, 1.92959662138e-10, 1.80407189188e-10, 1.62171359674e-10, 1.4650916591e-10, 1.98875180213e-10, 2.18284335052e-10, 3.13017445297e-10, 2.64290062058e-10, 1.88111803912e-10, 1.2915553349e-10, 3.03166103333e-10, 1.26607599404e-10, 4.57110321817e-11, 2.07556333232e-11, 5.84673975901e-12],
        "max": [0.0178873538971, 0.0314727127552, 0.0180584937334, 0.00980675313622, 0.00915811024606, 0.00794746167958, 0.0177324842662, 0.0185192227364, 0.0138981360942, 0.0212978422642, 0.00492139905691, 0.00430432660505, 0.00245941965841, 0.0037562653888, 0.00127489992883, 0.00218455516733, 0.000699934840668, 0.000589188828599, 0.0002978729608, 0.000232123886235, 0.000251007440966, 0.000354491465259, 0.000336116587278, 0.000250652810792, 0.000191953600734, 0.000214863815927, 0.000262219982687, 0.000354311050614, 0.000338756217388, 0.000603501626756, 0.000743498618249, 0.000868603470735, 0.000499242800288, 0.000302076921798, 0.000326873268932, 0.000735767593142, 0.00040258874651, 0.000316466524964, 0.000142944001709, 4.37894887e-05],
        "mean": [0.00143268611282, 0.000833132129628, 0.000443671859102, 0.000379075383535, 0.000387059699278, 0.000256360741332, 0.000504925206769, 0.000620918755885, 0.000545938208234, 0.000681595352944, 0.000168380414834, 9.21949031181e-05, 7.99634653958e-05, 6.16070901742e-05, 4.96380998811e-05, 5.49732540094e-05, 3.42587736668e-05, 3.50944355887e-05, 2.13455841731e-05, 1.43307315739e-05, 1.31970336952e-05, 1.81493032869e-05, 1.77688216354e-05, 1.36769085657e-05, 1.33095354613e-05, 1.21150733321e-05, 9.37867025641e-06, 6.88803493176e-06, 4.82042423755e-06, 4.99515272168e-06, 5.84812096349e-06, 8.45231170388e-06, 1.01972509583e-05, 8.74546003615e-06, 6.28551515547e-06, 3.59351952284e-06, 2.29745046454e-06, 1.80692791218e-06, 1.42347232668e-06, 9.6702490282e-07],
        "median": [0.00047161403927, 0.00036677744356, 0.000121065429994, 0.000152797598275, 0.000158609414939, 0.000137698225444, 0.000127337654703, 0.000160880561452, 0.000113854446681, 0.00010495207971, 5.24407732883e-05, 3.43842693837e-05, 3.50201989932e-05, 2.72935885732e-05, 2.20051078941e-05, 2.87121001747e-05, 1.96461041924e-05, 1.79205726454e-05, 1.06197294372e-05, 8.44958776725e-06, 7.79516994953e-06, 9.62549347605e-06, 9.83864629234e-06, 7.96189306129e-06, 7.43098917155e-06, 7.6824971984e-06, 5.76751608605e-06, 4.05168975703e-06, 2.72166516879e-06, 2.44188458964e-06, 2.51536084761e-06, 3.16738396577e-06, 3.33154025611e-06, 3.18530715049e-06, 2.8411141102e-06, 1.52103098117e-06, 9.50640810515e-07, 7.63193611419e-07, 6.91586819812e-07, 5.06772380504e-07],
        "min": [3.74357725393e-17, 2.63145227638e-17, 1.21413024371e-17, 3.02804228399e-18, 1.30634131919e-18, 3.23551737959e-18, 4.71170596871e-18, 6.76762781244e-18, 9.70142651411e-18, 7.77252487088e-18, 2.2490416334e-18, 4.54049571193e-18, 1.24355909652e-17, 1.76953437944e-17, 1.92930117147e-17, 8.88311162336e-18, 2.66227335688e-18, 8.68315063644e-18, 4.98103514897e-18, 8.64102977247e-18, 1.40047418339e-17, 9.77114543204e-18, 4.98695941652e-18, 3.83488666118e-18, 7.84628291174e-18, 1.26003248114e-17, 8.40383490464e-18, 4.95940148082e-18, 1.17086687788e-17, 7.02352440674e-18, 4.80471043447e-18, 1.34369361101e-17, 6.67132620476e-18, 5.75242408357e-18, 9.89599676497e-18, 4.31824758418e-18, 8.2402773093e-18, 5.18743242824e-18, 7.34301878243e-18, 5.7454683218e-18],
        "var": [5.10492145622e-06, 3.25757264363e-06, 1.27402972794e-06, 3.99293128339e-07, 4.20794037836e-07, 1.64999377716e-07, 1.52739630721e-06, 2.04050070352e-06, 1.54955580456e-06, 2.54831024904e-06, 1.21627721228e-07, 4.80636828115e-08, 2.38678001807e-08, 2.5938417636e-08, 6.68858568531e-09, 6.68780852919e-09, 2.17283901982e-09, 2.51792364736e-09, 7.88545784225e-10, 3.00409391807e-10, 2.84969436937e-10, 6.21316664784e-10, 5.00067431908e-10, 2.94604840523e-10, 2.77977946217e-10, 2.18901854976e-10, 1.64778315992e-10, 1.31395436198e-10, 1.2318709941e-10, 2.31496044556e-10, 4.07613859332e-10, 5.1094911635e-10, 3.86100179606e-10, 2.4866364523e-10, 1.9075652169e-10, 2.45964831835e-10, 1.04465477935e-10, 4.67099484092e-11, 1.8739527291e-11, 3.76319028023e-12]
    },
    "mfcc": {
        "mean": [-625.051330566, 97.520111084, 1.00029540062, 11.4681663513, -10.2141141891, 2.77583622932, -5.39198827744, 7.05710411072, -3.91914558411, 6.41771554947, 8.82910919189, 0.268938720226, 1.15221786499],
        "cov": [[3260.17578125, -717.988830566, 434.124298096, 72.3589630127, 54.3584442139, -158.774108887, -380.602874756, 130.10723877, 29.6926193237, 115.024765015, 206.096923828, -34.8312225342, 120.618919373], [-717.988830566, 848.604187012, 169.293655396, 166.883102417, 157.562637329, 50.2885169983, 88.0885543823, -30.1876964569, -47.5797462463, -20.9206123352, -4.22468185425, 24.6191558838, 46.3766479492], [434.124298096, 169.293655396, 1127.12023926, 503.343994141, 389.704864502, 133.335357666, 31.064994812, -53.3072395325, -61.4926719666, 1.97756838799, 41.589679718, 71.5233917236, 159.98866272], [72.3589630127, 166.883102417, 503.343994141, 429.274169922, 282.976867676, 127.082344055, 32.2300033569, -0.617824196815, 1.95012140274, 17.1134796143, 34.6128158569, 59.9622612, 85.8969039917], [54.3584442139, 157.562637329, 389.704864502, 282.976867676, 366.430084229, 109.322265625, 57.9756736755, -25.7810306549, 13.8810396194, 5.88967704773, 15.5672426224, 63.8466110229, 70.641418457], [-158.774108887, 50.2885169983, 133.335357666, 127.082344055, 109.322265625, 182.918716431, 112.954719543, 18.9223651886, 36.1909255981, 12.0417575836, 9.82826042175, 40.681930542, 10.5120840073], [-380.602874756, 88.0885543823, 31.064994812, 32.2300033569, 57.9756736755, 112.954719543, 195.951950073, 3.42121171951, 32.8874931335, -6.70102930069, -27.5217151642, 29.3577880859, -17.3180541992], [130.10723877, -30.1876964569, -53.3072395325, -0.617824196815, -25.7810306549, 18.9223651886, 3.42121171951, 146.870361328, 68.0696868896, 67.4721603394, 64.5910797119, -1.3243073225, 15.8896722794], [29.6926193237, -47.5797462463, -61.4926719666, 1.95012140274, 13.8810396194, 36.1909255981, 32.8874931335, 68.0696868896, 135.059509277, 70.5198287964, 55.9736061096, 12.4196043015, -13.667971611], [115.024765015, -20.9206123352, 1.97756838799, 17.1134796143, 5.88967704773, 12.0417575836, -6.70102930069, 67.4721603394, 70.5198287964, 123.989852905, 83.2075119019, 23.9459934235, 21.3651866913], [206.096923828, -4.22468185425, 41.589679718, 34.6128158569, 15.5672426224, 9.82826042175, -27.5217151642, 64.5910797119, 55.9736061096, 83.2075119019, 140.583862305, 36.0497817993, 44.7574310303], [-34.8312225342, 24.6191558838, 71.5233917236, 59.9622612, 63.8466110229, 40.681930542, 29.3577880859, -1.3243073225, 12.4196043015, 23.9459934235, 36.0497817993, 90.8176345825, 48.6400680542], [120.618919373, 46.3766479492, 159.98866272, 85.8969039917, 70.641418457, 10.5120840073, -17.3180541992, 15.8896722794, -13.667971611, 21.3651866913, 44.7574310303, 48.6400680542, 114.604598999]],
