{
"lowlevel": {
    "average_loudness": 0.766166508198,
    "barkbands_crest": {
        "dmean": 2.69045209885,
        "dmean2": 4.34377479553,
        "dvar": 6.0873837471,
        "dvar2": 14.6321525574,
        "max": 25.3965873718,
        "mean": 11.3498792648,
        "median": 10.5516014099,
        "min": 2.40107989311,
        "var": 22.353143692
    },
    "barkbands_flatness_db": {
        "dmean": 0.0227000918239,
        "dmean2": 0.0333639495075,
        "dvar": 0.00041738897562,
        "dvar2": 0.000876991718542,
        "max": 0.476559072733,
        "mean": 0.163211792707,
        "median": 0.159976303577,
        "min": 0.0321891084313,
        "var": 0.0033729756251
    },
    "barkbands_kurtosis": {
        "dmean": 3.03947520256,
        "dmean2": 4.6790804863,
        "dvar": 41.0300445557,
        "dvar2": 82.2437591553,
        "max": 222.944351196,
        "mean": 5.80351924896,
        "median": 2.93111014366,
        "min": -1.87295413017,
        "var": 136.216171265
    },
    "barkbands_skewness": {
        "dmean": 0.525391161442,
        "dmean2": 0.796418428421,
        "dvar": 0.346694618464,
        "dvar2": 0.715626239777,
        "max": 13.0914173126,
        "mean": 1.690579772,
        "median": 1.49603247643,
        "min": -4.21309566498,
        "var": 1.77337944508
    },
    "barkbands_spread": {
        "dmean": 4.86104631424,
        "dmean2": 7.33416223526,
        "dvar": 53.4716567993,
        "dvar2": 104.023406982,
        "max": 121.06161499,
        "mean": 18.2742481232,
        "median": 14.1427869797,
        "min": 0.449543654919,
        "var": 206.028671265
    },
    "dissonance": {
        "dmean": 0.0217137876898,
        "dmean2": 0.0367285870016,
        "dvar": 0.000432769913459,
        "dvar2": 0.0011475731153,
        "max": 0.500000059605,
        "mean": 0.458515077829,
        "median": 0.467236697674,
        "min": 0.278557896614,
        "var": 0.00116088963114
    },
    "dynamic_complexity": 2.67478346825,
    "erbbands_crest": {
        "dmean": 2.6945245266,
        "dmean2": 4.39356660843,
        "dvar": 6.09734201431,
        "dvar2": 15.2404994965,
        "max": 32.4544754028,
        "mean": 10.0791540146,
        "median": 8.98034858704,
        "min": 2.17411136627,
        "var": 24.3908920288
    },
    "erbbands_flatness_db": {
        "dmean": 0.0177246890962,
        "dmean2": 0.0258376505226,
        "dvar": 0.000263285328401,
        "dvar2": 0.000523490016349,
        "max": 0.423218160868,
        "mean": 0.182245180011,
        "median": 0.174383223057,
        "min": 0.0498276986182,
        "var": 0.00377650372684
    },
    "erbbands_kurtosis": {
        "dmean": 1.29864764214,
        "dmean2": 2.05711770058,
        "dvar": 4.0525970459,
        "dvar2": 9.93222618103,
        "max": 41.7067070007,
        "mean": 1.84526348114,
        "median": 0.783718347549,
        "min": -1.83058261871,
        "var": 13.2490577698
    },
    "erbbands_skewness": {
        "dmean": 0.375472694635,
        "dmean2": 0.57429754734,
        "dvar": 0.154696524143,
        "dvar2": 0.310482561588,
        "max": 4.58469820023,
        "mean": 0.896558940411,
        "median": 0.896618962288,
        "min": -5.71786689758,
        "var": 0.789420247078
    },
    "erbbands_spread": {
        "dmean": 7.19251775742,
        "dmean2": 10.9347658157,
        "dvar": 75.6413269043,
        "dvar2": 165.9115448,
        "max": 130.339004517,
        "mean": 34.223323822,
        "median": 30.3822059631,
        "min": 3.808396101,
        "var": 392.739532471
    },
    "hfc": {
        "dmean": 5.94360113144,
        "dmean2": 8.6568441391,
        "dvar": 89.5971221924,
        "dvar2": 182.310516357,
        "max": 214.755828857,
        "mean": 21.7372550964,
        "median": 16.6111049652,
        "min": 1.18086027847e-16,
        "var": 358.544464111
    },
    "melbands_crest": {
        "dmean": 3.59002804756,
        "dmean2": 5.72170305252,
        "dvar": 10.761920929,
        "dvar2": 25.789396286,
        "max": 38.4849357605,
        "mean": 15.9190654755,
        "median": 14.5474834442,
        "min": 2.27070331573,
        "var": 47.3033180237
    },
    "melbands_flatness_db": {
        "dmean": 0.0237384494394,
        "dmean2": 0.035558603704,
        "dvar": 0.000535864033736,
        "dvar2": 0.00113560422324,
        "max": 0.552548348904,
        "mean": 0.201516777277,
        "median": 0.199894815683,
        "min": 0.00545626226813,
        "var": 0.00374469393864
    },
    "melbands_kurtosis": {
        "dmean": 7.51540231705,
        "dmean2": 11.5136909485,
        "dvar": 547.356811523,
        "dvar2": 1122.00146484,
        "max": 1143.40197754,
        "mean": 15.6139211655,
        "median": 7.40392780304,
        "min": -1.80809891224,
        "var": 1699.27075195
    },
    "melbands_skewness": {
        "dmean": 0.70474088192,
        "dmean2": 1.07819879055,
        "dvar": 0.751806080341,
        "dvar2": 1.56613755226,
        "max": 27.0944595337,
        "mean": 2.52726411819,
        "median": 2.14421272278,
        "min": -1.70836448669,
        "var": 4.00660562515
    },
    "melbands_spread": {
        "dmean": 6.26431703568,
        "dmean2": 9.55577278137,
        "dvar": 152.270019531,
        "dvar2": 298.742553711,
        "max": 280.523010254,
        "mean": 20.6781196594,
        "median": 15.7939558029,
        "min": 0.189086452127,
        "var": 463.581054688
    },
    "pitch_salience": {
        "dmean": 0.071027778089,
        "dmean2": 0.113935321569,
        "dvar": 0.00434635858983,
        "dvar2": 0.0103477640077,
        "max": 0.90626847744,
        "mean": 0.555911660194,
        "median": 0.567107141018,
        "min": 0.0546588338912,
        "var": 0.0195633806288
    },
    "silence_rate_20dB": {
        "dmean": 0,
        "dmean2": 0,
        "dvar": 0,
        "dvar2": 0,
        "max": 1,
        "mean": 1,
        "median": 1,
        "min": 1,
        "var": 0
    },
    "silence_rate_30dB": {
        "dmean": 0.00405485974625,
        "dmean2": 0.00811068713665,
        "dvar": 0.00403839116916,
        "dvar2": 0.0106692453846,
        "max": 1,
        "mean": 0.996303379536,
        "median": 1,
        "min": 0,
        "var": 0.00368275051005
    },
    "silence_rate_60dB": {
        "dmean": 0.010494931601,
        "dmean2": 0.0208730921149,
        "dvar": 0.0103834765032,
        "dvar2": 0.0237799715251,
        "max": 1,
        "mean": 0.0280228946358,
        "median": 0,
        "min": 0,
        "var": 0.0272344313562
    },
    "spectral_centroid": {
        "dmean": 224.382110596,
        "dmean2": 339.989776611,
        "dvar": 112230.273438,
        "dvar2": 202572.53125,
        "max": 6211.22949219,
        "mean": 1213.64953613,
        "median": 1051.79968262,
        "min": 264.922485352,
        "var": 454249.15625
    },
    "spectral_complexity": {
        "dmean": 2.91425156593,
        "dmean2": 4.68618774414,
        "dvar": 8.74728488922,
        "dvar2": 18.9313907623,
        "max": 50,
        "mean": 17.5382785797,
        "median": 17,
        "min": 0,
        "var": 55.3411865234
    },
    "spectral_decrease": {
        "dmean": 2.10991757399e-09,
        "dmean2": 3.28266014371e-09,
        "dvar": 6.7824856306e-18,
        "dvar2": 1.60540669122e-17,
        "max": -9.211509868e-29,
        "mean": -7.50213136058e-09,
        "median": -6.19149975734e-09,
        "min": -3.58511016429e-08,
        "var": 2.95341959124e-17
    },
    "spectral_energy": {
        "dmean": 0.00831879023463,
        "dmean2": 0.0129284020513,
        "dvar": 0.00010183158156,
        "dvar2": 0.000241657879087,
        "max": 0.141120389104,
        "mean": 0.0302865169942,
        "median": 0.0252794697881,
        "min": 1.10584047414e-20,
        "var": 0.000454285705928
    },
    "spectral_energyband_high": {
        "dmean": 0.00039898607065,
        "dmean2": 0.000552270095795,
        "dvar": 1.28788815346e-06,
        "dvar2": 2.41832049142e-06,
        "max": 0.0236467458308,
        "mean": 0.000887390458956,
        "median": 0.000427513674367,
        "min": 7.37143941581e-21,
        "var": 3.04316927213e-06
    },
    "spectral_energyband_low": {
        "dmean": 0.00405393075198,
        "dmean2": 0.00632216176018,
        "dvar": 5.887910811e-05,
        "dvar2": 0.000137203081977,
        "max": 0.0879029259086,
        "mean": 0.00944398995489,
        "median": 0.00203706603497,
        "min": 1.58506162474e-22,
        "var": 0.000204711293918
    },
    "spectral_energyband_middle_high": {
        "dmean": 0.00207789149135,
        "dmean2": 0.00326935155317,
        "dvar": 1.48455001181e-05,
        "dvar2": 3.74054070562e-05,
        "max": 0.0849314332008,
        "mean": 0.00646641571075,
        "median": 0.00313800666481,
        "min": 1.82335406269e-21,
        "var": 7.19773161109e-05
    },
    "spectral_energyband_middle_low": {
        "dmean": 0.00547117134556,
        "dmean2": 0.00861517898738,
        "dvar": 5.91210773564e-05,
        "dvar2": 0.000139863201184,
        "max": 0.0991665348411,
        "mean": 0.0143815902993,
        "median": 0.0107006989419,
        "min": 4.75830043303e-22,
        "var": 0.000176603352884
    },
    "spectral_entropy": {
        "dmean": 0.138431146741,
        "dmean2": 0.208030238748,
        "dvar": 0.0199493654072,
        "dvar2": 0.0394204594195,
        "max": 8.7875919342,
        "mean": 7.6134724617,
        "median": 7.61908912659,
        "min": 6.18871688843,
        "var": 0.137814477086
    },
    "spectral_flux": {
        "dmean": 0.0234195366502,
        "dmean2": 0.0375267118216,
        "dvar": 0.00068028253736,
        "dvar2": 0.00159620761406,
        "max": 0.339193820953,
        "mean": 0.0859259366989,
        "median": 0.0792303457856,
        "min": 4.8316167522e-05,
        "var": 0.00192611373495
    },
    "spectral_kurtosis": {
        "dmean": 1.16686189175,
        "dmean2": 1.97364163399,
        "dvar": 1.50547754765,
        "dvar2": 4.26717090607,
        "max": 23.1254425049,
        "mean": 3.26353287697,
        "median": 3.01045775414,
        "min": -1.44530153275,
        "var": 3.83168649673
    },
    "spectral_rms": {
        "dmean": 0.000718865427189,
        "dmean2": 0.00110836082604,
        "dvar": 5.61190006465e-07,
        "dvar2": 1.28638339447e-06,
        "max": 0.0117336455733,
        "mean": 0.00509038567543,
        "median": 0.00496617518365,
        "min": 3.28461368347e-12,
        "var": 3.63580511475e-06
    },
    "spectral_rolloff": {
        "dmean": 419.342590332,
        "dmean2": 670.786071777,
        "dvar": 1046791.6875,
        "dvar2": 1861807.875,
        "max": 19358.3496094,
        "mean": 1422.69628906,
        "median": 925.927734375,
        "min": 43.06640625,
        "var": 3403954
    },
    "spectral_skewness": {
        "dmean": 0.182624727488,
        "dmean2": 0.28996360302,
        "dvar": 0.0296104736626,
        "dvar2": 0.0668942630291,
        "max": 3.53349542618,
        "mean": 1.44769728184,
        "median": 1.47421002388,
        "min": -0.587271809578,
        "var": 0.152012363076
    },
    "spectral_spread": {
        "dmean": 488080.90625,
        "dmean2": 682470.875,
        "dvar": 603353579520,
        "dvar2": 758751428608,
        "max": 44019692,
        "mean": 4809357,
        "median": 4624237.5,
        "min": 1716485,
        "var": 3.21857440973e+12
    },
    "spectral_strongpeak": {
        "dmean": 0.577466011047,
        "dmean2": 0.964843213558,
        "dvar": 1.38235616684,
        "dvar2": 3.68943977356,
        "max": 27.9059429169,
        "mean": 1.26536488533,
        "median": 0.658212542534,
        "min": 0,
        "var": 3.14883065224
    },
    "zerocrossingrate": {
        "dmean": 0.0103554055095,
        "dmean2": 0.0116690136492,
        "dvar": 0.000300060812151,
        "dvar2": 0.000295724661555,
        "max": 0.482421875,
        "mean": 0.0601210705936,
        "median": 0.0498046875,
        "min": 0.00146484375,
        "var": 0.00235666311346
    },
    "barkbands": {
        "dmean": [0.000447816884844, 0.00339765287936, 0.00110733625479, 0.000955422292463, 0.00190189038403, 0.00108589220326, 0.000865319743752, 0.000675202929415, 0.002055732999, 0.00138301670086, 0.000678793352563, 0.000376180250896, 0.000338983722031, 0.0003347620368, 0.000213128019823, 0.000119246753457, 0.000121096134535, 9.34417039389e-05, 7.56946828915e-05, 9.30734968279e-05, 0.000114363923785, 0.000126800819999, 5.79845254833e-05, 4.63411852252e-05, 8.00283451099e-05, 3.19870814565e-05, 2.27251757678e-06],
        "dmean2": [0.000692458765116, 0.0053227157332, 0.00194589735474, 0.00170953851193, 0.003085200442, 0.00176372716669, 0.00136304832995, 0.00106858625077, 0.00321867573075, 0.00223098206334, 0.00111098459456, 0.000629302638117, 0.000561851600651, 0.000547215284314, 0.000342562212609, 0.000188118516235, 0.000199579342734, 0.000150862077135, 0.000120821940072, 0.000142615856021, 0.000176937304786, 0.0001899193594, 8.76644335221e-05, 6.885187031e-05, 0.000118074043712, 4.45001496701e-05, 3.51180756297e-06],
        "dvar": [1.17513957321e-06, 5.10127465532e-05, 9.77380113909e-06, 1.04398050098e-05, 1.16739274745e-05, 7.81771723268e-06, 4.24830568591e-06, 3.10744917442e-06, 2.02346909646e-05, 1.34122474265e-05, 2.02497540158e-06, 8.00286215963e-07, 5.36579705113e-07, 6.83363339249e-07, 5.05052412336e-07, 1.0828862429e-07, 4.93004570501e-08, 3.22491686688e-08, 4.33330846761e-08, 9.48463707573e-08, 2.57564465755e-07, 1.27229611735e-07, 1.60878368405e-08, 2.24732215059e-08, 1.94329132341e-07, 3.4851538544e-08, 2.79611417353e-10],
        "dvar2": [2.83302324533e-06, 0.000120955694001, 2.74823814834e-05, 2.95254976663e-05, 2.93974244414e-05, 1.93417527043e-05, 9.95736263576e-06, 7.27179713067e-06, 4.52118329122e-05, 3.38141617249e-05, 5.11861389896e-06, 1.93639198187e-06, 1.28404940369e-06, 1.63892912042e-06, 1.145531769e-06, 2.23686001277e-07, 1.26723847416e-07, 7.73788997321e-08, 9.73831717488e-08, 1.95378760282e-07, 5.87774593441e-07, 2.45759963491e-07, 3.40858612446e-08, 3.90807208817e-08, 4.69724767527e-07, 6.18090396642e-08, 6.49884701609e-10],
        "max": [0.0234453491867, 0.0751473605633, 0.0403670072556, 0.053613640368, 0.0538086742163, 0.073843896389, 0.0456569455564, 0.0441878177226, 0.0943168699741, 0.0819868519902, 0.0435871556401, 0.0323604270816, 0.0276556331664, 0.0304081495851, 0.0447799377143, 0.0161101259291, 0.00334972213022, 0.00538716092706, 0.00830263178796, 0.0111153125763, 0.0150905260816, 0.0113679654896, 0.0034821445588, 0.00883461441845, 0.016794225201, 0.0061197495088, 0.000860717031173],
        "mean": [0.00119695893954, 0.00680671399459, 0.00109057151712, 0.000824131944682, 0.00366495735943, 0.00191687443294, 0.00146981526632, 0.0011082458077, 0.0043103271164, 0.00269648618996, 0.00113618269097, 0.000676056486554, 0.000620590755716, 0.000600576226134, 0.000431828637375, 0.000213748688111, 0.000220807327423, 0.000188527832506, 0.000143927274621, 0.00016379855515, 0.000175994136953, 0.000253002799582, 0.000116866103781, 8.08491386124e-05, 0.000129037085571, 4.66961464554e-05, 2.89311810775e-06],
        "median": [1.99819824047e-05, 0.000885443820152, 0.000317868310958, 0.000183519528946, 0.0012355359504, 0.000713933142833, 0.000535173690878, 0.000391279201722, 0.000927856715862, 0.000504528405145, 0.000442757154815, 0.000273809651844, 0.00023287552176, 0.000207736040466, 0.000149041821714, 9.27733563003e-05, 0.000118227195344, 0.000106962557766, 7.73628489696e-05, 8.65844776854e-05, 6.3945997681e-05, 0.000123818899738, 6.19180354988e-05, 3.09192182613e-05, 2.09791869565e-05, 2.74512376564e-06, 2.46169507001e-09],
        "min": [3.34142105028e-23, 8.31187647298e-23, 4.77491447479e-23, 1.60425814466e-23, 9.38747127786e-23, 7.64738674699e-23, 7.61907863118e-23, 1.06435044464e-22, 9.17323243322e-23, 1.23691521916e-22, 5.09688395117e-23, 1.23576259871e-22, 1.20282557333e-22, 1.26036559263e-22, 3.52603406585e-22, 1.82779046496e-22, 1.4096501352e-22, 1.74057046918e-22, 1.99790674145e-22, 4.71688738121e-22, 3.1782541966e-22, 6.20521724092e-22, 7.59578741829e-22, 7.07217259897e-22, 9.84119857456e-22, 1.68768604189e-21, 2.28929504666e-21],
        "var": [7.39152528695e-06, 0.000140217409353, 7.29021257939e-06, 6.86005387251e-06, 2.91697579087e-05, 1.58325492521e-05, 8.36871095089e-06, 5.63066532777e-06, 8.87452915777e-05, 4.75066008221e-05, 4.13390398535e-06, 1.54134806962e-06, 1.17672732358e-06, 1.55053680828e-06, 2.85231089947e-06, 2.47952669952e-07, 8.73469616636e-08, 6.66376820391e-08, 6.86247503268e-08, 1.46414151914e-07, 3.4138315641e-07, 2.39900913357e-07, 3.4718286912e-08, 5.05188744171e-08, 4.01554274276e-07, 7.97587986767e-08, 7.08745451217e-10]
    },
    "erbbands": {
        "dmean": [0.155840441585, 0.613639712334, 1.10572171211, 2.4285504818, 4.53156423569, 7.69851255417, 6.84180116653, 10.5082778931, 11.4385414124, 13.8100662231, 16.520242691, 48.8351821899, 50.1182136536, 28.3661594391, 22.8241577148, 13.9208831787, 14.3745384216, 16.3894729614, 11.7920103073, 8.66888237, 5.68366384506, 6.55357933044, 5.49086856842, 3.51842713356, 4.09734249115, 4.5344119072, 3.72443199158, 5.21698951721, 4.87700366974, 3.18205666542, 1.41773283482, 1.07425117493, 0.774194061756, 1.04431211948, 0.468144536018, 0.173538342118, 0.0639929324389, 0.0081005897373, 0.000437892915215, 2.41292764258e-05],
        "dmean2": [0.233411312103, 0.977449715137, 1.85218024254, 4.32466650009, 7.67858791351, 12.4165658951, 10.6992712021, 16.9737968445, 17.943944931, 21.8057575226, 25.5858802795, 76.1580657959, 79.93800354, 45.752532959, 37.4804382324, 23.1652622223, 23.8326263428, 26.5428504944, 19.0933151245, 13.5855493546, 8.92123508453, 10.7658567429, 8.80988025665, 5.66152000427, 6.45623826981, 6.99875879288, 5.68145895004, 8.00004005432, 7.37825489044, 4.77458047867, 2.16653895378, 1.62866902351, 1.15392374992, 1.57571768761, 0.692972183228, 0.251361012459, 0.0906407162547, 0.0115905450657, 0.000658219389152, 3.59650221071e-05],
        "dvar": [0.122236944735, 1.94930422306, 7.98374986649, 64.5875854492, 102.493309021, 220.073684692, 238.849624634, 872.427856445, 1010.22540283, 1016.12976074, 2288.00268555, 13286.3945312, 12912.0996094, 4271.15917969, 2546.80029297, 936.186035156, 1103.31958008, 1678.91784668, 796.147705078, 971.930053711, 141.94871521, 147.48550415, 113.533760071, 66.2365875244, 142.663528442, 251.660888672, 260.691345215, 530.444763184, 215.197174072, 63.4440307617, 8.92602062225, 9.09042549133, 8.39699172974, 33.5453681946, 6.6675825119, 1.45849108696, 0.195843830705, 0.00274928822182, 1.48681529026e-05, 2.86600450039e-08],
        "dvar2": [0.264634013176, 4.75887584686, 21.3264560699, 181.465072632, 275.997955322, 545.57208252, 547.823242188, 2152.67285156, 2343.8581543, 2453.28271484, 5315.96777344, 29201.6367188, 31673.9433594, 10845.0302734, 6344.3359375, 2400.68188477, 2538.06420898, 3905.37036133, 1786.79943848, 2111.59472656, 313.165008545, 387.133605957, 278.541687012, 145.267471313, 301.557983398, 534.502929688, 580.284790039, 1221.41479492, 440.83605957, 134.101425171, 18.0759716034, 17.7042236328, 15.0613775253, 78.480178833, 16.3172473907, 3.56345081329, 0.424739539623, 0.00547686172649, 3.61604252248e-05, 7.19848571862e-08],
        "max": [4.20792102814, 16.9882297516, 44.902973175, 101.185287476, 146.613479614, 259.151306152, 400.924621582, 906.822937012, 982.741027832, 836.255187988, 1414.08337402, 2647.70629883, 3074.11767578, 1640.34985352, 1969.54040527, 1119.88195801, 1511.76135254, 1562.72900391, 1405.55102539, 1999.7454834, 457.489776611, 221.548416138, 326.934356689, 360.27734375, 539.782104492, 575.301513672, 479.338897705, 843.96270752, 452.596862793, 256.614990234, 89.2887649536, 158.766647339, 134.207672119, 277.20513916, 111.240135193, 57.8362503052, 15.1820631027, 2.37836790085, 0.227544039488, 0.0111477524042],
        "mean": [0.324280053377, 1.01039886475, 1.30627703667, 2.2797472477, 6.04304599762, 14.4118595123, 13.5918073654, 18.3147144318, 19.314617157, 24.364572525, 30.5638103485, 104.793762207, 102.153320312, 55.5807380676, 42.5773544312, 27.4469223022, 28.6772632599, 32.0158729553, 24.9802265167, 18.4634094238, 11.6743154526, 12.6750831604, 11.3958263397, 7.33893251419, 7.72213172913, 7.84513711929, 6.24003791809, 8.1035451889, 9.26165008545, 6.36891651154, 2.92062568665, 1.90562200546, 1.30021417141, 1.70816516876, 0.70130610466, 0.240241631866, 0.0859096571803, 0.0106285046786, 0.000641709426418, 5.98440783506e-05],
        "median": [0.016437843442, 0.194497182965, 0.445662111044, 0.696218729019, 2.10278892517, 3.94071936607, 4.38692855835, 7.02802753448, 7.84881591797, 10.1925945282, 12.5315284729, 21.8401641846, 23.7257213593, 16.2864227295, 17.9100513458, 11.6142425537, 11.8395061493, 12.0700283051, 9.57174110413, 7.35845279694, 5.54738330841, 7.00573301315, 6.53924465179, 4.29922580719, 4.17130613327, 4.05661773682, 2.66447877884, 2.996322155, 4.34302711487, 3.26542782784, 1.57782649994, 0.849694132805, 0.38269841671, 0.265148222446, 0.112901121378, 0.0195238813758, 0.0038940240629, 0.000285395013634, 2.88438604912e-05, 3.44220170518e-05],
        "min": [3.95058269771e-21, 1.34765590179e-20, 3.80286851592e-20, 7.14757784643e-20, 1.35369270467e-19, 2.80895233182e-19, 5.13679315492e-19, 7.49468906859e-19, 9.50248957679e-19, 2.35288692147e-18, 1.81065762223e-18, 1.88181831597e-18, 2.40348804108e-18, 3.98322868275e-18, 3.26801606509e-18, 5.21918789195e-18, 4.7512873882e-18, 8.01774835373e-18, 1.82948611413e-17, 9.37926944402e-18, 1.18724786642e-17, 8.44556699373e-18, 9.37737354606e-18, 8.56746777342e-18, 1.50688319369e-17, 1.93390757486e-17, 1.67283812388e-17, 1.25276015735e-17, 2.07227222659e-17, 2.28788429788e-17, 2.17685713821e-17, 1.80291128259e-17, 1.08787187656e-17, 1.08138603609e-17, 6.9466379688e-18, 6.34331517747e-18, 2.88644902225e-18, 1.27999551328e-18, 2.99147335289e-19, 3.46535782337e-20],
        "var": [0.368459224701, 3.66427135468, 7.73519039154, 43.4497756958, 115.501014709, 554.161560059, 784.738220215, 1702.22473145, 1773.63293457, 1751.484375, 4703.22851562, 63641.4609375, 48824.9882812, 12086.2060547, 6071.53759766, 1961.37231445, 2348.71411133, 4328.10839844, 2982.22509766, 4426.22070312, 374.248962402, 262.851867676, 240.502716064, 122.34387207, 231.639343262, 360.780944824, 353.545288086, 694.863708496, 371.294464111, 119.457443237, 20.4886379242, 17.2139263153, 18.7417888641, 83.9313354492, 10.8086633682, 1.98988497257, 0.365949898958, 0.00509368348867, 3.79658049496e-05, 7.91309275883e-08]
    },
    "gfcc": {
        "mean": [-6.422123909, 88.9805831909, -137.831985474, 23.5134143829, -80.6406784058, 19.4053249359, -33.0560569763, 4.55303144455, -17.3799171448, -2.82273173332, -14.7198762894, -1.34432935715, -5.3977432251],
        "cov": [[3313.44677734, -459.63369751, 1168.97631836, 126.042663574, 278.204101562, 326.611419678, -155.013214111, 437.929992676, -164.998840332, 450.484649658, -126.981063843, 376.441009521, -96.7957687378], [-459.63369751, 1817.16796875, 508.650268555, 558.445678711, 216.16607666, 49.8371658325, 183.658630371, -188.69430542, 276.622467041, -121.465011597, 256.408203125, -33.5185966492, 87.0863342285], [1168.97631836, 508.650268555, 2350.95922852, 823.451660156, 456.828125, 213.08895874, -173.229553223, 135.127304077, -25.5606365204, 387.625, 9.52081298828, 364.503173828, -57.2135543823], [126.042663574, 558.445678711, 823.451660156, 760.073974609, 220.205429077, 76.3845596313, 6.38580226898, -22.3261604309, 103.718322754, 78.6848907471, 105.4270401, 81.7029342651, 56.3082923889], [278.204101562, 216.16607666, 456.828125, 220.205429077, 382.000335693, 203.661682129, 135.114105225, 140.322860718, 69.4497451782, 140.632095337, 71.0710449219, 93.416015625, 6.78836202621], [326.611419678, 49.8371658325, 213.08895874, 76.3845596313, 203.661682129, 307.691101074, 174.647888184, 170.936981201, 43.0907096863, 108.808677673, 62.3024520874, 39.8818626404, 28.0168209076], [-155.013214111, 183.658630371, -173.229553223, 6.38580226898, 135.114105225, 174.647888184, 357.370361328, 85.1056900024, 94.7924346924, 7.64292192459, 95.634803772, -32.1826248169, 34.3056564331], [437.929992676, -188.69430542, 135.127304077, -22.3261604309, 140.322860718, 170.936981201, 85.1056900024, 250.001724243, 28.8229084015, 126.203849792, 17.2879581451, 60.1937561035, 14.4981880188], [-164.998840332, 276.622467041, -25.5606365204, 103.718322754, 69.4497451782, 43.0907096863, 94.7924346924, 28.8229084015, 193.440933228, 1.07708632946, 97.845199585, -6.95672416687, 60.13722229], [450.484649658, -121.465011597, 387.625, 78.6848907471, 140.632095337, 108.808677673, 7.64292192459, 126.203849792, 1.07708632946, 223.590270996, 18.7802619934, 116.11050415, -13.0722141266], [-126.981063843, 256.408203125, 9.52081298828, 105.4270401, 71.0710449219, 62.3024520874, 95.634803772, 17.2879581451, 97.845199585, 18.7802619934, 161.981506348, 4.5324921608, 59.9228210449], [376.441009521, -33.5185966492, 364.503173828, 81.7029342651, 93.416015625, 39.8818626404, -32.1826248169, 60.1937561035, -6.95672416687, 116.11050415, 4.5324921608, 167.817016602, -1.90442967415], [-96.7957687378, 87.0863342285, -57.2135543823, 56.3082923889, 6.78836202621, 28.0168209076, 34.3056564331, 14.4981880188, 60.13722229, -13.0722141266, 59.9228210449, -1.90442967415, 104.743148804]],
        "icov": [[0.000628855777904, -0.000153858869453, 2.23027436732e-05, -9.36824144446e-05, 0.000292000389891, -0.000458206690382, 0.000378016120521, -0.000909901282284, 0.000417870818637, -0.000418155192165, 0.000412935798522, -0.000799694564193, 0.000334501819452], [-0.000153858869453, 0.00148568721488, -0.000574154080823, -6.98586445651e-05, -0.000557610706892, 2.16426433326e-05, -0.000527328287717, 0.00154857244343, -0.00139005342498, 0.00147801311687, -0.0014060913818, 0.00053086457774, 0.000131835287903], [2.23027436732e-05, -0.000574154080823, 0.00169724540319, -0.00126532069407, -0.000294912228128, -0.000647001899779, 0.00102164957207, -0.000362329621566, 0.000784705334809, -0.00136556755751, 0.000874870747793, -0.00162782683037, 0.000861928914674], [-9.36824144446e-05, -6.98586445651e-05, -0.00126532069407, 0.00318759051152, -0.000855289690662, 0.000329265283654, -0.000137687427923, 0.00118721683975, -0.000817536318209, 0.000354263931513, -0.000732739106752, 0.0010604650015, -0.00163305026945], [0.000292000389891, -0.000557610706892, -0.000294912228128, -0.000855289690662, 0.00648575462401, -0.00201979698613, -0.000959144381341, -0.00187708693556, -0.000286589143798, -0.00121513195336, 0.000134933856316, -0.00150662509259, 0.00163434084971], [-0.000458206690382, 2.16426433326e-05, -0.000647001899779, 0.000329265283654, -0.00201979698613, 0.00894467812032, -0.00309985713102, -0.00293044839054, 0.00118636479601, -0.000543962756637, -0.000966445542872, 0.00216171424836, -0.00196941685863], [0.000378016120521, -0.000527328287717, 0.00102164957207, -0.000137687427923, -0.000959144381341, -0.00309985713102, 0.00601855339482, -0.000859888037667, -0.000458688737126, -8.41884975671e-05, -0.000829621276353, -0.000297033082461, 0.0011810362339], [-0.000909901282284, 0.00154857244343, -0.000362329621566, 0.00118721683975, -0.00187708693556, -0.00293044839054, -0.000859888037667, 0.0113861896098, -0.00300286477432, -0.00146974972449, -6.34955722489e-05, 0.000925842032302, -0.00175964925438], [0.000417870818637, -0.00139005342498, 0.000784705334809, -0.000817536318209, -0.000286589143798, 0.00118636479601, -0.000458688737126, -0.00300286477432, 0.0102332578972, -0.00117028830573, -0.0019283273723, -0.000394167844206, -0.00224822503515], [-0.000418155192165, 0.00147801311687, -0.00136556755751, 0.000354263931513, -0.00121513195336, -0.000543962756637, -8.41884975671e-05, -0.00146974972449, -0.00117028830573, 0.0121706500649, -0.00317507586442, -0.00301892915741, 0.00185600447003], [0.000412935798522, -0.0014060913818, 0.000874870747793, -0.000732739106752, 0.000134933856316, -0.000966445542872, -0.000829621276353, -6.34955722489e-05, -0.0019283273723, -0.00317507586442, 0.0129003897309, -0.00100633467082, -0.00373492389917], [-0.000799694564193, 0.00053086457774, -0.00162782683037, 0.0010604650015, -0.00150662509259, 0.00216171424836, -0.000297033082461, 0.000925842032302, -0.000394167844206, -0.00301892915741, -0.00100633467082, 0.01288534794, -0.00249155261554], [0.000334501819452, 0.000131835287903, 0.000861928914674, -0.00163305026945, 0.00163434084971, -0.00196941685863, 0.0011810362339, -0.00175964925438, -0.00224822503515, 0.00185600447003, -0.00373492389917, -0.00249155261554, 0.0149868484586]]
    },
    "melbands": {
        "dmean": [0.00109534349758, 0.000587043410633, 0.000451706233434, 0.000443114433438, 0.000262617220869, 0.000228063130635, 0.000173011794686, 0.000148814579006, 0.00016128840798, 0.000327068381011, 0.000256216677371, 0.000125885693706, 8.05021700216e-05, 4.58489703306e-05, 3.81011232093e-05, 3.48955691152e-05, 3.33110583597e-05, 2.18429831875e-05, 1.62477517733e-05, 9.8989576145e-06, 6.77675234328e-06, 7.79267065809e-06, 6.04318256592e-06, 4.34920912085e-06, 2.98981353808e-06, 3.22706841871e-06, 3.37066126121e-06, 3.17754597745e-06, 2.19533194468e-06, 2.92400068247e-06, 3.25637120113e-06, 3.05652520183e-06, 2.44913758252e-06, 1.63819026966e-06, 8.87720489118e-07, 7.22012316601e-07, 7.02974944033e-07, 5.2994971611e-07, 7.1816810987e-07, 1.03818615571e-06],
        "dmean2": [0.00168201595079, 0.000943467020988, 0.000790316087659, 0.000728087790776, 0.000408576859627, 0.000369209941709, 0.000271599681582, 0.000235253886785, 0.000250498764217, 0.000509557896294, 0.000409386761021, 0.000203688134206, 0.000131780587253, 7.59905960876e-05, 6.44095198368e-05, 5.75386366108e-05, 5.40525834367e-05, 3.57543212886e-05, 2.60155538854e-05, 1.55293510034e-05, 1.07646974357e-05, 1.29478239614e-05, 9.83726658887e-06, 7.05096226739e-06, 4.88510750074e-06, 5.182678251e-06, 5.29794442627e-06, 4.96073926115e-06, 3.40771111951e-06, 4.60271348857e-06, 5.05671278006e-06, 4.66695246359e-06, 3.77951050723e-06, 2.50159428106e-06, 1.38029110985e-06, 1.12298869226e-06, 1.07911273517e-06, 8.03634520707e-07, 1.09743768917e-06, 1.58925365668e-06],
        "dvar": [5.4446154536e-06, 1.78248455995e-06, 1.85730243629e-06, 6.64611491175e-07, 2.79226583189e-07, 3.80442656933e-07, 1.98181538735e-07, 1.17106722541e-07, 2.23719993642e-07, 5.88775776578e-07, 3.48073314171e-07, 9.81784538112e-08, 2.98396365395e-08, 1.16987193266e-08, 7.92132137661e-09, 6.13184258924e-09, 8.0627371446e-09, 2.63949262447e-09, 4.46846604163e-09, 9.02546037906e-10, 1.96440752553e-10, 2.17020179605e-10, 1.77307113436e-10, 6.67066471505e-11, 5.26436047532e-11, 1.07740351363e-10, 9.27881105284e-11, 1.33873120922e-10, 7.4849161591e-11, 1.79097139896e-10, 1.98908278737e-10, 8.40552211168e-11, 4.44758223306e-11, 1.53036663203e-11, 3.15534122268e-12, 3.21006524313e-12, 5.55606732497e-12, 4.36945228263e-12, 1.21398429503e-11, 4.55555315693e-11],
        "dvar2": [1.23408481159e-05, 4.3263007683e-06, 5.16137470186e-06, 1.73264197656e-06, 6.31195348433e-07, 9.39642063713e-07, 4.60919267198e-07, 2.802808865e-07, 5.22386699231e-07, 1.28597946514e-06, 8.55877033246e-07, 2.48414949056e-07, 7.35661203066e-08, 2.92076975938e-08, 2.1135660333e-08, 1.45493750381e-08, 1.87277873209e-08, 6.21949869384e-09, 1.04931245914e-08, 1.74593794977e-09, 4.57234528017e-10, 5.73647629398e-10, 4.61399335405e-10, 1.62968014084e-10, 1.16864393163e-10, 2.50794968126e-10, 1.97320937367e-10, 2.92218804709e-10, 1.6346896059e-10, 4.17378187567e-10, 4.6409984189e-10, 1.81704012947e-10, 9.01074839743e-11, 3.45346910791e-11, 6.73963879497e-12, 7.08876880806e-12, 1.14067227885e-11, 7.78150460734e-12, 2.71096044918e-11, 1.14356510372e-10],
        "max": [0.0273742116988, 0.0228568259627, 0.0200500674546, 0.0107924258336, 0.0110952202231, 0.0176400318742, 0.0129215475172, 0.00935678370297, 0.0150554375723, 0.018226288259, 0.0154402218759, 0.00830629188567, 0.00706477789208, 0.00380496191792, 0.00249876268208, 0.00282201077789, 0.00359022500925, 0.0019083408406, 0.00488172564656, 0.00149920070544, 0.000355335738277, 0.000290580035653, 0.000443610100774, 0.000175721201231, 0.00035895901965, 0.000470656203106, 0.000289459450869, 0.000442149234004, 0.000255663850112, 0.000416860828409, 0.000536858045962, 0.00026727601653, 0.000239283690462, 0.000107798812678, 5.7832668972e-05, 5.56316153961e-05, 0.000146997292177, 0.00011841734522, 0.000114441922051, 0.000370078807464],
        "mean": [0.00234690820798, 0.000895636621863, 0.000465836375952, 0.000759095069952, 0.00054394378094, 0.000399750424549, 0.000296956190141, 0.000259020685917, 0.000275740429061, 0.000697003968526, 0.000505586096551, 0.000234626670135, 0.000143122626469, 8.30762874102e-05, 6.85007544234e-05, 6.29152855254e-05, 5.96949175815e-05, 4.04474667448e-05, 3.32626732416e-05, 1.75698478415e-05, 1.2620895177e-05, 1.35639083965e-05, 1.13506221169e-05, 8.52569610288e-06, 5.53706922801e-06, 5.65833170185e-06, 5.64644869883e-06, 5.08376297148e-06, 3.62829246114e-06, 4.17384171669e-06, 4.87075340061e-06, 5.44523072676e-06, 4.56577299701e-06, 3.06876063405e-06, 1.69393308624e-06, 1.27779992454e-06, 1.12830502985e-06, 8.38514267798e-07, 1.0430395605e-06, 1.66759514286e-06],
        "median": [0.000209505058592, 0.000293626042549, 0.000154398148879, 0.000256535975495, 0.000180342205567, 0.000156578069436, 0.000115480565, 0.000102780380985, 9.25779168028e-05, 0.000134893605718, 0.000106521387352, 5.65897862543e-05, 5.75740305067e-05, 3.51272756234e-05, 2.55690356425e-05, 2.30832192756e-05, 2.06502827496e-05, 1.40701959026e-05, 1.15969087346e-05, 7.20816433386e-06, 5.81778022024e-06, 7.09753248884e-06, 6.20399259788e-06, 4.63135438622e-06, 2.978905286e-06, 2.79718506135e-06, 2.88663341053e-06, 2.48840524364e-06, 1.5993030047e-06, 1.43071156344e-06, 1.71659985426e-06, 2.41271823143e-06, 2.21562845582e-06, 1.54306110289e-06, 9.06631612452e-07, 6.03209059591e-07, 4.42729316319e-07, 2.52412974078e-07, 2.26594622177e-07, 2.11108087456e-07],
        "min": [3.01467928096e-23, 1.95365126601e-23, 1.38032214846e-23, 1.42896157638e-23, 1.79449573849e-23, 1.58910759766e-23, 1.52672700163e-23, 2.70751451495e-23, 1.47969700773e-23, 1.13188839239e-23, 1.22792526562e-23, 1.70736652482e-23, 8.13096605496e-24, 1.38597623011e-23, 1.10629269591e-23, 1.29995710151e-23, 1.36793797888e-23, 2.71413716002e-23, 2.03051929257e-23, 8.80955367196e-24, 1.47770387176e-23, 8.81758348711e-24, 7.5824016478e-24, 8.18865387523e-24, 6.63492763581e-24, 7.13438308503e-24, 1.70630850458e-23, 1.22778563724e-23, 1.14802895982e-23, 7.91466433905e-24, 6.83883476917e-24, 1.2163137853e-23, 1.14771333658e-23, 1.31661784383e-23, 1.17411098905e-23, 1.39865464481e-23, 9.58562477532e-24, 7.50725081366e-24, 7.41940247439e-24, 9.8882270854e-24],
        "var": [1.71645151568e-05, 2.66552933681e-06, 1.331289468e-06, 1.22738572372e-06, 1.06698121272e-06, 7.42204179005e-07, 3.65885540532e-07, 2.08549877811e-07, 4.76876550692e-07, 2.89916056317e-06, 1.2875569837e-06, 2.85458298777e-07, 6.51353460057e-08, 2.40832775944e-08, 1.47699497077e-08, 1.40988367647e-08, 1.93518960856e-08, 6.39126929158e-09, 2.79257221791e-08, 2.43540210221e-09, 4.50757403625e-10, 3.49923284793e-10, 2.80385520357e-10, 1.36099020942e-10, 8.87864157195e-11, 1.4883255739e-10, 1.45881279279e-10, 1.80726364429e-10, 1.07411891881e-10, 2.22352039558e-10, 2.52954657221e-10, 1.37011443857e-10, 7.78639791532e-11, 2.77387834924e-11, 6.95297118491e-12, 5.52527945272e-12, 8.93975084931e-12, 9.06229431774e-12, 1.85178625906e-11, 1.18744472588e-10]
    },
    "mfcc": {
        "mean": [-638.30267334, 112.149917603, -4.67966556549, 3.70400047302, -16.6726360321, 6.73845291138, -7.98744106293, 6.4352183342, -0.585743367672, -0.827004253864, 1.44734692574, -5.46615695953, -2.96134591103],
        "cov": [[2327.3059082, -254.50378418, 245.222839355, -37.6860122681, 212.077529907, 1.96055436134, 146.948104858, 55.7496032715, 107.769165039, 70.5026855469, 83.0349807739, 43.8652076721, 58.0506401062], [-254.50378418, 1153.45593262, 484.102539062, 341.709106445, 217.798950195, 242.409011841, 44.1680412292, 125.876907349, -37.247253418, 44.7193336487, 81.149597168, 69.4133605957, 89.5779418945], [245.222839355, 484.102539062, 1605.4876709, 764.136535645, 611.810058594, 305.577575684, 41.3446578979, -10.7913980484, 14.0390625, -35.0169029236, 35.4677505493, 121.290336609, 229.036712646], [-37.6860122681, 341.709106445, 764.136535645, 672.997802734, 341.526397705, 221.606994629, 17.2608165741, 16.1715297699, 7.33105659485, -9.96949195862, 15.8597126007, 87.395942688, 141.157409668], [212.077529907, 217.798950195, 611.810058594, 341.526397705, 472.734985352, 150.160842896, 75.1375656128, 30.5355510712, 65.2821960449, 33.281047821, 50.0404701233, 88.0914306641, 141.216506958], [1.96055436134, 242.409011841, 305.577575684, 221.606994629, 150.160842896, 247.150375366, 129.367202759, 78.1331710815, 42.0336837769, 61.8544692993, 62.2172241211, 50.75522995, 58.764591217], [146.948104858, 44.1680412292, 41.3446578979, 17.2608165741, 75.1375656128, 129.367202759, 295.069580078, 104.188575745, 86.8860549927, 109.352470398, 95.0141677856, 47.644947052, 19.9241714478], [55.7496032715, 125.876907349, -10.7913980484, 16.1715297699, 30.5355510712, 78.1331710815, 104.188575745, 169.269699097, 62.5756187439, 77.5877151489, 57.7677536011, 28.0487575531, 13.6617546082], [107.769165039, -37.247253418, 14.0390625, 7.33105659485, 65.2821960449, 42.0336837769, 86.8860549927, 62.5756187439, 134.853851318, 70.2177886963, 47.5234985352, 27.455083847, 23.2884025574], [70.5026855469, 44.7193336487, -35.0169029236, -9.96949195862, 33.281047821, 61.8544692993, 109.352470398, 77.5877151489, 70.2177886963, 151.364151001, 74.5395584106, 39.630897522, 17.0309276581], [83.0349807739, 81.149597168, 35.4677505493, 15.8597126007, 50.0404701233, 62.2172241211, 95.0141677856, 57.7677536011, 47.5234985352, 74.5395584106, 120.242897034, 43.1272239685, 28.5641555786], [43.8652076721, 69.4133605957, 121.290336609, 87.395942688, 88.0914306641, 50.75522995, 47.644947052, 28.0487575531, 27.455083847, 39.630897522, 43.1272239685, 98.6736679077, 55.9339904785], [58.0506401062, 89.5779418945, 229.036712646, 141.157409668, 141.216506958, 58.764591217, 19.9241714478, 13.6617546082, 23.2884025574, 17.0309276581, 28.5641555786, 55.9339904785, 123.971199036]],
