{
"lowlevel": {
    "average_loudness": 0.840982019901,
    "barkbands_crest": {
        "dmean": 2.42330980301,
        "dmean2": 3.94948887825,
        "dvar": 4.66762256622,
        "dvar2": 11.6867628098,
        "max": 25.1523590088,
        "mean": 9.7653503418,
        "median": 8.95620918274,
        "min": 2.33292222023,
        "var": 14.8100585938
    },
    "barkbands_flatness_db": {
        "dmean": 0.0195193700492,
        "dmean2": 0.0293939802796,
        "dvar": 0.000312209769618,
        "dvar2": 0.000675473012961,
        "max": 0.463039666414,
        "mean": 0.157575428486,
        "median": 0.143945217133,
        "min": 0.0283316951245,
        "var": 0.00493877008557
    },
    "barkbands_kurtosis": {
        "dmean": 1.9030020237,
        "dmean2": 3.04912185669,
        "dvar": 9.52981567383,
        "dvar2": 23.0659332275,
        "max": 84.3604125977,
        "mean": 3.53388738632,
        "median": 1.87445545197,
        "min": -1.90293717384,
        "var": 27.003030777
    },
    "barkbands_skewness": {
        "dmean": 0.388666898012,
        "dmean2": 0.614153981209,
        "dvar": 0.16959284246,
        "dvar2": 0.395020037889,
        "max": 7.85267877579,
        "mean": 1.25274801254,
        "median": 1.12752842903,
        "min": -2.42806982994,
        "var": 0.838271915913
    },
    "barkbands_spread": {
        "dmean": 4.00504970551,
        "dmean2": 6.199634552,
        "dvar": 27.463848114,
        "dvar2": 56.6462287903,
        "max": 121.651725769,
        "mean": 18.2111492157,
        "median": 16.0337238312,
        "min": 0.802846729755,
        "var": 153.155502319
    },
    "dissonance": {
        "dmean": 0.0229741930962,
        "dmean2": 0.0387665778399,
        "dvar": 0.000451614701888,
        "dvar2": 0.00120305689052,
        "max": 0.499997079372,
        "mean": 0.450124233961,
        "median": 0.459622591734,
        "min": 0.243575364351,
        "var": 0.00156511040404
    },
    "dynamic_complexity": 2.59886837006,
    "erbbands_crest": {
        "dmean": 2.8416056633,
        "dmean2": 4.55804872513,
        "dvar": 6.45402336121,
        "dvar2": 15.4798851013,
        "max": 31.7856845856,
        "mean": 11.4581890106,
        "median": 10.1877164841,
        "min": 1.60306763649,
        "var": 30.6950798035
    },
    "erbbands_flatness_db": {
        "dmean": 0.0170780625194,
        "dmean2": 0.0249103177339,
        "dvar": 0.000238306034589,
        "dvar2": 0.000442208984168,
        "max": 0.48589143157,
        "mean": 0.1946926862,
        "median": 0.177859559655,
        "min": 0.0246705655009,
        "var": 0.00511447852477
    },
    "erbbands_kurtosis": {
        "dmean": 1.26849150658,
        "dmean2": 1.99466514587,
        "dvar": 3.30690479279,
        "dvar2": 7.52255916595,
        "max": 38.7767333984,
        "mean": 1.84846019745,
        "median": 0.897161006927,
        "min": -1.79950356483,
        "var": 11.1019430161
    },
    "erbbands_skewness": {
        "dmean": 0.352622449398,
        "dmean2": 0.547257900238,
        "dvar": 0.106692910194,
        "dvar2": 0.240940034389,
        "max": 4.85889339447,
        "mean": 0.968430161476,
        "median": 0.932145357132,
        "min": -2.97266077995,
        "var": 0.619365036488
    },
    "erbbands_spread": {
        "dmean": 5.65193080902,
        "dmean2": 8.62998199463,
        "dvar": 44.1037445068,
        "dvar2": 91.2723922729,
        "max": 114.47996521,
        "mean": 28.7198886871,
        "median": 25.0653553009,
        "min": 1.82449293137,
        "var": 279.811981201
    },
    "hfc": {
        "dmean": 5.78869104385,
        "dmean2": 8.73966884613,
        "dvar": 91.9107513428,
        "dvar2": 183.156997681,
        "max": 401.424926758,
        "mean": 25.1147155762,
        "median": 21.8098316193,
        "min": 1.28766566854e-10,
        "var": 480.959014893
    },
    "melbands_crest": {
        "dmean": 3.09346175194,
        "dmean2": 5.06628274918,
        "dvar": 7.44996118546,
        "dvar2": 18.8972072601,
        "max": 34.418598175,
        "mean": 13.0866136551,
        "median": 12.1004323959,
        "min": 3.22390127182,
        "var": 24.7551517487
    },
    "melbands_flatness_db": {
        "dmean": 0.0213882476091,
        "dmean2": 0.0324019491673,
        "dvar": 0.000419475720264,
        "dvar2": 0.000891633681022,
        "max": 0.575055718422,
        "mean": 0.204494550824,
        "median": 0.18594007194,
        "min": 0.011648115702,
        "var": 0.0063640079461
    },
    "melbands_kurtosis": {
        "dmean": 3.43868803978,
        "dmean2": 5.46470403671,
        "dvar": 37.8902893066,
        "dvar2": 90.5976791382,
        "max": 177.921707153,
        "mean": 7.40713310242,
        "median": 4.56333065033,
        "min": -1.80079293251,
        "var": 102.083839417
    },
    "melbands_skewness": {
        "dmean": 0.492930531502,
        "dmean2": 0.772003173828,
        "dvar": 0.267053991556,
        "dvar2": 0.618522286415,
        "max": 11.1738758087,
        "mean": 1.69440960884,
        "median": 1.50718748569,
        "min": -0.963403940201,
        "var": 1.38021147251
    },
    "melbands_spread": {
        "dmean": 5.09398508072,
        "dmean2": 7.93431425095,
        "dvar": 68.995765686,
        "dvar2": 140.216796875,
        "max": 260.24822998,
        "mean": 21.8618793488,
        "median": 18.8871707916,
        "min": 1.29513025284,
        "var": 311.515441895
    },
    "pitch_salience": {
        "dmean": 0.0641234517097,
        "dmean2": 0.103821434081,
        "dvar": 0.00304199010134,
        "dvar2": 0.00797205604613,
        "max": 0.879331290722,
        "mean": 0.575971066952,
        "median": 0.580148041248,
        "min": 0.0915895625949,
        "var": 0.0125026088208
    },
    "silence_rate_20dB": {
        "dmean": 0,
        "dmean2": 0,
        "dvar": 0,
        "dvar2": 0,
        "max": 1,
        "mean": 1,
        "median": 1,
        "min": 1,
        "var": 0
    },
    "silence_rate_30dB": {
        "dmean": 0.000238777458435,
        "dmean2": 0.000477611931274,
        "dvar": 0.000238696797169,
        "dvar2": 0.00071609520819,
        "max": 1,
        "mean": 0.999880611897,
        "median": 1,
        "min": 0,
        "var": 0.000119354313938
    },
    "silence_rate_60dB": {
        "dmean": 0.00620821397752,
        "dmean2": 0.0122985076159,
        "dvar": 0.00616930052638,
        "dvar2": 0.0135812582448,
        "max": 1,
        "mean": 0.0145636862144,
        "median": 0,
        "min": 0,
        "var": 0.0143529996276
    },
    "spectral_centroid": {
        "dmean": 178.844055176,
        "dmean2": 277.370697021,
        "dvar": 45402.3828125,
        "dvar2": 94836.2734375,
        "max": 5969.76171875,
        "mean": 1209.35998535,
        "median": 1170.01696777,
        "min": 274.883544922,
        "var": 338269.3125
    },
    "spectral_complexity": {
        "dmean": 3.09001898766,
        "dmean2": 5.0133728981,
        "dvar": 8.91470813751,
        "dvar2": 21.4540214539,
        "max": 53,
        "mean": 20.4130363464,
        "median": 20,
        "min": 0,
        "var": 81.4212799072
    },
    "spectral_decrease": {
        "dmean": 1.86471771357e-09,
        "dmean2": 2.97014723927e-09,
        "dvar": 4.60445786638e-18,
        "dvar2": 1.16413842534e-17,
        "max": -2.36625631657e-22,
        "mean": -7.35251637352e-09,
        "median": -6.84688128416e-09,
        "min": -3.12811607728e-08,
        "var": 2.12682544974e-17
    },
    "spectral_energy": {
        "dmean": 0.0073992726393,
        "dmean2": 0.0117747178301,
        "dvar": 7.05826168996e-05,
        "dvar2": 0.000178487243829,
        "max": 0.124387092888,
        "mean": 0.0300281234086,
        "median": 0.0280623920262,
        "min": 1.25725820339e-14,
        "var": 0.000338940793881
    },
    "spectral_energyband_high": {
        "dmean": 0.000354658463039,
        "dmean2": 0.000501952599734,
        "dvar": 9.89422574094e-07,
        "dvar2": 1.68011160895e-06,
        "max": 0.0345517359674,
        "mean": 0.00099688267801,
        "median": 0.000492888502777,
        "min": 1.00211214381e-14,
        "var": 4.08466439694e-06
    },
    "spectral_energyband_low": {
        "dmean": 0.003284053877,
        "dmean2": 0.00531156547368,
        "dvar": 3.74311748601e-05,
        "dvar2": 9.21961036511e-05,
        "max": 0.0836498066783,
        "mean": 0.00696310214698,
        "median": 0.003622982651,
        "min": 1.9841799729e-16,
        "var": 8.81295200088e-05
    },
    "spectral_energyband_middle_high": {
        "dmean": 0.00201475084759,
        "dmean2": 0.00322646554559,
        "dvar": 9.21737773751e-06,
        "dvar2": 2.36603555095e-05,
        "max": 0.0761104375124,
        "mean": 0.00691200280562,
        "median": 0.00483307475224,
        "min": 1.98795096358e-15,
        "var": 5.35261169716e-05
    },
    "spectral_energyband_middle_low": {
        "dmean": 0.00530505180359,
        "dmean2": 0.008395194076,
        "dvar": 4.41388292529e-05,
        "dvar2": 0.000110969413072,
        "max": 0.095483161509,
        "mean": 0.0160497594625,
        "median": 0.0130282714963,
        "min": 1.78904330184e-16,
        "var": 0.000156581460033
    },
    "spectral_entropy": {
        "dmean": 0.129962161183,
        "dmean2": 0.194379448891,
        "dvar": 0.0185620598495,
        "dvar2": 0.0361656807363,
        "max": 8.76655387878,
        "mean": 7.49925947189,
        "median": 7.61948633194,
        "min": 5.08609962463,
        "var": 0.267439931631
    },
    "spectral_flux": {
        "dmean": 0.0192466340959,
        "dmean2": 0.0310378819704,
        "dvar": 0.000393293128582,
        "dvar2": 0.000969257205725,
        "max": 0.297076672316,
        "mean": 0.0869270265102,
        "median": 0.0832173079252,
        "min": 6.6936139774e-05,
        "var": 0.00163811177481
    },
    "spectral_kurtosis": {
        "dmean": 2.50750517845,
        "dmean2": 4.29310750961,
        "dvar": 34.1341781616,
        "dvar2": 93.4923019409,
        "max": 144.833969116,
        "mean": 5.89516925812,
        "median": 3.53826713562,
        "min": -0.953236103058,
        "var": 83.7269668579
    },
    "spectral_rms": {
        "dmean": 0.000639796198811,
        "dmean2": 0.00100806425326,
        "dvar": 3.78152833491e-07,
        "dvar2": 9.20041827612e-07,
        "max": 0.011016045697,
        "mean": 0.00512840040028,
        "median": 0.00523239374161,
        "min": 3.50227558066e-09,
        "var": 2.99525595437e-06
    },
    "spectral_rolloff": {
        "dmean": 331.11126709,
        "dmean2": 551.391967773,
        "dvar": 578385.5625,
        "dvar2": 1212760.875,
        "max": 17140.4296875,
        "mean": 1362.90661621,
        "median": 1012.06054688,
        "min": 43.06640625,
        "var": 2253766.75
    },
    "spectral_skewness": {
        "dmean": 0.255069822073,
        "dmean2": 0.420329391956,
        "dvar": 0.138943701982,
        "dvar2": 0.381438553333,
        "max": 9.08347988129,
        "mean": 1.67473077774,
        "median": 1.51821696758,
        "min": -0.0596979558468,
        "var": 0.532361149788
    },
    "spectral_spread": {
        "dmean": 408872.96875,
        "dmean2": 598503.6875,
        "dvar": 268374245376,
        "dvar2": 416505561088,
        "max": 27868316,
        "mean": 4311726.5,
        "median": 4334318.5,
        "min": 578053.0625,
        "var": 3.01183952486e+12
    },
    "spectral_strongpeak": {
        "dmean": 0.711315393448,
        "dmean2": 1.19085204601,
        "dvar": 1.52724587917,
        "dvar2": 4.18439388275,
        "max": 33.0659141541,
        "mean": 1.49199438095,
        "median": 1.01742839813,
        "min": 0,
        "var": 2.62763476372
    },
    "zerocrossingrate": {
        "dmean": 0.00774015532807,
        "dmean2": 0.00912173464894,
        "dvar": 0.000147188227857,
        "dvar2": 0.000155200556037,
        "max": 0.52392578125,
        "mean": 0.0584368370473,
        "median": 0.05224609375,
        "min": 0.0048828125,
        "var": 0.00169328041375
    },
    "barkbands": {
        "dmean": [0.00010698611004, 0.00244587799534, 0.00101506593637, 0.000791399041191, 0.00134632049594, 0.00146513839718, 0.00104289629962, 0.00177294900641, 0.00191480817739, 0.00110472214874, 0.000727174861822, 0.000664131657686, 0.000416829163441, 0.000288796436507, 0.000208168974495, 0.000159552597324, 0.000147125319927, 9.922371828e-05, 0.000148339269799, 0.000108550440928, 9.90026528598e-05, 8.77401398611e-05, 7.93620129116e-05, 6.32006704109e-05, 6.40780344838e-05, 2.55862341874e-05, 3.72114641323e-06],
        "dmean2": [0.00014693007688, 0.0039833644405, 0.00171526765916, 0.00135691987816, 0.00220347638242, 0.00239645084366, 0.00150748423766, 0.00283882860094, 0.00301590026356, 0.00176140468102, 0.00119366100989, 0.00109591777436, 0.000697402807418, 0.000483750016429, 0.000339899939718, 0.000259253778495, 0.000244631373789, 0.000165219258633, 0.000235081999563, 0.000173341832124, 0.000153306595166, 0.00013342119928, 0.000118190750072, 9.18136938708e-05, 9.55914874794e-05, 3.80443379981e-05, 5.90339959672e-06],
        "dvar": [5.53713910278e-08, 2.6252857424e-05, 5.9680078266e-06, 2.37171821027e-06, 6.32406181467e-06, 8.53210622154e-06, 4.67388554171e-06, 1.39630310514e-05, 1.56913047249e-05, 7.14809812052e-06, 2.09647805605e-06, 1.61692946676e-06, 8.87497378699e-07, 3.83459536124e-07, 1.96986761125e-07, 9.17851821214e-08, 5.83037014223e-08, 3.10860919228e-08, 9.29015087081e-08, 5.75812251213e-08, 5.37273407986e-08, 5.41995319736e-08, 3.67273322865e-08, 1.25149782093e-07, 1.41550586363e-07, 2.7500732358e-08, 1.27696320185e-09],
        "dvar2": [9.41266264931e-08, 6.34487732896e-05, 1.54129702423e-05, 6.57489135847e-06, 1.65897472471e-05, 2.17546203203e-05, 9.0684297902e-06, 3.52832175849e-05, 3.71933783754e-05, 1.78541758942e-05, 5.32889498572e-06, 4.19284060627e-06, 2.26310453399e-06, 1.03776937976e-06, 4.90046829782e-07, 2.27368957439e-07, 1.56633831239e-07, 8.11884035556e-08, 2.10669739431e-07, 1.36920959903e-07, 1.12680616837e-07, 1.02990270534e-07, 6.42298445541e-08, 2.22892452939e-07, 3.12385708412e-07, 6.81214444853e-08, 3.35917027527e-09],
        "max": [0.00698201870546, 0.0769463479519, 0.0628736838698, 0.0333183892071, 0.0391821973026, 0.0526091828942, 0.0616708621383, 0.0677635744214, 0.0699225738645, 0.0580253265798, 0.0340151712298, 0.0245925933123, 0.0215317886323, 0.0156475771219, 0.0103040225804, 0.00936108827591, 0.00445594685152, 0.00404158886522, 0.0063236458227, 0.00737691903487, 0.00807414297014, 0.00758029334247, 0.00687205744907, 0.0179567690939, 0.0235886462033, 0.0110900700092, 0.00276145385578],
        "mean": [0.000329918693751, 0.0046429024078, 0.00143560452852, 0.00109063240234, 0.00245882198215, 0.00255485670641, 0.00207655481063, 0.00334196048789, 0.00369837204926, 0.00197763205506, 0.00120879616588, 0.00124929717276, 0.000744907592889, 0.000537251704372, 0.000389775406802, 0.000333781499648, 0.000303846754832, 0.000203032410354, 0.000334766751621, 0.000227916825679, 0.00020992149075, 0.000187898782315, 0.000176849163836, 0.000130123924464, 0.000127877094201, 4.80102535221e-05, 6.77091202306e-06],
        "median": [2.9818756957e-05, 0.00139725836925, 0.000502241193317, 0.000424951023888, 0.00131858012173, 0.0012180164922, 0.000780973001383, 0.00124133727513, 0.00109728774987, 0.000474231754197, 0.000492495018989, 0.000449911894975, 0.000240912617301, 0.000208040539292, 0.000141439231811, 0.000157331523951, 0.000130344938952, 9.96793532977e-05, 0.000142847231473, 0.000111616638605, 0.000101636142062, 8.55883263284e-05, 7.07857689122e-05, 3.63132348866e-05, 2.17058131966e-05, 5.14624525749e-06, 1.86447701722e-09],
        "min": [1.00468185913e-16, 1.08711278945e-16, 3.23930743844e-17, 1.3312226225e-17, 2.61956602185e-17, 1.56338558523e-17, 3.51855534143e-17, 1.66960219333e-17, 5.0430177775e-17, 7.0310649852e-17, 1.86296849936e-16, 1.21605462978e-16, 6.39823872938e-17, 1.14106852349e-16, 2.20890972521e-16, 1.7603499284e-16, 2.16406263937e-16, 3.05813887007e-16, 4.09639691671e-16, 5.2973954035e-16, 4.99723551436e-16, 6.59993884699e-16, 7.62806532078e-16, 8.96160434679e-16, 1.62530418337e-15, 2.12389318711e-15, 3.17073866552e-15],
        "var": [4.26588684377e-07, 5.79403822485e-05, 8.96690016816e-06, 3.70171164832e-06, 1.2051226804e-05, 1.59199589689e-05, 1.7621599909e-05, 3.61134079867e-05, 4.13279922213e-05, 1.72680956894e-05, 4.27242002843e-06, 4.07844618167e-06, 1.95375855583e-06, 1.07151947759e-06, 5.30120644271e-07, 3.45438024851e-07, 1.67246696492e-07, 7.60877654216e-08, 2.9511065236e-07, 1.25939507711e-07, 1.45656201767e-07, 1.68204621787e-07, 1.34300719878e-07, 3.74844972839e-07, 4.84803592826e-07, 7.66663035279e-08, 5.7224398553e-09]
    },
    "erbbands": {
        "dmean": [0.0775640830398, 0.548644006252, 1.1116528511, 1.93610680103, 3.05118298531, 4.98890733719, 9.66260528564, 12.5288381577, 10.7679729462, 24.6854496002, 42.609462738, 36.7706108093, 43.9853820801, 24.9938735962, 25.0948104858, 27.1279087067, 18.1035346985, 15.2390623093, 10.2008447647, 9.15242767334, 8.52516078949, 7.5535492897, 5.08224010468, 6.02364015579, 7.43567800522, 4.87229013443, 4.22028541565, 3.77172756195, 3.18805575371, 2.86260175705, 2.18980503082, 1.46578991413, 1.10528516769, 0.957623302937, 0.328289330006, 0.128869429231, 0.0552599877119, 0.00692048296332, 0.000709259184077, 3.86283973057e-05],
        "dmean2": [0.120633922517, 0.905570030212, 1.86985862255, 3.26716017723, 5.10866308212, 8.2176399231, 15.6187734604, 20.5194301605, 17.2955513, 35.155506134, 68.268951416, 56.4414863586, 69.5661773682, 40.7456436157, 41.1059341431, 44.6356964111, 29.9178886414, 25.6053314209, 16.5880527496, 14.6786022186, 13.9818744659, 12.5184383392, 8.39668178558, 9.63478088379, 11.6347723007, 7.76866531372, 6.63090705872, 5.77371644974, 4.84744739532, 4.44737958908, 3.24285793304, 2.11337661743, 1.6006538868, 1.42784392834, 0.495943337679, 0.190883085132, 0.0875600576401, 0.0105769205838, 0.00112179853022, 6.44423707854e-05],
        "dvar": [0.0252051576972, 1.52592778206, 8.25667953491, 15.3875131607, 33.4517211914, 110.213806152, 480.437957764, 736.541931152, 595.833862305, 2383.35131836, 8569.80078125, 5773.85888672, 10147.0507812, 3160.02099609, 2635.56591797, 2903.43359375, 1651.36682129, 1114.56848145, 441.119293213, 359.296295166, 212.301574707, 156.615600586, 75.8460159302, 148.351852417, 259.327819824, 117.265068054, 96.8662719727, 88.5683670044, 82.6529312134, 40.3363990784, 36.2996063232, 40.3355903625, 47.5161552429, 42.3837890625, 1.82913267612, 0.322333276272, 0.388325631618, 0.00167952792253, 5.71495111217e-05, 3.89589729366e-07],
        "dvar2": [0.0574437044561, 3.7173602581, 21.7991828918, 41.3105888367, 88.3209228516, 296.512359619, 1151.8470459, 1887.1192627, 1478.30664062, 4166.00048828, 21741.8515625, 13355.59375, 25517.421875, 8467.81445312, 6616.51904297, 7465.60644531, 4210.44726562, 3123.69091797, 1089.6484375, 802.363220215, 549.352844238, 424.5440979, 201.841400146, 364.49887085, 577.82043457, 276.403686523, 215.0052948, 177.088272095, 160.150222778, 85.1540603638, 63.6742324829, 64.0627593994, 99.1966018677, 92.203453064, 4.00073051453, 0.744389712811, 1.06026852131, 0.00430494267493, 0.000149306390085, 1.16065734801e-06],
        "max": [3.26044845581, 18.9078960419, 41.2303504944, 100.60799408, 118.168159485, 183.837371826, 438.619934082, 593.933654785, 559.613708496, 1500.74328613, 1879.74755859, 1490.35644531, 2128.29663086, 1494.75415039, 1493.49377441, 1054.34118652, 950.655883789, 856.902770996, 484.178222656, 538.81817627, 334.649597168, 200.561737061, 177.742599487, 355.067169189, 340.322937012, 326.24887085, 379.764984131, 355.388793945, 309.679962158, 161.611587524, 232.770278931, 325.720031738, 357.644561768, 406.67880249, 76.4306716919, 32.3190155029, 39.9105186462, 2.05963850021, 0.626179099083, 0.0474185198545],
        "mean": [0.172643989325, 0.875142812729, 1.57866084576, 3.00984477997, 4.73031616211, 8.51188278198, 16.7130565643, 21.3941707611, 19.502866745, 51.8029441833, 85.7028961182, 73.9131774902, 89.6443939209, 52.7134666443, 46.6667709351, 53.993106842, 37.2935333252, 30.8450946808, 21.4626865387, 19.2808666229, 19.0062141418, 16.9789409637, 11.6245985031, 13.556427002, 16.8701686859, 10.6932277679, 9.06651878357, 7.79669952393, 6.68537807465, 6.33946847916, 4.74181175232, 2.98358798027, 2.03862929344, 1.82464516163, 0.666327297688, 0.241288468242, 0.08979960531, 0.0111804800108, 0.0014513063943, 9.10989110707e-05],
        "median": [0.0320702269673, 0.29775044322, 0.642244815826, 1.2842823267, 2.27043938637, 4.04255771637, 6.48120307922, 9.43089389801, 9.15900230408, 22.2231273651, 28.8620281219, 25.579416275, 24.7054729462, 20.3116931915, 22.099571228, 19.432723999, 13.6965579987, 13.6310091019, 8.40907669067, 7.64325904846, 10.4151945114, 7.5154209137, 5.75202083588, 7.161444664, 6.75828027725, 5.25205945969, 4.55189371109, 3.67038464546, 3.11538863182, 2.6679251194, 1.85590553284, 0.956393301487, 0.478040277958, 0.266944348812, 0.13199493289, 0.0392072312534, 0.00573347695172, 0.000259050430031, 3.07099944621e-05, 3.91990506614e-05],
        "min": [4.64041240329e-15, 1.93047634763e-14, 3.8752299438e-14, 4.41389072102e-14, 5.09476528077e-14, 9.71245788873e-14, 1.33262839782e-13, 1.28810441588e-13, 3.64143638203e-13, 6.24119679549e-13, 2.7797433951e-13, 1.05553922807e-12, 2.06720968468e-12, 3.9461615399e-12, 7.91284399115e-12, 4.48877697165e-12, 3.06407286696e-12, 6.0771726193e-12, 6.99693211356e-12, 1.27732980443e-11, 1.20481784271e-11, 1.042986357e-11, 1.44508025338e-11, 2.11238006254e-11, 1.62477566124e-11, 2.67312161989e-11, 1.94948328314e-11, 2.42059705613e-11, 1.79097171121e-11, 2.55015245032e-11, 2.14909062768e-11, 1.63636517531e-11, 1.77120366984e-11, 1.47085694319e-11, 1.22083133533e-11, 8.21697224151e-12, 4.07559229421e-12, 2.06195607463e-12, 4.79704438065e-13, 3.78610852522e-14],
        "var": [0.082071505487, 2.64125847816, 9.58736991882, 28.7883968353, 51.4155769348, 198.029983521, 984.754455566, 1387.56958008, 1113.08483887, 9521.18652344, 26329.3789062, 16168.1728516, 28206.9082031, 9261.48144531, 5528.32275391, 7711.22119141, 4373.18408203, 3209.69335938, 1287.95922852, 1273.31396484, 759.581665039, 483.263305664, 223.89515686, 385.851837158, 767.862426758, 264.371307373, 230.377944946, 253.793182373, 244.803207397, 123.357315063, 127.242073059, 136.036682129, 109.328140259, 136.089981079, 6.87256526947, 0.958111643791, 0.605987966061, 0.00461818836629, 0.000298488099361, 7.73671331444e-07]
    },
    "gfcc": {
        "mean": [-3.40337514877, 108.582145691, -135.685668945, 22.3442440033, -73.2089004517, 14.1408939362, -27.5441551208, 8.17005157471, -16.1026611328, -0.347682356834, -10.6547698975, -3.3182258606, -7.36703920364],
        "cov": [[6390.59375, -3084.03295898, 1155.17358398, 606.895080566, -363.544586182, 1103.97595215, -456.159637451, 959.034912109, -550.415405273, 614.54901123, -335.72454834, 632.840148926, -155.447280884], [-3084.03295898, 3046.41625977, -228.825057983, -104.388214111, 414.957275391, -763.581420898, 406.736724854, -601.861755371, 482.727722168, -376.322631836, 324.811737061, -321.64453125, 151.449417114], [1155.17358398, -228.825057983, 1436.19702148, 377.306884766, -67.1316299438, 151.704986572, -313.792755127, 130.734451294, -159.52180481, 198.934234619, -125.402160645, 182.047393799, -64.1604995728], [606.895080566, -104.388214111, 377.306884766, 499.282348633, -71.2712097168, 217.86869812, -83.9069976807, 41.0281906128, 12.4688148499, 39.9550857544, 15.8050251007, 32.3064880371, 43.1458702087], [-363.544586182, 414.957275391, -67.1316299438, -71.2712097168, 391.101470947, -107.793815613, 167.556289673, -0.827154994011, 63.023475647, 16.0968494415, 37.104511261, 26.9685001373, 20.5408267975], [1103.97595215, -763.581420898, 151.704986572, 217.86869812, -107.793815613, 495.517211914, -18.0520553589, 261.285919189, -90.9789810181, 75.7185974121, -6.26879262924, 104.355545044, -12.0959072113], [-456.159637451, 406.736724854, -313.792755127, -83.9069976807, 167.556289673, -18.0520553589, 411.609619141, 4.69879722595, 99.7737045288, -82.5621490479, 102.845153809, -4.62503957748, 19.5612125397], [959.034912109, -601.861755371, 130.734451294, 41.0281906128, -0.827154994011, 261.285919189, 4.69879722595, 340.847869873, -76.6780700684, 119.603736877, -30.4853916168, 135.749938965, -22.3228321075], [-550.415405273, 482.727722168, -159.52180481, 12.4688148499, 63.023475647, -90.9789810181, 99.7737045288, -76.6780700684, 227.767074585, -66.487121582, 92.3507995605, -77.4736099243, 41.6676139832], [614.54901123, -376.322631836, 198.934234619, 39.9550857544, 16.0968494415, 75.7185974121, -82.5621490479, 119.603736877, -66.487121582, 195.490081787, -60.7236022949, 81.5123291016, -29.1822948456], [-335.72454834, 324.811737061, -125.402160645, 15.8050251007, 37.104511261, -6.26879262924, 102.845153809, -30.4853916168, 92.3507995605, -60.7236022949, 170.221557617, -15.4677686691, 48.0276069641], [632.840148926, -321.64453125, 182.047393799, 32.3064880371, 26.9685001373, 104.355545044, -4.62503957748, 135.749938965, -77.4736099243, 81.5123291016, -15.4677686691, 209.29725647, -12.6700744629], [-155.447280884, 151.449417114, -64.1604995728, 43.1458702087, 20.5408267975, -12.0959072113, 19.5612125397, -22.3228321075, 41.6676139832, -29.1822948456, 48.0276069641, -12.6700744629, 112.240394592]],
        "icov": [[0.000546201481484, 0.000155432149768, -3.30539369315e-05, -0.000367168453522, 0.000177790905582, -0.000240773821133, 6.65556872264e-05, -0.000551821780391, 0.000156221096404, -0.00045687702368, 0.000263884314336, -0.000607519352343, 0.000130869608256], [0.000155432149768, 0.00178551627323, -0.000779955764301, -0.000300600397168, -0.000861593405716, 0.00161704141647, -0.000920462131035, 0.000651942857075, -0.00110485206824, 0.00120080367196, -0.00149705924559, 0.00084622373106, -0.000443779106718], [-3.30539369315e-05, -0.000779955764301, 0.00164179375861, -0.000969470769633, 0.00022383526084, -0.000292040989734, 0.00105799222365, -0.000505906296894, 0.000817208609078, -0.000868270173669, 0.000805679592304, -0.00115068838932, 0.000956608448178], [-0.000367168453522, -0.000300600397168, -0.000969470769633, 0.00426975358278, 0.000114025853691, -0.00243534869514, 0.000205943186302, 0.00173374451697, -0.00124673498794, -0.000238803389948, -5.10244135512e-05, 0.000430707383202, -0.00180160242599], [0.000177790905582, -0.000861593405716, 0.00022383526084, 0.000114025853691, 0.00430074566975, 0.000119718759379, -0.00116583856288, -0.000890688155778, 0.000143043886055, -0.00200264737941, 0.00096273899544, -0.00125498697162, -0.000382612925023], [-0.000240773821133, 0.00161704141647, -0.000292040989734, -0.00243534869514, 0.000119718759379, 0.0071487990208, -0.00137416901998, -0.00282640568912, 0.000328035384882, 0.00188648002222, -0.00244387914427, 0.00128661212511, 0.000239376851823], [6.65556872264e-05, -0.000920462131035, 0.00105799222365, 0.000205943186302, -0.00116583856288, -0.00137416901998, 0.00489756604657, -0.00100590626244, -0.00013616438082, 0.000747095211409, -0.000383694510674, -0.00127269234508, 0.00113677384797], [-0.000551821780391, 0.000651942857075, -0.000505906296894, 0.00173374451697, -0.000890688155778, -0.00282640568912, -0.00100590626244, 0.00835957936943, -0.00128613214474, -0.00144316535443, -0.000369608547771, -0.00106493372004, -0.000763104122598], [0.000156221096404, -0.00110485206824, 0.000817208609078, -0.00124673498794, 0.000143043886055, 0.000328035384882, -0.00013616438082, -0.00128613214474, 0.00836141780019, -0.00082397274673, -0.00175059901085, 0.00124727375805, 2.27003920372e-06], [-0.00045687702368, 0.00120080367196, -0.000868270173669, -0.000238803389948, -0.00200264737941, 0.00188648002222, 0.000747095211409, -0.00144316535443, -0.00082397274673, 0.0101812575012, -6.6639346187e-05, 4.29338142567e-05, 0.000481363909785], [0.000263884314336, -0.00149705924559, 0.000805679592304, -5.10244135512e-05, 0.00096273899544, -0.00244387914427, -0.000383694510674, -0.000369608547771, -0.00175059901085, -6.6639346187e-05, 0.0109630478546, -0.00239315954968, -0.00190920836758], [-0.000607519352343, 0.00084622373106, -0.00115068838932, 0.000430707383202, -0.00125498697162, 0.00128661212511, -0.00127269234508, -0.00106493372004, 0.00124727375805, 4.29338142567e-05, -0.00239315954968, 0.00925143063068, -0.000811730860732], [0.000130869608256, -0.000443779106718, 0.000956608448178, -0.00180160242599, -0.000382612925023, 0.000239376851823, 0.00113677384797, -0.000763104122598, 2.27003920372e-06, 0.000481363909785, -0.00190920836758, -0.000811730860732, 0.0115244397894]]
    },
    "melbands": {
        "dmean": [0.000677482865285, 0.000606219167821, 0.000357232900569, 0.000250190147199, 0.000313255208312, 0.000276899751043, 0.000176269706571, 0.000285702873953, 0.0003440475557, 0.000249314965913, 0.00022221171821, 0.000105844570498, 0.000100494704384, 7.23363118595e-05, 6.34829048067e-05, 3.77664837288e-05, 2.93226203212e-05, 1.7892834876e-05, 1.49803190652e-05, 1.11446470328e-05, 1.10672935989e-05, 9.09752816369e-06, 5.97107418798e-06, 5.07361028212e-06, 5.22787786394e-06, 6.53802590023e-06, 4.65087168777e-06, 3.28016517415e-06, 2.87123384624e-06, 2.62970706899e-06, 2.275505949e-06, 1.98402494789e-06, 1.76714854661e-06, 1.73591399744e-06, 1.44806404023e-06, 1.05688786789e-06, 9.39290828228e-07, 7.96070935394e-07, 8.08788684026e-07, 9.30495161811e-07],
        "dmean2": [0.00108118890785, 0.000998929259367, 0.000601482053753, 0.000414226611611, 0.000509808189236, 0.000454692810308, 0.0002752179862, 0.000417549541453, 0.000550852448214, 0.000383651058655, 0.000350854767021, 0.000172925749212, 0.000165653909789, 0.000118757088785, 0.000103838050563, 6.24566091574e-05, 4.95422900713e-05, 2.93052671623e-05, 2.45411501965e-05, 1.80226270459e-05, 1.83148204087e-05, 1.51256217578e-05, 1.00644601844e-05, 8.48088711791e-06, 8.42711961013e-06, 1.03575330286e-05, 7.47192780182e-06, 5.2843611229e-06, 4.61781155536e-06, 4.15211206928e-06, 3.51584890268e-06, 3.05994262817e-06, 2.77657363768e-06, 2.73903924608e-06, 2.19431808546e-06, 1.56481655722e-06, 1.38824077567e-06, 1.1826748505e-06, 1.18341654343e-06, 1.43673889852e-06],
        "dvar": [1.89472063994e-06, 2.07094285543e-06, 4.36198718035e-07, 2.26386148938e-07, 4.45719081199e-07, 3.3480125694e-07, 1.34140407226e-07, 2.85571445602e-07, 5.55880376396e-07, 2.58997488345e-07, 2.54102047847e-07, 6.31941361462e-08, 4.2877818629e-08, 2.02749035338e-08, 1.80495050017e-08, 6.65942012645e-09, 4.25106350121e-09, 1.41118416952e-09, 1.25225030345e-09, 6.09064632062e-10, 3.54995449703e-10, 2.36130698328e-10, 1.26148952395e-10, 8.45288977702e-11, 1.23646148875e-10, 2.14155457257e-10, 1.08883936589e-10, 5.8877604181e-11, 5.31950698768e-11, 3.78897850595e-11, 3.48808898432e-11, 3.28579732867e-11, 2.13009020145e-11, 1.38664236343e-11, 1.50572124213e-11, 1.29780491909e-11, 2.11849478932e-11, 2.78498318157e-11, 3.01810347547e-11, 5.7421529337e-11],
        "dvar2": [4.4385324145e-06, 5.28588498128e-06, 1.17632907859e-06, 6.00623025093e-07, 1.09598079234e-06, 8.67249525527e-07, 3.17839578656e-07, 5.58680255835e-07, 1.38585471632e-06, 5.89541969021e-07, 6.39313327611e-07, 1.69167989839e-07, 1.08655768827e-07, 5.08202724347e-08, 4.57899282935e-08, 1.77929244671e-08, 1.17776783881e-08, 3.42892270133e-09, 3.07958725188e-09, 1.42274814152e-09, 9.51137724137e-10, 6.3764293845e-10, 3.40558942158e-10, 2.28387253554e-10, 3.07841113711e-10, 4.81263529029e-10, 2.55789806003e-10, 1.40091868661e-10, 1.23142232522e-10, 8.17478792992e-11, 7.11527781139e-11, 6.66245461578e-11, 4.42210747187e-11, 3.16521427124e-11, 2.85032136782e-11, 2.38431496768e-11, 3.53213534809e-11, 6.54779563902e-11, 5.7792878122e-11, 1.34441513477e-10],
        "max": [0.0235101357102, 0.0202789790928, 0.0149342007935, 0.00871649477631, 0.0123587045819, 0.0119925867766, 0.00767071079463, 0.0134599776939, 0.0151571473107, 0.00849073007703, 0.0105108497664, 0.00658786250278, 0.00504784239456, 0.00292261200957, 0.0028295700904, 0.00185836502351, 0.00166922842618, 0.000955803028774, 0.000983016914688, 0.000952419999521, 0.000375800591428, 0.000276655569905, 0.000251524324995, 0.000212449886021, 0.000339401041856, 0.000377764634322, 0.000290258612949, 0.000241309768171, 0.000351932219928, 0.000215328051127, 0.000221780879656, 0.000180296323379, 0.000134920846904, 9.40809622989e-05, 0.00015780988906, 0.00012754839554, 0.000252729543718, 0.000307839130983, 0.000323602580465, 0.000536952516995],
        "mean": [0.00139502936509, 0.000963400583714, 0.000581728760153, 0.0004270542413, 0.000560765445698, 0.000476694462122, 0.000336838536896, 0.000571183278225, 0.000689632142894, 0.000487436074764, 0.000443054217612, 0.000208338475204, 0.000171797320945, 0.000132210392621, 0.000118429656141, 7.07654835423e-05, 5.42829438928e-05, 3.39001308021e-05, 2.83782446786e-05, 2.28117223742e-05, 2.21415029955e-05, 1.84087220987e-05, 1.22661758724e-05, 9.69283155428e-06, 1.0714428754e-05, 1.40205129355e-05, 9.53444032348e-06, 6.48672084935e-06, 5.70755400986e-06, 5.13151189807e-06, 4.29640158472e-06, 3.80343522011e-06, 3.52241090695e-06, 3.56507644028e-06, 2.94047504212e-06, 2.00023418984e-06, 1.76431865384e-06, 1.39512258102e-06, 1.31454021357e-06, 1.74619594873e-06],
        "median": [0.000349500071025, 0.000421570846811, 0.000284838926746, 0.000228370307013, 0.000240207227762, 0.000215986205149, 0.000159100760357, 0.000262035755441, 0.000204204567126, 0.000149709245306, 0.000111275541713, 6.93287365721e-05, 7.27143706172e-05, 5.02465918544e-05, 3.66368985851e-05, 2.69043921435e-05, 2.1774068955e-05, 1.23221243484e-05, 9.9964254332e-06, 9.40346490097e-06, 1.1313271898e-05, 7.58888518249e-06, 4.6263112381e-06, 4.74201215184e-06, 5.10352992933e-06, 5.08032053403e-06, 3.65610981135e-06, 3.04152786157e-06, 2.77200751952e-06, 2.29437955568e-06, 1.86832369309e-06, 1.58498482961e-06, 1.46592549299e-06, 1.40073132116e-06, 1.09348900423e-06, 6.48905086109e-07, 4.87103875457e-07, 3.21801621794e-07, 2.50197672358e-07, 2.03974437341e-07],
        "min": [4.06617173713e-17, 2.24872622943e-17, 7.82417154678e-18, 5.16062350458e-18, 4.78542016899e-18, 2.97220035481e-18, 6.09225717617e-18, 6.42232043855e-18, 1.99434445098e-18, 7.63927351882e-18, 1.0180919127e-17, 1.43301960459e-17, 2.70544656002e-17, 1.56631893312e-17, 9.626655177e-18, 6.05861739502e-18, 1.16661533497e-17, 9.05817695538e-18, 1.80280209475e-17, 1.30319360745e-17, 1.57781277317e-17, 1.28252021327e-17, 8.91574389853e-18, 1.43404812096e-17, 1.71068494563e-17, 1.88578386119e-17, 6.14168080418e-18, 2.164070084e-17, 1.66626584305e-17, 3.43235927521e-18, 2.00957127442e-17, 9.85010892049e-18, 1.2042152433e-17, 1.35560253029e-17, 1.09973166131e-17, 1.28785255037e-17, 9.79273071012e-18, 1.33444879233e-17, 1.34283524569e-17, 1.20783142878e-17],
        "var": [5.06067908645e-06, 2.88978480967e-06, 7.93979950231e-07, 3.80321523608e-07, 9.37142431212e-07, 6.32327044059e-07, 3.19165508245e-07, 9.35503464916e-07, 1.85475278158e-06, 7.29684188627e-07, 7.13272015673e-07, 1.77438465698e-07, 8.50131556263e-08, 4.8413983933e-08, 4.50873010038e-08, 1.64243250111e-08, 1.1246009457e-08, 3.71903219332e-09, 3.28288685125e-09, 2.06587680296e-09, 1.05148945106e-09, 6.32703722747e-10, 3.40136308008e-10, 1.81756901196e-10, 2.8921770534e-10, 6.3273908335e-10, 2.51791421046e-10, 1.15803228118e-10, 1.05402887807e-10, 9.35204483299e-11, 9.06095337649e-11, 8.91490214983e-11, 5.70060700034e-11, 3.77059182488e-11, 4.64484284368e-11, 4.04682780342e-11, 6.63304064452e-11, 5.28120602805e-11, 6.05729633119e-11, 1.96249072548e-10]
    },
    "mfcc": {
        "mean": [-634.995605469, 130.159683228, -4.66351366043, 8.03425788879, -14.5317707062, 1.8595290184, -2.903901577, 5.71375656128, -0.802013516426, 4.15363550186, 0.547466576099, 1.74099135399, 1.33848488331],
        "cov": [[4841.66552734, -2057.18310547, 364.740356445, 66.7667236328, 21.0394172668, 240.575424194, 261.185333252, 330.150634766, 167.336151123, 128.824371338, 113.041297913, -23.3222961426, 108.495422363], [-2057.18310547, 1926.54821777, -21.0634727478, 205.807434082, 94.64112854, -102.483200073, -108.762062073, -82.2635650635, -67.8838806152, -43.943862915, -32.7462997437, 89.3320846558, 37.2982330322], [364.740356445, -21.0634727478, 1176.31469727, 300.355926514, 208.90184021, 82.8203735352, -86.0809020996, -77.9744110107, -27.7820320129, -65.3446121216, -68.5633926392, 10.3883285522, 80.2310791016], [66.7667236328, 205.807434082, 300.355926514, 342.201721191, 121.229728699, 82.0928192139, -19.5059127808, -28.728603363, 22.1322822571, 5.13584947586, -33.356552124, 14.8607225418, 54.7908477783], [21.0394172668, 94.64112854, 208.90184021, 121.229728699, 269.846710205, 20.5515537262, -26.3223934174, -44.1052932739, 21.6486129761, 4.15152692795, -8.40640544891, -0.775516629219, 45.167591095], [240.575424194, -102.483200073, 82.8203735352, 82.0928192139, 20.5515537262, 178.611709595, 62.1815795898, 49.6534080505, 15.3434581757, 40.3905677795, 11.4668836594, -5.48491811752, 8.37913513184], [261.185333252, -108.762062073, -86.0809020996, -19.5059127808, -26.3223934174, 62.1815795898, 239.584579468, 144.601898193, 37.3479995728, 29.1311779022, 57.7952384949, 8.0634098053, 8.28859043121], [330.150634766, -82.2635650635, -77.9744110107, -28.728603363, -44.1052932739, 49.6534080505, 144.601898193, 270.47164917, 43.8547401428, 24.4925556183, 68.0854110718, 45.4587211609, 19.4919815063], [167.336151123, -67.8838806152, -27.7820320129, 22.1322822571, 21.6486129761, 15.3434581757, 37.3479995728, 43.8547401428, 122.970375061, 29.1307277679, 28.063835144, 6.18039226532, -0.536459445953], [128.824371338, -43.943862915, -65.3446121216, 5.13584947586, 4.15152692795, 40.3905677795, 29.1311779022, 24.4925556183, 29.1307277679, 130.74899292, 43.3150177002, 2.94182181358, -2.38028407097], [113.041297913, -32.7462997437, -68.5633926392, -33.356552124, -8.40640544891, 11.4668836594, 57.7952384949, 68.0854110718, 28.063835144, 43.3150177002, 113.477409363, 24.8488674164, 3.5602312088], [-23.3222961426, 89.3320846558, 10.3883285522, 14.8607225418, -0.775516629219, -5.48491811752, 8.0634098053, 45.4587211609, 6.18039226532, 2.94182181358, 24.8488674164, 103.478912354, 23.1539936066], [108.495422363, 37.2982330322, 80.2310791016, 54.7908477783, 45.167591095, 8.37913513184, 8.28859043121, 19.4919815063, -0.536459445953, -2.38028407097, 3.5602312088, 23.1539936066, 103.506126404]],
