{
"lowlevel": {
    "average_loudness": 0.726663053036,
    "barkbands_crest": {
        "dmean": 2.65278816223,
        "dmean2": 4.40519285202,
        "dvar": 5.40826845169,
        "dvar2": 14.3662176132,
        "max": 25.5775222778,
        "mean": 10.4308156967,
        "median": 9.74611282349,
        "min": 2.62526607513,
        "var": 16.9547157288
    },
    "barkbands_flatness_db": {
        "dmean": 0.0213877521455,
        "dmean2": 0.0327085219324,
        "dvar": 0.000389276130591,
        "dvar2": 0.000840757100377,
        "max": 0.610209643841,
        "mean": 0.180128186941,
        "median": 0.168198347092,
        "min": 0.0356506966054,
        "var": 0.00744022103027
    },
    "barkbands_kurtosis": {
        "dmean": 2.56383371353,
        "dmean2": 4.12536287308,
        "dvar": 19.2691268921,
        "dvar2": 46.4960823059,
        "max": 117.408622742,
        "mean": 4.51053476334,
        "median": 2.10568189621,
        "min": -1.8975123167,
        "var": 52.4989242554
    },
    "barkbands_skewness": {
        "dmean": 0.479405015707,
        "dmean2": 0.756976485252,
        "dvar": 0.255873769522,
        "dvar2": 0.582883477211,
        "max": 8.90282058716,
        "mean": 1.41078221798,
        "median": 1.2718116045,
        "min": -5.18450117111,
        "var": 1.43535089493
    },
    "barkbands_spread": {
        "dmean": 4.34319114685,
        "dmean2": 6.76992034912,
        "dvar": 45.7323646545,
        "dvar2": 93.8749237061,
        "max": 128.621292114,
        "mean": 17.9631786346,
        "median": 13.8309984207,
        "min": 0.810504972935,
        "var": 191.273193359
    },
    "dissonance": {
        "dmean": 0.0239170826972,
        "dmean2": 0.0404058843851,
        "dvar": 0.000589845294598,
        "dvar2": 0.00160710094497,
        "max": 0.500000119209,
        "mean": 0.455370157957,
        "median": 0.467110335827,
        "min": 0.143536761403,
        "var": 0.00181617191993
    },
    "dynamic_complexity": 3.29218888283,
    "erbbands_crest": {
        "dmean": 2.92258477211,
        "dmean2": 4.80925559998,
        "dvar": 7.27401590347,
        "dvar2": 18.4793205261,
        "max": 31.2369709015,
        "mean": 10.4161052704,
        "median": 9.23649024963,
        "min": 2.52418923378,
        "var": 23.4254837036
    },
    "erbbands_flatness_db": {
        "dmean": 0.0178776402026,
        "dmean2": 0.0268206000328,
        "dvar": 0.000288100040052,
        "dvar2": 0.000560991466045,
        "max": 0.471001774073,
        "mean": 0.201893150806,
        "median": 0.193310067058,
        "min": 0.0534566566348,
        "var": 0.0053551197052
    },
    "erbbands_kurtosis": {
        "dmean": 1.2264509201,
        "dmean2": 1.98091030121,
        "dvar": 2.82407879829,
        "dvar2": 6.63797521591,
        "max": 35.8421554565,
        "mean": 1.36503756046,
        "median": 0.601026773453,
        "min": -1.86728596687,
        "var": 8.05950641632
    },
    "erbbands_skewness": {
        "dmean": 0.374901592731,
        "dmean2": 0.588106215,
        "dvar": 0.134987518191,
        "dvar2": 0.294749498367,
        "max": 4.08209514618,
        "mean": 0.75008302927,
        "median": 0.770004928112,
        "min": -4.7943778038,
        "var": 0.629492223263
    },
    "erbbands_spread": {
        "dmean": 6.87421512604,
        "dmean2": 10.6830015182,
        "dvar": 85.5272293091,
        "dvar2": 177.177566528,
        "max": 188.637313843,
        "mean": 31.5110149384,
        "median": 26.0826931,
        "min": 3.37188744545,
        "var": 423.771789551
    },
    "hfc": {
        "dmean": 5.69631052017,
        "dmean2": 8.95000839233,
        "dvar": 77.8321151733,
        "dvar2": 185.020202637,
        "max": 307.668029785,
        "mean": 23.446603775,
        "median": 17.4804935455,
        "min": 6.70037414441e-10,
        "var": 503.972442627
    },
    "melbands_crest": {
        "dmean": 3.28954744339,
        "dmean2": 5.42917013168,
        "dvar": 8.81584453583,
        "dvar2": 22.7980976105,
        "max": 33.8672790527,
        "mean": 14.0356359482,
        "median": 12.9543476105,
        "min": 2.93287158012,
        "var": 31.2689476013
    },
    "melbands_flatness_db": {
        "dmean": 0.0239045042545,
        "dmean2": 0.036388810724,
        "dvar": 0.000553689431399,
        "dvar2": 0.00113913428504,
        "max": 0.794309079647,
        "mean": 0.221696063876,
        "median": 0.193767845631,
        "min": 0.0173454172909,
        "var": 0.0122225740924
    },
    "melbands_kurtosis": {
        "dmean": 5.40804100037,
        "dmean2": 8.67506599426,
        "dvar": 103.355484009,
        "dvar2": 235.772689819,
        "max": 319.274261475,
        "mean": 11.0154333115,
        "median": 5.67314434052,
        "min": -1.85624194145,
        "var": 263.458953857
    },
    "melbands_skewness": {
        "dmean": 0.629415869713,
        "dmean2": 0.99440985918,
        "dvar": 0.483293473721,
        "dvar2": 1.1212297678,
        "max": 15.5526351929,
        "mean": 2.15931940079,
        "median": 1.8876901865,
        "min": -1.67546927929,
        "var": 2.37162399292
    },
    "melbands_spread": {
        "dmean": 5.67167568207,
        "dmean2": 8.83346271515,
        "dvar": 101.139961243,
        "dvar2": 199.555511475,
        "max": 237.929382324,
        "mean": 21.9583396912,
        "median": 16.3714427948,
        "min": 0.738675355911,
        "var": 472.485534668
    },
    "pitch_salience": {
        "dmean": 0.0692617744207,
        "dmean2": 0.114791415632,
        "dvar": 0.0042471527122,
        "dvar2": 0.0112050548196,
        "max": 0.885623991489,
        "mean": 0.559209525585,
        "median": 0.562790632248,
        "min": 0.122497431934,
        "var": 0.0152150066569
    },
    "silence_rate_20dB": {
        "dmean": 0,
        "dmean2": 0,
        "dvar": 0,
        "dvar2": 0,
        "max": 1,
        "mean": 1,
        "median": 1,
        "min": 1,
        "var": 0
    },
    "silence_rate_30dB": {
        "dmean": 0.00420364318416,
        "dmean2": 0.0084082679823,
        "dvar": 0.00418641325086,
        "dvar2": 0.0116062052548,
        "max": 1,
        "mean": 0.997431397438,
        "median": 1,
        "min": 0,
        "var": 0.00256145070307
    },
    "silence_rate_60dB": {
        "dmean": 0.0165810361505,
        "dmean2": 0.0331659466028,
        "dvar": 0.0163058377802,
        "dvar2": 0.0372030623257,
        "max": 1,
        "mean": 0.0704028010368,
        "median": 0,
        "min": 0,
        "var": 0.0654372870922
    },
    "spectral_centroid": {
        "dmean": 209.404067993,
        "dmean2": 323.096191406,
        "dvar": 72710.3203125,
        "dvar2": 141726.328125,
        "max": 7058.14355469,
        "mean": 1331.67089844,
        "median": 1312.6862793,
        "min": 162.448989868,
        "var": 518488.8125
    },
    "spectral_complexity": {
        "dmean": 2.52685666084,
        "dmean2": 4.17143535614,
        "dvar": 6.21042060852,
        "dvar2": 15.2033185959,
        "max": 49,
        "mean": 17.0152950287,
        "median": 16,
        "min": 0,
        "var": 84.4182128906
    },
    "spectral_decrease": {
        "dmean": 1.93428761897e-09,
        "dmean2": 3.17721227105e-09,
        "dvar": 8.56013316293e-18,
        "dvar2": 2.20315982733e-17,
        "max": 1.63104596496e-09,
        "mean": -6.69796484942e-09,
        "median": -6.16101303308e-09,
        "min": -4.85408513384e-08,
        "var": 2.54211693566e-17
    },
    "spectral_energy": {
        "dmean": 0.00767379440367,
        "dmean2": 0.012587971054,
        "dvar": 0.00012883610907,
        "dvar2": 0.000331316725351,
        "max": 0.189288914204,
        "mean": 0.0274063199759,
        "median": 0.0253300964832,
        "min": 6.92626091572e-14,
        "var": 0.000401389173931
    },
    "spectral_energyband_high": {
        "dmean": 0.000296646438073,
        "dmean2": 0.000435384135926,
        "dvar": 5.32449064394e-07,
        "dvar2": 1.08929407361e-06,
        "max": 0.0266321096569,
        "mean": 0.000863030669279,
        "median": 0.000408339983551,
        "min": 5.22905219016e-14,
        "var": 2.26675911108e-06
    },
    "spectral_energyband_low": {
        "dmean": 0.00401493255049,
        "dmean2": 0.00678532151505,
        "dvar": 9.67046144069e-05,
        "dvar2": 0.00026518345112,
        "max": 0.14375603199,
        "mean": 0.00864933617413,
        "median": 0.00358007708564,
        "min": 2.30793777644e-15,
        "var": 0.00017229061632
    },
    "spectral_energyband_middle_high": {
        "dmean": 0.00266190525144,
        "dmean2": 0.00425359839574,
        "dvar": 2.12085669773e-05,
        "dvar2": 5.49940778001e-05,
        "max": 0.0791147351265,
        "mean": 0.00868134386837,
        "median": 0.00361561612226,
        "min": 1.19558480276e-14,
        "var": 0.000120108568808
    },
    "spectral_energyband_middle_low": {
        "dmean": 0.00415901048109,
        "dmean2": 0.00686184503138,
        "dvar": 4.6733799536e-05,
        "dvar2": 0.000123319245176,
        "max": 0.116801485419,
        "mean": 0.0102987820283,
        "median": 0.00826734863222,
        "min": 1.35604151504e-15,
        "var": 9.12876275834e-05
    },
    "spectral_entropy": {
        "dmean": 0.144661277533,
        "dmean2": 0.218372136354,
        "dvar": 0.0261087492108,
        "dvar2": 0.0466080792248,
        "max": 8.99705982208,
        "mean": 7.42083883286,
        "median": 7.562022686,
        "min": 4.52888679504,
        "var": 0.387780070305
    },
    "spectral_flux": {
        "dmean": 0.0210162065923,
        "dmean2": 0.0334547646344,
        "dvar": 0.000661727506667,
        "dvar2": 0.0013423608616,
        "max": 0.389839053154,
        "mean": 0.0843731835485,
        "median": 0.0792303159833,
        "min": 1.29538138935e-05,
        "var": 0.00234399479814
    },
    "spectral_kurtosis": {
        "dmean": 3.5618724823,
        "dmean2": 5.54880332947,
        "dvar": 211.590576172,
        "dvar2": 428.211853027,
        "max": 654.451599121,
        "mean": 7.85280323029,
        "median": 3.51073503494,
        "min": -1.31897854805,
        "var": 812.246582031
    },
    "spectral_rms": {
        "dmean": 0.0006650617579,
        "dmean2": 0.00107330095489,
        "dvar": 5.82102870794e-07,
        "dvar2": 1.4189392914e-06,
        "max": 0.013589411974,
        "mean": 0.00479623535648,
        "median": 0.00497114565223,
        "min": 8.22029644354e-09,
        "var": 3.73400348508e-06
    },
    "spectral_rolloff": {
        "dmean": 403.661224365,
        "dmean2": 682.716308594,
        "dvar": 932135.75,
        "dvar2": 1924946,
        "max": 18174.0234375,
        "mean": 1567.33410645,
        "median": 1076.66015625,
        "min": 64.599609375,
        "var": 3867232.75
    },
    "spectral_skewness": {
        "dmean": 0.287276834249,
        "dmean2": 0.45146766305,
        "dvar": 0.277466803789,
        "dvar2": 0.587240278721,
        "max": 19.2858467102,
        "mean": 1.67381894588,
        "median": 1.45007050037,
        "min": -0.303145945072,
        "var": 1.67909526825
    },
    "spectral_spread": {
        "dmean": 457875.96875,
        "dmean2": 650153.0625,
        "dvar": 500240711680,
        "dvar2": 735687671808,
        "max": 19934338,
        "mean": 4284270.5,
        "median": 3905133.5,
        "min": 155231.09375,
        "var": 4.84508853862e+12
    },
    "spectral_strongpeak": {
        "dmean": 0.717128455639,
        "dmean2": 1.21334660053,
        "dvar": 1.64386475086,
        "dvar2": 4.41558408737,
        "max": 31.1730899811,
        "mean": 1.37600445747,
        "median": 0.574014902115,
        "min": 0,
        "var": 4.47442150116
    },
    "zerocrossingrate": {
        "dmean": 0.00902288313955,
        "dmean2": 0.0103368163109,
        "dvar": 0.000240735113039,
        "dvar2": 0.00022621412063,
        "max": 0.67138671875,
        "mean": 0.0628553330898,
        "median": 0.056640625,
        "min": 0.00341796875,
        "var": 0.00319918431342
    },
    "barkbands": {
        "dmean": [0.000213321647607, 0.00275356415659, 0.00169495819137, 0.000903841515537, 0.00112559413537, 0.000947310705669, 0.000683423655573, 0.000907300971448, 0.00130869017448, 0.00116320734378, 0.00117867614608, 0.000653768714983, 0.000441988639068, 0.000449292449048, 0.00035118861706, 0.000303207751131, 0.000178274422069, 0.000133279987494, 0.00015050645743, 0.000124590209452, 7.90600097389e-05, 7.65762961237e-05, 5.94076736888e-05, 3.93016925955e-05, 6.04813139944e-05, 2.23755050683e-05, 5.53131576453e-06],
        "dmean2": [0.000311973504722, 0.00450080633163, 0.00302386470139, 0.00156857713591, 0.00190267746802, 0.00156609155238, 0.00108662631828, 0.00147008721251, 0.00217419443652, 0.00190972886048, 0.0018823078135, 0.00105671572965, 0.000720303098205, 0.000729115854483, 0.000566642556805, 0.00048540419084, 0.000283016677713, 0.000219321213081, 0.000242603477091, 0.00019571010489, 0.000123030011309, 0.000118294956337, 9.04632688616e-05, 6.04891793046e-05, 8.89684160938e-05, 3.45200569427e-05, 9.55036557571e-06],
        "dvar": [2.76070693417e-07, 3.69089248125e-05, 4.45528457931e-05, 5.74010209675e-06, 6.20247010374e-06, 5.11284360982e-06, 2.96354482998e-06, 5.34137734576e-06, 1.06005172711e-05, 8.38080450194e-06, 7.89413479652e-06, 3.8225289245e-06, 1.55476743657e-06, 1.19038702451e-06, 8.80427478478e-07, 1.21881294035e-06, 2.30412155133e-07, 7.66924443951e-08, 1.10056795677e-07, 7.07973342173e-08, 3.83494835887e-08, 3.8399683433e-08, 2.48932785496e-08, 1.52382213514e-08, 1.26407485368e-07, 2.61354387021e-08, 1.13289635451e-08],
        "dvar2": [5.36051175004e-07, 9.36920332606e-05, 0.000126074446598, 1.65273686434e-05, 1.66405970958e-05, 1.32853465402e-05, 6.91229433869e-06, 1.32616460178e-05, 2.85390451609e-05, 2.2510494091e-05, 1.94324147742e-05, 9.5081895779e-06, 3.84217082683e-06, 3.0432956919e-06, 2.21029631575e-06, 2.89120930574e-06, 4.79348500448e-07, 1.9678199692e-07, 2.6212683224e-07, 1.58027859243e-07, 8.30562498777e-08, 7.85699612038e-08, 5.19325027426e-08, 3.38844827752e-08, 2.82340522517e-07, 7.14757888431e-08, 2.8939865615e-08],
        "max": [0.0106548843905, 0.0890072509646, 0.106623850763, 0.046518675983, 0.0537264943123, 0.0593716837466, 0.0537264794111, 0.0506089404225, 0.0878718197346, 0.0580433532596, 0.073495849967, 0.0405447818339, 0.0519294179976, 0.0299110561609, 0.0203524343669, 0.0294783487916, 0.0197440702468, 0.00523721473292, 0.00707797333598, 0.00972258299589, 0.00471099512652, 0.00770826311782, 0.00700928503647, 0.00284598721191, 0.0193893108517, 0.0100333644077, 0.0112522346899],
        "mean": [0.000459217699245, 0.00577511219308, 0.00170494476333, 0.00142189930193, 0.00201139948331, 0.00154222373385, 0.00110482086893, 0.00129864912014, 0.00219936086796, 0.00196022191085, 0.00224980339408, 0.00109271833207, 0.000792896491475, 0.000763145391829, 0.000597843085416, 0.000472195504699, 0.00035216397373, 0.000263638008619, 0.000330465350999, 0.000288518873276, 0.00017617890262, 0.000166964862728, 0.000137780647492, 7.13336412446e-05, 0.000109910681203, 4.86596727569e-05, 1.42172148117e-05],
        "median": [9.5835994216e-06, 0.0013247091556, 0.000572363031097, 0.00040452828398, 0.000917146331631, 0.000490420905408, 0.00032922430546, 0.000427689694334, 0.000440072530182, 0.000404194695875, 0.000420010328526, 0.000185605429579, 0.000189944184967, 0.000162202195497, 0.000143409852171, 0.000105878774775, 0.000106038874947, 0.000117120929644, 0.000126966056996, 0.000125710561406, 6.58575881971e-05, 7.08342558937e-05, 5.47040981473e-05, 2.38585780608e-05, 1.45327076098e-05, 2.18963532461e-06, 1.24103261001e-09],
        "min": [1.43980206209e-15, 1.29833178391e-15, 2.57022777542e-16, 9.32135538605e-17, 2.14773885864e-16, 3.49785934868e-16, 2.6194594479e-16, 2.64965431959e-16, 1.49148499498e-16, 1.12824285648e-16, 4.42544804089e-16, 1.18377830697e-15, 9.19881552662e-17, 8.76729551808e-16, 9.77619487337e-16, 1.71445905975e-15, 1.40208569666e-15, 1.64960545274e-15, 2.59289914165e-15, 1.69317089832e-15, 2.69454436587e-15, 5.56548757817e-15, 2.0186438377e-15, 6.98651197862e-15, 9.31462819744e-15, 9.8058725785e-15, 1.57338436713e-14],
        "var": [1.22237725009e-06, 8.56251499499e-05, 2.88510891551e-05, 7.90083868196e-06, 1.01563136923e-05, 8.83386110218e-06, 5.20788762515e-06, 7.83720952313e-06, 2.30814548559e-05, 1.86028246389e-05, 2.92347740469e-05, 7.92026548879e-06, 4.07081961384e-06, 2.3719182991e-06, 1.89590400623e-06, 1.91714502762e-06, 9.75528337221e-07, 1.71877189814e-07, 2.90129634095e-07, 2.46610426302e-07, 1.21592563573e-07, 1.04126762324e-07, 7.15926660178e-08, 2.71817306441e-08, 3.7457945723e-07, 1.25841239651e-07, 5.22338865494e-08]
    },
    "erbbands": {
        "dmean": [0.101839259267, 0.596630513668, 1.69254612923, 2.60360336304, 2.60265111923, 4.34827280045, 6.29467630386, 8.65785121918, 7.93653583527, 16.7321186066, 17.2041702271, 31.8424663544, 32.6687278748, 36.0309143066, 42.9940376282, 24.7716350555, 19.8985271454, 20.3708267212, 17.9774303436, 18.4307384491, 12.1029500961, 8.66899681091, 6.33287191391, 7.78684854507, 6.8219408989, 6.33545875549, 3.44954848289, 3.00072741508, 2.66501545906, 2.3208963871, 1.67652702332, 0.834034562111, 0.73427939415, 0.849355399609, 0.337861418724, 0.114749506116, 0.0528799630702, 0.00602476065978, 0.00125796278007, 4.95686945214e-05],
        "dmean2": [0.160699114203, 0.9887586236, 3.00275754929, 4.53890943527, 4.61093091965, 7.26150512695, 10.2940778732, 14.2952270508, 12.7428503036, 26.9507770538, 28.1182498932, 52.3111839294, 54.4087715149, 57.9938201904, 68.9792633057, 40.336555481, 32.2831535339, 33.3024902344, 29.0012073517, 29.5182170868, 19.0921325684, 13.6133775711, 10.2684688568, 12.5619916916, 10.9093179703, 9.97791385651, 5.26997613907, 4.68116426468, 4.07992887497, 3.59190535545, 2.56723713875, 1.27994227409, 1.12286090851, 1.26404237747, 0.503177583218, 0.171943172812, 0.0871563255787, 0.0100317951292, 0.00203770375811, 7.9314901086e-05],
        "dvar": [0.0583477206528, 1.98593080044, 43.6892356873, 58.5263328552, 54.4835281372, 87.7637481689, 209.739929199, 468.297668457, 440.83013916, 1807.64282227, 1878.50683594, 6557.62353516, 6627.88720703, 7903.92626953, 11801.8476562, 5489.10888672, 3201.23144531, 2365.16308594, 2179.10864258, 3928.61279297, 1745.24157715, 581.364135742, 164.388931274, 297.183929443, 275.827178955, 192.984771729, 54.66771698, 71.8714370728, 48.4101295471, 33.4946861267, 21.0797214508, 6.60348081589, 5.85178422928, 32.529510498, 2.82371377945, 0.369162708521, 0.392730146646, 0.00423502968624, 0.000608339731116, 4.524248709e-07],
        "dvar2": [0.143879562616, 5.05576848984, 122.494728088, 164.850814819, 159.222717285, 231.065414429, 511.708557129, 1210.63708496, 1112.76049805, 4286.79003906, 4763.11816406, 17162.0917969, 18687.8730469, 19716.9667969, 29952.0195312, 14534.4326172, 7585.82128906, 6181.58691406, 5814.98828125, 9408.53320312, 4243.31347656, 1225.69494629, 408.506744385, 712.931945801, 683.758666992, 442.841186523, 114.173591614, 156.84614563, 98.7149658203, 69.5055160522, 44.3592910767, 14.6082906723, 13.2016792297, 75.1244735718, 6.14558792114, 0.942719697952, 1.12647771835, 0.0124290175736, 0.00136465230025, 9.27635767312e-07],
        "max": [4.04859828949, 18.5308914185, 103.664482117, 111.493995667, 167.919509888, 209.782806396, 305.225585938, 661.984008789, 556.407104492, 1229.95654297, 986.099060059, 1925.32385254, 1931.64550781, 2043.95397949, 2910.46191406, 1876.82275391, 2838.64379883, 1206.78796387, 1306.28796387, 2051.34667969, 1585.66003418, 1293.41784668, 348.615966797, 372.097900391, 434.398071289, 451.985748291, 163.815917969, 293.457672119, 262.406311035, 271.696746826, 185.082092285, 58.9080963135, 64.2754745483, 321.555603027, 68.4604949951, 40.7029647827, 36.1368408203, 4.48861694336, 2.75276875496, 0.0600243732333],
        "mean": [0.217491492629, 1.07907533646, 1.95200991631, 3.65822601318, 4.20270013809, 7.70361948013, 10.6015987396, 13.886297226, 13.4118337631, 27.3328380585, 26.6544075012, 53.1996955872, 58.3394432068, 67.9819107056, 86.792427063, 47.2886238098, 38.6033554077, 38.6300086975, 34.05027771, 31.8385906219, 22.8290500641, 19.1018333435, 14.0564250946, 17.1077041626, 15.8753099442, 14.6891565323, 8.31100654602, 6.63175630569, 5.74710416794, 5.19788551331, 3.85019874573, 1.64317858219, 1.25298249722, 1.52306473255, 0.588889420033, 0.220044001937, 0.10220310837, 0.0129284085706, 0.0032552361954, 0.000147699785884],
        "median": [0.01760132052, 0.339556157589, 0.812921643257, 1.40570366383, 1.42307841778, 3.14009261131, 3.98064470291, 4.4880194664, 5.0282740593, 8.02640724182, 10.0266246796, 11.8061332703, 13.648235321, 15.0969486237, 18.4355335236, 10.9665365219, 11.1012020111, 10.2345104218, 8.67166996002, 9.11843299866, 5.72744035721, 6.11325883865, 6.55857849121, 6.98740768433, 6.29486322403, 6.15950965881, 3.4875664711, 2.4681930542, 2.49749016762, 2.11483097076, 1.49750304222, 0.65202832222, 0.349419414997, 0.195265159011, 0.0789037942886, 0.0204108171165, 0.00171994115226, 7.61512419558e-05, 2.38159827859e-05, 3.46411616192e-05],
        "min": [6.03570334988e-14, 2.1310384013e-13, 3.3337511896e-13, 3.13995140652e-13, 3.60733198954e-13, 7.56089635345e-13, 2.09742813395e-12, 2.94162372412e-12, 3.03921211114e-12, 5.40130657214e-12, 5.52308285912e-12, 3.55140482994e-12, 2.70211891057e-12, 5.54809106643e-12, 3.49287786194e-11, 4.11086824303e-11, 7.24113130568e-12, 3.41028420781e-11, 3.27663278454e-11, 9.69257868411e-11, 9.10464342807e-11, 8.17086676097e-11, 8.64128352207e-11, 9.01232491413e-11, 1.50807880073e-10, 7.52502574142e-11, 1.30491048522e-10, 7.96515076118e-11, 2.22806856298e-10, 1.23247967387e-10, 5.72866233617e-11, 1.72632616535e-10, 8.18156931093e-11, 7.21828707917e-11, 7.15747669466e-11, 3.44326650525e-11, 2.56773404622e-11, 8.11354369107e-12, 2.39986676365e-12, 1.99457502381e-13],
        "var": [0.158297345042, 3.40642023087, 30.1059131622, 54.2149238586, 55.7657089233, 168.969863892, 379.404998779, 761.833435059, 708.892578125, 3489.14477539, 2765.65771484, 13990.3535156, 15219.7646484, 20321.7011719, 42228.6914062, 12540.8173828, 8962.75683594, 5201.86914062, 5426.89794922, 6713.54833984, 3968.82006836, 2950.33862305, 478.542358398, 781.43762207, 718.203063965, 653.706237793, 203.599136353, 212.054489136, 126.55115509, 100.033035278, 56.9703407288, 11.9264945984, 10.0826597214, 94.3502807617, 7.12290382385, 1.14812386036, 1.14684963226, 0.0168905891478, 0.00306573859416, 3.09366646434e-06]
    },
    "gfcc": {
        "mean": [-29.8017597198, 102.527496338, -140.732574463, 28.5085220337, -68.1686401367, 15.7877902985, -25.9493160248, 6.37613964081, -17.8661346436, -3.30585765839, -8.74840927124, -6.08816862106, -6.65899848938],
        "cov": [[8668.30175781, -3613.75512695, -263.878692627, 492.756195068, -702.782836914, 1311.95788574, -577.846557617, 902.992797852, -300.891418457, 685.365661621, -308.499145508, 591.702026367, -148.06602478], [-3613.75512695, 4116.63134766, 1197.83288574, 497.207855225, 832.147033691, -914.575744629, 454.782562256, -669.239501953, 364.892578125, -392.097991943, 371.552032471, -262.325592041, 214.020431519], [-263.878692627, 1197.83288574, 2911.7121582, 677.723876953, 549.500366211, -209.477783203, -294.776641846, 2.09713125229, -135.760925293, 280.695617676, 14.6296215057, 310.507171631, -22.7973575592], [492.756195068, 497.207855225, 677.723876953, 790.448059082, 80.207649231, -20.7403564453, -39.5948829651, -52.0891723633, 73.8378143311, 40.1884346008, 61.8604049683, 95.9202041626, 68.7487411499], [-702.782836914, 832.147033691, 549.500366211, 80.207649231, 497.546813965, -171.363632202, 127.034545898, -64.7104721069, 46.0427360535, 26.4151878357, 40.3201713562, 23.4950256348, 18.8401527405], [1311.95788574, -914.575744629, -209.477783203, -20.7403564453, -171.363632202, 515.173339844, -34.798915863, 190.599822998, -78.7902374268, 125.393112183, -37.0597076416, 69.3871917725, -39.6961669922], [-577.846557617, 454.782562256, -294.776641846, -39.5948829651, 127.034545898, -34.798915863, 372.840087891, -118.713020325, 106.245658875, -85.8670883179, 68.4920425415, -82.2494735718, 30.3647861481], [902.992797852, -669.239501953, 2.09713125229, -52.0891723633, -64.7104721069, 190.599822998, -118.713020325, 309.957946777, -54.4680137634, 130.081710815, -61.02526474, 75.7502975464, -20.8920993805], [-300.891418457, 364.892578125, -135.760925293, 73.8378143311, 46.0427360535, -78.7902374268, 106.245658875, -54.4680137634, 221.668914795, -65.4972915649, 67.4088058472, -56.8079910278, 41.3579864502], [685.365661621, -392.097991943, 280.695617676, 40.1884346008, 26.4151878357, 125.393112183, -85.8670883179, 130.081710815, -65.4972915649, 243.094268799, -30.2394943237, 126.855628967, -37.7326393127], [-308.499145508, 371.552032471, 14.6296215057, 61.8604049683, 40.3201713562, -37.0597076416, 68.4920425415, -61.02526474, 67.4088058472, -30.2394943237, 173.531143188, -19.3383674622, 53.8663024902], [591.702026367, -262.325592041, 310.507171631, 95.9202041626, 23.4950256348, 69.3871917725, -82.2494735718, 75.7502975464, -56.8079910278, 126.855628967, -19.3383674622, 211.114257812, -16.5727157593], [-148.06602478, 214.020431519, -22.7973575592, 68.7487411499, 18.8401527405, -39.6961669922, 30.3647861481, -20.8920993805, 41.3579864502, -37.7326393127, 53.8663024902, -16.5727157593, 123.455612183]],
        "icov": [[0.000329474161845, 5.95806204728e-06, 0.000137691953569, -0.000322136591421, 0.000126333805383, -0.000449506158475, 0.000168085171026, -0.000355228607077, -1.14345457405e-05, -0.000283939123619, 0.000240829191171, -0.000450002058642, 7.59294707677e-05], [5.95806204728e-06, 0.00141755118966, -0.000526643765625, -0.000258946529357, -0.00107769470196, 0.000952555739786, -0.00054535549134, 0.000975629256573, -0.00048280323972, 0.000923798186705, -0.00125530734658, 0.0010418969905, -0.000501689151861], [0.000137691953569, -0.000526643765625, 0.00108821771573, -0.000602739513852, -0.00045017170487, -0.000314604549203, 0.000959572265856, -0.000372164329747, 0.000652391347103, -0.000850587559398, 0.000353776005795, -0.000945974490605, 0.000523393275216], [-0.000322136591421, -0.000258946529357, -0.000602739513852, 0.00234772800468, 0.000451569940196, -0.000128070721985, -2.52780064329e-05, 0.000708132924046, -0.000956025905907, 0.000177575682756, 2.9180130241e-06, -0.000314073491609, -0.00100905902218], [0.000126333805383, -0.00107769470196, -0.00045017170487, 0.000451569940196, 0.00470432918519, 7.06711725798e-05, -0.00152959651314, -0.00119585637003, -3.49993752025e-05, -0.00143476796802, 0.00113392842468, -0.000984644866548, 0.000110120556201], [-0.000449506158475, 0.000952555739786, -0.000314604549203, -0.000128070721985, 7.06711725798e-05, 0.00460818782449, -0.00155109830666, -0.000497231725603, 0.000615921977442, -3.7164430978e-05, -0.00154698127881, 0.00107756955549, 0.000193015643163], [0.000168085171026, -0.00054535549134, 0.000959572265856, -2.52780064329e-05, -0.00152959651314, -0.00155109830666, 0.005184085574, 0.000953734270297, -0.000922335020732, -0.000253089790931, -6.53878014418e-05, -0.000278889347101, 0.000182024261449], [-0.000355228607077, 0.000975629256573, -0.000372164329747, 0.000708132924046, -0.00119585637003, -0.000497231725603, 0.000953734270297, 0.00685013458133, -0.00107548432425, -0.00101271830499, 6.31195434835e-05, 0.000851227319799, -0.00149567413609], [-1.14345457405e-05, -0.00048280323972, 0.000652391347103, -0.000956025905907, -3.49993752025e-05, 0.000615921977442, -0.000922335020732, -0.00107548432425, 0.00691085401922, 8.10829078546e-05, -0.00120235024951, 0.000437093753135, 1.72697709786e-05], [-0.000283939123619, 0.000923798186705, -0.000850587559398, 0.000177575682756, -0.00143476796802, -3.7164430978e-05, -0.000253089790931, -0.00101271830499, 8.10829078546e-05, 0.00895391497761, -0.00138242775574, -0.00185876770411, 0.000963045167737], [0.000240829191171, -0.00125530734658, 0.000353776005795, 2.9180130241e-06, 0.00113392842468, -0.00154698127881, -6.53878014418e-05, 6.31195434835e-05, -0.00120235024951, -0.00138242775574, 0.00909254513681, -0.00126058794558, -0.00227120378986], [-0.000450002058642, 0.0010418969905, -0.000945974490605, -0.000314073491609, -0.000984644866548, 0.00107756955549, -0.000278889347101, 0.000851227319799, 0.000437093753135, -0.00185876770411, -0.00126058794558, 0.00924311485142, -0.000560031505302], [7.59294707677e-05, -0.000501689151861, 0.000523393275216, -0.00100905902218, 0.000110120556201, 0.000193015643163, 0.000182024261449, -0.00149567413609, 1.72697709786e-05, 0.000963045167737, -0.00227120378986, -0.000560031505302, 0.0106711573899]]
    },
    "melbands": {
        "dmean": [0.000807109056041, 0.00080157717457, 0.000436847156379, 0.00021881153225, 0.000226267598919, 0.000187943835044, 0.00012358505046, 0.000190209611901, 0.000151005078806, 0.000202715891646, 0.000165529330843, 0.000148355567944, 0.00016064713418, 8.22368820081e-05, 5.67344359297e-05, 3.93881491618e-05, 4.25619327871e-05, 3.32778508891e-05, 2.51337623922e-05, 2.5192844987e-05, 1.39501862577e-05, 1.0203400052e-05, 8.30238695926e-06, 6.25851271252e-06, 7.13826784704e-06, 6.07453739576e-06, 4.69427186545e-06, 4.47486718258e-06, 2.54814790424e-06, 2.13923181036e-06, 1.84511100088e-06, 1.59398598498e-06, 1.67870007317e-06, 1.28826081891e-06, 1.14536135243e-06, 7.21730771147e-07, 4.88862724524e-07, 5.32494766503e-07, 5.31864998266e-07, 8.91379556833e-07],
        "dmean2": [0.00128503935412, 0.00137740734499, 0.000759301939979, 0.000377770949854, 0.000366813066648, 0.000310721137794, 0.000196428227355, 0.000307062524371, 0.000247972784564, 0.000334263168043, 0.000275062164292, 0.000238637876464, 0.000257809821051, 0.000128826519358, 9.1102985607e-05, 6.43843886792e-05, 6.96048300597e-05, 5.34690225322e-05, 4.03258600272e-05, 4.02774239774e-05, 2.18694112846e-05, 1.60355903063e-05, 1.32126961034e-05, 1.03857964859e-05, 1.15677175927e-05, 9.92098739516e-06, 7.41639132684e-06, 7.06299124431e-06, 3.95907500206e-06, 3.3870533116e-06, 2.89587796942e-06, 2.45910337071e-06, 2.64056825472e-06, 2.00117688109e-06, 1.77725826234e-06, 1.13411022085e-06, 7.60307159453e-07, 8.40406812586e-07, 8.01548594609e-07, 1.3515042383e-06],
        "dvar": [3.22165624311e-06, 7.30517604097e-06, 1.58364787239e-06, 2.78811540966e-07, 2.30839020787e-07, 2.0791122779e-07, 1.00662020941e-07, 2.34666529764e-07, 1.32151228627e-07, 2.73597521527e-07, 1.72726672076e-07, 1.42129209735e-07, 1.57778828225e-07, 5.78897534353e-08, 2.58238195272e-08, 1.06560626989e-08, 1.13337943475e-08, 7.34025284999e-09, 5.23194287894e-09, 8.99512730967e-09, 2.65663802068e-09, 1.02563768589e-09, 3.89716037219e-10, 1.73510886214e-10, 2.78846140622e-10, 2.49182369183e-10, 1.42873768372e-10, 1.05310718479e-10, 3.26341800805e-11, 3.7296884331e-11, 2.73559716546e-11, 1.80475547701e-11, 1.82472457283e-11, 1.04244798557e-11, 9.60616048512e-12, 4.34122269383e-12, 2.55523727177e-12, 3.19513469502e-12, 3.27179190858e-12, 5.46261334777e-11],
        "dvar2": [8.07733158581e-06, 2.01921739063e-05, 4.43275848738e-06, 7.93556978351e-07, 5.619307899e-07, 5.38499762115e-07, 2.47324180691e-07, 5.63989829061e-07, 3.37498676117e-07, 7.28052441445e-07, 4.88232615226e-07, 3.55536485586e-07, 4.00185882654e-07, 1.43293718224e-07, 6.3494688618e-08, 2.59381955914e-08, 2.94593061057e-08, 1.87217050751e-08, 1.25979546794e-08, 2.08695318804e-08, 6.32753849317e-09, 2.12032125191e-09, 8.9448543017e-10, 4.53073550899e-10, 6.69859667735e-10, 6.16658613062e-10, 3.16165926773e-10, 2.41349801255e-10, 7.12472789099e-11, 8.76115083259e-11, 5.8669430425e-11, 3.8163097682e-11, 3.95158662736e-11, 2.26109304891e-11, 2.07646781714e-11, 9.56244979033e-12, 5.82345716788e-12, 7.56066303315e-12, 6.72166228927e-12, 1.28091801055e-10],
        "max": [0.0298611558974, 0.0404538847506, 0.0201083663851, 0.00967475678772, 0.01020387467, 0.0133226625621, 0.00833526998758, 0.0141333444044, 0.00762244453654, 0.0141242360696, 0.00988668575883, 0.00911741238087, 0.0110224206001, 0.00543776480481, 0.00530452281237, 0.00447962526232, 0.00289624906145, 0.00238730525598, 0.00157254980877, 0.00285679078661, 0.00190858088899, 0.00178717402741, 0.000895381963346, 0.000249524222454, 0.000384616461815, 0.000493896484841, 0.000588797149248, 0.000363820232451, 0.00014722533524, 0.000146228441736, 0.000224245202844, 0.00015801252448, 0.000116456103569, 0.000180370334419, 0.000134291083668, 7.2420698416e-05, 3.58571887773e-05, 3.46169435943e-05, 7.857093442e-05, 0.000427470746217],
        "mean": [0.00174791051541, 0.00118050060701, 0.000667267653625, 0.000392035522964, 0.000407960469602, 0.000305858644424, 0.000207307530218, 0.000303892593365, 0.000229543875321, 0.000336818484357, 0.000285054586129, 0.000264176778728, 0.000317739206366, 0.000143851255416, 0.000101195677416, 7.14678462828e-05, 7.34172863304e-05, 5.69470830669e-05, 4.140684905e-05, 3.91245048377e-05, 2.45452447416e-05, 2.02791507036e-05, 1.55577145051e-05, 1.21213224702e-05, 1.39345283969e-05, 1.24787129607e-05, 1.00936322269e-05, 9.40103291214e-06, 5.3995804592e-06, 4.27884879173e-06, 3.681724138e-06, 3.16236014442e-06, 3.28712212649e-06, 2.70187479146e-06, 2.451071623e-06, 1.4129794863e-06, 8.38581684093e-07, 8.30018962006e-07, 8.89071884558e-07, 1.54337180902e-06],
        "median": [0.000278902676655, 0.000541113200597, 0.000264094705926, 0.000181516923476, 0.000168122322066, 9.8234602774e-05, 7.16299327905e-05, 8.8597778813e-05, 7.4477000453e-05, 6.89291628078e-05, 5.76878956053e-05, 5.04881718371e-05, 5.83548426221e-05, 2.87358234345e-05, 2.32685524679e-05, 1.9084151063e-05, 1.59875562531e-05, 1.19343831102e-05, 1.05443486973e-05, 9.63024376688e-06, 4.93226252729e-06, 5.61131855648e-06, 5.43282340004e-06, 5.39750817552e-06, 5.17217222296e-06, 4.49718072559e-06, 3.93807567889e-06, 3.83888300348e-06, 2.26934434977e-06, 1.34524009354e-06, 1.30419437028e-06, 1.33720368467e-06, 1.25407950691e-06, 1.07630717139e-06, 9.25200993152e-07, 5.24461484019e-07, 2.97121175663e-07, 2.32148821055e-07, 2.03007346045e-07, 1.40052847541e-07],
        "min": [5.18950775822e-16, 2.13724464982e-16, 5.61932046597e-17, 3.63307452677e-17, 6.68766128477e-17, 6.57652725337e-17, 4.8952475859e-17, 6.01066490772e-17, 4.35429495722e-17, 1.99329368345e-17, 1.32884116952e-17, 1.78616616914e-17, 8.60294770056e-17, 1.52819990278e-16, 3.98637660128e-17, 1.64470802736e-17, 7.14837971014e-17, 5.33812901941e-17, 8.97674003146e-17, 1.29312536355e-16, 1.078693679e-16, 9.7251730497e-17, 5.70151773431e-17, 8.26714810606e-17, 6.50720819455e-17, 1.13675858163e-16, 7.98017003481e-17, 3.86628486559e-17, 8.98831460434e-17, 7.49569895272e-17, 3.18917400675e-17, 1.11803571242e-16, 1.36039579378e-16, 4.67438506839e-17, 2.38500506253e-17, 6.51268280672e-17, 1.16244472341e-16, 5.3773999153e-17, 5.6420633006e-17, 6.53740227214e-17],
        "var": [8.48202671477e-06, 6.39207655695e-06, 1.62439050655e-06, 3.67759128039e-07, 4.71500669619e-07, 3.51331948423e-07, 1.71219738831e-07, 4.30502041127e-07, 2.07269692964e-07, 5.7329827996e-07, 3.84680816978e-07, 3.53655963181e-07, 6.01782801368e-07, 1.3379863617e-07, 5.91849023124e-08, 2.58958223753e-08, 2.27573071498e-08, 1.6646842127e-08, 9.36429511711e-09, 1.3355548667e-08, 6.26547613791e-09, 4.67533523008e-09, 1.26306443082e-09, 3.49411583001e-10, 6.42822184371e-10, 5.64748803278e-10, 3.81221110235e-10, 2.92490476284e-10, 1.00209569809e-10, 1.01705553701e-10, 7.74289521388e-11, 4.35727669224e-11, 4.18313682304e-11, 3.05524668065e-11, 2.59814201403e-11, 8.38020798588e-12, 4.10240287921e-12, 4.53634525777e-12, 7.1404327763e-12, 1.56336471546e-10]
    },
    "mfcc": {
        "mean": [-658.320861816, 119.455924988, -8.88461017609, 12.5262765884, -11.1065597534, 5.23311567307, 0.932448923588, 7.39558362961, -2.52636218071, 5.43613243103, 0.822123944759, -3.79083967209, 1.70931375027],
        "cov": [[7033.89746094, -2315.24462891, -1107.75341797, -408.846893311, -267.08996582, 150.542358398, 57.6925621033, 230.563491821, 207.31880188, 179.181228638, 9.67720890045, 86.5078582764, 307.031982422], [-2315.24462891, 2280.21582031, 958.083679199, 753.705688477, 383.64755249, 115.945755005, 5.18039321899, -51.5084190369, -120.532958984, -6.06433486938, -2.8828163147, -35.5955123901, -26.1454467773], [-1107.75341797, 958.083679199, 2111.59130859, 868.776489258, 706.267944336, 129.866500854, 37.4771575928, -149.635131836, -77.3506393433, -145.374893188, -5.02818155289, 45.764503479, 141.924865723], [-408.846893311, 753.705688477, 868.776489258, 863.585754395, 374.414550781, 98.738822937, -31.3063850403, -43.5018539429, -28.2098293304, -40.2423706055, -33.8051681519, 38.1639328003, 99.5725097656], [-267.08996582, 383.64755249, 706.267944336, 374.414550781, 460.179870605, 28.5346050262, 4.15016365051, -49.7497825623, 19.085149765, -47.9439506531, -5.40890836716, 35.4275131226, 105.555702209], [150.542358398, 115.945755005, 129.866500854, 98.738822937, 28.5346050262, 245.481903076, 88.1162796021, 25.5527439117, -9.13269042969, 34.48777771, 13.5025997162, -0.707472145557, 38.7182884216], [57.6925621033, 5.18039321899, 37.4771575928, -31.3063850403, 4.15016365051, 88.1162796021, 189.719894409, 34.3554000854, 18.1872940063, 23.3314189911, 20.6835441589, -8.01750850677, 12.178571701], [230.563491821, -51.5084190369, -149.635131836, -43.5018539429, -49.7497825623, 25.5527439117, 34.3554000854, 133.105560303, 35.0159225464, 27.5579719543, 6.48914670944, 9.61171531677, 3.28186225891], [207.31880188, -120.532958984, -77.3506393433, -28.2098293304, 19.085149765, -9.13269042969, 18.1872940063, 35.0159225464, 149.596832275, 25.9375152588, 25.1716804504, 13.2676820755, -0.882478415966], [179.181228638, -6.06433486938, -145.374893188, -40.2423706055, -47.9439506531, 34.48777771, 23.3314189911, 27.5579719543, 25.9375152588, 135.003295898, 25.7579421997, 2.41643571854, -0.213546574116], [9.67720890045, -2.8828163147, -5.02818155289, -33.8051681519, -5.40890836716, 13.5025997162, 20.6835441589, 6.48914670944, 25.1716804504, 25.7579421997, 97.3763580322, 27.6425457001, -3.75083208084], [86.5078582764, -35.5955123901, 45.764503479, 38.1639328003, 35.4275131226, -0.707472145557, -8.01750850677, 9.61171531677, 13.2676820755, 2.41643571854, 27.6425457001, 110.481155396, 46.2420921326], [307.031982422, -26.1454467773, 141.924865723, 99.5725097656, 105.555702209, 38.7182884216, 12.178571701, 3.28186225891, -0.882478415966, -0.213546574116, -3.75083208084, 46.2420921326, 173.33984375]],
