{
"lowlevel": {
    "average_loudness": 0.873707771301,
    "barkbands_crest": {
        "dmean": 2.56489706039,
        "dmean2": 4.14554309845,
        "dvar": 5.70540571213,
        "dvar2": 14.4799995422,
        "max": 25.45844841,
        "mean": 11.4597759247,
        "median": 10.9752483368,
        "min": 3.08776426315,
        "var": 18.5710659027
    },
    "barkbands_flatness_db": {
        "dmean": 0.0232660081238,
        "dmean2": 0.0342175252736,
        "dvar": 0.00047560382518,
        "dvar2": 0.0010054234881,
        "max": 0.443312197924,
        "mean": 0.187385931611,
        "median": 0.183293491602,
        "min": 0.0305146090686,
        "var": 0.00341737223789
    },
    "barkbands_kurtosis": {
        "dmean": 3.24100255966,
        "dmean2": 5.17759132385,
        "dvar": 32.4991264343,
        "dvar2": 82.2806243896,
        "max": 112.317123413,
        "mean": 6.13887548447,
        "median": 3.0657544136,
        "min": -1.89524376392,
        "var": 84.5783309937
    },
    "barkbands_skewness": {
        "dmean": 0.512604832649,
        "dmean2": 0.790965139866,
        "dvar": 0.319512575865,
        "dvar2": 0.753558039665,
        "max": 10.0762243271,
        "mean": 1.79118740559,
        "median": 1.62025213242,
        "min": -2.30444073677,
        "var": 1.75427854061
    },
    "barkbands_spread": {
        "dmean": 4.14102506638,
        "dmean2": 6.37916135788,
        "dvar": 34.4650154114,
        "dvar2": 74.016784668,
        "max": 117.869087219,
        "mean": 16.3195457458,
        "median": 13.1841278076,
        "min": 0.74101370573,
        "var": 144.750213623
    },
    "dissonance": {
        "dmean": 0.0241525322199,
        "dmean2": 0.0401855446398,
        "dvar": 0.000558700528927,
        "dvar2": 0.00145235995296,
        "max": 0.499999910593,
        "mean": 0.446897864342,
        "median": 0.45667129755,
        "min": 0.141461387277,
        "var": 0.00164743792266
    },
    "dynamic_complexity": 3.13687491417,
    "erbbands_crest": {
        "dmean": 2.70062327385,
        "dmean2": 4.25327825546,
        "dvar": 6.70568466187,
        "dvar2": 15.4016504288,
        "max": 30.6192703247,
        "mean": 10.3813905716,
        "median": 9.28239917755,
        "min": 2.36327695847,
        "var": 23.3216457367
    },
    "erbbands_flatness_db": {
        "dmean": 0.0190379843116,
        "dmean2": 0.0264218542725,
        "dvar": 0.00031947545358,
        "dvar2": 0.000568333547562,
        "max": 0.437418043613,
        "mean": 0.196620061994,
        "median": 0.196069836617,
        "min": 0.0340470895171,
        "var": 0.00324789411388
    },
    "erbbands_kurtosis": {
        "dmean": 1.10641825199,
        "dmean2": 1.70171272755,
        "dvar": 2.30192947388,
        "dvar2": 5.15740871429,
        "max": 31.0451278687,
        "mean": 1.21650052071,
        "median": 0.348398327827,
        "min": -1.8147482872,
        "var": 7.59887552261
    },
    "erbbands_skewness": {
        "dmean": 0.360203653574,
        "dmean2": 0.544645965099,
        "dvar": 0.121120348573,
        "dvar2": 0.259431749582,
        "max": 4.70940828323,
        "mean": 0.724936783314,
        "median": 0.702449023724,
        "min": -2.74101567268,
        "var": 0.70919084549
    },
    "erbbands_spread": {
        "dmean": 6.76292943954,
        "dmean2": 10.1939964294,
        "dvar": 61.1367263794,
        "dvar2": 130.619384766,
        "max": 114.784118652,
        "mean": 34.3975372314,
        "median": 31.6508197784,
        "min": 3.98286795616,
        "var": 341.567565918
    },
    "hfc": {
        "dmean": 4.92324972153,
        "dmean2": 7.00011396408,
        "dvar": 58.1024436951,
        "dvar2": 119.773414612,
        "max": 182.353713989,
        "mean": 17.6120700836,
        "median": 11.6487960815,
        "min": 1.35791308753e-10,
        "var": 272.908325195
    },
    "melbands_crest": {
        "dmean": 2.93772625923,
        "dmean2": 4.80763053894,
        "dvar": 7.12184476852,
        "dvar2": 18.5113735199,
        "max": 32.5644264221,
        "mean": 14.3628473282,
        "median": 13.9012908936,
        "min": 3.10567760468,
        "var": 22.5718364716
    },
    "melbands_flatness_db": {
        "dmean": 0.0246530305594,
        "dmean2": 0.0363387614489,
        "dvar": 0.000601661449764,
        "dvar2": 0.00130770599935,
        "max": 0.606546759605,
        "mean": 0.236634582281,
        "median": 0.228910446167,
        "min": 0.0189479552209,
        "var": 0.0052604964003
    },
    "melbands_kurtosis": {
        "dmean": 6.79812240601,
        "dmean2": 10.9212388992,
        "dvar": 173.526596069,
        "dvar2": 446.466827393,
        "max": 287.386810303,
        "mean": 14.9943990707,
        "median": 8.37698173523,
        "min": -1.76797926426,
        "var": 442.505340576
    },
    "melbands_skewness": {
        "dmean": 0.659143149853,
        "dmean2": 1.02129566669,
        "dvar": 0.569335877895,
        "dvar2": 1.33906209469,
        "max": 13.9332084656,
        "mean": 2.61519289017,
        "median": 2.35054516792,
        "min": -0.833696424961,
        "var": 3.14040327072
    },
    "melbands_spread": {
        "dmean": 4.93347787857,
        "dmean2": 7.54154825211,
        "dvar": 70.6348495483,
        "dvar2": 148.990219116,
        "max": 246.352401733,
        "mean": 17.8815116882,
        "median": 14.3565254211,
        "min": 0.71412217617,
        "var": 261.665161133
    },
    "pitch_salience": {
        "dmean": 0.0648233443499,
        "dmean2": 0.105540879071,
        "dvar": 0.00393934641033,
        "dvar2": 0.0103800175712,
        "max": 0.928667902946,
        "mean": 0.534042596817,
        "median": 0.529867529869,
        "min": 0.113868959248,
        "var": 0.0147811854258
    },
    "silence_rate_20dB": {
        "dmean": 0,
        "dmean2": 0,
        "dvar": 0,
        "dvar2": 0,
        "max": 1,
        "mean": 1,
        "median": 1,
        "min": 1,
        "var": 0
    },
    "silence_rate_30dB": {
        "dmean": 0.00556833297014,
        "dmean2": 0.0111380144954,
        "dvar": 0.00553713459522,
        "dvar2": 0.0124658597633,
        "max": 1,
        "mean": 0.994795441628,
        "median": 1,
        "min": 0,
        "var": 0.00517725758255
    },
    "silence_rate_60dB": {
        "dmean": 0.0181576088071,
        "dmean2": 0.0363196134567,
        "dvar": 0.0178295858204,
        "dvar2": 0.0415321998298,
        "max": 1,
        "mean": 0.0504720397294,
        "median": 0,
        "min": 0,
        "var": 0.0479181706905
    },
    "spectral_centroid": {
        "dmean": 203.915756226,
        "dmean2": 309.312957764,
        "dvar": 67024.6640625,
        "dvar2": 137850.734375,
        "max": 4917.39599609,
        "mean": 1161.50952148,
        "median": 1006.91912842,
        "min": 218.181060791,
        "var": 396698.1875
    },
    "spectral_complexity": {
        "dmean": 2.56070685387,
        "dmean2": 4.05653762817,
        "dvar": 7.37709760666,
        "dvar2": 16.3914909363,
        "max": 47,
        "mean": 14.6235780716,
        "median": 14,
        "min": 0,
        "var": 41.4502830505
    },
    "spectral_decrease": {
        "dmean": 2.18416706943e-09,
        "dmean2": 3.42362427297e-09,
        "dvar": 1.17860928841e-17,
        "dvar2": 3.00512632045e-17,
        "max": -7.11004448574e-22,
        "mean": -7.28181381859e-09,
        "median": -6.05935568387e-09,
        "min": -5.1610481222e-08,
        "var": 3.42883436911e-17
    },
    "spectral_energy": {
        "dmean": 0.00858555734158,
        "dmean2": 0.0134013835341,
        "dvar": 0.000176632718649,
        "dvar2": 0.000446475489298,
        "max": 0.196197494864,
        "mean": 0.0290806461126,
        "median": 0.0242558196187,
        "min": 1.50001640612e-14,
        "var": 0.000528645992745
    },
    "spectral_energyband_high": {
        "dmean": 0.000258383399341,
        "dmean2": 0.000377005169867,
        "dvar": 3.65277031733e-07,
        "dvar2": 7.57597092615e-07,
        "max": 0.0160636156797,
        "mean": 0.000570716161747,
        "median": 0.000234157691011,
        "min": 1.10317460936e-14,
        "var": 1.07641596969e-06
    },
    "spectral_energyband_low": {
        "dmean": 0.00489750085399,
        "dmean2": 0.00823830626905,
        "dvar": 0.000128022016725,
        "dvar2": 0.000345702690538,
        "max": 0.187873601913,
        "mean": 0.011324070394,
        "median": 0.00386761082336,
        "min": 1.3030940149e-16,
        "var": 0.000281434564386
    },
    "spectral_energyband_middle_high": {
        "dmean": 0.00148294668179,
        "dmean2": 0.00213674572296,
        "dvar": 7.51152310841e-06,
        "dvar2": 1.46759493873e-05,
        "max": 0.0592897869647,
        "mean": 0.00447993306443,
        "median": 0.00224653817713,
        "min": 3.56283656955e-15,
        "var": 4.22598932346e-05
    },
    "spectral_energyband_middle_low": {
        "dmean": 0.00480760307983,
        "dmean2": 0.00719001423568,
        "dvar": 5.22409318364e-05,
        "dvar2": 0.000116281393275,
        "max": 0.0982003360987,
        "mean": 0.0135109731928,
        "median": 0.00957796536386,
        "min": 2.82844947516e-16,
        "var": 0.00016636250075
    },
    "spectral_entropy": {
        "dmean": 0.150487661362,
        "dmean2": 0.221956968307,
        "dvar": 0.0219205915928,
        "dvar2": 0.0416620075703,
        "max": 8.80310630798,
        "mean": 7.31876134872,
        "median": 7.30845737457,
        "min": 5.68833875656,
        "var": 0.179402172565
    },
    "spectral_flux": {
        "dmean": 0.0252372231334,
        "dmean2": 0.0403169728816,
        "dvar": 0.000879363855347,
        "dvar2": 0.00207177805714,
        "max": 0.389387995005,
        "mean": 0.0792962163687,
        "median": 0.0675060525537,
        "min": 5.87357180848e-06,
        "var": 0.00234313867986
    },
    "spectral_kurtosis": {
        "dmean": 2.05722093582,
        "dmean2": 3.56761145592,
        "dvar": 7.84447717667,
        "dvar2": 22.7798175812,
        "max": 89.2860870361,
        "mean": 4.34246253967,
        "median": 3.48799133301,
        "min": -1.03060674667,
        "var": 16.8868217468
    },
    "spectral_rms": {
        "dmean": 0.000727919163182,
        "dmean2": 0.00110954046249,
        "dvar": 8.19608374059e-07,
        "dvar2": 1.90927630683e-06,
        "max": 0.0138351796195,
        "mean": 0.00490344362333,
        "median": 0.00486458744854,
        "min": 3.8254812651e-09,
        "var": 4.32760998592e-06
    },
    "spectral_rolloff": {
        "dmean": 320.078826904,
        "dmean2": 536.485778809,
        "dvar": 459070.71875,
        "dvar2": 1032696.75,
        "max": 16882.03125,
        "mean": 1144.06274414,
        "median": 732.12890625,
        "min": 64.599609375,
        "var": 1933615.25
    },
    "spectral_skewness": {
        "dmean": 0.255257993937,
        "dmean2": 0.421342641115,
        "dvar": 0.063396692276,
        "dvar2": 0.173787713051,
        "max": 6.44144773483,
        "mean": 1.47469508648,
        "median": 1.43491029739,
        "min": 0.0627608150244,
        "var": 0.241406157613
    },
    "spectral_spread": {
        "dmean": 428407.84375,
        "dmean2": 621640,
        "dvar": 229135794176,
        "dvar2": 418542551040,
        "max": 14744057,
        "mean": 3984632,
        "median": 3818052.5,
        "min": 713251.5,
        "var": 1.62072153293e+12
    },
    "spectral_strongpeak": {
        "dmean": 0.585398852825,
        "dmean2": 0.958859741688,
        "dvar": 1.18333053589,
        "dvar2": 2.9969689846,
        "max": 25.0323486328,
        "mean": 1.20906448364,
        "median": 0.582239925861,
        "min": 0,
        "var": 2.36958384514
    },
    "zerocrossingrate": {
        "dmean": 0.00722438748926,
        "dmean2": 0.00883233360946,
        "dvar": 0.000109326931124,
        "dvar2": 0.00013283547014,
        "max": 0.62060546875,
        "mean": 0.0478825308383,
        "median": 0.041015625,
        "min": 0.00390625,
        "var": 0.00135361519642
    },
    "barkbands": {
        "dmean": [0.00023127339955, 0.00383980595507, 0.0016053901054, 0.000964327948168, 0.00126105092932, 0.000882741005626, 0.000870838295668, 0.00090770854149, 0.00208594510332, 0.000620619452093, 0.000344858650351, 0.000367675267626, 0.000355563330231, 0.000268175936071, 0.000151888176333, 0.000122724115499, 0.000145155732753, 0.000102617734228, 0.000113214024168, 0.000150659601786, 6.96599090588e-05, 7.07609942765e-05, 3.16153746098e-05, 2.16010466829e-05, 3.21744955727e-05, 1.14942895379e-05, 2.30586215366e-06],
        "dmean2": [0.000374779832782, 0.00645063398406, 0.00275976140983, 0.00163138832431, 0.00206752517261, 0.00135248911101, 0.00122982892208, 0.00135152135044, 0.00303737609647, 0.000942783022765, 0.00054399529472, 0.000575116544496, 0.000558673229534, 0.000431934429798, 0.000235404426348, 0.000183893615031, 0.000224998191698, 0.000161855015904, 0.000171349558514, 0.000222971357289, 0.000105508741399, 0.000104861341242, 4.70443483209e-05, 3.22441192111e-05, 5.13839404448e-05, 1.82932471944e-05, 3.99493228542e-06],
        "dvar": [3.15747257673e-07, 8.6005711637e-05, 2.80457679764e-05, 7.83206996857e-06, 5.05493198943e-06, 2.65711855718e-06, 5.29444832864e-06, 6.80785115037e-06, 2.85666937998e-05, 4.40959229309e-06, 1.4610410517e-06, 1.16655166948e-06, 9.58541249929e-07, 4.813545047e-07, 1.52062341385e-07, 1.06251086152e-07, 1.25054270939e-07, 7.11358367766e-08, 7.15670935847e-08, 1.20582797081e-07, 3.90497909564e-08, 2.09689599018e-08, 5.93426596751e-09, 3.93010646249e-09, 5.17300158265e-08, 6.18322193446e-09, 7.41603611853e-10],
        "dvar2": [8.06704179013e-07, 0.000232846054132, 7.68891477492e-05, 2.11796595977e-05, 1.35430454975e-05, 6.06687672189e-06, 9.71314693743e-06, 1.44816804095e-05, 5.89511364524e-05, 9.07920821192e-06, 3.30651619151e-06, 2.32944967138e-06, 2.1944092623e-06, 1.14649458283e-06, 3.36466257522e-07, 2.02296874363e-07, 2.85263467958e-07, 1.8006313951e-07, 1.55002979341e-07, 2.36256823882e-07, 8.48286418886e-08, 4.29493383081e-08, 1.22801919744e-08, 8.25587598285e-09, 1.33707644068e-07, 1.85103150585e-08, 1.97184246709e-09],
        "max": [0.00838074274361, 0.175017744303, 0.0956933796406, 0.0540584102273, 0.0420329011977, 0.0471061617136, 0.0667662918568, 0.0759976133704, 0.0920686796308, 0.0537395998836, 0.0358417406678, 0.0346078425646, 0.0221749618649, 0.0147885670885, 0.011777209118, 0.0126319546252, 0.00864641740918, 0.00991454906762, 0.0084181567654, 0.00967968162149, 0.00669378740713, 0.00394461629912, 0.00291237607598, 0.00294227874838, 0.0123088657856, 0.00493960501626, 0.00166169262957],
        "mean": [0.0003565918596, 0.00764901330695, 0.00271073565818, 0.00116288114805, 0.00258156773634, 0.00175904494245, 0.00205756770447, 0.00144588167313, 0.00408626021817, 0.0011055850191, 0.000609289447311, 0.00062324811006, 0.000595707970206, 0.000439188879682, 0.000252838421147, 0.000232872786, 0.000263970927335, 0.000184993506991, 0.00022093593725, 0.000324226857629, 0.0001219075275, 0.000140275733429, 5.48418574908e-05, 3.3258813346e-05, 4.83473122586e-05, 1.66398367583e-05, 2.99041084872e-06],
        "median": [1.87435434782e-05, 0.00178402103484, 0.00069979543332, 0.000491414335556, 0.00143171637319, 0.000773877254687, 0.000305756839225, 0.000219556124648, 0.000641328049824, 0.000136836548336, 0.000153347791638, 0.000204359501367, 0.000127394509036, 9.97728784569e-05, 7.39541428629e-05, 6.27876579529e-05, 8.44081951072e-05, 6.93157780915e-05, 8.04145238362e-05, 7.82295392128e-05, 4.98796725878e-05, 5.76162383368e-05, 2.48661672231e-05, 1.19013820949e-05, 4.63230753667e-06, 6.61190142637e-07, 9.46765110754e-10],
        "min": [1.24877670367e-17, 4.60640935089e-17, 5.06962189124e-17, 5.19051235253e-17, 9.78386647724e-17, 6.49723239636e-17, 2.03294508242e-17, 2.93904848615e-17, 1.17899922135e-17, 5.3303780062e-17, 1.49424632239e-16, 2.52809397435e-16, 1.14230267697e-17, 2.60836569857e-16, 3.48003512849e-16, 9.41776692604e-17, 8.92204790815e-16, 2.15770446596e-16, 8.73030664807e-16, 7.38982830464e-16, 8.02778281557e-16, 6.72972811731e-16, 8.39819244099e-16, 1.44883143331e-15, 2.24041230988e-15, 1.94747591771e-15, 2.76068768642e-15],
        "var": [6.27584483937e-07, 0.00017113519425, 3.2646334148e-05, 6.77642128721e-06, 1.12653206088e-05, 7.05883985574e-06, 2.45020073635e-05, 1.45352041727e-05, 7.65081931604e-05, 1.37949700729e-05, 3.55119163942e-06, 2.40062831836e-06, 2.04874322662e-06, 9.8170835372e-07, 3.13056659706e-07, 3.21347897625e-07, 3.19777967661e-07, 1.48275717038e-07, 2.13487183487e-07, 5.85895236327e-07, 6.72013626968e-08, 5.10632602868e-08, 1.15754561492e-08, 6.50349551989e-09, 1.39191598691e-07, 1.8404076485e-08, 1.42641809475e-09]
    },
    "erbbands": {
        "dmean": [0.10376214236, 0.933762311935, 1.8688877821, 2.49737858772, 3.76725530624, 4.77559661865, 5.10393953323, 8.24962329865, 10.8562870026, 14.0165834427, 24.1878452301, 44.4245834351, 33.8971824646, 13.2084827423, 13.7367630005, 12.3707647324, 14.1055612564, 15.0146360397, 8.04375171661, 6.38525629044, 6.33961105347, 8.27192115784, 6.06785774231, 3.40914678574, 6.89110898972, 7.28592252731, 3.03223085403, 2.82126283646, 2.78823256493, 1.52078020573, 0.822477638721, 0.527806818485, 0.32604187727, 0.416644454002, 0.189875051379, 0.0531521216035, 0.0259278230369, 0.00378459948115, 0.000427437626058, 2.43342183239e-05],
        "dmean2": [0.173494532704, 1.55762803555, 3.23168587685, 4.18892812729, 6.31869983673, 7.71313905716, 7.66718578339, 12.8817949295, 15.5355987549, 19.5411758423, 35.0632209778, 64.501991272, 49.6631584167, 20.1790122986, 21.0078086853, 19.087305069, 21.7998390198, 23.9337596893, 12.5134048462, 9.49029541016, 9.32617282867, 12.6734743118, 9.39680957794, 5.29023075104, 10.2160987854, 10.7393131256, 4.56627607346, 4.20580863953, 4.16117429733, 2.25718998909, 1.22842419147, 0.802462756634, 0.482712298632, 0.658261954784, 0.30582177639, 0.0841823294759, 0.0428202152252, 0.00639559607953, 0.000724601501133, 3.70556590497e-05],
        "dvar": [0.068481169641, 5.00695705414, 31.0725765228, 60.8742980957, 74.2170562744, 78.4164505005, 107.312911987, 271.991363525, 811.583740234, 1341.18676758, 4318.46484375, 14665.5166016, 9988.22167969, 1488.87402344, 2515.2878418, 1259.51037598, 1577.50732422, 1502.44909668, 365.843139648, 282.972412109, 220.184555054, 392.739257812, 241.999465942, 76.7576980591, 233.250183105, 326.582580566, 78.3110122681, 56.0827827454, 32.931388855, 11.6441164017, 5.07207536697, 2.17267417908, 1.01753640175, 12.6927871704, 1.11444842815, 0.0366739891469, 0.0981976240873, 0.000828831398394, 2.74697958957e-05, 5.28368673258e-08],
        "dvar2": [0.191116020083, 13.6228227615, 88.2638473511, 156.795440674, 200.672180176, 202.658111572, 235.521270752, 637.570373535, 1553.6517334, 2328.63037109, 8942.21289062, 30625.7539062, 21459.8574219, 3408.76977539, 5368.90966797, 2475.68969727, 3665.25708008, 3571.99707031, 843.896789551, 539.859924316, 432.29486084, 879.06817627, 600.469665527, 187.261947632, 472.744934082, 624.102905273, 169.453521729, 115.832748413, 68.2066879272, 24.8058643341, 10.7310504913, 4.8503780365, 2.04717874527, 32.2641220093, 2.98847651482, 0.0969947353005, 0.301938384771, 0.00228377548046, 7.05619168002e-05, 1.16947980189e-07],
        "max": [5.49857234955, 37.0933380127, 104.615242004, 156.6353302, 155.625015259, 207.759307861, 518.684692383, 462.992553711, 1053.45788574, 1696.91833496, 1887.66015625, 2513.17260742, 1858.58227539, 947.719848633, 1803.94091797, 1304.24804688, 1101.21569824, 859.933166504, 388.536865234, 580.588195801, 426.951568604, 490.462860107, 608.158630371, 414.124481201, 465.702850342, 504.541503906, 286.131469727, 334.746826172, 165.855438232, 89.0062637329, 85.0460510254, 59.5725212097, 49.484790802, 209.949905396, 40.5953178406, 9.51016998291, 18.0065155029, 1.39639282227, 0.323955595493, 0.017289115116],
        "mean": [0.189808219671, 1.7977668047, 3.36632657051, 3.80316519737, 5.54433441162, 10.0225458145, 11.082901001, 15.5376377106, 24.2065620422, 30.3787021637, 46.4156303406, 83.6171188354, 63.5573654175, 26.6412563324, 25.7913284302, 22.4743614197, 25.619140625, 27.5036487579, 15.1229095459, 11.800784111, 13.4410142899, 16.5004482269, 12.2349786758, 7.27750921249, 15.0434360504, 15.7980298996, 5.78510284424, 5.30010414124, 5.52824068069, 2.80044722557, 1.41995179653, 0.830535531044, 0.495487719774, 0.662306547165, 0.260008186102, 0.0758548751473, 0.0348483547568, 0.00443244958296, 0.000641932128929, 6.07457113802e-05],
        "median": [0.0421097800136, 0.414682030678, 1.10030412674, 1.84978103638, 2.67411971092, 4.8607339859, 5.74255943298, 6.82393884659, 5.80565261841, 6.89691972733, 9.76896476746, 14.1849842072, 9.50320911407, 7.72508525848, 7.04442405701, 7.47998332977, 6.58112001419, 6.82977437973, 5.10548114777, 3.86709976196, 4.04877662659, 5.51731920242, 4.76528644562, 3.24581241608, 5.5617609024, 3.71132874489, 2.02877616882, 2.28181910515, 2.22613716125, 1.23856782913, 0.625452041626, 0.344281941652, 0.146175757051, 0.0537871196866, 0.0277978405356, 0.00677479151636, 0.000590917072259, 3.06145011564e-05, 1.88156882359e-05, 3.08833041345e-05],
        "min": [1.25481663092e-15, 1.10196513102e-14, 4.98839996545e-14, 1.30516962255e-13, 2.32218785217e-13, 3.39496632846e-13, 4.81421651675e-13, 5.23336582403e-13, 3.23756619387e-13, 4.32532997049e-13, 6.02147997263e-13, 2.66621360406e-13, 8.37985225915e-13, 3.50890757422e-12, 8.05421528083e-12, 9.21559790285e-12, 1.44931560243e-12, 8.82204378994e-12, 2.17691524529e-11, 8.1554511408e-12, 1.42864773831e-11, 4.77426743972e-11, 1.42659061647e-11, 4.13183931514e-11, 3.07550131196e-11, 4.26523330543e-11, 3.00298258482e-11, 2.68138428128e-11, 2.60519522621e-11, 1.56864504025e-11, 2.11185461479e-11, 2.79165683625e-11, 3.18009160671e-11, 2.5814815563e-11, 1.40342069563e-11, 5.75056582214e-12, 3.85984907231e-12, 2.15516341752e-12, 4.19828722568e-13, 2.83372229761e-14],
        "var": [0.111122019589, 9.8652639389, 37.8426780701, 58.9738197327, 77.0937423706, 222.022521973, 329.431121826, 634.546264648, 3057.80810547, 5727.69384766, 11818.5917969, 37750.4335938, 25797.6640625, 4820.46875, 5860.62451172, 2852.45849609, 3509.88183594, 3398.61352539, 797.847351074, 703.490783691, 845.37902832, 1209.42260742, 557.44329834, 219.583023071, 930.698486328, 1442.22961426, 160.891937256, 110.207290649, 83.8387756348, 22.7006969452, 9.1575050354, 3.28307914734, 1.83941924572, 36.9551696777, 2.13860702515, 0.128749340773, 0.183038592339, 0.00147123297211, 6.75681367284e-05, 2.0547795998e-07]
    },
    "gfcc": {
        "mean": [-32.8624725342, 119.006095886, -137.294692993, 37.1871261597, -70.7104110718, 6.80881357193, -25.5208091736, -0.381386071444, -16.6893978119, -5.63289785385, -10.7537984848, -6.99179124832, -6.78776073456],
        "cov": [[4907.02832031, -1571.13781738, 882.686950684, 331.623260498, -35.5635757446, 731.941223145, -238.982727051, 976.278137207, -62.7379074097, 662.493896484, -256.005218506, 169.675186157, -56.3291320801], [-1571.13781738, 2442.92797852, 292.882965088, 393.761413574, 372.681152344, -373.060272217, 505.235656738, -449.325592041, 352.674713135, -332.414428711, 334.74987793, -134.051559448, 87.5864562988], [882.686950684, 292.882965088, 1530.58874512, 492.135467529, 355.159973145, 174.051895142, -33.9219017029, 210.720794678, -52.8973579407, 268.638977051, -51.6267089844, 169.723205566, -34.1983413696], [331.623260498, 393.761413574, 492.135467529, 729.052856445, 227.239944458, 35.5034408569, 15.5181598663, 33.9718742371, 170.59753418, 21.6075057983, 66.5313110352, 11.9713859558, 108.965660095], [-35.5635757446, 372.681152344, 355.159973145, 227.239944458, 528.760864258, 122.760520935, 144.99546814, 86.1632537842, 84.2426300049, 74.1547622681, 17.9376144409, 30.7664489746, 62.8962478638], [731.941223145, -373.060272217, 174.051895142, 35.5034408569, 122.760520935, 577.502929688, 144.568618774, 257.882446289, 17.0647296906, 148.809936523, 32.0161361694, 19.1703166962, 30.8059635162], [-238.982727051, 505.235656738, -33.9219017029, 15.5181598663, 144.99546814, 144.568618774, 463.779693604, -16.5389156342, 158.025497437, -35.7359924316, 119.895576477, -34.0775756836, 19.049539566], [976.278137207, -449.325592041, 210.720794678, 33.9718742371, 86.1632537842, 257.882446289, -16.5389156342, 395.165863037, -3.68403410912, 207.896591187, -57.440486908, 41.4304122925, 19.5344600677], [-62.7379074097, 352.674713135, -52.8973579407, 170.59753418, 84.2426300049, 17.0647296906, 158.025497437, -3.68403410912, 258.58682251, -38.5387229919, 95.4748458862, -51.114982605, 46.5816574097], [662.493896484, -332.414428711, 268.638977051, 21.6075057983, 74.1547622681, 148.809936523, -35.7359924316, 207.896591187, -38.5387229919, 246.316314697, -62.1509628296, 69.2407608032, -13.5871801376], [-256.005218506, 334.74987793, -51.6267089844, 66.5313110352, 17.9376144409, 32.0161361694, 119.895576477, -57.440486908, 95.4748458862, -62.1509628296, 198.496368408, -39.6569213867, 41.3334579468], [169.675186157, -134.051559448, 169.723205566, 11.9713859558, 30.7664489746, 19.1703166962, -34.0775756836, 41.4304122925, -51.114982605, 69.2407608032, -39.6569213867, 126.79864502, 0.79335719347], [-56.3291320801, 87.5864562988, -34.1983413696, 108.965660095, 62.8962478638, 30.8059635162, 19.049539566, 19.5344600677, 46.5816574097, -13.5871801376, 41.3334579468, 0.79335719347, 140.485153198]],
        "icov": [[0.000562534609344, 2.07071152545e-05, -5.10976533405e-05, -0.000349256908521, 0.000430899381172, -0.000265120674158, 0.000102129262814, -0.00095845857868, -0.000124147918541, -0.000451672676718, 0.000286673894152, -6.94010814186e-05, 0.00036927513429], [2.07071152545e-05, 0.00177007832099, -0.000902161118574, 0.000123805803014, -0.000744930992369, 0.00132950814441, -0.0013774385443, 0.000844407768454, -0.000705919112079, 0.00102826580405, -0.00129586248659, 0.00112548365723, -0.000591142044868], [-5.10976533405e-05, -0.000902161118574, 0.00192084768787, -0.00115134345833, -0.000203465926461, -0.000668470689561, 0.000616795325186, -0.00047081214143, 0.00119014643133, -0.00132261076942, 0.000342651241226, -0.00157801783644, 0.0015076501295], [-0.000349256908521, 0.000123805803014, -0.00115134345833, 0.00315399304964, -0.000619744183496, 0.000198891939363, 0.00062432611594, 0.000945917679928, -0.00203796708956, 0.000791798054706, -0.000340181140928, 0.000473273015814, -0.00207645446062], [0.000430899381172, -0.000744930992369, -0.000203465926461, -0.000619744183496, 0.00352051085792, -0.000861527398229, -0.000234389663092, -0.00111184024718, -0.000126079612528, -0.00109913235065, 0.00135102239437, -0.000481347669847, -0.000591759977397], [-0.000265120674158, 0.00132950814441, -0.000668470689561, 0.000198891939363, -0.000861527398229, 0.00412939116359, -0.00214263983071, -0.000668330292683, 0.000325862725731, 0.000426527432865, -0.0019145119004, 0.00116887141485, -0.00089862185996], [0.000102129262814, -0.0013774385443, 0.000616795325186, 0.00062432611594, -0.000234389663092, -0.00214263983071, 0.00486301863566, -0.000260944623733, -0.00159419747069, -0.000462826690637, -5.48592870473e-05, -0.00111788453069, 0.00102355866693], [-0.00095845857868, 0.000844407768454, -0.00047081214143, 0.000945917679928, -0.00111184024718, -0.000668330292683, -0.000260944623733, 0.00801038183272, -0.00118555314839, -0.00258202501573, 4.91565406264e-05, 0.00135989894625, -0.00207194802351], [-0.000124147918541, -0.000705919112079, 0.00119014643133, -0.00203796708956, -0.000126079612528, 0.000325862725731, -0.00159419747069, -0.00118555314839, 0.00788125116378, -0.000464131473564, -0.0011976393871, 0.00101343961433, 0.000315301236697], [-0.000451672676718, 0.00102826580405, -0.00132261076942, 0.000791798054706, -0.00109913235065, 0.000426527432865, -0.000462826690637, -0.00258202501573, -0.000464131473564, 0.0105952126905, -0.000236776468228, -0.00174031266943, 0.000320168968756], [0.000286673894152, -0.00129586248659, 0.000342651241226, -0.000340181140928, 0.00135102239437, -0.0019145119004, -5.48592870473e-05, 4.91565406264e-05, -0.0011976393871, -0.000236776468228, 0.0087985266, 0.000156060967129, -0.00112967973109], [-6.94010814186e-05, 0.00112548365723, -0.00157801783644, 0.000473273015814, -0.000481347669847, 0.00116887141485, -0.00111788453069, 0.00135989894625, 0.00101343961433, -0.00174031266943, 0.000156060967129, 0.0118533819914, -0.00217627012171], [0.00036927513429, -0.000591142044868, 0.0015076501295, -0.00207645446062, -0.000591759977397, -0.00089862185996, 0.00102355866693, -0.00207194802351, 0.000315301236697, 0.000320168968756, -0.00112967973109, -0.00217627012171, 0.0104947732762]]
    },
    "melbands": {
        "dmean": [0.000995533773676, 0.00103910372127, 0.000458770315163, 0.000306557340082, 0.000174946573679, 0.000180873525096, 0.00017219815345, 0.000158302951604, 0.000212981380173, 0.000302843458485, 0.000169255567016, 5.68830764678e-05, 4.45601290266e-05, 4.5934044465e-05, 2.72511351795e-05, 3.9396014472e-05, 2.77356848528e-05, 1.42714343383e-05, 1.16776318464e-05, 8.90586215974e-06, 7.09193682269e-06, 8.67599101184e-06, 8.70120766194e-06, 3.9865585677e-06, 2.72190663964e-06, 5.07894719703e-06, 6.03483704253e-06, 5.17961143487e-06, 2.18696891352e-06, 1.76680748609e-06, 1.72062300408e-06, 1.81801362942e-06, 1.19580829505e-06, 7.83226028034e-07, 5.24494737419e-07, 3.60355670637e-07, 3.36346971608e-07, 2.43097645125e-07, 2.00870687195e-07, 4.60202329577e-07],
        "dmean2": [0.00166526343673, 0.00176162784919, 0.000769299862441, 0.000507308228407, 0.000265844690148, 0.000279404746834, 0.000245465373155, 0.000225135285291, 0.000309288676362, 0.000439285271568, 0.000250116660027, 8.72424716363e-05, 6.86391649651e-05, 7.10469903424e-05, 4.31904882134e-05, 6.13206721027e-05, 4.43769895355e-05, 2.2350493964e-05, 1.79952330654e-05, 1.33636212922e-05, 1.0585774362e-05, 1.32547083922e-05, 1.35332702484e-05, 6.23666073807e-06, 4.3258023652e-06, 7.74489035393e-06, 8.94464847079e-06, 7.76863271312e-06, 3.38502013619e-06, 2.72919555755e-06, 2.58085356108e-06, 2.74636636277e-06, 1.80262975391e-06, 1.1932011148e-06, 7.90950309693e-07, 5.54808650577e-07, 5.20896946909e-07, 3.62024252354e-07, 3.07465427341e-07, 7.36620393127e-07],
        "dvar": [5.98770748184e-06, 6.85124177835e-06, 1.69732379618e-06, 3.30556616746e-07, 1.05379122317e-07, 1.2133146754e-07, 1.89833897934e-07, 1.64053332696e-07, 3.43837967876e-07, 6.76342324368e-07, 2.52469675388e-07, 3.22940891806e-08, 2.62751687075e-08, 2.22119105331e-08, 6.9935466307e-09, 1.1358213925e-08, 5.52622525518e-09, 1.2154733886e-09, 9.87562698285e-10, 8.42911795917e-10, 2.75428790886e-10, 4.27128027392e-10, 4.84789430821e-10, 1.03053517109e-10, 6.35335187238e-11, 1.56141377605e-10, 2.02390673665e-10, 1.93248528291e-10, 5.49157733176e-11, 2.48906017325e-11, 2.07132089258e-11, 1.39780322733e-11, 7.2311180481e-12, 3.09622921919e-12, 2.08961407205e-12, 8.68695848762e-13, 1.03871631348e-12, 5.46587948513e-13, 4.82736897331e-13, 2.19028042231e-11],
        "dvar2": [1.6297412003e-05, 1.94688600459e-05, 4.39134419139e-06, 8.94756794878e-07, 2.39896621679e-07, 2.81049409523e-07, 3.63991944141e-07, 3.08203539134e-07, 6.95632024872e-07, 1.41234920648e-06, 5.45225191217e-07, 7.09033614044e-08, 5.70846161452e-08, 4.37907452522e-08, 1.55792765355e-08, 2.58674006659e-08, 1.30994948222e-08, 2.78513589969e-09, 2.15404627468e-09, 1.61815560951e-09, 5.45869849322e-10, 9.74384906094e-10, 1.13387677025e-09, 2.41708153492e-10, 1.56096635617e-10, 3.30482002875e-10, 3.99188598843e-10, 3.84437370826e-10, 1.2427407714e-10, 5.36237547422e-11, 4.33232859309e-11, 2.96120419851e-11, 1.59382246984e-11, 6.79984671001e-12, 4.4594783595e-12, 1.92987357865e-12, 2.42488711402e-12, 1.06935434899e-12, 1.08584137775e-12, 5.57586060657e-11],
        "max": [0.0502586103976, 0.046860370785, 0.0244341865182, 0.010510277003, 0.0144045073539, 0.010420368053, 0.0156966093928, 0.015581196174, 0.017145883292, 0.0160641036928, 0.00926640350372, 0.00405033212155, 0.00587557861581, 0.00521862506866, 0.00269826152362, 0.00191533484031, 0.0018620552728, 0.000677455973346, 0.00104813452344, 0.00134494400118, 0.000518421351444, 0.000474649714306, 0.000616062257905, 0.000333423085976, 0.00040816469118, 0.000434479821706, 0.000489432190079, 0.000394940638216, 0.000287785980618, 0.000140151227242, 0.000215674634092, 9.51896727202e-05, 7.54489592509e-05, 4.50265688414e-05, 5.76804304728e-05, 2.919803228e-05, 4.18178533437e-05, 3.96101786464e-05, 2.2305181119e-05, 0.000277907442069],
        "mean": [0.00198137736879, 0.00207346770912, 0.000702599296346, 0.000572536198888, 0.000397252180846, 0.000346782238921, 0.000396781164454, 0.000322909181705, 0.000414068606915, 0.000564117333852, 0.000312140589813, 0.00010788290092, 8.13544320408e-05, 7.89574769442e-05, 4.44361467089e-05, 6.73754475429e-05, 4.75747547171e-05, 2.39336313825e-05, 1.94660769921e-05, 1.50517353177e-05, 1.43262750498e-05, 1.62146152434e-05, 1.53867986228e-05, 7.37568598197e-06, 5.17622265761e-06, 9.92785589915e-06, 1.2298245565e-05, 1.01406922113e-05, 3.66296876564e-06, 2.88111345981e-06, 3.08218204736e-06, 3.48294634023e-06, 2.12023064705e-06, 1.32361242322e-06, 8.50793924201e-07, 5.75465151087e-07, 4.86622809603e-07, 3.5891986272e-07, 2.66371870339e-07, 7.35895127946e-07],
        "median": [0.000464641838335, 0.000681719335262, 0.000379991834052, 0.000294274272164, 0.000221816473641, 0.000149727187818, 9.11371171242e-05, 5.82082320761e-05, 6.45636464469e-05, 8.57207705849e-05, 4.13300731452e-05, 2.68712647085e-05, 2.25614403462e-05, 2.24422947213e-05, 1.19832420751e-05, 1.34914653245e-05, 1.05807221189e-05, 6.60308614897e-06, 5.70582051296e-06, 3.93400250687e-06, 4.14957958128e-06, 5.01893873661e-06, 5.28810960532e-06, 2.77539538729e-06, 2.00758768187e-06, 3.42179919244e-06, 3.48414664586e-06, 2.0009488253e-06, 1.04037053461e-06, 1.06701349978e-06, 1.25925407701e-06, 1.32862101054e-06, 8.26643940854e-07, 5.68106656829e-07, 3.44990667145e-07, 2.46267859438e-07, 1.81013973588e-07, 1.08503201091e-07, 4.83070081714e-08, 3.65099595001e-08],
        "min": [1.25718904778e-17, 2.25661207308e-17, 2.55076626702e-17, 2.06134599788e-17, 1.68512258316e-17, 1.17613510848e-17, 4.72747244477e-18, 5.21171390153e-18, 4.54793702872e-18, 1.49750575728e-18, 4.17128943578e-18, 1.29868158536e-17, 2.3486124243e-17, 3.14339981688e-17, 1.06995299382e-17, 1.44699562754e-18, 1.84758399875e-17, 3.58354096646e-17, 2.28448673623e-17, 3.45945461015e-18, 2.07331149632e-17, 5.57439595603e-17, 2.56111098776e-17, 7.82576800537e-18, 3.71338185285e-17, 3.29447012826e-17, 1.97440220175e-17, 2.91991646032e-17, 1.08128842878e-17, 2.87659403379e-17, 1.07975971629e-17, 1.70212164106e-17, 1.08912505518e-17, 7.65730605617e-18, 8.77055798459e-18, 1.92506981176e-17, 1.81733135677e-17, 2.28031625702e-17, 2.26704910718e-17, 2.0715211466e-17],
        "var": [1.14372533062e-05, 1.10640321509e-05, 1.63747461102e-06, 6.28484087883e-07, 3.40626371553e-07, 2.94753476737e-07, 7.66055109125e-07, 5.92604180838e-07, 1.09885434085e-06, 1.71662725279e-06, 6.64689025598e-07, 9.85568533451e-08, 6.21447355797e-08, 4.55304913771e-08, 1.37261420008e-08, 2.49779841255e-08, 1.17418830214e-08, 2.55050891518e-09, 2.13745265931e-09, 1.83018222799e-09, 1.01075936509e-09, 1.25679666674e-09, 1.04090847053e-09, 2.41090258868e-10, 1.63301788758e-10, 4.36801983472e-10, 9.19260390031e-10, 7.17966353037e-10, 9.54617843107e-11, 4.42636170772e-11, 3.89578508342e-11, 3.55201562607e-11, 1.38371926764e-11, 5.70040455811e-12, 3.75897533586e-12, 1.40378496587e-12, 1.39837523071e-12, 9.82994393349e-13, 6.98898892319e-13, 6.34024152624e-11]
    },
    "mfcc": {
        "mean": [-664.341369629, 134.309997559, -6.68892288208, 25.8546600342, -15.7175445557, 6.58231592178, -4.37997150421, 5.56705188751, -3.84984230995, 1.32651901245, -0.162796199322, -2.68942594528, -3.45918250084],
        "cov": [[3675.79101562, -1120.98022461, 233.430679321, 18.3572540283, 166.97946167, 62.7603034973, 88.3784103394, 176.869155884, 379.967315674, 398.315826416, 216.550094604, 183.251113892, 73.2247085571], [-1120.98022461, 1545.95239258, 331.29284668, 387.071807861, 71.1878814697, 106.844589233, 91.7825698853, 84.8442840576, -81.0286560059, -11.4561491013, 52.3808250427, 26.0553874969, 54.9444580078], [233.430679321, 331.29284668, 1000.39562988, 446.746490479, 293.784637451, 171.945114136, 117.041908264, 36.3627166748, 65.68699646, 24.805644989, 46.3630523682, 86.3781433105, 112.744781494], [18.3572540283, 387.071807861, 446.746490479, 735.324279785, 282.609924316, 76.9557647705, -69.0897521973, 8.28148269653, 65.2743988037, 19.002199173, -44.4911804199, 45.4026451111, 128.792800903], [166.97946167, 71.1878814697, 293.784637451, 282.609924316, 515.713500977, 93.1935806274, 98.8472824097, 10.5262947083, 138.412734985, 78.0531463623, -12.6344614029, 46.2006607056, 74.7668762207], [62.7603034973, 106.844589233, 171.945114136, 76.9557647705, 93.1935806274, 286.177886963, 149.473648071, 105.285430908, 84.452293396, 74.2774353027, 74.4869308472, 61.72706604, 6.03666400909], [88.3784103394, 91.7825698853, 117.041908264, -69.0897521973, 98.8472824097, 149.473648071, 335.41583252, 97.1295852661, 110.362129211, 89.5225219727, 105.046180725, 46.2314376831, 14.5426940918], [176.869155884, 84.8442840576, 36.3627166748, 8.28148269653, 10.5262947083, 105.285430908, 97.1295852661, 188.115020752, 73.5512390137, 85.1767196655, 63.1200942993, 59.9914512634, 10.3123617172], [379.967315674, -81.0286560059, 65.68699646, 65.2743988037, 138.412734985, 84.452293396, 110.362129211, 73.5512390137, 245.478256226, 106.9871521, 62.2977027893, 42.6395454407, 24.8031463623], [398.315826416, -11.4561491013, 24.805644989, 19.002199173, 78.0531463623, 74.2774353027, 89.5225219727, 85.1767196655, 106.9871521, 219.056686401, 88.233001709, 68.357925415, 6.96285295486], [216.550094604, 52.3808250427, 46.3630523682, -44.4911804199, -12.6344614029, 74.4869308472, 105.046180725, 63.1200942993, 62.2977027893, 88.233001709, 165.824447632, 54.3772544861, 0.797296404839], [183.251113892, 26.0553874969, 86.3781433105, 45.4026451111, 46.2006607056, 61.72706604, 46.2314376831, 59.9914512634, 42.6395454407, 68.357925415, 54.3772544861, 117.742591858, 31.8398303986], [73.2247085571, 54.9444580078, 112.744781494, 128.792800903, 74.7668762207, 6.03666400909, 14.5426940918, 10.3123617172, 24.8031463623, 6.96285295486, 0.797296404839, 31.8398303986, 123.523391724]],
