{
"lowlevel": {
    "average_loudness": 0.919082283974,
    "barkbands_crest": {
        "dmean": 2.76752972603,
        "dmean2": 4.38432312012,
        "dvar": 6.41592407227,
        "dvar2": 16.0386314392,
        "max": 24.4032440186,
        "mean": 10.2816457748,
        "median": 9.7274723053,
        "min": 2.27446699142,
        "var": 17.434135437
    },
    "barkbands_flatness_db": {
        "dmean": 0.0228455197066,
        "dmean2": 0.0336881838739,
        "dvar": 0.000545951654203,
        "dvar2": 0.00114083278459,
        "max": 0.446317136288,
        "mean": 0.10834672302,
        "median": 0.0889553874731,
        "min": 0.0138328112662,
        "var": 0.0043647964485
    },
    "barkbands_kurtosis": {
        "dmean": 2.60808205605,
        "dmean2": 4.05030250549,
        "dvar": 28.0576171875,
        "dvar2": 59.1049537659,
        "max": 111.008651733,
        "mean": 3.133456707,
        "median": 1.42932510376,
        "min": -1.92513930798,
        "var": 47.3119812012
    },
    "barkbands_skewness": {
        "dmean": 0.559197127819,
        "dmean2": 0.83658093214,
        "dvar": 0.358987122774,
        "dvar2": 0.737670779228,
        "max": 9.80066013336,
        "mean": 1.50390541553,
        "median": 1.40095818043,
        "min": -5.01442050934,
        "var": 1.24941408634
    },
    "barkbands_spread": {
        "dmean": 7.76697206497,
        "dmean2": 11.6234207153,
        "dvar": 76.970916748,
        "dvar2": 153.217727661,
        "max": 116.254081726,
        "mean": 32.1485900879,
        "median": 30.0860481262,
        "min": 1.14758133888,
        "var": 350.612670898
    },
    "dissonance": {
        "dmean": 0.0129777798429,
        "dmean2": 0.0222832206637,
        "dvar": 0.000170460727531,
        "dvar2": 0.000468798709335,
        "max": 0.500000178814,
        "mean": 0.481359124184,
        "median": 0.486029922962,
        "min": 0.363346338272,
        "var": 0.000289548654109
    },
    "dynamic_complexity": 2.00029730797,
    "erbbands_crest": {
        "dmean": 2.30690407753,
        "dmean2": 3.88611412048,
        "dvar": 5.22327232361,
        "dvar2": 14.0964565277,
        "max": 26.4196243286,
        "mean": 7.28568601608,
        "median": 6.09107780457,
        "min": 2.0725851059,
        "var": 16.0742053986
    },
    "erbbands_flatness_db": {
        "dmean": 0.0137100424618,
        "dmean2": 0.0206900164485,
        "dvar": 0.000188499718206,
        "dvar2": 0.000392554386053,
        "max": 0.445299655199,
        "mean": 0.127675682306,
        "median": 0.101237162948,
        "min": 0.036054816097,
        "var": 0.00563268736005
    },
    "erbbands_kurtosis": {
        "dmean": 0.717447221279,
        "dmean2": 1.15965461731,
        "dvar": 1.1274958849,
        "dvar2": 2.84005761147,
        "max": 29.188331604,
        "mean": 0.273568123579,
        "median": -0.262176275253,
        "min": -1.80963540077,
        "var": 3.73505067825
    },
    "erbbands_skewness": {
        "dmean": 0.30742007494,
        "dmean2": 0.481029391289,
        "dvar": 0.0816690176725,
        "dvar2": 0.189479395747,
        "max": 4.04530096054,
        "mean": 0.24049501121,
        "median": 0.213807299733,
        "min": -4.1478805542,
        "var": 0.592380404472
    },
    "erbbands_spread": {
        "dmean": 8.29479408264,
        "dmean2": 12.8295345306,
        "dvar": 74.6443634033,
        "dvar2": 160.538909912,
        "max": 152.581619263,
        "mean": 45.4616737366,
        "median": 45.0806121826,
        "min": 3.27081441879,
        "var": 393.926940918
    },
    "hfc": {
        "dmean": 10.0285329819,
        "dmean2": 14.871635437,
        "dvar": 228.203262329,
        "dvar2": 420.049926758,
        "max": 381.439147949,
        "mean": 41.6088142395,
        "median": 35.6104049683,
        "min": 6.0842791072e-07,
        "var": 1219.57617188
    },
    "melbands_crest": {
        "dmean": 3.57699418068,
        "dmean2": 5.89084291458,
        "dvar": 10.6026802063,
        "dvar2": 27.93775177,
        "max": 34.9633903503,
        "mean": 14.9930591583,
        "median": 14.6509180069,
        "min": 2.4539206028,
        "var": 25.7200374603
    },
    "melbands_flatness_db": {
        "dmean": 0.0285294670612,
        "dmean2": 0.04277253896,
        "dvar": 0.000798327324446,
        "dvar2": 0.00168761645909,
        "max": 0.570582270622,
        "mean": 0.165769055486,
        "median": 0.161233082414,
        "min": 0.0126589508727,
        "var": 0.00343807064928
    },
    "melbands_kurtosis": {
        "dmean": 8.9717130661,
        "dmean2": 14.0607070923,
        "dvar": 316.540527344,
        "dvar2": 674.085388184,
        "max": 315.002746582,
        "mean": 15.4185352325,
        "median": 9.13997268677,
        "min": -1.84418308735,
        "var": 517.913818359
    },
    "melbands_skewness": {
        "dmean": 0.868701457977,
        "dmean2": 1.32944607735,
        "dvar": 0.998984873295,
        "dvar2": 2.08570671082,
        "max": 15.0667409897,
        "mean": 2.9892346859,
        "median": 2.70000171661,
        "min": -2.30752301216,
        "var": 3.16266822815
    },
    "melbands_spread": {
        "dmean": 9.46463394165,
        "dmean2": 14.3409404755,
        "dvar": 161.559112549,
        "dvar2": 346.521362305,
        "max": 276.104705811,
        "mean": 28.747713089,
        "median": 22.9184532166,
        "min": 0.825330078602,
        "var": 578.593994141
    },
    "pitch_salience": {
        "dmean": 0.0868240371346,
        "dmean2": 0.140221461654,
        "dvar": 0.00771838705987,
        "dvar2": 0.0191619433463,
        "max": 0.868830859661,
        "mean": 0.552686810493,
        "median": 0.55990588665,
        "min": 0.0667256489396,
        "var": 0.0162099320441
    },
    "silence_rate_20dB": {
        "dmean": 0,
        "dmean2": 0,
        "dvar": 0,
        "dvar2": 0,
        "max": 1,
        "mean": 1,
        "median": 1,
        "min": 1,
        "var": 0
    },
    "silence_rate_30dB": {
        "dmean": 0.0021678910125,
        "dmean2": 0.00433630449697,
        "dvar": 0.00216321600601,
        "dvar2": 0.0064858943224,
        "max": 1,
        "mean": 0.998916208744,
        "median": 1,
        "min": 0,
        "var": 0.00108260125853
    },
    "silence_rate_60dB": {
        "dmean": 0.00698542688042,
        "dmean2": 0.0138520840555,
        "dvar": 0.00693738413975,
        "dvar2": 0.0163110420108,
        "max": 1,
        "mean": 0.021315028891,
        "median": 0,
        "min": 0,
        "var": 0.0208639204502
    },
    "spectral_centroid": {
        "dmean": 309.377868652,
        "dmean2": 474.542175293,
        "dvar": 98894.9453125,
        "dvar2": 197889.625,
        "max": 5418.38574219,
        "mean": 1762.31420898,
        "median": 1661.57958984,
        "min": 189.048675537,
        "var": 455250.84375
    },
    "spectral_complexity": {
        "dmean": 4.40033721924,
        "dmean2": 6.94374847412,
        "dvar": 16.0380153656,
        "dvar2": 35.0182113647,
        "max": 57,
        "mean": 28.2486743927,
        "median": 29,
        "min": 0,
        "var": 119.036827087
    },
    "spectral_decrease": {
        "dmean": 3.07889602702e-09,
        "dmean2": 4.66798555365e-09,
        "dvar": 1.39005667075e-17,
        "dvar2": 3.00482489584e-17,
        "max": -7.03401901261e-17,
        "mean": -9.79266800982e-09,
        "median": -8.97891272444e-09,
        "min": -3.78337681184e-08,
        "var": 3.36111309236e-17
    },
    "spectral_energy": {
        "dmean": 0.011935965158,
        "dmean2": 0.018060375005,
        "dvar": 0.000201013870537,
        "dvar2": 0.000435084220953,
        "max": 0.146504625678,
        "mean": 0.0407337993383,
        "median": 0.0376164913177,
        "min": 6.25533347343e-10,
        "var": 0.000526282412466
    },
    "spectral_energyband_high": {
        "dmean": 0.000934074807446,
        "dmean2": 0.00133339688182,
        "dvar": 3.61477123079e-06,
        "dvar2": 6.14609143668e-06,
        "max": 0.0445986092091,
        "mean": 0.00304922834039,
        "median": 0.00206209882163,
        "min": 4.16093652589e-11,
        "var": 1.75238219526e-05
    },
    "spectral_energyband_low": {
        "dmean": 0.00961584318429,
        "dmean2": 0.0148032791913,
        "dvar": 0.000226791671594,
        "dvar2": 0.000512271246407,
        "max": 0.130131423473,
        "mean": 0.0191225279123,
        "median": 0.0143858399242,
        "min": 1.41463715742e-11,
        "var": 0.000378910946893
    },
    "spectral_energyband_middle_high": {
        "dmean": 0.00272654602304,
        "dmean2": 0.00438812375069,
        "dvar": 1.51276526594e-05,
        "dvar2": 4.17116134486e-05,
        "max": 0.0974448099732,
        "mean": 0.00900486297905,
        "median": 0.00658334325999,
        "min": 8.95640298038e-11,
        "var": 7.13152621756e-05
    },
    "spectral_energyband_middle_low": {
        "dmean": 0.00482200039551,
        "dmean2": 0.008031854406,
        "dvar": 3.57419557986e-05,
        "dvar2": 9.36757933232e-05,
        "max": 0.0964279025793,
        "mean": 0.0108653455973,
        "median": 0.00912267714739,
        "min": 6.38046837587e-11,
        "var": 7.01147437212e-05
    },
    "spectral_entropy": {
        "dmean": 0.108285538852,
        "dmean2": 0.164160817862,
        "dvar": 0.0114090982825,
        "dvar2": 0.0248552244157,
        "max": 8.82997226715,
        "mean": 8.03224563599,
        "median": 8.11539268494,
        "min": 6.18873596191,
        "var": 0.106741636992
    },
    "spectral_flux": {
        "dmean": 0.0243585053831,
        "dmean2": 0.0356312692165,
        "dvar": 0.000595990102738,
        "dvar2": 0.00099496380426,
        "max": 0.282519072294,
        "mean": 0.105192035437,
        "median": 0.0985231474042,
        "min": 5.2216801123e-05,
        "var": 0.00205047149211
    },
    "spectral_kurtosis": {
        "dmean": 0.784972131252,
        "dmean2": 1.337911129,
        "dvar": 1.5377073288,
        "dvar2": 5.04534339905,
        "max": 24.2523918152,
        "mean": 2.60917282104,
        "median": 2.33011293411,
        "min": -0.682310581207,
        "var": 2.72770047188
    },
    "spectral_rms": {
        "dmean": 0.000891761796083,
        "dmean2": 0.00133959006052,
        "dvar": 8.40063364649e-07,
        "dvar2": 1.7438192117e-06,
        "max": 0.011955389753,
        "mean": 0.00602373061702,
        "median": 0.00605797115713,
        "min": 7.81201890732e-07,
        "var": 3.45503235621e-06
    },
    "spectral_rolloff": {
        "dmean": 740.676147461,
        "dmean2": 1172.89001465,
        "dvar": 1142146.5,
        "dvar2": 2200167,
        "max": 17721.8261719,
        "mean": 2033.50146484,
        "median": 1399.65820312,
        "min": 64.599609375,
        "var": 4146898.25
    },
    "spectral_skewness": {
        "dmean": 0.134723693132,
        "dmean2": 0.217587456107,
        "dvar": 0.0199038926512,
        "dvar2": 0.0558537989855,
        "max": 3.14737343788,
        "mean": 1.27534008026,
        "median": 1.28981566429,
        "min": 0.0922520235181,
        "var": 0.0813686028123
    },
    "spectral_spread": {
        "dmean": 464961.78125,
        "dmean2": 706797.75,
        "dvar": 261357715456,
        "dvar2": 499348996096,
        "max": 16094580,
        "mean": 5754334,
        "median": 5885257,
        "min": 1331050.375,
        "var": 2.81085267149e+12
    },
    "spectral_strongpeak": {
        "dmean": 0.488611787558,
        "dmean2": 0.839307963848,
        "dvar": 1.0685223341,
        "dvar2": 2.87970948219,
        "max": 29.1004085541,
        "mean": 0.791039466858,
        "median": 0.363618671894,
        "min": 0,
        "var": 1.63017892838
    },
    "zerocrossingrate": {
        "dmean": 0.0147302979603,
        "dmean2": 0.0166592597961,
        "dvar": 0.000238076172536,
        "dvar2": 0.000265266629867,
        "max": 0.51318359375,
        "mean": 0.0875936821103,
        "median": 0.07763671875,
        "min": 0.00390625,
        "var": 0.00243377895094
    },
    "barkbands": {
        "dmean": [0.000373304821551, 0.00650290958583, 0.00343197141774, 0.00147720286623, 0.00208887341432, 0.000802801165264, 0.000768079073168, 0.000512307044119, 0.000993169844151, 0.00145593099296, 0.00108050648123, 0.000518169079442, 0.000437382579548, 0.000455964298453, 0.000340346974554, 0.000233145896345, 0.000250121171121, 0.000243851871346, 0.000176690809894, 0.000177863563295, 0.000225551790209, 0.000302871252643, 0.000231449113926, 0.000155277157319, 0.000153078450239, 8.67682538228e-05, 3.67230459233e-05],
        "dmean2": [0.000603558961302, 0.0100253634155, 0.00556221045554, 0.00260120234452, 0.00355971581303, 0.00130954186898, 0.00126754492521, 0.000872099946719, 0.00167628366034, 0.00243327114731, 0.00179103121627, 0.000868678209372, 0.000733734865207, 0.000765963224694, 0.000569210445974, 0.000387018371839, 0.000415836955654, 0.000405061233323, 0.000296759710182, 0.000288474635454, 0.000357092823833, 0.000466956815217, 0.000361574930139, 0.000231577330851, 0.000231731581152, 0.000130164524307, 5.52427518414e-05],
        "dvar": [4.52765277714e-07, 8.55605539982e-05, 4.44749020971e-05, 8.88072190719e-06, 1.15769635158e-05, 1.53115138346e-06, 2.19684557123e-06, 8.28486918181e-07, 6.77268690197e-06, 1.03733846117e-05, 5.06891410623e-06, 8.25009692562e-07, 4.36118881453e-07, 4.42849682258e-07, 3.07276081912e-07, 1.82728442155e-07, 2.02327527177e-07, 1.58758368229e-07, 6.11760953007e-08, 7.22658697327e-08, 2.07268499253e-07, 6.80474613546e-07, 3.21304526096e-07, 1.65476336633e-07, 1.40680683103e-07, 2.87812689237e-08, 7.1567458626e-09],
        "dvar2": [1.17283764212e-06, 0.000196134045837, 0.000103928039607, 2.48369597102e-05, 3.2057887438e-05, 3.88532180295e-06, 5.77532955504e-06, 2.16194780478e-06, 1.98107136384e-05, 2.94012806989e-05, 1.42864091686e-05, 2.13554540096e-06, 1.19745595839e-06, 1.19025310141e-06, 8.1366329141e-07, 4.52836587783e-07, 5.07356958224e-07, 4.0424748704e-07, 1.6077582643e-07, 1.7510546968e-07, 4.67469305931e-07, 1.38106349823e-06, 6.61146088987e-07, 3.31091854378e-07, 2.93488312764e-07, 6.88370320745e-08, 1.5946861609e-08],
        "max": [0.00803476758301, 0.074330702424, 0.0595720335841, 0.0409041084349, 0.0384520068765, 0.026412172243, 0.034669585526, 0.0197327807546, 0.066146351397, 0.0900298207998, 0.0597954876721, 0.0187296681106, 0.013726811856, 0.0119128096849, 0.0101085565984, 0.00868679396808, 0.00937625393271, 0.00778773566708, 0.00596070615575, 0.0075649721548, 0.0126300705597, 0.0309717673808, 0.0152951320633, 0.0206466633826, 0.0177959240973, 0.00756707601249, 0.00271638901904],
        "mean": [0.000746473728213, 0.0128009114414, 0.00473974319175, 0.00170050095767, 0.00312331016175, 0.00149564875755, 0.00119999563321, 0.00071330537321, 0.00180488987826, 0.0026006991975, 0.00172384828329, 0.000917094876058, 0.000791056838352, 0.000821867259219, 0.000628901121672, 0.000401260098442, 0.000445926532848, 0.000483353651362, 0.000379056000384, 0.000402951351134, 0.000525766343344, 0.000704963458702, 0.00053508579731, 0.000384401675547, 0.000381355144782, 0.000218980465434, 6.24974636594e-05],
        "median": [0.000148749328218, 0.0093838032335, 0.00231159711257, 0.000864637782797, 0.00187084521167, 0.000867641996592, 0.000476237008115, 0.000324167282088, 0.000663235783577, 0.000891079951543, 0.000682663696352, 0.000509437115397, 0.000471542880405, 0.000493011320941, 0.000352695846232, 0.000234121980611, 0.000286555208731, 0.000331632734742, 0.000304590037558, 0.00030344928382, 0.000348077795934, 0.000397286494263, 0.000293927791063, 0.000229681842029, 0.000208374345675, 0.00013184369891, 1.18718799058e-05],
        "min": [5.92483310677e-13, 8.58217143185e-13, 5.64932996217e-12, 1.2936230212e-11, 6.47935568046e-12, 5.41023714544e-13, 4.87740381937e-13, 4.54289210416e-12, 1.02967313495e-11, 6.4576061512e-12, 5.99859007952e-12, 1.66877744262e-11, 1.5224843955e-11, 1.10682105842e-11, 3.9505568955e-12, 1.07307921229e-11, 7.05570497861e-12, 5.44732228075e-12, 5.76899682539e-12, 3.63898754879e-12, 4.80392071608e-12, 4.76500046018e-12, 6.09981639851e-12, 6.72825987633e-12, 5.29111910536e-12, 5.69677551659e-12, 5.89252691779e-12],
        "var": [1.62360856848e-06, 0.000165821737028, 4.94327869092e-05, 7.0770261118e-06, 1.5002073269e-05, 3.675094149e-06, 3.83249107472e-06, 1.32507273065e-06, 1.85054523172e-05, 2.72485794994e-05, 1.01492669273e-05, 1.56694420639e-06, 9.08912454634e-07, 9.15172051918e-07, 6.36324614334e-07, 3.39432972396e-07, 3.31105383111e-07, 2.8638527283e-07, 1.09137609172e-07, 1.58562414754e-07, 5.44364581856e-07, 2.05637161343e-06, 9.35095727073e-07, 5.43660291896e-07, 5.07708307396e-07, 1.12833483001e-07, 1.90841618064e-08]
    },
    "erbbands": {
        "dmean": [0.14446502924, 1.6553696394, 4.27770519257, 4.7251124382, 6.32328605652, 6.82018518448, 6.48981952667, 6.65769672394, 10.0539226532, 11.589512825, 11.5842380524, 22.5242519379, 39.5338821411, 44.3539390564, 32.5223731995, 19.6172218323, 18.475151062, 22.9251880646, 17.9620952606, 14.9242162704, 11.8084573746, 13.3374586105, 13.3062782288, 10.1962080002, 7.9269990921, 8.44215202332, 8.30440044403, 10.155081749, 11.7776870728, 8.99823951721, 6.57307434082, 3.74182295799, 2.6057715416, 1.95180046558, 1.04485523701, 0.392414063215, 0.184928119183, 0.0454726368189, 0.00706763751805, 0.000257901643636],
        "dmean2": [0.22975307703, 2.53155636787, 6.81043577194, 8.24347496033, 10.7268285751, 11.7157735825, 10.9603843689, 10.8342075348, 16.4168930054, 19.4706535339, 19.7914791107, 37.9311943054, 66.0773468018, 73.9413070679, 53.8221359253, 32.9699401855, 30.9923992157, 38.5395469666, 30.0164337158, 24.7653427124, 19.4528522491, 22.1960449219, 21.9486751556, 17.0431880951, 13.2002830505, 13.7470254898, 13.1592998505, 15.7684612274, 18.3043327332, 14.1015501022, 10.106801033, 5.58345603943, 3.95605921745, 2.98437690735, 1.60662257671, 0.585466444492, 0.289151936769, 0.0705139860511, 0.0105376578867, 0.000390675355447],
        "dvar": [0.0405427142978, 6.63000583649, 65.9427490234, 115.968765259, 92.6772918701, 148.703582764, 133.300964355, 108.220306396, 386.201049805, 548.849182129, 404.056030273, 3572.37915039, 10431.5732422, 9727.01269531, 3538.60205078, 1064.97814941, 728.30090332, 1152.27331543, 827.801513672, 566.557189941, 472.024871826, 587.236877441, 513.097412109, 196.058425903, 146.171875, 165.735641479, 227.132675171, 519.474060059, 1103.92993164, 510.181793213, 259.154907227, 89.7079162598, 48.8218688965, 31.7127361298, 4.42010498047, 0.479834407568, 0.290843039751, 0.00666307099164, 0.000316713150823, 6.9023872129e-07],
        "dvar2": [0.101369678974, 14.6490163803, 156.983520508, 316.163543701, 250.301544189, 415.659729004, 364.260894775, 264.838531494, 1009.3036499, 1424.56286621, 1113.44238281, 10539.8427734, 29273.1679688, 28083.4355469, 9440.54882812, 2784.54638672, 1963.39685059, 3153.1484375, 2213.63012695, 1455.4263916, 1126.23425293, 1472.90356445, 1304.67321777, 514.996154785, 379.59753418, 398.331634521, 538.542419434, 1109.66516113, 2349.65991211, 1102.55432129, 531.26171875, 168.990234375, 108.197723389, 69.6910858154, 9.0222826004, 0.96686154604, 0.812098503113, 0.0160257462412, 0.000696673116181, 1.61620857853e-06],
        "max": [2.35714125633, 20.8557605743, 73.1210861206, 112.550254822, 91.4522857666, 157.059875488, 208.693954468, 178.266876221, 393.187713623, 449.122406006, 395.591949463, 1579.14611816, 3426.81274414, 1909.24206543, 1546.62023926, 656.954528809, 567.561279297, 642.611633301, 513.219909668, 501.531158447, 548.85925293, 553.800476074, 435.868164062, 307.151092529, 287.817321777, 307.541259766, 486.91217041, 706.959899902, 1436.10229492, 580.298217773, 482.953033447, 456.063751221, 297.924346924, 305.342834473, 58.1347999573, 26.301202774, 27.6970405579, 1.87344753742, 0.568156421185, 0.0398199111223],
        "mean": [0.357344090939, 2.80624485016, 6.17367553711, 5.52865076065, 8.93999576569, 9.69624137878, 10.168551445, 12.600520134, 16.8897018433, 17.3511066437, 18.6707363129, 41.0909233093, 73.155418396, 79.8446578979, 58.0079536438, 37.6387252808, 36.415725708, 44.0448379517, 35.7358589172, 28.7714729309, 22.3362541199, 25.5173454285, 26.9176197052, 22.1061515808, 17.4379730225, 19.2548065186, 19.5811824799, 22.9214344025, 25.9291477203, 20.3991241455, 14.6987638474, 8.83789920807, 6.22171020508, 4.60790109634, 2.5050008297, 0.965199351311, 0.414555817842, 0.0926192179322, 0.0120859937742, 0.000458494003396],
        "median": [0.212934404612, 1.90592551231, 3.55017662048, 2.93188142776, 4.66260242462, 5.17313528061, 5.48430871964, 7.33422088623, 6.82809352875, 6.78421783447, 9.40245819092, 15.3325767517, 25.5870285034, 28.4818992615, 28.7870674133, 22.9512481689, 22.924331665, 28.0334091187, 21.3875389099, 17.8063583374, 13.7898845673, 16.9385166168, 18.0926971436, 17.5745239258, 13.7569942474, 14.6098928452, 13.9457626343, 14.1743450165, 14.3974437714, 11.2602844238, 8.02072906494, 5.08632469177, 3.70358729362, 2.44558238983, 1.37796902657, 0.567544221878, 0.23667627573, 0.0442751049995, 0.0020673298277, 0.000119973919936],
        "min": [2.28961068854e-11, 2.7383320611e-10, 4.00217281538e-09, 3.14201358265e-08, 4.06296756239e-08, 1.07794866366e-08, 4.61231275395e-09, 4.90586149482e-09, 6.63683907831e-09, 4.36962181993e-08, 1.43840566125e-07, 1.76184343559e-07, 1.20631653999e-07, 3.43743408848e-07, 2.86790196924e-07, 7.35822936804e-07, 7.25178608718e-07, 5.67204779145e-07, 3.86915189665e-07, 4.13620767858e-07, 5.04632282627e-07, 4.37404764853e-07, 2.64624503643e-07, 2.96124966326e-07, 2.77578465102e-07, 1.92680204236e-07, 1.43855032775e-07, 2.43165828806e-07, 1.94390537445e-07, 1.68986318272e-07, 1.45735427282e-07, 1.50208393279e-07, 9.62820365658e-08, 4.6392262476e-08, 4.97883796413e-08, 1.89071620582e-08, 1.36959279473e-08, 3.38871375405e-09, 9.35622801457e-10, 7.94251747704e-11],
        "var": [0.154662743211, 10.2089586258, 72.4551773071, 87.7635574341, 129.290786743, 172.759643555, 208.709686279, 273.559539795, 801.282104492, 940.292236328, 770.109863281, 9373.62988281, 25350.609375, 21116.2832031, 7856.29101562, 2138.49462891, 1649.32922363, 2390.02685547, 1734.40209961, 1250.23657227, 988.205871582, 998.456298828, 907.261901855, 387.85647583, 249.846420288, 366.334106445, 555.104248047, 1387.25817871, 2961.13085938, 1517.62072754, 730.858398438, 310.541595459, 130.959075928, 104.557418823, 15.8590021133, 1.88784492016, 0.710893154144, 0.0186653230339, 0.000855136080645, 1.69174313669e-06]
    },
    "gfcc": {
        "mean": [53.5782089233, 55.7571525574, -116.583869934, 30.7709159851, -57.6890830994, 26.9848327637, -25.449924469, 9.13117408752, -22.5399589539, 1.84934556484, -16.1242542267, 3.28194975853, -9.48551082611],
        "cov": [[4885.68994141, -968.977844238, 2681.64575195, 472.721618652, 669.625549316, 174.075744629, -309.545074463, 244.13053894, -185.745620728, 514.493347168, -218.069458008, 513.671630859, -240.950561523], [-968.977844238, 1771.48010254, -269.920623779, 425.648468018, 91.5756912231, 10.292971611, 131.519561768, -143.828994751, 148.414978027, -136.972717285, 189.603378296, -97.5939788818, 130.891662598], [2681.64575195, -269.920623779, 2727.74121094, 873.872375488, 779.726745605, 253.430892944, -176.776977539, 154.46421814, -155.094833374, 449.838684082, -111.029884338, 433.793792725, -171.407073975], [472.721618652, 425.648468018, 873.872375488, 703.598876953, 292.486175537, 147.53338623, -16.6717147827, -4.75092458725, 12.4958209991, 106.329811096, 30.8409385681, 105.744094849, -14.4986524582], [669.625549316, 91.5756912231, 779.726745605, 292.486175537, 402.831237793, 106.138145447, 41.7826957703, 47.6587944031, -1.14132165909, 120.863708496, -11.3624887466, 112.383110046, -44.4467926025], [174.075744629, 10.292971611, 253.430892944, 147.53338623, 106.138145447, 169.229751587, 29.1832580566, 65.9206161499, -27.2013301849, 57.9087715149, -5.78864097595, 37.1771278381, -3.42447209358], [-309.545074463, 131.519561768, -176.776977539, -16.6717147827, 41.7826957703, 29.1832580566, 193.964080811, -10.8061275482, 74.2115478516, -56.577419281, 43.6974639893, -53.85962677, 24.5674991608], [244.13053894, -143.828994751, 154.46421814, -4.75092458725, 47.6587944031, 65.9206161499, -10.8061275482, 129.295150757, -10.677775383, 74.885383606, -26.9155006409, 39.8359718323, -15.2671928406], [-185.745620728, 148.414978027, -155.094833374, 12.4958209991, -1.14132165909, -27.2013301849, 74.2115478516, -10.677775383, 130.72883606, -25.7439517975, 52.3563194275, -42.399143219, 26.3773345947], [514.493347168, -136.972717285, 449.838684082, 106.329811096, 120.863708496, 57.9087715149, -56.577419281, 74.885383606, -25.7439517975, 160.585952759, -18.6509132385, 103.733810425, -37.6497421265], [-218.069458008, 189.603378296, -111.029884338, 30.8409385681, -11.3624887466, -5.78864097595, 43.6974639893, -26.9155006409, 52.3563194275, -18.6509132385, 91.8794555664, -13.9819288254, 38.841758728], [513.671630859, -97.5939788818, 433.793792725, 105.744094849, 112.383110046, 37.1771278381, -53.85962677, 39.8359718323, -42.399143219, 103.733810425, -13.9819288254, 143.113800049, -22.7081203461], [-240.950561523, 130.891662598, -171.407073975, -14.4986524582, -44.4467926025, -3.42447209358, 24.5674991608, -15.2671928406, 26.3773345947, -37.6497421265, 38.841758728, -22.7081203461, 69.336730957]],
        "icov": [[0.000594411161728, 7.18127048458e-05, -0.000623844156507, 0.000400031422032, 5.7144814491e-05, -0.000118801872304, 0.000384377781302, -9.80944387265e-05, -0.000609061098658, 0.000211499253055, 0.000330671202391, -0.000582669163123, 0.000314955890644], [7.18127048458e-05, 0.00116661889479, 0.000384500919608, -0.00100310286507, -0.000841926841531, 0.000325783214066, 0.000255484512309, 0.000203100251383, 2.84213638224e-05, 0.000405411876272, -0.00111099670175, 0.000195107728359, -0.00088579923613], [-0.000623844156507, 0.000384500919608, 0.00301754823886, -0.00218920968473, -0.0025595924817, 0.000678384152707, 0.000183184238267, 0.000201853195904, 0.00155818322673, -0.00180509907659, 0.000195441229152, -0.00133473717142, 0.000360859878128], [0.000400031422032, -0.00100310286507, -0.00218920968473, 0.00497698783875, 0.000483814801555, -0.00345614762045, 0.00151812564582, 0.00193794060033, -0.00264900457114, 0.000861879438162, -0.000130873449962, 4.60806077172e-05, 0.000504942436237], [5.7144814491e-05, -0.000841926841531, -0.0025595924817, 0.000483814801555, 0.00835570227355, -0.0010144795524, -0.00359435705468, -5.97391272095e-06, -0.00122423586436, -0.000533946731593, 0.00117387657519, -0.00065947213443, 0.00144215440378], [-0.000118801872304, 0.000325783214066, 0.000678384152707, -0.00345614762045, -0.0010144795524, 0.0131004536524, -0.00426550535485, -0.00609383778647, 0.00609076721594, -0.00236404384486, -0.00062321475707, 0.00167328142561, -0.00261086085811], [0.000384377781302, 0.000255484512309, 0.000183184238267, 0.00151812564582, -0.00359435705468, -0.00426550535485, 0.0110540529713, 0.000419240677729, -0.00513392966241, 0.00430607888848, -0.00231490377337, 0.000381589867175, 0.000997635768726], [-9.80944387265e-05, 0.000203100251383, 0.000201853195904, 0.00193794060033, -5.97391272095e-06, -0.00609383778647, 0.000419240677729, 0.0152662694454, -0.00318396510556, -0.00637859432027, 0.00392143242061, -0.000221264723223, -0.00143346132245], [-0.000609061098658, 2.84213638224e-05, 0.00155818322673, -0.00264900457114, -0.00122423586436, 0.00609076721594, -0.00513392966241, -0.00318396510556, 0.0159624330699, -0.0034072145354, -0.00539434282109, 0.00416301889345, -0.00177542655729], [0.000211499253055, 0.000405411876272, -0.00180509907659, 0.000861879438162, -0.000533946731593, -0.00236404384486, 0.00430607888848, -0.00637859432027, -0.0034072145354, 0.0206479411572, -0.00383819080889, -0.00681995600462, 0.00472276564687], [0.000330671202391, -0.00111099670175, 0.000195441229152, -0.000130873449962, 0.00117387657519, -0.00062321475707, -0.00231490377337, 0.00392143242061, -0.00539434282109, -0.00383819080889, 0.0213349740952, -0.00298185972497, -0.00685263285413], [-0.000582669163123, 0.000195107728359, -0.00133473717142, 4.60806077172e-05, -0.00065947213443, 0.00167328142561, 0.000381589867175, -0.000221264723223, 0.00416301889345, -0.00681995600462, -0.00298185972497, 0.0188163500279, -0.00366120715626], [0.000314955890644, -0.00088579923613, 0.000360859878128, 0.000504942436237, 0.00144215440378, -0.00261086085811, 0.000997635768726, -0.00143346132245, -0.00177542655729, 0.00472276564687, -0.00685263285413, -0.00366120715626, 0.0241926964372]]
    },
    "melbands": {
        "dmean": [0.00148699246347, 0.00228759204037, 0.000824266055133, 0.000472200714285, 0.000241412548348, 0.00015308863658, 0.000155158137204, 0.000123044519569, 0.000104751350591, 0.000148029794218, 0.000204078271054, 0.000185798140592, 0.000128369079903, 6.68383872835e-05, 4.28326275141e-05, 4.56965317426e-05, 4.68500984425e-05, 3.23526728607e-05, 2.45409282797e-05, 1.85846511158e-05, 1.45256535689e-05, 1.47538348756e-05, 1.49897241499e-05, 1.1427249774e-05, 8.91945001058e-06, 6.84062797518e-06, 5.88828515902e-06, 6.30365138932e-06, 5.68723635297e-06, 6.04453680353e-06, 6.62020192976e-06, 7.31160616851e-06, 6.40872758595e-06, 5.14303519594e-06, 4.33291279478e-06, 3.05234038933e-06, 2.30860632655e-06, 2.04259072234e-06, 1.73429987171e-06, 1.82309747743e-06],
        "dmean2": [0.00230532488786, 0.00355359097011, 0.00141741859261, 0.000805289659183, 0.000411487097153, 0.00024874828523, 0.000254318030784, 0.000206993121537, 0.000179184120498, 0.000249314645771, 0.000340939994203, 0.000310256320518, 0.000211995225982, 0.000111514964374, 7.23877456039e-05, 7.70029655541e-05, 7.89408877608e-05, 5.42934139958e-05, 4.09091480833e-05, 3.11374205921e-05, 2.38888278545e-05, 2.46652471105e-05, 2.50305547524e-05, 1.911848085e-05, 1.49824600157e-05, 1.15320544865e-05, 9.83837526292e-06, 1.03624770418e-05, 9.20147886063e-06, 9.78830939857e-06, 1.03464408312e-05, 1.15694128908e-05, 1.00426850622e-05, 8.22632227937e-06, 6.83164898874e-06, 4.696322776e-06, 3.52911411028e-06, 3.15536476592e-06, 2.71919293482e-06, 2.81722373074e-06],
        "dvar": [3.6450405787e-06, 1.67830039572e-05, 2.71867020274e-06, 5.86616408782e-07, 1.74556021193e-07, 5.92317661585e-08, 8.73825101166e-08, 5.67583668953e-08, 4.44924950216e-08, 1.46591034422e-07, 2.74271855005e-07, 1.65915537309e-07, 6.02701177854e-08, 1.45913734428e-08, 4.21037693599e-09, 5.42333289388e-09, 5.12532238872e-09, 2.57067167553e-09, 1.76925807338e-09, 1.12594245039e-09, 7.59710849785e-10, 8.27748203314e-10, 6.30452468009e-10, 3.48892525981e-10, 1.49578738284e-10, 8.85373510617e-11, 9.23962364952e-11, 9.08415911938e-11, 1.02388084122e-10, 1.2491382928e-10, 2.29307392519e-10, 4.47455322794e-10, 3.38938127564e-10, 1.58344101719e-10, 1.08013334388e-10, 5.95119856173e-11, 3.5680468996e-11, 3.06894683277e-11, 1.81310036429e-11, 3.99538215012e-11],
        "dvar2": [8.87634814717e-06, 3.83688347938e-05, 7.26939151718e-06, 1.61594289239e-06, 4.79963148337e-07, 1.45719482703e-07, 2.28866156249e-07, 1.47194938904e-07, 1.2711031161e-07, 4.31048846394e-07, 7.67744495533e-07, 4.79620666738e-07, 1.65309231193e-07, 3.77090394466e-08, 1.12874154468e-08, 1.49637848779e-08, 1.40877567389e-08, 6.88513690505e-09, 4.67898031431e-09, 2.90336332753e-09, 1.83437731671e-09, 2.06932893043e-09, 1.61981339453e-09, 8.88759232875e-10, 4.01041144737e-10, 2.3299270846e-10, 2.36302394319e-10, 2.22708448905e-10, 2.47290715683e-10, 3.00153568666e-10, 5.00584795837e-10, 1.01417596543e-09, 7.25522086853e-10, 3.62978841428e-10, 2.34088998186e-10, 1.24352042552e-10, 7.12478756548e-11, 6.8565271516e-11, 4.13704591418e-11, 8.83139741892e-11],
        "max": [0.0177967716008, 0.0358724482358, 0.0188159570098, 0.00886111333966, 0.0066285263747, 0.00461676856503, 0.00544670596719, 0.00455142743886, 0.00515345018357, 0.00963887479156, 0.0171663593501, 0.00826032646, 0.00527990236878, 0.00298317125998, 0.00128091813531, 0.00182859320194, 0.0013072071597, 0.000788511242718, 0.000840547203552, 0.000644453801215, 0.000790439080447, 0.000769396021497, 0.000553999328986, 0.000458091322798, 0.000281188433291, 0.00017590331845, 0.000337536184816, 0.00019922843785, 0.000317090016324, 0.000264711037744, 0.000454046559753, 0.000941861828323, 0.000915875833016, 0.000282106047962, 0.000272511737421, 0.000269916665275, 0.000316830090014, 0.00026733163395, 0.000165174133144, 0.000404086778872],
        "mean": [0.0033331385348, 0.00356243154965, 0.00108224875294, 0.000698354968335, 0.000373401853722, 0.000291485892376, 0.000257442676229, 0.000181225244887, 0.000166061799973, 0.000266218383331, 0.000368663109839, 0.000327560148435, 0.00021471529908, 0.000116359791718, 7.94305087766e-05, 8.18425323814e-05, 8.26695177238e-05, 5.87784197705e-05, 4.43768949481e-05, 3.17724443448e-05, 2.49245786108e-05, 2.60159140453e-05, 2.670122376e-05, 2.19282737817e-05, 1.75538716576e-05, 1.3625613974e-05, 1.15798220577e-05, 1.30965818244e-05, 1.19788137454e-05, 1.24909156511e-05, 1.34262145366e-05, 1.49016905198e-05, 1.32002496684e-05, 1.05886138044e-05, 8.8315910034e-06, 6.56233078189e-06, 4.97724340676e-06, 4.47072125098e-06, 3.78169238502e-06, 4.00390763389e-06],
        "median": [0.00246293004602, 0.00231963256374, 0.000646999455057, 0.00039736245526, 0.00021290910081, 0.000165587756783, 0.000104199672933, 7.00440868968e-05, 7.66289740568e-05, 9.68665553955e-05, 0.000121766141092, 0.000109248765511, 9.76170704234e-05, 6.1801270931e-05, 5.2158262406e-05, 4.75861816085e-05, 4.91097816848e-05, 3.32759082085e-05, 2.46224335569e-05, 1.87318255485e-05, 1.46931060954e-05, 1.65473793459e-05, 1.69140912476e-05, 1.50533569467e-05, 1.35219988806e-05, 1.05791750684e-05, 8.55961570778e-06, 9.55857467488e-06, 8.39589392854e-06, 8.26511859486e-06, 7.68393692852e-06, 8.01084388513e-06, 7.12140536052e-06, 5.56546137886e-06, 4.68409325549e-06, 3.5532120819e-06, 2.78858487945e-06, 2.56472003457e-06, 2.18459490497e-06, 1.93901723833e-06],
        "min": [2.58480248923e-13, 1.50929117294e-12, 5.82972819324e-12, 1.86872370876e-12, 1.72938730393e-13, 1.09858723138e-13, 9.744847751e-14, 6.95997621515e-13, 1.46002036416e-12, 1.12249684374e-12, 5.82639730733e-13, 1.37018283004e-12, 8.37217664987e-13, 1.22680273058e-12, 1.54801659772e-12, 1.5596236325e-12, 1.05719415427e-12, 7.84165538493e-13, 3.21274636669e-13, 7.32124701575e-13, 5.54965849751e-13, 4.94387571246e-13, 2.34965882471e-13, 2.59933621936e-13, 2.31872165782e-13, 2.38050112391e-13, 1.20263730073e-13, 1.38153160786e-13, 8.71281061079e-14, 9.67015299758e-14, 1.52376863297e-13, 1.08976758552e-13, 8.32826510663e-14, 1.09933234933e-13, 7.69750271011e-14, 1.02175571877e-13, 8.36056010122e-14, 7.21964737885e-14, 4.89429257213e-14, 3.61305630596e-14],
        "var": [1.04557057057e-05, 2.04956249945e-05, 2.32586080529e-06, 7.84839699008e-07, 2.53884337553e-07, 1.5292965827e-07, 1.72729244241e-07, 9.79217773533e-08, 8.67661995585e-08, 3.95813259502e-07, 6.75041235354e-07, 3.70652713855e-07, 1.26435566017e-07, 2.7963972471e-08, 7.97423371779e-09, 1.06524051802e-08, 9.68265112533e-09, 5.13987252759e-09, 3.52110207658e-09, 1.93549731797e-09, 1.46762080266e-09, 1.30462896042e-09, 1.03346531333e-09, 6.10368755538e-10, 2.692531198e-10, 1.51265985848e-10, 1.44338957453e-10, 1.91308927033e-10, 2.13933384896e-10, 2.83924883604e-10, 5.72950187294e-10, 1.05577369069e-09, 8.10005340579e-10, 4.08782285799e-10, 2.71179773081e-10, 1.67931654693e-10, 1.1215615936e-10, 7.83637113533e-11, 4.24321966452e-11, 1.36246763871e-10]
    },
    "mfcc": {
        "mean": [-588.452331543, 89.2003479004, -0.447452932596, 12.2101249695, -2.9604883194, 15.0548524857, 6.50769805908, 11.0200338364, 2.96547794342, 1.72312688828, 1.71197164059, -1.95187366009, -3.02425026894],
        "cov": [[3012.66674805, -317.588226318, 1175.27392578, 402.909820557, 594.951599121, 151.290374756, 39.3201141357, -38.0308074951, 67.8512115479, -48.4070930481, 12.6653194427, 115.155227661, 167.875457764], [-317.588226318, 969.733642578, 42.7218971252, 257.668762207, 110.358016968, 121.085548401, 50.076374054, 49.1385612488, -12.4693365097, 23.3767642975, 7.01255464554, 21.7009105682, 29.6154556274], [1175.27392578, 42.7218971252, 1485.86779785, 758.364074707, 730.76550293, 354.428619385, 174.617507935, 3.74002313614, 55.5721054077, -46.9547615051, 56.278629303, 105.346893311, 196.574874878], [402.909820557, 257.668762207, 758.364074707, 623.731079102, 435.491455078, 269.552764893, 94.7788925171, 36.1380500793, 30.3494186401, -5.37826013565, 37.1739273071, 80.74269104, 112.98387146], [594.951599121, 110.358016968, 730.76550293, 435.491455078, 499.687927246, 211.912734985, 117.833198547, 14.375746727, 51.8387794495, -8.10882282257, 35.1354179382, 66.9233703613, 116.797416687], [151.290374756, 121.085548401, 354.428619385, 269.552764893, 211.912734985, 215.608825684, 100.859397888, 46.4627189636, 28.4474010468, 14.2468261719, 23.8697376251, 35.3519172668, 51.8482055664], [39.3201141357, 50.076374054, 174.617507935, 94.7788925171, 117.833198547, 100.859397888, 147.830657959, 46.4146575928, 36.4711074829, 20.3754272461, 18.830953598, 11.9704799652, 27.5720024109], [-38.0308074951, 49.1385612488, 3.74002313614, 36.1380500793, 14.375746727, 46.4627189636, 46.4146575928, 82.1108398438, 32.156047821, 25.193983078, 11.8488531113, 10.5743751526, 2.43383765221], [67.8512115479, -12.4693365097, 55.5721054077, 30.3494186401, 51.8387794495, 28.4474010468, 36.4711074829, 32.156047821, 73.4684524536, 36.8521995544, 18.8102493286, 8.60547733307, 12.8338594437], [-48.4070930481, 23.3767642975, -46.9547615051, -5.37826013565, -8.10882282257, 14.2468261719, 20.3754272461, 25.193983078, 36.8521995544, 81.3910751343, 26.6467857361, 9.65329933167, -3.55817627907], [12.6653194427, 7.01255464554, 56.278629303, 37.1739273071, 35.1354179382, 23.8697376251, 18.830953598, 11.8488531113, 18.8102493286, 26.6467857361, 57.2687835693, 21.6605854034, 15.7624530792], [115.155227661, 21.7009105682, 105.346893311, 80.74269104, 66.9233703613, 35.3519172668, 11.9704799652, 10.5743751526, 8.60547733307, 9.65329933167, 21.6605854034, 65.5189819336, 34.7254867554], [167.875457764, 29.6154556274, 196.574874878, 112.98387146, 116.797416687, 51.8482055664, 27.5720024109, 2.43383765221, 12.8338594437, -3.55817627907, 15.7624530792, 34.7254867554, 79.4171676636]],
