{
"lowlevel": {
    "average_loudness": 0.386338382959,
    "barkbands_crest": {
        "dmean": 2.37450242043,
        "dmean2": 3.83047032356,
        "dvar": 4.5731086731,
        "dvar2": 11.3245983124,
        "max": 26.7953681946,
        "mean": 10.4993886948,
        "median": 9.52280139923,
        "min": 2.6410548687,
        "var": 18.7956314087
    },
    "barkbands_flatness_db": {
        "dmean": 0.0214209314436,
        "dmean2": 0.0327338837087,
        "dvar": 0.000369705288904,
        "dvar2": 0.000807701726444,
        "max": 0.511685669422,
        "mean": 0.207165330648,
        "median": 0.20315130055,
        "min": 0.0357843562961,
        "var": 0.00394198903814
    },
    "barkbands_kurtosis": {
        "dmean": 2.54439115524,
        "dmean2": 3.9417681694,
        "dvar": 48.9441833496,
        "dvar2": 105.662353516,
        "max": 478.47869873,
        "mean": 5.02789115906,
        "median": 2.41874980927,
        "min": -1.9145077467,
        "var": 127.967849731
    },
    "barkbands_skewness": {
        "dmean": 0.432038843632,
        "dmean2": 0.660016953945,
        "dvar": 0.251414060593,
        "dvar2": 0.510824799538,
        "max": 21.0369205475,
        "mean": 1.5311357975,
        "median": 1.34881782532,
        "min": -4.45778226852,
        "var": 1.44358611107
    },
    "barkbands_spread": {
        "dmean": 3.47205209732,
        "dmean2": 5.33347320557,
        "dvar": 32.7580680847,
        "dvar2": 65.8821105957,
        "max": 117.563499451,
        "mean": 14.7684726715,
        "median": 11.7929821014,
        "min": 0.550402998924,
        "var": 151.539993286
    },
    "dissonance": {
        "dmean": 0.0246490724385,
        "dmean2": 0.042000349611,
        "dvar": 0.000568938732613,
        "dvar2": 0.00154320767615,
        "max": 0.500000059605,
        "mean": 0.45292493701,
        "median": 0.462843060493,
        "min": 0.218563839793,
        "var": 0.00171234947629
    },
    "dynamic_complexity": 3.63138771057,
    "erbbands_crest": {
        "dmean": 2.72971558571,
        "dmean2": 4.45459938049,
        "dvar": 6.00442695618,
        "dvar2": 15.1670560837,
        "max": 30.4792346954,
        "mean": 10.5780115128,
        "median": 9.62329292297,
        "min": 2.05157709122,
        "var": 19.0953350067
    },
    "erbbands_flatness_db": {
        "dmean": 0.0177178159356,
        "dmean2": 0.0265652034432,
        "dvar": 0.000251949240919,
        "dvar2": 0.000526868388988,
        "max": 0.455665290356,
        "mean": 0.237583607435,
        "median": 0.232811555266,
        "min": 0.026109367609,
        "var": 0.00448701670393
    },
    "erbbands_kurtosis": {
        "dmean": 1.25133419037,
        "dmean2": 2.01666712761,
        "dvar": 2.44317412376,
        "dvar2": 6.01436376572,
        "max": 59.8828201294,
        "mean": 1.78335380554,
        "median": 1.07675552368,
        "min": -1.77687835693,
        "var": 7.60164117813
    },
    "erbbands_skewness": {
        "dmean": 0.348206222057,
        "dmean2": 0.543515324593,
        "dvar": 0.106035977602,
        "dvar2": 0.237791523337,
        "max": 7.42419290543,
        "mean": 0.988747537136,
        "median": 0.976073622704,
        "min": -3.89963698387,
        "var": 0.598860085011
    },
    "erbbands_spread": {
        "dmean": 5.59087848663,
        "dmean2": 8.72201347351,
        "dvar": 51.6240234375,
        "dvar2": 111.851448059,
        "max": 136.542953491,
        "mean": 26.3623924255,
        "median": 22.0613975525,
        "min": 3.00450539589,
        "var": 260.874664307
    },
    "hfc": {
        "dmean": 4.8391289711,
        "dmean2": 7.39426326752,
        "dvar": 46.2148399353,
        "dvar2": 108.781784058,
        "max": 139.017089844,
        "mean": 20.242225647,
        "median": 14.9162139893,
        "min": 8.90934543918e-08,
        "var": 369.602142334
    },
    "melbands_crest": {
        "dmean": 2.94356846809,
        "dmean2": 4.72401189804,
        "dvar": 7.30892276764,
        "dvar2": 18.0909557343,
        "max": 38.6292800903,
        "mean": 13.8020963669,
        "median": 12.5393447876,
        "min": 2.96920371056,
        "var": 29.9665031433
    },
    "melbands_flatness_db": {
        "dmean": 0.0222533456981,
        "dmean2": 0.032959125936,
        "dvar": 0.00049133610446,
        "dvar2": 0.000951330759563,
        "max": 0.68662828207,
        "mean": 0.230085760355,
        "median": 0.215331017971,
        "min": 0.0164656825364,
        "var": 0.00567793194205
    },
    "melbands_kurtosis": {
        "dmean": 4.76324510574,
        "dmean2": 7.34552812576,
        "dvar": 141.928115845,
        "dvar2": 272.045074463,
        "max": 708.249816895,
        "mean": 10.8469085693,
        "median": 5.75828695297,
        "min": -1.84393310547,
        "var": 516.440185547
    },
    "melbands_skewness": {
        "dmean": 0.53747522831,
        "dmean2": 0.832841277122,
        "dvar": 0.383662700653,
        "dvar2": 0.794446706772,
        "max": 18.6408500671,
        "mean": 2.07275772095,
        "median": 1.80547702312,
        "min": -3.1524207592,
        "var": 2.30789637566
    },
    "melbands_spread": {
        "dmean": 4.60160398483,
        "dmean2": 7.04180431366,
        "dvar": 82.0807571411,
        "dvar2": 152.271133423,
        "max": 250.102035522,
        "mean": 18.2487602234,
        "median": 14.8929805756,
        "min": 0.443060100079,
        "var": 291.220184326
    },
    "pitch_salience": {
        "dmean": 0.0620790198445,
        "dmean2": 0.0991177484393,
        "dvar": 0.00311442278326,
        "dvar2": 0.00786463543773,
        "max": 0.880783259869,
        "mean": 0.577306866646,
        "median": 0.58077275753,
        "min": 0.0486169606447,
        "var": 0.0183834414929
    },
    "silence_rate_20dB": {
        "dmean": 0,
        "dmean2": 0,
        "dvar": 0,
        "dvar2": 0,
        "max": 1,
        "mean": 1,
        "median": 1,
        "min": 1,
        "var": 0
    },
    "silence_rate_30dB": {
        "dmean": 0.000448681996204,
        "dmean2": 0.000897464633454,
        "dvar": 0.000448485923698,
        "dvar2": 0.00134541268926,
        "max": 1,
        "mean": 0.999775707722,
        "median": 1,
        "min": 0,
        "var": 0.000224258692469
    },
    "silence_rate_60dB": {
        "dmean": 0.0172742567956,
        "dmean2": 0.0345523878932,
        "dvar": 0.0169783402234,
        "dvar2": 0.0376182757318,
        "max": 1,
        "mean": 0.0713324397802,
        "median": 0,
        "min": 0,
        "var": 0.066243506968
    },
    "spectral_centroid": {
        "dmean": 186.719161987,
        "dmean2": 288.233032227,
        "dvar": 60433.5820312,
        "dvar2": 116357.234375,
        "max": 5644.82324219,
        "mean": 1207.00268555,
        "median": 1194.22399902,
        "min": 178.114227295,
        "var": 351172.1875
    },
    "spectral_complexity": {
        "dmean": 2.27077960968,
        "dmean2": 3.81265425682,
        "dvar": 4.28433227539,
        "dvar2": 11.4099464417,
        "max": 46,
        "mean": 16.7039031982,
        "median": 16,
        "min": 0,
        "var": 76.1026992798
    },
    "spectral_decrease": {
        "dmean": 1.33959765503e-09,
        "dmean2": 2.068978322e-09,
        "dvar": 2.56100721795e-18,
        "dvar2": 6.607316901e-18,
        "max": -2.78235467009e-17,
        "mean": -5.39870104177e-09,
        "median": -4.77591566295e-09,
        "min": -3.19170858631e-08,
        "var": 1.503033826e-17
    },
    "spectral_energy": {
        "dmean": 0.00542105222121,
        "dmean2": 0.00838150642812,
        "dvar": 4.20918477175e-05,
        "dvar2": 0.000109181208245,
        "max": 0.132512897253,
        "mean": 0.0222118962556,
        "median": 0.0195583514869,
        "min": 1.13093548415e-10,
        "var": 0.00025749913766
    },
    "spectral_energyband_high": {
        "dmean": 0.000175360997673,
        "dmean2": 0.00025263405405,
        "dvar": 2.4197527182e-07,
        "dvar2": 4.268620728e-07,
        "max": 0.0137806376442,
        "mean": 0.000497990171425,
        "median": 0.000225104857236,
        "min": 6.50439511279e-12,
        "var": 1.01197019831e-06
    },
    "spectral_energyband_low": {
        "dmean": 0.0012448100606,
        "dmean2": 0.00174171570688,
        "dvar": 6.66661617288e-06,
        "dvar2": 1.39955209306e-05,
        "max": 0.0425309315324,
        "mean": 0.0037421179004,
        "median": 0.00125578336883,
        "min": 1.14653234823e-11,
        "var": 2.96126927424e-05
    },
    "spectral_energyband_middle_high": {
        "dmean": 0.00250689894892,
        "dmean2": 0.00408666534349,
        "dvar": 2.00487684197e-05,
        "dvar2": 5.57789644517e-05,
        "max": 0.105733081698,
        "mean": 0.00860623922199,
        "median": 0.00442533008754,
        "min": 3.60073646247e-12,
        "var": 0.00014210298832
    },
    "spectral_energyband_middle_low": {
        "dmean": 0.0037698559463,
        "dmean2": 0.00588984042406,
        "dvar": 2.32023267017e-05,
        "dvar2": 5.92988399148e-05,
        "max": 0.0883897393942,
        "mean": 0.0103461910039,
        "median": 0.0080595696345,
        "min": 1.13828339116e-11,
        "var": 7.5895084592e-05
    },
    "spectral_entropy": {
        "dmean": 0.138028994203,
        "dmean2": 0.208377406001,
        "dvar": 0.0197311025113,
        "dvar2": 0.038862131536,
        "max": 8.87349033356,
        "mean": 7.3357334137,
        "median": 7.40480709076,
        "min": 5.28217840195,
        "var": 0.198930546641
    },
    "spectral_flux": {
        "dmean": 0.017566435039,
        "dmean2": 0.0282960515469,
        "dvar": 0.00033090141369,
        "dvar2": 0.000842230743729,
        "max": 0.250203132629,
        "mean": 0.0745669156313,
        "median": 0.0715850740671,
        "min": 3.8427173422e-05,
        "var": 0.00148984172847
    },
    "spectral_kurtosis": {
        "dmean": 2.58150267601,
        "dmean2": 4.48797559738,
        "dvar": 21.4051780701,
        "dvar2": 61.967124939,
        "max": 179.142684937,
        "mean": 4.93282461166,
        "median": 3.67525196075,
        "min": -1.17190074921,
        "var": 45.1021881104
    },
    "spectral_rms": {
        "dmean": 0.00055155652808,
        "dmean2": 0.00083420710871,
        "dvar": 2.88899656198e-07,
        "dvar2": 6.73175918564e-07,
        "max": 0.0113701745868,
        "mean": 0.00432919990271,
        "median": 0.00436821673065,
        "min": 3.32167388706e-07,
        "var": 2.92822096526e-06
    },
    "spectral_rolloff": {
        "dmean": 314.797393799,
        "dmean2": 520.862731934,
        "dvar": 578340.5625,
        "dvar2": 1176955.375,
        "max": 15805.3710938,
        "mean": 1349.32043457,
        "median": 1119.7265625,
        "min": 21.533203125,
        "var": 2266456.75
    },
    "spectral_skewness": {
        "dmean": 0.273447960615,
        "dmean2": 0.459111064672,
        "dvar": 0.0997825115919,
        "dvar2": 0.279902875423,
        "max": 9.94894123077,
        "mean": 1.54969358444,
        "median": 1.46684157848,
        "min": -0.151041254401,
        "var": 0.347983777523
    },
    "spectral_spread": {
        "dmean": 384636.1875,
        "dmean2": 556447.1875,
        "dvar": 296020803584,
        "dvar2": 469230157824,
        "max": 15310111,
        "mean": 3761306,
        "median": 3337518,
        "min": 496864.75,
        "var": 3.06504636826e+12
    },
    "spectral_strongpeak": {
        "dmean": 0.595740735531,
        "dmean2": 0.98858243227,
        "dvar": 0.80103468895,
        "dvar2": 2.15062069893,
        "max": 18.2958831787,
        "mean": 1.29081285,
        "median": 0.778928518295,
        "min": 0,
        "var": 1.84201061726
    },
    "zerocrossingrate": {
        "dmean": 0.0072646830231,
        "dmean2": 0.00848143547773,
        "dvar": 0.000164868630236,
        "dvar2": 0.000152598062414,
        "max": 0.44287109375,
        "mean": 0.0545092411339,
        "median": 0.05126953125,
        "min": 0.00244140625,
        "var": 0.00158744445071
    },
    "barkbands": {
        "dmean": [1.52445882122e-05, 0.000750943261664, 0.000494953070302, 0.000380324345315, 0.000675323710311, 0.000393157650251, 0.000593983626459, 0.000955123396125, 0.00183204421774, 0.00155480904505, 0.000963360827882, 0.00102106051054, 0.00040842735325, 0.000314801058266, 0.000144468722283, 8.89067378012e-05, 8.51440781844e-05, 0.000113547241199, 0.00022917764727, 4.14609385189e-05, 3.58341094397e-05, 6.63882383378e-05, 4.22439479735e-05, 2.88667943096e-05, 2.80479362118e-05, 8.69508039614e-06, 6.25336042503e-07],
        "dmean2": [2.36155447055e-05, 0.00101279187948, 0.000751199084334, 0.000608937407378, 0.00105022941716, 0.00059667264577, 0.000907822744921, 0.00144406990148, 0.00294951465912, 0.00262266327627, 0.00163876789156, 0.00165890157223, 0.000680564553477, 0.00051645928761, 0.000239755638177, 0.000139623356517, 0.000139056501212, 0.000188239471754, 0.000352562929038, 6.90157903591e-05, 5.73372090003e-05, 0.000101675519545, 6.27301560598e-05, 4.25212310802e-05, 4.12500703533e-05, 1.19865344459e-05, 1.02173942196e-06],
        "dvar": [1.28464150428e-09, 3.05259572997e-06, 1.69232941971e-06, 1.24937355395e-06, 1.62444405305e-06, 7.96091512711e-07, 2.04666503123e-06, 5.15750753038e-06, 1.0816561371e-05, 1.41595064633e-05, 4.82539735458e-06, 4.45683599537e-06, 6.46946091365e-07, 6.48850914331e-07, 7.42188248637e-08, 3.98219057729e-08, 2.3354273182e-08, 6.86289993723e-08, 2.10467163697e-07, 8.59797566477e-09, 8.61200177837e-09, 2.69891238247e-08, 1.35923121647e-08, 1.70882259454e-08, 3.25113376221e-08, 3.22531512609e-09, 1.08602328519e-10],
        "dvar2": [3.01296720906e-09, 5.46474439034e-06, 4.17263663621e-06, 3.03464253193e-06, 3.90011518903e-06, 1.73102262124e-06, 4.40083113062e-06, 1.05077187982e-05, 2.61635468632e-05, 3.81937461498e-05, 1.37662909765e-05, 1.17825711641e-05, 1.6239564502e-06, 1.61283037414e-06, 1.9364992454e-07, 8.78421744233e-08, 5.8694748617e-08, 1.95634498823e-07, 4.49370872957e-07, 2.31290702146e-08, 1.95804119585e-08, 5.61667938825e-08, 2.84650347737e-08, 3.22419957399e-08, 7.11937317988e-08, 6.01148553159e-09, 2.27173058143e-10],
        "max": [0.000995754729956, 0.033015422523, 0.0307256579399, 0.0315647870302, 0.0248680282384, 0.0244057103992, 0.0384093225002, 0.0500346831977, 0.0477187335491, 0.0888786911964, 0.0527441129088, 0.0410291552544, 0.0175444465131, 0.030327886343, 0.00488701555878, 0.00544229475781, 0.00333199859597, 0.00859635230154, 0.00903514586389, 0.0032418910414, 0.00325944204815, 0.004285344854, 0.0040675625205, 0.00463575916365, 0.00793846324086, 0.00324763869867, 0.000760047172662],
        "mean": [5.31939149369e-05, 0.00223900028504, 0.00110563251656, 0.000666251173243, 0.00150947272778, 0.000753173488192, 0.00117705971934, 0.00162352097686, 0.00341628934257, 0.00282205315307, 0.0016897515161, 0.00190986390226, 0.000751078827307, 0.000589787319768, 0.00028858584119, 0.000164616983966, 0.000175034467247, 0.000256388186244, 0.000475055770949, 9.97442839434e-05, 7.85836600699e-05, 0.000146791338921, 9.08096262719e-05, 5.83733162784e-05, 5.34468526894e-05, 1.69342001755e-05, 1.45647356931e-06],
        "median": [2.89470972348e-06, 0.000257310341112, 0.000199059635634, 0.000130460539367, 0.000687044754159, 0.000250628741924, 0.000275305385003, 0.00031988840783, 0.00109563849401, 0.00064641435165, 0.000412490218878, 0.000546644441783, 0.000254298618529, 0.000159332863404, 9.86580635072e-05, 6.92644680385e-05, 6.93291076459e-05, 8.43195375637e-05, 0.000167828169651, 3.62030914403e-05, 3.59379992005e-05, 5.58491046831e-05, 3.3015581721e-05, 1.21618722915e-05, 2.21456866711e-06, 4.70599115232e-09, 3.60608820582e-10],
        "min": [1.74834322367e-13, 6.88295937173e-13, 5.34112554532e-12, 3.02613880135e-12, 4.0188971942e-12, 1.84194933611e-12, 9.79612549933e-13, 8.05989931914e-13, 5.07429601809e-13, 6.06964944885e-13, 2.98313240429e-13, 2.0063886262e-13, 6.75085855273e-13, 2.08543238559e-13, 4.81448431469e-13, 1.12889454458e-13, 2.65049456992e-13, 3.22392720159e-13, 3.33284506764e-13, 2.75394914121e-13, 4.66061380027e-13, 4.3815011298e-13, 6.67759792773e-13, 4.62460690402e-13, 1.25211115348e-12, 1.84366757972e-12, 1.32076955709e-12],
        "var": [1.79424279878e-08, 1.66145709954e-05, 5.62307423024e-06, 2.56703447121e-06, 4.95266931466e-06, 2.13938483284e-06, 6.8536105573e-06, 1.35052405312e-05, 3.20045619446e-05, 3.78584009013e-05, 1.11732106234e-05, 1.21647681226e-05, 1.6001278027e-06, 1.39000030686e-06, 2.094829199e-07, 9.39255571097e-08, 6.70287221283e-08, 1.96987727463e-07, 6.66010748773e-07, 3.0682514307e-08, 1.76981505007e-08, 7.86361553651e-08, 3.66732741952e-08, 5.54659926877e-08, 1.00381612356e-07, 1.45846312805e-08, 4.84473572371e-10]
    },
    "erbbands": {
        "dmean": [0.0166590437293, 0.189708054066, 0.539136767387, 0.922068536282, 1.58708071709, 2.75089478493, 2.82372164726, 3.39560246468, 6.48720645905, 11.3183641434, 24.2978038788, 39.1990356445, 55.7105102539, 36.2673721313, 36.4245872498, 37.9003562927, 17.8207302094, 15.8973150253, 9.71657562256, 5.37198066711, 4.52962636948, 4.3239159584, 5.00358915329, 11.0940580368, 7.71990680695, 1.97740423679, 1.31865477562, 1.70719408989, 2.59888124466, 1.54374027252, 1.27080154419, 0.753558754921, 0.44263163209, 0.392265677452, 0.162778034806, 0.0579635798931, 0.0140238404274, 0.00114482000936, 0.000138380870339, 1.12406250992e-05],
        "dmean2": [0.0215142723173, 0.261280745268, 0.787903666496, 1.46255290508, 2.5189781189, 4.25410366058, 4.33551883698, 5.21766042709, 10.072218895, 16.7554855347, 36.6935157776, 61.8300094604, 93.140335083, 61.254535675, 61.5585250854, 61.5456237793, 29.3700675964, 26.1808013916, 15.8012676239, 8.62876701355, 7.07783269882, 7.02214717865, 8.30434322357, 17.3600540161, 11.8167457581, 3.25706362724, 2.14143228531, 2.69392371178, 3.99162268639, 2.34924697876, 1.88269877434, 1.11102640629, 0.645509600639, 0.585689425468, 0.230618312955, 0.0794352889061, 0.0191573165357, 0.00167328712996, 0.000212105747778, 1.75230507011e-05],
        "dvar": [0.00162764173001, 0.203274980187, 1.92909967899, 6.16133451462, 14.5328226089, 30.465675354, 46.5411567688, 66.5327453613, 240.768447876, 814.271057129, 3287.77294922, 5239.04101562, 18204.1230469, 6291.30712891, 7046.17724609, 6840.95214844, 1099.81274414, 1586.88439941, 375.390106201, 117.556716919, 102.764396667, 59.4907608032, 97.2741699219, 520.282958984, 298.905456543, 20.2445983887, 10.0841903687, 23.7650222778, 48.4772872925, 14.5140028, 13.1804628372, 5.93103170395, 6.78213119507, 7.05102682114, 0.972099006176, 0.123100809753, 0.0260805319995, 0.000153386165039, 4.60250021206e-06, 7.02807145814e-09],
        "dvar2": [0.0025691871997, 0.380208939314, 4.46626091003, 15.3176870346, 36.0594482422, 68.17552948, 103.344223022, 152.042999268, 550.511352539, 1683.37561035, 6783.53125, 12253.2431641, 49736.3359375, 18144.5976562, 20036.9394531, 17721.1210938, 2757.48266602, 4032.19873047, 940.583251953, 269.800933838, 228.279434204, 152.480621338, 270.335327148, 1153.44921875, 604.033874512, 54.3297958374, 23.259185791, 54.6263580322, 105.617248535, 31.656747818, 26.8845119476, 10.9047079086, 13.6382904053, 16.4753875732, 1.89712262154, 0.216305017471, 0.0547098778188, 0.000286947761197, 1.02456524473e-05, 1.70790404042e-08],
        "max": [0.979468166828, 8.79794979095, 35.8294029236, 62.749912262, 101.133087158, 124.995010376, 203.222885132, 292.258972168, 323.451385498, 802.66204834, 1364.72875977, 1326.14465332, 3140.18383789, 1511.94262695, 1900.83239746, 1624.73425293, 700.518737793, 1409.52648926, 517.172058105, 305.214233398, 281.982849121, 147.657974243, 250.705551147, 583.70513916, 522.981079102, 136.275192261, 127.065704346, 185.075805664, 193.593215942, 125.334075928, 123.920906067, 90.2103805542, 92.7119522095, 134.9815979, 31.3854045868, 13.2327976227, 12.6597929001, 1.10748124123, 0.153743669391, 0.00685860821977],
        "mean": [0.0605727769434, 0.514535188675, 1.30545735359, 1.82657313347, 3.26886153221, 5.89911460876, 5.53593683243, 6.47305059433, 12.577287674, 22.2901802063, 45.4339675903, 74.4372940063, 103.14339447, 72.0192337036, 71.9470901489, 74.7328720093, 37.7576828003, 32.3738288879, 20.7691688538, 11.765042305, 9.33464431763, 10.0530910492, 12.8456125259, 23.4866847992, 16.766916275, 5.28378391266, 3.09062576294, 3.67978692055, 5.50260734558, 3.49223136902, 2.68551087379, 1.57984447479, 0.839212357998, 0.718874931335, 0.304467797279, 0.108669549227, 0.0258444380015, 0.00229759677313, 0.000331058748998, 4.0596438339e-05],
        "median": [0.00471446244046, 0.0658916905522, 0.286120057106, 0.531216681004, 1.13675928116, 2.25639486313, 2.13625764847, 2.19778633118, 3.93551540375, 6.22538328171, 13.1796636581, 27.3988666534, 24.3913726807, 23.1448707581, 21.9200439453, 22.1614685059, 15.1788043976, 10.7666187286, 6.97644138336, 4.68268156052, 4.45453548431, 4.22830486298, 5.0190820694, 9.16095352173, 6.26369285583, 2.23268032074, 1.4769603014, 1.57409644127, 1.9933886528, 1.36949491501, 0.905531287193, 0.415176421404, 0.111002102494, 0.0346121415496, 0.00835690647364, 0.000691382330842, 4.73737891298e-05, 9.18553269003e-06, 1.30373064167e-05, 2.49413333222e-05],
        "min": [2.52520504507e-11, 2.09436745724e-10, 3.69915720277e-09, 9.65627755534e-09, 1.10609779114e-08, 1.37891191798e-08, 1.51977594953e-08, 1.43982177292e-08, 1.42576901396e-08, 1.48291929847e-08, 1.82230159851e-08, 1.10275220067e-08, 1.8114210576e-08, 1.47047840571e-08, 1.12773745897e-08, 9.7104582153e-09, 2.56478731586e-08, 1.97961735893e-08, 1.91911802006e-08, 1.4081524391e-08, 7.52190487674e-09, 1.29114798852e-08, 1.54707322508e-08, 1.65817475306e-08, 2.03392467313e-08, 1.41725022829e-08, 1.47642644777e-08, 1.97709155714e-08, 1.49244616665e-08, 1.49798466964e-08, 2.36874342363e-08, 1.12799725116e-08, 8.60234017352e-09, 1.69804081906e-08, 6.25116802766e-09, 6.41551389791e-09, 4.05541378257e-09, 9.5868701866e-10, 2.09169570553e-10, 1.61132669707e-11],
        "var": [0.0174022838473, 0.876403331757, 7.21204185486, 12.8455877304, 36.2007293701, 100.915565491, 126.078788757, 155.388031006, 603.757629395, 2182.66870117, 9214.9921875, 15869.5449219, 45874.9570312, 17264.4960938, 18285.2363281, 19837.3242188, 3305.98266602, 3513.75683594, 1093.20092773, 364.398590088, 242.328643799, 206.619857788, 423.994293213, 1551.77026367, 991.020202637, 100.636962891, 21.2372493744, 46.8652229309, 126.718467712, 41.2425804138, 36.0584526062, 20.214548111, 19.2343330383, 19.3780326843, 3.2827026844, 0.474883139133, 0.0891283154488, 0.000678397365846, 2.11486076296e-05, 4.49679227188e-08]
    },
    "gfcc": {
        "mean": [-59.1888122559, 114.15776062, -168.321990967, 20.7814407349, -83.8740997314, 11.2299880981, -20.1892127991, -3.37799811363, -12.8850412369, -18.7948875427, -4.04062604904, -12.3049297333, -8.25273513794],
        "cov": [[5661.70996094, -1693.52648926, -113.025444031, 260.184082031, -371.740386963, 875.690429688, -196.754867554, 640.319335938, -119.084434509, 159.710296631, -21.6405105591, 182.904281616, -253.016906738], [-1693.52648926, 3749.21801758, 1658.8269043, 1030.88818359, 1040.41149902, -438.948669434, 490.591186523, -398.205657959, 477.502746582, -69.7633972168, 310.455230713, -18.4047546387, 29.9814777374], [-113.025444031, 1658.8269043, 3725.37084961, 1283.28015137, 488.679351807, 294.214202881, -458.90536499, 139.261062622, -9.75786113739, 492.909088135, -99.0647277832, 254.597076416, -80.64478302], [260.184082031, 1030.88818359, 1283.28015137, 899.403076172, 311.249755859, 169.27532959, 9.91879653931, 15.3923215866, 166.255096436, 93.5579605103, 68.5999984741, 50.1257362366, -25.7532100677], [-371.740386963, 1040.41149902, 488.679351807, 311.249755859, 730.674194336, -40.2597732544, 305.706970215, 3.17871284485, 150.967132568, 119.096427917, 77.2737426758, 22.9731178284, 24.448677063], [875.690429688, -438.948669434, 294.214202881, 169.27532959, -40.2597732544, 430.434143066, -21.8857192993, 217.306564331, -21.4692382812, 90.5673980713, -14.4892644882, 35.4180183411, -24.3111114502], [-196.754867554, 490.591186523, -458.90536499, 9.91879653931, 305.706970215, -21.8857192993, 596.936706543, -27.3414478302, 188.52507019, -92.600982666, 130.141387939, 1.91718220711, -5.44571971893], [640.319335938, -398.205657959, 139.261062622, 15.3923215866, 3.17871284485, 217.306564331, -27.3414478302, 280.65637207, -20.0427341461, 132.224853516, 14.6904287338, 53.0398750305, -14.1962890625], [-119.084434509, 477.502746582, -9.75786113739, 166.255096436, 150.967132568, -21.4692382812, 188.52507019, -20.0427341461, 267.467254639, -28.9304180145, 139.709320068, 1.09464168549, 14.2674150467], [159.710296631, -69.7633972168, 492.909088135, 93.5579605103, 119.096427917, 90.5673980713, -92.600982666, 132.224853516, -28.9304180145, 272.256896973, -25.0845584869, 84.2780303955, 3.18588042259], [-21.6405105591, 310.455230713, -99.0647277832, 68.5999984741, 77.2737426758, -14.4892644882, 130.141387939, 14.6904287338, 139.709320068, -25.0845584869, 218.138198853, 13.0569505692, 17.2228851318], [182.904281616, -18.4047546387, 254.597076416, 50.1257362366, 22.9731178284, 35.4180183411, 1.91718220711, 53.0398750305, 1.09464168549, 84.2780303955, 13.0569505692, 142.572494507, -9.61801147461], [-253.016906738, 29.9814777374, -80.64478302, -25.7532100677, 24.448677063, -24.3111114502, -5.44571971893, -14.1962890625, 14.2674150467, 3.18588042259, 17.2228851318, -9.61801147461, 135.768249512]],
        "icov": [[0.000396111281589, -8.10058336356e-05, 0.000349624635419, -0.000395586626837, 2.19121466216e-05, -0.00058500416344, 0.000361150217941, -0.000540721521247, 0.000136081478558, 4.12518675148e-05, 0.000116817158414, -0.000657295982819, 0.000661312195007], [-8.10058336356e-05, 0.00191997806542, -0.00117268576287, -0.000415169168264, -0.00119575578719, 0.00185151945334, -0.00105177168734, 0.0012165895896, -0.000639399979264, 0.00114480918273, -0.00155845854897, 0.00133097986691, -0.000386055791751], [0.000349624635419, -0.00117268576287, 0.00197491957806, -0.00131231662817, 0.000259032909526, -0.00156814744696, 0.0016832187539, -0.000899983744603, 0.000741617928725, -0.00132365524769, 0.00129501509946, -0.00227228179574, 0.00110851542559], [-0.000395586626837, -0.000415169168264, -0.00131231662817, 0.00405992288142, -0.000241995890974, -0.00121732905973, -9.33230330702e-05, 0.00110889680218, -0.00159648654517, 0.00055483635515, -0.000271293800324, 0.000978272059001, -0.000458654394606], [2.19121466216e-05, -0.00119575578719, 0.000259032909526, -0.000241995890974, 0.00389119400643, -5.47265954083e-05, -0.00157400406897, -0.00101427326445, 0.000367466593161, -0.00246302061714, 0.00101399433333, 0.000549150281586, -0.000537396932486], [-0.00058500416344, 0.00185151945334, -0.00156814744696, -0.00121732905973, -5.47265954083e-05, 0.00736354850233, -0.00233663944528, -0.00212738243863, -0.000166830679518, 0.00100467330776, -0.000802364083938, 0.00260874885134, -0.00136867328547], [0.000361150217941, -0.00105177168734, 0.0016832187539, -9.33230330702e-05, -0.00157400406897, -0.00233663944528, 0.00498851388693, -0.000687154650223, -0.000998367671855, 0.000851520395372, 0.00058232183801, -0.00298508186825, 0.00168028019834], [-0.000540721521247, 0.0012165895896, -0.000899983744603, 0.00110889680218, -0.00101427326445, -0.00212738243863, -0.000687154650223, 0.00955185294151, -0.000427633698564, -0.00238394271582, -0.00258167413995, 0.000841685920022, -0.000339662190527], [0.000136081478558, -0.000639399979264, 0.000741617928725, -0.00159648654517, 0.000367466593161, -0.000166830679518, -0.000998367671855, -0.000427633698564, 0.00781720690429, -0.000601223902777, -0.00280125252903, -0.000321798201185, -0.000123142483062], [4.12518675148e-05, 0.00114480918273, -0.00132365524769, 0.00055483635515, -0.00246302061714, 0.00100467330776, 0.000851520395372, -0.00238394271582, -0.000601223902777, 0.00887540075928, -0.000229050725466, -0.00198222324252, -0.000705058686435], [0.000116817158414, -0.00155845854897, 0.00129501509946, -0.000271293800324, 0.00101399433333, -0.000802364083938, 0.00058232183801, -0.00258167413995, -0.00280125252903, -0.000229050725466, 0.0088251279667, -0.00224936334416, -0.000272356002824], [-0.000657295982819, 0.00133097986691, -0.00227228179574, 0.000978272059001, 0.000549150281586, 0.00260874885134, -0.00298508186825, 0.000841685920022, -0.000321798201185, -0.00198222324252, -0.00224936334416, 0.0120373582467, -0.00112806155812], [0.000661312195007, -0.000386055791751, 0.00110851542559, -0.000458654394606, -0.000537396932486, -0.00136867328547, 0.00168028019834, -0.000339662190527, -0.000123142483062, -0.000705058686435, -0.000272356002824, -0.00112806155812, 0.00912230275571]]
    },
    "melbands": {
        "dmean": [0.000179680690053, 0.000267429015366, 0.000169146966073, 0.000155530433403, 0.000100115481473, 7.63594071032e-05, 0.000107437343104, 0.000136055168696, 0.0002124679595, 0.000266626477242, 0.000283437635517, 0.000153099041199, 0.000125740494695, 0.000122458790429, 6.78027790855e-05, 3.81659447157e-05, 3.18947240885e-05, 1.89882139239e-05, 1.03833854155e-05, 6.53031656839e-06, 5.66539938518e-06, 5.01419754073e-06, 4.91340870212e-06, 5.36631068826e-06, 1.04657656266e-05, 8.91087256605e-06, 2.67316636382e-06, 1.31280251026e-06, 9.36332298807e-07, 8.66616517214e-07, 1.16201294986e-06, 1.64333732755e-06, 1.38377470194e-06, 7.64134370002e-07, 7.78882110808e-07, 7.08849540842e-07, 4.00866099426e-07, 2.96466453165e-07, 3.40318024428e-07, 3.70836403363e-07],
        "dmean2": [0.000238499429543, 0.000380497716833, 0.000268825358944, 0.000242264912231, 0.000154670502525, 0.000117062976642, 0.000165385295986, 0.000202421928407, 0.000321269064443, 0.000424255791586, 0.000473257678095, 0.000258459040197, 0.000214389685425, 0.000199622299988, 0.000109472362965, 6.38483397779e-05, 5.2352930652e-05, 3.10403775075e-05, 1.69506620296e-05, 1.0339952496e-05, 8.90897626959e-06, 8.12378584669e-06, 8.29568398331e-06, 8.82635140442e-06, 1.65101537277e-05, 1.37095767059e-05, 4.29724832429e-06, 2.20402330342e-06, 1.54691281296e-06, 1.40088309308e-06, 1.85035992217e-06, 2.54623705587e-06, 2.15093791667e-06, 1.19048308989e-06, 1.1941909861e-06, 1.05104015802e-06, 5.97441157879e-07, 4.46620049388e-07, 5.02474961195e-07, 5.77799994517e-07],
        "dvar": [1.78697760589e-07, 4.0772025045e-07, 1.87580425859e-07, 1.00109758705e-07, 4.46024301937e-08, 3.04181426714e-08, 6.04358305623e-08, 1.03304145682e-07, 2.30280207347e-07, 2.39415783199e-07, 4.64585070858e-07, 1.10712122137e-07, 8.59533457742e-08, 7.04340834545e-08, 2.14333777393e-08, 5.94140736609e-09, 7.24527060569e-09, 1.70708513991e-09, 3.91837617908e-10, 2.2479849926e-10, 1.60618532363e-10, 8.26595458747e-11, 1.17483384132e-10, 1.23456397882e-10, 4.9210274744e-10, 4.12371942149e-10, 4.25887138056e-11, 1.19398371398e-11, 5.02567258642e-12, 5.08160484178e-12, 1.27672126343e-11, 2.1467298425e-11, 1.20118298988e-11, 4.03736896346e-12, 5.30295685836e-12, 3.95576973955e-12, 2.15470133055e-12, 3.03403569629e-12, 4.68663172506e-12, 9.04050445616e-12],
        "dvar2": [3.04611802449e-07, 8.93059279861e-07, 4.68474951276e-07, 2.41464562123e-07, 1.00724896868e-07, 6.77803768667e-08, 1.36053742494e-07, 2.11579575193e-07, 4.79115840335e-07, 5.86570365613e-07, 1.26438453663e-06, 3.15911449889e-07, 2.46853716135e-07, 1.90669254607e-07, 5.08555260126e-08, 1.54906842909e-08, 1.83304020851e-08, 4.16079926069e-09, 9.69597846456e-10, 5.05484709645e-10, 3.67688657299e-10, 2.0646855059e-10, 3.29865440518e-10, 3.23474497188e-10, 1.09551789862e-09, 8.88827511591e-10, 9.03796065765e-11, 3.27988400328e-11, 1.17633255567e-11, 1.20181651089e-11, 3.08323470921e-11, 4.85186196775e-11, 2.66592095621e-11, 9.62677420419e-12, 1.18352714781e-11, 7.97161035099e-12, 4.06853804119e-12, 6.39760206617e-12, 9.36100762877e-12, 2.35355606532e-11],
        "max": [0.00793285667896, 0.0138700315729, 0.0107506373897, 0.00676175765693, 0.00569042330608, 0.00584135437384, 0.005320770666, 0.00710890907794, 0.0101147787645, 0.0087274229154, 0.0160837247968, 0.00582521082833, 0.00642059277743, 0.00584496697411, 0.00333202513866, 0.00183034874499, 0.00316794076934, 0.00132887123618, 0.000489412981551, 0.000474726810353, 0.000398128613597, 0.000206051990972, 0.000252480589552, 0.00030681269709, 0.000558138941415, 0.000395173585275, 0.000220720801735, 0.000108894637378, 0.000106824008981, 0.000102634840005, 0.000138108123792, 0.000159090079251, 0.000111348395876, 5.8963381889e-05, 8.24444796308e-05, 8.24731614557e-05, 6.17841651547e-05, 5.59662512387e-05, 7.70629558247e-05, 0.0001786598732],
        "mean": [0.000583929708228, 0.00069650617661, 0.00035335222492, 0.000341254170053, 0.00020781729836, 0.000145045560203, 0.000214315587073, 0.000259402644588, 0.000391342007788, 0.000494817038998, 0.000514144951012, 0.00028870915412, 0.000234913401073, 0.000223587660003, 0.000133623441798, 6.96630741004e-05, 5.93995900999e-05, 3.57813805749e-05, 2.03949002753e-05, 1.24169509945e-05, 1.04028422356e-05, 1.01129407994e-05, 1.0910043784e-05, 1.21429757201e-05, 2.01714137802e-05, 1.71539832081e-05, 5.55446604267e-06, 3.0484054605e-06, 1.90880723494e-06, 1.70619864548e-06, 2.2787207854e-06, 3.21660513691e-06, 2.7601677175e-06, 1.5753456637e-06, 1.52831512423e-06, 1.40116424063e-06, 7.78252854161e-07, 5.3626092722e-07, 5.96367044636e-07, 6.43565044811e-07],
        "median": [5.96268255322e-05, 0.000166004087077, 0.000109008004074, 0.00014308327809, 8.8914835942e-05, 4.61368981632e-05, 6.02413783781e-05, 6.744665734e-05, 0.000104200531496, 0.000162234471645, 0.000112165056635, 8.56743499753e-05, 6.00269122515e-05, 6.71043962939e-05, 3.43760693795e-05, 2.43660251726e-05, 1.69262712006e-05, 1.04475475382e-05, 6.83686175762e-06, 5.08158473167e-06, 4.62684101876e-06, 3.95512233808e-06, 3.48337698597e-06, 4.09719450545e-06, 7.010430636e-06, 5.41820372746e-06, 1.94311451196e-06, 9.91640035863e-07, 8.40447910377e-07, 8.35408229705e-07, 8.59002511788e-07, 1.08388439912e-06, 9.03386535356e-07, 6.04625483902e-07, 4.99118414155e-07, 3.72052681996e-07, 1.77596660933e-07, 5.9955937104e-08, 3.9965417642e-08, 1.98689402708e-08],
        "min": [2.1862984242e-13, 1.39253593465e-12, 1.72140004074e-12, 9.06265080342e-13, 5.51527465191e-13, 3.3033095031e-13, 2.14763103135e-13, 1.64515102929e-13, 1.43123102887e-13, 6.51181243801e-14, 9.21926922824e-14, 6.20174620209e-14, 4.06200579086e-14, 1.78400656335e-14, 4.37351028873e-14, 6.81479815612e-14, 3.01643475822e-14, 2.32621691685e-14, 4.04201750737e-14, 6.99949657018e-15, 8.53596520859e-15, 1.03468513461e-14, 2.03494922193e-14, 1.35329674713e-14, 1.3330762072e-14, 1.19489447091e-14, 1.49360724662e-14, 7.59702071623e-15, 8.87033485265e-15, 9.42348717776e-15, 1.22167409517e-14, 7.86415288494e-15, 9.58109629232e-15, 7.40858807272e-15, 1.49175224446e-14, 9.40509470434e-15, 5.75768401259e-15, 4.10387928813e-15, 1.22465683699e-14, 1.45405419611e-14],
        "var": [1.28791907628e-06, 1.52734435233e-06, 4.10498131487e-07, 2.99659404845e-07, 1.26335791606e-07, 7.55802744834e-08, 1.82546173733e-07, 2.73943840057e-07, 6.81888081999e-07, 7.28993882149e-07, 1.18575189845e-06, 2.90283878712e-07, 2.089058313e-07, 1.69138232309e-07, 7.11179808377e-08, 1.30746204974e-08, 1.46614036467e-08, 3.97315336187e-09, 1.11093578781e-09, 5.7564303324e-10, 3.25517418576e-10, 2.32329128158e-10, 4.20694479253e-10, 4.13029332957e-10, 1.35175459715e-09, 1.13410392188e-09, 1.25124646755e-10, 5.22041229689e-11, 9.27295046305e-12, 8.79987489127e-12, 2.2281832629e-11, 4.87594374599e-11, 3.19049023312e-11, 9.20199333398e-12, 1.25321428582e-11, 1.09367376266e-11, 7.01280396601e-12, 7.89148087155e-12, 1.27453507817e-11, 2.19510017802e-11]
    },
    "mfcc": {
        "mean": [-677.85369873, 126.327697754, -24.7954406738, 1.28079748154, -29.395986557, 2.46102356911, -6.16726207733, 13.5120992661, -10.3772287369, 2.47334003448, 0.641971945763, -5.82665634155, -6.91803598404],
        "cov": [[5180.58740234, -1418.8013916, -1098.98059082, -421.878448486, -438.108184814, 121.711326599, 37.4588661194, 561.144897461, -108.49811554, 276.579681396, 155.319152832, 7.62420082092, -16.49127388], [-1418.8013916, 2334.22900391, 1159.85400391, 1091.1036377, 680.263366699, 325.96295166, 142.449584961, 57.2880096436, 44.9890441895, 71.5071487427, 99.4773101807, 173.62789917, 202.913299561], [-1098.98059082, 1159.85400391, 3027.60913086, 1067.96899414, 1074.23376465, 380.755432129, -22.8494968414, -138.252853394, 90.8621673584, -43.3680229187, 79.1892242432, 187.764526367, 230.114898682], [-421.878448486, 1091.1036377, 1067.96899414, 922.321594238, 543.659667969, 320.751617432, 76.618637085, 69.9534606934, 61.9463539124, 90.9195632935, 80.6385498047, 121.835350037, 153.45135498], [-438.108184814, 680.263366699, 1074.23376465, 543.659667969, 732.536804199, 193.983963013, 91.1292114258, -89.3163452148, 114.651306152, 78.1485443115, 58.2241744995, 84.8519668579, 147.18661499], [121.711326599, 325.96295166, 380.755432129, 320.751617432, 193.983963013, 296.423339844, 102.78653717, 127.751251221, 69.704788208, 86.6120452881, 59.1436271667, 63.5165596008, 48.1116485596], [37.4588661194, 142.449584961, -22.8494968414, 76.618637085, 91.1292114258, 102.78653717, 279.097473145, 74.6284103394, 109.76033783, 60.8436851501, 77.9598617554, 34.0517539978, 22.9717655182], [561.144897461, 57.2880096436, -138.252853394, 69.9534606934, -89.3163452148, 127.751251221, 74.6284103394, 336.061218262, -7.82964086533, 101.579101562, 78.9562454224, 77.1776123047, 24.376203537], [-108.49811554, 44.9890441895, 90.8621673584, 61.9463539124, 114.651306152, 69.704788208, 109.76033783, -7.82964086533, 194.924346924, 31.5712566376, 30.5486602783, 20.3863372803, 18.080575943], [276.579681396, 71.5071487427, -43.3680229187, 90.9195632935, 78.1485443115, 86.6120452881, 60.8436851501, 101.579101562, 31.5712566376, 182.663909912, 67.7715148926, 50.5699958801, 43.7051200867], [155.319152832, 99.4773101807, 79.1892242432, 80.6385498047, 58.2241744995, 59.1436271667, 77.9598617554, 78.9562454224, 30.5486602783, 67.7715148926, 157.876678467, 67.375793457, 57.370765686], [7.62420082092, 173.62789917, 187.764526367, 121.835350037, 84.8519668579, 63.5165596008, 34.0517539978, 77.1776123047, 20.3863372803, 50.5699958801, 67.375793457, 144.321838379, 67.4630432129], [-16.49127388, 202.913299561, 230.114898682, 153.45135498, 147.18661499, 48.1116485596, 22.9717655182, 24.376203537, 18.080575943, 43.7051200867, 57.370765686, 67.4630432129, 148.772079468]],
