{
"lowlevel": {
    "average_loudness": 0.418163746595,
    "barkbands_crest": {
        "dmean": 2.95323014259,
        "dmean2": 4.76590538025,
        "dvar": 8.20675086975,
        "dvar2": 20.194568634,
        "max": 26.5239238739,
        "mean": 12.145907402,
        "median": 10.9671649933,
        "min": 2.59992408752,
        "var": 29.0064544678
    },
    "barkbands_flatness_db": {
        "dmean": 0.0268784686923,
        "dmean2": 0.0413986258209,
        "dvar": 0.000745174766053,
        "dvar2": 0.00178851909004,
        "max": 0.506661474705,
        "mean": 0.187738090754,
        "median": 0.183375269175,
        "min": 0.0207243002951,
        "var": 0.00339591014199
    },
    "barkbands_kurtosis": {
        "dmean": 5.57884979248,
        "dmean2": 9.26141548157,
        "dvar": 390.620544434,
        "dvar2": 1045.11987305,
        "max": 738.194458008,
        "mean": 7.22881698608,
        "median": 2.09591150284,
        "min": -1.91724324226,
        "var": 601.277893066
    },
    "barkbands_skewness": {
        "dmean": 0.708030462265,
        "dmean2": 1.10150647163,
        "dvar": 1.07617795467,
        "dvar2": 2.68006372452,
        "max": 24.5559158325,
        "mean": 1.7893884182,
        "median": 1.43067479134,
        "min": -6.48091411591,
        "var": 3.32057118416
    },
    "barkbands_spread": {
        "dmean": 6.22380924225,
        "dmean2": 9.76793479919,
        "dvar": 79.2582092285,
        "dvar2": 190.232589722,
        "max": 135.854370117,
        "mean": 20.8220024109,
        "median": 17.12251091,
        "min": 0.234100684524,
        "var": 218.406600952
    },
    "dissonance": {
        "dmean": 0.0207357592881,
        "dmean2": 0.0348402224481,
        "dvar": 0.0004202297132,
        "dvar2": 0.00106674281415,
        "max": 0.499999940395,
        "mean": 0.46288561821,
        "median": 0.471829771996,
        "min": 0.279392421246,
        "var": 0.00106211612001
    },
    "dynamic_complexity": 2.78536128998,
    "erbbands_crest": {
        "dmean": 2.92546868324,
        "dmean2": 4.75620317459,
        "dvar": 7.07197666168,
        "dvar2": 17.5392894745,
        "max": 30.5225868225,
        "mean": 9.87459087372,
        "median": 9.0998249054,
        "min": 2.66104412079,
        "var": 17.7245101929
    },
    "erbbands_flatness_db": {
        "dmean": 0.0202758442611,
        "dmean2": 0.0293700546026,
        "dvar": 0.000363345316146,
        "dvar2": 0.00068121420918,
        "max": 0.447998523712,
        "mean": 0.205113142729,
        "median": 0.201316088438,
        "min": 0.0449860729277,
        "var": 0.00363755598664
    },
    "erbbands_kurtosis": {
        "dmean": 1.05273270607,
        "dmean2": 1.67925989628,
        "dvar": 2.41611433029,
        "dvar2": 5.67137050629,
        "max": 29.9668083191,
        "mean": 0.547121047974,
        "median": -0.131111860275,
        "min": -1.84335494041,
        "var": 5.64422607422
    },
    "erbbands_skewness": {
        "dmean": 0.408930420876,
        "dmean2": 0.624252736568,
        "dvar": 0.173907786608,
        "dvar2": 0.35541805625,
        "max": 4.18639039993,
        "mean": 0.56056034565,
        "median": 0.61181974411,
        "min": -4.86137342453,
        "var": 0.816005349159
    },
    "erbbands_spread": {
        "dmean": 8.37136554718,
        "dmean2": 13.0365276337,
        "dvar": 110.812080383,
        "dvar2": 263.276611328,
        "max": 183.778381348,
        "mean": 39.331817627,
        "median": 36.703994751,
        "min": 3.30091238022,
        "var": 439.673431396
    },
    "hfc": {
        "dmean": 7.45283174515,
        "dmean2": 11.3748531342,
        "dvar": 146.423095703,
        "dvar2": 350.690704346,
        "max": 438.368804932,
        "mean": 23.5657863617,
        "median": 18.2625904083,
        "min": 5.71710856434e-09,
        "var": 575.211975098
    },
    "melbands_crest": {
        "dmean": 3.51628565788,
        "dmean2": 5.64100551605,
        "dvar": 11.0627689362,
        "dvar2": 27.0813446045,
        "max": 37.4600257874,
        "mean": 16.0168685913,
        "median": 14.4910049438,
        "min": 3.0324420929,
        "var": 49.3112602234
    },
    "melbands_flatness_db": {
        "dmean": 0.0289788935333,
        "dmean2": 0.044057443738,
        "dvar": 0.00102617428638,
        "dvar2": 0.00237754406407,
        "max": 0.636187255383,
        "mean": 0.210852578282,
        "median": 0.200295075774,
        "min": 0.0178701709956,
        "var": 0.00514793489128
    },
    "melbands_kurtosis": {
        "dmean": 13.0594234467,
        "dmean2": 21.6902484894,
        "dvar": 1293.45349121,
        "dvar2": 3584.31640625,
        "max": 640.424438477,
        "mean": 20.6419582367,
        "median": 7.49861001968,
        "min": -1.93555343151,
        "var": 2230.09277344
    },
    "melbands_skewness": {
        "dmean": 0.931163668633,
        "dmean2": 1.47224879265,
        "dvar": 1.83085358143,
        "dvar2": 4.58261680603,
        "max": 19.8361415863,
        "mean": 2.91055440903,
        "median": 2.25573396683,
        "min": -2.24393868446,
        "var": 5.95435380936
    },
    "melbands_spread": {
        "dmean": 8.26878261566,
        "dmean2": 12.6666316986,
        "dvar": 247.558074951,
        "dvar2": 525.451782227,
        "max": 335.980499268,
        "mean": 23.7826805115,
        "median": 17.5846862793,
        "min": 0.280508160591,
        "var": 602.119873047
    },
    "pitch_salience": {
        "dmean": 0.0819345936179,
        "dmean2": 0.133488729596,
        "dvar": 0.00812027603388,
        "dvar2": 0.0207266043872,
        "max": 0.899538934231,
        "mean": 0.543757200241,
        "median": 0.580107927322,
        "min": 0.0433800257742,
        "var": 0.0330875590444
    },
    "silence_rate_20dB": {
        "dmean": 0,
        "dmean2": 0,
        "dvar": 0,
        "dvar2": 0,
        "max": 1,
        "mean": 1,
        "median": 1,
        "min": 1,
        "var": 0
    },
    "silence_rate_30dB": {
        "dmean": 0.0192285943776,
        "dmean2": 0.0384615398943,
        "dvar": 0.0188566166908,
        "dvar2": 0.0491914153099,
        "max": 1,
        "mean": 0.982243835926,
        "median": 1,
        "min": 0,
        "var": 0.017440199852
    },
    "silence_rate_60dB": {
        "dmean": 0.0201334692538,
        "dmean2": 0.0401583723724,
        "dvar": 0.0197314526886,
        "dvar2": 0.047599285841,
        "max": 1,
        "mean": 0.0530422963202,
        "median": 0,
        "min": 0,
        "var": 0.0502237156034
    },
    "spectral_centroid": {
        "dmean": 326.308654785,
        "dmean2": 486.677490234,
        "dvar": 151236.734375,
        "dvar2": 307762.28125,
        "max": 8252.86914062,
        "mean": 1745.68798828,
        "median": 1622.34301758,
        "min": 178.543701172,
        "var": 605979.5
    },
    "spectral_complexity": {
        "dmean": 3.25528788567,
        "dmean2": 5.20667409897,
        "dvar": 11.6694889069,
        "dvar2": 28.2275428772,
        "max": 55,
        "mean": 17.4327068329,
        "median": 16,
        "min": 0,
        "var": 80.8689117432
    },
    "spectral_decrease": {
        "dmean": 2.81739653829e-09,
        "dmean2": 4.60821203419e-09,
        "dvar": 2.33319063439e-17,
        "dvar2": 6.57955738139e-17,
        "max": 2.43755460261e-10,
        "mean": -7.38267624811e-09,
        "median": -5.99090110853e-09,
        "min": -5.98743881142e-08,
        "var": 4.3048795183e-17
    },
    "spectral_energy": {
        "dmean": 0.0110411383212,
        "dmean2": 0.0179907120764,
        "dvar": 0.000337361620041,
        "dvar2": 0.000948055938352,
        "max": 0.228057906032,
        "mean": 0.0300014372915,
        "median": 0.024977773428,
        "min": 6.04329628874e-13,
        "var": 0.000655455572996
    },
    "spectral_energyband_high": {
        "dmean": 0.000536909967195,
        "dmean2": 0.000804394425359,
        "dvar": 1.55160478243e-06,
        "dvar2": 3.52072220267e-06,
        "max": 0.0380247570574,
        "mean": 0.00107328698505,
        "median": 0.000573808792979,
        "min": 4.51482140519e-13,
        "var": 3.25523183164e-06
    },
    "spectral_energyband_low": {
        "dmean": 0.00705208117142,
        "dmean2": 0.012305110693,
        "dvar": 0.000389613007428,
        "dvar2": 0.00116988492664,
        "max": 0.224486172199,
        "mean": 0.0123376203701,
        "median": 0.0014688919764,
        "min": 2.21504748476e-15,
        "var": 0.000484877760755
    },
    "spectral_energyband_middle_high": {
        "dmean": 0.00217475905083,
        "dmean2": 0.00342037458904,
        "dvar": 1.75244222191e-05,
        "dvar2": 4.8252477427e-05,
        "max": 0.132029280066,
        "mean": 0.00700415065512,
        "median": 0.00312574999407,
        "min": 1.38436245974e-13,
        "var": 0.000124179656268
    },
    "spectral_energyband_middle_low": {
        "dmean": 0.00501351151615,
        "dmean2": 0.00820602383465,
        "dvar": 6.24243621132e-05,
        "dvar2": 0.000165075616678,
        "max": 0.111412659287,
        "mean": 0.0102573595941,
        "median": 0.00683133723214,
        "min": 1.25471413993e-14,
        "var": 0.000109828768473
    },
    "spectral_entropy": {
        "dmean": 0.153139576316,
        "dmean2": 0.228185415268,
        "dvar": 0.026268100366,
        "dvar2": 0.0475640892982,
        "max": 9.10659694672,
        "mean": 7.57517576218,
        "median": 7.56717252731,
        "min": 6.29595994949,
        "var": 0.115728385746
    },
    "spectral_flux": {
        "dmean": 0.028648301959,
        "dmean2": 0.0433456264436,
        "dvar": 0.00113116274588,
        "dvar2": 0.00226254365407,
        "max": 0.487956404686,
        "mean": 0.0923331230879,
        "median": 0.0804736912251,
        "min": 9.29196539801e-05,
        "var": 0.00312995072454
    },
    "spectral_kurtosis": {
        "dmean": 1.44007432461,
        "dmean2": 2.51380801201,
        "dvar": 2.08761930466,
        "dvar2": 6.2930855751,
        "max": 19.6882152557,
        "mean": 2.51070284843,
        "median": 2.09820270538,
        "min": -1.32843244076,
        "var": 4.18319940567
    },
    "spectral_rms": {
        "dmean": 0.000901586317923,
        "dmean2": 0.00141931360122,
        "dvar": 1.27580517528e-06,
        "dvar2": 3.25429482473e-06,
        "max": 0.0149162840098,
        "mean": 0.0049726460129,
        "median": 0.00493645202368,
        "min": 2.42814728324e-08,
        "var": 4.54252540294e-06
    },
    "spectral_rolloff": {
        "dmean": 587.509094238,
        "dmean2": 1003.86517334,
        "dvar": 1381092.625,
        "dvar2": 3036589.25,
        "max": 16882.03125,
        "mean": 1694.23059082,
        "median": 1141.25976562,
        "min": 43.06640625,
        "var": 3489902.5
    },
    "spectral_skewness": {
        "dmean": 0.231368809938,
        "dmean2": 0.374890387058,
        "dvar": 0.0401082523167,
        "dvar2": 0.103607654572,
        "max": 3.31285715103,
        "mean": 1.00429403782,
        "median": 0.987681746483,
        "min": -0.350818395615,
        "var": 0.192932873964
    },
    "spectral_spread": {
        "dmean": 483454.84375,
        "dmean2": 694787.6875,
        "dvar": 491764318208,
        "dvar2": 833839628288,
        "max": 19764056,
        "mean": 4140643.75,
        "median": 3811194.25,
        "min": 1831940.375,
        "var": 2.76550936166e+12
    },
    "spectral_strongpeak": {
        "dmean": 0.607843995094,
        "dmean2": 1.00956869125,
        "dvar": 1.73190808296,
        "dvar2": 4.33625936508,
        "max": 47.4748344421,
        "mean": 1.18475866318,
        "median": 0.6052339077,
        "min": 0,
        "var": 2.80375146866
    },
    "zerocrossingrate": {
        "dmean": 0.0108280684799,
        "dmean2": 0.0126992342994,
        "dvar": 0.000313851633109,
        "dvar2": 0.000333867152222,
        "max": 0.5146484375,
        "mean": 0.061490688473,
        "median": 0.0546875,
        "min": 0.00244140625,
        "var": 0.00217298022471
    },
    "barkbands": {
        "dmean": [0.000375827978132, 0.00589656084776, 0.0013506251853, 0.000678074138705, 0.000817702908535, 0.00111343769822, 0.00104328792077, 0.00111762084998, 0.00178700243123, 0.00130730599631, 0.000718639872503, 0.000480575166875, 0.00043804186862, 0.000274082849501, 0.000138241666718, 6.41461156192e-05, 8.46267503221e-05, 0.000112478985102, 0.00029646945768, 0.000246881711064, 0.000174553773832, 0.000109450877062, 7.4909767136e-05, 9.47994412854e-05, 7.8333010606e-05, 1.95168668142e-05, 3.57826706932e-06],
        "dmean2": [0.000614446471445, 0.0103073194623, 0.0024960685987, 0.00123155955225, 0.00143108423799, 0.00179517699871, 0.00167512241751, 0.00174030265771, 0.00289477384649, 0.0021000020206, 0.00119534425903, 0.000803686387371, 0.000736941467039, 0.000459927890915, 0.000233962142374, 0.000107513857074, 0.000143182594911, 0.000185555647477, 0.000455559435068, 0.000373226532247, 0.000256083556451, 0.000166537472978, 0.00011518298561, 0.000142602570122, 0.000125917096739, 3.02829521388e-05, 5.54326288693e-06],
        "dvar": [1.04383241251e-06, 0.000261095701717, 3.49071560777e-05, 6.12064832239e-06, 4.61347781311e-06, 5.03124738316e-06, 5.48117941435e-06, 6.29926626061e-06, 1.44983760038e-05, 1.26763552544e-05, 4.12165991293e-06, 1.26485565488e-06, 9.48483091179e-07, 5.231656246e-07, 1.00359187627e-07, 1.91383300319e-08, 4.37811529252e-08, 1.06253516208e-07, 2.12854132542e-07, 2.23527166554e-07, 7.86418254961e-08, 5.98331837409e-08, 6.22898781444e-08, 2.03525488018e-07, 2.54588172766e-07, 2.44216646905e-08, 2.13019579753e-09],
        "dvar2": [2.86337990474e-06, 0.000788746227045, 0.000101263896795, 1.78505142685e-05, 1.30969638121e-05, 1.2064702787e-05, 1.26017766888e-05, 1.38532477649e-05, 3.69690460502e-05, 3.4425585909e-05, 1.18954721984e-05, 3.7711256482e-06, 2.72496208709e-06, 1.51000290316e-06, 2.80988331269e-07, 5.29087671453e-08, 1.22005658909e-07, 2.83607647589e-07, 4.74132207273e-07, 4.51349734476e-07, 1.62998972542e-07, 1.41150962918e-07, 1.37193211458e-07, 3.98985804395e-07, 6.88497948431e-07, 5.52974945833e-08, 4.42007630497e-09],
        "max": [0.013827636838, 0.186029314995, 0.0673429593444, 0.0328271053731, 0.0279927644879, 0.0400364585221, 0.0356892123818, 0.0376360751688, 0.0878748074174, 0.103206336498, 0.0665637329221, 0.0316111147404, 0.0224058702588, 0.014843811281, 0.00629746401682, 0.00232550688088, 0.00593062164262, 0.0142034962773, 0.00808663666248, 0.00932237505913, 0.00464709335938, 0.00666004326195, 0.00696739414707, 0.0129716172814, 0.0267935693264, 0.0113685280085, 0.00324617628939],
        "mean": [0.000523322203662, 0.0102161979303, 0.00129517505411, 0.000601157313213, 0.000990618602373, 0.00173180992715, 0.00146000261884, 0.00155658787116, 0.00321699073538, 0.00223471503705, 0.00120359600987, 0.000867459981237, 0.000789125799201, 0.000492500839755, 0.00026301809703, 0.000115175469546, 0.000163002376212, 0.000224566989345, 0.000642032071482, 0.000494396663271, 0.000371761881979, 0.000192504143342, 0.000104349514004, 0.000113767338917, 9.97643728624e-05, 3.04565346596e-05, 7.3231017268e-06],
        "median": [6.85031136527e-06, 0.000701885495801, 0.000122548575746, 0.000130122760311, 0.000393226131564, 0.000474271480925, 0.000263423309661, 0.000330394133925, 0.00065272115171, 0.000349238602212, 0.000232503603911, 0.000264746486209, 0.00020371437131, 0.000109093976789, 6.65615152684e-05, 3.78022523364e-05, 4.94157284265e-05, 6.69932269375e-05, 0.000312460615532, 0.000205815085792, 0.00019396978314, 9.02946558199e-05, 3.32474301104e-05, 1.94346321223e-05, 6.45721593173e-06, 1.19438141155e-07, 5.84136850001e-10],
        "min": [2.97759907316e-17, 7.02931255344e-16, 9.7058604338e-16, 9.94546593755e-16, 2.35909157843e-15, 1.4381972523e-15, 4.33643070149e-16, 2.70858245467e-15, 3.7482957039e-15, 2.58460986547e-15, 7.58101856979e-15, 1.52960462222e-14, 6.68130356135e-15, 8.16316313862e-15, 9.04135419284e-15, 3.21407261699e-14, 2.94934602186e-14, 6.78748252942e-15, 7.16166949827e-15, 2.46503867123e-14, 2.30255437384e-14, 3.45569689671e-14, 2.59932320893e-14, 6.77081275161e-14, 7.27006413512e-14, 1.07605222475e-13, 1.09472015329e-13],
        "var": [1.67855068867e-06, 0.000356343167368, 2.2665833967e-05, 3.57838143827e-06, 3.7097229324e-06, 9.96142716758e-06, 9.77560648607e-06, 1.18200196084e-05, 3.82100406568e-05, 3.48175235558e-05, 8.48378022056e-06, 2.82713403976e-06, 2.50374296229e-06, 1.19255616937e-06, 3.01462705465e-07, 4.4031974511e-08, 1.11981243833e-07, 2.5782307489e-07, 7.25122788481e-07, 6.50047297768e-07, 2.30560004866e-07, 9.35773059041e-08, 8.13703309177e-08, 2.90730611141e-07, 5.49600201794e-07, 1.14424238973e-07, 9.58200629952e-09]
    },
    "erbbands": {
        "dmean": [0.192495197058, 1.26871883869, 1.79203414917, 1.86629188061, 2.2527244091, 2.80486392975, 5.88681221008, 9.97296714783, 11.5347566605, 20.3576526642, 27.2283611298, 40.4685325623, 42.5598258972, 35.9465446472, 19.7250614166, 17.5110301971, 18.303571701, 14.7033481598, 8.80393218994, 5.12920761108, 3.24043273926, 4.7299156189, 5.31341505051, 7.39013719559, 19.2358398438, 9.8832988739, 6.37344074249, 6.98622560501, 4.14154338837, 2.38205456734, 2.22001385689, 2.00711655617, 1.58867263794, 1.18382918835, 0.388461649418, 0.1070709005, 0.0413045585155, 0.00488928472623, 0.000749146332964, 4.63384167233e-05],
        "dmean2": [0.333076655865, 2.18017959595, 3.21875333786, 3.37497735023, 4.041888237, 4.86156654358, 9.72074508667, 15.9488811493, 18.5526447296, 32.1352958679, 42.1656494141, 64.6089019775, 68.8194961548, 57.457736969, 32.420211792, 29.0350532532, 30.7166080475, 24.6205558777, 14.6648159027, 8.53744983673, 5.38783740997, 7.94013786316, 8.70990848541, 11.7181444168, 28.3559017181, 14.4779529572, 9.59927177429, 10.0941543579, 6.23913812637, 3.70812392235, 3.37304759026, 3.04468274117, 2.41256833076, 1.89284813404, 0.629212617874, 0.172670960426, 0.0604632347822, 0.00830304808915, 0.00115893164184, 7.0917289122e-05],
        "dvar": [0.239722698927, 15.3127965927, 57.1596412659, 49.2029762268, 54.2148399353, 49.0070114136, 168.635543823, 503.544006348, 687.093933105, 1803.92724609, 3467.11816406, 7682.44873047, 12475.4726562, 8034.09375, 2848.81787109, 1970.88903809, 1814.18762207, 1376.6138916, 456.921447754, 127.781997681, 50.1081695557, 137.750808716, 187.720932007, 218.321548462, 946.165283203, 332.407043457, 130.187362671, 140.347473145, 81.3481292725, 43.5249938965, 59.4940757751, 68.5446624756, 71.6561584473, 69.6371002197, 4.27837896347, 0.346495091915, 0.281942397356, 0.00221033161506, 9.21041355468e-05, 4.48997553804e-07],
        "dvar2": [0.736970663071, 43.680355072, 162.755081177, 140.024978638, 156.369873047, 137.674850464, 434.707946777, 1161.64868164, 1632.27453613, 4194.3203125, 8008.30126953, 19322.8320312, 35020.34375, 21438.515625, 7993.22509766, 5958.88574219, 5386.91601562, 4022.80541992, 1302.56408691, 358.22756958, 138.280639648, 387.547210693, 513.36126709, 569.522766113, 1910.12597656, 644.34362793, 285.768951416, 288.808959961, 190.513778687, 102.945053101, 128.640213013, 143.963684082, 144.522949219, 187.302322388, 11.4109754562, 0.916526377201, 0.592753827572, 0.00574326422065, 0.000215865307837, 7.88793613538e-07],
        "max": [5.62999153137, 48.0140266418, 91.5048217773, 82.8186187744, 127.295318604, 85.9418182373, 245.246276855, 505.458679199, 444.231506348, 637.830383301, 938.66217041, 1741.36450195, 2827.46386719, 2759.96679688, 1719.55371094, 1518.3034668, 1070.54528809, 757.208679199, 499.662322998, 198.388046265, 144.365844727, 333.966888428, 456.732543945, 527.724243164, 486.031982422, 338.328735352, 178.138748169, 255.590042114, 275.447235107, 130.436141968, 242.519592285, 204.043624878, 244.81539917, 453.102508545, 88.4981689453, 26.2803897858, 39.2903022766, 2.6433968544, 0.65067499876, 0.0598817616701],
        "mean": [0.340603262186, 2.07297635078, 1.98915505409, 1.85415160656, 2.14974331856, 3.52242231369, 8.72776794434, 15.2157125473, 16.0587596893, 28.8430938721, 41.4859352112, 71.1712341309, 76.4431838989, 66.6148529053, 38.7550125122, 34.1617774963, 35.5464477539, 29.5386867523, 18.2520313263, 10.1417312622, 6.65987062454, 9.5798997879, 11.4367733002, 17.3706378937, 43.0827941895, 21.882352829, 13.5257539749, 14.6068582535, 7.59559822083, 3.7663538456, 3.05194067955, 2.52968835831, 1.80720293522, 1.54666447639, 0.462221503258, 0.133396908641, 0.0680051371455, 0.00763704022393, 0.00159432773944, 0.000105503720988],
        "median": [0.0141355162486, 0.174693733454, 0.243664115667, 0.458151340485, 0.752056002617, 1.29075598717, 2.44821715355, 3.78772735596, 3.9915971756, 7.76061964035, 12.7241344452, 15.6420650482, 15.6202058792, 14.4324455261, 10.7100601196, 10.4971885681, 10.0511722565, 7.42602157593, 4.41081047058, 3.24777746201, 2.37119841576, 3.18547415733, 3.53870081902, 7.59110164642, 20.2437953949, 9.93671131134, 6.75156593323, 7.50633335114, 3.72875213623, 1.43411922455, 0.94277882576, 0.57017147541, 0.222670972347, 0.0977489203215, 0.0274831019342, 0.00356179755181, 0.000177010922926, 1.89910388144e-05, 1.95986722247e-05, 3.35053846356e-05],
        "min": [1.51561993885e-14, 1.84041882212e-13, 9.41696048397e-13, 2.51149491828e-12, 4.68303954643e-12, 8.51255437667e-12, 1.25419371069e-11, 1.0786247763e-11, 5.83210866753e-12, 2.57815557098e-11, 5.62863193554e-11, 7.47392009393e-11, 9.47711423227e-11, 1.54862261903e-10, 5.00754049337e-10, 5.43409373055e-10, 3.23996829366e-10, 3.54882262465e-10, 4.29237534405e-10, 8.30263358065e-10, 2.1972252906e-09, 1.45689627029e-09, 4.41520042749e-10, 2.70230698929e-10, 6.33467056588e-10, 1.17086262907e-09, 8.59119497765e-10, 9.96316584789e-10, 1.40005829152e-09, 7.57400642204e-10, 8.33928925914e-10, 1.5923873331e-09, 9.82791958926e-10, 3.72608222055e-10, 6.80069167647e-10, 4.32630986591e-10, 1.77019440772e-10, 6.73187269817e-11, 1.42001436651e-11, 1.80316373811e-12],
        "var": [0.391265720129, 17.9451236725, 38.5384864807, 31.7717075348, 33.7891769409, 44.3092079163, 270.521026611, 1055.51611328, 1011.47973633, 2918.99804688, 6084.56396484, 19578.8535156, 33290.5390625, 21907.8984375, 7127.84912109, 4606.76025391, 4941.18359375, 3799.74902344, 1513.65087891, 371.22644043, 144.758453369, 367.292755127, 535.628356934, 794.127807617, 3460.58300781, 1098.80932617, 350.176971436, 392.735076904, 135.115325928, 57.9081840515, 79.6857376099, 94.0335083008, 97.022026062, 148.832443237, 8.19559669495, 0.854033470154, 1.10026085377, 0.00744546670467, 0.000433207431342, 1.59621140483e-06]
    },
    "gfcc": {
        "mean": [-29.0268039703, 98.3885803223, -155.730560303, 40.2512168884, -85.1050109863, 11.4464645386, -13.9645662308, 3.75934505463, -18.1898403168, -1.81340277195, -0.899935185909, -13.449347496, -1.77800726891],
        "cov": [[3036.59179688, -863.520080566, 716.265258789, 167.590667725, -210.18989563, 212.287506104, -199.510040283, 439.641571045, -203.8359375, 353.387268066, -89.9086608887, 136.197402954, -76.9392242432], [-863.520080566, 2052.45751953, 388.134918213, 707.749450684, 318.36517334, -212.778793335, 517.35925293, -253.618148804, 349.894805908, -73.9564743042, 369.470489502, -81.0433425903, 176.846389771], [716.265258789, 388.134918213, 2421.94848633, 1079.6784668, 421.820587158, 280.706542969, -107.829856873, 330.576416016, 72.9977645874, 558.451293945, 146.341918945, 258.630645752, 57.9883651733], [167.590667725, 707.749450684, 1079.6784668, 1076.54931641, 340.739959717, 104.829200745, 145.524230957, 73.600944519, 212.162796021, 244.731796265, 236.965698242, 79.877166748, 139.428390503], [-210.18989563, 318.36517334, 421.820587158, 340.739959717, 592.556518555, 249.728118896, 223.784667969, 93.3145065308, 166.100891113, 85.4316558838, 66.6968383789, 130.860214233, 58.9316978455], [212.287506104, -212.778793335, 280.706542969, 104.829200745, 249.728118896, 423.330871582, 101.658638, 202.666503906, 39.7070655823, 70.5259017944, 13.2142543793, 124.537879944, 21.5903434753], [-199.510040283, 517.35925293, -107.829856873, 145.524230957, 223.784667969, 101.658638, 581.593322754, 18.1554985046, 157.443984985, -43.4860229492, 146.405441284, 52.4849205017, 54.6531982422], [439.641571045, -253.618148804, 330.576416016, 73.600944519, 93.3145065308, 202.666503906, 18.1554985046, 273.598419189, -1.65458631516, 161.611785889, -4.66913127899, 82.8602523804, 11.2252607346], [-203.8359375, 349.894805908, 72.9977645874, 212.162796021, 166.100891113, 39.7070655823, 157.443984985, -1.65458631516, 276.707061768, 6.7276391983, 126.102516174, -23.9700927734, 77.1281280518], [353.387268066, -73.9564743042, 558.451293945, 244.731796265, 85.4316558838, 70.5259017944, -43.4860229492, 161.611785889, 6.7276391983, 280.196472168, 27.0446510315, 87.8425827026, 10.7504653931], [-89.9086608887, 369.470489502, 146.341918945, 236.965698242, 66.6968383789, 13.2142543793, 146.405441284, -4.66913127899, 126.102516174, 27.0446510315, 198.769546509, 1.41452312469, 82.6703491211], [136.197402954, -81.0433425903, 258.630645752, 79.877166748, 130.860214233, 124.537879944, 52.4849205017, 82.8602523804, -23.9700927734, 87.8425827026, 1.41452312469, 180.116577148, 15.8129310608], [-76.9392242432, 176.846389771, 57.9883651733, 139.428390503, 58.9316978455, 21.5903434753, 54.6531982422, 11.2252607346, 77.1281280518, 10.7504653931, 82.6703491211, 15.8129310608, 133.204223633]],
        "icov": [[0.00054262537742, 0.000133911671583, -2.73511213891e-05, -0.000254025391769, 0.00037816670374, 3.88007210859e-05, -7.09996020305e-05, -0.000734042434487, 0.00013973620662, -6.75436749589e-05, 4.67933969048e-05, -0.000111193694465, 0.000239531698753], [0.000133911671583, 0.00164738798048, -0.000530712306499, -0.000300977204461, -0.000526405870914, 0.00108777638525, -0.00111589953303, 0.000822512083687, -0.000103807018604, 0.000702965829987, -0.00112985458691, 0.000809628632851, -0.000510107376613], [-2.73511213891e-05, -0.000530712306499, 0.00153206626419, -0.000992470886558, -5.65924274269e-05, -0.000449781480711, 0.000941999547649, -0.000677495263517, 0.000254166370723, -0.00136462936644, 3.03770866594e-05, -0.000967454281636, 0.000888174516149], [-0.000254025391769, -0.000300977204461, -0.000992470886558, 0.00296264514327, -0.000669585017022, -0.000241173533141, -0.000139377603773, 0.00130480038933, -0.000338143290719, -0.000966788735241, -0.00111743016168, 0.000807567266747, -0.00126214651391], [0.00037816670374, -0.000526405870914, -5.65924274269e-05, -0.000669585017022, 0.00417331745848, -0.0019168703584, -0.000487548997626, -4.60891496914e-05, -0.00163110194262, -0.000377474236302, 0.00209161103703, -0.00175462127663, 0.000196178007172], [3.88007210859e-05, 0.00108777638525, -0.000449781480711, -0.000241173533141, -0.0019168703584, 0.00624998100102, -0.000537329120561, -0.00377554004081, -0.000195041779079, 0.00297284848057, -0.00119221652858, -0.00130357127637, 0.000167831138242], [-7.09996020305e-05, -0.00111589953303, 0.000941999547649, -0.000139377603773, -0.000487548997626, -0.000537329120561, 0.00378118478693, -0.00150421785656, -0.000479254929814, 0.000442485703388, -0.00143204361666, -0.00181457889266, 0.00140041660052], [-0.000734042434487, 0.000822512083687, -0.000677495263517, 0.00130480038933, -4.60891496914e-05, -0.00377554004081, -0.00150421785656, 0.0115524251014, -0.000225685551413, -0.00507615832612, 0.000500653404742, 0.00172950874548, -0.0022865019273], [0.00013973620662, -0.000103807018604, 0.000254166370723, -0.000338143290719, -0.00163110194262, -0.000195041779079, -0.000479254929814, -0.000225685551413, 0.00706209009513, -0.000476471410366, -0.0024797602091, 0.00250872806646, -0.00137873413041], [-6.75436749589e-05, 0.000702965829987, -0.00136462936644, -0.000966788735241, -0.000377474236302, 0.00297284848057, 0.000442485703388, -0.00507615832612, -0.000476471410366, 0.0105132497847, -0.00122577673756, -0.00208836048841, 0.00100117339753], [4.67933969048e-05, -0.00112985458691, 3.03770866594e-05, -0.00111743016168, 0.00209161103703, -0.00119221652858, -0.00143204361666, 0.000500653404742, -0.0024797602091, -0.00122577673756, 0.0120829576626, -0.000124103447888, -0.00345280370675], [-0.000111193694465, 0.000809628632851, -0.000967454281636, 0.000807567266747, -0.00175462127663, -0.00130357127637, -0.00181457889266, 0.00172950874548, 0.00250872806646, -0.00208836048841, -0.000124103447888, 0.0105073852465, -0.00243131630123], [0.000239531698753, -0.000510107376613, 0.000888174516149, -0.00126214651391, 0.000196178007172, 0.000167831138242, 0.00140041660052, -0.0022865019273, -0.00137873413041, 0.00100117339753, -0.00345280370675, -0.00243131630123, 0.0119104841724]]
    },
    "melbands": {
        "dmean": [0.00165012595244, 0.00118108920287, 0.000332577241352, 0.000172728774487, 0.000185350581887, 0.000219720997848, 0.000191905055544, 0.000231677564443, 0.000237338972511, 0.000265212467639, 0.000219578985707, 0.000153773537022, 8.01821588539e-05, 5.49555043108e-05, 4.32272900071e-05, 4.43833559984e-05, 2.77281942545e-05, 1.65274541359e-05, 9.84888993116e-06, 5.2250875342e-06, 4.06652679885e-06, 5.25216864844e-06, 5.08454377268e-06, 5.50440927327e-06, 6.18901822236e-06, 1.3537975974e-05, 1.42198032336e-05, 5.53023210159e-06, 3.87774434785e-06, 4.85465716338e-06, 3.98043448513e-06, 2.59681587522e-06, 1.85892326954e-06, 1.19578203339e-06, 1.26322834149e-06, 1.42938620229e-06, 1.19889000416e-06, 1.16107798931e-06, 9.95260734271e-07, 1.10041423795e-06],
        "dmean2": [0.00288234744221, 0.0020695165731, 0.000595904013608, 0.000305641937302, 0.000308937509544, 0.000352480070433, 0.000307138165226, 0.000362670252798, 0.000372353824787, 0.000424224097515, 0.000356485485099, 0.000246650219196, 0.000132667613798, 9.07261637622e-05, 7.31317704776e-05, 7.48741804273e-05, 4.65930825158e-05, 2.76165901596e-05, 1.65285655385e-05, 8.855435226e-06, 6.74713965054e-06, 8.8902470452e-06, 8.43972702569e-06, 9.07537651074e-06, 1.00622764876e-05, 2.04638399737e-05, 2.08589244721e-05, 8.44328405947e-06, 6.0914135247e-06, 7.09238111085e-06, 5.83042674407e-06, 3.95617189497e-06, 2.87829652734e-06, 1.90460752947e-06, 1.9277517822e-06, 2.20850324695e-06, 1.83222164196e-06, 1.7914868522e-06, 1.50871426285e-06, 1.82143833172e-06],
        "dvar": [1.77312394953e-05, 1.93014002434e-05, 1.42377223256e-06, 2.33814503758e-07, 1.67231164028e-07, 2.2663240884e-07, 1.71839914742e-07, 2.08879527008e-07, 2.5809842441e-07, 3.30268960624e-07, 3.32595334385e-07, 1.53877167008e-07, 5.42178213436e-08, 1.64348730181e-08, 1.10820064236e-08, 1.05831592379e-08, 5.30869614934e-09, 1.70324876425e-09, 4.83806716911e-10, 1.45434803089e-10, 8.10716216382e-11, 1.72271960586e-10, 1.60819607631e-10, 2.99157976169e-10, 1.71271677396e-10, 4.51157472492e-10, 6.74722999694e-10, 1.09898458389e-10, 5.50863972493e-11, 6.90976095785e-11, 5.1812460572e-11, 3.15455890576e-11, 2.421761576e-11, 1.23987911951e-11, 1.80660920251e-11, 3.31946345411e-11, 2.91974118494e-11, 4.10555200947e-11, 3.61906962731e-11, 1.00248281898e-10],
        "dvar2": [5.43349560758e-05, 5.44359427295e-05, 4.02109299102e-06, 6.71095108373e-07, 4.40125347723e-07, 5.29139640548e-07, 4.01451018206e-07, 4.75635459907e-07, 6.19980369265e-07, 8.37198626868e-07, 9.34510126172e-07, 4.06581875723e-07, 1.55549329861e-07, 4.74066865763e-08, 3.24943911778e-08, 3.02243954309e-08, 1.54562158627e-08, 4.86750550976e-09, 1.32398503272e-09, 4.0990175143e-10, 2.23675356015e-10, 4.81532147489e-10, 4.27506280376e-10, 8.05639777113e-10, 4.52042014931e-10, 9.66916768874e-10, 1.30315003233e-09, 2.3377624836e-10, 1.28570834534e-10, 1.43806216935e-10, 1.09072785526e-10, 7.3853284599e-11, 5.75835802652e-11, 3.03780993416e-11, 3.94349448929e-11, 7.66133892438e-11, 6.02071378863e-11, 8.59319074231e-11, 7.61086957346e-11, 2.81929257717e-10],
        "max": [0.042644072324, 0.0518768914044, 0.0158398412168, 0.00654943892732, 0.00784645788372, 0.00987317226827, 0.00620308890939, 0.00587771926075, 0.00992590375245, 0.0132461488247, 0.0144614558667, 0.0126831270754, 0.00675019016489, 0.00334278354421, 0.0022962114308, 0.00246912939474, 0.00147886842024, 0.000965624582022, 0.000429800333222, 0.000201339105843, 0.000202017414267, 0.000353497889591, 0.000410784239648, 0.000795489933807, 0.000406302482588, 0.000387438893085, 0.000537361309398, 0.000214362298721, 0.000141291049658, 0.00012736019562, 0.00020135747036, 0.00019709643675, 9.61793339229e-05, 7.65544609749e-05, 0.000126484839711, 0.000174881788553, 0.000173101900145, 0.000192313586012, 0.000232171849348, 0.00060158391716],
        "mean": [0.00299422862008, 0.00167096371297, 0.000333281874191, 0.000189552141819, 0.000274456629995, 0.000335277291015, 0.000274985388387, 0.00033023065771, 0.000351291324478, 0.000468604033813, 0.000382512429496, 0.000276350911008, 0.00014302287309, 0.000100146688055, 7.87091776147e-05, 8.02740250947e-05, 5.08499724674e-05, 3.09088791255e-05, 1.84241835086e-05, 9.02213196241e-06, 7.45223724152e-06, 9.67420965026e-06, 1.0004521755e-05, 1.06481957118e-05, 1.27412795337e-05, 2.92916047329e-05, 2.92202475976e-05, 1.10089240479e-05, 7.37516211302e-06, 9.78455500444e-06, 7.86593136581e-06, 4.55003646493e-06, 2.90195657726e-06, 1.71593660525e-06, 1.67997870903e-06, 1.80309427833e-06, 1.44238754274e-06, 1.2721773146e-06, 1.08450797143e-06, 1.516017619e-06],
        "median": [0.000171104446054, 0.000186665696674, 8.83616594365e-05, 7.48974343878e-05, 8.73352837516e-05, 8.54131794767e-05, 6.51903465041e-05, 8.35842802189e-05, 9.52696136665e-05, 8.76813137438e-05, 6.83975667926e-05, 5.45075745322e-05, 3.35866207024e-05, 2.98311861116e-05, 1.97206172743e-05, 1.96289911401e-05, 1.16201099445e-05, 6.02972477282e-06, 5.20270941706e-06, 2.79366463474e-06, 2.45526393883e-06, 2.99070597976e-06, 2.89247759611e-06, 3.10572158924e-06, 4.78514448332e-06, 1.37868319143e-05, 1.15341808851e-05, 4.55494182461e-06, 3.31470482706e-06, 4.47829097538e-06, 3.81804329663e-06, 2.0994307306e-06, 9.82508936431e-07, 5.83778160035e-07, 4.8917456752e-07, 4.69028805128e-07, 2.64047741894e-07, 1.38774566949e-07, 1.05586366317e-07, 6.50752269848e-08],
        "min": [1.66187295151e-16, 4.15270978463e-16, 4.91678538382e-16, 4.66843797066e-16, 4.42272800634e-16, 2.46052615614e-16, 8.28428265615e-17, 3.6830628379e-16, 4.08917463735e-16, 5.49308383712e-16, 4.52580132811e-16, 5.34532158645e-16, 1.32710962242e-15, 1.81990767366e-15, 1.26658064801e-15, 3.71723188229e-16, 7.43256111683e-16, 7.16448683573e-16, 6.75245930524e-16, 1.6001368228e-15, 2.89232062983e-15, 1.80722462582e-15, 6.65361744244e-16, 1.64879317462e-16, 2.11810527863e-16, 2.94709020371e-16, 7.59693474239e-16, 7.61554723261e-16, 5.11836969614e-16, 5.77058083036e-16, 5.2850377222e-16, 8.26006519009e-16, 6.4863347881e-16, 3.39697216601e-16, 4.87064696978e-16, 4.19317201912e-16, 1.28001416703e-15, 7.20387227959e-16, 3.87443060939e-16, 2.61306487854e-16],
        "var": [2.85459391307e-05, 1.60145991686e-05, 9.35172977279e-07, 1.62281722282e-07, 2.42539130113e-07, 4.59597060853e-07, 2.82831337017e-07, 3.60772531849e-07, 4.31389366895e-07, 8.75887110396e-07, 8.8396478759e-07, 4.07514335166e-07, 1.13806315483e-07, 3.81332760924e-08, 2.74995244354e-08, 2.86757320112e-08, 1.2447765485e-08, 4.74052797017e-09, 1.38497247004e-09, 2.90534318825e-10, 2.03523878306e-10, 4.00780242327e-10, 4.39685204912e-10, 6.48387676883e-10, 5.74245873075e-10, 1.64255731239e-09, 2.17806062075e-09, 3.03239905408e-10, 1.27210450507e-10, 1.95948451909e-10, 1.30219751648e-10, 5.30722236991e-11, 3.38520114718e-11, 1.47714323412e-11, 2.4007528604e-11, 3.92095696189e-11, 3.98288069192e-11, 5.22464016495e-11, 4.50233600402e-11, 2.3106686009e-10]
    },
    "mfcc": {
        "mean": [-650.958435059, 109.097549438, -14.3696632385, 21.1986923218, -33.2365036011, 4.23675823212, 7.11340475082, 2.05429887772, -3.8544459343, 8.35107421875, 2.36118459702, -0.1704287678, -3.70414400101],
        "cov": [[2485.01342773, -690.763122559, 96.9356231689, -123.900672913, -146.588928223, -159.466506958, 1.42989778519, 4.36580753326, -0.534284293652, 65.3442993164, 32.030834198, 8.89832019806, -8.48023986816], [-690.763122559, 1246.92785645, 257.157287598, 533.423706055, 17.9863471985, 180.507064819, 148.521652222, 61.0826034546, 42.8064956665, 30.9082298279, 80.4635467529, 111.512481689, 76.0306777954], [96.9356231689, 257.157287598, 1854.82983398, 903.618286133, 625.262512207, 221.290039062, 161.790557861, -110.367523193, 103.849594116, 154.94934082, 117.875694275, 217.057662964, 328.21282959], [-123.900672913, 533.423706055, 903.618286133, 1061.73913574, 327.942657471, 294.926300049, 165.610076904, -19.3629074097, 79.557800293, 186.283996582, 76.9200057983, 148.059295654, 266.436096191], [-146.588928223, 17.9863471985, 625.262512207, 327.942657471, 677.460083008, 209.347137451, 65.3583526611, 30.0406665802, 139.094039917, 99.5050582886, 50.7078514099, 78.3672332764, 179.444839478], [-159.466506958, 180.507064819, 221.290039062, 294.926300049, 209.347137451, 333.406982422, 169.166656494, 191.233856201, 101.76638031, 86.5336074829, 77.425201416, 78.2017669678, 93.5898208618], [1.42989778519, 148.521652222, 161.790557861, 165.610076904, 65.3583526611, 169.166656494, 302.057128906, 172.426254272, 95.4050140381, 44.7742881775, 108.912940979, 64.4461364746, 51.2945480347], [4.36580753326, 61.0826034546, -110.367523193, -19.3629074097, 30.0406665802, 191.233856201, 172.426254272, 324.573150635, 95.2358856201, 46.5409240723, 78.0589523315, 41.7078590393, 1.65481305122], [-0.534284293652, 42.8064956665, 103.849594116, 79.557800293, 139.094039917, 101.76638031, 95.4050140381, 95.2358856201, 175.851898193, 67.1260147095, 62.4202919006, 50.2961158752, 69.4483108521], [65.3442993164, 30.9082298279, 154.94934082, 186.283996582, 99.5050582886, 86.5336074829, 44.7742881775, 46.5409240723, 67.1260147095, 184.087417603, 58.275062561, 60.226436615, 61.2967414856], [32.030834198, 80.4635467529, 117.875694275, 76.9200057983, 50.7078514099, 77.425201416, 108.912940979, 78.0589523315, 62.4202919006, 58.275062561, 145.965103149, 66.2690200806, 34.0882415771], [8.89832019806, 111.512481689, 217.057662964, 148.059295654, 78.3672332764, 78.2017669678, 64.4461364746, 41.7078590393, 50.2961158752, 60.226436615, 66.2690200806, 140.121337891, 65.8806838989], [-8.48023986816, 76.0306777954, 328.21282959, 266.436096191, 179.444839478, 93.5898208618, 51.2945480347, 1.65481305122, 69.4483108521, 61.2967414856, 34.0882415771, 65.8806838989, 174.365310669]],
