{
"lowlevel": {
    "average_loudness": 0.778926312923,
    "barkbands_crest": {
        "dmean": 2.85626530647,
        "dmean2": 4.60148143768,
        "dvar": 7.17144298553,
        "dvar2": 17.4136238098,
        "max": 26.3437366486,
        "mean": 12.855383873,
        "median": 11.9829998016,
        "min": 2.36429047585,
        "var": 33.2871513367
    },
    "barkbands_flatness_db": {
        "dmean": 0.0258184541017,
        "dmean2": 0.0394895412028,
        "dvar": 0.000669837812893,
        "dvar2": 0.00159793393686,
        "max": 0.525600075722,
        "mean": 0.164574980736,
        "median": 0.155689060688,
        "min": 0.0207198821008,
        "var": 0.00501763122156
    },
    "barkbands_kurtosis": {
        "dmean": 5.76779985428,
        "dmean2": 9.5398235321,
        "dvar": 264.489227295,
        "dvar2": 681.612670898,
        "max": 459.464111328,
        "mean": 9.04541110992,
        "median": 2.5849275589,
        "min": -1.9419400692,
        "var": 470.278930664
    },
    "barkbands_skewness": {
        "dmean": 0.684485435486,
        "dmean2": 1.07708525658,
        "dvar": 0.836487710476,
        "dvar2": 2.06447219849,
        "max": 18.7938899994,
        "mean": 1.98429632187,
        "median": 1.54848575592,
        "min": -3.21517395973,
        "var": 3.61144971848
    },
    "barkbands_spread": {
        "dmean": 5.63506698608,
        "dmean2": 8.81937026978,
        "dvar": 53.3721160889,
        "dvar2": 118.928665161,
        "max": 133.598129272,
        "mean": 21.1348209381,
        "median": 17.9958381653,
        "min": 0.322033643723,
        "var": 218.499298096
    },
    "dissonance": {
        "dmean": 0.0179991256446,
        "dmean2": 0.0305662211031,
        "dvar": 0.000291694159387,
        "dvar2": 0.000811539182905,
        "max": 0.499999970198,
        "mean": 0.466510683298,
        "median": 0.474076539278,
        "min": 0.285295218229,
        "var": 0.000813270860817
    },
    "dynamic_complexity": 3.23008036613,
    "erbbands_crest": {
        "dmean": 2.62873578072,
        "dmean2": 4.3160276413,
        "dvar": 6.20657300949,
        "dvar2": 15.7918977737,
        "max": 30.0861968994,
        "mean": 9.26047325134,
        "median": 7.90418958664,
        "min": 2.38913798332,
        "var": 23.556634903
    },
    "erbbands_flatness_db": {
        "dmean": 0.0173227377236,
        "dmean2": 0.0254436377436,
        "dvar": 0.000251578865573,
        "dvar2": 0.000511029327754,
        "max": 0.375241011381,
        "mean": 0.166758984327,
        "median": 0.159996181726,
        "min": 0.0320140682161,
        "var": 0.00308788870461
    },
    "erbbands_kurtosis": {
        "dmean": 0.961439192295,
        "dmean2": 1.55080914497,
        "dvar": 1.85838592052,
        "dvar2": 4.71499633789,
        "max": 35.5448989868,
        "mean": 0.830005764961,
        "median": 0.042732000351,
        "min": -1.80731976032,
        "var": 8.36755752563
    },
    "erbbands_skewness": {
        "dmean": 0.36855378747,
        "dmean2": 0.572634637356,
        "dvar": 0.127949714661,
        "dvar2": 0.292955577374,
        "max": 5.61070299149,
        "mean": 0.536176860332,
        "median": 0.477405875921,
        "min": -4.40635156631,
        "var": 0.815332472324
    },
    "erbbands_spread": {
        "dmean": 7.86953163147,
        "dmean2": 12.0716075897,
        "dvar": 74.121055603,
        "dvar2": 169.982681274,
        "max": 158.021224976,
        "mean": 38.1233940125,
        "median": 34.2269744873,
        "min": 6.42694711685,
        "var": 376.697998047
    },
    "hfc": {
        "dmean": 6.79851818085,
        "dmean2": 10.1514625549,
        "dvar": 185.555358887,
        "dvar2": 434.074768066,
        "max": 477.772125244,
        "mean": 20.3294734955,
        "median": 12.657875061,
        "min": 3.98041066774e-08,
        "var": 615.476501465
    },
    "melbands_crest": {
        "dmean": 3.71860551834,
        "dmean2": 6.135409832,
        "dvar": 11.8981132507,
        "dvar2": 30.1774311066,
        "max": 36.5252952576,
        "mean": 18.2979068756,
        "median": 17.9255161285,
        "min": 3.03185558319,
        "var": 52.7623786926
    },
    "melbands_flatness_db": {
        "dmean": 0.0286385752261,
        "dmean2": 0.0441170334816,
        "dvar": 0.000887447153218,
        "dvar2": 0.00208206707612,
        "max": 0.674971938133,
        "mean": 0.215201169252,
        "median": 0.200087025762,
        "min": 0.0129923503846,
        "var": 0.00790413282812
    },
    "melbands_kurtosis": {
        "dmean": 12.8870153427,
        "dmean2": 20.8698329926,
        "dvar": 890.637268066,
        "dvar2": 2268.16699219,
        "max": 604.243713379,
        "mean": 23.9551391602,
        "median": 9.07898044586,
        "min": -1.79398429394,
        "var": 1969.11633301
    },
    "melbands_skewness": {
        "dmean": 0.922045767307,
        "dmean2": 1.45120441914,
        "dvar": 1.34756481647,
        "dvar2": 3.29555892944,
        "max": 20.6998958588,
        "mean": 3.16320204735,
        "median": 2.48906874657,
        "min": -0.994140982628,
        "var": 6.34996891022
    },
    "melbands_spread": {
        "dmean": 6.67887639999,
        "dmean2": 10.3857107162,
        "dvar": 106.009437561,
        "dvar2": 232.421035767,
        "max": 281.420135498,
        "mean": 22.5093040466,
        "median": 17.1656475067,
        "min": 0.298785835505,
        "var": 474.291656494
    },
    "pitch_salience": {
        "dmean": 0.079513579607,
        "dmean2": 0.129064530134,
        "dvar": 0.00615475513041,
        "dvar2": 0.0154685145244,
        "max": 0.875509083271,
        "mean": 0.486455529928,
        "median": 0.495632648468,
        "min": 0.0600540973246,
        "var": 0.0256400983781
    },
    "silence_rate_20dB": {
        "dmean": 0,
        "dmean2": 0,
        "dvar": 0,
        "dvar2": 0,
        "max": 1,
        "mean": 1,
        "median": 1,
        "min": 1,
        "var": 0
    },
    "silence_rate_30dB": {
        "dmean": 0.00140977441333,
        "dmean2": 0.00281988014467,
        "dvar": 0.0014077158412,
        "dvar2": 0.00375160155818,
        "max": 1,
        "mean": 0.99906027317,
        "median": 1,
        "min": 0,
        "var": 0.000938902841881
    },
    "silence_rate_60dB": {
        "dmean": 0.00728383474052,
        "dmean2": 0.0144518855959,
        "dvar": 0.00723110837862,
        "dvar2": 0.0161216724664,
        "max": 1,
        "mean": 0.0411135926843,
        "median": 0,
        "min": 0,
        "var": 0.0394258573651
    },
    "spectral_centroid": {
        "dmean": 265.612426758,
        "dmean2": 402.722900391,
        "dvar": 98170.125,
        "dvar2": 194291.6875,
        "max": 6313.47509766,
        "mean": 1506.01086426,
        "median": 1445.93725586,
        "min": 155.382049561,
        "var": 579609.5
    },
    "spectral_complexity": {
        "dmean": 3.41658830643,
        "dmean2": 5.201151371,
        "dvar": 15.1558036804,
        "dvar2": 29.0339736938,
        "max": 62,
        "mean": 17.4483737946,
        "median": 16,
        "min": 0,
        "var": 106.010536194
    },
    "spectral_decrease": {
        "dmean": 2.59650523304e-09,
        "dmean2": 4.41368985804e-09,
        "dvar": 1.41056313988e-17,
        "dvar2": 3.89456253114e-17,
        "max": 4.19453000111e-10,
        "mean": -7.02485403181e-09,
        "median": -6.07066974467e-09,
        "min": -6.43547863888e-08,
        "var": 2.62863605727e-17
    },
    "spectral_energy": {
        "dmean": 0.0102283339947,
        "dmean2": 0.0173168852925,
        "dvar": 0.000213280625758,
        "dvar2": 0.000585660105571,
        "max": 0.252590805292,
        "mean": 0.0283574089408,
        "median": 0.0245213527232,
        "min": 4.39554209003e-12,
        "var": 0.000412628753111
    },
    "spectral_energyband_high": {
        "dmean": 0.000429641542723,
        "dmean2": 0.000627157394774,
        "dvar": 1.44450848438e-06,
        "dvar2": 3.32061313202e-06,
        "max": 0.0420013293624,
        "mean": 0.000877253944054,
        "median": 0.000349733280018,
        "min": 3.1709019091e-12,
        "var": 3.63861590813e-06
    },
    "spectral_energyband_low": {
        "dmean": 0.00671460665762,
        "dmean2": 0.011555980891,
        "dvar": 0.000126700164401,
        "dvar2": 0.000354368734406,
        "max": 0.131441816688,
        "mean": 0.0138803962618,
        "median": 0.00912947114557,
        "min": 1.15831945272e-13,
        "var": 0.000225113937631
    },
    "spectral_energyband_middle_high": {
        "dmean": 0.00197132350877,
        "dmean2": 0.00298185949214,
        "dvar": 1.35823720484e-05,
        "dvar2": 3.07353984681e-05,
        "max": 0.0637645423412,
        "mean": 0.00572475511581,
        "median": 0.0025487516541,
        "min": 9.52505977737e-13,
        "var": 6.35315591353e-05
    },
    "spectral_energyband_middle_low": {
        "dmean": 0.00496815191582,
        "dmean2": 0.00834886543453,
        "dvar": 9.73759961198e-05,
        "dvar2": 0.000265509443125,
        "max": 0.193803921342,
        "mean": 0.00887287594378,
        "median": 0.00542891630903,
        "min": 1.22361430883e-13,
        "var": 0.000113412024803
    },
    "spectral_entropy": {
        "dmean": 0.144054591656,
        "dmean2": 0.214865863323,
        "dvar": 0.0237435996532,
        "dvar2": 0.0518249161541,
        "max": 9.02848529816,
        "mean": 7.67410039902,
        "median": 7.69360923767,
        "min": 5.06220817566,
        "var": 0.167743325233
    },
    "spectral_flux": {
        "dmean": 0.0252296179533,
        "dmean2": 0.0407504998147,
        "dvar": 0.00101938273292,
        "dvar2": 0.002219079528,
        "max": 0.402929157019,
        "mean": 0.0849316418171,
        "median": 0.0749481394887,
        "min": 8.09519406175e-05,
        "var": 0.0024987955112
    },
    "spectral_kurtosis": {
        "dmean": 1.37342703342,
        "dmean2": 2.3234231472,
        "dvar": 5.34738397598,
        "dvar2": 15.023727417,
        "max": 65.9262771606,
        "mean": 3.58330178261,
        "median": 3.12138319016,
        "min": -1.24314332008,
        "var": 8.8913860321
    },
    "spectral_rms": {
        "dmean": 0.000873613636941,
        "dmean2": 0.00145509804133,
        "dvar": 1.07844857666e-06,
        "dvar2": 2.84416842078e-06,
        "max": 0.0156980901957,
        "mean": 0.00491258595139,
        "median": 0.00489114224911,
        "min": 6.54853735682e-08,
        "var": 3.53217683369e-06
    },
    "spectral_rolloff": {
        "dmean": 433.614654541,
        "dmean2": 718.278076172,
        "dvar": 620060.75,
        "dvar2": 1365129.875,
        "max": 18174.0234375,
        "mean": 1373.92956543,
        "median": 925.927734375,
        "min": 64.599609375,
        "var": 2965783.5
    },
    "spectral_skewness": {
        "dmean": 0.191982015967,
        "dmean2": 0.308410733938,
        "dvar": 0.0436151996255,
        "dvar2": 0.112678416073,
        "max": 5.58364582062,
        "mean": 1.40387809277,
        "median": 1.40032613277,
        "min": -0.317383974791,
        "var": 0.168002948165
    },
    "spectral_spread": {
        "dmean": 488301.4375,
        "dmean2": 701519.4375,
        "dvar": 304186818560,
        "dvar2": 550736101376,
        "max": 18432488,
        "mean": 4683272.5,
        "median": 4431125.5,
        "min": 1064168.625,
        "var": 2.86720052429e+12
    },
    "spectral_strongpeak": {
        "dmean": 0.53847271204,
        "dmean2": 0.924008071423,
        "dvar": 2.09096860886,
        "dvar2": 5.60333967209,
        "max": 43.1653251648,
        "mean": 0.971744179726,
        "median": 0.362080305815,
        "min": 0,
        "var": 3.54527688026
    },
    "zerocrossingrate": {
        "dmean": 0.0093543259427,
        "dmean2": 0.0110390800983,
        "dvar": 0.000139475188917,
        "dvar2": 0.000161418734933,
        "max": 0.54248046875,
        "mean": 0.0577843822539,
        "median": 0.04931640625,
        "min": 0.001953125,
        "var": 0.00225789658725
    },
    "barkbands": {
        "dmean": [0.000486223434564, 0.00540509400889, 0.00144261389505, 0.00161155906972, 0.00113576487638, 0.00115587678738, 0.000628181966022, 0.000747575541027, 0.00108362711035, 0.000481326831505, 0.000777057430241, 0.000416462193243, 0.000476731831441, 0.000322227511788, 0.000179685026524, 0.000135087277158, 0.000152699372848, 0.000201407528948, 0.000256830069702, 0.000138771065394, 0.000102232086647, 9.30917158257e-05, 8.40975699248e-05, 6.72653404763e-05, 7.26829239284e-05, 2.77900016954e-05, 4.83299118059e-06],
        "dmean2": [0.000806154217571, 0.00917008891702, 0.00230158725753, 0.00292929192074, 0.00202486431226, 0.0018909383798, 0.00100752711296, 0.00117667438462, 0.00173515337519, 0.00078678567661, 0.00126411311794, 0.000680809724145, 0.000746636709664, 0.000515657942742, 0.000291718257358, 0.00022017658921, 0.000239675937337, 0.000318285281537, 0.000406331266277, 0.000217831387999, 0.000156640046043, 0.000141349140904, 0.000127593870275, 0.000100443816336, 0.000110282962851, 4.44899160357e-05, 7.96717085905e-06],
        "dvar": [4.92939420838e-07, 8.74360848684e-05, 2.00530284928e-05, 3.53152390744e-05, 9.92555669654e-06, 4.81991537526e-06, 3.65314076589e-06, 5.02252532897e-06, 8.52454650158e-06, 1.96984728973e-06, 4.18508670919e-06, 1.58374734838e-06, 1.48871561123e-06, 5.51316418296e-07, 2.44091751256e-07, 1.28566853164e-07, 1.23455677681e-07, 1.86613263509e-07, 3.93105466401e-07, 1.06155965796e-07, 9.5455924054e-08, 7.33203933123e-08, 4.94331047207e-08, 5.18405443017e-08, 2.27585758239e-07, 4.95324812277e-08, 6.2310325788e-09],
        "dvar2": [1.25990970901e-06, 0.000245401344728, 4.85901582579e-05, 9.96627277345e-05, 2.8129948987e-05, 1.19694514069e-05, 8.99038332136e-06, 1.24218577184e-05, 2.1632271455e-05, 4.91352784593e-06, 1.10775545181e-05, 3.90782406612e-06, 3.40401061294e-06, 1.29428406126e-06, 5.77496507503e-07, 3.2523789173e-07, 2.87592825998e-07, 4.33460058957e-07, 9.55887458076e-07, 2.48520620971e-07, 2.18786894379e-07, 1.67795406014e-07, 1.16681405871e-07, 1.20692121186e-07, 5.39580526038e-07, 1.47974006381e-07, 1.6950059134e-08],
        "max": [0.00808107759804, 0.11755681783, 0.0708087086678, 0.114136755466, 0.0391730889678, 0.0347237661481, 0.0428279004991, 0.0690948143601, 0.0696286037564, 0.0334691628814, 0.039411727339, 0.0334097035229, 0.0316883064806, 0.0149681419134, 0.0102117070928, 0.00711752427742, 0.00700158020481, 0.0108958436176, 0.0166531428695, 0.00676656700671, 0.00842113047838, 0.00666019367054, 0.00627951510251, 0.0143345464021, 0.0315062478185, 0.0140666794032, 0.00549592124298],
        "mean": [0.000713300600182, 0.0108392005786, 0.00154286331963, 0.00134519336279, 0.00121791264974, 0.00175543292426, 0.00106448121369, 0.0014979968546, 0.00159626163077, 0.000774125917815, 0.0013848625822, 0.000662585196551, 0.000783939321991, 0.000533905287739, 0.000257478182903, 0.000203863746719, 0.000250117591349, 0.000369501562091, 0.000534060120117, 0.000256350613199, 0.000167941994732, 0.000162181633641, 0.000150192674482, 0.000115091861517, 0.000123121324577, 4.59700386273e-05, 9.42158021644e-06],
        "median": [0.00039276611642, 0.00684448471293, 0.00033550238004, 0.000235467203311, 0.000424430618295, 0.000586607959121, 0.000212872997508, 0.000221598747885, 0.000360865698894, 0.000233342027059, 0.00030434934888, 0.000160302690347, 0.000205732852919, 0.000176838118932, 0.000101470424852, 8.52791126817e-05, 0.000100238838058, 0.000111229281174, 0.000139344512718, 8.01607966423e-05, 5.09245655849e-05, 5.08728517161e-05, 6.33039526292e-05, 3.95813731302e-05, 2.33531281992e-05, 3.13357145387e-06, 1.42662581748e-09],
        "min": [3.62777909384e-14, 7.94297421347e-14, 4.26320830309e-15, 1.28905700608e-14, 9.10375934522e-15, 1.3826581278e-14, 9.43477135068e-15, 1.00602204789e-14, 5.10229201554e-14, 3.39638798856e-14, 2.36236845244e-14, 5.57600196756e-14, 2.7874693859e-14, 3.22907255405e-14, 6.79109275325e-14, 1.67512420493e-13, 1.86630509766e-13, 1.15955978001e-13, 1.49951448827e-13, 2.20143076945e-13, 1.78647190357e-13, 2.12082602999e-13, 2.99350659278e-13, 4.34617592566e-13, 4.88600858991e-13, 5.67499443705e-13, 8.91032473499e-13],
        "var": [9.1799756774e-07, 0.000154311986989, 1.90596347238e-05, 2.20938309212e-05, 7.65244112699e-06, 8.47316550789e-06, 1.00270708572e-05, 1.89644761122e-05, 1.53940163727e-05, 4.33441300629e-06, 1.15830225695e-05, 3.32482068188e-06, 3.51162225343e-06, 1.160294687e-06, 3.1029389902e-07, 1.59205015393e-07, 2.12032432501e-07, 4.49215548315e-07, 1.1399037021e-06, 2.22204789679e-07, 1.87627051673e-07, 1.39764466667e-07, 7.77053728029e-08, 7.78067104079e-08, 6.91354330229e-07, 1.62292423056e-07, 1.7614645742e-08]
    },
    "erbbands": {
        "dmean": [0.226978614926, 1.01171445847, 1.44959461689, 4.05884647369, 3.88646411896, 3.64918875694, 7.88133764267, 9.21077156067, 8.56121444702, 13.9670753479, 12.7463960648, 28.2297611237, 17.824596405, 13.796084404, 32.5187721252, 16.9991092682, 22.8578739166, 15.6746759415, 11.8119077682, 7.91622400284, 6.75489139557, 8.11178398132, 9.38332748413, 12.2468156815, 11.7116975784, 6.45250558853, 4.25131559372, 3.93418884277, 3.57592773438, 2.70216464996, 2.41996598244, 1.55369269848, 1.11714184284, 1.03682327271, 0.383605718613, 0.132277235389, 0.0625180155039, 0.00688379956409, 0.00100228982046, 6.47985652904e-05],
        "dmean2": [0.381968736649, 1.71336007118, 2.22727203369, 7.14280462265, 7.07870197296, 6.44849586487, 13.204823494, 15.0608520508, 13.8260364532, 22.6961116791, 19.9708576202, 45.2141036987, 29.0343093872, 22.3483276367, 52.5777320862, 27.0957622528, 35.8745574951, 24.920759201, 19.1056232452, 12.60891819, 10.9029846191, 12.5465860367, 14.729642868, 19.3645782471, 18.5296573639, 10.1614522934, 6.69148445129, 5.99856090546, 5.50544261932, 4.10609292984, 3.6815598011, 2.34983205795, 1.66591084003, 1.58819115162, 0.578911602497, 0.20465490222, 0.106571637094, 0.011337576434, 0.00167103228159, 0.000107249026769],
        "dvar": [0.141746416688, 3.49548649788, 16.2475852966, 208.489837646, 212.43107605, 90.9161758423, 303.49005127, 326.286407471, 736.660888672, 1957.56848145, 1061.9017334, 6291.80566406, 2999.40209961, 926.349060059, 6667.98974609, 2695.91455078, 3561.70800781, 1456.80102539, 1042.37963867, 394.170898438, 379.445953369, 395.762786865, 444.571990967, 931.965454102, 755.425537109, 263.650238037, 161.881072998, 165.067306519, 116.073722839, 61.0991592407, 37.0582847595, 16.7786598206, 29.1769943237, 63.5132255554, 2.96293354034, 0.260260373354, 0.789589285851, 0.00430840672925, 0.000298000406474, 1.24431437598e-06],
        "dvar2": [0.38909843564, 9.57583427429, 37.6970748901, 570.331115723, 609.02355957, 251.63482666, 771.641601562, 819.215393066, 1869.99182129, 5222.62353516, 2470.29956055, 15943.8017578, 7689.73242188, 2289.28955078, 17544.984375, 6386.10693359, 8315.70605469, 3309.82446289, 2556.13842773, 930.855224609, 953.93762207, 893.134460449, 1034.18920898, 2366.60424805, 1807.83154297, 626.49822998, 400.464233398, 377.330841064, 274.086730957, 144.705612183, 87.6057052612, 39.8806190491, 71.7592163086, 150.36138916, 7.07664442062, 0.711591541767, 2.41377568245, 0.0121281668544, 0.000821239314973, 3.86346937375e-06],
        "max": [4.47491502762, 21.973531723, 64.2641067505, 274.190063477, 222.317626953, 111.305038452, 459.956085205, 317.774139404, 609.24029541, 1177.05786133, 844.768737793, 1908.8861084, 1283.14868164, 1324.96875, 1504.01391602, 1414.74743652, 1492.5612793, 862.032348633, 761.23425293, 365.997192383, 490.45211792, 385.767303467, 598.420410156, 903.268676758, 802.800720215, 290.083862305, 367.548583984, 479.200408936, 212.439620972, 286.183227539, 163.492935181, 73.2334518433, 407.038513184, 534.918212891, 105.37827301, 26.8772296906, 50.5981788635, 3.61904931068, 1.14244043827, 0.0803997889161],
        "mean": [0.423552036285, 1.97409892082, 1.9736187458, 3.67939853668, 3.26645851135, 4.11274528503, 11.1524353027, 13.7920751572, 14.8342132568, 30.0611820221, 23.2480049133, 41.5165557861, 28.5836868286, 25.5599746704, 57.6578941345, 30.0064678192, 38.6331825256, 28.0488414764, 18.9230442047, 12.805024147, 11.0536050797, 13.9413871765, 18.4962558746, 25.8627338409, 24.3118209839, 12.6049718857, 7.54055213928, 6.3286447525, 6.0009393692, 4.77493619919, 4.35329580307, 2.65286183357, 1.84072697163, 1.78653252125, 0.619191229343, 0.208427041769, 0.0970380455256, 0.0110396286473, 0.00201060133986, 0.000130109925522],
        "median": [0.28547680378, 0.970913231373, 0.603947162628, 0.776389300823, 0.906558275223, 1.44216990471, 3.32545542717, 4.95618486404, 3.75671029091, 4.2202501297, 6.86917877197, 9.448387146, 8.59467601776, 8.98227024078, 14.2351970673, 8.82590293884, 10.6949424744, 10.5723152161, 7.4917845726, 5.37232971191, 4.66710424423, 5.45069694519, 6.52948856354, 7.29701566696, 6.1140203476, 4.14186954498, 2.60118579865, 1.89226853848, 1.77448868752, 1.80220460892, 1.90354323387, 1.0149384737, 0.584559738636, 0.316272556782, 0.118368126452, 0.0294471494853, 0.00231637130491, 0.000104313352495, 2.49236563832e-05, 3.25777364196e-05],
        "min": [3.883311641e-12, 1.17079696632e-11, 5.96223027546e-12, 3.00896980943e-11, 2.07835502281e-11, 3.91335089334e-11, 1.05051738142e-10, 9.0477680903e-11, 1.45018150266e-10, 1.98384003669e-10, 2.28665475444e-10, 1.19107823604e-09, 1.46631728981e-09, 5.15256337597e-10, 1.68447078508e-09, 2.02182515174e-09, 1.17006593303e-09, 1.82539783289e-09, 2.15316919849e-09, 5.73287239902e-09, 1.00110764123e-08, 1.06748334616e-08, 5.90262416722e-09, 7.34526173218e-09, 8.02521604726e-09, 1.13178328931e-08, 7.30784366354e-09, 7.48815676133e-09, 6.91163659639e-09, 7.85472842324e-09, 8.163867804e-09, 9.51069001331e-09, 7.70525687699e-09, 5.83197223847e-09, 3.05609648699e-09, 2.28262275748e-09, 9.47145473162e-10, 5.55882728737e-10, 1.45724932121e-10, 9.61690536233e-12],
        "var": [0.221310093999, 6.87941646576, 19.3002376556, 142.088424683, 126.136306763, 85.7646484375, 469.987548828, 541.81842041, 1881.88598633, 7661.75537109, 2472.17089844, 11080.9589844, 5867.29394531, 2621.07568359, 17258.1015625, 6027.28222656, 8312.80761719, 3046.88549805, 1444.26293945, 612.497314453, 496.372955322, 700.050720215, 1077.71569824, 2610.55712891, 2162.21875, 531.79498291, 359.390930176, 273.590118408, 207.276321411, 99.1085128784, 60.9748001099, 26.1523246765, 35.3841552734, 188.948974609, 9.23620891571, 0.963329970837, 1.68808841705, 0.0121797947213, 0.000795676605776, 3.02327248392e-06]
    },
    "gfcc": {
        "mean": [-15.9660758972, 93.6852645874, -130.514205933, 38.0454139709, -64.8462600708, 25.8217105865, -28.1248207092, 15.7680940628, -17.3076076508, 3.09912037849, 0.453036189079, -1.18237817287, -4.61848974228],
        "cov": [[5238.80566406, -1329.20251465, 666.426635742, 354.403045654, -122.869781494, 605.181152344, -386.482421875, 534.790649414, -415.121124268, 181.872558594, -107.28301239, 300.153625488, -196.975646973], [-1329.20251465, 2353.21362305, 346.891021729, 489.512542725, 597.858276367, -239.219772339, 448.325653076, -153.296722412, 392.229095459, -160.502441406, 411.92010498, -121.637550354, 257.687896729], [666.426635742, 346.891021729, 1777.28320312, 610.459106445, 337.550018311, 218.453552246, -16.8835849762, 112.923156738, 76.6971130371, 215.755950928, -39.5286216736, 189.269805908, -16.5758285522], [354.403045654, 489.512542725, 610.459106445, 699.781005859, 232.307174683, 156.802520752, 108.211380005, 8.54769802094, 127.027610779, -16.2768325806, 95.5450286865, 38.3125419617, 94.398727417], [-122.869781494, 597.858276367, 337.550018311, 232.307174683, 535.02545166, 15.2295713425, 222.728485107, 3.14257621765, 73.6748580933, 4.48717689514, 51.6128158569, 38.6038093567, 71.0140304565], [605.181152344, -239.219772339, 218.453552246, 156.802520752, 15.2295713425, 321.08706665, -1.17868793011, 101.451148987, -40.0556335449, 24.44896698, 1.74191379547, 29.0177555084, -14.2361774445], [-386.482421875, 448.325653076, -16.8835849762, 108.211380005, 222.728485107, -1.17868793011, 328.547454834, -15.9087429047, 103.668395996, -16.1989326477, 106.541503906, -42.6401977539, 53.8666419983], [534.790649414, -153.296722412, 112.923156738, 8.54769802094, 3.14257621765, 101.451148987, -15.9087429047, 189.588012695, -23.624753952, 61.5076065063, 14.5987033844, 38.6462898254, -29.0447788239], [-415.121124268, 392.229095459, 76.6971130371, 127.027610779, 73.6748580933, -40.0556335449, 103.668395996, -23.624753952, 221.43611145, -1.91125416756, 88.8722915649, -16.7121486664, 56.0214920044], [181.872558594, -160.502441406, 215.755950928, -16.2768325806, 4.48717689514, 24.44896698, -16.1989326477, 61.5076065063, -1.91125416756, 166.203582764, -37.4961547852, 64.6899032593, -37.5343093872], [-107.28301239, 411.92010498, -39.5286216736, 95.5450286865, 51.6128158569, 1.74191379547, 106.541503906, 14.5987033844, 88.8722915649, -37.4961547852, 243.669342041, -16.7098064423, 84.649848938], [300.153625488, -121.637550354, 189.269805908, 38.3125419617, 38.6038093567, 29.0177555084, -42.6401977539, 38.6462898254, -16.7121486664, 64.6899032593, -16.7098064423, 131.87298584, 10.2050952911], [-196.975646973, 257.687896729, -16.5758285522, 94.398727417, 71.0140304565, -14.2361774445, 53.8666419983, -29.0447788239, 56.0214920044, -37.5343093872, 84.649848938, 10.2050952911, 141.742950439]],
        "icov": [[0.000453560001915, 6.41310034553e-05, 8.02850699984e-05, -0.000429013132816, -2.6205823815e-05, -0.000236348234466, 0.000292837561574, -0.000850859622005, 0.000616698700469, 9.13382828003e-05, -0.000208259414649, -0.000588680210058, 0.000459770730231], [6.41310034553e-05, 0.00173601822462, -0.000482840579934, -0.000265975744696, -0.00119295157492, 0.00130154308863, -0.000220485118916, 0.000202839582926, -0.000900804239791, 0.000852791592479, -0.00180913892109, 0.00143723317888, -0.000533721409738], [8.02850699984e-05, -0.000482840579934, 0.00146766379476, -0.00105315516703, -0.000318977370625, -0.000644608517177, 0.000783128023613, -0.000185606419109, 0.000157257731189, -0.00155592896044, 0.000561553169973, -0.00110040453728, 0.000891502364539], [-0.000429013132816, -0.000265975744696, -0.00105315516703, 0.00355939962901, -0.000115381742944, -0.00114941305947, -0.000462501513539, 0.00117633049376, -0.00147472519893, 0.00115454185288, 0.000102186022559, 0.000372622191207, -0.00144640309736], [-2.6205823815e-05, -0.00119295157492, -0.000318977370625, -0.000115381742944, 0.00440773786977, -0.000339632650139, -0.00252387858927, -0.000567805487663, 0.0010400377214, 0.000340299244272, 0.00191610376351, -0.00216540135443, -0.00053706165636], [-0.000236348234466, 0.00130154308863, -0.000644608517177, -0.00114941305947, -0.000339632650139, 0.00586964655668, -0.000948730215896, -0.00163471582346, 0.000260369211901, 0.00098240072839, -0.00108039786573, 0.0014321396593, -0.000519925029948], [0.000292837561574, -0.000220485118916, 0.000783128023613, -0.000462501513539, -0.00252387858927, -0.000948730215896, 0.00635273102671, -8.45316026243e-05, -0.000847618968692, -0.00155276630539, -0.00145961809903, 0.0015878432896, 0.000626225140877], [-0.000850859622005, 0.000202839582926, -0.000185606419109, 0.00117633049376, -0.000567805487663, -0.00163471582346, -8.45316026243e-05, 0.00949448719621, -0.00105005339719, -0.00224039214663, -0.00173520238604, 0.000466794532258, 0.000566060421988], [0.000616698700469, -0.000900804239791, 0.000157257731189, -0.00147472519893, 0.0010400377214, 0.000260369211901, -0.000847618968692, -0.00105005339719, 0.0082688247785, -0.001472908305, -0.000635265780147, -0.000660364108626, -0.000123979523778], [9.13382828003e-05, 0.000852791592479, -0.00155592896044, 0.00115454185288, 0.000340299244272, 0.00098240072839, -0.00155276630539, -0.00224039214663, -0.001472908305, 0.0110270585865, 0.000169781065779, -0.00336206681095, 0.0013277225662], [-0.000208259414649, -0.00180913892109, 0.000561553169973, 0.000102186022559, 0.00191610376351, -0.00108039786573, -0.00145961809903, -0.00173520238604, -0.000635265780147, 0.000169781065779, 0.00854130741209, -0.00119800062384, -0.00259078294039], [-0.000588680210058, 0.00143723317888, -0.00110040453728, 0.000372622191207, -0.00216540135443, 0.0014321396593, 0.0015878432896, 0.000466794532258, -0.000660364108626, -0.00336206681095, -0.00119800062384, 0.0141398441046, -0.00401872768998], [0.000459770730231, -0.000533721409738, 0.000891502364539, -0.00144640309736, -0.00053706165636, -0.000519925029948, 0.000626225140877, 0.000566060421988, -0.000123979523778, 0.0013277225662, -0.00259078294039, -0.00401872768998, 0.0120638124645]]
    },
    "melbands": {
        "dmean": [0.00171131291427, 0.000857828650624, 0.000680045748595, 0.000245048751822, 0.000250596320257, 0.000208587531233, 0.000128128565848, 0.000161321964697, 0.000116300245281, 0.000174181943294, 8.73002936714e-05, 5.33141283086e-05, 0.000117919233162, 5.47600029677e-05, 4.74254957226e-05, 4.47232159786e-05, 3.13818272843e-05, 2.17841588892e-05, 1.2079894077e-05, 1.02755657281e-05, 8.19939850771e-06, 8.24783728604e-06, 1.06454544948e-05, 9.47573334997e-06, 1.11209537863e-05, 9.86605755315e-06, 7.07208891981e-06, 4.15596559833e-06, 2.67412156063e-06, 2.60367983174e-06, 2.39086489273e-06, 2.23576989811e-06, 1.73399234882e-06, 1.56689804953e-06, 1.59203773364e-06, 1.10759788186e-06, 9.52589061853e-07, 8.42828512759e-07, 6.99160921158e-07, 1.06146114831e-06],
        "dmean2": [0.00290024071001, 0.00138692557812, 0.00119330675807, 0.000441798620159, 0.000420461205067, 0.000340860220604, 0.00020759513427, 0.00025986682158, 0.000182535964996, 0.000279343948932, 0.000142447534017, 8.64059038577e-05, 0.000191177387023, 8.79721628735e-05, 7.44901990402e-05, 6.97144569131e-05, 5.01452559547e-05, 3.54284165951e-05, 1.95639695448e-05, 1.65399269463e-05, 1.34719775815e-05, 1.28960946313e-05, 1.70821313077e-05, 1.51550584633e-05, 1.77641213668e-05, 1.58870061568e-05, 1.11345480036e-05, 6.67334916216e-06, 4.27799113822e-06, 4.09234235121e-06, 3.70723250853e-06, 3.5322129861e-06, 2.70359055321e-06, 2.39998894358e-06, 2.47186403612e-06, 1.68821395619e-06, 1.47334856138e-06, 1.2863529264e-06, 1.07155995011e-06, 1.64293282978e-06],
        "dvar": [8.39077165438e-06, 3.31825731337e-06, 5.77804030399e-06, 6.27551401067e-07, 2.87823610279e-07, 1.61652508268e-07, 1.64052153195e-07, 2.65091784968e-07, 8.45943262107e-08, 2.54325414062e-07, 7.48601820533e-08, 1.40531817294e-08, 1.01402122255e-07, 2.48387390656e-08, 1.31409700899e-08, 1.48955896506e-08, 6.35974606311e-09, 3.4491507428e-09, 1.10949072152e-09, 5.98320171186e-10, 6.15404893711e-10, 4.62749033536e-10, 6.12421502399e-10, 4.02534977573e-10, 8.58034143736e-10, 5.53391166225e-10, 2.53691484486e-10, 1.15509289633e-10, 5.24532535462e-11, 7.40395383891e-11, 6.50724613083e-11, 4.80042741668e-11, 2.22941075323e-11, 2.00971808639e-11, 1.61014812594e-11, 7.69577197107e-12, 6.36013203908e-12, 2.94544735824e-11, 4.42631608449e-12, 1.10408834852e-10],
        "dvar2": [2.34047347476e-05, 8.12429243524e-06, 1.57443082571e-05, 1.79665312317e-06, 7.48752825075e-07, 4.04832434242e-07, 4.11961281088e-07, 7.03339367192e-07, 1.97234371058e-07, 6.49168612199e-07, 1.91532521399e-07, 3.39926558013e-08, 2.67707690682e-07, 6.20565643317e-08, 2.93490156622e-08, 3.43887833765e-08, 1.44771838961e-08, 8.49955750226e-09, 2.56082066663e-09, 1.46316025962e-09, 1.58407587048e-09, 1.04257025235e-09, 1.47929812844e-09, 9.54590406721e-10, 2.21781526477e-09, 1.36905653481e-09, 5.88332826901e-10, 2.78562756195e-10, 1.31754093746e-10, 1.73896091971e-10, 1.59047316983e-10, 1.16664927718e-10, 5.31182875463e-11, 4.86035274527e-11, 3.89776683152e-11, 1.81811024569e-11, 1.53086449767e-11, 7.79953254759e-11, 1.01148716139e-11, 2.61284271996e-10],
        "max": [0.0367495790124, 0.0250855907798, 0.0457806922495, 0.0105904508382, 0.0125544825569, 0.00675940793008, 0.00930855236948, 0.0144318398088, 0.00876014120877, 0.0123225795105, 0.00630724895746, 0.00509839272127, 0.0062648570165, 0.00484080798924, 0.00245458306745, 0.00411060173064, 0.0019031787524, 0.00137105491012, 0.000862677232362, 0.000377853837563, 0.000807672797237, 0.000447670929134, 0.000717837538105, 0.000390661763959, 0.000858831568621, 0.000570312724449, 0.000401461933507, 0.000241968096816, 0.000198783003725, 0.000244106675382, 0.000255822640611, 0.000150858075358, 0.000137039736728, 0.000149553408846, 0.000108502579678, 5.79806583119e-05, 4.62393472844e-05, 0.000410178152379, 9.59315511864e-05, 0.000708426989149],
        "mean": [0.00338527676649, 0.00157729198691, 0.000626350811217, 0.000232140781009, 0.000360153004294, 0.000318679230986, 0.000219508438022, 0.000350355810951, 0.000195897489903, 0.000251893710811, 0.000134497997351, 8.98208454601e-05, 0.000209388483199, 8.91895397217e-05, 7.67870806158e-05, 7.23456469132e-05, 5.19488785358e-05, 3.3429616451e-05, 1.73364333023e-05, 1.61488296726e-05, 1.23455165522e-05, 1.30855169118e-05, 1.78224054252e-05, 1.74120905285e-05, 2.14691499423e-05, 1.89231450349e-05, 1.36426851896e-05, 7.12889277565e-06, 4.52345830126e-06, 4.08617643188e-06, 3.58963347935e-06, 3.51849666913e-06, 2.88751584776e-06, 2.56409725807e-06, 2.70172859018e-06, 1.87061141332e-06, 1.52669485942e-06, 1.30633588924e-06, 1.08100755369e-06, 1.81781194897e-06],
        "median": [0.00230113137513, 0.000670050387271, 0.000147322411067, 8.01023925305e-05, 0.000118373412988, 0.000113355337817, 4.85708587803e-05, 4.54287328466e-05, 5.82701759413e-05, 5.41861882084e-05, 3.5714248952e-05, 2.98945742543e-05, 4.59551047243e-05, 2.49117456406e-05, 2.23794686462e-05, 1.91864237422e-05, 1.80264469236e-05, 1.16312448881e-05, 6.69595920044e-06, 6.73732120049e-06, 4.8737420002e-06, 4.86822091261e-06, 6.45485761197e-06, 5.34736409463e-06, 5.61837396162e-06, 4.64560025648e-06, 3.35463096235e-06, 2.33947548622e-06, 1.54121539708e-06, 1.15468810691e-06, 9.59834324021e-07, 9.36101173465e-07, 9.31080023747e-07, 9.5870802852e-07, 1.1510328477e-06, 7.55397763896e-07, 5.23459050328e-07, 3.93897153117e-07, 3.29789486386e-07, 2.24378325697e-07],
        "min": [2.98825837664e-14, 7.22758729629e-15, 4.89307809629e-15, 1.68796408091e-15, 3.33639946352e-15, 2.31556615516e-15, 2.05823902809e-15, 2.28182692705e-15, 2.12179169837e-15, 8.12231073957e-15, 7.32607689926e-15, 1.95747111825e-15, 4.39461572398e-15, 7.13450684571e-15, 3.94183468554e-15, 2.43770131813e-15, 3.38395549307e-15, 3.0307770589e-15, 5.32742642725e-15, 9.36392551497e-15, 1.27223044247e-14, 1.12608515652e-14, 7.4062892253e-15, 5.16384107173e-15, 6.08917543869e-15, 5.57153539342e-15, 6.09473917461e-15, 8.00302308961e-15, 4.70966327596e-15, 3.83429622959e-15, 4.68044868609e-15, 3.99670166821e-15, 3.86247701574e-15, 4.38069219639e-15, 4.10108026775e-15, 6.56533500999e-15, 5.49476667983e-15, 4.89505972987e-15, 6.40828747828e-15, 4.11724250342e-15],
        "var": [1.41017562783e-05, 5.66714697925e-06, 3.9789542825e-06, 4.04677734878e-07, 4.29603716157e-07, 2.79447988305e-07, 4.28849858736e-07, 1.09147993044e-06, 1.65252231454e-07, 4.37906095385e-07, 1.46065488593e-07, 3.80465436933e-08, 2.74846939874e-07, 5.16340250556e-08, 2.82316996447e-08, 3.16463690808e-08, 1.27700579e-08, 5.12560616173e-09, 1.46240530796e-09, 8.66350047257e-10, 7.56035567484e-10, 7.65849106354e-10, 1.21469012626e-09, 9.64514468293e-10, 2.12231632268e-09, 1.35038913385e-09, 6.90268953107e-10, 1.95352983789e-10, 1.08131600896e-10, 1.49998929944e-10, 1.00938667147e-10, 7.90034496156e-11, 4.0532643214e-11, 2.92760642118e-11, 2.46583534841e-11, 1.21196707184e-11, 9.56136992497e-12, 2.81330445051e-11, 6.76886628345e-12, 3.26322940891e-10]
    },
    "mfcc": {
        "mean": [-648.169250488, 111.745834351, -1.69066548347, 14.7814998627, -1.18640768528, 5.63634443283, 7.81442165375, 10.5644903183, -4.61172199249, 8.44453334808, 5.72453594208, 3.20170712471, 2.05934047699],
        "cov": [[4499.41113281, -1022.32177734, 101.691505432, -23.5802936554, 160.379547119, -48.784488678, 196.933349609, 207.376113892, -127.569801331, 26.0703525543, 5.05265188217, -113.756164551, 56.5095825195], [-1022.32177734, 1455.25134277, 245.762023926, 428.944641113, 296.577606201, 72.4779129028, 133.781784058, 90.8937988281, 14.6135377884, 116.074989319, 32.6174621582, 100.363945007, 96.2605133057], [101.691505432, 245.762023926, 1275.22583008, 501.047821045, 390.24395752, 250.989898682, 54.2966575623, 53.1219024658, 104.476524353, 31.8367958069, 84.5503768921, 95.3930206299, 106.640434265], [-23.5802936554, 428.944641113, 501.047821045, 588.933532715, 297.972839355, 199.640213013, 90.4534683228, 92.4482955933, 79.5566940308, 43.2387123108, 34.2006034851, 55.9496231079, 60.5471229553], [160.379547119, 296.577606201, 390.24395752, 297.972839355, 380.582427979, 139.430328369, 95.7491149902, 91.4949645996, 59.6139183044, 28.7909927368, 11.5564842224, 26.1375370026, 61.2680892944], [-48.784488678, 72.4779129028, 250.989898682, 199.640213013, 139.430328369, 263.249572754, 77.0819702148, 61.1372070312, 87.4908447266, 7.76605653763, 27.1290168762, 26.4339771271, 9.26591396332], [196.933349609, 133.781784058, 54.2966575623, 90.4534683228, 95.7491149902, 77.0819702148, 264.200378418, 91.8722763062, 4.98995685577, 59.0482673645, 36.9133911133, 9.09560966492, 21.5338439941], [207.376113892, 90.8937988281, 53.1219024658, 92.4482955933, 91.4949645996, 61.1372070312, 91.8722763062, 150.82383728, 15.7033290863, 47.0716438293, 26.9328918457, 5.94326210022, 25.942150116], [-127.569801331, 14.6135377884, 104.476524353, 79.5566940308, 59.6139183044, 87.4908447266, 4.98995685577, 15.7033290863, 151.862838745, 7.83593940735, 20.4470024109, 35.0826835632, -0.940720379353], [26.0703525543, 116.074989319, 31.8367958069, 43.2387123108, 28.7909927368, 7.76605653763, 59.0482673645, 47.0716438293, 7.83593940735, 111.135452271, 40.8769607544, 29.8712978363, 24.2986812592], [5.05265188217, 32.6174621582, 84.5503768921, 34.2006034851, 11.5564842224, 27.1290168762, 36.9133911133, 26.9328918457, 20.4470024109, 40.8769607544, 103.90927887, 37.2888183594, 30.5296173096], [-113.756164551, 100.363945007, 95.3930206299, 55.9496231079, 26.1375370026, 26.4339771271, 9.09560966492, 5.94326210022, 35.0826835632, 29.8712978363, 37.2888183594, 100.856430054, 38.6659355164], [56.5095825195, 96.2605133057, 106.640434265, 60.5471229553, 61.2680892944, 9.26591396332, 21.5338439941, 25.942150116, -0.940720379353, 24.2986812592, 30.5296173096, 38.6659355164, 92.1006546021]],
