{
"lowlevel": {
    "average_loudness": 0.898778736591,
    "barkbands_crest": {
        "dmean": 2.78639221191,
        "dmean2": 4.37498998642,
        "dvar": 7.08285045624,
        "dvar2": 16.6081142426,
        "max": 26.1664810181,
        "mean": 10.8861131668,
        "median": 9.94335746765,
        "min": 2.40680885315,
        "var": 22.6660308838
    },
    "barkbands_flatness_db": {
        "dmean": 0.0251203496009,
        "dmean2": 0.0353222936392,
        "dvar": 0.000586038338952,
        "dvar2": 0.00111265818123,
        "max": 0.518033444881,
        "mean": 0.156587481499,
        "median": 0.149152994156,
        "min": 0.0241809561849,
        "var": 0.00395769253373
    },
    "barkbands_kurtosis": {
        "dmean": 2.68893671036,
        "dmean2": 4.13090705872,
        "dvar": 74.9445571899,
        "dvar2": 172.971740723,
        "max": 366.725097656,
        "mean": 3.28774929047,
        "median": 0.825971722603,
        "min": -1.88032972813,
        "var": 110.866043091
    },
    "barkbands_skewness": {
        "dmean": 0.510799527168,
        "dmean2": 0.754810988903,
        "dvar": 0.414466798306,
        "dvar2": 0.845161020756,
        "max": 17.8963184357,
        "mean": 1.26497840881,
        "median": 1.04964947701,
        "min": -4.73302412033,
        "var": 1.58419644833
    },
    "barkbands_spread": {
        "dmean": 5.47923898697,
        "dmean2": 8.29584789276,
        "dvar": 43.7734565735,
        "dvar2": 89.1378555298,
        "max": 120.634872437,
        "mean": 23.2374038696,
        "median": 20.7736701965,
        "min": 0.255595982075,
        "var": 204.454986572
    },
    "dissonance": {
        "dmean": 0.0181937664747,
        "dmean2": 0.0312632545829,
        "dvar": 0.00030923698796,
        "dvar2": 0.000850396463647,
        "max": 0.500000059605,
        "mean": 0.470089256763,
        "median": 0.476413369179,
        "min": 0.33573704958,
        "var": 0.000602256564889
    },
    "dynamic_complexity": 2.29524636269,
    "erbbands_crest": {
        "dmean": 3.02127051353,
        "dmean2": 4.96693515778,
        "dvar": 7.90524435043,
        "dvar2": 19.699054718,
        "max": 31.4613628387,
        "mean": 9.90720081329,
        "median": 8.69002532959,
        "min": 2.29072809219,
        "var": 22.842010498
    },
    "erbbands_flatness_db": {
        "dmean": 0.0201037544757,
        "dmean2": 0.0286716930568,
        "dvar": 0.000321330444422,
        "dvar2": 0.000621967425104,
        "max": 0.40685787797,
        "mean": 0.188034683466,
        "median": 0.177256569266,
        "min": 0.0328431278467,
        "var": 0.00422530807555
    },
    "erbbands_kurtosis": {
        "dmean": 0.940416276455,
        "dmean2": 1.53392827511,
        "dvar": 1.56064355373,
        "dvar2": 3.917542696,
        "max": 20.1333713531,
        "mean": 0.495081454515,
        "median": 0.0272619724274,
        "min": -1.78062748909,
        "var": 3.34543228149
    },
    "erbbands_skewness": {
        "dmean": 0.386825710535,
        "dmean2": 0.602455794811,
        "dvar": 0.136654302478,
        "dvar2": 0.308458983898,
        "max": 3.56280374527,
        "mean": 0.420675456524,
        "median": 0.437880039215,
        "min": -3.94882845879,
        "var": 0.603691697121
    },
    "erbbands_spread": {
        "dmean": 7.08947896957,
        "dmean2": 10.942032814,
        "dvar": 63.0349273682,
        "dvar2": 144.011962891,
        "max": 150.965896606,
        "mean": 33.5614280701,
        "median": 31.1798477173,
        "min": 4.92604064941,
        "var": 271.908905029
    },
    "hfc": {
        "dmean": 7.92984008789,
        "dmean2": 12.3606472015,
        "dvar": 150.42741394,
        "dvar2": 370.397705078,
        "max": 269.300109863,
        "mean": 25.6988792419,
        "median": 20.5345230103,
        "min": 4.3466468469e-07,
        "var": 405.263427734
    },
    "melbands_crest": {
        "dmean": 3.43441033363,
        "dmean2": 5.42297744751,
        "dvar": 10.5344877243,
        "dvar2": 24.3552436829,
        "max": 35.2748832703,
        "mean": 15.3813819885,
        "median": 14.3349094391,
        "min": 2.99686455727,
        "var": 39.2620544434
    },
    "melbands_flatness_db": {
        "dmean": 0.0268975701183,
        "dmean2": 0.0379330813885,
        "dvar": 0.000794501160271,
        "dvar2": 0.0014772672439,
        "max": 0.645003080368,
        "mean": 0.188127592206,
        "median": 0.176850274205,
        "min": 0.0259797908366,
        "var": 0.00465776072815
    },
    "melbands_kurtosis": {
        "dmean": 5.89013767242,
        "dmean2": 8.85216236115,
        "dvar": 227.911605835,
        "dvar2": 481.307037354,
        "max": 581.168151855,
        "mean": 10.2620925903,
        "median": 4.4466381073,
        "min": -1.89363014698,
        "var": 464.173675537
    },
    "melbands_skewness": {
        "dmean": 0.660411119461,
        "dmean2": 0.980433821678,
        "dvar": 0.615364670753,
        "dvar2": 1.24723827839,
        "max": 19.033203125,
        "mean": 2.19967556,
        "median": 1.83445048332,
        "min": -1.55977654457,
        "var": 2.64594101906
    },
    "melbands_spread": {
        "dmean": 7.76743745804,
        "dmean2": 11.7638483047,
        "dvar": 145.523345947,
        "dvar2": 301.347900391,
        "max": 318.629516602,
        "mean": 28.4062328339,
        "median": 23.4763832092,
        "min": 0.398034334183,
        "var": 586.856079102
    },
    "pitch_salience": {
        "dmean": 0.0748722106218,
        "dmean2": 0.118302039802,
        "dvar": 0.00576521456242,
        "dvar2": 0.0133680198342,
        "max": 0.873478591442,
        "mean": 0.544692397118,
        "median": 0.55058658123,
        "min": 0.0772413015366,
        "var": 0.0204103011638
    },
    "silence_rate_20dB": {
        "dmean": 0,
        "dmean2": 0,
        "dvar": 0,
        "dvar2": 0,
        "max": 1,
        "mean": 1,
        "median": 1,
        "min": 1,
        "var": 0
    },
    "silence_rate_30dB": {
        "dmean": 0.00771659053862,
        "dmean2": 0.0154349859804,
        "dvar": 0.00765794608742,
        "dvar2": 0.0229176804423,
        "max": 1,
        "mean": 0.996142148972,
        "median": 1,
        "min": 0,
        "var": 0.00384320411831
    },
    "silence_rate_60dB": {
        "dmean": 0.0147316735238,
        "dmean2": 0.0293498598039,
        "dvar": 0.014512816444,
        "dvar2": 0.0312910787761,
        "max": 1,
        "mean": 0.0237315874547,
        "median": 0,
        "min": 0,
        "var": 0.0231695976108
    },
    "spectral_centroid": {
        "dmean": 295.591003418,
        "dmean2": 445.110198975,
        "dvar": 106418.382812,
        "dvar2": 211957.328125,
        "max": 8036.41064453,
        "mean": 1736.93457031,
        "median": 1712.5222168,
        "min": 127.714019775,
        "var": 537057.5
    },
    "spectral_complexity": {
        "dmean": 4.08020591736,
        "dmean2": 6.2963051796,
        "dvar": 17.5923652649,
        "dvar2": 37.1081085205,
        "max": 54,
        "mean": 20.7792854309,
        "median": 20,
        "min": 0,
        "var": 81.0724105835
    },
    "spectral_decrease": {
        "dmean": 1.97081817532e-09,
        "dmean2": 3.08335690313e-09,
        "dvar": 8.73102950466e-18,
        "dvar2": 1.7772347692e-17,
        "max": 3.62989110991e-10,
        "mean": -7.00296887146e-09,
        "median": -6.25123508513e-09,
        "min": -3.65569370331e-08,
        "var": 2.45744705903e-17
    },
    "spectral_energy": {
        "dmean": 0.00794515386224,
        "dmean2": 0.0124599663541,
        "dvar": 0.000134391171741,
        "dvar2": 0.000277617393294,
        "max": 0.141538411379,
        "mean": 0.0287617985159,
        "median": 0.0259573422372,
        "min": 2.46002412885e-10,
        "var": 0.000378071155865
    },
    "spectral_energyband_high": {
        "dmean": 0.000583746819757,
        "dmean2": 0.000891308591235,
        "dvar": 1.33149353587e-06,
        "dvar2": 3.10061318487e-06,
        "max": 0.0221212171018,
        "mean": 0.00127430574503,
        "median": 0.000612906296737,
        "min": 3.35855197819e-11,
        "var": 3.05773164655e-06
    },
    "spectral_energyband_low": {
        "dmean": 0.00419427920133,
        "dmean2": 0.00631891516969,
        "dvar": 0.000109457178041,
        "dvar2": 0.000235064682784,
        "max": 0.112293861806,
        "mean": 0.010391857475,
        "median": 0.00405550841242,
        "min": 8.92835111399e-12,
        "var": 0.000237479733187
    },
    "spectral_energyband_middle_high": {
        "dmean": 0.00292468140833,
        "dmean2": 0.00466009881347,
        "dvar": 1.883627192e-05,
        "dvar2": 4.79842892673e-05,
        "max": 0.0675821304321,
        "mean": 0.00853764824569,
        "median": 0.00521422270685,
        "min": 1.80674711303e-11,
        "var": 7.91794227553e-05
    },
    "spectral_energyband_middle_low": {
        "dmean": 0.0047344933264,
        "dmean2": 0.00803401693702,
        "dvar": 7.96786116553e-05,
        "dvar2": 0.000222462622332,
        "max": 0.11619720608,
        "mean": 0.00918500963598,
        "median": 0.00684386957437,
        "min": 2.21818900054e-11,
        "var": 8.3072380221e-05
    },
    "spectral_entropy": {
        "dmean": 0.160401001573,
        "dmean2": 0.22866858542,
        "dvar": 0.0268159192055,
        "dvar2": 0.0512368939817,
        "max": 8.96077156067,
        "mean": 7.62748908997,
        "median": 7.64431524277,
        "min": 5.72302341461,
        "var": 0.140661969781
    },
    "spectral_flux": {
        "dmean": 0.0268237404525,
        "dmean2": 0.0399541296065,
        "dvar": 0.00109019689262,
        "dvar2": 0.0019366039196,
        "max": 0.418812036514,
        "mean": 0.0918598845601,
        "median": 0.0820985585451,
        "min": 5.67567949474e-05,
        "var": 0.00249488931149
    },
    "spectral_kurtosis": {
        "dmean": 1.44513630867,
        "dmean2": 2.46452236176,
        "dvar": 3.14036870003,
        "dvar2": 9.18245029449,
        "max": 44.6479797363,
        "mean": 3.76445126534,
        "median": 3.48301243782,
        "min": -1.44293022156,
        "var": 5.03379535675
    },
    "spectral_rms": {
        "dmean": 0.000711133820005,
        "dmean2": 0.00110017869156,
        "dvar": 7.68461973166e-07,
        "dvar2": 1.58184923293e-06,
        "max": 0.011751011014,
        "mean": 0.00498986756429,
        "median": 0.00503231957555,
        "min": 4.89900344292e-07,
        "var": 3.16153409585e-06
    },
    "spectral_rolloff": {
        "dmean": 547.593322754,
        "dmean2": 886.689453125,
        "dvar": 849048.4375,
        "dvar2": 1717098,
        "max": 18367.8222656,
        "mean": 1887.31469727,
        "median": 1464.2578125,
        "min": 64.599609375,
        "var": 3342880.25
    },
    "spectral_skewness": {
        "dmean": 0.204842969775,
        "dmean2": 0.332554578781,
        "dvar": 0.0386728979647,
        "dvar2": 0.102359257638,
        "max": 5.1474571228,
        "mean": 1.35958206654,
        "median": 1.36935329437,
        "min": -0.232763692737,
        "var": 0.119820214808
    },
    "spectral_spread": {
        "dmean": 511027.84375,
        "dmean2": 725080.875,
        "dvar": 398686748672,
        "dvar2": 691409780736,
        "max": 20049850,
        "mean": 4293787,
        "median": 3993295.5,
        "min": 1507302.125,
        "var": 2.87020521882e+12
    },
    "spectral_strongpeak": {
        "dmean": 0.654252409935,
        "dmean2": 1.11935937405,
        "dvar": 1.59479176998,
        "dvar2": 4.04207420349,
        "max": 31.2272624969,
        "mean": 1.21981739998,
        "median": 0.557229995728,
        "min": 0,
        "var": 3.00227808952
    },
    "zerocrossingrate": {
        "dmean": 0.0109129399061,
        "dmean2": 0.0125401271507,
        "dvar": 0.00021622357599,
        "dvar2": 0.000230260571698,
        "max": 0.533203125,
        "mean": 0.06899510324,
        "median": 0.0625,
        "min": 0.00341796875,
        "var": 0.00231476523913
    },
    "barkbands": {
        "dmean": [0.000172232132172, 0.00371163780801, 0.00127507047728, 0.000775237509515, 0.00158360390924, 0.000904084765352, 0.000590997806285, 0.000537099898793, 0.00170033925679, 0.00126769137569, 0.00103059120011, 0.000497800006997, 0.000584744208027, 0.000517114065588, 0.000381188147003, 0.000230126475799, 0.000163262229762, 0.000216869273572, 0.000233347818721, 0.000354014657205, 0.000157486778335, 7.62547642807e-05, 8.08929107734e-05, 7.45342404116e-05, 8.06694151834e-05, 3.27142624883e-05, 4.88284331368e-06],
        "dmean2": [0.000247113202931, 0.0057127084583, 0.00228451495059, 0.00143022288103, 0.00275846524164, 0.0014709107345, 0.000996769987978, 0.000877969607245, 0.00279623712413, 0.00208287173882, 0.00164982920978, 0.000822260568384, 0.000967289262917, 0.000866074231453, 0.000629341695458, 0.00036786304554, 0.000260631873971, 0.000342288753018, 0.000369046931155, 0.000522585993167, 0.00025063654175, 0.000122678553453, 0.000127493651235, 0.000114894115541, 0.000126766986796, 5.28638083779e-05, 7.80986829341e-06],
        "dvar": [1.2140047545e-07, 0.000101578538306, 2.10888283618e-05, 8.82912263478e-06, 2.39441615122e-05, 4.46773856311e-06, 3.1117956496e-06, 1.58200384703e-06, 1.09121447167e-05, 9.11517508939e-06, 4.79689970234e-06, 1.32875163672e-06, 1.17556692203e-06, 1.38163159136e-06, 7.54699158279e-07, 4.40922434564e-07, 1.69887314883e-07, 1.32228606731e-07, 1.61553799671e-07, 4.03851800002e-07, 1.04839529058e-07, 4.95375367393e-08, 4.73265657774e-08, 4.59024924737e-08, 1.26618544982e-07, 1.79838988146e-08, 2.20906715143e-09],
        "dvar2": [2.4459527026e-07, 0.00024146855867, 6.02252257522e-05, 2.58325289906e-05, 6.90353335813e-05, 1.10162354758e-05, 8.47602314025e-06, 3.90470859202e-06, 2.82909841189e-05, 2.35760344367e-05, 1.12338184408e-05, 3.20722392644e-06, 2.96788448395e-06, 3.55112342731e-06, 1.88588307992e-06, 1.03505931293e-06, 3.80774935138e-07, 3.0606747714e-07, 3.89660499422e-07, 8.10817596175e-07, 2.4746998406e-07, 1.204998199e-07, 1.10244947393e-07, 1.03408588359e-07, 3.22724702073e-07, 4.90090741323e-08, 5.63349500382e-09],
        "max": [0.00585335539654, 0.106961779296, 0.0587760806084, 0.0523758269846, 0.0782305598259, 0.0466165691614, 0.032913506031, 0.0363744013011, 0.059027839452, 0.0562481172383, 0.0412480831146, 0.0443062670529, 0.0196978338063, 0.032739315182, 0.0211456865072, 0.0214990600944, 0.0139515167102, 0.00852206256241, 0.00726908259094, 0.0113042974845, 0.00785756576806, 0.0042410697788, 0.00508003262803, 0.00412593968213, 0.0157833602279, 0.00742586050183, 0.00361035973765],
        "mean": [0.000367683329387, 0.00822864565998, 0.0014657167485, 0.000723730248865, 0.00216425675899, 0.00140599289443, 0.000803060829639, 0.00075033842586, 0.00280004506931, 0.00212937756442, 0.00173361285124, 0.000755573331844, 0.000945351901464, 0.000843406713102, 0.000573467172217, 0.000341201201081, 0.0002767938131, 0.000417035946157, 0.000445225159638, 0.000793531304225, 0.000273654295597, 0.000111757268314, 0.000128808227601, 0.000116645242088, 0.000112718298624, 4.51340565633e-05, 9.05326851353e-06],
        "median": [7.40386894904e-05, 0.00251076812856, 0.000198098641704, 0.000222108181333, 0.00100462138653, 0.000509979203343, 0.000213877792703, 0.000264350703219, 0.000904788146727, 0.00050240312703, 0.00054517557146, 0.000278383551631, 0.000418418610934, 0.000290815718472, 0.000237464817474, 0.000134277273901, 0.000115185786854, 0.000215610110899, 0.000243368966039, 0.000271052471362, 0.000118370895507, 4.38737333752e-05, 5.33196216566e-05, 4.53958928119e-05, 1.91470244317e-05, 4.33134573541e-06, 2.60960364429e-09],
        "min": [1.67759697193e-12, 6.33341382811e-12, 8.56014478051e-13, 4.04030812712e-13, 7.59143789497e-12, 3.05847903427e-12, 1.26605421025e-12, 1.76944776106e-12, 2.69904476373e-12, 9.97430545276e-13, 6.28879760767e-13, 3.90821977645e-13, 9.94598717621e-13, 3.87081078995e-12, 3.99704921938e-12, 1.39466064565e-12, 7.48422428632e-13, 2.72005248186e-12, 2.16456410088e-12, 1.18452426687e-12, 3.47368227932e-12, 2.55704203471e-12, 3.46106932177e-12, 2.87037624572e-12, 5.3662499791e-12, 7.09786136116e-12, 8.24086892476e-12],
        "var": [4.97286464451e-07, 0.000175318418769, 1.7850426957e-05, 5.11916914547e-06, 1.7756525267e-05, 8.28595784697e-06, 3.53967266165e-06, 2.34022445511e-06, 2.57233423326e-05, 2.22086200665e-05, 1.25467577163e-05, 2.66493884737e-06, 2.09757035918e-06, 3.69768895325e-06, 1.13611952202e-06, 7.97695861365e-07, 3.83129815873e-07, 3.22386512153e-07, 3.52392135028e-07, 1.39693861456e-06, 2.17110368794e-07, 7.08268856897e-08, 7.79052768962e-08, 6.61249330847e-08, 2.73426223885e-07, 4.92208940273e-08, 9.1627008203e-09]
    },
    "erbbands": {
        "dmean": [0.119242221117, 0.842826962471, 1.46221387386, 2.01751947403, 3.80463504791, 5.80729007721, 7.5922999382, 7.15627527237, 6.99513578415, 9.26812839508, 15.0146827698, 41.227935791, 36.9482040405, 42.059513092, 33.2327041626, 17.730890274, 25.0815124512, 22.966917038, 24.1732578278, 14.0670213699, 11.4601173401, 8.53576374054, 10.7196550369, 12.3998775482, 11.2396697998, 16.9612197876, 9.43137264252, 3.82113695145, 2.73642849922, 2.5707347393, 2.33430171013, 1.64033591747, 1.27767312527, 1.11918282509, 0.445328176022, 0.160625010729, 0.0653395578265, 0.00902711413801, 0.000960643403232, 5.54469443159e-05],
        "dmean2": [0.179881542921, 1.270211339, 2.5379524231, 3.67712450027, 6.89767408371, 10.0040636063, 12.4324045181, 11.6419038773, 11.668261528, 15.5641460419, 24.3475208282, 67.5075073242, 60.1392021179, 67.5456085205, 52.4974975586, 29.3840942383, 41.3627510071, 38.115486145, 39.4882125854, 23.2411136627, 18.0009117126, 13.4951972961, 16.9392089844, 19.7080020905, 17.2199001312, 25.148973465, 14.2124462128, 6.1992726326, 4.40159463882, 4.06500673294, 3.70510029793, 2.57541799545, 1.96992337704, 1.75334835052, 0.705512166023, 0.256507009268, 0.109324388206, 0.0149275222793, 0.00156895187683, 8.84972250788e-05],
        "dvar": [0.0823469087481, 5.7972779274, 24.7748832703, 58.3766899109, 216.586929321, 282.82019043, 295.950286865, 281.27947998, 402.347015381, 545.380065918, 1228.43688965, 7343.12451172, 6343.43212891, 10766.2294922, 5421.43359375, 1617.39099121, 2160.44628906, 1872.38012695, 3196.87255859, 1235.40539551, 1019.93847656, 329.919799805, 412.695831299, 436.374664307, 390.146453857, 1027.43005371, 340.151916504, 92.5944747925, 62.0804824829, 57.4186668396, 40.5146141052, 20.0146560669, 14.8211517334, 30.7510852814, 2.83803749084, 0.234797373414, 0.206729903817, 0.00134000694379, 9.16355929803e-05, 4.5988812758e-07],
        "dvar2": [0.194401353598, 13.7128696442, 68.2407608032, 169.223175049, 630.754821777, 807.86932373, 751.844482422, 707.828308105, 1105.99133301, 1484.50341797, 3022.66113281, 18787.0195312, 16554.0761719, 26523.4453125, 12993.1640625, 4064.97387695, 5381.69433594, 4726.71679688, 8042.33691406, 3045.78466797, 2291.60522461, 737.595458984, 965.64465332, 1068.45153809, 866.512207031, 2070.43920898, 715.341186523, 233.428985596, 152.34916687, 130.859039307, 96.275604248, 46.5321311951, 32.9601402283, 81.4295959473, 6.70268058777, 0.589074969292, 0.577931761742, 0.00357078085653, 0.000237992033362, 1.18605146326e-06],
        "max": [3.39996051788, 25.612203598, 59.0749168396, 129.320068359, 211.113327026, 273.772399902, 439.207183838, 371.217681885, 368.242126465, 434.19833374, 964.474731445, 1836.27050781, 1582.33093262, 2378.93066406, 1747.77587891, 1213.41333008, 877.98651123, 1055.2442627, 1449.46862793, 937.402160645, 1367.04748535, 484.715301514, 419.306030273, 377.5965271, 350.254455566, 653.729125977, 529.524169922, 156.577270508, 153.292999268, 174.75994873, 131.965759277, 80.4589996338, 70.9240570068, 267.639831543, 52.0520248413, 15.3201541901, 26.0604782104, 1.37320530415, 0.729283690453, 0.0493546463549],
        "mean": [0.297031313181, 1.59242331982, 1.95089375973, 2.08140015602, 3.99921488762, 8.05858135223, 11.8384466171, 11.0947523117, 9.63506603241, 13.5964202881, 22.777053833, 67.835723877, 63.5859184265, 75.2763290405, 60.2137107849, 30.4776477814, 42.8152885437, 40.4153289795, 41.1915397644, 22.5311470032, 18.805141449, 16.1291217804, 21.4090976715, 25.0538711548, 24.0989589691, 37.6002693176, 20.8194351196, 6.22883415222, 4.01468801498, 3.90660619736, 3.66054654121, 2.57220888138, 1.91070103645, 1.60601222515, 0.588078975677, 0.206953033805, 0.090765632689, 0.0122264446691, 0.00187403871678, 0.000125087739434],
        "median": [0.0984793752432, 0.337236255407, 0.356882333755, 0.676381349564, 1.61519312859, 3.20840215683, 4.58955669403, 4.1440782547, 3.2942943573, 4.66127920151, 9.80773162842, 21.154258728, 20.377407074, 21.4774513245, 21.8662185669, 13.5229825974, 20.1610851288, 18.7665405273, 16.8662986755, 11.2913312912, 7.50476551056, 7.62387084961, 11.1956892014, 13.4631652832, 12.8045692444, 12.7980098724, 8.13216400146, 3.12658905983, 1.62746906281, 1.59296369553, 1.4989387989, 1.03476500511, 0.675919950008, 0.289153307676, 0.0899710059166, 0.0290899965912, 0.00512015447021, 0.00027250268613, 3.03687338601e-05, 3.69392000721e-05],
        "min": [2.28778690436e-10, 1.19732557202e-09, 1.69969849306e-09, 8.48269898768e-10, 8.33253466226e-09, 2.82635941318e-08, 2.75596825361e-08, 2.67177533431e-08, 2.19929532363e-08, 2.25670273579e-08, 4.79438604373e-08, 5.94277764776e-08, 3.67043817562e-08, 3.40713235403e-08, 1.31495765388e-08, 2.05860306579e-08, 4.57246862595e-08, 1.99344370344e-07, 1.67602721035e-07, 1.45448808553e-07, 8.14278919847e-08, 5.83494248474e-08, 1.57281917268e-07, 1.33379060685e-07, 7.2940125051e-08, 6.03593406368e-08, 9.87814985365e-08, 1.48093008079e-07, 9.85246799701e-08, 1.02307389227e-07, 8.67563230145e-08, 5.22687386706e-08, 5.94032449897e-08, 4.64578349124e-08, 4.5216033584e-08, 2.44352147405e-08, 1.39991742643e-08, 4.90543250464e-09, 1.3408714139e-09, 1.00051182617e-10],
        "var": [0.208436578512, 8.456823349, 24.7575702667, 35.7904968262, 126.940696716, 248.343841553, 542.483032227, 461.805786133, 430.590087891, 695.460632324, 1964.09277344, 17277.4765625, 14218.3271484, 28298.2167969, 15546.1210938, 3026.22924805, 4092.50024414, 4507.76318359, 6530.21386719, 1735.56384277, 2346.61572266, 808.790710449, 993.078430176, 1035.77233887, 1038.47912598, 3319.52856445, 1064.05822754, 120.839157104, 85.4053192139, 97.0929794312, 60.1609230042, 28.4698543549, 21.2016906738, 67.7582702637, 5.23499393463, 0.456082075834, 0.470815986395, 0.00369848380797, 0.000380475539714, 1.69429824837e-06]
    },
    "gfcc": {
        "mean": [-2.87585401535, 81.1005096436, -150.64944458, 27.2712059021, -68.8314819336, 16.9123153687, -28.0428104401, 9.45608139038, -26.7994880676, -2.36294698715, -6.70182466507, -8.92869186401, -1.94392108917],
        "cov": [[3661.6328125, -550.103210449, 1472.14196777, 457.997039795, 414.884185791, 393.78125, -1.9038465023, 623.050598145, -171.298873901, 606.993164062, -39.8308448792, 336.396514893, -100.265419006], [-550.103210449, 2442.86401367, 544.402770996, 766.944946289, 500.958618164, -36.9734687805, 420.707397461, -225.344528198, 311.208282471, -209.182785034, 390.749786377, -193.439529419, 210.827697754], [1472.14196777, 544.402770996, 2580.92871094, 889.845397949, 683.127563477, 344.958374023, 6.45371198654, 311.707244873, -48.2462005615, 478.170562744, 36.8715324402, 359.08782959, -53.2918815613], [457.997039795, 766.944946289, 889.845397949, 798.521972656, 368.184265137, 162.155639648, 123.810684204, 81.2988967896, 72.2865447998, 95.4609146118, 151.980194092, 37.4176597595, 98.6992492676], [414.884185791, 500.958618164, 683.127563477, 368.184265137, 528.609558105, 180.968063354, 188.378067017, 88.5472183228, 83.4398651123, 138.001586914, 60.0358276367, 97.0579528809, 18.8687953949], [393.78125, -36.9734687805, 344.958374023, 162.155639648, 180.968063354, 368.430511475, 139.500457764, 130.249694824, 13.7619991302, 119.9897995, -3.10240340233, 57.33984375, -3.35417962074], [-1.9038465023, 420.707397461, 6.45371198654, 123.810684204, 188.378067017, 139.500457764, 389.778747559, 50.7481307983, 121.710372925, -16.4592056274, 109.511817932, -37.7371788025, 48.192401886], [623.050598145, -225.344528198, 311.707244873, 81.2988967896, 88.5472183228, 130.249694824, 50.7481307983, 325.548583984, -4.10494947433, 176.705627441, 19.9933433533, 74.8839187622, -2.44349503517], [-171.298873901, 311.208282471, -48.2462005615, 72.2865447998, 83.4398651123, 13.7619991302, 121.710372925, -4.10494947433, 218.931060791, -18.2172698975, 75.049369812, -25.2830638885, 41.3390922546], [606.993164062, -209.182785034, 478.170562744, 95.4609146118, 138.001586914, 119.9897995, -16.4592056274, 176.705627441, -18.2172698975, 282.316253662, -4.8623752594, 139.734161377, -33.7664375305], [-39.8308448792, 390.749786377, 36.8715324402, 151.980194092, 60.0358276367, -3.10240340233, 109.511817932, 19.9933433533, 75.049369812, -4.8623752594, 223.922225952, -25.7050609589, 95.2777252197], [336.396514893, -193.439529419, 359.08782959, 37.4176597595, 97.0579528809, 57.33984375, -37.7371788025, 74.8839187622, -25.2830638885, 139.734161377, -25.7050609589, 208.213760376, -17.928735733], [-100.265419006, 210.827697754, -53.2918815613, 98.6992492676, 18.8687953949, -3.35417962074, 48.192401886, -2.44349503517, 41.3390922546, -33.7664375305, 95.2777252197, -17.928735733, 133.610855103]],
        "icov": [[0.000548536831047, 4.64312543045e-05, -3.84411105188e-05, -0.000207884324482, -8.32868972793e-05, -3.04503137158e-05, -2.54016485997e-05, -0.000599939725362, 0.000361509126378, -0.000486570992507, 1.17729332487e-05, -8.93192045623e-05, 0.000230595076573], [4.64312543045e-05, 0.00161885807756, -0.000486285833176, -0.000584171211813, -0.000853830017149, 0.000712794600986, -0.00074215955101, 0.00104628095869, -0.00075433216989, 0.000811167585198, -0.00127231446095, 0.00124079431407, -0.000344546278939], [-3.84411105188e-05, -0.000486285833176, 0.0014262170298, -0.000975026981905, -0.000397150870413, -0.000295659905532, 0.000603199820034, -0.000467936130008, 0.000594436656684, -0.000885288114659, 0.000299326929962, -0.00133630563505, 0.00104971625842], [-0.000207884324482, -0.000584171211813, -0.000975026981905, 0.00359876733273, -0.000624491425697, -0.000697322364431, 0.000562599103432, -3.38428762916e-05, -0.000117193485494, 0.000422322162194, -0.000497297034599, 0.000911671493668, -0.00179446942639], [-8.32868972793e-05, -0.000853830017149, -0.000397150870413, -0.000624491425697, 0.0049113733694, -0.000636664102785, -0.00143693736754, 0.000113063593744, -0.00047659187112, -0.00115036056377, 0.00122258916963, -0.00139473250601, 0.000196224063984], [-3.04503137158e-05, 0.000712794600986, -0.000295659905532, -0.000697322364431, -0.000636664102785, 0.00467746006325, -0.0020229856018, -0.00019372474344, 3.73933253286e-05, -0.000657784228679, 0.000743595126551, 0.000557323975954, -0.000450206774985], [-2.54016485997e-05, -0.00074215955101, 0.000603199820034, 0.000562599103432, -0.00143693736754, -0.0020229856018, 0.00538310827687, -0.00126733549405, -0.000959120166954, 0.000943505903706, -0.00126654631458, 1.45707481352e-05, 0.000604647560976], [-0.000599939725362, 0.00104628095869, -0.000467936130008, -3.38428762916e-05, 0.000113063593744, -0.00019372474344, -0.00126733549405, 0.00653420062736, -0.000722050550394, -0.0020959242247, -0.00100849987939, 0.00127302692272, -0.00112331984565], [0.000361509126378, -0.00075433216989, 0.000594436656684, -0.000117193485494, -0.00047659187112, 3.73933253286e-05, -0.000959120166954, -0.000722050550394, 0.00675708893687, -0.000988234416582, -0.00032733468106, -0.000547465460841, 5.79225434194e-06], [-0.000486570992507, 0.000811167585198, -0.000885288114659, 0.000422322162194, -0.00115036056377, -0.000657784228679, 0.000943505903706, -0.0020959242247, -0.000988234416582, 0.00994596164674, -0.00189500907436, -0.00228218501434, 0.00132153846789], [1.17729332487e-05, -0.00127231446095, 0.000299326929962, -0.000497297034599, 0.00122258916963, 0.000743595126551, -0.00126654631458, -0.00100849987939, -0.00032733468106, -0.00189500907436, 0.00918245315552, -0.00026316306321, -0.00417334586382], [-8.93192045623e-05, 0.00124079431407, -0.00133630563505, 0.000911671493668, -0.00139473250601, 0.000557323975954, 1.45707481352e-05, 0.00127302692272, -0.000547465460841, -0.00228218501434, -0.00026316306321, 0.00954755302519, -0.0019409400411], [0.000230595076573, -0.000344546278939, 0.00104971625842, -0.00179446942639, 0.000196224063984, -0.000450206774985, 0.000604647560976, -0.00112331984565, 5.79225434194e-06, 0.00132153846789, -0.00417334586382, -0.0019409400411, 0.0127155119553]]
    },
    "melbands": {
        "dmean": [0.00103990850039, 0.000825708732009, 0.000391125766328, 0.00035116286017, 0.000258876156295, 0.000158870680025, 0.000113246111141, 0.000101188023109, 0.000140621210448, 0.000273180572549, 0.000187715995708, 0.000175725610461, 0.000121119701362, 6.11407158431e-05, 4.98902300023e-05, 6.22244551778e-05, 4.50083716714e-05, 4.48983992101e-05, 2.73510813713e-05, 1.68254227901e-05, 1.38573759614e-05, 1.01395762613e-05, 9.47579246713e-06, 1.05388871816e-05, 1.1262017324e-05, 8.40185202833e-06, 1.0764300896e-05, 1.31614751808e-05, 7.83994164522e-06, 3.34937794833e-06, 2.05126480068e-06, 1.67204200352e-06, 1.43469333125e-06, 1.51598101183e-06, 1.45281092045e-06, 1.18216837564e-06, 1.01081536741e-06, 9.22028846162e-07, 8.90745297966e-07, 1.0381058928e-06],
        "dmean2": [0.00158418947831, 0.00130258628633, 0.000709559768438, 0.000620920211077, 0.000426516897278, 0.000258088461123, 0.000189109123312, 0.00016999890795, 0.000229513185332, 0.000447057507699, 0.000305290392134, 0.000282858760329, 0.000192881052499, 0.000100091732747, 8.24732269393e-05, 0.000102386038634, 7.47078011045e-05, 7.35960784368e-05, 4.49585968454e-05, 2.72569086519e-05, 2.17495598918e-05, 1.62796659424e-05, 1.52228776642e-05, 1.67410908034e-05, 1.80821953109e-05, 1.32916738949e-05, 1.65967467183e-05, 1.98215493583e-05, 1.17935405797e-05, 5.34189575774e-06, 3.3941730635e-06, 2.74991452898e-06, 2.26638144341e-06, 2.40862050305e-06, 2.32445040638e-06, 1.87017997177e-06, 1.60300669449e-06, 1.44161322169e-06, 1.3845299236e-06, 1.66916697708e-06],
        "dvar": [7.33864408176e-06, 6.03481021244e-06, 2.19206413021e-06, 1.44607054153e-06, 3.05305775328e-07, 1.32690288979e-07, 1.08775829233e-07, 5.51713519314e-08, 1.05109940307e-07, 3.23569878447e-07, 1.69746201095e-07, 1.89324282474e-07, 6.64425598984e-08, 1.88979356608e-08, 1.27102683933e-08, 1.42645824042e-08, 8.68256400111e-09, 1.24073409324e-08, 4.18159062932e-09, 2.6050348545e-09, 1.76084524739e-09, 5.99401639434e-10, 4.04048516867e-10, 3.56288498704e-10, 3.96528448965e-10, 2.28989008311e-10, 4.27364893474e-10, 6.97877422517e-10, 2.51443144084e-10, 5.36460528777e-11, 3.14864453954e-11, 2.43165626523e-11, 1.68755807939e-11, 1.98516498379e-11, 1.6387459098e-11, 9.2134815402e-12, 7.8190726463e-12, 7.53480437765e-12, 8.93148055514e-12, 4.39071695668e-11],
        "dvar2": [1.72694690264e-05, 1.51472640937e-05, 6.33980926068e-06, 4.18361014454e-06, 7.96661652203e-07, 3.31995551051e-07, 2.97643765634e-07, 1.48333853645e-07, 2.61990379613e-07, 8.25908387014e-07, 4.39905306848e-07, 4.71583888384e-07, 1.56205345547e-07, 4.61373907967e-08, 2.99887226163e-08, 3.57644438509e-08, 2.14515392116e-08, 3.09105736562e-08, 1.01789545681e-08, 6.10790040767e-09, 3.86045329037e-09, 1.39722677872e-09, 1.02378827638e-09, 8.14329770282e-10, 9.9555619304e-10, 5.40511135849e-10, 9.38941036033e-10, 1.45950174169e-09, 5.28817378775e-10, 1.29742508403e-10, 7.97318391865e-11, 6.21418611013e-11, 3.86924069173e-11, 4.57272865406e-11, 3.92469841348e-11, 2.19301469345e-11, 1.82589811326e-11, 1.7397087243e-11, 1.86565138338e-11, 1.22478249764e-10],
        "max": [0.0310620646924, 0.0279644094408, 0.0237039513886, 0.0188396647573, 0.0113537311554, 0.00783520750701, 0.00629973039031, 0.00396903138608, 0.00757705420256, 0.0118752392009, 0.00844152551144, 0.00917556881905, 0.00588836055249, 0.00577575853094, 0.00306623871438, 0.00242532440461, 0.00244534388185, 0.00280824350193, 0.00190811161883, 0.0018157241866, 0.00174283864908, 0.000705234648194, 0.000539063592441, 0.000418216048274, 0.00035383386421, 0.000358081684681, 0.000466208526632, 0.000589023926295, 0.000428161089076, 0.000103346479591, 0.000112755355076, 9.15654527489e-05, 0.000107674619358, 0.000110827299068, 0.000108448119136, 6.23251180514e-05, 5.554443851e-05, 5.88010843785e-05, 8.4190738562e-05, 0.000356327160262],
        "mean": [0.00246356846765, 0.0014060952235, 0.000412949302699, 0.000435302295955, 0.000414503272623, 0.000247561431024, 0.000154789886437, 0.000149015759234, 0.000205803284189, 0.000445149169536, 0.000311481766403, 0.000304789631628, 0.000212828337681, 9.9559307273e-05, 7.90193516877e-05, 9.90641710814e-05, 7.28762679501e-05, 7.22654440324e-05, 4.05056925956e-05, 2.41386715061e-05, 2.14338651858e-05, 1.68011210917e-05, 1.71505216713e-05, 1.92492261704e-05, 2.07699740713e-05, 1.55136876856e-05, 2.10117632378e-05, 2.69317570201e-05, 1.58857437782e-05, 5.64001220482e-06, 2.83632743958e-06, 2.27403074859e-06, 2.05798664865e-06, 2.20472338697e-06, 2.18302147914e-06, 1.78676282303e-06, 1.50127675624e-06, 1.34101367166e-06, 1.21753623716e-06, 1.49059894738e-06],
        "median": [0.000805972493254, 0.000316408812068, 0.000149152212543, 0.000183325522812, 0.000184026692295, 9.3606300652e-05, 4.86361022922e-05, 5.22890040884e-05, 7.67042511143e-05, 0.000129939551698, 8.66648333613e-05, 7.66921002651e-05, 7.2738781455e-05, 3.86128158425e-05, 3.16635996569e-05, 4.23810706707e-05, 2.81977299892e-05, 2.55485501839e-05, 1.68409424077e-05, 1.04431310319e-05, 7.36700485504e-06, 6.97334462529e-06, 8.40413849801e-06, 9.59611679718e-06, 1.03826632767e-05, 8.58833845996e-06, 8.39990570967e-06, 8.13800215838e-06, 5.42990937902e-06, 2.47112484431e-06, 1.12737575364e-06, 8.40407778924e-07, 7.87920839684e-07, 8.44865326144e-07, 8.59031274558e-07, 6.96207791862e-07, 5.61744059269e-07, 4.74469914025e-07, 3.3932363408e-07, 1.95947336579e-07],
        "min": [2.00893923892e-12, 1.18260707217e-12, 3.41698132462e-13, 1.62183775524e-12, 1.10143350603e-12, 5.86363260464e-13, 3.1164093116e-13, 2.60018650491e-13, 4.41777121612e-13, 3.63867247964e-13, 1.7738481311e-13, 1.39485672361e-13, 6.37395206602e-14, 2.57945351005e-14, 9.72366853919e-14, 1.33833956829e-13, 4.04759857358e-13, 2.30067375741e-13, 3.32391341014e-13, 8.9671115856e-14, 9.42302469777e-14, 4.76004869202e-14, 1.12360004655e-13, 1.25458860965e-13, 1.10911022662e-13, 6.13296509389e-14, 2.93456631337e-14, 4.40126891367e-14, 5.71757268267e-14, 9.45696767966e-14, 7.56425832887e-14, 4.68908257763e-14, 6.1179102691e-14, 6.31485627136e-14, 5.37529175088e-14, 3.62172517996e-14, 3.12791107035e-14, 4.28469888421e-14, 4.43611178336e-14, 3.59833317927e-14],
        "var": [1.47179134729e-05, 7.80404297984e-06, 1.33421087867e-06, 9.86266286418e-07, 5.10154393396e-07, 2.25676615173e-07, 1.18999444965e-07, 7.62727481174e-08, 1.77992802719e-07, 7.70710016695e-07, 3.87425131976e-07, 4.93218692554e-07, 1.83174520885e-07, 4.47515873248e-08, 2.25438316903e-08, 2.55096423984e-08, 2.13690647399e-08, 2.73649991556e-08, 6.42136299689e-09, 4.17005008302e-09, 4.43955538998e-09, 1.25988552924e-09, 7.30841553942e-10, 7.84813825039e-10, 8.36847313668e-10, 4.45254472181e-10, 1.16976883735e-09, 2.00722194421e-09, 7.09261982479e-10, 9.69085436897e-11, 3.70844153996e-11, 2.94450366867e-11, 2.75846984144e-11, 3.30968828732e-11, 2.33498984037e-11, 1.3255187746e-11, 1.06635932723e-11, 9.91296454644e-12, 1.36217530311e-11, 1.02401476187e-10]
    },
    "mfcc": {
        "mean": [-632.278564453, 104.30330658, -21.4503707886, 9.17915344238, -11.1108007431, -0.166707217693, 10.3831892014, 2.66376924515, -5.33566522598, 9.68262195587, -6.38729476929, -3.22476601601, -5.98134660721],
        "cov": [[2651.87719727, -362.243560791, 427.57434082, 215.029571533, 248.94128418, 26.395860672, 283.956207275, 69.3813781738, 140.900436401, 234.483551025, 61.7425041199, 165.355255127, 198.531768799], [-362.243560791, 1504.45568848, 490.116149902, 616.942504883, 329.774353027, 260.102050781, 212.801498413, 114.086242676, 11.7953634262, 145.347793579, 37.5636558533, 85.2527084351, 74.4348297119], [427.57434082, 490.116149902, 1612.69348145, 762.24041748, 657.704589844, 316.584106445, 280.512481689, 61.0914115906, 89.4554290771, 109.717643738, 90.4940261841, 135.828125, 210.076065063], [215.029571533, 616.942504883, 762.24041748, 775.519348145, 450.297821045, 201.873443604, 220.471176147, 69.9528656006, 46.8941993713, 126.509262085, 7.20517539978, 113.279396057, 129.873092651], [248.94128418, 329.774353027, 657.704589844, 450.297821045, 512.284118652, 192.084579468, 156.839508057, 43.1062240601, 75.7232589722, 77.8852462769, 33.1013679504, 88.1116714478, 134.64414978], [26.395860672, 260.102050781, 316.584106445, 201.873443604, 192.084579468, 389.943511963, 132.750930786, 98.592010498, 107.46887207, 14.5854711533, 95.5517425537, 31.4983043671, 33.8278770447], [283.956207275, 212.801498413, 280.512481689, 220.471176147, 156.839508057, 132.750930786, 351.417449951, 105.049568176, 67.5401763916, 129.326141357, 48.8368682861, 65.029914856, 60.387008667], [69.3813781738, 114.086242676, 61.0914115906, 69.9528656006, 43.1062240601, 98.592010498, 105.049568176, 181.39289856, 79.0410766602, 61.9941673279, 54.8161010742, 31.5420570374, 23.6222743988], [140.900436401, 11.7953634262, 89.4554290771, 46.8941993713, 75.7232589722, 107.46887207, 67.5401763916, 79.0410766602, 171.3072052, 49.9859695435, 82.1726989746, 32.5719642639, 32.3623352051], [234.483551025, 145.347793579, 109.717643738, 126.509262085, 77.8852462769, 14.5854711533, 129.326141357, 61.9941673279, 49.9859695435, 192.10786438, 41.1268959045, 58.9890708923, 44.0604476929], [61.7425041199, 37.5636558533, 90.4940261841, 7.20517539978, 33.1013679504, 95.5517425537, 48.8368682861, 54.8161010742, 82.1726989746, 41.1268959045, 156.244308472, 42.5350532532, 35.2974472046], [165.355255127, 85.2527084351, 135.828125, 113.279396057, 88.1116714478, 31.4983043671, 65.029914856, 31.5420570374, 32.5719642639, 58.9890708923, 42.5350532532, 126.384613037, 71.3006896973], [198.531768799, 74.4348297119, 210.076065063, 129.873092651, 134.64414978, 33.8278770447, 60.387008667, 23.6222743988, 32.3623352051, 44.0604476929, 35.2974472046, 71.3006896973, 147.609695435]],
