{
"lowlevel": {
    "average_loudness": 0.897136271,
    "barkbands_crest": {
        "dmean": 2.88923978806,
        "dmean2": 4.66589689255,
        "dvar": 6.85962963104,
        "dvar2": 17.0502433777,
        "max": 26.6566066742,
        "mean": 11.974067688,
        "median": 11.3615598679,
        "min": 2.81009912491,
        "var": 24.1966457367
    },
    "barkbands_flatness_db": {
        "dmean": 0.0223908014596,
        "dmean2": 0.0338600128889,
        "dvar": 0.000430621323176,
        "dvar2": 0.000978012103587,
        "max": 0.557621181011,
        "mean": 0.161491274834,
        "median": 0.158481389284,
        "min": 0.0327384360135,
        "var": 0.00304443109781
    },
    "barkbands_kurtosis": {
        "dmean": 2.63638830185,
        "dmean2": 4.18241977692,
        "dvar": 41.4060173035,
        "dvar2": 96.8183746338,
        "max": 259.194335938,
        "mean": 3.96996808052,
        "median": 1.69042921066,
        "min": -1.95381748676,
        "var": 74.105506897
    },
    "barkbands_skewness": {
        "dmean": 0.504500150681,
        "dmean2": 0.768925368786,
        "dvar": 0.363250881433,
        "dvar2": 0.802993655205,
        "max": 15.2914457321,
        "mean": 1.21197795868,
        "median": 1.02003967762,
        "min": -3.22501134872,
        "var": 1.66350162029
    },
    "barkbands_spread": {
        "dmean": 4.64026165009,
        "dmean2": 7.2587685585,
        "dvar": 42.6632232666,
        "dvar2": 94.98802948,
        "max": 135.998901367,
        "mean": 19.1175041199,
        "median": 16.4081382751,
        "min": 0.478854566813,
        "var": 171.179260254
    },
    "dissonance": {
        "dmean": 0.0244414266199,
        "dmean2": 0.0417678281665,
        "dvar": 0.00055013212841,
        "dvar2": 0.00156524893828,
        "max": 0.5,
        "mean": 0.458201229572,
        "median": 0.467543929815,
        "min": 0.241432264447,
        "var": 0.00115094787907
    },
    "dynamic_complexity": 3.10664272308,
    "erbbands_crest": {
        "dmean": 3.21445775032,
        "dmean2": 5.18093347549,
        "dvar": 8.71628570557,
        "dvar2": 21.7918186188,
        "max": 32.1881866455,
        "mean": 13.3911838531,
        "median": 11.8253564835,
        "min": 2.06878399849,
        "var": 44.1619682312
    },
    "erbbands_flatness_db": {
        "dmean": 0.0193738862872,
        "dmean2": 0.0291831623763,
        "dvar": 0.000313121970976,
        "dvar2": 0.000666800420731,
        "max": 0.402998149395,
        "mean": 0.19562856853,
        "median": 0.195007830858,
        "min": 0.029273154214,
        "var": 0.00368555751629
    },
    "erbbands_kurtosis": {
        "dmean": 1.69657325745,
        "dmean2": 2.70518040657,
        "dvar": 5.17139673233,
        "dvar2": 12.7667989731,
        "max": 40.2948646545,
        "mean": 2.71886968613,
        "median": 1.36210298538,
        "min": -1.84614396095,
        "var": 17.6980705261
    },
    "erbbands_skewness": {
        "dmean": 0.405347049236,
        "dmean2": 0.628362178802,
        "dvar": 0.157072663307,
        "dvar2": 0.346529901028,
        "max": 5.57687616348,
        "mean": 0.941504180431,
        "median": 0.860443234444,
        "min": -4.79209136963,
        "var": 0.916709899902
    },
    "erbbands_spread": {
        "dmean": 6.26923513412,
        "dmean2": 9.85703659058,
        "dvar": 59.6283454895,
        "dvar2": 135.15486145,
        "max": 135.032928467,
        "mean": 27.8875007629,
        "median": 22.0371875763,
        "min": 2.80593276024,
        "var": 356.595672607
    },
    "hfc": {
        "dmean": 6.79201459885,
        "dmean2": 10.4845619202,
        "dvar": 107.122741699,
        "dvar2": 262.474700928,
        "max": 359.481292725,
        "mean": 26.2340221405,
        "median": 22.3153610229,
        "min": 4.07604675274e-05,
        "var": 519.789550781
    },
    "melbands_crest": {
        "dmean": 3.30387544632,
        "dmean2": 5.23342514038,
        "dvar": 8.65760231018,
        "dvar2": 20.6723480225,
        "max": 35.7912635803,
        "mean": 14.9042701721,
        "median": 14.0453262329,
        "min": 3.49696564674,
        "var": 34.5641326904
    },
    "melbands_flatness_db": {
        "dmean": 0.0237496662885,
        "dmean2": 0.0356063172221,
        "dvar": 0.000599216728006,
        "dvar2": 0.00127260305453,
        "max": 0.723092198372,
        "mean": 0.197104677558,
        "median": 0.189232185483,
        "min": 0.0239251293242,
        "var": 0.00414913939312
    },
    "melbands_kurtosis": {
        "dmean": 5.51757526398,
        "dmean2": 8.67527484894,
        "dvar": 167.6847229,
        "dvar2": 378.713104248,
        "max": 425.216552734,
        "mean": 10.0711488724,
        "median": 4.22084569931,
        "min": -1.89156937599,
        "var": 387.780517578
    },
    "melbands_skewness": {
        "dmean": 0.669325888157,
        "dmean2": 1.02702820301,
        "dvar": 0.609318733215,
        "dvar2": 1.33060359955,
        "max": 15.6634349823,
        "mean": 1.88005650043,
        "median": 1.54751896858,
        "min": -1.49318563938,
        "var": 3.1673412323
    },
    "melbands_spread": {
        "dmean": 6.23221969604,
        "dmean2": 9.68807697296,
        "dvar": 111.006134033,
        "dvar2": 240.013046265,
        "max": 289.600616455,
        "mean": 24.1694355011,
        "median": 20.8740749359,
        "min": 0.613504052162,
        "var": 429.45791626
    },
    "pitch_salience": {
        "dmean": 0.0673621669412,
        "dmean2": 0.107245005667,
        "dvar": 0.0039035747759,
        "dvar2": 0.00924536399543,
        "max": 0.878906071186,
        "mean": 0.528111755848,
        "median": 0.521002233028,
        "min": 0.0739553794265,
        "var": 0.0192140620202
    },
    "silence_rate_20dB": {
        "dmean": 0,
        "dmean2": 0,
        "dvar": 0,
        "dvar2": 0,
        "max": 1,
        "mean": 1,
        "median": 1,
        "min": 1,
        "var": 0
    },
    "silence_rate_30dB": {
        "dmean": 0.00872230064124,
        "dmean2": 0.0174466576427,
        "dvar": 0.00864635407925,
        "dvar2": 0.0235083978623,
        "max": 1,
        "mean": 0.994342982769,
        "median": 1,
        "min": 0,
        "var": 0.0056242691353
    },
    "silence_rate_60dB": {
        "dmean": 0.0122583685443,
        "dmean2": 0.0242838617414,
        "dvar": 0.0121082169935,
        "dvar2": 0.0267625655979,
        "max": 1,
        "mean": 0.0519740730524,
        "median": 0,
        "min": 0,
        "var": 0.0492836721241
    },
    "spectral_centroid": {
        "dmean": 197.859573364,
        "dmean2": 303.328704834,
        "dvar": 65164.0625,
        "dvar2": 137226.953125,
        "max": 6387.23730469,
        "mean": 1398.26293945,
        "median": 1338.23632812,
        "min": 176.006713867,
        "var": 372158.3125
    },
    "spectral_complexity": {
        "dmean": 2.70839238167,
        "dmean2": 4.4531416893,
        "dvar": 7.57110214233,
        "dvar2": 19.1362171173,
        "max": 51,
        "mean": 17.5647621155,
        "median": 17,
        "min": 0,
        "var": 70.4039230347
    },
    "spectral_decrease": {
        "dmean": 2.42915731974e-09,
        "dmean2": 3.82506204488e-09,
        "dvar": 1.41457331149e-17,
        "dvar2": 3.46577989486e-17,
        "max": 6.67920663222e-10,
        "mean": -7.25931759149e-09,
        "median": -6.23646823072e-09,
        "min": -4.52826576236e-08,
        "var": 3.20909218502e-17
    },
    "spectral_energy": {
        "dmean": 0.009646339342,
        "dmean2": 0.0151762552559,
        "dvar": 0.000210583297303,
        "dvar2": 0.000516405561939,
        "max": 0.177171349525,
        "mean": 0.0297778844833,
        "median": 0.0259135458618,
        "min": 4.4438759339e-09,
        "var": 0.000501867732964
    },
    "spectral_energyband_high": {
        "dmean": 0.000314873293974,
        "dmean2": 0.000482748961076,
        "dvar": 7.36723620776e-07,
        "dvar2": 1.63951244758e-06,
        "max": 0.0295760463923,
        "mean": 0.000825902039651,
        "median": 0.000466145196697,
        "min": 3.53364559835e-09,
        "var": 2.23754705075e-06
    },
    "spectral_energyband_low": {
        "dmean": 0.00522547680885,
        "dmean2": 0.0081129623577,
        "dvar": 0.000167903359397,
        "dvar2": 0.000410881068092,
        "max": 0.134299010038,
        "mean": 0.00875084847212,
        "median": 0.00270329671912,
        "min": 1.11053796367e-11,
        "var": 0.000260733417235
    },
    "spectral_energyband_middle_high": {
        "dmean": 0.00368432514369,
        "dmean2": 0.00578115088865,
        "dvar": 3.35695767717e-05,
        "dvar2": 8.5818253865e-05,
        "max": 0.104666374624,
        "mean": 0.0118502378464,
        "median": 0.00550492713228,
        "min": 5.27247079329e-10,
        "var": 0.000187284822459
    },
    "spectral_energyband_middle_low": {
        "dmean": 0.00368248019367,
        "dmean2": 0.00585450604558,
        "dvar": 3.82668440579e-05,
        "dvar2": 9.46235741139e-05,
        "max": 0.087555795908,
        "mean": 0.00925211142749,
        "median": 0.0059370608069,
        "min": 1.37129599342e-10,
        "var": 9.52834452619e-05
    },
    "spectral_entropy": {
        "dmean": 0.136194691062,
        "dmean2": 0.205610886216,
        "dvar": 0.0183987487108,
        "dvar2": 0.0382375121117,
        "max": 8.7712020874,
        "mean": 7.54317426682,
        "median": 7.57762479782,
        "min": 5.58501911163,
        "var": 0.183059483767
    },
    "spectral_flux": {
        "dmean": 0.0258948542178,
        "dmean2": 0.0414709635079,
        "dvar": 0.000890902767424,
        "dvar2": 0.00210265512578,
        "max": 0.322571873665,
        "mean": 0.0877750813961,
        "median": 0.0796846598387,
        "min": 6.66624036967e-05,
        "var": 0.00227950140834
    },
    "spectral_kurtosis": {
        "dmean": 1.45751273632,
        "dmean2": 2.46186256409,
        "dvar": 4.50498771667,
        "dvar2": 12.8029632568,
        "max": 77.085144043,
        "mean": 4.04080247879,
        "median": 3.52458286285,
        "min": -1.26236248016,
        "var": 11.3151941299
    },
    "spectral_rms": {
        "dmean": 0.000794679799583,
        "dmean2": 0.00122393819038,
        "dvar": 9.08769095531e-07,
        "dvar2": 2.10558596336e-06,
        "max": 0.0131472470239,
        "mean": 0.00499945366755,
        "median": 0.00502807181329,
        "min": 2.08218352782e-06,
        "var": 4.05698756367e-06
    },
    "spectral_rolloff": {
        "dmean": 359.699951172,
        "dmean2": 604.730407715,
        "dvar": 724750.0625,
        "dvar2": 1585636,
        "max": 18152.4902344,
        "mean": 1536.70874023,
        "median": 1098.19335938,
        "min": 64.599609375,
        "var": 3048306.25
    },
    "spectral_skewness": {
        "dmean": 0.191087767482,
        "dmean2": 0.311951339245,
        "dvar": 0.0386034213006,
        "dvar2": 0.0987599417567,
        "max": 6.21760511398,
        "mean": 1.52080690861,
        "median": 1.49682271481,
        "min": -0.472218930721,
        "var": 0.171212896705
    },
    "spectral_spread": {
        "dmean": 464535.6875,
        "dmean2": 674188.8125,
        "dvar": 378272546816,
        "dvar2": 737835024384,
        "max": 18565834,
        "mean": 4596027.5,
        "median": 4266651,
        "min": 705788.8125,
        "var": 3.3261593559e+12
    },
    "spectral_strongpeak": {
        "dmean": 0.921510219574,
        "dmean2": 1.54315376282,
        "dvar": 2.31720876694,
        "dvar2": 6.02154922485,
        "max": 33.5173912048,
        "mean": 2.07115125656,
        "median": 0.942899107933,
        "min": 0.00027400709223,
        "var": 6.15972566605
    },
    "zerocrossingrate": {
        "dmean": 0.00889530591667,
        "dmean2": 0.0103596439585,
        "dvar": 0.000166224781424,
        "dvar2": 0.000191291372175,
        "max": 0.53466796875,
        "mean": 0.0638277083635,
        "median": 0.05615234375,
        "min": 0.001953125,
        "var": 0.00215911515988
    },
    "barkbands": {
        "dmean": [0.000155397763592, 0.00467793364078, 0.000902557221707, 0.000480913207866, 0.00118609215133, 0.00084931863239, 0.000393172027543, 0.000611158902757, 0.00132347899489, 0.00169904006179, 0.00150872627273, 0.0012600334594, 0.00042408623267, 0.000370735069737, 0.000240154622588, 0.000167360005435, 0.00016862701159, 0.000138759161928, 0.000125672740978, 0.000117716677778, 4.84628435515e-05, 7.84850635682e-05, 7.54725988372e-05, 5.74983750994e-05, 6.19628262939e-05, 3.26622102875e-05, 7.5708235272e-06],
        "dmean2": [0.000236095584114, 0.00736955180764, 0.00153814384248, 0.000820573652163, 0.0019828423392, 0.00135852082167, 0.000628119742032, 0.000972974346951, 0.00205320329405, 0.00271170842461, 0.00236605503596, 0.00200401060283, 0.000686024141032, 0.000594668847043, 0.000388662825571, 0.000261072156718, 0.000267946656095, 0.000224343937589, 0.000201929098694, 0.000185848970432, 7.8884033428e-05, 0.000127306149807, 0.00011591828661, 8.95085322554e-05, 9.89276886685e-05, 5.4005835409e-05, 1.25413935166e-05],
        "dvar": [1.80332008881e-07, 0.000141764758155, 8.13519454823e-06, 1.39015719469e-06, 1.25039086925e-05, 3.13555256071e-06, 7.16610998097e-07, 2.91790252049e-06, 9.43085160543e-06, 1.44891655509e-05, 1.64551984199e-05, 1.03389020296e-05, 1.22725941765e-06, 7.14103521204e-07, 2.7630568411e-07, 1.95717888118e-07, 3.01709036421e-07, 7.29742879457e-08, 6.08820371895e-08, 5.14916429495e-08, 1.60302722207e-08, 6.29248404493e-08, 3.34754339804e-08, 2.87644557062e-08, 1.59040226322e-07, 3.69580845927e-08, 2.08108392741e-08],
        "dvar2": [3.89062563499e-07, 0.0003625380632, 1.94136719074e-05, 3.64052402801e-06, 3.32263589371e-05, 7.48595311961e-06, 1.75283548742e-06, 6.76644776831e-06, 2.13576913666e-05, 3.61192905984e-05, 3.87324907933e-05, 2.723354919e-05, 2.84443876808e-06, 1.72754744199e-06, 6.90121510161e-07, 4.16924308411e-07, 5.95053847974e-07, 1.79616620244e-07, 1.39169543445e-07, 1.16361839275e-07, 3.89746688256e-08, 1.44782802636e-07, 7.0708892963e-08, 6.37070769471e-08, 4.15252287667e-07, 9.65417470411e-08, 4.9080039588e-08],
        "max": [0.00656992662698, 0.12640106678, 0.0606080852449, 0.0243287980556, 0.0631761178374, 0.0402003154159, 0.0186332985759, 0.0463722720742, 0.0584804266691, 0.0599167272449, 0.0956317409873, 0.0693164467812, 0.028908053413, 0.0229446925223, 0.0118350051343, 0.0130937155336, 0.0354081280529, 0.00670257583261, 0.00897460523993, 0.00509424926713, 0.00367890461348, 0.010060259141, 0.00619478709996, 0.00444812234491, 0.0225574243814, 0.010693974793, 0.010928737931],
        "mean": [0.000194459717022, 0.00732781877741, 0.000989179941826, 0.000584335473832, 0.0016882364871, 0.00159827200696, 0.00070846878225, 0.00107974070124, 0.00244009098969, 0.00328009552322, 0.00284306588583, 0.00271252030507, 0.000839043816086, 0.000770982354879, 0.000474363798276, 0.000329657486873, 0.000346600078046, 0.000302767002722, 0.0002925459994, 0.000267108756816, 0.000103883474367, 0.000155870322487, 0.000166095240274, 0.000110872468213, 0.000107956315333, 5.16119653184e-05, 1.21878538266e-05],
        "median": [1.12082634587e-05, 0.00171553133987, 0.000254697864875, 0.000179111069883, 0.000557186664082, 0.000645055610221, 0.000298658269458, 0.000279478699667, 0.00065377925057, 0.000700574368238, 0.000340864819009, 0.000350281305145, 0.000177476627869, 0.000189121623407, 0.000143480603583, 9.27294895519e-05, 0.000119701464428, 0.000148076374899, 0.000148686463945, 0.000138162242365, 4.89589110657e-05, 7.48932288843e-05, 9.1556677944e-05, 5.23595117556e-05, 2.309327283e-05, 5.17105218023e-06, 2.88690005235e-09],
        "min": [9.15963810875e-13, 2.54501416686e-13, 3.146556583e-12, 1.80858314436e-11, 1.81650285092e-11, 8.12961590407e-12, 1.66953950664e-11, 1.91843606973e-11, 2.94325605554e-11, 3.42801620423e-11, 6.98041884711e-13, 1.6675298295e-11, 5.86080767251e-11, 1.75700686639e-11, 4.47958788119e-11, 8.67071622834e-11, 5.61361131191e-11, 6.70377503509e-11, 9.84186343533e-11, 3.0374339155e-10, 2.68271238557e-10, 9.09594344289e-11, 4.46671033494e-11, 2.44386195308e-11, 2.78194637465e-11, 4.20826533343e-11, 1.49412617695e-11],
        "var": [2.89656469477e-07, 0.000202044815524, 7.8860348367e-06, 1.55047814587e-06, 1.37717879625e-05, 7.45122679291e-06, 1.5213969391e-06, 8.90835144673e-06, 2.58832697e-05, 4.48731261713e-05, 5.07975673827e-05, 4.42243908765e-05, 4.60493174614e-06, 2.84002931039e-06, 7.97736277036e-07, 5.90698050473e-07, 1.04162052139e-06, 2.28027602134e-07, 2.19680288183e-07, 1.58509621428e-07, 2.87722041747e-08, 1.22327932672e-07, 7.90041241316e-08, 5.33289821192e-08, 4.14562236983e-07, 1.19723225112e-07, 3.71421400303e-08]
    },
    "erbbands": {
        "dmean": [0.137423217297, 1.0843398571, 1.25589358807, 1.24275255203, 2.99112176895, 4.00630044937, 6.14832210541, 6.80337762833, 6.15141534805, 5.5484623909, 17.8634185791, 28.7744789124, 46.3953056335, 51.378742218, 50.9918212891, 50.1758880615, 21.3922195435, 17.531496048, 14.0238523483, 10.1732521057, 8.09185218811, 8.6858625412, 7.38053274155, 7.12413597107, 5.39369630814, 5.54058074951, 2.13289451599, 2.15607643127, 2.83497548103, 2.70528054237, 2.02805519104, 1.39146006107, 0.928284406662, 0.90623408556, 0.309081435204, 0.135520815849, 0.0779703035951, 0.00786538235843, 0.00160406704526, 8.62228989718e-05],
        "dmean2": [0.206727147102, 1.7311091423, 2.04181313515, 2.11764097214, 4.99056863785, 6.83093452454, 10.0146903992, 11.0575494766, 9.8420753479, 8.69180965424, 28.7233333588, 44.8265647888, 73.007194519, 81.8128814697, 78.936958313, 79.3907775879, 33.7119865417, 28.0124988556, 21.7940158844, 16.2483329773, 12.4728040695, 13.5350561142, 11.845158577, 11.5427761078, 8.6152639389, 8.73335552216, 3.48505592346, 3.4799246788, 4.62645626068, 4.23133468628, 3.13462877274, 2.16799592972, 1.43219840527, 1.46711540222, 0.494235932827, 0.219662576914, 0.132307708263, 0.0124824568629, 0.00262502906844, 0.000151421932969],
        "dvar": [0.11485017091, 8.1904706955, 14.7223682404, 8.8948764801, 113.910667419, 136.192321777, 222.972015381, 238.95993042, 193.958496094, 170.895629883, 2532.21411133, 4748.43017578, 12135.0566406, 16762.6132812, 17804.0859375, 19083.1894531, 2739.86279297, 1458.94030762, 972.707092285, 449.234710693, 602.24987793, 710.749938965, 240.605621338, 204.284225464, 89.8553314209, 135.838562012, 19.4766159058, 42.4120826721, 94.3751220703, 45.9005775452, 27.1187019348, 16.7376403809, 8.63578891754, 43.1406402588, 2.29128265381, 0.347999960184, 0.444087862968, 0.00370161188766, 0.00104509585071, 2.18148147724e-06],
        "dvar2": [0.264479726553, 21.4945526123, 33.3860549927, 23.4959831238, 278.002990723, 378.518676758, 570.330993652, 566.476806641, 482.1902771, 366.09085083, 6189.12939453, 11156.9023438, 30030.0039062, 40437.125, 42503.8632812, 51696.8320312, 6465.68798828, 3706.33496094, 2148.52636719, 1061.56091309, 1320.50231934, 1462.36401367, 592.422119141, 499.68170166, 197.962722778, 293.629547119, 49.1768913269, 101.801254272, 228.933197021, 96.9305725098, 58.4224472046, 37.8127059937, 17.7008476257, 113.928031921, 5.87499570847, 0.922344684601, 1.14894318581, 0.00941500533372, 0.00239320565015, 5.3892804317e-06],
        "max": [5.48725986481, 32.3251495361, 72.5644378662, 63.9285202026, 195.304397583, 193.602539062, 344.62399292, 350.778167725, 326.253448486, 328.349700928, 1415.47851562, 1349.30786133, 2036.72485352, 3866.88256836, 3570.03417969, 3398.73291016, 1507.75219727, 1266.15112305, 1069.9979248, 588.625488281, 1188.97399902, 1607.12231445, 352.407348633, 604.950256348, 310.219177246, 306.786712646, 125.197097778, 174.412399292, 408.747406006, 297.435821533, 195.921829224, 136.573608398, 122.757156372, 384.043609619, 73.396232605, 28.2203216553, 40.6711654663, 3.86492419243, 2.4821844101, 0.0910175815225],
        "mean": [0.220578238368, 1.56268644333, 1.62458467484, 1.52009248734, 3.95357489586, 5.45585107803, 10.3623867035, 12.8311634064, 11.597735405, 10.3374319077, 35.0945968628, 55.3713226318, 94.4346237183, 103.938171387, 109.643829346, 114.57875061, 49.3369026184, 38.4514884949, 31.2538414001, 22.4641590118, 17.9948921204, 19.1392784119, 16.6504421234, 16.8355789185, 13.8296146393, 12.8189649582, 5.05966997147, 4.31755447388, 5.34870815277, 5.87189674377, 4.4381814003, 2.62896633148, 1.734790802, 1.58996391296, 0.525248885155, 0.202801167965, 0.117683663964, 0.0129090780392, 0.00260724127293, 0.000160032795975],
        "median": [0.0344590619206, 0.343568325043, 0.466230690479, 0.620928347111, 1.03192734718, 1.85145449638, 3.29966759682, 5.30048418045, 5.03193569183, 4.6825094223, 8.77975845337, 15.9114398956, 22.6988048553, 24.2786254883, 17.7788562775, 18.1472492218, 12.0653686523, 12.6736307144, 10.4259262085, 8.00648880005, 6.24071931839, 6.92690181732, 8.10245800018, 8.68917751312, 7.65431451797, 6.66376543045, 2.90355610847, 1.89706397057, 2.42684459686, 3.1920542717, 2.44020628929, 1.27466261387, 0.753399133682, 0.338913440704, 0.110431052744, 0.0282464828342, 0.00704933097586, 0.000466651516035, 3.54014482582e-05, 3.74096962332e-05],
        "min": [1.24591708478e-11, 9.3805983814e-11, 2.53550314078e-09, 3.35961125586e-08, 8.00750754593e-08, 5.0551260955e-08, 3.94226837841e-08, 6.28287963877e-08, 2.77747574273e-07, 1.38490349855e-07, 5.01038471157e-07, 5.02808120473e-07, 1.7446941456e-06, 1.84310650297e-07, 1.30777408458e-07, 8.3376596649e-07, 2.21001118916e-06, 1.65494623161e-06, 1.11974713946e-06, 4.22326593252e-06, 3.93710206481e-06, 3.21145466842e-06, 3.40711835634e-06, 2.13700445784e-06, 7.47544663682e-06, 1.2404854715e-05, 1.78339705599e-05, 6.78258720654e-06, 7.41318763176e-06, 5.18273645866e-06, 6.27650024398e-06, 3.84696340916e-06, 2.79215100818e-06, 1.6895362478e-06, 1.1673971585e-06, 8.82370727595e-07, 2.79831112948e-07, 2.34594956794e-08, 2.32223706931e-09, 1.7607111602e-10],
        "var": [0.202029645443, 10.148188591, 16.9717769623, 8.47358703613, 141.004135132, 134.934738159, 506.547912598, 578.63848877, 396.687408447, 382.998962402, 9006.33203125, 12712.2626953, 36557.1289062, 54156.2421875, 70670.125, 84326.3046875, 12203.7597656, 4767.42089844, 3954.65087891, 1413.02893066, 1848.99621582, 2689.91552734, 740.774719238, 691.175598145, 355.791625977, 409.279174805, 42.4450187683, 67.5925369263, 162.454315186, 107.870147705, 61.2561798096, 29.3414268494, 16.8047161102, 111.388633728, 5.79944419861, 0.788409113884, 1.18294525146, 0.0104937460274, 0.00185166380834, 4.60999581264e-06]
    },
    "gfcc": {
        "mean": [-8.03333473206, 86.3024291992, -141.321487427, 22.5565547943, -70.485168457, 22.3296070099, -29.2593765259, 9.94679069519, -21.6509742737, -4.94001150131, -6.98483848572, -0.516475915909, -6.94405984879],
        "cov": [[4440.44433594, -1475.28259277, 893.206604004, 138.083358765, 149.197433472, 693.797607422, -137.588790894, 631.054870605, -199.861984253, 333.479797363, -211.575942993, 356.006652832, -50.0086517334], [-1475.28259277, 2334.0637207, 272.890991211, 473.308105469, 404.559509277, -236.804367065, 389.556488037, -245.250686646, 321.77041626, -188.005020142, 307.917266846, -153.465408325, 139.449020386], [893.206604004, 272.890991211, 2100.69213867, 557.31829834, 313.393768311, 174.056762695, -97.7738189697, 254.562728882, 21.4862327576, 267.031402588, -104.551628113, 319.214416504, -16.9338169098], [138.083358765, 473.308105469, 557.31829834, 592.249511719, 208.591430664, 146.650192261, 83.1128234863, 66.8574905396, 136.166000366, 34.2802429199, 57.2740936279, 68.3643341064, 82.935295105], [149.197433472, 404.559509277, 313.393768311, 208.591430664, 422.801971436, 98.5336532593, 180.730331421, 57.961479187, 63.4928817749, 68.6676940918, 50.388923645, 64.2828521729, 38.2335739136], [693.797607422, -236.804367065, 174.056762695, 146.650192261, 98.5336532593, 468.821563721, 148.007217407, 162.042922974, -3.94390821457, 75.4778900146, 41.1088790894, 65.885635376, 27.7577629089], [-137.588790894, 389.556488037, -97.7738189697, 83.1128234863, 180.730331421, 148.007217407, 397.535766602, 16.8148174286, 86.6390914917, -19.0956439972, 85.1950073242, -19.8577804565, 34.5798454285], [631.054870605, -245.250686646, 254.562728882, 66.8574905396, 57.961479187, 162.042922974, 16.8148174286, 305.04397583, 33.4337043762, 87.3069915771, -46.5747261047, 74.5890045166, 41.6334838867], [-199.861984253, 321.77041626, 21.4862327576, 136.166000366, 63.4928817749, -3.94390821457, 86.6390914917, 33.4337043762, 214.603805542, -15.8216238022, 37.1598587036, -30.7811756134, 58.0194740295], [333.479797363, -188.005020142, 267.031402588, 34.2802429199, 68.6676940918, 75.4778900146, -19.0956439972, 87.3069915771, -15.8216238022, 185.144744873, -21.3820571899, 95.1130142212, -35.3153686523], [-211.575942993, 307.917266846, -104.551628113, 57.2740936279, 50.388923645, 41.1088790894, 85.1950073242, -46.5747261047, 37.1598587036, -21.3820571899, 213.45173645, -23.7836933136, 35.1560401917], [356.006652832, -153.465408325, 319.214416504, 68.3643341064, 64.2828521729, 65.885635376, -19.8577804565, 74.5890045166, -30.7811756134, 95.1130142212, -23.7836933136, 171.685958862, 0.715429663658], [-50.0086517334, 139.449020386, -16.9338169098, 82.935295105, 38.2335739136, 27.7577629089, 34.5798454285, 41.6334838867, 58.0194740295, -35.3153686523, 35.1560401917, 0.715429663658, 138.220611572]],
        "icov": [[0.000472310843179, 0.000151347398059, -3.10938703478e-05, -5.03253104398e-05, -0.000212769999052, -0.000413935515098, 0.000203570685699, -0.000576516264118, 0.000204478492378, 0.000104524100607, 7.81909184298e-05, -0.000265092210611, 0.000231642377912], [0.000151347398059, 0.00169569684658, -0.000599131628405, -0.000539018539712, -0.000855691207107, 0.00115800776985, -0.00108975754119, 0.000641077000182, -0.000796716893092, 0.000954679271672, -0.00146914902143, 0.00112825166434, -0.000376126845367], [-3.10938703478e-05, -0.000599131628405, 0.00124695664272, -0.000686366402078, -5.82574357395e-05, -0.000314495380735, 0.000764373980928, -0.000625545915682, 0.000390005268855, -0.000697190058418, 0.000850087730214, -0.00144246418495, 0.000683680467773], [-5.03253104398e-05, -0.000539018539712, -0.000686366402078, 0.00362200639211, -0.000468422862468, -0.00130980752874, 0.000657070020679, 0.000515028135851, -0.0014860117808, 0.000319156708429, 3.12615229632e-05, -0.000448193459306, -0.000958993448876], [-0.000212769999052, -0.000855691207107, -5.82574357395e-05, -0.000468422862468, 0.00448406068608, -1.25119104268e-05, -0.00144073914271, -0.000129482359625, 0.000510098005179, -0.00169899163302, 0.000355541182216, -0.000729276158381, -0.000513017585035], [-0.000413935515098, 0.00115800776985, -0.000314495380735, -0.00130980752874, -1.25119104268e-05, 0.00495951808989, -0.00252484926023, -0.000633328047115, 0.000559092324693, -0.000153722678078, -0.0018766351277, 0.00101198535413, -0.000542653491721], [0.000203570685699, -0.00108975754119, 0.000764373980928, 0.000657070020679, -0.00144073914271, -0.00252484926023, 0.00528013426811, -0.000589168455917, -0.000779571768362, 0.000360029225703, 0.000469924591016, -0.000982046942227, 0.000939323683269], [-0.000576516264118, 0.000641077000182, -0.000625545915682, 0.000515028135851, -0.000129482359625, -0.000633328047115, -0.000589168455917, 0.006693481002, -0.00196672626771, -0.00125447509345, 0.000605378008913, 0.00047893988085, -0.0025981918443], [0.000204478492378, -0.000796716893092, 0.000390005268855, -0.0014860117808, 0.000510098005179, 0.000559092324693, -0.000779571768362, -0.00196672626771, 0.00780064426363, -0.00120137655176, 0.000477465277072, 0.00122506532352, -0.00135788193438], [0.000104524100607, 0.000954679271672, -0.000697190058418, 0.000319156708429, -0.00169899163302, -0.000153722678078, 0.000360029225703, -0.00125447509345, -0.00120137655176, 0.0103566432372, -0.00128878536634, -0.00305668869987, 0.00308039342053], [7.81909184298e-05, -0.00146914902143, 0.000850087730214, 3.12615229632e-05, 0.000355541182216, -0.0018766351277, 0.000469924591016, 0.000605378008913, 0.000477465277072, -0.00128878536634, 0.00733707286417, -0.000870589283295, -0.000816867861431], [-0.000265092210611, 0.00112825166434, -0.00144246418495, -0.000448193459306, -0.000729276158381, 0.00101198535413, -0.000982046942227, 0.00047893988085, 0.00122506532352, -0.00305668869987, -0.000870589283295, 0.0116077540442, -0.00217592855915], [0.000231642377912, -0.000376126845367, 0.000683680467773, -0.000958993448876, -0.000513017585035, -0.000542653491721, 0.000939323683269, -0.0025981918443, -0.00135788193438, 0.00308039342053, -0.000816867861431, -0.00217592855915, 0.0107318088412]]
    },
    "melbands": {
        "dmean": [0.00127898005303, 0.000903579581063, 0.000258294196101, 0.000258034473518, 0.000198611975065, 0.000154095323524, 8.89416842256e-05, 6.693819887e-05, 0.000168528742506, 0.000188805002836, 0.000239472603425, 0.000213956736843, 0.000177425899892, 0.000148654406075, 9.45183055592e-05, 4.05290193157e-05, 3.58623256034e-05, 2.63385518338e-05, 1.80565439223e-05, 1.30134112624e-05, 1.04612054201e-05, 1.07843070509e-05, 7.47043486626e-06, 6.60571822664e-06, 6.46735952614e-06, 4.46964986622e-06, 4.71457497042e-06, 3.92682250094e-06, 1.55873510721e-06, 1.26682550672e-06, 1.43392946939e-06, 1.65676067354e-06, 1.7269816226e-06, 1.62263745551e-06, 1.31127478653e-06, 1.01022385479e-06, 8.7519185854e-07, 7.00268003584e-07, 6.25100597063e-07, 9.24486073473e-07],
        "dmean2": [0.00200191885233, 0.00142366043292, 0.000431613472756, 0.000434717425378, 0.000325703062117, 0.000248561700573, 0.000142178862006, 0.000104120787, 0.000267422670731, 0.000294388213661, 0.000376919429982, 0.000340005877661, 0.000275531900115, 0.000231811907724, 0.000145881669596, 6.52561648167e-05, 5.76639904466e-05, 4.09108251915e-05, 2.87548118649e-05, 2.05926662602e-05, 1.64224984474e-05, 1.68692331499e-05, 1.21267103168e-05, 1.06732068161e-05, 1.0558392205e-05, 7.25023846826e-06, 7.49268701838e-06, 6.19828279014e-06, 2.57191709352e-06, 2.07423863685e-06, 2.34867866311e-06, 2.71142562269e-06, 2.8182278129e-06, 2.54726501225e-06, 2.05286232813e-06, 1.58773093517e-06, 1.38428174523e-06, 1.08968083623e-06, 9.75506054601e-07, 1.51169342644e-06],
        "dvar": [1.01873129097e-05, 6.22038714937e-06, 4.07853633533e-07, 7.32749128929e-07, 2.25537590381e-07, 1.08129050602e-07, 3.78782125665e-08, 2.70367532806e-08, 2.19987057903e-07, 2.00250127591e-07, 3.21791731039e-07, 2.75767945368e-07, 2.21997254357e-07, 1.39752444284e-07, 6.34138359601e-08, 1.09127773484e-08, 6.72784628009e-09, 3.96030896965e-09, 1.63898261629e-09, 1.01978880895e-09, 1.45986656097e-09, 1.44341893993e-09, 3.30284660732e-10, 1.93257215786e-10, 1.85322576729e-10, 7.58222790109e-11, 8.66821267542e-11, 7.57049700706e-11, 9.69701575981e-12, 9.60664187089e-12, 2.06891604543e-11, 3.10567092876e-11, 2.99213952226e-11, 1.36593869896e-11, 1.0038709447e-11, 8.83813768698e-12, 7.16078411844e-12, 4.77759455261e-12, 6.19640189853e-12, 7.13641437611e-11],
        "dvar2": [2.56126058957e-05, 1.45711428559e-05, 1.00811917036e-06, 1.95707161765e-06, 5.92241690356e-07, 2.58126163999e-07, 9.43484721461e-08, 5.59911050857e-08, 5.35222795861e-07, 4.68051069902e-07, 7.95307926182e-07, 6.65833510993e-07, 5.21441677392e-07, 3.55802399099e-07, 1.43212275816e-07, 2.53573535502e-08, 1.70768714725e-08, 8.22694268265e-09, 3.92446652953e-09, 2.23198171057e-09, 3.2483953305e-09, 2.89798229858e-09, 7.79781350602e-10, 4.53664800171e-10, 4.52685527952e-10, 1.66333974372e-10, 1.97415056524e-10, 1.6594692287e-10, 2.42329472461e-11, 2.42918862109e-11, 5.15289547143e-11, 7.49370010489e-11, 7.15005624152e-11, 3.02249614226e-11, 2.25499115908e-11, 1.89083349672e-11, 1.70893143386e-11, 1.0399745301e-11, 1.22789781815e-11, 1.91995613852e-10],
        "max": [0.0412794984877, 0.0321723036468, 0.00926097389311, 0.0166993569583, 0.00965558644384, 0.00770424446091, 0.00450773909688, 0.00418546423316, 0.0135582285002, 0.00947007071227, 0.00986832566559, 0.0147438114509, 0.0100145107135, 0.00858397502452, 0.0076277400367, 0.00286988983862, 0.00262180902064, 0.00241142883897, 0.00117172673345, 0.00135700555984, 0.00200338452123, 0.00247928919271, 0.000739357376006, 0.0004979504738, 0.000591406249441, 0.000313773547532, 0.000245279225055, 0.000222940550884, 6.76899726386e-05, 0.000103035825305, 0.000114855371066, 0.00017886828573, 0.000272454431979, 0.000151727799675, 0.000112638597784, 0.000112286375952, 7.14251145837e-05, 7.48904931243e-05, 0.000134421352413, 0.000508399214596],
        "mean": [0.00203395495191, 0.00132072833367, 0.000337562320055, 0.00034015494748, 0.000337399513228, 0.000295082485536, 0.000168667393154, 0.000118342453789, 0.000317828409607, 0.000355179072358, 0.000475244800327, 0.000417176139308, 0.000356006843504, 0.00031675802893, 0.000206776385312, 7.90414924268e-05, 7.25822537788e-05, 5.3450687119e-05, 3.51684720954e-05, 2.63710007857e-05, 2.02512528631e-05, 2.18910754484e-05, 1.47556374941e-05, 1.40148722494e-05, 1.38064733619e-05, 1.00034558272e-05, 1.02495441752e-05, 8.11973768577e-06, 3.22108326145e-06, 2.44285570261e-06, 2.49900222116e-06, 2.90338175546e-06, 3.23955759995e-06, 3.33104844685e-06, 2.75413026429e-06, 1.86700071936e-06, 1.51551603267e-06, 1.24606265217e-06, 1.02151432202e-06, 1.57343788487e-06],
        "median": [0.000430910527939, 0.000380476849386, 0.000128771833261, 0.000104550192191, 0.00011655549315, 0.000127376071759, 7.5862306403e-05, 4.70169543405e-05, 7.03381301719e-05, 9.13694384508e-05, 9.47295629885e-05, 8.19468696136e-05, 4.57511523564e-05, 4.3233478209e-05, 3.05603534798e-05, 1.79124199349e-05, 1.94772001123e-05, 1.42376966323e-05, 1.06505121948e-05, 7.57861062084e-06, 6.46094440526e-06, 7.00358850736e-06, 6.44353895041e-06, 6.71666111884e-06, 6.6331049311e-06, 5.06007381773e-06, 4.91380433232e-06, 3.89126944356e-06, 1.67905523085e-06, 1.08989513592e-06, 1.01103057659e-06, 1.22496373933e-06, 1.52649397478e-06, 1.73589285168e-06, 1.43818306242e-06, 9.04924775114e-07, 6.58040164581e-07, 5.26600217654e-07, 3.60407568678e-07, 2.30532108958e-07],
        "min": [1.26824318734e-13, 7.99311246531e-13, 7.5134672789e-12, 5.00725155783e-12, 1.27526960346e-12, 1.68424887752e-12, 3.92265083263e-12, 1.86293558704e-12, 3.79665222872e-12, 3.94925672026e-12, 8.67285930573e-12, 6.27064318439e-13, 1.34875102623e-13, 1.94825384124e-12, 1.73972685216e-12, 6.86162932029e-12, 2.57956329908e-12, 1.3980410796e-12, 4.08863698106e-12, 6.91503408354e-12, 3.67245296673e-12, 3.1370082313e-12, 2.85505668586e-12, 4.1536214572e-12, 8.76053786805e-13, 5.00399678291e-12, 4.61154812254e-12, 9.24385915035e-12, 1.56622180503e-11, 5.08477678365e-12, 1.84105378512e-12, 1.79988305076e-12, 1.12800177185e-12, 5.92767859537e-13, 7.06252222503e-13, 5.08650901346e-13, 3.04900066783e-13, 2.32003977661e-13, 2.40901076214e-13, 2.40235240555e-13],
        "var": [1.55588604684e-05, 8.14143550087e-06, 4.92254059736e-07, 7.2094172765e-07, 4.63878450319e-07, 2.59809525005e-07, 7.87823992709e-08, 6.29831049537e-08, 7.71725865434e-07, 5.55545113912e-07, 9.86025156635e-07, 8.94361107839e-07, 7.74196564635e-07, 5.54398923214e-07, 3.01802344893e-07, 3.85286647031e-08, 2.13006305927e-08, 1.6697628169e-08, 5.02700014948e-09, 3.57108920213e-09, 3.90607546308e-09, 5.14408782237e-09, 8.07791777913e-10, 5.57535906331e-10, 5.71501401758e-10, 2.45205578064e-10, 2.77166206653e-10, 1.9845049215e-10, 1.98929796247e-11, 1.63694197086e-11, 2.80912931805e-11, 4.96765927005e-11, 5.87791620932e-11, 3.07980273229e-11, 2.2386703602e-11, 1.67081400798e-11, 1.08503674795e-11, 8.59437781359e-12, 1.08913260355e-11, 1.84351867105e-10]
    },
    "mfcc": {
        "mean": [-640.839172363, 110.550071716, -10.5255527496, 3.26654243469, -9.30062103271, 2.54893565178, 3.0723657608, 11.8154821396, -6.58464860916, 5.04604244232, -1.42987453938, -4.5382809639, 0.497814565897],
        "cov": [[3560.23535156, -988.562866211, 33.9744110107, -162.535217285, 154.385620117, 135.765090942, 198.742584229, 264.045654297, 227.990371704, 121.254669189, 1.01340222359, -6.37830781937, 151.168762207], [-988.562866211, 1413.13085938, 340.566589355, 442.647460938, 215.599105835, 77.0068359375, 105.587715149, 41.1405639648, -20.1431484222, 87.5681838989, 38.7035522461, 45.4542427063, 48.2612800598], [33.9744110107, 340.566589355, 1430.58178711, 507.331390381, 438.827789307, 166.221817017, 31.4356536865, 80.8609771729, 106.116668701, 27.4259796143, 38.1221084595, 86.4610824585, 61.279800415], [-162.535217285, 442.647460938, 507.331390381, 548.647460938, 277.857757568, 135.001144409, 34.6036300659, 62.0490570068, 95.1226882935, 22.4205379486, 18.5868339539, 70.5609893799, 83.6110687256], [154.385620117, 215.599105835, 438.827789307, 277.857757568, 393.078338623, 75.3865280151, 52.9009437561, 51.8946533203, 82.9818649292, 33.9814758301, 7.91558933258, 35.0808296204, 98.6869354248], [135.765090942, 77.0068359375, 166.221817017, 135.001144409, 75.3865280151, 330.329742432, 152.373550415, 108.422836304, 60.9031486511, 38.5576553345, 65.7916946411, 36.8805465698, 44.0019264221], [198.742584229, 105.587715149, 31.4356536865, 34.6036300659, 52.9009437561, 152.373550415, 297.654174805, 115.423667908, 40.5466766357, 56.8798751831, 49.7787361145, 19.1554603577, 54.993812561], [264.045654297, 41.1405639648, 80.8609771729, 62.0490570068, 51.8946533203, 108.422836304, 115.423667908, 206.160491943, 97.5121765137, 78.1679763794, 23.2780151367, 17.7405605316, 31.9101467133], [227.990371704, -20.1431484222, 106.116668701, 95.1226882935, 82.9818649292, 60.9031486511, 40.5466766357, 97.5121765137, 260.142913818, 56.4787940979, 27.5474910736, 27.013338089, 6.41297149658], [121.254669189, 87.5681838989, 27.4259796143, 22.4205379486, 33.9814758301, 38.5576553345, 56.8798751831, 78.1679763794, 56.4787940979, 144.008895874, 41.2340660095, 13.5550956726, 11.9599847794], [1.01340222359, 38.7035522461, 38.1221084595, 18.5868339539, 7.91558933258, 65.7916946411, 49.7787361145, 23.2780151367, 27.5474910736, 41.2340660095, 115.079071045, 38.9796447754, 13.8090629578], [-6.37830781937, 45.4542427063, 86.4610824585, 70.5609893799, 35.0808296204, 36.8805465698, 19.1554603577, 17.7405605316, 27.013338089, 13.5550956726, 38.9796447754, 103.384376526, 33.5662231445], [151.168762207, 48.2612800598, 61.279800415, 83.6110687256, 98.6869354248, 44.0019264221, 54.993812561, 31.9101467133, 6.41297149658, 11.9599847794, 13.8090629578, 33.5662231445, 155.159362793]],
