{
"lowlevel": {
    "average_loudness": 0.623002588749,
    "barkbands_crest": {
        "dmean": 2.50090718269,
        "dmean2": 4.09694766998,
        "dvar": 5.07773256302,
        "dvar2": 13.0161056519,
        "max": 25.5661888123,
        "mean": 11.6425924301,
        "median": 10.7242994308,
        "min": 3.01035523415,
        "var": 20.6062870026
    },
    "barkbands_flatness_db": {
        "dmean": 0.0240877289325,
        "dmean2": 0.0365118905902,
        "dvar": 0.000495367101394,
        "dvar2": 0.00103388435673,
        "max": 0.501709640026,
        "mean": 0.228699356318,
        "median": 0.227655947208,
        "min": 0.0497630797327,
        "var": 0.00507469056174
    },
    "barkbands_kurtosis": {
        "dmean": 2.98966526985,
        "dmean2": 4.73925018311,
        "dvar": 22.7844600677,
        "dvar2": 52.4049911499,
        "max": 114.299087524,
        "mean": 6.18580579758,
        "median": 3.13545131683,
        "min": -1.91589486599,
        "var": 83.5124969482
    },
    "barkbands_skewness": {
        "dmean": 0.48941347003,
        "dmean2": 0.768732368946,
        "dvar": 0.264181017876,
        "dvar2": 0.607612073421,
        "max": 9.1312456131,
        "mean": 1.62452161312,
        "median": 1.44051980972,
        "min": -4.08525943756,
        "var": 1.55186235905
    },
    "barkbands_spread": {
        "dmean": 3.40350532532,
        "dmean2": 5.25524282455,
        "dvar": 35.85597229,
        "dvar2": 75.5814437866,
        "max": 135.382736206,
        "mean": 13.1589298248,
        "median": 9.65831851959,
        "min": 0.580512285233,
        "var": 137.540634155
    },
    "dissonance": {
        "dmean": 0.0288187284023,
        "dmean2": 0.0487554781139,
        "dvar": 0.000790884310845,
        "dvar2": 0.00220630830154,
        "max": 0.500000059605,
        "mean": 0.438505649567,
        "median": 0.451096206903,
        "min": 0.125206276774,
        "var": 0.00273678335361
    },
    "dynamic_complexity": 4.48382806778,
    "erbbands_crest": {
        "dmean": 3.1439666748,
        "dmean2": 5.06154584885,
        "dvar": 7.64973497391,
        "dvar2": 19.5810623169,
        "max": 31.8540859222,
        "mean": 12.819475174,
        "median": 11.5809774399,
        "min": 2.84730839729,
        "var": 32.9467391968
    },
    "erbbands_flatness_db": {
        "dmean": 0.0204131118953,
        "dmean2": 0.0303317122161,
        "dvar": 0.000351889495505,
        "dvar2": 0.00069523579441,
        "max": 0.539557635784,
        "mean": 0.254047513008,
        "median": 0.251758933067,
        "min": 0.0265466142446,
        "var": 0.00491954246536
    },
    "erbbands_kurtosis": {
        "dmean": 1.79773378372,
        "dmean2": 2.85595035553,
        "dvar": 6.61056900024,
        "dvar2": 16.0894870758,
        "max": 72.7392349243,
        "mean": 2.97259116173,
        "median": 1.46454524994,
        "min": -1.89224815369,
        "var": 23.7564888
    },
    "erbbands_skewness": {
        "dmean": 0.426693171263,
        "dmean2": 0.6594851017,
        "dvar": 0.180788129568,
        "dvar2": 0.396493077278,
        "max": 6.93204021454,
        "mean": 1.12616920471,
        "median": 1.07473278046,
        "min": -4.48347806931,
        "var": 1.07016503811
    },
    "erbbands_spread": {
        "dmean": 5.66708803177,
        "dmean2": 8.72132301331,
        "dvar": 58.3798942566,
        "dvar2": 127.293174744,
        "max": 126.195037842,
        "mean": 24.5611457825,
        "median": 20.083240509,
        "min": 0.970480263233,
        "var": 272.050231934
    },
    "hfc": {
        "dmean": 4.40460014343,
        "dmean2": 6.83892393112,
        "dvar": 54.1241035461,
        "dvar2": 128.863464355,
        "max": 254.206268311,
        "mean": 17.2490921021,
        "median": 11.0139188766,
        "min": 4.07984149936e-12,
        "var": 349.015960693
    },
    "melbands_crest": {
        "dmean": 3.03051733971,
        "dmean2": 4.99221992493,
        "dvar": 7.28405237198,
        "dvar2": 19.5051784515,
        "max": 33.7160339355,
        "mean": 14.9124336243,
        "median": 14.2420902252,
        "min": 2.5316400528,
        "var": 28.5245723724
    },
    "melbands_flatness_db": {
        "dmean": 0.0255226194859,
        "dmean2": 0.0378859564662,
        "dvar": 0.000627641042229,
        "dvar2": 0.0012160751503,
        "max": 0.676594555378,
        "mean": 0.263360202312,
        "median": 0.252282053232,
        "min": 0.0222869105637,
        "var": 0.00834770221263
    },
    "melbands_kurtosis": {
        "dmean": 5.16541194916,
        "dmean2": 8.24220848083,
        "dvar": 70.1380844116,
        "dvar2": 164.362289429,
        "max": 251.307403564,
        "mean": 11.6312637329,
        "median": 6.67240428925,
        "min": -1.88259983063,
        "var": 230.2918396
    },
    "melbands_skewness": {
        "dmean": 0.596344351768,
        "dmean2": 0.938767492771,
        "dvar": 0.373574018478,
        "dvar2": 0.899594068527,
        "max": 10.9707241058,
        "mean": 2.16217494011,
        "median": 1.92987728119,
        "min": -1.89082229137,
        "var": 2.02649760246
    },
    "melbands_spread": {
        "dmean": 4.65042066574,
        "dmean2": 7.11444187164,
        "dvar": 107.108337402,
        "dvar2": 206.012619019,
        "max": 322.729034424,
        "mean": 16.8877029419,
        "median": 11.9671173096,
        "min": 0.888507008553,
        "var": 455.797241211
    },
    "pitch_salience": {
        "dmean": 0.0650959834456,
        "dmean2": 0.106664374471,
        "dvar": 0.00353505695239,
        "dvar2": 0.00934736151248,
        "max": 0.983317136765,
        "mean": 0.540948390961,
        "median": 0.544751405716,
        "min": 0.121567972004,
        "var": 0.0168857239187
    },
    "silence_rate_20dB": {
        "dmean": 0,
        "dmean2": 0,
        "dvar": 0,
        "dvar2": 0,
        "max": 1,
        "mean": 1,
        "median": 1,
        "min": 1,
        "var": 0
    },
    "silence_rate_30dB": {
        "dmean": 0.0011361053912,
        "dmean2": 0.00227246899158,
        "dvar": 0.00113479036372,
        "dvar2": 0.00249457196333,
        "max": 1,
        "mean": 0.998750448227,
        "median": 1,
        "min": 0,
        "var": 0.00124809041154
    },
    "silence_rate_60dB": {
        "dmean": 0.0252215396613,
        "dmean2": 0.050335187465,
        "dvar": 0.024588432163,
        "dvar2": 0.0571179687977,
        "max": 1,
        "mean": 0.160399869084,
        "median": 0,
        "min": 0,
        "var": 0.134692117572
    },
    "spectral_centroid": {
        "dmean": 184.945007324,
        "dmean2": 282.014892578,
        "dvar": 77159.4453125,
        "dvar2": 150622.171875,
        "max": 7221.84912109,
        "mean": 1147.37695312,
        "median": 1002.22955322,
        "min": 183.189346313,
        "var": 516406.0625
    },
    "spectral_complexity": {
        "dmean": 2.19700074196,
        "dmean2": 3.60504484177,
        "dvar": 5.37023925781,
        "dvar2": 12.9171800613,
        "max": 49,
        "mean": 13.9890947342,
        "median": 13,
        "min": 0,
        "var": 70.3891525269
    },
    "spectral_decrease": {
        "dmean": 1.54442558742e-09,
        "dmean2": 2.50012099912e-09,
        "dvar": 4.71694698507e-18,
        "dvar2": 1.27690837184e-17,
        "max": 4.08214961833e-10,
        "mean": -5.61745094885e-09,
        "median": -4.86163198588e-09,
        "min": -3.76544342373e-08,
        "var": 2.31709733927e-17
    },
    "spectral_energy": {
        "dmean": 0.0061548394151,
        "dmean2": 0.00994508434087,
        "dvar": 7.34966306482e-05,
        "dvar2": 0.000198875684873,
        "max": 0.153190866113,
        "mean": 0.0227660816163,
        "median": 0.0198405906558,
        "min": 4.41325156055e-16,
        "var": 0.000370934489183
    },
    "spectral_energyband_high": {
        "dmean": 0.000198879046366,
        "dmean2": 0.0002893024066,
        "dvar": 4.05204247045e-07,
        "dvar2": 8.01446276455e-07,
        "max": 0.0217574164271,
        "mean": 0.000498066656291,
        "median": 0.000159013681696,
        "min": 3.24310227839e-16,
        "var": 1.43093905081e-06
    },
    "spectral_energyband_low": {
        "dmean": 0.00220716022886,
        "dmean2": 0.00367672485299,
        "dvar": 2.63986603386e-05,
        "dvar2": 7.34907080187e-05,
        "max": 0.100017219782,
        "mean": 0.00569665431976,
        "median": 0.000603608554229,
        "min": 1.01916906729e-17,
        "var": 9.08399379114e-05
    },
    "spectral_energyband_middle_high": {
        "dmean": 0.00170742836781,
        "dmean2": 0.00279235793278,
        "dvar": 1.46551265061e-05,
        "dvar2": 4.30334293924e-05,
        "max": 0.126322597265,
        "mean": 0.00522885331884,
        "median": 0.00204161112197,
        "min": 8.4916343364e-17,
        "var": 6.54303003103e-05
    },
    "spectral_energyband_middle_low": {
        "dmean": 0.00420327112079,
        "dmean2": 0.00671529211104,
        "dvar": 4.26545921073e-05,
        "dvar2": 0.000108068903501,
        "max": 0.136463940144,
        "mean": 0.011867585592,
        "median": 0.007774815429,
        "min": 1.83485319282e-17,
        "var": 0.000164615601534
    },
    "spectral_entropy": {
        "dmean": 0.161583334208,
        "dmean2": 0.241709947586,
        "dvar": 0.0279833767563,
        "dvar2": 0.0519439429045,
        "max": 8.91027355194,
        "mean": 7.10063552856,
        "median": 7.16504001617,
        "min": 4.92263507843,
        "var": 0.324086904526
    },
    "spectral_flux": {
        "dmean": 0.0172397922724,
        "dmean2": 0.0282995384187,
        "dvar": 0.000364467152394,
        "dvar2": 0.000925192725845,
        "max": 0.251080185175,
        "mean": 0.0658336207271,
        "median": 0.0618972145021,
        "min": 3.06024849124e-05,
        "var": 0.00155675015412
    },
    "spectral_kurtosis": {
        "dmean": 3.96892356873,
        "dmean2": 6.65377521515,
        "dvar": 96.7147903442,
        "dvar2": 240.265686035,
        "max": 313.947998047,
        "mean": 7.37702655792,
        "median": 4.0257897377,
        "min": -1.24219691753,
        "var": 241.167556763
    },
    "spectral_rms": {
        "dmean": 0.000586028967518,
        "dmean2": 0.000931140151806,
        "dvar": 4.13215417439e-07,
        "dvar2": 1.04252774236e-06,
        "max": 0.0122251585126,
        "mean": 0.00421148678288,
        "median": 0.00439962185919,
        "min": 6.56171561531e-10,
        "var": 4.47418187832e-06
    },
    "spectral_rolloff": {
        "dmean": 311.297943115,
        "dmean2": 534.32989502,
        "dvar": 567254.6875,
        "dvar2": 1227338.125,
        "max": 18432.421875,
        "mean": 1263.49353027,
        "median": 796.728515625,
        "min": 86.1328125,
        "var": 2456036
    },
    "spectral_skewness": {
        "dmean": 0.354866087437,
        "dmean2": 0.580247700214,
        "dvar": 0.241073697805,
        "dvar2": 0.612693548203,
        "max": 13.8129892349,
        "mean": 1.68681716919,
        "median": 1.50161767006,
        "min": -0.600503861904,
        "var": 1.12255704403
    },
    "spectral_spread": {
        "dmean": 375962.25,
        "dmean2": 554901.25,
        "dvar": 278314614784,
        "dvar2": 466018205696,
        "max": 17870574,
        "mean": 3474196.25,
        "median": 3255853.75,
        "min": 416913.625,
        "var": 2.64208908288e+12
    },
    "spectral_strongpeak": {
        "dmean": 0.586049437523,
        "dmean2": 0.969048917294,
        "dvar": 1.10758709908,
        "dvar2": 2.9337310791,
        "max": 26.3274707794,
        "mean": 1.3958261013,
        "median": 0.704382419586,
        "min": 0,
        "var": 3.16595625877
    },
    "zerocrossingrate": {
        "dmean": 0.00658835750073,
        "dmean2": 0.00782592594624,
        "dvar": 0.000145431069541,
        "dvar2": 0.000160682946444,
        "max": 0.54150390625,
        "mean": 0.0480211265385,
        "median": 0.03955078125,
        "min": 0.00439453125,
        "var": 0.00192024896387
    },
    "barkbands": {
        "dmean": [3.90553250327e-05, 0.00146332278382, 0.00105487101246, 0.000363678555004, 0.000629031390417, 0.000626315362751, 0.000981204793788, 0.0011146068573, 0.00187706830911, 0.000919668469578, 0.000662583508529, 0.000262524961727, 0.000359043799108, 0.000262311223196, 0.000122807527077, 7.0721936936e-05, 7.53962085582e-05, 5.92991709709e-05, 0.000167850987054, 8.26435425552e-05, 7.39612296456e-05, 4.90112615807e-05, 2.75411821349e-05, 2.58359141299e-05, 2.75299335044e-05, 1.12036095743e-05, 2.52724726124e-06],
        "dmean2": [5.97979123995e-05, 0.00240305089392, 0.00182938936632, 0.000624260748737, 0.00101539376192, 0.000962927995715, 0.00154007319361, 0.00173171679489, 0.00297394045629, 0.00155540602282, 0.00109171983786, 0.000427673163358, 0.000597750942688, 0.00042913784273, 0.000196842112928, 0.000112170673674, 0.000124070546008, 9.81187840807e-05, 0.00026195627288, 0.000124621641589, 0.000111882873171, 7.28264785721e-05, 4.13262969232e-05, 3.8345977373e-05, 4.22146040364e-05, 1.8443686713e-05, 3.91395860788e-06],
        "dvar": [1.21124887897e-08, 1.60088420671e-05, 6.60577825329e-06, 1.15602847472e-06, 1.93151981875e-06, 2.30304362958e-06, 7.08021116225e-06, 1.12955694931e-05, 2.40636436502e-05, 1.07976620711e-05, 2.77565072793e-06, 4.79489585814e-07, 8.66634593422e-07, 4.35663395137e-07, 1.06826760771e-07, 4.44223040574e-08, 3.42003154685e-08, 1.88924698108e-08, 1.42368705269e-07, 4.28465902758e-08, 4.36483951205e-08, 2.0531048861e-08, 2.53555079155e-08, 3.18469730587e-08, 8.77997763382e-08, 1.1651798637e-08, 1.80147241569e-09],
        "dvar2": [2.59249990364e-08, 4.20298601966e-05, 1.90384507732e-05, 3.25627570419e-06, 5.10336758452e-06, 5.06403557665e-06, 1.77936854016e-05, 2.69121810561e-05, 5.97841753915e-05, 3.27868146996e-05, 7.50503204472e-06, 1.16266880923e-06, 2.2930837531e-06, 1.12589862056e-06, 2.52944118984e-07, 9.47088096837e-08, 8.47421830485e-08, 4.92258749318e-08, 3.30819119654e-07, 9.09976520802e-08, 8.95349430152e-08, 3.99814297225e-08, 5.63310749158e-08, 6.04885528332e-08, 2.27183846846e-07, 3.07485557016e-08, 3.84341536375e-09],
        "max": [0.00225455826148, 0.0811905115843, 0.0421526692808, 0.0268034152687, 0.0205393526703, 0.0378445014358, 0.0812567621469, 0.107077248394, 0.135698631406, 0.109431773424, 0.0285192765296, 0.0176658779383, 0.0262186825275, 0.0177723504603, 0.0102706784382, 0.0090912245214, 0.00719327898696, 0.00395653676242, 0.00954311154783, 0.00796102546155, 0.00725470669568, 0.00355267478153, 0.00892326515168, 0.00775849027559, 0.0178025588393, 0.007408330217, 0.00342362071387],
        "mean": [6.26908658887e-05, 0.00334382802248, 0.00198438344523, 0.000582076376304, 0.00133417034522, 0.00141407095362, 0.00181963550858, 0.0021787059959, 0.00410119909793, 0.00160539464559, 0.00111860770267, 0.000455301429611, 0.000632268551271, 0.000497439119499, 0.000225953641348, 0.000123666613945, 0.000145632075146, 0.00012482618331, 0.000404992169933, 0.000194528998691, 0.000157144182594, 0.000102235346276, 4.73049731227e-05, 3.67879692931e-05, 4.6076005674e-05, 2.09625504795e-05, 6.2343292484e-06],
        "median": [1.61049490544e-06, 0.000196031076484, 0.000175932582351, 0.000136740040034, 0.000547644740436, 0.000362566439435, 0.000374401162844, 0.000287899747491, 0.00059663830325, 0.000270349730272, 0.000214739411604, 0.000106587263872, 0.000130424406962, 9.31305476115e-05, 4.85549571749e-05, 3.09309652948e-05, 4.12302542827e-05, 2.26412466873e-05, 7.49778409954e-05, 4.25686703238e-05, 5.36263651156e-05, 3.24921456922e-05, 1.09717266241e-05, 3.88700073017e-06, 9.19405181321e-07, 2.54231258268e-09, 3.12596809549e-10],
        "min": [3.0277945434e-18, 4.45809528803e-18, 2.84556541368e-18, 2.70007592446e-18, 5.87030021599e-18, 4.35062839644e-18, 2.77456353862e-18, 1.4596691719e-18, 9.30594422542e-19, 1.38244462388e-18, 3.48996640782e-18, 8.63132280798e-18, 1.3200399678e-17, 1.32386203854e-17, 7.55650251801e-18, 1.40317470061e-18, 7.9914762703e-18, 1.92721452565e-17, 6.55518715162e-18, 1.11639786172e-17, 1.03134938453e-17, 1.09159319669e-17, 1.18385717037e-17, 4.1556369452e-17, 7.47066118819e-17, 1.20155858733e-16, 4.86636144629e-17],
        "var": [2.52340122131e-08, 4.14519454353e-05, 1.56177538884e-05, 1.75361105903e-06, 4.41174597654e-06, 9.70362907537e-06, 2.18213590415e-05, 4.06830222346e-05, 9.03683758224e-05, 2.5070277843e-05, 5.6645458244e-06, 1.01716580048e-06, 1.86021031823e-06, 1.13364103527e-06, 2.61366125187e-07, 1.10806212206e-07, 8.52729087342e-08, 6.35660555304e-08, 6.30622878361e-07, 1.88826064118e-07, 1.17769907604e-07, 5.57539721058e-08, 3.52900570988e-08, 5.41137907817e-08, 2.41171278503e-07, 5.81331391913e-08, 9.4825312047e-09]
    },
    "erbbands": {
        "dmean": [0.0341308414936, 0.373738437891, 1.1986502409, 1.06577217579, 1.55869603157, 2.3330283165, 3.59195899963, 5.51367473602, 10.5800867081, 21.3222122192, 26.7853107452, 47.8319358826, 24.4817028046, 25.3740978241, 24.1405849457, 10.2611255646, 15.6712446213, 12.6862659454, 8.19855499268, 4.91564083099, 3.50463175774, 3.52716255188, 2.84547328949, 5.48349571228, 8.73044109344, 4.16244316101, 2.67865586281, 2.95890903473, 1.91969466209, 1.0156545639, 0.82917112112, 0.689974725246, 0.341952294111, 0.416037142277, 0.132047578692, 0.0515800751746, 0.0275348797441, 0.00246827024966, 0.00050567346625, 3.44841537299e-05],
        "dmean2": [0.0533174350858, 0.621294379234, 2.06359195709, 1.81397390366, 2.62150239944, 3.73831009865, 5.46510696411, 8.61301994324, 16.5354309082, 34.1644096375, 40.8242759705, 75.331489563, 41.0970306396, 42.4794998169, 39.9632797241, 16.6340694427, 25.7342185974, 21.2314910889, 13.037689209, 7.7975320816, 5.3911652565, 5.76924514771, 4.71157312393, 8.82861232758, 13.4206323624, 6.25317955017, 4.09348630905, 4.4086356163, 2.86997699738, 1.51593291759, 1.21902287006, 1.04111015797, 0.492643535137, 0.639686107635, 0.205283388495, 0.0851834341884, 0.0441599078476, 0.00400487799197, 0.000763093470596, 5.30328397872e-05],
        "dvar": [0.0108686173335, 0.991447031498, 7.9660243988, 9.03336524963, 17.9742393494, 28.090341568, 91.0629577637, 205.49420166, 1036.60302734, 4319.8203125, 5479.78027344, 16949.765625, 4219.5390625, 9503.859375, 4422.97119141, 727.90612793, 1736.44494629, 1035.83203125, 426.33416748, 240.633865356, 112.978683472, 59.7348060608, 38.2767677307, 163.506637573, 413.485046387, 108.78678894, 48.2698516846, 89.2571182251, 35.1062469482, 9.23342037201, 26.3730773926, 23.5906524658, 5.54994726181, 24.2964801788, 1.10108137131, 0.15369951725, 0.184851765633, 0.000693445559591, 6.77829157212e-05, 4.27148421522e-07],
        "dvar2": [0.0242496971041, 2.72375822067, 23.1094913483, 25.5488624573, 49.6192703247, 72.986328125, 189.35798645, 462.899963379, 2531.10180664, 11233.6035156, 13311.1044922, 40786.1289062, 12209.0986328, 28338.9433594, 12263.0527344, 1820.83325195, 4513.07373047, 2828.77148438, 1026.15539551, 546.030456543, 208.752532959, 150.240463257, 101.853187561, 410.38394165, 948.768188477, 222.127365112, 103.299560547, 183.137756348, 70.1260452271, 18.5565605164, 58.0649108887, 46.2047576904, 10.8533468246, 62.5492134094, 2.85173726082, 0.390443772078, 0.50347006321, 0.00179983756971, 0.000140217671287, 8.96156564067e-07],
        "max": [2.29531741142, 19.2185688019, 47.1986808777, 80.4039764404, 79.4359893799, 118.422164917, 395.351470947, 446.611450195, 886.783203125, 2232.17797852, 2187.47607422, 3530.23217773, 1188.30224609, 3972.49438477, 1359.97583008, 886.62677002, 1348.81567383, 781.322998047, 536.23828125, 680.287963867, 607.73840332, 222.894775391, 150.635803223, 279.883239746, 581.731750488, 309.43347168, 232.979660034, 312.786956787, 165.877105713, 76.2953414917, 281.812957764, 200.776824951, 93.4086990356, 291.09475708, 63.0568199158, 17.3976745605, 28.68019104, 1.90275537968, 0.625681340694, 0.060227740556],
        "mean": [0.066458158195, 0.843746066093, 2.49429225922, 1.98892533779, 2.7577624321, 4.94712162018, 7.66795301437, 12.2473163605, 21.223361969, 40.3123970032, 58.2638397217, 105.032821655, 46.1352233887, 48.9483680725, 44.1404190063, 20.5206317902, 29.0308666229, 25.3375434875, 17.3779373169, 9.89052295685, 7.1912279129, 7.55399894714, 6.79881715775, 13.0288496017, 20.8968391418, 10.3494434357, 6.09433841705, 6.20756530762, 4.02344560623, 2.11448144913, 1.38014471531, 0.976324677467, 0.501232147217, 0.708804547787, 0.207820728421, 0.0788254365325, 0.0483359731734, 0.00563209364191, 0.00131016038358, 9.46161308093e-05],
        "median": [0.00245242426172, 0.0550680793822, 0.20349611342, 0.463745176792, 0.915703952312, 1.83818936348, 2.47197318077, 3.28226661682, 5.22087526321, 7.01725625992, 12.8622179031, 16.5352420807, 10.7179689407, 11.4427518845, 8.96275520325, 5.71741247177, 6.76411390305, 5.60250902176, 3.5955862999, 2.3171544075, 2.04982352257, 2.38415765762, 1.7569642067, 2.78743481636, 3.76447939873, 2.24585008621, 1.96608436108, 2.06399178505, 1.34301674366, 0.610589742661, 0.286117076874, 0.119057871401, 0.0458911433816, 0.0147352963686, 0.00299578160048, 0.000248699681833, 2.88800729322e-05, 5.81408949074e-06, 1.28573292386e-05, 2.49612076004e-05],
        "min": [1.63422275209e-16, 9.0100631017e-16, 2.94607630527e-15, 6.84019974248e-15, 1.29259557092e-14, 2.08469902446e-14, 2.95148393302e-14, 3.68810850729e-14, 4.02774601865e-14, 3.76351951177e-14, 2.92683222493e-14, 2.15063901475e-14, 2.97348849373e-14, 7.91800164931e-14, 1.9604624998e-13, 3.84186091143e-13, 5.89711385193e-13, 6.86858068252e-13, 5.48781126878e-13, 2.32951109574e-13, 1.03979277716e-13, 4.97051455984e-13, 1.00047162395e-12, 7.31983213192e-13, 1.54247505068e-13, 5.35025637075e-13, 6.91023410368e-13, 2.39707803303e-13, 3.91342530213e-13, 4.34631524564e-13, 3.07845058039e-13, 7.6535961813e-13, 6.94427317299e-13, 6.64957780679e-13, 6.72478349048e-13, 4.6157137357e-13, 2.10591879221e-13, 5.33563942811e-14, 7.58311328227e-15, 6.23230219568e-16],
        "var": [0.0234478358179, 2.60513949394, 22.2150344849, 15.1964702606, 26.7568855286, 72.4599838257, 274.327575684, 812.253173828, 3654.93652344, 11262.2929688, 21012.5136719, 62751.3710938, 10595.03125, 23631.5058594, 9697.47851562, 1612.00439453, 3889.51635742, 2561.34082031, 1360.2010498, 548.061340332, 395.305328369, 188.514831543, 148.597473145, 601.667053223, 1842.38049316, 502.728210449, 145.06237793, 222.580474854, 89.0245819092, 23.052192688, 36.974822998, 37.6138038635, 9.44977760315, 65.6106185913, 3.20076012611, 0.421661019325, 0.555053472519, 0.00500050000846, 0.000397596915718, 1.71958834017e-06]
    },
    "gfcc": {
        "mean": [-87.7567214966, 128.154800415, -159.213943481, 22.175403595, -82.4314193726, -2.73295664787, -13.9420309067, -8.29396915436, -12.1433753967, -8.46582126617, -7.6314201355, -14.4441671371, -5.17167663574],
        "cov": [[10534.96875, -2963.20996094, 160.457504272, 1232.71948242, -250.823898315, 1701.31567383, -255.843902588, 1264.09643555, -268.461212158, 610.203613281, 42.4433898926, -16.252904892, -86.2420883179], [-2963.20996094, 3937.69824219, 1507.9395752, 458.911712646, 864.881225586, -711.083984375, 647.260192871, -618.852050781, 390.510375977, -109.464256287, 197.806716919, 24.0535469055, 39.2353248596], [160.457504272, 1507.9395752, 3192.16967773, 975.352966309, 487.140136719, 286.09274292, -103.79850769, 110.416877747, -73.8688659668, 397.550628662, -13.2828826904, 235.993133545, -0.47673162818], [1232.71948242, 458.911712646, 975.352966309, 1035.19226074, 166.164138794, 290.241333008, 59.6357841492, 56.8768196106, 96.1410827637, 143.114746094, 43.5886421204, -7.43480300903, 10.2026443481], [-250.823898315, 864.881225586, 487.140136719, 166.164138794, 789.697509766, 80.5116271973, 278.550842285, 104.18296814, -2.28194355965, 78.222076416, 2.72118067741, 74.6139602661, -54.0378036499], [1701.31567383, -711.083984375, 286.09274292, 290.241333008, 80.5116271973, 749.248291016, -10.8127555847, 383.215545654, -116.312255859, 107.012245178, 14.4125652313, 3.39859819412, -39.4679336548], [-255.843902588, 647.260192871, -103.79850769, 59.6357841492, 278.550842285, -10.8127555847, 514.143798828, -37.4327697754, 118.66708374, -40.2170410156, 63.5684700012, -30.3610649109, -53.2900276184], [1264.09643555, -618.852050781, 110.416877747, 56.8768196106, 104.18296814, 383.215545654, -37.4327697754, 448.242034912, -113.759269714, 140.909317017, -10.6510639191, 24.7025051117, -19.1866817474], [-268.461212158, 390.510375977, -73.8688659668, 96.1410827637, -2.28194355965, -116.312255859, 118.66708374, -113.759269714, 280.786437988, -61.0711402893, 50.2772293091, -44.1624031067, 22.0759544373], [610.203613281, -109.464256287, 397.550628662, 143.114746094, 78.222076416, 107.012245178, -40.2170410156, 140.909317017, -61.0711402893, 252.143859863, -22.7203445435, 71.001159668, -3.95040011406], [42.4433898926, 197.806716919, -13.2828826904, 43.5886421204, 2.72118067741, 14.4125652313, 63.5684700012, -10.6510639191, 50.2772293091, -22.7203445435, 171.941833496, -5.12863397598, 21.3245162964], [-16.252904892, 24.0535469055, 235.993133545, -7.43480300903, 74.6139602661, 3.39859819412, -30.3610649109, 24.7025051117, -44.1624031067, 71.001159668, -5.12863397598, 168.149108887, -4.35798454285], [-86.2420883179, 39.2353248596, -0.47673162818, 10.2026443481, -54.0378036499, -39.4679336548, -53.2900276184, -19.1866817474, 22.0759544373, -3.95040011406, 21.3245162964, -4.35798454285, 133.185806274]],
        "icov": [[0.000241958230617, 4.33670829807e-05, 0.000117563686217, -0.000315043143928, 0.000124277590658, -0.000207936012885, 2.5530498533e-05, -0.000353987677954, 5.2732293625e-06, -0.000321954925312, -9.61997939157e-05, -1.8545475541e-05, 0.000120851218526], [4.33670829807e-05, 0.0015419034753, -0.000861298583914, -2.31918766076e-05, -0.00118000293151, 0.00109651358798, -0.00105879479088, 0.00104715093039, -0.000507759861648, 0.000653902534395, -0.00113902660087, 0.000689497450367, -0.000545583956409], [0.000117563686217, -0.000861298583914, 0.00118217116687, -0.000662379025016, 0.000446910009487, -0.000803999661002, 0.000895812467206, -0.000544868642464, 0.000407412764616, -0.00108580093365, 0.000579121231567, -0.000900982646272, 0.000385897117667], [-0.000315043143928, -2.31918766076e-05, -0.000662379025016, 0.00224216841161, -0.000260849774349, -0.000556699058507, -0.00011864946282, 0.00105108309072, -0.000845399161335, -0.000208885874599, -6.61349986331e-05, 0.000807435426395, -0.000367220141925], [0.000124277590658, -0.00118000293151, 0.000446910009487, -0.000260849774349, 0.00304643902928, -0.000724301498849, -0.000443345896201, -0.00174396461807, 0.000618099060375, -0.000506071315613, 0.00112520123366, -0.00119033642113, 0.00070588150993], [-0.000207936012885, 0.00109651358798, -0.000803999661002, -0.000556699058507, -0.000724301498849, 0.00402591889724, -0.00100238027517, -0.00143461872358, 0.000379627628718, 0.00154453213327, -0.00106995215174, 0.000612748845015, 4.77651556139e-05], [2.5530498533e-05, -0.00105879479088, 0.000895812467206, -0.00011864946282, -0.000443345896201, -0.00100238027517, 0.00396634824574, -0.000368214678019, -0.000699597003404, -0.000622500723694, -0.000153495973791, -7.50860863263e-06, 0.00151960540097], [-0.000353987677954, 0.00104715093039, -0.000544868642464, 0.00105108309072, -0.00174396461807, -0.00143461872358, -0.000368214678019, 0.00659577408805, -2.74971753242e-05, -0.0013698854018, -0.000775632448494, 0.000920571852475, -0.000831791898236], [5.2732293625e-06, -0.000507759861648, 0.000407412764616, -0.000845399161335, 0.000618099060375, 0.000379627628718, -0.000699597003404, -2.74971753242e-05, 0.00534554524347, 0.000320168590406, -0.000405368919019, 0.000303094799165, -0.000503108429257], [-0.000321954925312, 0.000653902534395, -0.00108580093365, -0.000208885874599, -0.000506071315613, 0.00154453213327, -0.000622500723694, -0.0013698854018, 0.000320168590406, 0.00751975085586, 0.000239419474383, -0.00142454705201, -0.000498013861943], [-9.61997939157e-05, -0.00113902660087, 0.000579121231567, -6.61349986331e-05, 0.00112520123366, -0.00106995215174, -0.000153495973791, -0.000775632448494, -0.000405368919019, 0.000239419474383, 0.00752470269799, -0.00105535832699, -0.000918324105442], [-1.8545475541e-05, 0.000689497450367, -0.000900982646272, 0.000807435426395, -0.00119033642113, 0.000612748845015, -7.50860863263e-06, 0.000920571852475, 0.000303094799165, -0.00142454705201, -0.00105535832699, 0.00817223265767, -0.00010808488878], [0.000120851218526, -0.000545583956409, 0.000385897117667, -0.000367220141925, 0.00070588150993, 4.77651556139e-05, 0.00151960540097, -0.000831791898236, -0.000503108429257, -0.000498013861943, -0.000918324105442, -0.00010808488878, 0.00877766404301]]
    },
    "melbands": {
        "dmean": [0.000351626164047, 0.000547804229427, 0.00018959803856, 0.000135980124469, 0.000120717930258, 0.000123920908663, 0.000169293067302, 0.000234847902902, 0.000262115790974, 0.000277748360531, 0.000121902296087, 0.000109985405288, 9.05417327886e-05, 3.54610128852e-05, 3.49451838701e-05, 3.16795012623e-05, 2.53827238339e-05, 1.61814641615e-05, 7.92814444139e-06, 5.63670437259e-06, 4.66294477519e-06, 3.92569927499e-06, 3.75511626771e-06, 2.767762453e-06, 4.9856566875e-06, 7.6046153481e-06, 4.41411066276e-06, 2.69351448878e-06, 1.68742462847e-06, 2.02208298106e-06, 1.75240791123e-06, 1.23078837078e-06, 8.6230437546e-07, 4.97602457017e-07, 4.96526467941e-07, 4.85483326429e-07, 4.21371595394e-07, 2.59068968944e-07, 1.86034256444e-07, 4.72371368687e-07],
        "dmean2": [0.000569220865145, 0.000934467534535, 0.00032221278525, 0.00022215404897, 0.000184268152225, 0.000191943196114, 0.00026368064573, 0.000373118848074, 0.000398287957069, 0.000439337280113, 0.000206282842555, 0.000185340395547, 0.000149272775161, 5.82179454796e-05, 5.74401055928e-05, 5.22572918271e-05, 4.24637182732e-05, 2.57936044363e-05, 1.27274197439e-05, 9.08863876248e-06, 7.16477597962e-06, 6.39892459731e-06, 6.24571202934e-06, 4.58177964902e-06, 8.09011453384e-06, 1.17770550787e-05, 6.70547888149e-06, 4.07426705351e-06, 2.61538002633e-06, 3.11749408866e-06, 2.62101229964e-06, 1.87781677141e-06, 1.31034846618e-06, 7.53897609229e-07, 7.4262158023e-07, 7.24967719634e-07, 6.54889163343e-07, 3.7427702182e-07, 2.80460938029e-07, 7.29949363176e-07],
        "dvar": [1.04863909201e-06, 1.61330376613e-06, 2.63540954393e-07, 1.1066004646e-07, 7.94774166479e-08, 9.7987495451e-08, 2.40632715531e-07, 4.97878318129e-07, 4.5200670229e-07, 5.30825275291e-07, 1.21316688251e-07, 1.95274694192e-07, 5.57934782819e-08, 8.01741428802e-09, 9.0789464835e-09, 6.34572749902e-09, 4.31708357951e-09, 1.77625436582e-09, 4.37920200103e-10, 3.13220005488e-10, 2.37681457849e-10, 8.60319038232e-11, 7.0227594573e-11, 4.53779791521e-11, 1.47831857866e-10, 3.09461178905e-10, 1.20528892422e-10, 4.56037256569e-11, 2.16533440484e-11, 3.25322095651e-11, 3.30893298872e-11, 1.46013496433e-11, 6.72027320944e-12, 2.29857734409e-12, 7.57175919186e-12, 1.33969363381e-11, 9.40602977451e-12, 3.2990101536e-12, 1.75844007324e-12, 4.2277768092e-11],
        "dvar2": [2.58167733591e-06, 4.68118469144e-06, 7.4154502272e-07, 3.01268840985e-07, 1.68759612507e-07, 2.18761186943e-07, 5.941760719e-07, 1.27327803057e-06, 1.11476674647e-06, 1.2874153299e-06, 3.56143516456e-07, 5.86668363667e-07, 1.52240460238e-07, 2.025073087e-08, 2.35205686039e-08, 1.64514055712e-08, 1.17044178793e-08, 4.18507672961e-09, 1.03362862713e-09, 7.694175852e-10, 4.39706493438e-10, 2.07667397167e-10, 1.92565782764e-10, 1.16450390997e-10, 3.7610556336e-10, 7.19779458258e-10, 2.75988454312e-10, 9.3051379102e-11, 4.98727587006e-11, 6.87169973701e-11, 6.94528462519e-11, 3.00074513848e-11, 1.4336250069e-11, 4.90233721673e-12, 1.68258792316e-11, 2.94435448245e-11, 1.83812236265e-11, 6.56238475019e-12, 3.72419759961e-12, 1.09676177862e-10],
        "max": [0.0219414494932, 0.0206538531929, 0.0131027316675, 0.00513225747272, 0.0106832562014, 0.0090925777331, 0.0125414812937, 0.0270005315542, 0.0161899887025, 0.0189993679523, 0.00675011239946, 0.0173889733851, 0.0039701233618, 0.00205001980066, 0.00227026687935, 0.00179699680302, 0.0017786239041, 0.00134476169478, 0.000722997297999, 0.000494175008498, 0.000894626253285, 0.000349287176505, 0.000195618253201, 0.00022426607029, 0.000262732151896, 0.000533032929525, 0.000367447297322, 0.000190309874597, 0.000153638087795, 0.000234835766605, 0.000217591426917, 0.000118812829896, 6.62263628328e-05, 4.23309720645e-05, 0.00013641800615, 0.000196791050257, 0.000137278475449, 7.82132483437e-05, 5.52545425307e-05, 0.000389209017158],
        "mean": [0.000756516645197, 0.00129096547607, 0.000374799186829, 0.000276608188869, 0.000268085306743, 0.000278045044979, 0.000336653756676, 0.000444154808065, 0.000569707888644, 0.00059481250355, 0.000214419036638, 0.000201185262995, 0.000157684728038, 6.30855938653e-05, 6.21004583081e-05, 5.61417764402e-05, 4.73420113849e-05, 3.14823737426e-05, 1.45944322867e-05, 9.96050312096e-06, 8.65610672918e-06, 7.69383404986e-06, 7.25972540749e-06, 5.79108018428e-06, 1.04117789306e-05, 1.6966727344e-05, 1.05277231341e-05, 6.02931368121e-06, 3.5058847061e-06, 4.01732859245e-06, 3.41134614246e-06, 2.37935660152e-06, 1.69694158103e-06, 9.3479292218e-07, 7.97686141141e-07, 6.86621376644e-07, 5.65768061733e-07, 3.56111343081e-07, 2.61651166511e-07, 8.0621748566e-07],
        "median": [3.89810156776e-05, 0.000112792091386, 9.67135856627e-05, 0.000101641795482, 9.65392828221e-05, 7.1173228207e-05, 7.89311015978e-05, 6.42110608169e-05, 0.00010306963668, 9.09474256332e-05, 3.40748156304e-05, 4.11612345488e-05, 3.09706956614e-05, 1.39490957736e-05, 1.51265239765e-05, 1.21020575534e-05, 9.14971587918e-06, 5.44194426766e-06, 3.30066995957e-06, 2.26210045184e-06, 2.21320692617e-06, 2.27363216254e-06, 1.79203777861e-06, 9.66880065789e-07, 1.76392700268e-06, 2.85527517008e-06, 1.84521502433e-06, 1.22117239698e-06, 1.01678392639e-06, 1.31136482651e-06, 1.03968704934e-06, 7.45715908579e-07, 4.67483630473e-07, 2.49616959991e-07, 1.60027354923e-07, 9.06070738438e-08, 5.04164319182e-08, 2.82939573992e-08, 1.61353170824e-08, 7.07092207008e-09],
        "min": [1.49529697825e-18, 1.44703936471e-18, 1.35229264978e-18, 1.21866999703e-18, 1.03588158982e-18, 8.31975830263e-19, 6.07258620081e-19, 3.92611997816e-19, 2.230118998e-19, 1.29065314094e-19, 1.46607436742e-19, 2.91563924379e-19, 5.54597562251e-19, 8.83371611949e-19, 1.18366619505e-18, 1.34404276395e-18, 1.27029351188e-18, 9.48133650058e-19, 4.9582120985e-19, 1.43714178679e-19, 1.10202791469e-19, 4.24889696842e-19, 8.30804284021e-19, 9.31333508419e-19, 5.85189493037e-19, 1.38839331911e-19, 9.96378920511e-20, 4.24583743412e-19, 5.15509814489e-19, 2.25088174837e-19, 1.12569070858e-19, 2.24653749919e-19, 2.13575281201e-19, 2.65997400157e-19, 1.54098901357e-19, 3.01398222983e-19, 5.0589332288e-19, 2.8985041974e-19, 8.20031445615e-19, 4.56679333457e-19],
        "var": [2.3831978524e-06, 5.20407593285e-06, 4.44047003612e-07, 2.24332708854e-07, 2.51892714687e-07, 4.12181321963e-07, 8.56368274071e-07, 1.41562554745e-06, 1.68768656295e-06, 1.90774971998e-06, 2.90788364055e-07, 4.65711337938e-07, 1.16657247418e-07, 1.88054105621e-08, 1.94828917444e-08, 1.3842186064e-08, 1.04195585493e-08, 5.33501554045e-09, 9.93585769216e-10, 5.77154379844e-10, 7.97571342304e-10, 2.35560099204e-10, 1.84406684367e-10, 1.46671993995e-10, 4.55965237789e-10, 1.18822529593e-09, 5.73263547743e-10, 1.77644482457e-10, 5.3339988676e-11, 8.48609099657e-11, 7.50029760521e-11, 3.4692245604e-11, 1.63300241385e-11, 4.92408110814e-12, 1.06866729008e-11, 1.77772033205e-11, 1.469788527e-11, 5.35512433009e-12, 2.67777488551e-12, 1.12505699201e-10]
    },
    "mfcc": {
        "mean": [-707.599487305, 136.542449951, -16.482635498, 13.1415290833, -34.2586250305, 1.62565541267, -5.1663274765, -1.14918041229, -3.24432301521, 2.39674067497, 1.94267380238, -3.48180770874, -5.19483232498],
        "cov": [[8765.79785156, -1943.55651855, -1191.6739502, 419.283294678, -157.71206665, 527.807067871, 463.385559082, 467.265899658, 227.352996826, 531.352416992, 301.173217773, 148.296051025, 287.750793457], [-1943.55651855, 2360.99633789, 1165.93310547, 689.217712402, 399.920074463, 234.50579834, 94.8131637573, -13.3435335159, 49.269367218, -92.8921356201, 72.3393096924, 128.418746948, 140.952926636], [-1191.6739502, 1165.93310547, 2692.42163086, 855.351867676, 697.411193848, 385.69732666, 112.257369995, -91.541343689, 99.249458313, -77.1964111328, -36.3987579346, 300.889404297, 176.135345459], [419.283294678, 689.217712402, 855.351867676, 970.408325195, 305.470855713, 335.990661621, 75.9710769653, -23.0979290009, 111.551795959, 83.7310409546, 52.0230140686, 138.621536255, 184.913894653], [-157.71206665, 399.920074463, 697.411193848, 305.470855713, 627.738647461, 184.491546631, 198.238937378, 87.7475814819, 100.147109985, 23.4565181732, 33.262386322, 96.3896636963, 81.4779968262], [527.807067871, 234.50579834, 385.69732666, 335.990661621, 184.491546631, 367.982727051, 175.484832764, 114.263717651, 88.9370574951, 104.779998779, 69.5176010132, 68.5239334106, 67.6258773804], [463.385559082, 94.8131637573, 112.257369995, 75.9710769653, 198.238937378, 175.484832764, 463.787506104, 198.851425171, 73.7659912109, 75.3282089233, 151.766021729, 21.0604553223, 39.0423240662], [467.265899658, -13.3435335159, -91.541343689, -23.0979290009, 87.7475814819, 114.263717651, 198.851425171, 297.305145264, 60.0911026001, 85.7870254517, 88.1666488647, 30.7336750031, 1.53085243702], [227.352996826, 49.269367218, 99.249458313, 111.551795959, 100.147109985, 88.9370574951, 73.7659912109, 60.0911026001, 172.520355225, 71.5255889893, 39.9877319336, 33.1711616516, 37.9420776367], [531.352416992, -92.8921356201, -77.1964111328, 83.7310409546, 23.4565181732, 104.779998779, 75.3282089233, 85.7870254517, 71.5255889893, 205.295852661, 52.5629005432, 16.585351944, 18.151966095], [301.173217773, 72.3393096924, -36.3987579346, 52.0230140686, 33.262386322, 69.5176010132, 151.766021729, 88.1666488647, 39.9877319336, 52.5629005432, 172.765670776, 27.2525787354, 36.7065048218], [148.296051025, 128.418746948, 300.889404297, 138.621536255, 96.3896636963, 68.5239334106, 21.0604553223, 30.7336750031, 33.1711616516, 16.585351944, 27.2525787354, 159.127151489, 53.5118103027], [287.750793457, 140.952926636, 176.135345459, 184.913894653, 81.4779968262, 67.6258773804, 39.0423240662, 1.53085243702, 37.9420776367, 18.151966095, 36.7065048218, 53.5118103027, 152.962799072]],
