{
"lowlevel": {
    "average_loudness": 0.739746451378,
    "barkbands_crest": {
        "dmean": 2.52366161346,
        "dmean2": 4.08080530167,
        "dvar": 5.03472900391,
        "dvar2": 12.6779708862,
        "max": 26.499382019,
        "mean": 10.8382663727,
        "median": 9.87564086914,
        "min": 2.15484786034,
        "var": 20.154548645
    },
    "barkbands_flatness_db": {
        "dmean": 0.0201706085354,
        "dmean2": 0.0307176299393,
        "dvar": 0.000325607659761,
        "dvar2": 0.000691210560035,
        "max": 0.469395130873,
        "mean": 0.184095621109,
        "median": 0.181090325117,
        "min": 0.0324208326638,
        "var": 0.00392691185698
    },
    "barkbands_kurtosis": {
        "dmean": 2.55633187294,
        "dmean2": 4.04270839691,
        "dvar": 32.9347000122,
        "dvar2": 78.5920028687,
        "max": 214.28288269,
        "mean": 4.94401550293,
        "median": 1.80615067482,
        "min": -1.9313467741,
        "var": 117.258476257
    },
    "barkbands_skewness": {
        "dmean": 0.44644972682,
        "dmean2": 0.681845247746,
        "dvar": 0.238887622952,
        "dvar2": 0.523133337498,
        "max": 12.5401315689,
        "mean": 1.20982205868,
        "median": 1.00470352173,
        "min": -5.03245067596,
        "var": 1.77417981625
    },
    "barkbands_spread": {
        "dmean": 3.69563603401,
        "dmean2": 5.70752906799,
        "dvar": 33.3411102295,
        "dvar2": 67.8814697266,
        "max": 127.277587891,
        "mean": 16.0636005402,
        "median": 12.5790424347,
        "min": 0.503518879414,
        "var": 178.272659302
    },
    "dissonance": {
        "dmean": 0.027430113405,
        "dmean2": 0.0468348301947,
        "dvar": 0.000712419336196,
        "dvar2": 0.00193673779722,
        "max": 0.500000178814,
        "mean": 0.449151962996,
        "median": 0.459726631641,
        "min": 0.201041981578,
        "var": 0.00171056971885
    },
    "dynamic_complexity": 3.49269723892,
    "erbbands_crest": {
        "dmean": 3.23437142372,
        "dmean2": 5.22944974899,
        "dvar": 8.52538871765,
        "dvar2": 20.6211471558,
        "max": 32.0636405945,
        "mean": 12.2774400711,
        "median": 10.7815876007,
        "min": 2.35747909546,
        "var": 34.2087478638
    },
    "erbbands_flatness_db": {
        "dmean": 0.0191965140402,
        "dmean2": 0.0281107705086,
        "dvar": 0.000296202604659,
        "dvar2": 0.000593578908592,
        "max": 0.436603933573,
        "mean": 0.222192108631,
        "median": 0.218126088381,
        "min": 0.0322111770511,
        "var": 0.00380866439082
    },
    "erbbands_kurtosis": {
        "dmean": 1.6616153717,
        "dmean2": 2.62502741814,
        "dvar": 6.85461759567,
        "dvar2": 15.4344024658,
        "max": 71.9873046875,
        "mean": 2.57267403603,
        "median": 1.2519774437,
        "min": -1.83346283436,
        "var": 20.6870079041
    },
    "erbbands_skewness": {
        "dmean": 0.405021309853,
        "dmean2": 0.625920295715,
        "dvar": 0.167396590114,
        "dvar2": 0.355712503195,
        "max": 7.48187303543,
        "mean": 0.86756426096,
        "median": 0.809267640114,
        "min": -5.08607912064,
        "var": 0.928410351276
    },
    "erbbands_spread": {
        "dmean": 5.79961919785,
        "dmean2": 8.83029937744,
        "dvar": 62.8583106995,
        "dvar2": 135.682876587,
        "max": 135.548171997,
        "mean": 25.3393554688,
        "median": 20.5488586426,
        "min": 2.10442376137,
        "var": 325.050689697
    },
    "hfc": {
        "dmean": 5.42178678513,
        "dmean2": 8.20697689056,
        "dvar": 62.5023841858,
        "dvar2": 141.986587524,
        "max": 201.635406494,
        "mean": 21.5655326843,
        "median": 13.8857355118,
        "min": 2.99734598252e-10,
        "var": 417.629943848
    },
    "melbands_crest": {
        "dmean": 3.02770256996,
        "dmean2": 4.89706039429,
        "dvar": 7.55830526352,
        "dvar2": 18.690290451,
        "max": 33.6141700745,
        "mean": 13.6073446274,
        "median": 12.5438432693,
        "min": 3.95599937439,
        "var": 27.627073288
    },
    "melbands_flatness_db": {
        "dmean": 0.0209188461304,
        "dmean2": 0.031289730221,
        "dvar": 0.000402158329962,
        "dvar2": 0.000818450527731,
        "max": 0.585399329662,
        "mean": 0.216642409563,
        "median": 0.206211656332,
        "min": 0.0180235281587,
        "var": 0.00467863120139
    },
    "melbands_kurtosis": {
        "dmean": 4.28744888306,
        "dmean2": 6.76480770111,
        "dvar": 76.6792755127,
        "dvar2": 183.569763184,
        "max": 250.573364258,
        "mean": 9.28801727295,
        "median": 3.98054099083,
        "min": -1.87277936935,
        "var": 296.890167236
    },
    "melbands_skewness": {
        "dmean": 0.533914327621,
        "dmean2": 0.824081003666,
        "dvar": 0.32512190938,
        "dvar2": 0.73702788353,
        "max": 13.3000593185,
        "mean": 1.70659279823,
        "median": 1.50554382801,
        "min": -1.89656424522,
        "var": 2.44792079926
    },
    "melbands_spread": {
        "dmean": 5.05679273605,
        "dmean2": 7.7742600441,
        "dvar": 73.736289978,
        "dvar2": 138.446487427,
        "max": 216.033279419,
        "mean": 20.9271373749,
        "median": 17.7489414215,
        "min": 0.698692381382,
        "var": 291.861755371
    },
    "pitch_salience": {
        "dmean": 0.0619704201818,
        "dmean2": 0.0994297713041,
        "dvar": 0.00287423492409,
        "dvar2": 0.00702973967418,
        "max": 0.892791569233,
        "mean": 0.551869511604,
        "median": 0.556666851044,
        "min": 0.0804830938578,
        "var": 0.0142128299922
    },
    "silence_rate_20dB": {
        "dmean": 0,
        "dmean2": 0,
        "dvar": 0,
        "dvar2": 0,
        "max": 1,
        "mean": 1,
        "median": 1,
        "min": 1,
        "var": 0
    },
    "silence_rate_30dB": {
        "dmean": 0.000241400121013,
        "dmean2": 0.000482858536998,
        "dvar": 0.000241318688495,
        "dvar2": 0.000723961915355,
        "max": 1,
        "mean": 0.999879300594,
        "median": 1,
        "min": 0,
        "var": 0.00012066513591
    },
    "silence_rate_60dB": {
        "dmean": 0.0120700057596,
        "dmean2": 0.024022212252,
        "dvar": 0.0119236428291,
        "dvar2": 0.0268275160342,
        "max": 1,
        "mean": 0.0510499626398,
        "median": 0,
        "min": 0,
        "var": 0.0484342798591
    },
    "spectral_centroid": {
        "dmean": 168.54864502,
        "dmean2": 259.106536865,
        "dvar": 50234.703125,
        "dvar2": 93583.1640625,
        "max": 5572.89257812,
        "mean": 1172.01623535,
        "median": 1138.15344238,
        "min": 194.617797852,
        "var": 344707.28125
    },
    "spectral_complexity": {
        "dmean": 2.25153899193,
        "dmean2": 3.73044419289,
        "dvar": 4.34303665161,
        "dvar2": 11.2800979614,
        "max": 43,
        "mean": 15.458363533,
        "median": 16,
        "min": 0,
        "var": 49.2896690369
    },
    "spectral_decrease": {
        "dmean": 1.37558686664e-09,
        "dmean2": 2.18210405301e-09,
        "dvar": 3.0995367451e-18,
        "dvar2": 7.68910866918e-18,
        "max": -7.35429046326e-22,
        "mean": -5.55749846143e-09,
        "median": -4.65153471296e-09,
        "min": -3.33392797813e-08,
        "var": 1.72365447589e-17
    },
    "spectral_energy": {
        "dmean": 0.00559548148885,
        "dmean2": 0.00885381642729,
        "dvar": 5.15134852321e-05,
        "dvar2": 0.00012753282499,
        "max": 0.139252766967,
        "mean": 0.0229313801974,
        "median": 0.0190478917211,
        "min": 2.9962475914e-14,
        "var": 0.00029609221383
    },
    "spectral_energyband_high": {
        "dmean": 0.000206948679988,
        "dmean2": 0.000299318518955,
        "dvar": 3.09884001126e-07,
        "dvar2": 5.82413179018e-07,
        "max": 0.0169193837792,
        "mean": 0.000552210491151,
        "median": 0.000224544928642,
        "min": 2.25611901123e-14,
        "var": 1.22507253764e-06
    },
    "spectral_energyband_low": {
        "dmean": 0.000965861079749,
        "dmean2": 0.00157363328617,
        "dvar": 4.19005164076e-06,
        "dvar2": 1.02877220343e-05,
        "max": 0.030773807317,
        "mean": 0.0027638473548,
        "median": 0.00134195922874,
        "min": 9.81359243678e-16,
        "var": 1.35313002829e-05
    },
    "spectral_energyband_middle_high": {
        "dmean": 0.00351602118462,
        "dmean2": 0.00541618652642,
        "dvar": 4.08939595218e-05,
        "dvar2": 9.7527015896e-05,
        "max": 0.115298449993,
        "mean": 0.0108067533001,
        "median": 0.00419176463038,
        "min": 4.41291629432e-15,
        "var": 0.000221952082939
    },
    "spectral_energyband_middle_low": {
        "dmean": 0.00319594074972,
        "dmean2": 0.00505503918976,
        "dvar": 2.00614358619e-05,
        "dvar2": 4.91610189783e-05,
        "max": 0.0866816043854,
        "mean": 0.00952699128538,
        "median": 0.00779787264764,
        "min": 1.09875790429e-15,
        "var": 5.9634927311e-05
    },
    "spectral_entropy": {
        "dmean": 0.148737207055,
        "dmean2": 0.223761633039,
        "dvar": 0.0229482706636,
        "dvar2": 0.0432401150465,
        "max": 9.08075714111,
        "mean": 7.26249265671,
        "median": 7.3197889328,
        "min": 4.83647918701,
        "var": 0.252258718014
    },
    "spectral_flux": {
        "dmean": 0.0208307541907,
        "dmean2": 0.0343027859926,
        "dvar": 0.000580818334129,
        "dvar2": 0.00155119306874,
        "max": 0.305668443441,
        "mean": 0.0755401104689,
        "median": 0.0673857107759,
        "min": 2.46807758231e-05,
        "var": 0.00196168478578
    },
    "spectral_kurtosis": {
        "dmean": 2.2971072197,
        "dmean2": 3.90147662163,
        "dvar": 10.4533939362,
        "dvar2": 27.4617118835,
        "max": 110.771194458,
        "mean": 5.60124349594,
        "median": 4.59268188477,
        "min": -1.34212899208,
        "var": 27.220621109
    },
    "spectral_rms": {
        "dmean": 0.000547307543457,
        "dmean2": 0.000855175545439,
        "dvar": 3.19055061482e-07,
        "dvar2": 7.40088921702e-07,
        "max": 0.0116557432339,
        "mean": 0.00438965624198,
        "median": 0.00431083608419,
        "min": 5.40663336324e-09,
        "var": 3.10295945383e-06
    },
    "spectral_rolloff": {
        "dmean": 325.221832275,
        "dmean2": 547.483398438,
        "dvar": 712924.625,
        "dvar2": 1543457.75,
        "max": 17226.5625,
        "mean": 1419.6932373,
        "median": 1119.7265625,
        "min": 86.1328125,
        "var": 2030722.5
    },
    "spectral_skewness": {
        "dmean": 0.2574647367,
        "dmean2": 0.419855326414,
        "dvar": 0.0712578967214,
        "dvar2": 0.181514143944,
        "max": 8.68293952942,
        "mean": 1.71800374985,
        "median": 1.64028811455,
        "min": -0.399816602468,
        "var": 0.365019500256
    },
    "spectral_spread": {
        "dmean": 432267.125,
        "dmean2": 623568.0625,
        "dvar": 375555489792,
        "dvar2": 636148973568,
        "max": 19333194,
        "mean": 3905801.5,
        "median": 3494906,
        "min": 820240.75,
        "var": 2.95912577434e+12
    },
    "spectral_strongpeak": {
        "dmean": 0.791173756123,
        "dmean2": 1.30268907547,
        "dvar": 1.19439125061,
        "dvar2": 2.95763659477,
        "max": 13.6348628998,
        "mean": 1.86548638344,
        "median": 0.970569729805,
        "min": 0,
        "var": 4.54169988632
    },
    "zerocrossingrate": {
        "dmean": 0.00717687979341,
        "dmean2": 0.0082499133423,
        "dvar": 0.000144168283441,
        "dvar2": 0.000143664408824,
        "max": 0.55078125,
        "mean": 0.0559770911932,
        "median": 0.05029296875,
        "min": 0.00390625,
        "var": 0.00131914729718
    },
    "barkbands": {
        "dmean": [0.000125066755572, 0.000568155781366, 0.000384420214687, 0.000405936385505, 0.000920793681871, 0.000766670505982, 0.000940129510127, 0.000665723986458, 0.0007945902762, 0.00190356059466, 0.00171466148458, 0.000673976261169, 0.000463171105366, 0.000479707843624, 0.000439165072748, 0.000192466686713, 0.00014256798022, 0.000159283925314, 7.95408268459e-05, 8.22633810458e-05, 6.1126476794e-05, 4.05487007811e-05, 4.93987790833e-05, 3.87143227272e-05, 3.50728441845e-05, 1.07841806312e-05, 1.5304436829e-06],
        "dmean2": [0.000194594918867, 0.000908580841497, 0.000644873129204, 0.000677147996612, 0.00149867590517, 0.00116294238251, 0.00149935099762, 0.0010544146644, 0.00129616865888, 0.00296076387167, 0.00268188817427, 0.00105792330578, 0.000728368177079, 0.000765795120969, 0.00070706702536, 0.000308163813315, 0.000224271643674, 0.000256190774962, 0.000129050124087, 0.000132505520014, 9.70509645413e-05, 6.00065977778e-05, 7.13818590157e-05, 5.68013892916e-05, 5.28961681994e-05, 1.54046410898e-05, 2.52008453572e-06],
        "dvar": [2.00834335828e-07, 2.31053581956e-06, 8.95952325664e-07, 1.09566269657e-06, 2.23776305575e-06, 3.13798796014e-06, 6.7979749474e-06, 3.33697812493e-06, 3.90730747313e-06, 2.26791580644e-05, 2.43436952587e-05, 3.72575254914e-06, 1.92421680367e-06, 2.13433031604e-06, 1.95271672965e-06, 8.16102840417e-07, 1.82625186085e-07, 1.31718707053e-07, 2.90952861803e-08, 4.42585701421e-08, 3.18744355354e-08, 2.1496452618e-08, 2.28836380955e-08, 2.83743002427e-08, 4.89907350243e-08, 5.3600288652e-09, 7.04278302344e-10],
        "dvar2": [4.94330606671e-07, 5.62504919799e-06, 2.45544879363e-06, 2.71913813776e-06, 5.7744850892e-06, 6.71739553582e-06, 1.69079721672e-05, 8.1918824435e-06, 1.04401506178e-05, 5.22344562341e-05, 5.46470218978e-05, 8.02234808361e-06, 4.36825166616e-06, 5.02543070979e-06, 4.65545372208e-06, 1.98736051971e-06, 3.84442273571e-07, 3.14006854296e-07, 7.0243402206e-08, 1.02863864981e-07, 7.63193668263e-08, 3.85504996814e-08, 4.22741415207e-08, 5.92103113206e-08, 1.23405044405e-07, 1.21373568973e-08, 1.79701176162e-09],
        "max": [0.00841010455042, 0.0255737546831, 0.0166160408407, 0.030160786584, 0.0292066149414, 0.0546697638929, 0.0742628499866, 0.0494325608015, 0.0555612668395, 0.0880856141448, 0.111815653741, 0.0621808879077, 0.0316004119813, 0.0442875772715, 0.0408447869122, 0.0267495475709, 0.0125634139404, 0.0100165726617, 0.00506431097165, 0.00535866105929, 0.00637751910836, 0.00723165925592, 0.00601579621434, 0.00588722480461, 0.0114175733179, 0.00387583347037, 0.00177718279883],
        "mean": [0.000268211617367, 0.00137963308953, 0.000795515486971, 0.000827603798825, 0.00219988077879, 0.00165148230735, 0.00154992658645, 0.00118197861593, 0.00134886708111, 0.00325377262197, 0.00312825315632, 0.00121186126489, 0.000842258974444, 0.000938216107897, 0.000709592131898, 0.000283848872641, 0.000265816488536, 0.000305564637529, 0.000169034392457, 0.000161001255037, 0.000119090778753, 8.48436029628e-05, 0.000102456593595, 6.8940113124e-05, 5.97035686951e-05, 2.09328081837e-05, 3.09123606712e-06],
        "median": [3.74916407964e-06, 0.00032462584204, 0.000312946707709, 0.000211654434679, 0.00126958370674, 0.000705561309587, 0.000477060850244, 0.000316624646075, 0.000375120580429, 0.000753134372644, 0.000282784516457, 0.000213676394196, 0.000176618807018, 0.000178203961696, 0.000167298261658, 5.88645780226e-05, 7.99643748906e-05, 9.57991142059e-05, 7.22520780982e-05, 6.20636419626e-05, 4.45256737294e-05, 2.42840396822e-05, 2.83132721961e-05, 1.38114482979e-05, 6.76283980283e-06, 4.0299900661e-07, 5.69591263044e-10],
        "min": [5.51579173164e-16, 5.45789491212e-16, 1.34467552403e-16, 5.53692070381e-17, 8.25029479739e-17, 5.69520932409e-17, 1.32043780859e-16, 2.38156918587e-16, 3.96681119899e-16, 5.67948349568e-16, 3.5697123595e-16, 1.34317495222e-16, 1.3484441589e-16, 5.41233195109e-16, 1.15984142058e-16, 2.31505327671e-16, 2.93565525892e-16, 6.78789810496e-16, 8.99855615911e-16, 7.68225954754e-16, 1.02447025608e-15, 1.39762151539e-15, 2.29098483552e-15, 1.80712340539e-15, 5.36262318731e-15, 3.42399791686e-15, 7.32877893436e-15],
        "var": [5.8504667777e-07, 6.0212300923e-06, 1.92034462998e-06, 3.16204091177e-06, 7.79330548539e-06, 1.10270793812e-05, 1.17984345707e-05, 6.03679382039e-06, 7.69500638853e-06, 5.76990241825e-05, 7.66093216953e-05, 1.02267540569e-05, 5.12388987772e-06, 8.54674181028e-06, 3.5417926938e-06, 1.16858018373e-06, 5.40969608664e-07, 3.4334672705e-07, 7.85531923952e-08, 9.37570376891e-08, 6.52367475595e-08, 8.08592162116e-08, 7.12261183367e-08, 5.96098530536e-08, 1.1013282375e-07, 2.26603571463e-08, 2.18431162047e-09]
    },
    "erbbands": {
        "dmean": [0.020070431754, 0.128741681576, 0.408538758755, 0.863482952118, 2.24288845062, 3.36732125282, 4.28644800186, 7.24078893661, 12.5734157562, 13.2954311371, 13.9446191788, 16.5051841736, 37.4471931458, 76.264503479, 44.3191719055, 26.5264282227, 21.4601783752, 24.129535675, 23.8380374908, 14.9625720978, 8.68108654022, 6.56987142563, 8.30780315399, 5.36835241318, 3.39476251602, 3.8456993103, 3.04826951027, 1.76036858559, 1.47511899471, 1.43544089794, 1.4742320776, 0.909482002258, 0.620172441006, 0.540114820004, 0.159684330225, 0.0609629936516, 0.0215188506991, 0.00189232977573, 0.000305315101286, 2.57469000644e-05],
        "dmean2": [0.0311654657125, 0.208113670349, 0.685576796532, 1.43475615978, 3.73694181442, 5.48587846756, 6.67523527145, 10.8927726746, 19.6560916901, 20.9106826782, 21.9601783752, 26.8785114288, 57.9220924377, 118.77305603, 67.8717651367, 40.5207290649, 33.4721908569, 37.2324790955, 37.3875999451, 23.5079669952, 13.3766880035, 10.1118764877, 13.1388673782, 8.66216659546, 5.45100402832, 6.18761348724, 4.8214392662, 2.70538592339, 2.20203351974, 2.07791566849, 2.15382027626, 1.33759832382, 0.914717078209, 0.813251018524, 0.238818645477, 0.0869750231504, 0.0324087403715, 0.0028412679676, 0.000476242479635, 4.06001236115e-05],
        "dvar": [0.00418174499646, 0.132701173425, 1.00430691242, 4.08888435364, 23.1466369629, 38.4186820984, 75.6251373291, 364.392242432, 1060.42370605, 1873.37719727, 1649.11743164, 1941.71801758, 9273.27246094, 40137.4921875, 18924.9121094, 5738.93164062, 3766.79711914, 4897.65380859, 4678.23046875, 3058.83862305, 1403.20385742, 371.19519043, 380.365753174, 143.048339844, 69.2303619385, 115.752128601, 90.7316207886, 28.3143920898, 33.1313095093, 17.0836544037, 24.4386367798, 16.528011322, 8.15108108521, 12.7898683548, 0.807915270329, 0.130051583052, 0.0574666634202, 0.00023239395523, 2.57206593233e-05, 1.78724448574e-07],
        "dvar2": [0.00980766117573, 0.335521459579, 2.70781779289, 10.2731266022, 65.4174880981, 98.0337295532, 186.811187744, 729.410400391, 2497.61791992, 4706.56542969, 3950.02246094, 5142.56640625, 20576.8144531, 96024.2421875, 44322.8984375, 12381.1435547, 8481.1328125, 11087.1240234, 10924.2216797, 7249.26367188, 3322.48632812, 746.036010742, 896.854309082, 350.982452393, 173.025939941, 280.684143066, 213.097640991, 56.6784324646, 66.8890304565, 29.3500976562, 47.5317153931, 34.058467865, 17.6358184814, 32.482219696, 1.94936156273, 0.229884296656, 0.158830597997, 0.000569226045627, 6.41850638203e-05, 4.65923136517e-07],
        "max": [1.26502835751, 6.81637001038, 16.7597866058, 49.6168289185, 133.91796875, 111.66910553, 265.018310547, 686.126342773, 1107.58032227, 1492.2442627, 1311.34594727, 1665.99084473, 3112.47216797, 3999.51147461, 3962.97949219, 3109.74145508, 1339.04675293, 2384.79980469, 1498.78039551, 1335.32995605, 1677.82751465, 529.198303223, 466.935394287, 323.073547363, 321.321136475, 315.505645752, 380.038238525, 246.068389893, 255.903640747, 206.327011108, 201.035339355, 135.278762817, 132.488113403, 192.467330933, 38.0084037781, 21.6266746521, 14.5475625992, 1.06548249722, 0.33714851737, 0.0235615894198],
        "mean": [0.0447498522699, 0.285731643438, 0.904194891453, 1.91495203972, 4.58625984192, 7.63383197784, 9.80603408813, 15.6053152084, 22.3718109131, 22.5245761871, 26.8334388733, 29.5864696503, 68.2054901123, 147.255050659, 88.5696334839, 54.3209457397, 41.8564338684, 50.1217308044, 42.7004966736, 24.0815391541, 16.589635849, 14.1129798889, 16.6454200745, 11.8191184998, 7.77115058899, 7.63437461853, 6.26350879669, 3.72308135033, 2.99683213234, 3.07789182663, 2.94756817818, 1.62686371803, 1.10685622692, 0.914440751076, 0.276144683361, 0.106369964778, 0.0398005247116, 0.00391788734123, 0.000658841454424, 6.40988801024e-05],
        "median": [0.00348852248862, 0.0904836878181, 0.428278267384, 0.718366742134, 1.62823104858, 4.05104255676, 5.0930929184, 6.08895111084, 8.68543815613, 6.42071342468, 9.15550041199, 10.4729137421, 19.7650604248, 27.0309333801, 14.2573728561, 13.219291687, 11.7836856842, 12.7635011673, 12.2425880432, 6.67674779892, 4.62896633148, 4.75916671753, 5.39360713959, 5.0459394455, 3.34208011627, 3.14653682709, 2.48390817642, 1.28677165508, 0.858975410461, 0.94485360384, 0.779683709145, 0.33920866251, 0.203613251448, 0.107518866658, 0.0243297368288, 0.00448122248054, 0.000357550336048, 2.23726565309e-05, 1.52430493472e-05, 2.50565717579e-05],
        "min": [2.42979176682e-14, 9.33389243717e-14, 1.66817663741e-13, 1.7931615665e-13, 2.19150001965e-13, 2.91937210083e-13, 2.8925549022e-13, 5.60752616216e-13, 1.39068910467e-12, 3.32856181853e-12, 6.01737886949e-12, 8.88625544676e-12, 1.41855130073e-11, 1.86288293819e-11, 1.22066246e-11, 4.85171885306e-12, 5.85544807086e-12, 2.5221309416e-11, 1.35541187649e-11, 9.6550987691e-12, 1.17230409408e-11, 1.67200298745e-11, 2.73826603753e-11, 3.11118318608e-11, 6.37481178956e-11, 4.42177648663e-11, 3.91859253379e-11, 3.46231446291e-11, 5.66636841615e-11, 6.6470905169e-11, 6.34020197454e-11, 3.54950582815e-11, 4.22306599412e-11, 5.97823804349e-11, 3.6334883019e-11, 1.14915325519e-11, 6.44796716021e-12, 3.5661382701e-12, 1.22292453941e-12, 8.93431582514e-14],
        "var": [0.0117419473827, 0.253307729959, 2.14785671234, 10.856669426, 71.6942596436, 109.835670471, 237.420608521, 1365.88574219, 1895.07421875, 2884.08959961, 3051.93334961, 3548.73193359, 21109.1054688, 129746.460938, 65405.4453125, 18981.7519531, 10216.6386719, 21473.3105469, 10448.6455078, 4387.70361328, 3029.99707031, 1181.75671387, 1041.77758789, 387.56237793, 191.164916992, 214.572174072, 186.707580566, 94.617980957, 101.700950623, 66.4931716919, 68.6823730469, 35.969367981, 15.2699794769, 28.6411590576, 1.81192469597, 0.35096102953, 0.181465640664, 0.00140005093999, 8.79384606378e-05, 4.41947832996e-07]
    },
    "gfcc": {
        "mean": [-40.5142440796, 111.194969177, -150.875839233, 21.3354701996, -75.321105957, 14.2072248459, -32.6648101807, -0.720655977726, -20.4351329803, -10.6818189621, -5.43579959869, -9.71352481842, -2.78512716293],
        "cov": [[5520.15234375, -1629.19494629, 436.229949951, -30.0156497955, 124.891403198, 647.414855957, -307.683807373, 774.369384766, -353.029663086, 637.801147461, -226.48777771, 464.058380127, -166.158187866], [-1629.19494629, 2585.36669922, 528.892150879, 460.688018799, 374.709899902, -411.532226562, 224.232345581, -519.588623047, 222.815719604, -326.447570801, 342.822662354, -202.253936768, 166.986206055], [436.229949951, 528.892150879, 2378.05151367, 563.246520996, 106.653968811, 99.6172866821, -432.897247314, 98.1429367065, -174.866760254, 282.22088623, -36.5909461975, 224.802612305, -117.100311279], [-30.0156497955, 460.688018799, 563.246520996, 574.470581055, 122.47063446, 10.1324214935, -38.5533180237, -82.0475463867, 38.7545509338, -17.2118339539, 31.4145011902, 19.0809059143, 20.8946151733], [124.891403198, 374.709899902, 106.653968811, 122.47063446, 377.898986816, 6.79522943497, 112.230484009, 10.7002658844, 10.9422101974, 51.8948326111, 33.0698280334, 52.40234375, 3.04271912575], [647.414855957, -411.532226562, 99.6172866821, 10.1324214935, 6.79522943497, 320.932495117, -1.32368409634, 151.57951355, -69.9428787231, 91.6186676025, -37.4548606873, 55.6201171875, -40.5192985535], [-307.683807373, 224.232345581, -432.897247314, -38.5533180237, 112.230484009, -1.32368409634, 418.925628662, -58.1792488098, 84.6865997314, -59.2330207825, 48.6225471497, -16.1073303223, 9.07800292969], [774.369384766, -519.588623047, 98.1429367065, -82.0475463867, 10.7002658844, 151.57951355, -58.1792488098, 351.788879395, -37.5741691589, 168.772140503, -69.4930343628, 96.4625701904, -34.8098182678], [-353.029663086, 222.815719604, -174.866760254, 38.7545509338, 10.9422101974, -69.9428787231, 84.6865997314, -37.5741691589, 226.895645142, -54.3310508728, 55.8230400085, -29.6458644867, 45.8413047791], [637.801147461, -326.447570801, 282.22088623, -17.2118339539, 51.8948326111, 91.6186676025, -59.2330207825, 168.772140503, -54.3310508728, 304.111907959, -35.5860824585, 140.393966675, -59.9845428467], [-226.48777771, 342.822662354, -36.5909461975, 31.4145011902, 33.0698280334, -37.4548606873, 48.6225471497, -69.4930343628, 55.8230400085, -35.5860824585, 186.470199585, -29.6931724548, 47.457485199], [464.058380127, -202.253936768, 224.802612305, 19.0809059143, 52.40234375, 55.6201171875, -16.1073303223, 96.4625701904, -29.6458644867, 140.393966675, -29.6931724548, 207.538345337, -30.1537971497], [-166.158187866, 166.986206055, -117.100311279, 20.8946151733, 3.04271912575, -40.5192985535, 9.07800292969, -34.8098182678, 45.8413047791, -59.9845428467, 47.457485199, -30.1537971497, 137.989547729]],
        "icov": [[0.000378743658075, -7.65533914091e-05, 0.000192386563867, -0.000164363562362, -2.89532054012e-05, -0.000429304229328, 0.000302650907543, -0.000466681784019, 0.000347958964994, -0.000304400164168, 6.97162977303e-05, -0.000472051702673, 9.87398452708e-05], [-7.65533914091e-05, 0.00178638496436, -0.000933155824896, 8.23194852728e-07, -0.00139963324182, 0.00130978494417, -0.000927090179175, 0.00113324786071, -0.000636189419311, 0.000933486095164, -0.0016028691316, 0.00125252897851, -0.000841527420562], [0.000192386563867, -0.000933155824896, 0.00144514767453, -0.000906081171706, 0.000618230551481, -0.000773431034759, 0.00133042887319, -0.000750267936382, 0.000841273576953, -0.000969898479525, 0.000589642382693, -0.00131010473706, 0.00101677502971], [-0.000164363562362, 8.23194852728e-07, -0.000906081171706, 0.00302100297995, -0.000755297893193, -0.000464769109385, -0.000129962791107, 0.00101581204217, -0.00109965819865, 0.000610784336459, 0.000223758615903, 0.000269841664704, -0.000667454209179], [-2.89532054012e-05, -0.00139963324182, 0.000618230551481, -0.000755297893193, 0.00458133313805, -0.0005806722329, -0.00057839427609, -0.00109422253445, 0.000819461944047, -0.00124809355475, 0.000804909679573, -0.00130045227706, 0.000412596651586], [-0.000429304229328, 0.00130978494417, -0.000773431034759, -0.000464769109385, -0.0005806722329, 0.00573361571878, -0.00156380434055, -0.000658829405438, 0.00050828960957, 0.000750227656681, -0.00135456770658, 0.00126031669788, -0.000156285561388], [0.000302650907543, -0.000927090179175, 0.00133042887319, -0.000129962791107, -0.00057839427609, -0.00156380434055, 0.00448525138199, -0.000259894324699, -0.000380776909878, -0.000322207954014, 0.000334760756232, -0.00156670890283, 0.00135690474417], [-0.000466681784019, 0.00113324786071, -0.000750267936382, 0.00101581204217, -0.00109422253445, -0.000658829405438, -0.000259894324699, 0.00632461486384, -0.00157210917678, -0.0010262276046, 0.000187571946299, 0.000694384390954, -0.0011172068771], [0.000347958964994, -0.000636189419311, 0.000841273576953, -0.00109965819865, 0.000819461944047, 0.00050828960957, -0.000380776909878, -0.00157210917678, 0.00645077135414, -0.000375919655198, -0.000607423658948, -0.000826570438221, -0.000449187413324], [-0.000304400164168, 0.000933486095164, -0.000969898479525, 0.000610784336459, -0.00124809355475, 0.000750227656681, -0.000322207954014, -0.0010262276046, -0.000375919655198, 0.0071372045204, -0.001344620483, -0.00179311225656, 0.000896450947039], [6.97162977303e-05, -0.0016028691316, 0.000589642382693, 0.000223758615903, 0.000804909679573, -0.00135456770658, 0.000334760756232, 0.000187571946299, -0.000607423658948, -0.001344620483, 0.00819850899279, -0.00045750362915, -0.00120240531396], [-0.000472051702673, 0.00125252897851, -0.00131010473706, 0.000269841664704, -0.00130045227706, 0.00126031669788, -0.00156670890283, 0.000694384390954, -0.000826570438221, -0.00179311225656, -0.00045750362915, 0.00892550032586, -0.000956901756581], [9.87398452708e-05, -0.000841527420562, 0.00101677502971, -0.000667454209179, 0.000412596651586, -0.000156285561388, 0.00135690474417, -0.0011172068771, -0.000449187413324, 0.000896450947039, -0.00120240531396, -0.000956901756581, 0.00966535881162]]
    },
    "melbands": {
        "dmean": [0.000161080548423, 0.000193900195882, 0.000183137162821, 0.000195627420908, 0.000151583677507, 0.000160813506227, 0.000192580468138, 0.000143900469993, 0.000114072390716, 0.000112210029329, 0.000193485800992, 0.000312475021929, 0.000183804761036, 8.12366342871e-05, 6.07590482105e-05, 4.72351239296e-05, 5.00512105646e-05, 4.19335992774e-05, 3.18087440974e-05, 1.54790504894e-05, 1.09353450171e-05, 7.99939334684e-06, 7.9560895756e-06, 8.21102821646e-06, 4.66186656922e-06, 2.76516766462e-06, 2.55304416896e-06, 2.90653792945e-06, 2.37462813857e-06, 1.53954010784e-06, 1.02064802832e-06, 9.16976603094e-07, 8.31249280964e-07, 8.85650081273e-07, 9.40588734011e-07, 7.4974400377e-07, 5.41386441455e-07, 4.43019217755e-07, 4.71817514835e-07, 5.07556137563e-07],
        "dmean2": [0.000254168553511, 0.000319366517942, 0.000305756169837, 0.00031927798409, 0.000238856737269, 0.000242901020101, 0.000303520064335, 0.000226823671255, 0.000179256356205, 0.000183193740668, 0.000299340375932, 0.000486676144646, 0.000278569961665, 0.000124412676087, 9.3603222922e-05, 7.39116439945e-05, 7.81496637501e-05, 6.52373200865e-05, 5.08420234837e-05, 2.37397234741e-05, 1.67228463397e-05, 1.2463218809e-05, 1.25739306895e-05, 1.33619641929e-05, 7.56454710427e-06, 4.49253911938e-06, 4.11331438954e-06, 4.71160274174e-06, 3.79619586965e-06, 2.43856902671e-06, 1.5642872313e-06, 1.38002894801e-06, 1.26289546643e-06, 1.32763045713e-06, 1.4030630382e-06, 1.10508483431e-06, 8.16248757474e-07, 6.60605678604e-07, 7.02232341609e-07, 7.87682608916e-07],
        "dvar": [2.10765421116e-07, 2.13152233641e-07, 1.64243616041e-07, 1.12793273388e-07, 7.88199940871e-08, 1.56533786821e-07, 2.48474151476e-07, 1.90867609717e-07, 1.01321909085e-07, 8.75042687198e-08, 2.54138626588e-07, 6.65020934321e-07, 2.89599427106e-07, 5.15340055074e-08, 3.19912061286e-08, 1.97857570328e-08, 2.40695694487e-08, 1.53099684042e-08, 1.33289193016e-08, 5.15361575637e-09, 2.58790588958e-09, 6.81984413387e-10, 3.67833846715e-10, 5.27334897971e-10, 1.14686933561e-10, 4.49300388561e-11, 4.96027593999e-11, 7.41254141401e-11, 6.17885256848e-11, 1.83404350734e-11, 1.23989048195e-11, 1.45182720013e-11, 9.56057195217e-12, 5.73839023174e-12, 7.85723656277e-12, 1.10797230765e-11, 6.04088307155e-12, 4.04326398751e-12, 5.26450974828e-12, 1.89410744034e-11],
        "dvar2": [5.03033447785e-07, 5.48130344669e-07, 4.29243158351e-07, 2.94617450436e-07, 1.9657201733e-07, 3.23122094414e-07, 5.94743823967e-07, 4.79905054362e-07, 2.38795621499e-07, 2.38091587335e-07, 5.60240209779e-07, 1.58534464845e-06, 6.29602425306e-07, 1.11685842796e-07, 7.01776770029e-08, 4.36785079216e-08, 5.51911512048e-08, 3.50667832549e-08, 3.28536486904e-08, 1.15588374427e-08, 6.10155748149e-09, 1.438754893e-09, 8.37564850809e-10, 1.26191790351e-09, 2.87038393054e-10, 1.08876997695e-10, 1.20151319449e-10, 1.85750179127e-10, 1.50633575058e-10, 4.51177602223e-11, 2.35027587669e-11, 3.01373995204e-11, 1.9290281178e-11, 1.13350674333e-11, 1.58961125513e-11, 2.19625723857e-11, 1.31851075197e-11, 8.79881237315e-12, 1.16480627227e-11, 4.97880972561e-11],
        "max": [0.00827468000352, 0.00780010968447, 0.0110405869782, 0.00643898313865, 0.00729571888223, 0.0132580874488, 0.0169954672456, 0.013879516162, 0.00990833248943, 0.00924151390791, 0.0158964712173, 0.0164527576417, 0.0111830076203, 0.00496191252023, 0.00534202065319, 0.00432808417827, 0.0054765897803, 0.00256289658137, 0.00421321298927, 0.0021190517582, 0.00265357200988, 0.000681566772982, 0.000409635831602, 0.000783759402111, 0.000292682467261, 0.000235076950048, 0.000226695919991, 0.000263459165581, 0.0003277604701, 0.000120566364785, 0.000176413333975, 0.000193064348423, 0.00015577848535, 9.15763812372e-05, 0.000116441791761, 0.000159382660058, 8.39576896396e-05, 9.04262487893e-05, 8.23548034532e-05, 0.000256745726801],
        "mean": [0.000395118491724, 0.000452844571555, 0.000416017952375, 0.000429549545515, 0.000370710971765, 0.000346803513821, 0.000341343315085, 0.000245275703492, 0.000217840875848, 0.000191462837392, 0.000340247584973, 0.000590643379837, 0.000345582986483, 0.000156043359311, 0.000109253531264, 8.33325902931e-05, 9.74707072601e-05, 6.8573965109e-05, 4.88116165798e-05, 2.12501417991e-05, 1.92092065845e-05, 1.47768869283e-05, 1.48882772919e-05, 1.42542994581e-05, 9.1595820777e-06, 5.66908011024e-06, 4.99941324961e-06, 5.14982002642e-06, 4.38899678556e-06, 2.78419315691e-06, 1.93830464923e-06, 1.6738569002e-06, 1.62938817994e-06, 1.73147611804e-06, 1.79915900844e-06, 1.3087529851e-06, 8.71479073794e-07, 7.40058510473e-07, 7.65506058542e-07, 8.30153226161e-07],
        "median": [6.44131869194e-05, 0.000220705376705, 0.000165216944879, 0.000232286489336, 0.000196296852664, 0.000136420101626, 0.000127377308672, 6.36676995782e-05, 6.86713829054e-05, 5.6439646869e-05, 7.99088156782e-05, 9.51390247792e-05, 3.65939449694e-05, 2.56284383795e-05, 2.35251063714e-05, 1.8241476937e-05, 1.91373492271e-05, 1.66523132066e-05, 1.13507421702e-05, 4.48158198196e-06, 4.75968136016e-06, 4.32595379607e-06, 4.50635479865e-06, 4.3396644287e-06, 3.39413350048e-06, 2.32035927183e-06, 1.86635293176e-06, 1.91749450096e-06, 1.4873727423e-06, 9.82606707112e-07, 4.89228000333e-07, 4.19632499415e-07, 4.28464147717e-07, 4.92922140438e-07, 4.6148426236e-07, 2.6334404879e-07, 1.5509806417e-07, 1.2686341222e-07, 1.21670893805e-07, 6.70128414981e-08],
        "min": [2.10827956409e-16, 1.01210643378e-16, 3.24942749693e-17, 1.88035854898e-17, 1.07993251432e-17, 1.25314587167e-17, 2.28546049325e-17, 3.98687125529e-17, 5.14321978993e-17, 5.70258049596e-17, 7.21820566524e-17, 7.75134077539e-17, 4.56689691826e-17, 1.71614135982e-17, 9.66313218765e-18, 1.82103679505e-17, 5.30084931269e-17, 2.57401302008e-17, 9.31077640776e-18, 1.72243339187e-17, 1.36175443794e-17, 1.93577617587e-17, 1.6120625173e-17, 3.24084136217e-17, 2.2606763423e-17, 3.6719324941e-17, 4.51330421724e-17, 2.49067225726e-17, 1.81903965018e-17, 3.38366302848e-17, 1.1749210555e-17, 3.46186402184e-17, 2.36970933495e-17, 4.20679144864e-17, 3.43778711032e-17, 2.92521637194e-17, 1.85125337195e-17, 2.45849757841e-17, 4.2646944224e-17, 5.53197052416e-17],
        "var": [6.22884783752e-07, 4.67402543336e-07, 5.07712513809e-07, 3.47251699395e-07, 2.85786740051e-07, 5.70829456592e-07, 4.52301065934e-07, 3.04863334577e-07, 2.02570689112e-07, 1.60952808415e-07, 5.8674589809e-07, 2.13591306419e-06, 9.36541539431e-07, 1.5976793577e-07, 8.14197420596e-08, 5.3406150613e-08, 1.06281056844e-07, 3.20449800029e-08, 1.99224601261e-08, 6.77589406806e-09, 5.23228438354e-09, 1.81729920001e-09, 1.02297881277e-09, 1.01470654101e-09, 2.77493944489e-10, 1.09584341601e-10, 1.16037957021e-10, 1.22978835448e-10, 1.23413515518e-10, 3.64373670125e-11, 4.02999959792e-11, 3.60416071987e-11, 3.27506737008e-11, 1.82732926013e-11, 2.27889460774e-11, 2.44554116541e-11, 1.17336019373e-11, 7.39254664428e-12, 8.95627842723e-12, 4.27185613272e-11]
    },
    "mfcc": {
        "mean": [-668.943359375, 129.733108521, -14.4838848114, 4.33213567734, -12.3376483917, 0.676135420799, -1.19104242325, 3.24189925194, -8.11606311798, 2.27270936966, -4.95855522156, -5.43140935898, -5.1927690506],
        "cov": [[4579.49560547, -1178.54516602, -448.464752197, -248.20854187, 82.0984802246, 3.76184344292, 164.534545898, 161.407012939, 207.847808838, 122.283813477, 57.8287696838, 160.44078064, 262.668762207], [-1178.54516602, 1752.99536133, 495.57434082, 507.67489624, 275.977813721, 82.0494689941, 81.408493042, -74.9440307617, -161.956329346, -8.03204631805, -52.740650177, -9.0860710144, 48.9908714294], [-448.464752197, 495.57434082, 1882.6463623, 509.017974854, 533.152587891, 93.9465408325, -39.946685791, -128.241714478, -103.880340576, -83.5181045532, -23.4981212616, 49.3714561462, 79.4022293091], [-248.20854187, 507.67489624, 509.017974854, 587.085998535, 251.983444214, 138.954238892, 21.933675766, -23.0061340332, -16.6534671783, -38.5320472717, -30.0822868347, 48.7191696167, 45.366558075], [82.0984802246, 275.977813721, 533.152587891, 251.983444214, 461.067871094, 19.7692012787, 13.3567018509, -45.6696090698, -10.4511842728, -14.0987882614, -33.2751998901, 34.1223602295, 82.2859802246], [3.76184344292, 82.0494689941, 93.9465408325, 138.954238892, 19.7692012787, 256.523834229, 68.6895523071, 42.5905227661, 4.40103626251, -8.61347007751, 37.1306304932, -7.48175907135, 15.8616704941], [164.534545898, 81.408493042, -39.946685791, 21.933675766, 13.3567018509, 68.6895523071, 240.298919678, 43.7152900696, 1.84445011616, 31.4841499329, 39.8353233337, 0.16508975625, 26.6606216431], [161.407012939, -74.9440307617, -128.241714478, -23.0061340332, -45.6696090698, 42.5905227661, 43.7152900696, 180.808456421, 48.0678977966, 25.6612472534, 30.09308815, 8.22371768951, 3.25465345383], [207.847808838, -161.956329346, -103.880340576, -16.6534671783, -10.4511842728, 4.40103626251, 1.84445011616, 48.0678977966, 194.169494629, 18.1130466461, 35.2767410278, 30.6995716095, 3.37016320229], [122.283813477, -8.03204631805, -83.5181045532, -38.5320472717, -14.0987882614, -8.61347007751, 31.4841499329, 25.6612472534, 18.1130466461, 129.433227539, 20.1992168427, 19.766330719, 3.80062294006], [57.8287696838, -52.740650177, -23.4981212616, -30.0822868347, -33.2751998901, 37.1306304932, 39.8353233337, 30.09308815, 35.2767410278, 20.1992168427, 145.375656128, 20.6772785187, 28.1127090454], [160.44078064, -9.0860710144, 49.3714561462, 48.7191696167, 34.1223602295, -7.48175907135, 0.16508975625, 8.22371768951, 30.6995716095, 19.766330719, 20.6772785187, 155.031539917, 58.0357170105], [262.668762207, 48.9908714294, 79.4022293091, 45.366558075, 82.2859802246, 15.8616704941, 26.6606216431, 3.25465345383, 3.37016320229, 3.80062294006, 28.1127090454, 58.0357170105, 172.071594238]],
