{
"lowlevel": {
    "average_loudness": 0.899984240532,
    "barkbands_crest": {
        "dmean": 2.29116678238,
        "dmean2": 3.64919018745,
        "dvar": 4.50977087021,
        "dvar2": 10.9624109268,
        "max": 25.5784759521,
        "mean": 10.5645618439,
        "median": 9.88193511963,
        "min": 2.15389847755,
        "var": 18.8444919586
    },
    "barkbands_flatness_db": {
        "dmean": 0.0207580588758,
        "dmean2": 0.0309593491256,
        "dvar": 0.000412403518567,
        "dvar2": 0.000850098207593,
        "max": 0.488572210073,
        "mean": 0.162727728486,
        "median": 0.155801266432,
        "min": 0.0197515506297,
        "var": 0.00469526229426
    },
    "barkbands_kurtosis": {
        "dmean": 3.58137607574,
        "dmean2": 5.4920091629,
        "dvar": 81.40234375,
        "dvar2": 175.660552979,
        "max": 224.594802856,
        "mean": 7.09701538086,
        "median": 1.51616930962,
        "min": -1.91104280949,
        "var": 342.712738037
    },
    "barkbands_skewness": {
        "dmean": 0.516969442368,
        "dmean2": 0.786708652973,
        "dvar": 0.415983885527,
        "dvar2": 0.876931607723,
        "max": 13.5096101761,
        "mean": 1.7784153223,
        "median": 1.36322438717,
        "min": -3.78051114082,
        "var": 2.9168202877
    },
    "barkbands_spread": {
        "dmean": 5.2139415741,
        "dmean2": 7.91449737549,
        "dvar": 52.7518920898,
        "dvar2": 105.019386292,
        "max": 113.761154175,
        "mean": 23.3635883331,
        "median": 20.4402580261,
        "min": 0.490328788757,
        "var": 261.215545654
    },
    "dissonance": {
        "dmean": 0.0185728501529,
        "dmean2": 0.0316035114229,
        "dvar": 0.000309860799462,
        "dvar2": 0.000852579425555,
        "max": 0.499999970198,
        "mean": 0.464817672968,
        "median": 0.470537126064,
        "min": 0.287492156029,
        "var": 0.000695057737175
    },
    "dynamic_complexity": 2.49174594879,
    "erbbands_crest": {
        "dmean": 2.51429009438,
        "dmean2": 4.03071498871,
        "dvar": 5.61632919312,
        "dvar2": 13.7133216858,
        "max": 31.7954559326,
        "mean": 9.33492469788,
        "median": 8.17783927917,
        "min": 2.40323114395,
        "var": 20.5650978088
    },
    "erbbands_flatness_db": {
        "dmean": 0.0162364989519,
        "dmean2": 0.0238207913935,
        "dvar": 0.000243165617576,
        "dvar2": 0.000492549210321,
        "max": 0.42451107502,
        "mean": 0.170522481203,
        "median": 0.158458039165,
        "min": 0.0457270033658,
        "var": 0.00385101838037
    },
    "erbbands_kurtosis": {
        "dmean": 0.765207767487,
        "dmean2": 1.21262049675,
        "dvar": 1.13837456703,
        "dvar2": 2.5399646759,
        "max": 42.7153930664,
        "mean": 0.232233345509,
        "median": -0.21201133728,
        "min": -1.75663983822,
        "var": 2.82105875015
    },
    "erbbands_skewness": {
        "dmean": 0.324901789427,
        "dmean2": 0.493098080158,
        "dvar": 0.0998150408268,
        "dvar2": 0.209883376956,
        "max": 6.02734422684,
        "mean": 0.384603440762,
        "median": 0.404441356659,
        "min": -3.24233293533,
        "var": 0.510955810547
    },
    "erbbands_spread": {
        "dmean": 7.59290456772,
        "dmean2": 11.691400528,
        "dvar": 76.5324020386,
        "dvar2": 174.234649658,
        "max": 162.230117798,
        "mean": 41.1586799622,
        "median": 38.7245635986,
        "min": 4.01060771942,
        "var": 394.145385742
    },
    "hfc": {
        "dmean": 8.78601360321,
        "dmean2": 13.2433128357,
        "dvar": 711.704040527,
        "dvar2": 1709.93981934,
        "max": 520.95324707,
        "mean": 25.9080505371,
        "median": 16.3324050903,
        "min": 6.89988866043e-08,
        "var": 1248.3001709
    },
    "melbands_crest": {
        "dmean": 3.09867930412,
        "dmean2": 5.01510286331,
        "dvar": 9.16799736023,
        "dvar2": 23.3553009033,
        "max": 38.7972717285,
        "mean": 16.4832496643,
        "median": 14.7497806549,
        "min": 2.45355534554,
        "var": 59.2549552917
    },
    "melbands_flatness_db": {
        "dmean": 0.0230283495039,
        "dmean2": 0.0341208577156,
        "dvar": 0.000574082834646,
        "dvar2": 0.00113523448817,
        "max": 0.615846395493,
        "mean": 0.204583331943,
        "median": 0.191766619682,
        "min": 0.00854195374995,
        "var": 0.00642576348037
    },
    "melbands_kurtosis": {
        "dmean": 9.36368370056,
        "dmean2": 14.6612710953,
        "dvar": 552.41809082,
        "dvar2": 1273.74682617,
        "max": 760.698486328,
        "mean": 21.5162963867,
        "median": 7.49302959442,
        "min": -1.83829474449,
        "var": 2496.5534668
    },
    "melbands_skewness": {
        "dmean": 0.737341046333,
        "dmean2": 1.13865840435,
        "dvar": 0.875874638557,
        "dvar2": 1.99676322937,
        "max": 24.4638729095,
        "mean": 3.01497268677,
        "median": 2.43403244019,
        "min": -1.55939817429,
        "var": 6.03225708008
    },
    "melbands_spread": {
        "dmean": 6.67955589294,
        "dmean2": 10.2098407745,
        "dvar": 119.981704712,
        "dvar2": 244.449035645,
        "max": 220.458099365,
        "mean": 24.8944950104,
        "median": 20.1536312103,
        "min": 0.257025033236,
        "var": 475.438079834
    },
    "pitch_salience": {
        "dmean": 0.0653744116426,
        "dmean2": 0.103181138635,
        "dvar": 0.00376185402274,
        "dvar2": 0.00899565313011,
        "max": 0.859546124935,
        "mean": 0.505153715611,
        "median": 0.507646799088,
        "min": 0.0536431744695,
        "var": 0.0217461362481
    },
    "silence_rate_20dB": {
        "dmean": 0,
        "dmean2": 0,
        "dvar": 0,
        "dvar2": 0,
        "max": 1,
        "mean": 1,
        "median": 1,
        "min": 1,
        "var": 0
    },
    "silence_rate_30dB": {
        "dmean": 0.0126775447279,
        "dmean2": 0.0253580659628,
        "dvar": 0.012516499497,
        "dvar2": 0.0305836033076,
        "max": 1,
        "mean": 0.989201903343,
        "median": 1,
        "min": 0,
        "var": 0.0106807481498
    },
    "silence_rate_60dB": {
        "dmean": 0.00798215717077,
        "dmean2": 0.0159661900252,
        "dvar": 0.00791896227747,
        "dvar2": 0.0187635887414,
        "max": 1,
        "mean": 0.0237089209259,
        "median": 0,
        "min": 0,
        "var": 0.0231490787119
    },
    "spectral_centroid": {
        "dmean": 257.359344482,
        "dmean2": 383.569763184,
        "dvar": 84429.984375,
        "dvar2": 164687.234375,
        "max": 5265.18212891,
        "mean": 1594.7565918,
        "median": 1594.24755859,
        "min": 156.703201294,
        "var": 548246.875
    },
    "spectral_complexity": {
        "dmean": 2.99518728256,
        "dmean2": 4.70016431808,
        "dvar": 12.7816858292,
        "dvar2": 24.5874290466,
        "max": 58,
        "mean": 17.3245296478,
        "median": 16,
        "min": 0,
        "var": 70.3898010254
    },
    "spectral_decrease": {
        "dmean": 2.15571982487e-09,
        "dmean2": 3.40864758641e-09,
        "dvar": 1.2607577531e-17,
        "dvar2": 3.09759154718e-17,
        "max": -2.30244792926e-19,
        "mean": -7.57386064976e-09,
        "median": -6.11359185498e-09,
        "min": -6.31394954098e-08,
        "var": 3.55342530559e-17
    },
    "spectral_energy": {
        "dmean": 0.00866225082427,
        "dmean2": 0.0137014640495,
        "dvar": 0.000194917243789,
        "dvar2": 0.000472456449643,
        "max": 0.244688779116,
        "mean": 0.0309354644269,
        "median": 0.0258109979331,
        "min": 7.1273958957e-12,
        "var": 0.000538025808055
    },
    "spectral_energyband_high": {
        "dmean": 0.000703662459273,
        "dmean2": 0.00106890744064,
        "dvar": 5.46504497834e-06,
        "dvar2": 1.32720306283e-05,
        "max": 0.0508820489049,
        "mean": 0.00150252308231,
        "median": 0.000596969854087,
        "min": 5.49268009548e-12,
        "var": 1.04300006569e-05
    },
    "spectral_energyband_low": {
        "dmean": 0.00517450273037,
        "dmean2": 0.00830968189985,
        "dvar": 0.000115982038551,
        "dvar2": 0.000289114948828,
        "max": 0.140327066183,
        "mean": 0.0143424216658,
        "median": 0.00614384515211,
        "min": 1.56729040553e-13,
        "var": 0.0003806722234
    },
    "spectral_energyband_middle_high": {
        "dmean": 0.00204362836666,
        "dmean2": 0.00314806308597,
        "dvar": 1.22529418149e-05,
        "dvar2": 2.88934843411e-05,
        "max": 0.0678853616118,
        "mean": 0.00635059084743,
        "median": 0.00345072429627,
        "min": 1.10094572348e-12,
        "var": 5.78271174163e-05
    },
    "spectral_energyband_middle_low": {
        "dmean": 0.00431030988693,
        "dmean2": 0.00707245478407,
        "dvar": 0.000126386788907,
        "dvar2": 0.000354179239366,
        "max": 0.217928245664,
        "mean": 0.00946412049234,
        "median": 0.00721908733249,
        "min": 2.06308819854e-13,
        "var": 0.000110635402962
    },
    "spectral_entropy": {
        "dmean": 0.144004896283,
        "dmean2": 0.210950434208,
        "dvar": 0.0257696919143,
        "dvar2": 0.0491299182177,
        "max": 8.96581172943,
        "mean": 7.58021068573,
        "median": 7.61497592926,
        "min": 5.56759023666,
        "var": 0.218681961298
    },
    "spectral_flux": {
        "dmean": 0.0232778079808,
        "dmean2": 0.0361170433462,
        "dvar": 0.000932309078053,
        "dvar2": 0.00168873940129,
        "max": 0.499635338783,
        "mean": 0.0841996222734,
        "median": 0.0734634548426,
        "min": 4.23194469477e-05,
        "var": 0.00266542308964
    },
    "spectral_kurtosis": {
        "dmean": 1.36100208759,
        "dmean2": 2.32827496529,
        "dvar": 6.7938747406,
        "dvar2": 20.5639762878,
        "max": 73.2404098511,
        "mean": 3.52859783173,
        "median": 2.83337640762,
        "min": -1.10706031322,
        "var": 14.8947668076
    },
    "spectral_rms": {
        "dmean": 0.000710399996024,
        "dmean2": 0.00110048148781,
        "dvar": 7.94857442088e-07,
        "dvar2": 1.75098114141e-06,
        "max": 0.0154505912215,
        "mean": 0.00513644050807,
        "median": 0.00501811318099,
        "min": 8.33879880702e-08,
        "var": 3.7978866203e-06
    },
    "spectral_rolloff": {
        "dmean": 575.289733887,
        "dmean2": 955.437866211,
        "dvar": 1601216.875,
        "dvar2": 3506792,
        "max": 16537.5,
        "mean": 1725.05444336,
        "median": 1076.66015625,
        "min": 43.06640625,
        "var": 3933785.75
    },
    "spectral_skewness": {
        "dmean": 0.18721523881,
        "dmean2": 0.305350959301,
        "dvar": 0.0504584871233,
        "dvar2": 0.137702554464,
        "max": 6.25644397736,
        "mean": 1.36452043056,
        "median": 1.32577133179,
        "min": -0.02432975173,
        "var": 0.199409916997
    },
    "spectral_spread": {
        "dmean": 507397.0625,
        "dmean2": 733552.3125,
        "dvar": 463163686912,
        "dvar2": 816283058176,
        "max": 16395505,
        "mean": 4891351.5,
        "median": 4615735,
        "min": 982112.0625,
        "var": 3.24511937331e+12
    },
    "spectral_strongpeak": {
        "dmean": 0.476506322622,
        "dmean2": 0.801643192768,
        "dvar": 0.931376874447,
        "dvar2": 2.41325807571,
        "max": 26.8394260406,
        "mean": 0.990838885307,
        "median": 0.494492322206,
        "min": 0,
        "var": 1.93830096722
    },
    "zerocrossingrate": {
        "dmean": 0.0106977671385,
        "dmean2": 0.0121879428625,
        "dvar": 0.000264065049123,
        "dvar2": 0.000281021406408,
        "max": 0.6552734375,
        "mean": 0.0666397884488,
        "median": 0.0576171875,
        "min": 0.00146484375,
        "var": 0.00237271655351
    },
    "barkbands": {
        "dmean": [0.00102181744296, 0.00320977717638, 0.00226154620759, 0.00125963520259, 0.00155142287258, 0.000815886654891, 0.000407053797971, 0.000682544894516, 0.000890082330443, 0.000700179603882, 0.000724614132196, 0.000528260483406, 0.000303745095152, 0.00033368988079, 0.000314498523949, 0.000198937617824, 0.000129777181428, 0.000158725495567, 0.000228680190048, 0.000252737430856, 0.000117840827443, 8.556402463e-05, 9.26321954466e-05, 0.000148783219629, 0.000162893455126, 9.13161493372e-05, 1.83028878382e-05],
        "dmean2": [0.00149331288412, 0.00491902185604, 0.00384045881219, 0.0022734454833, 0.002565654926, 0.00128597358707, 0.000683975755237, 0.00110749935266, 0.00139571586624, 0.00107661040965, 0.00114467123058, 0.000844458758365, 0.000486732518766, 0.000535863218829, 0.000488535966724, 0.000323268817738, 0.000210791782592, 0.000254588201642, 0.000356356438715, 0.0003831826034, 0.000190282444237, 0.000135395501275, 0.000142524862895, 0.000231863348745, 0.000254768470768, 0.000150940322783, 2.99415332847e-05],
        "dvar": [9.39170240599e-06, 5.63132525713e-05, 4.92996514367e-05, 3.77030337404e-05, 2.39537894231e-05, 2.2651170184e-06, 1.3351780126e-06, 2.10211373997e-06, 3.37223605129e-06, 2.97159317597e-06, 4.66200526716e-06, 1.92844299818e-06, 9.38221376146e-07, 5.52208064164e-07, 6.24017616246e-07, 4.7703213113e-07, 1.62000219461e-07, 1.46732375583e-07, 2.46058533548e-07, 2.39166752181e-07, 1.03981527388e-07, 8.08640194805e-08, 8.1138828989e-08, 2.98241332075e-07, 5.12812221132e-07, 3.14058354434e-07, 1.77118248956e-08],
        "dvar2": [1.86909401236e-05, 0.000127444203827, 0.000133838620968, 0.000109727465315, 6.75929622957e-05, 5.42414863958e-06, 3.6463793549e-06, 5.52011943e-06, 8.14811210148e-06, 6.50529909763e-06, 1.10524251795e-05, 4.66679557576e-06, 2.28854059969e-06, 1.30964008349e-06, 1.46199647588e-06, 1.18248090075e-06, 3.78187678507e-07, 3.53964765054e-07, 5.88104853705e-07, 5.15187878136e-07, 2.73966293207e-07, 1.85835688171e-07, 1.87425627018e-07, 7.32036653517e-07, 1.28833460167e-06, 8.30117585338e-07, 4.31578470739e-08],
        "max": [0.0776101499796, 0.117690823972, 0.0901794135571, 0.110475704074, 0.096912316978, 0.0285007171333, 0.0154161620885, 0.039042070508, 0.0339524298906, 0.0349794775248, 0.0578796565533, 0.0353724583983, 0.027823170647, 0.0173733029515, 0.0188077371567, 0.0128293288872, 0.0128215150908, 0.01325590536, 0.0126501070336, 0.0106800999492, 0.00878364127129, 0.0127467205748, 0.00995451770723, 0.0223446059972, 0.0227034687996, 0.0134727042168, 0.00277142878622],
        "mean": [0.00273718684912, 0.00763455685228, 0.00362082733773, 0.00138702674303, 0.00248082936741, 0.00165358767845, 0.000527139403857, 0.00113298289943, 0.00157998630311, 0.00119921634905, 0.00139299081638, 0.000931963673793, 0.00051054242067, 0.000543760543223, 0.000537137966603, 0.000274910678854, 0.000210998943658, 0.00029221069417, 0.000505298317876, 0.000629521440715, 0.000212177590583, 0.000147100392496, 0.000168115540873, 0.000264394999249, 0.000249015487498, 9.64880964602e-05, 1.54771623784e-05],
        "median": [2.12687991734e-05, 0.00140847614966, 0.000877625658177, 0.000354774470907, 0.00114477542229, 0.0006748312735, 0.000190536273294, 0.000435543013737, 0.000465680466732, 0.000297222286463, 0.000290602241876, 0.000228433375014, 0.000135206893901, 0.000201583621674, 0.000148084014654, 7.45562283555e-05, 8.73555109138e-05, 0.000125857724925, 0.000189584650798, 0.000206402284675, 9.137060988e-05, 4.52289896202e-05, 4.87415309181e-05, 6.8371911766e-05, 3.16548830597e-05, 4.40548456027e-06, 2.16647144669e-09],
        "min": [2.65958614723e-13, 2.96700869169e-14, 1.07639811913e-14, 1.61802740802e-14, 1.76440960909e-14, 1.52805319667e-14, 2.74576639637e-14, 5.43410836348e-14, 4.05239399979e-14, 5.89682992648e-14, 2.42238378607e-14, 9.8861043863e-14, 5.62812634225e-14, 8.74099309101e-14, 1.46309979648e-13, 1.29893966134e-13, 1.303710693e-13, 1.223784122e-13, 1.3825609223e-13, 2.4024545916e-13, 3.50852837451e-13, 2.59367153406e-13, 5.4333761882e-13, 5.25936607633e-13, 1.01154533968e-12, 1.23201091256e-12, 1.4867040975e-12],
        "var": [4.74436019431e-05, 0.000166407000506, 6.05733475822e-05, 2.3063068511e-05, 2.1027179173e-05, 6.67904123475e-06, 1.34894730763e-06, 4.35077390648e-06, 8.49135267345e-06, 7.74705495132e-06, 1.54076551553e-05, 5.04840363647e-06, 1.86065938124e-06, 1.16670435091e-06, 1.42135968417e-06, 6.5470754862e-07, 2.58919044427e-07, 3.48535053263e-07, 7.22600134395e-07, 9.68377321442e-07, 1.47104827875e-07, 1.62577876495e-07, 1.82199698884e-07, 6.84670283135e-07, 1.04679497781e-06, 2.70882367204e-07, 1.54859716162e-08]
    },
    "erbbands": {
        "dmean": [0.154334738851, 0.590134978294, 2.208081007, 3.45045208931, 5.16065168381, 4.69596576691, 5.67943048477, 7.21081733704, 6.35821008682, 9.51395893097, 14.3098640442, 18.7664031982, 24.4850673676, 18.8429050446, 27.5906257629, 18.059551239, 12.4659795761, 16.4363422394, 16.4954395294, 12.2869720459, 10.1064176559, 6.6774892807, 7.10705280304, 12.382226944, 9.38570404053, 11.5309066772, 7.10018825531, 3.09100198746, 2.88593220711, 3.13706803322, 2.6556520462, 2.43632411957, 2.99394416809, 2.33541059494, 0.925236105919, 0.373259812593, 0.196381554008, 0.0341665185988, 0.00351504818536, 0.000105140970845],
        "dmean2": [0.24344317615, 0.874954938889, 3.67590212822, 5.98181772232, 8.82449150085, 7.84378480911, 8.87217521667, 11.5698080063, 10.5677518845, 15.6533117294, 23.1059989929, 29.3914718628, 37.088722229, 30.6904964447, 43.8350791931, 29.0339584351, 19.8042469025, 26.499004364, 25.6773376465, 19.4867954254, 16.2475986481, 10.7080974579, 11.4328508377, 19.5159568787, 14.1321783066, 17.3701152802, 10.9125032425, 5.06465435028, 4.52755641937, 4.9209227562, 4.14444875717, 3.74769639969, 4.72165203094, 3.71861076355, 1.4155985117, 0.587717652321, 0.336385577917, 0.0564889572561, 0.00571921747178, 0.000175441164174],
        "dvar": [0.168516635895, 2.06723952293, 44.4531936646, 213.026306152, 443.29699707, 204.212722778, 106.442687988, 243.592803955, 297.468292236, 487.204315186, 795.3984375, 1729.19665527, 3002.90527344, 4532.22412109, 5757.01513672, 2171.84936523, 1184.61962891, 1539.08105469, 1650.56945801, 1114.97290039, 1318.82714844, 367.590820312, 265.008148193, 670.418945312, 449.952728271, 609.909362793, 274.145477295, 99.419670105, 102.037467957, 99.9196777344, 67.6295700073, 57.8994903564, 159.230316162, 117.976135254, 15.7193536758, 3.63323521614, 1.87856662273, 0.0538507662714, 0.000691086053848, 6.80836194533e-07],
        "dvar2": [0.45066395402, 4.02167892456, 115.737487793, 600.597473145, 1232.1204834, 587.17364502, 259.985992432, 603.295410156, 787.108093262, 1309.69641113, 2012.5090332, 4245.62255859, 6325.18945312, 11878.8935547, 13879.0595703, 5373.3046875, 2815.26708984, 3752.74902344, 3850.09228516, 2685.04858398, 3241.57177734, 863.72833252, 666.994689941, 1564.1295166, 993.502258301, 1331.55310059, 657.81817627, 252.137115479, 234.602813721, 231.307601929, 161.044067383, 138.496353149, 401.806335449, 307.538452148, 37.6868133545, 9.25706195831, 5.06396389008, 0.136945545673, 0.00167169363704, 1.79852247584e-06],
        "max": [6.02562761307, 25.6055335999, 87.7105102539, 229.182693481, 408.287445068, 303.42086792, 239.257003784, 317.232971191, 304.874481201, 425.435394287, 628.375366211, 934.464111328, 1502.93847656, 2034.64929199, 2230.83447266, 1452.06396484, 1072.62683105, 1096.92541504, 1040.40759277, 638.289672852, 873.289916992, 384.042999268, 401.285980225, 824.026428223, 575.447814941, 653.50970459, 409.493927002, 262.836120605, 463.672424316, 368.926239014, 216.820831299, 292.361022949, 479.30682373, 356.235198975, 123.632461548, 47.3658485413, 28.3634815216, 4.53408765793, 0.586115300655, 0.0280798375607],
        "mean": [0.357467651367, 1.22434735298, 3.67858290672, 4.89723825455, 6.36287212372, 7.64223861694, 11.7794799805, 13.8121843338, 9.15164661407, 15.3646736145, 25.7006435394, 34.4363594055, 46.7676544189, 35.462688446, 56.4438552856, 35.5172233582, 23.4877948761, 29.1105327606, 28.885925293, 20.7303543091, 15.0060567856, 11.7504243851, 14.4018249512, 26.6061573029, 24.0812664032, 28.6270122528, 16.4409503937, 5.70427465439, 4.98852396011, 5.42240476608, 4.82755756378, 4.8449549675, 4.70282125473, 3.54875516891, 1.34401524067, 0.470091164112, 0.182148724794, 0.030727783218, 0.00301619037054, 0.000119073614769],
        "median": [0.0236233156174, 0.339260518551, 1.14005684853, 1.59619235992, 1.50737833977, 3.71108055115, 5.43241977692, 5.06370306015, 3.90276932716, 5.9181137085, 10.2048091888, 11.5161972046, 12.9495220184, 8.94827461243, 13.9816989899, 10.227104187, 7.97248744965, 12.2173595428, 9.60933303833, 7.55403757095, 4.82266521454, 5.17315006256, 6.8222360611, 11.3250312805, 8.41137313843, 9.9708366394, 6.46579933167, 2.61568951607, 1.60629892349, 1.55685937405, 1.41427981853, 1.35157203674, 1.05938529968, 0.504747331142, 0.133216530085, 0.0334271974862, 0.00458711851388, 0.000222588263568, 3.25179134961e-05, 3.83018959838e-05],
        "min": [2.97959833889e-12, 1.44420413128e-12, 9.24501534355e-12, 4.10573831877e-11, 3.99439405163e-11, 8.51759704434e-11, 1.04866046402e-10, 9.45835146315e-11, 1.76938394492e-10, 9.40479027989e-10, 1.14281484276e-09, 8.9307744533e-10, 1.93640570245e-09, 1.32117372598e-09, 2.3706194785e-09, 3.13213366354e-09, 2.59884846976e-09, 5.25007104457e-09, 3.32327299013e-09, 9.6938759242e-09, 6.92204382702e-09, 8.58561666206e-09, 6.09790529182e-09, 6.08334760344e-09, 7.98568589033e-09, 1.29141293215e-08, 1.52724428659e-08, 1.18490062206e-08, 8.98643293112e-09, 1.46133194434e-08, 1.48937031597e-08, 9.49623313318e-09, 9.37588584549e-09, 7.99290056364e-09, 8.82881590059e-09, 4.83314366306e-09, 2.53643772652e-09, 8.98072838318e-10, 2.2898825891e-10, 1.8767813692e-11],
        "var": [0.449104785919, 5.23382997513, 67.7532043457, 147.433135986, 348.044494629, 176.963699341, 339.173217773, 572.545959473, 311.546508789, 823.12902832, 1888.24853516, 4158.890625, 10152.6308594, 11025.8056641, 20743.0976562, 5839.34912109, 2657.75341797, 3249.66064453, 3740.15600586, 1707.80908203, 1932.42016602, 576.366577148, 579.15032959, 2106.56445312, 1853.42919922, 2155.25073242, 696.055847168, 149.483551025, 207.226486206, 192.568908691, 152.95765686, 175.164321899, 280.482940674, 209.399642944, 33.5294189453, 4.6002831459, 1.39865958691, 0.0446408726275, 0.000605400651693, 5.0594996992e-07]
    },
    "gfcc": {
        "mean": [-4.77848482132, 84.9641036987, -131.938552856, 34.1374320984, -69.8812408447, 17.9525318146, -33.0925598145, 10.6447496414, -27.9530658722, -0.957765638828, -6.58658790588, -11.6254024506, -4.48063898087],
        "cov": [[4266.26757812, -1455.64196777, 1112.1550293, 336.900390625, 119.334091187, 469.558532715, -296.317932129, 691.912414551, -194.162322998, 394.72088623, -159.842498779, 209.949356079, -119.923942566], [-1455.64196777, 2514.32275391, 205.414337158, 442.632385254, 426.963500977, -211.080581665, 402.462554932, -374.267333984, 206.085586548, -262.785583496, 271.506988525, -247.981018066, 177.483230591], [1112.1550293, 205.414337158, 2068.40673828, 767.283325195, 441.226348877, 335.118469238, -67.0567321777, 207.505264282, -49.9581069946, 227.022003174, -138.462905884, 200.965362549, -68.7091445923], [336.900390625, 442.632385254, 767.283325195, 803.602172852, 266.624084473, 208.390457153, 50.2495689392, 145.866256714, 105.534599304, 21.3883018494, 88.3588104248, -30.0862083435, 107.420425415], [119.334091187, 426.963500977, 441.226348877, 266.624084473, 409.638519287, 98.3942184448, 147.961395264, 49.4044380188, 78.8402862549, 44.2461204529, -5.08235216141, 37.311870575, 30.6885700226], [469.558532715, -211.080581665, 335.118469238, 208.390457153, 98.3942184448, 369.970733643, 76.9327087402, 161.51625061, 27.6776657104, 89.3114471436, -2.22648334503, 63.5306510925, -9.8422203064], [-296.317932129, 402.462554932, -67.0567321777, 50.2495689392, 147.961395264, 76.9327087402, 334.590667725, -10.8282423019, 93.0259017944, -21.8727092743, 110.961502075, -12.1699819565, 49.7747802734], [691.912414551, -374.267333984, 207.505264282, 145.866256714, 49.4044380188, 161.51625061, -10.8282423019, 327.538635254, 10.1900444031, 131.188156128, 25.5498771667, 47.2322235107, 34.0594673157], [-194.162322998, 206.085586548, -49.9581069946, 105.534599304, 78.8402862549, 27.6776657104, 93.0259017944, 10.1900444031, 240.595916748, 4.50858592987, 79.6017303467, 1.56797611713, 43.8421325684], [394.72088623, -262.785583496, 227.022003174, 21.3883018494, 44.2461204529, 89.3114471436, -21.8727092743, 131.188156128, 4.50858592987, 193.129379272, -2.03505063057, 83.71118927, -21.5425701141], [-159.842498779, 271.506988525, -138.462905884, 88.3588104248, -5.08235216141, -2.22648334503, 110.961502075, 25.5498771667, 79.6017303467, -2.03505063057, 284.760101318, -37.4402999878, 113.495155334], [209.949356079, -247.981018066, 200.965362549, -30.0862083435, 37.311870575, 63.5306510925, -12.1699819565, 47.2322235107, 1.56797611713, 83.71118927, -37.4402999878, 201.932998657, -31.9193019867], [-119.923942566, 177.483230591, -68.7091445923, 107.420425415, 30.6885700226, -9.8422203064, 49.7747802734, 34.0594673157, 43.8421325684, -21.5425701141, 113.495155334, -31.9193019867, 168.907623291]],
        "icov": [[0.000480913004139, 0.000160167342983, -0.000137744136737, 7.44972294342e-06, -0.000218440036406, -0.000122037563415, 0.000254441431025, -0.000670398236252, 0.000237210217165, -4.04952443205e-05, -0.000151970336447, 0.000113972717372, 0.000262073532213], [0.000160167342983, 0.00140393420588, -0.000406937353546, -0.000275659840554, -0.00104257336352, 0.000754449283704, -0.000805700139608, 0.00107255752664, -0.00021553550323, 0.00065545324469, -0.000883005850483, 0.00111941364594, -0.00015277514467], [-0.000137744136737, -0.000406937353546, 0.00157456554007, -0.00132513127755, -0.000465138378786, -0.000346917920979, 0.000524671864696, 0.000181488037924, 0.000841217057314, -0.0011704324279, 0.000569486990571, -0.0012416143436, 0.000701222219504], [7.44972294342e-06, -0.000275659840554, -0.00132513127755, 0.00374057283625, -0.000626229681075, -0.00123295269441, 0.000985285500064, -0.000986500061117, -0.00119159801397, 0.00153571041301, -0.000780612346716, 0.00133155437652, -0.00139117718209], [-0.000218440036406, -0.00104257336352, -0.000465138378786, -0.000626229681075, 0.00571323465556, 0.000117404102639, -0.00202091224492, -0.000605206063483, -0.000729616382159, -0.00115036126226, 0.00214969925582, -0.000994470203295, -0.000753875880037], [-0.000122037563415, 0.000754449283704, -0.000346917920979, -0.00123295269441, 0.000117404102639, 0.00517804687843, -0.00230102823116, -0.00074123358354, -0.000173230408109, -0.000194139691303, 0.000155394271133, -0.00017116725212, 0.000754985201638], [0.000254441431025, -0.000805700139608, 0.000524671864696, 0.000985285500064, -0.00202091224492, -0.00230102823116, 0.00615628482774, -0.000632540846709, -0.000385605701013, 0.000551203382201, -0.00161807553377, -0.000486970326165, 0.000326154113282], [-0.000670398236252, 0.00107255752664, 0.000181488037924, -0.000986500061117, -0.000605206063483, -0.00074123358354, -0.000632540846709, 0.00764337833971, -0.000212081038626, -0.00266860704869, -0.000522795133293, 0.000908058485948, -0.00195228715893], [0.000237210217165, -0.00021553550323, 0.000841217057314, -0.00119159801397, -0.000729616382159, -0.000173230408109, -0.000385605701013, -0.000212081038626, 0.00581537187099, -0.000943061662838, -0.000648640154395, -0.00102374644484, 0.000386430619983], [-4.04952443205e-05, 0.00065545324469, -0.0011704324279, 0.00153571041301, -0.00115036126226, -0.000194139691303, 0.000551203382201, -0.00266860704869, -0.000943061662838, 0.0102501399815, -0.00192183977924, -0.00126731058117, 0.00100706610829], [-0.000151970336447, -0.000883005850483, 0.000569486990571, -0.000780612346716, 0.00214969925582, 0.000155394271133, -0.00161807553377, -0.000522795133293, -0.000648640154395, -0.00192183977924, 0.00680284993723, -0.000439073715825, -0.00298203714192], [0.000113972717372, 0.00111941364594, -0.0012416143436, 0.00133155437652, -0.000994470203295, -0.00017116725212, -0.000486970326165, 0.000908058485948, -0.00102374644484, -0.00126731058117, -0.000439073715825, 0.00802689231932, -0.000400116870878], [0.000262073532213, -0.00015277514467, 0.000701222219504, -0.00139117718209, -0.000753875880037, 0.000754985201638, 0.000326154113282, -0.00195228715893, 0.000386430619983, 0.00100706610829, -0.00298203714192, -0.000400116870878, 0.00987178087234]]
    },
    "melbands": {
        "dmean": [0.00108656811062, 0.000953700742684, 0.000636083364952, 0.000346311746398, 0.000201288683456, 0.000159757400979, 9.23803454498e-05, 0.000116742492537, 0.000123348319903, 0.000124211524962, 0.000123356396216, 7.5651340012e-05, 9.08425572561e-05, 6.24457679805e-05, 3.87325671909e-05, 2.94661222142e-05, 3.37325727742e-05, 2.79057421722e-05, 2.40902463702e-05, 1.42773860716e-05, 1.20361764857e-05, 7.77010154707e-06, 6.27403460385e-06, 7.71800114308e-06, 1.17612471513e-05, 7.16906515663e-06, 7.91473394202e-06, 8.64001503942e-06, 5.94575521973e-06, 2.81838538285e-06, 1.73290720795e-06, 1.73875866949e-06, 1.74761714788e-06, 1.83931229003e-06, 1.6506751308e-06, 1.48298943259e-06, 1.58468446898e-06, 2.09071072277e-06, 2.01067518901e-06, 2.19841808757e-06],
        "dmean2": [0.00166216224898, 0.00151367741637, 0.00109054939821, 0.000588812225033, 0.000314067990985, 0.000254991842667, 0.000153614659212, 0.000191356317373, 0.000197846078663, 0.000194467938854, 0.000186269229744, 0.000124079670059, 0.000144801480928, 0.00010041268979, 6.2089486164e-05, 4.72579376947e-05, 5.44648792129e-05, 4.39542345703e-05, 3.76143907488e-05, 2.26514621318e-05, 1.95544635062e-05, 1.25903643493e-05, 1.01066334537e-05, 1.22877281683e-05, 1.87090918189e-05, 1.09624270408e-05, 1.20097993204e-05, 1.32221630338e-05, 9.14089196158e-06, 4.67056679554e-06, 2.84756492874e-06, 2.75861907539e-06, 2.77820731753e-06, 2.92262961921e-06, 2.63820652435e-06, 2.30260025091e-06, 2.46811327997e-06, 3.36171729032e-06, 3.12829047289e-06, 3.58161400982e-06],
        "dvar": [7.21410424376e-06, 6.56776364849e-06, 6.70369763611e-06, 1.71426017914e-06, 1.35697916903e-07, 1.08507265395e-07, 6.16542052967e-08, 7.47010275859e-08, 5.81390757759e-08, 7.66482131098e-08, 7.63436673878e-08, 7.18073920325e-08, 6.50853806405e-08, 2.62720050159e-08, 1.08821538447e-08, 1.1642260489e-08, 6.02697092233e-09, 4.77587258629e-09, 3.76124242862e-09, 1.80337988986e-09, 2.01668237665e-09, 5.29270960392e-10, 2.64563537744e-10, 3.83696519002e-10, 6.43597508621e-10, 2.50886422748e-10, 2.91903445859e-10, 3.45197120888e-10, 1.74886938265e-10, 1.04730696338e-10, 3.53124959829e-11, 4.51369532029e-11, 3.18924990583e-11, 3.51210796556e-11, 2.63413648532e-11, 1.98920307309e-11, 2.77726106002e-11, 7.27057303251e-11, 6.4422057966e-11, 1.2303076613e-10],
        "dvar2": [1.76599623956e-05, 1.592834451e-05, 1.86775159818e-05, 4.87284796691e-06, 3.48798266714e-07, 2.68180485818e-07, 1.64374142742e-07, 1.99569967663e-07, 1.43928929219e-07, 1.87324346257e-07, 1.60445097208e-07, 1.88388128208e-07, 1.55358563347e-07, 6.49640412576e-08, 2.5663416281e-08, 2.85046795057e-08, 1.4592673736e-08, 1.11616671461e-08, 8.98530316817e-09, 4.2468784045e-09, 4.91583573847e-09, 1.23143817365e-09, 6.82087997195e-10, 9.8030839002e-10, 1.52703716338e-09, 5.43452449708e-10, 6.23390283838e-10, 7.99580901489e-10, 3.93189952819e-10, 2.97242258585e-10, 8.40502112354e-11, 1.07191477916e-10, 7.4649619819e-11, 8.37346789129e-11, 6.57462279063e-11, 4.65591419585e-11, 6.97248161985e-11, 1.83162859879e-10, 1.58106847059e-10, 3.28553129147e-10],
        "max": [0.0433610826731, 0.0348704755306, 0.0434901379049, 0.0265290047973, 0.0076197818853, 0.00697074923664, 0.00424800440669, 0.00665564509109, 0.0066706170328, 0.00622864672914, 0.00732159940526, 0.00796650163829, 0.00614887941629, 0.00424355641007, 0.00320319458842, 0.00373923918232, 0.00222352426499, 0.00184004579205, 0.0012950716773, 0.000840182532556, 0.00124629517086, 0.0006085257628, 0.000305059569655, 0.000848173105624, 0.000750087376218, 0.000424751604442, 0.000435532652773, 0.000425285572419, 0.0002743692894, 0.000363068713341, 0.000211162434425, 0.000332736148266, 0.000167099991813, 0.000221773909288, 0.000150671476149, 0.000146795369801, 0.000264896196313, 0.000292480923235, 0.000345779029885, 0.000274713180261],
        "mean": [0.00275056739338, 0.00182412844151, 0.000916119257454, 0.000485858618049, 0.000424162717536, 0.000312177755404, 0.000129193504108, 0.000189366095583, 0.000224159899517, 0.00022216985235, 0.000229340759688, 0.000131544918986, 0.000182951029274, 0.000119645883387, 7.19148811186e-05, 4.75943525089e-05, 5.62879431527e-05, 4.49934632343e-05, 3.93176233047e-05, 2.12090526475e-05, 1.65584024217e-05, 1.25024707813e-05, 1.09037073344e-05, 1.4405732145e-05, 2.30318892136e-05, 1.59172195708e-05, 1.86481502169e-05, 1.95172087842e-05, 1.29952904899e-05, 4.77715138913e-06, 2.74885360341e-06, 2.78529341813e-06, 2.87588773062e-06, 3.00028409583e-06, 2.7562498417e-06, 2.7205776405e-06, 3.05124331135e-06, 3.23384801959e-06, 3.11845883516e-06, 3.07698178403e-06],
        "median": [0.0003320662654, 0.000760916620493, 0.000321099418215, 0.000195385393454, 0.000212666083826, 0.000124555896036, 5.21501060575e-05, 6.76551644574e-05, 7.89653422544e-05, 6.74949405948e-05, 5.8780569816e-05, 2.82006003545e-05, 4.13408670283e-05, 3.22377673001e-05, 1.81970317499e-05, 1.17280251288e-05, 2.12161830859e-05, 1.33888734126e-05, 1.15636776172e-05, 6.61862168272e-06, 4.5728479563e-06, 4.96882967127e-06, 4.63012656837e-06, 6.33454783383e-06, 8.74927354744e-06, 5.70004431211e-06, 5.45970942767e-06, 6.18126887275e-06, 4.28705516242e-06, 1.9582691948e-06, 9.66538095781e-07, 8.65932292982e-07, 8.13708879832e-07, 8.18187231744e-07, 7.77615980496e-07, 7.29155431145e-07, 8.10983294741e-07, 7.1373517585e-07, 5.67343136026e-07, 3.30418913563e-07],
        "min": [3.0646021338e-14, 3.52005230011e-15, 6.62464637454e-15, 4.7810342721e-15, 3.31827909944e-15, 2.25895259055e-15, 3.57883913951e-15, 1.15170714084e-14, 8.79467617574e-15, 5.59389028696e-15, 9.41230803692e-15, 4.94117305056e-15, 5.34755701227e-15, 1.29274312406e-14, 3.86786541584e-15, 7.60889611815e-15, 9.60992251758e-15, 3.3484601539e-15, 1.31795336566e-14, 1.05631522206e-14, 7.49763579943e-15, 9.09460715423e-15, 5.85627822413e-15, 6.0144916967e-15, 4.6225937947e-15, 6.039552437e-15, 5.99354626598e-15, 8.7540321468e-15, 9.31800108264e-15, 7.84058927538e-15, 7.10482977586e-15, 4.38763490194e-15, 6.31201583107e-15, 9.16363525723e-15, 8.83239031772e-15, 6.95696619887e-15, 5.13060942811e-15, 5.94193527796e-15, 7.18182041208e-15, 6.59981306259e-15],
        "var": [2.29529578064e-05, 1.20891390907e-05, 4.81453025714e-06, 1.2740421198e-06, 3.72912950297e-07, 2.55389011272e-07, 6.44883471068e-08, 1.3787824571e-07, 1.58279107154e-07, 1.86804214763e-07, 2.56493279949e-07, 1.63004088449e-07, 2.27797301022e-07, 7.89060621287e-08, 3.12358210408e-08, 2.07756851722e-08, 1.31474884313e-08, 9.50475786965e-09, 7.10710779117e-09, 2.92224688891e-09, 2.9805071744e-09, 8.52510340099e-10, 4.3157544205e-10, 8.91341944698e-10, 1.78798198469e-09, 9.35006294611e-10, 1.16610843204e-09, 1.09368425427e-09, 5.26697463421e-10, 1.08972462998e-10, 5.37598021655e-11, 7.72950800587e-11, 6.24697168994e-11, 5.99856622707e-11, 5.2881157786e-11, 4.65355705359e-11, 8.77080422179e-11, 1.35500263787e-10, 1.33649105671e-10, 1.78805650841e-10]
    },
    "mfcc": {
        "mean": [-639.03894043, 105.942077637, -2.03696155548, 14.3510503769, -4.33188199997, -1.24450528622, 10.6245880127, -0.322914272547, -4.82267332077, 8.34682273865, -4.4125084877, -3.22039580345, -3.72490048409],
        "cov": [[3249.62597656, -1071.53100586, 357.144866943, -3.3145430088, 308.239898682, -133.174163818, 147.092468262, 97.469039917, 134.439361572, 276.109924316, -19.1961803436, 66.8757705688, 136.371322632], [-1071.53100586, 1646.19494629, 175.857879639, 408.31137085, 124.937141418, 197.064743042, 139.994613647, -4.44669532776, -27.7334461212, -24.8484344482, 19.1147041321, -22.0156803131, -42.5866012573], [357.144866943, 175.857879639, 1364.03833008, 587.248657227, 516.260803223, 296.447906494, 155.858642578, 98.754699707, 111.218849182, 33.5080909729, 84.644493103, 19.9726142883, 97.8363800049], [-3.3145430088, 408.31137085, 587.248657227, 654.517150879, 379.710205078, 165.578125, 141.379821777, 89.9849243164, 99.5875396729, 93.5851135254, 18.119140625, 30.5665855408, 42.4842414856], [308.239898682, 124.937141418, 516.260803223, 379.710205078, 445.068634033, 127.122505188, 94.1256103516, 74.8372039795, 114.754829407, 80.9041290283, 20.4332008362, 24.2502307892, 58.8327560425], [-133.174163818, 197.064743042, 296.447906494, 165.578125, 127.122505188, 361.086761475, 54.515663147, 135.008850098, 85.82006073, -0.32710698247, 100.246337891, -3.0632545948, 23.68791008], [147.092468262, 139.994613647, 155.858642578, 141.379821777, 94.1256103516, 54.515663147, 317.678405762, 51.8214302063, 48.6815834045, 89.9153366089, 11.0012378693, 29.7093582153, 36.9803504944], [97.469039917, -4.44669532776, 98.754699707, 89.9849243164, 74.8372039795, 135.008850098, 51.8214302063, 205.59185791, 75.5603027344, 48.3068008423, 56.0406074524, 26.3320560455, 49.6081733704], [134.439361572, -27.7334461212, 111.218849182, 99.5875396729, 114.754829407, 85.82006073, 48.6815834045, 75.5603027344, 195.478164673, 31.9417953491, 53.6254425049, 13.5484657288, 6.0649523735], [276.109924316, -24.8484344482, 33.5080909729, 93.5851135254, 80.9041290283, -0.32710698247, 89.9153366089, 48.3068008423, 31.9417953491, 213.350006104, 31.6880168915, 61.0299034119, 26.1720714569], [-19.1961803436, 19.1147041321, 84.644493103, 18.119140625, 20.4332008362, 100.246337891, 11.0012378693, 56.0406074524, 53.6254425049, 31.6880168915, 155.426498413, 32.9332923889, 37.0774116516], [66.8757705688, -22.0156803131, 19.9726142883, 30.5665855408, 24.2502307892, -3.0632545948, 29.7093582153, 26.3320560455, 13.5484657288, 61.0299034119, 32.9332923889, 110.41519165, 44.193813324], [136.371322632, -42.5866012573, 97.8363800049, 42.4842414856, 58.8327560425, 23.68791008, 36.9803504944, 49.6081733704, 6.0649523735, 26.1720714569, 37.0774116516, 44.193813324, 147.176025391]],
