{
"lowlevel": {
    "average_loudness": 0.808811903,
    "barkbands_crest": {
        "dmean": 2.59282898903,
        "dmean2": 4.33801841736,
        "dvar": 5.42719125748,
        "dvar2": 14.273276329,
        "max": 25.876871109,
        "mean": 9.72473907471,
        "median": 8.95961380005,
        "min": 2.96366739273,
        "var": 15.1560096741
    },
    "barkbands_flatness_db": {
        "dmean": 0.0213770642877,
        "dmean2": 0.0338518582284,
        "dvar": 0.00038436986506,
        "dvar2": 0.000926203560084,
        "max": 0.485665917397,
        "mean": 0.167316004634,
        "median": 0.161311894655,
        "min": 0.0386351905763,
        "var": 0.00277013005689
    },
    "barkbands_kurtosis": {
        "dmean": 2.12834334373,
        "dmean2": 3.44476008415,
        "dvar": 28.8159275055,
        "dvar2": 66.8949279785,
        "max": 196.649078369,
        "mean": 2.58371567726,
        "median": 0.936548948288,
        "min": -1.90509915352,
        "var": 44.6333122253
    },
    "barkbands_skewness": {
        "dmean": 0.466847121716,
        "dmean2": 0.745720744133,
        "dvar": 0.282566577196,
        "dvar2": 0.637520074844,
        "max": 12.4657840729,
        "mean": 1.18658947945,
        "median": 1.05192053318,
        "min": -3.61198067665,
        "var": 1.03253340721
    },
    "barkbands_spread": {
        "dmean": 4.52956390381,
        "dmean2": 7.15562820435,
        "dvar": 33.8230133057,
        "dvar2": 70.6656951904,
        "max": 126.4220047,
        "mean": 21.723487854,
        "median": 19.1992759705,
        "min": 0.646793603897,
        "var": 201.70098877
    },
    "dissonance": {
        "dmean": 0.0207007657737,
        "dmean2": 0.0356053113937,
        "dvar": 0.000455356523162,
        "dvar2": 0.00123034324497,
        "max": 0.5,
        "mean": 0.463499605656,
        "median": 0.470572590828,
        "min": 0,
        "var": 0.000902615836821
    },
    "dynamic_complexity": 2.66531276703,
    "erbbands_crest": {
        "dmean": 2.76918625832,
        "dmean2": 4.58767557144,
        "dvar": 6.4088344574,
        "dvar2": 17.1793613434,
        "max": 32.3804359436,
        "mean": 10.1942558289,
        "median": 8.99573898315,
        "min": 2.53188300133,
        "var": 21.110408783
    },
    "erbbands_flatness_db": {
        "dmean": 0.0165625605732,
        "dmean2": 0.0253375303,
        "dvar": 0.00021520104201,
        "dvar2": 0.000467009260319,
        "max": 0.404566913843,
        "mean": 0.201432108879,
        "median": 0.195446357131,
        "min": 0.0352828763425,
        "var": 0.00349217443727
    },
    "erbbands_kurtosis": {
        "dmean": 1.0125592947,
        "dmean2": 1.66042780876,
        "dvar": 2.86053323746,
        "dvar2": 7.74528360367,
        "max": 59.8896903992,
        "mean": 0.936815857887,
        "median": 0.44446349144,
        "min": -1.84010529518,
        "var": 6.19308567047
    },
    "erbbands_skewness": {
        "dmean": 0.350989073515,
        "dmean2": 0.559195041656,
        "dvar": 0.104660592973,
        "dvar2": 0.247684136033,
        "max": 5.43218374252,
        "mean": 0.460676908493,
        "median": 0.538678765297,
        "min": -3.33307623863,
        "var": 0.709505200386
    },
    "erbbands_spread": {
        "dmean": 5.67679643631,
        "dmean2": 8.99981594086,
        "dvar": 41.2562294006,
        "dvar2": 95.1187744141,
        "max": 142.795639038,
        "mean": 30.0841884613,
        "median": 27.3053913116,
        "min": 1.3597329855,
        "var": 246.632629395
    },
    "hfc": {
        "dmean": 5.71761035919,
        "dmean2": 8.89259910583,
        "dvar": 87.0867462158,
        "dvar2": 190.755661011,
        "max": 330.343109131,
        "mean": 24.4790611267,
        "median": 21.2477226257,
        "min": 1.40386044803e-11,
        "var": 455.584777832
    },
    "melbands_crest": {
        "dmean": 3.23569107056,
        "dmean2": 5.40491390228,
        "dvar": 7.93251276016,
        "dvar2": 20.9162654877,
        "max": 34.5192298889,
        "mean": 13.3215513229,
        "median": 12.5257101059,
        "min": 3.32409286499,
        "var": 24.4180374146
    },
    "melbands_flatness_db": {
        "dmean": 0.0242781154811,
        "dmean2": 0.0384312234819,
        "dvar": 0.000555118254852,
        "dvar2": 0.0012750615133,
        "max": 0.630474150181,
        "mean": 0.207672402263,
        "median": 0.199422553182,
        "min": 0.0167295467108,
        "var": 0.00375911011361
    },
    "melbands_kurtosis": {
        "dmean": 4.72203874588,
        "dmean2": 7.71900653839,
        "dvar": 110.099449158,
        "dvar2": 250.822875977,
        "max": 319.959289551,
        "mean": 7.96032094955,
        "median": 4.38412284851,
        "min": -1.87773621082,
        "var": 188.223907471
    },
    "melbands_skewness": {
        "dmean": 0.613170266151,
        "dmean2": 0.992467343807,
        "dvar": 0.472910732031,
        "dvar2": 1.13377809525,
        "max": 12.2812547684,
        "mean": 2.02465295792,
        "median": 1.81472885609,
        "min": -2.56788182259,
        "var": 1.72661662102
    },
    "melbands_spread": {
        "dmean": 6.52912187576,
        "dmean2": 10.2918138504,
        "dvar": 106.841125488,
        "dvar2": 213.889709473,
        "max": 250.819473267,
        "mean": 25.3126373291,
        "median": 21.4629230499,
        "min": 0.631109774113,
        "var": 452.63973999
    },
    "pitch_salience": {
        "dmean": 0.0684590116143,
        "dmean2": 0.114419057965,
        "dvar": 0.00380704994313,
        "dvar2": 0.0102231530473,
        "max": 0.963073313236,
        "mean": 0.55063700676,
        "median": 0.549811005592,
        "min": 0.099761672318,
        "var": 0.0172038022429
    },
    "silence_rate_20dB": {
        "dmean": 0,
        "dmean2": 0,
        "dvar": 0,
        "dvar2": 0,
        "max": 1,
        "mean": 1,
        "median": 1,
        "min": 1,
        "var": 0
    },
    "silence_rate_30dB": {
        "dmean": 0.0127599239349,
        "dmean2": 0.0255228634924,
        "dvar": 0.0125964432955,
        "dvar2": 0.0303067099303,
        "max": 1,
        "mean": 0.989722371101,
        "median": 1,
        "min": 0,
        "var": 0.0101724006236
    },
    "silence_rate_60dB": {
        "dmean": 0.00945179630071,
        "dmean2": 0.01878766343,
        "dvar": 0.00936198141426,
        "dvar2": 0.0222141277045,
        "max": 1,
        "mean": 0.0352037809789,
        "median": 0,
        "min": 0,
        "var": 0.0339647084475
    },
    "spectral_centroid": {
        "dmean": 204.654998779,
        "dmean2": 318.074798584,
        "dvar": 57095.234375,
        "dvar2": 114450.765625,
        "max": 5596.33154297,
        "mean": 1426.05151367,
        "median": 1405.17773438,
        "min": 214.531097412,
        "var": 391324.625
    },
    "spectral_complexity": {
        "dmean": 2.6198015213,
        "dmean2": 4.28382349014,
        "dvar": 5.70489215851,
        "dvar2": 13.7220096588,
        "max": 46,
        "mean": 19.1207332611,
        "median": 19,
        "min": 0,
        "var": 49.9577331543
    },
    "spectral_decrease": {
        "dmean": 2.4586643832e-09,
        "dmean2": 4.06243083617e-09,
        "dvar": 1.73169649124e-17,
        "dvar2": 4.09925035895e-17,
        "max": -6.62471819797e-23,
        "mean": -7.62270246923e-09,
        "median": -6.68673916238e-09,
        "min": -7.49644186726e-08,
        "var": 3.58619952495e-17
    },
    "spectral_energy": {
        "dmean": 0.00963511317968,
        "dmean2": 0.0159039739519,
        "dvar": 0.000254662998486,
        "dvar2": 0.000603469088674,
        "max": 0.289187610149,
        "mean": 0.0309901442379,
        "median": 0.0275337602943,
        "min": 1.52337509723e-15,
        "var": 0.00054838025244
    },
    "spectral_energyband_high": {
        "dmean": 0.000242408481427,
        "dmean2": 0.000342307495885,
        "dvar": 8.58351711486e-07,
        "dvar2": 1.47119976646e-06,
        "max": 0.0380006879568,
        "mean": 0.000748459075112,
        "median": 0.000331210088916,
        "min": 1.15597646218e-15,
        "var": 3.80150709134e-06
    },
    "spectral_energyband_low": {
        "dmean": 0.00646747648716,
        "dmean2": 0.0109026916325,
        "dvar": 0.000223140013986,
        "dvar2": 0.000534954131581,
        "max": 0.243712380528,
        "mean": 0.0119794690982,
        "median": 0.00598347885534,
        "min": 6.62067553702e-17,
        "var": 0.000327545974869
    },
    "spectral_energyband_middle_high": {
        "dmean": 0.00267421500757,
        "dmean2": 0.00428998610005,
        "dvar": 1.97173558263e-05,
        "dvar2": 5.23713060829e-05,
        "max": 0.087013527751,
        "mean": 0.00878424756229,
        "median": 0.00594582920894,
        "min": 2.12192910299e-16,
        "var": 7.9507517512e-05
    },
    "spectral_energyband_middle_low": {
        "dmean": 0.00405166205019,
        "dmean2": 0.00657411571592,
        "dvar": 2.9752833143e-05,
        "dvar2": 7.57287270972e-05,
        "max": 0.100782200694,
        "mean": 0.0107696605846,
        "median": 0.00871701911092,
        "min": 8.20362526723e-17,
        "var": 7.70930637373e-05
    },
    "spectral_entropy": {
        "dmean": 0.11820293963,
        "dmean2": 0.181930959225,
        "dvar": 0.0132504403591,
        "dvar2": 0.026945464313,
        "max": 8.77686405182,
        "mean": 7.45623207092,
        "median": 7.46848011017,
        "min": 5.63230323792,
        "var": 0.136524826288
    },
    "spectral_flux": {
        "dmean": 0.0214950721711,
        "dmean2": 0.0358582995832,
        "dvar": 0.000771196675487,
        "dvar2": 0.00187015603296,
        "max": 0.428375869989,
        "mean": 0.0898090749979,
        "median": 0.0857573747635,
        "min": 7.59384056437e-05,
        "var": 0.00189735158347
    },
    "spectral_kurtosis": {
        "dmean": 1.95919001102,
        "dmean2": 3.40454721451,
        "dvar": 8.7510175705,
        "dvar2": 25.0768489838,
        "max": 94.2946090698,
        "mean": 4.52927541733,
        "median": 3.82736873627,
        "min": -1.02105927467,
        "var": 16.2667503357
    },
    "spectral_rms": {
        "dmean": 0.000779206224252,
        "dmean2": 0.00127539900132,
        "dvar": 9.02128533653e-07,
        "dvar2": 2.08263895729e-06,
        "max": 0.0167968515307,
        "mean": 0.00513107888401,
        "median": 0.00518287625164,
        "min": 1.21910603834e-09,
        "var": 3.90634022551e-06
    },
    "spectral_rolloff": {
        "dmean": 388.138061523,
        "dmean2": 657.290649414,
        "dvar": 566783.75,
        "dvar2": 1207806.25,
        "max": 15590.0390625,
        "mean": 1590.97851562,
        "median": 1184.32617188,
        "min": 43.06640625,
        "var": 2607416.5
    },
    "spectral_skewness": {
        "dmean": 0.222972348332,
        "dmean2": 0.373898804188,
        "dvar": 0.0552492588758,
        "dvar2": 0.151267379522,
        "max": 7.27933597565,
        "mean": 1.50243103504,
        "median": 1.45524430275,
        "min": -0.149725660682,
        "var": 0.22797781229
    },
    "spectral_spread": {
        "dmean": 349106.96875,
        "dmean2": 506773.09375,
        "dvar": 276741881856,
        "dvar2": 377455968256,
        "max": 32457206,
        "mean": 3831573,
        "median": 3505673.5,
        "min": 910940.5,
        "var": 2.62745069978e+12
    },
    "spectral_strongpeak": {
        "dmean": 0.734427452087,
        "dmean2": 1.27105259895,
        "dvar": 2.18927049637,
        "dvar2": 5.67135000229,
        "max": 36.6470909119,
        "mean": 1.13750958443,
        "median": 0.495667874813,
        "min": 0,
        "var": 2.9644472599
    },
    "zerocrossingrate": {
        "dmean": 0.00771748600528,
        "dmean2": 0.00924116838723,
        "dvar": 0.000155514106154,
        "dvar2": 0.000164563432918,
        "max": 0.49267578125,
        "mean": 0.0587934479117,
        "median": 0.05224609375,
        "min": 0.00390625,
        "var": 0.00187000900041
    },
    "barkbands": {
        "dmean": [0.000231197656831, 0.00498972227797, 0.00206411792897, 0.000709292362444, 0.000939657154959, 0.000938311568461, 0.000878151913639, 0.000906028784811, 0.0012131088879, 0.00181107979733, 0.000909548602067, 0.000386074621929, 0.000245087052463, 0.000355516356649, 0.000304181565298, 0.000241538669798, 0.000306584115606, 0.000212078914046, 0.000214043335291, 8.45521353767e-05, 4.2484865844e-05, 8.21514622658e-05, 7.56678637117e-05, 5.22954032931e-05, 4.3205160182e-05, 1.35114069053e-05, 3.87850150219e-06],
        "dmean2": [0.000401600584155, 0.00849383883178, 0.00364163750783, 0.00122611701954, 0.00151867384557, 0.00149160064757, 0.00143393524922, 0.00145593681373, 0.00201146816835, 0.0030043295119, 0.00149184302427, 0.000633679213934, 0.000405689817853, 0.000596994475927, 0.000501123839058, 0.000390779605368, 0.000492387858685, 0.000339087971952, 0.000335009535775, 0.000134809728479, 6.69018845656e-05, 0.000125966253108, 0.000111179921078, 7.02324250597e-05, 6.78851065459e-05, 2.12632967305e-05, 6.46151511319e-06],
        "dvar": [2.43943560463e-07, 0.000128730491269, 3.55498959834e-05, 3.38316181114e-06, 2.68074904852e-06, 2.44400303018e-06, 3.35617755809e-06, 4.83162784803e-06, 6.41189944872e-06, 1.48074250319e-05, 6.27051940683e-06, 5.76760214699e-07, 2.18034358568e-07, 7.39411973427e-07, 4.50397891427e-07, 4.34369809454e-07, 4.58831294736e-07, 1.78340926027e-07, 1.66055770023e-07, 3.8298718863e-08, 3.81232503344e-08, 6.15487749656e-08, 6.41235402554e-08, 1.05861523991e-07, 1.44803252056e-07, 2.51187959321e-08, 2.43715447823e-09],
        "dvar2": [6.9147688464e-07, 0.000321974337567, 9.25202912185e-05, 9.06691184355e-06, 6.80998118696e-06, 6.09627522863e-06, 8.39456242829e-06, 1.27360135593e-05, 1.72898235178e-05, 4.07753868785e-05, 1.64208049682e-05, 1.40416364047e-06, 5.65767550142e-07, 2.04924845093e-06, 1.10383132323e-06, 1.17325510018e-06, 1.15062334771e-06, 4.09721707229e-07, 3.69969427538e-07, 9.32647239438e-08, 8.34860358623e-08, 1.35658595468e-07, 1.25186261357e-07, 1.67456946087e-07, 3.96150312554e-07, 6.89535397669e-08, 6.51677378727e-09],
        "max": [0.00783130060881, 0.179114386439, 0.147911682725, 0.0467933043838, 0.0409423857927, 0.0290002897382, 0.0323244817555, 0.0812736079097, 0.0592304430902, 0.0692428648472, 0.0648009181023, 0.0180075839162, 0.0099511006847, 0.0172725655138, 0.0194281060249, 0.0170082449913, 0.0126762613654, 0.0103311901912, 0.00965710449964, 0.00864591635764, 0.0111771784723, 0.0118085658178, 0.00928934011608, 0.0217466279864, 0.020606983453, 0.0108710750937, 0.0029308705125],
        "mean": [0.000365359766874, 0.00856522470713, 0.00251744245179, 0.000866227957886, 0.00165777315851, 0.00177966628689, 0.0014638499124, 0.00142178137321, 0.00214879843406, 0.00314014079049, 0.00157968187705, 0.00070938677527, 0.000446166988695, 0.000644227198791, 0.0005997683038, 0.000518847547937, 0.000677374773659, 0.00045585539192, 0.000554151716642, 0.000187205223483, 8.8863511337e-05, 0.000202145325602, 0.000175556837348, 0.000108285275928, 8.28660558909e-05, 2.71428543783e-05, 6.34253274256e-06],
        "median": [7.61379124015e-05, 0.00349014811218, 0.000845825881697, 0.000297994876746, 0.000949245761149, 0.00106573221274, 0.000601505220402, 0.000529192271642, 0.000770297134295, 0.000908095040359, 0.000405304890592, 0.000297250866424, 0.000180153103429, 0.000176652683876, 0.000185965385754, 9.76622541202e-05, 0.000168666883837, 0.000211012404179, 0.000246041221544, 9.54477436608e-05, 3.8273010432e-05, 7.41374897189e-05, 6.41861042823e-05, 2.07865396078e-05, 5.6623580349e-06, 2.45770110041e-07, 1.01516761664e-09],
        "min": [2.07623160931e-17, 2.97810729293e-17, 1.79262099034e-17, 1.57071076586e-17, 2.76921077016e-17, 1.20787311869e-17, 3.02721944608e-18, 2.85101384558e-18, 1.42714695311e-17, 2.43035457787e-17, 2.15098474845e-17, 1.28284463351e-17, 8.36704108381e-18, 1.83895534691e-17, 1.83928373761e-17, 7.75293806115e-18, 1.59004782908e-18, 5.3928995429e-18, 8.03064128707e-17, 4.08874516517e-17, 7.00858486313e-17, 9.10006008765e-17, 5.99880446123e-17, 6.7298488195e-17, 3.42234186157e-16, 2.97566803656e-16, 2.07718617574e-16],
        "var": [4.7809356829e-07, 0.000184195712791, 3.27882626152e-05, 3.38579411618e-06, 5.34982609679e-06, 5.10713425683e-06, 6.40721418677e-06, 8.23753089207e-06, 1.23539148262e-05, 3.2292195101e-05, 1.39166968438e-05, 1.55694101522e-06, 4.91818298087e-07, 1.68137751189e-06, 1.44693035509e-06, 1.90111109077e-06, 1.66508539223e-06, 4.92436072363e-07, 7.88805550656e-07, 8.96221692415e-08, 8.86679600853e-08, 1.73529599579e-07, 1.95516278723e-07, 3.00724678937e-07, 4.02036476999e-07, 7.83609266364e-08, 6.56114185205e-09]
    },
    "erbbands": {
        "dmean": [0.134211346507, 1.21496021748, 2.47049927711, 2.35712814331, 1.86851096153, 3.64072966576, 8.09184455872, 6.51865053177, 10.2823991776, 14.565123558, 22.0952148438, 27.1215229034, 52.7975692749, 49.5802307129, 20.4895114899, 15.9243021011, 10.8004131317, 18.8068218231, 14.1942033768, 11.5281991959, 15.1734552383, 13.8493299484, 11.1425065994, 10.1998319626, 9.72235298157, 3.58813595772, 1.61074888706, 1.80297589302, 2.71355104446, 3.2792840004, 2.01012325287, 1.25102686882, 0.803669154644, 0.689253091812, 0.206492722034, 0.0534347705543, 0.0348116643727, 0.00452163210139, 0.000742178934161, 4.86098106194e-05],
        "dmean2": [0.225969925523, 2.06689357758, 4.33696222305, 4.07668066025, 3.18947267532, 5.90680122375, 12.8623933792, 10.2361564636, 16.6570110321, 23.3576526642, 35.6271438599, 44.9626235962, 88.6040725708, 80.7085494995, 33.4260749817, 26.0709171295, 17.7475986481, 31.3322467804, 23.4950695038, 18.9555835724, 24.6246871948, 21.4640026093, 17.7367668152, 15.8562030792, 15.3373594284, 5.65719795227, 2.56633162498, 2.81644248962, 4.17435455322, 4.94000864029, 2.93931055069, 1.71832633018, 1.10633814335, 1.07258474827, 0.322322398424, 0.079478867352, 0.0594181455672, 0.00735647371039, 0.00124836247414, 8.17113104858e-05],
        "dvar": [0.107257559896, 7.53526639938, 43.9413909912, 48.4203872681, 19.3432769775, 41.8280067444, 240.382980347, 136.170181274, 387.170440674, 1235.41088867, 2539.17138672, 3508.15283203, 14674.0146484, 17745.3847656, 1941.26623535, 1027.51611328, 374.235961914, 2073.04858398, 1151.36352539, 545.422729492, 1634, 1027.98120117, 535.95715332, 476.285339355, 326.276855469, 58.1096687317, 61.7655067444, 69.8045501709, 69.2967758179, 88.797492981, 61.9533996582, 43.6492424011, 32.6685829163, 40.0937919617, 2.31020092964, 0.0896261408925, 0.37643751502, 0.00168655638117, 9.48622036958e-05, 5.95861649799e-07],
        "dvar2": [0.276572436094, 18.9056243896, 114.333351135, 128.678771973, 52.9371757507, 105.514350891, 604.20324707, 324.300140381, 995.963623047, 3137.79516602, 6673.52099609, 9570.51660156, 41333.984375, 47613.4179688, 5086.86914062, 2507.62597656, 973.955566406, 5719.90527344, 2779.22460938, 1399.77380371, 4468.38085938, 2395.18481445, 1240.21179199, 1040.34130859, 765.813720703, 138.918182373, 153.82081604, 140.56729126, 147.830474854, 197.356964111, 125.503990173, 69.1457061768, 54.5349769592, 108.764259338, 6.32419729233, 0.225435942411, 1.03775584698, 0.00460200710222, 0.000259487773292, 1.62504022683e-06],
        "max": [6.49930953979, 42.3906326294, 113.122146606, 191.422653198, 97.6633758545, 174.266387939, 280.517028809, 365.308074951, 451.806121826, 891.852478027, 1381.67773438, 1613.58666992, 1942.09033203, 3080.41992188, 1239.14294434, 848.165283203, 464.147918701, 990.336181641, 1188.31677246, 449.723388672, 1116.74584961, 770.243408203, 649.698669434, 662.784973145, 323.740875244, 304.001312256, 518.95324707, 403.704864502, 366.463775635, 354.95111084, 274.937805176, 338.146911621, 412.793609619, 344.940795898, 69.8636398315, 20.1584320068, 37.4280891418, 2.12059187889, 0.619434893131, 0.0516138784587],
        "mean": [0.224357172847, 1.94710505009, 3.44087529182, 3.0162961483, 2.75407910347, 6.20793628693, 14.0535488129, 12.6271572113, 18.6063461304, 24.4513301849, 36.7429351807, 49.9566268921, 90.9946212769, 93.4198379517, 41.8456573486, 31.0177822113, 22.085767746, 35.4503746033, 29.5876712799, 25.3498287201, 39.6642417908, 32.7469444275, 25.7918052673, 26.6119670868, 25.0226783752, 9.08784198761, 3.63604402542, 3.94831943512, 6.45826435089, 7.90031766891, 4.59599637985, 2.60927963257, 1.58503806591, 1.29167628288, 0.383880853653, 0.11273996532, 0.0608389936388, 0.00751954503357, 0.00133365287911, 9.78441094048e-05],
        "median": [0.0740577951074, 0.791868150234, 1.38060367107, 1.27378857136, 1.56175911427, 3.3234102726, 6.33873462677, 7.55266809464, 8.68865776062, 10.3616685867, 16.3025684357, 20.0747756958, 27.0402126312, 26.3206710815, 14.8736114502, 14.0073928833, 10.098947525, 11.6531791687, 10.5542907715, 9.67746734619, 7.45674180984, 10.3904504776, 12.8686523438, 11.8884973526, 11.8757295609, 5.19606637955, 1.87076079845, 1.70035088062, 2.27761507034, 3.05031204224, 1.60779488087, 0.632318854332, 0.240086048841, 0.085913926363, 0.0268298536539, 0.00433526653796, 0.000270911492407, 2.37245640164e-05, 2.11634160223e-05, 3.62822393072e-05],
        "min": [1.10874886966e-15, 5.94653381983e-15, 1.87598417703e-14, 4.07318764221e-14, 6.95264836372e-14, 9.62578744468e-14, 1.07564056674e-13, 9.27458522308e-14, 5.68651842194e-14, 3.61518473035e-14, 9.88203659527e-14, 3.06473244135e-13, 6.28326112927e-13, 8.74650449723e-13, 8.06743072953e-13, 4.78413099067e-13, 3.85062126499e-13, 7.96168415484e-13, 1.0701657659e-12, 7.35008950405e-13, 3.40665077527e-13, 9.28938254986e-14, 1.99809000725e-13, 2.14344861305e-12, 4.23828420276e-12, 1.5975329783e-12, 2.54343204484e-12, 3.04074126989e-12, 3.3292233987e-12, 2.03298293998e-12, 1.81519426226e-12, 6.31757829644e-13, 1.71705846156e-12, 2.8102188545e-12, 3.1675593138e-12, 8.87793582139e-13, 5.05214902032e-13, 3.09231183411e-13, 3.32765871878e-14, 1.53498696603e-15],
        "var": [0.165904179215, 9.78812217712, 44.4595336914, 44.1325912476, 19.7336978912, 87.5950546265, 516.42779541, 301.789459229, 779.026672363, 2143.70068359, 4178.35253906, 6453.78759766, 30696.8027344, 39878.2695312, 5443.25830078, 2947.24536133, 955.87487793, 4700.71826172, 3541.77709961, 1626.0534668, 8253.31347656, 3504.46264648, 1489.74169922, 2338.01391602, 1215.38305664, 156.963378906, 116.709686279, 167.151138306, 194.455734253, 263.270629883, 169.346954346, 137.072387695, 80.9614181519, 108.916053772, 6.03187513351, 0.52692013979, 0.776533126831, 0.0049646939151, 0.000285189045826, 1.22375104183e-06]
    },
    "gfcc": {
        "mean": [-14.4612026215, 115.007850647, -149.891296387, 34.9957618713, -68.7388687134, 16.8187122345, -23.2317790985, 9.38470554352, -7.81694746017, -12.7824220657, -2.96024608612, -4.80852746964, -5.75045347214],
        "cov": [[4896.6640625, -1184.6862793, 1152.60119629, 538.694702148, 66.6942749023, 413.405853271, -485.369445801, 687.736938477, -45.7028045654, 448.033050537, -83.6062469482, 499.344390869, -141.090301514], [-1184.6862793, 2405.87524414, 362.103759766, 431.1171875, 369.682983398, -330.893829346, 284.262664795, -341.123352051, 291.862762451, -261.891723633, 319.854827881, -132.716827393, 80.5176467896], [1152.60119629, 362.103759766, 2101.24853516, 516.032531738, 313.085662842, 128.302886963, -265.222137451, 198.927734375, -112.056900024, 378.979736328, -46.5113716125, 314.293029785, -98.5107116699], [538.694702148, 431.1171875, 516.032531738, 664.246826172, 170.848358154, 32.1392974854, -76.0435180664, 30.3427906036, 181.735794067, 7.2545800209, 82.9318084717, 109.643615723, 47.0222549438], [66.6942749023, 369.682983398, 313.085662842, 170.848358154, 450.538146973, 39.0538253784, 122.368339539, 48.0470352173, 105.308433533, 101.101699829, -39.1856155396, 81.7346496582, 10.2986888885], [413.405853271, -330.893829346, 128.302886963, 32.1392974854, 39.0538253784, 339.476074219, 64.5523605347, 133.77671814, -30.5325069427, 104.979408264, -16.1711292267, 19.0621032715, 3.9549779892], [-485.369445801, 284.262664795, -265.222137451, -76.0435180664, 122.368339539, 64.5523605347, 409.11932373, -51.4815292358, 61.8876609802, -42.8759117126, 44.9340744019, -74.1901016235, 18.4252910614], [687.736938477, -341.123352051, 198.927734375, 30.3427906036, 48.0470352173, 133.77671814, -51.4815292358, 250.182662964, -25.2630252838, 127.467453003, -35.7381668091, 78.3471755981, -19.6432933807], [-45.7028045654, 291.862762451, -112.056900024, 181.735794067, 105.308433533, -30.5325069427, 61.8876609802, -25.2630252838, 258.817504883, -49.3579673767, 50.7856941223, -4.82208395004, 60.0677185059], [448.033050537, -261.891723633, 378.979736328, 7.2545800209, 101.101699829, 104.979408264, -42.8759117126, 127.467453003, -49.3579673767, 263.924468994, -88.1103363037, 120.387260437, -29.0822753906], [-83.6062469482, 319.854827881, -46.5113716125, 82.9318084717, -39.1856155396, -16.1711292267, 44.9340744019, -35.7381668091, 50.7856941223, -88.1103363037, 192.562774658, -41.9596977234, 20.7736873627], [499.344390869, -132.716827393, 314.293029785, 109.643615723, 81.7346496582, 19.0621032715, -74.1901016235, 78.3471755981, -4.82208395004, 120.387260437, -41.9596977234, 195.196182251, -14.7326908112], [-141.090301514, 80.5176467896, -98.5107116699, 47.0222549438, 10.2986888885, 3.9549779892, 18.4252910614, -19.6432933807, 60.0677185059, -29.0822753906, 20.7736873627, -14.7326908112, 118.592460632]],
        "icov": [[0.000491889833938, 6.85161721776e-05, 3.96481118514e-06, -0.000273253477644, 0.000127744177007, -0.000217619905015, 0.000269186013611, -0.000883902655914, -0.000111151879537, 1.95827105927e-05, -0.000154916604515, -0.000652792223264, 0.000465401826659], [6.85161721776e-05, 0.00161479564849, -0.000693241076078, -0.000271985452855, -0.00113607395906, 0.00128188310191, -0.000736815098207, 0.00101213704329, -0.000469654885819, 0.000594840501435, -0.00180453504436, 0.00106590229552, -0.000312549527735], [3.96481118514e-06, -0.000693241076078, 0.00145116844214, -0.000792191072833, -7.1153328463e-05, -0.000568933668546, 0.000806286290754, -0.000319778075209, 0.00118420470972, -0.00144216010813, 0.000306674395688, -0.000812926213257, 0.000733672350179], [-0.000273253477644, -0.000271985452855, -0.000792191072833, 0.00356397079304, -0.000370349385776, -0.000827911833767, 0.000699823081959, 0.000495409825817, -0.00211849296466, 0.00135462742765, -0.000557735329494, -0.000977053190582, -0.000796958163846], [0.000127744177007, -0.00113607395906, -7.1153328463e-05, -0.000370349385776, 0.00482160318643, -0.000542438938282, -0.00119944172911, -0.00142695743125, -0.0011240276508, -0.00105514598545, 0.00250712456182, -0.00144477107096, 0.000252342957538], [-0.000217619905015, 0.00128188310191, -0.000568933668546, -0.000827911833767, -0.000542438938282, 0.00578462518752, -0.0021154503338, -0.000962510879617, 0.000562852306757, -0.00101234472822, -0.00128318101633, 0.00232045655139, -0.00127042119857], [0.000269186013611, -0.000736815098207, 0.000806286290754, 0.000699823081959, -0.00119944172911, -0.0021154503338, 0.00460028136149, 6.83888792992e-05, -0.000278471998172, -0.000343039078871, -0.000480249873362, -0.000290058000246, 0.000789104728028], [-0.000883902655914, 0.00101213704329, -0.000319778075209, 0.000495409825817, -0.00142695743125, -0.000962510879617, 6.83888792992e-05, 0.0089969150722, -0.000341325881891, -0.0014029230224, -0.00140475598164, 0.00081781076733, -0.000388704182114], [-0.000111151879537, -0.000469654885819, 0.00118420470972, -0.00211849296466, -0.0011240276508, 0.000562852306757, -0.000278471998172, -0.000341325881891, 0.00727043813094, -0.000492103572469, -0.000208616140299, 5.82949041927e-06, -0.00169005827047], [1.95827105927e-05, 0.000594840501435, -0.00144216010813, 0.00135462742765, -0.00105514598545, -0.00101234472822, -0.000343039078871, -0.0014029230224, -0.000492103572469, 0.00937620457262, 0.00148358987644, -0.0026024908293, -0.00020393813611], [-0.000154916604515, -0.00180453504436, 0.000306674395688, -0.000557735329494, 0.00250712456182, -0.00128318101633, -0.000480249873362, -0.00140475598164, -0.000208616140299, 0.00148358987644, 0.00932641793042, -0.000472618878121, -3.91578614654e-05], [-0.000652792223264, 0.00106590229552, -0.000812926213257, -0.000977053190582, -0.00144477107096, 0.00232045655139, -0.000290058000246, 0.00081781076733, 5.82949041927e-06, -0.0026024908293, -0.000472618878121, 0.0107600083575, -0.000781239417847], [0.000465401826659, -0.000312549527735, 0.000733672350179, -0.000796958163846, 0.000252342957538, -0.00127042119857, 0.000789104728028, -0.000388704182114, -0.00169005827047, -0.00020393813611, -3.91578614654e-05, -0.000781239417847, 0.0106728561223]]
    },
    "melbands": {
        "dmean": [0.00128892203793, 0.00136397243477, 0.000378815748263, 0.000181967727258, 0.000248427968472, 0.000152402499225, 0.000169345657923, 0.000160122930538, 0.000195425629499, 0.000176081026439, 0.000265607406618, 0.000203926596441, 8.8580607553e-05, 4.50923216704e-05, 3.27693742292e-05, 2.55669147009e-05, 3.97107069148e-05, 2.34019316849e-05, 2.17720225919e-05, 1.51132599058e-05, 2.16983407881e-05, 1.7437578208e-05, 1.30667194753e-05, 9.18549903872e-06, 9.3241351351e-06, 8.6528752945e-06, 5.15422925673e-06, 2.1682917577e-06, 1.08044139324e-06, 1.18191940146e-06, 1.13496946597e-06, 1.47807952544e-06, 2.09434665521e-06, 1.88904914467e-06, 1.37238953357e-06, 8.54313043419e-07, 8.22359083941e-07, 6.55263193039e-07, 4.62333758833e-07, 7.21740661902e-07],
        "dmean2": [0.00219685817137, 0.00233874446712, 0.000652127084322, 0.000300208514091, 0.000393852766138, 0.000240597932134, 0.000275113707175, 0.000256217987044, 0.000318107224302, 0.000291461794404, 0.000446143676527, 0.000331423652824, 0.000144468431245, 7.398246089e-05, 5.36888765055e-05, 4.27624327131e-05, 6.63948885631e-05, 3.85703096981e-05, 3.57435856131e-05, 2.37090771407e-05, 3.50365080521e-05, 2.71138724202e-05, 2.10908710869e-05, 1.46156107803e-05, 1.46151687659e-05, 1.36309736263e-05, 8.07429933047e-06, 3.48692833541e-06, 1.73301827999e-06, 1.90724472304e-06, 1.77185484063e-06, 2.32020602198e-06, 3.22129835695e-06, 2.90172420137e-06, 2.05500191441e-06, 1.23642701055e-06, 1.15436307624e-06, 9.31479291921e-07, 6.91405773523e-07, 1.17009574296e-06],
        "dvar": [9.18565365282e-06, 1.13240894279e-05, 1.12288603304e-06, 1.17359576279e-07, 2.0631343034e-07, 6.58777636886e-08, 1.07662714299e-07, 1.59679302669e-07, 1.962349927e-07, 1.39520665243e-07, 3.71455598724e-07, 2.93008525887e-07, 4.48922321539e-08, 7.62580842917e-09, 4.32985602927e-09, 2.60924881701e-09, 1.00083230592e-08, 2.9064515239e-09, 2.38673414366e-09, 1.35802913359e-09, 3.0419380348e-09, 1.71411540517e-09, 9.91954629548e-10, 4.54097370817e-10, 4.40785324907e-10, 2.77186773534e-10, 1.01897858207e-10, 3.06762809599e-11, 2.87038812857e-11, 2.87101505764e-11, 2.66089632966e-11, 2.13175969932e-11, 3.35934821627e-11, 2.92857231521e-11, 2.48130561237e-11, 1.81966299667e-11, 2.33914779907e-11, 2.62711380428e-11, 9.78203455737e-12, 6.57596893605e-11],
        "dvar2": [2.31729572988e-05, 2.85838032141e-05, 2.94898654829e-06, 3.14319549943e-07, 5.14110354288e-07, 1.58512904136e-07, 2.74593446647e-07, 4.12723522913e-07, 5.22344464571e-07, 3.78803946433e-07, 1.04645573629e-06, 7.84519443187e-07, 1.16880471523e-07, 1.86722388662e-08, 1.03824842057e-08, 6.95554680519e-09, 2.77558580564e-08, 7.03407687652e-09, 5.91529092375e-09, 3.18234860686e-09, 7.9141813103e-09, 3.8900314081e-09, 2.50580778349e-09, 1.09159181694e-09, 9.74058389502e-10, 6.39943709135e-10, 2.30216457009e-10, 7.69030950032e-11, 7.04664659956e-11, 6.95675253515e-11, 5.53777405876e-11, 4.63050847666e-11, 7.69527080946e-11, 6.52208703711e-11, 5.28996083049e-11, 3.55646900818e-11, 4.06778360995e-11, 5.05501092374e-11, 2.19920019695e-11, 1.82992163089e-10],
        "max": [0.0550144091249, 0.0510664731264, 0.0280068926513, 0.00669653015211, 0.00822697207332, 0.00704002985731, 0.00613710656762, 0.0115922391415, 0.011249830015, 0.00914657767862, 0.00997734256089, 0.0122798932716, 0.00456718029454, 0.00240241503343, 0.0017719498137, 0.000875839905348, 0.00223893998191, 0.0017721967306, 0.00140761013608, 0.000825186609291, 0.00129251740873, 0.0010785452323, 0.00106566806789, 0.000660912774038, 0.000643457577098, 0.000360208039638, 0.000321052473737, 0.000255764898611, 0.00039192053373, 0.000343991036061, 0.000243723625317, 0.000199144866201, 0.000226884905715, 0.000177404770511, 0.000142981734825, 0.000231850557611, 0.000267505878583, 0.00036768175778, 0.000165343561093, 0.000458692986285],
        "mean": [0.00222618272528, 0.00216965307482, 0.000511837250087, 0.000294727011351, 0.000451568106655, 0.000294922909234, 0.000300936109852, 0.00026850408176, 0.000318016362144, 0.000317467434797, 0.000448546226835, 0.000374027265934, 0.000166509737028, 8.46647235448e-05, 6.1269813159e-05, 4.57346795883e-05, 7.05069323885e-05, 4.42436794401e-05, 4.32907909271e-05, 2.84610323433e-05, 5.26647381776e-05, 3.76692660211e-05, 2.61840414169e-05, 1.93055020645e-05, 2.17292417801e-05, 2.0443694666e-05, 1.19384312711e-05, 4.60996443508e-06, 2.10313623938e-06, 2.22542712436e-06, 2.23752954298e-06, 3.21524362334e-06, 4.70735267299e-06, 4.22363336838e-06, 2.87149828182e-06, 1.75191962626e-06, 1.52566622091e-06, 1.16764306313e-06, 8.16810540982e-07, 1.29955014927e-06],
        "median": [0.000859374355059, 0.000945604988374, 0.000242675145273, 0.000166928279214, 0.000222840288188, 0.000181076102308, 0.000134823436383, 0.000112342262582, 0.000132201326778, 0.000117596733617, 0.000123381818412, 0.000102629230241, 4.89229059895e-05, 3.66308195225e-05, 2.65428006969e-05, 1.7627278794e-05, 1.93958057935e-05, 1.37963961606e-05, 1.38262685141e-05, 8.19957676867e-06, 8.58407111082e-06, 8.97558857105e-06, 1.02435842564e-05, 8.66484333528e-06, 8.61120588524e-06, 8.76020021678e-06, 5.94605489823e-06, 2.21770710596e-06, 9.45710269207e-07, 9.60664692684e-07, 8.34858610688e-07, 1.05086678559e-06, 1.60088507073e-06, 1.49602976762e-06, 9.99763869913e-07, 4.76076934319e-07, 2.95886167123e-07, 1.64543180858e-07, 1.0030504427e-07, 5.69473392886e-08],
        "min": [1.00752195068e-17, 9.30887471953e-18, 7.893383403e-18, 6.06479105752e-18, 3.95340385858e-18, 2.10447507094e-18, 8.02253421396e-19, 3.98317269296e-19, 9.3442675032e-19, 2.09277666913e-18, 3.19022675951e-18, 3.53748131657e-18, 2.88075595168e-18, 1.67416610032e-18, 8.39570433961e-19, 9.31449210307e-19, 1.55216740312e-18, 1.77585999502e-18, 1.30059758381e-18, 6.95455150232e-19, 3.32223263606e-19, 1.02744595024e-19, 3.44300132861e-20, 2.90195302357e-19, 1.73928909937e-18, 3.6056170108e-18, 1.9163336678e-18, 8.99822683369e-19, 1.94388374528e-18, 1.05240834827e-18, 1.97806078024e-18, 1.44143190734e-18, 2.40448355295e-18, 7.22095535836e-19, 1.05696197754e-18, 9.33922480339e-19, 1.57242769296e-19, 7.27582328236e-19, 1.98121626748e-18, 2.54385252602e-18],
        "var": [1.34839820021e-05, 1.30969810925e-05, 1.06513834908e-06, 1.770725504e-07, 4.68732679337e-07, 1.4282360894e-07, 2.18722760792e-07, 2.87513017838e-07, 3.2148065543e-07, 2.69701814659e-07, 7.76008960202e-07, 6.55285873563e-07, 1.14086240899e-07, 2.04063450582e-08, 1.1252635268e-08, 5.4958095852e-09, 2.23210943062e-08, 8.19556333909e-09, 7.64308705214e-09, 3.33626437587e-09, 1.42923823887e-08, 5.865760766e-09, 2.08935047041e-09, 1.06448039272e-09, 1.97013183545e-09, 9.68183644368e-10, 3.25433180404e-10, 5.71783419223e-11, 4.59474680525e-11, 5.98214602854e-11, 5.77436397309e-11, 5.65769826821e-11, 8.90627294137e-11, 8.29035312622e-11, 6.09949799002e-11, 4.95545583734e-11, 5.95794247271e-11, 5.17686310486e-11, 2.07017441384e-11, 1.74642508788e-10]
    },
    "mfcc": {
        "mean": [-640.073608398, 128.528533936, -15.3876113892, 14.899066925, -10.2189836502, 2.76249194145, -4.03747034073, 20.2672557831, -5.02394962311, 9.05156517029, 2.86056518555, -5.19796848297, 1.88550412655],
        "cov": [[3754.72558594, -873.12689209, 267.130004883, 301.057312012, 270.070098877, 5.97357797623, -197.712524414, 300.433288574, -15.442855835, 160.759231567, 119.4998703, -25.8496246338, 265.984375], [-873.12689209, 1582.60705566, 406.937042236, 420.331176758, 240.476303101, 69.3352050781, 91.5599212646, 29.4426822662, -104.589385986, 41.2418899536, 22.9936771393, 20.4154949188, 85.9296569824], [267.130004883, 406.937042236, 1459.78625488, 497.714385986, 467.528991699, 90.3034667969, 37.2926177979, -77.5493011475, -45.2330207825, -56.8601417542, 35.1160545349, 95.280632019, 166.552276611], [301.057312012, 420.331176758, 497.714385986, 640.322265625, 353.886566162, 106.874732971, -101.645263672, 91.8113479614, 9.91711997986, 17.6721820831, -1.69434285164, 52.6478614807, 195.753005981], [270.070098877, 240.476303101, 467.528991699, 353.886566162, 470.470703125, 73.1078567505, -60.4204597473, 14.9000711441, 62.8626174927, 2.32589626312, 14.1798067093, 52.4594268799, 143.146255493], [5.97357797623, 69.3352050781, 90.3034667969, 106.874732971, 73.1078567505, 263.287414551, 81.4740753174, 52.4971008301, 99.7103881836, 44.6114044189, 50.3635368347, 26.5425376892, 20.632686615], [-197.712524414, 91.5599212646, 37.2926177979, -101.645263672, -60.4204597473, 81.4740753174, 305.925170898, 9.52823925018, 44.7429580688, 30.8976783752, 86.0707397461, -4.52095270157, -86.3910369873], [300.433288574, 29.4426822662, -77.5493011475, 91.8113479614, 14.9000711441, 52.4971008301, 9.52823925018, 207.774642944, -20.7404518127, 78.2143936157, 21.9692459106, -10.1597423553, 50.1844215393], [-15.442855835, -104.589385986, -45.2330207825, 9.91711997986, 62.8626174927, 99.7103881836, 44.7429580688, -20.7404518127, 279.157836914, 1.99344372749, 31.7673130035, 37.8988037109, 9.45215892792], [160.759231567, 41.2418899536, -56.8601417542, 17.6721820831, 2.32589626312, 44.6114044189, 30.8976783752, 78.2143936157, 1.99344372749, 146.858184814, 37.5717658997, 1.43042755127, -0.558832168579], [119.4998703, 22.9936771393, 35.1160545349, -1.69434285164, 14.1798067093, 50.3635368347, 86.0707397461, 21.9692459106, 31.7673130035, 37.5717658997, 136.058837891, 6.20791053772, -10.2919492722], [-25.8496246338, 20.4154949188, 95.280632019, 52.6478614807, 52.4594268799, 26.5425376892, -4.52095270157, -10.1597423553, 37.8988037109, 1.43042755127, 6.20791053772, 96.1607284546, 30.6559944153], [265.984375, 85.9296569824, 166.552276611, 195.753005981, 143.146255493, 20.632686615, -86.3910369873, 50.1844215393, 9.45215892792, -0.558832168579, -10.2919492722, 30.6559944153, 185.729064941]],
