{
"lowlevel": {
    "average_loudness": 0.643871605396,
    "barkbands_crest": {
        "dmean": 2.6855006218,
        "dmean2": 4.21121501923,
        "dvar": 6.29583072662,
        "dvar2": 13.2275733948,
        "max": 25.3946590424,
        "mean": 10.4203643799,
        "median": 9.14326000214,
        "min": 2.22142243385,
        "var": 27.7513237
    },
    "barkbands_flatness_db": {
        "dmean": 0.021067019552,
        "dmean2": 0.0312511026859,
        "dvar": 0.000400234188419,
        "dvar2": 0.00082338420907,
        "max": 0.329936921597,
        "mean": 0.105931416154,
        "median": 0.0949375405908,
        "min": 0.0137393511832,
        "var": 0.00278905942105
    },
    "barkbands_kurtosis": {
        "dmean": 2.47323727608,
        "dmean2": 3.80528330803,
        "dvar": 22.6563739777,
        "dvar2": 46.6840133667,
        "max": 175.447006226,
        "mean": 3.25403499603,
        "median": 0.899326562881,
        "min": -1.92190790176,
        "var": 55.4502754211
    },
    "barkbands_skewness": {
        "dmean": 0.520599365234,
        "dmean2": 0.795664906502,
        "dvar": 0.32684803009,
        "dvar2": 0.685027301311,
        "max": 11.8826599121,
        "mean": 1.52315056324,
        "median": 1.26356375217,
        "min": -3.09632158279,
        "var": 1.44522452354
    },
    "barkbands_spread": {
        "dmean": 8.08926200867,
        "dmean2": 12.1989612579,
        "dvar": 83.3231887817,
        "dvar2": 168.802307129,
        "max": 111.207809448,
        "mean": 33.6863098145,
        "median": 32.4771766663,
        "min": 1.49692094326,
        "var": 299.590393066
    },
    "dissonance": {
        "dmean": 0.013363301754,
        "dmean2": 0.0225731376559,
        "dvar": 0.000159090239322,
        "dvar2": 0.000413896632381,
        "max": 0.500000059605,
        "mean": 0.478153735399,
        "median": 0.482893586159,
        "min": 0.272295206785,
        "var": 0.000386445462937
    },
    "dynamic_complexity": 2.48919296265,
    "erbbands_crest": {
        "dmean": 1.91883981228,
        "dmean2": 3.20940709114,
        "dvar": 3.47543263435,
        "dvar2": 8.94373035431,
        "max": 27.2889213562,
        "mean": 6.23747682571,
        "median": 5.47697734833,
        "min": 2.01959943771,
        "var": 8.67162704468
    },
    "erbbands_flatness_db": {
        "dmean": 0.0137152727693,
        "dmean2": 0.020078189671,
        "dvar": 0.000167548423633,
        "dvar2": 0.000333167728968,
        "max": 0.383491545916,
        "mean": 0.121416926384,
        "median": 0.1089104563,
        "min": 0.0431645698845,
        "var": 0.0025427620858
    },
    "erbbands_kurtosis": {
        "dmean": 0.650059938431,
        "dmean2": 1.04346442223,
        "dvar": 1.50898444653,
        "dvar2": 3.3712272644,
        "max": 31.8173789978,
        "mean": -0.0904008001089,
        "median": -0.467818021774,
        "min": -1.82499110699,
        "var": 3.17342185974
    },
    "erbbands_skewness": {
        "dmean": 0.308620691299,
        "dmean2": 0.479620575905,
        "dvar": 0.0968261361122,
        "dvar2": 0.211599782109,
        "max": 3.71916031837,
        "mean": 0.193638503551,
        "median": 0.198960900307,
        "min": -4.78255224228,
        "var": 0.49415358901
    },
    "erbbands_spread": {
        "dmean": 9.11163902283,
        "dmean2": 14.0917339325,
        "dvar": 84.1252212524,
        "dvar2": 191.387710571,
        "max": 135.887054443,
        "mean": 50.5664482117,
        "median": 48.5635414124,
        "min": 4.11010026932,
        "var": 417.900604248
    },
    "hfc": {
        "dmean": 11.1423425674,
        "dmean2": 16.5199356079,
        "dvar": 220.355682373,
        "dvar2": 468.133972168,
        "max": 357.887939453,
        "mean": 35.1554298401,
        "median": 28.1763725281,
        "min": 2.5052059982e-08,
        "var": 770.587219238
    },
    "melbands_crest": {
        "dmean": 3.57490611076,
        "dmean2": 5.54831171036,
        "dvar": 11.7806758881,
        "dvar2": 24.1468772888,
        "max": 36.2578964233,
        "mean": 16.5863761902,
        "median": 14.9437456131,
        "min": 3.39605140686,
        "var": 65.1694641113
    },
    "melbands_flatness_db": {
        "dmean": 0.0257318913937,
        "dmean2": 0.0391629561782,
        "dvar": 0.000630834372714,
        "dvar2": 0.00134120124858,
        "max": 0.413913160563,
        "mean": 0.156970724463,
        "median": 0.149096950889,
        "min": 0.0220733191818,
        "var": 0.00344366882928
    },
    "melbands_kurtosis": {
        "dmean": 8.71806240082,
        "dmean2": 13.638835907,
        "dvar": 284.494110107,
        "dvar2": 593.906616211,
        "max": 509.74005127,
        "mean": 17.7151355743,
        "median": 8.23941707611,
        "min": -1.88007473946,
        "var": 784.297241211
    },
    "melbands_skewness": {
        "dmean": 0.808548390865,
        "dmean2": 1.26149141788,
        "dvar": 0.855097353458,
        "dvar2": 1.87045371532,
        "max": 19.5405235291,
        "mean": 3.14188885689,
        "median": 2.57442712784,
        "min": -1.51485586166,
        "var": 4.18626832962
    },
    "melbands_spread": {
        "dmean": 9.41066646576,
        "dmean2": 14.6077661514,
        "dvar": 162.220581055,
        "dvar2": 330.146270752,
        "max": 293.450897217,
        "mean": 30.6362304688,
        "median": 26.7557239532,
        "min": 0.777560174465,
        "var": 543.925842285
    },
    "pitch_salience": {
        "dmean": 0.0817995667458,
        "dmean2": 0.129762947559,
        "dvar": 0.00639807526022,
        "dvar2": 0.0140462722629,
        "max": 0.879800975323,
        "mean": 0.552672028542,
        "median": 0.584279358387,
        "min": 0.0614916831255,
        "var": 0.0256240330637
    },
    "silence_rate_20dB": {
        "dmean": 0,
        "dmean2": 0,
        "dvar": 0,
        "dvar2": 0,
        "max": 1,
        "mean": 1,
        "median": 1,
        "min": 1,
        "var": 0
    },
    "silence_rate_30dB": {
        "dmean": 0.00288184429519,
        "dmean2": 0.00576438102871,
        "dvar": 0.00287354062311,
        "dvar2": 0.00789280142635,
        "max": 1,
        "mean": 0.99543762207,
        "median": 1,
        "min": 0,
        "var": 0.00454152189195
    },
    "silence_rate_60dB": {
        "dmean": 0.00456292042509,
        "dmean2": 0.00900684483349,
        "dvar": 0.00454086717218,
        "dvar2": 0.0103689925745,
        "max": 1,
        "mean": 0.0132068675011,
        "median": 0,
        "min": 0,
        "var": 0.0130334654823
    },
    "spectral_centroid": {
        "dmean": 314.141174316,
        "dmean2": 484.551116943,
        "dvar": 104846.953125,
        "dvar2": 222269.921875,
        "max": 6247.16357422,
        "mean": 1888.36450195,
        "median": 1862.40344238,
        "min": 272.481933594,
        "var": 384760.53125
    },
    "spectral_complexity": {
        "dmean": 4.72070121765,
        "dmean2": 7.38128995895,
        "dvar": 18.9603099823,
        "dvar2": 41.7384796143,
        "max": 58,
        "mean": 25.8752555847,
        "median": 27,
        "min": 0,
        "var": 131.594772339
    },
    "spectral_decrease": {
        "dmean": 2.39336728214e-09,
        "dmean2": 3.85468146291e-09,
        "dvar": 7.68663291761e-18,
        "dvar2": 1.87262060523e-17,
        "max": 2.37644071088e-10,
        "mean": -8.17703504907e-09,
        "median": -7.35125293971e-09,
        "min": -4.41584901978e-08,
        "var": 2.66608053836e-17
    },
    "spectral_energy": {
        "dmean": 0.0095941433683,
        "dmean2": 0.0154013279825,
        "dvar": 0.000120514196169,
        "dvar2": 0.000293114542728,
        "max": 0.182146117091,
        "mean": 0.0340508036315,
        "median": 0.0309767257422,
        "min": 2.56460261014e-12,
        "var": 0.000428215251304
    },
    "spectral_energyband_high": {
        "dmean": 0.00105622957926,
        "dmean2": 0.00153579248581,
        "dvar": 2.42476949097e-06,
        "dvar2": 4.77245748698e-06,
        "max": 0.0302499141544,
        "mean": 0.00263057206757,
        "median": 0.00184468890075,
        "min": 1.92093064545e-12,
        "var": 7.43633972888e-06
    },
    "spectral_energyband_low": {
        "dmean": 0.00642674975097,
        "dmean2": 0.0102408658713,
        "dvar": 7.97335596872e-05,
        "dvar2": 0.000197603818378,
        "max": 0.0996786430478,
        "mean": 0.0150584857911,
        "median": 0.00855303369462,
        "min": 7.10006123447e-14,
        "var": 0.000222197471885
    },
    "spectral_energyband_middle_high": {
        "dmean": 0.00225680042058,
        "dmean2": 0.00368041591719,
        "dvar": 1.07505784399e-05,
        "dvar2": 2.97728238365e-05,
        "max": 0.0997096523643,
        "mean": 0.00711437873542,
        "median": 0.00474555278197,
        "min": 4.75209769538e-13,
        "var": 6.78564756527e-05
    },
    "spectral_energyband_middle_low": {
        "dmean": 0.00505621917546,
        "dmean2": 0.00845112279058,
        "dvar": 6.24923486612e-05,
        "dvar2": 0.000165278062923,
        "max": 0.133735790849,
        "mean": 0.0104150595143,
        "median": 0.00700790807605,
        "min": 4.64662420411e-14,
        "var": 0.000110376779048
    },
    "spectral_entropy": {
        "dmean": 0.108530119061,
        "dmean2": 0.162564828992,
        "dvar": 0.0112035665661,
        "dvar2": 0.0236023087054,
        "max": 8.86740875244,
        "mean": 8.11046504974,
        "median": 8.13740444183,
        "min": 6.74526262283,
        "var": 0.0645381659269
    },
    "spectral_flux": {
        "dmean": 0.0240247007459,
        "dmean2": 0.0345944538713,
        "dvar": 0.000677625066601,
        "dvar2": 0.00111787358765,
        "max": 0.329905122519,
        "mean": 0.100244291127,
        "median": 0.0927141979337,
        "min": 3.0574232369e-05,
        "var": 0.00205734441988
    },
    "spectral_kurtosis": {
        "dmean": 0.647882640362,
        "dmean2": 1.06524288654,
        "dvar": 0.578195989132,
        "dvar2": 1.69014704227,
        "max": 12.2329339981,
        "mean": 1.88880705833,
        "median": 1.71473360062,
        "min": -1.09899652004,
        "var": 1.72424030304
    },
    "spectral_rms": {
        "dmean": 0.000800392823294,
        "dmean2": 0.00126337120309,
        "dvar": 6.62407444452e-07,
        "dvar2": 1.52002610321e-06,
        "max": 0.0133305490017,
        "mean": 0.00548344478011,
        "median": 0.00549738062546,
        "min": 5.00205068477e-08,
        "var": 3.15227907777e-06
    },
    "spectral_rolloff": {
        "dmean": 907.454223633,
        "dmean2": 1465.20910645,
        "dvar": 1733796.25,
        "dvar2": 3461055.25,
        "max": 17291.1621094,
        "mean": 2183.98486328,
        "median": 1550.390625,
        "min": 64.599609375,
        "var": 4600244
    },
    "spectral_skewness": {
        "dmean": 0.136498615146,
        "dmean2": 0.214813560247,
        "dvar": 0.0158492363989,
        "dvar2": 0.0374183058739,
        "max": 2.59514188766,
        "mean": 1.12602615356,
        "median": 1.14428687096,
        "min": -0.108917109668,
        "var": 0.0841028541327
    },
    "spectral_spread": {
        "dmean": 587281.5625,
        "dmean2": 835953.6875,
        "dvar": 376409882624,
        "dvar2": 632684019712,
        "max": 17631522,
        "mean": 5948276.5,
        "median": 5874755.5,
        "min": 2037994.25,
        "var": 2.27827856179e+12
    },
    "spectral_strongpeak": {
        "dmean": 0.387846022844,
        "dmean2": 0.662541389465,
        "dvar": 0.933187425137,
        "dvar2": 2.66271996498,
        "max": 32.0567550659,
        "mean": 0.707525014877,
        "median": 0.388914853334,
        "min": 0,
        "var": 1.76948368549
    },
    "zerocrossingrate": {
        "dmean": 0.0157784968615,
        "dmean2": 0.0179330036044,
        "dvar": 0.000305654975818,
        "dvar2": 0.000328051421093,
        "max": 0.6162109375,
        "mean": 0.0877070724964,
        "median": 0.07958984375,
        "min": 0.00830078125,
        "var": 0.00237410445698
    },
    "barkbands": {
        "dmean": [0.000322492589476, 0.00519331684336, 0.00226874835789, 0.00150496338028, 0.00170072179753, 0.00100826530252, 0.000796745822299, 0.000834814447444, 0.00141060946044, 0.000972689071205, 0.000647509121336, 0.00050534500042, 0.000450223305961, 0.000521550886333, 0.000312931864755, 0.000171097257407, 0.000179424416274, 0.000188750564121, 0.000188081045053, 0.000202907511266, 0.000217137727304, 0.000243805377977, 0.000290253141429, 0.00022405020718, 0.000168503844179, 7.97039465397e-05, 1.05083072413e-05],
        "dmean2": [0.000357150973286, 0.00827623344958, 0.00395491532981, 0.00264836032875, 0.00296293571591, 0.00164532894269, 0.00127083389089, 0.00134991854429, 0.00233995728195, 0.00161933409981, 0.00110143376514, 0.000847036542837, 0.000775991939008, 0.000884513254277, 0.00052371917991, 0.000282095570583, 0.000301482097711, 0.000306450616335, 0.000311025243718, 0.000328944006469, 0.000339053192874, 0.000381024525268, 0.000440030795289, 0.000335182558047, 0.000254497776041, 0.000116626593808, 1.58683687914e-05],
        "dvar": [2.25987363933e-07, 6.76431955071e-05, 2.45063547482e-05, 1.05210874608e-05, 1.16223582154e-05, 3.57075623469e-06, 2.30111095334e-06, 2.79067239717e-06, 1.06690931716e-05, 5.15417377756e-06, 1.94947961063e-06, 8.65797687766e-07, 6.75317380683e-07, 7.27531244138e-07, 2.91115895834e-07, 7.52664846004e-08, 6.8247167917e-08, 8.4657379773e-08, 1.86776702549e-07, 1.41197858738e-07, 1.07614297917e-07, 1.52139875809e-07, 2.31918917848e-07, 1.47002708673e-07, 1.7739210989e-07, 3.96339387976e-08, 1.9485513203e-09],
        "dvar2": [3.14248381983e-07, 0.000170489234733, 6.6964305006e-05, 2.93872235488e-05, 3.23749809468e-05, 8.83447046363e-06, 5.23993094248e-06, 6.76757872498e-06, 2.80884305539e-05, 1.51781632667e-05, 5.22806521985e-06, 2.2960239221e-06, 1.93525465875e-06, 2.07002858588e-06, 7.05247998667e-07, 1.85890840498e-07, 1.76642188876e-07, 2.06751636256e-07, 4.87767408686e-07, 3.33253382223e-07, 2.47133641551e-07, 3.48570807773e-07, 4.73361325248e-07, 3.09058577841e-07, 4.59057730495e-07, 8.80883206378e-08, 4.06773592587e-09],
        "max": [0.00636487314478, 0.0924997776747, 0.061604321003, 0.0435470119119, 0.0356750227511, 0.0439939834177, 0.0290770456195, 0.0339756384492, 0.10440081358, 0.054729424417, 0.0599170476198, 0.0373566709459, 0.0179316885769, 0.015353503637, 0.0163773968816, 0.00741657335311, 0.00518374936655, 0.00614375015721, 0.0198078341782, 0.0108119938523, 0.00974563136697, 0.0127252405509, 0.0104611655697, 0.00645995466039, 0.0217492766678, 0.0107776848599, 0.00305736577138],
        "mean": [0.000820319866762, 0.0109918098897, 0.00234952033497, 0.00159149453975, 0.00210915948264, 0.00152304349467, 0.00113517325372, 0.00119279243518, 0.00232670875266, 0.00166233209893, 0.00104344112333, 0.000882668071426, 0.000787008320913, 0.000922203413211, 0.000516746251378, 0.000295064673992, 0.000323616608512, 0.000375617470127, 0.000390421308111, 0.000408231542679, 0.000470442144433, 0.000520935631357, 0.00058205780806, 0.000398577278247, 0.000292188866297, 0.00012597827299, 1.32239556478e-05],
        "median": [0.00010953949095, 0.00443535111845, 0.000839670188725, 0.000653561030049, 0.00101083051413, 0.000654441304505, 0.000468634389108, 0.000443967408501, 0.000840577238705, 0.000531944213435, 0.000423581746873, 0.000415268761571, 0.000406819046475, 0.000488644116558, 0.00031046490767, 0.000184050179087, 0.000210356229218, 0.000237398955505, 0.000252729805652, 0.000276479462627, 0.000334449083311, 0.000365577318007, 0.00034138810588, 0.000210693819099, 0.000138540781336, 4.93222869409e-05, 2.60264471308e-07],
        "min": [7.88167003451e-14, 3.28779294371e-14, 1.88611028651e-15, 5.94724702157e-16, 1.36915422034e-15, 7.08841512437e-15, 1.23071142849e-14, 1.98955113587e-14, 4.37951355004e-15, 1.57953789208e-14, 4.10010397758e-14, 2.16258827794e-14, 2.1696186514e-14, 4.85398905044e-14, 1.53483725295e-14, 7.29418492295e-14, 6.42570306859e-14, 3.61007949337e-14, 9.59256884537e-14, 1.01590800659e-13, 9.99771486844e-14, 1.14568375403e-13, 1.34541669797e-13, 1.77986003214e-13, 2.61163052989e-13, 4.74241089107e-13, 6.05595705961e-13],
        "var": [1.55596387685e-06, 0.000169507824467, 2.15632098843e-05, 8.76096146385e-06, 1.06345523818e-05, 6.79077083987e-06, 4.15462818637e-06, 5.04809850099e-06, 2.14119008888e-05, 1.23831632663e-05, 5.138261713e-06, 2.2214674118e-06, 1.54838176059e-06, 1.68474093698e-06, 5.32672004283e-07, 1.75102883304e-07, 1.40841947882e-07, 1.92098724483e-07, 2.65582400516e-07, 2.49824552156e-07, 2.44895431933e-07, 3.28163366703e-07, 6.29758346804e-07, 3.10699931561e-07, 4.66128369681e-07, 9.53029513084e-08, 7.68615038282e-09]
    },
    "erbbands": {
        "dmean": [0.200347810984, 1.10872352123, 2.30051374435, 4.13918542862, 5.13878059387, 5.67228031158, 7.58514165878, 8.44504261017, 10.5574150085, 14.0422592163, 19.7296390533, 29.8495826721, 32.4705467224, 24.5569629669, 23.7669467926, 17.5597610474, 18.8684024811, 23.9350776672, 20.003736496, 12.9585752487, 9.15743255615, 10.0435733795, 9.08000278473, 10.3176345825, 8.61349487305, 9.40696716309, 9.27279758453, 8.52024936676, 8.42780303955, 10.0155076981, 8.18363285065, 5.45229244232, 3.40103340149, 2.23721718788, 1.03660261631, 0.39129576087, 0.147975713015, 0.0273518729955, 0.00186516344547, 7.51778861741e-05],
        "dmean2": [0.288173645735, 1.77564227581, 3.90834116936, 7.24526023865, 9.13508796692, 9.82892608643, 12.6149282455, 13.6332426071, 16.7506427765, 22.6643505096, 31.6211910248, 49.0295448303, 54.4593048096, 41.316696167, 40.4679794312, 29.419511795, 32.2924041748, 40.5453834534, 33.8717575073, 21.374671936, 15.084900856, 16.8181934357, 14.5930576324, 16.8458595276, 14.0870513916, 15.2539558411, 14.8756656647, 13.3489589691, 13.1617431641, 15.7782831192, 12.3668642044, 8.16567134857, 5.12502336502, 3.44902801514, 1.534050107, 0.579542160034, 0.21821038425, 0.0409886948764, 0.00278946151957, 0.000111978406494],
        "dvar": [0.0950637608767, 3.36781835556, 23.3224773407, 77.3275756836, 136.733001709, 130.619445801, 194.674407959, 279.536346436, 440.750274658, 896.536254883, 1462.4407959, 4794.84179688, 6522.99609375, 4503.09423828, 2018.57568359, 1195.08544922, 1122.59716797, 1669.90002441, 997.411987305, 613.398803711, 203.895111084, 210.478317261, 172.581665039, 474.272918701, 298.67010498, 318.347961426, 213.712112427, 165.984741211, 200.203018188, 262.612548828, 206.826309204, 95.0341339111, 31.9141941071, 43.0734519958, 4.06264829636, 0.638091027737, 0.249576181173, 0.00462546711788, 8.33277808852e-05, 3.31649118834e-07],
        "dvar2": [0.222016379237, 8.46660041809, 61.4712486267, 215.399108887, 390.900634766, 355.860412598, 498.93560791, 668.128662109, 1023.64019775, 2138.7487793, 3531.93212891, 12356.75, 18524.2167969, 13483.7666016, 5558.37207031, 3054.40014648, 3189.4621582, 4702.67382812, 2700.8581543, 1444.96594238, 515.383178711, 542.78692627, 424.018798828, 1161.96130371, 727.897338867, 742.815246582, 494.745513916, 375.154327393, 462.642669678, 631.694763184, 425.802734375, 197.860488892, 68.1799545288, 116.327606201, 9.40118980408, 1.4145026207, 0.537507593632, 0.0109359594062, 0.000180571296369, 6.94087930242e-07],
        "max": [3.3026444912, 22.9457569122, 57.5769233704, 91.2501525879, 141.742218018, 154.227050781, 294.908081055, 328.449157715, 435.412506104, 660.874145508, 1071.34985352, 2236.49511719, 2510.20385742, 3423.65258789, 1074.67736816, 1815.99267578, 718.317565918, 912.724487305, 614.703674316, 765.596801758, 288.023590088, 332.481781006, 273.542663574, 1024.52209473, 739.155761719, 494.526855469, 388.98449707, 352.588439941, 489.642974854, 391.546234131, 315.35067749, 199.425689697, 99.4726028442, 350.716552734, 78.9952468872, 28.3654937744, 32.9651794434, 3.05440926552, 0.558243751526, 0.0501515902579],
        "mean": [0.487460553646, 1.77912139893, 2.63084602356, 4.55239439011, 5.71450901031, 6.75464773178, 10.8478660583, 12.5405406952, 15.4357757568, 20.0823993683, 31.838722229, 49.2194213867, 58.0068206787, 46.0593795776, 41.6188774109, 33.7769851685, 36.0026283264, 45.2583045959, 35.2178230286, 22.7281475067, 16.5806655884, 19.0595378876, 19.4405975342, 21.7174224854, 18.5849704742, 19.3234367371, 19.3003196716, 18.0768165588, 17.9891548157, 19.6898155212, 15.9610624313, 9.77496051788, 5.89500141144, 3.79696726799, 1.75818490982, 0.641526937485, 0.222698539495, 0.0346631854773, 0.00264808139764, 0.000139583382406],
        "median": [0.13210503757, 0.90069770813, 1.12144958973, 2.08341002464, 2.52970910072, 2.94945955276, 4.8888926506, 5.28352642059, 6.6106262207, 7.87823295593, 12.7845258713, 17.2445163727, 19.6088180542, 18.2792739868, 19.653886795, 17.0062141418, 19.6795883179, 24.5288276672, 20.6387004852, 14.3465614319, 10.5767412186, 12.7484750748, 13.0274076462, 13.7515449524, 12.4760494232, 13.2277622223, 13.385184288, 12.7079362869, 12.496758461, 13.1358642578, 8.93263626099, 4.954641819, 3.18770265579, 1.748026371, 0.839683592319, 0.290037453175, 0.0769103094935, 0.00726999109611, 0.000196535664145, 5.66253911529e-05],
        "min": [2.08393740632e-12, 3.73361844913e-12, 2.90705697362e-12, 2.13726345649e-12, 1.3510648763e-12, 4.27591902857e-12, 3.52621057353e-11, 6.41650066413e-11, 9.60481069678e-11, 3.68876651446e-10, 3.48850254239e-10, 1.20073867516e-10, 1.6393437996e-10, 1.35601363471e-09, 1.23504617644e-09, 8.85617579272e-10, 9.30520271947e-10, 3.12897063814e-09, 5.99744254259e-10, 3.27314841897e-09, 2.97535907023e-09, 2.91383472906e-09, 1.98294691778e-09, 3.48699447095e-09, 5.03859221013e-09, 5.30352162187e-09, 4.60855664741e-09, 3.54626195076e-09, 4.5454675579e-09, 4.78542094839e-09, 2.92824431369e-09, 4.18445367245e-09, 2.74098144182e-09, 2.49097609206e-09, 2.0764174824e-09, 1.71709646501e-09, 8.23168033737e-10, 3.95770000106e-10, 9.22251788826e-11, 7.71603354127e-12],
        "var": [0.395475804806, 5.22881746292, 21.9741725922, 65.1037445068, 108.175971985, 127.856437683, 340.093109131, 491.774139404, 788.986328125, 1547.69458008, 3012.11083984, 9779.69042969, 15417.7695312, 12544.8378906, 4848.26025391, 3015.15258789, 2802.20947266, 4192.48144531, 2130.52832031, 1106.37158203, 457.065704346, 464.602935791, 445.747253418, 800.916992188, 510.824401855, 563.696472168, 457.619384766, 366.576660156, 417.026062012, 536.505737305, 539.42376709, 217.291137695, 64.4100265503, 110.539321899, 10.4387760162, 1.46839487553, 0.58962982893, 0.00844242610037, 0.000369849760318, 1.09278084892e-06]
    },
    "gfcc": {
        "mean": [45.5679283142, 58.3802871704, -114.937980652, 38.3729057312, -68.443611145, 31.5323982239, -30.6230449677, 13.9623298645, -21.3494815826, 7.88613843918, -15.3061695099, 2.69553422928, -10.9305467606],
        "cov": [[3378.66430664, -481.072723389, 716.28326416, -145.010955811, 47.994808197, 16.6272296906, -177.579544067, 135.837402344, -168.198822021, 188.729248047, -167.854690552, 196.582565308, -203.296676636], [-481.072723389, 830.21295166, -69.1554946899, 265.523254395, 6.76949739456, -7.35947275162, 87.375793457, -41.7070465088, 96.3429718018, -40.4078559875, 86.6996536255, -46.3669052124, 82.510307312], [716.28326416, -69.1554946899, 1521.44482422, 546.613098145, 215.775878906, 123.762741089, -87.7549514771, 65.4177474976, -37.1620445251, 244.620437622, -25.9286518097, 225.681686401, -59.3694381714], [-145.010955811, 265.523254395, 546.613098145, 599.226989746, 112.371856689, 113.555732727, 15.6168193817, 4.98053264618, 67.9765396118, 82.5170822144, 62.8591537476, 76.0611114502, 56.6690444946], [47.994808197, 6.76949739456, 215.775878906, 112.371856689, 276.758361816, 121.999916077, 55.8754653931, 76.5100784302, 29.9914417267, 54.0321922302, 31.6691322327, 51.2924919128, 13.8292694092], [16.6272296906, -7.35947275162, 123.762741089, 113.555732727, 121.999916077, 190.459121704, 91.4919967651, 71.5186462402, 35.9140205383, 45.4994621277, 38.2655105591, 32.4163627625, 20.4573078156], [-177.579544067, 87.375793457, -87.7549514771, 15.6168193817, 55.8754653931, 91.4919967651, 191.400161743, 65.7250061035, 60.2022895813, 0.528432488441, 46.0351104736, -14.6257781982, 28.4813251495], [135.837402344, -41.7070465088, 65.4177474976, 4.98053264618, 76.5100784302, 71.5186462402, 65.7250061035, 134.109024048, 35.713508606, 56.0345001221, 20.5772247314, 37.2854881287, 3.51329612732], [-168.198822021, 96.3429718018, -37.1620445251, 67.9765396118, 29.9914417267, 35.9140205383, 60.2022895813, 35.713508606, 119.12386322, 17.5474472046, 46.1999549866, 1.67091846466, 40.1357955933], [188.729248047, -40.4078559875, 244.620437622, 82.5170822144, 54.0321922302, 45.4994621277, 0.528432488441, 56.0345001221, 17.5474472046, 123.161636353, 20.451133728, 68.7111587524, -6.24000692368], [-167.854690552, 86.6996536255, -25.9286518097, 62.8591537476, 31.6691322327, 38.2655105591, 46.0351104736, 20.5772247314, 46.1999549866, 20.451133728, 93.2580413818, 14.6748476028, 41.1919898987], [196.582565308, -46.3669052124, 225.681686401, 76.0611114502, 51.2924919128, 32.4163627625, -14.6257781982, 37.2854881287, 1.67091846466, 68.7111587524, 14.6748476028, 106.493865967, 8.15687465668], [-203.296676636, 82.510307312, -59.3694381714, 56.6690444946, 13.8292694092, 20.4573078156, 28.4813251495, 3.51329612732, 40.1357955933, -6.24000692368, 41.1919898987, 8.15687465668, 87.9172973633]],
        "icov": [[0.000469512859127, -3.33019961545e-05, -0.000110643726657, 0.000213052640902, 0.000107005762402, -0.000188578924281, 0.000282002176391, -0.000441842654254, 0.00020719220629, -0.00017413009482, 0.000472312472994, -0.000600446364842, 0.00058571214322], [-3.33019961545e-05, 0.00194155971985, 0.000156561625772, -0.00113023549784, -0.000185593366041, 0.00113257067278, -0.000916888064239, 0.000464120908873, -0.000464019627543, 0.00034675351344, -0.000884370412678, 0.000777782697696, -0.0004421362828], [-0.000110643726657, 0.000156561625772, 0.00206495053135, -0.00174834695645, -0.00067322445102, 0.000242041351157, 4.22762168455e-05, 0.000321425526636, 0.000750895880628, -0.0019194589695, 0.00121477013454, -0.00174795207568, 0.00125560932793], [0.000213052640902, -0.00113023549784, -0.00174834695645, 0.00447213137522, 0.000236029562075, -0.00207862514071, 0.0009178884211, 0.00107565231156, -0.00137080799323, 0.000191775921849, -0.000715738686267, -7.2533076434e-08, -0.00142890156712], [0.000107005762402, -0.000185593366041, -0.00067322445102, 0.000236029562075, 0.00575344823301, -0.00278159044683, 0.000217084249016, -0.00175561616197, -0.000139180949191, 0.000752003048547, -0.000481874070829, -0.000714156776667, -3.41337545251e-05], [-0.000188578924281, 0.00113257067278, 0.000242041351157, -0.00207862514071, -0.00278159044683, 0.0110171325505, -0.00417608954012, -0.00157306028996, 0.000791631289758, -0.000760568946134, -0.0011027607834, 0.000456117239082, -0.00064700882649], [0.000282002176391, -0.000916888064239, 4.22762168455e-05, 0.0009178884211, 0.000217084249016, -0.00417608954012, 0.0100863277912, -0.00373201933689, -0.00187895761337, 0.0013381796889, -0.00149027246516, 0.00154383701738, 0.000276443082839], [-0.000441842654254, 0.000464120908873, 0.000321425526636, 0.00107565231156, -0.00175561616197, -0.00157306028996, -0.00373201933689, 0.0145096341148, -0.00264224386774, -0.00440553342924, 0.000522034591995, -0.00190042110626, 0.000163088479894], [0.00020719220629, -0.000464019627543, 0.000750895880628, -0.00137080799323, -0.000139180949191, 0.000791631289758, -0.00187895761337, -0.00264224386774, 0.0136679112911, -0.0024506142363, -0.00205151923001, 0.00115276651923, -0.00270211091265], [-0.00017413009482, 0.00034675351344, -0.0019194589695, 0.000191775921849, 0.000752003048547, -0.000760568946134, 0.0013381796889, -0.00440553342924, -0.0024506142363, 0.0182670541108, -0.00394085794687, -0.00539090763777, 0.00241519277915], [0.000472312472994, -0.000884370412678, 0.00121477013454, -0.000715738686267, -0.000481874070829, -0.0011027607834, -0.00149027246516, 0.000522034591995, -0.00205151923001, -0.00394085794687, 0.0184154752642, -0.00281820003875, -0.00371178309433], [-0.000600446364842, 0.000777782697696, -0.00174795207568, -7.2533076434e-08, -0.000714156776667, 0.000456117239082, 0.00154383701738, -0.00190042110626, 0.00115276651923, -0.00539090763777, -0.00281820003875, 0.019866976887, -0.00514841545373], [0.00058571214322, -0.0004421362828, 0.00125560932793, -0.00142890156712, -3.41337545251e-05, -0.00064700882649, 0.000276443082839, 0.000163088479894, -0.00270211091265, 0.00241519277915, -0.00371178309433, -0.00514841545373, 0.0185941569507]]
    },
    "melbands": {
        "dmean": [0.00156525219791, 0.00116437731776, 0.000723291304894, 0.000383501901524, 0.000257338309893, 0.000188599951798, 0.000158643306349, 0.000161719828611, 0.000176193061634, 0.000195145359612, 0.000167000674992, 0.00010574512271, 8.73646204127e-05, 6.16526522208e-05, 4.64178046968e-05, 4.60589581053e-05, 4.74356857012e-05, 3.79196062568e-05, 2.32215534197e-05, 1.31290971694e-05, 1.12978823381e-05, 1.1423392607e-05, 9.1507235993e-06, 9.53340986598e-06, 9.11311053642e-06, 7.47606372897e-06, 6.80505627315e-06, 6.84279484631e-06, 6.43087696517e-06, 5.83121527598e-06, 5.15825058756e-06, 4.98162353324e-06, 5.66377548239e-06, 6.04790375291e-06, 5.25671475771e-06, 4.23351184509e-06, 3.18841534863e-06, 2.50854759543e-06, 2.21548680202e-06, 1.9468109258e-06],
        "dmean2": [0.0024058772251, 0.00187652371824, 0.00126167631242, 0.000674964336213, 0.000429491279647, 0.000304512155708, 0.000251412391663, 0.000259270513197, 0.000283915665932, 0.000321319676004, 0.000280276639387, 0.000177984737093, 0.000148964856635, 0.000104164770164, 7.88941906649e-05, 7.89732876001e-05, 8.01646747277e-05, 6.46656990284e-05, 3.86257561331e-05, 2.15983363887e-05, 1.87423229363e-05, 1.92260977201e-05, 1.51234871737e-05, 1.56241258082e-05, 1.5001650354e-05, 1.23737518152e-05, 1.12027928481e-05, 1.11287881737e-05, 1.04991377157e-05, 9.29233647184e-06, 8.19453089207e-06, 7.94684729044e-06, 9.00339546206e-06, 9.64478113019e-06, 8.13698170532e-06, 6.41112183075e-06, 4.8945466915e-06, 3.84189070246e-06, 3.41492500411e-06, 3.05565640701e-06],
        "dvar": [5.95187793806e-06, 4.16387729274e-06, 2.31111562243e-06, 6.96406175393e-07, 2.05013549248e-07, 1.32184467816e-07, 9.25580110334e-08, 1.10791845032e-07, 1.19327395964e-07, 2.19131038648e-07, 1.69734505562e-07, 7.71417560941e-08, 2.98037221569e-08, 1.43457778989e-08, 7.10378378344e-09, 7.21443216278e-09, 6.51630216453e-09, 4.02273458988e-09, 2.15621809296e-09, 5.07654140947e-10, 3.36622285602e-10, 2.76581618719e-10, 2.25711810353e-10, 2.31070620971e-10, 4.14037387708e-10, 2.59301108363e-10, 1.81129347632e-10, 1.6369618161e-10, 1.06976573433e-10, 7.85817244608e-11, 6.19565510007e-11, 7.30270843796e-11, 7.99766294857e-11, 9.80662218097e-11, 8.62102542132e-11, 6.19200801744e-11, 3.37062079636e-11, 1.84431706018e-11, 1.42428109237e-11, 6.6015248823e-11],
        "dvar2": [1.47713335537e-05, 1.0214989743e-05, 6.44416240903e-06, 1.96631503968e-06, 5.3288010804e-07, 3.17755080914e-07, 2.15103725054e-07, 2.67610175797e-07, 3.00457998037e-07, 5.67461881928e-07, 4.83657288441e-07, 2.3027843099e-07, 8.06431685874e-08, 3.80143525547e-08, 1.93024352058e-08, 2.06709138695e-08, 1.82748003397e-08, 1.11256817092e-08, 5.11457454166e-09, 1.20944809723e-09, 8.52858950129e-10, 7.26794013861e-10, 5.69863878308e-10, 5.78788406091e-10, 1.03681407904e-09, 6.70137945136e-10, 4.45978087793e-10, 3.86872894831e-10, 2.57082910515e-10, 1.8463765239e-10, 1.45132197926e-10, 1.74442835177e-10, 1.90122931287e-10, 2.40207076452e-10, 1.89604304479e-10, 1.26174529158e-10, 7.45520659096e-11, 4.07329205088e-11, 3.20172673096e-11, 1.85785997697e-10],
        "max": [0.0231792088598, 0.0270700678229, 0.0153326652944, 0.0091464696452, 0.00829255115241, 0.00690537551418, 0.00592649634928, 0.006871140562, 0.00930353812873, 0.0138620939106, 0.01272052899, 0.0135955289006, 0.00563371507451, 0.00446732109413, 0.00183991331141, 0.00209745159373, 0.00179351435509, 0.00132300937548, 0.00179883674718, 0.000728239770979, 0.000432304135757, 0.000312609539833, 0.000412784225773, 0.000360312958946, 0.000975455797743, 0.00055365281878, 0.000493157655001, 0.000398175936425, 0.000287793780444, 0.000250226847129, 0.000222269067308, 0.000297090678941, 0.000257928739302, 0.000210483864066, 0.00020801059145, 0.000156573063578, 0.000135419002618, 7.39125607652e-05, 8.87831338332e-05, 0.000468556012493],
        "mean": [0.00356778479181, 0.00168564799242, 0.000825422233902, 0.0004413232964, 0.000370678171748, 0.000287336762995, 0.000233078550082, 0.000229142591706, 0.000280322885374, 0.000317907863064, 0.000290397991193, 0.000189381404198, 0.000144560355693, 0.000104901053419, 8.13166916487e-05, 8.00619309302e-05, 8.45440736157e-05, 6.11140785622e-05, 3.75737727154e-05, 2.21105437959e-05, 1.85385524674e-05, 1.94754447875e-05, 1.77725341928e-05, 1.81053856068e-05, 1.75835521077e-05, 1.47332339111e-05, 1.25912310978e-05, 1.28102938106e-05, 1.20808808788e-05, 1.13509559014e-05, 1.0028818906e-05, 9.84101916401e-06, 1.06340603452e-05, 1.10752271212e-05, 9.72096495389e-06, 7.32172202333e-06, 5.40330756849e-06, 4.20119295086e-06, 3.45399803336e-06, 3.22433106703e-06],
        "median": [0.00120388064533, 0.000963353377301, 0.000409639178542, 0.000199295172933, 0.000174915709067, 0.000125397127704, 0.000100401768577, 8.75236291904e-05, 0.000107578700408, 0.000110335065983, 9.67720989138e-05, 7.076554175e-05, 6.19884667685e-05, 4.75225097034e-05, 4.09758540627e-05, 4.17525807279e-05, 4.42232194473e-05, 3.26110966853e-05, 2.15122563532e-05, 1.36196913445e-05, 1.0985145309e-05, 1.2470591173e-05, 1.17005374705e-05, 1.11834187919e-05, 1.06208890429e-05, 9.42983479035e-06, 7.85790962254e-06, 8.41119708639e-06, 8.12214784673e-06, 7.72619750933e-06, 6.778646366e-06, 6.64670960759e-06, 7.12867586117e-06, 7.00752298144e-06, 5.3939661484e-06, 3.53817426912e-06, 2.75173260889e-06, 2.27653004004e-06, 1.77217623332e-06, 1.33907099098e-06],
        "min": [1.76678723057e-14, 2.5489461785e-15, 3.52719448192e-16, 1.24699118469e-16, 1.03638515091e-15, 1.3395881118e-15, 1.81482526422e-15, 4.45015016861e-15, 2.45473028026e-15, 5.99605041301e-16, 7.21265495246e-16, 5.18514860903e-15, 5.0240488717e-15, 2.96115899745e-15, 9.79533146523e-16, 3.86216403707e-15, 5.6652820354e-15, 5.36965790181e-16, 1.83744887896e-15, 6.50966249898e-15, 3.03388905795e-15, 3.5542485025e-15, 1.67261849089e-15, 2.1224288789e-15, 2.82776083738e-15, 3.93480939427e-15, 3.09241035252e-15, 3.73358782381e-15, 2.9256219419e-15, 2.37607945946e-15, 1.74316648864e-15, 2.88407222299e-15, 1.98435615575e-15, 3.09439156258e-15, 1.34079883952e-15, 2.25548695525e-15, 2.58784087265e-15, 2.01345300804e-15, 1.5329142764e-15, 2.27617382916e-15],
        "var": [1.89407710423e-05, 5.20607181898e-06, 1.9232682007e-06, 5.76779086714e-07, 3.40472382732e-07, 2.43359153274e-07, 1.68163353464e-07, 1.90526847632e-07, 2.29814389741e-07, 4.39898570903e-07, 3.9066551949e-07, 2.09289510167e-07, 7.49097210928e-08, 3.59423495411e-08, 1.59399089483e-08, 1.66212661412e-08, 1.51451260422e-08, 7.90808307727e-09, 3.65274144265e-09, 1.10107090112e-09, 6.69595601188e-10, 5.38795619232e-10, 4.56555709905e-10, 4.78248995961e-10, 6.1624289005e-10, 3.83653109282e-10, 2.84614137813e-10, 2.80540340958e-10, 2.05191585945e-10, 1.58144081164e-10, 1.2314105291e-10, 1.36728461886e-10, 1.55872828533e-10, 1.89088425473e-10, 2.02500585744e-10, 1.48098769359e-10, 6.62117721761e-11, 3.44698124211e-11, 2.46787364849e-11, 1.70092384622e-10]
    },
    "mfcc": {
        "mean": [-592.934753418, 85.3882141113, 9.78950977325, 12.489367485, -4.59114170074, 13.84907341, 3.86962985992, 8.77316188812, 1.92223119736, 6.69439506531, 4.30199337006, 0.851485669613, -2.13517045975],
        "cov": [[2631.34692383, -151.49520874, 135.898712158, -147.315322876, 27.6625080109, -109.051483154, -21.3427124023, -25.7662525177, -55.7963256836, 27.841545105, -8.4698638916, -66.3521194458, 8.38862133026], [-151.49520874, 479.196777344, -17.0437221527, 89.5954971313, -9.30246829987, 14.4894361496, 11.5494585037, 18.6090946198, 16.5254478455, -0.733771085739, 29.527009964, 13.4258928299, 4.12728357315], [135.898712158, -17.0437221527, 1115.08190918, 492.102722168, 303.958953857, 198.631164551, 31.5844783783, -29.573589325, 30.9049129486, -36.6148719788, 8.58209323883, 105.439033508, 140.961654663], [-147.315322876, 89.5954971313, 492.102722168, 436.391448975, 195.700973511, 146.314041138, 19.1274719238, 8.29561138153, 37.1421852112, -12.6820001602, 2.45464849472, 80.2905731201, 88.6556625366], [27.6625080109, -9.30246829987, 303.958953857, 195.700973511, 310.381103516, 113.796539307, 60.7088775635, 24.249256134, 32.7242698669, 20.0403995514, 10.1378974915, 37.4054031372, 76.2724761963], [-109.051483154, 14.4894361496, 198.631164551, 146.314041138, 113.796539307, 176.130493164, 65.9314956665, 46.0620765686, 38.4759101868, 24.1553096771, 17.80651474, 43.9715919495, 40.2503395081], [-21.3427124023, 11.5494585037, 31.5844783783, 19.1274719238, 60.7088775635, 65.9314956665, 161.485916138, 67.3158950806, 34.6896820068, 52.1516075134, 40.5520019531, 9.30513763428, 20.8100757599], [-25.7662525177, 18.6090946198, -29.573589325, 8.29561138153, 24.249256134, 46.0620765686, 67.3158950806, 113.312408447, 48.4171600342, 45.9798164368, 32.9571418762, 20.5994987488, 8.15947341919], [-55.7963256836, 16.5254478455, 30.9049129486, 37.1421852112, 32.7242698669, 38.4759101868, 34.6896820068, 48.4171600342, 93.2795944214, 36.1961326599, 24.5798454285, 28.5177688599, 15.3527736664], [27.841545105, -0.733771085739, -36.6148719788, -12.6820001602, 20.0403995514, 24.1553096771, 52.1516075134, 45.9798164368, 36.1961326599, 92.507194519, 41.3783378601, 11.4625921249, 9.74127101898], [-8.4698638916, 29.527009964, 8.58209323883, 2.45464849472, 10.1378974915, 17.80651474, 40.5520019531, 32.9571418762, 24.5798454285, 41.3783378601, 79.2086029053, 27.4517498016, 13.196647644], [-66.3521194458, 13.4258928299, 105.439033508, 80.2905731201, 37.4054031372, 43.9715919495, 9.30513763428, 20.5994987488, 28.5177688599, 11.4625921249, 27.4517498016, 79.0167922974, 40.6765327454], [8.38862133026, 4.12728357315, 140.961654663, 88.6556625366, 76.2724761963, 40.2503395081, 20.8100757599, 8.15947341919, 15.3527736664, 9.74127101898, 13.196647644, 40.6765327454, 78.4828262329]],
