{
"lowlevel": {
    "average_loudness": 0.862350285053,
    "barkbands_crest": {
        "dmean": 2.36540675163,
        "dmean2": 3.79521250725,
        "dvar": 4.85531282425,
        "dvar2": 12.4251012802,
        "max": 25.5872516632,
        "mean": 10.5449895859,
        "median": 9.7608833313,
        "min": 2.7640709877,
        "var": 18.0576267242
    },
    "barkbands_flatness_db": {
        "dmean": 0.0186340250075,
        "dmean2": 0.0283116586506,
        "dvar": 0.000308152695652,
        "dvar2": 0.000672027643304,
        "max": 0.482981652021,
        "mean": 0.162490099669,
        "median": 0.150434494019,
        "min": 0.0325848348439,
        "var": 0.0042503005825
    },
    "barkbands_kurtosis": {
        "dmean": 2.47182440758,
        "dmean2": 3.86667203903,
        "dvar": 28.6020565033,
        "dvar2": 67.6935501099,
        "max": 160.29888916,
        "mean": 5.44272947311,
        "median": 1.64714789391,
        "min": -1.9384585619,
        "var": 100.318832397
    },
    "barkbands_skewness": {
        "dmean": 0.394918680191,
        "dmean2": 0.608209192753,
        "dvar": 0.233528986573,
        "dvar2": 0.549223661423,
        "max": 10.3780374527,
        "mean": 1.4503647089,
        "median": 1.09607243538,
        "min": -3.4791867733,
        "var": 1.90540933609
    },
    "barkbands_spread": {
        "dmean": 4.22878980637,
        "dmean2": 6.52157354355,
        "dvar": 34.4925422668,
        "dvar2": 71.8883285522,
        "max": 127.365859985,
        "mean": 19.9603366852,
        "median": 17.5113754272,
        "min": 1.11635792255,
        "var": 184.704925537
    },
    "dissonance": {
        "dmean": 0.0219566617161,
        "dmean2": 0.0371341481805,
        "dvar": 0.000418663286837,
        "dvar2": 0.0011691423133,
        "max": 0.500000059605,
        "mean": 0.45349252224,
        "median": 0.461192458868,
        "min": 0.22241280973,
        "var": 0.00124657154083
    },
    "dynamic_complexity": 3.14106178284,
    "erbbands_crest": {
        "dmean": 2.70299434662,
        "dmean2": 4.29285526276,
        "dvar": 6.01383972168,
        "dvar2": 15.2483291626,
        "max": 30.0106391907,
        "mean": 11.2217102051,
        "median": 10.387216568,
        "min": 1.85839140415,
        "var": 22.1008968353
    },
    "erbbands_flatness_db": {
        "dmean": 0.0161261111498,
        "dmean2": 0.0236848462373,
        "dvar": 0.00021591517725,
        "dvar2": 0.000445335841505,
        "max": 0.415312260389,
        "mean": 0.184992328286,
        "median": 0.179218143225,
        "min": 0.0235050804913,
        "var": 0.00282537122257
    },
    "erbbands_kurtosis": {
        "dmean": 1.10515165329,
        "dmean2": 1.76038789749,
        "dvar": 2.45526862144,
        "dvar2": 5.91798496246,
        "max": 41.5431671143,
        "mean": 1.29858934879,
        "median": 0.465285778046,
        "min": -1.80832016468,
        "var": 7.88902521133
    },
    "erbbands_skewness": {
        "dmean": 0.347700029612,
        "dmean2": 0.534623622894,
        "dvar": 0.110627435148,
        "dvar2": 0.248187929392,
        "max": 5.34905195236,
        "mean": 0.856348991394,
        "median": 0.816673994064,
        "min": -4.26467943192,
        "var": 0.775360763073
    },
    "erbbands_spread": {
        "dmean": 6.62035703659,
        "dmean2": 10.1629114151,
        "dvar": 62.7200469971,
        "dvar2": 136.180633545,
        "max": 135.217910767,
        "mean": 34.8295135498,
        "median": 30.2593173981,
        "min": 3.6500813961,
        "var": 363.768096924
    },
    "hfc": {
        "dmean": 5.00677919388,
        "dmean2": 7.47636651993,
        "dvar": 68.815612793,
        "dvar2": 140.812820435,
        "max": 234.094329834,
        "mean": 23.0958709717,
        "median": 16.7356281281,
        "min": 7.47651385247e-10,
        "var": 440.094421387
    },
    "melbands_crest": {
        "dmean": 2.90077161789,
        "dmean2": 4.64136123657,
        "dvar": 7.66887569427,
        "dvar2": 18.9270095825,
        "max": 33.4777641296,
        "mean": 13.8094758987,
        "median": 12.913772583,
        "min": 3.08839297295,
        "var": 28.7393112183
    },
    "melbands_flatness_db": {
        "dmean": 0.0194235108793,
        "dmean2": 0.0293992292136,
        "dvar": 0.000410515698604,
        "dvar2": 0.000874231744092,
        "max": 0.630282700062,
        "mean": 0.204376354814,
        "median": 0.185971066356,
        "min": 0.0258693899959,
        "var": 0.00576495099813
    },
    "melbands_kurtosis": {
        "dmean": 5.48285150528,
        "dmean2": 8.63699436188,
        "dvar": 135.08505249,
        "dvar2": 326.249206543,
        "max": 313.159820557,
        "mean": 14.0443954468,
        "median": 4.95071125031,
        "min": -1.87438523769,
        "var": 494.05758667
    },
    "melbands_skewness": {
        "dmean": 0.545316636562,
        "dmean2": 0.846041738987,
        "dvar": 0.411863863468,
        "dvar2": 0.962579905987,
        "max": 12.4313869476,
        "mean": 2.2372367382,
        "median": 1.784101367,
        "min": -1.10240960121,
        "var": 3.09802532196
    },
    "melbands_spread": {
        "dmean": 5.22153329849,
        "dmean2": 7.98440408707,
        "dvar": 74.8307800293,
        "dvar2": 149.673843384,
        "max": 301.375061035,
        "mean": 24.3602600098,
        "median": 21.0586452484,
        "min": 0.724179446697,
        "var": 437.231323242
    },
    "pitch_salience": {
        "dmean": 0.0570534728467,
        "dmean2": 0.0925522223115,
        "dvar": 0.00274417782202,
        "dvar2": 0.00705957366154,
        "max": 0.909102141857,
        "mean": 0.52331751585,
        "median": 0.518516540527,
        "min": 0.150544255972,
        "var": 0.0116531709209
    },
    "silence_rate_20dB": {
        "dmean": 0,
        "dmean2": 0,
        "dvar": 0,
        "dvar2": 0,
        "max": 1,
        "mean": 1,
        "median": 1,
        "min": 1,
        "var": 0
    },
    "silence_rate_30dB": {
        "dmean": 0.000232747581322,
        "dmean2": 0.000465549353976,
        "dvar": 0.000232676087762,
        "dvar2": 0.000465339515358,
        "max": 1,
        "mean": 0.999767303467,
        "median": 1,
        "min": 0,
        "var": 0.000232649035752
    },
    "silence_rate_60dB": {
        "dmean": 0.00930990371853,
        "dmean2": 0.0185055863112,
        "dvar": 0.00922263879329,
        "dvar2": 0.0209527630359,
        "max": 1,
        "mean": 0.0395624861121,
        "median": 0,
        "min": 0,
        "var": 0.0379970818758
    },
    "spectral_centroid": {
        "dmean": 185.90461731,
        "dmean2": 285.15335083,
        "dvar": 52242.2929688,
        "dvar2": 110146.125,
        "max": 6890.57714844,
        "mean": 1359.88256836,
        "median": 1354.70141602,
        "min": 183.603286743,
        "var": 523914.875
    },
    "spectral_complexity": {
        "dmean": 2.24834156036,
        "dmean2": 3.72800278664,
        "dvar": 5.56412363052,
        "dvar2": 13.9861917496,
        "max": 48,
        "mean": 15.9463577271,
        "median": 16,
        "min": 0,
        "var": 64.4365615845
    },
    "spectral_decrease": {
        "dmean": 1.43756928583e-09,
        "dmean2": 2.23935359145e-09,
        "dvar": 3.21276619043e-18,
        "dvar2": 7.33231920121e-18,
        "max": 3.03947172986e-10,
        "mean": -6.00760063918e-09,
        "median": -5.55378942835e-09,
        "min": -2.72927671574e-08,
        "var": 1.43379268759e-17
    },
    "spectral_energy": {
        "dmean": 0.00575862918049,
        "dmean2": 0.00896723568439,
        "dvar": 5.00817222928e-05,
        "dvar2": 0.000114486858365,
        "max": 0.107872717083,
        "mean": 0.0247689373791,
        "median": 0.0228516403586,
        "min": 7.0384765182e-14,
        "var": 0.000240057706833
    },
    "spectral_energyband_high": {
        "dmean": 0.000293006771244,
        "dmean2": 0.000421473378083,
        "dvar": 6.45304510272e-07,
        "dvar2": 1.11711597128e-06,
        "max": 0.0291552394629,
        "mean": 0.000899219012354,
        "median": 0.000484579970362,
        "min": 5.68731598817e-14,
        "var": 2.54692849921e-06
    },
    "spectral_energyband_low": {
        "dmean": 0.00224132090807,
        "dmean2": 0.00349218188785,
        "dvar": 2.17142478505e-05,
        "dvar2": 4.86975404783e-05,
        "max": 0.0806536450982,
        "mean": 0.00541822239757,
        "median": 0.00391273759305,
        "min": 2.5904143705e-15,
        "var": 3.83681290259e-05
    },
    "spectral_energyband_middle_high": {
        "dmean": 0.00232364679687,
        "dmean2": 0.00357832596637,
        "dvar": 1.7153826775e-05,
        "dvar2": 4.10879401898e-05,
        "max": 0.0774192363024,
        "mean": 0.00851552095264,
        "median": 0.00345705240034,
        "min": 7.17444614324e-15,
        "var": 0.000122319062939
    },
    "spectral_energyband_middle_low": {
        "dmean": 0.00332168326713,
        "dmean2": 0.00520019838586,
        "dvar": 2.50779339694e-05,
        "dvar2": 5.98178339715e-05,
        "max": 0.0867576599121,
        "mean": 0.0104189002886,
        "median": 0.00746046332642,
        "min": 1.42927640718e-15,
        "var": 9.17362194741e-05
    },
    "spectral_entropy": {
        "dmean": 0.134913116693,
        "dmean2": 0.202935621142,
        "dvar": 0.0184850338846,
        "dvar2": 0.0377033986151,
        "max": 8.71336841583,
        "mean": 7.38354635239,
        "median": 7.43817329407,
        "min": 5.25282096863,
        "var": 0.22130985558
    },
    "spectral_flux": {
        "dmean": 0.0197510216385,
        "dmean2": 0.0319003686309,
        "dvar": 0.00043901609024,
        "dvar2": 0.00107689830475,
        "max": 0.309248119593,
        "mean": 0.0724892914295,
        "median": 0.0659410282969,
        "min": 7.174572238e-05,
        "var": 0.00146301533096
    },
    "spectral_kurtosis": {
        "dmean": 1.4913418293,
        "dmean2": 2.54025101662,
        "dvar": 7.79590415955,
        "dvar2": 22.3932323456,
        "max": 93.3985137939,
        "mean": 3.89630174637,
        "median": 3.29514026642,
        "min": -1.25046646595,
        "var": 19.7335796356
    },
    "spectral_rms": {
        "dmean": 0.000551731500309,
        "dmean2": 0.000852408295032,
        "dvar": 3.36563829251e-07,
        "dvar2": 7.27621852548e-07,
        "max": 0.0102587370202,
        "mean": 0.0046409885399,
        "median": 0.00472168251872,
        "min": 8.28661939067e-09,
        "var": 2.62607659351e-06
    },
    "spectral_rolloff": {
        "dmean": 357.391204834,
        "dmean2": 596.356506348,
        "dvar": 675233.875,
        "dvar2": 1441724.5,
        "max": 18195.5566406,
        "mean": 1536.44665527,
        "median": 1012.06054688,
        "min": 43.06640625,
        "var": 3190298
    },
    "spectral_skewness": {
        "dmean": 0.191549941897,
        "dmean2": 0.314927905798,
        "dvar": 0.0494177378714,
        "dvar2": 0.137655571103,
        "max": 7.19786596298,
        "mean": 1.46934854984,
        "median": 1.43426048756,
        "min": -0.0820513889194,
        "var": 0.211378216743
    },
    "spectral_spread": {
        "dmean": 428670.71875,
        "dmean2": 628091.375,
        "dvar": 309353906176,
        "dvar2": 549500813312,
        "max": 19096724,
        "mean": 4665853.5,
        "median": 4284619.5,
        "min": 721089.125,
        "var": 3.28365716275e+12
    },
    "spectral_strongpeak": {
        "dmean": 0.731259226799,
        "dmean2": 1.20379221439,
        "dvar": 1.44288432598,
        "dvar2": 3.6431145668,
        "max": 23.9855136871,
        "mean": 1.74627673626,
        "median": 1.01284587383,
        "min": 0,
        "var": 4.27215242386
    },
    "zerocrossingrate": {
        "dmean": 0.00780613580719,
        "dmean2": 0.00931541994214,
        "dvar": 0.000143009252497,
        "dvar2": 0.000150079489686,
        "max": 0.5400390625,
        "mean": 0.0620484240353,
        "median": 0.056640625,
        "min": 0.00439453125,
        "var": 0.00217420584522
    },
    "barkbands": {
        "dmean": [0.00013971052249, 0.00158403045498, 0.000791677564848, 0.000462935771793, 0.00122951797675, 0.000639467325527, 0.00112930242904, 0.000552021549083, 0.000944469065871, 0.000757905945648, 0.00145638349932, 0.000248727854341, 0.000252079131315, 0.000294429337373, 0.000334030075464, 0.000158030423336, 0.000143518613186, 0.000177661204361, 0.000210259619053, 0.000137202019687, 0.000100737481262, 5.65357149753e-05, 7.11510729161e-05, 4.16033217334e-05, 5.36459810974e-05, 1.86285069503e-05, 3.35507138516e-06],
        "dmean2": [0.000220818023081, 0.00251073460095, 0.00129708473105, 0.000773074280005, 0.00194507243577, 0.000955109717324, 0.0017696893774, 0.000828378135338, 0.0015074465191, 0.00115965714213, 0.00225581880659, 0.000400822260417, 0.000411901128246, 0.000474337371998, 0.000518876302522, 0.000249411328696, 0.000239583809162, 0.000285188143607, 0.00032540835673, 0.000209593184991, 0.00015623618674, 8.42872686917e-05, 0.000108213956992, 6.24845488346e-05, 7.84227304393e-05, 2.84444140561e-05, 5.47323179489e-06],
        "dvar": [2.75231002433e-07, 1.66771988006e-05, 2.01948569156e-06, 1.41759164762e-06, 7.91268030298e-06, 3.78750860364e-06, 6.02009959039e-06, 2.96796201837e-06, 7.9043338701e-06, 5.41231565876e-06, 1.28854981085e-05, 6.74253612942e-07, 4.66544975097e-07, 5.80788935167e-07, 6.71907628202e-07, 2.87752669692e-07, 1.82300780693e-07, 2.39608993979e-07, 1.89532912032e-07, 1.89670771533e-07, 7.3750115348e-08, 5.14438944776e-08, 4.0280198732e-08, 1.64940754388e-08, 1.29966139184e-07, 1.47641943116e-08, 6.47461595449e-09],
        "dvar2": [5.89629394199e-07, 4.03636549891e-05, 5.26248595634e-06, 3.73393231712e-06, 1.89699403563e-05, 8.57396844367e-06, 1.39297280839e-05, 6.42671602691e-06, 1.95421271201e-05, 1.23336167235e-05, 3.03587567032e-05, 1.64447249063e-06, 1.05231492853e-06, 1.45749413605e-06, 1.5044124666e-06, 6.411004847e-07, 5.00437693063e-07, 6.46787270853e-07, 4.10484659596e-07, 3.49092857732e-07, 1.65924745943e-07, 8.83142234898e-08, 8.32886470903e-08, 2.92122273038e-08, 2.56841474311e-07, 3.33283516341e-08, 1.57439412618e-08],
        "max": [0.0072280918248, 0.0746220424771, 0.0215523578227, 0.0265674777329, 0.0767625048757, 0.0528158321977, 0.0591303817928, 0.0631046518683, 0.0781942531466, 0.0634719580412, 0.0743241682649, 0.0322533734143, 0.0202022287995, 0.0144091490656, 0.0165847204626, 0.0137480227277, 0.0100516192615, 0.0139930192381, 0.0154882660136, 0.0253490135074, 0.0103917438537, 0.010015828535, 0.00737230293453, 0.00692476658151, 0.0154612055048, 0.00593851925805, 0.00700534461066],
        "mean": [0.000187575395103, 0.00316819222644, 0.00169940746855, 0.000707434781361, 0.00286951800808, 0.00147979299072, 0.00245254230686, 0.000971208093688, 0.00172078527976, 0.00162780564278, 0.00326747447252, 0.000447149650427, 0.000452127074823, 0.000577399332542, 0.000647791894153, 0.000248513300903, 0.000264075788436, 0.000387228181353, 0.000515795196407, 0.000320124468999, 0.000239065280766, 0.000117864532513, 0.000165238147019, 0.000101634002931, 9.29525267566e-05, 3.30115362885e-05, 7.23082666809e-06],
        "median": [6.46377666271e-05, 0.0019312412478, 0.00109410274308, 0.000291497708531, 0.00109071936458, 0.000345403619576, 0.00114889268298, 0.000307744485326, 0.000491971848533, 0.000234918945353, 0.000300928018987, 0.000139710318763, 0.000129208478029, 0.000130033819005, 0.000129343359731, 6.73759204801e-05, 9.01298117242e-05, 0.000135867696372, 0.000204953117645, 0.000116441588034, 6.43924431643e-05, 5.55085971428e-05, 7.63141288189e-05, 5.46257433598e-05, 2.01226084755e-05, 3.03836623061e-06, 1.09881970189e-09],
        "min": [1.34749632903e-15, 1.3709894231e-15, 4.19415510673e-16, 2.67286434583e-16, 3.25607538207e-16, 6.09420419389e-17, 2.66750580365e-16, 3.35490374529e-16, 1.3576916411e-16, 3.55607407026e-16, 3.45652202327e-16, 8.82951379383e-17, 1.99197558769e-16, 5.22365747967e-16, 4.70812517001e-16, 5.42589222066e-17, 9.69255566378e-16, 1.05965081663e-15, 1.64043123889e-15, 3.43060943253e-15, 2.89076505382e-15, 2.02808571396e-15, 6.41685309895e-15, 2.37226463483e-15, 9.52787890631e-15, 1.83229777515e-14, 1.45899595573e-14],
        "var": [3.06613287648e-07, 2.14671799768e-05, 3.95783627027e-06, 1.85981173217e-06, 3.11126059387e-05, 1.27737748699e-05, 1.61631105584e-05, 5.56638360649e-06, 1.67934103956e-05, 2.34711169469e-05, 5.79655606998e-05, 1.81022414836e-06, 1.19136871035e-06, 1.80199867827e-06, 2.0725271952e-06, 5.1314754046e-07, 4.14657080228e-07, 8.41986832256e-07, 7.83293728546e-07, 8.61913974859e-07, 2.49676389785e-07, 1.67985731991e-07, 1.15851790383e-07, 5.56880550562e-08, 2.73183502486e-07, 4.91595102403e-08, 1.58802730965e-08]
    },
    "erbbands": {
        "dmean": [0.0463872477412, 0.368768066168, 0.972776949406, 1.10674464703, 2.34334135056, 4.98466205597, 5.59498548508, 5.10708189011, 11.7681350708, 16.9807186127, 14.5073595047, 20.0008411407, 19.5466804504, 38.5147361755, 39.2773551941, 8.37469577789, 9.86155223846, 12.2450742722, 14.1295137405, 15.5389270782, 7.11073207855, 7.58912563324, 8.45150947571, 10.8661279678, 8.14749908447, 5.22879695892, 4.99230098724, 2.69954752922, 2.0597383976, 2.10823893547, 2.07442951202, 1.05082762241, 0.694256305695, 0.717600464821, 0.315717846155, 0.101744890213, 0.0406426154077, 0.00474501075223, 0.000700007250998, 3.05318608298e-05],
        "dmean2": [0.0726893171668, 0.596378207207, 1.57115161419, 1.85915184021, 3.90421962738, 7.8378276825, 8.26100540161, 7.57187175751, 17.7394390106, 26.5777931213, 22.3673324585, 31.9512519836, 30.2056865692, 58.8392448425, 59.3158073425, 13.4808187485, 15.9476985931, 19.5579948425, 21.5123634338, 24.630241394, 11.0731916428, 12.5954065323, 13.7563095093, 16.9008426666, 12.2436485291, 8.02769756317, 7.63837909698, 4.22139024734, 3.10078215599, 3.18396878242, 3.16272091866, 1.62708556652, 1.00695073605, 1.0524866581, 0.464026808739, 0.150650888681, 0.0659424066544, 0.00758627336472, 0.00104124553036, 5.01866707054e-05],
        "dvar": [0.028388844803, 0.721592128277, 2.92236185074, 6.49709844589, 42.6033744812, 170.010986328, 228.727844238, 316.877166748, 1131.72595215, 1311.45300293, 1836.71630859, 4334.58007812, 4507.73876953, 6122.07666016, 12144.8740234, 413.037841797, 715.276672363, 989.802978516, 1332.04577637, 1422.30004883, 633.716186523, 491.140289307, 539.959838867, 554.984069824, 424.116394043, 195.81451416, 126.148551941, 123.657073975, 73.6782226562, 66.1402816772, 29.6519565582, 6.71225643158, 7.41384601593, 26.1560821533, 4.80236959457, 0.514287292957, 0.162446647882, 0.00186531012878, 0.000389306049328, 2.06673973935e-07],
        "dvar2": [0.0645821541548, 1.88107419014, 7.24339580536, 17.4540481567, 113.239295959, 399.816589355, 457.944732666, 743.021728516, 2560.36254883, 3039.90112305, 4224.22851562, 10998.1035156, 11286.3720703, 14323.8466797, 28203.1074219, 1016.42456055, 1553.32592773, 2311.3112793, 2823.92871094, 3512.72460938, 1344.84851074, 1403.33374023, 1395.25805664, 1301.99316406, 855.596191406, 398.802307129, 264.1824646, 285.42956543, 142.899505615, 121.515853882, 61.682510376, 15.1175785065, 11.2353200912, 53.00258255, 9.2799987793, 0.902082204819, 0.481470495462, 0.00492889992893, 0.00088586716447, 5.11557914251e-07],
        "max": [2.33361530304, 15.7953052521, 29.2663154602, 43.2242584229, 113.944236755, 411.296936035, 393.344848633, 569.097473145, 1029.42016602, 858.969299316, 1395.99450684, 1629.31530762, 2176.53979492, 1531.49731445, 2484.48852539, 665.148803711, 1130.79577637, 815.433349609, 764.03717041, 1028.09484863, 888.835144043, 638.52911377, 724.909606934, 431.873474121, 948.686706543, 648.919494629, 309.628204346, 536.731689453, 341.086364746, 396.337982178, 194.94430542, 97.274055481, 166.098510742, 201.495315552, 103.431221008, 50.2656021118, 22.6310691833, 2.97660064697, 1.74428188801, 0.035045620054],
        "mean": [0.0867583230138, 0.711157679558, 2.19124913216, 2.0275015831, 4.26977729797, 11.2172775269, 14.5098228455, 11.4821281433, 27.1241436005, 33.6492042542, 28.1146907806, 36.0275382996, 43.4958457947, 90.4576644897, 87.8484573364, 17.9642353058, 19.7601261139, 24.4946994781, 29.7839851379, 33.4194450378, 14.0989227295, 16.0096435547, 19.5385017395, 26.1260280609, 22.1635456085, 13.6559925079, 13.0979528427, 6.07862091064, 4.22620487213, 4.58128881454, 4.79182243347, 2.57306981087, 1.56077110767, 1.32087612152, 0.491308838129, 0.159875154495, 0.0676583200693, 0.00809864327312, 0.0015863974113, 9.38799566939e-05],
        "median": [0.0361908152699, 0.44749969244, 1.4218814373, 1.25740242004, 2.14280605316, 3.6289525032, 2.29901504517, 4.30552148819, 14.2012252808, 13.4055614471, 9.88168048859, 10.9473781586, 11.0924549103, 18.4521598816, 11.2299022675, 7.93553638458, 7.08602237701, 8.10626029968, 8.14475345612, 7.89199256897, 5.23585128784, 5.84857654572, 7.70659255981, 10.6642189026, 9.63328075409, 5.66744661331, 3.70251655579, 2.09020137787, 2.0821928978, 2.06705880165, 2.12104225159, 1.41631281376, 0.722631692886, 0.314266085625, 0.0868273377419, 0.0203420221806, 0.00367325823754, 0.000169614795595, 2.58934378508e-05, 3.14878925565e-05],
        "min": [5.99896854739e-14, 2.39115991547e-13, 4.90104593194e-13, 7.44175662933e-13, 1.11311892863e-12, 1.07228581483e-12, 3.14342437713e-13, 7.33682754307e-13, 2.73015767979e-12, 6.31097691467e-12, 6.25164937179e-12, 3.22215344684e-12, 5.67179506486e-12, 1.78614519009e-11, 9.06072699508e-12, 3.5883368759e-12, 7.48422764735e-12, 2.1983824483e-11, 3.94378939228e-11, 6.23727458571e-12, 9.92442412973e-12, 5.65181859646e-11, 6.51775994287e-11, 4.72658058526e-11, 1.21223642235e-10, 1.93577237573e-10, 1.56305551835e-10, 8.04639410656e-11, 8.90418780375e-11, 8.24399160049e-11, 2.15907458578e-10, 7.43133679593e-11, 4.18904771982e-11, 7.60910015551e-11, 7.88491563708e-11, 8.19480316938e-11, 3.15705413201e-11, 7.33547684401e-12, 2.38840544564e-12, 2.09190805412e-13],
        "var": [0.0323644317687, 0.950188934803, 6.89277362823, 8.00207996368, 58.5519104004, 739.930541992, 1212.27612305, 660.229125977, 2482.45849609, 3747.06787109, 3711.07568359, 8733.52246094, 13075.9765625, 26505.8222656, 48880.4257812, 1204.890625, 1900.66149902, 2232.75415039, 4448.08154297, 4883.17871094, 1520.08605957, 1413.5135498, 1795.93139648, 1739.80029297, 2065.8840332, 861.771789551, 607.598388672, 272.450012207, 190.310913086, 225.258636475, 83.7329788208, 18.3777618408, 25.1892566681, 58.0139198303, 8.54159927368, 1.01046025753, 0.385172843933, 0.00519393524155, 0.000910577888135, 1.09663051262e-06]
    },
    "gfcc": {
        "mean": [-14.6882915497, 97.7352828979, -129.271377563, 36.8794631958, -73.126953125, 16.9755382538, -31.3150348663, 12.198597908, -18.6951065063, -3.09625530243, -5.56113958359, -7.28797912598, -8.72025871277],
        "cov": [[5622.57275391, -1631.23461914, 216.864639282, 22.8270606995, 4.55985069275, 525.838317871, -235.577590942, 753.790222168, -355.3253479, 467.778930664, -180.037322998, 404.97354126, -57.0047302246], [-1631.23461914, 2147.42358398, 518.334411621, 451.713745117, 258.063293457, -263.689910889, 277.976623535, -349.944244385, 294.9637146, -219.853652954, 248.736968994, -150.396865845, 84.7191619873], [216.864639282, 518.334411621, 2002.59228516, 524.209106445, 8.76697254181, 28.9936771393, -278.649658203, -0.973418474197, -42.3143157959, 92.8056411743, 40.2222900391, 155.359375, -104.50227356], [22.8270606995, 451.713745117, 524.209106445, 544.616271973, 31.900970459, 5.95985460281, -45.1277503967, -38.8168869019, 74.9272460938, -37.955871582, 84.1687011719, -7.28682470322, 24.4066066742], [4.55985069275, 258.063293457, 8.76697254181, 31.900970459, 407.908233643, -36.4369468689, 173.693817139, 17.7315826416, 29.2440605164, 83.9306106567, -36.1048736572, 59.1294631958, 12.3106918335], [525.838317871, -263.689910889, 28.9936771393, 5.95985460281, -36.4369468689, 262.574035645, 7.53099441528, 96.2498321533, -78.508430481, 51.8488540649, -10.9713802338, -10.9952917099, 25.1731891632], [-235.577590942, 277.976623535, -278.649658203, -45.1277503967, 173.693817139, 7.53099441528, 311.562408447, -40.7763671875, 34.9905357361, 14.4122419357, 11.944355011, -42.4396133423, 42.6433372498], [753.790222168, -349.944244385, -0.973418474197, -38.8168869019, 17.7315826416, 96.2498321533, -40.7763671875, 237.905975342, -35.9617767334, 96.7815093994, -41.9535064697, 70.5410995483, -6.49141263962], [-355.3253479, 294.9637146, -42.3143157959, 74.9272460938, 29.2440605164, -78.508430481, 34.9905357361, -35.9617767334, 189.013748169, -56.3396873474, 46.4550704956, -24.1533107758, 10.9451265335], [467.778930664, -219.853652954, 92.8056411743, -37.955871582, 83.9306106567, 51.8488540649, 14.4122419357, 96.7815093994, -56.3396873474, 202.691253662, -38.2990837097, 81.3956680298, -15.5993356705], [-180.037322998, 248.736968994, 40.2222900391, 84.1687011719, -36.1048736572, -10.9713802338, 11.944355011, -41.9535064697, 46.4550704956, -38.2990837097, 171.174026489, -25.7143230438, 27.2767295837], [404.97354126, -150.396865845, 155.359375, -7.28682470322, 59.1294631958, -10.9952917099, -42.4396133423, 70.5410995483, -24.1533107758, 81.3956680298, -25.7143230438, 165.411956787, -22.9459285736], [-57.0047302246, 84.7191619873, -104.50227356, 24.4066066742, 12.3106918335, 25.1731891632, 42.6433372498, -6.49141263962, 10.9451265335, -15.5993356705, 27.2767295837, -22.9459285736, 126.656143188]],
        "icov": [[0.000425676524173, 1.788339614e-05, 0.000114423557534, -0.000288081471808, 7.77847089921e-05, -0.000395124603529, 7.97150132712e-05, -0.000857250706758, 0.000395461160224, -0.000218244938878, 3.8727917854e-05, -0.000622478954028, 0.000147576138261], [1.788339614e-05, 0.00166707439348, -0.000682720914483, -0.000326823879732, -0.000730195955839, 0.000951140886173, -0.00132390740328, 0.00077679939568, -0.00097971514333, 0.000894833065104, -0.00119230640121, 0.000896548386663, -0.000625807326287], [0.000114423557534, -0.000682720914483, 0.00124972464982, -0.000823873153422, 0.000153719229274, -0.000739548588172, 0.00126740324777, -0.000108558459033, 0.000759276153985, -0.000833433761727, 0.000381008721888, -0.00113266333938, 0.0009423038573], [-0.000288081471808, -0.000326823879732, -0.000823873153422, 0.00336661632173, -0.000471048639156, -0.000371179106878, 0.000509523029905, 0.000503697199747, -0.00117328949273, 0.000518984510563, -0.000646661093924, 0.000748129619751, -0.000825624971185], [7.77847089921e-05, -0.000730195955839, 0.000153719229274, -0.000471048639156, 0.00468650227413, 0.000451957836049, -0.00220797513612, -0.000820175162517, 0.000117654555652, -0.00155244441703, 0.00165182887577, -0.00184270215686, 6.0997390392e-06], [-0.000395124603529, 0.000951140886173, -0.000739548588172, -0.000371179106878, 0.000451957836049, 0.00688156392425, -0.001994993072, -0.00138753466308, 0.00130068114959, 7.83770810813e-05, -0.00078015064355, 0.00269281398505, -0.00161067792214], [7.97150132712e-05, -0.00132390740328, 0.00126740324777, 0.000509523029905, -0.00220797513612, -0.001994993072, 0.00714983511716, 0.000658569100779, 0.000142578006489, -0.00162450270727, 0.000209238860407, 0.000487466546474, -6.25645552645e-05], [-0.000857250706758, 0.00077679939568, -0.000108558459033, 0.000503697199747, -0.000820175162517, -0.00138753466308, 0.000658569100779, 0.00915861129761, -0.00228601973504, -0.00127550866455, 4.63497744931e-05, -0.000378667609766, -0.000527020718437], [0.000395461160224, -0.00097971514333, 0.000759276153985, -0.00117328949273, 0.000117654555652, 0.00130068114959, 0.000142578006489, -0.00228601973504, 0.0084934104234, 0.000736642279662, -0.000564612855669, -0.000694291258696, 0.00060332659632], [-0.000218244938878, 0.000894833065104, -0.000833433761727, 0.000518984510563, -0.00155244441703, 7.83770810813e-05, -0.00162450270727, -0.00127550866455, 0.000736642279662, 0.00895647983998, -0.000539842119906, -0.00154152978212, 8.88972681423e-06], [3.8727917854e-05, -0.00119230640121, 0.000381008721888, -0.000646661093924, 0.00165182887577, -0.00078015064355, 0.000209238860407, 4.63497744931e-05, -0.000564612855669, -0.000539842119906, 0.00816630665213, -0.000824344635475, -0.000745380297303], [-0.000622478954028, 0.000896548386663, -0.00113266333938, 0.000748129619751, -0.00184270215686, 0.00269281398505, 0.000487466546474, -0.000378667609766, -0.000694291258696, -0.00154152978212, -0.000824344635475, 0.0110730901361, -0.000444441946456], [0.000147576138261, -0.000625807326287, 0.0009423038573, -0.000825624971185, 6.0997390392e-06, -0.00161067792214, -6.25645552645e-05, -0.000527020718437, 0.00060332659632, 8.88972681423e-06, -0.000745380297303, -0.000444441946456, 0.00965954177082]]
    },
    "melbands": {
        "dmean": [0.000411551940488, 0.000489220663439, 0.000209682359127, 0.000258614105405, 0.000200354406843, 0.000120773504023, 0.000192160296137, 0.000167283520568, 0.000133985100547, 0.000123509773402, 0.000101747653389, 0.000153555520228, 0.000183690353879, 2.67257873929e-05, 2.37083859247e-05, 2.74466092378e-05, 2.42753103521e-05, 2.44559578277e-05, 2.76655337075e-05, 1.37469005494e-05, 9.02825649973e-06, 1.01002851807e-05, 5.47538365936e-06, 1.08430785986e-05, 9.86445411399e-06, 9.35553362069e-06, 5.51727771381e-06, 3.68808764506e-06, 3.99384362026e-06, 2.261687996e-06, 1.50114465214e-06, 1.23229983728e-06, 1.20664310543e-06, 1.30579871893e-06, 1.37427662139e-06, 9.48468766637e-07, 6.22462039246e-07, 5.15809574608e-07, 5.33579850526e-07, 6.96693575719e-07],
        "dmean2": [0.000645670166705, 0.000784491188824, 0.000349949114025, 0.000419824122218, 0.000300087995129, 0.000179395094165, 0.000294329744065, 0.000259390741121, 0.000210607031477, 0.000196660825168, 0.000157569651492, 0.000232926162425, 0.000279028550722, 4.26326078014e-05, 3.85172279493e-05, 4.42890632257e-05, 3.8420639612e-05, 3.82305261155e-05, 4.29618012276e-05, 2.14448391489e-05, 1.36832013595e-05, 1.67820999195e-05, 8.80759034771e-06, 1.74551041709e-05, 1.53232140292e-05, 1.42302615131e-05, 8.34734328237e-06, 5.79001016376e-06, 6.23840287517e-06, 3.54590406459e-06, 2.37392350755e-06, 1.92292759493e-06, 1.83363601991e-06, 2.02122487281e-06, 2.13131670534e-06, 1.47149853547e-06, 9.82163555818e-07, 7.88180841482e-07, 7.66797995766e-07, 1.05192680167e-06],
        "dvar": [1.56780379257e-06, 7.80859636507e-07, 2.52605929063e-07, 4.0552922087e-07, 2.51493446513e-07, 1.53542799808e-07, 2.30341115071e-07, 1.22622779486e-07, 1.47460923472e-07, 1.50938106458e-07, 1.23329243706e-07, 9.73507141566e-08, 2.49399249697e-07, 1.10534639219e-08, 3.19192694498e-09, 6.44654774007e-09, 3.88630372328e-09, 4.97435470592e-09, 5.44758149701e-09, 1.47612877477e-09, 1.31253330427e-09, 1.01109787209e-09, 2.16372447737e-10, 1.10888198623e-09, 4.9371612354e-10, 4.38059866159e-10, 6.11824646501e-10, 7.84363546336e-11, 8.82472150909e-11, 3.74110534218e-11, 5.7166035794e-11, 2.70161653465e-11, 2.56285305478e-11, 2.28493508836e-11, 1.38317569204e-11, 4.72722251968e-12, 3.01652583121e-12, 4.24696822848e-12, 9.02147107018e-12, 3.21370499656e-11],
        "dvar2": [3.64026027455e-06, 1.91504386748e-06, 6.62690979425e-07, 1.03683862562e-06, 5.06518517795e-07, 3.53859547886e-07, 5.12239353156e-07, 2.69986458079e-07, 3.49839382352e-07, 3.8531214841e-07, 3.06425192775e-07, 2.22383590653e-07, 5.77598598284e-07, 2.67574780111e-08, 8.42358005571e-09, 1.4364923473e-08, 9.13114917012e-09, 1.12042615186e-08, 1.24409735847e-08, 3.45123551959e-09, 2.55116150427e-09, 2.87853385572e-09, 5.00496588618e-10, 3.01220337562e-09, 1.13164355664e-09, 9.40711286646e-10, 1.10306297429e-09, 1.8174659e-10, 1.93479787747e-10, 8.81604650393e-11, 1.36695044173e-10, 5.72056846337e-11, 5.03564863419e-11, 4.5849889857e-11, 2.95404985196e-11, 1.07299143529e-11, 7.3006913015e-12, 7.89403958867e-12, 1.51063796888e-11, 7.0357872306e-11],
        "max": [0.0211047716439, 0.0154619719833, 0.00863631255925, 0.0144598726183, 0.0121497930959, 0.0121527379379, 0.0140516832471, 0.00879547186196, 0.00961402710527, 0.00881908461452, 0.0111473733559, 0.00586312776431, 0.0114471130073, 0.00389779731631, 0.00123914633878, 0.00200949399732, 0.00140042032581, 0.00165080698207, 0.00184314337093, 0.0011569702765, 0.00127271946985, 0.000904479878955, 0.000639867794234, 0.00101948482916, 0.000430081185186, 0.00104947050568, 0.00149554922245, 0.000324981519952, 0.000221675305511, 0.000190620034118, 0.000403770100093, 0.000194981214008, 0.00022410749807, 0.000196384382434, 0.000132012428367, 5.66715061723e-05, 7.30387473595e-05, 0.000149122788571, 0.000182437637704, 0.000269559386652],
        "mean": [0.0008025628631, 0.00109811103903, 0.000399849755922, 0.000553167134058, 0.000525686889887, 0.000277714105323, 0.000436123256804, 0.000331458169967, 0.000250801531365, 0.000219179870328, 0.000221585476538, 0.000357292825356, 0.00041219900595, 5.12222759426e-05, 4.03455378546e-05, 5.09621531819e-05, 4.38429560745e-05, 4.82999130327e-05, 5.5432174122e-05, 2.50257453445e-05, 1.54618046508e-05, 1.84928685485e-05, 1.07706873678e-05, 2.24459727178e-05, 2.06509266718e-05, 2.13692801481e-05, 1.20938502732e-05, 7.9605533756e-06, 9.66747938946e-06, 4.95790436617e-06, 2.84433599518e-06, 2.30770524468e-06, 2.35085053646e-06, 2.62838102572e-06, 2.95146560347e-06, 2.13297607843e-06, 1.34740037083e-06, 1.06399613742e-06, 1.01862451629e-06, 1.21217567539e-06],
        "median": [0.000449144368758, 0.000740534160286, 0.000257480511209, 0.00022174793412, 0.000103275335277, 0.000103046702861, 0.000224956820603, 0.000128726125695, 6.92054600222e-05, 6.24527601758e-05, 3.97069015889e-05, 6.7726985435e-05, 3.74322116841e-05, 1.45196736412e-05, 1.40209158417e-05, 1.22201272461e-05, 1.28263400256e-05, 8.0553945736e-06, 9.76096453087e-06, 6.00654766458e-06, 3.84634495276e-06, 5.66674543734e-06, 4.16241982748e-06, 6.37785524304e-06, 7.31102772988e-06, 7.7609802247e-06, 4.17442561229e-06, 2.79746927845e-06, 2.24214500122e-06, 1.42284716276e-06, 9.60329089139e-07, 1.06572701952e-06, 1.01354476101e-06, 1.11291160465e-06, 1.22632332022e-06, 1.03959428088e-06, 7.15507781024e-07, 4.71285090953e-07, 3.73658338049e-07, 1.96539517106e-07],
        "min": [5.22944853805e-16, 2.80958631613e-16, 1.4134122477e-16, 8.41998461349e-17, 1.73121457582e-17, 1.61884589463e-17, 4.54072757065e-17, 7.31914750801e-17, 4.54563936913e-17, 1.89621560133e-17, 2.87312516917e-17, 7.28057243645e-17, 3.92619656474e-17, 1.17147543466e-17, 6.17121404718e-18, 2.75288619533e-17, 3.93732776881e-17, 6.93261791916e-17, 2.09298846873e-17, 2.26472932051e-18, 1.30351670419e-17, 5.03117751422e-17, 9.1878040983e-17, 3.13616430263e-17, 3.76463098575e-17, 5.75015330735e-17, 1.12036770001e-16, 1.35845251491e-16, 9.24969375173e-17, 6.07550395635e-17, 4.39548325777e-17, 5.91285179291e-17, 2.47536346023e-17, 5.68274404313e-17, 1.32598084514e-16, 9.23497920125e-17, 2.88655031052e-17, 1.98432092448e-17, 6.08252638888e-17, 5.38002307046e-17],
        "var": [1.86639556432e-06, 1.68705571468e-06, 3.17256791504e-07, 1.32500952077e-06, 1.33937135161e-06, 3.55162597998e-07, 5.60769819913e-07, 3.55997428869e-07, 3.22815026266e-07, 3.09572413926e-07, 3.98673108748e-07, 4.3799030891e-07, 1.09042105123e-06, 3.35565601972e-08, 6.46893205669e-09, 1.72148393318e-08, 8.12149902885e-09, 1.75469629937e-08, 1.81159709456e-08, 3.57823282116e-09, 3.25769899945e-09, 2.46910647483e-09, 5.03909414196e-10, 3.79676512452e-09, 1.30544441923e-09, 1.98270733165e-09, 2.20552509589e-09, 2.63522675903e-10, 3.83369419543e-10, 1.11918405099e-10, 9.83418207978e-11, 5.88938134372e-11, 7.75539701903e-11, 6.86789861093e-11, 3.54147232373e-11, 1.22848944559e-11, 6.55493844967e-12, 1.19241829952e-11, 1.97338846653e-11, 7.50245351955e-11]
    },
    "mfcc": {
        "mean": [-649.088439941, 114.394599915, 4.69493818283, 17.2177581787, -6.67088842392, -1.11754691601, 2.21475172043, 7.950963974, -6.51693248749, 10.5661125183, -0.484482944012, -2.29122900963, -0.00833270791918],
        "cov": [[4720.89208984, -1117.36779785, -463.747314453, -165.203216553, -35.8398208618, -138.225021362, 204.580093384, 98.8767242432, 221.069442749, 127.647636414, -81.1948165894, 10.7096729279, 227.098739624], [-1117.36779785, 1283.16296387, 462.757537842, 364.331512451, 169.414352417, 134.583389282, 27.2725906372, 40.908290863, -46.6805114746, 6.52385234833, 59.9653663635, 53.9562263489, 5.79903411865], [-463.747314453, 462.757537842, 1737.89233398, 480.257995605, 381.514312744, 95.2402572632, -65.1942443848, 11.7465610504, -227.077789307, 16.933719635, -10.1116123199, 2.62059378624, 59.0541343689], [-165.203216553, 364.331512451, 480.257995605, 512.156921387, 221.212905884, 85.7747879028, -7.38094615936, 21.2886104584, -5.07474422455, -3.76451468468, 6.96879339218, 58.4077339172, 67.08543396], [-35.8398208618, 169.414352417, 381.514312744, 221.212905884, 287.985778809, 17.1657981873, -12.2974786758, 28.3857479095, -14.7652702332, -0.582515120506, -7.83260536194, 30.6385860443, 56.40001297], [-138.225021362, 134.583389282, 95.2402572632, 85.7747879028, 17.1657981873, 186.254302979, 74.4286422729, -11.9115600586, 43.3069419861, -1.40940392017, 20.1655483246, -6.44128656387, -5.1125292778], [204.580093384, 27.2725906372, -65.1942443848, -7.38094615936, -12.2974786758, 74.4286422729, 252.419418335, -24.0945663452, 70.4109039307, 21.9035930634, 4.37756490707, -5.15232849121, 20.4101238251], [98.8767242432, 40.908290863, 11.7465610504, 21.2886104584, 28.3857479095, -11.9115600586, -24.0945663452, 125.233711243, -2.04669141769, 11.7770090103, 1.49348449707, 14.0955982208, 7.57503700256], [221.069442749, -46.6805114746, -227.077789307, -5.07474422455, -14.7652702332, 43.3069419861, 70.4109039307, -2.04669141769, 232.524291992, -18.2215328217, 27.9171409607, 20.3499279022, 7.07198619843], [127.647636414, 6.52385234833, 16.933719635, -3.76451468468, -0.582515120506, -1.40940392017, 21.9035930634, 11.7770090103, -18.2215328217, 125.775657654, 2.41782593727, -22.7939414978, 8.99528598785], [-81.1948165894, 59.9653663635, -10.1116123199, 6.96879339218, -7.83260536194, 20.1655483246, 4.37756490707, 1.49348449707, 27.9171409607, 2.41782593727, 102.666679382, 22.590259552, -1.46143233776], [10.7096729279, 53.9562263489, 2.62059378624, 58.4077339172, 30.6385860443, -6.44128656387, -5.15232849121, 14.0955982208, 20.3499279022, -22.7939414978, 22.590259552, 116.816139221, 37.8338279724], [227.098739624, 5.79903411865, 59.0541343689, 67.08543396, 56.40001297, -5.1125292778, 20.4101238251, 7.57503700256, 7.07198619843, 8.99528598785, -1.46143233776, 37.8338279724, 131.681640625]],
