{
"lowlevel": {
    "average_loudness": 0.911899983883,
    "barkbands_crest": {
        "dmean": 2.44412875175,
        "dmean2": 3.80868911743,
        "dvar": 5.870262146,
        "dvar2": 14.206079483,
        "max": 25.9741744995,
        "mean": 11.9221687317,
        "median": 11.2853546143,
        "min": 2.09628534317,
        "var": 23.1489772797
    },
    "barkbands_flatness_db": {
        "dmean": 0.0289925206453,
        "dmean2": 0.0412745848298,
        "dvar": 0.000855052319821,
        "dvar2": 0.00168850843329,
        "max": 0.592390418053,
        "mean": 0.208439514041,
        "median": 0.20838907361,
        "min": 0.0375487729907,
        "var": 0.00464878976345
    },
    "barkbands_kurtosis": {
        "dmean": 5.01792430878,
        "dmean2": 7.80012989044,
        "dvar": 159.734130859,
        "dvar2": 385.665496826,
        "max": 364.898468018,
        "mean": 9.71582698822,
        "median": 5.01594638824,
        "min": -1.91568958759,
        "var": 320.398986816
    },
    "barkbands_skewness": {
        "dmean": 0.634473323822,
        "dmean2": 0.94989913702,
        "dvar": 0.629867017269,
        "dvar2": 1.37276756763,
        "max": 16.9967803955,
        "mean": 2.05432629585,
        "median": 1.80689013004,
        "min": -3.80647706985,
        "var": 2.65578079224
    },
    "barkbands_spread": {
        "dmean": 5.2312374115,
        "dmean2": 7.70030546188,
        "dvar": 74.8034133911,
        "dvar2": 138.975402832,
        "max": 133.827941895,
        "mean": 15.8732910156,
        "median": 9.53654003143,
        "min": 0.332194268703,
        "var": 313.089935303
    },
    "dissonance": {
        "dmean": 0.0244390703738,
        "dmean2": 0.040703419596,
        "dvar": 0.000532792473678,
        "dvar2": 0.00142830016557,
        "max": 0.500000059605,
        "mean": 0.447364479303,
        "median": 0.454502135515,
        "min": 0.263787537813,
        "var": 0.00143245898653
    },
    "dynamic_complexity": 3.4052028656,
    "erbbands_crest": {
        "dmean": 2.81892824173,
        "dmean2": 4.41733837128,
        "dvar": 7.36569309235,
        "dvar2": 17.6524181366,
        "max": 30.008108139,
        "mean": 10.9074068069,
        "median": 9.99068546295,
        "min": 2.5399415493,
        "var": 23.594329834
    },
    "erbbands_flatness_db": {
        "dmean": 0.0223654899746,
        "dmean2": 0.0315101593733,
        "dvar": 0.000473734631669,
        "dvar2": 0.000918382953387,
        "max": 0.43296533823,
        "mean": 0.205366834998,
        "median": 0.203450590372,
        "min": 0.0470173992217,
        "var": 0.00376927363686
    },
    "erbbands_kurtosis": {
        "dmean": 1.63912010193,
        "dmean2": 2.58836221695,
        "dvar": 6.12037229538,
        "dvar2": 15.4627342224,
        "max": 81.5097579956,
        "mean": 2.24207663536,
        "median": 1.48145484924,
        "min": -1.84344780445,
        "var": 11.0824203491
    },
    "erbbands_skewness": {
        "dmean": 0.448271751404,
        "dmean2": 0.671721458435,
        "dvar": 0.239605665207,
        "dvar2": 0.504737257957,
        "max": 7.6381020546,
        "mean": 0.990846037865,
        "median": 1.02767169476,
        "min": -4.31642818451,
        "var": 0.953513324261
    },
    "erbbands_spread": {
        "dmean": 8.9769449234,
        "dmean2": 13.815987587,
        "dvar": 137.908798218,
        "dvar2": 298.785522461,
        "max": 147.333389282,
        "mean": 33.425403595,
        "median": 26.1822299957,
        "min": 1.53976678848,
        "var": 524.624816895
    },
    "hfc": {
        "dmean": 6.15909433365,
        "dmean2": 9.49470901489,
        "dvar": 94.4387664795,
        "dvar2": 216.069671631,
        "max": 288.354309082,
        "mean": 16.5135440826,
        "median": 12.3080768585,
        "min": 4.06498307237e-11,
        "var": 288.709014893
    },
    "melbands_crest": {
        "dmean": 3.02026963234,
        "dmean2": 4.76548290253,
        "dvar": 9.29877758026,
        "dvar2": 23.5343608856,
        "max": 34.8191261292,
        "mean": 15.8690452576,
        "median": 15.2927112579,
        "min": 3.37795639038,
        "var": 36.2190132141
    },
    "melbands_flatness_db": {
        "dmean": 0.0326736420393,
        "dmean2": 0.0459788963199,
        "dvar": 0.00130298756994,
        "dvar2": 0.00246062828228,
        "max": 0.756349265575,
        "mean": 0.249306306243,
        "median": 0.24818970263,
        "min": 0.0239490903914,
        "var": 0.00756992399693
    },
    "melbands_kurtosis": {
        "dmean": 9.71186542511,
        "dmean2": 15.3481607437,
        "dvar": 517.798583984,
        "dvar2": 1373.57092285,
        "max": 473.470123291,
        "mean": 19.7852497101,
        "median": 10.2065086365,
        "min": -1.89416348934,
        "var": 1034.01257324
    },
    "melbands_skewness": {
        "dmean": 0.797509610653,
        "dmean2": 1.22107219696,
        "dvar": 0.93261128664,
        "dvar2": 2.15363883972,
        "max": 16.1525382996,
        "mean": 2.78725481033,
        "median": 2.3423371315,
        "min": -1.25499618053,
        "var": 3.8485314846
    },
    "melbands_spread": {
        "dmean": 5.92116546631,
        "dmean2": 8.91498374939,
        "dvar": 144.635955811,
        "dvar2": 295.438262939,
        "max": 318.754730225,
        "mean": 17.347743988,
        "median": 10.487944603,
        "min": 0.369115531445,
        "var": 546.307617188
    },
    "pitch_salience": {
        "dmean": 0.0718467235565,
        "dmean2": 0.115420483053,
        "dvar": 0.00620331289247,
        "dvar2": 0.0154854999855,
        "max": 0.985244572163,
        "mean": 0.536723196507,
        "median": 0.543747544289,
        "min": 0.0754006654024,
        "var": 0.0198998507112
    },
    "silence_rate_20dB": {
        "dmean": 0,
        "dmean2": 0,
        "dvar": 0,
        "dvar2": 0,
        "max": 1,
        "mean": 1,
        "median": 1,
        "min": 1,
        "var": 0
    },
    "silence_rate_30dB": {
        "dmean": 0.0115784499794,
        "dmean2": 0.0231596361846,
        "dvar": 0.0114457355812,
        "dvar2": 0.0332607105374,
        "max": 1,
        "mean": 0.993738949299,
        "median": 1,
        "min": 0,
        "var": 0.00622142432258
    },
    "silence_rate_60dB": {
        "dmean": 0.0191398859024,
        "dmean2": 0.0381661355495,
        "dvar": 0.018773432821,
        "dvar2": 0.0404928475618,
        "max": 1,
        "mean": 0.0709982290864,
        "median": 0,
        "min": 0,
        "var": 0.0659537166357
    },
    "spectral_centroid": {
        "dmean": 225.686691284,
        "dmean2": 336.520263672,
        "dvar": 124017.101562,
        "dvar2": 230845.328125,
        "max": 7218.36816406,
        "mean": 1012.70703125,
        "median": 712.810791016,
        "min": 110.007545471,
        "var": 590666.25
    },
    "spectral_complexity": {
        "dmean": 3.01819467545,
        "dmean2": 4.71759414673,
        "dvar": 16.8132266998,
        "dvar2": 31.0186023712,
        "max": 53,
        "mean": 12.8160657883,
        "median": 11,
        "min": 0,
        "var": 55.494178772
    },
    "spectral_decrease": {
        "dmean": 2.28175722761e-09,
        "dmean2": 3.50463325027e-09,
        "dvar": 1.62913767582e-17,
        "dvar2": 3.67706564611e-17,
        "max": -1.13932959109e-22,
        "mean": -7.27907067954e-09,
        "median": -6.10649131261e-09,
        "min": -4.95855267957e-08,
        "var": 3.71329417171e-17
    },
    "spectral_energy": {
        "dmean": 0.00901008583605,
        "dmean2": 0.0138776861131,
        "dvar": 0.000245068076765,
        "dvar2": 0.000555928971153,
        "max": 0.19041416049,
        "mean": 0.0289707239717,
        "median": 0.0244200285524,
        "min": 4.11707097925e-15,
        "var": 0.000555376813281
    },
    "spectral_energyband_high": {
        "dmean": 0.000372843933292,
        "dmean2": 0.000545048736967,
        "dvar": 7.73011265665e-07,
        "dvar2": 1.49273273564e-06,
        "max": 0.0246718730778,
        "mean": 0.000718433409929,
        "median": 0.00021069702052,
        "min": 3.10906513784e-15,
        "var": 2.75455317933e-06
    },
    "spectral_energyband_low": {
        "dmean": 0.00397910363972,
        "dmean2": 0.00610258243978,
        "dvar": 0.000134401358082,
        "dvar2": 0.000316523219226,
        "max": 0.141601502895,
        "mean": 0.00844050757587,
        "median": 0.00284225377254,
        "min": 1.21868651996e-17,
        "var": 0.000205197240575
    },
    "spectral_energyband_middle_high": {
        "dmean": 0.00141923606861,
        "dmean2": 0.00229807570577,
        "dvar": 8.81681353349e-06,
        "dvar2": 2.0911813408e-05,
        "max": 0.0544269531965,
        "mean": 0.00293117132969,
        "median": 0.00133661273867,
        "min": 7.7295838077e-16,
        "var": 2.25499898079e-05
    },
    "spectral_energyband_middle_low": {
        "dmean": 0.0064236256294,
        "dmean2": 0.0103583354503,
        "dvar": 0.00013768109784,
        "dvar2": 0.000360452046152,
        "max": 0.130935922265,
        "mean": 0.0174994915724,
        "median": 0.00932177901268,
        "min": 1.87360167452e-16,
        "var": 0.000321125873597
    },
    "spectral_entropy": {
        "dmean": 0.2170278579,
        "dmean2": 0.311350613832,
        "dvar": 0.0578680559993,
        "dvar2": 0.113003768027,
        "max": 9.30216503143,
        "mean": 7.35538578033,
        "median": 7.33664369583,
        "min": 4.85771608353,
        "var": 0.307141959667
    },
    "spectral_flux": {
        "dmean": 0.0269936323166,
        "dmean2": 0.0406952612102,
        "dvar": 0.00154385552742,
        "dvar2": 0.00268243043683,
        "max": 0.393293768167,
        "mean": 0.0718852952123,
        "median": 0.0546574927866,
        "min": 2.2645408535e-05,
        "var": 0.00308524095453
    },
    "spectral_kurtosis": {
        "dmean": 2.57241296768,
        "dmean2": 4.36055135727,
        "dvar": 24.1296272278,
        "dvar2": 69.2755966187,
        "max": 124.613235474,
        "mean": 4.55690288544,
        "median": 3.54431152344,
        "min": -1.21376049519,
        "var": 35.366317749
    },
    "spectral_rms": {
        "dmean": 0.000765520439018,
        "dmean2": 0.00115760974586,
        "dvar": 1.22781227674e-06,
        "dvar2": 2.65590369963e-06,
        "max": 0.0136297438294,
        "mean": 0.00485848123208,
        "median": 0.0048810262233,
        "min": 2.00415928298e-09,
        "var": 4.6592349463e-06
    },
    "spectral_rolloff": {
        "dmean": 435.231536865,
        "dmean2": 701.415039062,
        "dvar": 1179561.25,
        "dvar2": 2290253,
        "max": 16623.6328125,
        "mean": 1374.80053711,
        "median": 645.99609375,
        "min": 64.599609375,
        "var": 4540058.5
    },
    "spectral_skewness": {
        "dmean": 0.308383494616,
        "dmean2": 0.500371932983,
        "dvar": 0.142824739218,
        "dvar2": 0.391886234283,
        "max": 8.35465526581,
        "mean": 1.55514740944,
        "median": 1.54469871521,
        "min": -0.354323148727,
        "var": 0.380735605955
    },
    "spectral_spread": {
        "dmean": 731456.625,
        "dmean2": 1020033.9375,
        "dvar": 868605624320,
        "dvar2": 1.42670731674e+12,
        "max": 32533706,
        "mean": 4564366,
        "median": 3955609.75,
        "min": 707372.875,
        "var": 5.6112358359e+12
    },
    "spectral_strongpeak": {
        "dmean": 0.450104117393,
        "dmean2": 0.744347989559,
        "dvar": 1.07132482529,
        "dvar2": 2.84063148499,
        "max": 28.0888957977,
        "mean": 1.08144629002,
        "median": 0.634200334549,
        "min": 0,
        "var": 2.01778531075
    },
    "zerocrossingrate": {
        "dmean": 0.010569293052,
        "dmean2": 0.0113122817129,
        "dvar": 0.000260947679635,
        "dvar2": 0.000217558743316,
        "max": 0.5,
        "mean": 0.0515539646149,
        "median": 0.033203125,
        "min": 0.00244140625,
        "var": 0.00319579336792
    },
    "barkbands": {
        "dmean": [6.31217480986e-05, 0.00281570502557, 0.00171285495162, 0.000973057874944, 0.00261806929484, 0.000515531632118, 0.00147490249947, 0.00134977255948, 0.00139757141005, 0.000641344289761, 0.000411278597312, 0.00026170257479, 0.000206180295208, 0.000153535336722, 0.000117749150377, 9.81977718766e-05, 0.000103788770502, 8.26076429803e-05, 4.29183237429e-05, 6.80353186908e-05, 8.69981013238e-05, 0.000108910659037, 6.07048314123e-05, 6.26291221124e-05, 7.06724531483e-05, 1.85064127436e-05, 2.04179377761e-06],
        "dmean2": [7.69714242779e-05, 0.00435614632443, 0.00290555576794, 0.00176487886347, 0.00414617406204, 0.000777405570261, 0.00217621843331, 0.00206503574736, 0.00243955641054, 0.00104968552478, 0.000666670268402, 0.000435083464254, 0.000340178026818, 0.000250845885603, 0.000192318824702, 0.000161529838806, 0.000168313184986, 0.000139155279612, 6.97345822118e-05, 0.000108748987259, 0.000134791640448, 0.000165151519468, 9.53121416387e-05, 9.44960847846e-05, 0.000101345300209, 2.61693276116e-05, 3.33009597853e-06],
        "dvar": [2.21133777956e-08, 6.59087963868e-05, 4.29689134762e-05, 1.46581378431e-05, 2.66468268819e-05, 2.66035931418e-06, 1.15888969958e-05, 8.60075397213e-06, 1.31271272039e-05, 2.4738292268e-06, 9.7285578704e-07, 4.57232573581e-07, 2.19897913212e-07, 1.63708975265e-07, 8.47641246082e-08, 1.1818185186e-07, 8.37822042854e-08, 3.70256252324e-08, 7.58747109586e-09, 1.57748388574e-07, 9.55747836429e-08, 1.19883168281e-07, 3.1173442494e-08, 1.82538766325e-08, 1.09515049473e-07, 1.50025272205e-08, 1.38671263361e-09],
        "dvar2": [3.19951176664e-08, 0.000172875064891, 0.000116144976346, 4.24248464697e-05, 6.67651620461e-05, 5.71063492316e-06, 2.40521167143e-05, 1.8093502149e-05, 3.72747163055e-05, 6.65001061861e-06, 2.61350032815e-06, 1.25803057927e-06, 5.90303841363e-07, 4.31295433145e-07, 2.11365403402e-07, 2.97259248327e-07, 1.83477112614e-07, 9.30071166749e-08, 1.8391785872e-08, 4.04068259741e-07, 2.05206490023e-07, 2.37909588918e-07, 7.12827343818e-08, 3.40799779508e-08, 2.58600266534e-07, 3.49376207964e-08, 3.74171982287e-09],
        "max": [0.00376909924671, 0.0996851846576, 0.0704489797354, 0.0496275573969, 0.0995455086231, 0.0520632043481, 0.0610790252686, 0.0530252791941, 0.0727929398417, 0.0406007841229, 0.0405082851648, 0.0143486447632, 0.0101486314088, 0.0103029804304, 0.00401461031288, 0.00635056989267, 0.00671550026163, 0.00516226794571, 0.00249294727109, 0.0171852391213, 0.0136909401044, 0.0104436222464, 0.00543263973668, 0.00306158442982, 0.0183073915541, 0.00745834410191, 0.00226591480896],
        "mean": [0.000159264032845, 0.00583025161177, 0.00205219816417, 0.000971822068095, 0.00748229259625, 0.00111120485235, 0.00316515355371, 0.00246451003477, 0.00180146226194, 0.00105895218439, 0.000577123020776, 0.000362875143765, 0.000314138422254, 0.000227715572692, 0.000171400184627, 0.000116892173537, 0.000155912697664, 0.000127482388052, 6.97492359905e-05, 9.68273743638e-05, 0.000143688710523, 0.000168641214259, 8.54987229104e-05, 9.59541139309e-05, 0.000121059478261, 3.41504601238e-05, 4.49347407994e-06],
        "median": [5.75188960283e-06, 0.00173646153416, 0.000175633336767, 0.000235599334701, 0.00201396364719, 0.000280784675851, 0.000815658713691, 0.000496409018524, 0.000334823038429, 0.000306363450363, 0.000171774823684, 0.000114487200335, 9.84696380328e-05, 5.19544300914e-05, 5.22239788552e-05, 3.30368347932e-05, 4.14192836615e-05, 3.87324107578e-05, 3.13548225677e-05, 2.79328396573e-05, 6.24561507721e-05, 3.0504017559e-05, 7.22927688912e-06, 1.55178295245e-05, 8.08309232525e-06, 2.19813411917e-08, 4.60946114611e-10],
        "min": [4.36588781079e-18, 5.863806021e-18, 2.99437065638e-18, 2.07140066774e-18, 2.0252251712e-18, 3.55325399649e-18, 1.64156788432e-17, 3.89595848114e-17, 9.28454584879e-17, 1.09631739061e-16, 8.53768513546e-17, 4.82346749932e-17, 9.76409040859e-18, 4.84655874243e-18, 1.84177057341e-17, 1.3871102865e-16, 1.47798884846e-16, 4.34132443434e-17, 4.19422194293e-17, 2.66903866858e-16, 6.38086661302e-17, 2.19471027664e-16, 2.05525265462e-16, 3.32529835559e-16, 4.09577011233e-16, 1.03911132645e-15, 7.31755151265e-16],
        "var": [9.10926729603e-08, 9.78379684966e-05, 3.32650561177e-05, 9.16933640838e-06, 9.3486138212e-05, 9.60217676038e-06, 3.77153191948e-05, 3.06151523546e-05, 1.74903743755e-05, 6.00089651925e-06, 1.87234547866e-06, 6.27807423825e-07, 4.39061608404e-07, 3.3127378174e-07, 1.21088802985e-07, 1.08245757247e-07, 1.62300722195e-07, 7.18619901363e-08, 1.40951152972e-08, 1.93140309079e-07, 1.6228700872e-07, 3.019540884e-07, 7.07055534122e-08, 5.96971716504e-08, 3.54112870582e-07, 5.90629873898e-08, 4.49656134549e-09]
    },
    "erbbands": {
        "dmean": [0.0534752607346, 0.758969962597, 2.04300951958, 2.44639754295, 5.71028232574, 10.8181009293, 7.51855897903, 3.63380599022, 14.4126996994, 26.1136016846, 31.3768234253, 32.6782302856, 24.1179866791, 17.5412044525, 13.3739433289, 10.8293781281, 8.58592891693, 8.71708106995, 6.30150699615, 5.31006288528, 4.90520811081, 5.68484258652, 4.97976732254, 3.0928144455, 1.6874781847, 3.10110211372, 3.83683013916, 3.32172060013, 4.55634307861, 2.23186469078, 1.79814493656, 1.22486901283, 1.12155675888, 0.965874373913, 0.420062690973, 0.123343370855, 0.0302234962583, 0.00210530660115, 0.000411362823797, 3.70893321815e-05],
        "dmean2": [0.0636467188597, 1.18719506264, 3.34389996529, 4.38205099106, 9.72453117371, 16.4689559937, 11.2388191223, 5.88954353333, 21.1578578949, 38.1341514587, 51.2105293274, 55.9522666931, 40.4565620422, 28.3653583527, 22.0156745911, 17.718372345, 14.1812372208, 14.4055900574, 10.2293968201, 8.61942958832, 7.88294935226, 9.24980163574, 8.41169261932, 5.16217660904, 2.6804330349, 4.90311288834, 6.04144382477, 5.15023565292, 7.02607107162, 3.32770013809, 2.85883641243, 1.87485992908, 1.70978796482, 1.4313378334, 0.585665941238, 0.167547032237, 0.0471196137369, 0.00331504666246, 0.000634885916952, 6.22316365479e-05],
        "dvar": [0.0140341455117, 5.4046664238, 53.1964645386, 100.746650696, 230.103317261, 475.874511719, 500.114898682, 116.911262512, 1132.25817871, 3704.59619141, 5398.15820312, 6556.54882812, 4400.49511719, 1386.77880859, 1033.81347656, 687.440368652, 318.536956787, 564.518981934, 225.231521606, 231.566345215, 261.797027588, 268.285217285, 158.048950195, 38.301197052, 17.0698051453, 309.447906494, 255.805496216, 137.730987549, 214.450592041, 55.4152908325, 27.2663249969, 9.8293132782, 5.78843927383, 27.7511558533, 2.39940094948, 0.281532734632, 0.235093593597, 0.000812340178527, 5.19423374499e-05, 3.96024972815e-07],
        "dvar2": [0.0216607265174, 14.0951852798, 136.937652588, 288.867706299, 645.51953125, 1072.92407227, 963.072631836, 319.584106445, 2179.09985352, 7953.95410156, 13339.6982422, 18184.6503906, 12115.2480469, 3649.79394531, 2539.26757812, 1838.94763184, 848.00567627, 1494.32275391, 563.626953125, 569.46661377, 632.816467285, 590.498474121, 408.271087646, 94.7309341431, 36.9097480774, 799.299133301, 539.664306641, 316.375, 425.611358643, 110.185997009, 63.6171340942, 20.23046875, 11.5779390335, 68.4794158936, 4.71609258652, 0.4925801754, 0.643256008625, 0.00223290058784, 0.000134478803375, 1.11689689675e-06],
        "max": [2.37173891068, 27.9179897308, 87.6112518311, 130.954818726, 231.064926147, 425.78616333, 610.954528809, 300.923583984, 781.991210938, 1124.16442871, 1337.03125, 1657.22009277, 1554.30847168, 1440.52880859, 590.115600586, 498.913330078, 382.627593994, 619.186340332, 239.141860962, 292.823577881, 304.517120361, 439.417388916, 340.426971436, 107.911949158, 148.856903076, 760.730285645, 714.920959473, 522.478149414, 548.740722656, 214.984100342, 196.445709229, 94.4876861572, 68.360710144, 305.023773193, 62.7339324951, 20.260892868, 28.3256816864, 1.62453556061, 0.44138905406, 0.0362156890333],
        "mean": [0.140067666769, 1.35833227634, 2.95265650749, 2.54423117638, 10.2194766998, 31.7325153351, 21.4597587585, 7.38891172409, 33.57472229, 57.3877105713, 47.1976280212, 45.1748542786, 39.6679954529, 29.9928855896, 18.7362613678, 16.2018413544, 13.922665596, 13.7306699753, 9.79728603363, 7.62310171127, 6.52353096008, 8.6817483902, 7.71635293961, 4.97946023941, 2.96559238434, 4.52482414246, 6.1470041275, 5.3414311409, 6.71051740646, 3.62726640701, 2.50041627884, 1.84239602089, 1.69080960751, 1.64090466499, 0.700673341751, 0.216850608587, 0.0515296012163, 0.00456252507865, 0.000999116804451, 8.22725924081e-05],
        "median": [0.0357889309525, 0.270765513182, 0.269962370396, 0.786495387554, 3.5242972374, 5.76611757278, 3.46695566177, 3.42343139648, 10.3039016724, 13.9509601593, 14.7684278488, 10.4661531448, 10.0140695572, 11.5627403259, 6.16808128357, 5.70540237427, 4.84973144531, 3.59280991554, 2.94197225571, 2.39542341232, 2.10004973412, 2.22882723808, 2.23720097542, 2.18799090385, 1.25932300091, 1.36002373695, 2.44945883751, 2.17087984085, 1.35256481171, 0.361656904221, 0.242418155074, 0.255246132612, 0.270046949387, 0.132016733289, 0.0277620144188, 0.0018440206768, 0.000113675472676, 1.18365396702e-05, 1.84309683391e-05, 3.21846746374e-05],
        "min": [2.25220025565e-16, 1.14118123181e-15, 3.2232108743e-15, 5.78972133975e-15, 7.1882917438e-15, 6.33928775088e-15, 8.96110205625e-15, 3.95728168658e-14, 1.58094525427e-13, 4.67838333178e-13, 1.08623082317e-12, 2.04089002642e-12, 3.09580854875e-12, 3.67200540807e-12, 3.16628450889e-12, 1.73715848564e-12, 5.4881723081e-13, 2.73301211306e-13, 4.10231663093e-13, 2.99970508502e-12, 9.06059168665e-12, 7.89348794661e-12, 2.47323927831e-12, 2.71322244186e-12, 4.58069910128e-12, 1.31254078786e-11, 4.28463124355e-12, 3.42718691967e-12, 6.80372511802e-12, 5.75773933739e-12, 7.06828736166e-12, 4.19271084864e-12, 7.36590389377e-12, 4.02604295388e-12, 3.92752627296e-12, 3.50916453014e-12, 1.61520363057e-12, 6.88831858307e-13, 1.28639652641e-13, 8.54057899706e-15],
        "var": [0.0603694729507, 6.6289434433, 49.1118659973, 63.622882843, 282.694549561, 2224.94482422, 3037.79541016, 182.848602295, 4967.88818359, 12366.5546875, 10683.0800781, 9140.73242188, 11143.8681641, 3446.60351562, 1582.15783691, 1095.58044434, 686.517883301, 1278.61486816, 371.772613525, 302.887939453, 276.862915039, 548.184997559, 293.524047852, 72.3582458496, 32.0468063354, 388.577270508, 456.663208008, 209.437011719, 478.752593994, 158.753540039, 57.577041626, 28.2070770264, 17.298116684, 84.565536499, 8.41444396973, 0.989786326885, 0.515864670277, 0.00305072613992, 0.000208362922422, 8.28153019938e-07]
    },
    "gfcc": {
        "mean": [-47.9906959534, 122.456916809, -133.245727539, 31.1805114746, -80.8692169189, 9.05377388, -29.0398750305, 1.04586732388, -15.1313056946, -6.55416536331, -8.37762069702, -13.5839996338, 1.20668125153],
        "cov": [[4535.19726562, -1597.64343262, 1131.79260254, 95.2765350342, -564.728393555, 696.675048828, -773.96484375, 565.708374023, -445.559967041, 325.344207764, -218.629302979, 174.148330688, 44.056892395], [-1597.64343262, 3178.62695312, -77.664390564, 329.521820068, 770.032531738, -617.456542969, 797.713684082, -466.933441162, 489.558929443, -250.374649048, 388.989013672, -220.993331909, 251.152908325], [1131.79260254, -77.664390564, 2222.27197266, 647.40838623, 173.943649292, 465.121520996, -180.816314697, 344.376739502, -107.290779114, 392.228607178, -25.874332428, 222.209472656, -10.6835021973], [95.2765350342, 329.521820068, 647.40838623, 637.338867188, 216.838012695, 190.45135498, 119.073104858, 57.1500015259, 111.751602173, 66.722694397, 76.5295715332, 49.9899673462, 21.9485778809], [-564.728393555, 770.032531738, 173.943649292, 216.838012695, 578.670043945, -2.64837574959, 407.968170166, -29.3766422272, 201.573776245, 15.8640604019, 92.0004196167, 42.7333984375, 15.2327871323], [696.675048828, -617.456542969, 465.121520996, 190.45135498, -2.64837574959, 574.023986816, -43.7861061096, 273.301361084, -3.57448673248, 120.463897705, -33.6594085693, 109.897987366, -83.7394332886], [-773.96484375, 797.713684082, -180.816314697, 119.073104858, 407.968170166, -43.7861061096, 569.01751709, -85.3858795166, 276.870727539, -55.111656189, 88.2964706421, 12.482293129, -22.2633724213], [565.708374023, -466.933441162, 344.376739502, 57.1500015259, -29.3766422272, 273.301361084, -85.3858795166, 297.393371582, -43.1566047668, 133.990707397, -30.7103729248, 69.5394592285, -11.0027112961], [-445.559967041, 489.558929443, -107.290779114, 111.751602173, 201.573776245, -3.57448673248, 276.870727539, -43.1566047668, 275.402709961, -49.8757476807, 111.108123779, -4.1458530426, -0.316083073616], [325.344207764, -250.374649048, 392.228607178, 66.722694397, 15.8640604019, 120.463897705, -55.111656189, 133.990707397, -49.8757476807, 209.473022461, -31.5156955719, 79.3979644775, 0.940211176872], [-218.629302979, 388.989013672, -25.874332428, 76.5295715332, 92.0004196167, -33.6594085693, 88.2964706421, -30.7103729248, 111.108123779, -31.5156955719, 175.805175781, -27.3118743896, 79.9765319824], [174.148330688, -220.993331909, 222.209472656, 49.9899673462, 42.7333984375, 109.897987366, 12.482293129, 69.5394592285, -4.1458530426, 79.3979644775, -27.3118743896, 171.538619995, -54.3208847046], [44.056892395, 251.152908325, -10.6835021973, 21.9485778809, 15.2327871323, -83.7394332886, -22.2633724213, -11.0027112961, -0.316083073616, 0.940211176872, 79.9765319824, -54.3208847046, 171.507553101]],
        "icov": [[0.000432874658145, -0.000120460717881, -3.88670159737e-05, 6.09751987213e-06, 0.000256409781286, -0.000411725108279, 0.000331080111209, -0.000350593152689, 0.000143339450005, -9.01935527509e-06, 0.000412018911447, -0.000289425719529, -0.000424797704909], [-0.000120460717881, 0.00160553096794, -0.000691617024131, 2.61505956587e-05, -0.000738150265533, 0.00118252902757, -0.00138453848194, 0.00102293898817, -0.000534303253517, 0.000964877253864, -0.00122472562362, 0.00126012088731, -0.000873817945831], [-3.88670159737e-05, -0.000691617024131, 0.00145867362153, -0.000972243375145, -0.00019343967142, -0.000541906745639, 0.00114278041292, -0.000618418387603, 0.000570573436562, -0.00166422163602, 0.000332826835802, -0.000839817919768, 0.000688306114171], [6.09751987213e-06, 2.61505956587e-05, -0.000972243375145, 0.00302990945056, -0.000400917313527, -0.000870851916261, -0.000126547834952, 0.000835025042761, -0.000902242027223, 0.000500621274114, -0.000270146963885, 0.0002314261219, -0.00064575689612], [0.000256409781286, -0.000738150265533, -0.00019343967142, -0.000400917313527, 0.00477533042431, -0.000383929116651, -0.00244208658114, -0.000603385036811, 0.000443156284746, -0.000601857958827, 0.000259298685705, -0.0011604501633, -0.000397318799514], [-0.000411725108279, 0.00118252902757, -0.000541906745639, -0.000870851916261, -0.000383929116651, 0.00512116588652, -0.00121298700105, -0.00246863486245, -0.00063994928496, 0.00111265096348, -0.00147458014544, 0.000515124935191, 0.00151397800073], [0.000331080111209, -0.00138453848194, 0.00114278041292, -0.000126547834952, -0.00244208658114, -0.00121298700105, 0.00735420361161, -0.000534413673449, -0.00326445675455, -0.00105149007868, 0.00208793138154, -0.00138834980316, 0.00116123235784], [-0.000350593152689, 0.00102293898817, -0.000618418387603, 0.000835025042761, -0.000603385036811, -0.00246863486245, -0.000534413673449, 0.00882933754474, -0.000846763199661, -0.00223608757369, -0.00045300644706, 0.000818577071186, -0.00172677007504], [0.000143339450005, -0.000534303253517, 0.000570573436562, -0.000902242027223, 0.000443156284746, -0.00063994928496, -0.00326445675455, -0.000846763199661, 0.0099564306438, 0.000239011598751, -0.00421051122248, -0.000357617187547, 0.0019339073915], [-9.01935527509e-06, 0.000964877253864, -0.00166422163602, 0.000500621274114, -0.000601857958827, 0.00111265096348, -0.00105149007868, -0.00223608757369, 0.000239011598751, 0.0101901395246, 0.000397610740038, -0.00160169031005, -0.00200973125175], [0.000412018911447, -0.00122472562362, 0.000332826835802, -0.000270146963885, 0.000259298685705, -0.00147458014544, 0.00208793138154, -0.00045300644706, -0.00421051122248, 0.000397610740038, 0.0122966151685, -0.00132304569706, -0.00492117321119], [-0.000289425719529, 0.00126012088731, -0.000839817919768, 0.0002314261219, -0.0011604501633, 0.000515124935191, -0.00138834980316, 0.000818577071186, -0.000357617187547, -0.00160169031005, -0.00132304569706, 0.00967056490481, 0.00206198496744], [-0.000424797704909, -0.000873817945831, 0.000688306114171, -0.00064575689612, -0.000397318799514, 0.00151397800073, 0.00116123235784, -0.00172677007504, 0.0019339073915, -0.00200973125175, -0.00492117321119, 0.00206198496744, 0.011121830903]]
    },
    "melbands": {
        "dmean": [0.000599259568844, 0.00102726230398, 0.00051282113418, 0.00058837007964, 0.000316765159369, 8.57524428284e-05, 0.000256134720985, 0.000278961844742, 0.00026644897298, 0.000203070274438, 0.000117689291073, 7.16122958693e-05, 4.85146738356e-05, 3.42505954904e-05, 2.02385053854e-05, 2.11729293369e-05, 1.63995009643e-05, 1.0465601008e-05, 8.62225260789e-06, 7.37736081646e-06, 5.70995234739e-06, 5.89353794567e-06, 5.87363501836e-06, 3.79483617508e-06, 2.61242553279e-06, 1.38621305723e-06, 1.35342168051e-06, 2.37959648075e-06, 2.6977206744e-06, 2.29208376368e-06, 1.94974472834e-06, 2.69599172498e-06, 2.22404696615e-06, 1.10328949177e-06, 1.24125108414e-06, 7.80806885814e-07, 8.08580409739e-07, 7.90671492723e-07, 8.14313125375e-07, 9.31256124659e-07],
        "dmean2": [0.000869668903761, 0.00165861810092, 0.000909408903681, 0.000932162918616, 0.000479796435684, 0.000136794158607, 0.000374966330128, 0.000405105063692, 0.000447588769021, 0.000345960841514, 0.000197411354748, 0.000115766415547, 7.98266628408e-05, 5.64076945011e-05, 3.36222401529e-05, 3.50277659891e-05, 2.71347034868e-05, 1.7026284695e-05, 1.38870318551e-05, 1.2277559108e-05, 9.09875416255e-06, 9.5850082289e-06, 9.91408796835e-06, 6.39627569399e-06, 4.3705626922e-06, 2.25156077249e-06, 2.14771785068e-06, 3.81430641028e-06, 4.34172170571e-06, 3.63143976756e-06, 3.08170228891e-06, 4.23741721534e-06, 3.39291341334e-06, 1.706248554e-06, 2.01659327104e-06, 1.20996048736e-06, 1.25737426515e-06, 1.22177902995e-06, 1.28105693875e-06, 1.38775305913e-06],
        "dvar": [2.34206936511e-06, 1.18994739751e-05, 3.72934096049e-06, 1.47705566178e-06, 5.93743834543e-07, 6.26062686138e-08, 3.46350333302e-07, 3.99731931111e-07, 4.353661609e-07, 2.52607577522e-07, 1.07274971128e-07, 2.24575202878e-08, 1.29431771967e-08, 8.24674284416e-09, 1.97196214913e-09, 2.59079357967e-09, 2.06192329877e-09, 5.87504989102e-10, 4.41625014336e-10, 6.52541021218e-10, 3.16259518574e-10, 2.82097983861e-10, 2.63511518162e-10, 7.63963406425e-11, 2.87040460845e-11, 1.04835801498e-11, 2.01074226713e-11, 2.52859344574e-10, 1.72682868005e-10, 5.86907258904e-11, 6.25939924892e-11, 8.57346971195e-11, 6.70781416523e-11, 1.85665684216e-11, 1.46737552664e-11, 8.76161383029e-12, 3.98513600591e-12, 3.12661008195e-12, 3.23135246859e-12, 4.73889850972e-11],
        "dvar2": [5.49596597921e-06, 2.96945217997e-05, 1.06670149762e-05, 3.67308484783e-06, 1.25528799799e-06, 1.65145237929e-07, 6.79612469412e-07, 8.2769798837e-07, 1.1417918131e-06, 6.97467839927e-07, 2.94908062415e-07, 5.83723647196e-08, 3.3006745781e-08, 2.20612825785e-08, 5.48856027294e-09, 6.95048374411e-09, 5.48579492943e-09, 1.47849954502e-09, 1.05984465648e-09, 1.68203950768e-09, 7.53446471879e-10, 6.14772066587e-10, 6.64855337451e-10, 1.98572852605e-10, 7.36542840607e-11, 2.58866400538e-11, 4.6387525765e-11, 6.80183909196e-10, 3.98202915086e-10, 1.24602939078e-10, 1.47355683211e-10, 1.82580450758e-10, 1.35461336592e-10, 4.32227621749e-11, 3.51545355326e-11, 2.20085911301e-11, 8.36538217169e-12, 6.42645311966e-12, 6.92632366392e-12, 1.19698806422e-10],
        "max": [0.0199817568064, 0.0409451425076, 0.024829197675, 0.0261018909514, 0.0163470823318, 0.0066253640689, 0.0128928106278, 0.0130297532305, 0.0102451229468, 0.0117450887337, 0.00779434945434, 0.00527392327785, 0.00291504035704, 0.00203844346106, 0.000916400225833, 0.00118373846635, 0.00125235354062, 0.000366755266441, 0.0003487461654, 0.000436559203081, 0.00033540095319, 0.000487556186272, 0.000283949571894, 0.000335878110491, 0.000101127319795, 0.000153922708705, 0.00012764816347, 0.000719012634363, 0.000502527982462, 0.000317466852721, 0.000372513604816, 0.000317430210998, 0.000258512591245, 0.000122097480926, 0.000136064627441, 0.000111192814074, 5.23214584973e-05, 5.60324951948e-05, 3.71931964764e-05, 0.00040800057468],
        "mean": [0.00141887995414, 0.00170482543763, 0.000589456525631, 0.00155915971845, 0.000947035907302, 0.000165949153597, 0.00058023899328, 0.000617836951278, 0.000350936548784, 0.00028523648507, 0.0001910035935, 0.000118548137834, 6.67128915666e-05, 4.71049752377e-05, 3.13179953082e-05, 3.18284219247e-05, 2.46657182288e-05, 1.54317149281e-05, 1.26105933305e-05, 8.76049580256e-06, 7.37251184546e-06, 8.81876167114e-06, 8.17709315015e-06, 5.98947281105e-06, 3.9034762267e-06, 2.21533400691e-06, 2.10601388062e-06, 3.21040693052e-06, 3.92439051211e-06, 3.6117567106e-06, 2.8096569622e-06, 3.75012541554e-06, 3.32422655447e-06, 1.55191128215e-06, 1.54399936036e-06, 1.1126494428e-06, 1.13293344839e-06, 1.14694796594e-06, 1.13804799184e-06, 1.59778051056e-06],
        "median": [0.00050859421026, 0.000242277586949, 0.000213061372051, 0.000388491200283, 0.000150512089022, 5.53670506633e-05, 0.000167386373505, 0.000154202250997, 0.000100225799542, 5.52760029677e-05, 4.53139145975e-05, 4.32563683717e-05, 2.06362237805e-05, 1.53246855916e-05, 1.12971238195e-05, 9.6603835118e-06, 5.6528215282e-06, 4.31320904681e-06, 3.78303184334e-06, 2.53731900557e-06, 2.22481571654e-06, 2.26411930271e-06, 2.10816028812e-06, 1.76373669092e-06, 1.69431848462e-06, 1.00636714251e-06, 6.68712459628e-07, 8.66626294282e-07, 1.35720324579e-06, 1.55863222062e-06, 9.37266577239e-07, 7.87707733707e-07, 3.96417505044e-07, 1.12265780672e-07, 1.39801940691e-07, 1.08526627685e-07, 1.5963807698e-07, 1.87888687719e-07, 1.55012983782e-07, 8.74133050388e-08],
        "min": [2.03149457986e-18, 1.65785254768e-18, 1.06078355197e-18, 4.94006427285e-19, 2.93318115964e-19, 8.82543500758e-19, 2.66882938362e-18, 5.74824847584e-18, 9.6349278103e-18, 1.34276940211e-17, 1.55814092928e-17, 1.49227088274e-17, 1.13653003163e-17, 6.41472319821e-18, 2.44448766173e-18, 7.22789385273e-19, 4.70994210945e-19, 4.21428850707e-19, 1.82899208051e-18, 6.728573307e-18, 1.16144049305e-17, 9.45821225296e-18, 3.14109988255e-18, 2.03105141785e-18, 2.25978774353e-18, 1.15530382621e-18, 7.27386234732e-18, 9.12205349664e-18, 3.15944281943e-18, 1.09022756286e-18, 2.43373245261e-18, 3.89821395452e-18, 4.41075656875e-18, 2.19776594799e-18, 3.7549686063e-18, 4.22975621584e-18, 1.66192775636e-18, 4.37074997843e-18, 5.18599065243e-18, 3.25651680701e-18],
        "var": [5.3803632909e-06, 1.27792291096e-05, 2.48801597991e-06, 4.8345605137e-06, 3.47580930793e-06, 1.16101638525e-07, 1.38752636758e-06, 1.51943720539e-06, 6.28206180409e-07, 4.12352306967e-07, 2.76919934095e-07, 5.61121460407e-08, 2.44737439203e-08, 1.02488062481e-08, 3.59690832674e-09, 5.1360280473e-09, 4.46586678748e-09, 9.84743619981e-10, 6.79751144261e-10, 5.95586191476e-10, 3.5274830279e-10, 5.79707448711e-10, 3.75081465886e-10, 1.85067128289e-10, 4.98658891956e-11, 1.51522908803e-11, 3.61260778237e-11, 2.72752764818e-10, 2.68767730294e-10, 9.84150955174e-11, 8.21456513922e-11, 1.56822138608e-10, 1.68781502663e-10, 3.52666090775e-11, 2.43334345729e-11, 1.54889105014e-11, 1.02860957599e-11, 8.4454127719e-12, 8.19739241764e-12, 1.37393055266e-10]
    },
    "mfcc": {
        "mean": [-677.188781738, 135.293609619, 3.36025238037, 14.3311481476, -15.2992334366, -1.10775780678, -1.95476365089, -3.02742743492, 5.13740062714, -4.34355306625, 2.38057518005, 2.6057870388, -8.98352813721],
        "cov": [[3491.09741211, -1086.49816895, 495.309570312, -422.613342285, 92.2961883545, -102.878814697, -60.783000946, -21.3062801361, 40.326789856, -109.752822876, -65.5009613037, 20.1927051544, -79.3678359985], [-1086.49816895, 2138.27563477, -106.141334534, 620.267883301, 107.446510315, 86.3292160034, 221.220413208, -49.3544502258, 139.026443481, 23.1824378967, 60.9229202271, 114.222991943, 4.85598325729], [495.309570312, -106.141334534, 1706.88659668, 367.448028564, 515.000305176, 205.482894897, 161.78112793, 28.2061538696, 111.325942993, 13.6396789551, 117.832115173, 131.584793091, 117.242492676], [-422.613342285, 620.267883301, 367.448028564, 650.778503418, 217.042816162, 190.020523071, 146.739532471, 21.6471042633, 116.458724976, 22.9277477264, 68.0227127075, 89.2855606079, 70.3228530884], [92.2961883545, 107.446510315, 515.000305176, 217.042816162, 371.029876709, 131.554168701, 136.12802124, 59.9286155701, 77.6875305176, 51.3175086975, 50.7677307129, 80.2605819702, 72.5810394287], [-102.878814697, 86.3292160034, 205.482894897, 190.020523071, 131.554168701, 352.658416748, 98.7877349854, 225.9947052, 57.5530929565, 129.886459351, 96.3162765503, 20.5696392059, 117.576568604], [-60.783000946, 221.220413208, 161.78112793, 146.739532471, 136.12802124, 98.7877349854, 220.604248047, 47.1383323669, 116.05796051, 44.7789344788, 59.359413147, 63.8409500122, 35.5318832397], [-21.3062801361, -49.3544502258, 28.2061538696, 21.6471042633, 59.9286155701, 225.9947052, 47.1383323669, 365.967254639, 19.7633781433, 160.581893921, 74.8400421143, 26.1325416565, 107.47026062], [40.326789856, 139.026443481, 111.325942993, 116.458724976, 77.6875305176, 57.5530929565, 116.05796051, 19.7633781433, 173.979919434, 36.8703765869, 69.1536560059, 38.9273300171, 20.1738739014], [-109.752822876, 23.1824378967, 13.6396789551, 22.9277477264, 51.3175086975, 129.886459351, 44.7789344788, 160.581893921, 36.8703765869, 186.436248779, 64.1853027344, 21.2273311615, 60.2522850037], [-65.5009613037, 60.9229202271, 117.832115173, 68.0227127075, 50.7677307129, 96.3162765503, 59.359413147, 74.8400421143, 69.1536560059, 64.1853027344, 129.322143555, 35.0229377747, 50.2036743164], [20.1927051544, 114.222991943, 131.584793091, 89.2855606079, 80.2605819702, 20.5696392059, 63.8409500122, 26.1325416565, 38.9273300171, 21.2273311615, 35.0229377747, 121.095825195, 16.9433727264], [-79.3678359985, 4.85598325729, 117.242492676, 70.3228530884, 72.5810394287, 117.576568604, 35.5318832397, 107.47026062, 20.1738739014, 60.2522850037, 50.2036743164, 16.9433727264, 134.7684021]],
