{
"lowlevel": {
    "average_loudness": 0.880866229534,
    "barkbands_crest": {
        "dmean": 2.60187387466,
        "dmean2": 4.2100110054,
        "dvar": 5.89228725433,
        "dvar2": 13.8129863739,
        "max": 25.4907875061,
        "mean": 9.4699420929,
        "median": 8.51725673676,
        "min": 2.13934707642,
        "var": 16.226808548
    },
    "barkbands_flatness_db": {
        "dmean": 0.0212941393256,
        "dmean2": 0.0323308221996,
        "dvar": 0.000385193096008,
        "dvar2": 0.000836418708786,
        "max": 0.368162542582,
        "mean": 0.122455343604,
        "median": 0.112707853317,
        "min": 0.0161104556173,
        "var": 0.00252803950571
    },
    "barkbands_kurtosis": {
        "dmean": 1.63598752022,
        "dmean2": 2.64471435547,
        "dvar": 12.5899801254,
        "dvar2": 31.8251667023,
        "max": 89.3487854004,
        "mean": 1.7819070816,
        "median": 0.707348108292,
        "min": -1.8921661377,
        "var": 19.8541164398
    },
    "barkbands_skewness": {
        "dmean": 0.43443235755,
        "dmean2": 0.68024045229,
        "dvar": 0.228026732802,
        "dvar2": 0.534664571285,
        "max": 8.72338485718,
        "mean": 1.05832982063,
        "median": 0.895463883877,
        "min": -2.35511541367,
        "var": 0.776649713516
    },
    "barkbands_spread": {
        "dmean": 5.04287004471,
        "dmean2": 7.84858942032,
        "dvar": 29.6226711273,
        "dvar2": 62.5981712341,
        "max": 116.799545288,
        "mean": 23.2679080963,
        "median": 22.0639610291,
        "min": 1.99821984768,
        "var": 147.262451172
    },
    "dissonance": {
        "dmean": 0.0174948889762,
        "dmean2": 0.0298227649182,
        "dvar": 0.000277756509604,
        "dvar2": 0.000765434757341,
        "max": 0.500000119209,
        "mean": 0.472901761532,
        "median": 0.478638917208,
        "min": 0.303321570158,
        "var": 0.000501063244883
    },
    "dynamic_complexity": 2.0598089695,
    "erbbands_crest": {
        "dmean": 2.66478633881,
        "dmean2": 4.40013599396,
        "dvar": 6.01084661484,
        "dvar2": 15.3586950302,
        "max": 29.5801792145,
        "mean": 8.7454252243,
        "median": 7.93960285187,
        "min": 2.06424498558,
        "var": 14.6659860611
    },
    "erbbands_flatness_db": {
        "dmean": 0.0189280770719,
        "dmean2": 0.0277263522148,
        "dvar": 0.000285449175863,
        "dvar2": 0.000564632413443,
        "max": 0.416420340538,
        "mean": 0.167467191815,
        "median": 0.156506940722,
        "min": 0.0469152219594,
        "var": 0.00381059292704
    },
    "erbbands_kurtosis": {
        "dmean": 0.764656960964,
        "dmean2": 1.23959410191,
        "dvar": 0.645792245865,
        "dvar2": 1.6612663269,
        "max": 14.2168750763,
        "mean": 0.69996458292,
        "median": 0.28596329689,
        "min": -1.59219610691,
        "var": 2.2594833374
    },
    "erbbands_skewness": {
        "dmean": 0.315844833851,
        "dmean2": 0.502665519714,
        "dvar": 0.0689174383879,
        "dvar2": 0.165906757116,
        "max": 2.83518743515,
        "mean": 0.538826406002,
        "median": 0.518873214722,
        "min": -2.33906936646,
        "var": 0.426542848349
    },
    "erbbands_spread": {
        "dmean": 5.75197172165,
        "dmean2": 8.88051605225,
        "dvar": 38.1052017212,
        "dvar2": 83.6594009399,
        "max": 108.855613708,
        "mean": 29.5522727966,
        "median": 26.7696762085,
        "min": 4.82338237762,
        "var": 201.343566895
    },
    "hfc": {
        "dmean": 7.15933656693,
        "dmean2": 11.1173734665,
        "dvar": 67.9150314331,
        "dvar2": 156.493881226,
        "max": 339.129547119,
        "mean": 29.6570396423,
        "median": 28.0674037933,
        "min": 3.8901220023e-08,
        "var": 325.103820801
    },
    "melbands_crest": {
        "dmean": 3.3578915596,
        "dmean2": 5.54152059555,
        "dvar": 9.49277877808,
        "dvar2": 23.0129356384,
        "max": 32.1408920288,
        "mean": 13.4123954773,
        "median": 12.4620399475,
        "min": 3.24223899841,
        "var": 27.2799682617
    },
    "melbands_flatness_db": {
        "dmean": 0.022937707603,
        "dmean2": 0.0355691239238,
        "dvar": 0.000543470319826,
        "dvar2": 0.00117122707888,
        "max": 0.406291693449,
        "mean": 0.165391549468,
        "median": 0.158527940512,
        "min": 0.0260039176792,
        "var": 0.0020814051386
    },
    "melbands_kurtosis": {
        "dmean": 4.15277719498,
        "dmean2": 6.6804060936,
        "dvar": 84.4406738281,
        "dvar2": 210.878677368,
        "max": 204.631515503,
        "mean": 6.82261896133,
        "median": 3.34712505341,
        "min": -1.45468783379,
        "var": 150.008407593
    },
    "melbands_skewness": {
        "dmean": 0.605680942535,
        "dmean2": 0.95157790184,
        "dvar": 0.479947984219,
        "dvar2": 1.11142063141,
        "max": 11.7591533661,
        "mean": 1.84024894238,
        "median": 1.53511750698,
        "min": -0.852612137794,
        "var": 1.82239043713
    },
    "melbands_spread": {
        "dmean": 6.46754932404,
        "dmean2": 10.2082233429,
        "dvar": 51.2549095154,
        "dvar2": 108.964874268,
        "max": 231.338623047,
        "mean": 26.7245025635,
        "median": 25.7283878326,
        "min": 1.37789928913,
        "var": 204.84588623
    },
    "pitch_salience": {
        "dmean": 0.072662808001,
        "dmean2": 0.118300974369,
        "dvar": 0.00460057286546,
        "dvar2": 0.0110505120829,
        "max": 0.936020731926,
        "mean": 0.567891001701,
        "median": 0.567195653915,
        "min": 0.104377150536,
        "var": 0.0166348870844
    },
    "silence_rate_20dB": {
        "dmean": 0,
        "dmean2": 0,
        "dvar": 0,
        "dvar2": 0,
        "max": 1,
        "mean": 1,
        "median": 1,
        "min": 1,
        "var": 0
    },
    "silence_rate_30dB": {
        "dmean": 0.00119161105249,
        "dmean2": 0.00238350615837,
        "dvar": 0.00119015015662,
        "dvar2": 0.0028545379173,
        "max": 1,
        "mean": 0.998927652836,
        "median": 1,
        "min": 0,
        "var": 0.00107113295235
    },
    "silence_rate_60dB": {
        "dmean": 0.00166825542692,
        "dmean2": 0.0032177332323,
        "dvar": 0.00166554772295,
        "dvar2": 0.00392165454105,
        "max": 1,
        "mean": 0.0067913737148,
        "median": 0,
        "min": 0,
        "var": 0.00674491608515
    },
    "spectral_centroid": {
        "dmean": 224.962966919,
        "dmean2": 361.60848999,
        "dvar": 47312.4726562,
        "dvar2": 116448.109375,
        "max": 5306.21826172,
        "mean": 1591.51525879,
        "median": 1559.14758301,
        "min": 337.920532227,
        "var": 174371.890625
    },
    "spectral_complexity": {
        "dmean": 3.82650136948,
        "dmean2": 6.21964025497,
        "dvar": 10.6374282837,
        "dvar2": 26.7737045288,
        "max": 50,
        "mean": 26.6972484589,
        "median": 27,
        "min": 0,
        "var": 67.6249771118
    },
    "spectral_decrease": {
        "dmean": 2.45188691572e-09,
        "dmean2": 3.90118159999e-09,
        "dvar": 7.92133383589e-18,
        "dvar2": 1.8585080768e-17,
        "max": -1.11543612467e-19,
        "mean": -7.99350807767e-09,
        "median": -7.36405958435e-09,
        "min": -4.80604249731e-08,
        "var": 2.01288446364e-17
    },
    "spectral_energy": {
        "dmean": 0.00973601639271,
        "dmean2": 0.0154659133404,
        "dvar": 0.000119766642456,
        "dvar2": 0.000280921405647,
        "max": 0.186977937818,
        "mean": 0.0328592844307,
        "median": 0.0304301194847,
        "min": 3.94944016727e-12,
        "var": 0.000318323436659
    },
    "spectral_energyband_high": {
        "dmean": 0.000316343124723,
        "dmean2": 0.00047453775187,
        "dvar": 3.15662020967e-07,
        "dvar2": 6.50039737593e-07,
        "max": 0.0290738362819,
        "mean": 0.000890194787644,
        "median": 0.000659393146634,
        "min": 3.09467837641e-12,
        "var": 1.36622975333e-06
    },
    "spectral_energyband_low": {
        "dmean": 0.00529893208295,
        "dmean2": 0.00850275810808,
        "dvar": 8.83734319359e-05,
        "dvar2": 0.000213176870602,
        "max": 0.145808905363,
        "mean": 0.00989659782499,
        "median": 0.00796999689192,
        "min": 1.26632726657e-13,
        "var": 0.000137961716973
    },
    "spectral_energyband_middle_high": {
        "dmean": 0.00315619911999,
        "dmean2": 0.00503402296454,
        "dvar": 1.41963255373e-05,
        "dvar2": 3.65472333215e-05,
        "max": 0.0816508308053,
        "mean": 0.0109304981306,
        "median": 0.00916194077581,
        "min": 5.8471966418e-13,
        "var": 6.7195862357e-05
    },
    "spectral_energyband_middle_low": {
        "dmean": 0.00532847875729,
        "dmean2": 0.00860117562115,
        "dvar": 4.36269110651e-05,
        "dvar2": 0.000109080021502,
        "max": 0.116930149496,
        "mean": 0.0123268412426,
        "median": 0.00979069806635,
        "min": 4.22826954927e-14,
        "var": 9.45738793234e-05
    },
    "spectral_entropy": {
        "dmean": 0.115158341825,
        "dmean2": 0.175992116332,
        "dvar": 0.0119780758396,
        "dvar2": 0.0252292547375,
        "max": 8.81883335114,
        "mean": 7.79154920578,
        "median": 7.78188991547,
        "min": 6.98531961441,
        "var": 0.0584376677871
    },
    "spectral_flux": {
        "dmean": 0.0249995049089,
        "dmean2": 0.0392403714359,
        "dvar": 0.000622448511422,
        "dvar2": 0.00137794029433,
        "max": 0.321909815073,
        "mean": 0.102660901845,
        "median": 0.0975338220596,
        "min": 5.88507027715e-05,
        "var": 0.00154998572543
    },
    "spectral_kurtosis": {
        "dmean": 1.12912774086,
        "dmean2": 1.90821528435,
        "dvar": 1.21601331234,
        "dvar2": 3.57110071182,
        "max": 15.9471511841,
        "mean": 4.11864471436,
        "median": 4.00545883179,
        "min": -0.946783781052,
        "var": 2.55232048035
    },
    "spectral_rms": {
        "dmean": 0.000814631930552,
        "dmean2": 0.00127665791661,
        "dvar": 6.48541231385e-07,
        "dvar2": 1.44808950608e-06,
        "max": 0.0135062020272,
        "mean": 0.00544723216444,
        "median": 0.00544866221026,
        "min": 6.20734397216e-08,
        "var": 2.38560664911e-06
    },
    "spectral_rolloff": {
        "dmean": 409.78616333,
        "dmean2": 667.266174316,
        "dvar": 452248.65625,
        "dvar2": 907510.375,
        "max": 17032.7636719,
        "mean": 1653.27734375,
        "median": 1442.72460938,
        "min": 64.599609375,
        "var": 1655961.875
    },
    "spectral_skewness": {
        "dmean": 0.161381676793,
        "dmean2": 0.265844762325,
        "dvar": 0.0194170419127,
        "dvar2": 0.0512908697128,
        "max": 2.84953641891,
        "mean": 1.51730418205,
        "median": 1.52016174793,
        "min": 0.281140953302,
        "var": 0.0613089315593
    },
    "spectral_spread": {
        "dmean": 459023.5625,
        "dmean2": 663689.5,
        "dvar": 264684175360,
        "dvar2": 477595697152,
        "max": 17210422,
        "mean": 4366134.5,
        "median": 4109629.75,
        "min": 1723848.375,
        "var": 2.00385993114e+12
    },
    "spectral_strongpeak": {
        "dmean": 0.738217175007,
        "dmean2": 1.27779126167,
        "dvar": 1.54857218266,
        "dvar2": 3.93291592598,
        "max": 45.3047904968,
        "mean": 1.19457507133,
        "median": 0.508930325508,
        "min": 0,
        "var": 2.47929501534
    },
    "zerocrossingrate": {
        "dmean": 0.0088481772691,
        "dmean2": 0.0104919662699,
        "dvar": 0.000111927438411,
        "dvar2": 0.000124163329019,
        "max": 0.61767578125,
        "mean": 0.0666103959084,
        "median": 0.0625,
        "min": 0.0078125,
        "var": 0.00108492618892
    },
    "barkbands": {
        "dmean": [9.85722508631e-05, 0.00391714693978, 0.00190885644406, 0.000883727392647, 0.00107652007136, 0.000600321684033, 0.000718131253961, 0.00153952976689, 0.00249019870535, 0.00171958690044, 0.00119844905566, 0.000925224856474, 0.000578952312935, 0.00054297054885, 0.000390084052924, 0.000245331204496, 0.000325878238073, 0.000283802452032, 0.000212886734516, 0.000155909961904, 7.19713425497e-05, 6.16265897406e-05, 5.78628096264e-05, 5.80456799071e-05, 6.11807845416e-05, 3.17596532113e-05, 6.93830361342e-06],
        "dmean2": [0.00016181479441, 0.00623464491218, 0.00345845008269, 0.00146932830103, 0.00181649357546, 0.000990509055555, 0.00115861475933, 0.00251676444896, 0.00413024425507, 0.0028466116637, 0.00195735110901, 0.00150112982374, 0.000975168775767, 0.000902057974599, 0.000656411517411, 0.000394635280827, 0.000529325858224, 0.000462980155135, 0.00035018500057, 0.000255740393186, 0.000118571872008, 9.96238668449e-05, 8.99958104128e-05, 8.51763470564e-05, 9.59497410804e-05, 4.77361354569e-05, 1.09665370474e-05],
        "dvar": [7.05380287513e-08, 5.16203654115e-05, 2.28051449085e-05, 3.33009415954e-06, 5.67396728002e-06, 2.02142587113e-06, 3.3675951272e-06, 1.00635470517e-05, 1.62907545018e-05, 9.11095321499e-06, 3.79183984478e-06, 2.41990755967e-06, 8.63878824475e-07, 6.03448597758e-07, 4.22389945243e-07, 2.30000168244e-07, 2.59449876694e-07, 1.61067859494e-07, 9.69282041297e-08, 5.8283319504e-08, 8.62092619514e-09, 6.27118534879e-09, 1.03640811489e-08, 2.36395099051e-08, 1.01206651948e-07, 1.69570917308e-08, 1.00477248743e-09],
        "dvar2": [1.72588457303e-07, 0.000120450480608, 6.44226529403e-05, 8.1547350419e-06, 1.45713356687e-05, 5.34287937626e-06, 8.35468563309e-06, 2.45724277192e-05, 4.29827487096e-05, 2.3906257411e-05, 9.70063956629e-06, 5.90935678701e-06, 2.33488367485e-06, 1.64941775438e-06, 1.10804649012e-06, 5.45141233488e-07, 6.11697146269e-07, 3.85114049095e-07, 2.33202356981e-07, 1.3847214575e-07, 2.25018226274e-08, 1.49761767432e-08, 2.17751114917e-08, 3.99798594231e-08, 2.48076901244e-07, 3.49602906624e-08, 2.40238939853e-09],
        "max": [0.0072506563738, 0.115534096956, 0.0502290762961, 0.0440795831382, 0.0490700230002, 0.0286374669522, 0.0476065576077, 0.051225617528, 0.064784809947, 0.0462408214808, 0.0341708436608, 0.0297243464738, 0.0141593497247, 0.0140008181334, 0.0157998427749, 0.00887884758413, 0.0107881361619, 0.00703537184745, 0.00740067847073, 0.00798661448061, 0.00192521745339, 0.00122592120897, 0.00333094154485, 0.0064728311263, 0.0200373083353, 0.0113645996898, 0.00193477515131],
        "mean": [0.000132538523758, 0.00724714482203, 0.00198135105893, 0.00091800687369, 0.00148840888869, 0.000919651298318, 0.00119920994621, 0.00231729354709, 0.00409187562764, 0.00286881020293, 0.00207725842483, 0.00176408141851, 0.00100188644137, 0.000961230194662, 0.000693379610311, 0.000426878337748, 0.000647130887955, 0.000583003275096, 0.000464379001642, 0.00033610285027, 0.000163127013366, 0.000151738175191, 0.000121382669022, 0.000118994947115, 0.000118151583592, 5.5321281252e-05, 1.09538295874e-05],
        "median": [1.67275320564e-05, 0.00592855736613, 0.000474257190945, 0.000262593966909, 0.000777761801146, 0.000527255993802, 0.000363697850844, 0.000739235430956, 0.0019173208857, 0.00117127445992, 0.000998144270852, 0.00083228253061, 0.000612133997492, 0.00062033883296, 0.000431189750088, 0.000205140997423, 0.000398020638386, 0.000394332484575, 0.000345412845491, 0.0002395882766, 0.0001316016278, 0.000118543182907, 7.87025783211e-05, 5.99493323534e-05, 3.92788388126e-05, 1.8209368136e-05, 1.85721631851e-07],
        "min": [1.45133281478e-13, 5.15982147688e-14, 6.83785896693e-15, 7.80020528555e-15, 1.18319974112e-14, 7.61404523144e-15, 6.32922658765e-16, 3.16904819952e-15, 8.78302862568e-15, 1.24975103508e-14, 9.45656212028e-15, 2.81747586687e-14, 9.0288331824e-14, 9.64295714134e-14, 3.66135615749e-14, 2.08929333117e-14, 5.01492361635e-14, 6.19955950183e-14, 1.1674172642e-13, 1.45262233774e-13, 1.92890652452e-13, 2.45832407165e-13, 1.60911282671e-13, 3.33519995475e-13, 5.65915695382e-13, 6.97374178803e-13, 8.3886136969e-13],
        "var": [9.39925612897e-08, 8.16747706267e-05, 1.81959967449e-05, 3.56297073267e-06, 6.28745056019e-06, 2.10014172808e-06, 7.04777175997e-06, 1.65567817021e-05, 3.06791844196e-05, 1.9087758119e-05, 9.05574779608e-06, 7.45026363802e-06, 1.53046562446e-06, 1.16048977361e-06, 7.68065035572e-07, 4.35731976722e-07, 6.03059618243e-07, 3.5796301745e-07, 1.9739368895e-07, 1.20286927086e-07, 1.74106116191e-08, 1.55118211609e-08, 2.62837591691e-08, 7.97094443783e-08, 3.67210930108e-07, 5.7394313302e-08, 4.82890172293e-09]
    },
    "erbbands": {
        "dmean": [0.104326330125, 0.944558560848, 2.2032892704, 2.55355072021, 2.52877926826, 4.43343448639, 5.16919183731, 4.64203739166, 6.51999187469, 18.9887008667, 40.6282806396, 50.7263221741, 61.8016471863, 43.2425537109, 39.210018158, 37.8664093018, 25.3239574432, 28.6197223663, 18.4376888275, 16.1796875, 11.3403100967, 17.0945339203, 15.6293678284, 11.1622610092, 10.6728973389, 6.92235803604, 3.71846461296, 2.38561868668, 2.30467867851, 1.88315677643, 1.69994664192, 1.29641258717, 0.952245652676, 0.882731497288, 0.333618581295, 0.138850182295, 0.0659740716219, 0.0125248879194, 0.00134815915953, 5.22466398252e-05],
        "dmean2": [0.161097556353, 1.51930248737, 3.84733128548, 4.37727975845, 4.18989419937, 7.55907487869, 8.64356231689, 7.64567422867, 10.4767599106, 30.5660476685, 65.5560150146, 84.0323638916, 102.271339417, 71.3239059448, 63.2990341187, 61.2722816467, 42.2831916809, 47.3595695496, 30.9219684601, 26.4974193573, 17.8120193481, 27.8149662018, 25.1853694916, 18.4842605591, 17.3368206024, 11.3903646469, 6.17633199692, 3.87621998787, 3.74613404274, 2.97741723061, 2.65630578995, 1.93803632259, 1.40907597542, 1.37081992626, 0.526434898376, 0.215832710266, 0.100487358868, 0.019711388275, 0.00215228041634, 8.18972839625e-05],
        "dvar": [0.0469861514866, 3.03960585594, 27.3889389038, 28.1269187927, 30.4795837402, 103.295623779, 142.220077515, 137.565917969, 222.243530273, 1955.32519531, 6255.01708984, 7139.51660156, 12318.7734375, 5652.8828125, 5208.79101562, 4438.93066406, 1592.76782227, 1730.04956055, 711.671936035, 871.140686035, 426.103851318, 719.877319336, 524.702148438, 231.692382812, 295.001861572, 117.694480896, 22.6999320984, 9.12490272522, 9.36277961731, 6.74285745621, 10.3736839294, 9.98364830017, 7.80497217178, 27.3756561279, 1.47806489468, 0.155775696039, 0.23747612536, 0.0013391461689, 4.94655178045e-05, 7.59549081408e-08],
        "dvar2": [0.105750128627, 7.2896156311, 75.3842086792, 73.9442749023, 75.2926864624, 270.930664062, 382.281463623, 357.50881958, 533.661865234, 4772.87695312, 15424.0859375, 18627.7285156, 32958.3125, 14472.9990234, 13253.0761719, 10817.3632812, 4222.11132812, 4645.2109375, 1902.57006836, 2214.86962891, 946.758972168, 1686.99157715, 1215.02404785, 588.324768066, 697.861206055, 288.340667725, 59.8971176147, 23.0007820129, 22.4310379028, 15.9989719391, 21.1263599396, 17.4104423523, 13.7921800613, 67.0791244507, 3.52055358887, 0.358630865812, 0.548613250256, 0.00328010483645, 0.000122151453979, 1.64161164662e-07],
        "max": [5.44285392761, 18.0739345551, 59.9452705383, 94.7026824951, 167.163269043, 186.693008423, 253.571304321, 313.753387451, 588.332885742, 887.400695801, 1422.90991211, 1642.17651367, 2664.47241211, 2556.47436523, 1518.3380127, 1517.33459473, 724.807434082, 838.046264648, 388.648010254, 571.368347168, 391.195800781, 583.387817383, 468.948852539, 331.450531006, 343.282165527, 322.837646484, 76.8185577393, 68.9683532715, 46.1198310852, 53.1070137024, 108.564682007, 185.076141357, 102.269561768, 340.945983887, 66.3086471558, 20.9071178436, 40.1804161072, 1.94147157669, 0.463359802961, 0.0226186700165],
        "mean": [0.188187211752, 1.66440367699, 2.76556682587, 2.72774958611, 3.09070801735, 5.79899454117, 7.28564405441, 7.05501174927, 11.9720153809, 30.4146671295, 68.061630249, 85.9157028198, 104.815795898, 80.8166503906, 73.2921981812, 75.5876998901, 50.8536300659, 53.6041564941, 37.9325752258, 31.2670574188, 23.9255313873, 36.0321769714, 34.4488983154, 24.6948699951, 23.3652706146, 15.3894329071, 8.53133869171, 5.68438100815, 5.52331256866, 4.34529256821, 3.52561593056, 2.61668992043, 1.87043261528, 1.70523571968, 0.613207399845, 0.238606125116, 0.10796970129, 0.018383892253, 0.00226013921201, 0.000117991825391],
        "median": [0.0899192541838, 1.25195801258, 0.876626551151, 0.916086494923, 1.43581593037, 2.78581404686, 3.64094686508, 4.04339313507, 5.01715230942, 11.1717796326, 23.6624336243, 43.4724006653, 44.9075508118, 41.0442733765, 37.5246810913, 36.9783630371, 32.0732116699, 36.0490150452, 25.7284202576, 18.8455848694, 13.5888223648, 22.5764255524, 23.2284870148, 18.7743644714, 16.2998256683, 11.2176160812, 6.82015562057, 4.54659080505, 4.24151468277, 3.26762723923, 2.19732880592, 1.39231479168, 0.878745913506, 0.518486857414, 0.23638600111, 0.0981862917542, 0.0277620684355, 0.00323770800605, 9.7631556855e-05, 4.87687284476e-05],
        "min": [3.35394472611e-12, 5.81762719595e-12, 8.19734991692e-12, 1.78891849251e-11, 3.00494559791e-11, 4.33869745686e-11, 5.66635731392e-11, 6.44130165872e-11, 1.13807773969e-11, 2.78932241887e-11, 8.94744833779e-11, 1.76928832696e-10, 2.71782124583e-10, 5.84953530058e-10, 3.36348560115e-10, 1.40975420226e-09, 3.89832610637e-09, 4.92108531702e-09, 3.30335647725e-09, 1.34278566044e-09, 1.16363785274e-09, 2.55726573251e-09, 3.69541375278e-09, 3.71363184648e-09, 7.1097572274e-09, 7.01427405048e-09, 7.32204830101e-09, 8.50661940888e-09, 7.67595764728e-09, 6.10230888043e-09, 5.39385469622e-09, 6.40978559119e-09, 6.53283338536e-09, 6.82062761825e-09, 3.44600969981e-09, 1.99807370649e-09, 1.46878509355e-09, 4.70611993819e-10, 1.10180232993e-10, 1.27501143324e-11],
        "var": [0.0779192745686, 4.49486064911, 25.2548160553, 26.5374202728, 34.0180892944, 107.296722412, 142.513381958, 144.333084106, 605.719116211, 3209.72485352, 12470.1582031, 12965.2802734, 23577.9511719, 15152.0654297, 12246.125, 13951.1542969, 3500.19482422, 3378.24658203, 1545.81103516, 1717.29345703, 1013.04968262, 1721.34521484, 1215.1081543, 496.777587891, 600.426086426, 236.606430054, 47.9834251404, 20.7812042236, 21.5627422333, 15.6970596313, 27.2609882355, 32.748210907, 24.4170188904, 96.3759841919, 5.43458795547, 0.542770445347, 0.506276249886, 0.00389037677087, 0.000248285447014, 4.57413705135e-07]
    },
    "gfcc": {
        "mean": [31.9538269043, 75.1216278076, -144.00378418, 19.20170784, -61.9557876587, 21.8560886383, -25.3990020752, 18.2054748535, -21.7008113861, 0.323854148388, -13.6662530899, -1.23269224167, -12.0964384079],
        "cov": [[2792.5769043, 32.9354438782, 1435.21533203, 300.28717041, 403.302642822, 104.174064636, -92.0772399902, 298.608764648, -81.2693939209, 325.193847656, -102.351493835, 272.29385376, -158.260925293], [32.9354438782, 1003.3503418, 192.805419922, 459.180328369, 181.53074646, 77.0194244385, 148.433273315, 4.52033281326, 124.05909729, -12.0443677902, 140.594085693, -22.705280304, 63.4969329834], [1435.21533203, 192.805419922, 2125.23071289, 596.714599609, 624.663269043, 199.726623535, -62.1254653931, 219.247467041, -77.9987335205, 351.675292969, -76.5224609375, 323.023590088, -174.708068848], [300.28717041, 459.180328369, 596.714599609, 565.672302246, 291.619628906, 126.874267578, -6.93608427048, 63.320224762, 52.3375663757, 76.989151001, 45.1649551392, 58.0333175659, 23.7973804474], [403.302642822, 181.53074646, 624.663269043, 291.619628906, 368.290893555, 109.92339325, 45.0063056946, 94.4367370605, 15.4284114838, 103.903839111, -9.59549331665, 93.9802856445, -28.9619674683], [104.174064636, 77.0194244385, 199.726623535, 126.874267578, 109.92339325, 183.550949097, 88.7197799683, 55.9420547485, 11.7611646652, 41.4223670959, 22.7853889465, 15.9818668365, 0.403108358383], [-92.0772399902, 148.433273315, -62.1254653931, -6.93608427048, 45.0063056946, 88.7197799683, 235.946472168, 28.0023384094, 63.3823280334, -15.8056259155, 56.4089431763, -24.1164932251, 2.85996961594], [298.608764648, 4.52033281326, 219.247467041, 63.320224762, 94.4367370605, 55.9420547485, 28.0023384094, 173.7421875, 46.4772148132, 85.734992981, 6.90489816666, 50.0694923401, -14.7498817444], [-81.2693939209, 124.05909729, -77.9987335205, 52.3375663757, 15.4284114838, 11.7611646652, 63.3823280334, 46.4772148132, 143.384033203, 1.17756187916, 54.1099319458, -27.7931728363, 31.291847229], [325.193847656, -12.0443677902, 351.675292969, 76.989151001, 103.903839111, 41.4223670959, -15.8056259155, 85.734992981, 1.17756187916, 149.949920654, 4.63821697235, 87.2757720947, -37.5919036865], [-102.351493835, 140.594085693, -76.5224609375, 45.1649551392, -9.59549331665, 22.7853889465, 56.4089431763, 6.90489816666, 54.1099319458, 4.63821697235, 113.567848206, 6.35451793671, 40.9741706848], [272.29385376, -22.705280304, 323.023590088, 58.0333175659, 93.9802856445, 15.9818668365, -24.1164932251, 50.0694923401, -27.7931728363, 87.2757720947, 6.35451793671, 127.802787781, -18.5294246674], [-158.260925293, 63.4969329834, -174.708068848, 23.7973804474, -28.9619674683, 0.403108358383, 2.85996961594, -14.7498817444, 31.291847229, -37.5919036865, 40.9741706848, -18.5294246674, 91.7240753174]],
        "icov": [[0.000650712812785, -0.000155086614541, -0.00029141723644, 0.000135362221044, 4.31663211202e-05, 7.62931958889e-05, 0.000132771892822, -0.000740208837669, 0.000268040370429, -0.000279679312371, 0.000345882464899, -0.000214722458622, 0.0001260885183], [-0.000155086614541, 0.00250711408444, 6.29497080809e-05, -0.00244586751796, 0.000108760628791, 0.00137717975304, -0.00177970470395, 0.000491399900056, -3.01943673549e-05, 0.000281536224065, -0.00166687008459, 0.00082373758778, -4.91916798637e-05], [-0.00029141723644, 6.29497080809e-05, 0.00209837732837, -0.00118720461614, -0.00127169722691, -0.000435699213995, 0.000189157464774, 0.000349352194462, 0.000168314916664, -0.00104681146331, 0.000719892210327, -0.00221618427895, 0.00215336377732], [0.000135362221044, -0.00244586751796, -0.00118720461614, 0.0071320598945, -0.00278659840114, -0.00297971512191, 0.00386165524833, 0.000190241320524, -0.00132423720788, 0.000543929054402, -0.000850677257404, 0.00123148830608, -0.00183805183042], [4.31663211202e-05, 0.000108760628791, -0.00127169722691, -0.00278659840114, 0.00817234255373, -0.000268692616373, -0.00259385979734, -0.000756028981414, -0.000506089185365, -0.000232154663536, 0.00286946631968, -0.0019667937886, -0.000760784256272], [7.62931958889e-05, 0.00137717975304, -0.000435699213995, -0.00297971512191, -0.000268692616373, 0.0107204644009, -0.00518933543935, -0.00185617571697, 0.00318261119537, -0.0019506533863, -0.00113200116903, 0.00294166314416, -0.00193244835827], [0.000132771892822, -0.00177970470395, 0.000189157464774, 0.00386165524833, -0.00259385979734, -0.00518933543935, 0.00960039999336, -0.000450253253803, -0.00263665057719, 0.00245480216108, -0.00287646008655, 1.95469183382e-05, 0.00284601515159], [-0.000740208837669, 0.000491399900056, 0.000349352194462, 0.000190241320524, -0.000756028981414, -0.00185617571697, -0.000450253253803, 0.0110125625506, -0.00448643555865, -0.00387844350189, 0.00123857171275, -0.00135319947731, -0.000332518247887], [0.000268040370429, -3.01943673549e-05, 0.000168314916664, -0.00132423720788, -0.000506089185365, 0.00318261119537, -0.00263665057719, -0.00448643555865, 0.0129913557321, -0.00187950162217, -0.00376258301549, 0.00480830017477, -0.00221567577682], [-0.000279679312371, 0.000281536224065, -0.00104681146331, 0.000543929054402, -0.000232154663536, -0.0019506533863, 0.00245480216108, -0.00387844350189, -0.00187950162217, 0.0173803605139, -0.00319586833939, -0.00603957474232, 0.00439446279779], [0.000345882464899, -0.00166687008459, 0.000719892210327, -0.000850677257404, 0.00286946631968, -0.00113200116903, -0.00287646008655, 0.00123857171275, -0.00376258301549, -0.00319586833939, 0.0176993496716, -0.00563528528437, -0.00452861050144], [-0.000214722458622, 0.00082373758778, -0.00221618427895, 0.00123148830608, -0.0019667937886, 0.00294166314416, 1.95469183382e-05, -0.00135319947731, 0.00480830017477, -0.00603957474232, -0.00563528528437, 0.0199679713696, -0.00389805459417], [0.0001260885183, -4.91916798637e-05, 0.00215336377732, -0.00183805183042, -0.000760784256272, -0.00193244835827, 0.00284601515159, -0.000332518247887, -0.00221567577682, 0.00439446279779, -0.00452861050144, -0.00389805459417, 0.0191507674754]]
    },
    "melbands": {
        "dmean": [0.00102016469464, 0.0011234364938, 0.000431376945926, 0.000233911385294, 0.00018550256209, 0.000107328152808, 0.000114343885798, 0.000225044190302, 0.000375128176529, 0.000332077848725, 0.000310880684992, 0.000178392816451, 0.000141710595926, 9.99089534162e-05, 9.60946781561e-05, 5.30614015588e-05, 5.91352909396e-05, 3.15450561175e-05, 3.08569178742e-05, 2.07598131965e-05, 1.35127929752e-05, 1.94277181436e-05, 1.87618643395e-05, 1.23696154333e-05, 9.67878440861e-06, 8.68953156896e-06, 7.46604655433e-06, 4.68576763524e-06, 2.75145885098e-06, 2.03503191187e-06, 1.40714291774e-06, 1.44528064538e-06, 1.32094669425e-06, 1.07812820715e-06, 1.08811093469e-06, 9.13340386433e-07, 8.32817818264e-07, 6.77816558436e-07, 7.22081267668e-07, 8.4777786924e-07],
        "dmean2": [0.001595916925, 0.00184864492621, 0.00073125155177, 0.000391850655433, 0.000310086965328, 0.000176473360625, 0.000182766234502, 0.000363361847121, 0.00060635182308, 0.000551178061869, 0.000514327315614, 0.000295218604151, 0.000229203316849, 0.000160976793268, 0.000158670038218, 8.86422858457e-05, 9.83766512945e-05, 5.29595090484e-05, 5.18444794579e-05, 3.3825133869e-05, 2.14030405914e-05, 3.15102188324e-05, 3.05072571791e-05, 2.0320787371e-05, 1.61936768563e-05, 1.4276724869e-05, 1.22437486425e-05, 7.80391565058e-06, 4.60267619928e-06, 3.41503982781e-06, 2.31670037465e-06, 2.37571725847e-06, 2.13841758523e-06, 1.72660418229e-06, 1.74295757915e-06, 1.42064322972e-06, 1.24522762235e-06, 1.01941316188e-06, 1.08492440631e-06, 1.35786592637e-06],
        "dvar": [3.76630305254e-06, 5.44260774404e-06, 7.51816912725e-07, 2.91028612764e-07, 1.62460608522e-07, 6.65034178837e-08, 7.2530035311e-08, 2.633009899e-07, 5.10993174885e-07, 3.1007343182e-07, 3.10292875838e-07, 1.01050943613e-07, 6.22138145445e-08, 2.61477648422e-08, 3.81984328612e-08, 8.25076895694e-09, 7.58699059134e-09, 2.08633088583e-09, 3.44474848646e-09, 1.75022929483e-09, 5.68252112032e-10, 1.02279773539e-09, 7.81257947224e-10, 3.29342941807e-10, 1.72873493298e-10, 1.91041932274e-10, 1.68260627653e-10, 5.15737903772e-11, 1.26395248434e-11, 7.75992724938e-12, 3.2565794679e-12, 3.85065330316e-12, 2.81568735341e-12, 2.54012349349e-12, 4.11519689852e-12, 3.84936787307e-12, 4.86995339888e-12, 3.33627288122e-12, 7.36270159424e-12, 4.2534992889e-11],
        "dvar2": [8.71361953614e-06, 1.41068294397e-05, 1.94972039935e-06, 7.40042708003e-07, 4.31710134308e-07, 1.72589409431e-07, 1.76408178731e-07, 6.45202590022e-07, 1.26959378122e-06, 8.12582584331e-07, 8.27022631711e-07, 2.60251795225e-07, 1.58679497986e-07, 6.24476612643e-08, 1.0086642277e-07, 2.16844515677e-08, 2.03441334889e-08, 5.62104718327e-09, 9.12830255828e-09, 4.32748503698e-09, 1.25229537851e-09, 2.45673459354e-09, 1.89995286171e-09, 7.82027609336e-10, 4.48295789379e-10, 4.61292393172e-10, 3.92774784919e-10, 1.30878086146e-10, 3.29479776795e-11, 2.09676529611e-11, 8.23915588533e-12, 9.62751926792e-12, 6.93193289228e-12, 6.22907498152e-12, 9.0427726071e-12, 7.88609195307e-12, 8.70185087182e-12, 6.06833593791e-12, 1.52261380587e-11, 1.07167774654e-10],
        "max": [0.0392186976969, 0.0275805983692, 0.0176365971565, 0.0132069177926, 0.00752553390339, 0.00631131976843, 0.00754005927593, 0.00948937982321, 0.0115448636934, 0.0107254302129, 0.0131089994684, 0.0100959353149, 0.00548098050058, 0.00309462263249, 0.00516294827685, 0.00190130632836, 0.00167682790197, 0.000694173737429, 0.00162765849382, 0.000807142292615, 0.00044494762551, 0.00068483222276, 0.000511298130732, 0.000475043634651, 0.000278432824416, 0.000379271659767, 0.000459740433143, 0.00019404941122, 5.60677108297e-05, 5.69917719986e-05, 3.0375269489e-05, 3.36317752954e-05, 2.54164715443e-05, 3.22892556142e-05, 6.49512076052e-05, 9.54893912422e-05, 0.00012663823145, 6.18404374109e-05, 0.000113059068099, 0.000451819738373],
        "mean": [0.00188086135313, 0.00177295168396, 0.000483061332488, 0.00030888596666, 0.000267366354819, 0.000165292585734, 0.000206167402212, 0.000348625704646, 0.000618888880126, 0.000549447780941, 0.000513665610924, 0.00031498997123, 0.000252557016211, 0.000190073595149, 0.000176264424226, 9.36460055527e-05, 0.000101575707959, 5.88529946981e-05, 5.2594965382e-05, 3.52496499545e-05, 2.60353317572e-05, 3.71649184672e-05, 3.73336770281e-05, 2.52020327025e-05, 1.91952985915e-05, 1.75671611942e-05, 1.4608204765e-05, 9.29806446948e-06, 5.63954245081e-06, 4.05066793974e-06, 3.02747912428e-06, 3.16363639286e-06, 2.86502381641e-06, 2.21648201659e-06, 2.0906404643e-06, 1.72717204805e-06, 1.56419730502e-06, 1.26910106246e-06, 1.27702264763e-06, 1.59690421242e-06],
        "median": [0.00142651214264, 0.000942601065617, 0.000179080292583, 0.000162382901181, 0.000137474911753, 9.599821351e-05, 7.6877855463e-05, 0.000122793731862, 0.000198465335416, 0.000272440258414, 0.000208753161132, 0.000148837163579, 0.000123219550005, 9.99830226647e-05, 7.91083220975e-05, 5.59533364139e-05, 6.45738036837e-05, 3.80519559258e-05, 3.16202385875e-05, 1.70899056684e-05, 1.46194715853e-05, 2.19877947529e-05, 2.43649792537e-05, 1.69518771145e-05, 1.40387928695e-05, 1.2281945601e-05, 9.34563468036e-06, 6.46476246402e-06, 4.28328621638e-06, 3.09904044116e-06, 2.29931151807e-06, 2.35531797443e-06, 2.11061205846e-06, 1.58379748427e-06, 1.27542421069e-06, 9.74586214397e-07, 7.61406056426e-07, 5.94060907133e-07, 5.27826728103e-07, 3.90478987811e-07],
        "min": [2.9185428217e-14, 5.21325146816e-15, 3.57023794345e-15, 2.51920812227e-15, 2.11419275404e-15, 1.38921757212e-15, 1.520985432e-16, 3.94972945612e-16, 7.79351732516e-16, 1.21943204131e-15, 1.31810809741e-15, 2.30811078292e-15, 1.13671906225e-15, 1.66815430962e-15, 6.53708815527e-15, 1.04399097738e-14, 8.78673015966e-15, 5.92145317426e-15, 2.60160706387e-15, 1.78356318396e-15, 1.21548867942e-15, 2.0686795562e-15, 4.58306361408e-15, 2.63339430455e-15, 2.87538251198e-15, 4.40981911835e-15, 5.05439128593e-15, 4.71483060046e-15, 3.7754287103e-15, 6.3920811969e-15, 4.40206241413e-15, 4.78460366894e-15, 3.99036374419e-15, 2.66974620579e-15, 2.88635476502e-15, 2.76659235309e-15, 4.79264624677e-15, 4.27555550236e-15, 5.92081747603e-15, 5.27260687842e-15],
        "var": [6.03884427619e-06, 6.461375051e-06, 7.50027766117e-07, 3.14642392141e-07, 1.7273005426e-07, 7.29600557747e-08, 1.86001514635e-07, 4.13987464754e-07, 1.07981770725e-06, 5.49914318526e-07, 5.97674215896e-07, 2.53369847769e-07, 1.46516740074e-07, 7.61172813668e-08, 9.24990359863e-08, 1.50248880004e-08, 1.37338194151e-08, 4.16562473404e-09, 5.59850121817e-09, 3.0735052281e-09, 1.34174438227e-09, 2.18735229929e-09, 1.64138658221e-09, 7.55862650248e-10, 3.38282818424e-10, 3.55083240589e-10, 3.11904863048e-10, 9.53834927708e-11, 2.55105884334e-11, 1.34232911245e-11, 7.01095691918e-12, 7.84858115999e-12, 6.53923009492e-12, 4.95752831148e-12, 9.22830908912e-12, 1.04182253102e-11, 1.47374109444e-11, 1.00436273881e-11, 1.84002153791e-11, 1.52239415518e-10]
    },
    "mfcc": {
        "mean": [-601.591186523, 107.166984558, -22.8159408569, 4.35855007172, -8.97901344299, 1.63264858723, 6.37128782272, 12.8933105469, 1.64795708656, 6.80889749527, 4.4043674469, -0.196070283651, -3.18039870262],
        "cov": [[1781.46716309, 143.272277832, 488.847381592, 244.206939697, 277.321655273, -1.240691185, 72.6903381348, 22.6622982025, 75.3424758911, 61.9042701721, 48.8974647522, 58.7718925476, 122.52041626], [143.272277832, 569.757873535, 298.038970947, 319.715759277, 158.62588501, 131.292694092, 104.675483704, 80.2290267944, 34.1055908203, 45.9548606873, 50.1307067871, 71.7141036987, 87.0348815918], [488.847381592, 298.038970947, 1169.67504883, 538.225341797, 547.537597656, 224.998626709, 167.516281128, 43.9453239441, 74.4927597046, 12.0159673691, 80.0488815308, 127.035377502, 169.993240356], [244.206939697, 319.715759277, 538.225341797, 519.967529297, 389.637786865, 162.118026733, 88.6970291138, 51.0556678772, 57.274307251, 39.8808250427, 22.5224494934, 84.3289718628, 108.707771301], [277.321655273, 158.62588501, 547.537597656, 389.637786865, 476.962493896, 131.836929321, 79.7829666138, 32.689655304, 70.4474334717, 33.7506866455, 24.6653823853, 61.1874275208, 96.9533157349], [-1.240691185, 131.292694092, 224.998626709, 162.118026733, 131.836929321, 204.57598877, 109.806121826, 49.6660690308, 30.1373558044, 20.3559951782, 28.5664787292, 28.5174560547, 14.220199585], [72.6903381348, 104.675483704, 167.516281128, 88.6970291138, 79.7829666138, 109.806121826, 168.259796143, 70.7185058594, 34.8271827698, 27.4388771057, 43.1929779053, 28.7484512329, 32.0774230957], [22.6622982025, 80.2290267944, 43.9453239441, 51.0556678772, 32.689655304, 49.6660690308, 70.7185058594, 112.413894653, 48.9673614502, 45.6068649292, 33.5414009094, 30.5157566071, 17.664899826], [75.3424758911, 34.1055908203, 74.4927597046, 57.274307251, 70.4474334717, 30.1373558044, 34.8271827698, 48.9673614502, 96.6061935425, 53.323299408, 30.7641983032, 23.605764389, 16.9914035797], [61.9042701721, 45.9548606873, 12.0159673691, 39.8808250427, 33.7506866455, 20.3559951782, 27.4388771057, 45.6068649292, 53.323299408, 93.603515625, 40.1135406494, 28.1052875519, 13.2775030136], [48.8974647522, 50.1307067871, 80.0488815308, 22.5224494934, 24.6653823853, 28.5664787292, 43.1929779053, 33.5414009094, 30.7641983032, 40.1135406494, 85.5559616089, 44.7707939148, 31.9543533325], [58.7718925476, 71.7141036987, 127.035377502, 84.3289718628, 61.1874275208, 28.5174560547, 28.7484512329, 30.5157566071, 23.605764389, 28.1052875519, 44.7707939148, 90.9450836182, 60.7671012878], [122.52041626, 87.0348815918, 169.993240356, 108.707771301, 96.9533157349, 14.220199585, 32.0774230957, 17.664899826, 16.9914035797, 13.2775030136, 31.9543533325, 60.7671012878, 105.206138611]],
