{
"lowlevel": {
    "average_loudness": 0.635577976704,
    "barkbands_crest": {
        "dmean": 2.58005452156,
        "dmean2": 4.18502187729,
        "dvar": 5.94921731949,
        "dvar2": 14.4369840622,
        "max": 25.4680747986,
        "mean": 10.3796949387,
        "median": 9.39485931396,
        "min": 2.04504942894,
        "var": 21.159330368
    },
    "barkbands_flatness_db": {
        "dmean": 0.0215782336891,
        "dmean2": 0.0328043885529,
        "dvar": 0.000409727974329,
        "dvar2": 0.000929907895625,
        "max": 0.564996778965,
        "mean": 0.157194271684,
        "median": 0.144974261522,
        "min": 0.0271950718015,
        "var": 0.00454623671249
    },
    "barkbands_kurtosis": {
        "dmean": 2.36403226852,
        "dmean2": 3.72103404999,
        "dvar": 23.6113300323,
        "dvar2": 58.4029388428,
        "max": 144.504455566,
        "mean": 3.94278717041,
        "median": 1.49997925758,
        "min": -1.9137994051,
        "var": 77.0847930908
    },
    "barkbands_skewness": {
        "dmean": 0.469950705767,
        "dmean2": 0.724235415459,
        "dvar": 0.276715546846,
        "dvar2": 0.595562160015,
        "max": 10.2346715927,
        "mean": 1.42852115631,
        "median": 1.23473715782,
        "min": -3.79091358185,
        "var": 1.52606153488
    },
    "barkbands_spread": {
        "dmean": 4.97358369827,
        "dmean2": 7.65891933441,
        "dvar": 41.8166160583,
        "dvar2": 89.7130889893,
        "max": 129.929962158,
        "mean": 21.8452377319,
        "median": 19.0412635803,
        "min": 0.828291773796,
        "var": 209.262008667
    },
    "dissonance": {
        "dmean": 0.0179228056222,
        "dmean2": 0.0300748664886,
        "dvar": 0.000320551480399,
        "dvar2": 0.000855785561725,
        "max": 0.500000119209,
        "mean": 0.468676507473,
        "median": 0.477328747511,
        "min": 0.234533563256,
        "var": 0.000862131360918
    },
    "dynamic_complexity": 2.92180490494,
    "erbbands_crest": {
        "dmean": 2.60766291618,
        "dmean2": 4.24963092804,
        "dvar": 5.83192539215,
        "dvar2": 14.4085674286,
        "max": 30.4373397827,
        "mean": 9.18002700806,
        "median": 8.07283878326,
        "min": 2.45700716972,
        "var": 18.4869689941
    },
    "erbbands_flatness_db": {
        "dmean": 0.0172864925116,
        "dmean2": 0.0250929947942,
        "dvar": 0.000241603280301,
        "dvar2": 0.000475367240142,
        "max": 0.488795250654,
        "mean": 0.190573588014,
        "median": 0.178046613932,
        "min": 0.0283407811075,
        "var": 0.0048935781233
    },
    "erbbands_kurtosis": {
        "dmean": 0.974199712276,
        "dmean2": 1.55056214333,
        "dvar": 2.13852214813,
        "dvar2": 4.84764099121,
        "max": 39.9799957275,
        "mean": 0.766729950905,
        "median": -0.0190259218216,
        "min": -1.81253290176,
        "var": 6.58484745026
    },
    "erbbands_skewness": {
        "dmean": 0.357371926308,
        "dmean2": 0.546494424343,
        "dvar": 0.12588943541,
        "dvar2": 0.257676005363,
        "max": 5.63750267029,
        "mean": 0.554892241955,
        "median": 0.543434202671,
        "min": -4.34070825577,
        "var": 0.750019431114
    },
    "erbbands_spread": {
        "dmean": 6.73690795898,
        "dmean2": 10.4340524673,
        "dvar": 61.279586792,
        "dvar2": 133.123931885,
        "max": 132.301116943,
        "mean": 35.2779884338,
        "median": 32.2996253967,
        "min": 4.02487564087,
        "var": 336.930969238
    },
    "hfc": {
        "dmean": 5.98572206497,
        "dmean2": 8.88937950134,
        "dvar": 75.0233840942,
        "dvar2": 149.273361206,
        "max": 211.243774414,
        "mean": 24.1618804932,
        "median": 19.4392242432,
        "min": 1.90846819237e-07,
        "var": 409.153594971
    },
    "melbands_crest": {
        "dmean": 3.28683805466,
        "dmean2": 5.27543449402,
        "dvar": 9.47886562347,
        "dvar2": 22.2886562347,
        "max": 35.914680481,
        "mean": 14.5251054764,
        "median": 13.1478252411,
        "min": 3.24138951302,
        "var": 42.2179527283
    },
    "melbands_flatness_db": {
        "dmean": 0.0235934443772,
        "dmean2": 0.0357222594321,
        "dvar": 0.0005842805258,
        "dvar2": 0.00125024851877,
        "max": 0.724743247032,
        "mean": 0.188720718026,
        "median": 0.18084564805,
        "min": 0.0243436917663,
        "var": 0.00519762793556
    },
    "melbands_kurtosis": {
        "dmean": 5.62282657623,
        "dmean2": 8.81454849243,
        "dvar": 142.408065796,
        "dvar2": 339.70324707,
        "max": 405.187316895,
        "mean": 11.9003305435,
        "median": 5.69174385071,
        "min": -1.85973334312,
        "var": 440.177978516
    },
    "melbands_skewness": {
        "dmean": 0.626035094261,
        "dmean2": 0.970754802227,
        "dvar": 0.540277242661,
        "dvar2": 1.17725419998,
        "max": 15.3017749786,
        "mean": 2.34390354156,
        "median": 1.97864890099,
        "min": -3.07464456558,
        "var": 2.87401795387
    },
    "melbands_spread": {
        "dmean": 7.03528642654,
        "dmean2": 10.8712043762,
        "dvar": 123.817955017,
        "dvar2": 252.126022339,
        "max": 197.153823853,
        "mean": 25.4780273438,
        "median": 20.2388248444,
        "min": 0.726926624775,
        "var": 418.266235352
    },
    "pitch_salience": {
        "dmean": 0.0672596916556,
        "dmean2": 0.109118081629,
        "dvar": 0.00402025692165,
        "dvar2": 0.00973284430802,
        "max": 0.887204289436,
        "mean": 0.569059729576,
        "median": 0.582474887371,
        "min": 0.0681565627456,
        "var": 0.0186923611909
    },
    "silence_rate_20dB": {
        "dmean": 0,
        "dmean2": 0,
        "dvar": 0,
        "dvar2": 0,
        "max": 1,
        "mean": 1,
        "median": 1,
        "min": 1,
        "var": 0
    },
    "silence_rate_30dB": {
        "dmean": 0.000466254801722,
        "dmean2": 0.000932618335355,
        "dvar": 0.000466053897981,
        "dvar2": 0.00139812333509,
        "max": 1,
        "mean": 0.999766886234,
        "median": 1,
        "min": 0,
        "var": 0.000233045575442
    },
    "silence_rate_60dB": {
        "dmean": 0.0156195359305,
        "dmean2": 0.0312427133322,
        "dvar": 0.0153757082298,
        "dvar2": 0.0351632460952,
        "max": 1,
        "mean": 0.0564102567732,
        "median": 0,
        "min": 0,
        "var": 0.053224042058
    },
    "spectral_centroid": {
        "dmean": 252.41607666,
        "dmean2": 384.698974609,
        "dvar": 94205.3046875,
        "dvar2": 175995.78125,
        "max": 4926.81494141,
        "mean": 1591.81518555,
        "median": 1542.44189453,
        "min": 165.746398926,
        "var": 516055.96875
    },
    "spectral_complexity": {
        "dmean": 3.11248397827,
        "dmean2": 4.93110275269,
        "dvar": 9.36593437195,
        "dvar2": 20.7772274017,
        "max": 52,
        "mean": 20.1772727966,
        "median": 19,
        "min": 0,
        "var": 98.4908752441
    },
    "spectral_decrease": {
        "dmean": 1.63931845876e-09,
        "dmean2": 2.59090793264e-09,
        "dvar": 4.11490632369e-18,
        "dvar2": 1.07110558728e-17,
        "max": -4.1662265114e-17,
        "mean": -6.11482775525e-09,
        "median": -5.56341461788e-09,
        "min": -3.92289081219e-08,
        "var": 1.68423998145e-17
    },
    "spectral_energy": {
        "dmean": 0.0065443101339,
        "dmean2": 0.0103255575523,
        "dvar": 6.28115667496e-05,
        "dvar2": 0.000162689364515,
        "max": 0.152260065079,
        "mean": 0.0252702794969,
        "median": 0.0233799144626,
        "min": 2.15043385876e-10,
        "var": 0.000273855956038
    },
    "spectral_energyband_high": {
        "dmean": 0.000446881604148,
        "dmean2": 0.000636786571704,
        "dvar": 1.20738866372e-06,
        "dvar2": 2.19106550503e-06,
        "max": 0.0364163666964,
        "mean": 0.00119876267854,
        "median": 0.000607386697084,
        "min": 1.33740804889e-11,
        "var": 3.84369513995e-06
    },
    "spectral_energyband_low": {
        "dmean": 0.00289332051761,
        "dmean2": 0.00456802919507,
        "dvar": 4.30865911767e-05,
        "dvar2": 0.000113931389933,
        "max": 0.123624101281,
        "mean": 0.00708025041968,
        "median": 0.00129582523368,
        "min": 2.9543513469e-11,
        "var": 0.000126190891024
    },
    "spectral_energyband_middle_high": {
        "dmean": 0.0020681230817,
        "dmean2": 0.0033040875569,
        "dvar": 1.06343704829e-05,
        "dvar2": 2.86901595246e-05,
        "max": 0.0854994505644,
        "mean": 0.00712033268064,
        "median": 0.00426089204848,
        "min": 7.52695995809e-12,
        "var": 6.99029114912e-05
    },
    "spectral_energyband_middle_low": {
        "dmean": 0.00402166787535,
        "dmean2": 0.00644842162728,
        "dvar": 2.82009841612e-05,
        "dvar2": 7.05261554685e-05,
        "max": 0.0688499584794,
        "mean": 0.0103568052873,
        "median": 0.00782617926598,
        "min": 1.88755816533e-11,
        "var": 8.43079178594e-05
    },
    "spectral_entropy": {
        "dmean": 0.12682248652,
        "dmean2": 0.191125780344,
        "dvar": 0.0170038938522,
        "dvar2": 0.0342924781144,
        "max": 8.7466173172,
        "mean": 7.65324354172,
        "median": 7.71111392975,
        "min": 4.6141076088,
        "var": 0.162898778915
    },
    "spectral_flux": {
        "dmean": 0.0195392202586,
        "dmean2": 0.0304874554276,
        "dvar": 0.000435478461441,
        "dvar2": 0.000974342634436,
        "max": 0.265203744173,
        "mean": 0.0831177681684,
        "median": 0.08031565696,
        "min": 3.82179314329e-05,
        "var": 0.00162590527907
    },
    "spectral_kurtosis": {
        "dmean": 1.5487716198,
        "dmean2": 2.6343152523,
        "dvar": 33.8508605957,
        "dvar2": 77.9929885864,
        "max": 465.867919922,
        "mean": 3.52499508858,
        "median": 2.79053020477,
        "min": -0.810734510422,
        "var": 40.8230667114
    },
    "spectral_rms": {
        "dmean": 0.000621599785518,
        "dmean2": 0.000968485604972,
        "dvar": 4.22749877771e-07,
        "dvar2": 1.02559954485e-06,
        "max": 0.012187961489,
        "mean": 0.00465783849359,
        "median": 0.00477594695985,
        "min": 4.58037561657e-07,
        "var": 2.95850986731e-06
    },
    "spectral_rolloff": {
        "dmean": 480.573699951,
        "dmean2": 781.258056641,
        "dvar": 674184.4375,
        "dvar2": 1373355.125,
        "max": 15267.0410156,
        "mean": 1746.01928711,
        "median": 1378.125,
        "min": 64.599609375,
        "var": 2334824.25
    },
    "spectral_skewness": {
        "dmean": 0.20070014894,
        "dmean2": 0.327752292156,
        "dvar": 0.0627198591828,
        "dvar2": 0.140212908387,
        "max": 16.9391021729,
        "mean": 1.31635165215,
        "median": 1.27636790276,
        "min": -0.0826377347112,
        "var": 0.235541090369
    },
    "spectral_spread": {
        "dmean": 398866.0625,
        "dmean2": 585388.375,
        "dvar": 189453975552,
        "dvar2": 344966299648,
        "max": 13480657,
        "mean": 4291978.5,
        "median": 4203113.5,
        "min": 341009.78125,
        "var": 1.82906454016e+12
    },
    "spectral_strongpeak": {
        "dmean": 0.571233212948,
        "dmean2": 0.96925419569,
        "dvar": 0.83455234766,
        "dvar2": 2.23855948448,
        "max": 15.5000772476,
        "mean": 1.06440961361,
        "median": 0.611835896969,
        "min": 0,
        "var": 1.36997675896
    },
    "zerocrossingrate": {
        "dmean": 0.0096590789035,
        "dmean2": 0.0112493671477,
        "dvar": 0.000169402512256,
        "dvar2": 0.000180741903023,
        "max": 0.42724609375,
        "mean": 0.0676556900144,
        "median": 0.06201171875,
        "min": 0.001953125,
        "var": 0.00148133456241
    },
    "barkbands": {
        "dmean": [0.000271141238045, 0.00233858940192, 0.00070595566649, 0.000363745872164, 0.000957509037107, 0.00111502595246, 0.000553571037017, 0.000985780614428, 0.00160972413141, 0.00106894620694, 0.000540668086614, 0.000509419827722, 0.000430975633208, 0.000433453620644, 0.000268483912805, 0.00020272321126, 0.000202512805117, 0.000195043190615, 0.000270510616247, 0.000138825882459, 0.000152942651766, 0.000180776769412, 8.81294618011e-05, 3.08284797939e-05, 4.12672270613e-05, 2.25669500651e-05, 3.39092775903e-06],
        "dmean2": [0.000364451523637, 0.00361705129035, 0.00124357547611, 0.000636916782241, 0.00153790623881, 0.00178964831866, 0.000860062544234, 0.00151703343727, 0.00265797856264, 0.00179284124169, 0.000921002705581, 0.000834901584312, 0.00071703013964, 0.000712914159521, 0.000444765231805, 0.000316975376336, 0.000325592700392, 0.000313747412292, 0.000425110483775, 0.000216189189814, 0.00023169668566, 0.000276686740108, 0.00013358083379, 4.63202595711e-05, 5.92431460973e-05, 3.28086207446e-05, 5.30165880264e-06],
        "dvar": [3.7278081777e-07, 3.16137702612e-05, 6.7846726779e-06, 1.06770244201e-06, 3.66075664715e-06, 6.61750573272e-06, 1.99947567125e-06, 6.65063589622e-06, 1.0498483789e-05, 5.9305511968e-06, 2.04426851269e-06, 1.27215207613e-06, 8.57002078192e-07, 8.6812480049e-07, 3.61792103831e-07, 2.94970192272e-07, 1.56618511937e-07, 1.51575903828e-07, 3.03002877899e-07, 1.06988878201e-07, 2.21961897751e-07, 1.51507975943e-07, 4.92260667784e-08, 6.47326059422e-09, 1.5410792642e-08, 7.22298976186e-09, 2.93961410769e-10],
        "dvar2": [6.95917890425e-07, 7.79257752583e-05, 1.94408439711e-05, 3.0935234463e-06, 8.55631787999e-06, 1.63752374647e-05, 4.46252761321e-06, 1.42767876241e-05, 2.83492827293e-05, 1.62724300026e-05, 5.78213303015e-06, 3.3730073028e-06, 2.24849009101e-06, 2.25003691412e-06, 9.30179112402e-07, 6.80199036651e-07, 3.79989984367e-07, 3.71580512137e-07, 7.27175233806e-07, 2.32143690937e-07, 4.48899356797e-07, 3.36768607667e-07, 1.1143433909e-07, 1.4292961481e-08, 2.81576859607e-08, 1.55921000555e-08, 7.2736777712e-10],
        "max": [0.0141706969589, 0.10726480186, 0.0414412096143, 0.0309377349913, 0.038215957582, 0.0464217327535, 0.0562415905297, 0.0589667633176, 0.0526279211044, 0.0657507777214, 0.0442520566285, 0.021495481953, 0.0152889704332, 0.0275236014277, 0.0146096674725, 0.0134863583371, 0.00829524546862, 0.00899466313422, 0.0113544370979, 0.00842598732561, 0.0221365783364, 0.00952003896236, 0.00688628247008, 0.00328651745804, 0.0046871858649, 0.00348232546821, 0.000831888406537],
        "mean": [0.000601538806222, 0.00549321714789, 0.000807265634649, 0.000507770047989, 0.00193451077212, 0.00175654981285, 0.000961509125773, 0.00175871234387, 0.0028138270136, 0.00187499378808, 0.000936655444093, 0.000876412726939, 0.00072346907109, 0.000766805489548, 0.000436487898696, 0.00035990338074, 0.000379289849661, 0.000386558618629, 0.000537055078894, 0.000277206505416, 0.000315974379191, 0.000417522271164, 0.000184025557246, 5.628668805e-05, 6.9294248533e-05, 3.37813326041e-05, 3.69567555936e-06],
        "median": [1.86123943422e-05, 0.000569501658902, 0.000144732010085, 0.000148382692714, 0.000815475301351, 0.000569523137528, 0.000282133201836, 0.000449797778856, 0.000946396088693, 0.000454930268461, 0.000295391131658, 0.000293639546726, 0.000241217989242, 0.000289963500109, 0.000173917534994, 0.00011073971109, 0.000149979372509, 0.000170415645698, 0.000210324971704, 0.000115375471069, 0.000143501936691, 0.000189011596376, 7.61341507314e-05, 2.29509823839e-05, 1.64154316735e-05, 4.2991432565e-06, 1.5682652954e-09],
        "min": [2.83953589808e-12, 2.29061058316e-11, 3.26035032305e-12, 2.03179400388e-12, 6.9055637944e-12, 2.38334699199e-12, 1.5092898719e-12, 1.33687527194e-12, 1.01243828859e-12, 1.242459911e-12, 5.3592113386e-13, 4.15372489009e-13, 4.44124446421e-13, 3.1962076757e-13, 5.79393304168e-13, 2.07144726177e-13, 4.34249858294e-13, 1.51765069695e-12, 7.91329621188e-13, 1.36689477011e-12, 9.89014859593e-13, 7.55166003515e-13, 1.10580305763e-12, 1.59485348105e-12, 1.72328145677e-12, 2.8316613377e-12, 4.00608496029e-12],
        "var": [1.56151838837e-06, 8.97804493434e-05, 4.93321294925e-06, 1.22762310184e-06, 9.39187066251e-06, 1.11964900498e-05, 4.58939848613e-06, 2.09368299693e-05, 2.43305257754e-05, 1.48657527461e-05, 5.10542531629e-06, 2.71322346634e-06, 1.68694339209e-06, 1.75033801497e-06, 5.41258486919e-07, 7.80556490554e-07, 3.78257198008e-07, 3.66275742181e-07, 7.79559741204e-07, 2.71609906122e-07, 4.97977907798e-07, 4.13409253497e-07, 1.14385031225e-07, 1.36646010063e-08, 3.95000476772e-08, 1.53120129909e-08, 6.23777252073e-10]
    },
    "erbbands": {
        "dmean": [0.0963480323553, 0.48465064168, 0.844369888306, 0.935457885265, 1.80739068985, 3.68908548355, 7.76526355743, 9.01354694366, 6.54011631012, 12.7157115936, 25.4550437927, 33.643699646, 36.6201782227, 26.7811317444, 18.7189540863, 18.1885108948, 17.7184638977, 21.002161026, 15.2781114578, 12.2729854584, 9.68245601654, 11.2150392532, 10.5280761719, 10.3606157303, 12.6336708069, 5.80619096756, 5.80389070511, 6.41865062714, 7.04799604416, 4.2252035141, 2.28666615486, 0.829029262066, 0.49867734313, 0.430313587189, 0.323993623257, 0.128994390368, 0.0410240739584, 0.00566642358899, 0.000629086047411, 2.80903623207e-05],
        "dmean2": [0.138302981853, 0.748295307159, 1.43743920326, 1.63479363918, 3.08530545235, 5.87106275558, 12.4018974304, 14.4675579071, 10.4479656219, 19.0878562927, 39.0814361572, 55.1043243408, 61.9066200256, 44.8512535095, 31.4117107391, 29.6014080048, 29.2501049042, 34.5076408386, 25.4850673676, 19.8011569977, 14.8092479706, 17.816696167, 16.7448787689, 16.3653907776, 19.6236133575, 8.85978984833, 8.8635187149, 9.78381729126, 10.8546075821, 6.41958522797, 3.47970700264, 1.25946164131, 0.743942916393, 0.630134224892, 0.469387859106, 0.190994992852, 0.061522655189, 0.00856914371252, 0.000962776248343, 4.47090533271e-05],
        "dvar": [0.047790389508, 1.64336144924, 8.68696403503, 8.07688426971, 18.0233726501, 69.1607818604, 308.388977051, 542.481140137, 278.610473633, 1104.3972168, 3903.85986328, 4723.79980469, 6779.69091797, 4448.87402344, 2118.80981445, 1646.19677734, 1442.92016602, 2316.84204102, 1041.65710449, 892.101745605, 598.991943359, 464.405700684, 430.38369751, 449.459289551, 849.889587402, 167.036346436, 383.922058105, 342.366333008, 216.328460693, 99.9956054688, 36.1167259216, 4.99830102921, 1.60037577152, 1.65554630756, 1.09989309311, 0.189431592822, 0.0550334118307, 0.000459193368442, 1.07402584035e-05, 4.37365414996e-08],
        "dvar2": [0.106196187437, 4.05209684372, 24.168132782, 23.0361289978, 51.8085098267, 157.697097778, 741.777526855, 1370.8326416, 682.38684082, 2282.62670898, 8486.42871094, 12558.9111328, 19214.5800781, 12608.9501953, 6092.8125, 4226.26806641, 3744.19140625, 6098.08789062, 2819.42260742, 2046.875, 1311.41040039, 1114.67993164, 1050.64892578, 1076.55944824, 1953.21777344, 355.374938965, 813.45916748, 742.498168945, 490.147247314, 220.042755127, 83.3737487793, 11.2564439774, 3.36055612564, 3.21098160744, 2.10505723953, 0.376997858286, 0.144113540649, 0.00112217187416, 2.51956771535e-05, 1.23319068734e-07],
        "max": [3.08920240402, 28.0760784149, 43.4281730652, 76.9563751221, 83.3113937378, 179.337310791, 345.606689453, 495.495025635, 445.209594727, 905.077514648, 1290.05212402, 1243.57336426, 2037.36816406, 1728.10217285, 1050.44360352, 820.667602539, 835.239013672, 1608.85681152, 1088.42700195, 978.311584473, 757.275695801, 491.203643799, 541.958496094, 500.409973145, 814.274230957, 370.373443604, 958.847961426, 626.373535156, 348.729156494, 255.387390137, 192.430343628, 92.595451355, 38.0689048767, 46.1793899536, 41.115032196, 15.9355945587, 11.9616708755, 1.01061940193, 0.175158590078, 0.0152356494218],
        "mean": [0.230127185583, 0.926620364189, 1.12089943886, 1.29618954659, 3.29132270813, 6.94417285919, 13.1770524979, 13.8002548218, 11.3310203552, 23.8033332825, 47.3586044312, 58.8884887695, 65.5879516602, 50.6129951477, 35.445526123, 33.6770820618, 33.0752639771, 39.7626495361, 28.76820755, 21.3075637817, 19.9893760681, 22.8753013611, 22.4021244049, 23.2027797699, 25.3608760834, 12.6674757004, 11.6562223434, 13.9338188171, 15.9644508362, 9.11423873901, 4.70914268494, 1.61662745476, 0.86825710535, 0.726736366749, 0.51363503933, 0.194867312908, 0.0569489598274, 0.00697751669213, 0.000754571054131, 5.86999813095e-05],
        "median": [0.0135080423206, 0.116861052811, 0.215786203742, 0.454800307751, 1.29633188248, 2.32549715042, 3.85631537437, 4.76123714447, 4.43384027481, 6.62439060211, 15.119559288, 20.76304245, 20.0647335052, 15.0062923431, 13.1877002716, 11.9275608063, 11.9997367859, 14.6559858322, 12.6966543198, 8.2309179306, 6.7618932724, 9.88684463501, 10.6463766098, 9.80336380005, 10.5910291672, 5.75751447678, 5.03605651855, 6.43168401718, 7.05214357376, 3.96404862404, 1.92110955715, 0.699980854988, 0.32540923357, 0.193327456713, 0.102789565921, 0.0330874286592, 0.00444035278633, 0.000208860903513, 2.82035834971e-05, 3.42038838426e-05],
        "min": [7.65508989531e-10, 4.60423121851e-09, 5.26516963362e-09, 5.52813750332e-09, 1.70492651108e-08, 2.44526248139e-08, 2.28345378162e-08, 1.54185215706e-08, 2.47040343737e-08, 2.24718199604e-08, 2.83459957728e-08, 2.3283590167e-08, 2.7078998599e-08, 4.0924554412e-08, 2.26633112277e-08, 2.34889956374e-08, 2.12821849033e-08, 2.1407585038e-08, 2.49111611339e-08, 2.50704221827e-08, 1.13938094515e-08, 2.47513227691e-08, 7.60454810234e-08, 5.94819802302e-08, 5.2021277952e-08, 6.28722034435e-08, 3.20324389236e-08, 4.46138272991e-08, 2.75434626218e-08, 2.98478859406e-08, 3.01373184186e-08, 2.89214110438e-08, 2.64674042683e-08, 1.57253339239e-08, 1.57991291161e-08, 7.42593408987e-09, 5.36070965396e-09, 2.63666621869e-09, 5.99413907398e-10, 5.8270673009e-11],
        "var": [0.169933706522, 3.32922410965, 7.54480218887, 7.29787254333, 30.2609024048, 189.511459351, 635.855712891, 814.858886719, 512.197570801, 3079.51416016, 11364.8310547, 10760.6435547, 15729.9882812, 11628.5839844, 4661.12890625, 3735.21313477, 3106.94042969, 5176.27197266, 1828.2076416, 1634.6809082, 2093.73803711, 1236.35632324, 1088.37927246, 1437.86425781, 2033.14428711, 455.805847168, 736.877380371, 765.720581055, 592.495422363, 241.36541748, 80.758682251, 11.0517463684, 3.35947227478, 4.27001428604, 2.54761362076, 0.393834412098, 0.0853806063533, 0.000708325882442, 3.00324154523e-05, 8.55964472635e-08]
    },
    "gfcc": {
        "mean": [-13.8162765503, 83.2599639893, -152.167373657, 27.468629837, -77.6968994141, 12.1769933701, -26.9130325317, 3.26891994476, -16.6995258331, -1.10240054131, -14.7843255997, -0.594764530659, -8.88404369354],
        "cov": [[5726.74853516, -1672.79504395, 1495.21643066, 535.964233398, 277.073730469, 474.227081299, -443.281494141, 728.11730957, -264.63180542, 885.145446777, -211.76272583, 624.009887695, -120.668678284], [-1672.79504395, 2505.85742188, 536.042541504, 512.00402832, 374.866027832, -182.297561646, 328.228363037, -370.452209473, 364.674041748, -242.362075806, 229.697052002, -134.320449829, 44.9679260254], [1495.21643066, 536.042541504, 2690.55908203, 1001.82806396, 573.158569336, 250.619094849, -224.721588135, 150.499221802, -16.5434780121, 592.498352051, -97.2155914307, 404.382049561, -114.432785034], [535.964233398, 512.00402832, 1001.82806396, 860.741333008, 336.788269043, 111.728759766, -28.1262454987, 18.5006046295, 130.813537598, 210.19694519, 41.9736213684, 142.350753784, 35.41456604], [277.073730469, 374.866027832, 573.158569336, 336.788269043, 570.030212402, 164.012496948, 179.843841553, 119.210617065, 133.035476685, 168.10736084, 45.1638870239, 111.101760864, 3.46384119987], [474.227081299, -182.297561646, 250.619094849, 111.728759766, 164.012496948, 327.173583984, 89.4378585815, 167.876327515, -1.18127477169, 121.7318573, 25.4745960236, 47.309047699, 7.25810623169], [-443.281494141, 328.228363037, -224.721588135, -28.1262454987, 179.843841553, 89.4378585815, 395.541015625, 14.1540079117, 132.270675659, -75.8442687988, 98.4810409546, -56.8893356323, 15.0941638947], [728.11730957, -370.452209473, 150.499221802, 18.5006046295, 119.210617065, 167.876327515, 14.1540079117, 281.302337646, -21.8837299347, 160.714324951, -16.8110771179, 85.5212402344, -13.1652812958], [-264.63180542, 364.674041748, -16.5434780121, 130.813537598, 133.035476685, -1.18127477169, 132.270675659, -21.8837299347, 237.280487061, -16.9379138947, 75.9759521484, -32.7650871277, 46.7599716187], [885.145446777, -242.362075806, 592.498352051, 210.19694519, 168.10736084, 121.7318573, -75.8442687988, 160.714324951, -16.9379138947, 330.195068359, -24.3354721069, 174.996704102, -24.7148780823], [-211.76272583, 229.697052002, -97.2155914307, 41.9736213684, 45.1638870239, 25.4745960236, 98.4810409546, -16.8110771179, 75.9759521484, -24.3354721069, 149.995162964, -9.13155841827, 38.83959198], [624.009887695, -134.320449829, 404.382049561, 142.350753784, 111.101760864, 47.309047699, -56.8893356323, 85.5212402344, -32.7650871277, 174.996704102, -9.13155841827, 209.552810669, -6.65144586563], [-120.668678284, 44.9679260254, -114.432785034, 35.41456604, 3.46384119987, 7.25810623169, 15.0941638947, -13.1652812958, 46.7599716187, -24.7148780823, 38.83959198, -6.65144586563, 112.869056702]],
        "icov": [[0.000449138722615, 9.70539913396e-05, 5.88509901718e-05, -0.000233627608395, 0.000109613421955, -0.000172301850398, 0.000222079528612, -0.000568788382225, 1.54443241627e-05, -0.000396155257476, 0.000191216982785, -0.000606073532254, 0.000291491247481], [9.70539913396e-05, 0.00127928494476, -0.000642240454908, -0.000216275991988, -0.000510025012773, 0.000811830570456, -0.000503930612467, 0.000637121091131, -0.000612375733908, 0.00109697633889, -0.0012579212198, 0.000543298374396, 7.47441736166e-05], [5.88509901718e-05, -0.000642240454908, 0.00162263819948, -0.000894596974831, -0.000255449995166, -0.000959428143688, 0.000790454098023, 0.000280387379462, 0.000481177936308, -0.00164558412507, 0.00123376399279, -0.00111724971794, 0.00119106681086], [-0.000233627608395, -0.000216275991988, -0.000894596974831, 0.00291896983981, -0.000555967912078, -0.000309063994791, 0.000484483491164, 0.000726207043044, -0.00103303720243, 6.29795031273e-05, -0.000530483725015, 0.000221974099986, -0.00129223125987], [0.000109613421955, -0.000510025012773, -0.000255449995166, -0.000555967912078, 0.00420910911635, -0.000665497791488, -0.00162628619, -0.00124307069927, -0.00090310984524, -0.000883036816958, 0.000940648897085, -0.00116071500815, 1.06512461571e-05], [-0.000172301850398, 0.000811830570456, -0.000959428143688, -0.000309063994791, -0.000665497791488, 0.00644898042083, -0.00200713821687, -0.00231787073426, 0.00120175397024, 0.000211410311749, -0.00192289834376, 0.00227480800822, -0.0014354478335], [0.000222079528612, -0.000503930612467, 0.000790454098023, 0.000484483491164, -0.00162628619, -0.00200713821687, 0.0056008528918, -0.000363670871593, -0.00145681900904, 0.000619826780166, -0.00101953395642, -0.000595761230215, 0.00153012189548], [-0.000568788382225, 0.000637121091131, 0.000280387379462, 0.000726207043044, -0.00124307069927, -0.00231787073426, -0.000363670871593, 0.00856853090227, -0.000502270821016, -0.00178268703166, 7.84061121522e-05, 7.51652842155e-05, 0.000224949108087], [1.54443241627e-05, -0.000612375733908, 0.000481177936308, -0.00103303720243, -0.00090310984524, 0.00120175397024, -0.00145681900904, -0.000502270821016, 0.00793454051018, -0.00152154802345, -0.00111992936581, 0.00175152509473, -0.00197259825654], [-0.000396155257476, 0.00109697633889, -0.00164558412507, 6.29795031273e-05, -0.000883036816958, 0.000211410311749, 0.000619826780166, -0.00178268703166, -0.00152154802345, 0.0104630347341, -0.00151446217205, -0.00269516813569, 0.000457715970697], [0.000191216982785, -0.0012579212198, 0.00123376399279, -0.000530483725015, 0.000940648897085, -0.00192289834376, -0.00101953395642, 7.84061121522e-05, -0.00111992936581, -0.00151446217205, 0.0110943922773, -0.00224267784506, -0.00145434984006], [-0.000606073532254, 0.000543298374396, -0.00111724971794, 0.000221974099986, -0.00116071500815, 0.00227480800822, -0.000595761230215, 7.51652842155e-05, 0.00175152509473, -0.00269516813569, -0.00224267784506, 0.0112039558589, -0.0019728098996], [0.000291491247481, 7.47441736166e-05, 0.00119106681086, -0.00129223125987, 1.06512461571e-05, -0.0014354478335, 0.00153012189548, 0.000224949108087, -0.00197259825654, 0.000457715970697, -0.00145434984006, -0.0019728098996, 0.0119699444622]]
    },
    "melbands": {
        "dmean": [0.000713440531399, 0.000488068326376, 0.000183023817954, 0.000179775437573, 0.000247302319622, 0.000200862967176, 0.00010277848196, 0.000156873822561, 0.000222436981858, 0.000222825910896, 0.000187735146028, 0.000117275623779, 6.87404462951e-05, 5.5213477026e-05, 4.893242658e-05, 4.40906078438e-05, 4.13446578023e-05, 2.87087677862e-05, 2.00320846488e-05, 1.54901099449e-05, 1.14839904199e-05, 1.23417212308e-05, 1.23959744087e-05, 8.7023481683e-06, 9.3511544037e-06, 1.18238622235e-05, 7.36189031159e-06, 3.73447051061e-06, 3.78083927899e-06, 4.01280021833e-06, 4.14126725445e-06, 4.53534266853e-06, 3.45855210071e-06, 2.23425513468e-06, 1.56940302531e-06, 8.64243929755e-07, 4.32305313325e-07, 3.54356330945e-07, 3.72240890556e-07, 3.90414896856e-07],
        "dmean2": [0.00107854232192, 0.000789779704064, 0.000317607918987, 0.00029430599534, 0.000393974449253, 0.000321766419802, 0.000163284988957, 0.00023558740213, 0.000344154424965, 0.000366811058484, 0.000317612168146, 0.000196212160517, 0.000116337665531, 9.17244979064e-05, 8.05951203802e-05, 7.32860862627e-05, 6.80636876496e-05, 4.81006427435e-05, 3.30314469466e-05, 2.45111095865e-05, 1.80086590262e-05, 1.97833032871e-05, 1.97648969333e-05, 1.39395979204e-05, 1.49538955156e-05, 1.850461922e-05, 1.14988470159e-05, 5.84613599131e-06, 5.93339655097e-06, 6.18809417574e-06, 6.36354934613e-06, 7.09001642463e-06, 5.35563049198e-06, 3.45204193763e-06, 2.44580019171e-06, 1.34260392315e-06, 6.75084493196e-07, 5.46154240055e-07, 5.60622538615e-07, 5.84316921959e-07],
        "dvar": [2.74801686828e-06, 2.12119061871e-06, 2.44781830361e-07, 1.396579421e-07, 2.7566073868e-07, 2.45304420332e-07, 6.49957740961e-08, 1.56788587446e-07, 2.65760576212e-07, 2.0929604716e-07, 1.75641915234e-07, 8.32814421869e-08, 2.99659639325e-08, 1.8136303126e-08, 1.44897418508e-08, 9.91754145474e-09, 8.7000682214e-09, 3.92490484558e-09, 2.16814211029e-09, 1.91411420047e-09, 8.648867178e-10, 5.82626724643e-10, 7.45575323702e-10, 2.77796868842e-10, 4.11357337082e-10, 6.7242805768e-10, 3.46159378939e-10, 7.41357600309e-11, 1.59937632582e-10, 1.70291294954e-10, 1.20003729176e-10, 8.610896024e-11, 5.83632864259e-11, 2.85119705623e-11, 1.74568901001e-11, 4.91898926105e-12, 1.59687952965e-12, 8.31797358856e-13, 8.72020392093e-13, 1.8662189849e-12],
        "dvar2": [6.47382967145e-06, 5.64815718462e-06, 6.95546418683e-07, 3.48560547536e-07, 6.50746244446e-07, 6.17500347744e-07, 1.5593953151e-07, 3.26479522528e-07, 5.86662736168e-07, 5.74764271732e-07, 4.96792722515e-07, 2.36732518033e-07, 8.62544453639e-08, 4.98603149879e-08, 3.64209711279e-08, 2.61315111771e-08, 2.28469403396e-08, 1.05562172337e-08, 5.36727196021e-09, 4.29104263233e-09, 1.92033566826e-09, 1.41579303836e-09, 1.79799719557e-09, 6.91999513247e-10, 9.98183424805e-10, 1.57625867914e-09, 7.61918306225e-10, 1.68199371098e-10, 3.60563939816e-10, 3.67248897959e-10, 2.70939409797e-10, 2.03140657073e-10, 1.28568544699e-10, 6.48583478591e-11, 4.1889016561e-11, 1.12479661002e-11, 3.90100148365e-12, 1.86160505414e-12, 1.75659985689e-12, 3.77841811658e-12],
        "max": [0.0239068716764, 0.0279821120203, 0.0118704317138, 0.00618794001639, 0.0112151578069, 0.0103871934116, 0.00739492475986, 0.00918637868017, 0.010688633658, 0.00790049601346, 0.0104360608384, 0.00734514417127, 0.00427617877722, 0.00269230315462, 0.00260739261284, 0.00193257594947, 0.00298535241745, 0.00202248920687, 0.00103861512616, 0.00124307384249, 0.000739991955925, 0.000486174190883, 0.000761646195315, 0.000310193863697, 0.000456375593785, 0.000498454261106, 0.000456349254819, 0.000192960418644, 0.000598124344833, 0.000509725767188, 0.000337851175573, 0.000224412011448, 0.000162650467246, 0.000136800692417, 0.00014055162319, 7.19126473996e-05, 5.47736053704e-05, 2.50858174695e-05, 2.87898965325e-05, 6.11021605437e-05],
        "mean": [0.00175413116813, 0.000812726037111, 0.000286701571895, 0.000345804321114, 0.000447955622803, 0.000314254080877, 0.00017776126333, 0.000295146252029, 0.000403520971304, 0.000379669625545, 0.00032802610076, 0.000210292520933, 0.000123054865981, 9.56035437412e-05, 8.22608126327e-05, 7.53207787056e-05, 7.30357132852e-05, 4.93718216603e-05, 3.19726641465e-05, 2.4845236112e-05, 2.22405014938e-05, 2.29208089877e-05, 2.25242056331e-05, 1.77596393769e-05, 1.85315366252e-05, 2.19152825593e-05, 1.34767506097e-05, 7.08826246409e-06, 6.84513724991e-06, 7.45697343518e-06, 8.38041341922e-06, 9.69981283561e-06, 6.9633269959e-06, 4.3681347961e-06, 2.99494422507e-06, 1.56964438247e-06, 7.46316914046e-07, 5.81244819386e-07, 5.87540625929e-07, 6.29624423709e-07],
        "median": [0.000150200503413, 0.000157476315508, 0.000110618377221, 0.000136080052471, 0.000139959520311, 0.000108870968688, 6.64091639919e-05, 7.32697371859e-05, 0.000120089731354, 0.0001223620784, 9.31740796659e-05, 5.78737708565e-05, 4.26580481871e-05, 3.29806061927e-05, 2.53954858636e-05, 2.48861397267e-05, 2.60405577137e-05, 1.98222332983e-05, 1.2545446225e-05, 7.50033086661e-06, 7.11411121301e-06, 8.86450652615e-06, 9.99618350761e-06, 7.30930514692e-06, 6.73871272738e-06, 8.11020436231e-06, 5.04632134835e-06, 2.96113580589e-06, 2.81333586827e-06, 3.14812723445e-06, 3.6077472032e-06, 4.13377892983e-06, 2.86884460365e-06, 1.79125458999e-06, 1.14530689643e-06, 6.00079602009e-07, 2.97320127629e-07, 2.09761481074e-07, 1.77528306722e-07, 1.47362925418e-07],
        "min": [6.7675843228e-12, 4.04817715807e-12, 1.07675489618e-12, 1.56758460379e-12, 8.69163519369e-13, 3.18665910716e-13, 3.59341760991e-13, 2.58825458895e-13, 2.16446991081e-13, 1.44902237995e-13, 1.39135136247e-13, 1.75043573386e-13, 7.10721290305e-14, 6.78603156198e-14, 3.73300972382e-14, 5.83482033848e-14, 3.47380815519e-14, 3.59669027417e-14, 3.6978087286e-14, 2.52658340755e-14, 1.12521771008e-14, 2.48843778699e-14, 3.35203293887e-14, 9.11407925584e-14, 4.37816151605e-14, 2.92770534649e-14, 5.31694608859e-14, 3.69926867459e-14, 2.08585369978e-14, 1.63496518705e-14, 2.95910519666e-14, 1.52936287901e-14, 1.47823309041e-14, 1.74444639777e-14, 1.76057390509e-14, 1.6926671043e-14, 1.85303093941e-14, 1.91350519549e-14, 1.5221282012e-14, 1.29649429417e-14],
        "var": [9.07417779672e-06, 2.77491858469e-06, 2.7354619192e-07, 3.25515173927e-07, 6.29797341389e-07, 3.86295909038e-07, 1.22505397826e-07, 4.76929187698e-07, 7.48448201193e-07, 4.55692543255e-07, 4.05247419621e-07, 2.02349085043e-07, 6.71699211807e-08, 3.76839857097e-08, 2.86065109378e-08, 2.01877465855e-08, 1.81601151894e-08, 6.51243370342e-09, 3.34753069708e-09, 3.90683529972e-09, 2.75033995578e-09, 1.42366507472e-09, 1.38699474128e-09, 8.08701605681e-10, 1.12810039088e-09, 1.56219637226e-09, 8.6655460585e-10, 1.58835292141e-10, 2.6594362823e-10, 3.39185013409e-10, 2.60744786873e-10, 2.26080293375e-10, 1.35238778509e-10, 6.32804433853e-11, 3.47120283906e-11, 1.09290094336e-11, 2.71431618501e-12, 1.54971521726e-12, 1.81451847905e-12, 4.69135667813e-12]
    },
    "mfcc": {
        "mean": [-641.35345459, 105.801200867, -19.3680343628, 11.6402378082, -23.0483360291, 6.813185215, -8.10870552063, 7.16208839417, -2.00042653084, 0.129675015807, 6.40926885605, -6.10174894333, -4.98358201981],
        "cov": [[4415.50585938, -1198.45227051, 246.503295898, 223.610244751, 289.96697998, 77.4405136108, 39.6560096741, 23.4689102173, 122.473609924, 115.365333557, 136.209243774, 66.832824707, 216.639328003], [-1198.45227051, 1612.27929688, 531.189208984, 435.776672363, 240.455947876, 199.051254272, 47.382358551, 88.5869064331, -3.66208481789, -28.2173137665, 129.55015564, 55.1857299805, 39.2149620056], [246.503295898, 531.189208984, 1794.94494629, 861.83996582, 658.366760254, 393.327423096, 8.825548172, -104.043457031, 57.9314880371, -13.6173973083, 79.8371276855, 134.142791748, 246.629562378], [223.610244751, 435.776672363, 861.83996582, 831.539428711, 469.956390381, 297.123718262, -3.6234691143, -5.48285531998, 78.3842468262, 22.6731700897, 77.423210144, 102.645843506, 189.356399536], [289.96697998, 240.455947876, 658.366760254, 469.956390381, 567.225585938, 230.017593384, 76.9933853149, 7.09023237228, 116.258026123, 69.3170394897, 74.8077850342, 89.6795654297, 154.170120239], [77.4405136108, 199.051254272, 393.327423096, 297.123718262, 230.017593384, 287.635253906, 104.801017761, 54.5835990906, 73.1292190552, 60.097366333, 67.3368225098, 74.7565383911, 79.6681671143], [39.6560096741, 47.382358551, 8.825548172, -3.6234691143, 76.9933853149, 104.801017761, 278.781921387, 107.927597046, 68.575958252, 64.3067321777, 89.4827041626, 39.0082397461, 5.59169101715], [23.4689102173, 88.5869064331, -104.043457031, -5.48285531998, 7.09023237228, 54.5835990906, 107.927597046, 186.426467896, 48.5077018738, 49.7238883972, 66.9697189331, 23.6712341309, -14.6193685532], [122.473609924, -3.66208481789, 57.9314880371, 78.3842468262, 116.258026123, 73.1292190552, 68.575958252, 48.5077018738, 165.030715942, 76.1411972046, 31.6959762573, 42.0725746155, 34.3209648132], [115.365333557, -28.2173137665, -13.6173973083, 22.6731700897, 69.3170394897, 60.097366333, 64.3067321777, 49.7238883972, 76.1411972046, 150.868499756, 48.7622718811, 35.177986145, 21.5395240784], [136.209243774, 129.55015564, 79.8371276855, 77.423210144, 74.8077850342, 67.3368225098, 89.4827041626, 66.9697189331, 31.6959762573, 48.7622718811, 170.515426636, 44.3634529114, 18.5217838287], [66.832824707, 55.1857299805, 134.142791748, 102.645843506, 89.6795654297, 74.7565383911, 39.0082397461, 23.6712341309, 42.0725746155, 35.177986145, 44.3634529114, 109.216636658, 50.52110672], [216.639328003, 39.2149620056, 246.629562378, 189.356399536, 154.170120239, 79.6681671143, 5.59169101715, -14.6193685532, 34.3209648132, 21.5395240784, 18.5217838287, 50.52110672, 144.454544067]],
