{
"lowlevel": {
    "average_loudness": 0.47942918539,
    "barkbands_crest": {
        "dmean": 2.69426631927,
        "dmean2": 4.19068956375,
        "dvar": 6.04146814346,
        "dvar2": 14.229136467,
        "max": 25.966802597,
        "mean": 10.4536504745,
        "median": 9.49841022491,
        "min": 2.19309973717,
        "var": 21.9226360321
    },
    "barkbands_flatness_db": {
        "dmean": 0.0230813231319,
        "dmean2": 0.0332722626626,
        "dvar": 0.00043453919352,
        "dvar2": 0.000888875161763,
        "max": 0.396963953972,
        "mean": 0.145923733711,
        "median": 0.13614307344,
        "min": 0.0233392640948,
        "var": 0.00419691437855
    },
    "barkbands_kurtosis": {
        "dmean": 2.11373567581,
        "dmean2": 3.28558063507,
        "dvar": 13.5306587219,
        "dvar2": 29.8538608551,
        "max": 109.069664001,
        "mean": 2.97891330719,
        "median": 1.35142803192,
        "min": -1.92326414585,
        "var": 34.5769309998
    },
    "barkbands_skewness": {
        "dmean": 0.49033036828,
        "dmean2": 0.735290586948,
        "dvar": 0.258040547371,
        "dvar2": 0.540776014328,
        "max": 9.71640014648,
        "mean": 1.32338559628,
        "median": 1.20955336094,
        "min": -3.54611730576,
        "var": 1.24897801876
    },
    "barkbands_spread": {
        "dmean": 5.9111289978,
        "dmean2": 8.892329216,
        "dvar": 54.8486366272,
        "dvar2": 106.817329407,
        "max": 124.564277649,
        "mean": 24.7869606018,
        "median": 20.7013053894,
        "min": 1.71112573147,
        "var": 302.287078857
    },
    "dissonance": {
        "dmean": 0.016100358218,
        "dmean2": 0.0271725859493,
        "dvar": 0.000280065403786,
        "dvar2": 0.000741596217267,
        "max": 0.500000119209,
        "mean": 0.473586708307,
        "median": 0.481275379658,
        "min": 0.133925706148,
        "var": 0.000685502425767
    },
    "dynamic_complexity": 2.49889206886,
    "erbbands_crest": {
        "dmean": 2.71270561218,
        "dmean2": 4.49514532089,
        "dvar": 6.84478473663,
        "dvar2": 17.3960819244,
        "max": 30.7838115692,
        "mean": 8.66029453278,
        "median": 7.78753614426,
        "min": 2.49203705788,
        "var": 16.5081443787
    },
    "erbbands_flatness_db": {
        "dmean": 0.0174645371735,
        "dmean2": 0.0256228204817,
        "dvar": 0.000234195846133,
        "dvar2": 0.000486155855469,
        "max": 0.420653611422,
        "mean": 0.180622071028,
        "median": 0.164268523455,
        "min": 0.0514258779585,
        "var": 0.00458624027669
    },
    "erbbands_kurtosis": {
        "dmean": 0.94179224968,
        "dmean2": 1.50899374485,
        "dvar": 1.62958455086,
        "dvar2": 3.79586362839,
        "max": 22.8821277618,
        "mean": 0.706710040569,
        "median": 0.113974332809,
        "min": -1.81937456131,
        "var": 4.31708574295
    },
    "erbbands_skewness": {
        "dmean": 0.363130688667,
        "dmean2": 0.557217001915,
        "dvar": 0.122574836016,
        "dvar2": 0.248924300075,
        "max": 4.02018213272,
        "mean": 0.427430123091,
        "median": 0.48797467351,
        "min": -3.44808697701,
        "var": 0.768422842026
    },
    "erbbands_spread": {
        "dmean": 6.99352216721,
        "dmean2": 10.8764848709,
        "dvar": 59.589012146,
        "dvar2": 138.899734497,
        "max": 133.524230957,
        "mean": 34.8247413635,
        "median": 32.7610740662,
        "min": 4.68473768234,
        "var": 279.011779785
    },
    "hfc": {
        "dmean": 6.99341344833,
        "dmean2": 10.373922348,
        "dvar": 91.1097412109,
        "dvar2": 186.094345093,
        "max": 153.087890625,
        "mean": 24.2341880798,
        "median": 17.1438541412,
        "min": 1.09924701286e-10,
        "var": 455.851074219
    },
    "melbands_crest": {
        "dmean": 3.67172718048,
        "dmean2": 5.81840085983,
        "dvar": 11.3856782913,
        "dvar2": 28.692363739,
        "max": 34.4469070435,
        "mean": 15.1718263626,
        "median": 13.9535493851,
        "min": 3.0561234951,
        "var": 43.9375724792
    },
    "melbands_flatness_db": {
        "dmean": 0.026022689417,
        "dmean2": 0.0375273302197,
        "dvar": 0.000595172226895,
        "dvar2": 0.00124059990048,
        "max": 0.511839091778,
        "mean": 0.1762907058,
        "median": 0.174265280366,
        "min": 0.0131361475214,
        "var": 0.004506689962
    },
    "melbands_kurtosis": {
        "dmean": 5.40184688568,
        "dmean2": 8.29983997345,
        "dvar": 99.3229827881,
        "dvar2": 217.110794067,
        "max": 241.654220581,
        "mean": 10.462225914,
        "median": 5.64090633392,
        "min": -1.84280622005,
        "var": 257.155578613
    },
    "melbands_skewness": {
        "dmean": 0.661448836327,
        "dmean2": 1.00417518616,
        "dvar": 0.511573791504,
        "dvar2": 1.10596680641,
        "max": 12.8079462051,
        "mean": 2.33064365387,
        "median": 2.03607201576,
        "min": -1.37846302986,
        "var": 2.44999814034
    },
    "melbands_spread": {
        "dmean": 8.60117816925,
        "dmean2": 12.8408756256,
        "dvar": 177.116744995,
        "dvar2": 320.805480957,
        "max": 216.62612915,
        "mean": 29.3835926056,
        "median": 21.2967014313,
        "min": 1.18468225002,
        "var": 742.347595215
    },
    "pitch_salience": {
        "dmean": 0.0733116865158,
        "dmean2": 0.11513787508,
        "dvar": 0.00479193171486,
        "dvar2": 0.0116117130965,
        "max": 0.972817897797,
        "mean": 0.576024413109,
        "median": 0.594089210033,
        "min": 0.100738920271,
        "var": 0.020772235468
    },
    "silence_rate_20dB": {
        "dmean": 0,
        "dmean2": 0,
        "dvar": 0,
        "dvar2": 0,
        "max": 1,
        "mean": 1,
        "median": 1,
        "min": 1,
        "var": 0
    },
    "silence_rate_30dB": {
        "dmean": 0.00115580216516,
        "dmean2": 0.00231187138706,
        "dvar": 0.0011544439476,
        "dvar2": 0.00276892492548,
        "max": 1,
        "mean": 0.999075472355,
        "median": 1,
        "min": 0,
        "var": 0.000923686427996
    },
    "silence_rate_60dB": {
        "dmean": 0.00554785039276,
        "dmean2": 0.0109813893214,
        "dvar": 0.00551695050672,
        "dvar2": 0.0122486185282,
        "max": 1,
        "mean": 0.00970761571079,
        "median": 0,
        "min": 0,
        "var": 0.00961296912283
    },
    "spectral_centroid": {
        "dmean": 280.635925293,
        "dmean2": 418.06854248,
        "dvar": 108859.625,
        "dvar2": 196796.65625,
        "max": 4815.65869141,
        "mean": 1718.12475586,
        "median": 1602.40515137,
        "min": 277.832244873,
        "var": 685423.625
    },
    "spectral_complexity": {
        "dmean": 4.0309753418,
        "dmean2": 6.29765367508,
        "dvar": 16.6831245422,
        "dvar2": 36.4935188293,
        "max": 56,
        "mean": 21.0600948334,
        "median": 20,
        "min": 0,
        "var": 87.9031295776
    },
    "spectral_decrease": {
        "dmean": 1.50620027561e-09,
        "dmean2": 2.39688668913e-09,
        "dvar": 2.92179279546e-18,
        "dvar2": 7.63391338845e-18,
        "max": -2.76012181856e-22,
        "mean": -5.63700686129e-09,
        "median": -5.05066344303e-09,
        "min": -3.81715565823e-08,
        "var": 1.34910337222e-17
    },
    "spectral_energy": {
        "dmean": 0.00609001051635,
        "dmean2": 0.00970533490181,
        "dvar": 4.69399783469e-05,
        "dvar2": 0.00012342815171,
        "max": 0.157953903079,
        "mean": 0.023473424837,
        "median": 0.0211262740195,
        "min": 1.10122363837e-14,
        "var": 0.000222174960072
    },
    "spectral_energyband_high": {
        "dmean": 0.000576840131544,
        "dmean2": 0.000794433988631,
        "dvar": 1.34158744913e-06,
        "dvar2": 2.11180986298e-06,
        "max": 0.0198762658983,
        "mean": 0.00147954002023,
        "median": 0.000618145277258,
        "min": 8.67092974434e-15,
        "var": 5.73142096982e-06
    },
    "spectral_energyband_low": {
        "dmean": 0.00266497978009,
        "dmean2": 0.00394078483805,
        "dvar": 1.87771147466e-05,
        "dvar2": 4.17101837229e-05,
        "max": 0.0592043511569,
        "mean": 0.00702269794419,
        "median": 0.00237688119523,
        "min": 2.05718680141e-16,
        "var": 8.27161420602e-05
    },
    "spectral_energyband_middle_high": {
        "dmean": 0.00221873400733,
        "dmean2": 0.00360033800825,
        "dvar": 1.23022346088e-05,
        "dvar2": 3.37436358677e-05,
        "max": 0.0917840823531,
        "mean": 0.00691589340568,
        "median": 0.0037551545538,
        "min": 1.82701893877e-15,
        "var": 7.68976678955e-05
    },
    "spectral_energyband_middle_low": {
        "dmean": 0.00393361737952,
        "dmean2": 0.00640592677519,
        "dvar": 3.17737431033e-05,
        "dvar2": 8.54789395817e-05,
        "max": 0.103003025055,
        "mean": 0.00879037100822,
        "median": 0.0059137349017,
        "min": 2.44389307604e-16,
        "var": 7.22538025002e-05
    },
    "spectral_entropy": {
        "dmean": 0.124693863094,
        "dmean2": 0.184545651078,
        "dvar": 0.0151277314872,
        "dvar2": 0.0310845822096,
        "max": 9.18544387817,
        "mean": 7.80187416077,
        "median": 7.83948564529,
        "min": 6.22269010544,
        "var": 0.127483844757
    },
    "spectral_flux": {
        "dmean": 0.0180880539119,
        "dmean2": 0.0272438134998,
        "dvar": 0.000333664647769,
        "dvar2": 0.000677624891978,
        "max": 0.252938866615,
        "mean": 0.0820118561387,
        "median": 0.0764726996422,
        "min": 4.77579596918e-05,
        "var": 0.00132088514511
    },
    "spectral_kurtosis": {
        "dmean": 1.25607323647,
        "dmean2": 2.14388751984,
        "dvar": 2.44183301926,
        "dvar2": 7.31884813309,
        "max": 26.0684261322,
        "mean": 3.06196928024,
        "median": 2.60320568085,
        "min": -0.678745746613,
        "var": 4.72407579422
    },
    "spectral_rms": {
        "dmean": 0.000609459704719,
        "dmean2": 0.000958791701123,
        "dvar": 3.3776990449e-07,
        "dvar2": 8.28645568163e-07,
        "max": 0.0124137569219,
        "mean": 0.00455545121804,
        "median": 0.00453993398696,
        "min": 3.27775007136e-09,
        "var": 2.14877286453e-06
    },
    "spectral_rolloff": {
        "dmean": 565.723510742,
        "dmean2": 890.98638916,
        "dvar": 852529.0625,
        "dvar2": 1588842.25,
        "max": 17205.0292969,
        "mean": 1970.6081543,
        "median": 1399.65820312,
        "min": 64.599609375,
        "var": 3435711
    },
    "spectral_skewness": {
        "dmean": 0.191254273057,
        "dmean2": 0.306337356567,
        "dvar": 0.0330855697393,
        "dvar2": 0.0820772722363,
        "max": 3.50167036057,
        "mean": 1.26319682598,
        "median": 1.27253198624,
        "min": -0.00355553254485,
        "var": 0.154818430543
    },
    "spectral_spread": {
        "dmean": 436118.5,
        "dmean2": 636895.3125,
        "dvar": 236624101376,
        "dvar2": 426762141696,
        "max": 19835014,
        "mean": 4444155.5,
        "median": 4447534,
        "min": 1586529.75,
        "var": 1.87578580992e+12
    },
    "spectral_strongpeak": {
        "dmean": 0.524007439613,
        "dmean2": 0.888795614243,
        "dvar": 0.772287845612,
        "dvar2": 2.06373238564,
        "max": 14.6236448288,
        "mean": 0.91847962141,
        "median": 0.448943793774,
        "min": 0,
        "var": 1.16065275669
    },
    "zerocrossingrate": {
        "dmean": 0.0119052696973,
        "dmean2": 0.0131552033126,
        "dvar": 0.000226170857786,
        "dvar2": 0.000209493358852,
        "max": 0.5439453125,
        "mean": 0.0732941031456,
        "median": 0.0615234375,
        "min": 0.00439453125,
        "var": 0.0022260856349
    },
    "barkbands": {
        "dmean": [0.000191357903532, 0.00230389228091, 0.000690109329298, 0.000569000956602, 0.000764782249462, 0.00060826150002, 0.000559799023904, 0.000848392257467, 0.00169434957206, 0.00129603780806, 0.000619575439487, 0.00058982585324, 0.000391466513975, 0.000369251065422, 0.000234899445786, 0.00016350914666, 0.000168148864759, 0.000194988999283, 0.00015294928744, 0.000197010231204, 0.000172554398887, 0.000196573513676, 0.00011588644702, 7.71449194872e-05, 5.43670030311e-05, 2.23483493755e-05, 2.65970948021e-06],
        "dmean2": [0.000262926536379, 0.00321923661977, 0.00116732763126, 0.000988798681647, 0.0012410042109, 0.000971001514699, 0.000908144807909, 0.00136106344871, 0.00282748206519, 0.00219396967441, 0.00104789691977, 0.000983639853075, 0.000666044652462, 0.000618198188022, 0.000394879898522, 0.000264537200565, 0.000276685575955, 0.000317990052281, 0.000249085162068, 0.000303262175294, 0.000256691942923, 0.000288157549221, 0.000169809936779, 0.000113445545139, 8.06883035693e-05, 3.34165051754e-05, 4.39893574367e-06],
        "dvar": [1.58949376328e-07, 1.76518078661e-05, 3.71096348317e-06, 1.8658705585e-06, 2.35097991208e-06, 2.20116089622e-06, 2.0284189759e-06, 4.12841427533e-06, 1.38603418236e-05, 1.0377466424e-05, 1.88238846022e-06, 1.10876499093e-06, 4.9486163789e-07, 4.96038637721e-07, 2.12677804257e-07, 1.13497364396e-07, 7.57669766926e-08, 1.36814591656e-07, 9.13287081517e-08, 2.33770947489e-07, 1.51952235683e-07, 2.18602224322e-07, 9.42476034993e-08, 4.82479229902e-08, 1.98394722872e-08, 3.1537634726e-09, 1.6071748099e-10],
        "dvar2": [2.80626693439e-07, 3.47854038409e-05, 1.01018640635e-05, 5.45034208699e-06, 6.16038505541e-06, 5.28010332346e-06, 4.90652610097e-06, 9.17368106457e-06, 3.86406645703e-05, 2.94931505778e-05, 5.27769407199e-06, 2.96387725029e-06, 1.39392864185e-06, 1.33308310524e-06, 5.70512554532e-07, 2.81602609675e-07, 1.92622096051e-07, 3.43741987763e-07, 2.21976790726e-07, 5.07922834458e-07, 3.07632944896e-07, 4.20931542067e-07, 1.73448412966e-07, 8.55018740253e-08, 3.93730346104e-08, 6.77767397761e-09, 4.32138907991e-10],
        "max": [0.0080716945231, 0.0549726299942, 0.0243238098919, 0.0308895632625, 0.0273491591215, 0.0259606335312, 0.0387118086219, 0.0463498011231, 0.0615331828594, 0.071738101542, 0.0402816273272, 0.0204585846514, 0.0128141306341, 0.0142847411335, 0.0112496791407, 0.00988267268986, 0.00457589747384, 0.00775113655254, 0.00691578211263, 0.009561881423, 0.00853949785233, 0.011252569966, 0.0089755859226, 0.00811867043376, 0.00492451898754, 0.0014286080841, 0.000669518194627],
        "mean": [0.00039435911458, 0.00536811165512, 0.000927169574425, 0.000719461357221, 0.00141649355646, 0.000981447054073, 0.000783430295996, 0.00125204713549, 0.00282129924744, 0.00217030220665, 0.000990212429315, 0.00101135263685, 0.000670542649459, 0.000677082920447, 0.000394921080442, 0.000264833128313, 0.000315866695018, 0.00036269883276, 0.000298959581414, 0.000381620542612, 0.000356993958121, 0.000422959303251, 0.000226471718634, 0.000140388365253, 8.97036443348e-05, 3.19048813253e-05, 2.85122382593e-06],
        "median": [2.05347168958e-05, 0.000850849493872, 0.000205668126, 0.000252955476753, 0.000644306070171, 0.000270434771664, 0.000227351934882, 0.000334467738867, 0.000636475451756, 0.000453826156445, 0.000319592800224, 0.000429590931162, 0.000284860405372, 0.000274735997664, 0.000210466503631, 0.00013052491704, 0.000179369497346, 0.000191696293768, 0.000160597133799, 0.000148177889059, 0.000141099808388, 0.000148001287016, 7.55298824515e-05, 4.54483561043e-05, 2.10234302358e-05, 3.90540071749e-06, 2.97358848655e-09],
        "min": [8.31659166913e-17, 1.03059583953e-16, 4.50884108153e-17, 3.02011384054e-17, 6.56948960072e-17, 7.37629245345e-17, 3.70863813747e-17, 2.17159362254e-17, 1.1002431898e-17, 4.51344384533e-17, 6.99185927115e-17, 6.72964036999e-17, 1.31939900209e-16, 8.47831143458e-17, 2.17814985608e-16, 2.57947552232e-16, 1.52218093959e-16, 1.31956351177e-16, 5.36727244528e-16, 2.88123392146e-16, 4.01034895718e-16, 6.13652394517e-16, 8.46113969446e-16, 1.00352821349e-15, 1.22124511533e-15, 1.94114964039e-15, 2.51226774606e-15],
        "var": [6.55967994589e-07, 6.60014193272e-05, 4.51634150522e-06, 1.87021112197e-06, 4.44551187684e-06, 4.00206818085e-06, 3.53773589268e-06, 9.39767869568e-06, 2.99043767882e-05, 2.39257860812e-05, 3.93757227357e-06, 2.38694428845e-06, 1.13539056201e-06, 1.31143031012e-06, 3.29070303451e-07, 1.82598441256e-07, 1.53223382426e-07, 2.91374647077e-07, 1.99908370746e-07, 5.43745670711e-07, 4.54594498933e-07, 7.32204512133e-07, 2.49713480116e-07, 1.16512417492e-07, 5.56380364003e-08, 7.06071290324e-09, 3.83617693167e-10]
    },
    "erbbands": {
        "dmean": [0.0976810306311, 0.446290969849, 0.73985773325, 1.35959565639, 2.34760260582, 2.79974651337, 2.99194955826, 5.79126501083, 6.30960607529, 11.8861246109, 21.9698524475, 37.172996521, 46.6296806335, 29.2040596008, 23.4738883972, 23.2075271606, 16.8116207123, 17.9875335693, 14.1192150116, 9.6483039856, 8.83380413055, 8.80161571503, 10.3709154129, 7.36350107193, 8.30542469025, 9.5855140686, 7.16476869583, 6.80977487564, 7.56038808823, 5.0897359848, 3.14609742165, 1.96551847458, 1.11713254452, 0.714809060097, 0.343008488417, 0.125836059451, 0.0376731343567, 0.00661547342315, 0.000467960227979, 1.89500169654e-05],
        "dmean2": [0.134151980281, 0.622781217098, 1.18989038467, 2.34662365913, 3.87933111191, 4.55902242661, 4.87777233124, 9.24131679535, 10.2813558578, 19.0880699158, 35.2550315857, 61.6740264893, 78.9188308716, 48.7281112671, 39.7828788757, 38.7024993896, 28.411901474, 30.3612232208, 23.5259590149, 16.0377044678, 14.2532434464, 14.3355493546, 16.8659725189, 12.1032123566, 13.1178598404, 14.8023147583, 10.8318691254, 9.98146724701, 11.2332410812, 7.37798213959, 4.61828517914, 2.88301229477, 1.62703752518, 1.07353627682, 0.506789088249, 0.188678562641, 0.0565344803035, 0.0105441296473, 0.000764766475186, 3.00463107124e-05],
        "dvar": [0.0320509187877, 0.811383187771, 3.99591851234, 10.3806495667, 24.9132194519, 40.4449920654, 58.8406562805, 225.099807739, 272.665039062, 1003.10113525, 2535.84643555, 6984.29882812, 14454.9433594, 4524.10253906, 2556.9296875, 1832.81188965, 916.626708984, 1017.40869141, 726.979919434, 420.955413818, 318.269714355, 210.171905518, 419.101196289, 227.450805664, 294.029541016, 565.795166016, 264.054199219, 277.412017822, 334.651000977, 159.982009888, 75.7314224243, 35.3788032532, 8.26085758209, 3.55922436714, 0.950446128845, 0.105704732239, 0.0105016343296, 0.000412928959122, 8.01342685008e-06, 6.66861765808e-09],
        "dvar2": [0.0628057122231, 1.56719243526, 10.4445571899, 29.2791118622, 69.6390762329, 107.060707092, 149.361251831, 530.832275391, 687.503540039, 2422.22412109, 5689.58154297, 18865.4316406, 41925.421875, 12478.2275391, 7347.26904297, 4865.87353516, 2560.18554688, 2773.19311523, 1902.17431641, 1093.54699707, 771.4296875, 526.096801758, 1033.40222168, 606.233764648, 678.70135498, 1231.97692871, 524.524536133, 548.176086426, 674.440795898, 294.02230835, 138.173049927, 65.65675354, 14.1267280579, 6.89908456802, 1.89133751392, 0.223935678601, 0.0232253987342, 0.00104751100298, 2.27563687076e-05, 1.82035844176e-08],
        "max": [2.04790425301, 12.421497345, 28.0508575439, 56.8383789062, 116.371315002, 140.504150391, 275.197235107, 306.289276123, 294.533111572, 965.572143555, 1284.78540039, 1197.96179199, 3044.28076172, 1423.84216309, 1135.40856934, 991.440612793, 559.319824219, 690.390441895, 615.793457031, 656.383056641, 670.18536377, 248.449081421, 522.337585449, 487.939819336, 471.351013184, 512.97253418, 436.091094971, 380.744110107, 507.766052246, 294.068847656, 295.658874512, 242.566574097, 86.1365585327, 85.3004302979, 40.8189201355, 12.2931642532, 2.9697034359, 0.470926374197, 0.189091265202, 0.00533885508776],
        "mean": [0.21403567493, 0.963727355003, 1.14921176434, 1.87876415253, 3.69182324409, 5.10066843033, 4.94942474365, 9.03006839752, 8.93897628784, 18.1780261993, 34.5950012207, 61.8086357117, 78.0450820923, 52.2261047363, 41.282371521, 41.5972709656, 31.4561672211, 34.9194869995, 27.353603363, 17.1091785431, 15.8798217773, 17.7955932617, 20.2202243805, 14.9983196259, 16.5016822815, 18.8776245117, 15.1838197708, 14.1066884995, 15.8279657364, 10.2845754623, 6.18636894226, 3.58892607689, 1.99132704735, 1.21682953835, 0.525935649872, 0.181241944432, 0.0516886860132, 0.00749854929745, 0.000587847083807, 4.68084908789e-05],
        "median": [0.0229503065348, 0.159359887242, 0.327059090137, 0.746486961842, 1.46917068958, 1.96945750713, 2.06062054634, 2.26615047455, 2.90931582451, 5.53397798538, 10.8341884613, 15.400305748, 16.608505249, 16.1981334686, 16.0977859497, 17.923871994, 14.0691070557, 15.3650636673, 12.7275953293, 9.82532119751, 8.41767978668, 10.655837059, 11.142285347, 8.90170478821, 8.15318584442, 7.40722846985, 6.1259431839, 5.21853685379, 5.37973165512, 3.50218033791, 2.04128289223, 1.15456175804, 0.635379433632, 0.302457243204, 0.11333194375, 0.0329382382333, 0.00321916677058, 0.000167682403116, 2.65813196165e-05, 3.13699492835e-05],
        "min": [4.1170311687e-15, 1.94201107289e-14, 4.97766636394e-14, 8.45575982822e-14, 1.2963459787e-13, 2.35298136227e-13, 4.43240577705e-13, 6.34603860346e-13, 5.9620792461e-13, 4.62767628037e-13, 4.78982413628e-13, 2.69393692466e-13, 6.66956615804e-13, 2.4143952896e-12, 2.71733525438e-12, 3.04109103351e-12, 5.79856735544e-12, 4.4284376513e-12, 8.05853560965e-12, 1.43123160892e-11, 1.43756794663e-11, 7.0620093974e-12, 5.69271366158e-12, 2.5091238115e-11, 2.1213260315e-11, 1.17912363901e-11, 1.14909314702e-11, 2.42459958361e-11, 2.6873739345e-11, 1.71539050325e-11, 2.24949139177e-11, 1.53649558354e-11, 2.15470419285e-11, 1.0865090945e-11, 1.08977523186e-11, 6.92349823306e-12, 4.16902840375e-12, 1.41419677618e-12, 4.08592186777e-13, 3.16117371537e-14],
        "var": [0.114641524851, 2.50363779068, 5.35083580017, 11.2778968811, 36.9134216309, 76.8266983032, 96.1714859009, 402.537872314, 348.71182251, 2106.37036133, 5550.88916016, 14458.7734375, 31079.9394531, 10909.7431641, 5405.54394531, 4117.28808594, 2305.21948242, 2851.32006836, 1784.86877441, 588.351928711, 572.60333252, 463.306335449, 882.456237793, 499.9921875, 734.848876953, 1326.72229004, 848.656860352, 829.541748047, 1052.33105469, 464.95904541, 197.583984375, 79.5959014893, 21.7301387787, 10.9314508438, 2.20942950249, 0.222760155797, 0.0218990892172, 0.000547639443539, 2.43569829763e-05, 2.10993249539e-08]
    },
    "gfcc": {
        "mean": [-5.70280742645, 78.9378662109, -151.291748047, 32.2019615173, -74.4880599976, 21.7618465424, -25.7479019165, 6.62002563477, -17.6350688934, -3.72206687927, -12.3564195633, -4.40740346909, -7.68259763718],
        "cov": [[3080.13110352, -1487.8885498, 1069.04772949, 224.992050171, 112.579940796, 481.645141602, -149.021530151, 605.697753906, -206.952941895, 608.522766113, -238.440170288, 403.284210205, -114.071266174], [-1487.8885498, 2649.2878418, 260.444885254, 528.953918457, 260.06930542, -300.615844727, 168.948516846, -514.604309082, 301.571807861, -423.552703857, 305.732513428, -239.83354187, 100.12071991], [1069.04772949, 260.444885254, 2418.08886719, 1088.6697998, 468.623504639, 370.307983398, -240.325332642, 226.371917725, -121.115890503, 453.33291626, -59.3101196289, 352.085723877, -100.608474731], [224.992050171, 528.953918457, 1088.6697998, 992.541137695, 303.048370361, 196.412231445, -1.20366942883, 27.1541748047, 63.4151802063, 135.065048218, 88.0079498291, 106.581726074, 43.3727798462], [112.579940796, 260.06930542, 468.623504639, 303.048370361, 435.947479248, 155.560882568, 117.808135986, 100.125778198, 48.5231323242, 120.560249329, 20.3432922363, 94.0545043945, 18.1667785645], [481.645141602, -300.615844727, 370.307983398, 196.412231445, 155.560882568, 404.277954102, 93.1956253052, 267.228759766, 9.75179862976, 188.150100708, -4.79499816895, 95.0225601196, 19.0219535828], [-149.021530151, 168.948516846, -240.325332642, -1.20366942883, 117.808135986, 93.1956253052, 346.648223877, 44.9328231812, 122.455879211, -34.763469696, 75.2507553101, -29.5529098511, 43.0070304871], [605.697753906, -514.604309082, 226.371917725, 27.1541748047, 100.125778198, 267.228759766, 44.9328231812, 366.423828125, 17.0876693726, 234.075942993, -37.814617157, 110.026306152, 4.27761411667], [-206.952941895, 301.571807861, -121.115890503, 63.4151802063, 48.5231323242, 9.75179862976, 122.455879211, 17.0876693726, 217.313735962, -17.4508304596, 101.145584106, -43.8562278748, 58.1985969543], [608.522766113, -423.552703857, 453.33291626, 135.065048218, 120.560249329, 188.150100708, -34.763469696, 234.075942993, -17.4508304596, 311.473602295, -37.4483108521, 158.886489868, -13.7300214767], [-238.440170288, 305.732513428, -59.3101196289, 88.0079498291, 20.3432922363, -4.79499816895, 75.2507553101, -37.814617157, 101.145584106, -37.4483108521, 161.725585938, -21.338092804, 58.4533805847], [403.284210205, -239.83354187, 352.085723877, 106.581726074, 94.0545043945, 95.0225601196, -29.5529098511, 110.026306152, -43.8562278748, 158.886489868, -21.338092804, 181.253387451, -8.92841339111], [-114.071266174, 100.12071991, -100.608474731, 43.3727798462, 18.1667785645, 19.0219535828, 43.0070304871, 4.27761411667, 58.1985969543, -13.7300214767, 58.4533805847, -8.92841339111, 105.236457825]],
        "icov": [[0.000728426210117, 0.000139553332701, -0.000118119562103, -0.000114605318231, 0.000274299032753, -5.14998500876e-05, -8.50184296723e-05, -0.00052902684547, 0.000108386935608, -0.00035119446693, 0.000402584351832, -0.000554349913727, 0.000232916863752], [0.000139553332701, 0.00141733954661, -0.000770669023041, 8.53359888424e-05, -0.000823325011879, 0.000490464211907, -0.000232278936892, 0.000936058931984, -0.00117290264461, 0.00131511548534, -0.00105508510023, 0.00099682121072, -0.000367922417354], [-0.000118119562103, -0.000770669023041, 0.00220834696665, -0.00156673113815, -0.000251265184488, -0.000766769750044, 0.00123776379041, -0.00026752622216, 0.000845914764795, -0.00143445318099, 0.000533363374416, -0.00160727056209, 0.00196154788136], [-0.000114605318231, 8.53359888424e-05, -0.00156673113815, 0.00301661132835, -0.000493428960908, -0.000637517834548, -0.000209382822504, 0.00118915596977, -0.000784333620686, 0.000344897212926, -0.000839068379719, 0.000797262357082, -0.0016964279348], [0.000274299032753, -0.000823325011879, -0.000251265184488, -0.000493428960908, 0.00471143005416, -0.000370506866602, -0.00174375763163, -0.00077802274609, 0.000349422654836, -0.00126529159024, 0.00155164708849, -0.00162331329193, -0.000316233898047], [-5.14998500876e-05, 0.000490464211907, -0.000766769750044, -0.000637517834548, -0.000370506866602, 0.00668192235753, -0.00191551272292, -0.00390692288056, 0.00117504026275, 0.000249857810559, -0.000758693844546, 0.00128929503262, -0.00128138042055], [-8.50184296723e-05, -0.000232278936892, 0.00123776379041, -0.000209382822504, -0.00174375763163, -0.00191551272292, 0.00561003526673, -0.000163059143233, -0.00168346741702, 0.000972226203885, -0.000876607373357, -0.000778455636464, 0.00123840197921], [-0.00052902684547, 0.000936058931984, -0.00026752622216, 0.00118915596977, -0.00077802274609, -0.00390692288056, -0.000163059143233, 0.0101788099855, -0.00279075140134, -0.00334456190467, 0.000514496350661, 0.000758809968829, -0.000830863020383], [0.000108386935608, -0.00117290264461, 0.000845914764795, -0.000784333620686, 0.000349422654836, 0.00117504026275, -0.00168346741702, -0.00279075140134, 0.0098434034735, -0.00233037490398, -0.00282538775355, 0.00168279767968, -0.00114152778406], [-0.00035119446693, 0.00131511548534, -0.00143445318099, 0.000344897212926, -0.00126529159024, 0.000249857810559, 0.000972226203885, -0.00334456190467, -0.00233037490398, 0.0121075697243, -0.00093141203979, -0.00347447744571, -0.000142505508848], [0.000402584351832, -0.00105508510023, 0.000533363374416, -0.000839068379719, 0.00155164708849, -0.000758693844546, -0.000876607373357, 0.000514496350661, -0.00282538775355, -0.00093141203979, 0.0120466370136, -0.00229104841128, -0.00294214719906], [-0.000554349913727, 0.00099682121072, -0.00160727056209, 0.000797262357082, -0.00162331329193, 0.00128929503262, -0.000778455636464, 0.000758809968829, 0.00168279767968, -0.00347447744571, -0.00229104841128, 0.0133836660534, -0.00205585057847], [0.000232916863752, -0.000367922417354, 0.00196154788136, -0.0016964279348, -0.000316233898047, -0.00128138042055, 0.00123840197921, -0.000830863020383, -0.00114152778406, -0.000142505508848, -0.00294214719906, -0.00205585057847, 0.0145657509565]]
    },
    "melbands": {
        "dmean": [0.000731628970243, 0.000406711245887, 0.000259005319094, 0.000184943099157, 0.000103764934465, 0.000124644851894, 0.000102950507426, 0.000137734765303, 0.000193764717551, 0.000250455486821, 0.000236217310885, 0.000126337894471, 8.38984415168e-05, 7.05465281499e-05, 4.86541212013e-05, 3.87993895856e-05, 3.54240619345e-05, 2.60883462033e-05, 1.65437286341e-05, 1.1501753761e-05, 1.138717289e-05, 1.00410898085e-05, 1.0593659681e-05, 9.47378157434e-06, 6.250792012e-06, 6.52504650134e-06, 6.79839695295e-06, 6.91304330758e-06, 4.98964436701e-06, 4.39847917733e-06, 4.24078689321e-06, 4.70690883958e-06, 3.9830915739e-06, 2.66837560048e-06, 2.00792464966e-06, 1.51895324052e-06, 1.20110883017e-06, 8.52378036598e-07, 6.8715002044e-07, 6.32853755178e-07],
        "dmean2": [0.00100231345277, 0.00060854665935, 0.000442095653852, 0.000300575280562, 0.000169540871866, 0.000198846086278, 0.000166571189766, 0.000220866801101, 0.000312693155138, 0.000418336130679, 0.000400229357183, 0.00021006676252, 0.000143147961353, 0.000117381605378, 8.17572145024e-05, 6.58474309603e-05, 5.97824800934e-05, 4.34361973021e-05, 2.78318693745e-05, 1.90134760487e-05, 1.8608829123e-05, 1.64605808095e-05, 1.72420295712e-05, 1.55257712322e-05, 1.03987840703e-05, 1.0653748177e-05, 1.06936413431e-05, 1.07639616544e-05, 7.65526147006e-06, 6.71872794555e-06, 6.36866434434e-06, 7.15799387763e-06, 6.00484645474e-06, 3.98060001316e-06, 3.00716465063e-06, 2.23250754061e-06, 1.80383085535e-06, 1.26585325688e-06, 1.02569094906e-06, 9.71386043602e-07],
        "dvar": [1.70724342752e-06, 8.20952266167e-07, 3.46235282223e-07, 1.45821502429e-07, 5.932951197e-08, 1.00554615301e-07, 6.43556035129e-08, 1.17653975451e-07, 1.7963584753e-07, 3.25365675735e-07, 3.67352186004e-07, 8.48987795621e-08, 3.3683026146e-08, 1.6488346688e-08, 8.4895095398e-09, 4.9435331384e-09, 4.17499190775e-09, 2.81721002082e-09, 1.37074196438e-09, 6.19606699281e-10, 5.36186983702e-10, 2.8151495024e-10, 3.69645009046e-10, 3.43992528906e-10, 1.76823167219e-10, 1.70943273425e-10, 3.05986180837e-10, 3.04071934298e-10, 1.37281838675e-10, 1.10256997976e-10, 1.16451806531e-10, 1.37915137643e-10, 9.15289580239e-11, 5.02910074696e-11, 3.32089911126e-11, 1.84717952739e-11, 1.42923797797e-11, 4.99495627151e-12, 3.0456295038e-12, 3.92025257742e-12],
        "dvar2": [3.30518514602e-06, 1.93887558453e-06, 9.93296112028e-07, 3.85471395248e-07, 1.53126194391e-07, 2.38183005763e-07, 1.60222867862e-07, 2.8007522701e-07, 4.12326215837e-07, 9.03784780348e-07, 1.06290769963e-06, 2.3200391297e-07, 9.58723234135e-08, 4.4287805423e-08, 2.24832721329e-08, 1.39820217626e-08, 1.13896785336e-08, 7.24596471713e-09, 3.69743502482e-09, 1.56882840052e-09, 1.28765453855e-09, 7.19684922768e-10, 9.02962982163e-10, 8.76888617274e-10, 4.80024631155e-10, 4.12637396474e-10, 7.08665182092e-10, 6.61447507877e-10, 2.79746559251e-10, 2.33984304154e-10, 2.3978796726e-10, 2.95082402957e-10, 1.9322243805e-10, 9.82755890555e-11, 6.35690944328e-11, 3.48437285969e-11, 2.86117778775e-11, 8.95317500693e-12, 5.81496959959e-12, 7.95630748784e-12],
        "max": [0.0156579408795, 0.0134678697214, 0.012866965495, 0.00750367622823, 0.00766715919599, 0.00616090558469, 0.00441890396178, 0.00878599472344, 0.0101647833362, 0.00916266068816, 0.0150716658682, 0.00599975464866, 0.0046590170823, 0.00252432283014, 0.00209852214903, 0.00114720978308, 0.00143880478572, 0.00138448632788, 0.0010569213191, 0.000638647179585, 0.000902856932953, 0.000310969131533, 0.000431099295383, 0.000432008528151, 0.000406087521696, 0.000308737944579, 0.000411277083913, 0.000473117397632, 0.000287781993393, 0.00026028775028, 0.00030966923805, 0.000346821849234, 0.000195349464775, 0.000200887123356, 0.000239249377046, 0.000122660043417, 0.000177489637281, 7.11890170351e-05, 4.54668770544e-05, 0.000110146895167],
        "mean": [0.00168740784284, 0.000830213073641, 0.000375234958483, 0.000335840333719, 0.000179740090971, 0.000195699656615, 0.000146697260789, 0.000212117272895, 0.000297037797282, 0.000408720195992, 0.000389575667214, 0.000215921681956, 0.000138410920044, 0.000119670410641, 8.20941058919e-05, 6.87807332724e-05, 6.41029910184e-05, 4.73170221085e-05, 2.71928383881e-05, 1.84300315595e-05, 1.87780242413e-05, 1.81836348929e-05, 1.90778409888e-05, 1.68891983776e-05, 1.1276704754e-05, 1.19268133858e-05, 1.20524209706e-05, 1.26292734421e-05, 9.75990587904e-06, 8.2164115156e-06, 8.1174166553e-06, 9.19131434785e-06, 7.78327103035e-06, 4.84809106638e-06, 3.70021894014e-06, 2.66581650976e-06, 2.01619877771e-06, 1.44150783399e-06, 1.11793656288e-06, 1.02031719962e-06],
        "median": [0.000240886467509, 0.000220275294851, 0.00016102041991, 0.000138371091452, 8.12993457657e-05, 4.93668812851e-05, 4.85412965645e-05, 6.26697947155e-05, 8.45511385705e-05, 9.09634036361e-05, 7.4410061643e-05, 6.16704346612e-05, 4.90655838803e-05, 4.87760698888e-05, 3.51120288542e-05, 2.93686334771e-05, 2.66197148449e-05, 2.00762497116e-05, 1.41711761898e-05, 1.00045608633e-05, 9.07376124815e-06, 1.02469257399e-05, 9.90455464489e-06, 8.84311157279e-06, 6.23287769486e-06, 6.10725101069e-06, 4.69762471766e-06, 4.6542572818e-06, 3.68924133909e-06, 3.22806999975e-06, 2.69115412266e-06, 3.04633022097e-06, 2.53482608059e-06, 1.6040206674e-06, 1.18796140214e-06, 8.1468664348e-07, 6.13163877006e-07, 4.38408903847e-07, 3.21059275166e-07, 2.15507483858e-07],
        "min": [3.66920643767e-17, 2.64108280938e-17, 1.58762644395e-17, 1.26618604315e-17, 1.487300189e-17, 1.42635219798e-17, 8.76327714084e-18, 4.90221889867e-18, 3.79350529668e-18, 1.41368113516e-18, 3.40564299579e-18, 9.54144895646e-18, 9.44888992746e-18, 7.30152492137e-18, 1.02082193959e-17, 1.31484304017e-17, 7.18449788984e-18, 1.15870947354e-17, 1.76477494763e-17, 1.77976991234e-17, 1.81384462506e-17, 9.2929531471e-18, 1.9839889769e-18, 7.38719767177e-18, 2.24599818777e-17, 1.81603930066e-17, 1.12698436736e-17, 7.36673570496e-18, 7.44847521155e-18, 6.28907363599e-18, 1.76024034351e-17, 1.95176342644e-17, 4.84546975915e-18, 1.18769702549e-17, 1.28026606338e-17, 1.24966071159e-17, 8.17295142489e-18, 1.89629186738e-17, 7.59746698348e-18, 9.64974344226e-18],
        "var": [6.56335487292e-06, 1.78836455689e-06, 3.86765265148e-07, 2.8078633818e-07, 9.67498863247e-08, 1.80417572437e-07, 8.90065905423e-08, 2.52674510648e-07, 3.70996957599e-07, 6.54949758427e-07, 7.90448325461e-07, 1.97979829863e-07, 6.8534440345e-08, 3.46718458388e-08, 1.73638330381e-08, 1.17642464659e-08, 1.05418980212e-08, 6.92015422743e-09, 1.87307280797e-09, 8.38039526663e-10, 9.15215070396e-10, 5.30814614486e-10, 8.00447819138e-10, 6.62278176744e-10, 3.43262140934e-10, 3.51330964321e-10, 6.29719054679e-10, 7.07337799444e-10, 4.12866796307e-10, 2.7138416514e-10, 3.2030011976e-10, 3.86246812312e-10, 2.55530152593e-10, 1.19317833391e-10, 7.77106989869e-11, 4.28658948615e-11, 2.80267909575e-11, 1.21308987161e-11, 7.06628635813e-12, 1.27090282742e-11]
    },
    "mfcc": {
        "mean": [-630.864318848, 97.9495620728, -17.4147396088, 8.91633796692, -16.6195545197, 8.73524093628, -0.67626875639, 9.75414562225, 0.0501348674297, 2.83631372452, 2.66785645485, -0.768492639065, -4.77133178711],
        "cov": [[2161.44067383, -1038.40246582, 216.036956787, -115.307807922, 61.5086975098, 18.5569915771, 130.40020752, 54.5313301086, 214.60295105, 126.898345947, 62.6887779236, 130.351852417, 153.547546387], [-1038.40246582, 1666.02490234, 201.770172119, 384.360595703, 157.143630981, 106.842247009, -62.9693222046, 23.1865177155, -141.181610107, -69.3234939575, 1.51868057251, -39.4962501526, -46.6950912476], [216.036956787, 201.770172119, 1778.60620117, 851.06854248, 706.425537109, 354.448394775, 122.889854431, -13.829577446, 57.8679428101, -62.569355011, 74.0386352539, 174.193695068, 238.521560669], [-115.307807922, 384.360595703, 851.06854248, 804.672912598, 443.330200195, 279.171783447, 83.6974868774, 15.7368469238, 23.3695144653, -27.4120311737, 19.7494544983, 100.427558899, 133.740646362], [61.5086975098, 157.143630981, 706.425537109, 443.330200195, 545.552185059, 207.426071167, 115.706420898, 17.8310623169, 98.9424667358, 16.9943084717, 48.5089492798, 106.972709656, 141.561126709], [18.5569915771, 106.842247009, 354.448394775, 279.171783447, 207.426071167, 262.703308105, 136.948120117, 79.091506958, 74.3669128418, 40.3525733948, 45.9313774109, 63.0547561646, 71.4653625488], [130.40020752, -62.9693222046, 122.889854431, 83.6974868774, 115.706420898, 136.948120117, 245.015609741, 102.782341003, 103.542137146, 68.9751739502, 61.5351867676, 46.8278045654, 56.3794822693], [54.5313301086, 23.1865177155, -13.829577446, 15.7368469238, 17.8310623169, 79.091506958, 102.782341003, 171.559921265, 77.0159454346, 70.7900085449, 52.3284263611, 37.5139923096, 24.1532440186], [214.60295105, -141.181610107, 57.8679428101, 23.3695144653, 98.9424667358, 74.3669128418, 103.542137146, 77.0159454346, 190.44593811, 101.586143494, 66.039390564, 58.8219413757, 57.4764328003], [126.898345947, -69.3234939575, -62.569355011, -27.4120311737, 16.9943084717, 40.3525733948, 68.9751739502, 70.7900085449, 101.586143494, 144.547164917, 66.154586792, 45.5692520142, 26.6209506989], [62.6887779236, 1.51868057251, 74.0386352539, 19.7494544983, 48.5089492798, 45.9313774109, 61.5351867676, 52.3284263611, 66.039390564, 66.154586792, 115.199531555, 54.7156333923, 41.3067703247], [130.351852417, -39.4962501526, 174.193695068, 100.427558899, 106.972709656, 63.0547561646, 46.8278045654, 37.5139923096, 58.8219413757, 45.5692520142, 54.7156333923, 129.658752441, 82.0156784058], [153.547546387, -46.6950912476, 238.521560669, 133.740646362, 141.561126709, 71.4653625488, 56.3794822693, 24.1532440186, 57.4764328003, 26.6209506989, 41.3067703247, 82.0156784058, 133.915313721]],
