{
"lowlevel": {
    "average_loudness": 0.751269459724,
    "barkbands_crest": {
        "dmean": 2.5672287941,
        "dmean2": 4.1481385231,
        "dvar": 5.11404705048,
        "dvar2": 12.6539783478,
        "max": 25.731803894,
        "mean": 10.1673622131,
        "median": 9.32264518738,
        "min": 2.48284196854,
        "var": 16.9680194855
    },
    "barkbands_flatness_db": {
        "dmean": 0.0218644794077,
        "dmean2": 0.0323903933167,
        "dvar": 0.000381209829357,
        "dvar2": 0.000826532777864,
        "max": 0.573807656765,
        "mean": 0.157078161836,
        "median": 0.141295939684,
        "min": 0.0208528172225,
        "var": 0.00518343178555
    },
    "barkbands_kurtosis": {
        "dmean": 2.56714367867,
        "dmean2": 4.07488107681,
        "dvar": 44.58335495,
        "dvar2": 106.477684021,
        "max": 403.221588135,
        "mean": 4.25670623779,
        "median": 1.432035923,
        "min": -1.9240758419,
        "var": 133.046539307
    },
    "barkbands_skewness": {
        "dmean": 0.472248405218,
        "dmean2": 0.734660804272,
        "dvar": 0.26693379879,
        "dvar2": 0.618325233459,
        "max": 12.4039468765,
        "mean": 1.40410172939,
        "median": 1.22388017178,
        "min": -6.23706293106,
        "var": 1.54566669464
    },
    "barkbands_spread": {
        "dmean": 5.24660396576,
        "dmean2": 8.03810882568,
        "dvar": 49.5789070129,
        "dvar2": 105.152168274,
        "max": 126.638046265,
        "mean": 22.1646881104,
        "median": 19.9624557495,
        "min": 0.126989126205,
        "var": 222.241470337
    },
    "dissonance": {
        "dmean": 0.0197651833296,
        "dmean2": 0.0337390117347,
        "dvar": 0.00037444854388,
        "dvar2": 0.00102368171792,
        "max": 0.500000119209,
        "mean": 0.464614063501,
        "median": 0.472693771124,
        "min": 0.241355866194,
        "var": 0.000939254648983
    },
    "dynamic_complexity": 3.19751954079,
    "erbbands_crest": {
        "dmean": 2.70952963829,
        "dmean2": 4.44140625,
        "dvar": 6.31039714813,
        "dvar2": 15.783706665,
        "max": 33.1366043091,
        "mean": 9.88073444366,
        "median": 8.68353652954,
        "min": 2.49284243584,
        "var": 23.2913913727
    },
    "erbbands_flatness_db": {
        "dmean": 0.0166283324361,
        "dmean2": 0.0245510227978,
        "dvar": 0.000237678381382,
        "dvar2": 0.000508108932991,
        "max": 0.473587334156,
        "mean": 0.185388922691,
        "median": 0.167103022337,
        "min": 0.0472971200943,
        "var": 0.00485615525395
    },
    "erbbands_kurtosis": {
        "dmean": 1.03835272789,
        "dmean2": 1.66211283207,
        "dvar": 3.34961867332,
        "dvar2": 7.66941356659,
        "max": 70.0625534058,
        "mean": 1.12103450298,
        "median": 0.139871835709,
        "min": -1.88454771042,
        "var": 12.8928308487
    },
    "erbbands_skewness": {
        "dmean": 0.352643281221,
        "dmean2": 0.552972853184,
        "dvar": 0.118165366352,
        "dvar2": 0.270106673241,
        "max": 6.48141002655,
        "mean": 0.522510766983,
        "median": 0.489373743534,
        "min": -4.75326919556,
        "var": 0.800331294537
    },
    "erbbands_spread": {
        "dmean": 6.48016548157,
        "dmean2": 10.1199550629,
        "dvar": 57.9732551575,
        "dvar2": 139.752380371,
        "max": 133.781417847,
        "mean": 34.7175064087,
        "median": 32.3266830444,
        "min": 1.71636676788,
        "var": 322.608734131
    },
    "hfc": {
        "dmean": 5.86668777466,
        "dmean2": 8.51119613647,
        "dvar": 82.1667404175,
        "dvar2": 163.52734375,
        "max": 249.375305176,
        "mean": 23.5832748413,
        "median": 18.8463401794,
        "min": 4.35732744108e-07,
        "var": 425.856109619
    },
    "melbands_crest": {
        "dmean": 3.49293684959,
        "dmean2": 5.63154220581,
        "dvar": 9.49603176117,
        "dvar2": 22.9879665375,
        "max": 34.8917160034,
        "mean": 14.4982976913,
        "median": 13.4096946716,
        "min": 3.68297791481,
        "var": 31.2851390839
    },
    "melbands_flatness_db": {
        "dmean": 0.0248004402965,
        "dmean2": 0.0369219109416,
        "dvar": 0.00054197141435,
        "dvar2": 0.0011823651148,
        "max": 0.724093616009,
        "mean": 0.199951335788,
        "median": 0.181188181043,
        "min": 0.0307816844434,
        "var": 0.00646702107042
    },
    "melbands_kurtosis": {
        "dmean": 5.37256193161,
        "dmean2": 8.51893138885,
        "dvar": 130.726760864,
        "dvar2": 324.017211914,
        "max": 404.979888916,
        "mean": 11.0319299698,
        "median": 5.95212364197,
        "min": -1.87756109238,
        "var": 321.98638916
    },
    "melbands_skewness": {
        "dmean": 0.621445715427,
        "dmean2": 0.980308353901,
        "dvar": 0.449643462896,
        "dvar2": 1.1094533205,
        "max": 13.1767110825,
        "mean": 2.30719661713,
        "median": 2.08199501038,
        "min": -2.4202208519,
        "var": 2.27044320107
    },
    "melbands_spread": {
        "dmean": 6.76510000229,
        "dmean2": 10.4789953232,
        "dvar": 116.371948242,
        "dvar2": 262.246826172,
        "max": 285.052429199,
        "mean": 24.9484596252,
        "median": 20.9907417297,
        "min": 0.20772767067,
        "var": 400.293365479
    },
    "pitch_salience": {
        "dmean": 0.0677066147327,
        "dmean2": 0.109669744968,
        "dvar": 0.00343274371698,
        "dvar2": 0.00864098779857,
        "max": 0.875313401222,
        "mean": 0.549473702908,
        "median": 0.553088605404,
        "min": 0.0838784500957,
        "var": 0.013764379546
    },
    "silence_rate_20dB": {
        "dmean": 0,
        "dmean2": 0,
        "dvar": 0,
        "dvar2": 0,
        "max": 1,
        "mean": 1,
        "median": 1,
        "min": 1,
        "var": 0
    },
    "silence_rate_30dB": {
        "dmean": 0.00303242355585,
        "dmean2": 0.0060655544512,
        "dvar": 0.00302349729463,
        "dvar2": 0.00789615232497,
        "max": 1,
        "mean": 0.997900903225,
        "median": 1,
        "min": 0,
        "var": 0.00209429161623
    },
    "silence_rate_60dB": {
        "dmean": 0.0158619079739,
        "dmean2": 0.0314942263067,
        "dvar": 0.0156099461019,
        "dvar2": 0.0363396778703,
        "max": 1,
        "mean": 0.0727696791291,
        "median": 0,
        "min": 0,
        "var": 0.067485421896
    },
    "spectral_centroid": {
        "dmean": 227.187088013,
        "dmean2": 349.771728516,
        "dvar": 73530.8828125,
        "dvar2": 151448.109375,
        "max": 6133.09765625,
        "mean": 1421.74279785,
        "median": 1397.14245605,
        "min": 116.644943237,
        "var": 448152.03125
    },
    "spectral_complexity": {
        "dmean": 3.02239322662,
        "dmean2": 4.74757957458,
        "dvar": 8.70133781433,
        "dvar2": 19.9897537231,
        "max": 52,
        "mean": 18.9821567535,
        "median": 19,
        "min": 0,
        "var": 85.1595840454
    },
    "spectral_decrease": {
        "dmean": 1.82377490887e-09,
        "dmean2": 2.8608806435e-09,
        "dvar": 5.4021838181e-18,
        "dvar2": 1.36740954092e-17,
        "max": -1.13125650707e-17,
        "mean": -6.49185505353e-09,
        "median": -5.60198154531e-09,
        "min": -3.69636552477e-08,
        "var": 2.37861409968e-17
    },
    "spectral_energy": {
        "dmean": 0.00722703011706,
        "dmean2": 0.0113160461187,
        "dvar": 8.12353173387e-05,
        "dvar2": 0.000205511154491,
        "max": 0.14112855494,
        "mean": 0.0266408696771,
        "median": 0.023299664259,
        "min": 8.22185444727e-11,
        "var": 0.000379277829779
    },
    "spectral_energyband_high": {
        "dmean": 0.000417265662691,
        "dmean2": 0.00058517960133,
        "dvar": 8.91018601124e-07,
        "dvar2": 1.65191761425e-06,
        "max": 0.0267456993461,
        "mean": 0.00112685083877,
        "median": 0.000630896422081,
        "min": 3.32570498918e-11,
        "var": 2.69223232863e-06
    },
    "spectral_energyband_low": {
        "dmean": 0.00429841829464,
        "dmean2": 0.00676735304296,
        "dvar": 5.92338437855e-05,
        "dvar2": 0.000150962878251,
        "max": 0.137462958694,
        "mean": 0.00908515788615,
        "median": 0.00516332639381,
        "min": 4.24836381352e-13,
        "var": 0.000161202595336
    },
    "spectral_energyband_middle_high": {
        "dmean": 0.00189130275976,
        "dmean2": 0.00297342939302,
        "dvar": 8.93724336493e-06,
        "dvar2": 2.39134897129e-05,
        "max": 0.0637350678444,
        "mean": 0.00681636016816,
        "median": 0.0043649491854,
        "min": 3.59266297267e-11,
        "var": 6.2651342887e-05
    },
    "spectral_energyband_middle_low": {
        "dmean": 0.00424087652937,
        "dmean2": 0.00674601364881,
        "dvar": 3.90582463297e-05,
        "dvar2": 9.53702765401e-05,
        "max": 0.0963103249669,
        "mean": 0.0104551082477,
        "median": 0.00734366336837,
        "min": 1.34603734409e-11,
        "var": 0.000102273996163
    },
    "spectral_entropy": {
        "dmean": 0.136492341757,
        "dmean2": 0.204989030957,
        "dvar": 0.0186707098037,
        "dvar2": 0.0388218462467,
        "max": 8.8513584137,
        "mean": 7.57082748413,
        "median": 7.67884778976,
        "min": 5.3239068985,
        "var": 0.227772340178
    },
    "spectral_flux": {
        "dmean": 0.0191276036203,
        "dmean2": 0.0301293749362,
        "dvar": 0.000397691561375,
        "dvar2": 0.000890849914867,
        "max": 0.305604934692,
        "mean": 0.0834956690669,
        "median": 0.0800253227353,
        "min": 5.43932401342e-05,
        "var": 0.00187478843145
    },
    "spectral_kurtosis": {
        "dmean": 1.76900494099,
        "dmean2": 3.00267004967,
        "dvar": 18.7658424377,
        "dvar2": 50.9659347534,
        "max": 200.694412231,
        "mean": 4.12433481216,
        "median": 3.03697824478,
        "min": -1.12799394131,
        "var": 29.8192958832
    },
    "spectral_rms": {
        "dmean": 0.000646906613838,
        "dmean2": 0.00100323092192,
        "dvar": 4.21862097255e-07,
        "dvar2": 1.013245992e-06,
        "max": 0.0117339845747,
        "mean": 0.00471975561231,
        "median": 0.00476774387062,
        "min": 2.83219378616e-07,
        "var": 3.71505507246e-06
    },
    "spectral_rolloff": {
        "dmean": 455.518066406,
        "dmean2": 741.064575195,
        "dvar": 745768.875,
        "dvar2": 1497661.875,
        "max": 15374.7070312,
        "mean": 1622.68896484,
        "median": 1270.45898438,
        "min": 64.599609375,
        "var": 2664024.5
    },
    "spectral_skewness": {
        "dmean": 0.212409541011,
        "dmean2": 0.342900931835,
        "dvar": 0.0693847090006,
        "dvar2": 0.176351249218,
        "max": 8.85356044769,
        "mean": 1.45735275745,
        "median": 1.37012887001,
        "min": -0.214734733105,
        "var": 0.311892926693
    },
    "spectral_spread": {
        "dmean": 435827.59375,
        "dmean2": 611782.375,
        "dvar": 289506295808,
        "dvar2": 477655007232,
        "max": 17251660,
        "mean": 4402113.5,
        "median": 4339894.5,
        "min": 240774.5,
        "var": 2.6063470592e+12
    },
    "spectral_strongpeak": {
        "dmean": 0.62831133604,
        "dmean2": 1.07639503479,
        "dvar": 1.26654362679,
        "dvar2": 3.31585741043,
        "max": 21.2356891632,
        "mean": 1.15867781639,
        "median": 0.508728682995,
        "min": 0,
        "var": 2.4660077095
    },
    "zerocrossingrate": {
        "dmean": 0.00924613606185,
        "dmean2": 0.0105772437528,
        "dvar": 0.000171935535036,
        "dvar2": 0.000176567962626,
        "max": 0.4814453125,
        "mean": 0.0630059316754,
        "median": 0.05859375,
        "min": 0.001953125,
        "var": 0.00171553355176
    },
    "barkbands": {
        "dmean": [0.000230292105698, 0.00320654385723, 0.00171946792398, 0.00076893507503, 0.00132019643206, 0.00107097264845, 0.000362389109796, 0.000989829190075, 0.0014531359775, 0.000897463702131, 0.000579404877499, 0.000547826464754, 0.000339538702974, 0.000324925029417, 0.000243397429585, 0.000216844506213, 0.0002316369646, 0.00022059433104, 0.000131522392621, 0.000118630487123, 8.04294686532e-05, 0.000139431591379, 0.000113196969323, 7.12451146683e-05, 5.12541082571e-05, 1.75762961589e-05, 2.03017657441e-06],
        "dmean2": [0.000307216512738, 0.00462341913953, 0.0030441749841, 0.00132337282412, 0.00220599211752, 0.00170180317946, 0.000576442107558, 0.00156950892415, 0.00236759916879, 0.00146187620703, 0.000945703533944, 0.000900499231648, 0.000554139842279, 0.000533468439244, 0.000398179894546, 0.000341977225617, 0.000360262085451, 0.0003424139868, 0.000206677839742, 0.000185473676538, 0.000124168058392, 0.000205044809263, 0.000167329897522, 0.000103108548501, 7.37034060876e-05, 2.49081367656e-05, 3.20692743117e-06],
        "dvar": [3.50283585249e-07, 4.11642067775e-05, 1.94787680812e-05, 4.08932419305e-06, 9.97003189696e-06, 7.80300797487e-06, 9.04523574263e-07, 7.99713870947e-06, 1.04784876385e-05, 3.49526453647e-06, 2.63936362899e-06, 2.77012713923e-06, 6.0642975086e-07, 4.26148176302e-07, 2.42191646294e-07, 2.46785248237e-07, 2.61382012923e-07, 1.6569840966e-07, 5.58500694581e-08, 4.38214620146e-08, 2.32036434511e-08, 8.12802909422e-08, 9.89077975078e-08, 9.96323237246e-08, 5.40734639287e-08, 6.13980732922e-09, 2.25297738798e-10],
        "dvar2": [5.81325821258e-07, 8.45288668643e-05, 5.58068350074e-05, 1.13820624392e-05, 2.53775779129e-05, 1.87054083653e-05, 2.13601856558e-06, 1.94183448912e-05, 2.66087154159e-05, 8.77794082044e-06, 6.95934568284e-06, 7.57998850531e-06, 1.55230827659e-06, 1.06772824893e-06, 6.22905758974e-07, 5.92469973526e-07, 6.1152758235e-07, 3.61143719374e-07, 1.29679335714e-07, 1.00135402192e-07, 5.32644719442e-08, 1.7212103387e-07, 2.05609779869e-07, 1.9920962302e-07, 1.10869720515e-07, 1.3401794341e-08, 5.54614520976e-10],
        "max": [0.0126222912222, 0.130299657583, 0.089071020484, 0.0347241461277, 0.0786275565624, 0.0656556338072, 0.0289748087525, 0.0654915496707, 0.0665409564972, 0.0519781671464, 0.0341967381537, 0.0379121899605, 0.0221346076578, 0.0154650136828, 0.0109722996131, 0.0107313282788, 0.0212778635323, 0.00997325405478, 0.00687312055379, 0.0044176382944, 0.00283935829066, 0.0114302905276, 0.0129674235359, 0.0113048236817, 0.0101774754003, 0.00464160135016, 0.00095519045135],
        "mean": [0.000354365620296, 0.00572157185525, 0.00247000320815, 0.00103450065944, 0.00214628363028, 0.00173462682869, 0.000571613840293, 0.00140960339922, 0.00296584190801, 0.0016226322623, 0.000990380649455, 0.000947264721617, 0.000654623610899, 0.000627004192211, 0.000412249966757, 0.000395145179937, 0.000533535669092, 0.000473704276374, 0.000313969241688, 0.000290894327918, 0.000180627845111, 0.000316972495057, 0.000230531863053, 0.000118341013149, 9.18341611396e-05, 2.96457001241e-05, 3.10157702188e-06],
        "median": [4.14251226175e-05, 0.00207473547198, 0.00116962310858, 0.000446548743639, 0.000899894745089, 0.000574538600631, 0.00019347682246, 0.000380000245059, 0.000563134788536, 0.000515014631674, 0.000275213416899, 0.000233951839618, 0.000225366209634, 0.000249742064625, 0.000194467807887, 0.000151836531586, 0.000185804296052, 0.000214531988604, 0.000162517404533, 0.000122801124235, 8.93452161108e-05, 0.000129000894958, 8.21043358883e-05, 3.51958624378e-05, 2.27147102123e-05, 4.05817354476e-06, 2.61767096887e-09],
        "min": [1.08688259131e-13, 1.1814874979e-13, 1.09197278498e-13, 1.53648835734e-13, 7.92449656242e-13, 2.13228984166e-13, 2.22464928423e-12, 5.25972494725e-12, 2.87460506787e-12, 1.1966814692e-11, 7.0063525294e-12, 3.75488399054e-12, 2.08040615984e-12, 1.92509896912e-12, 8.47803977629e-13, 1.96635351231e-12, 1.65111652649e-12, 1.06584966547e-12, 1.6199611097e-12, 4.59395976121e-12, 2.72790015403e-12, 2.89790500624e-12, 2.19466632367e-12, 4.29765164428e-12, 3.70749394726e-12, 3.39420267066e-12, 1.13450785225e-11],
        "var": [8.20256559564e-07, 0.000106256382423, 1.7660395315e-05, 3.77266860596e-06, 1.61521547852e-05, 1.5084889128e-05, 1.84291934602e-06, 1.15000420919e-05, 3.40133992722e-05, 9.65558501775e-06, 6.01237934461e-06, 6.30167869531e-06, 1.73819614702e-06, 1.20750132737e-06, 5.10977031354e-07, 5.76931711294e-07, 1.93525193026e-06, 5.57040607418e-07, 2.04549138516e-07, 1.92956136402e-07, 6.68391493264e-08, 2.52311139093e-07, 2.30829172665e-07, 1.7604253344e-07, 1.35363606546e-07, 1.8004509883e-08, 9.68953361991e-10]
    },
    "erbbands": {
        "dmean": [0.1293707937, 0.624082565308, 1.74703335762, 2.19503736496, 2.95889902115, 4.47261953354, 9.47219562531, 8.0447769165, 4.80740451813, 12.0559635162, 21.3328132629, 34.3275184631, 31.7975273132, 21.2401828766, 24.1053886414, 16.336025238, 14.2949399948, 14.4438199997, 12.9026346207, 11.3543567657, 11.2993545532, 11.5524568558, 11.8506412506, 7.60898303986, 5.52811574936, 5.33910322189, 3.58423352242, 3.32617163658, 4.32706308365, 5.05487632751, 2.97721815109, 1.63513374329, 1.14972341061, 0.710228741169, 0.301568597555, 0.104793906212, 0.0298942923546, 0.00422793347389, 0.000400251359679, 2.28967546718e-05],
        "dmean2": [0.166710108519, 0.989571988583, 3.06109070778, 3.73670721054, 5.12816953659, 7.45394277573, 15.419752121, 12.6845407486, 7.48254537582, 19.1484241486, 33.889881134, 55.2936134338, 51.4010467529, 34.6366653442, 39.9262390137, 26.8528308868, 23.5009098053, 23.6412506104, 21.1039009094, 18.0302047729, 17.3973827362, 17.7371692657, 18.1715354919, 11.8302907944, 8.4277639389, 8.27786922455, 5.5757060051, 4.97187423706, 6.38132667542, 7.37108278275, 4.41203784943, 2.44884967804, 1.68333053589, 1.03942131996, 0.428039729595, 0.1444029212, 0.0449814796448, 0.00630334811285, 0.00063868239522, 3.63909020962e-05],
        "dvar": [0.0998546779156, 1.33043754101, 16.8293228149, 32.8374328613, 59.1781196594, 157.351119995, 629.690979004, 531.109008789, 158.264068604, 1600.38208008, 2897.52929688, 6597.66845703, 4766.10839844, 2793.6081543, 4556.95458984, 2153.20166016, 1012.3614502, 753.014282227, 709.341918945, 555.26171875, 658.579650879, 516.751708984, 464.232574463, 185.499084473, 102.984634399, 88.3483200073, 38.9793205261, 47.7736282349, 83.6668014526, 135.539031982, 89.3754653931, 46.2351226807, 28.6246814728, 11.8691053391, 1.60307526588, 0.195257514715, 0.0465109720826, 0.000356408010703, 1.00016086435e-05, 4.70062211377e-08],
        "dvar2": [0.164301812649, 3.2687485218, 47.998714447, 87.3206253052, 167.775497437, 400.02432251, 1620.80651855, 1226.92822266, 353.105712891, 3826.15429688, 6928.17626953, 16666.3554688, 12292.53125, 7487.21435547, 12890.140625, 5601.91259766, 2630.67993164, 1941.71118164, 1795.41113281, 1369.31689453, 1537.83007812, 1148.41162109, 1006.77301025, 421.022247314, 229.763305664, 201.462722778, 95.2665634155, 102.702980042, 178.859176636, 283.852844238, 182.869552612, 94.7040863037, 58.0517959595, 25.8413619995, 2.95884847641, 0.355446666479, 0.119210019708, 0.000876937876455, 2.54774458881e-05, 1.22474432374e-07],
        "max": [6.05217504501, 22.3213939667, 87.6044616699, 135.261749268, 172.756759644, 293.089782715, 647.961364746, 641.653381348, 404.834960938, 1191.91137695, 1057.73962402, 2045.68920898, 1487.82141113, 1121.48828125, 1419.7121582, 1285.02319336, 858.475280762, 735.911621094, 767.242492676, 492.128723145, 679.926452637, 864.30657959, 542.256225586, 460.794403076, 278.756225586, 197.677597046, 125.314796448, 218.614196777, 462.782501221, 330.630981445, 420.746826172, 190.715179443, 197.932800293, 171.906478882, 60.5253486633, 21.1614952087, 15.3115377426, 1.05683994293, 0.192543745041, 0.015776058659],
        "mean": [0.207948327065, 1.10878062248, 2.80808067322, 3.27258467674, 4.5176782608, 6.87075138092, 14.1563444138, 13.1621875763, 8.90463924408, 17.4208717346, 34.5960578918, 70.0141372681, 61.8538208008, 41.8508644104, 45.859375, 32.8765029907, 30.2861785889, 30.1065921783, 26.8230934143, 21.9444198608, 24.5717830658, 28.3497619629, 27.134929657, 19.1825752258, 14.3491601944, 13.469083786, 8.50439739227, 7.79118156433, 10.0920267105, 11.0849685669, 5.97905492783, 2.85623621941, 1.86419177055, 1.2675191164, 0.513380408287, 0.173325717449, 0.0480494946241, 0.00619000941515, 0.000679485150613, 5.82592292631e-05],
        "median": [0.0439559817314, 0.495330929756, 1.43486690521, 1.76030242443, 1.94958019257, 2.63115477562, 4.23225784302, 4.41604185104, 3.13754248619, 5.62839508057, 11.3846435547, 14.4795131683, 19.3279399872, 13.3097047806, 13.2018108368, 10.5432081223, 11.697810173, 13.4454603195, 12.8209543228, 11.0775108337, 9.24075508118, 11.2982158661, 13.016456604, 10.0457286835, 6.97515487671, 5.88942480087, 4.35556316376, 3.48107194901, 4.33941507339, 3.92501544952, 2.23501873016, 0.996659696102, 0.512051701546, 0.30069476366, 0.113999255002, 0.0326412133873, 0.00416568946093, 0.000211691702134, 2.95531262964e-05, 3.36119010171e-05],
        "min": [3.38665206989e-12, 2.71666491386e-11, 1.56316112832e-10, 3.92376464653e-10, 1.31383071089e-09, 3.17080450785e-09, 2.23633933594e-09, 1.93137972282e-09, 1.76308301292e-08, 7.06447735865e-08, 1.15562919234e-07, 5.4234096325e-08, 2.05922063401e-07, 4.42222926722e-07, 3.15712867405e-07, 1.39007170219e-07, 9.55275538672e-08, 9.64524176084e-08, 6.13843411656e-08, 7.71800259258e-08, 9.45590699075e-08, 9.16350799685e-08, 6.87705110636e-08, 5.99958056569e-08, 1.39628824058e-07, 2.03694909828e-07, 1.09669656467e-07, 1.26938772382e-07, 1.21896889027e-07, 5.92520379428e-08, 7.07024199187e-08, 8.79658159647e-08, 6.23113578513e-08, 3.33646532624e-08, 3.2303315578e-08, 1.07855591125e-08, 6.02736482946e-09, 9.05821107011e-09, 2.08456718553e-09, 6.73095815196e-11],
        "var": [0.249194040895, 2.89248800278, 18.4015350342, 32.1208534241, 68.2855529785, 240.629776001, 1052.4744873, 952.584106445, 460.533599854, 2287.13110352, 5060.9140625, 21000.3671875, 13200.0966797, 7325.71972656, 12065.5175781, 6080.70849609, 3233.4753418, 2255.04541016, 1940.90100098, 1274.7130127, 2539.75219727, 3310.97973633, 1622.296875, 828.647033691, 412.330993652, 390.254425049, 125.308486938, 152.6769104, 256.661499023, 471.550720215, 177.741378784, 83.6870269775, 48.015460968, 30.1450271606, 3.59430265427, 0.451235055923, 0.107038453221, 0.000954101968091, 4.69082624477e-05, 1.25426254272e-07]
    },
    "gfcc": {
        "mean": [-16.1943092346, 93.9125366211, -141.341094971, 33.1802253723, -69.6255874634, 18.7255840302, -28.7937431335, 8.2384185791, -16.7976703644, -6.68433332443, -13.2640256882, -3.46707487106, -8.42897224426],
        "cov": [[8003.78466797, -2279.97412109, 1294.70471191, 876.023986816, 258.955383301, 962.098266602, -587.19317627, 947.920043945, -208.666168213, 845.393859863, -381.368133545, 642.026977539, -174.28805542], [-2279.97412109, 2714.79638672, 676.051879883, 389.577941895, 536.256286621, -259.968536377, 443.90020752, -369.334106445, 197.498962402, -283.871826172, 280.566345215, -193.604675293, 32.0468635559], [1294.70471191, 676.051879883, 2455.43408203, 791.605773926, 499.165802002, 322.000854492, -338.422058105, 193.866317749, -155.728805542, 272.49319458, -65.161026001, 262.774841309, -122.252174377], [876.023986816, 389.577941895, 791.605773926, 804.42565918, 278.03302002, 142.437545776, -95.6479568481, 69.8322143555, 86.6445770264, 61.847782135, 27.0488319397, 124.827644348, 23.7693119049], [258.955383301, 536.256286621, 499.165802002, 278.03302002, 528.345397949, 87.4927597046, 150.346389771, 47.7725715637, 21.6695861816, 79.3372955322, 0.53134137392, 66.9455184937, -2.46168041229], [962.098266602, -259.968536377, 322.000854492, 142.437545776, 87.4927597046, 398.290863037, 10.9627189636, 169.415863037, -45.0252571106, 117.157089233, -14.416053772, 35.2411270142, -21.9083786011], [-587.19317627, 443.90020752, -338.422058105, -95.6479568481, 150.346389771, 10.9627189636, 475.113616943, -68.2476806641, 87.154838562, -60.0893096924, 80.5527877808, -102.689498901, 18.6806335449], [947.920043945, -369.334106445, 193.866317749, 69.8322143555, 47.7725715637, 169.415863037, -68.2476806641, 262.975311279, -20.7821655273, 132.850723267, -45.5489692688, 75.3057632446, -16.763261795], [-208.666168213, 197.498962402, -155.728805542, 86.6445770264, 21.6695861816, -45.0252571106, 87.154838562, -20.7821655273, 198.945129395, -44.4692268372, 72.2878646851, -26.4287414551, 38.207660675], [845.393859863, -283.871826172, 272.49319458, 61.847782135, 79.3372955322, 117.157089233, -60.0893096924, 132.850723267, -44.4692268372, 227.964767456, -50.8534736633, 106.415298462, -24.9622058868], [-381.368133545, 280.566345215, -65.161026001, 27.0488319397, 0.53134137392, -14.416053772, 80.5527877808, -45.5489692688, 72.2878646851, -50.8534736633, 155.459671021, -25.0433139801, 36.8654975891], [642.026977539, -193.604675293, 262.774841309, 124.827644348, 66.9455184937, 35.2411270142, -102.689498901, 75.3057632446, -26.4287414551, 106.415298462, -25.0433139801, 192.648910522, 0.553381621838], [-174.28805542, 32.0468635559, -122.252174377, 23.7693119049, -2.46168041229, -21.9083786011, 18.6806335449, -16.763261795, 38.207660675, -24.9622058868, 36.8654975891, 0.553381621838, 116.970497131]],
        "icov": [[0.000449556449894, 0.000105304548924, 0.000164485056303, -0.000454468361568, 1.58936927619e-05, -0.000482019153424, 0.000119705830002, -0.000574206642341, 3.80763995054e-05, -0.000593330303673, 0.000372881477233, -0.000571227748878, 0.000460028881207], [0.000105304548924, 0.00158994738013, -0.000777149223723, -0.000291417585686, -0.00102425843943, 0.0010160417296, -0.000886730616912, 0.000773000763729, -0.000258385844063, 0.000798203342129, -0.0015566109214, 0.00121191912331, 0.000129024512717], [0.000164485056303, -0.000777149223723, 0.00151338940486, -0.000753379019443, -0.000194336360437, -0.00104833231308, 0.00122114166152, -0.000510064244736, 0.000888268754352, -0.00108151661698, 0.000514810148161, -0.00101250817534, 0.00104584998917], [-0.000454468361568, -0.000291417585686, -0.000753379019443, 0.00312416884117, -0.000647101725917, -0.000385616585845, 0.000598017242737, 0.00074574071914, -0.00185741495807, 0.00117694027722, -9.81982666417e-05, -0.000366561231203, -0.00120349111967], [1.58936927619e-05, -0.00102425843943, -0.000194336360437, -0.000647101725917, 0.00437665730715, -0.0003498015285, -0.00158616690896, -0.000883348169737, 0.000184649936273, -0.00107767723966, 0.00187146419194, -0.00148973369505, -0.000487077399157], [-0.000482019153424, 0.0010160417296, -0.00104833231308, -0.000385616585845, -0.0003498015285, 0.00567165762186, -0.00177589431405, -0.0012498855358, 0.00110699317884, 0.0003333358909, -0.00217963056639, 0.00261901388876, -0.000470364524517], [0.000119705830002, -0.000886730616912, 0.00122114166152, 0.000598017242737, -0.00158616690896, -0.00177589431405, 0.00477021746337, 0.000207270059036, -0.000760213413741, -0.000867333263159, -0.000295759091387, 0.000329090777086, 0.00063282501651], [-0.000574206642341, 0.000773000763729, -0.000510064244736, 0.00074574071914, -0.000883348169737, -0.0012498855358, 0.000207270059036, 0.00828635785729, -0.0014128938783, -0.00104411190841, -0.000405428319937, 0.000641570368316, -0.000486819626531], [3.80763995054e-05, -0.000258385844063, 0.000888268754352, -0.00185741495807, 0.000184649936273, 0.00110699317884, -0.000760213413741, -0.0014128938783, 0.00819490570575, -0.000199716057978, -0.00237517920323, 0.000412715802668, -0.00040931039257], [-0.000593330303673, 0.000798203342129, -0.00108151661698, 0.00117694027722, -0.00107767723966, 0.0003333358909, -0.000867333263159, -0.00104411190841, -0.000199716057978, 0.00982420612127, -0.00030839786632, -0.00174223131035, -0.000176417583134], [0.000372881477233, -0.0015566109214, 0.000514810148161, -9.81982666417e-05, 0.00187146419194, -0.00217963056639, -0.000295759091387, -0.000405428319937, -0.00237517920323, -0.00030839786632, 0.0112272128463, -0.00238762563094, -0.00165679643396], [-0.000571227748878, 0.00121191912331, -0.00101250817534, -0.000366561231203, -0.00148973369505, 0.00261901388876, 0.000329090777086, 0.000641570368316, 0.000412715802668, -0.00174223131035, -0.00238762563094, 0.0106070581824, -0.00147262855899], [0.000460028881207, 0.000129024512717, 0.00104584998917, -0.00120349111967, -0.000487077399157, -0.000470364524517, 0.00063282501651, -0.000486819626531, -0.00040931039257, -0.000176417583134, -0.00165679643396, -0.00147262855899, 0.0108929062262]]
    },
    "melbands": {
        "dmean": [0.000974313705228, 0.000801759713795, 0.000379476434318, 0.000241888352321, 0.000311212614179, 0.000181728610187, 7.13279659976e-05, 0.000154673893121, 0.000187719939277, 0.000220951638767, 0.000161788892001, 9.15845012059e-05, 7.68534882809e-05, 6.76470444887e-05, 3.58329743904e-05, 3.4185617551e-05, 2.91333853966e-05, 2.40834961005e-05, 1.93591877178e-05, 1.58137063409e-05, 1.46890606629e-05, 1.37156557685e-05, 1.33752628244e-05, 1.01168079709e-05, 6.69678820486e-06, 4.57964824818e-06, 4.31567241321e-06, 3.95322604163e-06, 2.72241754828e-06, 1.9632684598e-06, 2.13271846405e-06, 2.43250428866e-06, 3.22715641232e-06, 2.7656471957e-06, 1.91365029423e-06, 1.309714321e-06, 9.58232135417e-07, 8.72974908361e-07, 6.84451435973e-07, 6.31986267763e-07],
        "dmean2": [0.00131393643096, 0.00138166488614, 0.000642397964839, 0.000413571862737, 0.000506354612298, 0.000286060618237, 0.000111951761937, 0.000244578492129, 0.000299539300613, 0.000356222270057, 0.000261366221821, 0.000149631130625, 0.000125879552797, 0.000111787885544, 5.89040391787e-05, 5.62270543014e-05, 4.77023277199e-05, 3.95534516429e-05, 3.1377247069e-05, 2.4959053917e-05, 2.29115412367e-05, 2.1075402401e-05, 2.081585626e-05, 1.55830894073e-05, 1.05953231468e-05, 7.06381160853e-06, 6.64244453219e-06, 6.22712650511e-06, 4.29331021223e-06, 3.08534140459e-06, 3.21604670717e-06, 3.64923266716e-06, 4.79575192003e-06, 4.08250207329e-06, 2.88059550257e-06, 1.99856481231e-06, 1.42877433973e-06, 1.3030877426e-06, 9.98729547064e-07, 9.56205326474e-07],
        "dvar": [4.63381502414e-06, 2.64009713646e-06, 8.83265158791e-07, 3.63615185961e-07, 6.32696412595e-07, 2.4509489549e-07, 3.41841968066e-08, 2.5877943699e-07, 2.08020324521e-07, 2.61675410229e-07, 1.22554311588e-07, 4.77317492198e-08, 4.37135589948e-08, 4.40846257277e-08, 9.59828838631e-09, 6.89578705249e-09, 3.05664737965e-09, 3.00434899181e-09, 1.83335713277e-09, 1.20828591577e-09, 1.27603128064e-09, 9.39283983925e-10, 7.08864578147e-10, 3.69847624748e-10, 1.52111157004e-10, 7.01379718193e-11, 7.3556813418e-11, 5.18972434471e-11, 2.16948108783e-11, 1.62741972676e-11, 2.20106415733e-11, 3.45119349765e-11, 4.56635423918e-11, 4.26115080721e-11, 3.31380027585e-11, 3.02629067639e-11, 1.58941054762e-11, 1.7948625225e-11, 8.4544281298e-12, 1.42912816997e-11],
        "dvar2": [8.43418456498e-06, 7.53214089855e-06, 2.29125248552e-06, 9.88416900327e-07, 1.60187437359e-06, 5.65265281693e-07, 7.70387273974e-08, 6.26747578281e-07, 5.0435016874e-07, 6.6206939664e-07, 3.14778844768e-07, 1.26293699054e-07, 1.18664722493e-07, 1.229939528e-07, 2.57711239016e-08, 1.88166264792e-08, 7.76125208546e-09, 7.55777573858e-09, 4.67984184738e-09, 2.89869306336e-09, 2.98601698923e-09, 2.10853379201e-09, 1.66180735839e-09, 7.9141215803e-10, 3.52830209494e-10, 1.61625851591e-10, 1.6472902209e-10, 1.23376087124e-10, 5.30250530983e-11, 3.89128625156e-11, 4.80309125805e-11, 7.66928048845e-11, 9.62177351682e-11, 9.17981246573e-11, 6.71867492197e-11, 6.6991308334e-11, 3.22458587609e-11, 3.80329240324e-11, 1.68216222202e-11, 3.35895512793e-11],
        "max": [0.0438987649977, 0.0359475314617, 0.0197796188295, 0.0117929186672, 0.0176808461547, 0.0131687223911, 0.00547619303688, 0.0151078980416, 0.00836199056357, 0.0119756972417, 0.00738254515454, 0.00440377276391, 0.00473635317758, 0.00560343265533, 0.00298526627012, 0.00254481565207, 0.00170994491782, 0.00170937681105, 0.00109744013753, 0.000872362230439, 0.00107934046537, 0.00135372043587, 0.000744739896618, 0.000528670381755, 0.000441163312644, 0.00025097746402, 0.000219671390369, 0.000139474796015, 9.74728318397e-05, 9.48685919866e-05, 0.000184468808584, 0.000360767997336, 0.000171781241079, 0.000174981018063, 0.00028012925759, 0.000173342719791, 0.000116004681331, 0.000156365713337, 0.000122273719171, 0.000228262899327],
        "mean": [0.00167454604525, 0.00148302619345, 0.000618605525233, 0.000383863662137, 0.000478955364088, 0.00030259162304, 0.000127112332848, 0.000218340574065, 0.000306188885588, 0.000448579725344, 0.00030405758298, 0.000170295097632, 0.000141689830343, 0.000119669915875, 6.81649325998e-05, 6.54160830891e-05, 5.53643185413e-05, 4.62798016088e-05, 3.21047955367e-05, 2.80146341538e-05, 2.99215353152e-05, 3.0791212339e-05, 2.72282541118e-05, 2.11431015487e-05, 1.51683152581e-05, 1.03969732663e-05, 9.99249277811e-06, 8.92867501534e-06, 5.82123311688e-06, 4.05133550885e-06, 4.60193996332e-06, 5.3404951359e-06, 6.83586313244e-06, 5.6975472944e-06, 3.67240500054e-06, 2.24257655645e-06, 1.52989900926e-06, 1.3215361605e-06, 1.10988594315e-06, 1.10851874524e-06],
        "median": [0.000512654543854, 0.000878849241417, 0.000356477394234, 0.000164719414897, 0.000157832997502, 0.000102127407445, 4.29532410635e-05, 6.29186397418e-05, 9.09954178496e-05, 8.22207002784e-05, 8.6667969299e-05, 4.82324358018e-05, 4.07642146456e-05, 2.96796224575e-05, 2.40915560425e-05, 2.14603242057e-05, 2.37655494857e-05, 1.8740489395e-05, 1.39692465382e-05, 1.17126910482e-05, 9.68332824414e-06, 1.01779387478e-05, 1.19794094644e-05, 9.28642839426e-06, 7.37822574592e-06, 5.29330918653e-06, 3.91626190321e-06, 3.58221950592e-06, 2.74801300293e-06, 1.85901922123e-06, 1.8195978555e-06, 2.02653382075e-06, 2.41098223341e-06, 1.79628102615e-06, 1.32874640713e-06, 7.82562665336e-07, 4.62550502789e-07, 3.40946854749e-07, 2.78947538845e-07, 2.20417831542e-07],
        "min": [3.63809663276e-14, 5.54844222596e-14, 8.94234230935e-14, 1.66099501774e-13, 9.76327851031e-14, 4.10634898209e-14, 3.34119992958e-13, 9.08222390524e-13, 9.13720596581e-13, 3.20238139392e-13, 1.08493704472e-12, 1.85322829131e-12, 1.047447502e-12, 5.2827067807e-13, 2.48245000944e-13, 1.93158924727e-13, 1.77973440022e-13, 1.04124045811e-13, 7.71414250295e-14, 1.3684096445e-13, 9.67795179933e-14, 8.54435947451e-14, 8.79600076586e-14, 5.0599410458e-14, 4.3500579793e-14, 8.2066054256e-14, 1.28987722196e-13, 1.48789143441e-13, 6.31818680491e-14, 6.7916416306e-14, 7.81160414674e-14, 6.76548593081e-14, 5.1498959448e-14, 2.99703872017e-14, 3.61043185908e-14, 5.73202916338e-14, 4.9055882647e-14, 4.27253040889e-14, 3.74325238503e-14, 2.32985848089e-14],
        "var": [1.19476544569e-05, 3.95848246626e-06, 9.59137878453e-07, 5.09095798407e-07, 1.06382515241e-06, 4.6813300969e-07, 9.14750870606e-08, 3.64650361462e-07, 3.98267644641e-07, 8.58480404986e-07, 3.39112830261e-07, 1.25187185063e-07, 1.15241952869e-07, 1.0038225895e-07, 2.71339875013e-08, 1.78317947075e-08, 8.21835843823e-09, 7.73808572774e-09, 3.93280785715e-09, 2.6832491784e-09, 5.90875393058e-09, 6.56071019733e-09, 2.11584505472e-09, 1.15634124498e-09, 6.11940609296e-10, 2.22748722245e-10, 2.77807388205e-10, 1.95780863743e-10, 6.71450187117e-11, 4.24979530733e-11, 6.38151406718e-11, 9.09162953255e-11, 1.53431933825e-10, 1.39377329123e-10, 6.59608270781e-11, 4.77721161241e-11, 2.85642551279e-11, 2.79645820389e-11, 1.52279751309e-11, 3.93070784255e-11]
    },
    "mfcc": {
        "mean": [-645.814025879, 112.139259338, -10.3194112778, 12.9448280334, -9.18046188354, 5.71996736526, -2.43762397766, 12.7511472702, -1.48650097847, 3.8733663559, 1.87224709988, -4.38896226883, -4.34779453278],
        "cov": [[6772.77148438, -1840.14453125, 128.51625061, 314.078613281, 458.146942139, 339.635253906, 4.32142782211, 190.804885864, 391.721862793, 119.652809143, 186.192184448, 150.718811035, 352.13293457], [-1840.14453125, 1833.02746582, 627.270324707, 379.997406006, 290.233825684, 132.856567383, 244.947143555, 66.6262435913, -93.3570632935, 44.4522247314, 27.0656070709, 21.5351963043, 34.9316978455], [128.51625061, 627.270324707, 1700.50915527, 622.14239502, 721.757629395, 248.414627075, 87.6132202148, 29.7080574036, -19.0014629364, -44.895526886, 0.894557058811, 77.2217407227, 195.330322266], [314.078613281, 379.997406006, 622.14239502, 703.950744629, 448.015930176, 174.825119019, 18.0626735687, 81.5784225464, 45.9845504761, -19.0534801483, 12.6204490662, 74.9380874634, 122.760276794], [458.146942139, 290.233825684, 721.757629395, 448.015930176, 618.65435791, 165.939544678, 52.4660072327, 50.8387527466, 67.9861907959, -18.7650699615, -10.107126236, 64.8346481323, 157.662521362], [339.635253906, 132.856567383, 248.414627075, 174.825119019, 165.939544678, 264.677734375, 143.613037109, 64.1303405762, 65.424446106, 40.6124610901, 34.4281616211, 47.1165313721, 46.1064910889], [4.32142782211, 244.947143555, 87.6132202148, 18.0626735687, 52.4660072327, 143.613037109, 308.58505249, 52.4251060486, 66.6332778931, 60.4957885742, 43.8031806946, 15.1559514999, -3.4110763073], [190.804885864, 66.6262435913, 29.7080574036, 81.5784225464, 50.8387527466, 64.1303405762, 52.4251060486, 167.914230347, 22.1950073242, 51.4139823914, 33.318397522, 15.7527246475, 35.8478164673], [391.721862793, -93.3570632935, -19.0014629364, 45.9845504761, 67.9861907959, 65.424446106, 66.6332778931, 22.1950073242, 172.855560303, 32.3980407715, 22.9423923492, 28.5810432434, 6.70798873901], [119.652809143, 44.4522247314, -44.895526886, -19.0534801483, -18.7650699615, 40.6124610901, 60.4957885742, 51.4139823914, 32.3980407715, 141.156356812, 47.6710739136, 9.69917297363, -6.04824829102], [186.192184448, 27.0656070709, 0.894557058811, 12.6204490662, -10.107126236, 34.4281616211, 43.8031806946, 33.318397522, 22.9423923492, 47.6710739136, 121.667671204, 16.4036502838, 15.3764066696], [150.718811035, 21.5351963043, 77.2217407227, 74.9380874634, 64.8346481323, 47.1165313721, 15.1559514999, 15.7527246475, 28.5810432434, 9.69917297363, 16.4036502838, 100.640457153, 38.6053543091], [352.13293457, 34.9316978455, 195.330322266, 122.760276794, 157.662521362, 46.1064910889, -3.4110763073, 35.8478164673, 6.70798873901, -6.04824829102, 15.3764066696, 38.6053543091, 150.227523804]],
