{
"lowlevel": {
    "average_loudness": 0.852570295334,
    "barkbands_crest": {
        "dmean": 2.55321264267,
        "dmean2": 4.09971904755,
        "dvar": 4.99985313416,
        "dvar2": 11.8418369293,
        "max": 26.342042923,
        "mean": 8.79345226288,
        "median": 8.10787773132,
        "min": 2.35154056549,
        "var": 13.6206674576
    },
    "barkbands_flatness_db": {
        "dmean": 0.0200093071908,
        "dmean2": 0.0306350402534,
        "dvar": 0.000348292873241,
        "dvar2": 0.000826615083497,
        "max": 0.38693189621,
        "mean": 0.125247135758,
        "median": 0.122578576207,
        "min": 0.0232064537704,
        "var": 0.00133158441167
    },
    "barkbands_kurtosis": {
        "dmean": 1.9831827879,
        "dmean2": 2.9639840126,
        "dvar": 14.871134758,
        "dvar2": 27.6705055237,
        "max": 234.209533691,
        "mean": 2.35906481743,
        "median": 0.994719266891,
        "min": -1.94193649292,
        "var": 34.3671951294
    },
    "barkbands_skewness": {
        "dmean": 0.529782950878,
        "dmean2": 0.752594709396,
        "dvar": 0.270897328854,
        "dvar2": 0.537035107613,
        "max": 14.0323648453,
        "mean": 1.17919814587,
        "median": 1.18456208706,
        "min": -3.76047372818,
        "var": 1.1839427948
    },
    "barkbands_spread": {
        "dmean": 7.75896787643,
        "dmean2": 11.6564264297,
        "dvar": 81.2729492188,
        "dvar2": 180.22026062,
        "max": 123.559692383,
        "mean": 28.8046092987,
        "median": 26.2052726746,
        "min": 0.469420999289,
        "var": 247.309768677
    },
    "dissonance": {
        "dmean": 0.0176344383508,
        "dmean2": 0.0292820259929,
        "dvar": 0.000361185957445,
        "dvar2": 0.000941671431065,
        "max": 0.500000178814,
        "mean": 0.465344011784,
        "median": 0.471827745438,
        "min": 0,
        "var": 0.000739604700357
    },
    "dynamic_complexity": 3.36073541641,
    "erbbands_crest": {
        "dmean": 2.61572933197,
        "dmean2": 4.18261480331,
        "dvar": 5.97861671448,
        "dvar2": 14.3810606003,
        "max": 34.2832069397,
        "mean": 8.6871881485,
        "median": 7.71236228943,
        "min": 2.20005083084,
        "var": 16.2729816437
    },
    "erbbands_flatness_db": {
        "dmean": 0.0178662259132,
        "dmean2": 0.0244015678763,
        "dvar": 0.000272534438409,
        "dvar2": 0.000514850253239,
        "max": 0.466715782881,
        "mean": 0.161855816841,
        "median": 0.156334847212,
        "min": 0.0756616219878,
        "var": 0.0016441749176
    },
    "erbbands_kurtosis": {
        "dmean": 0.912058472633,
        "dmean2": 1.37638318539,
        "dvar": 3.07271289825,
        "dvar2": 7.3649430275,
        "max": 97.3634185791,
        "mean": 0.42421734333,
        "median": -0.0185459852219,
        "min": -1.87172067165,
        "var": 4.71168613434
    },
    "erbbands_skewness": {
        "dmean": 0.351761996746,
        "dmean2": 0.526681065559,
        "dvar": 0.112079098821,
        "dvar2": 0.250249147415,
        "max": 5.47156572342,
        "mean": 0.273133426905,
        "median": 0.248296946287,
        "min": -4.24219560623,
        "var": 0.535879313946
    },
    "erbbands_spread": {
        "dmean": 13.6290884018,
        "dmean2": 18.6920604706,
        "dvar": 287.746185303,
        "dvar2": 494.341644287,
        "max": 164.211837769,
        "mean": 45.605052948,
        "median": 38.8646011353,
        "min": 0.491218268871,
        "var": 753.51953125
    },
    "hfc": {
        "dmean": 11.6157503128,
        "dmean2": 17.1777229309,
        "dvar": 387.501373291,
        "dvar2": 852.877380371,
        "max": 175.157730103,
        "mean": 23.7208824158,
        "median": 15.0663661957,
        "min": 1.15649616984e-16,
        "var": 595.31262207
    },
    "melbands_crest": {
        "dmean": 3.54231643677,
        "dmean2": 5.46282243729,
        "dvar": 10.5947132111,
        "dvar2": 23.9405918121,
        "max": 33.855140686,
        "mean": 12.6276140213,
        "median": 11.7083091736,
        "min": 1.00008153915,
        "var": 32.5917739868
    },
    "melbands_flatness_db": {
        "dmean": 0.0270546488464,
        "dmean2": 0.0393978506327,
        "dvar": 0.000753415806685,
        "dvar2": 0.00164505641442,
        "max": 0.449152082205,
        "mean": 0.160137161613,
        "median": 0.162524074316,
        "min": -2.07087452964e-07,
        "var": 0.00338192936033
    },
    "melbands_kurtosis": {
        "dmean": 7.29093265533,
        "dmean2": 10.5857782364,
        "dvar": 131.371231079,
        "dvar2": 263.093811035,
        "max": 325.806213379,
        "mean": 11.8416604996,
        "median": 6.45678281784,
        "min": -1.87733757496,
        "var": 272.890594482
    },
    "melbands_skewness": {
        "dmean": 0.868780732155,
        "dmean2": 1.19778633118,
        "dvar": 0.898599565029,
        "dvar2": 1.66064870358,
        "max": 14.0896177292,
        "mean": 2.45692873001,
        "median": 2.16321563721,
        "min": -3.50021362305,
        "var": 3.09556889534
    },
    "melbands_spread": {
        "dmean": 10.8984003067,
        "dmean2": 16.572517395,
        "dvar": 316.136047363,
        "dvar2": 736.405639648,
        "max": 256.444915771,
        "mean": 32.4111709595,
        "median": 25.6247558594,
        "min": 0.668475568295,
        "var": 678.733459473
    },
    "pitch_salience": {
        "dmean": 0.0769395530224,
        "dmean2": 0.123126871884,
        "dvar": 0.00531241251156,
        "dvar2": 0.0135168544948,
        "max": 0.997746348381,
        "mean": 0.57045429945,
        "median": 0.567925930023,
        "min": 0.103722795844,
        "var": 0.0164984408766
    },
    "silence_rate_20dB": {
        "dmean": 0,
        "dmean2": 0,
        "dvar": 0,
        "dvar2": 0,
        "max": 1,
        "mean": 1,
        "median": 1,
        "min": 1,
        "var": 0
    },
    "silence_rate_30dB": {
        "dmean": 0,
        "dmean2": 0,
        "dvar": 0,
        "dvar2": 0,
        "max": 1,
        "mean": 1,
        "median": 1,
        "min": 1,
        "var": 0
    },
    "silence_rate_60dB": {
        "dmean": 0.0375949889421,
        "dmean2": 0.0751999989152,
        "dvar": 0.0361832492054,
        "dvar2": 0.0791456252337,
        "max": 1,
        "mean": 0.0625166594982,
        "median": 0,
        "min": 0,
        "var": 0.0586067028344
    },
    "spectral_centroid": {
        "dmean": 283.427978516,
        "dmean2": 427.977722168,
        "dvar": 130729.296875,
        "dvar2": 278612.84375,
        "max": 11420.6699219,
        "mean": 1575.38977051,
        "median": 1402.89477539,
        "min": 254.897964478,
        "var": 746115.625
    },
    "spectral_complexity": {
        "dmean": 3.57712316513,
        "dmean2": 5.44346666336,
        "dvar": 15.0163440704,
        "dvar2": 32.4180221558,
        "max": 50,
        "mean": 18.0971736908,
        "median": 17,
        "min": 0,
        "var": 68.4448928833
    },
    "spectral_decrease": {
        "dmean": 2.15170592455e-09,
        "dmean2": 3.15268966489e-09,
        "dvar": 8.91951997802e-18,
        "dvar2": 1.93027542479e-17,
        "max": 1.2348441691e-28,
        "mean": -5.11094810918e-09,
        "median": -3.31413296806e-09,
        "min": -2.91739361558e-08,
        "var": 2.17145862666e-17
    },
    "spectral_energy": {
        "dmean": 0.00896058697253,
        "dmean2": 0.0130320927128,
        "dvar": 0.000156393827638,
        "dvar2": 0.000334979093168,
        "max": 0.117622919381,
        "mean": 0.0214414801449,
        "median": 0.0142975570634,
        "min": 1.01824842884e-20,
        "var": 0.00036876834929
    },
    "spectral_energyband_high": {
        "dmean": 0.00107280409429,
        "dmean2": 0.00160842365585,
        "dvar": 4.55697409052e-06,
        "dvar2": 1.00161705632e-05,
        "max": 0.0174635909498,
        "mean": 0.00153565104119,
        "median": 0.000539210683201,
        "min": 7.30569955975e-21,
        "var": 6.22909465164e-06
    },
    "spectral_energyband_low": {
        "dmean": 0.00423147389665,
        "dmean2": 0.00641097314656,
        "dvar": 5.19013156008e-05,
        "dvar2": 0.000120577977214,
        "max": 0.062052667141,
        "mean": 0.00538997352123,
        "median": 0.00180004327558,
        "min": 1.87860897914e-23,
        "var": 6.77223943057e-05
    },
    "spectral_energyband_middle_high": {
        "dmean": 0.00151530303992,
        "dmean2": 0.00223160814494,
        "dvar": 5.28642840436e-06,
        "dvar2": 1.106109994e-05,
        "max": 0.0658988058567,
        "mean": 0.00434051547199,
        "median": 0.00297372904606,
        "min": 1.35438193434e-21,
        "var": 2.16703574552e-05
    },
    "spectral_energyband_middle_low": {
        "dmean": 0.00622860156,
        "dmean2": 0.00987034104764,
        "dvar": 0.00011711922707,
        "dvar2": 0.000288301380351,
        "max": 0.107518523932,
        "mean": 0.0113933384418,
        "median": 0.00419327802956,
        "min": 1.41084592212e-22,
        "var": 0.000216379063204
    },
    "spectral_entropy": {
        "dmean": 0.179550528526,
        "dmean2": 0.250640928745,
        "dvar": 0.0417639426887,
        "dvar2": 0.0820085853338,
        "max": 9.82235145569,
        "mean": 7.61230611801,
        "median": 7.61574459076,
        "min": 5.34374666214,
        "var": 0.202328696847
    },
    "spectral_flux": {
        "dmean": 0.0272330716252,
        "dmean2": 0.0400183312595,
        "dvar": 0.00115224439651,
        "dvar2": 0.00194595265202,
        "max": 0.291155278683,
        "mean": 0.0830071941018,
        "median": 0.06878913939,
        "min": 6.479203285e-11,
        "var": 0.00272685824893
    },
    "spectral_kurtosis": {
        "dmean": 1.28658890724,
        "dmean2": 2.02224898338,
        "dvar": 2.3691163063,
        "dvar2": 5.68846845627,
        "max": 23.7582969666,
        "mean": 2.7280626297,
        "median": 2.30790090561,
        "min": -1.26747095585,
        "var": 5.80320549011
    },
    "spectral_rms": {
        "dmean": 0.000910217233468,
        "dmean2": 0.00126270332839,
        "dvar": 1.15348279905e-06,
        "dvar2": 2.19985463445e-06,
        "max": 0.0107123320922,
        "mean": 0.00412845332175,
        "median": 0.00373481400311,
        "min": 3.15184553804e-12,
        "var": 3.87444242733e-06
    },
    "spectral_rolloff": {
        "dmean": 893.508972168,
        "dmean2": 1503.40905762,
        "dvar": 2365730,
        "dvar2": 5588945,
        "max": 19401.4160156,
        "mean": 2278.22729492,
        "median": 1744.18945312,
        "min": 107.666015625,
        "var": 4805610.5
    },
    "spectral_skewness": {
        "dmean": 0.216522932053,
        "dmean2": 0.319648325443,
        "dvar": 0.049475453794,
        "dvar2": 0.100352562964,
        "max": 4.2352104187,
        "mean": 1.37574565411,
        "median": 1.3766067028,
        "min": -0.206040382385,
        "var": 0.224666729569
    },
    "spectral_spread": {
        "dmean": 832794.8125,
        "dmean2": 1082554.875,
        "dvar": 1.13769434317e+12,
        "dvar2": 1.64892390195e+12,
        "max": 42506392,
        "mean": 5596883.5,
        "median": 5217447,
        "min": 1660444.75,
        "var": 6.81686650061e+12
    },
    "spectral_strongpeak": {
        "dmean": 0.558567762375,
        "dmean2": 0.925620496273,
        "dvar": 0.69314032793,
        "dvar2": 1.58539748192,
        "max": 13.6284503937,
        "mean": 0.945374906063,
        "median": 0.536260426044,
        "min": 0,
        "var": 1.45269858837
    },
    "zerocrossingrate": {
        "dmean": 0.0154220974073,
        "dmean2": 0.017483593896,
        "dvar": 0.000290964962915,
        "dvar2": 0.000317553756759,
        "max": 0.84521484375,
        "mean": 0.0879495963454,
        "median": 0.080078125,
        "min": 0.01025390625,
        "var": 0.00254558352754
    },
    "barkbands": {
        "dmean": [9.65291328612e-05, 0.00145397789311, 0.00223192246631, 0.00259499019012, 0.00267311208881, 0.0011888431618, 0.000987204024568, 0.000686739804223, 0.000616843521129, 0.000461476010969, 0.000290307943942, 0.000229129524087, 0.000268794043222, 0.000221740512643, 0.000364624575013, 0.000222558548558, 0.000200404203497, 0.000138058123412, 0.000211001854041, 0.000120161981613, 9.34832496569e-05, 9.98721588985e-05, 0.000126502811327, 0.000641173217446, 0.000158911381732, 2.35927132053e-06, 3.32787379875e-08],
        "dmean2": [0.000165858698892, 0.00211654347368, 0.00337143358774, 0.00453183799982, 0.004628601484, 0.00199344428256, 0.00149799941573, 0.00105237134267, 0.000937970646191, 0.000685497012455, 0.0004403743078, 0.000361810787581, 0.000424161466071, 0.000353380513843, 0.000551721546799, 0.000359527271939, 0.000330827693688, 0.000224518706091, 0.000323081505485, 0.000196263805265, 0.000145616242662, 0.000152587279445, 0.000194862965145, 0.000979280564934, 0.00023160847195, 3.45554690284e-06, 5.47445466736e-08],
        "dvar": [3.44469661684e-08, 4.94607820656e-06, 1.8029635612e-05, 4.29568826803e-05, 3.29292197421e-05, 6.69692144584e-06, 7.03190880813e-06, 3.33670368491e-06, 2.27309897127e-06, 9.96049607238e-07, 6.99076736055e-07, 2.96269092814e-07, 4.04256553566e-07, 3.1675892842e-07, 1.10664893782e-06, 5.09079598032e-07, 1.30735827497e-07, 1.2148011308e-07, 2.28232551081e-07, 6.14390742726e-08, 4.97924439458e-08, 5.38301101471e-08, 7.57095008908e-08, 2.0888646759e-06, 1.29577330199e-07, 5.99416488667e-11, 4.69399782512e-15],
        "dvar2": [9.81384715715e-08, 1.13791338663e-05, 3.99016389565e-05, 0.000114667520393, 9.18588339118e-05, 1.76160519914e-05, 1.58270904649e-05, 7.75930493546e-06, 5.11826056027e-06, 2.07040716305e-06, 1.41000384701e-06, 7.08687139195e-07, 9.83816676126e-07, 6.78792332565e-07, 1.86821455372e-06, 1.20798767966e-06, 3.54065747388e-07, 3.14408026725e-07, 5.02003842939e-07, 1.54310413336e-07, 1.22524014046e-07, 1.05888503299e-07, 1.78419540475e-07, 4.67140034743e-06, 2.74668934708e-07, 1.47310968979e-10, 1.16267265997e-14],
        "max": [0.00263155484572, 0.0232833642513, 0.0361279025674, 0.0578748136759, 0.0806086435914, 0.030622497201, 0.0555609762669, 0.0454650968313, 0.0300116147846, 0.0253506526351, 0.0275002196431, 0.0132670998573, 0.0213547609746, 0.0235521905124, 0.0345085598528, 0.0311960615218, 0.0080886259675, 0.00963771529496, 0.0116152698174, 0.00752764288336, 0.00674606580287, 0.00887152645737, 0.00595915410668, 0.0127445878461, 0.00313771842048, 0.000212042330531, 1.4415768419e-06],
        "mean": [9.905033221e-05, 0.00184558599722, 0.0022980759386, 0.00201198854484, 0.00341566512361, 0.00188190408517, 0.00172361300793, 0.00108435854781, 0.00113576592412, 0.000780060887337, 0.000467109901365, 0.000348544999724, 0.000437124603195, 0.000348020636011, 0.00058191199787, 0.000366829597624, 0.000340244878316, 0.000239654822508, 0.000390593282646, 0.00019836735737, 0.000170805069502, 0.000193083207705, 0.00020191045769, 0.000688206171617, 0.000190055812709, 2.91438368549e-06, 4.24425401491e-08],
        "median": [3.3380361856e-05, 0.000573275494389, 0.000414296984673, 0.00024818937527, 0.000915681943297, 0.000540544046089, 0.000354074407369, 0.000253696751315, 0.000252556521446, 0.000295912555885, 0.00012803831487, 0.000118549185572, 0.000161585368915, 0.000137589988299, 0.000244314753218, 0.00016083495575, 0.000168443802977, 8.87925561983e-05, 0.000132814922836, 6.57723503537e-05, 6.36408658465e-05, 6.9209607318e-05, 6.8682275014e-05, 0.000149367901031, 4.18431445723e-05, 3.04987025856e-07, 1.75286096749e-08],
        "min": [9.91482786955e-25, 2.45459020762e-24, 1.3206018675e-24, 6.37716289768e-25, 1.14070943503e-23, 6.425686225e-24, 1.52088406668e-23, 1.37034226915e-23, 3.89523548453e-23, 1.76079181408e-23, 2.68745756866e-23, 2.92589551043e-23, 2.39486653456e-23, 3.10390260478e-23, 6.53955277464e-23, 8.48224644714e-23, 7.03718390414e-23, 1.12013881407e-22, 1.50789802778e-22, 1.68949279842e-22, 2.67267564058e-22, 3.00423324796e-22, 4.87865561606e-22, 6.85662449766e-22, 8.57288795354e-22, 1.28701144598e-21, 2.17747945333e-21],
        "var": [3.52286129157e-08, 7.52922551328e-06, 2.07909361052e-05, 3.0291843359e-05, 3.93444352085e-05, 1.13551268441e-05, 2.00473787118e-05, 6.94412574376e-06, 6.41195674689e-06, 2.44059333454e-06, 1.79829794433e-06, 4.80707626593e-07, 7.19127854154e-07, 5.35862739071e-07, 2.51762321568e-06, 9.62101694313e-07, 2.48738643904e-07, 2.62444359578e-07, 5.24478309671e-07, 1.07417100992e-07, 9.69122027072e-08, 1.77610459673e-07, 1.33776111966e-07, 2.19540265789e-06, 1.6930734148e-07, 6.96259230826e-11, 5.53544628415e-15]
    },
    "erbbands": {
        "dmean": [0.0274273119867, 0.386604726315, 1.94126391411, 6.51483297348, 7.91097402573, 9.68913936615, 10.04134655, 9.73922157288, 13.4525060654, 12.2914409637, 16.4343338013, 14.1682090759, 10.3089561462, 15.6167612076, 11.3032522202, 9.45544338226, 11.5870075226, 11.6107788086, 19.3380489349, 11.6215381622, 11.9075241089, 9.62124252319, 8.07372188568, 8.15540409088, 10.7011327744, 5.48737096786, 3.97724413872, 3.81026887894, 3.61202812195, 2.94508337975, 4.36411380768, 15.2464437485, 7.92665719986, 2.61616802216, 0.724578082561, 0.0517035014927, 0.00436839228496, 0.000324266497046, 2.8004811611e-05, 1.54657063831e-05],
        "dmean2": [0.0396791882813, 0.562885761261, 2.82395505905, 10.883263588, 13.8591299057, 16.6690883636, 17.1424884796, 16.131734848, 20.2284240723, 19.1207256317, 25.0469245911, 21.2602024078, 15.4645137787, 23.1954059601, 17.0929145813, 14.8418731689, 18.0848579407, 18.4369297028, 28.6012401581, 18.599313736, 19.111322403, 15.7078714371, 13.2408599854, 12.6806745529, 16.6468772888, 8.88057994843, 6.37712955475, 5.89091062546, 5.56865119934, 4.41722536087, 6.75837516785, 23.9564533234, 11.8158273697, 3.83557009697, 1.05273854733, 0.0742747932673, 0.00619056308642, 0.000457750516944, 3.95152455894e-05, 2.21935752052e-05],
        "dvar": [0.00188436824828, 0.354964524508, 11.285908699, 239.051452637, 366.063293457, 443.806762695, 551.347290039, 452.247070312, 1352.69042969, 1301.44775391, 1787.20300293, 1312.30908203, 589.603637695, 1148.33337402, 1187.12866211, 505.41104126, 835.338928223, 737.66394043, 4211.44628906, 730.37286377, 809.20324707, 327.419616699, 367.197692871, 362.948547363, 700.32220459, 111.842315674, 80.4496536255, 94.6949920654, 75.0958175659, 34.8861732483, 91.6427001953, 1388.74291992, 285.072387695, 33.4953460693, 2.9851937294, 0.0163328144699, 0.000132556102471, 5.32813373866e-07, 3.20077386817e-09, 6.15449635699e-10],
        "dvar2": [0.00403263512999, 0.822405636311, 23.5086421967, 608.32232666, 1019.41784668, 1215.80822754, 1520.26403809, 1121.31762695, 2917.19775391, 3085.88671875, 4090.66894531, 2970.75634766, 1336.52636719, 2337.53857422, 2402.79516602, 1234.15075684, 1998.95788574, 1602.1619873, 6957.32177734, 1832.30578613, 1945.20751953, 886.951599121, 966.84197998, 820.011047363, 1605.76403809, 281.042724609, 203.177978516, 225.925521851, 145.685470581, 71.5848007202, 218.334182739, 3265.92236328, 604.598999023, 71.0206451416, 6.43962717056, 0.0357180759311, 0.00028686618316, 1.11734118491e-06, 6.75887745771e-09, 1.29133481686e-09],
        "max": [0.760671615601, 6.04890108109, 28.785200119, 128.943893433, 162.549713135, 426.36630249, 300.159912109, 362.351928711, 958.903442383, 1074.79125977, 1259.98962402, 818.176208496, 796.299438477, 1158.45239258, 1405.17810059, 681.263305664, 1088.74731445, 1279.67431641, 2461.58837891, 881.911254883, 1018.14172363, 306.859191895, 583.420349121, 583.885253906, 738.729736328, 291.100158691, 271.77166748, 307.227630615, 349.328308105, 163.982879639, 138.014205933, 364.81048584, 140.532836914, 47.7662506104, 22.5329380035, 1.81466424465, 0.164378851652, 0.00806730613112, 0.000603768683504, 0.000191877625184],
        "mean": [0.0358785092831, 0.492910861969, 2.25913143158, 5.54010391235, 7.66331100464, 12.4534463882, 14.7581720352, 15.7400894165, 24.9537982941, 20.9193878174, 27.1920146942, 26.272808075, 19.978597641, 27.2969970703, 19.7252082825, 15.6776971817, 19.8746528625, 20.122171402, 31.9012985229, 19.9420318604, 20.8183135986, 17.423248291, 14.8353424072, 15.381480217, 19.6512813568, 9.60021877289, 6.9475979805, 6.95773792267, 6.8540353775, 5.558552742, 6.75461530685, 15.6778535843, 8.97131061554, 3.10951972008, 0.85254573822, 0.064359433949, 0.0056318002753, 0.000499997171573, 4.49844483228e-05, 3.28667119902e-05],
        "median": [0.0124103911221, 0.154740571976, 0.513779878616, 0.941123306751, 1.62346494198, 3.44252586365, 3.92661523819, 4.65767097473, 5.05735683441, 5.23006248474, 5.93392658234, 6.30609989166, 7.93564605713, 10.1561937332, 6.56113672256, 5.92776298523, 7.63717365265, 9.23957061768, 12.8157396317, 9.79648399353, 10.0925607681, 8.28858947754, 6.79269218445, 6.15098285675, 6.34969902039, 3.39039039612, 2.56703424454, 2.5927605629, 2.28333091736, 1.99987268448, 2.25010943413, 3.20866250992, 2.07232189178, 0.752609729767, 0.15171661973, 0.00847571995109, 0.000778264831752, 0.000180307033588, 2.13390921999e-05, 2.14694973693e-05],
        "min": [1.628153625e-22, 5.21131308486e-22, 1.63806510061e-21, 5.35952210079e-21, 1.75086492982e-20, 3.20656402897e-20, 6.09462345556e-20, 8.81328178568e-20, 1.73353326647e-19, 2.38082536025e-19, 3.44838440032e-19, 7.02166273337e-19, 1.07244555784e-18, 1.07964316654e-18, 1.22315083441e-18, 1.35179024096e-18, 1.64722875688e-18, 2.62082891985e-18, 2.9805122792e-18, 3.57463454737e-18, 5.32124750388e-18, 4.25812809726e-18, 6.96727612509e-18, 6.82849341627e-18, 9.06347504721e-18, 8.78002920261e-18, 1.01685908271e-17, 1.17382661283e-17, 1.08484911044e-17, 1.22661636962e-17, 1.24930676101e-17, 1.34424079098e-17, 1.0673410056e-17, 8.69230256274e-18, 7.07293273191e-18, 4.75656562769e-18, 2.45104513604e-18, 9.78412286187e-19, 2.86677070567e-19, 3.13213974583e-20],
        "var": [0.00315852672793, 0.538959145546, 15.724981308, 190.300323486, 283.722320557, 626.545654297, 868.510559082, 917.213317871, 4285.54589844, 2749.82055664, 4216.21875, 3393.60644531, 1460.16320801, 2970.30932617, 3100.64135742, 853.218444824, 1478.25183105, 1368.61560059, 9512.51660156, 1234.61889648, 1690.5637207, 639.998046875, 751.765869141, 999.249145508, 1330.16210938, 223.591262817, 141.685501099, 195.220855713, 247.462921143, 113.398788452, 148.599700928, 1326.78210449, 335.548797607, 43.4708709717, 3.77940559387, 0.0220626201481, 0.000180285060196, 7.82642132435e-07, 4.44626024887e-09, 1.04691932901e-09]
    },
    "gfcc": {
        "mean": [-12.7847099304, 84.3796768188, -131.791275024, 41.8541564941, -76.5964584351, 27.6648807526, -52.3115882874, 9.82193088531, -17.9000682831, -9.00601577759, -4.46908283234, -12.4845046997, -0.451530814171],
        "cov": [[7926.52783203, -88.172706604, -33.4473991394, 401.551025391, -719.181213379, -112.398506165, -379.776123047, 87.1289978027, -374.435699463, -56.0784721375, -70.2946243286, -101.461235046, -161.378555298], [-88.172706604, 1125.89929199, 131.346557617, -118.279434204, 131.976364136, -60.7196846008, 41.891998291, -16.5705223083, 194.90536499, -100.328338623, 180.007888794, -89.6326980591, 33.0890922546], [-33.4473991394, 131.346557617, 1176.83850098, 254.912216187, 40.8265762329, 212.531112671, -132.185745239, 149.221450806, -101.790092468, -12.703163147, -12.318315506, -102.566116333, -46.9238166809], [401.551025391, -118.279434204, 254.912216187, 424.868865967, 52.9006500244, 21.5527706146, -18.0403461456, 13.9502954483, -3.59514093399, 7.47705936432, -1.57900929451, -18.5911540985, 2.84646177292], [-719.181213379, 131.976364136, 40.8265762329, 52.9006500244, 305.349456787, 130.228149414, 38.5698432922, 20.5990276337, 90.2485733032, 23.5295524597, 3.77122163773, 5.32868242264, 32.7982254028], [-112.398506165, -60.7196846008, 212.531112671, 21.5527706146, 130.228149414, 323.980804443, 31.7871608734, 79.6261062622, -2.22392725945, 35.3740119934, -41.8083763123, -25.5185966492, 6.63934659958], [-379.776123047, 41.891998291, -132.185745239, -18.0403461456, 38.5698432922, 31.7871608734, 213.389968872, 30.498714447, 43.3878860474, 24.1398296356, 12.8166799545, 28.5112457275, 6.69368600845], [87.1289978027, -16.5705223083, 149.221450806, 13.9502954483, 20.5990276337, 79.6261062622, 30.498714447, 147.287490845, -0.0626147389412, 20.9384860992, -16.7175331116, 5.65299224854, -2.8409409523], [-374.435699463, 194.90536499, -101.790092468, -3.59514093399, 90.2485733032, -2.22392725945, 43.3878860474, -0.0626147389412, 163.076568604, 15.9582805634, 45.6411323547, -4.9124212265, 28.5414943695], [-56.0784721375, -100.328338623, -12.703163147, 7.47705936432, 23.5295524597, 35.3740119934, 24.1398296356, 20.9384860992, 15.9582805634, 123.918128967, -8.48382854462, 26.7172718048, -3.42836546898], [-70.2946243286, 180.007888794, -12.318315506, -1.57900929451, 3.77122163773, -41.8083763123, 12.8166799545, -16.7175331116, 45.6411323547, -8.48382854462, 121.543998718, 2.52028536797, -1.9050412178], [-101.461235046, -89.6326980591, -102.566116333, -18.5911540985, 5.32868242264, -25.5185966492, 28.5112457275, 5.65299224854, -4.9124212265, 26.7172718048, 2.52028536797, 102.890899658, 34.9216461182], [-161.378555298, 33.0890922546, -46.9238166809, 2.84646177292, 32.7982254028, 6.63934659958, 6.69368600845, -2.8409409523, 28.5414943695, -3.42836546898, -1.9050412178, 34.9216461182, 86.1752624512]],
        "icov": [[0.000384960032534, -0.00070176756708, 0.000694607559126, -0.001020861906, 0.00118161982391, -0.000700815173332, 0.00100144348107, -0.000779598776717, 0.000981524237432, -0.000360356556484, 0.000451936590252, -0.000300060812151, 0.00069526192965], [-0.00070176756708, 0.00352148991078, -0.00204995484091, 0.00302781234495, -0.00303654489107, 0.00225851265714, -0.00254783499986, 0.00156176323071, -0.00345453084446, 0.00193545059301, -0.00309328059666, 0.00247416272759, -0.00250136316754], [0.000694607559126, -0.00204995484091, 0.00317209074274, -0.00303590856493, 0.00229985686019, -0.00230688997544, 0.0030261289794, -0.00299593945965, 0.00341977295466, -0.00102921179496, 0.000795686326455, -3.2452189771e-05, 0.00174118450377], [-0.001020861906, 0.00302781234495, -0.00303590856493, 0.00617415783927, -0.0041583571583, 0.00293678999878, -0.00330588128418, 0.00255601527169, -0.00345069356263, 0.00125755334739, -0.00216563721187, 0.00198310962878, -0.00289253634401], [0.00118161982391, -0.00303654489107, 0.00229985686019, -0.0041583571583, 0.00924392230809, -0.0047851302661, 0.00325633329339, -0.00170614570379, 0.000544511131011, -0.00137841969263, 0.00264367531054, -0.00287353713065, 0.00229740305804], [-0.000700815173332, 0.00225851265714, -0.00230688997544, 0.00293678999878, -0.0047851302661, 0.00705460878089, -0.00309291598387, -2.8153988751e-05, -0.0012987368973, -8.25259703561e-05, -0.000682262412738, 0.00334398006089, -0.00295907957479], [0.00100144348107, -0.00254783499986, 0.0030261289794, -0.00330588128418, 0.00325633329339, -0.00309291598387, 0.00888235494494, -0.00374768488109, 0.00213896250352, -0.00147883919999, 0.00119554833509, -0.00260259280913, 0.0031099433545], [-0.000779598776717, 0.00156176323071, -0.00299593945965, 0.00255601527169, -0.00170614570379, -2.8153988751e-05, -0.00374768488109, 0.0112765077502, -0.00359713286161, 0.000400393182645, 0.000354982505087, -0.00150051130913, -0.000637774064671], [0.000981524237432, -0.00345453084446, 0.00341977295466, -0.00345069356263, 0.000544511131011, -0.0012987368973, 0.00213896250352, -0.00359713286161, 0.0145828602836, -0.00375692779198, -0.000996469403617, 0.00206449069083, -0.0010892705759], [-0.000360356556484, 0.00193545059301, -0.00102921179496, 0.00125755334739, -0.00137841969263, -8.25259703561e-05, -0.00147883919999, 0.000400393182645, -0.00375692779198, 0.0107929762453, -0.000702832010575, -0.00242902268656, 0.00128158496227], [0.000451936590252, -0.00309328059666, 0.000795686326455, -0.00216563721187, 0.00264367531054, -0.000682262412738, 0.00119554833509, 0.000354982505087, -0.000996469403617, -0.000702832010575, 0.0131935114041, -0.00394724495709, 0.00369740882888], [-0.000300060812151, 0.00247416272759, -3.2452189771e-05, 0.00198310962878, -0.00287353713065, 0.00334398006089, -0.00260259280913, -0.00150051130913, 0.00206449069083, -0.00242902268656, -0.00394724495709, 0.0174066741019, -0.00852792616934], [0.00069526192965, -0.00250136316754, 0.00174118450377, -0.00289253634401, 0.00229740305804, -0.00295907957479, 0.0031099433545, -0.000637774064671, -0.0010892705759, 0.00128158496227, 0.00369740882888, -0.00852792616934, 0.0179507154971]]
    },
    "melbands": {
        "dmean": [0.000325724220602, 0.000816821877379, 0.00108558230568, 0.000636508339085, 0.000358133431291, 0.000216569853364, 0.000205051881494, 0.000129367879708, 0.000132210960146, 8.74486577231e-05, 5.33793318027e-05, 6.75216942909e-05, 3.76302996301e-05, 2.97680689982e-05, 2.43513168243e-05, 2.68167950708e-05, 2.21493519348e-05, 3.03658416669e-05, 2.09939244087e-05, 1.65163746715e-05, 1.37936449391e-05, 1.03870925159e-05, 1.08096583062e-05, 6.45381169306e-06, 6.94071923135e-06, 9.35781736189e-06, 5.55185761186e-06, 3.66579934052e-06, 2.67371865448e-06, 2.41433758674e-06, 2.38087750404e-06, 2.25660710385e-06, 1.97385429601e-06, 1.61469517934e-06, 2.04481284527e-06, 4.80724793306e-06, 1.16125320346e-05, 6.4956989263e-06, 3.09926531372e-06, 1.92424840861e-06],
        "dmean2": [0.000469612394227, 0.00119219115004, 0.00178957765456, 0.00110595056321, 0.000612039642874, 0.000358280405635, 0.000309431023197, 0.000202610957786, 0.000200941372896, 0.000131791137392, 8.01025598776e-05, 0.000100311612186, 5.74199366383e-05, 4.65907687612e-05, 3.82220787287e-05, 4.22930970672e-05, 3.53575269401e-05, 4.54102701042e-05, 3.29642061843e-05, 2.66336774075e-05, 2.2389298465e-05, 1.69090744748e-05, 1.8105509298e-05, 1.03411002783e-05, 1.10152604975e-05, 1.4383488633e-05, 8.9632540039e-06, 6.01375495535e-06, 4.37096787209e-06, 3.86478450309e-06, 3.71170767721e-06, 3.49135825672e-06, 3.07517802867e-06, 2.4483897505e-06, 3.18540878652e-06, 7.73225565354e-06, 1.82704661711e-05, 9.765233699e-06, 4.61879608338e-06, 2.84941347672e-06],
        "dvar": [2.39187130546e-07, 1.75992988716e-06, 6.20427454123e-06, 1.96202404368e-06, 6.791457281e-07, 2.16843218936e-07, 3.00389672248e-07, 1.34649155825e-07, 1.10241245466e-07, 4.62961935455e-08, 1.60296131924e-08, 2.18900542137e-08, 1.17735616811e-08, 4.91205787156e-09, 3.52068307841e-09, 4.59940929787e-09, 3.23545323866e-09, 1.07415445427e-08, 2.38115238638e-09, 3.8323295648e-09, 8.77419026324e-10, 4.21220835989e-10, 5.73962821715e-10, 2.33809333006e-10, 2.9671526347e-10, 5.38783351267e-10, 1.75413822356e-10, 6.21953599733e-11, 4.39638707384e-11, 4.95121894872e-11, 3.82386865228e-11, 3.01453514928e-11, 2.22180121523e-11, 1.07132809568e-11, 1.81280563477e-11, 1.57661106392e-10, 7.908937949e-10, 1.94207275261e-10, 4.59546810327e-11, 1.92517807251e-11],
        "dvar2": [5.41798556242e-07, 3.74923843083e-06, 1.5536099454e-05, 5.45271086594e-06, 1.8767804022e-06, 5.42919849522e-07, 6.49643880024e-07, 3.20885504834e-07, 2.47278450161e-07, 1.04115059685e-07, 3.61171714758e-08, 4.45750139022e-08, 2.46266900206e-08, 1.09371862678e-08, 8.41532621365e-09, 1.11506599509e-08, 6.81544642944e-09, 1.89496400793e-08, 4.99282748478e-09, 8.9678184878e-09, 2.1696460184e-09, 1.12083053949e-09, 1.59932822541e-09, 5.82302261964e-10, 6.89642842833e-10, 1.20136112169e-09, 3.9949224484e-10, 1.65421787379e-10, 1.17765727725e-10, 1.31396074576e-10, 9.03793984097e-11, 6.08247133216e-11, 5.01359717631e-11, 2.25387833397e-11, 4.27312109308e-11, 3.89562160308e-10, 1.83931592179e-09, 4.12188477794e-10, 9.97831678395e-11, 4.13659072274e-11],
        "max": [0.00529221305624, 0.0125023499131, 0.0194421540946, 0.0222808867693, 0.0114559801295, 0.00732932798564, 0.0130698829889, 0.00941682886332, 0.0108921406791, 0.00446557160467, 0.0039437697269, 0.00444273697212, 0.00369965401478, 0.00177164468914, 0.00135783676524, 0.00251096650027, 0.00287798140198, 0.00422408385202, 0.00131893984508, 0.00279681547545, 0.00119450234342, 0.000363277969882, 0.000533890153747, 0.000461524061393, 0.000486432603793, 0.00072258367436, 0.000315601122566, 0.000289061106741, 0.000190056831343, 0.000262372486759, 0.000202033610549, 0.000248915283009, 0.000194975160412, 8.93223623279e-05, 7.61071132729e-05, 0.000139649302582, 0.000273730285699, 0.000137064038427, 5.98014885327e-05, 3.7968489778e-05],
        "mean": [0.000423321907874, 0.00102738721762, 0.000990729429759, 0.000738137634471, 0.000527331256308, 0.000351167691406, 0.000379369448638, 0.000219083522097, 0.000220305999392, 0.000160624171258, 9.96417729766e-05, 0.000114167996799, 6.25121756457e-05, 4.68622638436e-05, 3.85380371881e-05, 4.44192010036e-05, 3.50649534084e-05, 4.82777031721e-05, 3.32566851284e-05, 2.6811600037e-05, 2.29716388276e-05, 1.76456087502e-05, 1.72912987182e-05, 1.12179768621e-05, 1.19454662126e-05, 1.66751779034e-05, 9.45599913393e-06, 5.69797020944e-06, 4.28842804467e-06, 4.01674878958e-06, 4.11112932852e-06, 3.97846270062e-06, 3.54528947355e-06, 2.80012409348e-06, 3.57923772754e-06, 5.25580298927e-06, 1.15719349196e-05, 7.21521382729e-06, 3.61997490472e-06, 2.24311247621e-06],
        "median": [0.000143241049955, 0.000282932538539, 0.000202291092137, 0.00018375509535, 0.000151347747305, 0.000100586388726, 7.76136002969e-05, 5.55929145776e-05, 4.52364874945e-05, 3.73632574338e-05, 3.92576293962e-05, 3.97955554945e-05, 1.94470521819e-05, 1.63649310707e-05, 1.36811167977e-05, 1.66727404576e-05, 1.40424990605e-05, 1.86571960512e-05, 1.48216095113e-05, 1.21984248835e-05, 1.0613573977e-05, 7.73370993556e-06, 7.93393155618e-06, 4.08390314988e-06, 4.23460551247e-06, 4.86935368826e-06, 3.09816732624e-06, 1.59279090894e-06, 1.47861464939e-06, 1.29145360006e-06, 1.47588991695e-06, 1.36126925554e-06, 1.00795614344e-06, 9.62723333942e-07, 1.13697319648e-06, 1.32985780965e-06, 2.20017454922e-06, 1.57507690801e-06, 8.99982296687e-07, 4.99733118886e-07],
        "min": [1.77198018886e-24, 1.13295019916e-24, 1.74680093206e-24, 1.92854028512e-24, 1.7395793049e-24, 1.56480105768e-24, 3.26713173114e-24, 2.07336903365e-24, 3.10162733271e-24, 5.06643983669e-24, 5.30799062359e-24, 3.85781854962e-24, 4.53337654632e-24, 2.76296047142e-24, 5.08835084276e-24, 4.6071886835e-24, 4.10693766805e-24, 3.69667122719e-24, 3.6819601546e-24, 4.34983859039e-24, 5.55317411496e-24, 3.98051679153e-24, 6.4423726053e-24, 5.73772615158e-24, 5.21166715719e-24, 5.77732618016e-24, 6.73719161925e-24, 5.08352774719e-24, 6.37519833821e-24, 5.73074986017e-24, 6.86385033734e-24, 5.18145891211e-24, 3.77072120594e-24, 7.45078020576e-24, 6.19047472433e-24, 6.5793429187e-24, 7.59903714657e-24, 7.20462326003e-24, 7.08558099399e-24, 6.45054204883e-24],
        "var": [3.85884675325e-07, 2.63287552116e-06, 5.2113550737e-06, 2.14830947698e-06, 1.04239188659e-06, 4.34357161794e-07, 9.46721058881e-07, 2.78814951571e-07, 2.83018607661e-07, 1.24531737811e-07, 3.94798398418e-08, 5.57069625984e-08, 2.90648909385e-08, 9.54892254157e-09, 6.76141365119e-09, 8.01397703754e-09, 5.7713962498e-09, 2.24086704748e-08, 4.68004701659e-09, 6.96012270041e-09, 1.82524639847e-09, 7.76413100478e-10, 9.35047372863e-10, 5.4581961173e-10, 7.35956795506e-10, 1.06520114951e-09, 3.33219507542e-10, 1.00821746785e-10, 6.32460334105e-11, 6.6067568083e-11, 7.6272564653e-11, 8.75826772218e-11, 6.54015730461e-11, 3.00850559742e-11, 4.4949204081e-11, 1.47749062984e-10, 7.55239315531e-10, 2.24866153475e-10, 5.70690925072e-11, 2.46726528097e-11]
    },
    "mfcc": {
        "mean": [-640.131958008, 97.3535690308, 8.7291097641, 4.74188041687, 11.1239614487, -1.49836874008, -4.656001091, 2.23998975754, -4.07566976547, 4.93502140045, -6.35207986832, -0.838576316833, -5.99884557724],
        "cov": [[4607.92089844, -495.435089111, 283.800506592, 284.919830322, -310.948242188, -263.325714111, -43.1839447021, -116.014816284, -216.156829834, -170.697860718, 15.6308927536, -50.8934326172, -43.3424835205], [-495.435089111, 1131.49609375, 61.3430786133, -149.353866577, 146.895828247, -57.4659347534, -19.6485977173, 49.087474823, -18.0728263855, 86.7485122681, 45.1935806274, 59.8643569946, 2.62004828453], [283.800506592, 61.3430786133, 1044.47094727, 119.832527161, 274.431182861, -42.6504936218, 153.435562134, -0.459469556808, -9.21748352051, 56.5095825195, -16.2537059784, -2.23252248764, -49.2970619202], [284.919830322, -149.353866577, 119.832527161, 377.231994629, 23.7141094208, -9.66509437561, -8.54798221588, -16.1297359467, -17.1499881744, -26.6306800842, 29.1518535614, -15.7779722214, 14.5298843384], [-310.948242188, 146.895828247, 274.431182861, 23.7141094208, 417.248840332, 82.1796188354, 39.9433631897, 23.197763443, 46.1038284302, 90.6645278931, -30.7395019531, -0.650933504105, -15.7644672394], [-263.325714111, -57.4659347534, -42.6504936218, -9.66509437561, 82.1796188354, 207.357345581, 52.2665138245, 16.3599796295, 63.7191581726, 46.5811805725, 11.8887796402, 8.18789672852, 0.784595191479], [-43.1839447021, -19.6485977173, 153.435562134, -8.54798221588, 39.9433631897, 52.2665138245, 164.707321167, 50.9235076904, 31.3900203705, 29.853679657, 2.73940777779, 13.5170478821, 1.27898681164], [-116.014816284, 49.087474823, -0.459469556808, -16.1297359467, 23.197763443, 16.3599796295, 50.9235076904, 127.83644104, 43.2181625366, 24.0398139954, -0.127873182297, -0.323729336262, 13.0073213577], [-216.156829834, -18.0728263855, -9.21748352051, -17.1499881744, 46.1038284302, 63.7191581726, 31.3900203705, 43.2181625366, 152.951049805, 35.6045837402, 4.24141931534, -9.785115242, 7.98619318008], [-170.697860718, 86.7485122681, 56.5095825195, -26.6306800842, 90.6645278931, 46.5811805725, 29.853679657, 24.0398139954, 35.6045837402, 151.405685425, 17.9207458496, 1.5749104023, -11.9299592972], [15.6308927536, 45.1935806274, -16.2537059784, 29.1518535614, -30.7395019531, 11.8887796402, 2.73940777779, -0.127873182297, 4.24141931534, 17.9207458496, 113.672134399, 23.3497676849, 3.39916181564], [-50.8934326172, 59.8643569946, -2.23252248764, -15.7779722214, -0.650933504105, 8.18789672852, 13.5170478821, -0.323729336262, -9.785115242, 1.5749104023, 23.3497676849, 115.331687927, 24.5558757782], [-43.3424835205, 2.62004828453, -49.2970619202, 14.5298843384, -15.7644672394, 0.784595191479, 1.27898681164, 13.0073213577, 7.98619318008, -11.9299592972, 3.39916181564, 24.5558757782, 91.2917022705]],
