{
"lowlevel": {
    "average_loudness": 0.94863909483,
    "barkbands_crest": {
        "dmean": 2.55529236794,
        "dmean2": 4.2023267746,
        "dvar": 5.38469791412,
        "dvar2": 13.3940706253,
        "max": 26.9189510345,
        "mean": 10.1451416016,
        "median": 9.10656070709,
        "min": 3.06961464882,
        "var": 19.2304553986
    },
    "barkbands_flatness_db": {
        "dmean": 0.0169320330024,
        "dmean2": 0.0260613635182,
        "dvar": 0.000290553522063,
        "dvar2": 0.000642569037154,
        "max": 0.716079115868,
        "mean": 0.190173402429,
        "median": 0.182662323117,
        "min": 0.0317948311567,
        "var": 0.00193764490541
    },
    "barkbands_kurtosis": {
        "dmean": 9.09266376495,
        "dmean2": 14.2561311722,
        "dvar": 119907.8125,
        "dvar2": 306808.78125,
        "max": 24582.8984375,
        "mean": 9.16156673431,
        "median": 1.06543779373,
        "min": -1.85157191753,
        "var": 106832.359375
    },
    "barkbands_skewness": {
        "dmean": 0.488159179688,
        "dmean2": 0.748353600502,
        "dvar": 3.65808105469,
        "dvar2": 8.09025287628,
        "max": 141.196350098,
        "mean": 1.22070360184,
        "median": 1.06192851067,
        "min": -6.41102313995,
        "var": 6.45145940781
    },
    "barkbands_spread": {
        "dmean": 2.99898409843,
        "dmean2": 4.66473150253,
        "dvar": 11.4086780548,
        "dvar2": 25.828163147,
        "max": 113.112609863,
        "mean": 13.738325119,
        "median": 12.9166488647,
        "min": 0.0188437849283,
        "var": 49.9605369568
    },
    "dissonance": {
        "dmean": 0.0231374539435,
        "dmean2": 0.039621591568,
        "dvar": 0.000551999080926,
        "dvar2": 0.00154951459263,
        "max": 0.500000119209,
        "mean": 0.457580119371,
        "median": 0.465274035931,
        "min": 0.18845012784,
        "var": 0.00104296102654
    },
    "dynamic_complexity": 2.35081386566,
    "erbbands_crest": {
        "dmean": 3.06718587875,
        "dmean2": 4.93739795685,
        "dvar": 8.04561519623,
        "dvar2": 19.4318981171,
        "max": 32.6292762756,
        "mean": 10.9277677536,
        "median": 9.6843996048,
        "min": 2.66402769089,
        "var": 26.7979373932
    },
    "erbbands_flatness_db": {
        "dmean": 0.0148074068129,
        "dmean2": 0.0219311024994,
        "dvar": 0.000190921215108,
        "dvar2": 0.00038361622137,
        "max": 0.496634095907,
        "mean": 0.238619744778,
        "median": 0.236907094717,
        "min": 0.0642787888646,
        "var": 0.00139949575532
    },
    "erbbands_kurtosis": {
        "dmean": 0.990357041359,
        "dmean2": 1.57309019566,
        "dvar": 4.9793305397,
        "dvar2": 12.2112560272,
        "max": 100.598350525,
        "mean": 0.657520413399,
        "median": -0.128204107285,
        "min": -1.814904809,
        "var": 14.5230379105
    },
    "erbbands_skewness": {
        "dmean": 0.357709228992,
        "dmean2": 0.555461525917,
        "dvar": 0.107102796435,
        "dvar2": 0.248485416174,
        "max": 5.80810117722,
        "mean": 0.317916721106,
        "median": 0.261002331972,
        "min": -3.38368439674,
        "var": 0.618682205677
    },
    "erbbands_spread": {
        "dmean": 5.08859872818,
        "dmean2": 7.82192134857,
        "dvar": 28.0412044525,
        "dvar2": 58.7450180054,
        "max": 185.414611816,
        "mean": 25.7746200562,
        "median": 24.702495575,
        "min": 0.451897740364,
        "var": 136.798675537
    },
    "hfc": {
        "dmean": 4.56775331497,
        "dmean2": 6.34579086304,
        "dvar": 31.989566803,
        "dvar2": 55.8632354736,
        "max": 86.9892272949,
        "mean": 18.3403663635,
        "median": 14.9329442978,
        "min": 1.16741614506e-16,
        "var": 183.351196289
    },
    "melbands_crest": {
        "dmean": 3.12398910522,
        "dmean2": 5.1290268898,
        "dvar": 8.4559431076,
        "dvar2": 20.6623535156,
        "max": 39.997051239,
        "mean": 12.9146623611,
        "median": 11.6567382812,
        "min": 1.29831218719,
        "var": 30.3861656189
    },
    "melbands_flatness_db": {
        "dmean": 0.0188570637256,
        "dmean2": 0.0285409446806,
        "dvar": 0.000375153234927,
        "dvar2": 0.000811027479358,
        "max": 0.711303114891,
        "mean": 0.238645881414,
        "median": 0.231153413653,
        "min": 0.00406522164121,
        "var": 0.0030957791023
    },
    "melbands_kurtosis": {
        "dmean": 22.8523921967,
        "dmean2": 38.3289909363,
        "dvar": 971263.9375,
        "dvar2": 2644227.5,
        "max": 67016.6640625,
        "mean": 21.3578701019,
        "median": 3.41574907303,
        "min": -1.822488904,
        "var": 712984.8125
    },
    "melbands_skewness": {
        "dmean": 0.608449161053,
        "dmean2": 0.934948086739,
        "dvar": 11.3691263199,
        "dvar2": 27.8457489014,
        "max": 247.307312012,
        "mean": 1.86959075928,
        "median": 1.64521515369,
        "min": -5.33202695847,
        "var": 14.9166688919
    },
    "melbands_spread": {
        "dmean": 4.55002307892,
        "dmean2": 7.14059972763,
        "dvar": 25.4412574768,
        "dvar2": 58.7918395996,
        "max": 148.456100464,
        "mean": 19.2134380341,
        "median": 17.2828083038,
        "min": 0.013984455727,
        "var": 137.498275757
    },
    "pitch_salience": {
        "dmean": 0.0669399127364,
        "dmean2": 0.108634129167,
        "dvar": 0.00360332778655,
        "dvar2": 0.00869737192988,
        "max": 0.9943177104,
        "mean": 0.574402987957,
        "median": 0.587143838406,
        "min": 0.00134595844429,
        "var": 0.0134694864973
    },
    "silence_rate_20dB": {
        "dmean": 0,
        "dmean2": 0,
        "dvar": 0,
        "dvar2": 0,
        "max": 1,
        "mean": 1,
        "median": 1,
        "min": 1,
        "var": 0
    },
    "silence_rate_30dB": {
        "dmean": 0,
        "dmean2": 0,
        "dvar": 0,
        "dvar2": 0,
        "max": 1,
        "mean": 1,
        "median": 1,
        "min": 1,
        "var": 0
    },
    "silence_rate_60dB": {
        "dmean": 0.00626959232613,
        "dmean2": 0.0125409718603,
        "dvar": 0.0062303012237,
        "dvar2": 0.0138093652204,
        "max": 1,
        "mean": 0.0168115124106,
        "median": 0,
        "min": 0,
        "var": 0.0165285542607
    },
    "spectral_centroid": {
        "dmean": 163.798873901,
        "dmean2": 252.831558228,
        "dvar": 49641.8085938,
        "dvar2": 92054.21875,
        "max": 11500.6982422,
        "mean": 1064.50219727,
        "median": 983.969787598,
        "min": 243.783203125,
        "var": 335661.1875
    },
    "spectral_complexity": {
        "dmean": 2.8084924221,
        "dmean2": 4.43465852737,
        "dvar": 6.70978927612,
        "dvar2": 14.4248714447,
        "max": 43,
        "mean": 18.7347202301,
        "median": 18,
        "min": 0,
        "var": 51.7664985657
    },
    "spectral_decrease": {
        "dmean": 1.73989000984e-09,
        "dmean2": 2.58212562443e-09,
        "dvar": 5.33278501906e-18,
        "dvar2": 1.15232802327e-17,
        "max": 7.34895385214e-29,
        "mean": -6.28674490244e-09,
        "median": -5.6325037967e-09,
        "min": -2.75027840502e-08,
        "var": 1.60323964345e-17
    },
    "spectral_energy": {
        "dmean": 0.00691026914865,
        "dmean2": 0.0102097671479,
        "dvar": 8.17304971861e-05,
        "dvar2": 0.000174252403667,
        "max": 0.107264690101,
        "mean": 0.0253910496831,
        "median": 0.0228788051754,
        "min": 1.03354933147e-20,
        "var": 0.000255998893408
    },
    "spectral_energyband_high": {
        "dmean": 6.49113499094e-05,
        "dmean2": 9.62141566561e-05,
        "dvar": 2.17821582993e-08,
        "dvar2": 4.47531220971e-08,
        "max": 0.00324402097613,
        "mean": 0.000139923431561,
        "median": 6.79522563587e-05,
        "min": 7.44258906539e-21,
        "var": 5.25890833103e-08
    },
    "spectral_energyband_low": {
        "dmean": 0.00115273089614,
        "dmean2": 0.0018631957937,
        "dvar": 5.28595955984e-06,
        "dvar2": 1.26024660858e-05,
        "max": 0.0588223598897,
        "mean": 0.00237270467915,
        "median": 0.00111515156459,
        "min": 2.1002902531e-23,
        "var": 1.12398020065e-05
    },
    "spectral_energyband_middle_high": {
        "dmean": 0.00253099808469,
        "dmean2": 0.00363807240501,
        "dvar": 1.55079724209e-05,
        "dvar2": 2.98680442938e-05,
        "max": 0.0646481737494,
        "mean": 0.00790554098785,
        "median": 0.00473896320909,
        "min": 1.44221746881e-21,
        "var": 7.31127947802e-05
    },
    "spectral_energyband_middle_low": {
        "dmean": 0.00573227461427,
        "dmean2": 0.00881552603096,
        "dvar": 6.91286259098e-05,
        "dvar2": 0.000159051080118,
        "max": 0.094764508307,
        "mean": 0.0158544257283,
        "median": 0.0121716130525,
        "min": 2.29860436265e-22,
        "var": 0.00016864616191
    },
    "spectral_entropy": {
        "dmean": 0.12366938591,
        "dmean2": 0.188397571445,
        "dvar": 0.0159529149532,
        "dvar2": 0.0335808880627,
        "max": 9.80745220184,
        "mean": 7.10576725006,
        "median": 7.17400884628,
        "min": 4.85810804367,
        "var": 0.141293048859
    },
    "spectral_flux": {
        "dmean": 0.0234811306,
        "dmean2": 0.0374771952629,
        "dvar": 0.000695424794685,
        "dvar2": 0.00166915426962,
        "max": 0.293173372746,
        "mean": 0.0822800174356,
        "median": 0.0766576230526,
        "min": 6.38890607085e-11,
        "var": 0.00182729796506
    },
    "spectral_kurtosis": {
        "dmean": 3.88532471657,
        "dmean2": 6.7772731781,
        "dvar": 13.3736362457,
        "dvar2": 39.5465431213,
        "max": 49.7361030579,
        "mean": 8.58670043945,
        "median": 7.21620368958,
        "min": -1.21680295467,
        "var": 34.3734588623
    },
    "spectral_rms": {
        "dmean": 0.000656407501083,
        "dmean2": 0.000954434915911,
        "dvar": 5.5611985772e-07,
        "dvar2": 1.08590973014e-06,
        "max": 0.010229784064,
        "mean": 0.00471708970144,
        "median": 0.00472448812798,
        "min": 3.17543821099e-12,
        "var": 2.52086283581e-06
    },
    "spectral_rolloff": {
        "dmean": 249.906646729,
        "dmean2": 422.893859863,
        "dvar": 201372.65625,
        "dvar2": 397290.5625,
        "max": 19724.4140625,
        "mean": 1217.45239258,
        "median": 1076.66015625,
        "min": 21.533203125,
        "var": 832687.4375
    },
    "spectral_skewness": {
        "dmean": 0.356588989496,
        "dmean2": 0.604223906994,
        "dvar": 0.0961934030056,
        "dvar2": 0.270124495029,
        "max": 5.49471330643,
        "mean": 1.81262242794,
        "median": 1.6919169426,
        "min": -0.266963511705,
        "var": 0.419097036123
    },
    "spectral_spread": {
        "dmean": 238809.328125,
        "dmean2": 370258.9375,
        "dvar": 406398926848,
        "dvar2": 614196707328,
        "max": 41308044,
        "mean": 2582139,
        "median": 2450168,
        "min": 1283383.75,
        "var": 1.89955034317e+12
    },
    "spectral_strongpeak": {
        "dmean": 0.778313755989,
        "dmean2": 1.27609300613,
        "dvar": 1.08160662651,
        "dvar2": 2.55199742317,
        "max": 12.4024248123,
        "mean": 1.54440319538,
        "median": 0.974915802479,
        "min": 0,
        "var": 2.60869622231
    },
    "zerocrossingrate": {
        "dmean": 0.00498467124999,
        "dmean2": 0.00616130651906,
        "dvar": 6.22488805675e-05,
        "dvar2": 7.71008562879e-05,
        "max": 0.6337890625,
        "mean": 0.0438541807234,
        "median": 0.0419921875,
        "min": 0,
        "var": 0.000623300496954
    },
    "barkbands": {
        "dmean": [1.19190126497e-05, 0.000416962080635, 0.000613220327068, 0.00116413587239, 0.00265774852596, 0.00215339311399, 0.00118278863374, 0.000575306359679, 0.000946182233747, 0.00116144842468, 0.000773254781961, 0.000627029803582, 0.000628687208518, 0.000332536699716, 0.000448316743132, 0.00031964329537, 0.000321491592331, 0.000187632540474, 9.76646770141e-05, 8.47956616781e-05, 1.86403976841e-05, 7.31441014068e-06, 5.10113568453e-06, 1.58016075602e-06, 5.94859670855e-07, 1.78274177642e-07, 1.0650627047e-08],
        "dmean2": [2.06246677408e-05, 0.000677153817378, 0.0010075904429, 0.00198490242474, 0.00428478093818, 0.00334634981118, 0.00188987946603, 0.000884897250216, 0.00145521457307, 0.00177139835432, 0.00123209843878, 0.000944351777434, 0.00100941804703, 0.000526114366949, 0.000714211491868, 0.000516974600032, 0.000498295295984, 0.000294057215797, 0.000153619446792, 0.000128181069158, 2.86693230009e-05, 1.12500547402e-05, 7.74131331127e-06, 2.30676027968e-06, 8.22901711217e-07, 2.53929925975e-07, 1.68810512235e-08],
        "dvar": [4.32423624686e-10, 7.90406488704e-07, 1.74752176463e-06, 7.23943958292e-06, 2.76619102806e-05, 1.59637238539e-05, 9.46375257627e-06, 2.29103784477e-06, 5.55598899155e-06, 8.52676839713e-06, 4.33268360212e-06, 3.47998457073e-06, 3.41122199643e-06, 7.96279891802e-07, 1.20892889299e-06, 5.99194549977e-07, 6.83288078562e-07, 1.28642525965e-07, 3.10830650108e-08, 3.0463858991e-08, 2.29911467642e-09, 4.93362073417e-10, 3.09808706467e-10, 9.87832211863e-12, 9.12408603532e-13, 1.03126918626e-13, 6.5340269782e-16],
        "dvar2": [1.19432341794e-09, 1.76495507276e-06, 4.40855910711e-06, 2.03910622076e-05, 7.00285017956e-05, 3.49412948708e-05, 2.03009749384e-05, 4.97260953125e-06, 1.21259599837e-05, 1.83645388461e-05, 1.03938536995e-05, 6.18980493527e-06, 8.27319945529e-06, 1.90389016552e-06, 2.90976458928e-06, 1.38793939186e-06, 1.49571349084e-06, 2.90206827458e-07, 7.08949698947e-08, 6.32249168575e-08, 4.88951101829e-09, 1.12508369288e-09, 6.32232377562e-10, 2.03647394087e-11, 1.66233530847e-12, 2.00388357709e-13, 1.49556065283e-15],
        "max": [0.00036249787081, 0.0402628369629, 0.0220107007772, 0.0508024208248, 0.0914644673467, 0.0600034669042, 0.0707157328725, 0.0378724485636, 0.0584186762571, 0.0597342960536, 0.0587569773197, 0.0514275617898, 0.0488093942404, 0.0150471637025, 0.0312337651849, 0.0170285925269, 0.0200491957366, 0.00737927109003, 0.0042140474543, 0.00336086400785, 0.00119294784963, 0.000839549233206, 0.000504577066749, 0.000101702069514, 1.41992641147e-05, 7.42687961974e-06, 5.85911436701e-07],
        "mean": [1.4219728655e-05, 0.000845129368827, 0.000956287840381, 0.00193006289192, 0.00510253990069, 0.0039033186622, 0.00188263552263, 0.000948336266447, 0.00149580708239, 0.00179770635441, 0.00123961654026, 0.00109498633537, 0.00105057214387, 0.000494675827213, 0.0007452860591, 0.00050481321523, 0.000582561537158, 0.000373520480935, 0.00019900983898, 0.000167390840943, 3.49914480466e-05, 1.34192696351e-05, 9.62727881415e-06, 3.20472827298e-06, 1.1245050473e-06, 2.90108033596e-07, 1.29751294153e-08],
        "median": [7.42349584471e-06, 0.00022242392879, 0.000361582322512, 0.00076269271085, 0.0029566634912, 0.00167064927518, 0.000694938120432, 0.000372674374375, 0.000534421531484, 0.000660472724121, 0.000292291166261, 0.000279256753856, 0.000228213451919, 0.000139032126754, 0.000254700804362, 0.000165638790349, 0.000187219120562, 0.000153861794388, 0.000106827756099, 6.59295837977e-05, 1.53683668032e-05, 6.56630345475e-06, 4.45879595645e-06, 1.75688774107e-06, 5.39411587397e-07, 9.29859993448e-08, 1.78007208973e-09],
        "min": [1.26400839451e-24, 6.2843613994e-24, 4.16537214517e-24, 3.14063433511e-24, 1.87417510754e-23, 2.31072615709e-23, 2.58460556829e-23, 3.16414759657e-23, 4.06251186176e-23, 4.06690928799e-23, 3.68682853079e-23, 3.50382163603e-23, 5.35707425909e-23, 6.79869799963e-23, 9.65271471318e-23, 1.04305580715e-22, 1.22916784776e-22, 1.6322449732e-22, 1.74501270271e-22, 2.68785130492e-22, 3.98558429199e-22, 3.89681838127e-22, 4.35041920779e-22, 6.14364065193e-22, 9.55511343411e-22, 1.57235563778e-21, 2.27471942149e-21],
        "var": [4.62317795158e-10, 2.26944484893e-06, 2.69265024144e-06, 1.0055857274e-05, 4.7951216402e-05, 4.1119990783e-05, 1.9327908376e-05, 4.47204956799e-06, 1.04573291537e-05, 1.56638579938e-05, 9.43572922552e-06, 1.07961095637e-05, 7.49374885345e-06, 1.35449045047e-06, 2.43001841227e-06, 1.09224481548e-06, 1.69755719526e-06, 3.70767480717e-07, 7.67362706711e-08, 7.97704515776e-08, 4.41530412232e-09, 7.7438411239e-10, 5.50051226789e-10, 2.2082748824e-11, 2.37312209814e-12, 2.35284150019e-13, 1.03743938929e-15]
    },
    "erbbands": {
        "dmean": [0.00637504225597, 0.116065219045, 0.569772303104, 2.07692170143, 6.66949939728, 9.88047027588, 14.3256454468, 19.5866203308, 17.2848377228, 14.0394926071, 13.03282547, 22.1880779266, 31.2299251556, 36.583896637, 24.2850189209, 25.1026954651, 26.0384616852, 19.4663524628, 19.4698429108, 17.3858680725, 17.4958381653, 13.6892881393, 10.7846097946, 6.24171495438, 3.90117621422, 3.99524641037, 1.35294699669, 0.44933745265, 0.280566453934, 0.194842621684, 0.142919674516, 0.0529038533568, 0.0185126904398, 0.00785032380372, 0.00389628787525, 0.00136643764563, 0.000197459798073, 2.18201967073e-05, 4.6752934395e-06, 7.93955587142e-06],
        "dmean2": [0.0104234134778, 0.188249543309, 0.926326930523, 3.49328565598, 11.3783578873, 15.7784261703, 22.4473953247, 30.8115386963, 26.7791481018, 22.0265712738, 20.2280349731, 34.0826721191, 47.1788368225, 56.5396995544, 36.8392715454, 37.083896637, 40.5316009521, 30.1723518372, 30.6360988617, 27.4100379944, 27.6513881683, 20.9122982025, 16.729265213, 9.68195915222, 5.91170406342, 6.07677936554, 2.00235342979, 0.684812247753, 0.434322416782, 0.29156473279, 0.215874433517, 0.077470742166, 0.0265865884721, 0.010990745388, 0.0054208599031, 0.00191776547581, 0.000282171880826, 3.26932276948e-05, 6.71316729495e-06, 1.16336395877e-05],
        "dvar": [0.000116981937026, 0.0640976428986, 1.51982760429, 21.159948349, 364.776885986, 326.200164795, 1144.09155273, 1587.27368164, 1960.3314209, 1420.3885498, 1341.64221191, 3104.42651367, 6911.58691406, 8022.08837891, 5328.62939453, 5802.515625, 5855.39208984, 2362.41650391, 2302.29443359, 2080.41430664, 1678.98095703, 1183.8515625, 454.769744873, 128.724945068, 54.2470664978, 86.5544815063, 10.6457271576, 1.69751036167, 0.737437725067, 0.4648257792, 0.27851587534, 0.0134147815406, 0.00116949283984, 0.000160692739883, 4.11245709984e-05, 5.75400781599e-06, 1.691510505e-07, 2.34813390954e-09, 4.28394715535e-11, 1.04136574364e-10],
        "dvar2": [0.000297758146189, 0.142416700721, 3.77825117111, 57.8286933899, 990.733642578, 757.028564453, 2465.77026367, 3652.8293457, 4160.28857422, 3360.29174805, 2976.38012695, 6969.06494141, 14401.8701172, 18416.7988281, 11657.7402344, 9916.25488281, 13298.7304688, 5070.69873047, 5248.43994141, 4508.41455078, 3838.35522461, 2658.140625, 1028.28942871, 296.107849121, 115.5131073, 185.127944946, 20.2400226593, 3.86142587662, 1.7380130291, 0.965180516243, 0.615014135838, 0.0270550828427, 0.00241799280047, 0.000300371961202, 7.85721931607e-05, 1.13282349048e-05, 3.19103605761e-07, 4.83396345174e-09, 8.60552670789e-11, 2.17169504602e-10],
        "max": [0.377748280764, 11.0831670761, 32.5379371643, 68.1507110596, 275.894439697, 525.377563477, 755.804931641, 776.852844238, 1116.22998047, 1301.34130859, 1187.078125, 1593.95361328, 2149.20483398, 2153.78320312, 2233.39624023, 2162.22827148, 2598.1550293, 1312.5255127, 1117.60095215, 1647.97473145, 855.145935059, 971.664001465, 481.94430542, 302.255981445, 254.849105835, 206.923400879, 97.4194564819, 43.1549797058, 32.5500106812, 27.9589977264, 18.9222679138, 3.01053118706, 1.07142531872, 0.208842396736, 0.0817757025361, 0.0642267540097, 0.0112591078505, 0.00133202027064, 0.000132211425807, 0.000120152333693],
        "mean": [0.0116685749963, 0.236864566803, 1.02594149113, 3.4994802475, 10.8605470657, 18.735496521, 26.8443527222, 34.0067024231, 27.9447288513, 23.960981369, 21.8683834076, 36.6219825745, 49.0807418823, 64.4610977173, 41.4904670715, 45.748790741, 45.6183929443, 34.3865356445, 32.9806671143, 32.61095047, 34.0521583557, 28.2406597137, 23.0236663818, 13.1433410645, 8.68846511841, 7.79717254639, 2.87633490562, 0.893993735313, 0.517419040203, 0.346945643425, 0.265762627125, 0.106984294951, 0.0376296341419, 0.0152516933158, 0.00693105719984, 0.00230488879606, 0.000315048964694, 3.31830851792e-05, 1.540323683e-05, 2.98137329082e-05],
        "median": [0.00560403103009, 0.0653539001942, 0.413103312254, 1.62454903126, 5.21848392487, 10.6351118088, 11.8450984955, 13.6121740341, 12.0339574814, 9.80454826355, 9.81570720673, 14.4967889786, 17.5450286865, 23.6987743378, 13.7227172852, 13.1963224411, 11.9905958176, 10.8158540726, 13.0186338425, 13.018693924, 12.0369596481, 10.0089111328, 9.33300018311, 7.15865135193, 4.62259531021, 3.10558247566, 1.16815698147, 0.457308471203, 0.254763484001, 0.160370364785, 0.122892566025, 0.0566939935088, 0.0206325165927, 0.00774713093415, 0.00313295261003, 0.000876365578733, 7.31194668333e-05, 7.87420322013e-06, 1.26158956846e-05, 2.68478688668e-05],
        "min": [1.65774789964e-22, 1.58019941429e-21, 5.31514071053e-21, 1.15379239274e-20, 1.86950621723e-20, 5.08433801336e-20, 4.45567751665e-20, 1.15134132088e-19, 3.51183690812e-19, 5.6899727745e-19, 6.20477173065e-19, 7.4107007681e-19, 1.53366885289e-18, 1.09342513292e-18, 1.47325137416e-18, 1.39562088726e-18, 2.77342306335e-18, 3.57698539467e-18, 4.84954403726e-18, 3.90523713151e-18, 5.76252395885e-18, 6.48211939298e-18, 1.01762802981e-17, 1.04164712141e-17, 1.11487485678e-17, 1.55534075747e-17, 1.36680363112e-17, 1.69088488874e-17, 1.6542343356e-17, 1.5813357354e-17, 1.15345629763e-17, 1.10555790795e-17, 1.20881949603e-17, 8.98509141236e-18, 6.49827919343e-18, 5.23337155791e-18, 2.71323326608e-18, 1.24088486296e-18, 2.79820673867e-19, 3.17763500264e-20],
        "var": [0.000280372973066, 0.180600404739, 2.67158198357, 29.0491924286, 357.572937012, 748.765380859, 2905.81933594, 3914.35668945, 3710.06518555, 2709.55737305, 2275.21020508, 6051.17236328, 13690.2861328, 17262.8222656, 10396.7724609, 18078.203125, 12564.9921875, 5559.83154297, 3926.67016602, 5017.57910156, 4566.09179688, 3065.08374023, 1404.97045898, 312.238708496, 154.54574585, 200.69833374, 28.1191692352, 2.80660295486, 1.09193706512, 0.761552929878, 0.428941518068, 0.029888542369, 0.0026489328593, 0.000419089337811, 9.75322036538e-05, 1.27630419229e-05, 3.8256081325e-07, 4.85172746423e-09, 1.36239575177e-10, 3.4802863369e-10]
    },
    "gfcc": {
        "mean": [-48.5178871155, 153.605636597, -160.858520508, 21.7925281525, -55.406867981, -7.89873790741, -36.5554199219, -5.4297246933, -21.578578949, -16.0859851837, -5.65132904053, -10.1781778336, 2.16522479057],
        "cov": [[7197.35546875, 197.753768921, -860.569091797, 169.475830078, -171.461578369, -145.11038208, -247.136917114, -11.5700311661, -263.371643066, 74.4121551514, -108.661132812, -7.86578226089, -213.488754272], [197.753768921, 755.626342773, 172.34815979, -24.5561389923, 81.5973052979, -25.057144165, 8.51325035095, -55.5246925354, 26.6573829651, -92.4707336426, 25.8616294861, -89.6816482544, 40.250087738], [-860.569091797, 172.34815979, 650.604370117, 121.229042053, 51.1364097595, 49.0018424988, -32.1807365417, -1.6600304842, -5.03107976913, -47.6718330383, -38.9842185974, 1.40937995911, 4.13954496384], [169.475830078, -24.5561389923, 121.229042053, 301.320983887, 33.7800712585, -23.7223491669, -27.1390762329, -23.2757663727, 7.77033758163, -7.72600030899, -11.3174705505, -1.83852434158, -23.9117946625], [-171.461578369, 81.5973052979, 51.1364097595, 33.7800712585, 238.464157104, 32.1397972107, 14.5615463257, 27.2959270477, -18.8483638763, 6.83776855469, -6.85511255264, -6.53917646408, -0.186918586493], [-145.11038208, -25.057144165, 49.0018424988, -23.7223491669, 32.1397972107, 242.650054932, 83.7220458984, -27.8515224457, -19.6058502197, 3.94016289711, -22.6948680878, -18.4615249634, -8.61829376221], [-247.136917114, 8.51325035095, -32.1807365417, -27.1390762329, 14.5615463257, 83.7220458984, 153.773834229, -1.86861932278, -21.3862094879, -5.85149002075, 6.60816144943, -25.6355991364, 2.29717302322], [-11.5700311661, -55.5246925354, -1.6600304842, -23.2757663727, 27.2959270477, -27.8515224457, -1.86861932278, 127.045005798, 30.3047962189, 18.5440444946, -11.7591581345, 25.0982494354, 2.6524143219], [-263.371643066, 26.6573829651, -5.03107976913, 7.77033758163, -18.8483638763, -19.6058502197, -21.3862094879, 30.3047962189, 127.429367065, 10.9686326981, 2.39075708389, 6.26106882095, 14.2157173157], [74.4121551514, -92.4707336426, -47.6718330383, -7.72600030899, 6.83776855469, 3.94016289711, -5.85149002075, 18.5440444946, 10.9686326981, 101.237487793, 12.088265419, 2.15184164047, -17.9322166443], [-108.661132812, 25.8616294861, -38.9842185974, -11.3174705505, -6.85511255264, -22.6948680878, 6.60816144943, -11.7591581345, 2.39075708389, 12.088265419, 90.7640991211, 12.2839097977, 0.90955221653], [-7.86578226089, -89.6816482544, 1.40937995911, -1.83852434158, -6.53917646408, -18.4615249634, -25.6355991364, 25.0982494354, 6.26106882095, 2.15184164047, 12.2839097977, 84.1042938232, 23.1273040771], [-213.488754272, 40.250087738, 4.13954496384, -23.9117946625, -0.186918586493, -8.61829376221, 2.29717302322, 2.6524143219, 14.2157173157, -17.9322166443, 0.90955221653, 23.1273040771, 81.678565979]],
        "icov": [[0.00046584487427, -0.000914061907679, 0.00104593147989, -0.000765572185628, 0.000756030494813, -0.00041276353295, 0.000971275963821, -0.000704355770722, 0.00157354562543, -0.000660513003822, 0.00114630151074, -0.00109493022319, 0.00122303201351], [-0.000914061907679, 0.00419734884053, -0.00271299900487, 0.00214062770829, -0.00251299515367, 0.00137951923534, -0.00175162043888, 0.00215199845843, -0.00402283901349, 0.0031297202222, -0.0035988856107, 0.00515017379075, -0.00360510125756], [0.00104593147989, -0.00271299900487, 0.00438838079572, -0.00262447190471, 0.00176960777026, -0.0017623140011, 0.0028420756571, -0.0021396309603, 0.00391562469304, -0.00111829815432, 0.00324003398418, -0.0031836850103, 0.00282603525557], [-0.000765572185628, 0.00214062770829, -0.00262447190471, 0.00545543432236, -0.00225835642777, 0.0016565968981, -0.00163011974655, 0.00276870070957, -0.00359494122677, 0.00159542239271, -0.00162095425185, 0.00190798100084, -0.000746466452256], [0.000756030494813, -0.00251299515367, 0.00176960777026, -0.00225835642777, 0.00642619468272, -0.00170533824712, 0.00161858322099, -0.00322360452265, 0.00408400222659, -0.00221051322296, 0.00208182516508, -0.00213834852912, 0.00174373888876], [-0.00041276353295, 0.00137951923534, -0.0017623140011, 0.0016565968981, -0.00170533824712, 0.00656882906333, -0.0043854964897, 0.0030098115094, -0.00201451266184, -3.0716710171e-05, 0.000750343198888, 0.00070550525561, -0.000333825970301], [0.000971275963821, -0.00175162043888, 0.0028420756571, -0.00163011974655, 0.00161858322099, -0.0043854964897, 0.0114977406338, -0.00343520985916, 0.00474531389773, -0.00014097552048, 0.000143451281474, 0.00121242494788, 0.000908011570573], [-0.000704355770722, 0.00215199845843, -0.0021396309603, 0.00276870070957, -0.00322360452265, 0.0030098115094, -0.00343520985916, 0.012244717218, -0.00550988689065, -0.000224605435506, 0.000696199422237, -0.00147158745676, -0.000654742412735], [0.00157354562543, -0.00402283901349, 0.00391562469304, -0.00359494122677, 0.00408400222659, -0.00201451266184, 0.00474531389773, -0.00550988689065, 0.0148951848969, -0.00374933541752, 0.00356240523979, -0.00346207781695, 0.00221168948337], [-0.000660513003822, 0.0031297202222, -0.00111829815432, 0.00159542239271, -0.00221051322296, -3.0716710171e-05, -0.00014097552048, -0.000224605435506, -0.00374933541752, 0.0138417026028, -0.00441057700664, 0.00376204703934, -6.66726773488e-05], [0.00114630151074, -0.0035988856107, 0.00324003398418, -0.00162095425185, 0.00208182516508, 0.000750343198888, 0.000143451281474, 0.000696199422237, 0.00356240523979, -0.00441057700664, 0.0164877604693, -0.00746356975287, 0.00452955579385], [-0.00109493022319, 0.00515017379075, -0.0031836850103, 0.00190798100084, -0.00213834852912, 0.00070550525561, 0.00121242494788, -0.00147158745676, -0.00346207781695, 0.00376204703934, -0.00746356975287, 0.0219832379371, -0.00930961593986], [0.00122303201351, -0.00360510125756, 0.00282603525557, -0.000746466452256, 0.00174373888876, -0.000333825970301, 0.000908011570573, -0.000654742412735, 0.00221168948337, -6.66726773488e-05, 0.00452955579385, -0.00930961593986, 0.0190051235259]]
    },
    "melbands": {
        "dmean": [8.66736154421e-05, 0.000244991242653, 0.000492242455948, 0.000575297803152, 0.000467821955681, 0.00041816054727, 0.000267986819381, 0.00014329944679, 0.00010691544594, 0.000151961212396, 0.000160230018082, 0.000153818866238, 8.58629209688e-05, 7.56732115406e-05, 5.84424451517e-05, 6.51888913126e-05, 3.58606121154e-05, 3.12437150569e-05, 3.48487628798e-05, 2.10369798879e-05, 2.36311934714e-05, 1.86743654922e-05, 1.17649151434e-05, 8.63965215103e-06, 5.57207977181e-06, 3.12840643346e-06, 3.29386853082e-06, 2.79908931589e-06, 1.17402180422e-06, 4.22364649921e-07, 2.39712079519e-07, 1.8051504469e-07, 1.26957729663e-07, 1.10737872205e-07, 9.48750056295e-08, 5.79327164019e-08, 2.59680632553e-08, 1.4690661132e-08, 9.0004315112e-09, 6.32587804361e-09],
        "dmean2": [0.000141545984661, 0.000394881382817, 0.000833062513266, 0.000945735198911, 0.000734616303816, 0.000652559276205, 0.000415631569922, 0.000222778515308, 0.000167228703503, 0.000233247759752, 0.00024268089328, 0.000237741202, 0.000132497472805, 0.000110315224447, 8.54409954627e-05, 0.000105254912341, 5.54487087356e-05, 4.9462676543e-05, 5.55177757633e-05, 3.33707976097e-05, 3.72182548745e-05, 2.89714007522e-05, 1.83246902452e-05, 1.32552004288e-05, 8.83034135768e-06, 4.83568101117e-06, 5.0701046348e-06, 4.31993021266e-06, 1.7945341142e-06, 6.6151125111e-07, 3.77864239454e-07, 2.86562396923e-07, 1.96069322556e-07, 1.69880109979e-07, 1.44739885855e-07, 8.84125910261e-08, 3.88827423592e-08, 2.16840856382e-08, 1.311883846e-08, 9.14505982053e-09],
        "dvar": [2.91893087478e-08, 2.74741921658e-07, 1.47908144754e-06, 1.63606398473e-06, 9.53877588472e-07, 6.52542155422e-07, 4.23823877327e-07, 1.30149672373e-07, 8.99047734038e-08, 1.52169690182e-07, 1.80313932674e-07, 1.46269499623e-07, 5.59704247394e-08, 4.98101933033e-08, 4.84894506769e-08, 3.42121531105e-08, 8.42437675175e-09, 7.32761940014e-09, 9.06505359666e-09, 2.5758442046e-09, 3.58051965854e-09, 2.50442910854e-09, 7.51578910219e-10, 2.97727648091e-10, 1.18382401104e-10, 3.78718514882e-11, 4.8492161675e-11, 4.70876150571e-11, 8.62841482291e-12, 1.03083535631e-12, 7.07783387021e-13, 2.78496708117e-13, 1.68732242805e-13, 1.67117391431e-13, 1.39257230964e-13, 2.30563028928e-14, 2.84558812806e-15, 7.88328852389e-16, 2.32301432762e-16, 1.07668051991e-16],
        "dvar2": [6.85201086981e-08, 6.59560896565e-07, 4.01407669415e-06, 4.24782456321e-06, 2.09007566809e-06, 1.47961543462e-06, 8.84754058461e-07, 3.02225060977e-07, 2.01139101819e-07, 3.3602512417e-07, 3.77328348122e-07, 3.30914019742e-07, 1.23709440913e-07, 8.52452544109e-08, 8.07894124932e-08, 8.42405185608e-08, 1.83744575111e-08, 1.61576902968e-08, 2.11824655594e-08, 5.44726130869e-09, 8.14684231187e-09, 5.72330627335e-09, 1.73487380017e-09, 6.2342314644e-10, 2.79100548228e-10, 8.23892482016e-11, 1.09429985906e-10, 1.02913420841e-10, 1.74279375653e-11, 2.21434936359e-12, 1.76087605868e-12, 6.71328064753e-13, 3.79836326237e-13, 3.54220830185e-13, 3.12362413496e-13, 5.13979355225e-14, 6.08468150539e-15, 1.74125325297e-15, 4.73574744381e-16, 2.12696471386e-16],
        "max": [0.00755859632045, 0.0167717505246, 0.0197986271232, 0.0250668581575, 0.0204583965242, 0.0149124190211, 0.0152191519737, 0.0116998124868, 0.0105660045519, 0.0104650724679, 0.0108109619468, 0.00944993738085, 0.00552467862144, 0.0071590677835, 0.00670351134613, 0.00421261135489, 0.00210784492083, 0.00186620117165, 0.0031556636095, 0.00150471413508, 0.00132169248536, 0.00127779645845, 0.000739302835427, 0.000506719981786, 0.000314017292112, 0.000187765064766, 0.000164090364706, 0.000167085585417, 8.23451700853e-05, 3.70529814973e-05, 3.39305552188e-05, 1.88713984244e-05, 1.4632150851e-05, 1.61563257279e-05, 1.28854135255e-05, 5.31225487066e-06, 1.66635641108e-06, 9.16346607482e-07, 2.55970832086e-07, 1.51413999561e-07],
        "mean": [0.000168975573615, 0.000472169398563, 0.000866434711497, 0.00104866630863, 0.000938915007282, 0.000740056624636, 0.000432587083196, 0.000245481147431, 0.000168562721228, 0.000243252303335, 0.000245031551458, 0.00026162219001, 0.000140285381349, 0.000128740532091, 9.73315400188e-05, 0.000109247695946, 5.66235321457e-05, 4.73123618576e-05, 5.90117888351e-05, 3.43159517797e-05, 4.3006537453e-05, 3.29293507093e-05, 2.2899124815e-05, 1.61452026077e-05, 1.03061038317e-05, 6.29376927463e-06, 6.17411342319e-06, 4.97582868775e-06, 2.17314345718e-06, 7.86072348546e-07, 4.06054084578e-07, 3.14802150569e-07, 2.07003552077e-07, 1.84830312833e-07, 1.64605140185e-07, 1.06869627814e-07, 4.89991904828e-08, 2.76547744704e-08, 1.69439271502e-08, 1.13690701298e-08],
        "median": [5.72975259274e-05, 0.000186558478163, 0.000399722513976, 0.000597902049776, 0.000472419109428, 0.000306996284053, 0.000182805233635, 9.98783361865e-05, 7.22610857338e-05, 8.49034477142e-05, 8.28309130156e-05, 9.41862817854e-05, 3.73252623831e-05, 3.57668250217e-05, 2.38163447648e-05, 2.29272209253e-05, 1.56420392159e-05, 1.68050610228e-05, 1.89053844224e-05, 1.22540086522e-05, 1.33992525662e-05, 1.05726576294e-05, 7.98887958808e-06, 7.09895448381e-06, 4.95816721013e-06, 3.22074174619e-06, 2.59942771663e-06, 1.72977968305e-06, 7.59981844567e-07, 3.59307165354e-07, 1.90011519408e-07, 1.49239156144e-07, 9.05945043428e-08, 7.83795428561e-08, 7.28534246264e-08, 5.07891506629e-08, 2.60056527424e-08, 1.46971528281e-08, 8.65487059798e-09, 5.43210321169e-09],
        "min": [2.43362169311e-24, 2.63894167636e-24, 1.85750316339e-24, 1.97836237331e-24, 1.22503748251e-24, 3.01979898823e-24, 5.12690326406e-24, 6.50988687144e-24, 5.48399180243e-24, 5.28744592461e-24, 7.43704692626e-24, 3.21471823487e-24, 4.73224364736e-24, 4.68819404884e-24, 3.66073585195e-24, 5.23886116474e-24, 6.82470627036e-24, 6.70163371395e-24, 6.70747444009e-24, 5.32651307764e-24, 6.51109580078e-24, 6.08084080788e-24, 7.70172948149e-24, 7.21272565039e-24, 8.2906914556e-24, 7.44825821745e-24, 9.56489666618e-24, 1.02102298517e-23, 6.5880377436e-24, 1.05326830576e-23, 8.83356659791e-24, 9.27215038425e-24, 5.51852616071e-24, 9.08071435294e-24, 5.82564864377e-24, 5.79920247636e-24, 6.66775450465e-24, 8.03080596354e-24, 7.56665440641e-24, 7.51723463728e-24],
        "var": [7.96651278279e-08, 5.52138374132e-07, 1.90369030406e-06, 2.30285377256e-06, 2.65021276391e-06, 1.67503958437e-06, 8.42891154207e-07, 2.60457085233e-07, 1.43747953985e-07, 2.971271158e-07, 3.53624415084e-07, 2.96517868037e-07, 1.1478365991e-07, 1.28322128035e-07, 1.30773770479e-07, 7.91984149373e-08, 1.74327308144e-08, 1.13020330872e-08, 1.93830640427e-08, 5.23066301383e-09, 1.00878505549e-08, 5.5010858091e-09, 2.11806128192e-09, 6.87742529593e-10, 2.43749687101e-10, 9.02022970206e-11, 1.12431175481e-10, 9.90221099562e-11, 2.05378613422e-11, 2.04811645074e-12, 8.61854533053e-13, 4.04552151327e-13, 2.45078452974e-13, 2.63574752302e-13, 2.02310471977e-13, 4.01916997947e-14, 5.88524293928e-15, 1.55919866167e-15, 5.36883892683e-16, 2.5242209162e-16]
    },
    "mfcc": {
        "mean": [-674.376098633, 173.572662354, -39.3276519775, 24.4489936829, -4.91279506683, -5.00738859177, -6.73249769211, 1.1033654213, -10.7738418579, -1.99173736572, -13.5476484299, -5.90102767944, -4.30263948441],
        "cov": [[3670.05688477, -322.970001221, -467.710113525, 184.151382446, -60.6386222839, -10.1240158081, 23.489397049, -80.9723815918, -140.396255493, 28.4303684235, 6.62392663956, 73.942565918, -43.3286514282], [-322.970001221, 788.542419434, 109.385269165, -1.76573777199, 105.508735657, -6.22281122208, 44.21534729, 5.01984071732, 30.043806076, -10.4785137177, 6.70821237564, -32.2183837891, 0.839478731155], [-467.710113525, 109.385269165, 517.973205566, 68.5302276611, 59.7605438232, 71.8877944946, -29.3093109131, 40.1419792175, 10.1373224258, -23.9584197998, -8.82618618011, -30.0795669556, -4.46539640427], [184.151382446, -1.76573777199, 68.5302276611, 293.474090576, 87.9966125488, -34.0322570801, -17.9502410889, -4.00269365311, -8.21395969391, -20.1079883575, -20.1100845337, 37.038898468, 14.4349956512], [-60.6386222839, 105.508735657, 59.7605438232, 87.9966125488, 213.40234375, 9.3190202713, -4.72320079803, 14.5551490784, 30.967880249, -21.4747886658, -6.12155389786, 21.8356208801, 16.5972614288], [-10.1240158081, -6.22281122208, 71.8877944946, -34.0322570801, 9.3190202713, 213.954772949, 72.4408111572, 6.6824798584, 14.8916702271, 9.21490192413, 21.200422287, -34.3919258118, -21.2029705048], [23.489397049, 44.21534729, -29.3093109131, -17.9502410889, -4.72320079803, 72.4408111572, 184.838668823, 18.9320545197, -11.138507843, 19.3553161621, 4.8914065361, -27.8083190918, -6.77991199493], [-80.9723815918, 5.01984071732, 40.1419792175, -4.00269365311, 14.5551490784, 6.6824798584, 18.9320545197, 99.21434021, 26.5886135101, -11.2602739334, -4.60564756393, -2.30647349358, 7.13764619827], [-140.396255493, 30.043806076, 10.1373224258, -8.21395969391, 30.967880249, 14.8916702271, -11.138507843, 26.5886135101, 130.71031189, 3.28293371201, 1.32232379913, 5.17307567596, 4.97415781021], [28.4303684235, -10.4785137177, -23.9584197998, -20.1079883575, -21.4747886658, 9.21490192413, 19.3553161621, -11.2602739334, 3.28293371201, 89.4995956421, 22.6897716522, -9.76543807983, -8.09907817841], [6.62392663956, 6.70821237564, -8.82618618011, -20.1100845337, -6.12155389786, 21.200422287, 4.8914065361, -4.60564756393, 1.32232379913, 22.6897716522, 81.6200408936, 12.0022106171, -8.64573955536], [73.942565918, -32.2183837891, -30.0795669556, 37.038898468, 21.8356208801, -34.3919258118, -27.8083190918, -2.30647349358, 5.17307567596, -9.76543807983, 12.0022106171, 96.6431350708, 37.2768440247], [-43.3286514282, 0.839478731155, -4.46539640427, 14.4349956512, 16.5972614288, -21.2029705048, -6.77991199493, 7.13764619827, 4.97415781021, -8.09907817841, -8.64573955536, 37.2768440247, 80.6437072754]],
