{
"lowlevel": {
    "average_loudness": 0.67726701498,
    "barkbands_crest": {
        "dmean": 2.27260565758,
        "dmean2": 3.70676183701,
        "dvar": 4.90644836426,
        "dvar2": 12.2784118652,
        "max": 26.7668418884,
        "mean": 9.32386398315,
        "median": 8.0962972641,
        "min": 2.44676184654,
        "var": 17.2860717773
    },
    "barkbands_flatness_db": {
        "dmean": 0.0191499479115,
        "dmean2": 0.0293313525617,
        "dvar": 0.000353905867087,
        "dvar2": 0.000751955900341,
        "max": 0.421870678663,
        "mean": 0.152297630906,
        "median": 0.149888157845,
        "min": 0.0322354659438,
        "var": 0.00280116149224
    },
    "barkbands_kurtosis": {
        "dmean": 2.70790314674,
        "dmean2": 4.28451538086,
        "dvar": 68.2416610718,
        "dvar2": 169.316009521,
        "max": 417.244720459,
        "mean": 4.09960842133,
        "median": 1.72793912888,
        "min": -1.91937685013,
        "var": 105.778274536
    },
    "barkbands_skewness": {
        "dmean": 0.486364036798,
        "dmean2": 0.73524916172,
        "dvar": 0.338677883148,
        "dvar2": 0.70520812273,
        "max": 12.8756933212,
        "mean": 0.890271544456,
        "median": 0.856776475906,
        "min": -4.27697467804,
        "var": 2.56619167328
    },
    "barkbands_spread": {
        "dmean": 3.95934128761,
        "dmean2": 6.11854600906,
        "dvar": 28.4262962341,
        "dvar2": 55.8718147278,
        "max": 85.0840072632,
        "mean": 16.5853729248,
        "median": 14.1276187897,
        "min": 0.180612176657,
        "var": 107.249809265
    },
    "dissonance": {
        "dmean": 0.0202897842973,
        "dmean2": 0.0343385450542,
        "dvar": 0.000450947001809,
        "dvar2": 0.00123950850684,
        "max": 0.500000059605,
        "mean": 0.461183130741,
        "median": 0.469861358404,
        "min": 0.239306584001,
        "var": 0.00116862577852
    },
    "dynamic_complexity": 3.45301318169,
    "erbbands_crest": {
        "dmean": 2.57718229294,
        "dmean2": 4.19966077805,
        "dvar": 6.86429023743,
        "dvar2": 16.9660835266,
        "max": 32.8018455505,
        "mean": 9.27861881256,
        "median": 8.2787361145,
        "min": 2.34982562065,
        "var": 22.6777629852
    },
    "erbbands_flatness_db": {
        "dmean": 0.0179351661354,
        "dmean2": 0.0261256266385,
        "dvar": 0.00033953122329,
        "dvar2": 0.00061408278998,
        "max": 0.500118255615,
        "mean": 0.194971680641,
        "median": 0.201025694609,
        "min": 0.0694486126304,
        "var": 0.00337431603111
    },
    "erbbands_kurtosis": {
        "dmean": 1.05072808266,
        "dmean2": 1.69870769978,
        "dvar": 4.5904045105,
        "dvar2": 10.9391212463,
        "max": 97.9867172241,
        "mean": 1.01161253452,
        "median": 0.384115695953,
        "min": -1.87559819221,
        "var": 8.88797187805
    },
    "erbbands_skewness": {
        "dmean": 0.362301647663,
        "dmean2": 0.570050537586,
        "dvar": 0.145416855812,
        "dvar2": 0.319025039673,
        "max": 8.08207321167,
        "mean": 0.392726510763,
        "median": 0.334350943565,
        "min": -2.74392914772,
        "var": 0.674521505833
    },
    "erbbands_spread": {
        "dmean": 5.99076795578,
        "dmean2": 9.15721321106,
        "dvar": 63.8652839661,
        "dvar2": 128.526870728,
        "max": 139.314605713,
        "mean": 28.6967906952,
        "median": 26.021736145,
        "min": 0.663747727871,
        "var": 266.481506348
    },
    "hfc": {
        "dmean": 4.92309141159,
        "dmean2": 7.13169384003,
        "dvar": 45.6568145752,
        "dvar2": 88.7776794434,
        "max": 196.623443604,
        "mean": 19.0623130798,
        "median": 15.7995033264,
        "min": 1.06019342064e-16,
        "var": 284.38571167
    },
    "melbands_crest": {
        "dmean": 2.64871001244,
        "dmean2": 4.29781293869,
        "dvar": 6.97968387604,
        "dvar2": 16.9706726074,
        "max": 34.9338264465,
        "mean": 10.8865785599,
        "median": 10.2573757172,
        "min": 1.30173516273,
        "var": 33.5370483398
    },
    "melbands_flatness_db": {
        "dmean": 0.0201878044754,
        "dmean2": 0.0304599497467,
        "dvar": 0.000516531406902,
        "dvar2": 0.0010725526372,
        "max": 0.518698811531,
        "mean": 0.166567116976,
        "median": 0.174974679947,
        "min": 0.0011671615066,
        "var": 0.0067926752381
    },
    "melbands_kurtosis": {
        "dmean": 4.41945123672,
        "dmean2": 6.79797458649,
        "dvar": 96.1209640503,
        "dvar2": 208.480224609,
        "max": 296.760467529,
        "mean": 7.66288042068,
        "median": 2.49571800232,
        "min": -1.81235468388,
        "var": 252.794906616
    },
    "melbands_skewness": {
        "dmean": 0.568415522575,
        "dmean2": 0.854920566082,
        "dvar": 0.453683674335,
        "dvar2": 0.937302708626,
        "max": 14.7369308472,
        "mean": 1.60552203655,
        "median": 1.23633432388,
        "min": -2.27020382881,
        "var": 2.64252305031
    },
    "melbands_spread": {
        "dmean": 6.86447572708,
        "dmean2": 10.7837257385,
        "dvar": 92.9450302124,
        "dvar2": 193.434082031,
        "max": 209.871276855,
        "mean": 34.9757995605,
        "median": 21.0348701477,
        "min": 0.439404696226,
        "var": 1584.07507324
    },
    "pitch_salience": {
        "dmean": 0.0597423426807,
        "dmean2": 0.0967387631536,
        "dvar": 0.00347488583066,
        "dvar2": 0.00874623656273,
        "max": 0.953785657883,
        "mean": 0.60882717371,
        "median": 0.600202322006,
        "min": 0.0560376606882,
        "var": 0.016944848001
    },
    "silence_rate_20dB": {
        "dmean": 0,
        "dmean2": 0,
        "dvar": 0,
        "dvar2": 0,
        "max": 1,
        "mean": 1,
        "median": 1,
        "min": 1,
        "var": 0
    },
    "silence_rate_30dB": {
        "dmean": 0.000216943270061,
        "dmean2": 0.000433933601016,
        "dvar": 0.000216856205952,
        "dvar2": 0.000433787907241,
        "max": 1,
        "mean": 0.999783098698,
        "median": 1,
        "min": 0,
        "var": 0.000216832704609
    },
    "silence_rate_60dB": {
        "dmean": 0.0177893489599,
        "dmean2": 0.0355825573206,
        "dvar": 0.0174720976502,
        "dvar2": 0.0416895262897,
        "max": 1,
        "mean": 0.215726688504,
        "median": 0,
        "min": 0,
        "var": 0.169169336557
    },
    "spectral_centroid": {
        "dmean": 222.462203979,
        "dmean2": 346.7550354,
        "dvar": 80698.03125,
        "dvar2": 176733.125,
        "max": 11976.6767578,
        "mean": 2423.35595703,
        "median": 1248.85351562,
        "min": 246.783996582,
        "var": 10659971
    },
    "spectral_complexity": {
        "dmean": 2.56340169907,
        "dmean2": 3.93230628967,
        "dvar": 7.09717416763,
        "dvar2": 15.3274946213,
        "max": 46,
        "mean": 15.9781999588,
        "median": 17,
        "min": 0,
        "var": 91.7938079834
    },
    "spectral_decrease": {
        "dmean": 1.76410086539e-09,
        "dmean2": 2.71667643936e-09,
        "dvar": 6.93314748019e-18,
        "dvar2": 1.62205287387e-17,
        "max": 1.92507714261e-26,
        "mean": -5.66613422848e-09,
        "median": -5.38357802782e-09,
        "min": -3.49437279112e-08,
        "var": 2.30435346388e-17
    },
    "spectral_energy": {
        "dmean": 0.00698911864311,
        "dmean2": 0.0107547258958,
        "dvar": 0.00010563107935,
        "dvar2": 0.000246294453973,
        "max": 0.13665997982,
        "mean": 0.0231142733246,
        "median": 0.022042632103,
        "min": 9.77335542599e-21,
        "var": 0.00036983055179
    },
    "spectral_energyband_high": {
        "dmean": 0.000209182995604,
        "dmean2": 0.000291977368761,
        "dvar": 4.00705260972e-07,
        "dvar2": 6.38200560843e-07,
        "max": 0.0252358242869,
        "mean": 0.000466439785669,
        "median": 0.000196653505554,
        "min": 6.87007102938e-21,
        "var": 1.31035528739e-06
    },
    "spectral_energyband_low": {
        "dmean": 0.000751946878154,
        "dmean2": 0.0012266918784,
        "dvar": 3.21510947288e-06,
        "dvar2": 7.51482730266e-06,
        "max": 0.0360632054508,
        "mean": 0.00111300311983,
        "median": 0.000297166465316,
        "min": 6.76298815972e-24,
        "var": 4.3406334953e-06
    },
    "spectral_energyband_middle_high": {
        "dmean": 0.00241900025867,
        "dmean2": 0.00351173547097,
        "dvar": 1.3935197785e-05,
        "dvar2": 2.98759969155e-05,
        "max": 0.0720161646605,
        "mean": 0.00728880008683,
        "median": 0.00383908115327,
        "min": 1.11749929811e-21,
        "var": 7.81607450335e-05
    },
    "spectral_energyband_middle_low": {
        "dmean": 0.00590067589656,
        "dmean2": 0.00931456312537,
        "dvar": 9.44503262872e-05,
        "dvar2": 0.000229373108596,
        "max": 0.128018110991,
        "mean": 0.0147764412686,
        "median": 0.0106837172061,
        "min": 1.23623440064e-22,
        "var": 0.000245542178163
    },
    "spectral_entropy": {
        "dmean": 0.138977468014,
        "dmean2": 0.201523631811,
        "dvar": 0.0273035913706,
        "dvar2": 0.0514357760549,
        "max": 9.82786369324,
        "mean": 7.71254396439,
        "median": 7.50021457672,
        "min": 4.74059009552,
        "var": 0.777074456215
    },
    "spectral_flux": {
        "dmean": 0.0200794767588,
        "dmean2": 0.0314486324787,
        "dvar": 0.000684177037328,
        "dvar2": 0.00152924773283,
        "max": 0.321840107441,
        "mean": 0.0741339027882,
        "median": 0.0708475410938,
        "min": 6.28411697678e-11,
        "var": 0.00259104254656
    },
    "spectral_kurtosis": {
        "dmean": 1.79235672951,
        "dmean2": 3.01118707657,
        "dvar": 4.513048172,
        "dvar2": 12.8214006424,
        "max": 36.6812667847,
        "mean": 4.79696130753,
        "median": 4.72936153412,
        "min": -1.29154765606,
        "var": 15.2253065109
    },
    "spectral_rms": {
        "dmean": 0.000645385240205,
        "dmean2": 0.000971686618868,
        "dvar": 7.06569835529e-07,
        "dvar2": 1.50743312588e-06,
        "max": 0.0115467235446,
        "mean": 0.0040950900875,
        "median": 0.00463734939694,
        "min": 3.08787630882e-12,
        "var": 5.78090930503e-06
    },
    "spectral_rolloff": {
        "dmean": 406.574157715,
        "dmean2": 674.951049805,
        "dvar": 681461.1875,
        "dvar2": 1313607.625,
        "max": 21102.5390625,
        "mean": 3685.72265625,
        "median": 1485.79101562,
        "min": 193.798828125,
        "var": 33640844
    },
    "spectral_skewness": {
        "dmean": 0.219837233424,
        "dmean2": 0.351135402918,
        "dvar": 0.0513869486749,
        "dvar2": 0.125171855092,
        "max": 4.91649770737,
        "mean": 1.52139055729,
        "median": 1.65740346909,
        "min": -0.102513849735,
        "var": 0.520327687263
    },
    "spectral_spread": {
        "dmean": 560152.625,
        "dmean2": 832169.4375,
        "dvar": 782768013312,
        "dvar2": 1.69887544115e+12,
        "max": 53179600,
        "mean": 8427312,
        "median": 3655930,
        "min": 1551425.125,
        "var": 1.47066072334e+14
    },
    "spectral_strongpeak": {
        "dmean": 0.636532247066,
        "dmean2": 1.04493927956,
        "dvar": 0.819172978401,
        "dvar2": 2.07206320763,
        "max": 13.3908023834,
        "mean": 1.38648796082,
        "median": 0.880796670914,
        "min": 0,
        "var": 2.12971997261
    },
    "zerocrossingrate": {
        "dmean": 0.00919863861054,
        "dmean2": 0.0112863527611,
        "dvar": 0.000210508878808,
        "dvar2": 0.000234399733017,
        "max": 0.83740234375,
        "mean": 0.114869117737,
        "median": 0.056396484375,
        "min": 0.00927734375,
        "var": 0.022884901613
    },
    "barkbands": {
        "dmean": [1.88593901385e-06, 0.00017097737873, 0.000426652055467, 0.00100478972308, 0.00290083442815, 0.00147231889423, 0.00118300376926, 0.000886497204192, 0.00125167076476, 0.000877017679159, 0.00101122981869, 0.000664359773509, 0.00046026945347, 0.000537149084266, 0.000310490839183, 0.000238816879573, 0.000154775043484, 0.000101628414996, 8.82212989382e-05, 6.69048240525e-05, 4.92252584081e-05, 3.80715136998e-05, 3.64605366485e-05, 6.09668932157e-05, 2.9949216696e-05, 6.89620128469e-06, 1.41755114313e-08],
        "dmean2": [3.23023846249e-06, 0.000287971546641, 0.000719467177987, 0.00167563708965, 0.00470648799092, 0.00229969969951, 0.00190748809837, 0.0014343499206, 0.00201810337603, 0.00136349478271, 0.00160110439174, 0.00106732232962, 0.000737023598049, 0.000857910257764, 0.000505947857164, 0.000388470973121, 0.000251898396527, 0.000158596943947, 0.000139429146657, 0.000104450140498, 7.76109518483e-05, 5.66728485865e-05, 5.20931498613e-05, 8.60778600327e-05, 4.30676918768e-05, 1.06379093268e-05, 2.40147937092e-08],
        "dvar": [1.66974073457e-11, 2.67956266953e-07, 1.48598849137e-06, 5.09104711455e-06, 3.73167422367e-05, 1.25822089103e-05, 7.68214704294e-06, 4.52865970146e-06, 7.17825514585e-06, 4.46018066214e-06, 5.00059013575e-06, 2.60622050519e-06, 1.14704880616e-06, 1.36485562052e-06, 4.69944723136e-07, 2.81322115825e-07, 1.67118955119e-07, 4.83060134115e-08, 4.82468038854e-08, 1.44363916377e-08, 2.60014356712e-08, 2.00154897101e-08, 2.45158666701e-08, 9.3011855995e-08, 1.50435024437e-08, 5.71480029965e-10, 5.2009559379e-15],
        "dvar2": [4.42936971823e-11, 6.9383600021e-07, 3.79798962058e-06, 1.31308634082e-05, 9.24052728806e-05, 2.91528012895e-05, 1.89045040315e-05, 1.12139405246e-05, 1.77756483026e-05, 1.02311305454e-05, 1.22705978356e-05, 6.53928464089e-06, 2.70939654001e-06, 3.31382989316e-06, 1.23535551211e-06, 7.08966013008e-07, 4.36157876038e-07, 1.01934155339e-07, 1.16143112905e-07, 3.3444045755e-08, 6.30276844049e-08, 4.11000975475e-08, 4.6112980101e-08, 1.61495989914e-07, 2.80063048308e-08, 1.33562960691e-09, 1.29531564782e-14],
        "max": [8.80928200786e-05, 0.00760488631204, 0.0283305048943, 0.0466553978622, 0.0977276414633, 0.0605617910624, 0.0523023419082, 0.0485130622983, 0.046903707087, 0.0602551624179, 0.0605178773403, 0.0367236770689, 0.0237719174474, 0.0265550818294, 0.0182668883353, 0.0167943928391, 0.0133054712787, 0.00952167715877, 0.0119549436495, 0.00201072008349, 0.00616315379739, 0.00475282967091, 0.00457110954449, 0.0118296453729, 0.00657715043053, 0.00068687699968, 2.33260107052e-06],
        "mean": [1.97050167117e-06, 0.000210000027437, 0.000536720210221, 0.0016043712385, 0.00476149842143, 0.0028250394389, 0.00195977161638, 0.00120592489839, 0.00200653425418, 0.00140044430736, 0.00170031120069, 0.00107446766924, 0.000735812354833, 0.000912429532036, 0.000550055643544, 0.000420508818934, 0.00028638180811, 0.000206585420528, 0.000178638947546, 0.000156737340149, 8.9868583018e-05, 7.03285986674e-05, 6.51858572382e-05, 9.84978541965e-05, 4.66842830065e-05, 9.50805133471e-06, 1.16848211107e-08],
        "median": [5.44166425698e-07, 2.9574985092e-05, 8.69931536727e-05, 0.000336226599757, 0.00168483820744, 0.000639210047666, 0.00046189839486, 0.000278251507552, 0.000363476923667, 0.000268009724095, 0.000371746486053, 0.000294333673082, 0.000264082162175, 0.000294808996841, 0.000225616240641, 0.000174268643605, 0.000109925254947, 9.21507016756e-05, 7.26972721168e-05, 7.02009419911e-05, 3.87641775887e-05, 2.17424294533e-05, 1.72945201484e-05, 1.58744296641e-05, 5.58786359761e-06, 5.10140694132e-07, 9.65036273115e-10],
        "min": [8.53460354971e-26, 8.98969222903e-25, 5.31343302428e-26, 2.00681296234e-25, 4.39932738485e-24, 3.52628239926e-24, 2.5117587602e-24, 3.02858591264e-24, 1.12990393389e-23, 8.73969451677e-24, 8.68722106708e-24, 1.37197915552e-23, 1.92185764718e-23, 1.98801388927e-23, 3.66091981431e-23, 3.94363462542e-23, 6.11051972729e-23, 7.48876764488e-23, 1.02723731584e-22, 1.18597537818e-22, 1.92864500641e-22, 2.19278744435e-22, 3.18614280565e-22, 4.91066847511e-22, 7.83075942078e-22, 1.16451974995e-21, 1.79085188268e-21],
        "var": [1.82149226258e-11, 2.70243390332e-07, 1.51541951254e-06, 7.68515928939e-06, 6.57002237858e-05, 3.86219544453e-05, 1.62128162629e-05, 7.58086298447e-06, 1.70635576069e-05, 1.13316191346e-05, 1.24057205539e-05, 5.63481307836e-06, 2.22449716603e-06, 3.34573383043e-06, 1.03077400126e-06, 5.52452888769e-07, 3.7666873709e-07, 1.24117306655e-07, 1.10785215668e-07, 4.53374084941e-08, 4.03548057193e-08, 4.64728309169e-08, 5.80927981275e-08, 2.17538968172e-07, 3.50221398548e-08, 7.65651764212e-10, 4.60405563161e-15]
    },
    "erbbands": {
        "dmean": [0.0016298367409, 0.0540746487677, 0.41577899456, 1.70723390579, 8.56700992584, 9.5528049469, 10.4176874161, 13.0011281967, 12.9554824829, 21.4486579895, 19.9850711823, 25.1529254913, 27.2882862091, 35.0525588989, 32.0387992859, 22.2415790558, 19.1364459991, 24.0236816406, 18.5110034943, 14.5488595963, 11.6358280182, 7.89608764648, 4.89561796188, 5.57506513596, 3.0866496563, 3.09467792511, 2.53534531593, 1.39658331871, 1.36923348904, 1.19502818584, 1.02648174763, 1.42117238045, 0.901629447937, 0.434838682413, 0.167292818427, 0.0488335639238, 0.00993993878365, 0.000466769270133, 1.56041405717e-05, 8.57164468471e-06],
        "dmean2": [0.00268437294289, 0.0906816720963, 0.700505256653, 2.86524033546, 14.2494945526, 15.5470924377, 16.1242618561, 20.218372345, 20.9253978729, 34.8089370728, 31.8580493927, 40.6283912659, 42.7639274597, 54.5390052795, 50.6424293518, 35.1727676392, 30.2991027832, 37.4590492249, 29.8920726776, 23.7861976624, 18.8234272003, 12.6882162094, 7.69368267059, 8.766497612, 4.84965324402, 4.81997966766, 3.96404147148, 2.17565727234, 2.04186677933, 1.73926138878, 1.49102890491, 1.98670446873, 1.30383217335, 0.612549066544, 0.249941542745, 0.0745121836662, 0.0154214017093, 0.000725244812202, 2.34842391365e-05, 1.31379601953e-05],
        "dvar": [1.91458948393e-05, 0.027185510844, 1.53976488113, 13.4790306091, 385.315704346, 501.167144775, 820.456237793, 1081.22412109, 975.658874512, 2756.16064453, 2105.55297852, 3347.94580078, 5019.32470703, 6773.29492188, 5801.74853516, 2765.37475586, 1843.00036621, 2917.36376953, 1856.3182373, 869.873535156, 723.729980469, 438.626861572, 92.2129898071, 151.821838379, 65.2289352417, 33.4750442505, 42.273021698, 36.9028015137, 24.7019844055, 22.1545085907, 19.5336551666, 53.9979362488, 22.326177597, 3.89880228043, 0.369830906391, 0.026467287913, 0.00132684502751, 4.38304778072e-06, 2.30730945461e-09, 1.57540452905e-10],
        "dvar2": [4.80537855765e-05, 0.0703568086028, 3.95904421806, 34.3430175781, 1008.70684814, 1195.21618652, 1756.52197266, 2607.59716797, 2399.14526367, 7039.04931641, 4994.21728516, 8296.40527344, 11898.9277344, 15871.0712891, 14193.6376953, 6924.11474609, 4469.57861328, 6600.78955078, 5025.27978516, 2282.24267578, 1882.41223145, 1125.26550293, 235.139678955, 329.962402344, 155.965011597, 77.4445037842, 94.8414230347, 90.8113098145, 50.9036407471, 40.5867652893, 37.7420921326, 97.1775512695, 42.5203781128, 7.24816942215, 0.773634374142, 0.0628767684102, 0.00301175983623, 9.65521030594e-06, 4.9502704158e-09, 3.56525808876e-10],
        "max": [0.0744199156761, 2.4014647007, 25.6339511871, 57.3543510437, 263.033569336, 399.819396973, 680.694335938, 651.569763184, 658.886779785, 1134.06286621, 810.635314941, 1021.75921631, 2605.52514648, 1847.99169922, 2349.109375, 1193.49963379, 1150.79980469, 1463.43505859, 1018.22601318, 714.286499023, 765.690979004, 672.037658691, 241.505615234, 476.266235352, 482.808319092, 120.597549438, 255.995193481, 226.342605591, 170.357086182, 145.415634155, 149.014251709, 280.129943848, 206.766769409, 110.922065735, 24.8582878113, 5.33473205566, 0.845247209072, 0.0527275726199, 0.00104783778079, 0.000206544849789],
        "mean": [0.00214096251875, 0.0672419443727, 0.5255022645, 2.73291730881, 13.5674638748, 14.2619104385, 18.011882782, 24.6597766876, 23.7404136658, 32.7090492249, 29.9709568024, 40.1347694397, 48.1959114075, 61.2988357544, 59.893321991, 38.6071548462, 34.381439209, 42.5073394775, 36.6660232544, 27.0542869568, 22.7422714233, 16.1278839111, 11.3231840134, 11.496752739, 7.25771665573, 7.31338739395, 5.38555812836, 2.55194187164, 2.51658463478, 2.22986555099, 1.82896029949, 2.23479223251, 1.43847095966, 0.682568967342, 0.247113019228, 0.0699020922184, 0.0132805136964, 0.000556355051231, 3.06562687911e-05, 2.93816738122e-05],
        "median": [0.000480265880469, 0.0123337563127, 0.111448198557, 0.79116922617, 3.51701068878, 4.52388572693, 4.99148654938, 5.46074485779, 6.35416841507, 8.07483863831, 8.36253166199, 8.9449634552, 10.7662258148, 15.3963623047, 16.6360874176, 13.4524288177, 13.699180603, 15.8059272766, 13.7500114441, 12.9037504196, 9.29240894318, 6.74400901794, 5.36411428452, 4.87700271606, 3.38861489296, 3.27723026276, 2.51662874222, 1.05232143402, 0.804875135422, 0.630076229572, 0.468688368797, 0.364983320236, 0.228108689189, 0.0943135842681, 0.0230237543583, 0.00494239479303, 0.000390027067624, 1.91208418983e-05, 1.78907030204e-05, 2.87757538899e-05],
        "min": [2.82669498942e-23, 2.99914894476e-22, 1.06457387529e-21, 2.32900961154e-21, 6.35640842875e-21, 1.2971905335e-20, 1.39113555209e-20, 2.47556658864e-20, 5.03684782956e-20, 9.36651504276e-20, 1.33309900935e-19, 2.5809216429e-19, 3.53881721325e-19, 3.00048988006e-19, 6.80503550468e-19, 7.14284831203e-19, 1.14487266509e-18, 1.32800517943e-18, 1.80481710672e-18, 2.25520288819e-18, 2.8958759861e-18, 3.73882617665e-18, 4.25057180236e-18, 4.36035521326e-18, 5.59158873963e-18, 6.03349095673e-18, 7.43325095237e-18, 6.5744517745e-18, 7.84187652061e-18, 7.60770913383e-18, 9.61443110191e-18, 1.01582816751e-17, 8.31555488095e-18, 7.54511554969e-18, 5.36551366077e-18, 3.45474485054e-18, 2.1009783717e-18, 8.30947644761e-19, 2.31503038035e-19, 2.35021318293e-20],
        "var": [2.27033688134e-05, 0.0268102157861, 1.46969389915, 19.1094646454, 498.418121338, 975.121826172, 1897.47314453, 3321.68334961, 2655.06176758, 4453.04296875, 3895.65673828, 6684.54003906, 14165.0732422, 16896.3789062, 14677.8427734, 5939.36376953, 4099.18798828, 7272.32470703, 5021.28222656, 1810.0447998, 1594.48168945, 1158.78771973, 304.68927002, 344.593322754, 165.026565552, 102.775749207, 83.6662521362, 54.0269393921, 55.5473365784, 60.1646537781, 45.1116409302, 114.78603363, 49.7164611816, 9.24030685425, 0.734353423119, 0.0363319031894, 0.00178736436646, 5.42191901332e-06, 3.59984753118e-09, 5.81552861423e-10]
    },
    "gfcc": {
        "mean": [-163.090744019, 86.8667831421, -138.994735718, 12.7212123871, -67.8482055664, 6.85546255112, -45.1931152344, -3.53693675995, -28.8868255615, -8.92481994629, -12.7518205643, -12.0362682343, -4.13624429703],
        "cov": [[140001.15625, 12179.7587891, -18522.3378906, 1784.54382324, -9558.91210938, 990.45916748, -6430.75341797, -376.641540527, -4213.13134766, -1226.14135742, -1957.92382812, -1720.01721191, -737.209777832], [12179.7587891, 2147.77319336, -1593.73010254, 234.700134277, -696.332763672, -142.429031372, -496.444091797, -212.825042725, -306.807739258, -308.734771729, -20.9823856354, -303.551116943, 17.2421188354], [-18522.3378906, -1593.73010254, 3930.41333008, 30.9161376953, 1370.88269043, -17.1335430145, 736.990478516, 89.9685974121, 443.204711914, 221.875061035, 108.333496094, 312.152435303, -20.2453422546], [1784.54382324, 234.700134277, 30.9161376953, 367.63961792, -65.5406799316, 41.3839035034, -121.691726685, -44.7626266479, -26.3612880707, -67.8670654297, -37.3353233337, -31.4503917694, -11.1790294647], [-9558.91210938, -696.332763672, 1370.88269043, -65.5406799316, 909.192687988, -21.9337234497, 457.711914062, 52.4901847839, 252.6847229, 85.0891189575, 87.1499938965, 127.071769714, 21.6200752258], [990.45916748, -142.429031372, -17.1335430145, 41.3839035034, -21.9337234497, 297.091644287, 11.3304538727, 45.8263092041, -77.6715545654, 52.702999115, -82.2967071533, -3.1313149929, -61.3984718323], [-6430.75341797, -496.444091797, 736.990478516, -121.691726685, 457.711914062, 11.3304538727, 428.338348389, 36.2433547974, 184.414367676, 43.3561286926, 107.713760376, 33.8921813965, 37.4922828674], [-376.641540527, -212.825042725, 89.9685974121, -44.7626266479, 52.4901847839, 45.8263092041, 36.2433547974, 137.6746521, 10.1440401077, 60.2603874207, -48.9984664917, 39.8554801941, -29.2988395691], [-4213.13134766, -306.807739258, 443.204711914, -26.3612880707, 252.6847229, -77.6715545654, 184.414367676, 10.1440401077, 230.680740356, 22.6605796814, 92.9631195068, 34.2363510132, 39.0855140686], [-1226.14135742, -308.734771729, 221.875061035, -67.8670654297, 85.0891189575, 52.702999115, 43.3561286926, 60.2603874207, 22.6605796814, 135.474700928, -14.7625179291, 62.0929870605, -37.9003295898], [-1957.92382812, -20.9823856354, 108.333496094, -37.3353233337, 87.1499938965, -82.2967071533, 107.713760376, -48.9984664917, 92.9631195068, -14.7625179291, 144.382064819, 1.03036487103, 52.2323226929], [-1720.01721191, -303.551116943, 312.152435303, -31.4503917694, 127.071769714, -3.1313149929, 33.8921813965, 39.8554801941, 34.2363510132, 62.0929870605, 1.03036487103, 136.324066162, 6.09756660461], [-737.209777832, 17.2421188354, -20.2453422546, -11.1790294647, 21.6200752258, -61.3984718323, 37.4922828674, -29.2988395691, 39.0855140686, -37.9003295898, 52.2323226929, 6.09756660461, 86.6534347534]],
        "icov": [[0.000292693730444, -0.000732879620045, 0.000447241967777, -0.000442676973762, 0.000973757007159, -0.000484520744067, 0.00106204755139, -0.000908182992134, 0.0012115923455, -0.000305460154777, 0.00050953583559, -0.000167356891325, 0.000355018855771], [-0.000732879620045, 0.00322851212695, -0.000942856015172, 0.000835592858493, -0.00274801254272, 0.00173086498398, -0.00169184478, 0.00249813287519, -0.00191012397408, 0.00211329082958, -0.00215444085188, 0.00214411085472, -0.000567563402001], [0.000447241967777, -0.000942856015172, 0.0014003115939, -0.00120014871936, 0.00088693422731, -0.000390080123907, 0.00101132097188, -0.000906055152882, 0.00178030738607, -0.000733016524464, 0.00109694397543, -0.000937454518862, 0.00120441545732], [-0.000442676973762, 0.000835592858493, -0.00120014871936, 0.00498045003042, -0.00176728202496, -0.000949060020503, 0.000840887951199, 0.001729088719, -0.00325881456956, 0.00283141201362, -0.000630179303698, 0.000640932761598, -0.000537902407814], [0.000973757007159, -0.00274801254272, 0.00088693422731, -0.00176728202496, 0.00708300666884, -0.00118049990851, 0.000211777893128, -0.00262141856365, 0.00299165165052, -0.00124851625878, 0.00304656149819, -0.00246760738082, 0.00167046976276], [-0.000484520744067, 0.00173086498398, -0.000390080123907, -0.000949060020503, -0.00118049990851, 0.00673682475463, -0.0044896742329, 0.00182403484359, 0.000435816909885, -0.00144451938104, 0.00136584264692, 0.000735684297979, 0.00124369584955], [0.00106204755139, -0.00169184478, 0.00101132097188, 0.000840887951199, 0.000211777893128, -0.0044896742329, 0.0143223116174, -0.00570984743536, 0.00312329293229, 0.00108164758421, -0.00330768199638, 0.00410621985793, -0.000875429017469], [-0.000908182992134, 0.00249813287519, -0.000906055152882, 0.001729088719, -0.00262141856365, 0.00182403484359, -0.00570984743536, 0.0149669162929, -0.00525422021747, -0.0017698041629, 0.00418066373095, -0.00182020431384, 0.000469331396744], [0.0012115923455, -0.00191012397408, 0.00178030738607, -0.00325881456956, 0.00299165165052, 0.000435816909885, 0.00312329293229, -0.00525422021747, 0.0154879037291, -0.00184528331738, -0.00203654170036, 0.00113135657739, 0.000472767307656], [-0.000305460154777, 0.00211329082958, -0.000733016524464, 0.00283141201362, -0.00124851625878, -0.00144451938104, 0.00108164758421, -0.0017698041629, -0.00184528331738, 0.0166481807828, -0.00314710964449, -0.00278395880014, 0.00560316070914], [0.00050953583559, -0.00215444085188, 0.00109694397543, -0.000630179303698, 0.00304656149819, 0.00136584264692, -0.00330768199638, 0.00418066373095, -0.00203654170036, -0.00314710964449, 0.0173733327538, -0.00229604193009, -0.00277757598087], [-0.000167356891325, 0.00214411085472, -0.000937454518862, 0.000640932761598, -0.00246760738082, 0.000735684297979, 0.00410621985793, -0.00182020431384, 0.00113135657739, -0.00278395880014, -0.00229604193009, 0.0153308194131, -0.00466464599594], [0.000355018855771, -0.000567563402001, 0.00120441545732, -0.000537902407814, 0.00167046976276, 0.00124369584955, -0.000875429017469, 0.000469331396744, 0.000472767307656, 0.00560316070914, -0.00277757598087, -0.00466464599594, 0.0201273448765]]
    },
    "melbands": {
        "dmean": [2.96058769891e-05, 0.000163269884069, 0.000495977641549, 0.000653160619549, 0.000366932887118, 0.000284511974314, 0.000212103623198, 0.000225072159083, 0.000175800640136, 0.000162717260537, 0.000138616480399, 0.000141207783599, 0.000123026911751, 8.27662152005e-05, 4.92003091495e-05, 4.68417456432e-05, 4.61794952571e-05, 3.43496067217e-05, 2.40537337959e-05, 1.72451036633e-05, 1.44786044984e-05, 9.682406926e-06, 5.088308626e-06, 5.236924153e-06, 4.99456791658e-06, 3.10746440846e-06, 2.19027447201e-06, 2.28372641686e-06, 2.01763759833e-06, 1.0224015341e-06, 8.44828605295e-07, 8.00813381829e-07, 8.2580106664e-07, 6.64738422529e-07, 5.71301313812e-07, 7.8478751675e-07, 9.79057062978e-07, 7.51165543988e-07, 4.30847052257e-07, 3.5635008544e-07],
        "dmean2": [4.96467910125e-05, 0.000273636775091, 0.000816307438072, 0.00108591257595, 0.000568784249481, 0.000441098381998, 0.000342219194863, 0.00036481092684, 0.000280305132037, 0.000263468216872, 0.000218042900087, 0.000220067493501, 0.000194656997337, 0.00013162761752, 7.86211385275e-05, 7.34718705644e-05, 7.22968470654e-05, 5.59685104236e-05, 3.90381792386e-05, 2.79579307971e-05, 2.36323758145e-05, 1.57881495397e-05, 8.13936094346e-06, 8.25567803986e-06, 7.95664982434e-06, 4.91407445224e-06, 3.53186896973e-06, 3.59141995432e-06, 3.18071329275e-06, 1.64757716448e-06, 1.3274328694e-06, 1.22984033624e-06, 1.25809219753e-06, 9.93586127152e-07, 8.60912223288e-07, 1.15330237804e-06, 1.38902930757e-06, 1.10257383312e-06, 6.17740226971e-07, 5.22675463799e-07],
        "dvar": [7.42449968172e-09, 2.39627325982e-07, 1.21826201394e-06, 1.98066504709e-06, 9.04095998067e-07, 4.84587474148e-07, 2.37583989815e-07, 2.86158950757e-07, 1.58218199431e-07, 1.33367819899e-07, 1.2852473219e-07, 1.10725999036e-07, 7.83966527251e-08, 4.3290153684e-08, 1.21195791181e-08, 1.07768745039e-08, 1.05336503964e-08, 7.18333525995e-09, 2.7444908568e-09, 1.58782686999e-09, 1.25018906338e-09, 7.8589640351e-10, 1.0180304516e-10, 1.23543883457e-10, 1.25124410832e-10, 1.16323693733e-10, 1.79095731301e-11, 2.01375548181e-11, 2.19649142624e-11, 2.45667965137e-11, 1.31050951341e-11, 9.28592185784e-12, 1.12643141342e-11, 7.52273243698e-12, 5.89604450332e-12, 1.69519519949e-11, 2.84770575176e-11, 1.83225327272e-11, 3.840113557e-12, 2.77410256225e-12],
        "dvar2": [1.90457107863e-08, 6.12848623405e-07, 3.05838170789e-06, 5.14669454788e-06, 1.89116519778e-06, 1.15528894185e-06, 5.82473205668e-07, 7.30663714421e-07, 3.73172923673e-07, 3.31981169666e-07, 3.0556785191e-07, 2.60665444785e-07, 1.94024764255e-07, 1.0707822895e-07, 2.99657543223e-08, 2.45879903105e-08, 2.39742448116e-08, 1.9246254368e-08, 7.12406222902e-09, 3.8959910853e-09, 3.27046101312e-09, 2.05395167541e-09, 2.53906867753e-10, 2.73605055279e-10, 2.78332523695e-10, 2.74344741369e-10, 4.47580930651e-11, 4.69510888501e-11, 4.92115792561e-11, 6.35223540435e-11, 3.31556830602e-11, 2.07861818036e-11, 2.45808633864e-11, 1.45928078649e-11, 1.24005311228e-11, 3.43247166801e-11, 5.41601173631e-11, 3.69072238049e-11, 7.47417232272e-12, 5.46453203867e-12],
        "max": [0.00118807796389, 0.00991493277252, 0.0192870683968, 0.0188880320638, 0.0229578930885, 0.0138471089303, 0.00913618132472, 0.0102493381128, 0.00677632214502, 0.00613731564954, 0.0127334687859, 0.00714054238051, 0.00911524984986, 0.00481733679771, 0.00214332900941, 0.00234081316739, 0.00265401927754, 0.00165226764511, 0.0011767402757, 0.00127380946651, 0.000975773960818, 0.000917693483643, 0.000344720203429, 0.000391783833038, 0.000401093100663, 0.000715736008715, 8.39879576233e-05, 0.000110768894956, 0.000167647900525, 0.000253102916759, 0.0001563213591, 0.000104437545815, 8.60811196617e-05, 9.44643543335e-05, 8.50035648909e-05, 0.000150562889758, 0.000163914373843, 0.000178113667062, 0.000104856313556, 8.71358060976e-05],
        "mean": [3.71597488993e-05, 0.000208040364669, 0.000848447147291, 0.00101775000803, 0.000649228109978, 0.000548755866475, 0.000381469144486, 0.000338337238645, 0.000257112900726, 0.000261100474745, 0.000236620355281, 0.000238825523411, 0.000219797671889, 0.00013660058903, 7.75604785304e-05, 7.80094051152e-05, 7.70675615058e-05, 6.29118439974e-05, 4.16174552811e-05, 2.96472117043e-05, 2.60302876995e-05, 1.76605335582e-05, 1.04110877146e-05, 1.03514475995e-05, 9.37545519264e-06, 6.13855490883e-06, 4.68337475468e-06, 4.87461875309e-06, 4.03271405958e-06, 1.7701751176e-06, 1.3686510556e-06, 1.38803238769e-06, 1.42085286825e-06, 1.15780892429e-06, 9.75815169113e-07, 1.19951880606e-06, 1.4551806089e-06, 1.12336158509e-06, 6.86243538439e-07, 5.32457647751e-07],
        "median": [6.25310485702e-06, 3.9515827666e-05, 0.000223256429308, 0.000347778841387, 0.000186272911378, 0.00012096586579, 9.73208807409e-05, 8.23479349492e-05, 5.80826563237e-05, 4.90980310133e-05, 4.22296252509e-05, 5.18612287124e-05, 5.59336331207e-05, 3.24205393554e-05, 2.68074254564e-05, 2.89321869786e-05, 2.60524320765e-05, 1.76798766915e-05, 1.73201005964e-05, 1.19492160593e-05, 9.01967541722e-06, 6.37148468741e-06, 4.62633306597e-06, 4.44705892733e-06, 3.71885175809e-06, 2.42837404585e-06, 2.05539163289e-06, 2.02462638299e-06, 1.67773703197e-06, 7.38307505799e-07, 4.66053052151e-07, 4.41776791149e-07, 3.81744200695e-07, 3.18148096312e-07, 2.67380926289e-07, 2.28420631743e-07, 2.08034634852e-07, 1.64085804499e-07, 1.14344572921e-07, 6.32045455973e-08],
        "min": [4.67483212561e-25, 4.95896651165e-25, 5.3342217278e-25, 6.78310036571e-25, 5.48454361064e-25, 3.9031486666e-25, 9.12151285845e-25, 9.05695642627e-25, 7.1631198087e-25, 1.39727056863e-24, 1.42055724951e-24, 9.82809064087e-25, 1.95338230389e-24, 1.68451819422e-24, 1.98767290415e-24, 1.96637957616e-24, 2.13776769365e-24, 1.65019998383e-24, 2.77763466476e-24, 2.5316560016e-24, 2.69386946954e-24, 3.03955068479e-24, 3.30730999476e-24, 3.15921674259e-24, 3.10966779749e-24, 2.72914654036e-24, 3.99970543862e-24, 3.30464818085e-24, 3.84837706788e-24, 4.56755670605e-24, 3.53829241211e-24, 4.38662475212e-24, 4.17042401041e-24, 3.80030033444e-24, 4.97041889845e-24, 4.68029479017e-24, 5.06957319221e-24, 5.23449481963e-24, 4.70169067007e-24, 5.35446833597e-24],
        "var": [7.86754572601e-09, 2.33326233001e-07, 1.87803902918e-06, 2.74962144431e-06, 2.28911198974e-06, 1.53540622705e-06, 6.12110625298e-07, 4.78508752622e-07, 2.99219635735e-07, 2.94349490559e-07, 3.59642967851e-07, 2.73006378393e-07, 1.96751329895e-07, 1.01193535329e-07, 2.45549571787e-08, 2.23263096899e-08, 2.51742680035e-08, 1.92001934352e-08, 5.52309042945e-09, 2.97760127665e-09, 2.59501065081e-09, 1.8168685445e-09, 2.7953458992e-10, 3.28449323295e-10, 2.6092691896e-10, 2.61634408583e-10, 4.84036838388e-11, 5.30400688648e-11, 4.51438574023e-11, 2.86094342661e-11, 1.78868638651e-11, 1.73966639705e-11, 2.34570401297e-11, 1.82163745893e-11, 1.21526374033e-11, 3.05708514059e-11, 5.61485857808e-11, 3.57991483679e-11, 8.73808404106e-12, 6.08082724798e-12]
    },
    "mfcc": {
        "mean": [-711.64440918, 107.801605225, -21.7861690521, -0.346581965685, -7.47327470779, -4.55292797089, -5.84521865845, -7.5604596138, -10.3494157791, -4.68881320953, -11.4016275406, -6.7636475563, -6.33923006058],
        "cov": [[30061.953125, 6598.29248047, -972.908447266, -1.69900000095, -447.713592529, -384.561004639, -332.140594482, -472.374542236, -668.717590332, -222.86932373, -723.485717773, -501.429443359, -430.542999268], [6598.29248047, 2561.0559082, -286.595947266, 171.146362305, -39.1553497314, -117.182052612, -43.9386520386, -129.869628906, -232.096374512, -82.2894515991, -216.132797241, -139.984634399, -124.890350342], [-972.908447266, -286.595947266, 1077.85510254, 205.638687134, 207.692733765, 121.922019958, 29.92420578, 21.2703647614, 40.3237419128, -46.2132606506, 34.3270606995, 22.5699634552, -35.0848426819], [-1.69900000095, 171.146362305, 205.638687134, 317.455871582, 143.17791748, 3.5373005867, -36.2753753662, 13.9474058151, -11.8743057251, -43.2174186707, -35.148311615, 3.85719585419, -12.5202007294], [-447.713592529, -39.1553497314, 207.692733765, 143.17791748, 239.543716431, 81.6124267578, 18.7445049286, 40.9821243286, 45.9064865112, -21.9725017548, 10.2103767395, 12.0839195251, -0.116544231772], [-384.561004639, -117.182052612, 121.922019958, 3.5373005867, 81.6124267578, 194.89666748, 77.8776092529, 37.0483932495, 34.421207428, 14.1480083466, 28.2742176056, 3.49256944656, 1.06511998177], [-332.140594482, -43.9386520386, 29.92420578, -36.2753753662, 18.7445049286, 77.8776092529, 173.114044189, 40.6588287354, 27.884885788, 45.7450675964, 16.0701656342, -16.6517086029, -2.7690308094], [-472.374542236, -129.869628906, 21.2703647614, 13.9474058151, 40.9821243286, 37.0483932495, 40.6588287354, 96.7743148804, 49.5612068176, 14.7103538513, 15.2160768509, 2.76498007774, 9.97137737274], [-668.717590332, -232.096374512, 40.3237419128, -11.8743057251, 45.9064865112, 34.421207428, 27.884885788, 49.5612068176, 111.457008362, 34.4159126282, 30.2263031006, 15.9788551331, 13.7361345291], [-222.86932373, -82.2894515991, -46.2132606506, -43.2174186707, -21.9725017548, 14.1480083466, 45.7450675964, 14.7103538513, 34.4159126282, 95.3858032227, 35.6750450134, -1.99682152271, 2.14176702499], [-723.485717773, -216.132797241, 34.3270606995, -35.148311615, 10.2103767395, 28.2742176056, 16.0701656342, 15.2160768509, 30.2263031006, 35.6750450134, 90.4119415283, 35.6391334534, 16.2995910645], [-501.429443359, -139.984634399, 22.5699634552, 3.85719585419, 12.0839195251, 3.49256944656, -16.6517086029, 2.76498007774, 15.9788551331, -1.99682152271, 35.6391334534, 80.2291107178, 33.7250518799], [-430.542999268, -124.890350342, -35.0848426819, -12.5202007294, -0.116544231772, 1.06511998177, -2.7690308094, 9.97137737274, 13.7361345291, 2.14176702499, 16.2995910645, 33.7250518799, 77.8932876587]],
