{
"lowlevel": {
    "average_loudness": 0.93504267931,
    "barkbands_crest": {
        "dmean": 2.51605534554,
        "dmean2": 4.05252122879,
        "dvar": 5.20277833939,
        "dvar2": 12.9726552963,
        "max": 26.4278945923,
        "mean": 10.5615558624,
        "median": 9.60626983643,
        "min": 2.80950140953,
        "var": 20.2501010895
    },
    "barkbands_flatness_db": {
        "dmean": 0.0192841757089,
        "dmean2": 0.0297998040915,
        "dvar": 0.000366587832104,
        "dvar2": 0.000827097741421,
        "max": 0.373339861631,
        "mean": 0.17264072597,
        "median": 0.16697961092,
        "min": 0.0407491736114,
        "var": 0.00235819304362
    },
    "barkbands_kurtosis": {
        "dmean": 2.55321121216,
        "dmean2": 4.05553197861,
        "dvar": 23.0267105103,
        "dvar2": 51.2377700806,
        "max": 176.410614014,
        "mean": 4.23689651489,
        "median": 2.05385375023,
        "min": -1.90529310703,
        "var": 73.5755386353
    },
    "barkbands_skewness": {
        "dmean": 0.477387785912,
        "dmean2": 0.73840045929,
        "dvar": 0.252666503191,
        "dvar2": 0.570105910301,
        "max": 12.292098999,
        "mean": 1.35739886761,
        "median": 1.26592803001,
        "min": -2.21817469597,
        "var": 1.60775148869
    },
    "barkbands_spread": {
        "dmean": 3.47885775566,
        "dmean2": 5.56180238724,
        "dvar": 21.298160553,
        "dvar2": 50.864074707,
        "max": 87.3550872803,
        "mean": 14.5682735443,
        "median": 12.7615232468,
        "min": 0.732615053654,
        "var": 84.94581604
    },
    "dissonance": {
        "dmean": 0.0219041146338,
        "dmean2": 0.0370982252061,
        "dvar": 0.000473329215311,
        "dvar2": 0.00124443287496,
        "max": 0.5,
        "mean": 0.452171653509,
        "median": 0.459465920925,
        "min": 0.200547263026,
        "var": 0.00119962077588
    },
    "dynamic_complexity": 2.4184718132,
    "erbbands_crest": {
        "dmean": 2.72895026207,
        "dmean2": 4.3595161438,
        "dvar": 6.86124324799,
        "dvar2": 16.6029834747,
        "max": 29.1818313599,
        "mean": 10.2917833328,
        "median": 9.20605659485,
        "min": 2.6399230957,
        "var": 22.2946472168
    },
    "erbbands_flatness_db": {
        "dmean": 0.0180599279702,
        "dmean2": 0.0250738933682,
        "dvar": 0.000346638145857,
        "dvar2": 0.00060264748754,
        "max": 0.376814693213,
        "mean": 0.209782794118,
        "median": 0.214263945818,
        "min": 0.0670904293656,
        "var": 0.00230963714421
    },
    "erbbands_kurtosis": {
        "dmean": 0.970788002014,
        "dmean2": 1.54429960251,
        "dvar": 1.86313557625,
        "dvar2": 4.23743009567,
        "max": 33.5737380981,
        "mean": 0.802840411663,
        "median": 0.0618094205856,
        "min": -1.77432751656,
        "var": 6.63915634155
    },
    "erbbands_skewness": {
        "dmean": 0.345698058605,
        "dmean2": 0.543646156788,
        "dvar": 0.10376406461,
        "dvar2": 0.247980833054,
        "max": 5.55251836777,
        "mean": 0.51426678896,
        "median": 0.498204290867,
        "min": -2.32149076462,
        "var": 0.643606722355
    },
    "erbbands_spread": {
        "dmean": 5.75778532028,
        "dmean2": 8.80409049988,
        "dvar": 53.9502334595,
        "dvar2": 114.179420471,
        "max": 120.547554016,
        "mean": 27.9298706055,
        "median": 25.8186817169,
        "min": 3.17811107635,
        "var": 208.138656616
    },
    "hfc": {
        "dmean": 4.57872533798,
        "dmean2": 6.97359037399,
        "dvar": 30.7263183594,
        "dvar2": 67.7939071655,
        "max": 95.2463150024,
        "mean": 20.1167259216,
        "median": 18.1291179657,
        "min": 1.05635053804e-16,
        "var": 184.734573364
    },
    "melbands_crest": {
        "dmean": 3.10074830055,
        "dmean2": 4.9936299324,
        "dvar": 8.58250045776,
        "dvar2": 21.0223236084,
        "max": 33.6499137878,
        "mean": 13.0512876511,
        "median": 12.1753864288,
        "min": 1.54427731037,
        "var": 30.2025699615
    },
    "melbands_flatness_db": {
        "dmean": 0.0226336047053,
        "dmean2": 0.0348564907908,
        "dvar": 0.000619170314167,
        "dvar2": 0.00141770567279,
        "max": 0.452761292458,
        "mean": 0.209514468908,
        "median": 0.205682903528,
        "min": 0.00198613805696,
        "var": 0.00495259603485
    },
    "melbands_kurtosis": {
        "dmean": 4.35156106949,
        "dmean2": 6.82815074921,
        "dvar": 63.6786117554,
        "dvar2": 146.568695068,
        "max": 234.887451172,
        "mean": 8.4244260788,
        "median": 4.69608926773,
        "min": -1.5894831419,
        "var": 181.913696289
    },
    "melbands_skewness": {
        "dmean": 0.563785374165,
        "dmean2": 0.853621661663,
        "dvar": 0.373789876699,
        "dvar2": 0.832006633282,
        "max": 12.1175613403,
        "mean": 1.95076704025,
        "median": 1.82179260254,
        "min": -1.17715954781,
        "var": 1.90004718304
    },
    "melbands_spread": {
        "dmean": 4.87638568878,
        "dmean2": 7.80214738846,
        "dvar": 40.0753135681,
        "dvar2": 95.690864563,
        "max": 158.160583496,
        "mean": 21.3244247437,
        "median": 15.9483442307,
        "min": 0.846939980984,
        "var": 495.067657471
    },
    "pitch_salience": {
        "dmean": 0.0647358521819,
        "dmean2": 0.105449356139,
        "dvar": 0.003759768093,
        "dvar2": 0.00915885716677,
        "max": 0.973409771919,
        "mean": 0.574460625648,
        "median": 0.575380563736,
        "min": 0.117592938244,
        "var": 0.0137098683044
    },
    "silence_rate_20dB": {
        "dmean": 0,
        "dmean2": 0,
        "dvar": 0,
        "dvar2": 0,
        "max": 1,
        "mean": 1,
        "median": 1,
        "min": 1,
        "var": 0
    },
    "silence_rate_30dB": {
        "dmean": 0,
        "dmean2": 0,
        "dvar": 0,
        "dvar2": 0,
        "max": 1,
        "mean": 1,
        "median": 1,
        "min": 1,
        "var": 0
    },
    "silence_rate_60dB": {
        "dmean": 0.00334328366444,
        "dmean2": 0.00668736547232,
        "dvar": 0.00333232758567,
        "dvar2": 0.0078369807452,
        "max": 1,
        "mean": 0.0465616062284,
        "median": 0,
        "min": 0,
        "var": 0.0443925522268
    },
    "spectral_centroid": {
        "dmean": 176.561477661,
        "dmean2": 284.970825195,
        "dvar": 53076.2773438,
        "dvar2": 127786.070312,
        "max": 11889.53125,
        "mean": 1327.23132324,
        "median": 978.364685059,
        "min": 255.886276245,
        "var": 3001720.5
    },
    "spectral_complexity": {
        "dmean": 2.60704469681,
        "dmean2": 4.25937414169,
        "dvar": 7.1023068428,
        "dvar2": 17.4388694763,
        "max": 48,
        "mean": 18.5342655182,
        "median": 19,
        "min": 0,
        "var": 59.5322647095
    },
    "spectral_decrease": {
        "dmean": 1.82816906058e-09,
        "dmean2": 2.78576539614e-09,
        "dvar": 4.87871787028e-18,
        "dvar2": 1.04240200644e-17,
        "max": 2.61622825507e-28,
        "mean": -6.8711005774e-09,
        "median": -6.37462793662e-09,
        "min": -2.54338541339e-08,
        "var": 1.83165944847e-17
    },
    "spectral_energy": {
        "dmean": 0.00721274409443,
        "dmean2": 0.0109670069069,
        "dvar": 7.44650315028e-05,
        "dvar2": 0.000158653376275,
        "max": 0.099214926362,
        "mean": 0.0277577284724,
        "median": 0.0258484594524,
        "min": 9.9379255938e-21,
        "var": 0.000291692529572
    },
    "spectral_energyband_high": {
        "dmean": 0.000159979274031,
        "dmean2": 0.000241584217292,
        "dvar": 1.60454021625e-07,
        "dvar2": 3.47795946709e-07,
        "max": 0.0135490065441,
        "mean": 0.000334616430337,
        "median": 0.000119383097626,
        "min": 7.00299103744e-21,
        "var": 4.19216377168e-07
    },
    "spectral_energyband_low": {
        "dmean": 0.00203724694438,
        "dmean2": 0.00314048724249,
        "dvar": 2.21715399675e-05,
        "dvar2": 5.01789218106e-05,
        "max": 0.0579661801457,
        "mean": 0.00297909043729,
        "median": 0.00112704164349,
        "min": 1.32142587216e-23,
        "var": 2.97384485748e-05
    },
    "spectral_energyband_middle_high": {
        "dmean": 0.00233572628349,
        "dmean2": 0.00350263062865,
        "dvar": 1.36080452648e-05,
        "dvar2": 3.08452108584e-05,
        "max": 0.0593880191445,
        "mean": 0.00746636092663,
        "median": 0.00505625642836,
        "min": 1.04744562245e-21,
        "var": 6.57011551084e-05
    },
    "spectral_energyband_middle_low": {
        "dmean": 0.00599149102345,
        "dmean2": 0.00928874500096,
        "dvar": 6.07465699431e-05,
        "dvar2": 0.000137443712447,
        "max": 0.0970213636756,
        "mean": 0.0180940702558,
        "median": 0.0145948398858,
        "min": 1.35608799435e-22,
        "var": 0.000197966699488
    },
    "spectral_entropy": {
        "dmean": 0.163071751595,
        "dmean2": 0.240979522467,
        "dvar": 0.0380047298968,
        "dvar2": 0.0771601572633,
        "max": 9.82375812531,
        "mean": 7.2714381218,
        "median": 7.25185108185,
        "min": 5.40601348877,
        "var": 0.391477912664
    },
    "spectral_flux": {
        "dmean": 0.021148417145,
        "dmean2": 0.0333117507398,
        "dvar": 0.000604537432082,
        "dvar2": 0.00135092355777,
        "max": 0.259152442217,
        "mean": 0.0781645923853,
        "median": 0.0716388449073,
        "min": 6.38997674218e-11,
        "var": 0.00177737988997
    },
    "spectral_kurtosis": {
        "dmean": 3.07645916939,
        "dmean2": 5.17426204681,
        "dvar": 12.4281377792,
        "dvar2": 34.0634002686,
        "max": 53.6605110168,
        "mean": 7.49479532242,
        "median": 6.09485244751,
        "min": -1.28453326225,
        "var": 35.8093681335
    },
    "spectral_rms": {
        "dmean": 0.000645337277092,
        "dmean2": 0.000971968460362,
        "dvar": 4.88795080855e-07,
        "dvar2": 9.89422460407e-07,
        "max": 0.00983844697475,
        "mean": 0.00488248839974,
        "median": 0.00502175372094,
        "min": 3.11376575565e-12,
        "var": 3.24203847413e-06
    },
    "spectral_rolloff": {
        "dmean": 312.520324707,
        "dmean2": 533.070373535,
        "dvar": 328198.8125,
        "dvar2": 735996.375,
        "max": 19789.0136719,
        "mean": 1748.20812988,
        "median": 1012.06054688,
        "min": 150.732421875,
        "var": 9235654
    },
    "spectral_skewness": {
        "dmean": 0.309400320053,
        "dmean2": 0.512615263462,
        "dvar": 0.103895813227,
        "dvar2": 0.266869753599,
        "max": 5.75230360031,
        "mean": 1.87296891212,
        "median": 1.77830004692,
        "min": -0.100098900497,
        "var": 0.544158577919
    },
    "spectral_spread": {
        "dmean": 479955.75,
        "dmean2": 692774,
        "dvar": 531346751488,
        "dvar2": 968798371840,
        "max": 42588756,
        "mean": 4418352.5,
        "median": 3054319.5,
        "min": 1272152.375,
        "var": 3.99199300485e+13
    },
    "spectral_strongpeak": {
        "dmean": 0.649931967258,
        "dmean2": 1.06191515923,
        "dvar": 0.8169952631,
        "dvar2": 1.99787402153,
        "max": 11.3950223923,
        "mean": 1.48528015614,
        "median": 1.13566672802,
        "min": 0,
        "var": 1.88009858131
    },
    "zerocrossingrate": {
        "dmean": 0.00636619655415,
        "dmean2": 0.00817384198308,
        "dvar": 8.03904622444e-05,
        "dvar2": 0.000117510768177,
        "max": 0.5634765625,
        "mean": 0.0606123395264,
        "median": 0.04541015625,
        "min": 0.0087890625,
        "var": 0.00623170752078
    },
    "barkbands": {
        "dmean": [5.29073531652e-06, 0.000729644089006, 0.000926873995923, 0.00134626298677, 0.00226748781279, 0.00197384273633, 0.00207959953696, 0.000954241026193, 0.000841236789711, 0.00125066295732, 0.000588439288549, 0.000615935598034, 0.000423639634391, 0.00034215208143, 0.000277521845419, 0.000293607154163, 0.000267003255431, 0.00015450855426, 7.97638203949e-05, 6.46752887405e-05, 4.78184920212e-05, 4.33124769188e-05, 2.85459409497e-05, 2.33750852203e-05, 1.39102148751e-05, 4.85494638269e-06, 4.32515445681e-09],
        "dmean2": [8.14078430267e-06, 0.00115555466618, 0.00163999013603, 0.002154675778, 0.00369491474703, 0.00309815304354, 0.00324817374349, 0.00147158594336, 0.00132090877742, 0.00192853668705, 0.000920341582969, 0.000974738737568, 0.000675055431202, 0.000543168687727, 0.000457396410638, 0.00046989886323, 0.000433462468209, 0.000245610484853, 0.00013151569874, 0.000105291910586, 7.67644814914e-05, 6.8246430601e-05, 4.46643643954e-05, 3.53604918928e-05, 2.08272049349e-05, 7.42593829273e-06, 7.26516047322e-09],
        "dvar": [1.82228787615e-10, 4.65517177872e-06, 6.07138599662e-06, 1.37244660436e-05, 1.85018434422e-05, 1.497494668e-05, 1.54603858391e-05, 6.29918349659e-06, 5.72293538426e-06, 7.96158474259e-06, 2.74771377917e-06, 3.91259800381e-06, 1.09041866381e-06, 4.66446977043e-07, 3.45252146872e-07, 2.71213394853e-07, 2.41071859364e-07, 8.59509583506e-08, 1.60859610077e-08, 1.29283099781e-08, 1.24103385346e-08, 2.1564920516e-08, 8.98953533834e-09, 9.00620911182e-09, 1.37658984212e-09, 3.203695087e-10, 7.66119661747e-17],
        "dvar2": [3.92478743949e-10, 1.03046850199e-05, 1.69720187841e-05, 2.9172961149e-05, 4.55349509139e-05, 3.63117251254e-05, 3.83092592529e-05, 1.42466997204e-05, 1.31277165565e-05, 1.80563602044e-05, 6.09971903032e-06, 9.57455813477e-06, 2.55687109529e-06, 1.07149037376e-06, 9.18777800507e-07, 6.37179425667e-07, 6.30536646895e-07, 2.11427817476e-07, 4.14289118567e-08, 3.26693658792e-08, 2.82295271603e-08, 4.78950283878e-08, 2.08577350946e-08, 2.05441264001e-08, 3.04547698171e-09, 7.32059524111e-10, 2.05645954422e-16],
        "max": [0.000221958383918, 0.0252853035927, 0.0472312755883, 0.0555485486984, 0.0783089473844, 0.0938629508018, 0.060530513525, 0.0539141669869, 0.0707127302885, 0.0488313324749, 0.0412139259279, 0.0498471334577, 0.0337907858193, 0.0195514149964, 0.016586298123, 0.0170862097293, 0.0103655122221, 0.0064317304641, 0.00275613483973, 0.00221853237599, 0.00307555939071, 0.00707702711225, 0.00320877716877, 0.00443042162806, 0.000796482723672, 0.000478013127577, 3.99714764399e-07],
        "mean": [5.58475494472e-06, 0.000825925380923, 0.00114682456478, 0.00168809853494, 0.00473420834169, 0.00392345618457, 0.00434891320765, 0.00169851677492, 0.00144038302824, 0.00213013007306, 0.00097494298825, 0.000978388125077, 0.000728435523342, 0.000616252305917, 0.000485367403599, 0.000591826508753, 0.000539291882887, 0.000318385486025, 0.000167055768543, 0.00013697068789, 9.20718957786e-05, 7.5759475294e-05, 4.69357146358e-05, 3.78240292775e-05, 2.06869899557e-05, 5.52964183953e-06, 5.62157875805e-09],
        "median": [1.12833345156e-06, 0.000171660969499, 0.000438748276792, 0.000515776569955, 0.00233394093812, 0.00186252803542, 0.00161408644635, 0.000484016549308, 0.000505702220835, 0.000614150776528, 0.000225609954214, 0.00024785567075, 0.000265247421339, 0.000255332037341, 0.000217861001147, 0.000290744093945, 0.000248652126174, 0.000152950320626, 9.46171130636e-05, 6.3710991526e-05, 2.9791621273e-05, 1.96361324925e-05, 1.10327109724e-05, 8.04804221843e-06, 4.79753816762e-06, 1.97152473902e-07, 2.86076429212e-09],
        "min": [4.0161888598e-26, 1.47178124214e-24, 1.00798467241e-24, 3.71016839076e-25, 6.25021910499e-24, 5.1823874014e-24, 6.70419751189e-24, 3.56310405974e-24, 9.17233265847e-24, 1.79267599415e-23, 1.01945291531e-23, 1.42407205872e-23, 2.51852742343e-23, 2.40220230989e-23, 2.91317875709e-23, 3.32675675714e-23, 5.99103001934e-23, 7.67956722321e-23, 1.06897165493e-22, 1.31452600559e-22, 1.88857819305e-22, 2.72838007522e-22, 3.83418661193e-22, 5.91551924375e-22, 8.42694086058e-22, 1.24143553099e-21, 1.87620234122e-21],
        "var": [2.25016463795e-10, 5.12742599312e-06, 5.34976788913e-06, 1.94724561879e-05, 5.85289344599e-05, 4.23362362199e-05, 4.30192631029e-05, 1.48173903654e-05, 1.09779630293e-05, 1.76049088623e-05, 6.48504101264e-06, 7.9583905972e-06, 2.580159844e-06, 1.25808776374e-06, 6.37213361188e-07, 8.49686387028e-07, 6.66612095301e-07, 2.3283972439e-07, 4.15484073812e-08, 3.61899310519e-08, 2.9995327111e-08, 4.02509137132e-08, 1.98292582354e-08, 1.67527822725e-08, 2.27308549761e-09, 3.97546384701e-10, 7.06288960122e-17]
    },
    "erbbands": {
        "dmean": [0.0129010928795, 0.193030193448, 0.805563986301, 3.32690286636, 4.25774908066, 9.83846187592, 10.5949373245, 19.2061042786, 29.1593761444, 22.8744621277, 21.68516922, 16.6905174255, 24.3041057587, 43.190372467, 20.2211494446, 21.0950813293, 19.5567779541, 15.2363519669, 16.4458961487, 13.2411851883, 16.0623397827, 13.0388288498, 9.5465631485, 4.45068407059, 3.67391180992, 3.0507683754, 1.82680666447, 1.97579944134, 1.63949394226, 1.2024616003, 0.738908886909, 0.600232064724, 0.314974218607, 0.175605982542, 0.0926875323057, 0.0386850461364, 0.00405930262059, 9.5779520052e-05, 7.41535313864e-06, 8.39460517454e-06],
        "dmean2": [0.0196736138314, 0.310916781425, 1.36254453659, 5.39152622223, 6.90821409225, 15.8727893829, 16.9021186829, 30.1376628876, 46.0254936218, 36.1703681946, 32.8068771362, 25.7406749725, 37.0584793091, 65.437538147, 31.252281189, 33.5720710754, 31.1831035614, 24.0728912354, 26.8341388702, 21.6804008484, 25.819103241, 21.0871238708, 15.1544818878, 7.2766661644, 5.96139240265, 4.96951198578, 2.95476269722, 3.17180776596, 2.57016348839, 1.89978325367, 1.14661443233, 0.929359018803, 0.474174916744, 0.266469627619, 0.139770060778, 0.0582868754864, 0.00632919324562, 0.000147682250827, 1.0992172065e-05, 1.26373743115e-05],
        "dvar": [0.00156508327927, 0.317235380411, 4.22218418121, 82.6271438599, 75.4217910767, 422.046386719, 526.371826172, 1570.05664062, 3184.26586914, 2773.25878906, 3968.84423828, 2195.08837891, 4247.65966797, 11421.1992188, 3280.20898438, 4213.13525391, 2304.47314453, 784.76171875, 1401.94702148, 726.813171387, 913.116699219, 676.655273438, 339.438476562, 51.6490135193, 37.5999259949, 28.8972206116, 15.2944078445, 24.1465530396, 30.4041843414, 19.7055873871, 6.19839429855, 6.49628782272, 1.16307342052, 0.220077157021, 0.0721744522452, 0.0172893926501, 0.000326349196257, 1.83407351528e-07, 2.76159067836e-10, 9.7703095614e-11],
        "dvar2": [0.00347243272699, 0.700705289841, 11.3701705933, 188.908843994, 188.208480835, 980.512878418, 1329.48132324, 3817.70874023, 8019.66748047, 6963.92578125, 8341.73632812, 4900.92871094, 9564.68652344, 24555.1269531, 7361.42041016, 10269.8417969, 5740.45849609, 1795.68579102, 3621.40087891, 1892.42700195, 2104.94311523, 1763.6697998, 817.580871582, 127.932815552, 93.8452453613, 72.9690933228, 36.5458030701, 54.8585968018, 66.9704589844, 47.39453125, 13.7806987762, 14.6500883102, 2.60344481468, 0.490117758512, 0.157858923078, 0.0389598682523, 0.00075433566235, 4.21787660798e-07, 6.01683480816e-10, 2.0412163626e-10],
        "max": [0.405405342579, 6.88092184067, 34.2969169617, 124.335655212, 183.019119263, 413.363342285, 615.922302246, 933.230163574, 971.411193848, 1221.51501465, 1501.95263672, 1427.80078125, 2088.27929688, 2014.81848145, 1666.62548828, 1973.63049316, 1822.16906738, 867.726257324, 1002.87646484, 887.220397949, 1173.67041016, 705.997131348, 419.031036377, 224.513336182, 149.119247437, 122.415435791, 73.993309021, 141.814300537, 266.473144531, 212.932540894, 103.45199585, 118.936950684, 50.3695907593, 12.387714386, 6.41504764557, 3.5531244278, 0.493768900633, 0.0137266982347, 0.000487299170345, 0.000111097186164],
        "mean": [0.0145214600489, 0.227642312646, 1.07953333855, 4.2342672348, 7.68063020706, 19.186372757, 22.5540180206, 37.6177597046, 61.8794517517, 45.0961990356, 40.7217025757, 30.8910198212, 44.3036842346, 76.4822463989, 37.8718452454, 37.6206893921, 37.0142707825, 29.207660675, 30.0726318359, 27.1544876099, 34.2473373413, 28.9161682129, 21.1998233795, 10.1486549377, 8.4243555069, 6.6092581749, 3.67168354988, 3.66044735909, 2.86337137222, 2.00177979469, 1.21836912632, 0.934955716133, 0.518584728241, 0.272545069456, 0.129912987351, 0.0475884862244, 0.00427943933755, 0.000115519549581, 2.16719945456e-05, 3.34057367581e-05],
        "median": [0.00346751371399, 0.0549241453409, 0.404563993216, 1.49926543236, 3.89194536209, 8.10879802704, 11.3611106873, 17.7466888428, 25.5472640991, 18.3358421326, 12.3220043182, 12.8256120682, 16.0968551636, 22.2617645264, 11.8358793259, 11.6291809082, 14.9615345001, 13.5543689728, 13.7768573761, 14.235751152, 17.74634552, 14.2103500366, 10.8357982635, 5.72750282288, 4.72715950012, 3.21796417236, 1.53606498241, 0.982640028, 0.712386012077, 0.527918457985, 0.296259582043, 0.197803035378, 0.119412101805, 0.0632091462612, 0.0262896511704, 0.00311914645135, 0.000153215136379, 2.12170380109e-05, 1.76830762939e-05, 3.15529614454e-05],
        "min": [1.2576055892e-22, 4.8847438552e-22, 1.67167426073e-21, 6.45343170628e-21, 1.34078812166e-20, 1.97334081012e-20, 3.5733956893e-20, 3.75513890211e-20, 1.15958210773e-19, 1.19132826567e-19, 2.75733781256e-19, 2.32766375475e-19, 4.72720588582e-19, 4.76535597266e-19, 5.60350448314e-19, 1.12493957688e-18, 1.59911104026e-18, 1.56361640998e-18, 1.76425961411e-18, 2.1596951671e-18, 3.27202975222e-18, 3.88511513593e-18, 4.76357432902e-18, 5.92687606117e-18, 4.73777415212e-18, 7.04378867739e-18, 8.04028488952e-18, 8.77868668847e-18, 1.17584964845e-17, 1.07593441954e-17, 1.04620314951e-17, 9.58051256089e-18, 9.46461380372e-18, 7.87528138247e-18, 5.45651179996e-18, 3.93443536636e-18, 2.23576683213e-18, 9.29366472922e-19, 2.35569225282e-19, 2.67073823859e-20],
        "var": [0.00166261661798, 0.352042973042, 4.27329158783, 106.473678589, 138.739578247, 1442.86950684, 1362.66809082, 4109.58544922, 8615.24609375, 5572.8125, 10252.2890625, 4166.68994141, 8727.66503906, 27213.9414062, 9520.40234375, 9534.99316406, 6146.37890625, 2178.37304688, 2672.5390625, 1716.66577148, 3097.72094727, 1929.74768066, 953.765625, 154.033035278, 114.253623962, 80.1098709106, 32.520740509, 56.7801322937, 56.2813301086, 33.7763938904, 15.0080165863, 11.9022035599, 2.38973855972, 0.424645334482, 0.103363841772, 0.0233564544469, 0.000360870792065, 2.06401395531e-07, 4.72349437342e-10, 4.08946543295e-10]
    },
    "gfcc": {
        "mean": [-51.289150238, 122.224021912, -144.579620361, 19.706861496, -68.923614502, 0.463151812553, -48.4707603455, -0.63566917181, -22.8151721954, -7.51490259171, -9.38829708099, -8.35213565826, -0.903495311737],
        "cov": [[38288.1132812, 3294.64941406, -4873.68554688, 1086.20959473, -2429.13452148, 262.454437256, -1638.0098877, 156.787261963, -822.589782715, -188.104644775, -388.759887695, -167.622406006, -109.060211182], [3294.64941406, 1442.89465332, -344.402709961, -160.024673462, -56.2174263, -213.243133545, -65.232673645, -83.2385177612, 22.9839191437, -142.501022339, 79.1201858521, -120.205055237, 84.7407302856], [-4873.68554688, -344.402709961, 1439.79504395, 8.91544723511, 251.061218262, 65.4310531616, 132.16973877, 22.0313072205, 54.7826080322, 71.512840271, -55.8203125, 48.8838691711, -32.0965690613], [1086.20959473, -160.024673462, 8.91544723511, 378.222747803, 8.43154144287, 75.9258575439, -86.8051757812, 55.8371696472, -6.95668268204, 27.8123703003, -51.5525398254, 22.3237609863, -8.53618907928], [-2429.13452148, -56.2174263, 251.061218262, 8.43154144287, 452.51159668, -7.08996963501, 92.7683868408, 41.8159255981, 77.5211181641, 31.2750740051, 22.3215084076, 14.9321651459, 17.8538093567], [262.454437256, -213.243133545, 65.4310531616, 75.9258575439, -7.08996963501, 230.852523804, 28.1133232117, 32.6522941589, -50.2507514954, 40.9903526306, -40.9371299744, 20.2127342224, -28.8615951538], [-1638.0098877, -65.232673645, 132.16973877, -86.8051757812, 92.7683868408, 28.1133232117, 236.675964355, 5.36917448044, 35.7733955383, -10.4594230652, 59.9668197632, -6.19655323029, 14.7784843445], [156.787261963, -83.2385177612, 22.0313072205, 55.8371696472, 41.8159255981, 32.6522941589, 5.36917448044, 120.384422302, 27.0376243591, 36.8347702026, -25.265417099, 24.1649265289, -12.0890483856], [-822.589782715, 22.9839191437, 54.7826080322, -6.95668268204, 77.5211181641, -50.2507514954, 35.7733955383, 27.0376243591, 137.61958313, 19.8746700287, 35.1788711548, -0.96560883522, 20.2003631592], [-188.104644775, -142.501022339, 71.512840271, 27.8123703003, 31.2750740051, 40.9903526306, -10.4594230652, 36.8347702026, 19.8746700287, 121.70451355, 0.486766666174, 28.847038269, -23.1724777222], [-388.759887695, 79.1201858521, -55.8203125, -51.5525398254, 22.3215084076, -40.9371299744, 59.9668197632, -25.265417099, 35.1788711548, 0.486766666174, 110.997253418, 7.42079019547, 23.3956756592], [-167.622406006, -120.205055237, 48.8838691711, 22.3237609863, 14.9321651459, 20.2127342224, -6.19655323029, 24.1649265289, -0.96560883522, 28.847038269, 7.42079019547, 70.9148025513, 13.5588235855], [-109.060211182, 84.7407302856, -32.0965690613, -8.53618907928, 17.8538093567, -28.8615951538, 14.7784843445, -12.0890483856, 20.2003631592, -23.1724777222, 23.3956756592, 13.5588235855, 76.8021392822]],
        "icov": [[0.000707045139279, -0.0019411535468, 0.00159985583741, -0.00172395957634, 0.00225454033352, -0.00135511136614, 0.00147353694774, -0.00168862158898, 0.00167214428075, -0.000877833168488, 0.00103477213997, -0.00153901195154, 0.00129194743931], [-0.0019411535468, 0.00647946447134, -0.00436778087169, 0.0050770775415, -0.00622916826978, 0.0040556807071, -0.00325115630403, 0.00417547626421, -0.00438212277368, 0.00301225320436, -0.00383525248617, 0.00628870585933, -0.0047922343947], [0.00159985583741, -0.00436778087169, 0.00456082494929, -0.00393975432962, 0.00471212388948, -0.00300216022879, 0.00262839812785, -0.0031297262758, 0.0033548634965, -0.00230202032253, 0.00350341922604, -0.0044145360589, 0.00347240734845], [-0.00172395957634, 0.0050770775415, -0.00393975432962, 0.00775918038562, -0.00572567433119, 0.00213471683674, -0.00177387904841, 0.00278023793362, -0.00436911312863, 0.00254591950215, -0.00257803895511, 0.00423202151433, -0.00396630400792], [0.00225454033352, -0.00622916826978, 0.00471212388948, -0.00572567433119, 0.0100534781814, -0.00408597569913, 0.00384386163205, -0.00598904071376, 0.00444733025506, -0.0032288657967, 0.00325576914474, -0.00490274420008, 0.00358231668361], [-0.00135511136614, 0.0040556807071, -0.00300216022879, 0.00213471683674, -0.00408597569913, 0.00931875687093, -0.00508841872215, 0.00280452379957, -0.00066268898081, -0.000232562306337, -6.78629075992e-05, 0.00231519527733, -0.00182814302389], [0.00147353694774, -0.00325115630403, 0.00262839812785, -0.00177387904841, 0.00384386163205, -0.00508841872215, 0.0109062921256, -0.00565496645868, 0.00305800675415, 0.000336298020557, -0.0030447372701, 0.000279175263131, 0.000961813493632], [-0.00168862158898, 0.00417547626421, -0.0031297262758, 0.00278023793362, -0.00598904071376, 0.00280452379957, -0.00565496645868, 0.0167163275182, -0.00742594944313, 7.56056542741e-05, 0.00245768739842, -0.00168943824247, -0.000312780815875], [0.00167214428075, -0.00438212277368, 0.0033548634965, -0.00436911312863, 0.00444733025506, -0.00066268898081, 0.00305800675415, -0.00742594944313, 0.0151178538799, -0.004299396649, -0.000604260596447, -0.000355936208507, 5.92253527429e-05], [-0.000877833168488, 0.00301225320436, -0.00230202032253, 0.00254591950215, -0.0032288657967, -0.000232562306337, 0.000336298020557, 7.56056542741e-05, -0.004299396649, 0.013345724903, -0.00382266845554, -0.000872393138707, 0.00183709955309], [0.00103477213997, -0.00383525248617, 0.00350341922604, -0.00257803895511, 0.00325576914474, -6.78629075992e-05, -0.0030447372701, 0.00245768739842, -0.000604260596447, -0.00382266845554, 0.0177663434297, -0.00814216956496, 0.0021000073757], [-0.00153901195154, 0.00628870585933, -0.0044145360589, 0.00423202151433, -0.00490274420008, 0.00231519527733, 0.000279175263131, -0.00168943824247, -0.000355936208507, -0.000872393138707, -0.00814216956496, 0.0271682851017, -0.0112942317501], [0.00129194743931, -0.0047922343947, 0.00347240734845, -0.00396630400792, 0.00358231668361, -0.00182814302389, 0.000961813493632, -0.000312780815875, 5.92253527429e-05, 0.00183709955309, 0.0021000073757, -0.0112942317501, 0.021291796118]]
    },
    "melbands": {
        "dmean": [0.000165471617947, 0.000344268482877, 0.000545618240722, 0.000491340004373, 0.000388239132008, 0.000417655915953, 0.000440241157776, 0.000229880213737, 0.000175394932739, 0.000108411331894, 0.000127144536236, 0.000186147008208, 7.38517774153e-05, 5.88710609009e-05, 6.22984662186e-05, 3.80452729587e-05, 2.87475122605e-05, 3.01472828141e-05, 1.8100889065e-05, 1.87481127796e-05, 2.0917477741e-05, 1.49451443576e-05, 1.34419587994e-05, 7.3994469858e-06, 3.71140049538e-06, 3.15162765219e-06, 2.7351695735e-06, 2.05804212783e-06, 1.23645531858e-06, 1.23566553611e-06, 1.22439143979e-06, 9.91324782262e-07, 8.31330737583e-07, 6.68388508984e-07, 4.35732545156e-07, 4.17372916672e-07, 3.68734191625e-07, 2.32089107044e-07, 1.95158804672e-07, 1.38676398365e-07],
        "dmean2": [0.000257340085227, 0.000551903271116, 0.000879136496224, 0.000798210850917, 0.000617449753918, 0.000654244446196, 0.0006933711702, 0.000362679274986, 0.000264546484686, 0.000168199723703, 0.000194643449504, 0.000283150293399, 0.000115748203825, 9.19640515349e-05, 0.000100353769085, 6.02387226536e-05, 4.5317432523e-05, 4.89110971102e-05, 2.97733113257e-05, 2.99819621432e-05, 3.38335084962e-05, 2.43812228291e-05, 2.14949250221e-05, 1.17514227895e-05, 6.10135793977e-06, 5.17200032846e-06, 4.42586997451e-06, 3.35959362019e-06, 2.03175613933e-06, 1.99717828764e-06, 1.99017017621e-06, 1.58174032094e-06, 1.33312767048e-06, 1.06442951164e-06, 6.91548336818e-07, 6.60049579437e-07, 5.76998672841e-07, 3.54602121888e-07, 2.9920840916e-07, 2.13369673929e-07],
        "dvar": [2.49553636422e-07, 6.92040657668e-07, 1.91403069039e-06, 9.59153680924e-07, 6.10933454936e-07, 6.99463669207e-07, 6.78472872551e-07, 2.70478835773e-07, 2.81403600866e-07, 9.40820186202e-08, 1.09893349531e-07, 2.05993742952e-07, 3.75581734602e-08, 3.37717374066e-08, 4.48022632327e-08, 7.95178767277e-09, 3.13820902598e-09, 5.07571318309e-09, 1.48737089312e-09, 1.33351452103e-09, 1.66579416927e-09, 1.1292240476e-09, 6.1215826852e-10, 2.11584222365e-10, 3.99278457519e-11, 2.52480258922e-11, 2.53604845457e-11, 1.38043257381e-11, 6.66045907663e-12, 9.00297197903e-12, 1.03190685163e-11, 1.00925951624e-11, 1.15497949746e-11, 5.62605821305e-12, 1.98579087202e-12, 3.14586703042e-12, 2.75021802207e-12, 7.69794601327e-13, 3.18417113423e-13, 1.3764967085e-13],
        "dvar2": [5.59090722163e-07, 1.66432391779e-06, 4.22874200012e-06, 2.33122841564e-06, 1.51805068072e-06, 1.69797499439e-06, 1.69775000813e-06, 6.84096050918e-07, 5.82383279379e-07, 2.13239289337e-07, 2.48683676318e-07, 4.48029112476e-07, 8.46329086812e-08, 7.60015268497e-08, 1.18396023652e-07, 1.80311587883e-08, 6.96286273083e-09, 1.28279999956e-08, 3.96128641e-09, 3.25750315611e-09, 3.89035026416e-09, 2.97923374859e-09, 1.49737744426e-09, 5.09262187975e-10, 9.95928270409e-11, 6.56330684246e-11, 6.29662780249e-11, 3.51789812558e-11, 1.66721220163e-11, 2.14177408447e-11, 2.41193731654e-11, 2.22841241987e-11, 2.7773195202e-11, 1.38867571955e-11, 4.62754270666e-12, 6.83769707521e-12, 6.49801740193e-12, 1.73889624488e-12, 7.45041560998e-13, 3.15110378112e-13],
        "max": [0.005271053873, 0.012870432809, 0.0194618273526, 0.0217026211321, 0.0219027101994, 0.0194574389607, 0.0126263648272, 0.0123003143817, 0.0121065191925, 0.00887707900256, 0.0102849742398, 0.00863944087178, 0.00524261966348, 0.00439038919285, 0.00632383208722, 0.00373717444018, 0.00201102579013, 0.00209080264904, 0.00104268395808, 0.000812724523712, 0.00147524301428, 0.000932821887545, 0.000535020313691, 0.000315208977554, 0.000201672533876, 8.98984872038e-05, 0.000122540732264, 0.000106729108666, 4.71203711641e-05, 6.40881044092e-05, 0.000108990752778, 0.000114669652248, 0.000196077395231, 0.000100696939626, 4.53477114206e-05, 0.000100985322206, 8.48954587127e-05, 4.597095176e-05, 2.12048034882e-05, 8.54864083522e-06],
        "mean": [0.000184818039997, 0.00048314416199, 0.000771599297877, 0.000973446760327, 0.000846123206429, 0.000827406300232, 0.000940848665778, 0.000444924429758, 0.000319202576065, 0.000190426580957, 0.000225223426241, 0.000324510707287, 0.000130822183564, 9.78603711701e-05, 0.00010770996596, 6.77712523611e-05, 5.12078950123e-05, 5.1284852816e-05, 3.33279640472e-05, 3.68943292415e-05, 4.08601226809e-05, 2.94783603749e-05, 2.61447748926e-05, 1.46288321048e-05, 7.28845452613e-06, 6.45156069368e-06, 5.71162718188e-06, 3.96984569306e-06, 2.22839844355e-06, 2.13923931369e-06, 2.11964811569e-06, 1.64817186032e-06, 1.34775461902e-06, 1.03013258013e-06, 6.89974115176e-07, 6.35704338947e-07, 5.44796193935e-07, 3.66026284837e-07, 3.05836294956e-07, 2.02715071396e-07],
        "median": [4.0159735363e-05, 0.000174432556378, 0.000309203169309, 0.000472272746265, 0.000422997982241, 0.00038894667523, 0.00038992066402, 0.000174883301952, 9.00175873539e-05, 7.05378988641e-05, 7.45869620005e-05, 8.83678512764e-05, 3.62808787031e-05, 2.35026054725e-05, 3.06554647977e-05, 2.82668479485e-05, 2.14443571167e-05, 1.97027147806e-05, 1.59453993547e-05, 1.7280523025e-05, 1.8380178517e-05, 1.25465448946e-05, 1.18008902064e-05, 6.46966736895e-06, 3.78271397494e-06, 3.64332254321e-06, 2.56643374996e-06, 1.84376472134e-06, 9.61634668784e-07, 6.30379304312e-07, 5.23628386873e-07, 3.85479864917e-07, 3.41621500866e-07, 2.43804549882e-07, 1.59281370316e-07, 1.45344301927e-07, 1.06337388672e-07, 8.13400049537e-08, 7.07409242295e-08, 4.38401883684e-08],
        "min": [1.25512345414e-24, 1.36762852847e-24, 1.30037833351e-24, 1.16686825986e-24, 1.31225493026e-24, 8.05392225047e-25, 1.50556687281e-24, 1.20979313994e-24, 2.09661853946e-24, 1.30375801084e-24, 2.40627977414e-24, 1.88383672092e-24, 1.79123746685e-24, 1.54751701663e-24, 3.62651506588e-24, 3.50657665385e-24, 1.7942353355e-24, 2.24122995681e-24, 2.36703374689e-24, 3.23096620572e-24, 2.89850511595e-24, 3.25795806767e-24, 2.91376050257e-24, 3.18043532601e-24, 4.13858795086e-24, 3.55717300902e-24, 3.25373884512e-24, 4.12923284938e-24, 4.64744741093e-24, 4.55380804376e-24, 3.87176127169e-24, 4.7494356875e-24, 4.72467413254e-24, 4.9813603992e-24, 5.03902179264e-24, 5.51343288028e-24, 5.60817231398e-24, 5.96310647322e-24, 5.61537579734e-24, 5.6876930431e-24],
        "var": [2.65278970346e-07, 8.41263556595e-07, 2.67894256467e-06, 2.79891628452e-06, 1.80850372544e-06, 1.89775585113e-06, 1.88906290077e-06, 5.27716792931e-07, 7.18738874639e-07, 1.80455458576e-07, 2.29096016824e-07, 4.88102045892e-07, 9.9131177933e-08, 8.23592714028e-08, 1.02831386073e-07, 1.98062188872e-08, 8.50142711784e-09, 1.00001589232e-08, 2.96794300247e-09, 3.44629813576e-09, 5.25621324243e-09, 2.68424060756e-09, 1.67415847852e-09, 5.58630641745e-10, 9.7048161174e-11, 6.56291410106e-11, 7.24810350627e-11, 3.27027710467e-11, 1.16850791196e-11, 1.79090041408e-11, 2.25667817766e-11, 1.85527166546e-11, 1.65386367795e-11, 9.58244768257e-12, 4.69419815519e-12, 5.84389611355e-12, 4.43009604695e-12, 1.4016898536e-12, 6.51177516856e-13, 2.34591588776e-13]
    },
    "mfcc": {
        "mean": [-663.600280762, 143.379638672, -20.020526886, 12.5043735504, -4.30392169952, -6.80654430389, -12.1434612274, -5.48639726639, -8.28255844116, -6.82300710678, -7.28387784958, -3.73359036446, -2.82573270798],
        "cov": [[10254.8417969, 930.452148438, -406.797119141, 279.615142822, -85.3531112671, -52.6259841919, -134.840789795, 41.3538513184, -59.0057754517, -150.017776489, -68.924659729, -30.7898406982, -24.4337425232], [930.452148438, 1842.79541016, -85.2788772583, 48.986289978, 8.94525718689, -122.889068604, -47.5927124023, -31.6532421112, -77.0981674194, 22.597032547, -34.9088935852, -51.1665382385, -15.8109350204], [-406.797119141, -85.2788772583, 772.63092041, 38.3438491821, 13.9201259613, 64.2542953491, -6.29671287537, 3.52094268799, 5.68907260895, 28.9430160522, -12.7997159958, -27.4105243683, -38.9062461853], [279.615142822, 48.986289978, 38.3438491821, 254.07875061, 125.652359009, -12.5498914719, -24.5120162964, 4.54267930984, 40.1165657043, -7.36052131653, 1.76800608635, 20.6197929382, 13.984377861], [-85.3531112671, 8.94525718689, 13.9201259613, 125.652359009, 275.893310547, 36.3476142883, -14.8357458115, 3.96698594093, 60.8336715698, 0.0933319702744, 7.84437704086, 31.551399231, 8.79555130005], [-52.6259841919, -122.889068604, 64.2542953491, -12.5498914719, 36.3476142883, 142.052093506, 64.1607818604, 6.0432882309, 16.9016361237, 7.39943504333, 13.7167043686, 2.54442977905, -7.66058492661], [-134.840789795, -47.5927124023, -6.29671287537, -24.5120162964, -14.8357458115, 64.1607818604, 155.53187561, 38.1365013123, 2.62690520287, 6.29983615875, 11.7746477127, -2.17352604866, -2.12825512886], [41.3538513184, -31.6532421112, 3.52094268799, 4.54267930984, 3.96698594093, 6.0432882309, 38.1365013123, 97.0754318237, 24.4976940155, 13.9083776474, -1.76633453369, -8.64772510529, 0.698654949665], [-59.0057754517, -77.0981674194, 5.68907260895, 40.1165657043, 60.8336715698, 16.9016361237, 2.62690520287, 24.4976940155, 112.204299927, 21.4192504883, 10.4556541443, 21.5571537018, 7.61907291412], [-150.017776489, 22.597032547, 28.9430160522, -7.36052131653, 0.0933319702744, 7.39943504333, 6.29983615875, 13.9083776474, 21.4192504883, 80.4615402222, 23.5741004944, 1.61596739292, 1.05411541462], [-68.924659729, -34.9088935852, -12.7997159958, 1.76800608635, 7.84437704086, 13.7167043686, 11.7746477127, -1.76633453369, 10.4556541443, 23.5741004944, 69.6516952515, 32.212638855, 12.2301015854], [-30.7898406982, -51.1665382385, -27.4105243683, 20.6197929382, 31.551399231, 2.54442977905, -2.17352604866, -8.64772510529, 21.5571537018, 1.61596739292, 32.212638855, 86.8223419189, 41.0186424255], [-24.4337425232, -15.8109350204, -38.9062461853, 13.984377861, 8.79555130005, -7.66058492661, -2.12825512886, 0.698654949665, 7.61907291412, 1.05411541462, 12.2301015854, 41.0186424255, 73.0820922852]],
