{
"lowlevel": {
    "average_loudness": 0.847756147385,
    "barkbands_crest": {
        "dmean": 2.5045580864,
        "dmean2": 4.12630224228,
        "dvar": 5.56760835648,
        "dvar2": 14.1410808563,
        "max": 25.6430587769,
        "mean": 9.14769172668,
        "median": 8.19171333313,
        "min": 2.56770777702,
        "var": 13.9878053665
    },
    "barkbands_flatness_db": {
        "dmean": 0.0192401893437,
        "dmean2": 0.0298485085368,
        "dvar": 0.000302731088595,
        "dvar2": 0.00067550339736,
        "max": 0.367022305727,
        "mean": 0.152869418263,
        "median": 0.153230637312,
        "min": 0.0402610749006,
        "var": 0.0019905900117
    },
    "barkbands_kurtosis": {
        "dmean": 2.29778194427,
        "dmean2": 3.64942526817,
        "dvar": 14.6532611847,
        "dvar2": 35.1385765076,
        "max": 111.191719055,
        "mean": 3.18911933899,
        "median": 1.72567415237,
        "min": -1.874558568,
        "var": 31.0141830444
    },
    "barkbands_skewness": {
        "dmean": 0.491689950228,
        "dmean2": 0.744220852852,
        "dvar": 0.235825031996,
        "dvar2": 0.527559876442,
        "max": 9.17508888245,
        "mean": 0.977098882198,
        "median": 0.971722185612,
        "min": -2.29698991776,
        "var": 1.83345425129
    },
    "barkbands_spread": {
        "dmean": 3.70486021042,
        "dmean2": 5.84697437286,
        "dvar": 18.4153251648,
        "dvar2": 37.6048164368,
        "max": 95.881980896,
        "mean": 15.4375991821,
        "median": 13.6347370148,
        "min": 1.31669270992,
        "var": 66.3651733398
    },
    "dissonance": {
        "dmean": 0.023612190038,
        "dmean2": 0.040037702769,
        "dvar": 0.000511320191436,
        "dvar2": 0.00142770400271,
        "max": 0.500000059605,
        "mean": 0.456991404295,
        "median": 0.463039755821,
        "min": 0.256112068892,
        "var": 0.00104583555367
    },
    "dynamic_complexity": 3.63456082344,
    "erbbands_crest": {
        "dmean": 3.08044266701,
        "dmean2": 5.04402780533,
        "dvar": 8.75681495667,
        "dvar2": 22.1889133453,
        "max": 32.8422241211,
        "mean": 9.83558368683,
        "median": 8.89186191559,
        "min": 2.41775107384,
        "var": 23.8997917175
    },
    "erbbands_flatness_db": {
        "dmean": 0.0199155770242,
        "dmean2": 0.0282865874469,
        "dvar": 0.000338550540619,
        "dvar2": 0.0006152294809,
        "max": 0.342007339001,
        "mean": 0.191932141781,
        "median": 0.199681445956,
        "min": 0.0626948550344,
        "var": 0.00265405536629
    },
    "erbbands_kurtosis": {
        "dmean": 1.01678562164,
        "dmean2": 1.64673936367,
        "dvar": 1.82313728333,
        "dvar2": 4.45552444458,
        "max": 43.2344398499,
        "mean": 0.787373423576,
        "median": 0.283204555511,
        "min": -1.80359971523,
        "var": 3.92958402634
    },
    "erbbands_skewness": {
        "dmean": 0.367983549833,
        "dmean2": 0.58698117733,
        "dvar": 0.108422316611,
        "dvar2": 0.26599252224,
        "max": 3.81959462166,
        "mean": 0.328112274408,
        "median": 0.314689218998,
        "min": -2.23009562492,
        "var": 0.424069583416
    },
    "erbbands_spread": {
        "dmean": 5.9336476326,
        "dmean2": 9.05535507202,
        "dvar": 43.6362800598,
        "dvar2": 85.9286804199,
        "max": 133.541061401,
        "mean": 27.4220485687,
        "median": 24.7625465393,
        "min": 1.82011365891,
        "var": 216.077316284
    },
    "hfc": {
        "dmean": 5.5548992157,
        "dmean2": 8.1783657074,
        "dvar": 51.3488426208,
        "dvar2": 108.708854675,
        "max": 171.741882324,
        "mean": 18.6337738037,
        "median": 16.577671051,
        "min": 1.04169243436e-16,
        "var": 217.187133789
    },
    "melbands_crest": {
        "dmean": 3.05393791199,
        "dmean2": 5.04129123688,
        "dvar": 8.27133655548,
        "dvar2": 21.2068748474,
        "max": 32.080291748,
        "mean": 11.4511013031,
        "median": 11.0370283127,
        "min": 1.49029695988,
        "var": 29.6085033417
    },
    "melbands_flatness_db": {
        "dmean": 0.0204259660095,
        "dmean2": 0.0311406124383,
        "dvar": 0.000409368047258,
        "dvar2": 0.000916656979825,
        "max": 0.462356120348,
        "mean": 0.184706151485,
        "median": 0.195141762495,
        "min": 0.00258020940237,
        "var": 0.00541075784713
    },
    "melbands_kurtosis": {
        "dmean": 3.75066041946,
        "dmean2": 5.92341995239,
        "dvar": 42.4688110352,
        "dvar2": 102.229095459,
        "max": 127.717529297,
        "mean": 6.11950397491,
        "median": 2.41315126419,
        "min": -1.55872762203,
        "var": 104.323997498
    },
    "melbands_skewness": {
        "dmean": 0.574827671051,
        "dmean2": 0.87584143877,
        "dvar": 0.347363382578,
        "dvar2": 0.775309383869,
        "max": 8.92010307312,
        "mean": 1.58283388615,
        "median": 1.34124183655,
        "min": -1.74461579323,
        "var": 1.91540181637
    },
    "melbands_spread": {
        "dmean": 5.69973325729,
        "dmean2": 9.08218860626,
        "dvar": 37.7253265381,
        "dvar2": 94.4426345825,
        "max": 175.303848267,
        "mean": 29.1675319672,
        "median": 19.3569450378,
        "min": 1.35773873329,
        "var": 1131.49938965
    },
    "pitch_salience": {
        "dmean": 0.0653860569,
        "dmean2": 0.108538299799,
        "dvar": 0.00358291855082,
        "dvar2": 0.00936646852642,
        "max": 0.933734536171,
        "mean": 0.606917023659,
        "median": 0.601733148098,
        "min": 0.169635668397,
        "var": 0.0139825046062
    },
    "silence_rate_20dB": {
        "dmean": 0,
        "dmean2": 0,
        "dvar": 0,
        "dvar2": 0,
        "max": 1,
        "mean": 1,
        "median": 1,
        "min": 1,
        "var": 0
    },
    "silence_rate_30dB": {
        "dmean": 0.000219106048462,
        "dmean2": 0.000438260118244,
        "dvar": 0.000219018271309,
        "dvar2": 0.000438106391812,
        "max": 1,
        "mean": 0.999780893326,
        "median": 1,
        "min": 0,
        "var": 0.000218994275201
    },
    "silence_rate_60dB": {
        "dmean": 0.00109553022776,
        "dmean2": 0.00219130050391,
        "dvar": 0.00109432486352,
        "dvar2": 0.00306311994791,
        "max": 1,
        "mean": 0.169898122549,
        "median": 0,
        "min": 0,
        "var": 0.141037404537
    },
    "spectral_centroid": {
        "dmean": 188.908584595,
        "dmean2": 293.12197876,
        "dvar": 48732.2890625,
        "dvar2": 117748.484375,
        "max": 11816.0498047,
        "mean": 1930.44238281,
        "median": 1024.57165527,
        "min": 251.227172852,
        "var": 8252766.5
    },
    "spectral_complexity": {
        "dmean": 2.49605607986,
        "dmean2": 3.85712718964,
        "dvar": 6.14545202255,
        "dvar2": 13.650645256,
        "max": 42,
        "mean": 16.4946880341,
        "median": 18,
        "min": 0,
        "var": 76.9794692993
    },
    "spectral_decrease": {
        "dmean": 2.23927454357e-09,
        "dmean2": 3.50813511574e-09,
        "dvar": 9.92840239265e-18,
        "dvar2": 2.41464741065e-17,
        "max": 2.22238376664e-28,
        "mean": -6.37423314132e-09,
        "median": -5.97892713117e-09,
        "min": -3.8332604646e-08,
        "var": 2.43071704841e-17
    },
    "spectral_energy": {
        "dmean": 0.00886424351484,
        "dmean2": 0.0138561483473,
        "dvar": 0.000152375796461,
        "dvar2": 0.000368531153072,
        "max": 0.149754106998,
        "mean": 0.0257480069995,
        "median": 0.0243185535073,
        "min": 9.72723849125e-21,
        "var": 0.000387675099773
    },
    "spectral_energyband_high": {
        "dmean": 0.000132027358632,
        "dmean2": 0.000183945347089,
        "dvar": 1.47092492853e-07,
        "dvar2": 3.25244116084e-07,
        "max": 0.017386963591,
        "mean": 0.000271904515103,
        "median": 0.000133584966534,
        "min": 6.95808740864e-21,
        "var": 2.76708789215e-07
    },
    "spectral_energyband_low": {
        "dmean": 0.00148716126569,
        "dmean2": 0.00242000934668,
        "dvar": 8.79568506207e-06,
        "dvar2": 2.14318133658e-05,
        "max": 0.0376348681748,
        "mean": 0.00231427443214,
        "median": 0.00107492483221,
        "min": 7.78047199932e-24,
        "var": 1.2673409401e-05
    },
    "spectral_energyband_middle_high": {
        "dmean": 0.00296848756261,
        "dmean2": 0.00437588896602,
        "dvar": 2.24301857088e-05,
        "dvar2": 4.83683870698e-05,
        "max": 0.0783616155386,
        "mean": 0.00765278656036,
        "median": 0.00446471013129,
        "min": 9.9359416528e-22,
        "var": 7.52364649088e-05
    },
    "spectral_energyband_middle_low": {
        "dmean": 0.00737195089459,
        "dmean2": 0.0117072705179,
        "dvar": 0.000131031571073,
        "dvar2": 0.000329592003254,
        "max": 0.141872167587,
        "mean": 0.0167153086513,
        "median": 0.0135206896812,
        "min": 1.4372034689e-22,
        "var": 0.000245523260674
    },
    "spectral_entropy": {
        "dmean": 0.141032993793,
        "dmean2": 0.208850875497,
        "dvar": 0.0211309529841,
        "dvar2": 0.0429974831641,
        "max": 9.82467365265,
        "mean": 7.54588651657,
        "median": 7.35070419312,
        "min": 5.57580137253,
        "var": 0.60847735405
    },
    "spectral_flux": {
        "dmean": 0.0226183719933,
        "dmean2": 0.0360733643174,
        "dvar": 0.000743495707866,
        "dvar2": 0.00166362302843,
        "max": 0.292266190052,
        "mean": 0.0818453431129,
        "median": 0.0816138386726,
        "min": 6.23551349443e-11,
        "var": 0.00253998697735
    },
    "spectral_kurtosis": {
        "dmean": 2.19063258171,
        "dmean2": 3.68027901649,
        "dvar": 6.19709062576,
        "dvar2": 17.905878067,
        "max": 37.0969810486,
        "mean": 6.42533969879,
        "median": 6.25925827026,
        "min": -1.28864693642,
        "var": 17.907075882
    },
    "spectral_rms": {
        "dmean": 0.00077635323396,
        "dmean2": 0.00118099583779,
        "dvar": 8.75060379713e-07,
        "dvar2": 1.939996082e-06,
        "max": 0.0120872482657,
        "mean": 0.00443176785484,
        "median": 0.00487087434158,
        "min": 3.08058244712e-12,
        "var": 5.47945501239e-06
    },
    "spectral_rolloff": {
        "dmean": 341.587036133,
        "dmean2": 574.279296875,
        "dvar": 434201.03125,
        "dvar2": 961704.625,
        "max": 19875.1464844,
        "mean": 2838.68530273,
        "median": 1227.39257812,
        "min": 172.265625,
        "var": 25446830
    },
    "spectral_skewness": {
        "dmean": 0.238835841417,
        "dmean2": 0.389551103115,
        "dvar": 0.0536774173379,
        "dvar2": 0.143473193049,
        "max": 4.64136648178,
        "mean": 1.8139513731,
        "median": 1.93524765968,
        "min": -0.0930283665657,
        "var": 0.497852772474
    },
    "spectral_spread": {
        "dmean": 602462.4375,
        "dmean2": 838915.8125,
        "dvar": 825093586944,
        "dvar2": 1.66521208832e+12,
        "max": 53894092,
        "mean": 7040786,
        "median": 3472999.25,
        "min": 1372943.5,
        "var": 1.12115952124e+14
    },
    "spectral_strongpeak": {
        "dmean": 0.717752873898,
        "dmean2": 1.17974150181,
        "dvar": 0.911758244038,
        "dvar2": 2.27631664276,
        "max": 11.7925977707,
        "mean": 1.3302989006,
        "median": 0.86577808857,
        "min": 0,
        "var": 1.92171859741
    },
    "zerocrossingrate": {
        "dmean": 0.00779377762228,
        "dmean2": 0.00985978264362,
        "dvar": 0.000131734384922,
        "dvar2": 0.000169525912497,
        "max": 0.75927734375,
        "mean": 0.0916454568505,
        "median": 0.0498046875,
        "min": 0.01025390625,
        "var": 0.0169245991856
    },
    "barkbands": {
        "dmean": [2.80642234429e-06, 0.000311221258016, 0.000815270934254, 0.0015837069368, 0.00318165915087, 0.00190333253704, 0.00161673570983, 0.00107032922097, 0.00140687532257, 0.00174220453482, 0.000661446421873, 0.000688804895617, 0.00055039441213, 0.000446542631835, 0.000409086438594, 0.000252654397627, 0.000163531178259, 0.000105605380668, 7.29137100279e-05, 4.17978444602e-05, 2.69820920948e-05, 2.1735791961e-05, 1.66754634847e-05, 2.44683305937e-05, 3.35157710651e-05, 1.35926911753e-05, 2.27422649601e-08],
        "dmean2": [4.85276632389e-06, 0.00053397542797, 0.00136712775566, 0.00266699609347, 0.00523489993066, 0.00305165210739, 0.00254864152521, 0.00173713814002, 0.0023063137196, 0.00280932150781, 0.00103614933323, 0.00109875260387, 0.000861530308612, 0.000712218054105, 0.000655876123346, 0.000399456796004, 0.000263306603301, 0.00016429531388, 0.000113989590318, 6.28808556939e-05, 4.10998400184e-05, 3.37714081979e-05, 2.36743635469e-05, 3.53574978362e-05, 4.8701032938e-05, 1.91838662431e-05, 3.84648721763e-08],
        "dvar": [2.86982451692e-11, 7.52529388137e-07, 3.49734614247e-06, 8.92955631571e-06, 4.38940733147e-05, 1.47351911437e-05, 1.11017679956e-05, 6.04063416176e-06, 9.14915744943e-06, 1.35945010697e-05, 2.85470105155e-06, 2.17133742808e-06, 1.7710094653e-06, 1.26354677832e-06, 7.75917840201e-07, 3.02208690073e-07, 9.09867097221e-08, 2.89798709474e-08, 2.05107610896e-08, 5.27610843903e-09, 5.20403942161e-09, 1.52404737719e-08, 2.37552000293e-09, 1.12100355665e-08, 4.61512286165e-08, 1.20019272298e-09, 8.89832675046e-15],
        "dvar2": [7.70374181114e-11, 1.99013629754e-06, 9.16323460842e-06, 2.40037952608e-05, 0.000114551963634, 3.62372666132e-05, 2.59772041318e-05, 1.53772707563e-05, 2.36154010054e-05, 3.42242092302e-05, 6.63077162244e-06, 5.29144699613e-06, 4.34950470662e-06, 2.9938141779e-06, 1.94211315829e-06, 7.18762578344e-07, 2.2183186843e-07, 6.71757902637e-08, 5.04053225825e-08, 1.09851221453e-08, 1.23971677368e-08, 4.19597583345e-08, 5.08501196705e-09, 2.67350799277e-08, 1.08923195796e-07, 2.31595742584e-09, 2.25224993413e-14],
        "max": [8.74933757586e-05, 0.0104485340416, 0.0263231489807, 0.043996296823, 0.0839020758867, 0.0720346271992, 0.0569488741457, 0.0518779829144, 0.0429423339665, 0.0690281763673, 0.0490546263754, 0.0279624089599, 0.0271551944315, 0.0230074655265, 0.0232813227922, 0.014632102102, 0.00675363140181, 0.00351123861037, 0.00276037608273, 0.0018491280498, 0.00259396526963, 0.00466956105083, 0.00147595931776, 0.00402353145182, 0.0139020560309, 0.00167216558475, 3.60023773283e-06],
        "mean": [2.8058937005e-06, 0.000336762983352, 0.00100171298254, 0.00252531585284, 0.00489466637373, 0.00310549233109, 0.00230693188496, 0.00144593266305, 0.00193705537822, 0.00245339889079, 0.00102448335383, 0.00112502917182, 0.000823147536721, 0.00067727646092, 0.000650558969937, 0.000466223456897, 0.000305556604872, 0.000211337537621, 0.000143288139952, 9.36761134653e-05, 5.1943341532e-05, 3.44051441061e-05, 3.06658293994e-05, 3.80435558327e-05, 4.53190368717e-05, 1.69462455233e-05, 1.84540152048e-08],
        "median": [1.04701780401e-06, 9.34837298701e-05, 0.000326325476635, 0.000868258357514, 0.00245704734698, 0.00123192486353, 0.000813410209958, 0.000442761986051, 0.000552802230231, 0.000723073084373, 0.000225585172302, 0.000397869705921, 0.000226569332881, 0.000220384841668, 0.000242483816692, 0.000185061537195, 0.000148355713463, 0.000109524480649, 6.44829706289e-05, 4.68499274575e-05, 2.37673029915e-05, 1.38640143632e-05, 1.17710815175e-05, 1.07589858089e-05, 6.79940649206e-06, 1.32517288876e-06, 1.37614730722e-09],
        "min": [1.18096914854e-25, 1.02984844544e-24, 1.7322574431e-25, 2.5846761319e-25, 6.58967068567e-24, 3.58457133155e-24, 5.11701015945e-24, 3.64199133355e-24, 4.24102430041e-24, 1.10133715059e-23, 9.095884937e-24, 1.59524067565e-23, 2.05802845006e-23, 2.49062620207e-23, 3.06255556484e-23, 3.47228392367e-23, 5.43585243344e-23, 7.591770791e-23, 1.00837255926e-22, 1.33679409744e-22, 1.78861550619e-22, 2.77681537749e-22, 3.72550732761e-22, 4.48939049843e-22, 6.82285721195e-22, 1.02756693348e-21, 1.82723874196e-21],
        "var": [2.75193531157e-11, 6.33152637874e-07, 3.58827924174e-06, 1.62579926837e-05, 5.55334954697e-05, 3.37718374794e-05, 1.84611744771e-05, 9.00504437595e-06, 1.37937122417e-05, 2.07976372621e-05, 6.40518510409e-06, 4.49965591542e-06, 3.41766372003e-06, 2.18328159463e-06, 1.43034219491e-06, 9.32072225623e-07, 2.20313978616e-07, 8.07951465731e-08, 4.76009667238e-08, 1.91985467524e-08, 8.7949389993e-09, 1.21129968278e-08, 4.11576106529e-09, 1.71294356477e-08, 5.69954714535e-08, 2.13406781135e-09, 7.52097918043e-15]
    },
    "erbbands": {
        "dmean": [0.00277161295526, 0.0993540138006, 0.797747790813, 2.94710063934, 9.63579368591, 10.9610004425, 10.9010124207, 17.4665794373, 22.6783599854, 19.1678104401, 28.0606365204, 30.1693477631, 35.8574409485, 58.6180229187, 21.2177028656, 28.293384552, 26.4390258789, 20.6742153168, 24.1121768951, 12.4842014313, 14.2974748611, 7.33441066742, 5.20891284943, 5.37257528305, 2.42934417725, 2.11502957344, 1.56014156342, 0.701738297939, 0.75394397974, 0.621825754642, 0.462407052517, 0.392447501421, 0.493463635445, 0.390761762857, 0.235473290086, 0.0910175442696, 0.0208190083504, 0.000990489614196, 2.64245427388e-05, 1.09547545435e-05],
        "dmean2": [0.00459107803181, 0.169416949153, 1.33711922169, 4.89815950394, 16.1922340393, 18.1936702728, 17.4785900116, 28.384973526, 36.1527023315, 30.782119751, 45.3299179077, 49.5302009583, 58.462890625, 93.4211730957, 32.8245506287, 44.9615020752, 41.1404914856, 32.7771186829, 38.2121887207, 19.5085315704, 22.9196681976, 11.6950960159, 8.15102005005, 8.31049728394, 3.78763985634, 3.18471026421, 2.36281228065, 1.04918885231, 1.16244029999, 0.940330266953, 0.663164019585, 0.548888146877, 0.737674832344, 0.57792109251, 0.345891028643, 0.12727984786, 0.029383616522, 0.00143188796937, 3.7332480133e-05, 1.6795054762e-05],
        "dvar": [4.72279134556e-05, 0.073751449585, 3.64608716965, 29.7200889587, 494.639007568, 546.157470703, 531.063049316, 1595.8638916, 2217.64624023, 2401.66870117, 4437.43359375, 4934.98486328, 7700.69433594, 17150.3925781, 2353.18920898, 3582.59838867, 4142.04052734, 2497.22412109, 2752.14013672, 696.165344238, 972.21307373, 167.1121521, 70.7810974121, 104.979621887, 20.1337127686, 13.7239303589, 14.954003334, 4.71434354782, 16.2743701935, 8.48893356323, 1.66951155663, 1.4564114809, 6.37092351913, 12.7015771866, 1.39233839512, 0.0747830197215, 0.00263183121569, 7.91833099356e-06, 3.94649246616e-09, 2.35332919818e-10],
        "dvar2": [0.000120565353427, 0.194076478481, 9.63454627991, 77.5523834229, 1318.5279541, 1423.76220703, 1289.05456543, 3954.2512207, 5380.43310547, 5844.88574219, 11315.3222656, 12752.5927734, 19687.5429688, 41858.875, 5587.07861328, 8931.70117188, 10084.0058594, 6008.34228516, 6719.00292969, 1573.9967041, 2420.64575195, 405.098876953, 171.927200317, 256.969268799, 49.9213409424, 28.8988342285, 36.6150741577, 10.7658605576, 44.1923904419, 22.1578197479, 3.5787987709, 3.09539079666, 14.9466724396, 31.0563926697, 3.48749375343, 0.15812496841, 0.00503119919449, 1.58229668159e-05, 7.54820650428e-09, 5.39494504626e-10],
        "max": [0.111139297485, 3.17610788345, 27.468006134, 89.4788208008, 317.949249268, 432.646972656, 615.416015625, 743.069519043, 795.728393555, 1027.03845215, 1425.50048828, 1246.71252441, 1786.21679688, 2507.78051758, 1142.76904297, 1013.29449463, 1498.38098145, 1165.86523438, 1264.40856934, 531.338928223, 898.894958496, 289.858306885, 138.566299438, 191.841934204, 127.360549927, 84.1878814697, 162.356048584, 95.349609375, 145.921432495, 112.997634888, 38.4742393494, 34.7857208252, 109.032241821, 272.210845947, 64.1340560913, 18.0996417999, 1.99216139317, 0.0945866778493, 0.00205474416725, 0.0002289898257],
        "mean": [0.00339326937683, 0.113352052867, 1.02892029285, 4.8130273819, 13.9144449234, 16.4271011353, 17.9821281433, 27.2704715729, 34.0589561462, 26.4250545502, 40.4045906067, 43.0716514587, 51.9629440308, 88.6616592407, 41.1265487671, 47.4496498108, 42.4591789246, 34.00157547, 39.830532074, 22.7977867126, 28.2475337982, 15.6570291519, 11.23736763, 10.9039020538, 5.42748641968, 4.78566551208, 3.17314529419, 1.42549312115, 1.20122289658, 1.02951419353, 0.854275405407, 0.704554200172, 0.705719232559, 0.533139586449, 0.303663432598, 0.115791492164, 0.0250585991889, 0.00109204335604, 4.22803896072e-05, 3.23999920511e-05],
        "median": [0.00131269544363, 0.0355376601219, 0.370456308126, 2.04202318192, 6.54846191406, 7.90197324753, 8.76348781586, 9.6031332016, 12.5559043884, 10.5132026672, 13.3308877945, 12.5581626892, 20.4293384552, 23.0419940948, 13.7868061066, 19.1544933319, 14.2535562515, 13.2332572937, 15.3171415329, 10.5377016068, 12.3026285172, 8.39854812622, 6.15835523605, 4.73424959183, 2.94237184525, 2.35605788231, 1.4105193615, 0.736615002155, 0.505661070347, 0.378728538752, 0.320397555828, 0.242822408676, 0.156448841095, 0.0903845056891, 0.0371106527746, 0.0117222080007, 0.00112619495485, 3.77359101549e-05, 1.87330588233e-05, 3.03733995679e-05],
        "min": [5.74942211891e-23, 2.62346460405e-22, 1.06253682186e-21, 1.53654968305e-21, 6.04875903709e-21, 1.59907324844e-20, 2.69604091805e-20, 3.36968113771e-20, 8.44611440635e-20, 1.41579729581e-19, 1.30608393677e-19, 1.93908919966e-19, 2.6868992475e-19, 3.62815892326e-19, 6.65424823383e-19, 9.39350646313e-19, 1.13718546886e-18, 1.43934193213e-18, 2.24722969426e-18, 2.25690563948e-18, 1.99963468459e-18, 3.32700769124e-18, 4.06215205294e-18, 4.38430498712e-18, 6.13896020714e-18, 6.63552665502e-18, 6.90406050113e-18, 8.22515065744e-18, 9.31780082552e-18, 1.01704263409e-17, 1.01572543168e-17, 8.27786439634e-18, 9.09331062472e-18, 7.06442269777e-18, 5.25698218773e-18, 3.22371806174e-18, 1.98679539392e-18, 8.40847135537e-19, 2.2285491643e-19, 2.37147253246e-20],
        "var": [4.74991866213e-05, 0.0629490092397, 3.60611653328, 53.0693283081, 553.232971191, 764.834838867, 974.336730957, 3483.34643555, 3780.37280273, 3015.5222168, 6842.44921875, 7693.4453125, 9801.2734375, 31565.4570312, 7612.50341797, 6993.1171875, 8363.04394531, 4375.78125, 5065.50683594, 1551.19799805, 3386.78393555, 489.665740967, 211.799163818, 278.261291504, 54.8317680359, 50.9734344482, 30.8177776337, 7.08703374863, 13.6493206024, 8.3067445755, 2.9972307682, 2.73420333862, 10.2235279083, 14.4111967087, 1.56887555122, 0.115007013083, 0.00466064177454, 1.18182606457e-05, 7.19675430361e-09, 6.24412910266e-10]
    },
    "gfcc": {
        "mean": [-122.858337402, 101.859611511, -132.725891113, 9.45083427429, -61.3150863647, 5.49980020523, -47.6485290527, 1.13286519051, -31.1686897278, -7.90082359314, -17.1057415009, -8.92678165436, -7.04262447357],
        "cov": [[108918.570312, 10398.1650391, -12723.5429688, 732.60534668, -6303.66162109, 493.15737915, -4915.88916016, 186.564163208, -3368.32250977, -789.569702148, -1868.21252441, -846.29699707, -891.179260254], [10398.1650391, 2075.7980957, -1425.76306152, 140.961715698, -470.734283447, -154.302276611, -302.539825439, -145.814041138, -221.127792358, -288.410644531, -40.1383361816, -250.63710022, 30.6557121277], [-12723.5429688, -1425.76306152, 2666.27001953, -42.7423362732, 820.408691406, -11.0745773315, 463.479949951, 60.6762695312, 278.817718506, 186.124450684, 67.0269088745, 196.634048462, -26.263841629], [732.60534668, 140.961715698, -42.7423362732, 272.113128662, -20.4141654968, -22.6617546082, -56.9663505554, -29.8091030121, 17.646232605, -42.9272537231, 10.7151689529, -22.7265281677, 11.8459434509], [-6303.66162109, -470.734283447, 820.408691406, -20.4141654968, 537.36529541, -12.2875938416, 327.867675781, -9.71377563477, 180.417419434, 39.3532562256, 95.2239990234, 46.4894371033, 45.9496231079], [493.15737915, -154.302276611, -11.0745773315, -22.6617546082, -12.2875938416, 197.513015747, -5.34155988693, 42.9233055115, -62.9994926453, 38.0645866394, -41.9677429199, 19.2170658112, -29.1081256866], [-4915.88916016, -302.539825439, 463.479949951, -56.9663505554, 327.867675781, -5.34155988693, 375.349761963, -19.744020462, 162.019012451, -5.24620437622, 112.415550232, 4.543592453, 63.8331832886], [186.564163208, -145.814041138, 60.6762695312, -29.8091030121, -9.71377563477, 42.9233055115, -19.744020462, 104.514625549, -7.21942853928, 44.4661445618, -42.4512176514, 32.5071144104, -29.4855594635], [-3368.32250977, -221.127792358, 278.817718506, 17.646232605, 180.417419434, -62.9994926453, 162.019012451, -7.21942853928, 211.783981323, 8.51020908356, 94.7176132202, -0.614901781082, 47.273021698], [-789.569702148, -288.410644531, 186.124450684, -42.9272537231, 39.3532562256, 38.0645866394, -5.24620437622, 44.4661445618, 8.51020908356, 126.362876892, -12.2283973694, 50.6032905579, -36.4086341858], [-1868.21252441, -40.1383361816, 67.0269088745, 10.7151689529, 95.2239990234, -41.9677429199, 112.415550232, -42.4512176514, 94.7176132202, -12.2283973694, 147.348968506, -1.18664205074, 49.0717201233], [-846.29699707, -250.63710022, 196.634048462, -22.7265281677, 46.4894371033, 19.2170658112, 4.543592453, 32.5071144104, -0.614901781082, 50.6032905579, -1.18664205074, 97.9198303223, -4.09360837936], [-891.179260254, 30.6557121277, -26.263841629, 11.8459434509, 45.9496231079, -29.1081256866, 63.8331832886, -29.4855594635, 47.273021698, -36.4086341858, 49.0717201233, -4.09360837936, 95.1486587524]],
        "icov": [[0.000211042904994, -0.000656633696053, 0.000308413931634, -0.000274102116236, 0.000713083252776, -0.000334076379659, 0.000575567653868, -0.000557685736567, 0.00078727043001, -0.000297141756164, 0.000516193453223, -0.000468131096568, 0.000510753481649], [-0.000656633696053, 0.00343600404449, -0.000578190141823, 0.000664822466206, -0.00241666799411, 0.00196022540331, -0.00141180760693, 0.00185091234744, -0.00125895312522, 0.00239651976153, -0.00189301988576, 0.00331465550698, -0.0015506518539], [0.000308413931634, -0.000578190141823, 0.00147356826346, -0.000623532512691, -0.000148634368088, 1.89495513041e-05, 0.000627493776847, -0.000654888921417, 0.00114538439084, -0.000441950454842, 0.00125547824427, -0.00134665949736, 0.00156937201973], [-0.000274102116236, 0.000664822466206, -0.000623532512691, 0.00488909706473, -0.00136688933708, -0.000235951272771, 0.00127961381804, 0.00148889224511, -0.00251075904816, 0.0019200372044, -0.00104598340113, 0.000806390773505, -0.000815163832158], [0.000713083252776, -0.00241666799411, -0.000148634368088, -0.00136688933708, 0.00866865087301, -0.00142578908708, -0.00173709646333, -0.00109172763769, 0.00151684833691, -0.0018780422397, 0.00200914335437, -0.00238052220084, 0.00118035229389], [-0.000334076379659, 0.00196022540331, 1.89495513041e-05, -0.000235951272771, -0.00142578908708, 0.00804877281189, -0.00246285111643, -0.00113860541023, 0.00248049176298, -0.000470871047582, -0.000415889080614, 0.00186428520828, -0.000393563037505], [0.000575567653868, -0.00141180760693, 0.000627493776847, 0.00127961381804, -0.00173709646333, -0.00246285111643, 0.010228944011, -0.00175956531893, 0.000148409206304, 0.00163534912281, -0.00122862670105, 0.000946329848375, -0.00023617730767], [-0.000557685736567, 0.00185091234744, -0.000654888921417, 0.00148889224511, -0.00109172763769, -0.00113860541023, -0.00175956531893, 0.0162629149854, -0.00517514208332, -0.00109964946751, 0.00301271653734, -0.0023953160271, 0.000706773658749], [0.00078727043001, -0.00125895312522, 0.00114538439084, -0.00251075904816, 0.00151684833691, 0.00248049176298, 0.000148409206304, -0.00517514208332, 0.0149417547509, -0.0021242769435, -0.00226040743291, 0.00235741189681, -0.000238104883465], [-0.000297141756164, 0.00239651976153, -0.000441950454842, 0.0019200372044, -0.0018780422397, -0.000470871047582, 0.00163534912281, -0.00109964946751, -0.0021242769435, 0.0156773570925, -0.0020288056694, -0.00182389642578, 0.00343097932637], [0.000516193453223, -0.00189301988576, 0.00125547824427, -0.00104598340113, 0.00200914335437, -0.000415889080614, -0.00122862670105, 0.00301271653734, -0.00226040743291, -0.0020288056694, 0.0141383968294, -0.00377976871096, -0.000525780837052], [-0.000468131096568, 0.00331465550698, -0.00134665949736, 0.000806390773505, -0.00238052220084, 0.00186428520828, 0.000946329848375, -0.0023953160271, 0.00235741189681, -0.00182389642578, -0.00377976871096, 0.019774870947, -0.0046508749947], [0.000510753481649, -0.0015506518539, 0.00156937201973, -0.000815163832158, 0.00118035229389, -0.000393563037505, -0.00023617730767, 0.000706773658749, -0.000238104883465, 0.00343097932637, -0.000525780837052, -0.0046508749947, 0.0175172369927]]
    },
    "melbands": {
        "dmean": [5.2449056966e-05, 0.000311342329951, 0.000694376183674, 0.000764884520322, 0.000380129669793, 0.000382245896617, 0.000351237569703, 0.000198833426111, 0.000242579568294, 0.000190488703083, 0.000182592557394, 0.000248645548709, 7.88293546066e-05, 7.89573605289e-05, 6.91774912411e-05, 4.74004191346e-05, 4.09165659221e-05, 4.09824569942e-05, 2.57971732935e-05, 1.45538242577e-05, 1.88695084944e-05, 8.58846033225e-06, 6.91019658916e-06, 4.98296321894e-06, 4.76876766697e-06, 2.26099132306e-06, 1.3613257579e-06, 1.55569614435e-06, 1.26383247334e-06, 5.6577681562e-07, 4.08873376045e-07, 4.10913997939e-07, 5.10541553922e-07, 3.17694798468e-07, 2.77320509667e-07, 2.71886733572e-07, 2.33480449197e-07, 3.62501339168e-07, 3.54096670208e-07, 3.35737070145e-07],
        "dmean2": [8.89861257747e-05, 0.000522302114405, 0.00115312135313, 0.00127441203222, 0.000610209594015, 0.000618069840129, 0.00055676168995, 0.000321303785313, 0.000394559290726, 0.000311828189297, 0.000297914986731, 0.000396760529839, 0.000122714976897, 0.000125711245346, 0.000110163542558, 7.37214722903e-05, 6.51268128422e-05, 6.49434659863e-05, 4.13868947362e-05, 2.26453794312e-05, 3.04215791402e-05, 1.37994302349e-05, 1.11812214527e-05, 7.74833551986e-06, 7.45042370909e-06, 3.5735226902e-06, 2.11518658944e-06, 2.3674174372e-06, 1.93841856344e-06, 8.68497863848e-07, 6.23604080374e-07, 6.2748279106e-07, 8.36388380776e-07, 4.73525744837e-07, 4.11628064967e-07, 3.89229910525e-07, 3.33972195676e-07, 5.60208889056e-07, 5.03038620536e-07, 5.06706783199e-07],
        "dvar": [2.03129122411e-08, 5.7620707139e-07, 1.762521606e-06, 2.66947427008e-06, 6.12923088283e-07, 7.01282829141e-07, 4.9925500889e-07, 2.38388423668e-07, 3.35146324915e-07, 1.86411568848e-07, 2.0297002834e-07, 3.14553972203e-07, 3.59060869926e-08, 3.20658628539e-08, 2.46689886296e-08, 1.12792237772e-08, 1.11570184202e-08, 8.65568683395e-09, 3.32248051294e-09, 1.23881616076e-09, 1.66304070515e-09, 2.84621798352e-10, 1.88729934458e-10, 7.71341532313e-11, 9.0942232911e-11, 1.99434080361e-11, 5.15471563003e-12, 8.59793573144e-12, 9.80399268713e-12, 1.96712351269e-12, 1.93234772801e-12, 2.55235806448e-12, 1.86373711603e-11, 1.26409202116e-12, 6.42462537163e-13, 5.99440039706e-13, 5.51265142475e-13, 3.93943688434e-12, 7.83521771769e-12, 7.95895207378e-12],
        "dvar2": [5.31172332785e-08, 1.50008497712e-06, 4.66562642032e-06, 7.10113454261e-06, 1.51202311827e-06, 1.74046306256e-06, 1.19139690469e-06, 5.88911007071e-07, 8.58817372773e-07, 4.78967251638e-07, 5.18769354585e-07, 7.70927044869e-07, 8.35134343902e-08, 7.63954659533e-08, 6.34764916185e-08, 2.70047646467e-08, 2.70344227005e-08, 2.05105070705e-08, 8.06849342894e-09, 2.71226130444e-09, 4.07656619572e-09, 6.92855384177e-10, 5.12538567143e-10, 1.79096459885e-10, 2.25156213118e-10, 4.93986934691e-11, 1.18997372719e-11, 1.83096298539e-11, 2.42236525977e-11, 4.53323619962e-12, 4.54047433332e-12, 6.27240316978e-12, 5.37603780937e-11, 2.95417119586e-12, 1.46113589977e-12, 1.28924930627e-12, 1.19514088296e-12, 1.05310144285e-11, 1.53856684337e-11, 1.99612184421e-11],
        "max": [0.00196951301768, 0.0104883592576, 0.016421219334, 0.0210947599262, 0.017483189702, 0.0145875718445, 0.0120982509106, 0.00975532084703, 0.0113877756521, 0.00749647337943, 0.00950036291033, 0.0108154648915, 0.00432726508006, 0.00425342470407, 0.00442408537492, 0.00230834959075, 0.00257933558896, 0.00222673988901, 0.00179083342664, 0.00103653827682, 0.00112872524187, 0.000362857244909, 0.000289656454697, 0.000210024925764, 0.000166544428794, 9.96269591269e-05, 4.99248308188e-05, 6.84332117089e-05, 0.000132704881253, 5.09476922161e-05, 6.61770900479e-05, 5.66467570025e-05, 0.00017499315436, 4.26416991104e-05, 2.6257828722e-05, 2.64499594778e-05, 1.96177516045e-05, 6.62782404106e-05, 0.000243583854171, 0.000190837381524],
        "mean": [5.87626200286e-05, 0.000387153500924, 0.00112257280853, 0.00115323311184, 0.000634450407233, 0.000602685264312, 0.000526233576238, 0.000272561155725, 0.000344408064848, 0.000265599315753, 0.000254587794188, 0.000366927037248, 0.000139817871968, 0.000131522640004, 0.000106049097667, 7.44876379031e-05, 6.20590726612e-05, 6.38474448351e-05, 4.19732605224e-05, 2.50405228144e-05, 3.52192437276e-05, 1.61289935932e-05, 1.26494514916e-05, 9.60672059591e-06, 8.957657883e-06, 4.35332503912e-06, 2.91916148853e-06, 3.22548453369e-06, 2.35045422414e-06, 1.05463414002e-06, 7.47955652969e-07, 6.66062362598e-07, 6.68816596772e-07, 5.37977655313e-07, 4.84811550905e-07, 4.8278155873e-07, 3.97650666173e-07, 4.75794280419e-07, 5.05488230829e-07, 4.33384201415e-07],
        "median": [1.81543491635e-05, 0.000127548089949, 0.000464981334517, 0.000590985058807, 0.000323734711856, 0.00021582248155, 0.000195100030396, 0.000110130058601, 0.000101644931419, 7.50953768147e-05, 8.80567822605e-05, 8.50707874633e-05, 3.68997971236e-05, 4.48609680461e-05, 3.9871349145e-05, 2.443239282e-05, 1.96503151528e-05, 2.20928031922e-05, 1.64244847838e-05, 1.05943736344e-05, 1.40734537126e-05, 7.59923477744e-06, 5.51289076611e-06, 4.79783284391e-06, 3.41433997164e-06, 2.06945992431e-06, 1.62357935096e-06, 1.45038700339e-06, 9.42058477449e-07, 4.83932410589e-07, 3.70139247252e-07, 2.80366577954e-07, 2.23118405529e-07, 1.88243930666e-07, 1.73685990035e-07, 1.70968235125e-07, 1.30723137204e-07, 1.0531915251e-07, 8.66530243115e-08, 7.06556662067e-08],
        "min": [8.30290499457e-25, 4.51732865032e-25, 3.27741852664e-25, 7.26821284457e-25, 8.84358532862e-25, 8.51674250622e-25, 1.23143741242e-24, 1.48690005721e-24, 8.70332191537e-25, 7.47572369176e-25, 1.21794443968e-24, 1.33251504768e-24, 1.8756351313e-24, 2.16695298334e-24, 1.95592973297e-24, 1.95306616788e-24, 1.99021855829e-24, 2.66851193017e-24, 2.88923856411e-24, 2.26141059649e-24, 2.02442889195e-24, 2.9766506633e-24, 2.59280258252e-24, 3.58220119896e-24, 3.07404796661e-24, 3.85245350661e-24, 3.79367587499e-24, 3.59531127834e-24, 3.86276904623e-24, 3.44232156654e-24, 4.14431034786e-24, 3.5952071487e-24, 5.11859064227e-24, 4.8277723364e-24, 4.94722954328e-24, 4.48275573646e-24, 3.77735158185e-24, 4.91383153913e-24, 5.57643210103e-24, 5.04945723912e-24],
        "var": [1.80037869058e-08, 5.56155669074e-07, 2.79711230178e-06, 3.06729839394e-06, 1.08324297798e-06, 1.5592482896e-06, 8.77310583292e-07, 2.95172753795e-07, 5.03504566041e-07, 2.90254206448e-07, 2.55959889728e-07, 5.6809903981e-07, 1.10555610888e-07, 6.83156571313e-08, 4.11218969987e-08, 2.29372858485e-08, 1.89311126775e-08, 1.52859644942e-08, 6.32052499228e-09, 2.66139843497e-09, 5.68830715864e-09, 6.58160748124e-10, 4.46288422884e-10, 1.92202226357e-10, 2.20441609411e-10, 4.54908263836e-11, 1.52571150158e-11, 2.85045893139e-11, 1.96121591189e-11, 3.73600369391e-12, 2.55079529547e-12, 2.91052772161e-12, 1.17102100586e-11, 1.7245134357e-12, 1.02129210037e-12, 1.07927393151e-12, 9.95585124758e-13, 4.04340666851e-12, 1.4051551589e-11, 8.43353165081e-12]
    },
    "mfcc": {
        "mean": [-700.603210449, 129.088241577, -19.8713188171, 2.37682080269, -1.69236910343, -6.19376707077, -5.91642713547, -4.96735286713, -7.99684381485, -5.55474090576, -10.0723524094, -6.58515930176, -6.58465385437],
        "cov": [[25736.1054688, 6094.00244141, -781.863769531, 100.897727966, -208.587265015, -434.735717773, -257.130828857, -215.15461731, -452.776519775, -283.501434326, -502.86907959, -300.553833008, -323.671386719], [6094.00244141, 2546.42431641, -320.812255859, 165.425308228, -43.2248344421, -95.4168319702, -19.9069099426, -46.0830726624, -113.327522278, -88.6803894043, -149.548522949, -91.8302001953, -118.263061523], [-781.863769531, -320.812255859, 740.819213867, 84.7103271484, 156.092727661, 18.438835144, 1.26751315594, -10.5678920746, 25.236787796, -29.3420276642, 27.3369998932, -8.02402019501, 13.8270511627], [100.897727966, 165.425308228, 84.7103271484, 265.507171631, 67.2704620361, -0.49496820569, -33.3642425537, 1.14940977097, -8.78318214417, -15.2085790634, -17.2665882111, 3.89845108986, 0.800516724586], [-208.587265015, -43.2248344421, 156.092727661, 67.2704620361, 161.908706665, 27.7568836212, 0.533293545246, 1.99118614197, 11.8095884323, -2.11571002007, 4.35107326508, -1.15669584274, 8.40954017639], [-434.735717773, -95.4168319702, 18.438835144, -0.49496820569, 27.7568836212, 124.068405151, 60.6189613342, 18.1873378754, 18.7447357178, 9.08873748779, 13.7405424118, 2.29997467995, -8.08407688141], [-257.130828857, -19.9069099426, 1.26751315594, -33.3642425537, 0.533293545246, 60.6189613342, 137.420608521, 34.3854293823, 12.078871727, 8.48287963867, 2.5919470787, -4.50887489319, -3.65320467949], [-215.15461731, -46.0830726624, -10.5678920746, 1.14940977097, 1.99118614197, 18.1873378754, 34.3854293823, 84.3734741211, 28.5547332764, 4.11296701431, 0.645801723003, 8.94985485077, 7.15992021561], [-452.776519775, -113.327522278, 25.236787796, -8.78318214417, 11.8095884323, 18.7447357178, 12.078871727, 28.5547332764, 92.2911834717, 23.0713386536, 11.3175420761, 0.766353368759, 2.65250563622], [-283.501434326, -88.6803894043, -29.3420276642, -15.2085790634, -2.11571002007, 9.08873748779, 8.48287963867, 4.11296701431, 23.0713386536, 75.3872299194, 24.1358776093, -0.248664289713, -3.98843097687], [-502.86907959, -149.548522949, 27.3369998932, -17.2665882111, 4.35107326508, 13.7405424118, 2.5919470787, 0.645801723003, 11.3175420761, 24.1358776093, 80.9696350098, 27.6221046448, 5.79746627808], [-300.553833008, -91.8302001953, -8.02402019501, 3.89845108986, -1.15669584274, 2.29997467995, -4.50887489319, 8.94985485077, 0.766353368759, -0.248664289713, 27.6221046448, 76.1562347412, 30.7083015442], [-323.671386719, -118.263061523, 13.8270511627, 0.800516724586, 8.40954017639, -8.08407688141, -3.65320467949, 7.15992021561, 2.65250563622, -3.98843097687, 5.79746627808, 30.7083015442, 65.9082794189]],
