{
"lowlevel": {
    "average_loudness": 0.961727797985,
    "barkbands_crest": {
        "dmean": 2.63843536377,
        "dmean2": 4.32416820526,
        "dvar": 5.54410123825,
        "dvar2": 14.180642128,
        "max": 25.6539459229,
        "mean": 8.78281211853,
        "median": 7.87274837494,
        "min": 2.23727202415,
        "var": 15.3149147034
    },
    "barkbands_flatness_db": {
        "dmean": 0.0178181454539,
        "dmean2": 0.0281241741031,
        "dvar": 0.000242287220317,
        "dvar2": 0.000565231428482,
        "max": 0.296115428209,
        "mean": 0.137987539172,
        "median": 0.133387714624,
        "min": 0.0374345071614,
        "var": 0.00109574676026
    },
    "barkbands_kurtosis": {
        "dmean": 1.49842393398,
        "dmean2": 2.40204691887,
        "dvar": 10.5185880661,
        "dvar2": 26.8381843567,
        "max": 114.079574585,
        "mean": 1.27453565598,
        "median": 0.217214226723,
        "min": -1.92416250706,
        "var": 16.1321125031
    },
    "barkbands_skewness": {
        "dmean": 0.444764643908,
        "dmean2": 0.687581717968,
        "dvar": 0.213002562523,
        "dvar2": 0.478693455458,
        "max": 9.10649585724,
        "mean": 0.844660878181,
        "median": 0.740916132927,
        "min": -5.66035604477,
        "var": 0.95763862133
    },
    "barkbands_spread": {
        "dmean": 4.90325593948,
        "dmean2": 7.54963874817,
        "dvar": 26.8766136169,
        "dvar2": 57.0175056458,
        "max": 89.4153594971,
        "mean": 22.4080734253,
        "median": 20.7488136292,
        "min": 1.82633268833,
        "var": 102.133834839
    },
    "dissonance": {
        "dmean": 0.0160522218794,
        "dmean2": 0.0272427853197,
        "dvar": 0.000222571325139,
        "dvar2": 0.000619245751295,
        "max": 0.500000059605,
        "mean": 0.469956755638,
        "median": 0.473796963692,
        "min": 0.350068390369,
        "var": 0.000418515672209
    },
    "dynamic_complexity": 1.90952825546,
    "erbbands_crest": {
        "dmean": 2.92677235603,
        "dmean2": 4.7958445549,
        "dvar": 6.93844079971,
        "dvar2": 18.0949077606,
        "max": 29.4369125366,
        "mean": 9.50347709656,
        "median": 8.45781040192,
        "min": 2.14547157288,
        "var": 18.180847168
    },
    "erbbands_flatness_db": {
        "dmean": 0.0165797546506,
        "dmean2": 0.0239992551506,
        "dvar": 0.000200268346816,
        "dvar2": 0.000410571257817,
        "max": 0.348708420992,
        "mean": 0.202995762229,
        "median": 0.202813744545,
        "min": 0.0638114735484,
        "var": 0.00118630251382
    },
    "erbbands_kurtosis": {
        "dmean": 0.749484598637,
        "dmean2": 1.20962154865,
        "dvar": 1.11463212967,
        "dvar2": 2.61915516853,
        "max": 32.6702957153,
        "mean": 0.0970233604312,
        "median": -0.223737835884,
        "min": -1.84732866287,
        "var": 2.24879360199
    },
    "erbbands_skewness": {
        "dmean": 0.350037574768,
        "dmean2": 0.548949122429,
        "dvar": 0.100461155176,
        "dvar2": 0.236064434052,
        "max": 3.77461194992,
        "mean": 0.212272077799,
        "median": 0.20675522089,
        "min": -4.30953550339,
        "var": 0.409795880318
    },
    "erbbands_spread": {
        "dmean": 6.68001794815,
        "dmean2": 10.2728652954,
        "dvar": 42.7418556213,
        "dvar2": 97.535987854,
        "max": 121.306777954,
        "mean": 34.0521392822,
        "median": 31.1132926941,
        "min": 4.6396074295,
        "var": 254.47102356
    },
    "hfc": {
        "dmean": 6.6044921875,
        "dmean2": 9.73211479187,
        "dvar": 66.5509872437,
        "dvar2": 128.813812256,
        "max": 222.211624146,
        "mean": 29.2548484802,
        "median": 25.512588501,
        "min": 1.11422538765e-16,
        "var": 364.626190186
    },
    "melbands_crest": {
        "dmean": 3.39633536339,
        "dmean2": 5.57704973221,
        "dvar": 9.41288948059,
        "dvar2": 24.1729946136,
        "max": 33.4726104736,
        "mean": 11.8987455368,
        "median": 10.867231369,
        "min": 1.97197473049,
        "var": 26.3726501465
    },
    "melbands_flatness_db": {
        "dmean": 0.0205694884062,
        "dmean2": 0.0317732766271,
        "dvar": 0.000379112636438,
        "dvar2": 0.000843130750582,
        "max": 0.355319499969,
        "mean": 0.143948718905,
        "median": 0.140331089497,
        "min": 0.00509403925389,
        "var": 0.00197377428412
    },
    "melbands_kurtosis": {
        "dmean": 3.61931324005,
        "dmean2": 5.75583791733,
        "dvar": 54.2153396606,
        "dvar2": 128.892089844,
        "max": 211.470184326,
        "mean": 5.93854379654,
        "median": 2.76896548271,
        "min": -1.88451552391,
        "var": 115.630157471
    },
    "melbands_skewness": {
        "dmean": 0.55831193924,
        "dmean2": 0.867791056633,
        "dvar": 0.36489495635,
        "dvar2": 0.821871519089,
        "max": 12.6836299896,
        "mean": 1.69325661659,
        "median": 1.47403907776,
        "min": -2.58869123459,
        "var": 1.79768264294
    },
    "melbands_spread": {
        "dmean": 8.32391262054,
        "dmean2": 13.032875061,
        "dvar": 100.723426819,
        "dvar2": 224.14932251,
        "max": 203.417739868,
        "mean": 31.787399292,
        "median": 28.9789543152,
        "min": 1.93972980976,
        "var": 316.191650391
    },
    "pitch_salience": {
        "dmean": 0.0671477466822,
        "dmean2": 0.110629796982,
        "dvar": 0.00346178584732,
        "dvar2": 0.00886157806963,
        "max": 0.910558462143,
        "mean": 0.597008228302,
        "median": 0.605989813805,
        "min": 0.143035382032,
        "var": 0.0104358196259
    },
    "silence_rate_20dB": {
        "dmean": 0,
        "dmean2": 0,
        "dvar": 0,
        "dvar2": 0,
        "max": 1,
        "mean": 1,
        "median": 1,
        "min": 1,
        "var": 0
    },
    "silence_rate_30dB": {
        "dmean": 0,
        "dmean2": 0,
        "dvar": 0,
        "dvar2": 0,
        "max": 1,
        "mean": 1,
        "median": 1,
        "min": 1,
        "var": 0
    },
    "silence_rate_60dB": {
        "dmean": 0.0069127609022,
        "dmean2": 0.0138274338096,
        "dvar": 0.00686655333266,
        "dvar2": 0.0158481691033,
        "max": 1,
        "mean": 0.0223942492157,
        "median": 0,
        "min": 0,
        "var": 0.021894723177
    },
    "spectral_centroid": {
        "dmean": 266.71081543,
        "dmean2": 405.592132568,
        "dvar": 91880.4921875,
        "dvar2": 160378.4375,
        "max": 11580.0664062,
        "mean": 1726.73937988,
        "median": 1700.37744141,
        "min": 265.977630615,
        "var": 394162.0625
    },
    "spectral_complexity": {
        "dmean": 3.55868935585,
        "dmean2": 5.58849573135,
        "dvar": 9.49941539764,
        "dvar2": 21.4423484802,
        "max": 57,
        "mean": 24.2959632874,
        "median": 24,
        "min": 0,
        "var": 74.8134765625
    },
    "spectral_decrease": {
        "dmean": 1.52361057104e-09,
        "dmean2": 2.39205566466e-09,
        "dvar": 2.5232972946e-18,
        "dvar2": 6.10093016489e-18,
        "max": 6.56075317978e-29,
        "mean": -5.76788306006e-09,
        "median": -5.71487923651e-09,
        "min": -1.78398114059e-08,
        "var": 7.76172685516e-18
    },
    "spectral_energy": {
        "dmean": 0.00616220012307,
        "dmean2": 0.00964673049748,
        "dvar": 3.94520029658e-05,
        "dvar2": 9.50265093707e-05,
        "max": 0.0693981721997,
        "mean": 0.0244228690863,
        "median": 0.0243077818304,
        "min": 1.03850482188e-20,
        "var": 0.000132009663503
    },
    "spectral_energyband_high": {
        "dmean": 0.000481248192955,
        "dmean2": 0.000680616300087,
        "dvar": 1.08890253614e-06,
        "dvar2": 1.79540575118e-06,
        "max": 0.0356174856424,
        "mean": 0.00132504862268,
        "median": 0.000816944346298,
        "min": 7.12397912672e-21,
        "var": 3.78316144634e-06
    },
    "spectral_energyband_low": {
        "dmean": 0.00127750227693,
        "dmean2": 0.00201102532446,
        "dvar": 7.88962552178e-06,
        "dvar2": 1.75679288077e-05,
        "max": 0.0333138369024,
        "mean": 0.00177988735959,
        "median": 0.000641146441922,
        "min": 3.43696756757e-23,
        "var": 1.03764496089e-05
    },
    "spectral_energyband_middle_high": {
        "dmean": 0.0029583061114,
        "dmean2": 0.00465380772948,
        "dvar": 1.33072244353e-05,
        "dvar2": 3.42348648701e-05,
        "max": 0.0516187548637,
        "mean": 0.0101262927055,
        "median": 0.00746042653918,
        "min": 1.34056472635e-21,
        "var": 7.11084721843e-05
    },
    "spectral_energyband_middle_low": {
        "dmean": 0.00447357725352,
        "dmean2": 0.0071309953928,
        "dvar": 3.06525180349e-05,
        "dvar2": 8.00047200755e-05,
        "max": 0.0665744692087,
        "mean": 0.0118738198653,
        "median": 0.00983893778175,
        "min": 2.65672752365e-22,
        "var": 8.0551028077e-05
    },
    "spectral_entropy": {
        "dmean": 0.120513699949,
        "dmean2": 0.177923873067,
        "dvar": 0.0129873622209,
        "dvar2": 0.0254170801491,
        "max": 9.8162727356,
        "mean": 7.63149499893,
        "median": 7.63952350616,
        "min": 6.44936180115,
        "var": 0.063905313611
    },
    "spectral_flux": {
        "dmean": 0.0203181039542,
        "dmean2": 0.0327980779111,
        "dvar": 0.00036404147977,
        "dvar2": 0.000848971772939,
        "max": 0.226484000683,
        "mean": 0.0902924239635,
        "median": 0.0882821828127,
        "min": 1.0190705918e-10,
        "var": 0.00104786874726
    },
    "spectral_kurtosis": {
        "dmean": 1.39722168446,
        "dmean2": 2.44888114929,
        "dvar": 2.33629822731,
        "dvar2": 7.14411211014,
        "max": 27.0285205841,
        "mean": 3.01224589348,
        "median": 2.63212823868,
        "min": -1.19924628735,
        "var": 4.27668857574
    },
    "spectral_rms": {
        "dmean": 0.000615117605776,
        "dmean2": 0.000946916290559,
        "dvar": 3.39905739111e-07,
        "dvar2": 7.51506547658e-07,
        "max": 0.00822833739221,
        "mean": 0.00471262773499,
        "median": 0.00486979540437,
        "min": 3.18304172083e-12,
        "var": 1.61826858402e-06
    },
    "spectral_rolloff": {
        "dmean": 507.518066406,
        "dmean2": 828.194091797,
        "dvar": 542379.4375,
        "dvar2": 1065792.625,
        "max": 18863.0859375,
        "mean": 2136.91943359,
        "median": 2002.58789062,
        "min": 43.06640625,
        "var": 1625610
    },
    "spectral_skewness": {
        "dmean": 0.183276072145,
        "dmean2": 0.30755341053,
        "dvar": 0.0290487520397,
        "dvar2": 0.0791371390224,
        "max": 4.25408267975,
        "mean": 1.19772553444,
        "median": 1.19286370277,
        "min": -0.352308779955,
        "var": 0.0953769609332
    },
    "spectral_spread": {
        "dmean": 361890.125,
        "dmean2": 511419.84375,
        "dvar": 357910347776,
        "dvar2": 459279695872,
        "max": 40549136,
        "mean": 3898695.5,
        "median": 3722879,
        "min": 1405805.625,
        "var": 1.39776884736e+12
    },
    "spectral_strongpeak": {
        "dmean": 0.909737110138,
        "dmean2": 1.53393936157,
        "dvar": 1.28906881809,
        "dvar2": 3.29170322418,
        "max": 16.2650432587,
        "mean": 1.73367547989,
        "median": 1.22209727764,
        "min": 0,
        "var": 2.60633254051
    },
    "zerocrossingrate": {
        "dmean": 0.00930556189269,
        "dmean2": 0.0111714592203,
        "dvar": 0.0001753756369,
        "dvar2": 0.000199101254111,
        "max": 0.8505859375,
        "mean": 0.0762844607234,
        "median": 0.072265625,
        "min": 0.01416015625,
        "var": 0.00107866269536
    },
    "barkbands": {
        "dmean": [3.65811174561e-05, 0.000539754750207, 0.000675377319567, 0.000725114077795, 0.00193254533224, 0.00137615820859, 0.00121252587996, 0.000760613824241, 0.000957822194323, 0.0012489806395, 0.000704876729287, 0.000462026597233, 0.000731167732738, 0.000583950430155, 0.000846256385557, 0.000422106037149, 0.000418319628807, 0.000272859935649, 0.000264627044089, 0.000300600775518, 0.00015319956583, 9.60300167208e-05, 8.23315858725e-05, 8.07616233942e-05, 2.32177917496e-05, 6.94232866749e-08, 5.39389084508e-08],
        "dmean2": [6.45219697617e-05, 0.00092254235642, 0.0010931576835, 0.00121252832469, 0.00314637157135, 0.00222799298353, 0.00194861053023, 0.00117849733215, 0.00151903263759, 0.00201877811924, 0.00117547018453, 0.000754855282139, 0.00117950164713, 0.000942614045925, 0.00139867339749, 0.000682636746205, 0.000686919491272, 0.00044448961853, 0.000421817996539, 0.000446016114438, 0.000242240406806, 0.000139271956868, 0.000118072952318, 0.000117744712043, 3.38612699124e-05, 1.15485171648e-07, 9.29032850649e-08],
        "dvar": [2.35611929966e-09, 2.29246415984e-06, 2.45605838245e-06, 2.14490137296e-06, 1.14412241601e-05, 5.61838214708e-06, 7.04733474777e-06, 2.43389149546e-06, 3.22673986375e-06, 6.84706083121e-06, 3.48063122146e-06, 1.00365821254e-06, 1.78465018053e-06, 1.65268261298e-06, 3.24249936057e-06, 6.23772564268e-07, 6.16538102349e-07, 2.56325364489e-07, 2.13806643501e-07, 3.14818748848e-07, 1.21446660728e-07, 1.75642824729e-07, 7.79404700779e-08, 3.08210879041e-08, 3.73496700234e-09, 4.88833352594e-14, 6.38975431269e-14],
        "dvar2": [6.93696255993e-09, 6.00457497058e-06, 5.92295100432e-06, 5.37166579306e-06, 3.02160206047e-05, 1.41113468999e-05, 1.96309902094e-05, 5.53657037017e-06, 7.82576989877e-06, 1.84213477041e-05, 9.36725064093e-06, 2.46100694312e-06, 4.5835340643e-06, 4.0968079702e-06, 8.51418644743e-06, 1.41271902976e-06, 1.54510166794e-06, 6.28550765214e-07, 5.13301301908e-07, 6.07848392065e-07, 2.80545606302e-07, 3.45433591065e-07, 1.31816804583e-07, 5.92246074405e-08, 6.8285359589e-09, 1.23516024882e-13, 1.66746729814e-13],
        "max": [0.000923111743759, 0.0147932879627, 0.0200222767889, 0.0301980618387, 0.0619048513472, 0.0466959849, 0.0515914075077, 0.0412506833673, 0.0343352630734, 0.0444954559207, 0.0301448181272, 0.0233099143952, 0.0246257558465, 0.024008102715, 0.0315189175308, 0.0271458439529, 0.0168552100658, 0.0113263372332, 0.00877580605447, 0.0131157105789, 0.0115055171773, 0.0186128132045, 0.0115916961804, 0.00344770704396, 0.00241099041887, 6.79020877214e-06, 9.6842277344e-06],
        "mean": [5.13771374244e-05, 0.000497289525811, 0.000785682350397, 0.00112842372619, 0.00335162784904, 0.00232053478248, 0.0019651518669, 0.00119396171067, 0.00150634942111, 0.00212922645733, 0.00113974814303, 0.000742707925383, 0.00120446842629, 0.000912077899557, 0.00137063290458, 0.000723506265786, 0.00074442778714, 0.000517213658895, 0.00054448924493, 0.000666278589051, 0.000329577451339, 0.000188430916751, 0.000170924366103, 0.000192074265215, 4.6570556151e-05, 8.39871532321e-08, 4.77390322828e-08],
        "median": [3.94709422835e-05, 0.000117836243589, 0.000201213377295, 0.000379321689252, 0.00150500610471, 0.00105188926682, 0.000773989129812, 0.000447546684882, 0.000673287315294, 0.000564108137041, 0.000351302907802, 0.00030979613075, 0.000508078956045, 0.000361109676305, 0.00047471158905, 0.000415496208007, 0.000392643094528, 0.000295846140943, 0.000297831371427, 0.000370251189452, 0.000142601784319, 7.54682550905e-05, 7.82405622886e-05, 9.70027467702e-05, 1.8486945919e-05, 2.09105941451e-08, 1.35806221824e-09],
        "min": [1.48077522281e-23, 5.00790596309e-24, 1.92212570211e-23, 1.92578128355e-23, 2.46260270727e-23, 2.44928531524e-23, 5.63344000209e-23, 3.65813166433e-23, 4.20766258387e-23, 4.025078203e-23, 2.90089366844e-23, 5.08796540532e-23, 7.42402425267e-23, 1.2531906187e-22, 8.92422880403e-23, 9.98389871604e-23, 2.3379996976e-22, 1.6173049574e-22, 1.71008825272e-22, 2.83492905644e-22, 4.4127313938e-22, 5.66358761532e-22, 6.20446498316e-22, 7.6472352857e-22, 8.18509352509e-22, 1.69686126415e-21, 2.17778500125e-21],
        "var": [2.12600737015e-09, 1.80358358648e-06, 2.87973966806e-06, 4.4713879106e-06, 2.68963831331e-05, 1.27329567476e-05, 1.36146527439e-05, 5.21227957506e-06, 5.99371742283e-06, 1.52349311975e-05, 6.88902127877e-06, 1.88164472092e-06, 3.41321697306e-06, 2.88057640319e-06, 6.76458284943e-06, 1.11806252789e-06, 1.20091317513e-06, 5.00633120737e-07, 4.8241378181e-07, 8.73965461778e-07, 3.0781507121e-07, 3.82258633636e-07, 2.05000134201e-07, 8.97711629477e-08, 9.82204007016e-09, 6.09507290559e-14, 6.49085277714e-14]
    },
    "erbbands": {
        "dmean": [0.00554768741131, 0.159838929772, 0.764632284641, 1.4816724062, 4.08560276031, 7.67809343338, 10.8552436829, 11.3109893799, 16.0503082275, 17.6624393463, 15.4523658752, 21.6295413971, 24.9542140961, 39.8645820618, 27.0365600586, 20.1750450134, 34.5990905762, 22.5080394745, 47.0639305115, 26.8894577026, 21.4204864502, 17.3006153107, 13.4784612656, 15.2191905975, 11.3547019958, 14.7623901367, 9.67339515686, 3.85656785965, 3.42300128937, 2.74054145813, 2.36937665939, 1.93300414085, 1.27307283878, 0.477901250124, 0.032962013036, 0.00158799474593, 0.000159153467393, 4.456435272e-05, 1.28922956719e-05, 8.08843287814e-06],
        "dmean2": [0.00916190259159, 0.271184206009, 1.24183726311, 2.46784114838, 6.77974081039, 12.6448726654, 17.4888248444, 18.6362400055, 26.1335430145, 27.937286377, 23.7916107178, 34.4377555847, 40.0926895142, 63.7827987671, 44.6949882507, 33.1565895081, 55.9020462036, 36.1572723389, 77.5277709961, 43.9277229309, 34.643699646, 28.0681762695, 21.6149597168, 24.2638931274, 17.6531867981, 21.7546653748, 14.83634758, 5.99583387375, 5.00190019608, 4.05505943298, 3.43176722527, 2.85865402222, 1.84373092651, 0.675758242607, 0.047155957669, 0.00229075783864, 0.0002448677551, 7.22001204849e-05, 2.03922973014e-05, 1.24159032566e-05],
        "dvar": [0.000139746116474, 0.200385048985, 3.55814743042, 8.70225048065, 77.8557891846, 217.149719238, 443.538513184, 412.608520508, 1707.16235352, 1215.69226074, 1139.60229492, 1759.18054199, 2988.16967773, 7305.39160156, 4870.99169922, 1906.39868164, 4351.25439453, 2275.90649414, 11039.3183594, 2952.94287109, 1275.74414062, 912.899414062, 661.986755371, 793.546081543, 469.169372559, 794.701660156, 346.730529785, 169.131011963, 245.880187988, 122.677444458, 61.16355896, 22.0701122284, 7.19269990921, 1.48441052437, 0.0064234607853, 1.43752358781e-05, 2.07879395475e-07, 2.63988386706e-08, 1.95402649616e-09, 7.81952835816e-11],
        "dvar2": [0.000343804160366, 0.521765053272, 8.62165641785, 21.6194400787, 201.855743408, 577.647094727, 1111.99987793, 1046.40246582, 4995.45947266, 2892.4140625, 2662.29711914, 4310.75244141, 7630.76953125, 19101.1777344, 13164.2724609, 4896.44140625, 11205.2001953, 5838.42675781, 28781.3515625, 7256.14404297, 3019.30126953, 2242.56323242, 1670.5020752, 1868.15966797, 1187.71008301, 1518.79504395, 732.280517578, 380.495117188, 490.775543213, 234.351333618, 102.733139038, 42.6809768677, 13.8846340179, 2.72328257561, 0.0122294835746, 2.76466944342e-05, 4.97680730405e-07, 6.76352769347e-08, 4.93060881013e-09, 1.76289066678e-10],
        "max": [0.1640150249, 4.56536626816, 25.2561092377, 64.245300293, 160.286331177, 338.110015869, 513.98638916, 318.036621094, 911.522827148, 930.20111084, 856.079162598, 823.199523926, 941.834289551, 1675.73608398, 1418.84765625, 1108.5447998, 1245.80908203, 991.669067383, 2009.04541016, 1465.9486084, 690.538024902, 736.760192871, 659.324401855, 619.437316895, 463.206604004, 628.27545166, 687.611816406, 580.624633789, 750.931518555, 460.340209961, 296.266967773, 115.973098755, 51.7134513855, 48.0386619568, 3.18155932426, 0.152472302318, 0.0157889742404, 0.00570105714723, 0.00168442795984, 0.000212555023609],
        "mean": [0.00640348345041, 0.147894099355, 0.873016893864, 2.32012438774, 5.8710231781, 13.0460662842, 18.563129425, 18.5733566284, 26.5765895844, 28.3257598877, 26.4786319733, 35.4998054504, 43.9039039612, 69.1871871948, 47.7354888916, 35.8750114441, 59.0456886292, 42.3320465088, 82.732131958, 47.8413162231, 40.7721748352, 34.5200271606, 27.9554634094, 30.9626274109, 25.9303836823, 33.1979484558, 22.2688064575, 8.56025791168, 6.62484121323, 5.3974943161, 4.97268390656, 4.35799360275, 2.89616012573, 1.02262032032, 0.0662661120296, 0.00325919268653, 0.000280003034277, 6.42840823275e-05, 2.83996250801e-05, 3.29978829541e-05],
        "median": [0.00277541601099, 0.0329459756613, 0.225577563047, 0.900280416012, 2.78959488869, 5.29221057892, 7.29017448425, 8.59879970551, 10.1866436005, 13.3446016312, 11.2870254517, 16.3244132996, 17.9299659729, 21.4988174438, 19.2308387756, 17.8943214417, 26.4624633789, 21.5687885284, 28.1675338745, 25.9584350586, 25.4920043945, 20.6697216034, 17.1482372284, 17.582654953, 15.4174671173, 18.823551178, 10.2199249268, 4.29379463196, 2.82962465286, 2.20955610275, 2.21685314178, 2.16283273697, 1.40481710434, 0.436224609613, 0.025487113744, 0.00131936254911, 0.000111985122203, 2.21789450734e-05, 1.95742977667e-05, 3.25275032083e-05],
        "min": [1.89361137806e-22, 1.32510547599e-21, 1.54315826242e-20, 4.69782074692e-20, 5.77798259448e-20, 8.54529465426e-20, 1.3802401617e-19, 2.96086586077e-19, 7.35263165513e-19, 9.09746679371e-19, 9.80380872648e-19, 1.03283156811e-18, 9.97117528174e-19, 2.10222720763e-18, 3.97941662089e-18, 2.53836335548e-18, 3.31717789043e-18, 6.62450654131e-18, 4.56631904988e-18, 5.10953145328e-18, 5.96563319518e-18, 1.45855036876e-17, 9.19143244334e-18, 1.10340963718e-17, 7.08832656311e-18, 1.52467220908e-17, 1.36689610991e-17, 1.87717324188e-17, 2.06712683231e-17, 1.59459924565e-17, 1.43572580868e-17, 1.4854178568e-17, 1.30303760118e-17, 9.55490304912e-18, 5.58297944381e-18, 3.85753817508e-18, 3.30350190657e-18, 1.27441163056e-18, 3.19767629641e-19, 3.10629875274e-20],
        "var": [0.000145005789818, 0.159186288714, 3.7462105751, 17.4012737274, 87.4737854004, 540.246520996, 1038.12072754, 864.359985352, 3331.5534668, 2101.68286133, 2596.94726562, 3237.40454102, 6376.9921875, 16718.03125, 9418.40820312, 3380.60546875, 8146.13720703, 4508.90478516, 25479.5097656, 5770.18115234, 2619.14160156, 2004.33862305, 1293.95483398, 1566.39794922, 1154.82739258, 2181.55859375, 1101.12817383, 336.221374512, 500.538146973, 278.316345215, 164.546569824, 58.4351959229, 20.8615264893, 4.01146030426, 0.0171887446195, 3.82492398785e-05, 3.53946489895e-07, 3.33893765969e-08, 2.53815857221e-09, 2.84067325218e-10]
    },
    "gfcc": {
        "mean": [-0.107028819621, 102.130310059, -173.482086182, 44.6849975586, -83.3642425537, 11.6947336197, -45.8030395508, -4.37218809128, -16.6160163879, -18.5490264893, 3.45366191864, -23.5745105743, 6.54481983185],
        "cov": [[3207.56396484, -325.183258057, 0.612699627876, 6.20625305176, -260.161804199, 158.492935181, -53.8512306213, 67.540977478, -219.094345093, 60.6382255554, -96.8877258301, -63.5294952393, -21.8906803131], [-325.183258057, 886.506225586, 45.0077476501, -50.8519668579, 121.271842957, -190.283111572, 45.2706947327, -126.791633606, 78.8335342407, -141.451049805, 32.205493927, -56.7925186157, -10.4261350632], [0.612699627876, 45.0077476501, 654.708129883, 240.630477905, -137.202270508, -3.25657582283, -142.235107422, 14.7930603027, -49.778427124, -2.45694732666, -44.4432258606, -8.11367416382, -34.1739768982], [6.20625305176, -50.8519668579, 240.630477905, 276.149200439, 8.9042634964, -0.625335097313, -55.1650047302, -3.07159757614, 8.35878658295, -15.8247785568, -28.1308326721, 10.5729942322, -18.9923057556], [-260.161804199, 121.271842957, -137.202270508, 8.9042634964, 230.533004761, 36.655620575, 50.7315254211, -11.251704216, 47.3352661133, -28.4586524963, -10.6102647781, 2.26119375229, 4.02815103531], [158.492935181, -190.283111572, -3.25657582283, -0.625335097313, 36.655620575, 225.398468018, 59.4528770447, 40.0426216125, -28.7325553894, 46.1493110657, -42.6285591125, 9.83333301544, -8.26189613342], [-53.8512306213, 45.2706947327, -142.235107422, -55.1650047302, 50.7315254211, 59.4528770447, 182.164535522, -1.50321555138, 7.30420589447, -3.52909302711, 5.50273418427, -9.56298351288, -6.24923181534], [67.540977478, -126.791633606, 14.7930603027, -3.07159757614, -11.251704216, 40.0426216125, -1.50321555138, 116.291542053, 0.403886318207, 32.5416030884, -4.23897027969, -3.91234397888, 4.68208122253], [-219.094345093, 78.8335342407, -49.778427124, 8.35878658295, 47.3352661133, -28.7325553894, 7.30420589447, 0.403886318207, 116.179786682, 3.6983320713, 7.27111196518, 15.756893158, -6.92454004288], [60.6382255554, -141.451049805, -2.45694732666, -15.8247785568, -28.4586524963, 46.1493110657, -3.52909302711, 32.5416030884, 3.6983320713, 93.7467575073, 17.7183971405, -2.73476982117, -3.24357271194], [-96.8877258301, 32.205493927, -44.4432258606, -28.1308326721, -10.6102647781, -42.6285591125, 5.50273418427, -4.23897027969, 7.27111196518, 17.7183971405, 84.493598938, 15.4290876389, 0.710493028164], [-63.5294952393, -56.7925186157, -8.11367416382, 10.5729942322, 2.26119375229, 9.83333301544, -9.56298351288, -3.91234397888, 15.756893158, -2.73476982117, 15.4290876389, 85.4487838745, 23.937871933], [-21.8906803131, -10.4261350632, -34.1739768982, -18.9923057556, 4.02815103531, -8.26189613342, -6.24923181534, 4.68208122253, -6.92454004288, -3.24357271194, 0.710493028164, 23.937871933, 60.125869751]],
        "icov": [[0.000483247218654, -0.000386182044167, 0.000655670417473, -0.000554038095288, 0.00087639526464, -0.000438003917225, 0.00041054005851, -0.000416806084104, 0.00102071627043, -0.000502034847159, 0.000747638405301, -0.000166910380358, 0.000410947977798], [-0.000386182044167, 0.00389334163629, -0.00284546706825, 0.00281395670027, -0.00292958063073, 0.00191327242646, -0.00181201205123, 0.00279796170071, -0.0035088728182, 0.00436401925981, -0.00281415064819, 0.00319326529279, -0.00154771085363], [0.000655670417473, -0.00284546706825, 0.00567009486258, -0.00477781752124, 0.00433970941231, -0.00207534525543, 0.00301583833061, -0.00245063542388, 0.00378295243718, -0.00275968876667, 0.00299110030755, -0.00192455435172, 0.00240488420241], [-0.000554038095288, 0.00281395670027, -0.00477781752124, 0.00834951177239, -0.00413361936808, 0.00189944414888, -0.00122831319459, 0.00222155312076, -0.00352131458931, 0.00329731893726, -0.0013543049572, 0.000856017053593, -0.000107128063974], [0.00087639526464, -0.00292958063073, 0.00433970941231, -0.00413361936808, 0.00972976535559, -0.00412352057174, 0.00162375112996, -0.0018590495456, 0.000711986853275, -0.000312390096951, 0.00209649302997, -0.000684608705342, 0.000379947276087], [-0.000438003917225, 0.00191327242646, -0.00207534525543, 0.00189944414888, -0.00412352057174, 0.0101217636839, -0.00415447214618, -0.000248497817665, 0.0016292782966, -0.00375804398209, 0.00428814115003, -0.00273738079704, 0.00187142565846], [0.00041054005851, -0.00181201205123, 0.00301583833061, -0.00122831319459, 0.00162375112996, -0.00415447214618, 0.0089789358899, -0.00105200533289, 0.00119297776837, 0.000208057812415, -0.000417769013438, 0.000372353533749, 0.00150219944771], [-0.000416806084104, 0.00279796170071, -0.00245063542388, 0.00222155312076, -0.0018590495456, -0.000248497817665, -0.00105200533289, 0.0121434945613, -0.00372073589824, 0.000666308798827, -0.00221343175508, 0.00353237660602, -0.00309503194876], [0.00102071627043, -0.0035088728182, 0.00378295243718, -0.00352131458931, 0.000711986853275, 0.0016292782966, 0.00119297776837, -0.00372073589824, 0.015969350934, -0.00734031805769, 0.00531190447509, -0.00668198429048, 0.00543160084635], [-0.000502034847159, 0.00436401925981, -0.00275968876667, 0.00329731893726, -0.000312390096951, -0.00375804398209, 0.000208057812415, 0.000666308798827, -0.00734031805769, 0.0218201987445, -0.00969552155584, 0.00693713128567, -0.0027943062596], [0.000747638405301, -0.00281415064819, 0.00299110030755, -0.0013543049572, 0.00209649302997, 0.00428814115003, -0.000417769013438, -0.00221343175508, 0.00531190447509, -0.00969552155584, 0.0201883800328, -0.00777854444459, 0.00458122929558], [-0.000166910380358, 0.00319326529279, -0.00192455435172, 0.000856017053593, -0.000684608705342, -0.00273738079704, 0.000372353533749, 0.00353237660602, -0.00668198429048, 0.00693713128567, -0.00777854444459, 0.0192962884903, -0.00888297427446], [0.000410947977798, -0.00154771085363, 0.00240488420241, -0.000107128063974, 0.000379947276087, 0.00187142565846, 0.00150219944771, -0.00309503194876, 0.00543160084635, -0.0027943062596, 0.00458122929558, -0.00888297427446, 0.0224321298301]]
    },
    "melbands": {
        "dmean": [9.59403041634e-05, 0.000332786905346, 0.000320428138366, 0.000407445593737, 0.000367408443708, 0.000253913487541, 0.000242953770794, 0.000183387164725, 0.000134300295031, 0.000137876704684, 0.000130854532472, 0.000172453714185, 0.000100416749774, 5.14915227541e-05, 7.73625506554e-05, 6.07411238889e-05, 4.5734228479e-05, 7.98249238869e-05, 4.93950028613e-05, 3.34537508024e-05, 2.70782365988e-05, 2.03959170904e-05, 1.93259093066e-05, 1.2715378034e-05, 1.38892664836e-05, 9.84945927485e-06, 8.21590219857e-06, 1.11074168672e-05, 8.39836775413e-06, 3.15474835588e-06, 2.33503305935e-06, 2.15769750866e-06, 1.86640113498e-06, 1.52197924308e-06, 1.44132638979e-06, 1.4594543245e-06, 1.15672867196e-06, 9.94017113953e-07, 7.55786402351e-07, 3.24188249579e-07],
        "dmean2": [0.000162680458743, 0.000541395565961, 0.000524364062585, 0.000669597124215, 0.000593139324337, 0.000415856047766, 0.000392693851609, 0.000287887349259, 0.000206244832953, 0.000220094851102, 0.000210360230994, 0.000276458449662, 0.000166103200172, 8.32976802485e-05, 0.000125197038869, 9.81737612165e-05, 7.36434594728e-05, 0.000129990890855, 8.15040330053e-05, 5.41094268556e-05, 4.42661439592e-05, 3.31638075295e-05, 3.14717399306e-05, 2.05795186048e-05, 2.22853723244e-05, 1.57976901392e-05, 1.24498828882e-05, 1.6682110072e-05, 1.3071059584e-05, 5.00223086419e-06, 3.6857845771e-06, 3.2264517813e-06, 2.82390351458e-06, 2.2810986593e-06, 2.13697535401e-06, 2.19234652832e-06, 1.7418300331e-06, 1.47475395806e-06, 1.09913366941e-06, 4.70835914257e-07],
        "dvar": [6.41146513658e-08, 7.05490037944e-07, 3.81486529477e-07, 5.43866292446e-07, 4.59428349586e-07, 1.99370845166e-07, 3.33726177359e-07, 1.30749199911e-07, 7.95929437913e-08, 7.28063227484e-08, 8.14615432887e-08, 1.42972467643e-07, 7.06546856577e-08, 1.21050138802e-08, 2.081571715e-08, 1.29224408951e-08, 1.10997717684e-08, 3.15827897168e-08, 1.0505343262e-08, 4.54913173797e-09, 2.30608088181e-09, 1.66826419346e-09, 2.01221528329e-09, 5.90031912218e-10, 7.26448345922e-10, 3.43801875857e-10, 2.27975791023e-10, 4.65409905059e-10, 2.94818808255e-10, 5.10767574069e-11, 8.64455451666e-11, 9.11085165645e-11, 7.62568966306e-11, 3.25885811392e-11, 2.46751022392e-11, 1.73733197967e-11, 6.62664974976e-12, 4.15778739563e-12, 3.10763177344e-12, 7.31634913244e-13],
        "dvar2": [1.66089122899e-07, 1.70573150626e-06, 9.53741846388e-07, 1.42510771184e-06, 1.18156287954e-06, 5.06487367602e-07, 9.58520331551e-07, 3.05237733755e-07, 1.85673997066e-07, 1.79654477961e-07, 2.08451979233e-07, 3.77062235657e-07, 1.88772190768e-07, 2.87171850744e-08, 5.3898084218e-08, 3.31197291814e-08, 2.82976824195e-08, 8.01776138815e-08, 2.70247664247e-08, 1.0492913205e-08, 5.72918512631e-09, 4.05808542325e-09, 5.26131582745e-09, 1.34399591456e-09, 1.72481029459e-09, 8.61225257776e-10, 4.86510942643e-10, 9.21924869779e-10, 6.21932449985e-10, 1.25240803839e-10, 2.00918906512e-10, 1.85035028966e-10, 1.70921027332e-10, 5.94445256907e-11, 4.16532711101e-11, 3.5177857155e-11, 1.32799916897e-11, 8.19044398276e-12, 6.15406120161e-12, 1.3859903893e-12],
        "max": [0.00252243410796, 0.0104785058647, 0.0100558204576, 0.0168351959437, 0.0144789367914, 0.00682379864156, 0.0122610386461, 0.0109481308609, 0.00727833760902, 0.0048232479021, 0.00466479314491, 0.00740881124511, 0.00421878322959, 0.00265320204198, 0.00328528229147, 0.00247675739229, 0.00205857399851, 0.00363052473404, 0.00160625111312, 0.00246933847666, 0.00119793368503, 0.00109687505756, 0.000956689240411, 0.000848633877467, 0.000618822698016, 0.0003466141643, 0.000283994944766, 0.000475767679745, 0.000713025452569, 0.000200574431801, 0.000401723053074, 0.000395275244955, 0.000431365449913, 0.000235914892983, 0.0002162836754, 0.000124349389807, 5.78435610805e-05, 4.11990986322e-05, 5.67386850889e-05, 3.53303366865e-05],
        "mean": [9.85167134786e-05, 0.000365066574886, 0.000507208227646, 0.000661069818307, 0.000668072840199, 0.000423364690505, 0.000403336511226, 0.000292745622573, 0.000222673916142, 0.000218370783841, 0.000221928989049, 0.00029109235038, 0.0001681506983, 8.63002278493e-05, 0.000128132363898, 0.000100541270513, 7.51165789552e-05, 0.000134911941132, 7.9001620179e-05, 5.62367022212e-05, 4.73305699416e-05, 3.7161345972e-05, 3.26500994561e-05, 2.35445095313e-05, 2.52267673204e-05, 1.98674133571e-05, 1.74358265213e-05, 2.30449568335e-05, 1.73953230842e-05, 6.43513703835e-06, 4.42834334535e-06, 3.89352680941e-06, 3.24177995026e-06, 2.85049895865e-06, 2.80501944872e-06, 2.90417119686e-06, 2.52751374319e-06, 2.16685248233e-06, 1.5112635765e-06, 6.34822072243e-07],
        "median": [3.21181796608e-05, 8.97950812941e-05, 0.000211822043639, 0.00030870892806, 0.00028487117379, 0.000197325571207, 0.000157704533194, 0.000136587637826, 9.24814376049e-05, 9.48003871599e-05, 8.1465637777e-05, 7.68927566241e-05, 5.72767567064e-05, 3.74390147044e-05, 5.48513271497e-05, 4.65208722744e-05, 3.05112007482e-05, 4.11811706726e-05, 3.16463811032e-05, 2.86058675556e-05, 2.60404631263e-05, 2.01815637411e-05, 1.55455836648e-05, 1.33213716254e-05, 1.299725227e-05, 1.00230799944e-05, 9.58238342719e-06, 1.22292140077e-05, 7.09538926458e-06, 2.87558896161e-06, 1.98907218874e-06, 1.5659577457e-06, 1.22289850424e-06, 1.15387729238e-06, 1.16459216315e-06, 1.39012843192e-06, 1.25117719563e-06, 1.03306319943e-06, 6.78620381223e-07, 2.45092138584e-07],
        "min": [1.89738737911e-24, 6.04671389626e-24, 1.07213525537e-23, 3.98512255592e-24, 5.11590535975e-24, 5.5452038588e-24, 1.26073982824e-23, 8.79896558089e-24, 7.48163255576e-24, 6.42809067304e-24, 4.49042701433e-24, 8.25740625857e-24, 8.99487129809e-24, 6.47397476759e-24, 8.81094837804e-24, 5.90236063364e-24, 1.35410104306e-23, 7.46512327474e-24, 7.17832500404e-24, 7.05489903794e-24, 6.23383525285e-24, 1.54219309299e-23, 8.50788616205e-24, 4.58517670323e-24, 1.01149236215e-23, 4.12444051938e-24, 7.81131724958e-24, 9.87654721084e-24, 5.97781715138e-24, 9.70623371912e-24, 1.16584278013e-23, 1.09762879436e-23, 9.07688048894e-24, 8.96136600886e-24, 7.23852455744e-24, 8.74002110519e-24, 9.03656654124e-24, 9.68113532056e-24, 7.75630524549e-24, 7.75123286987e-24],
        "var": [5.36813367091e-08, 7.02826866927e-07, 6.88181671649e-07, 1.03870581825e-06, 1.20867548503e-06, 4.35714127889e-07, 6.76032811953e-07, 2.30783896882e-07, 1.78567717057e-07, 1.31316284069e-07, 1.72767073536e-07, 3.25141513713e-07, 1.40945701332e-07, 2.55317349485e-08, 3.92972623331e-08, 2.24794458603e-08, 2.04939230031e-08, 7.06511187332e-08, 1.90930151689e-08, 8.53267589918e-09, 4.37927338837e-09, 3.3795026777e-09, 3.6184659713e-09, 1.153722895e-09, 1.27811483619e-09, 8.34121660631e-10, 5.58187496225e-10, 1.19651921704e-09, 8.42070524421e-10, 1.18381970893e-10, 1.43614634074e-10, 1.84173953865e-10, 1.27363730673e-10, 7.58762427888e-11, 6.38209970982e-11, 3.77295035492e-11, 1.78627477393e-11, 1.19415814043e-11, 7.79141248047e-12, 1.83680978413e-12]
    },
    "mfcc": {
        "mean": [-609.93371582, 100.384613037, -20.904335022, 11.790977478, -3.9206571579, -5.75399589539, -5.1853761673, -5.26920795441, -9.64144611359, 2.83466291428, -12.4242544174, -1.11878752708, -6.17463684082],
        "cov": [[2443.72949219, -339.006774902, 63.4438934326, -158.066238403, -135.619750977, 1.45915257931, 143.943145752, -59.5687255859, 39.905002594, 8.69637012482, -29.4952049255, -67.2649688721, -42.8007774353], [-339.006774902, 835.078552246, -114.824928284, 63.7998428345, 3.16626811028, -34.0090408325, -56.4453086853, 12.8028621674, -34.0836296082, -35.9953765869, -39.3935203552, 26.3432350159, 7.22901105881], [63.4438934326, -114.824928284, 723.263977051, 160.053405762, 52.5743331909, -31.5293617249, -47.322303772, -43.6943092346, -46.9525032043, -20.8638381958, -10.8856220245, -21.2662124634, -9.11609458923], [-158.066238403, 63.7998428345, 160.053405762, 255.848556519, 74.5559921265, -11.4549837112, -64.0986099243, 14.359585762, -34.3236465454, -10.3655443192, -20.2096328735, 1.83136630058, -7.70711326599], [-135.619750977, 3.16626811028, 52.5743331909, 74.5559921265, 187.895904541, 14.5616540909, -37.1227912903, 14.2233171463, 13.0563011169, -1.03555524349, -5.58306407928, -14.9791965485, 11.9791936874], [1.45915257931, -34.0090408325, -31.5293617249, -11.4549837112, 14.5616540909, 179.940612793, 35.3689193726, 39.5256195068, 46.9516983032, -19.1280536652, 25.3129062653, -3.3357155323, -9.79393482208], [143.943145752, -56.4453086853, -47.322303772, -64.0986099243, -37.1227912903, 35.3689193726, 162.240783691, 11.084821701, 19.6527862549, 24.5610046387, 6.71904373169, -6.46279478073, -17.2005214691], [-59.5687255859, 12.8028621674, -43.6943092346, 14.359585762, 14.2233171463, 39.5256195068, 11.084821701, 100.753959656, 33.8982086182, -12.2496328354, 5.90821790695, 3.87146162987, 2.95657896996], [39.905002594, -34.0836296082, -46.9525032043, -34.3236465454, 13.0563011169, 46.9516983032, 19.6527862549, 33.8982086182, 113.46231842, 4.15185832977, 15.2930545807, -9.2843132019, -2.17266750336], [8.69637012482, -35.9953765869, -20.8638381958, -10.3655443192, -1.03555524349, -19.1280536652, 24.5610046387, -12.2496328354, 4.15185832977, 115.852539062, 16.6636981964, -11.273106575, -6.42155838013], [-29.4952049255, -39.3935203552, -10.8856220245, -20.2096328735, -5.58306407928, 25.3129062653, 6.71904373169, 5.90821790695, 15.2930545807, 16.6636981964, 85.6845932007, 22.705083847, -4.29188919067], [-67.2649688721, 26.3432350159, -21.2662124634, 1.83136630058, -14.9791965485, -3.3357155323, -6.46279478073, 3.87146162987, -9.2843132019, -11.273106575, 22.705083847, 87.7409439087, 21.5151748657], [-42.8007774353, 7.22901105881, -9.11609458923, -7.70711326599, 11.9791936874, -9.79393482208, -17.2005214691, 2.95657896996, -2.17266750336, -6.42155838013, -4.29188919067, 21.5151748657, 68.6607208252]],
