{
"lowlevel": {
    "average_loudness": 0.964767634869,
    "barkbands_crest": {
        "dmean": 2.44577002525,
        "dmean2": 3.96620893478,
        "dvar": 4.89671754837,
        "dvar2": 11.763874054,
        "max": 25.6270065308,
        "mean": 9.70315742493,
        "median": 8.76566505432,
        "min": 2.09770178795,
        "var": 16.8858299255
    },
    "barkbands_flatness_db": {
        "dmean": 0.0183012839407,
        "dmean2": 0.0298046059906,
        "dvar": 0.000252353289397,
        "dvar2": 0.000644377723802,
        "max": 0.385144919157,
        "mean": 0.199827432632,
        "median": 0.195384740829,
        "min": 0.0338988080621,
        "var": 0.00138056371361
    },
    "barkbands_kurtosis": {
        "dmean": 1.6577848196,
        "dmean2": 2.66264629364,
        "dvar": 9.62286376953,
        "dvar2": 22.130645752,
        "max": 120.066017151,
        "mean": 2.24599051476,
        "median": 0.57379090786,
        "min": -1.71447098255,
        "var": 31.0255680084
    },
    "barkbands_skewness": {
        "dmean": 0.409477978945,
        "dmean2": 0.642031371593,
        "dvar": 0.176345065236,
        "dvar2": 0.416723251343,
        "max": 9.45006752014,
        "mean": 0.972196340561,
        "median": 0.781793951988,
        "min": -2.03317117691,
        "var": 1.11529505253
    },
    "barkbands_spread": {
        "dmean": 3.37545871735,
        "dmean2": 5.27837228775,
        "dvar": 11.4056558609,
        "dvar2": 27.0467739105,
        "max": 93.0848846436,
        "mean": 16.0419692993,
        "median": 15.320810318,
        "min": 0.855757236481,
        "var": 58.6633071899
    },
    "dissonance": {
        "dmean": 0.0240404885262,
        "dmean2": 0.0408392548561,
        "dvar": 0.000440950883785,
        "dvar2": 0.001249969122,
        "max": 0.499999910593,
        "mean": 0.452020466328,
        "median": 0.457152485847,
        "min": 0.322181403637,
        "var": 0.000870012037922
    },
    "dynamic_complexity": 1.98751842976,
    "erbbands_crest": {
        "dmean": 2.94002103806,
        "dmean2": 4.78227806091,
        "dvar": 6.90619277954,
        "dvar2": 17.4070281982,
        "max": 30.458650589,
        "mean": 10.6677188873,
        "median": 9.72964286804,
        "min": 2.9049706459,
        "var": 20.6562290192
    },
    "erbbands_flatness_db": {
        "dmean": 0.014629391022,
        "dmean2": 0.0224355179816,
        "dvar": 0.000173370339326,
        "dvar2": 0.000376640498871,
        "max": 0.361534953117,
        "mean": 0.246936231852,
        "median": 0.246799185872,
        "min": 0.0360085889697,
        "var": 0.000935814925469
    },
    "erbbands_kurtosis": {
        "dmean": 0.855777084827,
        "dmean2": 1.38161420822,
        "dvar": 1.07750451565,
        "dvar2": 2.57461166382,
        "max": 19.7662696838,
        "mean": 0.543543219566,
        "median": 0.0508267879486,
        "min": -1.78255319595,
        "var": 2.95947170258
    },
    "erbbands_skewness": {
        "dmean": 0.340230464935,
        "dmean2": 0.531019747257,
        "dvar": 0.086318552494,
        "dvar2": 0.210421383381,
        "max": 4.29527950287,
        "mean": 0.340840101242,
        "median": 0.304712414742,
        "min": -2.05517315865,
        "var": 0.436617165804
    },
    "erbbands_spread": {
        "dmean": 5.01624488831,
        "dmean2": 7.90668392181,
        "dvar": 24.068239212,
        "dvar2": 56.3296699524,
        "max": 83.2770614624,
        "mean": 24.9502277374,
        "median": 23.6284866333,
        "min": 4.46085548401,
        "var": 108.711448669
    },
    "hfc": {
        "dmean": 5.22893619537,
        "dmean2": 7.51993608475,
        "dvar": 35.6855545044,
        "dvar2": 68.5272521973,
        "max": 87.9939727783,
        "mean": 22.1526107788,
        "median": 18.3405284882,
        "min": 1.11613041769e-16,
        "var": 213.567184448
    },
    "melbands_crest": {
        "dmean": 2.92707276344,
        "dmean2": 4.76119279861,
        "dvar": 7.24132823944,
        "dvar2": 17.9939231873,
        "max": 31.5952739716,
        "mean": 12.0418748856,
        "median": 10.9786148071,
        "min": 2.27890586853,
        "var": 22.6028347015
    },
    "melbands_flatness_db": {
        "dmean": 0.0183311309665,
        "dmean2": 0.0280930195004,
        "dvar": 0.000325685599819,
        "dvar2": 0.000740592717193,
        "max": 0.436041027308,
        "mean": 0.220380648971,
        "median": 0.212476745248,
        "min": 0.0105350613594,
        "var": 0.00273107062094
    },
    "melbands_kurtosis": {
        "dmean": 3.03420734406,
        "dmean2": 4.87151622772,
        "dvar": 30.9582042694,
        "dvar2": 75.4899291992,
        "max": 141.479660034,
        "mean": 5.50083112717,
        "median": 2.32295322418,
        "min": -1.66648471355,
        "var": 90.2816162109
    },
    "melbands_skewness": {
        "dmean": 0.513346910477,
        "dmean2": 0.803191840649,
        "dvar": 0.309826105833,
        "dvar2": 0.73277848959,
        "max": 9.18559551239,
        "mean": 1.56464838982,
        "median": 1.34773683548,
        "min": -1.6047334671,
        "var": 1.56424796581
    },
    "melbands_spread": {
        "dmean": 5.04969882965,
        "dmean2": 7.92192173004,
        "dvar": 27.797662735,
        "dvar2": 63.9279098511,
        "max": 177.822494507,
        "mean": 22.9251384735,
        "median": 21.6399536133,
        "min": 1.01118707657,
        "var": 150.282089233
    },
    "pitch_salience": {
        "dmean": 0.0628347247839,
        "dmean2": 0.102298758924,
        "dvar": 0.00296035292558,
        "dvar2": 0.00756323058158,
        "max": 0.922479987144,
        "mean": 0.545361280441,
        "median": 0.548929691315,
        "min": 0.151518031955,
        "var": 0.0100509310141
    },
    "silence_rate_20dB": {
        "dmean": 0,
        "dmean2": 0,
        "dvar": 0,
        "dvar2": 0,
        "max": 1,
        "mean": 1,
        "median": 1,
        "min": 1,
        "var": 0
    },
    "silence_rate_30dB": {
        "dmean": 0,
        "dmean2": 0,
        "dvar": 0,
        "dvar2": 0,
        "max": 1,
        "mean": 1,
        "median": 1,
        "min": 1,
        "var": 0
    },
    "silence_rate_60dB": {
        "dmean": 0.000621214450803,
        "dmean2": 0.00124262191821,
        "dvar": 0.000620889128186,
        "dvar2": 0.00155165034812,
        "max": 1,
        "mean": 0.00574534153566,
        "median": 0,
        "min": 0,
        "var": 0.00571364816278
    },
    "spectral_centroid": {
        "dmean": 173.958587646,
        "dmean2": 270.098327637,
        "dvar": 35495.796875,
        "dvar2": 70263.875,
        "max": 11022.7998047,
        "mean": 1246.56323242,
        "median": 1232.52685547,
        "min": 277.316223145,
        "var": 272715.9375
    },
    "spectral_complexity": {
        "dmean": 2.75694990158,
        "dmean2": 4.43988800049,
        "dvar": 6.01458215714,
        "dvar2": 13.5477552414,
        "max": 45,
        "mean": 19.6023292542,
        "median": 19,
        "min": 0,
        "var": 33.9404945374
    },
    "spectral_decrease": {
        "dmean": 1.82439297003e-09,
        "dmean2": 2.72627409537e-09,
        "dvar": 5.00332808007e-18,
        "dvar2": 1.07341309032e-17,
        "max": -1.07460398406e-29,
        "mean": -6.95908664028e-09,
        "median": -6.4444680703e-09,
        "min": -2.89649459972e-08,
        "var": 1.53714625815e-17
    },
    "spectral_energy": {
        "dmean": 0.00726931169629,
        "dmean2": 0.0108270635828,
        "dvar": 7.57279849495e-05,
        "dvar2": 0.000160406154464,
        "max": 0.112719744444,
        "mean": 0.0282745249569,
        "median": 0.0264421515167,
        "min": 1.01641821095e-20,
        "var": 0.000246013863944
    },
    "spectral_energyband_high": {
        "dmean": 8.76824124134e-05,
        "dmean2": 0.000132232453325,
        "dvar": 2.95863245015e-08,
        "dvar2": 6.25479188443e-08,
        "max": 0.00473231635988,
        "mean": 0.000240188906901,
        "median": 0.000135507681989,
        "min": 7.48653222764e-21,
        "var": 1.21069021475e-07
    },
    "spectral_energyband_low": {
        "dmean": 0.00235668732785,
        "dmean2": 0.00386218237691,
        "dvar": 4.78856018162e-05,
        "dvar2": 0.000117038238386,
        "max": 0.0871467366815,
        "mean": 0.00409255223349,
        "median": 0.00227050716057,
        "min": 1.45027423146e-23,
        "var": 5.09793426318e-05
    },
    "spectral_energyband_middle_high": {
        "dmean": 0.0032527053263,
        "dmean2": 0.00483127823099,
        "dvar": 1.99581991183e-05,
        "dvar2": 4.21674012614e-05,
        "max": 0.061914101243,
        "mean": 0.0104574523866,
        "median": 0.00653859693557,
        "min": 1.66996769585e-21,
        "var": 9.84909711406e-05
    },
    "spectral_energyband_middle_low": {
        "dmean": 0.00480087520555,
        "dmean2": 0.0073153837584,
        "dvar": 3.40628575941e-05,
        "dvar2": 7.30953397579e-05,
        "max": 0.101841412485,
        "mean": 0.014638309367,
        "median": 0.0108427219093,
        "min": 2.91552211574e-22,
        "var": 0.000142827004311
    },
    "spectral_entropy": {
        "dmean": 0.113615043461,
        "dmean2": 0.171788215637,
        "dvar": 0.0103776128963,
        "dvar2": 0.0222306083888,
        "max": 9.81005191803,
        "mean": 7.17284297943,
        "median": 7.19967842102,
        "min": 5.66795492172,
        "var": 0.0934433266521
    },
    "spectral_flux": {
        "dmean": 0.0225050132722,
        "dmean2": 0.0360281132162,
        "dvar": 0.00059428322129,
        "dvar2": 0.00135204312392,
        "max": 0.279917091131,
        "mean": 0.0851855352521,
        "median": 0.0755641907454,
        "min": 1.0081756957e-10,
        "var": 0.00162382982671
    },
    "spectral_kurtosis": {
        "dmean": 3.35103297234,
        "dmean2": 5.92462730408,
        "dvar": 8.30237007141,
        "dvar2": 25.4748535156,
        "max": 26.1638145447,
        "mean": 5.46171331406,
        "median": 4.60034179688,
        "min": -1.14763820171,
        "var": 14.6852197647
    },
    "spectral_rms": {
        "dmean": 0.000661630707327,
        "dmean2": 0.000976514304057,
        "dvar": 4.8098672778e-07,
        "dvar2": 9.56874941949e-07,
        "max": 0.0104866810143,
        "mean": 0.00504418788478,
        "median": 0.00507909664884,
        "min": 3.1490116504e-12,
        "var": 2.14108536056e-06
    },
    "spectral_rolloff": {
        "dmean": 250.407470703,
        "dmean2": 419.636138916,
        "dvar": 147164.25,
        "dvar2": 298729.03125,
        "max": 18604.6875,
        "mean": 1322.94677734,
        "median": 1335.05859375,
        "min": 129.19921875,
        "var": 610311.3125
    },
    "spectral_skewness": {
        "dmean": 0.326170325279,
        "dmean2": 0.566738724709,
        "dvar": 0.0712198093534,
        "dvar2": 0.210862323642,
        "max": 3.52632927895,
        "mean": 1.40576970577,
        "median": 1.33899116516,
        "min": 0.00863810162991,
        "var": 0.215048268437
    },
    "spectral_spread": {
        "dmean": 210557.421875,
        "dmean2": 329172.21875,
        "dvar": 201468674048,
        "dvar2": 329042362368,
        "max": 39709752,
        "mean": 2630122.75,
        "median": 2554826.25,
        "min": 1672428.5,
        "var": 450034302976
    },
    "spectral_strongpeak": {
        "dmean": 0.868521749973,
        "dmean2": 1.43691718578,
        "dvar": 1.16700708866,
        "dvar2": 2.80949306488,
        "max": 13.513168335,
        "mean": 1.88360178471,
        "median": 1.31563997269,
        "min": 0,
        "var": 3.08228945732
    },
    "zerocrossingrate": {
        "dmean": 0.00499974517152,
        "dmean2": 0.0063228555955,
        "dvar": 4.51319538115e-05,
        "dvar2": 5.31767109351e-05,
        "max": 0.58642578125,
        "mean": 0.0483332462609,
        "median": 0.04833984375,
        "min": 0.01025390625,
        "var": 0.000503013900016
    },
    "barkbands": {
        "dmean": [1.92068764591e-05, 0.00116766616702, 0.00117937929463, 0.0010443412466, 0.00216717203148, 0.000967614876572, 0.00109147466719, 0.00105238496326, 0.00096932350425, 0.00147867610212, 0.000974742812105, 0.000862812274136, 0.000964484293945, 0.000643807463348, 0.000300152081763, 0.000293110206258, 0.000223433293286, 0.000181685420102, 0.000187537036254, 0.000120068296383, 2.67956966127e-05, 1.47651853695e-05, 7.51820289224e-06, 3.25891824104e-06, 4.92806577768e-07, 1.04953590263e-09, 1.03322750356e-09],
        "dmean2": [3.28905734932e-05, 0.00193430611398, 0.00207851408049, 0.00172707973979, 0.00343904457986, 0.00150843418669, 0.00166446249932, 0.00160356727429, 0.00145129614975, 0.00222853058949, 0.00153273670003, 0.00137509219348, 0.00151805195492, 0.00102549826261, 0.000485791446408, 0.000480303657241, 0.000365063722711, 0.000286589405732, 0.000292941113003, 0.000184185555554, 4.24964491685e-05, 2.27711479965e-05, 1.13094065455e-05, 4.79743539472e-06, 7.70493727487e-07, 1.93951854577e-09, 1.90275750711e-09],
        "dvar": [1.52576273837e-09, 1.54039953486e-05, 1.51134245243e-05, 5.87689282838e-06, 1.54668541654e-05, 3.04302989207e-06, 6.45267800792e-06, 5.46311594007e-06, 5.69080566493e-06, 8.73547105584e-06, 4.91637365485e-06, 3.58799638889e-06, 4.93052493766e-06, 2.1906892016e-06, 6.15373039636e-07, 4.56766201751e-07, 2.02832566742e-07, 1.14113142047e-07, 1.12935808261e-07, 5.03092323356e-08, 3.39469297117e-09, 8.14776968117e-10, 1.26424051783e-10, 2.89158870459e-11, 1.02529627583e-12, 1.99324570698e-17, 2.10969975049e-18],
        "dvar2": [3.89977605764e-09, 3.92390575144e-05, 4.10461943829e-05, 1.49992156366e-05, 3.44767213392e-05, 6.8828876465e-06, 1.37799033837e-05, 1.19835112855e-05, 1.15529628602e-05, 1.88679296116e-05, 1.1751693819e-05, 8.15470684756e-06, 1.13706146294e-05, 5.09114624947e-06, 1.55719806116e-06, 1.14230715553e-06, 5.05751813762e-07, 2.7454626661e-07, 2.52120258892e-07, 1.11614788523e-07, 8.47191738984e-09, 1.93497884382e-09, 2.87489643203e-10, 6.11919473426e-11, 2.37717939951e-12, 5.9835016199e-17, 6.55063062722e-18],
        "max": [0.00069679581793, 0.0605787932873, 0.0740295648575, 0.0410107634962, 0.0934198275208, 0.0601150467992, 0.0578327476978, 0.0691078603268, 0.050035212189, 0.0505276098847, 0.0391630381346, 0.0336974188685, 0.0395223721862, 0.0300836153328, 0.0230327323079, 0.0196606628597, 0.00994204264134, 0.00959941651672, 0.00572019023821, 0.00616146344692, 0.00163741654251, 0.000772345636506, 0.000243827307713, 0.000105736035039, 2.06345703191e-05, 2.44738032507e-07, 3.61153951189e-08],
        "mean": [2.01216134883e-05, 0.00173838133924, 0.00165089126676, 0.00169605424162, 0.00498089659959, 0.00189469230827, 0.00197929120623, 0.00175881991163, 0.00149033265188, 0.00255281641148, 0.00160077575129, 0.00147969974205, 0.00178099842742, 0.00104414322414, 0.000518907967489, 0.000493386993185, 0.00042508423212, 0.000366417487385, 0.000404756050557, 0.000280262640445, 5.71612472413e-05, 3.49268993887e-05, 1.81283830898e-05, 6.8373196882e-06, 7.16289946467e-07, 8.88487727835e-10, 8.86434536884e-10],
        "median": [7.53975928092e-06, 0.000799693865702, 0.000547997187823, 0.000767026562244, 0.00213141459972, 0.00095028989017, 0.000663716054987, 0.000579461455345, 0.000429110921687, 0.000755788525566, 0.000472666317364, 0.000392368121538, 0.000362827966455, 0.000302855361952, 0.00017386743275, 0.000231282800087, 0.000193191488506, 0.000171254971065, 0.00017991909408, 0.000110797831439, 2.9470960726e-05, 2.10311372939e-05, 1.09917373265e-05, 3.72054000763e-06, 1.73858964558e-07, 3.73851116731e-10, 3.76386866119e-10],
        "min": [4.80502277118e-24, 8.07571187057e-24, 1.74073676106e-24, 3.0744481163e-24, 5.27959360315e-23, 6.07321922824e-23, 1.07223591402e-23, 3.36266034129e-23, 9.46693670783e-23, 7.43030043003e-23, 6.35685574444e-23, 1.6319262734e-22, 8.09067103992e-23, 6.058664429e-23, 8.56132375754e-23, 1.96053606534e-22, 5.80438174263e-23, 3.10681949686e-22, 4.71013321725e-22, 2.27026696432e-22, 3.83294084279e-22, 6.67824449298e-22, 5.19301403621e-22, 8.34438082394e-22, 9.11271216053e-22, 1.7933671499e-21, 2.43772893212e-21],
        "var": [1.71973268959e-09, 1.38391205837e-05, 1.39332105391e-05, 8.05512172519e-06, 6.65752522764e-05, 8.43312045617e-06, 1.8728640498e-05, 1.37763545354e-05, 1.17010395115e-05, 2.0669254809e-05, 1.06212082756e-05, 8.69882660481e-06, 1.36389162435e-05, 5.06648348164e-06, 1.55028476456e-06, 8.10197207102e-07, 5.66210985653e-07, 3.2806838135e-07, 3.58730602557e-07, 2.18945402253e-07, 8.08962230536e-09, 1.96303329147e-09, 4.4922235376e-10, 8.10194134004e-11, 2.00931740864e-12, 1.06053645244e-17, 1.68734732678e-18]
    },
    "erbbands": {
        "dmean": [0.0187879186124, 0.321415573359, 1.22307133675, 2.33102107048, 4.61006116867, 8.56023979187, 9.36859703064, 8.38507556915, 14.1191892624, 19.1937351227, 18.6808204651, 21.8523578644, 39.928478241, 35.2804946899, 38.1314926147, 31.5985965729, 41.3909416199, 28.6893787384, 23.0210418701, 14.196313858, 13.9994421005, 11.1493635178, 9.70851898193, 10.897611618, 6.31714344025, 5.4867477417, 1.81442153454, 0.788968920708, 0.578295409679, 0.364385962486, 0.18868124485, 0.100863441825, 0.0380909517407, 0.00981878116727, 0.000707626342773, 2.38790071307e-05, 4.49654908152e-06, 1.3692875882e-06, 3.66882022718e-06, 8.33151807456e-06],
        "dmean2": [0.0299511700869, 0.53864723444, 2.14819169044, 3.90568351746, 7.56982040405, 13.4718322754, 14.5127954483, 13.1130523682, 21.7020931244, 28.835269928, 28.8442592621, 32.552520752, 61.0545730591, 53.6304321289, 61.0136413574, 49.4601211548, 64.4567565918, 43.7749061584, 36.837348938, 22.6726875305, 22.8923358917, 18.0249595642, 15.5988931656, 17.1570663452, 9.70627880096, 8.43887138367, 2.77122473717, 1.22090423107, 0.902381241322, 0.560730576515, 0.282143622637, 0.148914411664, 0.0566723905504, 0.0151492124423, 0.00113297719508, 3.61841011909e-05, 6.65868628857e-06, 2.05841593015e-06, 5.3777011999e-06, 1.23522095237e-05],
        "dvar": [0.00292370538227, 1.22468674183, 17.4479618073, 32.5796203613, 69.1927185059, 373.35369873, 320.816772461, 254.402740479, 958.762756348, 2062.16479492, 2072.23168945, 2936.22583008, 5593.02880859, 6177.07421875, 8735.85449219, 4998.55615234, 8606.89648438, 4013.91357422, 3149.44555664, 862.635375977, 877.333068848, 496.095306396, 347.290985107, 366.091400146, 139.751205444, 119.432441711, 15.4513053894, 2.78940677643, 1.35993778706, 0.370977878571, 0.0954222083092, 0.0287589933723, 0.00411655800417, 0.000352482369635, 2.37680137616e-06, 2.01195660132e-09, 7.98457758244e-11, 6.04840439886e-12, 1.73028327777e-11, 9.44703690275e-11],
        "dvar2": [0.00662131421268, 3.17501211166, 47.3924179077, 84.2354888916, 173.782150269, 802.354064941, 696.391723633, 620.655029297, 2141.20141602, 4491.00195312, 4547.1640625, 5935.89794922, 12217.3310547, 13719.4248047, 22642.9355469, 11447.8740234, 20206.4003906, 8397.68359375, 7449.72802734, 2149.87304688, 2178.40258789, 1224.48413086, 869.258361816, 868.582641602, 311.652557373, 262.635070801, 33.2155303955, 6.5960392952, 3.28337311745, 0.879826009274, 0.222313284874, 0.0608387626708, 0.00916514452547, 0.000787714263424, 5.70137171962e-06, 4.67598892939e-09, 2.1415876017e-10, 1.59962060958e-11, 3.44869792446e-11, 1.95949756421e-10],
        "max": [0.868976652622, 16.0014247894, 63.0507888794, 82.3451766968, 147.07232666, 465.793365479, 504.570892334, 424.854003906, 842.46282959, 814.511230469, 1339.93823242, 1422.25097656, 1919.91943359, 1478.46020508, 2105.19677734, 1457.38903809, 1768.95874023, 1587.5994873, 1480.6784668, 1014.04644775, 817.205871582, 599.870666504, 519.288024902, 432.884246826, 258.832885742, 280.387939453, 112.000679016, 47.3999633789, 31.5020694733, 14.9058895111, 7.63218402863, 3.42609286308, 0.961802244186, 0.417477101088, 0.027413032949, 0.00100937683601, 0.000437993119704, 0.000116022281873, 5.87428949075e-05, 0.000130018743221],
        "mean": [0.0274064056575, 0.47766032815, 1.79570388794, 3.84798312187, 8.79660415649, 18.7093963623, 19.5558719635, 16.6940994263, 26.5485496521, 34.5306549072, 33.5394210815, 35.9447097778, 72.38671875, 61.6360206604, 68.935585022, 63.7103347778, 82.0994873047, 54.0368843079, 41.3941040039, 27.5074825287, 26.7794246674, 22.9512672424, 20.9547481537, 24.3458099365, 15.4921379089, 12.8283824921, 4.32846546173, 1.81715106964, 1.33469545841, 0.867310166359, 0.45256280899, 0.22024962306, 0.0762650445104, 0.017097119242, 0.00103384628892, 6.0339592892e-05, 1.76234334504e-05, 5.34503715244e-06, 1.54480931087e-05, 3.3399061067e-05],
        "median": [0.0113441720605, 0.228321865201, 0.795342683792, 1.80933618546, 5.12382507324, 5.7246465683, 7.70306396484, 8.12893867493, 10.3347091675, 11.8676834106, 11.2772197723, 12.8696727753, 25.3049640656, 22.1820106506, 23.8741264343, 18.601606369, 20.3507881165, 19.4833889008, 15.9300556183, 13.6422958374, 13.9492053986, 11.2030544281, 10.9365711212, 11.1498432159, 7.23491382599, 5.00204944611, 2.14502334595, 1.06087756157, 0.761742889881, 0.547313570976, 0.261259794235, 0.123325720429, 0.0384449064732, 0.00603424292058, 0.000332559109665, 3.85103521694e-05, 1.50433861563e-05, 4.29661486123e-06, 1.45086305565e-05, 3.14354147122e-05],
        "min": [1.24173698945e-22, 2.22134264402e-21, 2.45108115394e-21, 1.00954719965e-20, 4.1611052527e-20, 2.06252509732e-19, 5.23359086417e-19, 3.73559159026e-19, 2.05249656637e-19, 3.2045969547e-19, 8.8967927771e-19, 2.11948633111e-18, 2.76003721309e-18, 2.27971700603e-18, 3.81666221793e-18, 6.57393437302e-18, 4.16547228812e-18, 3.23685162192e-18, 3.6896560795e-18, 9.95273308319e-18, 5.99141765564e-18, 5.30791252522e-18, 1.94587836725e-17, 1.76225535549e-17, 2.18784739071e-17, 1.19823679542e-17, 1.64352218123e-17, 1.43843184734e-17, 1.73029954862e-17, 2.45763549078e-17, 1.68564321064e-17, 1.46811505818e-17, 1.47415298034e-17, 8.80857106964e-18, 7.44094621361e-18, 5.57964631953e-18, 3.60006580171e-18, 1.36326230548e-18, 3.29127643561e-19, 3.7650731474e-20],
        "var": [0.0033812627662, 1.0484303236, 15.1292734146, 38.7620697021, 137.276809692, 1572.63586426, 1152.48925781, 663.654724121, 2696.05322266, 4785.74023438, 5229.4296875, 6020.27246094, 14105.7763672, 12762.7177734, 19237, 15393.3916016, 25686.6914062, 10279.9296875, 7542.03417969, 2261.07373047, 1860.14648438, 1613.32543945, 984.423583984, 1127.68286133, 517.447021484, 478.326446533, 54.6246910095, 6.77868747711, 3.13575005531, 1.02569794655, 0.31608453393, 0.0811788961291, 0.0112287197262, 0.00086562364595, 3.82771668228e-06, 4.56681803485e-09, 1.53319787422e-10, 1.58554887969e-11, 6.9365332922e-11, 3.32445349027e-10]
    },
    "gfcc": {
        "mean": [-37.6884880066, 162.385269165, -180.34992981, 40.6400108337, -60.6766967773, -2.28784132004, -19.9093379974, -17.6992397308, -4.51656532288, -27.2730464935, 7.93421220779, -18.5517463684, 1.58327531815],
        "cov": [[2170.79907227, -179.35118103, -296.4559021, 72.1783981323, -104.051239014, 273.529968262, 96.87449646, 113.683868408, -124.860481262, -10.6708536148, 73.5721511841, -119.147758484, -12.1442365646], [-179.35118103, 643.812438965, 322.082183838, -0.736600756645, 192.596969604, -188.118591309, -7.53478908539, -74.7138748169, 78.8752212524, -69.0282516479, -62.7983169556, 13.2723798752, -16.615354538], [-296.4559021, 322.082183838, 496.472808838, 136.659744263, 87.256072998, -56.0176239014, -87.1774520874, -13.0079774857, 34.413482666, -61.4284629822, -50.1931648254, -3.02163481712, -1.16441059113], [72.1783981323, -0.736600756645, 136.659744263, 273.58694458, 86.7161712646, 54.8281288147, -0.884417116642, 8.34517192841, -2.23457455635, -17.122713089, -17.9627170563, 0.0575605034828, 5.26355981827], [-104.051239014, 192.596969604, 87.256072998, 86.7161712646, 233.040023804, -0.193166539073, 51.8038787842, -13.2897500992, -10.9983901978, -19.1018543243, -26.0232906342, 0.445084661245, -11.5032968521], [273.529968262, -188.118591309, -56.0176239014, 54.8281288147, -0.193166539073, 298.149139404, 116.119369507, 33.7564201355, -78.8311080933, 13.0952949524, 18.5118656158, -44.3713226318, -11.992231369], [96.87449646, -7.53478908539, -87.1774520874, -0.884417116642, 51.8038787842, 116.119369507, 194.560180664, 14.4695310593, -46.0835952759, 13.9360151291, 5.99314165115, -16.3379440308, -21.0304279327], [113.683868408, -74.7138748169, -13.0079774857, 8.34517192841, -13.2897500992, 33.7564201355, 14.4695310593, 134.107803345, 32.4716415405, 11.2142534256, 7.25662469864, -18.1596641541, 8.8725271225], [-124.860481262, 78.8752212524, 34.413482666, -2.23457455635, -10.9983901978, -78.8311080933, -46.0835952759, 32.4716415405, 147.714004517, 21.5517978668, -17.7913475037, 23.1611347198, -1.02947187424], [-10.6708536148, -69.0282516479, -61.4284629822, -17.122713089, -19.1018543243, 13.0952949524, 13.9360151291, 11.2142534256, 21.5517978668, 93.7988815308, 40.4005241394, 2.80145668983, 0.336084008217], [73.5721511841, -62.7983169556, -50.1931648254, -17.9627170563, -26.0232906342, 18.5118656158, 5.99314165115, 7.25662469864, -17.7913475037, 40.4005241394, 94.0718536377, 28.0730876923, -9.09940719604], [-119.147758484, 13.2723798752, -3.02163481712, 0.0575605034828, 0.445084661245, -44.3713226318, -16.3379440308, -18.1596641541, 23.1611347198, 2.80145668983, 28.0730876923, 94.3841629028, 33.450428009], [-12.1442365646, -16.615354538, -1.16441059113, 5.26355981827, -11.5032968521, -11.992231369, -21.0304279327, 8.8725271225, -1.02947187424, 0.336084008217, -9.09940719604, 33.450428009, 82.698097229]],
        "icov": [[0.000942499318626, -0.00154771632515, 0.00156139070168, -0.00119686475955, 0.00127353577409, -0.00110115809366, 0.000884599226993, -0.00123905471992, 0.00103849929292, 0.000254147715168, -0.000732426706236, 0.000843218760565, -0.000108799067675], [-0.00154771632515, 0.00951478816569, -0.00674335891381, 0.00474420096725, -0.00652628066018, 0.0051171197556, -0.00540628703311, 0.0060220407322, -0.00645240955055, 0.00336257088929, -0.00141314568464, 0.00170393148437, -0.00183791026939], [0.00156139070168, -0.00674335891381, 0.00803789217025, -0.00477582542226, 0.00392436049879, -0.00373802962713, 0.00512784998864, -0.0042749941349, 0.00397919630632, -0.000491857295856, 0.000589012575801, -9.85547667369e-05, 0.00121430412401], [-0.00119686475955, 0.00474420096725, -0.00477582542226, 0.00772900925949, -0.00504284631461, 0.00111315550748, -0.00187285081483, 0.00281839328818, -0.00333043769933, 0.00104245170951, 0.000325678993249, -0.000569092109799, -0.000880115723703], [0.00127353577409, -0.00652628066018, 0.00392436049879, -0.00504284631461, 0.0105542037636, -0.00245993444696, 0.00120700360276, -0.00401744246483, 0.00514954095706, -0.00223573576659, 0.00204276340082, -0.00165405834559, 0.00206835288554], [-0.00110115809366, 0.0051171197556, -0.00373802962713, 0.00111315550748, -0.00245993444696, 0.00871881656349, -0.00592332938686, 0.00225471775047, -0.001331953099, 0.0010562116513, -0.00122778012883, 0.00237479130737, -0.00119969213847], [0.000884599226993, -0.00540628703311, 0.00512784998864, -0.00187285081483, 0.00120700360276, -0.00592332938686, 0.0119317993522, -0.00466224271804, 0.00543824350461, -0.00344112771563, 0.00293366867118, -0.00299383723177, 0.0036939943675], [-0.00123905471992, 0.0060220407322, -0.0042749941349, 0.00281839328818, -0.00401744246483, 0.00225471775047, -0.00466224271804, 0.0139718549326, -0.00884376838803, 0.00372163555585, -0.00451265089214, 0.00558813847601, -0.00501020345837], [0.00103849929292, -0.00645240955055, 0.00397919630632, -0.00333043769933, 0.00514954095706, -0.001331953099, 0.00543824350461, -0.00884376838803, 0.0167913082987, -0.00821179617196, 0.0079083237797, -0.00745643861592, 0.0061076739803], [0.000254147715168, 0.00336257088929, -0.000491857295856, 0.00104245170951, -0.00223573576659, 0.0010562116513, -0.00344112771563, 0.00372163555585, -0.00821179617196, 0.0190259106457, -0.0112253678963, 0.00703970948234, -0.00505473883823], [-0.000732426706236, -0.00141314568464, 0.000589012575801, 0.000325678993249, 0.00204276340082, -0.00122778012883, 0.00293366867118, -0.00451265089214, 0.0079083237797, -0.0112253678963, 0.0227130018175, -0.0131731955335, 0.0089040081948], [0.000843218760565, 0.00170393148437, -9.85547667369e-05, -0.000569092109799, -0.00165405834559, 0.00237479130737, -0.00299383723177, 0.00558813847601, -0.00745643861592, 0.00703970948234, -0.0131731955335, 0.022714311257, -0.011504159309], [-0.000108799067675, -0.00183791026939, 0.00121430412401, -0.000880115723703, 0.00206835288554, -0.00119969213847, 0.0036939943675, -0.00501020345837, 0.0061076739803, -0.00505473883823, 0.0089040081948, -0.011504159309, 0.0191003158689]]
    },
    "melbands": {
        "dmean": [0.000248211290454, 0.000558950530831, 0.000462269672425, 0.000434926885646, 0.00036199123133, 0.000191739629372, 0.000215414867853, 0.000220810499741, 0.000146402031532, 0.000147213577293, 0.000211971841054, 0.000157830290846, 0.000122664991068, 9.87426537904e-05, 8.85104454937e-05, 9.75897055469e-05, 5.55656042707e-05, 4.53536995337e-05, 2.40509252762e-05, 2.29939705605e-05, 1.6099658751e-05, 1.38876093843e-05, 9.16660428629e-06, 8.74476427271e-06, 1.02362591861e-05, 6.1458727032e-06, 4.73555655844e-06, 3.79498465009e-06, 1.55951977376e-06, 6.9602737085e-07, 4.33614985695e-07, 3.84694544664e-07, 2.74178063364e-07, 2.01821066526e-07, 1.25237491488e-07, 9.34441573008e-08, 5.8839997763e-08, 3.31744445248e-08, 1.72755072469e-08, 6.2948131152e-09],
        "dmean2": [0.000405872386182, 0.000954910530709, 0.000762604468036, 0.000696708098985, 0.000560551474337, 0.000301178573864, 0.000329087342834, 0.000330589129589, 0.000227512078709, 0.000219001536607, 0.000324012653437, 0.000239416141994, 0.000193113402929, 0.000153421045979, 0.000138189352583, 0.000153757267981, 8.50290962262e-05, 7.28664017515e-05, 3.85378225474e-05, 3.75789386453e-05, 2.63668971456e-05, 2.27459713642e-05, 1.48859271576e-05, 1.38654868351e-05, 1.62278793141e-05, 9.44228031585e-06, 7.43901819078e-06, 5.8665737015e-06, 2.39453720496e-06, 1.10994551505e-06, 6.73054614708e-07, 6.0651370859e-07, 4.30584691458e-07, 3.14350444341e-07, 1.94065620462e-07, 1.42451810348e-07, 8.8754610772e-08, 5.03067738578e-08, 2.69406950082e-08, 1.00685593196e-08],
        "dvar": [6.32873991435e-07, 3.49278730027e-06, 1.02312810668e-06, 7.30376939373e-07, 4.7408991577e-07, 1.25266055306e-07, 2.17668031155e-07, 2.47588872071e-07, 1.43138890962e-07, 1.3189890069e-07, 1.58950456353e-07, 1.26887073293e-07, 8.21607315515e-08, 4.0223369524e-08, 4.90369806982e-08, 5.28588941506e-08, 1.66820282033e-08, 1.39591413983e-08, 4.98413266214e-09, 2.82155343534e-09, 1.13310549832e-09, 8.91474893905e-10, 3.03907898846e-10, 3.42789463481e-10, 3.56236568022e-10, 1.84357071276e-10, 8.50827533427e-11, 6.73056124723e-11, 1.54836855143e-11, 1.70057750434e-12, 9.03117370384e-13, 5.71013180316e-13, 3.18614844794e-13, 9.39003174803e-14, 4.91985534886e-14, 2.33147699145e-14, 1.01579977272e-14, 3.25079047882e-15, 9.66499850564e-16, 1.81704726986e-16],
        "dvar2": [1.54685335474e-06, 9.23692186916e-06, 2.62673529505e-06, 1.63819800036e-06, 1.04113109956e-06, 3.05662041455e-07, 4.7964448413e-07, 5.37933601663e-07, 3.11264159336e-07, 2.65971749513e-07, 3.48806452166e-07, 2.76876704675e-07, 2.02995877885e-07, 9.32310442181e-08, 1.07677259109e-07, 1.303230448e-07, 3.60728087401e-08, 3.28637774771e-08, 1.25429719944e-08, 7.12052194984e-09, 2.81102141564e-09, 2.17463358432e-09, 7.27530868883e-10, 8.79251726982e-10, 8.55019555157e-10, 4.10315031951e-10, 2.00316471743e-10, 1.51530246684e-10, 3.45460327011e-11, 4.02974875691e-12, 2.099327873e-12, 1.37673618165e-12, 7.87668649922e-13, 2.22082280951e-13, 1.20804475906e-13, 5.36437214094e-14, 2.22515080905e-14, 7.49560969662e-15, 2.26835105637e-15, 4.21048881363e-16],
        "max": [0.013054093346, 0.0248552318662, 0.0155533980578, 0.0230405405164, 0.0170280374587, 0.0085283247754, 0.0109324511141, 0.0109525285661, 0.0092764403671, 0.00944269448519, 0.00965557154268, 0.00657565100119, 0.00561809493229, 0.00476591940969, 0.00614522863179, 0.00499759474769, 0.00300919101574, 0.00330471713096, 0.00254911324009, 0.00151270022616, 0.000744495191611, 0.000871437194292, 0.000542867463082, 0.000674789189361, 0.000438781542471, 0.000282104447251, 0.000181131152203, 0.000215075604501, 0.000117794596008, 2.54438891716e-05, 2.61508957919e-05, 2.06200620596e-05, 1.3136726011e-05, 7.92551873019e-06, 6.17679233983e-06, 3.03722754325e-06, 1.78058837719e-06, 1.00301792827e-06, 5.1734355111e-07, 2.97455329701e-07],
        "mean": [0.000372342328774, 0.000860630942043, 0.000828684715088, 0.000947879103478, 0.000792684033513, 0.000380754499929, 0.000407185900258, 0.00039331256994, 0.000256302184425, 0.000228659773711, 0.000375498930225, 0.000261394307017, 0.000212283921428, 0.00017357802426, 0.000173499167431, 0.00017916545039, 9.18238074519e-05, 7.40903706173e-05, 4.18713061663e-05, 3.80322235287e-05, 2.91677224595e-05, 2.59059852397e-05, 1.80149236257e-05, 1.75270633918e-05, 2.07847460842e-05, 1.25359501908e-05, 1.03808642962e-05, 8.11675636214e-06, 3.18700995194e-06, 1.39110989039e-06, 8.80068455444e-07, 8.04329943094e-07, 5.70302177039e-07, 4.41394661266e-07, 2.69905712003e-07, 1.88560505876e-07, 1.14307759702e-07, 6.01807954581e-08, 2.83597820783e-08, 8.73883099217e-09],
        "median": [0.00017160209245, 0.000431129155913, 0.000471333652968, 0.000410035368986, 0.000297022110317, 0.000182832358405, 0.000147862549056, 0.000133608235046, 7.58469250286e-05, 7.23308476154e-05, 0.000121750366816, 7.82361457823e-05, 6.53514580335e-05, 5.51785778953e-05, 3.44855252479e-05, 3.70946727344e-05, 2.78085572063e-05, 2.34020262724e-05, 1.22212813949e-05, 1.8625474695e-05, 1.36833978104e-05, 1.12388552225e-05, 8.95165976544e-06, 8.43981433718e-06, 8.29158670967e-06, 5.05779462401e-06, 3.65565892935e-06, 2.80315725831e-06, 1.30485091177e-06, 6.81744722897e-07, 4.51567245818e-07, 4.26381831176e-07, 3.23486858633e-07, 2.77295384876e-07, 1.47272402273e-07, 1.03244573779e-07, 5.96953952936e-08, 2.8415684028e-08, 9.75292913097e-09, 1.85151449728e-09],
        "min": [2.19026618967e-24, 2.01484009043e-24, 1.97379210766e-24, 7.88963457139e-24, 1.68909492854e-23, 9.21841396825e-24, 2.91053149767e-24, 4.39752602097e-24, 7.00201616944e-24, 1.50496296034e-23, 1.36636814568e-23, 8.73845127199e-24, 1.06117198206e-23, 2.16396568542e-23, 9.59597541926e-24, 7.07485958543e-24, 6.17840239147e-24, 5.20384362916e-24, 8.29508304426e-24, 1.642705963e-23, 4.92999608794e-24, 2.96941799209e-24, 1.68020714826e-23, 1.2157988169e-23, 1.48781059991e-23, 1.72320732512e-23, 1.09157018484e-23, 7.05609968424e-24, 9.7281435419e-24, 8.69421984103e-24, 8.8145913377e-24, 9.89911257703e-24, 1.25856880414e-23, 1.21524203887e-23, 1.03412848916e-23, 7.01818466255e-24, 1.01892193304e-23, 1.15056577872e-23, 7.9212655271e-24, 7.06776062614e-24],
        "var": [6.23177299985e-07, 3.07444361169e-06, 1.36690152885e-06, 2.75138086181e-06, 1.97234021471e-06, 3.48080476442e-07, 6.66211349198e-07, 5.99041413807e-07, 3.54518647327e-07, 2.6126176067e-07, 3.94298325546e-07, 2.60065405655e-07, 1.8901097576e-07, 1.00093309641e-07, 1.80618982881e-07, 1.60022253226e-07, 3.86334235714e-08, 3.31760325878e-08, 1.37283286961e-08, 4.65761562651e-09, 2.57382093416e-09, 2.65750310646e-09, 8.28841661971e-10, 8.54337989242e-10, 9.82668280081e-10, 4.83574846832e-10, 3.11125791796e-10, 2.39710362671e-10, 4.27838008077e-11, 4.47917354249e-12, 2.00165838765e-12, 1.31003996713e-12, 6.45886718675e-13, 2.59332702882e-13, 1.30895186183e-13, 6.25351414532e-14, 2.43058391204e-14, 7.64389551953e-15, 2.30166994439e-15, 3.40819164679e-16]
    },
    "mfcc": {
        "mean": [-650.313232422, 161.451248169, -41.0659370422, 29.1254291534, -12.0969552994, 6.90790843964, -5.48767995834, 8.5321598053, -13.2128820419, 2.80513644218, -8.4682559967, -2.20702075958, -3.91294169426],
        "cov": [[1656.39477539, -415.435699463, -153.071578979, -160.907455444, -127.517295837, 78.0015106201, 242.151229858, 86.0811462402, -39.6323776245, 121.992118835, 44.0274734497, 0.683197617531, 1.36404550076], [-415.435699463, 741.776672363, 108.861404419, 147.854766846, 127.669075012, -49.6189231873, -97.3886260986, -14.5303459167, 36.1926727295, -44.761806488, -14.2923030853, -25.9996871948, -7.95634460449], [-153.071578979, 108.861404419, 368.929779053, 95.8940658569, 115.160072327, 9.99423885345, -50.9382476807, 13.8906126022, 25.2322998047, -22.0911846161, -26.5867023468, 19.2454509735, -17.42552948], [-160.907455444, 147.854766846, 95.8940658569, 271.675476074, 135.756484985, 6.67528247833, -42.2782516479, 10.9578847885, 29.0743923187, -19.397731781, -33.4534072876, 6.58270597458, 15.685218811], [-127.517295837, 127.669075012, 115.160072327, 135.756484985, 215.962539673, 0.121213898063, -32.4406661987, 17.0006923676, 32.1509933472, -18.5399417877, -12.3338346481, -1.11278390884, -1.02205908298], [78.0015106201, -49.6189231873, 9.99423885345, 6.67528247833, 0.121213898063, 207.119247437, 122.683937073, 31.1645736694, 2.70574975014, 5.99339723587, 6.49936294556, -11.7635316849, -18.4450702667], [242.151229858, -97.3886260986, -50.9382476807, -42.2782516479, -32.4406661987, 122.683937073, 284.58013916, 47.9119911194, -9.53858852386, 25.7999954224, 28.1663379669, -28.4886245728, -7.86095285416], [86.0811462402, -14.5303459167, 13.8906126022, 10.9578847885, 17.0006923676, 31.1645736694, 47.9119911194, 113.57800293, 27.3903961182, 13.3867444992, -1.67230165005, 5.02013540268, -1.22156476974], [-39.6323776245, 36.1926727295, 25.2322998047, 29.0743923187, 32.1509933472, 2.70574975014, -9.53858852386, 27.3903961182, 125.994621277, 19.9304885864, 2.87845015526, -8.63889694214, -2.53638768196], [121.992118835, -44.761806488, -22.0911846161, -19.397731781, -18.5399417877, 5.99339723587, 25.7999954224, 13.3867444992, 19.9304885864, 116.21672821, 29.8045310974, -0.922779083252, -25.1746101379], [44.0274734497, -14.2923030853, -26.5867023468, -33.4534072876, -12.3338346481, 6.49936294556, 28.1663379669, -1.67230165005, 2.87845015526, 29.8045310974, 112.419326782, 14.6149740219, -7.53225326538], [0.683197617531, -25.9996871948, 19.2454509735, 6.58270597458, -1.11278390884, -11.7635316849, -28.4886245728, 5.02013540268, -8.63889694214, -0.922779083252, 14.6149740219, 110.394073486, 33.9291152954], [1.36404550076, -7.95634460449, -17.42552948, 15.685218811, -1.02205908298, -18.4450702667, -7.86095285416, -1.22156476974, -2.53638768196, -25.1746101379, -7.53225326538, 33.9291152954, 124.21257019]],
