{
"lowlevel": {
    "average_loudness": 0.250963807106,
    "barkbands_crest": {
        "dmean": 2.33600831032,
        "dmean2": 3.78918337822,
        "dvar": 5.09016418457,
        "dvar2": 12.3798065186,
        "max": 26.1317520142,
        "mean": 10.0959005356,
        "median": 9.11244773865,
        "min": 2.5979347229,
        "var": 19.3443202972
    },
    "barkbands_flatness_db": {
        "dmean": 0.0191917791963,
        "dmean2": 0.0289804674685,
        "dvar": 0.00034605761175,
        "dvar2": 0.000752985593863,
        "max": 0.441258758307,
        "mean": 0.173897385597,
        "median": 0.167225450277,
        "min": 0.0482889637351,
        "var": 0.00456871232018
    },
    "barkbands_kurtosis": {
        "dmean": 2.77896761894,
        "dmean2": 4.37688493729,
        "dvar": 47.298374176,
        "dvar2": 95.855140686,
        "max": 246.31880188,
        "mean": 5.0134267807,
        "median": 2.51977610588,
        "min": -1.92802071571,
        "var": 115.033065796
    },
    "barkbands_skewness": {
        "dmean": 0.491130441427,
        "dmean2": 0.752847313881,
        "dvar": 0.338170915842,
        "dvar2": 0.702011048794,
        "max": 12.5377645493,
        "mean": 1.06132721901,
        "median": 1.03219985962,
        "min": -12.2937688828,
        "var": 2.61345863342
    },
    "barkbands_spread": {
        "dmean": 3.46416091919,
        "dmean2": 5.42793941498,
        "dvar": 25.0236968994,
        "dvar2": 55.1031112671,
        "max": 119.740264893,
        "mean": 15.2792758942,
        "median": 13.0371618271,
        "min": 0.333266049623,
        "var": 107.268211365
    },
    "dissonance": {
        "dmean": 0.024554323405,
        "dmean2": 0.0410409793258,
        "dvar": 0.00074296654202,
        "dvar2": 0.00202822894789,
        "max": 0.500000059605,
        "mean": 0.440910190344,
        "median": 0.459996491671,
        "min": 0.15270909667,
        "var": 0.00332350470126
    },
    "dynamic_complexity": 6.57616138458,
    "erbbands_crest": {
        "dmean": 2.70028352737,
        "dmean2": 4.36600494385,
        "dvar": 7.16318321228,
        "dvar2": 17.4878692627,
        "max": 32.2226867676,
        "mean": 10.5936069489,
        "median": 9.58109855652,
        "min": 2.61739683151,
        "var": 31.4102687836
    },
    "erbbands_flatness_db": {
        "dmean": 0.0175891555846,
        "dmean2": 0.0248269960284,
        "dvar": 0.000316093384754,
        "dvar2": 0.000566106638871,
        "max": 0.393004834652,
        "mean": 0.211496904492,
        "median": 0.218431949615,
        "min": 0.0594669356942,
        "var": 0.0042515178211
    },
    "erbbands_kurtosis": {
        "dmean": 1.24693095684,
        "dmean2": 1.93254780769,
        "dvar": 4.75192403793,
        "dvar2": 10.2859716415,
        "max": 100.627685547,
        "mean": 1.73445880413,
        "median": 0.482822775841,
        "min": -1.84314739704,
        "var": 14.8333587646
    },
    "erbbands_skewness": {
        "dmean": 0.354984164238,
        "dmean2": 0.550885915756,
        "dvar": 0.131235599518,
        "dvar2": 0.278733879328,
        "max": 5.96059083939,
        "mean": 0.498864799738,
        "median": 0.406840384007,
        "min": -7.05023336411,
        "var": 0.935454189777
    },
    "erbbands_spread": {
        "dmean": 5.55056810379,
        "dmean2": 8.46318244934,
        "dvar": 49.0755805969,
        "dvar2": 107.856735229,
        "max": 132.276992798,
        "mean": 26.9301891327,
        "median": 24.2295818329,
        "min": 2.01380848885,
        "var": 251.10609436
    },
    "hfc": {
        "dmean": 3.86098766327,
        "dmean2": 5.62393045425,
        "dvar": 49.2057495117,
        "dvar2": 97.674659729,
        "max": 189.745849609,
        "mean": 14.1298704147,
        "median": 7.16836977005,
        "min": 1.03848059131e-16,
        "var": 295.976715088
    },
    "melbands_crest": {
        "dmean": 2.84501075745,
        "dmean2": 4.56717777252,
        "dvar": 7.7623462677,
        "dvar2": 19.15666008,
        "max": 32.7057495117,
        "mean": 12.379617691,
        "median": 11.9900255203,
        "min": 1.42708945274,
        "var": 40.2360496521
    },
    "melbands_flatness_db": {
        "dmean": 0.0200179871172,
        "dmean2": 0.0297126173973,
        "dvar": 0.000481206632685,
        "dvar2": 0.00104833405931,
        "max": 0.503300428391,
        "mean": 0.194865897298,
        "median": 0.19952043891,
        "min": 0.0025905421935,
        "var": 0.00890567433089
    },
    "melbands_kurtosis": {
        "dmean": 4.33373689651,
        "dmean2": 6.88335227966,
        "dvar": 97.7217712402,
        "dvar2": 245.64730835,
        "max": 282.521636963,
        "mean": 7.88395404816,
        "median": 3.15124535561,
        "min": -1.92412900925,
        "var": 234.107910156
    },
    "melbands_skewness": {
        "dmean": 0.561676323414,
        "dmean2": 0.85667681694,
        "dvar": 0.45276799798,
        "dvar2": 1.01079857349,
        "max": 14.0027961731,
        "mean": 1.62581217289,
        "median": 1.33094930649,
        "min": -3.71140575409,
        "var": 2.3834104538
    },
    "melbands_spread": {
        "dmean": 5.9954366684,
        "dmean2": 9.50414276123,
        "dvar": 85.4878082275,
        "dvar2": 177.728500366,
        "max": 279.839019775,
        "mean": 31.1477394104,
        "median": 18.2613220215,
        "min": 0.578137338161,
        "var": 1427.27648926
    },
    "pitch_salience": {
        "dmean": 0.0611562356353,
        "dmean2": 0.099108748138,
        "dvar": 0.00380756449886,
        "dvar2": 0.00965612754226,
        "max": 0.932746767998,
        "mean": 0.616077244282,
        "median": 0.619448304176,
        "min": 0.103235207498,
        "var": 0.0161260385066
    },
    "silence_rate_20dB": {
        "dmean": 0,
        "dmean2": 0,
        "dvar": 0,
        "dvar2": 0,
        "max": 1,
        "mean": 1,
        "median": 1,
        "min": 1,
        "var": 0
    },
    "silence_rate_30dB": {
        "dmean": 0.00106986192986,
        "dmean2": 0.00213995296508,
        "dvar": 0.00106858031359,
        "dvar2": 0.00277681206353,
        "max": 1,
        "mean": 0.999251186848,
        "median": 1,
        "min": 0,
        "var": 0.000748202088289
    },
    "silence_rate_60dB": {
        "dmean": 0.0254627149552,
        "dmean2": 0.0509308800101,
        "dvar": 0.0248108766973,
        "dvar2": 0.0556108653545,
        "max": 1,
        "mean": 0.34189131856,
        "median": 0,
        "min": 0,
        "var": 0.22502040863
    },
    "spectral_centroid": {
        "dmean": 199.28616333,
        "dmean2": 309.879577637,
        "dvar": 77827.2421875,
        "dvar2": 157329.296875,
        "max": 12033.6474609,
        "mean": 2139.31567383,
        "median": 1078.01525879,
        "min": 212.964050293,
        "var": 9302225
    },
    "spectral_complexity": {
        "dmean": 2.02674651146,
        "dmean2": 3.06762242317,
        "dvar": 6.16461992264,
        "dvar2": 12.5855560303,
        "max": 48,
        "mean": 12.1233415604,
        "median": 11,
        "min": 0,
        "var": 98.9322128296
    },
    "spectral_decrease": {
        "dmean": 1.25570265297e-09,
        "dmean2": 1.95084726151e-09,
        "dvar": 5.52348158312e-18,
        "dvar2": 1.33821660002e-17,
        "max": 4.98402707994e-11,
        "mean": -4.11424183611e-09,
        "median": -2.37048647378e-09,
        "min": -4.53754296359e-08,
        "var": 2.26024653926e-17
    },
    "spectral_energy": {
        "dmean": 0.00501761352643,
        "dmean2": 0.00776219367981,
        "dvar": 8.53797100717e-05,
        "dvar2": 0.000205839183764,
        "max": 0.177440911531,
        "mean": 0.0168097391725,
        "median": 0.00981856696308,
        "min": 9.77390391782e-21,
        "var": 0.000369352754205
    },
    "spectral_energyband_high": {
        "dmean": 0.000122823475976,
        "dmean2": 0.000169032195117,
        "dvar": 3.61362197054e-07,
        "dvar2": 5.42595614661e-07,
        "max": 0.0264969822019,
        "mean": 0.000263875030214,
        "median": 5.22510745213e-05,
        "min": 6.75685714538e-21,
        "var": 1.13289979708e-06
    },
    "spectral_energyband_low": {
        "dmean": 0.000655794050545,
        "dmean2": 0.00106344500091,
        "dvar": 5.25852783539e-06,
        "dvar2": 1.32665691126e-05,
        "max": 0.0642338991165,
        "mean": 0.00103111600038,
        "median": 0.000137201612233,
        "min": 9.97140379039e-24,
        "var": 8.28783322504e-06
    },
    "spectral_energyband_middle_high": {
        "dmean": 0.00180285179522,
        "dmean2": 0.00267077190802,
        "dvar": 1.24561229313e-05,
        "dvar2": 2.75261973002e-05,
        "max": 0.0872975811362,
        "mean": 0.00526315206662,
        "median": 0.00190240889788,
        "min": 1.08771079961e-21,
        "var": 5.78300496272e-05
    },
    "spectral_energyband_middle_low": {
        "dmean": 0.0041551887989,
        "dmean2": 0.0065946415998,
        "dvar": 6.9352943683e-05,
        "dvar2": 0.000174058266566,
        "max": 0.166986376047,
        "mean": 0.0107418773696,
        "median": 0.00580657180399,
        "min": 1.51297690362e-22,
        "var": 0.00019187516591
    },
    "spectral_entropy": {
        "dmean": 0.150464132428,
        "dmean2": 0.214514687657,
        "dvar": 0.0280299261212,
        "dvar2": 0.0535390339792,
        "max": 9.83071804047,
        "mean": 7.41836738586,
        "median": 7.28804683685,
        "min": 4.81642723083,
        "var": 0.941435813904
    },
    "spectral_flux": {
        "dmean": 0.0155056640506,
        "dmean2": 0.0243034437299,
        "dvar": 0.000475946377264,
        "dvar2": 0.00105109822471,
        "max": 0.346426129341,
        "mean": 0.055384427309,
        "median": 0.045727789402,
        "min": 6.26972362916e-11,
        "var": 0.00235667545348
    },
    "spectral_kurtosis": {
        "dmean": 2.53821611404,
        "dmean2": 4.35031509399,
        "dvar": 9.5952796936,
        "dvar2": 28.1032886505,
        "max": 58.7156562805,
        "mean": 6.06882143021,
        "median": 5.27303123474,
        "min": -1.3012406826,
        "var": 27.9028434753
    },
    "spectral_rms": {
        "dmean": 0.000495220825542,
        "dmean2": 0.000746260513552,
        "dvar": 5.07006234329e-07,
        "dvar2": 1.14871397727e-06,
        "max": 0.0131572447717,
        "mean": 0.00325289275497,
        "median": 0.00309501029551,
        "min": 3.08796304499e-12,
        "var": 5.81832500757e-06
    },
    "spectral_rolloff": {
        "dmean": 328.340667725,
        "dmean2": 551.498901367,
        "dvar": 422514.40625,
        "dvar2": 857038.5,
        "max": 19875.1464844,
        "mean": 3160.390625,
        "median": 1205.859375,
        "min": 150.732421875,
        "var": 28623010
    },
    "spectral_skewness": {
        "dmean": 0.273113340139,
        "dmean2": 0.449335366488,
        "dvar": 0.0776453539729,
        "dvar2": 0.208194196224,
        "max": 5.74768352509,
        "mean": 1.66438949108,
        "median": 1.72779774666,
        "min": -0.895159721375,
        "var": 0.643073797226
    },
    "spectral_spread": {
        "dmean": 495699.03125,
        "dmean2": 746523.4375,
        "dvar": 542574477312,
        "dvar2": 1.14225958093e+12,
        "max": 43932788,
        "mean": 7315054.5,
        "median": 3337596.25,
        "min": 1121511.875,
        "var": 1.26192229286e+14
    },
    "spectral_strongpeak": {
        "dmean": 0.522486567497,
        "dmean2": 0.858674585819,
        "dvar": 0.762752711773,
        "dvar2": 1.88916647434,
        "max": 12.574508667,
        "mean": 1.17592048645,
        "median": 0.645866990089,
        "min": 0,
        "var": 2.08848595619
    },
    "zerocrossingrate": {
        "dmean": 0.00791065767407,
        "dmean2": 0.0099929952994,
        "dvar": 0.00016568468709,
        "dvar2": 0.000194189036847,
        "max": 0.72119140625,
        "mean": 0.099125534296,
        "median": 0.0498046875,
        "min": 0.00830078125,
        "var": 0.0192872211337
    },
    "barkbands": {
        "dmean": [4.32881915913e-06, 0.000147613769514, 0.000339115882525, 0.000782062823419, 0.00203396310098, 0.000543232483324, 0.000884998764377, 0.000908410467673, 0.00110599806067, 0.000576440768782, 0.000462553463876, 0.000569176569115, 0.000460632960312, 0.000232241523918, 0.000229693105211, 0.000193024432519, 0.000180878982064, 9.6649157058e-05, 9.18891673791e-05, 5.09573510499e-05, 2.20447109314e-05, 2.68839739874e-05, 3.24098218698e-05, 2.90089665214e-05, 1.68441256392e-05, 8.3164386524e-06, 7.86756171323e-09],
        "dmean2": [7.65890490584e-06, 0.000250979181146, 0.000562195491511, 0.00133091991302, 0.00335762975737, 0.000855606398545, 0.00140066305175, 0.00143122405279, 0.00171368534211, 0.000874629884493, 0.000725576537661, 0.000871495285537, 0.000744290358853, 0.000382189784432, 0.000368620851077, 0.000300438114209, 0.000293750694254, 0.000152102933498, 0.00014625969925, 7.83407158451e-05, 3.29815557052e-05, 3.86926767533e-05, 4.76088862342e-05, 4.10462344007e-05, 2.48047908826e-05, 1.27766852529e-05, 1.35806477175e-08],
        "dvar": [1.68448699434e-10, 3.99580756039e-07, 1.69545069184e-06, 5.66789640288e-06, 2.5779412681e-05, 1.80388519766e-06, 4.52404992757e-06, 9.32981038204e-06, 1.07286205093e-05, 2.50917355515e-06, 2.54791098087e-06, 4.09506947108e-06, 2.22404946726e-06, 6.13544500538e-07, 4.34589679799e-07, 3.2757523627e-07, 2.07091304105e-07, 5.29577484087e-08, 5.38639568504e-08, 2.65605475391e-08, 1.21127428088e-08, 1.40859794939e-08, 5.43808127418e-08, 5.19544194333e-08, 7.50638307068e-09, 1.91315119302e-09, 5.40771244516e-15],
        "dvar2": [4.74508099479e-10, 1.06933885036e-06, 4.45280738859e-06, 1.56000733114e-05, 6.81856035953e-05, 4.21040977017e-06, 1.07557789306e-05, 2.16535299842e-05, 2.46675226663e-05, 5.78980370847e-06, 6.06519915891e-06, 9.20046113606e-06, 5.59198178962e-06, 1.70334737959e-06, 1.03437491816e-06, 7.5190627058e-07, 5.21857600688e-07, 1.23407517094e-07, 1.31639097845e-07, 5.66215128117e-08, 2.35574582064e-08, 2.48058746877e-08, 9.82224079848e-08, 9.99877727281e-08, 1.45269796192e-08, 4.4707268998e-09, 1.14887974487e-14],
        "max": [0.000276008853689, 0.0115515133366, 0.0286130160093, 0.0759212821722, 0.120754256845, 0.0733525082469, 0.0386995226145, 0.0816921815276, 0.0760486572981, 0.0394466109574, 0.0466302707791, 0.0808400660753, 0.0314728654921, 0.0252031255513, 0.0231077503413, 0.0173051021993, 0.0111726038158, 0.00644916901365, 0.00604902859777, 0.00677635893226, 0.00561992498115, 0.00546659855172, 0.0100226616487, 0.00982715003192, 0.00411413470283, 0.0020832370501, 4.82860878037e-06],
        "mean": [3.92273341276e-06, 0.000166169673321, 0.000453600368928, 0.00107832706999, 0.00333481840789, 0.00103453046177, 0.00165872997604, 0.00138675200287, 0.00208051106893, 0.00107510597445, 0.000759145827033, 0.00093666149769, 0.000703976023942, 0.000357153534424, 0.000383175560273, 0.000353449431714, 0.000328757363604, 0.000192876832443, 0.000188271369552, 0.000102496502222, 4.3166532123e-05, 5.02517104906e-05, 5.16726286151e-05, 4.84321135445e-05, 2.71119424724e-05, 1.06249826786e-05, 6.41541042512e-09],
        "median": [5.49341223177e-07, 1.60507224791e-05, 3.54303410859e-05, 0.000113031623187, 0.00106739031617, 0.000271415367024, 0.000349459907738, 0.00015300855739, 0.000235314975725, 0.000163536402397, 9.00377344806e-05, 0.000119432428619, 7.96185195213e-05, 4.98454537592e-05, 5.87471658946e-05, 4.43196622655e-05, 6.58086501062e-05, 4.59048205812e-05, 4.83914373035e-05, 1.64202101587e-05, 9.43582745094e-06, 1.3403230696e-05, 6.92287267157e-06, 3.91088815377e-06, 1.19701439871e-06, 1.26228627551e-07, 1.47821213603e-10],
        "min": [5.50665279336e-26, 1.14860356611e-24, 4.29248603599e-25, 1.17831413856e-25, 2.95584425971e-24, 3.27618312116e-24, 5.00111229298e-24, 3.1242599493e-24, 8.78371611073e-24, 8.43068902273e-24, 8.34305209819e-24, 1.68085843182e-23, 1.44653234864e-23, 2.25529305905e-23, 2.60230098057e-23, 3.61778647774e-23, 4.61797880184e-23, 6.88964293349e-23, 9.56934473728e-23, 1.37588310193e-22, 1.67238865317e-22, 2.66989582097e-22, 3.20008027391e-22, 4.27576747017e-22, 7.24702305063e-22, 1.17783440936e-21, 1.65340469655e-21],
        "var": [1.39973976854e-10, 3.39735578336e-07, 2.04694561035e-06, 8.5869587565e-06, 3.93221635022e-05, 4.93975585414e-06, 1.30712733153e-05, 1.97823192138e-05, 3.51130656782e-05, 7.15072883395e-06, 5.70004749534e-06, 9.45433839661e-06, 3.96409677705e-06, 8.91210163445e-07, 8.59811109422e-07, 1.06619950202e-06, 4.88550540467e-07, 1.44892354115e-07, 1.33987612116e-07, 8.0897230248e-08, 3.20524655706e-08, 4.09235134669e-08, 1.11748363452e-07, 1.14880826629e-07, 1.65689950649e-08, 2.78630496453e-09, 5.83527815979e-15]
    },
    "erbbands": {
        "dmean": [0.00143030309118, 0.0456986017525, 0.330752909184, 1.39650404453, 6.2827129364, 6.7352514267, 4.39617156982, 4.57172012329, 10.5126667023, 14.6989459991, 20.6501293182, 30.3619651794, 12.894742012, 20.7060604095, 20.285736084, 23.7454280853, 23.0935134888, 11.3585329056, 12.5090742111, 11.8932104111, 8.65742588043, 7.97031450272, 5.47815847397, 4.30328369141, 4.30809211731, 2.36028170586, 0.915817975998, 0.898590445518, 0.993166029453, 0.85323625803, 0.866486608982, 0.852580547333, 0.352604925632, 0.234331563115, 0.10213136673, 0.0423398986459, 0.0175703056157, 0.000817868160084, 1.93934229173e-05, 6.55620215184e-06],
        "dmean2": [0.00237814895809, 0.0769122168422, 0.546670973301, 2.34105682373, 10.6892261505, 11.0341749191, 6.94294548035, 7.32067537308, 16.5011291504, 23.2817401886, 32.1101837158, 47.2378921509, 19.5748920441, 30.9049987793, 30.8613605499, 36.6700439453, 37.1848945618, 18.6079406738, 20.0339984894, 18.7571239471, 13.6104288101, 12.6564970016, 8.54801368713, 6.78170490265, 6.57814025879, 3.61297655106, 1.41362369061, 1.32881104946, 1.4464097023, 1.23694956303, 1.24805724621, 1.18258142471, 0.522255897522, 0.336745262146, 0.154912441969, 0.0645832642913, 0.0275114569813, 0.00132800708525, 3.02482985717e-05, 9.97308961814e-06],
        "dvar": [2.74956437352e-05, 0.0376647040248, 1.63768088818, 20.9904708862, 323.464202881, 261.612243652, 154.266082764, 113.64201355, 654.982055664, 1963.62451172, 4547.51953125, 9264.42089844, 1558.45373535, 3332.87524414, 4666.30810547, 7049.11132812, 5436.09326172, 1877.59191895, 1237.41894531, 1417.15136719, 708.80078125, 370.309356689, 172.491638184, 110.422294617, 141.116729736, 46.666633606, 22.6524486542, 18.2029438019, 20.0597877502, 21.0293750763, 43.3330154419, 50.4375953674, 6.9072303772, 2.26080751419, 0.199315100908, 0.0636832490563, 0.0099078360945, 2.80974709312e-05, 1.00064214692e-08, 1.47797066252e-10],
        "dvar2": [7.23144548829e-05, 0.0998366400599, 4.26565694809, 55.7143630981, 876.639953613, 682.436035156, 358.923736572, 285.807220459, 1547.19104004, 4880.78955078, 10624.0654297, 21527.6699219, 3652.72753906, 7369.75732422, 11286.9013672, 16732.1679688, 13704.6787109, 5270.39941406, 3033.13232422, 3198.30981445, 1645.73156738, 867.96673584, 397.560546875, 259.156768799, 314.507446289, 101.313079834, 52.0131950378, 30.7704639435, 36.140083313, 41.9805831909, 72.0980682373, 85.471031189, 14.8879117966, 4.8678355217, 0.417377203703, 0.127217754722, 0.0255057066679, 7.2535018262e-05, 2.47692657496e-08, 3.44320266743e-10],
        "max": [0.0831264108419, 3.72661662102, 24.8445339203, 169.178649902, 395.387573242, 339.715393066, 575.583740234, 321.390991211, 587.657775879, 1230.99206543, 1797.38342285, 2333.76098633, 1505.32507324, 1338.3067627, 2005.16552734, 2547.8034668, 1720.72277832, 1590.96069336, 1091.14257812, 1219.6652832, 1092.18701172, 492.269714355, 326.424316406, 253.458862305, 387.382171631, 239.739059448, 309.318969727, 195.254516602, 186.573730469, 249.243804932, 281.210174561, 340.298126221, 143.943023682, 72.0494537354, 22.6587944031, 15.8302898407, 3.91660308838, 0.179124996066, 0.00316794007085, 0.00027218676405],
        "mean": [0.0018304529367, 0.0540264882147, 0.451735645533, 2.13923025131, 8.51017856598, 11.3298788071, 8.45458698273, 8.40850257874, 20.6234073639, 25.0732650757, 35.1616210938, 56.4246711731, 25.7285385132, 39.0086250305, 36.5448608398, 40.0289039612, 37.1039390564, 18.4521045685, 22.5287761688, 21.7529373169, 17.3560752869, 16.1107616425, 11.744594574, 9.39430618286, 9.15936470032, 4.92794704437, 1.8209348917, 1.79274356365, 1.84579801559, 1.47199440002, 1.43469023705, 1.38243949413, 0.604742228985, 0.367483824492, 0.152357578278, 0.0597367212176, 0.0196301452816, 0.000870518037118, 3.01159998344e-05, 2.16445350816e-05],
        "median": [0.00024957570713, 0.00567818433046, 0.0452822893858, 0.334392666817, 1.9238576889, 3.30157756805, 1.94947314262, 2.719851017, 4.92025566101, 5.15518331528, 6.60305547714, 6.83545589447, 5.72442960739, 6.57323074341, 6.17731380463, 6.89295005798, 5.23946475983, 3.31382083893, 3.28934621811, 3.03564548492, 2.86214017868, 3.61044216156, 2.99485635757, 2.51967954636, 2.09709906578, 0.883920490742, 0.396166622639, 0.456922143698, 0.499355763197, 0.309769898653, 0.18292978406, 0.117296256125, 0.041887037456, 0.0178549550474, 0.00609372649342, 0.00135544408113, 8.08889017208e-05, 6.21678736934e-06, 7.08481456968e-06, 1.24771795527e-05],
        "min": [2.51639607903e-23, 2.58567021497e-22, 1.29471416154e-21, 2.4588089111e-21, 7.60886367763e-21, 1.41525303682e-20, 2.85964835748e-20, 3.8887353565e-20, 7.88776684664e-20, 1.29060002044e-19, 1.44006263908e-19, 2.29309510147e-19, 3.26819602857e-19, 3.97940436828e-19, 6.08446348043e-19, 9.40389585163e-19, 1.08668857401e-18, 1.26663820075e-18, 1.53742570044e-18, 2.18289096583e-18, 1.91260349683e-18, 3.78634025821e-18, 4.32429468805e-18, 5.06075798923e-18, 5.49929234047e-18, 6.52160320516e-18, 7.68353264468e-18, 7.22639541505e-18, 9.27343499337e-18, 1.08195918954e-17, 8.85456892914e-18, 8.33148472518e-18, 7.63339640057e-18, 6.4705773283e-18, 5.87742100029e-18, 3.90869019698e-18, 2.22777419946e-18, 8.23626114063e-19, 2.22624546629e-19, 2.30089076176e-20],
        "var": [2.87231578113e-05, 0.0332036167383, 1.89147031307, 35.8533821106, 363.606628418, 488.40020752, 483.636993408, 248.439178467, 1981.5579834, 4587.62548828, 9890.28417969, 28822.3027344, 3980.78857422, 9630.296875, 9912.67773438, 14201.65625, 10330.4824219, 2287.5246582, 2737.61791992, 3982.49462891, 2293.04321289, 994.45690918, 506.294769287, 303.485443115, 441.971069336, 144.953323364, 42.7746543884, 56.5377960205, 55.5395927429, 47.9912643433, 93.8908157349, 117.144577026, 14.2849025726, 4.27522659302, 0.386473715305, 0.103279523551, 0.0114689860493, 3.38809331879e-05, 1.3959443379e-08, 6.24578111452e-10]
    },
    "gfcc": {
        "mean": [-195.817840576, 100.372268677, -137.160095215, 14.0102519989, -71.3267288208, 0.708826005459, -43.2939910889, -2.30213356018, -24.0873584747, -13.952630043, -12.4540510178, -8.7976732254, -8.882853508],
        "cov": [[114460.539062, 10112.3769531, -15534.0400391, 1152.05737305, -7442.34423828, 383.41394043, -4623.19628906, 60.1488380432, -2936.75756836, -1603.37780762, -1403.66882324, -1022.06085205, -1355.0670166], [10112.3769531, 2602.31298828, -1452.91064453, 158.94468689, -746.211547852, -323.086151123, -293.766998291, -215.287063599, -120.743476868, -470.155334473, 58.4331321716, -230.928878784, -9.96871948242], [-15534.0400391, -1452.91064453, 3148.36547852, -27.0769348145, 1067.61767578, 40.7689247131, 579.203613281, 46.1655349731, 278.553283691, 261.03894043, 80.936668396, 177.326187134, 96.9515533447], [1152.05737305, 158.94468689, -27.0769348145, 392.743347168, -24.0851230621, -26.8116416931, -176.104217529, -50.4688949585, -17.0633907318, 0.442645579576, -37.6433563232, -61.0066871643, 23.6075649261], [-7442.34423828, -746.211547852, 1067.61767578, -24.0851230621, 986.086242676, 88.3801345825, 244.111083984, 72.6098556519, 157.552124023, 198.536880493, 77.1024780273, 40.1057128906, 113.449745178], [383.41394043, -323.086151123, 40.7689247131, -26.8116416931, 88.3801345825, 341.372650146, 13.8681144714, 87.8181838989, -101.093200684, 121.204666138, -65.5055160522, 41.5530891418, -12.4683866501], [-4623.19628906, -293.766998291, 579.203613281, -176.104217529, 244.111083984, 13.8681144714, 474.554229736, 20.7763271332, 102.832672119, -21.0415039062, 134.720901489, 49.6242752075, 40.9865112305], [60.1488380432, -215.287063599, 46.1655349731, -50.4688949585, 72.6098556519, 87.8181838989, 20.7763271332, 174.48765564, -22.8928031921, 54.8858108521, -22.4895153046, 26.419916153, -22.6658973694], [-2936.75756836, -120.743476868, 278.553283691, -17.0633907318, 157.552124023, -101.093200684, 102.832672119, -22.8928031921, 248.781906128, 8.68322181702, 63.9508323669, -2.66786623001, 50.8673973083], [-1603.37780762, -470.155334473, 261.03894043, 0.442645579576, 198.536880493, 121.204666138, -21.0415039062, 54.8858108521, 8.68322181702, 201.725982666, -33.6482315063, 46.674785614, 6.77217388153], [-1403.66882324, 58.4331321716, 80.936668396, -37.6433563232, 77.1024780273, -65.5055160522, 134.720901489, -22.4895153046, 63.9508323669, -33.6482315063, 154.901809692, 8.60970211029, 30.0442218781], [-1022.06085205, -230.928878784, 177.326187134, -61.0066871643, 40.1057128906, 41.5530891418, 49.6242752075, 26.419916153, -2.66786623001, 46.674785614, 8.60970211029, 98.8645935059, 9.89981079102], [-1355.0670166, -9.96871948242, 96.9515533447, 23.6075649261, 113.449745178, -12.4683866501, 40.9865112305, -22.6658973694, 50.8673973083, 6.77217388153, 30.0442218781, 9.89981079102, 113.935821533]],
        "icov": [[0.000104513892438, -0.00017948243476, 0.000260420754785, -0.000117313145893, 0.000179886905244, -0.00021034006204, 0.00032819842454, -0.000279305037111, 0.000348707748344, 0.000146194346598, 0.000148869134136, -7.12425244274e-05, 0.00045680970652], [-0.00017948243476, 0.00129440578166, -0.000329278875142, 0.000220879417611, -0.000143644341733, 0.000407295272453, -7.7307508036e-05, 0.000762931129429, -0.000303588341922, 0.00133172702044, -0.000878827588167, 0.00118011375889, -0.00123417563736], [0.000260420754785, -0.000329278875142, 0.00143260671757, -0.000776173372287, -0.00015682571393, -0.000145874830196, -5.7155288232e-05, -0.000392742862459, 0.000662077974994, 0.000162557786098, 0.00107173260767, -0.00118003075477, 0.00160750665236], [-0.000117313145893, 0.000220879417611, -0.000776173372287, 0.00394367147237, -2.5666415695e-06, -2.76857572317e-05, 0.00150139036123, 0.00079767376883, -8.97971549421e-05, -8.96673736861e-05, -0.000735974521376, 0.0024679498747, -0.00188940402586], [0.000179886905244, -0.000143644341733, -0.00015682571393, -2.5666415695e-06, 0.00271905469708, -0.000614489777945, 0.000511481543072, -0.00115623336751, 0.000400889606681, -0.00115736550651, -0.000783237162977, 0.00173513696063, -0.000982279423624], [-0.00021034006204, 0.000407295272453, -0.000145874830196, -2.76857572317e-05, -0.000614489777945, 0.00581387011334, -0.00222382415086, -0.000503259827383, 0.00144585187081, -0.00317692360841, 0.00160998106003, -0.000399869139073, -0.00123463431373], [0.00032819842454, -7.7307508036e-05, -5.7155288232e-05, 0.00150139036123, 0.000511481543072, -0.00222382415086, 0.00660840934142, -0.00112043763511, 0.000532993464731, 0.0036212450359, -0.00329426815733, 0.00047691425425, 0.000655348412693], [-0.000279305037111, 0.000762931129429, -0.000392742862459, 0.00079767376883, -0.00115623336751, -0.000503259827383, -0.00112043763511, 0.00825708638877, -0.000827310432214, -0.000640410988126, 0.000268170319032, -0.000660726509523, 0.000449859944638], [0.000348707748344, -0.000303588341922, 0.000662077974994, -8.97971549421e-05, 0.000400889606681, 0.00144585187081, 0.000532993464731, -0.000827310432214, 0.00749909551814, -0.000475261447718, -0.00047425943194, 0.00133742112666, -0.000332262978191], [0.000146194346598, 0.00133172702044, 0.000162557786098, -8.96673736861e-05, -0.00115736550651, -0.00317692360841, 0.0036212450359, -0.000640410988126, -0.000475261447718, 0.0129532553256, -0.000341239385307, -0.00174458185211, 0.000794010877144], [0.000148869134136, -0.000878827588167, 0.00107173260767, -0.000735974521376, -0.000783237162977, 0.00160998106003, -0.00329426815733, 0.000268170319032, -0.00047425943194, -0.000341239385307, 0.0115315597504, -0.00257767690346, 0.000543842441402], [-7.12425244274e-05, 0.00118011375889, -0.00118003075477, 0.0024679498747, 0.00173513696063, -0.000399869139073, 0.00047691425425, -0.000660726509523, 0.00133742112666, -0.00174458185211, -0.00257767690346, 0.0166187025607, -0.00358345988207], [0.00045680970652, -0.00123417563736, 0.00160750665236, -0.00188940402586, -0.000982279423624, -0.00123463431373, 0.000655348412693, 0.000449859944638, -0.000332262978191, 0.000794010877144, 0.000543842441402, -0.00358345988207, 0.0140912700444]]
    },
    "melbands": {
        "dmean": [2.57196097664e-05, 0.000131295397296, 0.000368996115867, 0.000504613097291, 0.000167398553458, 0.000103260092146, 0.000168063634192, 0.00017031171592, 0.00017670186935, 0.000176806934178, 6.38008714304e-05, 8.68923743838e-05, 6.84786427882e-05, 7.25344871171e-05, 5.32042104169e-05, 3.99835080316e-05, 2.11971564568e-05, 2.11933565879e-05, 1.53174350999e-05, 1.44285595525e-05, 1.1890044334e-05, 8.92972093425e-06, 8.93183641892e-06, 3.98791917178e-06, 3.72512204194e-06, 3.8126936488e-06, 2.72158058578e-06, 1.39167002544e-06, 5.8205608866e-07, 5.78051356115e-07, 5.73098247969e-07, 6.21361152753e-07, 5.54994699087e-07, 4.9908857136e-07, 4.53096703268e-07, 7.35669289043e-07, 4.80506457734e-07, 2.49740850222e-07, 2.55132050597e-07, 1.89245923821e-07],
        "dmean2": [4.36123154941e-05, 0.000216638334678, 0.000624420063104, 0.000839512737002, 0.000266903021839, 0.000164685305208, 0.000263332243776, 0.000268364296062, 0.000272409030003, 0.000274794874713, 9.72863708739e-05, 0.000129494495923, 0.000105163009721, 0.000111060267955, 8.4990329924e-05, 6.46848857286e-05, 3.49543406628e-05, 3.40549377142e-05, 2.44125039899e-05, 2.25907551794e-05, 1.88360736502e-05, 1.42817716551e-05, 1.4365376046e-05, 6.26258088232e-06, 5.94779567109e-06, 6.04443266639e-06, 4.10445227317e-06, 2.19573257709e-06, 9.12219093152e-07, 8.95542314083e-07, 8.58209773469e-07, 9.25666881813e-07, 8.3285715391e-07, 7.53927622554e-07, 6.7966215056e-07, 1.05515141513e-06, 6.92142748449e-07, 3.81104968028e-07, 3.77697034537e-07, 2.82134664076e-07],
        "dvar": [1.13200000484e-08, 2.64441354147e-07, 1.14608815238e-06, 1.72304714852e-06, 1.84368900591e-07, 5.75926719648e-08, 1.62310627161e-07, 2.61169390114e-07, 2.57450921026e-07, 3.23315930473e-07, 4.17168770639e-08, 5.9653636697e-08, 5.50188765658e-08, 7.34933607305e-08, 2.39400517188e-08, 1.61964610612e-08, 6.36262820208e-09, 3.58561402791e-09, 2.14753637096e-09, 2.17824247528e-09, 1.58085855517e-09, 4.96371888037e-10, 6.19431506088e-10, 9.97299812178e-11, 8.80160180849e-11, 9.12905376294e-11, 8.36525224091e-11, 1.58695018931e-11, 9.88603816865e-12, 8.95535555434e-12, 6.59894274641e-12, 8.14965716439e-12, 7.34629631433e-12, 8.50107137462e-12, 1.06379982948e-11, 5.31855531838e-11, 1.69967876579e-11, 3.38718853313e-12, 3.9817472236e-12, 1.17303215752e-12],
        "dvar2": [3.03418588032e-08, 6.82399729612e-07, 3.0717469599e-06, 4.60296132587e-06, 4.46664927267e-07, 1.41951872479e-07, 3.78707767368e-07, 6.34281605016e-07, 5.96912002493e-07, 7.51972663693e-07, 9.64380930668e-08, 1.32215660642e-07, 1.31538257619e-07, 1.61343237437e-07, 6.01498229003e-08, 4.094335182e-08, 1.79931980426e-08, 8.81246275952e-09, 5.00646279988e-09, 4.94718088717e-09, 3.77368580828e-09, 1.19366827533e-09, 1.50123480314e-09, 2.39839509364e-10, 2.10600425987e-10, 2.22416432494e-10, 1.74459210966e-10, 3.68483715762e-11, 2.22309601283e-11, 1.9536778445e-11, 1.10499942529e-11, 1.62660197811e-11, 1.54351895848e-11, 1.86615792264e-11, 2.07296332877e-11, 8.36199234855e-11, 3.60203811223e-11, 7.62944568633e-12, 8.89437828944e-12, 2.57232147909e-12],
        "max": [0.00187747157179, 0.00994229502976, 0.0267961658537, 0.0323662795126, 0.0154131837189, 0.0089992377907, 0.00822707917541, 0.012941095978, 0.0127680245787, 0.014497176744, 0.00756517797709, 0.00559611199424, 0.00764798140153, 0.0124224144965, 0.00315346475691, 0.00292999879457, 0.0027711072471, 0.0013946138788, 0.00153868366033, 0.00152810686268, 0.00165299419314, 0.000623231288046, 0.000741644995287, 0.00027192858397, 0.000222539179958, 0.000253503501881, 0.000370525405742, 0.000102653742942, 0.000221079259063, 0.000139463343658, 0.000114888869575, 0.000124937185319, 0.000122535013361, 0.000155989109771, 0.000152293257997, 0.000380682235118, 0.000189800353837, 8.80017469171e-05, 0.000120435135614, 4.46340782219e-05],
        "mean": [3.03010074276e-05, 0.000174463770236, 0.00053402245976, 0.00079928379273, 0.000322698557284, 0.000191261977307, 0.000328805763274, 0.000278046412859, 0.000304570596199, 0.00032754955464, 0.00011693937995, 0.000159180650371, 0.00011998876289, 0.000117002848128, 8.46975599416e-05, 6.21144281467e-05, 3.12560732709e-05, 3.63989238394e-05, 2.70612581517e-05, 2.5453937269e-05, 2.10361431527e-05, 1.65529399965e-05, 1.57429294632e-05, 8.01128226158e-06, 7.42770362194e-06, 7.35037701816e-06, 5.56534951102e-06, 2.61640161625e-06, 1.03182969724e-06, 1.01258603991e-06, 1.05837580122e-06, 1.0736986269e-06, 9.11157144401e-07, 7.8278486626e-07, 7.09599532911e-07, 1.09709037588e-06, 7.3313088933e-07, 4.06784039342e-07, 3.80047794124e-07, 2.81548096837e-07],
        "median": [3.3354954212e-06, 1.69823942997e-05, 9.32242401177e-05, 0.000234914245084, 8.41366127133e-05, 5.44300346519e-05, 7.36127112759e-05, 5.19374225405e-05, 5.39275570191e-05, 3.40874903486e-05, 2.11821388802e-05, 2.2236697987e-05, 1.61179341376e-05, 1.57941685757e-05, 1.41486052598e-05, 7.6145120147e-06, 4.73357113151e-06, 4.75753358842e-06, 4.1876164687e-06, 3.03694650938e-06, 3.12242764267e-06, 3.48154617313e-06, 2.90259845315e-06, 1.89327329281e-06, 1.82478129318e-06, 1.71931742443e-06, 9.30742999117e-07, 4.26960895084e-07, 1.81140237032e-07, 2.02843921215e-07, 2.56736825577e-07, 2.83900874365e-07, 2.03408006882e-07, 1.445710609e-07, 9.98452946988e-08, 8.82605206698e-08, 5.86754964615e-08, 2.84158847563e-08, 1.76164380861e-08, 1.26103936182e-08],
        "min": [5.6638556387e-25, 5.70110762279e-25, 3.99588518247e-25, 6.31384547016e-25, 8.81364411297e-25, 7.09824388785e-25, 1.2011080772e-24, 1.41535648678e-24, 9.8373932831e-25, 1.16531124565e-24, 1.2523795987e-24, 1.25082692322e-24, 1.44662821496e-24, 1.97279459304e-24, 1.75053401907e-24, 1.7417021296e-24, 1.88082583606e-24, 2.10902002454e-24, 2.19641043005e-24, 2.57161614518e-24, 1.83678491501e-24, 2.70067694472e-24, 3.1355128529e-24, 2.87515917189e-24, 3.18674680489e-24, 3.23712563167e-24, 2.55393757508e-24, 3.96548741356e-24, 3.97513399914e-24, 2.8693825407e-24, 4.01056805328e-24, 3.94457116109e-24, 4.17383110066e-24, 5.0186900861e-24, 4.16777067675e-24, 5.12780217106e-24, 3.83750380359e-24, 4.87200850052e-24, 5.65822711614e-24, 4.8658727404e-24],
        "var": [1.00024442062e-08, 2.93156091402e-07, 1.68640144693e-06, 2.54134533861e-06, 5.18414594808e-07, 1.37071069162e-07, 5.06031710756e-07, 5.92238734498e-07, 6.19152160652e-07, 9.89581280919e-07, 1.02742838237e-07, 1.74689745336e-07, 1.30643485363e-07, 1.69959221807e-07, 4.25945998472e-08, 2.82028391752e-08, 7.7943527188e-09, 7.7070962945e-09, 4.60260629609e-09, 6.18255002749e-09, 4.51048665084e-09, 1.22249110834e-09, 1.29195854015e-09, 2.76716843883e-10, 2.10777298393e-10, 2.25396021292e-10, 2.77799339088e-10, 4.05252810476e-11, 1.67990968358e-11, 1.92244831165e-11, 1.99562224384e-11, 1.92823170625e-11, 1.59045172865e-11, 1.60921085485e-11, 1.93505159812e-11, 1.11005052372e-10, 3.26545075702e-11, 6.59631897715e-12, 6.99168414137e-12, 2.15692090924e-12]
    },
    "mfcc": {
        "mean": [-760.319396973, 119.352989197, -17.3820056915, 4.55787801743, -10.3619909286, -8.19464111328, -13.0403623581, 0.863343119621, -12.1425476074, -7.64556598663, -4.91818761826, -6.78480005264, -5.30181980133],
        "cov": [[29330.6074219, 5099.88085938, -1995.99487305, -135.387023926, -437.85357666, -440.495697021, -202.050521851, 279.839019775, -760.61328125, 31.1207313538, -258.801940918, -365.870025635, -292.335876465], [5099.88085938, 2899.29394531, -222.950057983, 190.756378174, -194.566360474, -218.126373291, -172.503829956, 121.463249207, -239.191558838, -181.833755493, -59.1160469055, -101.021980286, -61.3191795349], [-1995.99487305, -222.950057983, 992.99206543, 141.466171265, 5.26579380035, 46.2078819275, 18.6172428131, -11.3725061417, 55.508480072, -87.510848999, -1.63932585716, 21.6611213684, -23.2484359741], [-135.387023926, 190.756378174, 141.466171265, 353.102050781, 124.811767578, -28.0625762939, -70.7281265259, -45.3263282776, -35.303653717, -14.5787906647, -31.9048423767, -29.6863155365, 1.92167711258], [-437.85357666, -194.566360474, 5.26579380035, 124.811767578, 480.65524292, 94.2263183594, 25.2102146149, -123.294334412, 75.5585708618, 79.250793457, -43.1728973389, 6.03933000565, 13.8617277145], [-440.495697021, -218.126373291, 46.2078819275, -28.0625762939, 94.2263183594, 213.175628662, 83.2484970093, -49.2107467651, 62.8190994263, 11.1275691986, -4.43843746185, 24.7168235779, -6.53901386261], [-202.050521851, -172.503829956, 18.6172428131, -70.7281265259, 25.2102146149, 83.2484970093, 308.578643799, 55.0363922119, 30.7340927124, 40.4012832642, -20.8827037811, 28.065404892, 25.2547187805], [279.839019775, 121.463249207, -11.3725061417, -45.3263282776, -123.294334412, -49.2107467651, 55.0363922119, 164.848083496, -11.6289319992, -3.23359656334, 28.1085472107, -0.0231830328703, 4.18419885635], [-760.61328125, -239.191558838, 55.508480072, -35.303653717, 75.5585708618, 62.8190994263, 30.7340927124, -11.6289319992, 147.908325195, 36.0174827576, -6.70320177078, 19.3979797363, 0.642844974995], [31.1207313538, -181.833755493, -87.510848999, -14.5787906647, 79.250793457, 11.1275691986, 40.4012832642, -3.23359656334, 36.0174827576, 127.653938293, 12.7009363174, 1.71974396706, 11.8332586288], [-258.801940918, -59.1160469055, -1.63932585716, -31.9048423767, -43.1728973389, -4.43843746185, -20.8827037811, 28.1085472107, -6.70320177078, 12.7009363174, 99.4183959961, 19.5454769135, -8.26440429688], [-365.870025635, -101.021980286, 21.6611213684, -29.6863155365, 6.03933000565, 24.7168235779, 28.065404892, -0.0231830328703, 19.3979797363, 1.71974396706, 19.5454769135, 83.53465271, 27.7073040009], [-292.335876465, -61.3191795349, -23.2484359741, 1.92167711258, 13.8617277145, -6.53901386261, 25.2547187805, 4.18419885635, 0.642844974995, 11.8332586288, -8.26440429688, 27.7073040009, 85.4248123169]],
