{
"lowlevel": {
    "average_loudness": 0.923989355564,
    "barkbands_crest": {
        "dmean": 2.6952662468,
        "dmean2": 4.45203208923,
        "dvar": 5.51277494431,
        "dvar2": 13.9710597992,
        "max": 26.9167804718,
        "mean": 9.60415458679,
        "median": 8.77359962463,
        "min": 2.8602013588,
        "var": 15.8913259506
    },
    "barkbands_flatness_db": {
        "dmean": 0.0170897804201,
        "dmean2": 0.0274771023542,
        "dvar": 0.000282930850517,
        "dvar2": 0.000653478258755,
        "max": 0.863923788071,
        "mean": 0.172877162695,
        "median": 0.167201250792,
        "min": 0.0582831464708,
        "var": 0.0017949353205
    },
    "barkbands_kurtosis": {
        "dmean": 13.488986969,
        "dmean2": 15.0782623291,
        "dvar": 108692.15625,
        "dvar2": 141862.78125,
        "max": 28437.84375,
        "mean": 28.6070098877,
        "median": 0.404123783112,
        "min": -1.85298633575,
        "var": 427234.53125
    },
    "barkbands_skewness": {
        "dmean": 0.498372137547,
        "dmean2": 0.759650528431,
        "dvar": 2.52589344978,
        "dvar2": 4.9483499527,
        "max": 121.007446289,
        "mean": 0.828253030777,
        "median": 0.481905996799,
        "min": -2.60886192322,
        "var": 19.9582061768
    },
    "barkbands_spread": {
        "dmean": 3.28442788124,
        "dmean2": 5.21165704727,
        "dvar": 9.79576778412,
        "dvar2": 23.3328857422,
        "max": 62.3175697327,
        "mean": 14.6249752045,
        "median": 14.0095243454,
        "min": 0.00406692363322,
        "var": 40.2708244324
    },
    "dissonance": {
        "dmean": 0.0242023207247,
        "dmean2": 0.0411950722337,
        "dvar": 0.000526456569787,
        "dvar2": 0.00148763507605,
        "max": 0.500000119209,
        "mean": 0.458528727293,
        "median": 0.466043353081,
        "min": 0.259868919849,
        "var": 0.000989550026134
    },
    "dynamic_complexity": 2.41056132317,
    "erbbands_crest": {
        "dmean": 3.30613946915,
        "dmean2": 5.39622545242,
        "dvar": 8.75401306152,
        "dvar2": 21.3149967194,
        "max": 34.0103302002,
        "mean": 11.384054184,
        "median": 10.3483009338,
        "min": 2.00179243088,
        "var": 26.6654930115
    },
    "erbbands_flatness_db": {
        "dmean": 0.0172700006515,
        "dmean2": 0.0262995809317,
        "dvar": 0.000236460007727,
        "dvar2": 0.000493534607813,
        "max": 0.386824190617,
        "mean": 0.237372472882,
        "median": 0.236428827047,
        "min": 0.0263551808894,
        "var": 0.00159653683659
    },
    "erbbands_kurtosis": {
        "dmean": 1.09831750393,
        "dmean2": 1.7606408596,
        "dvar": 2.64265704155,
        "dvar2": 6.1393494606,
        "max": 61.8945388794,
        "mean": 1.08183181286,
        "median": 0.442955255508,
        "min": -1.77049314976,
        "var": 5.93523359299
    },
    "erbbands_skewness": {
        "dmean": 0.377286493778,
        "dmean2": 0.597173571587,
        "dvar": 0.121140815318,
        "dvar2": 0.28757828474,
        "max": 6.9979095459,
        "mean": 0.166533887386,
        "median": 0.113630034029,
        "min": -3.09773468971,
        "var": 0.479716986418
    },
    "erbbands_spread": {
        "dmean": 4.86905050278,
        "dmean2": 7.63504314423,
        "dvar": 24.7546024323,
        "dvar2": 55.0312232971,
        "max": 179.992538452,
        "mean": 21.4685688019,
        "median": 18.8926582336,
        "min": 2.19090890884,
        "var": 160.027191162
    },
    "hfc": {
        "dmean": 6.55925559998,
        "dmean2": 9.65734291077,
        "dvar": 58.2738342285,
        "dvar2": 116.453186035,
        "max": 101.728981018,
        "mean": 24.028629303,
        "median": 21.6969909668,
        "min": 1.09717613643e-16,
        "var": 264.434631348
    },
    "melbands_crest": {
        "dmean": 3.27404117584,
        "dmean2": 5.44503164291,
        "dvar": 8.56953716278,
        "dvar2": 21.7197303772,
        "max": 39.9978408813,
        "mean": 11.814414978,
        "median": 10.8422365189,
        "min": 2.18247032166,
        "var": 24.4430427551
    },
    "melbands_flatness_db": {
        "dmean": 0.0189562495798,
        "dmean2": 0.030004248023,
        "dvar": 0.000387479696656,
        "dvar2": 0.000923572224565,
        "max": 0.875969111919,
        "mean": 0.207025885582,
        "median": 0.201284199953,
        "min": 0.00566419865936,
        "var": 0.00235928618349
    },
    "melbands_kurtosis": {
        "dmean": 55.7348670959,
        "dmean2": 67.8134918213,
        "dvar": 2963720.25,
        "dvar2": 4751036,
        "max": 160068.890625,
        "mean": 97.2269821167,
        "median": 1.16102647781,
        "min": -1.86233925819,
        "var": 7922379
    },
    "melbands_skewness": {
        "dmean": 0.643090188503,
        "dmean2": 0.966244578362,
        "dvar": 11.046749115,
        "dvar2": 16.4093971252,
        "max": 295.015808105,
        "mean": 1.45947432518,
        "median": 0.892542004585,
        "min": -2.02914834023,
        "var": 67.4607391357
    },
    "melbands_spread": {
        "dmean": 5.48424577713,
        "dmean2": 8.74817180634,
        "dvar": 31.3045463562,
        "dvar2": 74.1061325073,
        "max": 137.214660645,
        "mean": 23.2821540833,
        "median": 23.0225448608,
        "min": 0.00161563733127,
        "var": 114.71308136
    },
    "pitch_salience": {
        "dmean": 0.0664957761765,
        "dmean2": 0.109397470951,
        "dvar": 0.00336933648214,
        "dvar2": 0.00878027174622,
        "max": 0.892092466354,
        "mean": 0.584437251091,
        "median": 0.587692081928,
        "min": 0.00116136274301,
        "var": 0.0103486618027
    },
    "silence_rate_20dB": {
        "dmean": 0,
        "dmean2": 0,
        "dvar": 0,
        "dvar2": 0,
        "max": 1,
        "mean": 1,
        "median": 1,
        "min": 1,
        "var": 0
    },
    "silence_rate_30dB": {
        "dmean": 0.00213049259037,
        "dmean2": 0.00426155282184,
        "dvar": 0.00212611304596,
        "dvar2": 0.00610845070332,
        "max": 1,
        "mean": 0.998801767826,
        "median": 1,
        "min": 0,
        "var": 0.0011968659237
    },
    "silence_rate_60dB": {
        "dmean": 0.00825565867126,
        "dmean2": 0.0165135171264,
        "dvar": 0.00818799994886,
        "dvar2": 0.0197051670402,
        "max": 1,
        "mean": 0.0255625080317,
        "median": 0,
        "min": 0,
        "var": 0.0249116215855
    },
    "spectral_centroid": {
        "dmean": 179.923538208,
        "dmean2": 279.992645264,
        "dvar": 48396.9921875,
        "dvar2": 86943.265625,
        "max": 11104.2568359,
        "mean": 1254.83703613,
        "median": 1256.92724609,
        "min": 233.529693604,
        "var": 215845.53125
    },
    "spectral_complexity": {
        "dmean": 2.99786949158,
        "dmean2": 4.65148496628,
        "dvar": 6.75506401062,
        "dvar2": 15.1718883514,
        "max": 47,
        "mean": 20.9862861633,
        "median": 21,
        "min": 0,
        "var": 49.9824256897
    },
    "spectral_decrease": {
        "dmean": 2.16734008518e-09,
        "dmean2": 3.36002203838e-09,
        "dvar": 8.50394940136e-18,
        "dvar2": 2.03431009587e-17,
        "max": -8.28613363165e-29,
        "mean": -6.77533362747e-09,
        "median": -6.1627036807e-09,
        "min": -3.42474244519e-08,
        "var": 1.96457661956e-17
    },
    "spectral_energy": {
        "dmean": 0.0086968857795,
        "dmean2": 0.013435062021,
        "dvar": 0.000130272557726,
        "dvar2": 0.000308411661536,
        "max": 0.132015317678,
        "mean": 0.0277511160821,
        "median": 0.0253821983933,
        "min": 1.03602772291e-20,
        "var": 0.000317118887324
    },
    "spectral_energyband_high": {
        "dmean": 5.24163078808e-05,
        "dmean2": 7.67095407355e-05,
        "dvar": 6.72829303383e-09,
        "dvar2": 1.32667885566e-08,
        "max": 0.00359144364484,
        "mean": 0.000155200294103,
        "median": 0.000110692562885,
        "min": 7.17366085447e-21,
        "var": 2.69502891115e-08
    },
    "spectral_energyband_low": {
        "dmean": 0.00186199508607,
        "dmean2": 0.00305600976571,
        "dvar": 1.96816690732e-05,
        "dvar2": 4.77070097986e-05,
        "max": 0.0778833702207,
        "mean": 0.00293078203686,
        "median": 0.00125506974291,
        "min": 7.55925331339e-23,
        "var": 3.27053967339e-05
    },
    "spectral_energyband_middle_high": {
        "dmean": 0.00459415325895,
        "dmean2": 0.00694193737581,
        "dvar": 3.62424689229e-05,
        "dvar2": 7.75962325861e-05,
        "max": 0.0776790380478,
        "mean": 0.0133629338816,
        "median": 0.00967755913734,
        "min": 1.6408164455e-21,
        "var": 0.000143494035001
    },
    "spectral_energyband_middle_low": {
        "dmean": 0.00566252460703,
        "dmean2": 0.00911942776293,
        "dvar": 0.000103340527858,
        "dvar2": 0.000259696593275,
        "max": 0.127429693937,
        "mean": 0.0124116465449,
        "median": 0.00878545735031,
        "min": 2.15655537852e-22,
        "var": 0.000158687165822
    },
    "spectral_entropy": {
        "dmean": 0.113438121974,
        "dmean2": 0.177479803562,
        "dvar": 0.0119748609141,
        "dvar2": 0.0273452941328,
        "max": 9.80582332611,
        "mean": 7.28569793701,
        "median": 7.30742025375,
        "min": 6.00368976593,
        "var": 0.0811196118593
    },
    "spectral_flux": {
        "dmean": 0.0261864513159,
        "dmean2": 0.0414647348225,
        "dvar": 0.000861820823047,
        "dvar2": 0.00192241324112,
        "max": 0.350365787745,
        "mean": 0.0913925468922,
        "median": 0.08385758847,
        "min": 1.01785448126e-10,
        "var": 0.00198393454775
    },
    "spectral_kurtosis": {
        "dmean": 3.15024089813,
        "dmean2": 5.58840847015,
        "dvar": 7.54890155792,
        "dvar2": 22.8078250885,
        "max": 34.8563995361,
        "mean": 6.81031274796,
        "median": 6.08849906921,
        "min": -1.25278770924,
        "var": 13.6005373001
    },
    "spectral_rms": {
        "dmean": 0.000780070142355,
        "dmean2": 0.00117996300105,
        "dvar": 7.65873608088e-07,
        "dvar2": 1.68521034993e-06,
        "max": 0.0113488072529,
        "mean": 0.00491999043152,
        "median": 0.00497625535354,
        "min": 3.17924311009e-12,
        "var": 2.86797489935e-06
    },
    "spectral_rolloff": {
        "dmean": 238.54649353,
        "dmean2": 403.514526367,
        "dvar": 170028.109375,
        "dvar2": 325325.25,
        "max": 18970.7519531,
        "mean": 1409.89172363,
        "median": 1421.19140625,
        "min": 21.533203125,
        "var": 433101.9375
    },
    "spectral_skewness": {
        "dmean": 0.307666182518,
        "dmean2": 0.528638958931,
        "dvar": 0.0624793320894,
        "dvar2": 0.179364323616,
        "max": 4.49249172211,
        "mean": 1.63942122459,
        "median": 1.59705114365,
        "min": -0.296061903238,
        "var": 0.180182904005
    },
    "spectral_spread": {
        "dmean": 220855.046875,
        "dmean2": 338414.125,
        "dvar": 343928799232,
        "dvar2": 369881415680,
        "max": 42167392,
        "mean": 2660939,
        "median": 2551654.25,
        "min": 1353547.5,
        "var": 760076500992
    },
    "spectral_strongpeak": {
        "dmean": 1.04145944118,
        "dmean2": 1.71486783028,
        "dvar": 1.55052053928,
        "dvar2": 3.74139595032,
        "max": 13.5443515778,
        "mean": 2.11484622955,
        "median": 1.41225147247,
        "min": 0,
        "var": 3.9937505722
    },
    "zerocrossingrate": {
        "dmean": 0.00495290150866,
        "dmean2": 0.00625265296549,
        "dvar": 6.45465843263e-05,
        "dvar2": 9.44710845943e-05,
        "max": 0.6328125,
        "mean": 0.0509406514466,
        "median": 0.05078125,
        "min": 0,
        "var": 0.000371362752048
    },
    "barkbands": {
        "dmean": [1.2110032003e-05, 0.000589037605096, 0.000937597360462, 0.00154706137255, 0.00264308298938, 0.00102545809932, 0.000756594934501, 0.000767501827795, 0.00114841258619, 0.00196875911206, 0.00145077100024, 0.000880530802533, 0.00156882521696, 0.000962214136962, 0.000494472624268, 0.000299266423099, 0.000257957261056, 0.000186805598787, 0.000124492667965, 6.26212568022e-05, 2.29780671361e-05, 1.48730041474e-05, 5.70856354898e-06, 2.34343929151e-06, 9.07091362023e-07, 2.20944741613e-07, 9.99476057473e-09],
        "dmean2": [2.08917117561e-05, 0.000969329092186, 0.00162406987511, 0.00258857361041, 0.00454534869641, 0.00164974643849, 0.00122565729544, 0.00121991592459, 0.00181285094004, 0.00313798501156, 0.00231940532103, 0.00139729387593, 0.00252209091559, 0.00156133086421, 0.000809623394161, 0.000475590553833, 0.000411490153056, 0.000298951781588, 0.000197585002752, 9.92542045424e-05, 3.57951357728e-05, 2.25147687161e-05, 8.76281137607e-06, 3.55079396286e-06, 1.33738853947e-06, 3.34826069093e-07, 1.65888014436e-08],
        "dvar": [7.76068154185e-10, 3.03492925013e-06, 6.14497685092e-06, 1.54737845151e-05, 3.85173225368e-05, 3.29877821059e-06, 3.80115875487e-06, 5.16029149367e-06, 8.91742638487e-06, 1.67141115526e-05, 1.11791632662e-05, 4.33785317e-06, 1.07790865513e-05, 4.55367398899e-06, 1.01295245258e-06, 6.34423713564e-07, 3.20110871144e-07, 9.96970115352e-08, 4.6284039712e-08, 1.1247253795e-08, 1.44468959018e-09, 8.58498272471e-10, 1.90466462047e-10, 3.86837471777e-11, 2.06697701489e-12, 1.10278370366e-13, 1.59102655994e-15],
        "dvar2": [2.09007144925e-09, 6.86102066538e-06, 1.65200217452e-05, 3.80974925065e-05, 0.00010600664973, 7.92064292909e-06, 9.16298358788e-06, 1.25124943224e-05, 2.06135664484e-05, 3.95869828935e-05, 2.69626179943e-05, 1.02971380329e-05, 2.61607456196e-05, 1.0480282981e-05, 2.43279373535e-06, 1.42049736951e-06, 7.66313291933e-07, 2.39527764734e-07, 1.04801756606e-07, 2.58294630129e-08, 2.96058533245e-09, 1.71616765243e-09, 3.97839372557e-10, 8.3529114181e-11, 4.35740159233e-12, 2.48811008689e-13, 4.16465559616e-15],
        "max": [0.000924593303353, 0.0617695525289, 0.043966665864, 0.0903470814228, 0.0848339572549, 0.0445640645921, 0.074211165309, 0.0542373433709, 0.0555021241307, 0.100798934698, 0.0607697181404, 0.0457926280797, 0.0552934035659, 0.0499352775514, 0.0229870639741, 0.0269978567958, 0.0197894591838, 0.00985007733107, 0.00557570951059, 0.00438197050244, 0.00207184278406, 0.000911935290787, 0.000412616995163, 0.000367425469449, 3.42399835063e-05, 6.58985936752e-06, 2.17312526729e-06],
        "mean": [1.26129489217e-05, 0.000847806804813, 0.00116811098997, 0.00196935795248, 0.00405548047274, 0.00179655849934, 0.00120214791968, 0.001224043197, 0.00174880167469, 0.00323727540672, 0.00230237608775, 0.00137902982533, 0.00258477637544, 0.00149142777082, 0.000819218927063, 0.000534480263013, 0.000477896421216, 0.000380329584004, 0.000275653117569, 0.000136711038067, 5.43305177416e-05, 3.41178238159e-05, 1.17883255371e-05, 4.87686793349e-06, 1.62813341831e-06, 3.25680616697e-07, 1.05708517495e-08],
        "median": [6.17496334598e-06, 0.000323689950164, 0.000390537257772, 0.000651500071399, 0.00219932431355, 0.00093027332332, 0.00047214719234, 0.000354438874638, 0.000624558422714, 0.000796908512712, 0.000550175609533, 0.000489131663926, 0.000733068736736, 0.000437409820734, 0.000379581120797, 0.000264219124801, 0.000257113075349, 0.000236484309426, 0.000170882849488, 8.8423541456e-05, 3.68126020476e-05, 2.01996081159e-05, 6.51206164548e-06, 2.84641987491e-06, 9.94878405436e-07, 1.78008406237e-07, 1.72764247353e-09],
        "min": [2.0939060018e-23, 2.9343817605e-23, 1.53617787082e-23, 2.58543205786e-24, 4.88215538168e-23, 2.52044609092e-23, 9.37920748656e-24, 4.33262667095e-23, 1.47866344217e-23, 6.53796243106e-23, 8.32763854496e-23, 1.02546969943e-22, 4.50502906635e-23, 6.35048679703e-23, 1.13121341144e-22, 1.55174165472e-22, 1.48749366715e-22, 2.55966961197e-22, 2.5093423057e-22, 3.22618134624e-22, 4.95190785132e-22, 4.15628748099e-22, 6.27261145821e-22, 8.08788920082e-22, 1.15290024533e-21, 1.6258542911e-21, 1.84480320333e-21],
        "var": [6.59303556194e-10, 5.3938288147e-06, 6.73120803185e-06, 2.18266195589e-05, 4.0112860006e-05, 8.15499879536e-06, 6.73336307955e-06, 9.58621785685e-06, 1.53243199748e-05, 3.80708625016e-05, 2.23237748287e-05, 7.9242290667e-06, 2.34915387409e-05, 8.33742797113e-06, 2.03947251975e-06, 1.35040238547e-06, 6.64973981657e-07, 2.1967542807e-07, 1.32068677772e-07, 3.01415354897e-08, 4.4713068803e-09, 2.60369770189e-09, 4.0713302174e-10, 7.90075713186e-11, 4.23032312305e-12, 1.84137535948e-13, 1.3399333836e-15]
    },
    "erbbands": {
        "dmean": [0.00802176631987, 0.168691441417, 0.889028847218, 3.12334299088, 8.45829963684, 8.77841663361, 7.56785535812, 8.59458446503, 9.93506526947, 12.143989563, 18.3877372742, 25.4781913757, 36.6250610352, 68.7536010742, 53.9221572876, 36.4755859375, 65.6066589355, 51.3321762085, 32.0408782959, 17.471862793, 14.8543767929, 12.8146104813, 10.9881458282, 6.29664993286, 5.73446035385, 2.81294202805, 1.1791819334, 0.705371141434, 0.602858304977, 0.301970511675, 0.141613870859, 0.0685503408313, 0.0303137265146, 0.012303205207, 0.00574239855632, 0.00183916895185, 0.000200632915949, 1.8975146304e-05, 5.79387733524e-06, 1.01075365819e-05],
        "dmean2": [0.0134622715414, 0.278022497892, 1.5167529583, 5.19874286652, 14.768286705, 14.7257356644, 12.3628320694, 13.7245454788, 16.0677604675, 19.4400997162, 29.1008472443, 39.4815940857, 57.0263252258, 109.408737183, 86.008605957, 57.2842063904, 105.323730469, 82.4056396484, 51.6469535828, 28.3199577332, 23.7778968811, 20.4559440613, 17.5440750122, 10.0434780121, 8.98587703705, 4.46679973602, 1.85487413406, 1.08808100224, 0.920996665955, 0.455056607723, 0.215581938624, 0.103922486305, 0.0460740029812, 0.0181795302778, 0.00850738491863, 0.00274424464442, 0.000305714696879, 2.97385722661e-05, 8.88579234015e-06, 1.5527692085e-05],
        "dvar": [0.00030699474155, 0.250186949968, 5.52300262451, 59.5332374573, 644.040527344, 331.490356445, 176.205825806, 295.823577881, 664.752990723, 899.076965332, 3038.42407227, 5036.69677734, 9092.0859375, 17747.1855469, 16828.0390625, 6602.80712891, 19812.2304688, 12262.2138672, 5033.96679688, 1496.96166992, 1348.51135254, 1082.18786621, 372.076690674, 119.288452148, 110.029724121, 21.4093933105, 3.61557507515, 1.56679749489, 1.4804084301, 0.549242854118, 0.112253837287, 0.0379492416978, 0.00477198371664, 0.000482634117361, 7.09260129952e-05, 6.7363148446e-06, 1.47649501514e-07, 3.49005735423e-09, 1.13844787764e-10, 1.66624575249e-10],
        "dvar2": [0.000737860042136, 0.57012206316, 14.4111995697, 143.08744812, 1773.18798828, 864.75390625, 435.803405762, 670.658752441, 1651.78283691, 2201.38452148, 7512.52197266, 11219.2480469, 20279.5644531, 42904.5117188, 39634.0585938, 14951.8017578, 48179.0625, 28202.8476562, 11908.7714844, 3639.81176758, 3248.55981445, 2732.7409668, 898.70904541, 296.804412842, 232.101364136, 48.6446723938, 7.45237064362, 3.38891935349, 2.99670815468, 1.09614264965, 0.243041276932, 0.0787552818656, 0.0111887520179, 0.00102186959703, 0.000152283100761, 1.48718327182e-05, 3.42264144138e-07, 9.00065799669e-09, 2.84072848578e-10, 3.88549359354e-10],
        "max": [0.529469668865, 17.1300964355, 41.8896827698, 206.666381836, 383.578857422, 465.328155518, 307.232513428, 572.191467285, 772.162353516, 1148.1673584, 1505.96154785, 1736.7989502, 3952.28442383, 2038.89160156, 2570.7109375, 1788.5123291, 2290.35864258, 2794.62133789, 1599.51391602, 1252.26281738, 1234.59887695, 1342.89331055, 580.881958008, 382.659545898, 314.866485596, 196.712158203, 80.2592697144, 64.3670425415, 37.0543670654, 23.1222839355, 11.947426796, 12.5880002975, 2.71596574783, 0.651196837425, 0.181593284011, 0.0459646694362, 0.0110109308735, 0.00298488908447, 0.00047017459292, 0.00014530797489],
        "mean": [0.0121691012755, 0.242786571383, 1.20674192905, 4.27742147446, 10.3260860443, 14.3373975754, 13.6490430832, 14.9086322784, 16.5315876007, 19.001581192, 30.5529499054, 39.7583770752, 60.189666748, 118.20198822, 94.6789627075, 64.3774795532, 113.549629211, 91.5019073486, 56.0034255981, 32.6849441528, 28.8983135223, 25.9376182556, 23.6688137054, 15.0182437897, 12.928483963, 6.54605007172, 2.9293847084, 1.69160652161, 1.38429415226, 0.651655316353, 0.294037938118, 0.140953451395, 0.0619605332613, 0.0232232883573, 0.00959400739521, 0.00284941657446, 0.000284837326035, 2.75342608802e-05, 1.70160019479e-05, 3.31125156663e-05],
        "median": [0.00561955664307, 0.091782130301, 0.427818477154, 1.57096874714, 4.27059221268, 7.26146364212, 7.74266338348, 6.91473722458, 7.00502347946, 8.4336977005, 10.2929105759, 15.1036615372, 24.1265945435, 38.211353302, 30.6900501251, 29.9023323059, 37.6366539001, 33.1304130554, 27.0268192291, 18.3077220917, 15.3230257034, 14.8909015656, 15.1123571396, 9.85132694244, 8.15637111664, 4.42190074921, 1.95435762405, 1.16050863266, 0.828319311142, 0.365443229675, 0.168198347092, 0.08166000247, 0.0359746515751, 0.0139060914516, 0.00590291339904, 0.00169865903445, 0.000118752403068, 1.04311720861e-05, 1.47291639223e-05, 3.05307512463e-05],
        "min": [5.84085135026e-22, 5.70146717613e-21, 2.3308238755e-20, 1.69055942419e-20, 1.09660897695e-19, 1.36190001656e-19, 2.26309507011e-19, 1.75759000513e-19, 2.88086172741e-19, 2.09360408239e-19, 7.52297812855e-19, 4.13873744883e-19, 1.1764236084e-18, 3.33471701455e-18, 3.55720461109e-18, 3.46446918582e-18, 2.05104747518e-18, 2.2451418904e-18, 3.90367417374e-18, 7.13727001277e-18, 7.78628088446e-18, 8.93586754847e-18, 1.36601772682e-17, 1.30700269145e-17, 1.34295493872e-17, 1.46202469277e-17, 1.69536721505e-17, 1.7695831831e-17, 1.71721917616e-17, 1.49609775112e-17, 1.56076871665e-17, 1.47471959906e-17, 1.37277885299e-17, 1.14295929294e-17, 7.65108648515e-18, 5.55379857975e-18, 2.78535803882e-18, 8.73852210665e-19, 2.63966775151e-19, 3.02114018556e-20],
        "var": [0.000570038682781, 0.431083083153, 6.67488002777, 98.2363891602, 511.263946533, 481.627593994, 389.475524902, 801.920166016, 1102.90112305, 1385.01794434, 5444.94824219, 8909.00585938, 16595.4628906, 40479.2890625, 37063.8554688, 13130.3916016, 41783.1914062, 26652.4355469, 9807.97265625, 2937.64379883, 3094.85595703, 1836.97290039, 817.793884277, 437.301452637, 286.897613525, 61.6537742615, 13.2456378937, 4.2243142128, 4.24282741547, 1.36095893383, 0.2392757833, 0.0739192292094, 0.00936954189092, 0.00103151390795, 0.000131349195726, 1.19020769489e-05, 2.20171131105e-07, 3.64540619913e-09, 1.79511169818e-10, 4.34054708842e-10]
    },
    "gfcc": {
        "mean": [-29.4691314697, 140.977783203, -172.963348389, 23.9666252136, -55.5149345398, 4.48157262802, -30.1397361755, -7.96655130386, -24.1197948456, -14.2111196518, -7.63080120087, -10.4647912979, -2.03219270706],
        "cov": [[5478.72509766, 381.474273682, -535.351623535, -45.4737625122, -128.575485229, -29.0664348602, -135.129867554, -71.3087463379, -242.289016724, -33.1139144897, -119.90549469, -79.7186279297, -140.159744263], [381.474273682, 603.467651367, 197.189697266, 30.0930366516, 24.220451355, -119.008506775, -27.7891616821, -69.9074630737, 0.180714488029, -46.9803466797, 0.858489215374, -60.6310081482, 12.4655580521], [-535.351623535, 197.189697266, 595.149047852, 159.194564819, 11.0792503357, -14.6490402222, -78.5631561279, 2.43997454643, 2.33062577248, 18.3357105255, -43.2515296936, -12.9536714554, 10.4512329102], [-45.4737625122, 30.0930366516, 159.194564819, 290.61315918, 24.7217140198, -9.97026252747, -67.6817855835, -6.0153222084, 48.172252655, 6.11090183258, -23.2539196014, -20.5229740143, 29.5437965393], [-128.575485229, 24.220451355, 11.0792503357, 24.7217140198, 190.27507019, 31.1002540588, 12.2095680237, 9.06797599792, -20.7420406342, 15.8728580475, -5.2673201561, 0.932755589485, 5.94594669342], [-29.0664348602, -119.008506775, -14.6490402222, -9.97026252747, 31.1002540588, 157.2162323, 51.31690979, 10.3500537872, -33.7161254883, 11.2421560287, 2.49276518822, 2.33701300621, -1.2377114296], [-135.129867554, -27.7891616821, -78.5631561279, -67.6817855835, 12.2095680237, 51.31690979, 159.987213135, 15.5648736954, -28.1072635651, -22.225730896, 31.4619121552, -2.6191034317, -15.5346240997], [-71.3087463379, -69.9074630737, 2.43997454643, -6.0153222084, 9.06797599792, 10.3500537872, 15.5648736954, 104.914649963, 23.2558841705, 17.1409435272, -17.3477878571, 3.19145488739, -2.76951694489], [-242.289016724, 0.180714488029, 2.33062577248, 48.172252655, -20.7420406342, -33.7161254883, -28.1072635651, 23.2558841705, 127.770202637, 16.8265781403, -0.659874856472, -4.35897779465, 11.026930809], [-33.1139144897, -46.9803466797, 18.3357105255, 6.11090183258, 15.8728580475, 11.2421560287, -22.225730896, 17.1409435272, 16.8265781403, 78.1875534058, 11.1961050034, 5.38314437866, -1.31655550003], [-119.90549469, 0.858489215374, -43.2515296936, -23.2539196014, -5.2673201561, 2.49276518822, 31.4619121552, -17.3477878571, -0.659874856472, 11.1961050034, 76.2391738892, 22.9745979309, -3.07925987244], [-79.7186279297, -60.6310081482, -12.9536714554, -20.5229740143, 0.932755589485, 2.33701300621, -2.6191034317, 3.19145488739, -4.35897779465, 5.38314437866, 22.9745979309, 74.7885742188, 26.695066452], [-140.159744263, 12.4655580521, 10.4512329102, 29.5437965393, 5.94594669342, -1.2377114296, -15.5346240997, -2.76951694489, 11.026930809, -1.31655550003, -3.07925987244, 26.695066452, 82.1962814331]],
        "icov": [[0.000454413966509, -0.000897893507499, 0.000986092607491, -0.000593433680478, 0.000700260687154, -0.00053353223484, 0.000561139429919, -0.000305962166749, 0.00118861475494, -0.000731076055672, 0.00130725768395, -0.000905821390916, 0.00120799150318], [-0.000897893507499, 0.00498667312786, -0.00323913688771, 0.001976266969, -0.00242881989107, 0.00338086183183, -0.0012003040174, 0.00201522279531, -0.00244260136969, 0.00315202842467, -0.00424775760621, 0.00522556435317, -0.0039962278679], [0.000986092607491, -0.00323913688771, 0.00475851679221, -0.00272908457555, 0.00204576714896, -0.00195648195222, 0.00165606383234, -0.00132401532028, 0.00321066332981, -0.00281246239319, 0.00431844871491, -0.00352521683089, 0.00347040221095], [-0.000593433680478, 0.001976266969, -0.00272908457555, 0.0059889270924, -0.00200628628954, 0.000652975693811, 0.000811196456198, 0.00105236808304, -0.0033577401191, 0.00218783318996, -0.00259720091708, 0.00387359107845, -0.00364332459867], [0.000700260687154, -0.00242881989107, 0.00204576714896, -0.00200628628954, 0.00722860358655, -0.00215397588909, 0.000179793205461, -0.00122269219719, 0.00309822335839, -0.00324339326471, 0.00328885135241, -0.0026898290962, 0.00199006241746], [-0.00053353223484, 0.00338086183183, -0.00195648195222, 0.000652975693811, -0.00215397588909, 0.0103216320276, -0.00371497147717, 0.00122578558512, 0.00049336347729, -0.000315912882797, -0.00144928414375, 0.00305789918639, -0.00287666008808], [0.000561139429919, -0.0012003040174, 0.00165606383234, 0.000811196456198, 0.000179793205461, -0.00371497147717, 0.0110041666776, -0.00338406627998, 0.00223192968406, 0.00345255830325, -0.00388202955946, 0.00122948212083, 0.00174464599695], [-0.000305962166749, 0.00201522279531, -0.00132401532028, 0.00105236808304, -0.00122269219719, 0.00122578558512, -0.00338406627998, 0.0130062615499, -0.00361418235116, -0.00216259039007, 0.00367539818399, -0.000361360609531, -0.000426412181696], [0.00118861475494, -0.00244260136969, 0.00321066332981, -0.0033577401191, 0.00309822335839, 0.00049336347729, 0.00223192968406, -0.00361418235116, 0.0133814942092, -0.00381654151715, 0.00227052043192, -0.0012231284054, 0.0019052233547], [-0.000731076055672, 0.00315202842467, -0.00281246239319, 0.00218783318996, -0.00324339326471, -0.000315912882797, 0.00345255830325, -0.00216259039007, -0.00381654151715, 0.01872683689, -0.00828020088375, 0.00387601321563, -0.00210096105002], [0.00130725768395, -0.00424775760621, 0.00431844871491, -0.00259720091708, 0.00328885135241, -0.00144928414375, -0.00388202955946, 0.00367539818399, 0.00227052043192, -0.00828020088375, 0.0245500076562, -0.0114711951464, 0.00659615825862], [-0.000905821390916, 0.00522556435317, -0.00352521683089, 0.00387359107845, -0.0026898290962, 0.00305789918639, 0.00122948212083, -0.000361360609531, -0.0012231284054, 0.00387601321563, -0.0114711951464, 0.0241423435509, -0.0108646498993], [0.00120799150318, -0.0039962278679, 0.00347040221095, -0.00364332459867, 0.00199006241746, -0.00287666008808, 0.00174464599695, -0.000426412181696, 0.0019052233547, -0.00210096105002, 0.00659615825862, -0.0108646498993, 0.0193146429956]]
    },
    "melbands": {
        "dmean": [0.000117158953799, 0.000378217198886, 0.00068512908183, 0.000647070410196, 0.000267908675596, 0.000191200888366, 0.000153516244609, 0.000138896342833, 0.000155371730216, 0.000167947873706, 0.000196987311938, 0.000294163502986, 0.000199227622943, 0.000107544903585, 0.000140631789691, 0.000139278752613, 9.55577052082e-05, 5.75974154344e-05, 3.03887591144e-05, 2.23684801313e-05, 1.8166114387e-05, 1.42560866152e-05, 1.44888681461e-05, 8.80365223566e-06, 5.34890932613e-06, 5.25731320522e-06, 3.38796780852e-06, 1.74404260633e-06, 8.97486472695e-07, 5.66252708722e-07, 4.16134014358e-07, 3.85056921459e-07, 2.70436657956e-07, 1.53947112835e-07, 9.43033029444e-08, 6.03216250283e-08, 3.80517271026e-08, 2.45557991718e-08, 1.4512253621e-08, 9.87019976861e-09],
        "dmean2": [0.000194593332708, 0.000637952995021, 0.00114889489487, 0.00112147722393, 0.000436927599367, 0.000306289031869, 0.000247958494583, 0.000221725334995, 0.000246518698987, 0.000263369700406, 0.000306399975671, 0.000469597609481, 0.000319004146149, 0.000170648025232, 0.000224650473683, 0.000224231233005, 0.000153585831868, 9.34318595682e-05, 4.98916087963e-05, 3.58895922545e-05, 2.95484551316e-05, 2.29130455409e-05, 2.35870174947e-05, 1.40528500197e-05, 8.65075799084e-06, 8.32452224131e-06, 5.38436506758e-06, 2.81350480691e-06, 1.43798092722e-06, 8.97435882052e-07, 6.49727496693e-07, 5.93166646468e-07, 4.21017119834e-07, 2.37808009729e-07, 1.47231531855e-07, 9.25893033354e-08, 5.91513718007e-08, 3.83267035886e-08, 2.19875264662e-08, 1.49133736471e-08],
        "dvar": [1.01433684563e-07, 1.02361070731e-06, 3.02169382849e-06, 2.56524458564e-06, 2.18713665845e-07, 1.32239918571e-07, 1.49425503082e-07, 1.14478432067e-07, 2.02824978146e-07, 2.2213363593e-07, 2.43275877665e-07, 3.39729609777e-07, 2.21974872261e-07, 6.21435702897e-08, 1.21546577247e-07, 8.46841459179e-08, 4.41561844866e-08, 1.93176159513e-08, 3.85019793825e-09, 3.73189212866e-09, 2.62139199236e-09, 1.47663825611e-09, 7.25885185293e-10, 1.94419758071e-10, 1.00305021233e-10, 9.8019967143e-11, 3.48641879255e-11, 9.12615122362e-12, 2.2292257016e-12, 1.04827192933e-12, 5.29431099655e-13, 5.79302014345e-13, 3.87350037028e-13, 1.56998329268e-13, 5.78425518203e-14, 2.32448236278e-14, 1.16531065938e-14, 3.30660846773e-15, 8.25244824631e-16, 2.86252508124e-16],
        "dvar2": [2.32344433471e-07, 2.58428781308e-06, 7.72190196585e-06, 7.08125890014e-06, 5.51051869024e-07, 3.08442594132e-07, 3.63262643077e-07, 2.71592568879e-07, 5.02156865423e-07, 5.04161448589e-07, 5.41567544587e-07, 8.20250193101e-07, 5.3594635574e-07, 1.43132595554e-07, 2.89044692181e-07, 2.008346911e-07, 1.01778205419e-07, 4.60174156558e-08, 9.68061986129e-09, 8.12759903823e-09, 6.57508625324e-09, 3.57263085782e-09, 1.82990422815e-09, 4.50069481683e-10, 2.53635529246e-10, 2.20846202437e-10, 7.54287396432e-11, 2.17285512499e-11, 4.85576683029e-12, 2.2491971393e-12, 1.19724401833e-12, 1.19872644797e-12, 8.77868144931e-13, 3.16924329662e-13, 1.26610717353e-13, 5.27875947164e-14, 2.47078545097e-14, 7.98194975691e-15, 1.87462854315e-15, 6.23546004039e-16],
        "max": [0.0112693533301, 0.0209877956659, 0.0310697127134, 0.0218077320606, 0.0102416817099, 0.0109868086874, 0.0108970245346, 0.0100214714184, 0.0117933927104, 0.0100316228345, 0.0196841098368, 0.00862708687782, 0.00892062671483, 0.00563830882311, 0.00680825812742, 0.00579809537157, 0.00504193874076, 0.0035203229636, 0.00130640796851, 0.00268400553614, 0.00185463600792, 0.00151146552525, 0.000694843649399, 0.000408260792028, 0.000370793131879, 0.000282184570096, 0.00017722172197, 0.000120371252706, 5.47721247131e-05, 5.79413572268e-05, 2.8022837796e-05, 2.07661923923e-05, 2.30046753131e-05, 1.20781833175e-05, 1.11934805318e-05, 8.01663645689e-06, 6.72941814628e-06, 2.16840271605e-06, 7.54227812649e-07, 4.34966153762e-07],
        "mean": [0.000173989334144, 0.000529227487277, 0.000907063717023, 0.000938140437938, 0.000509035889991, 0.000332109106239, 0.0002552367514, 0.000217173117562, 0.000250506564043, 0.000253480044194, 0.000312229269184, 0.000495475309435, 0.000330989103531, 0.000174261018401, 0.000220030298806, 0.000243712318479, 0.00015635532327, 9.20020320336e-05, 5.07254262629e-05, 3.93744812754e-05, 3.2064755942e-05, 2.5881725378e-05, 2.67002251348e-05, 1.74638098542e-05, 1.12842344606e-05, 1.07246369225e-05, 6.93593074175e-06, 3.64120660379e-06, 1.96620612769e-06, 1.21130381103e-06, 8.86089651431e-07, 8.31213753827e-07, 5.50998493054e-07, 2.95313697052e-07, 1.788351085e-07, 1.15160176506e-07, 7.32878362442e-08, 4.72407748475e-08, 2.67387250119e-08, 1.70422538304e-08],
        "median": [7.38396702218e-05, 0.000199222500669, 0.000361834594514, 0.000457350368379, 0.000315937038977, 0.000160987154231, 0.00010788806685, 9.295604832e-05, 8.42590743559e-05, 8.66499249241e-05, 0.000113276393677, 0.000138015835546, 8.71523225214e-05, 5.97418911639e-05, 5.98305887252e-05, 7.33420238248e-05, 4.566813368e-05, 3.60104822903e-05, 2.48876676778e-05, 1.93436098925e-05, 1.55048546731e-05, 1.32060513351e-05, 1.44431141962e-05, 1.0612294318e-05, 6.62136380924e-06, 6.2648250605e-06, 4.42272767032e-06, 2.27096074923e-06, 1.20934623737e-06, 7.7168124335e-07, 5.79124616706e-07, 4.81779352413e-07, 3.06414705165e-07, 1.55478005581e-07, 9.76184963974e-08, 6.45489066642e-08, 4.06918871931e-08, 2.66048303388e-08, 1.57179762539e-08, 9.97697569005e-09],
        "min": [8.45287967999e-24, 1.38472667444e-23, 6.40245742679e-24, 9.02694953794e-24, 6.89536138619e-24, 4.28423178991e-24, 4.07292159138e-24, 3.34846723477e-24, 4.77318040074e-24, 2.11278722979e-24, 5.88544035609e-24, 1.26873619569e-23, 1.10718355653e-23, 1.24696734235e-23, 5.41455902657e-24, 4.11914016296e-24, 3.51667644002e-24, 5.54482165569e-24, 9.30764360296e-24, 9.48235972739e-24, 8.64796655958e-24, 8.5029557814e-24, 1.59364891212e-23, 8.45204348743e-24, 1.07847675042e-23, 9.41382743624e-24, 1.04233698131e-23, 9.0496789872e-24, 8.58370358365e-24, 1.11214730601e-23, 9.74623448904e-24, 9.32663779583e-24, 7.82533925217e-24, 9.23151300358e-24, 9.58936870918e-24, 7.0696199713e-24, 9.42934511911e-24, 8.60340932907e-24, 6.91562170082e-24, 1.08916905001e-23],
        "var": [1.87867271961e-07, 1.32629224936e-06, 3.69205599782e-06, 2.6131622235e-06, 4.29514898315e-07, 3.41799847092e-07, 2.6797999908e-07, 1.92026746504e-07, 3.48573138353e-07, 3.85563851069e-07, 4.60527729729e-07, 7.82622123552e-07, 4.64427415636e-07, 1.31561932903e-07, 2.28662017321e-07, 2.05305653367e-07, 9.00645105162e-08, 3.40281296474e-08, 6.93649848671e-09, 8.20531731449e-09, 5.19594411941e-09, 2.57111443247e-09, 1.35581756933e-09, 4.71054639739e-10, 3.41542044646e-10, 2.28604191133e-10, 8.59634932682e-11, 2.33127735866e-11, 7.12111966616e-12, 2.63404706033e-12, 1.30862302331e-12, 1.57225588885e-12, 9.35663113828e-13, 3.31885018599e-13, 1.11165783068e-13, 4.14176681775e-14, 2.29541574957e-14, 5.9358510403e-15, 1.58847508494e-15, 5.5159886668e-16]
    },
    "mfcc": {
        "mean": [-650.86151123, 158.539520264, -47.5419807434, 18.6303539276, -9.63799762726, 6.47347164154, -1.50082838535, 3.602009058, -9.50510978699, -4.12631416321, -4.95459604263, -7.57643890381, -7.25504875183],
        "cov": [[2651.56542969, 54.6088790894, -207.870498657, 38.2932662964, 1.33285152912, 45.9270629883, 83.1103439331, -28.9562473297, -47.8873291016, 22.227596283, -51.1032447815, 16.6855735779, -37.4627342224], [54.6088790894, 635.439819336, 109.515403748, 77.3414993286, 27.2704219818, -26.697555542, 7.61219549179, -36.0802345276, -21.0863361359, -23.0413913727, -16.3219661713, -19.1780281067, -4.88629579544], [-207.870498657, 109.515403748, 498.669555664, 130.799713135, 60.4256820679, 9.31902217865, -59.8265228271, -36.7434196472, 20.2975673676, 0.0431371219456, -53.2829017639, 6.07997894287, 39.6657180786], [38.2932662964, 77.3414993286, 130.799713135, 239.672805786, 95.5320205688, -1.42540514469, -47.6197662354, -30.3094825745, 25.3255558014, 8.95827293396, -48.577331543, 12.4534950256, 35.8248138428], [1.33285152912, 27.2704219818, 60.4256820679, 95.5320205688, 184.988265991, 27.0986824036, -31.7084178925, -30.2994537354, 39.4026870728, 8.68385601044, -36.519317627, 11.6452980042, 24.0482902527], [45.9270629883, -26.697555542, 9.31902217865, -1.42540514469, 27.0986824036, 112.566833496, 50.0832633972, -5.00157403946, -1.87966537476, 0.0508167296648, -11.1569061279, 3.80592632294, -5.32592487335], [83.1103439331, 7.61219549179, -59.8265228271, -47.6197662354, -31.7084178925, 50.0832633972, 180.086456299, 34.6440658569, -20.0179977417, 1.88089966774, 8.50741481781, -2.98821783066, -27.9087429047], [-28.9562473297, -36.0802345276, -36.7434196472, -30.3094825745, -30.2994537354, -5.00157403946, 34.6440658569, 90.7674484253, 10.8520889282, -6.60485172272, 22.2042961121, -7.30971574783, -11.1617307663], [-47.8873291016, -21.0863361359, 20.2975673676, 25.3255558014, 39.4026870728, -1.87966537476, -20.0179977417, 10.8520889282, 93.0872039795, 31.9621696472, -22.086523056, 2.113697052, 10.7172689438], [22.227596283, -23.0413913727, 0.0431371219456, 8.95827293396, 8.68385601044, 0.0508167296648, 1.88089966774, -6.60485172272, 31.9621696472, 83.5036010742, 14.3138580322, -1.46926093102, -6.96978473663], [-51.1032447815, -16.3219661713, -53.2829017639, -48.577331543, -36.519317627, -11.1569061279, 8.50741481781, 22.2042961121, -22.086523056, 14.3138580322, 105.976982117, 12.8059806824, -26.999162674], [16.6855735779, -19.1780281067, 6.07997894287, 12.4534950256, 11.6452980042, 3.80592632294, -2.98821783066, -7.30971574783, 2.113697052, -1.46926093102, 12.8059806824, 75.1029129028, 33.457485199], [-37.4627342224, -4.88629579544, 39.6657180786, 35.8248138428, 24.0482902527, -5.32592487335, -27.9087429047, -11.1617307663, 10.7172689438, -6.96978473663, -26.999162674, 33.457485199, 81.0480117798]],
