{
"lowlevel": {
    "average_loudness": 0.682036697865,
    "barkbands_crest": {
        "dmean": 2.68136930466,
        "dmean2": 4.38272285461,
        "dvar": 5.93894815445,
        "dvar2": 14.7236480713,
        "max": 26.8903636932,
        "mean": 10.0786800385,
        "median": 9.13871669769,
        "min": 2.51136732101,
        "var": 20.2582321167
    },
    "barkbands_flatness_db": {
        "dmean": 0.0242255385965,
        "dmean2": 0.0362425222993,
        "dvar": 0.000545769929886,
        "dvar2": 0.00112079142127,
        "max": 0.579012215137,
        "mean": 0.164534285665,
        "median": 0.155331239104,
        "min": 0.0350854173303,
        "var": 0.00338764861226
    },
    "barkbands_kurtosis": {
        "dmean": 4.67363214493,
        "dmean2": 7.13934183121,
        "dvar": 1164.98999023,
        "dvar2": 2508.03955078,
        "max": 3357.91064453,
        "mean": 6.89577579498,
        "median": 2.13980674744,
        "min": -1.92697644234,
        "var": 1531.11779785
    },
    "barkbands_skewness": {
        "dmean": 0.675029993057,
        "dmean2": 1.01457428932,
        "dvar": 0.784314334393,
        "dvar2": 1.4748467207,
        "max": 56.884853363,
        "mean": 1.57859420776,
        "median": 1.38320922852,
        "min": -5.99121141434,
        "var": 2.98868513107
    },
    "barkbands_spread": {
        "dmean": 5.20991277695,
        "dmean2": 8.10504817963,
        "dvar": 52.1361236572,
        "dvar2": 116.030319214,
        "max": 115.735084534,
        "mean": 16.3414287567,
        "median": 14.1843795776,
        "min": 0.165791034698,
        "var": 124.037849426
    },
    "dissonance": {
        "dmean": 0.0239059180021,
        "dmean2": 0.0392771586776,
        "dvar": 0.000595205987338,
        "dvar2": 0.00147416850086,
        "max": 0.500000119209,
        "mean": 0.450229525566,
        "median": 0.461293905973,
        "min": 0.204104050994,
        "var": 0.00176878378261
    },
    "dynamic_complexity": 4.80960226059,
    "erbbands_crest": {
        "dmean": 2.98111796379,
        "dmean2": 4.85702848434,
        "dvar": 7.65051031113,
        "dvar2": 18.8107128143,
        "max": 31.1323223114,
        "mean": 10.1692113876,
        "median": 9.05329322815,
        "min": 2.58208847046,
        "var": 21.879732132
    },
    "erbbands_flatness_db": {
        "dmean": 0.0222807209939,
        "dmean2": 0.0318561717868,
        "dvar": 0.000458915805211,
        "dvar2": 0.000915078853723,
        "max": 0.407719790936,
        "mean": 0.195068359375,
        "median": 0.193750172853,
        "min": 0.0539419576526,
        "var": 0.00261295959353
    },
    "erbbands_kurtosis": {
        "dmean": 1.50272500515,
        "dmean2": 2.40507531166,
        "dvar": 6.35642147064,
        "dvar2": 14.45221138,
        "max": 48.5674629211,
        "mean": 1.37712454796,
        "median": 0.3188829422,
        "min": -1.85178029537,
        "var": 13.2984266281
    },
    "erbbands_skewness": {
        "dmean": 0.474017649889,
        "dmean2": 0.726735830307,
        "dvar": 0.270691305399,
        "dvar2": 0.555720388889,
        "max": 6.50917959213,
        "mean": 0.511438429356,
        "median": 0.475926220417,
        "min": -4.58348464966,
        "var": 0.917113661766
    },
    "erbbands_spread": {
        "dmean": 8.27310276031,
        "dmean2": 12.8413047791,
        "dvar": 101.037284851,
        "dvar2": 230.614334106,
        "max": 144.406204224,
        "mean": 31.0715179443,
        "median": 27.767168045,
        "min": 1.46435105801,
        "var": 298.38192749
    },
    "hfc": {
        "dmean": 5.02901983261,
        "dmean2": 7.03504228592,
        "dvar": 60.8424110413,
        "dvar2": 118.848190308,
        "max": 244.576126099,
        "mean": 15.8655042648,
        "median": 10.2036733627,
        "min": 1.16496226414e-16,
        "var": 280.579345703
    },
    "melbands_crest": {
        "dmean": 3.30070114136,
        "dmean2": 5.36299228668,
        "dvar": 8.86278343201,
        "dvar2": 22.2915935516,
        "max": 39.9828643799,
        "mean": 13.0683164597,
        "median": 12.004573822,
        "min": 2.0153002739,
        "var": 31.5590782166
    },
    "melbands_flatness_db": {
        "dmean": 0.0283148810267,
        "dmean2": 0.0418652370572,
        "dvar": 0.000871133175679,
        "dvar2": 0.00165874499362,
        "max": 0.559698224068,
        "mean": 0.203221678734,
        "median": 0.196473032236,
        "min": 0.00550638744608,
        "var": 0.00544611644
    },
    "melbands_kurtosis": {
        "dmean": 7.9409031868,
        "dmean2": 12.6472759247,
        "dvar": 5125.13134766,
        "dvar2": 13546.4677734,
        "max": 6069.87988281,
        "mean": 13.1914587021,
        "median": 5.37219238281,
        "min": -1.85914885998,
        "var": 4393.95898438
    },
    "melbands_skewness": {
        "dmean": 0.782899141312,
        "dmean2": 1.19394862652,
        "dvar": 1.26432657242,
        "dvar2": 2.7957482338,
        "max": 75.2295837402,
        "mean": 2.23436641693,
        "median": 1.9026696682,
        "min": -3.52379131317,
        "var": 3.94793844223
    },
    "melbands_spread": {
        "dmean": 7.81932210922,
        "dmean2": 12.3979549408,
        "dvar": 202.676528931,
        "dvar2": 458.472381592,
        "max": 242.72215271,
        "mean": 21.6786212921,
        "median": 17.2806129456,
        "min": 0.151279494166,
        "var": 376.412567139
    },
    "pitch_salience": {
        "dmean": 0.0697235316038,
        "dmean2": 0.113317072392,
        "dvar": 0.00401040026918,
        "dvar2": 0.0097179627046,
        "max": 0.959924757481,
        "mean": 0.588936269283,
        "median": 0.598406195641,
        "min": 0.00283026369289,
        "var": 0.0169242918491
    },
    "silence_rate_20dB": {
        "dmean": 0,
        "dmean2": 0,
        "dvar": 0,
        "dvar2": 0,
        "max": 1,
        "mean": 1,
        "median": 1,
        "min": 1,
        "var": 0
    },
    "silence_rate_30dB": {
        "dmean": 0.00130329548847,
        "dmean2": 0.00260683358647,
        "dvar": 0.00130176136736,
        "dvar2": 0.00371790630743,
        "max": 1,
        "mean": 0.999255299568,
        "median": 1,
        "min": 0,
        "var": 0.000744048622437
    },
    "silence_rate_60dB": {
        "dmean": 0.0512008927763,
        "dmean2": 0.102411322296,
        "dvar": 0.0485818125308,
        "dvar2": 0.107200063765,
        "max": 1,
        "mean": 0.193986788392,
        "median": 0,
        "min": 0,
        "var": 0.156334772706
    },
    "spectral_centroid": {
        "dmean": 264.958679199,
        "dmean2": 402.415740967,
        "dvar": 155242.390625,
        "dvar2": 283413.25,
        "max": 11434.8466797,
        "mean": 1185.15991211,
        "median": 1002.43200684,
        "min": 171.635803223,
        "var": 559272.5
    },
    "spectral_complexity": {
        "dmean": 2.78923845291,
        "dmean2": 4.17000293732,
        "dvar": 8.42492294312,
        "dvar2": 16.6024608612,
        "max": 52,
        "mean": 15.1546125412,
        "median": 13,
        "min": 0,
        "var": 107.580131531
    },
    "spectral_decrease": {
        "dmean": 1.73629011169e-09,
        "dmean2": 2.62121058192e-09,
        "dvar": 7.36425416312e-18,
        "dvar2": 1.69972248641e-17,
        "max": 3.16919897366e-29,
        "mean": -4.74115191551e-09,
        "median": -3.73048214541e-09,
        "min": -4.85683173679e-08,
        "var": 1.94777889743e-17
    },
    "spectral_energy": {
        "dmean": 0.00692196097225,
        "dmean2": 0.0104022677988,
        "dvar": 0.000114296817628,
        "dvar2": 0.000262136978563,
        "max": 0.189570382237,
        "mean": 0.0193332061172,
        "median": 0.0152503699064,
        "min": 1.05387107501e-20,
        "var": 0.000317989557516
    },
    "spectral_energyband_high": {
        "dmean": 0.000242654175963,
        "dmean2": 0.000333471194608,
        "dvar": 4.82527752865e-07,
        "dvar2": 8.82993447249e-07,
        "max": 0.028667928651,
        "mean": 0.000443326542154,
        "median": 0.000111496941827,
        "min": 7.35651219849e-21,
        "var": 1.09396103198e-06
    },
    "spectral_energyband_low": {
        "dmean": 0.000848789466545,
        "dmean2": 0.00138018664438,
        "dvar": 3.04160516862e-06,
        "dvar2": 7.77652167017e-06,
        "max": 0.0303373038769,
        "mean": 0.00139638315886,
        "median": 0.000552549667191,
        "min": 3.49221717657e-23,
        "var": 4.82354198539e-06
    },
    "spectral_energyband_middle_high": {
        "dmean": 0.00170104391873,
        "dmean2": 0.00253004720435,
        "dvar": 8.26843825052e-06,
        "dvar2": 1.97631434276e-05,
        "max": 0.0642711520195,
        "mean": 0.00487388903275,
        "median": 0.0021674411837,
        "min": 1.21387634079e-21,
        "var": 4.43618155259e-05
    },
    "spectral_energyband_middle_low": {
        "dmean": 0.00597124779597,
        "dmean2": 0.00916377548128,
        "dvar": 9.65841172729e-05,
        "dvar2": 0.000227081516641,
        "max": 0.175225451589,
        "mean": 0.0134334424511,
        "median": 0.00970304012299,
        "min": 2.06665249835e-22,
        "var": 0.000199636910111
    },
    "spectral_entropy": {
        "dmean": 0.197852060199,
        "dmean2": 0.284049332142,
        "dvar": 0.0440130792558,
        "dvar2": 0.0840200558305,
        "max": 9.79590892792,
        "mean": 7.32180309296,
        "median": 7.4009308815,
        "min": 4.75821733475,
        "var": 0.290446609259
    },
    "spectral_flux": {
        "dmean": 0.0201479848474,
        "dmean2": 0.0319156721234,
        "dvar": 0.000566062051803,
        "dvar2": 0.00120580580551,
        "max": 0.356454014778,
        "mean": 0.0715022012591,
        "median": 0.0666684284806,
        "min": 6.67708943691e-11,
        "var": 0.00199357769452
    },
    "spectral_kurtosis": {
        "dmean": 2.42320990562,
        "dmean2": 3.99010539055,
        "dvar": 8.30857276917,
        "dvar2": 22.104675293,
        "max": 68.7089157104,
        "mean": 6.15108680725,
        "median": 5.2429523468,
        "min": -1.22472906113,
        "var": 19.6216583252
    },
    "spectral_rms": {
        "dmean": 0.000730042171199,
        "dmean2": 0.00105400150642,
        "dvar": 7.21432172668e-07,
        "dvar2": 1.45552962749e-06,
        "max": 0.013599511236,
        "mean": 0.00382474623621,
        "median": 0.00385725405067,
        "min": 3.20650428952e-12,
        "var": 4.23304936703e-06
    },
    "spectral_rolloff": {
        "dmean": 452.475036621,
        "dmean2": 751.625671387,
        "dvar": 788782.9375,
        "dvar2": 1615192.5,
        "max": 19207.6171875,
        "mean": 1452.88378906,
        "median": 1119.7265625,
        "min": 21.533203125,
        "var": 1698030.875
    },
    "spectral_skewness": {
        "dmean": 0.301561295986,
        "dmean2": 0.470733165741,
        "dvar": 0.096154101193,
        "dvar2": 0.217987775803,
        "max": 6.73824930191,
        "mean": 1.76758563519,
        "median": 1.73141288757,
        "min": -0.493488490582,
        "var": 0.40163654089
    },
    "spectral_spread": {
        "dmean": 652543.875,
        "dmean2": 926276.5,
        "dvar": 790038315008,
        "dvar2": 1.38820006707e+12,
        "max": 41411096,
        "mean": 3995753.5,
        "median": 3566836.25,
        "min": 895261.125,
        "var": 2.95042573926e+12
    },
    "spectral_strongpeak": {
        "dmean": 0.577373683453,
        "dmean2": 0.94859534502,
        "dvar": 0.625058710575,
        "dvar2": 1.56296372414,
        "max": 12.4890356064,
        "mean": 1.06712186337,
        "median": 0.64680147171,
        "min": 0,
        "var": 1.28113651276
    },
    "zerocrossingrate": {
        "dmean": 0.0113543346524,
        "dmean2": 0.0129188373685,
        "dvar": 0.000260261091171,
        "dvar2": 0.000284955982352,
        "max": 0.63623046875,
        "mean": 0.0587503761053,
        "median": 0.05126953125,
        "min": 0,
        "var": 0.00140205910429
    },
    "barkbands": {
        "dmean": [6.64180925014e-06, 0.000182435280294, 0.000454766384792, 0.0011600429425, 0.00273566553369, 0.00148979341611, 0.0010823077755, 0.00103398959618, 0.00113133713603, 0.000771071703639, 0.000410028063925, 0.000355901371222, 0.000303637323668, 0.00038852536818, 0.000250471290201, 0.000196418317501, 0.000183218391612, 0.000116803093988, 0.000102809477539, 9.48488886934e-05, 6.52564267511e-05, 5.14392195328e-05, 3.49244255631e-05, 3.13652017212e-05, 3.35013901349e-05, 2.54463338933e-05, 3.67015857705e-08],
        "dmean2": [1.17567024063e-05, 0.000307860667817, 0.000764744356275, 0.00193542044144, 0.00446945615113, 0.00237031816505, 0.00171494076494, 0.00158829858992, 0.00176265789196, 0.0012212023139, 0.000662078673486, 0.000560052867513, 0.000481168855913, 0.000616820703726, 0.000410138862208, 0.000318838545354, 0.00029308986268, 0.000185201730346, 0.000155047964654, 0.000143779048813, 9.82453275356e-05, 7.63563875807e-05, 5.16533254995e-05, 4.50912157248e-05, 4.77275898447e-05, 3.63977742381e-05, 6.2042786908e-08],
        "dvar": [2.16458420632e-10, 2.43271756517e-07, 1.10356324967e-06, 5.16170484843e-06, 3.56260534318e-05, 1.15859293146e-05, 9.03095860849e-06, 5.653714652e-06, 6.13037764197e-06, 3.81805602956e-06, 1.15505986287e-06, 1.22391065815e-06, 6.06328910635e-07, 1.62775609169e-06, 3.3293127899e-07, 2.21579000481e-07, 1.5578956436e-07, 7.13079515435e-08, 1.98498639747e-07, 1.42374460665e-07, 7.67042394045e-08, 4.0614015262e-08, 1.329822652e-08, 8.99748719974e-09, 1.07725535159e-08, 8.04641953067e-09, 3.22798157561e-14],
        "dvar2": [6.0979021832e-10, 6.36714560187e-07, 2.95802169603e-06, 1.38871264426e-05, 9.40661047935e-05, 2.71670269285e-05, 2.08340425161e-05, 1.20929271361e-05, 1.4581758478e-05, 9.59286444413e-06, 3.08936432702e-06, 3.26624331137e-06, 1.53185249019e-06, 4.348883067e-06, 8.82812230429e-07, 5.78728645451e-07, 3.77100178639e-07, 1.704135002e-07, 4.08230704352e-07, 2.65119695086e-07, 1.47845241827e-07, 9.09745452304e-08, 2.78909126905e-08, 1.71531482351e-08, 2.25121805641e-08, 1.73779266532e-08, 8.25889107537e-14],
        "max": [0.000236151099671, 0.0102443667129, 0.0151294711977, 0.0465266667306, 0.130842521787, 0.0921538472176, 0.0663880780339, 0.0592417195439, 0.0522390082479, 0.0551635958254, 0.030129449442, 0.0580096170306, 0.0204418376088, 0.0573936924338, 0.00928928516805, 0.0110984751955, 0.00911524984986, 0.00583455059677, 0.034125611186, 0.018141426146, 0.0117088481784, 0.00680560804904, 0.00487386249006, 0.00354810571298, 0.00184723152779, 0.00183475250378, 4.03491276302e-06],
        "mean": [5.96240715822e-06, 0.000235635438003, 0.000596259778831, 0.00164314755239, 0.00396358547732, 0.00242997310124, 0.0015365757281, 0.00151162839029, 0.00186808034778, 0.00112829601858, 0.000628273002803, 0.000605567824095, 0.000479405425722, 0.000634206924587, 0.000431690568803, 0.000347786291968, 0.000331177667249, 0.000222602873691, 0.000192811028683, 0.000169683902641, 0.000106384555693, 8.40543143568e-05, 5.40454821021e-05, 4.98445588164e-05, 4.62710486318e-05, 3.02720327454e-05, 3.22987290247e-08],
        "median": [1.67618748037e-06, 4.09415770264e-05, 0.000167367164977, 0.000532483623829, 0.00185049348511, 0.000952033093199, 0.000467672303785, 0.000302376836771, 0.00040886097122, 0.000220694128075, 0.000126118873595, 0.000100648321677, 0.000126428174553, 0.000132845016196, 0.000110512526589, 0.000100279015896, 0.000106998173578, 6.6070460889e-05, 4.96153734275e-05, 4.32578672189e-05, 2.55202157859e-05, 1.53804412548e-05, 1.00659790405e-05, 9.21908576856e-06, 5.41984854863e-06, 1.41409600474e-06, 4.08796219098e-10],
        "min": [4.3512609066e-24, 1.83120301413e-23, 1.05691781297e-23, 3.85855968444e-24, 1.28139315337e-23, 1.73767282531e-23, 2.81559918747e-23, 5.30045424093e-24, 1.72667152889e-23, 1.62583538368e-23, 3.68861293416e-23, 4.20247030139e-23, 6.14411447334e-23, 5.78610793753e-23, 8.24312819173e-23, 6.90848534953e-23, 1.18581659625e-22, 1.3778454092e-22, 2.351009213e-22, 2.3161700862e-22, 3.06795882028e-22, 4.59230642809e-22, 4.93756396193e-22, 7.7740346419e-22, 9.23450824533e-22, 1.60303089166e-21, 2.25987702249e-21],
        "var": [1.75980313655e-10, 3.03756053199e-07, 1.37016411372e-06, 7.33042725187e-06, 4.2794366891e-05, 2.17175711441e-05, 1.33532048494e-05, 1.2042734852e-05, 1.29074378492e-05, 6.31680586594e-06, 2.09222298508e-06, 3.33715024681e-06, 1.12208601877e-06, 3.05772414322e-06, 7.20672062471e-07, 4.59372273554e-07, 3.56617533726e-07, 1.76699415988e-07, 3.22142170717e-07, 2.61277932623e-07, 1.49800484905e-07, 6.45947793032e-08, 2.49764280369e-08, 1.80599144528e-08, 1.75247372169e-08, 1.12922045048e-08, 3.09240107751e-14]
    },
    "erbbands": {
        "dmean": [0.00190654571634, 0.0563849955797, 0.433426350355, 1.97060096264, 8.84862327576, 8.52178478241, 7.092856884, 14.0271129608, 15.6633844376, 15.893245697, 25.7830905914, 24.4843101501, 26.6640377045, 16.2912406921, 17.4311332703, 12.8958063126, 14.5472631454, 19.4333057404, 11.4229307175, 13.9207458496, 9.1202955246, 8.12125492096, 6.80860757828, 5.1014714241, 5.24905014038, 4.66223716736, 2.82309794426, 2.4299967289, 1.95259916782, 1.38796365261, 0.906593024731, 0.707454442978, 0.498882800341, 0.358504086733, 0.257561355829, 0.137395143509, 0.0460623949766, 0.00257568177767, 5.57621751796e-05, 1.0389473573e-05],
        "dmean2": [0.0031369284261, 0.0955740213394, 0.732208549976, 3.23981595039, 14.7774705887, 13.768866539, 11.2093524933, 22.2165412903, 24.6523113251, 25.3105716705, 39.1649894714, 37.4984779358, 41.6001167297, 26.235004425, 27.5939102173, 20.1279029846, 23.2997493744, 30.8807964325, 18.0012588501, 22.7370853424, 14.5591497421, 12.7680807114, 10.7266798019, 7.80216741562, 7.82237529755, 7.10040092468, 4.2302441597, 3.62133789062, 2.90153384209, 2.0776848793, 1.33468580246, 1.01959896088, 0.724955618382, 0.514886021614, 0.37387779355, 0.198010325432, 0.0674523487687, 0.00381661765277, 8.02714930614e-05, 1.49528932525e-05],
        "dvar": [2.60839242401e-05, 0.02229889296, 1.03973543644, 14.6996383667, 373.725128174, 443.903961182, 319.301757812, 1207.34387207, 1941.98718262, 1725.89941406, 3868.13623047, 2911.10083008, 3614.67407227, 1998.31396484, 1908.40844727, 1208.90087891, 1383.48022461, 4297.28710938, 685.744628906, 1252.02490234, 414.556549072, 293.424560547, 239.844421387, 294.44329834, 555.245666504, 300.194610596, 130.423995972, 114.582191467, 61.909362793, 24.9923191071, 7.92536211014, 4.98123168945, 2.1753757, 1.19980609417, 0.716692209244, 0.23355807364, 0.0278348587453, 0.000107051637315, 4.1282987695e-08, 3.20259707642e-10],
        "dvar2": [6.58352437313e-05, 0.0587959475815, 2.81731534004, 38.9070549011, 1010.29962158, 1130.46484375, 745.482421875, 2762.60913086, 4262.25732422, 4237.83740234, 8115.47460938, 6869.50732422, 8841.83105469, 5273.29296875, 5060.59960938, 3044.41308594, 3535.08325195, 11772.640625, 1629.67224121, 3446.08422852, 1027.52990723, 670.072509766, 573.762145996, 604.330810547, 1067.7947998, 540.001403809, 246.400939941, 227.295150757, 141.4269104, 54.8879776001, 15.8355121613, 9.49073600769, 4.44667959213, 2.51694941521, 1.54468476772, 0.502423346043, 0.0621443241835, 0.000239388318732, 9.01545433862e-08, 6.93113288985e-10],
        "max": [0.120025210083, 3.02605438232, 14.942399025, 61.860874176, 318.390686035, 615.17199707, 807.155029297, 1137.06164551, 1372.6027832, 959.151855469, 1656.7833252, 1361.95349121, 1509.21386719, 1084.00341797, 1332.66259766, 1270.13989258, 924.523071289, 2941.17480469, 738.224914551, 760.486328125, 548.027038574, 416.35848999, 400.887298584, 1145.27807617, 1561.29785156, 946.098449707, 533.805114746, 398.802001953, 269.707092285, 158.802932739, 146.833679199, 98.0495910645, 52.5895881653, 20.1022987366, 16.0994300842, 9.9643201828, 3.43283843994, 0.255328446627, 0.00476519018412, 0.000304144923575],
        "mean": [0.00280985538848, 0.0749516785145, 0.599377512932, 3.06999945641, 11.673833847, 12.4487743378, 11.5432291031, 22.2344970703, 24.1934280396, 22.4072189331, 40.1996078491, 41.9681854248, 42.8210372925, 26.3310585022, 29.8685855865, 23.6197471619, 24.4507846832, 33.2836837769, 21.3638839722, 25.670293808, 17.9424304962, 16.246843338, 13.4665203094, 10.0589427948, 9.96613025665, 8.47696781158, 4.84405899048, 3.87385058403, 3.15490937233, 2.16509413719, 1.43775475025, 1.10796129704, 0.782491087914, 0.512974500656, 0.334996759892, 0.169457614422, 0.0522200167179, 0.00281991390511, 7.18075025361e-05, 2.69529482466e-05],
        "median": [0.00066866655834, 0.0154113676399, 0.185265257955, 1.24812567234, 4.77856302261, 5.0395655632, 4.94113636017, 7.6589050293, 7.45560359955, 7.93997955322, 8.07504844666, 9.88421630859, 11.309173584, 6.01897954941, 6.332883358, 5.22139787674, 7.16431713104, 7.81583929062, 6.37338018417, 6.47513437271, 5.99848794937, 5.74261951447, 4.26779079437, 2.96665835381, 2.45349669456, 2.20926713943, 1.33949935436, 0.782911896706, 0.552558898926, 0.417117357254, 0.263625085354, 0.201579466462, 0.143702849746, 0.0717476904392, 0.0328291431069, 0.0114423381165, 0.00116919004358, 3.66105196008e-05, 1.30558319142e-05, 1.98757443286e-05],
        "min": [3.09582618372e-22, 4.57984540453e-21, 1.29791892096e-20, 1.48136140831e-20, 3.31211033643e-20, 4.60081087876e-20, 2.71710575089e-20, 1.79792462427e-19, 2.90669638739e-19, 6.44297027876e-19, 2.73590866481e-19, 4.67152887578e-19, 5.78190200887e-19, 1.5255023055e-18, 1.67025219185e-18, 1.79375335924e-18, 2.90823406445e-18, 3.45480606191e-18, 3.41034551757e-18, 4.07430209537e-18, 4.54737702744e-18, 7.65030562665e-18, 8.10217123423e-18, 8.27786439634e-18, 9.80907166312e-18, 1.08351776325e-17, 1.08963798988e-17, 1.48606719358e-17, 1.53692225764e-17, 1.47386280539e-17, 1.31993210345e-17, 1.31689436537e-17, 1.15615795223e-17, 1.07632708218e-17, 6.56442469111e-18, 4.99164746264e-18, 3.07302891519e-18, 1.15910492792e-18, 2.5752171986e-19, 2.92848464785e-20],
        "var": [4.50378465757e-05, 0.0276509542018, 1.32830202579, 21.9828929901, 394.291320801, 599.11730957, 544.573303223, 2347.46801758, 3296.43408203, 2307.87158203, 8760.87988281, 6915.3203125, 6343.74658203, 3768.97167969, 4306.95947266, 3594.91235352, 2652.63500977, 7981.69824219, 1581.41418457, 2817.09008789, 1013.76495361, 757.280395508, 622.936828613, 548.24822998, 943.828186035, 595.03717041, 263.437316895, 210.706604004, 95.3197250366, 42.1561508179, 16.6501464844, 10.0038232803, 4.01900672913, 1.9674962759, 1.07398819923, 0.333659499884, 0.0366208329797, 0.000135475012939, 5.62104709445e-08, 7.9598089231e-10]
    },
    "gfcc": {
        "mean": [-56.7188415527, 100.618247986, -138.624755859, 21.9702167511, -74.6460037231, 1.34982824326, -52.6214752197, 0.779336512089, -32.8271942139, -6.67613077164, -20.2821407318, -11.7652692795, -8.95472812653],
        "cov": [[11845.3925781, -469.740631104, -323.084716797, -934.926940918, -205.746856689, 201.540405273, -121.399772644, 271.342956543, -171.150497437, 74.5798950195, -445.916320801, 187.011154175, -455.852020264], [-469.740631104, 1531.70544434, 90.4728775024, -155.167129517, 77.8468170166, -282.986419678, 68.1578826904, -139.84602356, 112.520278931, -216.407394409, 197.798950195, -225.810211182, 132.094284058], [-323.084716797, 90.4728775024, 1100.22253418, 76.4997024536, 7.17018127441, 107.97984314, -97.3639602661, 43.5902290344, -138.05796814, 26.365070343, -84.359161377, 52.6245155334, -64.3788833618], [-934.926940918, -155.167129517, 76.4997024536, 583.647766113, 37.3482246399, -70.246673584, -12.1179676056, -79.1173706055, 53.7183265686, -12.6627130508, 29.2972698212, -22.1960697174, 56.3039016724], [-205.746856689, 77.8468170166, 7.17018127441, 37.3482246399, 270.336914062, 48.8817596436, -13.2933626175, 17.3231468201, -11.5037956238, 16.9748840332, -7.08211994171, 19.5566177368, -3.94685292244], [201.540405273, -282.986419678, 107.97984314, -70.246673584, 48.8817596436, 365.990661621, 50.0898208618, 57.0606613159, -92.3438720703, 58.5643920898, -57.4748954773, 62.909538269, -52.0679397583], [-121.399772644, 68.1578826904, -97.3639602661, -12.1179676056, -13.2933626175, 50.0898208618, 171.631546021, 2.36146187782, 13.6435680389, -28.5622348785, 29.7366847992, -19.0504341125, 5.13059091568], [271.342956543, -139.84602356, 43.5902290344, -79.1173706055, 17.3231468201, 57.0606613159, 2.36146187782, 173.113098145, -0.653033733368, 38.5276260376, -52.2213401794, 33.0602340698, -24.2919998169], [-171.150497437, 112.520278931, -138.05796814, 53.7183265686, -11.5037956238, -92.3438720703, 13.6435680389, -0.653033733368, 157.367553711, -2.50838971138, 35.9423713684, -35.7207679749, 38.1595802307], [74.5798950195, -216.407394409, 26.365070343, -12.6627130508, 16.9748840332, 58.5643920898, -28.5622348785, 38.5276260376, -2.50838971138, 133.471313477, -20.3506298065, 49.0426025391, -31.6854133606], [-445.916320801, 197.798950195, -84.359161377, 29.2972698212, -7.08211994171, -57.4748954773, 29.7366847992, -52.2213401794, 35.9423713684, -20.3506298065, 134.235565186, -18.7089176178, 47.8521156311], [187.011154175, -225.810211182, 52.6245155334, -22.1960697174, 19.5566177368, 62.909538269, -19.0504341125, 33.0602340698, -35.7207679749, 49.0426025391, -18.7089176178, 140.219436646, -12.8322992325], [-455.852020264, 132.094284058, -64.3788833618, 56.3039016724, -3.94685292244, -52.0679397583, 5.13059091568, -24.2919998169, 38.1595802307, -31.6854133606, 47.8521156311, -12.8322992325, 112.986885071]],
        "icov": [[0.000136033515446, -0.000146742444485, 0.000154415989527, 4.20101714553e-05, 0.000201893402846, -5.40677392564e-05, 0.000151632339112, -9.64811624726e-05, 4.72436368e-05, 2.47952193604e-05, 0.000436305184849, -0.000321192928823, 0.000511686143], [-0.000146742444485, 0.00263689178973, -0.00128129404038, 0.00163081730716, -0.0018859267002, 0.00116196204908, -0.000977423856966, 0.00114366295747, -0.00128654344007, 0.00195677881129, -0.0027111179661, 0.00296452245675, -0.00198958534747], [0.000154415989527, -0.00128129404038, 0.00182945316192, -0.00103796669282, 0.00111923716031, -0.000750888139009, 0.00116585940123, -0.000919823534787, 0.00145596044604, -0.000688965374138, 0.00162281072699, -0.00159212469589, 0.00156993453857], [4.20101714553e-05, 0.00163081730716, -0.00103796669282, 0.00322299310938, -0.00147214485332, 0.000911104725674, -0.000654801144265, 0.00171425729059, -0.00158362311777, 0.00106572557706, -0.00107070745435, 0.0016999192303, -0.00168765033595], [0.000201893402846, -0.0018859267002, 0.00111923716031, -0.00147214485332, 0.00535518676043, -0.0014353991719, 0.00132311123889, -0.00129492697306, 0.00104153691791, -0.00129656342324, 0.00189391279127, -0.00244261254556, 0.00178295664955], [-5.40677392564e-05, 0.00116196204908, -0.000750888139009, 0.000911104725674, -0.0014353991719, 0.00482459785417, -0.00251147942618, 0.000142990029417, 0.00139819527976, -0.000728997692931, -0.000116175251605, 0.000561298453249, -0.00070420774864], [0.000151632339112, -0.000977423856966, 0.00116585940123, -0.000654801144265, 0.00132311123889, -0.00251147942618, 0.00811861455441, -0.00129469449166, -0.000321176223224, 0.00158373895101, -0.000901645573322, -0.00055293092737, 0.00185859447811], [-9.64811624726e-05, 0.00114366295747, -0.000919823534787, 0.00171425729059, -0.00129492697306, 0.000142990029417, -0.00129469449166, 0.00831001158804, -0.00216373545118, -0.000538248103112, 0.00155046069995, 0.000294869794743, -0.00128193409182], [4.72436368e-05, -0.00128654344007, 0.00145596044604, -0.00158362311777, 0.00104153691791, 0.00139819527976, -0.000321176223224, -0.00216373545118, 0.010196452029, -0.00279898196459, 0.000373498682166, 0.000314413307933, -0.000807532458566], [2.47952193604e-05, 0.00195677881129, -0.000688965374138, 0.00106572557706, -0.00129656342324, -0.000728997692931, 0.00158373895101, -0.000538248103112, -0.00279898196459, 0.0120888324454, -0.00250999932177, -0.000731045322027, 0.00163527240511], [0.000436305184849, -0.0027111179661, 0.00162281072699, -0.00107070745435, 0.00189391279127, -0.000116175251605, -0.000901645573322, 0.00155046069995, 0.000373498682166, -0.00250999932177, 0.0141860181466, -0.00360392592847, -0.000472366897156], [-0.000321192928823, 0.00296452245675, -0.00159212469589, 0.0016999192303, -0.00244261254556, 0.000561298453249, -0.00055293092737, 0.000294869794743, 0.000314413307933, -0.000731045322027, -0.00360392592847, 0.0126704256982, -0.00360001530498], [0.000511686143, -0.00198958534747, 0.00156993453857, -0.00168765033595, 0.00178295664955, -0.00070420774864, 0.00185859447811, -0.00128193409182, -0.000807532458566, 0.00163527240511, -0.000472366897156, -0.00360001530498, 0.0148768471554]]
    },
    "melbands": {
        "dmean": [3.24536013068e-05, 0.000169907259988, 0.000533983286005, 0.000668218650389, 0.000256397062913, 0.000307260925183, 0.000238143024035, 0.000171173291164, 0.000220676200115, 0.000151837914018, 0.000135392561788, 6.98832809576e-05, 6.30381182418e-05, 4.32935776189e-05, 2.96028756566e-05, 2.99082312267e-05, 4.01202087232e-05, 2.0154104277e-05, 1.93067462533e-05, 1.64588582265e-05, 1.17662866614e-05, 9.25844324229e-06, 8.91541458259e-06, 5.60947592021e-06, 4.3888626351e-06, 4.04162528866e-06, 4.01313900511e-06, 3.051196245e-06, 1.87087255199e-06, 1.59004935085e-06, 1.49462607624e-06, 1.18894615753e-06, 9.69159032138e-07, 7.67060896578e-07, 5.60871512789e-07, 4.84405859424e-07, 4.40900777221e-07, 3.77304928634e-07, 3.13804804364e-07, 3.10170008788e-07],
        "dmean2": [5.42800262338e-05, 0.000285567977699, 0.000880174629856, 0.00110410584603, 0.000402503210353, 0.000486394797917, 0.000375266943593, 0.000270726362942, 0.000334517972078, 0.000234504259424, 0.000211929902434, 0.000112994901428, 0.000100789904536, 6.7975379352e-05, 4.75508677482e-05, 4.76454661111e-05, 6.40279904474e-05, 3.18002894346e-05, 3.16152982123e-05, 2.68094190687e-05, 1.90385253518e-05, 1.46559750647e-05, 1.43553243106e-05, 8.87850910658e-06, 6.81703068039e-06, 6.09493508819e-06, 6.11145151197e-06, 4.7000221457e-06, 2.85922669718e-06, 2.42386795435e-06, 2.25450548896e-06, 1.81275845534e-06, 1.46548484281e-06, 1.17439731184e-06, 8.47745525334e-07, 7.20712591828e-07, 6.49713513212e-07, 5.64788194879e-07, 4.60751891751e-07, 4.54221748214e-07],
        "dvar": [7.82289344414e-09, 1.62995249298e-07, 1.08653046027e-06, 2.34419894696e-06, 3.46473541413e-07, 5.41047029401e-07, 4.18860736318e-07, 1.75463171104e-07, 2.81524222601e-07, 1.06097978403e-07, 9.58905559401e-08, 4.08470910429e-08, 2.76206453265e-08, 2.02633785307e-08, 4.60393279056e-09, 5.74468739245e-09, 2.11424282526e-08, 2.63598387562e-09, 2.13761364165e-09, 1.82191806086e-09, 7.28609728107e-10, 4.31063906792e-10, 4.05227934541e-10, 1.78148482077e-10, 2.29422911224e-10, 3.97883448411e-10, 3.53924139995e-10, 1.24220259079e-10, 5.52869278136e-11, 4.74903311121e-11, 4.24208099203e-11, 2.35237905544e-11, 1.23827189821e-11, 8.49900965577e-12, 3.26542569026e-12, 2.26702467562e-12, 2.07513411836e-12, 1.34113835489e-12, 8.56139323931e-13, 9.44723899804e-13],
        "dvar2": [2.0105760612e-08, 4.3754454282e-07, 2.8924223443e-06, 6.25964457868e-06, 7.98381392997e-07, 1.23794518458e-06, 9.26632822029e-07, 4.22131421374e-07, 5.95079029608e-07, 2.49469252367e-07, 2.34733846582e-07, 1.07128087734e-07, 7.41143892924e-08, 5.38661524274e-08, 1.17559055823e-08, 1.44107099587e-08, 5.83142174548e-08, 6.02835736885e-09, 5.6150577521e-09, 4.88682516675e-09, 1.8056266482e-09, 9.94975990487e-10, 1.02552111247e-09, 4.31752661401e-10, 4.87723694764e-10, 8.37884428506e-10, 7.46324502199e-10, 2.2169452385e-10, 1.03713183874e-10, 1.03205159696e-10, 8.79465458792e-11, 5.62767575596e-11, 2.74577478809e-11, 1.9495656825e-11, 6.81426182841e-12, 4.48227826383e-12, 4.09850582292e-12, 2.80775706504e-12, 1.8679361443e-12, 2.01335562805e-12],
        "max": [0.00195567961782, 0.00672140158713, 0.0210697967559, 0.0348637327552, 0.0234502032399, 0.0222089439631, 0.0179126281291, 0.00889327283949, 0.0135162798688, 0.00730453012511, 0.00748387491331, 0.0053794500418, 0.00467254733667, 0.00798071362078, 0.00154151441529, 0.00225973199122, 0.00675607705489, 0.0016237415839, 0.000813712598756, 0.0010795322014, 0.000928466033656, 0.000470041530207, 0.000557013961952, 0.000344841362676, 0.000980433309451, 0.00153452483937, 0.00110137765296, 0.000667944084853, 0.000373770715669, 0.000298966187984, 0.000228715478443, 0.000172719839611, 8.97911813809e-05, 0.000108722248115, 8.5688821855e-05, 7.84982330515e-05, 6.89353255439e-05, 3.98536176363e-05, 2.91230589937e-05, 1.80180395546e-05],
        "mean": [4.40446674475e-05, 0.000232152291574, 0.000797474058345, 0.000938404584303, 0.000423727411544, 0.000498730514664, 0.000362861261237, 0.00024205664522, 0.000346558488673, 0.000254925369518, 0.000210813203012, 0.000105040060589, 0.000100505771115, 7.66046650824e-05, 4.82859868498e-05, 4.98673725815e-05, 6.50963047519e-05, 3.36310731655e-05, 3.37601086358e-05, 2.92106487905e-05, 2.05973174161e-05, 1.68955029949e-05, 1.59167193488e-05, 1.00524048321e-05, 7.82917140896e-06, 7.08763400326e-06, 6.98231133356e-06, 5.19349759998e-06, 3.07744062411e-06, 2.38177653955e-06, 2.24005634664e-06, 1.83683323485e-06, 1.47509081216e-06, 1.11224392185e-06, 8.45873728395e-07, 7.20992716197e-07, 6.57616226363e-07, 5.70140684886e-07, 4.62498178422e-07, 4.19635057369e-07],
        "median": [8.63395598572e-06, 6.3905150455e-05, 0.00032648834167, 0.000427476828918, 0.000187374680536, 0.000179972324986, 0.000113274320029, 7.99917761469e-05, 6.09282287769e-05, 5.93014956394e-05, 5.00681890117e-05, 1.88015637832e-05, 1.96189193957e-05, 1.32807963382e-05, 1.34573592732e-05, 1.33717894641e-05, 1.30203561639e-05, 8.95770517673e-06, 8.54168501974e-06, 6.94568689141e-06, 6.34286379864e-06, 5.41387589692e-06, 4.46188050773e-06, 2.76502578345e-06, 2.17294223148e-06, 1.70087287188e-06, 1.55990232997e-06, 1.31945103021e-06, 8.22204469841e-07, 5.8042553519e-07, 3.88956578945e-07, 3.15042683496e-07, 2.55168913554e-07, 2.07473760838e-07, 1.49510441361e-07, 1.25322074496e-07, 1.14613811775e-07, 1.00823342564e-07, 7.63610330523e-08, 5.09531830062e-08],
        "min": [4.12645645343e-24, 7.30934375634e-24, 2.84010574314e-24, 3.44625877132e-24, 9.34275185754e-25, 4.67292288501e-24, 5.09894840016e-24, 6.41239312989e-24, 2.39738221199e-24, 2.73814073797e-24, 2.57859874749e-24, 5.80141483677e-24, 5.98897125015e-24, 6.99579521234e-24, 3.9134391599e-24, 6.19745693221e-24, 6.53082047885e-24, 5.18072684919e-24, 6.75015260393e-24, 4.9909813468e-24, 4.91019291821e-24, 7.76002709124e-24, 9.16878909528e-24, 5.29035800464e-24, 6.16980617419e-24, 7.40981465895e-24, 5.49162758156e-24, 6.18410033379e-24, 5.52389357031e-24, 6.20966494915e-24, 1.0112351146e-23, 6.95592854878e-24, 8.41559969133e-24, 7.6966665722e-24, 7.57605052865e-24, 8.00358947345e-24, 7.3312299133e-24, 8.40515438409e-24, 7.27529494195e-24, 7.61634396596e-24],
        "var": [1.06259117061e-08, 2.09315189181e-07, 1.44023624671e-06, 2.58450722868e-06, 6.45833949875e-07, 1.0676533293e-06, 7.01531689629e-07, 2.50139038371e-07, 6.27944302778e-07, 2.41970468551e-07, 1.64218079135e-07, 7.2075103219e-08, 5.25804715323e-08, 5.87842556854e-08, 9.44249922696e-09, 1.1254695842e-08, 3.72045398933e-08, 5.19324672155e-09, 4.78551243077e-09, 3.93790822173e-09, 1.54162493882e-09, 9.84094916667e-10, 9.0539836739e-10, 4.04624139749e-10, 3.81951997808e-10, 5.86222126397e-10, 5.0644832772e-10, 2.46682396732e-10, 1.12675077601e-10, 7.92481497092e-11, 7.38909766707e-11, 3.31783212015e-11, 1.99081393731e-11, 1.29269806665e-11, 6.53577365839e-12, 4.20135410836e-12, 3.90354025145e-12, 2.36493572121e-12, 1.40114363254e-12, 1.466769089e-12]
    },
    "mfcc": {
        "mean": [-690.098571777, 126.690681458, -11.8670988083, 13.2790584564, -5.74303150177, -8.16070556641, -10.0326032639, -8.15704154968, -8.56995773315, -4.76708984375, -9.02024650574, -7.58485746384, -9.68492794037],
        "cov": [[10149.2832031, -11.7937774658, -623.518432617, -751.084716797, -255.510467529, -118.844795227, -132.487533569, 195.800430298, 84.8556747437, 142.567901611, 63.0133590698, -91.1457443237, 28.5988121033], [-11.7937774658, 1524.67114258, 58.6984977722, -91.6273956299, 28.6397895813, -188.935562134, 18.6226902008, -39.8678855896, -59.1856498718, -15.8196315765, -28.3614807129, -0.258691817522, -4.56499910355], [-623.518432617, 58.6984977722, 925.164978027, 91.1860275269, 98.711265564, 44.632194519, 63.6833267212, -3.03491473198, -6.31808280945, -48.5380020142, -18.8903160095, -21.8952617645, -25.3863277435], [-751.084716797, -91.6273956299, 91.1860275269, 520.119750977, 79.1494445801, -10.612786293, -85.6138687134, -50.5142822266, -17.1088123322, -15.5929641724, -33.0418128967, 11.1670303345, 0.000786456919741], [-255.510467529, 28.6397895813, 98.711265564, 79.1494445801, 271.555847168, 41.4860115051, 16.0588207245, -3.76127099991, 21.103767395, -1.56918084621, -16.3026027679, -4.09286022186, 19.7889328003], [-118.844795227, -188.935562134, 44.632194519, -10.612786293, 41.4860115051, 241.970306396, 80.5826263428, 28.2947692871, -0.361354082823, -15.250957489, 20.4988155365, -4.98485517502, 1.36359167099], [-132.487533569, 18.6226902008, 63.6833267212, -85.6138687134, 16.0588207245, 80.5826263428, 199.446884155, 54.4075126648, -2.51750874519, -5.79625272751, 7.25671958923, -5.00154495239, -3.32318425179], [195.800430298, -39.8678855896, -3.03491473198, -50.5142822266, -3.76127099991, 28.2947692871, 54.4075126648, 130.795318604, 31.4246559143, 5.32565498352, 6.43464040756, -15.1814203262, 17.5670032501], [84.8556747437, -59.1856498718, -6.31808280945, -17.1088123322, 21.103767395, -0.361354082823, -2.51750874519, 31.4246559143, 115.080131531, 38.458278656, 2.65340971947, -3.34856891632, 12.196641922], [142.567901611, -15.8196315765, -48.5380020142, -15.5929641724, -1.56918084621, -15.250957489, -5.79625272751, 5.32565498352, 38.458278656, 109.313316345, 29.7599143982, -9.70423603058, -7.86407375336], [63.0133590698, -28.3614807129, -18.8903160095, -33.0418128967, -16.3026027679, 20.4988155365, 7.25671958923, 6.43464040756, 2.65340971947, 29.7599143982, 99.1153793335, 10.5959720612, -9.44104003906], [-91.1457443237, -0.258691817522, -21.8952617645, 11.1670303345, -4.09286022186, -4.98485517502, -5.00154495239, -15.1814203262, -3.34856891632, -9.70423603058, 10.5959720612, 99.2180480957, 26.0701751709], [28.5988121033, -4.56499910355, -25.3863277435, 0.000786456919741, 19.7889328003, 1.36359167099, -3.32318425179, 17.5670032501, 12.196641922, -7.86407375336, -9.44104003906, 26.0701751709, 98.1969146729]],
