{
"lowlevel": {
    "average_loudness": 0.882927775383,
    "barkbands_crest": {
        "dmean": 2.55281424522,
        "dmean2": 4.14795684814,
        "dvar": 5.47624254227,
        "dvar2": 13.6739273071,
        "max": 25.8843269348,
        "mean": 8.73203754425,
        "median": 7.8712682724,
        "min": 2.24115300179,
        "var": 15.6107187271
    },
    "barkbands_flatness_db": {
        "dmean": 0.0219477247447,
        "dmean2": 0.0336110331118,
        "dvar": 0.000421595643274,
        "dvar2": 0.000964452337939,
        "max": 0.383756488562,
        "mean": 0.183930873871,
        "median": 0.178579598665,
        "min": 0.0415888205171,
        "var": 0.00191825185902
    },
    "barkbands_kurtosis": {
        "dmean": 1.70337557793,
        "dmean2": 2.69863891602,
        "dvar": 7.70635557175,
        "dvar2": 18.036491394,
        "max": 83.5414657593,
        "mean": 1.78397202492,
        "median": 0.490305662155,
        "min": -1.76125192642,
        "var": 16.5615196228
    },
    "barkbands_skewness": {
        "dmean": 0.463616967201,
        "dmean2": 0.711244642735,
        "dvar": 0.210942670703,
        "dvar2": 0.474906206131,
        "max": 7.76914548874,
        "mean": 0.96318256855,
        "median": 0.826754391193,
        "min": -2.27952241898,
        "var": 0.918340981007
    },
    "barkbands_spread": {
        "dmean": 4.22372293472,
        "dmean2": 6.53552246094,
        "dvar": 20.0113964081,
        "dvar2": 44.9024543762,
        "max": 132.22442627,
        "mean": 17.6737346649,
        "median": 16.8007106781,
        "min": 0.997588813305,
        "var": 71.2981033325
    },
    "dissonance": {
        "dmean": 0.0185855012387,
        "dmean2": 0.0311588328332,
        "dvar": 0.000340504979249,
        "dvar2": 0.000928468478378,
        "max": 0.500000178814,
        "mean": 0.46593311429,
        "median": 0.472636044025,
        "min": 0.249504938722,
        "var": 0.000689952343237
    },
    "dynamic_complexity": 3.6085858345,
    "erbbands_crest": {
        "dmean": 2.88469934464,
        "dmean2": 4.71746873856,
        "dvar": 7.71215343475,
        "dvar2": 19.5587978363,
        "max": 32.1201896667,
        "mean": 9.08277988434,
        "median": 7.82754611969,
        "min": 2.44381928444,
        "var": 19.9630565643
    },
    "erbbands_flatness_db": {
        "dmean": 0.01899304986,
        "dmean2": 0.0269576385617,
        "dvar": 0.000332388008246,
        "dvar2": 0.000632769137155,
        "max": 0.397558361292,
        "mean": 0.230498865247,
        "median": 0.232112258673,
        "min": 0.0874589383602,
        "var": 0.0017486695433
    },
    "erbbands_kurtosis": {
        "dmean": 0.84506136179,
        "dmean2": 1.34963107109,
        "dvar": 1.46741521358,
        "dvar2": 3.46018123627,
        "max": 26.4005508423,
        "mean": 0.196911945939,
        "median": -0.286287307739,
        "min": -1.82209551334,
        "var": 3.26392483711
    },
    "erbbands_skewness": {
        "dmean": 0.357892930508,
        "dmean2": 0.556899011135,
        "dvar": 0.106061048806,
        "dvar2": 0.246006757021,
        "max": 4.81574964523,
        "mean": 0.230541035533,
        "median": 0.17711982131,
        "min": -2.41795015335,
        "var": 0.394177913666
    },
    "erbbands_spread": {
        "dmean": 6.43833637238,
        "dmean2": 9.63986968994,
        "dvar": 45.8469429016,
        "dvar2": 91.9408187866,
        "max": 132.748062134,
        "mean": 29.4473438263,
        "median": 26.3304576874,
        "min": 3.09721112251,
        "var": 225.829910278
    },
    "hfc": {
        "dmean": 5.65547037125,
        "dmean2": 7.99680900574,
        "dvar": 46.180065155,
        "dvar2": 88.3724365234,
        "max": 88.377243042,
        "mean": 19.5201702118,
        "median": 17.421245575,
        "min": 1.12759567037e-16,
        "var": 227.746643066
    },
    "melbands_crest": {
        "dmean": 3.02972316742,
        "dmean2": 4.95410919189,
        "dvar": 8.25688266754,
        "dvar2": 20.8231105804,
        "max": 39.0656547546,
        "mean": 10.909866333,
        "median": 10.0349903107,
        "min": 1.69837546349,
        "var": 20.7325649261
    },
    "melbands_flatness_db": {
        "dmean": 0.0263389963657,
        "dmean2": 0.0380595587194,
        "dvar": 0.000723823672161,
        "dvar2": 0.00152862071991,
        "max": 0.478456914425,
        "mean": 0.198950976133,
        "median": 0.19109800458,
        "min": 0.00425134832039,
        "var": 0.0043337084353
    },
    "melbands_kurtosis": {
        "dmean": 3.62649726868,
        "dmean2": 5.66713666916,
        "dvar": 36.5688438416,
        "dvar2": 85.6373062134,
        "max": 99.9371566772,
        "mean": 5.98861551285,
        "median": 2.55034589767,
        "min": -1.59784293175,
        "var": 87.4070587158
    },
    "melbands_skewness": {
        "dmean": 0.577119112015,
        "dmean2": 0.868645846844,
        "dvar": 0.368411779404,
        "dvar2": 0.81480550766,
        "max": 8.45272827148,
        "mean": 1.69093120098,
        "median": 1.45040774345,
        "min": -1.56409156322,
        "var": 1.66807293892
    },
    "melbands_spread": {
        "dmean": 6.32935428619,
        "dmean2": 9.8900384903,
        "dvar": 45.689994812,
        "dvar2": 105.152313232,
        "max": 191.473587036,
        "mean": 24.1816749573,
        "median": 22.4942092896,
        "min": 1.154707551,
        "var": 176.120864868
    },
    "pitch_salience": {
        "dmean": 0.07172742486,
        "dmean2": 0.116944290698,
        "dvar": 0.00401117978618,
        "dvar2": 0.0105627803132,
        "max": 0.896114110947,
        "mean": 0.607623159885,
        "median": 0.617072284222,
        "min": 0.0462936460972,
        "var": 0.0122953206301
    },
    "silence_rate_20dB": {
        "dmean": 0,
        "dmean2": 0,
        "dvar": 0,
        "dvar2": 0,
        "max": 1,
        "mean": 1,
        "median": 1,
        "min": 1,
        "var": 0
    },
    "silence_rate_30dB": {
        "dmean": 0,
        "dmean2": 0,
        "dvar": 0,
        "dvar2": 0,
        "max": 1,
        "mean": 1,
        "median": 1,
        "min": 1,
        "var": 0
    },
    "silence_rate_60dB": {
        "dmean": 0.0399801358581,
        "dmean2": 0.0799701958895,
        "dvar": 0.0383770018816,
        "dvar2": 0.0899769440293,
        "max": 1,
        "mean": 0.082060828805,
        "median": 0,
        "min": 0,
        "var": 0.0753344446421
    },
    "spectral_centroid": {
        "dmean": 235.9347229,
        "dmean2": 368.457244873,
        "dvar": 64945.2382812,
        "dvar2": 150979.0625,
        "max": 11605.1347656,
        "mean": 1312.67810059,
        "median": 1273.32373047,
        "min": 236.747787476,
        "var": 353199.28125
    },
    "spectral_complexity": {
        "dmean": 3.70921278,
        "dmean2": 5.53110647202,
        "dvar": 15.9244089127,
        "dvar2": 30.1815834045,
        "max": 56,
        "mean": 21.0768470764,
        "median": 20,
        "min": 0,
        "var": 115.028633118
    },
    "spectral_decrease": {
        "dmean": 1.80354342572e-09,
        "dmean2": 2.66210076205e-09,
        "dvar": 5.15629073253e-18,
        "dvar2": 1.09327013995e-17,
        "max": 6.86996363976e-29,
        "mean": -5.51485523914e-09,
        "median": -4.92138418906e-09,
        "min": -2.37819364202e-08,
        "var": 1.64415894487e-17
    },
    "spectral_energy": {
        "dmean": 0.00722949579358,
        "dmean2": 0.0106261940673,
        "dvar": 8.08103359304e-05,
        "dvar2": 0.000168941565789,
        "max": 0.0942221060395,
        "mean": 0.0225849673152,
        "median": 0.0204150583595,
        "min": 1.04525167531e-20,
        "var": 0.000270246178843
    },
    "spectral_energyband_high": {
        "dmean": 0.00016442197375,
        "dmean2": 0.0002438830561,
        "dvar": 1.20676531878e-07,
        "dvar2": 2.82077280644e-07,
        "max": 0.00709003489465,
        "mean": 0.000326605280861,
        "median": 0.000156469774083,
        "min": 7.41693919626e-21,
        "var": 2.32854503679e-07
    },
    "spectral_energyband_low": {
        "dmean": 0.00115325557999,
        "dmean2": 0.00185716582928,
        "dvar": 3.86160127164e-06,
        "dvar2": 9.55684481596e-06,
        "max": 0.0252728872001,
        "mean": 0.00196956889704,
        "median": 0.00132371590007,
        "min": 2.29806004863e-23,
        "var": 5.24714732819e-06
    },
    "spectral_energyband_middle_high": {
        "dmean": 0.00270525645465,
        "dmean2": 0.00392879499123,
        "dvar": 1.5003795852e-05,
        "dvar2": 3.16816258419e-05,
        "max": 0.0533497147262,
        "mean": 0.0076048807241,
        "median": 0.00561040500179,
        "min": 1.38372281422e-21,
        "var": 5.43911592104e-05
    },
    "spectral_energyband_middle_low": {
        "dmean": 0.00558516709134,
        "dmean2": 0.00852658413351,
        "dvar": 6.39604695607e-05,
        "dvar2": 0.000147974424181,
        "max": 0.0821101441979,
        "mean": 0.0133983362466,
        "median": 0.00969603471458,
        "min": 2.53620573321e-22,
        "var": 0.000157809859957
    },
    "spectral_entropy": {
        "dmean": 0.17169290781,
        "dmean2": 0.238803550601,
        "dvar": 0.0357272699475,
        "dvar2": 0.064404912293,
        "max": 9.81000709534,
        "mean": 7.33698129654,
        "median": 7.40200567245,
        "min": 5.47701787949,
        "var": 0.189302176237
    },
    "spectral_flux": {
        "dmean": 0.0213124994189,
        "dmean2": 0.0327136702836,
        "dvar": 0.000570355681702,
        "dvar2": 0.00124336662702,
        "max": 0.25658044219,
        "mean": 0.0794603079557,
        "median": 0.0732365101576,
        "min": 6.54161169678e-11,
        "var": 0.00178629043512
    },
    "spectral_kurtosis": {
        "dmean": 3.38422822952,
        "dmean2": 5.75586938858,
        "dvar": 14.7294235229,
        "dvar2": 40.0912055969,
        "max": 66.4932556152,
        "mean": 5.62301445007,
        "median": 4.0982131958,
        "min": -1.24919998646,
        "var": 30.4760799408
    },
    "spectral_rms": {
        "dmean": 0.000730818370357,
        "dmean2": 0.00104058848228,
        "dvar": 6.28354882792e-07,
        "dvar2": 1.16255193916e-06,
        "max": 0.00958770047873,
        "mean": 0.00431627780199,
        "median": 0.00446286099032,
        "min": 3.19336462655e-12,
        "var": 3.40371025231e-06
    },
    "spectral_rolloff": {
        "dmean": 380.915466309,
        "dmean2": 639.133911133,
        "dvar": 306811.96875,
        "dvar2": 689752.5625,
        "max": 19293.75,
        "mean": 1530.3046875,
        "median": 1485.79101562,
        "min": 21.533203125,
        "var": 1132143.375
    },
    "spectral_skewness": {
        "dmean": 0.34126585722,
        "dmean2": 0.563988924026,
        "dvar": 0.112686485052,
        "dvar2": 0.291136711836,
        "max": 6.06956863403,
        "mean": 1.45691168308,
        "median": 1.33735024929,
        "min": -0.0316574536264,
        "var": 0.361675292253
    },
    "spectral_spread": {
        "dmean": 368028.9375,
        "dmean2": 532826.375,
        "dvar": 327670267904,
        "dvar2": 681953787904,
        "max": 42232356,
        "mean": 2937839.25,
        "median": 2711585.25,
        "min": 982759.125,
        "var": 2.07584152781e+12
    },
    "spectral_strongpeak": {
        "dmean": 0.702116131783,
        "dmean2": 1.14650821686,
        "dvar": 0.860656678677,
        "dvar2": 2.07528448105,
        "max": 10.9774284363,
        "mean": 1.29652988911,
        "median": 0.829721927643,
        "min": 0,
        "var": 1.95243382454
    },
    "zerocrossingrate": {
        "dmean": 0.00694609479979,
        "dmean2": 0.00836838781834,
        "dvar": 9.40235768212e-05,
        "dvar2": 9.98629620881e-05,
        "max": 0.7978515625,
        "mean": 0.0557857826352,
        "median": 0.052734375,
        "min": 0.0048828125,
        "var": 0.0010406592628
    },
    "barkbands": {
        "dmean": [1.02563053588e-05, 0.000557156919967, 0.000475161941722, 0.00130818015896, 0.00253773014992, 0.00131377973594, 0.000800130306743, 0.00109364162199, 0.00141461624298, 0.000645641121082, 0.000806984724477, 0.000553351943381, 0.000744818826206, 0.000570614007302, 0.000385315652238, 0.000390501867514, 0.000319711631164, 0.000189022903214, 0.000185222612345, 8.64603644004e-05, 5.33521269972e-05, 4.6697583457e-05, 2.49482964136e-05, 2.70660311799e-05, 1.79957521595e-06, 8.18852152751e-10, 8.66064886473e-10],
        "dmean2": [1.69498653122e-05, 0.000913494208362, 0.000801607209723, 0.00214032572694, 0.00396032212302, 0.00212586950511, 0.00130511971656, 0.00173634977546, 0.00230044825003, 0.00101304426789, 0.00126516958699, 0.000872587494086, 0.00119832833298, 0.000904717424419, 0.000610927410889, 0.000608111906331, 0.000516725587659, 0.000306101836031, 0.000293425575364, 0.000138961244375, 8.13931619632e-05, 7.22321346984e-05, 3.8483649405e-05, 4.24337777076e-05, 3.00080387206e-06, 1.51168222384e-09, 1.5990190283e-09],
        "dvar": [2.86692641849e-10, 9.33050387175e-07, 8.57397822074e-07, 1.04676755655e-05, 2.14807223529e-05, 6.38510573481e-06, 3.0123792385e-06, 6.77272828398e-06, 1.40910851769e-05, 2.32140996559e-06, 4.44015495304e-06, 2.11571682485e-06, 2.46983927354e-06, 1.42459521157e-06, 6.15320288944e-07, 5.96565769229e-07, 2.83798669898e-07, 8.04345390293e-08, 1.15904299491e-07, 2.36927064634e-08, 1.19884404626e-08, 1.80009998019e-08, 4.62139526647e-09, 4.27265955949e-09, 4.08168637778e-11, 1.49783208003e-18, 1.68057251077e-18],
        "dvar2": [7.44579564671e-10, 2.33989567278e-06, 2.2818492198e-06, 2.59825646935e-05, 5.10103891429e-05, 1.65206929523e-05, 7.81605649536e-06, 1.68991755345e-05, 3.68750224879e-05, 5.77297487325e-06, 1.04992395791e-05, 4.96590610055e-06, 6.01436613579e-06, 3.31876117343e-06, 1.53419114213e-06, 1.23640506899e-06, 7.06205923962e-07, 2.00514946869e-07, 2.79341747955e-07, 5.7657651098e-08, 2.77034715168e-08, 4.6852580482e-08, 1.19603837945e-08, 1.02774917465e-08, 1.11712430972e-10, 4.701521721e-18, 5.27700326728e-18],
        "max": [0.000306607544189, 0.0185952484608, 0.0163661204278, 0.0359266027808, 0.0681410133839, 0.0474363267422, 0.0364305265248, 0.0439917966723, 0.0596627742052, 0.0341808386147, 0.0441673062742, 0.0392298512161, 0.0294298641384, 0.0266721639782, 0.015000872314, 0.0140942614526, 0.0125113967806, 0.00562376482412, 0.00862948969007, 0.00269801635295, 0.00234938878566, 0.00344566814601, 0.0023676159326, 0.00132079655305, 0.000282186258119, 1.30581954139e-08, 1.39069431526e-08],
        "mean": [1.24791076814e-05, 0.000827446288895, 0.000625689106528, 0.00150523066986, 0.00433720927685, 0.00211777817458, 0.00118728086818, 0.00169437751174, 0.00217103678733, 0.00106084498111, 0.00116733869072, 0.000829265627544, 0.0011492872145, 0.000894354947377, 0.000607912719715, 0.000677944044583, 0.000599825521931, 0.000360880425433, 0.00033964094473, 0.000165705874679, 9.97231545625e-05, 7.30999599909e-05, 3.94461130782e-05, 3.91738612961e-05, 1.9180538402e-06, 6.96269486511e-10, 7.43280603732e-10],
        "median": [5.1303741202e-06, 0.000528323696926, 0.000300571147818, 0.000421254197136, 0.0019975816831, 0.00100244721398, 0.000507763703354, 0.000583913933951, 0.000445254030637, 0.000392790389014, 0.000378500961233, 0.000304987246636, 0.000481281458633, 0.00032991002081, 0.000260047090705, 0.000318770733429, 0.000338593468769, 0.000211105143535, 0.000179239024874, 0.000100487930467, 4.57575479231e-05, 2.65858616331e-05, 1.45889016494e-05, 1.15807888506e-05, 2.83084631292e-07, 2.61796972989e-10, 2.82584178279e-10],
        "min": [1.70880958808e-24, 4.65064348089e-24, 1.11009808203e-24, 3.56629736868e-24, 9.27661928128e-24, 3.4914485105e-23, 3.26198780583e-23, 1.66926186097e-23, 4.60333281028e-23, 4.5944354059e-23, 9.12493237326e-24, 6.35933970966e-23, 3.98344370215e-23, 6.44438459504e-23, 5.66771190635e-23, 1.36314104193e-22, 8.04071721195e-23, 1.55707372335e-22, 1.71392287402e-22, 3.1966759289e-22, 3.39995112157e-22, 3.76487388492e-22, 4.29224292484e-22, 6.55948116816e-22, 1.09843850013e-21, 1.44933110091e-21, 2.12495590781e-21],
        "var": [3.66746799596e-10, 1.15870818718e-06, 8.97213737971e-07, 1.11944200398e-05, 4.01546712965e-05, 9.96118251351e-06, 3.88149555874e-06, 1.11038343675e-05, 2.61661261902e-05, 3.87535146729e-06, 7.44270300856e-06, 3.23624954035e-06, 4.66426581625e-06, 2.72740066976e-06, 9.95859522845e-07, 1.2442079651e-06, 6.00682540153e-07, 1.86142287362e-07, 2.4545801125e-07, 4.48210393245e-08, 2.52386236355e-08, 2.07186960921e-08, 5.90512705401e-09, 6.82181644507e-09, 3.76980460737e-11, 1.24895907632e-18, 1.39839194231e-18]
    },
    "erbbands": {
        "dmean": [0.0113819483668, 0.144224509597, 0.474514484406, 2.22643327713, 6.04827260971, 10.0287218094, 10.29159832, 12.3312883377, 10.9066257477, 16.9107990265, 24.5937995911, 35.2337188721, 17.3954048157, 21.4638328552, 38.2011451721, 18.7140598297, 32.780834198, 29.8449478149, 22.62525177, 18.7383708954, 18.5364456177, 14.8642911911, 10.3332357407, 10.3477659225, 7.04688167572, 4.27672338486, 2.35651731491, 2.05937099457, 1.81315648556, 1.03864133358, 0.656057775021, 0.624874293804, 0.349339842796, 0.0756688192487, 0.00179462938104, 0.000100645869679, 1.40776364788e-05, 3.22572645928e-06, 4.0301779336e-06, 8.44520945975e-06],
        "dmean2": [0.0188528504223, 0.235280588269, 0.783568620682, 3.69526696205, 9.7667131424, 15.8094148636, 16.3005523682, 20.0960502625, 17.8554439545, 26.404006958, 39.6324234009, 57.2257995605, 27.0039291382, 33.856136322, 59.303401947, 29.4985103607, 52.6694869995, 47.2170677185, 35.2903022766, 29.2498416901, 28.6688995361, 23.6228923798, 16.6132507324, 16.6614513397, 10.8798780441, 6.92208623886, 3.66934609413, 3.10377502441, 2.81380844116, 1.60874533653, 1.00881195068, 0.968067884445, 0.545214414597, 0.12850189209, 0.00300381961279, 0.000163017335581, 2.16988555621e-05, 4.84085285279e-06, 5.77972514293e-06, 1.23120289572e-05],
        "dvar": [0.000318897276884, 0.0657128691673, 0.755264282227, 26.0068264008, 216.229156494, 410.738098145, 377.90637207, 590.487548828, 519.055297852, 1303.1986084, 4005.55419922, 9278.60058594, 1386.11999512, 4051.65014648, 10745.3515625, 1340.63293457, 3975.94506836, 4613.10400391, 2009.12878418, 1471.04125977, 1470.64733887, 646.818115234, 213.977111816, 304.580810547, 196.33682251, 57.1310844421, 21.9796180725, 19.1121635437, 28.7128505707, 6.94973134995, 3.53515267372, 2.40761327744, 0.664845347404, 0.0615219399333, 3.1781859434e-05, 8.04557274137e-08, 1.03196673429e-09, 3.89259353917e-11, 2.40419038844e-11, 1.06725177307e-10],
        "dvar2": [0.000871261814609, 0.161377578974, 1.96015143394, 66.9164886475, 506.297607422, 1021.38250732, 941.879821777, 1536.56628418, 1385.05993652, 3148.06567383, 10506.3398438, 24268.9589844, 3276.06982422, 9490.2890625, 25889.0527344, 3264.80249023, 9644.47949219, 11674.2753906, 4785.61474609, 3465.35449219, 2952.16308594, 1581.64196777, 530.83984375, 778.606567383, 443.586486816, 142.315673828, 52.4154968262, 44.0223579407, 74.6872940063, 17.6621608734, 9.18714523315, 5.6740231514, 1.58967959881, 0.171678945422, 8.77155907801e-05, 2.16277385334e-07, 2.64587751708e-09, 9.52221079764e-11, 4.67692308492e-11, 2.16588566526e-10],
        "max": [0.284706473351, 4.8966460228, 16.1817054749, 63.9380493164, 208.852050781, 338.246459961, 397.513092041, 440.441467285, 479.036895752, 789.58001709, 1200.3347168, 1756.79064941, 962.832824707, 1751.97851562, 2070.35327148, 789.094177246, 1460.14160156, 1520.61181641, 1067.6697998, 861.148254395, 820.973693848, 663.670898438, 217.219512939, 309.546630859, 449.542938232, 141.408905029, 106.740524292, 109.085792542, 119.698982239, 71.0820007324, 72.6182327271, 35.61769104, 16.6479129791, 4.92109489441, 0.113952308893, 0.00545169459656, 0.000586790498346, 0.000103617087007, 5.53512727492e-05, 0.00010946434486],
        "mean": [0.0165595430881, 0.212831124663, 0.686886191368, 2.76528453827, 7.57002496719, 16.6907119751, 18.4270439148, 19.4865131378, 16.7577095032, 26.9304981232, 39.260383606, 55.0542449951, 30.1989555359, 34.9115982056, 58.5432281494, 33.4182128906, 53.1845092773, 48.8994560242, 38.2805709839, 33.4098052979, 34.8307189941, 29.95819664, 22.1099090576, 19.6641864777, 13.4619693756, 8.56081199646, 4.51694440842, 3.74572300911, 2.77646803856, 1.65755033493, 1.05097711086, 0.938362896442, 0.500324904919, 0.0810621678829, 0.00205536093563, 0.000141073309351, 2.75147667708e-05, 7.36696529202e-06, 1.33877119879e-05, 2.7243848308e-05],
        "median": [0.0108762122691, 0.129272609949, 0.407729715109, 1.04353439808, 2.63964128494, 7.29460906982, 9.15645980835, 8.76677131653, 7.57874011993, 10.9658279419, 13.7274904251, 12.3299694061, 13.294549942, 13.0072898865, 20.0392971039, 16.1230182648, 25.0515594482, 19.2628593445, 17.7119007111, 15.6536493301, 18.2155227661, 18.2153167725, 14.0768470764, 11.0797338486, 7.01791763306, 5.30992937088, 2.21886515617, 1.51117885113, 0.972689688206, 0.671676695347, 0.374113291502, 0.299073159695, 0.131675794721, 0.0149048781022, 0.00044354997226, 5.11523066962e-05, 1.7312275304e-05, 5.21945867149e-06, 1.25319274957e-05, 2.51069850492e-05],
        "min": [1.5956126709e-22, 8.11265514184e-22, 4.57118666528e-21, 1.08210144069e-20, 5.13164046594e-20, 2.56354920213e-20, 8.49541954073e-20, 1.95683726443e-19, 3.09057450166e-19, 3.44419912491e-19, 5.4641984792e-19, 8.26835729936e-19, 1.13875762902e-18, 1.5655141691e-18, 6.69560623048e-19, 2.85389264091e-18, 2.61309002483e-18, 2.78508362165e-18, 3.92179397865e-18, 4.65351712133e-18, 6.49976646417e-18, 5.43972127429e-18, 8.42390644221e-18, 8.48042934782e-18, 8.42376913022e-18, 1.28134892552e-17, 1.36859571791e-17, 1.44780413455e-17, 1.07960594341e-17, 1.48278775332e-17, 1.15395095163e-17, 1.34971126725e-17, 9.78821513116e-18, 1.24878687799e-17, 7.35720410276e-18, 4.51891415616e-18, 2.60716927281e-18, 1.04733318162e-18, 2.82461654768e-19, 3.07232618649e-20],
        "var": [0.000395420676796, 0.0820886418223, 0.85502833128, 26.9942550659, 256.083496094, 710.787353516, 739.662841797, 909.627685547, 666.215454102, 2082.05786133, 6670.53076172, 17257.5019531, 2622.9230957, 6752.56054688, 19867.2070312, 2715.02954102, 7364.41845703, 9122.66015625, 3652.01708984, 2930.68164062, 3078.5847168, 1378.48364258, 581.762634277, 638.810668945, 420.117279053, 117.305412292, 43.4307556152, 38.8247947693, 32.1728477478, 9.27611064911, 4.43614053726, 3.93490815163, 1.14580750465, 0.0502326898277, 2.81233333226e-05, 8.45145464723e-08, 1.439431907e-09, 7.1496981946e-11, 9.14402997765e-11, 3.82554959932e-10]
    },
    "gfcc": {
        "mean": [-54.3996200562, 148.500640869, -177.079727173, 42.5807914734, -67.7942886353, 2.38924765587, -32.2889709473, -15.7138271332, -2.64223074913, -26.908454895, 9.26240062714, -20.0574817657, 3.65847039223],
        "cov": [[9486.52929688, -13.3698205948, -1164.90759277, 181.70954895, -589.53302002, 7.7833199501, -72.4141540527, 16.6873054504, -48.8952102661, -78.1783981323, 63.6372947693, -173.903259277, -19.9061641693], [-13.3698205948, 1251.30664062, 414.704437256, -89.8568344116, 370.709350586, -261.335632324, 137.879089355, -62.5158882141, 80.6782302856, -59.7513084412, 62.0224609375, 26.7124462128, 11.8734121323], [-1164.90759277, 414.704437256, 953.229797363, 262.877166748, 79.849937439, 17.084810257, -48.7978286743, -10.2893362045, -9.05142974854, 1.33433401585, -8.16196727753, 2.32962083817, 5.21664190292], [181.70954895, -89.8568344116, 262.877166748, 392.533691406, -26.5575790405, 71.9687271118, -41.8487434387, 0.190815895796, -2.68298578262, 19.1070308685, -35.414276123, -29.2190284729, -11.9381189346], [-589.53302002, 370.709350586, 79.849937439, -26.5575790405, 313.351745605, -67.3337936401, 68.3948822021, -10.8918018341, 50.6406936646, -9.33080673218, 10.9525356293, 30.6322517395, 7.65517568588], [7.7833199501, -261.335632324, 17.084810257, 71.9687271118, -67.3337936401, 256.406951904, 28.7684574127, 37.6766853333, -29.8114967346, 26.6832313538, -17.2215042114, -20.7516403198, -14.2719650269], [-72.4141540527, 137.879089355, -48.7978286743, -41.8487434387, 68.3948822021, 28.7684574127, 194.701126099, 31.9821281433, 11.6768054962, 2.91312265396, 12.3245410919, 6.51501131058, -24.5202922821], [16.6873054504, -62.5158882141, -10.2893362045, 0.190815895796, -10.8918018341, 37.6766853333, 31.9821281433, 117.215103149, 45.5410308838, 14.5491333008, 1.7331469059, -16.3281917572, -10.4587392807], [-48.8952102661, 80.6782302856, -9.05142974854, -2.68298578262, 50.6406936646, -29.8114967346, 11.6768054962, 45.5410308838, 112.247268677, 36.8858108521, -7.3326883316, -14.2764396667, -9.94209480286], [-78.1783981323, -59.7513084412, 1.33433401585, 19.1070308685, -9.33080673218, 26.6832313538, 2.91312265396, 14.5491333008, 36.8858108521, 80.0790481567, 19.4818878174, -12.1062269211, -6.44240140915], [63.6372947693, 62.0224609375, -8.16196727753, -35.414276123, 10.9525356293, -17.2215042114, 12.3245410919, 1.7331469059, -7.3326883316, 19.4818878174, 78.4095840454, 33.6286735535, 4.19753408432], [-173.903259277, 26.7124462128, 2.32962083817, -29.2190284729, 30.6322517395, -20.7516403198, 6.51501131058, -16.3281917572, -14.2764396667, -12.1062269211, 33.6286735535, 85.8605499268, 39.6506080627], [-19.9061641693, 11.8734121323, 5.21664190292, -11.9381189346, 7.65517568588, -14.2719650269, -24.5202922821, -10.4587392807, -9.94209480286, -6.44240140915, 4.19753408432, 39.6506080627, 63.7180671692]],
        "icov": [[0.000278297113255, -0.000684843631461, 0.00076875515515, -0.000650029687677, 0.000859661726281, -0.000341265666066, 0.000417752016801, -0.000337496487191, 0.000226983538596, 0.000160484662047, -0.000287962931907, 0.000295679521514, -0.000157906746608], [-0.000684843631461, 0.00517121748999, -0.00369086279534, 0.00240565300919, -0.00405875453725, 0.00265333964489, -0.00390493567102, 0.00383882736787, -0.00420577963814, 0.00400595460087, -0.00394341396168, 0.0035699356813, -0.00242828368209], [0.00076875515515, -0.00369086279534, 0.00442563323304, -0.00315917981789, 0.00282972492278, -0.00183865986764, 0.00299161509611, -0.00267244176939, 0.00286789843813, -0.00181393150706, 0.00142279861029, -0.00149248773232, 0.00103359564673], [-0.000650029687677, 0.00240565300919, -0.00315917981789, 0.0052915206179, -0.00230177328922, 0.000478944857605, -0.00108172919136, 0.00160961586516, -0.00126901897602, -0.000326037028572, 0.00105162477121, 0.000326789304381, 0.000326839945046], [0.000859661726281, -0.00405875453725, 0.00282972492278, -0.00230177328922, 0.00832590647042, -0.00153909437358, 0.000984226353467, -0.00113045878243, -0.00036688594264, -0.00045876504737, 0.00117009272799, -0.00227888813242, 0.000447536003776], [-0.000341265666066, 0.00265333964489, -0.00183865986764, 0.000478944857605, -0.00153909437358, 0.00704537238926, -0.00296591967344, -0.000604679866228, 0.00153185147792, -0.00143341335934, 0.000477095309179, 0.00115110981278, -0.000492071674671], [0.000417752016801, -0.00390493567102, 0.00299161509611, -0.00108172919136, 0.000984226353467, -0.00296591967344, 0.00996804330498, -0.0049930550158, 0.00431147916242, -0.00379019114189, 0.00353167555295, -0.00506625976413, 0.00585388531908], [-0.000337496487191, 0.00383882736787, -0.00267244176939, 0.00160961586516, -0.00113045878243, -0.000604679866228, -0.0049930550158, 0.0158375129104, -0.0109467981383, 0.00692539615557, -0.00701624434441, 0.00613496499136, -0.00398521544412], [0.000226983538596, -0.00420577963814, 0.00286789843813, -0.00126901897602, -0.00036688594264, 0.00153185147792, 0.00431147916242, -0.0109467981383, 0.0220298599452, -0.0145525904372, 0.0106649547815, -0.00573982670903, 0.00546682300046], [0.000160484662047, 0.00400595460087, -0.00181393150706, -0.000326037028572, -0.00045876504737, -0.00143341335934, -0.00379019114189, 0.00692539615557, -0.0145525904372, 0.0267353244126, -0.0158234741539, 0.0110265146941, -0.00658341869712], [-0.000287962931907, -0.00394341396168, 0.00142279861029, 0.00105162477121, 0.00117009272799, 0.000477095309179, 0.00353167555295, -0.00701624434441, 0.0106649547815, -0.0158234741539, 0.0278559010476, -0.0167084932327, 0.00952566321939], [0.000295679521514, 0.0035699356813, -0.00149248773232, 0.000326789304381, -0.00227888813242, 0.00115110981278, -0.00506625976413, 0.00613496499136, -0.00573982670903, 0.0110265146941, -0.0167084932327, 0.0292349215597, -0.0176728423685], [-0.000157906746608, -0.00242828368209, 0.00103359564673, 0.000326839945046, 0.000447536003776, -0.000492071674671, 0.00585388531908, -0.00398521544412, 0.00546682300046, -0.00658341869712, 0.00952566321939, -0.0176728423685, 0.0280658509582]]
    },
    "melbands": {
        "dmean": [0.00013019090693, 0.000216626751353, 0.00052685989067, 0.000513668404892, 0.000412943831179, 0.000266725808615, 0.000163627002621, 0.000196317472728, 0.000225499461521, 0.000206455108128, 8.31895449664e-05, 8.65199326654e-05, 0.000118042938993, 7.4221228715e-05, 6.2018247263e-05, 6.57671989757e-05, 5.95542114752e-05, 4.0121452912e-05, 2.61738568952e-05, 3.02028092847e-05, 2.17388133024e-05, 1.6854115529e-05, 1.68953411048e-05, 8.22598758532e-06, 9.21607988857e-06, 6.79296044837e-06, 3.81070844924e-06, 2.81717461803e-06, 1.58810530593e-06, 1.40497195389e-06, 1.22799360724e-06, 1.16422370411e-06, 7.91504248809e-07, 5.51472226107e-07, 3.93253117181e-07, 3.721651467e-07, 4.00476920959e-07, 2.24230319645e-07, 2.58131819919e-07, 4.45139081151e-09],
        "dmean2": [0.000213520805119, 0.000351186521584, 0.000856517581269, 0.000806693104096, 0.000646633212455, 0.000434313813457, 0.000267355237156, 0.000305964320432, 0.000364220672054, 0.000333715404849, 0.000130093118059, 0.000137487702887, 0.000182462783414, 0.000116222807264, 9.91649358184e-05, 0.000105113329482, 9.47433218244e-05, 6.26022156212e-05, 4.11228975281e-05, 4.72397478006e-05, 3.41446757375e-05, 2.7009700716e-05, 2.76913069683e-05, 1.3230443983e-05, 1.50251999003e-05, 1.05388617158e-05, 6.0629431573e-06, 4.58957265437e-06, 2.52389259003e-06, 2.20365632231e-06, 1.88627961961e-06, 1.82827591289e-06, 1.2631945765e-06, 8.68265715326e-07, 6.08202469721e-07, 5.79269112677e-07, 6.29178487088e-07, 3.3931581811e-07, 4.42770783593e-07, 7.25844229166e-09],
        "dvar": [4.73315395766e-08, 1.40857309816e-07, 1.6256675508e-06, 1.04838272819e-06, 5.69855842514e-07, 2.68040537321e-07, 1.15970856029e-07, 1.73650036572e-07, 3.30937950821e-07, 3.11569749556e-07, 3.4744680022e-08, 6.91643862183e-08, 9.37533144452e-08, 4.04281728095e-08, 1.40603990673e-08, 2.24140883631e-08, 1.65809161956e-08, 7.31830951395e-09, 3.89202936546e-09, 3.32630523125e-09, 1.91085836043e-09, 1.17879650485e-09, 6.17586037865e-10, 1.8908323518e-10, 2.60853755263e-10, 2.43341152784e-10, 5.151154156e-11, 2.57959330979e-11, 9.86081528931e-12, 8.6873182259e-12, 6.75641010153e-12, 1.15531030923e-11, 7.92058085786e-12, 1.71054771909e-12, 1.00975998396e-12, 1.42399113334e-12, 1.06498187005e-12, 2.46898394741e-13, 7.42054312962e-13, 2.69732295158e-16],
        "dvar2": [1.22815833947e-07, 3.48239154846e-07, 3.93215714212e-06, 2.56248631558e-06, 1.36092342018e-06, 6.94182801908e-07, 3.08018627493e-07, 4.11437014236e-07, 8.76378464909e-07, 8.04199828508e-07, 8.29586213058e-08, 1.64306513284e-07, 2.12805261413e-07, 9.67305453514e-08, 3.39393011473e-08, 5.52256764763e-08, 4.13899137186e-08, 1.66983085137e-08, 9.50648360032e-09, 7.2999801759e-09, 4.10549594321e-09, 2.9019509018e-09, 1.60903046442e-09, 4.7496284683e-10, 6.82753908965e-10, 5.5911741903e-10, 1.22425722338e-10, 6.57150098227e-11, 2.40322726996e-11, 2.03786952591e-11, 1.59745393996e-11, 3.0242561927e-11, 2.18299735927e-11, 4.29864000298e-12, 2.5814907937e-12, 3.79511960052e-12, 2.53193256292e-12, 5.42295321062e-13, 2.08353299891e-12, 7.05952992444e-16],
        "max": [0.00417770724744, 0.00667689787224, 0.0154716558754, 0.018304605037, 0.0135236661881, 0.00945833511651, 0.00707717286423, 0.00791220832616, 0.00952799245715, 0.0105595877394, 0.00462473602965, 0.00694894511253, 0.00734227849171, 0.00467024557292, 0.00201067770831, 0.0030524879694, 0.00250611570664, 0.00243421667255, 0.0013622083934, 0.00126586831175, 0.000845440663397, 0.000971846922766, 0.000360908044968, 0.000326595152728, 0.000291475356789, 0.000581149419304, 0.000166068741237, 8.81019950612e-05, 5.70285519643e-05, 7.60571929277e-05, 5.5213808082e-05, 8.32423320389e-05, 0.000104607599496, 3.23417953041e-05, 3.09432216454e-05, 5.1752293075e-05, 2.59284752246e-05, 1.33217581606e-05, 1.42612161653e-05, 7.16394538358e-07],
        "mean": [0.000193307132577, 0.000337717647199, 0.000652460206766, 0.000816246320028, 0.000761788280215, 0.000421974837082, 0.000248098629527, 0.000311068899464, 0.000355996686267, 0.000317740254104, 0.000138683128171, 0.000133808498504, 0.000179545124411, 0.000114377646241, 0.000101524507045, 0.000103502352431, 9.17459983611e-05, 6.39005811536e-05, 4.19436582888e-05, 5.10249083163e-05, 3.7806275941e-05, 3.04059813061e-05, 3.00799620163e-05, 1.53250512085e-05, 1.60827094078e-05, 1.15370457934e-05, 7.06897844793e-06, 5.21290530742e-06, 2.74235617326e-06, 2.48207561526e-06, 2.08182541428e-06, 1.69073382494e-06, 1.14948113605e-06, 8.35291132262e-07, 5.99729332862e-07, 5.63317371416e-07, 5.71981786379e-07, 3.49512362163e-07, 2.64611543344e-07, 5.10115860664e-09],
        "median": [0.000132767818286, 0.000219602225116, 0.000228973498452, 0.000381159916287, 0.000367581989849, 0.000194812761038, 0.000108309686766, 0.000117863732157, 0.000106437866634, 7.02845791238e-05, 5.19701461599e-05, 4.28128441854e-05, 6.00792445766e-05, 3.98566371587e-05, 4.99921152368e-05, 4.33989771409e-05, 3.20642175211e-05, 2.73467412626e-05, 1.78360623977e-05, 2.23813749471e-05, 1.85236403922e-05, 1.5140256437e-05, 1.93076430151e-05, 7.71266877564e-06, 8.44383066578e-06, 5.0127009672e-06, 4.02530758947e-06, 3.07088748741e-06, 1.23460768009e-06, 1.12686518605e-06, 7.78121773237e-07, 5.47681395346e-07, 4.13877046412e-07, 3.21754782817e-07, 2.0002349288e-07, 1.92316633729e-07, 1.66800703028e-07, 9.65194075775e-08, 4.49390888946e-08, 6.61747490138e-10],
        "min": [2.17877643059e-24, 2.56746811733e-24, 2.58881449621e-24, 2.8125855416e-24, 2.02929064171e-24, 4.83677205604e-24, 5.24436386399e-24, 4.19847866521e-24, 4.59022856847e-24, 5.94955029299e-24, 5.9772487771e-24, 5.80848381934e-24, 1.16472157212e-24, 6.60913661737e-24, 4.51784466395e-24, 5.010671315e-24, 5.26697340639e-24, 6.52127486747e-24, 4.74571541947e-24, 6.73645640089e-24, 5.72838091087e-24, 5.23191090574e-24, 6.38213636987e-24, 6.31636627519e-24, 5.65570631112e-24, 4.9191934267e-24, 6.38281242366e-24, 7.8656263786e-24, 8.94765639519e-24, 7.7192579708e-24, 8.61894673346e-24, 5.83194020392e-24, 7.1721553229e-24, 7.92742968622e-24, 6.71784559441e-24, 6.81573139984e-24, 6.20874789834e-24, 6.2480497375e-24, 7.207430816e-24, 1.14267677524e-23],
        "var": [5.78588021938e-08, 1.77681556579e-07, 1.81980612979e-06, 1.56996600253e-06, 1.30386308683e-06, 4.1131121975e-07, 1.51614216293e-07, 2.91968348165e-07, 5.69817530049e-07, 5.74203170345e-07, 6.34339514249e-08, 1.13691939418e-07, 1.76538264895e-07, 6.86218655233e-08, 2.54397374277e-08, 4.3834262442e-08, 3.15519272931e-08, 1.35710180871e-08, 5.78299985676e-09, 6.98696300816e-09, 3.69285135804e-09, 2.08063877238e-09, 1.2708131214e-09, 4.06496475369e-10, 4.83993789491e-10, 4.52899856507e-10, 9.59074625273e-11, 4.90953284971e-11, 1.70792026355e-11, 1.75698414151e-11, 1.23945064281e-11, 1.23527559709e-11, 7.33482025117e-12, 2.33813359299e-12, 1.37759259295e-12, 1.63272975869e-12, 1.62789465068e-12, 5.51179219453e-13, 5.73979991141e-13, 3.02351851594e-16]
    },
    "mfcc": {
        "mean": [-664.528259277, 146.155258179, -33.3270797729, 21.8714981079, -5.36515378952, 4.17943000793, -12.3821907043, 5.01004171371, -13.5059299469, 1.83654630184, -9.46452236176, 3.67782187462, -9.84673690796],
        "cov": [[8277.98339844, -556.117248535, -892.455200195, 105.134017944, -664.602722168, 85.2970733643, -239.23789978, 147.100524902, -279.649841309, 222.333206177, -136.09942627, 235.35786438, -201.701766968], [-556.117248535, 1436.72155762, 67.0267791748, 143.513900757, 200.379318237, -100.839408875, 77.9329147339, 9.08358192444, 37.4434890747, -58.8884544373, 57.6289024353, -53.50207901, 70.1619567871], [-892.455200195, 67.0267791748, 877.386962891, 197.985214233, 169.31111145, 63.1574211121, 44.9684638977, -25.6127357483, 19.5235595703, -26.5436687469, 25.5152492523, -26.5409622192, -34.5438919067], [105.134017944, 143.513900757, 197.985214233, 325.853485107, 100.823875427, 18.6204662323, -19.7350311279, 2.63423013687, 10.1305742264, 7.12091779709, 15.1483955383, -16.6312046051, -20.3834552765], [-664.602722168, 200.379318237, 169.31111145, 100.823875427, 259.812316895, 8.18239879608, -3.54991841316, -15.6836891174, 41.7705116272, -13.5190763474, 22.7934112549, -32.4052848816, 8.92557144165], [85.2970733643, -100.839408875, 63.1574211121, 18.6204662323, 8.18239879608, 159.028106689, 49.7695274353, 10.661863327, 16.0347309113, 3.11361432076, 15.1675577164, 1.93785691261, -28.760881424], [-239.23789978, 77.9329147339, 44.9684638977, -19.7350311279, -3.54991841316, 49.7695274353, 148.897171021, 45.5038070679, 12.5088186264, -15.3057098389, 21.9304351807, 1.71867597103, -0.00785032939166], [147.100524902, 9.08358192444, -25.6127357483, 2.63423013687, -15.6836891174, 10.661863327, 45.5038070679, 107.353996277, 22.2811660767, 11.239027977, 15.3935470581, 6.91064739227, -1.58993041515], [-279.649841309, 37.4434890747, 19.5235595703, 10.1305742264, 41.7705116272, 16.0347309113, 12.5088186264, 22.2811660767, 111.224319458, 28.6113243103, 26.6805114746, -12.1613759995, 6.13853740692], [222.333206177, -58.8884544373, -26.5436687469, 7.12091779709, -13.5190763474, 3.11361432076, -15.3057098389, 11.239027977, 28.6113243103, 123.115737915, 64.6624603271, 6.10927915573, -38.7510452271], [-136.09942627, 57.6289024353, 25.5152492523, 15.1483955383, 22.7934112549, 15.1675577164, 21.9304351807, 15.3935470581, 26.6805114746, 64.6624603271, 127.781547546, 4.31520605087, -40.2011566162], [235.35786438, -53.50207901, -26.5409622192, -16.6312046051, -32.4052848816, 1.93785691261, 1.71867597103, 6.91064739227, -12.1613759995, 6.10927915573, 4.31520605087, 82.5607223511, 22.8340740204], [-201.701766968, 70.1619567871, -34.5438919067, -20.3834552765, 8.92557144165, -28.760881424, -0.00785032939166, -1.58993041515, 6.13853740692, -38.7510452271, -40.2011566162, 22.8340740204, 115.64225769]],
