{
"lowlevel": {
    "average_loudness": 0.935297071934,
    "barkbands_crest": {
        "dmean": 2.58209466934,
        "dmean2": 4.1923532486,
        "dvar": 5.46866846085,
        "dvar2": 13.2227010727,
        "max": 26.3862533569,
        "mean": 10.6299715042,
        "median": 9.52821063995,
        "min": 2.79539370537,
        "var": 21.342754364
    },
    "barkbands_flatness_db": {
        "dmean": 0.0204673353583,
        "dmean2": 0.0331238731742,
        "dvar": 0.000326999841491,
        "dvar2": 0.000800919835456,
        "max": 0.419101178646,
        "mean": 0.230980321765,
        "median": 0.224542722106,
        "min": 0.0516368299723,
        "var": 0.00205648038536
    },
    "barkbands_kurtosis": {
        "dmean": 2.7689166069,
        "dmean2": 4.37450265884,
        "dvar": 25.8696460724,
        "dvar2": 61.4667816162,
        "max": 154.735870361,
        "mean": 4.76787567139,
        "median": 1.76584529877,
        "min": -1.80405652523,
        "var": 74.5301818848
    },
    "barkbands_skewness": {
        "dmean": 0.502345144749,
        "dmean2": 0.785909354687,
        "dvar": 0.27591919899,
        "dvar2": 0.645412385464,
        "max": 11.032992363,
        "mean": 1.21096467972,
        "median": 1.09741950035,
        "min": -4.45650529861,
        "var": 1.73927044868
    },
    "barkbands_spread": {
        "dmean": 2.72815442085,
        "dmean2": 4.3275103569,
        "dvar": 8.99531364441,
        "dvar2": 20.8940944672,
        "max": 63.1561203003,
        "mean": 11.5374565125,
        "median": 10.3460521698,
        "min": 0.477651387453,
        "var": 49.1903686523
    },
    "dissonance": {
        "dmean": 0.0286040361971,
        "dmean2": 0.0486791469157,
        "dvar": 0.00071055960143,
        "dvar2": 0.00195682630874,
        "max": 0.500000238419,
        "mean": 0.441095501184,
        "median": 0.451081544161,
        "min": 0.22865319252,
        "var": 0.00176379655022
    },
    "dynamic_complexity": 2.57997608185,
    "erbbands_crest": {
        "dmean": 3.22232532501,
        "dmean2": 5.12636852264,
        "dvar": 8.61686992645,
        "dvar2": 20.4035205841,
        "max": 33.0398101807,
        "mean": 12.2000989914,
        "median": 10.778637886,
        "min": 2.01600813866,
        "var": 34.1753692627
    },
    "erbbands_flatness_db": {
        "dmean": 0.0167243164033,
        "dmean2": 0.0252628494054,
        "dvar": 0.000236977837631,
        "dvar2": 0.000496168271638,
        "max": 0.43566262722,
        "mean": 0.264223992825,
        "median": 0.261362671852,
        "min": 0.023958561942,
        "var": 0.00168973312248
    },
    "erbbands_kurtosis": {
        "dmean": 1.4753049612,
        "dmean2": 2.34494328499,
        "dvar": 4.74845314026,
        "dvar2": 11.1511058807,
        "max": 43.2725944519,
        "mean": 1.77682709694,
        "median": 0.666774749756,
        "min": -1.86917579174,
        "var": 13.2738809586
    },
    "erbbands_skewness": {
        "dmean": 0.411689639091,
        "dmean2": 0.644864618778,
        "dvar": 0.155675515532,
        "dvar2": 0.364352852106,
        "max": 5.04503154755,
        "mean": 0.515814721584,
        "median": 0.422845810652,
        "min": -3.9121055603,
        "var": 1.02902507782
    },
    "erbbands_spread": {
        "dmean": 4.66664171219,
        "dmean2": 7.32096147537,
        "dvar": 23.1764297485,
        "dvar2": 53.8142852783,
        "max": 100.578399658,
        "mean": 21.0659408569,
        "median": 19.3559398651,
        "min": 1.6026147604,
        "var": 117.39490509
    },
    "hfc": {
        "dmean": 4.75334501266,
        "dmean2": 6.80174255371,
        "dvar": 33.6104774475,
        "dvar2": 62.3887557983,
        "max": 100.254257202,
        "mean": 19.6011962891,
        "median": 16.5382614136,
        "min": 1.18918886227e-16,
        "var": 209.701248169
    },
    "melbands_crest": {
        "dmean": 3.18236970901,
        "dmean2": 5.19245815277,
        "dvar": 8.73951911926,
        "dvar2": 21.8174495697,
        "max": 33.7756576538,
        "mean": 13.4393529892,
        "median": 12.1656980515,
        "min": 1.99567174911,
        "var": 32.5187301636
    },
    "melbands_flatness_db": {
        "dmean": 0.0206451993436,
        "dmean2": 0.0318747200072,
        "dvar": 0.000402400823077,
        "dvar2": 0.000920079881325,
        "max": 0.481846809387,
        "mean": 0.267001897097,
        "median": 0.25937590003,
        "min": 0.0050738514401,
        "var": 0.00343109015375
    },
    "melbands_kurtosis": {
        "dmean": 4.35120868683,
        "dmean2": 6.88895130157,
        "dvar": 69.193145752,
        "dvar2": 160.156005859,
        "max": 243.724151611,
        "mean": 8.306432724,
        "median": 3.76948451996,
        "min": -1.80392050743,
        "var": 196.081939697
    },
    "melbands_skewness": {
        "dmean": 0.585679829121,
        "dmean2": 0.917879939079,
        "dvar": 0.391023606062,
        "dvar2": 0.903905808926,
        "max": 12.1492586136,
        "mean": 1.69694209099,
        "median": 1.53401553631,
        "min": -2.75556397438,
        "var": 2.22099471092
    },
    "melbands_spread": {
        "dmean": 4.17244052887,
        "dmean2": 6.63124132156,
        "dvar": 27.5217647552,
        "dvar2": 62.360660553,
        "max": 138.673492432,
        "mean": 16.6566772461,
        "median": 14.611325264,
        "min": 0.699622273445,
        "var": 129.805969238
    },
    "pitch_salience": {
        "dmean": 0.0710886120796,
        "dmean2": 0.115629822016,
        "dvar": 0.0039933542721,
        "dvar2": 0.0100335776806,
        "max": 0.911062538624,
        "mean": 0.565651357174,
        "median": 0.579104959965,
        "min": 0.102866634727,
        "var": 0.0151726920158
    },
    "silence_rate_20dB": {
        "dmean": 0,
        "dmean2": 0,
        "dvar": 0,
        "dvar2": 0,
        "max": 1,
        "mean": 1,
        "median": 1,
        "min": 1,
        "var": 0
    },
    "silence_rate_30dB": {
        "dmean": 0.000989609048702,
        "dmean2": 0.00197946303524,
        "dvar": 0.0009886136977,
        "dvar2": 0.00222291355021,
        "max": 1,
        "mean": 0.99913418293,
        "median": 1,
        "min": 0,
        "var": 0.000865106703714
    },
    "silence_rate_60dB": {
        "dmean": 0.013854527846,
        "dmean2": 0.027712482959,
        "dvar": 0.0136616993695,
        "dvar2": 0.0321376882493,
        "max": 1,
        "mean": 0.0394557826221,
        "median": 0,
        "min": 0,
        "var": 0.0378985181451
    },
    "spectral_centroid": {
        "dmean": 134.345016479,
        "dmean2": 209.192260742,
        "dvar": 30888.9453125,
        "dvar2": 62231.4882812,
        "max": 10527.7607422,
        "mean": 906.659606934,
        "median": 834.066894531,
        "min": 197.918502808,
        "var": 213070.46875
    },
    "spectral_complexity": {
        "dmean": 2.38941121101,
        "dmean2": 3.84337496758,
        "dvar": 4.46163511276,
        "dvar2": 10.6930418015,
        "max": 41,
        "mean": 16.4411869049,
        "median": 16,
        "min": 0,
        "var": 53.0226669312
    },
    "spectral_decrease": {
        "dmean": 2.05677430642e-09,
        "dmean2": 3.08532022153e-09,
        "dvar": 5.97048130075e-18,
        "dvar2": 1.30249687322e-17,
        "max": 8.18555020997e-31,
        "mean": -7.62982566016e-09,
        "median": -7.27988824778e-09,
        "min": -3.83632503542e-08,
        "var": 2.14487353809e-17
    },
    "spectral_energy": {
        "dmean": 0.00811126921326,
        "dmean2": 0.012140979059,
        "dvar": 9.04705666471e-05,
        "dvar2": 0.000195855041966,
        "max": 0.147211059928,
        "mean": 0.0305746905506,
        "median": 0.0294020920992,
        "min": 1.078320159e-20,
        "var": 0.000336445169523
    },
    "spectral_energyband_high": {
        "dmean": 2.86527356366e-05,
        "dmean2": 4.33474815509e-05,
        "dvar": 3.40378147889e-09,
        "dvar2": 7.14064318785e-09,
        "max": 0.00192902644631,
        "mean": 8.19803681225e-05,
        "median": 4.77757675981e-05,
        "min": 7.8862123287e-21,
        "var": 1.21270451459e-08
    },
    "spectral_energyband_low": {
        "dmean": 0.00247310474515,
        "dmean2": 0.00390156614594,
        "dvar": 2.96026391879e-05,
        "dvar2": 6.90808301442e-05,
        "max": 0.108388319612,
        "mean": 0.00432184897363,
        "median": 0.00175642443355,
        "min": 8.05436702997e-23,
        "var": 5.22023401572e-05
    },
    "spectral_energyband_middle_high": {
        "dmean": 0.0028010844253,
        "dmean2": 0.00400893157348,
        "dvar": 1.99471742235e-05,
        "dvar2": 3.71550522686e-05,
        "max": 0.0838630273938,
        "mean": 0.00872987508774,
        "median": 0.00457898527384,
        "min": 1.62853374236e-21,
        "var": 0.000110120781756
    },
    "spectral_energyband_middle_low": {
        "dmean": 0.00655342126265,
        "dmean2": 0.010186303407,
        "dvar": 7.26959769963e-05,
        "dvar2": 0.000172432977706,
        "max": 0.118961326778,
        "mean": 0.0190570317209,
        "median": 0.0154955182225,
        "min": 3.21339321676e-22,
        "var": 0.000224537347094
    },
    "spectral_entropy": {
        "dmean": 0.133369922638,
        "dmean2": 0.205770179629,
        "dvar": 0.0180862098932,
        "dvar2": 0.0398628227413,
        "max": 9.7930355072,
        "mean": 6.94009971619,
        "median": 7.01654481888,
        "min": 5.19463729858,
        "var": 0.173322483897
    },
    "spectral_flux": {
        "dmean": 0.0251342821866,
        "dmean2": 0.040511649102,
        "dvar": 0.000704185804352,
        "dvar2": 0.00171057623811,
        "max": 0.290598422289,
        "mean": 0.0879015624523,
        "median": 0.0822464823723,
        "min": 1.03842198729e-10,
        "var": 0.00184081064072
    },
    "spectral_kurtosis": {
        "dmean": 4.87581729889,
        "dmean2": 8.6012544632,
        "dvar": 19.7410373688,
        "dvar2": 59.1220588684,
        "max": 71.6541595459,
        "mean": 9.10208702087,
        "median": 7.58383560181,
        "min": -1.19881951809,
        "var": 43.1259994507
    },
    "spectral_rms": {
        "dmean": 0.000721299089491,
        "dmean2": 0.00106376234908,
        "dvar": 5.84151166549e-07,
        "dvar2": 1.16048977361e-06,
        "max": 0.0119841787964,
        "mean": 0.00516147911549,
        "median": 0.00535583496094,
        "min": 3.24348534142e-12,
        "var": 3.1881038467e-06
    },
    "spectral_rolloff": {
        "dmean": 206.482284546,
        "dmean2": 348.788909912,
        "dvar": 151793.59375,
        "dvar2": 301937.3125,
        "max": 18776.953125,
        "mean": 1039.38000488,
        "median": 925.927734375,
        "min": 43.06640625,
        "var": 486660.21875
    },
    "spectral_skewness": {
        "dmean": 0.421884477139,
        "dmean2": 0.730189204216,
        "dvar": 0.124815680087,
        "dvar2": 0.364464968443,
        "max": 6.75064516068,
        "mean": 1.92978596687,
        "median": 1.82790136337,
        "min": -0.341357320547,
        "var": 0.525041818619
    },
    "spectral_spread": {
        "dmean": 228827.796875,
        "dmean2": 371212.875,
        "dvar": 176945201152,
        "dvar2": 241319837696,
        "max": 40685836,
        "mean": 2374042.25,
        "median": 2301695.75,
        "min": 1099508.375,
        "var": 435756695552
    },
    "spectral_strongpeak": {
        "dmean": 0.852657675743,
        "dmean2": 1.36825287342,
        "dvar": 1.32567703724,
        "dvar2": 2.98987436295,
        "max": 15.7940769196,
        "mean": 1.83190536499,
        "median": 1.15514814854,
        "min": 0,
        "var": 3.80376720428
    },
    "zerocrossingrate": {
        "dmean": 0.00453369505703,
        "dmean2": 0.00550133408979,
        "dvar": 7.76090746513e-05,
        "dvar2": 7.1682043199e-05,
        "max": 0.81005859375,
        "mean": 0.0386375114322,
        "median": 0.03662109375,
        "min": 0.005859375,
        "var": 0.000505146861542
    },
    "barkbands": {
        "dmean": [1.86134475371e-05, 0.00104640272912, 0.00121778447647, 0.00153272470925, 0.00274152541533, 0.00214465684257, 0.00147249468137, 0.00106041925028, 0.00111500627827, 0.00146352848969, 0.00108437193558, 0.000573651748709, 0.000484735530335, 0.000435636640759, 0.000489076832309, 0.000325559260091, 0.00017454814224, 0.000122407713206, 5.88069415244e-05, 3.33415300702e-05, 1.00093993751e-05, 5.41557210454e-06, 3.95755023419e-06, 2.20081460611e-06, 2.58296807942e-07, 1.08785391806e-09, 1.11511022638e-09],
        "dmean2": [3.25242181134e-05, 0.00171627022792, 0.00204235385172, 0.00251378305256, 0.00448879692703, 0.00332533824258, 0.00233081774786, 0.00169556506444, 0.0017346451059, 0.00217828527093, 0.0016567511484, 0.0008951962227, 0.000746222271118, 0.000693260226399, 0.000743596814573, 0.000503825373016, 0.000278233492281, 0.000195341490326, 9.54522256507e-05, 5.38264284842e-05, 1.54812914843e-05, 8.113347576e-06, 6.0467991716e-06, 3.38028712576e-06, 4.1306597609e-07, 1.99735517015e-09, 2.04709604823e-09],
        "dvar": [1.72600633785e-09, 6.61052445139e-06, 9.17828310776e-06, 1.1933479982e-05, 2.60975939455e-05, 1.48733161041e-05, 8.46477178129e-06, 6.9895577326e-06, 8.62244723976e-06, 1.36517910505e-05, 7.21957349015e-06, 2.13652583625e-06, 2.24129962589e-06, 1.98249267669e-06, 1.88448950666e-06, 1.21856442092e-06, 2.08749966646e-07, 7.92860817e-08, 1.17106928599e-08, 5.1343902463e-09, 3.47283146684e-10, 2.39624431408e-10, 7.67849533956e-11, 1.47380458532e-11, 7.07179377991e-13, 1.65270239711e-17, 5.01172685842e-18],
        "dvar2": [4.60221727394e-09, 1.66381232702e-05, 2.42932583205e-05, 2.92010317935e-05, 6.76717681927e-05, 3.21882835124e-05, 1.96657219931e-05, 1.67235684785e-05, 1.8700315195e-05, 2.67761679424e-05, 1.48841691043e-05, 4.45437626695e-06, 4.48780019724e-06, 4.60744104203e-06, 3.64486822946e-06, 2.49649906436e-06, 4.52441668131e-07, 1.92812294131e-07, 2.94625017716e-08, 1.32218467286e-08, 7.53845208479e-10, 4.40932151902e-10, 1.77543660329e-10, 3.25285458291e-11, 1.43157339282e-12, 4.73536912449e-17, 1.46856438269e-17],
        "max": [0.00137261860073, 0.0458678677678, 0.0546590387821, 0.111828267574, 0.078090518713, 0.0782933980227, 0.0718034505844, 0.0714695304632, 0.0839652866125, 0.0798216238618, 0.0598996430635, 0.0372435823083, 0.0576219931245, 0.0333937257528, 0.0421287864447, 0.0333871953189, 0.0113493446261, 0.00658047106117, 0.00382890109904, 0.00194818724412, 0.000559328997042, 0.00103863491677, 0.000322325940942, 0.000123625752167, 3.41235972883e-05, 2.61499906173e-07, 1.1907377484e-07],
        "mean": [1.90705759451e-05, 0.00147479807492, 0.00163569278084, 0.00264952727593, 0.00507595064119, 0.00425172783434, 0.00262986449525, 0.00172008841764, 0.00184637308121, 0.00252841017209, 0.00185316347051, 0.00101909949444, 0.000862805463839, 0.000732355110813, 0.000880660139956, 0.000598938204348, 0.000315750483423, 0.000232020553085, 0.000123453457491, 7.5732365076e-05, 2.32475449593e-05, 1.26099257614e-05, 8.79994149727e-06, 4.21259164796e-06, 2.95137510875e-07, 9.25047649591e-10, 9.65017288301e-10],
        "median": [7.91022011981e-06, 0.000521273468621, 0.000518468383234, 0.00106967031024, 0.00269000860862, 0.00188316090498, 0.00108744658064, 0.000605742039625, 0.000550526892766, 0.000526035611983, 0.000397344963858, 0.000271425436949, 0.000217760112719, 0.000170381899807, 0.000215188891161, 0.000141547352541, 0.000113230540592, 9.22655453905e-05, 6.15849130554e-05, 3.31137998728e-05, 1.18221560115e-05, 6.58673343423e-06, 5.48186335436e-06, 2.51540814133e-06, 8.02643107534e-09, 3.7526801111e-10, 4.01528532645e-10],
        "min": [7.85557076864e-24, 1.1210848634e-23, 4.8422939246e-23, 3.13897725389e-23, 4.86571709814e-23, 5.06906587576e-23, 5.01534602583e-23, 3.14718330057e-23, 9.85113153242e-23, 3.33963854018e-23, 8.80629094325e-23, 1.44549117846e-22, 1.04594707703e-22, 6.27094942295e-23, 1.57377472913e-22, 1.13711421723e-22, 1.99056314062e-22, 1.44096879666e-22, 2.64579201824e-22, 5.38965118525e-22, 4.56784139017e-22, 6.03481722694e-22, 7.150931462e-22, 7.37870955791e-22, 9.62818341095e-22, 1.77034059038e-21, 2.62586183243e-21],
        "var": [1.59112378828e-09, 8.44819169288e-06, 1.05732824522e-05, 2.42319365498e-05, 4.87600264023e-05, 4.68629114039e-05, 2.55086633842e-05, 1.41553282447e-05, 1.88198810065e-05, 3.73415641661e-05, 1.98871111934e-05, 6.73190334055e-06, 7.72671592131e-06, 3.97616486225e-06, 5.80673213335e-06, 3.79494031222e-06, 5.03721082623e-07, 1.68342893403e-07, 2.9894064113e-08, 1.78043304544e-08, 1.15235210263e-09, 6.72287781001e-10, 1.43179329504e-10, 3.60493752904e-11, 1.45179083599e-12, 1.0130160843e-17, 3.52706008162e-18]
    },
    "erbbands": {
        "dmean": [0.0148761179298, 0.289673596621, 1.19343554974, 3.26092433929, 7.57225227356, 9.7498626709, 14.9944381714, 17.9727191925, 18.5650234222, 23.3098106384, 22.0611000061, 24.1718444824, 38.469455719, 42.9206848145, 33.0872116089, 21.4961528778, 19.8191890717, 22.433883667, 21.4980182648, 21.4892082214, 15.5944662094, 8.07270431519, 5.72199821472, 4.89088010788, 1.96107828617, 1.59314775467, 0.604783535004, 0.297647744417, 0.20431779325, 0.15249197185, 0.110358223319, 0.0636624395847, 0.026914242655, 0.00571396946907, 0.000313918542815, 1.44413788803e-05, 3.96174255002e-06, 1.16131059258e-06, 3.93500431528e-06, 9.16003682505e-06],
        "dmean2": [0.025111598894, 0.472916632891, 1.9623581171, 5.31452655792, 12.5011444092, 16.0302886963, 23.2076263428, 27.9571857452, 29.1563396454, 36.9290122986, 34.8381958008, 37.5774612427, 57.8131523132, 63.669418335, 50.0011329651, 33.3895301819, 29.6761074066, 35.2804908752, 32.6299972534, 32.4376945496, 23.3384666443, 12.8512268066, 9.15624237061, 7.76744794846, 3.15714526176, 2.58112812042, 0.943816781044, 0.454886317253, 0.308801710606, 0.233447015285, 0.1709318012, 0.0978603810072, 0.0419421680272, 0.00889851246029, 0.00049670797307, 2.23084589379e-05, 6.05464992987e-06, 1.82560006579e-06, 5.82088523515e-06, 1.36612015922e-05],
        "dvar": [0.00124877574854, 0.500374257565, 8.54493141174, 56.2578926086, 314.602630615, 351.05581665, 933.66986084, 1232.15087891, 1345.36083984, 2396.72949219, 4044.3762207, 4627.71826172, 12336.8466797, 10490.8378906, 6783.74658203, 2861.7722168, 3438.72216797, 4647.66357422, 3349.6862793, 4061.09594727, 3345.71044922, 384.444824219, 173.487594604, 103.359786987, 11.9834594727, 11.5528593063, 1.29260218143, 0.382704526186, 0.343321949244, 0.125913470984, 0.0672206655145, 0.0119588673115, 0.00342411338352, 0.000267220748356, 9.30817009248e-07, 9.9489994021e-10, 6.90353538224e-11, 7.0458599892e-12, 2.00557521979e-11, 1.11971397432e-10],
        "dvar2": [0.00335435918532, 1.23681354523, 21.7934761047, 129.122848511, 841.517272949, 871.930847168, 1961.1114502, 2751.10473633, 2927.62792969, 5903.20947266, 9256.32617188, 10205.5673828, 25464.6171875, 21019.8242188, 13835.8154297, 6427.31738281, 6307.24462891, 11078.8525391, 6627.85107422, 7423.18017578, 6136.0625, 858.156188965, 429.769042969, 248.138336182, 30.1085510254, 29.6835670471, 2.82739853859, 0.830519735813, 0.614116072655, 0.251931369305, 0.162328064442, 0.0263725370169, 0.00744001520798, 0.000509098579641, 2.09585596167e-06, 2.30218533126e-09, 1.85556223165e-10, 1.90609819595e-11, 4.20765852716e-11, 2.39761405174e-10],
        "max": [0.765891492367, 11.6977510452, 48.8893547058, 270.798248291, 293.889465332, 417.851501465, 808.289123535, 808.216308594, 1287.98413086, 1255.74450684, 1857.20666504, 2335.20629883, 2364.57299805, 2461.47021484, 2123.53857422, 1518.07116699, 3229.94506836, 1784.58203125, 1648.75292969, 2896.48608398, 2058.48071289, 474.649902344, 353.875671387, 398.082336426, 80.3662338257, 78.8780899048, 31.649810791, 23.1530609131, 37.4526519775, 19.8998832703, 10.1778717041, 3.36681222916, 2.29519844055, 0.660446107388, 0.026317300275, 0.00104298396036, 0.000500358408317, 0.00016268818581, 6.63390164846e-05, 0.000160725292517],
        "mean": [0.0197430681437, 0.415593743324, 1.75996100903, 5.73295354843, 13.0498428345, 16.6636810303, 28.6790485382, 34.7463912964, 35.2542724609, 40.2893676758, 37.3241577148, 41.7654418945, 71.2945861816, 83.2171707153, 62.6360664368, 42.0712127686, 39.3189468384, 41.9022636414, 39.9926834106, 42.7013626099, 30.2540550232, 16.6703891754, 12.0750179291, 10.3695383072, 4.80528593063, 3.58176231384, 1.45966660976, 0.712421536446, 0.471653938293, 0.352851361036, 0.235212296247, 0.131617441773, 0.0443843901157, 0.00780568877235, 0.000402894074796, 3.79307057301e-05, 1.47001874211e-05, 4.08242613048e-06, 1.57379490702e-05, 3.52992028638e-05],
        "median": [0.00833308603615, 0.142047673464, 0.575004398823, 2.43637061119, 6.08857584, 8.19861793518, 11.5389881134, 14.8996362686, 15.4869213104, 17.8482570648, 14.3818788528, 14.4379577637, 17.4824352264, 22.9767189026, 18.2175388336, 14.379281044, 12.3026609421, 12.0641927719, 12.3677759171, 11.8262329102, 9.0205039978, 6.10051107407, 5.01556253433, 4.69842529297, 2.51973962784, 1.59104144573, 0.757999360561, 0.350552648306, 0.24355275929, 0.196061491966, 0.147728770971, 0.0836654007435, 0.0209612678736, 0.00154179823585, 0.00010453005234, 3.04533077724e-05, 1.39103040055e-05, 3.52384063262e-06, 1.52802858793e-05, 3.41140621458e-05],
        "min": [2.85702852138e-22, 3.42659891868e-21, 4.17497151395e-20, 9.4049912197e-20, 1.56307137551e-19, 1.26672784645e-19, 1.93530032471e-19, 4.89116083804e-19, 6.29863191476e-19, 7.32821224947e-19, 1.01048714502e-18, 2.21227572991e-18, 1.69569130441e-18, 2.37479273204e-18, 3.95820770999e-18, 5.74656144098e-18, 4.89448517353e-18, 3.22569647097e-18, 4.85053582681e-18, 9.16377069648e-18, 6.04449907632e-18, 1.02205005465e-17, 8.08162985808e-18, 1.09004678254e-17, 2.1091378467e-17, 2.35943475912e-17, 1.90228644528e-17, 1.59081158562e-17, 2.26936024981e-17, 2.21843189755e-17, 1.98970520852e-17, 1.19433184119e-17, 1.53936574917e-17, 1.21869909311e-17, 6.58369965374e-18, 5.21277103835e-18, 3.81263798425e-18, 1.14799516851e-18, 3.51647015352e-19, 4.13377662698e-20],
        "var": [0.00130517908838, 0.669318437576, 10.9784812927, 125.4998703, 429.432250977, 732.893737793, 3148.59863281, 3568.86572266, 4455.11669922, 5063.17529297, 8093.9453125, 9708.23632812, 36347.2578125, 35533.4414062, 19866.4433594, 9838.12207031, 13872.1171875, 11701.03125, 8817.46386719, 14109.3417969, 9194.75390625, 1068.13647461, 423.487915039, 293.915039062, 43.6113739014, 35.7673454285, 4.41090202332, 1.28965246677, 0.970080435276, 0.350221663713, 0.105811439455, 0.0300156958401, 0.00731895491481, 0.0006613539299, 1.55660950441e-06, 1.89491844438e-09, 1.04315993343e-10, 1.12563040486e-11, 8.45213135592e-11, 4.37449798607e-10]
    },
    "gfcc": {
        "mean": [-62.1875686646, 178.250808716, -166.787918091, 31.4285812378, -59.4971084595, -6.80311441422, -24.5270519257, -21.6933689117, 1.11442470551, -29.5759830475, 7.14250326157, -18.0965805054, 1.20282506943],
        "cov": [[3280.39990234, 110.556114197, -616.680969238, -172.388259888, -74.7444763184, 13.1812047958, 45.666973114, -49.9620399475, -58.8156166077, -107.470062256, -51.7758026123, -129.199432373, -95.4757385254], [110.556114197, 474.97177124, 288.697540283, -44.0571022034, 56.5373420715, -73.1333389282, 40.6123161316, -92.1843719482, -16.6978034973, -38.2448577881, -33.8954925537, -22.6408729553, -41.1241989136], [-616.680969238, 288.697540283, 894.352966309, 157.740615845, -67.95262146, 9.66687107086, -160.041488647, -3.54366540909, -38.3529815674, -8.80608463287, -6.31856584549, -38.6195755005, 52.4662399292], [-172.388259888, -44.0571022034, 157.740615845, 390.011779785, 68.8598632812, -32.7319908142, -45.2005004883, 25.1063861847, 38.5281143188, -14.0753803253, -27.5470199585, 23.3363227844, 2.80433607101], [-74.7444763184, 56.5373420715, -67.95262146, 68.8598632812, 221.520004272, 31.2192325592, 56.5000305176, -19.3998737335, 4.02209234238, -1.80687654018, -28.8398342133, 15.8175048828, -28.4388980865], [13.1812047958, -73.1333389282, 9.66687107086, -32.7319908142, 31.2192325592, 299.778533936, 60.248260498, 9.31332397461, -62.3924713135, -2.47434449196, 3.49294281006, -39.5672454834, 22.5541572571], [45.666973114, 40.6123161316, -160.041488647, -45.2005004883, 56.5000305176, 60.248260498, 198.538085938, -22.162065506, -13.3426132202, -13.914932251, -20.1472244263, 22.1518650055, -29.4795742035], [-49.9620399475, -92.1843719482, -3.54366540909, 25.1063861847, -19.3998737335, 9.31332397461, -22.162065506, 147.487182617, 35.2660827637, 10.6116762161, 14.810713768, -4.92988300323, 34.9813804626], [-58.8156166077, -16.6978034973, -38.3529815674, 38.5281143188, 4.02209234238, -62.3924713135, -13.3426132202, 35.2660827637, 125.217597961, 39.6369972229, 3.85730671883, 18.966676712, -17.4616012573], [-107.470062256, -38.2448577881, -8.80608463287, -14.0753803253, -1.80687654018, -2.47434449196, -13.914932251, 10.6116762161, 39.6369972229, 95.6553421021, 37.2377471924, -0.725779116154, -2.85893082619], [-51.7758026123, -33.8954925537, -6.31856584549, -27.5470199585, -28.8398342133, 3.49294281006, -20.1472244263, 14.810713768, 3.85730671883, 37.2377471924, 86.5263442993, 20.4111633301, 4.12722539902], [-129.199432373, -22.6408729553, -38.6195755005, 23.3363227844, 15.8175048828, -39.5672454834, 22.1518650055, -4.92988300323, 18.966676712, -0.725779116154, 20.4111633301, 82.6170425415, 14.1898479462], [-95.4757385254, -41.1241989136, 52.4662399292, 2.80433607101, -28.4388980865, 22.5541572571, -29.4795742035, 34.9813804626, -17.4616012573, -2.85893082619, 4.12722539902, 14.1898479462, 89.0866622925]],
        "icov": [[0.000522730872035, -0.000806189782452, 0.000855674617924, -0.000306555477437, 0.000626015942544, -0.000352602277417, 0.000601956096943, -0.000200607115403, 0.000294676341582, 0.000257721840171, 0.000108717977128, 0.00048680882901, 0.000244307273533], [-0.000806189782452, 0.00715617602691, -0.00432402361184, 0.00247713248245, -0.00369996507652, 0.00329529121518, -0.00431789038703, 0.00306666642427, -0.00231315591373, 0.00260701728985, -0.00172879302409, 0.00266584474593, -0.000454649270978], [0.000855674617924, -0.00432402361184, 0.00443824427202, -0.00219220598228, 0.0028103843797, -0.00215189554729, 0.00366454990581, -0.00134624750353, 0.00188001792412, -0.00121960497927, 0.00111158750951, -0.000486816541525, -8.5235122242e-05], [-0.000306555477437, 0.00247713248245, -0.00219220598228, 0.00432794401422, -0.002516082488, 0.00108543981332, -0.000628829817288, 0.00029359216569, -0.00166195968632, 0.00142881495412, 0.00052252021851, -0.000658516364638, 0.000369187502656], [0.000626015942544, -0.00369996507652, 0.0028103843797, -0.002516082488, 0.00803807005286, -0.00266331643797, 0.00164289411623, -0.00138718856033, 0.00186086236499, -0.00241773412563, 0.00329256802797, -0.00301032490097, 0.00232970411889], [-0.000352602277417, 0.00329529121518, -0.00215189554729, 0.00108543981332, -0.00266331643797, 0.00636264169589, -0.00415838276967, 0.00111209240276, 0.000496459484566, 0.000991397420876, -0.00247704051435, 0.0046967882663, -0.00240155588835], [0.000601956096943, -0.00431789038703, 0.00366454990581, -0.000628829817288, 0.00164289411623, -0.00415838276967, 0.0108321812004, -0.00216229027137, 0.00247069937177, -0.00164601276629, 0.00416619377211, -0.00593876559287, 0.00370865268633], [-0.000200607115403, 0.00306666642427, -0.00134624750353, 0.00029359216569, -0.00138718856033, 0.00111209240276, -0.00216229027137, 0.0107329497114, -0.00507330382243, 0.002821669681, -0.003648042446, 0.00481183873489, -0.00517140189186], [0.000294676341582, -0.00231315591373, 0.00188001792412, -0.00166195968632, 0.00186086236499, 0.000496459484566, 0.00247069937177, -0.00507330382243, 0.0143827134743, -0.00726908491924, 0.00440493226051, -0.00516561511904, 0.00467571103945], [0.000257721840171, 0.00260701728985, -0.00121960497927, 0.00142881495412, -0.00241773412563, 0.000991397420876, -0.00164601276629, 0.002821669681, -0.00726908491924, 0.0177418515086, -0.00881123077124, 0.00602407380939, -0.0019292505458], [0.000108717977128, -0.00172879302409, 0.00111158750951, 0.00052252021851, 0.00329256802797, -0.00247704051435, 0.00416619377211, -0.003648042446, 0.00440493226051, -0.00881123077124, 0.0196798332036, -0.00978340394795, 0.00436387071386], [0.00048680882901, 0.00266584474593, -0.000486816541525, -0.000658516364638, -0.00301032490097, 0.0046967882663, -0.00593876559287, 0.00481183873489, -0.00516561511904, 0.00602407380939, -0.00978340394795, 0.0232930760831, -0.00802102684975], [0.000244307273533, -0.000454649270978, -8.5235122242e-05, 0.000369187502656, 0.00232970411889, -0.00240155588835, 0.00370865268633, -0.00517140189186, 0.00467571103945, -0.0019292505458, 0.00436387071386, -0.00802102684975, 0.0178551170975]]
    },
    "melbands": {
        "dmean": [0.000213411083678, 0.000539204862434, 0.000671739224344, 0.000603119900916, 0.00048817822244, 0.00039795509656, 0.000293104269076, 0.000248665630352, 0.000179986760486, 0.000160164534464, 0.000197096858756, 0.000179531096364, 0.000129415144329, 6.8102068326e-05, 5.03103001392e-05, 4.8397356295e-05, 4.4233736844e-05, 3.53596697096e-05, 3.83208171115e-05, 2.62902158283e-05, 1.79047419806e-05, 1.00232700788e-05, 7.05990987626e-06, 5.21235688211e-06, 4.32897513747e-06, 1.74362924099e-06, 1.45564058585e-06, 1.13639293886e-06, 4.90421143695e-07, 2.57171279827e-07, 1.68896633568e-07, 1.3092359552e-07, 1.06624916896e-07, 8.88266029619e-08, 7.56050368977e-08, 5.31484722899e-08, 3.94540791149e-08, 2.36705375301e-08, 1.08831370582e-08, 3.26599192135e-09],
        "dmean2": [0.000357014825568, 0.000872465025168, 0.0010911852587, 0.000998347764835, 0.000758508220315, 0.00061717745848, 0.000462203868665, 0.000394401693484, 0.000282879307633, 0.000247517367825, 0.000295525300317, 0.000265472219326, 0.000194945387193, 0.000102641941339, 7.66745870351e-05, 7.36510628485e-05, 6.9853682362e-05, 5.42788620805e-05, 5.7733617723e-05, 4.0567760152e-05, 2.69054344244e-05, 1.5763560441e-05, 1.15918746815e-05, 8.31227316667e-06, 6.92225057719e-06, 2.85107739728e-06, 2.3318100375e-06, 1.85422595678e-06, 7.71209954564e-07, 4.11601376982e-07, 2.60301874278e-07, 2.01478812301e-07, 1.6436098349e-07, 1.37463786132e-07, 1.20167541695e-07, 8.27019377425e-08, 6.15005149029e-08, 3.76585020945e-08, 1.70028933155e-08, 5.21224086114e-09],
        "dvar": [2.79111901591e-07, 1.66666563928e-06, 2.05965966416e-06, 1.56111184424e-06, 8.12348957879e-07, 5.39782888609e-07, 3.24829954934e-07, 2.67394682396e-07, 2.79033997685e-07, 2.02153458417e-07, 3.19334560572e-07, 1.87016468089e-07, 1.04197241058e-07, 2.8717964895e-08, 2.16484430382e-08, 2.15300151041e-08, 1.94120701735e-08, 1.12686473486e-08, 1.39881208838e-08, 6.87223433715e-09, 4.1770968906e-09, 7.31489813166e-10, 4.67302418983e-10, 1.17318238457e-10, 8.49183917628e-11, 8.63364588155e-12, 1.33900494859e-11, 7.17934826172e-12, 9.50759544878e-13, 2.51241789959e-13, 1.37050174811e-13, 1.26299863038e-13, 1.01463312036e-13, 3.35464959305e-14, 4.47777665641e-14, 8.77125740881e-15, 4.70941255421e-15, 2.71673387623e-15, 9.29904321473e-16, 1.46483151511e-16],
        "dvar2": [7.29662474441e-07, 4.08102778238e-06, 5.07271215611e-06, 4.19083153247e-06, 1.74843592049e-06, 1.19601759252e-06, 7.27903056941e-07, 6.66133871619e-07, 6.39988627427e-07, 4.43266060302e-07, 6.50225388199e-07, 3.69258941646e-07, 2.10078795249e-07, 5.76248417872e-08, 3.98263892976e-08, 4.46317400815e-08, 4.63088873914e-08, 2.21037339543e-08, 2.5951873539e-08, 1.39297702262e-08, 7.59620455426e-09, 1.47489154223e-09, 1.26588273197e-09, 2.78919415342e-10, 2.05109845774e-10, 2.17656569851e-11, 3.23515936262e-11, 1.8093752191e-11, 2.10165175193e-12, 6.28127378669e-13, 2.87546055759e-13, 2.42560583164e-13, 2.06318062678e-13, 7.10926611092e-14, 1.10946232128e-13, 2.07668575397e-14, 1.06455659853e-14, 6.10566208798e-15, 1.99150977251e-15, 3.04012512626e-16],
        "max": [0.0104538463056, 0.0222974810749, 0.0399485044181, 0.0178857091814, 0.0245394743979, 0.0155879333615, 0.0171257071197, 0.013024895452, 0.014180559665, 0.0155762583017, 0.0124294627458, 0.0105870356783, 0.00690785935149, 0.00502458307892, 0.0056934687309, 0.00533638056368, 0.00371753401123, 0.00347113679163, 0.00466714706272, 0.00266270153224, 0.00212081591599, 0.000700926117133, 0.000637400662526, 0.000197974164621, 0.000367788801668, 7.15210771887e-05, 0.000118876734632, 6.99961819919e-05, 2.93808880087e-05, 1.37826546052e-05, 1.50630658027e-05, 2.27249747695e-05, 1.93086034415e-05, 8.01870010037e-06, 9.50992034632e-06, 2.72879037766e-06, 2.38141205955e-06, 2.47112689067e-06, 1.13593966944e-06, 4.81714096168e-07],
        "mean": [0.000294388999464, 0.000813508580904, 0.00123042438645, 0.00105328706559, 0.0009574086871, 0.000778957502916, 0.000553598685656, 0.000426371057983, 0.000294523953926, 0.000270421034656, 0.000355068012141, 0.000334502226906, 0.000231775004067, 0.000123903388157, 9.28305817069e-05, 8.75885234564e-05, 7.57656016503e-05, 5.92240248807e-05, 6.85827399138e-05, 4.98285007779e-05, 3.1265499274e-05, 1.79552698683e-05, 1.29903137349e-05, 1.00298993857e-05, 8.41772362037e-06, 3.69401027456e-06, 3.01914337797e-06, 2.22457765631e-06, 1.01915077266e-06, 5.37912683285e-07, 3.5925123143e-07, 2.71006314279e-07, 2.24244615765e-07, 1.85505456329e-07, 1.43083781268e-07, 1.0420542651e-07, 7.03696230175e-08, 3.52039499774e-08, 1.39966136459e-08, 3.54991858131e-09],
        "median": [0.000113065907499, 0.000275789527223, 0.000583011191338, 0.000548986368813, 0.000426853832323, 0.000342558923876, 0.000240080844378, 0.000186135410331, 0.000103808924905, 8.10489727883e-05, 7.64860960771e-05, 7.68181780586e-05, 5.40050241398e-05, 3.50611153408e-05, 2.67981395154e-05, 2.08081746678e-05, 1.74967863131e-05, 1.57597150974e-05, 1.57192462211e-05, 1.10339015009e-05, 8.52508583193e-06, 6.38196979708e-06, 4.32937576988e-06, 4.13637826568e-06, 3.55842007593e-06, 1.84755333521e-06, 1.30293949496e-06, 9.34020420118e-07, 4.9244948741e-07, 2.63292918135e-07, 1.67399690554e-07, 1.37875915129e-07, 1.11790967594e-07, 1.02698216153e-07, 8.46827106216e-08, 6.27858938174e-08, 4.05779871926e-08, 1.53175339079e-08, 2.25087570804e-09, 5.00810504178e-11],
        "min": [3.1660932431e-24, 1.62245148595e-23, 1.83712830616e-23, 1.06406946816e-23, 6.4001689413e-24, 1.0776193375e-23, 1.01935840978e-23, 6.76903083425e-24, 8.86785601488e-24, 1.49131345787e-23, 8.15121769211e-24, 8.75502287302e-24, 1.15698726426e-23, 2.13436999084e-23, 1.01463021417e-23, 8.21459951041e-24, 5.89262372349e-24, 5.60762287236e-24, 1.59739174157e-23, 8.5596543701e-24, 6.75815717553e-24, 1.02604219157e-23, 9.80661626931e-24, 7.02291230596e-24, 8.59139813292e-24, 1.13871148701e-23, 2.0416594285e-23, 1.44990204688e-23, 1.10576344913e-23, 1.34320466514e-23, 6.38780591319e-24, 1.13243223309e-23, 1.45920808121e-23, 1.2304089153e-23, 1.33955965445e-23, 7.57772133605e-24, 6.772871798e-24, 1.0008247539e-23, 1.21541038179e-23, 9.5139725393e-24],
        "var": [3.17689909934e-07, 2.27300392908e-06, 3.9858641685e-06, 2.35635843637e-06, 2.71748922387e-06, 1.60994363796e-06, 1.06455206605e-06, 5.56621273518e-07, 5.48323214389e-07, 4.41075684421e-07, 9.35915522859e-07, 6.16884165083e-07, 2.94554155289e-07, 9.00203076526e-08, 8.26680164323e-08, 6.954574161e-08, 4.3779468939e-08, 2.5090519884e-08, 4.46063168624e-08, 2.49760070403e-08, 1.04762971631e-08, 1.72407221832e-09, 9.92548376821e-10, 2.81697637439e-10, 2.25130206144e-10, 2.68679124088e-11, 3.74729865193e-11, 1.72489574707e-11, 2.70273777317e-12, 6.77339477909e-13, 3.95122302932e-13, 3.36548361879e-13, 2.3820439436e-13, 8.31600074718e-14, 5.34790819213e-14, 1.95496440894e-14, 1.03832246349e-14, 5.01961126609e-15, 1.9363230349e-15, 2.60505379975e-16]
    },
    "mfcc": {
        "mean": [-680.40838623, 180.75352478, -30.8661174774, 25.4027462006, -7.61387252808, 4.59194612503, -13.2582244873, 6.37545490265, -14.0768699646, 4.33770895004, -12.3291511536, -1.41317558289, -4.43744707108],
        "cov": [[3149.26147461, 42.2617492676, -748.125, -94.4375, -319.861633301, 86.7276687622, -63.4211273193, 132.216506958, -105.401985168, 102.196784973, -43.9147834778, 21.7149276733, -143.27532959], [42.2617492676, 577.524169922, 174.519714355, -32.794719696, -3.97688603401, 9.87794017792, 24.829158783, -45.697593689, -22.6418590546, -25.3967971802, 6.07068014145, -44.4509086609, -33.8395576477], [-748.125, 174.519714355, 827.375976562, 77.8148803711, 166.297348022, -31.8075332642, -2.85766673088, -79.4552230835, 22.1844787598, -67.1475982666, -7.60784673691, 17.7803726196, -27.1371765137], [-94.4375, -32.794719696, 77.8148803711, 363.476867676, 83.9932022095, -21.6486415863, -79.169921875, 18.2842254639, 25.694190979, -44.4341621399, -13.6933641434, 47.4226875305, 50.467666626], [-319.861633301, -3.97688603401, 166.297348022, 83.9932022095, 227.463195801, 0.94249111414, 9.19528770447, -13.918463707, 36.7162857056, -20.7123184204, 1.05199968815, 11.7470674515, 28.3383102417], [86.7276687622, 9.87794017792, -31.8075332642, -21.6486415863, 0.94249111414, 229.296539307, 83.9570922852, 35.0058746338, 1.07975852489, 12.4497051239, 10.501739502, -49.2270088196, -13.5631685257], [-63.4211273193, 24.829158783, -2.85766673088, -79.169921875, 9.19528770447, 83.9570922852, 186.142074585, 31.930267334, 16.8499717712, -3.5094730854, 5.72770309448, -50.0145950317, -13.8150205612], [132.216506958, -45.697593689, -79.4552230835, 18.2842254639, -13.918463707, 35.0058746338, 31.930267334, 126.204101562, 23.4721298218, 10.0927772522, -15.807469368, -8.82567977905, -4.62052774429], [-105.401985168, -22.6418590546, 22.1844787598, 25.694190979, 36.7162857056, 1.07975852489, 16.8499717712, 23.4721298218, 113.502510071, 6.14288854599, 5.2800359726, -9.6840839386, 15.7421693802], [102.196784973, -25.3967971802, -67.1475982666, -44.4341621399, -20.7123184204, 12.4497051239, -3.5094730854, 10.0927772522, 6.14288854599, 104.075363159, 13.8786087036, 2.00065875053, -14.566532135], [-43.9147834778, 6.07068014145, -7.60784673691, -13.6933641434, 1.05199968815, 10.501739502, 5.72770309448, -15.807469368, 5.2800359726, 13.8786087036, 87.7794265747, 15.0701599121, 13.8517417908], [21.7149276733, -44.4509086609, 17.7803726196, 47.4226875305, 11.7470674515, -49.2270088196, -50.0145950317, -8.82567977905, -9.6840839386, 2.00065875053, 15.0701599121, 119.314346313, 34.7784538269], [-143.27532959, -33.8395576477, -27.1371765137, 50.467666626, 28.3383102417, -13.5631685257, -13.8150205612, -4.62052774429, 15.7421693802, -14.566532135, 13.8517417908, 34.7784538269, 104.439002991]],
