{
"lowlevel": {
    "average_loudness": 0.879297852516,
    "barkbands_crest": {
        "dmean": 2.37298059464,
        "dmean2": 3.87570548058,
        "dvar": 5.13996219635,
        "dvar2": 13.409825325,
        "max": 26.6118431091,
        "mean": 10.2880058289,
        "median": 9.11620140076,
        "min": 2.53419709206,
        "var": 21.3921852112
    },
    "barkbands_flatness_db": {
        "dmean": 0.0207621287555,
        "dmean2": 0.0314702242613,
        "dvar": 0.000439800031018,
        "dvar2": 0.000908028858248,
        "max": 0.425644695759,
        "mean": 0.175396874547,
        "median": 0.167288407683,
        "min": 0.0306298919022,
        "var": 0.00460295239463
    },
    "barkbands_kurtosis": {
        "dmean": 4.15765571594,
        "dmean2": 6.47424888611,
        "dvar": 106.438049316,
        "dvar2": 223.072723389,
        "max": 514.129943848,
        "mean": 7.92547798157,
        "median": 2.93092727661,
        "min": -1.92108893394,
        "var": 311.661132812
    },
    "barkbands_skewness": {
        "dmean": 0.556258618832,
        "dmean2": 0.857063829899,
        "dvar": 0.445015966892,
        "dvar2": 0.965990304947,
        "max": 20.2824058533,
        "mean": 1.40802288055,
        "median": 1.29575550556,
        "min": -2.36652469635,
        "var": 3.84490537643
    },
    "barkbands_spread": {
        "dmean": 3.69240784645,
        "dmean2": 5.69073534012,
        "dvar": 30.6868801117,
        "dvar2": 60.8567810059,
        "max": 77.2956542969,
        "mean": 14.445561409,
        "median": 12.555639267,
        "min": 0.282963305712,
        "var": 108.228027344
    },
    "dissonance": {
        "dmean": 0.0229765661061,
        "dmean2": 0.0384584255517,
        "dvar": 0.000528644246515,
        "dvar2": 0.00143962539732,
        "max": 0.500000178814,
        "mean": 0.450212150812,
        "median": 0.458978801966,
        "min": 0.222237274051,
        "var": 0.00169641152024
    },
    "dynamic_complexity": 3.2314915657,
    "erbbands_crest": {
        "dmean": 2.50001740456,
        "dmean2": 4.11485052109,
        "dvar": 6.34126186371,
        "dvar2": 16.0573291779,
        "max": 30.3463554382,
        "mean": 9.45401477814,
        "median": 8.58740139008,
        "min": 2.58647751808,
        "var": 21.4240455627
    },
    "erbbands_flatness_db": {
        "dmean": 0.018410762772,
        "dmean2": 0.0258913710713,
        "dvar": 0.00035899534123,
        "dvar2": 0.000639148463961,
        "max": 0.373555779457,
        "mean": 0.201493144035,
        "median": 0.208602800965,
        "min": 0.0744577869773,
        "var": 0.00320114032365
    },
    "erbbands_kurtosis": {
        "dmean": 1.29944753647,
        "dmean2": 2.0916762352,
        "dvar": 4.92259311676,
        "dvar2": 11.4197635651,
        "max": 67.5974731445,
        "mean": 1.61217868328,
        "median": 0.549873113632,
        "min": -1.85471260548,
        "var": 13.5966396332
    },
    "erbbands_skewness": {
        "dmean": 0.37594166398,
        "dmean2": 0.585384130478,
        "dvar": 0.159409537911,
        "dvar2": 0.342271834612,
        "max": 7.57070827484,
        "mean": 0.601639270782,
        "median": 0.519932627678,
        "min": -3.52168345451,
        "var": 0.946372568607
    },
    "erbbands_spread": {
        "dmean": 6.20071125031,
        "dmean2": 9.61992168427,
        "dvar": 71.8690109253,
        "dvar2": 157.084014893,
        "max": 122.249481201,
        "mean": 28.3704319,
        "median": 26.3432617188,
        "min": 3.04880833626,
        "var": 246.009536743
    },
    "hfc": {
        "dmean": 4.69017410278,
        "dmean2": 7.03855323792,
        "dvar": 46.8092803955,
        "dvar2": 102.027061462,
        "max": 199.883865356,
        "mean": 18.881816864,
        "median": 14.3112010956,
        "min": 1.05927809566e-16,
        "var": 303.813354492
    },
    "melbands_crest": {
        "dmean": 2.77562046051,
        "dmean2": 4.51995038986,
        "dvar": 7.31572723389,
        "dvar2": 19.3294944763,
        "max": 33.7697944641,
        "mean": 12.0856246948,
        "median": 11.5934715271,
        "min": 1.00102722645,
        "var": 39.0513572693
    },
    "melbands_flatness_db": {
        "dmean": 0.0218629520386,
        "dmean2": 0.0325908064842,
        "dvar": 0.000620297098067,
        "dvar2": 0.00127234542742,
        "max": 0.492475301027,
        "mean": 0.200057148933,
        "median": 0.194174602628,
        "min": 6.04006160643e-08,
        "var": 0.0107238320634
    },
    "melbands_kurtosis": {
        "dmean": 5.7816119194,
        "dmean2": 9.12701511383,
        "dvar": 118.485984802,
        "dvar2": 277.69631958,
        "max": 238.239944458,
        "mean": 11.6355876923,
        "median": 4.84351444244,
        "min": -1.80943083763,
        "var": 368.743621826
    },
    "melbands_skewness": {
        "dmean": 0.619766294956,
        "dmean2": 0.961240410805,
        "dvar": 0.493107587099,
        "dvar2": 1.16310715675,
        "max": 11.3500928879,
        "mean": 2.02880334854,
        "median": 1.85294532776,
        "min": -1.281889081,
        "var": 3.17243099213
    },
    "melbands_spread": {
        "dmean": 5.95557403564,
        "dmean2": 9.50245094299,
        "dvar": 96.325881958,
        "dvar2": 213.470718384,
        "max": 212.394104004,
        "mean": 30.2819766998,
        "median": 17.3206748962,
        "min": 0.434457063675,
        "var": 1523.97106934
    },
    "pitch_salience": {
        "dmean": 0.0627341344953,
        "dmean2": 0.103679418564,
        "dvar": 0.00380633957684,
        "dvar2": 0.0100837545469,
        "max": 0.997736275196,
        "mean": 0.596694052219,
        "median": 0.593711674213,
        "min": 0.0951887518167,
        "var": 0.017810318619
    },
    "silence_rate_20dB": {
        "dmean": 0,
        "dmean2": 0,
        "dvar": 0,
        "dvar2": 0,
        "max": 1,
        "mean": 1,
        "median": 1,
        "min": 1,
        "var": 0
    },
    "silence_rate_30dB": {
        "dmean": 0.000229305209359,
        "dmean2": 0.00045866300934,
        "dvar": 0.000229229219258,
        "dvar2": 0.000687690451741,
        "max": 1,
        "mean": 0.999885380268,
        "median": 1,
        "min": 0,
        "var": 0.000114620459499
    },
    "silence_rate_60dB": {
        "dmean": 0.00756707182154,
        "dmean2": 0.015135878697,
        "dvar": 0.00751001993194,
        "dvar2": 0.017658546567,
        "max": 1,
        "mean": 0.183308497071,
        "median": 0,
        "min": 0,
        "var": 0.149730741978
    },
    "spectral_centroid": {
        "dmean": 202.879089355,
        "dmean2": 315.904663086,
        "dvar": 86539.8046875,
        "dvar2": 180347.609375,
        "max": 11931.2685547,
        "mean": 2136.23413086,
        "median": 1042.10827637,
        "min": 176.659820557,
        "var": 10200230
    },
    "spectral_complexity": {
        "dmean": 2.29328131676,
        "dmean2": 3.5906431675,
        "dvar": 5.88907957077,
        "dvar2": 13.1175928116,
        "max": 42,
        "mean": 14.7065229416,
        "median": 15,
        "min": 0,
        "var": 85.0864334106
    },
    "spectral_decrease": {
        "dmean": 1.93475702126e-09,
        "dmean2": 3.07236391883e-09,
        "dvar": 7.69028740156e-18,
        "dvar2": 1.91386813191e-17,
        "max": 3.08109285464e-28,
        "mean": -6.55055254484e-09,
        "median": -6.58586829516e-09,
        "min": -3.59321532528e-08,
        "var": 2.45093830566e-17
    },
    "spectral_energy": {
        "dmean": 0.00762117281556,
        "dmean2": 0.0120855337009,
        "dvar": 0.00011626266496,
        "dvar2": 0.000289153977064,
        "max": 0.140172898769,
        "mean": 0.026435976848,
        "median": 0.0268315356225,
        "min": 9.75621808547e-21,
        "var": 0.000390388420783
    },
    "spectral_energyband_high": {
        "dmean": 0.000248071359238,
        "dmean2": 0.000344475294696,
        "dvar": 5.68367624965e-07,
        "dvar2": 1.02183537365e-06,
        "max": 0.0267049651593,
        "mean": 0.000550517695956,
        "median": 0.000130388332764,
        "min": 6.82755604615e-21,
        "var": 1.48151002577e-06
    },
    "spectral_energyband_low": {
        "dmean": 0.00103286269587,
        "dmean2": 0.00167111773044,
        "dvar": 6.0866241256e-06,
        "dvar2": 1.44091754919e-05,
        "max": 0.0462164878845,
        "mean": 0.00166974437889,
        "median": 0.000641535385512,
        "min": 1.22578477044e-23,
        "var": 1.06503493953e-05
    },
    "spectral_energyband_middle_high": {
        "dmean": 0.00210505421273,
        "dmean2": 0.00329323555343,
        "dvar": 1.41037935464e-05,
        "dvar2": 3.60696249118e-05,
        "max": 0.0672949254513,
        "mean": 0.0071220593527,
        "median": 0.00228439248167,
        "min": 1.04798452173e-21,
        "var": 0.000104212216684
    },
    "spectral_energyband_middle_low": {
        "dmean": 0.00661887135357,
        "dmean2": 0.0105270938948,
        "dvar": 0.000108175328933,
        "dvar2": 0.000272073899396,
        "max": 0.130309954286,
        "mean": 0.0179892089218,
        "median": 0.0137234115973,
        "min": 1.2116155033e-22,
        "var": 0.000284231296973
    },
    "spectral_entropy": {
        "dmean": 0.159918531775,
        "dmean2": 0.232670933008,
        "dvar": 0.041646130383,
        "dvar2": 0.077817954123,
        "max": 9.83055019379,
        "mean": 7.46745014191,
        "median": 7.38455867767,
        "min": 4.96825838089,
        "var": 0.988975822926
    },
    "spectral_flux": {
        "dmean": 0.02064152807,
        "dmean2": 0.0329401157796,
        "dvar": 0.000641844584607,
        "dvar2": 0.00145857827738,
        "max": 0.28681063652,
        "mean": 0.0755650103092,
        "median": 0.0755749940872,
        "min": 6.25340820792e-11,
        "var": 0.00242338352837
    },
    "spectral_kurtosis": {
        "dmean": 2.41692948341,
        "dmean2": 4.02294015884,
        "dvar": 10.2673549652,
        "dvar2": 27.8030128479,
        "max": 49.9359397888,
        "mean": 6.07067966461,
        "median": 4.69775390625,
        "min": -1.2822470665,
        "var": 37.832824707
    },
    "spectral_rms": {
        "dmean": 0.000662002887111,
        "dmean2": 0.00102937419433,
        "dvar": 6.8092060701e-07,
        "dvar2": 1.58123145866e-06,
        "max": 0.0116941891611,
        "mean": 0.00447057327256,
        "median": 0.00511635700241,
        "min": 3.08516797179e-12,
        "var": 5.80513415116e-06
    },
    "spectral_rolloff": {
        "dmean": 324.145111084,
        "dmean2": 542.444091797,
        "dvar": 477708.40625,
        "dvar2": 963226.375,
        "max": 19853.6132812,
        "mean": 3175.9152832,
        "median": 1248.92578125,
        "min": 107.666015625,
        "var": 31509874
    },
    "spectral_skewness": {
        "dmean": 0.273650825024,
        "dmean2": 0.429930597544,
        "dvar": 0.0915206968784,
        "dvar2": 0.211123272777,
        "max": 5.79731845856,
        "mean": 1.6876411438,
        "median": 1.67752671242,
        "min": -0.269019782543,
        "var": 0.877231299877
    },
    "spectral_spread": {
        "dmean": 583791.25,
        "dmean2": 836745,
        "dvar": 759472652288,
        "dvar2": 1.43202608742e+12,
        "max": 43640796,
        "mean": 7807648,
        "median": 3500760.25,
        "min": 1429283.625,
        "var": 1.3490713736e+14
    },
    "spectral_strongpeak": {
        "dmean": 0.615407407284,
        "dmean2": 1.02602529526,
        "dvar": 0.949037611485,
        "dvar2": 2.49918961525,
        "max": 16.7123260498,
        "mean": 1.31609916687,
        "median": 0.860008299351,
        "min": 0,
        "var": 2.1270005703
    },
    "zerocrossingrate": {
        "dmean": 0.00851155631244,
        "dmean2": 0.0105443214998,
        "dvar": 0.000181495721336,
        "dvar2": 0.000221809052164,
        "max": 0.810546875,
        "mean": 0.100330129266,
        "median": 0.05126953125,
        "min": 0.005859375,
        "var": 0.0211763549596
    },
    "barkbands": {
        "dmean": [2.66622964773e-06, 0.000167095262441, 0.000568732677493, 0.00140680174809, 0.00388770224527, 0.00173623743467, 0.00120738218538, 0.000690228072926, 0.00088627752848, 0.000841215951368, 0.000840241322294, 0.000536829698831, 0.000725307443645, 0.000578035367653, 0.000209896534216, 0.000146126636537, 9.5109528047e-05, 9.31844551815e-05, 4.335862468e-05, 9.8698597867e-05, 7.66547018429e-05, 6.03314074397e-05, 3.26677472913e-05, 3.14157805406e-05, 2.57150022662e-05, 1.65491983353e-05, 2.46725342379e-08],
        "dmean2": [4.70354234494e-06, 0.000282434833935, 0.000934259674978, 0.00235642469488, 0.00622914871201, 0.00274400389753, 0.0018902879674, 0.00110126612708, 0.00143663678318, 0.00134201731998, 0.00136158964597, 0.000856940576341, 0.00116484914906, 0.000937990029342, 0.000334505573846, 0.000236242631217, 0.000153560686158, 0.000150480671437, 6.94925402058e-05, 0.000152689957758, 0.000113560687169, 8.91388190212e-05, 4.5831719035e-05, 4.49156468676e-05, 3.73250913981e-05, 2.37964868575e-05, 4.11158431746e-08],
        "dvar": [3.9526923401e-11, 2.80051096979e-07, 2.56196153714e-06, 8.09167977422e-06, 5.14917192049e-05, 9.27797464101e-06, 6.87761439622e-06, 3.17017315865e-06, 4.84418342239e-06, 4.76618197354e-06, 4.53267011835e-06, 1.75756952103e-06, 3.05920434585e-06, 2.52684958468e-06, 3.16746252338e-07, 1.35901643716e-07, 5.8488016208e-08, 4.80803983294e-08, 1.0987774246e-08, 6.3932795058e-08, 6.43615862828e-08, 6.16417707988e-08, 2.58645016515e-08, 5.08102147023e-08, 7.42723216263e-09, 3.23236948319e-09, 1.70895571728e-14],
        "dvar2": [1.11806099101e-10, 7.30008309802e-07, 6.2848489506e-06, 2.18579825741e-05, 0.000130537780933, 2.23402385018e-05, 1.63713775692e-05, 7.71904706198e-06, 1.17757617772e-05, 1.19026944958e-05, 1.20190188682e-05, 4.44217630502e-06, 7.8181428762e-06, 6.74312150295e-06, 7.33734850655e-07, 3.28509202063e-07, 1.46196839523e-07, 1.17587831028e-07, 2.778555519e-08, 1.48345520756e-07, 1.24884266484e-07, 1.24369123e-07, 4.98997287934e-08, 1.11316374785e-07, 1.6871585018e-08, 6.72494104847e-09, 4.35985679525e-14],
        "max": [0.000175804991159, 0.00779029587284, 0.0402947440743, 0.0429241359234, 0.114333689213, 0.0678090080619, 0.0509714670479, 0.0399436056614, 0.0496701784432, 0.0477467775345, 0.0516458004713, 0.0286249481142, 0.0361804589629, 0.0322469361126, 0.019825508818, 0.0177431087941, 0.00628027366474, 0.00634757149965, 0.00475154398009, 0.0103873824701, 0.0115743800998, 0.00709362141788, 0.00471900915727, 0.0166091378778, 0.00200922042131, 0.000827344250865, 3.4467432215e-06],
        "mean": [2.58070349446e-06, 0.000192055143998, 0.00076788070146, 0.00236052670516, 0.00742584094405, 0.00352882849984, 0.0020275793504, 0.00100156094413, 0.00135108805262, 0.0014030955499, 0.0014902659459, 0.000921338505577, 0.00123760348652, 0.00102497253101, 0.000362364575267, 0.000260281201918, 0.000175923167262, 0.000187386889593, 9.2019989097e-05, 0.000221899725148, 0.000146746999235, 0.000108801054012, 5.0990798627e-05, 4.66575729661e-05, 3.06324618577e-05, 1.70332750713e-05, 1.95182021656e-08],
        "median": [8.35804144117e-07, 2.9893419196e-05, 0.000150269392179, 0.000739092822187, 0.00346672302112, 0.00141405558679, 0.000618411810137, 0.000222572372877, 0.000469015620183, 0.000248944154009, 0.00023546225566, 0.000164321114426, 0.000195593660465, 0.000152383712702, 0.000112580171844, 0.000107404513983, 7.64760115999e-05, 5.46986520931e-05, 3.2663672755e-05, 4.94774030813e-05, 2.67703599093e-05, 2.06852982956e-05, 1.03551128632e-05, 7.37015125196e-06, 3.39515622727e-06, 3.50510276803e-07, 7.21011472749e-10],
        "min": [1.80571727993e-25, 7.333407268e-25, 2.17205750504e-25, 4.46321525741e-25, 3.35444048954e-24, 4.64672520878e-24, 5.20635536228e-24, 1.66848637126e-24, 6.31685576338e-24, 9.80963524e-24, 6.45313148475e-24, 9.77600609961e-24, 1.51403864729e-23, 1.84054754487e-23, 3.17659519056e-23, 4.43491321582e-23, 5.77412987355e-23, 6.10755992117e-23, 8.80936623861e-23, 1.33751050936e-22, 1.86399009283e-22, 2.7318076443e-22, 3.07520649562e-22, 5.26318605363e-22, 8.06000416689e-22, 1.22412754407e-21, 1.71040675057e-21],
        "var": [3.35136154939e-11, 2.54673182098e-07, 4.10220991398e-06, 1.37325323522e-05, 0.000115195449325, 3.37468409271e-05, 1.51787708091e-05, 5.30794523002e-06, 7.96135191194e-06, 9.81785251497e-06, 1.14637714432e-05, 4.49872823083e-06, 6.75504861647e-06, 6.40413281872e-06, 6.669835102e-07, 3.23729608454e-07, 1.20554929595e-07, 1.19473938298e-07, 2.37279618176e-08, 1.86207714137e-07, 1.44854595874e-07, 1.22487577414e-07, 4.62264466705e-08, 6.94274291391e-08, 8.62779980793e-09, 4.07775413436e-09, 1.34516997422e-14]
    },
    "erbbands": {
        "dmean": [0.0015692418674, 0.0549999140203, 0.521741867065, 2.4579334259, 11.2808904648, 14.4551839828, 10.5629024506, 15.8240909576, 15.7212619781, 17.7063941956, 14.1084499359, 20.5820522308, 22.4681129456, 26.4499015808, 30.3786792755, 16.4545478821, 26.2821846008, 29.1891460419, 18.1847820282, 9.68366527557, 6.09044933319, 4.80316114426, 5.42392873764, 2.5950217247, 2.32019853592, 4.43655729294, 3.76249814034, 2.62923717499, 2.33547639847, 1.35404849052, 0.88590157032, 0.788876414299, 0.437545895576, 0.278910249472, 0.192398816347, 0.0961015820503, 0.0281776990741, 0.00142228708137, 3.41468039551e-05, 9.92873265204e-06],
        "dmean2": [0.00256876810454, 0.0916039571166, 0.859291017056, 4.10157585144, 18.8064804077, 22.553691864, 16.755689621, 24.7627639771, 24.3518695831, 28.5072803497, 22.4318981171, 33.1885375977, 35.8864974976, 41.3012504578, 50.0364952087, 26.1936016083, 42.2413711548, 46.1983680725, 28.9480228424, 15.364862442, 9.8780632019, 7.62538862228, 8.7200088501, 4.15897846222, 3.6776638031, 6.8415389061, 5.52932310104, 3.94675970078, 3.46228456497, 1.95624899864, 1.27434456348, 1.14428591728, 0.619772315025, 0.402066349983, 0.284119009972, 0.137946084142, 0.0411918126047, 0.00208920589648, 4.9302187108e-05, 1.52705779328e-05],
        "dvar": [1.86003871931e-05, 0.0282865837216, 2.11720228195, 25.6830539703, 573.532531738, 802.443481445, 375.479003906, 830.816955566, 1247.05371094, 1723.82678223, 1375.30651855, 3182.4909668, 3343.18994141, 5066.81542969, 6295.98828125, 1629.609375, 3225.55078125, 5492.04150391, 2310.98168945, 555.366027832, 209.015731812, 143.509017944, 197.076568604, 33.3673629761, 32.4782562256, 149.595870972, 145.35244751, 91.2267684937, 89.4017868042, 37.7906646729, 21.8833065033, 54.8381958008, 3.04209184647, 0.857863128185, 0.465104609728, 0.106270439923, 0.0104400422424, 3.03913438984e-05, 1.30699469025e-08, 2.04343694743e-10],
        "dvar2": [4.77828798466e-05, 0.0731141790748, 5.28614521027, 66.7266311646, 1555.31384277, 1893.79370117, 871.527282715, 1996.37109375, 2823.43725586, 4308.15380859, 3443.30322266, 7584.35644531, 8301.8203125, 12192.3105469, 16995.3925781, 4143.23876953, 8376.20605469, 13700.8789062, 6082.87451172, 1250.34082031, 526.652160645, 362.068664551, 486.884368896, 84.3943710327, 80.4955673218, 355.544525146, 269.660400391, 194.411300659, 182.003570557, 71.1328964233, 44.1547241211, 126.404121399, 5.82493877411, 1.92180871964, 1.07315993309, 0.221224755049, 0.0226671043783, 6.61093581584e-05, 2.75432050501e-08, 4.68357186367e-10],
        "max": [0.0555181354284, 2.39524841309, 32.0725898743, 103.376953125, 286.807647705, 681.143798828, 423.31036377, 529.194213867, 860.630371094, 866.07409668, 899.832824707, 1581.24938965, 1130.53027344, 2217.64160156, 1721.49853516, 918.260009766, 825.049072266, 1564.88598633, 1092.74072266, 764.188171387, 372.563354492, 361.332794189, 445.970581055, 166.109848022, 185.329559326, 584.588134766, 780.481079102, 210.223709106, 266.051696777, 142.257629395, 211.293487549, 577.790283203, 60.2003631592, 25.8927021027, 14.0722503662, 5.63960933685, 1.89841842651, 0.0953845754266, 0.00194631610066, 0.000170832965523],
        "mean": [0.0019941192586, 0.0676453560591, 0.736240148544, 4.25888156891, 18.8657417297, 26.7778091431, 21.4257698059, 31.5934028625, 28.6498394012, 28.0657920837, 22.128238678, 31.5434455872, 37.641418457, 50.4371414185, 57.7780799866, 34.6901283264, 50.9320335388, 53.2124404907, 35.6117935181, 18.4342842102, 12.2996168137, 10.0858716965, 11.166015625, 5.9347949028, 5.26151132584, 10.201382637, 8.43134117126, 5.01271247864, 4.26545763016, 2.31968212128, 1.34903335571, 1.1184772253, 0.659980714321, 0.364470303059, 0.208506658673, 0.102475717664, 0.0277039371431, 0.00133863149676, 4.54328801425e-05, 3.32742274622e-05],
        "median": [0.00055336515652, 0.0131835993379, 0.211392521858, 1.80352008343, 7.9527463913, 10.4293012619, 9.84977531433, 11.5333528519, 9.44494056702, 9.39461612701, 7.14922046661, 10.9156074524, 10.5357112885, 9.30255222321, 10.6155672073, 7.41283416748, 9.98507881165, 8.78262805939, 7.06497907639, 8.12908554077, 5.35063266754, 4.84548187256, 3.59857463837, 2.00528454781, 1.87442493439, 2.47716856003, 1.44053351879, 0.917974054813, 0.796095013618, 0.479788899422, 0.275126636028, 0.170056253672, 0.111015476286, 0.0546273104846, 0.013918614015, 0.00348553690128, 0.000263876805548, 1.44515297507e-05, 1.74723172677e-05, 3.31179580826e-05],
        "min": [4.00885322745e-23, 2.89458259187e-22, 7.58056101442e-22, 3.83833574261e-21, 9.13468636698e-21, 9.30778198809e-21, 2.54254156107e-20, 4.18874956415e-20, 7.68886803717e-20, 8.70478024624e-20, 1.28397133105e-19, 2.70671384208e-19, 3.76759908557e-19, 3.20667834792e-19, 4.97245666563e-19, 5.55430739923e-19, 1.24445735263e-18, 1.34332280662e-18, 1.72281207516e-18, 2.39391797499e-18, 3.1012647254e-18, 3.52181865167e-18, 3.25931081632e-18, 3.45179140216e-18, 5.54725888983e-18, 6.26238382634e-18, 7.00082160765e-18, 8.33895582048e-18, 8.39874278079e-18, 9.0230962256e-18, 9.21816526638e-18, 9.64444617761e-18, 8.60427813786e-18, 7.68413152344e-18, 5.70208890252e-18, 3.7510945059e-18, 2.21927926137e-18, 9.120238042e-19, 2.1836474742e-19, 2.43848256313e-20],
        "var": [2.0569874323e-05, 0.0272324960679, 3.03494262695, 44.5023536682, 836.520996094, 2285.02099609, 1188.65393066, 2747.45996094, 3111.45947266, 3276.62915039, 2266.55957031, 5016.06933594, 6027.61914062, 13196.8300781, 15720.7294922, 5608.25244141, 8799.50097656, 13652.8496094, 6428.82666016, 1369.8157959, 535.79876709, 330.59564209, 455.484466553, 90.2276535034, 77.0902175903, 390.231689453, 417.157470703, 179.560592651, 176.24760437, 74.7865142822, 36.5092811584, 70.0555725098, 5.21601676941, 1.10536980629, 0.502817213535, 0.135868653655, 0.0121176261455, 3.39927464665e-05, 1.6001196812e-08, 6.57293275363e-10]
    },
    "gfcc": {
        "mean": [-156.94720459, 101.118095398, -130.056594849, 15.3633565903, -69.9263916016, 1.79893362522, -44.9564743042, -11.4579439163, -29.7490558624, -9.35689926147, -15.1406574249, -11.8705797195, -3.2700510025],
        "cov": [[127085.226562, 12070.7451172, -15978.2822266, 1913.16821289, -8896.08886719, 395.464752197, -5479.16943359, -1447.36462402, -3978.32836914, -967.92364502, -2040.75964355, -1457.52294922, -560.024597168], [12070.7451172, 2745.66308594, -1286.30456543, 237.611373901, -700.62878418, -252.944076538, -507.294830322, -359.849731445, -261.756378174, -392.493743896, -58.9107017517, -344.308746338, 46.4413642883], [-15978.2822266, -1286.30456543, 3291.81762695, -164.588851929, 1169.81152344, -179.90927124, 502.450866699, 165.229782104, 436.156921387, 121.074066162, 126.330284119, 236.560470581, -20.3342380524], [1913.16821289, 237.611373901, -164.588851929, 394.194488525, -113.997047424, -2.07298231125, -87.7732543945, -52.1985168457, 0.434676587582, -42.9990463257, -11.2431344986, -67.8609619141, 29.583896637], [-8896.08886719, -700.62878418, 1169.81152344, -113.997047424, 871.18572998, 15.9603824615, 404.801147461, 144.740692139, 259.367401123, 63.1747817993, 119.342483521, 102.878295898, 22.817779541], [395.464752197, -252.944076538, -179.90927124, -2.07298231125, 15.9603824615, 262.746520996, 97.641204834, 46.1616783142, -61.9780502319, 50.1621856689, -20.8583030701, 27.4467926025, -23.5446872711], [-5479.16943359, -507.294830322, 502.450866699, -87.7732543945, 404.801147461, 97.641204834, 465.82131958, 52.2663230896, 146.332336426, 29.1167564392, 127.340103149, 27.2321491241, 34.0152130127], [-1447.36462402, -359.849731445, 165.229782104, -52.1985168457, 144.740692139, 46.1616783142, 52.2663230896, 189.547363281, 45.7086639404, 79.0887374878, -19.8028297424, 61.4894294739, -36.3179702759], [-3978.32836914, -261.756378174, 436.156921387, 0.434676587582, 259.367401123, -61.9780502319, 146.332336426, 45.7086639404, 248.796325684, 23.6661643982, 83.8248596191, 15.6768913269, 41.4869422913], [-967.92364502, -392.493743896, 121.074066162, -42.9990463257, 63.1747817993, 50.1621856689, 29.1167564392, 79.0887374878, 23.6661643982, 142.295318604, 1.44717180729, 66.1730194092, -32.5580558777], [-2040.75964355, -58.9107017517, 126.330284119, -11.2431344986, 119.342483521, -20.8583030701, 127.340103149, -19.8028297424, 83.8248596191, 1.44717180729, 139.494277954, 5.33822345734, 40.7829322815], [-1457.52294922, -344.308746338, 236.560470581, -67.8609619141, 102.878295898, 27.4467926025, 27.2321491241, 61.4894294739, 15.6768913269, 66.1730194092, 5.33822345734, 121.128097534, -6.27618598938], [-560.024597168, 46.4413642883, -20.3342380524, 29.583896637, 22.817779541, -23.5446872711, 34.0152130127, -36.3179702759, 41.4869422913, -32.5580558777, 40.7829322815, -6.27618598938, 78.6247329712]],
        "icov": [[0.000252400350291, -0.000650660251267, 0.000437600887381, -0.000458763563074, 0.000841127941385, -0.000380794372177, 0.000504681840539, -0.000132231594762, 0.00102779467124, -0.000797231681645, 0.00101222214289, -0.000319489365211, 0.000407349143643], [-0.000650660251267, 0.0027925807517, -0.00099104270339, 0.00119823706336, -0.00231019360945, 0.00135268911254, -0.000423817022238, 0.000737493217457, -0.00214589270763, 0.0038036480546, -0.00328634842299, 0.0023956890218, -0.00078838277841], [0.000437600887381, -0.00099104270339, 0.00159851403441, -0.00099853228312, 0.000590698153246, 0.00021759919764, 0.00053913280135, 0.000435780500993, 0.00133098172955, -0.00115236861166, 0.00228624464944, -0.00167355732992, 0.00185425055679], [-0.000458763563074, 0.00119823706336, -0.00099853228312, 0.00403830921277, -0.00132955785375, -0.000326646782923, 0.000167910766322, 0.000293966644676, -0.00243358826265, 0.00145474972669, -0.00198503630236, 0.0026042452082, -0.00227793655358], [0.000841127941385, -0.00231019360945, 0.000590698153246, -0.00132955785375, 0.00648436322808, -0.00172595935874, 8.2025086158e-05, -0.00203884672374, 0.0022848774679, -0.00215685460716, 0.00297957356088, -0.00164811767172, 0.000856953498442], [-0.000380794372177, 0.00135268911254, 0.00021759919764, -0.000326646782923, -0.00172595935874, 0.00757660530508, -0.0036594637204, 0.000100505756564, 0.000654645496979, 0.000107297004433, 0.000213577281102, -0.000946883228607, 0.000579884159379], [0.000504681840539, -0.000423817022238, 0.00053913280135, 0.000167910766322, 8.2025086158e-05, -0.0036594637204, 0.00763762881979, -0.000307848007651, 0.00178615911864, -3.5182438296e-06, -0.00199701054953, 0.00295027252287, -0.000317364145303], [-0.000132231594762, 0.000737493217457, 0.000435780500993, 0.000293966644676, -0.00203884672374, 0.000100505756564, -0.000307848007651, 0.00977806095034, -0.00255766650662, -0.00147088139784, 0.00207863561809, -0.0021483367309, 0.00338704022579], [0.00102779467124, -0.00214589270763, 0.00133098172955, -0.00243358826265, 0.0022848774679, 0.000654645496979, 0.00178615911864, -0.00255766650662, 0.0132141392678, -0.00443121837452, 0.00151502713561, 0.00165106926579, -0.0020346166566], [-0.000797231681645, 0.0038036480546, -0.00115236861166, 0.00145474972669, -0.00215685460716, 0.000107297004433, -3.5182438296e-06, -0.00147088139784, -0.00443121837452, 0.0177686698735, -0.00579129438847, -0.0018439196283, 0.0037624258548], [0.00101222214289, -0.00328634842299, 0.00228624464944, -0.00198503630236, 0.00297957356088, 0.000213577281102, -0.00199701054953, 0.00207863561809, 0.00151502713561, -0.00579129438847, 0.0175774693489, -0.00378805911168, -0.0011049262248], [-0.000319489365211, 0.0023956890218, -0.00167355732992, 0.0026042452082, -0.00164811767172, -0.000946883228607, 0.00295027252287, -0.0021483367309, 0.00165106926579, -0.0018439196283, -0.00378805911168, 0.0186732560396, -0.00535668013617], [0.000407349143643, -0.00078838277841, 0.00185425055679, -0.00227793655358, 0.000856953498442, 0.000579884159379, -0.000317364145303, 0.00338704022579, -0.0020346166566, 0.0037624258548, -0.0011049262248, -0.00535668013617, 0.0218263268471]]
    },
    "melbands": {
        "dmean": [2.84976613329e-05, 0.000200320253498, 0.000673911650665, 0.000948057684582, 0.000409397413023, 0.000347224035067, 0.000237613494392, 0.000184297256055, 0.000121708129882, 0.000129275373183, 0.000116912990052, 0.000113093919936, 0.000111541470687, 5.69328585698e-05, 5.9566777054e-05, 6.84663100401e-05, 5.55469450774e-05, 3.82911566703e-05, 1.45769163282e-05, 1.20946151583e-05, 7.04370222593e-06, 5.2617192523e-06, 5.9677840909e-06, 4.43816907136e-06, 2.17494903154e-06, 1.69679549344e-06, 2.21279265133e-06, 3.53550262844e-06, 3.02658349938e-06, 1.86058093732e-06, 1.58081923018e-06, 1.46182378558e-06, 1.10033647616e-06, 6.96798792887e-07, 5.23164260358e-07, 5.25838800058e-07, 4.79888115024e-07, 3.28774348191e-07, 2.53987622045e-07, 2.36622270222e-07],
        "dmean2": [4.79002919747e-05, 0.000327778689098, 0.00112382543739, 0.00151717301924, 0.000644302635919, 0.000544159149285, 0.000369595887605, 0.000296584214084, 0.000193685700651, 0.000209242818528, 0.000186724384548, 0.000176105095306, 0.000182259464054, 9.07529465621e-05, 9.47827866185e-05, 0.000108699328848, 8.84485853021e-05, 6.10291972407e-05, 2.31446665566e-05, 1.938009882e-05, 1.14992444651e-05, 8.48188665259e-06, 9.64537321124e-06, 7.20614161764e-06, 3.55602969648e-06, 2.72912552646e-06, 3.50136747329e-06, 5.48700973013e-06, 4.55880172012e-06, 2.80775361716e-06, 2.40847225541e-06, 2.20843662646e-06, 1.66351549069e-06, 1.02373587652e-06, 7.72942996718e-07, 7.78313790306e-07, 6.98390124398e-07, 4.76834657093e-07, 3.65282772918e-07, 3.51809603671e-07],
        "dvar": [7.68818342323e-09, 3.17252613513e-07, 1.76097910298e-06, 3.30359057443e-06, 5.32161095634e-07, 3.76357547793e-07, 2.67870802872e-07, 1.80111541681e-07, 9.50390770527e-08, 1.2237511271e-07, 9.24717085127e-08, 8.80851445118e-08, 7.70841594999e-08, 2.1894058122e-08, 2.3663577764e-08, 2.90463972874e-08, 1.94652010066e-08, 1.21527232722e-08, 2.14037343405e-09, 1.03459085743e-09, 3.25925175737e-10, 1.71261421711e-10, 2.22727405963e-10, 1.18282841854e-10, 2.45068618177e-11, 2.09411932239e-11, 2.95032956399e-11, 1.15045667437e-10, 8.32454036259e-11, 4.03183805786e-11, 3.6328509645e-11, 3.54710635864e-11, 2.10548054685e-11, 1.14904587581e-11, 7.40301743518e-12, 2.26936369002e-11, 1.54349571319e-11, 2.06455447356e-12, 6.42326524001e-13, 7.3460237459e-13],
        "dvar2": [2.00200958034e-08, 7.86592124769e-07, 4.71927114631e-06, 8.39856966195e-06, 1.23657025597e-06, 9.04372427613e-07, 6.18884257619e-07, 4.48304803058e-07, 2.39176159766e-07, 2.92613350439e-07, 2.30844634075e-07, 2.12060143667e-07, 2.06123431212e-07, 5.64063604713e-08, 5.89766813164e-08, 7.2756670022e-08, 4.96415353268e-08, 3.21960236249e-08, 4.58038318385e-09, 2.3425235085e-09, 8.16738787712e-10, 4.34480729172e-10, 5.46435119375e-10, 2.90624802002e-10, 6.33244012782e-11, 5.43956685251e-11, 7.16789752553e-11, 2.75060696442e-10, 1.63239963213e-10, 8.58146956273e-11, 8.1428856713e-11, 7.54002138503e-11, 4.35377359165e-11, 2.30503099247e-11, 1.58352636559e-11, 5.17331073813e-11, 3.40544849264e-11, 4.19478210847e-12, 1.29283736494e-12, 1.75245755407e-12],
        "max": [0.0012632709695, 0.0117688653991, 0.0165119096637, 0.0263438653201, 0.0145663693547, 0.0122638046741, 0.0122773060575, 0.00856695324183, 0.00634274119511, 0.00936032738537, 0.006233275868, 0.0083878133446, 0.00746971787885, 0.00316136213951, 0.00352648948319, 0.00360960909165, 0.00269811530598, 0.00266237533651, 0.00199972302653, 0.00186300196219, 0.000516989384778, 0.000362327235052, 0.00043569074478, 0.00033478208934, 0.000140592484968, 0.000217263033846, 0.000186770514119, 0.000558135914616, 0.000496650114655, 0.000194950887817, 0.000142184799188, 0.000171120889718, 0.000124056095956, 9.28615991143e-05, 8.95457778824e-05, 0.000392149871914, 0.000278500054264, 5.05344833073e-05, 2.80538897641e-05, 2.81290485873e-05],
        "mean": [3.33190546371e-05, 0.000271230557701, 0.00117865484208, 0.00173937983345, 0.000858454499394, 0.000706783612259, 0.000425029720645, 0.000287105387542, 0.000184349089977, 0.000194524647668, 0.000189977057744, 0.000206173455808, 0.000207541874261, 0.000102018144389, 0.000108239393739, 0.000118904972624, 9.83360005193e-05, 6.94815680617e-05, 2.49507738772e-05, 2.1247407858e-05, 1.28323963509e-05, 9.90451735561e-06, 1.12019870357e-05, 8.56290353113e-06, 4.34736966781e-06, 3.369561e-06, 4.52952599517e-06, 7.5689786172e-06, 6.30584099781e-06, 3.32835134031e-06, 2.71497970061e-06, 2.55899317381e-06, 1.8054922748e-06, 1.10396319997e-06, 7.69651080645e-07, 7.1960397463e-07, 6.63597234052e-07, 4.82549182834e-07, 3.62837369039e-07, 2.86920112558e-07],
        "median": [6.11321547694e-06, 5.63624635106e-05, 0.000505292788148, 0.000808720244095, 0.000392125220969, 0.000262850109721, 0.00014257656585, 8.57415798237e-05, 5.48539028387e-05, 6.32573865005e-05, 4.87236393383e-05, 3.62059945473e-05, 3.78786171495e-05, 1.70006569533e-05, 2.04099578696e-05, 1.87403020391e-05, 1.42505405165e-05, 1.06797906483e-05, 8.60060026753e-06, 8.63588411448e-06, 4.99595626025e-06, 4.30247928307e-06, 3.87451245842e-06, 2.43384783971e-06, 1.38144628181e-06, 1.23676420571e-06, 1.41531904774e-06, 1.54361805471e-06, 9.20658010273e-07, 5.68036057302e-07, 4.66700498691e-07, 4.5879278332e-07, 3.34315217287e-07, 2.21957179747e-07, 1.54748022396e-07, 1.17416327328e-07, 9.3810406554e-08, 7.6186317699e-08, 6.21397973077e-08, 3.64954289012e-08],
        "min": [4.27440633012e-25, 5.43708278035e-25, 8.56171053605e-25, 5.35308980154e-25, 1.05905966893e-24, 8.86097872551e-25, 1.08459549087e-24, 7.66839655837e-25, 1.04610213553e-24, 1.28176742843e-24, 1.24357443188e-24, 1.22515216316e-24, 9.57246815315e-25, 1.10262520268e-24, 2.01596678102e-24, 1.53331722452e-24, 1.7762938775e-24, 1.9412046581e-24, 2.08784285632e-24, 2.21529497126e-24, 2.81799752184e-24, 3.25244964918e-24, 2.43487755967e-24, 3.00809426455e-24, 1.4006559652e-24, 2.62170250178e-24, 3.50910376976e-24, 3.41978223275e-24, 3.8897883211e-24, 4.29328160222e-24, 3.55802379551e-24, 3.55645987876e-24, 4.60786237071e-24, 3.47998257501e-24, 4.87853632451e-24, 4.99707174742e-24, 5.40246342231e-24, 4.66453729359e-24, 5.07087599599e-24, 5.33330162016e-24],
        "var": [7.28690441321e-09, 4.43431503072e-07, 2.8869289963e-06, 6.60943123876e-06, 1.80799145255e-06, 1.33008290959e-06, 6.37600010123e-07, 3.42065362702e-07, 1.56486620995e-07, 1.93442502905e-07, 1.64720560747e-07, 2.23214740913e-07, 1.98790615968e-07, 5.52224221906e-08, 6.85247556476e-08, 6.65960087076e-08, 5.00692500793e-08, 3.22569704281e-08, 3.87894338871e-09, 2.52576892734e-09, 7.27047200222e-10, 3.86788989726e-10, 4.68895866579e-10, 2.7061530794e-10, 5.66256000423e-11, 3.62902728701e-11, 7.01749630627e-11, 2.78607553694e-10, 2.4607232918e-10, 7.59943358242e-11, 6.47088146954e-11, 6.50746678765e-11, 3.97261216978e-11, 1.98837023235e-11, 1.06198695671e-11, 3.236756696e-11, 2.03662312709e-11, 3.23747495826e-12, 1.05268929424e-12, 8.00312127767e-13]
    },
    "mfcc": {
        "mean": [-716.93737793, 121.319961548, -12.8289546967, 5.99324512482, -11.3109369278, -0.754371702671, -9.39245891571, -11.4454994202, -10.3864870071, -10.3126544952, -11.8418903351, -8.359416008, -9.22818851471],
        "cov": [[28046.6933594, 5844.84863281, -906.567993164, 205.368927002, -963.129699707, 153.857025146, -249.835388184, -705.94909668, -543.333007812, -509.676330566, -556.741516113, -399.709381104, -642.722045898], [5844.84863281, 3187.83081055, 59.8790054321, 270.036956787, -32.9040031433, -87.9600448608, -176.478607178, -167.088485718, -233.697891235, -210.884216309, -223.130645752, -209.469070435, -150.155303955], [-906.567993164, 59.8790054321, 892.999572754, 207.489212036, 149.361907959, -36.1717300415, -110.714057922, -39.8490104675, -18.051568985, -62.720249176, -47.8289604187, -11.9175081253, 27.9732265472], [205.368927002, 270.036956787, 207.489212036, 335.715393066, 115.603851318, -15.0903749466, -71.4199676514, -28.4457015991, -1.38207423687, -14.1015977859, -47.1365509033, 1.4291267395, 15.542514801], [-963.129699707, -32.9040031433, 149.361907959, 115.603851318, 285.560791016, -18.8208866119, -34.7047996521, 34.8290901184, 43.6213340759, 22.0778999329, 5.2061548233, 10.7202043533, 45.807144165], [153.857025146, -87.9600448608, -36.1717300415, -15.0903749466, -18.8208866119, 189.299972534, 105.005828857, 31.6290531158, 20.4323749542, 3.72554993629, 22.1394233704, 4.67031240463, -33.4096565247], [-249.835388184, -176.478607178, -110.714057922, -71.4199676514, -34.7047996521, 105.005828857, 243.017288208, 81.3864364624, 21.74102211, 37.2006263733, 49.0983886719, 5.51979017258, -11.9526596069], [-705.94909668, -167.088485718, -39.8490104675, -28.4457015991, 34.8290901184, 31.6290531158, 81.3864364624, 124.876976013, 50.2002639771, 37.1887702942, 37.7468757629, 8.1423664093, 12.6878414154], [-543.333007812, -233.697891235, -18.051568985, -1.38207423687, 43.6213340759, 20.4323749542, 21.74102211, 50.2002639771, 108.282089233, 48.3461341858, 32.9957351685, 24.2850818634, 10.510052681], [-509.676330566, -210.884216309, -62.720249176, -14.1015977859, 22.0778999329, 3.72554993629, 37.2006263733, 37.1887702942, 48.3461341858, 99.8379211426, 53.5278625488, 21.16040802, 11.7690515518], [-556.741516113, -223.130645752, -47.8289604187, -47.1365509033, 5.2061548233, 22.1394233704, 49.0983886719, 37.7468757629, 32.9957351685, 53.5278625488, 104.076568604, 40.6536560059, 9.48958015442], [-399.709381104, -209.469070435, -11.9175081253, 1.4291267395, 10.7202043533, 4.67031240463, 5.51979017258, 8.1423664093, 24.2850818634, 21.16040802, 40.6536560059, 92.4889831543, 38.4966583252], [-642.722045898, -150.155303955, 27.9732265472, 15.542514801, 45.807144165, -33.4096565247, -11.9526596069, 12.6878414154, 10.510052681, 11.7690515518, 9.48958015442, 38.4966583252, 91.7748413086]],
