{
"lowlevel": {
    "average_loudness": 0.890342712402,
    "barkbands_crest": {
        "dmean": 2.76529741287,
        "dmean2": 4.37509155273,
        "dvar": 6.23683834076,
        "dvar2": 15.231760025,
        "max": 24.8540115356,
        "mean": 7.96969795227,
        "median": 6.98668384552,
        "min": 1.81694591045,
        "var": 15.7132234573
    },
    "barkbands_flatness_db": {
        "dmean": 0.0185097754002,
        "dmean2": 0.0289438441396,
        "dvar": 0.000277506536804,
        "dvar2": 0.000657076423522,
        "max": 0.270910918713,
        "mean": 0.08347376436,
        "median": 0.0791348218918,
        "min": 0.0197631530464,
        "var": 0.000973150890786
    },
    "barkbands_kurtosis": {
        "dmean": 1.1505035162,
        "dmean2": 1.86817288399,
        "dvar": 6.48875379562,
        "dvar2": 15.3040933609,
        "max": 114.341362,
        "mean": 0.360158622265,
        "median": -0.377041578293,
        "min": -1.93722522259,
        "var": 8.38639736176
    },
    "barkbands_skewness": {
        "dmean": 0.453639447689,
        "dmean2": 0.698068380356,
        "dvar": 0.211247578263,
        "dvar2": 0.466970741749,
        "max": 9.15285873413,
        "mean": 0.667999684811,
        "median": 0.568815886974,
        "min": -2.90850496292,
        "var": 0.694533288479
    },
    "barkbands_spread": {
        "dmean": 8.43656826019,
        "dmean2": 13.125207901,
        "dvar": 76.1934967041,
        "dvar2": 168.137023926,
        "max": 121.398933411,
        "mean": 38.6894760132,
        "median": 37.7456207275,
        "min": 1.87888431549,
        "var": 300.273864746
    },
    "dissonance": {
        "dmean": 0.0116457892582,
        "dmean2": 0.019883448258,
        "dvar": 0.000152818465722,
        "dvar2": 0.000420661759563,
        "max": 0.500000119209,
        "mean": 0.482503950596,
        "median": 0.486492931843,
        "min": 0.335022866726,
        "var": 0.000224030183745
    },
    "dynamic_complexity": 3.06360554695,
    "erbbands_crest": {
        "dmean": 2.52863931656,
        "dmean2": 4.17687225342,
        "dvar": 6.25425481796,
        "dvar2": 15.8815984726,
        "max": 28.0727939606,
        "mean": 7.68497419357,
        "median": 6.52846384048,
        "min": 2.05307435989,
        "var": 15.2480697632
    },
    "erbbands_flatness_db": {
        "dmean": 0.0171431340277,
        "dmean2": 0.0256691426039,
        "dvar": 0.00026321655605,
        "dvar2": 0.000553805322852,
        "max": 0.317878186703,
        "mean": 0.130703493953,
        "median": 0.124157197773,
        "min": 0.0517126321793,
        "var": 0.00156364857685
    },
    "erbbands_kurtosis": {
        "dmean": 0.746345996857,
        "dmean2": 1.20453417301,
        "dvar": 0.895432054996,
        "dvar2": 2.22241973877,
        "max": 18.8322162628,
        "mean": 0.387461930513,
        "median": 0.0465936660767,
        "min": -1.60663938522,
        "var": 2.43590974808
    },
    "erbbands_skewness": {
        "dmean": 0.315154373646,
        "dmean2": 0.49259108305,
        "dvar": 0.0872609466314,
        "dvar2": 0.199611201882,
        "max": 3.23169636726,
        "mean": 0.0282465498894,
        "median": -0.0145382555202,
        "min": -4.14569282532,
        "var": 0.430639594793
    },
    "erbbands_spread": {
        "dmean": 8.75254154205,
        "dmean2": 13.5821485519,
        "dvar": 86.3366241455,
        "dvar2": 203.108764648,
        "max": 123.368309021,
        "mean": 38.9138183594,
        "median": 37.0269851685,
        "min": 2.57868075371,
        "var": 289.529876709
    },
    "hfc": {
        "dmean": 14.0705966949,
        "dmean2": 20.5873317719,
        "dvar": 374.472320557,
        "dvar2": 812.613098145,
        "max": 428.608703613,
        "mean": 37.7754364014,
        "median": 30.3284416199,
        "min": 1.11386156053e-16,
        "var": 1045.59643555
    },
    "melbands_crest": {
        "dmean": 3.50801491737,
        "dmean2": 5.78574609756,
        "dvar": 9.20555686951,
        "dvar2": 23.9174308777,
        "max": 33.4629592896,
        "mean": 12.1362400055,
        "median": 11.5464019775,
        "min": 2.19523715973,
        "var": 24.1138954163
    },
    "melbands_flatness_db": {
        "dmean": 0.0251781083643,
        "dmean2": 0.03800849244,
        "dvar": 0.000525310868397,
        "dvar2": 0.00114460429177,
        "max": 0.328264862299,
        "mean": 0.117476820946,
        "median": 0.111807256937,
        "min": 0.00420302664861,
        "var": 0.00214976468123
    },
    "melbands_kurtosis": {
        "dmean": 4.18800449371,
        "dmean2": 6.75921154022,
        "dvar": 52.6379966736,
        "dvar2": 124.493858337,
        "max": 147.954498291,
        "mean": 5.99350118637,
        "median": 2.83500957489,
        "min": -1.75244343281,
        "var": 97.6379623413
    },
    "melbands_skewness": {
        "dmean": 0.682223320007,
        "dmean2": 1.06354236603,
        "dvar": 0.495612442493,
        "dvar2": 1.12715554237,
        "max": 10.8163433075,
        "mean": 1.88372659683,
        "median": 1.6308825016,
        "min": -2.10105204582,
        "var": 1.75658714771
    },
    "melbands_spread": {
        "dmean": 12.7835826874,
        "dmean2": 19.7000999451,
        "dvar": 212.413085938,
        "dvar2": 445.20010376,
        "max": 262.323120117,
        "mean": 45.5523796082,
        "median": 41.3316955566,
        "min": 2.35336899757,
        "var": 684.676391602
    },
    "pitch_salience": {
        "dmean": 0.0747619718313,
        "dmean2": 0.121657334268,
        "dvar": 0.00460667395964,
        "dvar2": 0.0117593957111,
        "max": 0.930090725422,
        "mean": 0.600883483887,
        "median": 0.611039578915,
        "min": 0.167736142874,
        "var": 0.0130084771663
    },
    "silence_rate_20dB": {
        "dmean": 0,
        "dmean2": 0,
        "dvar": 0,
        "dvar2": 0,
        "max": 1,
        "mean": 1,
        "median": 1,
        "min": 1,
        "var": 0
    },
    "silence_rate_30dB": {
        "dmean": 0,
        "dmean2": 0,
        "dvar": 0,
        "dvar2": 0,
        "max": 1,
        "mean": 1,
        "median": 1,
        "min": 1,
        "var": 0
    },
    "silence_rate_60dB": {
        "dmean": 0.00758963637054,
        "dmean2": 0.0151812592521,
        "dvar": 0.00753167876974,
        "dvar2": 0.0178285446018,
        "max": 1,
        "mean": 0.112259581685,
        "median": 0,
        "min": 0,
        "var": 0.0996590107679
    },
    "spectral_centroid": {
        "dmean": 297.962188721,
        "dmean2": 466.785308838,
        "dvar": 97539.8671875,
        "dvar2": 204914.25,
        "max": 11162.6933594,
        "mean": 2221.24121094,
        "median": 2198.52856445,
        "min": 264.658660889,
        "var": 369978.65625
    },
    "spectral_complexity": {
        "dmean": 4.84114122391,
        "dmean2": 7.3401389122,
        "dvar": 21.9466228485,
        "dvar2": 44.8485374451,
        "max": 59,
        "mean": 26.9517211914,
        "median": 29,
        "min": 0,
        "var": 158.424102783
    },
    "spectral_decrease": {
        "dmean": 2.02790428894e-09,
        "dmean2": 3.16195691852e-09,
        "dvar": 6.95852124548e-18,
        "dvar2": 1.50205378241e-17,
        "max": -1.55820142712e-28,
        "mean": -5.31883648236e-09,
        "median": -4.36713820662e-09,
        "min": -2.4989988745e-08,
        "var": 1.70108766529e-17
    },
    "spectral_energy": {
        "dmean": 0.00852532591671,
        "dmean2": 0.0131930531934,
        "dvar": 0.000116975585115,
        "dvar2": 0.000254073995166,
        "max": 0.103936679661,
        "mean": 0.023500919342,
        "median": 0.0200205668807,
        "min": 1.06911535131e-20,
        "var": 0.0002989009663
    },
    "spectral_energyband_high": {
        "dmean": 0.00118799577467,
        "dmean2": 0.00174181594048,
        "dvar": 3.28759620061e-06,
        "dvar2": 6.99568045093e-06,
        "max": 0.0403141640127,
        "mean": 0.00264615775086,
        "median": 0.00176260713488,
        "min": 7.73589890955e-21,
        "var": 8.60776890477e-06
    },
    "spectral_energyband_low": {
        "dmean": 0.00448873266578,
        "dmean2": 0.00725774932653,
        "dvar": 5.22010741406e-05,
        "dvar2": 0.000118630297948,
        "max": 0.0659888237715,
        "mean": 0.00731091806665,
        "median": 0.00364114530385,
        "min": 1.08436529731e-22,
        "var": 9.48974629864e-05
    },
    "spectral_energyband_middle_high": {
        "dmean": 0.00292152515613,
        "dmean2": 0.00433204276487,
        "dvar": 2.10888374568e-05,
        "dvar2": 4.50059087598e-05,
        "max": 0.0690943226218,
        "mean": 0.00826324615628,
        "median": 0.00555070489645,
        "min": 1.73477768054e-21,
        "var": 6.93391120876e-05
    },
    "spectral_energyband_middle_low": {
        "dmean": 0.00374163431115,
        "dmean2": 0.00621747970581,
        "dvar": 3.79809789592e-05,
        "dvar2": 9.74429785856e-05,
        "max": 0.0725803822279,
        "mean": 0.00625356798992,
        "median": 0.00417536869645,
        "min": 3.37042248016e-22,
        "var": 4.76535205962e-05
    },
    "spectral_entropy": {
        "dmean": 0.119923353195,
        "dmean2": 0.178610160947,
        "dvar": 0.0143710151315,
        "dvar2": 0.0295272152871,
        "max": 9.78870487213,
        "mean": 8.08180046082,
        "median": 8.0958032608,
        "min": 6.66221952438,
        "var": 0.0617475137115
    },
    "spectral_flux": {
        "dmean": 0.0252386257052,
        "dmean2": 0.0399644635618,
        "dvar": 0.000857759849168,
        "dvar2": 0.00171399326064,
        "max": 0.312082976103,
        "mean": 0.094978377223,
        "median": 0.0886645540595,
        "min": 1.03398033191e-10,
        "var": 0.00240031280555
    },
    "spectral_kurtosis": {
        "dmean": 0.739383876324,
        "dmean2": 1.19372665882,
        "dvar": 0.518290519714,
        "dvar2": 1.34020316601,
        "max": 12.464679718,
        "mean": 2.8328025341,
        "median": 2.6427116394,
        "min": -1.30736982822,
        "var": 2.10734081268
    },
    "spectral_rms": {
        "dmean": 0.000812820217106,
        "dmean2": 0.00123241206165,
        "dvar": 8.19898275495e-07,
        "dvar2": 1.68217138707e-06,
        "max": 0.0100698377937,
        "mean": 0.00440332805738,
        "median": 0.00441953167319,
        "min": 3.22961210726e-12,
        "var": 3.5384707644e-06
    },
    "spectral_rolloff": {
        "dmean": 1065.07714844,
        "dmean2": 1703.80407715,
        "dvar": 2227335.75,
        "dvar2": 4845039,
        "max": 17614.1601562,
        "mean": 3354.56005859,
        "median": 2799.31640625,
        "min": 43.06640625,
        "var": 5179406
    },
    "spectral_skewness": {
        "dmean": 0.129740580916,
        "dmean2": 0.206992119551,
        "dvar": 0.0148694431409,
        "dvar2": 0.0340321622789,
        "max": 2.66714525223,
        "mean": 1.33076107502,
        "median": 1.31319129467,
        "min": -0.120770506561,
        "var": 0.0867342203856
    },
    "spectral_spread": {
        "dmean": 738581.4375,
        "dmean2": 1057631,
        "dvar": 773145559040,
        "dvar2": 1.38877468672e+12,
        "max": 40493372,
        "mean": 5740231.5,
        "median": 5409942,
        "min": 2223793,
        "var": 2.68235938202e+12
    },
    "spectral_strongpeak": {
        "dmean": 0.674924850464,
        "dmean2": 1.15083909035,
        "dvar": 1.25436651707,
        "dvar2": 3.20869755745,
        "max": 17.9935207367,
        "mean": 0.969042599201,
        "median": 0.369002878666,
        "min": 0,
        "var": 2.01176905632
    },
    "zerocrossingrate": {
        "dmean": 0.0180458966643,
        "dmean2": 0.0204646773636,
        "dvar": 0.000412311288528,
        "dvar2": 0.000452082313132,
        "max": 0.5615234375,
        "mean": 0.115880452096,
        "median": 0.1064453125,
        "min": 0.00537109375,
        "var": 0.00254459981807
    },
    "barkbands": {
        "dmean": [9.01220264495e-05, 0.00313306297176, 0.00219771498814, 0.00119993672706, 0.00117842911277, 0.000758895883337, 0.000849504664075, 0.000321484549204, 0.000555228674784, 0.00100404315162, 0.000438890361693, 0.000678658194374, 0.000827063282486, 0.000680936791468, 0.00051079277182, 0.000286295631668, 0.000268275558483, 0.000221173759201, 0.000291949108941, 0.000322328996845, 0.000199807065655, 0.000146919264807, 0.000191394137801, 0.000238180451561, 0.000309804745484, 0.000222616581596, 1.90969444702e-06],
        "dmean2": [0.000156199224875, 0.00469167111441, 0.00388745497912, 0.00215793959796, 0.00211739144288, 0.00124314858112, 0.00136675848626, 0.000552569399588, 0.000928077264689, 0.00158523651771, 0.000699977565091, 0.00107953778934, 0.00133481901139, 0.00105902901851, 0.00083700066898, 0.00046997910249, 0.00043331636698, 0.000365037034499, 0.000472577143228, 0.000512404658366, 0.000311569339829, 0.000227790820645, 0.00029476932832, 0.00035790700349, 0.000462458876427, 0.000350814661942, 2.97860628962e-06],
        "dvar": [4.74217927149e-08, 3.01379241137e-05, 2.06783261092e-05, 6.68197299092e-06, 7.08061634214e-06, 3.90538707506e-06, 6.32064711681e-06, 1.70854752923e-06, 2.71994053946e-06, 8.10797700979e-06, 1.37228914809e-06, 3.46817409991e-06, 3.38558788826e-06, 2.35452580455e-06, 1.30296655243e-06, 2.63332850636e-07, 1.55032694238e-07, 1.17670801103e-07, 2.08462367368e-07, 2.18257341089e-07, 9.39055411209e-08, 5.00456742714e-08, 8.2947501312e-08, 2.47531943387e-07, 4.53773736808e-07, 1.80254914994e-07, 1.58187116184e-10],
        "dvar2": [1.37030127689e-07, 5.66192247788e-05, 5.99525556026e-05, 1.92071911442e-05, 1.98690158868e-05, 9.29461839405e-06, 1.5549843738e-05, 4.66617211714e-06, 7.28999339117e-06, 1.99282785616e-05, 3.07745222017e-06, 8.3586155597e-06, 8.18653279566e-06, 5.37507867193e-06, 3.2819543776e-06, 6.49855564916e-07, 3.72420032591e-07, 2.72236263754e-07, 5.05267564677e-07, 5.35152196335e-07, 2.07205346214e-07, 1.14467262335e-07, 1.89286467389e-07, 5.18692274909e-07, 9.16085184599e-07, 4.40796213752e-07, 4.11374295739e-10],
        "max": [0.00985713303089, 0.0549746602774, 0.0448145642877, 0.025702226907, 0.0339319072664, 0.0418079011142, 0.0579393170774, 0.0342037640512, 0.0316340103745, 0.0439729057252, 0.0285009294748, 0.0585810430348, 0.0301485974342, 0.0287825092673, 0.0277489367872, 0.0108535867184, 0.0125317219645, 0.012986225076, 0.0102471420541, 0.00976788438857, 0.00968973804265, 0.00434939563274, 0.00763091957197, 0.011794234626, 0.0281503163278, 0.00866264011711, 0.000741208670661],
        "mean": [0.000105454812001, 0.00417756754905, 0.00231396919116, 0.00124862219673, 0.00125037971884, 0.00106611754745, 0.00111459591426, 0.000374808034394, 0.000743768760003, 0.00128960981965, 0.000609017617535, 0.000976342533249, 0.0012927345233, 0.00100659334566, 0.000859518244397, 0.000493378611282, 0.000493408471812, 0.000435632799054, 0.000601538049523, 0.000750673701987, 0.000460893119453, 0.00032179558184, 0.000340247177519, 0.000420337659307, 0.000502716866322, 0.000249033066211, 2.14076317206e-06],
        "median": [3.52902679879e-05, 0.00115277373698, 0.000994407106191, 0.000514138839208, 0.000515159685165, 0.000400403456297, 0.000355780532118, 0.000174279819475, 0.00033358001383, 0.000300439656712, 0.000224523479119, 0.00030610585236, 0.000495671352837, 0.000356971140718, 0.000426312326454, 0.000320783874486, 0.000331581162754, 0.000284440407995, 0.000398786360165, 0.000495385786053, 0.000329082307871, 0.000198255525902, 0.000199633708689, 0.00021164365171, 0.000221061927732, 6.93326728651e-05, 1.27693823515e-07],
        "min": [1.93799474363e-23, 7.28717581827e-23, 7.62232274277e-24, 4.86668171726e-23, 4.59409461799e-23, 5.08276649641e-23, 3.4829919216e-23, 3.60695762632e-23, 9.2647415604e-23, 5.01554040116e-23, 3.53117270579e-23, 2.0500732927e-22, 9.87951537888e-23, 2.17172851849e-22, 1.50311740448e-22, 1.38332868669e-22, 2.57366564526e-22, 1.63745284357e-22, 3.09041245221e-22, 2.91946490566e-22, 4.5600678917e-22, 6.10373161075e-22, 4.89447271897e-22, 1.05446343003e-21, 1.19054130509e-21, 1.86803373072e-21, 2.10321474981e-21],
        "var": [5.1638039622e-08, 5.1729977713e-05, 1.58828170242e-05, 5.05206571688e-06, 5.46162709725e-06, 5.46328510609e-06, 7.97810844233e-06, 1.30311593693e-06, 2.6650207019e-06, 1.01775785879e-05, 2.23196457227e-06, 4.76255536341e-06, 5.8121827351e-06, 4.18953413828e-06, 2.70987470685e-06, 4.29002369629e-07, 3.43579984019e-07, 3.23295864746e-07, 4.95429787861e-07, 7.51092727569e-07, 2.70776865818e-07, 1.5786869767e-07, 1.77475982355e-07, 5.89262015183e-07, 1.07477751499e-06, 2.09300878851e-07, 1.60145063877e-10]
    },
    "erbbands": {
        "dmean": [0.0705902948976, 0.783099114895, 2.18795776367, 3.65928196907, 3.45771741867, 4.27560281754, 4.14751005173, 7.29177761078, 12.7752819061, 8.97090530396, 6.92015743256, 12.2386388779, 27.0898208618, 23.1790657043, 17.6183567047, 29.5765838623, 37.899181366, 35.1021156311, 25.3120689392, 21.9848613739, 14.2586336136, 12.861164093, 11.3500404358, 15.5216856003, 13.0486688614, 16.1199054718, 9.77056503296, 6.90315771103, 5.69373369217, 5.79545736313, 4.96242952347, 4.78910779953, 4.23707962036, 3.77563595772, 2.11933970451, 0.981718182564, 0.422143548727, 0.04916607216, 0.00101204507519, 4.83254079882e-05],
        "dmean2": [0.112994037569, 1.16822421551, 3.79986763, 6.58281421661, 6.22969055176, 7.71948432922, 6.99997997284, 11.9399547577, 20.7359752655, 14.8864126205, 11.5451278687, 20.2185993195, 43.3188209534, 36.7422981262, 27.953125, 46.7304840088, 60.2912216187, 54.6856536865, 40.054977417, 36.3875312805, 23.1545810699, 20.6841411591, 18.2740249634, 25.4467716217, 20.5991706848, 25.7571754456, 15.4442806244, 10.9123449326, 8.82465267181, 8.9911699295, 7.60994291306, 7.32272958755, 6.36630296707, 5.73554801941, 3.16839647293, 1.5096757412, 0.676215112209, 0.0803519263864, 0.00161459250376, 7.44423668948e-05],
        "dvar": [0.0176204722375, 1.85251653194, 17.4173355103, 64.6465530396, 47.6660041809, 121.719429016, 97.7694396973, 399.292144775, 1489.82189941, 893.879882812, 567.451965332, 1455.78649902, 7276.69921875, 4796.09912109, 2238.0144043, 5973.73388672, 7642.98291016, 6758.45898438, 4167.46728516, 1498.74804688, 535.115661621, 374.55267334, 312.27545166, 679.550292969, 403.565582275, 585.108947754, 242.345062256, 117.687011719, 75.9970550537, 80.5960159302, 59.0059127808, 77.388053894, 102.659111023, 79.3746948242, 19.2378425598, 3.52070307732, 0.667312264442, 0.0105188302696, 7.76919932832e-06, 1.08440323388e-08],
        "dvar2": [0.0422301329672, 3.40628480911, 50.2431259155, 187.221038818, 136.500610352, 346.520294189, 243.723297119, 968.871154785, 3695.08056641, 2325.65234375, 1491.91955566, 3910.71240234, 17998.5175781, 11752.4033203, 5155.00048828, 14361.9375, 18320.9648438, 15917.5292969, 10501.2382812, 3969.40600586, 1289.27941895, 876.943969727, 719.024475098, 1699.95495605, 962.706115723, 1464.68286133, 559.82824707, 264.794158936, 169.920608521, 190.285324097, 131.434799194, 177.040420532, 214.583404541, 166.339935303, 38.3571815491, 8.23286247253, 1.65692198277, 0.0263933949172, 2.02201081265e-05, 2.78168705847e-08],
        "max": [1.17312848568, 13.7922592163, 39.8874588013, 70.2269668579, 64.7528381348, 138.788024902, 236.914855957, 484.300201416, 926.094543457, 948.090026855, 685.531921387, 816.566345215, 1588.74914551, 1549.96203613, 1391.24023438, 2436.94384766, 1494.96789551, 2200.30297852, 1755.55163574, 1006.56311035, 612.307739258, 809.183532715, 714.204589844, 640.893981934, 432.13482666, 427.477142334, 345.132324219, 386.292602539, 187.672668457, 257.731689453, 266.696136475, 202.769393921, 290.042236328, 382.451721191, 174.105529785, 45.6631202698, 12.4670810699, 1.65730369091, 0.139383077621, 0.00465385243297],
        "mean": [0.084387563169, 1.06451451778, 2.58764886856, 3.90420246124, 3.87429356575, 4.248711586, 5.05167913437, 9.9116191864, 16.9777641296, 11.6851091385, 9.33839321136, 17.1693401337, 35.1873855591, 33.2492294312, 26.7316741943, 45.4404907227, 61.6920204163, 55.2823219299, 44.5960769653, 39.4903488159, 28.3078479767, 25.5320949554, 23.462020874, 31.8396453857, 30.0648212433, 36.5652275085, 22.9519042969, 15.4722499847, 12.1032476425, 11.0581789017, 9.17227077484, 8.15647602081, 7.32598257065, 6.10147619247, 3.26774811745, 1.25351715088, 0.442632198334, 0.045855011791, 0.00108636775985, 7.82146162237e-05],
        "median": [0.0236885100603, 0.309071391821, 1.20211648941, 1.91884636879, 1.75598120689, 1.70570886135, 1.97344315052, 3.61145424843, 4.80077123642, 5.14012098312, 4.90500926971, 8.27007961273, 8.94122028351, 10.3342809677, 12.3721399307, 16.3999977112, 25.5092067719, 21.7245121002, 18.5247840881, 24.8592014313, 19.5879478455, 17.8114719391, 16.0421028137, 21.3274078369, 20.4423809052, 24.0372314453, 15.6883325577, 10.7071180344, 7.67367267609, 6.55758237839, 5.30512094498, 4.12879610062, 3.52942752838, 2.69536304474, 1.39329171181, 0.444102078676, 0.108507499099, 0.00675865355879, 0.000213326056837, 4.5775774197e-05],
        "min": [9.07837689496e-22, 1.99223283983e-20, 2.06232815725e-20, 8.35647193863e-20, 1.1619641294e-19, 1.83861725752e-19, 2.33670173692e-19, 5.87251654304e-19, 4.54654653811e-19, 9.71533348816e-19, 6.1867391933e-19, 1.74417670281e-18, 2.43006783571e-18, 1.24509655645e-18, 1.82137188591e-18, 7.89934654803e-18, 6.75920215072e-18, 1.05078523379e-17, 7.33254253998e-18, 1.0002359784e-17, 8.29111169385e-18, 1.30391705961e-17, 9.61665208185e-18, 1.50294267069e-17, 1.32317647125e-17, 1.30996995374e-17, 1.53472079916e-17, 1.97014255247e-17, 2.31955853246e-17, 1.46556270968e-17, 1.73144221592e-17, 1.79145913245e-17, 1.79321407883e-17, 1.46771387558e-17, 8.4409091397e-18, 7.19331728954e-18, 3.29348061345e-18, 1.37860205975e-18, 3.16871489371e-19, 2.57731949751e-20],
        "var": [0.0230587329715, 3.29085564613, 15.8990840912, 46.5808525085, 38.4276199341, 85.0588531494, 116.298431396, 515.994018555, 1899.21337891, 826.268127441, 514.809265137, 1433.8560791, 8178.50732422, 6926.6171875, 3176.77978516, 8347.51367188, 12947.6904297, 11538.8935547, 9540.56054688, 3252.90332031, 1109.79614258, 911.805480957, 818.944946289, 1400.23742676, 1150.60595703, 1805.92871094, 658.551086426, 337.21005249, 219.450958252, 186.615768433, 133.719696045, 152.067825317, 240.03553772, 168.473495483, 46.3164520264, 5.19193553925, 0.698141694069, 0.009909870103, 8.34613729239e-06, 1.32626629679e-08]
    },
    "gfcc": {
        "mean": [34.0058021545, 39.8211402893, -125.027923584, 31.9473114014, -58.6695480347, 27.0901145935, -41.4839134216, 17.0634975433, -32.6713142395, 11.8256425858, -18.9806194305, -0.295832812786, -15.0087366104],
        "cov": [[5707.4609375, -111.104400635, 1093.02978516, 845.376159668, 345.966186523, 286.445037842, 9.67287254333, -27.5940513611, -203.610702515, 151.138565063, 46.5573692322, 100.84526825, -111.851165771], [-111.104400635, 785.747924805, -16.8094921112, 203.001281738, 98.8898010254, 4.92073154449, 70.3237533569, -1.64695107937, 21.3392601013, -9.90302658081, 55.1134872437, -49.614364624, 78.8604202271], [1093.02978516, -16.8094921112, 815.370727539, 386.520172119, 174.725418091, 79.2603683472, -30.1081981659, 17.8733539581, -6.36939477921, 45.9572944641, -13.9549350739, 59.8408355713, -37.7635040283], [845.376159668, 203.001281738, 386.520172119, 571.279174805, 170.342376709, 89.8984146118, 28.7659549713, 10.3676280975, 17.3631134033, 61.8861618042, 23.2518768311, 5.36670160294, 14.4743289948], [345.966186523, 98.8898010254, 174.725418091, 170.342376709, 215.671264648, 102.64201355, 50.9576225281, 27.1735572815, -1.23232400417, 22.1355304718, 1.22794413567, -5.70064640045, -5.62584114075], [286.445037842, 4.92073154449, 79.2603683472, 89.8984146118, 102.64201355, 178.578430176, 94.9426574707, 30.3951702118, -7.22335863113, 20.2820167542, 17.2208824158, -4.42676639557, -2.4616727829], [9.67287254333, 70.3237533569, -30.1081981659, 28.7659549713, 50.9576225281, 94.9426574707, 151.55796814, 41.570224762, 1.76063621044, 10.1576652527, 10.7545289993, -10.0467319489, 8.88338184357], [-27.5940513611, -1.64695107937, 17.8733539581, 10.3676280975, 27.1735572815, 30.3951702118, 41.570224762, 89.5938110352, 44.6733093262, 11.8510932922, 4.25004053116, -1.38185787201, 5.47845029831], [-203.610702515, 21.3392601013, -6.36939477921, 17.3631134033, -1.23232400417, -7.22335863113, 1.76063621044, 44.6733093262, 94.7180175781, 25.0959129333, 6.51041126251, 11.4217176437, 10.567281723], [151.138565063, -9.90302658081, 45.9572944641, 61.8861618042, 22.1355304718, 20.2820167542, 10.1576652527, 11.8510932922, 25.0959129333, 77.4483261108, 38.5034751892, 10.1347351074, 1.07835388184], [46.5573692322, 55.1134872437, -13.9549350739, 23.2518768311, 1.22794413567, 17.2208824158, 10.7545289993, 4.25004053116, 6.51041126251, 38.5034751892, 87.365814209, 21.1970081329, 16.9593544006], [100.84526825, -49.614364624, 59.8408355713, 5.36670160294, -5.70064640045, -4.42676639557, -10.0467319489, -1.38185787201, 11.4217176437, 10.1347351074, 21.1970081329, 72.9839324951, 12.7575283051], [-111.851165771, 78.8604202271, -37.7635040283, 14.4743289948, -5.62584114075, -2.4616727829, 8.88338184357, 5.47845029831, 10.567281723, 1.07835388184, 16.9593544006, 12.7575283051, 67.410118103]],
        "icov": [[0.000335135293426, -2.64542395598e-05, -0.000144558405736, -0.000348571367795, 6.97217765264e-05, -0.00032856897451, 0.000261315901298, -0.000365465471987, 0.00107751344331, -0.00057481933618, 0.000170672923559, -0.000542869791389, 0.000470057682833], [-2.64542395598e-05, 0.00239747180603, -8.3826307673e-05, -0.000639498874079, -0.00129866960924, 0.0016716219252, -0.00166485190857, 0.00149892899208, -0.0015484134201, 0.00233125197701, -0.00262547563761, 0.00267279241234, -0.00234787445515], [-0.000144558405736, -8.3826307673e-05, 0.00265666539781, -0.00134190055542, -0.000760870520025, -0.00043155887397, 0.00135783082806, -0.00121316395234, 0.00083151931176, -0.000552223122213, 0.00141894828994, -0.00258369557559, 0.00148548325524], [-0.000348571367795, -0.000639498874079, -0.00134190055542, 0.00395225221291, -0.00109334522858, -0.000187080295291, -0.000304679269902, 0.00139732169919, -0.00180300266948, -0.0011225232156, -8.20566274342e-05, 0.00147899705917, -0.00156076764688], [6.97217765264e-05, -0.00129866960924, -0.000760870520025, -0.00109334522858, 0.00893154833466, -0.00430762581527, 0.000725827587303, -0.00206461711787, 0.00156173517462, -0.00171581166796, 0.00220768502913, -0.000680221943185, 0.00145964731928], [-0.00032856897451, 0.0016716219252, -0.00043155887397, -0.000187080295291, -0.00430762581527, 0.0126531627029, -0.00711471121758, 0.000807431642897, -0.000796442735009, 0.00170344137587, -0.0035727401264, 0.00256324489601, -0.00121646106709], [0.000261315901298, -0.00166485190857, 0.00135783082806, -0.000304679269902, 0.000725827587303, -0.00711471121758, 0.0132495397702, -0.00589651754126, 0.003789272625, -0.00265061995015, 0.0025252928026, -0.00238034431823, 0.00100480776746], [-0.000365465471987, 0.00149892899208, -0.00121316395234, 0.00139732169919, -0.00206461711787, 0.000807431642897, -0.00589651754126, 0.019999274984, -0.0116549730301, 0.00322314165533, -0.00282202009112, 0.00453928252682, -0.00270432420075], [0.00107751344331, -0.0015484134201, 0.00083151931176, -0.00180300266948, 0.00156173517462, -0.000796442735009, 0.003789272625, -0.0116549730301, 0.0216033179313, -0.0088499430567, 0.00478725507855, -0.00657223258168, 0.00179579632822], [-0.00057481933618, 0.00233125197701, -0.000552223122213, -0.0011225232156, -0.00171581166796, 0.00170344137587, -0.00265061995015, 0.00322314165533, -0.0088499430567, 0.0236261934042, -0.0117567609996, 0.0041982489638, -0.000570307835005], [0.000170672923559, -0.00262547563761, 0.00141894828994, -8.20566274342e-05, 0.00220768502913, -0.0035727401264, 0.0025252928026, -0.00282202009112, 0.00478725507855, -0.0117567609996, 0.0205430928618, -0.00799355003983, -0.000100421355455], [-0.000542869791389, 0.00267279241234, -0.00258369557559, 0.00147899705917, -0.000680221943185, 0.00256324489601, -0.00238034431823, 0.00453928252682, -0.00657223258168, 0.0041982489638, -0.00799355003983, 0.0221342295408, -0.00702570937574], [0.000470057682833, -0.00234787445515, 0.00148548325524, -0.00156076764688, 0.00145964731928, -0.00121646106709, 0.00100480776746, -0.00270432420075, 0.00179579632822, -0.000570307835005, -0.000100421355455, -0.00702570937574, 0.0207757782191]]
    },
    "melbands": {
        "dmean": [0.000785606214777, 0.00102215562947, 0.000600225990638, 0.000270852207905, 0.000155648842338, 0.000164234865224, 0.000186839068192, 9.08048532438e-05, 6.1226390244e-05, 8.00379857537e-05, 0.000140274947626, 0.000102135403722, 6.04923843639e-05, 7.15662463335e-05, 9.7818156064e-05, 7.38278104109e-05, 7.0417925599e-05, 4.56704692624e-05, 3.34592768922e-05, 2.42259793595e-05, 1.77815436473e-05, 1.39428466355e-05, 1.4781570826e-05, 1.14268905236e-05, 1.41902592077e-05, 1.10494638648e-05, 1.16554392662e-05, 1.10523642434e-05, 7.53639187678e-06, 4.68188409286e-06, 4.67209383714e-06, 3.36843686455e-06, 3.10445489049e-06, 3.80581764148e-06, 2.98570898849e-06, 3.04912964566e-06, 3.11801909447e-06, 3.05241042042e-06, 3.09091160489e-06, 3.48299818143e-06],
        "dmean2": [0.00118461833335, 0.00168997969013, 0.00107300060336, 0.0004896937171, 0.000266656512395, 0.00026773387799, 0.000301893072901, 0.000151499712956, 0.000101551719126, 0.000132855246193, 0.000224426243221, 0.000162537413416, 9.62418489507e-05, 0.000112701716716, 0.000157267306349, 0.000117251780466, 0.000110200075142, 7.28293744032e-05, 5.47941817786e-05, 4.01785619033e-05, 2.91192827717e-05, 2.25959283853e-05, 2.41837587964e-05, 1.87842342712e-05, 2.34793897107e-05, 1.75593449967e-05, 1.88723042811e-05, 1.77357142093e-05, 1.21504517665e-05, 7.55844894229e-06, 7.54053553464e-06, 5.28703731106e-06, 4.88818250233e-06, 6.0010083871e-06, 4.6438026402e-06, 4.7563521548e-06, 4.86873295813e-06, 4.67186691822e-06, 4.75931165056e-06, 5.36055995326e-06],
        "dvar": [1.99525629796e-06, 2.94539790957e-06, 1.6881939473e-06, 3.31679672172e-07, 1.45696745335e-07, 1.90057249938e-07, 3.1328167438e-07, 1.01177313638e-07, 4.09147595803e-08, 6.11451724808e-08, 1.92531828702e-07, 9.54687493504e-08, 2.35411370397e-08, 4.50733352864e-08, 5.20008711646e-08, 2.83573893256e-08, 2.88960908534e-08, 1.32469510916e-08, 4.52311388344e-09, 1.96220262261e-09, 8.87495021917e-10, 4.67361926937e-10, 5.9017907228e-10, 3.63168078943e-10, 6.31991958766e-10, 3.63853946972e-10, 3.03841202198e-10, 2.80054174295e-10, 1.64180974371e-10, 5.73346856103e-11, 5.18308763964e-11, 2.78297766776e-11, 2.46932491815e-11, 3.35049696321e-11, 2.16019251098e-11, 2.50506351773e-11, 4.08257906648e-11, 5.24919101241e-11, 6.71749877945e-11, 7.0667617591e-11],
        "dvar2": [4.01715396947e-06, 7.6144169725e-06, 4.85996133648e-06, 9.42094629863e-07, 3.82042628644e-07, 4.57076140492e-07, 7.68141092067e-07, 2.65839332769e-07, 1.05203156409e-07, 1.64754922594e-07, 4.7539742809e-07, 2.35836722595e-07, 5.23488452586e-08, 1.09838886431e-07, 1.31349679577e-07, 6.57740955035e-08, 6.71662903073e-08, 3.26387592509e-08, 1.09536122395e-08, 5.13361531063e-09, 2.17244844336e-09, 1.12577769329e-09, 1.4672859594e-09, 7.95659427233e-10, 1.60181479192e-09, 8.59246340745e-10, 7.72280683847e-10, 7.00928426411e-10, 3.98460375806e-10, 1.38379918635e-10, 1.23308280253e-10, 6.18442588807e-11, 5.90501675335e-11, 7.99539739971e-11, 4.97842531089e-11, 5.89901183456e-11, 9.67489005577e-11, 1.10437249623e-10, 1.52100068651e-10, 1.50028531265e-10],
        "max": [0.012774458155, 0.0154350018129, 0.011975871399, 0.00800682045519, 0.00665656710044, 0.00952780246735, 0.0134528903291, 0.0101860538125, 0.00563945714384, 0.00527553306893, 0.00776747055352, 0.00693917181343, 0.00308390893042, 0.00797004438937, 0.0034093731083, 0.0037686675787, 0.00371082895435, 0.00281333550811, 0.00143084255978, 0.00106863223482, 0.000828327785712, 0.00076327502029, 0.000531146593858, 0.000950775167439, 0.000616730831098, 0.000410023727454, 0.000263313151663, 0.000313465134241, 0.000229759825743, 0.000205918928259, 0.000215116771869, 0.000133497567731, 9.28478330025e-05, 0.000144246179843, 0.000156428024638, 0.000114255075459, 0.000171297055203, 0.000171992665855, 0.000238048451138, 0.000410247652326],
        "mean": [0.00100463849958, 0.00144286535215, 0.000682009733282, 0.000291041942546, 0.000181946030352, 0.000227359210839, 0.000252764933975, 0.000114448936074, 8.22473521112e-05, 0.000108234045911, 0.000178135684109, 0.000138623523526, 8.66280315677e-05, 0.000103497011878, 0.000141472832183, 0.00011614903633, 0.000102007848909, 7.22549666534e-05, 5.64427136851e-05, 4.11418441217e-05, 3.24579486914e-05, 2.59461430687e-05, 2.43468166445e-05, 2.16849839489e-05, 2.62717858277e-05, 2.15917025344e-05, 2.41361776716e-05, 2.35234983847e-05, 1.54594781634e-05, 1.02535268525e-05, 8.8088982011e-06, 6.79404001858e-06, 6.07459651292e-06, 6.37663060843e-06, 5.33959700988e-06, 4.90607590109e-06, 5.0130870477e-06, 5.13705117555e-06, 4.93450943395e-06, 5.36076595381e-06],
        "median": [0.00027395345387, 0.000665298022795, 0.000362822407624, 0.000132142478833, 7.14452326065e-05, 8.20620043669e-05, 7.42743141018e-05, 5.08699449711e-05, 4.23193050665e-05, 4.91764913022e-05, 4.13567286159e-05, 3.78888871637e-05, 3.57281896868e-05, 3.47831737599e-05, 4.97185756103e-05, 4.80752241856e-05, 3.50952286681e-05, 2.61632721958e-05, 3.08267153741e-05, 2.59804182861e-05, 2.1833289793e-05, 1.76958492375e-05, 1.44424357131e-05, 1.38186305776e-05, 1.64735156432e-05, 1.31536671688e-05, 1.5174933651e-05, 1.50103614942e-05, 9.98801533569e-06, 6.69231167194e-06, 5.68664063394e-06, 4.27799022873e-06, 3.47529817191e-06, 3.64697939403e-06, 3.10842756335e-06, 2.49026220445e-06, 2.42222654379e-06, 2.45360274675e-06, 2.214115284e-06, 2.27307691603e-06],
        "min": [1.67169691681e-23, 1.77959494485e-23, 1.69847306475e-23, 8.77920855952e-24, 1.00483871484e-23, 1.21483198897e-23, 6.55903132811e-24, 1.05364191029e-23, 5.5303125315e-24, 1.2745311679e-23, 1.21023931967e-23, 4.79470644269e-24, 5.23928202204e-24, 1.2449134641e-23, 2.5353517755e-23, 1.06065693477e-23, 2.19132906141e-23, 1.14080622826e-23, 1.24601116405e-23, 1.2004094817e-23, 1.03365777586e-23, 1.45043452799e-23, 9.37851407782e-24, 8.88277100801e-24, 1.29079527096e-23, 1.02864101493e-23, 9.35401048038e-24, 8.4378810676e-24, 9.59449630506e-24, 1.11887455403e-23, 1.07757247916e-23, 1.35080455111e-23, 1.25235589343e-23, 5.86414032278e-24, 1.06070544972e-23, 8.70393939624e-24, 1.17062682709e-23, 1.24114854654e-23, 1.26427779051e-23, 1.21826156176e-23],
        "var": [3.12718111672e-06, 4.18915851697e-06, 1.25664439565e-06, 2.55349249301e-07, 1.45119344097e-07, 2.57957140093e-07, 4.0867558937e-07, 8.78600729948e-08, 4.00459683192e-08, 5.84683164107e-08, 2.17014942905e-07, 1.34046345579e-07, 3.84899188077e-08, 5.90698512326e-08, 7.49107229581e-08, 4.51980248783e-08, 4.88535505383e-08, 2.91127530971e-08, 9.55212797749e-09, 3.33624639026e-09, 1.67389124783e-09, 1.03563779774e-09, 1.03407571395e-09, 9.8036723184e-10, 1.14812592766e-09, 8.55186255144e-10, 8.28094870453e-10, 7.89986576155e-10, 3.58628654551e-10, 1.67048416766e-10, 1.18923967896e-10, 7.45268291524e-11, 6.62067553558e-11, 6.52494308584e-11, 4.69726930963e-11, 4.52048155852e-11, 7.13852588152e-11, 1.18775045355e-10, 1.32150471122e-10, 1.36397129702e-10]
    },
    "mfcc": {
        "mean": [-605.844177246, 74.5851516724, -7.81732177734, 10.6286449432, 5.50292921066, 6.20777177811, 7.96847200394, -0.382398873568, 0.42363730073, 4.35999536514, 0.52738827467, 0.448698580265, 0.667618513107],
        "cov": [[4780.90185547, -242.816665649, 763.481445312, 634.498291016, 405.24810791, 386.237731934, 305.923034668, 25.8794555664, -77.6649780273, -18.902721405, 26.7743625641, 47.0634307861, 112.020927429], [-242.816665649, 523.963378906, -58.6294708252, 51.4505577087, 13.5247249603, -1.202283144, 41.7907905579, 8.69526386261, 14.4545288086, 22.4069480896, -19.5965080261, -14.7430534363, -1.16681063175], [763.481445312, -58.6294708252, 579.988708496, 297.586853027, 208.53805542, 116.716064453, 41.4311790466, 19.9102020264, 10.5433654785, -9.83222484589, 2.55519032478, 43.7172470093, 42.3703422546], [634.498291016, 51.4505577087, 297.586853027, 429.311309814, 187.957489014, 129.434494019, 54.4357833862, 1.53601706028, 37.305847168, 9.82895374298, 0.564674258232, 47.1702232361, 43.4167404175], [405.24810791, 13.5247249603, 208.53805542, 187.957489014, 237.116744995, 90.9907913208, 43.3888015747, 19.226650238, 27.1372795105, 11.7058315277, 5.58155822754, 32.6600341797, 28.823425293], [386.237731934, -1.202283144, 116.716064453, 129.434494019, 90.9907913208, 180.489517212, 103.314666748, 34.9547729492, 17.6156463623, 21.284286499, 21.2348690033, 14.2980976105, 15.5688304901], [305.923034668, 41.7907905579, 41.4311790466, 54.4357833862, 43.3888015747, 103.314666748, 177.731628418, 43.5643882751, 15.6769237518, 34.5977859497, 25.1269798279, -0.63832628727, 14.121720314], [25.8794555664, 8.69526386261, 19.9102020264, 1.53601706028, 19.226650238, 34.9547729492, 43.5643882751, 97.3162155151, 40.0970611572, 14.8807296753, 14.1221752167, 3.2676846981, -1.8661005497], [-77.6649780273, 14.4545288086, 10.5433654785, 37.305847168, 27.1372795105, 17.6156463623, 15.6769237518, 40.0970611572, 101.732498169, 34.6259231567, 6.46602058411, 17.7773208618, 3.42260575294], [-18.902721405, 22.4069480896, -9.83222484589, 9.82895374298, 11.7058315277, 21.284286499, 34.5977859497, 14.8807296753, 34.6259231567, 72.5971069336, 26.7299823761, 4.93728542328, 6.58680963516], [26.7743625641, -19.5965080261, 2.55519032478, 0.564674258232, 5.58155822754, 21.2348690033, 25.1269798279, 14.1221752167, 6.46602058411, 26.7299823761, 67.1527328491, 25.1492214203, 6.50721359253], [47.0634307861, -14.7430534363, 43.7172470093, 47.1702232361, 32.6600341797, 14.2980976105, -0.63832628727, 3.2676846981, 17.7773208618, 4.93728542328, 25.1492214203, 77.8899917603, 31.3636264801], [112.020927429, -1.16681063175, 42.3703422546, 43.4167404175, 28.823425293, 15.5688304901, 14.121720314, -1.8661005497, 3.42260575294, 6.58680963516, 6.50721359253, 31.3636264801, 64.474029541]],
