{
"lowlevel": {
    "average_loudness": 0.888033330441,
    "barkbands_crest": {
        "dmean": 2.89909362793,
        "dmean2": 4.69814634323,
        "dvar": 6.65433168411,
        "dvar2": 16.3148937225,
        "max": 26.8964633942,
        "mean": 9.83342266083,
        "median": 9.04602432251,
        "min": 2.30630707741,
        "var": 17.4189720154
    },
    "barkbands_flatness_db": {
        "dmean": 0.020750220865,
        "dmean2": 0.0319621264935,
        "dvar": 0.000381825928343,
        "dvar2": 0.000902732019313,
        "max": 0.569674491882,
        "mean": 0.0989671424031,
        "median": 0.0949684530497,
        "min": 0.0161920599639,
        "var": 0.0015371897025
    },
    "barkbands_kurtosis": {
        "dmean": 2.65068292618,
        "dmean2": 4.19140100479,
        "dvar": 1138.05407715,
        "dvar2": 2966.64306641,
        "max": 2580.09814453,
        "mean": 3.07289814949,
        "median": 1.03455686569,
        "min": -1.94470405579,
        "var": 929.451843262
    },
    "barkbands_skewness": {
        "dmean": 0.501300811768,
        "dmean2": 0.762443959713,
        "dvar": 0.597127974033,
        "dvar2": 1.36159002781,
        "max": 49.9986038208,
        "mean": 1.15659546852,
        "median": 0.993117332458,
        "min": -4.27506494522,
        "var": 1.65251743793
    },
    "barkbands_spread": {
        "dmean": 7.4976849556,
        "dmean2": 11.491818428,
        "dvar": 80.065322876,
        "dvar2": 172.022598267,
        "max": 121.201660156,
        "mean": 29.5181083679,
        "median": 25.5300712585,
        "min": 0.215708106756,
        "var": 328.337860107
    },
    "dissonance": {
        "dmean": 0.0179261751473,
        "dmean2": 0.0305179059505,
        "dvar": 0.000336188706569,
        "dvar2": 0.000919303740375,
        "max": 0.5,
        "mean": 0.47029069066,
        "median": 0.477408409119,
        "min": 0.323216319084,
        "var": 0.000617292302195
    },
    "dynamic_complexity": 3.09810853004,
    "erbbands_crest": {
        "dmean": 2.71887755394,
        "dmean2": 4.4237279892,
        "dvar": 6.57824277878,
        "dvar2": 16.5572185516,
        "max": 30.5394878387,
        "mean": 9.07693099976,
        "median": 8.05148220062,
        "min": 2.18579030037,
        "var": 20.9546966553
    },
    "erbbands_flatness_db": {
        "dmean": 0.0160182435066,
        "dmean2": 0.0241755247116,
        "dvar": 0.000218719738768,
        "dvar2": 0.000478314555949,
        "max": 0.280638515949,
        "mean": 0.135637581348,
        "median": 0.130444869399,
        "min": 0.03981410712,
        "var": 0.00199970067479
    },
    "erbbands_kurtosis": {
        "dmean": 1.10732257366,
        "dmean2": 1.78031206131,
        "dvar": 2.54384422302,
        "dvar2": 6.04777050018,
        "max": 31.9168510437,
        "mean": 1.13255822659,
        "median": 0.279564380646,
        "min": -1.70134317875,
        "var": 6.76055908203
    },
    "erbbands_skewness": {
        "dmean": 0.37103331089,
        "dmean2": 0.56938958168,
        "dvar": 0.134326100349,
        "dvar2": 0.279338210821,
        "max": 4.62604284286,
        "mean": 0.452415943146,
        "median": 0.431705743074,
        "min": -4.97011041641,
        "var": 0.774160385132
    },
    "erbbands_spread": {
        "dmean": 8.1735458374,
        "dmean2": 12.541176796,
        "dvar": 90.5167388916,
        "dvar2": 199.085739136,
        "max": 133.917633057,
        "mean": 38.3558692932,
        "median": 33.925453186,
        "min": 3.81911420822,
        "var": 446.790374756
    },
    "hfc": {
        "dmean": 10.330862999,
        "dmean2": 14.4925470352,
        "dvar": 573.460021973,
        "dvar2": 997.878417969,
        "max": 814.664611816,
        "mean": 31.9726581573,
        "median": 20.8950366974,
        "min": 1.21812734587e-16,
        "var": 1856.92456055
    },
    "melbands_crest": {
        "dmean": 3.65790581703,
        "dmean2": 6.07629966736,
        "dvar": 10.0189886093,
        "dvar2": 26.1190032959,
        "max": 39.9826927185,
        "mean": 13.6667375565,
        "median": 12.8251066208,
        "min": 1.97944188118,
        "var": 26.8699645996
    },
    "melbands_flatness_db": {
        "dmean": 0.0255757365376,
        "dmean2": 0.0393807627261,
        "dvar": 0.000577934784815,
        "dvar2": 0.00134350988083,
        "max": 0.548695206642,
        "mean": 0.158261671662,
        "median": 0.152059644461,
        "min": 0.00610258756205,
        "var": 0.00256980932318
    },
    "melbands_kurtosis": {
        "dmean": 6.72254323959,
        "dmean2": 10.6663074493,
        "dvar": 3213.89428711,
        "dvar2": 8362.56835938,
        "max": 4298.06591797,
        "mean": 11.3518209457,
        "median": 4.60550308228,
        "min": -1.90946018696,
        "var": 2769.46362305
    },
    "melbands_skewness": {
        "dmean": 0.705049097538,
        "dmean2": 1.08797311783,
        "dvar": 1.10265469551,
        "dvar2": 2.56198525429,
        "max": 63.3944549561,
        "mean": 2.22244572639,
        "median": 1.85610973835,
        "min": -1.36459946632,
        "var": 3.60855674744
    },
    "melbands_spread": {
        "dmean": 9.84761238098,
        "dmean2": 15.1091146469,
        "dvar": 255.11428833,
        "dvar2": 470.827392578,
        "max": 322.394805908,
        "mean": 32.5736160278,
        "median": 26.848274231,
        "min": 0.200335308909,
        "var": 849.89666748
    },
    "pitch_salience": {
        "dmean": 0.072568193078,
        "dmean2": 0.117171421647,
        "dvar": 0.00444367388263,
        "dvar2": 0.0110372425988,
        "max": 0.954796373844,
        "mean": 0.555611550808,
        "median": 0.551726102829,
        "min": 0.0024816209916,
        "var": 0.0127077642828
    },
    "silence_rate_20dB": {
        "dmean": 0,
        "dmean2": 0,
        "dvar": 0,
        "dvar2": 0,
        "max": 1,
        "mean": 1,
        "median": 1,
        "min": 1,
        "var": 0
    },
    "silence_rate_30dB": {
        "dmean": 0.00140154163819,
        "dmean2": 0.00280341086909,
        "dvar": 0.00139954511542,
        "dvar2": 0.00372989242896,
        "max": 1,
        "mean": 0.999065756798,
        "median": 1,
        "min": 0,
        "var": 0.00093341700267
    },
    "silence_rate_60dB": {
        "dmean": 0.00934361107647,
        "dmean2": 0.0186894051731,
        "dvar": 0.00925565790385,
        "dvar2": 0.0225466582924,
        "max": 1,
        "mean": 0.0166997555643,
        "median": 0,
        "min": 0,
        "var": 0.0164197552949
    },
    "spectral_centroid": {
        "dmean": 278.485076904,
        "dmean2": 431.948883057,
        "dvar": 130900.46875,
        "dvar2": 253377.953125,
        "max": 10830.6894531,
        "mean": 1647.01818848,
        "median": 1603.89904785,
        "min": 225.226211548,
        "var": 535705
    },
    "spectral_complexity": {
        "dmean": 3.77902364731,
        "dmean2": 6.00747585297,
        "dvar": 16.8002605438,
        "dvar2": 38.6485061646,
        "max": 53,
        "mean": 19.9211730957,
        "median": 19,
        "min": 0,
        "var": 78.5108413696
    },
    "spectral_decrease": {
        "dmean": 1.84699022743e-09,
        "dmean2": 2.80478129611e-09,
        "dvar": 5.10093787389e-18,
        "dvar2": 1.09762905091e-17,
        "max": 7.60149502722e-29,
        "mean": -5.78855319233e-09,
        "median": -4.82618212061e-09,
        "min": -3.70790260718e-08,
        "var": 1.79260196518e-17
    },
    "spectral_energy": {
        "dmean": 0.00757917342708,
        "dmean2": 0.0114385094494,
        "dvar": 8.19239066914e-05,
        "dvar2": 0.000175112785655,
        "max": 0.155077651143,
        "mean": 0.0247474052012,
        "median": 0.0211670454592,
        "min": 1.0761859684e-20,
        "var": 0.000308707240038
    },
    "spectral_energyband_high": {
        "dmean": 0.000757617293857,
        "dmean2": 0.00105504982639,
        "dvar": 5.72797989662e-06,
        "dvar2": 9.89500404103e-06,
        "max": 0.0795590728521,
        "mean": 0.00171028322075,
        "median": 0.000772452622186,
        "min": 7.49956436126e-21,
        "var": 1.67494872585e-05
    },
    "spectral_energyband_low": {
        "dmean": 0.00320190773346,
        "dmean2": 0.00519493268803,
        "dvar": 2.58114905591e-05,
        "dvar2": 6.00096318522e-05,
        "max": 0.050132650882,
        "mean": 0.00605134526268,
        "median": 0.00378904608078,
        "min": 1.0277591631e-22,
        "var": 4.8988218623e-05
    },
    "spectral_energyband_middle_high": {
        "dmean": 0.00335050793365,
        "dmean2": 0.00505751837045,
        "dvar": 3.9240148908e-05,
        "dvar2": 8.57758350321e-05,
        "max": 0.142376318574,
        "mean": 0.00952018797398,
        "median": 0.00394043605775,
        "min": 1.61888939399e-21,
        "var": 0.000151875807205
    },
    "spectral_energyband_middle_low": {
        "dmean": 0.00371548673138,
        "dmean2": 0.00588605226949,
        "dvar": 3.77826581826e-05,
        "dvar2": 8.90485971468e-05,
        "max": 0.104765996337,
        "mean": 0.00816521607339,
        "median": 0.0052550942637,
        "min": 2.84982855635e-22,
        "var": 7.93408689788e-05
    },
    "spectral_entropy": {
        "dmean": 0.1436124295,
        "dmean2": 0.21014405787,
        "dvar": 0.0206799916923,
        "dvar2": 0.0423843376338,
        "max": 9.77900695801,
        "mean": 7.87219285965,
        "median": 7.86563110352,
        "min": 6.4659075737,
        "var": 0.121852532029
    },
    "spectral_flux": {
        "dmean": 0.021362034604,
        "dmean2": 0.0332307592034,
        "dvar": 0.000488031975692,
        "dvar2": 0.00103266211227,
        "max": 0.352894753218,
        "mean": 0.0901759713888,
        "median": 0.0863012894988,
        "min": 1.03739385138e-10,
        "var": 0.00176277209539
    },
    "spectral_kurtosis": {
        "dmean": 0.810561478138,
        "dmean2": 1.25090527534,
        "dvar": 0.636788725853,
        "dvar2": 1.55103611946,
        "max": 16.5157737732,
        "mean": 3.52787923813,
        "median": 3.46407222748,
        "min": -1.46716952324,
        "var": 3.73347878456
    },
    "spectral_rms": {
        "dmean": 0.000723441480659,
        "dmean2": 0.00107981124893,
        "dvar": 5.15295425885e-07,
        "dvar2": 1.04078981167e-06,
        "max": 0.0123002147302,
        "mean": 0.00460341572762,
        "median": 0.00454431260005,
        "min": 3.24027393458e-12,
        "var": 2.95238896797e-06
    },
    "spectral_rolloff": {
        "dmean": 683.196655273,
        "dmean2": 1114.54272461,
        "dvar": 1587756.25,
        "dvar2": 3033005.75,
        "max": 19293.75,
        "mean": 2104.01953125,
        "median": 1614.99023438,
        "min": 21.533203125,
        "var": 4508951
    },
    "spectral_skewness": {
        "dmean": 0.146050482988,
        "dmean2": 0.221589386463,
        "dvar": 0.021577084437,
        "dvar2": 0.0433617196977,
        "max": 3.04753232002,
        "mean": 1.55164539814,
        "median": 1.58545458317,
        "min": -0.329668045044,
        "var": 0.151273101568
    },
    "spectral_spread": {
        "dmean": 616193.3125,
        "dmean2": 874105.1875,
        "dvar": 597021294592,
        "dvar2": 976358735872,
        "max": 41789764,
        "mean": 5921766.5,
        "median": 5593943.5,
        "min": 2328094.25,
        "var": 3.80459496243e+12
    },
    "spectral_strongpeak": {
        "dmean": 0.791688203812,
        "dmean2": 1.32485318184,
        "dvar": 2.16448903084,
        "dvar2": 5.28604841232,
        "max": 33.1919021606,
        "mean": 1.36577486992,
        "median": 0.559445083141,
        "min": 0,
        "var": 3.57608509064
    },
    "zerocrossingrate": {
        "dmean": 0.0146137643605,
        "dmean2": 0.0163567084819,
        "dvar": 0.000396051618736,
        "dvar2": 0.000367657397874,
        "max": 0.5478515625,
        "mean": 0.0887791439891,
        "median": 0.0791015625,
        "min": 0,
        "var": 0.00290981819853
    },
    "barkbands": {
        "dmean": [0.000190573933651, 0.00254635582678, 0.00137879059184, 0.000668015039992, 0.00144700880628, 0.000720310898032, 0.000665062631015, 0.00051550992066, 0.00102910597343, 0.00180661445484, 0.000817447376903, 0.000640970480163, 0.000589182542171, 0.00044907303527, 0.000506925571244, 0.000329534406774, 0.000233386817854, 0.000246743496973, 0.000149193874677, 0.000159032075317, 8.85263434611e-05, 8.55258986121e-05, 9.18548103073e-05, 0.000175866764039, 0.000298644969007, 7.39816168789e-05, 1.28426781885e-05],
        "dmean2": [0.000323623768054, 0.00384195055813, 0.00227853958495, 0.0011701786425, 0.00230307877064, 0.00117489392869, 0.00109469541349, 0.000832832767628, 0.00164840614889, 0.00284590572119, 0.00130404240917, 0.0010350975208, 0.000907886133064, 0.000723644741811, 0.00081143679563, 0.000515078194439, 0.000364197185263, 0.000388613028917, 0.000238598513533, 0.000259258667938, 0.000147819126141, 0.000137735580211, 0.000138903866173, 0.000244432216277, 0.000426321814302, 0.000100505923911, 1.9911900381e-05],
        "dvar": [1.24804174106e-07, 1.99376136152e-05, 7.79364108894e-06, 2.35553557104e-06, 1.55529651238e-05, 5.89921546634e-06, 4.36796835857e-06, 4.46678996013e-06, 6.67904396323e-06, 2.60404522123e-05, 4.63574042442e-06, 3.89922070099e-06, 2.80679478237e-06, 1.01919226836e-06, 2.16717307921e-06, 7.92218429524e-07, 5.06600258632e-07, 2.41415278879e-07, 7.97605892444e-08, 8.470853885e-08, 4.33630447105e-08, 4.16151344496e-08, 6.50488090059e-08, 3.99299636911e-07, 2.71099224847e-06, 8.12397402683e-08, 7.24100468474e-09],
        "dvar2": [3.5201108517e-07, 4.50843581348e-05, 1.94086005649e-05, 6.64327080813e-06, 3.76201751351e-05, 1.50497808136e-05, 1.16152850751e-05, 1.07758787635e-05, 1.62382912094e-05, 6.16183388047e-05, 1.07770219984e-05, 9.02217561816e-06, 6.38796154817e-06, 2.46182389674e-06, 5.31480282007e-06, 1.80206200184e-06, 1.11766644295e-06, 5.24793335899e-07, 1.85797873087e-07, 2.05256796448e-07, 1.10915706841e-07, 9.44400113667e-08, 1.25777845028e-07, 6.93032006893e-07, 5.44097292732e-06, 1.45705215004e-07, 1.57103343668e-08],
        "max": [0.00951060466468, 0.0416415221989, 0.0299293566495, 0.0251171253622, 0.0833153799176, 0.0938884168863, 0.0751905962825, 0.0868127346039, 0.101342961192, 0.12644828856, 0.0525684468448, 0.072271861136, 0.050590980798, 0.019671311602, 0.037779700011, 0.0273459423333, 0.0219363830984, 0.0141810141504, 0.00843164883554, 0.00797208491713, 0.00584904616699, 0.00454658921808, 0.00976814888418, 0.026843868196, 0.0609621368349, 0.0144091751426, 0.00473183952272],
        "mean": [0.000225411960855, 0.00381201901473, 0.00157441827469, 0.000845838396344, 0.00250135106035, 0.00106536259409, 0.000927214161493, 0.000681503093801, 0.00164491846226, 0.00303007406183, 0.00129679520614, 0.00104053679388, 0.00101843290031, 0.000731252250262, 0.00075299886521, 0.00056933821179, 0.000402620993555, 0.000465855293442, 0.00030096527189, 0.000311558804242, 0.000159184404765, 0.000167263395269, 0.000198338268092, 0.00035441518412, 0.000513770908583, 0.000137976880069, 1.79680482688e-05],
        "median": [7.11823668098e-05, 0.0020936303772, 0.000599862774834, 0.000273074867437, 0.000530079065356, 0.000344642845448, 0.000328089430695, 0.000172238986124, 0.000464430573629, 0.000436300120782, 0.000222031158046, 0.000202633236768, 0.00021245998505, 0.000277853978332, 0.000294243567623, 0.000181833849638, 0.000165950143128, 0.000215382868191, 0.000156802270794, 0.000165133329574, 8.92194002517e-05, 8.53842502693e-05, 0.000101264900877, 0.000120249889733, 0.000132106142701, 4.90450729558e-05, 3.92385391024e-06],
        "min": [2.83772168715e-23, 1.47365701532e-23, 5.7224348718e-23, 2.0990351754e-23, 1.57423062762e-23, 2.38791004355e-23, 4.66490056403e-23, 1.25717417695e-22, 4.4243503683e-23, 2.74659720855e-23, 5.50084005699e-23, 8.94947109082e-23, 1.17219694428e-22, 7.21122933903e-23, 1.23936964943e-22, 2.17886865632e-22, 2.23390868074e-22, 2.0955519443e-22, 2.61183742539e-22, 4.14572835689e-22, 4.20521982874e-22, 4.43099358687e-22, 5.97594523178e-22, 8.83222704899e-22, 1.13213772923e-21, 1.56446511021e-21, 2.74145769771e-21],
        "var": [1.4988802377e-07, 2.93486154987e-05, 7.71200939198e-06, 2.43385875365e-06, 3.33635180141e-05, 7.68284371588e-06, 4.60596356788e-06, 5.75100466449e-06, 1.0673401448e-05, 5.52286473976e-05, 1.0577622561e-05, 7.93132585386e-06, 6.73433578413e-06, 1.73779324086e-06, 3.233799589e-06, 2.00037084142e-06, 9.49738591771e-07, 6.24365213753e-07, 2.01094934482e-07, 1.99213275209e-07, 5.87851012313e-08, 7.6638855262e-08, 1.43209433645e-07, 1.2588966456e-06, 5.77691844228e-06, 2.04015790928e-07, 8.95116958333e-09]
    },
    "erbbands": {
        "dmean": [0.0697969645262, 0.614406168461, 1.5970531702, 1.8050031662, 3.03828430176, 6.11781644821, 5.50731801987, 6.01817464828, 8.23909950256, 10.6811733246, 11.9781885147, 20.485874176, 41.7766418457, 52.9257583618, 23.2289772034, 23.0400676727, 23.5171337128, 18.7816543579, 25.3718585968, 19.3028392792, 18.4146938324, 12.1656627655, 12.6001586914, 9.9097661972, 5.83261823654, 7.28024673462, 5.40030241013, 2.95075416565, 2.96774983406, 2.56908035278, 2.69511413574, 3.46281862259, 3.31153392792, 4.20001029968, 1.61448550224, 0.530234515667, 0.101186513901, 0.0165613424033, 0.00252120033838, 8.25881434139e-05],
        "dmean2": [0.118963941932, 0.912793517113, 2.52630543709, 3.09559583664, 5.00614547729, 9.62189865112, 8.66573619843, 9.88805770874, 13.4609975815, 17.5251293182, 19.4184646606, 33.1353759766, 66.3887863159, 82.2332229614, 36.5717048645, 36.8303222656, 36.4303970337, 29.3928966522, 40.0064926147, 30.6763305664, 28.8125991821, 19.0585460663, 19.6573638916, 15.5912895203, 9.27928543091, 11.9155569077, 9.24019432068, 4.81042861938, 4.7995800972, 3.93764472008, 4.03870153427, 5.06297206879, 4.61605787277, 6.01095867157, 2.2742190361, 0.723889291286, 0.144623100758, 0.024226391688, 0.00393209327012, 0.000125559730805],
        "dvar": [0.0181960389018, 1.14796221256, 8.99786567688, 15.7140798569, 81.609336853, 322.960113525, 265.242706299, 552.692016602, 760.229431152, 1185.85266113, 2362.96289062, 3067.87573242, 10962.3251953, 23928.4902344, 3414.35009766, 4805.65283203, 3935.22875977, 1937.09387207, 5926.64013672, 2056.71850586, 2913.41503906, 864.558044434, 698.526245117, 329.533172607, 97.1956787109, 193.797622681, 202.938995361, 39.730632782, 49.6471633911, 39.5249671936, 59.1568183899, 135.910400391, 170.557907104, 729.178222656, 54.9574813843, 5.28265523911, 0.11127756536, 0.0053505608812, 0.000275941914879, 1.63879136039e-07],
        "dvar2": [0.0519901514053, 2.37785029411, 21.3776664734, 43.2083778381, 204.177383423, 774.430603027, 649.337341309, 1483.30419922, 1958.18078613, 3061.07104492, 5955.45751953, 7782.07373047, 27194.09375, 56209.5625, 8276.34375, 11123.4208984, 8947.17773438, 4500.18505859, 13689.0029297, 4997.51953125, 6626.78710938, 1867.90710449, 1536.76037598, 731.702575684, 219.843551636, 471.17791748, 562.188781738, 93.2470016479, 111.426063538, 77.010925293, 114.243080139, 250.244338989, 296.910797119, 1573.68359375, 102.343902588, 9.79226112366, 0.205628171563, 0.01124224253, 0.000581256055739, 3.37076613732e-07],
        "max": [1.37550830841, 10.0980730057, 32.7886734009, 58.7392616272, 276.525970459, 427.90246582, 532.629089355, 1081.5480957, 951.871948242, 1227.70874023, 2074.09375, 2030.90844727, 2992.57299805, 4484.90917969, 1877.56018066, 2415.88623047, 1773.23034668, 1129.91491699, 2243.56298828, 893.366699219, 1775.68493652, 699.353210449, 774.742980957, 516.817626953, 299.814758301, 414.448883057, 331.275054932, 181.777648926, 186.103546143, 223.57901001, 267.613342285, 446.376953125, 542.535583496, 1306.20654297, 263.433624268, 122.255134583, 13.2325153351, 3.87639403343, 0.922062158585, 0.020337542519],
        "mean": [0.086814314127, 0.918684780598, 2.06656193733, 2.42437362671, 4.69535684586, 10.1165180206, 8.57154941559, 8.78783512115, 11.7088603973, 15.2010583878, 17.3846549988, 33.2927093506, 72.0926055908, 94.8229064941, 42.2513389587, 41.6905441284, 45.2351951599, 35.2844429016, 42.3658790588, 32.9115447998, 33.1841278076, 23.338514328, 24.9734153748, 20.6798152924, 13.1430797577, 14.2037382126, 8.82348537445, 5.73667764664, 5.79922151566, 5.60523033142, 5.72904109955, 6.72041797638, 6.44555997849, 6.73672819138, 2.86881899834, 0.939800739288, 0.193479269743, 0.0290892142802, 0.00360561371781, 0.000144110905239],
        "median": [0.0459797047079, 0.452260732651, 0.923395454884, 1.05594289303, 1.2784075737, 1.87803936005, 2.7797396183, 2.99903178215, 4.07194185257, 5.03202772141, 5.96116876602, 10.1986122131, 16.4847412109, 15.0826396942, 10.1851863861, 9.5712184906, 10.7183485031, 14.1058301926, 16.1425094604, 15.5612697601, 10.291349411, 10.4063339233, 11.6196460724, 10.2607870102, 7.85134506226, 7.51592683792, 4.62480831146, 3.1359975338, 3.11805033684, 2.84870767593, 2.87712740898, 2.50070881844, 1.93889641762, 1.5531771183, 0.813164055347, 0.301507920027, 0.0735622346401, 0.0106608746573, 0.000809779099654, 6.13557276665e-05],
        "min": [8.46886130774e-22, 2.75492785739e-21, 4.37669889337e-20, 9.98756677031e-20, 2.91467590149e-20, 7.1315557457e-20, 5.68308623741e-20, 2.41997530165e-19, 7.6889844887e-19, 1.52223887119e-18, 2.31526757439e-18, 1.20532281746e-18, 8.5433322975e-19, 1.31007159356e-18, 2.16502634614e-18, 3.8304488372e-18, 4.76598514691e-18, 4.81061154096e-18, 5.11494204166e-18, 7.5237825617e-18, 1.20416147656e-17, 1.46866645678e-17, 9.83190763829e-18, 1.4771099856e-17, 1.66092341434e-17, 1.65199813553e-17, 1.46298240248e-17, 2.03935755197e-17, 1.49105426549e-17, 2.02621894599e-17, 1.51101545716e-17, 1.4924882658e-17, 1.58164940228e-17, 1.10177430111e-17, 8.08909847183e-18, 4.89653989017e-18, 3.06779865218e-18, 1.67493837682e-18, 3.65124113976e-19, 3.67773644564e-20],
        "var": [0.0181498918682, 1.80972385406, 10.7669830322, 15.5997695923, 147.734069824, 682.90032959, 433.745788574, 597.10760498, 843.363830566, 1536.70922852, 2687.17211914, 4540.42578125, 21654.5546875, 53294.296875, 8076.18847656, 10791.6806641, 11391.6445312, 3990.28466797, 10333.296875, 3440.72827148, 6772.53417969, 2062.88232422, 1882.4753418, 959.680114746, 261.285888672, 424.031616211, 215.40335083, 76.813293457, 92.8000335693, 89.3375320435, 132.359603882, 384.078369141, 524.913085938, 1259.34118652, 139.870391846, 12.5458469391, 0.286322265863, 0.00855019968003, 0.000352234957973, 2.34063563198e-07]
    },
    "gfcc": {
        "mean": [27.8769512177, 51.2115402222, -112.222465515, 19.6400566101, -53.6810112, 24.7616710663, -37.396232605, 19.9305610657, -25.8811092377, 4.88343143463, -16.9707450867, 0.845832705498, -9.79018115997],
        "cov": [[3429.87524414, -420.407318115, 178.600494385, 65.1369476318, 45.8194694519, 143.873748779, 7.05462789536, 46.2228660583, -78.2456359863, -9.13981056213, 10.5105571747, 84.1350479126, -0.391552686691], [-420.407318115, 1056.42712402, 292.878997803, 212.120788574, 120.368270874, -56.0447540283, 6.49859523773, -72.111114502, -16.5325088501, -11.7312116623, 44.6611289978, -40.9604682922, 45.5955963135], [178.600494385, 292.878997803, 1151.68457031, 578.288024902, 150.677642822, 61.2355690002, -172.559524536, -98.1968917847, -9.8345079422, 23.6901092529, 48.1144561768, -38.4831390381, 35.0574684143], [65.1369476318, 212.120788574, 578.288024902, 599.389709473, 140.560882568, 36.4477844238, -99.248916626, -59.2041435242, 36.269493103, 20.6178665161, 35.4232940674, -9.11539936066, 34.7779922485], [45.8194694519, 120.368270874, 150.677642822, 140.560882568, 190.406921387, 52.3027038574, 38.9438667297, -9.09834861755, 9.15246868134, 5.9661359787, 26.3642940521, 6.55020332336, 11.9640274048], [143.873748779, -56.0447540283, 61.2355690002, 36.4477844238, 52.3027038574, 206.326034546, 97.9434661865, 11.6306447983, -33.3046646118, 7.90118837357, 23.8508682251, 0.173618122935, -5.85550451279], [7.05462789536, 6.49859523773, -172.559524536, -99.248916626, 38.9438667297, 97.9434661865, 227.449462891, 35.9098777771, -16.8034191132, -6.39510154724, 13.177816391, 9.76676559448, -10.1923389435], [46.2228660583, -72.111114502, -98.1968917847, -59.2041435242, -9.09834861755, 11.6306447983, 35.9098777771, 118.522163391, 45.7488288879, 12.8137483597, -3.7702832222, 20.7420978546, 4.66554689407], [-78.2456359863, -16.5325088501, -9.8345079422, 36.269493103, 9.15246868134, -33.3046646118, -16.8034191132, 45.7488288879, 114.428764343, 29.8413410187, 9.41731929779, 10.8522615433, 7.7574467659], [-9.13981056213, -11.7312116623, 23.6901092529, 20.6178665161, 5.9661359787, 7.90118837357, -6.39510154724, 12.8137483597, 29.8413410187, 80.5796051025, 31.4911384583, 5.54115772247, -4.83641290665], [10.5105571747, 44.6611289978, 48.1144561768, 35.4232940674, 26.3642940521, 23.8508682251, 13.177816391, -3.7702832222, 9.41731929779, 31.4911384583, 79.8189926147, 23.9185466766, 9.859623909], [84.1350479126, -40.9604682922, -38.4831390381, -9.11539936066, 6.55020332336, 0.173618122935, 9.76676559448, 20.7420978546, 10.8522615433, 5.54115772247, 23.9185466766, 73.9451828003, 29.8914661407], [-0.391552686691, 45.5955963135, 35.0574684143, 34.7779922485, 11.9640274048, -5.85550451279, -10.1923389435, 4.66554689407, 7.7574467659, -4.83641290665, 9.859623909, 29.8914661407, 70.1032562256]],
        "icov": [[0.000339450518368, 0.000135563401273, -8.3811210061e-05, -2.65744693024e-05, -8.94508048077e-05, -0.000108498439658, 5.36854568054e-05, -0.000210977275856, 0.00033703490044, 4.23890087404e-05, 3.66428175766e-05, -0.000416863011196, 0.000135093010613], [0.000135563401273, 0.00137354910839, -0.000212251863559, -0.000216931497562, -0.000581263389904, 0.000969997083303, -0.000638122961391, 0.000139122086694, 0.000488966237754, 0.000250462733675, -0.000934630341362, 0.00118436396588, -0.00101104134228], [-8.3811210061e-05, -0.000212251863559, 0.00204938603565, -0.00149560987484, -0.000373136426788, -0.000716517795809, 0.00126801768783, 0.000157693488291, 0.000527446682099, -0.000155749832629, -0.000543976435438, 0.000938985787798, -0.000360599951819], [-2.65744693024e-05, -0.000216931497562, -0.00149560987484, 0.00392083730549, -0.00138492765836, -0.000709185318556, 0.00079574692063, 0.00108397274744, -0.0017964176368, 2.73507048405e-05, 0.000221868933295, -0.000254561629845, -0.00055755476933], [-8.94508048077e-05, -0.000581263389904, -0.000373136426788, -0.00138492765836, 0.00775821134448, -0.000977686839178, -0.00183603260666, 0.000435796391685, -0.0010577950161, 0.000345458596712, -0.00052731775213, -0.000911900599021, 0.00015344528947], [-0.000108498439658, 0.000969997083303, -0.000716517795809, -0.000709185318556, -0.000977686839178, 0.00841346755624, -0.00388216646388, -0.00142008147668, 0.00299700675532, -0.000824849004857, -0.00184521765914, 0.00151760154404, -0.000297790538752], [5.36854568054e-05, -0.000638122961391, 0.00126801768783, 0.00079574692063, -0.00183603260666, -0.00388216646388, 0.00809501111507, -0.00141211657319, 0.000351433933247, 0.00100452860352, -0.000840430846438, -0.000403909391025, 0.000967290368862], [-0.000210977275856, 0.000139122086694, 0.000157693488291, 0.00108397274744, 0.000435796391685, -0.00142008147668, -0.00141211657319, 0.0127908298746, -0.00588196888566, -0.00099599128589, 0.00240197055973, -0.00247726077214, -0.000657207565382], [0.00033703490044, 0.000488966237754, 0.000527446682099, -0.0017964176368, -0.0010577950161, 0.00299700675532, 0.000351433933247, -0.00588196888566, 0.0140770636499, -0.00375250191428, -0.00094481400447, 0.000426730170147, -0.000680990866385], [4.23890087404e-05, 0.000250462733675, -0.000155749832629, 2.73507048405e-05, 0.000345458596712, -0.000824849004857, 0.00100452860352, -0.00099599128589, -0.00375250191428, 0.0169460568577, -0.00688379118219, 0.000739632756449, 0.00222327467054], [3.66428175766e-05, -0.000934630341362, -0.000543976435438, 0.000221868933295, -0.00052731775213, -0.00184521765914, -0.000840430846438, 0.00240197055973, -0.00094481400447, -0.00688379118219, 0.0191365592182, -0.00700307544321, 0.000348125904566], [-0.000416863011196, 0.00118436396588, 0.000938985787798, -0.000254561629845, -0.000911900599021, 0.00151760154404, -0.000403909391025, -0.00247726077214, 0.000426730170147, 0.000739632756449, -0.00700307544321, 0.0217223204672, -0.00900087319314], [0.000135093010613, -0.00101104134228, -0.000360599951819, -0.00055755476933, 0.00015344528947, -0.000297790538752, 0.000967290368862, -0.000657207565382, -0.000680990866385, 0.00222327467054, 0.000348125904566, -0.00900087319314, 0.0195309370756]]
    },
    "melbands": {
        "dmean": [0.000663224025629, 0.000749593426008, 0.00032663156162, 0.000333333067829, 0.000208860757994, 0.000136503600515, 0.000127531995531, 0.000115305796498, 0.000103725811641, 0.000141806289321, 0.000224913776037, 0.000233872560784, 9.21519895201e-05, 6.77001589793e-05, 7.1488066169e-05, 4.86961544084e-05, 3.56318596459e-05, 4.41568190581e-05, 3.84360282624e-05, 2.18033801502e-05, 2.33898535953e-05, 1.44083114719e-05, 1.17500048873e-05, 1.28117999338e-05, 8.64324192662e-06, 5.32615877091e-06, 4.99191764902e-06, 5.41687131772e-06, 4.28925932283e-06, 1.94813082999e-06, 1.88595652162e-06, 1.92467769011e-06, 1.63595234426e-06, 1.56677185714e-06, 1.62089725109e-06, 1.87036152965e-06, 2.39475821218e-06, 2.25278085964e-06, 3.49570223079e-06, 3.67756888409e-06],
        "dmean2": [0.00104015925899, 0.00115748203825, 0.000550974160433, 0.000528037839103, 0.000326457899064, 0.000223359442316, 0.000209331017686, 0.000187911340618, 0.000167473757756, 0.000229028082686, 0.000358235731255, 0.000363393453881, 0.000144948848174, 0.000106896251964, 0.000113304420665, 7.47187150409e-05, 5.6414231949e-05, 6.98152871337e-05, 6.11609430052e-05, 3.43250685546e-05, 3.65314263036e-05, 2.27994678426e-05, 1.8616714442e-05, 2.00819231395e-05, 1.37514343805e-05, 8.47332648846e-06, 8.07397282188e-06, 8.96957317309e-06, 7.38755989005e-06, 3.21482639265e-06, 3.13968689625e-06, 3.18346724271e-06, 2.59628632193e-06, 2.43377212428e-06, 2.52341237683e-06, 2.84876841761e-06, 3.56218470188e-06, 3.25956693814e-06, 5.05065236212e-06, 5.38469294042e-06],
        "dvar": [1.44852663198e-06, 1.63530751252e-06, 4.96306711284e-07, 9.45435772337e-07, 3.0784266869e-07, 2.41899499542e-07, 1.7462296853e-07, 1.40556181805e-07, 1.30790695607e-07, 1.50084503048e-07, 3.18499388641e-07, 4.75421956025e-07, 5.5649554298e-08, 6.25501925811e-08, 5.34647490724e-08, 1.70514926623e-08, 7.11245018437e-09, 1.77564736248e-08, 1.20986687335e-08, 3.04451641675e-09, 5.43188605207e-09, 1.61175817137e-09, 7.52029161166e-10, 7.18099801844e-10, 2.74550521207e-10, 1.17536230748e-10, 6.83999454298e-11, 1.27019672558e-10, 1.30271751719e-10, 1.96857929263e-11, 1.76438325755e-11, 2.0906363446e-11, 1.45575652227e-11, 1.46626686487e-11, 1.84378554091e-11, 3.71725497605e-11, 7.23440959916e-11, 7.99929844586e-11, 3.77815501107e-10, 6.33738339584e-10],
        "dvar2": [3.67417578673e-06, 3.46195088241e-06, 1.33362232191e-06, 2.27908321904e-06, 7.50421065732e-07, 6.37547998394e-07, 4.568398424e-07, 3.4817006167e-07, 3.31069628601e-07, 3.740090051e-07, 7.86697285093e-07, 1.10837618195e-06, 1.32171081191e-07, 1.37104777309e-07, 1.27108137349e-07, 3.53296805145e-08, 1.68157043845e-08, 4.06617779447e-08, 2.95929254435e-08, 6.73014133312e-09, 1.20862893027e-08, 3.56298124338e-09, 1.62874413956e-09, 1.49147416639e-09, 6.18138429331e-10, 2.79219286581e-10, 1.59451576942e-10, 3.14405251833e-10, 3.62874480464e-10, 4.81096378013e-11, 4.35185255887e-11, 5.08408662392e-11, 3.06597525146e-11, 2.99490883482e-11, 3.71309580305e-11, 7.5124045873e-11, 1.37633918151e-10, 1.67380512228e-10, 8.72265371044e-10, 1.34208011371e-09],
        "max": [0.01220789738, 0.0149599835277, 0.0144510511309, 0.0222141500562, 0.0156705267727, 0.0218704715371, 0.0153431780636, 0.0136599391699, 0.0138269597664, 0.0158802084625, 0.0145094832405, 0.0194042995572, 0.00821990519762, 0.0110454065725, 0.00801980122924, 0.00423577660695, 0.00221863132901, 0.00331600825302, 0.00277184299193, 0.00149739475455, 0.00253541045822, 0.000992104411125, 0.00106054183561, 0.00108949292917, 0.00051576300757, 0.000433709647041, 0.000177434965735, 0.000333000905812, 0.000223649971304, 0.000144490521052, 0.000111156812636, 0.000106045445136, 0.000101940495369, 0.000153983448399, 0.000143778073834, 0.000191332423128, 0.000322708307067, 0.000401859026169, 0.000697198905982, 0.00130571296904],
        "mean": [0.000940569094382, 0.00117823411711, 0.000461743649794, 0.000558191910386, 0.000338740617735, 0.000201747388928, 0.000181169205462, 0.000162695447216, 0.000148402628838, 0.000226295669563, 0.000379732780857, 0.000411651359173, 0.000156432506628, 0.000110364147986, 0.00012313570187, 8.77517450135e-05, 6.10707211308e-05, 6.91731183906e-05, 5.71893651795e-05, 3.62443606718e-05, 3.84859777114e-05, 2.38433858613e-05, 2.16864318645e-05, 2.27259624808e-05, 1.64094253705e-05, 1.03455276985e-05, 9.68511267274e-06, 9.45346982917e-06, 6.31666898698e-06, 3.44203704117e-06, 3.32854779117e-06, 3.29288627654e-06, 3.2275556805e-06, 3.12646238854e-06, 3.24300754073e-06, 3.49170818481e-06, 4.37897915617e-06, 4.17290038968e-06, 5.57289786229e-06, 5.6968356148e-06],
        "median": [0.000527690222953, 0.000596283527557, 0.000210217316635, 0.000117409821542, 0.00010153761832, 6.83699763613e-05, 6.4660096541e-05, 4.99452617078e-05, 4.64228724013e-05, 5.98345432081e-05, 7.65991280787e-05, 5.59495347261e-05, 3.19735045196e-05, 1.93631458387e-05, 2.41739526246e-05, 2.20024630835e-05, 2.32019701798e-05, 2.21698246605e-05, 2.28206536121e-05, 1.40927731991e-05, 1.07454325189e-05, 9.9936096376e-06, 9.41280450206e-06, 1.03152506199e-05, 7.65357890486e-06, 5.5357754718e-06, 5.49317201148e-06, 4.53855136584e-06, 3.00207193504e-06, 1.97226654564e-06, 1.60875276833e-06, 1.67163989317e-06, 1.63109382356e-06, 1.53284747739e-06, 1.59091894147e-06, 1.54752933668e-06, 1.41095165418e-06, 1.25965743791e-06, 1.3276548998e-06, 1.26068221107e-06],
        "min": [6.60386071564e-24, 1.68534673483e-23, 1.43095234576e-23, 3.36363111352e-24, 2.3079366266e-24, 5.36650950883e-24, 1.10771296109e-23, 1.98912602538e-23, 1.57669455577e-23, 7.46161678801e-24, 3.99273388037e-24, 4.80047459363e-24, 7.88699109849e-24, 6.67369068297e-24, 1.22327548279e-23, 1.19503520901e-23, 8.39062356621e-24, 6.95537003525e-24, 1.05876343194e-23, 1.4490500771e-23, 1.16592332283e-23, 1.69546150936e-23, 8.1625481013e-24, 1.00062201664e-23, 1.22997693506e-23, 1.08331759536e-23, 1.43013571695e-23, 1.0481156241e-23, 9.20846643223e-24, 8.26004342057e-24, 1.31174646997e-23, 9.46628510872e-24, 7.1297224948e-24, 1.26825333393e-23, 8.51316127493e-24, 9.12465784966e-24, 8.08813800755e-24, 1.1458019266e-23, 9.62972288879e-24, 9.61767146074e-24],
        "var": [1.83247652785e-06, 2.68663916358e-06, 5.33517720669e-07, 1.98420343622e-06, 5.60252260584e-07, 2.81669542801e-07, 1.87051981015e-07, 1.96937875785e-07, 1.58001085993e-07, 2.24801965487e-07, 6.44567364816e-07, 1.05176650322e-06, 1.30645872787e-07, 1.24213713093e-07, 1.29210036448e-07, 4.86999489624e-08, 1.29935111559e-08, 3.09511243302e-08, 1.76117254114e-08, 7.73557573552e-09, 1.14395781736e-08, 2.93385338246e-09, 1.96590943524e-09, 1.70374725439e-09, 7.07099045982e-10, 2.47780601592e-10, 1.62019814232e-10, 2.50915926925e-10, 1.39811107136e-10, 2.83269015883e-11, 3.01199273856e-11, 3.26473396928e-11, 3.00946351173e-11, 3.02790709172e-11, 3.86172552269e-11, 8.13352440954e-11, 1.96052965529e-10, 2.01475169881e-10, 7.08638148161e-10, 1.02136921143e-09]
    },
    "mfcc": {
        "mean": [-619.478515625, 93.1762390137, -0.783138871193, 4.81625127792, 8.47002410889, 1.20871257782, 7.20285892487, 6.40267038345, 3.30965590477, 6.6154384613, -0.0979594066739, -3.35828375816, -1.33766973019],
        "cov": [[2573.73388672, -467.683044434, -45.9097709656, -76.9378585815, -3.3172314167, 35.5577888489, 92.0720291138, 106.909088135, 5.06960725784, -7.56635713577, -0.459257155657, -33.3453140259, 12.4600973129], [-467.683044434, 835.76763916, 91.943397522, 133.390853882, 41.3647193909, 17.3421001434, 52.487033844, -25.1628246307, -39.5625953674, 28.1481208801, -30.4372463226, -32.0267868042, 20.3546600342], [-45.9097709656, 91.943397522, 967.354858398, 428.576324463, 374.629211426, 163.87550354, 22.2434387207, -87.1256256104, -34.8136520386, -21.5506820679, -34.1571578979, 29.4023590088, 32.6737670898], [-76.9378585815, 133.390853882, 428.576324463, 473.962615967, 261.232574463, 100.380531311, -21.1344146729, -40.6850357056, -1.34318995476, -16.0169258118, -30.4106407166, 35.3249816895, 44.7542648315], [-3.3172314167, 41.3647193909, 374.629211426, 261.232574463, 311.461669922, 76.9673461914, -15.719119072, -35.8986778259, -6.51872873306, -5.06011390686, -23.1606521606, 20.1904163361, 39.0223045349], [35.5577888489, 17.3421001434, 163.87550354, 100.380531311, 76.9673461914, 196.782287598, 109.268501282, 16.7365264893, -10.9413099289, 9.51915931702, 5.61982011795, 1.32351410389, 7.67707443237], [92.0720291138, 52.487033844, 22.2434387207, -21.1344146729, -15.719119072, 109.268501282, 192.093902588, 55.721118927, -7.03510141373, 18.8374900818, 8.38537406921, -9.74333381653, -1.17237377167], [106.909088135, -25.1628246307, -87.1256256104, -40.6850357056, -35.8986778259, 16.7365264893, 55.721118927, 119.191223145, 36.7292785645, 13.9276618958, 7.86381149292, -0.911171197891, -0.05056264624], [5.06960725784, -39.5625953674, -34.8136520386, -1.34318995476, -6.51872873306, -10.9413099289, -7.03510141373, 36.7292785645, 86.8186340332, 20.8522033691, 6.05416584015, 6.7169084549, 0.10969094187], [-7.56635713577, 28.1481208801, -21.5506820679, -16.0169258118, -5.06011390686, 9.51915931702, 18.8374900818, 13.9276618958, 20.8522033691, 78.2707214355, 28.1659412384, 0.529048800468, 5.98621463776], [-0.459257155657, -30.4372463226, -34.1571578979, -30.4106407166, -23.1606521606, 5.61982011795, 8.38537406921, 7.86381149292, 6.05416584015, 28.1659412384, 73.3833312988, 27.1369304657, 8.18354320526], [-33.3453140259, -32.0267868042, 29.4023590088, 35.3249816895, 20.1904163361, 1.32351410389, -9.74333381653, -0.911171197891, 6.7169084549, 0.529048800468, 27.1369304657, 71.3221054077, 24.6524848938], [12.4600973129, 20.3546600342, 32.6737670898, 44.7542648315, 39.0223045349, 7.67707443237, -1.17237377167, -0.05056264624, 0.10969094187, 5.98621463776, 8.18354320526, 24.6524848938, 72.9417877197]],
