{
"lowlevel": {
    "average_loudness": 0.789682865143,
    "barkbands_crest": {
        "dmean": 3.21380138397,
        "dmean2": 5.28861856461,
        "dvar": 7.62506246567,
        "dvar2": 19.7189350128,
        "max": 26.6068286896,
        "mean": 10.3567123413,
        "median": 9.43298149109,
        "min": 2.4006125927,
        "var": 21.7689723969
    },
    "barkbands_flatness_db": {
        "dmean": 0.0229256842285,
        "dmean2": 0.0347044020891,
        "dvar": 0.000436162634287,
        "dvar2": 0.000975671166088,
        "max": 0.37286272645,
        "mean": 0.11385975033,
        "median": 0.106167167425,
        "min": 0.018717713654,
        "var": 0.00236272392794
    },
    "barkbands_kurtosis": {
        "dmean": 2.22448563576,
        "dmean2": 3.4647693634,
        "dvar": 17.003988266,
        "dvar2": 37.9967041016,
        "max": 91.0194473267,
        "mean": 2.48324298859,
        "median": 0.787526607513,
        "min": -1.89401292801,
        "var": 36.3272590637
    },
    "barkbands_skewness": {
        "dmean": 0.545677542686,
        "dmean2": 0.827091634274,
        "dvar": 0.294040650129,
        "dvar2": 0.64513361454,
        "max": 9.57051753998,
        "mean": 1.00920319557,
        "median": 0.887618780136,
        "min": -7.89584350586,
        "var": 1.18870282173
    },
    "barkbands_spread": {
        "dmean": 7.79335832596,
        "dmean2": 11.5564756393,
        "dvar": 76.8990097046,
        "dvar2": 153.944946289,
        "max": 121.553901672,
        "mean": 26.2266769409,
        "median": 22.4250068665,
        "min": 0.869807481766,
        "var": 291.371520996
    },
    "dissonance": {
        "dmean": 0.0217153169215,
        "dmean2": 0.0371248796582,
        "dvar": 0.000495450105518,
        "dvar2": 0.00136040407233,
        "max": 0.5,
        "mean": 0.468903720379,
        "median": 0.47827154398,
        "min": 0.238628163934,
        "var": 0.000876749458257
    },
    "dynamic_complexity": 3.24297189713,
    "erbbands_crest": {
        "dmean": 3.47771048546,
        "dmean2": 5.64323759079,
        "dvar": 10.1491746902,
        "dvar2": 25.1576690674,
        "max": 31.9803256989,
        "mean": 10.613699913,
        "median": 9.30813217163,
        "min": 2.17345762253,
        "var": 29.4893302917
    },
    "erbbands_flatness_db": {
        "dmean": 0.0237586144358,
        "dmean2": 0.0340648368001,
        "dvar": 0.000533363083377,
        "dvar2": 0.00100090762135,
        "max": 0.373673409224,
        "mean": 0.166760221124,
        "median": 0.16366790235,
        "min": 0.0326601490378,
        "var": 0.00372100248933
    },
    "erbbands_kurtosis": {
        "dmean": 1.53870403767,
        "dmean2": 2.36450219154,
        "dvar": 8.35820770264,
        "dvar2": 16.9043598175,
        "max": 113.279594421,
        "mean": 1.79038953781,
        "median": 0.570632219315,
        "min": -1.74912238121,
        "var": 23.9636192322
    },
    "erbbands_skewness": {
        "dmean": 0.451426118612,
        "dmean2": 0.683277845383,
        "dvar": 0.192715093493,
        "dvar2": 0.404782176018,
        "max": 8.58908081055,
        "mean": 0.68841034174,
        "median": 0.618746995926,
        "min": -5.57325029373,
        "var": 0.907044649124
    },
    "erbbands_spread": {
        "dmean": 7.9965634346,
        "dmean2": 11.980679512,
        "dvar": 84.2345428467,
        "dvar2": 179.179229736,
        "max": 132.438171387,
        "mean": 30.6386413574,
        "median": 25.431022644,
        "min": 1.34770584106,
        "var": 350.751251221
    },
    "hfc": {
        "dmean": 12.7381954193,
        "dmean2": 17.7906990051,
        "dvar": 296.748687744,
        "dvar2": 581.866394043,
        "max": 369.817016602,
        "mean": 30.9514656067,
        "median": 23.2865829468,
        "min": 1.12101687135e-16,
        "var": 783.089904785
    },
    "melbands_crest": {
        "dmean": 4.00151634216,
        "dmean2": 6.49516868591,
        "dvar": 11.8915834427,
        "dvar2": 30.5515174866,
        "max": 39.6323165894,
        "mean": 13.7958927155,
        "median": 12.8967075348,
        "min": 1.98014736176,
        "var": 33.7195358276
    },
    "melbands_flatness_db": {
        "dmean": 0.0264392178506,
        "dmean2": 0.0401394255459,
        "dvar": 0.000529646931682,
        "dvar2": 0.00122100580484,
        "max": 0.385955423117,
        "mean": 0.15631210804,
        "median": 0.14959050715,
        "min": 0.00593914045021,
        "var": 0.00309219397604
    },
    "melbands_kurtosis": {
        "dmean": 5.21500730515,
        "dmean2": 8.2597694397,
        "dvar": 83.1759567261,
        "dvar2": 200.616729736,
        "max": 177.412063599,
        "mean": 8.24917602539,
        "median": 3.709836483,
        "min": -1.89048326015,
        "var": 197.96496582
    },
    "melbands_skewness": {
        "dmean": 0.730763316154,
        "dmean2": 1.11755228043,
        "dvar": 0.582311689854,
        "dvar2": 1.3175150156,
        "max": 12.7952890396,
        "mean": 1.79095387459,
        "median": 1.44565939903,
        "min": -2.94515395164,
        "var": 2.39129590988
    },
    "melbands_spread": {
        "dmean": 9.84085559845,
        "dmean2": 15.2448348999,
        "dvar": 206.261566162,
        "dvar2": 412.820983887,
        "max": 326.763641357,
        "mean": 31.1491260529,
        "median": 27.2387733459,
        "min": 1.27277135849,
        "var": 570.839660645
    },
    "pitch_salience": {
        "dmean": 0.0769337937236,
        "dmean2": 0.124197617173,
        "dvar": 0.00447048991919,
        "dvar2": 0.0111629692838,
        "max": 0.913470745087,
        "mean": 0.564567267895,
        "median": 0.569005131721,
        "min": 0.0179091636091,
        "var": 0.0162564795464
    },
    "silence_rate_20dB": {
        "dmean": 0,
        "dmean2": 0,
        "dvar": 0,
        "dvar2": 0,
        "max": 1,
        "mean": 1,
        "median": 1,
        "min": 1,
        "var": 0
    },
    "silence_rate_30dB": {
        "dmean": 0.000732511281967,
        "dmean2": 0.00146520149428,
        "dvar": 0.000731930718757,
        "dvar2": 0.001951278653,
        "max": 1,
        "mean": 0.99951171875,
        "median": 1,
        "min": 0,
        "var": 0.000488042831421
    },
    "silence_rate_60dB": {
        "dmean": 0.052984982729,
        "dmean2": 0.105982907116,
        "dvar": 0.0501779802144,
        "dvar2": 0.117214784026,
        "max": 1,
        "mean": 0.0794677734375,
        "median": 0,
        "min": 0,
        "var": 0.0731520056725
    },
    "spectral_centroid": {
        "dmean": 269.376495361,
        "dmean2": 416.376495361,
        "dvar": 112288.203125,
        "dvar2": 216441.6875,
        "max": 10950.0224609,
        "mean": 1752.33630371,
        "median": 1682.05541992,
        "min": 317.627746582,
        "var": 365208.34375
    },
    "spectral_complexity": {
        "dmean": 4.55109262466,
        "dmean2": 6.51452970505,
        "dvar": 20.1708927155,
        "dvar2": 37.614982605,
        "max": 51,
        "mean": 19.0144042969,
        "median": 18,
        "min": 0,
        "var": 85.7369384766
    },
    "spectral_decrease": {
        "dmean": 2.19401763424e-09,
        "dmean2": 3.33190541824e-09,
        "dvar": 7.16452644114e-18,
        "dvar2": 1.51832062002e-17,
        "max": -1.39409052915e-28,
        "mean": -5.56746604374e-09,
        "median": -4.41973213583e-09,
        "min": -3.79944715689e-08,
        "var": 2.21935387306e-17
    },
    "spectral_energy": {
        "dmean": 0.00917299650609,
        "dmean2": 0.013794131577,
        "dvar": 0.000121412704175,
        "dvar2": 0.000252972880844,
        "max": 0.156509265304,
        "mean": 0.0238202996552,
        "median": 0.0194250252098,
        "min": 1.06941197311e-20,
        "var": 0.000381417747121
    },
    "spectral_energyband_high": {
        "dmean": 0.000794136896729,
        "dmean2": 0.00111163896509,
        "dvar": 2.03393778975e-06,
        "dvar2": 4.10752954849e-06,
        "max": 0.0339702814817,
        "mean": 0.00131072371732,
        "median": 0.000479826005176,
        "min": 7.60217918586e-21,
        "var": 4.0117761273e-06
    },
    "spectral_energyband_low": {
        "dmean": 0.00363720813766,
        "dmean2": 0.00581469899043,
        "dvar": 5.19568056916e-05,
        "dvar2": 0.000117690353363,
        "max": 0.0616609081626,
        "mean": 0.00596479466185,
        "median": 0.000502476235852,
        "min": 2.63225450246e-23,
        "var": 0.000103943719296
    },
    "spectral_energyband_middle_high": {
        "dmean": 0.00422579050064,
        "dmean2": 0.00619130488485,
        "dvar": 4.9672788009e-05,
        "dvar2": 0.000105817271105,
        "max": 0.153655573726,
        "mean": 0.0106596602127,
        "median": 0.00567294796929,
        "min": 1.73524377743e-21,
        "var": 0.000166503843502
    },
    "spectral_energyband_middle_low": {
        "dmean": 0.0037050023675,
        "dmean2": 0.00590340327471,
        "dvar": 3.44470427081e-05,
        "dvar2": 8.60445506987e-05,
        "max": 0.0907010212541,
        "mean": 0.00650627817959,
        "median": 0.0039423732087,
        "min": 4.05920760742e-22,
        "var": 6.09315575275e-05
    },
    "spectral_entropy": {
        "dmean": 0.170131668448,
        "dmean2": 0.23224671185,
        "dvar": 0.0242896638811,
        "dvar2": 0.0442244969308,
        "max": 9.80975914001,
        "mean": 7.77781677246,
        "median": 7.81021404266,
        "min": 5.96669244766,
        "var": 0.14389076829
    },
    "spectral_flux": {
        "dmean": 0.0264919493347,
        "dmean2": 0.0406626351178,
        "dvar": 0.000826193834655,
        "dvar2": 0.00178909371607,
        "max": 0.347600758076,
        "mean": 0.0909768417478,
        "median": 0.0851491689682,
        "min": 1.03412375885e-10,
        "var": 0.00219915062189
    },
    "spectral_kurtosis": {
        "dmean": 1.17223286629,
        "dmean2": 1.79493331909,
        "dvar": 1.29264044762,
        "dvar2": 3.10194826126,
        "max": 18.2042865753,
        "mean": 4.43295526505,
        "median": 4.22939443588,
        "min": -1.57586741447,
        "var": 5.33586597443
    },
    "spectral_rms": {
        "dmean": 0.000924003252294,
        "dmean2": 0.00133987434674,
        "dvar": 9.27784583382e-07,
        "dvar2": 1.73420869487e-06,
        "max": 0.0123568587005,
        "mean": 0.00437910947949,
        "median": 0.00435330253094,
        "min": 3.23005988276e-12,
        "var": 4.06272465625e-06
    },
    "spectral_rolloff": {
        "dmean": 917.939697266,
        "dmean2": 1501.5670166,
        "dvar": 2849100.75,
        "dvar2": 5756088.5,
        "max": 18712.3535156,
        "mean": 2483.39599609,
        "median": 1787.25585938,
        "min": 21.533203125,
        "var": 5664804
    },
    "spectral_skewness": {
        "dmean": 0.173616886139,
        "dmean2": 0.259112715721,
        "dvar": 0.0267761331052,
        "dvar2": 0.0566209293902,
        "max": 3.30917453766,
        "mean": 1.68422436714,
        "median": 1.69352507591,
        "min": -0.581849396229,
        "var": 0.130616366863
    },
    "spectral_spread": {
        "dmean": 810474.5625,
        "dmean2": 1088961.25,
        "dvar": 1.08258623488e+12,
        "dvar2": 1.70769239245e+12,
        "max": 39255624,
        "mean": 5417390.5,
        "median": 4820021.5,
        "min": 2017193.75,
        "var": 4.5886120919e+12
    },
    "spectral_strongpeak": {
        "dmean": 0.923565983772,
        "dmean2": 1.52075242996,
        "dvar": 1.67390930653,
        "dvar2": 4.13470315933,
        "max": 14.6041107178,
        "mean": 1.62646102905,
        "median": 0.827273011208,
        "min": 0,
        "var": 3.51124835014
    },
    "zerocrossingrate": {
        "dmean": 0.0180451255292,
        "dmean2": 0.0201053228229,
        "dvar": 0.000530749850441,
        "dvar2": 0.000596245401539,
        "max": 0.63525390625,
        "mean": 0.0951548814774,
        "median": 0.08251953125,
        "min": 0,
        "var": 0.00290903518908
    },
    "barkbands": {
        "dmean": [0.000238927372266, 0.00290006073192, 0.000871153140906, 0.000330698821926, 0.000411140499637, 0.000370931229554, 0.000350424699718, 0.000419286923716, 0.00231206859462, 0.00217235670425, 0.00140457600355, 0.000693749461789, 0.000758268928621, 0.000523122667801, 0.000416163355112, 0.00022056006128, 0.000299968349282, 0.00026054616319, 0.000222553368076, 0.000102166748547, 7.4773124652e-05, 7.02369070495e-05, 5.52655546926e-05, 0.000266349612502, 0.00016033409338, 0.000207893215702, 2.77243907476e-05],
        "dmean2": [0.00034056144068, 0.0046572345309, 0.00151309533976, 0.000554247410037, 0.00067569228122, 0.000606733956374, 0.000572730379645, 0.000690819812007, 0.003813510295, 0.0034296461381, 0.00219852710143, 0.00107569270767, 0.0012032239465, 0.000815961451735, 0.000647137698252, 0.000350040063495, 0.00047662248835, 0.000407212937716, 0.000340633647284, 0.000155494039063, 0.000114432259579, 9.47440566961e-05, 8.30182762002e-05, 0.000404861959396, 0.000237674757955, 0.000308554561343, 3.95109527744e-05],
        "dvar": [4.15094859818e-07, 3.35543045367e-05, 4.1460830289e-06, 4.35746613903e-07, 6.25503957963e-07, 5.02877639974e-07, 1.20741333376e-06, 1.29475574795e-06, 2.38863176492e-05, 3.35796685249e-05, 1.8516126147e-05, 2.64780078396e-06, 2.17644060285e-06, 1.1403234339e-06, 1.02499234345e-06, 2.23767145258e-07, 2.48922702895e-07, 1.77213237862e-07, 1.88849980987e-07, 3.25190114836e-08, 1.66947842217e-08, 1.42033114159e-08, 1.05454018851e-08, 3.81414196227e-07, 4.26985053537e-07, 2.15639005319e-07, 4.90327201064e-09],
        "dvar2": [9.43914926665e-07, 7.54305292503e-05, 1.10921246232e-05, 1.19736967008e-06, 1.6417536699e-06, 1.25598523937e-06, 2.97780889014e-06, 3.21842662743e-06, 6.27382323728e-05, 7.90332487668e-05, 4.23133678851e-05, 6.34196021565e-06, 5.38411723028e-06, 2.5479996566e-06, 2.31223839364e-06, 5.33112256562e-07, 6.18754938841e-07, 4.2856677851e-07, 4.16738174636e-07, 7.44107779838e-08, 4.03688140693e-08, 2.39971029714e-08, 2.48944829195e-08, 8.48197430514e-07, 9.67491132542e-07, 4.87454315135e-07, 1.05035100617e-08],
        "max": [0.0243661701679, 0.0576543584466, 0.020338350907, 0.0096025057137, 0.0091606406495, 0.0111826807261, 0.0477506779134, 0.0248039159924, 0.0745310559869, 0.148682579398, 0.104908131063, 0.0334992967546, 0.0242777206004, 0.0199284758419, 0.0240655932575, 0.0154027687386, 0.0101329479367, 0.00737300235778, 0.0103911822662, 0.00339271291159, 0.00350994965993, 0.00183663563803, 0.00297489273362, 0.0181243401021, 0.0286101661623, 0.00639517745003, 0.000662593229208],
        "mean": [0.000349965237547, 0.00446466216817, 0.00093040621141, 0.00041661481373, 0.000586306967307, 0.000497626315337, 0.000436128117144, 0.000495863670949, 0.003199840663, 0.00322117703035, 0.00222079036757, 0.00106570147909, 0.00123476306908, 0.000806924479548, 0.000640042359009, 0.000342669227393, 0.000540930195712, 0.000506746408064, 0.000444948527729, 0.000189835991478, 0.000122685203678, 0.000119870404887, 9.04008047655e-05, 0.000424403609941, 0.000220566173084, 0.000220971865929, 2.94518613373e-05],
        "median": [9.07451612875e-06, 0.000311257259455, 8.27588955872e-05, 6.15985190962e-05, 0.000210555430385, 0.000205689546419, 0.000122425466543, 0.000150595151354, 0.00103686284274, 0.000517306674737, 0.000277944025584, 0.000241245055804, 0.000430449959822, 0.000286381691694, 0.000184275209904, 0.000156466761837, 0.000272531236988, 0.000279413012322, 0.000226893957006, 9.80798649834e-05, 6.25575339654e-05, 4.27999038948e-05, 4.29436331615e-05, 9.78781317826e-05, 5.04726704094e-05, 2.42089354288e-05, 1.28934743771e-06],
        "min": [8.13660798815e-24, 1.51072038277e-23, 3.02861352277e-24, 2.66423886786e-23, 2.18831782157e-23, 7.98273277998e-23, 6.96931220512e-23, 4.94119089193e-23, 1.44953267065e-22, 4.00697984057e-23, 5.50085772747e-23, 1.14547538552e-22, 2.0738205303e-22, 1.23046044369e-22, 1.51996520149e-22, 1.90790919798e-22, 2.74432541536e-22, 2.48213354645e-22, 1.86433744407e-22, 4.80893747765e-22, 4.10484163307e-22, 4.18091862146e-22, 7.94532575316e-22, 8.2951220771e-22, 1.33153945077e-21, 1.54440810082e-21, 2.05816006361e-21],
        "var": [7.75776015871e-07, 6.66670530336e-05, 4.11983273807e-06, 6.33124443539e-07, 8.94398567652e-07, 6.55367159652e-07, 1.80618599188e-06, 1.62018375249e-06, 3.71142778022e-05, 7.04901030986e-05, 4.24299651058e-05, 5.41232157047e-06, 4.67158542961e-06, 2.42339342549e-06, 2.15175828089e-06, 3.56196835583e-07, 5.49419610252e-07, 4.2716433768e-07, 4.42346106411e-07, 7.56132862989e-08, 3.04524050421e-08, 3.42019745858e-08, 1.83545356691e-08, 6.62223101244e-07, 6.30905049093e-07, 2.49900182325e-07, 5.91803761552e-09]
    },
    "erbbands": {
        "dmean": [0.108351886272, 0.61153459549, 1.03595757484, 1.06603717804, 1.00076138973, 1.63004291058, 2.04759407043, 3.40228247643, 4.73240613937, 5.87686872482, 14.1027107239, 49.4903106689, 62.4859809875, 71.0267562866, 38.7692489624, 27.367067337, 32.4806137085, 27.6286811829, 21.7217159271, 14.9301071167, 12.2535505295, 15.6928462982, 14.2491550446, 11.9425554276, 8.4556016922, 4.60604572296, 3.23707199097, 2.64513421059, 2.34720039368, 2.34788298607, 1.60049009323, 5.00300979614, 3.69701814651, 1.543197155, 1.28367543221, 0.697100758553, 0.519329786301, 0.0598828196526, 0.00578491110355, 0.000195118831471],
        "dmean2": [0.171948701143, 0.984878718853, 1.77937042713, 1.83787167072, 1.65072703362, 2.68542098999, 3.28616547585, 5.577439785, 7.70514965057, 9.68246841431, 23.3833560944, 81.7873306274, 98.8595046997, 110.639610291, 59.1553230286, 41.2851676941, 50.6427650452, 42.7327537537, 33.4276580811, 23.0835533142, 18.952545166, 24.4093647003, 21.9980335236, 18.1805400848, 12.6208248138, 6.93526411057, 4.91957712173, 4.0442032814, 3.26274704933, 3.39551234245, 2.37696361542, 7.62642049789, 5.61495685577, 2.27674221992, 1.90488278866, 1.02434551716, 0.782196342945, 0.0876502096653, 0.00848861131817, 0.000282958644675],
        "dvar": [0.0485352873802, 1.72633194923, 6.60305118561, 4.40866613388, 4.28144168854, 9.86490440369, 17.9366855621, 45.4468727112, 235.969268799, 268.442047119, 1287.25378418, 12921.5058594, 22502.5351562, 38630.90625, 10429.0615234, 3603.70776367, 4326.140625, 2900.45874023, 2478.25292969, 1565.60266113, 569.529968262, 675.278869629, 510.477264404, 426.843719482, 287.013824463, 67.4924468994, 25.9244422913, 25.0236263275, 14.5289020538, 17.9808979034, 6.85527801514, 118.238121033, 97.0747299194, 43.5545921326, 31.3040523529, 3.28587341309, 1.27515983582, 0.0251651592553, 0.00022467233066, 1.74195093905e-07],
        "dvar2": [0.115410402417, 3.96230959892, 17.6015892029, 12.2347211838, 11.3800792694, 25.9723434448, 43.6257400513, 113.159851074, 549.303527832, 680.322875977, 3299.61425781, 35108.921875, 53740.7070312, 89647.5546875, 23151.1425781, 8136.58935547, 10622.5009766, 6769.97070312, 5433.47070312, 3496.66650391, 1322.47998047, 1658.00561523, 1212.35449219, 941.465515137, 613.914245605, 152.669677734, 59.6789550781, 61.9618415833, 26.6817378998, 36.0353851318, 15.8985137939, 263.184692383, 218.553222656, 98.9602279663, 73.0345687866, 7.16196584702, 2.98123717308, 0.0565097853541, 0.000511716294568, 3.92780606262e-07],
        "max": [2.46380257607, 14.33177948, 25.9425258636, 32.057762146, 32.1807670593, 47.2463531494, 103.055809021, 125.084365845, 812.749816895, 446.145446777, 734.389099121, 2232.19311523, 3370.49389648, 5106.81347656, 2470.66357422, 1272.69702148, 1214.74682617, 1253.30297852, 1302.83825684, 1608.75109863, 876.514648438, 566.089294434, 348.91494751, 472.929626465, 484.217559814, 176.78187561, 99.8097839355, 144.023254395, 47.3163757324, 86.5491638184, 51.3724441528, 242.899627686, 384.147003174, 193.194168091, 284.729675293, 55.5819969177, 14.6824016571, 1.33657336235, 0.145974770188, 0.00599568942562],
        "mean": [0.152788296342, 0.889300525188, 1.24950957298, 1.32488679886, 1.34792411327, 2.2735581398, 2.92760133743, 4.37530088425, 5.97166490555, 7.43868494034, 18.7338981628, 67.9379730225, 94.2123031616, 116.854370117, 64.9932327271, 46.6313323975, 56.1040458679, 46.3685112, 36.5170898438, 24.82954216, 21.6329441071, 30.7226200104, 29.385679245, 24.9912033081, 17.5978126526, 9.00909328461, 5.88071727753, 4.1134557724, 3.9979493618, 3.86083054543, 2.66317868233, 8.06264686584, 5.88290929794, 2.29156708717, 1.63843643665, 0.806372404099, 0.535421848297, 0.0590952970088, 0.00598895829171, 0.000234413484577],
        "median": [0.00912527181208, 0.0614848509431, 0.102870903909, 0.183210998774, 0.324931800365, 0.777254462242, 1.1269466877, 1.73255968094, 1.79833698273, 2.6915140152, 6.09628629684, 21.9662857056, 28.7875213623, 16.526758194, 14.9374456406, 14.1174545288, 21.8211231232, 20.6166229248, 12.7803153992, 8.9304895401, 11.0450839996, 16.0322532654, 15.8902320862, 14.2554588318, 8.84630775452, 4.84941959381, 3.25450372696, 1.93777251244, 1.52778410912, 1.39302444458, 1.28291463852, 1.95905697346, 1.51461791992, 0.64173913002, 0.314832121134, 0.142825186253, 0.0370173379779, 0.00346871907823, 0.00029450256261, 4.52961176052e-05],
        "min": [3.26524876749e-22, 3.54670368569e-21, 5.58218878193e-21, 4.15690731109e-20, 9.91506762079e-20, 7.57001640032e-20, 3.84449689724e-19, 6.31251510736e-19, 1.30956111973e-18, 6.08642131355e-19, 1.01819719211e-18, 3.12578649466e-18, 2.61141291614e-18, 1.7361987526e-18, 2.42589284836e-18, 5.69622253762e-18, 1.04078139418e-17, 6.39195463826e-18, 6.64363757452e-18, 8.56822216214e-18, 1.24494288697e-17, 1.58639791531e-17, 1.25495309587e-17, 1.0627808416e-17, 1.20312923787e-17, 2.41563307907e-17, 2.05281859295e-17, 1.66720932525e-17, 1.47436920536e-17, 1.92029300916e-17, 2.21804659682e-17, 1.96032524209e-17, 1.34719804439e-17, 1.52281667753e-17, 8.63485735074e-18, 5.79354778131e-18, 2.95403484817e-18, 9.91688535019e-19, 2.88430538369e-19, 3.32007001112e-20],
        "var": [0.0849305093288, 3.28375530243, 7.01243162155, 5.7741689682, 5.90173196793, 14.6483306885, 26.7465019226, 58.3927574158, 403.431030273, 327.666015625, 1725.89355469, 18630.3984375, 39734.4648438, 89631.2109375, 24384.859375, 8071.09960938, 9455.18847656, 6389.32958984, 5063.38378906, 3490.64770508, 1092.71264648, 1665.10778809, 1391.14208984, 1057.71386719, 741.76739502, 165.323944092, 54.6146888733, 41.6028556824, 33.6922988892, 35.3009567261, 14.0498981476, 213.506713867, 149.762039185, 66.8687057495, 41.8823356628, 4.33125782013, 1.40451681614, 0.0272804275155, 0.000248278869549, 2.16496474081e-07]
    },
    "gfcc": {
        "mean": [6.72644662857, 41.1330528259, -133.386108398, 4.82639026642, -56.6375694275, 23.5779075623, -34.2559318542, 24.257818222, -26.9382076263, -0.0954857096076, -14.233537674, 1.57787954807, -11.5808725357],
        "cov": [[4486.59912109, -242.837722778, 787.8984375, 156.141036987, 391.633972168, 140.078491211, 234.131668091, 4.79850101471, 69.175994873, -0.235908001661, 31.6910839081, 107.962615967, -56.4888305664], [-242.837722778, 1089.76074219, 228.967300415, 453.143859863, 230.005859375, 166.812637329, 101.963226318, -13.3645067215, 15.4903621674, -21.5527267456, 73.0600662231, -17.2802505493, 53.4216842651], [787.8984375, 228.967300415, 1758.30834961, 646.808898926, 502.546813965, 287.735626221, 106.257804871, -29.0378761292, 99.8453445435, 95.2276382446, 4.73082733154, 112.016456604, -26.0683040619], [156.141036987, 453.143859863, 646.808898926, 701.79675293, 299.158752441, 145.997177124, 12.6115579605, -0.283888310194, 86.0079727173, 53.9326477051, 43.6458778381, 21.9577083588, 32.5289878845], [391.633972168, 230.005859375, 502.546813965, 299.158752441, 373.65637207, 151.179779053, 90.4192581177, 0.568603813648, 25.3040180206, 25.624256134, 50.8846244812, 39.5866928101, 1.69797062874], [140.078491211, 166.812637329, 287.735626221, 145.997177124, 151.179779053, 298.190765381, 134.567962646, 16.7200698853, 11.8987531662, -10.1100378036, 32.2791137695, 8.58887672424, 5.06935167313], [234.131668091, 101.963226318, 106.257804871, 12.6115579605, 90.4192581177, 134.567962646, 199.099853516, 34.7635498047, 1.26102137566, -23.8842754364, 24.0859909058, 25.519618988, 2.12545704842], [4.79850101471, -13.3645067215, -29.0378761292, -0.283888310194, 0.568603813648, 16.7200698853, 34.7635498047, 137.687133789, 57.6267127991, 1.45626211166, 9.34340667725, -10.7168531418, 3.66026830673], [69.175994873, 15.4903621674, 99.8453445435, 86.0079727173, 25.3040180206, 11.8987531662, 1.26102137566, 57.6267127991, 163.137741089, 66.2068862915, -17.3775405884, -5.9977312088, 7.61990833282], [-0.235908001661, -21.5527267456, 95.2276382446, 53.9326477051, 25.624256134, -10.1100378036, -23.8842754364, 1.45626211166, 66.2068862915, 120.706710815, 11.7777471542, 6.01439189911, 3.5537879467], [31.6910839081, 73.0600662231, 4.73082733154, 43.6458778381, 50.8846244812, 32.2791137695, 24.0859909058, 9.34340667725, -17.3775405884, 11.7777471542, 106.131065369, 22.9590835571, 0.701448142529], [107.962615967, -17.2802505493, 112.016456604, 21.9577083588, 39.5866928101, 8.58887672424, 25.519618988, -10.7168531418, -5.9977312088, 6.01439189911, 22.9590835571, 79.2452697754, 21.6013965607], [-56.4888305664, 53.4216842651, -26.0683040619, 32.5289878845, 1.69797062874, 5.06935167313, 2.12545704842, 3.66026830673, 7.61990833282, 3.5537879467, 0.701448142529, 21.6013965607, 79.3860244751]],
        "icov": [[0.00028532629949, 0.000150550578837, -6.95604394423e-05, 2.14874421545e-06, -0.000261316919932, 0.000151904125232, -0.000343374122167, 0.000145845173392, -0.00021231577557, 0.000204482435947, -9.04616754269e-05, -4.67234640382e-05, 0.000101093326521], [0.000150550578837, 0.00166641641408, 0.000167921331013, -0.00107052025851, -0.000385328603443, 7.08359511918e-05, -0.00101332936902, 0.00069644395262, -0.00022324504971, 0.000687321124133, -0.000798201770522, 0.00121825432871, -0.000855512858834], [-6.95604394423e-05, 0.000167921331013, 0.00147669087164, -0.000929170113523, -0.000953845563345, -0.000777749053668, 0.000195901622646, 9.442546434e-05, 4.46004269179e-05, -0.000644547923002, 0.00133832113352, -0.00187413452659, 0.00128632131964], [2.14874421545e-06, -0.00107052025851, -0.000929170113523, 0.00375745538622, -0.00126163871028, -0.000310273520881, 0.00164752069395, -5.67019596929e-05, -0.00114692910574, 0.000139498486533, -0.000763512216508, 0.000604718865361, -0.00117149436846], [-0.000261316919932, -0.000385328603443, -0.000953845563345, -0.00126163871028, 0.00624457746744, -0.000646305503324, -0.00115542311687, -3.655641558e-05, 0.000525434792507, -0.000503875373397, -0.00142242631409, -0.000299595529214, 0.000283643137664], [0.000151904125232, 7.08359511918e-05, -0.000777749053668, -0.000310273520881, -0.000646305503324, 0.00634246645495, -0.00390258128755, 0.000488708494231, -0.000287154922262, 0.000853216741234, -0.0013974000467, 0.0025629256852, -0.00107273866888], [-0.000343374122167, -0.00101332936902, 0.000195901622646, 0.00164752069395, -0.00115542311687, -0.00390258128755, 0.00978968758136, -0.00235645915382, -1.20910744954e-05, 0.000917502155062, 0.0004640572879, -0.00338759785518, 0.000825052033179], [0.000145845173392, 0.00069644395262, 9.442546434e-05, -5.67019596929e-05, -3.655641558e-05, 0.000488708494231, -0.00235645915382, 0.0103076919913, -0.0049199424684, 0.00239467830397, -0.00259832269512, 0.00243217032403, -0.00102704099845], [-0.00021231577557, -0.00022324504971, 4.46004269179e-05, -0.00114692910574, 0.000525434792507, -0.000287154922262, -1.20910744954e-05, -0.0049199424684, 0.0114061729982, -0.00623628450558, 0.00352980243042, -5.23261078342e-05, -0.000114578477223], [0.000204482435947, 0.000687321124133, -0.000644547923002, 0.000139498486533, -0.000503875373397, 0.000853216741234, 0.000917502155062, 0.00239467830397, -0.00623628450558, 0.0129471691325, -0.00361981615424, 0.000777637236752, -0.000925129745156], [-9.04616754269e-05, -0.000798201770522, 0.00133832113352, -0.000763512216508, -0.00142242631409, -0.0013974000467, 0.0004640572879, -0.00259832269512, 0.00352980243042, -0.00361981615424, 0.0136358020827, -0.00550140067935, 0.00265184021555], [-4.67234640382e-05, 0.00121825432871, -0.00187413452659, 0.000604718865361, -0.000299595529214, 0.0025629256852, -0.00338759785518, 0.00243217032403, -5.23261078342e-05, 0.000777637236752, -0.00550140067935, 0.0202672816813, -0.00739097734913], [0.000101093326521, -0.000855512858834, 0.00128632131964, -0.00117149436846, 0.000283643137664, -0.00107273866888, 0.000825052033179, -0.00102704099845, -0.000114578477223, -0.000925129745156, 0.00265184021555, -0.00739097734913, 0.0162745453417]]
    },
    "melbands": {
        "dmean": [0.000869442883413, 0.000612337200437, 0.000177519206773, 9.22328617889e-05, 7.01051176293e-05, 7.58521055104e-05, 7.16495196684e-05, 6.55529001961e-05, 0.000146986451, 0.000337159348419, 0.000320527353324, 0.000298291997751, 0.000162852637004, 8.05511590443e-05, 7.72716230131e-05, 7.23252742318e-05, 5.31052755832e-05, 3.78975346393e-05, 3.00270476146e-05, 1.59462688316e-05, 1.58139137056e-05, 1.73585231096e-05, 1.77119291038e-05, 1.21260909509e-05, 1.05239087134e-05, 8.34440834296e-06, 4.58965951111e-06, 3.01958425553e-06, 2.24726954912e-06, 1.96469818547e-06, 1.45586534472e-06, 1.22866003949e-06, 1.98578754862e-06, 1.19741059734e-06, 8.52983873756e-07, 1.06379047793e-06, 4.73450290883e-06, 3.67647658095e-06, 1.26376221488e-06, 1.37569634262e-06],
        "dmean2": [0.00137982564047, 0.00101177964825, 0.000302292319247, 0.00015270349104, 0.000112225658086, 0.000124494181364, 0.00011658170115, 0.000108333231765, 0.000246322044404, 0.000556031358428, 0.000506187498104, 0.000467365054647, 0.000250127050094, 0.00012266667909, 0.000120328513731, 0.00011397034541, 8.20629284135e-05, 5.83932414884e-05, 4.68870748591e-05, 2.53677353612e-05, 2.47210919042e-05, 2.7345129638e-05, 2.80827061943e-05, 1.89403344848e-05, 1.62683318194e-05, 1.27113526105e-05, 6.907734587e-06, 4.64828963231e-06, 3.47352988683e-06, 3.0766348118e-06, 2.24251971304e-06, 1.90262278466e-06, 2.6029476885e-06, 1.80812185135e-06, 1.29679960992e-06, 1.64870209574e-06, 7.2849152275e-06, 5.68827726966e-06, 1.91481285583e-06, 2.08443429983e-06],
        "dvar": [2.89680019705e-06, 2.06992285712e-06, 1.15204841222e-07, 3.44446391409e-08, 1.82386745706e-08, 2.23512017783e-08, 5.03321047063e-08, 3.21658184532e-08, 1.52732667402e-07, 5.36109610039e-07, 5.97464065777e-07, 7.0157443588e-07, 2.27181288892e-07, 4.05229165779e-08, 2.68681912274e-08, 2.14547881683e-08, 1.2037038033e-08, 7.70061348021e-09, 5.94687543654e-09, 1.69041802778e-09, 9.57839141336e-10, 9.38611299794e-10, 9.12519615426e-10, 4.26522178687e-10, 3.54305501604e-10, 2.55672538696e-10, 8.6798492005e-11, 2.84102689291e-11, 1.21063350317e-11, 1.53177193152e-11, 7.77500373111e-12, 4.0960195305e-12, 1.4805484963e-11, 5.42579306137e-12, 1.92460001928e-12, 5.21817962104e-12, 1.24510735056e-10, 9.31803731397e-11, 1.77232829107e-11, 4.67830531259e-11],
        "dvar2": [6.63391574562e-06, 5.19948525834e-06, 3.10963827133e-07, 9.23552576637e-08, 4.46730368253e-08, 5.5828554224e-08, 1.1995281568e-07, 8.01112349791e-08, 4.10630235592e-07, 1.41384361996e-06, 1.42582734952e-06, 1.62900460055e-06, 5.08345522121e-07, 9.85220438565e-08, 6.26252827374e-08, 5.35332702611e-08, 2.72028195525e-08, 1.71534431104e-08, 1.34632847093e-08, 3.92197829768e-09, 2.23875074035e-09, 2.32936447908e-09, 2.31774066606e-09, 1.03353092751e-09, 7.99533772522e-10, 5.64019775329e-10, 1.92129409604e-10, 6.50572165584e-11, 2.79469277581e-11, 3.83602281884e-11, 1.89458587707e-11, 9.88239611671e-12, 2.61933894713e-11, 1.24439443125e-11, 4.48280128296e-12, 1.27557478469e-11, 2.79269274372e-10, 2.17912424216e-10, 3.86891768622e-11, 1.10636701189e-10],
        "max": [0.0163283422589, 0.0135015361011, 0.00458733318374, 0.00230468995869, 0.00322097656317, 0.00251360493712, 0.0112154763192, 0.0045114653185, 0.00879450980574, 0.0138536775485, 0.0165287349373, 0.0231613963842, 0.0134229259565, 0.00477212807164, 0.004075050354, 0.00291415397078, 0.00219911080785, 0.00216135359369, 0.00179240189027, 0.00117634271737, 0.000870238814969, 0.000718473049346, 0.000558863219339, 0.000439437542809, 0.000418271200033, 0.000386485335184, 0.000221854075789, 0.000106384301034, 6.4272149757e-05, 9.68414969975e-05, 9.41603502724e-05, 4.21953445766e-05, 4.78599322378e-05, 6.93080000929e-05, 2.71545068244e-05, 7.76969827712e-05, 0.000203016054002, 0.0003326953738, 0.000187841782463, 0.000207047109143],
        "mean": [0.00131189089734, 0.000856361817569, 0.00022906329832, 0.000128882791614, 0.000103473452327, 9.88885585684e-05, 9.05914494069e-05, 8.09424891486e-05, 0.000189533064258, 0.000462436233647, 0.000473349471577, 0.000478693575133, 0.00026148345205, 0.000124059908558, 0.000127884108224, 0.000114065922389, 8.21930079837e-05, 5.83747423661e-05, 4.54662149423e-05, 2.35555180552e-05, 2.56059847743e-05, 3.05949070025e-05, 3.22685227729e-05, 2.2819645892e-05, 2.01464517886e-05, 1.58060793183e-05, 8.68092229211e-06, 5.27476095158e-06, 3.8428197513e-06, 2.96276289191e-06, 2.11762539948e-06, 1.89547733953e-06, 2.94605183626e-06, 1.78401205631e-06, 1.33954108605e-06, 1.65784899764e-06, 7.35325147616e-06, 5.56160739507e-06, 1.87582463695e-06, 1.88147259905e-06],
        "median": [9.10813105293e-05, 6.70963636367e-05, 3.54552903445e-05, 4.16156544816e-05, 4.27147533628e-05, 3.96460163756e-05, 2.76108185062e-05, 2.8363414458e-05, 4.95119202242e-05, 0.000149282306666, 0.000121626158943, 5.44189606444e-05, 4.17605042458e-05, 2.8636701245e-05, 3.49688634742e-05, 4.48550927103e-05, 3.08735543513e-05, 1.83620504686e-05, 1.33399062179e-05, 9.43286340771e-06, 1.25980786834e-05, 1.55769957928e-05, 1.49735660671e-05, 1.24928092191e-05, 1.08262847789e-05, 7.51285051592e-06, 3.95597271563e-06, 2.70120608548e-06, 2.08596884477e-06, 1.33605090014e-06, 9.46673594626e-07, 7.89223349784e-07, 8.08376512396e-07, 7.0419991971e-07, 6.10152028457e-07, 7.55477003622e-07, 1.33319349516e-06, 1.21536186271e-06, 6.49366029393e-07, 4.55726592463e-07],
        "min": [3.47808181466e-24, 3.65950838438e-24, 1.01704523294e-23, 5.50535021144e-24, 1.08321038917e-23, 1.61493521924e-23, 1.72507250784e-23, 7.08867332874e-24, 7.79529390687e-24, 2.27216000961e-23, 1.31340189458e-23, 6.51155136795e-24, 7.7945831432e-24, 1.17463400383e-23, 2.23976133446e-23, 1.71372805693e-23, 1.13840824888e-23, 9.37028310314e-24, 1.18681306957e-23, 1.29906466317e-23, 1.34697494696e-23, 1.70437910857e-23, 1.32047608363e-23, 1.031877869e-23, 8.28639374139e-24, 8.18625258264e-24, 8.98177778479e-24, 1.82489528233e-23, 1.60188603992e-23, 6.20038952262e-24, 1.16920624637e-23, 8.92507604064e-24, 6.62476789621e-24, 1.31126408152e-23, 1.38491773655e-23, 9.92925495222e-24, 1.28460602607e-23, 7.90134442266e-24, 1.19651179886e-23, 1.31971932936e-23],
        "var": [5.55815086045e-06, 2.97956785289e-06, 1.58033941489e-07, 4.65336995603e-08, 2.80830381172e-08, 2.87776895647e-08, 8.15471992155e-08, 4.05685085525e-08, 2.07397704344e-07, 8.02110662335e-07, 1.08252561404e-06, 1.623068556e-06, 5.226162898e-07, 8.21847763177e-08, 6.15204456267e-08, 4.06092119931e-08, 2.54061074401e-08, 1.48495242769e-08, 1.27119479387e-08, 2.75681899531e-09, 1.70865499527e-09, 1.93244131808e-09, 2.07151096276e-09, 9.11521469416e-10, 7.75740915948e-10, 6.15381245961e-10, 2.0913577814e-10, 6.09854111655e-11, 2.44284384388e-11, 2.33922794329e-11, 1.28755148904e-11, 7.34581666328e-12, 3.08290129536e-11, 8.28905607347e-12, 3.75102076136e-12, 8.8897205569e-12, 2.18931386908e-10, 1.38191055821e-10, 2.90157880362e-11, 6.39188077467e-11]
    },
    "mfcc": {
        "mean": [-637.338500977, 88.0602645874, -20.6206378937, -7.60903501511, 1.74157106876, -7.18144655228, 8.81368350983, 11.7442340851, 0.520701289177, 5.4781703949, 1.11881172657, 0.933152198792, -9.4884595871],
        "cov": [[3217.36425781, -111.692451477, 90.5504684448, 127.516540527, 88.3642349243, 127.7628479, 124.666740417, 142.594024658, 41.3368988037, 73.2790145874, 9.39588069916, 25.1308326721, 15.4046592712], [-111.692451477, 645.235534668, 206.299789429, 214.690826416, 155.284881592, 180.67628479, 146.065536499, 79.1964187622, 18.9346065521, 12.1069507599, 16.0680007935, 40.2526779175, -3.30170989037], [90.5504684448, 206.299789429, 1082.29467773, 452.807159424, 421.308197021, 361.835571289, 129.835662842, 83.2026901245, 120.023933411, 28.2861690521, 51.6398963928, 82.8593444824, 54.9664497375], [127.516540527, 214.690826416, 452.807159424, 560.011291504, 329.656280518, 192.496231079, 49.9377365112, 24.2400760651, 43.4437866211, 34.8264045715, 16.5541763306, 51.3600654602, 36.181224823], [88.3642349243, 155.284881592, 421.308197021, 329.656280518, 394.52053833, 192.160186768, 92.6726837158, 48.2702407837, 44.2843551636, 50.5301437378, 33.6604652405, 45.9776420593, 19.4375667572], [127.7628479, 180.67628479, 361.835571289, 192.496231079, 192.160186768, 320.131561279, 133.417358398, 57.8806419373, 55.0313453674, 15.9319868088, 18.4905719757, 35.0672454834, 10.0594978333], [124.666740417, 146.065536499, 129.835662842, 49.9377365112, 92.6726837158, 133.417358398, 256.836425781, 116.519714355, -22.210018158, -9.72581863403, 16.869342804, 18.8561477661, -15.6777601242], [142.594024658, 79.1964187622, 83.2026901245, 24.2400760651, 48.2702407837, 57.8806419373, 116.519714355, 164.717193604, 33.1071434021, 9.43340492249, 11.4054841995, 13.1928939819, -4.24445915222], [41.3368988037, 18.9346065521, 120.023933411, 43.4437866211, 44.2843551636, 55.0313453674, -22.210018158, 33.1071434021, 148.890426636, 60.0844116211, 6.47545909882, 11.1989221573, 18.8625297546], [73.2790145874, 12.1069507599, 28.2861690521, 34.8264045715, 50.5301437378, 15.9319868088, -9.72581863403, 9.43340492249, 60.0844116211, 112.42830658, 35.2149391174, 14.4041557312, 4.63817310333], [9.39588069916, 16.0680007935, 51.6398963928, 16.5541763306, 33.6604652405, 18.4905719757, 16.869342804, 11.4054841995, 6.47545909882, 35.2149391174, 88.0242004395, 37.6371154785, -0.292728900909], [25.1308326721, 40.2526779175, 82.8593444824, 51.3600654602, 45.9776420593, 35.0672454834, 18.8561477661, 13.1928939819, 11.1989221573, 14.4041557312, 37.6371154785, 88.0025634766, 28.3526935577], [15.4046592712, -3.30170989037, 54.9664497375, 36.181224823, 19.4375667572, 10.0594978333, -15.6777601242, -4.24445915222, 18.8625297546, 4.63817310333, -0.292728900909, 28.3526935577, 82.702255249]],
