{
"lowlevel": {
    "average_loudness": 0.955918431282,
    "barkbands_crest": {
        "dmean": 2.7526216507,
        "dmean2": 4.48087835312,
        "dvar": 6.45741271973,
        "dvar2": 16.1864929199,
        "max": 26.8598594666,
        "mean": 9.65411949158,
        "median": 9.00181770325,
        "min": 2.15109419823,
        "var": 16.1534080505
    },
    "barkbands_flatness_db": {
        "dmean": 0.0193335860968,
        "dmean2": 0.0295318514109,
        "dvar": 0.000337002362357,
        "dvar2": 0.00073968723882,
        "max": 0.491843491793,
        "mean": 0.0997195094824,
        "median": 0.0964471250772,
        "min": 0.0201853550971,
        "var": 0.00140546355397
    },
    "barkbands_kurtosis": {
        "dmean": 1.84682738781,
        "dmean2": 2.92022418976,
        "dvar": 108.776000977,
        "dvar2": 276.095916748,
        "max": 755.999694824,
        "mean": 1.83178699017,
        "median": 0.308855175972,
        "min": -1.95684945583,
        "var": 100.462478638
    },
    "barkbands_skewness": {
        "dmean": 0.465885818005,
        "dmean2": 0.710983991623,
        "dvar": 0.33803537488,
        "dvar2": 0.751379787922,
        "max": 27.2533092499,
        "mean": 1.10246384144,
        "median": 0.964742183685,
        "min": -5.41045999527,
        "var": 1.0925052166
    },
    "barkbands_spread": {
        "dmean": 6.81783771515,
        "dmean2": 10.2011585236,
        "dvar": 59.4861488342,
        "dvar2": 116.476547241,
        "max": 122.289176941,
        "mean": 32.1048545837,
        "median": 29.4918041229,
        "min": 0.729482829571,
        "var": 283.111541748
    },
    "dissonance": {
        "dmean": 0.013995135203,
        "dmean2": 0.0236242339015,
        "dvar": 0.000231378551689,
        "dvar2": 0.000619920960162,
        "max": 0.500000119209,
        "mean": 0.475911229849,
        "median": 0.48144865036,
        "min": 0.226405918598,
        "var": 0.000442437070888
    },
    "dynamic_complexity": 2.44835305214,
    "erbbands_crest": {
        "dmean": 2.61911010742,
        "dmean2": 4.20239782333,
        "dvar": 6.94482660294,
        "dvar2": 16.0627670288,
        "max": 30.9420261383,
        "mean": 8.9656457901,
        "median": 7.33412647247,
        "min": 2.12803554535,
        "var": 24.7830085754
    },
    "erbbands_flatness_db": {
        "dmean": 0.0159315746278,
        "dmean2": 0.0230720881373,
        "dvar": 0.000231463593082,
        "dvar2": 0.00044505376718,
        "max": 0.308487504721,
        "mean": 0.134291991591,
        "median": 0.128857254982,
        "min": 0.0354059822857,
        "var": 0.00196622661315
    },
    "erbbands_kurtosis": {
        "dmean": 0.867077171803,
        "dmean2": 1.34954023361,
        "dvar": 1.4000171423,
        "dvar2": 3.01817774773,
        "max": 24.0228977203,
        "mean": 0.6935967803,
        "median": 0.10957467556,
        "min": -1.73830246925,
        "var": 4.41449785233
    },
    "erbbands_skewness": {
        "dmean": 0.325882643461,
        "dmean2": 0.49569350481,
        "dvar": 0.0989862829447,
        "dvar2": 0.202324345708,
        "max": 3.85753822327,
        "mean": 0.10822468251,
        "median": 0.00911890901625,
        "min": -4.33832502365,
        "var": 0.67147397995
    },
    "erbbands_spread": {
        "dmean": 7.91104412079,
        "dmean2": 11.963599205,
        "dvar": 82.018661499,
        "dvar2": 176.443756104,
        "max": 153.190628052,
        "mean": 38.406993866,
        "median": 35.8056716919,
        "min": 4.23686218262,
        "var": 352.879699707
    },
    "hfc": {
        "dmean": 10.1064281464,
        "dmean2": 14.0474920273,
        "dvar": 260.808288574,
        "dvar2": 480.36138916,
        "max": 424.453155518,
        "mean": 35.6942863464,
        "median": 29.0772666931,
        "min": 1.10655834981e-16,
        "var": 868.930908203
    },
    "melbands_crest": {
        "dmean": 3.34563374519,
        "dmean2": 5.53683805466,
        "dvar": 9.30192089081,
        "dvar2": 25.0064239502,
        "max": 39.9382247925,
        "mean": 14.3388214111,
        "median": 13.9259567261,
        "min": 2.40529942513,
        "var": 27.0475902557
    },
    "melbands_flatness_db": {
        "dmean": 0.0241186078638,
        "dmean2": 0.0365523099899,
        "dvar": 0.00052762858104,
        "dvar2": 0.00115159153938,
        "max": 0.466577380896,
        "mean": 0.15900503099,
        "median": 0.155173614621,
        "min": 0.00892114266753,
        "var": 0.0026974780485
    },
    "melbands_kurtosis": {
        "dmean": 5.63317394257,
        "dmean2": 8.93923282623,
        "dvar": 352.148010254,
        "dvar2": 879.040039062,
        "max": 1222.5402832,
        "mean": 9.76925849915,
        "median": 5.08916950226,
        "min": -1.92613565922,
        "var": 401.374328613
    },
    "melbands_skewness": {
        "dmean": 0.692420661449,
        "dmean2": 1.0692409277,
        "dvar": 0.722107231617,
        "dvar2": 1.63094758987,
        "max": 34.1020469666,
        "mean": 2.32659506798,
        "median": 2.0936961174,
        "min": -1.6057280302,
        "var": 2.52686142921
    },
    "melbands_spread": {
        "dmean": 8.7288942337,
        "dmean2": 13.4293107986,
        "dvar": 125.250663757,
        "dvar2": 261.721405029,
        "max": 277.35168457,
        "mean": 32.3927459717,
        "median": 29.1453304291,
        "min": 0.762911558151,
        "var": 406.180145264
    },
    "pitch_salience": {
        "dmean": 0.0746944397688,
        "dmean2": 0.122544184327,
        "dvar": 0.00541872344911,
        "dvar2": 0.0139995170757,
        "max": 0.90635073185,
        "mean": 0.536015629768,
        "median": 0.523757696152,
        "min": 0.00612082425505,
        "var": 0.0166299995035
    },
    "silence_rate_20dB": {
        "dmean": 0,
        "dmean2": 0,
        "dvar": 0,
        "dvar2": 0,
        "max": 1,
        "mean": 1,
        "median": 1,
        "min": 1,
        "var": 0
    },
    "silence_rate_30dB": {
        "dmean": 0.000243279413553,
        "dmean2": 0.000486617995193,
        "dvar": 0.000243184942519,
        "dvar2": 0.000729549152311,
        "max": 1,
        "mean": 0.99987834692,
        "median": 1,
        "min": 0,
        "var": 0.000121601296996
    },
    "silence_rate_60dB": {
        "dmean": 0.00875805877149,
        "dmean2": 0.017518248409,
        "dvar": 0.0086809489876,
        "dvar2": 0.0206160321832,
        "max": 1,
        "mean": 0.0620287023485,
        "median": 0,
        "min": 0,
        "var": 0.0581790357828
    },
    "spectral_centroid": {
        "dmean": 247.237045288,
        "dmean2": 375.694824219,
        "dvar": 81087.484375,
        "dvar2": 152266.890625,
        "max": 11220.8007812,
        "mean": 1818.63183594,
        "median": 1831.09545898,
        "min": 335.922790527,
        "var": 356965.0625
    },
    "spectral_complexity": {
        "dmean": 4.08076858521,
        "dmean2": 6.12068128586,
        "dvar": 16.709230423,
        "dvar2": 30.7326316833,
        "max": 55,
        "mean": 25.4596214294,
        "median": 26,
        "min": 0,
        "var": 113.818305969
    },
    "spectral_decrease": {
        "dmean": 2.08597650264e-09,
        "dmean2": 3.23163118487e-09,
        "dvar": 6.3077178734e-18,
        "dvar2": 1.40382955882e-17,
        "max": -1.38983157582e-28,
        "mean": -7.51459250381e-09,
        "median": -7.29500193586e-09,
        "min": -3.22440278921e-08,
        "var": 1.85366179102e-17
    },
    "spectral_energy": {
        "dmean": 0.00834241230041,
        "dmean2": 0.0128236748278,
        "dvar": 9.70570617937e-05,
        "dvar2": 0.0002138090058,
        "max": 0.123312197626,
        "mean": 0.0315993353724,
        "median": 0.030927028507,
        "min": 1.0561371783e-20,
        "var": 0.000302379427012
    },
    "spectral_energyband_high": {
        "dmean": 0.0007908406551,
        "dmean2": 0.00107603566721,
        "dvar": 2.60537512986e-06,
        "dvar2": 4.73635464004e-06,
        "max": 0.04637119174,
        "mean": 0.0018142365152,
        "median": 0.000962939462624,
        "min": 7.69632348712e-21,
        "var": 7.14596899343e-06
    },
    "spectral_energyband_low": {
        "dmean": 0.0056842439808,
        "dmean2": 0.00907679181546,
        "dvar": 6.88361033099e-05,
        "dvar2": 0.000160395240528,
        "max": 0.10856615752,
        "mean": 0.0123807210475,
        "median": 0.0106091629714,
        "min": 2.02211334854e-23,
        "var": 0.000129813663079
    },
    "spectral_energyband_middle_high": {
        "dmean": 0.00263459142298,
        "dmean2": 0.00386499799788,
        "dvar": 1.54306781042e-05,
        "dvar2": 3.12999763992e-05,
        "max": 0.0719943270087,
        "mean": 0.00943181756884,
        "median": 0.00649240799248,
        "min": 1.64436447679e-21,
        "var": 8.94784388947e-05
    },
    "spectral_energyband_middle_low": {
        "dmean": 0.00455974042416,
        "dmean2": 0.00730220181867,
        "dvar": 5.26140393049e-05,
        "dvar2": 0.000128033716464,
        "max": 0.107943430543,
        "mean": 0.0093184011057,
        "median": 0.00634755333886,
        "min": 4.01869499299e-22,
        "var": 8.94721233635e-05
    },
    "spectral_entropy": {
        "dmean": 0.129123479128,
        "dmean2": 0.180255398154,
        "dvar": 0.0183817818761,
        "dvar2": 0.0319281294942,
        "max": 9.80603694916,
        "mean": 7.87649774551,
        "median": 7.87251663208,
        "min": 6.68696546555,
        "var": 0.10022533685
    },
    "spectral_flux": {
        "dmean": 0.0259901545942,
        "dmean2": 0.0400013998151,
        "dvar": 0.000766864919569,
        "dvar2": 0.00174671004061,
        "max": 0.272708266973,
        "mean": 0.0957299247384,
        "median": 0.0894310623407,
        "min": 1.02768536736e-10,
        "var": 0.00201518461108
    },
    "spectral_kurtosis": {
        "dmean": 0.880768835545,
        "dmean2": 1.36780881882,
        "dvar": 0.770248234272,
        "dvar2": 1.931229949,
        "max": 15.169216156,
        "mean": 3.86275577545,
        "median": 3.84952116013,
        "min": -1.41922104359,
        "var": 3.53527140617
    },
    "spectral_rms": {
        "dmean": 0.000706060731318,
        "dmean2": 0.00107562646735,
        "dvar": 5.66462574625e-07,
        "dvar2": 1.20385425362e-06,
        "max": 0.0109683442861,
        "mean": 0.00526986271143,
        "median": 0.00549296941608,
        "min": 3.20994988402e-12,
        "var": 3.05713297166e-06
    },
    "spectral_rolloff": {
        "dmean": 697.580871582,
        "dmean2": 1121.7097168,
        "dvar": 1358260.625,
        "dvar2": 2686952.75,
        "max": 18238.6230469,
        "mean": 2253.27026367,
        "median": 1916.45507812,
        "min": 21.533203125,
        "var": 3750160.25
    },
    "spectral_skewness": {
        "dmean": 0.138268858194,
        "dmean2": 0.212586373091,
        "dvar": 0.0183512493968,
        "dvar2": 0.0389901734889,
        "max": 2.77351760864,
        "mean": 1.54190599918,
        "median": 1.55407083035,
        "min": -0.457090586424,
        "var": 0.0989761576056
    },
    "spectral_spread": {
        "dmean": 637070.0625,
        "dmean2": 866593.1875,
        "dvar": 682890559488,
        "dvar2": 1.03871499469e+12,
        "max": 39633796,
        "mean": 5537034,
        "median": 5137585,
        "min": 1991800.125,
        "var": 3.4563424256e+12
    },
    "spectral_strongpeak": {
        "dmean": 0.66250026226,
        "dmean2": 1.11742210388,
        "dvar": 1.39121353626,
        "dvar2": 3.37683701515,
        "max": 12.8710317612,
        "mean": 1.2207814455,
        "median": 0.480951070786,
        "min": 0,
        "var": 3.25185871124
    },
    "zerocrossingrate": {
        "dmean": 0.0142806079239,
        "dmean2": 0.0163599755615,
        "dvar": 0.000299749488477,
        "dvar2": 0.000333134317771,
        "max": 0.54638671875,
        "mean": 0.086270660162,
        "median": 0.07666015625,
        "min": 0,
        "var": 0.0020205071196
    },
    "barkbands": {
        "dmean": [7.73934370955e-05, 0.00419017625973, 0.00208691833541, 0.00206420407631, 0.00108324654866, 0.000978770898655, 0.00107527710497, 0.000581473461352, 0.000793668150436, 0.000864870031364, 0.000754219305236, 0.000657463853713, 0.000527824275196, 0.000573174562305, 0.000435442547314, 0.000444415403763, 0.000363892759196, 0.00033018362592, 0.00026205816539, 0.000171342195245, 0.000113781919936, 0.000103798141936, 0.000127548948512, 0.000172969492269, 0.000220865331357, 0.000138302595587, 1.66627487488e-05],
        "dmean2": [0.000134563815664, 0.0066102440469, 0.00354753504507, 0.00355005636811, 0.00188013177831, 0.00155276793521, 0.00172621465754, 0.000961067387834, 0.00124540564138, 0.00132483639754, 0.00114275002852, 0.000988818239421, 0.000827673415188, 0.000865761365276, 0.000693642068654, 0.000696585688274, 0.000580366177019, 0.000517913082149, 0.000408874475397, 0.000266916409601, 0.00017524350551, 0.000154656459927, 0.000186546953046, 0.000248588534305, 0.000311195995891, 0.000196948909434, 2.46912222792e-05],
        "dvar": [8.89971261131e-08, 5.79693405598e-05, 8.2130991359e-06, 2.10819434869e-05, 4.61307354271e-06, 5.0637950153e-06, 1.05010303741e-05, 3.68574274034e-06, 6.09690732745e-06, 4.11958944824e-06, 5.21565198142e-06, 4.59445527667e-06, 2.13933094528e-06, 2.98168333757e-06, 1.26216343688e-06, 1.19727485526e-06, 4.84364932163e-07, 2.81465531771e-07, 1.43910696693e-07, 5.8992494445e-08, 2.75776983472e-08, 4.5783867364e-08, 1.06360992902e-07, 2.30583168559e-07, 3.90291035046e-07, 9.4384965621e-08, 1.11817943793e-09],
        "dvar2": [2.51886660863e-07, 0.000135227499413, 2.36749820033e-05, 5.47100789845e-05, 1.26488121168e-05, 1.18017142086e-05, 2.535215026e-05, 9.26078155317e-06, 1.36566441142e-05, 9.11514780455e-06, 1.04397231553e-05, 9.42014048633e-06, 4.5814913392e-06, 5.75818967263e-06, 2.82162068288e-06, 2.56634211837e-06, 1.14624481284e-06, 6.61084413878e-07, 3.41961197137e-07, 1.34784841066e-07, 6.3292894481e-08, 1.03547080244e-07, 2.14277335431e-07, 4.43465665967e-07, 7.73851581926e-07, 1.99649036858e-07, 2.42355868707e-09],
        "max": [0.0137148406357, 0.0892110913992, 0.0388503037393, 0.0485509335995, 0.0252676866949, 0.0489627048373, 0.0680260062218, 0.0678327605128, 0.0589725039899, 0.0398187302053, 0.0519393160939, 0.0484159775078, 0.0498900450766, 0.0410040542483, 0.0247197132558, 0.0289824213833, 0.0218177009374, 0.014359280467, 0.00873444695026, 0.00546501204371, 0.00280084973201, 0.00725927576423, 0.0130256097764, 0.015957724303, 0.0168987810612, 0.0052679120563, 0.000660645426251],
        "mean": [7.48640886741e-05, 0.0073197488673, 0.00375820230693, 0.00214756093919, 0.00141512893606, 0.00164823269006, 0.00167112366762, 0.000839769956656, 0.00136153330095, 0.00153597688768, 0.00113819376566, 0.00125139649026, 0.000928067602217, 0.000971777364612, 0.000678459939081, 0.000786716875155, 0.000713623710908, 0.00071171001764, 0.000615183787886, 0.000391867855797, 0.000237240397837, 0.000200718845008, 0.000243939328357, 0.000343252206221, 0.000389047723729, 0.000205224903766, 2.07762841455e-05],
        "median": [2.48001233558e-05, 0.0040582427755, 0.00255451537669, 0.000763033458497, 0.00071914261207, 0.000576311605982, 0.000573368393816, 0.000272425299045, 0.000412545574363, 0.00042396079516, 0.000225692434469, 0.00026147859171, 0.00032601802377, 0.000366325082723, 0.000355793978088, 0.000380098819733, 0.00044673983939, 0.000453646178357, 0.000417311268393, 0.000282119261101, 0.000158734968863, 8.19165434223e-05, 9.580355254e-05, 0.000140035990626, 0.000134140835144, 6.7472239607e-05, 4.11959808844e-06],
        "min": [9.69408368346e-24, 4.98816314122e-24, 4.39942283702e-24, 5.73688601472e-24, 1.68314492938e-22, 7.28877752145e-23, 5.93043414222e-23, 4.18224012125e-23, 5.00075588562e-23, 2.7987090444e-23, 7.66374456672e-23, 9.48307553977e-23, 8.19919368802e-23, 1.80456034146e-22, 1.61260927864e-22, 1.75638163986e-22, 2.22456023725e-22, 1.53977861064e-22, 2.50452205003e-22, 4.38947047317e-22, 4.46656730094e-22, 6.37449391697e-22, 5.8389091116e-22, 9.0556940516e-22, 1.44232157321e-21, 1.55154394724e-21, 2.03648716416e-21],
        "var": [8.29109794154e-08, 8.85393965291e-05, 1.59345599968e-05, 1.94946442207e-05, 4.86814997203e-06, 1.03971406133e-05, 1.49617426359e-05, 5.49745300304e-06, 1.23991403598e-05, 1.1145303688e-05, 1.06482648334e-05, 1.58889215527e-05, 7.13590679879e-06, 7.44564613342e-06, 1.8352711777e-06, 2.33426112572e-06, 9.65545496001e-07, 6.9185995244e-07, 4.43102209147e-07, 1.66288842252e-07, 5.95009161941e-08, 1.02752231612e-07, 2.26144564408e-07, 5.03143553487e-07, 8.90813794285e-07, 1.57897915187e-07, 1.59147772738e-09]
    },
    "erbbands": {
        "dmean": [0.0644929558039, 1.12445783615, 2.48532414436, 4.59047269821, 4.96278524399, 3.26793527603, 5.76027774811, 8.86336040497, 13.5260953903, 14.6639757156, 12.8158979416, 18.34283638, 17.7027740479, 30.880689621, 29.5268573761, 20.6910247803, 24.9036808014, 25.5582752228, 25.1387882233, 20.0197200775, 24.513343811, 17.0902194977, 17.0983104706, 13.6342592239, 12.4605398178, 8.35181903839, 5.43488883972, 3.81781101227, 3.86433410645, 3.42023944855, 3.79248213768, 3.6608440876, 3.018014431, 2.61778044701, 1.55195021629, 0.753523588181, 0.23286151886, 0.0341609157622, 0.00278700282797, 6.40576254227e-05],
        "dmean2": [0.0997553989291, 1.7878164053, 4.18237495422, 7.82947492599, 8.6663312912, 5.5451374054, 9.46543693542, 13.8783559799, 21.7161216736, 23.3354682922, 20.6787223816, 28.0876293182, 26.8594913483, 47.2962760925, 42.7847747803, 30.1735019684, 39.0648231506, 38.4219894409, 39.4790458679, 31.889629364, 37.4361915588, 26.5107440948, 26.5707454681, 20.9953556061, 19.5607318878, 13.0793714523, 8.42323493958, 5.7441110611, 5.78604841232, 5.06379556656, 5.59961891174, 5.30172204971, 4.35935783386, 3.75744342804, 2.21926617622, 1.07761800289, 0.337957233191, 0.0493745096028, 0.00406755087897, 9.10002563614e-05],
        "dvar": [0.017449349165, 3.96864652634, 11.1330242157, 82.2035980225, 135.047683716, 35.8695411682, 157.730133057, 495.596557617, 1754.30834961, 2123.56518555, 1890.88012695, 3485.55322266, 2134.83398438, 5559.95703125, 8222.28417969, 3879.68701172, 5004.76513672, 5886.62744141, 4715.81494141, 2596.35009766, 3694.41918945, 872.931335449, 853.240112305, 412.441162109, 326.679290771, 147.631378174, 58.534362793, 39.0261421204, 60.2030982971, 60.6037483215, 108.668121338, 84.0461654663, 86.3150024414, 60.3161087036, 19.3234634399, 2.97157001495, 0.278264015913, 0.00423089740798, 3.1870953535e-05, 1.56319828193e-08],
        "dvar2": [0.0371902324259, 9.44927978516, 31.4647464752, 218.395614624, 357.606903076, 95.8112640381, 390.067840576, 1114.18798828, 4170.99023438, 5322.09619141, 4537.49316406, 7291.74462891, 4690.02636719, 11745.4619141, 15711.0332031, 7383.74609375, 11227.3232422, 10973.046875, 10730.5400391, 5978.62646484, 7601.05224609, 1975.56542969, 2013.11279297, 912.682800293, 778.499023438, 351.784851074, 138.900680542, 84.830657959, 134.944610596, 138.334625244, 223.049057007, 165.86114502, 173.065917969, 121.296882629, 39.6335449219, 6.11139059067, 0.624020397663, 0.00895998533815, 6.71692178003e-05, 3.23999209684e-08],
        "max": [1.54638540745, 23.3644504547, 40.2020339966, 103.195304871, 117.672454834, 110.605064392, 285.341400146, 516.033569336, 1410.69616699, 948.408081055, 1391.95996094, 1816.51269531, 1134.99560547, 1664.02416992, 2610.55200195, 1770.09436035, 2501.86743164, 2145.53540039, 2196.82128906, 1370.58618164, 1847.6060791, 917.647949219, 920.870239258, 716.691772461, 443.47076416, 318.916107178, 137.906661987, 95.1596221924, 181.901550293, 205.331237793, 437.473297119, 236.211868286, 359.704956055, 248.274841309, 115.268417358, 31.9930171967, 8.60743904114, 1.17365193367, 0.114600531757, 0.00224749324843],
        "mean": [0.110978029668, 1.9761813879, 4.85952663422, 5.98162269592, 5.05213928223, 4.67482757568, 9.17517375946, 14.7594223022, 21.4916648865, 22.4200782776, 20.608631134, 31.3462429047, 31.8621921539, 59.318359375, 58.8205757141, 43.0038757324, 46.5640449524, 45.6990585327, 42.5792007446, 35.4734840393, 45.9401893616, 38.7022628784, 39.2971687317, 33.6513748169, 30.2819213867, 19.6242332458, 12.1961307526, 7.75213193893, 7.30625200272, 6.50100660324, 7.09993553162, 7.11965703964, 5.68528032303, 4.53859519958, 2.62925767899, 1.1709831953, 0.325526356697, 0.0475429259241, 0.00358857051469, 0.000119429787446],
        "median": [0.0621220432222, 1.12043452263, 3.49437475204, 3.32305169106, 2.08681726456, 2.1913087368, 3.97853946686, 5.02233839035, 7.57295322418, 8.44436454773, 7.97420501709, 9.94410133362, 11.4484262466, 17.1683273315, 12.6644153595, 12.2182826996, 17.531703949, 18.2056064606, 21.7695121765, 20.5882263184, 22.1917114258, 26.0606117249, 27.5661506653, 23.1845016479, 20.521484375, 14.3523654938, 8.89937973022, 4.20608901978, 2.96757864952, 2.60544872284, 2.74914503098, 2.82713794708, 2.26777768135, 1.61167550087, 0.883799433708, 0.38066059351, 0.101300351322, 0.0141672790051, 0.000776955508627, 6.55818294035e-05],
        "min": [3.37038764406e-22, 7.48149926982e-22, 3.53757117552e-21, 1.40376992815e-20, 1.746043727e-19, 9.12338339627e-19, 3.8561805649e-19, 6.32032782825e-19, 6.67310123095e-19, 1.0885875739e-18, 1.06654310718e-18, 9.01277487272e-19, 9.6808917554e-19, 1.81685155066e-18, 4.08301106645e-18, 3.15343066394e-18, 3.39539567557e-18, 6.71436193048e-18, 1.00911228812e-17, 8.30169298824e-18, 9.55363415406e-18, 1.3138621694e-17, 8.79403833346e-18, 1.34484314391e-17, 1.12695119741e-17, 2.40741901015e-17, 1.94893281438e-17, 1.52207122236e-17, 2.11209931873e-17, 2.32981292508e-17, 1.61411888831e-17, 1.67504305653e-17, 1.62953025573e-17, 1.47443521437e-17, 1.07771881356e-17, 5.05550746029e-18, 3.51815796387e-18, 1.06496122765e-18, 2.75982633373e-19, 3.14218352792e-20],
        "var": [0.0258017312735, 6.092420578, 22.8912010193, 82.7232437134, 110.793388367, 50.8052215576, 303.480743408, 974.360473633, 2548.21557617, 2662.359375, 3062.71459961, 7099.88671875, 5276.48095703, 17279.8574219, 28666.3359375, 14329.2060547, 17381.15625, 15268.0986328, 7103.81005859, 3885.12255859, 8363.10351562, 2331.29467773, 1973.50708008, 1444.95288086, 1061.36254883, 393.384674072, 137.808792114, 84.7014541626, 133.625823975, 128.634231567, 211.638656616, 187.146591187, 170.043746948, 132.753585815, 40.8661460876, 5.4663476944, 0.41258636117, 0.00702954968438, 4.73816944577e-05, 2.63317510019e-08]
    },
    "gfcc": {
        "mean": [42.5207252502, 52.5773162842, -115.061393738, 25.8624687195, -48.9952354431, 19.4929428101, -39.4955101013, 22.0821323395, -27.9012870789, 6.75439691544, -16.3222675323, 1.26728188992, -14.9663801193],
        "cov": [[4296.73779297, -76.7367477417, 1028.98474121, 608.688598633, 377.36920166, 201.204467773, 123.347076416, 129.863052368, -105.813461304, 79.4694366455, 42.8245811462, 40.8672142029, -156.91519165], [-76.7367477417, 1053.50671387, 148.241882324, 240.582946777, 202.775848389, -126.51184082, 56.9738235474, 45.1590309143, 13.8861598969, 33.4515190125, 128.968139648, -36.3525543213, 57.2397422791], [1028.98474121, 148.241882324, 1204.65893555, 478.710388184, 213.037872314, 71.5135879517, -10.9579324722, 21.0584907532, -1.75038444996, 57.5307922363, 62.9247550964, 56.5907287598, -49.5533370972], [608.688598633, 240.582946777, 478.710388184, 534.431274414, 254.53302002, 30.4204082489, 6.09136199951, 64.7454910278, 29.4047832489, 39.5484848022, 41.0138282776, 6.79323530197, -23.0814304352], [377.36920166, 202.775848389, 213.037872314, 254.53302002, 303.850860596, 57.0538024902, 53.3111763, 63.3254776001, 6.0196480751, 35.4175872803, 37.2384567261, -10.034743309, -8.83028888702], [201.204467773, -126.51184082, 71.5135879517, 30.4204082489, 57.0538024902, 202.301239014, 92.4701080322, 27.1313171387, -20.2409572601, -0.942302584648, -4.17948150635, -7.27419424057, -19.0220718384], [123.347076416, 56.9738235474, -10.9579324722, 6.09136199951, 53.3111763, 92.4701080322, 168.802932739, 60.7381019592, -14.3680295944, 0.40329182148, 20.2017879486, -8.23362445831, 2.95180678368], [129.863052368, 45.1590309143, 21.0584907532, 64.7454910278, 63.3254776001, 27.1313171387, 60.7381019592, 147.804046631, 47.9041481018, 15.1222629547, 17.6491832733, -1.87407398224, 0.719009757042], [-105.813461304, 13.8861598969, -1.75038444996, 29.4047832489, 6.0196480751, -20.2409572601, -14.3680295944, 47.9041481018, 104.65247345, 37.8590011597, 5.32008600235, 4.05874919891, 4.92940378189], [79.4694366455, 33.4515190125, 57.5307922363, 39.5484848022, 35.4175872803, -0.942302584648, 0.40329182148, 15.1222629547, 37.8590011597, 82.854598999, 50.1232681274, 6.86735963821, -5.55707073212], [42.8245811462, 128.968139648, 62.9247550964, 41.0138282776, 37.2384567261, -4.17948150635, 20.2017879486, 17.6491832733, 5.32008600235, 50.1232681274, 116.647544861, 26.415933609, 10.9051818848], [40.8672142029, -36.3525543213, 56.5907287598, 6.79323530197, -10.034743309, -7.27419424057, -8.23362445831, -1.87407398224, 4.05874919891, 6.86735963821, 26.415933609, 68.3092269897, 24.4447135925], [-156.91519165, 57.2397422791, -49.5533370972, -23.0814304352, -8.83028888702, -19.0220718384, 2.95180678368, 0.719009757042, 4.92940378189, -5.55707073212, 10.9051818848, 24.4447135925, 75.2299957275]],
        "icov": [[0.000377263932023, 8.33161175251e-05, -0.000179068956641, -0.000204224139452, -0.000117976342153, 3.84619488614e-05, -0.000156047419296, -0.00036016170634, 0.000732126645744, -0.00048365604016, 0.000260064000031, -0.000342712446582, 0.000538301828783], [8.33161175251e-05, 0.00197447836399, -0.000199032292585, -0.000525154580828, -0.000866252114065, 0.00194313388783, -0.00125535007101, 0.000392860121792, -0.000226448173635, 0.000990458182059, -0.00225282763131, 0.00251002772711, -0.00158662721515], [-0.000179068956641, -0.000199032292585, 0.00157784030307, -0.00115921231918, 0.000200111389859, -0.000586379435845, 0.000409100437537, 0.00032410240965, 0.000127939812955, -0.000357452954631, 3.67693428416e-05, -0.00141528132372, 0.000737408990972], [-0.000204224139452, -0.000525154580828, -0.00115921231918, 0.00473610311747, -0.00266168941744, -0.000184637130587, 0.0010704548331, -0.000510460406076, -0.0012820486445, 0.000757952744607, 7.6317715866e-05, -0.000152507564053, 0.000445382233011], [-0.000117976342153, -0.000866252114065, 0.000200111389859, -0.00266168941744, 0.00688994536176, -0.00162657012697, -0.000236074294662, -0.00133590109181, 0.00137174793053, -0.00218550441787, 0.000607884430792, 0.000513836333994, -0.000358731515007], [3.84619488614e-05, 0.00194313388783, -0.000586379435845, -0.000184637130587, -0.00162657012697, 0.00924177560955, -0.00525787565857, 0.000600139261223, 0.000506113225129, 0.000462384225102, -0.000753781700041, 0.00185328722, 1.33871262733e-05], [-0.000156047419296, -0.00125535007101, 0.000409100437537, 0.0010704548331, -0.000236074294662, -0.00525787565857, 0.01117535308, -0.00418805237859, 0.00226719514467, -0.000127527979203, -0.000541162560694, -8.7964523118e-05, -0.00057902111439], [-0.00036016170634, 0.000392860121792, 0.00032410240965, -0.000510460406076, -0.00133590109181, 0.000600139261223, -0.00418805237859, 0.0115113733336, -0.00691936910152, 0.00298893614672, -0.0020062464755, 0.000865039706696, -0.000260107626673], [0.000732126645744, -0.000226448173635, 0.000127939812955, -0.0012820486445, 0.00137174793053, 0.000506113225129, 0.00226719514467, -0.00691936910152, 0.0177181735635, -0.0101698692888, 0.00461986288428, -0.00190546491649, -0.000306282512611], [-0.00048365604016, 0.000990458182059, -0.000357452954631, 0.000757952744607, -0.00218550441787, 0.000462384225102, -0.000127527979203, 0.00298893614672, -0.0101698692888, 0.02366123721, -0.0111912749708, 0.00297718029469, 0.00114056188613], [0.000260064000031, -0.00225282763131, 3.67693428416e-05, 7.6317715866e-05, 0.000607884430792, -0.000753781700041, -0.000541162560694, -0.0020062464755, 0.00461986288428, -0.0111912749708, 0.0173494126648, -0.00775652145967, 0.00110136414878], [-0.000342712446582, 0.00251002772711, -0.00141528132372, -0.000152507564053, 0.000513836333994, 0.00185328722, -8.7964523118e-05, 0.000865039706696, -0.00190546491649, 0.00297718029469, -0.00775652145967, 0.0238123405725, -0.0093478159979], [0.000538301828783, -0.00158662721515, 0.000737408990972, 0.000445382233011, -0.000358731515007, 1.33871262733e-05, -0.00057902111439, -0.000260107626673, -0.000306282512611, 0.00114056188613, 0.00110136414878, -0.0093478159979, 0.0192135088146]]
    },
    "melbands": {
        "dmean": [0.000907667621505, 0.0013518788619, 0.000815295265056, 0.00026257277932, 0.00018477156118, 0.000195139786229, 0.000212521117646, 0.000153835833771, 0.00010859870963, 0.000116340874229, 9.27419459913e-05, 0.000129711901536, 9.98975956463e-05, 8.14114100649e-05, 4.96206557727e-05, 5.19627283211e-05, 5.25730465597e-05, 4.63400901936e-05, 3.14014396281e-05, 2.67164286925e-05, 3.08341441269e-05, 1.80035694939e-05, 2.36245723499e-05, 1.5488556528e-05, 1.18373091027e-05, 1.15473958431e-05, 7.35358662496e-06, 5.8000464378e-06, 4.08686355513e-06, 2.78558172795e-06, 2.30521118283e-06, 2.40439908339e-06, 2.10712164517e-06, 2.01841567105e-06, 2.27931354857e-06, 2.49578852163e-06, 2.31039143728e-06, 2.1722571546e-06, 2.32987372328e-06, 2.29309944189e-06],
        "dmean2": [0.00141611567233, 0.00220803334378, 0.00139804941136, 0.000450790103059, 0.000304214743664, 0.000307586917188, 0.00034030713141, 0.000246149138547, 0.000173460372025, 0.000179487120477, 0.00014132448996, 0.000200172449695, 0.000147202124936, 0.000118596952234, 7.54367429181e-05, 8.17634427221e-05, 7.88382531027e-05, 7.2861519584e-05, 5.02238835907e-05, 4.28579187428e-05, 4.69834303658e-05, 2.85974365397e-05, 3.70752713934e-05, 2.47008338192e-05, 1.84027667274e-05, 1.82119310921e-05, 1.15134944281e-05, 9.19310059544e-06, 6.49740150038e-06, 4.39694031229e-06, 3.54924213752e-06, 3.70951170225e-06, 3.26138729179e-06, 3.05402227241e-06, 3.44385989592e-06, 3.72568160856e-06, 3.39510688718e-06, 3.19377568303e-06, 3.45260036738e-06, 3.32629724653e-06],
        "dvar": [3.07475033878e-06, 3.60987519343e-06, 2.77261528936e-06, 3.06323414634e-07, 1.37654751597e-07, 2.37414496951e-07, 3.98739956609e-07, 2.06173325523e-07, 1.28579813463e-07, 1.45535068441e-07, 5.81631525165e-08, 9.81798109478e-08, 8.817373498e-08, 6.75451090615e-08, 1.90500450969e-08, 2.30850218941e-08, 2.97032087815e-08, 2.01290770718e-08, 9.99028593185e-09, 4.33858193816e-09, 5.98353722125e-09, 1.18469312138e-09, 1.83073844973e-09, 7.08448744113e-10, 3.58020557645e-10, 2.74912009823e-10, 1.37678202172e-10, 7.82715559033e-11, 3.29073018834e-11, 2.40680132074e-11, 1.45896905668e-11, 2.25631995726e-11, 2.84291826191e-11, 2.08508037225e-11, 4.11316709859e-11, 3.97250322914e-11, 3.40090733353e-11, 4.42514254406e-11, 5.20772661106e-11, 4.5424840972e-11],
        "dvar2": [6.8782096605e-06, 9.35965908866e-06, 7.33589649826e-06, 8.29220141441e-07, 3.39711135666e-07, 5.4118851267e-07, 9.50977209868e-07, 5.14912528615e-07, 2.99875495102e-07, 3.14266713985e-07, 1.27750780621e-07, 2.10284028412e-07, 1.73143504867e-07, 1.30155868305e-07, 3.74607047604e-08, 5.39705737879e-08, 5.54242376438e-08, 4.55065816141e-08, 2.26893543953e-08, 1.07190309961e-08, 1.19133085619e-08, 2.64433785979e-09, 4.49748727149e-09, 1.79237846787e-09, 7.95859489422e-10, 6.71632527371e-10, 3.22632337513e-10, 1.93674673521e-10, 7.97495056104e-11, 5.82303094632e-11, 3.30214397493e-11, 5.2706665421e-11, 7.30840596375e-11, 4.69915495405e-11, 8.89001997018e-11, 8.15599393578e-11, 6.96117191668e-11, 8.91080473298e-11, 1.15591342054e-10, 9.03672067731e-11],
        "max": [0.0203401222825, 0.0227366425097, 0.0170313455164, 0.00692507158965, 0.00753632560372, 0.0118635771796, 0.0182127822191, 0.00853528920561, 0.0111982598901, 0.0106894979253, 0.00571675412357, 0.00683327997103, 0.00852446630597, 0.00723049603403, 0.00529195833951, 0.00549210561439, 0.0048452122137, 0.00458802515641, 0.00268794060685, 0.00177999888547, 0.00225377222523, 0.0011049619643, 0.00142733275425, 0.000722685188521, 0.000655826588627, 0.000292110082228, 0.000384426413802, 0.000232721649809, 0.000114390277304, 0.00011716906738, 6.52681701467e-05, 0.000107008687337, 0.000250361714279, 0.000104423706944, 0.000286447728286, 0.000203310366487, 0.000140916381497, 0.000250888726441, 0.000236136707827, 0.000211695878534],
        "mean": [0.00158398237545, 0.00269594346173, 0.0010371276876, 0.000318904640153, 0.000304701068671, 0.000326789624523, 0.000338642275892, 0.000233794562519, 0.000173669366632, 0.000195489861653, 0.000158462717081, 0.000243036774918, 0.000176539833774, 0.000165804391145, 9.1985151812e-05, 8.74254110386e-05, 8.76614503795e-05, 7.24534183973e-05, 4.79895534227e-05, 4.61555282527e-05, 5.40338987776e-05, 3.54118783434e-05, 4.60222254333e-05, 3.18942293234e-05, 2.60866163444e-05, 2.51661476796e-05, 1.62961969181e-05, 1.19952737805e-05, 8.36200524645e-06, 5.04468334839e-06, 4.27679742643e-06, 4.24707195634e-06, 3.64746392734e-06, 3.61626644008e-06, 3.94741527998e-06, 4.4682119551e-06, 4.29601095675e-06, 3.92937681681e-06, 3.89890465158e-06, 3.82883945349e-06],
        "median": [0.000878997263499, 0.00209965347312, 0.000582316075452, 0.000149860105012, 0.000141541589983, 0.000110356770165, 0.000119752534374, 8.96266574273e-05, 6.35094038444e-05, 5.7975663367e-05, 5.22122572875e-05, 6.37349075987e-05, 3.67225438822e-05, 3.07513109874e-05, 3.27654561261e-05, 3.34362848662e-05, 3.03390224872e-05, 3.35406475642e-05, 2.52705121966e-05, 2.48423057201e-05, 2.38057400566e-05, 2.15817635763e-05, 2.84755842586e-05, 1.98240413738e-05, 1.65548990481e-05, 1.6242316633e-05, 1.07269661385e-05, 8.40815846459e-06, 5.89231831327e-06, 2.97703513752e-06, 2.07471248359e-06, 1.67542361851e-06, 1.3744095213e-06, 1.42690123539e-06, 1.50565358581e-06, 1.71315684838e-06, 1.70008070199e-06, 1.55261386681e-06, 1.44560863191e-06, 1.30155888201e-06],
        "min": [3.52581066044e-24, 1.49619500804e-24, 4.63820472214e-24, 4.00835308963e-23, 2.01683650017e-23, 1.43712013363e-23, 1.16533577922e-23, 1.14658889424e-23, 8.95740277168e-24, 5.7038497033e-24, 4.92722600287e-24, 6.76790434088e-24, 1.16706519899e-23, 1.32455110241e-23, 6.31294892974e-24, 7.94289293768e-24, 1.3676599843e-23, 1.65843285178e-23, 1.33162355597e-23, 1.37372143372e-23, 9.85106858132e-24, 1.45442048437e-23, 8.0496976045e-24, 7.4668713905e-24, 1.15174646684e-23, 8.72270955262e-24, 9.81765558882e-24, 1.68346782593e-23, 1.24133574324e-23, 8.59070314647e-24, 8.53673717194e-24, 9.27884702447e-24, 1.66963798985e-23, 1.1769549115e-23, 1.00809671038e-23, 7.27288102758e-24, 1.18855479556e-23, 1.18022844759e-23, 1.10245181105e-23, 1.26280703824e-23],
        "var": [4.5468755161e-06, 6.86616931489e-06, 2.64136406258e-06, 2.86126464744e-07, 2.77404581084e-07, 4.61882649461e-07, 5.92839001001e-07, 2.66193524112e-07, 2.16953111476e-07, 2.80714971268e-07, 1.40014861927e-07, 3.08676959548e-07, 2.39083846054e-07, 2.82667855345e-07, 7.23099660149e-08, 6.04692900197e-08, 7.53062323611e-08, 2.90853563456e-08, 1.25830972308e-08, 6.96693547297e-09, 1.37017472923e-08, 2.66996291742e-09, 3.73632813577e-09, 1.52146240051e-09, 1.08116871012e-09, 8.0788759016e-10, 3.80238451836e-10, 1.6766919797e-10, 7.2908616644e-11, 4.08368026894e-11, 3.00823949084e-11, 4.52459632261e-11, 4.71864596008e-11, 4.314130303e-11, 7.17220172142e-11, 7.90478030255e-11, 7.2028827347e-11, 8.25045379238e-11, 9.38557842556e-11, 1.02149129433e-10]
    },
    "mfcc": {
        "mean": [-604.041442871, 93.204498291, -6.3404712677, 13.9678516388, 12.2211008072, -1.8665753603, 7.54357719421, 5.88717317581, 1.10232007504, 5.44193077087, 0.713493466377, 1.95982897282, 0.446151733398],
        "cov": [[3124.10693359, -166.199203491, 527.462219238, 464.209442139, 316.148376465, 191.091171265, 299.347595215, 145.77746582, 20.6653327942, 63.1219940186, 76.8954544067, 72.686378479, 70.7740707397], [-166.199203491, 797.056274414, 40.2092323303, 241.777648926, 91.6692123413, -46.4743423462, 87.3526153564, -33.2157936096, -22.9188690186, 37.1762008667, -4.22795534134, 39.1371421814, 42.4142074585], [527.462219238, 40.2092323303, 875.054504395, 339.593383789, 247.459487915, 125.266075134, 71.6291503906, 27.95038414, -26.630022049, -13.0984458923, 40.2529449463, 48.1391029358, 42.9933395386], [464.209442139, 241.777648926, 339.593383789, 541.173461914, 296.701873779, 58.9233474731, 79.5657119751, 26.6644611359, 11.3206481934, 32.1585769653, 44.4181289673, 50.6718788147, 59.4606819153], [316.148376465, 91.6692123413, 247.459487915, 296.701873779, 306.620788574, 73.9254989624, 62.266960144, 26.6556949615, 16.6599121094, 31.4598712921, 33.5929374695, 39.6360740662, 45.4207000732], [191.091171265, -46.4743423462, 125.266075134, 58.9233474731, 73.9254989624, 165.763290405, 77.7670135498, 22.9553470612, 7.18790245056, 5.78739404678, 9.93950080872, 1.63825976849, 6.30355501175], [299.347595215, 87.3526153564, 71.6291503906, 79.5657119751, 62.266960144, 77.7670135498, 219.312347412, 71.5606613159, 10.3956489563, 44.2975387573, 15.2064981461, 18.5849132538, 24.0328006744], [145.77746582, -33.2157936096, 27.95038414, 26.6644611359, 26.6556949615, 22.9553470612, 71.5606613159, 115.959091187, 51.5585441589, 24.599603653, 16.9810676575, -0.528671443462, 0.507878243923], [20.6653327942, -22.9188690186, -26.630022049, 11.3206481934, 16.6599121094, 7.18790245056, 10.3956489563, 51.5585441589, 102.485992432, 38.6493186951, 11.3943376541, -3.6212644577, -5.05560207367], [63.1219940186, 37.1762008667, -13.0984458923, 32.1585769653, 31.4598712921, 5.78739404678, 44.2975387573, 24.599603653, 38.6493186951, 91.6396331787, 36.0953521729, 16.6233730316, 10.1658201218], [76.8954544067, -4.22795534134, 40.2529449463, 44.4181289673, 33.5929374695, 9.93950080872, 15.2064981461, 16.9810676575, 11.3943376541, 36.0953521729, 77.3801269531, 35.5761299133, 12.9510402679], [72.686378479, 39.1371421814, 48.1391029358, 50.6718788147, 39.6360740662, 1.63825976849, 18.5849132538, -0.528671443462, -3.6212644577, 16.6233730316, 35.5761299133, 89.6364517212, 43.6622772217], [70.7740707397, 42.4142074585, 42.9933395386, 59.4606819153, 45.4207000732, 6.30355501175, 24.0328006744, 0.507878243923, -5.05560207367, 10.1658201218, 12.9510402679, 43.6622772217, 82.4672088623]],
