{
"lowlevel": {
    "average_loudness": 0.940072119236,
    "barkbands_crest": {
        "dmean": 2.77595043182,
        "dmean2": 4.64720964432,
        "dvar": 6.11734819412,
        "dvar2": 16.8553218842,
        "max": 26.2234363556,
        "mean": 9.73282337189,
        "median": 9.11562347412,
        "min": 2.44815659523,
        "var": 14.7029190063
    },
    "barkbands_flatness_db": {
        "dmean": 0.0182749629021,
        "dmean2": 0.0282880421728,
        "dvar": 0.00027081623557,
        "dvar2": 0.000654378614854,
        "max": 0.292457133532,
        "mean": 0.0962722972035,
        "median": 0.0924184843898,
        "min": 0.0164345595986,
        "var": 0.00132686179131
    },
    "barkbands_kurtosis": {
        "dmean": 1.41743397713,
        "dmean2": 2.30586481094,
        "dvar": 7.23808574677,
        "dvar2": 18.6879787445,
        "max": 73.9273529053,
        "mean": 1.71117401123,
        "median": 0.658591628075,
        "min": -1.95793366432,
        "var": 17.3854293823
    },
    "barkbands_skewness": {
        "dmean": 0.384320259094,
        "dmean2": 0.606523871422,
        "dvar": 0.171246856451,
        "dvar2": 0.406806886196,
        "max": 8.34351062775,
        "mean": 0.97212767601,
        "median": 0.843034267426,
        "min": -2.6710896492,
        "var": 0.822355806828
    },
    "barkbands_spread": {
        "dmean": 6.27473926544,
        "dmean2": 9.48877906799,
        "dvar": 55.8126411438,
        "dvar2": 114.407539368,
        "max": 114.228408813,
        "mean": 27.5729694366,
        "median": 24.6155586243,
        "min": 1.50087916851,
        "var": 236.527999878
    },
    "dissonance": {
        "dmean": 0.0194521490484,
        "dmean2": 0.0331953540444,
        "dvar": 0.000356128759449,
        "dvar2": 0.000968776177615,
        "max": 0.500000059605,
        "mean": 0.468803375959,
        "median": 0.476012855768,
        "min": 0.302044689655,
        "var": 0.00067117693834
    },
    "dynamic_complexity": 2.58389663696,
    "erbbands_crest": {
        "dmean": 2.98489022255,
        "dmean2": 4.84116172791,
        "dvar": 8.35468959808,
        "dvar2": 20.6028308868,
        "max": 29.0644283295,
        "mean": 9.93385219574,
        "median": 8.46864700317,
        "min": 2.33289813995,
        "var": 28.7092399597
    },
    "erbbands_flatness_db": {
        "dmean": 0.0173903182149,
        "dmean2": 0.0256367344409,
        "dvar": 0.000252165278653,
        "dvar2": 0.000523062481079,
        "max": 0.284241169691,
        "mean": 0.137766957283,
        "median": 0.133406981826,
        "min": 0.0406639389694,
        "var": 0.00209147506393
    },
    "erbbands_kurtosis": {
        "dmean": 1.12686669827,
        "dmean2": 1.78270685673,
        "dvar": 2.24800038338,
        "dvar2": 5.54959058762,
        "max": 25.6966934204,
        "mean": 1.38739407063,
        "median": 0.593608021736,
        "min": -1.79131114483,
        "var": 6.08454322815
    },
    "erbbands_skewness": {
        "dmean": 0.35548427701,
        "dmean2": 0.550478160381,
        "dvar": 0.11459273845,
        "dvar2": 0.26372602582,
        "max": 4.04764175415,
        "mean": 0.579275548458,
        "median": 0.519128918648,
        "min": -4.3288640976,
        "var": 0.548258960247
    },
    "erbbands_spread": {
        "dmean": 6.57817411423,
        "dmean2": 9.95321464539,
        "dvar": 55.482673645,
        "dvar2": 118.268722534,
        "max": 147.837585449,
        "mean": 31.7459850311,
        "median": 27.8802261353,
        "min": 3.63265633583,
        "var": 314.483428955
    },
    "hfc": {
        "dmean": 10.0783662796,
        "dmean2": 14.3739099503,
        "dvar": 231.314483643,
        "dvar2": 414.710906982,
        "max": 414.368927002,
        "mean": 33.9276313782,
        "median": 28.2355728149,
        "min": 1.13788248847e-16,
        "var": 847.667053223
    },
    "melbands_crest": {
        "dmean": 2.97685670853,
        "dmean2": 5.03755474091,
        "dvar": 7.05142354965,
        "dvar2": 19.5003376007,
        "max": 38.5351028442,
        "mean": 12.812795639,
        "median": 12.3502063751,
        "min": 1.78749263287,
        "var": 17.1246700287
    },
    "melbands_flatness_db": {
        "dmean": 0.0221197512001,
        "dmean2": 0.0349613539875,
        "dvar": 0.000423089164542,
        "dvar2": 0.0010842634365,
        "max": 0.367743015289,
        "mean": 0.162078112364,
        "median": 0.158628314734,
        "min": 0.00384407606907,
        "var": 0.00196888344362
    },
    "melbands_kurtosis": {
        "dmean": 3.72565960884,
        "dmean2": 6.14991140366,
        "dvar": 82.1767883301,
        "dvar2": 231.498123169,
        "max": 355.22052002,
        "mean": 6.83381462097,
        "median": 3.19871520996,
        "min": -1.84699106216,
        "var": 166.106262207
    },
    "melbands_skewness": {
        "dmean": 0.571936011314,
        "dmean2": 0.913444578648,
        "dvar": 0.397752732038,
        "dvar2": 1.03772366047,
        "max": 15.6740150452,
        "mean": 1.82375943661,
        "median": 1.59055757523,
        "min": -1.04117178917,
        "var": 1.92721509933
    },
    "melbands_spread": {
        "dmean": 6.92466259003,
        "dmean2": 10.9881219864,
        "dvar": 98.1227645874,
        "dvar2": 202.270324707,
        "max": 253.487121582,
        "mean": 30.1682834625,
        "median": 27.8054771423,
        "min": 1.55459904671,
        "var": 328.670318604
    },
    "pitch_salience": {
        "dmean": 0.063222527504,
        "dmean2": 0.105306953192,
        "dvar": 0.00311860744841,
        "dvar2": 0.0086327213794,
        "max": 0.935896456242,
        "mean": 0.547812581062,
        "median": 0.540251612663,
        "min": 0.0504207313061,
        "var": 0.0106667829677
    },
    "silence_rate_20dB": {
        "dmean": 0,
        "dmean2": 0,
        "dvar": 0,
        "dvar2": 0,
        "max": 1,
        "mean": 1,
        "median": 1,
        "min": 1,
        "var": 0
    },
    "silence_rate_30dB": {
        "dmean": 0,
        "dmean2": 0,
        "dvar": 0,
        "dvar2": 0,
        "max": 1,
        "mean": 1,
        "median": 1,
        "min": 1,
        "var": 0
    },
    "silence_rate_60dB": {
        "dmean": 0.00616478966549,
        "dmean2": 0.0123310405761,
        "dvar": 0.00612692860886,
        "dvar2": 0.0147879747674,
        "max": 1,
        "mean": 0.0296348985285,
        "median": 0,
        "min": 0,
        "var": 0.0287558380514
    },
    "spectral_centroid": {
        "dmean": 217.141265869,
        "dmean2": 329.936309814,
        "dvar": 76458.8828125,
        "dvar2": 137410.828125,
        "max": 11287.1884766,
        "mean": 1541.9185791,
        "median": 1482.49731445,
        "min": 347.870422363,
        "var": 300410.21875
    },
    "spectral_complexity": {
        "dmean": 3.74226427078,
        "dmean2": 5.7970123291,
        "dvar": 14.462266922,
        "dvar2": 31.3074054718,
        "max": 53,
        "mean": 24.6384544373,
        "median": 25,
        "min": 0,
        "var": 83.3791885376
    },
    "spectral_decrease": {
        "dmean": 2.01642502695e-09,
        "dmean2": 3.25823523717e-09,
        "dvar": 5.44707077404e-18,
        "dvar2": 1.3672711536e-17,
        "max": 1.66362586931e-28,
        "mean": -7.80152564772e-09,
        "median": -7.55998286195e-09,
        "min": -2.86867187782e-08,
        "var": 1.78812311304e-17
    },
    "spectral_energy": {
        "dmean": 0.00820674560964,
        "dmean2": 0.0131198922172,
        "dvar": 8.7518026703e-05,
        "dvar2": 0.000215217121877,
        "max": 0.116362035275,
        "mean": 0.0325222238898,
        "median": 0.0314985141158,
        "min": 1.08273547786e-20,
        "var": 0.000302589818602
    },
    "spectral_energyband_high": {
        "dmean": 0.000723799981643,
        "dmean2": 0.00100630812813,
        "dvar": 2.37672293224e-06,
        "dvar2": 4.22952689405e-06,
        "max": 0.0498310364783,
        "mean": 0.00153429398779,
        "median": 0.000773114908952,
        "min": 7.63246740565e-21,
        "var": 7.39829283702e-06
    },
    "spectral_energyband_low": {
        "dmean": 0.00434381887317,
        "dmean2": 0.0075770826079,
        "dvar": 4.60629235022e-05,
        "dvar2": 0.000134743007948,
        "max": 0.0862690806389,
        "mean": 0.0100461468101,
        "median": 0.00930484943092,
        "min": 4.77783767776e-23,
        "var": 6.30659997114e-05
    },
    "spectral_energyband_middle_high": {
        "dmean": 0.00367376650684,
        "dmean2": 0.00558332540095,
        "dvar": 3.09575007122e-05,
        "dvar2": 6.89292137395e-05,
        "max": 0.0838966965675,
        "mean": 0.0113413427025,
        "median": 0.00682371575385,
        "min": 1.63293359198e-21,
        "var": 0.000126386104967
    },
    "spectral_energyband_middle_low": {
        "dmean": 0.00407423637807,
        "dmean2": 0.00651708059013,
        "dvar": 3.3360782254e-05,
        "dvar2": 8.06867392384e-05,
        "max": 0.0837518274784,
        "mean": 0.0106964567676,
        "median": 0.00790643692017,
        "min": 2.78690093261e-22,
        "var": 8.69420837262e-05
    },
    "spectral_entropy": {
        "dmean": 0.137852221727,
        "dmean2": 0.195975214243,
        "dvar": 0.019236613065,
        "dvar2": 0.0365983396769,
        "max": 9.80685806274,
        "mean": 7.84258031845,
        "median": 7.83974838257,
        "min": 6.1346373558,
        "var": 0.109464816749
    },
    "spectral_flux": {
        "dmean": 0.0236992426217,
        "dmean2": 0.0367315113544,
        "dvar": 0.000573950703256,
        "dvar2": 0.00119427707978,
        "max": 0.322611361742,
        "mean": 0.0964797884226,
        "median": 0.0916026458144,
        "min": 1.04054577454e-10,
        "var": 0.00185478874482
    },
    "spectral_kurtosis": {
        "dmean": 0.915341079235,
        "dmean2": 1.42249715328,
        "dvar": 0.769169688225,
        "dvar2": 1.83911371231,
        "max": 16.5186042786,
        "mean": 4.15241241455,
        "median": 4.11419677734,
        "min": -1.28778016567,
        "var": 3.38527989388
    },
    "spectral_rms": {
        "dmean": 0.000688773172442,
        "dmean2": 0.00109082343988,
        "dvar": 4.93856589401e-07,
        "dvar2": 1.18892671708e-06,
        "max": 0.010654761456,
        "mean": 0.00538293644786,
        "median": 0.00554348807782,
        "min": 3.25011892399e-12,
        "var": 2.75294382845e-06
    },
    "spectral_rolloff": {
        "dmean": 518.49621582,
        "dmean2": 855.081481934,
        "dvar": 1078790.125,
        "dvar2": 2123125.75,
        "max": 18970.7519531,
        "mean": 1779.36083984,
        "median": 1421.19140625,
        "min": 21.533203125,
        "var": 2847837.75
    },
    "spectral_skewness": {
        "dmean": 0.151350706816,
        "dmean2": 0.230880215764,
        "dvar": 0.0214800015092,
        "dvar2": 0.0460358634591,
        "max": 3.35603237152,
        "mean": 1.62184870243,
        "median": 1.6347784996,
        "min": -0.136191546917,
        "var": 0.122035972774
    },
    "spectral_spread": {
        "dmean": 587926.4375,
        "dmean2": 779444.8125,
        "dvar": 653549109248,
        "dvar2": 960282296320,
        "max": 40480192,
        "mean": 5333826.5,
        "median": 4920729,
        "min": 2394554.25,
        "var": 3.26356146586e+12
    },
    "spectral_strongpeak": {
        "dmean": 0.873564720154,
        "dmean2": 1.4729988575,
        "dvar": 1.72881197929,
        "dvar2": 4.26836109161,
        "max": 13.6817092896,
        "mean": 1.45905709267,
        "median": 0.466507315636,
        "min": 0,
        "var": 3.36984491348
    },
    "zerocrossingrate": {
        "dmean": 0.0122521258891,
        "dmean2": 0.0138369314373,
        "dvar": 0.000253429403529,
        "dvar2": 0.000255670456681,
        "max": 0.654296875,
        "mean": 0.076259560883,
        "median": 0.068359375,
        "min": 0.001953125,
        "var": 0.00169368449133
    },
    "barkbands": {
        "dmean": [0.000132498462335, 0.00377598055638, 0.00116216484457, 0.000586113659665, 0.000995006179437, 0.000653569994029, 0.000710634805728, 0.00086769083282, 0.00195181870367, 0.00158497190569, 0.00160294782836, 0.00100698485039, 0.000622559338808, 0.000643597566523, 0.00051425077254, 0.000311184674501, 0.000211382648558, 0.000185183322174, 0.000150692008901, 0.000133940164233, 0.000118591764476, 0.000125622595078, 0.000139330441016, 0.000143217999721, 0.000158309383551, 6.76932540955e-05, 3.90103377867e-05],
        "dmean2": [0.000230945603107, 0.006603944581, 0.002018163912, 0.00098585174419, 0.0016485741362, 0.00106192997191, 0.00116374948993, 0.0014018942602, 0.00313740759157, 0.0025129255373, 0.00248657958582, 0.00157724530436, 0.00101972382981, 0.00104075227864, 0.000831371347886, 0.000503311108332, 0.000341970677255, 0.000302000058582, 0.000243591508479, 0.000212827551877, 0.000191987375729, 0.000194024920347, 0.000213383682421, 0.000207908684388, 0.000220074463869, 9.31778777158e-05, 5.57853018108e-05],
        "dvar": [3.90730008348e-08, 3.51559829141e-05, 3.89735487261e-06, 9.26192626594e-07, 2.36523328567e-06, 2.21446907744e-06, 3.1559047784e-06, 5.74746036364e-06, 1.82882104127e-05, 1.66697609529e-05, 1.51200638356e-05, 6.53325332678e-06, 1.63920662999e-06, 2.63176320914e-06, 1.2765676729e-06, 7.17345812973e-07, 2.23865256999e-07, 1.07678552297e-07, 6.50481055686e-08, 5.0632447568e-08, 3.84116489727e-08, 5.85190349511e-08, 1.13739012875e-07, 2.27321137913e-07, 3.18182003411e-07, 4.01162516539e-08, 4.61550619946e-09],
        "dvar2": [1.04211949292e-07, 0.000104492515675, 1.10906457849e-05, 2.48437982009e-06, 6.07729134572e-06, 5.60255966775e-06, 8.07272863312e-06, 1.40030297189e-05, 4.51694249932e-05, 3.98702795792e-05, 3.42937491951e-05, 1.45591175169e-05, 4.00078806706e-06, 6.66836558594e-06, 3.2407638173e-06, 1.67854102529e-06, 5.32699402811e-07, 2.72439962146e-07, 1.6622414023e-07, 1.21731901004e-07, 9.56687884468e-08, 1.30078248617e-07, 2.61610097141e-07, 4.37925109509e-07, 5.70312124637e-07, 6.87230112817e-08, 1.0361334013e-08],
        "max": [0.00554405990988, 0.0612855479121, 0.0242794342339, 0.0143475262448, 0.0232656281441, 0.0430933758616, 0.0466408133507, 0.060377176851, 0.0783241465688, 0.0728070363402, 0.0655689686537, 0.0504221133888, 0.0349495746195, 0.0436971411109, 0.0282221902162, 0.0226931702346, 0.0181367117912, 0.00622349977493, 0.011562759988, 0.00670487200841, 0.0043330010958, 0.00809183064848, 0.0126155503094, 0.0166125372052, 0.0186561048031, 0.00894573703408, 0.000877248123288],
        "mean": [0.000171275169123, 0.00727298483253, 0.002088959096, 0.00104870775249, 0.00192477251403, 0.00115025171544, 0.0010138025973, 0.00122975173872, 0.00326116941869, 0.00249598082155, 0.00270425179042, 0.00167232868262, 0.00115421484224, 0.0010827218648, 0.000864488887601, 0.000563101784792, 0.000439689029008, 0.00037482281914, 0.000344155501807, 0.000296266836813, 0.000218468921958, 0.000215083797229, 0.000234465667745, 0.00025881594047, 0.00028073383146, 0.000111718472908, 4.91635328217e-05],
        "median": [0.000100195029518, 0.00604084972292, 0.00126048561651, 0.00052391376812, 0.00128292664886, 0.000570195959881, 0.000396203162381, 0.00042932893848, 0.00116304843687, 0.000682494486682, 0.000660144549329, 0.000527789350599, 0.000569330295548, 0.00052504154155, 0.000427956634667, 0.000235694285948, 0.000270210031886, 0.000251042481977, 0.000238865468418, 0.000192820560187, 0.000137894312502, 9.89728723653e-05, 9.37656805036e-05, 8.80567458807e-05, 8.19033448352e-05, 3.39438556693e-05, 1.39614157888e-05],
        "min": [2.51129435779e-23, 7.83244610006e-24, 6.68086300632e-24, 4.37198941018e-25, 2.69919739665e-23, 5.15734225095e-23, 2.91755598848e-23, 1.1514387322e-23, 6.17964792395e-23, 6.1783074915e-23, 4.61439958215e-23, 5.28137516662e-23, 9.90668374845e-23, 1.11339424266e-22, 1.46152499724e-22, 1.78824114436e-22, 2.05620154286e-22, 1.59038700383e-22, 1.79618554165e-22, 3.83971545402e-22, 3.68466175077e-22, 3.49712262922e-22, 5.3104924644e-22, 7.33929074646e-22, 1.02813087436e-21, 1.60085166657e-21, 2.25251539776e-21],
        "var": [5.08493407381e-08, 4.36205300502e-05, 6.29136138741e-06, 2.23347569772e-06, 4.90278807774e-06, 5.06640481035e-06, 4.08378218708e-06, 8.11712197901e-06, 3.91480971302e-05, 3.26725676132e-05, 3.50116097252e-05, 1.45420326589e-05, 4.09188305639e-06, 3.98060637963e-06, 2.08274241231e-06, 1.70013493062e-06, 5.59854356652e-07, 2.41595216721e-07, 1.47623040903e-07, 1.29598419107e-07, 6.37214796484e-08, 1.27146137174e-07, 2.78726389524e-07, 5.67906567994e-07, 7.78884270858e-07, 1.12357959381e-07, 6.64514843152e-09]
    },
    "erbbands": {
        "dmean": [0.0977613702416, 0.920540571213, 1.48609042168, 1.46213805676, 2.45226144791, 4.11104345322, 4.60286569595, 5.46256971359, 7.38290834427, 14.5444984436, 21.4921913147, 43.4932785034, 51.6621017456, 47.0702438354, 56.0795211792, 35.3170318604, 26.9597244263, 31.7081394196, 27.9003124237, 20.7293701172, 13.758351326, 10.5088615417, 9.6214799881, 9.0812997818, 6.53067493439, 6.00717926025, 4.91333198547, 4.78647756577, 4.87541103363, 3.85757565498, 4.19544458389, 3.14363884926, 2.43310070038, 1.94321489334, 1.07155919075, 0.353874891996, 0.120441325009, 0.0394092947245, 0.00725881801918, 0.000211445323657],
        "dmean2": [0.168977960944, 1.6139087677, 2.60166335106, 2.42006969452, 4.13236570358, 6.80421209335, 7.57314109802, 8.84840393066, 12.0785083771, 23.9123935699, 34.5277786255, 70.2711639404, 82.1403274536, 74.0787353516, 87.6746139526, 55.3557929993, 43.6295509338, 51.1001739502, 45.0323562622, 32.9714355469, 21.581911087, 16.7554550171, 15.5733823776, 14.6884498596, 10.4761981964, 9.58904457092, 7.79471874237, 7.77195739746, 7.58053588867, 6.01050519943, 6.38501262665, 4.68381309509, 3.4675784111, 2.70402503014, 1.52959632874, 0.492925524712, 0.169521957636, 0.056351069361, 0.0103128077462, 0.000300661951769],
        "dvar": [0.0194617491215, 2.24510097504, 6.49557685852, 5.31727170944, 15.5549240112, 51.227848053, 97.8619918823, 189.587478638, 324.562530518, 1828.18334961, 2783.5065918, 9283.97558594, 16940.5625, 14047.3193359, 19763.6328125, 7941.02490234, 3125.95629883, 6392.87011719, 4102.00341797, 2210.04785156, 1466.55395508, 503.425476074, 310.034637451, 200.448883057, 166.291976929, 121.02191925, 68.4553451538, 63.3201026917, 82.0459899902, 80.1949005127, 91.7240219116, 117.07434082, 60.0644645691, 48.3737831116, 16.4949092865, 1.54978942871, 0.103801459074, 0.00488149141893, 0.000153268265422, 1.24767680632e-07],
        "dvar2": [0.0566519126296, 6.66191053391, 19.2441635132, 13.9362154007, 40.5685653687, 130.031204224, 258.508270264, 465.303222656, 824.161865234, 4699.75048828, 6752.58984375, 23263.53125, 40659.25, 33751.1054688, 46531.2382812, 18963.84375, 7480.48242188, 16378.3730469, 10607.2382812, 5193.89648438, 3329.81884766, 1158.71130371, 770.230895996, 497.833465576, 437.76361084, 294.639984131, 165.337982178, 157.743835449, 189.685241699, 187.262680054, 196.992736816, 250.96496582, 108.180397034, 90.3037109375, 30.5241889954, 2.71684479713, 0.167435064912, 0.0105238510296, 0.000336898781825, 2.69048655355e-07],
        "max": [1.55342543125, 16.2622947693, 35.3526153564, 32.9822235107, 56.2376213074, 122.927276611, 270.049285889, 520.255126953, 447.596984863, 1007.01220703, 1139.35046387, 1695.32873535, 2572.43579102, 2372.16137695, 2597.95996094, 2372.03979492, 1830.20825195, 2211.56347656, 2050.73168945, 1333.80981445, 1473.31506348, 1000.57415771, 367.504241943, 294.575317383, 722.063781738, 450.763824463, 213.521438599, 170.143493652, 275.908813477, 319.522094727, 369.293426514, 387.950256348, 232.58946228, 270.632446289, 143.810089111, 50.9964866638, 16.037979126, 2.49311280251, 0.158125907183, 0.00513829942793],
        "mean": [0.175238639116, 1.71543455124, 2.90676999092, 2.95606708527, 4.63501310349, 7.31363248825, 8.10047531128, 9.21933746338, 11.4277629852, 20.753484726, 34.5826301575, 74.8852462769, 88.8274993896, 83.7022781372, 101.710655212, 66.3882598877, 54.3521957397, 58.4256095886, 50.4148864746, 38.7220077515, 28.3362636566, 23.7776412964, 20.9408512115, 19.970790863, 15.8120384216, 13.6100177765, 10.2552814484, 8.27996921539, 8.06732177734, 6.59848070145, 7.00493812561, 5.41217803955, 4.36146259308, 3.40975141525, 1.82161223888, 0.595086574554, 0.188955202699, 0.0538708679378, 0.00942959729582, 0.000319322163705],
        "median": [0.147116646171, 1.30047035217, 2.11289453506, 1.75126671791, 3.03970146179, 4.12390041351, 4.114112854, 4.25240802765, 4.98707532883, 7.95366764069, 14.6738433838, 27.242483139, 27.4819946289, 27.0922641754, 28.7424697876, 24.7760658264, 28.4778461456, 32.9920730591, 26.6603012085, 20.1535339355, 14.4185361862, 15.0201940536, 13.9836034775, 13.6803741455, 11.2983312607, 8.7837562561, 6.74881458282, 4.70640659332, 3.78014278412, 2.77167797089, 2.7489593029, 1.87356996536, 1.46536660194, 1.0044491291, 0.517941594124, 0.167769134045, 0.058403916657, 0.0173191297799, 0.00279427831993, 0.000125213788124],
        "min": [5.1453971298e-22, 1.19607378226e-21, 7.10330122699e-21, 5.02397515439e-21, 4.09493532734e-20, 8.54498704647e-20, 2.69808117841e-19, 4.77642416624e-19, 4.68018997378e-19, 3.69818027911e-19, 5.68640142221e-19, 1.38291508286e-18, 2.25744744278e-18, 1.46995940211e-18, 2.65576075712e-18, 2.58011198817e-18, 3.80288180251e-18, 6.21064409262e-18, 7.29279899308e-18, 6.64255148638e-18, 9.41488205093e-18, 9.87311943077e-18, 9.17253798379e-18, 9.52056099163e-18, 1.3124447127e-17, 2.07007556576e-17, 1.15872097135e-17, 1.67738927162e-17, 1.35419814304e-17, 1.41551100343e-17, 1.39971632051e-17, 1.28289831753e-17, 1.28826117759e-17, 1.07900003361e-17, 7.75639898484e-18, 5.6259146671e-18, 2.96117321007e-18, 1.38017794221e-18, 3.32208296807e-19, 3.03116942737e-20],
        "var": [0.0243417937309, 2.78775715828, 9.47346496582, 12.6729784012, 28.3382301331, 107.739372253, 190.530685425, 455.259124756, 451.563171387, 2086.5793457, 4746.19628906, 20512.0390625, 37343.1523438, 28129.2832031, 48875.6367188, 20073, 8015.02587891, 9013.95898438, 6376.06884766, 4156.41943359, 3485.7409668, 1411.36340332, 805.176696777, 481.873321533, 341.836578369, 295.67880249, 134.919006348, 106.649291992, 155.881896973, 187.656478882, 234.657623291, 259.621337891, 159.202529907, 110.041351318, 39.1490516663, 4.03391695023, 0.298837631941, 0.00886391848326, 0.000233308135648, 2.03915277552e-07]
    },
    "gfcc": {
        "mean": [47.0350990295, 61.0933799744, -113.099090576, 13.7342367172, -48.3519515991, 24.0640830994, -26.2304439545, 14.4832143784, -21.9754562378, 3.69290018082, -15.7090616226, -1.05258834362, -10.7895669937],
        "cov": [[3955.64599609, -76.9036102295, 663.564819336, 323.199066162, 353.591094971, 196.343536377, 200.289855957, -68.6835098267, 29.57122612, 0.396662890911, 55.5856208801, 30.2772388458, -19.9339427948], [-76.9036102295, 929.002258301, 52.8399391174, 140.565078735, 145.013412476, -12.7421178818, 68.7959442139, 7.43830776215, -29.9829483032, -23.4595603943, 87.0105361938, -45.25025177, 67.2035064697], [663.564819336, 52.8399391174, 916.343078613, 350.581512451, 194.777450562, 67.6459884644, 1.32265901566, -91.6615829468, 10.7439651489, 52.5247306824, 34.7640457153, 39.2040214539, -7.22643375397], [323.199066162, 140.565078735, 350.581512451, 370.172271729, 174.097579956, 68.6527328491, 30.0406513214, -41.1749687195, 4.0950922966, 25.6711063385, 27.5574531555, 9.66496276855, 6.13281393051], [353.591094971, 145.013412476, 194.777450562, 174.097579956, 269.010559082, 71.4348907471, 115.459144592, -22.3272342682, 8.71992778778, 3.09422016144, 34.5937156677, 7.07126569748, 14.0578927994], [196.343536377, -12.7421178818, 67.6459884644, 68.6527328491, 71.4348907471, 204.361419678, 89.5266113281, 19.5982227325, -20.186958313, -3.79804992676, 31.2286720276, -7.97115898132, 6.16109514236], [200.289855957, 68.7959442139, 1.32265901566, 30.0406513214, 115.459144592, 89.5266113281, 198.805740356, 18.6387081146, 10.1585941315, -19.8403968811, 12.5372562408, -8.02180957794, 12.1820659637], [-68.6835098267, 7.43830776215, -91.6615829468, -41.1749687195, -22.3272342682, 19.5982227325, 18.6387081146, 129.746322632, 45.6643943787, 1.63490927219, -5.26999759674, -11.0138120651, 10.192937851], [29.57122612, -29.9829483032, 10.7439651489, 4.0950922966, 8.71992778778, -20.186958313, 10.1585941315, 45.6643943787, 94.1384887695, 27.7628593445, -3.44554328918, 0.313008904457, -4.10495758057], [0.396662890911, -23.4595603943, 52.5247306824, 25.6711063385, 3.09422016144, -3.79804992676, -19.8403968811, 1.63490927219, 27.7628593445, 77.1091003418, 27.6009654999, 9.67744541168, -13.2537984848], [55.5856208801, 87.0105361938, 34.7640457153, 27.5574531555, 34.5937156677, 31.2286720276, 12.5372562408, -5.26999759674, -3.44554328918, 27.6009654999, 86.1048355103, 14.3060464859, 13.5238285065], [30.2772388458, -45.25025177, 39.2040214539, 9.66496276855, 7.07126569748, -7.97115898132, -8.02180957794, -11.0138120651, 0.313008904457, 9.67744541168, 14.3060464859, 79.2265853882, 20.7909698486], [-19.9339427948, 67.2035064697, -7.22643375397, 6.13281393051, 14.0578927994, 6.16109514236, 12.1820659637, 10.192937851, -4.10495758057, -13.2537984848, 13.5238285065, 20.7909698486, 63.2510070801]],
        "icov": [[0.000323379499605, 9.16162316571e-05, -0.000179542781552, -1.14510794447e-05, -0.000224903778872, -8.5002007836e-05, -0.000156145251822, 5.52634992346e-05, -0.000135841721203, 0.000261167006101, -0.000188922917005, -1.58404200192e-05, 0.000156115333084], [9.16162316571e-05, 0.00176399538759, -5.86881060372e-06, -0.000666848034598, -0.00055477663409, 0.00123083207291, -0.0004584096896, -0.000611947849393, 0.000878484570421, 0.000669576227665, -0.00205458933488, 0.00178915564902, -0.00154254178051], [-0.000179542781552, -5.86881060372e-06, 0.00201688567176, -0.00140053988434, -0.000412283989135, -0.00035992541234, 0.000611911527812, 0.000898815691471, -0.000460775190732, -0.000597785227001, 0.000263554480625, -0.000589732720982, 0.000162202530191], [-1.14510794447e-05, -0.000666848034598, -0.00140053988434, 0.00573477195576, -0.00254702451639, -0.00150573730934, 0.00132672220934, 0.000707445200533, -0.000524875416886, -0.00104722648393, 0.00118721427862, -0.000123591147712, -0.000134633941343], [-0.000224903778872, -0.00055477663409, -0.000412283989135, -0.00254702451639, 0.00820954609662, -3.14305325446e-05, -0.00391303328797, 0.00104313180782, -0.000941983307712, 0.000348032073816, -0.00100893876515, -0.000529416080099, -0.00011605329928], [-8.5002007836e-05, 0.00123083207291, -0.00035992541234, -0.00150573730934, -3.14305325446e-05, 0.00852312427014, -0.00351135316305, -0.00297610950656, 0.00396981043741, 0.000185664117453, -0.00345107563771, 0.00190106767695, -0.000487469806103], [-0.000156145251822, -0.0004584096896, 0.000611911527812, 0.00132672220934, -0.00391303328797, -0.00351135316305, 0.00924299005419, 0.000109062253614, -0.00219769799151, 0.00188218278345, 0.000730526109692, -4.78376168758e-05, -9.56246512942e-05], [5.52634992346e-05, -0.000611947849393, 0.000898815691471, 0.000707445200533, 0.00104313180782, -0.00297610950656, 0.000109062253614, 0.0119861578569, -0.00700648641214, 0.000173482170794, 0.00124806386884, 0.000719079980627, -0.00211441144347], [-0.000135841721203, 0.000878484570421, -0.000460775190732, -0.000524875416886, -0.000941983307712, 0.00396981043741, -0.00219769799151, -0.00700648641214, 0.0174420494586, -0.00617972109467, 0.000979184056632, 0.000695230788551, -0.00020372083236], [0.000261167006101, 0.000669576227665, -0.000597785227001, -0.00104722648393, 0.000348032073816, 0.000185664117453, 0.00188218278345, 0.000173482170794, -0.00617972109467, 0.0205883514136, -0.0081398319453, -0.00143569614738, 0.00504363095388], [-0.000188922917005, -0.00205458933488, 0.000263554480625, 0.00118721427862, -0.00100893876515, -0.00345107563771, 0.000730526109692, 0.00124806386884, 0.000979184056632, -0.0081398319453, 0.0184832401574, -0.00312742195092, -0.00230901897885], [-1.58404200192e-05, 0.00178915564902, -0.000589732720982, -0.000123591147712, -0.000529416080099, 0.00190106767695, -4.78376168758e-05, 0.000719079980627, 0.000695230788551, -0.00143569614738, -0.00312742195092, 0.0169412381947, -0.00729124480858], [0.000156115333084, -0.00154254178051, 0.000162202530191, -0.000134633941343, -0.00011605329928, -0.000487469806103, -9.56246512942e-05, -0.00211441144347, -0.00020372083236, 0.00504363095388, -0.00230901897885, -0.00729124480858, 0.0218961834908]]
    },
    "melbands": {
        "dmean": [0.000972931855358, 0.000897208054084, 0.00026743178023, 0.000225916155614, 0.000161572403158, 0.000122553057736, 0.000123741454445, 0.000162562952028, 0.000193347499589, 0.000296015175991, 0.000263938680291, 0.000193755782675, 0.000202598632313, 0.00012088456424, 7.25497011445e-05, 6.53875104035e-05, 6.58269127598e-05, 4.9568770919e-05, 3.68160108337e-05, 2.70570544672e-05, 1.60225008585e-05, 1.28863794089e-05, 9.90776970866e-06, 8.94960066944e-06, 8.17173440737e-06, 5.60937178307e-06, 4.79463824377e-06, 4.53808024758e-06, 3.64359652849e-06, 2.98369741358e-06, 2.8602578368e-06, 2.87506031782e-06, 2.5456226922e-06, 2.19232606469e-06, 2.59551279669e-06, 2.2383887881e-06, 1.95680922843e-06, 1.80377014658e-06, 1.69681516127e-06, 1.7372522052e-06],
        "dmean2": [0.00169094861485, 0.00157855590805, 0.000439992058091, 0.00037499028258, 0.000265453971224, 0.000197991277673, 0.000202788854949, 0.000266442948487, 0.000312662916258, 0.000477257679449, 0.000419937015977, 0.000305690598907, 0.000310108385747, 0.000187755984371, 0.00011749137775, 0.000106683241029, 0.000106340885395, 8.00299894763e-05, 5.92079886701e-05, 4.32938359154e-05, 2.52625177382e-05, 2.07138145925e-05, 1.61552452482e-05, 1.45312678796e-05, 1.33335115606e-05, 9.1979309218e-06, 7.7991408034e-06, 7.3217111094e-06, 5.79817515245e-06, 4.98225153933e-06, 4.64572985948e-06, 4.55946747024e-06, 3.99895861847e-06, 3.48319667864e-06, 3.99853797717e-06, 3.51355947714e-06, 2.96873258776e-06, 2.63766150965e-06, 2.47347929871e-06, 2.45884507422e-06],
        "dvar": [2.15749969357e-06, 2.27407417697e-06, 1.67249211813e-07, 1.19783251762e-07, 9.66728350704e-08, 8.90013325261e-08, 8.78587087527e-08, 2.31208957757e-07, 2.05742509252e-07, 4.59088965954e-07, 4.41550469077e-07, 2.46393653924e-07, 2.57029199702e-07, 9.96776350348e-08, 2.85241235076e-08, 1.88494464481e-08, 3.04913712057e-08, 1.40260274506e-08, 6.56952936495e-09, 5.39105204922e-09, 2.20801910089e-09, 8.47546477445e-10, 4.53281967516e-10, 2.90661411606e-10, 1.73697639605e-10, 1.44842415839e-10, 6.8566381739e-11, 7.90323709254e-11, 4.04121215658e-11, 2.61858538325e-11, 2.36214294652e-11, 2.85742835643e-11, 2.77337111609e-11, 3.05356191721e-11, 3.02804968599e-11, 4.9389051876e-11, 5.17396993305e-11, 3.70001460026e-11, 2.85660661792e-11, 4.13927087051e-11],
        "dvar2": [6.39447171125e-06, 6.76239915265e-06, 4.37806647824e-07, 3.09306159352e-07, 2.51336473411e-07, 2.19324363115e-07, 2.24115197511e-07, 5.89642354498e-07, 5.024494385e-07, 1.14517183647e-06, 1.05727519895e-06, 5.9205189018e-07, 5.79233926601e-07, 2.27349460147e-07, 6.83458054596e-08, 4.72211283409e-08, 7.80110056553e-08, 3.57120235606e-08, 1.62420672467e-08, 1.27371819758e-08, 5.07933162197e-09, 1.94256721819e-09, 1.11491349486e-09, 7.28634930169e-10, 4.31832736236e-10, 3.91065124727e-10, 1.75218062282e-10, 1.94806837328e-10, 9.7814929767e-11, 6.80304354517e-11, 5.86196854946e-11, 6.7621845623e-11, 6.33612051715e-11, 7.54644263745e-11, 6.48712403239e-11, 1.17068077454e-10, 1.13298731508e-10, 7.01002034198e-11, 5.61164829882e-11, 7.83329651144e-11],
        "max": [0.0159047078341, 0.0206702593714, 0.00581683078781, 0.00498199742287, 0.0072855358012, 0.010023554787, 0.00836161524057, 0.0108115160838, 0.0088416505605, 0.0121650118381, 0.0124444076791, 0.0102414321154, 0.00859163887799, 0.00673992792144, 0.00466011045501, 0.00416244100779, 0.00493034999818, 0.00358908623457, 0.00164696585853, 0.00188494310714, 0.00208416371606, 0.00147574546281, 0.000632887240499, 0.000406621489674, 0.000296634068945, 0.000683504214976, 0.000263618101599, 0.000370242109057, 0.000153090790263, 8.94279946806e-05, 0.000100773489976, 0.000167961450643, 0.000195341228391, 0.000190457925783, 0.00019048480317, 0.00029535338399, 0.000279877131106, 0.000211345628486, 0.000211733960896, 0.000227313226787],
        "mean": [0.00184013461694, 0.00186504994053, 0.000567381444853, 0.000435696390923, 0.000293625955237, 0.000210781305213, 0.000188177204109, 0.000230095145525, 0.000303426553728, 0.000497747620102, 0.000437514245277, 0.000323658663547, 0.000349461566657, 0.000213759733015, 0.000132069704705, 0.000117389085062, 0.000109780870844, 8.18870394141e-05, 6.23458472546e-05, 4.66145902465e-05, 2.97457409033e-05, 2.59520638792e-05, 1.96831897483e-05, 1.75689656317e-05, 1.61486732395e-05, 1.2125909052e-05, 9.84008329397e-06, 9.0838457254e-06, 6.99420797901e-06, 5.04692661707e-06, 4.625127076e-06, 4.56876205135e-06, 4.05193577535e-06, 3.53389145857e-06, 4.16875536757e-06, 3.54847270501e-06, 3.24173265653e-06, 3.11700250677e-06, 2.82131713902e-06, 2.93926382255e-06],
        "median": [0.00158446433488, 0.00151766627096, 0.000366137013771, 0.000285681802779, 0.000165580917383, 0.000101176927274, 8.06163443485e-05, 8.61505977809e-05, 0.000120826007333, 0.000166838945006, 0.000118945914437, 9.46207073866e-05, 8.6103551439e-05, 6.55765688862e-05, 5.4263335187e-05, 5.91097705183e-05, 5.51433695364e-05, 3.98258962377e-05, 3.20615290548e-05, 1.90410355572e-05, 1.48035014718e-05, 1.57613685587e-05, 1.18215830298e-05, 1.14747363114e-05, 1.05274793896e-05, 8.5027922978e-06, 6.47353681416e-06, 5.33040338269e-06, 4.28073235526e-06, 3.11046665047e-06, 2.33533160099e-06, 2.10958660318e-06, 1.68277074408e-06, 1.41732607517e-06, 1.63902757322e-06, 1.31371211864e-06, 1.06286961454e-06, 1.03083220893e-06, 8.71015345183e-07, 8.33530748423e-07],
        "min": [4.8161386102e-24, 2.90912811412e-24, 9.44853514671e-25, 4.00652987431e-24, 9.37919565364e-24, 1.08854939977e-23, 7.30356298363e-24, 3.84516443184e-24, 5.42168362383e-24, 9.45402542139e-24, 1.13594290078e-23, 5.60735189864e-24, 8.21255241636e-24, 5.39652606071e-24, 7.96989643533e-24, 1.07455619061e-23, 1.06679592922e-23, 1.04974359635e-23, 1.07972898822e-23, 8.81149269206e-24, 1.22481526039e-23, 1.13046749612e-23, 7.42454269205e-24, 9.02164602607e-24, 6.74846996362e-24, 7.9684117991e-24, 1.04763962543e-23, 1.54070041039e-23, 5.72278630933e-24, 9.219260416e-24, 9.54390981065e-24, 7.78125297162e-24, 6.3949983525e-24, 7.45663118709e-24, 7.88716938106e-24, 8.21052504383e-24, 7.25686478462e-24, 8.58559211666e-24, 9.08945256518e-24, 8.77311697561e-24],
        "var": [2.6067282306e-06, 3.05534649669e-06, 3.89150244473e-07, 2.62567823484e-07, 1.93229297452e-07, 2.08738356378e-07, 1.20943624893e-07, 2.70406104619e-07, 3.75621368676e-07, 1.00886268228e-06, 9.68694166659e-07, 4.65384403014e-07, 5.90128138356e-07, 2.38801362684e-07, 7.0126702667e-08, 4.06618312354e-08, 4.18520826884e-08, 2.08778363486e-08, 1.11497637789e-08, 1.15912071053e-08, 4.89913043467e-09, 1.9545578489e-09, 9.87031789634e-10, 6.66525223902e-10, 3.66239344407e-10, 2.32568853065e-10, 1.39728034698e-10, 1.73886793853e-10, 7.75712202805e-11, 3.60930035859e-11, 4.09017021641e-11, 4.94463046896e-11, 5.71683950179e-11, 6.47357931149e-11, 7.39290365037e-11, 9.81484754581e-11, 1.06831876678e-10, 9.00262156489e-11, 6.65805535705e-11, 8.82078160513e-11]
    },
    "mfcc": {
        "mean": [-601.362609863, 105.594551086, -5.75874662399, 3.68191838264, 3.37366724014, 7.48693180084, 9.54199409485, 7.9032793045, 4.87582063675, 7.29431295395, 2.68096828461, -0.949374318123, -2.50259375572],
        "cov": [[2670.20336914, -102.071174622, 279.669708252, 214.102493286, 198.114456177, 271.17590332, 199.933517456, 124.38747406, 31.7153110504, 59.9219322205, 27.2529087067, -2.83622789383, 83.6350860596], [-102.071174622, 695.374206543, 1.72640013695, 133.402297974, 59.8915748596, -2.45974731445, 101.487754822, 1.89292609692, -11.1425676346, 21.759355545, -16.9850540161, -2.3194437027, 1.04418826103], [279.669708252, 1.72640013695, 652.797546387, 234.74307251, 200.537261963, 149.042724609, 33.2530212402, -26.0064926147, -25.1002426147, -15.647321701, 21.91938591, 26.4812335968, 10.991733551], [214.102493286, 133.402297974, 234.74307251, 358.194549561, 162.823577881, 127.630569458, 43.5590934753, -4.54593992233, 10.4876565933, -12.1749534607, 16.3205299377, 15.9017972946, 21.1451969147], [198.114456177, 59.8915748596, 200.537261963, 162.823577881, 205.034240723, 91.9770736694, 55.6494674683, 6.45911502838, 1.06330430508, 8.90070819855, 10.1569261551, 18.5398044586, 26.430305481], [271.17590332, -2.45974731445, 149.042724609, 127.630569458, 91.9770736694, 231.065979004, 122.424728394, 37.5317001343, -6.30257892609, 7.39624023438, 20.0886211395, -10.3944244385, 7.35028219223], [199.933517456, 101.487754822, 33.2530212402, 43.5590934753, 55.6494674683, 122.424728394, 201.427642822, 68.1622695923, 4.99474096298, 35.6844787598, 1.73830580711, -14.5573368073, 2.78586292267], [124.38747406, 1.89292609692, -26.0064926147, -4.54593992233, 6.45911502838, 37.5317001343, 68.1622695923, 112.894042969, 50.330532074, 24.1169891357, -1.05384063721, -10.8112840652, 4.85420084], [31.7153110504, -11.1425676346, -25.1002426147, 10.4876565933, 1.06330430508, -6.30257892609, 4.99474096298, 50.330532074, 92.1359100342, 33.6381797791, 8.73984527588, 1.37855410576, -4.15090894699], [59.9219322205, 21.759355545, -15.647321701, -12.1749534607, 8.90070819855, 7.39624023438, 35.6844787598, 24.1169891357, 33.6381797791, 86.7573165894, 30.5908489227, 4.53364133835, -5.46967077255], [27.2529087067, -16.9850540161, 21.91938591, 16.3205299377, 10.1569261551, 20.0886211395, 1.73830580711, -1.05384063721, 8.73984527588, 30.5908489227, 80.0361785889, 29.0342025757, 0.898828268051], [-2.83622789383, -2.3194437027, 26.4812335968, 15.9017972946, 18.5398044586, -10.3944244385, -14.5573368073, -10.8112840652, 1.37855410576, 4.53364133835, 29.0342025757, 66.1856155396, 23.7515411377], [83.6350860596, 1.04418826103, 10.991733551, 21.1451969147, 26.430305481, 7.35028219223, 2.78586292267, 4.85420084, -4.15090894699, -5.46967077255, 0.898828268051, 23.7515411377, 68.6328430176]],
