{
"lowlevel": {
    "average_loudness": 0.938545763493,
    "barkbands_crest": {
        "dmean": 2.79574680328,
        "dmean2": 4.65730857849,
        "dvar": 6.36801958084,
        "dvar2": 16.7095603943,
        "max": 24.628944397,
        "mean": 8.67153644562,
        "median": 7.8766002655,
        "min": 1.99537956715,
        "var": 13.7382764816
    },
    "barkbands_flatness_db": {
        "dmean": 0.0181780327111,
        "dmean2": 0.0292657278478,
        "dvar": 0.000290315045277,
        "dvar2": 0.00071911100531,
        "max": 0.266375690699,
        "mean": 0.0947513207793,
        "median": 0.0867530629039,
        "min": 0.0230940449983,
        "var": 0.00145352084655
    },
    "barkbands_kurtosis": {
        "dmean": 1.88973999023,
        "dmean2": 3.08946442604,
        "dvar": 11.5467071533,
        "dvar2": 28.9620723724,
        "max": 84.8441848755,
        "mean": 1.97798454762,
        "median": 0.72333240509,
        "min": -1.92577302456,
        "var": 23.4345664978
    },
    "barkbands_skewness": {
        "dmean": 0.482234477997,
        "dmean2": 0.74850577116,
        "dvar": 0.293173730373,
        "dvar2": 0.640544772148,
        "max": 8.04511737823,
        "mean": 1.16320741177,
        "median": 1.08590912819,
        "min": -5.19476604462,
        "var": 0.921071946621
    },
    "barkbands_spread": {
        "dmean": 7.66832780838,
        "dmean2": 12.0194120407,
        "dvar": 86.9519577026,
        "dvar2": 191.314712524,
        "max": 114.658218384,
        "mean": 32.641784668,
        "median": 29.3230819702,
        "min": 2.30998706818,
        "var": 363.727355957
    },
    "dissonance": {
        "dmean": 0.0136949643493,
        "dmean2": 0.0231749434024,
        "dvar": 0.000209338832065,
        "dvar2": 0.000568242976442,
        "max": 0.500000059605,
        "mean": 0.479288697243,
        "median": 0.485426515341,
        "min": 0.31751576066,
        "var": 0.000388501328416
    },
    "dynamic_complexity": 1.88913226128,
    "erbbands_crest": {
        "dmean": 2.55411577225,
        "dmean2": 4.22834587097,
        "dvar": 6.28938007355,
        "dvar2": 15.8307847977,
        "max": 29.216753006,
        "mean": 7.92498970032,
        "median": 6.9180264473,
        "min": 2.31950354576,
        "var": 16.5018253326
    },
    "erbbands_flatness_db": {
        "dmean": 0.0145080462098,
        "dmean2": 0.0222518313676,
        "dvar": 0.000184762146091,
        "dvar2": 0.00039820317761,
        "max": 0.29055133462,
        "mean": 0.134068503976,
        "median": 0.123699732125,
        "min": 0.0475181117654,
        "var": 0.00199217884801
    },
    "erbbands_kurtosis": {
        "dmean": 0.930486619473,
        "dmean2": 1.46849441528,
        "dvar": 2.01984763145,
        "dvar2": 4.752617836,
        "max": 24.0906238556,
        "mean": 0.619108736515,
        "median": -0.0963380336761,
        "min": -1.76807761192,
        "var": 5.96170139313
    },
    "erbbands_skewness": {
        "dmean": 0.367310285568,
        "dmean2": 0.561155974865,
        "dvar": 0.138315200806,
        "dvar2": 0.280113846064,
        "max": 4.65377426147,
        "mean": 0.347109407187,
        "median": 0.329746544361,
        "min": -4.45476770401,
        "var": 0.79734390974
    },
    "erbbands_spread": {
        "dmean": 8.62855529785,
        "dmean2": 13.4306268692,
        "dvar": 98.4138641357,
        "dvar2": 227.845474243,
        "max": 148.064086914,
        "mean": 43.3477058411,
        "median": 42.8636207581,
        "min": 5.40412330627,
        "var": 388.915679932
    },
    "hfc": {
        "dmean": 11.7436590195,
        "dmean2": 16.5855827332,
        "dvar": 450.024902344,
        "dvar2": 776.432922363,
        "max": 486.089813232,
        "mean": 40.4169235229,
        "median": 32.6135292053,
        "min": 1.19802037189e-16,
        "var": 1430.63586426
    },
    "melbands_crest": {
        "dmean": 3.56793546677,
        "dmean2": 5.91066074371,
        "dvar": 9.22551345825,
        "dvar2": 24.6050281525,
        "max": 32.7824935913,
        "mean": 12.875617981,
        "median": 12.1547966003,
        "min": 1.74128329754,
        "var": 21.9462947845
    },
    "melbands_flatness_db": {
        "dmean": 0.0239091031253,
        "dmean2": 0.0378871448338,
        "dvar": 0.000522554793861,
        "dvar2": 0.00122437544633,
        "max": 0.387738287449,
        "mean": 0.145500600338,
        "median": 0.140857547522,
        "min": 0.0057608531788,
        "var": 0.00232658721507
    },
    "melbands_kurtosis": {
        "dmean": 5.6960606575,
        "dmean2": 9.25682353973,
        "dvar": 114.205963135,
        "dvar2": 280.27935791,
        "max": 234.160980225,
        "mean": 9.85524368286,
        "median": 5.94943904877,
        "min": -1.93139302731,
        "var": 192.514648438
    },
    "melbands_skewness": {
        "dmean": 0.700384736061,
        "dmean2": 1.10150432587,
        "dvar": 0.620499670506,
        "dvar2": 1.45117068291,
        "max": 13.3328638077,
        "mean": 2.37621212006,
        "median": 2.13761949539,
        "min": -1.32057356834,
        "var": 2.0015566349
    },
    "melbands_spread": {
        "dmean": 10.318192482,
        "dmean2": 15.9161558151,
        "dvar": 247.666992188,
        "dvar2": 456.134796143,
        "max": 262.567443848,
        "mean": 33.909992218,
        "median": 27.6107349396,
        "min": 1.27841389179,
        "var": 770.040222168
    },
    "pitch_salience": {
        "dmean": 0.0751853063703,
        "dmean2": 0.124911986291,
        "dvar": 0.00462093017995,
        "dvar2": 0.0121102146804,
        "max": 0.871524691582,
        "mean": 0.613221585751,
        "median": 0.622165799141,
        "min": 0.112066812813,
        "var": 0.0112508861348
    },
    "silence_rate_20dB": {
        "dmean": 0,
        "dmean2": 0,
        "dvar": 0,
        "dvar2": 0,
        "max": 1,
        "mean": 1,
        "median": 1,
        "min": 1,
        "var": 0
    },
    "silence_rate_30dB": {
        "dmean": 0.000699953350704,
        "dmean2": 0.0014000700321,
        "dvar": 0.000699451833498,
        "dvar2": 0.00209809839725,
        "max": 1,
        "mean": 0.999650061131,
        "median": 1,
        "min": 0,
        "var": 0.000349877635017
    },
    "silence_rate_60dB": {
        "dmean": 0.00279981340282,
        "dmean2": 0.00560028012842,
        "dvar": 0.00279179704376,
        "dvar2": 0.00650159455836,
        "max": 1,
        "mean": 0.0107313655317,
        "median": 0,
        "min": 0,
        "var": 0.0106154950336
    },
    "spectral_centroid": {
        "dmean": 309.578979492,
        "dmean2": 475.704681396,
        "dvar": 137213.25,
        "dvar2": 255482,
        "max": 11149.4716797,
        "mean": 1788.21411133,
        "median": 1719.42297363,
        "min": 277.015594482,
        "var": 540696.9375
    },
    "spectral_complexity": {
        "dmean": 4.49790000916,
        "dmean2": 7.11305570602,
        "dvar": 18.4476280212,
        "dvar2": 41.0524482727,
        "max": 58,
        "mean": 29.8281822205,
        "median": 30,
        "min": 0,
        "var": 113.331420898
    },
    "spectral_decrease": {
        "dmean": 2.28742758068e-09,
        "dmean2": 3.50653683867e-09,
        "dvar": 7.1642675336e-18,
        "dvar2": 1.60079482843e-17,
        "max": 8.66578197008e-29,
        "mean": -7.38116412435e-09,
        "median": -6.82473899616e-09,
        "min": -3.47706041737e-08,
        "var": 1.67897051007e-17
    },
    "spectral_energy": {
        "dmean": 0.00907764676958,
        "dmean2": 0.0138389589265,
        "dvar": 0.000105729021016,
        "dvar2": 0.000234310195083,
        "max": 0.135931953788,
        "mean": 0.0315241254866,
        "median": 0.0296651069075,
        "min": 1.06586244739e-20,
        "var": 0.000267550378339
    },
    "spectral_energyband_high": {
        "dmean": 0.00116648047697,
        "dmean2": 0.00170513661578,
        "dvar": 5.97835060034e-06,
        "dvar2": 1.07844498416e-05,
        "max": 0.0498282201588,
        "mean": 0.00292242271826,
        "median": 0.00172231253237,
        "min": 7.9639139919e-21,
        "var": 1.73399203049e-05
    },
    "spectral_energyband_low": {
        "dmean": 0.00418270705268,
        "dmean2": 0.00687401974574,
        "dvar": 4.11141081713e-05,
        "dvar2": 0.000104129539977,
        "max": 0.0845943540335,
        "mean": 0.00782607030123,
        "median": 0.00538261607289,
        "min": 5.03127533632e-23,
        "var": 7.35399808036e-05
    },
    "spectral_energyband_middle_high": {
        "dmean": 0.00219966983423,
        "dmean2": 0.00343155371957,
        "dvar": 7.60127340982e-06,
        "dvar2": 1.89664115169e-05,
        "max": 0.0596125759184,
        "mean": 0.00776210660115,
        "median": 0.0060347225517,
        "min": 1.45268364616e-21,
        "var": 3.79839875677e-05
    },
    "spectral_energyband_middle_low": {
        "dmean": 0.00658648787066,
        "dmean2": 0.0102469110861,
        "dvar": 8.94529730431e-05,
        "dvar2": 0.000205818825634,
        "max": 0.133174180984,
        "mean": 0.0143768498674,
        "median": 0.0105199702084,
        "min": 1.914173006e-22,
        "var": 0.000169315273524
    },
    "spectral_entropy": {
        "dmean": 0.121111609042,
        "dmean2": 0.182696565986,
        "dvar": 0.0191867388785,
        "dvar2": 0.0368046052754,
        "max": 9.79922962189,
        "mean": 7.99362754822,
        "median": 8.02021884918,
        "min": 6.19843196869,
        "var": 0.0997740998864
    },
    "spectral_flux": {
        "dmean": 0.0234894733876,
        "dmean2": 0.0363006293774,
        "dvar": 0.000626554072369,
        "dvar2": 0.00132832839154,
        "max": 0.352103233337,
        "mean": 0.106522582471,
        "median": 0.100200079381,
        "min": 1.03240617444e-10,
        "var": 0.00166232814081
    },
    "spectral_kurtosis": {
        "dmean": 0.700603485107,
        "dmean2": 1.12471008301,
        "dvar": 0.508796989918,
        "dvar2": 1.23156285286,
        "max": 12.3724088669,
        "mean": 2.73804140091,
        "median": 2.33699989319,
        "min": -1.39226770401,
        "var": 3.11806225777
    },
    "spectral_rms": {
        "dmean": 0.000779565307312,
        "dmean2": 0.00117783178575,
        "dvar": 6.02821216944e-07,
        "dvar2": 1.27813734707e-06,
        "max": 0.0115159256384,
        "mean": 0.00535035319626,
        "median": 0.00537973688915,
        "min": 3.22469503357e-12,
        "var": 2.12909458241e-06
    },
    "spectral_rolloff": {
        "dmean": 852.504150391,
        "dmean2": 1383.09387207,
        "dvar": 1824178.75,
        "dvar2": 3565892.75,
        "max": 19035.3515625,
        "mean": 2536.36889648,
        "median": 1765.72265625,
        "min": 21.533203125,
        "var": 5308984.5
    },
    "spectral_skewness": {
        "dmean": 0.151337534189,
        "dmean2": 0.234567031264,
        "dvar": 0.0248068161309,
        "dvar2": 0.0526757612824,
        "max": 3.06436514854,
        "mean": 1.30840027332,
        "median": 1.23267948627,
        "min": -0.145888268948,
        "var": 0.169222325087
    },
    "spectral_spread": {
        "dmean": 539238.75,
        "dmean2": 760529.25,
        "dvar": 677430886400,
        "dvar2": 968292696064,
        "max": 42088452,
        "mean": 5715873.5,
        "median": 5384002.5,
        "min": 2621920.5,
        "var": 3.03382816358e+12
    },
    "spectral_strongpeak": {
        "dmean": 0.622316598892,
        "dmean2": 1.04667675495,
        "dvar": 0.837511956692,
        "dvar2": 2.15333414078,
        "max": 16.7221164703,
        "mean": 0.991405963898,
        "median": 0.557638943195,
        "min": 0,
        "var": 1.30395960808
    },
    "zerocrossingrate": {
        "dmean": 0.0147550143301,
        "dmean2": 0.0166144371033,
        "dvar": 0.000435460096924,
        "dvar2": 0.000422668264946,
        "max": 0.615234375,
        "mean": 0.0942113399506,
        "median": 0.0810546875,
        "min": 0.0068359375,
        "var": 0.00296542211436
    },
    "barkbands": {
        "dmean": [7.04014819348e-05, 0.00260818027891, 0.00212591979653, 0.00124510377645, 0.00303790904582, 0.00149545294698, 0.00137920421548, 0.00140156515408, 0.00164855935145, 0.000971826375462, 0.000797126616817, 0.000758623296861, 0.000460101146018, 0.000368999375496, 0.000260504340986, 0.000250475859502, 0.000198108537006, 0.000179499998922, 0.000156762180268, 0.00022232288029, 0.00026867541601, 0.000230816338444, 0.000183594718692, 0.000291918695439, 0.000264076923486, 9.98196483124e-05, 1.45095254993e-05],
        "dmean2": [0.000122496494441, 0.0042457957752, 0.00369308306836, 0.00208521587774, 0.0049366033636, 0.00245876633562, 0.00226437929086, 0.00228297803551, 0.00266371434554, 0.00161194638349, 0.00131369580049, 0.00122918502893, 0.000746640725993, 0.000602924556006, 0.000428055092925, 0.000409424916143, 0.000327219284372, 0.000299135514069, 0.000260300905211, 0.000376271636924, 0.000451823871117, 0.000385081249988, 0.000281305838143, 0.000417774688685, 0.000369071029127, 0.000139402895002, 2.01402599487e-05],
        "dvar": [1.60522745318e-07, 2.05184333026e-05, 1.42687649713e-05, 5.70653173781e-06, 4.33486020484e-05, 2.38523734879e-05, 1.19653395814e-05, 1.3574462173e-05, 1.32081140691e-05, 3.24244047079e-06, 2.42754208557e-06, 2.36599248638e-06, 7.2143137686e-07, 3.43108212064e-07, 1.95135569925e-07, 2.1039240039e-07, 1.21050959478e-07, 7.78422375447e-08, 3.98798327694e-08, 1.00401827297e-07, 1.63876464399e-07, 2.09912755622e-07, 1.96527395246e-07, 8.01712019438e-07, 7.63152968375e-07, 7.20966326639e-08, 2.33867791799e-09],
        "dvar2": [4.57594779846e-07, 5.08036791871e-05, 4.11863002228e-05, 1.46444181155e-05, 0.000108092659502, 5.97572907282e-05, 2.95969784929e-05, 3.39563266607e-05, 3.20139115502e-05, 8.47568480822e-06, 6.47319848213e-06, 6.20430728304e-06, 1.73922023805e-06, 8.21555659059e-07, 4.88824298372e-07, 5.10197821768e-07, 3.11174972012e-07, 1.91044904341e-07, 1.06618024631e-07, 2.71723223477e-07, 4.36252690861e-07, 4.98337954014e-07, 4.05497985412e-07, 1.43867805491e-06, 1.45383137351e-06, 1.31782471158e-07, 4.21123313998e-09],
        "max": [0.0158412382007, 0.0674497932196, 0.0489775985479, 0.0451669953763, 0.104088909924, 0.0975333601236, 0.06300778687, 0.0637830346823, 0.0636519491673, 0.0308687090874, 0.0291945990175, 0.0334639437497, 0.028612261638, 0.0108849909157, 0.00935263745487, 0.0148065593094, 0.0104883359745, 0.0108472080901, 0.00563813559711, 0.00573740340769, 0.00515728490427, 0.0125990500674, 0.0118589019403, 0.0265687145293, 0.0235764030367, 0.00572213623673, 0.00205786968581],
        "mean": [7.84604417277e-05, 0.00389165338129, 0.00282368226908, 0.0017843125388, 0.00392346596345, 0.0018941446906, 0.00188848143443, 0.00176775804721, 0.00249893963337, 0.00160890899133, 0.0012796074152, 0.00129104533698, 0.000818912114482, 0.000665083178319, 0.000473705324112, 0.000484651332954, 0.000385004270356, 0.000404290331062, 0.000384221348213, 0.000524547125679, 0.000605804380029, 0.000427052844316, 0.00036130551598, 0.000576008169446, 0.000484517106088, 0.000176127097802, 2.24791328947e-05],
        "median": [2.81900483969e-05, 0.00207055616193, 0.00162886059843, 0.00096513266908, 0.00161611998919, 0.000507735006977, 0.000356200849637, 0.000430810963735, 0.000641862221528, 0.000602014537435, 0.000479365698993, 0.000565512571484, 0.000416100781877, 0.000404182588682, 0.0002936241508, 0.000331541174091, 0.000267173832981, 0.00031137073529, 0.00032647853368, 0.00041818903992, 0.000478976900922, 0.000246651732596, 0.000182791001862, 0.000216885193367, 0.000156787937158, 3.97114381485e-05, 1.6495298496e-06],
        "min": [8.24090841603e-25, 1.25530907311e-23, 1.35329640493e-23, 3.51214482855e-24, 3.95495288615e-23, 2.77301237373e-23, 1.63856633652e-23, 1.96113724046e-23, 3.99068986288e-23, 3.86224910801e-23, 3.97631082184e-23, 1.0081445469e-22, 5.62449621269e-23, 1.2271352372e-22, 8.74841947616e-23, 1.44538136902e-22, 1.09114571456e-22, 1.5874939669e-22, 1.19770454077e-22, 2.38324673964e-22, 4.74143521797e-22, 5.14627005172e-22, 5.77941360078e-22, 9.31433339587e-22, 1.08290715419e-21, 1.60217503438e-21, 2.54239898551e-21],
        "var": [1.61394922316e-07, 3.05057619698e-05, 1.47571745401e-05, 7.2058492151e-06, 4.82775249111e-05, 2.54865044553e-05, 1.8704089598e-05, 1.69268150785e-05, 2.35661027546e-05, 6.19309685135e-06, 4.56290126749e-06, 4.9158247748e-06, 1.76921139428e-06, 7.18245189546e-07, 3.71357742779e-07, 4.22196478667e-07, 2.24939867621e-07, 1.78382563831e-07, 1.02422148984e-07, 2.37127210312e-07, 3.22719557744e-07, 3.42553278188e-07, 3.76005033331e-07, 2.22345806833e-06, 1.77985691607e-06, 1.90987492488e-07, 6.30206775654e-09]
    },
    "erbbands": {
        "dmean": [0.0454444736242, 0.69618833065, 2.21891140938, 3.305103302, 7.00919151306, 11.3084392548, 12.8610076904, 11.7238588333, 16.2891159058, 25.5441875458, 30.3384246826, 37.4824409485, 33.8927688599, 26.4884777069, 31.5423545837, 26.7567176819, 19.9261665344, 18.8968582153, 13.6517810822, 12.1686973572, 13.0323219299, 10.2080459595, 9.63256645203, 7.91864585876, 9.19003868103, 9.65065288544, 12.3936090469, 9.48611068726, 8.73001861572, 6.12095832825, 5.23343896866, 6.00944328308, 5.05979728699, 3.54286241531, 1.61130583286, 0.577430307865, 0.164338245988, 0.028034588322, 0.00292850541882, 9.83273566817e-05],
        "dmean2": [0.0740455016494, 1.13702368736, 3.82172894478, 5.55099868774, 11.6138038635, 18.6841831207, 21.3123874664, 19.4209098816, 26.8379421234, 41.4396018982, 49.1173744202, 59.9943084717, 54.9543037415, 43.577419281, 51.2389335632, 43.1987686157, 32.0065841675, 30.63032341, 21.9710483551, 19.909986496, 21.0536060333, 16.7314720154, 16.0149307251, 13.1110630035, 15.4425792694, 16.288526535, 21.2618541718, 15.7268791199, 14.7290658951, 9.78635597229, 7.88359451294, 8.68974113464, 7.39737796783, 5.05642223358, 2.28667092323, 0.820952117443, 0.232015565038, 0.0387474223971, 0.00408136518672, 0.000132783330628],
        "dvar": [0.00833938829601, 1.41278111935, 15.134768486, 28.401309967, 254.944534302, 750.919189453, 1996.47485352, 1585.84094238, 1920.92382812, 4211.60693359, 6280.0078125, 7446.42822266, 4093.57666016, 2660.05688477, 4130.24023438, 2624.80810547, 1291.81274414, 996.215454102, 536.379516602, 474.622467041, 555.413208008, 352.346221924, 215.962646484, 128.653518677, 158.264434814, 170.508041382, 444.726379395, 187.13331604, 318.336303711, 149.376617432, 185.89541626, 346.897827148, 236.780792236, 148.195037842, 26.378118515, 2.35128760338, 0.220522552729, 0.0081754475832, 9.83032150543e-05, 1.0967577424e-07],
        "dvar2": [0.0218968261033, 3.46729779243, 42.8758773804, 73.8449935913, 657.180786133, 1926.3840332, 5116.05371094, 4064.08300781, 4918.44384766, 10416.7988281, 15532.5576172, 17963.8320312, 10757.0449219, 7195.32763672, 10612.4306641, 6793.13964844, 3143.81787109, 2388.09008789, 1303.51196289, 1170.10559082, 1286.71362305, 907.600646973, 550.91973877, 315.478210449, 423.844848633, 453.496337891, 1215.69006348, 469.427734375, 780.698608398, 331.896911621, 377.90536499, 642.478393555, 444.665863037, 296.425323486, 50.2421379089, 4.36131477356, 0.418339431286, 0.0147459302098, 0.00018308138533, 1.87957738262e-07],
        "max": [2.26292419434, 18.1326847076, 46.7316894531, 100.070465088, 353.017791748, 469.076873779, 1123.86108398, 998.044311523, 847.08026123, 1381.31054688, 2016.56469727, 1690.43457031, 1036.59228516, 1562.28625488, 1236.14807129, 1244.63916016, 1412.30273438, 705.102539062, 577.575195312, 531.097167969, 856.28125, 666.960266113, 626.378051758, 372.09576416, 250.636779785, 267.872741699, 226.381393433, 251.073165894, 485.439147949, 350.576263428, 355.513458252, 519.557678223, 451.670440674, 340.322937012, 174.379776001, 38.7162322998, 9.91089725494, 3.13711309433, 0.407918602228, 0.0153010664508],
        "mean": [0.0690282061696, 1.02847278118, 3.1903295517, 5.21914625168, 8.91580486298, 13.5945720673, 16.1554775238, 14.8276882172, 22.6085414886, 34.0060958862, 42.0725059509, 56.7937774658, 57.4775733948, 47.3538780212, 56.3574066162, 49.7299041748, 39.0098419189, 35.850856781, 27.7281799316, 24.8562088013, 26.9223861694, 21.6982097626, 22.254119873, 19.203332901, 22.8155994415, 23.7190322876, 24.671295166, 22.2261447906, 15.6512727737, 12.4360818863, 10.1329717636, 11.3275957108, 9.64832496643, 6.39370679855, 2.87311816216, 1.027764678, 0.273788630962, 0.0451931059361, 0.00452721351758, 0.000184186836123],
        "median": [0.0359669923782, 0.548830688, 1.86922478676, 3.17168998718, 4.05677318573, 4.97020196915, 4.32703876495, 4.08702325821, 4.85944986343, 7.85679674149, 11.8071041107, 15.3545284271, 19.6255321503, 21.0907745361, 19.8119468689, 25.1774158478, 21.309720993, 22.0268783569, 18.6947784424, 16.6309738159, 18.8069229126, 15.5502738953, 17.3174114227, 15.9259881973, 18.8472423553, 19.4504013062, 18.8395595551, 17.2850399017, 9.55149173737, 6.42783594131, 5.02244520187, 4.28989267349, 3.47449469566, 2.08387947083, 0.909864485264, 0.283001363277, 0.0509466342628, 0.00598772801459, 0.000330552575178, 5.67876122659e-05],
        "min": [2.74942966096e-22, 2.33012981926e-21, 1.40986812334e-20, 1.43264984064e-20, 1.9512056508e-20, 1.51027347098e-19, 3.61397794564e-19, 1.92937202466e-19, 2.91927625355e-19, 2.95147994576e-19, 5.21248690181e-19, 8.68139287764e-19, 1.311947329e-18, 1.33290105468e-18, 2.06666629951e-18, 4.7946229669e-18, 2.95008816268e-18, 7.06347061288e-18, 3.68075313456e-18, 8.69906724579e-18, 5.19378972483e-18, 5.64265018525e-18, 8.39665497692e-18, 6.36618548064e-18, 8.41948598901e-18, 1.15454122772e-17, 1.64458444657e-17, 1.71640390695e-17, 1.95870363721e-17, 1.42912308759e-17, 1.77481725114e-17, 1.98824358038e-17, 1.45464276754e-17, 1.3169128115e-17, 7.33023553325e-18, 4.86012285011e-18, 3.0816727458e-18, 1.36414687175e-18, 3.88095695069e-19, 3.71744757739e-20],
        "var": [0.0121457409114, 2.09085869789, 17.4242744446, 42.9075431824, 255.230728149, 786.312011719, 2016.84423828, 1641.96459961, 2930.80493164, 5500.31884766, 8480.15625, 12947.4326172, 8644.34667969, 4927.50146484, 9120.02246094, 6292.56982422, 3613.72851562, 2104.12426758, 1115.73950195, 1016.46112061, 1203.47399902, 657.851928711, 486.853424072, 310.283996582, 402.324249268, 432.34274292, 628.348754883, 462.764099121, 463.186523438, 303.372833252, 353.180114746, 863.226867676, 633.984558105, 324.830810547, 60.1734848022, 6.18806648254, 0.516205251217, 0.0209825504571, 0.000256813887972, 3.05181174554e-07]
    },
    "gfcc": {
        "mean": [51.5526809692, 53.2559700012, -117.050178528, 29.1235198975, -65.5703735352, 23.9591083527, -35.6188240051, 12.2278623581, -30.7961730957, 4.02469015121, -20.8843593597, -1.71720838547, -11.7862329483],
        "cov": [[2859.95849609, -234.48840332, 571.050842285, 482.366821289, 68.1027832031, 147.503036499, -45.1781463623, -89.5607528687, -128.749450684, 51.1323432922, -23.3560409546, -23.228723526, 3.76808214188], [-234.48840332, 1071.578125, 42.409614563, 210.040405273, 19.5413246155, 10.7573289871, 115.138519287, 41.3183517456, 71.1538772583, 37.9986953735, 56.4951858521, -20.7265014648, 38.421585083], [571.050842285, 42.409614563, 1153.30224609, 482.800231934, 192.537994385, 62.8770637512, -65.6312942505, -132.264648438, -43.5779571533, 69.7218933105, 28.742975235, -11.0283842087, -0.0798244997859], [482.366821289, 210.040405273, 482.800231934, 783.54675293, 244.563537598, 137.012512207, 13.1503324509, -109.401031494, -67.3408050537, 51.7447547913, 15.9794282913, -27.852678299, 46.8021240234], [68.1027832031, 19.5413246155, 192.537994385, 244.563537598, 270.599822998, 124.696220398, 73.7261276245, -16.2539672852, -30.0160045624, 17.2488937378, -21.2689228058, -18.2885322571, -2.76929783821], [147.503036499, 10.7573289871, 62.8770637512, 137.012512207, 124.696220398, 221.357528687, 139.18737793, 36.2749099731, -43.2550964355, -18.4736690521, -13.1660852432, -16.4642562866, -10.1181278229], [-45.1781463623, 115.138519287, -65.6312942505, 13.1503324509, 73.7261276245, 139.18737793, 245.511352539, 92.7082824707, -5.22173404694, -19.1560115814, -19.7773685455, -13.3750419617, -26.993812561], [-89.5607528687, 41.3183517456, -132.264648438, -109.401031494, -16.2539672852, 36.2749099731, 92.7082824707, 131.591705322, 52.7379570007, -6.24571800232, -5.96181678772, -3.22095155716, -16.2698001862], [-128.749450684, 71.1538772583, -43.5779571533, -67.3408050537, -30.0160045624, -43.2550964355, -5.22173404694, 52.7379570007, 120.944869995, 37.7402381897, 11.0291166306, -8.76498794556, -10.3232164383], [51.1323432922, 37.9986953735, 69.7218933105, 51.7447547913, 17.2488937378, -18.4736690521, -19.1560115814, -6.24571800232, 37.7402381897, 78.9288711548, 28.8607559204, -3.36428880692, -3.31110525131], [-23.3560409546, 56.4951858521, 28.742975235, 15.9794282913, -21.2689228058, -13.1660852432, -19.7773685455, -5.96181678772, 11.0291166306, 28.8607559204, 76.6820907593, 23.8805446625, 15.0477285385], [-23.228723526, -20.7265014648, -11.0283842087, -27.852678299, -18.2885322571, -16.4642562866, -13.3750419617, -3.22095155716, -8.76498794556, -3.36428880692, 23.8805446625, 65.177192688, 29.3076686859], [3.76808214188, 38.421585083, -0.0798244997859, 46.8021240234, -2.76929783821, -10.1181278229, -26.993812561, -16.2698001862, -10.3232164383, -3.31110525131, 15.0477285385, 29.3076686859, 74.8208770752]],
        "icov": [[0.00047518624342, 0.000118234376714, -0.000158587034093, -0.000277714221738, 0.000461944931885, -0.00035786209628, 0.000169435414136, -0.000268068106379, 0.000482797942823, -0.000589034869336, 0.000414110749261, -3.61939419236e-06, 1.91209510376e-05], [0.000118234376714, 0.00132319936529, -2.61078475887e-05, -0.000561311549973, 0.000328748166794, 0.000584173656534, -0.00114346586633, 1.87145906239e-05, -0.000715956673957, 0.000166686979355, -0.000977539573796, 0.000899329723325, -0.000898731581401], [-0.000158587034093, -2.61078475887e-05, 0.00136990053579, -0.000524390488863, -0.000529507349711, -5.57721541554e-05, 0.000294567464152, 0.000750813691411, -0.000272603560006, -0.000241274945438, -0.000355738215148, -0.000386268919101, 0.000767829653341], [-0.000277714221738, -0.000561311549973, -0.000524390488863, 0.00308079458773, -0.00165736908093, -0.000965300481766, 0.000127957318909, 0.00159450538922, 0.000357014854671, -0.000877436657902, -0.000350372487446, 0.00131299009081, -0.00185783987399], [0.000461944931885, 0.000328748166794, -0.000529507349711, -0.00165736908093, 0.00742301251739, -0.00288474746048, -0.000920690654311, 0.000587263435591, 0.000198583322344, -0.00255250371993, 0.00289890216663, -0.000530076446012, 6.33015151834e-05], [-0.00035786209628, 0.000584173656534, -5.57721541554e-05, -0.000965300481766, -0.00288474746048, 0.0108899064362, -0.00463914871216, -0.0022849899251, 0.00228887517005, 0.00235040020198, -0.00238050427288, 0.00197507720441, -0.000357967132004], [0.000169435414136, -0.00114346586633, 0.000294567464152, 0.000127957318909, -0.000920690654311, -0.00463914871216, 0.0100824628025, -0.00552313076332, 0.00206786883064, -0.000286085996777, 0.00157608324662, -0.00139539758675, 0.00277628470212], [-0.000268068106379, 1.87145906239e-05, 0.000750813691411, 0.00159450538922, 0.000587263435591, -0.0022849899251, -0.00552313076332, 0.0174366328865, -0.00827610865235, 0.0018241845537, -0.000211441147258, -0.000827752926853, -0.00017539721739], [0.000482797942823, -0.000715956673957, -0.000272603560006, 0.000357014854671, 0.000198583322344, 0.00228887517005, 0.00206786883064, -0.00827610865235, 0.0163566675037, -0.00766155403107, 0.000872574630193, 0.00203744042665, 0.000327162066242], [-0.000589034869336, 0.000166686979355, -0.000241274945438, -0.000877436657902, -0.00255250371993, 0.00235040020198, -0.000286085996777, 0.0018241845537, -0.00766155403107, 0.021761642769, -0.00822445657104, 0.00156236148905, 0.00195753923617], [0.000414110749261, -0.000977539573796, -0.000355738215148, -0.000350372487446, 0.00289890216663, -0.00238050427288, 0.00157608324662, -0.000211441147258, 0.000872574630193, -0.00822445657104, 0.0202285535634, -0.00738139310852, -0.000412619614508], [-3.61939419236e-06, 0.000899329723325, -0.000386268919101, 0.00131299009081, -0.000530076446012, 0.00197507720441, -0.00139539758675, -0.000827752926853, 0.00203744042665, 0.00156236148905, -0.00738139310852, 0.0232481639832, -0.00899094156921], [1.91209510376e-05, -0.000898731581401, 0.000767829653341, -0.00185783987399, 6.33015151834e-05, -0.000357967132004, 0.00277628470212, -0.00017539721739, 0.000327162066242, 0.00195753923617, -0.000412619614508, -0.00899094156921, 0.0196427050978]]
    },
    "melbands": {
        "dmean": [0.000574425270315, 0.00103506178129, 0.000604839122389, 0.000672202906571, 0.000451861153124, 0.000268667296041, 0.000257132109255, 0.00028588049463, 0.000257170700934, 0.000240088396822, 0.000170125276782, 0.000110517496068, 0.000105410763354, 8.95061893971e-05, 6.0212740209e-05, 4.39229879703e-05, 3.77031137759e-05, 2.45028004429e-05, 2.0149638658e-05, 1.72665841092e-05, 1.65347537404e-05, 1.23135541799e-05, 9.45115789364e-06, 9.15550754144e-06, 7.01598310116e-06, 6.82978225086e-06, 8.23801838123e-06, 6.88131285642e-06, 8.9016630227e-06, 7.34267769076e-06, 5.55747647013e-06, 5.62371769774e-06, 4.14886835642e-06, 3.47196873918e-06, 3.08934954774e-06, 3.42941643794e-06, 4.09646281696e-06, 3.8351299736e-06, 3.43869896824e-06, 3.05557637148e-06],
        "dmean2": [0.000925592146814, 0.00173180084676, 0.00100931851193, 0.00110374833457, 0.000744163524359, 0.000445275654783, 0.000421421136707, 0.000464107783046, 0.000417033472331, 0.000386468105717, 0.000277510320302, 0.000182555653737, 0.000172048879904, 0.000145116864587, 9.81647317531e-05, 7.08401712473e-05, 6.18051781203e-05, 3.9610076783e-05, 3.32493509632e-05, 2.86034864985e-05, 2.6902420359e-05, 2.03354065889e-05, 1.56993373821e-05, 1.53295859491e-05, 1.17103691082e-05, 1.13954965855e-05, 1.40089050547e-05, 1.16952569442e-05, 1.53656346811e-05, 1.24531061374e-05, 9.23523930396e-06, 9.57813426794e-06, 6.84544420437e-06, 5.61121169085e-06, 4.79822301713e-06, 5.08517950948e-06, 6.02711861575e-06, 5.75847570872e-06, 5.00282476423e-06, 4.47350430477e-06],
        "dvar": [1.07718858544e-06, 2.93422158393e-06, 1.07029131868e-06, 2.17444403461e-06, 1.97289637072e-06, 7.58897726882e-07, 4.43906287728e-07, 5.10928600761e-07, 4.34332150689e-07, 2.89999974257e-07, 1.03942596752e-07, 4.70989824919e-08, 4.40826148917e-08, 3.4985223607e-08, 1.44621372655e-08, 7.00554947386e-09, 3.99809518825e-09, 1.73604053355e-09, 1.22222421073e-09, 9.27971810505e-10, 9.3589103134e-10, 5.48162626401e-10, 1.83015352873e-10, 2.68775723899e-10, 1.01380799589e-10, 7.91508386611e-11, 1.67335215129e-10, 8.97888707829e-11, 2.47030118583e-10, 1.08433394208e-10, 7.2037396881e-11, 1.31390578972e-10, 6.75579037157e-11, 4.82795921297e-11, 6.12802308897e-11, 1.08928484288e-10, 1.72156733313e-10, 1.47652889915e-10, 1.10702634559e-10, 1.19963872169e-10],
        "dvar2": [2.67445579993e-06, 7.89314435679e-06, 2.73259115602e-06, 5.50537197341e-06, 5.01692011312e-06, 1.9214526219e-06, 1.11803194613e-06, 1.25808173834e-06, 1.05868252831e-06, 7.00766008777e-07, 2.71953837228e-07, 1.27085002077e-07, 1.15267006606e-07, 9.23636847006e-08, 3.75003672559e-08, 1.66244316091e-08, 9.77674918801e-09, 4.18553458559e-09, 3.06086156421e-09, 2.32722374705e-09, 2.19771489895e-09, 1.42285649929e-09, 4.67335670162e-10, 6.7767430556e-10, 2.57973142848e-10, 2.1371648895e-10, 4.70168182165e-10, 2.40477776581e-10, 6.79591105612e-10, 2.95632435199e-10, 1.78173253929e-10, 3.31142918641e-10, 1.5195114611e-10, 1.11020512228e-10, 1.33233438171e-10, 2.19584558869e-10, 3.27642080133e-10, 2.94355206876e-10, 2.17032489203e-10, 2.52678877821e-10],
        "max": [0.0164910256863, 0.0205572918057, 0.0157419573516, 0.0210781861097, 0.0308080017567, 0.0208895821124, 0.0112846987322, 0.0150851961225, 0.018607519567, 0.0109186191112, 0.0052048494108, 0.00645821308717, 0.00481008319184, 0.00462898751721, 0.00423050485551, 0.00211101328023, 0.00114668428432, 0.00100671814289, 0.000892196258064, 0.00082578411093, 0.00115772220306, 0.000808210810646, 0.000368308305042, 0.000655540439766, 0.000340848986525, 0.000169457489392, 0.000339589023497, 0.000172083979123, 0.000213196733966, 0.000170938059455, 0.000173025604454, 0.000321726693073, 0.000228881748626, 0.000205577875022, 0.000259164487943, 0.000263348920271, 0.000415489077568, 0.000387773354305, 0.00029885242111, 0.000290363124805],
        "mean": [0.000873662880622, 0.00162768142764, 0.000983582460321, 0.000833111756947, 0.000580601394176, 0.000341225473676, 0.000360471720342, 0.000375897652702, 0.000352921284502, 0.000361204729415, 0.000282076536678, 0.000188012505532, 0.000179687529453, 0.000153210145072, 0.000107176078018, 7.77067616582e-05, 6.57781492919e-05, 4.55183653685e-05, 3.60311023542e-05, 3.23609056068e-05, 3.13546916004e-05, 2.327574839e-05, 1.90545051737e-05, 1.96980818146e-05, 1.47744121932e-05, 1.50168389155e-05, 1.80396964424e-05, 1.49874585986e-05, 1.53519777086e-05, 1.5345563952e-05, 1.1778458429e-05, 9.10929793463e-06, 7.37427944841e-06, 6.74327520755e-06, 5.59123282073e-06, 6.1489718064e-06, 7.27954147806e-06, 6.8894182732e-06, 6.17460591457e-06, 5.16580212206e-06],
        "median": [0.00046467242646, 0.00100846111309, 0.000631012488157, 0.000346010667272, 0.000168415921507, 9.20725797187e-05, 7.3226292443e-05, 8.76627746038e-05, 9.00945306057e-05, 9.46486834437e-05, 9.20065940591e-05, 7.90415360825e-05, 6.36614422547e-05, 6.25331595074e-05, 5.4274663853e-05, 3.86858664569e-05, 3.87477521144e-05, 2.90845200652e-05, 2.21961599891e-05, 2.18595250772e-05, 2.10572234209e-05, 1.59434930538e-05, 1.39614085128e-05, 1.4581411051e-05, 1.15369139166e-05, 1.21880248116e-05, 1.42420922202e-05, 1.15640123113e-05, 1.07559917524e-05, 1.19643036669e-05, 8.57526447362e-06, 5.39722805115e-06, 3.87696400139e-06, 3.27417137669e-06, 2.82840733234e-06, 2.53245184467e-06, 2.55508234659e-06, 2.37068115894e-06, 2.15675959225e-06, 1.55840336902e-06],
        "min": [2.79085991784e-24, 5.80575909377e-24, 2.53437895223e-24, 5.77751116805e-24, 1.27371919337e-23, 4.53065813164e-24, 4.02460622752e-24, 3.84765644344e-24, 4.20326389546e-24, 5.62182118536e-24, 6.71298384466e-24, 5.73693571296e-24, 5.95081010386e-24, 8.25382246347e-24, 1.13573140717e-23, 6.62372265551e-24, 1.3239539347e-23, 4.20297201693e-24, 8.08043556967e-24, 1.37737007318e-23, 4.46018129837e-24, 4.83237533978e-24, 8.80033583228e-24, 7.20029951341e-24, 4.44373118191e-24, 4.66588703459e-24, 8.19232917819e-24, 6.87010994862e-24, 1.09029656891e-23, 9.08548775027e-24, 8.46724404822e-24, 9.76991214911e-24, 1.06655296006e-23, 6.88329733637e-24, 8.67373233446e-24, 1.01635095646e-23, 1.31595946052e-23, 9.28502696081e-24, 1.04089241922e-23, 1.04479309974e-23],
        "var": [1.64210496223e-06, 4.05369746659e-06, 1.49106767822e-06, 2.30199702855e-06, 2.07478069569e-06, 8.10020083009e-07, 7.01141004811e-07, 6.68494635647e-07, 6.16814020304e-07, 5.21186734659e-07, 2.1636742531e-07, 8.359997139e-08, 9.09795616622e-08, 7.2180213806e-08, 3.40276677946e-08, 1.64313025408e-08, 7.69898989006e-09, 3.46107031923e-09, 2.27994623181e-09, 1.84808690573e-09, 1.88712223625e-09, 9.23157605914e-10, 4.00869143435e-10, 5.22052456819e-10, 2.16625592464e-10, 1.85352580506e-10, 3.28567145713e-10, 1.93173588237e-10, 3.12175035821e-10, 2.128470733e-10, 1.58756993662e-10, 1.72715397539e-10, 1.21452806146e-10, 9.38861280386e-11, 1.02348338138e-10, 2.16009723997e-10, 4.16252310398e-10, 3.74779401957e-10, 2.46537207316e-10, 2.3902971269e-10]
    },
    "mfcc": {
        "mean": [-589.609558105, 86.5785980225, 2.56711149216, 9.85259246826, -2.63822317123, 6.56205415726, 6.43891525269, 2.42050981522, 3.40011572838, 0.272528737783, -2.24103474617, 0.170407190919, -3.87710237503],
        "cov": [[2188.40283203, -328.038696289, 296.077880859, 281.036682129, 124.320610046, 194.15927124, 135.190124512, -38.2878761292, 2.79779076576, -0.580268442631, -72.2722473145, -2.28508257866, 23.1420574188], [-328.038696289, 769.828430176, 20.4959545135, 12.7727890015, -82.724822998, -49.5423851013, -7.19785928726, 37.961353302, 55.2123413086, 19.4914798737, 55.6685829163, 90.390296936, 27.8635158539], [296.077880859, 20.4959545135, 874.639343262, 395.897979736, 264.225860596, 179.389450073, 58.0294303894, -97.3677520752, -31.1165313721, -32.956905365, -47.4429969788, 70.2516403198, 57.5309295654], [281.036682129, 12.7727890015, 395.897979736, 558.843933105, 256.882751465, 239.343795776, 96.7355041504, -67.751914978, 12.9071111679, -8.83487224579, -31.121055603, 24.4824028015, 34.5378494263], [124.320610046, -82.724822998, 264.225860596, 256.882751465, 284.343658447, 156.701553345, 46.6454353333, -57.5852622986, -2.38121771812, -2.50140094757, -27.8233737946, 7.29756355286, 11.0919218063], [194.15927124, -49.5423851013, 179.389450073, 239.343795776, 156.701553345, 265.415924072, 163.149749756, 26.0707588196, 27.7098388672, 16.1186695099, -6.28847980499, -7.7258014679, -5.05348300934], [135.190124512, -7.19785928726, 58.0294303894, 96.7355041504, 46.6454353333, 163.149749756, 244.880752563, 103.234458923, 44.0682983398, 21.2574329376, 2.31947183609, -6.59978103638, -7.57647371292], [-38.2878761292, 37.961353302, -97.3677520752, -67.751914978, -57.5852622986, 26.0707588196, 103.234458923, 165.963607788, 65.5216522217, 31.1852207184, 23.8486537933, -5.72319841385, -7.21054029465], [2.79779076576, 55.2123413086, -31.1165313721, 12.9071111679, -2.38121771812, 27.7098388672, 44.0682983398, 65.5216522217, 99.2709121704, 44.2902297974, 25.3180332184, 6.1903834343, -6.42191076279], [-0.580268442631, 19.4914798737, -32.956905365, -8.83487224579, -2.50140094757, 16.1186695099, 21.2574329376, 31.1852207184, 44.2902297974, 89.3259048462, 49.4334602356, 11.5320138931, -6.7568116188], [-72.2722473145, 55.6685829163, -47.4429969788, -31.121055603, -27.8233737946, -6.28847980499, 2.31947183609, 23.8486537933, 25.3180332184, 49.4334602356, 92.0263977051, 32.1002845764, -5.21822690964], [-2.28508257866, 90.390296936, 70.2516403198, 24.4824028015, 7.29756355286, -7.7258014679, -6.59978103638, -5.72319841385, 6.1903834343, 11.5320138931, 32.1002845764, 81.1287994385, 33.0694694519], [23.1420574188, 27.8635158539, 57.5309295654, 34.5378494263, 11.0919218063, -5.05348300934, -7.57647371292, -7.21054029465, -6.42191076279, -6.7568116188, -5.21822690964, 33.0694694519, 68.14037323]],
