{
"lowlevel": {
    "average_loudness": 0.899967372417,
    "barkbands_crest": {
        "dmean": 2.93866419792,
        "dmean2": 4.78581380844,
        "dvar": 7.92267990112,
        "dvar2": 19.8072929382,
        "max": 26.8992862701,
        "mean": 10.5180902481,
        "median": 9.57752609253,
        "min": 2.69739341736,
        "var": 18.6085910797
    },
    "barkbands_flatness_db": {
        "dmean": 0.0219944417477,
        "dmean2": 0.0334560163319,
        "dvar": 0.000413860572735,
        "dvar2": 0.000940451747738,
        "max": 0.536848604679,
        "mean": 0.114712700248,
        "median": 0.112076610327,
        "min": 0.0163209382445,
        "var": 0.00163793680258
    },
    "barkbands_kurtosis": {
        "dmean": 2.82893133163,
        "dmean2": 4.51638650894,
        "dvar": 414.633087158,
        "dvar2": 1002.12011719,
        "max": 1565.85925293,
        "mean": 3.87458896637,
        "median": 2.20061182976,
        "min": -1.89937746525,
        "var": 387.567626953
    },
    "barkbands_skewness": {
        "dmean": 0.512916743755,
        "dmean2": 0.791632831097,
        "dvar": 0.480529129505,
        "dvar2": 1.07236421108,
        "max": 39.0900840759,
        "mean": 1.59771287441,
        "median": 1.48188078403,
        "min": -2.57731676102,
        "var": 1.16067457199
    },
    "barkbands_spread": {
        "dmean": 6.84083938599,
        "dmean2": 10.4110822678,
        "dvar": 65.1036529541,
        "dvar2": 136.311264038,
        "max": 109.088104248,
        "mean": 23.1192493439,
        "median": 20.4642677307,
        "min": 0.355750113726,
        "var": 171.925704956
    },
    "dissonance": {
        "dmean": 0.0211677867919,
        "dmean2": 0.036414720118,
        "dvar": 0.000405041384511,
        "dvar2": 0.00112932035699,
        "max": 0.500000178814,
        "mean": 0.462961137295,
        "median": 0.468749284744,
        "min": 0.229741096497,
        "var": 0.000709435320459
    },
    "dynamic_complexity": 2.17478609085,
    "erbbands_crest": {
        "dmean": 2.88739585876,
        "dmean2": 4.62635278702,
        "dvar": 7.54557514191,
        "dvar2": 17.3489074707,
        "max": 29.5471553802,
        "mean": 9.7586479187,
        "median": 8.25364971161,
        "min": 2.22354745865,
        "var": 26.7756271362
    },
    "erbbands_flatness_db": {
        "dmean": 0.017765108496,
        "dmean2": 0.0256771482527,
        "dvar": 0.000256995379459,
        "dvar2": 0.000511244055815,
        "max": 0.340721279383,
        "mean": 0.137033522129,
        "median": 0.124892503023,
        "min": 0.0253231097013,
        "var": 0.00288527389057
    },
    "erbbands_kurtosis": {
        "dmean": 1.02280092239,
        "dmean2": 1.63347184658,
        "dvar": 1.83161497116,
        "dvar2": 4.34951496124,
        "max": 26.7227611542,
        "mean": 0.91719186306,
        "median": 0.26316177845,
        "min": -1.71704113483,
        "var": 4.78530979156
    },
    "erbbands_skewness": {
        "dmean": 0.341917216778,
        "dmean2": 0.531097114086,
        "dvar": 0.100771404803,
        "dvar2": 0.222874373198,
        "max": 3.64035153389,
        "mean": 0.58940911293,
        "median": 0.577587485313,
        "min": -3.29807090759,
        "var": 0.396998554468
    },
    "erbbands_spread": {
        "dmean": 8.94230365753,
        "dmean2": 13.5040159225,
        "dvar": 91.5800170898,
        "dvar2": 195.103256226,
        "max": 130.346084595,
        "mean": 38.9228172302,
        "median": 36.4958229065,
        "min": 3.99999165535,
        "var": 401.21194458
    },
    "hfc": {
        "dmean": 11.3420982361,
        "dmean2": 15.8624238968,
        "dvar": 283.377471924,
        "dvar2": 579.514526367,
        "max": 382.964294434,
        "mean": 28.5302066803,
        "median": 21.6582260132,
        "min": 1.15548608305e-16,
        "var": 588.592529297
    },
    "melbands_crest": {
        "dmean": 3.31842756271,
        "dmean2": 5.3717212677,
        "dvar": 9.05030345917,
        "dvar2": 22.225687027,
        "max": 39.9707336426,
        "mean": 13.7729549408,
        "median": 13.1859931946,
        "min": 2.21690773964,
        "var": 22.3613071442
    },
    "melbands_flatness_db": {
        "dmean": 0.026434212923,
        "dmean2": 0.0402243584394,
        "dvar": 0.000630126451142,
        "dvar2": 0.00138575676829,
        "max": 0.510998368263,
        "mean": 0.181914195418,
        "median": 0.176139563322,
        "min": 0.00592399155721,
        "var": 0.00232171593234
    },
    "melbands_kurtosis": {
        "dmean": 6.70702028275,
        "dmean2": 10.5594921112,
        "dvar": 1148.90527344,
        "dvar2": 2686.92456055,
        "max": 2561.87304688,
        "mean": 12.5677213669,
        "median": 7.52325725555,
        "min": -1.86406350136,
        "var": 1210.93823242
    },
    "melbands_skewness": {
        "dmean": 0.719866514206,
        "dmean2": 1.09803783894,
        "dvar": 0.855244994164,
        "dvar2": 1.86831343174,
        "max": 48.6156387329,
        "mean": 2.56210398674,
        "median": 2.31448411942,
        "min": -1.14723169804,
        "var": 2.61075329781
    },
    "melbands_spread": {
        "dmean": 6.2873339653,
        "dmean2": 9.79777431488,
        "dvar": 99.0753707886,
        "dvar2": 197.512634277,
        "max": 233.55178833,
        "mean": 21.3438796997,
        "median": 19.2754955292,
        "min": 0.350979059935,
        "var": 235.633300781
    },
    "pitch_salience": {
        "dmean": 0.0739744976163,
        "dmean2": 0.118318408728,
        "dvar": 0.00472909025848,
        "dvar2": 0.0111476061866,
        "max": 0.898019552231,
        "mean": 0.546948730946,
        "median": 0.547816753387,
        "min": 0.00416867667809,
        "var": 0.0165022145957
    },
    "silence_rate_20dB": {
        "dmean": 0,
        "dmean2": 0,
        "dvar": 0,
        "dvar2": 0,
        "max": 1,
        "mean": 1,
        "median": 1,
        "min": 1,
        "var": 0
    },
    "silence_rate_30dB": {
        "dmean": 0.0193100199103,
        "dmean2": 0.0386245884001,
        "dvar": 0.018935829401,
        "dvar2": 0.054327711463,
        "max": 1,
        "mean": 0.989286541939,
        "median": 1,
        "min": 0,
        "var": 0.0105984453112
    },
    "silence_rate_60dB": {
        "dmean": 0.00682915328071,
        "dmean2": 0.0136599149555,
        "dvar": 0.00678173964843,
        "dvar2": 0.0165319442749,
        "max": 1,
        "mean": 0.0107134450227,
        "median": 0,
        "min": 0,
        "var": 0.0105983586982
    },
    "spectral_centroid": {
        "dmean": 236.960220337,
        "dmean2": 374.9715271,
        "dvar": 81357.6484375,
        "dvar2": 157497.65625,
        "max": 11413.0048828,
        "mean": 1264.4375,
        "median": 1208.18188477,
        "min": 269.86706543,
        "var": 234116.28125
    },
    "spectral_complexity": {
        "dmean": 3.70257854462,
        "dmean2": 5.72421121597,
        "dvar": 13.7270669937,
        "dvar2": 29.3582000732,
        "max": 51,
        "mean": 20.1660003662,
        "median": 19,
        "min": 0,
        "var": 61.4134063721
    },
    "spectral_decrease": {
        "dmean": 3.05031155889e-09,
        "dmean2": 4.6423798139e-09,
        "dvar": 1.94525103348e-17,
        "dvar2": 4.15620406023e-17,
        "max": 2.8462421887e-29,
        "mean": -8.40707681249e-09,
        "median": -6.97128266225e-09,
        "min": -4.27663913172e-08,
        "var": 3.99512122385e-17
    },
    "spectral_energy": {
        "dmean": 0.0121989892796,
        "dmean2": 0.0183965675533,
        "dvar": 0.000291256292257,
        "dvar2": 0.000615807366557,
        "max": 0.163322031498,
        "mean": 0.0343180298805,
        "median": 0.0286469981074,
        "min": 1.06298387502e-20,
        "var": 0.00062092411099
    },
    "spectral_energyband_high": {
        "dmean": 0.000838879903313,
        "dmean2": 0.00120813283138,
        "dvar": 2.91648302664e-06,
        "dvar2": 6.17935575065e-06,
        "max": 0.0427753329277,
        "mean": 0.00133042479865,
        "median": 0.000630680005997,
        "min": 7.86986824146e-21,
        "var": 4.66862957182e-06
    },
    "spectral_energyband_low": {
        "dmean": 0.00698684295639,
        "dmean2": 0.0109416963533,
        "dvar": 0.000244243594352,
        "dvar2": 0.000547943927813,
        "max": 0.149388298392,
        "mean": 0.0128613002598,
        "median": 0.00454636244103,
        "min": 1.1277839491e-22,
        "var": 0.000370854540961
    },
    "spectral_energyband_middle_high": {
        "dmean": 0.00277345534414,
        "dmean2": 0.00421984866261,
        "dvar": 2.38963748416e-05,
        "dvar2": 5.49506366951e-05,
        "max": 0.109534516931,
        "mean": 0.00825857184827,
        "median": 0.00502797123045,
        "min": 1.51902167336e-21,
        "var": 9.33304181672e-05
    },
    "spectral_energyband_middle_low": {
        "dmean": 0.00594028597698,
        "dmean2": 0.00959668308496,
        "dvar": 7.27825390641e-05,
        "dvar2": 0.000180572867976,
        "max": 0.0970329716802,
        "mean": 0.0127379018813,
        "median": 0.00969828665257,
        "min": 2.72584335098e-22,
        "var": 0.000111061810458
    },
    "spectral_entropy": {
        "dmean": 0.169459864497,
        "dmean2": 0.248426884413,
        "dvar": 0.0231437906623,
        "dvar2": 0.0472674034536,
        "max": 9.80313491821,
        "mean": 7.76158809662,
        "median": 7.7644777298,
        "min": 6.52257966995,
        "var": 0.100968107581
    },
    "spectral_flux": {
        "dmean": 0.0295212194324,
        "dmean2": 0.0453711301088,
        "dvar": 0.00109621312004,
        "dvar2": 0.00230662454851,
        "max": 0.330832660198,
        "mean": 0.0982351526618,
        "median": 0.0861626416445,
        "min": 1.03101110982e-10,
        "var": 0.0026783766225
    },
    "spectral_kurtosis": {
        "dmean": 1.0409579277,
        "dmean2": 1.64249122143,
        "dvar": 0.985230267048,
        "dvar2": 2.30344891548,
        "max": 12.8163919449,
        "mean": 3.70023441315,
        "median": 3.3648250103,
        "min": -1.23563420773,
        "var": 3.41723799706
    },
    "spectral_rms": {
        "dmean": 0.000943176739383,
        "dmean2": 0.00139089708682,
        "dvar": 1.15828026992e-06,
        "dvar2": 2.2785955025e-06,
        "max": 0.0126229384914,
        "mean": 0.00542540894821,
        "median": 0.00528661441058,
        "min": 3.22033762504e-12,
        "var": 4.0458512558e-06
    },
    "spectral_rolloff": {
        "dmean": 564.770324707,
        "dmean2": 944.305786133,
        "dvar": 1393587.5,
        "dvar2": 2993272,
        "max": 18733.8867188,
        "mean": 1449.87573242,
        "median": 1098.19335938,
        "min": 21.533203125,
        "var": 2212001.75
    },
    "spectral_skewness": {
        "dmean": 0.19825951755,
        "dmean2": 0.30466479063,
        "dvar": 0.033873707056,
        "dvar2": 0.0749954506755,
        "max": 3.12607955933,
        "mean": 1.61299419403,
        "median": 1.60644030571,
        "min": -0.0598300546408,
        "var": 0.121479392052
    },
    "spectral_spread": {
        "dmean": 720651.625,
        "dmean2": 1004054.1875,
        "dvar": 809141403648,
        "dvar2": 1.27760570778e+12,
        "max": 41952792,
        "mean": 5873341.5,
        "median": 5712157,
        "min": 2711736,
        "var": 3.04847650816e+12
    },
    "spectral_strongpeak": {
        "dmean": 0.640028178692,
        "dmean2": 1.07425105572,
        "dvar": 1.00349020958,
        "dvar2": 2.48152661324,
        "max": 11.4057502747,
        "mean": 1.17823600769,
        "median": 0.553443431854,
        "min": 0,
        "var": 2.15351247787
    },
    "zerocrossingrate": {
        "dmean": 0.0150239765644,
        "dmean2": 0.0176572427154,
        "dvar": 0.000305407389533,
        "dvar2": 0.000374218565412,
        "max": 0.63671875,
        "mean": 0.071001060307,
        "median": 0.0634765625,
        "min": 0,
        "var": 0.00142242887523
    },
    "barkbands": {
        "dmean": [0.000232780279475, 0.00631269998848, 0.00162172340788, 0.000787675904576, 0.00266362866387, 0.00116589374375, 0.000427354330895, 0.000898313766811, 0.00195449171588, 0.00153460586444, 0.00107672973536, 0.000468220096081, 0.000375991920009, 0.000391491048504, 0.000350562826497, 0.000224656687351, 0.000145826343214, 0.000130079308292, 0.000139024254167, 0.000109872213216, 0.000130975953653, 0.000180338814971, 0.000121185483295, 0.00012549731764, 0.000170981162228, 0.00011220851593, 6.06593166594e-05],
        "dmean2": [0.000337300705723, 0.010192961432, 0.00285392417572, 0.00134830654133, 0.00452914228663, 0.00186407053843, 0.000718439056072, 0.00145961053204, 0.00315051758662, 0.00246588862501, 0.00165729853325, 0.000725558551494, 0.000601901789196, 0.000626168213785, 0.000562723900657, 0.000367386150174, 0.000236838473938, 0.000205809206818, 0.000222224189201, 0.000172238142113, 0.000209290126804, 0.000287858827505, 0.000187116136658, 0.000183985845069, 0.000257349922322, 0.000154781024321, 8.78500359249e-05],
        "dvar": [3.78417439606e-07, 0.000240209294134, 1.69191862369e-05, 1.97865188056e-06, 2.66489114438e-05, 3.66915855921e-06, 6.70141730552e-07, 4.48494711236e-06, 2.30234509218e-05, 1.50655232574e-05, 9.26089524e-06, 9.57294332693e-07, 5.184051588e-07, 7.68842085108e-07, 5.26508642906e-07, 2.9552199976e-07, 8.44731715688e-08, 5.40510818325e-08, 6.24898675028e-08, 3.8126444224e-08, 5.52498846673e-08, 1.42036370221e-07, 1.11842332728e-07, 1.82153954142e-07, 2.456510515e-07, 5.03600539048e-08, 2.16939817221e-08],
        "dvar2": [8.6142932787e-07, 0.000590069452301, 4.85539676447e-05, 5.51265020476e-06, 7.17923176126e-05, 8.54039444675e-06, 1.77965102921e-06, 1.06516936285e-05, 5.71021409996e-05, 3.77795877284e-05, 2.08692617889e-05, 2.00970134756e-06, 1.19196408832e-06, 1.78934931228e-06, 1.30110561258e-06, 7.63225784794e-07, 1.77070830887e-07, 1.27834823616e-07, 1.49238729819e-07, 8.36739957322e-08, 1.31682725169e-07, 3.40016015343e-07, 2.4294709533e-07, 4.08162691201e-07, 5.94305674895e-07, 1.00707310935e-07, 4.34878550948e-08],
        "max": [0.0215214099735, 0.144396468997, 0.0501381605864, 0.0195547603071, 0.0610892921686, 0.0294924378395, 0.0206323452294, 0.0424533709884, 0.0799754038453, 0.0747732371092, 0.0821241885424, 0.0358123481274, 0.0178688392043, 0.0205472726375, 0.0182018689811, 0.0142949987203, 0.0146990222856, 0.00667082285509, 0.00654120696709, 0.00516410311684, 0.00699976924807, 0.0102360881865, 0.00837852340192, 0.0146001540124, 0.0144174117595, 0.00444233603776, 0.0022758631967],
        "mean": [0.00029953502235, 0.00978102348745, 0.00224121380597, 0.00113825313747, 0.00389224966057, 0.00213035009801, 0.000663411512505, 0.00127616547979, 0.00291103473864, 0.0024395592045, 0.00218427949585, 0.000836170569528, 0.000650395522825, 0.000635619740933, 0.000628510199022, 0.000384934886824, 0.000291152886348, 0.000251137011219, 0.000253175094258, 0.000192302089999, 0.000195565386093, 0.000246396259172, 0.000171345949639, 0.000189884594874, 0.000240083551034, 0.00013395024871, 6.0273152485e-05],
        "median": [2.48826363531e-05, 0.00213366141543, 0.00103431730531, 0.000680153549183, 0.00240633450449, 0.00122028240003, 0.000370980007574, 0.000541036715731, 0.000870774150826, 0.000683856953401, 0.00038552476326, 0.000389974622522, 0.000291217962513, 0.000246646930464, 0.000343103194609, 0.000188129168237, 0.000168691796716, 0.000123707504827, 0.000144923658809, 0.000117595489428, 0.000105101782538, 0.000107963031041, 7.00406380929e-05, 8.0190366134e-05, 9.71173285507e-05, 2.95052232104e-05, 3.64574248124e-06],
        "min": [1.69151105172e-23, 5.56863665645e-23, 1.09212065198e-23, 1.28245338243e-23, 3.46704967379e-23, 2.25265857917e-23, 1.46413341315e-23, 2.97151186559e-23, 8.47551967243e-23, 2.60453014372e-23, 3.06502817046e-23, 6.60293869501e-23, 1.09092697921e-22, 8.21216887218e-23, 6.84670554997e-23, 1.19185485317e-22, 1.79964592735e-22, 1.77317074563e-22, 3.04136777067e-22, 3.31340033227e-22, 4.04229190526e-22, 3.84511403941e-22, 5.55200002172e-22, 8.12868277595e-22, 1.21266879038e-21, 1.74235094718e-21, 2.43216747536e-21],
        "var": [5.51377354441e-07, 0.000292288488708, 1.44444702528e-05, 2.17822048398e-06, 2.69949869107e-05, 7.82508777775e-06, 9.12882796911e-07, 6.43005296297e-06, 3.32405652443e-05, 2.68790245173e-05, 3.71991300199e-05, 2.57550141214e-06, 1.21802531794e-06, 1.41167834045e-06, 9.82936967375e-07, 4.02527348342e-07, 1.77647891064e-07, 1.75701316607e-07, 1.41047095781e-07, 6.91968651267e-08, 7.4296458763e-08, 1.86113609857e-07, 1.65584651768e-07, 2.59409887349e-07, 2.68522740043e-07, 7.47523074551e-08, 2.64447859166e-08]
    },
    "erbbands": {
        "dmean": [0.179236516356, 1.45847558975, 2.06942653656, 2.03986501694, 6.64207220078, 9.85444736481, 7.95343875885, 10.1686038971, 6.96644735336, 9.04808044434, 24.1610069275, 44.1722259521, 44.5805854797, 48.7461395264, 36.8465614319, 16.6840953827, 16.55809021, 17.9980010986, 19.4168071747, 14.36054039, 10.8720321655, 7.25391530991, 6.38290691376, 6.87212085724, 6.49257612228, 5.03158044815, 4.81077623367, 5.83089017868, 6.49402856827, 5.31099224091, 3.11871218681, 2.63632416725, 2.15429353714, 1.94140970707, 1.27529656887, 0.429821968079, 0.215271711349, 0.0885686799884, 0.00986642297357, 0.000276021281024],
        "dmean2": [0.288909256458, 2.39888525009, 3.47716450691, 3.54537057877, 11.1883535385, 16.9921016693, 13.0301885605, 16.2425193787, 11.4236078262, 14.8263025284, 39.0543708801, 70.9061431885, 71.9377441406, 76.6833724976, 54.1967811584, 25.5464458466, 26.2387447357, 28.5947914124, 30.7277908325, 23.0286922455, 17.5628490448, 11.5038328171, 10.0698041916, 10.7476348877, 10.1604642868, 7.805164814, 7.66810512543, 9.36340332031, 10.4574670792, 8.38453865051, 4.77918434143, 3.9789249897, 3.15608096123, 2.92788553238, 1.9391258955, 0.61184322834, 0.295929759741, 0.126692846417, 0.0141969379038, 0.000398503441829],
        "dvar": [0.226317286491, 12.5114192963, 22.802400589, 19.4712810516, 144.490814209, 430.787475586, 159.525588989, 357.849365234, 162.873184204, 361.234924316, 3452.36865234, 14353.8154297, 13720.140625, 15863.4433594, 10918.5566406, 1025.77246094, 1015.39385986, 1625.89318848, 1956.77441406, 888.59185791, 626.749755859, 247.589630127, 113.949134827, 171.36555481, 135.229766846, 73.3636932373, 67.1005401611, 139.053787231, 191.686920166, 142.747360229, 88.0420150757, 96.4111785889, 55.3587875366, 49.9088554382, 10.2373199463, 0.74970126152, 0.194823369384, 0.0463675186038, 0.000543729984201, 4.71181351713e-07],
        "dvar2": [0.556170761585, 31.3144512177, 62.0641937256, 54.8947906494, 388.335174561, 1170.06433105, 407.592285156, 827.89251709, 402.661224365, 909.739379883, 8117.88867188, 35157.71875, 35338.5664062, 36830.765625, 23096.3945312, 2157.21655273, 2381.90649414, 3719.95581055, 4896.68066406, 2210.00292969, 1560.08605957, 533.427062988, 278.134277344, 397.156280518, 306.048614502, 148.083114624, 153.620300293, 345.121368408, 471.899047852, 317.542541504, 192.932785034, 214.113327026, 131.283630371, 122.574409485, 25.1586933136, 1.59129142761, 0.381739914417, 0.0942037031054, 0.00109861430246, 9.69890834313e-07],
        "max": [4.35980939865, 34.8995437622, 61.597743988, 69.1170349121, 147.235824585, 240.70324707, 255.286895752, 310.638183594, 252.568710327, 517.349487305, 1168.60498047, 2241.03613281, 2531.484375, 3126.07128906, 3788.02685547, 1056.10217285, 706.18951416, 1205.9552002, 1394.37158203, 662.653869629, 799.725158691, 957.637390137, 284.22265625, 441.417602539, 389.324249268, 281.345031738, 240.188598633, 446.024108887, 398.621185303, 317.225708008, 270.625854492, 407.644683838, 233.37260437, 245.051986694, 62.1045722961, 26.0408306122, 8.81548213959, 2.67183160782, 0.388038635254, 0.00803363975137],
        "mean": [0.21991546452, 2.35142254829, 3.48752093315, 3.1874332428, 8.88471794128, 13.2690925598, 14.1799468994, 17.121307373, 12.0133552551, 13.6724176407, 36.6663322449, 64.4481277466, 74.1800613403, 86.3899459839, 80.0002365112, 33.6030197144, 30.994134903, 32.9315910339, 35.5284767151, 26.2979125977, 21.0431079865, 15.8615989685, 13.8522129059, 13.1101264954, 12.3248472214, 9.16107082367, 7.51300764084, 8.30406093597, 8.76330947876, 7.38976764679, 4.44920015335, 3.86531448364, 3.20542836189, 2.75882530212, 1.68614256382, 0.552917897701, 0.251909315586, 0.089634552598, 0.00997488107532, 0.000307691050693],
        "median": [0.0365223363042, 0.484095036983, 1.78870761395, 2.06533050537, 4.65350341797, 7.52017116547, 8.28257369995, 8.27973079681, 6.3092622757, 7.2277431488, 16.3307151794, 20.7365970612, 23.2446975708, 28.2150936127, 21.2156448364, 19.1094665527, 15.5632419586, 14.3155078888, 18.8474006653, 13.7362251282, 11.9510383606, 9.42735862732, 7.41696405411, 7.09266614914, 7.58354759216, 5.75752067566, 4.30936908722, 4.11881971359, 3.83961057663, 2.91900658607, 1.78702545166, 1.54035568237, 1.39235758781, 1.17774057388, 0.572941303253, 0.172399133444, 0.0482897870243, 0.00795863941312, 0.000672990106978, 6.44136962364e-05],
        "min": [1.27711153192e-21, 1.14900039975e-20, 1.01373375137e-20, 3.30899548444e-20, 4.38966301077e-20, 7.24836463419e-20, 2.55021437211e-19, 1.68002851027e-19, 1.75735180296e-19, 2.30898446556e-19, 1.31533246226e-18, 1.82288976234e-18, 1.34273344043e-18, 8.31590002206e-19, 2.42561698362e-18, 2.90867536531e-18, 5.65144022003e-18, 4.23908143647e-18, 4.27474532858e-18, 4.8245015578e-18, 7.48329041635e-18, 9.09712227298e-18, 9.17405006995e-18, 1.11773723257e-17, 1.4809712647e-17, 1.56431963758e-17, 1.75860781986e-17, 1.49194199573e-17, 1.36556492815e-17, 1.26552694564e-17, 1.83613929323e-17, 1.77161473868e-17, 1.36554383504e-17, 1.15858531373e-17, 9.78420165083e-18, 5.78699775163e-18, 3.24976804718e-18, 1.2568442789e-18, 3.68250339704e-19, 3.35075356509e-20],
        "var": [0.23200057447, 15.5690450668, 25.2268352509, 17.9987049103, 164.212020874, 402.557525635, 342.116394043, 693.830200195, 298.760040283, 498.271789551, 5126.0546875, 19327.6621094, 24790.7441406, 32694.015625, 45906.2929688, 2407.04980469, 2321.34521484, 3437.95947266, 3386.90405273, 1508.10778809, 993.28326416, 534.84185791, 429.133789062, 434.71975708, 295.578918457, 152.046585083, 96.4903488159, 170.270523071, 236.790161133, 209.359954834, 127.381095886, 139.968460083, 66.443145752, 50.8261070251, 11.3829565048, 1.11170578003, 0.285204350948, 0.0567328967154, 0.000672257971019, 5.6179146668e-07]
    },
    "gfcc": {
        "mean": [35.8016242981, 64.0543823242, -108.2057724, 12.8054409027, -59.256855011, 19.7546615601, -35.9513893127, 10.9563302994, -29.0150032043, 1.9325401783, -22.3141098022, 0.493811398745, -8.03267288208],
        "cov": [[3599.69873047, -61.315372467, 784.952880859, 307.030212402, 117.784629822, 110.001113892, 225.243179321, -10.5871706009, 154.536529541, 205.994018555, 115.012001038, 174.354690552, 40.3390960693], [-61.315372467, 1079.64782715, 359.761627197, 415.172821045, 254.831451416, 166.716171265, 49.4417304993, -14.0489435196, 2.55851650238, 43.9271697998, 88.4455490112, -25.6518173218, 91.5283050537], [784.952880859, 359.761627197, 1580.18530273, 600.563232422, 362.892089844, 49.77368927, -4.41262817383, -192.248855591, -27.4555892944, 90.6061553955, 38.5371856689, 79.06690979, 29.3906974792], [307.030212402, 415.172821045, 600.563232422, 555.152709961, 190.701416016, 92.3809356689, 18.2584171295, -39.9300956726, 41.8783454895, 53.2159538269, 62.3336334229, 47.5377578735, 39.6811294556], [117.784629822, 254.831451416, 362.892089844, 190.701416016, 273.278656006, 86.6809310913, 57.9733924866, 8.59170722961, 26.681804657, 36.7408065796, 30.4236927032, 19.2296962738, 21.7607650757], [110.001113892, 166.716171265, 49.77368927, 92.3809356689, 86.6809310913, 199.446624756, 106.59211731, 29.8149833679, 28.4847755432, 41.4557647705, 36.4727630615, 16.0253353119, 25.2547969818], [225.243179321, 49.4417304993, -4.41262817383, 18.2584171295, 57.9733924866, 106.59211731, 186.244400024, 69.3565826416, 58.4208259583, 38.121307373, 45.1504096985, 26.6406898499, 9.97737407684], [-10.5871706009, -14.0489435196, -192.248855591, -39.9300956726, 8.59170722961, 29.8149833679, 69.3565826416, 163.592666626, 90.2731246948, 13.0387077332, 18.6977996826, 10.1167621613, -0.828879356384], [154.536529541, 2.55851650238, -27.4555892944, 41.8783454895, 26.681804657, 28.4847755432, 58.4208259583, 90.2731246948, 155.651046753, 53.7533378601, 30.7521533966, 28.9658699036, -5.43345022202], [205.994018555, 43.9271697998, 90.6061553955, 53.2159538269, 36.7408065796, 41.4557647705, 38.121307373, 13.0387077332, 53.7533378601, 91.7559280396, 44.2934036255, 19.2307300568, 7.73527002335], [115.012001038, 88.4455490112, 38.5371856689, 62.3336334229, 30.4236927032, 36.4727630615, 45.1504096985, 18.6977996826, 30.7521533966, 44.2934036255, 90.6117477417, 48.2012557983, 13.9750814438], [174.354690552, -25.6518173218, 79.06690979, 47.5377578735, 19.2296962738, 16.0253353119, 26.6406898499, 10.1167621613, 28.9658699036, 19.2307300568, 48.2012557983, 99.4969177246, 15.1456651688], [40.3390960693, 91.5283050537, 29.3906974792, 39.6811294556, 21.7607650757, 25.2547969818, 9.97737407684, -0.828879356384, -5.43345022202, 7.73527002335, 13.9750814438, 15.1456651688, 70.305847168]],
        "icov": [[0.000397598865675, 7.62310883147e-05, -0.000194379783352, -5.58289066248e-05, 0.000232331105508, 8.88402355486e-05, -0.000483380543301, 6.99872834957e-05, -0.000102798105218, -0.000592153985053, 0.000193528598174, -0.000358939170837, -0.000152939173859], [7.62310883147e-05, 0.00197892007418, 0.000156222071382, -0.00111901853234, -0.00103622325696, -0.000657489639707, 0.00028032893897, 0.000147535538417, 7.86149903433e-05, 0.000601895328145, -0.00207874854095, 0.00212048389949, -0.00163862423506], [-0.000194379783352, 0.000156222071382, 0.0019757677801, -0.0015265046386, -0.00188816315494, 0.00087884045206, -0.000271420780336, 0.00168398383539, 0.000619877013378, -0.00125674379524, 0.00119964929763, -0.000917093362659, 0.000416146649513], [-5.58289066248e-05, -0.00111901853234, -0.0015265046386, 0.00463353376836, 0.000195194108528, -0.00124008895364, 0.00121629645582, 1.48236786117e-05, -0.0018210633425, 0.00125066656619, -0.00129393488169, -0.000409573869547, -0.000208520024898], [0.000232331105508, -0.00103622325696, -0.00188816315494, 0.000195194108528, 0.0075925164856, -0.00145326531492, -0.000893772230484, -0.00192283757497, -0.000199336296646, -9.01394887478e-05, 0.000485949596623, -0.00024405962904, 0.000121564953588], [8.88402355486e-05, -0.000657489639707, 0.00087884045206, -0.00124008895364, -0.00145326531492, 0.00935985147953, -0.00491991313174, 0.000468216545414, 0.00139420304913, -0.00309821544215, 0.00173126440495, -0.000916716526262, -0.000769166566897], [-0.000483380543301, 0.00028032893897, -0.000271420780336, 0.00121629645582, -0.000893772230484, -0.00491991313174, 0.0107108857483, -0.00274473242462, -0.00113042001612, 0.00121496571228, -0.00346779148094, 0.000681284291204, 0.000152438675286], [6.99872834957e-05, 0.000147535538417, 0.00168398383539, 1.48236786117e-05, -0.00192283757497, 0.000468216545414, -0.00274473242462, 0.0128345964476, -0.0066382130608, 0.00216398085468, -0.000591630523559, 0.000196461594896, -0.000652607937809], [-0.000102798105218, 7.86149903433e-05, 0.000619877013378, -0.0018210633425, -0.000199336296646, 0.00139420304913, -0.00113042001612, -0.0066382130608, 0.013856173493, -0.00746271479875, 0.00256545422599, -0.00282384455204, 0.00235866266303], [-0.000592153985053, 0.000601895328145, -0.00125674379524, 0.00125066656619, -9.01394887478e-05, -0.00309821544215, 0.00121496571228, 0.00216398085468, -0.00746271479875, 0.021514872089, -0.0102139618248, 0.00476653454825, -0.00157085072715], [0.000193528598174, -0.00207874854095, 0.00119964929763, -0.00129393488169, 0.000485949596623, 0.00173126440495, -0.00346779148094, -0.000591630523559, 0.00256545422599, -0.0102139618248, 0.0240672752261, -0.0112546058372, 0.00149943307042], [-0.000358939170837, 0.00212048389949, -0.000917093362659, -0.000409573869547, -0.00024405962904, -0.000916716526262, 0.000681284291204, 0.000196461594896, -0.00282384455204, 0.00476653454825, -0.0112546058372, 0.0181107148528, -0.00403663795441], [-0.000152939173859, -0.00163862423506, 0.000416146649513, -0.000208520024898, 0.000121564953588, -0.000769166566897, 0.000152438675286, -0.000652607937809, 0.00235866266303, -0.00157085072715, 0.00149943307042, -0.00403663795441, 0.0175243001431]]
    },
    "melbands": {
        "dmean": [0.00171149848029, 0.0013072831789, 0.000432696862845, 0.000661782221869, 0.00027865593438, 0.000222753966227, 0.000104957005533, 0.000109664128104, 0.000216212196392, 0.000292082841042, 0.000225024865358, 0.00020442182722, 0.000148094492033, 6.07597867202e-05, 3.76222960767e-05, 3.7715632061e-05, 3.5063319956e-05, 3.38001955242e-05, 2.27946475206e-05, 1.73448206624e-05, 1.32289442263e-05, 8.68125425768e-06, 7.20975140212e-06, 6.43863222649e-06, 6.04333354204e-06, 5.77087530473e-06, 4.21295180786e-06, 3.44430441146e-06, 3.06601236844e-06, 3.30616626343e-06, 3.61464299203e-06, 3.96576297135e-06, 3.3803412407e-06, 2.80857716461e-06, 1.78965410669e-06, 1.77715332939e-06, 1.61160892276e-06, 1.43283091347e-06, 1.75636910171e-06, 1.66650158917e-06],
        "dmean2": [0.00275664892979, 0.00212489068508, 0.000739863899071, 0.00113179709297, 0.000461646268377, 0.000355524854967, 0.000171388979652, 0.000180362927495, 0.000347592344042, 0.000470293336548, 0.00036369782174, 0.000322497013258, 0.000220819885726, 9.21016180655e-05, 5.89008086536e-05, 5.96219942963e-05, 5.60697444598e-05, 5.3813408158e-05, 3.64254519809e-05, 2.84719590127e-05, 2.14847241296e-05, 1.39412513818e-05, 1.17207628136e-05, 1.02072353911e-05, 9.5593441074e-06, 9.23272273212e-06, 6.61434023641e-06, 5.44980775885e-06, 4.94941423312e-06, 5.33680258741e-06, 5.89134697293e-06, 6.48535115033e-06, 5.3890144045e-06, 4.43706449005e-06, 2.76858463621e-06, 2.72988904726e-06, 2.46100262302e-06, 2.13521661863e-06, 2.61454192696e-06, 2.56291605183e-06],
        "dvar": [1.89368020074e-05, 8.05082436273e-06, 6.25084169315e-07, 1.86220302112e-06, 1.87153716524e-07, 1.61755522754e-07, 3.52790259228e-08, 5.02497030652e-08, 2.6730097602e-07, 6.24816266281e-07, 3.48427903418e-07, 2.9125300216e-07, 1.77652793809e-07, 1.73909455725e-08, 5.16696685438e-09, 5.45866640778e-09, 6.78848133262e-09, 6.68096333811e-09, 2.30378782717e-09, 1.89527904482e-09, 8.25934598492e-10, 4.55448512238e-10, 1.5080789395e-10, 1.53985726947e-10, 1.58896423796e-10, 1.36237701676e-10, 6.78170991586e-11, 4.0750434277e-11, 2.71376237454e-11, 3.73980013624e-11, 5.81936270005e-11, 7.91119739163e-11, 5.24408502733e-11, 4.42088796127e-11, 3.03207216279e-11, 3.62067702209e-11, 4.14431475249e-11, 2.1982388132e-11, 4.71454264517e-11, 3.67945465762e-11],
        "dvar2": [4.69278602395e-05, 1.93944742932e-05, 1.72227180428e-06, 5.01711883771e-06, 4.88238697471e-07, 3.73664306608e-07, 8.67292726525e-08, 1.25116883964e-07, 6.28442080597e-07, 1.53622943344e-06, 8.95484504326e-07, 6.84574615661e-07, 3.73584498448e-07, 3.5534643672e-08, 1.10155076172e-08, 1.2212463929e-08, 1.5841013834e-08, 1.64720166396e-08, 5.40555111783e-09, 4.95520424693e-09, 1.9502837123e-09, 9.693357228e-10, 3.64177632495e-10, 3.72300384965e-10, 3.74036857043e-10, 3.30990179709e-10, 1.41917769203e-10, 8.47128756032e-11, 6.29095386895e-11, 9.08927030863e-11, 1.46476775154e-10, 2.03220204553e-10, 1.20364801459e-10, 9.9720613711e-11, 6.79581321772e-11, 7.87702958416e-11, 9.71145594497e-11, 5.26533781853e-11, 1.16193062116e-10, 9.17583301008e-11],
        "max": [0.0388764925301, 0.0334526076913, 0.010327141732, 0.0158610772341, 0.00796701014042, 0.00660329498351, 0.00346485734917, 0.005620197393, 0.00941204000264, 0.0149494931102, 0.0122984740883, 0.0119895292446, 0.0130225913599, 0.00499492837116, 0.00128233677242, 0.00208779168315, 0.00242449413054, 0.00239817542024, 0.00104302424006, 0.00130100327078, 0.00085120042786, 0.0013371737441, 0.000363635655958, 0.000491020211484, 0.000439320196165, 0.000367740984075, 0.000266012357315, 0.000250954559306, 0.000146080070408, 0.000195038141101, 0.000277218787232, 0.000301408173982, 0.000166417958098, 0.000180091956281, 0.000178925081855, 0.000189723534277, 0.000310459494358, 0.000155828776769, 0.000190532489796, 0.000226130272495],
        "mean": [0.00243519851938, 0.00240125856362, 0.000683426391333, 0.000868680712301, 0.000496998953167, 0.00038474748726, 0.000182215182576, 0.000160874580615, 0.00032151673804, 0.000422956742113, 0.000365098647308, 0.000341935316101, 0.000316680874676, 0.000108748259663, 6.80105440551e-05, 6.53463575873e-05, 5.90101481066e-05, 5.66355411138e-05, 4.11101900681e-05, 2.88197352347e-05, 2.3658731152e-05, 1.66468962561e-05, 1.38666619023e-05, 1.20107224575e-05, 1.03473139461e-05, 9.73711757979e-06, 7.53001677367e-06, 5.69596522837e-06, 4.57016494693e-06, 4.69555425298e-06, 4.86789849674e-06, 5.09491746925e-06, 4.53689381175e-06, 3.80800315725e-06, 2.43870545091e-06, 2.47922503149e-06, 2.2937963422e-06, 2.10390248867e-06, 2.40593521994e-06, 2.30849855143e-06],
        "median": [0.000519932829775, 0.000921664002817, 0.000471031467896, 0.000484454329126, 0.000309458351694, 0.000197701345314, 9.83964710031e-05, 8.42999288579e-05, 0.000137158174766, 0.000123217061628, 0.000102058009361, 0.000102416670416, 6.48533750791e-05, 4.86281205667e-05, 3.43772699125e-05, 3.15190700348e-05, 2.24093200814e-05, 2.69607389782e-05, 2.13881558011e-05, 1.3525283066e-05, 1.2559688912e-05, 9.05157503439e-06, 7.11127904651e-06, 5.58832562092e-06, 5.13297163707e-06, 5.48180332771e-06, 4.47949332738e-06, 3.39865505339e-06, 2.54761289398e-06, 2.43085241891e-06, 2.27734153668e-06, 2.18485456571e-06, 1.89901334124e-06, 1.43328134072e-06, 9.36698711484e-07, 9.07628020741e-07, 9.04549551706e-07, 9.43751672366e-07, 9.78292973741e-07, 9.81038851933e-07],
        "min": [1.59496346993e-23, 8.46937002836e-24, 7.48098174552e-24, 2.56597164819e-24, 9.32467432104e-24, 3.84726714058e-24, 2.52912079987e-24, 2.22877897071e-24, 1.18883184351e-23, 1.20095710894e-23, 6.37749747331e-24, 2.9344016398e-24, 6.6746404715e-24, 7.68383574957e-24, 6.9097967519e-24, 9.35097967679e-24, 7.68348786191e-24, 6.5813142821e-24, 4.58673115364e-24, 8.4207154543e-24, 9.4504274268e-24, 1.07377324616e-23, 7.18726832012e-24, 9.22437854555e-24, 8.73525322988e-24, 1.1423531845e-23, 1.03670057014e-23, 8.93603174089e-24, 1.18164500512e-23, 8.51221464184e-24, 8.69645783942e-24, 7.82541813826e-24, 6.79130905507e-24, 6.92651744765e-24, 9.23120455896e-24, 1.37583510763e-23, 9.06544673898e-24, 9.74018550362e-24, 8.08699573696e-24, 9.51193096728e-24],
        "var": [2.12808135984e-05, 1.14596323328e-05, 6.50885567666e-07, 1.72922523234e-06, 3.56856901362e-07, 3.24146895991e-07, 6.66081234613e-08, 6.8813065468e-08, 3.93508628349e-07, 8.42235181153e-07, 6.27981251e-07, 5.65303366784e-07, 8.43661155159e-07, 4.80599453567e-08, 1.28053363468e-08, 1.15274350065e-08, 1.37132012412e-08, 1.02900648002e-08, 4.47453407659e-09, 2.51894860526e-09, 1.40334988075e-09, 8.12489298063e-10, 4.47471698584e-10, 5.17561271618e-10, 3.39521244452e-10, 2.30262794942e-10, 1.3666406895e-10, 7.16937689771e-11, 3.82085821315e-11, 4.71070266128e-11, 6.80068917847e-11, 8.56451368159e-11, 7.42444231094e-11, 6.22503784631e-11, 4.05024520866e-11, 5.37159240699e-11, 5.44223104082e-11, 2.60762487991e-11, 4.87569255803e-11, 3.55827763088e-11]
    },
    "mfcc": {
        "mean": [-613.618896484, 107.639251709, 3.69092082977, 3.45410203934, 0.0699630603194, 3.48700428009, 3.70295095444, 2.31154966354, 4.90884494781, -0.539745688438, -1.95987522602, -7.55555820465, -3.02933502197],
        "cov": [[2523.72363281, -165.490600586, 330.846313477, 175.532226562, -53.8425331116, 177.868057251, 52.38331604, 88.529006958, 84.9187393188, 98.709312439, 135.018692017, 140.408187866, 175.450439453], [-165.490600586, 690.145812988, 249.509353638, 233.69543457, 228.670059204, 161.775650024, 148.57585144, -7.12134122849, 38.2019615173, 15.4064207077, -2.43095612526, 31.978427887, 58.5125732422], [330.846313477, 249.509353638, 1040.78027344, 550.366210938, 341.483032227, 305.174377441, 97.4342269897, -65.7960739136, -11.7266597748, -69.476348877, -19.8583984375, 37.5428466797, 89.3307495117], [175.532226562, 233.69543457, 550.366210938, 496.258087158, 271.951385498, 179.870788574, 64.6789855957, -6.20194625854, 13.7288599014, -27.7207298279, 10.3470973969, 45.6946258545, 62.9382591248], [-53.8425331116, 228.670059204, 341.483032227, 271.951385498, 291.113525391, 132.381286621, 55.9178314209, -6.51381587982, 25.8917198181, -13.6205673218, -4.69612216949, 25.8811168671, 40.4030532837], [177.868057251, 161.775650024, 305.174377441, 179.870788574, 132.381286621, 252.2940979, 103.991798401, 11.6900100708, 19.323425293, 13.1141901016, 6.9186501503, 31.3814792633, 62.6672935486], [52.38331604, 148.57585144, 97.4342269897, 64.6789855957, 55.9178314209, 103.991798401, 163.354232788, 29.2401390076, 20.3081054688, 19.5789585114, -4.23225545883, 9.5305147171, 31.6261081696], [88.529006958, -7.12134122849, -65.7960739136, -6.20194625854, -6.51381587982, 11.6900100708, 29.2401390076, 147.782348633, 50.9189682007, 29.6561489105, 50.2064208984, 42.813419342, 34.1213150024], [84.9187393188, 38.2019615173, -11.7266597748, 13.7288599014, 25.8917198181, 19.323425293, 20.3081054688, 50.9189682007, 98.4635848999, 52.1508903503, 29.4088077545, 17.0174198151, 17.8141040802], [98.709312439, 15.4064207077, -69.476348877, -27.7207298279, -13.6205673218, 13.1141901016, 19.5789585114, 29.6561489105, 52.1508903503, 112.266845703, 50.3650550842, 11.4410028458, 6.56546878815], [135.018692017, -2.43095612526, -19.8583984375, 10.3470973969, -4.69612216949, 6.9186501503, -4.23225545883, 50.2064208984, 29.4088077545, 50.3650550842, 112.003440857, 51.0629577637, 19.8712329865], [140.408187866, 31.978427887, 37.5428466797, 45.6946258545, 25.8811168671, 31.3814792633, 9.5305147171, 42.813419342, 17.0174198151, 11.4410028458, 51.0629577637, 98.6203536987, 54.2605323792], [175.450439453, 58.5125732422, 89.3307495117, 62.9382591248, 40.4030532837, 62.6672935486, 31.6261081696, 34.1213150024, 17.8141040802, 6.56546878815, 19.8712329865, 54.2605323792, 102.514022827]],
