{
"lowlevel": {
    "average_loudness": 0.908139228821,
    "barkbands_crest": {
        "dmean": 2.48955893517,
        "dmean2": 4.05585002899,
        "dvar": 5.57311344147,
        "dvar2": 13.9243240356,
        "max": 26.791934967,
        "mean": 10.2780694962,
        "median": 9.11577606201,
        "min": 2.56675505638,
        "var": 22.4095878601
    },
    "barkbands_flatness_db": {
        "dmean": 0.0172152388841,
        "dmean2": 0.0267329178751,
        "dvar": 0.000282372871879,
        "dvar2": 0.000648275192361,
        "max": 0.411121636629,
        "mean": 0.118224583566,
        "median": 0.11386564374,
        "min": 0.0176375098526,
        "var": 0.00290379417129
    },
    "barkbands_kurtosis": {
        "dmean": 2.82814455032,
        "dmean2": 4.402156353,
        "dvar": 50.1870765686,
        "dvar2": 119.579734802,
        "max": 295.662445068,
        "mean": 5.32677841187,
        "median": 1.39875841141,
        "min": -1.9376424551,
        "var": 143.940200806
    },
    "barkbands_skewness": {
        "dmean": 0.486871391535,
        "dmean2": 0.73558151722,
        "dvar": 0.32698532939,
        "dvar2": 0.712782800198,
        "max": 17.013174057,
        "mean": 1.59391689301,
        "median": 1.24078202248,
        "min": -4.31784582138,
        "var": 2.15209698677
    },
    "barkbands_spread": {
        "dmean": 6.1020989418,
        "dmean2": 9.26713562012,
        "dvar": 72.0177230835,
        "dvar2": 148.069458008,
        "max": 115.332138062,
        "mean": 27.5283069611,
        "median": 20.2609329224,
        "min": 1.0405561924,
        "var": 458.673095703
    },
    "dissonance": {
        "dmean": 0.0163917709142,
        "dmean2": 0.0278658382595,
        "dvar": 0.000326058798237,
        "dvar2": 0.000893110991456,
        "max": 0.500000059605,
        "mean": 0.471255928278,
        "median": 0.478616774082,
        "min": 0.300753414631,
        "var": 0.000643122999463
    },
    "dynamic_complexity": 3.03539633751,
    "erbbands_crest": {
        "dmean": 2.54592871666,
        "dmean2": 4.12220716476,
        "dvar": 6.89857769012,
        "dvar2": 16.5706100464,
        "max": 32.7658119202,
        "mean": 9.34336090088,
        "median": 7.63885498047,
        "min": 2.16586208344,
        "var": 31.0745983124
    },
    "erbbands_flatness_db": {
        "dmean": 0.015248939395,
        "dmean2": 0.0227268207818,
        "dvar": 0.000245867646299,
        "dvar2": 0.000496058084536,
        "max": 0.401017844677,
        "mean": 0.145402014256,
        "median": 0.133391737938,
        "min": 0.0309700630605,
        "var": 0.00388578255661
    },
    "erbbands_kurtosis": {
        "dmean": 1.01817035675,
        "dmean2": 1.61532652378,
        "dvar": 3.18248677254,
        "dvar2": 7.72879266739,
        "max": 47.4644203186,
        "mean": 0.872372508049,
        "median": 0.0653518438339,
        "min": -1.7958573103,
        "var": 9.16195106506
    },
    "erbbands_skewness": {
        "dmean": 0.345459848642,
        "dmean2": 0.533252120018,
        "dvar": 0.130507022142,
        "dvar2": 0.275929570198,
        "max": 6.38581895828,
        "mean": 0.502250134945,
        "median": 0.518433094025,
        "min": -4.67440462112,
        "var": 0.833887934685
    },
    "erbbands_spread": {
        "dmean": 7.7349190712,
        "dmean2": 11.5539093018,
        "dvar": 90.4933319092,
        "dvar2": 188.366333008,
        "max": 168.836242676,
        "mean": 42.1327667236,
        "median": 38.2384986877,
        "min": 3.38499498367,
        "var": 587.593444824
    },
    "hfc": {
        "dmean": 9.39624881744,
        "dmean2": 13.1092662811,
        "dvar": 382.719421387,
        "dvar2": 679.35559082,
        "max": 544.794311523,
        "mean": 34.2783699036,
        "median": 29.0184555054,
        "min": 1.23251380343e-16,
        "var": 1401.99133301
    },
    "melbands_crest": {
        "dmean": 2.97876524925,
        "dmean2": 4.87501192093,
        "dvar": 7.34437704086,
        "dvar2": 18.9358215332,
        "max": 39.7918777466,
        "mean": 13.9905405045,
        "median": 13.2213802338,
        "min": 2.09134101868,
        "var": 27.0616569519
    },
    "melbands_flatness_db": {
        "dmean": 0.0207121614367,
        "dmean2": 0.0316084623337,
        "dvar": 0.000405102444347,
        "dvar2": 0.000897596008144,
        "max": 0.463784724474,
        "mean": 0.17810370028,
        "median": 0.163479268551,
        "min": 0.00407812418416,
        "var": 0.00446286378428
    },
    "melbands_kurtosis": {
        "dmean": 7.26123094559,
        "dmean2": 11.2333545685,
        "dvar": 217.424743652,
        "dvar2": 486.053222656,
        "max": 449.390106201,
        "mean": 17.2081737518,
        "median": 7.3253455162,
        "min": -1.91682195663,
        "var": 793.968322754
    },
    "melbands_skewness": {
        "dmean": 0.67190939188,
        "dmean2": 1.02660393715,
        "dvar": 0.621797978878,
        "dvar2": 1.35746908188,
        "max": 18.1222057343,
        "mean": 2.80037522316,
        "median": 2.38041973114,
        "min": -1.20003199577,
        "var": 4.05736780167
    },
    "melbands_spread": {
        "dmean": 7.55553293228,
        "dmean2": 11.2753820419,
        "dvar": 168.921600342,
        "dvar2": 300.396240234,
        "max": 275.335723877,
        "mean": 27.1442661285,
        "median": 20.7396316528,
        "min": 0.696397960186,
        "var": 650.203857422
    },
    "pitch_salience": {
        "dmean": 0.0650859177113,
        "dmean2": 0.105746097863,
        "dvar": 0.00366478273645,
        "dvar2": 0.00948368944228,
        "max": 0.971093356609,
        "mean": 0.562941610813,
        "median": 0.561753749847,
        "min": 0.0111311888322,
        "var": 0.0187013745308
    },
    "silence_rate_20dB": {
        "dmean": 0,
        "dmean2": 0,
        "dvar": 0,
        "dvar2": 0,
        "max": 1,
        "mean": 1,
        "median": 1,
        "min": 1,
        "var": 0
    },
    "silence_rate_30dB": {
        "dmean": 0,
        "dmean2": 0,
        "dvar": 0,
        "dvar2": 0,
        "max": 1,
        "mean": 1,
        "median": 1,
        "min": 1,
        "var": 0
    },
    "silence_rate_60dB": {
        "dmean": 0.0170024447143,
        "dmean2": 0.0340088531375,
        "dvar": 0.0167141482234,
        "dvar2": 0.0405418798327,
        "max": 1,
        "mean": 0.0563577078283,
        "median": 0,
        "min": 0,
        "var": 0.05317960307
    },
    "spectral_centroid": {
        "dmean": 228.597183228,
        "dmean2": 348.419616699,
        "dvar": 91425.0859375,
        "dvar2": 154896.234375,
        "max": 11121.0556641,
        "mean": 1518.26025391,
        "median": 1529.44506836,
        "min": 234.722930908,
        "var": 569515.3125
    },
    "spectral_complexity": {
        "dmean": 2.99033427238,
        "dmean2": 4.76822757721,
        "dvar": 8.69433498383,
        "dvar2": 19.2020206451,
        "max": 54,
        "mean": 21.3589897156,
        "median": 21,
        "min": 0,
        "var": 126.356063843
    },
    "spectral_decrease": {
        "dmean": 1.69648339821e-09,
        "dmean2": 2.66046296105e-09,
        "dvar": 4.98086185463e-18,
        "dvar2": 1.18455009957e-17,
        "max": 7.62591160594e-29,
        "mean": -6.42596864608e-09,
        "median": -6.17364959155e-09,
        "min": -3.09629548667e-08,
        "var": 1.66528993536e-17
    },
    "spectral_energy": {
        "dmean": 0.00687111495063,
        "dmean2": 0.0106997899711,
        "dvar": 7.84982839832e-05,
        "dvar2": 0.000184026852367,
        "max": 0.120521999896,
        "mean": 0.0273623242974,
        "median": 0.0271547585726,
        "min": 1.09613935808e-20,
        "var": 0.000279008527286
    },
    "spectral_energyband_high": {
        "dmean": 0.00069030065788,
        "dmean2": 0.000939446617849,
        "dvar": 3.84050008506e-06,
        "dvar2": 6.5124190769e-06,
        "max": 0.0529715046287,
        "mean": 0.00191078882199,
        "median": 0.000812673941255,
        "min": 7.80402094885e-21,
        "var": 1.30621565404e-05
    },
    "spectral_energyband_low": {
        "dmean": 0.00324390386231,
        "dmean2": 0.00510182604194,
        "dvar": 4.75564156659e-05,
        "dvar2": 0.000117162446259,
        "max": 0.0942453742027,
        "mean": 0.00815048906952,
        "median": 0.0049764290452,
        "min": 5.79731228674e-23,
        "var": 0.000111416557047
    },
    "spectral_energyband_middle_high": {
        "dmean": 0.00288323475979,
        "dmean2": 0.00431832345203,
        "dvar": 3.04981604131e-05,
        "dvar2": 6.47560227662e-05,
        "max": 0.101624272764,
        "mean": 0.00913793966174,
        "median": 0.00445121154189,
        "min": 1.53589537026e-21,
        "var": 0.000124656537082
    },
    "spectral_energyband_middle_low": {
        "dmean": 0.00367557397112,
        "dmean2": 0.00594885880128,
        "dvar": 2.86652884824e-05,
        "dvar2": 7.45244979043e-05,
        "max": 0.104961246252,
        "mean": 0.00923666357994,
        "median": 0.00692115165293,
        "min": 2.54246032733e-22,
        "var": 7.1607544669e-05
    },
    "spectral_entropy": {
        "dmean": 0.13194128871,
        "dmean2": 0.19261662662,
        "dvar": 0.0200977548957,
        "dvar2": 0.037813089788,
        "max": 9.80627155304,
        "mean": 7.75578546524,
        "median": 7.80837011337,
        "min": 5.60816907883,
        "var": 0.216893747449
    },
    "spectral_flux": {
        "dmean": 0.0195099469274,
        "dmean2": 0.0310647152364,
        "dvar": 0.000533804995939,
        "dvar2": 0.00125528371427,
        "max": 0.299171954393,
        "mean": 0.0839842557907,
        "median": 0.0836331695318,
        "min": 1.0516297555e-10,
        "var": 0.00184935249854
    },
    "spectral_kurtosis": {
        "dmean": 0.919613182545,
        "dmean2": 1.47628200054,
        "dvar": 1.12682271004,
        "dvar2": 2.98979997635,
        "max": 22.7940292358,
        "mean": 3.87647461891,
        "median": 3.37810111046,
        "min": -1.29657804966,
        "var": 6.86190700531
    },
    "spectral_rms": {
        "dmean": 0.000618895981461,
        "dmean2": 0.000952567264903,
        "dvar": 4.61980249611e-07,
        "dvar2": 1.02829062598e-06,
        "max": 0.0108435433358,
        "mean": 0.00486623775214,
        "median": 0.00514708133414,
        "min": 3.27017471262e-12,
        "var": 3.01463069263e-06
    },
    "spectral_rolloff": {
        "dmean": 658.157531738,
        "dmean2": 1069.13171387,
        "dvar": 1790200.625,
        "dvar2": 3599234.75,
        "max": 19121.484375,
        "mean": 2184.6394043,
        "median": 1528.85742188,
        "min": 21.533203125,
        "var": 5825681.5
    },
    "spectral_skewness": {
        "dmean": 0.144251465797,
        "dmean2": 0.220069497824,
        "dvar": 0.0237330161035,
        "dvar2": 0.0474868230522,
        "max": 4.03278779984,
        "mean": 1.58725225925,
        "median": 1.56319236755,
        "min": -0.450068593025,
        "var": 0.206646338105
    },
    "spectral_spread": {
        "dmean": 586474.5625,
        "dmean2": 816661.25,
        "dvar": 916672937984,
        "dvar2": 1.3533764649e+12,
        "max": 43096332,
        "mean": 5817443.5,
        "median": 5512578,
        "min": 2121286.25,
        "var": 5.41798904627e+12
    },
    "spectral_strongpeak": {
        "dmean": 0.660942018032,
        "dmean2": 1.09080219269,
        "dvar": 1.44012725353,
        "dvar2": 3.36530661583,
        "max": 16.7817058563,
        "mean": 1.28595530987,
        "median": 0.513921320438,
        "min": 0,
        "var": 3.35104298592
    },
    "zerocrossingrate": {
        "dmean": 0.0131009155884,
        "dmean2": 0.014926017262,
        "dvar": 0.000375185831217,
        "dvar2": 0.000393587833969,
        "max": 0.75439453125,
        "mean": 0.0856272950768,
        "median": 0.07421875,
        "min": 0,
        "var": 0.00339939491823
    },
    "barkbands": {
        "dmean": [0.000129804713652, 0.00250929151662, 0.0010455386946, 0.000659693789203, 0.00138512440026, 0.000845864997245, 0.000512563099619, 0.000274949270533, 0.00104814954102, 0.00172247318551, 0.000853840378113, 0.000509427045472, 0.000321053666994, 0.000376045296434, 0.000283996138023, 0.000385983119486, 0.000326224777382, 0.00029397776234, 0.000189643542399, 0.00016696433886, 8.48133131512e-05, 7.65403092373e-05, 0.000115523442219, 0.000182062285603, 0.000236420804868, 0.000104994447611, 2.76095070149e-05],
        "dmean2": [0.000223829993047, 0.00400785217062, 0.00169115397148, 0.00110363878775, 0.00228893267922, 0.00134451116901, 0.000847548944876, 0.000453223910881, 0.00172824133188, 0.00273685995489, 0.00137835927308, 0.000820088433102, 0.000515382620506, 0.000622328312602, 0.00045739125926, 0.000597725214902, 0.000507956487127, 0.000464799610199, 0.000303194858134, 0.000261669250904, 0.000133210778586, 0.000117637864605, 0.000168656551978, 0.00025515886955, 0.000336529163178, 0.000156874011736, 4.26085134677e-05],
        "dvar": [1.0578386167e-07, 3.73161965399e-05, 3.8735547605e-06, 1.84022155736e-06, 8.93397100299e-06, 4.64931235911e-06, 1.76095932147e-06, 4.35657341313e-07, 9.6818930615e-06, 2.19050216401e-05, 6.22123980065e-06, 1.99162150238e-06, 8.68577103574e-07, 9.7610325156e-07, 6.30727299722e-07, 1.67909809079e-06, 8.01958037755e-07, 5.05696732489e-07, 1.94545350496e-07, 1.63817233556e-07, 4.63757210412e-08, 3.70866928279e-08, 1.16271849038e-07, 3.96585164708e-07, 7.6387431136e-07, 1.54062732349e-07, 1.10923448204e-08],
        "dvar2": [3.0294336284e-07, 9.32795228437e-05, 1.0016458873e-05, 4.91039236294e-06, 2.37337608269e-05, 1.12854422696e-05, 4.65894163426e-06, 1.13734176921e-06, 2.59328317043e-05, 5.0978789659e-05, 1.37505003295e-05, 4.17518413087e-06, 1.83764609574e-06, 2.57056012742e-06, 1.44666694268e-06, 3.66046356248e-06, 1.7556316152e-06, 1.17894853702e-06, 4.45098379487e-07, 3.68794189853e-07, 1.06896720808e-07, 7.10835479367e-08, 2.07456707813e-07, 6.88781369718e-07, 1.50558071255e-06, 3.4425519857e-07, 2.75837610531e-08],
        "max": [0.0142380483449, 0.0875093191862, 0.0391332469881, 0.0357043407857, 0.0899406075478, 0.0467293187976, 0.0319988392293, 0.0188517291099, 0.0707153081894, 0.0933781638741, 0.0705578103662, 0.037310436368, 0.0466754436493, 0.0255409609526, 0.028029307723, 0.0364478267729, 0.0264087226242, 0.0202139206231, 0.012545902282, 0.0105763860047, 0.00624047219753, 0.00530457263812, 0.0118347089738, 0.0232409182936, 0.0324585884809, 0.0093199685216, 0.00241954158992],
        "mean": [0.000186490782653, 0.00507956091315, 0.00224231556058, 0.00110629340634, 0.00245334091596, 0.00166267051827, 0.000856432365254, 0.000447136815637, 0.00178006628994, 0.00311466353014, 0.00143950735219, 0.000973160029389, 0.000564315123484, 0.000677332107443, 0.000477254478028, 0.000621191051323, 0.000607915455475, 0.000587355345488, 0.00041787783266, 0.000348694215063, 0.0001853738504, 0.000181351031642, 0.000256829924183, 0.000397061055992, 0.000497518107295, 0.000165214718436, 3.53385476046e-05],
        "median": [4.80309827253e-05, 0.00246377754956, 0.000988296698779, 0.000533687591087, 0.00118840939831, 0.000549605116248, 0.000279382045846, 0.000245468690991, 0.000286440510536, 0.000403674930567, 0.000251424557064, 0.0001927461999, 0.000184162927326, 0.000207522287383, 0.00020090394537, 0.000216510408791, 0.000235061306739, 0.000252506899415, 0.000240347566432, 0.000180146918865, 0.000107780266262, 9.37215299928e-05, 0.000105646293378, 0.000111673231004, 0.000103727477835, 3.03101896861e-05, 2.62004550677e-06],
        "min": [1.87683924858e-23, 1.46642063646e-23, 6.00446526719e-24, 2.68007051737e-24, 4.1255049294e-23, 5.53216162146e-23, 3.22040978742e-23, 4.47659441725e-23, 3.96505440781e-23, 3.12894578308e-23, 5.40126877135e-23, 7.79788626158e-23, 8.71742481565e-23, 1.32287631915e-22, 1.28129741721e-22, 4.38605022472e-23, 1.95925571254e-22, 1.97355201784e-22, 2.5699871553e-22, 3.43694200848e-22, 3.39217939015e-22, 4.40349275975e-22, 4.7871573436e-22, 7.8530464453e-22, 1.15351901521e-21, 1.82931335778e-21, 2.57831651672e-21],
        "var": [1.3521552944e-07, 6.23748273938e-05, 1.06636789496e-05, 3.30293892148e-06, 1.55627312779e-05, 1.27179264382e-05, 3.04716309074e-06, 6.46868670628e-07, 2.15129857679e-05, 5.38351632713e-05, 1.52601078298e-05, 6.40993039269e-06, 1.88938452084e-06, 1.96555743059e-06, 1.0219602018e-06, 2.54147562373e-06, 1.89121203675e-06, 9.82083520285e-07, 5.04711863414e-07, 3.46411383134e-07, 8.76867218835e-08, 1.01240004824e-07, 3.06092005076e-07, 1.23611550862e-06, 1.87535158602e-06, 2.67212755034e-07, 1.20491057132e-08]
    },
    "erbbands": {
        "dmean": [0.0627654716372, 0.611744523048, 1.20738887787, 1.7060213089, 3.74401211739, 4.96715545654, 4.51079082489, 8.28398513794, 8.6437921524, 5.51904249191, 6.16147089005, 18.9679279327, 48.3193740845, 49.4100914001, 27.1740894318, 17.8718852997, 14.3895864487, 17.1301040649, 15.1590309143, 16.2013301849, 19.6933231354, 16.3191547394, 15.4464273453, 12.6386823654, 6.92231655121, 8.04764556885, 4.8025803566, 2.69944190979, 2.56919789314, 2.98831224442, 3.5061340332, 3.58856201172, 3.37555384636, 2.99021148682, 1.57405006886, 0.568091273308, 0.172159567475, 0.0391285978258, 0.00535811670125, 0.000149625731865],
        "dmean2": [0.100196011364, 0.985992014408, 1.97524261475, 2.79248309135, 6.28217601776, 8.14932918549, 7.10190963745, 13.3638744354, 14.1174898148, 9.06923103333, 10.230052948, 31.2327270508, 77.1385574341, 80.0055923462, 43.9301376343, 29.2225761414, 22.70195961, 28.2579479218, 24.6610488892, 25.7870388031, 29.9469890594, 25.2787380219, 24.284740448, 19.9387226105, 10.8535280228, 12.6644945145, 7.53900575638, 4.20674085617, 3.95777153969, 4.51266241074, 5.09940481186, 5.17345046997, 4.83264064789, 4.35505151749, 2.28741574287, 0.834079563618, 0.260056853294, 0.0609391964972, 0.00821233075112, 0.000226522781304],
        "dvar": [0.0260452441871, 2.18561005592, 5.58922481537, 12.3476734161, 59.9275436401, 148.754653931, 134.144577026, 531.808105469, 568.675720215, 193.008102417, 185.613128662, 2412.70239258, 17057.3496094, 25679.6074219, 6213.72216797, 2182.58959961, 1799.30749512, 1831.94848633, 1797.10644531, 2411.04711914, 3425.58886719, 1897.48547363, 1696.52526855, 786.424133301, 253.359176636, 427.989776611, 170.054763794, 36.8360977173, 40.0661239624, 66.11769104, 110.551719666, 157.779586792, 139.711868286, 101.193565369, 41.8829040527, 5.18024539948, 0.383676201105, 0.0198816042393, 0.000401820405386, 2.86820210249e-07],
        "dvar2": [0.0631122887135, 5.64634752274, 14.7485370636, 32.0071678162, 160.271347046, 395.866424561, 295.320220947, 1300.99133301, 1541.93188477, 502.779510498, 484.508239746, 6085.47021484, 42653.6132812, 59608.1953125, 15939.6689453, 4938.85791016, 3651.49902344, 4723.46679688, 4211.28222656, 5462.52050781, 6930.3359375, 4014.42016602, 3937.38549805, 1729.53845215, 554.125305176, 963.138244629, 395.172119141, 81.9603729248, 79.0183868408, 121.363502502, 196.521942139, 289.000305176, 255.877182007, 196.664016724, 88.0421600342, 11.301074028, 0.866152048111, 0.0486578978598, 0.000982463592663, 6.81659344082e-07],
        "max": [2.49823045731, 20.376159668, 43.773059845, 87.6729202271, 120.479614258, 453.183685303, 346.410186768, 551.514343262, 608.412231445, 341.814819336, 426.573852539, 1304.59399414, 2408.61645508, 3235.61669922, 2706.65283203, 1482.15808105, 2275.78369141, 1463.47509766, 1339.51025391, 1233.04223633, 1510.25390625, 1282.14526367, 1391.77758789, 712.421691895, 622.776367188, 692.929382324, 368.741790771, 152.206069946, 195.014480591, 271.801116943, 396.266845703, 448.299591064, 450.128814697, 413.573913574, 231.08921814, 59.3950080872, 15.064160347, 2.51889061928, 0.50872272253, 0.0130114331841],
        "mean": [0.121893174946, 1.21088838577, 2.72648954391, 3.49346351624, 5.95799398422, 8.29166030884, 8.59984302521, 15.6597290039, 15.2143945694, 9.33814620972, 11.1883420944, 33.9549942017, 89.4046630859, 87.1390609741, 57.0704040527, 37.0148086548, 27.8599185944, 34.0929832458, 28.3124790192, 27.7451267242, 36.2461242676, 33.6617622375, 32.6335334778, 27.1947345734, 17.1705665588, 16.6876716614, 10.3735990524, 6.34415626526, 5.95874500275, 6.77910375595, 7.7173538208, 7.64055395126, 7.15736293793, 6.22854614258, 3.07550811768, 0.9575522542, 0.257339596748, 0.0532448366284, 0.00695211812854, 0.000233137747273],
        "median": [0.0514472126961, 0.565609455109, 1.28524780273, 1.88616967201, 2.81238627434, 3.69044518471, 3.55473279953, 4.80024242401, 5.10564661026, 4.33863162994, 6.41039991379, 7.82352256775, 12.3672561646, 15.1584854126, 12.1875066757, 9.38004302979, 10.2629642487, 11.4508838654, 12.3254070282, 11.8947486877, 13.6050539017, 13.7295532227, 14.103386879, 14.3158578873, 11.0126304626, 8.52116584778, 5.59033298492, 3.78371787071, 3.2312002182, 3.24136471748, 2.99017953873, 2.25396680832, 1.82349789143, 1.36906194687, 0.592957317829, 0.1811927706, 0.044802185148, 0.0068859346211, 0.000520606990904, 5.80148771405e-05],
        "min": [2.11647594338e-22, 4.76131946051e-21, 8.95683526514e-21, 8.94519172867e-21, 5.53459827017e-20, 1.23465223799e-19, 2.01491271051e-19, 4.97298554424e-19, 6.70975618883e-19, 4.48405666175e-19, 7.67658453433e-19, 7.81421032765e-19, 1.37689238082e-18, 1.23396932285e-18, 2.14165187639e-18, 2.88322446543e-18, 4.50894952491e-18, 5.48826685008e-18, 6.95994151459e-18, 3.74721916473e-18, 3.66224620913e-18, 1.16962685142e-17, 1.08543210734e-17, 1.35632275645e-17, 1.37117461891e-17, 1.71301362449e-17, 1.28285894373e-17, 1.37345664478e-17, 1.53946749238e-17, 1.72927202487e-17, 1.51178655493e-17, 1.61784153193e-17, 1.36239748815e-17, 1.01970408771e-17, 7.9699596482e-18, 6.92943757514e-18, 3.31356021602e-18, 1.2683427098e-18, 3.37893715952e-19, 3.6731058498e-20],
        "var": [0.0410554930568, 3.59682393074, 14.5727119446, 29.8549480438, 93.0637283325, 247.126861572, 322.713317871, 1376.5144043, 1007.3949585, 294.882293701, 287.693664551, 5617.80322266, 42319.359375, 51009.4882812, 27436.5722656, 6499.39013672, 4109.71777344, 4939.74414062, 3149.0859375, 3384.52392578, 7075.68945312, 5098.48730469, 3231.40063477, 1774.92248535, 772.047302246, 865.714355469, 331.953765869, 84.7350845337, 103.03969574, 169.899475098, 290.682067871, 435.07598877, 408.936065674, 273.464935303, 83.729385376, 9.31182670593, 0.665141522884, 0.0241049844772, 0.000466867379146, 3.95929845354e-07]
    },
    "gfcc": {
        "mean": [18.2852916718, 54.9360275269, -113.128395081, 19.0454311371, -57.7302017212, 18.2034492493, -40.557144165, 15.0382127762, -29.1692810059, -1.6866106987, -16.1200122833, 0.927238464355, -9.49593544006],
        "cov": [[5832.58984375, -1243.0300293, 454.322174072, 575.768493652, 369.647216797, 318.408447266, 237.874908447, 517.27331543, 222.448638916, 223.667404175, 94.5030441284, 170.998260498, 75.6226501465], [-1243.0300293, 1733.79980469, 549.572265625, 331.108581543, 152.13911438, -115.376419067, -65.1008605957, -234.264968872, -63.0611457825, -54.5055198669, 64.0266036987, -101.834480286, 31.1918411255], [454.322174072, 549.572265625, 2299.046875, 938.91204834, 413.516693115, 65.8897094727, -217.985107422, -102.06652832, 58.899394989, 163.170516968, 111.068321228, 19.2541599274, 42.0836105347], [575.768493652, 331.108581543, 938.91204834, 714.328186035, 263.80255127, 56.330368042, -56.6603622437, 5.19919538498, 81.3636779785, 94.0583724976, 86.9715118408, 13.4119958878, 23.2135772705], [369.647216797, 152.13911438, 413.516693115, 263.80255127, 331.418243408, 72.2361755371, 83.8758392334, 67.1290054321, 62.2546005249, 35.3130149841, 49.3483924866, 14.9565820694, 21.0466384888], [318.408447266, -115.376419067, 65.8897094727, 56.330368042, 72.2361755371, 213.865356445, 110.525978088, 75.4036254883, 19.8523540497, 17.7320232391, 25.5320339203, 15.3875331879, 8.77553749084], [237.874908447, -65.1008605957, -217.985107422, -56.6603622437, 83.8758392334, 110.525978088, 240.804214478, 91.1509857178, 33.9319992065, -3.62387299538, 12.074005127, 11.7345266342, 4.18571996689], [517.27331543, -234.264968872, -102.06652832, 5.19919538498, 67.1290054321, 75.4036254883, 91.1509857178, 180.783874512, 66.0878295898, 23.2494945526, 15.7416973114, 35.7901802063, 16.5565891266], [222.448638916, -63.0611457825, 58.899394989, 81.3636779785, 62.2546005249, 19.8523540497, 33.9319992065, 66.0878295898, 112.188209534, 42.5327568054, 19.2256126404, 20.8635940552, 1.08683407307], [223.667404175, -54.5055198669, 163.170516968, 94.0583724976, 35.3130149841, 17.7320232391, -3.62387299538, 23.2494945526, 42.5327568054, 109.508346558, 42.5230674744, 16.2247180939, 0.635660052299], [94.5030441284, 64.0266036987, 111.068321228, 86.9715118408, 49.3483924866, 25.5320339203, 12.074005127, 15.7416973114, 19.2256126404, 42.5230674744, 111.055496216, 33.1105384827, 3.68343639374], [170.998260498, -101.834480286, 19.2541599274, 13.4119958878, 14.9565820694, 15.3875331879, 11.7345266342, 35.7901802063, 20.8635940552, 16.2247180939, 33.1105384827, 86.6599807739, 21.4837551117], [75.6226501465, 31.1918411255, 42.0836105347, 23.2135772705, 21.0466384888, 8.77553749084, 4.18571996689, 16.5565891266, 1.08683407307, 0.635660052299, 3.68343639374, 21.4837551117, 74.1362838745]],
        "icov": [[0.000308407150442, 0.000208666999242, 1.48740837176e-05, -0.00035144778667, -5.46191222384e-05, 2.39533637796e-05, -0.000134090019856, -0.000551315431949, 0.000231523124967, -0.000222193644731, 5.72277567699e-05, -6.15669196122e-05, -0.000143908633618], [0.000208666999242, 0.00117349962238, -3.87070613215e-05, -0.000604941509664, -0.000356405362254, 0.000585890724324, -0.000542358437087, 0.000876830483321, 0.000134772271849, 0.00071851426037, -0.00100440753158, 0.00118569983169, -0.000930396374315], [1.48740837176e-05, -3.87070613215e-05, 0.00129959569313, -0.00112951733172, -0.00102823297493, -0.000657654425595, 0.00119115470443, 0.000796356413048, 0.000298114871839, -0.000911847455427, 0.000379645178327, -0.000391066714656, -0.000160365103511], [-0.00035144778667, -0.000604941509664, -0.00112951733172, 0.00426881713793, -0.00103625643533, -0.000564204354305, 0.000954474729951, 0.000258208543528, -0.00175787089393, -0.000208773970371, -0.00084596540546, 0.00036946835462, 0.000129473846755], [-5.46191222384e-05, -0.000356405362254, -0.00102823297493, -0.00103625643533, 0.00649737054482, 0.000455457513453, -0.00283668516204, -0.00182023912203, -0.000899415113963, 0.00103913608473, -0.00067415862577, 0.000361624697689, -0.000284997804556], [2.39533637796e-05, 0.000585890724324, -0.000657654425595, -0.000564204354305, 0.000455457513453, 0.00765634141862, -0.00379501888528, -0.00173629249912, 0.00154386693612, 0.000304071960272, -0.00116406299639, 0.000769152247813, -0.000344809348462], [-0.000134090019856, -0.000542358437087, 0.00119115470443, 0.000954474729951, -0.00283668516204, -0.00379501888528, 0.00870289560407, -0.00102071696892, -0.00106001039967, -0.000158143724548, 0.000124724872876, -0.000257004983723, 0.000466234108899], [-0.000551315431949, 0.000876830483321, 0.000796356413048, 0.000258208543528, -0.00182023912203, -0.00173629249912, -0.00102071696892, 0.0126839773729, -0.00479361275211, 0.00050949427532, -0.000576729071327, -0.000784112722613, -0.00207042554393], [0.000231523124967, 0.000134772271849, 0.000298114871839, -0.00175787089393, -0.000899415113963, 0.00154386693612, -0.00106001039967, -0.00479361275211, 0.0147257661447, -0.00425258791074, 0.00116749783047, -0.00166425784118, 0.00153616501484], [-0.000222193644731, 0.00071851426037, -0.000911847455427, -0.000208773970371, 0.00103913608473, 0.000304071960272, -0.000158143724548, 0.00050949427532, -0.00425258791074, 0.0143339922652, -0.00488190725446, 0.00133372901473, -0.000133024543175], [5.72277567699e-05, -0.00100440753158, 0.000379645178327, -0.00084596540546, -0.00067415862577, -0.00116406299639, 0.000124724872876, -0.000576729071327, 0.00116749783047, -0.00488190725446, 0.0137884700671, -0.00580525398254, 0.00188649015035], [-6.15669196122e-05, 0.00118569983169, -0.000391066714656, 0.00036946835462, 0.000361624697689, 0.000769152247813, -0.000257004983723, -0.000784112722613, -0.00166425784118, 0.00133372901473, -0.00580525398254, 0.0168296191841, -0.00490946369246], [-0.000143908633618, -0.000930396374315, -0.000160365103511, 0.000129473846755, -0.000284997804556, -0.000344809348462, 0.000466234108899, -0.00207042554393, 0.00153616501484, -0.000133024543175, 0.00188649015035, -0.00490946369246, 0.015942780301]]
    },
    "melbands": {
        "dmean": [0.000629633897915, 0.000674856477417, 0.000318202190101, 0.000334803946316, 0.000163041520864, 0.000180520670256, 0.00012512113608, 5.89921255596e-05, 5.51514131075e-05, 0.000144407909829, 0.000248205760727, 0.000213200983126, 0.000101589299447, 6.13799056737e-05, 3.8558828237e-05, 3.27590787492e-05, 3.49327092408e-05, 2.73276618827e-05, 2.17734122998e-05, 2.658604717e-05, 2.52400404861e-05, 2.04336429306e-05, 1.44291389006e-05, 1.4610342987e-05, 1.13876003525e-05, 6.26791688774e-06, 5.37697496839e-06, 6.01713873039e-06, 3.90651712223e-06, 2.00300382858e-06, 1.68628207575e-06, 1.56176770361e-06, 1.66438462657e-06, 1.8095863652e-06, 2.03875379157e-06, 2.48480387199e-06, 2.29147144637e-06, 2.39166979554e-06, 2.68311987384e-06, 2.74203898698e-06],
        "dmean2": [0.00100462790579, 0.00108169985469, 0.000524216273334, 0.00055643270025, 0.000258585991105, 0.00028912894777, 0.000204536030651, 9.66541483649e-05, 9.18270889088e-05, 0.000237175860093, 0.000396225310396, 0.000344505126122, 0.00016297448019, 0.000100676996226, 6.06514477113e-05, 5.33659513167e-05, 5.76156089664e-05, 4.48065948149e-05, 3.53322357114e-05, 4.22969460487e-05, 3.83036858693e-05, 3.20233521052e-05, 2.29033576034e-05, 2.32398251683e-05, 1.80538881978e-05, 1.007620358e-05, 8.52962239151e-06, 9.61300702329e-06, 6.27194640401e-06, 3.20574349644e-06, 2.69574229605e-06, 2.45699379775e-06, 2.56463135884e-06, 2.76846617453e-06, 3.0537710245e-06, 3.6546798583e-06, 3.40484280059e-06, 3.51332278115e-06, 3.9378164729e-06, 4.0753079702e-06],
        "dvar": [2.54477390627e-06, 1.97345434572e-06, 3.53872792402e-07, 5.71394309645e-07, 1.47144277207e-07, 2.31202974987e-07, 1.0714888532e-07, 2.20646825255e-08, 1.45464902346e-08, 1.57319547611e-07, 4.41629111947e-07, 4.79546997667e-07, 7.81336382261e-08, 2.80421730281e-08, 1.40779086166e-08, 8.48023606892e-09, 8.05173261398e-09, 6.47206821469e-09, 4.15580325708e-09, 1.16055414168e-08, 6.04676797522e-09, 3.46283468566e-09, 1.20527055003e-09, 1.69496106039e-09, 6.99522384462e-10, 2.72972089377e-10, 1.39361786e-10, 2.77742023824e-10, 1.14086323721e-10, 2.45551183553e-11, 1.46340960183e-11, 1.44848326042e-11, 1.86517502831e-11, 2.2978214817e-11, 3.32671425129e-11, 6.56183093972e-11, 7.02307725864e-11, 7.58949569857e-11, 8.22337198336e-11, 8.57956344857e-11],
        "dvar2": [6.2699236878e-06, 5.15254578204e-06, 9.39466588079e-07, 1.53550308823e-06, 3.37720564403e-07, 5.73080512822e-07, 2.89249953767e-07, 5.74448932866e-08, 3.79368430004e-08, 4.07112025869e-07, 1.09098425582e-06, 1.11353006105e-06, 1.83079265526e-07, 6.93371760008e-08, 2.84904562164e-08, 1.946762751e-08, 2.05601793368e-08, 1.57802304557e-08, 9.78738690094e-09, 2.7192024632e-08, 1.20427632311e-08, 7.30183424835e-09, 2.78463496706e-09, 4.05592226471e-09, 1.56071944257e-09, 6.36404484666e-10, 3.07406156086e-10, 6.54477250173e-10, 2.70476252506e-10, 5.84849876861e-11, 3.40894812378e-11, 3.10978985618e-11, 3.60027077595e-11, 4.46420261868e-11, 6.08311248596e-11, 1.24788221423e-10, 1.39713351999e-10, 1.42597031405e-10, 1.75594858098e-10, 1.70161995605e-10],
        "max": [0.0242152735591, 0.0209375470877, 0.0152062363923, 0.022394567728, 0.0133993485942, 0.0111169200391, 0.00798381865025, 0.00408795382828, 0.0034770637285, 0.0105684837326, 0.0120651870966, 0.014294761233, 0.00715819466859, 0.00525989802554, 0.0044811652042, 0.00299131101929, 0.00333959120326, 0.00260206032544, 0.00305038481019, 0.00379286473617, 0.00216800509952, 0.00193773955107, 0.00115019164514, 0.00134624564089, 0.000708259758539, 0.000734437606297, 0.00038545159623, 0.000615305441897, 0.000281192973489, 0.000168880491401, 0.000119074145914, 0.000120656259242, 0.000119408621686, 0.000165590376128, 0.000224618721404, 0.000271576020168, 0.000297171674902, 0.000322919862811, 0.000358469260391, 0.000373216520529],
        "mean": [0.00127780460753, 0.00155008037109, 0.000653015333228, 0.000551573873963, 0.00031268550083, 0.000346389977494, 0.00022020151664, 9.78302632575e-05, 9.32316761464e-05, 0.000250501820119, 0.000455404195236, 0.000364770996384, 0.000191767336219, 0.000123838937725, 7.11089014658e-05, 5.82182547078e-05, 6.40014550299e-05, 4.63299038529e-05, 3.57383360097e-05, 3.95307397412e-05, 4.37503003923e-05, 3.69227054762e-05, 2.89650397463e-05, 2.77635335806e-05, 2.19052799366e-05, 1.37749475471e-05, 1.09175107355e-05, 1.1211646779e-05, 7.39313372833e-06, 4.1459543354e-06, 3.50470736521e-06, 3.28048713527e-06, 3.5252953694e-06, 3.78455706596e-06, 4.2095543904e-06, 4.93976085636e-06, 4.52412814411e-06, 4.80525295643e-06, 5.26191661265e-06, 5.37166215508e-06],
        "median": [0.000613831914961, 0.000803269795142, 0.000393826281652, 0.000247178191785, 0.000139814568684, 0.000107761909021, 7.41271942388e-05, 4.5996184781e-05, 4.73990949104e-05, 4.36045083916e-05, 5.66852104384e-05, 5.40248256584e-05, 3.56482814823e-05, 2.43039394263e-05, 1.9384893676e-05, 1.92128572962e-05, 1.95133161469e-05, 1.82865242095e-05, 1.4123854271e-05, 1.47671507875e-05, 1.55045781867e-05, 1.33770099637e-05, 1.20899085232e-05, 1.14059766929e-05, 1.09357342808e-05, 8.00076122687e-06, 6.07887523074e-06, 5.20883259014e-06, 3.54627945853e-06, 2.29809757002e-06, 1.99897476705e-06, 1.73576449924e-06, 1.74326748947e-06, 1.68469000528e-06, 1.68682117874e-06, 1.50244591168e-06, 1.26417739921e-06, 1.1944380276e-06, 1.24075359054e-06, 1.08610879579e-06],
        "min": [3.73703723972e-24, 5.5470068004e-24, 2.29485849608e-24, 7.86453222852e-24, 6.58806929804e-24, 1.26847926369e-23, 9.00860615531e-24, 7.01899718929e-24, 6.01921144409e-24, 4.94909322716e-24, 7.04659075489e-24, 4.24120061082e-24, 6.85243552004e-24, 9.4263024826e-24, 8.99888186693e-24, 4.20449806835e-24, 8.338221114e-24, 1.04383321379e-23, 8.16775537213e-24, 2.92738235546e-24, 4.54234392266e-24, 1.22294936769e-23, 8.57782893649e-24, 1.08237372329e-23, 1.1152972276e-23, 8.82718629091e-24, 1.04609243254e-23, 1.03611618199e-23, 7.71536257565e-24, 7.07712440509e-24, 7.73104591931e-24, 6.79082390562e-24, 8.57401084971e-24, 7.89964916058e-24, 8.39995579072e-24, 1.01898235978e-23, 8.75290241491e-24, 9.05917529478e-24, 1.02945945812e-23, 7.86582674927e-24],
        "var": [4.12668578065e-06, 4.54028258901e-06, 8.06506079698e-07, 9.06609045614e-07, 3.53961155497e-07, 6.0496944343e-07, 1.92841554281e-07, 3.34040777261e-08, 2.22250786663e-08, 3.7205174408e-07, 1.1149202237e-06, 9.67991354628e-07, 2.63696108505e-07, 1.09370830614e-07, 3.58056411187e-08, 1.43920733109e-08, 2.03665688758e-08, 1.03460129353e-08, 6.31204200019e-09, 1.33828441662e-08, 1.30827864098e-08, 8.39316616208e-09, 2.62417021446e-09, 2.92124613388e-09, 1.37887001816e-09, 9.19492482154e-10, 3.08528480542e-10, 4.76767403335e-10, 2.06153122351e-10, 4.56599931475e-11, 2.94004091905e-11, 3.31627537931e-11, 4.42307267201e-11, 5.56148981035e-11, 8.30520513473e-11, 1.5788388652e-10, 1.76520895123e-10, 2.13677062155e-10, 1.88854681893e-10, 2.23633098151e-10]
    },
    "mfcc": {
        "mean": [-628.260314941, 95.4073410034, -0.158720001578, 6.29334878922, 6.68326950073, -2.81789827347, 4.48673343658, 5.72224617004, -0.672291278839, -0.781669855118, -2.98462176323, -4.74506950378, -2.28617715836],
        "cov": [[4830.45996094, -1345.43981934, -225.310348511, 143.621994019, 137.419219971, 13.8106966019, 229.992538452, 343.952545166, 300.063476562, 333.903411865, 29.7097473145, 226.448562622, 237.794921875], [-1345.43981934, 1306.20092773, 342.741912842, 304.163696289, 137.425918579, 103.074691772, 28.5216960907, -108.192504883, -107.504440308, -66.0652160645, -12.5837001801, -76.0031051636, -56.0038795471], [-225.310348511, 342.741912842, 1660.30200195, 746.541687012, 648.271484375, 265.320800781, 33.5670280457, -153.899078369, -34.6754798889, -15.0222978592, -18.8448181152, 93.6117019653, 116.72013855], [143.621994019, 304.163696289, 746.541687012, 666.361022949, 417.592224121, 156.157150269, 42.2858695984, -49.0042266846, 12.4790458679, 26.2792835236, 0.600849747658, 82.8502426147, 100.262954712], [137.419219971, 137.425918579, 648.271484375, 417.592224121, 451.829772949, 119.300842285, 56.6912384033, -13.467130661, 28.9073143005, 30.7948169708, -1.85628199577, 63.3873443604, 92.1466140747], [13.8106966019, 103.074691772, 265.320800781, 156.157150269, 119.300842285, 185.136199951, 77.8464431763, 18.2629184723, 19.8309612274, 28.0513114929, 21.9712867737, 20.8686485291, 27.979309082], [229.992538452, 28.5216960907, 33.5670280457, 42.2858695984, 56.6912384033, 77.8464431763, 178.104873657, 76.4741287231, 37.7762641907, 50.0060539246, 18.2205867767, 16.7531375885, 31.4392871857], [343.952545166, -108.192504883, -153.899078369, -49.0042266846, -13.467130661, 18.2629184723, 76.4741287231, 176.290557861, 67.6525421143, 44.4135131836, 24.0742168427, 12.8271389008, 23.8204898834], [300.063476562, -107.504440308, -34.6754798889, 12.4790458679, 28.9073143005, 19.8309612274, 37.7762641907, 67.6525421143, 126.706565857, 56.7534675598, 7.71694326401, 7.42449569702, 15.4288711548], [333.903411865, -66.0652160645, -15.0222978592, 26.2792835236, 30.7948169708, 28.0513114929, 50.0060539246, 44.4135131836, 56.7534675598, 113.829589844, 22.6650791168, 21.1863231659, 27.2156677246], [29.7097473145, -12.5837001801, -18.8448181152, 0.600849747658, -1.85628199577, 21.9712867737, 18.2205867767, 24.0742168427, 7.71694326401, 22.6650791168, 94.3122253418, 30.5541915894, 8.22693061829], [226.448562622, -76.0031051636, 93.6117019653, 82.8502426147, 63.3873443604, 20.8686485291, 16.7531375885, 12.8271389008, 7.42449569702, 21.1863231659, 30.5541915894, 105.872055054, 59.6148452759], [237.794921875, -56.0038795471, 116.72013855, 100.262954712, 92.1466140747, 27.979309082, 31.4392871857, 23.8204898834, 15.4288711548, 27.2156677246, 8.22693061829, 59.6148452759, 106.62159729]],
