{
"lowlevel": {
    "average_loudness": 0.903492629528,
    "barkbands_crest": {
        "dmean": 2.80738258362,
        "dmean2": 4.61823558807,
        "dvar": 6.88524484634,
        "dvar2": 17.3073005676,
        "max": 25.2964954376,
        "mean": 8.62589359283,
        "median": 7.66280317307,
        "min": 1.89133656025,
        "var": 17.3493328094
    },
    "barkbands_flatness_db": {
        "dmean": 0.018311208114,
        "dmean2": 0.0290101375431,
        "dvar": 0.000305466208374,
        "dvar2": 0.000720213924069,
        "max": 0.294921696186,
        "mean": 0.0841034352779,
        "median": 0.0747301280499,
        "min": 0.00801138207316,
        "var": 0.00186310359277
    },
    "barkbands_kurtosis": {
        "dmean": 1.25732469559,
        "dmean2": 2.04566454887,
        "dvar": 3.89331078529,
        "dvar2": 9.64916229248,
        "max": 52.066783905,
        "mean": 0.806861698627,
        "median": 0.0479191541672,
        "min": -1.90466725826,
        "var": 7.11379528046
    },
    "barkbands_skewness": {
        "dmean": 0.443438112736,
        "dmean2": 0.690443217754,
        "dvar": 0.203466579318,
        "dvar2": 0.462516397238,
        "max": 5.64512205124,
        "mean": 0.691061079502,
        "median": 0.68415594101,
        "min": -3.91833162308,
        "var": 0.746046602726
    },
    "barkbands_spread": {
        "dmean": 8.62727832794,
        "dmean2": 13.0339202881,
        "dvar": 96.2288742065,
        "dvar2": 203.607910156,
        "max": 137.968658447,
        "mean": 36.4818878174,
        "median": 34.2605209351,
        "min": 1.55516207218,
        "var": 458.241485596
    },
    "dissonance": {
        "dmean": 0.0162291191518,
        "dmean2": 0.0280696600676,
        "dvar": 0.000294584635412,
        "dvar2": 0.000818700704258,
        "max": 0.500000059605,
        "mean": 0.477144747972,
        "median": 0.483352541924,
        "min": 0.288216769695,
        "var": 0.000433742534369
    },
    "dynamic_complexity": 3.29501652718,
    "erbbands_crest": {
        "dmean": 2.98091220856,
        "dmean2": 4.85808563232,
        "dvar": 9.19454574585,
        "dvar2": 23.119146347,
        "max": 32.1313705444,
        "mean": 9.10423088074,
        "median": 7.66922569275,
        "min": 2.37820291519,
        "var": 25.5104694366
    },
    "erbbands_flatness_db": {
        "dmean": 0.018019516021,
        "dmean2": 0.0272988751531,
        "dvar": 0.000340249098372,
        "dvar2": 0.000721259100828,
        "max": 0.355734795332,
        "mean": 0.138764351606,
        "median": 0.122219964862,
        "min": 0.038689237088,
        "var": 0.00333716277964
    },
    "erbbands_kurtosis": {
        "dmean": 1.06575798988,
        "dmean2": 1.6997948885,
        "dvar": 3.01082754135,
        "dvar2": 7.32026386261,
        "max": 58.7713890076,
        "mean": 0.866858243942,
        "median": 0.210227608681,
        "min": -1.74338126183,
        "var": 6.5575761795
    },
    "erbbands_skewness": {
        "dmean": 0.390863209963,
        "dmean2": 0.601617872715,
        "dvar": 0.157506018877,
        "dvar2": 0.35139849782,
        "max": 6.36075496674,
        "mean": 0.378704845905,
        "median": 0.382184058428,
        "min": -3.75329518318,
        "var": 0.719913423061
    },
    "erbbands_spread": {
        "dmean": 7.59739112854,
        "dmean2": 11.5818557739,
        "dvar": 70.2580947876,
        "dvar2": 158.05531311,
        "max": 120.037071228,
        "mean": 36.0135231018,
        "median": 33.6607780457,
        "min": 2.06335091591,
        "var": 336.733123779
    },
    "hfc": {
        "dmean": 15.7493534088,
        "dmean2": 21.6522369385,
        "dvar": 525.866943359,
        "dvar2": 1037.71801758,
        "max": 355.861175537,
        "mean": 41.4778556824,
        "median": 28.6148033142,
        "min": 1.12600166025e-16,
        "var": 1550.33007812
    },
    "melbands_crest": {
        "dmean": 3.69323968887,
        "dmean2": 6.15922355652,
        "dvar": 10.8692903519,
        "dvar2": 28.2521514893,
        "max": 31.8122406006,
        "mean": 12.3848628998,
        "median": 11.4077510834,
        "min": 1.71982514858,
        "var": 26.7918872833
    },
    "melbands_flatness_db": {
        "dmean": 0.0228347238153,
        "dmean2": 0.0358228459954,
        "dvar": 0.000457776157418,
        "dvar2": 0.00109509890899,
        "max": 0.318602561951,
        "mean": 0.123659774661,
        "median": 0.123742714524,
        "min": 0.00452542956918,
        "var": 0.00215269089676
    },
    "melbands_kurtosis": {
        "dmean": 3.42741084099,
        "dmean2": 5.6139922142,
        "dvar": 37.408870697,
        "dvar2": 90.6283111572,
        "max": 130.403457642,
        "mean": 5.23471212387,
        "median": 3.12578320503,
        "min": -1.91544938087,
        "var": 71.0267486572
    },
    "melbands_skewness": {
        "dmean": 0.582766592503,
        "dmean2": 0.921077907085,
        "dvar": 0.410273641348,
        "dvar2": 0.975033998489,
        "max": 10.8302736282,
        "mean": 1.65741539001,
        "median": 1.49905943871,
        "min": -1.48712289333,
        "var": 1.3754183054
    },
    "melbands_spread": {
        "dmean": 12.8643960953,
        "dmean2": 19.769865036,
        "dvar": 298.534729004,
        "dvar2": 617.482116699,
        "max": 283.829833984,
        "mean": 44.4936561584,
        "median": 37.4206886292,
        "min": 3.05564594269,
        "var": 1049.36767578
    },
    "pitch_salience": {
        "dmean": 0.0703354477882,
        "dmean2": 0.11519536376,
        "dvar": 0.00422945199534,
        "dvar2": 0.010687048547,
        "max": 0.974464774132,
        "mean": 0.600803375244,
        "median": 0.611915171146,
        "min": 0.125673681498,
        "var": 0.0140189705417
    },
    "silence_rate_20dB": {
        "dmean": 0,
        "dmean2": 0,
        "dvar": 0,
        "dvar2": 0,
        "max": 1,
        "mean": 1,
        "median": 1,
        "min": 1,
        "var": 0
    },
    "silence_rate_30dB": {
        "dmean": 0,
        "dmean2": 0,
        "dvar": 0,
        "dvar2": 0,
        "max": 1,
        "mean": 1,
        "median": 1,
        "min": 1,
        "var": 0
    },
    "silence_rate_60dB": {
        "dmean": 0.0311947595328,
        "dmean2": 0.062396004796,
        "dvar": 0.030224326998,
        "dvar2": 0.0697411894798,
        "max": 1,
        "mean": 0.0960698723793,
        "median": 0,
        "min": 0,
        "var": 0.0868344828486
    },
    "spectral_centroid": {
        "dmean": 297.703308105,
        "dmean2": 449.523345947,
        "dvar": 120678.554688,
        "dvar2": 236937.90625,
        "max": 11165.9501953,
        "mean": 2097.93676758,
        "median": 1992.8347168,
        "min": 555.308349609,
        "var": 518676.125
    },
    "spectral_complexity": {
        "dmean": 4.29115104675,
        "dmean2": 6.42325305939,
        "dvar": 22.073890686,
        "dvar2": 40.6940498352,
        "max": 56,
        "mean": 22.4857559204,
        "median": 22,
        "min": 0,
        "var": 132.126449585
    },
    "spectral_decrease": {
        "dmean": 1.71477720912e-09,
        "dmean2": 2.71269562369e-09,
        "dvar": 5.76264638158e-18,
        "dvar2": 1.38533115335e-17,
        "max": -1.57719759639e-29,
        "mean": -4.76314765407e-09,
        "median": -3.78181175265e-09,
        "min": -3.02386240492e-08,
        "var": 1.53873874626e-17
    },
    "spectral_energy": {
        "dmean": 0.00739505933598,
        "dmean2": 0.0114851342514,
        "dvar": 0.000101042365714,
        "dvar2": 0.000233974817093,
        "max": 0.131764143705,
        "mean": 0.0217394400388,
        "median": 0.0179080292583,
        "min": 1.07455042877e-20,
        "var": 0.000290802738164
    },
    "spectral_energyband_high": {
        "dmean": 0.00140935159288,
        "dmean2": 0.00195048062596,
        "dvar": 5.72228645979e-06,
        "dvar2": 1.15792154247e-05,
        "max": 0.0437733083963,
        "mean": 0.00296714436263,
        "median": 0.00147657212801,
        "min": 7.66271281239e-21,
        "var": 1.4596782421e-05
    },
    "spectral_energyband_low": {
        "dmean": 0.00287422118708,
        "dmean2": 0.00479901442304,
        "dvar": 3.44114960171e-05,
        "dvar2": 9.3023685622e-05,
        "max": 0.0610687173903,
        "mean": 0.00481732701883,
        "median": 0.00193511741236,
        "min": 3.0308878482e-23,
        "var": 6.23311789241e-05
    },
    "spectral_energyband_middle_high": {
        "dmean": 0.00358341797255,
        "dmean2": 0.00548079563305,
        "dvar": 4.71494240628e-05,
        "dvar2": 0.000110875858809,
        "max": 0.124362669885,
        "mean": 0.00918291974813,
        "median": 0.00491280248389,
        "min": 1.57000990623e-21,
        "var": 0.000114044480142
    },
    "spectral_energyband_middle_low": {
        "dmean": 0.00278065027669,
        "dmean2": 0.00450970744714,
        "dvar": 2.78260904452e-05,
        "dvar2": 6.95893468219e-05,
        "max": 0.0722315683961,
        "mean": 0.0052714641206,
        "median": 0.00330216810107,
        "min": 3.05863688251e-22,
        "var": 3.85654348065e-05
    },
    "spectral_entropy": {
        "dmean": 0.131573706865,
        "dmean2": 0.190692037344,
        "dvar": 0.019195349887,
        "dvar2": 0.0378585234284,
        "max": 9.8187828064,
        "mean": 8.05309009552,
        "median": 8.04909324646,
        "min": 6.47122812271,
        "var": 0.112850248814
    },
    "spectral_flux": {
        "dmean": 0.0228535160422,
        "dmean2": 0.0351279973984,
        "dvar": 0.000751725980081,
        "dvar2": 0.00156880589202,
        "max": 0.358286470175,
        "mean": 0.0909366235137,
        "median": 0.0846484899521,
        "min": 6.53754272939e-11,
        "var": 0.00238995440304
    },
    "spectral_kurtosis": {
        "dmean": 0.811104953289,
        "dmean2": 1.26780736446,
        "dvar": 0.682855665684,
        "dvar2": 1.64973330498,
        "max": 13.6221561432,
        "mean": 3.23959374428,
        "median": 3.02188396454,
        "min": -1.43454992771,
        "var": 3.38634872437
    },
    "spectral_rms": {
        "dmean": 0.00073338963557,
        "dmean2": 0.00110906863119,
        "dvar": 7.41326743992e-07,
        "dvar2": 1.55644386268e-06,
        "max": 0.0113380057737,
        "mean": 0.00421757530421,
        "median": 0.00417986232787,
        "min": 3.23781084409e-12,
        "var": 3.42117868968e-06
    },
    "spectral_rolloff": {
        "dmean": 1167.55932617,
        "dmean2": 1848.01245117,
        "dvar": 3042622.25,
        "dvar2": 6635534.5,
        "max": 18604.6875,
        "mean": 3680.67529297,
        "median": 2476.31835938,
        "min": 86.1328125,
        "var": 8779810
    },
    "spectral_skewness": {
        "dmean": 0.155159816146,
        "dmean2": 0.231037184596,
        "dvar": 0.0234532952309,
        "dvar2": 0.0483880750835,
        "max": 2.90918421745,
        "mean": 1.42435526848,
        "median": 1.42245650291,
        "min": -0.183722421527,
        "var": 0.145701408386
    },
    "spectral_spread": {
        "dmean": 671917,
        "dmean2": 953168.75,
        "dvar": 773506859008,
        "dvar2": 1.34702353613e+12,
        "max": 41147292,
        "mean": 6105984.5,
        "median": 5870730.5,
        "min": 2634648,
        "var": 4.31385529549e+12
    },
    "spectral_strongpeak": {
        "dmean": 0.841036677361,
        "dmean2": 1.41908562183,
        "dvar": 1.7864767313,
        "dvar2": 4.55662727356,
        "max": 20.6377716064,
        "mean": 1.35815215111,
        "median": 0.557979226112,
        "min": 0,
        "var": 3.27318620682
    },
    "zerocrossingrate": {
        "dmean": 0.0210168082267,
        "dmean2": 0.0232261102647,
        "dvar": 0.000550514727365,
        "dvar2": 0.000628402631264,
        "max": 0.62353515625,
        "mean": 0.128414109349,
        "median": 0.11181640625,
        "min": 0.0234375,
        "var": 0.00450315279886
    },
    "barkbands": {
        "dmean": [0.000131292268634, 0.00225608469918, 0.000714744848665, 0.000575912650675, 0.000398195203161, 0.000499609275721, 0.000488745921757, 0.000588203722145, 0.00118607631885, 0.00137744611129, 0.00106381007936, 0.000932537601329, 0.000689877371769, 0.000488452380523, 0.000567809736822, 0.000472372368677, 0.000355788040906, 0.00024066651531, 0.00019658828387, 0.00018889522471, 0.000283921894152, 0.000298709579511, 0.000219595982344, 0.000245777599048, 0.000287389644654, 0.000158903072588, 0.000130079090013],
        "dmean2": [0.000224754490773, 0.00372914713807, 0.0012391830096, 0.00100200809538, 0.000665935047437, 0.000817626772914, 0.000821703812107, 0.000987772131339, 0.0019768376369, 0.00228983978741, 0.00174852716736, 0.00147431681398, 0.00109149038326, 0.000792000850197, 0.000907451380044, 0.000750655832235, 0.000562329776585, 0.000385324732633, 0.000313168246066, 0.000301935971947, 0.000423301564297, 0.00045582812163, 0.000323682819726, 0.000350242509739, 0.000414076843299, 0.000231199650443, 0.000190697610378],
        "dvar": [7.76293305194e-08, 2.56768707914e-05, 2.87006832878e-06, 3.8566299736e-06, 7.38950518553e-07, 1.26355564589e-06, 1.95924576474e-06, 4.58890735899e-06, 1.07096739157e-05, 1.63387467182e-05, 1.3630671674e-05, 9.24081905396e-06, 5.66615744901e-06, 2.85562578028e-06, 2.77185836239e-06, 1.93262644643e-06, 9.09573202534e-07, 5.67424535802e-07, 1.86109119227e-07, 1.8100536181e-07, 4.37803237219e-07, 5.06498395225e-07, 1.7019951315e-07, 3.0135038287e-07, 5.12235203587e-07, 9.52577750013e-08, 5.48262306665e-08],
        "dvar2": [2.17462101659e-07, 6.76545168972e-05, 7.96541189629e-06, 1.05462731881e-05, 1.98572229237e-06, 3.25919700117e-06, 5.10979316459e-06, 1.21698512885e-05, 2.74625981547e-05, 4.26495025749e-05, 3.48848807334e-05, 2.19722496695e-05, 1.35615982799e-05, 7.11234224582e-06, 6.72645001032e-06, 4.50085144621e-06, 2.06833010452e-06, 1.32694788135e-06, 4.2816625978e-07, 4.48123927299e-07, 9.74685804067e-07, 1.14758881864e-06, 3.76952982606e-07, 6.15194323927e-07, 1.08134099719e-06, 2.01008163003e-07, 1.16282564022e-07],
        "max": [0.00678026489913, 0.0567918345332, 0.0259328223765, 0.0321951285005, 0.0155949387699, 0.0235967226326, 0.0443834625185, 0.0597910881042, 0.0650902688503, 0.0860200002789, 0.0720752328634, 0.0585414655507, 0.0585284717381, 0.0561727434397, 0.0390096567571, 0.056303922087, 0.022882765159, 0.0343824401498, 0.012507442385, 0.0154429841787, 0.0203275308013, 0.0253849755973, 0.0101741086692, 0.0125554418191, 0.0154970474541, 0.00795059651136, 0.00359063525684],
        "mean": [0.000173520151293, 0.00345239462331, 0.000896387035027, 0.000574312056415, 0.000620655540843, 0.000765485689044, 0.000634363503195, 0.00070786854485, 0.00154881621711, 0.00181989255361, 0.00128514994867, 0.00140926544555, 0.00108495634049, 0.000738505681511, 0.000846683746204, 0.000694888993166, 0.000567336799577, 0.000388997636037, 0.000393197871745, 0.000364089297364, 0.000529692682903, 0.000494377338327, 0.0004179123207, 0.000449136918178, 0.000466479395982, 0.000240924433456, 0.000173995547812],
        "median": [2.99026651192e-05, 0.000932082301006, 0.000245411327342, 0.000115815259051, 0.000306944362819, 0.000312653253786, 0.000189984566532, 0.000224318209803, 0.0004524042306, 0.000455255794805, 0.000224270814215, 0.000307500420604, 0.000297411694191, 0.000291150121484, 0.000288063660264, 0.000251341174589, 0.000226211559493, 0.000188463222003, 0.000223066774197, 0.000179166978342, 0.000209746038308, 0.000179076276254, 0.000189251615666, 0.00016692232748, 0.000168841856066, 9.46653017309e-05, 3.89355918742e-05],
        "min": [5.31717444364e-25, 1.70663667071e-23, 2.28238463302e-24, 5.91968007482e-24, 1.4207022027e-23, 4.13874643301e-23, 2.40492293338e-23, 1.14190242938e-23, 3.73504560259e-23, 2.87868029199e-23, 1.9731302928e-23, 6.47485166537e-23, 6.85858768846e-23, 6.94674447234e-23, 4.25260935389e-23, 7.66109651843e-23, 1.10112297485e-22, 2.03368290879e-22, 2.57262434886e-22, 2.57660197488e-22, 3.28667246262e-22, 3.37129413991e-22, 7.16197046597e-22, 7.21826105581e-22, 1.26799184547e-21, 1.61945979723e-21, 1.82834562109e-21],
        "var": [1.05113869608e-07, 4.40992771473e-05, 3.09912002194e-06, 2.84963925878e-06, 9.43691816246e-07, 1.95562483896e-06, 2.25953431254e-06, 4.08433152188e-06, 1.21213397506e-05, 1.8251939764e-05, 1.44667938002e-05, 1.57414960995e-05, 1.02897074612e-05, 4.78789615954e-06, 3.79105381398e-06, 2.58805744124e-06, 1.53662472258e-06, 7.1094609666e-07, 3.31977162205e-07, 2.85619847773e-07, 7.99160602583e-07, 8.10266158169e-07, 3.68771878811e-07, 6.59085912957e-07, 9.45705608046e-07, 1.67626382108e-07, 9.80309593501e-08]
    },
    "erbbands": {
        "dmean": [0.0664181783795, 0.535524666309, 0.9172539711, 1.35530495644, 1.56353223324, 1.31372892857, 2.41729331017, 4.88923835754, 6.59681892395, 7.8951382637, 14.8115100861, 25.4906597137, 34.4363555908, 47.5725631714, 40.7783851624, 34.4095344543, 30.1784477234, 24.0454444885, 27.2514572144, 23.6933765411, 25.4002094269, 17.5827293396, 13.5089883804, 10.0759687424, 9.59782791138, 8.92203330994, 10.472243309, 11.760802269, 10.6667737961, 7.59206104279, 6.40792894363, 5.5878200531, 3.9828042984, 3.0225212574, 2.24943614006, 0.895032465458, 0.224911630154, 0.094544686377, 0.0274788253009, 0.00113583065104],
        "dmean2": [0.109851434827, 0.870426297188, 1.56521105766, 2.35189247131, 2.69883275032, 2.20890307426, 3.8991651535, 8.01031303406, 11.0350255966, 13.0985031128, 24.7605838776, 42.3068809509, 57.2110481262, 78.0897750854, 64.1447296143, 52.9153594971, 47.2210693359, 38.0406913757, 43.2880973816, 38.0895080566, 40.2999649048, 27.2970504761, 21.1405200958, 15.9598922729, 15.2874994278, 14.1151990891, 16.1875953674, 17.218536377, 16.1437797546, 11.1612529755, 9.57839679718, 7.99238586426, 5.84802532196, 4.38720369339, 3.2894089222, 1.30803132057, 0.330997496843, 0.135675281286, 0.0409604534507, 0.0017230832018],
        "dvar": [0.0215905494988, 1.49848353863, 4.5947637558, 14.6033744812, 30.7591495514, 6.97754240036, 34.7367553711, 130.459335327, 316.133056641, 613.335266113, 3009.89038086, 5146.11523438, 11448.8164062, 21331.9570312, 17795.0566406, 12199.8496094, 10675.9941406, 7225.33105469, 5119.97216797, 5539.1171875, 6488.42431641, 2314.29516602, 2081.50366211, 614.403198242, 438.800048828, 320.682037354, 630.256652832, 835.482788086, 576.375488281, 216.7943573, 154.062942505, 134.255493164, 97.9285125732, 65.3459014893, 29.747209549, 3.83658790588, 0.191385269165, 0.0273993089795, 0.00265119038522, 5.27694146513e-06],
        "dvar2": [0.0596802197397, 3.89341378212, 13.0653991699, 40.2347068787, 84.5018768311, 18.776599884, 83.8051605225, 339.277008057, 831.581359863, 1567.79089355, 8047.19482422, 13170.2255859, 30482.5664062, 55682.3164062, 43780.8007812, 27663.6367188, 25289.4550781, 17865.8105469, 12177.7666016, 13358.2099609, 15896.796875, 5171.54541016, 4726.86621094, 1426.01647949, 1059.83996582, 769.373168945, 1467.30505371, 1790.0703125, 1278.4152832, 474.887786865, 350.394561768, 278.348114014, 210.203872681, 137.983108521, 64.7713012695, 8.23849773407, 0.398373305798, 0.0584365986288, 0.00585974473506, 1.21917601064e-05],
        "max": [2.13857030869, 13.1377563477, 28.0151100159, 58.5300140381, 103.579879761, 73.3532867432, 184.249237061, 237.518447876, 415.835662842, 522.69329834, 1405.67102051, 1538.2331543, 2596.67895508, 2955.63378906, 3169.13574219, 2659.43164062, 2962.24609375, 3179.62329102, 1428.07055664, 2197.86425781, 3265.27075195, 1070.36523438, 2404.57324219, 683.024658203, 656.697753906, 440.106323242, 846.373962402, 1124.26513672, 813.696533203, 448.571380615, 346.760620117, 293.108154297, 259.011291504, 174.002914429, 119.938751221, 46.6219673157, 12.8235054016, 2.5436964035, 0.892288684845, 0.0345041379333],
        "mean": [0.0975180268288, 0.761623084545, 1.20955085754, 1.57500016689, 1.76729285717, 2.04983019829, 3.87894964218, 7.12338256836, 9.06304836273, 10.1702833176, 19.1692848206, 34.234577179, 45.853099823, 64.1006088257, 56.9894599915, 56.4372253418, 50.8223457336, 41.9237556458, 44.1493453979, 37.3981361389, 39.1351776123, 30.7916927338, 22.8717021942, 19.7865257263, 19.7789459229, 17.7449417114, 20.2138004303, 20.9087600708, 17.7993125916, 13.8274917603, 11.9220485687, 10.1131429672, 7.02509593964, 4.96784305573, 3.43319535255, 1.3511826992, 0.342117965221, 0.133641451597, 0.036351673305, 0.00143070926424],
        "median": [0.0218785814941, 0.17324218154, 0.364481091499, 0.446203142405, 0.597627460957, 0.994592547417, 1.60904335976, 2.74912071228, 3.15373110771, 3.45567774773, 6.69947528839, 10.1023788452, 14.1978569031, 16.6185493469, 12.8635168076, 14.6555576324, 15.5187931061, 16.596660614, 17.7520904541, 14.8983669281, 15.0406742096, 13.2429466248, 11.272441864, 11.1008548737, 10.9997596741, 8.81285667419, 8.95797729492, 7.41060829163, 6.51413345337, 5.70923137665, 5.34982395172, 3.96471524239, 2.49799108505, 1.71492695808, 1.20842289925, 0.521695137024, 0.122493110597, 0.0437962859869, 0.00816658884287, 0.000299863808323],
        "min": [8.09956484709e-22, 2.81945097439e-21, 2.05875459967e-21, 2.11804959593e-20, 4.39750571695e-20, 2.98646483891e-20, 9.0058830365e-20, 3.59374536635e-19, 3.08820385372e-19, 3.03141557823e-19, 5.77503227388e-19, 7.66259277426e-19, 5.15035529805e-19, 1.72058509815e-18, 1.34600090725e-18, 3.01114877434e-18, 2.71599956484e-18, 3.81002202556e-18, 2.40169719506e-18, 4.3425278167e-18, 5.03881702348e-18, 6.86078654739e-18, 1.07951586344e-17, 1.03444039304e-17, 1.35619396443e-17, 1.37407876732e-17, 1.11366791755e-17, 1.42897634575e-17, 1.40963256169e-17, 1.55562927806e-17, 1.6819969985e-17, 1.63278157185e-17, 1.20811217388e-17, 1.27411200506e-17, 9.22897899853e-18, 5.91974328274e-18, 2.94979782228e-18, 1.21818609637e-18, 2.71533022063e-19, 2.47181390285e-20],
        "var": [0.0318622626364, 2.47143602371, 5.48093414307, 12.1492948532, 22.5739974976, 10.0591278076, 62.2691001892, 182.897857666, 361.359771729, 655.706115723, 2736.51074219, 6129.8359375, 11832.5361328, 23899.1582031, 23204.9707031, 23477.8574219, 18432.7695312, 17212.9316406, 8449.08398438, 7045.55615234, 8228.36523438, 4284.14990234, 2616.20654297, 983.947387695, 827.10369873, 613.264343262, 1057.50219727, 1606.35632324, 1024.19946289, 424.360198975, 312.31439209, 291.940765381, 189.72479248, 120.30960083, 50.8150863647, 6.81081581116, 0.332867592573, 0.0446777641773, 0.00451791891828, 7.92221453594e-06]
    },
    "gfcc": {
        "mean": [28.7678050995, 20.2359485626, -121.243789673, 7.27283620834, -57.8776702881, 18.3803672791, -30.2589683533, 11.5583286285, -21.0374927521, 5.27439689636, -15.8662033081, 3.10235738754, -8.67114830017],
        "cov": [[6155.45361328, -460.829681396, 1730.51403809, 874.743164062, 874.01373291, 216.412506104, 313.904052734, -212.518737793, 178.046798706, -73.4867706299, -93.067527771, 88.9118728638, 113.420921326], [-460.829681396, 827.540588379, -188.336883545, 9.71765899658, 63.0026130676, 53.6229286194, 25.6336898804, 103.321220398, 11.9527177811, 40.9828529358, 31.7899398804, -0.540716528893, 9.68334007263], [1730.51403809, -188.336883545, 1875.50610352, 750.096313477, 668.817016602, 183.521942139, 128.68296814, -111.511749268, 151.508056641, -30.7693901062, -21.2849388123, 35.3893547058, 80.6785964966], [874.743164062, 9.71765899658, 750.096313477, 625.939575195, 344.577056885, 143.5987854, 51.7000846863, -29.5541877747, 54.6397972107, -2.66207814217, -22.8990058899, 24.3926181793, 40.1351470947], [874.01373291, 63.0026130676, 668.817016602, 344.577056885, 543.651245117, 162.901733398, 146.132568359, -53.243221283, 72.2920455933, -7.63740825653, -3.86685204506, 20.5497398376, 41.5699234009], [216.412506104, 53.6229286194, 183.521942139, 143.5987854, 162.901733398, 273.63067627, 92.3548355103, 10.3849191666, 4.90196275711, 26.8730621338, 0.145281344652, -0.848055779934, 15.6324558258], [313.904052734, 25.6336898804, 128.68296814, 51.7000846863, 146.132568359, 92.3548355103, 170.854705811, 7.8450756073, 39.0829353333, -6.5206823349, 0.0419780798256, 9.30297088623, 18.1742324829], [-212.518737793, 103.321220398, -111.511749268, -29.5541877747, -53.243221283, 10.3849191666, 7.8450756073, 153.096969604, 32.5191497803, 23.7004070282, 11.5604867935, 7.6807141304, -1.27920913696], [178.046798706, 11.9527177811, 151.508056641, 54.6397972107, 72.2920455933, 4.90196275711, 39.0829353333, 32.5191497803, 119.868759155, 38.6190910339, 23.2308216095, 21.6946334839, 21.547826767], [-73.4867706299, 40.9828529358, -30.7693901062, -2.66207814217, -7.63740825653, 26.8730621338, -6.5206823349, 23.7004070282, 38.6190910339, 99.3942108154, 52.6707267761, 17.1882247925, 2.84688615799], [-93.067527771, 31.7899398804, -21.2849388123, -22.8990058899, -3.86685204506, 0.145281344652, 0.0419780798256, 11.5604867935, 23.2308216095, 52.6707267761, 101.565628052, 38.1137504578, 9.97748184204], [88.9118728638, -0.540716528893, 35.3893547058, 24.3926181793, 20.5497398376, -0.848055779934, 9.30297088623, 7.6807141304, 21.6946334839, 17.1882247925, 38.1137504578, 84.2819061279, 41.3957023621], [113.420921326, 9.68334007263, 80.6785964966, 40.1351470947, 41.5699234009, 15.6324558258, 18.1742324829, -1.27920913696, 21.547826767, 2.84688615799, 9.97748184204, 41.3957023621, 82.6259231567]],
        "icov": [[0.000264311092906, 0.000116101269668, -8.25981478556e-05, -0.00015174136206, -0.000150131454575, 8.74822799233e-05, -0.000290625379421, 0.000174259010237, -9.41087200772e-05, -3.69006593246e-05, 0.000257508159848, -0.000239452478127, 1.82208896149e-05], [0.000116101269668, 0.00155676330905, 0.000346045562765, -0.000264797650743, -0.000748968974221, 4.27370541729e-05, -4.04257934861e-06, -0.00095602957299, 0.000213198451092, -0.000276305159787, -0.000318109785439, 0.000444268458523, -0.00042651235708], [-8.25981478556e-05, 0.000346045562765, 0.00155035918579, -0.00110256590415, -0.00101567001548, -5.75629055675e-05, 0.000461398187326, 0.000333737436449, -0.00116707070265, 0.00075510510942, -0.000442669261247, 0.000454309076304, -0.000375677685952], [-0.00015174136206, -0.000264797650743, -0.00110256590415, 0.00371990329586, -0.000829113239888, -0.000912050018087, 0.00120573153254, -0.000439551775344, 0.000279543775832, -0.000379655772122, 0.00101238826755, -0.000839740154333, 6.52994931443e-05], [-0.000150131454575, -0.000748968974221, -0.00101567001548, -0.000829113239888, 0.00511590624228, -0.000991179258563, -0.0022961711511, 0.00149147538468, -0.000853129138704, 0.000537698157132, -0.000323394953739, -0.000132041357574, 0.000139311072417], [8.74822799233e-05, 4.27370541729e-05, -5.75629055675e-05, -0.000912050018087, -0.000991179258563, 0.00603707227856, -0.00295560387895, -0.00092525081709, 0.00281734531745, -0.00327721750364, 0.000692549219821, 0.000935865857173, -0.000807907490525], [-0.000290625379421, -4.04257934861e-06, 0.000461398187326, 0.00120573153254, -0.0022961711511, -0.00295560387895, 0.0101241115481, -0.000708633568138, -0.00305753620341, 0.00299681187607, -0.000683258287609, -0.000113634792797, -0.000326672452502], [0.000174259010237, -0.00095602957299, 0.000333737436449, -0.000439551775344, 0.00149147538468, -0.00092525081709, -0.000708633568138, 0.00895916111767, -0.00352459028363, 1.69912127603e-05, 0.00059723877348, -0.00111495750025, 0.000884786306415], [-9.41087200772e-05, 0.000213198451092, -0.00116707070265, 0.000279543775832, -0.000853129138704, 0.00281734531745, -0.00305753620341, -0.00352459028363, 0.0145498290658, -0.00641946867108, 0.000312541698804, -0.000259576976532, -0.00185879925266], [-3.69006593246e-05, -0.000276305159787, 0.00075510510942, -0.000379655772122, 0.000537698157132, -0.00327721750364, 0.00299681187607, 1.69912127603e-05, -0.00641946867108, 0.0181528497487, -0.00805759243667, 0.000421116390498, 0.00103141984437], [0.000257508159848, -0.000318109785439, -0.000442669261247, 0.00101238826755, -0.000323394953739, 0.000692549219821, -0.000683258287609, 0.00059723877348, 0.000312541698804, -0.00805759243667, 0.0168499033898, -0.00707941269502, 0.0015236887848], [-0.000239452478127, 0.000444268458523, 0.000454309076304, -0.000839740154333, -0.000132041357574, 0.000935865857173, -0.000113634792797, -0.00111495750025, -0.000259576976532, 0.000421116390498, -0.00707941269502, 0.0198917966336, -0.00891972798854], [1.82208896149e-05, -0.00042651235708, -0.000375677685952, 6.52994931443e-05, 0.000139311072417, -0.000807907490525, -0.000326672452502, 0.000884786306415, -0.00185879925266, 0.00103141984437, 0.0015236887848, -0.00891972798854, 0.0173651501536]]
    },
    "melbands": {
        "dmean": [0.000602119020186, 0.000549622462131, 0.000244220573222, 9.50983085204e-05, 7.61438714107e-05, 0.000105336570414, 0.000100767378171, 9.32606853894e-05, 0.000129498090246, 0.000171305509866, 0.000176861110958, 0.000199519912712, 0.000142310353112, 0.000115417547931, 8.03675648058e-05, 6.2662147684e-05, 4.60798037238e-05, 4.47099555458e-05, 4.10732282035e-05, 3.08718445012e-05, 3.2268166251e-05, 2.01348248083e-05, 1.74744782271e-05, 1.14676186058e-05, 8.75570549397e-06, 8.22431047709e-06, 6.66802498017e-06, 6.3104603214e-06, 7.22403638065e-06, 7.01718636265e-06, 7.6246824392e-06, 6.08993559581e-06, 6.44576766717e-06, 3.87603404306e-06, 3.7449131014e-06, 4.06304434364e-06, 3.42829002875e-06, 2.96136704492e-06, 2.65314815806e-06, 2.68654048341e-06],
        "dmean2": [0.000999718438834, 0.000906533969101, 0.000421994744102, 0.000162069161888, 0.00012363276619, 0.000172629181179, 0.000168261103681, 0.000154922614456, 0.000216728978558, 0.000284551410004, 0.000294791418128, 0.000328453985276, 0.000229244789807, 0.000180594812264, 0.000125826743897, 9.91984707071e-05, 7.36935035093e-05, 7.15904898243e-05, 6.57955752104e-05, 4.96403627039e-05, 5.21143520018e-05, 3.17948833981e-05, 2.79221640085e-05, 1.85983190022e-05, 1.40621714309e-05, 1.3235606275e-05, 1.07726946226e-05, 1.01770356196e-05, 1.15309012472e-05, 1.09595084723e-05, 1.11817507786e-05, 9.31080103328e-06, 1.00971583379e-05, 5.83923792874e-06, 5.77305809202e-06, 6.01437477599e-06, 5.01089198224e-06, 4.43230101155e-06, 3.95853430746e-06, 3.96402265324e-06],
        "dvar": [1.79378366738e-06, 1.54276608555e-06, 5.6820528016e-07, 5.78381822436e-08, 2.9030122306e-08, 5.81162318269e-08, 7.49761852603e-08, 8.71135554803e-08, 2.20496914949e-07, 2.35512274571e-07, 3.04414015773e-07, 3.74913526002e-07, 2.28443497008e-07, 1.48900426211e-07, 6.89060684067e-08, 5.17641645104e-08, 2.90119377411e-08, 1.40761624579e-08, 1.9492382819e-08, 8.41462988177e-09, 1.17982228431e-08, 3.53755891247e-09, 3.03472846852e-09, 1.18843002106e-09, 4.96062191324e-10, 3.21966231454e-10, 4.14039358354e-10, 1.67811986529e-10, 2.66764249579e-10, 5.31321431296e-10, 3.5108957408e-10, 2.41887815333e-10, 2.04203765009e-10, 5.23797012708e-11, 5.64414071036e-11, 6.43045061643e-11, 5.4098715091e-11, 5.66602320617e-11, 5.11039405238e-11, 5.30676544375e-11],
        "dvar2": [4.7993185035e-06, 4.25772077506e-06, 1.55908094257e-06, 1.56101776838e-07, 7.02474025616e-08, 1.50936344312e-07, 1.96616269932e-07, 2.23721727366e-07, 5.89358705838e-07, 6.04872298027e-07, 8.10546737284e-07, 9.77032073024e-07, 5.76410002395e-07, 3.59224770818e-07, 1.59401452038e-07, 1.22699901794e-07, 7.31380254138e-08, 3.32586367335e-08, 4.78364547973e-08, 1.99104732701e-08, 2.89858501645e-08, 7.86022624766e-09, 7.60325491456e-09, 2.77914513624e-09, 1.16630316516e-09, 7.57211238156e-10, 1.09671061121e-09, 4.12654271864e-10, 5.93060822673e-10, 1.40227418566e-09, 7.37536587359e-10, 5.28702137625e-10, 5.0493570436e-10, 1.15586422378e-10, 1.34818947672e-10, 1.44835199389e-10, 1.14289661068e-10, 1.30143312793e-10, 1.09615629074e-10, 1.15547300894e-10],
        "max": [0.0176206659526, 0.0134643418714, 0.0125313811004, 0.00416928529739, 0.00487542338669, 0.00515883974731, 0.00727314827964, 0.00531067233533, 0.0106658218428, 0.00940913427621, 0.0131502049044, 0.0115893529728, 0.0112852454185, 0.00835227966309, 0.00573812425137, 0.00627865130082, 0.00649557216093, 0.00266793207265, 0.00427190819755, 0.00237004784867, 0.0037021166645, 0.00137715006713, 0.00189096899703, 0.00132974050939, 0.000668101245537, 0.000496331951581, 0.00104091875255, 0.000307508860715, 0.00060264748754, 0.0009350029286, 0.000719034345821, 0.000682688259985, 0.000469476100989, 0.000129265667056, 0.00023852182494, 0.000213535997318, 0.000157133705216, 0.000220844114665, 0.00015160512703, 0.000160137598868],
        "mean": [0.000931777874939, 0.000794537423644, 0.000282642140519, 0.000132738074171, 0.000127848179545, 0.000156759939273, 0.000137959999847, 0.000117554387543, 0.000166787795024, 0.00022404921765, 0.000229493554798, 0.000261979701463, 0.0001833915303, 0.000172197062057, 0.000122991361422, 0.000103523663711, 7.2211099905e-05, 6.78090509609e-05, 5.97375510552e-05, 4.51803171018e-05, 4.54924884252e-05, 3.17952944897e-05, 2.62006324192e-05, 1.80887927854e-05, 1.54452845891e-05, 1.54906319949e-05, 1.23386389532e-05, 1.13034275273e-05, 1.28923511511e-05, 1.15869943329e-05, 1.25537499116e-05, 9.88874671748e-06, 9.61073783401e-06, 6.93993843015e-06, 6.60419300402e-06, 6.99182055541e-06, 5.88018156122e-06, 5.04850413563e-06, 4.30335558121e-06, 4.17212868342e-06],
        "median": [0.000249979377259, 0.000239663277171, 8.72297459864e-05, 5.88634429732e-05, 5.67437200516e-05, 6.25078682788e-05, 4.64300210297e-05, 3.89086562791e-05, 5.45018774574e-05, 6.31795555819e-05, 6.56074116705e-05, 5.99960476393e-05, 3.63398139598e-05, 3.60808408004e-05, 3.24741158693e-05, 3.02249136439e-05, 2.65839480562e-05, 2.6127885576e-05, 2.04037241929e-05, 1.6708538169e-05, 1.57418835443e-05, 1.23693789646e-05, 1.0797860341e-05, 8.47043884278e-06, 8.12958751339e-06, 8.17273667053e-06, 6.44088549961e-06, 5.13511349709e-06, 5.39357688467e-06, 4.44002944278e-06, 4.01735633204e-06, 3.44419208886e-06, 3.48304820363e-06, 2.8515626127e-06, 2.8609065339e-06, 2.94196297546e-06, 2.15442696572e-06, 1.80224697033e-06, 1.40158363138e-06, 1.38046061693e-06],
        "min": [6.81348866829e-24, 1.83662556511e-24, 4.51418829366e-24, 2.8120907286e-24, 2.585130713e-24, 8.73914704731e-24, 4.94469611648e-24, 2.55118129508e-24, 5.57989441154e-24, 4.34861309497e-24, 1.7716232293e-24, 7.21339460444e-24, 3.47581147298e-24, 8.84830251962e-24, 8.53375054455e-24, 4.0564982962e-24, 6.05864778403e-24, 2.86050963045e-24, 3.25917449119e-24, 6.35662894693e-24, 5.93185535403e-24, 5.95106766694e-24, 9.72700915992e-24, 8.19392898811e-24, 7.11479251331e-24, 9.82503380487e-24, 7.48971049143e-24, 9.19889518287e-24, 5.3049404929e-24, 8.83789981087e-24, 7.78509156878e-24, 6.04357107441e-24, 7.15454321433e-24, 7.69498077644e-24, 8.19292319045e-24, 9.8945711048e-24, 8.58475434638e-24, 8.21309751924e-24, 8.20335114276e-24, 1.02006483472e-23],
        "var": [2.99548401017e-06, 2.3019024411e-06, 4.39099522964e-07, 5.73433567297e-08, 5.54918528906e-08, 8.3884600599e-08, 8.68108287477e-08, 8.73098500165e-08, 2.03874847671e-07, 2.69087109928e-07, 3.1263607525e-07, 4.24267142307e-07, 2.6532808306e-07, 2.42954769192e-07, 1.16364923031e-07, 1.08740564997e-07, 5.65806423936e-08, 2.29711947242e-08, 2.42083952884e-08, 1.08841211599e-08, 1.41891192129e-08, 6.02126037919e-09, 3.62244656493e-09, 1.51436230222e-09, 7.2172373633e-10, 5.87080273284e-10, 4.61245208694e-10, 2.84780948823e-10, 4.66847893676e-10, 5.87640436311e-10, 6.73713362875e-10, 4.19507789617e-10, 2.69522626439e-10, 1.07170911035e-10, 1.01948761932e-10, 1.23576052169e-10, 1.12019067633e-10, 9.85594938996e-11, 9.17153991642e-11, 9.11306030638e-11]
    },
    "mfcc": {
        "mean": [-618.685791016, 71.328125, -11.334154129, -2.61750984192, -5.10424423218, 3.28246641159, 1.06507956982, 4.52839565277, 3.04417419434, 3.46098613739, -0.181503474712, 0.131044447422, -0.580490589142],
        "cov": [[4100.49902344, -333.029388428, 776.47454834, 713.530517578, 502.62097168, 543.410766602, 161.829788208, 188.067123413, 215.719436646, 11.4050331116, -103.416358948, 35.7886619568, 87.753326416], [-333.029388428, 664.003356934, -163.866439819, -38.809841156, 25.6874847412, -33.8497238159, 46.099521637, 25.1180229187, 20.3742828369, 47.0795135498, 48.8970298767, 0.742090582848, 10.265745163], [776.47454834, -163.866439819, 1065.50598145, 521.96673584, 477.745819092, 323.692504883, 96.8413467407, 83.6213378906, 107.027923584, 50.8193321228, -25.94597435, 4.47798395157, 27.2000274658], [713.530517578, -38.809841156, 521.96673584, 550.272888184, 366.565124512, 230.258972168, 69.0242156982, 75.3501358032, 87.3256149292, 20.2017192841, -27.7846260071, 9.48855495453, 27.5157833099], [502.62097168, 25.6874847412, 477.745819092, 366.565124512, 439.64074707, 262.884155273, 110.634719849, 78.546875, 81.7038879395, 50.7855987549, -9.64929103851, 0.84766471386, 34.8666992188], [543.410766602, -33.8497238159, 323.692504883, 230.258972168, 262.884155273, 366.860870361, 140.46875, 72.2854156494, 77.9195709229, 37.9838523865, -18.8248615265, 3.84766077995, 25.7137145996], [161.829788208, 46.099521637, 96.8413467407, 69.0242156982, 110.634719849, 140.46875, 156.842300415, 62.9783592224, 35.3543281555, 32.3323631287, 4.2602057457, -4.05995464325, 13.2877883911], [188.067123413, 25.1180229187, 83.6213378906, 75.3501358032, 78.546875, 72.2854156494, 62.9783592224, 119.853424072, 63.4211044312, 22.1023578644, 1.99371516705, -0.898223459721, 7.15599346161], [215.719436646, 20.3742828369, 107.027923584, 87.3256149292, 81.7038879395, 77.9195709229, 35.3543281555, 63.4211044312, 116.076286316, 36.6322898865, -2.00162696838, -0.0375208780169, 4.19701480865], [11.4050331116, 47.0795135498, 50.8193321228, 20.2017192841, 50.7855987549, 37.9838523865, 32.3323631287, 22.1023578644, 36.6322898865, 95.4874343872, 37.2327156067, -1.58379673958, 2.45628738403], [-103.416358948, 48.8970298767, -25.94597435, -27.7846260071, -9.64929103851, -18.8248615265, 4.2602057457, 1.99371516705, -2.00162696838, 37.2327156067, 90.5541000366, 35.5990600586, 1.26858270168], [35.7886619568, 0.742090582848, 4.47798395157, 9.48855495453, 0.84766471386, 3.84766077995, -4.05995464325, -0.898223459721, -0.0375208780169, -1.58379673958, 35.5990600586, 86.5662994385, 31.2091159821], [87.753326416, 10.265745163, 27.2000274658, 27.5157833099, 34.8666992188, 25.7137145996, 13.2877883911, 7.15599346161, 4.19701480865, 2.45628738403, 1.26858270168, 31.2091159821, 82.9815444946]],
