{
"lowlevel": {
    "average_loudness": 0.811673641205,
    "barkbands_crest": {
        "dmean": 2.04519438744,
        "dmean2": 3.36205482483,
        "dvar": 4.08420038223,
        "dvar2": 10.8146734238,
        "max": 25.8317871094,
        "mean": 9.62561321259,
        "median": 8.58288860321,
        "min": 2.57249903679,
        "var": 17.7461299896
    },
    "barkbands_flatness_db": {
        "dmean": 0.015926329419,
        "dmean2": 0.0245831999928,
        "dvar": 0.000227583412197,
        "dvar2": 0.00051141140284,
        "max": 0.40161639452,
        "mean": 0.139894708991,
        "median": 0.131557822227,
        "min": 0.0227191746235,
        "var": 0.00334351556376
    },
    "barkbands_kurtosis": {
        "dmean": 2.51076507568,
        "dmean2": 3.80360937119,
        "dvar": 23.9856357574,
        "dvar2": 48.3871879578,
        "max": 218.528411865,
        "mean": 5.7185254097,
        "median": 2.4788775444,
        "min": -1.93832170963,
        "var": 130.031951904
    },
    "barkbands_skewness": {
        "dmean": 0.437071174383,
        "dmean2": 0.651722967625,
        "dvar": 0.235271513462,
        "dvar2": 0.475255042315,
        "max": 11.2669115067,
        "mean": 1.55309009552,
        "median": 1.36738932133,
        "min": -6.21130275726,
        "var": 1.88010334969
    },
    "barkbands_spread": {
        "dmean": 5.00283527374,
        "dmean2": 7.39746427536,
        "dvar": 71.5231399536,
        "dvar2": 138.635162354,
        "max": 126.403564453,
        "mean": 20.2074165344,
        "median": 14.630241394,
        "min": 0.849469065666,
        "var": 303.38104248
    },
    "dissonance": {
        "dmean": 0.022162027657,
        "dmean2": 0.0372430421412,
        "dvar": 0.00045971054351,
        "dvar2": 0.00127764837816,
        "max": 0.5,
        "mean": 0.444505274296,
        "median": 0.455716699362,
        "min": 0.200724691153,
        "var": 0.0019490144914
    },
    "dynamic_complexity": 3.0191822052,
    "erbbands_crest": {
        "dmean": 2.4802107811,
        "dmean2": 4.03645563126,
        "dvar": 5.32550001144,
        "dvar2": 13.6121768951,
        "max": 32.9776611328,
        "mean": 10.2295703888,
        "median": 8.96619033813,
        "min": 2.33381319046,
        "var": 24.1048126221
    },
    "erbbands_flatness_db": {
        "dmean": 0.014962320216,
        "dmean2": 0.021602474153,
        "dvar": 0.000201771079446,
        "dvar2": 0.00039110032958,
        "max": 0.353038907051,
        "mean": 0.170800358057,
        "median": 0.172898381948,
        "min": 0.0339099988341,
        "var": 0.00290806381963
    },
    "erbbands_kurtosis": {
        "dmean": 1.09465420246,
        "dmean2": 1.67947900295,
        "dvar": 2.89805483818,
        "dvar2": 6.23045444489,
        "max": 81.1032943726,
        "mean": 1.61540949345,
        "median": 0.515876293182,
        "min": -1.83705151081,
        "var": 15.7432823181
    },
    "erbbands_skewness": {
        "dmean": 0.334476590157,
        "dmean2": 0.501954674721,
        "dvar": 0.11131066829,
        "dvar2": 0.214081510901,
        "max": 7.86361026764,
        "mean": 0.672452032566,
        "median": 0.699612736702,
        "min": -4.10370826721,
        "var": 0.958728611469
    },
    "erbbands_spread": {
        "dmean": 6.68067932129,
        "dmean2": 9.92059516907,
        "dvar": 89.258102417,
        "dvar2": 175.86026001,
        "max": 156.794647217,
        "mean": 32.5207061768,
        "median": 27.7042942047,
        "min": 2.78636598587,
        "var": 405.255065918
    },
    "hfc": {
        "dmean": 7.29762506485,
        "dmean2": 9.98037624359,
        "dvar": 395.842803955,
        "dvar2": 663.76373291,
        "max": 561.18536377,
        "mean": 24.2174510956,
        "median": 11.9729204178,
        "min": 1.05799272317e-16,
        "var": 1923.13977051
    },
    "melbands_crest": {
        "dmean": 2.69673895836,
        "dmean2": 4.37361192703,
        "dvar": 6.6775727272,
        "dvar2": 17.5901012421,
        "max": 38.6544380188,
        "mean": 12.8036365509,
        "median": 11.8058137894,
        "min": 2.19175982475,
        "var": 26.5107574463
    },
    "melbands_flatness_db": {
        "dmean": 0.0186692457646,
        "dmean2": 0.0282133594155,
        "dvar": 0.000374549475964,
        "dvar2": 0.000785505282693,
        "max": 0.525295555592,
        "mean": 0.204691648483,
        "median": 0.194749101996,
        "min": 0.0094351330772,
        "var": 0.00522102508694
    },
    "melbands_kurtosis": {
        "dmean": 4.84115076065,
        "dmean2": 7.55685567856,
        "dvar": 126.770614624,
        "dvar2": 293.58215332,
        "max": 439.047058105,
        "mean": 11.2796859741,
        "median": 5.74666500092,
        "min": -1.90153861046,
        "var": 480.059265137
    },
    "melbands_skewness": {
        "dmean": 0.542905509472,
        "dmean2": 0.831232190132,
        "dvar": 0.416956871748,
        "dvar2": 0.980807900429,
        "max": 15.8132448196,
        "mean": 2.19054579735,
        "median": 1.8783519268,
        "min": -2.88158488274,
        "var": 2.29783797264
    },
    "melbands_spread": {
        "dmean": 6.24792098999,
        "dmean2": 9.30266475677,
        "dvar": 182.100784302,
        "dvar2": 335.139984131,
        "max": 279.947052002,
        "mean": 24.0133342743,
        "median": 16.6505203247,
        "min": 0.59199231863,
        "var": 836.781982422
    },
    "pitch_salience": {
        "dmean": 0.0570840835571,
        "dmean2": 0.0928749963641,
        "dvar": 0.00293238786981,
        "dvar2": 0.00756099727005,
        "max": 0.949550926685,
        "mean": 0.576908886433,
        "median": 0.58438962698,
        "min": 0.0483903251588,
        "var": 0.0128959864378
    },
    "silence_rate_20dB": {
        "dmean": 0,
        "dmean2": 0,
        "dvar": 0,
        "dvar2": 0,
        "max": 1,
        "mean": 1,
        "median": 1,
        "min": 1,
        "var": 0
    },
    "silence_rate_30dB": {
        "dmean": 0,
        "dmean2": 0,
        "dvar": 0,
        "dvar2": 0,
        "max": 1,
        "mean": 1,
        "median": 1,
        "min": 1,
        "var": 0
    },
    "silence_rate_60dB": {
        "dmean": 0.0172842424363,
        "dmean2": 0.0345725789666,
        "dvar": 0.0169849451631,
        "dvar2": 0.0392930172384,
        "max": 1,
        "mean": 0.0770596563816,
        "median": 0,
        "min": 0,
        "var": 0.0711290761828
    },
    "spectral_centroid": {
        "dmean": 185.131454468,
        "dmean2": 270.033630371,
        "dvar": 86355.1015625,
        "dvar2": 139171.859375,
        "max": 10902.484375,
        "mean": 1197.72070312,
        "median": 991.085693359,
        "min": 172.390014648,
        "var": 624297.1875
    },
    "spectral_complexity": {
        "dmean": 2.22256422043,
        "dmean2": 3.62443757057,
        "dvar": 5.98436069489,
        "dvar2": 13.9137077332,
        "max": 47,
        "mean": 15.357126236,
        "median": 15,
        "min": 0,
        "var": 58.6682243347
    },
    "spectral_decrease": {
        "dmean": 1.14450271482e-09,
        "dmean2": 1.79885595308e-09,
        "dvar": 2.48479286426e-18,
        "dvar2": 6.1908860565e-18,
        "max": -1.83990623712e-28,
        "mean": -4.57284787814e-09,
        "median": -3.92696852813e-09,
        "min": -2.26960494842e-08,
        "var": 1.06316506699e-17
    },
    "spectral_energy": {
        "dmean": 0.0047343634069,
        "dmean2": 0.00734496908262,
        "dvar": 4.04476850235e-05,
        "dvar2": 9.84092985163e-05,
        "max": 0.0919790491462,
        "mean": 0.0194555670023,
        "median": 0.0164808891714,
        "min": 1.02907237796e-20,
        "var": 0.000193721178221
    },
    "spectral_energyband_high": {
        "dmean": 0.000565347145312,
        "dmean2": 0.000738330127206,
        "dvar": 4.77657658848e-06,
        "dvar2": 7.77676996222e-06,
        "max": 0.0665025040507,
        "mean": 0.00128574972041,
        "median": 0.000165721809026,
        "min": 7.4054822601e-21,
        "var": 2.17008000618e-05
    },
    "spectral_energyband_low": {
        "dmean": 0.00166073720902,
        "dmean2": 0.00276736309752,
        "dvar": 1.87375808309e-05,
        "dvar2": 5.22198279214e-05,
        "max": 0.0656784325838,
        "mean": 0.00338825071231,
        "median": 0.00134197692387,
        "min": 1.45118568135e-23,
        "var": 3.28925270878e-05
    },
    "spectral_energyband_middle_high": {
        "dmean": 0.00116371724289,
        "dmean2": 0.00176745769568,
        "dvar": 3.41172335538e-06,
        "dvar2": 7.74078398535e-06,
        "max": 0.0531930401921,
        "mean": 0.0044953613542,
        "median": 0.00243526254781,
        "min": 1.64468719032e-21,
        "var": 3.08121925627e-05
    },
    "spectral_energyband_middle_low": {
        "dmean": 0.00339681934565,
        "dmean2": 0.00528294499964,
        "dvar": 2.245950418e-05,
        "dvar2": 5.44990471099e-05,
        "max": 0.0803651735187,
        "mean": 0.0111375711858,
        "median": 0.00908650271595,
        "min": 4.6109139529e-22,
        "var": 7.67907549744e-05
    },
    "spectral_entropy": {
        "dmean": 0.146501719952,
        "dmean2": 0.201444238424,
        "dvar": 0.0270671192557,
        "dvar2": 0.0427485853434,
        "max": 9.79407978058,
        "mean": 7.32696151733,
        "median": 7.33740663528,
        "min": 4.99658823013,
        "var": 0.406615585089
    },
    "spectral_flux": {
        "dmean": 0.014889460057,
        "dmean2": 0.0238941386342,
        "dvar": 0.00031211154419,
        "dvar2": 0.000733492779545,
        "max": 0.23644040525,
        "mean": 0.0636093914509,
        "median": 0.0583682134748,
        "min": 1.01443208e-10,
        "var": 0.00142485590186
    },
    "spectral_kurtosis": {
        "dmean": 1.65422964096,
        "dmean2": 2.63522958755,
        "dvar": 4.12625217438,
        "dvar2": 10.9340353012,
        "max": 46.0017051697,
        "mean": 6.62752008438,
        "median": 5.87548065186,
        "min": -1.34663069248,
        "var": 24.7840538025
    },
    "spectral_rms": {
        "dmean": 0.000495291489642,
        "dmean2": 0.000755238870624,
        "dvar": 3.07768942776e-07,
        "dvar2": 7.06122705196e-07,
        "max": 0.00947289075702,
        "mean": 0.00405625347048,
        "median": 0.00400985265151,
        "min": 3.16855331035e-12,
        "var": 2.52790778177e-06
    },
    "spectral_rolloff": {
        "dmean": 499.987854004,
        "dmean2": 831.160400391,
        "dvar": 1830267.5,
        "dvar2": 3702410,
        "max": 18087.890625,
        "mean": 1790.62231445,
        "median": 968.994140625,
        "min": 21.533203125,
        "var": 5114084.5
    },
    "spectral_skewness": {
        "dmean": 0.209770649672,
        "dmean2": 0.314270853996,
        "dvar": 0.048000883311,
        "dvar2": 0.0967667326331,
        "max": 5.40496444702,
        "mean": 1.98203897476,
        "median": 1.94454491138,
        "min": -0.181914538145,
        "var": 0.452622026205
    },
    "spectral_spread": {
        "dmean": 601175.4375,
        "dmean2": 798684.4375,
        "dvar": 873376514048,
        "dvar2": 1.2454044631e+12,
        "max": 40331384,
        "mean": 5088679,
        "median": 4268236,
        "min": 1548930.5,
        "var": 6.16617213952e+12
    },
    "spectral_strongpeak": {
        "dmean": 0.542909920216,
        "dmean2": 0.922063112259,
        "dvar": 1.04069077969,
        "dvar2": 2.72664809227,
        "max": 16.5484371185,
        "mean": 1.09296452999,
        "median": 0.657133102417,
        "min": 0,
        "var": 1.87844610214
    },
    "zerocrossingrate": {
        "dmean": 0.0122375525534,
        "dmean2": 0.0132415797561,
        "dvar": 0.000416486582253,
        "dvar2": 0.000380887766369,
        "max": 0.63134765625,
        "mean": 0.0708501413465,
        "median": 0.0556640625,
        "min": 0.0068359375,
        "var": 0.00374298961833
    },
    "barkbands": {
        "dmean": [0.000120914672152, 0.00103552034125, 0.000564395450056, 0.000573329336476, 0.00148727267515, 0.0008266804507, 0.000665786734316, 0.000685507722665, 0.000930602080189, 0.000602151791099, 0.000303140870528, 0.000183896670933, 0.000173099004314, 0.000201710645342, 0.00024940536241, 0.000170530984178, 0.000165106510394, 0.000178247253643, 0.00016874843277, 6.71497764415e-05, 3.86490173696e-05, 5.74109726585e-05, 0.000100240788015, 0.000168659418705, 0.000185564684216, 6.16363686277e-05, 3.7643192627e-05],
        "dmean2": [0.000194503751118, 0.00178422708996, 0.000942331273109, 0.000948524044361, 0.0023919523228, 0.00127660098951, 0.00104312074836, 0.00106691499241, 0.00148434343282, 0.000952267961111, 0.000496008200571, 0.000296499230899, 0.000279565632809, 0.000322799751302, 0.000382267200621, 0.000268234347459, 0.000260760920355, 0.000268566276645, 0.000254309823504, 0.000105042454379, 5.73424877075e-05, 8.28840784379e-05, 0.000142056043842, 0.000240800145548, 0.000249593605986, 8.23972004582e-05, 5.51693992747e-05],
        "dvar": [2.88116950742e-07, 1.24666885313e-05, 1.80477331924e-06, 2.53462758337e-06, 6.30843396721e-06, 3.3515193536e-06, 1.81537154731e-06, 3.74122123503e-06, 4.72643614557e-06, 1.28234785279e-06, 6.19154434389e-07, 1.71328267129e-07, 2.5752331112e-07, 3.23704881566e-07, 3.43976807926e-07, 2.46382796831e-07, 1.65920027939e-07, 3.01630052491e-07, 2.65443560465e-07, 3.35664331885e-08, 1.41633975659e-08, 5.44475149411e-08, 2.55387931247e-07, 6.12191854543e-07, 6.57502653212e-07, 3.99638580006e-08, 2.90238855172e-08],
        "dvar2": [7.03968225935e-07, 3.6039538827e-05, 4.95147287438e-06, 6.26633391221e-06, 1.67106427398e-05, 8.42057033879e-06, 4.29795454693e-06, 9.47161606746e-06, 1.1961623386e-05, 3.1085428418e-06, 1.6706965198e-06, 4.71357793685e-07, 5.77984792471e-07, 7.05321269834e-07, 7.73439353452e-07, 5.66093660836e-07, 4.03391766213e-07, 6.59070337861e-07, 6.00066528023e-07, 7.64328689229e-08, 2.92948669767e-08, 1.11713909234e-07, 5.15156045822e-07, 1.20175593565e-06, 1.10680218768e-06, 6.85671395217e-08, 6.54079315154e-08],
        "max": [0.0103043541312, 0.0570299290121, 0.0202241744846, 0.0354961566627, 0.0506802983582, 0.0413611643016, 0.0299105867743, 0.061715438962, 0.0692682564259, 0.0349536426365, 0.0228019002825, 0.0126546025276, 0.0248712450266, 0.0237166453153, 0.0150537882, 0.0123777361587, 0.0135865882039, 0.0195631440729, 0.0155352754518, 0.00384333799593, 0.00284195202403, 0.00975172035396, 0.0167452096939, 0.0229452420026, 0.0231526792049, 0.005344403442, 0.00243582180701],
        "mean": [0.000130260537844, 0.00176209036727, 0.00104568828829, 0.000918062229175, 0.0034357230179, 0.00189536623657, 0.00124285859056, 0.00113356043585, 0.00171949109063, 0.00124669424258, 0.000547651492525, 0.000356106145773, 0.000316135381581, 0.000386918429285, 0.000477018678794, 0.000318054313539, 0.000350931077264, 0.000398399191909, 0.000398053816753, 0.000127140374389, 7.48893726268e-05, 0.000108364787593, 0.000191071478184, 0.000337746343575, 0.000381000339985, 0.000112575253297, 4.37491762568e-05],
        "median": [6.75041474096e-06, 0.000381145393476, 0.000244124021265, 0.000257473293459, 0.00196036277339, 0.00106595037505, 0.000576012535021, 0.00038534484338, 0.000537472718861, 0.000543255126104, 0.000155287008965, 0.00017634271353, 8.95020930329e-05, 0.000114661670523, 0.000149379164213, 7.80053233029e-05, 0.000103684244095, 8.47267292556e-05, 7.06145219738e-05, 4.05106693506e-05, 1.78844638867e-05, 2.12047962123e-05, 2.00636313821e-05, 2.57496794802e-05, 2.51328892773e-05, 8.16490410216e-06, 6.56183431147e-07],
        "min": [9.44942162915e-24, 3.96361150233e-24, 3.54153463044e-24, 6.42617689648e-24, 1.95441914322e-23, 7.94514829101e-23, 7.55512283769e-23, 1.47204587736e-22, 6.86617905473e-23, 1.21140042826e-22, 6.72962218332e-23, 6.91343497839e-23, 1.45015959419e-22, 1.15563414693e-22, 1.11146866475e-22, 1.82753335942e-22, 3.39436144252e-22, 1.61676600763e-22, 2.3856413427e-22, 3.4144055777e-22, 5.14131524793e-22, 4.99487994473e-22, 6.93439633793e-22, 8.83225734125e-22, 1.14171149664e-21, 1.73210045071e-21, 1.83940895983e-21],
        "var": [3.34896469667e-07, 1.61229927471e-05, 3.58235115527e-06, 4.22157700086e-06, 1.87138302863e-05, 7.63511707191e-06, 3.99002828999e-06, 5.88632883591e-06, 1.03037573354e-05, 5.96112522544e-06, 1.84301836725e-06, 3.23236434951e-07, 8.90977617019e-07, 1.01701175481e-06, 1.07688583739e-06, 6.52890435049e-07, 5.60529542781e-07, 1.18074774491e-06, 1.05182175503e-06, 9.02632137922e-08, 3.74669291148e-08, 1.38744013611e-07, 7.29324312942e-07, 2.17936621993e-06, 2.7461044283e-06, 1.37429992719e-07, 3.25454614369e-08]
    },
    "erbbands": {
        "dmean": [0.0322466269135, 0.236084893346, 0.598943889141, 1.32493460178, 3.45166563988, 5.66713380814, 6.4613442421, 6.2981133461, 8.80631732941, 11.3719625473, 17.5503005981, 22.4370956421, 22.4947757721, 11.2856426239, 10.1840896606, 8.06070709229, 8.01698303223, 9.1059513092, 9.75817489624, 14.492808342, 6.81045341492, 7.74643850327, 9.20420837402, 6.61223745346, 8.57400512695, 2.6663877964, 1.57893645763, 1.58313179016, 1.90007662773, 2.42047262192, 3.0859913826, 3.56392121315, 2.97795581818, 2.37209248543, 1.25479424, 0.322469472885, 0.111035965383, 0.0399052798748, 0.00738302525133, 0.000226972057135],
        "dmean2": [0.0567945688963, 0.395409286022, 0.9845739007, 2.16884326935, 5.61494636536, 9.13150691986, 9.73756408691, 10.031545639, 13.7557611465, 17.7579689026, 27.1449069977, 35.6926994324, 35.283454895, 18.4077568054, 16.6665458679, 13.0759315491, 12.927980423, 14.7610197067, 15.0950555801, 22.6081142426, 10.9486093521, 12.0740413666, 14.0565538406, 9.94267463684, 12.8030424118, 4.12938261032, 2.38912248611, 2.33897018433, 2.78880047798, 3.53790187836, 4.33417654037, 5.13157606125, 4.30296278, 3.31404447556, 1.71271884441, 0.424209654331, 0.150968700647, 0.0581669248641, 0.0108173880726, 0.00033939446439],
        "dvar": [0.017255326733, 0.610929965973, 2.00807571411, 12.606253624, 63.2767410278, 110.451026917, 201.330780029, 260.331604004, 315.907501221, 808.466247559, 2555.03344727, 3318.7668457, 1871.53063965, 467.893737793, 610.940979004, 380.113861084, 619.027954102, 571.136169434, 603.323852539, 1548.66357422, 307.747558594, 399.141845703, 854.396118164, 367.250915527, 809.292419434, 44.7160339355, 20.7332000732, 30.0985736847, 54.6112098694, 141.62097168, 249.443527222, 284.719818115, 202.14793396, 118.871040344, 29.9057598114, 1.33556687832, 0.128674864769, 0.026530822739, 0.00109760416672, 1.22685480619e-06],
        "dvar2": [0.050783727318, 1.65434169769, 5.42710876465, 30.4128322601, 161.230545044, 297.863098145, 457.63873291, 681.293273926, 749.146484375, 1961.14941406, 6474.33740234, 8517.22558594, 4396.16357422, 1223.32397461, 1632.78601074, 1074.44287109, 1358.1628418, 1279.22363281, 1337.83227539, 3837.52490234, 787.291259766, 968.454833984, 1954.91162109, 756.268676758, 1860.63525391, 101.16594696, 45.1665992737, 61.354549408, 111.263702393, 312.972808838, 505.190155029, 582.369018555, 421.521453857, 220.101501465, 58.1726951599, 2.20663523674, 0.237476810813, 0.0591692253947, 0.00241239950992, 2.90950310955e-06],
        "max": [1.9173232317, 13.8920621872, 22.8338546753, 82.8252944946, 229.690505981, 271.646728516, 429.000488281, 451.979827881, 350.812133789, 657.315429688, 1680.88989258, 1987.40991211, 1268.45007324, 423.995391846, 646.387329102, 620.707824707, 1270.91943359, 1045.38000488, 677.864807129, 1059.74633789, 602.801086426, 902.877746582, 1198.79138184, 726.626037598, 943.730163574, 224.655654907, 117.592521667, 189.399780273, 323.390563965, 506.002685547, 520.125610352, 422.720581055, 469.706359863, 302.924926758, 194.312454224, 35.9160728455, 7.49883413315, 2.12284898758, 0.565315186977, 0.0250543951988],
        "mean": [0.0418500490487, 0.427330374718, 1.2050318718, 2.38734483719, 7.12864637375, 12.0035943985, 14.8315734863, 13.3442783356, 17.7263393402, 20.1803379059, 30.8437309265, 42.4692993164, 48.8454399109, 22.2555179596, 20.3840370178, 16.1149406433, 15.9180746078, 17.9516716003, 19.9842681885, 30.4935455322, 15.5366373062, 19.0541439056, 22.5450592041, 16.5464401245, 20.2505702972, 6.16857433319, 3.09343838692, 3.05470776558, 3.55333995819, 4.62287139893, 5.68814277649, 6.81439352036, 5.70118713379, 4.75850915909, 2.37915611267, 0.630087256432, 0.190430432558, 0.051133222878, 0.00872027222067, 0.000281524844468],
        "median": [0.00514905061573, 0.105653986335, 0.372599959373, 0.874251306057, 2.4026017189, 6.10871553421, 8.14580154419, 6.81396913528, 9.22296142578, 7.81371593475, 11.9684906006, 13.9778347015, 21.4828643799, 10.32447052, 8.13011741638, 8.36847686768, 5.09177494049, 7.04156780243, 6.54695892334, 7.52400398254, 5.68090867996, 5.59532499313, 4.80113220215, 3.82746219635, 3.40272879601, 2.04420161247, 0.989966452122, 0.644097924232, 0.747658371925, 0.6621311903, 0.579823195934, 0.5497828722, 0.397525966167, 0.277607142925, 0.168815851212, 0.0515010356903, 0.0133488895372, 0.0018322984688, 0.000112538138637, 2.84606794594e-05],
        "min": [8.5721279965e-23, 1.08301852873e-21, 3.75624129799e-21, 1.84481116009e-20, 1.74314856255e-20, 7.01132827484e-20, 3.34345240371e-19, 7.77637973933e-19, 9.52056967703e-19, 2.71364871754e-18, 2.07084045967e-18, 1.37291633041e-18, 3.95147735493e-18, 2.64403898745e-18, 3.81670523132e-18, 2.52948295122e-18, 6.08557148887e-18, 6.57993474119e-18, 5.5440432252e-18, 7.8723233846e-18, 1.17593286282e-17, 1.78021725161e-17, 1.05014301076e-17, 1.02249714577e-17, 1.31098672415e-17, 1.62745287434e-17, 2.39071161614e-17, 1.64778414662e-17, 1.95232607469e-17, 1.90896692134e-17, 1.77426469449e-17, 1.95337063837e-17, 1.51911355536e-17, 1.15108460538e-17, 8.89919863191e-18, 7.09041023107e-18, 2.8970323846e-18, 1.17147675815e-18, 2.59716927958e-19, 2.62163893e-20],
        "var": [0.0177201330662, 0.816769778728, 4.50894594193, 23.7389507294, 161.882446289, 315.522491455, 575.965698242, 488.090789795, 691.05267334, 1597.36425781, 4058.80688477, 7085.84326172, 8465.80664062, 1140.93310547, 1827.89111328, 649.236022949, 2232.70556641, 1606.62194824, 1684.90087891, 6149.546875, 905.034851074, 1558.50244141, 3420.90966797, 1730.57116699, 3021.10375977, 167.497238159, 45.8202629089, 82.8943099976, 138.338485718, 360.264099121, 669.788818359, 893.265136719, 662.220031738, 449.10736084, 107.78276825, 5.51425600052, 0.378107845783, 0.0327413640916, 0.00127290457021, 1.27369833081e-06]
    },
    "gfcc": {
        "mean": [-17.2347774506, 79.2339935303, -110.376152039, 3.2898979187, -64.0140075684, 2.65601325035, -47.5790023804, 13.1130743027, -27.8671646118, -3.98205804825, -18.1886749268, -1.11013746262, -10.6625404358],
        "cov": [[6585.77148438, -1453.0826416, 226.106124878, 613.494384766, 374.147277832, 620.357055664, 189.376159668, 460.130615234, 138.165969849, 224.16015625, 133.495941162, 15.4397115707, -150.214050293], [-1453.0826416, 1833.62805176, -66.9880905151, -39.6767616272, 202.596572876, -327.205657959, -9.1849937439, -121.723526001, 3.79572987556, -103.572463989, 102.129493713, -36.5398406982, 35.826965332], [226.106124878, -66.9880905151, 1483.64685059, 305.249755859, 52.447303772, 119.295814514, -41.9911003113, -130.038833618, -78.3910903931, 18.576374054, -12.611322403, -3.87245535851, -2.46919059753], [613.494384766, -39.6767616272, 305.249755859, 472.404785156, 97.2883758545, 113.247802734, -20.0281219482, 36.4809303284, 16.9520950317, 45.746761322, 27.0490531921, -11.5048122406, 5.45250177383], [374.147277832, 202.596572876, 52.447303772, 97.2883758545, 373.399658203, 35.8664131165, 90.6347198486, 62.4975357056, 55.2012519836, 27.2303276062, 44.7510261536, -9.08916568756, 2.9097225666], [620.357055664, -327.205657959, 119.295814514, 113.247802734, 35.8664131165, 323.664154053, 116.667457581, 42.1933326721, 28.8314647675, 76.4355239868, -16.006603241, 3.74971032143, -9.79202747345], [189.376159668, -9.1849937439, -41.9911003113, -20.0281219482, 90.6347198486, 116.667457581, 247.288574219, 49.0946044922, 35.9058990479, 28.5167560577, 27.0765457153, 30.2283267975, -3.04282855988], [460.130615234, -121.723526001, -130.038833618, 36.4809303284, 62.4975357056, 42.1933326721, 49.0946044922, 182.747039795, 56.7143669128, 26.5454063416, 26.6208648682, 5.85593175888, -10.7528295517], [138.165969849, 3.79572987556, -78.3910903931, 16.9520950317, 55.2012519836, 28.8314647675, 35.9058990479, 56.7143669128, 116.741874695, 46.7704467773, 15.9161663055, 10.3395662308, 17.396364212], [224.16015625, -103.572463989, 18.576374054, 45.746761322, 27.2303276062, 76.4355239868, 28.5167560577, 26.5454063416, 46.7704467773, 108.109680176, 27.9487419128, 16.0735626221, 18.7524871826], [133.495941162, 102.129493713, -12.611322403, 27.0490531921, 44.7510261536, -16.006603241, 27.0765457153, 26.6208648682, 15.9161663055, 27.9487419128, 102.29385376, 35.1436347961, 13.1323575974], [15.4397115707, -36.5398406982, -3.87245535851, -11.5048122406, -9.08916568756, 3.74971032143, 30.2283267975, 5.85593175888, 10.3395662308, 16.0735626221, 35.1436347961, 92.2715148926, 44.5393981934], [-150.214050293, 35.826965332, -2.46919059753, 5.45250177383, 2.9097225666, -9.79202747345, -3.04282855988, -10.7528295517, 17.396364212, 18.7524871826, 13.1323575974, 44.5393981934, 101.209518433]],
        "icov": [[0.000293614313705, 0.000201903472771, 4.31528133049e-06, -0.000201800372452, -0.00024537203717, -0.000275948812487, 0.000114409354865, -0.000357788987458, -9.49871628109e-06, 4.26041515311e-05, -0.000448221573606, -4.76886816614e-05, 0.000393951806473], [0.000201903472771, 0.00106491532642, 3.89820997952e-05, -0.000238192471443, -0.000613204785623, 0.000619942788035, -0.000299684150377, 0.000612776610069, -0.00046121244668, 0.000806280761026, -0.00139681505971, 0.000875180878211, -0.000203833638807], [4.31528133049e-06, 3.89820997952e-05, 0.000912883726414, -0.000564596557524, -0.000216330154217, -0.000230171281146, 0.000113457950647, 0.000745674245991, 0.000481170252897, -0.000100537181424, 7.08528750692e-05, -0.000248665775871, 0.000148037259351], [-0.000201800372452, -0.000238192471443, -0.000564596557524, 0.00322030927055, -0.00038455837057, -0.00105798686855, 0.00106909696478, -0.000541332643479, -1.78584741661e-05, -0.000183675190783, -0.000627334287856, 0.000600340368692, -0.000664822990075], [-0.00024537203717, -0.000613204785623, -0.000216330154217, -0.00038455837057, 0.00401248922572, 0.000250131211942, -0.00132281740662, -0.000662696431391, -0.000920808350202, -0.000137695606099, -0.000320558698149, 0.0011464379495, -0.000612140400335], [-0.000275948812487, 0.000619942788035, -0.000230171281146, -0.00105798686855, 0.000250131211942, 0.0065669734031, -0.00315818283707, 0.00044124154374, 0.000199920395971, -0.00307937618345, 0.00224479078315, 0.000576608697884, -6.36189361103e-06], [0.000114409354865, -0.000299684150377, 0.000113457950647, 0.00106909696478, -0.00132281740662, -0.00315818283707, 0.00660801306367, -0.000859126041178, -0.000511933525559, 0.000662367034238, -0.00100185000338, -0.00236653373577, 0.00119763426483], [-0.000357788987458, 0.000612776610069, 0.000745674245991, -0.000541332643479, -0.000662696431391, 0.00044124154374, -0.000859126041178, 0.0088828317821, -0.00315549317747, 0.000937888922635, -0.00161728984676, 0.00037214969052, 0.000693750393111], [-9.49871628109e-06, -0.00046121244668, 0.000481170252897, -1.78584741661e-05, -0.000920808350202, 0.000199920395971, -0.000511933525559, -0.00315549317747, 0.0131449904293, -0.00529906712472, 0.00164232810494, -0.000356512959115, -0.00147675757762], [4.26041515311e-05, 0.000806280761026, -0.000100537181424, -0.000183675190783, -0.000137695606099, -0.00307937618345, 0.000662367034238, 0.000937888922635, -0.00529906712472, 0.0156964603812, -0.00519584631547, 0.000996902468614, -0.00215114885941], [-0.000448221573606, -0.00139681505971, 7.08528750692e-05, -0.000627334287856, -0.000320558698149, 0.00224479078315, -0.00100185000338, -0.00161728984676, 0.00164232810494, -0.00519584631547, 0.0162855032831, -0.00632560346276, 0.00124020816293], [-4.76886816614e-05, 0.000875180878211, -0.000248665775871, 0.000600340368692, 0.0011464379495, 0.000576608697884, -0.00236653373577, 0.00037214969052, -0.000356512959115, 0.000996902468614, -0.00632560346276, 0.0180847216398, -0.0076889982447], [0.000393951806473, -0.000203833638807, 0.000148037259351, -0.000664822990075, -0.000612140400335, -6.36189361103e-06, 0.00119763426483, 0.000693750393111, -0.00147675757762, -0.00215114885941, 0.00124020816293, -0.0076889982447, 0.0145786609501]]
    },
    "melbands": {
        "dmean": [0.000284173642285, 0.00030814477941, 0.000270774355158, 0.000331710703904, 0.000224512725254, 0.000149365339894, 0.00013556414342, 0.000120878998132, 0.000155453250045, 0.000138105082442, 0.000111972694867, 4.7314872063e-05, 4.275025276e-05, 2.11944407056e-05, 2.07194425457e-05, 1.51626009028e-05, 1.90087575902e-05, 1.71499468706e-05, 1.67647212947e-05, 1.62999185704e-05, 8.83879692992e-06, 8.23323262011e-06, 1.2493426766e-05, 7.37295886211e-06, 5.6683652474e-06, 6.66732830723e-06, 4.80084599985e-06, 1.4161856825e-06, 1.01730233837e-06, 1.04802597889e-06, 9.79141304924e-07, 1.11519216262e-06, 1.27656403492e-06, 1.51126903347e-06, 1.7816549871e-06, 2.14630404116e-06, 2.34403592003e-06, 2.08967958315e-06, 2.24313339459e-06, 2.08284109249e-06],
        "dmean2": [0.000493640254717, 0.00050475198077, 0.000442671327619, 0.00053952250164, 0.000343045627233, 0.000235735147726, 0.000211187943933, 0.000188834193978, 0.000241125497269, 0.000218999601202, 0.000175754190423, 7.71768682171e-05, 7.00800519553e-05, 3.41836421285e-05, 3.36838311341e-05, 2.45205083047e-05, 3.07487425744e-05, 2.65165090241e-05, 2.58588170254e-05, 2.55604081758e-05, 1.43084635056e-05, 1.3125395526e-05, 1.9056862584e-05, 1.13668711492e-05, 8.62973865878e-06, 9.97180177364e-06, 7.39370761949e-06, 2.23217830353e-06, 1.56683938712e-06, 1.60294587204e-06, 1.48950095991e-06, 1.68174335613e-06, 1.89358650005e-06, 2.24785162573e-06, 2.58057093561e-06, 3.10979226015e-06, 3.48967660102e-06, 3.10052587338e-06, 3.28199939759e-06, 2.93716061606e-06],
        "dvar": [1.0647011095e-06, 6.07637730354e-07, 4.31008658097e-07, 3.76442670813e-07, 1.89155656471e-07, 1.26974669001e-07, 7.02824962673e-08, 9.05908947857e-08, 1.78347647761e-07, 1.19132479881e-07, 4.66721701287e-08, 8.67556071427e-09, 1.25415979824e-08, 2.22023444074e-09, 2.74446221304e-09, 1.44996814555e-09, 2.64833754926e-09, 2.23129181798e-09, 1.76682724007e-09, 2.13807260785e-09, 5.56790225037e-10, 5.63048885294e-10, 1.47256640215e-09, 4.60229299115e-10, 2.83661066858e-10, 5.0481036018e-10, 2.30439681226e-10, 1.58525241545e-11, 8.69811601217e-12, 9.94437605178e-12, 1.34396651794e-11, 1.91507018577e-11, 2.61997281509e-11, 6.86960835439e-11, 7.99533425577e-11, 1.28765303975e-10, 1.22590396168e-10, 1.07923579795e-10, 1.14057430167e-10, 9.49191072963e-11],
        "dvar2": [3.13406690111e-06, 1.61520927122e-06, 1.07639596081e-06, 1.01977411759e-06, 4.4563446977e-07, 3.30150584205e-07, 1.65971272281e-07, 2.20657483396e-07, 4.42753588459e-07, 3.07466052618e-07, 1.09454354913e-07, 2.27150351861e-08, 3.41424701844e-08, 6.05343819515e-09, 6.47515285834e-09, 3.33389249541e-09, 5.869967179e-09, 4.87785589698e-09, 4.17658085894e-09, 5.09332087617e-09, 1.39862310622e-09, 1.41723444091e-09, 3.48144291173e-09, 1.02939112789e-09, 6.11595663003e-10, 1.17138188038e-09, 5.36644839677e-10, 3.62938845644e-11, 1.97583754913e-11, 2.18336217161e-11, 2.8990570361e-11, 4.13636312702e-11, 5.46291796522e-11, 1.66218358522e-10, 1.63513952378e-10, 2.72592254325e-10, 2.67179833813e-10, 2.41457021044e-10, 2.38715519574e-10, 1.78740758305e-10],
        "max": [0.014222917147, 0.0126004042104, 0.0122763756663, 0.0122527768835, 0.0118763688952, 0.00905021559447, 0.00543846888468, 0.00791521649808, 0.0129535039887, 0.0122435558587, 0.00647992966697, 0.00204089726321, 0.00306102749892, 0.00156228092965, 0.002221763134, 0.00166262348648, 0.00240004458465, 0.00156410038471, 0.00115860777441, 0.00124158523977, 0.000964651524555, 0.00126056629233, 0.00128984171897, 0.000616002071183, 0.000635471194983, 0.000851435121149, 0.000693162961397, 0.000162396027008, 8.33518279251e-05, 7.27299411665e-05, 0.000151417640154, 0.000197752422537, 0.000184627861017, 0.000374418363208, 0.000242576643359, 0.000388459768146, 0.000272264383966, 0.000390534463804, 0.000293590710498, 0.000314967066515],
        "mean": [0.000446015998023, 0.000625387590844, 0.000525480194483, 0.000710447086021, 0.000522863236256, 0.000324440654367, 0.000272603152553, 0.000210381098441, 0.000268535543, 0.000257963140029, 0.000237135915086, 8.56823899085e-05, 7.89330733824e-05, 4.16371076426e-05, 3.96675422962e-05, 2.78381194221e-05, 3.50644841092e-05, 3.25633773173e-05, 3.32484887622e-05, 3.29231334035e-05, 1.69258928508e-05, 1.73477583303e-05, 2.72705765383e-05, 1.63296190294e-05, 1.25953383758e-05, 1.5236823856e-05, 1.06082106868e-05, 2.70665668722e-06, 1.78999391665e-06, 1.86122019841e-06, 1.74860281277e-06, 1.91211529454e-06, 2.28954058912e-06, 2.68838743978e-06, 3.11222174787e-06, 3.78695813197e-06, 4.29577448813e-06, 3.79815082852e-06, 4.10563643527e-06, 4.03838930652e-06],
        "median": [8.21574867587e-05, 0.000224849005463, 0.000220527552301, 0.000336807017447, 0.000306820613332, 0.000169851831743, 0.000143486540765, 8.45217728056e-05, 9.55212308327e-05, 8.6305080913e-05, 9.90589542198e-05, 3.54388539563e-05, 2.53663474723e-05, 1.99897385755e-05, 1.47071732499e-05, 9.49957575358e-06, 1.21051543829e-05, 8.86948146217e-06, 9.902732927e-06, 7.85164502304e-06, 5.51004222871e-06, 5.39920483789e-06, 4.74600710731e-06, 3.79618882107e-06, 2.73866589851e-06, 2.51138453677e-06, 1.86791089618e-06, 9.82879441835e-07, 5.38925860383e-07, 3.94639044998e-07, 3.24621538539e-07, 3.95814254261e-07, 4.01299644182e-07, 3.33484820203e-07, 3.20512583585e-07, 3.20581818869e-07, 3.30371165091e-07, 2.66571134944e-07, 2.34726627468e-07, 2.21603499995e-07],
        "min": [1.18969306268e-24, 1.73283829125e-24, 2.69072211174e-24, 2.46292452308e-24, 9.52752753624e-24, 1.69178194655e-23, 1.40731681086e-23, 3.32139786724e-23, 1.42554296876e-23, 9.57277738662e-24, 1.93473911467e-23, 1.02617535129e-23, 1.18013149659e-23, 9.15031633946e-24, 9.95753009365e-24, 1.35416336307e-23, 1.15939305337e-23, 9.07010101832e-24, 8.67048774956e-24, 1.06893673995e-23, 1.49281434463e-23, 1.88944761243e-23, 1.31534320238e-23, 8.10017839155e-24, 7.66018806622e-24, 9.76812537916e-24, 9.63342974618e-24, 1.10290824597e-23, 1.46929098575e-23, 1.27715831137e-23, 8.74546740088e-24, 1.08561538941e-23, 9.93369623912e-24, 1.15705139866e-23, 9.00243174101e-24, 1.30857990341e-23, 1.08522222113e-23, 1.01925301796e-23, 1.1694862131e-23, 8.35979251546e-24],
        "var": [1.31017509375e-06, 1.15179716431e-06, 7.94226764356e-07, 1.04279263269e-06, 5.55621170406e-07, 2.5753843147e-07, 1.58488319357e-07, 1.67421674746e-07, 2.93546321473e-07, 2.50584520245e-07, 2.14973113088e-07, 1.92872313676e-08, 3.66703645227e-08, 4.38208802578e-09, 8.77166428381e-09, 4.45836789709e-09, 7.68260033368e-09, 6.33037977593e-09, 5.79450887273e-09, 7.6038624286e-09, 1.36019995267e-09, 1.57501556242e-09, 5.48214096341e-09, 1.74247760665e-09, 1.12736875391e-09, 1.5795196262e-09, 8.86845707981e-10, 4.46863344938e-11, 1.67957679015e-11, 2.22963002228e-11, 3.32389463176e-11, 4.17237112915e-11, 6.68410327087e-11, 1.43979134171e-10, 2.05402167497e-10, 3.21120352531e-10, 3.5616198879e-10, 3.12116360535e-10, 3.43405026637e-10, 3.40822314815e-10]
    },
    "mfcc": {
        "mean": [-668.535766602, 125.511955261, 1.2023935318, 3.12000203133, 2.22530269623, -15.1891841888, -6.92864274979, 1.49733912945, -5.45858716965, 0.131969183683, -4.66375780106, -8.85960006714, -4.35885906219],
        "cov": [[6188.41308594, -1521.47546387, -197.103210449, 62.5979576111, 344.681030273, 247.662414551, 353.379119873, 368.288360596, 187.436553955, 326.465393066, 368.909118652, 222.379455566, 139.156173706], [-1521.47546387, 1635.67224121, -160.911682129, 202.580963135, 50.4683036804, -117.352310181, -36.7010345459, -36.1803779602, -138.765029907, -29.9960632324, -42.84608078, -80.408493042, 25.7381439209], [-197.103210449, -160.911682129, 1248.6887207, 224.22668457, 159.422286987, 195.278778076, 64.4487075806, -97.4013214111, -6.98487281799, -77.7135162354, -84.4437713623, 43.3322792053, 21.7915554047], [62.5979576111, 202.580963135, 224.22668457, 381.810058594, 189.005630493, 20.5123920441, 32.0300827026, 8.39980220795, -31.5085487366, 19.0091247559, -5.02796173096, -16.6488342285, 51.8646736145], [344.681030273, 50.4683036804, 159.422286987, 189.005630493, 309.534729004, 32.8307991028, 34.9470443726, 3.56677412987, 18.731470108, 44.2880783081, 17.9832496643, -2.64707612991, 41.639289856], [247.662414551, -117.352310181, 195.278778076, 20.5123920441, 32.8307991028, 280.711212158, 113.040359497, 6.55415725708, 84.1813049316, 16.8358402252, 13.3367290497, 68.6670227051, -1.87142789364], [353.379119873, -36.7010345459, 64.4487075806, 32.0300827026, 34.9470443726, 113.040359497, 193.750167847, 72.3760528564, 41.3297386169, 33.0563926697, 45.2543373108, 37.0579910278, 6.42052364349], [368.288360596, -36.1803779602, -97.4013214111, 8.39980220795, 3.56677412987, 6.55415725708, 72.3760528564, 149.785705566, 35.2344360352, 35.8199043274, 53.7109985352, 12.5195484161, 14.3812856674], [187.436553955, -138.765029907, -6.98487281799, -31.5085487366, 18.731470108, 84.1813049316, 41.3297386169, 35.2344360352, 155.730758667, 41.7676925659, 5.18563842773, 43.9424057007, 9.92061138153], [326.465393066, -29.9960632324, -77.7135162354, 19.0091247559, 44.2880783081, 16.8358402252, 33.0563926697, 35.8199043274, 41.7676925659, 119.808128357, 61.7940177917, 7.92967176437, 14.1552753448], [368.909118652, -42.84608078, -84.4437713623, -5.02796173096, 17.9832496643, 13.3367290497, 45.2543373108, 53.7109985352, 5.18563842773, 61.7940177917, 125.60900116, 23.1091365814, -0.373661488295], [222.379455566, -80.408493042, 43.3322792053, -16.6488342285, -2.64707612991, 68.6670227051, 37.0579910278, 12.5195484161, 43.9424057007, 7.92967176437, 23.1091365814, 109.651069641, 31.2256832123], [139.156173706, 25.7381439209, 21.7915554047, 51.8646736145, 41.639289856, -1.87142789364, 6.42052364349, 14.3812856674, 9.92061138153, 14.1552753448, -0.373661488295, 31.2256832123, 92.4724578857]],
