{
"lowlevel": {
    "average_loudness": 0.81632399559,
    "barkbands_crest": {
        "dmean": 2.80955696106,
        "dmean2": 4.6307144165,
        "dvar": 6.08001995087,
        "dvar2": 15.5194702148,
        "max": 26.9167881012,
        "mean": 10.3247375488,
        "median": 9.46978569031,
        "min": 2.26956152916,
        "var": 19.0731811523
    },
    "barkbands_flatness_db": {
        "dmean": 0.0201142914593,
        "dmean2": 0.0314338505268,
        "dvar": 0.000352628907422,
        "dvar2": 0.000801117101219,
        "max": 0.595661222935,
        "mean": 0.119358077645,
        "median": 0.115079954267,
        "min": 0.0199848096818,
        "var": 0.00192877510563
    },
    "barkbands_kurtosis": {
        "dmean": 4.1551823616,
        "dmean2": 6.27581739426,
        "dvar": 3566.83374023,
        "dvar2": 7975.96289062,
        "max": 4871.77246094,
        "mean": 6.08457374573,
        "median": 2.41310429573,
        "min": -1.9212782383,
        "var": 3796.96923828
    },
    "barkbands_skewness": {
        "dmean": 0.535686969757,
        "dmean2": 0.822133183479,
        "dvar": 0.835041999817,
        "dvar2": 1.57484543324,
        "max": 68.0254211426,
        "mean": 1.47387373447,
        "median": 1.26791810989,
        "min": -2.56088829041,
        "var": 2.30880308151
    },
    "barkbands_spread": {
        "dmean": 6.05679702759,
        "dmean2": 9.20163345337,
        "dvar": 67.1217880249,
        "dvar2": 137.27142334,
        "max": 106.728988647,
        "mean": 21.3543205261,
        "median": 16.6276092529,
        "min": 0.113721296191,
        "var": 245.566299438
    },
    "dissonance": {
        "dmean": 0.0257447957993,
        "dmean2": 0.0433325283229,
        "dvar": 0.000585865636822,
        "dvar2": 0.00157175480854,
        "max": 0.500000119209,
        "mean": 0.45212122798,
        "median": 0.460352361202,
        "min": 0.21452857554,
        "var": 0.00131140253507
    },
    "dynamic_complexity": 3.42457532883,
    "erbbands_crest": {
        "dmean": 3.14453411102,
        "dmean2": 5.06665372849,
        "dvar": 7.7355093956,
        "dvar2": 18.9017982483,
        "max": 32.7138519287,
        "mean": 11.333193779,
        "median": 10.0576858521,
        "min": 2.11634349823,
        "var": 31.1223087311
    },
    "erbbands_flatness_db": {
        "dmean": 0.0186490230262,
        "dmean2": 0.0279019344598,
        "dvar": 0.000291399570415,
        "dvar2": 0.000612590636592,
        "max": 0.309055507183,
        "mean": 0.15650293231,
        "median": 0.155447199941,
        "min": 0.0264267418534,
        "var": 0.00196681520902
    },
    "erbbands_kurtosis": {
        "dmean": 1.68027591705,
        "dmean2": 2.65955495834,
        "dvar": 6.50699663162,
        "dvar2": 16.096206665,
        "max": 58.9117736816,
        "mean": 2.31515789032,
        "median": 1.06701779366,
        "min": -1.87859773636,
        "var": 16.430475235
    },
    "erbbands_skewness": {
        "dmean": 0.430626302958,
        "dmean2": 0.660281419754,
        "dvar": 0.170917421579,
        "dvar2": 0.395533084869,
        "max": 6.75196933746,
        "mean": 0.957511305809,
        "median": 0.902375042439,
        "min": -3.67333936691,
        "var": 0.840220987797
    },
    "erbbands_spread": {
        "dmean": 8.61807250977,
        "dmean2": 13.1239957809,
        "dvar": 124.691703796,
        "dvar2": 268.290771484,
        "max": 179.123245239,
        "mean": 34.5167388916,
        "median": 28.5365409851,
        "min": 2.33735227585,
        "var": 497.78704834
    },
    "hfc": {
        "dmean": 8.04516506195,
        "dmean2": 11.668639183,
        "dvar": 168.774642944,
        "dvar2": 340.84576416,
        "max": 490.913391113,
        "mean": 26.6107711792,
        "median": 19.3598518372,
        "min": 1.14932921231e-16,
        "var": 630.522033691
    },
    "melbands_crest": {
        "dmean": 3.52377009392,
        "dmean2": 5.81994485855,
        "dvar": 9.09423923492,
        "dvar2": 23.3984069824,
        "max": 39.9803619385,
        "mean": 13.2940731049,
        "median": 12.4492359161,
        "min": 2.75971317291,
        "var": 26.2771053314
    },
    "melbands_flatness_db": {
        "dmean": 0.0234992653131,
        "dmean2": 0.0362365506589,
        "dvar": 0.000508933502715,
        "dvar2": 0.00115388073027,
        "max": 0.583710730076,
        "mean": 0.175594121218,
        "median": 0.168076172471,
        "min": 0.0106927901506,
        "var": 0.00354965915903
    },
    "melbands_kurtosis": {
        "dmean": 8.28258514404,
        "dmean2": 12.9790592194,
        "dvar": 15600.5146484,
        "dvar2": 37899.75,
        "max": 9770.90625,
        "mean": 13.2086830139,
        "median": 6.21315956116,
        "min": -1.82096421719,
        "var": 13492.0996094
    },
    "melbands_skewness": {
        "dmean": 0.679295778275,
        "dmean2": 1.04604876041,
        "dvar": 1.60924839973,
        "dvar2": 3.28091645241,
        "max": 93.6865539551,
        "mean": 2.05499076843,
        "median": 1.78338098526,
        "min": -1.83598220348,
        "var": 3.89665389061
    },
    "melbands_spread": {
        "dmean": 6.9503068924,
        "dmean2": 10.8238592148,
        "dvar": 124.822479248,
        "dvar2": 269.076904297,
        "max": 293.101287842,
        "mean": 23.516500473,
        "median": 19.743473053,
        "min": 0.0944299548864,
        "var": 344.228881836
    },
    "pitch_salience": {
        "dmean": 0.071062348783,
        "dmean2": 0.11756439507,
        "dvar": 0.00386632443406,
        "dvar2": 0.00993668660522,
        "max": 0.872647762299,
        "mean": 0.570901930332,
        "median": 0.577671408653,
        "min": 0.00280412612483,
        "var": 0.0137403644621
    },
    "silence_rate_20dB": {
        "dmean": 0,
        "dmean2": 0,
        "dvar": 0,
        "dvar2": 0,
        "max": 1,
        "mean": 1,
        "median": 1,
        "min": 1,
        "var": 0
    },
    "silence_rate_30dB": {
        "dmean": 0,
        "dmean2": 0,
        "dvar": 0,
        "dvar2": 0,
        "max": 1,
        "mean": 1,
        "median": 1,
        "min": 1,
        "var": 0
    },
    "silence_rate_60dB": {
        "dmean": 0.0164447017014,
        "dmean2": 0.0328932143748,
        "dvar": 0.0161718130112,
        "dvar2": 0.0385274812579,
        "max": 1,
        "mean": 0.0721398815513,
        "median": 0,
        "min": 0,
        "var": 0.0669480711222
    },
    "spectral_centroid": {
        "dmean": 208.41569519,
        "dmean2": 320.152038574,
        "dvar": 77719.625,
        "dvar2": 159494.21875,
        "max": 11235.3535156,
        "mean": 1224.68041992,
        "median": 1179.93457031,
        "min": 225.748153687,
        "var": 346025.9375
    },
    "spectral_complexity": {
        "dmean": 2.82987833023,
        "dmean2": 4.39865636826,
        "dvar": 9.86394882202,
        "dvar2": 19.7931365967,
        "max": 57,
        "mean": 16.2995605469,
        "median": 15,
        "min": 0,
        "var": 71.2657241821
    },
    "spectral_decrease": {
        "dmean": 2.00539518325e-09,
        "dmean2": 3.12815573444e-09,
        "dvar": 8.04332229673e-18,
        "dvar2": 1.95169460501e-17,
        "max": -5.11788438219e-29,
        "mean": -5.94780180663e-09,
        "median": -5.06454789218e-09,
        "min": -2.98606508409e-08,
        "var": 2.15271372137e-17
    },
    "spectral_energy": {
        "dmean": 0.00807095412165,
        "dmean2": 0.0125194089487,
        "dvar": 0.000123717458337,
        "dvar2": 0.000297820777632,
        "max": 0.11465408653,
        "mean": 0.0248620584607,
        "median": 0.021360937506,
        "min": 1.0617912486e-20,
        "var": 0.000359959085472
    },
    "spectral_energyband_high": {
        "dmean": 0.000527478870936,
        "dmean2": 0.000756916007958,
        "dvar": 1.62773517332e-06,
        "dvar2": 3.16520959132e-06,
        "max": 0.0516807772219,
        "mean": 0.00117819663137,
        "median": 0.00048519865959,
        "min": 7.60358393887e-21,
        "var": 3.84268787457e-06
    },
    "spectral_energyband_low": {
        "dmean": 0.00255890516564,
        "dmean2": 0.00429641874507,
        "dvar": 7.0800218964e-05,
        "dvar2": 0.000181891402462,
        "max": 0.0956165418029,
        "mean": 0.00330902007408,
        "median": 0.00141363753937,
        "min": 3.94258291607e-23,
        "var": 6.6252418037e-05
    },
    "spectral_energyband_middle_high": {
        "dmean": 0.00255326367915,
        "dmean2": 0.00386333046481,
        "dvar": 2.1581294277e-05,
        "dvar2": 5.30710494786e-05,
        "max": 0.0878681093454,
        "mean": 0.00768935726956,
        "median": 0.00323707424104,
        "min": 1.7345446321e-21,
        "var": 0.000104426566395
    },
    "spectral_energyband_middle_low": {
        "dmean": 0.00531156267971,
        "dmean2": 0.0083211697638,
        "dvar": 5.5222746596e-05,
        "dvar2": 0.000133604378789,
        "max": 0.102856472135,
        "mean": 0.0134939001873,
        "median": 0.0101402960718,
        "min": 3.51831130691e-22,
        "var": 0.000158451730385
    },
    "spectral_entropy": {
        "dmean": 0.180175989866,
        "dmean2": 0.263914704323,
        "dvar": 0.0340729951859,
        "dvar2": 0.0679204836488,
        "max": 9.79640388489,
        "mean": 7.62850904465,
        "median": 7.66349554062,
        "min": 5.8110127449,
        "var": 0.20140068233
    },
    "spectral_flux": {
        "dmean": 0.0249598864466,
        "dmean2": 0.0396470762789,
        "dvar": 0.000797258573584,
        "dvar2": 0.00189194560517,
        "max": 0.344447940588,
        "mean": 0.0877853929996,
        "median": 0.0798831433058,
        "min": 1.03043254485e-10,
        "var": 0.00233582640067
    },
    "spectral_kurtosis": {
        "dmean": 1.05861842632,
        "dmean2": 1.62207460403,
        "dvar": 1.30703258514,
        "dvar2": 2.80456447601,
        "max": 19.8401184082,
        "mean": 4.01740789413,
        "median": 3.80547308922,
        "min": -1.40265905857,
        "var": 6.20506858826
    },
    "spectral_rms": {
        "dmean": 0.000745493161958,
        "dmean2": 0.00112848798744,
        "dvar": 7.18722617421e-07,
        "dvar2": 1.61361822393e-06,
        "max": 0.0105762779713,
        "mean": 0.00453607738018,
        "median": 0.00456507783383,
        "min": 3.21853047686e-12,
        "var": 3.67966663362e-06
    },
    "spectral_rolloff": {
        "dmean": 595.932800293,
        "dmean2": 993.778320312,
        "dvar": 1721940.75,
        "dvar2": 3763583.5,
        "max": 18174.0234375,
        "mean": 1781.67456055,
        "median": 1291.9921875,
        "min": 21.533203125,
        "var": 3510986.25
    },
    "spectral_skewness": {
        "dmean": 0.191856518388,
        "dmean2": 0.284397155046,
        "dvar": 0.0412856601179,
        "dvar2": 0.0809335932136,
        "max": 3.98598647118,
        "mean": 1.71246755123,
        "median": 1.74008977413,
        "min": -0.276569843292,
        "var": 0.228317245841
    },
    "spectral_spread": {
        "dmean": 684257.25,
        "dmean2": 986607.9375,
        "dvar": 854920790016,
        "dvar2": 1.45465881395e+12,
        "max": 40848440,
        "mean": 5989321,
        "median": 5653603,
        "min": 2146866.75,
        "var": 3.79186996838e+12
    },
    "spectral_strongpeak": {
        "dmean": 0.786626279354,
        "dmean2": 1.2989180088,
        "dvar": 1.27876055241,
        "dvar2": 3.23822021484,
        "max": 16.1406288147,
        "mean": 1.68776142597,
        "median": 0.968569159508,
        "min": 0,
        "var": 3.57909369469
    },
    "zerocrossingrate": {
        "dmean": 0.0129018779844,
        "dmean2": 0.0152990268543,
        "dvar": 0.000285579444608,
        "dvar2": 0.000333538686391,
        "max": 0.494140625,
        "mean": 0.0774354338646,
        "median": 0.0693359375,
        "min": 0,
        "var": 0.00194489152636
    },
    "barkbands": {
        "dmean": [0.000145272002555, 0.00175332825165, 0.000767988269217, 0.000652136455756, 0.00167774932925, 0.00147623592056, 0.000802156806458, 0.00157174584456, 0.00165292457677, 0.00101723102853, 0.000427605496952, 0.000751101935748, 0.00065529497806, 0.000575956248213, 0.000300945015624, 0.000250567798503, 0.00024706844124, 0.000153282220708, 7.78416288085e-05, 7.97671382315e-05, 8.55228790897e-05, 8.40534557938e-05, 0.000115949223982, 0.000128789106384, 0.000121298522572, 6.44439132884e-05, 6.65170045977e-06],
        "dmean2": [0.000238416265347, 0.00302126305178, 0.00134763459209, 0.00109023635741, 0.00272133224644, 0.00238895253278, 0.00128710712306, 0.00253515411168, 0.00253532361239, 0.00162252283189, 0.000675034185406, 0.00119479908608, 0.0010088122217, 0.000896795536391, 0.000472284882562, 0.00038572322228, 0.000388081272831, 0.000243655813392, 0.000124209938804, 0.00012692900782, 0.000131827298901, 0.000131376989884, 0.00017375824973, 0.000197144327103, 0.000179171125637, 9.5926814538e-05, 1.03835754999e-05],
        "dvar": [6.61990441131e-07, 4.31379849033e-05, 6.04124215897e-06, 3.99295640818e-06, 1.25180404211e-05, 1.10130813482e-05, 3.98121710532e-06, 1.30254466058e-05, 2.11800306715e-05, 1.02355697891e-05, 2.12562463275e-06, 6.30777140032e-06, 5.25476389157e-06, 3.1802533158e-06, 7.14996019724e-07, 7.24077722225e-07, 5.86549049331e-07, 1.32454843538e-07, 3.09168655122e-08, 4.01069719658e-08, 3.25323803452e-08, 3.4367992896e-08, 8.92055069812e-08, 1.60143144967e-07, 1.84578155427e-07, 3.05288345714e-08, 4.86279516654e-10],
        "dvar2": [1.79113851573e-06, 0.000116124399938, 1.6325746401e-05, 9.75998591457e-06, 3.1314244552e-05, 2.72432644124e-05, 1.02320518636e-05, 3.28163368977e-05, 4.84777774545e-05, 2.69241445494e-05, 4.78218271383e-06, 1.55848301802e-05, 1.22766632558e-05, 7.16260228728e-06, 1.68639951426e-06, 1.68228984876e-06, 1.37590450322e-06, 3.15719859145e-07, 7.71603012595e-08, 1.02802978574e-07, 7.07704899128e-08, 7.5619489337e-08, 1.84137050496e-07, 3.2435619346e-07, 3.69452664017e-07, 6.85576040382e-08, 1.19372689511e-09],
        "max": [0.0435920879245, 0.081153512001, 0.0505961962044, 0.0714027434587, 0.0624679625034, 0.0839281380177, 0.0455896742642, 0.0814699232578, 0.099772401154, 0.0823182836175, 0.046928294003, 0.0675303190947, 0.0822773650289, 0.06808450073, 0.0225251931697, 0.0274506881833, 0.0202298350632, 0.0115248030052, 0.0045908363536, 0.00535115785897, 0.00377244548872, 0.00336742145009, 0.0076728798449, 0.0214646663517, 0.0243488810956, 0.00290060671978, 0.000563230190892],
        "mean": [0.000138380550197, 0.00196692789905, 0.00084297725698, 0.000845567963552, 0.00279773725197, 0.00252722436562, 0.00127400516067, 0.0024662646465, 0.00277986959554, 0.00190519064199, 0.000707012659404, 0.0014453389449, 0.00113550014794, 0.00103347282857, 0.000468532321975, 0.000431719789049, 0.000439396128058, 0.000262945861323, 0.000150486695929, 0.000147368031321, 0.00017109408509, 0.00015596456069, 0.000210528072785, 0.000228745790082, 0.000215094900341, 0.00010695898527, 7.73800275056e-06],
        "median": [1.10895207399e-05, 0.000823956215754, 0.000272972305538, 0.000195722997887, 0.00121264345944, 0.00102508382406, 0.000429032836109, 0.000643783248961, 0.000456781999674, 0.000380341545679, 0.00018529794761, 0.000167538528331, 0.000149539962877, 0.000195563014131, 0.000137793293106, 0.000114727328764, 0.000111426292278, 0.000101237121271, 7.43678101571e-05, 5.80575033382e-05, 5.89111368754e-05, 5.49647229491e-05, 6.70188455842e-05, 8.02024878794e-05, 7.62852578191e-05, 3.49920592271e-05, 1.73314276708e-06],
        "min": [6.10184304619e-24, 1.41259429032e-23, 1.18294189245e-23, 1.21876974596e-23, 2.94162003262e-23, 1.67582944355e-23, 1.93028381761e-22, 5.61272451472e-23, 2.56001740497e-23, 8.65093393876e-23, 7.86993261251e-23, 6.21435086181e-23, 5.00373052232e-23, 2.1905814106e-22, 1.41645478626e-22, 1.47554059428e-22, 1.35227053866e-22, 5.06360298243e-22, 2.29964086277e-22, 2.4571192089e-22, 3.15645109092e-22, 6.61137786587e-22, 6.65771795358e-22, 8.07470348545e-22, 1.09609418222e-21, 1.69476140477e-21, 2.44886497229e-21],
        "var": [5.97266421209e-07, 3.46736342181e-05, 5.46507271793e-06, 5.56216673431e-06, 2.24515370064e-05, 2.05988671951e-05, 6.91876857672e-06, 2.54894457612e-05, 5.00482601637e-05, 2.54267397395e-05, 4.3709064812e-06, 2.25857256737e-05, 1.47409164128e-05, 9.31718204811e-06, 1.13352189146e-06, 1.33319167617e-06, 1.27891348711e-06, 2.62659909822e-07, 5.73606833143e-08, 7.10011178739e-08, 8.55352340068e-08, 7.81790632232e-08, 1.89425747976e-07, 2.69319173185e-07, 3.05574445747e-07, 4.80903104005e-08, 5.15656850553e-10]
    },
    "erbbands": {
        "dmean": [0.0452306978405, 0.413023501635, 0.851269185543, 1.57482409477, 3.27667284012, 5.98251914978, 11.4042205811, 12.2459249496, 10.9267044067, 20.5018177032, 33.2443809509, 38.4272613525, 35.0457115173, 18.87541008, 18.6581497192, 29.6834964752, 28.5588645935, 28.094991684, 18.7134513855, 13.134221077, 11.561337471, 14.1573047638, 8.94501781464, 4.44258308411, 3.52321791649, 3.71432089806, 3.31990385056, 3.41281461716, 2.87965369225, 3.3267083168, 3.39741444588, 2.45089626312, 2.38788318634, 1.55560743809, 0.814774513245, 0.39120811224, 0.0953921675682, 0.0149032846093, 0.00109224114567, 3.03985889332e-05],
        "dmean2": [0.0788025259972, 0.709515035152, 1.46645236015, 2.66343951225, 5.37778568268, 9.668384552, 18.7283649445, 19.6680088043, 17.5440292358, 33.9447441101, 52.1906738281, 58.4230422974, 55.1196632385, 28.9634857178, 28.5913352966, 47.0226898193, 43.3183441162, 42.7958641052, 28.7715797424, 20.0477695465, 17.762594223, 21.9651908875, 14.1199398041, 7.10939455032, 5.66319513321, 5.88183450699, 5.14935874939, 5.2552652359, 4.50663280487, 5.09727668762, 5.07146406174, 3.68926644325, 3.70940589905, 2.35722589493, 1.2173666954, 0.583542227745, 0.143088907003, 0.0224446840584, 0.00167098734528, 4.51012856502e-05],
        "dvar": [0.0320247858763, 2.28314685822, 7.3409075737, 22.3677825928, 77.1860351562, 199.406463623, 620.350891113, 958.556396484, 717.868713379, 3052.33276367, 5707.06347656, 13219.8232422, 12418.7958984, 2718.04614258, 3551.41699219, 10159.8828125, 10425.2734375, 8608.49707031, 2427.7265625, 1454.62133789, 1929.34655762, 2219.73608398, 456.593200684, 82.2579879761, 74.3688201904, 96.8189620972, 50.6650505066, 56.0385551453, 42.1601867676, 62.1343002319, 84.5304260254, 34.2743644714, 82.6628952026, 41.7552223206, 6.02814006805, 1.18204176426, 0.0679380074143, 0.00206929608248, 1.24173184304e-05, 9.54702716882e-09],
        "dvar2": [0.0883493348956, 6.06060743332, 19.4099597931, 57.6542282104, 186.207321167, 504.194122314, 1586.10351562, 2337.95239258, 1857.61877441, 8393.58105469, 13322.2548828, 29893.5371094, 31452.4453125, 6276.32128906, 7997.70947266, 25098.8046875, 23926.2832031, 19150.7773438, 5719.06787109, 3246.27050781, 4349.76513672, 5229.23144531, 1073.68762207, 198.065750122, 192.924301147, 242.91368103, 112.62953186, 119.55896759, 96.919708252, 133.743286133, 178.198699951, 72.5328216553, 167.820632935, 84.314743042, 12.5736875534, 2.6570789814, 0.157936215401, 0.0049129142426, 3.05331886921e-05, 2.37949180359e-08],
        "max": [2.60360527039, 18.3533382416, 36.411895752, 115.999343872, 190.656494141, 263.987091064, 631.178344727, 714.559448242, 778.409118652, 1641.69775391, 1378.15637207, 2755.42260742, 2747.05126953, 1396.56774902, 2042.26965332, 3109.26342773, 4531.87548828, 3660.11547852, 1258.8067627, 1269.57202148, 1858.6373291, 1431.00292969, 610.773193359, 259.823242188, 262.840026855, 230.929275513, 206.75479126, 174.738342285, 125.86125946, 161.485595703, 260.637573242, 181.235626221, 546.690795898, 423.866333008, 72.9113464355, 22.7143268585, 5.62683963776, 1.20648002625, 0.103705793619, 0.00481975171715],
        "mean": [0.0477016940713, 0.469336479902, 1.01566135883, 2.04276418686, 4.76552009583, 9.39019012451, 18.9995384216, 20.4112186432, 18.739112854, 33.13256073, 55.9825401306, 67.6062164307, 65.7010345459, 37.2277946472, 35.068687439, 61.501033783, 56.1761322021, 56.0294456482, 33.9363899231, 24.170873642, 22.2078857422, 25.3803386688, 16.4869556427, 8.99457263947, 7.06035327911, 7.03340196609, 6.71852684021, 6.74942111969, 5.376475811, 5.82064437866, 6.11923217773, 4.70388841629, 3.88768720627, 2.66764354706, 1.38352310658, 0.636385142803, 0.156059756875, 0.0216688252985, 0.00140819163062, 6.51972659398e-05],
        "median": [0.0146499257535, 0.199539750814, 0.391218900681, 0.611215829849, 1.29281628132, 3.74825763702, 7.77297115326, 8.00223350525, 8.00687217712, 10.4571285248, 14.9275445938, 13.5938358307, 16.1060333252, 9.35933876038, 10.7862653732, 8.45749664307, 8.4009513855, 11.6759853363, 10.4916276932, 7.72272062302, 6.49244594574, 6.55066776276, 6.48806476593, 4.70531320572, 3.26206445694, 2.84696578979, 2.43507623672, 2.26721477509, 1.89841914177, 1.88065671921, 1.96154141426, 1.79581165314, 1.2137093544, 0.914947628975, 0.466570436954, 0.200722530484, 0.0505207329988, 0.00650261249393, 0.000413880246924, 4.42821910838e-05],
        "min": [1.7185916684e-22, 3.99206451296e-21, 1.55261348612e-20, 3.58617142924e-20, 6.98719528047e-20, 7.50150064244e-20, 9.85250497838e-20, 2.06864494138e-19, 1.39951814871e-18, 2.90849772827e-18, 1.32705764404e-18, 6.78965097926e-19, 1.56555035825e-18, 4.19680092664e-18, 2.42623364677e-18, 2.26131058304e-18, 2.7379570742e-18, 9.38814261045e-18, 9.21032773007e-18, 4.9288193728e-18, 1.16885178319e-17, 9.31037026208e-18, 2.60030065451e-17, 1.33312282181e-17, 1.42031725367e-17, 9.95664647467e-18, 1.31536126882e-17, 1.6448488135e-17, 2.3479895573e-17, 2.26133742505e-17, 1.65022962338e-17, 1.81794429761e-17, 1.24763949576e-17, 9.49215312786e-18, 9.23147294807e-18, 5.34556371876e-18, 3.59128858823e-18, 1.3398081162e-18, 3.82980410161e-19, 3.21726923244e-20],
        "var": [0.0255716163665, 1.85889065266, 6.59284162521, 26.8404102325, 113.303985596, 315.952972412, 1188.96411133, 1616.26928711, 1175.98510742, 5715.56640625, 12133.1191406, 32651.3574219, 29324.3496094, 7575.81738281, 9183.36035156, 38066.765625, 30505.2460938, 28739.2753906, 4495.35009766, 2844.8269043, 3835.63061523, 4504.83349609, 942.228027344, 176.136688232, 125.329177856, 178.777740479, 131.658798218, 142.502471924, 91.6195144653, 124.831504822, 173.935287476, 76.8484649658, 116.39730835, 62.1330566406, 10.1860218048, 1.86800682545, 0.0980555042624, 0.00255611119792, 1.35365762617e-05, 1.05769135672e-08]
    },
    "gfcc": {
        "mean": [10.5733013153, 62.2071914673, -109.375160217, 7.7469367981, -70.1432418823, 16.454656601, -47.1581764221, 13.8306980133, -24.0943145752, 6.91280984879, -18.2220134735, 3.29002952576, -12.0512266159],
        "cov": [[4383.39648438, -552.889648438, -54.8157196045, 145.611602783, 101.543289185, 177.638839722, 52.31042099, -32.1765098572, -55.9482002258, 122.674201965, -4.07885122299, 103.47542572, -37.2096824646], [-552.889648438, 1034.97363281, 380.634185791, 65.0147628784, 105.030075073, -67.2179031372, 14.6598577499, -13.4367828369, 57.4667625427, -12.5771255493, 105.490188599, -52.7111778259, 17.6297130585], [-54.8157196045, 380.634185791, 1239.20874023, 443.084960938, 34.1497955322, 36.0268135071, -77.0171356201, -25.9962444305, 10.5161933899, 30.3432788849, 51.8699836731, -6.14336395264, -5.96745681763], [145.611602783, 65.0147628784, 443.084960938, 451.146972656, 75.0047073364, 8.93436527252, -29.8516578674, -19.369802475, 20.3954772949, 17.0787754059, -5.49493503571, 17.6584529877, 24.1230106354], [101.543289185, 105.030075073, 34.1497955322, 75.0047073364, 210.481018066, 52.6834068298, 37.8020401001, 15.0204992294, 18.9384002686, 15.5794391632, 14.2099695206, 18.3365974426, 9.19439792633], [177.638839722, -67.2179031372, 36.0268135071, 8.93436527252, 52.6834068298, 228.953033447, 121.855819702, 10.364276886, -46.864528656, 16.2053604126, 39.3607559204, -4.68066740036, -31.0327911377], [52.31042099, 14.6598577499, -77.0171356201, -29.8516578674, 37.8020401001, 121.855819702, 206.490524292, 46.7630844116, -27.5642662048, 15.5229988098, 29.2261505127, -3.29362797737, -21.7208423615], [-32.1765098572, -13.4367828369, -25.9962444305, -19.369802475, 15.0204992294, 10.364276886, 46.7630844116, 113.053245544, 55.9670791626, 12.908703804, -6.42953920364, 2.52613139153, 7.26773834229], [-55.9482002258, 57.4667625427, 10.5161933899, 20.3954772949, 18.9384002686, -46.864528656, -27.5642662048, 55.9670791626, 145.345809937, 45.6622962952, -1.59404170513, 4.39629125595, 20.5527992249], [122.674201965, -12.5771255493, 30.3432788849, 17.0787754059, 15.5794391632, 16.2053604126, 15.5229988098, 12.908703804, 45.6622962952, 100.801368713, 45.7148513794, 14.1983184814, -1.99605512619], [-4.07885122299, 105.490188599, 51.8699836731, -5.49493503571, 14.2099695206, 39.3607559204, 29.2261505127, -6.42953920364, -1.59404170513, 45.7148513794, 118.725082397, 35.0679779053, -4.42891407013], [103.47542572, -52.7111778259, -6.14336395264, 17.6584529877, 18.3365974426, -4.68066740036, -3.29362797737, 2.52613139153, 4.39629125595, 14.1983184814, 35.0679779053, 99.0499572754, 43.492767334], [-37.2096824646, 17.6297130585, -5.96745681763, 24.1230106354, 9.19439792633, -31.0327911377, -21.7208423615, 7.26773834229, 20.5527992249, -1.99605512619, -4.42891407013, 43.492767334, 89.1197509766]],
        "icov": [[0.000274188176263, 8.13529986772e-05, 2.86133745249e-05, -8.82586246007e-05, -9.86122831819e-05, -0.000159102623002, 5.11635626026e-05, 7.17105867807e-05, 0.00013929393026, -0.000416300579673, 0.000250435987255, -0.000350060930941, 0.000227423224715], [8.13529986772e-05, 0.00212432979606, -0.000812444486655, 0.000539232918527, -0.00139535462949, 0.00164815573953, -0.00133095879573, 0.00103746389505, -0.00128839106765, 0.00192847580183, -0.00309406244196, 0.00264817872085, -0.0013835785212], [2.86133745249e-05, -0.000812444486655, 0.00172965077218, -0.0016672416823, 0.000782217597589, -0.00106076395605, 0.00130645965692, -0.000807846779935, 0.00071147584822, -0.00078090140596, 0.000283954694169, -0.000548829673789, 0.000774381507654], [-8.82586246007e-05, 0.000539232918527, -0.0016672416823, 0.00414251675829, -0.00146509683691, 0.000553765334189, -0.00071845453931, 0.0013201039983, -0.00087475462351, 0.000174204833456, 0.00052687979769, 0.000101967860246, -0.00113318080548], [-9.86122831819e-05, -0.00139535462949, 0.000782217597589, -0.00146509683691, 0.00662528397515, -0.00233603804372, 0.000329281523591, -0.000682929414324, -0.000321302679367, -0.000969484855887, 0.00179123552516, -0.00239787856117, 0.000634418742266], [-0.000159102623002, 0.00164815573953, -0.00106076395605, 0.000553765334189, -0.00233603804372, 0.00895884074271, -0.0048268395476, 0.000676979427226, 0.000864534755237, 0.00108477333561, -0.00366873573512, 0.00274059246294, -0.000179307709914], [5.11635626026e-05, -0.00133095879573, 0.00130645965692, -0.00071845453931, 0.000329281523591, -0.0048268395476, 0.0098967589438, -0.00508273625746, 0.00335797248408, -0.00232534343377, 0.000743348849937, -0.00108459382318, 0.00141821312718], [7.17105867807e-05, 0.00103746389505, -0.000807846779935, 0.0013201039983, -0.000682929414324, 0.000676979427226, -0.00508273625746, 0.0146253081039, -0.00729003036395, 0.00203328975476, 0.000434803194366, 0.000139293959364, -0.00103161821608], [0.00013929393026, -0.00128839106765, 0.00071147584822, -0.00087475462351, -0.000321302679367, 0.000864534755237, 0.00335797248408, -0.00729003036395, 0.0137229831889, -0.00734734162688, 0.00241526402533, -0.00033656420419, -0.000700503704138], [-0.000416300579673, 0.00192847580183, -0.00078090140596, 0.000174204833456, -0.000969484855887, 0.00108477333561, -0.00232534343377, 0.00203328975476, -0.00734734162688, 0.0178424697369, -0.00867556873709, 0.00253585772589, -0.000484196993057], [0.000250435987255, -0.00309406244196, 0.000283954694169, 0.00052687979769, 0.00179123552516, -0.00366873573512, 0.000743348849937, 0.000434803194366, 0.00241526402533, -0.00867556873709, 0.018295828253, -0.00963282492012, 0.00413542240858], [-0.000350060930941, 0.00264817872085, -0.000548829673789, 0.000101967860246, -0.00239787856117, 0.00274059246294, -0.00108459382318, 0.000139293959364, -0.00033656420419, 0.00253585772589, -0.00963282492012, 0.0197037346661, -0.00976861361414], [0.000227423224715, -0.0013835785212, 0.000774381507654, -0.00113318080548, 0.000634418742266, -0.000179307709914, 0.00141821312718, -0.00103161821608, -0.000700503704138, -0.000484196993057, 0.00413542240858, -0.00976861361414, 0.0173735488206]]
    },
    "melbands": {
        "dmean": [0.000459578877781, 0.000471723818919, 0.000306348054437, 0.000313067546813, 0.000374790368369, 0.000272860925179, 0.000163373959367, 0.000259501335677, 0.00028281530831, 0.00023884428083, 0.000176079294761, 8.53874298627e-05, 5.84965237067e-05, 7.91347629274e-05, 8.52921584737e-05, 6.13317679381e-05, 5.80252090003e-05, 3.56879172614e-05, 2.19756766455e-05, 1.92326660908e-05, 1.37382821777e-05, 1.57767099154e-05, 1.26481309053e-05, 6.29097530691e-06, 3.77192145606e-06, 2.95293875752e-06, 2.63949141299e-06, 2.73397495221e-06, 2.21254413191e-06, 2.39605674324e-06, 2.03662057174e-06, 1.7112746491e-06, 1.83412089427e-06, 2.01874422601e-06, 2.10821599467e-06, 1.78310699539e-06, 1.5350698277e-06, 1.6862280745e-06, 1.78061839051e-06, 1.23171287214e-06],
        "dmean2": [0.000790741527453, 0.000800034205895, 0.000508647179231, 0.000510091602337, 0.00061360822292, 0.000439124036347, 0.000261136592599, 0.000427028513514, 0.000440834817709, 0.000361970131053, 0.00027783139376, 0.000130597283714, 8.97435529623e-05, 0.000121252385725, 0.000130893851747, 9.45782958297e-05, 8.84894907358e-05, 5.53805948584e-05, 3.43062747561e-05, 2.9336893931e-05, 2.13736093428e-05, 2.45850915235e-05, 2.03537219932e-05, 9.93226785795e-06, 6.1558298512e-06, 4.7228522817e-06, 4.31421221947e-06, 4.40119083578e-06, 3.4949541714e-06, 3.73715874957e-06, 3.17922967952e-06, 2.73444288723e-06, 2.89454010272e-06, 3.11596863867e-06, 3.1807689993e-06, 2.73611294688e-06, 2.35864376918e-06, 2.66625079348e-06, 2.76168384516e-06, 1.8782910729e-06],
        "dvar": [3.09297274725e-06, 2.42237160819e-06, 6.80997061409e-07, 5.81385450005e-07, 6.06978005635e-07, 4.26001577125e-07, 1.58732916589e-07, 4.57058774828e-07, 4.59813207954e-07, 4.98890130984e-07, 3.22981122736e-07, 5.95447104956e-08, 3.84669931464e-08, 7.52276037019e-08, 9.21252478747e-08, 5.32326325242e-08, 3.9934061391e-08, 9.39294420021e-09, 4.56272752913e-09, 3.61911345337e-09, 3.10195291675e-09, 2.69774846906e-09, 1.15514975363e-09, 2.09297607023e-10, 6.24345644629e-11, 5.50094553242e-11, 4.03896222023e-11, 5.97844829198e-11, 2.81838354738e-11, 2.57046224583e-11, 2.07464236762e-11, 1.49214755135e-11, 1.78373028153e-11, 2.40659974587e-11, 3.47848139182e-11, 1.9173685209e-11, 1.33941477701e-11, 3.54764551069e-11, 6.64740901213e-11, 2.152219028e-11],
        "dvar2": [8.36960771267e-06, 6.21002845946e-06, 1.67930227235e-06, 1.43583554291e-06, 1.56083865477e-06, 1.04180753624e-06, 4.08930389995e-07, 1.23496295146e-06, 1.05706646991e-06, 1.11848578399e-06, 8.25928907489e-07, 1.38700158914e-07, 8.46292493861e-08, 1.69517278437e-07, 2.18670862751e-07, 1.30809141297e-07, 8.78179164943e-08, 2.19037197269e-08, 1.06592930038e-08, 8.39849167988e-09, 7.01481450704e-09, 6.15955375594e-09, 2.82874146329e-09, 4.84241036158e-10, 1.51034892926e-10, 1.39728936754e-10, 1.06343885087e-10, 1.5166809475e-10, 6.50946380132e-11, 5.83704334867e-11, 4.49513030965e-11, 3.57495907877e-11, 4.15577815216e-11, 5.25576249188e-11, 7.36677246982e-11, 4.3038388825e-11, 2.88118019026e-11, 7.22547230381e-11, 1.44359413312e-10, 4.28307667111e-11],
        "max": [0.0218011550605, 0.0204197000712, 0.0235195159912, 0.0156667158008, 0.0176622420549, 0.0147422561422, 0.0105096194893, 0.0173724908382, 0.0139913894236, 0.0185776371509, 0.0140441227704, 0.00609242124483, 0.00727849220857, 0.0084404014051, 0.0093181123957, 0.00759685970843, 0.00822641514242, 0.00260815094225, 0.00162662076764, 0.00169824936893, 0.00232512061484, 0.00147937575821, 0.000876509584486, 0.00038939647493, 0.000233392318478, 0.00020860863151, 0.000164190278156, 0.000185237178812, 0.000215433814446, 0.000117710180348, 0.000102219797554, 8.89838192961e-05, 8.26996183605e-05, 0.000104173181171, 0.000149127707118, 0.000116334653285, 0.000123603531392, 0.000311396957841, 0.000563609704841, 0.000274698308203],
        "mean": [0.000506040058099, 0.000582815322559, 0.000426643615356, 0.000484630872961, 0.00064477045089, 0.000464507756988, 0.000274866935797, 0.000408361200243, 0.00047497524065, 0.000408411840908, 0.000323051499436, 0.000156447582413, 0.000102021709608, 0.000146868449519, 0.000156805632287, 0.000111624700367, 0.000104270067823, 5.75825179112e-05, 3.40419646818e-05, 3.25130640704e-05, 2.38455031649e-05, 2.74515223282e-05, 1.97163226403e-05, 1.09942002382e-05, 6.84008682583e-06, 5.32915282747e-06, 4.74063108413e-06, 4.63967353426e-06, 4.05045193475e-06, 4.37896687799e-06, 3.70655811821e-06, 3.0022899864e-06, 3.00540068565e-06, 3.30957982442e-06, 3.57766771231e-06, 3.21747620546e-06, 2.76420792034e-06, 2.669853302e-06, 2.69962333732e-06, 2.08307665162e-06],
        "median": [0.000193288418814, 0.000240478242631, 0.000131124223117, 0.000170611645444, 0.000281446933514, 0.00018655412714, 0.000109328917461, 0.000118888507131, 0.000112220608571, 6.9175119279e-05, 6.60283476464e-05, 3.14178250846e-05, 2.90060797852e-05, 2.32147340284e-05, 1.78951377166e-05, 1.5490617443e-05, 1.90597565961e-05, 1.50613432197e-05, 9.7814900073e-06, 8.9435470727e-06, 6.50689435133e-06, 6.04414435657e-06, 6.35517062619e-06, 4.36905520473e-06, 3.45569969795e-06, 2.20690617425e-06, 1.96415521714e-06, 1.64380799106e-06, 1.39285771183e-06, 1.4765259948e-06, 1.18756838674e-06, 1.0072016039e-06, 9.61929345067e-07, 1.00085208032e-06, 1.06922971099e-06, 1.12263569463e-06, 9.99284793579e-07, 7.9710270029e-07, 8.04242517916e-07, 7.24544861441e-07],
        "min": [3.02299880528e-24, 7.30853280733e-24, 5.91871608679e-24, 6.56690731539e-24, 3.24651406252e-24, 3.7257569232e-24, 2.9234626634e-23, 2.7671795362e-23, 9.99548140293e-24, 3.91335317406e-24, 8.11908896517e-24, 1.6964974415e-23, 9.12266360929e-24, 7.53202420153e-24, 3.2443352287e-24, 7.74698564276e-24, 1.92105080025e-23, 1.59464335018e-23, 1.02317428775e-23, 6.32506425553e-24, 1.48206990133e-23, 7.54108742447e-24, 2.33608330203e-23, 1.74209912385e-23, 1.01334531753e-23, 8.25475647479e-24, 9.65270082923e-24, 6.43791554118e-24, 9.46683652249e-24, 6.06583154587e-24, 1.07451020001e-23, 1.3729922107e-23, 1.25767557694e-23, 1.37277322291e-23, 9.88675664867e-24, 8.76850292817e-24, 1.17871983e-23, 9.89215640157e-24, 5.89844670026e-24, 8.51809796647e-24],
        "var": [2.50316520578e-06, 2.20009542318e-06, 9.51852200615e-07, 8.68338247528e-07, 1.22006917991e-06, 7.45353929688e-07, 2.63754458274e-07, 8.51442393923e-07, 9.82172309705e-07, 1.23686481857e-06, 7.71403279032e-07, 1.55653523848e-07, 8.82377690914e-08, 2.55007591932e-07, 2.80211651216e-07, 1.53827514282e-07, 1.22585021245e-07, 1.61525921527e-08, 6.75527322969e-09, 6.65167698699e-09, 5.61517721209e-09, 5.97647620282e-09, 1.94008986654e-09, 4.36604807863e-10, 1.19985243963e-10, 9.08957145662e-11, 6.35527463988e-11, 1.01393435314e-10, 5.95783422597e-11, 6.11579537013e-11, 4.74558968511e-11, 3.01483941978e-11, 3.31898813988e-11, 4.48507377071e-11, 6.9356763388e-11, 3.91772933539e-11, 2.80791223606e-11, 5.14857739775e-11, 8.0488900267e-11, 3.47524925504e-11]
    },
    "mfcc": {
        "mean": [-638.580993652, 105.414390564, 8.20540618896, -2.93499779701, 0.110236354172, -4.14815282822, -7.45711040497, -1.10284280777, -1.49399542809, 0.859718620777, 0.0025988407433, 0.581708848476, -4.42956829071],
        "cov": [[4027.76928711, -649.449890137, -315.045379639, -26.6318492889, -30.4916362762, 203.468231201, 91.8997192383, 22.3885707855, -12.2328462601, -7.29018688202, 47.5707168579, 47.5815353394, -11.3059844971], [-649.449890137, 930.585388184, 204.578659058, 73.2455673218, 95.4328384399, -38.3487510681, 26.0834274292, -14.1934328079, -34.8559188843, 13.5921354294, 47.007900238, 37.5001373291, 10.6917085648], [-315.045379639, 204.578659058, 1092.69189453, 359.007659912, 217.968811035, 91.902381897, 29.3106403351, -35.6302490234, -33.651222229, -2.52487421036, 2.88092112541, 33.8468589783, 34.3147926331], [-26.6318492889, 73.2455673218, 359.007659912, 413.394500732, 163.196090698, 43.5913162231, -45.4277496338, -16.8480606079, 35.8570365906, -13.3514070511, -32.6823425293, 25.114774704, 35.7273750305], [-30.4916362762, 95.4328384399, 217.968811035, 163.196090698, 236.058898926, 41.593296051, -36.4295043945, -8.54808139801, 14.8246746063, 2.81326985359, -10.6836624146, 13.2192878723, 16.1194534302], [203.468231201, -38.3487510681, 91.902381897, 43.5913162231, 41.593296051, 180.45866394, 113.636581421, 24.13539505, -13.9463033676, 6.09367465973, 21.3667488098, 15.1464796066, 0.795573949814], [91.8997192383, 26.0834274292, 29.3106403351, -45.4277496338, -36.4295043945, 113.636581421, 246.953216553, 65.4376831055, -29.8041114807, 7.11973142624, 36.8836364746, 15.162355423, 0.684919714928], [22.3885707855, -14.1934328079, -35.6302490234, -16.8480606079, -8.54808139801, 24.13539505, 65.4376831055, 111.335945129, 29.6527347565, 5.94282054901, 8.90740966797, -1.68727421761, 0.554034590721], [-12.2328462601, -34.8559188843, -33.651222229, 35.8570365906, 14.8246746063, -13.9463033676, -29.8041114807, 29.6527347565, 125.903549194, 33.6459312439, -9.85029602051, -1.88665986061, 8.38818359375], [-7.29018688202, 13.5921354294, -2.52487421036, -13.3514070511, 2.81326985359, 6.09367465973, 7.11973142624, 5.94282054901, 33.6459312439, 103.68157196, 45.3381919861, -2.93795990944, -12.2509155273], [47.5707168579, 47.007900238, 2.88092112541, -32.6823425293, -10.6836624146, 21.3667488098, 36.8836364746, 8.90740966797, -9.85029602051, 45.3381919861, 116.868209839, 42.3039779663, -9.82928371429], [47.5815353394, 37.5001373291, 33.8468589783, 25.114774704, 13.2192878723, 15.1464796066, 15.162355423, -1.68727421761, -1.88665986061, -2.93795990944, 42.3039779663, 116.702201843, 53.4303894043], [-11.3059844971, 10.6917085648, 34.3147926331, 35.7273750305, 16.1194534302, 0.795573949814, 0.684919714928, 0.554034590721, 8.38818359375, -12.2509155273, -9.82928371429, 53.4303894043, 103.156578064]],
