{
"lowlevel": {
    "average_loudness": 0.947839736938,
    "barkbands_crest": {
        "dmean": 3.05082774162,
        "dmean2": 5.08025979996,
        "dvar": 7.08568906784,
        "dvar2": 18.9676914215,
        "max": 26.8792743683,
        "mean": 9.65520477295,
        "median": 8.82857131958,
        "min": 2.14191222191,
        "var": 17.3274459839
    },
    "barkbands_flatness_db": {
        "dmean": 0.0236434210092,
        "dmean2": 0.0361557938159,
        "dvar": 0.000506960379425,
        "dvar2": 0.00111035164446,
        "max": 0.514123976231,
        "mean": 0.103539966047,
        "median": 0.0965835303068,
        "min": 0.0125778736547,
        "var": 0.00217130756937
    },
    "barkbands_kurtosis": {
        "dmean": 2.81028461456,
        "dmean2": 4.37130212784,
        "dvar": 126.673942566,
        "dvar2": 299.558654785,
        "max": 753.244873047,
        "mean": 3.28160715103,
        "median": 0.95808672905,
        "min": -1.9528273344,
        "var": 177.694396973
    },
    "barkbands_skewness": {
        "dmean": 0.573402822018,
        "dmean2": 0.881283342838,
        "dvar": 0.46449521184,
        "dvar2": 0.997719168663,
        "max": 27.250289917,
        "mean": 1.25375533104,
        "median": 1.0942710638,
        "min": -8.17790794373,
        "var": 1.63596141338
    },
    "barkbands_spread": {
        "dmean": 8.88123226166,
        "dmean2": 13.4898929596,
        "dvar": 103.253379822,
        "dvar2": 223.553955078,
        "max": 119.873664856,
        "mean": 34.6372108459,
        "median": 30.6990280151,
        "min": 0.756567180157,
        "var": 480.343597412
    },
    "dissonance": {
        "dmean": 0.0194603092968,
        "dmean2": 0.0329128168523,
        "dvar": 0.000450057123089,
        "dvar2": 0.0011638867436,
        "max": 0.500000059605,
        "mean": 0.469911724329,
        "median": 0.479302078485,
        "min": 0.0863275080919,
        "var": 0.00084886548575
    },
    "dynamic_complexity": 2.41136956215,
    "erbbands_crest": {
        "dmean": 3.0358979702,
        "dmean2": 4.85740041733,
        "dvar": 8.75635242462,
        "dvar2": 21.3161773682,
        "max": 32.7423553467,
        "mean": 10.2230300903,
        "median": 8.57394886017,
        "min": 2.00215768814,
        "var": 35.2095794678
    },
    "erbbands_flatness_db": {
        "dmean": 0.0200326256454,
        "dmean2": 0.0294841919094,
        "dvar": 0.000405088736443,
        "dvar2": 0.000769981241319,
        "max": 0.350062638521,
        "mean": 0.13387696445,
        "median": 0.123763099313,
        "min": 0.0281263832003,
        "var": 0.00330407870933
    },
    "erbbands_kurtosis": {
        "dmean": 1.40885412693,
        "dmean2": 2.19787812233,
        "dvar": 4.63419818878,
        "dvar2": 10.401717186,
        "max": 36.3242835999,
        "mean": 1.38726735115,
        "median": 0.357892751694,
        "min": -1.76652514935,
        "var": 11.8113231659
    },
    "erbbands_skewness": {
        "dmean": 0.440220564604,
        "dmean2": 0.64914226532,
        "dvar": 0.197172597051,
        "dvar2": 0.400285899639,
        "max": 5.3579826355,
        "mean": 0.457241415977,
        "median": 0.481210976839,
        "min": -4.67758893967,
        "var": 1.14545500278
    },
    "erbbands_spread": {
        "dmean": 9.99981021881,
        "dmean2": 15.0959711075,
        "dvar": 121.165290833,
        "dvar2": 260.060913086,
        "max": 156.919082642,
        "mean": 43.3269233704,
        "median": 38.6125640869,
        "min": 3.54055118561,
        "var": 640.670837402
    },
    "hfc": {
        "dmean": 13.1600475311,
        "dmean2": 18.6025352478,
        "dvar": 574.112915039,
        "dvar2": 1176.8203125,
        "max": 690.033203125,
        "mean": 42.8017616272,
        "median": 34.6004219055,
        "min": 1.25340851805e-16,
        "var": 1710.80029297
    },
    "melbands_crest": {
        "dmean": 3.8096871376,
        "dmean2": 6.3521900177,
        "dvar": 10.9034194946,
        "dvar2": 29.7984809875,
        "max": 39.9567832947,
        "mean": 13.5347948074,
        "median": 12.813164711,
        "min": 2.16093373299,
        "var": 25.3231678009
    },
    "melbands_flatness_db": {
        "dmean": 0.0303100924939,
        "dmean2": 0.0463712587953,
        "dvar": 0.000829463999253,
        "dvar2": 0.00187413254753,
        "max": 0.487646669149,
        "mean": 0.163647517562,
        "median": 0.157705456018,
        "min": 0.00355458399281,
        "var": 0.00316595123149
    },
    "melbands_kurtosis": {
        "dmean": 8.43953323364,
        "dmean2": 13.4910306931,
        "dvar": 653.82635498,
        "dvar2": 1667.56958008,
        "max": 1521.47766113,
        "mean": 13.8017683029,
        "median": 5.70378398895,
        "min": -1.93745660782,
        "var": 935.656066895
    },
    "melbands_skewness": {
        "dmean": 0.870882749557,
        "dmean2": 1.35607361794,
        "dvar": 1.06511497498,
        "dvar2": 2.44053864479,
        "max": 37.8230857849,
        "mean": 2.49914836884,
        "median": 2.01160001755,
        "min": -2.77398061752,
        "var": 3.79282784462
    },
    "melbands_spread": {
        "dmean": 11.5189571381,
        "dmean2": 18.2656288147,
        "dvar": 289.658050537,
        "dvar2": 613.557189941,
        "max": 319.75302124,
        "mean": 33.2508583069,
        "median": 27.0121593475,
        "min": 0.637021303177,
        "var": 807.842834473
    },
    "pitch_salience": {
        "dmean": 0.0784005373716,
        "dmean2": 0.128828287125,
        "dvar": 0.00493939081207,
        "dvar2": 0.0129839340225,
        "max": 0.956084728241,
        "mean": 0.570186257362,
        "median": 0.562652468681,
        "min": 0.00431437138468,
        "var": 0.0171729065478
    },
    "silence_rate_20dB": {
        "dmean": 0,
        "dmean2": 0,
        "dvar": 0,
        "dvar2": 0,
        "max": 1,
        "mean": 1,
        "median": 1,
        "min": 1,
        "var": 0
    },
    "silence_rate_30dB": {
        "dmean": 0,
        "dmean2": 0,
        "dvar": 0,
        "dvar2": 0,
        "max": 1,
        "mean": 1,
        "median": 1,
        "min": 1,
        "var": 0
    },
    "silence_rate_60dB": {
        "dmean": 0.013547138311,
        "dmean2": 0.0270980224013,
        "dvar": 0.0133632430807,
        "dvar2": 0.029403610155,
        "max": 1,
        "mean": 0.0320663452148,
        "median": 0,
        "min": 0,
        "var": 0.0310362558812
    },
    "spectral_centroid": {
        "dmean": 311.380126953,
        "dmean2": 467.621063232,
        "dvar": 138009.171875,
        "dvar2": 265279.3125,
        "max": 11072.9638672,
        "mean": 1722.95361328,
        "median": 1602.21887207,
        "min": 204.994995117,
        "var": 582739.3125
    },
    "spectral_complexity": {
        "dmean": 5.01548242569,
        "dmean2": 7.42236948013,
        "dvar": 30.037902832,
        "dvar2": 61.3615684509,
        "max": 56,
        "mean": 21.1972351074,
        "median": 20,
        "min": 0,
        "var": 117.334579468
    },
    "spectral_decrease": {
        "dmean": 2.27379870488e-09,
        "dmean2": 3.56361762321e-09,
        "dvar": 5.24311367758e-18,
        "dvar2": 1.25366898068e-17,
        "max": 1.53302723571e-28,
        "mean": -7.08464931165e-09,
        "median": -6.77538825045e-09,
        "min": -2.64121577942e-08,
        "var": 1.73864662819e-17
    },
    "spectral_energy": {
        "dmean": 0.00918553769588,
        "dmean2": 0.0143016688526,
        "dvar": 8.52578450576e-05,
        "dvar2": 0.000197171713808,
        "max": 0.105015508831,
        "mean": 0.0306213553995,
        "median": 0.029733421281,
        "min": 1.079019062e-20,
        "var": 0.000303118955344
    },
    "spectral_energyband_high": {
        "dmean": 0.0011310109403,
        "dmean2": 0.00157193432096,
        "dvar": 7.02741135683e-06,
        "dvar2": 1.39073235914e-05,
        "max": 0.0743115022779,
        "mean": 0.00296564633027,
        "median": 0.00165046215989,
        "min": 7.92039007451e-21,
        "var": 2.0233250325e-05
    },
    "spectral_energyband_low": {
        "dmean": 0.00547529151663,
        "dmean2": 0.00883237086236,
        "dvar": 4.88398363814e-05,
        "dvar2": 0.000129378255224,
        "max": 0.0693466812372,
        "mean": 0.00951404962689,
        "median": 0.00704189855605,
        "min": 4.34422292626e-23,
        "var": 9.47940498008e-05
    },
    "spectral_energyband_middle_high": {
        "dmean": 0.00271387863904,
        "dmean2": 0.00421730009839,
        "dvar": 1.63896693266e-05,
        "dvar2": 3.85872699553e-05,
        "max": 0.0757260248065,
        "mean": 0.00741156097502,
        "median": 0.00502907764167,
        "min": 1.3532464795e-21,
        "var": 6.300307723e-05
    },
    "spectral_energyband_middle_low": {
        "dmean": 0.00510711874813,
        "dmean2": 0.00798822566867,
        "dvar": 4.84905467601e-05,
        "dvar2": 0.000117116345791,
        "max": 0.0992565974593,
        "mean": 0.0114297280088,
        "median": 0.0082692084834,
        "min": 2.78469616104e-22,
        "var": 0.000113502530439
    },
    "spectral_entropy": {
        "dmean": 0.155305594206,
        "dmean2": 0.220104590058,
        "dvar": 0.0275944266468,
        "dvar2": 0.0474762134254,
        "max": 9.8014087677,
        "mean": 7.93612337112,
        "median": 7.93193483353,
        "min": 6.16659450531,
        "var": 0.14659294486
    },
    "spectral_flux": {
        "dmean": 0.0243582148105,
        "dmean2": 0.0380575582385,
        "dvar": 0.000527640862856,
        "dvar2": 0.00115972023923,
        "max": 0.320418447256,
        "mean": 0.102596886456,
        "median": 0.0994779393077,
        "min": 1.03875845425e-10,
        "var": 0.0016495276941
    },
    "spectral_kurtosis": {
        "dmean": 0.801165997982,
        "dmean2": 1.25286650658,
        "dvar": 1.12179875374,
        "dvar2": 2.75924277306,
        "max": 33.9374160767,
        "mean": 2.96156048775,
        "median": 2.37004804611,
        "min": -1.42125666142,
        "var": 4.90320062637
    },
    "spectral_rms": {
        "dmean": 0.000831239623949,
        "dmean2": 0.0012759071542,
        "dvar": 6.02662396432e-07,
        "dvar2": 1.29705779273e-06,
        "max": 0.0101219639182,
        "mean": 0.00519267236814,
        "median": 0.00538592739031,
        "min": 3.24453615017e-12,
        "var": 2.91053765977e-06
    },
    "spectral_rolloff": {
        "dmean": 984.559020996,
        "dmean2": 1634.51831055,
        "dvar": 2335163.25,
        "dvar2": 5304413,
        "max": 19293.75,
        "mean": 2542.79785156,
        "median": 1658.05664062,
        "min": 21.533203125,
        "var": 5803038
    },
    "spectral_skewness": {
        "dmean": 0.149763420224,
        "dmean2": 0.224020749331,
        "dvar": 0.0261382162571,
        "dvar2": 0.0520309619606,
        "max": 3.77565693855,
        "mean": 1.4074126482,
        "median": 1.38131225109,
        "min": -0.381505966187,
        "var": 0.176406651735
    },
    "spectral_spread": {
        "dmean": 672140.5,
        "dmean2": 963508.9375,
        "dvar": 650844307456,
        "dvar2": 1.12918580429e+12,
        "max": 39782676,
        "mean": 6591805.5,
        "median": 6696959,
        "min": 1468849.125,
        "var": 4.53960951398e+12
    },
    "spectral_strongpeak": {
        "dmean": 0.85225045681,
        "dmean2": 1.43419957161,
        "dvar": 1.69588816166,
        "dvar2": 4.14804601669,
        "max": 22.3765468597,
        "mean": 1.43118321896,
        "median": 0.621051847935,
        "min": 0,
        "var": 3.23999643326
    },
    "zerocrossingrate": {
        "dmean": 0.016529340297,
        "dmean2": 0.0194154065102,
        "dvar": 0.000374767289031,
        "dvar2": 0.000440601987066,
        "max": 0.52294921875,
        "mean": 0.101797021925,
        "median": 0.08984375,
        "min": 0,
        "var": 0.00288327387534
    },
    "barkbands": {
        "dmean": [0.000617968617007, 0.00410515256226, 0.00201528193429, 0.000788480392657, 0.00124348560348, 0.00128092523664, 0.000511750462465, 0.000643732608296, 0.00243184925057, 0.00135340250563, 0.000422547600465, 0.000679693243001, 0.000467448029667, 0.000508746772539, 0.000354311894625, 0.000331883871695, 0.000287946371827, 0.000253641075687, 0.000250077166129, 0.000192972191144, 0.000204104711884, 0.000205787757295, 0.000222988062887, 0.000317500322126, 0.000274517369689, 0.000105701124994, 3.33639436576e-05],
        "dmean2": [0.00104858120903, 0.00694009568542, 0.00331074837595, 0.00133742415346, 0.0020217418205, 0.00207206606865, 0.000860443396959, 0.00106318132021, 0.0038210041821, 0.00213297107257, 0.00069249921944, 0.00111046840902, 0.000750294188038, 0.000820724468213, 0.000574575737119, 0.000523589260411, 0.00045852601761, 0.000421627308242, 0.000396026618546, 0.000308659073198, 0.000329534057528, 0.000315398618113, 0.000343800027622, 0.000461063318653, 0.000391248293454, 0.000154712499352, 5.11984108016e-05],
        "dvar": [1.33033211114e-06, 3.8933219912e-05, 9.80131790129e-06, 1.69425527474e-06, 4.59189914181e-06, 1.26503719002e-05, 2.24523455472e-06, 4.87497118229e-06, 2.65962044068e-05, 1.12833504318e-05, 1.25038695842e-06, 4.0160152821e-06, 1.45781109495e-06, 1.48580227233e-06, 7.96889537469e-07, 6.77606578847e-07, 4.85682676299e-07, 2.01954790668e-07, 2.21720881655e-07, 1.54920101636e-07, 1.37930115329e-07, 1.83839702572e-07, 2.42493882752e-07, 1.58342879786e-06, 8.73084673003e-07, 3.4012760608e-08, 3.19549120498e-09],
        "dvar2": [3.97523490392e-06, 0.00010926656978, 2.49186996371e-05, 4.62623620479e-06, 1.17914851216e-05, 3.1160274375e-05, 5.79217658014e-06, 1.2651787074e-05, 6.57350537949e-05, 2.76170885627e-05, 3.25132623402e-06, 1.03653865153e-05, 3.51486824002e-06, 3.57075668944e-06, 1.93565460904e-06, 1.62999447184e-06, 1.13009434699e-06, 5.41481995242e-07, 5.25444761479e-07, 3.59858717047e-07, 3.41305536722e-07, 4.36593467157e-07, 5.40014923445e-07, 3.33350385517e-06, 1.89185402633e-06, 7.09122289777e-08, 7.72081421019e-09],
        "max": [0.0258242543787, 0.0609862171113, 0.0428266599774, 0.0227422434837, 0.0487139560282, 0.0780282542109, 0.033599101007, 0.0881989449263, 0.0766796842217, 0.0705423653126, 0.0333687886596, 0.0502238683403, 0.0368204414845, 0.0237238258123, 0.0179618187249, 0.0206066295505, 0.0164563152939, 0.00884609762579, 0.011855035089, 0.0116133270785, 0.00569712696597, 0.0217833518982, 0.0120867947116, 0.056007001549, 0.0303118154407, 0.0046657784842, 0.0012043636525],
        "mean": [0.000754749518819, 0.00536252651364, 0.00297066383064, 0.00115749065299, 0.00203926884569, 0.001673925668, 0.00064896728145, 0.00088116718689, 0.00411024177447, 0.00238202209584, 0.000594908779021, 0.00101583765354, 0.0006828182959, 0.000813444377854, 0.000509361736476, 0.000546905386727, 0.000473721942399, 0.000404176535085, 0.000441183743533, 0.000353771756636, 0.000382832367904, 0.00043937843293, 0.000450492574601, 0.000608652073424, 0.000587428046856, 0.000264122791123, 7.13074041414e-05],
        "median": [0.000199607718969, 0.00281951320358, 0.00134361325763, 0.000604163506068, 0.00124546163715, 0.000518199638464, 0.000222876275075, 0.000232728547417, 0.000788655714132, 0.000388017448131, 0.000168903105077, 0.00028201850364, 0.000241128582275, 0.000240487293922, 0.000190620849025, 0.000196513981791, 0.00019499057089, 0.000219673413085, 0.000225522497203, 0.000174579094164, 0.00020003868849, 0.000234998064116, 0.000203832867555, 0.000229867073358, 0.000258096988546, 0.000122294091852, 1.91959115909e-05],
        "min": [1.74341320834e-23, 2.08490367892e-23, 1.19257924836e-23, 1.29792641577e-23, 3.59985787817e-23, 2.75056675662e-23, 2.76443998005e-23, 3.88875798987e-23, 7.6045143656e-23, 1.04523609247e-22, 3.70919841726e-23, 8.47263244152e-23, 8.41766335146e-23, 9.3483747003e-23, 1.06436811512e-22, 9.2683009008e-23, 2.10414257645e-22, 1.60214595381e-22, 3.01661899526e-22, 3.0672042906e-22, 3.58640224616e-22, 4.7266960146e-22, 5.93564239124e-22, 8.88108543314e-22, 1.28144726292e-21, 1.97108839892e-21, 2.27376561923e-21],
        "var": [1.65961546372e-06, 4.96501634188e-05, 1.86948691407e-05, 2.9208633805e-06, 7.5841785474e-06, 1.65697838383e-05, 2.46291324402e-06, 5.8804262153e-06, 5.80218693358e-05, 3.62332939403e-05, 2.26153656513e-06, 7.21800597603e-06, 2.26138149628e-06, 3.27399357047e-06, 1.24394205159e-06, 1.25036228837e-06, 8.8538718046e-07, 3.18325476201e-07, 4.56308100638e-07, 3.32319729068e-07, 2.75773231806e-07, 4.68535887421e-07, 5.36304582965e-07, 2.9735915632e-06, 1.97337976715e-06, 1.12967256882e-07, 1.60814881411e-08]
    },
    "erbbands": {
        "dmean": [0.129336878657, 0.930693149567, 2.07809877396, 2.44264316559, 3.23537278175, 4.88459396362, 6.31863594055, 12.4785299301, 8.76476287842, 8.74962234497, 16.0877914429, 42.5769233704, 65.3131942749, 26.2081451416, 19.2042179108, 24.7608032227, 19.3120861053, 28.2940196991, 14.5023326874, 16.953420639, 19.047908783, 16.3181419373, 12.2694253922, 12.9303703308, 11.8920822144, 8.75113391876, 8.52877902985, 7.68045663834, 7.47357702255, 6.77011871338, 6.38998222351, 6.24402999878, 5.79691457748, 3.73933744431, 1.69965410233, 0.566874206066, 0.192437812686, 0.0478202924132, 0.0062653827481, 0.000203432733542],
        "dmean2": [0.220809161663, 1.56961119175, 3.43563389778, 4.0068821907, 5.31763982773, 8.08856964111, 10.2561559677, 20.2595443726, 14.4875993729, 14.5543260574, 26.0421924591, 67.3832092285, 100.783111572, 41.613910675, 30.5903148651, 40.6323699951, 30.6579418182, 45.0437431335, 23.1545219421, 26.9795513153, 29.660036087, 25.9972858429, 20.1792526245, 21.3154258728, 18.7031135559, 13.9189939499, 13.9146080017, 12.0933475494, 11.6880626678, 10.4133291245, 9.81430244446, 9.23158931732, 8.41425418854, 5.57187318802, 2.39111971855, 0.840108811855, 0.281880736351, 0.0732941925526, 0.00958851352334, 0.000306081899907],
        "dvar": [0.0367046445608, 2.26509046555, 9.40876102448, 12.5696706772, 30.9728107452, 89.0777206421, 216.523117065, 1420.48364258, 585.67175293, 950.959472656, 2867.1027832, 8496.48339844, 22004.6796875, 6420.75488281, 1814.33227539, 6773.83056641, 2560.28271484, 4794.703125, 1102.59594727, 1866.49194336, 2465.23413086, 1589.24206543, 484.022369385, 526.946228027, 538.536254883, 341.695495605, 262.813812256, 191.371826172, 226.720245361, 237.348648071, 206.093673706, 471.932647705, 804.403381348, 230.102828979, 22.5035419464, 1.30002963543, 0.109559632838, 0.00642662215978, 0.000130410830025, 1.43259015317e-07],
        "dvar2": [0.105698235333, 6.29661560059, 24.204498291, 32.0179862976, 80.0085144043, 227.9269104, 526.516052246, 3589.43676758, 1487.07800293, 2448.16723633, 7409.33203125, 20995.0566406, 53082.2265625, 15509.7041016, 4460.79150391, 17898.3398438, 5973.24951172, 11691.859375, 2680.10766602, 4334.828125, 6039.96337891, 3783.45483398, 1300.4239502, 1354.06188965, 1204.3503418, 778.419494629, 663.50994873, 455.183288574, 547.675109863, 565.786621094, 448.543365479, 1031.01538086, 1852.36279297, 534.995788574, 47.1185340881, 2.7221031189, 0.235922813416, 0.0148243810982, 0.000331234419718, 3.52537540493e-07],
        "max": [2.48103499413, 16.7681846619, 35.1756820679, 41.3160324097, 121.388267517, 237.070236206, 261.655273438, 836.447021484, 372.800201416, 1101.52429199, 2239.60205078, 1893.38330078, 2322.0078125, 2660.11230469, 1279.75878906, 2416.04003906, 1907.70141602, 1388.10766602, 763.926269531, 1017.14874268, 1354.91967773, 1079.50976562, 508.04486084, 367.276580811, 616.65020752, 623.065673828, 290.024810791, 234.163131714, 660.394775391, 645.163208008, 320.807617188, 564.972900391, 1505.92358398, 552.791687012, 172.553512573, 42.4948272705, 7.38130903244, 1.22587835789, 0.257171481848, 0.00937392376363],
        "mean": [0.161429032683, 1.17762434483, 3.14246034622, 4.0512752533, 4.96943807602, 7.11831235886, 8.8769826889, 15.6606836319, 11.4862184525, 12.2218580246, 24.3465080261, 72.5370864868, 112.685539246, 55.3486595154, 31.8588619232, 37.3818321228, 30.9596443176, 48.4058151245, 23.9573383331, 26.4621105194, 33.3100128174, 28.3998699188, 21.6496734619, 21.9617061615, 22.2092704773, 16.5277347565, 15.7695417404, 15.1054372787, 15.6209001541, 13.8783798218, 12.6816062927, 11.9537115097, 10.5123672485, 7.18823242188, 3.69803857803, 1.36140406132, 0.467907726765, 0.103986203671, 0.0136269247159, 0.00045309503912],
        "median": [0.090314745903, 0.576082408428, 1.56507742405, 2.21986055374, 2.79073739052, 3.6308567524, 3.6171309948, 4.35545396805, 3.88851881027, 4.52983808517, 7.49008178711, 16.7381305695, 22.6285762787, 12.1043262482, 11.709944725, 11.3783750534, 12.4263696671, 14.5336141586, 11.0266046524, 10.4093284607, 11.9991798401, 12.3825559616, 12.2703275681, 12.5956611633, 11.2888402939, 8.51214885712, 7.74479293823, 7.97379398346, 8.41734600067, 6.53152036667, 5.61721897125, 4.44390916824, 3.89264440536, 3.03520822525, 1.63502860069, 0.672780692577, 0.192532673478, 0.0352199748158, 0.00383897544816, 0.000156815091032],
        "min": [1.13861946481e-21, 2.79846126635e-21, 7.61646339951e-21, 3.23061785958e-20, 8.23252861737e-20, 1.64092639024e-19, 1.27345153236e-19, 2.48186030219e-19, 2.90568800253e-19, 6.56072305787e-19, 1.10023851623e-18, 1.46838744876e-18, 3.84141849289e-18, 1.83446842976e-18, 1.8793721361e-18, 3.19085583037e-18, 4.30616454338e-18, 5.11041488217e-18, 5.18460347054e-18, 5.2941709873e-18, 5.41959596999e-18, 1.14716037783e-17, 1.08597597859e-17, 1.4946884008e-17, 1.22981449803e-17, 1.32543831392e-17, 1.28420815803e-17, 1.71488685771e-17, 1.77448108494e-17, 1.50501128397e-17, 1.79416219325e-17, 1.73733786302e-17, 1.75269662176e-17, 1.47247231478e-17, 9.14056910748e-18, 7.51178761563e-18, 3.82218158056e-18, 1.18876762468e-18, 3.15528690893e-19, 3.66448701556e-20],
        "var": [0.0466993786395, 2.67556166649, 16.5289020538, 26.1324005127, 50.6109237671, 134.592498779, 305.860870361, 1727.68762207, 714.663574219, 1044.70910645, 3507.75976562, 18084.6679688, 49519.6367188, 32581.2324219, 3749.88671875, 10122.8935547, 3970.95947266, 11405.8408203, 1796.2097168, 3239.66381836, 4848.74121094, 2828.73779297, 858.190795898, 852.428649902, 1213.04138184, 703.542114258, 524.603149414, 432.594543457, 555.505126953, 524.234313965, 459.440216064, 953.648254395, 1136.4152832, 439.646179199, 53.6711502075, 3.59376454353, 0.367756634951, 0.0221527051181, 0.000689716718625, 6.98045937497e-07]
    },
    "gfcc": {
        "mean": [40.29322052, 37.3954277039, -101.753044128, 19.6819953918, -59.2641792297, 20.0330562592, -33.0635375977, 15.6649503708, -25.0478820801, 3.36588454247, -19.9072570801, 2.9999730587, -11.2378673553],
        "cov": [[4863.16503906, -560.288269043, 1033.20068359, 562.180419922, 364.107574463, 225.409500122, 92.8261489868, -8.34691905975, -58.8923873901, -8.56606864929, -71.5753097534, 36.1925392151, -20.4530906677], [-560.288269043, 919.178588867, -18.911605835, 1.51869010925, 74.1105270386, 8.87644958496, 69.3553466797, -0.45560759306, 2.1722869873, -64.7289428711, -7.70243501663, -39.9153862, 5.57840251923], [1033.20068359, -18.911605835, 2217.87426758, 995.908630371, 562.094421387, 302.930786133, 147.445220947, -62.5339508057, -59.9376602173, 27.8798866272, -59.1627960205, -24.1196479797, 16.1723690033], [562.180419922, 1.51869010925, 995.908630371, 857.105957031, 353.808624268, 138.130172729, 21.9731712341, -40.4934310913, 2.66069626808, 46.9067077637, -21.5842628479, -20.7122516632, 39.5762252808], [364.107574463, 74.1105270386, 562.094421387, 353.808624268, 519.416564941, 156.204193115, 63.0105171204, -3.10408234596, 29.3708934784, 28.5794086456, -24.9123497009, 20.4009971619, 19.6205806732], [225.409500122, 8.87644958496, 302.930786133, 138.130172729, 156.204193115, 245.534942627, 124.426994324, 23.7138729095, -20.924238205, -7.55954456329, -4.46392726898, 4.39880990982, -9.88060092926], [92.8261489868, 69.3553466797, 147.445220947, 21.9731712341, 63.0105171204, 124.426994324, 252.25177002, 80.6962509155, -31.5982475281, -51.8401908875, -15.6983633041, -2.399518013, -17.604227066], [-8.34691905975, -0.45560759306, -62.5339508057, -40.4934310913, -3.10408234596, 23.7138729095, 80.6962509155, 133.560852051, 32.1672363281, -15.863776207, -20.5468444824, 4.27818727493, 1.36556339264], [-58.8923873901, 2.1722869873, -59.9376602173, 2.66069626808, 29.3708934784, -20.924238205, -31.5982475281, 32.1672363281, 113.514343262, 45.9594726562, 3.49286651611, 6.26943445206, 15.5552368164], [-8.56606864929, -64.7289428711, 27.8798866272, 46.9067077637, 28.5794086456, -7.55954456329, -51.8401908875, -15.863776207, 45.9594726562, 125.488868713, 40.3855247498, 9.6989812851, 10.0610074997], [-71.5753097534, -7.70243501663, -59.1627960205, -21.5842628479, -24.9123497009, -4.46392726898, -15.6983633041, -20.5468444824, 3.49286651611, 40.3855247498, 95.0142059326, 35.71824646, 0.856208980083], [36.1925392151, -39.9153862, -24.1196479797, -20.7122516632, 20.4009971619, 4.39880990982, -2.399518013, 4.27818727493, 6.26943445206, 9.6989812851, 35.71824646, 86.8607788086, 23.4926147461], [-20.4530906677, 5.57840251923, 16.1723690033, 39.5762252808, 19.6205806732, -9.88060092926, -17.604227066, 1.36556339264, 15.5552368164, 10.0610074997, 0.856208980083, 23.4926147461, 74.9065170288]],
        "icov": [[0.000258411542745, 0.000162646610988, -5.46853989363e-05, -7.74058426032e-05, -7.10367312422e-05, -6.17314799456e-05, -1.40715246744e-05, 9.7173924587e-06, 5.62100285606e-05, 7.9689642007e-05, 0.000159471543157, -0.000165616278537, 0.000145872225403], [0.000162646610988, 0.0013570135925, 3.42923085555e-05, -4.57220085082e-06, -0.000417009403463, 0.000180477974936, -0.000454904773505, 0.000354892399628, -0.000374415103579, 0.000946422631387, -0.000559211301152, 0.000871186319273, -0.000358181772754], [-5.46853989363e-05, 3.42923085555e-05, 0.00115063996054, -0.00106925843284, -0.000316297751851, -0.000356231583282, -0.000410796317738, 0.000460492185084, 0.000428858707892, -0.00022277244716, 0.000480013259221, -9.48368979152e-05, 0.000195066168089], [-7.74058426032e-05, -4.57220085082e-06, -0.00106925843284, 0.00287287053652, -0.000789854559116, -5.571472866e-05, 0.0004605264985, -3.79673874704e-05, -0.000106130464701, -0.00025318164262, -0.000558582483791, 0.00124591973145, -0.00132765679155], [-7.10367312422e-05, -0.000417009403463, -0.000316297751851, -0.000789854559116, 0.0036054009106, -0.00139079801738, -0.000216360509512, 0.000587117858231, -0.00130345090292, -0.000657502911054, 0.0014903791016, -0.00174843252171, 0.000198184265173], [-6.17314799456e-05, 0.000180477974936, -0.000356231583282, -5.571472866e-05, -0.00139079801738, 0.00701419403777, -0.00289954990149, -3.89716406062e-05, 0.00072586000897, -0.000375933566829, -0.000656810181681, -1.17458776003e-05, 0.000595782126766], [-1.40715246744e-05, -0.000454904773505, -0.000410796317738, 0.0004605264985, -0.000216360509512, -0.00289954990149, 0.00791948288679, -0.00480949971825, 0.00207988778129, 0.00171668664552, -0.00106429890729, 0.000341269333148, 0.000741144584026], [9.7173924587e-06, 0.000354892399628, 0.000460492185084, -3.79673874704e-05, 0.000587117858231, -3.89716406062e-05, -0.00480949971825, 0.0123639032245, -0.00496818451211, 0.000580497842748, 0.00280599971302, -0.00138958252501, -0.000260300468653], [5.62100285606e-05, -0.000374415103579, 0.000428858707892, -0.000106130464701, -0.00130345090292, 0.00072586000897, 0.00207988778129, -0.00496818451211, 0.0136176114902, -0.00481357425451, 0.000761482515372, 2.93691082334e-05, -0.00117598893121], [7.9689642007e-05, 0.000946422631387, -0.00022277244716, -0.00025318164262, -0.000657502911054, -0.000375933566829, 0.00171668664552, 0.000580497842748, -0.00481357425451, 0.013101904653, -0.00597612187266, 0.00199456745759, -0.000668772088829], [0.000159471543157, -0.000559211301152, 0.000480013259221, -0.000558582483791, 0.0014903791016, -0.000656810181681, -0.00106429890729, 0.00280599971302, 0.000761482515372, -0.00597612187266, 0.0169987175614, -0.00783627480268, 0.00240627955645], [-0.000165616278537, 0.000871186319273, -9.48368979152e-05, 0.00124591973145, -0.00174843252171, -1.17458776003e-05, 0.000341269333148, -0.00138958252501, 2.93691082334e-05, 0.00199456745759, -0.00783627480268, 0.0173077210784, -0.00579850794747], [0.000145872225403, -0.000358181772754, 0.000195066168089, -0.00132765679155, 0.000198184265173, 0.000595782126766, 0.000741144584026, -0.000260300468653, -0.00117598893121, -0.000668772088829, 0.00240627955645, -0.00579850794747, 0.0164065118879]]
    },
    "melbands": {
        "dmean": [0.00115282763727, 0.00106663210317, 0.000427838851465, 0.000266715680482, 0.000219739900785, 0.000267312279902, 0.000130369473482, 0.000103922764538, 0.000139751136885, 0.000324932509102, 0.000328360474668, 0.000110562694317, 5.91577445448e-05, 8.30855206004e-05, 4.64173353976e-05, 5.22435075254e-05, 5.31707592017e-05, 2.34134786297e-05, 2.99118728435e-05, 1.87794903468e-05, 2.52922945947e-05, 1.94808853848e-05, 1.27570847326e-05, 1.2243837773e-05, 1.10859982669e-05, 1.00953220681e-05, 8.55002599565e-06, 5.64520541957e-06, 5.80737423661e-06, 4.84459224026e-06, 4.84035626869e-06, 4.68499592898e-06, 4.07575498684e-06, 4.11718519899e-06, 3.82770940632e-06, 3.92119363823e-06, 4.22471930506e-06, 4.39819041276e-06, 3.86331294067e-06, 3.26944814333e-06],
        "dmean2": [0.00195965520106, 0.00172752409708, 0.000696668634191, 0.000443163269665, 0.000356363656465, 0.000432873464888, 0.000216168307816, 0.00017328132526, 0.000224641669774, 0.00051212386461, 0.000507335935254, 0.000176100293174, 9.53858325374e-05, 0.000134775968036, 7.56218432798e-05, 8.32519435789e-05, 8.54251411511e-05, 3.77930118702e-05, 4.84918527945e-05, 2.985257197e-05, 3.96740761062e-05, 3.13601740345e-05, 2.08029050555e-05, 2.03033887374e-05, 1.85226690519e-05, 1.57798149303e-05, 1.38766199598e-05, 9.05079104996e-06, 9.54830375122e-06, 7.81339895184e-06, 7.68082281866e-06, 7.36990295991e-06, 6.44344709144e-06, 6.48034028927e-06, 5.93941285842e-06, 6.19097636445e-06, 6.3936472543e-06, 6.57530927128e-06, 5.76994216317e-06, 4.96386928717e-06],
        "dvar": [2.85646797238e-06, 2.22864196076e-06, 3.62794935427e-07, 2.38317070966e-07, 2.1156222374e-07, 6.13238569258e-07, 1.22026889926e-07, 1.15848912685e-07, 1.78460510369e-07, 4.86349733819e-07, 5.44790736967e-07, 1.24902030052e-07, 1.89604936196e-08, 6.10146102531e-08, 2.11712549714e-08, 1.7059580415e-08, 1.79133490263e-08, 3.61000984661e-09, 6.67271926602e-09, 1.99425209679e-09, 4.609734372e-09, 2.83416512481e-09, 7.88998699708e-10, 4.53928256094e-10, 4.12911260739e-10, 4.33453717363e-10, 3.03891106723e-10, 1.55028725968e-10, 1.31547564508e-10, 7.47164274895e-11, 7.80347869656e-11, 8.12867273492e-11, 8.59565266187e-11, 8.47785383562e-11, 6.51146705999e-11, 1.3307585589e-10, 2.39558289872e-10, 3.94846433327e-10, 3.90642046488e-10, 1.54026874588e-10],
        "dvar2": [8.18027183414e-06, 5.64364427191e-06, 9.35610728448e-07, 6.17165653694e-07, 5.06074457007e-07, 1.53480277731e-06, 3.09325201897e-07, 2.98168686186e-07, 4.51220586228e-07, 1.19807918963e-06, 1.31544607029e-06, 3.00950631527e-07, 4.62790588074e-08, 1.57475341211e-07, 5.25587751099e-08, 4.08369160709e-08, 4.37004423759e-08, 8.72717809131e-09, 1.60357256362e-08, 4.6238923801e-09, 1.13587192985e-08, 6.88966173001e-09, 2.10376005505e-09, 1.20514609403e-09, 1.07218989243e-09, 9.85048376201e-10, 6.89968804313e-10, 3.45179884675e-10, 3.36417643743e-10, 1.81932163779e-10, 1.86666154756e-10, 1.9439153065e-10, 2.2007556888e-10, 2.01994088123e-10, 1.41431727441e-10, 3.15428710929e-10, 5.39554123602e-10, 8.89001094961e-10, 9.46097755694e-10, 3.69825753355e-10],
        "max": [0.0171028282493, 0.0165128801018, 0.00907157361507, 0.0134947989136, 0.00771404244006, 0.0170640330762, 0.00528379529715, 0.0107780611143, 0.0166215132922, 0.0132309636101, 0.0115388212726, 0.0115339523181, 0.00423578545451, 0.00595334125683, 0.00395011156797, 0.00356720946729, 0.00307734380476, 0.00164956180379, 0.00167813408189, 0.00101355835795, 0.00171204679646, 0.00149440707173, 0.000895468983799, 0.000329908536514, 0.000289938121568, 0.000604437838774, 0.000447532103863, 0.000480577349663, 0.000257803825662, 0.000179162540007, 0.000170443177922, 0.000318189791869, 0.000520004949067, 0.000278992811218, 0.000165272402228, 0.000356599193765, 0.000410390231991, 0.000986497034319, 0.000830511155073, 0.000484481657622],
        "mean": [0.00151283713058, 0.00167971348856, 0.000752050138544, 0.000418474257458, 0.000323467043927, 0.000341125502018, 0.000173245076439, 0.00014524141443, 0.000209294768865, 0.00055079854792, 0.000563231820706, 0.000228594959481, 9.07732610358e-05, 0.000128494284581, 6.27008193987e-05, 8.29104101285e-05, 8.66388581926e-05, 3.43173123838e-05, 4.18251111114e-05, 2.9215700124e-05, 4.13160851167e-05, 3.02052649204e-05, 2.13735947909e-05, 1.89117381524e-05, 1.74647375388e-05, 1.74003562279e-05, 1.44469404404e-05, 9.82325855148e-06, 1.00524121081e-05, 8.49241587275e-06, 9.00580471352e-06, 9.19949525269e-06, 7.90133526607e-06, 7.678359907e-06, 7.16963222658e-06, 7.22162258171e-06, 7.38454446036e-06, 7.62111585573e-06, 6.5852282205e-06, 5.94801895204e-06],
        "median": [0.000895394710824, 0.000919639365748, 0.000458319234895, 0.000248970667599, 0.000145240162965, 9.75955481408e-05, 5.92445067014e-05, 4.85112395836e-05, 5.0355829444e-05, 0.000110210850835, 0.000104378828837, 3.47512795997e-05, 3.05851208395e-05, 3.39568723575e-05, 2.02354312933e-05, 2.77658818959e-05, 2.35897623497e-05, 1.36051676236e-05, 1.40575630212e-05, 1.15058846859e-05, 1.30746439027e-05, 1.18632215163e-05, 1.02008834801e-05, 1.00798124549e-05, 9.49088280322e-06, 7.93907202024e-06, 6.73938848195e-06, 4.69030464956e-06, 4.46268677479e-06, 4.2808528633e-06, 4.47946740678e-06, 4.85385226057e-06, 3.76444131689e-06, 3.33467664859e-06, 3.12459883389e-06, 2.84767793346e-06, 2.53352141044e-06, 2.73287628261e-06, 2.41678344537e-06, 2.51259348261e-06],
        "min": [8.26962098082e-24, 4.05669275041e-24, 7.10716186178e-24, 9.3808633056e-24, 4.74369987985e-24, 5.46234309261e-24, 4.63155699129e-24, 7.25201407891e-24, 9.66986723139e-24, 9.99542381609e-24, 1.93901805399e-23, 7.28811866483e-24, 6.05672217456e-24, 7.5372811706e-24, 8.65108650446e-24, 9.33104200627e-24, 9.92735931946e-24, 8.23600603993e-24, 6.69964262903e-24, 8.09517937999e-24, 5.5297737395e-24, 1.08252368575e-23, 1.34234307126e-23, 7.53279807408e-24, 1.34165486901e-23, 7.82729247177e-24, 8.37316607438e-24, 9.759585171e-24, 8.87174904345e-24, 5.95080103196e-24, 1.15351698626e-23, 9.45241220084e-24, 9.20553896941e-24, 7.88872895907e-24, 9.30165457097e-24, 1.17269301157e-23, 1.00708191971e-23, 1.1092288362e-23, 1.35779906521e-23, 1.17784364219e-23],
        "var": [3.70593511434e-06, 3.96342829845e-06, 7.98490077614e-07, 3.56147893399e-07, 3.280742078e-07, 7.81125322646e-07, 1.50884673644e-07, 1.40270813631e-07, 2.53649602655e-07, 1.03912225313e-06, 1.23715506106e-06, 6.45766078833e-07, 4.00996214012e-08, 1.33839350269e-07, 2.3057532772e-08, 3.03891596332e-08, 3.96674550984e-08, 5.33811617132e-09, 1.03251700523e-08, 3.52939988346e-09, 8.67414406969e-09, 4.21950563378e-09, 1.24861021522e-09, 7.03141378455e-10, 6.12427719648e-10, 9.3653285127e-10, 6.00380190008e-10, 3.04788305705e-10, 2.57290133643e-10, 1.44862594142e-10, 1.68825856073e-10, 1.88916951527e-10, 1.94544449994e-10, 1.68094121955e-10, 1.40712566599e-10, 2.43280506851e-10, 4.35174202229e-10, 5.76432790389e-10, 5.34457478274e-10, 2.89647222873e-10]
    },
    "mfcc": {
        "mean": [-611.443908691, 81.9612197876, 9.21740913391, 8.21623134613, 0.833850264549, 2.89455771446, 3.714666605, 7.23177862167, 3.8613743782, 2.24346804619, 1.78973758221, -2.81883335114, -4.02182006836],
        "cov": [[3510.54248047, -557.543395996, 301.052612305, 252.335601807, 209.894302368, 170.548370361, 105.767601013, 96.6372528076, 8.97259235382, 53.4621658325, -14.2482223511, -15.2716693878, -42.6954650879], [-557.543395996, 803.421325684, -119.509132385, -76.3447799683, -17.2745037079, -13.0312576294, 35.5286483765, 59.2125740051, 17.5995998383, -11.2415132523, 26.1979026794, -18.4562568665, -24.3798007965], [301.052612305, -119.509132385, 1520.47875977, 709.087646484, 468.348754883, 403.069488525, 285.701171875, 59.6025886536, 91.1355056763, 52.5950431824, -19.3295021057, 1.48018956184, -0.0410964787006], [252.335601807, -76.3447799683, 709.087646484, 695.070922852, 411.800598145, 264.388061523, 139.796203613, 14.6513872147, 94.8824462891, 43.837097168, -33.0599861145, 6.79152488708, 36.2243041992], [209.894302368, -17.2745037079, 468.348754883, 411.800598145, 513.766296387, 262.923980713, 88.3811950684, 6.70722007751, 82.2063293457, 28.5126037598, -13.8683128357, 28.4223804474, 15.9201040268], [170.548370361, -13.0312576294, 403.069488525, 264.388061523, 262.923980713, 300.426208496, 159.105804443, 44.0453033447, 46.2217788696, 27.7954349518, 15.0986452103, 12.9976491928, -13.2098035812], [105.767601013, 35.5286483765, 285.701171875, 139.796203613, 88.3811950684, 159.105804443, 257.482391357, 120.47593689, 43.3613014221, 16.5913925171, 34.0737915039, -9.73377799988, -38.6797180176], [96.6372528076, 59.2125740051, 59.6025886536, 14.6513872147, 6.70722007751, 44.0453033447, 120.47593689, 195.539489746, 54.9436607361, 6.63436174393, 25.5316429138, -4.81428146362, -46.9180297852], [8.97259235382, 17.5995998383, 91.1355056763, 94.8824462891, 82.2063293457, 46.2217788696, 43.3613014221, 54.9436607361, 133.999710083, 45.4410324097, 4.15945911407, 0.211434215307, -12.3215465546], [53.4621658325, -11.2415132523, 52.5950431824, 43.837097168, 28.5126037598, 27.7954349518, 16.5913925171, 6.63436174393, 45.4410324097, 94.529510498, 19.6245441437, -10.6630163193, -11.0285329819], [-14.2482223511, 26.1979026794, -19.3295021057, -33.0599861145, -13.8683128357, 15.0986452103, 34.0737915039, 25.5316429138, 4.15945911407, 19.6245441437, 100.447875977, 23.053106308, -17.215265274], [-15.2716693878, -18.4562568665, 1.48018956184, 6.79152488708, 28.4223804474, 12.9976491928, -9.73377799988, -4.81428146362, 0.211434215307, -10.6630163193, 23.053106308, 85.787399292, 32.5839767456], [-42.6954650879, -24.3798007965, -0.0410964787006, 36.2243041992, 15.9201040268, -13.2098035812, -38.6797180176, -46.9180297852, -12.3215465546, -11.0285329819, -17.215265274, 32.5839767456, 109.191604614]],
