{
"lowlevel": {
    "average_loudness": 0.922383844852,
    "barkbands_crest": {
        "dmean": 2.7459628582,
        "dmean2": 4.27749633789,
        "dvar": 5.8691573143,
        "dvar2": 13.3168201447,
        "max": 26.6062278748,
        "mean": 11.153796196,
        "median": 9.90455627441,
        "min": 2.00414276123,
        "var": 28.1844158173
    },
    "barkbands_flatness_db": {
        "dmean": 0.0193179044873,
        "dmean2": 0.0285095982254,
        "dvar": 0.000325286440784,
        "dvar2": 0.00064168771496,
        "max": 0.390505343676,
        "mean": 0.110686264932,
        "median": 0.107712551951,
        "min": 0.0156623125076,
        "var": 0.00207607657649
    },
    "barkbands_kurtosis": {
        "dmean": 2.70644402504,
        "dmean2": 4.20117235184,
        "dvar": 32.9507446289,
        "dvar2": 78.795791626,
        "max": 138.296340942,
        "mean": 4.21071577072,
        "median": 1.81822133064,
        "min": -1.95029914379,
        "var": 74.9780044556
    },
    "barkbands_skewness": {
        "dmean": 0.501348853111,
        "dmean2": 0.752077519894,
        "dvar": 0.310763835907,
        "dvar2": 0.643733799458,
        "max": 11.1454668045,
        "mean": 1.57828915119,
        "median": 1.3418469429,
        "min": -2.56238389015,
        "var": 1.44680738449
    },
    "barkbands_spread": {
        "dmean": 7.17385387421,
        "dmean2": 10.4403867722,
        "dvar": 81.1752471924,
        "dvar2": 153.846115112,
        "max": 134.355041504,
        "mean": 27.6706085205,
        "median": 23.2332992554,
        "min": 2.14017486572,
        "var": 335.518981934
    },
    "dissonance": {
        "dmean": 0.0198054630309,
        "dmean2": 0.0334153324366,
        "dvar": 0.000383408885682,
        "dvar2": 0.00102297181729,
        "max": 0.500000059605,
        "mean": 0.464531987906,
        "median": 0.472430050373,
        "min": 0.278285980225,
        "var": 0.000861909706146
    },
    "dynamic_complexity": 2.22707891464,
    "erbbands_crest": {
        "dmean": 2.71371626854,
        "dmean2": 4.40416240692,
        "dvar": 6.83987426758,
        "dvar2": 16.3133029938,
        "max": 30.5223865509,
        "mean": 9.23030376434,
        "median": 7.79155254364,
        "min": 2.25923800468,
        "var": 26.7324028015
    },
    "erbbands_flatness_db": {
        "dmean": 0.0156054040417,
        "dmean2": 0.0233997516334,
        "dvar": 0.000225738403969,
        "dvar2": 0.000458006485133,
        "max": 0.309976160526,
        "mean": 0.131012588739,
        "median": 0.11769130826,
        "min": 0.0409852676094,
        "var": 0.00290401582606
    },
    "erbbands_kurtosis": {
        "dmean": 1.15749108791,
        "dmean2": 1.77667963505,
        "dvar": 2.79510235786,
        "dvar2": 6.17293596268,
        "max": 45.774887085,
        "mean": 1.28543877602,
        "median": 0.372745633125,
        "min": -1.74169051647,
        "var": 9.35011768341
    },
    "erbbands_skewness": {
        "dmean": 0.363028824329,
        "dmean2": 0.549702763557,
        "dvar": 0.118020929396,
        "dvar2": 0.246461361647,
        "max": 5.63669395447,
        "mean": 0.656596243382,
        "median": 0.625832080841,
        "min": -3.85950160027,
        "var": 0.740240037441
    },
    "erbbands_spread": {
        "dmean": 8.94656944275,
        "dmean2": 13.3221530914,
        "dvar": 93.7743682861,
        "dvar2": 191.881774902,
        "max": 147.545196533,
        "mean": 42.1274528503,
        "median": 37.2131576538,
        "min": 3.13392877579,
        "var": 576.981506348
    },
    "hfc": {
        "dmean": 11.4501056671,
        "dmean2": 15.5498151779,
        "dvar": 263.983825684,
        "dvar2": 483.417327881,
        "max": 356.623199463,
        "mean": 37.6300621033,
        "median": 31.0990409851,
        "min": 1.16901650794e-16,
        "var": 890.112060547
    },
    "melbands_crest": {
        "dmean": 3.69129037857,
        "dmean2": 5.72180080414,
        "dvar": 9.82171058655,
        "dvar2": 22.2193927765,
        "max": 39.7089958191,
        "mean": 15.6062679291,
        "median": 14.4422111511,
        "min": 2.84703731537,
        "var": 45.1215629578
    },
    "melbands_flatness_db": {
        "dmean": 0.0242418758571,
        "dmean2": 0.0354259647429,
        "dvar": 0.000497304135934,
        "dvar2": 0.000959233031608,
        "max": 0.399251401424,
        "mean": 0.177052721381,
        "median": 0.166115671396,
        "min": 0.00711092585698,
        "var": 0.00354736344889
    },
    "melbands_kurtosis": {
        "dmean": 8.20399284363,
        "dmean2": 12.5002164841,
        "dvar": 307.17477417,
        "dvar2": 689.37890625,
        "max": 453.866821289,
        "mean": 16.7423877716,
        "median": 7.45746231079,
        "min": -1.83791923523,
        "var": 925.06427002
    },
    "melbands_skewness": {
        "dmean": 0.767662167549,
        "dmean2": 1.13661396503,
        "dvar": 0.764651596546,
        "dvar2": 1.55061769485,
        "max": 17.1255722046,
        "mean": 2.7656815052,
        "median": 2.17805194855,
        "min": -1.36409533024,
        "var": 4.66292047501
    },
    "melbands_spread": {
        "dmean": 7.01538562775,
        "dmean2": 10.6303539276,
        "dvar": 96.5302886963,
        "dvar2": 203.14239502,
        "max": 290.167053223,
        "mean": 24.4964122772,
        "median": 20.8537559509,
        "min": 0.936077594757,
        "var": 352.955352783
    },
    "pitch_salience": {
        "dmean": 0.0716468691826,
        "dmean2": 0.110184885561,
        "dvar": 0.00408657547086,
        "dvar2": 0.00868242792785,
        "max": 0.94403809309,
        "mean": 0.525829911232,
        "median": 0.538891077042,
        "min": 0.016121128574,
        "var": 0.0261520259082
    },
    "silence_rate_20dB": {
        "dmean": 0,
        "dmean2": 0,
        "dvar": 0,
        "dvar2": 0,
        "max": 1,
        "mean": 1,
        "median": 1,
        "min": 1,
        "var": 0
    },
    "silence_rate_30dB": {
        "dmean": 0.00222469400615,
        "dmean2": 0.00444993842393,
        "dvar": 0.00222000712529,
        "dvar2": 0.0061601488851,
        "max": 1,
        "mean": 0.998640656471,
        "median": 1,
        "min": 0,
        "var": 0.00135756854434
    },
    "silence_rate_60dB": {
        "dmean": 0.00271907052957,
        "dmean2": 0.00543881347403,
        "dvar": 0.00271189771593,
        "dvar2": 0.00664617819712,
        "max": 1,
        "mean": 0.00531389005482,
        "median": 0,
        "min": 0,
        "var": 0.00528428563848
    },
    "spectral_centroid": {
        "dmean": 243.512496948,
        "dmean2": 367.824401855,
        "dvar": 84133.9140625,
        "dvar2": 154650.109375,
        "max": 11940.0019531,
        "mean": 1472.18676758,
        "median": 1370.6315918,
        "min": 294.100952148,
        "var": 409535.75
    },
    "spectral_complexity": {
        "dmean": 3.96119141579,
        "dmean2": 6.22620534897,
        "dvar": 15.5134391785,
        "dvar2": 35.48387146,
        "max": 57,
        "mean": 22.23554039,
        "median": 22,
        "min": 0,
        "var": 69.0460281372
    },
    "spectral_decrease": {
        "dmean": 2.4795103748e-09,
        "dmean2": 3.83410325711e-09,
        "dvar": 6.59329039936e-18,
        "dvar2": 1.56640628339e-17,
        "max": 3.97244115889e-29,
        "mean": -9.85633619166e-09,
        "median": -8.9829521599e-09,
        "min": -3.11792192065e-08,
        "var": 3.81644392496e-17
    },
    "spectral_energy": {
        "dmean": 0.00977355893701,
        "dmean2": 0.0150896720588,
        "dvar": 9.94478104985e-05,
        "dvar2": 0.000234675782849,
        "max": 0.125561490655,
        "mean": 0.040613219142,
        "median": 0.0381952598691,
        "min": 1.04818210804e-20,
        "var": 0.000588320195675
    },
    "spectral_energyband_high": {
        "dmean": 0.00097398692742,
        "dmean2": 0.00129704794381,
        "dvar": 2.99408475257e-06,
        "dvar2": 5.44888416698e-06,
        "max": 0.0370984524488,
        "mean": 0.00221975729801,
        "median": 0.00123310438357,
        "min": 7.70031398734e-21,
        "var": 9.06551940716e-06
    },
    "spectral_energyband_low": {
        "dmean": 0.0067861774005,
        "dmean2": 0.00972461979836,
        "dvar": 8.99157603271e-05,
        "dvar2": 0.000192486404558,
        "max": 0.110009372234,
        "mean": 0.017773155123,
        "median": 0.00855791755021,
        "min": 3.47947833512e-23,
        "var": 0.000447937840363
    },
    "spectral_energyband_middle_high": {
        "dmean": 0.00283945351839,
        "dmean2": 0.00416948460042,
        "dvar": 1.98806174012e-05,
        "dvar2": 4.02241748816e-05,
        "max": 0.103259772062,
        "mean": 0.00831546168774,
        "median": 0.00532105844468,
        "min": 1.27482779853e-21,
        "var": 7.7541837527e-05
    },
    "spectral_energyband_middle_low": {
        "dmean": 0.00540454173461,
        "dmean2": 0.00810205191374,
        "dvar": 5.30173092557e-05,
        "dvar2": 0.000114283204312,
        "max": 0.117627009749,
        "mean": 0.0133518064395,
        "median": 0.00962437130511,
        "min": 2.15906029588e-22,
        "var": 0.000159670278663
    },
    "spectral_entropy": {
        "dmean": 0.139021188021,
        "dmean2": 0.20275247097,
        "dvar": 0.0218578726053,
        "dvar2": 0.0416564568877,
        "max": 9.8088054657,
        "mean": 7.9209561348,
        "median": 7.93155860901,
        "min": 6.35971021652,
        "var": 0.142226859927
    },
    "spectral_flux": {
        "dmean": 0.0254133027047,
        "dmean2": 0.042033854872,
        "dvar": 0.000651425973047,
        "dvar2": 0.00157596776262,
        "max": 0.326166510582,
        "mean": 0.106087848544,
        "median": 0.100737638772,
        "min": 7.02272892616e-11,
        "var": 0.0019490190316
    },
    "spectral_kurtosis": {
        "dmean": 0.795522511005,
        "dmean2": 1.22973132133,
        "dvar": 0.81383305788,
        "dvar2": 1.8227943182,
        "max": 19.2744464874,
        "mean": 3.25075125694,
        "median": 2.75313925743,
        "min": -1.25748550892,
        "var": 5.77201080322
    },
    "spectral_rms": {
        "dmean": 0.000755091954488,
        "dmean2": 0.00115713337436,
        "dvar": 4.92768492677e-07,
        "dvar2": 1.08688118416e-06,
        "max": 0.0110679268837,
        "mean": 0.00596717232838,
        "median": 0.00610439758748,
        "min": 3.19783782787e-12,
        "var": 4.01541001338e-06
    },
    "spectral_rolloff": {
        "dmean": 698.692504883,
        "dmean2": 1154.82348633,
        "dvar": 1710571.5,
        "dvar2": 3774553.75,
        "max": 18626.2207031,
        "mean": 1782.20471191,
        "median": 1227.39257812,
        "min": 21.533203125,
        "var": 3607043
    },
    "spectral_skewness": {
        "dmean": 0.153906062245,
        "dmean2": 0.225793033838,
        "dvar": 0.0257948115468,
        "dvar2": 0.0492953024805,
        "max": 3.50078630447,
        "mean": 1.52722990513,
        "median": 1.50553560257,
        "min": -0.122014626861,
        "var": 0.203995212913
    },
    "spectral_spread": {
        "dmean": 623180.875,
        "dmean2": 899502.25,
        "dvar": 743096975360,
        "dvar2": 1.28120075059e+12,
        "max": 40310756,
        "mean": 6502770.5,
        "median": 6404663,
        "min": 2415121.75,
        "var": 4.56530277171e+12
    },
    "spectral_strongpeak": {
        "dmean": 0.603172242641,
        "dmean2": 1.00374817848,
        "dvar": 0.854535758495,
        "dvar2": 2.01097345352,
        "max": 11.2063140869,
        "mean": 1.21290397644,
        "median": 0.673372387886,
        "min": 0,
        "var": 1.90809559822
    },
    "zerocrossingrate": {
        "dmean": 0.0141952792183,
        "dmean2": 0.0159179680049,
        "dvar": 0.000282296328805,
        "dvar2": 0.000316214980558,
        "max": 0.595703125,
        "mean": 0.0804645493627,
        "median": 0.0751953125,
        "min": 0,
        "var": 0.00202070199884
    },
    "barkbands": {
        "dmean": [0.000278726947727, 0.00577219203115, 0.00252655218355, 0.0011959229596, 0.0017043374246, 0.00089260522509, 0.000783405965194, 0.00166215735953, 0.00191950111184, 0.00129884527996, 0.00121135415975, 0.000690306653269, 0.000505716889165, 0.000452160427812, 0.00031750916969, 0.000230451885727, 0.000177916634129, 0.000152685199282, 0.000130032029119, 0.000118847070553, 9.53117341851e-05, 0.000149225219502, 0.000214066923945, 0.000253395584878, 0.0002520782582, 9.42214319366e-05, 1.60208328452e-05],
        "dmean2": [0.000475373410154, 0.00849396176636, 0.00361495837569, 0.00185155472718, 0.00291737285443, 0.00143721851055, 0.0012456534896, 0.00259143230505, 0.0029999522958, 0.00202849600464, 0.00191745883785, 0.00109445431735, 0.000808623968624, 0.000730364874471, 0.000524184375536, 0.000374433206161, 0.000293308286928, 0.000248006661423, 0.000209246034501, 0.000190690640011, 0.000150144231156, 0.000222419694182, 0.000312100310111, 0.000350947462721, 0.000346099317539, 0.000133705310873, 2.32770671573e-05],
        "dvar": [4.22930639843e-07, 8.10299097793e-05, 3.29617178068e-05, 8.46196144266e-06, 1.17609779409e-05, 3.5471089177e-06, 2.41639395426e-06, 1.77451220225e-05, 2.05087089853e-05, 1.10747851068e-05, 8.64950197865e-06, 2.04884736377e-06, 1.00147201465e-06, 9.2570542165e-07, 3.49170022673e-07, 2.00803285111e-07, 8.23316170795e-08, 6.13212733924e-08, 3.34700516191e-08, 3.25429603265e-08, 2.31693189079e-08, 5.42851203988e-08, 1.68203783346e-07, 3.68240023363e-07, 2.73563614428e-07, 3.97999997404e-08, 8.18085765797e-10],
        "dvar2": [1.20547986171e-06, 0.00017330168339, 5.76973834541e-05, 1.97323934117e-05, 3.24332286255e-05, 8.55747293826e-06, 5.63652793062e-06, 4.16628281528e-05, 4.82800678583e-05, 2.57183328358e-05, 1.88185276784e-05, 4.48998025604e-06, 2.28090607379e-06, 2.18965510612e-06, 8.6304459046e-07, 4.88216414851e-07, 2.13185785469e-07, 1.46441948345e-07, 7.95568197987e-08, 8.08423337162e-08, 5.46386580424e-08, 1.20624662259e-07, 3.50431690777e-07, 6.66527853355e-07, 5.07621336965e-07, 8.78869670373e-08, 1.69096958658e-09],
        "max": [0.0317279398441, 0.105127938092, 0.0702390298247, 0.055652372539, 0.076278835535, 0.0363932847977, 0.0315250791609, 0.0884232223034, 0.107186645269, 0.0741957426071, 0.0585722178221, 0.0444368459284, 0.024932064116, 0.0292263086885, 0.0198910087347, 0.0110761662945, 0.00812990125269, 0.0113685680553, 0.00395329575986, 0.00556000228971, 0.00320215756074, 0.00428327219561, 0.00722917448729, 0.0190901774913, 0.0167055670172, 0.00653525535017, 0.000626669032499],
        "mean": [0.000449388608104, 0.0134255262092, 0.00322146713734, 0.00130037241615, 0.00236148922704, 0.00142585928552, 0.00128576951101, 0.00305479113013, 0.00321886176243, 0.00211938819848, 0.00185926223639, 0.00112191925291, 0.000833135913126, 0.000718177296221, 0.0005231948453, 0.000436769390944, 0.000333257601596, 0.000302351429127, 0.00027116399724, 0.000252796453424, 0.000209652207559, 0.000296313490253, 0.000369753892301, 0.000518805347383, 0.000503864546772, 0.000166409648955, 3.34825854225e-05],
        "median": [0.000168870989, 0.00424376316369, 0.000737349386327, 0.000276363978628, 0.00112877343781, 0.000581135507673, 0.000457274902146, 0.00059878337197, 0.000989081105217, 0.000499095651321, 0.000570378266275, 0.000440653704572, 0.000339853693731, 0.00032578536775, 0.000291009666398, 0.000229915051023, 0.000205452102819, 0.000188618287211, 0.000190159466001, 0.000186166638741, 0.000133099456434, 0.000172258733073, 0.000172821688466, 0.000216882282984, 0.000226870455663, 7.64447104302e-05, 1.64368502737e-05],
        "min": [9.39668864422e-24, 1.4780053744e-23, 1.91448120607e-24, 2.93264031061e-24, 3.96812560109e-23, 3.38984669689e-23, 1.85449539453e-23, 2.78591529824e-23, 5.40526482515e-23, 6.82142350459e-23, 4.63460546537e-23, 6.3757751533e-23, 4.80876165633e-23, 8.61811984945e-23, 6.87273543548e-23, 6.40845418961e-23, 1.21867208498e-22, 1.46847530358e-22, 2.49382029988e-22, 3.23957683549e-22, 3.46199698814e-22, 6.18854387683e-22, 4.59703504968e-22, 7.24490208765e-22, 1.1772210921e-21, 1.43184105752e-21, 2.41100994821e-21],
        "var": [6.07088963989e-07, 0.000340018537827, 5.31475889147e-05, 8.53373330756e-06, 1.27970679387e-05, 5.81653148402e-06, 5.54373946215e-06, 5.38333406439e-05, 4.15669310314e-05, 2.25033436436e-05, 1.59811297635e-05, 4.01884335588e-06, 1.95313714357e-06, 1.51490701228e-06, 5.65235097838e-07, 4.94143023388e-07, 1.60645498681e-07, 1.25913985016e-07, 7.3006781065e-08, 7.0039263278e-08, 5.78264689466e-08, 1.1907876285e-07, 3.08393595105e-07, 1.11907411338e-06, 8.06488117178e-07, 6.94353232689e-08, 1.94255411756e-09]
    },
    "erbbands": {
        "dmean": [0.182640865445, 1.32211399078, 3.05952382088, 3.01459360123, 4.13399887085, 6.29969120026, 7.98760557175, 6.39138793945, 7.08087968826, 21.1484985352, 39.9462738037, 41.4360466003, 38.4600219727, 45.7445907593, 33.0651741028, 26.1620063782, 21.9666442871, 21.758972168, 17.4871139526, 13.4701938629, 11.0938329697, 9.15983295441, 8.29045391083, 7.26872348785, 6.0330619812, 5.27116155624, 4.12074995041, 4.12144136429, 5.77698087692, 4.90688753128, 6.68233346939, 5.05333709717, 4.60543870926, 3.14169716835, 1.71279907227, 0.540435194969, 0.160421311855, 0.0252433232963, 0.00328604783863, 0.000120877492009],
        "dmean2": [0.259266763926, 1.93324708939, 3.98767471313, 4.43804454803, 6.7760052681, 10.5588178635, 12.8170862198, 10.4231367111, 11.2134771347, 32.9137115479, 61.7524032593, 65.4469146729, 60.7042999268, 70.0586471558, 52.0987815857, 41.3446388245, 34.6794319153, 35.0593605042, 28.0458488464, 22.1594181061, 17.8008079529, 14.9404525757, 13.5165138245, 11.6827764511, 9.68248558044, 8.4402141571, 6.62162303925, 6.38357019424, 8.65720558167, 7.35784244537, 9.84004592896, 7.05042505264, 6.56574201584, 4.4029955864, 2.40417909622, 0.780650019646, 0.228513896465, 0.0365336835384, 0.004768172279, 0.000177865527803],
        "dvar": [0.0913960561156, 4.69209432602, 39.338104248, 44.1007270813, 99.9499664307, 140.873703003, 243.062896729, 220.620025635, 265.361450195, 1801.24230957, 10632.8222656, 11346.6738281, 10081.4501953, 13545.9443359, 5283.13134766, 2889.86035156, 1871.73828125, 2385.26098633, 1253.67858887, 597.93560791, 423.575378418, 209.20892334, 216.630523682, 99.226348877, 82.845085144, 62.1985092163, 46.3907546997, 45.4370613098, 84.8100357056, 68.6758041382, 175.819976807, 119.355308533, 139.520996094, 49.6367645264, 11.3718824387, 1.27525377274, 0.119664266706, 0.00251471879892, 3.38995778293e-05, 4.2638031772e-08],
        "dvar2": [0.211997494102, 8.87261009216, 62.6561355591, 87.571723938, 252.880218506, 378.686950684, 582.429504395, 547.033447266, 660.206176758, 4218.27636719, 24408.7539062, 28055.484375, 22470.6738281, 30736.6503906, 12079.265625, 6267.01708984, 4156.11328125, 5540.16699219, 2944.08105469, 1433.98046875, 1012.47973633, 517.792358398, 531.263000488, 236.874282837, 202.220748901, 152.130874634, 117.32989502, 102.789337158, 195.944625854, 145.940429688, 381.896453857, 230.726242065, 256.940612793, 87.7461853027, 22.7864494324, 2.8255045414, 0.266243159771, 0.00547855813056, 6.84725600877e-05, 8.78679458083e-08],
        "max": [4.34122562408, 25.0815982819, 72.5315093994, 121.583763123, 128.859451294, 313.865661621, 277.585784912, 325.890563965, 460.27456665, 895.935974121, 2123.55932617, 2194.09326172, 2254.29199219, 3951.83862305, 1548.6217041, 1415.11462402, 1387.69702148, 1693.18334961, 1255.63000488, 628.436218262, 643.100646973, 289.058837891, 735.519775391, 207.96534729, 244.982513428, 238.041946411, 203.271835327, 165.889801025, 162.59765625, 217.394500732, 197.217590332, 359.296020508, 439.828399658, 253.21546936, 87.6384506226, 37.1764450073, 9.98398113251, 1.12763893604, 0.103162027895, 0.00386434257962],
        "mean": [0.382499843836, 2.96267914772, 4.49800205231, 4.02666950226, 4.75408172607, 9.18375778198, 12.976313591, 10.0393533707, 12.1292648315, 36.5258102417, 79.9153671265, 69.7894821167, 66.5034561157, 78.9779205322, 58.722278595, 46.1525115967, 39.9400177002, 37.9008636475, 30.5487880707, 26.0161800385, 22.8529453278, 18.7021598816, 17.1170063019, 15.2058973312, 13.0443677902, 11.5212955475, 8.79782581329, 8.67151260376, 11.0612258911, 9.48775482178, 11.0462837219, 9.92225265503, 9.22868919373, 6.39316272736, 3.153247118, 0.98347645998, 0.266859561205, 0.0449625551701, 0.00690481578931, 0.000291095988359],
        "median": [0.136219576001, 0.82989615202, 1.35638201237, 1.16076612473, 1.78889381886, 3.93417596817, 5.52196121216, 4.52744960785, 5.55851459503, 13.799077034, 17.8306312561, 23.8338985443, 18.6674385071, 24.3653640747, 21.1242332458, 20.2155914307, 18.0378704071, 18.6849365234, 16.4972572327, 15.4304714203, 13.072180748, 11.7264175415, 10.7572412491, 10.5951786041, 9.66963291168, 8.50659656525, 5.54311656952, 5.47456359863, 6.34571838379, 5.06097984314, 5.08487558365, 4.15297985077, 3.79159784317, 2.77630925179, 1.40214133263, 0.45750451088, 0.116711303592, 0.0231271870434, 0.00344937271439, 0.000170482511749],
        "min": [1.02326826001e-21, 1.20876906596e-21, 1.75534390281e-21, 2.03893720204e-20, 2.36726037369e-20, 1.22803156191e-19, 3.07833429655e-19, 2.36104876427e-19, 1.96803005209e-19, 2.08447989249e-19, 9.89710642777e-19, 1.14379009246e-18, 1.26083873408e-18, 3.0161809276e-18, 1.62939195114e-18, 2.44535744215e-18, 2.52856498753e-18, 2.62338015165e-18, 3.93332653075e-18, 3.91160973095e-18, 3.35907748359e-18, 7.35036497345e-18, 7.33167565469e-18, 8.61347225036e-18, 1.41192021239e-17, 1.33382997851e-17, 1.09801865298e-17, 1.50763046866e-17, 2.11033494248e-17, 1.72374298422e-17, 1.37400076419e-17, 1.46207448904e-17, 1.30768296479e-17, 1.14454235119e-17, 8.8780881555e-18, 4.26431003156e-18, 2.83918681718e-18, 1.33358947575e-18, 3.42734738788e-19, 3.05308745178e-20],
        "var": [0.296899199486, 19.3784503937, 82.6810302734, 62.2049980164, 89.7294158936, 202.359558105, 454.596343994, 307.87713623, 493.373046875, 4619.18603516, 36125.7890625, 19042.3378906, 19762.78125, 29877.4804688, 11281.3398438, 5954.86621094, 4021.13793945, 4102.36132812, 2047.6192627, 1326.34216309, 1051.59436035, 462.666931152, 414.087921143, 227.2890625, 171.436019897, 145.130233765, 108.151550293, 99.5948867798, 169.25982666, 146.544799805, 295.571350098, 315.125793457, 407.800140381, 162.036422729, 26.7402801514, 2.30731272697, 0.199915260077, 0.00457212980837, 8.12145444797e-05, 1.07086250978e-07]
    },
    "gfcc": {
        "mean": [49.4857521057, 49.7120094299, -104.494049072, 13.1256074905, -58.9182434082, 25.3575019836, -33.3706245422, 18.968372345, -20.8079071045, 5.42343139648, -14.8822536469, 1.75429213047, -10.3785142899],
        "cov": [[3661.70068359, -169.330795288, 971.411804199, 466.467346191, 73.7082748413, 277.702728271, 98.2437744141, -5.45184850693, 74.8626251221, 115.003814697, 6.41084289551, -14.2351226807, -13.4974985123], [-169.330795288, 899.381347656, 286.856689453, 83.7606811523, 155.613098145, -47.2075805664, 52.24634552, -1.32763111591, 69.1182098389, 18.5230960846, 56.8585586548, -20.9471817017, 21.840385437], [971.411804199, 286.856689453, 1747.2845459, 740.045593262, 348.306610107, 226.978881836, 79.6273345947, 9.47937202454, 164.239883423, 146.293182373, 112.628059387, 37.7450790405, 42.6262054443], [466.467346191, 83.7606811523, 740.045593262, 647.461853027, 212.574356079, 118.758041382, 19.9382019043, 16.9378070831, 114.319572449, 95.7343521118, 55.6604881287, 21.4841690063, 28.7855529785], [73.7082748413, 155.613098145, 348.306610107, 212.574356079, 296.803283691, 108.712585449, 86.1663360596, 24.9843540192, 70.1359176636, 51.4258995056, 43.539352417, 23.3088703156, 27.0554866791], [277.702728271, -47.2075805664, 226.978881836, 118.758041382, 108.712585449, 258.384643555, 159.637496948, 47.9744796753, 3.29123950005, 32.8473587036, 21.4167709351, 16.5630435944, 16.9581565857], [98.2437744141, 52.24634552, 79.6273345947, 19.9382019043, 86.1663360596, 159.637496948, 221.958129883, 67.7482223511, 26.1438293457, 23.1517715454, 16.2357292175, 5.20885753632, 8.81211566925], [-5.45184850693, -1.32763111591, 9.47937202454, 16.9378070831, 24.9843540192, 47.9744796753, 67.7482223511, 148.163360596, 89.841545105, 36.5026435852, 2.06118869781, -0.30352884531, 7.54968833923], [74.8626251221, 69.1182098389, 164.239883423, 114.319572449, 70.1359176636, 3.29123950005, 26.1438293457, 89.841545105, 162.476882935, 75.0541305542, 26.5532093048, -0.116912610829, 12.4296159744], [115.003814697, 18.5230960846, 146.293182373, 95.7343521118, 51.4258995056, 32.8473587036, 23.1517715454, 36.5026435852, 75.0541305542, 96.264175415, 54.5217704773, 17.4938297272, 15.5682945251], [6.41084289551, 56.8585586548, 112.628059387, 55.6604881287, 43.539352417, 21.4167709351, 16.2357292175, 2.06118869781, 26.5532093048, 54.5217704773, 99.3541793823, 47.0976409912, 23.848077774], [-14.2351226807, -20.9471817017, 37.7450790405, 21.4841690063, 23.3088703156, 16.5630435944, 5.20885753632, -0.30352884531, -0.116912610829, 17.4938297272, 47.0976409912, 78.0478591919, 38.3123245239], [-13.4974985123, 21.840385437, 42.6262054443, 28.7855529785, 27.0554866791, 16.9581565857, 8.81211566925, 7.54968833923, 12.4296159744, 15.5682945251, 23.848077774, 38.3123245239, 68.1423721313]],
        "icov": [[0.000365899730241, 6.5272251959e-05, -0.000186438992387, -5.63448484172e-05, 0.000267158495262, -0.000317604310112, -3.59256810043e-05, 0.000248444528552, -0.000110633591248, -0.000348099943949, 0.000323610816849, 5.43506530448e-07, 0.000128219558974], [6.5272251959e-05, 0.00161433417816, -0.00031285508885, 0.000167061312823, -0.000736687565222, 0.00121823407244, -0.000919156707823, 0.000189677535673, -0.000323058338836, 0.000988877261989, -0.00150873733219, 0.00169689767063, -0.00088521867292], [-0.000186438992387, -0.00031285508885, 0.00140609813388, -0.00108226144221, -0.000366569758626, -0.000712077307981, 0.000342571293004, 0.000482766452478, -0.000565165653825, 7.13291519787e-05, -0.000428930303315, -9.52127884375e-05, 0.000156353693455], [-5.63448484172e-05, 0.000167061312823, -0.00108226144221, 0.00352458818816, -0.00103212683462, -0.000810899364296, 0.00109357968904, 0.000450188090326, -0.00108451896813, -0.00073632603744, 0.000307010108372, 9.95026493911e-05, -0.000253637874266], [0.000267158495262, -0.000736687565222, -0.000366569758626, -0.00103212683462, 0.00622380292043, -0.00178036349826, -0.00102475262247, 0.00134616077412, -0.00201243115589, 6.32354276604e-05, 0.000315823417623, -0.0012241192162, -0.000159981427714], [-0.000317604310112, 0.00121823407244, -0.000712077307981, -0.000810899364296, -0.00178036349826, 0.010931619443, -0.00654340535402, -0.00256566121243, 0.00491793593392, -0.00184684502892, -0.000155412097229, 0.000643748149741, -0.00133120664395], [-3.59256810043e-05, -0.000919156707823, 0.000342571293004, 0.00109357968904, -0.00102475262247, -0.00654340535402, 0.0103748226538, -0.00233682640828, -0.000713202171028, 0.000547497707885, -0.000624189211521, 0.00019291076751, 0.000678748649079], [0.000248444528552, 0.000189677535673, 0.000482766452478, 0.000450188090326, 0.00134616077412, -0.00256566121243, -0.00233682640828, 0.0138874538243, -0.00926742423326, 0.000215902444324, 0.00206986535341, -0.00119739188813, -4.62345269625e-05], [-0.000110633591248, -0.000323058338836, -0.000565165653825, -0.00108451896813, -0.00201243115589, 0.00491793593392, -0.000713202171028, -0.00926742423326, 0.0181136019528, -0.00996596831828, 0.00156669539865, 0.00185565452557, -0.00103134289384], [-0.000348099943949, 0.000988877261989, 7.13291519787e-05, -0.00073632603744, 6.32354276604e-05, -0.00184684502892, 0.000547497707885, 0.000215902444324, -0.00996596831828, 0.0263459682465, -0.0129551757127, 0.00322314957157, -0.00125921948347], [0.000323610816849, -0.00150873733219, -0.000428930303315, 0.000307010108372, 0.000315823417623, -0.000155412097229, -0.000624189211521, 0.00206986535341, 0.00156669539865, -0.0129551757127, 0.0232317987829, -0.012279544957, 0.00189853424672], [5.43506530448e-07, 0.00169689767063, -9.52127884375e-05, 9.95026493911e-05, -0.0012241192162, 0.000643748149741, 0.00019291076751, -0.00119739188813, 0.00185565452557, 0.00322314957157, -0.012279544957, 0.0257624797523, -0.0113547239453], [0.000128219558974, -0.00088521867292, 0.000156353693455, -0.000253637874266, -0.000159981427714, -0.00133120664395, 0.000678748649079, -4.62345269625e-05, -0.00103134289384, -0.00125921948347, 0.00189853424672, -0.0113547239453, 0.0215012189001]]
    },
    "melbands": {
        "dmean": [0.00158304767683, 0.00151521980297, 0.000495310348924, 0.000375611765776, 0.000268901174422, 0.000147491591633, 0.000123051271657, 0.000257388077443, 0.000346433895174, 0.000261589739239, 0.000196268869331, 0.000187552548596, 0.00013789710647, 7.81380222179e-05, 6.55735639157e-05, 4.65325683763e-05, 4.40961630375e-05, 3.18230631819e-05, 2.40020526689e-05, 1.80705465027e-05, 1.31973374664e-05, 1.07385912997e-05, 9.03940417629e-06, 7.22574395695e-06, 6.46122225589e-06, 4.98269128002e-06, 4.97840210301e-06, 3.57287262887e-06, 3.03243177768e-06, 2.40403733187e-06, 2.65450785264e-06, 3.48889125235e-06, 3.05777939502e-06, 2.9663958685e-06, 4.29463352702e-06, 3.45868716067e-06, 3.17180251841e-06, 3.50890968548e-06, 3.07642085318e-06, 2.75200136457e-06],
        "dmean2": [0.0022568195127, 0.00205024983734, 0.000715414818842, 0.000635077129118, 0.000432735163486, 0.000239313740167, 0.000195444037672, 0.000401027267799, 0.000534232531209, 0.000413958885474, 0.000309996627038, 0.000286854075966, 0.000216668384383, 0.000123766410979, 0.000104354563518, 7.49699538574e-05, 7.11775719537e-05, 5.13999293617e-05, 3.99171003664e-05, 2.95542904496e-05, 2.14615920413e-05, 1.7739714167e-05, 1.49399893417e-05, 1.16568580779e-05, 1.05266481114e-05, 8.05764193501e-06, 8.10940218798e-06, 5.76743332203e-06, 4.97882047057e-06, 3.87877116736e-06, 4.11846576753e-06, 5.34297851118e-06, 4.68850794277e-06, 4.53868096884e-06, 6.49417779641e-06, 4.99408542964e-06, 4.54430028185e-06, 5.1156448535e-06, 4.58092654299e-06, 3.92047240894e-06],
        "dvar": [5.94329094383e-06, 7.27348697183e-06, 1.005693548e-06, 6.67164670176e-07, 2.27559823429e-07, 1.08416799094e-07, 6.85712606696e-08, 3.15538443374e-07, 7.49381911191e-07, 4.41781025984e-07, 2.62343263557e-07, 2.23352770945e-07, 1.01622752879e-07, 3.19166524321e-08, 1.70097820273e-08, 8.77761330287e-09, 1.04722257532e-08, 4.48390036212e-09, 1.90406024281e-09, 1.42140266224e-09, 6.35090868784e-10, 3.11140724296e-10, 2.68785715907e-10, 1.30097016493e-10, 8.15973122403e-11, 5.64819684079e-11, 6.89102247486e-11, 2.7564004898e-11, 2.79629652766e-11, 1.72099123147e-11, 1.92408970701e-11, 3.12437159478e-11, 2.4893465761e-11, 2.7072490083e-11, 7.6631950785e-11, 4.64396299193e-11, 5.72470439109e-11, 8.64270183198e-11, 6.02988076137e-11, 3.81095537072e-11],
        "dvar2": [1.37320021167e-05, 1.14030699478e-05, 1.91016874851e-06, 1.80838389952e-06, 5.53392169422e-07, 2.67515815722e-07, 1.66003047752e-07, 7.49484854623e-07, 1.71696933648e-06, 1.09314623842e-06, 5.86966564242e-07, 5.07177276177e-07, 2.26181526841e-07, 6.98423079371e-08, 3.787540237e-08, 2.03835757162e-08, 2.45363782625e-08, 1.05228492586e-08, 4.89042983887e-09, 3.5451077629e-09, 1.5305676726e-09, 7.95774501849e-10, 6.6103106322e-10, 3.19221760137e-10, 1.99201211082e-10, 1.37968678149e-10, 1.76330589019e-10, 6.79755002286e-11, 7.26117083127e-11, 4.20071789853e-11, 4.3902676633e-11, 7.31723015512e-11, 5.68855171301e-11, 5.83248171981e-11, 1.72337380477e-10, 9.41747721472e-11, 1.18786216974e-10, 1.68876315709e-10, 1.20773085976e-10, 7.34195135244e-11],
        "max": [0.0337745286524, 0.0331152379513, 0.0211713425815, 0.018042486161, 0.00750584341586, 0.00655576819554, 0.00713131111115, 0.0133306179196, 0.0205795988441, 0.0120184011757, 0.0111948018894, 0.016073608771, 0.00714076729491, 0.00671753240749, 0.00333983730525, 0.0025309168268, 0.00368650420569, 0.00203982111998, 0.000837609521113, 0.00105159007944, 0.000764085620176, 0.000412357156165, 0.000777084962465, 0.000406180188293, 0.000182776682777, 0.000186828954611, 0.000236813240917, 0.00014265171194, 0.000154853987624, 0.000100813340396, 7.97292741481e-05, 0.000102523481473, 0.000113572874398, 0.000145254743984, 0.000130031898152, 0.000146315709571, 0.000292698125122, 0.000326404464431, 0.000397278665332, 0.000193410902284],
        "mean": [0.00363404047675, 0.00299497065134, 0.000726322818082, 0.000482551084133, 0.000458554684883, 0.000234357576119, 0.00020829863206, 0.000440706178779, 0.000691133958753, 0.000424356519943, 0.000325355154928, 0.000314470584271, 0.000224699237151, 0.000127381441416, 0.000110578686872, 7.69372782088e-05, 7.03645928297e-05, 4.99666384712e-05, 3.93383488699e-05, 3.25291875924e-05, 2.48729938903e-05, 1.97154204216e-05, 1.66958561749e-05, 1.40067577377e-05, 1.21952643894e-05, 9.72194902715e-06, 9.38097582548e-06, 7.1370814112e-06, 5.76273805564e-06, 4.73076033813e-06, 5.02843204231e-06, 6.26871633358e-06, 5.70563906876e-06, 5.21668653164e-06, 6.46323724141e-06, 6.1773816924e-06, 5.98156884735e-06, 6.5403910412e-06, 6.14258487985e-06, 5.16117097504e-06],
        "median": [0.00123246945441, 0.000975231057964, 0.000220731584704, 0.000210041966056, 0.00022153784812, 0.000101105208159, 8.62342567416e-05, 0.000144748948514, 0.000141751792398, 0.000137156617711, 7.87596363807e-05, 8.97043209989e-05, 7.36013462301e-05, 4.88021760248e-05, 4.35668553109e-05, 3.28004971379e-05, 3.23733511323e-05, 2.37999902311e-05, 2.20410584006e-05, 1.70570710907e-05, 1.39714738907e-05, 1.18845946417e-05, 9.72670750343e-06, 8.68128154252e-06, 8.12179496279e-06, 6.73330578138e-06, 6.37327502773e-06, 4.98573217556e-06, 3.47232935383e-06, 2.94787014354e-06, 2.99546900351e-06, 3.51214089278e-06, 3.15881948154e-06, 2.61319837591e-06, 2.91376727546e-06, 2.64797745331e-06, 2.39703967964e-06, 2.57420288108e-06, 2.65985681835e-06, 2.16904277295e-06],
        "min": [7.58384131895e-24, 9.69993624252e-25, 5.52383440574e-24, 4.26416790165e-24, 1.0364013552e-23, 5.27532626009e-24, 4.21118721439e-24, 3.21184382295e-24, 9.4188406473e-24, 7.96993272293e-24, 5.85953810826e-24, 1.2817803263e-23, 6.00572862793e-24, 4.37554204526e-24, 8.34631798233e-24, 6.21360254835e-24, 3.72549226037e-24, 6.44118694736e-24, 5.70976852667e-24, 5.46226341766e-24, 3.62821111683e-24, 7.92530291722e-24, 6.36231900064e-24, 7.78106680044e-24, 5.93926709666e-24, 9.80413845721e-24, 1.05180173445e-23, 7.63711625132e-24, 6.13214161584e-24, 8.07330584481e-24, 9.20909909868e-24, 9.95284741531e-24, 9.84322730392e-24, 7.63380855755e-24, 6.58436401836e-24, 9.53678955212e-24, 9.29288322656e-24, 9.41142062162e-24, 8.68330989471e-24, 1.02835386956e-23],
        "var": [2.43344275077e-05, 2.31092581089e-05, 1.70117357357e-06, 6.49258481644e-07, 4.51251963796e-07, 1.60259432391e-07, 1.39178098379e-07, 8.72698592502e-07, 2.83816393676e-06, 7.26582527477e-07, 5.1386979294e-07, 4.97776738939e-07, 2.00348850399e-07, 6.0344497399e-08, 3.67459982442e-08, 1.63663020913e-08, 1.68681832946e-08, 6.75101663461e-09, 3.03828673331e-09, 2.98245739216e-09, 1.34789357453e-09, 6.08836814298e-10, 4.59940724395e-10, 2.81040218875e-10, 1.66734737128e-10, 1.08049458269e-10, 1.19143361843e-10, 6.49496845195e-11, 5.40537059557e-11, 3.5340542992e-11, 3.81691796225e-11, 5.83033135659e-11, 4.95890481456e-11, 5.18208739808e-11, 1.102438002e-10, 1.01674765829e-10, 1.38027519969e-10, 2.28260715884e-10, 1.72265771092e-10, 1.0716673382e-10]
    },
    "mfcc": {
        "mean": [-600.246582031, 94.4269332886, 7.30533504486, -1.22560310364, 3.30072498322, 1.98491537571, 4.62107849121, 7.7890253067, 4.32085847855, 5.47914648056, 3.63708257675, -0.0511245466769, 1.06378901005],
        "cov": [[2356.43457031, -360.933807373, 543.995666504, 158.970306396, 69.3963546753, 228.208984375, 88.5820922852, 26.2600326538, 55.2152175903, 103.645942688, 35.2410774231, 27.0434131622, 17.7309684753], [-360.933807373, 834.395629883, 81.0057220459, 65.6819381714, 68.765296936, 1.3126963377, 34.6414375305, 2.55611729622, 5.94963741302, 7.65556526184, 48.7602310181, -4.17742109299, 29.069890976], [543.995666504, 81.0057220459, 1311.93762207, 555.094726562, 418.686676025, 301.756408691, 116.220581055, 33.0992889404, 77.3196105957, 88.640625, 68.4849319458, 108.168136597, 119.415779114], [158.970306396, 65.6819381714, 555.094726562, 514.388061523, 310.163848877, 157.301071167, 5.84821128845, 0.684499084949, 55.5678291321, 52.1415138245, 44.1450920105, 79.5450134277, 83.854133606], [69.3963546753, 68.765296936, 418.686676025, 310.163848877, 335.879730225, 135.598205566, 25.0373744965, 12.0392541885, 53.1764335632, 45.8393135071, 40.4858131409, 57.4085502625, 65.7554855347], [228.208984375, 1.3126963377, 301.756408691, 157.301071167, 135.598205566, 253.620635986, 148.246841431, 56.5174102783, 44.6893539429, 37.6681861877, 26.1900863647, 31.3097324371, 28.727399826], [88.5820922852, 34.6414375305, 116.220581055, 5.84821128845, 25.0373744965, 148.246841431, 200.944198608, 85.2493515015, 34.7543792725, 27.1611061096, 20.3497028351, 9.42128944397, 10.7374582291], [26.2600326538, 2.55611729622, 33.0992889404, 0.684499084949, 12.0392541885, 56.5174102783, 85.2493515015, 120.457138062, 69.7102050781, 36.3493614197, 25.8526306152, 12.9987459183, 6.3957400322], [55.2152175903, 5.94963741302, 77.3196105957, 55.5678291321, 53.1764335632, 44.6893539429, 34.7543792725, 69.7102050781, 129.432647705, 78.8823928833, 35.3746299744, 23.2160739899, 14.8433322906], [103.645942688, 7.65556526184, 88.640625, 52.1415138245, 45.8393135071, 37.6681861877, 27.1611061096, 36.3493614197, 78.8823928833, 120.46811676, 59.204208374, 25.997215271, 19.1914787292], [35.2410774231, 48.7602310181, 68.4849319458, 44.1450920105, 40.4858131409, 26.1900863647, 20.3497028351, 25.8526306152, 35.3746299744, 59.204208374, 90.1677932739, 45.6133270264, 23.3307723999], [27.0434131622, -4.17742109299, 108.168136597, 79.5450134277, 57.4085502625, 31.3097324371, 9.42128944397, 12.9987459183, 23.2160739899, 25.997215271, 45.6133270264, 87.2092971802, 46.3939399719], [17.7309684753, 29.069890976, 119.415779114, 83.854133606, 65.7554855347, 28.727399826, 10.7374582291, 6.3957400322, 14.8433322906, 19.1914787292, 23.3307723999, 46.3939399719, 80.1592330933]],
