{
"lowlevel": {
    "average_loudness": 0.885131120682,
    "barkbands_crest": {
        "dmean": 3.18280935287,
        "dmean2": 5.09480857849,
        "dvar": 8.53726959229,
        "dvar2": 20.2341785431,
        "max": 26.1827583313,
        "mean": 11.749920845,
        "median": 10.831237793,
        "min": 1.8775292635,
        "var": 29.7820510864
    },
    "barkbands_flatness_db": {
        "dmean": 0.0273179300129,
        "dmean2": 0.0406680330634,
        "dvar": 0.000738498114515,
        "dvar2": 0.00150898331776,
        "max": 0.387758165598,
        "mean": 0.1375207901,
        "median": 0.131695568562,
        "min": 0.01303297095,
        "var": 0.00348816765472
    },
    "barkbands_kurtosis": {
        "dmean": 5.69976854324,
        "dmean2": 8.90304088593,
        "dvar": 154.727416992,
        "dvar2": 364.756652832,
        "max": 345.699005127,
        "mean": 8.01918888092,
        "median": 2.35322141647,
        "min": -1.94474577904,
        "var": 288.086730957
    },
    "barkbands_skewness": {
        "dmean": 0.79221612215,
        "dmean2": 1.18244206905,
        "dvar": 0.83719933033,
        "dvar2": 1.78450596333,
        "max": 16.9160861969,
        "mean": 1.77666079998,
        "median": 1.36631417274,
        "min": -6.05582046509,
        "var": 3.36747264862
    },
    "barkbands_spread": {
        "dmean": 7.9842042923,
        "dmean2": 12.2782764435,
        "dvar": 137.323806763,
        "dvar2": 296.412139893,
        "max": 134.429672241,
        "mean": 22.461019516,
        "median": 17.2018737793,
        "min": 0.623627662659,
        "var": 342.881225586
    },
    "dissonance": {
        "dmean": 0.0246652942151,
        "dmean2": 0.0415403954685,
        "dvar": 0.000667319167405,
        "dvar2": 0.00180032441858,
        "max": 0.500000059605,
        "mean": 0.457860797644,
        "median": 0.469207346439,
        "min": 0.215437665582,
        "var": 0.00144942384213
    },
    "dynamic_complexity": 3.70008730888,
    "erbbands_crest": {
        "dmean": 3.2526037693,
        "dmean2": 5.25966262817,
        "dvar": 9.58011245728,
        "dvar2": 22.0791511536,
        "max": 33.2621078491,
        "mean": 10.0777673721,
        "median": 8.70400238037,
        "min": 2.27182340622,
        "var": 29.162273407
    },
    "erbbands_flatness_db": {
        "dmean": 0.0217186529189,
        "dmean2": 0.0311554186046,
        "dvar": 0.000444317993242,
        "dvar2": 0.000852005032357,
        "max": 0.416965484619,
        "mean": 0.150514990091,
        "median": 0.145305722952,
        "min": 0.0428900308907,
        "var": 0.00298511236906
    },
    "erbbands_kurtosis": {
        "dmean": 1.79734122753,
        "dmean2": 2.80311655998,
        "dvar": 15.0552225113,
        "dvar2": 39.1325950623,
        "max": 182.142990112,
        "mean": 2.08200359344,
        "median": 0.640219092369,
        "min": -1.82801759243,
        "var": 24.3926963806
    },
    "erbbands_skewness": {
        "dmean": 0.482271999121,
        "dmean2": 0.726710796356,
        "dvar": 0.248196199536,
        "dvar2": 0.532176077366,
        "max": 7.22020769119,
        "mean": 0.614874601364,
        "median": 0.537479281425,
        "min": -5.63550949097,
        "var": 1.05996072292
    },
    "erbbands_spread": {
        "dmean": 10.3037900925,
        "dmean2": 15.2826137543,
        "dvar": 161.913009644,
        "dvar2": 345.474090576,
        "max": 176.55947876,
        "mean": 36.9776725769,
        "median": 30.7510375977,
        "min": 0.81276267767,
        "var": 618.934387207
    },
    "hfc": {
        "dmean": 11.8571939468,
        "dmean2": 17.069770813,
        "dvar": 432.371948242,
        "dvar2": 837.392578125,
        "max": 387.172546387,
        "mean": 24.8095970154,
        "median": 14.5395240784,
        "min": 1.1267215059e-16,
        "var": 999.814941406
    },
    "melbands_crest": {
        "dmean": 4.13660335541,
        "dmean2": 6.59844732285,
        "dvar": 14.1321229935,
        "dvar2": 33.7811470032,
        "max": 37.309551239,
        "mean": 16.6617794037,
        "median": 16.1037216187,
        "min": 2.06539273262,
        "var": 51.44556427
    },
    "melbands_flatness_db": {
        "dmean": 0.0330864265561,
        "dmean2": 0.0481187030673,
        "dvar": 0.0011503797723,
        "dvar2": 0.00220177229494,
        "max": 0.50741904974,
        "mean": 0.204904586077,
        "median": 0.205576330423,
        "min": 0.00482807122171,
        "var": 0.00684168748558
    },
    "melbands_kurtosis": {
        "dmean": 13.4464645386,
        "dmean2": 21.0226516724,
        "dvar": 919.438049316,
        "dvar2": 2181.05981445,
        "max": 614.682373047,
        "mean": 21.5387611389,
        "median": 6.74061012268,
        "min": -1.95081162453,
        "var": 1934.66003418
    },
    "melbands_skewness": {
        "dmean": 1.02115213871,
        "dmean2": 1.53888738155,
        "dvar": 1.50181829929,
        "dvar2": 3.16738009453,
        "max": 20.3068237305,
        "mean": 2.83779644966,
        "median": 2.12677145004,
        "min": -2.60443973541,
        "var": 6.48940038681
    },
    "melbands_spread": {
        "dmean": 9.56611061096,
        "dmean2": 14.5116224289,
        "dvar": 299.740570068,
        "dvar2": 600.258972168,
        "max": 304.397369385,
        "mean": 24.8561725616,
        "median": 18.2011070251,
        "min": 0.510040223598,
        "var": 730.012878418
    },
    "pitch_salience": {
        "dmean": 0.0860168859363,
        "dmean2": 0.135286033154,
        "dvar": 0.00647183740512,
        "dvar2": 0.0148353520781,
        "max": 0.965582430363,
        "mean": 0.520651638508,
        "median": 0.523208916187,
        "min": 0.0894546434283,
        "var": 0.0253989901394
    },
    "silence_rate_20dB": {
        "dmean": 0,
        "dmean2": 0,
        "dvar": 0,
        "dvar2": 0,
        "max": 1,
        "mean": 1,
        "median": 1,
        "min": 1,
        "var": 0
    },
    "silence_rate_30dB": {
        "dmean": 0.0103810308501,
        "dmean2": 0.0207645110786,
        "dvar": 0.0102729657665,
        "dvar2": 0.0269398055971,
        "max": 1,
        "mean": 0.991979241371,
        "median": 1,
        "min": 0,
        "var": 0.0079564107582
    },
    "silence_rate_60dB": {
        "dmean": 0.0301993638277,
        "dmean2": 0.0604058504105,
        "dvar": 0.0292899217457,
        "dvar2": 0.0652584508061,
        "max": 1,
        "mean": 0.114767633379,
        "median": 0,
        "min": 0,
        "var": 0.101605407894
    },
    "spectral_centroid": {
        "dmean": 314.828704834,
        "dmean2": 467.925872803,
        "dvar": 210839.328125,
        "dvar2": 382994.375,
        "max": 11434.7763672,
        "mean": 1400.26977539,
        "median": 1199.42431641,
        "min": 152.106735229,
        "var": 728311.5
    },
    "spectral_complexity": {
        "dmean": 4.00188732147,
        "dmean2": 5.92803192139,
        "dvar": 29.3820438385,
        "dvar2": 49.8053970337,
        "max": 64,
        "mean": 15.888417244,
        "median": 14,
        "min": 0,
        "var": 117.166877747
    },
    "spectral_decrease": {
        "dmean": 2.62250199334e-09,
        "dmean2": 4.02904687391e-09,
        "dvar": 1.57791269659e-17,
        "dvar2": 3.40878880502e-17,
        "max": 3.37897758266e-29,
        "mean": -6.99149360628e-09,
        "median": -5.79201397954e-09,
        "min": -4.80864770225e-08,
        "var": 3.81680986967e-17
    },
    "spectral_energy": {
        "dmean": 0.0105201723054,
        "dmean2": 0.016072563827,
        "dvar": 0.000236767591559,
        "dvar2": 0.000505276431795,
        "max": 0.184166908264,
        "mean": 0.0286378227174,
        "median": 0.0242678783834,
        "min": 1.05784768118e-20,
        "var": 0.000594656798057
    },
    "spectral_energyband_high": {
        "dmean": 0.000924963096622,
        "dmean2": 0.00135343323927,
        "dvar": 4.25464213549e-06,
        "dvar2": 8.05834861239e-06,
        "max": 0.0403692908585,
        "mean": 0.00133912533056,
        "median": 0.00030800740933,
        "min": 7.27655921461e-21,
        "var": 8.59242845763e-06
    },
    "spectral_energyband_low": {
        "dmean": 0.00655011413619,
        "dmean2": 0.010460366495,
        "dvar": 0.00018000973796,
        "dvar2": 0.000413105415646,
        "max": 0.173072978854,
        "mean": 0.0126952184364,
        "median": 0.00538732483983,
        "min": 3.41581946888e-23,
        "var": 0.000340511178365
    },
    "spectral_energyband_middle_high": {
        "dmean": 0.0029124924913,
        "dmean2": 0.00429252162576,
        "dvar": 3.27428679157e-05,
        "dvar2": 7.12110340828e-05,
        "max": 0.108041673899,
        "mean": 0.00654082279652,
        "median": 0.00279503013007,
        "min": 1.55667989874e-21,
        "var": 9.53629423748e-05
    },
    "spectral_energyband_middle_low": {
        "dmean": 0.00485876342282,
        "dmean2": 0.00771951349452,
        "dvar": 7.91345519247e-05,
        "dvar2": 0.000201325980015,
        "max": 0.128701582551,
        "mean": 0.00848825089633,
        "median": 0.0051211649552,
        "min": 3.09282447332e-22,
        "var": 0.000122421217384
    },
    "spectral_entropy": {
        "dmean": 0.201225593686,
        "dmean2": 0.288039624691,
        "dvar": 0.0463425405324,
        "dvar2": 0.0871980935335,
        "max": 9.803606987,
        "mean": 7.67966365814,
        "median": 7.69171094894,
        "min": 5.50499105453,
        "var": 0.246592342854
    },
    "spectral_flux": {
        "dmean": 0.029313351959,
        "dmean2": 0.0452004224062,
        "dvar": 0.00125658314209,
        "dvar2": 0.00267954636365,
        "max": 0.36337056756,
        "mean": 0.0922829061747,
        "median": 0.0823875367641,
        "min": 1.02851720196e-10,
        "var": 0.00336205703206
    },
    "spectral_kurtosis": {
        "dmean": 1.28059124947,
        "dmean2": 1.9138764143,
        "dvar": 1.730047822,
        "dvar2": 3.95038199425,
        "max": 30.6893997192,
        "mean": 4.47830486298,
        "median": 4.36580371857,
        "min": -1.56040465832,
        "var": 7.64222383499
    },
    "spectral_rms": {
        "dmean": 0.000906904810108,
        "dmean2": 0.00134952203371,
        "dvar": 1.20170034279e-06,
        "dvar2": 2.36326764025e-06,
        "max": 0.0134042911232,
        "mean": 0.00475712213665,
        "median": 0.0048657967709,
        "min": 3.21254806611e-12,
        "var": 5.30917941433e-06
    },
    "spectral_rolloff": {
        "dmean": 791.027587891,
        "dmean2": 1308.70141602,
        "dvar": 2776027.5,
        "dvar2": 5969567.5,
        "max": 18884.6191406,
        "mean": 1859.63452148,
        "median": 1033.59375,
        "min": 21.533203125,
        "var": 6124333.5
    },
    "spectral_skewness": {
        "dmean": 0.228674396873,
        "dmean2": 0.329582929611,
        "dvar": 0.0513021014631,
        "dvar2": 0.0996052622795,
        "max": 4.5944070816,
        "mean": 1.72243666649,
        "median": 1.75507092476,
        "min": -0.780099213123,
        "var": 0.283467710018
    },
    "spectral_spread": {
        "dmean": 840625.1875,
        "dmean2": 1162452.375,
        "dvar": 1.26207157862e+12,
        "dvar2": 2.08718109082e+12,
        "max": 40312232,
        "mean": 5842946.5,
        "median": 5261292.5,
        "min": 1972239.5,
        "var": 5.48778436198e+12
    },
    "spectral_strongpeak": {
        "dmean": 0.602529108524,
        "dmean2": 1.00301575661,
        "dvar": 1.22855699062,
        "dvar2": 3.15820384026,
        "max": 19.7522678375,
        "mean": 1.02439701557,
        "median": 0.428021550179,
        "min": 0,
        "var": 2.36363554001
    },
    "zerocrossingrate": {
        "dmean": 0.0173982381821,
        "dmean2": 0.0196225587279,
        "dvar": 0.000554312602617,
        "dvar2": 0.000593311851844,
        "max": 0.62841796875,
        "mean": 0.0736421793699,
        "median": 0.0556640625,
        "min": 0.00244140625,
        "var": 0.00402524881065
    },
    "barkbands": {
        "dmean": [0.00054507679306, 0.00541807757691, 0.00170818611514, 0.000524494913407, 0.00181325664744, 0.000789005833212, 0.000488796446007, 0.00111566425767, 0.00163160264492, 0.00118845130783, 0.00099562597461, 0.000822028319817, 0.000381630641641, 0.000314693810651, 0.000290759140626, 0.000262001442024, 0.000184776901733, 0.000141824275488, 0.000152324879309, 0.000137764203828, 0.000158691997058, 0.00012066483032, 0.000136816030135, 0.000172866944922, 0.000207962788409, 0.00012983304623, 2.49758850259e-05],
        "dmean2": [0.000871135445777, 0.00883828662336, 0.00284305727109, 0.000887188711204, 0.00309879193082, 0.001300263335, 0.000819991808385, 0.00178329844493, 0.00253812409937, 0.00186421931721, 0.00156595045701, 0.0013041710481, 0.000614406075329, 0.000509758538101, 0.000468687940156, 0.00041677444824, 0.000293638790026, 0.000219565932639, 0.000230036268476, 0.000203393938136, 0.000236237683566, 0.00017444723926, 0.000212566577829, 0.000259581458522, 0.00030209243414, 0.000202790717594, 3.97140393034e-05],
        "dvar": [1.36838377784e-06, 0.000137408671435, 2.43419126491e-05, 2.88453861685e-06, 2.1415809897e-05, 4.11399150835e-06, 3.07703885483e-06, 1.29469362946e-05, 2.24842715397e-05, 1.58321072377e-05, 8.69553696248e-06, 6.5246408667e-06, 1.05019091734e-06, 4.36879645349e-07, 4.66583998104e-07, 3.77844713739e-07, 2.40767803916e-07, 1.05576809517e-07, 1.64780090017e-07, 1.11071464914e-07, 1.42256965319e-07, 8.77604477978e-08, 1.0898769176e-07, 2.53475377576e-07, 5.69324583921e-07, 1.20417652738e-07, 5.27979082676e-09],
        "dvar2": [3.46856563738e-06, 0.000326770532411, 6.39739882899e-05, 7.46912201066e-06, 5.89249648328e-05, 1.07349733298e-05, 8.48047602631e-06, 3.16547266266e-05, 5.16995278304e-05, 3.6302521039e-05, 2.05787546292e-05, 1.51006761371e-05, 2.59879857367e-06, 1.05530875771e-06, 1.11863494112e-06, 9.00691475181e-07, 5.55590190743e-07, 2.29589048217e-07, 3.46124750195e-07, 2.01314762194e-07, 2.6191733582e-07, 1.71291176798e-07, 2.35160456441e-07, 5.28549662704e-07, 1.05437641196e-06, 2.95003019346e-07, 1.38430218399e-08],
        "max": [0.0291915703565, 0.157125458121, 0.0769206136465, 0.0308463405818, 0.0652894303203, 0.0407407470047, 0.0857260078192, 0.102782957256, 0.128356918693, 0.110370628536, 0.0636519268155, 0.0816079080105, 0.0291187819093, 0.0159705653787, 0.0179001875222, 0.0182483531535, 0.0184961762279, 0.00981171242893, 0.0130670061335, 0.00601345580071, 0.00749041559175, 0.0103728827089, 0.0089520746842, 0.0120524065569, 0.0239044167101, 0.0102975349873, 0.000918360950891],
        "mean": [0.00076915329555, 0.0092963501811, 0.0024422982242, 0.000506997981574, 0.00220200885087, 0.00096947880229, 0.000603290798608, 0.0013682419667, 0.00238866964355, 0.00171887606848, 0.0013565600384, 0.00109636131674, 0.000536362582352, 0.000461220275611, 0.000404414080549, 0.000373676652089, 0.000273265235592, 0.000214352316107, 0.000228214485105, 0.000213652980165, 0.000220123416511, 0.000154832567205, 0.00016413180856, 0.000225173425861, 0.000280088861473, 0.000148055201862, 2.19308913074e-05],
        "median": [6.62672246108e-05, 0.00240438501351, 0.000400503340643, 8.55957332533e-05, 0.000853915582411, 0.000300104904454, 0.000187316574738, 0.000290506228339, 0.000405761878937, 0.000354824587703, 0.000237362110056, 0.000195173415705, 0.000126669809106, 0.000140028860187, 0.000115443872346, 9.49566747295e-05, 9.35870921239e-05, 6.49335270282e-05, 6.11858267803e-05, 5.3994343034e-05, 5.0526286941e-05, 2.60142624029e-05, 2.51317505899e-05, 3.59384503099e-05, 4.20880351157e-05, 1.99368059839e-05, 1.09693712602e-06],
        "min": [1.39403239322e-23, 1.54623127197e-23, 7.56007609532e-24, 1.36054982318e-23, 2.91484924895e-23, 3.35775267983e-23, 5.91878045784e-23, 8.13066628781e-24, 8.00251993584e-23, 1.73850949118e-23, 4.25538046448e-23, 6.6499081044e-23, 1.53121524153e-22, 1.23216034428e-22, 7.98565472077e-23, 1.749834473e-22, 1.51927870318e-22, 1.19588359736e-22, 2.57207984551e-22, 2.10067247199e-22, 4.14500209999e-22, 4.39715410461e-22, 5.99865331869e-22, 8.44152355395e-22, 1.08923803432e-21, 1.29701920048e-21, 2.40056699492e-21],
        "var": [2.15469458453e-06, 0.000233113707509, 2.99095099763e-05, 2.4195669539e-06, 1.78253521881e-05, 4.18596164309e-06, 4.85981490783e-06, 1.68850838236e-05, 4.73712389066e-05, 2.86707017949e-05, 1.53833116201e-05, 1.14276226668e-05, 1.69194117916e-06, 8.20085460873e-07, 7.7191634773e-07, 6.93722313372e-07, 4.0226328224e-07, 2.20921606342e-07, 2.70234863819e-07, 2.26623257049e-07, 2.4587001235e-07, 1.61583784575e-07, 1.7233351457e-07, 4.53866846328e-07, 1.16213027468e-06, 1.63910087281e-07, 4.21022861019e-09]
    },
    "erbbands": {
        "dmean": [0.237219542265, 0.969042599201, 1.83898115158, 1.7533415556, 3.56850385666, 7.31685209274, 6.7139878273, 6.55771446228, 5.76082992554, 12.5144052505, 28.2583198547, 37.7420463562, 32.4588546753, 37.8564033508, 38.1127090454, 27.925661087, 18.1300468445, 14.5151033401, 13.878367424, 15.1382770538, 12.5254507065, 9.6193523407, 7.73572158813, 7.44190311432, 7.33113241196, 6.63258886337, 7.18128871918, 5.25105571747, 3.83497262001, 4.08387994766, 3.97006893158, 3.49091243744, 3.22461533546, 2.62359857559, 1.35220479965, 0.638550817966, 0.223065331578, 0.0494327917695, 0.0042854049243, 8.28136253403e-05],
        "dmean2": [0.383278369904, 1.56574571133, 2.98952245712, 2.92626833916, 6.28386449814, 12.4894142151, 10.9693908691, 10.9906234741, 9.80105495453, 20.3853340149, 44.8782196045, 57.8977470398, 49.8068504333, 58.3381271362, 59.1206665039, 43.0200157166, 28.808763504, 23.1670913696, 21.9547634125, 23.9020843506, 19.4067440033, 14.9135704041, 11.7150220871, 11.336889267, 11.0625333786, 9.71955680847, 10.4961338043, 8.02126216888, 5.68181276321, 6.03302001953, 6.19995737076, 5.2235045433, 4.83818721771, 3.85779666901, 1.96601593494, 0.983096599579, 0.348399490118, 0.0796935483813, 0.00674950843677, 0.000127344334032],
        "dvar": [0.261870980263, 5.24147605896, 25.4240665436, 28.3655128479, 162.046875, 304.591522217, 243.326400757, 334.199401855, 233.987960815, 2874.56811523, 6721.28564453, 13124.7666016, 11457.4453125, 17687.1914062, 11909.2177734, 6557.57763672, 2350.14990234, 763.079772949, 1189.81286621, 1137.51049805, 913.472961426, 612.995849609, 344.275634766, 383.195800781, 434.958129883, 252.726974487, 366.087921143, 144.059265137, 89.8967590332, 100.364990234, 89.523979187, 86.8180160522, 103.108444214, 90.2820587158, 23.202747345, 3.70597696304, 0.312836676836, 0.0222741197795, 0.000151726562763, 4.33258975363e-08],
        "dvar2": [0.640789151192, 12.547460556, 66.0262908936, 69.9441986084, 458.992889404, 825.336181641, 618.946289062, 896.741210938, 645.584899902, 7309.99658203, 16563.4296875, 28814.8027344, 26247.2949219, 41605.078125, 26364.7441406, 14974.3876953, 5798.42333984, 1805.76806641, 2842.48950195, 2730.28369141, 2000.11206055, 1328.80737305, 757.146240234, 823.137451172, 1005.75280762, 459.701721191, 665.599609375, 285.233428955, 166.685333252, 201.08001709, 195.456344604, 189.347564697, 213.281112671, 180.586242676, 41.9455871582, 8.53228187561, 0.7731295228, 0.0597620420158, 0.000388659886084, 1.09072857413e-07],
        "max": [6.75440835953, 33.0082588196, 69.9066696167, 99.2667770386, 248.226013184, 233.103546143, 391.450317383, 403.437744141, 569.647766113, 1717.53381348, 2124.46118164, 4004.04418945, 3765.76757812, 3888.14013672, 3268.50756836, 2530.16503906, 1169.52294922, 524.640441895, 1210.62609863, 845.182128906, 1211.62634277, 1016.21221924, 700.175842285, 749.450195312, 575.976196289, 365.134979248, 418.995361328, 268.385223389, 284.413024902, 351.098327637, 231.289825439, 189.639862061, 300.972808838, 249.336425781, 179.651763916, 70.4731216431, 11.9244155884, 1.96930217743, 0.158515959978, 0.00262280949391],
        "mean": [0.364559620619, 1.70247817039, 2.98218846321, 2.14265704155, 3.55057954788, 8.71382427216, 9.03834629059, 7.41656589508, 7.38456249237, 16.0648002625, 37.7311019897, 57.4583892822, 47.6833686829, 59.2924537659, 55.7636909485, 41.5886688232, 27.4843330383, 23.1438617706, 21.7618293762, 22.2372322083, 19.4584579468, 14.9294977188, 12.0342712402, 11.970703125, 10.6406793594, 10.3218374252, 10.2918224335, 7.20676183701, 5.32606935501, 4.96810007095, 4.75498056412, 4.45160198212, 4.05219316483, 3.44294023514, 1.77929210663, 0.790594220161, 0.239565104246, 0.0452755540609, 0.00395060330629, 0.000106276616862],
        "median": [0.0547725334764, 0.467180877924, 0.676333069801, 0.514502763748, 1.07457232475, 3.00290131569, 3.13357305527, 2.30909347534, 2.74414587021, 4.16985416412, 9.49217605591, 10.5895957947, 11.8568267822, 12.2748336792, 11.0820808411, 9.321849823, 7.52581119537, 8.00224590302, 6.84107208252, 6.40123224258, 5.85528326035, 5.16090679169, 3.96705245972, 3.46588182449, 2.94378781319, 2.65084886551, 2.33480572701, 1.63086247444, 0.958308935165, 0.760437369347, 0.745932459831, 0.680368363857, 0.623843789101, 0.510534882545, 0.269693434238, 0.11889347434, 0.0298580322415, 0.0040731607005, 0.000200664318982, 3.98463816964e-05],
        "min": [8.44577355785e-22, 2.08547015047e-21, 6.89891249089e-21, 2.31176123979e-20, 5.83631304483e-20, 1.1177283197e-19, 1.74646080698e-19, 3.10887018585e-19, 6.02620876881e-19, 5.36532609757e-19, 7.01567653068e-19, 1.58323889187e-18, 8.00693100267e-19, 1.06585261816e-18, 1.90032792974e-18, 3.10255884947e-18, 5.71769325119e-18, 6.11002625649e-18, 4.1518246352e-18, 7.23001763895e-18, 9.0412081723e-18, 8.26496120596e-18, 5.35577774496e-18, 9.70593712999e-18, 1.29391396446e-17, 1.14769117963e-17, 1.55371667105e-17, 1.63890072315e-17, 1.66114394069e-17, 1.51109238496e-17, 1.61368279869e-17, 1.64316103418e-17, 1.44976058213e-17, 1.10531339336e-17, 8.25485057733e-18, 4.99788936754e-18, 2.42725169931e-18, 1.00425258134e-18, 3.26504447044e-19, 3.61385548413e-20],
        "var": [0.426920831203, 8.2823600769, 35.0509567261, 28.6143932343, 106.113555908, 276.033477783, 301.996398926, 283.564208984, 245.77557373, 4396.59912109, 9084.46386719, 32568.4804688, 17919.4628906, 35404.2890625, 24712.3652344, 12167.8671875, 3804.87646484, 1538.45422363, 2196.52856445, 1889.57995605, 1949.69946289, 1153.81213379, 755.384094238, 664.123657227, 606.170166016, 511.764801025, 630.931396484, 238.60697937, 181.631881714, 181.840866089, 139.13494873, 155.131500244, 177.701705933, 173.150650024, 47.0375328064, 6.24008560181, 0.362262189388, 0.0170812234282, 0.000127648687339, 4.13705798508e-08]
    },
    "gfcc": {
        "mean": [-7.67681694031, 63.869102478, -105.126083374, 12.6443433762, -57.0395011902, 22.6041469574, -34.623714447, 19.0294685364, -27.7023696899, 6.74470281601, -18.2220573425, 2.48427057266, -8.42116832733],
        "cov": [[6778.06494141, -453.474731445, -48.0959815979, 307.310455322, 380.912780762, 256.831329346, 380.487762451, 170.000640869, 150.779312134, 237.936828613, 34.6947860718, 177.31237793, 156.617645264], [-453.474731445, 1709.3951416, 314.251556396, 128.300186157, 358.326080322, 25.0095252991, 137.353057861, 57.8956832886, 17.3493881226, -17.7114315033, 150.56829834, -76.2594909668, 91.8950958252], [-48.0959815979, 314.251556396, 1568.74084473, 618.833984375, 302.94418335, 189.99697876, -42.7618484497, -2.50723338127, 83.1821670532, 30.4040679932, 68.7073974609, 65.848526001, 12.2911729813], [307.310455322, 128.300186157, 618.833984375, 598.731445312, 283.880493164, 79.846534729, -20.2676792145, 19.879076004, 75.6118011475, 62.977684021, 52.0415992737, 48.6041793823, 64.5993652344], [380.912780762, 358.326080322, 302.94418335, 283.880493164, 460.974029541, 134.587966919, 84.0894775391, 68.7300415039, 37.5433540344, 66.3021469116, 66.3980331421, 18.4216518402, 71.5874176025], [256.831329346, 25.0095252991, 189.99697876, 79.846534729, 134.587966919, 278.680511475, 137.181289673, 51.6616363525, 27.6670799255, 44.0859603882, 36.7655982971, 4.79618549347, 13.8558855057], [380.487762451, 137.353057861, -42.7618484497, -20.2676792145, 84.0894775391, 137.181289673, 347.933502197, 95.8456192017, -0.19413562119, 28.5999507904, 41.9732551575, -4.18175268173, 14.7519140244], [170.000640869, 57.8956832886, -2.50723338127, 19.879076004, 68.7300415039, 51.6616363525, 95.8456192017, 171.384109497, 59.6834602356, 32.0645675659, 28.280002594, -1.0986726284, 29.8673419952], [150.779312134, 17.3493881226, 83.1821670532, 75.6118011475, 37.5433540344, 27.6670799255, -0.19413562119, 59.6834602356, 167.119659424, 63.1438026428, 6.66859865189, 23.1967773438, 19.8999061584], [237.936828613, -17.7114315033, 30.4040679932, 62.977684021, 66.3021469116, 44.0859603882, 28.5999507904, 32.0645675659, 63.1438026428, 116.080688477, 36.9340591431, 12.4760894775, 19.916469574], [34.6947860718, 150.56829834, 68.7073974609, 52.0415992737, 66.3980331421, 36.7655982971, 41.9732551575, 28.280002594, 6.66859865189, 36.9340591431, 121.692436218, 29.4038181305, 25.6728191376], [177.31237793, -76.2594909668, 65.848526001, 48.6041793823, 18.4216518402, 4.79618549347, -4.18175268173, -1.0986726284, 23.1967773438, 12.4760894775, 29.4038181305, 100.512229919, 41.351890564], [156.617645264, 91.8950958252, 12.2911729813, 64.5993652344, 71.5874176025, 13.8558855057, 14.7519140244, 29.8673419952, 19.8999061584, 19.916469574, 25.6728191376, 41.351890564, 108.136756897]],
        "icov": [[0.000189804763068, 6.63698592689e-05, 4.81524766656e-05, -6.47322813165e-05, -0.000125634323922, -1.17384761325e-05, -0.000194699270651, -3.20914205076e-06, -1.67939524545e-05, -0.000229923753068, 0.000152084641741, -0.000247627467616, -8.19574852358e-05], [6.63698592689e-05, 0.00114606460556, -0.000301203399431, 0.000463095057057, -0.000962613907177, 0.000685659702867, -0.000544385286048, 0.000526209012605, -0.000780035101343, 0.00107486965135, -0.00155469996389, 0.00186047272291, -0.00123090937268], [4.81524766656e-05, -0.000301203399431, 0.00135915132705, -0.00138231273741, 0.000152397304191, -0.000905609223992, 0.000376542157028, -4.17281662521e-05, -4.70387785754e-05, 0.000311905692797, 0.000174073633389, -0.00105533073656, 0.00114626507275], [-6.47322813165e-05, 0.000463095057057, -0.00138231273741, 0.00408125901595, -0.00183660583571, 0.0007955035544, 9.44165294641e-05, 0.00060191412922, -0.000900753133465, -0.000199092697585, -0.000676711904816, 0.000789265264757, -0.00158469483722], [-0.000125634323922, -0.000962613907177, 0.000152397304191, -0.00183660583571, 0.00473902234808, -0.00150819669943, 0.000244042166742, -0.00108421081677, 0.001241644728, -0.00155394943431, 0.000609224836808, -0.000603815424256, -0.000454046734376], [-1.17384761325e-05, 0.000685659702867, -0.000905609223992, 0.0007955035544, -0.00150819669943, 0.00594190321863, -0.00218644388951, 0.000291086034849, -0.000667130749207, -0.000362866441719, -0.00102683203295, 0.00139371585101, -0.000582584063523], [-0.000194699270651, -0.000544385286048, 0.000376542157028, 9.44165294641e-05, 0.000244042166742, -0.00218644388951, 0.00477596605197, -0.00224509998225, 0.0012834983645, -0.000448397360742, -6.84945553076e-05, -0.000704348960426, 0.000864564382937], [-3.20914205076e-06, 0.000526209012605, -4.17281662521e-05, 0.00060191412922, -0.00108421081677, 0.000291086034849, -0.00224509998225, 0.00904751196504, -0.00377604109235, 0.00114186177962, -0.00198235409334, 0.00260873232037, -0.00235192198306], [-1.67939524545e-05, -0.000780035101343, -4.70387785754e-05, -0.000900753133465, 0.001241644728, -0.000667130749207, 0.0012834983645, -0.00377604109235, 0.00998736452311, -0.00554511602968, 0.00303079676814, -0.00321717304178, 0.00105607276782], [-0.000229923753068, 0.00107486965135, 0.000311905692797, -0.000199092697585, -0.00155394943431, -0.000362866441719, -0.000448397360742, 0.00114186177962, -0.00554511602968, 0.0146333025768, -0.00507698301226, 0.00286868610419, -0.00124229444191], [0.000152084641741, -0.00155469996389, 0.000174073633389, -0.000676711904816, 0.000609224836808, -0.00102683203295, -6.84945553076e-05, -0.00198235409334, 0.00303079676814, -0.00507698301226, 0.0132651887834, -0.00576700642705, 0.00120387820061], [-0.000247627467616, 0.00186047272291, -0.00105533073656, 0.000789265264757, -0.000603815424256, 0.00139371585101, -0.000704348960426, 0.00260873232037, -0.00321717304178, 0.00286868610419, -0.00576700642705, 0.0171453692019, -0.0071008419618], [-8.19574852358e-05, -0.00123090937268, 0.00114626507275, -0.00158469483722, -0.000454046734376, -0.000582584063523, 0.000864564382937, -0.00235192198306, 0.00105607276782, -0.00124229444191, 0.00120387820061, -0.0071008419618, 0.0145995914936]]
    },
    "melbands": {
        "dmean": [0.00174565624911, 0.000956824689638, 0.00033622875344, 0.000401604484068, 0.000254906684859, 0.000145794183481, 9.03678228497e-05, 0.000157599075465, 0.000253601785516, 0.00023394546588, 0.000165834324434, 0.000159808827448, 0.000132185115945, 9.76881929091e-05, 5.75802368985e-05, 3.38094396284e-05, 2.94441088045e-05, 2.44601924351e-05, 2.17799824895e-05, 2.06879230973e-05, 1.46460288306e-05, 1.11566732812e-05, 8.56363112689e-06, 6.78015612721e-06, 6.43435987513e-06, 5.78342678637e-06, 4.91489254273e-06, 4.69408632853e-06, 5.13050372319e-06, 3.50442610397e-06, 3.12208658215e-06, 2.12675286093e-06, 2.57022543337e-06, 2.09994664147e-06, 2.21596951633e-06, 2.70240434475e-06, 1.97784629563e-06, 2.22807989303e-06, 2.36075698012e-06, 2.24848395192e-06],
        "dmean2": [0.00282855588011, 0.00153417943511, 0.000566181377508, 0.000691754510626, 0.000419246265665, 0.000242933092522, 0.000153156768647, 0.000254961138126, 0.000400621938752, 0.000357772834832, 0.000256148952758, 0.000247844029218, 0.000204984156881, 0.000152234482812, 8.96120109246e-05, 5.38710010005e-05, 4.73200598208e-05, 3.93129485019e-05, 3.51129856426e-05, 3.28528331011e-05, 2.27476211876e-05, 1.76257963176e-05, 1.35939571919e-05, 1.03970478449e-05, 9.94528909359e-06, 8.76909689396e-06, 7.54816164772e-06, 6.89938951837e-06, 7.44293492971e-06, 5.31441537532e-06, 4.86147428091e-06, 3.2383090911e-06, 3.86833789889e-06, 3.2121147342e-06, 3.51514313479e-06, 4.1742009671e-06, 2.97039196084e-06, 3.39047005582e-06, 3.53174095835e-06, 3.33005868924e-06],
        "dvar": [1.40165266203e-05, 5.79533116252e-06, 1.05135484318e-06, 1.34841479849e-06, 2.92454359396e-07, 1.52923519181e-07, 6.5933384974e-08, 3.91787040144e-07, 4.90504646677e-07, 5.10890231453e-07, 3.09034305701e-07, 3.17614620826e-07, 1.33782435796e-07, 1.05397617745e-07, 3.26755333901e-08, 7.61472485067e-09, 3.4715563757e-09, 4.21211421298e-09, 2.90975465944e-09, 2.20834328601e-09, 1.44785083922e-09, 9.83000791877e-10, 4.35248476149e-10, 2.76265926802e-10, 3.17428444641e-10, 2.64769650649e-10, 1.62453994701e-10, 1.36064576273e-10, 2.06332340102e-10, 7.94781046531e-11, 5.02293137639e-11, 3.13199570445e-11, 4.12312961551e-11, 2.95768930181e-11, 2.75688274293e-11, 4.83570579413e-11, 3.27822005652e-11, 4.85271822726e-11, 7.07336966776e-11, 7.32715069174e-11],
        "dvar2": [3.37081364705e-05, 1.42107301144e-05, 2.62503931481e-06, 3.78108256882e-06, 7.45933959934e-07, 4.08916150718e-07, 1.81853252457e-07, 9.82084884527e-07, 1.2200649735e-06, 1.1046927284e-06, 7.05668753653e-07, 7.35094658921e-07, 2.99371293977e-07, 2.45426662104e-07, 7.07171636805e-08, 1.8328305984e-08, 8.23440693409e-09, 1.00376107426e-08, 6.69964839162e-09, 5.25906163062e-09, 3.14864623263e-09, 2.20654872152e-09, 1.08700415336e-09, 5.81970749369e-10, 7.18921921994e-10, 5.80218928459e-10, 3.86418425036e-10, 2.65231975272e-10, 3.94294652484e-10, 1.62555635619e-10, 1.03521739792e-10, 6.05418562505e-11, 8.86448067727e-11, 6.08315689488e-11, 6.11483502722e-11, 1.12098087757e-10, 7.05376174137e-11, 1.06248787546e-10, 1.42568373773e-10, 1.51957904593e-10],
        "max": [0.0505230389535, 0.0349211245775, 0.0164270419627, 0.0174290519208, 0.0127406669781, 0.00846318155527, 0.00891877710819, 0.0174405910075, 0.0147228259593, 0.0257598627359, 0.0194264445454, 0.0155384698883, 0.00930644199252, 0.0115789836273, 0.00951787084341, 0.00226974743418, 0.00114886066876, 0.00216615037061, 0.00190180307254, 0.00141472450923, 0.00161222158931, 0.00115475337952, 0.000514017418027, 0.000467815174488, 0.000717498944141, 0.000347442226484, 0.000235385727137, 0.000323214480886, 0.000400505261496, 0.000259654043475, 0.000126646205899, 0.000140136398841, 0.000222989590839, 0.000216607950279, 0.000116972034448, 0.000150368650793, 0.000125102786114, 0.000180230286787, 0.000239192246227, 0.000249267235631],
        "mean": [0.00287726195529, 0.00179278722499, 0.000407405081205, 0.000452261418104, 0.000347361259628, 0.000170012790477, 0.000115269649541, 0.000196354609216, 0.000338568759616, 0.000351170572685, 0.000231863014051, 0.00023995176889, 0.000187802390428, 0.000133661436848, 8.24379530968e-05, 4.81449205836e-05, 4.30450418207e-05, 3.54234944098e-05, 3.00453175441e-05, 2.87169095827e-05, 2.15169984585e-05, 1.60045274242e-05, 1.22176070363e-05, 9.78945081442e-06, 9.77849686024e-06, 8.20131299406e-06, 6.78067817717e-06, 6.88040881869e-06, 6.92510911904e-06, 4.9812006182e-06, 3.92643278246e-06, 2.96710095427e-06, 2.96543657896e-06, 2.57564124695e-06, 2.57111241808e-06, 3.10627160616e-06, 2.55704003393e-06, 2.72278771263e-06, 2.96892153528e-06, 2.91169885713e-06],
        "median": [0.000630339665804, 0.000591767136939, 0.000110009270429, 0.000157666989253, 0.00013053114526, 5.19465611433e-05, 4.05781975132e-05, 4.61392410216e-05, 7.71314225858e-05, 5.65629488847e-05, 4.95300555485e-05, 4.35549809481e-05, 3.42955172528e-05, 2.25043750106e-05, 1.9495102606e-05, 1.24934140331e-05, 1.33616977109e-05, 1.00527586255e-05, 8.568418707e-06, 7.07993967808e-06, 6.41275164526e-06, 5.10380232299e-06, 3.82144344258e-06, 2.85871055894e-06, 2.65756875706e-06, 2.17168008021e-06, 1.69895827185e-06, 1.63077402249e-06, 1.362359626e-06, 1.1491663372e-06, 7.97812958808e-07, 5.0786849215e-07, 4.44704710389e-07, 3.81657685011e-07, 3.98291490455e-07, 4.17380988438e-07, 4.01362086677e-07, 4.06986259804e-07, 4.45263651727e-07, 4.17739613567e-07],
        "min": [6.55795453298e-24, 3.36115487914e-24, 6.438475238e-24, 5.16650092606e-24, 6.6225504082e-24, 7.59636133037e-24, 1.23123453712e-23, 4.78064894136e-24, 8.58516297633e-24, 1.00349268148e-23, 3.65952850033e-24, 3.97854661142e-24, 6.17455985e-24, 4.0994001021e-24, 1.2770855784e-23, 1.05939862274e-23, 1.10330062538e-23, 6.80382117789e-24, 6.68209757363e-24, 1.33424446744e-23, 9.45362468005e-24, 9.70323841426e-24, 4.77952678673e-24, 5.27719073284e-24, 7.68282048559e-24, 1.13036107879e-23, 7.57016168199e-24, 6.5139818484e-24, 8.97050732903e-24, 1.08544901864e-23, 8.8216192995e-24, 8.5579654189e-24, 9.0801116632e-24, 7.92526505189e-24, 8.82058668058e-24, 1.0778234947e-23, 9.97609277961e-24, 1.07575423366e-23, 8.84137947632e-24, 9.43530023008e-24],
        "var": [2.36572050198e-05, 8.86824727786e-06, 9.94660922515e-07, 1.00208444564e-06, 3.64074026038e-07, 1.36135710704e-07, 8.44799146194e-08, 5.71018745177e-07, 6.97598409261e-07, 1.30002160859e-06, 4.82549353364e-07, 6.33036904674e-07, 2.69872060699e-07, 1.87501839832e-07, 5.04715700345e-08, 1.21169376754e-08, 6.3610308132e-09, 7.14671655189e-09, 4.69387906321e-09, 3.8558836124e-09, 2.97684743522e-09, 1.6207755138e-09, 7.66652574757e-10, 4.90649687546e-10, 4.9340898034e-10, 3.96749577636e-10, 2.3293844631e-10, 2.62956323382e-10, 3.32865041086e-10, 1.29753818801e-10, 7.63869939524e-11, 6.02424846119e-11, 6.53671630713e-11, 5.25258413153e-11, 4.2275051515e-11, 7.094597132e-11, 5.82456999298e-11, 7.78650824373e-11, 1.23312554612e-10, 1.33744737507e-10]
    },
    "mfcc": {
        "mean": [-659.015930176, 108.620887756, 4.95473480225, 2.45791125298, 3.23863554001, 0.685543417931, 8.13911437988, 4.41841745377, 5.51513576508, 3.29157233238, -1.31352186203, 0.227681204677, -1.44838583469],
        "cov": [[6173.73291016, -561.061828613, -512.689941406, 117.64214325, -45.3885307312, 231.727630615, 202.8802948, 113.426597595, 281.784942627, 135.407791138, 60.2119255066, 103.897926331, 129.509674072], [-561.061828613, 1448.046875, 99.1351013184, 157.647171021, 186.974563599, 33.8255081177, 226.944381714, 51.9272193909, 24.1903762817, 41.1651763916, 54.6673126221, 29.5048561096, 12.5187673569], [-512.689941406, 99.1351013184, 1203.17810059, 382.865936279, 373.957519531, 211.201187134, 25.4584732056, 70.5347747803, 1.18166697025, -13.0509490967, 63.1197433472, 33.423248291, 51.8605079651], [117.64214325, 157.647171021, 382.865936279, 535.087280273, 321.033843994, 110.598091125, 66.7655792236, 13.5505104065, 57.2885932922, 2.43614792824, 5.57159805298, 47.1748161316, 67.9675292969], [-45.3885307312, 186.974563599, 373.957519531, 321.033843994, 513.71862793, 136.551055908, 39.2803001404, 2.04949951172, 47.9753723145, 20.5409488678, 18.6560745239, 31.6810932159, 69.2362136841], [231.727630615, 33.8255081177, 211.201187134, 110.598091125, 136.551055908, 267.615631104, 109.198944092, 40.9958877563, 47.9719619751, 31.9828109741, 37.2239341736, 23.2550373077, 25.264787674], [202.8802948, 226.944381714, 25.4584732056, 66.7655792236, 39.2803001404, 109.198944092, 338.178955078, 91.6746444702, 42.0554008484, 61.0857391357, 20.1592769623, 39.8758583069, 13.3391036987], [113.426597595, 51.9272193909, 70.5347747803, 13.5505104065, 2.04949951172, 40.9958877563, 91.6746444702, 147.106674194, 53.1925315857, 28.4897785187, 27.2336215973, 14.3448905945, 14.8441009521], [281.784942627, 24.1903762817, 1.18166697025, 57.2885932922, 47.9753723145, 47.9719619751, 42.0554008484, 53.1925315857, 166.492935181, 56.7838401794, 27.2301254272, 28.8549232483, 21.1691112518], [135.407791138, 41.1651763916, -13.0509490967, 2.43614792824, 20.5409488678, 31.9828109741, 61.0857391357, 28.4897785187, 56.7838401794, 126.589241028, 48.7016830444, 23.1011753082, 11.7829418182], [60.2119255066, 54.6673126221, 63.1197433472, 5.57159805298, 18.6560745239, 37.2239341736, 20.1592769623, 27.2336215973, 27.2301254272, 48.7016830444, 110.83921814, 36.6115646362, 10.6369924545], [103.897926331, 29.5048561096, 33.423248291, 47.1748161316, 31.6810932159, 23.2550373077, 39.8758583069, 14.3448905945, 28.8549232483, 23.1011753082, 36.6115646362, 96.0727081299, 40.8446655273], [129.509674072, 12.5187673569, 51.8605079651, 67.9675292969, 69.2362136841, 25.264787674, 13.3391036987, 14.8441009521, 21.1691112518, 11.7829418182, 10.6369924545, 40.8446655273, 93.6370162964]],
