{
"lowlevel": {
    "average_loudness": 0.924703896046,
    "barkbands_crest": {
        "dmean": 3.2823381424,
        "dmean2": 5.32273817062,
        "dvar": 8.5664100647,
        "dvar2": 20.9609508514,
        "max": 26.7781009674,
        "mean": 10.5728435516,
        "median": 9.66973209381,
        "min": 2.21584701538,
        "var": 22.3882331848
    },
    "barkbands_flatness_db": {
        "dmean": 0.0274197012186,
        "dmean2": 0.0412347204983,
        "dvar": 0.000658897915855,
        "dvar2": 0.00146875006612,
        "max": 0.413928151131,
        "mean": 0.116732776165,
        "median": 0.110997110605,
        "min": 0.0185878071934,
        "var": 0.00212981598452
    },
    "barkbands_kurtosis": {
        "dmean": 4.43507242203,
        "dmean2": 6.84282875061,
        "dvar": 106.720504761,
        "dvar2": 242.181365967,
        "max": 440.960327148,
        "mean": 6.31039905548,
        "median": 2.34861373901,
        "min": -1.9567040205,
        "var": 176.024536133
    },
    "barkbands_skewness": {
        "dmean": 0.679369270802,
        "dmean2": 1.04009687901,
        "dvar": 0.652734160423,
        "dvar2": 1.44032871723,
        "max": 20.5069675446,
        "mean": 1.86424446106,
        "median": 1.54156315327,
        "min": -3.45681166649,
        "var": 2.13406968117
    },
    "barkbands_spread": {
        "dmean": 7.68032121658,
        "dmean2": 11.9785957336,
        "dvar": 89.1612243652,
        "dvar2": 191.81312561,
        "max": 135.145217896,
        "mean": 25.5391273499,
        "median": 21.5154285431,
        "min": 1.17236602306,
        "var": 311.38583374
    },
    "dissonance": {
        "dmean": 0.0185892544687,
        "dmean2": 0.031350504607,
        "dvar": 0.00031022564508,
        "dvar2": 0.000830326462165,
        "max": 0.500000059605,
        "mean": 0.467166870832,
        "median": 0.472671300173,
        "min": 0.115797527134,
        "var": 0.000604099652264
    },
    "dynamic_complexity": 3.09513783455,
    "erbbands_crest": {
        "dmean": 2.66937375069,
        "dmean2": 4.30515813828,
        "dvar": 6.13165473938,
        "dvar2": 15.0522375107,
        "max": 27.0532341003,
        "mean": 8.27533149719,
        "median": 7.48189926147,
        "min": 2.07470464706,
        "var": 14.973777771
    },
    "erbbands_flatness_db": {
        "dmean": 0.0161148365587,
        "dmean2": 0.0244668144733,
        "dvar": 0.000214658648474,
        "dvar2": 0.000454663764685,
        "max": 0.33196797967,
        "mean": 0.124731048942,
        "median": 0.116811960936,
        "min": 0.0459356307983,
        "var": 0.0019458020106
    },
    "erbbands_kurtosis": {
        "dmean": 0.922516047955,
        "dmean2": 1.44970333576,
        "dvar": 1.51495659351,
        "dvar2": 3.73050022125,
        "max": 20.3905029297,
        "mean": 0.725347518921,
        "median": 0.234120368958,
        "min": -1.84619700909,
        "var": 3.72140717506
    },
    "erbbands_skewness": {
        "dmean": 0.370154291391,
        "dmean2": 0.57334280014,
        "dvar": 0.123802147806,
        "dvar2": 0.272753328085,
        "max": 3.88459396362,
        "mean": 0.60386043787,
        "median": 0.578793048859,
        "min": -4.41414737701,
        "var": 0.430217862129
    },
    "erbbands_spread": {
        "dmean": 9.83503723145,
        "dmean2": 15.167673111,
        "dvar": 131.325088501,
        "dvar2": 304.69317627,
        "max": 171.104354858,
        "mean": 45.3478393555,
        "median": 39.5958824158,
        "min": 4.01177072525,
        "var": 631.832946777
    },
    "hfc": {
        "dmean": 14.2719345093,
        "dmean2": 21.1086025238,
        "dvar": 836.475585938,
        "dvar2": 1873.38427734,
        "max": 1045.37451172,
        "mean": 34.2508163452,
        "median": 21.6287994385,
        "min": 1.17337991875e-16,
        "var": 1928.60949707
    },
    "melbands_crest": {
        "dmean": 3.87479829788,
        "dmean2": 6.27716112137,
        "dvar": 11.0905313492,
        "dvar2": 27.6426258087,
        "max": 39.8002281189,
        "mean": 14.6056814194,
        "median": 13.7582330704,
        "min": 2.33344054222,
        "var": 35.3191757202
    },
    "melbands_flatness_db": {
        "dmean": 0.0332001559436,
        "dmean2": 0.0499289110303,
        "dvar": 0.00104505114723,
        "dvar2": 0.0023802628275,
        "max": 0.42461553216,
        "mean": 0.186955302954,
        "median": 0.18071039021,
        "min": 0.00887619983405,
        "var": 0.00426554214209
    },
    "melbands_kurtosis": {
        "dmean": 12.602221489,
        "dmean2": 20.0277614594,
        "dvar": 696.653442383,
        "dvar2": 1574.95239258,
        "max": 427.766235352,
        "mean": 21.2866287231,
        "median": 9.25360965729,
        "min": -1.87270724773,
        "var": 1332.07287598
    },
    "melbands_skewness": {
        "dmean": 0.978127300739,
        "dmean2": 1.5373967886,
        "dvar": 1.48423647881,
        "dvar2": 3.37311697006,
        "max": 18.4042263031,
        "mean": 3.08129906654,
        "median": 2.48756408691,
        "min": -0.408739387989,
        "var": 4.9224691391
    },
    "melbands_spread": {
        "dmean": 7.93009376526,
        "dmean2": 12.4848566055,
        "dvar": 134.766662598,
        "dvar2": 276.046600342,
        "max": 306.711608887,
        "mean": 22.1391716003,
        "median": 19.0572242737,
        "min": 0.763306319714,
        "var": 345.315338135
    },
    "pitch_salience": {
        "dmean": 0.0858554244041,
        "dmean2": 0.138365089893,
        "dvar": 0.00627065030858,
        "dvar2": 0.01540841721,
        "max": 0.978142380714,
        "mean": 0.549277305603,
        "median": 0.553511202335,
        "min": 0.0118771856651,
        "var": 0.0183698516339
    },
    "silence_rate_20dB": {
        "dmean": 0,
        "dmean2": 0,
        "dvar": 0,
        "dvar2": 0,
        "max": 1,
        "mean": 1,
        "median": 1,
        "min": 1,
        "var": 0
    },
    "silence_rate_30dB": {
        "dmean": 0.0148549871519,
        "dmean2": 0.0297134779394,
        "dvar": 0.014634761028,
        "dvar2": 0.040623087436,
        "max": 1,
        "mean": 0.990687251091,
        "median": 1,
        "min": 0,
        "var": 0.00922490935773
    },
    "silence_rate_60dB": {
        "dmean": 0.0188634749502,
        "dmean2": 0.037731397897,
        "dvar": 0.0185032952577,
        "dvar2": 0.0379681624472,
        "max": 1,
        "mean": 0.0714369937778,
        "median": 0,
        "min": 0,
        "var": 0.0663282424212
    },
    "spectral_centroid": {
        "dmean": 283.237213135,
        "dmean2": 442.19229126,
        "dvar": 114682.640625,
        "dvar2": 251028.8125,
        "max": 11073.1220703,
        "mean": 1291.81604004,
        "median": 1254.26672363,
        "min": 211.069580078,
        "var": 368673.84375
    },
    "spectral_complexity": {
        "dmean": 4.88398981094,
        "dmean2": 7.4300198555,
        "dvar": 27.2384395599,
        "dvar2": 60.4664306641,
        "max": 55,
        "mean": 19.0551700592,
        "median": 18,
        "min": 0,
        "var": 89.9316864014
    },
    "spectral_decrease": {
        "dmean": 3.23415028092e-09,
        "dmean2": 5.03591435219e-09,
        "dvar": 1.45436334593e-17,
        "dvar2": 3.39119368077e-17,
        "max": 8.96289036778e-29,
        "mean": -9.45571532185e-09,
        "median": -8.26018276001e-09,
        "min": -4.32978026765e-08,
        "var": 5.0057747976e-17
    },
    "spectral_energy": {
        "dmean": 0.0128535768017,
        "dmean2": 0.0199916344136,
        "dvar": 0.000218854926061,
        "dvar2": 0.000506598793436,
        "max": 0.166066348553,
        "mean": 0.0387948900461,
        "median": 0.0345130115747,
        "min": 1.03046210601e-20,
        "var": 0.000789724930655
    },
    "spectral_energyband_high": {
        "dmean": 0.00105921947397,
        "dmean2": 0.00156105589122,
        "dvar": 7.31254840503e-06,
        "dvar2": 1.60089821293e-05,
        "max": 0.0962798148394,
        "mean": 0.00195378414355,
        "median": 0.000691907072905,
        "min": 7.64322398479e-21,
        "var": 1.5638066543e-05
    },
    "spectral_energyband_low": {
        "dmean": 0.0095444554463,
        "dmean2": 0.0155081348494,
        "dvar": 0.000217477077967,
        "dvar2": 0.000537729996722,
        "max": 0.155824705958,
        "mean": 0.018435485661,
        "median": 0.0113294105977,
        "min": 3.44461667846e-23,
        "var": 0.00045780299115
    },
    "spectral_energyband_middle_high": {
        "dmean": 0.00273224781267,
        "dmean2": 0.00425762403756,
        "dvar": 1.50581909111e-05,
        "dvar2": 3.57258650183e-05,
        "max": 0.0711268633604,
        "mean": 0.00665815593675,
        "median": 0.00362722435966,
        "min": 1.45935198206e-21,
        "var": 5.85383677389e-05
    },
    "spectral_energyband_middle_low": {
        "dmean": 0.00629201671109,
        "dmean2": 0.0100914798677,
        "dvar": 8.30493445392e-05,
        "dvar2": 0.000209984980756,
        "max": 0.1163360551,
        "mean": 0.0133212767541,
        "median": 0.0102153643966,
        "min": 1.34513923607e-22,
        "var": 0.000150612962898
    },
    "spectral_entropy": {
        "dmean": 0.172638222575,
        "dmean2": 0.2544272542,
        "dvar": 0.0288270618767,
        "dvar2": 0.0589652918279,
        "max": 9.81405162811,
        "mean": 7.84477138519,
        "median": 7.86578702927,
        "min": 6.36772584915,
        "var": 0.130428478122
    },
    "spectral_flux": {
        "dmean": 0.0311169959605,
        "dmean2": 0.0483181066811,
        "dvar": 0.00103286909871,
        "dvar2": 0.00235504331067,
        "max": 0.382346749306,
        "mean": 0.108120419085,
        "median": 0.0995699763298,
        "min": 6.84591758282e-11,
        "var": 0.00328960362822
    },
    "spectral_kurtosis": {
        "dmean": 0.89446169138,
        "dmean2": 1.39508664608,
        "dvar": 0.802563309669,
        "dvar2": 1.88203024864,
        "max": 15.3785858154,
        "mean": 3.46708869934,
        "median": 3.37140750885,
        "min": -1.6430413723,
        "var": 4.30874586105
    },
    "spectral_rms": {
        "dmean": 0.000988911604509,
        "dmean2": 0.00152104196604,
        "dvar": 9.74241856966e-07,
        "dvar2": 2.13374801206e-06,
        "max": 0.0127285486087,
        "mean": 0.00565379625186,
        "median": 0.00580269144848,
        "min": 3.1706922244e-12,
        "var": 5.88302964388e-06
    },
    "spectral_rolloff": {
        "dmean": 659.714538574,
        "dmean2": 1110.20715332,
        "dvar": 1687810.625,
        "dvar2": 3609494.75,
        "max": 18884.6191406,
        "mean": 1662.79797363,
        "median": 1098.19335938,
        "min": 21.533203125,
        "var": 4488164
    },
    "spectral_skewness": {
        "dmean": 0.170951887965,
        "dmean2": 0.260173171759,
        "dvar": 0.0282181091607,
        "dvar2": 0.0588200390339,
        "max": 3.21236038208,
        "mean": 1.63777959347,
        "median": 1.66878223419,
        "min": -0.437629789114,
        "var": 0.155880942941
    },
    "spectral_spread": {
        "dmean": 783989.625,
        "dmean2": 1180059,
        "dvar": 848623108096,
        "dvar2": 1.64215822746e+12,
        "max": 41193836,
        "mean": 6674234,
        "median": 6276307,
        "min": 2341297,
        "var": 5.86274675098e+12
    },
    "spectral_strongpeak": {
        "dmean": 0.495016902685,
        "dmean2": 0.855540394783,
        "dvar": 1.09493327141,
        "dvar2": 2.98288536072,
        "max": 30.9746932983,
        "mean": 0.805437147617,
        "median": 0.468804270029,
        "min": 0,
        "var": 1.19755113125
    },
    "zerocrossingrate": {
        "dmean": 0.0157138258219,
        "dmean2": 0.0187194626778,
        "dvar": 0.000327019719407,
        "dvar2": 0.000357720418833,
        "max": 0.61767578125,
        "mean": 0.0790198296309,
        "median": 0.0693359375,
        "min": 0,
        "var": 0.00264511606656
    },
    "barkbands": {
        "dmean": [0.000475958251627, 0.00740972580388, 0.00401440542191, 0.00217674300075, 0.00228377920575, 0.00172093429137, 0.000625645567197, 0.00114764797036, 0.00136197160464, 0.00102295307443, 0.000520434288774, 0.000561192806344, 0.000400876771891, 0.000561095250305, 0.000399478129111, 0.000335789431119, 0.000196933542611, 0.000144118399476, 0.000138255141792, 0.000135299153044, 9.51811525738e-05, 8.83847314981e-05, 0.000119297568745, 0.000214265295654, 0.000431757624028, 0.000185962882824, 7.79886795499e-06],
        "dmean2": [0.000781965907663, 0.0113228298724, 0.00673723267391, 0.00378582719713, 0.00389646925032, 0.00279101380147, 0.00105824065395, 0.00190828123596, 0.0021718502976, 0.00165645941161, 0.000830883800518, 0.000913895491976, 0.000644792162348, 0.000898859056178, 0.00065905979136, 0.000544459267985, 0.000321303523378, 0.00024600623874, 0.000228251286899, 0.00022085175442, 0.000153813933139, 0.000143289988046, 0.000189442667761, 0.000328823400196, 0.00064306287095, 0.000281563785393, 1.30445323521e-05],
        "dvar": [7.84595783898e-07, 0.000158123919391, 9.62276244536e-05, 2.68170351774e-05, 2.50138709816e-05, 9.52656864683e-06, 2.42239025283e-06, 4.4501703087e-06, 7.09037067281e-06, 4.16552757088e-06, 1.91030926544e-06, 1.07572088837e-06, 5.46952094282e-07, 1.45789022099e-06, 6.08562288562e-07, 4.81677545849e-07, 1.67682657093e-07, 6.97658890658e-08, 5.97711320438e-08, 5.83719703684e-08, 3.0553891861e-08, 3.27457208016e-08, 6.72861730777e-08, 5.43076623671e-07, 3.54294502358e-06, 1.81910934316e-07, 5.69394142946e-10],
        "dvar2": [2.05958735933e-06, 0.000345583772287, 0.000246507261181, 7.36306901672e-05, 6.94133414072e-05, 2.35515472014e-05, 6.46624948786e-06, 1.15042512334e-05, 1.76032699528e-05, 1.03567754195e-05, 4.82857103634e-06, 2.63680817625e-06, 1.29101556468e-06, 3.54456528839e-06, 1.56324858835e-06, 1.20275672089e-06, 3.91936794131e-07, 1.88678384916e-07, 1.52781922225e-07, 1.4625398137e-07, 7.63762102451e-08, 8.19153314069e-08, 1.64538747072e-07, 1.145907504e-06, 8.2309697973e-06, 4.20743845098e-07, 1.53367540889e-09],
        "max": [0.0170625820756, 0.124821744859, 0.128822356462, 0.0603294670582, 0.079657793045, 0.0613191574812, 0.0380791276693, 0.0378959700465, 0.0521816127002, 0.0356384553015, 0.0406629107893, 0.0195246376097, 0.0197348110378, 0.0318846218288, 0.0198830813169, 0.0181119963527, 0.0100479573011, 0.0037052705884, 0.00548646831885, 0.0044950558804, 0.0023896638304, 0.00335440179333, 0.00418093195185, 0.0193668883294, 0.0910931155086, 0.0113542946056, 0.000491960556246],
        "mean": [0.000556435843464, 0.0123148905113, 0.00419325195253, 0.00244153547101, 0.00310891587287, 0.00289563764818, 0.000851785764098, 0.00147159420885, 0.00218597589992, 0.00168461748399, 0.000823929498438, 0.000878626538906, 0.000603198946919, 0.000866337039042, 0.00058736425126, 0.000503691204358, 0.000316457590088, 0.000202231676667, 0.000233720173128, 0.00022377242567, 0.000142301709275, 0.000134283094667, 0.000190482227481, 0.000376829644665, 0.000734479224775, 0.000265193491941, 7.15969190423e-06],
        "median": [0.000196427950868, 0.00631466088817, 0.00144254625775, 0.000851605203934, 0.00141267594881, 0.00104001734871, 0.000330790353473, 0.000550270138774, 0.000672379217576, 0.000555071048439, 0.000184141739737, 0.000261440378381, 0.000240211564233, 0.00026932291803, 0.000226945878239, 0.000179256705451, 0.000134342117235, 0.000100317301985, 0.000112135778181, 0.000110579625471, 6.19194179308e-05, 4.77528956253e-05, 7.80573027441e-05, 0.000123977151816, 0.00014761777129, 7.18664159649e-05, 1.2440629007e-06],
        "min": [4.04739326363e-24, 1.27831856799e-23, 6.50073371836e-24, 1.56196447163e-23, 7.56463255591e-24, 3.12348118582e-23, 2.36170913299e-23, 1.93350123414e-23, 2.41496655265e-23, 6.62983317208e-23, 2.78393304856e-23, 7.67704981029e-23, 7.60882596377e-23, 5.37151609345e-23, 1.16999608546e-22, 1.70662609998e-22, 1.20849943961e-22, 1.73048579759e-22, 2.47667589116e-22, 2.7768168921e-22, 3.93213435871e-22, 4.88191001439e-22, 4.63841478002e-22, 8.27478435944e-22, 1.12332773064e-21, 1.59378478552e-21, 2.41420053085e-21],
        "var": [8.97945028555e-07, 0.000295355013805, 8.36185645312e-05, 2.17042816075e-05, 2.82364890154e-05, 2.23400857067e-05, 3.13531290885e-06, 6.32589762972e-06, 1.48283697854e-05, 8.42235749587e-06, 3.91866979044e-06, 2.57342662735e-06, 1.12462907964e-06, 3.2030593502e-06, 1.25052315525e-06, 9.89214640867e-07, 3.41279474014e-07, 8.16051297647e-08, 1.19215215477e-07, 9.44867295516e-08, 4.17193000146e-08, 4.53925501631e-08, 9.58237365012e-08, 9.15272948987e-07, 6.54525865684e-06, 3.05211756313e-07, 4.22870294337e-10]
    },
    "erbbands": {
        "dmean": [0.232659235597, 1.6865940094, 3.86529922485, 6.24766302109, 6.71499967575, 7.62736034393, 12.5430221558, 14.1766805649, 10.1466226578, 10.0612535477, 28.7639160156, 31.5458240509, 27.3094863892, 27.7144298553, 20.2068691254, 21.6274299622, 17.5816249847, 21.8905982971, 26.6441440582, 18.4692287445, 15.9871826172, 10.2610006332, 6.98695087433, 7.9332485199, 6.64276361465, 6.55215072632, 4.55520057678, 3.40706849098, 3.29095625877, 3.04093790054, 3.62106108665, 3.79505205154, 4.23599338531, 5.17539596558, 2.93470859528, 0.973086595535, 0.3190561831, 0.0486758723855, 0.00117004814092, 5.2252155001e-05],
        "dmean2": [0.350565671921, 2.66175460815, 6.29862785339, 10.5281066895, 11.7402153015, 12.97178936, 20.6776275635, 22.7288894653, 16.8674640656, 16.739944458, 47.5061149597, 50.1756515503, 43.4776039124, 44.501953125, 31.9582271576, 35.5786399841, 28.4532680511, 34.9618301392, 43.294467926, 30.1093845367, 25.8088207245, 16.5422477722, 11.725063324, 13.3592119217, 10.9578113556, 10.6418867111, 7.34645795822, 5.56122779846, 5.38505268097, 4.84912729263, 5.78700971603, 5.97175121307, 6.38417100906, 7.76873970032, 4.49795818329, 1.48039007187, 0.486703634262, 0.0753286480904, 0.00181477586739, 7.92656937847e-05],
        "dvar": [0.166906863451, 8.54475593567, 70.5828933716, 217.576583862, 315.871551514, 244.899749756, 550.545288086, 819.236633301, 543.352539062, 481.634368896, 2744.01245117, 4537.92578125, 3140.91479492, 2862.87744141, 2417.27636719, 1604.98791504, 976.436096191, 1848.66479492, 3373.94140625, 1156.3503418, 1207.57983398, 434.053070068, 141.869781494, 204.973571777, 139.23248291, 147.626831055, 63.8199806213, 48.5962028503, 46.41173172, 45.2021217346, 59.826839447, 122.133033752, 267.904632568, 535.408630371, 188.384735107, 6.80468845367, 0.631179094315, 0.0135910892859, 7.70048609411e-06, 1.01198480706e-08],
        "dvar2": [0.358000606298, 19.5407733917, 174.0806427, 557.315612793, 881.567993164, 666.805664062, 1406.65515137, 1970.22692871, 1364.91577148, 1271.9855957, 7126.6171875, 11323.5253906, 7375.82666016, 7177.95117188, 6086.44189453, 4007.29077148, 2350.4765625, 4407.36865234, 8413.65234375, 2821.00097656, 3045.62109375, 1046.13220215, 367.084411621, 541.155944824, 351.093597412, 365.923339844, 155.344360352, 125.768882751, 118.032470703, 111.110466003, 144.781295776, 260.000854492, 587.078918457, 1203.11669922, 465.944000244, 15.3503370285, 1.52687335014, 0.0338960513473, 1.89268466784e-05, 2.37633397404e-08],
        "max": [3.63467955589, 30.2743415833, 109.642547607, 167.483184814, 227.876312256, 286.281677246, 438.667785645, 694.981628418, 538.470275879, 487.485717773, 1024.93981934, 1633.40307617, 1392.50695801, 880.998168945, 1885.49279785, 790.178100586, 886.489990234, 928.679260254, 1586.52624512, 1015.00695801, 910.530456543, 501.530731201, 221.940551758, 222.368377686, 254.573898315, 264.939544678, 119.444038391, 112.125297546, 117.572364807, 113.799957275, 115.677192688, 436.694458008, 467.626586914, 814.050720215, 816.321899414, 104.046562195, 30.8500843048, 1.95703446865, 0.0456063114107, 0.00205662334338],
        "mean": [0.376180529594, 2.6584405899, 4.92152261734, 7.36849021912, 7.58690690994, 10.7656803131, 20.6355819702, 22.7419376373, 14.4582996368, 14.7083320618, 40.0574798584, 50.38879776, 48.4048461914, 46.3203735352, 36.1563110352, 34.7948570251, 28.3828048706, 34.5683021545, 45.1948890686, 28.2793655396, 25.1231880188, 17.4248809814, 11.21687603, 12.4884996414, 11.2959423065, 10.7828941345, 7.2529759407, 4.92219591141, 4.83085680008, 4.68201828003, 5.77819824219, 6.43578338623, 7.32280874252, 8.7349729538, 4.74990606308, 1.54786884785, 0.410865843296, 0.0560074932873, 0.00141518446617, 0.000103770653368],
        "median": [0.142914488912, 1.31642866135, 2.24253368378, 2.92938613892, 3.34069347382, 4.89917421341, 6.25075244904, 8.48400974274, 6.38014030457, 7.07584476471, 16.3133392334, 15.8661365509, 16.2707576752, 17.3371543884, 11.0802078247, 12.1760349274, 12.1443319321, 13.1917963028, 14.7149562836, 12.746843338, 9.82849025726, 7.74909591675, 6.05963516235, 6.12569379807, 5.5774307251, 5.45841121674, 3.36710715294, 1.95091974735, 1.72987961769, 1.76997637749, 2.38428664207, 2.32709479332, 2.18236804008, 1.79171276093, 0.903141021729, 0.393897712231, 0.105807967484, 0.014791877009, 0.000390788947698, 6.72876922181e-05],
        "min": [7.05504636561e-22, 1.55775981776e-21, 4.71930207813e-21, 4.89847052972e-20, 1.6785019743e-20, 2.16423228507e-20, 8.23769138761e-20, 1.99098560656e-19, 2.95854432668e-19, 3.73254472217e-19, 6.75688325327e-19, 4.48461707661e-19, 9.46383335881e-19, 8.72200227584e-19, 2.08252293826e-18, 3.60699426652e-18, 3.07425066096e-18, 4.01641558251e-18, 3.63297104648e-18, 7.15995213235e-18, 9.3082874213e-18, 7.72708370393e-18, 9.47232478139e-18, 1.03064958973e-17, 1.64091126835e-17, 1.53043550728e-17, 1.55901989139e-17, 1.57201920016e-17, 2.13370511089e-17, 1.2465510088e-17, 1.33639332851e-17, 1.62024879295e-17, 1.46737605502e-17, 1.00412091487e-17, 8.67328485328e-18, 5.34017505066e-18, 3.29232773047e-18, 1.19654674136e-18, 3.58159821905e-19, 3.50865685103e-20],
        "var": [0.321541160345, 14.4189929962, 75.8777236938, 197.611709595, 243.98677063, 337.372070312, 1352.91552734, 1570.1730957, 833.803710938, 642.893188477, 4111.45556641, 8829.93945312, 7223.68896484, 5774.27587891, 5163.12939453, 3721.41162109, 2093.36401367, 3677.27124023, 9254.91894531, 2166.76245117, 2265.27661133, 947.645935059, 217.066497803, 323.096435547, 256.551544189, 231.529785156, 102.373771667, 57.1296806335, 59.0496368408, 63.3450050354, 87.3189086914, 206.266052246, 425.148803711, 981.36328125, 299.464202881, 14.1475429535, 0.751404821873, 0.0133958980441, 8.08794811746e-06, 1.67056857237e-08]
    },
    "gfcc": {
        "mean": [32.0555763245, 62.7098464966, -99.8078994751, 16.2293319702, -56.6408615112, 26.7307453156, -43.2565536499, 22.2619152069, -27.9829998016, 9.65588378906, -19.2197303772, 0.995332717896, -10.4543733597],
        "cov": [[5692.4921875, 251.657974243, 1161.52856445, 437.85144043, 354.940643311, 269.365234375, 69.4496231079, 134.599899292, -86.478767395, 152.141159058, 4.81979846954, 75.1591262817, 17.5392150879], [251.657974243, 924.403137207, 396.15133667, 265.423461914, 253.198776245, 0.418680101633, 58.0442352295, 0.639467418194, 35.6267166138, -21.6185340881, 115.771499634, -11.2892551422, 61.6531524658], [1161.52856445, 396.15133667, 1494.33691406, 621.649291992, 377.698303223, 188.632049561, -31.5059947968, 47.3141021729, 2.07935214043, 85.1963653564, 77.8702545166, 52.3002510071, 26.6429977417], [437.85144043, 265.423461914, 621.649291992, 515.173278809, 227.342086792, 97.5226364136, 17.3354644775, 32.439289093, 43.592086792, 20.1103172302, 55.7216148376, 12.5678310394, 14.711935997], [354.940643311, 253.198776245, 377.698303223, 227.342086792, 294.940124512, 99.7550811768, 43.8266334534, 30.9144477844, 13.1628541946, 21.9181480408, 40.0153961182, 7.43496847153, 8.94424915314], [269.365234375, 0.418680101633, 188.632049561, 97.5226364136, 99.7550811768, 214.937911987, 74.3818435669, 27.260471344, 13.5464143753, 27.6312580109, 20.2257461548, -8.10581588745, 3.8137152195], [69.4496231079, 58.0442352295, -31.5059947968, 17.3354644775, 43.8266334534, 74.3818435669, 156.755386353, 38.2302970886, 32.6257667542, 16.2585391998, 0.63710796833, 3.82533359528, -1.38517940044], [134.599899292, 0.639467418194, 47.3141021729, 32.439289093, 30.9144477844, 27.260471344, 38.2302970886, 138.831680298, 49.4483146667, 6.8415760994, 17.2601661682, 0.964636445045, 25.217956543], [-86.478767395, 35.6267166138, 2.07935214043, 43.592086792, 13.1628541946, 13.5464143753, 32.6257667542, 49.4483146667, 93.5915222168, 34.2193984985, 22.5704975128, 10.0427389145, 7.5848402977], [152.141159058, -21.6185340881, 85.1963653564, 20.1103172302, 21.9181480408, 27.6312580109, 16.2585391998, 6.8415760994, 34.2193984985, 96.3240203857, 37.4975318909, 20.2477302551, 6.18141794205], [4.81979846954, 115.771499634, 77.8702545166, 55.7216148376, 40.0153961182, 20.2257461548, 0.63710796833, 17.2601661682, 22.5704975128, 37.4975318909, 99.1585006714, 28.6418590546, 31.1328258514], [75.1591262817, -11.2892551422, 52.3002510071, 12.5678310394, 7.43496847153, -8.10581588745, 3.82533359528, 0.964636445045, 10.0427389145, 20.2477302551, 28.6418590546, 73.8106307983, 24.3095092773], [17.5392150879, 61.6531524658, 26.6429977417, 14.711935997, 8.94424915314, 3.8137152195, -1.38517940044, 25.217956543, 7.5848402977, 6.18141794205, 31.1328258514, 24.3095092773, 72.5035018921]],
        "icov": [[0.000260483851889, -0.000196453169337, -3.77636715712e-05, -0.000124629077618, 7.74068394094e-05, -0.000281199638266, 0.000135342896101, -0.000582767941523, 0.000828760152217, -0.000755833869334, 0.000611703784671, -0.000506803917233, 0.000238732012804], [-0.000196453169337, 0.00297336559743, -0.000866766378749, 0.00051260786131, -0.00194064737298, 0.00245423405431, -0.00243934243917, 0.00271624675952, -0.00267369952053, 0.00359810492955, -0.00423074141145, 0.00360093452036, -0.00256515853107], [-3.77636715712e-05, -0.000866766378749, 0.00221782643348, -0.0020409359131, -0.000268945033895, -0.0014323143987, 0.00198918092065, -0.00147214683238, 0.00215761223808, -0.00252649188042, 0.00186273804866, -0.00215753191151, 0.000917115132324], [-0.000124629077618, 0.00051260786131, -0.0020409359131, 0.00525953760371, -0.00175847462378, 0.000591758813243, -0.000896293669939, 0.00173264427576, -0.00392352323979, 0.00323379435576, -0.00229459535331, 0.0017661791062, -0.000629086920526], [7.74068394094e-05, -0.00194064737298, -0.000268945033895, -0.00175847462378, 0.00753178587183, -0.0024869798217, 0.00016750470968, -0.00207125465386, 0.00239246780984, -0.00196671346202, 0.00141776353121, -0.00187766342424, 0.00195060123224], [-0.000281199638266, 0.00245423405431, -0.0014323143987, 0.000591758813243, -0.0024869798217, 0.00918505527079, -0.00535251991823, 0.00239862687886, -0.00193658366334, 0.00227548810653, -0.00445199385285, 0.00529825640842, -0.0025817186106], [0.000135342896101, -0.00243934243917, 0.00198918092065, -0.000896293669939, 0.00016750470968, -0.00535251991823, 0.0115752089769, -0.00399369932711, 0.000721533258911, -0.00395278725773, 0.00523875001818, -0.00496858917177, 0.00304147065617], [-0.000582767941523, 0.00271624675952, -0.00147214683238, 0.00173264427576, -0.00207125465386, 0.00239862687886, -0.00399369932711, 0.0136908572167, -0.0095288939774, 0.00647994689643, -0.00501468032598, 0.00569840800017, -0.00600116886199], [0.000828760152217, -0.00267369952053, 0.00215761223808, -0.00392352323979, 0.00239246780984, -0.00193658366334, 0.000721533258911, -0.0095288939774, 0.0222928673029, -0.0110828699544, 0.00412845890969, -0.00534037454054, 0.00384174985811], [-0.000755833869334, 0.00359810492955, -0.00252649188042, 0.00323379435576, -0.00196671346202, 0.00227548810653, -0.00395278725773, 0.00647994689643, -0.0110828699544, 0.0214393846691, -0.0107457395643, 0.00360758625902, -0.0020748085808], [0.000611703784671, -0.00423074141145, 0.00186273804866, -0.00229459535331, 0.00141776353121, -0.00445199385285, 0.00523875001818, -0.00501468032598, 0.00412845890969, -0.0107457395643, 0.0219486076385, -0.00889672990888, -0.000823183101602], [-0.000506803917233, 0.00360093452036, -0.00215753191151, 0.0017661791062, -0.00187766342424, 0.00529825640842, -0.00496858917177, 0.00569840800017, -0.00534037454054, 0.00360758625902, -0.00889672990888, 0.0226738397032, -0.00815989356488], [0.000238732012804, -0.00256515853107, 0.000917115132324, -0.000629086920526, 0.00195060123224, -0.0025817186106, 0.00304147065617, -0.00600116886199, 0.00384174985811, -0.0020748085808, -0.000823183101602, -0.00815989356488, 0.0206115562469]]
    },
    "melbands": {
        "dmean": [0.00209027086385, 0.00188740855083, 0.00101837748662, 0.000511937600095, 0.00039888950414, 0.000312697549816, 0.000145094920299, 0.000139524228871, 0.000240047709667, 0.000194643551367, 0.000143328055856, 0.000123170611914, 7.18719093129e-05, 6.38310302747e-05, 5.35774015589e-05, 3.31159353664e-05, 4.5552609663e-05, 5.04465970153e-05, 2.39439777943e-05, 2.67217274086e-05, 1.83775700862e-05, 1.20170307127e-05, 7.42022211853e-06, 7.1874983405e-06, 6.78614605931e-06, 5.5133814385e-06, 5.16408363183e-06, 4.32184742749e-06, 3.10126574732e-06, 2.33245509662e-06, 2.00186218535e-06, 1.9304648049e-06, 1.76433843535e-06, 1.80195604571e-06, 2.0552395199e-06, 2.39894166043e-06, 2.42280793827e-06, 2.92645813715e-06, 3.67991333405e-06, 5.04733861817e-06],
        "dmean2": [0.00315107125789, 0.003094780026, 0.0016809242079, 0.000878555350937, 0.00065843295306, 0.000502387410961, 0.000241842019022, 0.000233183716773, 0.00039561765152, 0.000309653085424, 0.000228627497563, 0.000198341484065, 0.00011308799003, 0.000104137136077, 8.76184349181e-05, 5.31232180947e-05, 7.28774102754e-05, 8.20378045319e-05, 3.93640075345e-05, 4.34265602962e-05, 2.97034530377e-05, 1.94088443095e-05, 1.23498248286e-05, 1.22807114167e-05, 1.14565555123e-05, 9.15139298741e-06, 8.54582503962e-06, 7.04863850842e-06, 5.0390681281e-06, 3.80980350201e-06, 3.31570481649e-06, 3.1867261896e-06, 2.86269209937e-06, 2.89032095679e-06, 3.29651197717e-06, 3.90400055039e-06, 3.82146208722e-06, 4.51422965853e-06, 5.65295295019e-06, 7.72400744609e-06],
        "dvar": [1.30072894535e-05, 1.10292603495e-05, 5.24617371411e-06, 1.537549565e-06, 5.14150485742e-07, 3.59527859928e-07, 1.14791504302e-07, 7.18797039667e-08, 1.81273819067e-07, 1.6865192265e-07, 8.63171223386e-08, 5.77202925456e-08, 3.50464759435e-08, 1.33991324702e-08, 1.21619132543e-08, 3.49169315683e-09, 8.44117753473e-09, 1.36198154976e-08, 1.78204884183e-09, 2.81757706055e-09, 1.81410864108e-09, 7.58473617246e-10, 1.42798772806e-10, 1.83080245408e-10, 1.50145076927e-10, 1.1055771576e-10, 8.37967681355e-11, 6.89464041415e-11, 3.04016742336e-11, 1.85708635969e-11, 1.78821384783e-11, 1.58208099399e-11, 1.33367344946e-11, 1.74633571492e-11, 1.79288476426e-11, 3.2905404096e-11, 5.6947460636e-11, 1.34181069034e-10, 2.30475444285e-10, 5.8831350902e-10],
        "dvar2": [2.78493971564e-05, 2.71657881967e-05, 1.28809033413e-05, 4.29218198406e-06, 1.31557999339e-06, 8.65893127866e-07, 2.9448600003e-07, 1.84693149663e-07, 4.64653709287e-07, 4.19418967113e-07, 2.04481352739e-07, 1.4542033e-07, 8.89925431125e-08, 3.32018750271e-08, 3.12463868113e-08, 7.77616282477e-09, 2.02390442183e-08, 3.36294050385e-08, 4.52214354851e-09, 6.90652246504e-09, 4.50066206525e-09, 1.81271164745e-09, 3.62723878711e-10, 4.89866702758e-10, 3.9344991154e-10, 2.86549867168e-10, 2.14508313889e-10, 1.71808983707e-10, 7.43121467139e-11, 4.62629309861e-11, 4.69438411754e-11, 4.04374866925e-11, 3.3630286056e-11, 4.36986211105e-11, 4.32072953804e-11, 7.99750682345e-11, 1.21090026894e-10, 3.05051595095e-10, 5.07979824871e-10, 1.40145872685e-09],
        "max": [0.0327906273305, 0.0410852469504, 0.0258631911129, 0.0214267019182, 0.0142199555412, 0.0138907516375, 0.00818454474211, 0.00513089774176, 0.00747488252819, 0.0102304350585, 0.0069059766829, 0.0041257343255, 0.00642683636397, 0.00230688694865, 0.00264343991876, 0.00156108825468, 0.00165333307814, 0.00351069681346, 0.000827537791338, 0.00159660482313, 0.00111025886144, 0.00070284033427, 0.000301944033708, 0.000227999014896, 0.00021146229119, 0.000290402153041, 0.000153709144797, 0.000171480438439, 9.8920907476e-05, 5.33632883162e-05, 6.17724726908e-05, 6.68731154292e-05, 7.02885736246e-05, 7.04548947397e-05, 9.14597840165e-05, 0.000151217915118, 0.000317769008689, 0.00034147023689, 0.000670375942718, 0.000752190360799],
        "mean": [0.00343528087251, 0.00297004636377, 0.00126894400455, 0.000650992733426, 0.000676757947076, 0.000515362422448, 0.000204242576729, 0.000192939056433, 0.000346099841408, 0.000307200360112, 0.000246436044108, 0.000199901172891, 0.000120642333059, 9.99439216685e-05, 8.39161002659e-05, 5.09390301886e-05, 6.68548600515e-05, 8.32646255731e-05, 3.47832865373e-05, 3.90328859794e-05, 2.68829808192e-05, 1.91354865819e-05, 1.1428794096e-05, 1.00109700725e-05, 1.01465129774e-05, 8.60334967001e-06, 8.06071875559e-06, 6.79543973092e-06, 4.79606114823e-06, 3.30538728122e-06, 2.71104977401e-06, 2.76332571048e-06, 2.50067159868e-06, 2.6458631055e-06, 3.16911405207e-06, 3.64769948646e-06, 4.01255374527e-06, 4.79565187561e-06, 5.91525395066e-06, 8.09994253359e-06],
        "median": [0.0016641500406, 0.00158555456437, 0.000564936548471, 0.000285326823359, 0.000240099368966, 0.00019615299243, 8.7029489805e-05, 8.64382527652e-05, 0.000132568166009, 9.01347666513e-05, 7.82489369158e-05, 7.01884055161e-05, 3.16420409945e-05, 2.94651454169e-05, 2.91470678349e-05, 2.13072398765e-05, 2.30811947404e-05, 2.2959029593e-05, 1.54337158165e-05, 1.39846788443e-05, 9.60474062595e-06, 7.66081939219e-06, 6.12178337178e-06, 4.78685751659e-06, 4.69299493489e-06, 4.08079995395e-06, 3.80145456802e-06, 3.37461278832e-06, 2.18619425141e-06, 1.34001209062e-06, 1.00539989489e-06, 9.32591603942e-07, 9.16934652651e-07, 9.68690983427e-07, 1.30036312385e-06, 1.41487157634e-06, 1.34778986194e-06, 1.4012811107e-06, 1.59886781148e-06, 1.44203045238e-06],
        "min": [4.90438256321e-24, 2.30311155887e-24, 8.65699191719e-24, 7.26584231755e-25, 2.32930765738e-24, 5.18388071509e-24, 4.58947007871e-24, 3.76135545484e-24, 5.83467597354e-24, 2.72011704123e-24, 4.79618319031e-24, 3.29909282514e-24, 4.64150137186e-24, 9.54739263155e-24, 5.3805208618e-24, 8.70970439174e-24, 6.39595011318e-24, 4.70958204013e-24, 1.00973761995e-23, 1.11644651905e-23, 9.30380500579e-24, 7.46467362402e-24, 8.72239953029e-24, 9.0247912145e-24, 7.65725981454e-24, 9.41770232101e-24, 1.26480332965e-23, 9.38492751698e-24, 9.77229924221e-24, 9.23586988236e-24, 7.02906305444e-24, 1.42584052709e-23, 5.81864986982e-24, 7.50807675103e-24, 7.33698544246e-24, 8.32283990407e-24, 1.0020168805e-23, 1.00325712761e-23, 9.66579986456e-24, 7.36994010678e-24],
        "var": [2.43356898864e-05, 1.70775347215e-05, 5.20434650753e-06, 1.44669229485e-06, 1.28915360165e-06, 7.45524516788e-07, 1.66881093833e-07, 1.01904028327e-07, 2.97455557074e-07, 3.27919252641e-07, 1.94616106342e-07, 1.12978035816e-07, 7.23984499018e-08, 3.31128262587e-08, 2.46477629418e-08, 8.1907884919e-09, 1.60241366842e-08, 3.68464192491e-08, 3.15638004622e-09, 5.79749181995e-09, 2.92170909688e-09, 1.50533674415e-09, 2.36553776567e-10, 2.2281587686e-10, 2.40595737777e-10, 1.83784959473e-10, 1.3319793879e-10, 1.02100251864e-10, 4.96139587747e-11, 2.43914038273e-11, 1.97728639018e-11, 2.01830132468e-11, 1.70956547529e-11, 2.25510322222e-11, 2.60998132828e-11, 4.52536341733e-11, 9.61425661306e-11, 1.92102930785e-10, 3.53161583311e-10, 1.00685815241e-09]
    },
    "mfcc": {
        "mean": [-619.092651367, 106.278236389, 10.666929245, 1.3689801693, 11.091884613, -0.53115516901, 6.11805343628, 2.39705514908, 3.93398189545, 8.12612342834, -0.879765868187, -1.53491449356, -0.574889957905],
        "cov": [[4055.94384766, 105.634674072, 593.380310059, 270.479217529, 263.446716309, 176.712234497, 264.951080322, 61.5606307983, 109.74786377, 76.3604202271, -5.25748634338, 7.30150985718, 106.852142334], [105.634674072, 715.552368164, 204.009933472, 215.636917114, 186.37322998, 45.9380989075, 100.516960144, 21.3418045044, -23.7998752594, 41.6961593628, -26.3176460266, 9.34218120575, 32.3361320496], [593.380310059, 204.009933472, 1024.6652832, 443.584106445, 432.691253662, 197.544525146, 146.523345947, 32.9895095825, 29.341550827, 29.6418857574, 22.5590877533, 41.7927436829, 65.64793396], [270.479217529, 215.636917114, 443.584106445, 459.801544189, 279.025421143, 102.791847229, 69.5460739136, 42.9218406677, 13.2404241562, 29.3152580261, 1.8875246048, 37.3874588013, 44.6237602234], [263.446716309, 186.37322998, 432.691253662, 279.025421143, 388.764831543, 105.425109863, 106.735046387, 34.5354423523, 8.79805469513, 36.1070899963, -3.00049877167, 24.2541446686, 45.9210624695], [176.712234497, 45.9380989075, 197.544525146, 102.791847229, 105.425109863, 225.18788147, 87.3881835938, 24.2492904663, 11.5533380508, 20.3290328979, 24.3429145813, 12.6568689346, 17.6787528992], [264.951080322, 100.516960144, 146.523345947, 69.5460739136, 106.735046387, 87.3881835938, 154.428344727, 50.3079109192, 25.5577392578, 40.8011283875, 3.90087890625, 3.06304311752, 22.7664756775], [61.5606307983, 21.3418045044, 32.9895095825, 42.9218406677, 34.5354423523, 24.2492904663, 50.3079109192, 110.381034851, 49.9107208252, 19.058298111, 11.3511514664, 12.0560522079, 11.1154460907], [109.74786377, -23.7998752594, 29.341550827, 13.2404241562, 8.79805469513, 11.5533380508, 25.5577392578, 49.9107208252, 99.4411468506, 32.549041748, 15.444811821, 6.17369604111, 9.24251842499], [76.3604202271, 41.6961593628, 29.6418857574, 29.3152580261, 36.1070899963, 20.3290328979, 40.8011283875, 19.058298111, 32.549041748, 97.6513519287, 25.0342941284, 8.78886890411, 16.7630844116], [-5.25748634338, -26.3176460266, 22.5590877533, 1.8875246048, -3.00049877167, 24.3429145813, 3.90087890625, 11.3511514664, 15.444811821, 25.0342941284, 71.5653610229, 26.2406730652, 5.40466547012], [7.30150985718, 9.34218120575, 41.7927436829, 37.3874588013, 24.2541446686, 12.6568689346, 3.06304311752, 12.0560522079, 6.17369604111, 8.78886890411, 26.2406730652, 66.0024719238, 29.6500091553], [106.852142334, 32.3361320496, 65.64793396, 44.6237602234, 45.9210624695, 17.6787528992, 22.7664756775, 11.1154460907, 9.24251842499, 16.7630844116, 5.40466547012, 29.6500091553, 68.107925415]],
