{
"lowlevel": {
    "average_loudness": 0.943475246429,
    "barkbands_crest": {
        "dmean": 3.29268550873,
        "dmean2": 5.39805412292,
        "dvar": 8.35117721558,
        "dvar2": 21.5044116974,
        "max": 26.8619556427,
        "mean": 10.9367675781,
        "median": 10.129450798,
        "min": 2.18623614311,
        "var": 22.408618927
    },
    "barkbands_flatness_db": {
        "dmean": 0.025164688006,
        "dmean2": 0.038830280304,
        "dvar": 0.000551796518266,
        "dvar2": 0.00122513400856,
        "max": 0.481311023235,
        "mean": 0.119336828589,
        "median": 0.113053530455,
        "min": 0.0163744073361,
        "var": 0.00257177767344
    },
    "barkbands_kurtosis": {
        "dmean": 4.02688646317,
        "dmean2": 6.21047925949,
        "dvar": 129.140472412,
        "dvar2": 296.177764893,
        "max": 511.571166992,
        "mean": 5.88047456741,
        "median": 1.99271059036,
        "min": -1.95101714134,
        "var": 239.900009155
    },
    "barkbands_skewness": {
        "dmean": 0.674293637276,
        "dmean2": 1.01568603516,
        "dvar": 0.608272910118,
        "dvar2": 1.24381184578,
        "max": 21.8594894409,
        "mean": 1.68155658245,
        "median": 1.44782173634,
        "min": -21.5035552979,
        "var": 2.49362635612
    },
    "barkbands_spread": {
        "dmean": 8.3977766037,
        "dmean2": 12.8873405457,
        "dvar": 113.506874084,
        "dvar2": 240.347366333,
        "max": 128.35987854,
        "mean": 26.0643005371,
        "median": 21.468000412,
        "min": 0.592866003513,
        "var": 341.177581787
    },
    "dissonance": {
        "dmean": 0.019109422341,
        "dmean2": 0.0323942415416,
        "dvar": 0.000407073763199,
        "dvar2": 0.00107072957326,
        "max": 0.500000178814,
        "mean": 0.468259781599,
        "median": 0.476570904255,
        "min": 0.137449502945,
        "var": 0.000819935346954
    },
    "dynamic_complexity": 3.25895261765,
    "erbbands_crest": {
        "dmean": 3.10046124458,
        "dmean2": 5.02536153793,
        "dvar": 8.54602909088,
        "dvar2": 20.5192070007,
        "max": 31.1909751892,
        "mean": 9.5084438324,
        "median": 8.11742019653,
        "min": 2.20095944405,
        "var": 27.1207084656
    },
    "erbbands_flatness_db": {
        "dmean": 0.019160201773,
        "dmean2": 0.0277850870043,
        "dvar": 0.000329755624989,
        "dvar2": 0.000650747329928,
        "max": 0.365803271532,
        "mean": 0.138336285949,
        "median": 0.129733532667,
        "min": 0.0441055558622,
        "var": 0.00269507942721
    },
    "erbbands_kurtosis": {
        "dmean": 1.47050893307,
        "dmean2": 2.2965297699,
        "dvar": 13.7417821884,
        "dvar2": 33.6089248657,
        "max": 200.081375122,
        "mean": 1.29249870777,
        "median": 0.135465621948,
        "min": -1.79758393764,
        "var": 24.1258201599
    },
    "erbbands_skewness": {
        "dmean": 0.44867131114,
        "dmean2": 0.682431995869,
        "dvar": 0.225957453251,
        "dvar2": 0.46727797389,
        "max": 7.34271907806,
        "mean": 0.50202023983,
        "median": 0.444724619389,
        "min": -11.567530632,
        "var": 0.983594238758
    },
    "erbbands_spread": {
        "dmean": 10.7665195465,
        "dmean2": 15.8295478821,
        "dvar": 152.575393677,
        "dvar2": 332.771209717,
        "max": 171.768173218,
        "mean": 41.9012947083,
        "median": 38.0091514587,
        "min": 1.82761311531,
        "var": 545.262573242
    },
    "hfc": {
        "dmean": 13.9187812805,
        "dmean2": 18.4267578125,
        "dvar": 884.28326416,
        "dvar2": 1706.42871094,
        "max": 983.098388672,
        "mean": 30.4183807373,
        "median": 18.1788845062,
        "min": 1.17025674946e-16,
        "var": 1991.31030273
    },
    "melbands_crest": {
        "dmean": 4.29211425781,
        "dmean2": 6.89674806595,
        "dvar": 13.7129306793,
        "dvar2": 33.8193054199,
        "max": 39.9182777405,
        "mean": 16.0958881378,
        "median": 15.1235895157,
        "min": 2.46207666397,
        "var": 46.7522735596
    },
    "melbands_flatness_db": {
        "dmean": 0.0310740955174,
        "dmean2": 0.0470949225128,
        "dvar": 0.000839759130031,
        "dvar2": 0.00184175837785,
        "max": 0.452151089907,
        "mean": 0.185594245791,
        "median": 0.178229779005,
        "min": 0.0104883816093,
        "var": 0.00437452178448
    },
    "melbands_kurtosis": {
        "dmean": 10.808470726,
        "dmean2": 16.8436603546,
        "dvar": 536.652832031,
        "dvar2": 1178.57653809,
        "max": 744.661499023,
        "mean": 18.9790763855,
        "median": 8.7919921875,
        "min": -1.95272767544,
        "var": 1299.8392334
    },
    "melbands_skewness": {
        "dmean": 0.957390546799,
        "dmean2": 1.47576034069,
        "dvar": 1.21124649048,
        "dvar2": 2.61086535454,
        "max": 26.524515152,
        "mean": 2.92616629601,
        "median": 2.49333977699,
        "min": -3.12028694153,
        "var": 4.92980384827
    },
    "melbands_spread": {
        "dmean": 9.72138309479,
        "dmean2": 15.1599473953,
        "dvar": 273.527191162,
        "dvar2": 551.545471191,
        "max": 290.224517822,
        "mean": 25.8144016266,
        "median": 19.9866847992,
        "min": 0.45793941617,
        "var": 669.119384766
    },
    "pitch_salience": {
        "dmean": 0.0835919454694,
        "dmean2": 0.134984984994,
        "dvar": 0.00566951092333,
        "dvar2": 0.0146874058992,
        "max": 0.934923708439,
        "mean": 0.54091578722,
        "median": 0.542032539845,
        "min": 0.00680833403021,
        "var": 0.0205546319485
    },
    "silence_rate_20dB": {
        "dmean": 0,
        "dmean2": 0,
        "dvar": 0,
        "dvar2": 0,
        "max": 1,
        "mean": 1,
        "median": 1,
        "min": 1,
        "var": 0
    },
    "silence_rate_30dB": {
        "dmean": 0.0127432812005,
        "dmean2": 0.0254895146936,
        "dvar": 0.0125800771639,
        "dvar2": 0.0331815257668,
        "max": 1,
        "mean": 0.990154087543,
        "median": 1,
        "min": 0,
        "var": 0.0097495066002
    },
    "silence_rate_60dB": {
        "dmean": 0.0252548661083,
        "dmean2": 0.0505155846477,
        "dvar": 0.0246197395027,
        "dvar2": 0.0553835704923,
        "max": 1,
        "mean": 0.0919726639986,
        "median": 0,
        "min": 0,
        "var": 0.0835246220231
    },
    "spectral_centroid": {
        "dmean": 314.520629883,
        "dmean2": 482.817687988,
        "dvar": 168344.609375,
        "dvar2": 314901.40625,
        "max": 11069.4697266,
        "mean": 1447.48840332,
        "median": 1367.6262207,
        "min": 237.329788208,
        "var": 599629.8125
    },
    "spectral_complexity": {
        "dmean": 4.94740486145,
        "dmean2": 7.16695642471,
        "dvar": 31.456445694,
        "dvar2": 58.3583145142,
        "max": 55,
        "mean": 18.3927955627,
        "median": 17,
        "min": 0,
        "var": 122.116355896
    },
    "spectral_decrease": {
        "dmean": 3.01996672114e-09,
        "dmean2": 4.61088944803e-09,
        "dvar": 1.75067763932e-17,
        "dvar2": 3.85353768148e-17,
        "max": 9.84872072785e-10,
        "mean": -7.64186491864e-09,
        "median": -5.91389959226e-09,
        "min": -5.17976204151e-08,
        "var": 4.55839747203e-17
    },
    "spectral_energy": {
        "dmean": 0.0120574263856,
        "dmean2": 0.0182055942714,
        "dvar": 0.000267201539828,
        "dvar2": 0.000575032725465,
        "max": 0.198704063892,
        "mean": 0.0316011756659,
        "median": 0.0249814763665,
        "min": 1.05657015566e-20,
        "var": 0.000724623503629
    },
    "spectral_energyband_high": {
        "dmean": 0.00113356939983,
        "dmean2": 0.00148888805415,
        "dvar": 7.98240944277e-06,
        "dvar2": 1.5097350115e-05,
        "max": 0.0852959007025,
        "mean": 0.00185762695037,
        "median": 0.000528347387444,
        "min": 7.47400011825e-21,
        "var": 1.73047901626e-05
    },
    "spectral_energyband_low": {
        "dmean": 0.00672567728907,
        "dmean2": 0.0106003712863,
        "dvar": 0.000153964705532,
        "dvar2": 0.000349423382431,
        "max": 0.18566352129,
        "mean": 0.0125998836011,
        "median": 0.0057753152214,
        "min": 1.24351855292e-22,
        "var": 0.00035424620728
    },
    "spectral_energyband_middle_high": {
        "dmean": 0.00226540723816,
        "dmean2": 0.00352197908796,
        "dvar": 1.19722963063e-05,
        "dvar2": 2.76554419543e-05,
        "max": 0.0754747465253,
        "mean": 0.00548468902707,
        "median": 0.00305210310034,
        "min": 1.56984986213e-21,
        "var": 4.2768966523e-05
    },
    "spectral_energyband_middle_low": {
        "dmean": 0.0064274254255,
        "dmean2": 0.0101699270308,
        "dvar": 0.000125769132865,
        "dvar2": 0.000302564032609,
        "max": 0.151281043887,
        "mean": 0.0122539279982,
        "median": 0.00863349065185,
        "min": 2.94606655756e-22,
        "var": 0.000196560780751
    },
    "spectral_entropy": {
        "dmean": 0.184234559536,
        "dmean2": 0.264022439718,
        "dvar": 0.0341780856252,
        "dvar2": 0.0626645609736,
        "max": 9.80016803741,
        "mean": 7.79665851593,
        "median": 7.83962631226,
        "min": 5.42738008499,
        "var": 0.198012173176
    },
    "spectral_flux": {
        "dmean": 0.0295209866017,
        "dmean2": 0.0462701171637,
        "dvar": 0.001174520934,
        "dvar2": 0.00263084215112,
        "max": 0.374538749456,
        "mean": 0.0990182384849,
        "median": 0.0916006043553,
        "min": 1.02789596279e-10,
        "var": 0.00314022717066
    },
    "spectral_kurtosis": {
        "dmean": 1.05381965637,
        "dmean2": 1.57232129574,
        "dvar": 1.07157921791,
        "dvar2": 2.50127506256,
        "max": 23.4995594025,
        "mean": 3.67703723907,
        "median": 3.5328669548,
        "min": -1.49423670769,
        "var": 4.97426509857
    },
    "spectral_rms": {
        "dmean": 0.000984790967777,
        "dmean2": 0.00145342666656,
        "dvar": 1.21523521557e-06,
        "dvar2": 2.4337598461e-06,
        "max": 0.0139232762158,
        "mean": 0.00501858815551,
        "median": 0.00493681803346,
        "min": 3.21060756106e-12,
        "var": 5.64433639738e-06
    },
    "spectral_rolloff": {
        "dmean": 775.64855957,
        "dmean2": 1289.26696777,
        "dvar": 2298297,
        "dvar2": 4600913.5,
        "max": 19035.3515625,
        "mean": 1867.52905273,
        "median": 1227.39257812,
        "min": 21.533203125,
        "var": 5346171
    },
    "spectral_skewness": {
        "dmean": 0.18986146152,
        "dmean2": 0.270955383778,
        "dvar": 0.0338139757514,
        "dvar2": 0.0635534822941,
        "max": 3.9207777977,
        "mean": 1.59996986389,
        "median": 1.61286270618,
        "min": -1.04327237606,
        "var": 0.17918458581
    },
    "spectral_spread": {
        "dmean": 825454.375,
        "dmean2": 1152344.75,
        "dvar": 1.09015806771e+12,
        "dvar2": 2.01987024486e+12,
        "max": 40278600,
        "mean": 6143143.5,
        "median": 5688384,
        "min": 2096585.25,
        "var": 5.3667079127e+12
    },
    "spectral_strongpeak": {
        "dmean": 0.614539861679,
        "dmean2": 1.04109311104,
        "dvar": 1.51986956596,
        "dvar2": 3.79729509354,
        "max": 37.6084823608,
        "mean": 0.937906980515,
        "median": 0.477941423655,
        "min": 0,
        "var": 2.12960290909
    },
    "zerocrossingrate": {
        "dmean": 0.0169807840139,
        "dmean2": 0.0188842806965,
        "dvar": 0.000518256681971,
        "dvar2": 0.000524442468304,
        "max": 0.5380859375,
        "mean": 0.07857940346,
        "median": 0.06640625,
        "min": 0,
        "var": 0.00329297734424
    },
    "barkbands": {
        "dmean": [0.000927279121242, 0.00561453867704, 0.0017131412169, 0.000892067328095, 0.00375812547281, 0.00155987369362, 0.00072059687227, 0.000809218268842, 0.00103483023122, 0.00076580804307, 0.000542649941053, 0.00044963991968, 0.000334136711899, 0.000413040543208, 0.000312620250043, 0.000305971363559, 0.00026821703068, 0.000233718325035, 0.000165242090588, 0.000131198874442, 0.000112207351776, 0.000100856253994, 0.000135815993417, 0.000263704947429, 0.000432941305917, 0.000135366251925, 1.44511514009e-05],
        "dmean2": [0.0014502746053, 0.00873580481857, 0.00305439252406, 0.00153457559645, 0.00594258168712, 0.00254264264368, 0.00119135610294, 0.00135516887531, 0.00167692941613, 0.00124315987341, 0.000868428323884, 0.000727750710212, 0.000535091094207, 0.000661159690935, 0.000500203634147, 0.000492760620546, 0.000448210106697, 0.000388030224713, 0.000264829257503, 0.000202298615477, 0.000162725293194, 0.00013991430751, 0.000182008283446, 0.000357932993211, 0.000600376515649, 0.000187986355741, 2.16019543586e-05],
        "dvar": [4.10598659073e-06, 0.000121449353173, 1.77320307557e-05, 3.06588731291e-06, 0.000101566518424, 8.65233596414e-06, 3.46078945768e-06, 4.91263654112e-06, 5.67503730053e-06, 3.66121730622e-06, 2.38719826484e-06, 1.80053973509e-06, 6.44511658265e-07, 8.13103895325e-07, 4.64619631657e-07, 4.50623872439e-07, 3.65249832157e-07, 2.37002225845e-07, 8.79151613731e-08, 5.42586775509e-08, 3.65121870516e-08, 3.44179298395e-08, 7.50454205445e-08, 4.29296477478e-07, 3.97811481889e-06, 1.51852376007e-07, 2.0399235634e-09],
        "dvar2": [9.19324247661e-06, 0.000278224732028, 5.14171042596e-05, 8.77684942679e-06, 0.000247030693572, 2.1852169084e-05, 8.96115852811e-06, 1.32457771542e-05, 1.40472147905e-05, 9.12242103368e-06, 5.71463306187e-06, 4.9925915846e-06, 1.48340154738e-06, 1.95124812308e-06, 1.03958427644e-06, 1.03304921595e-06, 9.22344611354e-07, 6.22237564585e-07, 2.20425164343e-07, 1.1836024072e-07, 7.47928794453e-08, 6.66547990136e-08, 1.37554749813e-07, 8.76466003774e-07, 8.50750893733e-06, 2.96022875546e-07, 4.96944929651e-09],
        "max": [0.0335271134973, 0.178746178746, 0.0563466027379, 0.0243787709624, 0.144712641835, 0.0414555333555, 0.0512466095388, 0.0542144551873, 0.0415214113891, 0.0446917265654, 0.0371040441096, 0.0678773596883, 0.0275125149637, 0.0263518430293, 0.0192167330533, 0.021813031286, 0.0191698335111, 0.00931335706264, 0.00558988936245, 0.00595515221357, 0.00433567771688, 0.00259301904589, 0.00607150746509, 0.0199297312647, 0.0814080834389, 0.0159768275917, 0.000892830546945],
        "mean": [0.00132641964592, 0.00897233188152, 0.00191291072406, 0.00111128971912, 0.00457123247907, 0.00250406377017, 0.00098839669954, 0.00109321938362, 0.00154391978867, 0.0010649288306, 0.00086385733448, 0.000669837114401, 0.000519344059285, 0.000638246710878, 0.000464573182398, 0.000448575476184, 0.000381872698199, 0.000332773750415, 0.000242211099248, 0.000225590600166, 0.00016489616246, 0.000144287696457, 0.000208989033126, 0.000394973176299, 0.000611705705523, 0.000184667980648, 1.6060354028e-05],
        "median": [0.000173078311491, 0.00313200009987, 0.00056870514527, 0.000319256505463, 0.000975339557044, 0.00069619261194, 0.000273964455118, 0.000273606798146, 0.000485191325424, 0.000307737354888, 0.000181610623258, 0.000187881072634, 0.000181353330845, 0.000244989816565, 0.00020019216754, 0.000174522821908, 0.000137693976285, 0.00012556638103, 0.000109299959149, 9.56419753493e-05, 6.35237229289e-05, 4.41390584456e-05, 5.92235046497e-05, 8.81755840965e-05, 8.86670168256e-05, 3.2832249417e-05, 2.29728948398e-06],
        "min": [3.64799890377e-23, 5.97685576659e-23, 3.36207942412e-23, 3.35832799608e-24, 1.98923835917e-23, 3.78270920957e-23, 9.67022142994e-24, 5.299515812e-23, 1.4973703319e-22, 1.3591881546e-22, 1.05687267435e-22, 6.77556165591e-23, 8.13206667369e-23, 5.78879826876e-23, 1.30291700229e-22, 9.62081380927e-23, 2.95230297633e-22, 2.81701774871e-22, 1.89890242593e-22, 3.76447503684e-22, 4.52057032038e-22, 5.8116672833e-22, 5.28327638451e-22, 7.96391156852e-22, 1.09958576894e-21, 1.54398269653e-21, 2.45858070942e-21],
        "var": [7.03378054823e-06, 0.000236372259678, 1.50268397192e-05, 4.01153829444e-06, 0.00011209234799, 1.81047744263e-05, 5.4457909755e-06, 7.55418295739e-06, 1.02502090158e-05, 6.01825649937e-06, 6.11606401435e-06, 3.26106487591e-06, 1.32281070364e-06, 1.67634902937e-06, 8.27734538689e-07, 9.33368312417e-07, 6.63448076921e-07, 3.59468344868e-07, 1.40316487318e-07, 1.24725659134e-07, 6.57793961523e-08, 6.11059078892e-08, 1.53153763449e-07, 8.0509187228e-07, 6.6865172812e-06, 2.82028196352e-07, 2.10612549623e-09]
    },
    "erbbands": {
        "dmean": [0.236292243004, 1.10101544857, 1.98042571545, 2.38103485107, 7.38643074036, 15.1964530945, 12.4555740356, 11.8975353241, 9.38275527954, 13.9941511154, 17.1386451721, 23.5858192444, 26.8934822083, 19.1843986511, 20.1182594299, 16.2824954987, 16.052520752, 21.0862941742, 15.4742622375, 15.0234804153, 17.4826984406, 13.3228883743, 12.0941419601, 10.2739305496, 6.8129992485, 6.59809589386, 4.9358716011, 4.15174341202, 3.5068218708, 3.99890995026, 3.79901647568, 4.31752824783, 5.42265892029, 5.20307683945, 2.99396348, 0.854030430317, 0.20286655426, 0.0361636765301, 0.00272020697594, 9.03592735995e-05],
        "dmean2": [0.361489117146, 1.76723444462, 3.49602603912, 4.10272979736, 11.7802085876, 24.8257713318, 20.1121234894, 19.4018917084, 15.249956131, 23.7063655853, 28.0827274323, 38.1847267151, 43.8963394165, 30.4392375946, 31.7818470001, 26.5201530457, 25.4450054169, 32.9870185852, 24.6568069458, 23.961107254, 28.6100978851, 22.2116508484, 19.9394664764, 16.6154327393, 10.8904294968, 10.1388607025, 7.29295730591, 6.00455951691, 4.93643522263, 5.43567276001, 5.0844836235, 5.87130880356, 7.55268096924, 7.33736562729, 4.1950545311, 1.20413434505, 0.285430252552, 0.0498481579125, 0.00398205360398, 0.000128479674459],
        "dvar": [0.238837614655, 5.56436920166, 24.8316707611, 22.0278358459, 398.736724854, 1766.12036133, 668.978637695, 594.699462891, 569.252441406, 1449.85168457, 2010.79052734, 3327.78320312, 4581.97167969, 2927.85424805, 3625.2434082, 1423.71606445, 1605.24060059, 2164.97192383, 1074.4798584, 1006.18804932, 1441.44055176, 875.378967285, 671.698730469, 365.816955566, 151.18182373, 145.641693115, 68.2528839111, 55.220916748, 40.8561897278, 63.9662017822, 59.8742523193, 100.795257568, 227.378479004, 429.188323975, 301.457397461, 12.7378864288, 0.295575171709, 0.00818413868546, 7.36870424589e-05, 5.52792052133e-08],
        "dvar2": [0.549609839916, 12.4358892441, 70.9961166382, 63.3837623596, 990.001403809, 4399.79589844, 1646.07299805, 1533.76098633, 1450.65258789, 3872.37109375, 5451.64453125, 8425.66894531, 11632.6640625, 6892.15673828, 9281.24316406, 3666.61938477, 3770.07397461, 5069.22851562, 2465.71069336, 2350.90454102, 3482.82470703, 2271.80834961, 1724.55078125, 933.186157227, 385.069091797, 323.105529785, 139.279724121, 115.430664062, 80.463104248, 121.52999115, 109.38193512, 198.072784424, 500.92364502, 943.582702637, 620.299316406, 27.4723396301, 0.591954827309, 0.0174756236374, 0.000177019988769, 1.26139852341e-07],
        "max": [6.67096090317, 34.0896034241, 59.3120727539, 63.1976776123, 282.38269043, 574.307800293, 432.965637207, 433.237579346, 481.483764648, 742.618164062, 1515.37536621, 1234.09240723, 1565.25524902, 1147.17980957, 2021.01696777, 1166.29638672, 1397.90686035, 1552.40185547, 837.064697266, 880.758728027, 1258.3137207, 1127.08996582, 666.064025879, 405.057098389, 315.411743164, 298.774017334, 192.752624512, 153.662811279, 90.5515289307, 105.261734009, 179.001113892, 253.61541748, 431.527801514, 750.242004395, 866.131958008, 171.564224243, 22.5149307251, 1.48505878448, 0.179770097136, 0.00582651328295],
        "mean": [0.361012727022, 1.59732532501, 2.34023404121, 3.21481609344, 8.13219451904, 17.645029068, 20.1071681976, 18.6639881134, 14.2828140259, 19.7504844666, 24.2280006409, 34.8557777405, 40.3085250854, 30.6092281342, 35.4338989258, 26.4847011566, 26.3323135376, 33.6776390076, 25.2550888062, 23.9506473541, 26.2346630096, 20.3186092377, 18.4772186279, 15.1371326447, 10.6289415359, 11.2176103592, 8.08140182495, 5.72747945786, 4.99504518509, 5.66782855988, 5.97031354904, 6.84550762177, 7.5700917244, 7.2487244606, 4.03892803192, 1.17889130116, 0.269965291023, 0.0445442795753, 0.00310444249772, 0.000131176100695],
        "median": [0.113907672465, 0.467940747738, 0.815707445145, 1.25184988976, 1.70712852478, 3.30548977852, 4.72683763504, 5.4340634346, 4.13686180115, 5.89692974091, 7.69296264648, 11.1629943848, 12.3676958084, 8.85410690308, 8.67833042145, 8.98030185699, 10.3531332016, 13.3588914871, 11.9310016632, 11.0996265411, 9.83026981354, 7.96221780777, 7.11922073364, 7.02370166779, 5.13160848618, 4.67635202408, 3.35235071182, 2.00947666168, 1.53832352161, 1.60264766216, 1.7053463459, 1.74732983112, 1.51429986954, 1.09053421021, 0.541083991528, 0.191498160362, 0.051310941577, 0.0068136099726, 0.000496664899401, 5.02452603541e-05],
        "min": [3.79210087001e-21, 6.25715321759e-21, 2.74209436021e-20, 3.24003931751e-20, 1.34703648568e-20, 4.79985121366e-20, 3.71399907434e-19, 2.08849727608e-19, 1.57546318732e-19, 3.65387338357e-19, 1.71283110709e-18, 2.89740151395e-18, 4.07726836504e-18, 4.07250215035e-18, 4.48191312659e-18, 3.04122195948e-18, 3.73208175952e-18, 2.84097145935e-18, 6.49336615418e-18, 6.01701930919e-18, 5.81400726658e-18, 1.71111259801e-17, 1.63005750066e-17, 1.046414246e-17, 1.07391088761e-17, 1.93368473241e-17, 1.88125868693e-17, 1.71221175561e-17, 1.68171095944e-17, 2.48710909405e-17, 1.08168415198e-17, 1.44578796452e-17, 1.43619448921e-17, 1.19299511732e-17, 8.90172235996e-18, 5.8378995514e-18, 2.78848043884e-18, 1.35445407273e-18, 3.03518958977e-19, 3.78755985848e-20],
        "var": [0.448608219624, 8.50039577484, 20.4463024139, 26.4437961578, 398.903289795, 1881.11828613, 1434.4765625, 1208.12280273, 1050.73474121, 2215.65185547, 2958.58447266, 5702.20654297, 8246.01855469, 5562.39892578, 9537.64160156, 3101.61865234, 3230.578125, 4709.43652344, 2105.10668945, 2153.68945312, 3059.76586914, 1493.34790039, 1206.06201172, 513.271179199, 254.544387817, 332.022338867, 143.951263428, 91.3856887817, 71.4327545166, 112.011276245, 124.062568665, 202.252838135, 376.9503479, 734.008483887, 436.189208984, 19.8098831177, 0.524711668491, 0.0118141407147, 7.83321884228e-05, 7.10041518914e-08]
    },
    "gfcc": {
        "mean": [13.0677642822, 58.2591705322, -106.060142517, 19.1921005249, -56.128578186, 21.0122795105, -42.7960929871, 19.348657608, -25.9717922211, 7.10858345032, -15.3078336716, 0.810086965561, -8.3899269104],
        "cov": [[6317.34228516, -249.641860962, 1067.84814453, 470.617675781, 204.978134155, 357.057281494, -43.7344703674, 5.61639308929, -41.3294029236, 72.0670852661, 10.4965457916, 126.132598877, 5.33367824554], [-249.641860962, 1259.74279785, 184.495788574, 166.056655884, 203.227157593, -18.8366165161, 88.0467147827, -31.7934436798, 42.8001785278, -11.2204341888, 111.034729004, -20.539024353, 86.2702178955], [1067.84814453, 184.495788574, 1520.97546387, 607.671508789, 221.660186768, 162.162612915, -84.9795379639, 14.6143045425, -3.17417383194, 72.6945495605, 89.7037811279, 66.1406555176, 89.764213562], [470.617675781, 166.056655884, 607.671508789, 581.980651855, 234.756866455, 79.0918426514, -10.3964738846, 7.54962730408, 40.4181289673, 39.2956542969, 44.8801956177, 24.3069992065, 28.7179889679], [204.978134155, 203.227157593, 221.660186768, 234.756866455, 312.108001709, 130.537078857, 90.3581695557, 32.9584732056, 28.3444786072, 28.0717029572, 18.4300956726, -3.92272901535, 3.06393647194], [357.057281494, -18.8366165161, 162.162612915, 79.0918426514, 130.537078857, 315.315032959, 133.574752808, 43.4097900391, -1.35813629627, 32.5189704895, -1.78800296783, -27.7351913452, -11.890537262], [-43.7344703674, 88.0467147827, -84.9795379639, -10.3964738846, 90.3581695557, 133.574752808, 231.916519165, 58.0687026978, 24.835559845, 21.3622837067, 9.09218788147, -22.145526886, -17.3913936615], [5.61639308929, -31.7934436798, 14.6143045425, 7.54962730408, 32.9584732056, 43.4097900391, 58.0687026978, 149.507659912, 64.9410629272, 31.7260150909, 16.8924331665, 4.53992557526, -5.2529964447], [-41.3294029236, 42.8001785278, -3.17417383194, 40.4181289673, 28.3444786072, -1.35813629627, 24.835559845, 64.9410629272, 117.707580566, 41.7749023438, 19.9069499969, 12.3851575851, -1.30022609234], [72.0670852661, -11.2204341888, 72.6945495605, 39.2956542969, 28.0717029572, 32.5189704895, 21.3622837067, 31.7260150909, 41.7749023438, 105.908485413, 63.3303756714, 14.259305954, 8.14198875427], [10.4965457916, 111.034729004, 89.7037811279, 44.8801956177, 18.4300956726, -1.78800296783, 9.09218788147, 16.8924331665, 19.9069499969, 63.3303756714, 131.561706543, 39.287940979, 32.1937484741], [126.132598877, -20.539024353, 66.1406555176, 24.3069992065, -3.92272901535, -27.7351913452, -22.145526886, 4.53992557526, 12.3851575851, 14.259305954, 39.287940979, 83.2946624756, 36.7692222595], [5.33367824554, 86.2702178955, 89.764213562, 28.7179889679, 3.06393647194, -11.890537262, -17.3913936615, -5.2529964447, -1.30022609234, 8.14198875427, 32.1937484741, 36.7692222595, 90.4668807983]],
        "icov": [[0.000201104034204, 8.80939205672e-06, -9.50910907704e-05, -4.38053575635e-05, 1.55601192091e-05, -0.000231251891819, 8.77814018168e-05, 1.44350906339e-05, 0.0001040582938, -0.000100432531326, 0.000153603134095, -0.000429025560152, 0.000205037969863], [8.80939205672e-06, 0.00133898016065, -0.000168426588061, 0.000161747870152, -0.000928578781895, 0.000590747687966, -0.000643123348709, 0.000815884093754, -0.00104232062586, 0.00144831114449, -0.00169464934152, 0.00163722166326, -0.0013364746701], [-9.50910907704e-05, -0.000168426588061, 0.00145254400559, -0.0013404362835, 0.000225886469707, -0.000690526154358, 0.000841712695546, -0.000526708259713, 0.000798567780294, -0.00051283481298, -2.9793851354e-05, -0.0003815064847, -0.00059341971064], [-4.38053575635e-05, 0.000161747870152, -0.0013404362835, 0.00413191132247, -0.00246631749906, 0.000461513263872, 0.000285355752567, 0.000904077722225, -0.00162566383369, 0.000536593550351, -0.000567503040656, 0.000410389329772, 8.1758837041e-05], [1.55601192091e-05, -0.000928578781895, 0.000225886469707, -0.00246631749906, 0.00653771543875, -0.00164975447115, -0.00114443060011, -0.000693946843967, 0.0004897362669, -0.000971794244833, 0.00120570859872, -0.00106792442966, 0.000844290014356], [-0.000231251891819, 0.000590747687966, -0.000690526154358, 0.000461513263872, -0.00164975447115, 0.00601064693183, -0.00309740658849, -0.000293985562166, 0.000840103602968, -0.000860983913299, 0.000173532200279, 0.00226171943359, -0.000669123663101], [8.77814018168e-05, -0.000643123348709, 0.000841712695546, 0.000285355752567, -0.00114443060011, -0.00309740658849, 0.0077048544772, -0.00196865689941, 0.000126065235236, -0.000461236078991, -0.000256874278421, -0.000184367105248, 0.000890549039468], [1.44350906339e-05, 0.000815884093754, -0.000526708259713, 0.000904077722225, -0.000693946843967, -0.000293985562166, -0.00196865689941, 0.0103888260201, -0.00585969910026, 0.000693636015058, -0.00130574870855, 0.000595713674556, -0.000257722829701], [0.0001040582938, -0.00104232062586, 0.000798567780294, -0.00162566383369, 0.0004897362669, 0.000840103602968, 0.000126065235236, -0.00585969910026, 0.0145405745134, -0.005857008975, 0.00272574275732, -0.00301788025536, 0.00148204958532], [-0.000100432531326, 0.00144831114449, -0.00051283481298, 0.000536593550351, -0.000971794244833, -0.000860983913299, -0.000461236078991, 0.000693636015058, -0.005857008975, 0.0177867282182, -0.00932542141527, 0.00278431829065, -0.000663400278427], [0.000153603134095, -0.00169464934152, -2.9793851354e-05, -0.000567503040656, 0.00120570859872, 0.000173532200279, -0.000256874278421, -0.00130574870855, 0.00272574275732, -0.00932542141527, 0.0152667555958, -0.00619293004274, -0.000363891856978], [-0.000429025560152, 0.00163722166326, -0.0003815064847, 0.000410389329772, -0.00106792442966, 0.00226171943359, -0.000184367105248, 0.000595713674556, -0.00301788025536, 0.00278431829065, -0.00619293004274, 0.0199067089707, -0.0071361088194], [0.000205037969863, -0.0013364746701, -0.00059341971064, 8.1758837041e-05, 0.000844290014356, -0.000669123663101, 0.000890549039468, -0.000257722829701, 0.00148204958532, -0.000663400278427, -0.000363891856978, -0.0071361088194, 0.016029600054]]
    },
    "melbands": {
        "dmean": [0.00177423737478, 0.00109686271753, 0.000462336902274, 0.00091247796081, 0.000443874974735, 0.00026944061392, 0.000143251381814, 0.000159520976013, 0.00014027452562, 0.000154513749294, 0.000135144669912, 8.01707356004e-05, 7.23429184291e-05, 5.48729221919e-05, 3.63877079508e-05, 3.67040738638e-05, 4.12764420616e-05, 2.63180299953e-05, 2.35280695051e-05, 1.85456628969e-05, 2.31005342357e-05, 1.59629234986e-05, 1.14640870379e-05, 1.1789450582e-05, 8.56264796312e-06, 5.90901527175e-06, 4.29794044976e-06, 4.8359415814e-06, 3.44716272593e-06, 2.68912663159e-06, 2.41415204982e-06, 1.96299561139e-06, 2.21344362217e-06, 2.27596865443e-06, 2.15711429519e-06, 2.50458879236e-06, 2.85172063741e-06, 3.56794976142e-06, 4.54161317975e-06, 4.62522484668e-06],
        "dmean2": [0.00270408950746, 0.00181692256592, 0.000786173040979, 0.0014376178151, 0.000718325376511, 0.000438557384769, 0.000233757004025, 0.000269942072919, 0.00022955473105, 0.000250395591138, 0.000220658126636, 0.000127372681163, 0.000115150542115, 8.85914705577e-05, 5.91776552028e-05, 5.77585888095e-05, 6.49464782327e-05, 4.21886397817e-05, 3.78658551199e-05, 2.9636616091e-05, 3.82834732591e-05, 2.68491858151e-05, 1.90200971701e-05, 1.9511926439e-05, 1.38856194098e-05, 9.52424306888e-06, 6.92498269927e-06, 7.4653903539e-06, 5.19741570315e-06, 3.99814507546e-06, 3.56875102625e-06, 2.82585642708e-06, 3.19070045407e-06, 3.16200089401e-06, 2.95374411508e-06, 3.50892378265e-06, 4.02018304158e-06, 5.03463343193e-06, 6.57540522297e-06, 6.63209038976e-06],
        "dvar": [1.21953253256e-05, 6.24648419034e-06, 7.27863948669e-07, 7.42907150197e-06, 7.20479420124e-07, 2.77568773299e-07, 1.272007637e-07, 1.84718118135e-07, 1.15561341829e-07, 1.45423911135e-07, 1.17111156328e-07, 5.10844060386e-08, 4.29123119261e-08, 2.73906870518e-08, 6.46570708085e-09, 7.18533010868e-09, 8.8175919899e-09, 3.81775677738e-09, 3.52746298837e-09, 1.65769686866e-09, 2.94781510313e-09, 1.47919743121e-09, 5.3972232239e-10, 6.35083874378e-10, 2.59015781046e-10, 1.11524657564e-10, 6.50015874459e-11, 8.92153642629e-11, 3.66930826001e-11, 2.59625168586e-11, 1.90092646485e-11, 1.30383802713e-11, 1.9141490476e-11, 2.13438398899e-11, 2.07675994457e-11, 3.00640276563e-11, 5.08734686322e-11, 8.83669526441e-11, 3.69449609794e-10, 4.22485851859e-10],
        "dvar2": [2.81648153759e-05, 1.61651387316e-05, 2.01562170332e-06, 1.79943453986e-05, 1.82895155376e-06, 7.14169061666e-07, 3.24201920421e-07, 4.94049572808e-07, 3.10408012183e-07, 3.65063357322e-07, 2.96033476843e-07, 1.19902651363e-07, 1.05419331931e-07, 7.47970503312e-08, 1.59627937535e-08, 1.63608682158e-08, 2.09124983996e-08, 8.85594975131e-09, 8.13220868423e-09, 3.70458663745e-09, 7.07626623964e-09, 3.80543152545e-09, 1.32339117442e-09, 1.63327196212e-09, 6.51155407372e-10, 2.77285638894e-10, 1.6548319659e-10, 1.97389743439e-10, 7.97005239583e-11, 5.41077217753e-11, 4.14974964114e-11, 2.62712299831e-11, 3.93478409577e-11, 4.24894182338e-11, 4.02104356756e-11, 5.97527999302e-11, 1.05528780159e-10, 2.04983849339e-10, 8.71808902847e-10, 9.80381331672e-10],
        "max": [0.0558130405843, 0.0305409710854, 0.0103408219293, 0.0402052886784, 0.011903190054, 0.00891918409616, 0.00832348037511, 0.0096911387518, 0.0118053508922, 0.00812567584217, 0.00805837940425, 0.00448672613129, 0.00609477702528, 0.00847508758307, 0.00188818876632, 0.00339704030193, 0.00339540955611, 0.00182614999358, 0.00203218637034, 0.00149185804185, 0.00203015352599, 0.00161223544274, 0.000541059940588, 0.000577302300371, 0.000366745400243, 0.000293072662316, 0.000263564463239, 0.000286881317152, 0.00014398554049, 0.000130297834403, 7.76643501013e-05, 5.97991274844e-05, 6.41809674562e-05, 7.06412392901e-05, 0.000119003045256, 0.000158620634465, 0.000177681649802, 0.000247473479249, 0.000951301422901, 0.000878584745806],
        "mean": [0.00287325354293, 0.00154583295807, 0.000640404585283, 0.00101133959834, 0.00071051006671, 0.000431533844676, 0.000215662264964, 0.00022356271802, 0.000195080894628, 0.000227642434766, 0.000197596251382, 0.000119865842862, 0.000121247474453, 8.41114597279e-05, 5.59627223993e-05, 5.65541595279e-05, 6.29070782452e-05, 3.98320225941e-05, 3.43342107954e-05, 2.82034743577e-05, 3.26555091306e-05, 2.21152822633e-05, 1.68489950738e-05, 1.61668758665e-05, 1.19433916552e-05, 8.42954159452e-06, 6.64927119942e-06, 7.71598570282e-06, 5.5005671129e-06, 3.67488701158e-06, 3.16519253829e-06, 2.7288867841e-06, 2.95603285849e-06, 3.18590355164e-06, 3.25350401909e-06, 3.84699842471e-06, 4.29148076364e-06, 4.89022295369e-06, 6.04003025728e-06, 6.19216598352e-06],
        "median": [0.00105159531813, 0.000564666814171, 0.000253438978689, 0.000178542453796, 0.00017508106248, 0.000122239376651, 6.23067535344e-05, 6.22473307885e-05, 6.12678413745e-05, 6.78317737766e-05, 5.71234813833e-05, 3.19908904203e-05, 2.65643866442e-05, 2.20618694584e-05, 2.11688311538e-05, 2.03940380743e-05, 2.26253832807e-05, 1.70375860762e-05, 1.44212053783e-05, 1.19563337648e-05, 1.03677020888e-05, 7.92184255261e-06, 6.07146239417e-06, 5.83198880122e-06, 5.27971360498e-06, 3.69728559235e-06, 3.15084298563e-06, 2.84317616206e-06, 2.13260182136e-06, 1.24987025174e-06, 1.01352395632e-06, 8.05519277947e-07, 8.43322254696e-07, 8.57459724557e-07, 9.45033832522e-07, 9.95133177639e-07, 1.04809737422e-06, 1.01913690287e-06, 9.96296421363e-07, 8.77911588759e-07],
        "min": [2.61307240292e-23, 1.1966431442e-23, 5.18075130388e-24, 1.26515677878e-24, 1.0452941053e-23, 5.12832163597e-24, 2.39057572288e-24, 5.29063765583e-24, 1.61544229903e-23, 1.92103786293e-23, 2.09156466263e-23, 1.72677344972e-23, 1.4487285374e-23, 1.00980656639e-23, 6.09784825457e-24, 8.54443566551e-24, 4.34883318716e-24, 1.07046799785e-23, 7.75813303621e-24, 8.11422563769e-24, 6.06669653185e-24, 1.55433034911e-23, 2.36721569765e-23, 9.81747730625e-24, 8.072357634e-24, 7.530864576e-24, 8.17998587161e-24, 1.42898350671e-23, 1.04558125067e-23, 1.38058767904e-23, 7.92190450444e-24, 7.42685878767e-24, 1.56792210696e-23, 1.27143843872e-23, 5.07152641181e-24, 8.36897722297e-24, 8.71789276794e-24, 9.77248541339e-24, 9.81104808988e-24, 1.01055006779e-23],
        "var": [2.47541738645e-05, 7.21985998098e-06, 9.40125516991e-07, 7.67277015257e-06, 1.45307922139e-06, 5.83957671552e-07, 2.31208886703e-07, 2.94509050036e-07, 1.75185661533e-07, 2.51076556879e-07, 2.09554713138e-07, 9.23118435026e-08, 1.1691175672e-07, 5.42852482965e-08, 1.1919173204e-08, 1.40386182679e-08, 1.90402449363e-08, 6.68196298292e-09, 5.77930991952e-09, 4.14337542054e-09, 6.58630661121e-09, 2.35991137743e-09, 1.00491559518e-09, 9.79451852956e-10, 3.7175282297e-10, 1.85161136423e-10, 1.08433373391e-10, 2.00213581825e-10, 7.48875406131e-11, 4.08557562781e-11, 2.94016477831e-11, 2.22640742648e-11, 2.92710161665e-11, 3.6573438722e-11, 3.76699747784e-11, 6.20903953252e-11, 8.91796428371e-11, 1.40945796701e-10, 4.60646687461e-10, 6.36159069867e-10]
    },
    "mfcc": {
        "mean": [-636.414306641, 99.9828033447, 5.38613557816, 5.73216629028, 10.6233005524, -2.22519207001, 4.39796733856, 1.79138505459, 1.71969246864, 5.57891511917, -0.712946891785, -0.415769159794, -1.83014082909],
        "cov": [[5157.22753906, -327.718109131, 604.166687012, 145.538131714, 299.958862305, 298.65435791, 131.178939819, 96.8871765137, 34.461730957, -11.1695899963, 18.3528671265, 33.6112556458, 41.1734161377], [-327.718109131, 980.446228027, 41.3410491943, 129.414642334, 76.3287658691, 38.9597167969, 83.597442627, 14.1850805283, -5.48484992981, 31.1331996918, -15.1932325363, 3.94781398773, 28.0009899139], [604.166687012, 41.3410491943, 1178.76599121, 406.592712402, 391.47064209, 157.671890259, 99.4253463745, -11.4016437531, -8.47583866119, 12.536280632, 11.5353069305, -11.0234413147, 48.9713859558], [145.538131714, 129.414642334, 406.592712402, 516.38067627, 273.58984375, 87.7405395508, 27.5078258514, 9.65254878998, 9.32592391968, -1.1615344286, 0.575162291527, 49.3023452759, 43.0689735413], [299.958862305, 76.3287658691, 391.47064209, 273.58984375, 350.148956299, 118.338470459, 64.1708831787, 20.6854171753, 30.8978328705, 7.69163703918, 14.1248283386, 29.2977104187, 37.3714942932], [298.65435791, 38.9597167969, 157.671890259, 87.7405395508, 118.338470459, 261.988342285, 139.968612671, 46.1100883484, 47.7822341919, 34.5179100037, 29.3169174194, 4.50170660019, 6.78366804123], [131.178939819, 83.597442627, 99.4253463745, 27.5078258514, 64.1708831787, 139.968612671, 222.999633789, 58.8491134644, 34.6567077637, 55.3471183777, 29.6819648743, 9.65439987183, 24.0768375397], [96.8871765137, 14.1850805283, -11.4016437531, 9.65254878998, 20.6854171753, 46.1100883484, 58.8491134644, 129.010650635, 66.6441040039, 30.072851181, 30.6161117554, 13.3975057602, 7.56552314758], [34.461730957, -5.48484992981, -8.47583866119, 9.32592391968, 30.8978328705, 47.7822341919, 34.6567077637, 66.6441040039, 121.859420776, 46.9548797607, 26.1423244476, 14.3533973694, 1.60035204887], [-11.1695899963, 31.1331996918, 12.536280632, -1.1615344286, 7.69163703918, 34.5179100037, 55.3471183777, 30.072851181, 46.9548797607, 106.342758179, 45.1156082153, 24.1179161072, 22.5124359131], [18.3528671265, -15.1932325363, 11.5353069305, 0.575162291527, 14.1248283386, 29.3169174194, 29.6819648743, 30.6161117554, 26.1423244476, 45.1156082153, 94.312171936, 42.4333114624, 9.5895690918], [33.6112556458, 3.94781398773, -11.0234413147, 49.3023452759, 29.2977104187, 4.50170660019, 9.65439987183, 13.3975057602, 14.3533973694, 24.1179161072, 42.4333114624, 112.259056091, 43.9723892212], [41.1734161377, 28.0009899139, 48.9713859558, 43.0689735413, 37.3714942932, 6.78366804123, 24.0768375397, 7.56552314758, 1.60035204887, 22.5124359131, 9.5895690918, 43.9723892212, 87.5151901245]],
