{
"lowlevel": {
    "average_loudness": 0.94201952219,
    "barkbands_crest": {
        "dmean": 2.27956199646,
        "dmean2": 3.78195023537,
        "dvar": 4.07171630859,
        "dvar2": 11.364484787,
        "max": 26.8208942413,
        "mean": 8.2645368576,
        "median": 7.71251869202,
        "min": 2.23130893707,
        "var": 9.31964015961
    },
    "barkbands_flatness_db": {
        "dmean": 0.0148673094809,
        "dmean2": 0.0234605837613,
        "dvar": 0.000197083340026,
        "dvar2": 0.000464438140625,
        "max": 0.458638131618,
        "mean": 0.0943454280496,
        "median": 0.0912633240223,
        "min": 0.0164575465024,
        "var": 0.000863875902724
    },
    "barkbands_kurtosis": {
        "dmean": 1.31290507317,
        "dmean2": 2.13706660271,
        "dvar": 29.8430862427,
        "dvar2": 79.8793945312,
        "max": 389.702392578,
        "mean": 1.79022634029,
        "median": 0.720811605453,
        "min": -1.9116165638,
        "var": 30.2242050171
    },
    "barkbands_skewness": {
        "dmean": 0.348622381687,
        "dmean2": 0.55649125576,
        "dvar": 0.163119316101,
        "dvar2": 0.405343443155,
        "max": 19.6091461182,
        "mean": 1.05051398277,
        "median": 0.949638426304,
        "min": -2.23013806343,
        "var": 0.727161109447
    },
    "barkbands_spread": {
        "dmean": 5.05980110168,
        "dmean2": 7.78188323975,
        "dvar": 37.1281661987,
        "dvar2": 77.229347229,
        "max": 126.763763428,
        "mean": 26.0753498077,
        "median": 24.5289993286,
        "min": 1.43567371368,
        "var": 149.372390747
    },
    "dissonance": {
        "dmean": 0.0193539336324,
        "dmean2": 0.0330438166857,
        "dvar": 0.000320887105772,
        "dvar2": 0.00090573169291,
        "max": 0.500000059605,
        "mean": 0.464913398027,
        "median": 0.469673424959,
        "min": 0.323643058538,
        "var": 0.000593018485233
    },
    "dynamic_complexity": 2.07758378983,
    "erbbands_crest": {
        "dmean": 2.72642588615,
        "dmean2": 4.45986175537,
        "dvar": 5.84263181686,
        "dvar2": 14.8461885452,
        "max": 30.1503486633,
        "mean": 10.3646450043,
        "median": 9.13263130188,
        "min": 2.43583106995,
        "var": 24.093378067
    },
    "erbbands_flatness_db": {
        "dmean": 0.0147650539875,
        "dmean2": 0.0221134889871,
        "dvar": 0.000169990802533,
        "dvar2": 0.000354199524736,
        "max": 0.265211135149,
        "mean": 0.138642922044,
        "median": 0.136128351092,
        "min": 0.0297471415251,
        "var": 0.00168630119879
    },
    "erbbands_kurtosis": {
        "dmean": 0.858379900455,
        "dmean2": 1.40005707741,
        "dvar": 1.04462075233,
        "dvar2": 2.72892785072,
        "max": 16.25938797,
        "mean": 1.18247210979,
        "median": 0.581782102585,
        "min": -1.62357532978,
        "var": 3.99786829948
    },
    "erbbands_skewness": {
        "dmean": 0.285463273525,
        "dmean2": 0.455011159182,
        "dvar": 0.0596331059933,
        "dvar2": 0.147426500916,
        "max": 3.04808998108,
        "mean": 0.538249969482,
        "median": 0.523617327213,
        "min": -2.00632452965,
        "var": 0.269805014133
    },
    "erbbands_spread": {
        "dmean": 5.70965194702,
        "dmean2": 8.81272983551,
        "dvar": 40.0412559509,
        "dvar2": 83.6439743042,
        "max": 137.369064331,
        "mean": 32.4484519958,
        "median": 28.572309494,
        "min": 5.7720746994,
        "var": 296.507659912
    },
    "hfc": {
        "dmean": 7.26166629791,
        "dmean2": 10.7807950974,
        "dvar": 83.2264328003,
        "dvar2": 161.376663208,
        "max": 332.423706055,
        "mean": 35.0212516785,
        "median": 32.4208488464,
        "min": 1.1566324892e-16,
        "var": 486.287414551
    },
    "melbands_crest": {
        "dmean": 3.11251068115,
        "dmean2": 5.17651128769,
        "dvar": 8.26675891876,
        "dvar2": 22.341676712,
        "max": 39.9030914307,
        "mean": 11.9245796204,
        "median": 10.9095144272,
        "min": 1.81573069096,
        "var": 22.0734958649
    },
    "melbands_flatness_db": {
        "dmean": 0.0181223545223,
        "dmean2": 0.0290092695504,
        "dvar": 0.000291273288894,
        "dvar2": 0.000736336165573,
        "max": 0.429084479809,
        "mean": 0.159725055099,
        "median": 0.154410794377,
        "min": 0.00562861887738,
        "var": 0.00153865548782
    },
    "melbands_kurtosis": {
        "dmean": 3.23564743996,
        "dmean2": 5.30472040176,
        "dvar": 114.636993408,
        "dvar2": 310.945465088,
        "max": 691.06072998,
        "mean": 6.62136316299,
        "median": 3.43524456024,
        "min": -1.54874134064,
        "var": 147.700180054
    },
    "melbands_skewness": {
        "dmean": 0.49261161685,
        "dmean2": 0.790222585201,
        "dvar": 0.346019655466,
        "dvar2": 0.884189486504,
        "max": 25.4544734955,
        "mean": 1.800162673,
        "median": 1.61023962498,
        "min": -0.699161708355,
        "var": 1.54986691475
    },
    "melbands_spread": {
        "dmean": 5.37272167206,
        "dmean2": 8.59193515778,
        "dvar": 34.3188095093,
        "dvar2": 75.8653488159,
        "max": 232.328323364,
        "mean": 28.1695041656,
        "median": 27.9194316864,
        "min": 1.31618475914,
        "var": 161.794616699
    },
    "pitch_salience": {
        "dmean": 0.0578700192273,
        "dmean2": 0.0959290862083,
        "dvar": 0.00263394904323,
        "dvar2": 0.00715056015179,
        "max": 0.925326645374,
        "mean": 0.553335666656,
        "median": 0.540582120419,
        "min": 0.00733779976144,
        "var": 0.0106085678563
    },
    "silence_rate_20dB": {
        "dmean": 0,
        "dmean2": 0,
        "dvar": 0,
        "dvar2": 0,
        "max": 1,
        "mean": 1,
        "median": 1,
        "min": 1,
        "var": 0
    },
    "silence_rate_30dB": {
        "dmean": 0.000243486734689,
        "dmean2": 0.000487032753881,
        "dvar": 0.000243388509261,
        "dvar2": 0.000730156141799,
        "max": 1,
        "mean": 0.999878287315,
        "median": 1,
        "min": 0,
        "var": 0.000121703989862
    },
    "silence_rate_60dB": {
        "dmean": 0.00292184087448,
        "dmean2": 0.00584439281374,
        "dvar": 0.00291334395297,
        "dvar2": 0.00678447354585,
        "max": 1,
        "mean": 0.0129032256082,
        "median": 0,
        "min": 0,
        "var": 0.0127380238846
    },
    "spectral_centroid": {
        "dmean": 172.811813354,
        "dmean2": 273.538574219,
        "dvar": 35416.0195312,
        "dvar2": 71804.0859375,
        "max": 10873.2998047,
        "mean": 1403.28320312,
        "median": 1398.60559082,
        "min": 341.220855713,
        "var": 174709.625
    },
    "spectral_complexity": {
        "dmean": 3.09836864471,
        "dmean2": 4.98258876801,
        "dvar": 9.24055290222,
        "dvar2": 21.9152145386,
        "max": 52,
        "mean": 22.9924526215,
        "median": 23,
        "min": 0,
        "var": 47.5865478516
    },
    "spectral_decrease": {
        "dmean": 2.10402495426e-09,
        "dmean2": 3.36258021427e-09,
        "dvar": 5.34920744935e-18,
        "dvar2": 1.35419375899e-17,
        "max": -8.20029493403e-29,
        "mean": -8.55122195276e-09,
        "median": -8.45703951313e-09,
        "min": -3.23607878272e-08,
        "var": 1.62216123453e-17
    },
    "spectral_energy": {
        "dmean": 0.00836665090173,
        "dmean2": 0.0133268618956,
        "dvar": 8.14305458334e-05,
        "dvar2": 0.000204467098229,
        "max": 0.125343024731,
        "mean": 0.0354508012533,
        "median": 0.0350186415017,
        "min": 1.08004948347e-20,
        "var": 0.000269401149126
    },
    "spectral_energyband_high": {
        "dmean": 0.000400385673856,
        "dmean2": 0.000552211480681,
        "dvar": 6.28853172202e-07,
        "dvar2": 1.08530832676e-06,
        "max": 0.0323956348002,
        "mean": 0.00126493757125,
        "median": 0.000891915056854,
        "min": 8.25921666279e-21,
        "var": 2.44080547418e-06
    },
    "spectral_energyband_low": {
        "dmean": 0.00507567217574,
        "dmean2": 0.0082188192755,
        "dvar": 6.06565336057e-05,
        "dvar2": 0.000156088703079,
        "max": 0.106924191117,
        "mean": 0.0100137256086,
        "median": 0.00774438027292,
        "min": 1.31969550576e-22,
        "var": 9.37453951337e-05
    },
    "spectral_energyband_middle_high": {
        "dmean": 0.00338335288689,
        "dmean2": 0.00539819104597,
        "dvar": 1.89538823179e-05,
        "dvar2": 4.96631218994e-05,
        "max": 0.0786410942674,
        "mean": 0.012999615632,
        "median": 0.00913278758526,
        "min": 1.32554511764e-21,
        "var": 0.000124713275
    },
    "spectral_energyband_middle_low": {
        "dmean": 0.0037149596028,
        "dmean2": 0.0059629115276,
        "dvar": 1.59807514137e-05,
        "dvar2": 4.0951592382e-05,
        "max": 0.0555241964757,
        "mean": 0.0122787551954,
        "median": 0.0111112203449,
        "min": 3.45740872068e-22,
        "var": 5.11747857672e-05
    },
    "spectral_entropy": {
        "dmean": 0.114774532616,
        "dmean2": 0.166225120425,
        "dvar": 0.0124369608238,
        "dvar2": 0.0230501685292,
        "max": 9.80492210388,
        "mean": 7.76834869385,
        "median": 7.75338125229,
        "min": 6.53305339813,
        "var": 0.0713720470667
    },
    "spectral_flux": {
        "dmean": 0.0196676421911,
        "dmean2": 0.0311502721161,
        "dvar": 0.000405819446314,
        "dvar2": 0.000886284804437,
        "max": 0.286046922207,
        "mean": 0.0926324874163,
        "median": 0.089109390974,
        "min": 1.03925430761e-10,
        "var": 0.0010825926438
    },
    "spectral_kurtosis": {
        "dmean": 0.729937434196,
        "dmean2": 1.16893565655,
        "dvar": 0.458605915308,
        "dvar2": 1.11894404888,
        "max": 12.7508192062,
        "mean": 4.04801893234,
        "median": 4.07465600967,
        "min": -1.38199317455,
        "var": 2.47228956223
    },
    "spectral_rms": {
        "dmean": 0.000681091798469,
        "dmean2": 0.00107442378066,
        "dvar": 4.38159844407e-07,
        "dvar2": 1.08448716674e-06,
        "max": 0.0110582951456,
        "mean": 0.00569139746949,
        "median": 0.0058450428769,
        "min": 3.24608504139e-12,
        "var": 2.19423191083e-06
    },
    "spectral_rolloff": {
        "dmean": 388.507385254,
        "dmean2": 660.864562988,
        "dvar": 664559.8125,
        "dvar2": 1439678.75,
        "max": 18066.3574219,
        "mean": 1617.2869873,
        "median": 1550.390625,
        "min": 21.533203125,
        "var": 1445130.25
    },
    "spectral_skewness": {
        "dmean": 0.122462838888,
        "dmean2": 0.192713692784,
        "dvar": 0.0129511589184,
        "dvar2": 0.0286731012166,
        "max": 2.51963591576,
        "mean": 1.7253639698,
        "median": 1.75883436203,
        "min": 0.00831504352391,
        "var": 0.0765414088964
    },
    "spectral_spread": {
        "dmean": 490786.75,
        "dmean2": 705249.5,
        "dvar": 499189448704,
        "dvar2": 752274440192,
        "max": 41333160,
        "mean": 5785475.5,
        "median": 5447740,
        "min": 2448319.75,
        "var": 2.84115678003e+12
    },
    "spectral_strongpeak": {
        "dmean": 0.931529700756,
        "dmean2": 1.59308052063,
        "dvar": 1.60621190071,
        "dvar2": 3.99280810356,
        "max": 15.1964521408,
        "mean": 1.77889800072,
        "median": 0.879063308239,
        "min": 0,
        "var": 4.40336894989
    },
    "zerocrossingrate": {
        "dmean": 0.00985520891845,
        "dmean2": 0.0118308765814,
        "dvar": 0.000157765258336,
        "dvar2": 0.000178614747711,
        "max": 0.509765625,
        "mean": 0.077363781631,
        "median": 0.07275390625,
        "min": 0,
        "var": 0.000957997224759
    },
    "barkbands": {
        "dmean": [0.000702062214259, 0.00348029728048, 0.00156975921709, 0.000814561615698, 0.0012093934929, 0.00123769033235, 0.00100952305365, 0.000852793920785, 0.000634455529507, 0.00134668860119, 0.00130099570379, 0.00137695518788, 0.000560118001886, 0.000440565840108, 0.000814973725937, 0.000341012491845, 0.000265574868536, 0.000206563257962, 0.000156674475875, 0.0001039403287, 5.9616035287e-05, 4.92776816827e-05, 5.74306577619e-05, 9.23693951336e-05, 0.000114096314064, 7.24104756955e-05, 2.92120075756e-05],
        "dmean2": [0.00105252570938, 0.00572517514229, 0.00273467320949, 0.00140360975638, 0.00203397171572, 0.00194928457495, 0.00157434353605, 0.00127925362904, 0.00104912766255, 0.00215461011976, 0.00206980132498, 0.00219936971553, 0.000893085787538, 0.000733250810299, 0.00132914620917, 0.000548894167878, 0.000438167946413, 0.000334808981279, 0.000254823680734, 0.000168589409441, 9.74653812591e-05, 7.70169208408e-05, 8.6048275989e-05, 0.000137322422233, 0.000165805409779, 0.000101046985947, 4.54338915006e-05],
        "dvar": [2.20878700929e-06, 2.62303146883e-05, 1.17204217531e-05, 2.04605953513e-06, 2.87911780106e-06, 4.5871461225e-06, 3.99751525038e-06, 1.99874693863e-06, 2.0790803319e-06, 4.30612544733e-06, 7.82016104495e-06, 8.50573269418e-06, 1.92320658243e-06, 5.40442044894e-07, 1.7295235466e-06, 3.89184236838e-07, 1.75103920697e-07, 8.64492051278e-08, 5.92736810745e-08, 2.92134423319e-08, 1.1653769505e-08, 8.00080712793e-09, 1.1633857433e-08, 5.15324245498e-08, 1.18672097926e-07, 2.6046764745e-08, 7.16953696411e-09],
        "dvar2": [4.86263979838e-06, 7.08459701855e-05, 3.29474823957e-05, 5.58896817893e-06, 8.29547207104e-06, 1.08656504381e-05, 9.45595456869e-06, 4.39133691543e-06, 5.68096447751e-06, 1.11102417577e-05, 1.99164805963e-05, 2.11302231037e-05, 4.40893700215e-06, 1.41466102832e-06, 4.5689171202e-06, 9.86767190625e-07, 4.44188401616e-07, 2.18546247766e-07, 1.37794202715e-07, 6.90687684823e-08, 3.09955012767e-08, 2.00338750034e-08, 2.41401636458e-08, 1.05883565027e-07, 1.88914739851e-07, 4.92584000256e-08, 1.71036891317e-08],
        "max": [0.043554238975, 0.0711395069957, 0.0511244386435, 0.0226334035397, 0.032939914614, 0.0442780256271, 0.0481446869671, 0.0348174870014, 0.0454361438751, 0.0363260954618, 0.0566086396575, 0.0521709062159, 0.0472465828061, 0.0205853376538, 0.0274472106248, 0.0120195280761, 0.0115734012797, 0.0067211384885, 0.00654809130356, 0.00621266849339, 0.00374102266505, 0.00287852366455, 0.00491668377072, 0.00864730402827, 0.0192148331553, 0.00448397547007, 0.00207204953767],
        "mean": [0.00111800560262, 0.00612900359556, 0.00214253086597, 0.00122811959591, 0.00264183012769, 0.00267990585417, 0.00197655311786, 0.00166574819013, 0.0011061684927, 0.00250015687197, 0.00240942533128, 0.0029538415838, 0.00113325554412, 0.000770641257986, 0.00168632355053, 0.000619534403086, 0.00049191294238, 0.000465491553769, 0.000364296254702, 0.000243505754042, 0.000131816763314, 0.000118244424812, 0.000154152818141, 0.000246906856773, 0.000289504008833, 0.000151044718223, 3.28533242282e-05],
        "median": [0.000215808744542, 0.00446041347459, 0.00119021011051, 0.000747936719563, 0.00194401352201, 0.00145881669596, 0.000916263204999, 0.000839448184706, 0.000407265091781, 0.00137678079773, 0.000570926640648, 0.000713255081791, 0.000410733337048, 0.00040158914635, 0.000911773939151, 0.000278198102023, 0.000306677568005, 0.000321584288031, 0.000264897244051, 0.000181700699613, 9.21371247387e-05, 7.38783637644e-05, 0.000107408195618, 0.000158548515174, 0.000172658707015, 6.35969699943e-05, 4.73540876555e-06],
        "min": [8.31907467097e-23, 5.72399492312e-23, 1.57872855473e-23, 4.44846584618e-23, 5.78903050942e-23, 5.44071497206e-23, 6.05148074605e-23, 5.9259243822e-23, 5.8154257953e-23, 4.09163786856e-23, 2.63814492684e-23, 8.01221156537e-23, 9.01376641004e-23, 1.31049423217e-22, 2.10528800248e-22, 1.99405697402e-22, 7.35368815218e-23, 1.69919843813e-22, 1.80757681934e-22, 2.91823630213e-22, 3.92273265134e-22, 5.52342179993e-22, 7.04578046852e-22, 1.21756119212e-21, 1.46205778758e-21, 1.60850954958e-21, 2.35344233771e-21],
        "var": [4.77447747471e-06, 4.00250755774e-05, 1.021593107e-05, 2.91825472232e-06, 7.27063115846e-06, 1.22523797472e-05, 9.77765921562e-06, 5.90167564951e-06, 4.85072905576e-06, 1.01407531474e-05, 2.43387603405e-05, 3.24653519783e-05, 7.99827830633e-06, 1.05423032437e-06, 4.45434852736e-06, 8.37145194055e-07, 3.80251663046e-07, 2.48709767448e-07, 1.46861154349e-07, 6.28265368618e-08, 2.19963673942e-08, 2.12791952947e-08, 3.68918158244e-08, 1.46209146124e-07, 4.2975972292e-07, 7.3793692934e-08, 8.29052559936e-09]
    },
    "erbbands": {
        "dmean": [0.142840653658, 0.698174834251, 1.72743022442, 2.34195685387, 3.24793410301, 4.0672454834, 7.86349964142, 10.4332828522, 15.430308342, 13.8324956894, 17.8517589569, 13.946937561, 32.4645767212, 49.6275444031, 44.7799301147, 58.5248718262, 26.863817215, 23.4593372345, 39.417137146, 24.6990966797, 18.9050064087, 9.94642543793, 11.0612821579, 10.1913366318, 5.75864124298, 4.67717981339, 3.23370409012, 1.98453116417, 1.85879516602, 1.48710620403, 1.79618835449, 1.85478377342, 1.73376381397, 1.48805260658, 0.757300317287, 0.34717130661, 0.129000753164, 0.042390409857, 0.0048194648698, 8.61617590999e-05],
        "dmean2": [0.231127679348, 1.17220747471, 2.97874927521, 4.04086017609, 5.70477104187, 6.74825716019, 12.4685373306, 16.5127372742, 23.6189060211, 21.4533843994, 27.3604984283, 22.8982486725, 52.1338500977, 79.4997634888, 73.0064544678, 93.5859985352, 43.0922660828, 38.7274894714, 64.5970611572, 39.3271446228, 30.4906749725, 16.2509536743, 17.9162807465, 16.5611057281, 9.46463489532, 7.59766769409, 5.29222249985, 3.20077085495, 2.92476630211, 2.30218982697, 2.71623587608, 2.77067017555, 2.64679789543, 2.21723127365, 1.09601378441, 0.495376229286, 0.181823939085, 0.0622620880604, 0.00741448579356, 0.000129368330818],
        "dvar": [0.0535267442465, 1.12354815006, 12.5292263031, 21.2918834686, 21.7463817596, 46.528263092, 203.031311035, 431.46295166, 698.661437988, 917.008728027, 1063.11914062, 946.788452148, 3845.81884766, 7390.27685547, 13396.8769531, 17212.5917969, 3941.87402344, 1485.3795166, 4398.5234375, 1487.81103516, 927.573303223, 213.635375977, 286.659057617, 311.593139648, 64.7425765991, 84.092124939, 29.009141922, 13.4454517365, 10.8513631821, 7.67994737625, 13.030339241, 23.7612419128, 19.0572986603, 15.9815807343, 6.79493713379, 0.81469976902, 0.0795765668154, 0.0117374984547, 0.000203658113605, 5.0900190729e-08],
        "dvar2": [0.137902498245, 3.13896870613, 34.9545936584, 58.7932319641, 65.048789978, 131.980300903, 502.128479004, 1013.42718506, 1607.52978516, 2189.15039062, 2485.63769531, 2590.66381836, 10413.5849609, 18860.5800781, 35943.5078125, 43605.15625, 9396.55957031, 3862.57226562, 11563.4111328, 3646.0925293, 2348.80737305, 529.755859375, 743.00402832, 741.875366211, 166.686584473, 189.497009277, 76.567024231, 34.403503418, 27.4623279572, 18.4587955475, 27.8739967346, 50.6359329224, 40.8783302307, 26.3674907684, 11.5271997452, 1.64208567142, 0.149806469679, 0.0260839927942, 0.000483176321723, 1.16554353724e-07],
        "max": [2.85634827614, 14.4980916977, 50.4636573792, 79.7500076294, 75.1976623535, 168.994476318, 329.997467041, 552.317016602, 540.971557617, 760.723266602, 886.724975586, 678.405456543, 1357.01721191, 1589.18811035, 2770.34008789, 2650.10864258, 2124.81396484, 953.245178223, 1487.73193359, 1037.81506348, 467.482818604, 441.215820312, 449.582275391, 450.763671875, 166.882202148, 386.251586914, 147.618362427, 128.523666382, 85.5551147461, 100.249336243, 182.401229858, 207.36517334, 203.695632935, 218.593963623, 131.118835449, 35.6858215332, 8.42080593109, 1.96520423889, 0.410634875298, 0.00524996267632],
        "mean": [0.222019478679, 1.17331266403, 2.6226401329, 3.6654086113, 5.82881641388, 8.09706306458, 16.8512020111, 20.9503173828, 33.1867713928, 27.0817604065, 34.827255249, 26.743391037, 62.5398330688, 95.5696334839, 95.2831115723, 133.859024048, 62.7870941162, 47.7398262024, 77.1770324707, 55.1594581604, 38.5633659363, 22.8176345825, 25.9471950531, 23.5951824188, 14.521812439, 11.1803607941, 7.47436094284, 4.46573066711, 4.28104972839, 3.88121056557, 4.65860176086, 4.67513513565, 4.41588830948, 3.77493166924, 1.74730885029, 0.735608100891, 0.258890360594, 0.0616973824799, 0.0056042377837, 0.000148684994201],
        "median": [0.105330556631, 0.947945356369, 1.55697441101, 2.22042298317, 4.18084430695, 5.20315599442, 8.02688884735, 10.5702075958, 16.4091758728, 12.0937585831, 17.8436012268, 13.0389957428, 28.7402877808, 44.3495941162, 26.8886394501, 35.1262626648, 23.7689857483, 27.5847873688, 43.563041687, 33.153881073, 23.2658882141, 15.3315706253, 17.7715835571, 16.3334445953, 10.7303218842, 8.26509094238, 5.56969881058, 3.01830410957, 2.71112728119, 2.55325841904, 3.19432544708, 2.9768705368, 2.84378576279, 2.29848265648, 0.925944566727, 0.328336030245, 0.109572686255, 0.0157201159745, 0.000856850587297, 7.24310812075e-05],
        "min": [1.15583859443e-21, 1.45093360179e-20, 2.62105037161e-20, 9.20469008061e-20, 1.06223891164e-19, 2.53339029394e-19, 2.13943673841e-19, 6.44253962785e-19, 6.50890898129e-19, 1.81312592918e-18, 6.97043853996e-19, 1.24970260829e-18, 1.51210828683e-18, 1.05294498169e-18, 1.70935105486e-18, 3.58669980378e-18, 4.05281566537e-18, 3.76948149015e-18, 1.09729536625e-17, 1.17369765537e-17, 1.02361855452e-17, 5.7012025785e-18, 9.09331641498e-18, 1.08437513595e-17, 8.43365311136e-18, 1.30085235544e-17, 1.24986767218e-17, 1.78577193486e-17, 1.88763310616e-17, 2.30820862184e-17, 2.04553245524e-17, 2.04787172201e-17, 2.38343259218e-17, 1.40713315275e-17, 1.14473764854e-17, 6.1767979299e-18, 2.87737071503e-18, 1.39850712721e-18, 3.17691794044e-19, 3.35755906433e-20],
        "var": [0.0936780646443, 1.32138335705, 11.8022241592, 26.1962413788, 38.8061408997, 101.125343323, 639.107727051, 1044.48413086, 2139.39135742, 1812.31860352, 2718.1262207, 2154.78613281, 9508.3203125, 19622.9453125, 44001.7851562, 71228.015625, 19086.5292969, 3464.22338867, 9215.39746094, 4639.28857422, 2235.57226562, 614.239135742, 801.581298828, 758.848022461, 180.407089233, 158.913864136, 55.2645645142, 28.3082847595, 26.4690418243, 23.4379367828, 36.4431266785, 54.3170585632, 50.6658859253, 57.7339134216, 21.8925361633, 2.16658115387, 0.216209739447, 0.0180060137063, 0.000240729990765, 7.07683298629e-08]
    },
    "gfcc": {
        "mean": [56.1840553284, 62.9824409485, -111.83681488, 11.7967777252, -51.6457977295, 23.8265151978, -41.9535179138, 17.5582637787, -27.6625461578, 7.23523139954, -12.7846221924, 4.57026672363, -10.1776781082],
        "cov": [[2746.04345703, 275.079498291, 545.593017578, 203.309753418, 266.450439453, 117.371932983, 34.8164825439, -3.38646626472, -77.8082351685, 74.0746765137, 81.2065887451, 36.5682945251, -5.06556081772], [275.079498291, 732.11114502, 296.275695801, 239.090148926, 163.041275024, 47.5833930969, -18.3702659607, -31.2953472137, -43.0868759155, 16.3309230804, 121.091644287, 5.70339822769, 57.2435302734], [545.593017578, 296.275695801, 1189.12927246, 418.359619141, 280.903442383, 58.234916687, 3.51217889786, -78.2954406738, -40.6188392639, 86.1454391479, 165.427337646, 122.686096191, 45.7714271545], [203.309753418, 239.090148926, 418.359619141, 307.252075195, 131.09034729, 26.996055603, -21.815870285, -20.5437335968, -2.16821670532, 32.6898155212, 68.761390686, 35.2328643799, 25.5949363708], [266.450439453, 163.041275024, 280.903442383, 131.09034729, 218.13949585, 61.2366752625, 23.0414829254, -12.11789608, -11.166176796, 35.6237220764, 61.4863967896, 24.1895465851, 11.4665899277], [117.371932983, 47.5833930969, 58.234916687, 26.996055603, 61.2366752625, 153.56362915, 50.5712852478, -8.16363811493, -40.8137435913, 17.8514785767, 41.9748916626, -3.58786416054, 4.69400453568], [34.8164825439, -18.3702659607, 3.51217889786, -21.815870285, 23.0414829254, 50.5712852478, 112.948486328, 0.881864726543, -25.4988555908, -0.881419360638, 11.2506942749, 0.309766441584, -7.98015213013], [-3.38646626472, -31.2953472137, -78.2954406738, -20.5437335968, -12.11789608, -8.16363811493, 0.881864726543, 91.0115432739, 45.9489326477, -0.96851170063, -13.5184116364, -11.1371736526, -0.493626117706], [-77.8082351685, -43.0868759155, -40.6188392639, -2.16821670532, -11.166176796, -40.8137435913, -25.4988555908, 45.9489326477, 104.230224609, 25.5179691315, -30.6854457855, -10.7294206619, -3.80439162254], [74.0746765137, 16.3309230804, 86.1454391479, 32.6898155212, 35.6237220764, 17.8514785767, -0.881419360638, -0.96851170063, 25.5179691315, 67.4839782715, 34.5296211243, 5.64803695679, -7.58987379074], [81.2065887451, 121.091644287, 165.427337646, 68.761390686, 61.4863967896, 41.9748916626, 11.2506942749, -13.5184116364, -30.6854457855, 34.5296211243, 112.643890381, 36.9017944336, 12.3845968246], [36.5682945251, 5.70339822769, 122.686096191, 35.2328643799, 24.1895465851, -3.58786416054, 0.309766441584, -11.1371736526, -10.7294206619, 5.64803695679, 36.9017944336, 72.177406311, 25.838886261], [-5.06556081772, 57.2435302734, 45.7714271545, 25.5949363708, 11.4665899277, 4.69400453568, -7.98015213013, -0.493626117706, -3.80439162254, -7.58987379074, 12.3845968246, 25.838886261, 56.1587219238]],
        "icov": [[0.000460409064544, -0.000131232300191, -0.000152958411491, 7.67405654187e-05, -0.000335419841576, -9.44478379097e-05, 9.09432492335e-05, -0.000500088965055, 0.000705707352608, -0.000620590464678, 0.000553330057301, -0.00020147592295, 0.000284505367745], [-0.000131232300191, 0.00264935940504, 0.000330931128701, -0.00158114999067, -0.00100682280026, 0.000619849655777, 0.000198164532776, 0.000640203419607, 6.46331318421e-05, 0.00114553247113, -0.00288217584603, 0.00285418587737, -0.00259234220721], [-0.000152958411491, 0.000330931128701, 0.00232143560424, -0.00237589911558, -0.00111804052722, 0.000488362507895, -0.000318648817483, 0.00103151588701, 0.000229590557865, -0.000844519759994, -0.000745564699173, -0.00162368000019, -0.000196186971152], [7.67405654187e-05, -0.00158114999067, -0.00237589911558, 0.00807681772858, -0.000912810210139, -0.000740678631701, 0.00158599438146, -0.000290987256449, -0.00125607720111, 0.000481030088849, 0.000287615053821, -7.86675009294e-05, 0.000297753053019], [-0.000335419841576, -0.00100682280026, -0.00111804052722, -0.000912810210139, 0.00861699134111, -0.00207519670948, -0.00122775149066, -7.73617939558e-05, -0.00117688823957, -0.000842302571982, -0.000220166082727, -0.000656092946883, 0.000719021772966], [-9.44478379097e-05, 0.000619849655777, 0.000488362507895, -0.000740678631701, -0.00207519670948, 0.010489677079, -0.00337164499797, -0.000897160440218, 0.00423269160092, -0.00319124758244, -0.00215391069651, 0.00367841473781, -0.00300287595019], [9.09432492335e-05, 0.000198164532776, -0.000318648817483, 0.00158599438146, -0.00122775149066, -0.00337164499797, 0.0115254251286, -0.00149127759505, 0.00199679238722, 0.000584662135225, 0.000268658972345, -0.000968350737821, 0.00210082670674], [-0.000500088965055, 0.000640203419607, 0.00103151588701, -0.000290987256449, -7.73617939558e-05, -0.000897160440218, -0.00149127759505, 0.0167205873877, -0.0101237744093, 0.00526669993997, -0.00392324943095, 0.00170356186572, -0.00127258826979], [0.000705707352608, 6.46331318421e-05, 0.000229590557865, -0.00125607720111, -0.00117688823957, 0.00423269160092, 0.00199679238722, -0.0101237744093, 0.0223904047161, -0.0138615714386, 0.0081148641184, -0.000286505295662, -0.00154993869364], [-0.000620590464678, 0.00114553247113, -0.000844519759994, 0.000481030088849, -0.000842302571982, -0.00319124758244, 0.000584662135225, 0.00526669993997, -0.0138615714386, 0.0288229193538, -0.0114763034508, 0.00240896595642, 0.00419241003692], [0.000553330057301, -0.00288217584603, -0.000745564699173, 0.000287615053821, -0.000220166082727, -0.00215391069651, 0.000268658972345, -0.00392324943095, 0.0081148641184, -0.0114763034508, 0.0214223787189, -0.00920167844743, 0.00220121257007], [-0.00020147592295, 0.00285418587737, -0.00162368000019, -7.86675009294e-05, -0.000656092946883, 0.00367841473781, -0.000968350737821, 0.00170356186572, -0.000286505295662, 0.00240896595642, -0.00920167844743, 0.0257446318865, -0.0113742332906], [0.000284505367745, -0.00259234220721, -0.000196186971152, 0.000297753053019, 0.000719021772966, -0.00300287595019, 0.00210082670674, -0.00127258826979, -0.00154993869364, 0.00419241003692, 0.00220121257007, -0.0113742332906, 0.0260999891907]]
    },
    "melbands": {
        "dmean": [0.00107640097849, 0.000888139824383, 0.00040508483653, 0.000261454813881, 0.000244951021159, 0.00023798138136, 0.000233702565311, 0.000154382374603, 0.000140925098094, 9.39583696891e-05, 0.000164325509104, 0.000202802635613, 0.000147073995322, 0.000160199866514, 0.000101401732536, 5.62359782634e-05, 4.89450794703e-05, 5.90744421061e-05, 5.25782197656e-05, 2.95786703646e-05, 2.33980645135e-05, 1.3179036614e-05, 1.16696455734e-05, 9.58223881753e-06, 9.40588870435e-06, 4.98854979014e-06, 3.65171649719e-06, 3.63698086403e-06, 2.52154450209e-06, 1.6046736846e-06, 1.20857544061e-06, 1.20170693663e-06, 9.9469707493e-07, 8.88784200015e-07, 1.11795964131e-06, 1.22145081605e-06, 1.21441757983e-06, 1.28981355374e-06, 1.37162737701e-06, 1.36739470236e-06],
        "dmean2": [0.00173724535853, 0.00150918692816, 0.000700740434695, 0.000446025194833, 0.000391469104216, 0.000374149705749, 0.000358947552741, 0.000237642816501, 0.000218753222725, 0.000155291578267, 0.000263453315711, 0.000325428554788, 0.00023717910517, 0.000256977655226, 0.000162128431839, 8.95504417713e-05, 8.14989762148e-05, 9.68509484665e-05, 8.59017527546e-05, 4.70317863801e-05, 3.79719022021e-05, 2.15134168684e-05, 1.91358776647e-05, 1.55461930262e-05, 1.53093205881e-05, 8.240032912e-06, 6.02540876571e-06, 5.89322053202e-06, 4.14830174122e-06, 2.67228188022e-06, 1.96766063709e-06, 1.92120228348e-06, 1.59544333656e-06, 1.3983202507e-06, 1.73092178102e-06, 1.88482067642e-06, 1.85052249435e-06, 2.00686099561e-06, 2.1207156351e-06, 2.06993172469e-06],
        "dvar": [2.68784833679e-06, 2.67764335149e-06, 5.43393355201e-07, 1.5386638097e-07, 1.71222737322e-07, 1.95544288317e-07, 1.65867774626e-07, 9.51866852006e-08, 6.93312429689e-08, 4.59540245856e-08, 9.68662661194e-08, 1.20918173252e-07, 1.14943468077e-07, 1.03121848838e-07, 6.41747348595e-08, 2.20830855824e-08, 7.12637149292e-09, 9.73416636185e-09, 9.36429067622e-09, 2.52215248686e-09, 1.40355138623e-09, 4.60224275356e-10, 2.87476709104e-10, 2.2605423089e-10, 2.99431618389e-10, 5.34742597424e-11, 2.81747333797e-11, 6.16018278055e-11, 1.58790237903e-11, 9.39928516963e-12, 4.60839656366e-12, 4.43310232273e-12, 3.85396922709e-12, 2.40278673694e-12, 4.53016573906e-12, 7.22549277354e-12, 1.04042451737e-11, 1.01341261771e-11, 1.0287748084e-11, 1.52463527914e-11],
        "dvar2": [6.99586598785e-06, 7.40660516385e-06, 1.50190760451e-06, 4.53205274198e-07, 4.28070165981e-07, 4.56242531754e-07, 3.82947945354e-07, 2.21573898784e-07, 1.68831050473e-07, 1.25803850892e-07, 2.60923172846e-07, 3.10185697572e-07, 3.03855586026e-07, 2.51879811231e-07, 1.65934579854e-07, 5.2725390276e-08, 1.86789126388e-08, 2.52337120088e-08, 2.50765523901e-08, 6.2998672945e-09, 3.46246342708e-09, 1.12745346392e-09, 7.41190164799e-10, 5.71672265082e-10, 7.03675950842e-10, 1.38554251405e-10, 7.38365757424e-11, 1.37750560958e-10, 4.08809201768e-11, 2.65522204917e-11, 1.16249284504e-11, 1.13941252267e-11, 1.02120673029e-11, 5.66685327136e-12, 9.85126650394e-12, 1.65156499587e-11, 2.24220884915e-11, 2.22869309813e-11, 2.1388718921e-11, 2.64706694064e-11],
        "max": [0.0218201223761, 0.0218421462923, 0.0120507022366, 0.00857429672033, 0.00859514530748, 0.0107556730509, 0.00795468408614, 0.00711611425504, 0.00738895405084, 0.00560111319646, 0.00683230673894, 0.00585049111396, 0.00757640972733, 0.0059122517705, 0.00526974210516, 0.00645525055006, 0.00219970056787, 0.00216176453978, 0.00279615726322, 0.00105926033575, 0.000788745877799, 0.000666400825139, 0.000376170006348, 0.000434472225606, 0.000469018094009, 0.000159477276611, 9.62686244748e-05, 0.000362815568224, 0.000102543803223, 0.000111638051749, 6.52751987218e-05, 5.22254449606e-05, 7.56504305173e-05, 4.73491636512e-05, 0.000109333028377, 9.80502300081e-05, 0.00012541085016, 0.000131322623929, 0.000151175263454, 0.000223914335947],
        "mean": [0.00185998703819, 0.00147654663306, 0.000679335324094, 0.000500424706843, 0.000533292419277, 0.00049271970056, 0.00049773149658, 0.000300664338283, 0.00026566334418, 0.000170494691702, 0.000307404727209, 0.000372579175746, 0.000290860218229, 0.00035038831993, 0.000222879461944, 0.000115943497804, 8.43987509143e-05, 0.000109535954834, 0.000108506166725, 5.48949719814e-05, 4.35657384514e-05, 2.48686319537e-05, 2.37894419115e-05, 2.1062705855e-05, 1.94042277144e-05, 1.10560476969e-05, 8.09532775747e-06, 7.63129446568e-06, 5.30838997292e-06, 3.11917301588e-06, 2.43192971539e-06, 2.48767173616e-06, 2.16899184124e-06, 2.12588861359e-06, 2.60441856881e-06, 2.90602292807e-06, 2.77282811112e-06, 2.96091911878e-06, 3.29317617798e-06, 3.1871554711e-06],
        "median": [0.00112034217454, 0.00110494031105, 0.000495633517858, 0.000354783493094, 0.000282619032077, 0.00025064276997, 0.000245070899837, 0.000141065713251, 0.000130946107674, 7.34365021344e-05, 0.000137049268233, 0.000161412797752, 7.49193131924e-05, 9.22646286199e-05, 5.48765456188e-05, 4.15981630795e-05, 4.29869578511e-05, 6.12339863437e-05, 5.53046811547e-05, 3.09621100314e-05, 2.54206297541e-05, 1.49565094034e-05, 1.46368829519e-05, 1.47030477819e-05, 1.18076150102e-05, 7.43463670005e-06, 5.85394536756e-06, 5.22552863913e-06, 3.86385409001e-06, 2.06172194339e-06, 1.56460805556e-06, 1.52800214437e-06, 1.33198261665e-06, 1.38707810038e-06, 1.73665841885e-06, 1.94868039216e-06, 1.6724437728e-06, 1.84893224286e-06, 2.04078969546e-06, 1.84984276075e-06],
        "min": [1.80854408903e-23, 1.70720528165e-23, 1.63287312736e-23, 1.1775634388e-23, 9.58895297948e-24, 1.35853097036e-23, 9.98157851834e-24, 1.94741390061e-23, 5.10758603265e-24, 8.358558737e-24, 7.3978279175e-24, 4.26486209925e-24, 4.59435509986e-24, 1.0049325104e-23, 8.84311260373e-24, 7.64322045701e-24, 6.83717185038e-24, 1.86564799447e-23, 1.50944227033e-23, 1.34161021948e-23, 1.14695942221e-23, 4.85356572142e-24, 7.22739136348e-24, 8.44033600274e-24, 9.27526165166e-24, 4.12367769089e-24, 8.39317710896e-24, 8.89281951823e-24, 6.51953819019e-24, 1.19991518146e-23, 9.64368257136e-24, 1.19962330292e-23, 9.43918300346e-24, 1.33458336208e-23, 1.11162200353e-23, 9.96731906862e-24, 1.34819673473e-23, 1.7908092337e-23, 1.34926485239e-23, 1.12687904675e-23],
        "var": [4.78124911751e-06, 2.62041771748e-06, 6.36416530142e-07, 3.14061537665e-07, 5.54476628167e-07, 5.13974896421e-07, 4.91671585223e-07, 2.1397555372e-07, 1.65941798969e-07, 1.03815530395e-07, 2.40047654643e-07, 3.0566260989e-07, 3.81705518748e-07, 4.01428422947e-07, 2.34169604596e-07, 1.0332074396e-07, 1.33398900815e-08, 1.93563458595e-08, 2.39179449579e-08, 5.30925925446e-09, 3.33192207158e-09, 1.04953346014e-09, 7.94174392915e-10, 5.35951616421e-10, 6.78048339697e-10, 1.34177169375e-10, 6.3545016471e-11, 1.05351879998e-10, 2.981169131e-11, 1.45329113327e-11, 9.58451287086e-12, 9.56681869141e-12, 8.17035848699e-12, 7.2475189912e-12, 1.18239758262e-11, 1.62049679231e-11, 2.25095376366e-11, 2.4958111966e-11, 2.85044470666e-11, 5.15852950633e-11]
    },
    "mfcc": {
        "mean": [-592.999755859, 107.114616394, -2.36830854416, -0.353916049004, 11.9214687347, -0.0248943045735, 6.39057016373, 2.60648179054, -0.391619324684, 2.89559793472, -2.17183375359, -0.188129737973, 3.28540968895],
        "cov": [[1817.83337402, 157.342269897, 123.422996521, 103.077285767, 143.606216431, 92.4951705933, 138.767913818, 14.3044366837, 12.7523870468, 66.62550354, -14.6907596588, -38.5104942322, 82.0606918335], [157.342269897, 501.274841309, 209.446350098, 176.744903564, 172.982666016, 77.9722137451, 112.886672974, -18.2369022369, -47.7479476929, -3.39167451859, -23.9478759766, 7.91224241257, 61.4793014526], [123.422996521, 209.446350098, 784.868164062, 356.81237793, 285.082824707, 157.589187622, 136.484008789, -27.8612480164, -65.0267715454, -59.9549064636, -22.6251850128, 84.7562255859, 97.994934082], [103.077285767, 176.744903564, 356.81237793, 330.682128906, 194.09085083, 69.4487991333, 38.6516456604, -13.7355937958, -18.3332500458, -28.0983200073, -12.6616430283, 49.0432739258, 52.2885665894], [143.606216431, 172.982666016, 285.082824707, 194.09085083, 270.964447021, 77.464225769, 64.4451675415, -14.6370811462, -14.9521741867, -3.96217799187, -6.61606216431, 34.465297699, 68.6700820923], [92.4951705933, 77.9722137451, 157.589187622, 69.4487991333, 77.464225769, 170.033447266, 105.130081177, -6.20814561844, -31.9234580994, -6.47273540497, 2.21914458275, 8.25661563873, 31.4077682495], [138.767913818, 112.886672974, 136.484008789, 38.6516456604, 64.4451675415, 105.130081177, 201.785049438, 22.6952552795, -52.6178588867, -11.5900220871, -12.2514896393, 16.9121704102, 53.3005142212], [14.3044366837, -18.2369022369, -27.8612480164, -13.7355937958, -14.6370811462, -6.20814561844, 22.6952552795, 61.9629859924, 21.7528114319, -4.2523431778, -4.79259157181, -2.19172692299, -2.63091659546], [12.7523870468, -47.7479476929, -65.0267715454, -18.3332500458, -14.9521741867, -31.9234580994, -52.6178588867, 21.7528114319, 87.7638931274, 30.2997283936, 9.29362773895, -16.1442642212, -21.9522571564], [66.62550354, -3.39167451859, -59.9549064636, -28.0983200073, -3.96217799187, -6.47273540497, -11.5900220871, -4.2523431778, 30.2997283936, 81.8284072876, 24.8223934174, -16.5233516693, -8.24689102173], [-14.6907596588, -23.9478759766, -22.6251850128, -12.6616430283, -6.61606216431, 2.21914458275, -12.2514896393, -4.79259157181, 9.29362773895, 24.8223934174, 62.6980819702, 20.8669509888, -5.32252407074], [-38.5104942322, 7.91224241257, 84.7562255859, 49.0432739258, 34.465297699, 8.25661563873, 16.9121704102, -2.19172692299, -16.1442642212, -16.5233516693, 20.8669509888, 81.0925598145, 40.4750938416], [82.0606918335, 61.4793014526, 97.994934082, 52.2885665894, 68.6700820923, 31.4077682495, 53.3005142212, -2.63091659546, -21.9522571564, -8.24689102173, -5.32252407074, 40.4750938416, 91.2259216309]],
