{
"lowlevel": {
    "average_loudness": 0.941008031368,
    "barkbands_crest": {
        "dmean": 2.98944354057,
        "dmean2": 4.94833755493,
        "dvar": 8.07305526733,
        "dvar2": 20.6414470673,
        "max": 26.8952026367,
        "mean": 9.4602804184,
        "median": 8.48135566711,
        "min": 2.40738010406,
        "var": 17.7524547577
    },
    "barkbands_flatness_db": {
        "dmean": 0.0204136371613,
        "dmean2": 0.0317287743092,
        "dvar": 0.000391777401092,
        "dvar2": 0.000915735145099,
        "max": 0.577702462673,
        "mean": 0.0966028943658,
        "median": 0.0909475237131,
        "min": 0.0158756840974,
        "var": 0.00161332753487
    },
    "barkbands_kurtosis": {
        "dmean": 3.45832824707,
        "dmean2": 5.27326774597,
        "dvar": 821.969970703,
        "dvar2": 1462.94848633,
        "max": 2500.30761719,
        "mean": 4.11177253723,
        "median": 1.50375008583,
        "min": -1.95010066032,
        "var": 1102.76159668
    },
    "barkbands_skewness": {
        "dmean": 0.606114447117,
        "dmean2": 0.907334208488,
        "dvar": 0.715256035328,
        "dvar2": 1.30640816689,
        "max": 49.311126709,
        "mean": 1.36437702179,
        "median": 1.17565464973,
        "min": -5.52150440216,
        "var": 1.90381622314
    },
    "barkbands_spread": {
        "dmean": 8.52632331848,
        "dmean2": 12.9792947769,
        "dvar": 115.681053162,
        "dvar2": 245.945068359,
        "max": 118.785430908,
        "mean": 29.0601844788,
        "median": 24.2262191772,
        "min": 0.225725278258,
        "var": 367.155426025
    },
    "dissonance": {
        "dmean": 0.0217175539583,
        "dmean2": 0.0365374870598,
        "dvar": 0.000413692789152,
        "dvar2": 0.00113122281618,
        "max": 0.500000059605,
        "mean": 0.462206363678,
        "median": 0.468398690224,
        "min": 0.256633102894,
        "var": 0.000791798403952
    },
    "dynamic_complexity": 2.47463703156,
    "erbbands_crest": {
        "dmean": 2.95724844933,
        "dmean2": 4.80553674698,
        "dvar": 7.76122379303,
        "dvar2": 19.2070980072,
        "max": 31.3691368103,
        "mean": 9.58745002747,
        "median": 8.46924591064,
        "min": 1.83718752861,
        "var": 23.2553939819
    },
    "erbbands_flatness_db": {
        "dmean": 0.0197442155331,
        "dmean2": 0.0284605491906,
        "dvar": 0.000361798156518,
        "dvar2": 0.000696563685779,
        "max": 0.333341628313,
        "mean": 0.129100993276,
        "median": 0.123234286904,
        "min": 0.0315004959702,
        "var": 0.00241037714295
    },
    "erbbands_kurtosis": {
        "dmean": 1.24880540371,
        "dmean2": 1.94507527351,
        "dvar": 4.10242891312,
        "dvar2": 9.62904644012,
        "max": 60.2800331116,
        "mean": 1.12331593037,
        "median": 0.233719468117,
        "min": -1.89473569393,
        "var": 9.4732131958
    },
    "erbbands_skewness": {
        "dmean": 0.429936796427,
        "dmean2": 0.639247179031,
        "dvar": 0.190161764622,
        "dvar2": 0.37510317564,
        "max": 5.61538219452,
        "mean": 0.573135197163,
        "median": 0.565413236618,
        "min": -4.91151046753,
        "var": 0.730524003506
    },
    "erbbands_spread": {
        "dmean": 10.9772796631,
        "dmean2": 16.3473949432,
        "dvar": 188.143493652,
        "dvar2": 421.434448242,
        "max": 173.056259155,
        "mean": 44.0496559143,
        "median": 36.9357070923,
        "min": 2.54103374481,
        "var": 734.996520996
    },
    "hfc": {
        "dmean": 12.7443399429,
        "dmean2": 16.7745342255,
        "dvar": 614.980041504,
        "dvar2": 981.162963867,
        "max": 554.989990234,
        "mean": 35.5685806274,
        "median": 25.9018592834,
        "min": 1.18957968857e-16,
        "var": 1773.53076172
    },
    "melbands_crest": {
        "dmean": 3.88949394226,
        "dmean2": 6.46349000931,
        "dvar": 14.11723423,
        "dvar2": 35.8921165466,
        "max": 39.9849891663,
        "mean": 12.7394380569,
        "median": 11.7161426544,
        "min": 2.13216257095,
        "var": 26.5478458405
    },
    "melbands_flatness_db": {
        "dmean": 0.025991782546,
        "dmean2": 0.039994571358,
        "dvar": 0.000681617239024,
        "dvar2": 0.00157053722069,
        "max": 0.554857611656,
        "mean": 0.165440008044,
        "median": 0.159905657172,
        "min": 0.00865772832185,
        "var": 0.00245961546898
    },
    "melbands_kurtosis": {
        "dmean": 9.58858966827,
        "dmean2": 15.2859735489,
        "dvar": 3400.49975586,
        "dvar2": 7584.18457031,
        "max": 4621.03125,
        "mean": 14.3075027466,
        "median": 6.10874986649,
        "min": -1.91847717762,
        "var": 3584.92138672
    },
    "melbands_skewness": {
        "dmean": 0.864966988564,
        "dmean2": 1.32088077068,
        "dvar": 1.52973151207,
        "dvar2": 3.16672325134,
        "max": 66.0500717163,
        "mean": 2.45719480515,
        "median": 2.0157585144,
        "min": -1.42174184322,
        "var": 4.1322517395
    },
    "melbands_spread": {
        "dmean": 9.79816532135,
        "dmean2": 14.6219244003,
        "dvar": 293.018188477,
        "dvar2": 520.791137695,
        "max": 283.207824707,
        "mean": 28.2860546112,
        "median": 23.2806835175,
        "min": 0.206755384803,
        "var": 675.581298828
    },
    "pitch_salience": {
        "dmean": 0.0745052993298,
        "dmean2": 0.122011549771,
        "dvar": 0.00472874799743,
        "dvar2": 0.0119689367712,
        "max": 0.898013651371,
        "mean": 0.577559649944,
        "median": 0.58468401432,
        "min": 0.00208766013384,
        "var": 0.0121587049216
    },
    "silence_rate_20dB": {
        "dmean": 0,
        "dmean2": 0,
        "dvar": 0,
        "dvar2": 0,
        "max": 1,
        "mean": 1,
        "median": 1,
        "min": 1,
        "var": 0
    },
    "silence_rate_30dB": {
        "dmean": 0.000992432702333,
        "dmean2": 0.00198511173949,
        "dvar": 0.000991427456029,
        "dvar2": 0.00272550503723,
        "max": 1,
        "mean": 0.999379813671,
        "median": 1,
        "min": 0,
        "var": 0.000619832542725
    },
    "silence_rate_60dB": {
        "dmean": 0.00818756967783,
        "dmean2": 0.0163771715015,
        "dvar": 0.00812129210681,
        "dvar2": 0.0198314115405,
        "max": 1,
        "mean": 0.0207144636661,
        "median": 0,
        "min": 0,
        "var": 0.0202835891396
    },
    "spectral_centroid": {
        "dmean": 290.905212402,
        "dmean2": 431.032073975,
        "dvar": 144372.09375,
        "dvar2": 264536.03125,
        "max": 10730.3085938,
        "mean": 1444.40136719,
        "median": 1381.34228516,
        "min": 284.282531738,
        "var": 418184.84375
    },
    "spectral_complexity": {
        "dmean": 3.36782026291,
        "dmean2": 4.97468996048,
        "dvar": 11.2326726913,
        "dvar2": 21.4220924377,
        "max": 56,
        "mean": 18.5080623627,
        "median": 18,
        "min": 0,
        "var": 62.7274017334
    },
    "spectral_decrease": {
        "dmean": 2.94998581118e-09,
        "dmean2": 4.63772664716e-09,
        "dvar": 1.91840240515e-17,
        "dvar2": 4.69659850743e-17,
        "max": 1.21049707432e-29,
        "mean": -6.88124712767e-09,
        "median": -5.43273781517e-09,
        "min": -3.61750451816e-08,
        "var": 2.98197518947e-17
    },
    "spectral_energy": {
        "dmean": 0.0117711219937,
        "dmean2": 0.0183280538768,
        "dvar": 0.000284547510091,
        "dvar2": 0.000690564629622,
        "max": 0.1402746737,
        "mean": 0.0291976518929,
        "median": 0.0239874515682,
        "min": 1.07441544646e-20,
        "var": 0.00047589521273
    },
    "spectral_energyband_high": {
        "dmean": 0.00101415871177,
        "dmean2": 0.00128363736439,
        "dvar": 6.09825974607e-06,
        "dvar2": 9.42201495491e-06,
        "max": 0.052410941571,
        "mean": 0.00201570731588,
        "median": 0.000822395086288,
        "min": 7.76726876493e-21,
        "var": 1.63112035807e-05
    },
    "spectral_energyband_low": {
        "dmean": 0.00657573202625,
        "dmean2": 0.011024990119,
        "dvar": 0.000235054147197,
        "dvar2": 0.000605680281296,
        "max": 0.121509484947,
        "mean": 0.00726358965039,
        "median": 0.00292653450742,
        "min": 8.63333224315e-23,
        "var": 0.000201657283469
    },
    "spectral_energyband_middle_high": {
        "dmean": 0.00272529362701,
        "dmean2": 0.00398003589362,
        "dvar": 1.81637351488e-05,
        "dvar2": 4.20165270043e-05,
        "max": 0.0732979774475,
        "mean": 0.00795527081937,
        "median": 0.00421691453084,
        "min": 1.69159455106e-21,
        "var": 8.70135700097e-05
    },
    "spectral_energyband_middle_low": {
        "dmean": 0.00573251117021,
        "dmean2": 0.00911667663604,
        "dvar": 7.31965628802e-05,
        "dvar2": 0.000184215226909,
        "max": 0.0977438390255,
        "mean": 0.0124390348792,
        "median": 0.00861162226647,
        "min": 1.91990127213e-22,
        "var": 0.000138002840686
    },
    "spectral_entropy": {
        "dmean": 0.172821745276,
        "dmean2": 0.238501444459,
        "dvar": 0.0294409263879,
        "dvar2": 0.0532889850438,
        "max": 9.79737377167,
        "mean": 7.78260135651,
        "median": 7.77163791656,
        "min": 6.01371097565,
        "var": 0.150805443525
    },
    "spectral_flux": {
        "dmean": 0.0303182564676,
        "dmean2": 0.0471433065832,
        "dvar": 0.00141958496533,
        "dvar2": 0.00291995261796,
        "max": 0.327739804983,
        "mean": 0.10156956315,
        "median": 0.0889104306698,
        "min": 1.03654015926e-10,
        "var": 0.00307002593763
    },
    "spectral_kurtosis": {
        "dmean": 0.891764819622,
        "dmean2": 1.27966928482,
        "dvar": 0.746162176132,
        "dvar2": 1.50565195084,
        "max": 12.2359018326,
        "mean": 3.50658345222,
        "median": 3.48667860031,
        "min": -1.56711030006,
        "var": 4.53804302216
    },
    "spectral_rms": {
        "dmean": 0.00098602892831,
        "dmean2": 0.00148261408322,
        "dvar": 1.40040719998e-06,
        "dvar2": 3.14065778184e-06,
        "max": 0.011698433198,
        "mean": 0.00498808035627,
        "median": 0.00483760191128,
        "min": 3.23760744776e-12,
        "var": 3.60467538485e-06
    },
    "spectral_rolloff": {
        "dmean": 871.997741699,
        "dmean2": 1457.27368164,
        "dvar": 2827202.75,
        "dvar2": 5677697,
        "max": 18561.6210938,
        "mean": 2185.40625,
        "median": 1485.79101562,
        "min": 21.533203125,
        "var": 6195571.5
    },
    "spectral_skewness": {
        "dmean": 0.172468498349,
        "dmean2": 0.237212747335,
        "dvar": 0.031008400023,
        "dvar2": 0.0484122037888,
        "max": 2.98598885536,
        "mean": 1.57113432884,
        "median": 1.62086296082,
        "min": -0.446264266968,
        "var": 0.197977557778
    },
    "spectral_spread": {
        "dmean": 872461.625,
        "dmean2": 1146657,
        "dvar": 1.26880946586e+12,
        "dvar2": 1.81998452736e+12,
        "max": 40616068,
        "mean": 6745477,
        "median": 6199247.5,
        "min": 2595755,
        "var": 7.04783633613e+12
    },
    "spectral_strongpeak": {
        "dmean": 0.77504581213,
        "dmean2": 1.28961455822,
        "dvar": 1.37812924385,
        "dvar2": 3.48396110535,
        "max": 25.9955997467,
        "mean": 1.289737463,
        "median": 0.718886613846,
        "min": 0,
        "var": 2.21288394928
    },
    "zerocrossingrate": {
        "dmean": 0.0185182821006,
        "dmean2": 0.0203750804067,
        "dvar": 0.000659598968923,
        "dvar2": 0.000586785259657,
        "max": 0.6328125,
        "mean": 0.0951140597463,
        "median": 0.07861328125,
        "min": 0,
        "var": 0.00377077050507
    },
    "barkbands": {
        "dmean": [0.00105635623913, 0.00509245507419, 0.00120090984274, 0.000740327988751, 0.00220727897249, 0.00201244466007, 0.00087451399304, 0.000909980910365, 0.0013399720192, 0.00135435233824, 0.000956677540671, 0.000650687841699, 0.000312330346787, 0.000496389577165, 0.000354770570993, 0.000269463605946, 0.000164912213222, 0.000173306209035, 0.000154546185513, 0.000139886091347, 7.51174593461e-05, 0.000100141121948, 0.000116459159472, 0.000255995430052, 0.000343410036294, 0.000216284766793, 3.43722203979e-05],
        "dmean2": [0.00175678217784, 0.00886285398155, 0.00208033481613, 0.00124310934916, 0.00358457490802, 0.00328387180343, 0.00146118749399, 0.00151265063323, 0.00212076492608, 0.00215276144445, 0.00148820027243, 0.00101012841333, 0.000501258880831, 0.00079146551434, 0.000567186682019, 0.000419773627073, 0.000258889049292, 0.000270890217507, 0.000239293047343, 0.000209541860386, 0.000109055174107, 0.000140752206789, 0.000164074022905, 0.000351181370206, 0.000451188476291, 0.000305466790451, 4.65474986413e-05],
        "dvar": [6.127796496e-06, 0.00017555442173, 6.3779739321e-06, 2.05330616154e-06, 1.72435356944e-05, 2.02094615815e-05, 6.29712303635e-06, 7.98260771262e-06, 1.24422276713e-05, 1.24583848446e-05, 5.66996504858e-06, 2.77711865238e-06, 6.05628258654e-07, 1.07580729036e-06, 5.34258674634e-07, 4.01002125727e-07, 1.05206332535e-07, 9.89703181631e-08, 6.07009624787e-08, 4.95274754542e-08, 1.58128248273e-08, 4.07039522088e-08, 6.31297396581e-08, 6.07741640124e-07, 1.9289541342e-06, 3.40512031016e-07, 4.02603728133e-09],
        "dvar2": [1.51209242176e-05, 0.000470972183393, 1.73162716237e-05, 5.59017053092e-06, 4.44374491053e-05, 4.92701037729e-05, 1.71661558852e-05, 2.14658412006e-05, 3.08166381728e-05, 3.14519347739e-05, 1.41586424434e-05, 6.45004229227e-06, 1.51449967234e-06, 2.66558981821e-06, 1.31708100071e-06, 9.45655074247e-07, 2.53899344216e-07, 2.41832566417e-07, 1.39366676422e-07, 1.09651779212e-07, 3.23055324714e-08, 8.06726632163e-08, 1.26610331108e-07, 1.07664675397e-06, 3.18787465403e-06, 7.02037937117e-07, 7.72477193323e-09],
        "max": [0.0308693796396, 0.105951882899, 0.0721674561501, 0.0375681780279, 0.0728984028101, 0.0779900401831, 0.0789281502366, 0.0711893439293, 0.0887836962938, 0.0717552900314, 0.0561573579907, 0.046393185854, 0.0226051900536, 0.0231751874089, 0.0180920735002, 0.0219902675599, 0.00916142761707, 0.00593518186361, 0.00655927648768, 0.00537113053724, 0.00403341976926, 0.00471112318337, 0.00844267662615, 0.0182531960309, 0.0377037748694, 0.0154528291896, 0.00205287430435],
        "mean": [0.000953434617259, 0.00450399145484, 0.00162487500347, 0.000959011900704, 0.00367636675946, 0.0028094665613, 0.00122060149442, 0.00123760767747, 0.00193019630387, 0.00216202391312, 0.00164598017, 0.00110534136184, 0.000472323532449, 0.000788494246081, 0.000572299060877, 0.000443951430498, 0.000286121910904, 0.000307823647745, 0.00031804817263, 0.000285962363705, 0.000147280865349, 0.000172670464963, 0.000204818774364, 0.000422516430262, 0.000564003828913, 0.000326804525685, 5.56457307539e-05],
        "median": [0.000258873857092, 0.000832743826322, 0.000856020138599, 0.000532118836418, 0.0020415703766, 0.00100540404674, 0.000523996364791, 0.000320562190609, 0.000558871543035, 0.000326169858454, 0.000379996257834, 0.000195733358851, 0.000149929517647, 0.000264792266535, 0.000210188823985, 0.000150103413034, 0.000116242816148, 0.000144190635183, 0.000168905127794, 0.000152782769874, 7.83631112427e-05, 7.07267681719e-05, 9.07610665308e-05, 0.000148996768985, 0.000124449434225, 8.92687676242e-05, 1.51591211761e-05],
        "min": [1.21527603878e-23, 7.33958237256e-24, 4.56040173764e-23, 3.80143234984e-23, 4.52853175707e-23, 8.93911145387e-24, 2.69353021991e-23, 3.12525107414e-23, 3.23695851149e-23, 3.1160438052e-23, 6.2268489429e-23, 8.00958623628e-23, 5.72123264778e-23, 1.67069683051e-22, 1.43033760223e-22, 1.69101662525e-22, 2.57271169154e-22, 1.68336013064e-22, 2.77868213794e-22, 4.28714423282e-22, 5.1200722966e-22, 5.84040655893e-22, 6.30561840823e-22, 7.5696830643e-22, 1.2919438335e-21, 1.64404095547e-21, 2.43039012757e-21],
        "var": [5.49561218577e-06, 0.000130053580506, 6.3075858634e-06, 2.13904172597e-06, 2.50485791184e-05, 2.91812721116e-05, 6.97964924257e-06, 1.06816578409e-05, 1.93238411157e-05, 2.39965629589e-05, 1.43654588101e-05, 7.37003529139e-06, 1.16535466077e-06, 2.10531561606e-06, 1.08264782739e-06, 8.22111928755e-07, 2.28173789196e-07, 2.05365964234e-07, 1.69148336226e-07, 1.36241780524e-07, 3.58731178096e-08, 7.74728903252e-08, 1.26598635575e-07, 1.22587721307e-06, 4.23633036917e-06, 6.27363363037e-07, 8.52173620558e-09]
    },
    "erbbands": {
        "dmean": [0.207811385393, 0.939940690994, 1.46439993382, 1.71555888653, 5.8483710289, 7.1620926857, 13.4646511078, 16.6559810638, 11.1884860992, 16.8322677612, 20.2290458679, 28.6458015442, 41.1858520508, 34.8589363098, 36.3285865784, 23.5518627167, 13.3092985153, 20.3328170776, 19.7227210999, 19.9947071075, 11.1030197144, 9.2494354248, 7.80771446228, 8.66160297394, 6.74537992477, 7.13741159439, 3.37674403191, 3.35385942459, 3.58924174309, 3.3296585083, 3.45817732811, 4.58454275131, 4.79574108124, 4.24600219727, 2.37199783325, 1.08218836784, 0.398571848869, 0.0519680902362, 0.00709420628846, 0.000198687484954],
        "dmean2": [0.364967256784, 1.67764472961, 2.54351711273, 2.86145782471, 9.60369110107, 11.7386875153, 22.195602417, 27.3171062469, 18.7747249603, 27.8133029938, 32.8299865723, 45.4394073486, 64.3753356934, 53.8330116272, 55.5592689514, 36.3149719238, 20.8586196899, 32.0190238953, 31.7201786041, 31.696849823, 16.8349647522, 14.3053045273, 12.0057229996, 13.206946373, 10.1433963776, 10.8014602661, 4.98967647552, 4.7897901535, 5.08083057404, 4.58777999878, 4.88264846802, 6.45926332474, 6.73329973221, 5.66225624084, 3.23417496681, 1.53216540813, 0.570680856705, 0.0704255402088, 0.00957036577165, 0.000273132551229],
        "dvar": [0.33197453618, 5.96521234512, 9.31931018829, 11.9827260971, 177.221679688, 181.825195312, 863.449157715, 1769.4083252, 1148.19604492, 2361.02270508, 4326.63378906, 7055.44726562, 12640.6269531, 6710.2109375, 8615.89648438, 3840.50830078, 1140.13977051, 1956.18164062, 2434.89404297, 1970.41821289, 490.683349609, 355.580810547, 189.656387329, 248.340911865, 106.307640076, 137.57623291, 27.5297546387, 39.7053222656, 50.6486625671, 55.3821601868, 56.8424034119, 186.288238525, 232.289001465, 292.317047119, 93.6076965332, 12.5318899155, 1.03984701633, 0.011645808816, 0.000168658749317, 1.42267722936e-07],
        "dvar2": [0.880928635597, 16.5631599426, 25.5394554138, 32.379863739, 456.487945557, 448.570709229, 2172.47070312, 4428.30029297, 3036.07763672, 6389.70605469, 11294.8388672, 17578.4375, 30840.8222656, 15792.3046875, 21948.4667969, 8985.43652344, 2802.19555664, 4545.21826172, 6479.55371094, 4790.25976562, 1102.02697754, 886.957519531, 458.387054443, 581.328857422, 241.0209198, 311.499786377, 57.9901924133, 80.8418807983, 98.1301956177, 117.314781189, 113.539985657, 354.393829346, 402.703308105, 499.787902832, 163.848419189, 25.2154331207, 2.27988624573, 0.0227394662797, 0.000329230970237, 2.94062772355e-07],
        "max": [5.48050165176, 24.0675315857, 62.4505271912, 98.835609436, 244.200134277, 354.23526001, 646.229614258, 911.241638184, 1076.38049316, 1658.6463623, 2138.39086914, 2046.86621094, 2667.3112793, 1924.55944824, 2568.4621582, 1461.62988281, 1217.24584961, 1085.15344238, 1563.60498047, 1179.90966797, 553.289916992, 590.014038086, 268.482025146, 423.657470703, 268.241699219, 336.627166748, 119.230743408, 167.240615845, 168.920181274, 245.475524902, 245.449783325, 425.680206299, 368.249786377, 404.054351807, 315.487518311, 125.61643219, 20.3881454468, 4.33735132217, 0.34502196312, 0.00740357348695],
        "mean": [0.15670889616, 0.894150555134, 1.95182013512, 2.61530661583, 8.05026435852, 12.0229606628, 19.5546550751, 22.3782691956, 15.2917346954, 25.4630565643, 28.8878936768, 40.9267196655, 65.5138320923, 62.9560050964, 66.186126709, 41.6374473572, 23.773525238, 34.2398033142, 34.2379188538, 33.0118103027, 21.2162475586, 17.1989021301, 15.3245105743, 17.4518585205, 14.9950771332, 14.5001621246, 6.99609661102, 5.97347927094, 6.21596097946, 5.72969675064, 5.99906110764, 7.35999536514, 7.84152078629, 6.74973726273, 3.76593637466, 1.66676092148, 0.57428085804, 0.0863646939397, 0.011448174715, 0.00033978180727],
        "median": [0.0205685682595, 0.208805084229, 0.964310050011, 1.68707966805, 3.44482278824, 6.55721235275, 7.41785764694, 7.9201335907, 6.22521877289, 10.6664924622, 8.49038505554, 11.2407569885, 18.883102417, 16.974937439, 18.6432952881, 9.30428123474, 8.67721176147, 13.478559494, 11.5175018311, 12.9530849457, 8.44878768921, 7.55439901352, 7.74397420883, 8.90200996399, 8.23907852173, 7.85035705566, 4.12562656403, 2.83097028732, 2.58959436417, 2.27779150009, 2.69033145905, 2.83049201965, 2.53501677513, 1.54970681667, 0.782446026802, 0.426272928715, 0.155354186893, 0.0241274703294, 0.00306779937819, 0.000117653369671],
        "min": [2.65107423086e-22, 2.39273886941e-21, 3.46888109579e-20, 1.19732105996e-19, 1.39584337299e-19, 1.09989960482e-19, 1.57616473987e-19, 6.0692225484e-20, 2.06640612535e-19, 5.88425526991e-19, 7.53902646641e-19, 7.03872643543e-19, 8.80655564408e-19, 1.46561349857e-18, 3.42559955525e-18, 2.50491568702e-18, 2.73804827087e-18, 6.85067302363e-18, 4.93458523526e-18, 1.23838607441e-17, 8.38742364129e-18, 1.57602788284e-17, 1.17127633228e-17, 9.89028839157e-18, 2.21151832199e-17, 1.72486877703e-17, 2.05118176795e-17, 1.80854008122e-17, 2.33700741117e-17, 1.39653415669e-17, 2.01778981011e-17, 1.9227864624e-17, 9.93414137174e-18, 1.17011108295e-17, 1.02853556424e-17, 6.10664391497e-18, 3.04558885273e-18, 1.36427156922e-18, 3.63808198869e-19, 3.29338148102e-20],
        "var": [0.232748389244, 4.42698431015, 9.41782474518, 11.937669754, 202.415542603, 290.154266357, 1299.63317871, 2179.3671875, 1215.17834473, 3199.18310547, 5857.26171875, 10789.2724609, 21838.0957031, 14831.6708984, 22164.4472656, 9409.94433594, 2519.92553711, 3980.24902344, 4702.17871094, 3771.09033203, 1391.99511719, 746.806884766, 462.976013184, 554.016296387, 346.355621338, 349.775817871, 66.3947677612, 77.9638137817, 100.569297791, 100.604057312, 111.883491516, 327.606231689, 483.489227295, 593.918945312, 198.334777832, 23.7465133667, 1.69908213615, 0.02493391186, 0.000358474557288, 2.85101265263e-07]
    },
    "gfcc": {
        "mean": [38.5448226929, 49.7274131775, -96.5443267822, 10.6644821167, -58.1596717834, 13.548125267, -40.202457428, 12.8277540207, -30.3468971252, 2.41036128998, -17.7447032928, 1.31606304646, -9.76434326172],
        "cov": [[3305.49560547, -237.50769043, 454.02746582, 131.65423584, 176.458602905, 2.43145132065, 5.37326383591, -17.9602432251, -47.1276817322, -3.92224812508, 11.8619651794, 24.4690341949, -12.8200874329], [-237.50769043, 745.198608398, -233.059158325, -34.7416687012, 79.535987854, -38.6288986206, 65.2625427246, 5.52441120148, -27.8729972839, -37.0528793335, 49.5145721436, -26.0774364471, 8.14985466003], [454.02746582, -233.059158325, 1513.07897949, 420.288970947, 90.7131881714, -7.27012586594, -96.0684738159, -80.6946640015, 19.8375663757, 50.0046081543, -47.4877853394, 57.1498565674, 0.0468899011612], [131.65423584, -34.7416687012, 420.288970947, 390.615325928, 79.6704406738, -8.35655879974, -28.3692913055, -30.8345108032, 39.4709014893, 17.1135578156, -39.3213386536, 21.8529586792, -4.82733011246], [176.458602905, 79.535987854, 90.7131881714, 79.6704406738, 250.638031006, 71.3699569702, 71.9373245239, 19.5115013123, 5.09115076065, -2.87055444717, 0.328667610884, 2.20730018616, -9.36335945129], [2.43145132065, -38.6288986206, -7.27012586594, -8.35655879974, 71.3699569702, 242.750808716, 109.633995056, 5.9670882225, -14.1088466644, 21.5350265503, 12.4193687439, -13.0612754822, -22.3453884125], [5.37326383591, 65.2625427246, -96.0684738159, -28.3692913055, 71.9373245239, 109.633995056, 187.84538269, 25.8794021606, 6.65049600601, 2.90289926529, -4.18997526169, -6.02416324615, -23.340013504], [-17.9602432251, 5.52441120148, -80.6946640015, -30.8345108032, 19.5115013123, 5.9670882225, 25.8794021606, 139.78944397, 55.4153289795, -9.88541603088, -3.07831740379, -11.5740289688, 9.0320482254], [-47.1276817322, -27.8729972839, 19.8375663757, 39.4709014893, 5.09115076065, -14.1088466644, 6.65049600601, 55.4153289795, 107.045829773, 26.1825656891, -18.6153011322, 5.24365997314, -4.60401248932], [-3.92224812508, -37.0528793335, 50.0046081543, 17.1135578156, -2.87055444717, 21.5350265503, 2.90289926529, -9.88541603088, 26.1825656891, 80.7074966431, 23.3461456299, 6.68974113464, -16.542301178], [11.8619651794, 49.5145721436, -47.4877853394, -39.3213386536, 0.328667610884, 12.4193687439, -4.18997526169, -3.07831740379, -18.6153011322, 23.3461456299, 89.8554458618, 11.5245609283, 2.77620959282], [24.4690341949, -26.0774364471, 57.1498565674, 21.8529586792, 2.20730018616, -13.0612754822, -6.02416324615, -11.5740289688, 5.24365997314, 6.68974113464, 11.5245609283, 65.4991607666, 19.9439201355], [-12.8200874329, 8.14985466003, 0.0468899011612, -4.82733011246, -9.36335945129, -22.3453884125, -23.340013504, 9.0320482254, -4.60401248932, -16.542301178, 2.77620959282, 19.9439201355, 69.2955856323]],
        "icov": [[0.000343755120412, 0.000155138055561, -7.87658573245e-05, -1.40006904985e-05, -0.000275561877061, 0.000167648133356, -9.44664279814e-05, -5.78761246288e-05, 0.000236212988966, 7.08734005457e-05, -0.000180699091288, 1.40237370942e-05, 7.27968799765e-05], [0.000155138055561, 0.00183728709817, 0.000188655671082, -0.000232372331084, -0.000722851546016, 0.000969898304902, -0.000984641374089, 0.000339948106557, 0.000115890492452, 0.000801095797215, -0.00150970683899, 0.00107443891466, -0.000414378358983], [-7.87658573245e-05, 0.000188655671082, 0.00107350910548, -0.000971210480202, -0.000203461546334, -9.86818995443e-05, 0.000439550320152, 0.000172198022483, 0.000255197111983, -0.000495263491757, 0.000332313444233, -0.000473124207929, -1.72714935616e-05], [-1.40006904985e-05, -0.000232372331084, -0.000971210480202, 0.00429815100506, -0.00113745045383, -8.95166886039e-05, 0.00066875043558, 0.00110666628461, -0.00177727511618, -3.17063495459e-05, 0.00128602283075, -0.000538321095519, 0.000201020782697], [-0.000275561877061, -0.000722851546016, -0.000203461546334, -0.00113745045383, 0.00567641109228, -0.00123174407054, -0.00133861938957, -0.000947498192545, 0.000148563252878, 0.000590858631767, -0.00018566493236, -0.00048476253869, 0.000295252451906], [0.000167648133356, 0.000969898304902, -9.86818995443e-05, -8.95166886039e-05, -0.00123174407054, 0.00677416613325, -0.00387959973887, -0.000181321127457, 0.0017519883113, -0.0015689766733, -0.00121160456911, 0.00169161672238, -5.07821314386e-05], [-9.44664279814e-05, -0.000984641374089, 0.000439550320152, 0.00066875043558, -0.00133861938957, -0.00387959973887, 0.0092083485797, -0.00100641895551, -0.00051919388352, -0.000124028869323, 0.00213255453855, -0.00207223324105, 0.00239228946157], [-5.78761246288e-05, 0.000339948106557, 0.000172198022483, 0.00110666628461, -0.000947498192545, -0.000181321127457, -0.00100641895551, 0.0114754540846, -0.00773258740082, 0.00364664616063, -0.00207829801366, 0.00290913437493, -0.00239214720204], [0.000236212988966, 0.000115890492452, 0.000255197111983, -0.00177727511618, 0.000148563252878, 0.0017519883113, -0.00051919388352, -0.00773258740082, 0.0171436127275, -0.00752064166591, 0.00452039949596, -0.00250940280966, 0.00120893388521], [7.08734005457e-05, 0.000801095797215, -0.000495263491757, -3.17063495459e-05, 0.000590858631767, -0.0015689766733, -0.000124028869323, 0.00364664616063, -0.00752064166591, 0.0191293545067, -0.00701110111549, -0.000103173464595, 0.00335132237524], [-0.000180699091288, -0.00150970683899, 0.000332313444233, 0.00128602283075, -0.00018566493236, -0.00121160456911, 0.00213255453855, -0.00207829801366, 0.00452039949596, -0.00701110111549, 0.0162106472999, -0.00415060576051, -2.13559251279e-05], [1.40237370942e-05, 0.00107443891466, -0.000473124207929, -0.000538321095519, -0.00048476253869, 0.00169161672238, -0.00207223324105, 0.00290913437493, -0.00250940280966, -0.000103173464595, -0.00415060576051, 0.0198820251971, -0.00650541298091], [7.27968799765e-05, -0.000414378358983, -1.72714935616e-05, 0.000201020782697, 0.000295252451906, -5.07821314386e-05, 0.00239228946157, -0.00239214720204, 0.00120893388521, 0.00335132237524, -2.13559251279e-05, -0.00650541298091, 0.0184017587453]]
    },
    "melbands": {
        "dmean": [0.00161309179384, 0.000908178335521, 0.000397613184759, 0.000460104900412, 0.000433368899394, 0.000370622612536, 0.000172667059815, 0.000186426768778, 0.000172144485987, 0.000190344624571, 0.000212982675293, 0.000148749473738, 0.00013648015738, 8.20846616989e-05, 4.5874978241e-05, 3.15986253554e-05, 3.98646843678e-05, 3.74555384042e-05, 2.56442490354e-05, 2.43491740548e-05, 1.28298943309e-05, 1.11112067316e-05, 6.62860793454e-06, 9.66750121734e-06, 7.37452955946e-06, 6.69554265187e-06, 4.88883642902e-06, 4.87161923957e-06, 2.58467161984e-06, 1.6361990447e-06, 2.23141137212e-06, 2.31747071666e-06, 1.83961458333e-06, 1.97667600332e-06, 1.99099008569e-06, 2.31079275181e-06, 3.14643125421e-06, 3.3691878798e-06, 3.65492292076e-06, 3.77920923711e-06],
        "dmean2": [0.0027822596021, 0.00159490178339, 0.000648190150969, 0.000754406268243, 0.000709095271304, 0.000605628709309, 0.000290074414806, 0.000306649832055, 0.000277761835605, 0.000300660321955, 0.000334582931828, 0.000231261466979, 0.000210318001336, 0.000125454898807, 7.24017445464e-05, 5.03914452565e-05, 6.26778419246e-05, 6.06323374086e-05, 4.09080312238e-05, 3.82602229365e-05, 1.97067911358e-05, 1.75191344169e-05, 1.03566162579e-05, 1.52774737217e-05, 1.14182475954e-05, 1.04529635792e-05, 7.45138822822e-06, 7.4864187809e-06, 3.92803349314e-06, 2.45235059992e-06, 3.25334531226e-06, 3.39584494213e-06, 2.68432131634e-06, 2.82370206151e-06, 2.89200988846e-06, 3.32988270202e-06, 4.54518612969e-06, 4.84135534862e-06, 5.07325785293e-06, 5.16113414051e-06],
        "dvar": [1.82968906302e-05, 4.11410155721e-06, 6.07424453847e-07, 8.87832641183e-07, 7.89777061527e-07, 7.97798975327e-07, 2.51956265629e-07, 2.79728368469e-07, 3.1018583968e-07, 2.93652504979e-07, 3.29109070663e-07, 1.31042867224e-07, 1.19114382358e-07, 4.92855818379e-08, 1.75980137129e-08, 4.76192996146e-09, 7.92056376042e-09, 1.01526280716e-08, 3.19368265167e-09, 3.8957113091e-09, 7.18563264446e-10, 5.61543589406e-10, 1.69177644116e-10, 3.68823249719e-10, 2.06469286113e-10, 1.2057074783e-10, 7.0921116202e-11, 6.48652936919e-11, 1.76952150849e-11, 8.34822315443e-12, 2.090884757e-11, 2.27989051249e-11, 1.47646183474e-11, 2.10496915037e-11, 2.05230415995e-11, 3.24558921405e-11, 9.83441800217e-11, 1.03646723149e-10, 2.01023156454e-10, 2.41981962246e-10],
        "dvar2": [4.81846436742e-05, 1.13561691251e-05, 1.58138448114e-06, 2.32466913985e-06, 1.97471922547e-06, 1.97763688448e-06, 6.73220199587e-07, 7.5586984849e-07, 8.05854085684e-07, 7.28612121748e-07, 8.0672691638e-07, 3.13775586847e-07, 2.99718635688e-07, 1.15034900716e-07, 4.51435973048e-08, 1.15645359955e-08, 1.82156050244e-08, 2.70930726742e-08, 7.79661402106e-09, 9.37336608331e-09, 1.64206270803e-09, 1.41909917151e-09, 4.14830281237e-10, 9.20923060033e-10, 4.9271176028e-10, 2.92537827296e-10, 1.68381225629e-10, 1.47702433617e-10, 3.99878498369e-11, 1.85870711183e-11, 4.41163355847e-11, 4.59505836159e-11, 3.21376675272e-11, 4.58739712883e-11, 4.39872027691e-11, 6.39770250666e-11, 1.95794269686e-10, 1.91221649626e-10, 3.57998825029e-10, 4.38091868338e-10],
        "max": [0.0366091281176, 0.0287906508893, 0.0163412876427, 0.0176266096532, 0.0208333712071, 0.0183942243457, 0.0166136473417, 0.0166636426002, 0.0190316438675, 0.0141455177218, 0.01352616027, 0.00804280582815, 0.00900490675122, 0.00691516976804, 0.00263275322504, 0.00189916987438, 0.00223163631745, 0.00334204151295, 0.00165512994863, 0.00217021279968, 0.000482747331262, 0.000649195746519, 0.000289454619633, 0.000438396236859, 0.00041091942694, 0.000271159078693, 0.000158336362801, 0.000205267540878, 9.64283535723e-05, 7.71486447775e-05, 0.000102357946162, 0.000102917801996, 0.000113317262731, 0.000167965656146, 0.000170041254023, 0.000164510158356, 0.000300258019706, 0.000251723104157, 0.000362663588021, 0.000369277811842],
        "mean": [0.00136113003828, 0.0011116345413, 0.000609174196143, 0.000737382972147, 0.000669192522764, 0.000507814518642, 0.00023750764376, 0.000279494968709, 0.000235745959799, 0.000270023010671, 0.000334164767992, 0.000258742569713, 0.000241025380092, 0.000137018418172, 7.35275680199e-05, 5.03512892465e-05, 6.35639735265e-05, 5.94571611146e-05, 4.20709293394e-05, 3.72795657313e-05, 2.22273465624e-05, 1.85781282198e-05, 1.19748046927e-05, 1.64430803125e-05, 1.35858044814e-05, 1.31635379148e-05, 9.63637194218e-06, 9.19253579923e-06, 4.81392862639e-06, 3.00192436953e-06, 3.58195848094e-06, 3.73781313101e-06, 3.05098001263e-06, 3.20851472679e-06, 3.29766112372e-06, 3.69498980035e-06, 4.81081269754e-06, 5.31246087121e-06, 5.66272137803e-06, 5.75647845835e-06],
        "median": [0.000245225499384, 0.000494352658279, 0.000375718285795, 0.000383752863854, 0.000296298909234, 0.00017903133994, 0.000102595528006, 0.000108663793071, 6.16298930254e-05, 7.10657404852e-05, 8.9852088422e-05, 5.86432943237e-05, 5.95524725213e-05, 2.28677636187e-05, 1.65394012583e-05, 1.7953076167e-05, 2.25752537517e-05, 1.53251567099e-05, 1.58711172844e-05, 1.24452562886e-05, 7.52776941226e-06, 7.26656890038e-06, 5.11329926667e-06, 7.25043946659e-06, 6.308855518e-06, 7.00165219314e-06, 4.84426982439e-06, 4.7616995289e-06, 2.68660960501e-06, 1.55062411977e-06, 1.56228043124e-06, 1.49452671394e-06, 1.20041920582e-06, 1.22292158267e-06, 1.44786065448e-06, 1.54465010382e-06, 1.74369245087e-06, 1.79825769919e-06, 1.48570677538e-06, 1.18058096632e-06],
        "min": [3.33619492567e-24, 1.33440539506e-23, 2.07116582403e-23, 9.0423402142e-24, 5.47189895919e-24, 1.27221382983e-24, 4.03588141644e-24, 7.19919905245e-24, 6.00569470691e-24, 4.41859531246e-24, 4.60691810421e-24, 5.60089309998e-24, 1.01782999177e-23, 8.9850665459e-24, 7.3033515689e-24, 5.55703322251e-24, 1.45772502271e-23, 8.4254210096e-24, 1.17341245272e-23, 1.71039843282e-23, 7.45733485102e-24, 1.54408998793e-23, 1.38071279238e-23, 8.0461603522e-24, 7.25257101471e-24, 1.30746697844e-23, 1.92211812905e-23, 9.20617873561e-24, 1.11172226775e-23, 1.30490617817e-23, 9.64256475546e-24, 1.37341330465e-23, 1.06626889125e-23, 6.46235169101e-24, 1.02496807856e-23, 1.45855064453e-23, 1.15819927016e-23, 7.72879845459e-24, 5.51606373139e-24, 1.1810535961e-23],
        "var": [1.35318487082e-05, 3.7259187593e-06, 7.0960351195e-07, 1.13218140996e-06, 1.24368375509e-06, 1.05386345695e-06, 2.67817313215e-07, 3.8778566136e-07, 4.07023321713e-07, 4.47104184786e-07, 5.74610567128e-07, 2.88196844167e-07, 3.11476242132e-07, 1.27068602751e-07, 3.62156917788e-08, 9.33833721461e-09, 1.59095616681e-08, 1.89125017869e-08, 6.87264911647e-09, 6.71694699861e-09, 1.80962678176e-09, 1.04035791093e-09, 3.83036768969e-10, 7.09583058978e-10, 4.06027156341e-10, 3.19204745969e-10, 1.73774425405e-10, 1.54753848625e-10, 3.73628697425e-11, 1.66699709592e-11, 3.45844290706e-11, 4.04997424486e-11, 2.56541211885e-11, 3.66433793031e-11, 3.60219250262e-11, 5.80700140751e-11, 1.61574906232e-10, 2.03100897211e-10, 3.81711551256e-10, 4.66920668796e-10]
    },
    "mfcc": {
        "mean": [-617.099914551, 99.2492294312, 11.5032367706, 5.38919067383, 4.09401512146, -3.93935489655, 4.36255884171, 1.00722372532, -1.94458186626, 3.67711663246, -5.57079267502, -6.85133361816, -2.13968586922],
        "cov": [[2494.25561523, -134.248840332, -43.5053367615, 80.0264892578, 83.5652770996, 27.5840454102, 93.1401748657, 31.4271697998, -33.8995018005, 37.8747138977, -34.4049835205, -29.4067363739, 26.6715507507], [-134.248840332, 629.406311035, -181.958969116, -11.5992698669, -10.1121120453, -35.8417930603, 82.8263015747, 22.6697731018, -39.870174408, 20.2750930786, -6.3667640686, -8.47093772888, -20.2544307709], [-43.5053367615, -181.958969116, 1122.67419434, 349.706237793, 225.520111084, 128.423294067, -54.0730209351, -56.7349815369, 10.344493866, -52.663936615, 2.33639287949, 13.7535333633, 3.30526518822], [80.0264892578, -11.5992698669, 349.706237793, 407.047973633, 147.081268311, 44.5060424805, -66.3187103271, -3.61872601509, 27.3950996399, -23.4203014374, -18.3114318848, 21.7306842804, 8.81842708588], [83.5652770996, -10.1121120453, 225.520111084, 147.081268311, 234.346511841, 27.8920936584, 12.7652997971, 11.0683870316, 15.2961711884, 11.159029007, -11.9837799072, 0.461722522974, 14.704911232], [27.5840454102, -35.8417930603, 128.423294067, 44.5060424805, 27.8920936584, 254.577972412, 89.1244049072, 19.8853988647, 12.2264471054, 3.83803939819, 40.426738739, -7.38221549988, 0.594392001629], [93.1401748657, 82.8263015747, -54.0730209351, -66.3187103271, 12.7652997971, 89.1244049072, 185.223388672, 45.5867233276, -13.9814434052, 31.7114715576, 13.3486452103, -25.9239387512, 1.09655833244], [31.4271697998, 22.6697731018, -56.7349815369, -3.61872601509, 11.0683870316, 19.8853988647, 45.5867233276, 116.916183472, 57.3646583557, 25.9264183044, 10.1153564453, 4.45377111435, 2.87996435165], [-33.8995018005, -39.870174408, 10.344493866, 27.3950996399, 15.2961711884, 12.2264471054, -13.9814434052, 57.3646583557, 118.141357422, 30.5000419617, 7.90423202515, 10.4669570923, 1.97490751743], [37.8747138977, 20.2750930786, -52.663936615, -23.4203014374, 11.159029007, 3.83803939819, 31.7114715576, 25.9264183044, 30.5000419617, 92.6504058838, 33.1114120483, -8.33487987518, -2.48651075363], [-34.4049835205, -6.3667640686, 2.33639287949, -18.3114318848, -11.9837799072, 40.426738739, 13.3486452103, 10.1153564453, 7.90423202515, 33.1114120483, 91.9364318848, 27.4815864563, -3.87364149094], [-29.4067363739, -8.47093772888, 13.7535333633, 21.7306842804, 0.461722522974, -7.38221549988, -25.9239387512, 4.45377111435, 10.4669570923, -8.33487987518, 27.4815864563, 80.0803146362, 29.1061706543], [26.6715507507, -20.2544307709, 3.30526518822, 8.81842708588, 14.704911232, 0.594392001629, 1.09655833244, 2.87996435165, 1.97490751743, -2.48651075363, -3.87364149094, 29.1061706543, 68.6664047241]],
