{
"lowlevel": {
    "average_loudness": 0.908210039139,
    "barkbands_crest": {
        "dmean": 2.92377209663,
        "dmean2": 4.69514131546,
        "dvar": 6.81453275681,
        "dvar2": 16.1107120514,
        "max": 26.5901947021,
        "mean": 11.5742921829,
        "median": 10.8214912415,
        "min": 2.36481356621,
        "var": 22.5219097137
    },
    "barkbands_flatness_db": {
        "dmean": 0.0214543733746,
        "dmean2": 0.032627157867,
        "dvar": 0.000385021150578,
        "dvar2": 0.000888039707206,
        "max": 0.336288183928,
        "mean": 0.115627296269,
        "median": 0.111792400479,
        "min": 0.0145116476342,
        "var": 0.00223910575733
    },
    "barkbands_kurtosis": {
        "dmean": 2.65428900719,
        "dmean2": 4.22235774994,
        "dvar": 31.8437976837,
        "dvar2": 82.8811035156,
        "max": 182.507797241,
        "mean": 4.03353261948,
        "median": 1.20607376099,
        "min": -1.93618988991,
        "var": 87.2009277344
    },
    "barkbands_skewness": {
        "dmean": 0.51914948225,
        "dmean2": 0.797794520855,
        "dvar": 0.289977788925,
        "dvar2": 0.687383770943,
        "max": 11.9171714783,
        "mean": 1.23018574715,
        "median": 0.984238028526,
        "min": -4.14817047119,
        "var": 1.58981263638
    },
    "barkbands_spread": {
        "dmean": 7.28277492523,
        "dmean2": 10.9991912842,
        "dvar": 78.2046051025,
        "dvar2": 161.361541748,
        "max": 125.909126282,
        "mean": 28.7381839752,
        "median": 25.0088920593,
        "min": 0.761078178883,
        "var": 377.825653076
    },
    "dissonance": {
        "dmean": 0.0231934040785,
        "dmean2": 0.0396926961839,
        "dvar": 0.000582179694902,
        "dvar2": 0.00161631475203,
        "max": 0.500000059605,
        "mean": 0.462599009275,
        "median": 0.472989827394,
        "min": 0.273175001144,
        "var": 0.00114274956286
    },
    "dynamic_complexity": 2.60635495186,
    "erbbands_crest": {
        "dmean": 3.13128733635,
        "dmean2": 5.0221581459,
        "dvar": 8.46210670471,
        "dvar2": 20.244342804,
        "max": 33.6072540283,
        "mean": 11.7063922882,
        "median": 10.2714385986,
        "min": 2.35193681717,
        "var": 38.1382026672
    },
    "erbbands_flatness_db": {
        "dmean": 0.0199101697654,
        "dmean2": 0.0303184986115,
        "dvar": 0.000369942572434,
        "dvar2": 0.000794686959125,
        "max": 0.403565704823,
        "mean": 0.147300779819,
        "median": 0.140529289842,
        "min": 0.0251113735139,
        "var": 0.00319595891051
    },
    "erbbands_kurtosis": {
        "dmean": 1.82128155231,
        "dmean2": 2.84332513809,
        "dvar": 9.94734668732,
        "dvar2": 22.4297733307,
        "max": 145.660903931,
        "mean": 2.9074754715,
        "median": 1.16134572029,
        "min": -1.7331982851,
        "var": 40.0647621155
    },
    "erbbands_skewness": {
        "dmean": 0.440622478724,
        "dmean2": 0.667777776718,
        "dvar": 0.179064288735,
        "dvar2": 0.385657131672,
        "max": 10.3499937057,
        "mean": 0.818754136562,
        "median": 0.736590385437,
        "min": -4.94746446609,
        "var": 1.25069856644
    },
    "erbbands_spread": {
        "dmean": 7.52423238754,
        "dmean2": 11.4959497452,
        "dvar": 73.4288101196,
        "dvar2": 156.615005493,
        "max": 159.949768066,
        "mean": 32.20129776,
        "median": 27.410736084,
        "min": 1.06761622429,
        "var": 382.531829834
    },
    "hfc": {
        "dmean": 11.4510812759,
        "dmean2": 16.4208583832,
        "dvar": 352.946838379,
        "dvar2": 731.972167969,
        "max": 479.346282959,
        "mean": 38.8671798706,
        "median": 32.7504501343,
        "min": 1.22528517132e-16,
        "var": 1181.25183105
    },
    "melbands_crest": {
        "dmean": 3.64732861519,
        "dmean2": 5.9413933754,
        "dvar": 10.6987266541,
        "dvar2": 27.2846450806,
        "max": 39.0234413147,
        "mean": 15.6245136261,
        "median": 14.7509031296,
        "min": 2.46557426453,
        "var": 34.975402832
    },
    "melbands_flatness_db": {
        "dmean": 0.0254678875208,
        "dmean2": 0.0378305092454,
        "dvar": 0.000504137657117,
        "dvar2": 0.00114655785728,
        "max": 0.406074225903,
        "mean": 0.180271476507,
        "median": 0.172379255295,
        "min": 0.0109611544758,
        "var": 0.00362643250264
    },
    "melbands_kurtosis": {
        "dmean": 5.73490381241,
        "dmean2": 9.15787506104,
        "dvar": 128.401504517,
        "dvar2": 337.624664307,
        "max": 352.308959961,
        "mean": 10.893280983,
        "median": 4.56004905701,
        "min": -1.93972539902,
        "var": 376.63961792
    },
    "melbands_skewness": {
        "dmean": 0.6960490942,
        "dmean2": 1.07806003094,
        "dvar": 0.511106729507,
        "dvar2": 1.19914269447,
        "max": 15.6191997528,
        "mean": 2.04831814766,
        "median": 1.71032333374,
        "min": -2.91493391991,
        "var": 3.01139688492
    },
    "melbands_spread": {
        "dmean": 8.57839012146,
        "dmean2": 13.1570482254,
        "dvar": 167.635345459,
        "dvar2": 332.922210693,
        "max": 311.120056152,
        "mean": 30.1078205109,
        "median": 25.3148155212,
        "min": 0.826925098896,
        "var": 609.755981445
    },
    "pitch_salience": {
        "dmean": 0.0695660039783,
        "dmean2": 0.110249862075,
        "dvar": 0.0040019294247,
        "dvar2": 0.00981416273862,
        "max": 0.956618905067,
        "mean": 0.519216775894,
        "median": 0.508277773857,
        "min": 0.0430682860315,
        "var": 0.0177897773683
    },
    "silence_rate_20dB": {
        "dmean": 0,
        "dmean2": 0,
        "dvar": 0,
        "dvar2": 0,
        "max": 1,
        "mean": 1,
        "median": 1,
        "min": 1,
        "var": 0
    },
    "silence_rate_30dB": {
        "dmean": 0.00119374482892,
        "dmean2": 0.00238777464256,
        "dvar": 0.00119210162666,
        "dvar2": 0.00333720259368,
        "max": 1,
        "mean": 0.99916446209,
        "median": 1,
        "min": 0,
        "var": 0.000834611419123
    },
    "silence_rate_60dB": {
        "dmean": 0.00716246850789,
        "dmean2": 0.0143266478553,
        "dvar": 0.00711069069803,
        "dvar2": 0.0172252953053,
        "max": 1,
        "mean": 0.00823585595936,
        "median": 0,
        "min": 0,
        "var": 0.00816878769547
    },
    "spectral_centroid": {
        "dmean": 233.669006348,
        "dmean2": 356.40512085,
        "dvar": 90875.7265625,
        "dvar2": 166415.25,
        "max": 11402.8564453,
        "mean": 1514.1048584,
        "median": 1474.18310547,
        "min": 235.462875366,
        "var": 453901.59375
    },
    "spectral_complexity": {
        "dmean": 3.44132733345,
        "dmean2": 5.24092626572,
        "dvar": 10.1797952652,
        "dvar2": 20.9434165955,
        "max": 50,
        "mean": 19.3905467987,
        "median": 19,
        "min": 0,
        "var": 67.7069702148
    },
    "spectral_decrease": {
        "dmean": 2.09512318605e-09,
        "dmean2": 3.14203529861e-09,
        "dvar": 4.93566057006e-18,
        "dvar2": 1.0677110862e-17,
        "max": 7.81577579839e-29,
        "mean": -7.61098029045e-09,
        "median": -7.17092740743e-09,
        "min": -3.58451046623e-08,
        "var": 2.12557921943e-17
    },
    "spectral_energy": {
        "dmean": 0.0085518527776,
        "dmean2": 0.0128300590441,
        "dvar": 8.01191126811e-05,
        "dvar2": 0.00017219032452,
        "max": 0.143307119608,
        "mean": 0.0322508774698,
        "median": 0.030929364264,
        "min": 1.08187113875e-20,
        "var": 0.00034767985926
    },
    "spectral_energyband_high": {
        "dmean": 0.000822032743599,
        "dmean2": 0.0011353805894,
        "dvar": 3.52075767296e-06,
        "dvar2": 7.32760372557e-06,
        "max": 0.0508320070803,
        "mean": 0.0019091994036,
        "median": 0.000808836310171,
        "min": 8.07676759997e-21,
        "var": 9.69568736764e-06
    },
    "spectral_energyband_low": {
        "dmean": 0.00398544827476,
        "dmean2": 0.00602853577584,
        "dvar": 3.04469776893e-05,
        "dvar2": 6.99950833223e-05,
        "max": 0.092558465898,
        "mean": 0.009411258623,
        "median": 0.00612914934754,
        "min": 1.25826558179e-22,
        "var": 0.000103373989987
    },
    "spectral_energyband_middle_high": {
        "dmean": 0.00372697738931,
        "dmean2": 0.00573857408017,
        "dvar": 3.24621651089e-05,
        "dvar2": 7.47721060179e-05,
        "max": 0.127092257142,
        "mean": 0.0115600945428,
        "median": 0.00651557324454,
        "min": 1.3984929157e-21,
        "var": 0.000164204262546
    },
    "spectral_energyband_middle_low": {
        "dmean": 0.00516694271937,
        "dmean2": 0.0081747462973,
        "dvar": 6.34723692201e-05,
        "dvar2": 0.000145308222272,
        "max": 0.139277532697,
        "mean": 0.010456665419,
        "median": 0.00537697225809,
        "min": 1.79478187411e-22,
        "var": 0.00016965213581
    },
    "spectral_entropy": {
        "dmean": 0.170015856624,
        "dmean2": 0.251249372959,
        "dvar": 0.0310024861246,
        "dvar2": 0.0625774860382,
        "max": 9.80360031128,
        "mean": 7.80115270615,
        "median": 7.83520841599,
        "min": 5.69635152817,
        "var": 0.216289311647
    },
    "spectral_flux": {
        "dmean": 0.0253683198243,
        "dmean2": 0.0389265678823,
        "dvar": 0.000632549403235,
        "dvar2": 0.00142498733476,
        "max": 0.326893925667,
        "mean": 0.0988587886095,
        "median": 0.0920475870371,
        "min": 1.04013034297e-10,
        "var": 0.00188634707592
    },
    "spectral_kurtosis": {
        "dmean": 0.967543780804,
        "dmean2": 1.47079658508,
        "dvar": 1.17484509945,
        "dvar2": 2.74212789536,
        "max": 35.3093948364,
        "mean": 3.97180867195,
        "median": 3.64094948769,
        "min": -1.31806635857,
        "var": 6.21544742584
    },
    "spectral_rms": {
        "dmean": 0.000758581096306,
        "dmean2": 0.00112365896348,
        "dvar": 5.23152152709e-07,
        "dvar2": 1.05478204659e-06,
        "max": 0.0118242045864,
        "mean": 0.00534392567351,
        "median": 0.00549317663535,
        "min": 3.24882135083e-12,
        "var": 2.90676962322e-06
    },
    "spectral_rolloff": {
        "dmean": 675.754089355,
        "dmean2": 1084.20153809,
        "dvar": 1919516.125,
        "dvar2": 3873614.75,
        "max": 18712.3535156,
        "mean": 2147.67529297,
        "median": 1571.92382812,
        "min": 21.533203125,
        "var": 5657138
    },
    "spectral_skewness": {
        "dmean": 0.171164572239,
        "dmean2": 0.253156155348,
        "dvar": 0.030907548964,
        "dvar2": 0.0617549493909,
        "max": 4.43448257446,
        "mean": 1.69774520397,
        "median": 1.72217309475,
        "min": -0.366433143616,
        "var": 0.189963757992
    },
    "spectral_spread": {
        "dmean": 668676.25,
        "dmean2": 959639.0625,
        "dvar": 621466746880,
        "dvar2": 1.02167262003e+12,
        "max": 41648140,
        "mean": 6459930.5,
        "median": 6263514,
        "min": 1895555.875,
        "var": 4.71199435981e+12
    },
    "spectral_strongpeak": {
        "dmean": 0.956646382809,
        "dmean2": 1.59671461582,
        "dvar": 2.1856906414,
        "dvar2": 5.33083581924,
        "max": 18.4409255981,
        "mean": 1.8089646101,
        "median": 0.640782356262,
        "min": 0,
        "var": 5.06413841248
    },
    "zerocrossingrate": {
        "dmean": 0.0148999514058,
        "dmean2": 0.0167724266648,
        "dvar": 0.000335624674335,
        "dvar2": 0.000333774398314,
        "max": 0.5556640625,
        "mean": 0.0887660086155,
        "median": 0.07666015625,
        "min": 0.00439453125,
        "var": 0.00307857594453
    },
    "barkbands": {
        "dmean": [0.000465623656055, 0.00333821913227, 0.00135880580638, 0.00104187685065, 0.00145260675345, 0.000540267094038, 0.000371609145077, 0.0010650617769, 0.0019625609275, 0.00213245488703, 0.000738051137887, 0.000727968639694, 0.000553707475774, 0.000921135011595, 0.000499586283695, 0.000419648364186, 0.000237812666455, 0.000198109744815, 0.000142609584145, 9.77128438535e-05, 7.7129843703e-05, 9.79594042292e-05, 0.000121046636195, 0.000199575704755, 0.000265907438006, 0.000113634021545, 4.02320620196e-05],
        "dmean2": [0.000793005048763, 0.00492923427373, 0.002292702673, 0.00181808159687, 0.0024745692499, 0.000875378958881, 0.000627699540928, 0.00167531135958, 0.00314741930924, 0.003321074415, 0.0011612593662, 0.0011635144474, 0.000908473040909, 0.0014567625476, 0.000826730043627, 0.00065090728458, 0.000371111294953, 0.000316628429573, 0.000226214891882, 0.000151946078404, 0.000117580435472, 0.000151212618221, 0.000178530593985, 0.000293002871331, 0.000387773587136, 0.00016489753034, 6.05059431109e-05],
        "dvar": [1.62975777585e-06, 2.44752445724e-05, 1.10539749585e-05, 7.16149452273e-06, 1.39585017678e-05, 3.40008500643e-06, 3.42545126841e-06, 1.87359273696e-05, 2.43707127083e-05, 2.31508274737e-05, 6.17430350758e-06, 4.02902105634e-06, 3.24780057781e-06, 5.09585606778e-06, 2.02364412871e-06, 1.44571083638e-06, 4.85297675823e-07, 1.97607818109e-07, 8.93801512802e-08, 6.20441937826e-08, 2.32393713162e-08, 5.3153620172e-08, 7.22979578427e-08, 4.0629436171e-07, 9.31100430535e-07, 5.10692785838e-08, 1.24460299844e-08],
        "dvar2": [4.39070845459e-06, 5.24608658452e-05, 2.89964391413e-05, 1.96527580556e-05, 3.5187935282e-05, 8.47635055834e-06, 9.44436396821e-06, 4.34757166659e-05, 5.6813525589e-05, 5.31131081516e-05, 1.45052999869e-05, 1.00732231658e-05, 8.57160648593e-06, 1.17350900837e-05, 5.14096564075e-06, 3.19486639455e-06, 1.09841823814e-06, 4.79736399939e-07, 1.97635415589e-07, 1.47493608438e-07, 4.77085606576e-08, 1.15650351518e-07, 1.55777669875e-07, 9.95614072963e-07, 1.92357174456e-06, 1.05106074955e-07, 2.9316254313e-08],
        "max": [0.0272445064038, 0.07642891258, 0.0379087552428, 0.048465307802, 0.0978918299079, 0.0627545714378, 0.0635632947087, 0.100930996239, 0.0932191088796, 0.138402298093, 0.069238640368, 0.0546440444887, 0.0648224577308, 0.0360270440578, 0.0391662567854, 0.0360597446561, 0.0209388658404, 0.0105225695297, 0.00817793142051, 0.0131250955164, 0.00693357223645, 0.0124808289111, 0.00820148829371, 0.0310630593449, 0.0293760504574, 0.00705438945442, 0.00382268801332],
        "mean": [0.000644575455226, 0.00684827519581, 0.00148222781718, 0.00110219838098, 0.00213101319969, 0.000779373687692, 0.000477450579638, 0.00173737958539, 0.00300494022667, 0.00450721336529, 0.00118441530503, 0.00124164111912, 0.00082411034964, 0.00165991042741, 0.000774837506469, 0.000789176614489, 0.00045359111391, 0.000354576826794, 0.000262680812739, 0.00018831435591, 0.000146540871356, 0.00019372710085, 0.00021934461256, 0.000385241117328, 0.000538293097634, 0.000250445329584, 6.94248083164e-05],
        "median": [0.000114809190563, 0.00355274789035, 0.000460034614662, 0.000274559046375, 0.000470315833809, 0.000212466402445, 0.000145863305079, 0.000208832905628, 0.000606917135883, 0.000641211052425, 0.000179343100172, 0.000436508504208, 0.000363224564353, 0.000390009576222, 0.000267314928351, 0.000236491294345, 0.000148728344357, 0.00014917345834, 0.000139953961479, 9.88129395409e-05, 8.56271653902e-05, 9.57922020461e-05, 9.01029270608e-05, 0.000129858293803, 0.000177819834789, 9.90530243143e-05, 1.68581373146e-05],
        "min": [4.08178468031e-23, 8.51889629371e-23, 1.5198653317e-23, 2.83625787686e-24, 4.72341731935e-23, 2.60269446439e-23, 3.88259919501e-23, 3.12921746677e-23, 2.98916751928e-23, 1.71836356138e-23, 1.03704427684e-23, 9.66270800313e-23, 9.56812547386e-23, 1.29219139699e-22, 5.96194314004e-23, 9.97330147418e-23, 2.19445048935e-22, 1.19732626619e-22, 4.22926279452e-22, 3.03286069466e-22, 5.17875193592e-22, 3.94881655805e-22, 8.71228283094e-22, 7.29739251363e-22, 1.10848775502e-21, 2.12753216345e-21, 2.44835000389e-21],
        "var": [4.1538160076e-06, 7.14021225576e-05, 9.57527208811e-06, 6.77216439726e-06, 3.05333160213e-05, 4.61215586256e-06, 3.08587118525e-06, 4.53865613963e-05, 4.70138693345e-05, 0.000104076156276, 1.54256285896e-05, 7.8848170233e-06, 3.47510626852e-06, 1.33368230308e-05, 3.17271451422e-06, 4.44022953161e-06, 1.3353110262e-06, 3.61904682222e-07, 2.10096914088e-07, 1.21944196962e-07, 5.57470158924e-08, 1.64534853297e-07, 1.47303623521e-07, 7.04383296579e-07, 1.98255270334e-06, 2.21446711635e-07, 3.76803264146e-08]
    },
    "erbbands": {
        "dmean": [0.112142115831, 0.740462899208, 1.41431379318, 2.58291959763, 4.27686786652, 4.75829267502, 4.90491390228, 4.48538446426, 5.54494047165, 9.07308578491, 27.2838172913, 42.2290725708, 65.1175308228, 42.1256484985, 30.5878715515, 26.8172054291, 23.6916599274, 33.9998893738, 35.7106132507, 21.6481056213, 21.4838428497, 12.7610692978, 10.9824514389, 7.76177072525, 5.68855142593, 4.60110473633, 3.44058156013, 3.06400918961, 3.30574131012, 3.44522833824, 3.5899913311, 3.97828507423, 3.70683217049, 3.34861540794, 1.78894138336, 0.608347356319, 0.199884295464, 0.0490158498287, 0.00781610421836, 0.000253150908975],
        "dmean2": [0.168063491583, 1.07427048683, 2.24007630348, 4.3315911293, 7.41357803345, 7.94882535934, 7.86592388153, 7.30629253387, 9.25461483002, 14.3571414948, 43.0481681824, 67.6930999756, 101.451683044, 65.1944885254, 47.4328765869, 43.0621452332, 38.7066917419, 52.5427513123, 57.8997192383, 34.5587730408, 32.5233612061, 19.5224170685, 17.416425705, 12.1942844391, 8.93995857239, 7.13211107254, 5.22974777222, 4.69133853912, 5.07518625259, 5.19472312927, 5.31938123703, 5.86285543442, 5.54405975342, 5.01066923141, 2.62370920181, 0.884528279305, 0.293990552425, 0.0738055184484, 0.0116539876908, 0.00037962096394],
        "dvar": [0.0334579870105, 1.26573514938, 9.37856769562, 37.4344406128, 135.053375244, 201.200912476, 241.820892334, 333.87197876, 577.969848633, 1755.20458984, 10299.2216797, 12966.4990234, 22983.9726562, 9006.56738281, 8519.125, 6187.36914062, 6276.67480469, 7578.96972656, 8421.76464844, 3839.85302734, 4811.98535156, 1365.23974609, 618.27142334, 308.50592041, 158.451522827, 135.455810547, 59.2901611328, 36.6092071533, 62.5965003967, 85.1899261475, 60.2649002075, 75.6566314697, 191.002700806, 150.936630249, 41.8689537048, 1.85170519352, 0.161056935787, 0.0134026184678, 0.000415775371948, 4.1701807163e-07],
        "dvar2": [0.0788029953837, 2.62240552902, 22.9566364288, 99.146812439, 357.524169922, 461.186248779, 571.763244629, 871.234313965, 1532.6940918, 4252.06494141, 23567.8847656, 30948.3046875, 51398.890625, 21508.9140625, 19812.3554688, 15446.2568359, 16633.9648438, 16538.5410156, 20972.1914062, 9721.66210938, 10766.5244141, 3155.96606445, 1438.82824707, 684.757568359, 344.607666016, 316.658569336, 138.127883911, 68.5353546143, 127.083992004, 198.304122925, 131.398269653, 165.877929688, 480.081085205, 322.184936523, 89.4487075806, 3.86861586571, 0.335219115019, 0.0319281071424, 0.000949267821852, 9.01861255898e-07],
        "max": [4.64223051071, 13.9457988739, 38.360004425, 65.1735534668, 208.00453186, 472.7996521, 425.638946533, 687.54107666, 694.811767578, 1699.33349609, 3187.40649414, 2354.14941406, 4816.27685547, 2054.56274414, 2527.16235352, 2761.03662109, 3123.35620117, 1983.51623535, 2026.02612305, 1701.46252441, 2303.09545898, 1372.21948242, 499.630523682, 429.312591553, 563.795715332, 541.856933594, 437.917694092, 355.389709473, 494.117218018, 445.692565918, 229.667175293, 297.445617676, 682.067749023, 402.459320068, 230.036300659, 38.7714614868, 15.3978910446, 3.98270869255, 0.718120932579, 0.028796210885],
        "mean": [0.222623020411, 1.424077034, 1.88627910614, 3.03353500366, 5.15854358673, 7.14849615097, 7.68249940872, 6.20160007477, 7.37787532806, 15.1752433777, 44.7248420715, 65.0652542114, 129.129867554, 91.4396438599, 55.3789405823, 47.4559020996, 40.0454368591, 63.0670433044, 70.9854888916, 36.9924240112, 43.1961593628, 26.9070854187, 21.4789543152, 15.2961587906, 11.0518789291, 9.11932373047, 6.75006389618, 5.8052482605, 6.60353469849, 6.39102554321, 6.45350122452, 7.2620100975, 7.04733610153, 6.33431816101, 3.54321932793, 1.3010134697, 0.420803517103, 0.0982384160161, 0.0137191340327, 0.000473819032777],
        "median": [0.115192085505, 0.65102481842, 0.84512925148, 0.941048622131, 1.17687082291, 1.44857764244, 1.94107508659, 1.78694200516, 2.3552980423, 2.87448525429, 7.61012506485, 17.3852806091, 26.5048942566, 18.0291347504, 15.6958084106, 20.541229248, 20.1268730164, 20.3561477661, 21.0138206482, 16.7025585175, 12.5354957581, 9.15629959106, 8.87885093689, 8.25996017456, 6.32392692566, 4.75438690186, 3.79818224907, 3.38537216187, 3.3922419548, 2.87422227859, 2.56579494476, 2.53476858139, 2.20090341568, 2.0230588913, 1.21870875359, 0.50481235981, 0.161961302161, 0.0309091508389, 0.00348114524968, 0.000150858453708],
        "min": [1.85438646231e-21, 2.03394099883e-20, 2.86686712391e-20, 1.29650528222e-20, 2.03987036517e-20, 2.27387400897e-19, 2.12757238349e-19, 2.02992603862e-19, 4.86433537078e-19, 6.96550854351e-19, 8.29400868715e-19, 6.36428472299e-19, 4.84229462637e-19, 5.49994147045e-19, 8.85510080628e-19, 4.3380904063e-18, 3.71895647115e-18, 7.64034058181e-18, 3.2822830695e-18, 4.42694077103e-18, 6.88902897504e-18, 1.21974845443e-17, 7.7880072104e-18, 1.36539808582e-17, 2.14847144288e-17, 1.51797535484e-17, 1.90576159647e-17, 2.07964174411e-17, 1.6162320039e-17, 2.22350582342e-17, 1.99081495403e-17, 1.5174077435e-17, 1.27258105918e-17, 1.22586338711e-17, 8.34445409001e-18, 6.64926819295e-18, 4.43242621926e-18, 1.42285084584e-18, 3.44825567033e-19, 3.57075388122e-20],
        "var": [0.119297228754, 3.1227953434, 10.4713439941, 35.7025909424, 218.864135742, 554.050964355, 466.295898438, 358.815368652, 536.532653809, 4592.4609375, 22194.984375, 22595.1992188, 83392.921875, 38351.2890625, 21841.109375, 9812.67382812, 6706.02197266, 19794.28125, 22842.6660156, 5856.25634766, 16914.8945312, 3772.640625, 1335.515625, 658.258117676, 382.914154053, 277.95010376, 118.64100647, 104.962471008, 215.368804932, 168.027191162, 122.23890686, 156.490341187, 309.917602539, 303.811798096, 81.3494338989, 5.6134595871, 0.73678958416, 0.0543573349714, 0.00139234983362, 1.44392708989e-06]
    },
    "gfcc": {
        "mean": [36.1805381775, 43.1319313049, -105.325134277, 7.29436779022, -45.9876594543, 30.0662651062, -30.9447364807, 20.2349472046, -23.3640079498, 3.01483273506, -19.6703834534, 1.19863474369, -9.8381061554],
        "cov": [[2914.34716797, -815.848388672, 333.318725586, 143.170806885, 162.287109375, 424.377471924, 133.071975708, 17.7414112091, 15.0698566437, 137.007141113, -44.3770942688, -39.0467567444, -4.021276474], [-815.848388672, 1124.93115234, 253.33493042, 189.632080078, 102.304145813, -141.948852539, -26.1621379852, 1.11938488483, 6.7240691185, -41.6224899292, 52.2512283325, 22.3711528778, 15.5446100235], [333.318725586, 253.33493042, 1371.65222168, 479.329925537, 285.415100098, 80.2284164429, -18.954284668, -90.8744354248, -1.6913381815, 98.2532043457, 130.9949646, 39.9221992493, 27.752576828], [143.170806885, 189.632080078, 479.329925537, 502.885650635, 170.350708008, 48.6787490845, -22.4550914764, 7.49036979675, 14.6387042999, 37.9120635986, 47.7173347473, 40.299407959, 23.1108779907], [162.287109375, 102.304145813, 285.415100098, 170.350708008, 359.163696289, 151.549667358, 85.701675415, 4.66339254379, 31.3706054688, 32.507396698, 29.7794895172, 27.6388969421, 44.0186805725], [424.377471924, -141.948852539, 80.2284164429, 48.6787490845, 151.549667358, 371.490936279, 188.611572266, 21.1523723602, -21.8071575165, 54.9027328491, -3.65400028229, -13.0087938309, 28.6657505035], [133.071975708, -26.1621379852, -18.954284668, -22.4550914764, 85.701675415, 188.611572266, 254.637756348, 58.5052337646, 7.59280633926, 30.4336051941, 1.18362116814, -18.8947544098, 0.888374686241], [17.7414112091, 1.11938488483, -90.8744354248, 7.49036979675, 4.66339254379, 21.1523723602, 58.5052337646, 162.85295105, 86.7117919922, 18.6820392609, -13.9692659378, 5.94994735718, 3.81324195862], [15.0698566437, 6.7240691185, -1.6913381815, 14.6387042999, 31.3706054688, -21.8071575165, 7.59280633926, 86.7117919922, 133.495498657, 46.524055481, 9.85466575623, 9.75374698639, 6.44545602798], [137.007141113, -41.6224899292, 98.2532043457, 37.9120635986, 32.507396698, 54.9027328491, 30.4336051941, 18.6820392609, 46.524055481, 114.212341309, 59.8585281372, 15.7866315842, 3.20876049995], [-44.3770942688, 52.2512283325, 130.9949646, 47.7173347473, 29.7794895172, -3.65400028229, 1.18362116814, -13.9692659378, 9.85466575623, 59.8585281372, 111.822067261, 43.0312614441, 5.62024593353], [-39.0467567444, 22.3711528778, 39.9221992493, 40.299407959, 27.6388969421, -13.0087938309, -18.8947544098, 5.94994735718, 9.75374698639, 15.7866315842, 43.0312614441, 92.4129943848, 46.5631408691], [-4.021276474, 15.5446100235, 27.752576828, 23.1108779907, 44.0186805725, 28.6657505035, 0.888374686241, 3.81324195862, 6.44545602798, 3.20876049995, 5.62024593353, 46.5631408691, 96.3251113892]],
        "icov": [[0.000557249994017, 0.000368882232578, -0.000147361963172, -0.000112639150757, -5.4788615671e-05, -0.000431155523984, 0.000120821292512, -3.57849821739e-05, -6.59370653011e-06, -0.000430255109677, 0.000485186086735, 3.40040855917e-06, 0.000171686464455], [0.000368882232578, 0.00138674362097, -0.000166707483004, -0.000417148694396, -0.000383304868592, 0.000487571407575, -0.000301607156871, -0.000236384250456, 0.000118625983305, 0.000477899477119, -0.000464427197585, 0.000450116000138, -0.000232412465266], [-0.000147361963172, -0.000166707483004, 0.00140060484409, -0.000995434005745, -0.000513888022397, 0.000148222985445, 4.81320676045e-05, 0.000797456072178, -5.30645265826e-05, -0.000378185301088, -0.00094748387346, 0.00053955859039, -0.000174627799424], [-0.000112639150757, -0.000417148694396, -0.000995434005745, 0.00354183092713, -0.000826065719593, -0.000390704110032, 0.00105693005025, -0.00128002348356, 0.000659005716443, -0.000278949737549, 0.000271917553619, -0.000939689460211, 0.000437901122496], [-5.4788615671e-05, -0.000383304868592, -0.000513888022397, -0.000826065719593, 0.00498956721276, -0.00186720304191, -0.000906369939912, 0.00145207555033, -0.00266263913363, 0.00150433881208, -0.00031136686448, -0.000789942627307, -0.000839692249428], [-0.000431155523984, 0.000487571407575, 0.000148222985445, -0.000390704110032, -0.00186720304191, 0.00696279201657, -0.00376886944287, -0.000614330696408, 0.00326544768177, -0.00314474967308, 0.00132160913199, 0.00118233310059, -0.00196776818484], [0.000120821292512, -0.000301607156871, 4.81320676045e-05, 0.00105693005025, -0.000906369939912, -0.00376886944287, 0.00779913645238, -0.00300008291379, 0.000997054739855, -0.000141547585372, -0.00119229534175, 0.00125755963381, 0.000768551428337], [-3.57849821739e-05, -0.000236384250456, 0.000797456072178, -0.00128002348356, 0.00145207555033, -0.000614330696408, -0.00300008291379, 0.0124229099602, -0.00859242584556, 0.00117912143469, 0.00179787632078, -0.00212617614307, 0.000627692556009], [-6.59370653011e-06, 0.000118625983305, -5.30645265826e-05, 0.000659005716443, -0.00266263913363, 0.00326544768177, 0.000997054739855, -0.00859242584556, 0.0165796019137, -0.00755137996748, 0.00171367416624, 0.000969572691247, -0.0010128156282], [-0.000430255109677, 0.000477899477119, -0.000378185301088, -0.000278949737549, 0.00150433881208, -0.00314474967308, -0.000141547585372, 0.00117912143469, -0.00755137996748, 0.0190313775092, -0.0101732043549, 0.0011842707172, 0.000176257584826], [0.000485186086735, -0.000464427197585, -0.00094748387346, 0.000271917553619, -0.00031136686448, 0.00132160913199, -0.00119229534175, 0.00179787632078, 0.00171367416624, -0.0101732043549, 0.019073234871, -0.00838746968657, 0.00315758166835], [3.40040855917e-06, 0.000450116000138, 0.00053955859039, -0.000939689460211, -0.000789942627307, 0.00118233310059, 0.00125755963381, -0.00212617614307, 0.000969572691247, 0.0011842707172, -0.00838746968657, 0.0199009981006, -0.0091557931155], [0.000171686464455, -0.000232412465266, -0.000174627799424, 0.000437901122496, -0.000839692249428, -0.00196776818484, 0.000768551428337, 0.000627692556009, -0.0010128156282, 0.000176257584826, 0.00315758166835, -0.0091557931155, 0.0156123489141]]
    },
    "melbands": {
        "dmean": [0.000958338205237, 0.000734915782232, 0.00045994707034, 0.000329798087478, 0.000179172799108, 0.000100366807601, 8.18173284642e-05, 0.000128629864776, 0.000238183100009, 0.000281329936115, 0.000338283716701, 0.000193531494006, 0.000109230772068, 8.33726808196e-05, 7.01017488609e-05, 4.86114331579e-05, 7.23894117982e-05, 7.05936836312e-05, 3.46299857483e-05, 2.76923547062e-05, 2.72270790447e-05, 1.40890670082e-05, 1.3304944332e-05, 9.16890985536e-06, 6.77110710967e-06, 5.52447909286e-06, 3.46297110809e-06, 3.3133458146e-06, 2.43455474447e-06, 1.91237154468e-06, 1.8815904923e-06, 1.97628151e-06, 2.11845053855e-06, 1.88920466826e-06, 1.99616079044e-06, 2.62222852143e-06, 2.51469282375e-06, 2.61062723439e-06, 3.13645159622e-06, 2.84940165329e-06],
        "dmean2": [0.00142381433398, 0.00109646469355, 0.000747770944145, 0.000569034658838, 0.000286877388135, 0.000163270786288, 0.000137256211019, 0.00020125239098, 0.000375436822651, 0.000451376923593, 0.000526463612914, 0.000300224404782, 0.000169659266248, 0.000132381683215, 0.000114353933895, 7.9603116319e-05, 0.00011148066551, 0.000113318463264, 5.63685607631e-05, 4.46781959909e-05, 4.13987909269e-05, 2.20124475163e-05, 2.1244319214e-05, 1.47020718941e-05, 1.07768819362e-05, 8.78096216184e-06, 5.46206229046e-06, 5.20942012372e-06, 3.79343305212e-06, 2.91111746265e-06, 2.94079245577e-06, 3.09152255795e-06, 3.28804662786e-06, 2.89301760859e-06, 3.05137905343e-06, 3.97467874791e-06, 3.79481070922e-06, 3.94672360926e-06, 4.79427808386e-06, 4.28164184996e-06],
        "dvar": [2.11868359656e-06, 1.54688757448e-06, 1.0945067288e-06, 7.86780617545e-07, 3.13995883516e-07, 1.5022403943e-07, 1.37629726282e-07, 3.29834875856e-07, 6.85185909788e-07, 5.48386822175e-07, 6.03172907176e-07, 1.99047747174e-07, 1.38240068281e-07, 5.3754956042e-08, 7.63445413554e-08, 1.86933419855e-08, 3.63280889815e-08, 3.65802854674e-08, 1.14898099923e-08, 5.79186565375e-09, 9.2633376525e-09, 1.86424187198e-09, 1.36578270915e-09, 5.01922448048e-10, 2.47687620414e-10, 1.45982448352e-10, 9.66631011345e-11, 6.6772212759e-11, 3.64315452805e-11, 1.24323086548e-11, 1.4067165835e-11, 2.33773000957e-11, 2.81743274544e-11, 2.85368655789e-11, 2.0818674909e-11, 3.07196525162e-11, 3.59307826547e-11, 7.73041977653e-11, 1.76802891771e-10, 1.04908998155e-10],
        "dvar2": [4.6674672376e-06, 3.40407109434e-06, 2.7363018944e-06, 2.03673971555e-06, 7.40618247619e-07, 3.87452928408e-07, 3.68680957763e-07, 7.74821728555e-07, 1.57736656092e-06, 1.30846524371e-06, 1.34931133289e-06, 4.71282646686e-07, 3.26805633222e-07, 1.32258890062e-07, 1.98289228592e-07, 4.89344742505e-08, 7.92567433905e-08, 8.94719889288e-08, 2.93058093348e-08, 1.37360327557e-08, 2.08194723683e-08, 4.38082237153e-09, 2.97036950592e-09, 1.22802434888e-09, 5.55060664098e-10, 3.35551697539e-10, 2.30535895929e-10, 1.54980181466e-10, 8.91887744214e-11, 2.59590474117e-11, 2.75162878594e-11, 5.00483265942e-11, 6.40886163583e-11, 6.84188886102e-11, 4.72539819774e-11, 6.91416368603e-11, 8.06026911881e-11, 1.88383419975e-10, 4.45937120563e-10, 2.20061566192e-10],
        "max": [0.0297209657729, 0.014955194667, 0.0176525525749, 0.0276150833815, 0.0173892192543, 0.0139995226637, 0.0120065286756, 0.0212376341224, 0.0289928745478, 0.0151552334428, 0.0248777586967, 0.00896804500371, 0.0111611615866, 0.00632476480678, 0.00923445820808, 0.00623620301485, 0.00429056957364, 0.00418547075242, 0.00429304409772, 0.00207904167473, 0.00362221593969, 0.00146814621985, 0.00128864566796, 0.000765133125242, 0.000360970065231, 0.000342113140505, 0.000549407617655, 0.000343808846083, 0.000345500884578, 0.000153495246195, 0.000235348357819, 0.000275155849522, 0.000259544729488, 0.000269165728241, 0.000149708503159, 8.98171347217e-05, 0.000257739826338, 0.000378493627068, 0.000565733877011, 0.000347217952367],
        "mean": [0.00200687721372, 0.00132913154084, 0.000581242667977, 0.00044874244486, 0.000289380579488, 0.000141508149682, 0.000106380328361, 0.000215916181332, 0.000381174992071, 0.000423718942329, 0.000674759445246, 0.000414356793044, 0.000181663854164, 0.000147387225297, 0.000107296378701, 7.81165799708e-05, 0.000124615660752, 0.000133777284645, 5.19712702953e-05, 4.63846117782e-05, 5.07485710841e-05, 2.60912911472e-05, 2.4294731702e-05, 1.61713996931e-05, 1.19860433188e-05, 9.56174244493e-06, 6.28274074188e-06, 6.03101807428e-06, 4.48159107691e-06, 3.37157894137e-06, 3.31722117153e-06, 3.68098699255e-06, 3.87933914681e-06, 3.3068411085e-06, 3.39633356816e-06, 4.36899199485e-06, 4.44033048552e-06, 4.71108523925e-06, 5.53314066565e-06, 5.20839012097e-06],
        "median": [0.00109186209738, 0.000709321117029, 0.000172304280568, 9.50008979999e-05, 6.74565962981e-05, 4.05875762226e-05, 3.29632093781e-05, 3.17828089464e-05, 6.26379041933e-05, 8.85283516254e-05, 0.000120136151963, 6.39822974335e-05, 3.31516057486e-05, 4.69157384941e-05, 4.7014465963e-05, 3.30695947923e-05, 3.24159482261e-05, 3.06285292027e-05, 1.92002844415e-05, 1.67571542988e-05, 1.26634149638e-05, 8.52952689456e-06, 8.24686594569e-06, 6.77243497194e-06, 5.92239848629e-06, 4.92212984682e-06, 3.42956354871e-06, 2.7732730814e-06, 2.38549318965e-06, 1.90127707356e-06, 1.87297428056e-06, 1.89488969227e-06, 1.75602747277e-06, 1.46308661897e-06, 1.39908161145e-06, 1.52520215124e-06, 1.52796576458e-06, 1.43700322042e-06, 1.7035407609e-06, 1.68377960108e-06],
        "min": [2.31746918234e-23, 2.14379135663e-23, 2.08333826334e-24, 7.94579752353e-24, 9.13246836148e-24, 4.91709426784e-24, 7.65116349746e-24, 6.92266149554e-24, 7.25046712268e-24, 3.7755727005e-24, 2.41555401737e-24, 2.25775915657e-24, 1.70616019873e-24, 1.00532449539e-23, 8.34069024864e-24, 1.15182338078e-23, 1.41258435067e-23, 5.18901028313e-24, 5.12260476099e-24, 6.33160154585e-24, 8.22628411813e-24, 1.49171025491e-23, 6.35558370623e-24, 7.43511342818e-24, 1.07177798027e-23, 1.70352067014e-23, 1.20024602972e-23, 1.00529530753e-23, 1.09488868601e-23, 1.01336574902e-23, 1.42024419006e-23, 1.02825108099e-23, 5.21104395707e-24, 1.7285419181e-23, 1.2448709445e-23, 9.53496807229e-24, 9.33623507761e-24, 9.12224630187e-24, 8.03412943454e-24, 1.13376777461e-23],
        "var": [6.99383008396e-06, 2.88045748675e-06, 1.37716256177e-06, 1.59845728831e-06, 6.63896742026e-07, 1.71128533566e-07, 1.2571734942e-07, 9.38979383136e-07, 1.52210395754e-06, 9.55241603151e-07, 2.29721308642e-06, 9.07965500119e-07, 3.41552635064e-07, 1.29641080093e-07, 7.83521301173e-08, 2.48401530456e-08, 8.95587035643e-08, 1.00969018035e-07, 1.54862966895e-08, 1.07308970598e-08, 3.1257979316e-08, 4.31831415071e-09, 3.3807641131e-09, 8.62186655404e-10, 4.94869700773e-10, 2.98483321393e-10, 1.86562654214e-10, 1.30776153795e-10, 6.28435428696e-11, 2.80258542068e-11, 3.84584863955e-11, 7.27177137949e-11, 7.04180672106e-11, 4.80759355936e-11, 3.89433207904e-11, 5.23228474436e-11, 6.8813274523e-11, 1.36880826118e-10, 2.48118720014e-10, 2.17356230237e-10]
    },
    "mfcc": {
        "mean": [-618.658813477, 94.2264556885, -0.732466459274, -4.59432315826, 10.2383766174, 5.70654773712, 10.0588293076, 11.0409469604, 8.24247074127, 6.53238773346, 2.80182147026, -3.01222276688, -3.73942470551],
        "cov": [[2339.53857422, -822.557006836, -7.27251005173, -171.997070312, 34.2729072571, 255.602722168, 142.800552368, 35.4237442017, 123.251113892, 145.624038696, 51.1345367432, 3.77050304413, -32.4743270874], [-822.557006836, 902.526489258, 150.646972656, 204.115020752, 98.0204620361, -48.8409347534, -6.1622838974, 4.40193223953, -30.8370037079, -51.4697990417, 0.33338779211, 21.0774860382, 36.5027084351], [-7.27251005173, 150.646972656, 953.761047363, 384.131469727, 291.478912354, 179.627151489, 107.484573364, -62.0556755066, -60.3783302307, 7.65914535522, -9.86679077148, 64.1747741699, 87.6492538452], [-171.997070312, 204.115020752, 384.131469727, 452.640991211, 233.194503784, 45.7330856323, 4.27351713181, -0.178298994899, -13.4158706665, -26.6288204193, -15.2929458618, 60.9583587646, 75.3863677979], [34.2729072571, 98.0204620361, 291.478912354, 233.194503784, 336.692901611, 124.208084106, 45.4896965027, 7.38154697418, 25.1756381989, 6.11456775665, -18.9602222443, 31.268119812, 60.2744865417], [255.602722168, -48.8409347534, 179.627151489, 45.7330856323, 124.208084106, 300.942504883, 201.218505859, 32.3069381714, 36.6572914124, 56.8784255981, 4.8972454071, -6.35833454132, 11.9617319107], [142.800552368, -6.1622838974, 107.484573364, 4.27351713181, 45.4896965027, 201.218505859, 247.731018066, 61.8426933289, 31.835811615, 57.1284942627, 21.3707923889, -5.25580406189, 1.10771620274], [35.4237442017, 4.40193223953, -62.0556755066, -0.178298994899, 7.38154697418, 32.3069381714, 61.8426933289, 123.854484558, 77.3329772949, 28.4614181519, 15.0381965637, 4.55907344818, -1.42564892769], [123.251113892, -30.8370037079, -60.3783302307, -13.4158706665, 25.1756381989, 36.6572914124, 31.835811615, 77.3329772949, 147.545135498, 64.8936462402, 19.0116214752, 8.51520824432, 1.93919086456], [145.624038696, -51.4697990417, 7.65914535522, -26.6288204193, 6.11456775665, 56.8784255981, 57.1284942627, 28.4614181519, 64.8936462402, 113.749023438, 47.0856208801, 9.06005001068, 1.24317908287], [51.1345367432, 0.33338779211, -9.86679077148, -15.2929458618, -18.9602222443, 4.8972454071, 21.3707923889, 15.0381965637, 19.0116214752, 47.0856208801, 98.7053604126, 44.8528366089, 5.57437467575], [3.77050304413, 21.0774860382, 64.1747741699, 60.9583587646, 31.268119812, -6.35833454132, -5.25580406189, 4.55907344818, 8.51520824432, 9.06005001068, 44.8528366089, 124.580574036, 64.7682342529], [-32.4743270874, 36.5027084351, 87.6492538452, 75.3863677979, 60.2744865417, 11.9617319107, 1.10771620274, -1.42564892769, 1.93919086456, 1.24317908287, 5.57437467575, 64.7682342529, 100.60949707]],
