{
"lowlevel": {
    "average_loudness": 0.928666710854,
    "barkbands_crest": {
        "dmean": 2.54041337967,
        "dmean2": 4.22317266464,
        "dvar": 5.35402774811,
        "dvar2": 14.1935520172,
        "max": 25.092502594,
        "mean": 8.69927215576,
        "median": 7.89058446884,
        "min": 2.18143510818,
        "var": 13.5138015747
    },
    "barkbands_flatness_db": {
        "dmean": 0.0188862141222,
        "dmean2": 0.0293356329203,
        "dvar": 0.000321873580106,
        "dvar2": 0.000747817975935,
        "max": 0.278060644865,
        "mean": 0.101101510227,
        "median": 0.0918531864882,
        "min": 0.013320161961,
        "var": 0.0019383962499
    },
    "barkbands_kurtosis": {
        "dmean": 2.43338394165,
        "dmean2": 3.89087700844,
        "dvar": 18.1928596497,
        "dvar2": 44.3015174866,
        "max": 78.5870285034,
        "mean": 3.56299996376,
        "median": 1.5274784565,
        "min": -1.94313263893,
        "var": 42.4008903503
    },
    "barkbands_skewness": {
        "dmean": 0.497998148203,
        "dmean2": 0.761680662632,
        "dvar": 0.290243536234,
        "dvar2": 0.641827523708,
        "max": 8.04227161407,
        "mean": 1.43135905266,
        "median": 1.28109455109,
        "min": -4.11916637421,
        "var": 1.18232822418
    },
    "barkbands_spread": {
        "dmean": 7.8229765892,
        "dmean2": 12.0777225494,
        "dvar": 105.283302307,
        "dvar2": 224.447616577,
        "max": 122.19733429,
        "mean": 28.2120018005,
        "median": 24.6047973633,
        "min": 1.96418631077,
        "var": 338.355377197
    },
    "dissonance": {
        "dmean": 0.0194674022496,
        "dmean2": 0.0329218953848,
        "dvar": 0.000360126839951,
        "dvar2": 0.00098110421095,
        "max": 0.500000178814,
        "mean": 0.464701592922,
        "median": 0.471671462059,
        "min": 0.250437229872,
        "var": 0.000843680172693
    },
    "dynamic_complexity": 2.798807621,
    "erbbands_crest": {
        "dmean": 2.66667842865,
        "dmean2": 4.36649179459,
        "dvar": 6.0496263504,
        "dvar2": 15.5718107224,
        "max": 30.0017719269,
        "mean": 8.75853443146,
        "median": 7.85218048096,
        "min": 2.27300238609,
        "var": 17.1652450562
    },
    "erbbands_flatness_db": {
        "dmean": 0.0170979555696,
        "dmean2": 0.0256320051849,
        "dvar": 0.000268602510914,
        "dvar2": 0.000550258613657,
        "max": 0.303207963705,
        "mean": 0.131261855364,
        "median": 0.12271232903,
        "min": 0.0429025106132,
        "var": 0.00233290647157
    },
    "erbbands_kurtosis": {
        "dmean": 1.11338853836,
        "dmean2": 1.75872015953,
        "dvar": 3.48897457123,
        "dvar2": 7.96067237854,
        "max": 63.0310287476,
        "mean": 1.01906394958,
        "median": 0.237174868584,
        "min": -1.87902235985,
        "var": 8.69313812256
    },
    "erbbands_skewness": {
        "dmean": 0.377995431423,
        "dmean2": 0.580718278885,
        "dvar": 0.149568349123,
        "dvar2": 0.303391069174,
        "max": 4.69749259949,
        "mean": 0.620380818844,
        "median": 0.619895100594,
        "min": -7.40622711182,
        "var": 0.730500400066
    },
    "erbbands_spread": {
        "dmean": 9.80627155304,
        "dmean2": 14.5766277313,
        "dvar": 135.494613647,
        "dvar2": 289.874664307,
        "max": 175.131866455,
        "mean": 42.4295387268,
        "median": 38.1521339417,
        "min": 2.59278440475,
        "var": 523.203125
    },
    "hfc": {
        "dmean": 13.7661828995,
        "dmean2": 18.9707641602,
        "dvar": 1019.70245361,
        "dvar2": 1833.67797852,
        "max": 761.403686523,
        "mean": 37.9727859497,
        "median": 25.4250221252,
        "min": 1.11347867517e-16,
        "var": 2753.58691406
    },
    "melbands_crest": {
        "dmean": 3.33436512947,
        "dmean2": 5.56620073318,
        "dvar": 8.35447883606,
        "dvar2": 22.2778453827,
        "max": 33.7933082581,
        "mean": 12.5289411545,
        "median": 11.6833591461,
        "min": 3.26128196716,
        "var": 22.1340560913
    },
    "melbands_flatness_db": {
        "dmean": 0.0233791694045,
        "dmean2": 0.0359572283924,
        "dvar": 0.000499491405208,
        "dvar2": 0.00112875236664,
        "max": 0.389619320631,
        "mean": 0.165214434266,
        "median": 0.154071092606,
        "min": 0.0110672730953,
        "var": 0.00316171115264
    },
    "melbands_kurtosis": {
        "dmean": 6.28426742554,
        "dmean2": 9.94587612152,
        "dvar": 141.666763306,
        "dvar2": 347.426116943,
        "max": 342.172210693,
        "mean": 12.2090091705,
        "median": 6.57251882553,
        "min": -1.95508909225,
        "var": 335.995483398
    },
    "melbands_skewness": {
        "dmean": 0.684131085873,
        "dmean2": 1.05068790913,
        "dvar": 0.562822043896,
        "dvar2": 1.31009912491,
        "max": 14.8588476181,
        "mean": 2.41698765755,
        "median": 2.08978128433,
        "min": -1.12331020832,
        "var": 2.34699892998
    },
    "melbands_spread": {
        "dmean": 8.61891269684,
        "dmean2": 13.0273017883,
        "dvar": 269.537902832,
        "dvar2": 483.697570801,
        "max": 296.96585083,
        "mean": 28.0602149963,
        "median": 22.5922584534,
        "min": 1.57861995697,
        "var": 777.402038574
    },
    "pitch_salience": {
        "dmean": 0.068383179605,
        "dmean2": 0.111737668514,
        "dvar": 0.00379205285572,
        "dvar2": 0.00998560711741,
        "max": 0.886491239071,
        "mean": 0.598364293575,
        "median": 0.603543102741,
        "min": 0.13714890182,
        "var": 0.0118311326951
    },
    "silence_rate_20dB": {
        "dmean": 0,
        "dmean2": 0,
        "dvar": 0,
        "dvar2": 0,
        "max": 1,
        "mean": 1,
        "median": 1,
        "min": 1,
        "var": 0
    },
    "silence_rate_30dB": {
        "dmean": 0,
        "dmean2": 0,
        "dvar": 0,
        "dvar2": 0,
        "max": 1,
        "mean": 1,
        "median": 1,
        "min": 1,
        "var": 0
    },
    "silence_rate_60dB": {
        "dmean": 0.00929476041347,
        "dmean2": 0.0184754822403,
        "dvar": 0.00920786708593,
        "dvar2": 0.0211530867964,
        "max": 1,
        "mean": 0.0271840151399,
        "median": 0,
        "min": 0,
        "var": 0.026445293799
    },
    "spectral_centroid": {
        "dmean": 256.497680664,
        "dmean2": 389.264587402,
        "dvar": 118008.601562,
        "dvar2": 212189.078125,
        "max": 11115.7158203,
        "mean": 1394.91467285,
        "median": 1342.72583008,
        "min": 246.592758179,
        "var": 471497.75
    },
    "spectral_complexity": {
        "dmean": 3.42953419685,
        "dmean2": 5.38705539703,
        "dvar": 12.640914917,
        "dvar2": 26.7957935333,
        "max": 56,
        "mean": 21.0953769684,
        "median": 21,
        "min": 0,
        "var": 97.2196807861
    },
    "spectral_decrease": {
        "dmean": 1.99744309981e-09,
        "dmean2": 3.12482262288e-09,
        "dvar": 6.07036873639e-18,
        "dvar2": 1.36503238927e-17,
        "max": -1.34293867242e-28,
        "mean": -6.47489972749e-09,
        "median": -5.73653125002e-09,
        "min": -3.7158521593e-08,
        "var": 1.8927778387e-17
    },
    "spectral_energy": {
        "dmean": 0.00825878139585,
        "dmean2": 0.0127088092268,
        "dvar": 9.61952609941e-05,
        "dvar2": 0.000213350096601,
        "max": 0.14711971581,
        "mean": 0.027882007882,
        "median": 0.0252334661782,
        "min": 1.06064450485e-20,
        "var": 0.000329875823809
    },
    "spectral_energyband_high": {
        "dmean": 0.00117656204384,
        "dmean2": 0.00159298442304,
        "dvar": 1.06600900835e-05,
        "dvar2": 1.92427251022e-05,
        "max": 0.0791057497263,
        "mean": 0.0023509929888,
        "median": 0.000909867929295,
        "min": 7.73985063568e-21,
        "var": 2.65262551693e-05
    },
    "spectral_energyband_low": {
        "dmean": 0.00352139072493,
        "dmean2": 0.00559653202072,
        "dvar": 4.70449085697e-05,
        "dvar2": 0.000106812993181,
        "max": 0.0836950689554,
        "mean": 0.00654756650329,
        "median": 0.00368821877055,
        "min": 2.82020992169e-23,
        "var": 9.01555176824e-05
    },
    "spectral_energyband_middle_high": {
        "dmean": 0.00198995810933,
        "dmean2": 0.00294321589172,
        "dvar": 8.19558499643e-06,
        "dvar2": 1.8292632376e-05,
        "max": 0.0517893284559,
        "mean": 0.00662832520902,
        "median": 0.004058748018,
        "min": 1.73217173849e-21,
        "var": 4.68204489152e-05
    },
    "spectral_energyband_middle_low": {
        "dmean": 0.00549308536574,
        "dmean2": 0.00884002540261,
        "dvar": 5.7562294387e-05,
        "dvar2": 0.000134873931529,
        "max": 0.137784719467,
        "mean": 0.0134763307869,
        "median": 0.010507225059,
        "min": 3.57286791738e-22,
        "var": 0.000131355744088
    },
    "spectral_entropy": {
        "dmean": 0.166868671775,
        "dmean2": 0.245212763548,
        "dvar": 0.0327442139387,
        "dvar2": 0.0637058466673,
        "max": 9.78838443756,
        "mean": 7.811398983,
        "median": 7.84407043457,
        "min": 5.94158506393,
        "var": 0.170042648911
    },
    "spectral_flux": {
        "dmean": 0.0232295021415,
        "dmean2": 0.0364401638508,
        "dvar": 0.000579057901632,
        "dvar2": 0.00128795218188,
        "max": 0.335318803787,
        "mean": 0.0949687808752,
        "median": 0.0923405587673,
        "min": 1.87846708855e-07,
        "var": 0.00197233213112
    },
    "spectral_kurtosis": {
        "dmean": 1.00722360611,
        "dmean2": 1.51819431782,
        "dvar": 1.20491588116,
        "dvar2": 2.64439415932,
        "max": 17.2218475342,
        "mean": 3.70885372162,
        "median": 3.50546121597,
        "min": -1.49460542202,
        "var": 5.64948177338
    },
    "spectral_rms": {
        "dmean": 0.000740995164961,
        "dmean2": 0.00113192899153,
        "dvar": 5.84672704917e-07,
        "dvar2": 1.25931148887e-06,
        "max": 0.0119804600254,
        "mean": 0.00491020828485,
        "median": 0.00496165454388,
        "min": 3.21679206709e-12,
        "var": 3.0917415188e-06
    },
    "spectral_rolloff": {
        "dmean": 796.757019043,
        "dmean2": 1331.04138184,
        "dvar": 2415274.75,
        "dvar2": 5106442.5,
        "max": 17958.6914062,
        "mean": 2148.2734375,
        "median": 1528.85742188,
        "min": 86.1328125,
        "var": 5337455
    },
    "spectral_skewness": {
        "dmean": 0.183307617903,
        "dmean2": 0.266826599836,
        "dvar": 0.0403974615037,
        "dvar2": 0.072477221489,
        "max": 3.47456002235,
        "mean": 1.65351939201,
        "median": 1.69150459766,
        "min": -0.70369553566,
        "var": 0.219036132097
    },
    "spectral_spread": {
        "dmean": 858993.9375,
        "dmean2": 1200334.375,
        "dvar": 1.20545660109e+12,
        "dvar2": 1.98328097178e+12,
        "max": 39869828,
        "mean": 6645573,
        "median": 6267093,
        "min": 2105775.75,
        "var": 5.91311090483e+12
    },
    "spectral_strongpeak": {
        "dmean": 0.657397329807,
        "dmean2": 1.1043639183,
        "dvar": 1.30229961872,
        "dvar2": 3.38235807419,
        "max": 22.9096546173,
        "mean": 1.10023105145,
        "median": 0.62687432766,
        "min": 0,
        "var": 1.79694461823
    },
    "zerocrossingrate": {
        "dmean": 0.0176205597818,
        "dmean2": 0.0198978297412,
        "dvar": 0.000531771802343,
        "dvar2": 0.000535671657417,
        "max": 0.68115234375,
        "mean": 0.0931228548288,
        "median": 0.08251953125,
        "min": 0.01025390625,
        "var": 0.00331196351908
    },
    "barkbands": {
        "dmean": [0.000109024622361, 0.00211745663546, 0.00175548903644, 0.001158917672, 0.00247301254421, 0.000783508527093, 0.000860435073264, 0.00147039326839, 0.00169893947896, 0.000820790824946, 0.000621087267064, 0.000605127483141, 0.000400782068027, 0.000335324730258, 0.000291822099825, 0.000216531712795, 0.000262405024841, 0.000240566863795, 0.00014446102432, 9.82068449957e-05, 6.76889903843e-05, 0.000104000617284, 0.000172556014149, 0.000360861653462, 0.000433327804785, 0.000164454962942, 2.59515018115e-05],
        "dmean2": [0.000189474929357, 0.0034265476279, 0.00298291188665, 0.00196239724755, 0.00410747248679, 0.00126531720161, 0.00135954993311, 0.0023762055207, 0.00272873183712, 0.00134404830169, 0.00101426243782, 0.000994179514237, 0.00064072641544, 0.000538039894309, 0.000468289217679, 0.000346714281477, 0.000411856832216, 0.000378064258257, 0.000228660312132, 0.000151998872752, 0.000104797712993, 0.00015503934992, 0.000248937081778, 0.000528833537828, 0.00060987577308, 0.000231423677178, 3.76014213543e-05],
        "dvar": [4.09343755337e-07, 2.69246665994e-05, 1.53515229613e-05, 8.13597853266e-06, 2.27130622079e-05, 2.29070747082e-06, 4.52281665275e-06, 1.13059786599e-05, 1.42862054417e-05, 2.90619254883e-06, 1.96644350581e-06, 1.91969434127e-06, 7.71219163198e-07, 4.6144370458e-07, 2.67631236284e-07, 2.53379397464e-07, 3.24639131577e-07, 2.19661544065e-07, 6.71796485108e-08, 3.04170733045e-08, 1.87259523443e-08, 3.77738480495e-08, 1.34035332167e-07, 2.01014540835e-06, 2.68426970251e-06, 1.87694382703e-07, 3.80010201084e-09],
        "dvar2": [1.17706770197e-06, 6.62949751131e-05, 3.94726739614e-05, 2.12679533433e-05, 5.92551150476e-05, 5.30854777026e-06, 1.0859916074e-05, 2.76051323453e-05, 3.5386201489e-05, 7.69179860072e-06, 5.1732886277e-06, 5.0001517593e-06, 1.86745046449e-06, 1.10979033252e-06, 6.2228787101e-07, 5.85911266171e-07, 6.82163772581e-07, 4.86960914259e-07, 1.5503887596e-07, 6.8669081088e-08, 4.14874001819e-08, 8.30962818554e-08, 2.59652381374e-07, 4.39827499576e-06, 4.9619575293e-06, 3.43103039313e-07, 8.44107361786e-09],
        "max": [0.0342857018113, 0.0780095458031, 0.0507277399302, 0.0610753707588, 0.0844405218959, 0.0338920764625, 0.0609209872782, 0.0681485459208, 0.0744249075651, 0.0311597716063, 0.0332513824105, 0.0306677632034, 0.0196713898331, 0.0161627456546, 0.00979329552501, 0.0117942774668, 0.0181539878249, 0.0121097266674, 0.00782070867717, 0.00282995472662, 0.00279702106491, 0.00621119281277, 0.00997436325997, 0.0392254553735, 0.0440867729485, 0.0214210115373, 0.00229043420404],
        "mean": [0.000123843419715, 0.00312329269946, 0.00243368069641, 0.00157493306324, 0.00380665226839, 0.00131149345543, 0.00133451481815, 0.00223731226288, 0.00267718196847, 0.00135499844328, 0.000993883353658, 0.000994696747512, 0.000667137792334, 0.000560676271562, 0.00052583887009, 0.000375943200197, 0.00052889669314, 0.000498935231008, 0.000303383305436, 0.000204855765332, 0.00013302572188, 0.000209517980693, 0.000322757608956, 0.000565754366107, 0.000705203856342, 0.000275287922705, 3.82662947231e-05],
        "median": [2.097687684e-05, 0.00122499349527, 0.00103367888369, 0.000671968096867, 0.00202524941415, 0.00068032060517, 0.000508162658662, 0.000821938854642, 0.000763203250244, 0.000416574301198, 0.000272988603683, 0.000384906597901, 0.000259327935055, 0.000214275612962, 0.00030292046722, 0.000178988848347, 0.000270966935204, 0.000227095224545, 0.000178195361514, 9.90880216705e-05, 6.55115800328e-05, 8.8961009169e-05, 0.000116309893201, 0.000140743446536, 0.000178949572728, 9.02477477212e-05, 1.00680081232e-05],
        "min": [1.60397873013e-23, 1.09962003706e-23, 2.40348779818e-24, 6.99855464779e-24, 3.53848165985e-23, 1.03136154376e-22, 3.62828085213e-23, 1.23447189606e-22, 4.902152059e-23, 2.63687643851e-23, 2.59682508682e-22, 1.82111417735e-22, 1.36360918355e-22, 1.44876602407e-22, 1.03995173415e-22, 1.6570839943e-22, 1.60590547556e-22, 1.42627970174e-22, 2.83188518931e-22, 2.5860289258e-22, 3.53154119849e-22, 5.49971457336e-22, 6.14849094742e-22, 8.7439251147e-22, 1.76537427553e-21, 1.52129389569e-21, 2.14978546258e-21],
        "var": [3.9731642687e-07, 3.80353121727e-05, 1.72787749761e-05, 8.58922066982e-06, 3.13314376399e-05, 4.26613542004e-06, 7.02251236362e-06, 1.94391759578e-05, 2.62608609773e-05, 6.29339410807e-06, 4.25101734436e-06, 3.18264960697e-06, 1.54872930125e-06, 9.96186827251e-07, 5.43952069165e-07, 4.84966619752e-07, 1.108570018e-06, 6.30162844573e-07, 1.69006383999e-07, 8.28972872569e-08, 4.58224747035e-08, 1.03178990685e-07, 3.27252706711e-07, 3.21059928865e-06, 5.97193911744e-06, 4.92147592013e-07, 6.11498984782e-09]
    },
    "erbbands": {
        "dmean": [0.0509776175022, 0.537993550301, 1.88614451885, 2.87442088127, 6.77639436722, 9.060795784, 8.11103820801, 5.53463411331, 8.71815013885, 20.2193164825, 34.2285842896, 39.4574432373, 27.769733429, 25.6499042511, 21.2282867432, 23.1393032074, 17.2616004944, 18.0628833771, 15.1266098022, 10.991232872, 11.6173019409, 12.2017660141, 12.9904098511, 8.89705276489, 6.17250680923, 4.53537845612, 2.99516844749, 2.755392313, 3.5978500843, 3.97771382332, 5.02669477463, 6.67481851578, 6.78632116318, 5.71986532211, 2.66671085358, 0.898521304131, 0.285897105932, 0.0456297658384, 0.0048914947547, 0.00014655587438],
        "dmean2": [0.0842082127929, 0.860434353352, 3.14856553078, 4.77754306793, 11.3616418839, 15.0808954239, 13.3850402832, 8.91690063477, 13.9818124771, 31.9881229401, 55.1469650269, 63.5250549316, 45.503818512, 41.3736801147, 34.3983230591, 38.0232849121, 27.2195034027, 28.828874588, 23.8338279724, 17.5044746399, 18.221446991, 18.7790393829, 20.1381912231, 13.939371109, 9.70601558685, 6.94680929184, 4.55294036865, 4.18706130981, 5.39703702927, 5.89835548401, 7.24423885345, 9.66877651215, 10.0729827881, 8.17852687836, 3.78425335884, 1.28667676449, 0.413675874472, 0.0653061643243, 0.00703041395172, 0.000208427823964],
        "dvar": [0.0190531052649, 1.65304708481, 18.5375385284, 40.8850212097, 249.191589355, 294.90447998, 245.898483276, 157.805892944, 407.759979248, 2481.16381836, 5348.56396484, 8527.79199219, 3942.83496094, 3563.05273438, 2334.35717773, 2635.15185547, 1245.23156738, 1415.0715332, 770.737792969, 421.933288574, 721.719543457, 750.069824219, 663.127807617, 271.552093506, 100.645896912, 67.8261489868, 31.5843601227, 37.5691184998, 46.6762275696, 60.7103500366, 128.221054077, 637.895263672, 773.774902344, 482.856445312, 106.928291321, 7.04248332977, 0.595470368862, 0.0124927517027, 0.000126058337628, 1.11653520207e-07],
        "dvar2": [0.0534738190472, 3.89746975899, 46.8899765015, 104.639648438, 650.48651123, 783.32409668, 652.748962402, 340.091033936, 998.197998047, 6049.109375, 13255.1416016, 21533.2285156, 10316.0664062, 9134.25585938, 5959.05029297, 6853.75146484, 2980.6015625, 3462.02978516, 1786.63903809, 1005.13024902, 1599.75964355, 1587.04199219, 1388.29101562, 615.893432617, 226.02204895, 151.066726685, 72.0233230591, 85.8778381348, 106.749832153, 125.063995361, 249.516036987, 1434.61010742, 1719.54040527, 952.338745117, 194.129196167, 12.9903841019, 1.20071005821, 0.0258579738438, 0.000274813879514, 2.37653722479e-07],
        "max": [2.92162156105, 15.3292293549, 51.0807037354, 109.684959412, 332.831207275, 276.864929199, 268.560546875, 392.844543457, 611.479309082, 1179.9420166, 1533.64111328, 2241.43652344, 1193.13647461, 1472.05114746, 1024.52587891, 964.939331055, 807.213439941, 894.018981934, 670.910400391, 551.069396973, 775.118041992, 960.975280762, 730.77557373, 516.398498535, 215.39112854, 171.439559937, 165.511306763, 147.264984131, 224.115570068, 162.494003296, 345.956207275, 1087.75158691, 814.639099121, 561.485839844, 361.93258667, 103.205810547, 36.4833068848, 5.06194448471, 0.332435816526, 0.00823578983545],
        "mean": [0.0673647522926, 0.784689426422, 2.70097088814, 4.50881910324, 8.77363681793, 13.5448131561, 12.7603569031, 9.31131362915, 15.4384040833, 31.6313495636, 54.2464790344, 63.4246864319, 47.0268287659, 44.6298446655, 38.1144790649, 41.2529945374, 32.0430221558, 32.2283477783, 28.7028388977, 21.8331508636, 23.6161460876, 27.1469898224, 28.5462398529, 19.7493057251, 13.5574054718, 9.62518692017, 6.39126777649, 5.12389039993, 7.07728147507, 8.00631999969, 9.33700656891, 10.7920637131, 10.2169075012, 8.95617961884, 4.30086278915, 1.50414311886, 0.463652312756, 0.0709936618805, 0.00737911835313, 0.000252676050877],
        "median": [0.0192047003657, 0.313434362411, 1.14541721344, 2.33121824265, 3.97696685791, 6.69313812256, 6.16266393661, 4.79707193375, 7.19181442261, 11.6203184128, 22.8238754272, 19.5722694397, 13.8489284515, 16.2484664917, 11.8649711609, 17.8345241547, 13.9310379028, 13.5718250275, 15.5714635849, 13.100271225, 12.9230709076, 14.0443992615, 13.379784584, 10.8950691223, 8.08654689789, 4.59427499771, 3.39789485931, 2.30103874207, 3.13855051994, 3.06996512413, 3.30304050446, 2.92818713188, 2.40039253235, 2.12239694595, 1.13572335243, 0.488963007927, 0.147700846195, 0.0202578268945, 0.00203233864158, 9.69473912846e-05],
        "min": [7.46599619666e-22, 1.08666117284e-21, 2.12976167369e-21, 1.32964162057e-20, 5.32844256642e-20, 1.72134372617e-19, 2.557109698e-19, 1.04174381882e-18, 8.12185482409e-19, 6.12818359472e-19, 3.19969508239e-18, 1.24488986469e-18, 6.79564907268e-19, 2.83064907249e-18, 1.12254919035e-17, 7.58745561653e-18, 7.14911772068e-18, 8.04011200877e-18, 5.09769160358e-18, 8.57406950189e-18, 8.26932954678e-18, 9.3360798627e-18, 8.97224860617e-18, 1.48243785592e-17, 1.11698731063e-17, 1.23198096677e-17, 1.75257883124e-17, 1.2073391736e-17, 1.98809352981e-17, 1.80849541347e-17, 1.72635852931e-17, 1.78773450359e-17, 1.58163401673e-17, 1.65812572407e-17, 1.30087576465e-17, 5.69449869322e-18, 3.08582250414e-18, 1.05126518466e-18, 3.18469317971e-19, 3.11093225664e-20],
        "var": [0.0252904798836, 2.30500078201, 21.5608921051, 51.8209190369, 259.956512451, 445.004882812, 410.205993652, 288.912506104, 739.463928223, 4441.52685547, 9017.10546875, 15647.1933594, 7968.23242188, 7829.51953125, 5073.38134766, 4813.06005859, 2829.39599609, 2924.34082031, 1664.84643555, 880.917724609, 1681.421875, 2907.11767578, 2184.57495117, 800.635498047, 288.594573975, 187.072540283, 90.3946609497, 77.5843582153, 116.099525452, 169.185012817, 301.237915039, 982.420166016, 1179.27893066, 964.934814453, 236.754318237, 18.0919513702, 1.3234411478, 0.0245285052806, 0.000217843960854, 2.08475597674e-07]
    },
    "gfcc": {
        "mean": [36.0217971802, 52.2328720093, -101.064582825, 8.67365074158, -60.0572052002, 15.9043931961, -45.126991272, 18.0817203522, -26.6971759796, 0.188482731581, -20.0603675842, -0.958358585835, -18.8217315674],
        "cov": [[4321.56982422, -695.795959473, 540.462768555, 268.017150879, 142.592407227, 223.729370117, 65.1411895752, -42.3168144226, -130.504241943, -108.153366089, -52.1256866455, 20.0702056885, -76.4885177612], [-695.795959473, 1042.78894043, 326.322937012, 167.6746521, 141.491546631, -83.5543060303, 14.1141548157, 8.75351047516, 29.919511795, 34.0780258179, 74.3615112305, -23.6217880249, -11.4158363342], [540.462768555, 326.322937012, 1775.28295898, 601.400634766, 251.988616943, 60.0705070496, -174.449523926, -41.9759635925, 0.688148140907, 25.7739639282, 41.439956665, 2.99899101257, 0.472489476204], [268.017150879, 167.6746521, 601.400634766, 480.710205078, 166.640029907, 41.9580764771, -67.1557998657, -7.69366407394, 19.2526435852, 4.38291311264, 19.3920783997, 14.5164394379, 29.4739379883], [142.592407227, 141.491546631, 251.988616943, 166.640029907, 269.407775879, 37.8183403015, 17.1297779083, 22.8124427795, 15.7156658173, 25.320772171, 7.54896020889, -0.601362884045, 5.19992876053], [223.729370117, -83.5543060303, 60.0705070496, 41.9580764771, 37.8183403015, 182.916656494, 81.8721694946, 30.6264514923, -3.55825185776, 2.03750801086, 15.8976230621, -9.17043018341, -2.53609013557], [65.1411895752, 14.1141548157, -174.449523926, -67.1557998657, 17.1297779083, 81.8721694946, 219.277145386, 38.4765510559, -2.79347014427, 19.5763072968, 5.48142147064, -4.37809896469, -25.5720672607], [-42.3168144226, 8.75351047516, -41.9759635925, -7.69366407394, 22.8124427795, 30.6264514923, 38.4765510559, 107.06048584, 39.5876197815, 2.37663030624, 5.25417470932, 0.891315639019, 5.77728462219], [-130.504241943, 29.919511795, 0.688148140907, 19.2526435852, 15.7156658173, -3.55825185776, -2.79347014427, 39.5876197815, 100.483978271, 32.2371635437, 3.88217306137, 3.4113972187, 6.38048553467], [-108.153366089, 34.0780258179, 25.7739639282, 4.38291311264, 25.320772171, 2.03750801086, 19.5763072968, 2.37663030624, 32.2371635437, 97.1765136719, 26.8942604065, -0.445057779551, -0.426927030087], [-52.1256866455, 74.3615112305, 41.439956665, 19.3920783997, 7.54896020889, 15.8976230621, 5.48142147064, 5.25417470932, 3.88217306137, 26.8942604065, 77.4229278564, 22.9984970093, 1.47774350643], [20.0702056885, -23.6217880249, 2.99899101257, 14.5164394379, -0.601362884045, -9.17043018341, -4.37809896469, 0.891315639019, 3.4113972187, -0.445057779551, 22.9984970093, 66.4506530762, 22.1695308685], [-76.4885177612, -11.4158363342, 0.472489476204, 29.4739379883, 5.19992876053, -2.53609013557, -25.5720672607, 5.77728462219, 6.38048553467, -0.426927030087, 1.47774350643, 22.1695308685, 70.78956604]],
        "icov": [[0.000336251134286, 0.000275509373751, -9.00536106201e-05, -0.000159519651788, -0.000170256869751, -0.000123765508761, -0.000165748147992, 6.92798421369e-05, 0.000257257226622, 0.000296873418847, 2.29405486607e-05, -0.000163330027135, 0.000446588121122], [0.000275509373751, 0.00166291208006, -0.000274626887403, -0.000385037710657, -0.000669058063067, 0.00140680593904, -0.000994551344775, 6.99162192177e-05, -0.000189068727195, 0.000782512070145, -0.00200828537345, 0.00140755611937, 8.54454992805e-05], [-9.00536106201e-05, -0.000274626887403, 0.00116223364603, -0.0011103048455, -0.000183784461115, -0.000543229747564, 0.000956530857366, 7.09091109456e-05, 0.000307183276163, -0.000532102305442, 0.00012668290583, -0.00018161573098, 0.00067006383324], [-0.000159519651788, -0.000385037710657, -0.0011103048455, 0.00449504517019, -0.00140291079879, -0.00080285128206, 0.000591625168454, 0.000652622256894, -0.00108731049113, 0.000661510974169, -4.94288069603e-05, -0.000501386763062, -0.00160380778834], [-0.000170256869751, -0.000669058063067, -0.000183784461115, -0.00140291079879, 0.00550033478066, -0.000590886746068, -0.00038943591062, -0.00118399213534, 0.000314845965477, -0.00163099472411, 0.00133006251417, -0.000357287906809, -0.000129856663989], [-0.000123765508761, 0.00140680593904, -0.000543229747564, -0.00080285128206, -0.000590886746068, 0.00927811209112, -0.00406546797603, -0.00130622438155, 6.71249872539e-05, 0.00145019090269, -0.0039859036915, 0.00368998921476, -0.00162488012575], [-0.000165748147992, -0.000994551344775, 0.000956530857366, 0.000591625168454, -0.00038943591062, -0.00406546797603, 0.00798273365945, -0.00191870715935, 0.00148981751408, -0.00254758773372, 0.00204156665131, -0.00223610037938, 0.00283907121047], [6.92798421369e-05, 6.99162192177e-05, 7.09091109456e-05, 0.000652622256894, -0.00118399213534, -0.00130622438155, -0.00191870715935, 0.0129981068894, -0.00583965051919, 0.00273468857631, -0.00141713547055, 0.000689933134709, -0.00154345773626], [0.000257257226622, -0.000189068727195, 0.000307183276163, -0.00108731049113, 0.000314845965477, 6.71249872539e-05, 0.00148981751408, -0.00583965051919, 0.0144781814888, -0.00536334980279, 0.00229849200696, -0.00157421082258, 0.000799898582045], [0.000296873418847, 0.000782512070145, -0.000532102305442, 0.000661510974169, -0.00163099472411, 0.00145019090269, -0.00254758773372, 0.00273468857631, -0.00536334980279, 0.0148354396224, -0.00631753634661, 0.00294878520072, -0.0010153449839], [2.29405486607e-05, -0.00200828537345, 0.00012668290583, -4.94288069603e-05, 0.00133006251417, -0.0039859036915, 0.00204156665131, -0.00141713547055, 0.00229849200696, -0.00631753634661, 0.0201740302145, -0.00908040255308, 0.00251065893099], [-0.000163330027135, 0.00140755611937, -0.00018161573098, -0.000501386763062, -0.000357287906809, 0.00368998921476, -0.00223610037938, 0.000689933134709, -0.00157421082258, 0.00294878520072, -0.00908040255308, 0.0215974394232, -0.00685970997438], [0.000446588121122, 8.54454992805e-05, 0.00067006383324, -0.00160380778834, -0.000129856663989, -0.00162488012575, 0.00283907121047, -0.00154345773626, 0.000799898582045, -0.0010153449839, 0.00251065893099, -0.00685970997438, 0.0184065233916]]
    },
    "melbands": {
        "dmean": [0.000518167275004, 0.000846317270771, 0.000564619724173, 0.000587645801716, 0.000291763280984, 0.000128075131215, 0.000148211795022, 0.000238647029619, 0.000294033467071, 0.000250702752965, 0.000138206858537, 0.000105867344246, 7.39064853406e-05, 6.63705941406e-05, 5.49105279788e-05, 3.9102484152e-05, 3.63326762454e-05, 2.52958579949e-05, 2.10320358747e-05, 1.62279593496e-05, 1.49183006215e-05, 1.45461644934e-05, 1.40392039611e-05, 1.17902709462e-05, 7.71821578383e-06, 5.33212141818e-06, 4.08811501984e-06, 3.15845136356e-06, 2.1773246317e-06, 1.77025606263e-06, 1.68467261119e-06, 2.11002770811e-06, 2.30985733651e-06, 2.35276934291e-06, 2.7023770599e-06, 3.99082000513e-06, 4.42125838163e-06, 4.83005351271e-06, 5.33395086677e-06, 4.90901265948e-06],
        "dmean2": [0.000844699447043, 0.00135565258097, 0.000927664164919, 0.000977494753897, 0.000482842617203, 0.000206211203476, 0.00023552699713, 0.000378460739739, 0.00047240848653, 0.000403273210395, 0.000226646836381, 0.000171557854628, 0.00011978893599, 0.000107992935227, 8.8220462203e-05, 6.22498118901e-05, 5.85738234804e-05, 4.03426820412e-05, 3.38791141985e-05, 2.61314253294e-05, 2.34658218687e-05, 2.29549696087e-05, 2.17367050936e-05, 1.85692188097e-05, 1.22466381072e-05, 8.51287586556e-06, 6.40934513285e-06, 4.9055170166e-06, 3.37402889272e-06, 2.81572147287e-06, 2.6078710107e-06, 3.24117559103e-06, 3.48673620465e-06, 3.57940052709e-06, 3.99551618102e-06, 5.77936634727e-06, 6.60685327603e-06, 7.28075156076e-06, 8.0226764112e-06, 7.09700134394e-06],
        "dvar": [1.77632580289e-06, 3.33794764629e-06, 1.48302115122e-06, 1.42993894769e-06, 2.89271071097e-07, 7.26714404209e-08, 1.23330082147e-07, 3.38500171893e-07, 3.75499809024e-07, 3.62856724223e-07, 9.9483507654e-08, 6.01982605986e-08, 2.74817075763e-08, 2.56792525022e-08, 1.67056146694e-08, 8.47543990545e-09, 5.46539213886e-09, 2.53432230757e-09, 1.52531709485e-09, 1.34594446699e-09, 1.11881026665e-09, 1.09710807106e-09, 1.00344044185e-09, 5.37207278661e-10, 2.26546864601e-10, 7.85748688337e-11, 5.68616681518e-11, 3.49233038321e-11, 1.78653376814e-11, 1.39915214831e-11, 1.40373407342e-11, 1.65871032187e-11, 2.23950042538e-11, 2.31561471387e-11, 3.78067091522e-11, 1.03105267379e-10, 3.66171620803e-10, 4.02109623376e-10, 4.96836238817e-10, 3.59023311081e-10],
        "dvar2": [4.67437303087e-06, 7.89644673205e-06, 3.77672881768e-06, 3.7379643345e-06, 7.76449212481e-07, 1.58112896997e-07, 2.9828197512e-07, 8.25878942123e-07, 9.20289437545e-07, 9.12490520477e-07, 2.59171287098e-07, 1.55400485369e-07, 7.24923054918e-08, 6.57025651662e-08, 4.12485370305e-08, 2.01520240495e-08, 1.34554385411e-08, 6.01500493858e-09, 3.64817798193e-09, 3.10363312828e-09, 2.44088482759e-09, 2.44266962213e-09, 2.18990314771e-09, 1.20103571533e-09, 5.22222320942e-10, 1.85840731692e-10, 1.2809371619e-10, 7.94684387739e-11, 4.32283410456e-11, 3.30322748321e-11, 3.32067151554e-11, 3.96740626463e-11, 5.0223089576e-11, 4.96415755724e-11, 7.90742957224e-11, 2.03412328648e-10, 8.6788404241e-10, 9.2251994932e-10, 1.11390896507e-09, 7.03003766311e-10],
        "max": [0.0237852167338, 0.0233262944967, 0.0235060304403, 0.0213488452137, 0.00864482391626, 0.00799387693405, 0.0113109219819, 0.0136381611228, 0.0135443517938, 0.0147114722058, 0.00576491095126, 0.00614293757826, 0.00356319616549, 0.00439630448818, 0.00302379042841, 0.00260805082507, 0.00158272066619, 0.00118409132119, 0.000889946240932, 0.00112499087118, 0.00099117634818, 0.00118504231796, 0.00120129156858, 0.000491624930874, 0.000480804766994, 0.00018307499704, 0.00015246932162, 0.000138817966217, 0.000152867127326, 8.04865994724e-05, 8.44172755023e-05, 0.000106146086182, 0.000165809178725, 0.000115169641504, 0.000189747239347, 0.000404043559683, 0.00072261877358, 0.00063225167105, 0.000587633869145, 0.000490735576022],
        "mean": [0.000738977396395, 0.00132421392482, 0.000871210184414, 0.000855675432831, 0.000471342063975, 0.000216643180465, 0.00025268207537, 0.00037132872967, 0.000458985654404, 0.000392199755879, 0.00022401183378, 0.000175800843863, 0.000126946091768, 0.000110370143375, 9.2586305982e-05, 6.49731373414e-05, 5.92747419432e-05, 4.39172363258e-05, 3.75545096176e-05, 2.71919507213e-05, 2.82420060103e-05, 2.90000607492e-05, 2.6837184123e-05, 2.40036442847e-05, 1.51240656123e-05, 1.0541744814e-05, 7.99032932264e-06, 6.05348714089e-06, 4.27846180173e-06, 3.1509036944e-06, 2.83852091343e-06, 3.85752309739e-06, 4.3819190978e-06, 4.44105489805e-06, 4.82358473164e-06, 6.6360398705e-06, 6.63293712933e-06, 6.8463750722e-06, 7.82100323704e-06, 7.52484675104e-06],
        "median": [0.000278868188616, 0.000610672519542, 0.000481373135699, 0.000405239494285, 0.000248519529123, 0.000114023729111, 0.000112296511361, 0.000131669701659, 0.000184947086382, 0.000104665865365, 5.95285891904e-05, 5.99650738877e-05, 3.69891276932e-05, 4.19543575845e-05, 3.79314660677e-05, 2.39668406721e-05, 2.30999976338e-05, 2.12188606383e-05, 2.15179607039e-05, 1.34328565764e-05, 1.45543617691e-05, 1.41833143061e-05, 1.21409175335e-05, 1.08478070615e-05, 7.97642405814e-06, 6.02095406066e-06, 4.00032286052e-06, 2.69780321105e-06, 2.16490388993e-06, 1.51634878875e-06, 1.13043813599e-06, 1.66571226146e-06, 1.63779577633e-06, 1.65923211171e-06, 1.72613795257e-06, 2.03848935598e-06, 1.58334432854e-06, 1.56134706231e-06, 1.71041119756e-06, 1.7465183646e-06],
        "min": [6.12094176313e-24, 1.1319144248e-24, 3.18755873998e-24, 8.28390488523e-24, 9.41806361931e-24, 2.33866871476e-23, 1.06627157338e-23, 1.0923683543e-23, 2.49985145704e-23, 6.24207924374e-24, 3.22138943433e-24, 8.52903473406e-24, 4.18370393154e-23, 1.86019428348e-23, 1.65526447084e-23, 1.56970635256e-23, 1.55255383435e-23, 7.33937963531e-24, 1.12844091246e-23, 1.02283231654e-23, 9.6271519911e-24, 1.04347096886e-23, 8.19715306263e-24, 6.24778073593e-24, 1.33805718997e-23, 8.36253932913e-24, 7.90472863595e-24, 8.02171749705e-24, 1.03293249714e-23, 8.58262047763e-24, 6.64062242268e-24, 1.15621134068e-23, 1.00761100872e-23, 9.36590176967e-24, 8.77103122737e-24, 1.21868013136e-23, 1.03174652366e-23, 1.12430239038e-23, 1.06072887889e-23, 1.52494843583e-23],
        "var": [2.42329292632e-06, 4.75710385217e-06, 1.79056485194e-06, 1.92566812984e-06, 4.73681666335e-07, 1.37733564998e-07, 2.10868535078e-07, 6.33514048332e-07, 6.7108857138e-07, 6.54108589515e-07, 1.97828498472e-07, 1.29617802713e-07, 6.07854815371e-08, 4.05225684119e-08, 3.27222124952e-08, 1.71731215914e-08, 1.1169482228e-08, 4.82532946933e-09, 2.96076541062e-09, 2.39125208523e-09, 2.68237920764e-09, 3.49185147464e-09, 2.9140017066e-09, 1.5178368562e-09, 5.60458124355e-10, 1.91874821587e-10, 1.35884872798e-10, 8.65550894846e-11, 4.6514798957e-11, 2.82253699579e-11, 2.60621437626e-11, 3.75262564078e-11, 5.33385904888e-11, 5.7849062346e-11, 8.29307178485e-11, 2.03385114306e-10, 5.0178367017e-10, 5.70378577702e-10, 7.52420459271e-10, 7.17144343909e-10]
    },
    "mfcc": {
        "mean": [-617.211669922, 100.711509705, 8.15240764618, -0.288111448288, 7.8325176239, -7.6346077919, -1.49013948441, 5.78642225266, -2.02920913696, 2.43124485016, 1.93786621094, -2.43489074707, -3.06681871414],
        "cov": [[3745.31079102, -755.161804199, -2.04825425148, -36.1025047302, 26.7502441406, 171.794799805, 174.178771973, 164.814605713, -27.6070957184, -6.95797204971, -33.7834396362, -62.4424743652, -49.2884483337], [-755.161804199, 875.662719727, 187.061294556, 202.295761108, 99.8985671997, -9.84223937988, 35.3602409363, -23.3410758972, -29.8857498169, 28.166469574, 57.215057373, 21.5206546783, 41.835521698], [-2.04825425148, 187.061294556, 1353.0144043, 477.203155518, 463.688415527, 133.120834351, 37.179107666, -34.8739547729, -26.1786155701, -33.290763855, 0.0481903217733, 40.5610389709, 22.5334339142], [-36.1025047302, 202.295761108, 477.203155518, 462.038696289, 284.772918701, 80.1385421753, 11.5467653275, -18.9406490326, 9.18762969971, -11.489648819, -6.89747524261, 30.2367267609, 30.313205719], [26.7502441406, 99.8985671997, 463.688415527, 284.772918701, 408.236663818, 58.4263496399, 6.27932739258, -10.6008005142, 20.8500556946, -9.5875453949, -12.0641098022, 24.3145828247, 22.8987216949], [171.794799805, -9.84223937988, 133.120834351, 80.1385421753, 58.4263496399, 159.303497314, 79.5879745483, 12.295920372, 12.2567491531, 26.9252338409, 15.9651050568, 5.53109788895, 1.36822187901], [174.178771973, 35.3602409363, 37.179107666, 11.5467653275, 6.27932739258, 79.5879745483, 170.772705078, 52.2965011597, 3.63448047638, 35.7104644775, 24.0843486786, -3.72578430176, -3.66933679581], [164.814605713, -23.3410758972, -34.8739547729, -18.9406490326, -10.6008005142, 12.295920372, 52.2965011597, 130.239151001, 22.3419570923, 16.5805568695, 12.2482252121, -7.39759016037, 5.17840337753], [-27.6070957184, -29.8857498169, -26.1786155701, 9.18762969971, 20.8500556946, 12.2567491531, 3.63448047638, 22.3419570923, 108.859588623, 29.9011116028, 6.9983215332, 12.8352594376, -2.97033309937], [-6.95797204971, 28.166469574, -33.290763855, -11.489648819, -9.5875453949, 26.9252338409, 35.7104644775, 16.5805568695, 29.9011116028, 91.4559249878, 37.0178833008, 4.04005813599, -0.21769952774], [-33.7834396362, 57.215057373, 0.0481903217733, -6.89747524261, -12.0641098022, 15.9651050568, 24.0843486786, 12.2482252121, 6.9983215332, 37.0178833008, 83.678352356, 22.823884964, 4.22011947632], [-62.4424743652, 21.5206546783, 40.5610389709, 30.2367267609, 24.3145828247, 5.53109788895, -3.72578430176, -7.39759016037, 12.8352594376, 4.04005813599, 22.823884964, 79.2429428101, 31.2198581696], [-49.2884483337, 41.835521698, 22.5334339142, 30.313205719, 22.8987216949, 1.36822187901, -3.66933679581, 5.17840337753, -2.97033309937, -0.21769952774, 4.22011947632, 31.2198581696, 68.4998855591]],
