{
"lowlevel": {
    "average_loudness": 0.915580332279,
    "barkbands_crest": {
        "dmean": 2.45302915573,
        "dmean2": 3.95920133591,
        "dvar": 4.56171369553,
        "dvar2": 11.592959404,
        "max": 26.7256183624,
        "mean": 9.73108577728,
        "median": 8.89428901672,
        "min": 2.01771140099,
        "var": 18.4142360687
    },
    "barkbands_flatness_db": {
        "dmean": 0.0178260039538,
        "dmean2": 0.0274525601417,
        "dvar": 0.000303527980577,
        "dvar2": 0.000680531491525,
        "max": 0.372416555882,
        "mean": 0.107595726848,
        "median": 0.0966131836176,
        "min": 0.0116334361956,
        "var": 0.00276901945472
    },
    "barkbands_kurtosis": {
        "dmean": 2.20920348167,
        "dmean2": 3.49179506302,
        "dvar": 32.7416419983,
        "dvar2": 76.3554611206,
        "max": 168.127105713,
        "mean": 2.89887046814,
        "median": 0.332029104233,
        "min": -1.94680571556,
        "var": 76.9626846313
    },
    "barkbands_skewness": {
        "dmean": 0.471109986305,
        "dmean2": 0.720555603504,
        "dvar": 0.320299088955,
        "dvar2": 0.674031317234,
        "max": 12.4071598053,
        "mean": 1.20595991611,
        "median": 1.00882434845,
        "min": -5.24609565735,
        "var": 1.63258767128
    },
    "barkbands_spread": {
        "dmean": 6.49855804443,
        "dmean2": 10.0093288422,
        "dvar": 66.5977554321,
        "dvar2": 138.785385132,
        "max": 130.933242798,
        "mean": 32.4809112549,
        "median": 31.4798355103,
        "min": 1.10531425476,
        "var": 369.960662842
    },
    "dissonance": {
        "dmean": 0.0146964099258,
        "dmean2": 0.0249001663178,
        "dvar": 0.000301537540508,
        "dvar2": 0.000818322820123,
        "max": 0.500000059605,
        "mean": 0.471853077412,
        "median": 0.480610430241,
        "min": 0.244012176991,
        "var": 0.000792701495811
    },
    "dynamic_complexity": 2.96918559074,
    "erbbands_crest": {
        "dmean": 2.41761136055,
        "dmean2": 3.96388554573,
        "dvar": 4.8846077919,
        "dvar2": 12.3002481461,
        "max": 29.6417541504,
        "mean": 8.6431055069,
        "median": 7.57804822922,
        "min": 2.24452662468,
        "var": 18.4495201111
    },
    "erbbands_flatness_db": {
        "dmean": 0.0149192530662,
        "dmean2": 0.0226534828544,
        "dvar": 0.000206988304853,
        "dvar2": 0.000442936783656,
        "max": 0.337880134583,
        "mean": 0.139269083738,
        "median": 0.12582552433,
        "min": 0.0303147807717,
        "var": 0.00290117459372
    },
    "erbbands_kurtosis": {
        "dmean": 0.987244069576,
        "dmean2": 1.53904473782,
        "dvar": 3.29470658302,
        "dvar2": 7.30301332474,
        "max": 62.1809158325,
        "mean": 0.974684238434,
        "median": 0.128069043159,
        "min": -1.87756514549,
        "var": 10.8975200653
    },
    "erbbands_skewness": {
        "dmean": 0.328358352184,
        "dmean2": 0.499170303345,
        "dvar": 0.127671450377,
        "dvar2": 0.253037333488,
        "max": 4.79647827148,
        "mean": 0.0625714957714,
        "median": 0.0266552940011,
        "min": -6.92016172409,
        "var": 0.913242161274
    },
    "erbbands_spread": {
        "dmean": 7.69947242737,
        "dmean2": 11.7468519211,
        "dvar": 76.8626174927,
        "dvar2": 172.712661743,
        "max": 148.569015503,
        "mean": 39.3449020386,
        "median": 36.6929931641,
        "min": 2.22483706474,
        "var": 395.905731201
    },
    "hfc": {
        "dmean": 9.73851108551,
        "dmean2": 13.8449745178,
        "dvar": 336.205932617,
        "dvar2": 613.889099121,
        "max": 619.733154297,
        "mean": 35.6356964111,
        "median": 28.6298866272,
        "min": 1.17254770888e-16,
        "var": 1374.82019043
    },
    "melbands_crest": {
        "dmean": 3.36971950531,
        "dmean2": 5.38896512985,
        "dvar": 8.35977649689,
        "dvar2": 20.1682319641,
        "max": 39.667930603,
        "mean": 14.417637825,
        "median": 13.5548362732,
        "min": 1.65125703812,
        "var": 31.9847164154
    },
    "melbands_flatness_db": {
        "dmean": 0.0227898769081,
        "dmean2": 0.0345977135003,
        "dvar": 0.000478293659398,
        "dvar2": 0.00101729622111,
        "max": 0.452242970467,
        "mean": 0.167562827468,
        "median": 0.155333012342,
        "min": 0.00684907007962,
        "var": 0.00398630602285
    },
    "melbands_kurtosis": {
        "dmean": 6.11608791351,
        "dmean2": 9.66969490051,
        "dvar": 191.195571899,
        "dvar2": 448.329345703,
        "max": 438.529449463,
        "mean": 11.8104553223,
        "median": 5.40320682526,
        "min": -1.96461546421,
        "var": 455.262329102
    },
    "melbands_skewness": {
        "dmean": 0.679465651512,
        "dmean2": 1.05438184738,
        "dvar": 0.599548041821,
        "dvar2": 1.36794054508,
        "max": 17.7431907654,
        "mean": 2.50014734268,
        "median": 2.1810605526,
        "min": -2.5685904026,
        "var": 2.95944786072
    },
    "melbands_spread": {
        "dmean": 8.76132297516,
        "dmean2": 13.4694318771,
        "dvar": 208.680923462,
        "dvar2": 372.33682251,
        "max": 338.925750732,
        "mean": 33.5646057129,
        "median": 28.3136463165,
        "min": 0.745212674141,
        "var": 847.147094727
    },
    "pitch_salience": {
        "dmean": 0.0682107284665,
        "dmean2": 0.108789198101,
        "dvar": 0.00366321974434,
        "dvar2": 0.00891605671495,
        "max": 0.923688113689,
        "mean": 0.555884718895,
        "median": 0.556293129921,
        "min": 0.0136278439313,
        "var": 0.016034822911
    },
    "silence_rate_20dB": {
        "dmean": 0,
        "dmean2": 0,
        "dvar": 0,
        "dvar2": 0,
        "max": 1,
        "mean": 1,
        "median": 1,
        "min": 1,
        "var": 0
    },
    "silence_rate_30dB": {
        "dmean": 0,
        "dmean2": 0,
        "dvar": 0,
        "dvar2": 0,
        "max": 1,
        "mean": 1,
        "median": 1,
        "min": 1,
        "var": 0
    },
    "silence_rate_60dB": {
        "dmean": 0.0181588325649,
        "dmean2": 0.036321837455,
        "dvar": 0.0178276766092,
        "dvar2": 0.0393644683063,
        "max": 1,
        "mean": 0.0604458749294,
        "median": 0,
        "min": 0,
        "var": 0.0567984953523
    },
    "spectral_centroid": {
        "dmean": 248.70072937,
        "dmean2": 379.050598145,
        "dvar": 103994.125,
        "dvar2": 182606.375,
        "max": 11387.7138672,
        "mean": 1740.46679688,
        "median": 1802.01611328,
        "min": 191.358078003,
        "var": 586737.0625
    },
    "spectral_complexity": {
        "dmean": 3.71428561211,
        "dmean2": 5.84160900116,
        "dvar": 14.8212718964,
        "dvar2": 32.413394928,
        "max": 59,
        "mean": 23.2802810669,
        "median": 24,
        "min": 0,
        "var": 163.199142456
    },
    "spectral_decrease": {
        "dmean": 1.74898717731e-09,
        "dmean2": 2.68598498998e-09,
        "dvar": 4.61132015675e-18,
        "dvar2": 1.04642789448e-17,
        "max": 4.86617378337e-11,
        "mean": -6.66116628523e-09,
        "median": -6.46586073572e-09,
        "min": -3.38744534645e-08,
        "var": 2.11206408083e-17
    },
    "spectral_energy": {
        "dmean": 0.00706513784826,
        "dmean2": 0.0107987849042,
        "dvar": 7.10061794962e-05,
        "dvar2": 0.000159467032063,
        "max": 0.13184940815,
        "mean": 0.0283729843795,
        "median": 0.0282083246857,
        "min": 1.0980144085e-20,
        "var": 0.000360112608178
    },
    "spectral_energyband_high": {
        "dmean": 0.000813988037407,
        "dmean2": 0.00113078020513,
        "dvar": 3.8540724745e-06,
        "dvar2": 7.1047320489e-06,
        "max": 0.0624155327678,
        "mean": 0.00211464124732,
        "median": 0.000982892117463,
        "min": 7.93277516548e-21,
        "var": 1.32124378069e-05
    },
    "spectral_energyband_low": {
        "dmean": 0.00476894015446,
        "dmean2": 0.00753693701699,
        "dvar": 5.88927250647e-05,
        "dvar2": 0.000140497315442,
        "max": 0.101748041809,
        "mean": 0.0102446833625,
        "median": 0.0069988546893,
        "min": 2.94718686626e-23,
        "var": 0.000133916691993
    },
    "spectral_energyband_middle_high": {
        "dmean": 0.00207080156542,
        "dmean2": 0.00327128916979,
        "dvar": 8.0076397353e-06,
        "dvar2": 1.96874061658e-05,
        "max": 0.0707534775138,
        "mean": 0.00767500977963,
        "median": 0.00588847137988,
        "min": 1.61112235787e-21,
        "var": 4.67722638859e-05
    },
    "spectral_energyband_middle_low": {
        "dmean": 0.00442799041048,
        "dmean2": 0.00711976969615,
        "dvar": 4.76584646094e-05,
        "dvar2": 0.000117918185424,
        "max": 0.119428083301,
        "mean": 0.00951043795794,
        "median": 0.00750151462853,
        "min": 4.0446024473e-22,
        "var": 7.67817618907e-05
    },
    "spectral_entropy": {
        "dmean": 0.137923911214,
        "dmean2": 0.202573359013,
        "dvar": 0.0248165465891,
        "dvar2": 0.0477746352553,
        "max": 9.78211402893,
        "mean": 7.80251598358,
        "median": 7.91921520233,
        "min": 5.68124723434,
        "var": 0.243750035763
    },
    "spectral_flux": {
        "dmean": 0.0210164431483,
        "dmean2": 0.0306855905801,
        "dvar": 0.000522189075127,
        "dvar2": 0.000935341406148,
        "max": 0.300257563591,
        "mean": 0.0918413177133,
        "median": 0.0874055996537,
        "min": 1.04786179733e-10,
        "var": 0.0023794430308
    },
    "spectral_kurtosis": {
        "dmean": 1.02233707905,
        "dmean2": 1.62185966969,
        "dvar": 1.82497954369,
        "dvar2": 4.62200403214,
        "max": 26.9748764038,
        "mean": 4.11391305923,
        "median": 3.61246562004,
        "min": -1.42256867886,
        "var": 8.89639663696
    },
    "spectral_rms": {
        "dmean": 0.000634155876469,
        "dmean2": 0.000968980137259,
        "dvar": 4.07447373618e-07,
        "dvar2": 8.98095890989e-07,
        "max": 0.0113416742533,
        "mean": 0.00489583658054,
        "median": 0.00524598080665,
        "min": 3.27297043634e-12,
        "var": 3.71171313418e-06
    },
    "spectral_rolloff": {
        "dmean": 651.323547363,
        "dmean2": 1054.42919922,
        "dvar": 1283789.625,
        "dvar2": 2533515,
        "max": 18540.0878906,
        "mean": 2350.39355469,
        "median": 2002.58789062,
        "min": 21.533203125,
        "var": 4365322
    },
    "spectral_skewness": {
        "dmean": 0.157422944903,
        "dmean2": 0.238996043801,
        "dvar": 0.0305035095662,
        "dvar2": 0.0622801110148,
        "max": 4.17790269852,
        "mean": 1.5970877409,
        "median": 1.54925811291,
        "min": -0.610176742077,
        "var": 0.23153346777
    },
    "spectral_spread": {
        "dmean": 584708.625,
        "dmean2": 851142.375,
        "dvar": 577830780928,
        "dvar2": 921049694208,
        "max": 41496976,
        "mean": 5668866.5,
        "median": 5307593,
        "min": 1690642.375,
        "var": 3.90094782464e+12
    },
    "spectral_strongpeak": {
        "dmean": 0.53481733799,
        "dmean2": 0.932931959629,
        "dvar": 1.20774269104,
        "dvar2": 3.09763216972,
        "max": 19.9029178619,
        "mean": 0.875779807568,
        "median": 0.436101913452,
        "min": 0,
        "var": 1.72142493725
    },
    "zerocrossingrate": {
        "dmean": 0.0134076159447,
        "dmean2": 0.0150715019554,
        "dvar": 0.000326107285218,
        "dvar2": 0.000309404887957,
        "max": 0.626953125,
        "mean": 0.0908176228404,
        "median": 0.08203125,
        "min": 0,
        "var": 0.00312285521068
    },
    "barkbands": {
        "dmean": [0.000130530679598, 0.00322038074955, 0.00252320012078, 0.00172007083893, 0.00232114410028, 0.000699098338373, 0.00043288411689, 0.000470797298476, 0.000836504099425, 0.000572690216359, 0.000547504925635, 0.000414963404182, 0.000404720107326, 0.000381880847272, 0.000443857512437, 0.000400245335186, 0.000367096741684, 0.000362806371413, 0.000202457114938, 0.000152904191054, 0.000116634881124, 0.00010853119602, 0.000149812083691, 0.00020727798983, 0.000271805387456, 8.5131439846e-05, 1.65548481164e-05],
        "dmean2": [0.000202902243473, 0.00503322249278, 0.00433950452134, 0.00302432104945, 0.003916320391, 0.0011350865243, 0.00070812960621, 0.00076187227387, 0.00136034039315, 0.000938069599215, 0.00089474930428, 0.000676427793223, 0.000658962700982, 0.000631014176179, 0.000737490539905, 0.000644615967758, 0.000597913109232, 0.00058300740784, 0.000330427632434, 0.000254267069977, 0.000186578559806, 0.000170066879946, 0.000222589776968, 0.000300577085, 0.000385949213523, 0.000128237341414, 2.58929630945e-05],
        "dvar": [7.45100621202e-08, 2.86968661385e-05, 3.86375686503e-05, 1.70457660715e-05, 2.19173871301e-05, 3.9196211219e-06, 1.03579839106e-06, 1.3489052435e-06, 3.44836257682e-06, 1.54795520757e-06, 1.25167252918e-06, 9.38184257393e-07, 9.53388507696e-07, 7.35411902042e-07, 6.72888347708e-07, 5.86607995956e-07, 4.51292464732e-07, 3.52779863988e-07, 1.12373804484e-07, 5.90329101158e-08, 3.82527609588e-08, 4.44587406889e-08, 1.81777835451e-07, 5.71954899442e-07, 8.88628733264e-07, 4.424178357e-08, 2.01192285054e-09],
        "dvar2": [1.8498556642e-07, 6.83017788106e-05, 0.000103838450741, 4.74441512779e-05, 5.91952702962e-05, 1.05581129901e-05, 2.71705062005e-06, 3.37865185429e-06, 8.84892961039e-06, 4.20207197749e-06, 3.20840740642e-06, 2.36508412854e-06, 2.33971604757e-06, 1.95388270186e-06, 1.77505341981e-06, 1.39722465065e-06, 1.10512951323e-06, 8.83260725004e-07, 2.7629786814e-07, 1.58770745884e-07, 9.44296871808e-08, 1.05928862126e-07, 4.20211392793e-07, 1.18686398309e-06, 1.52514394358e-06, 8.11900662256e-08, 4.85891327173e-09],
        "max": [0.0116435931996, 0.0614402592182, 0.0788343250751, 0.0457067452371, 0.093552723527, 0.103179618716, 0.0221408102661, 0.0287539195269, 0.0390878431499, 0.0270190518349, 0.0217394977808, 0.026817586273, 0.0217846315354, 0.0203457251191, 0.0136922933161, 0.0145812500268, 0.0181194860488, 0.0113087017089, 0.0105793271214, 0.00376506196335, 0.00412753783166, 0.00596183724701, 0.0162018407136, 0.0286518409848, 0.0490423999727, 0.0117898108438, 0.00203937035985],
        "mean": [0.000187946410733, 0.00626053661108, 0.00278758816421, 0.00183681130875, 0.00341946282424, 0.00109373987652, 0.000717314134818, 0.000693246780429, 0.00144170527346, 0.00102101091761, 0.000927701126784, 0.000705648504663, 0.000741739524528, 0.000649132241961, 0.000779663561843, 0.000790122139733, 0.000786271237303, 0.000794227118604, 0.000442858698079, 0.000336006865837, 0.00026000503567, 0.000235904662986, 0.000287059956463, 0.000413285859395, 0.000555230246391, 0.000181066207006, 2.7695143217e-05],
        "median": [4.19284478994e-05, 0.00292047788389, 0.000847332645208, 0.000537426560186, 0.00164378620684, 0.000442163116531, 0.000209037680179, 0.000217130611418, 0.000409641390434, 0.000389667140553, 0.00029851187719, 0.00025129923597, 0.000247537798714, 0.000296397542115, 0.000344990345184, 0.000341739330906, 0.000390803499613, 0.000442917022156, 0.000246421142947, 0.000189790531294, 0.000153416884132, 0.000131697015604, 0.000109997454274, 0.000139317795401, 0.000134782487294, 5.79365514568e-05, 4.17125238528e-06],
        "min": [1.2582866286e-23, 1.55726175623e-23, 2.21071188662e-24, 6.5029827608e-24, 8.04121766531e-23, 6.63842670724e-23, 6.24051453814e-23, 5.35314636287e-23, 1.0209207488e-22, 4.08827984546e-23, 4.65573652467e-23, 1.28989385538e-22, 1.67711954668e-22, 1.33034929317e-22, 1.69598304108e-22, 1.77774386696e-22, 2.0377622663e-22, 1.74350957559e-22, 2.98718198794e-22, 3.26418525677e-22, 4.97861148716e-22, 6.59103106053e-22, 6.06164708053e-22, 1.19942804407e-21, 9.88514557382e-22, 1.82891026879e-21, 2.12065965773e-21],
        "var": [1.21909209838e-07, 6.36077602394e-05, 3.23422827933e-05, 1.39214407682e-05, 2.68150870397e-05, 4.53943539469e-06, 2.22005223804e-06, 2.08609822039e-06, 7.316801657e-06, 3.90511740989e-06, 2.94430083159e-06, 1.93493883671e-06, 2.57410397353e-06, 1.30612363591e-06, 1.43322188251e-06, 1.6967674128e-06, 1.57448926075e-06, 9.98923610496e-07, 3.58325422667e-07, 1.65238645877e-07, 1.03243827709e-07, 1.01135661623e-07, 3.50760302581e-07, 1.27880593936e-06, 2.48527589974e-06, 1.14065812795e-07, 5.74561331845e-09]
    },
    "erbbands": {
        "dmean": [0.0826942995191, 0.807027757168, 2.55453515053, 4.3320555687, 6.75286626816, 8.19688987732, 7.27492189407, 5.01753377914, 5.27310085297, 7.18107557297, 12.2420692444, 19.6742019653, 15.6018295288, 19.4171142578, 18.457654953, 16.3045692444, 17.9854755402, 17.6374168396, 20.5047359467, 21.4304294586, 19.7454090118, 18.6729755402, 19.7945976257, 12.1543998718, 8.92412853241, 6.87897586823, 5.40839242935, 4.17876005173, 3.93219709396, 4.24059152603, 4.21193885803, 4.22597885132, 3.75028324127, 3.77374267578, 1.58770191669, 0.543207108974, 0.129207894206, 0.0198524184525, 0.00329644558951, 0.000130159620312],
        "dmean2": [0.117305003107, 1.26290583611, 4.24818134308, 7.38039159775, 11.5468654633, 13.7675418854, 11.9002723694, 8.16728591919, 8.63820075989, 11.745557785, 19.9323215485, 31.8436126709, 25.7965450287, 31.9216632843, 30.0645008087, 26.3146324158, 29.0670681, 28.6844863892, 34.1537513733, 34.9285964966, 31.6811962128, 30.2041873932, 31.9260158539, 19.5280437469, 14.6977005005, 11.3821125031, 8.75129890442, 6.59852552414, 6.15559434891, 6.60506057739, 6.21971559525, 6.23393630981, 5.38892412186, 5.55608320236, 2.28503370285, 0.810673117638, 0.198054045439, 0.030353102833, 0.00524378102273, 0.000205491800443],
        "dvar": [0.0178552437574, 1.9842993021, 34.8126373291, 101.620155334, 237.942779541, 275.611480713, 250.987960815, 314.885131836, 137.163024902, 375.654022217, 870.888183594, 2164.73413086, 1455.66088867, 1514.53674316, 1462.97216797, 1557.7677002, 1917.71862793, 1475.89233398, 1678.77893066, 1765.50402832, 1549.68115234, 1355.40722656, 1186.72937012, 406.254241943, 207.062927246, 131.364929199, 83.766456604, 55.639793396, 52.2845573425, 91.8661499023, 165.658309937, 306.032653809, 173.432067871, 232.90802002, 23.3453121185, 1.86681377888, 0.0943467542529, 0.00213831663132, 7.9493096564e-05, 9.50575156367e-08],
        "dvar2": [0.0340752974153, 4.68076515198, 90.8775863647, 266.877716064, 644.612731934, 725.644165039, 639.202514648, 861.413024902, 354.363372803, 1007.31829834, 2177.05175781, 5462.16259766, 4076.87036133, 4079.33618164, 3824.2199707, 3949.46337891, 4605.93457031, 3726.53320312, 4560.31884766, 4344.33300781, 3711.29223633, 3261.40869141, 3030.47973633, 963.663208008, 545.48236084, 355.462371826, 208.717910767, 138.549819946, 121.953048706, 219.128631592, 379.083984375, 712.58215332, 337.131774902, 433.045288086, 43.3655776978, 3.3692240715, 0.185261517763, 0.00460936920717, 0.000197868183022, 2.31533803685e-07],
        "max": [1.57654309273, 16.3106460571, 80.1653671265, 137.023849487, 328.65927124, 326.426147461, 320.885223389, 1041.08532715, 261.048614502, 409.293640137, 734.372924805, 968.432373047, 1081.19494629, 676.391479492, 930.600158691, 1160.60131836, 1107.8326416, 1195.99487305, 839.613342285, 1150.90039062, 826.63861084, 998.904785156, 722.948303223, 756.05847168, 321.932647705, 176.500961304, 222.647842407, 178.704849243, 181.158081055, 336.094024658, 488.425354004, 738.950683594, 410.672515869, 744.223937988, 281.703918457, 67.4149017334, 16.6581916809, 1.85011732578, 0.377223610878, 0.0113345654681],
        "mean": [0.178651124239, 1.3958812952, 3.21976184845, 5.18148565292, 8.44266414642, 11.9221429825, 11.7124357224, 7.69393777847, 8.98849964142, 11.6016178131, 20.2865829468, 33.9657783508, 30.1390666962, 37.7616043091, 32.9969520569, 30.0567512512, 34.4522857666, 33.8173446655, 38.4253578186, 42.1906547546, 44.0134010315, 44.3247108459, 46.1425743103, 29.4198131561, 20.0523338318, 15.6330804825, 11.7513875961, 9.37217140198, 8.56067848206, 8.20702934265, 8.09864616394, 7.93584251404, 7.41077518463, 7.19346141815, 3.21645474434, 1.15268886089, 0.2707067132, 0.0397783778608, 0.00536008225754, 0.000233964412473],
        "median": [0.0614407882094, 0.671675860882, 1.25703716278, 1.87072753906, 3.5040102005, 5.08995246887, 4.68266773224, 3.29694223404, 3.31051254272, 4.0265827179, 7.39299964905, 10.0362653732, 11.2497749329, 14.7318458557, 12.8572711945, 11.8788661957, 12.8773097992, 16.3144302368, 19.3739051819, 20.7189254761, 20.5957508087, 23.7176895142, 25.5799674988, 17.8834571838, 12.0702886581, 8.90500736237, 6.69701814651, 5.60675621033, 4.69727802277, 3.82585072517, 3.14755702019, 2.81446218491, 2.25833415985, 1.68598985672, 0.81639790535, 0.323675602674, 0.0894721895456, 0.0126396920532, 0.000849995529279, 7.32575426809e-05],
        "min": [8.78084330019e-22, 1.80243806581e-21, 2.74325200917e-21, 1.60116494911e-20, 1.05182541858e-19, 3.71045796584e-19, 4.59363689641e-19, 5.32316573572e-19, 5.3477376528e-19, 1.72482863809e-18, 8.89979027285e-19, 2.07492176881e-18, 2.34509405292e-18, 8.58545853815e-19, 3.83242786681e-18, 4.20798771725e-18, 7.02985978305e-18, 6.02898861265e-18, 9.41153279663e-18, 1.02072242976e-17, 8.41538979062e-18, 9.65860833688e-18, 9.25484741782e-18, 1.93580992484e-17, 9.55902406294e-18, 1.58705701282e-17, 1.82227855858e-17, 2.27191160569e-17, 2.26960625332e-17, 1.84305882449e-17, 2.00438534829e-17, 2.75501386931e-17, 1.83362466417e-17, 1.00676929904e-17, 7.29822612508e-18, 5.01034257166e-18, 3.82998065297e-18, 1.21116116162e-18, 3.03711433566e-19, 3.27796070183e-20],
        "var": [0.0665119439363, 3.54098057747, 34.0137786865, 94.0788116455, 228.400527954, 383.897216797, 470.59362793, 301.664123535, 283.441040039, 676.921508789, 1469.6229248, 4406.24853516, 3745.57104492, 4143.70556641, 3097.72631836, 3276.67578125, 5003.80810547, 3347.56640625, 3609.86743164, 3897.50073242, 5100.04833984, 4848.11474609, 3423.61621094, 1460.0904541, 615.156616211, 369.274536133, 212.805450439, 141.448257446, 128.078643799, 180.63293457, 316.005523682, 521.450805664, 429.630950928, 545.94128418, 63.4182167053, 5.11966180801, 0.238659545779, 0.00652985647321, 0.000206629818422, 2.17437516881e-07]
    },
    "gfcc": {
        "mean": [26.2759017944, 52.9151725769, -110.413497925, 25.475194931, -50.518661499, 20.5686225891, -42.5933189392, 18.1325359344, -26.6319217682, -0.946503639221, -19.6479816437, 2.83096289635, -10.8799257278],
        "cov": [[6791.49365234, -1070.37182617, 699.980651855, 658.916564941, 542.225952148, 318.998596191, 226.766082764, 70.7443466187, -49.3100128174, 329.408050537, -83.3511734009, -27.3816986084, -49.1673965454], [-1070.37182617, 1558.91113281, 271.176452637, 166.549484253, 124.325088501, -100.643959045, -51.4336242676, -64.1027450562, 37.1367797852, -154.987930298, 100.107376099, 39.7506637573, 59.9235534668], [699.980651855, 271.176452637, 1398.17712402, 672.629150391, 170.428100586, 68.2829360962, -107.026535034, -97.2076950073, -11.3506278992, 25.290019989, 43.1141433716, 5.1386680603, 42.0161132812], [658.916564941, 166.549484253, 672.629150391, 725.13659668, 237.683944702, -18.6745891571, -79.2186431885, -36.9576034546, 30.7094841003, 60.630897522, 19.7462387085, 24.9954586029, 61.8628234863], [542.225952148, 124.325088501, 170.428100586, 237.683944702, 321.565429688, 26.0063228607, 27.0808887482, 18.1065044403, 32.6849822998, 27.8929615021, 16.2917022705, 28.0257148743, 25.0168228149], [318.998596191, -100.643959045, 68.2829360962, -18.6745891571, 26.0063228607, 219.127563477, 134.046279907, 24.4781227112, -30.9221286774, 45.0760879517, 1.48385083675, -23.3501110077, -15.9922714233], [226.766082764, -51.4336242676, -107.026535034, -79.2186431885, 27.0808887482, 134.046279907, 258.201049805, 59.6833763123, -14.5942058563, 54.5375900269, -0.547012090683, -25.3327064514, -22.4813098907], [70.7443466187, -64.1027450562, -97.2076950073, -36.9576034546, 18.1065044403, 24.4781227112, 59.6833763123, 146.472137451, 69.2625427246, 27.8947181702, 7.15313482285, 20.4309806824, 4.16185855865], [-49.3100128174, 37.1367797852, -11.3506278992, 30.7094841003, 32.6849822998, -30.9221286774, -14.5942058563, 69.2625427246, 128.724700928, 34.3248634338, 8.16843414307, 16.56291008, 22.8136749268], [329.408050537, -154.987930298, 25.290019989, 60.630897522, 27.8929615021, 45.0760879517, 54.5375900269, 27.8947181702, 34.3248634338, 127.811859131, 10.8536672592, -10.1930599213, 6.15081596375], [-83.3511734009, 100.107376099, 43.1141433716, 19.7462387085, 16.2917022705, 1.48385083675, -0.547012090683, 7.15313482285, 8.16843414307, 10.8536672592, 82.7340545654, 38.7949066162, 10.351524353], [-27.3816986084, 39.7506637573, 5.1386680603, 24.9954586029, 28.0257148743, -23.3501110077, -25.3327064514, 20.4309806824, 16.56291008, -10.1930599213, 38.7949066162, 83.1798324585, 29.2934188843], [-49.1673965454, 59.9235534668, 42.0161132812, 61.8628234863, 25.0168228149, -15.9922714233, -22.4813098907, 4.16185855865, 22.8136749268, 6.15081596375, 10.351524353, 29.2934188843, 76.4579925537]],
        "icov": [[0.000245288771112, 0.000143310477142, -8.50618016557e-05, -6.81300007273e-05, -0.000368583685486, -8.08308031992e-05, -4.28248240496e-05, -9.57364245551e-05, 0.000244646071224, -0.000374371855287, 0.000286960072117, -0.000156607362442, 0.000221867361688], [0.000143310477142, 0.00112868635915, -0.000154679946718, -0.000159961899044, -0.000493981700856, 0.000325671862811, -0.000642295926809, 0.00058758968953, -0.000777203124017, 0.00166308379266, -0.00147881871089, 0.000724758487195, -0.000548458949197], [-8.50618016557e-05, -0.000154679946718, 0.00158963364083, -0.00147950439714, 0.000442342919996, -0.00113033980597, 0.000581854197662, 0.000569265277591, -0.000281920598354, 0.000506311189383, -0.000712650304195, 0.000360858277418, 0.000150610663695], [-6.81300007273e-05, -0.000159961899044, -0.00147950439714, 0.00371255306527, -0.00172583363019, 0.00103791954461, 0.000514575163834, -0.000114273316285, 0.00048328799312, -0.0018200740451, 0.000762479787227, -0.000161674295668, -0.00120903353672], [-0.000368583685486, -0.000493981700856, 0.000442342919996, -0.00172583363019, 0.00524222804233, -0.000618476828095, -0.000729815335944, 0.000216108368477, -0.00124051084276, 0.000646878266707, 5.41000054e-06, -0.00130268756766, 4.89529811603e-05], [-8.08308031992e-05, 0.000325671862811, -0.00113033980597, 0.00103791954461, -0.000618476828095, 0.00826495978981, -0.0035740621388, -0.00106656784192, 0.00210032518953, -0.00107386498712, -0.00066553556826, 0.0012156056473, -0.000503539456986], [-4.28248240496e-05, -0.000642295926809, 0.000581854197662, 0.000514575163834, -0.000729815335944, -0.0035740621388, 0.00771858822554, -0.00298508792184, 0.00236751092598, -0.00284591666423, 0.000303561042529, 0.00122996862046, 0.000673196977004], [-9.57364245551e-05, 0.00058758968953, 0.000569265277591, -0.000114273316285, 0.000216108368477, -0.00106656784192, -0.00298508792184, 0.0126222306862, -0.00770839117467, 0.00155651918612, -0.000294159981422, -0.00311637460254, 0.000807589967735], [0.000244646071224, -0.000777203124017, -0.000281920598354, 0.00048328799312, -0.00124051084276, 0.00210032518953, 0.00236751092598, -0.00770839117467, 0.0148539124057, -0.0055527491495, 0.0014758289326, 0.000249879114563, -0.00178971036803], [-0.000374371855287, 0.00166308379266, 0.000506311189383, -0.0018200740451, 0.000646878266707, -0.00107386498712, -0.00284591666423, 0.00155651918612, -0.0055527491495, 0.0150750707835, -0.0055806171149, 0.00411972217262, -0.00208631739952], [0.000286960072117, -0.00147881871089, -0.000712650304195, 0.000762479787227, 5.41000054e-06, -0.00066553556826, 0.000303561042529, -0.000294159981422, 0.0014758289326, -0.0055806171149, 0.0195273272693, -0.0103416880593, 0.00240956875496], [-0.000156607362442, 0.000724758487195, 0.000360858277418, -0.000161674295668, -0.00130268756766, 0.0012156056473, 0.00122996862046, -0.00311637460254, 0.000249879114563, 0.00411972217262, -0.0103416880593, 0.021190777421, -0.00664911651984], [0.000221867361688, -0.000548458949197, 0.000150610663695, -0.00120903353672, 4.89529811603e-05, -0.000503539456986, 0.000673196977004, 0.000807589967735, -0.00178971036803, -0.00208631739952, 0.00240956875496, -0.00664911651984, 0.0175028312951]]
    },
    "melbands": {
        "dmean": [0.000799340370577, 0.00115821324289, 0.000751116778702, 0.00054410478333, 0.000269125477644, 0.000115304617793, 8.29645359772e-05, 8.0126352259e-05, 0.000112604117021, 0.000124133133795, 7.98006658442e-05, 8.11976860859e-05, 6.83891848894e-05, 4.65762495878e-05, 4.45148434665e-05, 4.04746824643e-05, 3.56688979082e-05, 3.47590357705e-05, 3.22595224134e-05, 3.08084199787e-05, 2.47004900302e-05, 2.12713075598e-05, 2.2913891371e-05, 1.66013232956e-05, 1.07168634713e-05, 7.38780317988e-06, 6.45479440209e-06, 4.7653556976e-06, 4.00962426284e-06, 3.16394130095e-06, 2.46223999056e-06, 2.67705217993e-06, 2.08549658964e-06, 2.77372669188e-06, 2.54258179666e-06, 2.66966617346e-06, 2.69298629973e-06, 2.69996417046e-06, 3.22822916132e-06, 3.45852549799e-06],
        "dmean2": [0.00121429469436, 0.00185171980411, 0.00124028522987, 0.000919892860111, 0.000441100972239, 0.000187689060112, 0.000135842114105, 0.000130304324557, 0.000183750817087, 0.000200620183023, 0.000131904278533, 0.000133477515192, 0.000111695568194, 7.60074835853e-05, 7.14564521331e-05, 6.49139255984e-05, 5.84119479754e-05, 5.78937651881e-05, 5.35759572813e-05, 5.04221243318e-05, 3.97156945837e-05, 3.4648415749e-05, 3.72339927708e-05, 2.68921357929e-05, 1.72701584233e-05, 1.22090750665e-05, 1.07570931505e-05, 7.9694445958e-06, 6.52965900372e-06, 5.17421813129e-06, 3.93937671106e-06, 4.26513042839e-06, 3.32191848429e-06, 4.3780823944e-06, 3.86192186852e-06, 3.97214171244e-06, 4.07821426052e-06, 3.91560070057e-06, 4.83523126604e-06, 5.17697662872e-06],
        "dvar": [1.6071767277e-06, 5.38446874998e-06, 2.63254514721e-06, 1.28490091811e-06, 3.08493241619e-07, 1.42515403923e-07, 3.31029994527e-08, 4.20800532197e-08, 7.05363447651e-08, 8.50953014719e-08, 3.84668474851e-08, 2.66832724805e-08, 1.97400193969e-08, 1.10772679918e-08, 1.14603961876e-08, 1.08998730042e-08, 6.22704598996e-09, 5.40667022264e-09, 3.71244390784e-09, 3.95249166729e-09, 2.67495492423e-09, 1.96827087962e-09, 1.71477076982e-09, 7.61783747194e-10, 3.53438667222e-10, 1.56970533793e-10, 1.12853740242e-10, 7.23571411121e-11, 5.17262829791e-11, 2.85219087931e-11, 2.06720907753e-11, 2.4529794862e-11, 1.98106184235e-11, 4.318051125e-11, 5.5351327688e-11, 9.28613713702e-11, 1.37707928394e-10, 7.76258571311e-11, 1.75021108717e-10, 1.93140017868e-10],
        "dvar2": [3.62689934263e-06, 1.3268726434e-05, 6.57260534354e-06, 3.45791249856e-06, 7.9294926536e-07, 3.890748701e-07, 8.58775806023e-08, 1.11040861839e-07, 1.77701366511e-07, 2.14486107097e-07, 1.08043487046e-07, 7.21722486219e-08, 5.08258217735e-08, 2.85853332116e-08, 2.782261177e-08, 2.63430184333e-08, 1.60045079411e-08, 1.47132253048e-08, 9.51736467414e-09, 9.433723136e-09, 6.34814689704e-09, 4.65568517072e-09, 4.35188862724e-09, 1.9290364861e-09, 8.36718139219e-10, 4.10535022644e-10, 3.02604635793e-10, 1.96581723122e-10, 1.29361216183e-10, 7.41341363297e-11, 5.2472790002e-11, 5.90601317851e-11, 4.83084822145e-11, 1.06868527916e-10, 1.32612656967e-10, 2.08625297593e-10, 3.32525229574e-10, 1.57123633548e-10, 3.52912532531e-10, 3.51046636204e-10],
        "max": [0.0130256572738, 0.0311386678368, 0.0201326031238, 0.0231924895197, 0.00953792687505, 0.0216284357011, 0.00367170269601, 0.00422011921182, 0.00749206868932, 0.00577260414138, 0.00539924949408, 0.0029037410859, 0.00310612353496, 0.00214844848961, 0.00305853062309, 0.00254253065214, 0.00215224153362, 0.00180877640378, 0.00102226575837, 0.00155597249977, 0.001303278259, 0.00139771355316, 0.00081488059368, 0.000572218035813, 0.000736379530281, 0.000248212832958, 0.000219387016841, 0.000149870320456, 0.000206475015148, 0.000108002561319, 0.000110838314868, 0.000137470749905, 0.000149681611219, 0.000215355757973, 0.000297347491141, 0.000394554546801, 0.000527195923496, 0.000260520435404, 0.000664286199026, 0.000798121385742],
        "mean": [0.0016711440403, 0.00178741721902, 0.00097887031734, 0.00075881666271, 0.0004397535522, 0.00017940721591, 0.000141535885632, 0.000125262988149, 0.00018357585941, 0.000212215207284, 0.000147577462485, 0.000151276777615, 0.000117926138046, 7.95322121121e-05, 7.73739302531e-05, 7.37734953873e-05, 6.13806041656e-05, 5.98947226536e-05, 5.72195203858e-05, 5.73813886149e-05, 4.99348861922e-05, 4.55632616649e-05, 4.63218675577e-05, 3.56277814717e-05, 2.28585831792e-05, 1.48233248183e-05, 1.30268872454e-05, 9.63750335359e-06, 7.63375464885e-06, 6.35822289041e-06, 5.01339809489e-06, 5.20384128322e-06, 4.04495085604e-06, 4.79376240037e-06, 4.47162301498e-06, 4.90195543534e-06, 4.76207060274e-06, 4.91657510793e-06, 5.84824147154e-06, 6.22098968961e-06],
        "median": [0.000709045911208, 0.000907501147594, 0.000417035829742, 0.000350377493305, 0.000192212799448, 7.61224509915e-05, 4.842843191e-05, 4.29599167546e-05, 6.0186303017e-05, 5.92712967773e-05, 5.08801531396e-05, 5.5937875004e-05, 4.12820299971e-05, 2.96819489449e-05, 2.76826867776e-05, 2.4565268177e-05, 2.77263643511e-05, 2.72232955467e-05, 2.53874568443e-05, 2.384565596e-05, 2.1517771529e-05, 2.19827215915e-05, 2.36865853367e-05, 2.00134527404e-05, 1.22462324725e-05, 7.93953950051e-06, 7.17980128684e-06, 4.65905395686e-06, 3.80121309718e-06, 3.59802174899e-06, 2.7606220101e-06, 2.68584017249e-06, 2.1392418148e-06, 1.9516262455e-06, 1.75343291176e-06, 1.67829489328e-06, 1.64734137797e-06, 1.54029544319e-06, 1.51876110976e-06, 1.34553374664e-06],
        "min": [6.44274455321e-24, 1.77139702344e-24, 4.15735219078e-24, 1.73663626208e-23, 1.62084646955e-23, 1.17904034419e-23, 9.12142667539e-24, 1.7932763173e-23, 7.05853647558e-24, 1.48796316561e-23, 1.16485630957e-23, 2.67891049741e-24, 9.57177711099e-24, 1.53798609779e-23, 1.03183227284e-23, 1.84517516071e-23, 9.17178755558e-24, 1.48665633863e-23, 1.45764298117e-23, 1.43598811823e-23, 9.08168780729e-24, 9.93296180961e-24, 1.03090433576e-23, 8.25276144556e-24, 1.79779933019e-23, 6.50034835981e-24, 6.19736936865e-24, 1.22075215341e-23, 1.19095261717e-23, 1.21824302353e-23, 1.23637270374e-23, 1.26546991711e-23, 1.29663489269e-23, 8.51062666484e-24, 1.16964603632e-23, 1.19231947646e-23, 1.86763150633e-23, 1.18340061507e-23, 1.22868683194e-23, 7.19765682938e-24],
        "var": [4.6684613153e-06, 7.06871924194e-06, 2.78033189716e-06, 1.46207855778e-06, 5.73177203478e-07, 1.42977199857e-07, 7.16657950761e-08, 7.35245393457e-08, 1.22350556353e-07, 1.80022780683e-07, 9.77846354999e-08, 6.98941633459e-08, 4.24065440541e-08, 2.28742962349e-08, 2.39153870041e-08, 2.96649531606e-08, 1.22611707454e-08, 1.08521263087e-08, 7.81229836377e-09, 8.99480312455e-09, 7.85834508576e-09, 6.9742109865e-09, 4.22850066073e-09, 1.98106908655e-09, 1.15868037387e-09, 3.92238103109e-10, 2.80516415652e-10, 1.71957420525e-10, 1.09264042258e-10, 6.4587064863e-11, 4.79296324851e-11, 5.21848536605e-11, 3.66200125779e-11, 7.36480876284e-11, 9.23003895537e-11, 1.7702259103e-10, 2.1076075607e-10, 1.714776654e-10, 3.99252630956e-10, 4.30957797226e-10]
    },
    "mfcc": {
        "mean": [-621.401306152, 92.9978179932, -0.711433529854, 11.1441860199, 14.430721283, 0.185881137848, 2.58010578156, 9.39964389801, 3.22793531418, -1.18577826023, -0.398885846138, -2.73001980782, -4.67642068863],
        "cov": [[5729.65136719, -1076.19042969, 59.0484657288, 411.397003174, 266.718811035, 422.625976562, 380.21762085, -44.9048080444, 195.328430176, 289.205535889, 54.9067115784, 25.2238636017, 143.368133545], [-1076.19042969, 1205.72241211, 111.114746094, 86.4315109253, 97.2582015991, -29.9097042084, -29.9734306335, 96.4671020508, -61.520980835, -101.313369751, -14.9967889786, 14.404083252, -22.2316303253], [59.0484657288, 111.114746094, 1178.93518066, 478.665039062, 322.232391357, 171.851379395, 41.9371604919, -48.8293266296, -32.5427436829, -47.867931366, -34.2225341797, 10.9391355515, 56.1134033203], [411.397003174, 86.4315109253, 478.665039062, 680.875061035, 361.772735596, 115.002197266, -3.08035778999, -38.2622337341, 28.5966835022, -20.0067672729, -53.8905334473, 30.3198223114, 100.995933533], [266.718811035, 97.2582015991, 322.232391357, 361.772735596, 397.986999512, 66.7947387695, -43.0562400818, 0.271068513393, 8.94663143158, -37.7727928162, -33.3412437439, 24.1863479614, 45.8668785095], [422.625976562, -29.9097042084, 171.851379395, 115.002197266, 66.7947387695, 216.704772949, 135.832794189, -15.2617511749, 19.2257900238, 43.2720832825, 3.9439136982, -12.6723403931, 21.2632350922], [380.21762085, -29.9734306335, 41.9371604919, -3.08035778999, -43.0562400818, 135.832794189, 227.796188354, 35.0075569153, 17.2639389038, 53.4812927246, 25.9838752747, -2.74212479591, 7.11288833618], [-44.9048080444, 96.4671020508, -48.8293266296, -38.2622337341, 0.271068513393, -15.2617511749, 35.0075569153, 132.951171875, 23.3981246948, -5.11541604996, 25.0668830872, 20.1251296997, -12.5102624893], [195.328430176, -61.520980835, -32.5427436829, 28.5966835022, 8.94663143158, 19.2257900238, 17.2639389038, 23.3981246948, 121.607872009, 67.2534713745, 15.7883310318, 7.29116392136, 26.3878269196], [289.205535889, -101.313369751, -47.867931366, -20.0067672729, -37.7727928162, 43.2720832825, 53.4812927246, -5.11541604996, 67.2534713745, 134.694396973, 38.4019050598, -10.5368833542, 17.5828399658], [54.9067115784, -14.9967889786, -34.2225341797, -53.8905334473, -33.3412437439, 3.9439136982, 25.9838752747, 25.0668830872, 15.7883310318, 38.4019050598, 81.6706314087, 28.7638816833, -0.420125246048], [25.2238636017, 14.404083252, 10.9391355515, 30.3198223114, 24.1863479614, -12.6723403931, -2.74212479591, 20.1251296997, 7.29116392136, -10.5368833542, 28.7638816833, 89.1260375977, 29.1520080566], [143.368133545, -22.2316303253, 56.1134033203, 100.995933533, 45.8668785095, 21.2632350922, 7.11288833618, -12.5102624893, 26.3878269196, 17.5828399658, -0.420125246048, 29.1520080566, 94.7987976074]],
