{
"lowlevel": {
    "average_loudness": 0.926620841026,
    "barkbands_crest": {
        "dmean": 2.83921289444,
        "dmean2": 4.65052318573,
        "dvar": 6.31761598587,
        "dvar2": 15.3873329163,
        "max": 25.9065055847,
        "mean": 10.1311473846,
        "median": 9.36189079285,
        "min": 2.10910534859,
        "var": 18.6672229767
    },
    "barkbands_flatness_db": {
        "dmean": 0.0199088621885,
        "dmean2": 0.031161557883,
        "dvar": 0.000310922128847,
        "dvar2": 0.000758967886213,
        "max": 0.294500678778,
        "mean": 0.0993599593639,
        "median": 0.0919836238027,
        "min": 0.0135101517662,
        "var": 0.00190507830121
    },
    "barkbands_kurtosis": {
        "dmean": 1.58214867115,
        "dmean2": 2.55510902405,
        "dvar": 6.32819986343,
        "dvar2": 15.0068998337,
        "max": 75.0798950195,
        "mean": 1.7117767334,
        "median": 0.504642248154,
        "min": -1.91647958755,
        "var": 18.1574783325
    },
    "barkbands_skewness": {
        "dmean": 0.450159817934,
        "dmean2": 0.700225889683,
        "dvar": 0.189609467983,
        "dvar2": 0.462615132332,
        "max": 7.03226518631,
        "mean": 0.878691613674,
        "median": 0.763724327087,
        "min": -2.39742827415,
        "var": 0.900232255459
    },
    "barkbands_spread": {
        "dmean": 7.9357881546,
        "dmean2": 12.1775302887,
        "dvar": 88.6506118774,
        "dvar2": 192.533859253,
        "max": 143.294174194,
        "mean": 30.4351825714,
        "median": 27.7810287476,
        "min": 0.874572336674,
        "var": 335.912506104
    },
    "dissonance": {
        "dmean": 0.0184075348079,
        "dmean2": 0.031634490937,
        "dvar": 0.00037167588016,
        "dvar2": 0.00102205690928,
        "max": 0.499999910593,
        "mean": 0.472612589598,
        "median": 0.479871124029,
        "min": 0.282078951597,
        "var": 0.000637651304714
    },
    "dynamic_complexity": 2.44127345085,
    "erbbands_crest": {
        "dmean": 3.03591823578,
        "dmean2": 4.93707752228,
        "dvar": 7.52142477036,
        "dvar2": 19.3508090973,
        "max": 33.0827941895,
        "mean": 10.1661996841,
        "median": 8.96284198761,
        "min": 2.35681414604,
        "var": 26.3614768982
    },
    "erbbands_flatness_db": {
        "dmean": 0.0186618100852,
        "dmean2": 0.0277573317289,
        "dvar": 0.000308584421873,
        "dvar2": 0.000624151027296,
        "max": 0.383899360895,
        "mean": 0.145271882415,
        "median": 0.137705937028,
        "min": 0.0404120087624,
        "var": 0.00272210990079
    },
    "erbbands_kurtosis": {
        "dmean": 1.15396940708,
        "dmean2": 1.87296378613,
        "dvar": 2.67263579369,
        "dvar2": 6.6260228157,
        "max": 74.8163833618,
        "mean": 1.42692685127,
        "median": 0.687608480453,
        "min": -1.72421216965,
        "var": 9.70709228516
    },
    "erbbands_skewness": {
        "dmean": 0.361191570759,
        "dmean2": 0.57512140274,
        "dvar": 0.109471693635,
        "dvar2": 0.266443938017,
        "max": 6.92688655853,
        "mean": 0.5159085989,
        "median": 0.461859375238,
        "min": -4.57812929153,
        "var": 0.699846744537
    },
    "erbbands_spread": {
        "dmean": 7.33777189255,
        "dmean2": 11.2415342331,
        "dvar": 65.4857635498,
        "dvar2": 142.700759888,
        "max": 115.564041138,
        "mean": 31.5986156464,
        "median": 27.344171524,
        "min": 1.19454300404,
        "var": 297.073730469
    },
    "hfc": {
        "dmean": 15.2491378784,
        "dmean2": 22.7904396057,
        "dvar": 522.704833984,
        "dvar2": 1127.91381836,
        "max": 618.397521973,
        "mean": 42.1410942078,
        "median": 33.783454895,
        "min": 1.14367116457e-16,
        "var": 1415.56762695
    },
    "melbands_crest": {
        "dmean": 3.47774291039,
        "dmean2": 5.80743980408,
        "dvar": 9.57293510437,
        "dvar2": 24.4170627594,
        "max": 35.9293174744,
        "mean": 13.5450124741,
        "median": 12.7641859055,
        "min": 2.02628207207,
        "var": 25.1354694366
    },
    "melbands_flatness_db": {
        "dmean": 0.0246678758413,
        "dmean2": 0.0384260118008,
        "dvar": 0.000513207691256,
        "dvar2": 0.00125533610117,
        "max": 0.389970868826,
        "mean": 0.155659213662,
        "median": 0.151103720069,
        "min": 0.00549914455041,
        "var": 0.00297997170128
    },
    "melbands_kurtosis": {
        "dmean": 3.88445425034,
        "dmean2": 6.23512983322,
        "dvar": 39.5996742249,
        "dvar2": 96.9555892944,
        "max": 126.307769775,
        "mean": 6.44319534302,
        "median": 3.21003484726,
        "min": -1.72295260429,
        "var": 99.6687469482
    },
    "melbands_skewness": {
        "dmean": 0.61878913641,
        "dmean2": 0.965430438519,
        "dvar": 0.393434405327,
        "dvar2": 0.920135617256,
        "max": 9.63674354553,
        "mean": 1.7318212986,
        "median": 1.52925920486,
        "min": -3.22381091118,
        "var": 1.90110242367
    },
    "melbands_spread": {
        "dmean": 9.57268714905,
        "dmean2": 15.217499733,
        "dvar": 153.758514404,
        "dvar2": 338.090148926,
        "max": 213.203964233,
        "mean": 34.7979927063,
        "median": 31.2389087677,
        "min": 1.57959079742,
        "var": 546.488769531
    },
    "pitch_salience": {
        "dmean": 0.0690910741687,
        "dmean2": 0.111729696393,
        "dvar": 0.00377830141224,
        "dvar2": 0.00937799643725,
        "max": 0.946493864059,
        "mean": 0.546430826187,
        "median": 0.543980777264,
        "min": 0.100166007876,
        "var": 0.0142618585378
    },
    "silence_rate_20dB": {
        "dmean": 0,
        "dmean2": 0,
        "dvar": 0,
        "dvar2": 0,
        "max": 1,
        "mean": 1,
        "median": 1,
        "min": 1,
        "var": 0
    },
    "silence_rate_30dB": {
        "dmean": 0.000717531715054,
        "dmean2": 0.00143523502629,
        "dvar": 0.000716986483894,
        "dvar2": 0.00215067062527,
        "max": 1,
        "mean": 0.999641299248,
        "median": 1,
        "min": 0,
        "var": 0.000358623510692
    },
    "silence_rate_60dB": {
        "dmean": 0.0076536713168,
        "dmean2": 0.0153091736138,
        "dvar": 0.00759382545948,
        "dvar2": 0.0179427582771,
        "max": 1,
        "mean": 0.0139901945367,
        "median": 0,
        "min": 0,
        "var": 0.0137969339266
    },
    "spectral_centroid": {
        "dmean": 245.180114746,
        "dmean2": 388.102050781,
        "dvar": 90193.2890625,
        "dvar2": 195348.265625,
        "max": 11364.1484375,
        "mean": 1737.46411133,
        "median": 1693.91040039,
        "min": 245.666885376,
        "var": 403276.40625
    },
    "spectral_complexity": {
        "dmean": 3.87491035461,
        "dmean2": 6.15476608276,
        "dvar": 14.6882600784,
        "dvar2": 34.119102478,
        "max": 54,
        "mean": 25.317111969,
        "median": 26,
        "min": 0,
        "var": 97.6095123291
    },
    "spectral_decrease": {
        "dmean": 2.22031038e-09,
        "dmean2": 3.45120154677e-09,
        "dvar": 6.85303751941e-18,
        "dvar2": 1.57468239086e-17,
        "max": 5.92364411897e-29,
        "mean": -7.24565074606e-09,
        "median": -6.45212994144e-09,
        "min": -3.01287599314e-08,
        "var": 2.18601204236e-17
    },
    "spectral_energy": {
        "dmean": 0.00912133418024,
        "dmean2": 0.0141234733164,
        "dvar": 0.00010888336692,
        "dvar2": 0.000243409973336,
        "max": 0.118078239262,
        "mean": 0.0311691071838,
        "median": 0.0287702661008,
        "min": 1.01498655842e-20,
        "var": 0.000370731781004
    },
    "spectral_energyband_high": {
        "dmean": 0.00123284047004,
        "dmean2": 0.00182810751721,
        "dvar": 5.29758881385e-06,
        "dvar2": 1.12973712021e-05,
        "max": 0.0582896173,
        "mean": 0.0022249489557,
        "median": 0.00104210618883,
        "min": 7.55117994681e-21,
        "var": 1.20734866869e-05
    },
    "spectral_energyband_low": {
        "dmean": 0.00523273972794,
        "dmean2": 0.00832646340132,
        "dvar": 8.40565990075e-05,
        "dvar2": 0.000201375267352,
        "max": 0.102638445795,
        "mean": 0.00938940513879,
        "median": 0.00574936065823,
        "min": 2.23067507678e-23,
        "var": 0.00014968191681
    },
    "spectral_energyband_middle_high": {
        "dmean": 0.00384711404331,
        "dmean2": 0.00616449909285,
        "dvar": 3.24292304867e-05,
        "dvar2": 8.32914665807e-05,
        "max": 0.100847475231,
        "mean": 0.0124771213159,
        "median": 0.008544315584,
        "min": 1.28695197218e-21,
        "var": 0.000132514192956
    },
    "spectral_energyband_middle_low": {
        "dmean": 0.00340598472394,
        "dmean2": 0.0055961436592,
        "dvar": 2.72867764579e-05,
        "dvar2": 6.74938928569e-05,
        "max": 0.105421878397,
        "mean": 0.00775952916592,
        "median": 0.00490323361009,
        "min": 2.30935432798e-22,
        "var": 6.5329746576e-05
    },
    "spectral_entropy": {
        "dmean": 0.152473539114,
        "dmean2": 0.223619535565,
        "dvar": 0.0237450525165,
        "dvar2": 0.0484835095704,
        "max": 9.81080532074,
        "mean": 7.86646080017,
        "median": 7.87181377411,
        "min": 6.15708398819,
        "var": 0.141009867191
    },
    "spectral_flux": {
        "dmean": 0.0249484181404,
        "dmean2": 0.038660671562,
        "dvar": 0.00064223643858,
        "dvar2": 0.00137798080686,
        "max": 0.321667671204,
        "mean": 0.104478187859,
        "median": 0.101321496069,
        "min": 6.59872712028e-11,
        "var": 0.00221300800331
    },
    "spectral_kurtosis": {
        "dmean": 0.993696928024,
        "dmean2": 1.54706263542,
        "dvar": 1.04082715511,
        "dvar2": 2.66775178909,
        "max": 19.3669281006,
        "mean": 4.2006726265,
        "median": 4.01745223999,
        "min": -1.53937351704,
        "var": 4.82634592056
    },
    "spectral_rms": {
        "dmean": 0.000769759994,
        "dmean2": 0.00117921095807,
        "dvar": 5.81956726364e-07,
        "dvar2": 1.23139727748e-06,
        "max": 0.0107330465689,
        "mean": 0.00522896880284,
        "median": 0.00529797608033,
        "min": 3.14679337275e-12,
        "var": 3.0665801205e-06
    },
    "spectral_rolloff": {
        "dmean": 928.651916504,
        "dmean2": 1536.23278809,
        "dvar": 2918313.25,
        "dvar2": 6608712.5,
        "max": 18820.0195312,
        "mean": 2381.64941406,
        "median": 1744.18945312,
        "min": 21.533203125,
        "var": 5267366.5
    },
    "spectral_skewness": {
        "dmean": 0.154595956206,
        "dmean2": 0.236802339554,
        "dvar": 0.0234392303973,
        "dvar2": 0.0535481832922,
        "max": 3.31249308586,
        "mean": 1.64715611935,
        "median": 1.64487349987,
        "min": -0.416980177164,
        "var": 0.137799441814
    },
    "spectral_spread": {
        "dmean": 720554.25,
        "dmean2": 994131.3125,
        "dvar": 1.03986154701e+12,
        "dvar2": 1.9010954199e+12,
        "max": 50480116,
        "mean": 5578548.5,
        "median": 5165146.5,
        "min": 2166306.5,
        "var": 4.17055480218e+12
    },
    "spectral_strongpeak": {
        "dmean": 0.900357246399,
        "dmean2": 1.52610099316,
        "dvar": 1.6794410944,
        "dvar2": 4.22604227066,
        "max": 12.9531888962,
        "mean": 1.50904750824,
        "median": 0.638125061989,
        "min": 0,
        "var": 3.27516198158
    },
    "zerocrossingrate": {
        "dmean": 0.0167849753052,
        "dmean2": 0.0195037443191,
        "dvar": 0.000432060041931,
        "dvar2": 0.000530580873601,
        "max": 0.634765625,
        "mean": 0.09145321697,
        "median": 0.07958984375,
        "min": 0.00927734375,
        "var": 0.00273941643536
    },
    "barkbands": {
        "dmean": [0.000137138005812, 0.00390112865716, 0.00231451960281, 0.000672846741509, 0.000870364368893, 0.000761175644584, 0.000674735230859, 0.000527191034053, 0.00122921098955, 0.00171583844349, 0.00148995558266, 0.000759796472266, 0.000665557687171, 0.000690886576194, 0.000709502724931, 0.000445626443252, 0.000303193548461, 0.000262069719611, 0.000224936477025, 0.000157006565132, 0.000155697503942, 0.000147201251821, 0.000191550148884, 0.000231159079704, 0.000309203111101, 0.000271910219453, 3.99571581511e-05],
        "dmean2": [0.000236597086769, 0.00618132995442, 0.00391533225775, 0.0012020135764, 0.00140956172254, 0.00123614037875, 0.00113959156442, 0.000877294689417, 0.00198134733364, 0.0027526661288, 0.00240269606002, 0.00119209464174, 0.001068118494, 0.00114269927144, 0.00114836590365, 0.000745370110963, 0.000486960634589, 0.000427164428402, 0.000371175294276, 0.000258344371105, 0.000249690492637, 0.000233396422118, 0.000298712053336, 0.00035045327968, 0.000456752051832, 0.000411461660406, 6.15027674939e-05],
        "dvar": [7.36794945055e-08, 4.91074279125e-05, 3.66798012692e-05, 3.2658949749e-06, 6.86639941705e-06, 3.97731446355e-06, 4.01268471251e-06, 2.27510190598e-06, 7.95041160018e-06, 1.66040681506e-05, 1.39651228892e-05, 3.65175242223e-06, 2.08643768929e-06, 1.6828957996e-06, 2.73754608315e-06, 1.17686352041e-06, 6.00334942646e-07, 1.71203524246e-07, 1.22307710626e-07, 5.72819267575e-08, 8.61222417825e-08, 9.87437758226e-08, 1.48369309727e-07, 3.25698579218e-07, 6.9402238978e-07, 3.12044278417e-07, 6.92968660232e-09],
        "dvar2": [1.9030784415e-07, 0.000115324131912, 8.98117286852e-05, 9.01092062122e-06, 1.77286619873e-05, 9.97185361484e-06, 1.07431533252e-05, 5.97506550548e-06, 1.8734130208e-05, 4.0338600229e-05, 3.56024720531e-05, 7.89412933955e-06, 4.85120062876e-06, 4.23657047577e-06, 6.51289019515e-06, 3.10019436256e-06, 1.46875527207e-06, 4.34583398601e-07, 3.08339025423e-07, 1.4619695321e-07, 2.12524952303e-07, 2.3705668184e-07, 3.48217525925e-07, 7.14732493634e-07, 1.28224746732e-06, 7.12392193236e-07, 1.62290252348e-08],
        "max": [0.00925610214472, 0.0994481891394, 0.0588046051562, 0.0276255570352, 0.0872948467731, 0.0632965192199, 0.0618599765003, 0.0381484851241, 0.0626576542854, 0.0915392786264, 0.0800622105598, 0.0555990189314, 0.0289227608591, 0.0340647771955, 0.0498796999454, 0.0362874791026, 0.0239775441587, 0.0118687544018, 0.00595392240211, 0.00429814821109, 0.00611555343494, 0.00845348741859, 0.0104776360095, 0.0151721388102, 0.0447939783335, 0.00524940015748, 0.00154559360817],
        "mean": [0.000155675865244, 0.00665383320302, 0.00221812282689, 0.000646233791485, 0.00140591536183, 0.00123944296502, 0.000974049966317, 0.000721095537301, 0.0021366069559, 0.00273523828946, 0.00251198373735, 0.00138063170016, 0.00116564787459, 0.0011661297176, 0.00125160685275, 0.000763271062169, 0.000579966697842, 0.000563986774068, 0.000492174876854, 0.000338535552146, 0.000297788938042, 0.000241815621848, 0.000308657210553, 0.000388894899515, 0.000477119436255, 0.000311372306896, 4.33022323705e-05],
        "median": [6.61610029056e-05, 0.00416134856641, 0.000558635278139, 0.00019152610912, 0.000527021940798, 0.000383687205613, 0.000333883333951, 0.000296674552374, 0.000632884271909, 0.000733682594728, 0.000556135259103, 0.00045794682228, 0.000470263912575, 0.00055329175666, 0.000425564096076, 0.000359650875907, 0.000270156509941, 0.000359602243407, 0.000338918966008, 0.000243349757511, 0.000162358075613, 0.000109117056127, 0.000139179464895, 0.000137970986543, 0.000152092325152, 7.59568793001e-05, 1.03416341517e-05],
        "min": [1.39003700995e-24, 1.73727602827e-23, 5.49783295866e-25, 7.27300803419e-24, 2.0940823911e-23, 4.33113035959e-23, 1.01601718941e-23, 1.34226907611e-23, 2.6067126063e-23, 1.66713382979e-23, 7.05568994989e-23, 7.91226919957e-23, 3.80675053452e-23, 9.84756966766e-23, 5.15161291197e-23, 1.17696961586e-22, 7.29316926788e-23, 1.13039186014e-22, 1.71701028628e-22, 2.69967866491e-22, 3.08375067964e-22, 4.51711094443e-22, 4.26487841289e-22, 7.0219157222e-22, 1.1824787175e-21, 1.64721841146e-21, 2.24215019461e-21],
        "var": [8.22591630367e-08, 8.01567803137e-05, 3.14199860441e-05, 2.87196803583e-06, 1.09273814815e-05, 7.41519443181e-06, 5.86521082369e-06, 2.66361416834e-06, 1.93065952772e-05, 3.41347549693e-05, 3.26565459545e-05, 1.07203850348e-05, 5.00047372043e-06, 3.06778520098e-06, 6.38923393126e-06, 1.7832019239e-06, 1.20745721688e-06, 5.36596985512e-07, 3.02956095766e-07, 1.29297106355e-07, 1.67561296394e-07, 1.61090369488e-07, 2.62241428572e-07, 7.68811275975e-07, 1.80839617769e-06, 3.77807680252e-07, 7.44878159153e-09]
    },
    "erbbands": {
        "dmean": [0.102368354797, 0.944692373276, 2.3398976326, 2.74840593338, 1.93687033653, 3.2360394001, 5.64897346497, 6.41865539551, 8.41676044464, 10.6053094864, 12.2751731873, 24.2537841797, 44.9164657593, 58.1552391052, 46.7269515991, 26.677614212, 26.1230773926, 28.5739593506, 35.0026664734, 28.7559566498, 22.7484722137, 15.9272680283, 12.8974542618, 14.2638244629, 7.7069683075, 6.67845821381, 7.07342863083, 5.4378323555, 5.14863014221, 5.11981725693, 5.81337404251, 4.90657138824, 4.07139348984, 3.47595691681, 2.2649679184, 1.13586807251, 0.526081621647, 0.09315212816, 0.00776850990951, 0.000230869147344],
        "dmean2": [0.161123275757, 1.51055812836, 3.75926423073, 4.84709072113, 3.25995182991, 5.26715230942, 9.08927249908, 10.4568824768, 14.052283287, 17.7248954773, 20.1257209778, 39.0663719177, 71.1206436157, 92.5342025757, 72.8021011353, 40.8349761963, 41.6930541992, 46.5632781982, 55.4420814514, 46.6585655212, 37.4104270935, 25.7095661163, 21.0342006683, 23.3362789154, 12.6224069595, 10.9986791611, 11.3852348328, 8.6986913681, 8.17243289948, 8.05284500122, 9.17346096039, 7.56360769272, 6.14152097702, 5.24573230743, 3.37708258629, 1.69976091385, 0.80267983675, 0.142565473914, 0.0119539797306, 0.00035229275818],
        "dvar": [0.0352954342961, 3.02139830589, 30.0924434662, 59.6190490723, 33.3711967468, 124.960227966, 291.475921631, 289.526763916, 657.904968262, 919.588806152, 1131.95568848, 3441.80834961, 9960.20507812, 21918.359375, 14495.6699219, 4235.38427734, 2946.0078125, 2784.74707031, 5556.47900391, 4792.81445312, 2782.81933594, 1288.40637207, 421.871154785, 592.957336426, 117.667297363, 109.637657166, 187.860168457, 116.193481445, 125.315414429, 126.462287903, 133.115219116, 144.561767578, 103.714660645, 134.616912842, 34.1315422058, 5.02004909515, 1.28177702427, 0.0386700816453, 0.000254039856372, 2.55007336136e-07],
        "dvar2": [0.0818267986178, 7.23450899124, 69.6295013428, 162.527160645, 83.9255905151, 325.415008545, 721.481933594, 719.918945312, 1835.07055664, 2382.23168945, 2871.59204102, 8328.70898438, 23532.0644531, 54754.1445312, 36423.8789062, 8742.89160156, 6996.03515625, 6961.97851562, 12552.4726562, 11321.6425781, 7361.68603516, 3118.26904297, 1093.75256348, 1486.7512207, 299.859375, 283.237487793, 468.792877197, 276.690093994, 304.954986572, 301.311767578, 316.872192383, 328.825317383, 222.150482178, 296.313720703, 70.4502258301, 11.2604122162, 2.9757642746, 0.0866807773709, 0.000599685590714, 6.15977683083e-07],
        "max": [2.38092637062, 25.4599781036, 58.3515357971, 82.9188537598, 214.294036865, 347.733978271, 398.594055176, 440.367889404, 817.812866211, 708.771484375, 802.837036133, 1467.14611816, 1865.19458008, 3793.56030273, 2551.58105469, 1768.0769043, 1140.76806641, 1973.77502441, 1613.33483887, 2793.77416992, 1513.96484375, 852.844482422, 523.466125488, 704.989440918, 228.72479248, 219.191558838, 402.397796631, 257.011566162, 285.775054932, 360.685424805, 255.401092529, 346.282836914, 318.73727417, 546.350646973, 342.353546143, 48.6171684265, 10.5526409149, 1.73151910305, 0.28567969799, 0.0139595232904],
        "mean": [0.162468016148, 1.58424413204, 2.75353097916, 2.55865740776, 2.63327407837, 4.88478946686, 8.79615402222, 10.6284236908, 12.6272926331, 15.4114294052, 18.9396762848, 41.5021133423, 78.3249740601, 103.130661011, 85.9784698486, 53.7536888123, 52.4591751099, 55.642906189, 65.2950973511, 56.0294189453, 43.2129669189, 33.7491035461, 30.235786438, 31.9465808868, 19.481180191, 14.882601738, 13.8797445297, 10.0393400192, 8.63841342926, 8.22266769409, 9.23483181, 8.20772361755, 6.54952764511, 5.48301553726, 3.22666883469, 1.44282543659, 0.563386023045, 0.0990952476859, 0.00858744606376, 0.000290221301839],
        "median": [0.105544663966, 0.926632642746, 1.02846026421, 0.79922413826, 0.967553734779, 1.71940135956, 2.26741433144, 3.43266677856, 4.73951625824, 5.71165895462, 8.78075504303, 13.0854568481, 25.8997650146, 29.2999000549, 24.8526248932, 19.8143730164, 23.5673179626, 29.8686943054, 27.2600708008, 23.8696689606, 21.6898174286, 17.0811767578, 19.1942691803, 21.8342952728, 14.5132102966, 10.7857780457, 7.87122535706, 4.97494792938, 4.00121021271, 3.65509009361, 4.1491060257, 3.19696331024, 2.10093140602, 1.56521761417, 1.02763807774, 0.452507704496, 0.104123257101, 0.0184765141457, 0.00212351977825, 0.000104608305264],
        "min": [3.09182583852e-22, 3.39472540401e-21, 2.39638444178e-21, 1.64220280101e-20, 6.1751830924e-20, 4.78972600597e-20, 1.05843381619e-19, 3.80733399876e-19, 4.75468947866e-19, 3.49142726048e-19, 3.62358022008e-19, 5.80698884588e-19, 1.14631909379e-18, 1.20702412119e-18, 2.77369623975e-18, 2.5916389568e-18, 1.8598738347e-18, 4.09708761252e-18, 5.45531983269e-18, 4.15246487299e-18, 5.84471717401e-18, 4.81022607479e-18, 5.64978089572e-18, 9.19255492743e-18, 9.91767551447e-18, 1.17303913689e-17, 1.20048995269e-17, 1.47804503056e-17, 1.41859456732e-17, 1.73845852731e-17, 1.31956839214e-17, 1.35342100686e-17, 1.28055168885e-17, 1.1233216116e-17, 9.05647709922e-18, 6.14381823888e-18, 2.96117962072e-18, 1.11871969566e-18, 3.02387530996e-19, 3.10077344474e-20],
        "var": [0.0506127290428, 4.81053543091, 31.8867340088, 42.3467636108, 50.3957252502, 170.69581604, 522.955810547, 576.034545898, 919.819152832, 1234.31298828, 1425.95544434, 6955.63964844, 21553.3554688, 46909.2382812, 34546.6171875, 14025.1474609, 8830.59472656, 6090.24853516, 13584.5214844, 11573.2832031, 5232.71972656, 3225.43212891, 1551.96936035, 1335.2845459, 384.255371094, 248.78868103, 340.218505859, 225.219680786, 205.181854248, 201.455413818, 233.089492798, 291.166015625, 257.524108887, 313.880187988, 68.4253387451, 7.68277740479, 1.41260421276, 0.0430415049195, 0.000277958810329, 2.65033605729e-07]
    },
    "gfcc": {
        "mean": [42.9982643127, 47.4145774841, -119.026519775, 13.3735551834, -48.8283119202, 25.1612892151, -31.9475669861, 20.0004653931, -23.11054039, 6.48499202728, -15.2187261581, 4.04131507874, -9.59501457214],
        "cov": [[4718.57324219, -919.135070801, 770.476989746, 513.88092041, 442.044006348, 316.003662109, 92.7240600586, 51.6159439087, -1.00294160843, 213.389862061, 35.2453384399, 139.484695435, -99.0632553101], [-919.135070801, 1017.21575928, -48.2861404419, 43.5126647949, 59.8610954285, -63.5908584595, 42.5235366821, -3.63987898827, 0.812579870224, -33.7671012878, 73.4616165161, -49.9787712097, 121.539756775], [770.476989746, -48.2861404419, 1185.22436523, 475.502105713, 315.981506348, 101.71030426, -37.0325546265, -18.0657730103, 17.4346122742, 120.856666565, 33.4188346863, 67.3396148682, 19.9173717499], [513.88092041, 43.5126647949, 475.502105713, 497.3934021, 254.668441772, 89.517074585, 10.9177627563, 2.16457748413, 47.0828437805, 83.9073944092, 44.6248130798, 50.530380249, 33.2261390686], [442.044006348, 59.8610954285, 315.981506348, 254.668441772, 363.397216797, 137.98374939, 92.4462432861, -0.17858235538, 10.926243782, 68.6913452148, 50.2364006042, 29.7036800385, 23.3687171936], [316.003662109, -63.5908584595, 101.71030426, 89.517074585, 137.98374939, 251.763458252, 138.550415039, 15.8997135162, -9.57516098022, 25.030412674, 14.6521282196, 3.44427728653, -0.0658083558083], [92.7240600586, 42.5235366821, -37.0325546265, 10.9177627563, 92.4462432861, 138.550415039, 210.004104614, 56.1470718384, 11.6329193115, 8.22715473175, 15.0150251389, 0.896543264389, 12.4986438751], [51.6159439087, -3.63987898827, -18.0657730103, 2.16457748413, -0.17858235538, 15.8997135162, 56.1470718384, 131.081680298, 57.0955581665, 14.6105623245, 5.91904067993, 15.9929533005, 14.2102575302], [-1.00294160843, 0.812579870224, 17.4346122742, 47.0828437805, 10.926243782, -9.57516098022, 11.6329193115, 57.0955581665, 104.087173462, 40.7233543396, 12.355091095, 16.1998329163, 3.04942083359], [213.389862061, -33.7671012878, 120.856666565, 83.9073944092, 68.6913452148, 25.030412674, 8.22715473175, 14.6105623245, 40.7233543396, 103.446716309, 45.9380722046, 23.4595432281, -1.10432839394], [35.2453384399, 73.4616165161, 33.4188346863, 44.6248130798, 50.2364006042, 14.6521282196, 15.0150251389, 5.91904067993, 12.355091095, 45.9380722046, 96.8619537354, 33.3208618164, 29.848493576], [139.484695435, -49.9787712097, 67.3396148682, 50.530380249, 29.7036800385, 3.44427728653, 0.896543264389, 15.9929533005, 16.1998329163, 23.4595432281, 33.3208618164, 79.4544219971, 22.4288139343], [-99.0632553101, 121.539756775, 19.9173717499, 33.2261390686, 23.3687171936, -0.0658083558083, 12.4986438751, 14.2102575302, 3.04942083359, -1.10432839394, 29.848493576, 22.4288139343, 85.6368560791]],
        "icov": [[0.000349198875483, 0.000278633320704, -4.08201995015e-05, -0.000200071823201, -0.000204267751542, -9.59818862611e-05, -7.56332110541e-06, -0.000259159511188, 0.000411248591263, -0.000345618987922, 1.51645290316e-05, -0.000193922867766, 0.000221795664402], [0.000278633320704, 0.00181925692596, -4.31936277892e-05, -0.000371137342881, -0.000466919242172, 0.000875792757142, -0.000689929176588, 9.33261326281e-05, -4.5380082156e-05, 0.000736545829568, -0.00154672295321, 0.00202223099768, -0.00187173089944], [-4.08201995015e-05, -4.31936277892e-05, 0.00159343006089, -0.00105325621553, -0.000592587166466, -0.000235244966461, 0.000780661124736, -0.000192946434254, 0.000656208372675, -0.00102195038926, 0.0008170963265, -0.000535145867616, -4.94441192131e-05], [-0.000200071823201, -0.000371137342881, -0.00105325621553, 0.0046359137632, -0.00184842280578, -0.000720967247616, 0.00102242897265, 0.000575902638957, -0.00204933970235, -0.000168562037288, 0.000321679050103, -0.000773762003519, -0.000838027393911], [-0.000204267751542, -0.000466919242172, -0.000592587166466, -0.00184842280578, 0.00613371841609, -0.00113580236211, -0.00196543196216, 0.00100146944169, 0.000404521822929, -0.00111822062172, -0.000762383977417, -0.000111309876957, -6.55209350953e-06], [-9.59818862611e-05, 0.000875792757142, -0.000235244966461, -0.000720967247616, -0.00113580236211, 0.00821765884757, -0.00522691803053, 0.000551680393983, 0.00143540208228, -0.000181729439646, -0.000622884428594, 0.0014887128491, -0.000258233834757], [-7.56332110541e-06, -0.000689929176588, 0.000780661124736, 0.00102242897265, -0.00196543196216, -0.00522691803053, 0.0102574154735, -0.00365180661902, -0.000121274395497, 0.000370824360289, 0.000157179194503, -0.000322993000736, 7.23004923202e-05], [-0.000259159511188, 9.33261326281e-05, -0.000192946434254, 0.000575902638957, 0.00100146944169, 0.000551680393983, -0.00365180661902, 0.0124061303213, -0.00680549582466, 0.000701787415892, 0.000554601778276, -0.00100623141043, -0.00208770041354], [0.000411248591263, -4.5380082156e-05, 0.000656208372675, -0.00204933970235, 0.000404521822929, 0.00143540208228, -0.000121274395497, -0.00680549582466, 0.0168521795422, -0.00667266640812, 0.00170240551233, -0.00139397382736, 0.00130591506604], [-0.000345618987922, 0.000736545829568, -0.00102195038926, -0.000168562037288, -0.00111822062172, -0.000181729439646, 0.000370824360289, 0.000701787415892, -0.00667266640812, 0.0188412889838, -0.00864293891937, 0.00112766609527, 0.00219007045962], [1.51645290316e-05, -0.00154672295321, 0.0008170963265, 0.000321679050103, -0.000762383977417, -0.000622884428594, 0.000157179194503, 0.000554601778276, 0.00170240551233, -0.00864293891937, 0.018489388749, -0.00641559856012, -0.00294574955478], [-0.000193922867766, 0.00202223099768, -0.000535145867616, -0.000773762003519, -0.000111309876957, 0.0014887128491, -0.000322993000736, -0.00100623141043, -0.00139397382736, 0.00112766609527, -0.00641559856012, 0.0194412451237, -0.00521552702412], [0.000221795664402, -0.00187173089944, -4.94441192131e-05, -0.000838027393911, -6.55209350953e-06, -0.000258233834757, 7.23004923202e-05, -0.00208770041354, 0.00130591506604, 0.00219007045962, -0.00294574955478, -0.00521552702412, 0.0176387894899]]
    },
    "melbands": {
        "dmean": [0.00102441839408, 0.00114782957826, 0.000441956479335, 0.000169804043253, 0.000184391989023, 0.000143911820487, 0.000131531691295, 0.000115756323794, 0.000107556654257, 0.000172902116901, 0.000234672406805, 0.000244960392592, 0.000184541291674, 8.72489108588e-05, 6.99725569575e-05, 6.47420092719e-05, 5.68451359868e-05, 6.18201083853e-05, 5.57860039407e-05, 3.33290518029e-05, 2.8896587537e-05, 1.98106354219e-05, 1.25106544147e-05, 1.39997373481e-05, 1.31941806103e-05, 7.56031295168e-06, 6.10263532508e-06, 4.72888177683e-06, 4.88301657242e-06, 4.15386330133e-06, 3.20112008012e-06, 3.11347935167e-06, 2.95119730254e-06, 2.92428080684e-06, 3.49582114723e-06, 3.31938304043e-06, 3.07510754283e-06, 3.00724059343e-06, 2.81449047179e-06, 3.16094406116e-06],
        "dmean2": [0.00161231902894, 0.00177708931733, 0.000765208213124, 0.00027955888072, 0.00029638063279, 0.000234063569224, 0.000220088957576, 0.000192984982277, 0.000176397123141, 0.000277670129435, 0.000371463276679, 0.000389199180063, 0.000289230927592, 0.000137121372973, 0.000114702903375, 0.000104233666207, 9.24419509829e-05, 9.91467823042e-05, 9.00894010556e-05, 5.38660387974e-05, 4.7319841542e-05, 3.20383005601e-05, 2.04608168133e-05, 2.2795264158e-05, 2.16229636862e-05, 1.24771877381e-05, 1.01643718153e-05, 7.85735846875e-06, 7.90804824646e-06, 6.7542018769e-06, 5.14959674547e-06, 5.01311660628e-06, 4.71107568956e-06, 4.61370609628e-06, 5.63365028938e-06, 5.19683817402e-06, 4.80455128127e-06, 4.66266010335e-06, 4.26839596912e-06, 4.879871085e-06],
        "dvar": [3.3805727071e-06, 5.22304662809e-06, 1.36667301831e-06, 3.55317780532e-07, 2.89118815999e-07, 1.37922938848e-07, 1.56720119548e-07, 1.02574084337e-07, 8.58603854681e-08, 1.69348112422e-07, 2.68474622089e-07, 3.83936281878e-07, 2.25134456855e-07, 4.75599755134e-08, 3.48300197572e-08, 1.63804934061e-08, 1.06026840641e-08, 1.82810424576e-08, 1.94265297182e-08, 7.10707714902e-09, 4.79124784292e-09, 2.36170749623e-09, 7.13077985548e-10, 5.72713043656e-10, 5.36317212863e-10, 1.41043746127e-10, 8.28844909373e-11, 5.92423402002e-11, 9.96772595019e-11, 7.1450019512e-11, 4.60107889289e-11, 5.3638642139e-11, 3.84700465927e-11, 4.3630408314e-11, 4.97257929277e-11, 5.17149864598e-11, 6.64748742163e-11, 6.70442659723e-11, 5.74645990514e-11, 1.34925029482e-10],
        "dvar2": [7.89213754615e-06, 1.20711747513e-05, 3.64231095773e-06, 9.26797326883e-07, 7.13769793492e-07, 3.45238390764e-07, 4.30328782386e-07, 2.67537842547e-07, 2.14216100858e-07, 4.10790363503e-07, 6.37089669908e-07, 9.49029526964e-07, 5.68228699649e-07, 1.09851242769e-07, 8.89833700057e-08, 3.97775963279e-08, 2.58466421599e-08, 4.32278604023e-08, 4.83181956668e-08, 1.76892456238e-08, 1.23518368866e-08, 5.67516211802e-09, 1.76156467191e-09, 1.38144662376e-09, 1.34646216399e-09, 3.58443441595e-10, 2.22348431334e-10, 1.53290144467e-10, 2.49524512164e-10, 1.81566012225e-10, 1.08207269534e-10, 1.35436523108e-10, 9.14938264041e-11, 1.04563212255e-10, 1.2332404542e-10, 1.20578644291e-10, 1.54237789207e-10, 1.58060370348e-10, 1.26491914165e-10, 3.04529013118e-10],
        "max": [0.0240347813815, 0.026597449556, 0.0133433286101, 0.0221428070217, 0.0118967071176, 0.0102906543761, 0.0132507700473, 0.00686739338562, 0.00774634210393, 0.0105192419142, 0.00916652567685, 0.0163171608001, 0.0119316577911, 0.00766651332378, 0.00562319345772, 0.00330933067016, 0.00355735444464, 0.00327752064914, 0.00465414393693, 0.0027893667575, 0.00162980018649, 0.00126999488566, 0.000752318359446, 0.000881063228007, 0.000618457561359, 0.000234736959101, 0.000169318664121, 0.00012387712195, 0.000339226477081, 0.000214906147448, 0.000189132959349, 0.000191520783119, 0.000173175896634, 0.000247740652412, 0.000136196773383, 0.000183716256288, 0.000258412823314, 0.000289589399472, 0.000275719212368, 0.000551709672436],
        "mean": [0.00172006094363, 0.00174261420034, 0.000449306418886, 0.000254622980719, 0.000300690997392, 0.000238080581767, 0.000197763685719, 0.000166229787283, 0.000161432777531, 0.000294257421046, 0.000399073614972, 0.000418276846176, 0.000324700435158, 0.000160072275321, 0.000133444540552, 0.000114759088319, 9.96922535705e-05, 0.000105063940282, 9.64277569437e-05, 5.55480728508e-05, 4.8866502766e-05, 3.62624778063e-05, 2.56673629337e-05, 2.82343971776e-05, 2.6336105293e-05, 1.59374303621e-05, 1.26500181068e-05, 9.02926603885e-06, 8.94599816093e-06, 7.27988617655e-06, 5.32027024747e-06, 4.9247505558e-06, 4.56755969935e-06, 4.50990182799e-06, 5.28964756086e-06, 5.24890765519e-06, 4.93148036185e-06, 4.57032820123e-06, 4.39367568106e-06, 4.75162460134e-06],
        "median": [0.00111030123662, 0.000887740461621, 0.000150853185914, 0.000101335870568, 8.4277438873e-05, 7.87229146226e-05, 7.36416623113e-05, 6.25638494967e-05, 6.77620773786e-05, 8.44853348099e-05, 0.000121813733131, 0.000109568718472, 7.89235054981e-05, 4.9631431466e-05, 4.23877754656e-05, 5.12025217176e-05, 4.86143253511e-05, 3.87327600038e-05, 3.20496619679e-05, 2.50350258284e-05, 2.14533301914e-05, 1.6556274204e-05, 1.3646204934e-05, 1.77928850462e-05, 1.70273633557e-05, 1.08810445454e-05, 8.3664253907e-06, 5.93552658756e-06, 4.95820177093e-06, 3.36198945661e-06, 2.3720090212e-06, 2.12865666072e-06, 1.96830546884e-06, 1.93791356651e-06, 2.33413447859e-06, 2.26595989261e-06, 1.78040625087e-06, 1.41653504215e-06, 1.33429318794e-06, 1.25874123569e-06],
        "min": [3.61075954145e-24, 2.45706486428e-24, 4.77437631388e-24, 2.84891948882e-24, 3.21682054918e-24, 8.74752080581e-24, 6.78260713043e-24, 4.94805981938e-24, 2.91081765696e-24, 3.80680173159e-24, 5.70011405248e-24, 4.16651796564e-24, 9.02136598045e-24, 7.0340660103e-24, 5.06439471479e-24, 4.68286568786e-24, 8.40224664279e-24, 7.23114870797e-24, 4.3023661244e-24, 7.61455009627e-24, 7.14328932465e-24, 3.78170806619e-24, 6.77837489167e-24, 5.30401121475e-24, 7.05444228748e-24, 6.57764252902e-24, 6.35492619066e-24, 6.7923235302e-24, 7.22545865426e-24, 6.08158470371e-24, 9.07451075078e-24, 6.9117278834e-24, 8.55968671339e-24, 7.63958617482e-24, 8.29727371099e-24, 6.37483506776e-24, 8.34850628248e-24, 8.74593677312e-24, 9.15733483494e-24, 8.85613669727e-24],
        "var": [5.31954583494e-06, 7.48751790525e-06, 1.11207373266e-06, 4.53320012639e-07, 5.52333290216e-07, 2.67182940661e-07, 2.25887944794e-07, 1.34803912033e-07, 1.14357881387e-07, 3.66034726085e-07, 5.85815428167e-07, 8.17053660285e-07, 5.34832167887e-07, 1.53741922304e-07, 1.23012057429e-07, 3.8664001778e-08, 2.19325517747e-08, 4.13884535533e-08, 4.38811440517e-08, 1.06093187568e-08, 8.76711414577e-09, 4.81758810622e-09, 1.84612269916e-09, 1.44829448434e-09, 1.0534151329e-09, 3.39151678963e-10, 2.00176319964e-10, 1.10319281488e-10, 1.57768437203e-10, 1.38731928723e-10, 8.02647254217e-11, 8.00910518461e-11, 6.05126990183e-11, 6.71584801659e-11, 7.70238595127e-11, 9.60854798504e-11, 1.24335375329e-10, 1.35602556961e-10, 1.36439193277e-10, 2.86794976656e-10]
    },
    "mfcc": {
        "mean": [-604.601196289, 93.7700576782, -11.1483840942, 1.28113329411, 6.01977872849, 3.36336421967, 7.95545482635, 8.91203689575, 3.87483596802, 7.52595710754, 0.904683768749, -0.759823918343, -0.823449790478],
        "cov": [[3370.5, -844.696166992, 269.997406006, 253.562103271, 305.414764404, 327.144073486, 205.573730469, 101.821090698, 46.4907302856, 77.8505477905, 70.5341033936, 108.691680908, 162.687393188], [-844.696166992, 808.112976074, -42.9400215149, 54.2234611511, -2.15548849106, -51.670955658, 53.6558265686, -25.6483745575, -12.3719329834, 29.5516033173, -32.9038887024, -29.8909034729, -47.1381950378], [269.997406006, -42.9400215149, 757.748840332, 322.671264648, 291.963500977, 149.272781372, 49.72473526, -29.1292896271, 20.0228404999, 0.194540724158, 17.1640262604, 35.5160865784, 43.1907272339], [253.562103271, 54.2234611511, 322.671264648, 446.112548828, 274.184082031, 123.912284851, 45.8458633423, -9.51439189911, 32.0784950256, 5.99082374573, 11.4827251434, 69.0899429321, 64.509475708], [305.414764404, -2.15548849106, 291.963500977, 274.184082031, 323.549194336, 151.060333252, 75.0758285522, -5.79899120331, 16.0623054504, 20.7592945099, 5.81089162827, 37.1591262817, 60.8722190857], [327.144073486, -51.670955658, 149.272781372, 123.912284851, 151.060333252, 276.583862305, 154.83605957, 36.8312454224, 25.237455368, 41.4093437195, 11.6852397919, 14.7082853317, 46.5945281982], [205.573730469, 53.6558265686, 49.72473526, 45.8458633423, 75.0758285522, 154.83605957, 219.235443115, 63.8973350525, 26.8892936707, 55.5777053833, 0.505087256432, -3.14867281914, 22.5029354095], [101.821090698, -25.6483745575, -29.1292896271, -9.51439189911, -5.79899120331, 36.8312454224, 63.8973350525, 123.491836548, 61.6863059998, 19.2152996063, 21.5775089264, 8.02584648132, 8.65024375916], [46.4907302856, -12.3719329834, 20.0228404999, 32.0784950256, 16.0623054504, 25.237455368, 26.8892936707, 61.6863059998, 108.696586609, 32.7778549194, 21.7069320679, 14.3146133423, 7.69307994843], [77.8505477905, 29.5516033173, 0.194540724158, 5.99082374573, 20.7592945099, 41.4093437195, 55.5777053833, 19.2152996063, 32.7778549194, 97.9101867676, 32.2483940125, -0.882539510727, 1.69169282913], [70.5341033936, -32.9038887024, 17.1640262604, 11.4827251434, 5.81089162827, 11.6852397919, 0.505087256432, 21.5775089264, 21.7069320679, 32.2483940125, 91.8166275024, 34.6875343323, 6.09216499329], [108.691680908, -29.8909034729, 35.5160865784, 69.0899429321, 37.1591262817, 14.7082853317, -3.14867281914, 8.02584648132, 14.3146133423, -0.882539510727, 34.6875343323, 93.7513046265, 39.9665870667], [162.687393188, -47.1381950378, 43.1907272339, 64.509475708, 60.8722190857, 46.5945281982, 22.5029354095, 8.65024375916, 7.69307994843, 1.69169282913, 6.09216499329, 39.9665870667, 87.437461853]],
