{
"lowlevel": {
    "average_loudness": 0.804067194462,
    "barkbands_crest": {
        "dmean": 2.55229330063,
        "dmean2": 4.1624712944,
        "dvar": 5.17451095581,
        "dvar2": 13.1030740738,
        "max": 26.5541992188,
        "mean": 9.8409576416,
        "median": 9.0436000824,
        "min": 2.01134490967,
        "var": 16.5510025024
    },
    "barkbands_flatness_db": {
        "dmean": 0.0182646363974,
        "dmean2": 0.0280948858708,
        "dvar": 0.000281368149444,
        "dvar2": 0.000636196113192,
        "max": 0.33705586195,
        "mean": 0.118327267468,
        "median": 0.113926365972,
        "min": 0.0152525492013,
        "var": 0.00181636691559
    },
    "barkbands_kurtosis": {
        "dmean": 2.16920304298,
        "dmean2": 3.41201329231,
        "dvar": 16.0137748718,
        "dvar2": 37.9227867126,
        "max": 90.7225799561,
        "mean": 3.20362567902,
        "median": 1.38756036758,
        "min": -1.93471753597,
        "var": 37.8968009949
    },
    "barkbands_skewness": {
        "dmean": 0.454084157944,
        "dmean2": 0.690717220306,
        "dvar": 0.237422555685,
        "dvar2": 0.516763448715,
        "max": 8.76666736603,
        "mean": 1.2564291954,
        "median": 1.08990454674,
        "min": -3.55256748199,
        "var": 1.24112057686
    },
    "barkbands_spread": {
        "dmean": 6.37950658798,
        "dmean2": 9.64797115326,
        "dvar": 81.6060714722,
        "dvar2": 161.366271973,
        "max": 120.364982605,
        "mean": 23.9015388489,
        "median": 19.4969329834,
        "min": 1.83555805683,
        "var": 269.242980957
    },
    "dissonance": {
        "dmean": 0.0220553055406,
        "dmean2": 0.0375861153007,
        "dvar": 0.000502253358718,
        "dvar2": 0.00137268728577,
        "max": 0.500000059605,
        "mean": 0.46146440506,
        "median": 0.469565361738,
        "min": 0.225274309516,
        "var": 0.00100951013155
    },
    "dynamic_complexity": 3.04950737953,
    "erbbands_crest": {
        "dmean": 3.01284098625,
        "dmean2": 4.86532735825,
        "dvar": 7.41753482819,
        "dvar2": 18.3802776337,
        "max": 32.1390533447,
        "mean": 10.5671758652,
        "median": 9.40807437897,
        "min": 2.36061835289,
        "var": 27.2287139893
    },
    "erbbands_flatness_db": {
        "dmean": 0.0182490218431,
        "dmean2": 0.0268091522157,
        "dvar": 0.00029386676033,
        "dvar2": 0.00057420443045,
        "max": 0.361376702785,
        "mean": 0.157714381814,
        "median": 0.155927464366,
        "min": 0.0339495539665,
        "var": 0.00289765140042
    },
    "erbbands_kurtosis": {
        "dmean": 1.17636477947,
        "dmean2": 1.87046265602,
        "dvar": 2.74903869629,
        "dvar2": 6.30684137344,
        "max": 34.7170181274,
        "mean": 1.34486961365,
        "median": 0.51259303093,
        "min": -1.8367254734,
        "var": 7.70683956146
    },
    "erbbands_skewness": {
        "dmean": 0.380989193916,
        "dmean2": 0.593247950077,
        "dvar": 0.132466644049,
        "dvar2": 0.296030312777,
        "max": 4.53724384308,
        "mean": 0.657453596592,
        "median": 0.626219153404,
        "min": -4.26633644104,
        "var": 0.612925350666
    },
    "erbbands_spread": {
        "dmean": 7.95456361771,
        "dmean2": 11.9425592422,
        "dvar": 111.477958679,
        "dvar2": 232.692962646,
        "max": 152.268249512,
        "mean": 34.9174346924,
        "median": 29.044921875,
        "min": 3.05320501328,
        "var": 505.818084717
    },
    "hfc": {
        "dmean": 9.48381328583,
        "dmean2": 13.6603403091,
        "dvar": 268.525756836,
        "dvar2": 526.336181641,
        "max": 305.10055542,
        "mean": 29.2777786255,
        "median": 21.1770305634,
        "min": 1.05434445962e-16,
        "var": 841.958984375
    },
    "melbands_crest": {
        "dmean": 3.16717457771,
        "dmean2": 5.19241333008,
        "dvar": 7.85079097748,
        "dvar2": 20.5045928955,
        "max": 39.4354133606,
        "mean": 13.5282688141,
        "median": 12.6061439514,
        "min": 2.54451704025,
        "var": 27.0187721252
    },
    "melbands_flatness_db": {
        "dmean": 0.0208448693156,
        "dmean2": 0.0317494980991,
        "dvar": 0.000373140268493,
        "dvar2": 0.000825067516416,
        "max": 0.383109688759,
        "mean": 0.178724676371,
        "median": 0.171507492661,
        "min": 0.00703934254125,
        "var": 0.00280005228706
    },
    "melbands_kurtosis": {
        "dmean": 5.15426206589,
        "dmean2": 8.11972236633,
        "dvar": 98.2657852173,
        "dvar2": 239.224151611,
        "max": 184.119873047,
        "mean": 10.2189922333,
        "median": 4.73113441467,
        "min": -1.94260084629,
        "var": 256.364715576
    },
    "melbands_skewness": {
        "dmean": 0.61339366436,
        "dmean2": 0.951001465321,
        "dvar": 0.459112942219,
        "dvar2": 1.06662809849,
        "max": 11.8803243637,
        "mean": 2.09663152695,
        "median": 1.73702502251,
        "min": -1.30600345135,
        "var": 2.72646188736
    },
    "melbands_spread": {
        "dmean": 6.55319786072,
        "dmean2": 9.98423194885,
        "dvar": 110.06867981,
        "dvar2": 197.852386475,
        "max": 278.364318848,
        "mean": 25.8494262695,
        "median": 22.0597400665,
        "min": 1.45928490162,
        "var": 418.580810547
    },
    "pitch_salience": {
        "dmean": 0.0638327375054,
        "dmean2": 0.102896884084,
        "dvar": 0.00317068188451,
        "dvar2": 0.00778761086985,
        "max": 0.881371855736,
        "mean": 0.55380064249,
        "median": 0.5483045578,
        "min": 0.0223521944135,
        "var": 0.0153829557821
    },
    "silence_rate_20dB": {
        "dmean": 0,
        "dmean2": 0,
        "dvar": 0,
        "dvar2": 0,
        "max": 1,
        "mean": 1,
        "median": 1,
        "min": 1,
        "var": 0
    },
    "silence_rate_30dB": {
        "dmean": 0.000229726618272,
        "dmean2": 0.000459506030893,
        "dvar": 0.0002296649036,
        "dvar2": 0.000689012056682,
        "max": 1,
        "mean": 0.99988514185,
        "median": 1,
        "min": 0,
        "var": 0.000114834685519
    },
    "silence_rate_60dB": {
        "dmean": 0.0142430504784,
        "dmean2": 0.0284893736243,
        "dvar": 0.0140427546576,
        "dvar2": 0.0331893861294,
        "max": 1,
        "mean": 0.0437578968704,
        "median": 0,
        "min": 0,
        "var": 0.0418483018875
    },
    "spectral_centroid": {
        "dmean": 217.348480225,
        "dmean2": 328.296081543,
        "dvar": 75010.8359375,
        "dvar2": 131268.40625,
        "max": 11101.8242188,
        "mean": 1408.34692383,
        "median": 1367.84033203,
        "min": 248.569076538,
        "var": 380336.09375
    },
    "spectral_complexity": {
        "dmean": 2.77624630928,
        "dmean2": 4.43974733353,
        "dvar": 7.3024430275,
        "dvar2": 16.643119812,
        "max": 51,
        "mean": 18.4752502441,
        "median": 18,
        "min": 0,
        "var": 73.3732528687
    },
    "spectral_decrease": {
        "dmean": 1.73117287172e-09,
        "dmean2": 2.67161937018e-09,
        "dvar": 4.42760044757e-18,
        "dvar2": 1.02918514917e-17,
        "max": 3.48399101936e-29,
        "mean": -6.34470342931e-09,
        "median": -5.59585489057e-09,
        "min": -3.37904211278e-08,
        "var": 1.93108854334e-17
    },
    "spectral_energy": {
        "dmean": 0.00709155621007,
        "dmean2": 0.0108912894502,
        "dvar": 7.19899398973e-05,
        "dvar2": 0.000164956727531,
        "max": 0.133812114596,
        "mean": 0.0266019236296,
        "median": 0.0234647281468,
        "min": 9.82379244072e-21,
        "var": 0.000330581067828
    },
    "spectral_energyband_high": {
        "dmean": 0.000639758247416,
        "dmean2": 0.000914987409487,
        "dvar": 2.46176000473e-06,
        "dvar2": 4.7486873882e-06,
        "max": 0.0305249821395,
        "mean": 0.00129646318965,
        "median": 0.000537694024388,
        "min": 7.20910925957e-21,
        "var": 5.62940067539e-06
    },
    "spectral_energyband_low": {
        "dmean": 0.0026939092204,
        "dmean2": 0.00435553630814,
        "dvar": 2.30679233937e-05,
        "dvar2": 5.79646039114e-05,
        "max": 0.060362316668,
        "mean": 0.00650982605293,
        "median": 0.00434746500105,
        "min": 3.90902855969e-23,
        "var": 5.95803758188e-05
    },
    "spectral_energyband_middle_high": {
        "dmean": 0.00280941068195,
        "dmean2": 0.00427799066529,
        "dvar": 1.98754514713e-05,
        "dvar2": 4.75118322356e-05,
        "max": 0.0826542675495,
        "mean": 0.00893894210458,
        "median": 0.0047686486505,
        "min": 1.32221498866e-21,
        "var": 0.000102961676021
    },
    "spectral_energyband_middle_low": {
        "dmean": 0.00485271262005,
        "dmean2": 0.00752506870776,
        "dvar": 5.5860982684e-05,
        "dvar2": 0.000129352076328,
        "max": 0.126016423106,
        "mean": 0.0108975460753,
        "median": 0.00756730744615,
        "min": 1.38149272338e-22,
        "var": 0.000120518649055
    },
    "spectral_entropy": {
        "dmean": 0.155115991831,
        "dmean2": 0.223112270236,
        "dvar": 0.0255639106035,
        "dvar2": 0.0458754487336,
        "max": 9.81384086609,
        "mean": 7.6424446106,
        "median": 7.67064285278,
        "min": 5.75292682648,
        "var": 0.191188216209
    },
    "spectral_flux": {
        "dmean": 0.0211851336062,
        "dmean2": 0.0327903479338,
        "dvar": 0.000473245920148,
        "dvar2": 0.00105833203997,
        "max": 0.328593492508,
        "mean": 0.0897156968713,
        "median": 0.0829505622387,
        "min": 6.64071714285e-11,
        "var": 0.00212855101563
    },
    "spectral_kurtosis": {
        "dmean": 1.09757721424,
        "dmean2": 1.73720753193,
        "dvar": 1.31305718422,
        "dvar2": 3.26470041275,
        "max": 28.4598407745,
        "mean": 4.35382270813,
        "median": 4.20467662811,
        "min": -1.49402582645,
        "var": 6.46605062485
    },
    "spectral_rms": {
        "dmean": 0.000652976043057,
        "dmean2": 0.000991899869405,
        "dvar": 4.30385227901e-07,
        "dvar2": 9.33698004246e-07,
        "max": 0.0114257782698,
        "mean": 0.00476416898891,
        "median": 0.0047846022062,
        "min": 3.09583391908e-12,
        "var": 3.25577434523e-06
    },
    "spectral_rolloff": {
        "dmean": 613.124389648,
        "dmean2": 1018.65881348,
        "dvar": 1966246.5,
        "dvar2": 4278850,
        "max": 18776.953125,
        "mean": 1804.390625,
        "median": 1378.125,
        "min": 21.533203125,
        "var": 3690541
    },
    "spectral_skewness": {
        "dmean": 0.164963662624,
        "dmean2": 0.253512144089,
        "dvar": 0.0272082090378,
        "dvar2": 0.0555971562862,
        "max": 4.11388301849,
        "mean": 1.67900109291,
        "median": 1.68506526947,
        "min": -0.432807087898,
        "var": 0.169305160642
    },
    "spectral_spread": {
        "dmean": 737470.625,
        "dmean2": 1015020,
        "dvar": 1.29215325798e+12,
        "dvar2": 2.19181088768e+12,
        "max": 40377664,
        "mean": 5526048,
        "median": 4885912.5,
        "min": 2089100.25,
        "var": 5.66142907187e+12
    },
    "spectral_strongpeak": {
        "dmean": 0.779638886452,
        "dmean2": 1.29126632214,
        "dvar": 1.20519649982,
        "dvar2": 3.07157707214,
        "max": 12.8563995361,
        "mean": 1.45536565781,
        "median": 0.707896113396,
        "min": 0,
        "var": 2.98379969597
    },
    "zerocrossingrate": {
        "dmean": 0.0133347446099,
        "dmean2": 0.0151120387018,
        "dvar": 0.000380637560738,
        "dvar2": 0.000408099818742,
        "max": 0.6376953125,
        "mean": 0.0753940045834,
        "median": 0.06689453125,
        "min": 0,
        "var": 0.00216363416985
    },
    "barkbands": {
        "dmean": [0.000290322175715, 0.0017185920151, 0.00136427953839, 0.0011418297654, 0.00159174064174, 0.000996919930913, 0.000549123971723, 0.000832635851111, 0.00175012496766, 0.00142465706449, 0.000821823719889, 0.000884139561094, 0.000495512911584, 0.000567835522816, 0.00033468240872, 0.000281238812022, 0.000181596260518, 0.00016321381554, 0.000139296113048, 0.000107361614937, 6.47432607366e-05, 7.11515458534e-05, 8.96352212294e-05, 0.000137543029268, 0.000195537519176, 0.000133279580041, 2.07602261071e-05],
        "dmean2": [0.00045433442574, 0.00274642417207, 0.00231563835405, 0.00199061958119, 0.00269067962654, 0.00157393771224, 0.000889314571396, 0.00136435218155, 0.00276985135861, 0.0022623941768, 0.00129293301143, 0.00141815980896, 0.000785610347521, 0.000903150066733, 0.000526292482391, 0.00044404505752, 0.00028092393768, 0.000256042258115, 0.000215232299524, 0.000165976161952, 0.000101026598713, 0.000108294705569, 0.000133469016873, 0.000199262271053, 0.000283241650322, 0.000197248184122, 3.24639622704e-05],
        "dvar": [5.92495553065e-07, 1.13993619379e-05, 1.17221770779e-05, 9.51666606852e-06, 1.60896197485e-05, 6.2767730924e-06, 2.33487867263e-06, 6.3745760599e-06, 2.08463316085e-05, 1.28960364236e-05, 3.98377187594e-06, 5.67013648833e-06, 1.81430084467e-06, 1.80682036444e-06, 6.26269070381e-07, 5.82132372529e-07, 2.66873740884e-07, 8.53228669939e-08, 7.8877519627e-08, 3.90101533299e-08, 1.96335108171e-08, 3.9132061147e-08, 5.3756568974e-08, 1.65751401937e-07, 3.74178853235e-07, 1.48653924725e-07, 8.0867437191e-09],
        "dvar2": [1.46970535297e-06, 2.72001871053e-05, 3.191849828e-05, 2.62932444457e-05, 4.2294494051e-05, 1.56854712259e-05, 6.03878152106e-06, 1.6458272512e-05, 5.0216964155e-05, 3.14154858643e-05, 9.46716409089e-06, 1.40177644425e-05, 4.28574685429e-06, 4.34218145529e-06, 1.32996785851e-06, 1.38696816521e-06, 6.00783380378e-07, 1.9108829008e-07, 1.75327500074e-07, 9.12476139092e-08, 4.56689228656e-08, 9.64012443205e-08, 1.14412685548e-07, 3.18321951909e-07, 7.50410947603e-07, 3.07848921466e-07, 2.05030392664e-08],
        "max": [0.0234021320939, 0.0452211387455, 0.0441513583064, 0.0624895989895, 0.0976359695196, 0.0683136880398, 0.0557569600642, 0.0708582699299, 0.115495048463, 0.0973546430469, 0.0440493747592, 0.0682035163045, 0.0371651314199, 0.0399305745959, 0.0259650163352, 0.0211015641689, 0.0188716985285, 0.00761160766706, 0.0064436015673, 0.00485966168344, 0.00401525851339, 0.00383284501731, 0.00477050850168, 0.0157531946898, 0.0148491775617, 0.00992915220559, 0.0022672158666],
        "mean": [0.000347766734194, 0.00351065536961, 0.00192906882148, 0.00147825386375, 0.00217878399417, 0.00161627936177, 0.000842511828523, 0.00118589261547, 0.00285146594979, 0.00227475655265, 0.00130999821704, 0.00166591780726, 0.000864480971359, 0.00097804388497, 0.000596311874688, 0.000515040825121, 0.000353169976734, 0.00035880273208, 0.000323896238115, 0.000255869876128, 0.000149040031829, 0.000134215733851, 0.000158802256919, 0.000243963761022, 0.000298554019537, 0.00015982806508, 2.0576386305e-05],
        "median": [3.18018428516e-05, 0.00166700733826, 0.000728028884623, 0.000529491750058, 0.000990041531622, 0.00057410413865, 0.000281373853795, 0.000254752725596, 0.000623115105554, 0.000454426772194, 0.000288209237624, 0.000274525664281, 0.000199218615307, 0.000237388550886, 0.000192909996258, 0.000140110729262, 0.000133926427225, 0.000184782169526, 0.000135683614644, 0.000115337687021, 6.43384410068e-05, 4.73345498904e-05, 5.31823716301e-05, 7.02477191226e-05, 6.44679748802e-05, 2.09275294765e-05, 1.63767651884e-06],
        "min": [2.93173114842e-24, 1.02745693471e-23, 5.30542643122e-24, 7.20998830305e-24, 3.31615415103e-23, 8.57918025522e-24, 1.7857124034e-23, 1.57904820117e-23, 1.30573960972e-23, 1.73303384987e-23, 6.01339769699e-23, 4.77505110549e-23, 5.58270173084e-23, 8.18838313817e-23, 6.17327140349e-23, 1.05125932947e-22, 8.86233919503e-23, 1.44097094236e-22, 1.65440477023e-22, 1.98048440126e-22, 3.88245985062e-22, 4.87068824713e-22, 3.71925576271e-22, 7.05966492533e-22, 1.16995004123e-21, 1.43549803997e-21, 2.04859215271e-21],
        "var": [8.26360519568e-07, 2.35100196733e-05, 1.22133806144e-05, 9.32620241656e-06, 1.67672096723e-05, 1.0689188457e-05, 3.35685285791e-06, 1.03691827462e-05, 4.38829920313e-05, 2.61693858192e-05, 8.28446172818e-06, 1.79050803126e-05, 4.97759901918e-06, 4.49703657068e-06, 1.63278082255e-06, 1.34834033361e-06, 6.21398953626e-07, 2.72865349871e-07, 2.77235528756e-07, 1.33312497042e-07, 6.92809223324e-08, 6.15087714095e-08, 9.55941032998e-08, 4.27326796171e-07, 7.65583536122e-07, 2.23702130597e-07, 7.07244574016e-09]
    },
    "erbbands": {
        "dmean": [0.051564835012, 0.426954746246, 1.36482298374, 2.67772722244, 4.35100412369, 5.95972156525, 7.40620231628, 7.93758153915, 7.42006444931, 10.5256919861, 21.0039672852, 33.3331451416, 49.1430664062, 38.9253349304, 28.9948329926, 34.2673912048, 20.5653133392, 28.9661502838, 16.8017635345, 15.5208816528, 12.9196033478, 9.22207450867, 8.03127288818, 7.91653299332, 6.14056777954, 5.15599441528, 3.00123000145, 2.35170769691, 2.4716770649, 2.47802901268, 2.65638113022, 2.81228733063, 2.43254113197, 2.28310012817, 1.35386145115, 0.67903393507, 0.231078118086, 0.0433264896274, 0.00374589161947, 7.06630016793e-05],
        "dmean2": [0.0797944515944, 0.685151338577, 2.25521397591, 4.54741001129, 7.3703417778, 10.1989994049, 12.159866333, 12.5777339935, 11.8675956726, 17.2381458282, 34.2412796021, 52.4562759399, 76.6999816895, 61.7165794373, 44.1206283569, 54.568687439, 32.0755691528, 45.6222877502, 26.2626037598, 24.1717472076, 20.1876296997, 14.1042261124, 12.3896398544, 12.1461467743, 9.45796871185, 8.02551651001, 4.60792732239, 3.67321658134, 3.79106712341, 3.75469851494, 3.95608258247, 4.23490905762, 3.47062778473, 3.32272863388, 1.95226764679, 0.997912228107, 0.34812349081, 0.0648663341999, 0.0058684553951, 0.000107644467789],
        "dvar": [0.0123809156939, 0.787996768951, 10.135351181, 46.0459480286, 137.809188843, 272.557556152, 319.298217773, 601.968078613, 539.278564453, 950.45324707, 4713.34228516, 9414.40332031, 15777.2480469, 9591.20996094, 4441.95996094, 8977.77929688, 2929.66918945, 4933.82470703, 1525.79223633, 1666.30053711, 1163.58178711, 615.702880859, 232.271759033, 278.370391846, 143.895446777, 97.998260498, 38.072101593, 36.9110107422, 45.1173591614, 43.0862884521, 49.2039337158, 58.1486129761, 61.8678512573, 57.2362937927, 17.7309837341, 3.98134326935, 0.464975088835, 0.0220375079662, 0.000308147224132, 7.56802833735e-08],
        "dvar2": [0.0271144490689, 1.91649842262, 26.0775279999, 123.105583191, 359.633331299, 744.647338867, 825.098327637, 1536.6809082, 1401.83044434, 2378.23120117, 11911.7978516, 21215.28125, 38629.75, 23437.3710938, 9752.19921875, 22225.53125, 6871.02880859, 12213.0361328, 3597.86279297, 3577.91894531, 2594.51928711, 1334.02502441, 515.553588867, 618.731750488, 327.630157471, 231.482757568, 88.1448516846, 85.4803237915, 111.989013672, 99.1723403931, 104.216506958, 126.967018127, 115.58769989, 116.306053162, 35.1920852661, 8.10894680023, 0.997969031334, 0.0514820553362, 0.000796641397756, 1.9099118731e-07],
        "max": [1.3971517086, 12.1245594025, 39.5509262085, 109.655311584, 241.924499512, 411.424377441, 458.160247803, 702.205810547, 968.881408691, 1084.44384766, 2226.04956055, 3619.3828125, 4258.22265625, 2437.16674805, 1474.05688477, 1988.61914062, 1598.84289551, 2435.36132812, 1133.36535645, 1719.06982422, 1232.49865723, 1088.17102051, 512.782836914, 454.157989502, 287.532653809, 274.444580078, 189.927047729, 180.890655518, 119.093910217, 135.568695068, 154.617431641, 193.424758911, 371.517822266, 202.432434082, 137.404602051, 61.3139343262, 15.4416275024, 2.83135461807, 0.478929400444, 0.00720607023686],
        "mean": [0.0982771366835, 0.792585194111, 2.16729807854, 3.96351051331, 5.39856481552, 7.59014034271, 11.7144203186, 12.5940303802, 11.8826999664, 16.2511844635, 32.2294921875, 55.3754920959, 82.9258422852, 68.4910354614, 54.8873939514, 65.8816986084, 41.1342658997, 56.0107345581, 33.0928344727, 31.0050506592, 26.6365642548, 20.1997356415, 18.600063324, 18.4749507904, 15.2406215668, 12.8492927551, 7.37119626999, 5.19598817825, 4.8164358139, 4.51093626022, 4.64874076843, 4.63481855392, 4.31118392944, 3.56535768509, 1.96365487576, 0.853963434696, 0.266474723816, 0.0471871607006, 0.00364006892778, 0.000100884564745],
        "median": [0.0271554738283, 0.389026492834, 0.951397359371, 1.6220035553, 2.36175131798, 3.1118209362, 4.08440876007, 4.32283830643, 4.34293222427, 5.2934422493, 7.79214763641, 14.2010040283, 19.7792472839, 17.6975669861, 15.1638298035, 12.6430282593, 11.8399324417, 15.1641769409, 12.1344366074, 10.953122139, 8.64053726196, 8.16389465332, 10.1065568924, 8.71115875244, 6.66627836227, 5.65518140793, 3.50395345688, 1.98437178135, 1.67189741135, 1.53683590889, 1.53644573689, 1.39732027054, 1.17234969139, 0.81903141737, 0.352086395025, 0.125266909599, 0.0300509743392, 0.00468073645607, 0.000290910626063, 4.16159382439e-05],
        "min": [1.97094940794e-22, 3.02534422601e-21, 5.29885114936e-21, 2.86715922206e-20, 1.2080688503e-20, 1.14868529563e-19, 8.12131289154e-20, 8.21320102537e-20, 1.9413335733e-19, 3.33194115151e-19, 6.81029016952e-19, 3.75132456551e-19, 5.04023326009e-19, 9.26503600822e-19, 2.51342220565e-18, 1.89245337711e-18, 2.55635494739e-18, 3.01454124883e-18, 4.855801245e-18, 5.41028687938e-18, 5.29682665066e-18, 6.72201417833e-18, 8.18976635238e-18, 8.40426172984e-18, 7.59219122553e-18, 9.60499214394e-18, 1.38058594905e-17, 1.61523094992e-17, 1.50645951178e-17, 1.50611738988e-17, 1.23353937504e-17, 1.47581031942e-17, 1.1146656628e-17, 1.05694814295e-17, 9.50341850062e-18, 4.8229998114e-18, 2.92597129833e-18, 1.06484945487e-18, 2.85903346502e-19, 2.96818382425e-20],
        "var": [0.0268728304654, 1.27197337151, 12.4203414917, 57.216506958, 127.953201294, 252.38420105, 639.864929199, 849.477172852, 719.975341797, 1559.73999023, 8145.76123047, 18138.7480469, 31029.4492188, 22129.6367188, 11695.3818359, 27980.5214844, 8446.91796875, 14763.8818359, 3830.27319336, 5078.16503906, 3168.90795898, 1672.67333984, 710.764587402, 856.360778809, 520.760009766, 358.299865723, 117.143493652, 127.884559631, 80.813369751, 71.434387207, 85.9116897583, 107.687179565, 170.976089478, 120.118888855, 34.6315193176, 6.409075737, 0.651722729206, 0.024642098695, 0.000253358943155, 6.99429349993e-08]
    },
    "gfcc": {
        "mean": [14.8893814087, 64.8255691528, -117.506492615, 12.9757356644, -58.5877685547, 19.5080757141, -39.1488685608, 16.586435318, -31.3020305634, 0.962414503098, -17.26354599, -1.20232784748, -11.1019382477],
        "cov": [[4578.47216797, -448.280578613, 560.011230469, 378.860687256, 243.069381714, 399.367706299, 162.264007568, 185.963821411, 54.0143089294, 178.81010437, -39.9261322021, 21.3173847198, -134.014709473], [-448.280578613, 1251.46740723, 285.436035156, 283.411224365, 233.928833008, -35.2146072388, 124.398704529, -2.02560329437, -14.0488643646, -34.3258399963, 146.70085144, -94.4446105957, 65.0106201172], [560.011230469, 285.436035156, 1593.67138672, 558.29095459, 252.986618042, 76.9405670166, -124.659370422, 2.47512817383, 30.4892234802, 80.1558303833, 15.0119581223, 67.6485671997, -19.7171192169], [378.860687256, 283.411224365, 558.29095459, 510.782501221, 202.864715576, 32.8841285706, -27.7561244965, 18.9710159302, 46.4736328125, 45.0991210938, 35.3499565125, 23.8326454163, 39.7316398621], [243.069381714, 233.928833008, 252.986618042, 202.864715576, 306.47756958, 72.1668243408, 83.488494873, 53.4786109924, 8.60759925842, 40.9625892639, 31.3115959167, -11.6649017334, 2.14058876038], [399.367706299, -35.2146072388, 76.9405670166, 32.8841285706, 72.1668243408, 255.663879395, 152.946365356, 17.1087760925, -9.20733261108, 32.1355514526, 11.7116451263, -15.2885093689, -40.5670700073], [162.264007568, 124.398704529, -124.659370422, -27.7561244965, 83.488494873, 152.946365356, 296.803375244, 54.8163261414, -20.6836967468, 28.0487003326, 41.63123703, -38.678653717, -18.6685886383], [185.963821411, -2.02560329437, 2.47512817383, 18.9710159302, 53.4786109924, 17.1087760925, 54.8163261414, 160.423965454, 58.3602981567, 15.9289045334, -1.06340146065, -13.0785503387, 10.3402462006], [54.0143089294, -14.0488643646, 30.4892234802, 46.4736328125, 8.60759925842, -9.20733261108, -20.6836967468, 58.3602981567, 152.109008789, 31.0658378601, -34.3983192444, 29.2401103973, 2.26106882095], [178.81010437, -34.3258399963, 80.1558303833, 45.0991210938, 40.9625892639, 32.1355514526, 28.0487003326, 15.9289045334, 31.0658378601, 106.400306702, 33.782989502, 15.8844060898, -3.19032120705], [-39.9261322021, 146.70085144, 15.0119581223, 35.3499565125, 31.3115959167, 11.7116451263, 41.63123703, -1.06340146065, -34.3983192444, 33.782989502, 125.141944885, 3.11971569061, 24.5511455536], [21.3173847198, -94.4446105957, 67.6485671997, 23.8326454163, -11.6649017334, -15.2885093689, -38.678653717, -13.0785503387, 29.2401103973, 15.8844060898, 3.11971569061, 110.556442261, 13.8671712875], [-134.014709473, 65.0106201172, -19.7171192169, 39.7316398621, 2.14058876038, -40.5670700073, -18.6685886383, 10.3402462006, 2.26106882095, -3.19032120705, 24.5511455536, 13.8671712875, 98.4604492188]],
        "icov": [[0.000320408755215, 0.000124159036204, 7.88257239037e-06, -0.000302101194393, 1.73221326349e-06, -0.000355737603968, 4.40259536845e-05, -0.000382370286388, 0.000215562235098, -0.000314998353133, 0.000135375303216, -3.18617821904e-05, 0.000335087446729], [0.000124159036204, 0.00176435662434, -0.00031318308902, -0.000499630521517, -0.000845379312523, 0.000952958827838, -0.00117549125571, 0.000953558133915, -0.00125277391635, 0.00178456376307, -0.00211979728192, 0.0017110502813, -0.000394891307224], [7.88257239037e-06, -0.00031318308902, 0.0012687476119, -0.00112314498983, -0.000123217920191, -0.000637985242065, 0.000995901878923, -0.000448371603852, 0.000775259453803, -0.000813322141767, 0.000581000233069, -0.000817394291516, 0.000826636736747], [-0.000302101194393, -0.000499630521517, -0.00112314498983, 0.00469683203846, -0.00174675893504, -0.000144058576552, 0.000582164211664, 0.000834064849187, -0.00140398659278, 0.000128878949909, -0.00045726908138, 2.75918791885e-05, -0.00205355952494], [1.73221326349e-06, -0.000845379312523, -0.000123217920191, -0.00174675893504, 0.00590790668502, -0.00067104405025, -0.000748459540773, -0.0018445252208, 0.00136686733458, -0.00168587570079, 0.00104097544681, -0.000444575533038, 0.000604640168604], [-0.000355737603968, 0.000952958827838, -0.000637985242065, -0.000144058576552, -0.00067104405025, 0.00763928610831, -0.00433509703726, 0.00158375164028, -0.000859888736159, 0.000722943572327, -0.00087959546363, 0.000968707783613, 0.00111683248542], [4.40259536845e-05, -0.00117549125571, 0.000995901878923, 0.000582164211664, -0.000748459540773, -0.00433509703726, 0.00750546110794, -0.00251222285442, 0.00172209064476, -0.00189987313934, 4.96378743264e-05, -0.000363475701306, 0.000655345153064], [-0.000382370286388, 0.000953558133915, -0.000448371603852, 0.000834064849187, -0.0018445252208, 0.00158375164028, -0.00251222285442, 0.00994515325874, -0.00519118783996, 0.00195176608395, -0.00178599148057, 0.00271867820993, -0.00215965206735], [0.000215562235098, -0.00125277391635, 0.000775259453803, -0.00140398659278, 0.00136686733458, -0.000859888736159, 0.00172209064476, -0.00519118783996, 0.0118211191148, -0.00528765609488, 0.00552880391479, -0.00392571557313, 0.00106155523099], [-0.000314998353133, 0.00178456376307, -0.000813322141767, 0.000128878949909, -0.00168587570079, 0.000722943572327, -0.00189987313934, 0.00195176608395, -0.00528765609488, 0.0152514250949, -0.00674475822598, 0.000926615088247, 0.000114305141324], [0.000135375303216, -0.00211979728192, 0.000581000233069, -0.00045726908138, 0.00104097544681, -0.00087959546363, 4.96378743264e-05, -0.00178599148057, 0.00552880391479, -0.00674475822598, 0.0141272461042, -0.00297160120681, -0.00175291346386], [-3.18617821904e-05, 0.0017110502813, -0.000817394291516, 2.75918791885e-05, -0.000444575533038, 0.000968707783613, -0.000363475701306, 0.00271867820993, -0.00392571557313, 0.000926615088247, -0.00297160120681, 0.0125537095591, -0.0022005091887], [0.000335087446729, -0.000394891307224, 0.000826636736747, -0.00205355952494, 0.000604640168604, 0.00111683248542, 0.000655345153064, -0.00215965206735, 0.00106155523099, 0.000114305141324, -0.00175291346386, -0.0022005091887, 0.0133917964995]]
    },
    "melbands": {
        "dmean": [0.000448006379884, 0.000621196930297, 0.000487815588713, 0.000354885240085, 0.000252353580436, 0.000179261725862, 0.000113717142085, 0.000121540171676, 0.000181486931979, 0.000236861087615, 0.000250660290476, 0.000165396020748, 0.000105227998574, 0.000108434840513, 6.25034226687e-05, 5.2731102187e-05, 5.57804196433e-05, 2.97449223581e-05, 2.52858480962e-05, 2.00554768526e-05, 1.60777108249e-05, 1.10648816189e-05, 8.55335019878e-06, 8.42783265398e-06, 7.21251535651e-06, 5.47413674212e-06, 4.35724541603e-06, 3.71803776034e-06, 2.27622126658e-06, 1.60298429819e-06, 1.47041498622e-06, 1.46863339978e-06, 1.5306086425e-06, 1.42687292737e-06, 1.55819122938e-06, 1.71395686266e-06, 1.82547137229e-06, 1.7398235741e-06, 1.86333488728e-06, 2.08081132769e-06],
        "dmean2": [0.000705334765371, 0.000995910144411, 0.00081322377082, 0.000596586905885, 0.000421314354753, 0.000283062749077, 0.000182352159754, 0.000198174253455, 0.000294794561341, 0.000374796101823, 0.000392962392652, 0.00026298884768, 0.000161924574059, 0.000171068546479, 9.78915195446e-05, 8.24922099127e-05, 8.79772851476e-05, 4.70589402539e-05, 3.94521848648e-05, 3.13697528327e-05, 2.55334016401e-05, 1.69396098499e-05, 1.3506223695e-05, 1.32624400067e-05, 1.11897006718e-05, 8.57112627273e-06, 6.83721827954e-06, 5.80238565817e-06, 3.53440714207e-06, 2.50189873441e-06, 2.34514845943e-06, 2.31734270528e-06, 2.37927224589e-06, 2.18702484744e-06, 2.35052789321e-06, 2.60903107119e-06, 2.79257005786e-06, 2.54775386566e-06, 2.71501903626e-06, 3.09235201712e-06],
        "dvar": [7.65034542383e-07, 1.70739895111e-06, 1.43177601331e-06, 8.72966779752e-07, 3.7503153294e-07, 2.67832035661e-07, 1.07786853221e-07, 1.20576146401e-07, 3.69640218878e-07, 4.52514456128e-07, 4.05326090913e-07, 1.79350550411e-07, 6.19395734702e-08, 9.71263816041e-08, 3.20095558948e-08, 1.94204279325e-08, 1.85755180127e-08, 5.4618425338e-09, 3.7635521366e-09, 3.54716300777e-09, 2.27665930552e-09, 1.09238940116e-09, 3.18806980815e-10, 2.96596275318e-10, 2.68522620805e-10, 1.37570579928e-10, 6.76254885423e-11, 5.46571503335e-11, 2.34141438876e-11, 1.33721462722e-11, 1.59442927611e-11, 1.52186978297e-11, 1.79550419671e-11, 1.33824834894e-11, 1.80814044293e-11, 1.79833457153e-11, 2.68026156824e-11, 3.43554837356e-11, 3.31689779809e-11, 5.50132335519e-11],
        "dvar2": [1.74691956545e-06, 4.14121268477e-06, 3.6928188365e-06, 2.23090842155e-06, 1.0100285408e-06, 6.76532181387e-07, 2.79089874766e-07, 3.04730860989e-07, 9.1646910505e-07, 1.04833463865e-06, 9.97014694804e-07, 4.36614499222e-07, 1.42816745097e-07, 2.35445895669e-07, 7.83972069485e-08, 4.66087577422e-08, 4.58783127044e-08, 1.34096085347e-08, 7.99088262227e-09, 8.39002289865e-09, 5.23369880767e-09, 2.29045005185e-09, 7.77890252213e-10, 6.8288386057e-10, 6.01165006664e-10, 3.22991716706e-10, 1.56603410795e-10, 1.26927704458e-10, 5.50963892565e-11, 2.99831132144e-11, 3.944173807e-11, 3.85752332854e-11, 4.42056738437e-11, 3.02683676734e-11, 3.86063681024e-11, 4.03710398444e-11, 5.89394158479e-11, 6.56010454292e-11, 6.57453883002e-11, 1.18889426082e-10],
        "max": [0.0103928772733, 0.0149081535637, 0.0224635284394, 0.0217167902738, 0.0197900421917, 0.01453065034, 0.0129155749455, 0.0102806445211, 0.0223410818726, 0.0224196072668, 0.0207880139351, 0.0105658601969, 0.00532708410174, 0.00933091063052, 0.00458019319922, 0.00486806128174, 0.00412714388222, 0.00197840062901, 0.00185970100574, 0.00195766682737, 0.0017578342231, 0.00122230686247, 0.000462095893454, 0.0004987505381, 0.000440587929916, 0.000302206113702, 0.000272409379249, 0.000184407108463, 0.000150729028974, 0.000123208374134, 0.000123845980852, 6.64209146635e-05, 0.000101710917079, 6.50624933769e-05, 0.000104689424916, 7.34415079933e-05, 0.000161379997735, 0.000303144159261, 0.000174654021976, 0.000209257254028],
        "mean": [0.000940569094382, 0.00113715452608, 0.000731815584004, 0.000455654721009, 0.000397933181375, 0.000289743620669, 0.000181528914254, 0.000184047530638, 0.000271974888165, 0.00039182510227, 0.000415354006691, 0.000278212100966, 0.000182055737241, 0.000197034896701, 0.000113529458758, 9.79823889793e-05, 0.00010121572268, 5.14270177518e-05, 4.51799533039e-05, 3.6819390516e-05, 3.00989941024e-05, 2.12476079469e-05, 1.69152463059e-05, 1.74165506905e-05, 1.47085684148e-05, 1.18798443509e-05, 9.45815463638e-06, 8.31050510897e-06, 4.92120079798e-06, 3.29350291395e-06, 2.8634769933e-06, 2.65456901616e-06, 2.66450319941e-06, 2.46000217885e-06, 2.64681466433e-06, 2.71837825494e-06, 2.8750371257e-06, 2.98398617815e-06, 3.01769409816e-06, 3.04810191665e-06],
        "median": [0.000393446447561, 0.000628302979749, 0.000331575487508, 0.000199247297132, 0.000150433115778, 0.000100685749203, 6.60263976897e-05, 5.54121870664e-05, 5.7224126067e-05, 8.5022948042e-05, 8.95467528608e-05, 5.83847904636e-05, 4.50050902145e-05, 3.31931041728e-05, 2.2438565793e-05, 2.35115985561e-05, 2.37640233536e-05, 1.46140118886e-05, 1.47173059304e-05, 9.66119750956e-06, 9.05833348952e-06, 7.55132850827e-06, 7.90824287833e-06, 8.62074193719e-06, 6.27132703812e-06, 4.75953356727e-06, 4.08582445743e-06, 3.27857128468e-06, 2.12918666875e-06, 1.34739639179e-06, 9.19929846077e-07, 8.82987592377e-07, 9.10056712655e-07, 7.9609731074e-07, 8.39464348701e-07, 8.56639474023e-07, 8.01499027148e-07, 7.9009134879e-07, 7.29645080355e-07, 6.35306150798e-07],
        "min": [2.39149573191e-24, 5.43326094648e-24, 4.23040899364e-24, 3.62561734217e-24, 2.97824219017e-24, 1.74548412599e-24, 3.18285219861e-24, 3.35871138248e-24, 7.04299512688e-24, 2.07864414652e-24, 2.58403636571e-24, 3.35234843042e-24, 9.16901944267e-24, 5.31092991932e-24, 4.26919728435e-24, 5.74831503151e-24, 5.96430159749e-24, 9.00055977408e-24, 4.23284460169e-24, 8.05948184631e-24, 5.09207978826e-24, 4.33576215639e-24, 4.95149057546e-24, 8.33924268887e-24, 6.64366427033e-24, 5.87892436501e-24, 5.77165190367e-24, 6.02500089427e-24, 8.09530796432e-24, 8.17578913159e-24, 1.00206294997e-23, 8.18805749639e-24, 8.03653467144e-24, 7.06202245192e-24, 5.90862852796e-24, 6.97962040834e-24, 9.40129401418e-24, 7.65746176293e-24, 8.71048141973e-24, 8.73868477482e-24],
        "var": [1.8360277636e-06, 2.63073980022e-06, 1.69960173935e-06, 8.69320444963e-07, 6.2878530116e-07, 4.02878356454e-07, 1.48640765474e-07, 1.93293658413e-07, 6.2691083258e-07, 9.1230418775e-07, 7.99890983672e-07, 4.11112353049e-07, 1.44690204706e-07, 2.7164779226e-07, 9.76470460046e-08, 6.46403606197e-08, 5.02089001486e-08, 1.19434684365e-08, 9.96040760981e-09, 8.79962414047e-09, 5.22230658717e-09, 2.66652278036e-09, 7.43050565521e-10, 7.65828289673e-10, 6.79860112651e-10, 4.00345340212e-10, 1.89367424519e-10, 1.82478365751e-10, 6.40019912068e-11, 3.62830945844e-11, 5.08218328532e-11, 2.52462356576e-11, 2.71917800776e-11, 2.28670572061e-11, 3.09792608233e-11, 2.85586276849e-11, 4.97372351638e-11, 9.24497978172e-11, 7.5262365784e-11, 1.0242065529e-10]
    },
    "mfcc": {
        "mean": [-632.209594727, 106.519302368, -3.61271190643, 2.05677080154, 3.62633728981, -3.773686409, 7.18951892853, 4.33675861359, -1.15598976612, 2.87342786789, -3.05182933807, -4.22942399979, -3.60437440872],
        "cov": [[3549.32666016, -564.071411133, 120.276359558, 66.918800354, 93.2402114868, 263.27947998, 182.326782227, 181.831634521, 123.828292847, 227.942840576, 145.719024658, 66.4205551147, 71.3511810303], [-564.071411133, 917.748474121, 159.72857666, 268.036529541, 134.326889038, 29.5190963745, 178.407516479, 14.2852249146, -38.8829650879, 59.9339523315, 11.2849216461, -4.02301692963, 17.8425998688], [120.276359558, 159.72857666, 1161.54272461, 422.373535156, 390.850067139, 154.609802246, 9.329454422, -15.8039808273, -0.334355771542, -20.6124420166, 2.801861763, 67.4726409912, 59.1997261047], [66.918800354, 268.036529541, 422.373535156, 513.133850098, 295.747375488, 64.469329834, 46.3609733582, -8.37109470367, 36.7640037537, 13.2088508606, -23.7636947632, 59.5281448364, 75.9479980469], [93.2402114868, 134.326889038, 390.850067139, 295.747375488, 363.501739502, 36.1803588867, 0.191757187247, -5.7445063591, 32.1643486023, 14.8234109879, -23.8294448853, 32.0222434998, 59.5838623047], [263.27947998, 29.5190963745, 154.609802246, 64.469329834, 36.1803588867, 263.584228516, 99.3452453613, 57.0164909363, -1.44584226608, 36.1075973511, 53.2264862061, 7.52414989471, 5.04118776321], [182.326782227, 178.407516479, 9.329454422, 46.3609733582, 0.191757187247, 99.3452453613, 352.517578125, 33.2257919312, -14.3558645248, 77.9721755981, 32.2066268921, -3.42698955536, 1.40864801407], [181.831634521, 14.2852249146, -15.8039808273, -8.37109470367, -5.7445063591, 57.0164909363, 33.2257919312, 148.150970459, 43.2623786926, 39.8585319519, 40.6154174805, -5.9012761116, 8.06065750122], [123.828292847, -38.8829650879, -0.334355771542, 36.7640037537, 32.1643486023, -1.44584226608, -14.3558645248, 43.2623786926, 142.30015564, 44.0523910522, 11.9989748001, 22.5347137451, 5.1645154953], [227.942840576, 59.9339523315, -20.6124420166, 13.2088508606, 14.8234109879, 36.1075973511, 77.9721755981, 39.8585319519, 44.0523910522, 137.465133667, 52.8914299011, 0.371710985899, -2.12768959999], [145.719024658, 11.2849216461, 2.801861763, -23.7636947632, -23.8294448853, 53.2264862061, 32.2066268921, 40.6154174805, 11.9989748001, 52.8914299011, 111.010673523, 13.9850378036, 1.93214249611], [66.4205551147, -4.02301692963, 67.4726409912, 59.5281448364, 32.0222434998, 7.52414989471, -3.42698955536, -5.9012761116, 22.5347137451, 0.371710985899, 13.9850378036, 102.759788513, 31.289768219], [71.3511810303, 17.8425998688, 59.1997261047, 75.9479980469, 59.5838623047, 5.04118776321, 1.40864801407, 8.06065750122, 5.1645154953, -2.12768959999, 1.93214249611, 31.289768219, 101.204803467]],
