{
"lowlevel": {
    "average_loudness": 0.961385071278,
    "barkbands_crest": {
        "dmean": 3.07025384903,
        "dmean2": 4.86839199066,
        "dvar": 7.68778800964,
        "dvar2": 17.6890277863,
        "max": 26.4989700317,
        "mean": 10.9317312241,
        "median": 9.75205135345,
        "min": 1.95771503448,
        "var": 32.0678329468
    },
    "barkbands_flatness_db": {
        "dmean": 0.0239474717528,
        "dmean2": 0.0358738638461,
        "dvar": 0.00052811059868,
        "dvar2": 0.00107627955731,
        "max": 0.420812994242,
        "mean": 0.107773557305,
        "median": 0.100238010287,
        "min": 0.0144091835245,
        "var": 0.00342169031501
    },
    "barkbands_kurtosis": {
        "dmean": 2.76276946068,
        "dmean2": 4.51109266281,
        "dvar": 35.3616485596,
        "dvar2": 93.3644714355,
        "max": 200.010848999,
        "mean": 2.83085131645,
        "median": 0.306387424469,
        "min": -1.97152400017,
        "var": 69.566192627
    },
    "barkbands_skewness": {
        "dmean": 0.649241805077,
        "dmean2": 0.978142559528,
        "dvar": 0.517748773098,
        "dvar2": 1.11021232605,
        "max": 13.3785076141,
        "mean": 1.00057792664,
        "median": 0.804704844952,
        "min": -8.8824634552,
        "var": 1.91356992722
    },
    "barkbands_spread": {
        "dmean": 9.74674701691,
        "dmean2": 15.1851005554,
        "dvar": 146.259521484,
        "dvar2": 337.353942871,
        "max": 144.88835144,
        "mean": 33.3266868591,
        "median": 30.3320636749,
        "min": 0.800288021564,
        "var": 431.549560547
    },
    "dissonance": {
        "dmean": 0.0203349459916,
        "dmean2": 0.0348752811551,
        "dvar": 0.000571495853364,
        "dvar2": 0.0015729314182,
        "max": 0.500000059605,
        "mean": 0.470266968012,
        "median": 0.481061279774,
        "min": 0.245642453432,
        "var": 0.00101026822813
    },
    "dynamic_complexity": 2.5752594471,
    "erbbands_crest": {
        "dmean": 3.27161026001,
        "dmean2": 5.29420423508,
        "dvar": 10.3273601532,
        "dvar2": 25.2569961548,
        "max": 33.3140830994,
        "mean": 10.7098426819,
        "median": 8.81372833252,
        "min": 2.20454239845,
        "var": 44.2906799316
    },
    "erbbands_flatness_db": {
        "dmean": 0.02146855928,
        "dmean2": 0.0322329923511,
        "dvar": 0.000474639993627,
        "dvar2": 0.000983421457931,
        "max": 0.470743179321,
        "mean": 0.149665847421,
        "median": 0.136614650488,
        "min": 0.0390456877649,
        "var": 0.00413359375671
    },
    "erbbands_kurtosis": {
        "dmean": 1.71107017994,
        "dmean2": 2.70566320419,
        "dvar": 8.04688072205,
        "dvar2": 19.3393802643,
        "max": 70.5296707153,
        "mean": 2.0610601902,
        "median": 0.426201581955,
        "min": -1.91501069069,
        "var": 23.6910076141
    },
    "erbbands_skewness": {
        "dmean": 0.476800680161,
        "dmean2": 0.722548663616,
        "dvar": 0.237988561392,
        "dvar2": 0.513844251633,
        "max": 7.37286806107,
        "mean": 0.445913761854,
        "median": 0.376393646002,
        "min": -5.92273044586,
        "var": 1.39024555683
    },
    "erbbands_spread": {
        "dmean": 9.93657016754,
        "dmean2": 15.291185379,
        "dvar": 130.760543823,
        "dvar2": 313.935333252,
        "max": 161.582366943,
        "mean": 36.6071472168,
        "median": 33.1916275024,
        "min": 1.59120738506,
        "var": 445.041687012
    },
    "hfc": {
        "dmean": 20.3370857239,
        "dmean2": 28.4246120453,
        "dvar": 1331.82080078,
        "dvar2": 2667.63549805,
        "max": 652.464050293,
        "mean": 44.8365058899,
        "median": 30.5825519562,
        "min": 1.12267771767e-16,
        "var": 3185.2746582
    },
    "melbands_crest": {
        "dmean": 3.81697392464,
        "dmean2": 6.06590890884,
        "dvar": 11.8897409439,
        "dvar2": 27.3640384674,
        "max": 39.4129333496,
        "mean": 15.0080547333,
        "median": 13.6796627045,
        "min": 1.89164876938,
        "var": 47.8301963806
    },
    "melbands_flatness_db": {
        "dmean": 0.0292070768774,
        "dmean2": 0.0426830612123,
        "dvar": 0.000809472578112,
        "dvar2": 0.00154313084204,
        "max": 0.415720075369,
        "mean": 0.153953358531,
        "median": 0.145866796374,
        "min": 0.00548145314679,
        "var": 0.00460477685556
    },
    "melbands_kurtosis": {
        "dmean": 7.40308856964,
        "dmean2": 11.9155025482,
        "dvar": 216.393890381,
        "dvar2": 545.735656738,
        "max": 464.98336792,
        "mean": 10.8998622894,
        "median": 4.32173490524,
        "min": -1.93388307095,
        "var": 449.142608643
    },
    "melbands_skewness": {
        "dmean": 0.863467514515,
        "dmean2": 1.32427680492,
        "dvar": 0.915839076042,
        "dvar2": 2.06133246422,
        "max": 16.7920455933,
        "mean": 2.19255280495,
        "median": 1.76695394516,
        "min": -2.45822620392,
        "var": 3.3370423317
    },
    "melbands_spread": {
        "dmean": 14.1388616562,
        "dmean2": 21.3661670685,
        "dvar": 497.961364746,
        "dvar2": 1026.70263672,
        "max": 324.322387695,
        "mean": 39.8628578186,
        "median": 31.0691261292,
        "min": 0.79907232523,
        "var": 1318.2232666
    },
    "pitch_salience": {
        "dmean": 0.0786875411868,
        "dmean2": 0.124258972704,
        "dvar": 0.00551130017266,
        "dvar2": 0.012423908338,
        "max": 0.92933422327,
        "mean": 0.556501090527,
        "median": 0.572575211525,
        "min": 0.0280486736447,
        "var": 0.0243325755
    },
    "silence_rate_20dB": {
        "dmean": 0,
        "dmean2": 0,
        "dvar": 0,
        "dvar2": 0,
        "max": 1,
        "mean": 1,
        "median": 1,
        "min": 1,
        "var": 0
    },
    "silence_rate_30dB": {
        "dmean": 0,
        "dmean2": 0,
        "dvar": 0,
        "dvar2": 0,
        "max": 1,
        "mean": 1,
        "median": 1,
        "min": 1,
        "var": 0
    },
    "silence_rate_60dB": {
        "dmean": 0.018840925768,
        "dmean2": 0.0376863442361,
        "dvar": 0.0184866935015,
        "dvar2": 0.0450952351093,
        "max": 1,
        "mean": 0.0381542854011,
        "median": 0,
        "min": 0,
        "var": 0.0366954691708
    },
    "spectral_centroid": {
        "dmean": 358.358642578,
        "dmean2": 524.720092773,
        "dvar": 223056.03125,
        "dvar2": 423598.71875,
        "max": 11185.171875,
        "mean": 1977.39355469,
        "median": 1849.97900391,
        "min": 285.137542725,
        "var": 741712.625
    },
    "spectral_complexity": {
        "dmean": 5.39971399307,
        "dmean2": 7.52033376694,
        "dvar": 36.5643730164,
        "dvar2": 59.0113563538,
        "max": 58,
        "mean": 21.2584953308,
        "median": 19,
        "min": 0,
        "var": 153.646392822
    },
    "spectral_decrease": {
        "dmean": 2.04545935745e-09,
        "dmean2": 3.16349169083e-09,
        "dvar": 5.15133716144e-18,
        "dvar2": 1.20012235363e-17,
        "max": 8.03788924308e-10,
        "mean": -5.65116264895e-09,
        "median": -5.16625187075e-09,
        "min": -2.72071396523e-08,
        "var": 1.40025928186e-17
    },
    "spectral_energy": {
        "dmean": 0.00873206090182,
        "dmean2": 0.0133487973362,
        "dvar": 8.75444529811e-05,
        "dvar2": 0.000197748027858,
        "max": 0.107643276453,
        "mean": 0.0253955107182,
        "median": 0.0239261444658,
        "min": 1.00750453206e-20,
        "var": 0.000247061136179
    },
    "spectral_energyband_high": {
        "dmean": 0.00174149288796,
        "dmean2": 0.00243038032204,
        "dvar": 1.33631183417e-05,
        "dvar2": 2.59803964582e-05,
        "max": 0.0597918145359,
        "mean": 0.00305815972388,
        "median": 0.00104913592804,
        "min": 7.42130774387e-21,
        "var": 3.38301142619e-05
    },
    "spectral_energyband_low": {
        "dmean": 0.00343731907196,
        "dmean2": 0.00570782134309,
        "dvar": 3.12323390972e-05,
        "dvar2": 8.6763066065e-05,
        "max": 0.0603138282895,
        "mean": 0.00643438985571,
        "median": 0.00351387215778,
        "min": 4.76917062076e-23,
        "var": 6.93270121701e-05
    },
    "spectral_energyband_middle_high": {
        "dmean": 0.00403441628441,
        "dmean2": 0.00582195352763,
        "dvar": 3.44520922226e-05,
        "dvar2": 7.70557817305e-05,
        "max": 0.0841568335891,
        "mean": 0.00990360416472,
        "median": 0.00601407652721,
        "min": 1.25974881699e-21,
        "var": 0.000111843481136
    },
    "spectral_energyband_middle_low": {
        "dmean": 0.00391359394416,
        "dmean2": 0.00619694776833,
        "dvar": 4.57145979453e-05,
        "dvar2": 0.000109094064101,
        "max": 0.104953318834,
        "mean": 0.00655874470249,
        "median": 0.00372458645143,
        "min": 1.99898199042e-22,
        "var": 6.67025014991e-05
    },
    "spectral_entropy": {
        "dmean": 0.172081828117,
        "dmean2": 0.251772165298,
        "dvar": 0.0382832996547,
        "dvar2": 0.0736259371042,
        "max": 9.78616046906,
        "mean": 7.90027713776,
        "median": 8.00350666046,
        "min": 5.41239118576,
        "var": 0.264998406172
    },
    "spectral_flux": {
        "dmean": 0.0265835896134,
        "dmean2": 0.0415433645248,
        "dvar": 0.000734456116334,
        "dvar2": 0.00162365532015,
        "max": 0.286319792271,
        "mean": 0.0991484299302,
        "median": 0.0942427814007,
        "min": 1.03686483011e-10,
        "var": 0.00211304379627
    },
    "spectral_kurtosis": {
        "dmean": 0.998507797718,
        "dmean2": 1.56629920006,
        "dvar": 1.26099455357,
        "dvar2": 3.04836463928,
        "max": 23.1445426941,
        "mean": 3.33144927025,
        "median": 2.75701093674,
        "min": -1.35339617729,
        "var": 5.73368310928
    },
    "spectral_rms": {
        "dmean": 0.000861361448187,
        "dmean2": 0.00129750440829,
        "dvar": 7.26488337932e-07,
        "dvar2": 1.55994939632e-06,
        "max": 0.0102478209883,
        "mean": 0.00469433702528,
        "median": 0.00483141606674,
        "min": 3.13517354439e-12,
        "var": 2.73934210782e-06
    },
    "spectral_rolloff": {
        "dmean": 1235.94299316,
        "dmean2": 2016.0715332,
        "dvar": 3986505.25,
        "dvar2": 8638487,
        "max": 19229.1503906,
        "mean": 3239.8269043,
        "median": 2045.65429688,
        "min": 21.533203125,
        "var": 9598802
    },
    "spectral_skewness": {
        "dmean": 0.18185313046,
        "dmean2": 0.271389067173,
        "dvar": 0.0364791043103,
        "dvar2": 0.0741414129734,
        "max": 3.36207509041,
        "mean": 1.4826413393,
        "median": 1.44743812084,
        "min": -0.621050715446,
        "var": 0.22347638011
    },
    "spectral_spread": {
        "dmean": 848893.875,
        "dmean2": 1222710.125,
        "dvar": 1.30739116442e+12,
        "dvar2": 2.38172137062e+12,
        "max": 42088576,
        "mean": 6232827,
        "median": 5864733.5,
        "min": 1870474.125,
        "var": 5.26929362944e+12
    },
    "spectral_strongpeak": {
        "dmean": 1.01157557964,
        "dmean2": 1.70356070995,
        "dvar": 3.43903160095,
        "dvar2": 8.81581020355,
        "max": 38.9744529724,
        "mean": 1.63264882565,
        "median": 0.510114967823,
        "min": 0,
        "var": 5.56476831436
    },
    "zerocrossingrate": {
        "dmean": 0.0221702158451,
        "dmean2": 0.024815576151,
        "dvar": 0.0007528164424,
        "dvar2": 0.000866613932885,
        "max": 0.6982421875,
        "mean": 0.112744532526,
        "median": 0.09228515625,
        "min": 0,
        "var": 0.00554199889302
    },
    "barkbands": {
        "dmean": [0.000229314173339, 0.00278371712193, 0.000929272500798, 0.000624777574558, 0.000974043330643, 0.000934982846957, 0.000682730751578, 0.00052679044893, 0.00133565277793, 0.00113556836732, 0.0014972720528, 0.000756883702707, 0.000642357685138, 0.000603002728894, 0.000458666996565, 0.000462476949906, 0.000289224088192, 0.000366263557225, 0.000304584798869, 0.000210210113437, 0.000219240391743, 0.000237052008742, 0.000241754416493, 0.000318859238178, 0.000629093323369, 0.000203283911105, 5.37771484233e-05],
        "dmean2": [0.000388263375498, 0.00450705643743, 0.00158159947023, 0.00111072103027, 0.00166692188941, 0.00151626789011, 0.00116532214452, 0.000894326774869, 0.00210817460902, 0.00181104312651, 0.00239842198789, 0.00117447669618, 0.0010180886602, 0.000967275293078, 0.000725452962797, 0.000725093996152, 0.000458061491372, 0.000572282995563, 0.000468750862638, 0.000317846861435, 0.000299243314657, 0.000335063959938, 0.00033963136957, 0.000458598166006, 0.000945064180996, 0.000303380918922, 8.27996409498e-05],
        "dvar": [2.70144880687e-07, 2.35825864365e-05, 4.3990416998e-06, 2.08143956115e-06, 5.39317989023e-06, 6.82293193677e-06, 8.90251067176e-06, 4.73633963338e-06, 1.30228872877e-05, 1.01475097836e-05, 1.50581545313e-05, 4.38280767412e-06, 4.05404398407e-06, 2.61607260654e-06, 1.27192015498e-06, 1.80848371656e-06, 6.08487027876e-07, 6.71140810482e-07, 4.81045788092e-07, 1.21275064657e-07, 1.51161160034e-07, 3.08458112386e-07, 3.82848639902e-07, 7.22606671388e-07, 3.87006230085e-06, 5.10512506935e-07, 3.74786033319e-08],
        "dvar2": [7.45494730836e-07, 6.426339678e-05, 1.23525223898e-05, 5.86281475989e-06, 1.42483468153e-05, 1.67463913385e-05, 2.45191022259e-05, 1.29728450702e-05, 3.10212381009e-05, 2.54428741755e-05, 3.75539202651e-05, 9.85768201645e-06, 9.87370458461e-06, 6.57293458062e-06, 3.07767004415e-06, 3.90270861317e-06, 1.43636816574e-06, 1.56734336088e-06, 1.09035465812e-06, 2.67429584255e-07, 3.01215067111e-07, 6.38724941382e-07, 7.60988598358e-07, 1.4994287767e-06, 8.43548332341e-06, 1.057309305e-06, 9.07124189098e-08],
        "max": [0.0142078660429, 0.0529787689447, 0.0275554191321, 0.0246897172183, 0.0674103796482, 0.0578390695155, 0.097554564476, 0.0628091543913, 0.0553278625011, 0.0575247108936, 0.0802241712809, 0.0411932729185, 0.0516500771046, 0.0383851826191, 0.0244475156069, 0.0270363222808, 0.0214008018374, 0.0189509950578, 0.0176469907165, 0.00656645279378, 0.00618352461606, 0.0132313100621, 0.0144581645727, 0.0169500578195, 0.0371570624411, 0.0215991698205, 0.00832295045257],
        "mean": [0.000279881234746, 0.00484069529921, 0.0010441460181, 0.000646843691356, 0.00110856816173, 0.00115360529162, 0.000749402563088, 0.000561830122024, 0.00179063610267, 0.00144685269333, 0.00296474411152, 0.00107292237226, 0.000883875240106, 0.000795906817075, 0.000635133648757, 0.000643849489279, 0.000440308795078, 0.000574704899918, 0.000510271231178, 0.00035707411007, 0.000354109040927, 0.000395779818064, 0.000414157635532, 0.000509356381372, 0.000881503743585, 0.000274284015177, 6.510350795e-05],
        "median": [5.26012408955e-05, 0.00172760162968, 0.000304896209855, 0.000186933262739, 0.000391952926293, 0.000304207322188, 0.000185207958566, 0.000143037439557, 0.00044445579988, 0.000352165836375, 0.000399163895054, 0.000239011467784, 0.000246931158472, 0.000264564616373, 0.000257346575381, 0.00021081007435, 0.000204900556128, 0.000295442063361, 0.000259116699453, 0.000149466359289, 9.87461316981e-05, 0.000105608756712, 0.000145742218592, 0.000149702362251, 0.000163786840858, 5.48245807295e-05, 5.48645130038e-06],
        "min": [1.58385615061e-23, 1.99323835728e-23, 1.73678220134e-23, 7.03894590386e-24, 3.24009028928e-23, 1.47940512919e-23, 3.23407696037e-23, 3.23260652364e-23, 3.07682006327e-23, 4.70634573827e-23, 7.52023625302e-23, 2.83785831786e-23, 1.70159758502e-22, 5.84197885337e-23, 1.34871498479e-22, 1.61418535962e-22, 1.59738009798e-22, 6.51831095928e-23, 1.54580916827e-22, 2.32063617488e-22, 4.3014901417e-22, 3.3252776745e-22, 6.0391671953e-22, 7.87854142001e-22, 1.1191581022e-21, 1.67948501868e-21, 2.07406047023e-21],
        "var": [3.29520133846e-07, 5.22148293385e-05, 4.29419606007e-06, 1.77942752089e-06, 5.12543692821e-06, 8.6190239017e-06, 7.04475314706e-06, 3.89320757677e-06, 1.78264635906e-05, 1.17397021313e-05, 5.74831356062e-05, 8.30260887597e-06, 6.06903222433e-06, 3.40701012647e-06, 1.63882668858e-06, 2.84386783278e-06, 8.7788117753e-07, 8.88027159363e-07, 7.98855069206e-07, 2.48484127496e-07, 3.71265798549e-07, 8.38473624754e-07, 9.70732799033e-07, 1.43588113133e-06, 6.86433850206e-06, 9.67976802713e-07, 5.50359189333e-08]
    },
    "erbbands": {
        "dmean": [0.0863421857357, 0.646643877029, 1.1402015686, 1.49175310135, 2.73116135597, 3.41272521019, 6.38058423996, 7.2197728157, 7.96948337555, 11.4283380508, 14.139667511, 32.0727462769, 33.7911186218, 39.1241569519, 51.6766891479, 31.8172168732, 28.6118144989, 28.1297206879, 26.1090183258, 21.2656879425, 23.9471340179, 14.2764320374, 18.6938362122, 17.7737483978, 12.6967201233, 10.1128950119, 8.23549365997, 9.2884016037, 8.47705078125, 7.34238624573, 6.99197673798, 6.40505218506, 5.78120040894, 6.58318519592, 4.91497993469, 1.19932889938, 0.350508123636, 0.0741164684296, 0.00993413198739, 0.000276079226751],
        "dmean2": [0.136783346534, 1.07820487022, 2.01435709, 2.61053442955, 4.65111494064, 5.89608669281, 10.5179014206, 11.7945566177, 13.4198198318, 19.4999103546, 23.3289089203, 50.2626647949, 53.2567634583, 62.1572189331, 80.4735794067, 48.2697563171, 44.1149482727, 44.3554992676, 41.1764640808, 33.1357688904, 36.9165534973, 22.1190776825, 28.923620224, 27.052532196, 19.4112892151, 15.3465566635, 11.5791435242, 12.9273767471, 11.8928632736, 10.6112155914, 9.77335262299, 9.15634155273, 8.50498390198, 9.98507404327, 7.48350858688, 1.78422546387, 0.526792347431, 0.115248888731, 0.0153600033373, 0.000426027545473],
        "dvar": [0.0226903297007, 1.43710100651, 6.48472595215, 11.7138118744, 37.827331543, 76.3114471436, 360.714874268, 458.619506836, 1087.7010498, 2424.34472656, 2729.02856445, 8357.16894531, 10912.9394531, 8814.39648438, 19232.1796875, 7433.21337891, 7579.61865234, 5832.70117188, 5186.42871094, 2146.77856445, 6610.73046875, 1146.66870117, 2072.37158203, 2393.93408203, 623.958740234, 299.941955566, 207.586547852, 314.254364014, 391.134399414, 410.566894531, 304.7371521, 264.85836792, 285.866455078, 442.177124023, 253.972518921, 16.2362537384, 1.72407889366, 0.0523376017809, 0.0011163870804, 1.2529653759e-06],
        "dvar2": [0.0620306096971, 4.01955127716, 18.8998222351, 32.5072135925, 103.822059631, 201.832855225, 863.148986816, 1159.80065918, 2944.73608398, 6778.68554688, 7346.63720703, 19515.4472656, 26918.2148438, 21490.5898438, 46346.5234375, 16929.4902344, 18012.5136719, 14503.6132812, 13069.3212891, 5269.57324219, 13797.2089844, 2638.62329102, 4886.54199219, 5298.27783203, 1377.99194336, 656.086791992, 411.473846436, 656.899475098, 831.606567383, 881.120239258, 590.938171387, 542.59942627, 619.09375, 944.982543945, 593.018981934, 34.103729248, 3.71737098694, 0.120731696486, 0.00270443013869, 3.29278827849e-06],
        "max": [1.59308314323, 13.0424079895, 27.01445961, 58.229347229, 117.700271606, 279.410217285, 467.328094482, 472.63470459, 791.664367676, 1530.22937012, 1517.98840332, 1540.9453125, 2164.01049805, 2289.20751953, 3237.91455078, 1992.20825195, 2596.78564453, 2035.52600098, 1260.39074707, 1320.55065918, 1765.73327637, 858.231933594, 1270.57519531, 1462.23840332, 860.170166016, 428.678894043, 193.882583618, 378.01373291, 529.525268555, 589.267700195, 443.397186279, 400.285797119, 390.5496521, 444.669494629, 315.749786377, 118.738288879, 40.3333854675, 8.46022891998, 1.22543859482, 0.0584706477821],
        "mean": [0.156514704227, 1.00269877911, 1.38386821747, 1.74178695679, 2.95155143738, 3.74623179436, 7.45329284668, 8.63381767273, 9.0964012146, 12.5304765701, 17.4568119049, 42.8091812134, 44.7338790894, 66.0533294678, 105.437492371, 48.3930664062, 42.1770706177, 41.2039299011, 35.1937141418, 33.2439918518, 35.7180023193, 25.0352325439, 30.1214523315, 30.4305667877, 22.4728126526, 17.6760654449, 13.2417602539, 15.2105913162, 14.0642738342, 12.5621061325, 11.8393564224, 10.2859668732, 8.82319355011, 9.22162818909, 6.5710978508, 1.65538465977, 0.449325829744, 0.0884209796786, 0.0122370989993, 0.000376295356546],
        "median": [0.0349084176123, 0.312972128391, 0.522672116756, 0.602786004543, 0.959320127964, 1.37404835224, 1.76256370544, 2.56208515167, 2.56603717804, 3.70323634148, 5.59588336945, 10.6721725464, 12.7841415405, 18.3798007965, 18.6140537262, 15.440533638, 13.6717348099, 15.3553104401, 13.3706283569, 15.6443357468, 12.1305351257, 12.1768312454, 15.3105535507, 15.9714984894, 12.1909408569, 7.46612787247, 4.02693462372, 3.85835361481, 3.6825761795, 4.00883865356, 3.9953687191, 3.03711748123, 2.55972242355, 2.01212477684, 1.03511297703, 0.386843532324, 0.0813188478351, 0.0122488895431, 0.00118579703849, 7.57389352657e-05],
        "min": [4.3479887589e-22, 5.01120070693e-21, 2.34758106837e-20, 1.36224255334e-20, 7.92952589664e-20, 1.34977742619e-19, 1.03381381924e-19, 1.8248584005e-19, 3.24925669447e-19, 5.8449393754e-19, 6.90387169716e-19, 5.80580597761e-19, 1.44920471676e-18, 2.20969658076e-18, 2.02483639631e-18, 2.38802720825e-18, 7.2012077654e-18, 5.90892334674e-18, 6.6709105465e-18, 5.46552889581e-18, 1.09730727765e-17, 8.05761515054e-18, 3.92608911398e-18, 7.32691605745e-18, 8.4457986043e-18, 1.23704719987e-17, 1.3511170607e-17, 1.7952446418e-17, 1.20953492454e-17, 1.52188229431e-17, 1.75037207881e-17, 1.49349841877e-17, 1.39490643068e-17, 1.11213473828e-17, 8.82147095129e-18, 5.71257093525e-18, 3.46197275473e-18, 1.08427062168e-18, 2.85004123628e-19, 2.78132016958e-20],
        "var": [0.056826736778, 2.53185844421, 6.20343828201, 10.6114835739, 32.8806419373, 71.2126617432, 464.704406738, 479.25881958, 926.790405273, 1758.06408691, 2465.45532227, 11644.7177734, 12131.3847656, 19490.3203125, 70253.734375, 13838.5039062, 11906.8710938, 8647.2265625, 5963.02050781, 2978.64331055, 10446.84375, 2150.9140625, 2685.2734375, 4091.3671875, 1171.23583984, 629.649536133, 447.008148193, 806.162841797, 1035.0748291, 967.990966797, 786.503845215, 608.133544922, 481.803741455, 729.60333252, 429.262084961, 30.7314052582, 3.00319266319, 0.079007036984, 0.00163975346368, 1.41791099395e-06]
    },
    "gfcc": {
        "mean": [26.1409816742, 32.6716384888, -116.927993774, 15.0754108429, -55.3728675842, 25.5306930542, -35.2052230835, 20.4285850525, -26.30210495, 2.04500341415, -14.3570451736, 4.00870656967, -11.0073404312],
        "cov": [[4700.26513672, -308.550109863, 648.784301758, 629.119995117, 18.4974250793, 44.1149330139, 19.9773540497, -162.258010864, -73.5085372925, 155.509902954, -97.3384780884, -9.15190982819, 26.801202774], [-308.550109863, 1462.43249512, 103.693054199, 421.86807251, 195.351425171, 126.676765442, 47.9640464783, 45.864944458, 53.8142967224, 19.2346992493, 156.832138062, 47.1004714966, -49.8974723816], [648.784301758, 103.693054199, 1412.87414551, 663.13885498, 131.67036438, 66.2308425903, -49.6692085266, -27.2645378113, 35.5372810364, 169.609161377, 4.88807868958, 50.6406478882, 35.0999794006], [629.119995117, 421.86807251, 663.13885498, 1000.7154541, 192.985412598, 142.696334839, 60.4397087097, -32.3141365051, 34.9026107788, 103.188690186, 33.2924308777, 47.3724784851, -1.39964342117], [18.4974250793, 195.351425171, 131.67036438, 192.985412598, 318.944366455, 152.073928833, 86.9796142578, 71.6377334595, 36.7891235352, 19.5497093201, 61.8641052246, 23.8920841217, 0.763380527496], [44.1149330139, 126.676765442, 66.2308425903, 142.696334839, 152.073928833, 301.138275146, 174.189086914, 33.4315223694, -3.2485575676, 22.0126075745, 71.0741271973, 30.5289726257, -21.0011711121], [19.9773540497, 47.9640464783, -49.6692085266, 60.4397087097, 86.9796142578, 174.189086914, 255.783538818, 37.8058319092, 6.02625465393, 17.1363353729, 45.7121315002, 16.1231746674, -1.65383827686], [-162.258010864, 45.864944458, -27.2645378113, -32.3141365051, 71.6377334595, 33.4315223694, 37.8058319092, 165.589660645, 79.1619644165, -11.7012195587, 16.7233734131, 18.4458580017, 8.75818252563], [-73.5085372925, 53.8142967224, 35.5372810364, 34.9026107788, 36.7891235352, -3.2485575676, 6.02625465393, 79.1619644165, 118.498298645, 31.6225967407, 7.61956977844, 11.6915054321, 13.4900054932], [155.509902954, 19.2346992493, 169.609161377, 103.188690186, 19.5497093201, 22.0126075745, 17.1363353729, -11.7012195587, 31.6225967407, 121.650657654, 31.1911220551, 8.36461639404, 14.0390338898], [-97.3384780884, 156.832138062, 4.88807868958, 33.2924308777, 61.8641052246, 71.0741271973, 45.7121315002, 16.7233734131, 7.61956977844, 31.1911220551, 137.663497925, 65.3525619507, -7.73265075684], [-9.15190982819, 47.1004714966, 50.6406478882, 47.3724784851, 23.8920841217, 30.5289726257, 16.1231746674, 18.4458580017, 11.6915054321, 8.36461639404, 65.3525619507, 114.172615051, 21.6033248901], [26.801202774, -49.8974723816, 35.0999794006, -1.39964342117, 0.763380527496, -21.0011711121, -1.65383827686, 8.75818252563, 13.4900054932, 14.0390338898, -7.73265075684, 21.6033248901, 80.5461349487]],
        "icov": [[0.000261699227849, 7.73721549194e-05, -1.95379834622e-05, -0.000159261267981, -1.40365409607e-05, 2.01499847208e-06, -3.29832291754e-05, 8.68767019711e-05, 0.000192532228539, -0.000275460566627, 0.000231628902839, -7.83499417594e-05, 1.61517436936e-05], [7.73721549194e-05, 0.000990094966255, 0.000104230406578, -0.000518134504091, -0.000181644485565, 1.5601686755e-05, 0.000172889238456, -1.04251694211e-05, -0.000320786610246, 0.000358337390935, -0.00116545672063, 0.000391122390283, 0.000318134698318], [-1.95379834622e-05, 0.000104230406578, 0.00126773817465, -0.000719665025827, -0.00018873179215, -0.000223364520934, 0.000675959163345, -0.000273448444204, 0.000370733643649, -0.00137533200905, 0.000504087132867, -0.000456095120171, -0.000158370763529], [-0.000159261267981, -0.000518134504091, -0.000719665025827, 0.00205654581077, -0.000645941880066, -0.000258924323134, -0.000338492740411, 0.000944980827626, -0.000640707032289, -0.000210922080441, 0.000866425631102, -0.000710540974978, 0.000328095280565], [-1.40365409607e-05, -0.000181644485565, -0.00018873179215, -0.000645941880066, 0.00521350000054, -0.00195767753758, 0.000128149113152, -0.00175213790499, -0.00027910960489, 0.000684792059474, -0.00154689955525, 0.00116412551142, -0.00093688146444], [2.01499847208e-06, 1.5601686755e-05, -0.000223364520934, -0.000258924323134, -0.00195767753758, 0.00732330186293, -0.00401697587222, -0.000406977022067, 0.00139430328272, -0.000202915893169, -0.00113637687173, -0.000538781459909, 0.00182885676622], [-3.29832291754e-05, 0.000172889238456, 0.000675959163345, -0.000338492740411, 0.000128149113152, -0.00401697587222, 0.00703812623397, -0.00107183377258, 0.000351164868334, -0.000917387544177, -0.000450471969089, 0.000479213340441, -0.0010405825451], [8.68767019711e-05, -1.04251694211e-05, -0.000273448444204, 0.000944980827626, -0.00175213790499, -0.000406977022067, -0.00107183377258, 0.01153171435, -0.00801267754287, 0.00329381739721, -0.000143989280332, -0.000776863307692, -0.000302788132103], [0.000192532228539, -0.000320786610246, 0.000370733643649, -0.000640707032289, -0.00027910960489, 0.00139430328272, 0.000351164868334, -0.00801267754287, 0.0157727468759, -0.0056237061508, 0.00172189355362, -0.000926079112105, -0.000438575458247], [-0.000275460566627, 0.000358337390935, -0.00137533200905, -0.000210922080441, 0.000684792059474, -0.000202915893169, -0.000917387544177, 0.00329381739721, -0.0056237061508, 0.013832830824, -0.00517558259889, 0.00299548124894, -0.00229653064162], [0.000231628902839, -0.00116545672063, 0.000504087132867, 0.000866425631102, -0.00154689955525, -0.00113637687173, -0.000450471969089, -0.000143989280332, 0.00172189355362, -0.00517558259889, 0.0152518078685, -0.00847802497447, 0.00307292118669], [-7.83499417594e-05, 0.000391122390283, -0.000456095120171, -0.000710540974978, 0.00116412551142, -0.000538781459909, 0.000479213340441, -0.000776863307692, -0.000926079112105, 0.00299548124894, -0.00847802497447, 0.0146672362462, -0.00471725268289], [1.61517436936e-05, 0.000318134698318, -0.000158370763529, 0.000328095280565, -0.00093688146444, 0.00182885676622, -0.0010405825451, -0.000302788132103, -0.000438575458247, -0.00229653064162, 0.00307292118669, -0.00471725268289, 0.0152129102498]]
    },
    "melbands": {
        "dmean": [0.00076431670459, 0.00066945789149, 0.000286655442324, 0.000209493984585, 0.000200741720619, 0.000166265264852, 0.000127555977087, 0.000120728160255, 0.000136561400723, 0.000203372503165, 0.00016930916172, 0.000156406298629, 0.000208176439628, 9.01809544303e-05, 8.38452760945e-05, 5.69116455154e-05, 5.66852068005e-05, 4.71581297461e-05, 3.24919346895e-05, 2.99558050756e-05, 3.02943135466e-05, 1.54481986101e-05, 1.93411069631e-05, 1.7584869056e-05, 1.56351961778e-05, 1.07632195068e-05, 8.46540206112e-06, 6.76037279845e-06, 5.05190928379e-06, 6.02393538429e-06, 5.5834889281e-06, 5.1570332289e-06, 4.39474797531e-06, 4.29309693573e-06, 4.13137013311e-06, 4.11016844737e-06, 4.06012713938e-06, 3.99157124775e-06, 4.66423171019e-06, 6.11918494542e-06],
        "dmean2": [0.00120788789354, 0.00117994227912, 0.000494041945785, 0.000361827580491, 0.000333498814143, 0.000269960844889, 0.000214664702071, 0.000206190175959, 0.000222506787395, 0.000318696373142, 0.000268073548796, 0.000249036005698, 0.000326775625581, 0.000136812712299, 0.000131041233544, 9.00824015844e-05, 9.05926863197e-05, 7.58536334615e-05, 5.15845422342e-05, 4.70105587738e-05, 4.7367742809e-05, 2.46822255576e-05, 3.07706432068e-05, 2.75908623735e-05, 2.42541536863e-05, 1.68581627804e-05, 1.31655206133e-05, 1.04031723822e-05, 7.42309839552e-06, 8.50157812238e-06, 8.11245718069e-06, 7.45384431866e-06, 6.3786010287e-06, 6.35525384496e-06, 5.86700662097e-06, 5.9940130086e-06, 5.93608365307e-06, 5.94788843955e-06, 7.13427016308e-06, 9.37969889492e-06],
        "dvar": [1.68859696714e-06, 1.72121110609e-06, 3.83141752991e-07, 2.47629856176e-07, 3.2938785921e-07, 2.2995403981e-07, 2.80324002233e-07, 2.48237796541e-07, 2.04856917208e-07, 3.33964464971e-07, 2.80461136981e-07, 1.50400140342e-07, 3.17876782674e-07, 5.26957180114e-08, 6.64995667421e-08, 3.37264296491e-08, 2.57020058569e-08, 1.93473770338e-08, 6.58713528168e-09, 5.18899323509e-09, 1.24005330449e-08, 1.69489600133e-09, 3.46422246444e-09, 1.31101640655e-09, 2.10993866823e-09, 5.666241365e-10, 2.00802305339e-10, 1.3954490341e-10, 7.77494457704e-11, 1.37712286019e-10, 1.36063743605e-10, 1.60080601552e-10, 1.22939672331e-10, 1.53084100951e-10, 1.13498578591e-10, 1.04882699747e-10, 1.16063318678e-10, 1.33898767074e-10, 2.57627447153e-10, 3.97030214261e-10],
        "dvar2": [4.51780169897e-06, 5.00108399137e-06, 1.0418148122e-06, 6.77927118886e-07, 7.90891874658e-07, 5.74835155476e-07, 7.59465876854e-07, 6.92125183832e-07, 5.41898657502e-07, 7.84074586591e-07, 6.91251159424e-07, 3.67652774003e-07, 7.82499569141e-07, 1.14090425996e-07, 1.58412021278e-07, 7.89969902826e-08, 6.40957651399e-08, 4.9552145498e-08, 1.60945408112e-08, 1.19877743288e-08, 2.65512092312e-08, 4.12485334778e-09, 7.99999089196e-09, 3.14390558032e-09, 4.7322541441e-09, 1.32822564058e-09, 4.68155902933e-10, 3.14373777011e-10, 1.64400312808e-10, 2.87804224897e-10, 3.01176777961e-10, 3.57051804789e-10, 2.56939969301e-10, 3.43937434089e-10, 2.29839564048e-10, 2.1891424784e-10, 2.480838035e-10, 2.94926055799e-10, 5.70554326007e-10, 8.74921912697e-10],
        "max": [0.0140613615513, 0.0146141620353, 0.0103162806481, 0.0123315518722, 0.0141468951479, 0.0108795911074, 0.0135703319684, 0.0136076519266, 0.0116741470993, 0.00925693381578, 0.0105719342828, 0.00843055546284, 0.0126370368525, 0.0042459978722, 0.00809641648084, 0.00465056300163, 0.00456422101706, 0.00261817639694, 0.00217436510138, 0.00173946958967, 0.00258470163681, 0.00101682823151, 0.00151187623851, 0.000733852968551, 0.00137304037344, 0.000805668300018, 0.000220344183617, 0.000269619631581, 0.000140473377542, 0.000187928351806, 0.000294899014989, 0.000345813372405, 0.000333928415785, 0.000352656788891, 0.000264427100774, 0.00026217661798, 0.000238585998886, 0.000258624117123, 0.000392136105802, 0.000386256666388],
        "mean": [0.00139063817915, 0.000956639356446, 0.000347309774952, 0.000234988270677, 0.000243112153839, 0.000203099145438, 0.000144708057633, 0.000131638487801, 0.000170414743479, 0.000266362127149, 0.000216081229155, 0.000240784342168, 0.000426197482739, 0.000132378932904, 0.000110824039439, 8.05499366834e-05, 7.6521486335e-05, 5.75505619054e-05, 4.59124712506e-05, 4.14363312302e-05, 4.20033065893e-05, 2.3783344659e-05, 2.81860775431e-05, 2.77185627056e-05, 2.44808616117e-05, 1.7355014279e-05, 1.3907482753e-05, 1.09388311103e-05, 7.70873066358e-06, 8.9747209131e-06, 8.8316246547e-06, 8.14027316665e-06, 7.16389877198e-06, 6.97499854141e-06, 6.76612035022e-06, 6.52943936075e-06, 6.17808154857e-06, 5.96366680838e-06, 6.47043680146e-06, 8.30571843835e-06],
        "median": [0.000449279032182, 0.000388612068491, 0.000126495826407, 8.62429951667e-05, 6.86522034812e-05, 5.85001980653e-05, 3.82493599318e-05, 3.72659633285e-05, 4.86100143462e-05, 6.31888251519e-05, 5.2450606745e-05, 6.28284178674e-05, 5.93461627432e-05, 3.29480353685e-05, 2.71542503469e-05, 2.50573939411e-05, 2.50265838986e-05, 1.79541275429e-05, 1.89772672456e-05, 1.63836666616e-05, 1.23566805996e-05, 1.16272394735e-05, 1.11972731247e-05, 1.40899628605e-05, 1.12340667329e-05, 8.91365107236e-06, 6.61487001707e-06, 4.14576561525e-06, 2.34345111494e-06, 2.26549468607e-06, 2.15580325857e-06, 2.02052206077e-06, 1.9284998416e-06, 2.25015355682e-06, 2.30087903219e-06, 1.89150432561e-06, 1.74821695964e-06, 1.72841873791e-06, 1.60015292749e-06, 1.55428756443e-06],
        "min": [6.09234831633e-24, 1.02105690619e-23, 4.5424934118e-24, 8.12657525516e-24, 4.72776410071e-24, 4.03367102818e-24, 5.49403439619e-24, 6.2437457124e-24, 4.74528943458e-24, 5.00030213283e-24, 7.29239113549e-24, 8.49478870444e-24, 9.24232434228e-24, 2.71988255232e-24, 1.51904460082e-23, 1.36704072848e-23, 1.01387771975e-23, 9.34515709444e-24, 9.71184488674e-24, 8.02106195364e-24, 9.77215882497e-24, 9.21195083085e-24, 4.21209992646e-24, 3.35334436732e-24, 5.8391271212e-24, 4.94912793704e-24, 6.9944139169e-24, 8.805458695e-24, 7.54476746059e-24, 8.87615246502e-24, 9.56748965197e-24, 6.259746967e-24, 7.13067149447e-24, 8.91451003768e-24, 8.73452590012e-24, 7.49455567511e-24, 1.00837975367e-23, 9.80138059948e-24, 8.04680327384e-24, 8.88497745197e-24],
        "var": [4.28967769039e-06, 2.1764876692e-06, 3.72739805243e-07, 2.15205133713e-07, 4.13199302329e-07, 2.56226542206e-07, 2.39052383222e-07, 1.83043312063e-07, 2.03655218911e-07, 4.47340966048e-07, 3.12006136483e-07, 2.90154673621e-07, 1.24228643017e-06, 1.12348729431e-07, 9.01629775285e-08, 5.28555084145e-08, 3.45414790104e-08, 2.02553778195e-08, 8.32873769951e-09, 7.6269017768e-09, 1.81414883116e-08, 2.26821916804e-09, 4.63175808818e-09, 1.8359642695e-09, 3.46291306741e-09, 8.80976624984e-10, 3.69351965679e-10, 2.71811573249e-10, 1.5000829745e-10, 2.7371771516e-10, 3.14850284733e-10, 3.67349095587e-10, 3.11242004392e-10, 3.17608078726e-10, 2.66495991941e-10, 2.54604060057e-10, 2.35787306346e-10, 2.21695453662e-10, 3.76309344796e-10, 6.43597064531e-10]
    },
    "mfcc": {
        "mean": [-621.87121582, 78.1921920776, -4.81780529022, 0.201750710607, 5.48703479767, -0.280967265368, 6.9825963974, 11.0053853989, 0.571039199829, 4.0001502037, 1.18008971214, -3.03826832771, 0.069002404809],
        "cov": [[3856.37304688, -473.439666748, 395.761688232, 471.67288208, -6.40439128876, 304.287567139, 75.1896133423, -152.468109131, 74.8022994995, -27.7064037323, -20.0170097351, 37.1902046204, -55.3545608521], [-473.439666748, 933.549560547, -9.51721477509, 54.0748596191, 155.964767456, 1.86291658878, 59.3544158936, 78.6427001953, -76.0482330322, 79.1798934937, 30.5926151276, 31.5277328491, 39.1864852905], [395.761688232, -9.51721477509, 1123.03125, 565.531005859, 255.820022583, 251.278656006, 60.0815467834, -69.6319503784, 30.5509777069, -10.344792366, 10.6830997467, 118.243347168, 9.76092433929], [471.67288208, 54.0748596191, 565.531005859, 689.496948242, 251.954544067, 225.34765625, 61.1226730347, 1.15551018715, 29.1484889984, 34.7283477783, 5.3433804512, 84.5611572266, 17.2647304535], [-6.40439128876, 155.964767456, 255.820022583, 251.954544067, 355.091247559, 81.1621398926, 50.673160553, 63.9613265991, 8.39840316772, 41.469367981, 26.9583759308, 34.6172065735, 49.2896308899], [304.287567139, 1.86291658878, 251.278656006, 225.34765625, 81.1621398926, 320.262451172, 169.873153687, 33.2682762146, 18.5244579315, 31.5200519562, 36.3992881775, 46.5361404419, 19.1665267944], [75.1896133423, 59.3544158936, 60.0815467834, 61.1226730347, 50.673160553, 169.873153687, 226.845703125, 90.9870223999, 3.9471347332, 46.4693222046, 39.9194221497, 12.1981878281, 39.5167541504], [-152.468109131, 78.6427001953, -69.6319503784, 1.15551018715, 63.9613265991, 33.2682762146, 90.9870223999, 209.750808716, 16.628112793, 49.7966804504, 19.7120170593, -0.509258031845, 55.9525489807], [74.8022994995, -76.0482330322, 30.5509777069, 29.1484889984, 8.39840316772, 18.5244579315, 3.9471347332, 16.628112793, 167.139251709, 24.4931030273, 24.8532142639, 12.7655038834, -16.3995113373], [-27.7064037323, 79.1798934937, -10.344792366, 34.7283477783, 41.469367981, 31.5200519562, 46.4693222046, 49.7966804504, 24.4931030273, 107.513870239, 44.1610870361, 0.708379268646, 11.5030145645], [-20.0170097351, 30.5926151276, 10.6830997467, 5.3433804512, 26.9583759308, 36.3992881775, 39.9194221497, 19.7120170593, 24.8532142639, 44.1610870361, 92.3917694092, 26.0239429474, 6.82914590836], [37.1902046204, 31.5277328491, 118.243347168, 84.5611572266, 34.6172065735, 46.5361404419, 12.1981878281, -0.509258031845, 12.7655038834, 0.708379268646, 26.0239429474, 101.510185242, 38.8561859131], [-55.3545608521, 39.1864852905, 9.76092433929, 17.2647304535, 49.2896308899, 19.1665267944, 39.5167541504, 55.9525489807, -16.3995113373, 11.5030145645, 6.82914590836, 38.8561859131, 107.100837708]],
