{
"lowlevel": {
    "average_loudness": 0.960107862949,
    "barkbands_crest": {
        "dmean": 2.98271846771,
        "dmean2": 4.87806892395,
        "dvar": 7.34099054337,
        "dvar2": 18.5024528503,
        "max": 25.8598957062,
        "mean": 9.17409229279,
        "median": 8.30203342438,
        "min": 2.22090816498,
        "var": 18.1814861298
    },
    "barkbands_flatness_db": {
        "dmean": 0.0207778252661,
        "dmean2": 0.0322617590427,
        "dvar": 0.000370643683709,
        "dvar2": 0.000837419007439,
        "max": 0.307894051075,
        "mean": 0.10147831589,
        "median": 0.0943614393473,
        "min": 0.0178209505975,
        "var": 0.00203065620735
    },
    "barkbands_kurtosis": {
        "dmean": 1.86783218384,
        "dmean2": 2.96236157417,
        "dvar": 15.4196252823,
        "dvar2": 32.3616828918,
        "max": 107.671546936,
        "mean": 1.64181053638,
        "median": 0.404121398926,
        "min": -1.87899243832,
        "var": 28.424413681
    },
    "barkbands_skewness": {
        "dmean": 0.524115681648,
        "dmean2": 0.802852034569,
        "dvar": 0.348373740911,
        "dvar2": 0.698685526848,
        "max": 9.52550697327,
        "mean": 0.805834829807,
        "median": 0.698503792286,
        "min": -8.08112239838,
        "var": 1.09466826916
    },
    "barkbands_spread": {
        "dmean": 7.46323204041,
        "dmean2": 11.5147514343,
        "dvar": 85.4844741821,
        "dvar2": 193.224029541,
        "max": 117.175361633,
        "mean": 25.9949626923,
        "median": 23.147693634,
        "min": 0.93343347311,
        "var": 249.54675293
    },
    "dissonance": {
        "dmean": 0.017751282081,
        "dmean2": 0.0300906971097,
        "dvar": 0.000317398167681,
        "dvar2": 0.000850037089549,
        "max": 0.500000059605,
        "mean": 0.474313348532,
        "median": 0.479802310467,
        "min": 0.143516927958,
        "var": 0.00048605518532
    },
    "dynamic_complexity": 2.02359437943,
    "erbbands_crest": {
        "dmean": 3.27350568771,
        "dmean2": 5.43359231949,
        "dvar": 8.94433784485,
        "dvar2": 23.3254127502,
        "max": 32.1196212769,
        "mean": 9.61242961884,
        "median": 8.47673130035,
        "min": 2.46275424957,
        "var": 21.1502475739
    },
    "erbbands_flatness_db": {
        "dmean": 0.0206623133272,
        "dmean2": 0.0311852637678,
        "dvar": 0.000372127688024,
        "dvar2": 0.000782162882388,
        "max": 0.398876130581,
        "mean": 0.162761226296,
        "median": 0.153910219669,
        "min": 0.0427827909589,
        "var": 0.00304630910978
    },
    "erbbands_kurtosis": {
        "dmean": 1.15524053574,
        "dmean2": 1.87874925137,
        "dvar": 3.22953748703,
        "dvar2": 8.00214099884,
        "max": 47.446559906,
        "mean": 0.851906299591,
        "median": 0.253000736237,
        "min": -1.76739370823,
        "var": 5.22533893585
    },
    "erbbands_skewness": {
        "dmean": 0.428697019815,
        "dmean2": 0.665688335896,
        "dvar": 0.177325740457,
        "dvar2": 0.388511359692,
        "max": 4.51216030121,
        "mean": 0.426243633032,
        "median": 0.450740933418,
        "min": -4.66314125061,
        "var": 0.580300569534
    },
    "erbbands_spread": {
        "dmean": 8.54738140106,
        "dmean2": 13.4095506668,
        "dvar": 111.194763184,
        "dvar2": 269.450195312,
        "max": 138.428253174,
        "mean": 32.0990905762,
        "median": 27.7816486359,
        "min": 1.36537766457,
        "var": 342.494628906
    },
    "hfc": {
        "dmean": 14.0854129791,
        "dmean2": 19.9715175629,
        "dvar": 623.457214355,
        "dvar2": 1201.30236816,
        "max": 555.271789551,
        "mean": 37.6231498718,
        "median": 29.308883667,
        "min": 1.31652941328e-16,
        "var": 1399.68969727
    },
    "melbands_crest": {
        "dmean": 4.12277269363,
        "dmean2": 6.71619701385,
        "dvar": 14.0795097351,
        "dvar2": 34.6529960632,
        "max": 38.5548629761,
        "mean": 13.0648908615,
        "median": 11.5008029938,
        "min": 2.51299285889,
        "var": 40.2452926636
    },
    "melbands_flatness_db": {
        "dmean": 0.0244647804648,
        "dmean2": 0.0374241247773,
        "dvar": 0.000538008054718,
        "dvar2": 0.0011569870403,
        "max": 0.395443379879,
        "mean": 0.139629483223,
        "median": 0.136896952987,
        "min": 0.00658180238679,
        "var": 0.00261598662473
    },
    "melbands_kurtosis": {
        "dmean": 4.36249923706,
        "dmean2": 6.97821855545,
        "dvar": 92.3099441528,
        "dvar2": 206.202926636,
        "max": 278.959136963,
        "mean": 6.20372915268,
        "median": 2.72478103638,
        "min": -1.89412665367,
        "var": 182.364089966
    },
    "melbands_skewness": {
        "dmean": 0.662353992462,
        "dmean2": 1.04198181629,
        "dvar": 0.608645141125,
        "dvar2": 1.36637842655,
        "max": 14.1177482605,
        "mean": 1.60527074337,
        "median": 1.3482183218,
        "min": -3.12373185158,
        "var": 2.03884887695
    },
    "melbands_spread": {
        "dmean": 11.8838882446,
        "dmean2": 18.2516269684,
        "dvar": 405.040100098,
        "dvar2": 786.430664062,
        "max": 283.093963623,
        "mean": 35.63514328,
        "median": 29.7044696808,
        "min": 1.2251547575,
        "var": 898.515991211
    },
    "pitch_salience": {
        "dmean": 0.0746475830674,
        "dmean2": 0.122027635574,
        "dvar": 0.00466542085633,
        "dvar2": 0.0113823227584,
        "max": 0.946969628334,
        "mean": 0.598118424416,
        "median": 0.61594247818,
        "min": 0.0456479862332,
        "var": 0.0154462102801
    },
    "silence_rate_20dB": {
        "dmean": 0,
        "dmean2": 0,
        "dvar": 0,
        "dvar2": 0,
        "max": 1,
        "mean": 1,
        "median": 1,
        "min": 1,
        "var": 0
    },
    "silence_rate_30dB": {
        "dmean": 0,
        "dmean2": 0,
        "dvar": 0,
        "dvar2": 0,
        "max": 1,
        "mean": 1,
        "median": 1,
        "min": 1,
        "var": 0
    },
    "silence_rate_60dB": {
        "dmean": 0.0122786303982,
        "dmean2": 0.0245601609349,
        "dvar": 0.0121294744313,
        "dvar2": 0.0296293459833,
        "max": 1,
        "mean": 0.0192421209067,
        "median": 0,
        "min": 0,
        "var": 0.0188707243651
    },
    "spectral_centroid": {
        "dmean": 319.571075439,
        "dmean2": 484.203582764,
        "dvar": 176353.734375,
        "dvar2": 327480.71875,
        "max": 10910.4853516,
        "mean": 1844.2869873,
        "median": 1782.86340332,
        "min": 352.70526123,
        "var": 457601.84375
    },
    "spectral_complexity": {
        "dmean": 4.17567873001,
        "dmean2": 6.27559328079,
        "dvar": 17.0198154449,
        "dvar2": 31.9493083954,
        "max": 58,
        "mean": 24.5615634918,
        "median": 24,
        "min": 0,
        "var": 87.0484085083
    },
    "spectral_decrease": {
        "dmean": 1.9500492332e-09,
        "dmean2": 3.01201641406e-09,
        "dvar": 5.21490888664e-18,
        "dvar2": 1.17049977512e-17,
        "max": 1.73834090223e-17,
        "mean": -5.95364557654e-09,
        "median": -5.11751796495e-09,
        "min": -2.52711789273e-08,
        "var": 1.47607518265e-17
    },
    "spectral_energy": {
        "dmean": 0.00818181503564,
        "dmean2": 0.0125201577321,
        "dvar": 8.39736603666e-05,
        "dvar2": 0.000188924459508,
        "max": 0.100468732417,
        "mean": 0.0258829090744,
        "median": 0.023122979328,
        "min": 1.13896905767e-20,
        "var": 0.000242096240981
    },
    "spectral_energyband_high": {
        "dmean": 0.00109663966578,
        "dmean2": 0.00156648724806,
        "dvar": 7.28026816432e-06,
        "dvar2": 1.389890258e-05,
        "max": 0.0581446662545,
        "mean": 0.00196223286912,
        "median": 0.000910065602511,
        "min": 8.36670086701e-21,
        "var": 1.48142571561e-05
    },
    "spectral_energyband_low": {
        "dmean": 0.00252294307575,
        "dmean2": 0.00404599960893,
        "dvar": 3.72498252545e-05,
        "dvar2": 9.35565112741e-05,
        "max": 0.0756789073348,
        "mean": 0.00490255700424,
        "median": 0.000932910537813,
        "min": 8.26764725084e-23,
        "var": 0.000100443830888
    },
    "spectral_energyband_middle_high": {
        "dmean": 0.00430891942233,
        "dmean2": 0.00656812638044,
        "dvar": 3.0682022043e-05,
        "dvar2": 7.12293403922e-05,
        "max": 0.0771481692791,
        "mean": 0.0117989517748,
        "median": 0.00870555080473,
        "min": 1.17749170294e-21,
        "var": 0.000108908701804
    },
    "spectral_energyband_middle_low": {
        "dmean": 0.00426279008389,
        "dmean2": 0.00680422410369,
        "dvar": 4.45634104835e-05,
        "dvar2": 0.000106883526314,
        "max": 0.0888886079192,
        "mean": 0.00785514432937,
        "median": 0.00504295295104,
        "min": 4.81770557195e-22,
        "var": 6.68344437145e-05
    },
    "spectral_entropy": {
        "dmean": 0.153956577182,
        "dmean2": 0.224591180682,
        "dvar": 0.0244076233357,
        "dvar2": 0.0468643046916,
        "max": 9.7772064209,
        "mean": 7.86070394516,
        "median": 7.83090400696,
        "min": 6.49949073792,
        "var": 0.121529839933
    },
    "spectral_flux": {
        "dmean": 0.0241791401058,
        "dmean2": 0.0375102758408,
        "dvar": 0.000636574055534,
        "dvar2": 0.00130194285884,
        "max": 0.276732474566,
        "mean": 0.100623786449,
        "median": 0.0957170128822,
        "min": 1.06722491955e-10,
        "var": 0.00165370956529
    },
    "spectral_kurtosis": {
        "dmean": 1.14150846004,
        "dmean2": 1.82836472988,
        "dvar": 1.25277495384,
        "dvar2": 3.42005681992,
        "max": 23.0984096527,
        "mean": 3.94454431534,
        "median": 3.84229516983,
        "min": -1.43891489506,
        "var": 4.77628278732
    },
    "spectral_rms": {
        "dmean": 0.000787578057498,
        "dmean2": 0.00117461103946,
        "dvar": 6.33389902305e-07,
        "dvar2": 1.30001649268e-06,
        "max": 0.00990041811019,
        "mean": 0.00477840239182,
        "median": 0.00474963197485,
        "min": 3.33345070297e-12,
        "var": 2.41834709414e-06
    },
    "spectral_rolloff": {
        "dmean": 855.773620605,
        "dmean2": 1386.0592041,
        "dvar": 2292673.5,
        "dvar2": 4416119.5,
        "max": 19078.4179688,
        "mean": 2630.09521484,
        "median": 1981.0546875,
        "min": 21.533203125,
        "var": 5258287
    },
    "spectral_skewness": {
        "dmean": 0.18700453639,
        "dmean2": 0.290192812681,
        "dvar": 0.0319627523422,
        "dvar2": 0.0689147859812,
        "max": 3.31862211227,
        "mean": 1.51445603371,
        "median": 1.55284559727,
        "min": -0.401819109917,
        "var": 0.13729685545
    },
    "spectral_spread": {
        "dmean": 746993.8125,
        "dmean2": 1040609.375,
        "dvar": 989260873728,
        "dvar2": 1.67150013645e+12,
        "max": 40329472,
        "mean": 5253733,
        "median": 4761907,
        "min": 1871524.375,
        "var": 4.63785741517e+12
    },
    "spectral_strongpeak": {
        "dmean": 0.955504059792,
        "dmean2": 1.59999918938,
        "dvar": 1.86832559109,
        "dvar2": 4.74376678467,
        "max": 16.8578071594,
        "mean": 1.56489133835,
        "median": 0.961175739765,
        "min": 0,
        "var": 2.94367098808
    },
    "zerocrossingrate": {
        "dmean": 0.0175846964121,
        "dmean2": 0.0193535573781,
        "dvar": 0.000642396567855,
        "dvar2": 0.000641819322482,
        "max": 0.5771484375,
        "mean": 0.0964933335781,
        "median": 0.080078125,
        "min": 0.00537109375,
        "var": 0.00343714561313
    },
    "barkbands": {
        "dmean": [0.000293547403999, 0.0016278316034, 0.00115215359256, 0.000441411451902, 0.00107638922054, 0.00113728025462, 0.00066454912303, 0.00103716307785, 0.00125343177933, 0.0015761120012, 0.00157886731904, 0.00115305709187, 0.00084170862101, 0.00076898309635, 0.00065450114198, 0.000474006490549, 0.000314144155709, 0.000266896997346, 0.000319911632687, 0.000163289470947, 0.000166239959071, 0.000171529158251, 0.000153409535415, 0.000292121520033, 0.000321838073432, 0.000109912492917, 1.25433252833e-05],
        "dmean2": [0.000379766337574, 0.00232378114015, 0.00205552158877, 0.000773542851675, 0.00177430780604, 0.00189182301983, 0.00110520364251, 0.00168701028451, 0.00203178403899, 0.00259344442748, 0.00258143362589, 0.0018599149771, 0.00136713229585, 0.00127214274835, 0.00106092868373, 0.000761947361752, 0.000498014094774, 0.000413467147155, 0.000485228694743, 0.000250858516665, 0.00025521236239, 0.000270511460258, 0.000232124060858, 0.000438139133621, 0.000466779689305, 0.00015957436699, 1.80819697562e-05],
        "dvar": [6.70199653996e-07, 1.79711751116e-05, 1.97875033336e-05, 1.34744357183e-06, 7.00789269104e-06, 1.20549548228e-05, 3.22425466948e-06, 1.09291586341e-05, 1.2044705727e-05, 9.27792370931e-06, 1.38821806104e-05, 8.9710656539e-06, 3.64017910215e-06, 2.33374044001e-06, 1.49054301346e-06, 7.66977166222e-07, 3.48819241935e-07, 2.22906706426e-07, 2.58528302766e-07, 6.21302405079e-08, 7.05472658069e-08, 1.16053882948e-07, 1.90295608604e-07, 9.72501766228e-07, 1.35252071232e-06, 8.89892390887e-08, 1.02595165696e-09],
        "dvar2": [1.03037473309e-06, 3.56127566192e-05, 5.47431372979e-05, 3.77034962185e-06, 1.77676283784e-05, 3.08828894049e-05, 8.18485295895e-06, 2.62460853264e-05, 2.85036130663e-05, 2.37396307057e-05, 3.52566567017e-05, 2.24600553338e-05, 8.86967518454e-06, 5.98440192334e-06, 3.77359538106e-06, 1.84886857824e-06, 8.08062054602e-07, 4.92798051255e-07, 5.41855683878e-07, 1.37865271199e-07, 1.50632445184e-07, 2.66848843467e-07, 3.9041412947e-07, 2.01168791136e-06, 2.68549251814e-06, 1.77368775667e-07, 1.96755101101e-09],
        "max": [0.0143824731931, 0.0724252387881, 0.054087869823, 0.0180866792798, 0.0518555194139, 0.0675255805254, 0.0413216687739, 0.0580510720611, 0.0765102505684, 0.0577608607709, 0.0623480677605, 0.072189040482, 0.044095620513, 0.0287073645741, 0.0237746406347, 0.0153718395159, 0.013334675692, 0.0115855876356, 0.0069952821359, 0.00495337462053, 0.00620213616639, 0.00692103337497, 0.0109294373542, 0.029195047915, 0.031614780426, 0.00829288642853, 0.000925817992538],
        "mean": [0.000441428564955, 0.0032391785644, 0.00093968748115, 0.000557633291464, 0.00155025732238, 0.00140734191518, 0.000908603251446, 0.00113665801473, 0.00159660284407, 0.00222297967412, 0.0022399968002, 0.00163913902361, 0.00130215415265, 0.00117265607696, 0.00102449476253, 0.000749086262658, 0.000531344790943, 0.000498671666719, 0.00059357425198, 0.000321296131006, 0.000308731483528, 0.000253813312156, 0.000233478669543, 0.000398099335143, 0.000445375451818, 0.000153826185851, 1.68233436852e-05],
        "median": [2.73096375167e-05, 0.000299918203382, 0.000172841871972, 0.000185814773431, 0.000537974643521, 0.000543125148397, 0.000439738243585, 0.000310578237986, 0.00035125206341, 0.000874510733411, 0.000677233445458, 0.000553681398742, 0.000518322864082, 0.000522106653079, 0.000490086909849, 0.000327990303049, 0.000288234441541, 0.000286783120828, 0.00032923812978, 0.000200308990316, 0.000196655018954, 0.000123414341942, 8.49212083267e-05, 9.83294521575e-05, 8.31385186757e-05, 3.76660500478e-05, 2.9149571219e-06],
        "min": [3.74316329685e-23, 1.60863064289e-23, 3.87821439055e-23, 1.75384952257e-23, 1.38261151747e-22, 2.96445597811e-23, 8.49250479435e-23, 1.08485628434e-22, 7.42515390148e-23, 4.12516445703e-23, 1.13304142304e-22, 6.92577276295e-23, 7.15809229954e-23, 1.18073948747e-22, 6.92955613985e-23, 1.11657379387e-22, 1.15767433056e-22, 2.0337491731e-22, 1.72900968106e-22, 2.67058799908e-22, 3.36217364567e-22, 4.37926198197e-22, 5.9265759182e-22, 1.09423029954e-21, 1.47729055282e-21, 2.0878460733e-21, 2.43383556908e-21],
        "var": [1.6589427787e-06, 6.31696893834e-05, 1.2758896446e-05, 1.58296825248e-06, 9.74702834355e-06, 1.12528887257e-05, 3.40032511303e-06, 1.09050370156e-05, 1.56526821229e-05, 1.3971592125e-05, 2.35783008975e-05, 1.57927552209e-05, 7.4291610872e-06, 4.07605193686e-06, 2.78957759292e-06, 1.51964331963e-06, 6.45729642201e-07, 5.12327972046e-07, 5.70151541979e-07, 1.34774523985e-07, 1.38595638077e-07, 1.66028897297e-07, 3.15763969638e-07, 1.51439178353e-06, 2.42041323872e-06, 1.57200418016e-07, 1.8771604271e-09]
    },
    "erbbands": {
        "dmean": [0.0707456618547, 0.328230261803, 1.09724581242, 1.51069128513, 2.07149767876, 3.85271883011, 8.1422328949, 8.79060459137, 8.61795711517, 14.2668676376, 25.3835277557, 27.2733592987, 39.3674468994, 51.7619552612, 59.6416664124, 47.1255149841, 37.8465805054, 40.2525672913, 29.7143344879, 32.2088088989, 21.4780960083, 15.5399885178, 13.0039615631, 16.0301494598, 13.5198879242, 7.88093471527, 6.93680334091, 6.34516572952, 5.49001216888, 5.52554321289, 4.61509466171, 5.56689405441, 5.2372636795, 4.13152360916, 2.11857891083, 0.668163895607, 0.175717234612, 0.025383874774, 0.0025468650274, 8.69338400662e-05],
        "dmean2": [0.0893282592297, 0.487437933683, 1.86632096767, 2.69875645638, 3.5657043457, 6.33337259293, 13.224067688, 14.8042612076, 14.2894153595, 23.2383518219, 40.6172943115, 43.6579742432, 63.4936180115, 85.240234375, 96.0302734375, 76.1616592407, 60.7875480652, 66.2537460327, 48.0909996033, 50.9427185059, 33.7499046326, 24.1964321136, 19.7394828796, 24.3220806122, 20.2583427429, 12.0544805527, 10.628241539, 9.72687149048, 8.5601606369, 8.78020095825, 6.99310207367, 8.41066074371, 7.82901239395, 6.18033456802, 3.04309272766, 0.967647850513, 0.261508315802, 0.0373495854437, 0.0036955147516, 0.000125918581034],
        "dvar": [0.039423532784, 0.751096367836, 15.9714231491, 22.8078861237, 27.5283584595, 97.5471725464, 559.917541504, 1006.02362061, 645.072509766, 1807.4765625, 6688.84716797, 6616.51464844, 6932.61083984, 10545.4316406, 18901.2089844, 15977.3974609, 7964.24169922, 6782.80371094, 3324.92041016, 3551.53027344, 1701.11706543, 895.050048828, 572.129089355, 672.001586914, 480.725006104, 138.142547607, 116.046836853, 122.33416748, 130.670593262, 136.415283203, 191.846115112, 351.340332031, 321.924346924, 243.931121826, 57.2591896057, 4.53008270264, 0.199397742748, 0.00392992794514, 4.30469190178e-05, 4.4300026758e-08],
        "dvar2": [0.0560923852026, 1.70977902412, 42.3823204041, 64.1561737061, 74.0523605347, 245.358001709, 1352.08666992, 2625.05981445, 1676.36877441, 4536.62402344, 16050.3330078, 15929.7919922, 16937.8007812, 27316.5390625, 47304.671875, 41388.84375, 19361.1601562, 17800.6601562, 8427.10742188, 8756.76367188, 4032.13793945, 1944.63098145, 1236.69567871, 1441.87817383, 995.762207031, 305.999755859, 247.360687256, 265.155487061, 292.761108398, 318.376159668, 390.874420166, 710.19732666, 698.809875488, 524.291931152, 112.696281433, 9.34735393524, 0.420909970999, 0.00815375801176, 8.31236247905e-05, 8.71771703714e-08],
        "max": [3.35893440247, 14.4370956421, 49.3162460327, 55.7625961304, 138.721893311, 206.582580566, 411.612335205, 776.784179688, 680.646850586, 959.106811523, 1448.10974121, 1474.76586914, 1805.80517578, 1804.96679688, 2964.60400391, 3648.03515625, 2256.09912109, 1647.64172363, 1099.92260742, 1313.53771973, 797.018615723, 654.499816895, 575.773193359, 446.242553711, 357.851898193, 238.913238525, 315.405212402, 212.346557617, 245.23147583, 308.733673096, 361.505767822, 616.960083008, 547.280700684, 524.961791992, 185.672271729, 60.3958091736, 10.1724348068, 1.59076309204, 0.194649115205, 0.00595140596852],
        "mean": [0.142151460052, 0.530241787434, 1.04919350147, 1.66550135612, 3.04176259041, 5.00121688843, 10.1012372971, 10.7257089615, 13.1030263901, 17.3835945129, 28.4269580841, 35.1490707397, 58.804977417, 76.2514648438, 90.4624404907, 71.5149459839, 62.9718818665, 67.0013275146, 48.9575500488, 53.7827606201, 37.965549469, 29.0385303497, 25.6943302155, 31.5397338867, 25.8001976013, 16.1172828674, 13.6657981873, 10.9321336746, 8.50076770782, 7.8083987236, 7.01299762726, 7.64330244064, 6.85346508026, 5.56062030792, 2.83106946945, 0.933901965618, 0.238774254918, 0.0336150042713, 0.00345918559469, 0.000142192147905],
        "median": [0.00665721716359, 0.0627741292119, 0.208119526505, 0.530996203423, 1.03029549122, 1.69115459919, 2.39472699165, 4.20072793961, 6.66472864151, 6.32231092453, 7.72882413864, 8.73020744324, 21.5273323059, 35.1525688171, 32.9943885803, 28.9648551941, 27.5770702362, 33.0421562195, 25.0123386383, 26.3594608307, 19.0356578827, 16.6705532074, 15.2498311996, 17.8184661865, 14.4589328766, 10.4339866638, 8.99311256409, 6.42169427872, 4.12191772461, 3.28468489647, 2.55128026009, 2.16783165932, 1.43388545513, 1.02375197411, 0.509741604328, 0.22155956924, 0.0557214468718, 0.00697726663202, 0.000640669662971, 5.83911096328e-05],
        "min": [6.04681245654e-22, 4.06579142792e-21, 4.01460122646e-20, 5.35756998685e-20, 8.79606996659e-20, 6.48396276498e-19, 4.72782472031e-19, 3.20641442561e-19, 5.46960358751e-19, 2.52429652878e-18, 1.63508895081e-18, 1.22522219806e-18, 2.51973090538e-18, 2.08080633169e-18, 3.8095426744e-18, 3.41805463409e-18, 3.01100091581e-18, 5.74001182489e-18, 4.38084282267e-18, 5.27184083307e-18, 6.87459798207e-18, 6.45796944141e-18, 1.18170360565e-17, 5.87438607463e-18, 1.04264875441e-17, 1.34348433431e-17, 1.38054186032e-17, 1.2665636511e-17, 1.30590063872e-17, 1.87135005581e-17, 1.9560376341e-17, 1.55520460354e-17, 1.96554210477e-17, 1.81942908681e-17, 1.03706900759e-17, 8.11829794745e-18, 4.15490298785e-18, 1.26478965888e-18, 3.64138502427e-19, 3.5862373452e-20],
        "var": [0.150023683906, 1.78826403618, 12.3673782349, 16.9305648804, 62.1810874939, 118.885192871, 663.907043457, 866.31640625, 692.172912598, 1848.83117676, 6757.94384766, 8110.97509766, 12180.7177734, 15389.7539062, 34876.1679688, 28087.90625, 16495.7597656, 12400.3427734, 6481.06152344, 6800.17285156, 3614.140625, 1842.54516602, 1305.57165527, 1613.43225098, 1074.12084961, 317.207275391, 258.188995361, 206.224578857, 191.775588989, 195.280014038, 313.083099365, 530.32989502, 486.924285889, 397.941314697, 98.4679489136, 7.35378456116, 0.34228733182, 0.0068260342814, 7.80109985499e-05, 8.14242753222e-08]
    },
    "gfcc": {
        "mean": [30.4384670258, 44.4854698181, -138.188903809, 9.86486530304, -63.0463409424, 17.1853275299, -38.8911018372, 10.7790203094, -31.0701503754, 4.74128818512, -15.4737615585, 2.8381524086, -9.72209644318],
        "cov": [[3192.4609375, -403.72366333, 774.400512695, 333.907989502, 220.961730957, 245.147216797, 49.8592834473, 52.5478591919, -24.220495224, 64.540145874, -50.9112319946, 55.4222068787, -33.9452629089], [-403.72366333, 1085.19458008, -81.7213516235, 219.807662964, 161.597229004, -28.0828495026, 110.649391174, -22.6087779999, 52.8026618958, 10.9073381424, 82.1304397583, 1.60054409504, 61.3828620911], [774.400512695, -81.7213516235, 1696.2791748, 579.716918945, 194.854171753, 262.962158203, -16.4947490692, 54.0175170898, 23.2220802307, 104.530212402, -0.398744165897, 87.8289031982, 10.9847316742], [333.907989502, 219.807662964, 579.716918945, 511.289855957, 172.893798828, 99.1102981567, 28.1375541687, -2.13663458824, 41.2672996521, 56.1223716736, 38.9427642822, 39.2430992126, 49.2634086609], [220.961730957, 161.597229004, 194.854171753, 172.893798828, 307.032531738, 140.039474487, 91.1354751587, 30.843870163, 25.508272171, 54.5040092468, 40.9261856079, 31.2793979645, 32.6509742737], [245.147216797, -28.0828495026, 262.962158203, 99.1102981567, 140.039474487, 247.418029785, 90.9515151978, 40.6381797791, 15.2453184128, 34.7164993286, 23.6315689087, 19.4421386719, 6.40119600296], [49.8592834473, 110.649391174, -16.4947490692, 28.1375541687, 91.1354751587, 90.9515151978, 218.708328247, 94.6532287598, 41.9865837097, 16.6078033447, 24.3680438995, 16.4743518829, 2.49190998077], [52.5478591919, -22.6087779999, 54.0175170898, -2.13663458824, 30.843870163, 40.6381797791, 94.6532287598, 184.633346558, 64.0102386475, 27.545124054, 4.92542982101, 19.4528007507, 3.13541436195], [-24.220495224, 52.8026618958, 23.2220802307, 41.2672996521, 25.508272171, 15.2453184128, 41.9865837097, 64.0102386475, 108.297058105, 40.9563140869, 13.9629707336, 12.017701149, 17.0051021576], [64.540145874, 10.9073381424, 104.530212402, 56.1223716736, 54.5040092468, 34.7164993286, 16.6078033447, 27.545124054, 40.9563140869, 105.224349976, 50.5446281433, 20.3803348541, 14.7551212311], [-50.9112319946, 82.1304397583, -0.398744165897, 38.9427642822, 40.9261856079, 23.6315689087, 24.3680438995, 4.92542982101, 13.9629707336, 50.5446281433, 102.604522705, 34.8190078735, 26.3548679352], [55.4222068787, 1.60054409504, 87.8289031982, 39.2430992126, 31.2793979645, 19.4421386719, 16.4743518829, 19.4528007507, 12.017701149, 20.3803348541, 34.8190078735, 78.3171463013, 34.9513435364], [-33.9452629089, 61.3828620911, 10.9847316742, 49.2634086609, 32.6509742737, 6.40119600296, 2.49190998077, 3.13541436195, 17.0051021576, 14.7551212311, 26.3548679352, 34.9513435364, 82.673576355]],
        "icov": [[0.000413108849898, 0.000180321847438, -3.0873256037e-05, -0.000250808487181, -0.000182286123163, -0.000129998312332, -6.35873802821e-05, -3.29392569256e-05, 0.000230219695368, -0.000202244656975, 0.000368700973922, -0.000272078701528, 0.000260743719991], [0.000180321847438, 0.00146975100506, 9.22838225961e-05, -0.000695880618878, -0.00071277061943, 0.00077149894787, -0.000823951209895, 0.000487940269522, -0.000500779773574, 0.000708782987203, -0.000969772518147, 0.000741358322557, -0.000414483831264], [-3.0873256037e-05, 9.22838225961e-05, 0.00143997289706, -0.00159297639038, 0.000319422397297, -0.00115327606909, 0.000804873474408, -0.000593612669036, 0.000601980893407, -0.00096103886608, 0.00113176496234, -0.00141783372965, 0.000924415129703], [-0.000250808487181, -0.000695880618878, -0.00159297639038, 0.00474789831787, -0.00119666615501, 0.000631782808341, -0.000257341336692, 0.00106918159872, -0.00143884785939, 0.00053594779456, -0.00100107607432, 0.00100131693762, -0.00171681365464], [-0.000182286123163, -0.00071277061943, 0.000319422397297, -0.00119666615501, 0.00603458797559, -0.00261038821191, -0.000839673390146, -7.9714358435e-05, 0.000890495080967, -0.00201340508647, 0.000648853718303, -0.000751275510993, -0.000740905292332], [-0.000129998312332, 0.00077149894787, -0.00115327606909, 0.000631782808341, -0.00261038821191, 0.00762185500935, -0.00277069443837, 0.000528171833139, -0.000191602041014, 0.000594800862018, -0.0016487382818, 0.00149381940719, -0.000517829670571], [-6.35873802821e-05, -0.000823951209895, 0.000804873474408, -0.000257341336692, -0.000839673390146, -0.00277069443837, 0.00836307834834, -0.00368215399794, -0.000579748186283, 0.000921279774047, -0.000505407573655, -0.00121619179845, 0.00169587088749], [-3.29392569256e-05, 0.000487940269522, -0.000593612669036, 0.00106918159872, -7.9714358435e-05, 0.000528171833139, -0.00368215399794, 0.00911093130708, -0.00437537347898, -0.000362305581803, 0.000633234798443, -0.000955199880991, -1.14068625408e-05], [0.000230219695368, -0.000500779773574, 0.000601980893407, -0.00143884785939, 0.000890495080967, -0.000191602041014, -0.000579748186283, -0.00437537347898, 0.0146928299218, -0.005673059728, 0.00241594715044, -0.000375403120415, -0.00153082958423], [-0.000202244656975, 0.000708782987203, -0.00096103886608, 0.00053594779456, -0.00201340508647, 0.000594800862018, 0.000921279774047, -0.000362305581803, -0.005673059728, 0.0170281305909, -0.00863550230861, 0.00173232413363, 8.24144444778e-05], [0.000368700973922, -0.000969772518147, 0.00113176496234, -0.00100107607432, 0.000648853718303, -0.0016487382818, -0.000505407573655, 0.000633234798443, 0.00241594715044, -0.00863550230861, 0.0176191721112, -0.00659716036171, -0.000603183521889], [-0.000272078701528, 0.000741358322557, -0.00141783372965, 0.00100131693762, -0.000751275510993, 0.00149381940719, -0.00121619179845, -0.000955199880991, -0.000375403120415, 0.00173232413363, -0.00659716036171, 0.020368758589, -0.00755656277761], [0.000260743719991, -0.000414483831264, 0.000924415129703, -0.00171681365464, -0.000740905292332, -0.000517829670571, 0.00169587088749, -1.14068625408e-05, -0.00153082958423, 8.24144444778e-05, -0.000603183521889, -0.00755656277761, 0.0173798631877]]
    },
    "melbands": {
        "dmean": [0.000513783481438, 0.000465296383481, 0.000266002403805, 0.000205928095966, 0.000258361076703, 0.00020200421568, 0.000132164044771, 0.000167956575751, 0.000218851215323, 0.000173212800291, 0.000202241906663, 0.000213929350139, 0.000223801238462, 0.000140470845508, 0.000100847501017, 8.08381591924e-05, 7.90632693679e-05, 4.94551495649e-05, 4.64628974441e-05, 3.9516860852e-05, 2.54071583186e-05, 1.80467868631e-05, 1.53118471644e-05, 1.27769217215e-05, 1.42610351759e-05, 1.2806448467e-05, 7.22366894479e-06, 5.17434000358e-06, 4.72952706332e-06, 4.43286307927e-06, 3.75443687517e-06, 3.50741152033e-06, 3.0873425203e-06, 3.03312708638e-06, 2.63980632553e-06, 3.11572966893e-06, 3.60290869139e-06, 3.62618561667e-06, 3.91310868508e-06, 3.51973449142e-06],
        "dmean2": [0.00070340919774, 0.000769779842813, 0.000467765436042, 0.000351474998752, 0.000416581315221, 0.000339744176017, 0.000219550391193, 0.000271824625088, 0.00034975449671, 0.000277441577055, 0.000326832785504, 0.00035321660107, 0.000362889113603, 0.000227523269132, 0.000162653013831, 0.000132260043756, 0.000130091852043, 8.05779200164e-05, 7.42857591831e-05, 6.3869272708e-05, 4.01652978326e-05, 2.84632442344e-05, 2.41044035647e-05, 1.97924546228e-05, 2.19554167415e-05, 1.95331795112e-05, 1.09089623948e-05, 8.11371137388e-06, 7.31217414796e-06, 6.97636232871e-06, 5.79952848057e-06, 5.55577389605e-06, 4.922957487e-06, 4.84268184664e-06, 4.10040229326e-06, 4.73620048069e-06, 5.51409084437e-06, 5.55907172384e-06, 5.93103050051e-06, 5.31126215719e-06],
        "dvar": [1.96961309484e-06, 2.1122743874e-06, 5.86847534123e-07, 2.83991710148e-07, 5.19311072367e-07, 4.6466905701e-07, 1.37379217335e-07, 2.51670513762e-07, 4.82650477807e-07, 2.55012707839e-07, 1.82778649105e-07, 1.85461345836e-07, 2.94007236334e-07, 1.29927443027e-07, 6.10789214761e-08, 2.99776168333e-08, 2.66823008133e-08, 9.79263781176e-09, 8.94569307519e-09, 5.28361399077e-09, 2.62503485615e-09, 1.27632937552e-09, 1.17391785182e-09, 5.59579937942e-10, 5.84981063589e-10, 4.77531181264e-10, 1.51709284024e-10, 6.1814019181e-11, 5.40622616119e-11, 5.47697165398e-11, 4.5602539106e-11, 5.31302467299e-11, 3.98471845797e-11, 4.53274258405e-11, 6.33883362466e-11, 1.1188025506e-10, 1.51270385107e-10, 1.57772753195e-10, 2.13078485412e-10, 1.86758872256e-10],
        "dvar2": [3.40219958161e-06, 5.44222302779e-06, 1.62946992077e-06, 7.74458044361e-07, 1.24722657802e-06, 1.20977881579e-06, 3.56417444891e-07, 6.19468835339e-07, 1.15724060379e-06, 6.09368044024e-07, 4.46091632966e-07, 4.80462460928e-07, 7.4890886026e-07, 3.25151859215e-07, 1.46684840274e-07, 7.40973788993e-08, 6.89996113579e-08, 2.39824800019e-08, 2.1991139576e-08, 1.29850779018e-08, 6.23309936998e-09, 2.81943113301e-09, 2.73924882777e-09, 1.22822896298e-09, 1.29265775861e-09, 1.02717423456e-09, 3.32486843613e-10, 1.44763728782e-10, 1.18710541397e-10, 1.23802232355e-10, 1.00054166341e-10, 1.21682081078e-10, 9.32096275164e-11, 1.07190534226e-10, 1.35908173604e-10, 2.24440410701e-10, 3.18797571675e-10, 3.48267997774e-10, 4.79042305823e-10, 4.14902889823e-10],
        "max": [0.0219416376203, 0.0180782042444, 0.0088580865413, 0.00696539087221, 0.0120740672573, 0.0155831007287, 0.00915455538779, 0.0109320953488, 0.014039020054, 0.0109670553356, 0.00883972365409, 0.00758055131882, 0.0102876462042, 0.00797011889517, 0.00569161446765, 0.00404381705448, 0.00314891058952, 0.00235123396851, 0.00223584007472, 0.00132302369457, 0.00109275255818, 0.000900142767932, 0.000972433597781, 0.000810125144199, 0.000433934910689, 0.00035329523962, 0.000255718856351, 0.000145108511788, 0.00026184154558, 0.000187240628293, 0.000144688921864, 0.000144721532706, 0.000168468497577, 0.000167928315932, 0.000257196312305, 0.000282600347418, 0.000433438719483, 0.000402630772442, 0.00036739918869, 0.000469724298455],
        "mean": [0.00105640280526, 0.000601442763582, 0.000323610496707, 0.00027841530391, 0.000333644566126, 0.000252156052738, 0.000198611043743, 0.000197801084141, 0.000239874527324, 0.000225188225158, 0.000294536876027, 0.000301176507492, 0.000324140768498, 0.0002013156045, 0.000154865425429, 0.000128036423121, 0.000122996876598, 7.42657502997e-05, 7.31146792532e-05, 6.24130188953e-05, 4.11990040448e-05, 3.00251376757e-05, 2.60422602878e-05, 2.32186048379e-05, 2.57034917013e-05, 2.24046725634e-05, 1.29676291181e-05, 9.84196231002e-06, 8.83819484443e-06, 7.34039076633e-06, 5.98509359406e-06, 5.03054707224e-06, 4.42657164967e-06, 4.09815038438e-06, 3.90291097574e-06, 4.33373088526e-06, 4.70910390504e-06, 4.60665160062e-06, 4.98746749145e-06, 4.61275021735e-06],
        "median": [7.82962306403e-05, 0.000113866321044, 0.000111338988063, 0.000101871388324, 8.32565201563e-05, 9.93427092908e-05, 0.000101550176623, 6.64562830934e-05, 5.79908992222e-05, 5.09052915731e-05, 0.000101290293969, 0.000126643310068, 0.000102696969407, 7.16730573913e-05, 5.66465532756e-05, 5.21152360307e-05, 5.36133848072e-05, 3.2745381759e-05, 3.44929612766e-05, 2.83277295239e-05, 1.81533396244e-05, 1.58379607456e-05, 1.3326581211e-05, 1.34676974994e-05, 1.3286495232e-05, 1.14016838779e-05, 7.01472072251e-06, 6.09201742918e-06, 5.4640045164e-06, 4.30675072494e-06, 3.1997676615e-06, 2.21451023208e-06, 1.97261306312e-06, 1.54610495429e-06, 1.4575489331e-06, 1.27128123495e-06, 1.260672434e-06, 9.77538434199e-07, 8.57970576362e-07, 8.45773740821e-07],
        "min": [6.83994785191e-24, 1.54438801958e-23, 9.13650417387e-24, 2.45545515416e-23, 2.27656422005e-23, 6.38358156305e-24, 1.127075552e-23, 2.88682228316e-23, 1.1010546595e-23, 9.60779334448e-24, 1.21424239433e-23, 7.03111330393e-24, 1.63674059684e-23, 7.13009878146e-24, 8.3238259802e-24, 7.03069520765e-24, 1.10211204866e-23, 7.87489549423e-24, 4.83375979067e-24, 8.53471453258e-24, 8.27677279379e-24, 6.36986682178e-24, 1.11367099084e-23, 7.31936623414e-24, 3.9705160074e-24, 8.41565727818e-24, 7.0058145347e-24, 9.37015451881e-24, 8.04983644402e-24, 7.96052555663e-24, 7.66762386911e-24, 6.87896017911e-24, 9.27642443263e-24, 1.02043567823e-23, 1.15761653861e-23, 9.95049818754e-24, 8.72403562781e-24, 1.25427960963e-23, 1.5517799618e-23, 1.61551518978e-23],
        "var": [7.29608427719e-06, 2.48260971603e-06, 5.52865856207e-07, 3.39971393259e-07, 6.48828063277e-07, 4.09570048987e-07, 1.46420461533e-07, 2.61304478499e-07, 4.97346775319e-07, 3.35179606736e-07, 3.16976098702e-07, 2.66770030066e-07, 5.19152308698e-07, 2.19180847694e-07, 1.15018558233e-07, 5.92341038441e-08, 4.79166644141e-08, 1.77157470915e-08, 1.5508829776e-08, 1.02729327267e-08, 5.27024379693e-09, 2.41684028346e-09, 2.12919526454e-09, 1.19998655457e-09, 1.26242982734e-09, 9.68241598009e-10, 3.01520669543e-10, 1.27491531221e-10, 1.27270069483e-10, 8.76080805123e-11, 7.40288177981e-11, 7.27610610651e-11, 5.71524320925e-11, 6.27939505948e-11, 9.55282589143e-11, 1.69840988495e-10, 2.15536699599e-10, 2.25398366638e-10, 3.13109871364e-10, 2.88484486299e-10]
    },
    "mfcc": {
        "mean": [-609.306152344, 87.0625305176, -21.0753746033, -2.12436079979, -5.19106674194, -0.883981406689, 3.13653087616, -0.168631225824, -2.98128080368, -1.3644516468, -3.4521241188, -2.6169116497, -1.23489391804],
        "cov": [[2154.19091797, -343.656951904, 239.502044678, 124.259300232, 167.800003052, 172.368835449, 116.172477722, 76.3554458618, 60.4570884705, 58.3835334778, 0.530020713806, -19.4176216125, 39.2721176147], [-343.656951904, 741.660644531, -112.856994629, 151.05128479, 29.5404396057, 47.1388511658, 60.4018554688, 30.8155708313, 14.4073009491, 22.4763088226, 19.6765174866, 26.9321994781, 22.8959312439], [239.502044678, -112.856994629, 1305.53967285, 370.878479004, 351.411499023, 225.177993774, 89.6344070435, 38.4659461975, 61.2564430237, 1.74409914017, 73.3689727783, 10.0356826782, 34.0401191711], [124.259300232, 151.05128479, 370.878479004, 437.059661865, 185.066513062, 121.721878052, 57.2121391296, 13.2904310226, 44.2799491882, 13.7930316925, 10.9048128128, 38.3442420959, 52.0454216003], [167.800003052, 29.5404396057, 351.411499023, 185.066513062, 305.329986572, 153.581039429, 72.9475631714, 7.76232194901, 34.8109550476, 23.6964454651, -4.73277330399, 26.1650600433, 52.7004623413], [172.368835449, 47.1388511658, 225.177993774, 121.721878052, 153.581039429, 243.172164917, 102.265205383, 24.6603374481, 18.9097957611, 27.1598072052, 2.56246232986, 14.3578224182, 43.5685462952], [116.172477722, 60.4018554688, 89.6344070435, 57.2121391296, 72.9475631714, 102.265205383, 187.640716553, 72.4705123901, 36.3186607361, 36.9907493591, 29.994436264, 34.9855003357, 31.3700370789], [76.3554458618, 30.8155708313, 38.4659461975, 13.2904310226, 7.76232194901, 24.6603374481, 72.4705123901, 152.000900269, 71.358253479, 36.3134918213, 38.1220779419, 8.73170089722, -0.100358210504], [60.4570884705, 14.4073009491, 61.2564430237, 44.2799491882, 34.8109550476, 18.9097957611, 36.3186607361, 71.358253479, 121.962905884, 52.3436355591, 32.2360687256, 11.0122556686, 7.99896764755], [58.3835334778, 22.4763088226, 1.74409914017, 13.7930316925, 23.6964454651, 27.1598072052, 36.9907493591, 36.3134918213, 52.3436355591, 109.737625122, 41.5508575439, 10.2730007172, 12.8644008636], [0.530020713806, 19.6765174866, 73.3689727783, 10.9048128128, -4.73277330399, 2.56246232986, 29.994436264, 38.1220779419, 32.2360687256, 41.5508575439, 106.224578857, 23.4415855408, -1.50364863873], [-19.4176216125, 26.9321994781, 10.0356826782, 38.3442420959, 26.1650600433, 14.3578224182, 34.9855003357, 8.73170089722, 11.0122556686, 10.2730007172, 23.4415855408, 87.8730773926, 46.6129379272], [39.2721176147, 22.8959312439, 34.0401191711, 52.0454216003, 52.7004623413, 43.5685462952, 31.3700370789, -0.100358210504, 7.99896764755, 12.8644008636, -1.50364863873, 46.6129379272, 98.7637329102]],
