{
"lowlevel": {
    "average_loudness": 0.938263475895,
    "barkbands_crest": {
        "dmean": 3.33831262589,
        "dmean2": 5.18116617203,
        "dvar": 8.5214881897,
        "dvar2": 18.7967624664,
        "max": 25.9261741638,
        "mean": 11.7265968323,
        "median": 10.691576004,
        "min": 1.7286657095,
        "var": 28.7375164032
    },
    "barkbands_flatness_db": {
        "dmean": 0.027432160452,
        "dmean2": 0.0403388738632,
        "dvar": 0.000632111739833,
        "dvar2": 0.00137208157685,
        "max": 0.332534909248,
        "mean": 0.124457731843,
        "median": 0.119147859514,
        "min": 0.0111438063905,
        "var": 0.0027130311355
    },
    "barkbands_kurtosis": {
        "dmean": 4.05669403076,
        "dmean2": 6.22675991058,
        "dvar": 78.0146179199,
        "dvar2": 176.467605591,
        "max": 240.681472778,
        "mean": 5.10494279861,
        "median": 1.51777052879,
        "min": -1.90563380718,
        "var": 132.689163208
    },
    "barkbands_skewness": {
        "dmean": 0.69246006012,
        "dmean2": 1.02618336678,
        "dvar": 0.621516466141,
        "dvar2": 1.28613877296,
        "max": 14.1517543793,
        "mean": 1.59219574928,
        "median": 1.24657070637,
        "min": -3.34039115906,
        "var": 2.30248165131
    },
    "barkbands_spread": {
        "dmean": 7.11629772186,
        "dmean2": 10.867181778,
        "dvar": 74.9848937988,
        "dvar2": 161.319000244,
        "max": 122.339683533,
        "mean": 24.7830486298,
        "median": 22.5159645081,
        "min": 1.19958126545,
        "var": 233.524749756
    },
    "dissonance": {
        "dmean": 0.021250654012,
        "dmean2": 0.0356366746128,
        "dvar": 0.000443943805294,
        "dvar2": 0.00117009552196,
        "max": 0.500000059605,
        "mean": 0.462242603302,
        "median": 0.470952689648,
        "min": 0.244224697351,
        "var": 0.0010060032364
    },
    "dynamic_complexity": 3.31256461143,
    "erbbands_crest": {
        "dmean": 3.03924322128,
        "dmean2": 4.96774435043,
        "dvar": 8.11400604248,
        "dvar2": 19.2659111023,
        "max": 28.9498767853,
        "mean": 9.81958675385,
        "median": 8.86565494537,
        "min": 2.34747624397,
        "var": 22.3289604187
    },
    "erbbands_flatness_db": {
        "dmean": 0.018532089889,
        "dmean2": 0.0277242660522,
        "dvar": 0.00033476317185,
        "dvar2": 0.000665683357511,
        "max": 0.344204217196,
        "mean": 0.142668709159,
        "median": 0.134856700897,
        "min": 0.0482287965715,
        "var": 0.00252616265789
    },
    "erbbands_kurtosis": {
        "dmean": 1.05987071991,
        "dmean2": 1.69207429886,
        "dvar": 2.11578321457,
        "dvar2": 5.02231359482,
        "max": 29.8970985413,
        "mean": 0.992807745934,
        "median": 0.326176524162,
        "min": -1.80953264236,
        "var": 5.2560133934
    },
    "erbbands_skewness": {
        "dmean": 0.370842427015,
        "dmean2": 0.575812518597,
        "dvar": 0.12431333214,
        "dvar2": 0.276472270489,
        "max": 4.10151052475,
        "mean": 0.451403826475,
        "median": 0.417843401432,
        "min": -3.55317616463,
        "var": 0.639531493187
    },
    "erbbands_spread": {
        "dmean": 9.05976581573,
        "dmean2": 13.6146631241,
        "dvar": 101.803924561,
        "dvar2": 212.772399902,
        "max": 169.751052856,
        "mean": 38.8700447083,
        "median": 34.1496086121,
        "min": 3.62082028389,
        "var": 504.934875488
    },
    "hfc": {
        "dmean": 9.20111560822,
        "dmean2": 13.749540329,
        "dvar": 158.106765747,
        "dvar2": 358.301055908,
        "max": 230.282150269,
        "mean": 26.0350074768,
        "median": 20.0002613068,
        "min": 1.14804251632e-16,
        "var": 496.420349121
    },
    "melbands_crest": {
        "dmean": 3.85983872414,
        "dmean2": 6.2055978775,
        "dvar": 11.5339384079,
        "dvar2": 26.6590251923,
        "max": 36.0484962463,
        "mean": 15.406293869,
        "median": 14.7800807953,
        "min": 2.88047838211,
        "var": 37.3445243835
    },
    "melbands_flatness_db": {
        "dmean": 0.032858941704,
        "dmean2": 0.0477641932666,
        "dvar": 0.000971430970822,
        "dvar2": 0.00201033381745,
        "max": 0.440566450357,
        "mean": 0.188567966223,
        "median": 0.179539099336,
        "min": 0.00557294720784,
        "var": 0.0045758690685
    },
    "melbands_kurtosis": {
        "dmean": 11.8972148895,
        "dmean2": 18.0007419586,
        "dvar": 709.905273438,
        "dvar2": 1521.24841309,
        "max": 528.065185547,
        "mean": 18.8924446106,
        "median": 6.09893894196,
        "min": -1.90018224716,
        "var": 1527.67614746
    },
    "melbands_skewness": {
        "dmean": 0.992790281773,
        "dmean2": 1.47518444061,
        "dvar": 1.40934967995,
        "dvar2": 2.7921667099,
        "max": 19.0413379669,
        "mean": 2.80954480171,
        "median": 2.10364627838,
        "min": -1.02290606499,
        "var": 6.30236530304
    },
    "melbands_spread": {
        "dmean": 8.66799736023,
        "dmean2": 13.3420286179,
        "dvar": 154.679855347,
        "dvar2": 306.664581299,
        "max": 282.160186768,
        "mean": 26.0460624695,
        "median": 22.105140686,
        "min": 0.686000704765,
        "var": 432.694122314
    },
    "pitch_salience": {
        "dmean": 0.0839184969664,
        "dmean2": 0.129371345043,
        "dvar": 0.00593069801107,
        "dvar2": 0.013222345151,
        "max": 0.960098803043,
        "mean": 0.491487324238,
        "median": 0.495873689651,
        "min": 0.0881593376398,
        "var": 0.0224745366722
    },
    "silence_rate_20dB": {
        "dmean": 0,
        "dmean2": 0,
        "dvar": 0,
        "dvar2": 0,
        "max": 1,
        "mean": 1,
        "median": 1,
        "min": 1,
        "var": 0
    },
    "silence_rate_30dB": {
        "dmean": 0.000958657881711,
        "dmean2": 0.00191754556727,
        "dvar": 0.000957766489591,
        "dvar2": 0.00263305753469,
        "max": 1,
        "mean": 0.999400913715,
        "median": 1,
        "min": 0,
        "var": 0.000598762300797
    },
    "silence_rate_60dB": {
        "dmean": 0.0155781907961,
        "dmean2": 0.031160114333,
        "dvar": 0.0153368366882,
        "dvar2": 0.0345085114241,
        "max": 1,
        "mean": 0.0658998340368,
        "median": 0,
        "min": 0,
        "var": 0.0615480989218
    },
    "spectral_centroid": {
        "dmean": 281.893707275,
        "dmean2": 431.788513184,
        "dvar": 115884.640625,
        "dvar2": 247996.640625,
        "max": 10592.9248047,
        "mean": 1558.88989258,
        "median": 1482.01733398,
        "min": 258.927642822,
        "var": 412339.59375
    },
    "spectral_complexity": {
        "dmean": 3.9084482193,
        "dmean2": 6.22722911835,
        "dvar": 20.2765140533,
        "dvar2": 49.6973114014,
        "max": 48,
        "mean": 17.1671466827,
        "median": 17,
        "min": 0,
        "var": 74.2941665649
    },
    "spectral_decrease": {
        "dmean": 3.20064574844e-09,
        "dmean2": 5.06244690612e-09,
        "dvar": 1.5149662372e-17,
        "dvar2": 3.8548773832e-17,
        "max": -8.13685841278e-29,
        "mean": -8.05166244788e-09,
        "median": -6.72344624419e-09,
        "min": -3.40794201747e-08,
        "var": 3.92525821106e-17
    },
    "spectral_energy": {
        "dmean": 0.0126112019643,
        "dmean2": 0.0199450682849,
        "dvar": 0.000226734919124,
        "dvar2": 0.000575095938984,
        "max": 0.130807772279,
        "mean": 0.0327503271401,
        "median": 0.0279520153999,
        "min": 1.07201872295e-20,
        "var": 0.000606305198744
    },
    "spectral_energyband_high": {
        "dmean": 0.00064403511351,
        "dmean2": 0.000970393535681,
        "dvar": 1.10800317543e-06,
        "dvar2": 2.61506170318e-06,
        "max": 0.0160191617906,
        "mean": 0.00125979271252,
        "median": 0.000827898911666,
        "min": 7.73560971946e-21,
        "var": 2.24926816372e-06
    },
    "spectral_energyband_low": {
        "dmean": 0.00887572672218,
        "dmean2": 0.0137713588774,
        "dvar": 0.000166829500813,
        "dvar2": 0.000392743502744,
        "max": 0.126625180244,
        "mean": 0.0157421585172,
        "median": 0.00666645355523,
        "min": 1.61006283564e-22,
        "var": 0.000403984187869
    },
    "spectral_energyband_middle_high": {
        "dmean": 0.00276672746986,
        "dmean2": 0.00421992503107,
        "dvar": 2.01720176847e-05,
        "dvar2": 4.46837002528e-05,
        "max": 0.0776509046555,
        "mean": 0.00812426395714,
        "median": 0.00397405959666,
        "min": 1.51088507169e-21,
        "var": 9.17117504287e-05
    },
    "spectral_energyband_middle_low": {
        "dmean": 0.00521873263642,
        "dmean2": 0.00866342429072,
        "dvar": 9.69882457866e-05,
        "dvar2": 0.000256210623775,
        "max": 0.099930152297,
        "mean": 0.00880575086921,
        "median": 0.00575636141002,
        "min": 4.42681123567e-22,
        "var": 0.00011088323663
    },
    "spectral_entropy": {
        "dmean": 0.176230847836,
        "dmean2": 0.264040470123,
        "dvar": 0.0299795288593,
        "dvar2": 0.0650459080935,
        "max": 9.79750823975,
        "mean": 7.74582242966,
        "median": 7.74810314178,
        "min": 6.18962049484,
        "var": 0.132410556078
    },
    "spectral_flux": {
        "dmean": 0.0323582105339,
        "dmean2": 0.0511824041605,
        "dvar": 0.00108359009027,
        "dvar2": 0.00231711496599,
        "max": 0.316338390112,
        "mean": 0.101950712502,
        "median": 0.0945253968239,
        "min": 1.03538337626e-10,
        "var": 0.00296257296577
    },
    "spectral_kurtosis": {
        "dmean": 0.957103610039,
        "dmean2": 1.54432523251,
        "dvar": 1.33337521553,
        "dvar2": 3.35825753212,
        "max": 25.3288402557,
        "mean": 3.55232000351,
        "median": 3.24388504028,
        "min": -1.35913002491,
        "var": 4.40616035461
    },
    "spectral_rms": {
        "dmean": 0.00104027718771,
        "dmean2": 0.00160440965556,
        "dvar": 1.17796901122e-06,
        "dvar2": 2.74875378636e-06,
        "max": 0.0112967845052,
        "mean": 0.00517722731456,
        "median": 0.00522209331393,
        "min": 3.23399445244e-12,
        "var": 5.14778730576e-06
    },
    "spectral_rolloff": {
        "dmean": 623.97845459,
        "dmean2": 1029.89355469,
        "dvar": 1451650.125,
        "dvar2": 3015887.5,
        "max": 18475.4882812,
        "mean": 1655.61230469,
        "median": 1270.45898438,
        "min": 64.599609375,
        "var": 3060530.5
    },
    "spectral_skewness": {
        "dmean": 0.159023925662,
        "dmean2": 0.248578980565,
        "dvar": 0.0283631365746,
        "dvar2": 0.0615237876773,
        "max": 3.89788603783,
        "mean": 1.49919497967,
        "median": 1.49881005287,
        "min": -0.230658620596,
        "var": 0.137273654342
    },
    "spectral_spread": {
        "dmean": 622970.125,
        "dmean2": 866750.0625,
        "dvar": 642158690304,
        "dvar2": 960635863040,
        "max": 41249976,
        "mean": 5542917.5,
        "median": 5335408,
        "min": 1549094.125,
        "var": 2.83390876058e+12
    },
    "spectral_strongpeak": {
        "dmean": 0.756001234055,
        "dmean2": 1.27485907078,
        "dvar": 1.53722941875,
        "dvar2": 3.81266880035,
        "max": 14.12159729,
        "mean": 1.22991240025,
        "median": 0.513044476509,
        "min": 0,
        "var": 2.84072828293
    },
    "zerocrossingrate": {
        "dmean": 0.0142457587644,
        "dmean2": 0.0158772747964,
        "dvar": 0.00033091174555,
        "dvar2": 0.000348275760189,
        "max": 0.49365234375,
        "mean": 0.069163814187,
        "median": 0.06103515625,
        "min": 0.00634765625,
        "var": 0.00178348796908
    },
    "barkbands": {
        "dmean": [0.00022510146664, 0.00734549388289, 0.0026395842433, 0.00209032488056, 0.00112586247269, 0.00088310270803, 0.000599391118158, 0.000493500556331, 0.00151576427743, 0.000885888875928, 0.0012033181265, 0.000384437997127, 0.000596565369051, 0.00040029437514, 0.000461368908873, 0.000327349902363, 0.000185308075743, 0.000189861064428, 0.000175775625394, 0.00017341565399, 0.000168563608895, 9.13048861548e-05, 9.83321588137e-05, 0.000123392106616, 0.000117073825095, 6.11920986557e-05, 8.10635992821e-06],
        "dmean2": [0.000364975334378, 0.0107031259686, 0.00429682526737, 0.00382635486312, 0.00197623181157, 0.00138080166653, 0.000965705548879, 0.000807320699096, 0.00234477431513, 0.00134762970265, 0.00186029903125, 0.00060277414741, 0.000936833268497, 0.000644304207526, 0.000725137011614, 0.00050158018712, 0.000294041179586, 0.000301756954286, 0.000281794462353, 0.000267355091637, 0.000266958813882, 0.000149269937538, 0.000153866654728, 0.000188123391126, 0.000172424930497, 9.22698818613e-05, 1.23799109133e-05],
        "dvar": [4.7678207693e-07, 0.000140541276778, 2.67875639111e-05, 4.02246696467e-05, 6.9902002906e-06, 3.04604213852e-06, 3.43041847373e-06, 3.54397684532e-06, 1.56204514496e-05, 5.91411708228e-06, 8.85419467522e-06, 9.98929749585e-07, 2.76795526588e-06, 1.31324600261e-06, 1.83580959856e-06, 1.54915244366e-06, 3.33325147039e-07, 2.15824783822e-07, 1.83432163681e-07, 1.01240324568e-07, 1.01502841687e-07, 4.10552267738e-08, 2.91527886276e-08, 7.0068161051e-08, 6.85323797711e-08, 2.78607252824e-08, 3.78374415133e-10],
        "dvar2": [1.21138145914e-06, 0.000302690750686, 6.65189945721e-05, 0.00011473907216, 1.99159039767e-05, 7.05502225173e-06, 8.49970729178e-06, 8.95160701475e-06, 3.56180862582e-05, 1.27250523292e-05, 1.95849534066e-05, 2.33352670875e-06, 6.7577379923e-06, 3.0129933748e-06, 3.93105165131e-06, 3.59327555088e-06, 7.32822684313e-07, 5.15681847446e-07, 4.42300461145e-07, 2.15602838693e-07, 2.4420771183e-07, 1.05642214976e-07, 7.26120816807e-08, 1.66231501453e-07, 1.37853589877e-07, 6.76021372215e-08, 8.84830209102e-10],
        "max": [0.0110087050125, 0.109492242336, 0.0562553927302, 0.0587196499109, 0.0301536172628, 0.0397287979722, 0.0560045577586, 0.0707479193807, 0.0826662704349, 0.0709992721677, 0.0557835325599, 0.0330068618059, 0.0443333461881, 0.0219991374761, 0.0428632982075, 0.045177705586, 0.0213019941002, 0.00997039116919, 0.0143936527893, 0.00770326703787, 0.00893826410174, 0.00608858745545, 0.00287898466922, 0.00934625044465, 0.00764198927209, 0.00432388391346, 0.000562962668482],
        "mean": [0.000250366952969, 0.011502652429, 0.0029892376624, 0.00172425515484, 0.00134094431996, 0.00148605986033, 0.000838711857796, 0.000583077198826, 0.00242961919867, 0.00147337652743, 0.00233342661522, 0.000612232484855, 0.00096338725416, 0.000562517670915, 0.000704661943018, 0.000497986911796, 0.000335347955115, 0.000357994053047, 0.00034811659134, 0.000341078237398, 0.000322118605254, 0.000139454859891, 0.000137583352625, 0.000204231662792, 0.000188339778106, 7.47002777644e-05, 8.78078117239e-06],
        "median": [5.21834481333e-05, 0.00299894926138, 0.000945309933741, 0.000385027757147, 0.00058444251772, 0.000622129649855, 0.000259162014117, 0.000140655174619, 0.000648984918371, 0.000274680467555, 0.000403388607083, 0.000203483694349, 0.000235619634623, 0.000178366826731, 0.000237605214352, 0.000135604495881, 0.000124017969938, 0.000137710158015, 0.00013485387899, 0.000160534429597, 0.000163649048773, 5.85616726312e-05, 7.19944873708e-05, 0.000109132837679, 7.37468726584e-05, 2.88297705993e-05, 2.21066738959e-06],
        "min": [1.44246712751e-22, 5.4327821868e-23, 2.16844310215e-23, 1.7229522075e-23, 4.71082331277e-23, 1.09841774993e-22, 8.03488973868e-23, 5.17944992005e-23, 1.20876739988e-22, 2.95821356399e-23, 5.19650793272e-23, 9.31716042092e-23, 6.71478023871e-23, 1.46405806116e-22, 1.25772410766e-22, 1.70665815928e-22, 9.09385724893e-23, 2.94922906937e-22, 2.19417735415e-22, 3.91696046143e-22, 4.42718080123e-22, 5.2730663787e-22, 5.82804984171e-22, 8.75023802143e-22, 1.30016656617e-21, 1.75155151396e-21, 2.22382297416e-21],
        "var": [5.52643200535e-07, 0.000315182987833, 2.81597713183e-05, 2.47660773312e-05, 5.86185296925e-06, 6.18831745669e-06, 3.91628600482e-06, 3.53030713995e-06, 2.77365870716e-05, 1.35892050821e-05, 3.02208864014e-05, 2.25404801313e-06, 5.10233849127e-06, 2.04087405109e-06, 3.41186773767e-06, 2.6892198548e-06, 7.86317229995e-07, 5.32378635398e-07, 4.80625033106e-07, 2.81026871107e-07, 2.4009332833e-07, 5.12784268381e-08, 3.50089628398e-08, 1.15460160544e-07, 1.64879295994e-07, 2.79081184829e-08, 4.21180035293e-10]
    },
    "erbbands": {
        "dmean": [0.195528641343, 1.75674879551, 2.81632661819, 5.4961977005, 5.08362865448, 3.63589096069, 4.82170391083, 8.06678581238, 7.5051202774, 9.32431125641, 14.4532871246, 30.5447387695, 32.8034553528, 36.7824935913, 34.3288345337, 14.3739671707, 24.8159542084, 21.7595291138, 18.084400177, 21.468875885, 15.0625190735, 9.69052219391, 9.32762527466, 10.4017925262, 6.63657426834, 7.56056785583, 7.64575147629, 5.14373207092, 3.38312506676, 3.10516476631, 2.79475831985, 2.64186501503, 2.04656410217, 1.46710968018, 0.742782175541, 0.309500783682, 0.109279282391, 0.0192939303815, 0.00134634773713, 4.05487226089e-05],
        "dmean2": [0.296054631472, 2.51796030998, 4.41566038132, 9.7564573288, 9.33959197998, 6.19943189621, 7.64137983322, 12.4908275604, 11.9761047363, 15.1661186218, 23.4254112244, 48.0312957764, 49.188911438, 56.6896362305, 50.22838974, 22.410533905, 38.5447769165, 34.3924331665, 28.3900871277, 33.4591407776, 22.3526229858, 15.0132055283, 14.7544841766, 16.3393802643, 10.4704084396, 11.8068447113, 11.9458799362, 8.03243350983, 5.54360389709, 5.09583711624, 4.34111881256, 4.13106966019, 3.0689432621, 2.15961909294, 1.11216771603, 0.470429182053, 0.164541453123, 0.0290650837123, 0.00204202067107, 6.29210699117e-05],
        "dvar": [0.103969916701, 8.68808460236, 23.9673290253, 228.498794556, 231.267700195, 58.6299629211, 85.1967926025, 288.517822266, 598.272338867, 797.356262207, 2825.78491211, 6940.11962891, 9409.54492188, 6550.89160156, 7696.95947266, 1155.75231934, 5086.26904297, 3265.00878906, 3452.24267578, 3761.69116211, 4309.85693359, 834.36730957, 467.09197998, 737.668334961, 148.297317505, 193.703216553, 234.776611328, 92.9280929565, 62.4911079407, 34.4577941895, 23.4544773102, 22.7137336731, 28.9702358246, 13.066113472, 2.50392174721, 0.774188876152, 0.0797462314367, 0.00201560882851, 1.02170706668e-05, 1.4025969719e-08],
        "dvar2": [0.247591972351, 18.1401062012, 55.8160133362, 637.245056152, 666.45880127, 162.541229248, 206.310211182, 650.801391602, 1485.43591309, 1996.09790039, 7191.80615234, 16682.6757812, 20501.8769531, 15026.609375, 15718.03125, 2699.89819336, 12210.53125, 7648.515625, 7392.68798828, 8434.74316406, 9517.17480469, 1823.22375488, 1033.27172852, 1741.47106934, 332.840576172, 438.620513916, 544.416564941, 216.217651367, 160.413604736, 89.7982559204, 56.9128341675, 51.47133255, 71.1436386108, 25.9739055634, 5.41703462601, 1.90206623077, 0.194441407919, 0.0047152210027, 2.30765144806e-05, 3.55389317974e-08],
        "max": [4.71673202515, 29.2468185425, 46.3143234253, 135.12928772, 140.534362793, 120.448905945, 225.99180603, 454.933502197, 593.439880371, 1022.94659424, 1762.79602051, 1609.85229492, 2222.33178711, 1587.17919922, 2989.11645508, 884.62109375, 2100.41137695, 1782.04772949, 2018.72265625, 1878.54760742, 3062.77978516, 1226.1171875, 586.719604492, 1011.03411865, 328.075805664, 436.197692871, 508.22277832, 275.381713867, 243.415023804, 81.9091186523, 84.9453582764, 182.72328186, 221.36579895, 126.096755981, 35.1198921204, 22.3989295959, 7.23144483566, 1.01375603676, 0.0972201600671, 0.00795770157129],
        "mean": [0.297932118177, 2.66197252274, 3.94522643089, 5.07839870453, 4.46062326431, 4.79211044312, 8.04167079926, 12.9260530472, 10.9163198471, 12.7192468643, 20.508605957, 47.9411392212, 53.6322975159, 77.4324035645, 64.4085617065, 26.0137443542, 41.5347213745, 36.5606803894, 27.7200660706, 36.4057502747, 25.6395759583, 19.5859203339, 18.9115142822, 20.763917923, 14.9709920883, 15.7634181976, 15.4909858704, 9.66446495056, 5.2288479805, 4.445271492, 3.93643856049, 4.1257686615, 3.41700577736, 2.38308167458, 1.15026366711, 0.389996141195, 0.133401915431, 0.0223329216242, 0.00151938933413, 7.61609844631e-05],
        "median": [0.063747137785, 0.721946120262, 1.48929738998, 1.62757539749, 1.47743487358, 1.99702596664, 3.50030660629, 4.95953989029, 3.86780142784, 4.06172370911, 6.03353118896, 13.723077774, 13.7757129669, 18.0755901337, 15.0057430267, 10.8374071121, 11.6515827179, 12.4751091003, 11.2425174713, 11.6796970367, 8.17357730865, 7.45075416565, 7.73740005493, 8.26929950714, 6.84089803696, 7.37765026093, 6.89230728149, 5.0885477066, 2.27835464478, 2.0793659687, 1.99907922745, 2.2466199398, 1.61680531502, 0.881739020348, 0.456984758377, 0.146715015173, 0.0537634156644, 0.00693148188293, 0.000416422728449, 5.72995850234e-05],
        "min": [4.07602374903e-21, 4.09913068401e-21, 1.38072373924e-20, 6.53703260513e-20, 9.73382911741e-20, 1.35643416217e-19, 5.44928286179e-19, 9.04060122852e-19, 1.22345668444e-18, 9.07468003578e-19, 1.29754890627e-18, 2.33063824454e-18, 1.98469807748e-18, 1.60351784497e-18, 2.3959098259e-18, 3.32220301265e-18, 2.73590008281e-18, 5.69860812651e-18, 8.37385374334e-18, 5.31545144933e-18, 1.11403932164e-17, 6.09221416277e-18, 1.36766563603e-17, 1.43401023609e-17, 1.50655331407e-17, 1.76822627602e-17, 1.55513561667e-17, 1.83082416149e-17, 1.76338561507e-17, 2.04657453738e-17, 1.56238072622e-17, 1.66995539945e-17, 1.48872161616e-17, 1.28673511208e-17, 9.70864201059e-18, 5.65763042614e-18, 3.23947047574e-18, 1.50641438908e-18, 3.04740678892e-19, 3.40519917462e-20],
        "var": [0.236454576254, 18.107131958, 36.1114807129, 151.696624756, 138.470748901, 68.5175094604, 187.83732605, 561.361572266, 674.026306152, 919.623413086, 3054.53686523, 10727.1201172, 15806.5332031, 24502.5625, 22628.9023438, 2633.30297852, 9327.28808594, 6109.68115234, 5400.63818359, 7680.27685547, 6588.10400391, 2398.57104492, 1521.75500488, 1669.41088867, 588.378723145, 558.869628906, 659.427307129, 212.421005249, 79.651260376, 38.5432014465, 29.3683166504, 39.0178718567, 44.0732307434, 31.5745010376, 4.75593090057, 0.791559934616, 0.0822621509433, 0.00222671194933, 1.24998732645e-05, 1.74133951703e-08]
    },
    "gfcc": {
        "mean": [15.2969255447, 63.4855537415, -112.42502594, 24.7333106995, -55.0175285339, 25.9259185791, -29.081029892, 17.3678970337, -27.5969390869, 5.29379940033, -17.2724819183, 0.745578050613, -7.45207166672],
        "cov": [[6281.76318359, -440.375457764, 900.989196777, 574.412658691, 261.401184082, 249.872955322, -21.2752437592, 225.426818848, -84.7412185669, 261.323455811, 144.905929565, 32.0151634216, -36.6052970886], [-440.375457764, 944.816040039, 88.6377639771, 65.9017562866, 66.5922164917, 15.005150795, 70.6570663452, -14.6921205521, 39.5139923096, -40.2815666199, 112.748268127, -37.8417282104, 53.3018608093], [900.989196777, 88.6377639771, 1173.49023438, 515.94720459, 185.246948242, 201.227157593, 13.4111776352, 22.2389774323, 104.583854675, 125.385864258, 70.6162643433, 130.765380859, -25.5312080383], [574.412658691, 65.9017562866, 515.94720459, 542.881469727, 246.248016357, 145.491287231, 43.6842575073, 38.3848762512, 101.661300659, 92.4026489258, 44.3844108582, 71.708190918, 19.3186836243], [261.401184082, 66.5922164917, 185.246948242, 246.248016357, 318.884063721, 155.976486206, 101.272392273, 74.1843948364, 72.8516235352, 76.0251846313, 35.5853347778, 37.4054794312, 24.1876106262], [249.872955322, 15.005150795, 201.227157593, 145.491287231, 155.976486206, 264.572723389, 176.039627075, 47.0148887634, 13.748087883, 50.0952987671, 40.012424469, 19.5495166779, 0.763917505741], [-21.2752437592, 70.6570663452, 13.4111776352, 43.6842575073, 101.272392273, 176.039627075, 277.706298828, 78.1753768921, -6.13199329376, 28.4753723145, 29.70063591, -5.78532743454, 1.91524577141], [225.426818848, -14.6921205521, 22.2389774323, 38.3848762512, 74.1843948364, 47.0148887634, 78.1753768921, 194.213821411, 75.2202987671, 44.607383728, 54.2099075317, -6.38740587234, 45.5546836853], [-84.7412185669, 39.5139923096, 104.583854675, 101.661300659, 72.8516235352, 13.748087883, -6.13199329376, 75.2202987671, 171.021240234, 53.5972671509, 8.63960647583, 31.7744674683, 21.7605705261], [261.323455811, -40.2815666199, 125.385864258, 92.4026489258, 76.0251846313, 50.0952987671, 28.4753723145, 44.607383728, 53.5972671509, 121.97013855, 57.0427932739, 38.2643203735, 13.0016832352], [144.905929565, 112.748268127, 70.6162643433, 44.3844108582, 35.5853347778, 40.012424469, 29.70063591, 54.2099075317, 8.63960647583, 57.0427932739, 141.389968872, 26.2439746857, 44.8170890808], [32.0151634216, -37.8417282104, 130.765380859, 71.708190918, 37.4054794312, 19.5495166779, -5.78532743454, -6.38740587234, 31.7744674683, 38.2643203735, 26.2439746857, 102.683624268, 21.1101589203], [-36.6052970886, 53.3018608093, -25.5312080383, 19.3186836243, 24.1876106262, 0.763917505741, 1.91524577141, 45.5546836853, 21.7605705261, 13.0016832352, 44.8170890808, 21.1101589203, 103.446617126]],
        "icov": [[0.000247613585088, 4.70032864541e-05, -9.60298639257e-05, -0.000201985545573, 2.46654672083e-05, -0.000169279417605, 0.00034903222695, -0.000534469087142, 0.00063662789762, -0.000465804885607, 6.24890308245e-05, 0.000138566014357, 0.000171082254383], [4.70032864541e-05, 0.00187377631664, -0.00048094271915, 0.000181498020538, -0.000830588454846, 0.00112111726776, -0.00130749645177, 0.00182650098577, -0.00154542864766, 0.00200632074848, -0.00269072735682, 0.00188185309526, -0.000841016648337], [-9.60298639257e-05, -0.00048094271915, 0.00204746192321, -0.00162273459136, 0.000999906100333, -0.00151815416757, 0.0010365168564, -0.000658900651615, 0.000147814615048, -0.000611965078861, 0.00033686158713, -0.00186063710134, 0.00135016185232], [-0.000201985545573, 0.000181498020538, -0.00162273459136, 0.0049001458101, -0.00278276344761, 0.000429231993621, -0.000470827508252, 0.00154802843463, -0.00166815938428, 0.000438630027929, -0.000380530167604, 0.000460402399767, -0.00113940995652], [2.46654672083e-05, -0.000830588454846, 0.000999906100333, -0.00278276344761, 0.00716124847531, -0.00323477666825, 0.000627520843409, -0.0020461010281, 0.000275627564406, -0.00236725783907, 0.0019418875454, -0.00145630515181, 0.000137479495606], [-0.000169279417605, 0.00112111726776, -0.00151815416757, 0.000429231993621, -0.00323477666825, 0.0105412565172, -0.00639112619683, 0.00263295392506, -0.00105726358015, 0.00137678254396, -0.00252705137245, 0.00166857114527, -0.000651380920317], [0.00034903222695, -0.00130749645177, 0.0010365168564, -0.000470827508252, 0.000627520843409, -0.00639112619683, 0.00921118538827, -0.00490342546254, 0.0035297924187, -0.00236498285085, 0.00234248605557, -0.00157837592997, 0.00189217319712], [-0.000534469087142, 0.00182650098577, -0.000658900651615, 0.00154802843463, -0.0020461010281, 0.00263295392506, -0.00490342546254, 0.0125665217638, -0.00714598363265, 0.00252669816837, -0.00526464590803, 0.004801211413, -0.00407941173762], [0.00063662789762, -0.00154542864766, 0.000147814615048, -0.00166815938428, 0.000275627564406, -0.00105726358015, 0.0035297924187, -0.00714598363265, 0.0126917120069, -0.00577475270256, 0.00512686371803, -0.00320335174911, 0.000883034896106], [-0.000465804885607, 0.00200632074848, -0.000611965078861, 0.000438630027929, -0.00236725783907, 0.00137678254396, -0.00236498285085, 0.00252669816837, -0.00577475270256, 0.017043216154, -0.00781560316682, -0.00071804045001, 0.000648117507808], [6.24890308245e-05, -0.00269072735682, 0.00033686158713, -0.000380530167604, 0.0019418875454, -0.00252705137245, 0.00234248605557, -0.00526464590803, 0.00512686371803, -0.00781560316682, 0.0151725718752, -0.00362852262333, -0.00252667139284], [0.000138566014357, 0.00188185309526, -0.00186063710134, 0.000460402399767, -0.00145630515181, 0.00166857114527, -0.00157837592997, 0.004801211413, -0.00320335174911, -0.00071804045001, -0.00362852262333, 0.015894792974, -0.00413021538407], [0.000171082254383, -0.000841016648337, 0.00135016185232, -0.00113940995652, 0.000137479495606, -0.000651380920317, 0.00189217319712, -0.00407941173762, 0.000883034896106, 0.000648117507808, -0.00252667139284, -0.00413021538407, 0.0141110820696]]
    },
    "melbands": {
        "dmean": [0.00195161078591, 0.00160672958009, 0.000923651270568, 0.000298312312225, 0.000154935158207, 0.000174438144313, 0.000119101372547, 9.8741344118e-05, 0.000139808631502, 0.000208673372981, 0.000166722413269, 0.000147400394781, 0.000147031794768, 4.69848200737e-05, 4.6022272727e-05, 6.10836577835e-05, 4.02178884542e-05, 2.83523932012e-05, 3.77578980988e-05, 2.55393078987e-05, 1.85469762073e-05, 1.19077576528e-05, 9.28561348701e-06, 1.03626325654e-05, 9.55162795435e-06, 6.19652610112e-06, 5.26568692294e-06, 5.56953773412e-06, 5.48237630937e-06, 4.73512409371e-06, 2.69209658654e-06, 1.97845906769e-06, 1.89750733171e-06, 1.83131862741e-06, 1.62488129263e-06, 1.63815059295e-06, 1.68420206137e-06, 1.47499440573e-06, 1.43127454066e-06, 1.27678026729e-06],
        "dmean2": [0.00286636920646, 0.00240530539304, 0.00163027527742, 0.000535738188773, 0.000245122908382, 0.000270853866823, 0.000189949205378, 0.000160489405971, 0.000225050083827, 0.000326916022459, 0.000248960714089, 0.000225591051276, 0.000217923487071, 7.19382951502e-05, 7.28369486751e-05, 9.65947110672e-05, 6.34569223621e-05, 4.51597406936e-05, 5.89553856116e-05, 3.93750815419e-05, 2.74958165392e-05, 1.84027867363e-05, 1.44616360558e-05, 1.59988048836e-05, 1.50890064106e-05, 9.86399754765e-06, 8.16033480078e-06, 8.82047424966e-06, 8.50193919177e-06, 7.59548674978e-06, 4.26669703302e-06, 3.22963524013e-06, 3.10831160277e-06, 3.03373485622e-06, 2.55852933151e-06, 2.55466352428e-06, 2.65121934717e-06, 2.23619417739e-06, 2.13798375626e-06, 1.89738580048e-06],
        "dvar": [9.43615395954e-06, 7.01736416886e-06, 6.43095654596e-06, 5.98643339345e-07, 7.56753593123e-08, 1.33129958613e-07, 1.38201784239e-07, 9.06372292775e-08, 2.44119149784e-07, 3.17190199439e-07, 2.38665819552e-07, 1.04362364084e-07, 1.35888214459e-07, 1.69006906248e-08, 1.55189088247e-08, 3.62792924591e-08, 1.18689236217e-08, 1.03736823576e-08, 1.35876438989e-08, 7.32410176951e-09, 9.53181356067e-09, 1.43277811837e-09, 6.17149664706e-10, 8.04895317064e-10, 7.36751271102e-10, 1.88426468872e-10, 1.08376772834e-10, 1.27196198019e-10, 1.61649582608e-10, 8.33672852973e-11, 4.12711878561e-11, 1.84163032046e-11, 2.50471830776e-11, 1.23876351885e-11, 8.42283361113e-12, 7.75430674532e-12, 1.00108333081e-11, 1.46988272248e-11, 1.25795649938e-11, 1.1057386777e-11],
        "dvar2": [2.11184433283e-05, 1.52989523485e-05, 1.78822410817e-05, 1.72549823674e-06, 1.80511193548e-07, 3.02352219705e-07, 3.41081005217e-07, 2.25816435773e-07, 6.11917869264e-07, 7.54106508793e-07, 5.14750126968e-07, 2.31480825619e-07, 2.8198792279e-07, 3.84526188668e-08, 3.50525368731e-08, 9.1485418352e-08, 2.75371974112e-08, 2.31209007495e-08, 2.90451946938e-08, 1.65175997324e-08, 2.21866276462e-08, 2.9735638396e-09, 1.31303323769e-09, 1.81346571093e-09, 1.78264081274e-09, 3.94752508459e-10, 2.38838421263e-10, 2.87545043332e-10, 3.73797853781e-10, 2.0243084986e-10, 9.86963080707e-11, 4.63881225099e-11, 6.37387434499e-11, 3.30818150651e-11, 2.10191534317e-11, 1.77871745111e-11, 2.24636420576e-11, 3.62099863982e-11, 2.81266034768e-11, 2.24873175636e-11],
        "max": [0.0322668738663, 0.0293727163225, 0.0230028312653, 0.00731526874006, 0.00671981647611, 0.00934359617531, 0.00892900116742, 0.00951876956969, 0.0141045711935, 0.0107611594722, 0.0115559687838, 0.00601321365684, 0.00803197082132, 0.00411456357688, 0.00267984322272, 0.00593566754833, 0.00295973103493, 0.00257625174709, 0.0036915242672, 0.00311288214289, 0.00499635143206, 0.0016616997309, 0.000627472589258, 0.000706441118382, 0.00102410360705, 0.000480147689814, 0.000321669649566, 0.000385364284739, 0.000518025422934, 0.000240536901401, 0.000171045539901, 0.000128125248011, 0.000195317392354, 4.26397564297e-05, 3.74646879209e-05, 8.86042689672e-05, 0.000136199116241, 0.000163134842296, 0.000122295663459, 0.000118936259241],
        "mean": [0.00303811533377, 0.00267506483942, 0.000872364907991, 0.000317417812767, 0.000266038259724, 0.000284717709292, 0.000173361171619, 0.000129714622744, 0.000195494692889, 0.000329794973368, 0.000264554633759, 0.000300174724543, 0.000280137814116, 7.71168270148e-05, 7.1472262789e-05, 0.000101612655271, 6.09356357018e-05, 3.76731040888e-05, 5.81301101192e-05, 3.972320701e-05, 2.75319634966e-05, 2.11606129596e-05, 1.5018976228e-05, 1.85831177077e-05, 1.67929028976e-05, 1.22840283439e-05, 1.01459454527e-05, 1.03682959889e-05, 1.02135818452e-05, 8.22629681352e-06, 4.47076445198e-06, 2.88510977953e-06, 2.70069290309e-06, 2.40084045799e-06, 2.16653165808e-06, 2.37030167227e-06, 2.58663999375e-06, 2.40084887082e-06, 2.2424665076e-06, 1.95398820324e-06],
        "median": [0.000785993179306, 0.00108412629925, 0.000303154956782, 0.000125119637232, 0.000129656720674, 0.000113699199574, 6.11928917351e-05, 3.78533732146e-05, 4.78110378026e-05, 8.95692501217e-05, 5.70030533709e-05, 6.27445697319e-05, 5.18642846146e-05, 2.3215161491e-05, 2.06216391234e-05, 2.54496153502e-05, 1.89549718925e-05, 1.26577378978e-05, 1.84635791811e-05, 1.03942620626e-05, 8.09065113572e-06, 7.48442607801e-06, 5.47650688532e-06, 6.56429256196e-06, 6.04875049248e-06, 4.84512793264e-06, 4.49440494776e-06, 4.71990233564e-06, 4.03385183745e-06, 3.79912103199e-06, 2.05890137295e-06, 1.13148166747e-06, 1.06461379801e-06, 1.15720990834e-06, 1.04307741822e-06, 1.19548872135e-06, 1.34072445235e-06, 1.1443976291e-06, 8.26199254789e-07, 6.44985675535e-07],
        "min": [3.25136153389e-23, 6.67652742678e-24, 1.04897106487e-23, 9.71145124515e-24, 1.58522577092e-23, 2.11624496491e-23, 1.81504130522e-23, 1.01098520347e-23, 1.14325430031e-23, 1.66457208289e-23, 9.83386589156e-24, 5.75511698467e-24, 7.35002846867e-24, 1.01578510653e-23, 7.43863648098e-24, 5.99432919342e-24, 1.21438139163e-23, 1.47558846236e-23, 8.74500276181e-24, 5.81886128455e-24, 1.55316961917e-23, 6.00105265491e-24, 6.93935300344e-24, 1.47889205406e-23, 1.13040683272e-23, 8.41861629544e-24, 1.42555448613e-23, 1.10633695101e-23, 6.95821466768e-24, 1.45435832213e-23, 9.51341323692e-24, 9.40542843419e-24, 1.0467908111e-23, 1.1459936198e-23, 6.83580790988e-24, 1.41768402088e-23, 7.98631499735e-24, 1.04458239499e-23, 8.68945827661e-24, 1.19797489918e-23],
        "var": [2.20802903641e-05, 1.45785706991e-05, 4.31412945545e-06, 4.16838389583e-07, 1.77132747581e-07, 2.56258800846e-07, 1.58783123538e-07, 1.05206360956e-07, 2.87814458488e-07, 5.33151023774e-07, 4.13600247384e-07, 3.8598236074e-07, 4.4609768679e-07, 3.99417778851e-08, 3.29469820315e-08, 6.16327540115e-08, 2.06530881286e-08, 1.39773286278e-08, 2.55468677324e-08, 1.6676287018e-08, 1.12954792186e-08, 3.51681017641e-09, 1.248335324e-09, 1.84856352448e-09, 1.42562339711e-09, 6.43256947708e-10, 3.11330489167e-10, 3.03771174881e-10, 4.18780482514e-10, 1.7991522161e-10, 6.73293851228e-11, 2.85122394444e-11, 2.59586119961e-11, 1.21727419811e-11, 9.52326672382e-12, 1.18787766082e-11, 1.76959939757e-11, 2.14451425368e-11, 2.78568106082e-11, 2.38896437355e-11]
    },
    "mfcc": {
        "mean": [-631.768920898, 100.470878601, 1.55299246311, 10.348151207, 2.28208518028, 6.32094097137, 12.4042549133, 6.61880397797, 5.92663383484, 6.48754024506, -4.14421033859, 0.349867790937, -3.69098782539],
        "cov": [[5133.31298828, -348.265136719, 439.047149658, 353.349945068, 311.563171387, 46.6284294128, 256.844573975, -54.5936775208, -1.51133704185, 127.941398621, 15.0039768219, 135.264129639, 80.5366516113], [-348.265136719, 736.586853027, 19.8098163605, 2.84486651421, -3.24377155304, -11.505446434, 49.2894210815, 12.5547971725, -43.3674659729, 34.7484588623, -7.07253932953, 28.4795322418, -35.5529289246], [439.047149658, 19.8098163605, 902.985290527, 320.849029541, 253.680252075, 206.667068481, 22.9888954163, 52.5351791382, -1.0556511879, 4.82836341858, 64.813659668, 71.6467590332, 108.91078949], [353.349945068, 2.84486651421, 320.849029541, 395.737640381, 236.053024292, 149.771789551, 32.4070701599, 42.5967903137, 58.9035606384, 19.0215950012, 30.3851146698, 70.6513595581, 95.5611343384], [311.563171387, -3.24377155304, 253.680252075, 236.053024292, 338.091888428, 99.4405136108, 10.3543300629, 31.0469875336, 66.3245010376, 31.0433483124, 21.2745609283, 86.4789657593, 89.7471084595], [46.6284294128, -11.505446434, 206.667068481, 149.771789551, 99.4405136108, 341.548034668, 106.515441895, 86.8625411987, 26.4732322693, 20.4218387604, 68.5017471313, -11.229642868, 37.9431762695], [256.844573975, 49.2894210815, 22.9888954163, 32.4070701599, 10.3543300629, 106.515441895, 301.482147217, 79.5445404053, 33.4864273071, 72.8779220581, 43.1558074951, 33.105796814, 2.32355213165], [-54.5936775208, 12.5547971725, 52.5351791382, 42.5967903137, 31.0469875336, 86.8625411987, 79.5445404053, 140.584762573, 65.2004318237, 42.5938034058, 41.7500228882, 6.57562923431, 20.0024738312], [-1.51133704185, -43.3674659729, -1.0556511879, 58.9035606384, 66.3245010376, 26.4732322693, 33.4864273071, 65.2004318237, 148.903564453, 54.9081077576, 32.3460083008, 36.9313201904, 17.0760650635], [127.941398621, 34.7484588623, 4.82836341858, 19.0215950012, 31.0433483124, 20.4218387604, 72.8779220581, 42.5938034058, 54.9081077576, 109.892448425, 46.250617981, 27.8709278107, 2.39086842537], [15.0039768219, -7.07253932953, 64.813659668, 30.3851146698, 21.2745609283, 68.5017471313, 43.1558074951, 41.7500228882, 32.3460083008, 46.250617981, 107.468261719, 34.1422996521, 22.9753665924], [135.264129639, 28.4795322418, 71.6467590332, 70.6513595581, 86.4789657593, -11.229642868, 33.105796814, 6.57562923431, 36.9313201904, 27.8709278107, 34.1422996521, 117.18031311, 51.3404159546], [80.5366516113, -35.5529289246, 108.91078949, 95.5611343384, 89.7471084595, 37.9431762695, 2.32355213165, 20.0024738312, 17.0760650635, 2.39086842537, 22.9753665924, 51.3404159546, 110.369468689]],
