{
"lowlevel": {
    "average_loudness": 0.966049134731,
    "barkbands_crest": {
        "dmean": 2.89818096161,
        "dmean2": 4.80836057663,
        "dvar": 6.81635093689,
        "dvar2": 17.7737960815,
        "max": 26.841966629,
        "mean": 9.83475971222,
        "median": 9.07581710815,
        "min": 2.63496685028,
        "var": 14.549782753
    },
    "barkbands_flatness_db": {
        "dmean": 0.0211374666542,
        "dmean2": 0.0329838693142,
        "dvar": 0.000370964466128,
        "dvar2": 0.000850699434523,
        "max": 0.407388478518,
        "mean": 0.129612550139,
        "median": 0.124994471669,
        "min": 0.0274022202939,
        "var": 0.00166527158581
    },
    "barkbands_kurtosis": {
        "dmean": 2.78390932083,
        "dmean2": 4.43258190155,
        "dvar": 53.6886405945,
        "dvar2": 120.696075439,
        "max": 437.331787109,
        "mean": 3.85291743279,
        "median": 1.82689404488,
        "min": -1.93345618248,
        "var": 69.3520736694
    },
    "barkbands_skewness": {
        "dmean": 0.575275123119,
        "dmean2": 0.876162409782,
        "dvar": 0.403319835663,
        "dvar2": 0.833439052105,
        "max": 20.3664016724,
        "mean": 1.46008837223,
        "median": 1.37409830093,
        "min": -5.55721616745,
        "var": 1.47323691845
    },
    "barkbands_spread": {
        "dmean": 5.30632686615,
        "dmean2": 8.13944244385,
        "dvar": 54.4398880005,
        "dvar2": 111.457649231,
        "max": 109.649848938,
        "mean": 20.9249725342,
        "median": 18.645904541,
        "min": 0.850285589695,
        "var": 182.353851318
    },
    "dissonance": {
        "dmean": 0.0189703758806,
        "dmean2": 0.0325996987522,
        "dvar": 0.000332085968694,
        "dvar2": 0.000918956182431,
        "max": 0.500000059605,
        "mean": 0.467858493328,
        "median": 0.473792493343,
        "min": 0.282388776541,
        "var": 0.00058273045579
    },
    "dynamic_complexity": 1.76566016674,
    "erbbands_crest": {
        "dmean": 2.86714076996,
        "dmean2": 4.68929052353,
        "dvar": 7.12315177917,
        "dvar2": 18.0308017731,
        "max": 30.6522789001,
        "mean": 9.46467876434,
        "median": 8.46758174896,
        "min": 1.69833922386,
        "var": 21.0542507172
    },
    "erbbands_flatness_db": {
        "dmean": 0.0177531391382,
        "dmean2": 0.0260242968798,
        "dvar": 0.000291064265184,
        "dvar2": 0.000576734135393,
        "max": 0.399961382151,
        "mean": 0.153078347445,
        "median": 0.144989699125,
        "min": 0.0270979441702,
        "var": 0.00255373073742
    },
    "erbbands_kurtosis": {
        "dmean": 1.08418917656,
        "dmean2": 1.7124004364,
        "dvar": 3.27303957939,
        "dvar2": 7.33657741547,
        "max": 65.0296859741,
        "mean": 1.08400809765,
        "median": 0.281868815422,
        "min": -1.77239859104,
        "var": 8.01847553253
    },
    "erbbands_skewness": {
        "dmean": 0.364813327789,
        "dmean2": 0.569031059742,
        "dvar": 0.139347165823,
        "dvar2": 0.308313935995,
        "max": 6.71635341644,
        "mean": 0.315325170755,
        "median": 0.288655370474,
        "min": -4.56064319611,
        "var": 0.547547340393
    },
    "erbbands_spread": {
        "dmean": 7.744181633,
        "dmean2": 11.8180685043,
        "dvar": 78.7780609131,
        "dvar2": 166.43611145,
        "max": 154.322525024,
        "mean": 35.7368812561,
        "median": 33.0810394287,
        "min": 1.55925369263,
        "var": 406.234588623
    },
    "hfc": {
        "dmean": 9.64435482025,
        "dmean2": 14.2998476028,
        "dvar": 287.78805542,
        "dvar2": 619.062927246,
        "max": 472.583068848,
        "mean": 28.93176651,
        "median": 22.7403144836,
        "min": 1.21023405759e-16,
        "var": 727.880249023
    },
    "melbands_crest": {
        "dmean": 3.67245388031,
        "dmean2": 6.09161758423,
        "dvar": 10.7912025452,
        "dvar2": 26.440164566,
        "max": 39.6981811523,
        "mean": 14.2109375,
        "median": 13.4738607407,
        "min": 1.58588933945,
        "var": 26.720949173
    },
    "melbands_flatness_db": {
        "dmean": 0.0253958124667,
        "dmean2": 0.038940154016,
        "dvar": 0.000561318476684,
        "dvar2": 0.00120966497343,
        "max": 0.392608374357,
        "mean": 0.192673847079,
        "median": 0.18863068521,
        "min": 0.00187541299965,
        "var": 0.0027565122582
    },
    "melbands_kurtosis": {
        "dmean": 6.89331674576,
        "dmean2": 10.9815692902,
        "dvar": 158.922668457,
        "dvar2": 365.676727295,
        "max": 451.119934082,
        "mean": 11.9987659454,
        "median": 6.70836830139,
        "min": -1.91001832485,
        "var": 286.136993408
    },
    "melbands_skewness": {
        "dmean": 0.787769019604,
        "dmean2": 1.21831607819,
        "dvar": 0.699363291264,
        "dvar2": 1.52823579311,
        "max": 19.958480835,
        "mean": 2.48677992821,
        "median": 2.27120876312,
        "min": -2.00950932503,
        "var": 2.75856399536
    },
    "melbands_spread": {
        "dmean": 7.2644610405,
        "dmean2": 11.1873025894,
        "dvar": 185.238128662,
        "dvar2": 354.742980957,
        "max": 291.579101562,
        "mean": 23.3607177734,
        "median": 18.944934845,
        "min": 1.01350414753,
        "var": 522.809448242
    },
    "pitch_salience": {
        "dmean": 0.0801289603114,
        "dmean2": 0.130002006888,
        "dvar": 0.00525437109172,
        "dvar2": 0.0127271926031,
        "max": 0.958631634712,
        "mean": 0.559151947498,
        "median": 0.568447053432,
        "min": 0.0147142140195,
        "var": 0.0127157466486
    },
    "silence_rate_20dB": {
        "dmean": 0,
        "dmean2": 0,
        "dvar": 0,
        "dvar2": 0,
        "max": 1,
        "mean": 1,
        "median": 1,
        "min": 1,
        "var": 0
    },
    "silence_rate_30dB": {
        "dmean": 0.00540888588876,
        "dmean2": 0.0108191650361,
        "dvar": 0.00538059137762,
        "dvar2": 0.0153365619481,
        "max": 1,
        "mean": 0.996909618378,
        "median": 1,
        "min": 0,
        "var": 0.00308083067648
    },
    "silence_rate_60dB": {
        "dmean": 0.00746941426769,
        "dmean2": 0.0149407526478,
        "dvar": 0.0074144504033,
        "dvar2": 0.0185835044831,
        "max": 1,
        "mean": 0.00721091916785,
        "median": 0,
        "min": 0,
        "var": 0.00715948687866
    },
    "spectral_centroid": {
        "dmean": 229.884078979,
        "dmean2": 351.578979492,
        "dvar": 101279.796875,
        "dvar2": 189826.34375,
        "max": 10923.9541016,
        "mean": 1224.68994141,
        "median": 1160.28417969,
        "min": 295.229400635,
        "var": 361014.4375
    },
    "spectral_complexity": {
        "dmean": 3.80115914345,
        "dmean2": 5.78052568436,
        "dvar": 12.794169426,
        "dvar2": 26.9845600128,
        "max": 52,
        "mean": 21.6236152649,
        "median": 21,
        "min": 0,
        "var": 57.1196327209
    },
    "spectral_decrease": {
        "dmean": 3.30981331231e-09,
        "dmean2": 5.12384001894e-09,
        "dvar": 1.54935792553e-17,
        "dvar2": 3.65130161701e-17,
        "max": -3.60809696697e-30,
        "mean": -9.48909395504e-09,
        "median": -8.88614071215e-09,
        "min": -3.98966655268e-08,
        "var": 3.19533484795e-17
    },
    "spectral_energy": {
        "dmean": 0.0130877932534,
        "dmean2": 0.0202504210174,
        "dvar": 0.000231939309742,
        "dvar2": 0.00054741644999,
        "max": 0.154606372118,
        "mean": 0.038438141346,
        "median": 0.0361458808184,
        "min": 1.09907932276e-20,
        "var": 0.000483556010295
    },
    "spectral_energyband_high": {
        "dmean": 0.000518309243489,
        "dmean2": 0.000735611829441,
        "dvar": 2.97173187391e-06,
        "dvar2": 6.02163891017e-06,
        "max": 0.0508671142161,
        "mean": 0.00112108991016,
        "median": 0.000485697353724,
        "min": 8.04580164137e-21,
        "var": 7.49210448703e-06
    },
    "spectral_energyband_low": {
        "dmean": 0.00779230101034,
        "dmean2": 0.0122156888247,
        "dvar": 0.000178382790182,
        "dvar2": 0.0004160500539,
        "max": 0.132704153657,
        "mean": 0.0141147803515,
        "median": 0.00927638355643,
        "min": 1.68771647299e-23,
        "var": 0.000282468710793
    },
    "spectral_energyband_middle_high": {
        "dmean": 0.00333145284094,
        "dmean2": 0.0051491651684,
        "dvar": 2.26315823966e-05,
        "dvar2": 5.39241227671e-05,
        "max": 0.0767519101501,
        "mean": 0.00919898226857,
        "median": 0.00553472992033,
        "min": 1.74540501271e-21,
        "var": 8.33169760881e-05
    },
    "spectral_energyband_middle_low": {
        "dmean": 0.0068800249137,
        "dmean2": 0.0111093623564,
        "dvar": 9.58976888796e-05,
        "dvar2": 0.0002421575482,
        "max": 0.122978642583,
        "mean": 0.015461107716,
        "median": 0.0121168140322,
        "min": 2.51985977794e-22,
        "var": 0.000160147887073
    },
    "spectral_entropy": {
        "dmean": 0.147587046027,
        "dmean2": 0.217876955867,
        "dvar": 0.0210907235742,
        "dvar2": 0.0409237146378,
        "max": 9.7962846756,
        "mean": 7.63221502304,
        "median": 7.63672780991,
        "min": 6.29377698898,
        "var": 0.128361180425
    },
    "spectral_flux": {
        "dmean": 0.03096450679,
        "dmean2": 0.046623557806,
        "dvar": 0.00109082658309,
        "dvar2": 0.00198544166051,
        "max": 0.344680011272,
        "mean": 0.111161462963,
        "median": 0.100302241743,
        "min": 1.04836986314e-10,
        "var": 0.00254295696504
    },
    "spectral_kurtosis": {
        "dmean": 1.24674940109,
        "dmean2": 2.0484893322,
        "dvar": 1.92273449898,
        "dvar2": 5.25977230072,
        "max": 24.9450759888,
        "mean": 4.62752723694,
        "median": 4.29962348938,
        "min": -1.50361216068,
        "var": 6.32284641266
    },
    "spectral_rms": {
        "dmean": 0.00101348897442,
        "dmean2": 0.00152955949306,
        "dvar": 1.03079207747e-06,
        "dvar2": 2.26094584832e-06,
        "max": 0.0122815100476,
        "mean": 0.00585422990844,
        "median": 0.00593837257475,
        "min": 3.27455727464e-12,
        "var": 3.22877190229e-06
    },
    "spectral_rolloff": {
        "dmean": 441.113098145,
        "dmean2": 729.17755127,
        "dvar": 1041327.375,
        "dvar2": 1982627.375,
        "max": 18755.4199219,
        "mean": 1442.57983398,
        "median": 1162.79296875,
        "min": 21.533203125,
        "var": 2813257.5
    },
    "spectral_skewness": {
        "dmean": 0.182636082172,
        "dmean2": 0.286654770374,
        "dvar": 0.0338150411844,
        "dvar2": 0.0748496949673,
        "max": 3.60903573036,
        "mean": 1.68421125412,
        "median": 1.67926108837,
        "min": -0.484472543001,
        "var": 0.171172201633
    },
    "spectral_spread": {
        "dmean": 547387.5625,
        "dmean2": 763343.625,
        "dvar": 695387947008,
        "dvar2": 1.07595313971e+12,
        "max": 39662852,
        "mean": 4894943,
        "median": 4493255,
        "min": 2057475.75,
        "var": 3.77069371392e+12
    },
    "spectral_strongpeak": {
        "dmean": 0.722038805485,
        "dmean2": 1.21519434452,
        "dvar": 1.34936892986,
        "dvar2": 3.29979634285,
        "max": 17.77394104,
        "mean": 1.18108856678,
        "median": 0.597221136093,
        "min": 0,
        "var": 2.19615340233
    },
    "zerocrossingrate": {
        "dmean": 0.0107866451144,
        "dmean2": 0.0122118107975,
        "dvar": 0.000310571922455,
        "dvar2": 0.000276609585853,
        "max": 0.728515625,
        "mean": 0.0622755400836,
        "median": 0.0537109375,
        "min": 0.005859375,
        "var": 0.00211585126817
    },
    "barkbands": {
        "dmean": [0.00017628223577, 0.00523102935404, 0.00368585763499, 0.00151880411431, 0.00374027434736, 0.00134825438727, 0.00107143016066, 0.000855312100612, 0.00132802489679, 0.00125916255638, 0.000836427148897, 0.00106800661888, 0.000684804050252, 0.000542312220205, 0.000678544747643, 0.000312043965096, 0.000261397275608, 0.000170527171576, 0.000132907152874, 9.97937604552e-05, 8.14536469989e-05, 6.30663780612e-05, 0.000106637911813, 0.000140412375913, 0.000137954513775, 5.2784645959e-05, 1.82449127806e-06],
        "dmean2": [0.000276022299659, 0.00825460534543, 0.00639122445136, 0.00255240849219, 0.00629280786961, 0.00222693779506, 0.00188112701289, 0.00143119483255, 0.0021556566935, 0.00207397458144, 0.0013593804324, 0.00169972970616, 0.00113354623318, 0.000880835985299, 0.00109441613313, 0.000514308572747, 0.00041444512317, 0.00027040214627, 0.000211700535147, 0.000162410302437, 0.000128022758872, 9.72198176896e-05, 0.000160883821081, 0.00020504949498, 0.000203319068532, 7.82096540206e-05, 2.92756499221e-06],
        "dvar": [1.44994672269e-07, 0.000107384206785, 5.31086952833e-05, 7.05721186023e-06, 4.64609947812e-05, 4.9722402764e-06, 9.35367643251e-06, 4.47275988336e-06, 9.02227020561e-06, 8.64706908033e-06, 4.76314880871e-06, 5.32115745955e-06, 2.54073597716e-06, 1.51815402205e-06, 2.19417165681e-06, 5.95577773765e-07, 4.64329815486e-07, 1.8368038468e-07, 5.07168778086e-08, 2.50899372389e-08, 1.89022610897e-08, 3.22218447479e-08, 1.87161163012e-07, 5.06532785494e-07, 4.85077578105e-07, 3.52814524263e-08, 3.05441054393e-11],
        "dvar2": [3.26463322153e-07, 0.000252253346844, 0.000147696948261, 1.90904229385e-05, 0.00012713947217, 1.26304021251e-05, 2.68642706942e-05, 1.09586244434e-05, 2.18767963815e-05, 2.22053513426e-05, 1.18427715279e-05, 1.21303937703e-05, 6.61996000417e-06, 3.7050829178e-06, 5.48390926269e-06, 1.48063236338e-06, 1.05924266336e-06, 4.02153006007e-07, 1.20827039041e-07, 6.28635561384e-08, 4.30098978654e-08, 6.22713471898e-08, 4.25353448463e-07, 1.13164969662e-06, 1.07361074697e-06, 8.4961975233e-08, 7.0838973576e-11],
        "max": [0.00685024121776, 0.105090811849, 0.0763595029712, 0.0625261515379, 0.0865408331156, 0.0498686283827, 0.0484025590122, 0.0504631139338, 0.0701861232519, 0.0664869844913, 0.0569624379277, 0.0536432042718, 0.035581048578, 0.0238340515643, 0.0299954339862, 0.0207354016602, 0.0200777463615, 0.0130742229521, 0.00542364222929, 0.00305172754452, 0.00447837729007, 0.00838605780154, 0.0116668874398, 0.0240767374635, 0.018231453374, 0.0074021006003, 0.000173175794771],
        "mean": [0.000201364455279, 0.00765497609973, 0.00512332981452, 0.00221211905591, 0.00591659592465, 0.00221434049308, 0.00129281822592, 0.00117494608276, 0.00190345640294, 0.0018861296121, 0.00135375687387, 0.00174099812284, 0.0011405129917, 0.000833287020214, 0.0011364914244, 0.00046225215192, 0.000430661340943, 0.000295250298223, 0.000254321028478, 0.000195362910745, 0.000161515345098, 0.000114114256576, 0.000190289312741, 0.00024147053773, 0.000226037562243, 7.99953486421e-05, 1.84676662229e-06],
        "median": [3.92550937249e-05, 0.00331087224185, 0.00210937578231, 0.00126824085601, 0.00343722105026, 0.00120410509408, 0.000476829125546, 0.000362138031051, 0.000698190182447, 0.000669371220283, 0.000366264721379, 0.000679343356751, 0.000353175448254, 0.000372078677174, 0.000407139537856, 0.000205878692213, 0.000177956419066, 0.000147648301208, 0.000159863935551, 0.000130661675939, 9.3256632681e-05, 4.94655614602e-05, 7.19498639228e-05, 6.09562266618e-05, 4.73003383377e-05, 1.68995466083e-05, 1.99737414164e-07],
        "min": [3.09848391922e-24, 3.50855708915e-24, 9.59488126918e-24, 1.09777157819e-23, 1.2270356514e-22, 5.40944705013e-23, 2.46872127023e-23, 1.55465078441e-23, 1.27589794831e-23, 1.92182325284e-23, 7.38110390853e-23, 5.40922616908e-23, 6.59075047848e-23, 1.95041744117e-22, 1.45385562841e-22, 1.98225245943e-22, 2.54514396902e-22, 2.43172217916e-22, 3.50402547768e-22, 3.70060961526e-22, 4.17530420373e-22, 5.77883249429e-22, 6.72784150338e-22, 8.82463984791e-22, 1.28310586506e-21, 1.55748587477e-21, 2.62724396723e-21],
        "var": [2.02688610784e-07, 0.000141529773828, 5.49446885998e-05, 9.24539654079e-06, 6.2033526774e-05, 9.85121914709e-06, 7.95941377874e-06, 7.0041487561e-06, 1.41264181366e-05, 1.37901224662e-05, 1.14697904792e-05, 1.18059024317e-05, 5.04467880091e-06, 2.25868620873e-06, 4.76407785754e-06, 7.97886571036e-07, 1.13464727747e-06, 3.76212483388e-07, 1.00255604707e-07, 4.56274911187e-08, 4.18623784526e-08, 6.75314950627e-08, 3.36436158932e-07, 1.02454862372e-06, 8.97375912245e-07, 5.89286521802e-08, 3.92934226823e-11]
    },
    "erbbands": {
        "dmean": [0.117713153362, 1.37877678871, 4.17642402649, 4.20858430862, 9.61507034302, 13.2390050888, 12.9050121307, 9.88694763184, 14.0293073654, 15.9007492065, 20.6298694611, 27.1493034363, 40.8347969055, 34.9487457275, 31.9674301147, 43.657119751, 32.6388816833, 26.2435855865, 32.5380554199, 24.972782135, 14.9560489655, 12.6649551392, 9.17851543427, 7.64753103256, 5.55946159363, 4.56893253326, 4.10147428513, 2.5697426796, 2.16877532005, 2.5654528141, 3.33268690109, 3.11441993713, 2.29512619972, 1.75652682781, 0.946068882942, 0.328106015921, 0.0798903256655, 0.0098140835762, 0.000341614999343, 2.4842154744e-05],
        "dmean2": [0.184188693762, 2.20133709908, 7.1656537056, 7.11211490631, 15.8542737961, 22.5706157684, 21.5109386444, 16.5455245972, 24.7121181488, 27.5137138367, 34.0607185364, 44.1828117371, 66.7464141846, 56.829864502, 50.8630218506, 69.6338424683, 53.4217338562, 42.1945762634, 52.8024291992, 39.9499435425, 23.8478298187, 19.6237945557, 14.2119989395, 12.2094526291, 8.86189174652, 7.35158729553, 6.45222043991, 4.05311203003, 3.36382937431, 3.90717625618, 5.07320785522, 4.66975641251, 3.38262891769, 2.58446884155, 1.40263605118, 0.492655456066, 0.117881208658, 0.0146907279268, 0.000519205408636, 3.7212499592e-05],
        "dvar": [0.0703716278076, 7.37273216248, 68.1415328979, 57.1610946655, 316.196044922, 692.856933594, 577.09588623, 323.834655762, 1395.58483887, 1825.41040039, 2702.29516602, 4167.78125, 12520.5126953, 6774.18945312, 5212.4609375, 8582.68554688, 6153.07421875, 3643.50561523, 5678.42919922, 2820.21289062, 1570.73364258, 1020.48803711, 469.542022705, 245.634857178, 64.7919998169, 55.9918060303, 46.8952217102, 24.4339790344, 35.6901092529, 70.2802505493, 214.416900635, 246.481964111, 139.124450684, 79.0946884155, 24.9747638702, 2.01017975807, 0.0481535419822, 0.000715306960046, 1.2671564491e-06, 2.0591377492e-09],
        "dvar2": [0.164547711611, 18.0569953918, 187.379776001, 152.352005005, 830.385192871, 1918.71032715, 1511.20483398, 860.187255859, 4038.24658203, 5108.57958984, 6428.71630859, 10255.1953125, 30140.4433594, 17107.0820312, 12375.171875, 20538.6542969, 15970.1357422, 8986.20214844, 14465.0234375, 6946.46484375, 3805.07275391, 2252.42456055, 902.299194336, 587.937561035, 157.512496948, 137.406768799, 113.443313599, 51.2112846375, 68.7231903076, 152.867874146, 495.380737305, 584.179260254, 304.180328369, 173.706375122, 59.6456756592, 4.91219902039, 0.107806675136, 0.00159676466137, 2.91335254587e-06, 4.61976767951e-09],
        "max": [2.8676841259, 25.6212615967, 81.2484436035, 225.247573853, 386.506622314, 323.808685303, 556.639099121, 232.350631714, 618.128295898, 754.804626465, 1150.58972168, 1360.29516602, 3767.65161133, 1915.40246582, 1830.47839355, 1897.56188965, 1953.89855957, 1383.66491699, 1809.68920898, 989.477600098, 1352.68286133, 1348.03344727, 803.37097168, 373.757232666, 135.572647095, 170.905227661, 163.66784668, 244.986038208, 331.959991455, 294.28704834, 401.537902832, 512.608947754, 374.395111084, 274.956054688, 153.780258179, 57.8315544128, 5.83099126816, 0.582602441311, 0.0400927886367, 0.00127513147891],
        "mean": [0.147223338485, 1.9799093008, 6.12095546722, 6.78322315216, 14.0802021027, 19.90899086, 21.017950058, 15.3746547699, 17.8196792603, 20.0888519287, 30.5866184235, 39.5095939636, 62.2448425293, 59.0345916748, 57.8074417114, 72.9732971191, 57.7116546631, 44.9164581299, 58.4100799561, 41.3585014343, 25.5877246857, 22.9081401825, 17.0416564941, 14.5030612946, 11.3991098404, 9.234998703, 8.16720867157, 5.05311203003, 3.9313185215, 4.58061313629, 5.7882733345, 5.16092014313, 3.88363862038, 2.81936717033, 1.44286870956, 0.491677314043, 0.118090748787, 0.0132479285821, 0.000447168771643, 6.35581091046e-05],
        "median": [0.0433046109974, 0.886939167976, 2.98177957535, 4.24959754944, 7.4989490509, 10.7065505981, 9.98450660706, 8.18334007263, 8.06377124786, 6.38341140747, 10.665473938, 15.1792488098, 24.2913703918, 21.160276413, 22.1400108337, 31.5750808716, 20.3062343597, 21.9004859924, 21.7408180237, 18.6713905334, 11.8787307739, 10.1544122696, 8.6385717392, 8.6574306488, 7.86082363129, 6.18322277069, 4.82711458206, 2.74152994156, 1.72558403015, 1.90530729294, 2.02692556381, 1.37103295326, 0.940997004509, 0.626934111118, 0.266188085079, 0.0979947596788, 0.0263621136546, 0.0026450464502, 9.6608462627e-05, 5.15179417562e-05],
        "min": [2.39215973191e-22, 4.67769020812e-22, 7.79613365246e-21, 2.43718346952e-20, 2.23951964717e-19, 4.18433293667e-19, 5.51175257562e-19, 3.7554123887e-19, 4.3670178429e-19, 2.85815355164e-19, 3.47784495482e-19, 2.44546280428e-19, 5.94337180034e-19, 1.71833351252e-18, 2.58577941614e-18, 2.00355717506e-18, 3.39546453835e-18, 9.71240320084e-18, 8.42713492814e-18, 8.57828812301e-18, 1.09038253515e-17, 1.35414942211e-17, 1.39899783143e-17, 1.29867008755e-17, 1.92435975992e-17, 1.84466140421e-17, 1.7966346361e-17, 1.71317889518e-17, 2.12221408326e-17, 1.54264006091e-17, 2.27751459629e-17, 2.16049583657e-17, 1.31200564523e-17, 1.35139515882e-17, 9.11093288049e-18, 5.01519522673e-18, 2.94490215383e-18, 1.45604136452e-18, 3.82949623532e-19, 3.73200918735e-20],
        "var": [0.0849500074983, 8.98916435242, 72.057434082, 71.7158203125, 460.554656982, 849.700317383, 1200.45629883, 514.193908691, 1116.80053711, 1957.96032715, 4654.96289062, 5898.14648438, 21136.546875, 13075.1210938, 15037.6308594, 17677.0820312, 12377.5742188, 5590.1953125, 13310.6328125, 4420.92041016, 2446.79858398, 3152.17480469, 1233.9654541, 476.01361084, 136.398925781, 105.359352112, 102.758865356, 52.986907959, 73.6354141235, 129.23614502, 370.610748291, 445.336395264, 281.272888184, 145.86491394, 39.5119895935, 3.26763319969, 0.0860801190138, 0.00110950367525, 1.70538635302e-06, 3.81142717387e-09]
    },
    "gfcc": {
        "mean": [32.3398132324, 84.5387878418, -117.467643738, 22.6631908417, -55.8258476257, 25.2507476807, -40.7021102905, 9.00298595428, -32.3791656494, 0.876781284809, -18.9774684906, -1.9260789156, -10.3274488449],
        "cov": [[2849.20678711, 62.7364196777, 499.399719238, 326.033111572, 84.4013824463, 79.5105285645, -126.575904846, 12.4373111725, -67.920135498, 87.6969909668, -18.0625743866, 112.463790894, -105.101242065], [62.7364196777, 1149.52746582, 168.288192749, 218.496871948, 239.349868774, -45.3649940491, 80.2449264526, -83.2083969116, 53.0121498108, -44.4452590942, 102.53528595, -56.8752174377, 58.8062820435], [499.399719238, 168.288192749, 1217.5637207, 507.067077637, 139.170379639, 136.233474731, -124.279006958, -14.3357553482, -3.82792830467, 22.921257019, -24.6253528595, 109.859817505, -63.3931083679], [326.033111572, 218.496871948, 507.067077637, 463.320709229, 148.460723877, 58.1680908203, -53.6948852539, -14.3081989288, 13.4131441116, -2.16594028473, 12.4257459641, 41.1451225281, -15.175992012], [84.4013824463, 239.349868774, 139.170379639, 148.460723877, 281.408905029, 92.3804092407, 58.5351371765, -13.9057798386, -0.0935490727425, 11.8137702942, 6.85406303406, -0.773010313511, 9.18688964844], [79.5105285645, -45.3649940491, 136.233474731, 58.1680908203, 92.3804092407, 234.256912231, 49.0546455383, -16.0335540771, -18.1314334869, 17.1299934387, 2.89705514908, -10.3131170273, 1.41897308826], [-126.575904846, 80.2449264526, -124.279006958, -53.6948852539, 58.5351371765, 49.0546455383, 174.350509644, 40.5407829285, 19.7321033478, 22.5720176697, 4.04775094986, -23.5370559692, 13.3846559525], [12.4373111725, -83.2083969116, -14.3357553482, -14.3081989288, -13.9057798386, -16.0335540771, 40.5407829285, 169.869400024, 73.6617660522, -2.68960738182, -2.83833312988, 6.17334127426, -2.3608007431], [-67.920135498, 53.0121498108, -3.82792830467, 13.4131441116, -0.0935490727425, -18.1314334869, 19.7321033478, 73.6617660522, 119.949897766, 15.1157646179, 9.68064022064, -3.16480517387, 5.39169359207], [87.6969909668, -44.4452590942, 22.921257019, -2.16594028473, 11.8137702942, 17.1299934387, 22.5720176697, -2.68960738182, 15.1157646179, 101.718513489, 17.0553779602, 15.1838140488, -12.9944143295], [-18.0625743866, 102.53528595, -24.6253528595, 12.4257459641, 6.85406303406, 2.89705514908, 4.04775094986, -2.83833312988, 9.68064022064, 17.0553779602, 90.3869247437, 12.7170724869, 13.9248809814], [112.463790894, -56.8752174377, 109.859817505, 41.1451225281, -0.773010313511, -10.3131170273, -23.5370559692, 6.17334127426, -3.16480517387, 15.1838140488, 12.7170724869, 85.7699432373, 2.3430056572], [-105.101242065, 58.8062820435, -63.3931083679, -15.175992012, 9.18688964844, 1.41897308826, 13.3846559525, -2.3608007431, 5.39169359207, -12.9944143295, 13.9248809814, 2.3430056572, 64.2491836548]],
        "icov": [[0.000494469073601, -0.000319847720675, 0.000177322406671, -0.00028397020651, 0.000162364332937, -0.000437416427303, 0.000601061852649, -0.000626590219326, 0.000667258922476, -0.000689987791702, 0.00055101478938, -0.000748138292693, 0.000760026625358], [-0.000319847720675, 0.00247466005385, -0.000909099471755, -2.30441037274e-05, -0.00167120341212, 0.00226363167167, -0.00212755380198, 0.00244530010968, -0.00196285545826, 0.00208933092654, -0.0031932303682, 0.00281324400567, -0.0017918527592], [0.000177322406671, -0.000909099471755, 0.00236232439056, -0.00186906184535, 0.000665798434056, -0.00186605646741, 0.00170262681786, -0.00110842182767, 0.00071397254942, -0.00108697602991, 0.00208770437166, -0.00277943955734, 0.00193123507779], [-0.00028397020651, -2.30441037274e-05, -0.00186906184535, 0.00504879048094, -0.00187025160994, 0.000463267293526, 0.00051184440963, 0.000500826747157, -0.00110596581362, 0.00105481746141, -0.00119762553368, 0.000432671833551, -0.000376144715119], [0.000162364332937, -0.00167120341212, 0.000665798434056, -0.00187025160994, 0.00655796891078, -0.00270179985091, -0.00069460447412, -0.000972543086391, 0.00131335400511, -0.00151232851204, 0.00227935030125, -0.00169559183996, 0.000393057824112], [-0.000437416427303, 0.00226363167167, -0.00186605646741, 0.000463267293526, -0.00270179985091, 0.00792343355715, -0.00370621006005, 0.00255473493598, -0.000798124063294, 0.00140148773789, -0.00342385657132, 0.0042684962973, -0.00250504887663], [0.000601061852649, -0.00212755380198, 0.00170262681786, 0.00051184440963, -0.00069460447412, -0.00370621006005, 0.010878845118, -0.00473474198952, 0.00203334121034, -0.00415722839534, 0.0031000149902, -0.00142267567571, 0.000840842025355], [-0.000626590219326, 0.00244530010968, -0.00110842182767, 0.000500826747157, -0.000972543086391, 0.00255473493598, -0.00473474198952, 0.0117362989113, -0.00782829336822, 0.00427557388321, -0.00272529828362, 0.00115355011076, -0.000667987682391], [0.000667258922476, -0.00196285545826, 0.00071397254942, -0.00110596581362, 0.00131335400511, -0.000798124063294, 0.00203334121034, -0.00782829336822, 0.0145280016586, -0.00468422891572, 0.00169134198222, -0.000406766863307, -6.83740436216e-05], [-0.000689987791702, 0.00208933092654, -0.00108697602991, 0.00105481746141, -0.00151232851204, 0.00140148773789, -0.00415722839534, 0.00427557388321, -0.00468422891572, 0.0143601270393, -0.00501484563574, -0.000136037095217, 0.00173334125429], [0.00055101478938, -0.0031932303682, 0.00208770437166, -0.00119762553368, 0.00227935030125, -0.00342385657132, 0.0031000149902, -0.00272529828362, 0.00169134198222, -0.00501484563574, 0.0168249085546, -0.00582865346223, 1.47004193423e-05], [-0.000748138292693, 0.00281324400567, -0.00277943955734, 0.000432671833551, -0.00169559183996, 0.0042684962973, -0.00142267567571, 0.00115355011076, -0.000406766863307, -0.000136037095217, -0.00582865346223, 0.0189026556909, -0.00537146721035], [0.000760026625358, -0.0017918527592, 0.00193123507779, -0.000376144715119, 0.000393057824112, -0.00250504887663, 0.000840842025355, -0.000667987682391, -6.83740436216e-05, 0.00173334125429, 1.47004193423e-05, -0.00537146721035, 0.0206128042191]]
    },
    "melbands": {
        "dmean": [0.00123637740035, 0.00200115982443, 0.000792182341684, 0.000876105739735, 0.000452329550171, 0.000228473771131, 0.000218498113099, 0.000172018742887, 0.000176009183633, 0.000183238633326, 0.000205736723728, 0.000144551013364, 0.000114687878522, 0.000128924439196, 8.90541050467e-05, 6.33285599179e-05, 5.10236095579e-05, 5.29764474777e-05, 4.78536967421e-05, 2.50980247074e-05, 1.88553676708e-05, 1.49382049131e-05, 1.15056463983e-05, 8.05746822152e-06, 6.6811085162e-06, 5.14462590218e-06, 3.51071571458e-06, 3.26185841004e-06, 2.99363864542e-06, 2.18196646529e-06, 1.44038926919e-06, 1.29738987198e-06, 1.40939471294e-06, 1.55119778356e-06, 2.01741886485e-06, 2.07600305657e-06, 2.00953718377e-06, 1.73791283942e-06, 1.51556309902e-06, 1.60813499406e-06],
        "dmean2": [0.00194805150386, 0.00329022132792, 0.00131595099811, 0.00147945119534, 0.000757012167014, 0.000380917626899, 0.000383877777494, 0.000295338133583, 0.000289064249955, 0.000297220452921, 0.000336502591381, 0.0002354367316, 0.000184501346666, 0.000205926553463, 0.000144213874592, 0.00010335357365, 8.23923255666e-05, 8.67603885126e-05, 7.64013529988e-05, 4.1058880015e-05, 3.0341963793e-05, 2.34802409977e-05, 1.81019313459e-05, 1.27650255308e-05, 1.08332624222e-05, 8.31111992738e-06, 5.74339946979e-06, 5.33979164175e-06, 4.781853022e-06, 3.51171479451e-06, 2.28166049965e-06, 2.03972331292e-06, 2.2197978069e-06, 2.37006292991e-06, 3.13376358463e-06, 3.21645779877e-06, 3.05355570163e-06, 2.59113653556e-06, 2.35592915487e-06, 2.36996856984e-06],
        "dvar": [6.66055439069e-06, 1.41833534144e-05, 1.5739714172e-06, 2.95505697068e-06, 6.61772503463e-07, 1.57470950057e-07, 3.51405276433e-07, 1.95064572495e-07, 1.98354570102e-07, 1.91694013552e-07, 3.09060908421e-07, 1.18860619125e-07, 7.79036923859e-08, 8.62930633616e-08, 3.91056609317e-08, 1.99542107282e-08, 1.52374699525e-08, 1.50079966232e-08, 1.18522951453e-08, 3.26307492138e-09, 3.36916872179e-09, 1.67677527418e-09, 9.58046642019e-10, 3.54289958482e-10, 2.13010775685e-10, 5.93796609105e-11, 2.77372066287e-11, 2.96092352026e-11, 2.74813106299e-11, 1.54710688705e-11, 8.50976841077e-12, 1.26905499997e-11, 2.25654286923e-11, 2.40263382106e-11, 7.49356271479e-11, 9.46620143383e-11, 1.11776546352e-10, 8.04661545728e-11, 6.63606739004e-11, 6.56504919871e-11],
        "dvar2": [1.53468099597e-05, 3.71808964701e-05, 4.11363453168e-06, 8.2115029727e-06, 1.78746518031e-06, 4.16975552753e-07, 1.01615466974e-06, 5.41465738024e-07, 4.75137937883e-07, 4.71957605441e-07, 7.48291085984e-07, 3.02752340531e-07, 1.93644112301e-07, 1.94963590161e-07, 9.6063885735e-08, 4.9810470415e-08, 3.7254995533e-08, 3.81266787031e-08, 2.8901016691e-08, 8.03867017396e-09, 8.24669221799e-09, 3.83025167139e-09, 2.15815987303e-09, 7.673268132e-10, 5.22186405227e-10, 1.47464512823e-10, 7.01169608486e-11, 7.39726335741e-11, 6.78610848071e-11, 3.75810459141e-11, 1.7280460049e-11, 2.57399327547e-11, 4.92941173991e-11, 5.40170581875e-11, 1.75414252568e-10, 2.3176759123e-10, 2.59263333025e-10, 1.74649766871e-10, 1.6362773636e-10, 1.4082848776e-10],
        "max": [0.0276545397937, 0.0359186790884, 0.0314727909863, 0.0214576553553, 0.0147136133164, 0.00491550145671, 0.0097066136077, 0.00661452161148, 0.0102360732853, 0.00885312817991, 0.0181252826005, 0.0078836614266, 0.006731136702, 0.00818237476051, 0.0042738658376, 0.00387714989483, 0.00270211300813, 0.00268651754595, 0.00219808146358, 0.00108135968912, 0.00218147039413, 0.00181131123099, 0.00118575966917, 0.000791672850028, 0.000388455169741, 0.000130868138513, 8.47064875416e-05, 0.000124582948047, 0.000160425974173, 0.000108059728518, 0.000159218689078, 0.000225910975132, 0.000166404264746, 0.000171379782842, 0.00026209326461, 0.000261153880274, 0.00035626697354, 0.000287537521217, 0.00031741624116, 0.000233145459788],
        "mean": [0.00175285816658, 0.00310560083017, 0.00136418815237, 0.00131223641802, 0.000748489343096, 0.000362191494787, 0.000278068677289, 0.00021937067504, 0.000254259910434, 0.000263932568487, 0.000307195674395, 0.000232758698985, 0.000194424181245, 0.000207865348784, 0.000147807761095, 0.000106271589175, 7.90495541878e-05, 8.90401788638e-05, 7.65532095102e-05, 3.70966081391e-05, 2.92570603051e-05, 2.47879270319e-05, 1.85261724255e-05, 1.3859667888e-05, 1.14947097245e-05, 9.29932230065e-06, 6.58619774185e-06, 5.99728673478e-06, 5.47867557543e-06, 3.94510425394e-06, 2.55902409663e-06, 2.14140186472e-06, 2.28807334679e-06, 2.61649415734e-06, 3.29637737195e-06, 3.315745289e-06, 3.12680117531e-06, 2.80689118881e-06, 2.35109655478e-06, 2.45812248068e-06],
        "median": [0.000689627893735, 0.00173855107278, 0.000927872257307, 0.000695653026924, 0.000390100758523, 0.000196120352484, 0.00011996361718, 6.81766250636e-05, 8.54866812006e-05, 9.89805266727e-05, 0.000113409529149, 7.59989052312e-05, 6.13083248027e-05, 7.86500386312e-05, 5.71242380829e-05, 4.00357712351e-05, 3.49978581653e-05, 3.15842917189e-05, 2.84612906398e-05, 1.6889136532e-05, 1.19840788102e-05, 9.96942162601e-06, 7.91605998529e-06, 6.90598244546e-06, 6.40998314339e-06, 5.9292806327e-06, 4.51508185506e-06, 3.75917875317e-06, 3.08881044475e-06, 2.15649720303e-06, 1.27648070247e-06, 9.39840447245e-07, 9.00269583326e-07, 1.08704307422e-06, 1.18144600947e-06, 9.94795755105e-07, 7.4110658943e-07, 6.3590573518e-07, 6.0623221998e-07, 4.85966381802e-07],
        "min": [1.67442728274e-24, 2.87230527035e-24, 9.33009064002e-24, 2.38524795354e-23, 1.96426475841e-23, 9.47505960857e-24, 5.77886958653e-24, 3.0669060144e-24, 3.14844129706e-24, 1.42749705611e-24, 2.84867277257e-24, 6.23650041942e-24, 9.86662255179e-24, 6.46601673878e-24, 3.82576949763e-24, 1.25173040561e-23, 1.76163636857e-23, 1.33553977705e-23, 8.30334636224e-24, 1.77895738746e-23, 1.19787913146e-23, 1.47480417685e-23, 1.18874546324e-23, 1.24694146772e-23, 9.26094934826e-24, 1.67158063872e-23, 1.01928946333e-23, 1.31505960688e-23, 1.04822503911e-23, 1.16063053947e-23, 9.1923184495e-24, 1.23054964808e-23, 9.67095349286e-24, 8.31806019585e-24, 1.3896706235e-23, 1.27101513596e-23, 1.2955607008e-23, 8.13589485789e-24, 1.22054018648e-23, 1.07193504248e-23],
        "var": [8.71364591148e-06, 1.6630603568e-05, 2.41595739681e-06, 3.67540701518e-06, 1.22776555145e-06, 2.63233232545e-07, 2.89078400328e-07, 2.1564750341e-07, 3.34061724061e-07, 2.79310057749e-07, 5.16589523158e-07, 2.23138471256e-07, 2.16762103378e-07, 1.8810750646e-07, 7.48938617789e-08, 3.78551838764e-08, 2.24929976866e-08, 3.20708899437e-08, 2.10048600735e-08, 4.47429071571e-09, 4.76978856412e-09, 5.00261698733e-09, 2.16544449039e-09, 8.32677149454e-10, 3.63738233977e-10, 1.09326485365e-10, 4.85522802518e-11, 5.23509985362e-11, 5.4466306465e-11, 2.99202954079e-11, 1.7608222172e-11, 2.29529659168e-11, 3.86964522925e-11, 4.14777726054e-11, 1.19361617812e-10, 1.56501200888e-10, 1.92886817629e-10, 1.56742285817e-10, 1.09009308524e-10, 1.19588131064e-10]
    },
    "mfcc": {
        "mean": [-611.038024902, 118.796661377, -1.82143986225, 6.89762401581, 7.23006677628, 8.07145595551, 7.13453245163, 2.67397761345, -1.94099104404, 2.6365442276, -6.32412576675, -3.74019503593, -4.00051355362],
        "cov": [[1937.33325195, -30.3268909454, 217.816772461, 197.57585144, 134.489746094, 73.1150360107, 10.488697052, 7.35135793686, -63.2118301392, 1.82936227322, -4.96668958664, 40.5911979675, 100.760864258], [-30.3268909454, 871.45880127, 2.8005168438, 200.165893555, 95.9415817261, 82.0461349487, 71.0923995972, 2.54898309708, -4.87417507172, 26.9122962952, -1.93190693855, 12.197221756, 38.133644104], [217.816772461, 2.8005168438, 999.564086914, 334.243225098, 311.505462646, 156.464889526, -34.4648933411, 62.2650299072, -40.0882034302, -60.0963668823, 22.9628810883, 14.1899595261, 48.0897903442], [197.57585144, 200.165893555, 334.243225098, 418.858703613, 202.404449463, 79.3482971191, -3.43662142754, 33.5895690918, 1.2272837162, -39.4155387878, 18.0660400391, 31.2035636902, 33.342880249], [134.489746094, 95.9415817261, 311.505462646, 202.404449463, 307.091247559, 117.259567261, 27.8338928223, 50.3759994507, -10.6363668442, 1.06722402573, -15.2142419815, 3.56446552277, 35.5833129883], [73.1150360107, 82.0461349487, 156.464889526, 79.3482971191, 117.259567261, 280.521820068, 96.0766525269, -6.32039213181, -14.8000888824, 13.9105319977, -14.9935569763, -20.3488330841, 23.619682312], [10.488697052, 71.0923995972, -34.4648933411, -3.43662142754, 27.8338928223, 96.0766525269, 160.607635498, 20.3136310577, 6.73091983795, 33.4993972778, -10.5939712524, -1.8739991188, 8.06173706055], [7.35135793686, 2.54898309708, 62.2650299072, 33.5895690918, 50.3759994507, -6.32039213181, 20.3136310577, 123.129875183, 45.7255516052, 19.8135051727, 13.722779274, 5.44932031631, 8.33518981934], [-63.2118301392, -4.87417507172, -40.0882034302, 1.2272837162, -10.6363668442, -14.8000888824, 6.73091983795, 45.7255516052, 116.82598877, 41.218536377, 25.2626552582, 10.3338031769, -3.33216500282], [1.82936227322, 26.9122962952, -60.0963668823, -39.4155387878, 1.06722402573, 13.9105319977, 33.4993972778, 19.8135051727, 41.218536377, 106.770042419, 18.0223560333, 5.4958281517, 5.95105409622], [-4.96668958664, -1.93190693855, 22.9628810883, 18.0660400391, -15.2142419815, -14.9935569763, -10.5939712524, 13.722779274, 25.2626552582, 18.0223560333, 87.8380508423, 34.8858909607, 1.73574984074], [40.5911979675, 12.197221756, 14.1899595261, 31.2035636902, 3.56446552277, -20.3488330841, -1.8739991188, 5.44932031631, 10.3338031769, 5.4958281517, 34.8858909607, 77.7254104614, 24.0301456451], [100.760864258, 38.133644104, 48.0897903442, 33.342880249, 35.5833129883, 23.619682312, 8.06173706055, 8.33518981934, -3.33216500282, 5.95105409622, 1.73574984074, 24.0301456451, 72.1320419312]],
