{
"lowlevel": {
    "average_loudness": 0.894621431828,
    "barkbands_crest": {
        "dmean": 2.89056181908,
        "dmean2": 4.56371212006,
        "dvar": 6.30457353592,
        "dvar2": 14.2997541428,
        "max": 25.7590045929,
        "mean": 10.1830558777,
        "median": 9.0226020813,
        "min": 1.99391007423,
        "var": 21.6950588226
    },
    "barkbands_flatness_db": {
        "dmean": 0.0230100154877,
        "dmean2": 0.0338874682784,
        "dvar": 0.000428063096479,
        "dvar2": 0.000876377453096,
        "max": 0.308955192566,
        "mean": 0.120519503951,
        "median": 0.119538158178,
        "min": 0.0167938433588,
        "var": 0.00252654333599
    },
    "barkbands_kurtosis": {
        "dmean": 2.05259609222,
        "dmean2": 3.16359305382,
        "dvar": 12.9849042892,
        "dvar2": 26.1482696533,
        "max": 104.398155212,
        "mean": 2.59893059731,
        "median": 1.06418704987,
        "min": -1.7945202589,
        "var": 30.5419425964
    },
    "barkbands_skewness": {
        "dmean": 0.487493664026,
        "dmean2": 0.733987808228,
        "dvar": 0.238122701645,
        "dvar2": 0.490390151739,
        "max": 9.3126001358,
        "mean": 1.20619094372,
        "median": 1.05938088894,
        "min": -2.83265542984,
        "var": 1.06416428089
    },
    "barkbands_spread": {
        "dmean": 5.93905878067,
        "dmean2": 9.00858688354,
        "dvar": 47.6334266663,
        "dvar2": 99.7265853882,
        "max": 109.754745483,
        "mean": 23.1879234314,
        "median": 20.5972595215,
        "min": 1.88372504711,
        "var": 206.04737854
    },
    "dissonance": {
        "dmean": 0.0192797854543,
        "dmean2": 0.0330371409655,
        "dvar": 0.000352055882104,
        "dvar2": 0.000981754041277,
        "max": 0.500000178814,
        "mean": 0.471117436886,
        "median": 0.477580189705,
        "min": 0.310244828463,
        "var": 0.000574071891606
    },
    "dynamic_complexity": 3.51453828812,
    "erbbands_crest": {
        "dmean": 2.91514134407,
        "dmean2": 4.82344961166,
        "dvar": 6.93440675735,
        "dvar2": 17.4109592438,
        "max": 29.5061683655,
        "mean": 9.22080993652,
        "median": 8.32004547119,
        "min": 2.29465174675,
        "var": 20.408493042
    },
    "erbbands_flatness_db": {
        "dmean": 0.0191604159772,
        "dmean2": 0.0281838327646,
        "dvar": 0.000308336195303,
        "dvar2": 0.000608063826803,
        "max": 0.370470911264,
        "mean": 0.160007119179,
        "median": 0.148544192314,
        "min": 0.0496534518898,
        "var": 0.00384191377088
    },
    "erbbands_kurtosis": {
        "dmean": 1.0547876358,
        "dmean2": 1.71858477592,
        "dvar": 1.82718062401,
        "dvar2": 4.68862390518,
        "max": 22.2751865387,
        "mean": 1.04912126064,
        "median": 0.356799721718,
        "min": -1.66556894779,
        "var": 4.91474866867
    },
    "erbbands_skewness": {
        "dmean": 0.350702643394,
        "dmean2": 0.554506123066,
        "dvar": 0.0925259441137,
        "dvar2": 0.220712587237,
        "max": 3.76020717621,
        "mean": 0.517134904861,
        "median": 0.461105585098,
        "min": -2.99446487427,
        "var": 0.475528478622
    },
    "erbbands_spread": {
        "dmean": 7.26308965683,
        "dmean2": 11.0492963791,
        "dvar": 55.1260604858,
        "dvar2": 115.11504364,
        "max": 128.914901733,
        "mean": 32.3289909363,
        "median": 29.6563796997,
        "min": 4.26992464066,
        "var": 333.817382812
    },
    "hfc": {
        "dmean": 10.062251091,
        "dmean2": 14.4550285339,
        "dvar": 193.016235352,
        "dvar2": 409.255432129,
        "max": 280.87701416,
        "mean": 26.2541866302,
        "median": 18.695646286,
        "min": 1.19071444802e-16,
        "var": 619.865844727
    },
    "melbands_crest": {
        "dmean": 3.36745524406,
        "dmean2": 5.32442998886,
        "dvar": 8.19572734833,
        "dvar2": 19.462272644,
        "max": 32.6362304688,
        "mean": 13.6762056351,
        "median": 12.3634214401,
        "min": 1.62674844265,
        "var": 33.4038391113
    },
    "melbands_flatness_db": {
        "dmean": 0.0263899322599,
        "dmean2": 0.0387928560376,
        "dvar": 0.000596699712332,
        "dvar2": 0.00123750953935,
        "max": 0.400987565517,
        "mean": 0.174018859863,
        "median": 0.171312436461,
        "min": 0.00656695757061,
        "var": 0.00298050511628
    },
    "melbands_kurtosis": {
        "dmean": 5.08204126358,
        "dmean2": 7.78078269958,
        "dvar": 85.655166626,
        "dvar2": 179.758972168,
        "max": 209.83605957,
        "mean": 8.94398784637,
        "median": 4.64445114136,
        "min": -1.83844423294,
        "var": 225.410614014
    },
    "melbands_skewness": {
        "dmean": 0.670295715332,
        "dmean2": 1.01281261444,
        "dvar": 0.491500586271,
        "dvar2": 1.02336728573,
        "max": 12.8122329712,
        "mean": 2.06110239029,
        "median": 1.79181432724,
        "min": -1.33807766438,
        "var": 2.39486908913
    },
    "melbands_spread": {
        "dmean": 7.15104532242,
        "dmean2": 11.0645141602,
        "dvar": 79.9199295044,
        "dvar2": 165.831359863,
        "max": 262.030456543,
        "mean": 25.4135360718,
        "median": 22.7870025635,
        "min": 1.23917293549,
        "var": 270.80380249
    },
    "pitch_salience": {
        "dmean": 0.0761967673898,
        "dmean2": 0.120531663299,
        "dvar": 0.00439422158524,
        "dvar2": 0.0104036759585,
        "max": 0.909992277622,
        "mean": 0.562742948532,
        "median": 0.577911734581,
        "min": 0.0853552669287,
        "var": 0.0191412754357
    },
    "silence_rate_20dB": {
        "dmean": 0,
        "dmean2": 0,
        "dvar": 0,
        "dvar2": 0,
        "max": 1,
        "mean": 1,
        "median": 1,
        "min": 1,
        "var": 0
    },
    "silence_rate_30dB": {
        "dmean": 0.0103204129264,
        "dmean2": 0.0206433031708,
        "dvar": 0.0102141387761,
        "dvar2": 0.02717904374,
        "max": 1,
        "mean": 0.992680609226,
        "median": 1,
        "min": 0,
        "var": 0.00726571585983
    },
    "silence_rate_60dB": {
        "dmean": 0.0117604704574,
        "dmean2": 0.0235237646848,
        "dvar": 0.0116214295849,
        "dvar2": 0.025849474594,
        "max": 1,
        "mean": 0.123230144382,
        "median": 0,
        "min": 0,
        "var": 0.108056023717
    },
    "spectral_centroid": {
        "dmean": 242.0390625,
        "dmean2": 381.449432373,
        "dvar": 64969.484375,
        "dvar2": 134301.0625,
        "max": 11159.7490234,
        "mean": 1501.22302246,
        "median": 1459.95849609,
        "min": 347.498748779,
        "var": 225134.421875
    },
    "spectral_complexity": {
        "dmean": 4.73442935944,
        "dmean2": 7.09937572479,
        "dvar": 26.4116306305,
        "dvar2": 52.6199226379,
        "max": 60,
        "mean": 20.8366928101,
        "median": 20,
        "min": 0,
        "var": 111.18409729
    },
    "spectral_decrease": {
        "dmean": 2.49076181902e-09,
        "dmean2": 3.68424291075e-09,
        "dvar": 1.03134367698e-17,
        "dvar2": 2.24178006295e-17,
        "max": 1.01597836058e-28,
        "mean": -7.54300888417e-09,
        "median": -5.74139669141e-09,
        "min": -4.0598443718e-08,
        "var": 4.4289873813e-17
    },
    "spectral_energy": {
        "dmean": 0.0100259343162,
        "dmean2": 0.0148362638429,
        "dvar": 0.000162314550835,
        "dvar2": 0.000353362411261,
        "max": 0.155229836702,
        "mean": 0.0308504626155,
        "median": 0.0239332411438,
        "min": 1.04166765682e-20,
        "var": 0.000698806135915
    },
    "spectral_energyband_high": {
        "dmean": 0.000637519580778,
        "dmean2": 0.000891852425411,
        "dvar": 1.25900510284e-06,
        "dvar2": 2.60331012214e-06,
        "max": 0.0276619102806,
        "mean": 0.00115448352881,
        "median": 0.000516422907822,
        "min": 7.69733484467e-21,
        "var": 3.39123266713e-06
    },
    "spectral_energyband_low": {
        "dmean": 0.0056840851903,
        "dmean2": 0.00814195536077,
        "dvar": 0.000108070846181,
        "dvar2": 0.000220609363168,
        "max": 0.144037440419,
        "mean": 0.01257210318,
        "median": 0.00520384032279,
        "min": 3.85270325997e-23,
        "var": 0.000377365649911
    },
    "spectral_energyband_middle_high": {
        "dmean": 0.00367837888189,
        "dmean2": 0.00560010131449,
        "dvar": 3.50910886482e-05,
        "dvar2": 7.87294484326e-05,
        "max": 0.0955114513636,
        "mean": 0.00895954016596,
        "median": 0.00502488482744,
        "min": 1.19064530852e-21,
        "var": 0.0001159049134
    },
    "spectral_energyband_middle_low": {
        "dmean": 0.00488298758864,
        "dmean2": 0.00785694364458,
        "dvar": 5.51735683985e-05,
        "dvar2": 0.000135109745315,
        "max": 0.0955516174436,
        "mean": 0.00883937533945,
        "median": 0.00611192826182,
        "min": 2.27372634027e-22,
        "var": 8.45980102895e-05
    },
    "spectral_entropy": {
        "dmean": 0.147790253162,
        "dmean2": 0.220133319497,
        "dvar": 0.0197462253273,
        "dvar2": 0.0399341210723,
        "max": 9.79645729065,
        "mean": 7.76864242554,
        "median": 7.75985336304,
        "min": 6.33166646957,
        "var": 0.11921864748
    },
    "spectral_flux": {
        "dmean": 0.0255138929933,
        "dmean2": 0.0391755588353,
        "dvar": 0.000787956698332,
        "dvar2": 0.00168235739693,
        "max": 0.348166048527,
        "mean": 0.0957609787583,
        "median": 0.0871715173125,
        "min": 5.68517123156e-07,
        "var": 0.00309004937299
    },
    "spectral_kurtosis": {
        "dmean": 1.20532131195,
        "dmean2": 2.0156481266,
        "dvar": 1.76079773903,
        "dvar2": 5.2709403038,
        "max": 21.2284812927,
        "mean": 4.23189592361,
        "median": 3.58259797096,
        "min": -1.30412769318,
        "var": 6.66446447372
    },
    "spectral_rms": {
        "dmean": 0.000828866439406,
        "dmean2": 0.00121042237151,
        "dvar": 7.8764293221e-07,
        "dvar2": 1.607704462e-06,
        "max": 0.0123062478378,
        "mean": 0.00491979904473,
        "median": 0.00483213271946,
        "min": 3.18788506877e-12,
        "var": 5.89360388403e-06
    },
    "spectral_rolloff": {
        "dmean": 515.817382812,
        "dmean2": 834.889038086,
        "dvar": 833796.4375,
        "dvar2": 1746462.125,
        "max": 19358.3496094,
        "mean": 1650.81213379,
        "median": 1399.65820312,
        "min": 64.599609375,
        "var": 2064182.25
    },
    "spectral_skewness": {
        "dmean": 0.167851060629,
        "dmean2": 0.271390408278,
        "dvar": 0.0226704962552,
        "dvar2": 0.0587594285607,
        "max": 3.23296833038,
        "mean": 1.54921793938,
        "median": 1.51626193523,
        "min": -0.0870669931173,
        "var": 0.11582185328
    },
    "spectral_spread": {
        "dmean": 530156.8125,
        "dmean2": 735640.625,
        "dvar": 465884250112,
        "dvar2": 689800609792,
        "max": 41318096,
        "mean": 4736104,
        "median": 4605251,
        "min": 1844328.375,
        "var": 2.74569809101e+12
    },
    "spectral_strongpeak": {
        "dmean": 0.625678539276,
        "dmean2": 1.05842781067,
        "dvar": 1.04741120338,
        "dvar2": 2.62997794151,
        "max": 11.6482076645,
        "mean": 1.03008949757,
        "median": 0.503236889839,
        "min": 0,
        "var": 1.74185216427
    },
    "zerocrossingrate": {
        "dmean": 0.0117431264371,
        "dmean2": 0.0133793866262,
        "dvar": 0.000211125297938,
        "dvar2": 0.000239050146774,
        "max": 0.697265625,
        "mean": 0.0679105818272,
        "median": 0.06103515625,
        "min": 0.00439453125,
        "var": 0.00141176127363
    },
    "barkbands": {
        "dmean": [0.000234310471569, 0.005049044732, 0.00181024696212, 0.00112334045116, 0.00150630634744, 0.00097867147997, 0.000728766783141, 0.000560672953725, 0.00167305616196, 0.0010963344248, 0.00140558031853, 0.000993975321762, 0.000788534933235, 0.000574799953029, 0.000403390062274, 0.000312531017698, 0.000219243855099, 0.000178528323886, 0.000162735683261, 0.000152946508024, 0.00012252687884, 0.000117343035527, 0.000141790034832, 0.000101106750662, 0.00010462852515, 6.02703730692e-05, 8.64619141794e-06],
        "dmean2": [0.000358082266757, 0.00728116557002, 0.0030027446337, 0.00200780015439, 0.0025403436739, 0.00156005565077, 0.00119957409333, 0.000928750203457, 0.00271201645955, 0.00175372557715, 0.00226678699255, 0.00164379260968, 0.00123905111104, 0.000952208240051, 0.000671154470183, 0.00050662906142, 0.000366163556464, 0.000291594245937, 0.000256461382378, 0.00023681249877, 0.000194826046936, 0.000176726403879, 0.00021326066053, 0.000145073863678, 0.000148341991007, 8.86292982614e-05, 1.27102039187e-05],
        "dvar": [2.45108537911e-07, 0.000108775304398, 2.2321497454e-05, 1.05405415525e-05, 8.62442266225e-06, 3.96441328121e-06, 3.07975233227e-06, 3.42285352417e-06, 1.66105455719e-05, 7.38892640584e-06, 1.35320451591e-05, 6.06368848821e-06, 4.17533374275e-06, 3.25740211338e-06, 1.07789185222e-06, 6.49235062156e-07, 1.80857526288e-07, 9.25892891246e-08, 7.01885483068e-08, 6.84961705133e-08, 4.83700191012e-08, 4.07381079981e-08, 7.33656690954e-08, 6.12336208405e-08, 9.77925935786e-08, 1.37125102384e-08, 4.02445743397e-10],
        "dvar2": [5.54594123514e-07, 0.000218375280383, 5.84313347645e-05, 2.90593034151e-05, 2.25125277211e-05, 9.19535978028e-06, 7.42045085644e-06, 8.48136551213e-06, 4.12597728427e-05, 1.68069909705e-05, 3.37547135132e-05, 1.61234529514e-05, 9.60652232607e-06, 8.7483876996e-06, 2.79982009488e-06, 1.62657363489e-06, 4.65825507945e-07, 2.35546309568e-07, 1.63852419632e-07, 1.51455409991e-07, 1.17255069654e-07, 9.32738828396e-08, 1.68621085095e-07, 1.28681080014e-07, 1.84691188565e-07, 2.85085750562e-08, 8.74028793785e-10],
        "max": [0.0103638190776, 0.1409265697, 0.0701120793819, 0.0579755753279, 0.0358646959066, 0.0450218394399, 0.0340948142111, 0.0608268417418, 0.0829072669148, 0.0721466243267, 0.0846200212836, 0.0425703451037, 0.0445394590497, 0.077096067369, 0.0316473022103, 0.0193200670183, 0.0141196427867, 0.00502803688869, 0.00813060626388, 0.00541248172522, 0.00411740178242, 0.0050960755907, 0.00585411908105, 0.00886981375515, 0.0139602916315, 0.00390846095979, 0.000378809869289],
        "mean": [0.00033413246274, 0.00936403404921, 0.00241261092015, 0.000971667817794, 0.00194432819262, 0.00151025771629, 0.000879204133525, 0.000687386549544, 0.00234756874852, 0.00159751472529, 0.00211984664202, 0.00143516331445, 0.00117967079859, 0.00076152762631, 0.000569276104216, 0.000476010609418, 0.000336145254551, 0.000304959248751, 0.000303782202536, 0.000283623550786, 0.000194863809156, 0.000206019103643, 0.000213207909837, 0.000175177206984, 0.000158435941557, 7.47416124796e-05, 9.24013056647e-06],
        "median": [5.37739615538e-05, 0.00212565017864, 0.000669947301503, 0.000248177850153, 0.000864050467499, 0.000632312847301, 0.000254417333053, 0.000197316199774, 0.000735607929528, 0.000440965144662, 0.000423713820055, 0.00045620277524, 0.000357662327588, 0.000274942314718, 0.000219931171159, 0.000181539566256, 0.000155660527525, 0.000167828417034, 0.000187356548849, 0.000161807256518, 9.35425268835e-05, 9.03582840692e-05, 8.26121395221e-05, 5.95664823777e-05, 3.40439000865e-05, 1.29161280711e-05, 4.66432368285e-07],
        "min": [1.84331250234e-23, 7.36371914968e-24, 1.58770437188e-23, 6.92716668017e-24, 4.86312774111e-23, 6.23080839356e-23, 1.24110586917e-23, 3.56871364963e-23, 3.57823520076e-23, 5.27571650958e-23, 5.15965613776e-23, 4.122077171e-23, 1.11387841393e-22, 3.4943783399e-23, 1.75709401281e-22, 7.37716717707e-23, 1.26126918546e-22, 1.2533307204e-22, 2.41581849087e-22, 2.71586280903e-22, 6.23218593402e-22, 4.96928197633e-22, 8.27239278561e-22, 9.33429195542e-22, 1.11564621966e-21, 1.72242227599e-21, 2.06829928651e-21],
        "var": [4.65667767457e-07, 0.000293757912004, 2.19839148485e-05, 7.11251141183e-06, 9.60116631177e-06, 7.28822442397e-06, 4.4047155825e-06, 4.0581076064e-06, 2.21635255002e-05, 1.28966312332e-05, 2.60742472165e-05, 9.44526982494e-06, 7.59521071814e-06, 4.23125493398e-06, 1.34514493766e-06, 1.11596261831e-06, 3.34238876576e-07, 1.62003544801e-07, 1.40511772884e-07, 1.39746546779e-07, 7.89384486666e-08, 8.83797710571e-08, 1.31431647787e-07, 1.54213338988e-07, 2.50007047953e-07, 2.97988727027e-08, 5.84913173451e-10]
    },
    "erbbands": {
        "dmean": [0.16279938817, 1.16819477081, 2.01274323463, 2.8976624012, 4.77018022537, 5.30214548111, 5.51995754242, 9.35063648224, 10.5129375458, 8.70189285278, 16.3904266357, 35.0177383423, 39.4298706055, 41.9279747009, 49.8222923279, 32.3077659607, 30.1392326355, 34.3328170776, 17.7423000336, 18.6609611511, 15.4618234634, 12.194521904, 9.59314060211, 8.53724861145, 8.05876541138, 6.66445016861, 4.77507734299, 5.11415529251, 4.48719120026, 4.27652692795, 3.72153782845, 2.34714603424, 1.68805932999, 1.17482495308, 0.748795330524, 0.270225793123, 0.116023860872, 0.0205647815019, 0.00161079037935, 5.69981202716e-05],
        "dmean2": [0.213715299964, 1.76299548149, 3.15206122398, 5.08197259903, 8.1861410141, 8.9946346283, 8.9843006134, 14.8487911224, 17.1746826172, 14.4213380814, 26.994184494, 56.9282073975, 63.4269294739, 65.9857330322, 79.0994033813, 53.1278800964, 47.2096710205, 55.5943260193, 29.079618454, 29.8998012543, 25.1080226898, 20.2656822205, 15.7091398239, 13.5008029938, 12.5129270554, 10.158457756, 7.47240686417, 8.226770401, 6.73977327347, 6.47472572327, 5.60839986801, 3.41740036011, 2.45080661774, 1.66089510918, 1.08223605156, 0.39216029644, 0.176089987159, 0.0302326250821, 0.00234789098613, 8.35923128761e-05],
        "dvar": [0.116091839969, 6.48643827438, 22.596206665, 67.8679122925, 123.729164124, 102.43195343, 128.567947388, 425.810119629, 621.298583984, 908.33392334, 2578.23413086, 7873.23730469, 8186.87353516, 11446.7978516, 15900.2158203, 5731.43652344, 5187.33154297, 10259.2626953, 2656.70043945, 1931.23754883, 1301.45092773, 565.027709961, 275.389709473, 202.458297729, 162.604141235, 143.557907104, 79.1013946533, 87.1797943115, 57.6914329529, 64.3051528931, 52.0814437866, 25.7648544312, 21.1193561554, 15.3614034653, 4.50891685486, 0.321714311838, 0.0527355670929, 0.00186183827464, 1.37726046887e-05, 1.39181262071e-08],
        "dvar2": [0.204507157207, 13.5977773666, 52.2256469727, 183.557876587, 320.61517334, 274.695922852, 329.650604248, 980.016052246, 1495.70959473, 2093.40380859, 6539.87597656, 19918.3515625, 20470.0996094, 26337.0546875, 39270.0273438, 15034.0341797, 11499.9082031, 27350.3085938, 7036.83984375, 4606.48730469, 3311.25244141, 1458.45483398, 724.616210938, 476.115661621, 357.0809021, 316.525970459, 191.806884766, 214.840896606, 132.070648193, 148.307937622, 118.665794373, 59.2769966125, 41.4745674133, 28.6299724579, 8.99584293365, 0.654883444309, 0.115876883268, 0.00408837012947, 2.87701986963e-05, 2.96183593207e-08],
        "max": [4.64618730545, 32.2820549011, 69.5238113403, 134.338287354, 120.063796997, 166.210342407, 284.375305176, 500.287445068, 588.791259766, 1136.29528809, 1793.47973633, 1770.03918457, 1909.63769531, 2111.9453125, 2523.27612305, 1515.46350098, 1466.38586426, 4413.8125, 1977.00415039, 1115.35046387, 919.700866699, 945.59552002, 306.873809814, 316.25201416, 281.875640869, 235.02835083, 174.787826538, 155.817337036, 152.546417236, 212.749008179, 158.078384399, 141.185668945, 208.329666138, 205.288009644, 72.1321182251, 19.6161975861, 6.76989269257, 1.01864111423, 0.0753816217184, 0.0031464244239],
        "mean": [0.289463222027, 1.9924633503, 3.02997040749, 3.21127843857, 4.90784072876, 6.86965179443, 8.11105442047, 14.0190649033, 13.5601978302, 11.2567815781, 21.7969341278, 48.5623931885, 58.8000259399, 67.0163803101, 77.9501724243, 51.0717964172, 49.4057006836, 51.4005012512, 26.9831752777, 29.8058872223, 24.9964962006, 19.9584312439, 16.8876476288, 16.0901584625, 16.0453109741, 12.4438877106, 8.21053314209, 7.93923330307, 7.79172134399, 6.67822980881, 5.68151855469, 3.87262415886, 2.89630794525, 1.88522493839, 1.06589913368, 0.370461463928, 0.131780490279, 0.0230216924101, 0.00179884885438, 9.04973858269e-05],
        "median": [0.054946526885, 0.471500992775, 1.22948932648, 1.02128875256, 1.53237366676, 3.1443157196, 3.90650510788, 5.13299655914, 4.48421955109, 3.95888400078, 7.66739940643, 15.6331233978, 21.0720481873, 18.0138664246, 20.3889961243, 19.1734600067, 17.8362064362, 17.2154273987, 12.8822574615, 11.5180664062, 10.7964897156, 9.67294120789, 9.24741744995, 10.102142334, 10.0657424927, 6.96807050705, 4.25842094421, 3.68539953232, 3.44278240204, 2.83219623566, 2.20360326767, 1.42694938183, 0.901685595512, 0.454717636108, 0.206443741918, 0.0697951465845, 0.0199180133641, 0.00299869850278, 0.000125687016407, 4.03884077969e-05],
        "min": [4.13821259506e-22, 1.45511773013e-21, 1.42434733836e-20, 2.97646306208e-20, 7.4752822482e-20, 2.03985983155e-19, 3.91956276235e-19, 4.35043442258e-19, 2.45127323109e-19, 1.96317527738e-19, 1.18171466919e-18, 7.67771828875e-19, 1.40198231976e-18, 1.39404252325e-18, 2.25526988982e-18, 2.26660536614e-18, 5.63886045727e-18, 2.1627199598e-18, 6.76562768972e-18, 7.08652827246e-18, 4.25661063442e-18, 7.55316567141e-18, 7.48493236987e-18, 1.10748341898e-17, 1.43932437522e-17, 1.15723105364e-17, 2.35333248231e-17, 2.34125829234e-17, 1.82626391477e-17, 1.87028481261e-17, 2.15651924849e-17, 1.79701762073e-17, 1.68885382947e-17, 1.09528200864e-17, 9.0440454018e-18, 6.38073310607e-18, 3.422853936e-18, 1.13281247516e-18, 3.01973863141e-19, 3.23227739068e-20],
        "var": [0.322416901588, 14.3233394623, 29.5628852844, 52.0756072998, 107.00856781, 119.489936829, 190.152481079, 765.241699219, 980.196655273, 1094.20166016, 3005.44702148, 10068.7939453, 11779.0664062, 21853.6699219, 31215.1015625, 9803.46289062, 10445.3447266, 15490.0283203, 2916.80200195, 3714.62573242, 2316.97290039, 1116.07226562, 494.500457764, 378.698699951, 379.924316406, 285.979156494, 135.106750488, 133.359283447, 120.841537476, 116.626609802, 96.0121002197, 55.9806900024, 55.9758338928, 39.8745498657, 10.8771390915, 0.813374757767, 0.0963002294302, 0.00293748755939, 2.20695183089e-05, 2.49338860669e-08]
    },
    "gfcc": {
        "mean": [7.55064964294, 73.3448410034, -131.882110596, 18.6565914154, -60.0033607483, 22.1834640503, -30.3685417175, 10.8616819382, -27.5376701355, 0.203274995089, -16.4750804901, 2.68018651009, -10.6428480148],
        "cov": [[7892.14208984, -947.045654297, 2242.30224609, 1202.23620605, 374.696594238, 650.176696777, -86.8414459229, 286.266845703, 264.804199219, 506.798461914, 189.95413208, 317.873931885, 5.22422981262], [-947.045654297, 1064.96813965, -12.9038524628, 166.715606689, 150.954925537, -12.4929695129, 151.798568726, -8.83941364288, 51.6571350098, -43.5439491272, 100.012031555, -52.8658103943, 12.6286859512], [2242.30224609, -12.9038524628, 1508.96472168, 768.846191406, 316.690856934, 291.001403809, -11.8463907242, 151.345535278, 164.385925293, 276.346282959, 91.1382293701, 145.644561768, 15.4819355011], [1202.23620605, 166.715606689, 768.846191406, 603.136291504, 220.064239502, 169.54800415, 2.22945022583, 91.4114837646, 132.174926758, 149.424377441, 83.7355499268, 64.4387359619, 36.1975402832], [374.696594238, 150.954925537, 316.690856934, 220.064239502, 309.973693848, 146.023956299, 83.9963607788, 87.4418182373, 78.2655792236, 80.256942749, 30.9274539948, 45.1081008911, 22.2614955902], [650.176696777, -12.4929695129, 291.001403809, 169.54800415, 146.023956299, 251.706558228, 116.242401123, 80.0548400879, 41.5650863647, 73.8789901733, 68.0235137939, 38.1148071289, 14.9302072525], [-86.8414459229, 151.798568726, -11.8463907242, 2.22945022583, 83.9963607788, 116.242401123, 212.817962646, 68.9395065308, 13.4556465149, -10.695183754, 51.5310630798, 1.77264654636, -1.14652597904], [286.266845703, -8.83941364288, 151.345535278, 91.4114837646, 87.4418182373, 80.0548400879, 68.9395065308, 135.758605957, 66.9730758667, 51.60206604, 21.3525848389, 25.9842453003, 19.8978805542], [264.804199219, 51.6571350098, 164.385925293, 132.174926758, 78.2655792236, 41.5650863647, 13.4556465149, 66.9730758667, 125.534873962, 73.5773086548, 31.7816066742, 24.6198005676, 28.2492866516], [506.798461914, -43.5439491272, 276.346282959, 149.424377441, 80.256942749, 73.8789901733, -10.695183754, 51.60206604, 73.5773086548, 136.655212402, 47.0591201782, 48.7244300842, 17.1403617859], [189.95413208, 100.012031555, 91.1382293701, 83.7355499268, 30.9274539948, 68.0235137939, 51.5310630798, 21.3525848389, 31.7816066742, 47.0591201782, 121.602409363, 39.4623603821, 25.2483730316], [317.873931885, -52.8658103943, 145.644561768, 64.4387359619, 45.1081008911, 38.1148071289, 1.77264654636, 25.9842453003, 24.6198005676, 48.7244300842, 39.4623603821, 85.2817230225, 33.1917152405], [5.22422981262, 12.6286859512, 15.4819355011, 36.1975402832, 22.2614955902, 14.9302072525, -1.14652597904, 19.8978805542, 28.2492866516, 17.1403617859, 25.2483730316, 33.1917152405, 77.6960067749]],
        "icov": [[0.000320268125506, 0.000288160023047, -0.000193450279767, -0.000346177781466, 0.000140736301546, -0.000412491179304, 0.00016880207113, -6.558689347e-05, -0.000127542254631, 6.42737140879e-05, -0.000177034395165, -0.000388027343433, 0.000445172336185], [0.000288160023047, 0.00210338109173, -0.000139948315336, -0.00108679768164, -0.00112552009523, 0.00139163655695, -0.00143744901288, 0.00102716346737, -0.000653442693874, 0.000998736126348, -0.00211528735235, 0.00158893386833, -3.03964006889e-05], [-0.000193450279767, -0.000139948315336, 0.00297519052401, -0.00288009387441, 7.60596958571e-05, -0.00071673898492, 0.000212656450458, -0.000409106491134, 0.000907178327907, -0.00208035809919, 0.00150209816638, -0.00226858234964, 0.00161866983399], [-0.000346177781466, -0.00108679768164, -0.00288009387441, 0.00720565021038, -0.00125956942793, -0.000542672874872, 0.00182351458352, -9.95300870272e-05, -0.00209159357473, 0.00119495892432, -0.00181628926657, 0.00255988049321, -0.00207211752422], [0.000140736301546, -0.00112552009523, 7.60596958571e-05, -0.00125956942793, 0.0070176012814, -0.00295673753135, -0.000885262037627, -0.000917577941436, -0.000858294602949, -0.00164072110783, 0.00373932532966, -0.00316924741492, 0.000337331177434], [-0.000412491179304, 0.00139163655695, -0.00071673898492, -0.000542672874872, -0.00295673753135, 0.0112989190966, -0.0056680124253, 1.64087905432e-05, 0.00218037539162, -0.00178619276267, -0.00331697775982, 0.00335302855819, -0.00196793931536], [0.00016880207113, -0.00143744901288, 0.000212656450458, 0.00182351458352, -0.000885262037627, -0.0056680124253, 0.0119346529245, -0.00535769900307, 1.52226557475e-05, 0.00403543142602, -0.00307743763551, -0.000799531699158, 0.00266723614186], [-6.558689347e-05, 0.00102716346737, -0.000409106491134, -9.95300870272e-05, -0.000917577941436, 1.64087905432e-05, -0.00535769900307, 0.0146343791857, -0.00559543492272, -0.00132253323682, 0.0019250868354, 6.76210402162e-06, -0.00190409761854], [-0.000127542254631, -0.000653442693874, 0.000907178327907, -0.00209159357473, -0.000858294602949, 0.00218037539162, 1.52226557475e-05, -0.00559543492272, 0.0168737154454, -0.0071244831197, -0.000101205121609, 0.00174011290073, -0.00310522969812], [6.42737140879e-05, 0.000998736126348, -0.00208035809919, 0.00119495892432, -0.00164072110783, -0.00178619276267, 0.00403543142602, -0.00132253323682, -0.0071244831197, 0.0193172544241, -0.00556943193078, -0.00215101917274, 0.0019603620749], [-0.000177034395165, -0.00211528735235, 0.00150209816638, -0.00181628926657, 0.00373932532966, -0.00331697775982, -0.00307743763551, 0.0019250868354, -0.000101205121609, -0.00556943193078, 0.016958873719, -0.00697928201407, -0.00133383844513], [-0.000388027343433, 0.00158893386833, -0.00226858234964, 0.00255988049321, -0.00316924741492, 0.00335302855819, -0.000799531699158, 6.76210402162e-06, 0.00174011290073, -0.00215101917274, -0.00697928201407, 0.0236354470253, -0.00870973989367], [0.000445172336185, -3.03964006889e-05, 0.00161866983399, -0.00207211752422, 0.000337331177434, -0.00196793931536, 0.00266723614186, -0.00190409761854, -0.00310522969812, 0.0019603620749, -0.00133383844513, -0.00870973989367, 0.0191478189081]]
    },
    "melbands": {
        "dmean": [0.00142840947956, 0.00112328270916, 0.000528466829564, 0.00035896821646, 0.000194026812096, 0.000203383373446, 0.00015732862812, 9.44405182963e-05, 0.000149324725498, 0.000242396854446, 0.000202145572985, 0.000170581610291, 0.000179026435944, 0.000118512427434, 7.49529790482e-05, 8.47733390401e-05, 6.26015826128e-05, 2.89070812869e-05, 3.2447216654e-05, 2.33882910834e-05, 1.81224349944e-05, 1.36795388244e-05, 1.05777244244e-05, 9.14284373721e-06, 7.33028036848e-06, 6.58209137328e-06, 6.5344165705e-06, 4.45785190095e-06, 3.36301377502e-06, 2.8338095035e-06, 3.10805717163e-06, 2.74123931376e-06, 2.22205108003e-06, 2.69826250587e-06, 2.37444533013e-06, 1.74982619683e-06, 1.4067830989e-06, 1.26726206418e-06, 1.09913969482e-06, 9.97456481855e-07],
        "dmean2": [0.00193721265532, 0.00170170341153, 0.000903656764422, 0.000611603609286, 0.000318018835969, 0.00032181001734, 0.000257566134678, 0.000155318164616, 0.000246238836553, 0.000393713475205, 0.000324727006955, 0.00026812395663, 0.00028243844281, 0.000195805492694, 0.000119284210086, 0.000131545413751, 0.000101996643934, 4.75140841445e-05, 5.33317870577e-05, 3.70666748495e-05, 2.98727791233e-05, 2.28482913371e-05, 1.78631198651e-05, 1.48752287714e-05, 1.16478786367e-05, 1.04955033748e-05, 1.03487154774e-05, 6.9277853072e-06, 5.41977033208e-06, 4.44558236268e-06, 5.12095175509e-06, 4.23745950684e-06, 3.3844016798e-06, 4.16307602791e-06, 3.62939317711e-06, 2.65391372523e-06, 2.09160839404e-06, 1.8723468429e-06, 1.5967126501e-06, 1.43396619023e-06],
        "dvar": [8.40245502332e-06, 5.60149101148e-06, 1.86588715678e-06, 5.3199642025e-07, 1.38367653335e-07, 1.87960978337e-07, 1.2742904687e-07, 9.78177965294e-08, 2.07899034876e-07, 3.82698033263e-07, 2.16296967892e-07, 1.89006840401e-07, 2.03536060894e-07, 9.58235446546e-08, 4.61375009309e-08, 5.00538277493e-08, 4.17051317925e-08, 8.71477912057e-09, 6.37972563666e-09, 4.39090985793e-09, 1.9191117584e-09, 7.66445629186e-10, 4.71405137148e-10, 2.59722771068e-10, 1.53276252801e-10, 1.24584439987e-10, 1.27698310259e-10, 7.31101637563e-11, 3.98421781678e-11, 2.81370864108e-11, 3.52830091532e-11, 2.24675261035e-11, 1.53730205649e-11, 2.68689289568e-11, 2.31900557784e-11, 1.1747944631e-11, 1.13404910462e-11, 1.11146179066e-11, 1.172299844e-11, 1.23096029897e-11],
        "dvar2": [1.60237832461e-05, 1.15733446364e-05, 4.82765381093e-06, 1.40052577535e-06, 3.57174911869e-07, 4.32196912925e-07, 3.09450086888e-07, 2.22217877877e-07, 5.31955663519e-07, 9.59257931754e-07, 5.36238587756e-07, 4.25506414103e-07, 4.91019534365e-07, 2.54175773762e-07, 1.10452603508e-07, 1.11080055376e-07, 1.13406628088e-07, 2.27471463887e-08, 1.56611292823e-08, 1.07353397283e-08, 5.02490626886e-09, 1.97553129411e-09, 1.27142185669e-09, 6.70277389148e-10, 3.64653141016e-10, 2.90209051235e-10, 2.87236456842e-10, 1.69130015548e-10, 9.86198761543e-11, 6.75900932445e-11, 9.00881799715e-11, 5.34377785077e-11, 3.45799049117e-11, 6.33079699774e-11, 5.39889834228e-11, 2.75053348153e-11, 2.70104182076e-11, 2.31125917016e-11, 2.09238702753e-11, 2.42018002861e-11],
        "max": [0.0407599285245, 0.0279550775886, 0.023000350222, 0.00842174887657, 0.00772705161944, 0.0103663699701, 0.00807072967291, 0.0129707483575, 0.014920941554, 0.0124501483515, 0.00995398126543, 0.0086632007733, 0.00898302998394, 0.00588866090402, 0.00619857944548, 0.00543616758659, 0.00992318615317, 0.00324537372217, 0.00213384977542, 0.00170850602444, 0.00134068448097, 0.00125229521655, 0.000410684471717, 0.000334625859978, 0.000287697912427, 0.000309850700432, 0.000293523014989, 0.000225040872465, 0.000127592167701, 0.000141876254929, 8.97906647879e-05, 0.000103001650132, 0.000119994350825, 0.000122159646708, 0.000110760585812, 0.000115490380267, 0.000111531444418, 0.000130530417664, 0.000217501146835, 0.000175456487341],
        "mean": [0.00262233777903, 0.00200934475288, 0.000612856645603, 0.000433448469266, 0.00028933674912, 0.000309966824716, 0.000200774840778, 0.000121267170471, 0.000195680186152, 0.000333803676767, 0.000292905548122, 0.000261710956693, 0.000277078070212, 0.00017729641695, 0.000104649217974, 0.000129575069877, 8.66780392244e-05, 3.92253314203e-05, 4.65113516839e-05, 3.50501795765e-05, 2.6682680982e-05, 2.07819066418e-05, 1.56835776579e-05, 1.52000930029e-05, 1.26586373881e-05, 1.18191901493e-05, 1.1558737242e-05, 7.49586251914e-06, 5.45368129679e-06, 4.31874786955e-06, 4.52348967883e-06, 4.57019586975e-06, 3.70771249436e-06, 3.8616940401e-06, 3.45403759638e-06, 2.70760256171e-06, 2.25893995776e-06, 2.11355336432e-06, 1.74482306647e-06, 1.54260862928e-06],
        "median": [0.000577542348765, 0.00082819070667, 0.000205871416256, 0.00017910610768, 0.00014691746037, 0.000118787982501, 6.79413351463e-05, 3.93926675315e-05, 6.28082925687e-05, 0.000102876481833, 9.18828154681e-05, 6.26439359621e-05, 6.41196529614e-05, 4.85898781335e-05, 3.46982742485e-05, 3.70318994101e-05, 2.83233675873e-05, 1.62280466611e-05, 1.71602478076e-05, 1.19685100799e-05, 1.11627932711e-05, 9.67819323705e-06, 7.37431264497e-06, 7.99418921815e-06, 7.51920379116e-06, 6.98116491549e-06, 6.56732572679e-06, 3.66631320503e-06, 2.65579683401e-06, 2.02728256227e-06, 1.94613744497e-06, 1.99311898541e-06, 1.47335538259e-06, 1.5625105334e-06, 1.28404349198e-06, 1.02111903288e-06, 7.81077801548e-07, 6.43254224997e-07, 4.70184488677e-07, 3.40236994134e-07],
        "min": [3.92448400143e-24, 5.36857001352e-24, 5.39127224708e-24, 1.02716063856e-23, 1.25179919428e-23, 1.05867578949e-23, 3.21279558363e-24, 2.83917745107e-24, 1.04125876623e-23, 4.35331943913e-24, 6.81950452155e-24, 5.08437261722e-24, 7.64349261402e-24, 4.35879689483e-24, 1.00519725212e-23, 9.89498762336e-24, 3.25417094368e-24, 9.22902099198e-24, 1.30992601566e-23, 5.84552872745e-24, 4.59184494446e-24, 8.73167337909e-24, 5.09255271037e-24, 7.13368573199e-24, 9.19275863389e-24, 8.61078281195e-24, 1.25766295517e-23, 5.86252000248e-24, 1.40700757739e-23, 1.31868174061e-23, 1.36121388629e-23, 1.04777909604e-23, 9.13058692822e-24, 1.17160580347e-23, 1.10677421661e-23, 1.34785894449e-23, 1.10706151975e-23, 1.24584976311e-23, 1.12308060261e-23, 8.51626780917e-24],
        "var": [2.39130622504e-05, 1.13738133223e-05, 1.58647037551e-06, 5.41054077985e-07, 2.05937368492e-07, 3.42858101021e-07, 1.91895409785e-07, 1.25396397266e-07, 2.45580906721e-07, 4.98382974001e-07, 3.1277457424e-07, 3.54107953626e-07, 4.07828082416e-07, 1.66137425595e-07, 7.27147977386e-08, 1.00990327212e-07, 5.73485472444e-08, 9.19366804908e-09, 9.48916767385e-09, 7.72508901292e-09, 2.85070367312e-09, 1.40576816854e-09, 6.40261288432e-10, 4.55300463997e-10, 2.65018618162e-10, 2.46576287166e-10, 2.5195118214e-10, 1.30100277773e-10, 6.46715736519e-11, 4.32654363725e-11, 4.81050511925e-11, 4.22479030926e-11, 3.41202413545e-11, 4.22740627226e-11, 3.78925710254e-11, 2.34083707279e-11, 2.24818271638e-11, 2.69195013503e-11, 3.31370590689e-11, 2.89330989722e-11]
    },
    "mfcc": {
        "mean": [-631.853881836, 108.321372986, -13.7118844986, 5.27791690826, -5.3286356926, 6.68898200989, 5.62140703201, 9.46606254578, -1.87868285179, 2.80380296707, -2.52611899376, -4.49608278275, -2.60898017883],
        "cov": [[6276.40136719, -1030.18920898, 1673.16308594, 638.409057617, 758.969482422, 449.276824951, 144.363876343, 56.2765045166, 158.281692505, 127.395568848, 206.538894653, 303.172149658, 272.530761719], [-1030.18920898, 791.545898438, -151.804153442, 110.184791565, -25.3805961609, 28.5908813477, 71.9770431519, 72.1469726562, -22.7748985291, 38.1190109253, 23.5449733734, 4.64282608032, -12.617972374], [1673.16308594, -151.804153442, 1154.80554199, 506.476226807, 438.158172607, 266.998687744, 90.7525634766, 19.4798927307, 84.1428756714, 85.244354248, 113.953605652, 169.879180908, 155.472732544], [638.409057617, 110.184791565, 506.476226807, 433.860229492, 290.229766846, 143.16229248, 34.98777771, 28.6094913483, 65.7051544189, 64.3761062622, 55.2000083923, 93.8699645996, 91.4695053101], [758.969482422, -25.3805961609, 438.158172607, 290.229766846, 376.763244629, 159.553787231, 49.9277381897, 18.3180046082, 103.388290405, 61.7243652344, 46.9057121277, 97.4089660645, 102.008651733], [449.276824951, 28.5908813477, 266.998687744, 143.16229248, 159.553787231, 190.965454102, 102.867721558, 46.7516059875, 38.252117157, 44.1735191345, 52.2738876343, 64.4775848389, 47.282989502], [144.363876343, 71.9770431519, 90.7525634766, 34.98777771, 49.9277381897, 102.867721558, 194.274978638, 98.6960067749, 25.294260025, 45.3561325073, 42.9726829529, 35.9433555603, 26.5707645416], [56.2765045166, 72.1469726562, 19.4798927307, 28.6094913483, 18.3180046082, 46.7516059875, 98.6960067749, 128.850723267, 38.9360542297, 36.5408821106, 33.3652839661, 22.4573936462, 5.6816034317], [158.281692505, -22.7748985291, 84.1428756714, 65.7051544189, 103.388290405, 38.252117157, 25.294260025, 38.9360542297, 132.203094482, 44.3859786987, 15.7324094772, 33.404586792, 38.6132926941], [127.395568848, 38.1190109253, 85.244354248, 64.3761062622, 61.7243652344, 44.1735191345, 45.3561325073, 36.5408821106, 44.3859786987, 97.3507461548, 47.7592697144, 25.9749488831, 25.6714248657], [206.538894653, 23.5449733734, 113.953605652, 55.2000083923, 46.9057121277, 52.2738876343, 42.9726829529, 33.3652839661, 15.7324094772, 47.7592697144, 88.4379196167, 47.044506073, 22.1322536469], [303.172149658, 4.64282608032, 169.879180908, 93.8699645996, 97.4089660645, 64.4775848389, 35.9433555603, 22.4573936462, 33.404586792, 25.9749488831, 47.044506073, 101.137390137, 58.7533378601], [272.530761719, -12.617972374, 155.472732544, 91.4695053101, 102.008651733, 47.282989502, 26.5707645416, 5.6816034317, 38.6132926941, 25.6714248657, 22.1322536469, 58.7533378601, 93.7439880371]],
