{
"lowlevel": {
    "average_loudness": 0.960689425468,
    "barkbands_crest": {
        "dmean": 2.71786236763,
        "dmean2": 4.43520021439,
        "dvar": 7.0082192421,
        "dvar2": 16.9671478271,
        "max": 24.47590065,
        "mean": 9.31561088562,
        "median": 8.36396121979,
        "min": 2.6235575676,
        "var": 15.7666110992
    },
    "barkbands_flatness_db": {
        "dmean": 0.0185584593564,
        "dmean2": 0.0298645589501,
        "dvar": 0.000353921641363,
        "dvar2": 0.000842253968585,
        "max": 0.320221096277,
        "mean": 0.152430862188,
        "median": 0.145072668791,
        "min": 0.058325111866,
        "var": 0.00155469670426
    },
    "barkbands_kurtosis": {
        "dmean": 2.02329874039,
        "dmean2": 3.26663780212,
        "dvar": 18.5284748077,
        "dvar2": 47.3400154114,
        "max": 111.769760132,
        "mean": 2.45509576797,
        "median": 0.690678358078,
        "min": -1.91849064827,
        "var": 32.6319351196
    },
    "barkbands_skewness": {
        "dmean": 0.450172692537,
        "dmean2": 0.694770514965,
        "dvar": 0.281698733568,
        "dvar2": 0.629557728767,
        "max": 9.50480461121,
        "mean": 1.07388317585,
        "median": 0.861170828342,
        "min": -1.9229310751,
        "var": 1.12904512882
    },
    "barkbands_spread": {
        "dmean": 4.7024474144,
        "dmean2": 7.43431282043,
        "dvar": 35.0526885986,
        "dvar2": 74.2927246094,
        "max": 112.321472168,
        "mean": 22.3645744324,
        "median": 20.6763935089,
        "min": 1.55559575558,
        "var": 152.567611694
    },
    "dissonance": {
        "dmean": 0.0177025925368,
        "dmean2": 0.0298103652894,
        "dvar": 0.000315637269523,
        "dvar2": 0.000877454294823,
        "max": 0.500000119209,
        "mean": 0.46734058857,
        "median": 0.474804639816,
        "min": 0.27436453104,
        "var": 0.000737909518648
    },
    "dynamic_complexity": 2.14621138573,
    "erbbands_crest": {
        "dmean": 2.66809606552,
        "dmean2": 4.3284740448,
        "dvar": 6.10421848297,
        "dvar2": 15.1333189011,
        "max": 30.7511444092,
        "mean": 10.0385169983,
        "median": 8.89360618591,
        "min": 2.2548596859,
        "var": 25.0398082733
    },
    "erbbands_flatness_db": {
        "dmean": 0.0141567736864,
        "dmean2": 0.0217230226845,
        "dvar": 0.000171002553543,
        "dvar2": 0.00038246542681,
        "max": 0.373351514339,
        "mean": 0.188369855285,
        "median": 0.184131085873,
        "min": 0.0325482822955,
        "var": 0.00172784936149
    },
    "erbbands_kurtosis": {
        "dmean": 0.939897954464,
        "dmean2": 1.50883340836,
        "dvar": 1.43783783913,
        "dvar2": 3.57704567909,
        "max": 19.8186607361,
        "mean": 1.02323532104,
        "median": 0.256794452667,
        "min": -1.84038329124,
        "var": 5.13984775543
    },
    "erbbands_skewness": {
        "dmean": 0.323447585106,
        "dmean2": 0.50514870882,
        "dvar": 0.091172978282,
        "dvar2": 0.207798302174,
        "max": 3.96122455597,
        "mean": 0.406992614269,
        "median": 0.4055365026,
        "min": -3.4326672554,
        "var": 0.665220439434
    },
    "erbbands_spread": {
        "dmean": 5.93839216232,
        "dmean2": 9.31307888031,
        "dvar": 48.5914001465,
        "dvar2": 114.166122437,
        "max": 147.834259033,
        "mean": 30.8726406097,
        "median": 28.2924880981,
        "min": 3.40562868118,
        "var": 253.805633545
    },
    "hfc": {
        "dmean": 6.79241800308,
        "dmean2": 10.4228839874,
        "dvar": 126.79006958,
        "dvar2": 264.735229492,
        "max": 396.723266602,
        "mean": 29.2022266388,
        "median": 26.5647239685,
        "min": 1.1364975896e-16,
        "var": 390.679107666
    },
    "melbands_crest": {
        "dmean": 3.48874974251,
        "dmean2": 5.58124494553,
        "dvar": 11.7263259888,
        "dvar2": 26.8192005157,
        "max": 33.2881393433,
        "mean": 12.8680591583,
        "median": 11.7728900909,
        "min": 1.11065709591,
        "var": 27.4494514465
    },
    "melbands_flatness_db": {
        "dmean": 0.0225054435432,
        "dmean2": 0.0348805747926,
        "dvar": 0.000570517324377,
        "dvar2": 0.00125953683164,
        "max": 0.398829162121,
        "mean": 0.178438320756,
        "median": 0.168901205063,
        "min": 2.97620390484e-05,
        "var": 0.00277253775857
    },
    "melbands_kurtosis": {
        "dmean": 4.84166955948,
        "dmean2": 7.64610958099,
        "dvar": 108.05115509,
        "dvar2": 255.169113159,
        "max": 220.957626343,
        "mean": 8.08168697357,
        "median": 3.42681407928,
        "min": -1.74941051006,
        "var": 204.163543701
    },
    "melbands_skewness": {
        "dmean": 0.613970696926,
        "dmean2": 0.947822213173,
        "dvar": 0.576126992702,
        "dvar2": 1.24086391926,
        "max": 11.9979219437,
        "mean": 1.90482401848,
        "median": 1.6298404932,
        "min": -0.847268760204,
        "var": 2.3276591301
    },
    "melbands_spread": {
        "dmean": 6.31838130951,
        "dmean2": 9.97301292419,
        "dvar": 69.4216918945,
        "dvar2": 146.560470581,
        "max": 220.66053772,
        "mean": 27.1255569458,
        "median": 25.5837230682,
        "min": 1.09358763695,
        "var": 256.734008789
    },
    "pitch_salience": {
        "dmean": 0.0684128925204,
        "dmean2": 0.109813734889,
        "dvar": 0.00396767584607,
        "dvar2": 0.00973351579159,
        "max": 0.985315561295,
        "mean": 0.556710422039,
        "median": 0.55545681715,
        "min": 0.130239769816,
        "var": 0.0117255588993
    },
    "silence_rate_20dB": {
        "dmean": 0,
        "dmean2": 0,
        "dvar": 0,
        "dvar2": 0,
        "max": 1,
        "mean": 1,
        "median": 1,
        "min": 1,
        "var": 0
    },
    "silence_rate_30dB": {
        "dmean": 0.0178337898105,
        "dmean2": 0.0356718190014,
        "dvar": 0.0175174921751,
        "dvar2": 0.0491497255862,
        "max": 1,
        "mean": 0.989538729191,
        "median": 1,
        "min": 0,
        "var": 0.0103501221165
    },
    "silence_rate_60dB": {
        "dmean": 0.00285340636037,
        "dmean2": 0.00570749118924,
        "dvar": 0.00284476578236,
        "dvar2": 0.00662787724286,
        "max": 1,
        "mean": 0.039705183357,
        "median": 0,
        "min": 0,
        "var": 0.038138654083
    },
    "spectral_centroid": {
        "dmean": 198.426300049,
        "dmean2": 312.592773438,
        "dvar": 56091.7617188,
        "dvar2": 115992.265625,
        "max": 10914.0693359,
        "mean": 1472.81420898,
        "median": 1453.22729492,
        "min": 239.050048828,
        "var": 297505.75
    },
    "spectral_complexity": {
        "dmean": 3.66401147842,
        "dmean2": 5.93460178375,
        "dvar": 11.3501996994,
        "dvar2": 27.6639575958,
        "max": 58,
        "mean": 24.6307659149,
        "median": 26,
        "min": 0,
        "var": 80.5092010498
    },
    "spectral_decrease": {
        "dmean": 2.93098567639e-09,
        "dmean2": 4.52918325067e-09,
        "dvar": 1.81589686016e-17,
        "dvar2": 3.98653773607e-17,
        "max": -2.98656303703e-29,
        "mean": -9.19642495489e-09,
        "median": -8.29126189927e-09,
        "min": -7.55162972155e-08,
        "var": 3.24161394886e-17
    },
    "spectral_energy": {
        "dmean": 0.0114495912567,
        "dmean2": 0.0176774468273,
        "dvar": 0.000262871006271,
        "dvar2": 0.000576298276428,
        "max": 0.29136633873,
        "mean": 0.0373581089079,
        "median": 0.0339884757996,
        "min": 1.04210806587e-20,
        "var": 0.000488687248435
    },
    "spectral_energyband_high": {
        "dmean": 0.000382732978323,
        "dmean2": 0.000585069938097,
        "dvar": 1.60788738413e-06,
        "dvar2": 3.09070537696e-06,
        "max": 0.0474787168205,
        "mean": 0.000992140150629,
        "median": 0.000655214418657,
        "min": 7.24145008281e-21,
        "var": 3.57467365575e-06
    },
    "spectral_energyband_low": {
        "dmean": 0.00804636254907,
        "dmean2": 0.0125835137442,
        "dvar": 0.000253829581197,
        "dvar2": 0.000554619415198,
        "max": 0.259214609861,
        "mean": 0.01323668845,
        "median": 0.00761631829664,
        "min": 9.33557180336e-23,
        "var": 0.000347141001839
    },
    "spectral_energyband_middle_high": {
        "dmean": 0.00306672765873,
        "dmean2": 0.00482669798657,
        "dvar": 1.68307960848e-05,
        "dvar2": 4.05765604228e-05,
        "max": 0.0723885670304,
        "mean": 0.0110119394958,
        "median": 0.00764255039394,
        "min": 1.47316595887e-21,
        "var": 9.28666850086e-05
    },
    "spectral_energyband_middle_low": {
        "dmean": 0.00486465776339,
        "dmean2": 0.00765529181808,
        "dvar": 4.76198074466e-05,
        "dvar2": 0.0001166677539,
        "max": 0.175075158477,
        "mean": 0.0141110792756,
        "median": 0.0109684066847,
        "min": 2.78762390785e-22,
        "var": 0.000128939733258
    },
    "spectral_entropy": {
        "dmean": 0.112482503057,
        "dmean2": 0.174266576767,
        "dvar": 0.0148268528283,
        "dvar2": 0.0314849428833,
        "max": 9.81279659271,
        "mean": 7.66444969177,
        "median": 7.69860076904,
        "min": 6.18982887268,
        "var": 0.0857396200299
    },
    "spectral_flux": {
        "dmean": 0.0270866453648,
        "dmean2": 0.0434255711734,
        "dvar": 0.000926355423871,
        "dvar2": 0.00231398781762,
        "max": 0.465220689774,
        "mean": 0.104201093316,
        "median": 0.0965092927217,
        "min": 1.02736860685e-10,
        "var": 0.00212497240864
    },
    "spectral_kurtosis": {
        "dmean": 1.36045336723,
        "dmean2": 2.35105490685,
        "dvar": 1.82195591927,
        "dvar2": 5.37627840042,
        "max": 23.274641037,
        "mean": 3.4600481987,
        "median": 3.09381461143,
        "min": -1.32859253883,
        "var": 4.38931560516
    },
    "spectral_rms": {
        "dmean": 0.000850043084938,
        "dmean2": 0.00129961024504,
        "dvar": 9.50380865561e-07,
        "dvar2": 1.98253133021e-06,
        "max": 0.0168600082397,
        "mean": 0.00576056633145,
        "median": 0.00575842754915,
        "min": 3.18855900884e-12,
        "var": 3.26278541252e-06
    },
    "spectral_rolloff": {
        "dmean": 367.584014893,
        "dmean2": 608.117126465,
        "dvar": 526565.5,
        "dvar2": 1087498.25,
        "max": 18927.6855469,
        "mean": 1497.8572998,
        "median": 1399.65820312,
        "min": 64.599609375,
        "var": 1266668.75
    },
    "spectral_skewness": {
        "dmean": 0.192930310965,
        "dmean2": 0.320552319288,
        "dvar": 0.0355479381979,
        "dvar2": 0.0927862077951,
        "max": 3.36364340782,
        "mean": 1.35116863251,
        "median": 1.34150266647,
        "min": -0.252992600203,
        "var": 0.16771954298
    },
    "spectral_spread": {
        "dmean": 330515.9375,
        "dmean2": 496286.40625,
        "dvar": 410796195840,
        "dvar2": 535907663872,
        "max": 43537448,
        "mean": 3986097.5,
        "median": 3776773.25,
        "min": 1845585.875,
        "var": 1.39500781568e+12
    },
    "spectral_strongpeak": {
        "dmean": 0.797710120678,
        "dmean2": 1.36276829243,
        "dvar": 1.39255702496,
        "dvar2": 3.43756604195,
        "max": 16.5584812164,
        "mean": 1.58513569832,
        "median": 0.728584766388,
        "min": 0,
        "var": 3.35464763641
    },
    "zerocrossingrate": {
        "dmean": 0.00761024421081,
        "dmean2": 0.009401823394,
        "dvar": 0.000125795413624,
        "dvar2": 0.00015754121705,
        "max": 0.5673828125,
        "mean": 0.0585205554962,
        "median": 0.05615234375,
        "min": 0.00537109375,
        "var": 0.00078599283006
    },
    "barkbands": {
        "dmean": [0.000559714389965, 0.00620959233493, 0.00233267177828, 0.00163670140319, 0.00163792050444, 0.0010485528037, 0.00065588823054, 0.00104375043884, 0.00142758490983, 0.00137925497256, 0.00106838089414, 0.000745819706935, 0.00072772288695, 0.000533353013452, 0.000435443565948, 0.000452659616712, 0.00030111594242, 0.000172290689079, 0.000195775050088, 0.000156296460773, 0.00011299362086, 0.000108599211671, 8.29589625937e-05, 8.2072619989e-05, 4.36898881162e-05, 9.95893429945e-08, 1.49979606512e-09],
        "dmean2": [0.000879303668626, 0.00978970248252, 0.00400869781151, 0.00272343936376, 0.00264390162192, 0.00164417747874, 0.00104949495289, 0.00160187960137, 0.0021887535695, 0.00217687524855, 0.00170802313369, 0.00119176530279, 0.00119458662812, 0.000877412036061, 0.000703609548509, 0.000745818659198, 0.000488951161969, 0.000283104629489, 0.000320827472024, 0.000263335183263, 0.000187711542821, 0.000172199492226, 0.000126830855152, 0.000123875273857, 6.51211230434e-05, 1.68676251633e-07, 2.75956568707e-09],
        "dvar": [2.47010666499e-06, 0.000212968909182, 1.78415430128e-05, 1.31803244585e-05, 1.10802056952e-05, 5.40531891602e-06, 2.65794483312e-06, 6.45930231258e-06, 1.34362690005e-05, 8.48454055813e-06, 5.43147825738e-06, 1.9436142793e-06, 2.5242582069e-06, 1.41458576763e-06, 7.07149922619e-07, 1.4440125824e-06, 5.05427351527e-07, 9.88263764157e-08, 8.51228278975e-08, 6.8379748086e-08, 6.09695689491e-08, 1.22574348893e-07, 1.38549268058e-07, 4.16366845002e-07, 8.29976585237e-08, 6.27093212427e-13, 3.69346814135e-18],
        "dvar2": [6.28812722425e-06, 0.000488609774038, 4.99907582707e-05, 3.51025337295e-05, 2.65093513008e-05, 1.33137345983e-05, 6.07838001088e-06, 1.48337803694e-05, 3.10346331389e-05, 1.97050976567e-05, 1.41717882798e-05, 4.60359933641e-06, 6.30150725556e-06, 3.62869172932e-06, 1.74418312326e-06, 3.95069946535e-06, 1.27058501675e-06, 2.67179586899e-07, 2.09935777207e-07, 1.9473363011e-07, 1.57888777608e-07, 2.84985048893e-07, 3.13108273531e-07, 9.77365402832e-07, 1.79426479008e-07, 1.69613986484e-12, 1.15015940386e-17],
        "max": [0.0272081680596, 0.2353951931, 0.0791906863451, 0.0829887241125, 0.0604007057846, 0.088216111064, 0.0389018692076, 0.0528251491487, 0.0740994885564, 0.0646603405476, 0.0401709452271, 0.025160619989, 0.0426237359643, 0.0247350800782, 0.0221960693598, 0.026267522946, 0.0234399344772, 0.0137309413403, 0.00743312388659, 0.00503712100908, 0.00878356955945, 0.0157348122448, 0.0178641434759, 0.0330136790872, 0.0174931772053, 3.83392434742e-05, 2.05555945598e-08],
        "mean": [0.000585148169193, 0.00794394593686, 0.00324325589463, 0.00254858192056, 0.00288004265167, 0.00195142510347, 0.00106321508065, 0.00201695039868, 0.00273168180138, 0.00252346578054, 0.00195154012181, 0.00133531261235, 0.00138581602369, 0.000965599203482, 0.000797707471065, 0.000889373477548, 0.000599657592829, 0.000361554091796, 0.000425862614065, 0.00034577693441, 0.000228474717005, 0.000231461977819, 0.000150286912685, 0.000130568500026, 7.13890985935e-05, 9.59371462272e-08, 1.74064418434e-09],
        "median": [8.64648318384e-05, 0.00369208725169, 0.00178893806878, 0.00104637863114, 0.00136965373531, 0.00100947823375, 0.000425918289693, 0.000709271931555, 0.000831300974824, 0.000719568342902, 0.000505614152644, 0.000597940292209, 0.000420378521085, 0.000358204881195, 0.000400087621529, 0.000355524942279, 0.000284742040094, 0.000254603539361, 0.000307716196403, 0.000228995108046, 0.000147489947267, 0.000130431493744, 6.06569374213e-05, 3.74425871996e-05, 2.16817352339e-05, 1.68412732648e-08, 1.02901154264e-09],
        "min": [1.71174178406e-24, 2.22953627718e-23, 3.48089228941e-23, 1.25358233547e-23, 2.42288876718e-23, 2.89204643562e-23, 3.37403950208e-23, 3.53232318053e-23, 5.63827792825e-23, 6.0736691945e-23, 4.95172597155e-23, 8.45023825814e-23, 5.08965830083e-23, 7.35165352213e-23, 1.16818700652e-22, 8.72978216396e-23, 1.87375997737e-22, 1.83656133605e-22, 1.83536630644e-22, 3.30320496771e-22, 3.2501644848e-22, 5.27316735289e-22, 4.30013708747e-22, 9.05955227563e-22, 1.19325700609e-21, 1.50852197258e-21, 2.26759387443e-21],
        "var": [2.76224568552e-06, 0.000229999830481, 2.14449137275e-05, 2.26549909712e-05, 2.39090986724e-05, 9.08980473469e-06, 4.54070186606e-06, 1.86388879229e-05, 3.78667136829e-05, 2.24943942158e-05, 1.58336679306e-05, 5.20963203599e-06, 7.68668724049e-06, 3.49252286469e-06, 1.55723796524e-06, 3.84835175282e-06, 1.5647968894e-06, 1.68979099158e-07, 2.07131918728e-07, 1.55359359155e-07, 1.08380383779e-07, 2.01150726298e-07, 2.34469652582e-07, 5.6258471659e-07, 1.2448849418e-07, 5.19546048978e-13, 3.16003239241e-18]
    },
    "erbbands": {
        "dmean": [0.253921449184, 1.13088667393, 2.30856990814, 4.3323392868, 4.94933223724, 5.96613693237, 7.27304697037, 9.30624198914, 9.58627223969, 11.5141401291, 25.4101600647, 34.3904724121, 40.8433418274, 36.160785675, 42.3171081543, 28.5606765747, 32.5185241699, 26.815076828, 23.4832668304, 20.9837837219, 21.7655963898, 13.264380455, 9.35225772858, 10.2490596771, 8.36626148224, 7.32507038116, 5.20969343185, 4.09338712692, 4.14730978012, 3.1083984375, 2.25156354904, 1.88007736206, 1.2600890398, 0.665737628937, 0.221087619662, 0.0135825928301, 0.000363464525435, 2.74235189863e-05, 8.73971657711e-06, 1.34591509777e-05],
        "dmean2": [0.405036658049, 1.82283949852, 3.90927290916, 7.24642515182, 8.18684959412, 9.56551265717, 11.5157575607, 14.6457490921, 15.2281885147, 17.5470485687, 39.555721283, 52.6315460205, 63.5993461609, 56.2499313354, 67.596031189, 45.5900878906, 53.3460540771, 43.567150116, 37.8659896851, 33.5301437378, 35.3112106323, 21.1971359253, 15.3439073563, 16.8331432343, 13.7169857025, 12.360004425, 8.83923721313, 6.70798635483, 6.55495452881, 4.87664842606, 3.42614912987, 2.86491894722, 1.90563702583, 0.99715924263, 0.334127008915, 0.0208827760071, 0.000546936818864, 4.05038153986e-05, 1.30685384647e-05, 2.06963632081e-05],
        "dvar": [0.462260037661, 5.9157500267, 17.31300354, 78.1518783569, 96.047668457, 212.071746826, 250.924499512, 565.385253906, 511.143615723, 881.886230469, 4477.01757812, 7605.01367188, 9246.00390625, 5080.45068359, 9692.05664062, 2915.09082031, 5332.82617188, 3354.64111328, 2301.78076172, 2168.19702148, 3016.12329102, 809.337524414, 309.72164917, 260.05267334, 157.365722656, 159.357025146, 100.790298462, 119.99912262, 175.932815552, 115.233917236, 118.665786743, 178.733474731, 113.022239685, 20.2853069305, 1.86437165737, 0.00656895386055, 4.68755479233e-06, 2.50415226333e-08, 6.56720122727e-10, 3.54769685851e-10],
        "dvar2": [1.06701421738, 13.7225599289, 47.50415802, 206.710037231, 240.002578735, 488.061706543, 618.04083252, 1398.94958496, 1192.86474609, 1893.82897949, 10658.5673828, 17178.359375, 21776.6796875, 11627.0380859, 25407.5800781, 6918.62011719, 13130.4941406, 8777.86035156, 5562.93017578, 4973.70410156, 7976.66455078, 1882.70849609, 848.473388672, 656.721618652, 395.27331543, 454.750762939, 282.821777344, 300.696716309, 414.24407959, 271.505371094, 274.833007812, 400.967834473, 271.702026367, 42.9439964294, 4.35432195663, 0.0159592777491, 1.09562515718e-05, 5.56828467779e-08, 1.41025990885e-09, 7.70634944747e-10],
        "max": [8.81926345825, 43.6055107117, 85.4521789551, 218.057479858, 198.565338135, 358.218048096, 503.034942627, 934.209228516, 633.855102539, 1071.33093262, 1444.06030273, 1971.1036377, 2059.42944336, 1584.45678711, 1996.36535645, 1185.33068848, 2316.38916016, 1295.44445801, 1615.1574707, 1635.24157715, 1587.74401855, 1537.67114258, 789.035766602, 320.176208496, 272.487792969, 242.127731323, 255.721450806, 432.236572266, 564.464355469, 432.513458252, 553.58404541, 676.612915039, 487.702789307, 292.807006836, 60.4910469055, 3.02894902229, 0.0908370614052, 0.00730502326041, 0.00119157321751, 0.000394185801269],
        "mean": [0.273154079914, 1.60789787769, 3.52969074249, 7.15488958359, 8.07860469818, 9.95828151703, 12.9210758209, 16.4075050354, 16.4216995239, 20.6908855438, 51.9818649292, 70.0717315674, 76.5858306885, 70.0469284058, 82.1019439697, 56.8864517212, 65.2774810791, 54.2816047668, 44.8705177307, 45.2654876709, 47.3011665344, 29.7951202393, 20.6765823364, 22.5409698486, 19.0334911346, 16.4785327911, 10.9625329971, 8.59612369537, 8.75230693817, 6.06610679626, 4.05770683289, 3.06107354164, 1.9608733654, 1.05948638916, 0.359611004591, 0.0209865104407, 0.000615094671957, 5.36751176696e-05, 2.80287113128e-05, 4.62196258013e-05],
        "median": [0.0914054065943, 0.839123487473, 2.10878872871, 3.52475404739, 4.22255897522, 3.87311530113, 5.91968345642, 7.66354227066, 7.26643610001, 9.09228897095, 19.0710792542, 23.1739654541, 22.1490249634, 25.1093521118, 24.3232212067, 27.642578125, 22.9223918915, 22.2371330261, 26.8677558899, 22.2353744507, 20.7993965149, 15.9806518555, 14.8220310211, 16.6789665222, 13.5007324219, 10.9220581055, 6.9468832016, 5.60916042328, 5.02172708511, 2.94169855118, 1.58838486671, 0.934201002121, 0.514713644981, 0.306102156639, 0.108008377254, 0.0059544541873, 0.000201544549782, 2.27392556553e-05, 2.33342325373e-05, 4.25303296652e-05],
        "min": [9.91316490343e-22, 4.64456905628e-21, 3.60181903687e-20, 7.49987536178e-20, 2.7851862696e-20, 9.25353961943e-20, 1.87712587545e-19, 2.68954183106e-19, 5.55738244315e-19, 2.37084051478e-19, 9.30678277976e-19, 1.00039916046e-18, 2.4700247952e-18, 1.15634907231e-18, 2.63442549437e-18, 4.18963423381e-18, 2.6664024357e-18, 2.97941419693e-18, 3.89102616859e-18, 6.76547548849e-18, 6.67672066312e-18, 1.14025672844e-17, 9.70892656072e-18, 1.00455427479e-17, 1.30276645138e-17, 1.87812830462e-17, 1.38757033127e-17, 1.56398429856e-17, 1.65056281173e-17, 1.3122972264e-17, 1.53197058906e-17, 1.60766439799e-17, 1.48821670512e-17, 1.20866059463e-17, 8.99585303213e-18, 5.23103932218e-18, 2.67097860564e-18, 1.02777811495e-18, 3.15752675893e-19, 3.48108685659e-20],
        "var": [0.452057391405, 6.91452884674, 21.883813858, 141.326965332, 171.966598511, 464.135223389, 497.604614258, 834.732666016, 898.235900879, 1608.57592773, 13215.5283203, 25004.1191406, 22176.9765625, 14727.0712891, 27271.8574219, 8349.77441406, 16457.5585938, 9292.09570312, 4203.24853516, 7810.23876953, 9550.31933594, 2713.13061523, 545.901916504, 588.334411621, 416.754272461, 363.162414551, 187.873565674, 200.108398438, 285.96182251, 181.7081604, 199.701019287, 276.897705078, 139.006607056, 31.1008853912, 2.58039975166, 0.00864982884377, 6.71255475027e-06, 3.98702368898e-08, 1.19843368562e-09, 7.21566584261e-10]
    },
    "gfcc": {
        "mean": [12.8709096909, 113.732917786, -153.944595337, 46.5989227295, -69.8892288208, 28.0662975311, -31.5149974823, 7.49033308029, -16.1113262177, -8.89745235443, -5.49474048615, -14.6650257111, 3.17384505272],
        "cov": [[3569.51171875, 335.046447754, 565.71307373, 665.984130859, 182.39994812, 289.684967041, 38.903591156, 140.397521973, 90.8466720581, 191.156768799, 74.1154022217, 49.9605026245, 33.0468978882], [335.046447754, 744.235778809, 323.155181885, 233.236663818, 218.646209717, -90.611907959, 105.355400085, -48.203414917, 107.808158875, 1.56213009357, 82.1760559082, -26.2368068695, 33.9102897644], [565.71307373, 323.155181885, 880.051879883, 424.445068359, 119.338676453, 95.8497924805, -64.7720870972, 20.5655555725, 42.8467254639, 75.3154525757, 37.9602050781, 30.1775341034, 7.7734246254], [665.984130859, 233.236663818, 424.445068359, 566.907165527, 236.116439819, 24.5238361359, 46.5448379517, -0.560606718063, 48.5876350403, 98.2710723877, 41.7630386353, 19.1611785889, 49.3465194702], [182.39994812, 218.646209717, 119.338676453, 236.116439819, 270.510284424, 28.1709804535, 68.3343963623, 22.292634964, 47.1181793213, 45.5670280457, 27.5366687775, -1.7858196497, 42.7704277039], [289.684967041, -90.611907959, 95.8497924805, 24.5238361359, 28.1709804535, 234.252151489, 95.5662536621, 38.5636520386, -29.1813697815, 15.1899032593, 21.2530345917, 17.7696857452, -18.1323051453], [38.903591156, 105.355400085, -64.7720870972, 46.5448379517, 68.3343963623, 95.5662536621, 287.456115723, 23.49659729, -5.85276508331, 4.87836551666, 53.766292572, -11.3293905258, -8.65621948242], [140.397521973, -48.203414917, 20.5655555725, -0.560606718063, 22.292634964, 38.5636520386, 23.49659729, 137.323501587, 54.8094749451, 25.5212345123, -19.0265731812, -11.5032253265, 12.4794178009], [90.8466720581, 107.808158875, 42.8467254639, 48.5876350403, 47.1181793213, -29.1813697815, -5.85276508331, 54.8094749451, 150.75062561, 24.0303707123, -1.09620416164, -13.0713891983, 22.6963710785], [191.156768799, 1.56213009357, 75.3154525757, 98.2710723877, 45.5670280457, 15.1899032593, 4.87836551666, 25.5212345123, 24.0303707123, 123.978164673, 32.2709884644, 15.8861865997, 12.8525075912], [74.1154022217, 82.1760559082, 37.9602050781, 41.7630386353, 27.5366687775, 21.2530345917, 53.766292572, -19.0265731812, -1.09620416164, 32.2709884644, 90.8248519897, 30.884519577, 1.29881882668], [49.9605026245, -26.2368068695, 30.1775341034, 19.1611785889, -1.7858196497, 17.7696857452, -11.3293905258, -11.5032253265, -13.0713891983, 15.8861865997, 30.884519577, 69.733215332, 20.1652069092], [33.0468978882, 33.9102897644, 7.7734246254, 49.3465194702, 42.7704277039, -18.1323051453, -8.65621948242, 12.4794178009, 22.6963710785, 12.8525075912, 1.29881882668, 20.1652069092, 72.1161880493]],
        "icov": [[0.00066404795507, -0.00120303465519, 0.000900463201106, -0.00153830775525, 0.00140565889888, -0.00179008790292, 0.0011203935137, -0.00124969962053, 0.000405006954679, -0.0005571389338, 0.000301965192193, -0.000468519167043, 0.000381327088689], [-0.00120303465519, 0.00696125254035, -0.00435197679326, 0.00452154036611, -0.00598275708035, 0.0066553549841, -0.00466245040298, 0.0049586254172, -0.00319416960701, 0.00270614284091, -0.00360071193427, 0.00325195793994, -0.00186444120482], [0.000900463201106, -0.00435197679326, 0.00508798472583, -0.00515954196453, 0.00444130646065, -0.0055705010891, 0.00438402639702, -0.00372615805827, 0.00158472475596, -0.00124843826052, 0.00111924577504, -0.00192687707022, 0.00199456815608], [-0.00153830775525, 0.00452154036611, -0.00515954196453, 0.00919471308589, -0.00743953604251, 0.0063309292309, -0.00480098417029, 0.00524593703449, -0.00182784383651, -0.000194876949536, -0.000607790716458, 0.00146342627704, -0.00242496398278], [0.00140565889888, -0.00598275708035, 0.00444130646065, -0.00743953604251, 0.0123918158934, -0.00710187200457, 0.0037343155127, -0.00490112509578, 0.00169747578911, -0.00225703394972, 0.00160771142691, -0.000802773342002, -0.000994103495032], [-0.00179008790292, 0.0066553549841, -0.0055705010891, 0.0063309292309, -0.00710187200457, 0.0138745196164, -0.00731018232182, 0.00325108575635, -0.00106993527152, 0.00229112314992, -0.00215599942021, 0.000290661031613, 0.000105625353171], [0.0011203935137, -0.00466245040298, 0.00438402639702, -0.00480098417029, 0.0037343155127, -0.00731018232182, 0.00930795725435, -0.00488226115704, 0.00239018397406, -0.000471867271699, -0.00232395040803, 0.000654943811242, 0.0015914698597], [-0.00124969962053, 0.0049586254172, -0.00372615805827, 0.00524593703449, -0.00490112509578, 0.00325108575635, -0.00488226115704, 0.0149134853855, -0.00600251043215, -0.000823551032227, 0.00170672580134, 0.00287341722287, -0.00318782753311], [0.000405006954679, -0.00319416960701, 0.00158472475596, -0.00182784383651, 0.00169747578911, -0.00106993527152, 0.00239018397406, -0.00600251043215, 0.0107739018276, -0.00160785682965, 0.000341671751812, 0.00050629558973, -0.000805799558293], [-0.0005571389338, 0.00270614284091, -0.00124843826052, -0.000194876949536, -0.00225703394972, 0.00229112314992, -0.000471867271699, -0.000823551032227, -0.00160785682965, 0.0123140942305, -0.00577491521835, 0.000766326673329, -0.000547585368622], [0.000301965192193, -0.00360071193427, 0.00111924577504, -0.000607790716458, 0.00160771142691, -0.00215599942021, -0.00232395040803, 0.00170672580134, 0.000341671751812, -0.00577491521835, 0.0210892055184, -0.010278810747, 0.00319614168257], [-0.000468519167043, 0.00325195793994, -0.00192687707022, 0.00146342627704, -0.000802773342002, 0.000290661031613, 0.000654943811242, 0.00287341722287, 0.00050629558973, 0.000766326673329, -0.010278810747, 0.0238198339939, -0.00874885451049], [0.000381327088689, -0.00186444120482, 0.00199456815608, -0.00242496398278, -0.000994103495032, 0.000105625353171, 0.0015914698597, -0.00318782753311, -0.000805799558293, -0.000547585368622, 0.00319614168257, -0.00874885451049, 0.0201115813106]]
    },
    "melbands": {
        "dmean": [0.00194768456277, 0.00115909567103, 0.000716042763088, 0.000383858103305, 0.000249806500506, 0.000204599549761, 0.000142310585943, 0.000139017793117, 0.000215403546463, 0.000223110429943, 0.000209911522688, 0.000154424458742, 0.000141311596963, 9.63995480561e-05, 7.23195189494e-05, 7.35541834729e-05, 5.38047133887e-05, 4.17951632699e-05, 2.94493002002e-05, 3.58764336852e-05, 2.721432611e-05, 1.72914296854e-05, 1.09466318463e-05, 7.61131059335e-06, 9.4240067483e-06, 7.62777790442e-06, 5.91153047935e-06, 5.38585982213e-06, 3.72123326997e-06, 2.92094614451e-06, 2.51342453339e-06, 2.67263521891e-06, 2.07489733839e-06, 1.76050548362e-06, 1.36106928039e-06, 1.25715280319e-06, 1.23231859561e-06, 1.02155195236e-06, 7.07827211954e-07, 5.47522915895e-07],
        "dmean2": [0.00307344761677, 0.0018966672942, 0.00119302177336, 0.000622400431894, 0.000393293943489, 0.000321436382364, 0.000225490424782, 0.000209905410884, 0.000338406447554, 0.000339530175552, 0.000328229914885, 0.000239040964516, 0.000225641953875, 0.000153705230332, 0.000115602764708, 0.000119017771794, 8.82936292328e-05, 6.69070213917e-05, 4.69162478112e-05, 5.85070847592e-05, 4.39506438852e-05, 2.78220359178e-05, 1.80410261237e-05, 1.25300421132e-05, 1.55549096235e-05, 1.26175018522e-05, 9.81175253401e-06, 9.15757664188e-06, 6.33671288597e-06, 4.92603203384e-06, 4.10858592659e-06, 4.26935093856e-06, 3.31034425471e-06, 2.79733762909e-06, 2.09548011298e-06, 1.91953972717e-06, 1.93711071006e-06, 1.55684722358e-06, 1.08196559268e-06, 8.34247373405e-07],
        "dvar": [2.38352404267e-05, 4.26026781497e-06, 1.9547460397e-06, 6.63567846004e-07, 2.76737836202e-07, 2.45271053245e-07, 1.09773736767e-07, 1.08286087652e-07, 3.04078128011e-07, 3.49269129174e-07, 2.43986590931e-07, 9.68450919459e-08, 1.03121266193e-07, 3.2035821107e-08, 2.13683204464e-08, 3.01625178167e-08, 1.60232040969e-08, 8.42035241533e-09, 3.34786021128e-09, 9.8393533321e-09, 4.91925966628e-09, 1.66057056994e-09, 5.39382483122e-10, 1.59933927213e-10, 2.31141689122e-10, 1.56921850514e-10, 9.32168509049e-11, 9.37411190338e-11, 4.78020123484e-11, 4.52517745497e-11, 5.00604765974e-11, 6.78748376948e-11, 4.55072195205e-11, 3.89490419084e-11, 3.65142915904e-11, 6.20986248534e-11, 9.13330799879e-11, 9.07658254112e-11, 2.35251696595e-11, 1.38366991476e-11],
        "dvar2": [5.49760043214e-05, 1.03240236058e-05, 5.20728644915e-06, 1.60750312261e-06, 6.66472487865e-07, 6.01605563588e-07, 2.54086728546e-07, 2.30076977914e-07, 7.28905376945e-07, 7.90891135694e-07, 5.74443959067e-07, 2.17781050083e-07, 2.72526506251e-07, 7.55522222562e-08, 5.05234183379e-08, 7.59352332125e-08, 4.27066098041e-08, 1.99630783015e-08, 7.89639376109e-09, 2.70150799508e-08, 1.2706538044e-08, 3.96674204595e-09, 1.48264678312e-09, 4.13871742433e-10, 5.82144166206e-10, 3.89922205635e-10, 2.53167320441e-10, 2.68612659893e-10, 1.36790814786e-10, 1.21609181059e-10, 1.29058444487e-10, 1.62698646222e-10, 1.08087871986e-10, 9.40672539862e-11, 8.86633821917e-11, 1.29543306637e-10, 2.1988329213e-10, 2.22620685775e-10, 5.26269999801e-11, 3.00719102397e-11],
        "max": [0.0718985050917, 0.0462347529829, 0.0339544788003, 0.0149032408372, 0.0147371515632, 0.0204177107662, 0.00926503445953, 0.0101741133258, 0.0130594158545, 0.0131078120321, 0.00992538873106, 0.00623605027795, 0.00619129929692, 0.00349501753226, 0.00318336975761, 0.00421009352431, 0.00296075455844, 0.00335334707052, 0.00150112633128, 0.00271073007025, 0.00207249331288, 0.00206086225808, 0.00102085305844, 0.000422991375672, 0.000315713434247, 0.000396767427446, 0.000202997980523, 0.000195130895008, 0.000172730520717, 0.000200453432626, 0.000281460554106, 0.000346361426637, 0.000285594724119, 0.000221785914619, 0.000230196354096, 0.000491823826451, 0.000498971319757, 0.000442876364104, 0.000278321735095, 0.00024015699455],
        "mean": [0.00232369778678, 0.0019701749552, 0.0012498756405, 0.0006497289869, 0.0004516125191, 0.000370024121366, 0.000242847323534, 0.000252158439253, 0.000431705702795, 0.000435768772149, 0.000379800010705, 0.000282207940472, 0.00026929329033, 0.000176630477654, 0.000131972250529, 0.00013641534315, 9.93137655314e-05, 7.267784531e-05, 5.64984002267e-05, 6.71621310175e-05, 5.37668165634e-05, 3.42288985848e-05, 2.09714271477e-05, 1.57964641403e-05, 1.87169243873e-05, 1.50441019287e-05, 1.19363476188e-05, 1.08692529466e-05, 7.25476274965e-06, 5.27794964e-06, 4.85453165311e-06, 5.26208759766e-06, 3.98512111133e-06, 3.10648670165e-06, 2.36289906752e-06, 2.03444164981e-06, 1.81585062364e-06, 1.46444403981e-06, 1.09793791125e-06, 8.20002355795e-07],
        "median": [0.000965025101323, 0.0012389132753, 0.00068887451198, 0.000295693433145, 0.000209618912777, 0.000180482908036, 0.000102736055851, 0.000105243736471, 0.000149864470586, 0.000131348439027, 9.99403418973e-05, 9.04203407117e-05, 7.31935506337e-05, 7.65521035646e-05, 5.25951181771e-05, 3.9777267375e-05, 3.45191147062e-05, 3.9101789298e-05, 2.76398004644e-05, 2.62296343863e-05, 2.24628529395e-05, 1.6131587472e-05, 1.34800948217e-05, 1.12905800052e-05, 1.29512191052e-05, 1.01672230812e-05, 7.43608870835e-06, 6.73419162922e-06, 4.43735552835e-06, 3.16304931403e-06, 2.9161888051e-06, 2.90451589535e-06, 1.97519375433e-06, 1.39214421324e-06, 8.92871753422e-07, 6.85264808453e-07, 4.81156462229e-07, 3.39550979334e-07, 2.94914002552e-07, 2.30320665651e-07],
        "min": [7.70311077693e-24, 1.78322417833e-23, 1.07156790661e-23, 3.11129068159e-24, 7.1261773539e-24, 6.07058995485e-24, 8.43030879177e-24, 2.86386445867e-24, 7.20826700855e-24, 7.24805320831e-24, 1.28490066561e-23, 3.93948024724e-24, 7.82581256871e-24, 1.13180082883e-23, 9.79898798436e-24, 3.32992782021e-24, 6.25542045937e-24, 5.81703862142e-24, 9.53373823814e-24, 6.45786938335e-24, 6.83660544825e-24, 1.14125753559e-23, 1.18155223508e-23, 7.65013008967e-24, 8.20104766891e-24, 7.24262505642e-24, 8.05939191616e-24, 1.25532469256e-23, 8.0778118183e-24, 7.5232370799e-24, 1.04283080824e-23, 8.78884055117e-24, 1.01576270288e-23, 6.03371820171e-24, 8.81437597867e-24, 7.5047801013e-24, 1.05603050222e-23, 1.06157564218e-23, 1.03735422029e-23, 1.01852971139e-23],
        "var": [2.44302755164e-05, 6.20850596533e-06, 3.54851408702e-06, 1.35922732625e-06, 5.8235019651e-07, 3.77892320103e-07, 1.98527402517e-07, 2.22483919288e-07, 8.71808140346e-07, 1.10352993943e-06, 5.82671248139e-07, 2.70245408274e-07, 2.9922071576e-07, 8.75720473914e-08, 5.4056101817e-08, 8.44761203211e-08, 4.1185497679e-08, 1.44436818061e-08, 9.15960374215e-09, 2.40479156588e-08, 1.45287382125e-08, 4.86855444848e-09, 8.25333412724e-10, 3.15317910671e-10, 4.82314688188e-10, 3.2551017437e-10, 1.98106156479e-10, 1.89870050238e-10, 8.44642758513e-11, 6.85667425615e-11, 7.5649479736e-11, 1.06555091139e-10, 7.1426739523e-11, 5.71423672269e-11, 5.95318239149e-11, 1.03646972949e-10, 1.2040921038e-10, 1.01163431798e-10, 3.28097930768e-11, 2.02608572281e-11]
    },
    "mfcc": {
        "mean": [-607.260925293, 118.806907654, -14.6157712936, 16.1049041748, -3.62724399567, 9.99060344696, 2.61541676521, 8.29771327972, 2.55016827583, 3.16115260124, 0.170953571796, -3.02792644501, -0.381752967834],
        "cov": [[2912.30493164, -32.9422721863, 412.17791748, 396.409637451, 265.174194336, 240.648361206, 146.535629272, 58.7368087769, 118.815307617, 103.416419983, 103.563964844, 99.0921707153, 118.375701904], [-32.9422721863, 612.545227051, 110.845535278, 184.708282471, 79.9570770264, 27.3382301331, 2.40772843361, 12.3840923309, 3.77695083618, 22.1452388763, 30.364315033, 21.9339733124, 32.3478660583], [412.17791748, 110.845535278, 757.846557617, 244.851211548, 221.041885376, 117.695205688, 14.6636629105, 6.35536003113, -9.47724246979, 11.9729967117, 29.3618984222, 45.91979599, 47.5354576111], [396.409637451, 184.708282471, 244.851211548, 588.787963867, 218.591659546, 131.895904541, 51.5528297424, -47.033039093, 68.2995147705, 36.4622192383, -3.86648654938, 79.2665634155, 88.2732467651], [265.174194336, 79.9570770264, 221.041885376, 218.591659546, 306.715545654, 45.7454566956, -36.727684021, -24.3938331604, 60.7424430847, 27.7819385529, -19.0006771088, 37.0535507202, 50.359336853], [240.648361206, 27.3382301331, 117.695205688, 131.895904541, 45.7454566956, 205.408294678, 129.596008301, 34.2414894104, -2.16859436035, 6.66005420685, 34.8326911926, 25.0852069855, 24.451625824], [146.535629272, 2.40772843361, 14.6636629105, 51.5528297424, -36.727684021, 129.596008301, 244.631393433, 64.4959564209, 5.09995508194, 11.4141521454, 38.9355316162, 20.858953476, 4.5155043602], [58.7368087769, 12.3840923309, 6.35536003113, -47.033039093, -24.3938331604, 34.2414894104, 64.4959564209, 134.529006958, 23.172290802, 25.2234859467, 24.7296485901, -11.2454929352, -10.6498765945], [118.815307617, 3.77695083618, -9.47724246979, 68.2995147705, 60.7424430847, -2.16859436035, 5.09995508194, 23.172290802, 135.696655273, 64.2805862427, 5.27203798294, 17.9487171173, 12.1361112595], [103.416419983, 22.1452388763, 11.9729967117, 36.4622192383, 27.7819385529, 6.66005420685, 11.4141521454, 25.2234859467, 64.2805862427, 116.459663391, 27.6502418518, 14.1153860092, 0.965736687183], [103.563964844, 30.364315033, 29.3618984222, -3.86648654938, -19.0006771088, 34.8326911926, 38.9355316162, 24.7296485901, 5.27203798294, 27.6502418518, 92.2986984253, 24.8664550781, 5.14752101898], [99.0921707153, 21.9339733124, 45.91979599, 79.2665634155, 37.0535507202, 25.0852069855, 20.858953476, -11.2454929352, 17.9487171173, 14.1153860092, 24.8664550781, 86.9925308228, 34.2659873962], [118.375701904, 32.3478660583, 47.5354576111, 88.2732467651, 50.359336853, 24.451625824, 4.5155043602, -10.6498765945, 12.1361112595, 0.965736687183, 5.14752101898, 34.2659873962, 81.0472335815]],
