{
"lowlevel": {
    "average_loudness": 0.961229860783,
    "barkbands_crest": {
        "dmean": 2.39906001091,
        "dmean2": 3.93068623543,
        "dvar": 4.92655515671,
        "dvar2": 12.1387138367,
        "max": 25.0947036743,
        "mean": 8.04605960846,
        "median": 7.13531732559,
        "min": 1.94644367695,
        "var": 14.8634996414
    },
    "barkbands_flatness_db": {
        "dmean": 0.0170014295727,
        "dmean2": 0.0261533278972,
        "dvar": 0.000230829187785,
        "dvar2": 0.000511967053171,
        "max": 0.341816484928,
        "mean": 0.137953042984,
        "median": 0.131761014462,
        "min": 0.0557979270816,
        "var": 0.00146347528789
    },
    "barkbands_kurtosis": {
        "dmean": 1.09218108654,
        "dmean2": 1.73114800453,
        "dvar": 5.68640470505,
        "dvar2": 13.6167354584,
        "max": 114.760887146,
        "mean": 0.753132998943,
        "median": -0.0589165687561,
        "min": -1.81325137615,
        "var": 8.75991249084
    },
    "barkbands_skewness": {
        "dmean": 0.381235003471,
        "dmean2": 0.589297235012,
        "dvar": 0.138370424509,
        "dvar2": 0.324538171291,
        "max": 9.20689487457,
        "mean": 0.664257287979,
        "median": 0.592788159847,
        "min": -4.1929898262,
        "var": 0.618473947048
    },
    "barkbands_spread": {
        "dmean": 4.66296625137,
        "dmean2": 7.15810632706,
        "dvar": 27.8983840942,
        "dvar2": 56.2925949097,
        "max": 94.061126709,
        "mean": 22.4679088593,
        "median": 21.0485496521,
        "min": 1.8957477808,
        "var": 131.221099854
    },
    "dissonance": {
        "dmean": 0.0152960726991,
        "dmean2": 0.0258680954576,
        "dvar": 0.000244446913712,
        "dvar2": 0.000659571378492,
        "max": 0.500000119209,
        "mean": 0.474569499493,
        "median": 0.480640083551,
        "min": 0.287580966949,
        "var": 0.000523959519342
    },
    "dynamic_complexity": 2.01911830902,
    "erbbands_crest": {
        "dmean": 2.61396574974,
        "dmean2": 4.27444839478,
        "dvar": 6.22481632233,
        "dvar2": 15.3867702484,
        "max": 32.9157714844,
        "mean": 8.65305709839,
        "median": 7.50902748108,
        "min": 2.17903590202,
        "var": 18.3578071594
    },
    "erbbands_flatness_db": {
        "dmean": 0.0163435842842,
        "dmean2": 0.0246669296175,
        "dvar": 0.000226308911806,
        "dvar2": 0.00046933919657,
        "max": 0.418004363775,
        "mean": 0.193626999855,
        "median": 0.187719345093,
        "min": 0.0612723343074,
        "var": 0.00204986077733
    },
    "erbbands_kurtosis": {
        "dmean": 0.831109285355,
        "dmean2": 1.34248578548,
        "dvar": 1.79750227928,
        "dvar2": 4.34493732452,
        "max": 54.705696106,
        "mean": 0.567529737949,
        "median": 0.0904536247253,
        "min": -1.60848248005,
        "var": 4.90433502197
    },
    "erbbands_skewness": {
        "dmean": 0.340101450682,
        "dmean2": 0.533170461655,
        "dvar": 0.0945877283812,
        "dvar2": 0.218637943268,
        "max": 6.33620452881,
        "mean": 0.216037198901,
        "median": 0.142277061939,
        "min": -3.94691300392,
        "var": 0.485876828432
    },
    "erbbands_spread": {
        "dmean": 5.4838757515,
        "dmean2": 8.52412605286,
        "dvar": 33.1549453735,
        "dvar2": 75.6139221191,
        "max": 108.427955627,
        "mean": 27.1904659271,
        "median": 24.6869220734,
        "min": 1.93792939186,
        "var": 156.98928833
    },
    "hfc": {
        "dmean": 7.95094203949,
        "dmean2": 12.02805233,
        "dvar": 86.2997741699,
        "dvar2": 186.832382202,
        "max": 169.546615601,
        "mean": 30.8177719116,
        "median": 30.1563072205,
        "min": 1.20912325329e-16,
        "var": 303.867675781
    },
    "melbands_crest": {
        "dmean": 3.20271253586,
        "dmean2": 5.20525979996,
        "dvar": 7.88049793243,
        "dvar2": 20.3669490814,
        "max": 33.5813674927,
        "mean": 11.0336456299,
        "median": 10.0898599625,
        "min": 1.06828081608,
        "var": 24.0474681854
    },
    "melbands_flatness_db": {
        "dmean": 0.0205228552222,
        "dmean2": 0.0308133047074,
        "dvar": 0.000360937177902,
        "dvar2": 0.00076164805796,
        "max": 0.38329783082,
        "mean": 0.146004959941,
        "median": 0.141595438123,
        "min": 2.80571985058e-05,
        "var": 0.00218237913214
    },
    "melbands_kurtosis": {
        "dmean": 2.25266194344,
        "dmean2": 3.55991625786,
        "dvar": 13.9256296158,
        "dvar2": 33.663028717,
        "max": 106.004447937,
        "mean": 3.45214390755,
        "median": 1.86944961548,
        "min": -1.77532613277,
        "var": 31.6990909576
    },
    "melbands_skewness": {
        "dmean": 0.457347154617,
        "dmean2": 0.709283769131,
        "dvar": 0.198070511222,
        "dvar2": 0.474867552519,
        "max": 8.36605930328,
        "mean": 1.34209346771,
        "median": 1.25253641605,
        "min": -2.90812706947,
        "var": 0.929199457169
    },
    "melbands_spread": {
        "dmean": 7.17097663879,
        "dmean2": 11.233376503,
        "dvar": 64.9840164185,
        "dvar2": 144.255996704,
        "max": 169.731567383,
        "mean": 31.5248317719,
        "median": 30.0084838867,
        "min": 2.08759260178,
        "var": 249.627105713
    },
    "pitch_salience": {
        "dmean": 0.0647069811821,
        "dmean2": 0.104602240026,
        "dvar": 0.00318173877895,
        "dvar2": 0.00788218900561,
        "max": 0.97686123848,
        "mean": 0.62913364172,
        "median": 0.642951846123,
        "min": 0.178476080298,
        "var": 0.011595220305
    },
    "silence_rate_20dB": {
        "dmean": 0,
        "dmean2": 0,
        "dvar": 0,
        "dvar2": 0,
        "max": 1,
        "mean": 1,
        "median": 1,
        "min": 1,
        "var": 0
    },
    "silence_rate_30dB": {
        "dmean": 0,
        "dmean2": 0,
        "dvar": 0,
        "dvar2": 0,
        "max": 1,
        "mean": 1,
        "median": 1,
        "min": 1,
        "var": 0
    },
    "silence_rate_60dB": {
        "dmean": 0.00978753902018,
        "dmean2": 0.0195774137974,
        "dvar": 0.00969147123396,
        "dvar2": 0.0242060925812,
        "max": 1,
        "mean": 0.0428452081978,
        "median": 0,
        "min": 0,
        "var": 0.0410048924387
    },
    "spectral_centroid": {
        "dmean": 222.893203735,
        "dmean2": 345.923675537,
        "dvar": 55311.8085938,
        "dvar2": 119196.648438,
        "max": 11067.6523438,
        "mean": 1600.6817627,
        "median": 1606.88305664,
        "min": 250.931503296,
        "var": 241695.765625
    },
    "spectral_complexity": {
        "dmean": 4.36643600464,
        "dmean2": 6.81532764435,
        "dvar": 15.8515958786,
        "dvar2": 34.2516822815,
        "max": 59,
        "mean": 29.4610328674,
        "median": 31,
        "min": 0,
        "var": 105.280517578
    },
    "spectral_decrease": {
        "dmean": 1.81216719408e-09,
        "dmean2": 2.85382228959e-09,
        "dvar": 3.80447577955e-18,
        "dvar2": 8.86413610011e-18,
        "max": 1.91613072255e-29,
        "mean": -7.0417289777e-09,
        "median": -6.8807066711e-09,
        "min": -2.52320386807e-08,
        "var": 1.39496565682e-17
    },
    "spectral_energy": {
        "dmean": 0.00736202951521,
        "dmean2": 0.0115690287203,
        "dvar": 6.03076368861e-05,
        "dvar2": 0.000141364245792,
        "max": 0.1015721187,
        "mean": 0.0293723363429,
        "median": 0.0290547423065,
        "min": 1.08947974635e-20,
        "var": 0.000223749317229
    },
    "spectral_energyband_high": {
        "dmean": 0.000414621084929,
        "dmean2": 0.000610318733379,
        "dvar": 8.48064246384e-07,
        "dvar2": 1.65106837358e-06,
        "max": 0.0198889411986,
        "mean": 0.000863951107021,
        "median": 0.000494974083267,
        "min": 7.93593121495e-21,
        "var": 2.09286122299e-06
    },
    "spectral_energyband_low": {
        "dmean": 0.00200074049644,
        "dmean2": 0.00305673410185,
        "dvar": 1.15450702651e-05,
        "dvar2": 2.45946375799e-05,
        "max": 0.0655962824821,
        "mean": 0.00442949868739,
        "median": 0.0019691165071,
        "min": 5.04785214384e-23,
        "var": 4.39370778622e-05
    },
    "spectral_energyband_middle_high": {
        "dmean": 0.0032066158019,
        "dmean2": 0.00507050240412,
        "dvar": 1.18113403005e-05,
        "dvar2": 2.88172723231e-05,
        "max": 0.056293707341,
        "mean": 0.0113839516416,
        "median": 0.0101510509849,
        "min": 1.58670235445e-21,
        "var": 5.59226682526e-05
    },
    "spectral_energyband_middle_low": {
        "dmean": 0.00538736814633,
        "dmean2": 0.0084990048781,
        "dvar": 4.75204287795e-05,
        "dvar2": 0.00011088764586,
        "max": 0.0876649543643,
        "mean": 0.0134129999205,
        "median": 0.00990539509803,
        "min": 1.94112895111e-22,
        "var": 0.000137486626045
    },
    "spectral_entropy": {
        "dmean": 0.125552371144,
        "dmean2": 0.187324330211,
        "dvar": 0.0159768424928,
        "dvar2": 0.0322252251208,
        "max": 9.78194236755,
        "mean": 7.7543463707,
        "median": 7.76709747314,
        "min": 6.05877304077,
        "var": 0.0794549956918
    },
    "spectral_flux": {
        "dmean": 0.02043152228,
        "dmean2": 0.0319518223405,
        "dvar": 0.000419234158471,
        "dvar2": 0.000975442526396,
        "max": 0.253327637911,
        "mean": 0.100012645125,
        "median": 0.0995612516999,
        "min": 1.04378145016e-10,
        "var": 0.00126776320394
    },
    "spectral_kurtosis": {
        "dmean": 1.56551790237,
        "dmean2": 2.63591480255,
        "dvar": 2.64694070816,
        "dvar2": 7.39376878738,
        "max": 31.9911460876,
        "mean": 4.5044927597,
        "median": 4.12018966675,
        "min": -1.21293663979,
        "var": 6.14527702332
    },
    "spectral_rms": {
        "dmean": 0.000658628821839,
        "dmean2": 0.00102122162934,
        "dvar": 3.93139686139e-07,
        "dvar2": 8.82895903942e-07,
        "max": 0.00995463505387,
        "mean": 0.0051289414987,
        "median": 0.00532410480082,
        "min": 3.2602256398e-12,
        "var": 2.34983644987e-06
    },
    "spectral_rolloff": {
        "dmean": 415.37298584,
        "dmean2": 664.95123291,
        "dvar": 599431.25,
        "dvar2": 1186375,
        "max": 19078.4179688,
        "mean": 1997.10290527,
        "median": 1851.85546875,
        "min": 43.06640625,
        "var": 1523189.5
    },
    "spectral_skewness": {
        "dmean": 0.205295100808,
        "dmean2": 0.336493462324,
        "dvar": 0.0371273495257,
        "dvar2": 0.0958714857697,
        "max": 3.72149777412,
        "mean": 1.55421257019,
        "median": 1.5335611105,
        "min": -0.00889583770186,
        "var": 0.121020793915
    },
    "spectral_spread": {
        "dmean": 433233.0625,
        "dmean2": 649910.25,
        "dvar": 416312098816,
        "dvar2": 646268452864,
        "max": 40239724,
        "mean": 3858498.75,
        "median": 3648401,
        "min": 1555072.625,
        "var": 1.51064267981e+12
    },
    "spectral_strongpeak": {
        "dmean": 0.824231564999,
        "dmean2": 1.38603258133,
        "dvar": 1.09542882442,
        "dvar2": 2.76507902145,
        "max": 11.5435190201,
        "mean": 1.43512189388,
        "median": 0.974144279957,
        "min": 0,
        "var": 2.02304506302
    },
    "zerocrossingrate": {
        "dmean": 0.00868025142699,
        "dmean2": 0.0100862104446,
        "dvar": 0.000155929476023,
        "dvar2": 0.000161158546689,
        "max": 0.67724609375,
        "mean": 0.0712728649378,
        "median": 0.0673828125,
        "min": 0.00927734375,
        "var": 0.000962873338722
    },
    "barkbands": {
        "dmean": [8.53392994031e-05, 0.00137630861718, 0.00104620528873, 0.000758337555453, 0.00171184493229, 0.00133325951174, 0.00187394593377, 0.00161991093773, 0.00127010419965, 0.000999204581603, 0.000814881466795, 0.00080352392979, 0.000854617392179, 0.000777296314482, 0.000733898952603, 0.000589464150835, 0.000528897973709, 0.000233484315686, 0.000207787757972, 0.000168512546225, 8.90494411578e-05, 8.68517963681e-05, 9.05400156626e-05, 7.9911253124e-05, 8.3335362433e-05, 2.30040711813e-07, 1.34576905175e-09],
        "dmean2": [0.000143763041706, 0.00210291496478, 0.00169696635567, 0.0012553378474, 0.00281227217056, 0.00219196663238, 0.00299270893447, 0.0025782561861, 0.0020404891111, 0.00164316827431, 0.0013682693243, 0.00133383204229, 0.00139499129727, 0.00124641112052, 0.00119204760995, 0.000967403175309, 0.000875039491802, 0.000383509148378, 0.000341886217939, 0.000282675784547, 0.000144030113006, 0.000136021830258, 0.000138004645123, 0.00011739294132, 0.000122898782138, 3.89450718785e-07, 2.4992552472e-09],
        "dvar": [3.161540576e-07, 6.69774271955e-06, 5.91743355471e-06, 2.28909289035e-06, 8.47553474159e-06, 8.01708301879e-06, 1.87629029824e-05, 1.43281613418e-05, 6.41142787572e-06, 2.64702248387e-06, 2.18508830585e-06, 1.65586175171e-06, 1.87283410469e-06, 1.87995942724e-06, 1.76387891315e-06, 8.37776610751e-07, 6.75203807532e-07, 1.27171745135e-07, 1.11662892266e-07, 8.80416095583e-08, 2.63706230186e-08, 3.10157375338e-08, 6.16934272557e-08, 7.24210096337e-08, 1.04114377564e-07, 2.37434551187e-12, 5.93204767707e-17],
        "dvar2": [9.96574726742e-07, 1.52894845087e-05, 1.3131661035e-05, 5.75926605961e-06, 2.14947467612e-05, 1.92907464225e-05, 4.44072102255e-05, 3.30650727847e-05, 1.5018204067e-05, 6.45012141831e-06, 6.21094932285e-06, 4.29036981586e-06, 4.76301147501e-06, 4.44243596576e-06, 4.4114690354e-06, 2.19075036512e-06, 1.71919884906e-06, 3.28222085955e-07, 2.76072000815e-07, 2.34522858023e-07, 6.97293742746e-08, 7.71036496872e-08, 1.35070095553e-07, 1.43607309155e-07, 2.18466482238e-07, 6.596344998e-12, 1.77064124636e-16],
        "max": [0.0253851022571, 0.0599676407874, 0.0413532182574, 0.0362394787371, 0.0481558740139, 0.0490888506174, 0.0739497840405, 0.0744911134243, 0.0633696615696, 0.0349593907595, 0.0269955284894, 0.0235160626471, 0.0234232917428, 0.0366026200354, 0.0289482884109, 0.0175915062428, 0.0183040499687, 0.00810302048922, 0.0108860768378, 0.00590917747468, 0.00300263357349, 0.003644132521, 0.00677292700857, 0.00857940595597, 0.00746892392635, 6.16255347268e-05, 4.93354377795e-07],
        "mean": [0.000107082923932, 0.00259214034304, 0.00126230216119, 0.000933601288125, 0.00258741737343, 0.00199272437021, 0.00279473653063, 0.00254677375779, 0.00206187204458, 0.00171772902831, 0.00129306258168, 0.00136455940083, 0.00146000855602, 0.00128886161838, 0.00129774701782, 0.00107287964784, 0.00104908912908, 0.000465394987259, 0.000435519235907, 0.000324985798215, 0.000169803912286, 0.00014763251238, 0.000144918914884, 0.000132942310302, 0.000128328276332, 2.21680920731e-07, 1.46840373194e-09],
        "median": [1.2160058759e-05, 0.000732349348255, 0.000425522041041, 0.000342398649082, 0.00129710871261, 0.000828451651614, 0.000787914730608, 0.000687243649736, 0.000933475210331, 0.000969878048636, 0.000655757146887, 0.00076162640471, 0.000857653853018, 0.000723637698684, 0.000770092417952, 0.000688275671564, 0.000666118401568, 0.000325516768498, 0.00033529146458, 0.000233307364397, 0.000111666464363, 8.41796427267e-05, 6.3391700678e-05, 5.10579520778e-05, 3.60574194929e-05, 3.65547059289e-08, 8.2570544846e-10],
        "min": [1.19844900458e-23, 2.52714178451e-23, 6.10501821133e-24, 2.8408673489e-23, 7.00867320885e-23, 2.53527036505e-23, 7.11159526006e-24, 2.83895798996e-23, 3.08419054848e-23, 3.55390988589e-23, 3.46127868295e-23, 7.31500052012e-23, 9.52753952692e-23, 8.14440319607e-23, 1.23464027053e-22, 1.15849891108e-22, 1.7210043206e-22, 2.31062306875e-22, 4.66520171957e-22, 2.97953294017e-22, 4.80502876653e-22, 8.00781615863e-22, 6.07583546966e-22, 8.4460371005e-22, 1.40431821803e-21, 1.61932600642e-21, 2.22889046516e-21],
        "var": [4.14297204543e-07, 2.16338430619e-05, 7.74705404183e-06, 3.41032091455e-06, 1.38827008414e-05, 1.43126580952e-05, 3.74637675122e-05, 3.4504559153e-05, 1.37397501021e-05, 5.76398861085e-06, 3.79778839488e-06, 3.52305551132e-06, 3.56564578397e-06, 3.39790108228e-06, 3.29458998749e-06, 1.67353073266e-06, 1.59460921623e-06, 2.8177876743e-07, 2.17789875023e-07, 1.30187558511e-07, 4.08701552601e-08, 4.75799559752e-08, 1.1883003026e-07, 1.53676637638e-07, 1.99557916858e-07, 1.82895820884e-12, 3.10912012881e-17]
    },
    "erbbands": {
        "dmean": [0.0386411882937, 0.338580399752, 1.06620621681, 1.9449031353, 3.81518673897, 6.36436414719, 9.28345394135, 11.8542442322, 21.8812847137, 32.9373207092, 31.6818828583, 29.7498912811, 27.9108142853, 30.8315486908, 31.5240478516, 30.6397972107, 37.0064086914, 37.8326148987, 40.7504081726, 28.9838981628, 31.85987854, 25.7694969177, 13.7382459641, 10.3529644012, 10.2993011475, 7.70124101639, 4.75185585022, 3.01934099197, 2.85603737831, 3.31928563118, 2.48507499695, 1.6229172945, 1.43866086006, 1.06647193432, 0.548025071621, 0.0374970696867, 0.000929055095185, 5.99598606641e-05, 1.06444249468e-05, 9.72027737589e-06],
        "dmean2": [0.0579420439899, 0.517218291759, 1.65055596828, 3.2012116909, 6.35852003098, 10.5663957596, 15.4905004501, 19.4270858765, 34.638923645, 51.5929298401, 50.2123184204, 47.4658966064, 45.0268516541, 50.9115715027, 52.8260002136, 50.4639778137, 60.4906082153, 60.676158905, 65.7317428589, 46.7665748596, 52.2446327209, 42.4661064148, 22.567697525, 17.0109062195, 16.8957309723, 12.848238945, 7.90409660339, 4.88564872742, 4.51064014435, 5.09345006943, 3.79626178741, 2.40268826485, 2.14292120934, 1.60162889957, 0.81925201416, 0.0574030168355, 0.00139656371903, 8.8492546638e-05, 1.57667163876e-05, 1.50632431541e-05],
        "dvar": [0.00547176692635, 0.43627679348, 5.8127617836, 16.8901824951, 44.7010993958, 164.988693237, 396.571166992, 773.323913574, 2607.65405273, 6192.21972656, 5964.18994141, 4149.73535156, 2704.10498047, 2293.34057617, 3136.35131836, 2470.06982422, 3629.31079102, 4561.79980469, 5540.14697266, 2043.99169922, 2292.27807617, 1730.71704102, 455.333221436, 256.453674316, 324.963043213, 184.4425354, 87.1211395264, 35.8717002869, 34.6043434143, 55.4275741577, 51.8792762756, 29.8702068329, 26.4616165161, 17.5694217682, 5.16774225235, 0.0303108021617, 1.66483714565e-05, 5.81163099866e-08, 8.92814711051e-10, 1.1872419714e-10],
        "dvar2": [0.0113327782601, 0.958499372005, 12.9045381546, 42.9502410889, 115.914077759, 423.598632812, 1006.56091309, 1863.95593262, 6091.67871094, 14193.6357422, 14298.8056641, 9721.66210938, 6630.58496094, 5923.99804688, 8860.47558594, 6458.12988281, 9145.72558594, 10849.5498047, 13778.6064453, 4960.99365234, 5862.57275391, 4338.62402344, 1155.66601562, 652.702514648, 826.152282715, 497.298187256, 235.007598877, 96.6922836304, 88.3214874268, 126.844337463, 114.703491211, 61.8338699341, 54.3403930664, 39.1575241089, 11.1312894821, 0.0712667107582, 3.7657780922e-05, 1.24159782899e-07, 1.82685755412e-09, 2.66025784734e-10],
        "max": [1.27149999142, 15.2780857086, 46.9590148926, 71.0908584595, 99.2146224976, 275.28918457, 472.078491211, 590.998352051, 1079.10510254, 1548.72070312, 1955.34851074, 1831.68115234, 1289.96057129, 816.939941406, 1390.61352539, 840.440551758, 1086.60998535, 2049.14477539, 1644.20349121, 1006.09124756, 986.143371582, 930.474853516, 505.914520264, 443.428955078, 633.957641602, 263.744873047, 147.510910034, 142.572372437, 139.253997803, 230.534500122, 168.809555054, 161.672958374, 149.566558838, 119.697303772, 60.8203773499, 4.75455617905, 0.106456920505, 0.00627045240253, 0.00074715539813, 0.000197934146854],
        "mean": [0.0699468404055, 0.59686177969, 1.41751301289, 2.57184267044, 5.14991807938, 9.07427024841, 13.2094011307, 17.4827594757, 33.0288047791, 50.9784660339, 53.4926300049, 48.9116630554, 50.2931938171, 55.8158721924, 56.953666687, 55.9292297363, 67.1831436157, 69.480255127, 73.0458068848, 56.9970397949, 63.2990150452, 54.645614624, 29.7874183655, 22.2169704437, 21.8625888824, 15.251001358, 8.8642282486, 5.71352338791, 4.92493247986, 5.19302511215, 3.96203398705, 2.66524863243, 2.32278966904, 1.63223719597, 0.797067582607, 0.0504325777292, 0.00133581983391, 9.69572211034e-05, 2.96921771223e-05, 3.87874279113e-05],
        "median": [0.0163356401026, 0.178721472621, 0.538411080837, 1.07053029537, 2.37002778053, 3.99881386757, 5.40433645248, 7.21111297607, 10.6554012299, 15.2610559464, 17.789358139, 22.5341148376, 27.367855072, 33.0981559753, 32.8032264709, 33.9841423035, 40.9624328613, 42.9573478699, 42.678604126, 38.2728614807, 43.7516098022, 35.4943351746, 21.1761684418, 17.2255973816, 16.3130664825, 11.0379552841, 5.8907828331, 3.72316074371, 2.87850785255, 2.47642183304, 1.69860196114, 1.09210896492, 0.816776096821, 0.501888871193, 0.192313969135, 0.0111348340288, 0.000333114236128, 3.10158866341e-05, 2.28506214626e-05, 3.81689096685e-05],
        "min": [4.22883340176e-22, 6.69161489015e-21, 9.34317707882e-21, 5.5532311597e-20, 2.47001326637e-19, 1.51133239141e-19, 2.36995103712e-19, 1.37248275852e-19, 8.38874619969e-20, 2.54482089603e-19, 6.39049962756e-19, 8.4291120966e-19, 5.9771605774e-19, 1.56762833935e-18, 1.4987593495e-18, 3.05863162984e-18, 4.70584456688e-18, 4.5823990274e-18, 4.71796028132e-18, 7.62909340702e-18, 5.79894678917e-18, 1.1149473178e-17, 1.04328783416e-17, 2.16878898396e-17, 2.11214762608e-17, 1.62917936572e-17, 1.70375118686e-17, 2.2524847727e-17, 3.29202796022e-17, 1.35276166119e-17, 2.20756903087e-17, 1.72698784832e-17, 1.45632409486e-17, 1.58230816892e-17, 8.20963523069e-18, 5.45091964543e-18, 2.99566602122e-18, 1.31386225212e-18, 2.9814592976e-19, 3.43284187048e-20],
        "var": [0.0178922563791, 1.23270082474, 8.57716274261, 24.6400661469, 61.2213287354, 249.941253662, 650.340270996, 1304.27587891, 4609.18164062, 13989.4697266, 14799.3251953, 8779.66992188, 5954.32324219, 4930.66845703, 6004.64160156, 5217.22216797, 7173.18847656, 8312.89453125, 10537.8046875, 4418.35888672, 5056.54248047, 4262.40869141, 1064.84301758, 519.940490723, 603.675170898, 270.854400635, 114.884223938, 50.338092804, 50.592376709, 97.0300445557, 95.9538497925, 58.9700050354, 52.3898429871, 29.7168922424, 9.37046337128, 0.045653693378, 2.75532456726e-05, 1.08878907668e-07, 1.93529481329e-09, 4.20019019565e-10]
    },
    "gfcc": {
        "mean": [15.1874399185, 98.0877075195, -167.963394165, 32.1944122314, -72.3231658936, 24.6397972107, -45.4825363159, 11.473947525, -18.4510040283, -5.35344266891, -4.92326545715, -13.818944931, 3.26723027229],
        "cov": [[3567.71166992, 515.395446777, 795.961486816, 598.996826172, 74.3657073975, 45.7515487671, -248.680511475, -18.4758815765, -77.4820251465, 177.904922485, 106.435905457, 106.358764648, -47.5914802551], [515.395446777, 884.584716797, 357.571960449, 184.317840576, 220.468719482, -65.4391937256, 71.3606262207, -24.2739868164, 98.729598999, 34.8503990173, 146.825378418, -3.32309865952, 31.7905673981], [795.961486816, 357.571960449, 887.601013184, 410.71585083, 82.1803970337, 95.1574401855, -106.052978516, 2.93793821335, -5.88240337372, 130.244812012, 54.7309303284, 49.4186401367, -35.1155738831], [598.996826172, 184.317840576, 410.71585083, 396.077911377, 124.479095459, 58.5210990906, -37.6126480103, -5.81003284454, -10.741519928, 54.5072097778, 25.3993167877, 43.7151374817, -4.33252477646], [74.3657073975, 220.468719482, 82.1803970337, 124.479095459, 252.017486572, 73.2400283813, 60.2674865723, 39.4344177246, 38.0923957825, 20.1272830963, 39.8167533875, 10.5899744034, 23.328453064], [45.7515487671, -65.4391937256, 95.1574401855, 58.5210990906, 73.2400283813, 186.26272583, 66.227722168, 43.3591842651, 1.81511390209, 20.5548114777, -10.0980300903, 11.2383260727, -0.852085113525], [-248.680511475, 71.3606262207, -106.052978516, -37.6126480103, 60.2674865723, 66.227722168, 201.174728394, 81.1247634888, 48.8899536133, -21.8092861176, 15.3582811356, -12.5927248001, 17.539648056], [-18.4758815765, -24.2739868164, 2.93793821335, -5.81003284454, 39.4344177246, 43.3591842651, 81.1247634888, 130.766098022, 52.9643554688, 13.0894737244, -2.26472973824, 5.43925571442, 6.52548694611], [-77.4820251465, 98.729598999, -5.88240337372, -10.741519928, 38.0923957825, 1.81511390209, 48.8899536133, 52.9643554688, 114.824966431, 31.6322879791, 27.233133316, -8.420545578, 6.99371242523], [177.904922485, 34.8503990173, 130.244812012, 54.5072097778, 20.1272830963, 20.5548114777, -21.8092861176, 13.0894737244, 31.6322879791, 95.6634902954, 37.6916770935, 8.71949863434, -9.58176708221], [106.435905457, 146.825378418, 54.7309303284, 25.3993167877, 39.8167533875, -10.0980300903, 15.3582811356, -2.26472973824, 27.233133316, 37.6916770935, 93.1484527588, 23.5356502533, 7.0086812973], [106.358764648, -3.32309865952, 49.4186401367, 43.7151374817, 10.5899744034, 11.2383260727, -12.5927248001, 5.43925571442, -8.420545578, 8.71949863434, 23.5356502533, 70.0682449341, 26.634054184], [-47.5914802551, 31.7905673981, -35.1155738831, -4.33252477646, 23.328453064, -0.852085113525, 17.539648056, 6.52548694611, 6.99371242523, -9.58176708221, 7.0086812973, 26.634054184, 60.3736763]],
        "icov": [[0.000640238577034, -0.00114886381198, 0.000816593645141, -0.00111141696107, 0.00112652324606, -0.00112833140884, 0.00155979581177, -0.0015174417058, 0.00120199471712, -0.00102149019949, 0.000151354412083, -0.000539047643542, 0.000683365447912], [-0.00114886381198, 0.00694236624986, -0.0048445132561, 0.00296505587175, -0.00572098698467, 0.00630210246891, -0.0062221926637, 0.00637233490124, -0.00503367558122, 0.00480217440054, -0.00436729192734, 0.0034433582332, -0.00341456173919], [0.000816593645141, -0.0048445132561, 0.00626864796504, -0.00479418272153, 0.00475306576118, -0.00557042518631, 0.00580016616732, -0.00538185425103, 0.00368866021745, -0.00471913348883, 0.00170025252737, -0.00192800362129, 0.00295503204688], [-0.00111141696107, 0.00296505587175, -0.00479418272153, 0.00844422075897, -0.00551677355543, 0.00362261664122, -0.00421233894303, 0.00477438699454, -0.00222396035679, 0.00189636042342, 0.000989588326775, -0.00153931276873, -0.000606580462772], [0.00112652324606, -0.00572098698467, 0.00475306576118, -0.00551677355543, 0.0115131456405, -0.00762482173741, 0.00551595212892, -0.00663794018328, 0.00325195351616, -0.0029794704169, -9.33427945711e-05, -0.000126332597574, 4.48142855021e-05], [-0.00112833140884, 0.00630210246891, -0.00557042518631, 0.00362261664122, -0.00762482173741, 0.0146447317675, -0.00998750515282, 0.00601432658732, -0.00275530479848, 0.00117214571219, 0.000707817496732, 2.92294880637e-05, -0.00137333897874], [0.00155979581177, -0.0062221926637, 0.00580016616732, -0.00421233894303, 0.00551595212892, -0.00998750515282, 0.0171314161271, -0.0117170419544, 0.00329457013868, 0.000101539772004, -0.00221482245252, 0.00143403909169, 0.000853319710586], [-0.0015174417058, 0.00637233490124, -0.00538185425103, 0.00477438699454, -0.00663794018328, 0.00601432658732, -0.0117170419544, 0.0200660377741, -0.00959599483758, 0.00222822860815, 0.00190712080803, -0.00172180775553, -0.00145088334102], [0.00120199471712, -0.00503367558122, 0.00368866021745, -0.00222396035679, 0.00325195351616, -0.00275530479848, 0.00329457013868, -0.00959599483758, 0.0180613435805, -0.00832816679031, 0.000357724609785, 0.000900890212506, 0.000515595369507], [-0.00102149019949, 0.00480217440054, -0.00471913348883, 0.00189636042342, -0.0029794704169, 0.00117214571219, 0.000101539772004, 0.00222822860815, -0.00832816679031, 0.0223491359502, -0.0102763688192, 0.00414530001581, -0.00116916047409], [0.000151354412083, -0.00436729192734, 0.00170025252737, 0.000989588326775, -9.33427945711e-05, 0.000707817496732, -0.00221482245252, 0.00190712080803, 0.000357724609785, -0.0102763688192, 0.0232221521437, -0.0110813016072, 0.00448263809085], [-0.000539047643542, 0.0034433582332, -0.00192800362129, -0.00153931276873, -0.000126332597574, 2.92294880637e-05, 0.00143403909169, -0.00172180775553, 0.000900890212506, 0.00414530001581, -0.0110813016072, 0.0264112763107, -0.0134626990184], [0.000683365447912, -0.00341456173919, 0.00295503204688, -0.000606580462772, 4.48142855021e-05, -0.00137333897874, 0.000853319710586, -0.00145088334102, 0.000515595369507, -0.00116916047409, 0.00448263809085, -0.0134626990184, 0.0256210714579]]
    },
    "melbands": {
        "dmean": [0.000362468359526, 0.000466174446046, 0.000349440320861, 0.000359309400665, 0.000317148020258, 0.000263727619313, 0.000346629240084, 0.000360618112609, 0.000251033576205, 0.000188464691746, 0.000142570148455, 0.000130563959829, 0.000110615670565, 9.52747068368e-05, 7.95926171122e-05, 8.77351558302e-05, 7.36804722692e-05, 7.01284952811e-05, 4.68199214083e-05, 4.157128933e-05, 4.00227254431e-05, 3.11176372634e-05, 1.96360688278e-05, 1.1054054994e-05, 9.02778901946e-06, 8.52043831401e-06, 7.20460639059e-06, 5.14637758897e-06, 3.5760335777e-06, 2.2572846774e-06, 1.77388665179e-06, 1.64944958669e-06, 1.91131653082e-06, 1.93646610569e-06, 1.64491109444e-06, 1.12665452434e-06, 9.8747489119e-07, 1.00039846984e-06, 1.11839960937e-06, 8.81811843101e-07],
        "dmean2": [0.000552607350983, 0.000687858904712, 0.000562048691791, 0.000596337253228, 0.000525854120497, 0.00042960428982, 0.000552240584511, 0.000565082591493, 0.000397619325668, 0.000302056316286, 0.000230897509027, 0.000215271589695, 0.000184984543012, 0.000157489543199, 0.000130839835037, 0.000142306875205, 0.000118854746688, 0.000113227099064, 7.60070979595e-05, 6.77610587445e-05, 6.62261954858e-05, 5.15610845468e-05, 3.26720473822e-05, 1.82071489689e-05, 1.4958389329e-05, 1.4141021893e-05, 1.20035583677e-05, 8.69768155098e-06, 6.00110661253e-06, 3.6917365378e-06, 2.9092711884e-06, 2.66497409029e-06, 3.00882379634e-06, 3.01040745398e-06, 2.56638486462e-06, 1.73337366505e-06, 1.48619449192e-06, 1.51930976244e-06, 1.72871875748e-06, 1.33278706471e-06],
        "dvar": [4.63485605451e-07, 8.53874098539e-07, 4.11739790707e-07, 4.08132706298e-07, 4.00280214308e-07, 3.45143433833e-07, 6.2888921093e-07, 6.80357572946e-07, 3.65751020581e-07, 1.54465837454e-07, 6.97274913364e-08, 4.11279188484e-08, 4.07236200317e-08, 2.38869386493e-08, 1.81465455995e-08, 2.15056115138e-08, 1.76426180332e-08, 1.59717199466e-08, 7.13650960549e-09, 4.55138016164e-09, 3.79564291109e-09, 2.56560395151e-09, 1.04763575592e-09, 3.03625874443e-10, 1.98522351336e-10, 2.04684644234e-10, 1.46437417747e-10, 9.72545793898e-11, 5.15578656157e-11, 1.87984766642e-11, 1.33578356709e-11, 1.23292912338e-11, 1.50426598261e-11, 2.20042439131e-11, 2.19607301094e-11, 1.47236597914e-11, 1.1991346284e-11, 1.27417486284e-11, 2.06241135281e-11, 1.25078714747e-11],
        "dvar2": [1.04501464193e-06, 1.81600262295e-06, 1.00718943941e-06, 1.06174127268e-06, 1.01317118606e-06, 8.18937508029e-07, 1.47276773532e-06, 1.5399800759e-06, 8.81351752469e-07, 3.6074527543e-07, 1.6952996873e-07, 1.04805998546e-07, 1.15112733567e-07, 6.24090716883e-08, 4.51870398877e-08, 5.49421841356e-08, 4.16817087512e-08, 3.90614331991e-08, 1.77996160033e-08, 1.20498997447e-08, 9.68174251881e-09, 6.48328235542e-09, 2.69474420556e-09, 7.80623343744e-10, 5.12995146362e-10, 5.2137161255e-10, 3.71425251666e-10, 2.69148786591e-10, 1.41865033609e-10, 4.98962191009e-11, 3.67366796705e-11, 3.24570162413e-11, 3.71066337379e-11, 4.97471543126e-11, 5.13550972581e-11, 3.16334528017e-11, 2.58027522959e-11, 2.64856071103e-11, 4.8229347599e-11, 2.83850217636e-11],
        "max": [0.0147645324469, 0.0193224232644, 0.0118163805455, 0.0104007897899, 0.0133599825203, 0.0118249561638, 0.0158180221915, 0.0158159099519, 0.014465322718, 0.0106373270974, 0.00654428638518, 0.00346077256836, 0.00418604305014, 0.00292114377953, 0.00260103214532, 0.00318019255064, 0.00373819074593, 0.00270793936215, 0.00284170522355, 0.00143687007949, 0.00154050253332, 0.00117388856597, 0.000794917286839, 0.000411834305851, 0.000373120885342, 0.000479309615912, 0.000368383334717, 0.000192810533918, 0.000119330332382, 9.19700687518e-05, 9.81799166766e-05, 8.31149081932e-05, 7.46850491851e-05, 0.000176663394086, 0.000108172658656, 0.000107100691821, 0.000112135407107, 0.000120491691632, 0.000181118637556, 0.000104432139779],
        "mean": [0.000683714170009, 0.000779474445153, 0.000504891329911, 0.000516737345606, 0.000460293987999, 0.000393083697418, 0.000530469755176, 0.000564299174584, 0.000413956789998, 0.000302995467791, 0.000248727592407, 0.000226258809562, 0.000186630524695, 0.000162933196407, 0.000135620401124, 0.000150554289576, 0.000124025638797, 0.000117279319966, 8.51064614835e-05, 7.32992921257e-05, 7.47596786823e-05, 6.03760272497e-05, 3.78004115191e-05, 2.08585552173e-05, 1.73176595126e-05, 1.6649315512e-05, 1.39598841997e-05, 9.12518044061e-06, 6.04518845648e-06, 3.89904744225e-06, 3.11800977215e-06, 2.69992619906e-06, 2.93680386676e-06, 2.86249064629e-06, 2.42751661972e-06, 1.80789231763e-06, 1.53653957113e-06, 1.56461067036e-06, 1.66561335391e-06, 1.28821727685e-06],
        "median": [0.000185069395229, 0.000312317715725, 0.0002391673479, 0.000246532406891, 0.00019929028349, 0.000159610543051, 0.00016586566926, 0.000165020814165, 0.000135736117954, 0.000137310984428, 0.000132971035782, 0.000129606385599, 0.00010065362585, 9.31039394345e-05, 7.99053232186e-05, 8.63256063894e-05, 7.04018821125e-05, 6.37821867713e-05, 5.35362451046e-05, 4.59231196146e-05, 4.98525478179e-05, 3.72380964109e-05, 2.31954800256e-05, 1.45738831634e-05, 1.27170287669e-05, 1.22972378449e-05, 1.00092065622e-05, 6.25493248663e-06, 3.84572513212e-06, 2.43264275923e-06, 2.01793113774e-06, 1.58923978688e-06, 1.48207095663e-06, 1.30052831082e-06, 1.01063903912e-06, 7.3561903946e-07, 6.04848651165e-07, 5.49691776541e-07, 5.19071818417e-07, 3.80058793326e-07],
        "min": [6.92197676428e-24, 6.76921227226e-24, 1.49968027441e-23, 1.65653343249e-23, 7.42271095703e-24, 3.46610059523e-24, 1.27317939558e-24, 4.12282019908e-24, 4.83570906597e-24, 5.09561349069e-24, 2.86459514108e-24, 6.49479990663e-24, 4.88643479432e-24, 6.70791541334e-24, 8.60576407887e-24, 1.16415603774e-23, 7.56564229786e-24, 5.87703740972e-24, 1.22794159504e-23, 8.67135628542e-24, 6.14789516811e-24, 1.07569112479e-23, 1.18881937951e-23, 8.75555456527e-24, 1.88259793319e-23, 1.48629930019e-23, 1.35934270823e-23, 9.82204717748e-24, 1.05962384253e-23, 1.01101936115e-23, 1.39367330373e-23, 2.23605873692e-23, 9.70428128838e-24, 6.02030796075e-24, 1.10667016585e-23, 1.56950140649e-23, 8.6175070623e-24, 8.45297986533e-24, 1.66296769758e-23, 1.16534145902e-23],
        "var": [1.52143161358e-06, 1.99173746296e-06, 6.8307389256e-07, 6.2396247813e-07, 6.57866962683e-07, 6.1039531829e-07, 1.18163609386e-06, 1.59067417371e-06, 8.72167447596e-07, 3.31082560479e-07, 1.53402467618e-07, 8.74428920383e-08, 7.33798017905e-08, 5.04102644072e-08, 3.70149138007e-08, 3.89131180611e-08, 3.08005994043e-08, 3.05781924226e-08, 1.33452404683e-08, 8.44636716124e-09, 7.96975463402e-09, 5.81547876521e-09, 2.27538055064e-09, 6.00747618318e-10, 3.6246516899e-10, 3.53238521766e-10, 2.72508238197e-10, 1.18380277803e-10, 6.19158405102e-11, 2.62767932413e-11, 1.6614177048e-11, 1.58579278181e-11, 2.30873133111e-11, 3.71537418886e-11, 3.57930733663e-11, 2.74818050261e-11, 2.15889927463e-11, 2.4905641785e-11, 3.097783835e-11, 1.98752455466e-11]
    },
    "mfcc": {
        "mean": [-601.969421387, 110.258079529, -28.9776134491, 1.89962184429, 0.432649761438, -0.863110542297, -2.59435415268, 1.47091245651, -0.409905582666, 2.15494656563, -1.5393730402, -1.43421649933, 0.760230541229],
        "cov": [[2836.83764648, 197.853881836, 583.533691406, 455.959655762, 294.67010498, 108.55128479, 5.76911830902, -89.1863861084, -142.744400024, -30.6810092926, -7.18931388855, 33.3213615417, 186.598098755], [197.853881836, 734.312866211, 132.218261719, 194.950271606, 127.35723114, 29.1933403015, 42.4421234131, 2.82879185677, -16.9207725525, 40.4966545105, 50.2363166809, 52.9656181335, 85.7615280151], [583.533691406, 132.218261719, 775.666687012, 291.5362854, 204.195983887, 120.545463562, 7.99856567383, -57.1179008484, -59.7715339661, 6.74754714966, 35.2994613647, 24.0481491089, 82.9882583618], [455.959655762, 194.950271606, 291.5362854, 358.283294678, 177.800552368, 70.8775253296, 24.5628566742, -12.9988117218, -23.0652065277, 0.705001056194, 7.08023548126, 28.4948768616, 70.7873535156], [294.67010498, 127.35723114, 204.195983887, 177.800552368, 251.395736694, 95.4870758057, 27.9728946686, -8.99357318878, -6.12133264542, 16.7631874084, 16.0580730438, 15.4694070816, 48.9270820618], [108.55128479, 29.1933403015, 120.545463562, 70.8775253296, 95.4870758057, 154.886291504, 62.5438194275, 15.6582756042, 5.35967969894, 14.8514480591, 13.4077329636, 7.26319408417, 10.0948009491], [5.76911830902, 42.4421234131, 7.99856567383, 24.5628566742, 27.9728946686, 62.5438194275, 136.474212646, 67.5863952637, 30.5376243591, 27.1604118347, 11.689950943, 16.9688472748, 4.13918018341], [-89.1863861084, 2.82879185677, -57.1179008484, -12.9988117218, -8.99357318878, 15.6582756042, 67.5863952637, 132.341094971, 71.2964553833, 23.0188655853, 10.3315582275, 15.9120597839, -0.910353124142], [-142.744400024, -16.9207725525, -59.7715339661, -23.0652065277, -6.12133264542, 5.35967969894, 30.5376243591, 71.2964553833, 116.862480164, 44.8605384827, 13.460103035, 10.5131368637, -9.71064281464], [-30.6810092926, 40.4966545105, 6.74754714966, 0.705001056194, 16.7631874084, 14.8514480591, 27.1604118347, 23.0188655853, 44.8605384827, 96.3329086304, 47.2541236877, 13.0104446411, 5.35394859314], [-7.18931388855, 50.2363166809, 35.2994613647, 7.08023548126, 16.0580730438, 13.4077329636, 11.689950943, 10.3315582275, 13.460103035, 47.2541236877, 85.3407440186, 30.6064987183, 9.32542419434], [33.3213615417, 52.9656181335, 24.0481491089, 28.4948768616, 15.4694070816, 7.26319408417, 16.9688472748, 15.9120597839, 10.5131368637, 13.0104446411, 30.6064987183, 73.2875823975, 35.2457542419], [186.598098755, 85.7615280151, 82.9882583618, 70.7873535156, 48.9270820618, 10.0948009491, 4.13918018341, -0.910353124142, -9.71064281464, 5.35394859314, 9.32542419434, 35.2457542419, 87.0008468628]],
