{
"lowlevel": {
    "average_loudness": 0.945606410503,
    "barkbands_crest": {
        "dmean": 3.24788808823,
        "dmean2": 5.18164730072,
        "dvar": 7.63640165329,
        "dvar2": 19.5150794983,
        "max": 26.0823936462,
        "mean": 11.9231624603,
        "median": 11.0913009644,
        "min": 2.39051008224,
        "var": 24.227388382
    },
    "barkbands_flatness_db": {
        "dmean": 0.0232741869986,
        "dmean2": 0.0364712327719,
        "dvar": 0.000421814678703,
        "dvar2": 0.00102226471063,
        "max": 0.431806117296,
        "mean": 0.177096381783,
        "median": 0.171680554748,
        "min": 0.040174562484,
        "var": 0.00210951315239
    },
    "barkbands_kurtosis": {
        "dmean": 3.94098353386,
        "dmean2": 6.15150117874,
        "dvar": 91.6767730713,
        "dvar2": 209.310409546,
        "max": 360.756988525,
        "mean": 5.61206197739,
        "median": 0.919337749481,
        "min": -1.96718323231,
        "var": 262.055938721
    },
    "barkbands_skewness": {
        "dmean": 0.638666808605,
        "dmean2": 0.975050270557,
        "dvar": 0.455110639334,
        "dvar2": 1.04527306557,
        "max": 16.3168849945,
        "mean": 1.47365772724,
        "median": 1.07037603855,
        "min": -2.66382956505,
        "var": 2.81845641136
    },
    "barkbands_spread": {
        "dmean": 5.94285583496,
        "dmean2": 9.23786067963,
        "dvar": 53.6849555969,
        "dvar2": 114.260787964,
        "max": 122.677406311,
        "mean": 23.6255073547,
        "median": 21.5443267822,
        "min": 0.462820082903,
        "var": 222.256500244
    },
    "dissonance": {
        "dmean": 0.0193446949124,
        "dmean2": 0.0333145670593,
        "dvar": 0.000393745052861,
        "dvar2": 0.00109977729153,
        "max": 0.499999970198,
        "mean": 0.467416763306,
        "median": 0.474788665771,
        "min": 0.312952876091,
        "var": 0.000745276513044
    },
    "dynamic_complexity": 2.97084140778,
    "erbbands_crest": {
        "dmean": 3.13810420036,
        "dmean2": 5.1778922081,
        "dvar": 7.69623422623,
        "dvar2": 19.8959579468,
        "max": 32.7559127808,
        "mean": 10.9825325012,
        "median": 9.91424655914,
        "min": 2.29527497292,
        "var": 26.2413387299
    },
    "erbbands_flatness_db": {
        "dmean": 0.017716454342,
        "dmean2": 0.0274969246238,
        "dvar": 0.000245036149863,
        "dvar2": 0.000561304623261,
        "max": 0.454647064209,
        "mean": 0.188389271498,
        "median": 0.186326369643,
        "min": 0.0736806318164,
        "var": 0.00255736871623
    },
    "erbbands_kurtosis": {
        "dmean": 1.23120188713,
        "dmean2": 1.99096512794,
        "dvar": 3.0730907917,
        "dvar2": 7.87519741058,
        "max": 37.4765357971,
        "mean": 1.1150072813,
        "median": 0.269238948822,
        "min": -1.76393520832,
        "var": 7.56668233871
    },
    "erbbands_skewness": {
        "dmean": 0.397163301706,
        "dmean2": 0.622894048691,
        "dvar": 0.134522497654,
        "dvar2": 0.317953288555,
        "max": 5.67819976807,
        "mean": 0.227736636996,
        "median": 0.228575542569,
        "min": -4.63889789581,
        "var": 0.862139523029
    },
    "erbbands_spread": {
        "dmean": 7.69429683685,
        "dmean2": 11.7650270462,
        "dvar": 78.4285354614,
        "dvar2": 170.030410767,
        "max": 175.174163818,
        "mean": 34.6190567017,
        "median": 29.5343322754,
        "min": 1.84291446209,
        "var": 469.310394287
    },
    "hfc": {
        "dmean": 5.47812891006,
        "dmean2": 8.41875934601,
        "dvar": 53.1737289429,
        "dvar2": 122.777809143,
        "max": 199.508361816,
        "mean": 21.3082389832,
        "median": 19.019903183,
        "min": 1.19929502412e-16,
        "var": 271.65145874
    },
    "melbands_crest": {
        "dmean": 3.82282662392,
        "dmean2": 6.21218109131,
        "dvar": 10.0936899185,
        "dvar2": 25.8910942078,
        "max": 35.9616775513,
        "mean": 16.1199436188,
        "median": 15.7737360001,
        "min": 1.17834794521,
        "var": 34.0667877197
    },
    "melbands_flatness_db": {
        "dmean": 0.0285242088139,
        "dmean2": 0.043208103627,
        "dvar": 0.000623052124865,
        "dvar2": 0.0014700909378,
        "max": 0.559074640274,
        "mean": 0.211375355721,
        "median": 0.204348862171,
        "min": 6.39536447125e-05,
        "var": 0.00432106200606
    },
    "melbands_kurtosis": {
        "dmean": 10.2945690155,
        "dmean2": 15.8595266342,
        "dvar": 509.809753418,
        "dvar2": 1118.61474609,
        "max": 764.196166992,
        "mean": 18.3209896088,
        "median": 4.93466377258,
        "min": -1.80001199245,
        "var": 1691.98046875
    },
    "melbands_skewness": {
        "dmean": 0.905175864697,
        "dmean2": 1.38612103462,
        "dvar": 1.00278282166,
        "dvar2": 2.24978423119,
        "max": 22.0987567902,
        "mean": 2.68341064453,
        "median": 2.00869441032,
        "min": -1.33563899994,
        "var": 5.94563817978
    },
    "melbands_spread": {
        "dmean": 7.8709397316,
        "dmean2": 12.3156270981,
        "dvar": 97.602897644,
        "dvar2": 218.014785767,
        "max": 195.568572998,
        "mean": 26.8947620392,
        "median": 22.6256847382,
        "min": 0.439942419529,
        "var": 446.269317627
    },
    "pitch_salience": {
        "dmean": 0.0800829231739,
        "dmean2": 0.126994341612,
        "dvar": 0.00519850384444,
        "dvar2": 0.0128426514566,
        "max": 0.971958756447,
        "mean": 0.476158380508,
        "median": 0.472775250673,
        "min": 0.0742533802986,
        "var": 0.0181927178055
    },
    "silence_rate_20dB": {
        "dmean": 0,
        "dmean2": 0,
        "dvar": 0,
        "dvar2": 0,
        "max": 1,
        "mean": 1,
        "median": 1,
        "min": 1,
        "var": 0
    },
    "silence_rate_30dB": {
        "dmean": 0.00370828178711,
        "dmean2": 0.0074174804613,
        "dvar": 0.00369435083121,
        "dvar2": 0.00958698336035,
        "max": 1,
        "mean": 0.997280955315,
        "median": 1,
        "min": 0,
        "var": 0.00271187629551
    },
    "silence_rate_60dB": {
        "dmean": 0.0118665015325,
        "dmean2": 0.0237359385937,
        "dvar": 0.0117240222171,
        "dvar2": 0.0291076879948,
        "max": 1,
        "mean": 0.0653812885284,
        "median": 0,
        "min": 0,
        "var": 0.061104118824
    },
    "spectral_centroid": {
        "dmean": 238.286407471,
        "dmean2": 371.325408936,
        "dvar": 73914.546875,
        "dvar2": 152316.171875,
        "max": 11174.1982422,
        "mean": 1609.22558594,
        "median": 1507.2911377,
        "min": 136.876434326,
        "var": 543001.9375
    },
    "spectral_complexity": {
        "dmean": 3.06946849823,
        "dmean2": 4.87279033661,
        "dvar": 9.2247428894,
        "dvar2": 20.8328113556,
        "max": 50,
        "mean": 16.4051418304,
        "median": 16,
        "min": 0,
        "var": 66.8555526733
    },
    "spectral_decrease": {
        "dmean": 2.61618149366e-09,
        "dmean2": 4.05542222026e-09,
        "dvar": 9.65391987717e-18,
        "dvar2": 2.39580109301e-17,
        "max": 2.39892585028e-29,
        "mean": -7.39046690512e-09,
        "median": -6.43527942046e-09,
        "min": -4.2802401623e-08,
        "var": 2.90141309176e-17
    },
    "spectral_energy": {
        "dmean": 0.0101598324254,
        "dmean2": 0.0157832913101,
        "dvar": 0.000140547883348,
        "dvar2": 0.000349161564372,
        "max": 0.162925541401,
        "mean": 0.0298261027783,
        "median": 0.0266358852386,
        "min": 1.07874190803e-20,
        "var": 0.000436046044342
    },
    "spectral_energyband_high": {
        "dmean": 0.000249284465099,
        "dmean2": 0.000346958811861,
        "dvar": 4.5350824962e-07,
        "dvar2": 8.39255221763e-07,
        "max": 0.023347100243,
        "mean": 0.00061182375066,
        "median": 0.000305475434288,
        "min": 7.84026099164e-21,
        "var": 1.45340595736e-06
    },
    "spectral_energyband_low": {
        "dmean": 0.00827941671014,
        "dmean2": 0.0125783747062,
        "dvar": 0.000134401969262,
        "dvar2": 0.000326261855662,
        "max": 0.160634204745,
        "mean": 0.0155851403251,
        "median": 0.00909951888025,
        "min": 9.38991422231e-23,
        "var": 0.000341805076459
    },
    "spectral_energyband_middle_high": {
        "dmean": 0.00227572349831,
        "dmean2": 0.00362326111645,
        "dvar": 9.58162036113e-06,
        "dvar2": 2.46879480983e-05,
        "max": 0.0580257512629,
        "mean": 0.00718485377729,
        "median": 0.00544759258628,
        "min": 1.5001470718e-21,
        "var": 4.53538850707e-05
    },
    "spectral_energyband_middle_low": {
        "dmean": 0.00324104120955,
        "dmean2": 0.00510790990666,
        "dvar": 2.3602067813e-05,
        "dvar2": 5.39348584425e-05,
        "max": 0.0793901979923,
        "mean": 0.00707052322105,
        "median": 0.0049834754318,
        "min": 3.19589110696e-22,
        "var": 5.35108629265e-05
    },
    "spectral_entropy": {
        "dmean": 0.144085615873,
        "dmean2": 0.221580982208,
        "dvar": 0.0186645016074,
        "dvar2": 0.0425191931427,
        "max": 9.79597377777,
        "mean": 7.55967378616,
        "median": 7.5630812645,
        "min": 6.02085494995,
        "var": 0.147704273462
    },
    "spectral_flux": {
        "dmean": 0.0251564607024,
        "dmean2": 0.0411139056087,
        "dvar": 0.000635559379589,
        "dvar2": 0.00165239884518,
        "max": 0.277744203806,
        "mean": 0.0898588225245,
        "median": 0.0867368206382,
        "min": 1.03862501932e-10,
        "var": 0.00179985619616
    },
    "spectral_kurtosis": {
        "dmean": 1.45860886574,
        "dmean2": 2.48363018036,
        "dvar": 2.69403386116,
        "dvar2": 8.1306810379,
        "max": 25.7850151062,
        "mean": 3.95616149902,
        "median": 3.5687789917,
        "min": -1.38632452488,
        "var": 7.01109933853
    },
    "spectral_rms": {
        "dmean": 0.000876442412846,
        "dmean2": 0.00134533981327,
        "dvar": 7.20294167422e-07,
        "dvar2": 1.712160838e-06,
        "max": 0.0126076070592,
        "mean": 0.00501198321581,
        "median": 0.00509766908363,
        "min": 3.24411959969e-12,
        "var": 3.97861231249e-06
    },
    "spectral_rolloff": {
        "dmean": 462.711395264,
        "dmean2": 780.674438477,
        "dvar": 868864.125,
        "dvar2": 1903685.375,
        "max": 18927.6855469,
        "mean": 1521.16271973,
        "median": 1184.32617188,
        "min": 64.599609375,
        "var": 2073099.375
    },
    "spectral_skewness": {
        "dmean": 0.197725072503,
        "dmean2": 0.325897783041,
        "dvar": 0.0356806516647,
        "dvar2": 0.0990360751748,
        "max": 3.53235340118,
        "mean": 1.40362739563,
        "median": 1.39555799961,
        "min": -0.346152752638,
        "var": 0.16145901382
    },
    "spectral_spread": {
        "dmean": 440127.1875,
        "dmean2": 646043.75,
        "dvar": 404623589376,
        "dvar2": 647998078976,
        "max": 39203576,
        "mean": 4306267.5,
        "median": 3926459,
        "min": 1639352.125,
        "var": 2.66919896678e+12
    },
    "spectral_strongpeak": {
        "dmean": 0.727490305901,
        "dmean2": 1.24663150311,
        "dvar": 1.97464466095,
        "dvar2": 5.06893444061,
        "max": 25.6504669189,
        "mean": 1.15176403522,
        "median": 0.426776111126,
        "min": 0,
        "var": 3.62764954567
    },
    "zerocrossingrate": {
        "dmean": 0.00955407693982,
        "dmean2": 0.0109313065186,
        "dvar": 0.000164732366102,
        "dvar2": 0.000174943284946,
        "max": 0.68994140625,
        "mean": 0.0585806556046,
        "median": 0.05322265625,
        "min": 0.001953125,
        "var": 0.00125685054809
    },
    "barkbands": {
        "dmean": [0.000282776512904, 0.00715827010572, 0.00235372246243, 0.000939177058171, 0.00071512471186, 0.000674942682963, 0.000729945953935, 0.000625871121883, 0.000881347397808, 0.00048502345453, 0.000803915492725, 0.000530921795871, 0.000471370469313, 0.000507401942741, 0.000256245170021, 0.00022468714451, 0.000181705312571, 0.000174598695594, 0.000391103123548, 0.00015131875989, 4.3450465455e-05, 4.73706095363e-05, 6.20923383394e-05, 6.2886683736e-05, 5.29506251041e-05, 1.14866139711e-07, 1.14540155138e-09],
        "dmean2": [0.000470314669656, 0.0109172519296, 0.00382167892531, 0.00163606775459, 0.00116870692, 0.00106273242272, 0.00117641733959, 0.00100043299608, 0.00142532994505, 0.000777905865107, 0.00130443216767, 0.000857400533278, 0.000770915299654, 0.000834668579046, 0.000413135625422, 0.000358632300049, 0.000289071671432, 0.000281621149043, 0.000634776428342, 0.000241380053922, 6.92103640176e-05, 7.20789612387e-05, 9.14149713935e-05, 9.00536542758e-05, 7.66745724832e-05, 1.92615601691e-07, 2.09303108178e-09],
        "dvar": [5.79090055908e-07, 0.000117863070045, 1.70955518115e-05, 5.3332423704e-06, 3.87465706808e-06, 3.3275646274e-06, 3.1919223602e-06, 2.87447142e-06, 6.82780773786e-06, 2.13103135138e-06, 3.37411961482e-06, 1.72211650806e-06, 1.79063681571e-06, 2.08628489418e-06, 4.58793010694e-07, 2.74861577054e-07, 1.94250219465e-07, 1.00760082944e-07, 1.09433415219e-06, 1.26690196112e-07, 1.3530446985e-08, 2.36249082519e-08, 3.66941783625e-08, 5.49785745818e-08, 7.39357162161e-08, 4.02797370111e-13, 4.69988928006e-18],
        "dvar2": [1.69755946899e-06, 0.000287025322905, 4.23762721766e-05, 1.45351441461e-05, 9.00086160982e-06, 7.3393321145e-06, 8.17879754322e-06, 6.93388255968e-06, 1.66756799445e-05, 5.39958682566e-06, 8.66722984938e-06, 4.27293207395e-06, 4.92670505992e-06, 5.90004174228e-06, 1.15861018912e-06, 6.27014173915e-07, 4.69052508834e-07, 2.48348300147e-07, 3.04058312395e-06, 3.03837794036e-07, 3.69924109123e-08, 5.55112684708e-08, 7.78465789608e-08, 1.17215215312e-07, 1.6744800746e-07, 1.05337310055e-12, 1.41670479049e-17],
        "max": [0.0160304568708, 0.148128464818, 0.0603305920959, 0.0415070280433, 0.074321590364, 0.0574508234859, 0.0311389528215, 0.0493037588894, 0.0715663805604, 0.0593729130924, 0.0334468409419, 0.0336853042245, 0.0273611042649, 0.0380658246577, 0.0174146573991, 0.0136623354629, 0.00845776125789, 0.00727751478553, 0.0258617699146, 0.0107997385785, 0.00332276220433, 0.00420461362228, 0.00604400131851, 0.00669852271676, 0.0103207863867, 2.26788069995e-05, 1.02929050172e-07],
        "mean": [0.000396925664973, 0.0118631524965, 0.00283781206235, 0.000938589742873, 0.00101344881114, 0.00105824857019, 0.00118271855172, 0.00109059282113, 0.00152350997087, 0.000788128934801, 0.00129217572976, 0.000889776449185, 0.000785168842413, 0.00089443748584, 0.000391370529542, 0.000395447539631, 0.000345091568306, 0.000354629737558, 0.000947866588831, 0.000331723480485, 8.2253391156e-05, 9.17985089472e-05, 0.000124141079141, 0.000118980722618, 8.78985520103e-05, 1.22096338373e-07, 1.31039445961e-09],
        "median": [0.000108979620563, 0.00580193381757, 0.00106742582284, 0.00026576675009, 0.000427470135037, 0.000342271989211, 0.000252151890891, 0.000146291073179, 0.000278498482658, 0.000186751625733, 0.000290083902655, 0.000211558697629, 0.000190089063835, 0.000168273443705, 0.000118010248116, 0.000132729677716, 0.000112032517791, 0.000185774508282, 0.000163312593941, 0.000115568502224, 4.14497844758e-05, 3.71261849068e-05, 4.65156554128e-05, 3.12944248435e-05, 2.00820923055e-05, 1.72351413141e-08, 7.48127282346e-10],
        "min": [1.13151597115e-23, 6.98517020258e-23, 4.06740350935e-24, 2.46409602097e-23, 2.74692537468e-23, 1.03917139294e-22, 4.30888732196e-23, 6.94352402659e-23, 4.55462601364e-23, 4.03131525286e-23, 1.60755700319e-23, 3.21507330117e-23, 1.29376356522e-22, 1.52007084575e-22, 1.29707122744e-22, 6.51397411756e-23, 1.06021555132e-22, 3.01050626988e-22, 3.25024551659e-22, 3.72827604006e-22, 5.5170220554e-22, 4.8666109091e-22, 7.32988600986e-22, 9.21206370107e-22, 1.07879710052e-21, 1.64527647573e-21, 2.4706123907e-21],
        "var": [8.05064019005e-07, 0.000256299041212, 2.33794162341e-05, 4.69256792712e-06, 5.95798701397e-06, 6.85711574988e-06, 6.04159868089e-06, 7.22315826351e-06, 1.80922124855e-05, 4.3035734052e-06, 7.21429614714e-06, 4.24792415288e-06, 3.76769639843e-06, 5.31599653186e-06, 8.14958468709e-07, 6.87301394464e-07, 5.03893375026e-07, 2.40365210402e-07, 4.21366212322e-06, 4.09580252381e-07, 2.35152359807e-08, 5.29968566809e-08, 9.0370633643e-08, 1.24762763676e-07, 1.30129222953e-07, 3.95124715282e-13, 3.21414778885e-18]
    },
    "erbbands": {
        "dmean": [0.181839898229, 1.75891780853, 3.075330019, 2.56443333626, 2.40745544434, 2.61431646347, 3.92481803894, 6.01368570328, 7.92901039124, 14.6739692688, 11.8879890442, 22.1482028961, 15.698132515, 21.5236549377, 27.1487388611, 20.1959915161, 20.782749176, 28.1918487549, 13.3569974899, 12.4275636673, 10.8592653275, 9.05436038971, 8.54726219177, 11.6493148804, 20.522977829, 6.41946029663, 2.20467638969, 1.5720717907, 1.66925430298, 1.81575286388, 1.80596590042, 1.44407629967, 1.01136982441, 0.727766692638, 0.322129189968, 0.0197103749961, 0.000509898120072, 3.50369737134e-05, 8.60582622408e-06, 1.18671159726e-05],
        "dmean2": [0.277019917965, 2.69254851341, 4.86727666855, 4.22917985916, 4.10652351379, 4.30649757385, 6.3824262619, 9.49618721008, 12.9204425812, 23.6622581482, 18.7741184235, 35.7883644104, 24.9960975647, 35.1323509216, 43.743976593, 32.6161308289, 33.77709198, 46.5186920166, 21.3366413116, 19.8973312378, 17.0797615051, 14.2052297592, 13.702796936, 18.570400238, 33.571685791, 10.2863464355, 3.54010677338, 2.46181440353, 2.58279776573, 2.67443656921, 2.71103978157, 2.11743044853, 1.43624544144, 1.04229581356, 0.478814959526, 0.0300976391882, 0.000761364062782, 5.07855365868e-05, 1.276079729e-05, 1.8426002498e-05],
        "dvar": [0.0780870988965, 7.58068323135, 29.7307338715, 28.306388855, 36.3376998901, 75.1059112549, 112.024917603, 309.729370117, 449.687286377, 1326.38476562, 1017.63720703, 5793.45556641, 2479.16455078, 2957.84667969, 4101.17529297, 2649.68017578, 3078.91650391, 6449.46435547, 1149.57250977, 1002.31121826, 650.00994873, 449.650115967, 264.620300293, 649.885437012, 3850.8828125, 217.110321045, 29.42719841, 20.5781211853, 32.1533660889, 36.0633583069, 32.190574646, 21.0574531555, 18.639415741, 12.364107132, 3.76366019249, 0.0174947585911, 1.02756584965e-05, 3.86463554491e-08, 6.10262007594e-10, 1.89003548923e-10],
        "dvar2": [0.179846614599, 18.4848499298, 71.663520813, 73.1954498291, 97.4919586182, 159.531860352, 268.571075439, 710.426208496, 1204.71936035, 3343.14038086, 2276.88525391, 13789.8789062, 6473.15234375, 7767.19238281, 10228.0185547, 6539.91796875, 8450.39746094, 18251.7011719, 2844.78833008, 2464.31640625, 1423.65161133, 1023.11914062, 630.072937012, 1600.43688965, 11147.4462891, 589.82800293, 83.3399047852, 54.3723716736, 79.2511062622, 77.9748916626, 71.1170349121, 43.7754974365, 41.3602981567, 27.0878658295, 9.13713645935, 0.0449583232403, 2.56459934462e-05, 9.20647806879e-08, 1.39426847845e-09, 4.64419142032e-10],
        "max": [3.3328139782, 38.955165863, 86.2367324829, 67.4074020386, 213.552520752, 392.94152832, 395.458953857, 620.95324707, 524.154785156, 799.868225098, 1301.26721191, 2285.19824219, 2449.6862793, 1227.48242188, 1691.46289062, 1450.64111328, 977.984191895, 2191.35375977, 1206.77587891, 890.016357422, 754.093078613, 464.474151611, 395.025482178, 914.876586914, 1784.03601074, 396.951202393, 153.70930481, 133.84463501, 179.03968811, 184.843734741, 210.564651489, 143.231765747, 146.592712402, 125.352760315, 95.8383483887, 7.34521627426, 0.172673583031, 0.00991907157004, 0.00113856384996, 0.000259655644186],
        "mean": [0.31021848321, 2.71812820435, 4.05611610413, 3.20675373077, 2.93538284302, 3.56228351593, 5.76165151596, 9.25609493256, 12.5198850632, 26.4743938446, 20.4333076477, 39.0200614929, 27.1936588287, 37.620880127, 47.9921379089, 35.9647521973, 37.3906211853, 52.0561790466, 23.5268383026, 21.7473983765, 21.0807132721, 19.6132678986, 19.0362625122, 27.4496002197, 52.3509674072, 17.0807113647, 4.72937917709, 2.96812701225, 3.14373755455, 3.54593801498, 3.56049919128, 2.85326099396, 1.76538491249, 1.18796825409, 0.508088767529, 0.0294654686004, 0.000821162713692, 6.39720747131e-05, 2.4816570658e-05, 3.72097747459e-05],
        "median": [0.141954734921, 1.21867501736, 1.71926987171, 1.29700016975, 1.0892291069, 1.35647106171, 1.75503623486, 2.96863222122, 4.11559820175, 4.48777389526, 5.40047883987, 6.77117776871, 8.03209018707, 10.402589798, 13.8219556808, 10.6563386917, 12.2755680084, 12.5712041855, 9.11561965942, 7.49693059921, 8.21047878265, 7.39208316803, 10.2008295059, 10.0430345535, 7.3845038414, 5.5318236351, 2.94374585152, 1.37697052956, 1.3388723135, 1.25103330612, 1.33162999153, 0.905887842178, 0.424848347902, 0.27087661624, 0.108921580017, 0.00590794999152, 0.000190025602933, 2.05178803299e-05, 1.97741701413e-05, 3.43811589119e-05],
        "min": [3.17402347877e-21, 1.08170562184e-20, 8.95145778336e-21, 4.08019697215e-20, 1.11707290831e-19, 7.81588808258e-20, 3.55793025528e-19, 7.64277042486e-19, 8.72820406248e-19, 8.7184412633e-19, 1.58453828921e-18, 1.18759406219e-18, 7.61128276087e-19, 1.25124157782e-18, 8.96313886608e-19, 1.75378668037e-18, 6.3318541765e-18, 8.41656355991e-18, 4.29974644901e-18, 7.30741941041e-18, 3.44657209929e-18, 6.73863347761e-18, 1.70754232105e-17, 1.58589978714e-17, 1.53278817437e-17, 1.87096508595e-17, 1.44777998087e-17, 2.38900150294e-17, 1.94448870382e-17, 2.16011698785e-17, 1.80041600956e-17, 1.80407992336e-17, 1.55723417389e-17, 1.27785110958e-17, 7.53233726359e-18, 5.15634863518e-18, 2.89410271766e-18, 1.49465601667e-18, 3.12259905757e-19, 3.92179511602e-20],
        "var": [0.180173456669, 14.9896707535, 42.3669395447, 33.1328773499, 45.929397583, 115.33971405, 270.375396729, 549.632568359, 668.194335938, 2822.64013672, 2246.81762695, 15237.5029297, 3786.06152344, 6843.43847656, 10056.421875, 6523.78662109, 6856.08251953, 16376.7587891, 2197.88012695, 2123.6887207, 1909.68688965, 1512.11706543, 724.604064941, 1916.87036133, 15433.0058594, 1054.79626465, 48.6938858032, 37.4716758728, 63.0536613464, 87.6579208374, 74.5475845337, 53.6301879883, 36.7848243713, 24.347454071, 4.95140314102, 0.0187369212508, 1.24305333884e-05, 5.58902186754e-08, 1.1796360555e-09, 6.26893703615e-10]
    },
    "gfcc": {
        "mean": [-22.5065765381, 105.761543274, -141.888412476, 49.2929420471, -62.0816383362, 33.4103431702, -30.0149497986, 18.8060359955, -16.0126781464, -5.09946250916, 5.40971088409, -12.9676952362, 0.7433142066],
        "cov": [[5259.88085938, 9.21873378754, 402.277099609, 779.321838379, 219.284576416, 270.144165039, -71.1216125488, 373.971557617, 49.6195907593, 291.843566895, 309.131591797, 4.49755382538, -121.142280579], [9.21873378754, 965.748046875, 277.013214111, 116.204750061, 244.210189819, -151.49559021, 172.719650269, -25.0029258728, 77.2791290283, -21.655374527, 177.666213989, -13.2961359024, 0.631576776505], [402.277099609, 277.013214111, 1343.51745605, 551.135864258, 56.4879722595, 218.414627075, -34.9098777771, 38.7032241821, 49.5147323608, 79.6457443237, 15.1826238632, 106.456169128, 20.3930091858], [779.321838379, 116.204750061, 551.135864258, 537.30682373, 195.065093994, 80.506439209, -13.5629558563, 50.578327179, 40.3495559692, 81.3352966309, 83.2833023071, 21.8147544861, -1.8679485321], [219.284576416, 244.210189819, 56.4879722595, 195.065093994, 340.47744751, 22.5548095703, 80.2524261475, 36.8970832825, 33.6967964172, 38.7645111084, 99.8968505859, -34.4819717407, -7.37702655792], [270.144165039, -151.49559021, 218.414627075, 80.506439209, 22.5548095703, 315.487670898, 51.2444992065, -5.7540063858, 5.82451868057, 13.807305336, -41.9659004211, 16.8604831696, -6.1847281456], [-71.1216125488, 172.719650269, -34.9098777771, -13.5629558563, 80.2524261475, 51.2444992065, 255.957733154, 42.9900016785, -26.9211406708, -20.7443275452, 70.94947052, -42.1357574463, -11.7198095322], [373.971557617, -25.0029258728, 38.7032241821, 50.578327179, 36.8970832825, -5.7540063858, 42.9900016785, 169.222106934, 37.0826148987, 30.1511707306, 44.2289810181, -7.79810190201, -20.5091686249], [49.6195907593, 77.2791290283, 49.5147323608, 40.3495559692, 33.6967964172, 5.82451868057, -26.9211406708, 37.0826148987, 189.102935791, 34.971988678, -5.45250797272, 15.1799793243, -4.04568004608], [291.843566895, -21.655374527, 79.6457443237, 81.3352966309, 38.7645111084, 13.807305336, -20.7443275452, 30.1511707306, 34.971988678, 122.421089172, 55.6213951111, 4.70341682434, -6.62874126434], [309.131591797, 177.666213989, 15.1826238632, 83.2833023071, 99.8968505859, -41.9659004211, 70.94947052, 44.2289810181, -5.45250797272, 55.6213951111, 179.077102661, 14.5809526443, -11.1299419403], [4.49755382538, -13.2961359024, 106.456169128, 21.8147544861, -34.4819717407, 16.8604831696, -42.1357574463, -7.79810190201, 15.1799793243, 4.70341682434, 14.5809526443, 116.343673706, 50.1170539856], [-121.142280579, 0.631576776505, 20.3930091858, -1.8679485321, -7.37702655792, -6.1847281456, -11.7198095322, -20.5091686249, -4.04568004608, -6.62874126434, -11.1299419403, 50.1170539856, 98.3835220337]],
        "icov": [[0.000512272934429, -0.000740967283491, 0.000759416841902, -0.00123888370581, 0.000870854011737, -0.00125228567049, 0.000976939103566, -0.00147200212814, 0.000679362274241, -0.00073092977982, -0.00017960878904, 1.31971921746e-06, 0.000208392128116], [-0.000740967283491, 0.0046751415357, -0.00305138644762, 0.00338984606788, -0.00348711828701, 0.00450842827559, -0.00337702780962, 0.00462702941149, -0.00332163646817, 0.00333863403648, -0.00271304184571, 0.000904858694412, -0.000340820348356], [0.000759416841902, -0.00305138644762, 0.00384134193882, -0.0045745074749, 0.00316009134986, -0.00382852554321, 0.00217872764915, -0.00355846202001, 0.00225309398957, -0.00254737585783, 0.0019052028656, -0.00166973704472, 0.000572723743971], [-0.00123888370581, 0.00338984606788, -0.0045745074749, 0.00864251423627, -0.00535693159327, 0.00400868337601, -0.00194835069124, 0.00417724018916, -0.00257231621072, 0.00228287628852, -0.00212540011853, 0.00124981347471, -0.000774980522692], [0.000870854011737, -0.00348711828701, 0.00316009134986, -0.00535693159327, 0.00806691870093, -0.00435402197763, 0.00211271177977, -0.00379071105272, 0.00149313092697, -0.00217502098531, -0.000697617651895, 0.00154839851893, -0.000822246132884], [-0.00125228567049, 0.00450842827559, -0.00382852554321, 0.00400868337601, -0.00435402197763, 0.00965877063572, -0.00597510579973, 0.00598439574242, -0.00308582163416, 0.00183702120557, 0.00123734539375, -0.00137489684857, 0.000952459056862], [0.000976939103566, -0.00337702780962, 0.00217872764915, -0.00194835069124, 0.00211271177977, -0.00597510579973, 0.00975942518562, -0.00562183884904, 0.00283040758222, 0.000374756724341, -0.00303935096599, 0.00315406825393, -0.00129944109358], [-0.00147200212814, 0.00462702941149, -0.00355846202001, 0.00417724018916, -0.00379071105272, 0.00598439574242, -0.00562183884904, 0.0131422970444, -0.00491488166153, 0.0025998968631, -0.00214523216709, 0.000440876494395, 0.000642417115159], [0.000679362274241, -0.00332163646817, 0.00225309398957, -0.00257231621072, 0.00149313092697, -0.00308582163416, 0.00283040758222, -0.00491488166153, 0.0087434547022, -0.00435245968401, 0.0035496968776, -0.00234050513245, 0.00123268272728], [-0.00073092977982, 0.00333863403648, -0.00254737585783, 0.00228287628852, -0.00217502098531, 0.00183702120557, 0.000374756724341, 0.0025998968631, -0.00435245968401, 0.0148302083835, -0.00712948013097, 0.00318533438258, -0.0014200079022], [-0.00017960878904, -0.00271304184571, 0.0019052028656, -0.00212540011853, -0.000697617651895, 0.00123734539375, -0.00303935096599, -0.00214523216709, 0.0035496968776, -0.00712948013097, 0.0149107435718, -0.00677948258817, 0.0033831470646], [1.31971921746e-06, 0.000904858694412, -0.00166973704472, 0.00124981347471, 0.00154839851893, -0.00137489684857, 0.00315406825393, 0.000440876494395, -0.00234050513245, 0.00318533438258, -0.00677948258817, 0.0163420028985, -0.00811032392085], [0.000208392128116, -0.000340820348356, 0.000572723743971, -0.000774980522692, -0.000822246132884, 0.000952459056862, -0.00129944109358, 0.000642417115159, 0.00123268272728, -0.0014200079022, 0.0033831470646, -0.00811032392085, 0.0147361904383]]
    },
    "melbands": {
        "dmean": [0.00184053753037, 0.0017498889938, 0.000425827136496, 0.000164306882652, 0.000128999949084, 0.000131867593154, 0.000131834705826, 0.000159023955348, 9.72659036051e-05, 0.000143645389471, 7.67609890318e-05, 8.40167776914e-05, 0.000100820456282, 6.48690984235e-05, 4.26185251854e-05, 5.39890352229e-05, 5.48812095076e-05, 2.31944468396e-05, 1.99900223379e-05, 1.59371484187e-05, 1.37846682264e-05, 1.04887139969e-05, 9.71501867753e-06, 7.91113052401e-06, 1.02862659332e-05, 1.91042654478e-05, 9.59972112469e-06, 4.03747708333e-06, 1.56930798312e-06, 1.08481128791e-06, 9.57873567131e-07, 9.8986311059e-07, 1.02165142835e-06, 1.10284236143e-06, 1.14838633181e-06, 1.00490444765e-06, 9.13996245799e-07, 7.43416933346e-07, 6.85072564011e-07, 6.28980387773e-07],
        "dmean2": [0.00280155939981, 0.00270870607346, 0.000701010751072, 0.000273251702311, 0.000209753459785, 0.00020793134172, 0.000214049854549, 0.000256968283793, 0.000154001492774, 0.000231968224398, 0.000122065655887, 0.000136599570396, 0.00016268058971, 0.00010431715782, 6.79327058606e-05, 8.84981636773e-05, 9.03606342035e-05, 3.70258603652e-05, 3.21318839269e-05, 2.54808728641e-05, 2.16126554733e-05, 1.64455323102e-05, 1.54620538524e-05, 1.27757439259e-05, 1.63160275406e-05, 3.11697440338e-05, 1.53910132212e-05, 6.53691949992e-06, 2.5718904908e-06, 1.76333753643e-06, 1.51859819653e-06, 1.57697309078e-06, 1.57350211794e-06, 1.66230074683e-06, 1.75670754743e-06, 1.50519429098e-06, 1.36281698815e-06, 1.10050734747e-06, 9.97652705337e-07, 9.33086027999e-07],
        "dvar": [7.72766907176e-06, 7.86292093835e-06, 7.47106923882e-07, 2.2460066873e-07, 1.10419087207e-07, 1.42530609537e-07, 1.11797582747e-07, 1.53651313894e-07, 6.83792720224e-08, 2.32855711602e-07, 6.21259559352e-08, 4.60441391681e-08, 5.31362225331e-08, 2.66009028138e-08, 1.06128261734e-08, 2.56089478512e-08, 2.60691859211e-08, 4.08164213539e-09, 2.68501043621e-09, 1.68548175417e-09, 1.25711219212e-09, 7.21201209863e-10, 4.05066896692e-10, 2.32698457725e-10, 5.73985137198e-10, 3.22263971064e-09, 6.1850724542e-10, 8.81448733447e-11, 1.41351938834e-11, 1.13302336263e-11, 7.55244044387e-12, 1.14923921074e-11, 1.17999993457e-11, 1.33916298189e-11, 1.27415812276e-11, 9.15389465617e-12, 1.00091289423e-11, 9.17749209961e-12, 1.12164314295e-11, 9.83182806003e-12],
        "dvar2": [1.84557302418e-05, 1.8303782781e-05, 1.94500989892e-06, 5.38077358669e-07, 2.61318376715e-07, 3.25339357232e-07, 2.96617713502e-07, 3.91647034803e-07, 1.52904561901e-07, 5.58078340873e-07, 1.61785067121e-07, 1.19270410437e-07, 1.34954419195e-07, 6.61576322614e-08, 2.58536001496e-08, 7.06401195316e-08, 7.30773805913e-08, 9.84230208445e-09, 6.77771749835e-09, 4.02281452594e-09, 2.76506550989e-09, 1.67120106642e-09, 9.58319090749e-10, 5.74348568705e-10, 1.3876833016e-09, 8.98102126001e-09, 1.66442259975e-09, 2.42955461305e-10, 4.03254374337e-11, 3.21050269703e-11, 1.96944786868e-11, 2.92318391715e-11, 2.80637388328e-11, 2.92963986404e-11, 2.88185707936e-11, 1.99642680859e-11, 2.23854910303e-11, 2.08997229245e-11, 2.61033260979e-11, 2.18549362635e-11],
        "max": [0.03283649683, 0.0446870923042, 0.0177325382829, 0.0204149503261, 0.0109656825662, 0.0130587276071, 0.00712394248694, 0.00919610448182, 0.00954047124833, 0.0135941188782, 0.0120646664873, 0.00579322967678, 0.004499707371, 0.00485281506553, 0.00285077258013, 0.00357519369572, 0.00405745906755, 0.0022180643864, 0.00108967360575, 0.00119238893967, 0.00115362915676, 0.000557744584512, 0.000574225559831, 0.000291355652735, 0.000891755276825, 0.00116930494551, 0.000785677169915, 0.000241081768763, 0.000102284022432, 0.000112461319077, 7.40119066904e-05, 0.000114817477879, 8.69748109835e-05, 0.000128745930851, 0.000129155116156, 0.000116214876471, 0.000128523854073, 8.78609207575e-05, 0.000154378343723, 0.000114780064905],
        "mean": [0.00312246801332, 0.00274554477073, 0.000560152053367, 0.000224691146286, 0.000192885723663, 0.000204423151445, 0.000211495469557, 0.000292262877338, 0.000158361086505, 0.000250104581937, 0.000126889062813, 0.000142278178828, 0.000169230814208, 0.00011378081399, 7.02535326127e-05, 9.09030568437e-05, 9.79722099146e-05, 3.68851615349e-05, 3.07716582029e-05, 2.69381580438e-05, 2.44097136601e-05, 1.98560846911e-05, 1.92182906176e-05, 1.59012779477e-05, 2.06684726436e-05, 4.32712986367e-05, 2.44075508817e-05, 8.43733050715e-06, 2.95292329611e-06, 1.86759848475e-06, 1.64960567872e-06, 1.72655006736e-06, 1.86117074463e-06, 2.00925683203e-06, 2.10534767575e-06, 1.91114236259e-06, 1.67668440554e-06, 1.24493374187e-06, 1.0945801705e-06, 9.7977670066e-07],
        "median": [0.00155671662651, 0.00136149395257, 0.000236751729972, 9.16048302315e-05, 6.32514493191e-05, 6.51796872262e-05, 6.02363288635e-05, 4.52251879324e-05, 3.56978925993e-05, 3.94453927584e-05, 3.30192560796e-05, 3.20539766108e-05, 4.25239632023e-05, 2.69952488452e-05, 1.99973401322e-05, 2.1563275368e-05, 1.77909168997e-05, 1.09824522951e-05, 9.03813634068e-06, 8.25252845971e-06, 8.30029603094e-06, 6.3519159994e-06, 6.85696386427e-06, 8.30907720228e-06, 7.3514943324e-06, 5.66036032978e-06, 4.17166756961e-06, 3.13023838316e-06, 1.71938825133e-06, 8.43467887535e-07, 7.01091835253e-07, 7.33309718726e-07, 6.65560150992e-07, 6.74532941503e-07, 7.43669261283e-07, 7.04521710304e-07, 4.50766350468e-07, 2.87107923214e-07, 2.26182280016e-07, 2.21338027018e-07],
        "min": [2.36086205415e-23, 7.72147703653e-24, 9.65596513566e-24, 7.19087814762e-24, 9.50580861779e-24, 1.93900574776e-23, 1.24767968375e-23, 1.14151407315e-23, 1.20107449145e-23, 6.70813156123e-24, 3.86480272965e-24, 5.36524417594e-24, 2.57324474852e-24, 4.0003787314e-24, 6.38346402277e-24, 1.66406090102e-23, 1.54944067367e-23, 5.88138363888e-24, 1.16616258434e-23, 6.76182774532e-24, 3.40839620888e-24, 5.50456568927e-24, 1.4144563176e-23, 1.3665177137e-23, 1.29609460186e-23, 1.2482465592e-23, 1.25157492113e-23, 1.17249595412e-23, 6.8333032765e-24, 1.28119933025e-23, 1.46685403664e-23, 1.08029578478e-23, 9.14005878111e-24, 1.43282841476e-23, 9.76426232731e-24, 1.31368691002e-23, 9.86800069179e-24, 1.05892601617e-23, 1.01137379635e-23, 1.14678958046e-23],
        "var": [1.75109780685e-05, 1.47248047142e-05, 9.10867356652e-07, 3.34178821504e-07, 2.43670484679e-07, 2.53734327771e-07, 1.83407976806e-07, 3.55147790287e-07, 1.46089533359e-07, 6.16606882886e-07, 9.65753699234e-08, 1.10148519639e-07, 1.18621606759e-07, 7.2448216315e-08, 2.41088340402e-08, 5.17441272052e-08, 6.79467078157e-08, 7.62404095411e-09, 4.94553598074e-09, 3.7166167921e-09, 3.45855166728e-09, 1.97146077241e-09, 1.10360287575e-09, 5.58297241771e-10, 1.33466637742e-09, 1.08650732855e-08, 3.40657146936e-09, 2.53399828898e-10, 2.12841688718e-11, 1.56326531581e-11, 1.34202414806e-11, 1.94010519455e-11, 2.51113210087e-11, 3.00481479976e-11, 2.76483610312e-11, 2.07782541173e-11, 2.21105911358e-11, 1.73311625468e-11, 2.08592049883e-11, 1.77383212285e-11]
    },
    "mfcc": {
        "mean": [-649.178955078, 113.753105164, -6.17050266266, 17.4299468994, 6.73691606522, 5.61855697632, 12.5254745483, 13.9491701126, -2.80253005028, 10.8426485062, 4.07566452026, 1.99018478394, 4.89328241348],
        "cov": [[4721.80664062, -382.852752686, 186.752731323, 445.929962158, 381.062530518, 19.0092258453, 199.400146484, 76.6827697754, -138.653121948, 271.892272949, 204.017425537, 185.764984131, 213.206069946], [-382.852752686, 881.887634277, 4.47673606873, 206.352645874, 29.7523460388, -35.8405075073, 98.9064102173, 29.1100749969, -46.0908470154, 0.440504968166, 55.7101631165, 26.0976753235, 85.4511871338], [186.752731323, 4.47673606873, 1226.29101562, 286.365325928, 231.972335815, 225.062255859, 10.7833166122, 56.7668304443, 87.9626922607, -54.5801582336, 52.4179763794, 60.0111579895, 11.1297616959], [445.929962158, 206.352645874, 286.365325928, 497.447387695, 246.097015381, 19.4361248016, 96.9977264404, 8.86678695679, -35.9494438171, 64.0546264648, 63.8415374756, 40.2679252625, 118.630592346], [381.062530518, 29.7523460388, 231.972335815, 246.097015381, 333.792907715, 87.9872741699, 7.1163725853, 10.4525136948, 19.7091636658, 34.6002235413, 40.047328949, 57.4798278809, 62.2883110046], [19.0092258453, -35.8405075073, 225.062255859, 19.4361248016, 87.9872741699, 278.420837402, 49.8302230835, 28.3653297424, 49.7719764709, -5.73655986786, 5.6420211792, 29.6990280151, -29.4920330048], [199.400146484, 98.9064102173, 10.7833166122, 96.9977264404, 7.1163725853, 49.8302230835, 310.041137695, 61.9022369385, -66.0041809082, 87.2625427246, 21.796415329, -30.590473175, 45.0444908142], [76.6827697754, 29.1100749969, 56.7668304443, 8.86678695679, 10.4525136948, 28.3653297424, 61.9022369385, 141.6065979, 35.5616950989, 14.6627941132, 24.899520874, 15.2755823135, 3.12701582909], [-138.653121948, -46.0908470154, 87.9626922607, -35.9494438171, 19.7091636658, 49.7719764709, -66.0041809082, 35.5616950989, 148.704177856, -10.5376091003, -6.76219511032, 22.0752735138, -33.4655456543], [271.892272949, 0.440504968166, -54.5801582336, 64.0546264648, 34.6002235413, -5.73655986786, 87.2625427246, 14.6627941132, -10.5376091003, 164.447952271, 63.1771507263, -2.02515459061, 15.4855365753], [204.017425537, 55.7101631165, 52.4179763794, 63.8415374756, 40.047328949, 5.6420211792, 21.796415329, 24.899520874, -6.76219511032, 63.1771507263, 128.509368896, 52.4852409363, 15.4036693573], [185.764984131, 26.0976753235, 60.0111579895, 40.2679252625, 57.4798278809, 29.6990280151, -30.590473175, 15.2755823135, 22.0752735138, -2.02515459061, 52.4852409363, 121.351875305, 38.8639755249], [213.206069946, 85.4511871338, 11.1297616959, 118.630592346, 62.2883110046, -29.4920330048, 45.0444908142, 3.12701582909, -33.4655456543, 15.4855365753, 15.4036693573, 38.8639755249, 135.53894043]],
