{
"lowlevel": {
    "average_loudness": 0.803206443787,
    "barkbands_crest": {
        "dmean": 2.56567716599,
        "dmean2": 4.18102121353,
        "dvar": 5.38164043427,
        "dvar2": 13.5963020325,
        "max": 26.514995575,
        "mean": 11.3065576553,
        "median": 10.3371725082,
        "min": 2.67148065567,
        "var": 23.9548053741
    },
    "barkbands_flatness_db": {
        "dmean": 0.0201878529042,
        "dmean2": 0.0313995443285,
        "dvar": 0.000375731324311,
        "dvar2": 0.00086375779938,
        "max": 0.427501738071,
        "mean": 0.152589246631,
        "median": 0.140077546239,
        "min": 0.033011674881,
        "var": 0.00328471302055
    },
    "barkbands_kurtosis": {
        "dmean": 3.38066315651,
        "dmean2": 5.40734672546,
        "dvar": 66.8654632568,
        "dvar2": 159.973022461,
        "max": 316.211517334,
        "mean": 6.65078496933,
        "median": 1.47341537476,
        "min": -1.94698858261,
        "var": 214.853729248
    },
    "barkbands_skewness": {
        "dmean": 0.499177992344,
        "dmean2": 0.773284852505,
        "dvar": 0.375323593616,
        "dvar2": 0.83285009861,
        "max": 15.8076543808,
        "mean": 1.39828765392,
        "median": 0.944109499454,
        "min": -3.50206708908,
        "var": 2.72476744652
    },
    "barkbands_spread": {
        "dmean": 4.53602409363,
        "dmean2": 7.07486152649,
        "dvar": 45.5477027893,
        "dvar2": 93.7383651733,
        "max": 102.030693054,
        "mean": 17.5401744843,
        "median": 14.6931095123,
        "min": 0.342924207449,
        "var": 185.247741699
    },
    "dissonance": {
        "dmean": 0.0225992538035,
        "dmean2": 0.0377495847642,
        "dvar": 0.000446902355179,
        "dvar2": 0.001203621272,
        "max": 0.500000178814,
        "mean": 0.45240432024,
        "median": 0.460966974497,
        "min": 0.246161818504,
        "var": 0.00137344771065
    },
    "dynamic_complexity": 4.09250211716,
    "erbbands_crest": {
        "dmean": 2.79815006256,
        "dmean2": 4.55238819122,
        "dvar": 6.32703208923,
        "dvar2": 15.6319169998,
        "max": 29.9077262878,
        "mean": 11.4462804794,
        "median": 10.6941223145,
        "min": 2.47804903984,
        "var": 23.8921222687
    },
    "erbbands_flatness_db": {
        "dmean": 0.0186434239149,
        "dmean2": 0.0279258787632,
        "dvar": 0.000306078436552,
        "dvar2": 0.000624840089586,
        "max": 0.368717461824,
        "mean": 0.188272535801,
        "median": 0.190971150994,
        "min": 0.0468180142343,
        "var": 0.00263350922614
    },
    "erbbands_kurtosis": {
        "dmean": 1.26091682911,
        "dmean2": 1.9800246954,
        "dvar": 4.33287477493,
        "dvar2": 9.29203605652,
        "max": 50.8246803284,
        "mean": 1.512398839,
        "median": 0.324146509171,
        "min": -1.76895177364,
        "var": 14.8819160461
    },
    "erbbands_skewness": {
        "dmean": 0.400727003813,
        "dmean2": 0.619067549706,
        "dvar": 0.164054721594,
        "dvar2": 0.326340377331,
        "max": 6.45151615143,
        "mean": 0.67296820879,
        "median": 0.616863489151,
        "min": -5.48737001419,
        "var": 1.04993891716
    },
    "erbbands_spread": {
        "dmean": 6.47880792618,
        "dmean2": 10.0749368668,
        "dvar": 80.2801132202,
        "dvar2": 181.372512817,
        "max": 132.390655518,
        "mean": 29.6098423004,
        "median": 23.5979709625,
        "min": 3.06162333488,
        "var": 355.008178711
    },
    "hfc": {
        "dmean": 4.74133968353,
        "dmean2": 7.24875164032,
        "dvar": 53.583568573,
        "dvar2": 114.825561523,
        "max": 148.215652466,
        "mean": 19.1010551453,
        "median": 12.677740097,
        "min": 1.19494683343e-16,
        "var": 344.367706299
    },
    "melbands_crest": {
        "dmean": 3.07948637009,
        "dmean2": 4.97949028015,
        "dvar": 7.6250500679,
        "dvar2": 18.7839584351,
        "max": 33.4023551941,
        "mean": 13.9046239853,
        "median": 12.7097597122,
        "min": 1.88676738739,
        "var": 33.9974937439
    },
    "melbands_flatness_db": {
        "dmean": 0.0221234094352,
        "dmean2": 0.0343879647553,
        "dvar": 0.000513392616995,
        "dvar2": 0.00116919807624,
        "max": 0.513169944286,
        "mean": 0.202891394496,
        "median": 0.184850737453,
        "min": 0.00488890009001,
        "var": 0.00533678615466
    },
    "melbands_kurtosis": {
        "dmean": 6.4772734642,
        "dmean2": 10.3712615967,
        "dvar": 212.11265564,
        "dvar2": 523.041564941,
        "max": 314.380187988,
        "mean": 14.7243251801,
        "median": 3.76217126846,
        "min": -1.88263332844,
        "var": 854.188598633
    },
    "melbands_skewness": {
        "dmean": 0.600649833679,
        "dmean2": 0.934698760509,
        "dvar": 0.56268453598,
        "dvar2": 1.29956066608,
        "max": 14.2660045624,
        "mean": 2.11366772652,
        "median": 1.40473747253,
        "min": -0.954636693001,
        "var": 4.38815069199
    },
    "melbands_spread": {
        "dmean": 6.510638237,
        "dmean2": 10.0487823486,
        "dvar": 140.470123291,
        "dvar2": 251.108795166,
        "max": 246.765808105,
        "mean": 24.358171463,
        "median": 20.0492897034,
        "min": 0.584433615208,
        "var": 546.442321777
    },
    "pitch_salience": {
        "dmean": 0.0640481933951,
        "dmean2": 0.103052176535,
        "dvar": 0.00342198321596,
        "dvar2": 0.00848073326051,
        "max": 0.898952841759,
        "mean": 0.528048038483,
        "median": 0.521325409412,
        "min": 0.0877814814448,
        "var": 0.0159827359021
    },
    "silence_rate_20dB": {
        "dmean": 0,
        "dmean2": 0,
        "dvar": 0,
        "dvar2": 0,
        "max": 1,
        "mean": 1,
        "median": 1,
        "min": 1,
        "var": 0
    },
    "silence_rate_30dB": {
        "dmean": 0,
        "dmean2": 0,
        "dvar": 0,
        "dvar2": 0,
        "max": 1,
        "mean": 1,
        "median": 1,
        "min": 1,
        "var": 0
    },
    "silence_rate_60dB": {
        "dmean": 0.019999999553,
        "dmean2": 0.0400048196316,
        "dvar": 0.0195974502712,
        "dvar2": 0.0473166368902,
        "max": 1,
        "mean": 0.106854595244,
        "median": 0,
        "min": 0,
        "var": 0.0954332500696
    },
    "spectral_centroid": {
        "dmean": 208.374786377,
        "dmean2": 322.281158447,
        "dvar": 103158.09375,
        "dvar2": 174969.625,
        "max": 11221.2646484,
        "mean": 1377.89880371,
        "median": 1311.80310059,
        "min": 204.371414185,
        "var": 613218.9375
    },
    "spectral_complexity": {
        "dmean": 2.21879529953,
        "dmean2": 3.60838651657,
        "dvar": 6.27283763885,
        "dvar2": 15.4095563889,
        "max": 43,
        "mean": 14.1596193314,
        "median": 14,
        "min": 0,
        "var": 64.73487854
    },
    "spectral_decrease": {
        "dmean": 1.31303401485e-09,
        "dmean2": 2.08277950442e-09,
        "dvar": 3.004396499e-18,
        "dvar2": 7.73737713947e-18,
        "max": 6.45168716518e-29,
        "mean": -4.63480853696e-09,
        "median": -4.13256540099e-09,
        "min": -2.23834799584e-08,
        "var": 1.14426739636e-17
    },
    "spectral_energy": {
        "dmean": 0.00528825260699,
        "dmean2": 0.00837983749807,
        "dvar": 4.68225407531e-05,
        "dvar2": 0.000120767886983,
        "max": 0.0883162766695,
        "mean": 0.0192253608257,
        "median": 0.0170462299138,
        "min": 1.05950131539e-20,
        "var": 0.000195131913642
    },
    "spectral_energyband_high": {
        "dmean": 0.000232024191064,
        "dmean2": 0.000336339115165,
        "dvar": 6.67580309255e-07,
        "dvar2": 1.21701714306e-06,
        "max": 0.0197823345661,
        "mean": 0.000462428986793,
        "median": 0.000172570958966,
        "min": 7.51800709619e-21,
        "var": 1.94990980162e-06
    },
    "spectral_energyband_low": {
        "dmean": 0.00185239920393,
        "dmean2": 0.00298906653188,
        "dvar": 2.37633576035e-05,
        "dvar2": 6.08395275776e-05,
        "max": 0.0615129992366,
        "mean": 0.0029974647332,
        "median": 0.00101539387833,
        "min": 5.47365275475e-23,
        "var": 2.7798823794e-05
    },
    "spectral_energyband_middle_high": {
        "dmean": 0.00221032556146,
        "dmean2": 0.00357238366269,
        "dvar": 1.47143464346e-05,
        "dvar2": 4.12203189626e-05,
        "max": 0.0642641782761,
        "mean": 0.0079198339954,
        "median": 0.00303890835494,
        "min": 1.72080224599e-21,
        "var": 9.22576655285e-05
    },
    "spectral_energyband_middle_low": {
        "dmean": 0.00306883826852,
        "dmean2": 0.00479733804241,
        "dvar": 1.53173041326e-05,
        "dvar2": 3.68867804355e-05,
        "max": 0.0619893707335,
        "mean": 0.00837343651801,
        "median": 0.00658067362383,
        "min": 2.62831161789e-22,
        "var": 5.35020335519e-05
    },
    "spectral_entropy": {
        "dmean": 0.167401850224,
        "dmean2": 0.248604848981,
        "dvar": 0.0323171429336,
        "dvar2": 0.0640059411526,
        "max": 9.79799842834,
        "mean": 7.32970428467,
        "median": 7.3611869812,
        "min": 4.71351909637,
        "var": 0.278940737247
    },
    "spectral_flux": {
        "dmean": 0.0183690767735,
        "dmean2": 0.0293833669275,
        "dvar": 0.000410393171478,
        "dvar2": 0.000968290143646,
        "max": 0.235963478684,
        "mean": 0.0666984021664,
        "median": 0.0601309239864,
        "min": 1.02932079526e-10,
        "var": 0.00157510035206
    },
    "spectral_kurtosis": {
        "dmean": 1.73265910149,
        "dmean2": 2.94949650764,
        "dvar": 5.08631515503,
        "dvar2": 14.3671998978,
        "max": 57.3520889282,
        "mean": 5.58291959763,
        "median": 5.02274608612,
        "min": -1.2105602026,
        "var": 18.2045783997
    },
    "spectral_rms": {
        "dmean": 0.000566445873119,
        "dmean2": 0.000878015707713,
        "dvar": 3.76716911887e-07,
        "dvar2": 9.08127901766e-07,
        "max": 0.00928236078471,
        "mean": 0.00397670129314,
        "median": 0.00407804735005,
        "min": 3.21505799414e-12,
        "var": 2.942362471e-06
    },
    "spectral_rolloff": {
        "dmean": 365.22479248,
        "dmean2": 614.194641113,
        "dvar": 706889.0625,
        "dvar2": 1398911.375,
        "max": 18776.953125,
        "mean": 1596.82092285,
        "median": 1335.05859375,
        "min": 86.1328125,
        "var": 2224311.5
    },
    "spectral_skewness": {
        "dmean": 0.218669161201,
        "dmean2": 0.356947243214,
        "dvar": 0.0479415394366,
        "dvar2": 0.121734336019,
        "max": 6.03809547424,
        "mean": 1.67743206024,
        "median": 1.65478360653,
        "min": -0.215953558683,
        "var": 0.302048623562
    },
    "spectral_spread": {
        "dmean": 460252.125,
        "dmean2": 697663,
        "dvar": 549656854528,
        "dvar2": 863971573760,
        "max": 40707108,
        "mean": 4178665,
        "median": 3852312.25,
        "min": 1170185.375,
        "var": 2.29475247718e+12
    },
    "spectral_strongpeak": {
        "dmean": 0.741972088814,
        "dmean2": 1.2542399168,
        "dvar": 1.39045989513,
        "dvar2": 3.64163446426,
        "max": 14.9456110001,
        "mean": 1.63055002689,
        "median": 0.862189769745,
        "min": 0,
        "var": 3.28714942932
    },
    "zerocrossingrate": {
        "dmean": 0.00823924597353,
        "dmean2": 0.00961376912892,
        "dvar": 0.000189300160855,
        "dvar2": 0.000183318683412,
        "max": 0.58349609375,
        "mean": 0.0596166625619,
        "median": 0.05615234375,
        "min": 0.00390625,
        "var": 0.00155815435573
    },
    "barkbands": {
        "dmean": [2.60560154857e-05, 0.00143636600114, 0.000462101073936, 0.00036930933129, 0.00108705414459, 0.000753304047976, 0.000446301011834, 0.000277847779216, 0.00125097576529, 0.00141904968768, 0.000529698969331, 0.000283552188193, 0.000445225887233, 0.000316056597512, 0.000322337553371, 0.000119400057883, 7.18641458661e-05, 0.000308798073092, 0.000209002260817, 8.3881583123e-05, 5.62788409297e-05, 6.70313602313e-05, 4.7332901886e-05, 3.90849018004e-05, 2.5402956453e-05, 9.32051807467e-06, 1.20062986753e-06],
        "dmean2": [3.97567819164e-05, 0.00231546978466, 0.000809607619885, 0.000606026034802, 0.00170616386458, 0.00119841471314, 0.000705804675817, 0.000432638946222, 0.00194295553956, 0.00236487085931, 0.000842818757519, 0.000466737605166, 0.000699995085597, 0.0004995772033, 0.000498604727909, 0.00018781585095, 0.000117998257338, 0.000476968823932, 0.000328319933033, 0.000134660105687, 8.72138043633e-05, 0.000102176061773, 7.26339203538e-05, 5.61888846278e-05, 3.78441982321e-05, 1.35995405799e-05, 1.86953218417e-06],
        "dvar": [6.32940500012e-09, 1.64320445037e-05, 1.77746733243e-06, 8.11772451925e-07, 4.5489691729e-06, 2.37360109168e-06, 9.28947201828e-07, 4.83190774503e-07, 7.91423644841e-06, 1.14261956696e-05, 2.33572632169e-06, 3.87079239772e-07, 9.62010972216e-07, 5.81460369631e-07, 5.86447072237e-07, 9.52173735413e-08, 1.7713563949e-08, 6.29626981663e-07, 3.41115708125e-07, 5.06507511489e-08, 4.04473894378e-08, 8.64483027385e-08, 4.11545819645e-08, 5.04831305648e-08, 1.27302053343e-08, 1.45501433124e-09, 2.22988138371e-11],
        "dvar2": [1.28447190662e-08, 4.27142549597e-05, 5.04474064655e-06, 1.86374916211e-06, 1.02947669802e-05, 5.62811692362e-06, 2.29351576309e-06, 1.04908599496e-06, 1.84214841283e-05, 3.32293602696e-05, 5.64209994991e-06, 9.82864435173e-07, 2.23270967581e-06, 1.3683115867e-06, 1.31827403038e-06, 2.30247792388e-07, 4.47470007714e-08, 1.48791389165e-06, 7.63855609875e-07, 1.17356897533e-07, 8.62986837546e-08, 1.83310902457e-07, 8.92949785225e-08, 8.76864021393e-08, 2.42633539926e-08, 2.56125454179e-09, 5.13376112454e-11],
        "max": [0.00131758884527, 0.0518861562014, 0.0230152979493, 0.0230074524879, 0.0498404800892, 0.0371985249221, 0.02321572043, 0.0191229078919, 0.0577133744955, 0.0501348078251, 0.0330689586699, 0.0142742590979, 0.0320025421679, 0.0207217969, 0.0185430385172, 0.00776367541403, 0.00362699851394, 0.0240504778922, 0.0172958690673, 0.0070181353949, 0.00542344897985, 0.0118981124833, 0.00682210316882, 0.0116893928498, 0.00447304407135, 0.00265009072609, 0.000157610338647],
        "mean": [3.03026426991e-05, 0.00222913408652, 0.000520813511685, 0.000534786027856, 0.00218372000381, 0.00140293268487, 0.000765397562645, 0.00049344234867, 0.00244245817885, 0.00273278937675, 0.000931567861699, 0.000549091491848, 0.000938957440667, 0.000604559667408, 0.000684887054376, 0.000256506464211, 0.000142528253491, 0.000723342294805, 0.000474453932839, 0.000182800446055, 9.33303599595e-05, 0.000113933856483, 7.34220666345e-05, 6.19947822997e-05, 4.20524665969e-05, 1.4720985746e-05, 1.45147373587e-06],
        "median": [4.89745161758e-06, 0.000506660435349, 0.00018184169312, 0.000141179858474, 0.000869995448738, 0.000566529808566, 0.000298276776448, 0.000126138402265, 0.000350657792296, 0.000256426283158, 0.000143021185067, 0.000144844554598, 0.000185688608326, 0.000109599990537, 0.000107409832708, 6.07295805821e-05, 6.80543962517e-05, 0.000100197750726, 8.67639100761e-05, 6.71931775287e-05, 3.41225568263e-05, 3.54283620254e-05, 1.82446383405e-05, 1.36307344292e-05, 9.72264206212e-06, 3.37030428454e-06, 2.46646720825e-07],
        "min": [4.79850717454e-24, 1.96839365638e-23, 2.83908673206e-24, 1.85349496113e-23, 1.64609333173e-23, 3.99652838021e-23, 6.78283558455e-23, 3.71194523093e-23, 4.64349024798e-23, 3.6177464036e-23, 5.31816953251e-23, 6.29375696944e-23, 9.52010025304e-23, 5.46585439139e-23, 1.33147654385e-22, 1.48825286689e-22, 1.44834761224e-22, 1.84903568821e-22, 2.82127128671e-22, 3.07930428093e-22, 2.8760621573e-22, 5.00260850968e-22, 5.9342322866e-22, 9.0905402466e-22, 1.02960943951e-21, 1.39403126988e-21, 2.34271504109e-21],
        "var": [8.54894466329e-09, 1.91762228496e-05, 1.45933699969e-06, 1.93158689399e-06, 1.50003343151e-05, 7.99322333478e-06, 1.98202633328e-06, 1.26839040604e-06, 2.46872295975e-05, 2.9340162655e-05, 5.0648600336e-06, 1.12064117275e-06, 3.69537997358e-06, 1.82674739335e-06, 2.46851436714e-06, 3.72906470147e-07, 4.23905746061e-08, 2.49299637289e-06, 1.04939977064e-06, 1.05852940635e-07, 8.48052152946e-08, 1.84512430224e-07, 8.82194868268e-08, 1.06205042982e-07, 3.43530004443e-08, 4.97045293812e-09, 2.77148078792e-11]
    },
    "erbbands": {
        "dmean": [0.0321924984455, 0.357228815556, 0.62604790926, 0.79072457552, 2.80461549759, 3.82058763504, 4.61635494232, 6.29971885681, 7.02628898621, 4.33879137039, 8.48772335052, 29.3968830109, 32.9090499878, 43.6770095825, 12.8795442581, 11.0942754745, 19.5016860962, 14.3753614426, 17.1294727325, 11.6039915085, 4.97060775757, 3.41166377068, 10.0576076508, 15.3286209106, 5.89411115646, 3.50568842888, 2.15168166161, 2.4040389061, 2.48414230347, 1.90127718449, 1.23801720142, 0.982209146023, 0.564484775066, 0.341121852398, 0.160245984793, 0.052825063467, 0.0156603567302, 0.00258480268531, 0.000216287124204, 1.01304967757e-05],
        "dmean2": [0.0498186796904, 0.592226088047, 1.09323894978, 1.32612657547, 4.53796291351, 5.96209478378, 7.28205060959, 10.0662851334, 11.1257658005, 6.7716794014, 13.152967453, 45.1382713318, 53.4177513123, 72.7207717896, 20.7489929199, 18.0514392853, 30.8215656281, 22.4156169891, 27.0854091644, 17.8551292419, 7.96777677536, 5.48821735382, 15.6199960709, 23.9267101288, 9.15969657898, 5.60560035706, 3.4488863945, 3.7411210537, 3.83662581444, 2.89566254616, 1.86281788349, 1.44743680954, 0.820393562317, 0.505918085575, 0.236252456903, 0.076786249876, 0.0233181696385, 0.00390775036067, 0.000332808849635, 1.53978126036e-05],
        "dvar": [0.00905121490359, 1.04004895687, 3.0898103714, 4.26678991318, 30.1734199524, 79.3027420044, 109.937988281, 179.267288208, 210.858261108, 99.8422393799, 435.732666016, 4688.02734375, 6507.92382812, 10340.2099609, 843.94708252, 584.457885742, 1754.94458008, 1264.60974121, 1327.17895508, 1266.00866699, 121.915512085, 34.6310539246, 667.883789062, 1575.74267578, 186.964950562, 74.2425308228, 61.5878791809, 106.64201355, 139.290084839, 57.676322937, 28.3794078827, 33.227191925, 9.89886283875, 2.92884469032, 0.459185361862, 0.0568900406361, 0.00384189165197, 0.000110311244498, 6.19977072347e-07, 3.94340865517e-10],
        "dvar2": [0.0223945211619, 2.7833070755, 8.65595245361, 10.5547990799, 73.7007446289, 173.570724487, 259.124603271, 424.26171875, 511.403015137, 236.682235718, 983.697814941, 10453.6191406, 18194.2851562, 29265.4863281, 2131.31567383, 1443.49829102, 4054.20263672, 2907.22460938, 3258.03857422, 2899.34521484, 308.222381592, 86.1338348389, 1590.14318848, 3651.66821289, 414.584686279, 173.118469238, 147.890457153, 237.447357178, 312.388549805, 117.646270752, 55.6752052307, 63.9331550598, 17.3049030304, 5.94191217422, 0.820586025715, 0.0933004915714, 0.00769443949685, 0.0002358694328, 1.33527578328e-06, 8.06318345425e-10],
        "max": [1.50429129601, 12.2998590469, 24.9963340759, 41.141002655, 107.255828857, 241.219696045, 278.207366943, 333.551422119, 342.209686279, 297.026123047, 559.965332031, 1723.01293945, 1421.0078125, 1488.26391602, 1080.06958008, 719.648498535, 1661.99304199, 877.793273926, 626.512695312, 1015.96868896, 332.05090332, 137.278503418, 1295.04528809, 1267.58776855, 567.620910645, 257.243347168, 331.67956543, 288.636169434, 555.065734863, 311.702545166, 148.347427368, 310.713500977, 114.785865784, 74.5921020508, 30.6571369171, 19.5209770203, 3.31974959373, 0.357329696417, 0.0241540241987, 0.000564616522752],
        "mean": [0.0476264171302, 0.547612607479, 0.797531366348, 1.21719229221, 5.24593782425, 7.3017745018, 8.73045063019, 11.4082212448, 12.7769432068, 7.83637189865, 17.046995163, 58.235294342, 66.5971603394, 84.467880249, 28.6465263367, 23.6930160522, 43.356803894, 31.0918865204, 36.42162323, 29.71616745, 11.6889429092, 8.43446063995, 25.6056728363, 44.3155097961, 17.2995471954, 8.57812595367, 3.98114681244, 3.9246506691, 4.15977334976, 3.07561326027, 1.98209738731, 1.48804152012, 0.906558334827, 0.543180584908, 0.25882768631, 0.0849445313215, 0.0237953085452, 0.00368326995522, 0.000281352899037, 3.0823983252e-05],
        "median": [0.0136683993042, 0.107747882605, 0.314336001873, 0.442979365587, 1.68127930164, 2.70284509659, 3.34424495697, 4.89584589005, 5.4808678627, 3.25617814064, 5.61045646667, 9.2307062149, 11.0017595291, 10.3434381485, 9.82117652893, 8.91709709167, 10.6691904068, 7.7279253006, 9.60819721222, 5.12652587891, 4.08390426636, 4.32155799866, 5.75281906128, 5.77598619461, 4.05646753311, 3.2507648468, 1.9135620594, 1.27969872952, 1.29239034653, 0.834729850292, 0.484655410051, 0.322242230177, 0.199052557349, 0.130377575755, 0.0534436479211, 0.017150554806, 0.00588697800413, 0.000950730638579, 5.65964946873e-05, 2.44578222919e-05],
        "min": [6.52774699788e-22, 1.37385834211e-21, 3.69710757772e-21, 3.72123709857e-20, 6.77281720756e-20, 4.29357047298e-20, 2.03974415551e-19, 3.20513979198e-19, 1.04217405614e-18, 8.40714786639e-19, 7.21654493473e-19, 1.27995808336e-18, 1.19621876424e-18, 1.544177252e-18, 2.44332609336e-18, 2.72227166184e-18, 4.10974678462e-18, 3.85340682151e-18, 5.61210530036e-18, 7.3294910707e-18, 8.13878224814e-18, 1.09644634807e-17, 1.07230177317e-17, 1.06593579117e-17, 1.56490213817e-17, 1.41747870068e-17, 1.39314437054e-17, 1.45368158367e-17, 1.79121130914e-17, 1.07773146943e-17, 1.48540263667e-17, 1.90405413025e-17, 1.5780996394e-17, 9.65265925392e-18, 6.54636237526e-18, 5.04254305855e-18, 3.01968631224e-18, 1.44328841083e-18, 3.4116454319e-19, 3.19803243644e-20],
        "var": [0.0105816954747, 1.15040969849, 2.53337216377, 8.18872356415, 100.466506958, 219.537628174, 363.490447998, 447.997009277, 501.322967529, 189.048339844, 1115.12585449, 14310.1650391, 19372.3085938, 26400.2539062, 2653.54614258, 1560.8581543, 7232.85595703, 4469.93310547, 4174.67138672, 6734.66650391, 486.420715332, 125.017951965, 2523.89916992, 8369.25585938, 992.903259277, 188.224182129, 90.7704849243, 224.037765503, 265.15020752, 130.605697632, 66.3214797974, 61.3912811279, 21.5762348175, 6.04259204865, 1.53773665428, 0.219888463616, 0.0098216952756, 0.000177640569746, 9.3317981964e-07, 1.09932907222e-09]
    },
    "gfcc": {
        "mean": [-35.7862091064, 89.1858520508, -129.816513062, 19.9056758881, -62.282169342, 9.19590187073, -33.739730835, 6.32592964172, -28.716217041, -0.605264186859, -13.3462514877, 0.884760797024, -10.0906553268],
        "cov": [[8223.98730469, -682.367736816, -364.487426758, 160.345870972, 313.206268311, 458.437225342, 311.712768555, 679.698364258, -24.755569458, 218.11289978, 147.971343994, 132.061935425, -50.2379074097], [-682.367736816, 1116.25476074, 308.492004395, 88.1249847412, 192.973648071, -116.003707886, 67.6657028198, -99.5597305298, 68.5997390747, -11.9932937622, 158.093490601, -4.88066911697, 45.7855491638], [-364.487426758, 308.492004395, 1596.85473633, 707.155090332, -47.7414665222, 110.153686523, -92.0400009155, -208.233779907, 88.1557617188, 143.421279907, 20.6553783417, 101.442337036, 51.8469314575], [160.345870972, 88.1249847412, 707.155090332, 612.788208008, 67.8949050903, 75.6920089722, -21.0816307068, -55.1570167542, 47.2772674561, 72.185798645, 49.6990203857, 73.7791137695, 15.4155092239], [313.206268311, 192.973648071, -47.7414665222, 67.8949050903, 290.839447021, 39.9581947327, 92.3302536011, 95.0716400146, 10.8046579361, 10.5740451813, 67.7970809937, 3.26231122017, -7.67839479446], [458.437225342, -116.003707886, 110.153686523, 75.6920089722, 39.9581947327, 239.50289917, 105.214225769, 75.6167221069, 26.4178657532, 41.3575248718, -20.6995735168, 17.1091537476, 1.46403753757], [311.712768555, 67.6657028198, -92.0400009155, -21.0816307068, 92.3302536011, 105.214225769, 209.834335327, 108.644699097, 14.2638263702, 4.47020483017, 41.2711753845, 16.0387020111, -3.73508119583], [679.698364258, -99.5597305298, -208.233779907, -55.1570167542, 95.0716400146, 75.6167221069, 108.644699097, 214.972961426, 34.7952537537, 25.3051185608, 26.0877132416, 4.27764558792, -4.50881290436], [-24.755569458, 68.5997390747, 88.1557617188, 47.2772674561, 10.8046579361, 26.4178657532, 14.2638263702, 34.7952537537, 129.539871216, 58.0354652405, 9.98191356659, 7.8220205307, 22.6967334747], [218.11289978, -11.9932937622, 143.421279907, 72.185798645, 10.5740451813, 41.3575248718, 4.47020483017, 25.3051185608, 58.0354652405, 114.910446167, 41.5706787109, 26.8210372925, 8.78744506836], [147.971343994, 158.093490601, 20.6553783417, 49.6990203857, 67.7970809937, -20.6995735168, 41.2711753845, 26.0877132416, 9.98191356659, 41.5706787109, 131.492599487, 44.8319129944, -0.669285416603], [132.061935425, -4.88066911697, 101.442337036, 73.7791137695, 3.26231122017, 17.1091537476, 16.0387020111, 4.27764558792, 7.8220205307, 26.8210372925, 44.8319129944, 88.8236312866, 25.4998226166], [-50.2379074097, 45.7855491638, 51.8469314575, 15.4155092239, -7.67839479446, 1.46403753757, -3.73508119583, -4.50881290436, 22.6967334747, 8.78744506836, -0.669285416603, 25.4998226166, 83.9762115479]],
        "icov": [[0.000195527434698, -2.07590371559e-08, 5.14724342793e-05, -0.000109891341708, 1.70752919075e-05, -0.00021166933584, 0.000138232760946, -0.000615934201051, 0.000373095303075, -0.000308255199343, -2.6642175726e-05, -0.000157727859914, 6.2807026552e-05], [-2.07590371559e-08, 0.00231833104044, -0.000871433294378, 0.000791619240772, -0.00150280632079, 0.000972825568169, -0.00126996298786, 0.00178092997521, -0.00187729578465, 0.00200029066764, -0.0031591844745, 0.00201264652424, -0.00132479891181], [5.14724342793e-05, -0.000871433294378, 0.00209073023871, -0.002003592439, 0.000798970228061, -0.000882122723851, 0.000452215230325, 0.000666904612444, 0.000494716048706, -0.00203604251146, 0.00157050089911, -0.00108525238466, 0.000148657301906], [-0.000109891341708, 0.000791619240772, -0.002003592439, 0.00426117004827, -0.00164235162083, -0.0001725685579, 0.00032815313898, 0.00073669385165, -0.00124686490744, 0.00153372553177, -0.00174654938746, -0.000575172482058, 0.000201675997232], [1.70752919075e-05, -0.00150280632079, 0.000798970228061, -0.00164235162083, 0.00612628180534, -0.000812576152384, -0.000196053486434, -0.00283025624231, 0.00142818316817, -0.000503477000166, -0.000526718387846, 0.000585121044423, 0.000536230742], [-0.00021166933584, 0.000972825568169, -0.000882122723851, -0.0001725685579, -0.000812576152384, 0.00847476255149, -0.00483089266345, -6.745353312e-05, -0.000305616063997, -0.00204039155506, 0.00328446808271, -0.000181503331987, -0.000143865603604], [0.000138232760946, -0.00126996298786, 0.000452215230325, 0.00032815313898, -0.000196053486434, -0.00483089266345, 0.0101616792381, -0.00385306915268, 0.000456097215647, 0.0018363238778, -0.00195764098316, -0.00164537376259, 0.000915652432013], [-0.000615934201051, 0.00178092997521, 0.000666904612444, 0.00073669385165, -0.00283025624231, -6.745353312e-05, -0.00385306915268, 0.0123226419091, -0.00438763247803, 0.000438315299107, -0.00188216287643, 0.0013311712537, -0.000933035160415], [0.000373095303075, -0.00187729578465, 0.000494716048706, -0.00124686490744, 0.00142818316817, -0.000305616063997, 0.000456097215647, -0.00438763247803, 0.013466687873, -0.00775691214949, 0.00369664584287, -0.000296893704217, -0.00161759287585], [-0.000308255199343, 0.00200029066764, -0.00203604251146, 0.00153372553177, -0.000503477000166, -0.00204039155506, 0.0018363238778, 0.000438315299107, -0.00775691214949, 0.0185005478561, -0.00876573566347, 0.00134981970768, -0.000523929367773], [-2.6642175726e-05, -0.0031591844745, 0.00157050089911, -0.00174654938746, -0.000526718387846, 0.00328446808271, -0.00195764098316, -0.00188216287643, 0.00369664584287, -0.00876573566347, 0.0192190054804, -0.00905417930335, 0.00358462519944], [-0.000157727859914, 0.00201264652424, -0.00108525238466, -0.000575172482058, 0.000585121044423, -0.000181503331987, -0.00164537376259, 0.0013311712537, -0.000296893704217, 0.00134981970768, -0.00905417930335, 0.0196065716445, -0.00644792662933], [6.2807026552e-05, -0.00132479891181, 0.000148657301906, 0.000201675997232, 0.000536230742, -0.000143865603604, 0.000915652432013, -0.000933035160415, -0.00161759287585, -0.000523929367773, 0.00358462519944, -0.00644792662933, 0.0150599190965]]
    },
    "melbands": {
        "dmean": [0.000352780421963, 0.000384185550502, 0.000177570051164, 0.000262865331024, 0.000151424988871, 0.000141389289638, 0.000101722209365, 4.91192367917e-05, 8.74977267813e-05, 0.000191666040337, 0.000173390435521, 0.000190807419131, 5.26565345353e-05, 3.25150394929e-05, 3.82529578928e-05, 4.35720758105e-05, 2.77633444057e-05, 3.07766968035e-05, 2.19392695726e-05, 1.07595287773e-05, 5.75385865886e-06, 3.77930382456e-06, 5.35995513928e-06, 1.64730390679e-05, 1.4005840967e-05, 5.21348010807e-06, 3.84687837141e-06, 2.22598782784e-06, 1.44053615259e-06, 1.39945484534e-06, 1.49506297475e-06, 1.50367782226e-06, 1.31018748561e-06, 1.02701756077e-06, 7.48047739307e-07, 7.02632632965e-07, 5.87544548125e-07, 4.36655568592e-07, 3.1588919569e-07, 2.98788478403e-07],
        "dmean2": [0.000556816812605, 0.000653301482089, 0.000295735051623, 0.000412803608924, 0.000237136016949, 0.000225496143685, 0.000161215779372, 7.56843292038e-05, 0.000136676739203, 0.000294871133519, 0.000281872897176, 0.000318346661516, 8.38562264107e-05, 5.31274854438e-05, 6.10637507634e-05, 6.80590310367e-05, 4.33566310676e-05, 4.83733383589e-05, 3.27939342242e-05, 1.68359674717e-05, 9.22262006497e-06, 6.06443700235e-06, 8.51626009535e-06, 2.50292850978e-05, 2.17853648792e-05, 8.19049273559e-06, 6.000725989e-06, 3.63490175914e-06, 2.34549384004e-06, 2.19060257223e-06, 2.33863966059e-06, 2.35630864154e-06, 2.02112232728e-06, 1.61002094501e-06, 1.14216857128e-06, 1.06331094685e-06, 8.68940787768e-07, 6.54064649552e-07, 4.6525082098e-07, 4.53986473303e-07],
        "dvar": [9.97277197712e-07, 1.13138094093e-06, 1.45540127505e-07, 3.10872820819e-07, 9.84689947359e-08, 8.26100148288e-08, 4.48810624221e-08, 1.15976490633e-08, 4.72198031787e-08, 2.02387809622e-07, 1.85001866271e-07, 1.98262640083e-07, 1.6625252286e-08, 5.45932143936e-09, 6.5822076678e-09, 1.16468337197e-08, 5.0167758836e-09, 4.27051194407e-09, 4.05976807727e-09, 9.95740934151e-10, 1.93422985961e-10, 4.9151054754e-11, 1.25008503549e-10, 2.06384442869e-09, 1.39869160698e-09, 1.40315037367e-10, 9.9309102608e-11, 3.58257763733e-11, 3.8279154152e-11, 2.18704256094e-11, 4.98506132207e-11, 6.57844334562e-11, 2.58041470136e-11, 1.90956157137e-11, 1.0182296846e-11, 1.24798062509e-11, 1.57689989538e-11, 6.86237655242e-12, 2.30451486886e-12, 2.65783358863e-12],
        "dvar2": [2.53355710811e-06, 3.09636220663e-06, 3.573746028e-07, 7.0045365419e-07, 2.3029704721e-07, 1.95668675929e-07, 1.10441327195e-07, 2.64206008183e-08, 1.0905070269e-07, 4.5406872573e-07, 5.19043851455e-07, 5.68884274799e-07, 4.10721341382e-08, 1.376698755e-08, 1.57171857751e-08, 2.65823274503e-08, 1.14537321849e-08, 1.04014672431e-08, 8.02610511386e-09, 2.43687714452e-09, 4.85193163424e-10, 1.20742429943e-10, 2.88719326225e-10, 4.8391797236e-09, 3.23647730838e-09, 3.25846100102e-10, 2.14250617248e-10, 8.80658879154e-11, 1.00414433712e-10, 4.54713489084e-11, 1.16919959825e-10, 1.58509913528e-10, 5.17742862471e-11, 4.34232615143e-11, 2.09473584312e-11, 2.7571934319e-11, 2.87758757794e-11, 1.29747410732e-11, 4.33422915613e-12, 5.84926551639e-12],
        "max": [0.0137531924993, 0.0131012881175, 0.00768818054348, 0.013939185068, 0.00763408327475, 0.00655626971275, 0.00517017580569, 0.00316626555286, 0.00543946865946, 0.0105025786906, 0.00718754483387, 0.0063494713977, 0.00355557305738, 0.00181070494, 0.0027637090534, 0.00307472958229, 0.00199414021336, 0.00113558315206, 0.00193823524751, 0.000906669651158, 0.000328251102474, 0.000140989766805, 0.000390744535252, 0.00188519712538, 0.00117758580018, 0.000370321999071, 0.000283376284642, 0.00020953839703, 0.000303718115902, 0.000154926703544, 0.000220469970373, 0.000415093265474, 0.000166177458595, 0.00021343913977, 0.000103692414996, 0.000117378476716, 0.000258023937931, 9.54688584898e-05, 5.81870663154e-05, 7.90652920841e-05],
        "mean": [0.000548022566363, 0.000550766708329, 0.000299580948194, 0.000521041743923, 0.000293755088933, 0.000262176035903, 0.000182726653293, 8.70673975442e-05, 0.000171450854396, 0.000372254115064, 0.000337537552696, 0.000363520695828, 0.000104231483419, 6.50466972729e-05, 7.78181638452e-05, 9.06173736439e-05, 5.35725594091e-05, 5.93414406467e-05, 4.72738829558e-05, 2.64141144726e-05, 1.15639131764e-05, 7.51765492168e-06, 1.17627823784e-05, 3.75537420041e-05, 3.71015230485e-05, 1.35491154651e-05, 9.29555972107e-06, 4.67036852569e-06, 2.45865408033e-06, 2.15354043576e-06, 2.29963734455e-06, 2.41398834078e-06, 2.0931220206e-06, 1.54872827807e-06, 1.14847648547e-06, 9.99684971248e-07, 8.6847211378e-07, 6.6399906018e-07, 5.01797273955e-07, 4.51212144981e-07],
        "median": [0.000139693263918, 0.000174977525603, 0.000108199412352, 0.000179707858479, 0.000123994643218, 0.000113771697215, 7.67443852965e-05, 3.00328902085e-05, 4.32400738646e-05, 5.17175649293e-05, 3.96287759941e-05, 3.66690474038e-05, 2.48702690442e-05, 1.66839599842e-05, 2.15943746298e-05, 1.52913344209e-05, 9.346124898e-06, 1.3047455468e-05, 7.47132844481e-06, 4.15693648392e-06, 3.50867594534e-06, 3.47389891431e-06, 4.49146591563e-06, 4.73855743621e-06, 4.29462761531e-06, 2.96051598525e-06, 2.41089605879e-06, 1.80585357157e-06, 1.10763050998e-06, 7.46919567973e-07, 6.67153187806e-07, 7.22642312212e-07, 5.84619840538e-07, 3.91530704746e-07, 2.65790276899e-07, 2.19045006133e-07, 1.7344865455e-07, 1.33358426524e-07, 1.2213935463e-07, 9.99655540568e-08],
        "min": [7.8541934175e-24, 1.56590635041e-24, 9.08778727981e-24, 3.25597211034e-24, 5.97492715945e-24, 8.74867490932e-24, 1.61518860136e-23, 8.64379506311e-24, 5.80155249299e-24, 7.72425856008e-24, 5.98308279792e-24, 5.81902300103e-24, 7.48497574828e-24, 7.51629352622e-24, 7.94666369281e-24, 1.02916000652e-23, 5.98857445311e-24, 7.83248002108e-24, 1.00200133994e-23, 6.75518869195e-24, 1.06677202674e-23, 1.0785800912e-23, 1.19982935339e-23, 7.82382306151e-24, 8.25891850492e-24, 1.2206223069e-23, 9.97492526547e-24, 7.52777539669e-24, 7.87084627121e-24, 9.09765750746e-24, 7.15484377033e-24, 9.1915193334e-24, 6.4971491344e-24, 5.91992067739e-24, 7.14327749174e-24, 1.19585325777e-23, 1.124337968e-23, 1.11383310176e-23, 9.33962560178e-24, 7.23012003335e-24],
        "var": [1.21116841001e-06, 1.06318793769e-06, 3.36638720455e-07, 1.03703678178e-06, 3.17370336234e-07, 2.30690204717e-07, 1.02962140147e-07, 2.79551297666e-08, 1.26286550994e-07, 6.08391928836e-07, 5.368747793e-07, 4.94219705161e-07, 4.26352926297e-08, 1.75028631588e-08, 2.12201918259e-08, 4.25023714001e-08, 1.72251706232e-08, 1.18974190499e-08, 1.67371343451e-08, 5.73877567689e-09, 6.215382653e-10, 1.31809299586e-10, 3.98910432464e-10, 7.22720283619e-09, 6.45918918352e-09, 6.26883878141e-10, 3.4291236517e-10, 6.55993384613e-11, 4.14341824739e-11, 4.42352474095e-11, 9.68939095625e-11, 1.05701607189e-10, 5.65143730424e-11, 3.78389576616e-11, 2.28814849013e-11, 2.06898179145e-11, 2.80917060447e-11, 1.36070139531e-11, 4.79194245048e-12, 4.75718422988e-12]
    },
    "mfcc": {
        "mean": [-676.793945312, 121.321548462, -10.2303104401, 13.9895734787, -7.0985417366, 0.277236163616, 2.6505279541, 3.37224197388, -7.08895969391, -0.498068928719, 0.191820040345, -8.20806789398, -5.15621709824],
        "cov": [[7478.79443359, -542.289672852, -815.709533691, -62.8760414124, 11.1298542023, -94.7739944458, 451.245635986, 401.283935547, 70.5409545898, 418.957427979, 387.071838379, -216.642196655, -30.4080600739], [-542.289672852, 955.443786621, 22.1429481506, 102.158531189, 78.4064178467, -10.8642845154, 66.9356307983, -2.51426529884, -53.675945282, -6.76632070541, 28.1793251038, 33.7944908142, 54.192150116], [-815.709533691, 22.1429481506, 1490.75561523, 513.29486084, 215.034347534, 361.850341797, -136.680114746, -133.963577271, 59.3514938354, -146.176773071, -75.0024185181, 245.89994812, 95.7990646362], [-62.8760414124, 102.158531189, 513.29486084, 499.25769043, 199.611694336, 137.125976562, 10.342924118, -6.00474262238, -27.8117923737, -44.40675354, 3.47464108467, 96.5783157349, 91.6806259155], [11.1298542023, 78.4064178467, 215.034347534, 199.611694336, 221.618484497, 73.3371124268, 20.7114124298, -1.3360093832, 5.94247579575, 8.86926269531, 9.14167404175, 40.5621070862, 46.0024528503], [-94.7739944458, -10.8642845154, 361.850341797, 137.125976562, 73.3371124268, 234.917907715, 17.9862651825, 11.4598855972, 49.4135246277, -22.4072952271, 3.24241375923, 77.1932525635, 12.5283298492], [451.245635986, 66.9356307983, -136.680114746, 10.342924118, 20.7114124298, 17.9862651825, 208.868423462, 110.008987427, 2.41572546959, 54.3907279968, 74.2705612183, -32.6271896362, 1.37084507942], [401.283935547, -2.51426529884, -133.963577271, -6.00474262238, -1.3360093832, 11.4598855972, 110.008987427, 163.484191895, 36.5820426941, 50.8041725159, 63.9144515991, -28.2076969147, -9.70519447327], [70.5409545898, -53.675945282, 59.3514938354, -27.8117923737, 5.94247579575, 49.4135246277, 2.41572546959, 36.5820426941, 137.17036438, 52.055606842, -2.52067136765, 13.7074785233, -0.0561848245561], [418.957427979, -6.76632070541, -146.176773071, -44.40675354, 8.86926269531, -22.4072952271, 54.3907279968, 50.8041725159, 52.055606842, 140.16545105, 63.7363700867, -24.6050128937, 0.436416566372], [387.071838379, 28.1793251038, -75.0024185181, 3.47464108467, 9.14167404175, 3.24241375923, 74.2705612183, 63.9144515991, -2.52067136765, 63.7363700867, 149.43611145, 13.770283699, -2.84285449982], [-216.642196655, 33.7944908142, 245.89994812, 96.5783157349, 40.5621070862, 77.1932525635, -32.6271896362, -28.2076969147, 13.7074785233, -24.6050128937, 13.770283699, 136.126235962, 49.6949996948], [-30.4080600739, 54.192150116, 95.7990646362, 91.6806259155, 46.0024528503, 12.5283298492, 1.37084507942, -9.70519447327, -0.0561848245561, 0.436416566372, -2.84285449982, 49.6949996948, 107.96446228]],
