{
"lowlevel": {
    "average_loudness": 0.803664445877,
    "barkbands_crest": {
        "dmean": 2.98178553581,
        "dmean2": 4.8168592453,
        "dvar": 7.72656345367,
        "dvar2": 18.5126934052,
        "max": 25.8939094543,
        "mean": 10.2205667496,
        "median": 9.28344726562,
        "min": 2.55080962181,
        "var": 18.8154373169
    },
    "barkbands_flatness_db": {
        "dmean": 0.0236469358206,
        "dmean2": 0.0365505181253,
        "dvar": 0.000537067826372,
        "dvar2": 0.0011910732137,
        "max": 0.39401870966,
        "mean": 0.166537672281,
        "median": 0.159924402833,
        "min": 0.0569485798478,
        "var": 0.00273140100762
    },
    "barkbands_kurtosis": {
        "dmean": 3.65590524673,
        "dmean2": 5.70310354233,
        "dvar": 46.3562507629,
        "dvar2": 108.557807922,
        "max": 130.698516846,
        "mean": 5.24576377869,
        "median": 2.01138782501,
        "min": -1.92197799683,
        "var": 102.830368042
    },
    "barkbands_skewness": {
        "dmean": 0.659944474697,
        "dmean2": 0.991615056992,
        "dvar": 0.524275064468,
        "dvar2": 1.10958147049,
        "max": 10.4222803116,
        "mean": 1.65168440342,
        "median": 1.39830636978,
        "min": -2.6061065197,
        "var": 1.85936117172
    },
    "barkbands_spread": {
        "dmean": 6.15250396729,
        "dmean2": 9.41198348999,
        "dvar": 57.9833564758,
        "dvar2": 118.188606262,
        "max": 111.007514954,
        "mean": 20.9533119202,
        "median": 18.1904830933,
        "min": 0.75893163681,
        "var": 208.463363647
    },
    "dissonance": {
        "dmean": 0.0205266270787,
        "dmean2": 0.0348095670342,
        "dvar": 0.000428224331699,
        "dvar2": 0.00116862903815,
        "max": 0.500000178814,
        "mean": 0.46649107337,
        "median": 0.474874645472,
        "min": 0.287250190973,
        "var": 0.000849404139444
    },
    "dynamic_complexity": 3.02765464783,
    "erbbands_crest": {
        "dmean": 2.93928217888,
        "dmean2": 4.82115268707,
        "dvar": 7.39774608612,
        "dvar2": 18.5286483765,
        "max": 31.7576942444,
        "mean": 9.55752182007,
        "median": 8.44129943848,
        "min": 2.18154215813,
        "var": 23.301897049
    },
    "erbbands_flatness_db": {
        "dmean": 0.0192221533507,
        "dmean2": 0.0282917339355,
        "dvar": 0.000334296870278,
        "dvar2": 0.000664590450469,
        "max": 0.43377789855,
        "mean": 0.184595391154,
        "median": 0.174388229847,
        "min": 0.0730914771557,
        "var": 0.00367912417278
    },
    "erbbands_kurtosis": {
        "dmean": 1.22465443611,
        "dmean2": 1.95788216591,
        "dvar": 4.06585359573,
        "dvar2": 10.6473646164,
        "max": 77.9200592041,
        "mean": 1.15671646595,
        "median": 0.0833580493927,
        "min": -1.80189073086,
        "var": 15.5335578918
    },
    "erbbands_skewness": {
        "dmean": 0.420744806528,
        "dmean2": 0.647100448608,
        "dvar": 0.146153286099,
        "dvar2": 0.332314282656,
        "max": 7.50941848755,
        "mean": 0.552835285664,
        "median": 0.503331065178,
        "min": -3.3064160347,
        "var": 0.924696147442
    },
    "erbbands_spread": {
        "dmean": 8.93201351166,
        "dmean2": 13.4263715744,
        "dvar": 96.8913574219,
        "dvar2": 192.422103882,
        "max": 158.20211792,
        "mean": 38.2949371338,
        "median": 33.5934333801,
        "min": 1.38986861706,
        "var": 534.574462891
    },
    "hfc": {
        "dmean": 8.05107307434,
        "dmean2": 11.1862487793,
        "dvar": 123.837173462,
        "dvar2": 243.338241577,
        "max": 329.54019165,
        "mean": 20.1382694244,
        "median": 14.2329998016,
        "min": 1.28832136325e-16,
        "var": 337.672546387
    },
    "melbands_crest": {
        "dmean": 3.66136789322,
        "dmean2": 5.92450857162,
        "dvar": 11.4631929398,
        "dvar2": 27.5009822845,
        "max": 34.4512863159,
        "mean": 14.3558454514,
        "median": 13.4683694839,
        "min": 1.06465137005,
        "var": 31.4191379547
    },
    "melbands_flatness_db": {
        "dmean": 0.0289290975779,
        "dmean2": 0.0432155877352,
        "dvar": 0.000913759344257,
        "dvar2": 0.00182473822497,
        "max": 0.447901755571,
        "mean": 0.191053882241,
        "median": 0.183994084597,
        "min": 1.79541457328e-05,
        "var": 0.00455898744985
    },
    "melbands_kurtosis": {
        "dmean": 9.8506155014,
        "dmean2": 15.2318754196,
        "dvar": 383.180084229,
        "dvar2": 877.181396484,
        "max": 367.949920654,
        "mean": 16.5168476105,
        "median": 7.12937831879,
        "min": -1.72923099995,
        "var": 766.333618164
    },
    "melbands_skewness": {
        "dmean": 0.924449145794,
        "dmean2": 1.39162480831,
        "dvar": 1.13977432251,
        "dvar2": 2.3654255867,
        "max": 15.1656551361,
        "mean": 2.74350905418,
        "median": 2.21678924561,
        "min": -1.31686925888,
        "var": 4.01965045929
    },
    "melbands_spread": {
        "dmean": 8.36099243164,
        "dmean2": 12.8155965805,
        "dvar": 154.786102295,
        "dvar2": 329.736206055,
        "max": 234.497970581,
        "mean": 23.3966503143,
        "median": 18.8287639618,
        "min": 0.742132782936,
        "var": 429.38104248
    },
    "pitch_salience": {
        "dmean": 0.0808207392693,
        "dmean2": 0.130003362894,
        "dvar": 0.00558268744498,
        "dvar2": 0.0133472681046,
        "max": 0.981658637524,
        "mean": 0.56228852272,
        "median": 0.571086168289,
        "min": 0.0976001098752,
        "var": 0.0165905579925
    },
    "silence_rate_20dB": {
        "dmean": 0,
        "dmean2": 0,
        "dvar": 0,
        "dvar2": 0,
        "max": 1,
        "mean": 1,
        "median": 1,
        "min": 1,
        "var": 0
    },
    "silence_rate_30dB": {
        "dmean": 0.0328495018184,
        "dmean2": 0.0657073706388,
        "dvar": 0.0317720547318,
        "dvar2": 0.083040215075,
        "max": 1,
        "mean": 0.97683006525,
        "median": 1,
        "min": 0,
        "var": 0.0226314663887
    },
    "silence_rate_60dB": {
        "dmean": 0.0269926153123,
        "dmean2": 0.0539921037853,
        "dvar": 0.0262643136084,
        "dvar2": 0.0633082762361,
        "max": 1,
        "mean": 0.0785486921668,
        "median": 0,
        "min": 0,
        "var": 0.0723758563399
    },
    "spectral_centroid": {
        "dmean": 284.339202881,
        "dmean2": 429.266693115,
        "dvar": 102603.320312,
        "dvar2": 212553.21875,
        "max": 11280.4619141,
        "mean": 1384.15124512,
        "median": 1307.80554199,
        "min": 183.960372925,
        "var": 403328.125
    },
    "spectral_complexity": {
        "dmean": 3.6984975338,
        "dmean2": 5.4002289772,
        "dvar": 15.0428829193,
        "dvar2": 28.1517543793,
        "max": 60,
        "mean": 16.1712284088,
        "median": 15,
        "min": 0,
        "var": 64.8879699707
    },
    "spectral_decrease": {
        "dmean": 3.5554899025e-09,
        "dmean2": 5.13808062763e-09,
        "dvar": 3.16460244121e-17,
        "dvar2": 6.53799585695e-17,
        "max": 3.51401024866e-29,
        "mean": -7.09837832957e-09,
        "median": -4.83394613227e-09,
        "min": -6.28198932873e-08,
        "var": 5.6462726573e-17
    },
    "spectral_energy": {
        "dmean": 0.0139885330573,
        "dmean2": 0.0201338659972,
        "dvar": 0.000468804762932,
        "dvar2": 0.000962970370892,
        "max": 0.240487098694,
        "mean": 0.0286175627261,
        "median": 0.0198003035039,
        "min": 1.15528390279e-20,
        "var": 0.000857987150084
    },
    "spectral_energyband_high": {
        "dmean": 0.000318692007568,
        "dmean2": 0.000444541656179,
        "dvar": 5.68681741697e-07,
        "dvar2": 1.15897955766e-06,
        "max": 0.0237636566162,
        "mean": 0.000656943244394,
        "median": 0.000300919084111,
        "min": 7.83551358885e-21,
        "var": 1.27081398205e-06
    },
    "spectral_energyband_low": {
        "dmean": 0.00854496099055,
        "dmean2": 0.01317488309,
        "dvar": 0.000387715903344,
        "dvar2": 0.000850489537697,
        "max": 0.231501847506,
        "mean": 0.0121792787686,
        "median": 0.00329401553608,
        "min": 6.30976832146e-23,
        "var": 0.000543130445294
    },
    "spectral_energyband_middle_high": {
        "dmean": 0.00312052364461,
        "dmean2": 0.00452231382951,
        "dvar": 2.93751672871e-05,
        "dvar2": 6.33838426438e-05,
        "max": 0.105828762054,
        "mean": 0.00664583500475,
        "median": 0.00327283609658,
        "min": 1.95686315421e-21,
        "var": 7.78557005106e-05
    },
    "spectral_energyband_middle_low": {
        "dmean": 0.00531467236578,
        "dmean2": 0.00805343687534,
        "dvar": 5.85226225667e-05,
        "dvar2": 0.000126923740027,
        "max": 0.0898211598396,
        "mean": 0.0105832153931,
        "median": 0.00748773850501,
        "min": 3.03214024378e-22,
        "var": 0.000113833761134
    },
    "spectral_entropy": {
        "dmean": 0.158702298999,
        "dmean2": 0.234354943037,
        "dvar": 0.0232286099344,
        "dvar2": 0.0452493801713,
        "max": 9.80423069,
        "mean": 7.6348938942,
        "median": 7.68049049377,
        "min": 5.82625675201,
        "var": 0.181052878499
    },
    "spectral_flux": {
        "dmean": 0.0341458916664,
        "dmean2": 0.0527427755296,
        "dvar": 0.00171294040047,
        "dvar2": 0.00389537960291,
        "max": 0.406303614378,
        "mean": 0.0956880897284,
        "median": 0.079730540514,
        "min": 1.07484132705e-10,
        "var": 0.00386301241815
    },
    "spectral_kurtosis": {
        "dmean": 1.23899400234,
        "dmean2": 2.00037574768,
        "dvar": 1.63932430744,
        "dvar2": 4.40263175964,
        "max": 26.0335769653,
        "mean": 3.60705423355,
        "median": 3.22543001175,
        "min": -1.24405896664,
        "var": 6.56676769257
    },
    "spectral_rms": {
        "dmean": 0.00114953762386,
        "dmean2": 0.00158680276945,
        "dvar": 1.95833786165e-06,
        "dvar2": 3.55322163159e-06,
        "max": 0.0153173618019,
        "mean": 0.00469494005665,
        "median": 0.00439515290782,
        "min": 3.35724026704e-12,
        "var": 5.87708973399e-06
    },
    "spectral_rolloff": {
        "dmean": 608.546264648,
        "dmean2": 995.74420166,
        "dvar": 1323391.125,
        "dvar2": 2721960,
        "max": 19358.3496094,
        "mean": 1623.16369629,
        "median": 1184.32617188,
        "min": 43.06640625,
        "var": 3012381.5
    },
    "spectral_skewness": {
        "dmean": 0.188970759511,
        "dmean2": 0.292658567429,
        "dvar": 0.028741074726,
        "dvar2": 0.0668862387538,
        "max": 3.86726903915,
        "mean": 1.48438453674,
        "median": 1.47953760624,
        "min": -0.0115432981402,
        "var": 0.1857958287
    },
    "spectral_spread": {
        "dmean": 560496.8125,
        "dmean2": 797338.75,
        "dvar": 603385364480,
        "dvar2": 929234223104,
        "max": 40526128,
        "mean": 4786109,
        "median": 4462786,
        "min": 1899725.875,
        "var": 2.68959298355e+12
    },
    "spectral_strongpeak": {
        "dmean": 0.568370461464,
        "dmean2": 0.943281769753,
        "dvar": 0.78436934948,
        "dvar2": 1.93935406208,
        "max": 11.9431991577,
        "mean": 0.965285539627,
        "median": 0.525937080383,
        "min": 0,
        "var": 1.46044754982
    },
    "zerocrossingrate": {
        "dmean": 0.0123689835891,
        "dmean2": 0.0138349048793,
        "dvar": 0.000297617225442,
        "dvar2": 0.00031283358112,
        "max": 0.6884765625,
        "mean": 0.0660629943013,
        "median": 0.05859375,
        "min": 0.0029296875,
        "var": 0.0018480415456
    },
    "barkbands": {
        "dmean": [0.000450092658866, 0.00623137736693, 0.00258804857731, 0.00123012298718, 0.00147509027738, 0.000958473305218, 0.000763492658734, 0.000728038139641, 0.00168282038067, 0.00139992532786, 0.000769935839344, 0.000495184911415, 0.000491624348797, 0.000353210023604, 0.00031918802415, 0.000250736164162, 0.000239587010583, 0.000357816519681, 0.000234717095736, 0.000120999495266, 5.76396050747e-05, 7.04909689375e-05, 6.4575819124e-05, 8.22007277748e-05, 7.97480315669e-05, 2.39761220655e-07, 1.24104027055e-09],
        "dmean2": [0.000777192937676, 0.00983659084886, 0.00436028977856, 0.00197464926168, 0.00236450135708, 0.00154073385056, 0.00122972158715, 0.00116273958702, 0.00266108172946, 0.00221725949086, 0.00124226906337, 0.000797353044618, 0.000784462201409, 0.000574828998651, 0.000504936499055, 0.000387187494198, 0.000371993373847, 0.000537896354217, 0.000356438133167, 0.000189086422324, 8.89663788257e-05, 0.000104842241853, 9.69302927842e-05, 0.000124222802697, 0.000115524679131, 4.10581918686e-07, 2.28639507327e-09],
        "dvar": [2.25260282605e-06, 0.000268822128419, 3.80288365704e-05, 6.60183650325e-06, 9.32535203901e-06, 4.9078162192e-06, 6.36018421574e-06, 5.20217190569e-06, 2.01710390684e-05, 1.4854789697e-05, 5.41253029951e-06, 1.94379254026e-06, 1.84872305908e-06, 1.11383167223e-06, 7.18342164419e-07, 4.4752854933e-07, 4.36031911022e-07, 8.0133912661e-07, 3.1816767887e-07, 1.00696730954e-07, 1.82353137035e-08, 3.09522221187e-08, 2.69754885096e-08, 6.81338860886e-08, 9.36639068527e-08, 1.8157505664e-12, 5.76131999747e-18],
        "dvar2": [6.42436680209e-06, 0.000601233798079, 0.00010232187924, 1.59842420544e-05, 2.26206757361e-05, 1.22082046801e-05, 1.59079554578e-05, 1.21055081763e-05, 4.58294744021e-05, 3.49698675564e-05, 1.40190322782e-05, 4.784984867e-06, 4.23216943091e-06, 2.71878548119e-06, 1.65163680776e-06, 9.78834691523e-07, 1.01999910385e-06, 1.65649953487e-06, 7.09788594122e-07, 2.4862583814e-07, 4.66514542552e-08, 7.31151885702e-08, 6.05451404567e-08, 1.5789663621e-07, 1.93152445149e-07, 4.81256050636e-12, 1.76440883749e-17],
        "max": [0.0278641209006, 0.182194873691, 0.0816142186522, 0.0399209335446, 0.0369593165815, 0.0406726114452, 0.0534534156322, 0.0548948682845, 0.0858926177025, 0.0825659409165, 0.086677737534, 0.0388243310153, 0.0435935333371, 0.0299857500941, 0.0221573077142, 0.015834659338, 0.0185987818986, 0.020272359252, 0.0119168618694, 0.00925480946898, 0.00486032152548, 0.00435860455036, 0.00539655890316, 0.00974663719535, 0.00932153034955, 3.85189341614e-05, 9.6634870772e-08],
        "mean": [0.000394274829887, 0.00706758210436, 0.00369430682622, 0.00204577040859, 0.00222346838564, 0.00133785512298, 0.000940266763791, 0.000957587209996, 0.0022723658476, 0.00208334205672, 0.00106005440466, 0.000681750068907, 0.000675692805089, 0.000447997736046, 0.000414044043282, 0.000349036883563, 0.000340571539709, 0.000502864422742, 0.00035234625102, 0.000185365221114, 9.79614487733e-05, 0.000123794714455, 0.00011075342627, 0.000134676040034, 0.000123540361528, 2.33309435771e-07, 1.53938162217e-09],
        "median": [7.76891829446e-06, 0.000685507315211, 0.000637927092612, 0.00047537626233, 0.000948164844885, 0.000392437563278, 0.000185490032891, 0.000200894428417, 0.000523374881595, 0.000350847025402, 0.000270074582659, 0.000207848745049, 0.000175907873199, 0.000131235778099, 0.000124147816678, 0.000108483298391, 0.000109498287202, 0.00013680588745, 0.000120138298371, 8.02440117695e-05, 4.54465334769e-05, 4.98587833135e-05, 4.43220706074e-05, 5.20500507264e-05, 3.1216572097e-05, 3.30863265674e-08, 9.0474111536e-10],
        "min": [2.23910878872e-23, 2.21009227582e-23, 1.61576399651e-23, 8.87023758595e-24, 1.95985234382e-23, 5.87632270174e-23, 9.44127853357e-23, 4.96666226393e-23, 3.68059148093e-23, 8.18389167972e-23, 4.41789275293e-23, 1.40052093194e-22, 1.07599908031e-22, 4.57561993735e-22, 1.78239524329e-22, 3.17400898897e-22, 1.49841907514e-22, 1.89945967727e-22, 1.74248443507e-22, 2.46265057535e-22, 3.57216513697e-22, 4.59771713038e-22, 6.12371238463e-22, 1.07776352865e-21, 1.32597940765e-21, 1.71176828663e-21, 2.58696576439e-21],
        "var": [2.07823836718e-06, 0.000333380827215, 4.16558250436e-05, 1.10407672764e-05, 1.23580830405e-05, 6.75560431773e-06, 7.36773927201e-06, 8.86639827513e-06, 3.25099135807e-05, 2.85629994323e-05, 7.9368119259e-06, 2.5885319701e-06, 3.00806823361e-06, 1.47360731262e-06, 1.02276965208e-06, 7.13463634838e-07, 6.14834164026e-07, 1.28877445604e-06, 5.17800060607e-07, 1.32839261369e-07, 2.73577889232e-08, 5.16621128099e-08, 4.51220252273e-08, 9.94696094381e-08, 1.68340775986e-07, 1.68767137852e-12, 4.0001432855e-18]
    },
    "erbbands": {
        "dmean": [0.187522366643, 1.45770168304, 3.10241889954, 3.42484116554, 4.77289772034, 5.02469873428, 5.58823537827, 9.1087064743, 10.4482698441, 12.9116811752, 17.0954818726, 36.8608207703, 49.0626716614, 36.6929130554, 23.1356163025, 18.2193222046, 20.4395084381, 18.3425807953, 15.5761013031, 14.9674787521, 12.5154924393, 13.4108114243, 19.5922317505, 12.6496648788, 11.31254673, 5.18602848053, 2.33848047256, 2.43634200096, 2.58738732338, 2.41973233223, 1.71601760387, 1.49370920658, 1.56652462482, 0.903968751431, 0.611037492752, 0.0412798859179, 0.0010140837403, 6.40347061562e-05, 1.34576557684e-05, 1.68518072314e-05],
        "dmean2": [0.286980718374, 2.4136235714, 5.18376159668, 5.55320262909, 7.72941541672, 8.2128610611, 8.99970436096, 14.7954235077, 16.8159370422, 20.518945694, 26.8001270294, 57.8886947632, 77.471282959, 57.9084777832, 36.6171989441, 29.2430019379, 32.4518356323, 29.4574241638, 24.3290519714, 23.2528591156, 18.9759197235, 20.3580036163, 29.2811164856, 18.575094223, 17.0956439972, 7.93358325958, 3.6029894352, 3.72583413124, 3.89691090584, 3.59166097641, 2.58473706245, 2.28325104713, 2.35399699211, 1.32732200623, 0.910631239414, 0.0625994503498, 0.00151678000111, 9.3749978987e-05, 1.89322854567e-05, 2.40118824877e-05],
        "dvar": [0.284534096718, 14.7656335831, 57.5173606873, 47.6152954102, 119.346710205, 139.264404297, 156.483612061, 509.184875488, 1057.23876953, 1628.95776367, 2674.96386719, 11000.0263672, 16720.5996094, 11513.7060547, 3635.34350586, 3058.42163086, 2970.81542969, 3304.8269043, 1483.16491699, 1654.82995605, 1151.00085449, 1329.57421875, 2583.93701172, 927.691040039, 795.937744141, 147.158630371, 25.2897987366, 33.2872390747, 42.6193580627, 36.9574966431, 21.7553920746, 30.5177116394, 21.4656791687, 11.2382240295, 6.59426879883, 0.0381447337568, 2.08604778891e-05, 6.96938471378e-08, 1.02970532101e-09, 6.04116867642e-10],
        "dvar2": [0.603197693825, 36.385219574, 151.144119263, 117.684898376, 294.016174316, 349.602813721, 368.026977539, 1306.32165527, 2645.359375, 3954.13598633, 6033.01611328, 24743.5117188, 39908.8476562, 29357.6210938, 8893.05371094, 7872.24072266, 6948.49072266, 8231.92675781, 3518.12280273, 3800.12060547, 2487.59106445, 3035.08764648, 5328.421875, 1938.70849609, 1737.82727051, 332.989990234, 66.5113677979, 81.2724533081, 101.775253296, 84.2028045654, 49.9981231689, 76.4417800903, 46.8353919983, 23.6659889221, 14.1947050095, 0.0854864493012, 4.58477225038e-05, 1.49112594272e-07, 2.15966866612e-09, 1.23789212214e-09],
        "max": [7.04351902008, 38.1340293884, 103.719459534, 84.8665008545, 166.46182251, 196.478363037, 232.903625488, 408.768066406, 706.111999512, 1003.66876221, 1461.40795898, 2318.92626953, 2943.66040039, 3440.13452148, 1716.98291016, 1841.26867676, 1224.78918457, 1676.16577148, 993.690979004, 1052.48657227, 882.718017578, 1125.19604492, 1405.79541016, 672.065307617, 728.293884277, 267.382537842, 114.228004456, 224.938537598, 162.237716675, 192.122711182, 150.68208313, 277.18371582, 147.246414185, 92.1681594849, 83.6823348999, 5.98883628845, 0.144073277712, 0.00857546459883, 0.00101163983345, 0.000271052500466],
        "mean": [0.206254184246, 1.55298233032, 4.0641078949, 6.10820007324, 7.50297451019, 6.74100446701, 8.11466217041, 12.1751003265, 13.6612482071, 16.9950370789, 22.9537124634, 49.9549064636, 71.1244735718, 56.6103782654, 36.5480461121, 27.5592765808, 30.2355289459, 25.2980556488, 21.7789306641, 20.615606308, 18.8681125641, 20.3170642853, 28.3356513977, 19.3786964417, 17.3980026245, 8.55804920197, 4.06835079193, 4.18653059006, 4.50407743454, 4.00069189072, 2.96508312225, 2.48502588272, 2.44617438316, 1.44522237778, 0.867059350014, 0.0558754950762, 0.00144605478272, 9.96770104393e-05, 2.80271597148e-05, 3.63741928595e-05],
        "median": [0.0142643414438, 0.202015310526, 0.912457287312, 1.90346455574, 2.45868349075, 2.7552447319, 2.62393736839, 3.51404643059, 3.65535664558, 4.04639339447, 6.22448682785, 12.3934030533, 16.2666282654, 11.4042520523, 12.2965841293, 8.70377445221, 8.82104682922, 8.22901248932, 7.40568161011, 7.00560808182, 6.26958608627, 6.71764373779, 7.97417783737, 6.55605649948, 5.94647932053, 3.8544716835, 2.07489824295, 1.83419752121, 1.77885627747, 1.58127748966, 1.20333600044, 1.02109003067, 0.815479755402, 0.41581979394, 0.193132355809, 0.0105339810252, 0.000319299666444, 2.81304292002e-05, 1.74582601176e-05, 2.64149857685e-05],
        "min": [1.02727834923e-21, 4.3727352119e-21, 1.73007797796e-20, 2.42940070162e-20, 3.63293686065e-20, 8.66675901863e-20, 3.63736415101e-19, 3.6689756336e-19, 1.19731684651e-18, 9.0166708934e-19, 1.38383842322e-18, 1.00125291425e-18, 2.6994172819e-18, 1.44059118165e-18, 2.69356601304e-18, 5.59575690273e-18, 4.63985085684e-18, 1.5406885764e-17, 1.92969375139e-17, 1.2085578588e-17, 1.38617405039e-17, 9.52434865166e-18, 9.45567363566e-18, 8.76765458064e-18, 1.25088419443e-17, 1.10921586605e-17, 1.00146268725e-17, 1.77755852769e-17, 1.68663797804e-17, 1.93736419721e-17, 1.63062180327e-17, 2.35205812786e-17, 1.5663293556e-17, 1.41303343206e-17, 1.020126777e-17, 5.93989422965e-18, 3.24556700365e-18, 1.39787154231e-18, 3.01659095069e-19, 3.96871855186e-20],
        "var": [0.39552372694, 15.2219877243, 58.9079551697, 82.3675689697, 151.488540649, 157.978179932, 279.709991455, 626.303466797, 1310.9317627, 2161.87597656, 4210.98486328, 17498.2695312, 30500.6425781, 20686.8945312, 6348.27685547, 4062.84082031, 5262.55957031, 4319.21875, 2446.13696289, 2160.55273438, 1943.29187012, 2002.25500488, 4185.51855469, 1537.91870117, 1351.7890625, 234.677520752, 38.2461929321, 54.4190750122, 70.057258606, 57.6828460693, 34.803314209, 37.6067237854, 34.0105133057, 20.1471557617, 10.3317785263, 0.0548526607454, 3.15468969347e-05, 1.13329896578e-07, 1.95531524305e-09, 1.20199850073e-09]
    },
    "gfcc": {
        "mean": [-22.4402256012, 91.1925811768, -144.877532959, 36.6357498169, -77.8680496216, 27.5105667114, -41.2437286377, 15.5503034592, -24.1119003296, -11.8382463455, -6.86841440201, -14.1034793854, 0.540302276611],
        "cov": [[4394.875, 362.099517822, 775.046691895, 860.817016602, 401.253265381, 213.731338501, -92.4714736938, 240.99609375, 24.155714035, 97.7189254761, 87.2243041992, 79.9327011108, -56.5710945129], [362.099517822, 1391.94750977, 761.678100586, 456.77053833, 479.633575439, -37.1982383728, 81.9351043701, -90.2244491577, 37.3034553528, -95.8928070068, 104.023513794, -119.601325989, -27.7512893677], [775.046691895, 761.678100586, 1691.25952148, 967.082641602, 415.715240479, 218.175384521, -86.0815963745, -4.05953931808, -31.57305336, 104.517211914, -8.99184989929, 7.31526517868, -49.498249054], [860.817016602, 456.77053833, 967.082641602, 858.865539551, 349.276580811, 117.780677795, -70.3103408813, 12.4315233231, 28.1463546753, 66.8877792358, 10.0108680725, 25.8316497803, -19.6762046814], [401.253265381, 479.633575439, 415.715240479, 349.276580811, 428.392150879, 88.48072052, 18.8748016357, 50.0915679932, 45.196762085, -11.2403278351, 30.7302856445, -39.025592804, -11.9174280167], [213.731338501, -37.1982383728, 218.175384521, 117.780677795, 88.48072052, 334.535491943, 167.589080811, 30.7767982483, 2.79718494415, 39.9881629944, -11.9269447327, 16.1709251404, -14.4787025452], [-92.4714736938, 81.9351043701, -86.0815963745, -70.3103408813, 18.8748016357, 167.589080811, 322.267333984, 40.8115882874, 17.1336841583, -32.9168128967, 45.401763916, -9.06049537659, 0.663741767406], [240.99609375, -90.2244491577, -4.05953931808, 12.4315233231, 50.0915679932, 30.7767982483, 40.8115882874, 172.556549072, 53.6054611206, 17.2628765106, 17.6370983124, 12.4536571503, 1.08692467213], [24.155714035, 37.3034553528, -31.57305336, 28.1463546753, 45.196762085, 2.79718494415, 17.1336841583, 53.6054611206, 133.756973267, 36.6922645569, 16.7981700897, 0.282811611891, 19.3881950378], [97.7189254761, -95.8928070068, 104.517211914, 66.8877792358, -11.2403278351, 39.9881629944, -32.9168128967, 17.2628765106, 36.6922645569, 140.273071289, 33.9261665344, 49.1273345947, 6.04688692093], [87.2243041992, 104.023513794, -8.99184989929, 10.0108680725, 30.7302856445, -11.9269447327, 45.401763916, 17.6370983124, 16.7981700897, 33.9261665344, 135.072341919, 50.6894683838, 5.95520353317], [79.9327011108, -119.601325989, 7.31526517868, 25.8316497803, -39.025592804, 16.1709251404, -9.06049537659, 12.4536571503, 0.282811611891, 49.1273345947, 50.6894683838, 122.613479614, 38.1819801331], [-56.5710945129, -27.7512893677, -49.498249054, -19.6762046814, -11.9174280167, -14.4787025452, 0.663741767406, 1.08692467213, 19.3881950378, 6.04688692093, 5.95520353317, 38.1819801331, 78.1203308105]],
        "icov": [[0.000363750645192, -0.000282834516838, 0.000321340048686, -0.000557286548428, 0.000239201821387, -0.000467244477477, 0.000442901451606, -0.000800698180683, 0.00041713626706, -0.00011584724416, -7.2533468483e-05, -0.000137928102049, 0.000161833071616], [-0.000282834516838, 0.00347936106846, -0.00204748497345, 0.00116097764112, -0.00275991903618, 0.00245991768315, -0.00203878874891, 0.00348637555726, -0.00210103299469, 0.00219484092668, -0.00271664978936, 0.00213900045492, -0.00045682725613], [0.000321340048686, -0.00204748497345, 0.00321671017446, -0.0028662008699, 0.00137876276858, -0.00214912416413, 0.00160306342877, -0.00231277686544, 0.00250679370947, -0.00208252854645, 0.00148387020454, -0.000623091531452, 0.000382654165151], [-0.000557286548428, 0.00116097764112, -0.0028662008699, 0.00513456389308, -0.00256804027595, 0.00145490269642, -0.000860696134623, 0.0023305923678, -0.00223230780102, 0.000710913620424, 0.000115401759103, -0.0011779643828, 0.000404750840971], [0.000239201821387, -0.00275991903618, 0.00137876276858, -0.00256804027595, 0.00708617176861, -0.00342637067661, 0.00256314105354, -0.00385316344909, 0.000589384464547, 0.000348845525878, -0.00062429375248, 0.00128191325348, -0.000854843878187], [-0.000467244477477, 0.00245991768315, -0.00214912416413, 0.00145490269642, -0.00342637067661, 0.00850718934089, -0.00607127742842, 0.00297874864191, -0.000901698484086, -0.00152815971524, 0.00220903288573, -0.00115483254194, 0.00134248717222], [0.000442901451606, -0.00203878874891, 0.00160306342877, -0.000860696134623, 0.00256314105354, -0.00607127742842, 0.00801265612245, -0.00328736845404, 0.00055319868261, 0.0019551939331, -0.00283345254138, 0.00102919107303, -0.000936817668844], [-0.000800698180683, 0.00348637555726, -0.00231277686544, 0.0023305923678, -0.00385316344909, 0.00297874864191, -0.00328736845404, 0.0114574870095, -0.00519907986745, 0.00185420236085, -0.00170477305073, 0.000283752568066, 0.000751118932385], [0.00041713626706, -0.00210103299469, 0.00250679370947, -0.00223230780102, 0.000589384464547, -0.000901698484086, 0.00055319868261, -0.00519907986745, 0.0126201175153, -0.00544217880815, 0.00137390615419, 0.0013645143481, -0.00291028502397], [-0.00011584724416, 0.00219484092668, -0.00208252854645, 0.000710913620424, 0.000348845525878, -0.00152815971524, 0.0019551939331, 0.00185420236085, -0.00544217880815, 0.0136353895068, -0.00534338131547, -0.000917136494536, 0.000433721346781], [-7.2533468483e-05, -0.00271664978936, 0.00148387020454, 0.000115401759103, -0.00062429375248, 0.00220903288573, -0.00283345254138, -0.00170477305073, 0.00137390615419, -0.00534338131547, 0.0153584126383, -0.00850316602737, 0.00337149016559], [-0.000137928102049, 0.00213900045492, -0.000623091531452, -0.0011779643828, 0.00128191325348, -0.00115483254194, 0.00102919107303, 0.000283752568066, 0.0013645143481, -0.000917136494536, -0.00850316602737, 0.0176994465292, -0.00833289977163], [0.000161833071616, -0.00045682725613, 0.000382654165151, 0.000404750840971, -0.000854843878187, 0.00134248717222, -0.000936817668844, 0.000751118932385, -0.00291028502397, 0.000433721346781, 0.00337149016559, -0.00833289977163, 0.0177204664797]]
    },
    "melbands": {
        "dmean": [0.00166671245825, 0.00171761051752, 0.000625162210781, 0.000340397207765, 0.00019961783255, 0.000198658162844, 0.000159726841957, 0.000147805112647, 0.000149178449647, 0.000252327648923, 0.000249047792749, 0.000154583030962, 8.86677298695e-05, 5.5370888731e-05, 5.2289065934e-05, 4.6274952183e-05, 3.48408502759e-05, 2.68043240794e-05, 2.4440643756e-05, 1.90367882169e-05, 1.46054790093e-05, 1.40270140037e-05, 1.68561218743e-05, 1.90096379811e-05, 1.00513607322e-05, 9.2304098871e-06, 6.85349687046e-06, 2.98361032947e-06, 1.55801808432e-06, 1.45170395172e-06, 1.47795583416e-06, 1.5346629425e-06, 1.49298364249e-06, 1.41571160839e-06, 1.07478126665e-06, 9.18539683425e-07, 9.51557751705e-07, 1.15181990168e-06, 9.28553447466e-07, 7.73716294589e-07],
        "dmean2": [0.00258160359226, 0.00282277562656, 0.00100016186479, 0.000551744014956, 0.000322304142173, 0.000320976309013, 0.00025704773725, 0.000236356136156, 0.000234745457419, 0.000397352618165, 0.000393873517169, 0.000244258932071, 0.00014156922407, 8.87236456037e-05, 8.36678445921e-05, 7.45468933019e-05, 5.66776689084e-05, 4.28840721725e-05, 3.87682666769e-05, 2.98854320135e-05, 2.27856198762e-05, 2.18483037315e-05, 2.58525014942e-05, 2.87893926725e-05, 1.52275288201e-05, 1.40894862852e-05, 1.06866536953e-05, 4.64844015369e-06, 2.45845762947e-06, 2.31209605772e-06, 2.28171074923e-06, 2.35571974372e-06, 2.28276667258e-06, 2.13852558772e-06, 1.64518610291e-06, 1.41722023272e-06, 1.48619585616e-06, 1.76224557435e-06, 1.38339578371e-06, 1.16032185815e-06],
        "dvar": [2.01586117328e-05, 1.75401128217e-05, 1.51372455548e-06, 5.72679539346e-07, 1.75794383495e-07, 2.2601824412e-07, 2.3912784286e-07, 1.91133324279e-07, 1.97827063175e-07, 4.85973373543e-07, 4.35935476162e-07, 2.03633291562e-07, 6.19488460529e-08, 2.46940636828e-08, 2.5241533308e-08, 1.81016588385e-08, 1.20437455564e-08, 5.14314901778e-09, 5.37901501119e-09, 2.79920153723e-09, 1.80796855265e-09, 1.61160318424e-09, 1.98235383664e-09, 2.86310219977e-09, 6.20391793493e-10, 5.63487312366e-10, 3.41917633095e-10, 5.01045212264e-11, 1.1492928137e-11, 1.30357140013e-11, 1.23735518359e-11, 1.44919701239e-11, 1.51102706736e-11, 1.28375955699e-11, 8.05172595264e-12, 8.60612622833e-12, 1.41299047116e-11, 1.10761096475e-11, 1.01906720909e-11, 9.20922105935e-12],
        "dvar2": [4.32626293332e-05, 4.4409858674e-05, 3.6417877709e-06, 1.41379939578e-06, 4.22538079192e-07, 5.7293266309e-07, 5.98881342739e-07, 4.56021894024e-07, 4.41332247192e-07, 1.10177893475e-06, 1.03654406303e-06, 5.13640316058e-07, 1.54458035695e-07, 6.12152817325e-08, 6.1778941074e-08, 4.26591171276e-08, 2.9692035497e-08, 1.24059713613e-08, 1.23632490912e-08, 6.26757534761e-09, 4.11767953068e-09, 3.76096087606e-09, 4.41573133614e-09, 6.18775297667e-09, 1.36316780086e-09, 1.25256405248e-09, 8.01136545991e-10, 1.15327941641e-10, 2.99604716036e-11, 3.5128868564e-11, 2.9627682252e-11, 3.56004739577e-11, 3.56615396935e-11, 2.9668885404e-11, 1.88510838883e-11, 2.02105589209e-11, 3.67077444829e-11, 2.49463696228e-11, 2.11318375992e-11, 2.05561019595e-11],
        "max": [0.0546245016158, 0.0500174388289, 0.0166411381215, 0.00927832722664, 0.00683311279863, 0.00854539126158, 0.00987753551453, 0.00902193319052, 0.0103061497211, 0.0141542572528, 0.0150572098792, 0.0128009626642, 0.00629986636341, 0.00418425910175, 0.00449467357248, 0.00463509513065, 0.00284594506957, 0.00184791116044, 0.00228872895241, 0.00133746233769, 0.00121667515486, 0.00104470911901, 0.00102805986535, 0.00119093724061, 0.000554649275728, 0.000505935284309, 0.000539605156519, 0.000172129861312, 6.86761632096e-05, 0.000106742991193, 0.000144120931509, 9.17050201679e-05, 8.88931317604e-05, 0.000116698000056, 8.55347316246e-05, 0.000110489403596, 0.000194464271772, 0.000101196099422, 9.82318015303e-05, 7.91199345258e-05],
        "mean": [0.00189113127999, 0.00218049203977, 0.00113487406634, 0.000502748880535, 0.000291350181215, 0.000270047370577, 0.000206923068617, 0.00019584823167, 0.000194167732843, 0.000337342557032, 0.000355393945938, 0.000231672078371, 0.000130492524477, 7.97905231593e-05, 7.40289106034e-05, 6.22100342298e-05, 4.47152669949e-05, 3.46380147676e-05, 3.11385592795e-05, 2.56748844549e-05, 2.05109463423e-05, 1.99098485609e-05, 2.32720813074e-05, 2.53321941273e-05, 1.43974593811e-05, 1.34835208883e-05, 1.00526367532e-05, 4.63722517452e-06, 2.52480094787e-06, 2.24069117394e-06, 2.45518072006e-06, 2.55833083429e-06, 2.38227403315e-06, 2.20158176489e-06, 1.75554578163e-06, 1.49926847826e-06, 1.49778725245e-06, 1.73896148681e-06, 1.44063210428e-06, 1.15730711059e-06],
        "median": [0.000169717561221, 0.000483466137666, 0.000406344013754, 0.00021573662525, 0.00010176563228, 7.76534288889e-05, 5.26503754372e-05, 4.19581083406e-05, 4.60724550067e-05, 7.73569699959e-05, 7.4184667028e-05, 3.96694958908e-05, 3.80120145564e-05, 2.6672900276e-05, 1.6545469407e-05, 1.7024574845e-05, 1.29443405967e-05, 1.03224347185e-05, 9.08902711672e-06, 7.85725296737e-06, 6.44194278721e-06, 6.30783688393e-06, 6.84536462359e-06, 6.28058614893e-06, 4.77883031635e-06, 4.30196405432e-06, 3.50955406248e-06, 2.08877577279e-06, 1.21257642149e-06, 9.92537707134e-07, 1.02789124412e-06, 1.00325746644e-06, 8.88779197794e-07, 8.3564225406e-07, 6.87774900143e-07, 5.80299911235e-07, 6.00351597768e-07, 5.92698427226e-07, 4.20933531586e-07, 3.04442778543e-07],
        "min": [1.04032262499e-23, 7.56401487782e-24, 4.39964924009e-24, 4.43959597304e-24, 1.04177996663e-23, 9.42253409406e-24, 1.94908944117e-23, 9.23606788644e-24, 1.15476701525e-23, 5.3114722612e-24, 1.39643983893e-23, 6.02619917399e-24, 7.13827138043e-24, 1.52792338808e-23, 8.96334526087e-24, 1.32996458148e-23, 3.27137051744e-23, 3.72755962814e-23, 1.51347066743e-23, 1.9826673056e-23, 1.55215987721e-23, 9.16198359225e-24, 8.50963348896e-24, 8.66372168957e-24, 6.49821606878e-24, 8.80101504152e-24, 8.81996032502e-24, 7.03295766073e-24, 6.21226109038e-24, 6.36904403985e-24, 1.16266532729e-23, 9.98166529304e-24, 8.51861624809e-24, 1.145076569e-23, 8.99598753627e-24, 1.13330400328e-23, 1.547076142e-23, 1.01674444028e-23, 1.04803776353e-23, 1.28287526524e-23],
        "var": [2.69452011707e-05, 1.84848940989e-05, 2.57815986515e-06, 6.82641143612e-07, 3.01800184843e-07, 2.88775254376e-07, 2.90376107159e-07, 2.90875505016e-07, 3.07889024498e-07, 7.71491784235e-07, 7.93489164153e-07, 3.63911425438e-07, 9.89347057612e-08, 3.37944463524e-08, 4.59210482973e-08, 2.60598902457e-08, 1.57896309361e-08, 7.79599140799e-09, 6.94895252451e-09, 3.99874622303e-09, 2.70626343557e-09, 2.22811658013e-09, 2.90974377926e-09, 4.00219857255e-09, 9.36586141975e-10, 8.98041863096e-10, 4.93157681358e-10, 7.39245539783e-11, 1.66242263011e-11, 1.61215849698e-11, 2.04829677525e-11, 2.32790054594e-11, 2.23883429157e-11, 1.87779722327e-11, 1.22122312263e-11, 1.27859034124e-11, 1.54807347497e-11, 1.65586624273e-11, 1.69662409122e-11, 1.49894645307e-11]
    },
    "mfcc": {
        "mean": [-647.876586914, 104.04334259, -5.16128873825, 5.59902858734, -1.5535326004, -2.91043996811, 3.75100636482, 9.56931495667, -1.58877849579, 1.43952405453, -1.21418976784, -5.68174600601, -4.57713937759],
        "cov": [[3681.36352539, -101.342208862, 340.877807617, 509.63293457, 450.767120361, 116.59312439, 111.656051636, 167.634109497, 19.5378417969, 65.1536407471, 138.588607788, 40.2557296753, 72.9284210205], [-101.342208862, 1094.46569824, 299.384155273, 376.530944824, 312.041625977, 100.45803833, 140.389572144, 36.3904037476, -30.7828598022, 26.7848339081, 21.6672534943, 13.1376476288, 14.1069040298], [340.877807617, 299.384155273, 1282.27197266, 679.360351562, 484.450927734, 339.803100586, 145.046691895, -8.27671432495, 55.0866088867, -16.2691287994, 31.1043243408, 89.4234237671, 82.3449859619], [509.63293457, 376.530944824, 679.360351562, 766.414123535, 502.580749512, 146.460021973, 53.7316589355, 7.86785936356, 6.35337591171, 7.77691411972, 9.68283653259, 45.8324279785, 92.5383834839], [450.767120361, 312.041625977, 484.450927734, 502.580749512, 589.102722168, 124.143722534, 37.7666740417, 9.14815616608, 42.1364784241, 34.1646652222, 26.397851944, 30.5882644653, 40.3123970032], [116.59312439, 100.45803833, 339.803100586, 146.460021973, 124.143722534, 336.930603027, 140.772415161, 46.6870422363, 63.2814483643, 7.25527954102, 34.7024497986, 47.6113510132, 2.99426651001], [111.656051636, 140.389572144, 145.046691895, 53.7316589355, 37.7666740417, 140.772415161, 245.569274902, 117.146492004, 21.8258571625, 27.822271347, 45.1702613831, 21.7009773254, -4.13104820251], [167.634109497, 36.3904037476, -8.27671432495, 7.86785936356, 9.14815616608, 46.6870422363, 117.146492004, 177.910186768, 49.8174972534, 31.769744873, 39.6003227234, 5.39347600937, -3.72480630875], [19.5378417969, -30.7828598022, 55.0866088867, 6.35337591171, 42.1364784241, 63.2814483643, 21.8258571625, 49.8174972534, 139.624542236, 50.0965881348, 13.8702878952, 7.81738233566, -11.2366170883], [65.1536407471, 26.7848339081, -16.2691287994, 7.77691411972, 34.1646652222, 7.25527954102, 27.822271347, 31.769744873, 50.0965881348, 112.985588074, 42.2369651794, 4.23683357239, -2.54745864868], [138.588607788, 21.6672534943, 31.1043243408, 9.68283653259, 26.397851944, 34.7024497986, 45.1702613831, 39.6003227234, 13.8702878952, 42.2369651794, 102.469741821, 36.1228485107, -1.60383760929], [40.2557296753, 13.1376476288, 89.4234237671, 45.8324279785, 30.5882644653, 47.6113510132, 21.7009773254, 5.39347600937, 7.81738233566, 4.23683357239, 36.1228485107, 98.938079834, 45.6387252808], [72.9284210205, 14.1069040298, 82.3449859619, 92.5383834839, 40.3123970032, 2.99426651001, -4.13104820251, -3.72480630875, -11.2366170883, -2.54745864868, -1.60383760929, 45.6387252808, 114.459671021]],
