{
"lowlevel": {
    "average_loudness": 0.902462780476,
    "barkbands_crest": {
        "dmean": 2.65112686157,
        "dmean2": 4.11257982254,
        "dvar": 6.29278326035,
        "dvar2": 13.1474628448,
        "max": 25.5661888123,
        "mean": 9.72787189484,
        "median": 8.61582565308,
        "min": 2.20315909386,
        "var": 20.9806194305
    },
    "barkbands_flatness_db": {
        "dmean": 0.0188085734844,
        "dmean2": 0.0286870803684,
        "dvar": 0.000342853745678,
        "dvar2": 0.00074457685696,
        "max": 0.342462599277,
        "mean": 0.116101935506,
        "median": 0.102137818933,
        "min": 0.0242156218737,
        "var": 0.00271260738373
    },
    "barkbands_kurtosis": {
        "dmean": 1.68887352943,
        "dmean2": 2.65796852112,
        "dvar": 13.3802175522,
        "dvar2": 32.4152336121,
        "max": 126.117080688,
        "mean": 1.72779929638,
        "median": 0.207762360573,
        "min": -1.88322985172,
        "var": 23.3761577606
    },
    "barkbands_skewness": {
        "dmean": 0.434279829264,
        "dmean2": 0.64837116003,
        "dvar": 0.220714658499,
        "dvar2": 0.449116379023,
        "max": 9.56075763702,
        "mean": 1.0432267189,
        "median": 0.870342552662,
        "min": -2.90144896507,
        "var": 0.976652801037
    },
    "barkbands_spread": {
        "dmean": 5.13517284393,
        "dmean2": 7.95909881592,
        "dvar": 34.9568862915,
        "dvar2": 72.5715255737,
        "max": 98.2873306274,
        "mean": 26.3200206757,
        "median": 26.0240745544,
        "min": 0.671379029751,
        "var": 186.561889648
    },
    "dissonance": {
        "dmean": 0.014421437867,
        "dmean2": 0.0246026180685,
        "dvar": 0.000251212710282,
        "dvar2": 0.000693163718097,
        "max": 0.500000059605,
        "mean": 0.473309874535,
        "median": 0.480440199375,
        "min": 0.210427030921,
        "var": 0.000598283368163
    },
    "dynamic_complexity": 2.99710035324,
    "erbbands_crest": {
        "dmean": 2.3583984375,
        "dmean2": 3.77813601494,
        "dvar": 4.92034721375,
        "dvar2": 11.8831577301,
        "max": 29.7600669861,
        "mean": 9.27855682373,
        "median": 8.15591621399,
        "min": 2.01158761978,
        "var": 21.6469078064
    },
    "erbbands_flatness_db": {
        "dmean": 0.014982980676,
        "dmean2": 0.0218630861491,
        "dvar": 0.000225908312132,
        "dvar2": 0.000452464155387,
        "max": 0.415496766567,
        "mean": 0.161295384169,
        "median": 0.149951756001,
        "min": 0.0545398741961,
        "var": 0.00342638534494
    },
    "erbbands_kurtosis": {
        "dmean": 0.7538189888,
        "dmean2": 1.20816349983,
        "dvar": 1.37169265747,
        "dvar2": 3.36767816544,
        "max": 35.0619812012,
        "mean": 0.607314407825,
        "median": -0.0197049379349,
        "min": -1.6821949482,
        "var": 4.79397201538
    },
    "erbbands_skewness": {
        "dmean": 0.278155475855,
        "dmean2": 0.433136940002,
        "dvar": 0.0681452602148,
        "dvar2": 0.15505848825,
        "max": 4.03544712067,
        "mean": 0.0714212283492,
        "median": 0.0237657651305,
        "min": -2.70205259323,
        "var": 0.592868924141
    },
    "erbbands_spread": {
        "dmean": 5.83263635635,
        "dmean2": 8.93251132965,
        "dvar": 42.7173538208,
        "dvar2": 90.6332855225,
        "max": 118.365242004,
        "mean": 33.0953407288,
        "median": 30.397102356,
        "min": 0.991359233856,
        "var": 259.876495361
    },
    "hfc": {
        "dmean": 6.66715288162,
        "dmean2": 9.61927127838,
        "dvar": 91.2769088745,
        "dvar2": 188.726577759,
        "max": 221.844833374,
        "mean": 26.3131656647,
        "median": 22.6279907227,
        "min": 1.22405816469e-16,
        "var": 405.883300781
    },
    "melbands_crest": {
        "dmean": 3.25261497498,
        "dmean2": 5.11051177979,
        "dvar": 8.14083480835,
        "dvar2": 18.1802196503,
        "max": 33.2641944885,
        "mean": 13.471072197,
        "median": 12.3308315277,
        "min": 2.75516891479,
        "var": 29.3766918182
    },
    "melbands_flatness_db": {
        "dmean": 0.0233445484191,
        "dmean2": 0.0347442999482,
        "dvar": 0.000527532363776,
        "dvar2": 0.00107853976078,
        "max": 0.409091830254,
        "mean": 0.167272776365,
        "median": 0.159765154123,
        "min": 0.00623082416132,
        "var": 0.00316027156077
    },
    "melbands_kurtosis": {
        "dmean": 4.64570093155,
        "dmean2": 7.07037115097,
        "dvar": 94.5049133301,
        "dvar2": 213.819854736,
        "max": 236.409225464,
        "mean": 7.88082408905,
        "median": 3.55126833916,
        "min": -1.77505064011,
        "var": 185.575439453
    },
    "melbands_skewness": {
        "dmean": 0.609269499779,
        "dmean2": 0.901657581329,
        "dvar": 0.486940860748,
        "dvar2": 0.960982561111,
        "max": 11.61581707,
        "mean": 2.05778813362,
        "median": 1.687541008,
        "min": -2.74503159523,
        "var": 2.22310256958
    },
    "melbands_spread": {
        "dmean": 7.18379688263,
        "dmean2": 10.89747715,
        "dvar": 77.4947433472,
        "dvar2": 147.487609863,
        "max": 207.889389038,
        "mean": 31.0039577484,
        "median": 28.5624637604,
        "min": 0.906472682953,
        "var": 377.200256348
    },
    "pitch_salience": {
        "dmean": 0.0708271488547,
        "dmean2": 0.110487818718,
        "dvar": 0.00434759771451,
        "dvar2": 0.00938090216368,
        "max": 0.919534504414,
        "mean": 0.550322294235,
        "median": 0.562016367912,
        "min": 0.0861191675067,
        "var": 0.0149415880442
    },
    "silence_rate_20dB": {
        "dmean": 0,
        "dmean2": 0,
        "dvar": 0,
        "dvar2": 0,
        "max": 1,
        "mean": 1,
        "median": 1,
        "min": 1,
        "var": 0
    },
    "silence_rate_30dB": {
        "dmean": 0,
        "dmean2": 0,
        "dvar": 0,
        "dvar2": 0,
        "max": 1,
        "mean": 1,
        "median": 1,
        "min": 1,
        "var": 0
    },
    "silence_rate_60dB": {
        "dmean": 0.00733988406137,
        "dmean2": 0.0146815059707,
        "dvar": 0.00728556839749,
        "dvar2": 0.0161218419671,
        "max": 1,
        "mean": 0.0666429921985,
        "median": 0,
        "min": 0,
        "var": 0.0622149817646
    },
    "spectral_centroid": {
        "dmean": 218.723495483,
        "dmean2": 339.390930176,
        "dvar": 60372.4765625,
        "dvar2": 114803.992188,
        "max": 11016.2197266,
        "mean": 1695.88635254,
        "median": 1694.1640625,
        "min": 240.076477051,
        "var": 332003.6875
    },
    "spectral_complexity": {
        "dmean": 3.53995490074,
        "dmean2": 5.51172161102,
        "dvar": 13.3309755325,
        "dvar2": 29.1204147339,
        "max": 58,
        "mean": 22.8823394775,
        "median": 23,
        "min": 0,
        "var": 105.139465332
    },
    "spectral_decrease": {
        "dmean": 1.8669823465e-09,
        "dmean2": 2.77373102264e-09,
        "dvar": 5.92907346646e-18,
        "dvar2": 1.20855587357e-17,
        "max": 1.13694791623e-29,
        "mean": -6.39463149099e-09,
        "median": -5.64650282087e-09,
        "min": -3.0545727725e-08,
        "var": 1.98859182341e-17
    },
    "spectral_energy": {
        "dmean": 0.00743659213185,
        "dmean2": 0.0110463630408,
        "dvar": 9.03601830942e-05,
        "dvar2": 0.000183979936992,
        "max": 0.118800394237,
        "mean": 0.0265215821564,
        "median": 0.0237143523991,
        "min": 1.10596527825e-20,
        "var": 0.000321729312418
    },
    "spectral_energyband_high": {
        "dmean": 0.000373524613678,
        "dmean2": 0.000544213340618,
        "dvar": 6.34411549072e-07,
        "dvar2": 1.21841071632e-06,
        "max": 0.0262770261616,
        "mean": 0.000965787272435,
        "median": 0.000542742433026,
        "min": 7.96331541687e-21,
        "var": 1.96817541109e-06
    },
    "spectral_energyband_low": {
        "dmean": 0.0047852662392,
        "dmean2": 0.00699987774715,
        "dvar": 7.89829427958e-05,
        "dvar2": 0.000156521637109,
        "max": 0.102829322219,
        "mean": 0.00893479399383,
        "median": 0.00408278498799,
        "min": 8.12816086558e-23,
        "var": 0.000181224750122
    },
    "spectral_energyband_middle_high": {
        "dmean": 0.00234519736841,
        "dmean2": 0.00352804642171,
        "dvar": 1.26598179122e-05,
        "dvar2": 2.77688923234e-05,
        "max": 0.0603584609926,
        "mean": 0.00834810826927,
        "median": 0.00631982367486,
        "min": 1.52705497844e-21,
        "var": 5.61206870771e-05
    },
    "spectral_energyband_middle_low": {
        "dmean": 0.00334654375911,
        "dmean2": 0.00529876211658,
        "dvar": 1.96138571482e-05,
        "dvar2": 4.68232210551e-05,
        "max": 0.087637335062,
        "mean": 0.00968017801642,
        "median": 0.00784805510193,
        "min": 3.6738055101e-22,
        "var": 6.08053887845e-05
    },
    "spectral_entropy": {
        "dmean": 0.122912235558,
        "dmean2": 0.185264885426,
        "dvar": 0.018052296713,
        "dvar2": 0.0365991741419,
        "max": 9.80666351318,
        "mean": 7.68851041794,
        "median": 7.75029659271,
        "min": 5.91534376144,
        "var": 0.166208773851
    },
    "spectral_flux": {
        "dmean": 0.022970052436,
        "dmean2": 0.0358943343163,
        "dvar": 0.000636042037513,
        "dvar2": 0.00137002731208,
        "max": 0.302183538675,
        "mean": 0.0833073556423,
        "median": 0.0764754116535,
        "min": 1.05164883746e-10,
        "var": 0.00198358483613
    },
    "spectral_kurtosis": {
        "dmean": 1.24670124054,
        "dmean2": 2.06799292564,
        "dvar": 2.81467700005,
        "dvar2": 8.16019821167,
        "max": 49.8530082703,
        "mean": 4.76157474518,
        "median": 4.03494262695,
        "min": -1.20465314388,
        "var": 10.8472242355
    },
    "spectral_rms": {
        "dmean": 0.000671633519232,
        "dmean2": 0.000991752021946,
        "dvar": 5.4304717878e-07,
        "dvar2": 1.0283491747e-06,
        "max": 0.0107658170164,
        "mean": 0.0047414181754,
        "median": 0.00480998493731,
        "min": 3.28479908204e-12,
        "var": 3.39361713486e-06
    },
    "spectral_rolloff": {
        "dmean": 464.748413086,
        "dmean2": 749.570495605,
        "dvar": 591298.5,
        "dvar2": 1112974.125,
        "max": 18841.5527344,
        "mean": 1890.69311523,
        "median": 1722.65625,
        "min": 86.1328125,
        "var": 1658852.5
    },
    "spectral_skewness": {
        "dmean": 0.164860039949,
        "dmean2": 0.264090687037,
        "dvar": 0.0311027057469,
        "dvar2": 0.0766013562679,
        "max": 5.20009183884,
        "mean": 1.57375645638,
        "median": 1.49944007397,
        "min": -0.0237604882568,
        "var": 0.228327423334
    },
    "spectral_spread": {
        "dmean": 437441.75,
        "dmean2": 631180.375,
        "dvar": 408181669888,
        "dvar2": 632469782528,
        "max": 40602388,
        "mean": 4412758,
        "median": 4265566,
        "min": 1348906.375,
        "var": 1.68101740544e+12
    },
    "spectral_strongpeak": {
        "dmean": 0.695063352585,
        "dmean2": 1.17364096642,
        "dvar": 1.39996290207,
        "dvar2": 3.35962319374,
        "max": 18.1229152679,
        "mean": 1.33871364594,
        "median": 0.546313226223,
        "min": 2.32992158899e-09,
        "var": 2.95784664154
    },
    "zerocrossingrate": {
        "dmean": 0.00976649206132,
        "dmean2": 0.0113227367401,
        "dvar": 0.00015575994621,
        "dvar2": 0.000165986260981,
        "max": 0.5517578125,
        "mean": 0.0701402053237,
        "median": 0.0654296875,
        "min": 0.00927734375,
        "var": 0.00108027807437
    },
    "barkbands": {
        "dmean": [6.61330486764e-05, 0.00393179012462, 0.00181754655205, 0.000964245351497, 0.00130298244767, 0.000426568556577, 0.000427764287451, 0.000593316624872, 0.000970913388301, 0.000782400486059, 0.00032493280014, 0.000499786168803, 0.000314064818667, 0.000680240744259, 0.000528876902536, 0.00037054126733, 0.000357518292731, 0.000190834092791, 0.000314031756716, 0.000149367493577, 9.5607007097e-05, 8.98289727047e-05, 8.10482015368e-05, 7.08603474777e-05, 5.77913706366e-05, 2.27549844567e-05, 3.96949690185e-06],
        "dmean2": [0.000109445536509, 0.00583436107263, 0.00307215913199, 0.00165360677056, 0.00221190834418, 0.00070054247044, 0.000666746636853, 0.000913558353204, 0.00149172043893, 0.00121582392603, 0.000525470648427, 0.000794230028987, 0.000499959278386, 0.00108654447831, 0.000832933874335, 0.000581609958317, 0.000565880152863, 0.000303357403027, 0.000487256707856, 0.000239967004745, 0.000151146785356, 0.000137914146762, 0.000124458834762, 0.000106161292933, 8.44473179313e-05, 3.4937664168e-05, 6.2952603912e-06],
        "dvar": [1.60267372706e-08, 6.63041864755e-05, 2.09121826629e-05, 3.77922424377e-06, 3.49427205038e-06, 8.27820940685e-07, 1.07902724267e-06, 2.50613015851e-06, 5.93411778027e-06, 3.24452139466e-06, 6.59474210352e-07, 1.67150244579e-06, 7.36727656658e-07, 2.63676224677e-06, 1.54399447183e-06, 7.41293831652e-07, 4.95945641887e-07, 1.49331384591e-07, 2.689802443e-07, 1.13874314422e-07, 3.06419174478e-08, 3.85981593354e-08, 3.66628825077e-08, 4.75440629089e-08, 2.05583390311e-08, 3.30683236349e-09, 1.98872959767e-10],
        "dvar2": [4.1428535269e-08, 0.000135206719278, 5.04941999679e-05, 1.02100302684e-05, 9.76449064183e-06, 2.14571014112e-06, 2.57785086433e-06, 5.5394748415e-06, 1.36873977681e-05, 7.51952984501e-06, 1.64148684689e-06, 4.11446899307e-06, 1.80351457857e-06, 6.46755461275e-06, 3.66906851923e-06, 1.6571825654e-06, 1.16116996196e-06, 3.45524767909e-07, 5.66978087591e-07, 2.34199447391e-07, 6.75332927358e-08, 8.90771758577e-08, 7.80564803904e-08, 9.35140036518e-08, 4.29898712184e-08, 8.34786906267e-09, 5.23211585168e-10],
        "max": [0.00151293550152, 0.0912279337645, 0.0515262447298, 0.021888025105, 0.0254591088742, 0.0309829022735, 0.0233305674046, 0.0520859509706, 0.0776511803269, 0.0513400398195, 0.0312496069819, 0.0360160171986, 0.0325172543526, 0.0379753373563, 0.0468602180481, 0.0231735035777, 0.016773628071, 0.0096505060792, 0.0105005754158, 0.0162955317646, 0.00597193092108, 0.00560742244124, 0.00888436380774, 0.00884642452002, 0.00713481800631, 0.00123603630345, 0.000412659952417],
        "mean": [8.71431984706e-05, 0.0059686624445, 0.00211424683221, 0.0012978783343, 0.00239991024137, 0.000728459446691, 0.000862566172145, 0.001092796796, 0.00212378823198, 0.00179685058538, 0.000520996050909, 0.000850522657856, 0.000510688696522, 0.00128117809072, 0.00109070690814, 0.000780734990258, 0.000741089112125, 0.000382017809898, 0.000701488694176, 0.000334156560712, 0.000208044220926, 0.000182695148396, 0.000176712695975, 0.000145661091665, 0.000103805796243, 3.46695887856e-05, 4.04358797823e-06],
        "median": [3.27913076035e-05, 0.00183018494863, 0.00077299278928, 0.000561055378057, 0.00167757680174, 0.000414183916291, 0.000400124699809, 0.000293013115879, 0.000474227010272, 0.000518574262969, 0.000203948206035, 0.000368527980754, 0.000208243844099, 0.000353226991137, 0.000403149868362, 0.000354710384272, 0.000388274318539, 0.000201749440748, 0.000491224287543, 0.000182125892024, 0.000125789199956, 7.77619570727e-05, 8.71889351401e-05, 6.65347470203e-05, 4.49465151178e-05, 1.23659083329e-05, 6.07693323218e-07],
        "min": [3.22891118362e-23, 2.16870705501e-23, 2.08640551231e-23, 3.53996345617e-23, 1.22704802074e-22, 6.27250316339e-23, 2.86821368549e-23, 2.84846123952e-23, 3.86136432162e-23, 6.63640028134e-23, 4.67843457727e-23, 1.18631578743e-22, 1.76457291907e-22, 8.56495125553e-23, 8.02267312315e-23, 1.86507013808e-22, 2.00522535117e-22, 1.3812787843e-22, 1.8369784857e-22, 4.28447043611e-22, 4.55018403254e-22, 8.17472246543e-22, 5.96042701249e-22, 9.87773709707e-22, 1.03812469443e-21, 1.77143999742e-21, 2.36558650425e-21],
        "var": [1.94739957493e-08, 0.000125853170175, 1.97545414267e-05, 4.49174558526e-06, 6.1137470766e-06, 1.19239120977e-06, 2.31202852774e-06, 5.90580020798e-06, 2.51795881923e-05, 1.72495692823e-05, 1.14149804631e-06, 2.87896932605e-06, 1.0929857126e-06, 5.60092621527e-06, 4.47083357358e-06, 1.948730187e-06, 1.24205428165e-06, 3.76037888827e-07, 6.8342802706e-07, 2.81775328403e-07, 7.46553610043e-08, 9.00659031799e-08, 9.10994302217e-08, 1.18324777532e-07, 4.68064271786e-08, 4.20350643182e-09, 1.65510966044e-10]
    },
    "erbbands": {
        "dmean": [0.104327633977, 0.979945600033, 2.00906825066, 2.79021787643, 3.9922618866, 4.6533370018, 3.52833175659, 3.36234378815, 4.91902494431, 8.66721248627, 14.4231233597, 21.0532531738, 30.5513687134, 13.6576080322, 13.2120580673, 21.0629787445, 13.8900098801, 31.6115779877, 26.3812408447, 23.1238327026, 20.1372737885, 15.4313240051, 10.4993495941, 12.2697381973, 15.1225471497, 6.85723352432, 3.70010089874, 4.00486135483, 3.33010721207, 2.58529686928, 2.31810522079, 1.71826195717, 1.10701918602, 0.728714108467, 0.39133477211, 0.134745761752, 0.0351378619671, 0.00704258633777, 0.000697646290064, 1.97379904421e-05],
        "dmean2": [0.144159853458, 1.4839193821, 3.24983501434, 4.7881526947, 6.78866052628, 7.86919212341, 5.70521783829, 5.65912914276, 7.69098377228, 13.4456930161, 21.8508663177, 31.3905982971, 47.4641609192, 21.7747440338, 21.0942840576, 33.3204345703, 21.8297252655, 50.3647651672, 41.4478721619, 35.4515266418, 31.7474212646, 23.876657486, 16.4947433472, 19.3142681122, 23.4512615204, 10.9246501923, 5.92762327194, 6.22086000443, 5.0997171402, 4.01959133148, 3.59401893616, 2.6146941185, 1.67702281475, 1.07972800732, 0.579040110111, 0.206638544798, 0.053629707545, 0.010941112414, 0.00110794475768, 2.96068756143e-05],
        "dvar": [0.0525953695178, 4.17297697067, 23.3422431946, 38.1266517639, 42.875869751, 55.7007369995, 38.0128974915, 66.3758010864, 116.663627625, 560.775085449, 1624.83935547, 3180.83276367, 5075.25830078, 908.790344238, 1119.51757812, 3120.39648438, 1077.89697266, 6164.52978516, 3117.3605957, 3695.49902344, 1404.88366699, 933.880371094, 460.223144531, 380.703460693, 662.031860352, 174.524856567, 44.1671257019, 60.612449646, 55.1201782227, 32.2547645569, 31.9398269653, 25.5087871552, 11.6269369125, 4.49528646469, 0.792399942875, 0.107002414763, 0.00905425194651, 0.000489299185574, 6.43941893941e-06, 2.45758124962e-09],
        "dvar2": [0.0894898250699, 9.49768161774, 55.6680259705, 101.18296051, 118.479118347, 154.698776245, 96.7778625488, 174.199523926, 278.908782959, 1317.79467773, 3609.94628906, 6907.95117188, 11576.9824219, 2355.16040039, 2761.65136719, 7738.43457031, 2579.74755859, 15306.4326172, 7250.94580078, 8473.64160156, 3232.84033203, 2089.77392578, 1039.49328613, 836.493774414, 1458.20275879, 389.711517334, 103.876731873, 133.509094238, 127.913520813, 68.9085388184, 68.6596450806, 50.2066345215, 24.5054664612, 9.24938774109, 1.77331316471, 0.268493115902, 0.0228375960141, 0.00125604914501, 1.70540042745e-05, 6.15331430254e-09],
        "max": [2.67525935173, 19.9959373474, 59.0198135376, 85.4973907471, 84.7651519775, 125.420791626, 126.416526794, 303.001525879, 323.96685791, 598.258178711, 1251.71520996, 2117.07006836, 1954.45141602, 1128.29516602, 1016.61590576, 1722.85473633, 787.696838379, 2208.51269531, 1127.27172852, 1981.50305176, 1035.03625488, 972.059692383, 604.806884766, 371.448181152, 551.905395508, 553.515686035, 184.203094482, 215.295669556, 210.968765259, 184.971633911, 283.703186035, 225.797897339, 122.626312256, 122.400932312, 30.0598773956, 8.21761417389, 2.11882448196, 0.624642133713, 0.0757480561733, 0.0011639315635],
        "mean": [0.147775560617, 1.42078399658, 2.57660841942, 3.84734892845, 6.80294513702, 7.78161144257, 6.04003143311, 5.37721395493, 10.0759887695, 16.7893333435, 29.6658000946, 49.032081604, 73.0406112671, 28.3834991455, 24.5462398529, 36.7512054443, 26.3658504486, 61.6790428162, 56.4598236084, 52.493927002, 48.4743843079, 36.3008575439, 23.7856369019, 27.5637226105, 33.2111625671, 16.2038898468, 8.3112783432, 8.46211338043, 6.75463438034, 5.44275856018, 4.9745798111, 3.53656005859, 2.17307186127, 1.28922390938, 0.676894783974, 0.213383048773, 0.05247560516, 0.00860439985991, 0.000737409573048, 4.88992263854e-05],
        "median": [0.0391959026456, 0.439484596252, 1.07344305515, 1.74946880341, 4.17291545868, 4.66043186188, 3.43380355835, 2.87341308594, 5.89098072052, 5.96829080582, 8.65220546722, 11.7180604935, 20.2938365936, 12.9647960663, 12.0872888565, 16.7710704803, 12.9245948792, 21.4565734863, 22.2274475098, 21.4910316467, 25.9765319824, 21.0699501038, 13.4345474243, 18.6555290222, 22.4436149597, 9.32202529907, 5.25464820862, 4.81478691101, 2.81906056404, 2.44106960297, 2.50532197952, 1.62950944901, 0.981164097786, 0.547387480736, 0.277492195368, 0.0820714682341, 0.0181520842016, 0.00218713330105, 0.000126863276819, 3.67175016436e-05],
        "min": [1.33034098804e-21, 2.79742264577e-21, 2.02140921255e-20, 7.85469707048e-20, 1.84694968047e-19, 5.80760044255e-19, 3.06491174014e-19, 7.35080410296e-19, 3.53032542878e-19, 6.36437312792e-19, 5.91086928913e-19, 1.00118022575e-18, 2.36624568157e-18, 1.14252791825e-18, 2.20897714043e-18, 6.21752209941e-18, 7.37397601686e-18, 5.45066446021e-18, 4.85249334973e-18, 5.1107722242e-18, 1.14954563585e-17, 9.97639293025e-18, 7.37924929326e-18, 8.79638835358e-18, 1.4298371099e-17, 1.88774543729e-17, 1.52299716833e-17, 2.06544533956e-17, 2.55639423847e-17, 2.62522277919e-17, 1.77246656927e-17, 1.36401851399e-17, 1.95852446989e-17, 1.11369645528e-17, 8.10489596717e-18, 5.73097859901e-18, 3.21841831556e-18, 1.38989410908e-18, 3.3049854033e-19, 3.46732431603e-20],
        "var": [0.0946092829108, 7.01260471344, 24.4451999664, 39.5046234131, 69.1807937622, 89.3714904785, 69.2265777588, 83.0587997437, 214.166503906, 1374.98022461, 4191.57617188, 14943.640625, 27094.4941406, 2248.04638672, 1942.3527832, 5307.53076172, 1956.61767578, 12196.0126953, 8810.45605469, 12737.0400391, 5236.69726562, 2549.26928711, 1305.76196289, 1024.98413086, 1608.22424316, 497.86819458, 110.646537781, 143.441711426, 122.790260315, 82.3164672852, 74.1781616211, 62.6845169067, 26.4957084656, 9.76211643219, 1.57473433018, 0.148242235184, 0.0109618157148, 0.000463627453428, 5.34158107257e-06, 3.09802783427e-09]
    },
    "gfcc": {
        "mean": [11.5955715179, 73.3424606323, -133.854568481, 25.9059047699, -55.1976165771, 18.1881904602, -39.7909507751, 13.7499303818, -26.6508693695, -0.978221416473, -19.9470386505, -4.58251428604, -11.9869298935],
        "cov": [[7911.19042969, -360.431945801, 1296.63830566, 1682.34899902, 595.682128906, 505.145324707, 31.316280365, 393.296356201, 256.077423096, 422.493530273, 39.2411956787, 148.390686035, -150.750762939], [-360.431945801, 923.068908691, 140.953170776, 107.869316101, 182.819137573, -64.0804595947, -3.92530632019, 21.5615692139, 90.8611526489, 24.9338932037, 118.451927185, -80.1065292358, 3.15500855446], [1296.63830566, 140.953170776, 1004.23901367, 702.448120117, 245.877410889, 212.060821533, 10.4299478531, 58.8196983337, 69.6787948608, 160.319534302, 82.4962158203, 98.6731491089, -21.8428611755], [1682.34899902, 107.869316101, 702.448120117, 954.330566406, 302.773193359, 230.454940796, 53.7978286743, 101.99382782, 108.472457886, 166.764404297, 66.9288024902, 92.3821182251, 13.5999078751], [595.682128906, 182.819137573, 245.877410889, 302.773193359, 300.035888672, 73.7024002075, 24.524515152, 85.8776168823, 81.0939331055, 85.9448928833, 25.8039417267, 4.17426490784, 3.39779233932], [505.145324707, -64.0804595947, 212.060821533, 230.454940796, 73.7024002075, 217.618347168, 117.41280365, 49.4335365295, 31.1424217224, 55.4538612366, 22.3339195251, 39.106628418, 0.0927633196115], [31.316280365, -3.92530632019, 10.4299478531, 53.7978286743, 24.524515152, 117.41280365, 221.01071167, 51.5717773438, -7.20825958252, 5.77196598053, 13.2861356735, 35.683177948, 8.28788948059], [393.296356201, 21.5615692139, 58.8196983337, 101.99382782, 85.8776168823, 49.4335365295, 51.5717773438, 122.113342285, 59.1467132568, 43.509098053, 19.7473087311, 3.75508999825, -0.0508141554892], [256.077423096, 90.8611526489, 69.6787948608, 108.472457886, 81.0939331055, 31.1424217224, -7.20825958252, 59.1467132568, 143.257354736, 74.644569397, 24.2577133179, -20.7412395477, -3.1993458271], [422.493530273, 24.9338932037, 160.319534302, 166.764404297, 85.9448928833, 55.4538612366, 5.77196598053, 43.509098053, 74.644569397, 115.849594116, 40.1054115295, 15.116435051, -7.4157075882], [39.2411956787, 118.451927185, 82.4962158203, 66.9288024902, 25.8039417267, 22.3339195251, 13.2861356735, 19.7473087311, 24.2577133179, 40.1054115295, 100.259269714, 31.711359024, 1.07681810856], [148.390686035, -80.1065292358, 98.6731491089, 92.3821182251, 4.17426490784, 39.106628418, 35.683177948, 3.75508999825, -20.7412395477, 15.116435051, 31.711359024, 100.468383789, 25.5699176788], [-150.750762939, 3.15500855446, -21.8428611755, 13.5999078751, 3.39779233932, 0.0927633196115, 8.28788948059, -0.0508141554892, -3.1993458271, -7.4157075882, 1.07681810856, 25.5699176788, 72.7998580933]],
        "icov": [[0.000282877619611, 9.23229163163e-05, 3.20201652357e-05, -0.000406134262448, -7.03129353496e-06, -0.000182757212315, 0.000314735545544, -0.000664197024889, 0.00016717032122, -0.000328452180838, 0.000303771201288, -0.000200540060177, 0.000671346846502], [9.23229163163e-05, 0.00249576987699, -0.000617215817329, -0.00020651271916, -0.0015489483485, 0.00181966100354, -0.0012925399933, 0.00105800060555, -0.00112397305202, 0.00179982546251, -0.00388501142152, 0.00336115248501, -0.000834880396724], [3.20201652357e-05, -0.000617215817329, 0.00267062219791, -0.00132766622119, -0.000148086837726, -0.00161318993196, 0.00133327394724, 5.19618333783e-05, 0.000899703649338, -0.00138771079946, 0.00055863749003, -0.00196691951714, 0.00158036022913], [-0.000406134262448, -0.00020651271916, -0.00132766622119, 0.00352211506106, -0.00124885840341, -0.000977051211521, -8.79062572494e-05, 0.000733561930247, -0.000587804184761, -0.00022241428087, 3.77929682145e-05, -0.000755590503104, -0.00160198658705], [-7.03129353496e-06, -0.0015489483485, -0.000148086837726, -0.00124885840341, 0.00712376320735, -0.000512742670253, 0.000518740853295, -0.00325503852218, 0.000258871121332, -0.00255879200995, 0.00274640135467, -0.000445702433353, -0.000285073590931], [-0.000182757212315, 0.00181966100354, -0.00161318993196, -0.000977051211521, -0.000512742670253, 0.0113626131788, -0.00620520301163, 0.00129081809428, -0.00166135735344, 0.000184081698535, -0.00241211219691, 0.0025958516635, -0.000972356123384], [0.000314735545544, -0.0012925399933, 0.00133327394724, -8.79062572494e-05, 0.000518740853295, -0.00620520301163, 0.00918679870665, -0.00425309175625, 0.00230263266712, -0.00046460214071, 0.00208715791814, -0.00391889084131, 0.00145852169953], [-0.000664197024889, 0.00105800060555, 5.19618333783e-05, 0.000733561930247, -0.00325503852218, 0.00129081809428, -0.00425309175625, 0.0155054889619, -0.00496464874595, 0.00125888711773, -0.00335413473658, 0.00191725301556, -0.00161113822833], [0.00016717032122, -0.00112397305202, 0.000899703649338, -0.000587804184761, 0.000258871121332, -0.00166135735344, 0.00230263266712, -0.00496464874595, 0.0143420426175, -0.00836490094662, 0.000950655259658, 0.00260245148093, -0.000650866539218], [-0.000328452180838, 0.00179982546251, -0.00138771079946, -0.00022241428087, -0.00255879200995, 0.000184081698535, -0.00046460214071, 0.00125888711773, -0.00836490094662, 0.0207224674523, -0.00679699936882, 0.000786147196777, 0.000607680121902], [0.000303771201288, -0.00388501142152, 0.00055863749003, 3.77929682145e-05, 0.00274640135467, -0.00241211219691, 0.00208715791814, -0.00335413473658, 0.000950655259658, -0.00679699936882, 0.0196981430054, -0.00969737488776, 0.00305700302124], [-0.000200540060177, 0.00336115248501, -0.00196691951714, -0.000755590503104, -0.000445702433353, 0.0025958516635, -0.00391889084131, 0.00191725301556, 0.00260245148093, 0.000786147196777, -0.00969737488776, 0.0213230028749, -0.00769647071138], [0.000671346846502, -0.000834880396724, 0.00158036022913, -0.00160198658705, -0.000285073590931, -0.000972356123384, 0.00145852169953, -0.00161113822833, -0.000650866539218, 0.000607680121902, 0.00305700302124, -0.00769647071138, 0.0184748396277]]
    },
    "melbands": {
        "dmean": [0.0010127852438, 0.00108345190529, 0.000484552467242, 0.000328664667904, 0.000129380234284, 7.67643505242e-05, 7.97543252702e-05, 9.76215742412e-05, 0.000125542574096, 0.000138353949296, 0.000152905020514, 5.73801880819e-05, 4.64293880214e-05, 5.56402701477e-05, 4.07473889936e-05, 3.43077408615e-05, 6.64046165184e-05, 4.61288291262e-05, 3.55429547199e-05, 2.65681283054e-05, 2.74177127721e-05, 1.95928114408e-05, 1.43418865264e-05, 7.61114324632e-06, 1.10496584966e-05, 1.42648650581e-05, 7.84056373959e-06, 4.1696007429e-06, 2.46003060056e-06, 2.53312168752e-06, 2.45088517659e-06, 2.08841220228e-06, 1.67949303886e-06, 1.51477911459e-06, 1.46392915212e-06, 1.34326216994e-06, 1.01285831988e-06, 8.24692222068e-07, 7.52047924379e-07, 5.99588133809e-07],
        "dmean2": [0.001434921287, 0.00166234245989, 0.000821398105472, 0.000561622902751, 0.000211965816561, 0.00012786143634, 0.000124572587083, 0.000151404819917, 0.000189506841707, 0.000210104626603, 0.000237794243731, 9.16839635465e-05, 7.43780619814e-05, 8.83617685759e-05, 6.49441790301e-05, 5.4294567235e-05, 0.000106415551272, 7.29066887288e-05, 5.56565537408e-05, 4.11579749198e-05, 4.30618383689e-05, 3.05676367134e-05, 2.29090092034e-05, 1.22763203763e-05, 1.75741552084e-05, 2.23066926992e-05, 1.22470009956e-05, 6.74321654515e-06, 3.99518967242e-06, 4.0261779759e-06, 3.8367434172e-06, 3.21846118823e-06, 2.67492669082e-06, 2.38543816522e-06, 2.30210343943e-06, 2.12272584577e-06, 1.55638849719e-06, 1.28402598421e-06, 1.13597502605e-06, 9.07123421712e-07],
        "dvar": [4.4421030907e-06, 5.3335343182e-06, 9.58323084888e-07, 2.30742770668e-07, 4.43003465023e-08, 3.23005018288e-08, 3.20827879818e-08, 6.82573144672e-08, 1.28906364694e-07, 1.2336970201e-07, 1.27540474182e-07, 1.81583903469e-08, 1.3032673607e-08, 2.0160374703e-08, 1.32895259242e-08, 8.67299565499e-09, 2.73974194442e-08, 1.05654027749e-08, 1.07394546589e-08, 4.70520378215e-09, 2.75468514666e-09, 1.80166848107e-09, 7.54019291449e-10, 2.0457921468e-10, 3.16651815879e-10, 6.15751893918e-10, 3.33005678588e-10, 6.20883067182e-11, 2.06860032576e-11, 2.00538283895e-11, 2.50581343869e-11, 2.54753197704e-11, 1.29493343132e-11, 1.11133307418e-11, 1.21477394116e-11, 1.21903771799e-11, 9.55145598031e-12, 6.76077249739e-12, 4.8171952538e-12, 3.0366436362e-12],
        "dvar2": [7.85517840995e-06, 1.25341803141e-05, 2.49765889748e-06, 6.49353751214e-07, 1.1491499663e-07, 8.32811863916e-08, 7.74513324586e-08, 1.60854312981e-07, 2.92879860808e-07, 2.77485014522e-07, 2.89986445523e-07, 4.82292996651e-08, 3.2290088825e-08, 4.97093815e-08, 3.30465823595e-08, 2.0895699393e-08, 6.73280240449e-08, 2.51553817776e-08, 2.60448089762e-08, 1.05450075338e-08, 6.35882013711e-09, 4.09579703486e-09, 1.68102998188e-09, 5.02443864292e-10, 7.03146485481e-10, 1.34734479129e-09, 6.52375875543e-10, 1.50527382226e-10, 4.9773060673e-11, 4.56830476225e-11, 5.6967309342e-11, 6.14675602084e-11, 3.08928195525e-11, 2.37941055747e-11, 2.75049358289e-11, 2.6368442152e-11, 1.89752658031e-11, 1.50081457678e-11, 1.00755324223e-11, 6.42269961174e-12],
        "max": [0.0257138069719, 0.0294252764434, 0.0122533682734, 0.00586109049618, 0.00353737035766, 0.00713830813766, 0.00444391090423, 0.00617666775361, 0.0134950904176, 0.0113891400397, 0.00973599497229, 0.00535132875666, 0.00475582666695, 0.00457416893914, 0.00387578876689, 0.00346372718923, 0.0042302669026, 0.00243553100154, 0.00461971154436, 0.00230749999173, 0.00132025417406, 0.0011788738193, 0.000657473923638, 0.000360370060662, 0.000335933727911, 0.000484085234348, 0.000992354471236, 0.000198920286493, 0.000137807714054, 0.000150115854922, 0.0001180581894, 0.000154913184815, 9.02291649254e-05, 0.000109454253106, 0.000177531022928, 0.000139201787533, 0.000128229003167, 8.60004511196e-05, 0.000105622973933, 0.000101722689578],
        "mean": [0.00155170436483, 0.00158322835341, 0.000728442217223, 0.000576008867938, 0.000224251285545, 0.000126008322695, 0.000162261523656, 0.000184615768376, 0.000264430593234, 0.000308485934511, 0.000358612363925, 0.000109659267764, 7.8881465015e-05, 9.6463591035e-05, 6.99805095792e-05, 5.88643270021e-05, 0.000124373589642, 9.08735819394e-05, 7.63218558859e-05, 5.57099701837e-05, 6.07270922046e-05, 4.00949065806e-05, 2.97360529657e-05, 1.50616251631e-05, 2.2501733838e-05, 2.88915471174e-05, 1.69195027411e-05, 8.92493335414e-06, 4.7984954108e-06, 5.22349455423e-06, 4.74907801618e-06, 3.94126846004e-06, 3.16394107358e-06, 3.01674731418e-06, 2.96430062008e-06, 2.59568128058e-06, 1.96308860723e-06, 1.5537557374e-06, 1.3216916841e-06, 9.90415173874e-07],
        "median": [0.000443568336777, 0.000665462459438, 0.000393493217416, 0.000375282048481, 0.000138421019074, 6.85685954522e-05, 9.0174638899e-05, 6.2021514168e-05, 6.42670202069e-05, 7.24695128156e-05, 8.88991198735e-05, 4.58557042293e-05, 3.40755505022e-05, 4.27321465395e-05, 3.13878044835e-05, 2.53681064351e-05, 3.59722398571e-05, 2.96444086416e-05, 2.74547965091e-05, 2.38786597038e-05, 3.13928321702e-05, 2.10491125472e-05, 1.48922372318e-05, 9.25548465602e-06, 1.41914260894e-05, 1.88186768355e-05, 9.75248258328e-06, 4.59104012407e-06, 2.78167044598e-06, 2.9756774893e-06, 2.54592032434e-06, 1.53380824486e-06, 1.31658816827e-06, 1.30866703785e-06, 1.4743416159e-06, 1.19494075079e-06, 8.39252720652e-07, 6.84603492118e-07, 5.58327542421e-07, 4.00699718739e-07],
        "min": [1.07437972242e-23, 7.85455392693e-24, 1.45565789159e-23, 3.01406996479e-23, 1.44577299113e-23, 1.49521484836e-23, 4.97855797083e-24, 7.2464249994e-24, 5.14460333062e-24, 6.27765529284e-24, 1.14487146516e-23, 3.76018754627e-24, 7.22503898026e-24, 1.0859103445e-23, 1.77371619561e-23, 1.68145591507e-23, 8.98985966476e-24, 7.95149783244e-24, 5.66155808131e-24, 1.18833075907e-23, 1.34608148309e-23, 9.92378656842e-24, 9.17816312942e-24, 5.64289402672e-24, 7.08660572431e-24, 7.4704046985e-24, 1.71462893609e-23, 1.08637624575e-23, 8.29102514376e-24, 1.09897774651e-23, 1.29442576661e-23, 1.63808513137e-23, 1.36717183717e-23, 1.36798578385e-23, 1.09822430546e-23, 6.58884553717e-24, 9.89837735867e-24, 1.49300856219e-23, 1.04148800921e-23, 9.35934475783e-24],
        "var": [9.04940316104e-06, 7.39541110306e-06, 1.06274194422e-06, 3.99349488589e-07, 7.80036941705e-08, 4.32502709202e-08, 5.85959725186e-08, 1.52446247625e-07, 3.50233705149e-07, 5.28524310539e-07, 6.82115114614e-07, 4.16907113276e-08, 2.29884182801e-08, 3.69182657778e-08, 2.10181454463e-08, 1.36803537387e-08, 5.65510340778e-08, 2.72590501282e-08, 2.80258269925e-08, 1.37038398407e-08, 8.83871198454e-09, 4.10379596971e-09, 2.35033903451e-09, 4.09086819975e-10, 7.93402232802e-10, 1.40205824728e-09, 7.85836784534e-10, 1.69863262345e-10, 4.74900223313e-11, 4.98186665532e-11, 5.34713003042e-11, 4.97389109066e-11, 2.662095544e-11, 2.76814682287e-11, 2.59363832494e-11, 2.66690645262e-11, 2.29626213877e-11, 1.40321981465e-11, 1.07932196167e-11, 5.95984416332e-12]
    },
    "mfcc": {
        "mean": [-626.746887207, 105.440116882, -16.938331604, 11.5955476761, 5.67604875565, 1.44816684723, 1.23077106476, 6.03717803955, -0.210394650698, 6.52289152145, -3.17474579811, -6.00370645523, -3.67995285988],
        "cov": [[6884.53564453, -740.634155273, 870.48840332, 1209.39916992, 750.493835449, 544.151611328, 161.584396362, 253.991622925, 219.495727539, 270.42074585, 335.058135986, 263.273620605, 179.65802002], [-740.634155273, 842.327941895, -113.772384644, -26.1658420563, 73.1457672119, -117.77331543, -12.3593873978, -58.4507446289, -47.1444587708, 50.6848335266, 25.6087474823, 21.5766048431, 22.6670150757], [870.48840332, -113.772384644, 814.041870117, 449.440368652, 279.488616943, 268.442382812, 106.465202332, 53.0636634827, 41.5391693115, -3.62891244888, 75.5459213257, 145.349517822, 106.719711304], [1209.39916992, -26.1658420563, 449.440368652, 658.391845703, 363.13079834, 230.308486938, 89.9316711426, 63.6508750916, 90.6773147583, 56.0386390686, 84.3964157104, 113.752250671, 106.407844543], [750.493835449, 73.1457672119, 279.488616943, 363.13079834, 398.666992188, 114.919265747, 5.48859405518, -2.2665977478, 55.7988357544, 91.6245269775, 61.1991653442, 82.1568069458, 77.8999938965], [544.151611328, -117.77331543, 268.442382812, 230.308486938, 114.919265747, 249.495620728, 102.845031738, 65.7015686035, 65.4606628418, 22.3153934479, 61.798374176, 62.11277771, 29.6213951111], [161.584396362, -12.3593873978, 106.465202332, 89.9316711426, 5.48859405518, 102.845031738, 173.472366333, 87.2836456299, 31.1446075439, -5.16461324692, 30.6031360626, 25.4096603394, 17.9799365997], [253.991622925, -58.4507446289, 53.0636634827, 63.6508750916, -2.2665977478, 65.7015686035, 87.2836456299, 126.403991699, 42.3447608948, 9.32930660248, 30.8746051788, 13.8770656586, 14.5055894852], [219.495727539, -47.1444587708, 41.5391693115, 90.6773147583, 55.7988357544, 65.4606628418, 31.1446075439, 42.3447608948, 113.112945557, 49.9599151611, 26.6920108795, 10.3332939148, 5.05412578583], [270.42074585, 50.6848335266, -3.62891244888, 56.0386390686, 91.6245269775, 22.3153934479, -5.16461324692, 9.32930660248, 49.9599151611, 139.052841187, 60.4039840698, 23.3696594238, 10.9429721832], [335.058135986, 25.6087474823, 75.5459213257, 84.3964157104, 61.1991653442, 61.798374176, 30.6031360626, 30.8746051788, 26.6920108795, 60.4039840698, 124.318824768, 52.5723648071, 21.6788864136], [263.273620605, 21.5766048431, 145.349517822, 113.752250671, 82.1568069458, 62.11277771, 25.4096603394, 13.8770656586, 10.3332939148, 23.3696594238, 52.5723648071, 101.479721069, 51.2375335693], [179.65802002, 22.6670150757, 106.719711304, 106.407844543, 77.8999938965, 29.6213951111, 17.9799365997, 14.5055894852, 5.05412578583, 10.9429721832, 21.6788864136, 51.2375335693, 98.6732406616]],
