{
"lowlevel": {
    "average_loudness": 0.885426819324,
    "barkbands_crest": {
        "dmean": 2.91963219643,
        "dmean2": 4.78560066223,
        "dvar": 7.6776638031,
        "dvar2": 18.6580505371,
        "max": 24.7378044128,
        "mean": 11.5316829681,
        "median": 10.5253429413,
        "min": 2.29295730591,
        "var": 24.8864116669
    },
    "barkbands_flatness_db": {
        "dmean": 0.0212174206972,
        "dmean2": 0.0338494367898,
        "dvar": 0.000415433896706,
        "dvar2": 0.00102361699101,
        "max": 0.338547617197,
        "mean": 0.155244514346,
        "median": 0.153790414333,
        "min": 0.028320055455,
        "var": 0.00188825663645
    },
    "barkbands_kurtosis": {
        "dmean": 2.529109478,
        "dmean2": 4.10277080536,
        "dvar": 17.4786128998,
        "dvar2": 44.5160560608,
        "max": 84.7790527344,
        "mean": 3.79677438736,
        "median": 1.60444378853,
        "min": -1.89157390594,
        "var": 44.1528358459
    },
    "barkbands_skewness": {
        "dmean": 0.509056150913,
        "dmean2": 0.804520666599,
        "dvar": 0.288774520159,
        "dvar2": 0.706877231598,
        "max": 8.33377075195,
        "mean": 1.42174065113,
        "median": 1.18909192085,
        "min": -3.93196225166,
        "var": 1.41581487656
    },
    "barkbands_spread": {
        "dmean": 4.56623935699,
        "dmean2": 7.17071723938,
        "dvar": 34.3658256531,
        "dvar2": 72.221321106,
        "max": 114.030937195,
        "mean": 18.9544582367,
        "median": 17.1091842651,
        "min": 1.67964231968,
        "var": 131.725875854
    },
    "dissonance": {
        "dmean": 0.0201971307397,
        "dmean2": 0.034154817462,
        "dvar": 0.00036900860141,
        "dvar2": 0.00100989232305,
        "max": 0.500000178814,
        "mean": 0.462686687708,
        "median": 0.469590455294,
        "min": 0.264922767878,
        "var": 0.000802411464974
    },
    "dynamic_complexity": 3.64830780029,
    "erbbands_crest": {
        "dmean": 2.73411417007,
        "dmean2": 4.48222494125,
        "dvar": 6.65383386612,
        "dvar2": 17.0245914459,
        "max": 29.8230609894,
        "mean": 10.0348186493,
        "median": 8.98142814636,
        "min": 2.26744699478,
        "var": 24.5531578064
    },
    "erbbands_flatness_db": {
        "dmean": 0.0162556041032,
        "dmean2": 0.0243482477963,
        "dvar": 0.000214533982216,
        "dvar2": 0.00043360030395,
        "max": 0.336459696293,
        "mean": 0.180851399899,
        "median": 0.178247630596,
        "min": 0.0717891827226,
        "var": 0.00223900354467
    },
    "erbbands_kurtosis": {
        "dmean": 0.884607255459,
        "dmean2": 1.43728041649,
        "dvar": 1.27258110046,
        "dvar2": 3.24643206596,
        "max": 21.5994586945,
        "mean": 0.743079185486,
        "median": 0.149841070175,
        "min": -1.77450013161,
        "var": 4.17041635513
    },
    "erbbands_skewness": {
        "dmean": 0.346542328596,
        "dmean2": 0.550146520138,
        "dvar": 0.0899717658758,
        "dvar2": 0.222214028239,
        "max": 3.69738864899,
        "mean": 0.482854992151,
        "median": 0.457970321178,
        "min": -3.39085531235,
        "var": 0.521589756012
    },
    "erbbands_spread": {
        "dmean": 6.19540882111,
        "dmean2": 9.59075546265,
        "dvar": 47.3862380981,
        "dvar2": 104.345809937,
        "max": 128.829391479,
        "mean": 31.3287963867,
        "median": 28.74127388,
        "min": 4.11055231094,
        "var": 250.173721313
    },
    "hfc": {
        "dmean": 5.98208189011,
        "dmean2": 8.52037143707,
        "dvar": 122.908172607,
        "dvar2": 237.821258545,
        "max": 354.257537842,
        "mean": 21.2133789062,
        "median": 16.0301437378,
        "min": 1.13981729701e-16,
        "var": 467.673522949
    },
    "melbands_crest": {
        "dmean": 3.81340789795,
        "dmean2": 6.18867921829,
        "dvar": 13.2892036438,
        "dvar2": 33.5681037903,
        "max": 35.7122497559,
        "mean": 16.2279701233,
        "median": 14.8339748383,
        "min": 1.02607321739,
        "var": 49.1534347534
    },
    "melbands_flatness_db": {
        "dmean": 0.0246821176261,
        "dmean2": 0.039178930223,
        "dvar": 0.000591824471485,
        "dvar2": 0.00144585268572,
        "max": 0.435807257891,
        "mean": 0.202511698008,
        "median": 0.200683653355,
        "min": 1.12008619908e-05,
        "var": 0.00354048982263
    },
    "melbands_kurtosis": {
        "dmean": 5.98095321655,
        "dmean2": 9.65590858459,
        "dvar": 111.674682617,
        "dvar2": 285.062438965,
        "max": 174.801727295,
        "mean": 11.0599708557,
        "median": 4.99796438217,
        "min": -1.83643221855,
        "var": 274.710113525
    },
    "melbands_skewness": {
        "dmean": 0.688450694084,
        "dmean2": 1.09116375446,
        "dvar": 0.598254561424,
        "dvar2": 1.48151111603,
        "max": 11.6044082642,
        "mean": 2.28119277954,
        "median": 1.84182929993,
        "min": -1.10018515587,
        "var": 2.91986298561
    },
    "melbands_spread": {
        "dmean": 6.00869655609,
        "dmean2": 9.31087493896,
        "dvar": 82.778465271,
        "dvar2": 163.854904175,
        "max": 276.290924072,
        "mean": 22.277173996,
        "median": 19.0383605957,
        "min": 1.20993542671,
        "var": 360.645599365
    },
    "pitch_salience": {
        "dmean": 0.0787234380841,
        "dmean2": 0.132023826241,
        "dvar": 0.00610155519098,
        "dvar2": 0.0161731652915,
        "max": 0.997545719147,
        "mean": 0.517889976501,
        "median": 0.517750740051,
        "min": 0.102610059083,
        "var": 0.0184972863644
    },
    "silence_rate_20dB": {
        "dmean": 0,
        "dmean2": 0,
        "dvar": 0,
        "dvar2": 0,
        "max": 1,
        "mean": 1,
        "median": 1,
        "min": 1,
        "var": 0
    },
    "silence_rate_30dB": {
        "dmean": 0.00417126715183,
        "dmean2": 0.00834355782717,
        "dvar": 0.00415384303778,
        "dvar2": 0.0114634856582,
        "max": 1,
        "mean": 0.997301280499,
        "median": 1,
        "min": 0,
        "var": 0.00269167358056
    },
    "silence_rate_60dB": {
        "dmean": 0.0125138023868,
        "dmean2": 0.0249079763889,
        "dvar": 0.0123589811847,
        "dvar2": 0.0287072453648,
        "max": 1,
        "mean": 0.0767909735441,
        "median": 0,
        "min": 0,
        "var": 0.0709009245038
    },
    "spectral_centroid": {
        "dmean": 219.945983887,
        "dmean2": 336.411224365,
        "dvar": 64253.7304688,
        "dvar2": 134529.5,
        "max": 11212.4355469,
        "mean": 1369.47436523,
        "median": 1311.01757812,
        "min": 269.495880127,
        "var": 331300.875
    },
    "spectral_complexity": {
        "dmean": 3.15642261505,
        "dmean2": 4.746134758,
        "dvar": 9.30989074707,
        "dvar2": 17.9623813629,
        "max": 46,
        "mean": 17.9165840149,
        "median": 18,
        "min": 0,
        "var": 64.2552108765
    },
    "spectral_decrease": {
        "dmean": 2.58377386153e-09,
        "dmean2": 4.08830036491e-09,
        "dvar": 1.0593835281e-17,
        "dvar2": 2.58556327385e-17,
        "max": -4.84986866094e-29,
        "mean": -8.20912759991e-09,
        "median": -7.07763181396e-09,
        "min": -3.60128460386e-08,
        "var": 3.85418089713e-17
    },
    "spectral_energy": {
        "dmean": 0.0101189278066,
        "dmean2": 0.0159686151892,
        "dvar": 0.000157440765179,
        "dvar2": 0.000381221587304,
        "max": 0.139425098896,
        "mean": 0.0329072922468,
        "median": 0.0288409404457,
        "min": 1.06032445704e-20,
        "var": 0.000589554256294
    },
    "spectral_energyband_high": {
        "dmean": 0.000304405024508,
        "dmean2": 0.000430987303844,
        "dvar": 1.17272486477e-06,
        "dvar2": 2.15533759729e-06,
        "max": 0.0381198450923,
        "mean": 0.000704752106685,
        "median": 0.000320587772876,
        "min": 7.54597129389e-21,
        "var": 3.23986228068e-06
    },
    "spectral_energyband_low": {
        "dmean": 0.00692469859496,
        "dmean2": 0.0113116176799,
        "dvar": 0.000131279288325,
        "dvar2": 0.000338400452165,
        "max": 0.113252922893,
        "mean": 0.0144840879366,
        "median": 0.00688714394346,
        "min": 4.71653119473e-23,
        "var": 0.000327857123921
    },
    "spectral_energyband_middle_high": {
        "dmean": 0.00254815630615,
        "dmean2": 0.00375033053569,
        "dvar": 1.92773713934e-05,
        "dvar2": 4.18460695073e-05,
        "max": 0.100415572524,
        "mean": 0.00761162023991,
        "median": 0.00400628149509,
        "min": 1.40932653815e-21,
        "var": 9.18985970202e-05
    },
    "spectral_energyband_middle_low": {
        "dmean": 0.00492819026113,
        "dmean2": 0.00812691543251,
        "dvar": 5.67978095205e-05,
        "dvar2": 0.00015164638171,
        "max": 0.0967184901237,
        "mean": 0.0114727420732,
        "median": 0.00773645378649,
        "min": 3.50035026939e-22,
        "var": 0.000124333004351
    },
    "spectral_entropy": {
        "dmean": 0.138103112578,
        "dmean2": 0.203152388334,
        "dvar": 0.0177066996694,
        "dvar2": 0.0342778787017,
        "max": 9.80593204498,
        "mean": 7.54004383087,
        "median": 7.5559387207,
        "min": 5.87776756287,
        "var": 0.144106090069
    },
    "spectral_flux": {
        "dmean": 0.0266642924398,
        "dmean2": 0.041074577719,
        "dvar": 0.00091490347404,
        "dvar2": 0.00180188124068,
        "max": 0.314547747374,
        "mean": 0.0888355076313,
        "median": 0.0782444104552,
        "min": 6.5241541336e-11,
        "var": 0.00273008784279
    },
    "spectral_kurtosis": {
        "dmean": 1.46679496765,
        "dmean2": 2.52527880669,
        "dvar": 2.09951424599,
        "dvar2": 6.12668609619,
        "max": 20.3469810486,
        "mean": 4.37515306473,
        "median": 3.87557196617,
        "min": -1.23224258423,
        "var": 6.04570293427
    },
    "spectral_rms": {
        "dmean": 0.00082624645438,
        "dmean2": 0.00128498417325,
        "dvar": 8.21578055366e-07,
        "dvar2": 1.89475940715e-06,
        "max": 0.0116629535332,
        "mean": 0.00518283899873,
        "median": 0.00530447950587,
        "min": 3.2163067782e-12,
        "var": 5.24288361703e-06
    },
    "spectral_rolloff": {
        "dmean": 373.476715088,
        "dmean2": 625.842651367,
        "dvar": 637720.3125,
        "dvar2": 1292300.375,
        "max": 18604.6875,
        "mean": 1319.85522461,
        "median": 1012.06054688,
        "min": 64.599609375,
        "var": 2032446
    },
    "spectral_skewness": {
        "dmean": 0.189306944609,
        "dmean2": 0.315420031548,
        "dvar": 0.0294481981546,
        "dvar2": 0.0779544487596,
        "max": 3.23071813583,
        "mean": 1.55131304264,
        "median": 1.50918507576,
        "min": -0.0238063950092,
        "var": 0.140274256468
    },
    "spectral_spread": {
        "dmean": 410555.6875,
        "dmean2": 618674.0625,
        "dvar": 416590397440,
        "dvar2": 693679751168,
        "max": 42004792,
        "mean": 4080755,
        "median": 3847849,
        "min": 1975107.25,
        "var": 2.20509582131e+12
    },
    "spectral_strongpeak": {
        "dmean": 0.564170241356,
        "dmean2": 0.962488591671,
        "dvar": 0.997346282005,
        "dvar2": 2.55780029297,
        "max": 15.9398565292,
        "mean": 1.14650046825,
        "median": 0.44926828146,
        "min": 0,
        "var": 2.32016992569
    },
    "zerocrossingrate": {
        "dmean": 0.00803151074797,
        "dmean2": 0.00966713018715,
        "dvar": 0.000155156943947,
        "dvar2": 0.000169676262885,
        "max": 0.5048828125,
        "mean": 0.0514154396951,
        "median": 0.044921875,
        "min": 0.00341796875,
        "var": 0.00138475210406
    },
    "barkbands": {
        "dmean": [0.000730428786483, 0.00604562647641, 0.00169440102763, 0.00120842864271, 0.00133699458092, 0.00121008907445, 0.000779097725172, 0.000390395929571, 0.00127100967802, 0.00177162489854, 0.000527419848368, 0.000383664446417, 0.000311540788971, 0.000381791352993, 0.000236206076806, 0.00025464760256, 0.000212115963222, 0.000159600851475, 0.000122541780001, 0.000118450494483, 6.29003043287e-05, 3.09359420498e-05, 4.6612269216e-05, 7.48323582229e-05, 8.04067385616e-05, 1.06249285636e-06, 6.94014303804e-08],
        "dmean2": [0.00122086377814, 0.00991390924901, 0.00303019070998, 0.00220842217095, 0.00223218626343, 0.00196706899442, 0.00127406069078, 0.000625915592536, 0.00201709102839, 0.00274816993624, 0.000857120961882, 0.000588054477703, 0.000484150485136, 0.000588993483689, 0.000370400230167, 0.000384213868529, 0.000337724224664, 0.000249876000453, 0.000191407016246, 0.000177295223693, 9.64435239439e-05, 4.71718958579e-05, 7.15650166967e-05, 0.000109125794552, 0.000117251518532, 1.48452363646e-06, 1.09786682856e-07],
        "dvar": [2.0624931949e-06, 0.000109159838757, 2.19328994717e-05, 1.24016323753e-05, 6.8647864282e-06, 6.70991676088e-06, 4.23214896728e-06, 9.72678890321e-07, 8.63210334501e-06, 1.66939007613e-05, 1.91269054994e-06, 9.6547364592e-07, 5.47522972738e-07, 8.63342393131e-07, 3.22895687077e-07, 4.01263889671e-07, 2.05443171808e-07, 1.03710391386e-07, 5.883105203e-08, 5.09714226382e-08, 1.23913102001e-08, 5.53497514488e-09, 2.29429417686e-08, 1.76885635028e-07, 2.67427765266e-07, 3.84907557216e-11, 1.08865085729e-13],
        "dvar2": [6.02394538873e-06, 0.000275526166661, 6.18383855908e-05, 3.6173787521e-05, 1.8137445295e-05, 1.69415598066e-05, 1.0047104297e-05, 2.49517324846e-06, 2.0269462766e-05, 3.93763548345e-05, 4.87028592033e-06, 2.06273898584e-06, 1.16558521768e-06, 1.88314709249e-06, 7.39193637855e-07, 8.23273751394e-07, 4.69548325555e-07, 2.28442488037e-07, 1.32576005285e-07, 9.78422036724e-08, 2.74968279257e-08, 1.13027036619e-08, 4.63782399152e-08, 3.53359041583e-07, 5.25653319983e-07, 7.0724252843e-11, 2.58134605271e-13],
        "max": [0.0143658444285, 0.0909388512373, 0.0556911528111, 0.0371500216424, 0.0392011776567, 0.0727624595165, 0.0647504851222, 0.02596616745, 0.0564289540052, 0.0896961539984, 0.0460135526955, 0.0264812316746, 0.0226699747145, 0.0231385529041, 0.0252193491906, 0.0239816028625, 0.0140933468938, 0.00977041665465, 0.00692239264026, 0.00879013352096, 0.0033634242136, 0.00317449332215, 0.00530560687184, 0.0134015735239, 0.0199473444372, 0.000229687677347, 1.06406432678e-05],
        "mean": [0.00116591562983, 0.0112093016505, 0.0016412390396, 0.00107172713615, 0.00202832138166, 0.00225173635408, 0.00154607102741, 0.000540886947419, 0.00245340797119, 0.00336534506641, 0.000940282596275, 0.000672589580063, 0.000593564240262, 0.000714558176696, 0.000449210143415, 0.000440210074885, 0.000401116238208, 0.000331333576469, 0.00027307117125, 0.000283072236925, 0.000132047440275, 6.25596876489e-05, 8.60140644363e-05, 0.000133401306812, 0.000118486968859, 1.71213514477e-06, 7.88514071814e-08],
        "median": [0.000343293853803, 0.00372924376279, 0.000551171950065, 0.000354862771928, 0.000939755351283, 0.000876808655448, 0.000465830031317, 0.000198959707632, 0.000483568757772, 0.000581094296649, 0.000259575492237, 0.000198702618945, 0.000186610763194, 0.000194072898012, 0.000154122113599, 0.000162915006513, 0.000167634163518, 0.000140316347824, 0.000125581573229, 0.000151174957864, 6.91439781804e-05, 2.91702654067e-05, 2.86761605821e-05, 3.0017185054e-05, 1.39208550536e-05, 2.6120324037e-07, 9.08790909193e-09],
        "min": [7.96312169787e-24, 1.65977501973e-23, 1.47076678673e-23, 1.88684957793e-24, 4.2088222094e-23, 2.68272598095e-23, 3.90841577254e-23, 1.12480552586e-23, 7.8384841992e-23, 6.31332703078e-23, 2.69619057443e-23, 3.81901921486e-23, 5.32459717116e-23, 6.32130336116e-23, 1.02660767862e-22, 9.76364117823e-23, 1.56098849292e-22, 2.11271099427e-22, 2.18765391623e-22, 2.50419236928e-22, 4.03849754741e-22, 3.43061597511e-22, 6.13231841534e-22, 8.87550156011e-22, 1.14731576646e-21, 1.62889492706e-21, 2.17787406049e-21],
        "var": [3.39732673638e-06, 0.000243028553086, 1.46514194057e-05, 7.62609397498e-06, 1.13590758701e-05, 1.90514292626e-05, 1.66524623637e-05, 1.23541315133e-06, 2.7162479455e-05, 5.10485733685e-05, 6.59396437186e-06, 2.24702716878e-06, 1.77805895873e-06, 2.83450685856e-06, 1.78914274329e-06, 9.57703264248e-07, 5.5557734413e-07, 3.79476091439e-07, 2.12360703244e-07, 1.80575952413e-07, 3.5467007109e-08, 1.41101841322e-08, 6.0255096912e-08, 4.27211716669e-07, 5.39876452876e-07, 9.10101438656e-11, 1.63083983167e-13]
    },
    "erbbands": {
        "dmean": [0.268167495728, 1.17325091362, 1.92403721809, 3.09414696693, 4.13904571533, 4.63231754303, 5.31031513214, 12.6680850983, 13.5092792511, 8.38925075531, 8.17407131195, 31.810503006, 59.1053543091, 26.9893741608, 18.3017997742, 14.6615972519, 13.0516757965, 16.4541282654, 14.9122066498, 12.3481788635, 12.4263296127, 10.6135749817, 8.18464279175, 8.13917064667, 3.75557637215, 5.15224695206, 3.86851549149, 1.77517569065, 1.13143777847, 1.10588514805, 1.43274152279, 1.27898013592, 1.4409006834, 1.03179836273, 0.498747289181, 0.0310215242207, 0.00308927288279, 0.000552498269826, 2.07782741199e-05, 1.27597195387e-05],
        "dmean2": [0.431247621775, 1.92132747173, 3.35528445244, 5.56723308563, 7.30843019485, 7.68989801407, 8.40810012817, 20.6495723724, 22.0828266144, 12.9885053635, 13.4570074081, 50.645526886, 91.5304336548, 42.3106269836, 29.6047344208, 22.2300128937, 20.1546707153, 25.067401886, 23.2137203217, 18.7731590271, 18.7259273529, 16.7086105347, 12.7302827835, 12.5192565918, 5.78075838089, 7.73897504807, 5.79097938538, 2.73272299767, 1.74551892281, 1.70466935635, 2.19331169128, 1.89180278778, 2.10059356689, 1.48959195614, 0.741388857365, 0.0452733002603, 0.00432528741658, 0.000794799649157, 2.97628412227e-05, 1.97185854631e-05],
        "dvar": [0.236844912171, 4.84256458282, 26.9905071259, 77.217628479, 109.475471497, 84.7220916748, 142.684692383, 791.621765137, 915.189819336, 456.48348999, 423.328674316, 5954.52099609, 18418.0566406, 3940.28442383, 1699.0435791, 1160.70678711, 853.431091309, 1441.02844238, 1441.37158203, 940.236083984, 774.30645752, 522.24029541, 306.847900391, 226.4190979, 42.4973945618, 78.6418075562, 62.4263877869, 11.4647636414, 7.20456886292, 10.411356926, 22.6012248993, 34.5647583008, 84.1633605957, 47.9179878235, 8.63095569611, 0.0205821376294, 0.000344249565387, 7.92430364527e-06, 1.04967519121e-08, 3.48145429152e-10],
        "dvar2": [0.629994630814, 11.7761116028, 73.3239746094, 220.981170654, 315.965942383, 219.108886719, 336.596466064, 2005.3873291, 2215.64428711, 1030.86254883, 1119.06384277, 13940.7529297, 43436.4335938, 10059.8964844, 4278.46044922, 2434.14599609, 1820.10461426, 3177.54492188, 3205.03198242, 2011.87536621, 1643.1739502, 1141.61096191, 661.901672363, 508.131408691, 95.629524231, 155.197311401, 119.383743286, 24.6607990265, 15.446516037, 20.9508628845, 47.0171508789, 71.3568115234, 173.578445435, 97.3080062866, 16.4893093109, 0.0399994552135, 0.000648738699965, 1.47354339788e-05, 2.06884678278e-08, 7.42902239725e-10],
        "max": [4.594165802, 22.3291568756, 55.9519424438, 88.4051742554, 113.297317505, 172.206481934, 352.145812988, 740.067810059, 751.853637695, 833.860290527, 558.127624512, 1684.98364258, 3558.5144043, 1571.32922363, 760.651611328, 1186.72436523, 841.900085449, 1070.57299805, 945.520568848, 1193.18530273, 959.218994141, 734.616271973, 533.079833984, 359.2059021, 172.639526367, 240.375106812, 321.156768799, 132.152954102, 111.438224792, 100.893371582, 157.362319946, 242.639511108, 317.77130127, 260.250396729, 115.575408936, 5.16665840149, 0.715549170971, 0.101561307907, 0.00471618166193, 0.000558285973966],
        "mean": [0.478216916323, 1.87550604343, 2.05908370018, 3.0332171917, 4.54706478119, 7.01336193085, 9.69213485718, 22.784116745, 26.0578746796, 16.3156051636, 13.1133413315, 62.9663200378, 114.627418518, 53.8487205505, 33.7349090576, 29.0111560822, 27.5500907898, 32.4954071045, 29.7595291138, 25.1725311279, 23.7466869354, 21.6794147491, 18.2970848083, 18.4493484497, 9.87479305267, 12.6902227402, 8.93130779266, 3.82449626923, 2.27827048302, 2.17233705521, 2.57247829437, 2.39411497116, 2.41600298882, 1.56037247181, 0.697820007801, 0.045152682811, 0.00469722319394, 0.000808700744528, 4.34453213529e-05, 4.13055822719e-05],
        "median": [0.137928128242, 0.551075100899, 0.846739411354, 1.14179074764, 1.96051084995, 2.97156000137, 3.45382261276, 8.85495185852, 10.0152492523, 5.6698923111, 6.06207942963, 12.9053859711, 25.2433242798, 14.8596401215, 12.7340421677, 9.97399139404, 10.2340297699, 11.2076635361, 10.8292961121, 9.84569740295, 10.48179245, 9.0431137085, 7.88543224335, 8.81590366364, 5.96043586731, 6.9700012207, 4.5202665329, 2.08868694305, 1.1068572998, 0.911140859127, 0.823552072048, 0.686287879944, 0.42850369215, 0.199634462595, 0.0720716863871, 0.00613072235137, 0.000634825322777, 0.000101494733826, 2.26602351177e-05, 3.61781349056e-05],
        "min": [3.60959955304e-22, 3.15835208162e-21, 1.84129758119e-20, 2.06249876325e-20, 2.15438043473e-20, 1.8290587978e-19, 2.67592075131e-19, 1.96933790219e-19, 4.81377912572e-19, 4.02464649489e-19, 2.95927974195e-19, 1.7198919208e-18, 2.44967098225e-18, 1.8805115774e-18, 1.34272796036e-18, 2.18794503938e-18, 2.75797236348e-18, 2.59176965134e-18, 3.83548264481e-18, 5.21465494219e-18, 6.3749932998e-18, 9.16762701249e-18, 1.05660990879e-17, 1.03724569337e-17, 1.2075933662e-17, 1.23898089998e-17, 1.0869996146e-17, 1.62135324451e-17, 1.24395647409e-17, 1.43824308472e-17, 1.81513072547e-17, 1.72720705119e-17, 1.41302979247e-17, 1.26149824518e-17, 9.06426583187e-18, 5.41331973709e-18, 3.04964989595e-18, 1.19925937678e-18, 2.98589350267e-19, 3.16299681385e-20],
        "var": [0.493519067764, 8.27512550354, 20.5884571075, 50.0133781433, 77.4000930786, 164.868850708, 382.093902588, 1968.61816406, 2848.46826172, 1887.84875488, 598.90045166, 18706.0371094, 56666.6679688, 12213.8867188, 4337.40625, 3534.78540039, 3085.953125, 4969.54833984, 3881.4128418, 4220.68701172, 1843.75878906, 1712.80249023, 1310.02844238, 790.467102051, 171.09487915, 310.375366211, 207.01373291, 32.4699935913, 16.8110313416, 25.2110004425, 57.3196144104, 91.7229385376, 179.185317993, 95.9350357056, 17.8492946625, 0.0482001528144, 0.000743604381569, 1.83596439456e-05, 2.39917081757e-08, 1.14647669136e-09]
    },
    "gfcc": {
        "mean": [-15.3121480942, 107.414360046, -140.825393677, 34.8692245483, -64.822593689, 21.6175365448, -33.6075820923, 15.1054296494, -18.9861488342, -3.23694777489, -4.58967447281, -7.42234277725, 5.59173631668],
        "cov": [[6573.18115234, -145.509429932, 870.904602051, 810.380859375, 251.066116333, 285.43661499, 38.1999931335, 380.887939453, 98.9865264893, 368.582458496, 211.562637329, 193.967727661, 92.6628799438], [-145.509429932, 1151.75256348, 266.551452637, 139.552139282, 312.208435059, -61.163444519, 183.995117188, -90.126663208, 133.206756592, -45.3190803528, 137.860717773, -32.5241889954, 69.1635055542], [870.904602051, 266.551452637, 898.797668457, 435.06350708, 205.867233276, 145.8074646, 2.74992203712, 68.6987838745, 103.251785278, 119.867271423, 56.9387588501, 102.071182251, 12.1171283722], [810.380859375, 139.552139282, 435.06350708, 476.176849365, 229.686431885, 62.8359489441, 19.0197925568, 77.204574585, 117.724601746, 82.8858337402, 42.4636077881, 80.9863510132, 26.490650177], [251.066116333, 312.208435059, 205.867233276, 229.686431885, 293.148925781, 74.9607467651, 90.4761428833, 32.1553077698, 92.1674346924, 27.5878639221, 40.5214271545, 23.8080711365, 34.5042304993], [285.43661499, -61.163444519, 145.8074646, 62.8359489441, 74.9607467651, 186.965087891, 92.7822570801, 41.9157371521, -0.674117743969, 51.4569702148, -4.0820274353, 11.9280366898, -6.98541069031], [38.1999931335, 183.995117188, 2.74992203712, 19.0197925568, 90.4761428833, 92.7822570801, 219.697113037, 40.2246398926, 25.1360416412, 28.0101928711, 62.7737236023, -22.6780376434, 25.3246192932], [380.887939453, -90.126663208, 68.6987838745, 77.204574585, 32.1553077698, 41.9157371521, 40.2246398926, 131.345687866, 50.6674423218, 41.3640213013, 17.4734077454, 26.8188838959, 16.7685947418], [98.9865264893, 133.206756592, 103.251785278, 117.724601746, 92.1674346924, -0.674117743969, 25.1360416412, 50.6674423218, 142.01171875, 41.3839950562, 33.6540756226, 37.9360694885, 30.7359600067], [368.582458496, -45.3190803528, 119.867271423, 82.8858337402, 27.5878639221, 51.4569702148, 28.0101928711, 41.3640213013, 41.3839950562, 118.267875671, 57.322303772, 27.7570514679, 9.82467746735], [211.562637329, 137.860717773, 56.9387588501, 42.4636077881, 40.5214271545, -4.0820274353, 62.7737236023, 17.4734077454, 33.6540756226, 57.322303772, 140.637802124, 23.1874370575, 33.5966682434], [193.967727661, -32.5241889954, 102.071182251, 80.9863510132, 23.8080711365, 11.9280366898, -22.6780376434, 26.8188838959, 37.9360694885, 27.7570514679, 23.1874370575, 86.1065292358, 26.6356697083], [92.6628799438, 69.1635055542, 12.1171283722, 26.490650177, 34.5042304993, -6.98541069031, 25.3246192932, 16.7685947418, 30.7359600067, 9.82467746735, 33.5966682434, 26.6356697083, 75.6999969482]],
        "icov": [[0.000278444669675, -0.000257243897067, 0.000157044865773, -0.000545652699657, 0.000315443408908, -0.000505825038999, 0.000523272436112, -0.00084278662689, 0.000636172655504, -0.00054394203471, -0.000175793597009, -1.24475616303e-06, -0.000228068427532], [-0.000257243897067, 0.00400921376422, -0.0022515298333, 0.00204902072437, -0.00362525391392, 0.00413741031662, -0.00384929054417, 0.00431251525879, -0.00303711160086, 0.00309789506719, -0.00163870747201, 0.00181840220466, -0.000419597723521], [0.000157044865773, -0.0022515298333, 0.00368671282195, -0.00309447501786, 0.0021941002924, -0.00418680906296, 0.00318115390837, -0.00201841606759, 0.00140533887316, -0.00187586748507, 2.79548494291e-05, -0.00140342349187, 0.000508364813868], [-0.000545652699657, 0.00204902072437, -0.00309447501786, 0.00797352846712, -0.00577950198203, 0.00446121720597, -0.00231388839893, 0.00153516058344, -0.00233081914485, 0.000153853208758, 0.000776705506723, -0.0015053418465, 0.00109223928303], [0.000315443408908, -0.00362525391392, 0.0021941002924, -0.00577950198203, 0.0116242552176, -0.00685190735385, 0.00222712219693, -0.00220379373059, -0.000667865446303, 0.000205738295335, 3.17134181387e-05, 0.00045232399134, -0.00151890597772], [-0.000505825038999, 0.00413741031662, -0.00418680906296, 0.00446121720597, -0.00685190735385, 0.0173965003341, -0.0103438328952, 0.00320341344923, 0.000812163460068, -0.00243535568006, 0.00437737489119, -0.00221568346024, 0.00225044018589], [0.000523272436112, -0.00384929054417, 0.00318115390837, -0.00231388839893, 0.00222712219693, -0.0103438328952, 0.0142011437565, -0.00633110105991, 0.00194622192066, -0.00122318416834, -0.00413434859365, 0.00363803515211, -0.00221778429113], [-0.00084278662689, 0.00431251525879, -0.00201841606759, 0.00153516058344, -0.00220379373059, 0.00320341344923, -0.00633110105991, 0.0166307576001, -0.00729633960873, 0.0027455673553, -0.000382879399695, 0.000467418780318, -0.000776866741944], [0.000636172655504, -0.00303711160086, 0.00140533887316, -0.00233081914485, -0.000667865446303, 0.000812163460068, 0.00194622192066, -0.00729633960873, 0.0158285088837, -0.00658504338935, 0.00228801276535, -0.00431123655289, -0.00113926013], [-0.00054394203471, 0.00309789506719, -0.00187586748507, 0.000153853208758, 0.000205738295335, -0.00243535568006, -0.00122318416834, 0.0027455673553, -0.00658504338935, 0.0191447976977, -0.00817701872438, 0.00233589415438, 0.000560523301829], [-0.000175793597009, -0.00163870747201, 2.79548494291e-05, 0.000776705506723, 3.17134181387e-05, 0.00437737489119, -0.00413434859365, -0.000382879399695, 0.00228801276535, -0.00817701872438, 0.0146199716255, -0.00441344222054, -0.00150985806249], [-1.24475616303e-06, 0.00181840220466, -0.00140342349187, -0.0015053418465, 0.00045232399134, -0.00221568346024, 0.00363803515211, 0.000467418780318, -0.00431123655289, 0.00233589415438, -0.00441344222054, 0.0207313373685, -0.00652811955661], [-0.000228068427532, -0.000419597723521, 0.000508364813868, 0.00109223928303, -0.00151890597772, 0.00225044018589, -0.00221778429113, -0.000776866741944, -0.00113926013, 0.000560523301829, -0.00150985806249, -0.00652811955661, 0.0185798816383]]
    },
    "melbands": {
        "dmean": [0.00194382225163, 0.00110122421756, 0.000555176171474, 0.000298917701002, 0.000201413757168, 0.00027342516114, 0.000191500104847, 9.27272558329e-05, 7.69024991314e-05, 0.000213322302443, 0.000304265471641, 0.000122709709103, 6.36632248643e-05, 4.30034269812e-05, 3.7891586544e-05, 2.87804959953e-05, 3.49444599124e-05, 2.87000511889e-05, 1.78146710823e-05, 2.05294309126e-05, 1.47475166159e-05, 1.31900033011e-05, 8.38534469949e-06, 7.56806684876e-06, 7.45808938518e-06, 3.64195216207e-06, 3.12914107781e-06, 3.92602123611e-06, 3.25817745761e-06, 1.58366447067e-06, 9.86756049315e-07, 6.95946710039e-07, 6.17596299435e-07, 6.8597404379e-07, 9.06864954686e-07, 7.65936704283e-07, 8.54974246067e-07, 1.0573179452e-06, 9.86592681329e-07, 9.32264924813e-07],
        "dmean2": [0.00313585740514, 0.00180796021596, 0.000991894165054, 0.000513550476171, 0.000317737547448, 0.000445119047072, 0.000311517505907, 0.000144100689795, 0.000125054837554, 0.000336792960297, 0.000470489874715, 0.000193054889678, 0.000103304068034, 6.62349702907e-05, 5.83732835366e-05, 4.47082493338e-05, 5.3599858802e-05, 4.48906066595e-05, 2.76401679002e-05, 3.12590018439e-05, 2.29046363529e-05, 2.100004167e-05, 1.33963785629e-05, 1.16739329314e-05, 1.15788880066e-05, 5.69261374039e-06, 4.97557903145e-06, 5.94561333855e-06, 4.85230975755e-06, 2.48753417509e-06, 1.54087729243e-06, 1.09523989522e-06, 9.66976358541e-07, 1.08064227788e-06, 1.41558871292e-06, 1.13807936941e-06, 1.30087084926e-06, 1.55660325163e-06, 1.47818059304e-06, 1.34823005737e-06],
        "dvar": [1.15197108244e-05, 6.14674581811e-06, 2.37986000684e-06, 4.0796498979e-07, 1.80864773824e-07, 3.38421500601e-07, 2.00809040507e-07, 4.93081060426e-08, 3.93994632475e-08, 2.56485378713e-07, 4.86117926357e-07, 8.18080891918e-08, 2.28096332933e-08, 1.13505951305e-08, 1.04057589212e-08, 5.02194774654e-09, 6.99323488007e-09, 6.25920915098e-09, 2.42807618456e-09, 2.88441448504e-09, 1.08382169905e-09, 9.59816781609e-10, 3.15322629119e-10, 2.52155574199e-10, 2.11337544687e-10, 6.63517019106e-11, 2.6565480718e-11, 5.41102405938e-11, 6.13396347604e-11, 7.63723979891e-12, 4.05356651023e-12, 2.35973024974e-12, 3.1111961965e-12, 4.06728773925e-12, 8.25013234812e-12, 8.85699413117e-12, 1.83603462295e-11, 4.26041979473e-11, 5.50542285371e-11, 3.95843635648e-11],
        "dvar2": [3.01807413052e-05, 1.56297974172e-05, 6.79703498463e-06, 1.15167870263e-06, 4.18145816639e-07, 8.57662996623e-07, 4.84736688122e-07, 1.14140846108e-07, 9.89564483689e-08, 5.99595523454e-07, 1.14977285648e-06, 2.03914439112e-07, 5.65818574216e-08, 2.51392826556e-08, 2.05340402459e-08, 1.09749214161e-08, 1.55258650381e-08, 1.36360300829e-08, 5.58383295157e-09, 5.90946447332e-09, 2.48001752468e-09, 2.15490802979e-09, 7.31020188827e-10, 5.58315171872e-10, 4.74691397301e-10, 1.49234222202e-10, 6.17007764325e-11, 1.05769393244e-10, 1.14996977219e-10, 1.82922357816e-11, 9.06928525335e-12, 5.32596883263e-12, 6.73229050632e-12, 8.50295354959e-12, 1.85512369355e-11, 1.7542264516e-11, 3.99611836677e-11, 8.74050068433e-11, 1.28633548258e-10, 7.98584809392e-11],
        "max": [0.0314270667732, 0.0313856303692, 0.0154271731153, 0.00768074020743, 0.01066243276, 0.0162722077221, 0.0124085377902, 0.00737575488165, 0.0051515782252, 0.00967723410577, 0.017619876191, 0.00602370966226, 0.00467709172517, 0.00341052236035, 0.00371287809685, 0.00253033498302, 0.00241614598781, 0.0020680075977, 0.00279479147866, 0.0019084130181, 0.000797683082055, 0.000982382101938, 0.000718124269042, 0.000456629990367, 0.000352793838829, 0.000263505644398, 0.000118032992759, 0.000191677332623, 0.000356324395398, 5.57536041015e-05, 6.94134578225e-05, 4.85525706608e-05, 8.25172028271e-05, 5.56907107239e-05, 9.33120682021e-05, 9.39638193813e-05, 0.000196191642317, 0.000182602248969, 0.000310188246658, 0.000230125820963],
        "mean": [0.00363045814447, 0.00155989720952, 0.000576868653297, 0.000401022378355, 0.00036784861004, 0.000505067699123, 0.000376993179088, 0.000163986289408, 0.000119645228551, 0.000414234295022, 0.000581669679377, 0.000234430175624, 0.000114807502541, 7.69127727835e-05, 7.4580697401e-05, 5.44373542652e-05, 6.36970144114e-05, 5.15407809871e-05, 3.57416720362e-05, 3.47837158188e-05, 2.60103697656e-05, 2.46561758104e-05, 1.62051783263e-05, 1.56050973601e-05, 1.54859299073e-05, 8.12173038867e-06, 6.82139670971e-06, 9.04154512682e-06, 6.81536585034e-06, 3.14563339998e-06, 1.86169575045e-06, 1.28334227156e-06, 1.13573105409e-06, 1.23507618355e-06, 1.50460243731e-06, 1.41587190683e-06, 1.48927097143e-06, 1.72749264493e-06, 1.52004338361e-06, 1.30075943616e-06],
        "median": [0.0012174337171, 0.000718840281479, 0.000242915382842, 0.000198323570658, 0.000134424451971, 0.00020562321879, 0.000136271381052, 5.14362327522e-05, 4.31076150562e-05, 7.50723411329e-05, 0.000113783433335, 5.22841583006e-05, 3.54640433216e-05, 2.50723587669e-05, 2.20401780098e-05, 1.65124511113e-05, 1.86721154023e-05, 1.61564767041e-05, 1.08741714939e-05, 1.18665611808e-05, 1.11402860057e-05, 9.71473491518e-06, 6.65808238409e-06, 6.58408043819e-06, 6.58375574858e-06, 3.84120085073e-06, 4.01139823225e-06, 4.43214776169e-06, 2.91104402095e-06, 1.6369513105e-06, 8.84195515027e-07, 6.0404369151e-07, 5.07435402142e-07, 4.85795510485e-07, 4.79337188608e-07, 4.17344210746e-07, 3.95775543893e-07, 2.98053066672e-07, 2.31740642676e-07, 1.38073630751e-07],
        "min": [5.64775814306e-24, 7.49224273494e-24, 3.24088632882e-24, 6.6015793299e-24, 9.89761847448e-24, 4.55917269235e-24, 8.79581881474e-24, 4.14188499501e-24, 1.58557620265e-24, 1.09474747991e-23, 1.2494868852e-23, 8.11721305393e-24, 3.45714347409e-24, 3.79335046986e-24, 7.61849676738e-24, 4.21672896225e-24, 4.86426070314e-24, 5.55019182631e-24, 8.48376042899e-24, 7.50607462205e-24, 7.40355110336e-24, 1.0939143639e-23, 7.22495457214e-24, 9.81783939341e-24, 7.27803860018e-24, 9.12565812529e-24, 7.05810339094e-24, 9.18221866333e-24, 5.82076362262e-24, 9.35600314303e-24, 8.15103467638e-24, 6.91253409924e-24, 6.12453108025e-24, 8.49271478912e-24, 9.61540664108e-24, 1.07862466184e-23, 1.05776465515e-23, 9.93204751982e-24, 1.00675501575e-23, 1.01769288775e-23],
        "var": [2.55866962107e-05, 7.05026968717e-06, 1.57449926519e-06, 4.08546782182e-07, 5.053653922e-07, 8.88584622771e-07, 6.7892210609e-07, 1.70266588384e-07, 8.04444155733e-08, 8.05538547866e-07, 1.48888830154e-06, 2.54109266962e-07, 6.82224410298e-08, 2.67722732872e-08, 3.79205502554e-08, 1.80610388867e-08, 2.38749073844e-08, 1.61545212762e-08, 1.81350756634e-08, 6.92002322111e-09, 2.28251528789e-09, 2.66378386016e-09, 1.09248265989e-09, 8.7557927575e-10, 6.83633871734e-10, 2.31974300879e-10, 8.11720968219e-11, 2.00330030342e-10, 1.73288453031e-10, 1.92551079248e-11, 9.80436912212e-12, 5.07203740813e-12, 6.68239378762e-12, 8.68180787678e-12, 1.78485629054e-11, 2.39871265212e-11, 4.33116077725e-11, 8.96330509814e-11, 9.04490649045e-11, 7.57792786854e-11]
    },
    "mfcc": {
        "mean": [-644.975769043, 123.975296021, -10.4252548218, 14.3711595535, 0.985612511635, 0.242560490966, 5.58712387085, 5.80961036682, 2.91290783882, 5.45690870285, -5.27724838257, 0.370258837938, -1.99210953712],
        "cov": [[5455.68115234, -413.690246582, 641.132019043, 564.20324707, 404.952789307, 120.935783386, 222.588684082, 77.659034729, 91.037109375, 222.049942017, 76.3057937622, 218.489685059, 159.658828735], [-413.690246582, 1003.01934814, 63.6802749634, 183.347976685, 83.5616989136, 114.879104614, 61.5491256714, 46.3186683655, -0.348303288221, 15.7917490005, 48.4959564209, 19.0329723358, 24.5935935974], [641.132019043, 63.6802749634, 648.599182129, 263.363861084, 224.780822754, 132.740615845, 30.9347648621, 34.5549507141, 33.2100563049, 30.4468326569, 57.6506538391, 89.6047286987, 58.7157173157], [564.20324707, 183.347976685, 263.363861084, 430.565734863, 246.069595337, 104.234382629, 18.1092166901, 60.8387985229, 54.9179840088, 35.0293197632, 45.7038497925, 97.6022796631, 73.9969406128], [404.952789307, 83.5616989136, 224.780822754, 246.069595337, 280.715637207, 86.0164260864, -12.5119724274, 47.3417739868, 61.1659011841, 4.95742034912, 30.5673103333, 60.6608047485, 55.9208068848], [120.935783386, 114.879104614, 132.740615845, 104.234382629, 86.0164260864, 199.663925171, 73.741027832, 45.9175682068, 45.3638191223, 29.0117473602, 60.7080116272, 8.75291538239, 28.1962490082], [222.588684082, 61.5491256714, 30.9347648621, 18.1092166901, -12.5119724274, 73.741027832, 196.08416748, 33.8979797363, -0.0472858957946, 76.1180267334, 30.3069038391, -3.76916766167, 2.07074284554], [77.659034729, 46.3186683655, 34.5549507141, 60.8387985229, 47.3417739868, 45.9175682068, 33.8979797363, 110.666664124, 58.2608451843, 12.4223918915, 28.4282894135, 14.3802862167, 17.5036945343], [91.037109375, -0.348303288221, 33.2100563049, 54.9179840088, 61.1659011841, 45.3638191223, -0.0472858957946, 58.2608451843, 117.092926025, 25.0987434387, 30.7217235565, 12.5270252228, 16.9233551025], [222.049942017, 15.7917490005, 30.4468326569, 35.0293197632, 4.95742034912, 29.0117473602, 76.1180267334, 12.4223918915, 25.0987434387, 110.585243225, 37.566028595, 11.3461790085, 7.50967359543], [76.3057937622, 48.4959564209, 57.6506538391, 45.7038497925, 30.5673103333, 60.7080116272, 30.3069038391, 28.4282894135, 30.7217235565, 37.566028595, 95.0600891113, 31.8145027161, 17.2151641846], [218.489685059, 19.0329723358, 89.6047286987, 97.6022796631, 60.6608047485, 8.75291538239, -3.76916766167, 14.3802862167, 12.5270252228, 11.3461790085, 31.8145027161, 111.970603943, 52.0278053284], [159.658828735, 24.5935935974, 58.7157173157, 73.9969406128, 55.9208068848, 28.1962490082, 2.07074284554, 17.5036945343, 16.9233551025, 7.50967359543, 17.2151641846, 52.0278053284, 86.7774734497]],
