{
"lowlevel": {
    "average_loudness": 0.941393971443,
    "barkbands_crest": {
        "dmean": 2.91251921654,
        "dmean2": 4.2772436142,
        "dvar": 6.9101896286,
        "dvar2": 13.059551239,
        "max": 26.4157485962,
        "mean": 11.0192689896,
        "median": 9.69296741486,
        "min": 2.11067461967,
        "var": 31.9591464996
    },
    "barkbands_flatness_db": {
        "dmean": 0.0208330079913,
        "dmean2": 0.027798788622,
        "dvar": 0.000382990401704,
        "dvar2": 0.000669732922688,
        "max": 0.323839813471,
        "mean": 0.102435640991,
        "median": 0.0926031768322,
        "min": 0.0136694107205,
        "var": 0.00288108643144
    },
    "barkbands_kurtosis": {
        "dmean": 2.12124085426,
        "dmean2": 3.09012031555,
        "dvar": 24.8142032623,
        "dvar2": 44.8348350525,
        "max": 186.282287598,
        "mean": 2.6850028038,
        "median": 0.55636703968,
        "min": -1.9419605732,
        "var": 68.0046920776
    },
    "barkbands_skewness": {
        "dmean": 0.511445820332,
        "dmean2": 0.726741015911,
        "dvar": 0.297521919012,
        "dvar2": 0.53632414341,
        "max": 12.9027690887,
        "mean": 1.14323043823,
        "median": 0.912947595119,
        "min": -3.08007931709,
        "var": 1.63719272614
    },
    "barkbands_spread": {
        "dmean": 6.95542907715,
        "dmean2": 10.1570749283,
        "dvar": 66.4189376831,
        "dvar2": 138.968994141,
        "max": 116.13368988,
        "mean": 31.359664917,
        "median": 28.9392776489,
        "min": 1.43511343002,
        "var": 324.323608398
    },
    "dissonance": {
        "dmean": 0.0165260694921,
        "dmean2": 0.0282834768295,
        "dvar": 0.000306409521727,
        "dvar2": 0.000870088930242,
        "max": 0.500000059605,
        "mean": 0.474936455488,
        "median": 0.481334030628,
        "min": 0.307213306427,
        "var": 0.000502234615851
    },
    "dynamic_complexity": 3.10670042038,
    "erbbands_crest": {
        "dmean": 2.83183526993,
        "dmean2": 4.50094938278,
        "dvar": 8.09875488281,
        "dvar2": 18.2864379883,
        "max": 31.6670188904,
        "mean": 9.70939731598,
        "median": 8.3083152771,
        "min": 2.08334422112,
        "var": 31.7156467438
    },
    "erbbands_flatness_db": {
        "dmean": 0.0169741697609,
        "dmean2": 0.0249718390405,
        "dvar": 0.000271754572168,
        "dvar2": 0.00054329703562,
        "max": 0.409825593233,
        "mean": 0.139554664493,
        "median": 0.126121133566,
        "min": 0.0449423342943,
        "var": 0.00356183596887
    },
    "erbbands_kurtosis": {
        "dmean": 1.11034882069,
        "dmean2": 1.71602880955,
        "dvar": 2.44244432449,
        "dvar2": 5.45008945465,
        "max": 25.5487194061,
        "mean": 1.238068223,
        "median": 0.319978356361,
        "min": -1.76447796822,
        "var": 7.52712440491
    },
    "erbbands_skewness": {
        "dmean": 0.347913831472,
        "dmean2": 0.530739605427,
        "dvar": 0.105871349573,
        "dvar2": 0.226323157549,
        "max": 3.9075422287,
        "mean": 0.225325807929,
        "median": 0.162899926305,
        "min": -3.08397722244,
        "var": 0.750675141811
    },
    "erbbands_spread": {
        "dmean": 7.78212928772,
        "dmean2": 11.6049747467,
        "dvar": 67.7309265137,
        "dvar2": 146.809707642,
        "max": 148.383041382,
        "mean": 37.5018692017,
        "median": 34.5505065918,
        "min": 2.53210234642,
        "var": 456.106994629
    },
    "hfc": {
        "dmean": 10.6805143356,
        "dmean2": 15.6624383926,
        "dvar": 210.554046631,
        "dvar2": 469.469390869,
        "max": 285.979431152,
        "mean": 34.6356239319,
        "median": 30.8836135864,
        "min": 1.22114278316e-16,
        "var": 669.834716797
    },
    "melbands_crest": {
        "dmean": 4.11190271378,
        "dmean2": 6.23858976364,
        "dvar": 13.0691337585,
        "dvar2": 27.5433578491,
        "max": 34.5022315979,
        "mean": 15.6386899948,
        "median": 13.8706588745,
        "min": 2.37202239037,
        "var": 52.8289642334
    },
    "melbands_flatness_db": {
        "dmean": 0.0263352710754,
        "dmean2": 0.0355879552662,
        "dvar": 0.000640166399535,
        "dvar2": 0.0010983760003,
        "max": 0.427925944328,
        "mean": 0.156876474619,
        "median": 0.148559570312,
        "min": 0.00878224801272,
        "var": 0.00385232246481
    },
    "melbands_kurtosis": {
        "dmean": 6.66604471207,
        "dmean2": 9.44267082214,
        "dvar": 206.7290802,
        "dvar2": 375.291595459,
        "max": 452.84753418,
        "mean": 12.7407741547,
        "median": 4.61368370056,
        "min": -1.75781822205,
        "var": 669.294799805
    },
    "melbands_skewness": {
        "dmean": 0.748028635979,
        "dmean2": 1.04594135284,
        "dvar": 0.689995110035,
        "dvar2": 1.22683346272,
        "max": 18.0303401947,
        "mean": 2.38121533394,
        "median": 1.86446726322,
        "min": -1.79486894608,
        "var": 4.60640954971
    },
    "melbands_spread": {
        "dmean": 9.71777248383,
        "dmean2": 14.6784648895,
        "dvar": 162.686721802,
        "dvar2": 362.208374023,
        "max": 211.229476929,
        "mean": 33.6923294067,
        "median": 29.3329200745,
        "min": 0.825463831425,
        "var": 525.043640137
    },
    "pitch_salience": {
        "dmean": 0.0807975158095,
        "dmean2": 0.11713565141,
        "dvar": 0.00564875872806,
        "dvar2": 0.0110960900784,
        "max": 0.849592864513,
        "mean": 0.524041116238,
        "median": 0.550972700119,
        "min": 0.0485841110349,
        "var": 0.0247603319585
    },
    "silence_rate_20dB": {
        "dmean": 0,
        "dmean2": 0,
        "dvar": 0,
        "dvar2": 0,
        "max": 1,
        "mean": 1,
        "median": 1,
        "min": 1,
        "var": 0
    },
    "silence_rate_30dB": {
        "dmean": 0.000245489150984,
        "dmean2": 0.000491038546897,
        "dvar": 0.000245431961957,
        "dvar2": 0.000736329064239,
        "max": 1,
        "mean": 0.999877274036,
        "median": 1,
        "min": 0,
        "var": 0.00012271363812
    },
    "silence_rate_60dB": {
        "dmean": 0.00810114108026,
        "dmean2": 0.0162042714655,
        "dvar": 0.00803487189114,
        "dvar2": 0.0186398830265,
        "max": 1,
        "mean": 0.0629602372646,
        "median": 0,
        "min": 0,
        "var": 0.0589994378388
    },
    "spectral_centroid": {
        "dmean": 258.246673584,
        "dmean2": 393.237915039,
        "dvar": 91481.8359375,
        "dvar2": 188143.375,
        "max": 10551.8154297,
        "mean": 1871.48730469,
        "median": 1832.25,
        "min": 440.597045898,
        "var": 337846.15625
    },
    "spectral_complexity": {
        "dmean": 4.36356925964,
        "dmean2": 6.66879463196,
        "dvar": 23.3833274841,
        "dvar2": 50.7393264771,
        "max": 60,
        "mean": 21.9134750366,
        "median": 22,
        "min": 0,
        "var": 118.602760315
    },
    "spectral_decrease": {
        "dmean": 2.12326267679e-09,
        "dmean2": 3.05725955663e-09,
        "dvar": 5.20618378554e-18,
        "dvar2": 1.05853219382e-17,
        "max": 9.53521656194e-29,
        "mean": -7.36797822753e-09,
        "median": -6.53977005882e-09,
        "min": -3.0860956457e-08,
        "var": 2.61959398055e-17
    },
    "spectral_energy": {
        "dmean": 0.00860282685608,
        "dmean2": 0.0125606246293,
        "dvar": 8.46814873512e-05,
        "dvar2": 0.000175620109076,
        "max": 0.120308406651,
        "mean": 0.0309500209987,
        "median": 0.0288253948092,
        "min": 1.07162355033e-20,
        "var": 0.00041292316746
    },
    "spectral_energyband_high": {
        "dmean": 0.000769971986301,
        "dmean2": 0.00113379664253,
        "dvar": 1.85550209153e-06,
        "dvar2": 4.1846124077e-06,
        "max": 0.032472550869,
        "mean": 0.00186838698573,
        "median": 0.00128348218277,
        "min": 7.8180902894e-21,
        "var": 4.7078665375e-06
    },
    "spectral_energyband_low": {
        "dmean": 0.00544891925529,
        "dmean2": 0.00704686064273,
        "dvar": 5.47614326933e-05,
        "dvar2": 8.80305087776e-05,
        "max": 0.113646261394,
        "mean": 0.0127756819129,
        "median": 0.00425465963781,
        "min": 1.38949849405e-23,
        "var": 0.000284567533527
    },
    "spectral_energyband_middle_high": {
        "dmean": 0.00336123816669,
        "dmean2": 0.00493773305789,
        "dvar": 2.308657713e-05,
        "dvar2": 4.84227821289e-05,
        "max": 0.081866890192,
        "mean": 0.0102847926319,
        "median": 0.00580298015848,
        "min": 1.61863049616e-21,
        "var": 0.000116508024803
    },
    "spectral_energyband_middle_low": {
        "dmean": 0.00398174626753,
        "dmean2": 0.00623737322167,
        "dvar": 4.36387017544e-05,
        "dvar2": 9.92733039311e-05,
        "max": 0.0703066289425,
        "mean": 0.00669405749068,
        "median": 0.00407436769456,
        "min": 1.71189960357e-22,
        "var": 6.19522397756e-05
    },
    "spectral_entropy": {
        "dmean": 0.128909513354,
        "dmean2": 0.190206512809,
        "dvar": 0.0177929066122,
        "dvar2": 0.035597987473,
        "max": 9.79663181305,
        "mean": 7.94485855103,
        "median": 7.97728443146,
        "min": 6.30637025833,
        "var": 0.128528729081
    },
    "spectral_flux": {
        "dmean": 0.0239879973233,
        "dmean2": 0.0341852046549,
        "dvar": 0.000529480457772,
        "dvar2": 0.00106800475623,
        "max": 0.26510477066,
        "mean": 0.0989057272673,
        "median": 0.0926197394729,
        "min": 1.03519248729e-10,
        "var": 0.00234507373534
    },
    "spectral_kurtosis": {
        "dmean": 0.856545329094,
        "dmean2": 1.36219108105,
        "dvar": 0.981227517128,
        "dvar2": 2.68040156364,
        "max": 16.9529037476,
        "mean": 3.35688281059,
        "median": 2.92682647705,
        "min": -1.22159862518,
        "var": 4.51691150665
    },
    "spectral_rms": {
        "dmean": 0.000776548346039,
        "dmean2": 0.00112969090696,
        "dvar": 6.39349252651e-07,
        "dvar2": 1.26567965708e-06,
        "max": 0.0108339302242,
        "mean": 0.00509167835116,
        "median": 0.00530304946005,
        "min": 3.23339835809e-12,
        "var": 4.26994984082e-06
    },
    "spectral_rolloff": {
        "dmean": 792.692932129,
        "dmean2": 1238.72436523,
        "dvar": 1687097.25,
        "dvar2": 3418637,
        "max": 18992.2851562,
        "mean": 2383.12475586,
        "median": 1808.7890625,
        "min": 64.599609375,
        "var": 4414244
    },
    "spectral_skewness": {
        "dmean": 0.146296694875,
        "dmean2": 0.224496096373,
        "dvar": 0.019560823217,
        "dvar2": 0.0453041903675,
        "max": 3.45297718048,
        "mean": 1.44712257385,
        "median": 1.43596768379,
        "min": 0.0363893918693,
        "var": 0.131759107113
    },
    "spectral_spread": {
        "dmean": 594244.6875,
        "dmean2": 855028.25,
        "dvar": 637696278528,
        "dvar2": 1.03110377472e+12,
        "max": 40462220,
        "mean": 5778727.5,
        "median": 5658419,
        "min": 1898177.625,
        "var": 3.08440911053e+12
    },
    "spectral_strongpeak": {
        "dmean": 0.777685046196,
        "dmean2": 1.2492197752,
        "dvar": 1.71627616882,
        "dvar2": 3.91309452057,
        "max": 14.6637392044,
        "mean": 1.50623750687,
        "median": 0.552625775337,
        "min": 0,
        "var": 4.35983562469
    },
    "zerocrossingrate": {
        "dmean": 0.0157032739371,
        "dmean2": 0.0163382999599,
        "dvar": 0.000346381653799,
        "dvar2": 0.000350044312654,
        "max": 0.59423828125,
        "mean": 0.0920320302248,
        "median": 0.08251953125,
        "min": 0.00439453125,
        "var": 0.00253454293124
    },
    "barkbands": {
        "dmean": [0.000331864692271, 0.00457781087607, 0.00255838385783, 0.00127080024686, 0.00163555273321, 0.000732343585696, 0.000444603385404, 0.000537630054168, 0.000708062085323, 0.00117421732284, 0.000778773974162, 0.000906956964172, 0.000525629438926, 0.000511936319526, 0.000563911104109, 0.000525125709828, 0.000280691019725, 0.000338923244271, 0.000249382253969, 0.000149895902723, 0.000125386213767, 0.000161540781846, 0.000166852565599, 0.000152546956087, 0.000158101713168, 8.35523533169e-05, 2.08333331102e-05],
        "dmean2": [0.000543938542251, 0.00560381356627, 0.00396619737148, 0.00221744575538, 0.0027667330578, 0.00125001941342, 0.000699900556356, 0.00088554766262, 0.00114663876593, 0.0018528229557, 0.00122751249, 0.00139727606438, 0.000826217932627, 0.000795990577899, 0.000855629215948, 0.000785099051427, 0.000446701073088, 0.000522983435076, 0.000408408115618, 0.000246897398029, 0.000203607269214, 0.000259921158431, 0.000264484115178, 0.000233095779549, 0.000238667125814, 0.000114369955554, 2.90616953862e-05],
        "dvar": [1.98639938276e-07, 5.05575044372e-05, 3.13253440254e-05, 1.07563982965e-05, 1.20564300232e-05, 2.16934017772e-06, 9.86307441053e-07, 3.14514454658e-06, 2.94401547762e-06, 7.33668002795e-06, 4.44165516456e-06, 5.78151184527e-06, 1.96488008442e-06, 1.24709606553e-06, 2.00634144676e-06, 2.02730984711e-06, 4.10609999335e-07, 4.32323162158e-07, 1.95615342591e-07, 5.72916540875e-08, 3.74020920901e-08, 7.35983434197e-08, 1.2578269093e-07, 1.30750422045e-07, 1.54845253064e-07, 2.59145291892e-08, 1.82842907481e-09],
        "dvar2": [5.56562042675e-07, 7.03799014445e-05, 7.05615166225e-05, 2.84965917672e-05, 3.19360442518e-05, 5.8682130657e-06, 2.15273757931e-06, 8.20789955469e-06, 7.26130110706e-06, 1.68628030224e-05, 1.01632231235e-05, 1.30726712086e-05, 4.67147265226e-06, 2.45833825829e-06, 4.05268019676e-06, 3.83831502404e-06, 9.21466721593e-07, 9.73689111561e-07, 4.82175153138e-07, 1.4048826813e-07, 9.71555067508e-08, 1.80038583153e-07, 3.06223341795e-07, 3.00239292983e-07, 3.50464404164e-07, 4.88313816049e-08, 4.09306100124e-09],
        "max": [0.0044848904945, 0.0988912880421, 0.0506339631975, 0.0327265672386, 0.054892487824, 0.0229071434587, 0.0214119814336, 0.0476242005825, 0.0454142726958, 0.0553463585675, 0.0467343367636, 0.0514598451555, 0.0274461489171, 0.0292487032712, 0.0269314106554, 0.0367083959281, 0.0184283945709, 0.0166424382478, 0.0073663033545, 0.00432226946577, 0.0039856126532, 0.00567777594551, 0.011026901193, 0.0111322971061, 0.0103278122842, 0.0058079357259, 0.000759993679821],
        "mean": [0.000414087233366, 0.00934424437582, 0.00250849616714, 0.00103345094249, 0.00199828785844, 0.000892205396667, 0.000634971424006, 0.000624495558441, 0.00115653907415, 0.0020829399582, 0.00115148129407, 0.00182584288996, 0.000849687552545, 0.000901958439499, 0.000951205613092, 0.000953653361648, 0.000520981790032, 0.00064259552164, 0.00044928889838, 0.000293937249808, 0.00028062085039, 0.000312741904054, 0.000305483641569, 0.000301343214232, 0.000318451988278, 0.000168509606738, 3.25105902448e-05],
        "median": [0.00020518299425, 0.00217144424096, 0.000399107288104, 0.000232870399486, 0.000880217645317, 0.000346192391589, 0.000230931997066, 0.000197082728846, 0.00032144098077, 0.000513599254191, 0.000312261341605, 0.000334122974891, 0.000259523745626, 0.00029374397127, 0.000286362192128, 0.000286817754386, 0.000222583767027, 0.000329135073116, 0.000271155964583, 0.00018247848493, 0.00018863772857, 0.000194138265215, 0.000177536276169, 0.000175439956365, 0.000171408231836, 7.75133521529e-05, 1.13548112495e-05],
        "min": [3.61371500883e-24, 9.11175602956e-24, 3.67611785074e-24, 5.95858906124e-24, 3.16394407045e-23, 5.32388404091e-23, 1.12151211047e-23, 2.06738292044e-23, 4.1256756389e-23, 2.98571798832e-23, 3.59386285084e-23, 6.31663772222e-23, 9.37429098985e-23, 5.19176940303e-23, 1.23852979655e-22, 2.41797378509e-22, 1.72410940334e-22, 3.80446990609e-22, 3.00290139831e-22, 2.64645668088e-22, 3.63162076299e-22, 4.25222634615e-22, 5.94292465025e-22, 1.0014590454e-21, 1.07557410516e-21, 2.19367934942e-21, 2.3358572776e-21],
        "var": [2.81107759292e-07, 0.000226564836339, 3.32705567416e-05, 7.69748203311e-06, 1.13777186925e-05, 2.37658377955e-06, 1.75041566308e-06, 2.99682892546e-06, 9.33152296057e-06, 2.27546606766e-05, 7.07886374585e-06, 2.11506812775e-05, 3.90162540498e-06, 3.65390314983e-06, 4.77965659229e-06, 5.36948300578e-06, 1.33951868975e-06, 1.08333506432e-06, 3.22553574961e-07, 1.16972593389e-07, 1.03456443412e-07, 1.38502869618e-07, 2.12922500964e-07, 2.29859693945e-07, 3.04140257867e-07, 6.8525743302e-08, 2.83228507314e-09]
    },
    "erbbands": {
        "dmean": [0.168712288141, 1.01818084717, 2.66170811653, 3.31449723244, 4.19280576706, 6.66903495789, 7.00052928925, 5.66789388657, 5.04975700378, 9.91448020935, 10.6351690292, 14.4222421646, 23.5537242889, 44.6553688049, 30.6309814453, 32.7402153015, 24.2112884521, 22.0841026306, 29.5354690552, 22.0589485168, 28.7684078217, 13.5350170135, 15.6731958389, 17.2503376007, 8.39768886566, 7.71890544891, 5.09648990631, 5.11217498779, 5.59730863571, 5.5943365097, 4.85565471649, 3.44239449501, 2.51644420624, 1.91047513485, 1.09709525108, 0.427854835987, 0.155283510685, 0.0338808186352, 0.00345955812372, 9.16033532121e-05],
        "dmean2": [0.211423411965, 1.22978556156, 3.84361886978, 5.2251162529, 7.34095096588, 11.4336719513, 12.1471910477, 9.52858924866, 8.04120635986, 15.64108181, 17.6233921051, 23.3698749542, 36.8544845581, 69.8652801514, 47.3953933716, 49.1696891785, 37.5246734619, 33.7706031799, 44.1743164062, 33.644077301, 42.4958763123, 20.5435638428, 23.9496536255, 27.643201828, 13.6185102463, 12.6985378265, 8.30238628387, 8.17752552032, 8.95471382141, 9.04261398315, 7.7546043396, 5.3146853447, 3.8484556675, 2.97881889343, 1.67304372787, 0.619040548801, 0.218445762992, 0.0476955994964, 0.00477157346904, 0.00012982172484],
        "dvar": [0.0701776146889, 2.84156632423, 28.900680542, 57.1108436584, 96.8090362549, 229.005523682, 268.701141357, 126.847145081, 125.506210327, 797.552185059, 1140.21533203, 1611.42443848, 2437.86621094, 13486.5810547, 4496.74511719, 8332.0859375, 4298.84814453, 2484.79614258, 5362.91015625, 3198.45141602, 7405.89453125, 891.10559082, 1068.7409668, 934.902648926, 186.251831055, 161.094818115, 64.5819015503, 65.560546875, 80.067024231, 127.149505615, 104.260017395, 64.4009552002, 38.4415893555, 22.8379955292, 7.2373046875, 0.822448670864, 0.0866791903973, 0.00476360460743, 4.4137443183e-05, 2.83632139997e-08],
        "dvar2": [0.0801876932383, 4.12372398376, 59.1137504578, 137.278930664, 264.888824463, 619.195922852, 739.981689453, 327.976867676, 279.565917969, 1828.85754395, 3045.81835938, 3902.70532227, 5773.92626953, 30528.6445312, 10509.7783203, 16365.6044922, 10215.1542969, 4735.68505859, 10288.6142578, 6781.78466797, 13592.5996094, 1708.11828613, 2488.80249023, 2233.53637695, 480.419281006, 399.026885986, 169.26524353, 166.810089111, 190.720748901, 315.678619385, 254.596572876, 149.653656006, 87.8644332886, 52.5446548462, 16.167886734, 1.61929225922, 0.170027107, 0.0103340735659, 9.6484181995e-05, 5.99910450205e-08],
        "max": [2.64440011978, 26.6228466034, 52.7264022827, 91.4295578003, 98.0360336304, 254.14503479, 225.430007935, 268.412078857, 368.175140381, 566.231994629, 1104.31982422, 1400.55224609, 1365.83666992, 2377.46118164, 1549.10559082, 2405.3815918, 1535.11413574, 1685.16943359, 1531.46166992, 1647.79528809, 2366.859375, 1116.15783691, 851.401672363, 752.344665527, 368.808258057, 229.522384644, 218.626785278, 167.637588501, 144.913330078, 299.208343506, 305.63458252, 243.779678345, 170.841186523, 124.761863708, 66.2240371704, 29.2665195465, 9.84878540039, 1.1969332695, 0.143185451627, 0.00402465788648],
        "mean": [0.306459128857, 1.93896079063, 3.12314796448, 3.27409291267, 4.2470035553, 7.82009744644, 7.47575855255, 7.20744276047, 7.62655830383, 12.8235759735, 14.0841398239, 24.3894500732, 40.4113845825, 81.0497283936, 60.0360374451, 64.5136795044, 42.0505256653, 40.1697998047, 58.1342544556, 41.9592971802, 54.9811058044, 30.593788147, 33.6623764038, 31.4123020172, 17.6399707794, 14.9967575073, 11.631231308, 10.8941116333, 11.0729446411, 10.0193033218, 8.81110191345, 6.57884263992, 4.85945606232, 3.74797034264, 2.1083483696, 0.86172991991, 0.298277407885, 0.0598852001131, 0.00565339857712, 0.00017440605734],
        "median": [0.072870567441, 0.39317548275, 0.705113828182, 0.8122433424, 1.65749180317, 2.94652462006, 2.95159912109, 2.73037242889, 3.17413687706, 3.8717045784, 5.30644130707, 7.34798812866, 14.6342277527, 20.8371429443, 18.2588157654, 15.2951164246, 14.2805843353, 15.8971424103, 17.201084137, 16.4321060181, 18.2695732117, 14.1092834473, 16.8966331482, 17.3109169006, 12.4123630524, 9.31511211395, 7.87181138992, 6.92157554626, 6.78591489792, 5.8727684021, 5.28326749802, 3.93134403229, 2.64347696304, 2.08423614502, 1.02754378319, 0.408420145512, 0.134355038404, 0.0242541730404, 0.0021060842555, 9.35659772949e-05],
        "min": [2.39606364676e-22, 2.25851649617e-21, 3.41562302358e-21, 1.1023892569e-20, 7.47179128752e-20, 8.783647394e-20, 1.73891756603e-19, 5.6764437186e-19, 1.82340023617e-19, 3.86191732094e-19, 4.80444490949e-19, 9.16813283344e-19, 8.77560771544e-19, 9.80310665693e-19, 1.7953080452e-18, 3.29991297669e-18, 3.87980959948e-18, 2.3960252176e-18, 6.0847550616e-18, 9.87254288589e-18, 1.19500152661e-17, 1.15915193245e-17, 2.08723311146e-17, 1.76323721887e-17, 1.30137769785e-17, 1.3841974196e-17, 1.07263446521e-17, 1.57335046464e-17, 1.70656244289e-17, 1.81448138869e-17, 1.66730163861e-17, 1.92032824705e-17, 1.63880129604e-17, 1.09198734826e-17, 8.46069943585e-18, 7.59926196541e-18, 4.05464745683e-18, 1.61825086226e-18, 2.56314630701e-19, 3.66860676275e-20],
        "var": [0.276129841805, 10.6688518524, 39.8857078552, 54.3287811279, 71.0040054321, 216.691635132, 213.36605835, 164.023452759, 220.416992188, 1154.87719727, 1249.67370605, 5185.8359375, 6488.39453125, 38491.1328125, 12362.1005859, 25499.1074219, 8654.59765625, 7062.40869141, 16557.8808594, 7872.41699219, 19724.1503906, 3961.58789062, 3272.42773438, 1779.90942383, 333.96572876, 316.15914917, 179.695648193, 171.744506836, 170.146133423, 201.877716064, 172.816711426, 109.605430603, 65.353515625, 41.3072624207, 14.4957485199, 2.06749534607, 0.211878940463, 0.00869725644588, 7.78996327426e-05, 5.51229888401e-08]
    },
    "gfcc": {
        "mean": [29.8010292053, 42.3543205261, -118.733764648, 21.6298809052, -51.4473686218, 24.2237033844, -33.5249443054, 13.421049118, -27.2650184631, 1.18997263908, -17.5031414032, 6.72427463531, -9.35081291199],
        "cov": [[7954.15087891, -504.976623535, 1981.39123535, 920.994140625, 647.077148438, 474.624145508, 43.6380119324, 204.128387451, 113.137168884, 368.985961914, 86.9918670654, 245.641555786, -59.7547225952], [-504.976623535, 775.976745605, -73.6630706787, 167.064376831, 105.018760681, 27.3789215088, 114.711929321, 16.5928630829, 47.6674423218, -37.7055740356, 40.3958511353, -16.3823661804, 58.5697097778], [1981.39123535, -73.6630706787, 1372.48974609, 648.182922363, 285.304473877, 229.227996826, 42.2169952393, 81.5561828613, 128.526794434, 182.875366211, 51.3583946228, 127.556602478, -24.4624214172], [920.994140625, 167.064376831, 648.182922363, 682.886291504, 284.533325195, 177.821411133, 89.4317550659, 90.5786132812, 150.158187866, 130.493774414, 66.2546844482, 86.7998733521, 32.8630943298], [647.077148438, 105.018760681, 285.304473877, 284.533325195, 415.996154785, 215.085098267, 109.007049561, 91.4087600708, 56.0062026978, 84.577507019, 53.4021759033, 52.7906951904, 31.7712135315], [474.624145508, 27.3789215088, 229.227996826, 177.821411133, 215.085098267, 318.587615967, 181.319290161, 67.2719726562, 38.6507492065, 81.60181427, 69.3627548218, 45.2382659912, 20.2345809937], [43.6380119324, 114.711929321, 42.2169952393, 89.4317550659, 109.007049561, 181.319290161, 224.089523315, 68.4129333496, 31.0056400299, 34.2170448303, 34.2847137451, 7.0287322998, 6.99191713333], [204.128387451, 16.5928630829, 81.5561828613, 90.5786132812, 91.4087600708, 67.2719726562, 68.4129333496, 142.361999512, 85.0135803223, 35.7027931213, 28.6629486084, 21.7345523834, 25.7769889832], [113.137168884, 47.6674423218, 128.526794434, 150.158187866, 56.0062026978, 38.6507492065, 31.0056400299, 85.0135803223, 152.912811279, 64.4765014648, 28.8390922546, 29.8432350159, 18.525598526], [368.985961914, -37.7055740356, 182.875366211, 130.493774414, 84.577507019, 81.60181427, 34.2170448303, 35.7027931213, 64.4765014648, 127.118331909, 70.736366272, 36.8409538269, 5.249127388], [86.9918670654, 40.3958511353, 51.3583946228, 66.2546844482, 53.4021759033, 69.3627548218, 34.2847137451, 28.6629486084, 28.8390922546, 70.736366272, 119.188354492, 54.3572120667, 26.7560710907], [245.641555786, -16.3823661804, 127.556602478, 86.7998733521, 52.7906951904, 45.2382659912, 7.0287322998, 21.7345523834, 29.8432350159, 36.8409538269, 54.3572120667, 85.2759933472, 37.2173271179], [-59.7547225952, 58.5697097778, -24.4624214172, 32.8630943298, 31.7712135315, 20.2345809937, 6.99191713333, 25.7769889832, 18.525598526, 5.249127388, 26.7560710907, 37.2173271179, 86.7738494873]],
        "icov": [[0.000234604623984, 3.76601747121e-05, -0.000219267225475, -2.81403372355e-05, -8.82508684299e-05, -0.000139037743793, 0.00021662596555, -0.000379055301892, 0.000427930470323, -0.000442475109594, 0.000362752209185, -0.000399193610065, 0.000239628381678], [3.76601747121e-05, 0.00230863853358, -8.81576997926e-05, -0.000641737598926, -0.000886027351953, 0.00128174806014, -0.00186538218986, 0.00169347331394, -0.00154914066661, 0.00276096211746, -0.00265312986448, 0.0025087762624, -0.00173560355324], [-0.000219267225475, -8.81576997926e-05, 0.00207862630486, -0.00148981786333, 0.000413396744989, -0.000880787963979, 0.000840357039124, -0.000424374069553, 0.000479316368001, -0.00122229079716, 0.00147760799155, -0.00197992590256, 0.00153629144188], [-2.81403372355e-05, -0.000641737598926, -0.00148981786333, 0.00415058480576, -0.00138622592203, 0.000355024501914, -0.00053688447224, 0.000960951496381, -0.00230865553021, -0.000366652850062, -2.64274603978e-05, -0.000252749130595, -0.000763956457376], [-8.82508684299e-05, -0.000886027351953, 0.000413396744989, -0.00138622592203, 0.00530826486647, -0.00313874590211, 0.0015168589307, -0.00280956807546, 0.00222166953608, -0.00212475960143, 0.00192524539307, -0.00138616503682, 0.000334659474902], [-0.000139037743793, 0.00128174806014, -0.000880787963979, 0.000355024501914, -0.00313874590211, 0.010195706971, -0.00746300304309, 0.0022060549818, -0.000625854707323, 0.000517112785019, -0.00329720880836, 0.00116271025036, -0.00200561247766], [0.00021662596555, -0.00186538218986, 0.000840357039124, -0.00053688447224, 0.0015168589307, -0.00746300304309, 0.0118601191789, -0.00506127858534, 0.00228349561803, -0.00215477100573, 0.00242992467247, -0.00105515529867, 0.00292738410644], [-0.000379055301892, 0.00169347331394, -0.000424374069553, 0.000960951496381, -0.00280956807546, 0.0022060549818, -0.00506127858534, 0.0157488789409, -0.00963316950947, 0.0050576897338, -0.0045385370031, 0.00395373208448, -0.00418957602233], [0.000427930470323, -0.00154914066661, 0.000479316368001, -0.00230865553021, 0.00222166953608, -0.000625854707323, 0.00228349561803, -0.00963316950947, 0.0162890832871, -0.0090273283422, 0.00550621328875, -0.00475682644174, 0.00177078216802], [-0.000442475109594, 0.00276096211746, -0.00122229079716, -0.000366652850062, -0.00212475960143, 0.000517112785019, -0.00215477100573, 0.0050576897338, -0.0090273283422, 0.0228321645409, -0.0139652760699, 0.00657544843853, -0.00101343821734], [0.000362752209185, -0.00265312986448, 0.00147760799155, -2.64274603978e-05, 0.00192524539307, -0.00329720880836, 0.00242992467247, -0.0045385370031, 0.00550621328875, -0.0139652760699, 0.0224075559527, -0.0133473090827, 0.00216823862866], [-0.000399193610065, 0.0025087762624, -0.00197992590256, -0.000252749130595, -0.00138616503682, 0.00116271025036, -0.00105515529867, 0.00395373208448, -0.00475682644174, 0.00657544843853, -0.0133473090827, 0.0278011970222, -0.0104743679985], [0.000239628381678, -0.00173560355324, 0.00153629144188, -0.000763956457376, 0.000334659474902, -0.00200561247766, 0.00292738410644, -0.00418957602233, 0.00177078216802, -0.00101343821734, 0.00216823862866, -0.0104743679985, 0.0184441078454]]
    },
    "melbands": {
        "dmean": [0.00136116566136, 0.00119820202235, 0.000572378048673, 0.000366664113244, 0.00026320584584, 0.000127396400785, 8.12738653622e-05, 0.000112491397886, 8.57367413118e-05, 9.87972453004e-05, 0.000121357872558, 0.000186472330824, 0.000105068589619, 0.000118613934319, 5.45601142221e-05, 5.5133987189e-05, 4.30269174103e-05, 5.04369527334e-05, 3.75484814867e-05, 2.95914087474e-05, 3.75385716325e-05, 1.4718840248e-05, 1.78686386789e-05, 1.60776362463e-05, 1.54051758727e-05, 7.765220289e-06, 5.46944283997e-06, 5.36979814569e-06, 3.56720988748e-06, 3.15368788506e-06, 3.23500603372e-06, 3.10039968099e-06, 3.77705555366e-06, 3.17735998578e-06, 3.10546806759e-06, 2.50314042205e-06, 2.05214882953e-06, 1.76646040018e-06, 1.95614461518e-06, 1.60510251135e-06],
        "dmean2": [0.0016071597347, 0.00154503795784, 0.000896327430382, 0.00062391202664, 0.000455679313745, 0.000214860090637, 0.000128280269564, 0.000178462825716, 0.000141674201586, 0.00015978171723, 0.000189772224985, 0.000293347227853, 0.000162987038493, 0.00018197465397, 8.16574756755e-05, 8.54893660289e-05, 6.6042142862e-05, 7.60308103054e-05, 5.65460504731e-05, 4.55853332824e-05, 5.51015909878e-05, 2.26063984883e-05, 2.79424293694e-05, 2.43633367063e-05, 2.5022913178e-05, 1.26976319734e-05, 9.05845809029e-06, 8.86485395313e-06, 5.85659790886e-06, 5.21679294252e-06, 5.17014314028e-06, 4.93159541293e-06, 6.30885779174e-06, 5.11086318511e-06, 5.01098747918e-06, 4.02259502152e-06, 3.18058869198e-06, 2.72730994766e-06, 3.14229964715e-06, 2.50596121987e-06],
        "dvar": [4.14874693888e-06, 4.13060615756e-06, 1.58838838615e-06, 5.98346673542e-07, 3.89178325122e-07, 6.23668583444e-08, 2.95096125313e-08, 1.11825443128e-07, 6.94596735684e-08, 6.4342884798e-08, 6.54580389892e-08, 2.31759187841e-07, 5.65898155003e-08, 1.04809160462e-07, 1.85050588186e-08, 2.34689423451e-08, 9.80000258721e-09, 1.57450710248e-08, 9.65390700713e-09, 5.83553294575e-09, 1.4374979429e-08, 1.31787902813e-09, 2.53422971497e-09, 9.87311343792e-10, 8.04716626668e-10, 1.76151912501e-10, 8.36856070552e-11, 7.90009099805e-11, 3.41027033002e-11, 2.62758148573e-11, 2.60878228742e-11, 2.31793542693e-11, 4.63820058749e-11, 4.41938638462e-11, 4.16675166592e-11, 3.13936758534e-11, 2.32065078959e-11, 1.84337961562e-11, 2.78107883944e-11, 1.58493791008e-11],
        "dvar2": [5.08843368152e-06, 7.26286771169e-06, 3.677863333e-06, 1.60872332344e-06, 1.05974731923e-06, 1.62373552826e-07, 6.50794973467e-08, 2.67458347025e-07, 1.84671009151e-07, 1.56026032982e-07, 1.53658305635e-07, 5.27259999217e-07, 1.30324835368e-07, 2.41431905579e-07, 3.75746971315e-08, 5.56452484091e-08, 1.83862951531e-08, 2.9795822698e-08, 2.01955767665e-08, 1.23579173561e-08, 2.49664680041e-08, 2.51446441446e-09, 6.01459371197e-09, 1.99083260988e-09, 1.92852267489e-09, 4.51107151633e-10, 2.10506140297e-10, 1.96013358322e-10, 9.15379300137e-11, 6.97084265311e-11, 6.66248028969e-11, 5.37853511728e-11, 1.19648221886e-10, 1.10049629132e-10, 1.02679517666e-10, 7.58967402814e-11, 5.31911736878e-11, 4.23567500518e-11, 6.9006932113e-11, 3.6106923007e-11],
        "max": [0.0263376273215, 0.027165805921, 0.0143497083336, 0.0126953069121, 0.00999437831342, 0.00534978788346, 0.00478829396889, 0.00797188468277, 0.00766230467707, 0.00789972301573, 0.00679456349462, 0.0100588984787, 0.00561067322269, 0.00760841788724, 0.00412624469027, 0.0032413918525, 0.00338927470148, 0.00274212821387, 0.00225380831398, 0.0019157390343, 0.00367949460633, 0.00161692709662, 0.00142197706737, 0.000787335215136, 0.000620146747679, 0.000355428870535, 0.000193199462956, 0.000196788969333, 0.000178074958967, 0.000109646134661, 9.79329415713e-05, 9.38055090955e-05, 0.000171401101397, 0.000172653060872, 0.000167592646903, 0.0001853662543, 0.000143852215842, 0.000110207249236, 0.00021660879429, 0.000106907747977],
        "mean": [0.00269147986546, 0.00198361929506, 0.00059832650004, 0.000439705472672, 0.000290549534839, 0.000160978728672, 0.000122570170788, 0.000140598247526, 0.000115888491564, 0.000164124881849, 0.000201061193366, 0.000333212228725, 0.00017992623907, 0.000242974056164, 9.13880357984e-05, 8.57686827658e-05, 7.13097761036e-05, 9.65134095168e-05, 6.28180787317e-05, 5.12176957272e-05, 6.64797116769e-05, 2.74135963991e-05, 3.50677510141e-05, 2.91201249638e-05, 2.54858168773e-05, 1.48145754792e-05, 1.00583592939e-05, 9.64973696682e-06, 7.44727685742e-06, 6.17870409769e-06, 6.37167931927e-06, 6.03512717134e-06, 6.29820624454e-06, 5.36232255399e-06, 5.30907573193e-06, 4.4112721298e-06, 3.77772857973e-06, 3.27722432303e-06, 3.46684100805e-06, 3.05949379253e-06],
        "median": [0.000654492527246, 0.000511482707225, 0.000164000637596, 0.000187876517884, 0.000115353861474, 6.03705266258e-05, 5.06108699483e-05, 4.32172964793e-05, 4.06088911404e-05, 4.5881170081e-05, 6.86591884005e-05, 7.71628547227e-05, 5.71350246901e-05, 4.04471429647e-05, 2.97908336506e-05, 2.72158504231e-05, 2.55173436017e-05, 2.41801735683e-05, 1.92921270354e-05, 1.72853688127e-05, 1.96582877834e-05, 1.19819087558e-05, 1.35066675284e-05, 1.46871170728e-05, 1.26708964672e-05, 9.81351968221e-06, 6.4383989411e-06, 5.57998191653e-06, 4.84446627524e-06, 3.69725512428e-06, 3.8404418774e-06, 3.57031058229e-06, 3.76823368242e-06, 2.93212315228e-06, 3.08658900394e-06, 2.59351804743e-06, 2.119531473e-06, 1.75633249455e-06, 1.80438041752e-06, 1.68316796589e-06],
        "min": [2.69019475823e-24, 2.21427201588e-24, 3.97822633389e-24, 5.90785899415e-24, 6.33580104688e-24, 1.17456095531e-23, 2.82667459737e-24, 4.72663879063e-24, 4.04860810942e-24, 6.008470314e-24, 4.41589464715e-24, 3.86540029178e-24, 5.25976913418e-24, 5.68000796016e-24, 1.26550533697e-23, 6.5040863772e-24, 3.69459533972e-24, 9.97877490668e-24, 8.16192884549e-24, 1.53938632589e-23, 1.36602767331e-23, 1.13698845702e-23, 1.33889006931e-23, 2.0286288663e-23, 1.42800042825e-23, 8.91004271837e-24, 9.6662108611e-24, 9.27581543201e-24, 5.35200669552e-24, 9.47383371872e-24, 8.29631603386e-24, 8.20642927801e-24, 9.97653138627e-24, 1.13802352142e-23, 9.54851439176e-24, 1.12587766672e-23, 1.1358412955e-23, 1.2593556929e-23, 8.67953835072e-24, 9.03935437567e-24],
        "var": [1.92560510186e-05, 1.038775099e-05, 1.61777393259e-06, 5.42862267139e-07, 3.22458362234e-07, 7.98797614721e-08, 5.4632980806e-08, 1.41757652727e-07, 9.75272413939e-08, 2.03101407692e-07, 1.71174704633e-07, 6.90895831212e-07, 1.18824232231e-07, 3.9936597318e-07, 4.33162128388e-08, 4.04454922887e-08, 2.68260613723e-08, 5.15056832739e-08, 2.10149391222e-08, 1.44320013717e-08, 3.5798354503e-08, 4.79592854319e-09, 7.86497444949e-09, 2.36478769899e-09, 1.42052514196e-09, 2.92391888479e-10, 1.41860787006e-10, 1.5130405262e-10, 8.42782302279e-11, 6.2139460244e-11, 6.18557219334e-11, 5.43794315133e-11, 6.68823815775e-11, 6.90817819615e-11, 6.55473175737e-11, 4.94241141069e-11, 3.93425292344e-11, 3.08752155787e-11, 3.86162456179e-11, 2.89783527035e-11]
    },
    "mfcc": {
        "mean": [-615.950683594, 83.7509460449, -7.05636310577, 6.61566066742, 5.06095552444, 7.02250814438, 6.73037338257, 10.3701343536, 1.83261799812, -0.0852546989918, -1.59436058998, -4.22109889984, -1.04421293736],
        "cov": [[6143.55664062, -261.180480957, 1120.54272461, 692.457702637, 660.48651123, 445.554229736, 238.188705444, 122.742759705, 114.190307617, 137.527328491, 138.886123657, 129.292007446, 241.015075684], [-261.180480957, 513.618530273, -102.647750854, 32.9213371277, 9.99659252167, 8.08156681061, 59.6053466797, 37.1076431274, 25.989484787, 2.25968337059, -2.48779177666, -22.8436965942, -13.0630483627], [1120.54272461, -102.647750854, 945.470214844, 426.849334717, 290.547546387, 234.179275513, 33.1063537598, 66.5540313721, 51.0062294006, 63.2395210266, 57.4385757446, 133.94708252, 112.507728577], [692.457702637, 32.9213371277, 426.849334717, 509.461151123, 283.876525879, 177.252258301, 39.4369010925, 65.2436828613, 93.0267715454, 48.3496398926, 51.9762687683, 105.450119019, 92.0015640259], [660.48651123, 9.99659252167, 290.547546387, 283.876525879, 369.853668213, 167.221038818, 90.0184707642, 64.6290512085, 82.8105926514, 45.9427833557, 38.5800437927, 86.8577957153, 97.645942688], [445.554229736, 8.08156681061, 234.179275513, 177.252258301, 167.221038818, 308.313690186, 167.227767944, 89.9626464844, 55.5532913208, 67.7173690796, 66.095123291, 58.69348526, 58.9442138672], [238.188705444, 59.6053466797, 33.1063537598, 39.4369010925, 90.0184707642, 167.227767944, 240.165466309, 86.6135025024, 44.0516204834, 49.1726608276, 48.3771705627, 23.0864830017, 33.8806114197], [122.742759705, 37.1076431274, 66.5540313721, 65.2436828613, 64.6290512085, 89.9626464844, 86.6135025024, 140.298309326, 76.8929519653, 46.5770378113, 33.8537139893, 30.9725131989, 21.0360927582], [114.190307617, 25.989484787, 51.0062294006, 93.0267715454, 82.8105926514, 55.5532913208, 44.0516204834, 76.8929519653, 129.415924072, 55.0009498596, 22.5427684784, 32.4448661804, 20.560333252], [137.527328491, 2.25968337059, 63.2395210266, 48.3496398926, 45.9427833557, 67.7173690796, 49.1726608276, 46.5770378113, 55.0009498596, 105.359931946, 56.6000404358, 32.6428833008, 23.5896530151], [138.886123657, -2.48779177666, 57.4385757446, 51.9762687683, 38.5800437927, 66.095123291, 48.3771705627, 33.8537139893, 22.5427684784, 56.6000404358, 94.8098068237, 52.0526580811, 25.4168872833], [129.292007446, -22.8436965942, 133.94708252, 105.450119019, 86.8577957153, 58.69348526, 23.0864830017, 30.9725131989, 32.4448661804, 32.6428833008, 52.0526580811, 113.881011963, 64.6295852661], [241.015075684, -13.0630483627, 112.507728577, 92.0015640259, 97.645942688, 58.9442138672, 33.8806114197, 21.0360927582, 20.560333252, 23.5896530151, 25.4168872833, 64.6295852661, 100.406776428]],
