{
"lowlevel": {
    "average_loudness": 0.683254182339,
    "barkbands_crest": {
        "dmean": 2.77583503723,
        "dmean2": 4.40564155579,
        "dvar": 6.86229515076,
        "dvar2": 15.5700521469,
        "max": 26.3850326538,
        "mean": 11.487830162,
        "median": 10.5382785797,
        "min": 1.8362967968,
        "var": 26.1747055054
    },
    "barkbands_flatness_db": {
        "dmean": 0.0209667328745,
        "dmean2": 0.0314082801342,
        "dvar": 0.00039430524339,
        "dvar2": 0.000826135685202,
        "max": 0.488976925611,
        "mean": 0.14418618381,
        "median": 0.13637624681,
        "min": 0.0069627230987,
        "var": 0.00367295462638
    },
    "barkbands_kurtosis": {
        "dmean": 3.477684021,
        "dmean2": 5.33994626999,
        "dvar": 34.4895896912,
        "dvar2": 74.1499786377,
        "max": 196.364868164,
        "mean": 6.70717525482,
        "median": 3.13649964333,
        "min": -1.89477658272,
        "var": 149.826049805
    },
    "barkbands_skewness": {
        "dmean": 0.606477737427,
        "dmean2": 0.881661832333,
        "dvar": 0.484728574753,
        "dvar2": 0.852017760277,
        "max": 10.7906017303,
        "mean": 1.67115283012,
        "median": 1.51660084724,
        "min": -4.88275766373,
        "var": 2.64113426208
    },
    "barkbands_spread": {
        "dmean": 5.96157836914,
        "dmean2": 9.24763584137,
        "dvar": 95.118019104,
        "dvar2": 199.686737061,
        "max": 119.95375824,
        "mean": 19.0815925598,
        "median": 14.0092277527,
        "min": 0.557298481464,
        "var": 288.272155762
    },
    "dissonance": {
        "dmean": 0.0220106188208,
        "dmean2": 0.0364304557443,
        "dvar": 0.000496797612868,
        "dvar2": 0.00130359991454,
        "max": 0.499999940395,
        "mean": 0.455874055624,
        "median": 0.46385371685,
        "min": 0.214351147413,
        "var": 0.00130400969647
    },
    "dynamic_complexity": 5.90612459183,
    "erbbands_crest": {
        "dmean": 2.8517742157,
        "dmean2": 4.53003549576,
        "dvar": 6.891685009,
        "dvar2": 15.8355932236,
        "max": 30.8981838226,
        "mean": 10.6687021255,
        "median": 9.62900924683,
        "min": 2.58976626396,
        "var": 23.7514286041
    },
    "erbbands_flatness_db": {
        "dmean": 0.0183713883162,
        "dmean2": 0.0266420822591,
        "dvar": 0.000295551872114,
        "dvar2": 0.000587503309362,
        "max": 0.362268179655,
        "mean": 0.170131742954,
        "median": 0.163553729653,
        "min": 0.0404379703104,
        "var": 0.00313012511469
    },
    "erbbands_kurtosis": {
        "dmean": 1.35228967667,
        "dmean2": 2.09561920166,
        "dvar": 3.71671652794,
        "dvar2": 7.84651470184,
        "max": 39.2132148743,
        "mean": 1.52773118019,
        "median": 0.59181368351,
        "min": -1.92583620548,
        "var": 10.2976379395
    },
    "erbbands_skewness": {
        "dmean": 0.424908548594,
        "dmean2": 0.622369945049,
        "dvar": 0.189103484154,
        "dvar2": 0.342234581709,
        "max": 4.91046285629,
        "mean": 0.687368750572,
        "median": 0.740273475647,
        "min": -3.64427161217,
        "var": 0.914782762527
    },
    "erbbands_spread": {
        "dmean": 8.17238807678,
        "dmean2": 12.4262752533,
        "dvar": 123.460739136,
        "dvar2": 269.863067627,
        "max": 146.44770813,
        "mean": 34.8505516052,
        "median": 28.4731445312,
        "min": 2.54869866371,
        "var": 512.617431641
    },
    "hfc": {
        "dmean": 7.90733909607,
        "dmean2": 10.6619386673,
        "dvar": 492.710632324,
        "dvar2": 851.308959961,
        "max": 471.957672119,
        "mean": 18.7958812714,
        "median": 7.22924804688,
        "min": 1.19520041392e-16,
        "var": 1343.33056641
    },
    "melbands_crest": {
        "dmean": 3.50626707077,
        "dmean2": 5.58938789368,
        "dvar": 10.7882928848,
        "dvar2": 25.6055469513,
        "max": 39.3865890503,
        "mean": 14.8780555725,
        "median": 13.8468790054,
        "min": 2.17324614525,
        "var": 38.9559364319
    },
    "melbands_flatness_db": {
        "dmean": 0.0244815684855,
        "dmean2": 0.0361112356186,
        "dvar": 0.00064648973057,
        "dvar2": 0.00118256732821,
        "max": 0.636024415493,
        "mean": 0.20568792522,
        "median": 0.200406134129,
        "min": 0.00598847167566,
        "var": 0.0060377093032
    },
    "melbands_kurtosis": {
        "dmean": 8.19430065155,
        "dmean2": 12.5413007736,
        "dvar": 265.888183594,
        "dvar2": 583.199890137,
        "max": 464.220153809,
        "mean": 17.396774292,
        "median": 7.22956800461,
        "min": -1.84515476227,
        "var": 986.763061523
    },
    "melbands_skewness": {
        "dmean": 0.778970062733,
        "dmean2": 1.15767204762,
        "dvar": 0.872494339943,
        "dvar2": 1.71246850491,
        "max": 14.4949846268,
        "mean": 2.64398050308,
        "median": 2.15864443779,
        "min": -3.12818646431,
        "var": 4.75981807709
    },
    "melbands_spread": {
        "dmean": 8.8617401123,
        "dmean2": 13.2366170883,
        "dvar": 391.843719482,
        "dvar2": 684.619445801,
        "max": 245.409454346,
        "mean": 24.4050197601,
        "median": 15.1545200348,
        "min": 0.428802490234,
        "var": 1079.36755371
    },
    "pitch_salience": {
        "dmean": 0.0723616853356,
        "dmean2": 0.112643666565,
        "dvar": 0.0047693522647,
        "dvar2": 0.0104594612494,
        "max": 0.881117165089,
        "mean": 0.549094974995,
        "median": 0.565840184689,
        "min": 0.0268146917224,
        "var": 0.022454475984
    },
    "silence_rate_20dB": {
        "dmean": 0,
        "dmean2": 0,
        "dvar": 0,
        "dvar2": 0,
        "max": 1,
        "mean": 1,
        "median": 1,
        "min": 1,
        "var": 0
    },
    "silence_rate_30dB": {
        "dmean": 0.00160790164955,
        "dmean2": 0.00321617280133,
        "dvar": 0.00160534190945,
        "dvar2": 0.00458441255614,
        "max": 1,
        "mean": 0.99908131361,
        "median": 1,
        "min": 0,
        "var": 0.000917920086067
    },
    "silence_rate_60dB": {
        "dmean": 0.0424945428967,
        "dmean2": 0.0849988535047,
        "dvar": 0.0406851023436,
        "dvar2": 0.0908584669232,
        "max": 1,
        "mean": 0.254823148251,
        "median": 0,
        "min": 0,
        "var": 0.189894929528
    },
    "spectral_centroid": {
        "dmean": 253.262008667,
        "dmean2": 368.09866333,
        "dvar": 184475.96875,
        "dvar2": 272513.28125,
        "max": 10451.1074219,
        "mean": 1226.55114746,
        "median": 1011.80993652,
        "min": 124.198188782,
        "var": 732985.625
    },
    "spectral_complexity": {
        "dmean": 2.27609968185,
        "dmean2": 3.58901906013,
        "dvar": 6.50156259537,
        "dvar2": 13.6236276627,
        "max": 51,
        "mean": 11.6232204437,
        "median": 10,
        "min": 0,
        "var": 61.331325531
    },
    "spectral_decrease": {
        "dmean": 1.35825051206e-09,
        "dmean2": 1.94440241685e-09,
        "dvar": 5.09077761443e-18,
        "dvar2": 9.60887575691e-18,
        "max": -7.72263902999e-30,
        "mean": -3.91002874522e-09,
        "median": -2.10096029463e-09,
        "min": -3.29147340494e-08,
        "var": 2.17581389803e-17
    },
    "spectral_energy": {
        "dmean": 0.00562355294824,
        "dmean2": 0.00805383641273,
        "dvar": 8.02011054475e-05,
        "dvar2": 0.000155678877491,
        "max": 0.129797175527,
        "mean": 0.0164621416479,
        "median": 0.00909921713173,
        "min": 1.08699658893e-20,
        "var": 0.000356746517355
    },
    "spectral_energyband_high": {
        "dmean": 0.000716339913197,
        "dmean2": 0.000951633090153,
        "dvar": 7.80556456448e-06,
        "dvar2": 1.33009880301e-05,
        "max": 0.0644685328007,
        "mean": 0.00124230247457,
        "median": 0.000173722073669,
        "min": 7.75275352233e-21,
        "var": 1.89427792066e-05
    },
    "spectral_energyband_low": {
        "dmean": 0.00103305280209,
        "dmean2": 0.00172090239357,
        "dvar": 6.96094730301e-06,
        "dvar2": 1.83520642167e-05,
        "max": 0.0520607717335,
        "mean": 0.00200370769016,
        "median": 0.000534602557309,
        "min": 6.44266109173e-23,
        "var": 1.3606043467e-05
    },
    "spectral_energyband_middle_high": {
        "dmean": 0.00153719447553,
        "dmean2": 0.0022128529381,
        "dvar": 1.58669427037e-05,
        "dvar2": 2.89925756078e-05,
        "max": 0.106365986168,
        "mean": 0.00392511533573,
        "median": 0.00135729252361,
        "min": 1.50048937433e-21,
        "var": 5.57686034881e-05
    },
    "spectral_energyband_middle_low": {
        "dmean": 0.0041664368473,
        "dmean2": 0.00598773034289,
        "dvar": 6.27900808468e-05,
        "dvar2": 0.000116590163088,
        "max": 0.119193382561,
        "mean": 0.00970609020442,
        "median": 0.00366951478645,
        "min": 3.88743989796e-22,
        "var": 0.000223578943405
    },
    "spectral_entropy": {
        "dmean": 0.167287766933,
        "dmean2": 0.236733347178,
        "dvar": 0.030336337164,
        "dvar2": 0.0502929389477,
        "max": 9.79434871674,
        "mean": 7.53802108765,
        "median": 7.56544876099,
        "min": 4.5920882225,
        "var": 0.265746116638
    },
    "spectral_flux": {
        "dmean": 0.0183729734272,
        "dmean2": 0.0290966648608,
        "dvar": 0.000576954393182,
        "dvar2": 0.0014446543064,
        "max": 0.314093023539,
        "mean": 0.0624125264585,
        "median": 0.0523972325027,
        "min": 1.04259129108e-10,
        "var": 0.00226595229469
    },
    "spectral_kurtosis": {
        "dmean": 1.48068356514,
        "dmean2": 2.45763707161,
        "dvar": 3.69137740135,
        "dvar2": 10.4948730469,
        "max": 63.8214874268,
        "mean": 5.30447387695,
        "median": 4.53351688385,
        "min": -1.24534165859,
        "var": 19.8041820526
    },
    "spectral_rms": {
        "dmean": 0.000596674915869,
        "dmean2": 0.000845467904583,
        "dvar": 5.45229738691e-07,
        "dvar2": 1.00370300515e-06,
        "max": 0.0112530617043,
        "mean": 0.00338872056454,
        "median": 0.00297947740182,
        "min": 3.25650812739e-12,
        "var": 4.5772590056e-06
    },
    "spectral_rolloff": {
        "dmean": 622.447692871,
        "dmean2": 995.78314209,
        "dvar": 2266833,
        "dvar2": 4209393.5,
        "max": 18863.0859375,
        "mean": 1844.81262207,
        "median": 925.927734375,
        "min": 21.533203125,
        "var": 7711516
    },
    "spectral_skewness": {
        "dmean": 0.207076027989,
        "dmean2": 0.323796659708,
        "dvar": 0.0428874380887,
        "dvar2": 0.0999013781548,
        "max": 6.35365152359,
        "mean": 1.72740769386,
        "median": 1.71853089333,
        "min": 0.0517385564744,
        "var": 0.37726855278
    },
    "spectral_spread": {
        "dmean": 556722.125,
        "dmean2": 827275.25,
        "dvar": 637289234432,
        "dvar2": 1.13604178739e+12,
        "max": 41407596,
        "mean": 4971514,
        "median": 4539763,
        "min": 1240904.375,
        "var": 3.87856649421e+12
    },
    "spectral_strongpeak": {
        "dmean": 0.484471917152,
        "dmean2": 0.76493871212,
        "dvar": 0.738686859608,
        "dvar2": 1.78189766407,
        "max": 15.1579113007,
        "mean": 0.964914381504,
        "median": 0.522868096828,
        "min": 0,
        "var": 1.53157806396
    },
    "zerocrossingrate": {
        "dmean": 0.014419185929,
        "dmean2": 0.0153734004125,
        "dvar": 0.000672740628943,
        "dvar2": 0.000567787210457,
        "max": 0.64013671875,
        "mean": 0.070435076952,
        "median": 0.05126953125,
        "min": 0.0009765625,
        "var": 0.00470990780741
    },
    "barkbands": {
        "dmean": [6.04844208283e-05, 0.00071556615876, 0.000278235587757, 0.000441659009084, 0.00187144067604, 0.00155576306861, 0.00063651218079, 0.000396517658373, 0.000641482532956, 0.000842105713673, 0.00033333254396, 0.000386698986404, 0.000267845724011, 0.0002134264505, 0.000195110464119, 0.000105642560811, 9.02633619262e-05, 9.34574345592e-05, 5.78114741074e-05, 8.68274000823e-05, 0.000122283789096, 0.000143163735629, 0.000149542160216, 0.000172574378666, 0.00010729891801, 6.29605056019e-05, 2.08710043808e-05],
        "dmean2": [0.000101807439933, 0.00120672269259, 0.000469573307782, 0.000717821298167, 0.00263196090236, 0.00225436664186, 0.000931855814997, 0.000587104645092, 0.00102478812914, 0.00126744154841, 0.00052292610053, 0.000607377616689, 0.000428021739936, 0.000331853429088, 0.000316353252856, 0.000168038081028, 0.000143420533277, 0.000144911493408, 8.9265362476e-05, 0.000133036577608, 0.000179735914571, 0.00020566477906, 0.00021527944773, 0.00023717766453, 0.000146345148096, 8.91673262231e-05, 2.93765824608e-05],
        "dvar": [4.53498003594e-08, 3.48610001311e-06, 9.9469525594e-07, 3.04175182464e-06, 2.7723117455e-05, 2.64682312263e-05, 4.36755544797e-06, 2.41621296482e-06, 4.00759427066e-06, 8.83550183062e-06, 1.76693833964e-06, 3.27237012243e-06, 2.14818942368e-06, 1.12005443498e-06, 3.5968866996e-07, 1.58928372684e-07, 6.49600480074e-08, 9.33098149858e-08, 5.9974226474e-08, 1.19006607235e-07, 3.04947889163e-07, 4.88851583214e-07, 5.21693891642e-07, 5.50977858893e-07, 2.25975554713e-07, 7.9504651751e-08, 1.09320632546e-08],
        "dvar2": [1.15821315205e-07, 9.57001520874e-06, 2.65473681793e-06, 7.32694934413e-06, 4.88174591737e-05, 4.98211884405e-05, 8.70597432368e-06, 4.98698273077e-06, 1.00411125459e-05, 1.71327938006e-05, 3.47958598468e-06, 7.11245002094e-06, 4.89998501507e-06, 2.53045732279e-06, 8.19244633021e-07, 3.57370879556e-07, 1.50651317199e-07, 2.13335184185e-07, 1.33966238991e-07, 2.67318739589e-07, 6.4878571493e-07, 1.0079098729e-06, 1.1140236893e-06, 9.75250713964e-07, 4.30011709796e-07, 1.52429521449e-07, 2.22795950577e-08],
        "max": [0.00925501435995, 0.0433015227318, 0.033464115113, 0.048838891089, 0.109939470887, 0.114265792072, 0.0746356472373, 0.0539429411292, 0.0604163184762, 0.0919765755534, 0.0606974996626, 0.0492662899196, 0.0440848655999, 0.0423977337778, 0.0179748404771, 0.0132471956313, 0.00541060511023, 0.0107265813276, 0.00788770522922, 0.0126145463437, 0.017917631194, 0.0187099613249, 0.0281206183136, 0.0185136273503, 0.0131783094257, 0.0106117427349, 0.00391399487853],
        "mean": [7.6978954894e-05, 0.00138198910281, 0.000354526855517, 0.000483389245346, 0.00336763286032, 0.00275697163306, 0.00101308734156, 0.000624780892394, 0.00105090276338, 0.00142128684092, 0.00051450857427, 0.000568815798033, 0.000362108869012, 0.000317512633046, 0.000300202140352, 0.000163991615409, 0.000156978901941, 0.000156669892021, 9.79998367256e-05, 0.000129784457386, 0.000185113007319, 0.00020551266789, 0.000224722418352, 0.000267806870397, 0.000159559363965, 8.87843416422e-05, 3.05602698063e-05],
        "median": [1.07961523099e-05, 0.000240518391365, 8.76244885148e-05, 7.78488611104e-05, 0.00034022910404, 0.000295438454486, 0.000231146521401, 0.000155633228133, 0.000119552358228, 0.000191423750948, 6.9100948167e-05, 8.37467378005e-05, 6.00842395215e-05, 4.48960199719e-05, 8.64409230417e-05, 4.08211708418e-05, 4.60491537524e-05, 3.88726839446e-05, 3.42020139215e-05, 3.22849518852e-05, 3.38199315593e-05, 2.57671090367e-05, 1.82158273674e-05, 1.51766998897e-05, 8.49146090331e-06, 4.39240056949e-06, 1.11299902983e-06],
        "min": [3.81424124213e-23, 1.89943885134e-23, 6.2827047915e-24, 4.46764337033e-23, 8.45590859032e-23, 4.09062370898e-23, 6.0209638197e-23, 3.35193877496e-23, 1.1389227913e-22, 8.11683219189e-23, 2.44693955846e-23, 5.79336987548e-23, 2.3063955316e-22, 9.0840255177e-23, 1.87450617668e-22, 1.15589655362e-22, 2.073434304e-22, 1.74916059646e-22, 2.2520484426e-22, 3.67710610413e-22, 5.2491925447e-22, 4.54386860146e-22, 4.6442849149e-22, 9.04749090793e-22, 1.42568597347e-21, 1.84098516703e-21, 2.14490780307e-21],
        "var": [6.45784936637e-08, 7.9502024164e-06, 9.98365635496e-07, 3.63084222954e-06, 8.64220201038e-05, 7.59314571042e-05, 9.07289086172e-06, 4.40677695224e-06, 8.59625197336e-06, 1.99546648219e-05, 3.94268317905e-06, 5.83860037295e-06, 2.79428718386e-06, 1.79219830443e-06, 6.28318503004e-07, 2.83257321598e-07, 1.26771212194e-07, 1.70675107825e-07, 8.50765928817e-08, 1.71748666844e-07, 5.57566011139e-07, 8.48221873184e-07, 8.43436112064e-07, 1.26517636545e-06, 5.12349629389e-07, 1.57307624704e-07, 2.10208987994e-08]
    },
    "erbbands": {
        "dmean": [0.0238607022911, 0.153590336442, 0.298091053963, 0.87610822916, 2.94655895233, 7.78400468826, 12.7636957169, 11.8001022339, 9.71919631958, 6.47970628738, 9.88632965088, 13.37940979, 23.9130802155, 21.5647335052, 10.9785413742, 16.4774627686, 11.4370565414, 10.6867647171, 9.48579692841, 7.22992229462, 5.5786819458, 4.39692497253, 5.0679101944, 3.4257645607, 2.95009589195, 4.11672115326, 5.00843667984, 4.89100551605, 5.22623968124, 4.58104991913, 4.27529382706, 4.13601827621, 2.61840724945, 1.4310965538, 0.674665749073, 0.287875533104, 0.118872836232, 0.0282324105501, 0.00395034672692, 0.000135805472382],
        "dmean2": [0.0414302349091, 0.254473775625, 0.494537442923, 1.41180181503, 4.416888237, 11.1555948257, 18.3185501099, 17.0980358124, 14.2384309769, 9.5155878067, 14.6111278534, 21.6148033142, 37.2365455627, 32.560295105, 17.1787528992, 25.8178043365, 17.7352828979, 16.541929245, 15.0968904495, 11.4058408737, 8.66285037994, 6.85083532333, 7.86759662628, 5.29914903641, 4.45362329483, 6.27601861954, 7.53659582138, 7.10628986359, 7.56307888031, 6.61125993729, 6.15922927856, 5.81895256042, 3.64802336693, 1.97414207458, 0.936953783035, 0.401889175177, 0.170932143927, 0.0406327471137, 0.0055523449555, 0.000189595069969],
        "dvar": [0.0039539206773, 0.181049600244, 1.04493200779, 9.84138584137, 104.777420044, 647.414611816, 1576.65576172, 2287.02368164, 1223.62353516, 396.964599609, 1358.82104492, 2054.16894531, 8730.61035156, 4734.52001953, 1946.68615723, 6790.60693359, 3019.32617188, 2970.71679688, 1259.41259766, 617.911621094, 386.986633301, 145.47706604, 275.601776123, 138.904525757, 173.375732422, 274.437988281, 500.107208252, 463.285339355, 666.50592041, 481.369659424, 428.378692627, 315.683074951, 140.222824097, 42.6317329407, 8.69766521454, 1.62186539173, 0.30700135231, 0.0233275219798, 0.000346382206772, 3.43628414612e-07],
        "dvar2": [0.0114518133923, 0.482957094908, 2.78311729431, 23.1854782104, 203.811065674, 1175.7244873, 3125.95263672, 4368.71777344, 2420.66723633, 805.721435547, 2719.5612793, 5293.17285156, 19018.0820312, 9332.43164062, 4337.59570312, 14765.7431641, 6208.00195312, 6508.72558594, 2488.68432617, 1479.73937988, 843.581115723, 328.147979736, 616.741455078, 328.150085449, 370.387878418, 608.329650879, 1092.4095459, 944.476379395, 1381.31555176, 1025.07531738, 914.745361328, 591.942810059, 260.143066406, 82.6954116821, 16.8408546448, 3.16444897652, 0.607823848724, 0.0486910678446, 0.00070298119681, 6.81903031818e-07],
        "max": [1.58239495754, 10.9775924683, 26.7761459351, 72.9459075928, 312.677581787, 656.45715332, 861.416137695, 1213.08312988, 1379.10693359, 478.563293457, 1382.62890625, 1316.98547363, 3366.58276367, 2882.46923828, 2045.80664062, 2254.49316406, 1847.8079834, 2031.78613281, 1803.98681641, 716.283691406, 915.770996094, 337.449188232, 474.515655518, 434.012054443, 551.881286621, 643.820373535, 691.399963379, 760.574584961, 746.166320801, 585.319458008, 900.476989746, 500.288818359, 280.185852051, 170.544326782, 103.88483429, 60.8818283081, 15.5356225967, 7.1595249176, 0.61266207695, 0.0213438216597],
        "mean": [0.0344093255699, 0.322282373905, 0.480107754469, 1.09551775455, 4.48240756989, 12.6655101776, 23.2737388611, 19.9271278381, 16.9693527222, 10.6724357605, 16.9648799896, 22.3985443115, 39.9315490723, 37.9766769409, 18.3930606842, 25.1386051178, 17.908782959, 17.1569290161, 16.4506340027, 11.7255439758, 9.53290748596, 8.40012931824, 9.01464080811, 5.97426795959, 5.01906490326, 6.19024419785, 7.41623735428, 7.31400299072, 7.40070009232, 6.61445665359, 6.49203824997, 6.37138319016, 3.86928963661, 2.07505226135, 0.984978556633, 0.407158881426, 0.162796840072, 0.0378998704255, 0.00591591186821, 0.00023010908626],
        "median": [0.00693320063874, 0.0488394163549, 0.118906848133, 0.253703713417, 0.479321539402, 1.15518450737, 2.64241480827, 2.28744482994, 3.79787349701, 3.14293885231, 4.94985771179, 3.37505245209, 4.15249872208, 7.61546897888, 3.22766160965, 3.80997610092, 3.34899234772, 2.76039934158, 4.772356987, 3.37893462181, 2.62990403175, 2.52583432198, 2.3669424057, 1.92307949066, 1.79732298851, 1.54442310333, 1.45425581932, 1.28876912594, 0.979887604713, 0.666677892208, 0.494481652975, 0.373739242554, 0.21245482564, 0.107809394598, 0.0532218329608, 0.0223713051528, 0.0070927911438, 0.00156789761968, 0.000223393581109, 2.49290478678e-05],
        "min": [1.3007530243e-21, 1.50029701848e-21, 5.80111578275e-21, 8.36993494934e-20, 1.62641712531e-19, 3.29698243087e-19, 3.06898586315e-19, 4.04049269049e-19, 3.39170314131e-19, 1.7005940039e-18, 1.24257903225e-18, 2.41640777507e-18, 1.26563958696e-18, 2.91850433894e-18, 1.56151113193e-18, 2.64455266661e-18, 1.24423448949e-17, 4.9076402404e-18, 1.12174707331e-17, 5.04987311955e-18, 8.13687146093e-18, 1.16896378344e-17, 8.87801040052e-18, 1.19296649687e-17, 9.91337913837e-18, 2.08161688597e-17, 1.62598132003e-17, 2.34750466402e-17, 1.86444905339e-17, 1.37484746627e-17, 1.39868912762e-17, 1.45046500914e-17, 1.74570926169e-17, 1.5802663563e-17, 9.81635002533e-18, 5.76682902035e-18, 3.50384691209e-18, 1.57354640304e-18, 2.61621071879e-19, 3.00844716368e-20],
        "var": [0.00576810492203, 0.460272967815, 1.2511459589, 12.8589277267, 244.58656311, 1621.08227539, 4737.53564453, 5911.375, 2840.921875, 684.532470703, 2716.26220703, 3918.78369141, 17121.046875, 11016.4628906, 3833.85522461, 12110.3291016, 5401.36035156, 5117.38769531, 2875.63891602, 969.638977051, 802.126403809, 334.724761963, 538.04107666, 228.063705444, 248.669128418, 398.190551758, 831.785095215, 915.902587891, 1166.85375977, 781.580322266, 694.899536133, 648.307189941, 307.236785889, 93.271774292, 19.1678447723, 3.33113980293, 0.577538967133, 0.0366463214159, 0.000726598897018, 8.96326469046e-07]
    },
    "gfcc": {
        "mean": [-58.6450462341, 70.4360122681, -114.167961121, 10.3907318115, -62.9963951111, 8.22711467743, -36.0020561218, 4.98269128799, -21.2395687103, 1.39822041988, -15.3376722336, 2.50685214996, -7.19997310638],
        "cov": [[10942.3457031, -2326.82519531, 302.21270752, 226.248565674, -718.661865234, 38.5021743774, -478.719421387, -63.0202713013, -80.0471191406, 40.3925895691, 100.129386902, 253.247680664, 57.110912323], [-2326.82519531, 2513.16235352, 208.436859131, 65.5789871216, 514.052429199, 44.985080719, 150.030319214, 54.9514274597, 200.90725708, 84.8243179321, 196.825561523, 30.4529399872, 89.7265472412], [302.21270752, 208.436859131, 1848.97680664, 800.523681641, 253.145980835, 63.3376731873, -161.500823975, -144.747543335, 53.1655426025, 122.234008789, 172.201843262, 68.3023681641, 19.128818512], [226.248565674, 65.5789871216, 800.523681641, 822.46484375, 162.302429199, 106.115142822, -52.0979995728, -11.9570665359, 46.2152175903, 59.729133606, 45.1406288147, 6.65481281281, -0.840081036091], [-718.661865234, 514.052429199, 253.145980835, 162.302429199, 481.316253662, 144.479187012, 158.059524536, 78.2827911377, 98.7748260498, 59.0196266174, 33.701915741, -30.7966213226, -1.53274679184], [38.5021743774, 44.985080719, 63.3376731873, 106.115142822, 144.479187012, 295.782745361, 158.408233643, 68.1114196777, 4.11786222458, 23.1106510162, 10.3808832169, -37.4492797852, -6.28887653351], [-478.719421387, 150.030319214, -161.500823975, -52.0979995728, 158.059524536, 158.408233643, 310.175262451, 119.715751648, 30.6342163086, 28.4498538971, -12.3415794373, -50.1912117004, -16.3853378296], [-63.0202713013, 54.9514274597, -144.747543335, -11.9570665359, 78.2827911377, 68.1114196777, 119.715751648, 162.598983765, 60.3570556641, 26.2923202515, -14.3812580109, -13.2821559906, -7.39169073105], [-80.0471191406, 200.90725708, 53.1655426025, 46.2152175903, 98.7748260498, 4.11786222458, 30.6342163086, 60.3570556641, 154.546432495, 71.8211135864, 46.7763977051, 25.219953537, 21.4752998352], [40.3925895691, 84.8243179321, 122.234008789, 59.729133606, 59.0196266174, 23.1106510162, 28.4498538971, 26.2923202515, 71.8211135864, 139.9662323, 68.4947814941, 24.1560211182, 12.4599485397], [100.129386902, 196.825561523, 172.201843262, 45.1406288147, 33.701915741, 10.3808832169, -12.3415794373, -14.3812580109, 46.7763977051, 68.4947814941, 156.690444946, 65.4442367554, 42.0428733826], [253.247680664, 30.4529399872, 68.3023681641, 6.65481281281, -30.7966213226, -37.4492797852, -50.1912117004, -13.2821559906, 25.219953537, 24.1560211182, 65.4442367554, 118.308799744, 54.0947647095], [57.110912323, 89.7265472412, 19.128818512, -0.840081036091, -1.53274679184, -6.28887653351, -16.3853378296, -7.39169073105, 21.4752998352, 12.4599485397, 42.0428733826, 54.0947647095, 88.8449630737]],
        "icov": [[0.000138175833854, 0.000118249001389, -9.87218936643e-06, -1.18054604172e-05, 0.000105239683762, -0.0001808914094, 0.000207331613638, -0.000129344844026, -5.5482127209e-05, -4.96035227115e-06, -0.000130425061798, -0.000192907056771, 3.53800714947e-06], [0.000118249001389, 0.000716591137461, 4.67118697998e-05, 8.65008769324e-06, -0.000560773885809, 0.000122463417938, 4.3565814849e-05, 4.75358719996e-05, -0.000420151016442, 0.000345837906934, -0.000886177178472, 0.000152342021465, -0.000419052637881], [-9.87218936643e-06, 4.67118697998e-05, 0.00126618542708, -0.00101212935988, -0.000605394656304, -4.45867317467e-06, 0.000337788515026, 0.00102238217369, 0.000122270837892, -0.000382950529456, -0.000758315552957, -0.000255206861766, 0.000351966242306], [-1.18054604172e-05, 8.65008769324e-06, -0.00101212935988, 0.00234208698384, -0.000115539936814, -0.000731783511583, 0.000612475618254, -0.000634214549791, -0.00029572864878, -0.000107130923425, 0.000563939800486, 0.00020206598856, -5.80751402595e-05], [0.000105239683762, -0.000560773885809, -0.000605394656304, -0.000115539936814, 0.00425222143531, -0.00109478982631, -0.00108257774264, -0.000430858897744, -0.00155574036762, -1.31423239509e-05, 0.000600710453, 0.000428838626249, 0.000220823058044], [-0.0001808914094, 0.000122463417938, -4.45867317467e-06, -0.000731783511583, -0.00109478982631, 0.00597464106977, -0.0026624717284, -0.0007842509076, 0.00154921109788, 3.43210194842e-05, -0.00111687975004, 0.00149129109923, -0.000924364489038], [0.000207331613638, 4.3565814849e-05, 0.000337788515026, 0.000612475618254, -0.00108257774264, -0.0026624717284, 0.00715554691851, -0.0032764528878, 0.000758376496378, -0.00101441505831, -0.000296727434034, 0.00104009418283, 6.18178019067e-05], [-0.000129344844026, 4.75358719996e-05, 0.00102238217369, -0.000634214549791, -0.000430858897744, -0.0007842509076, -0.0032764528878, 0.011597180739, -0.00415467331186, -0.000377843098249, 0.00163669954054, -0.00119035108946, 0.00111416017171], [-5.5482127209e-05, -0.000420151016442, 0.000122270837892, -0.00029572864878, -0.00155574036762, 0.00154921109788, 0.000758376496378, -0.00415467331186, 0.0119160171598, -0.00424680160359, -0.000682689074893, -0.000589761999436, -0.00129467586521], [-4.96035227115e-06, 0.000345837906934, -0.000382950529456, -0.000107130923425, -1.31423239509e-05, 3.43210194842e-05, -0.00101441505831, -0.000377843098249, -0.00424680160359, 0.0117515139282, -0.00425070431083, 0.000173217544216, 0.000803521601483], [-0.000130425061798, -0.000886177178472, -0.000758315552957, 0.000563939800486, 0.000600710453, -0.00111687975004, -0.000296727434034, 0.00163669954054, -0.000682689074893, -0.00425070431083, 0.0126562919468, -0.00464737368748, -0.00123821548186], [-0.000192907056771, 0.000152342021465, -0.000255206861766, 0.00020206598856, 0.000428838626249, 0.00149129109923, 0.00104009418283, -0.00119035108946, -0.000589761999436, 0.000173217544216, -0.00464737368748, 0.0157267395407, -0.00702526373789], [3.53800714947e-06, -0.000419052637881, 0.000351966242306, -5.80751402595e-05, 0.000220823058044, -0.000924364489038, 6.18178019067e-05, 0.00111416017171, -0.00129467586521, 0.000803521601483, -0.00123821548186, -0.00702526373789, 0.0167062953115]]
    },
    "melbands": {
        "dmean": [0.000203823379707, 0.000165988865774, 0.000195753309526, 0.000367904198356, 0.000418765586801, 0.000266939518042, 0.000145130601595, 7.03253172105e-05, 8.53802994243e-05, 9.06859349925e-05, 0.00012416249956, 9.51980036916e-05, 4.00851276936e-05, 4.21771837864e-05, 4.19104180764e-05, 2.36647792917e-05, 2.10585731111e-05, 1.59523024195e-05, 1.46294014485e-05, 7.4977483564e-06, 6.99622387401e-06, 4.73555201097e-06, 5.74983459956e-06, 4.45030127594e-06, 2.85412670564e-06, 2.19614003072e-06, 2.37899098465e-06, 3.03128126689e-06, 3.33462458002e-06, 3.02845796796e-06, 2.97573342323e-06, 3.06541801365e-06, 2.90861134999e-06, 2.54553242485e-06, 2.40766507886e-06, 2.76852188108e-06, 2.56139901467e-06, 2.01846432901e-06, 1.47849675614e-06, 1.1667813169e-06],
        "dmean2": [0.000347765511833, 0.000271834316663, 0.0003061813768, 0.000514736631885, 0.00060128653422, 0.000385365827242, 0.000212804923649, 0.000104098624433, 0.000126292055938, 0.00014772808936, 0.000191736602574, 0.000143870405736, 6.31069124211e-05, 6.75998526276e-05, 6.25521643087e-05, 3.69738627342e-05, 3.30076545652e-05, 2.54669175774e-05, 2.37819494942e-05, 1.19846408779e-05, 1.08469730549e-05, 7.4952513387e-06, 9.03582167666e-06, 6.86961448082e-06, 4.49028220828e-06, 3.4043046071e-06, 3.69295003111e-06, 4.69339829579e-06, 5.09764504386e-06, 4.54432165498e-06, 4.42714053861e-06, 4.56398811366e-06, 4.26122824138e-06, 3.76273351321e-06, 3.55217594006e-06, 3.95961751565e-06, 3.66817948816e-06, 2.86824615614e-06, 2.08625488085e-06, 1.64182722528e-06],
        "dvar": [2.70336443009e-07, 2.63549509327e-07, 4.6425921596e-07, 1.3162086816e-06, 1.50733990267e-06, 9.78859930001e-07, 2.36632303086e-07, 5.16131386519e-08, 8.46231813512e-08, 9.21862195469e-08, 2.30661413525e-07, 9.56564960575e-08, 2.80216170268e-08, 3.75150719378e-08, 5.45956311271e-08, 1.40468934262e-08, 1.23596413104e-08, 4.83429252185e-09, 2.22156870677e-09, 1.04902175835e-09, 6.19321260942e-10, 1.70750011352e-10, 3.49655582266e-10, 2.3489396539e-10, 9.95104346146e-11, 1.10005157761e-10, 1.10191585023e-10, 1.48740797457e-10, 2.22708324005e-10, 1.97838329052e-10, 1.72958786182e-10, 2.34338548566e-10, 2.07308711864e-10, 1.57385188215e-10, 1.51069781684e-10, 1.48141415801e-10, 1.26744503781e-10, 8.87806980709e-11, 4.5678603261e-11, 2.89428810779e-11],
        "dvar2": [7.59041881793e-07, 6.99819452166e-07, 1.08232404727e-06, 2.29383158512e-06, 2.95656218441e-06, 1.84134364645e-06, 4.6687688382e-07, 1.05323010757e-07, 1.70910325892e-07, 2.38626370219e-07, 4.92230526561e-07, 1.88060823803e-07, 5.71594007681e-08, 8.95820733149e-08, 1.09798598658e-07, 2.95593594046e-08, 2.75311702325e-08, 9.60938351113e-09, 5.54214452109e-09, 2.40681519159e-09, 1.38154443441e-09, 3.98580363159e-10, 8.0455231366e-10, 5.52157763956e-10, 2.41569458881e-10, 2.42768971592e-10, 2.53379817128e-10, 3.37374073123e-10, 5.02026420435e-10, 4.41475217494e-10, 3.62189223058e-10, 5.01178321066e-10, 4.45176506769e-10, 3.47184753169e-10, 3.31529054209e-10, 3.12002174097e-10, 2.39274128289e-10, 1.72934846998e-10, 9.07479924539e-11, 5.79468244222e-11],
        "max": [0.0111049870029, 0.0105025786906, 0.021247100085, 0.0271632950753, 0.0239441096783, 0.0248157083988, 0.0176569353789, 0.0072709126398, 0.0111492918804, 0.00774490972981, 0.0171617493033, 0.0127757722512, 0.00937002245337, 0.00581182166934, 0.00800436083227, 0.00538906967267, 0.00445500481874, 0.00374935776927, 0.00168664287776, 0.00119009567425, 0.00118775013834, 0.000331607123371, 0.000492813705932, 0.000684111786541, 0.000327028770698, 0.00044993229676, 0.0004617900413, 0.000489884056151, 0.000475094362628, 0.000579186249524, 0.000476321700262, 0.000456327717984, 0.000395395007217, 0.000427568826126, 0.000531139492523, 0.000404803722631, 0.000290950323688, 0.00023030898592, 0.000174014654476, 0.000145096171764],
        "mean": [0.000361841404811, 0.000327509100316, 0.000260007655015, 0.000602013315074, 0.000785095267929, 0.00046144562657, 0.000250740296906, 0.000112688016088, 0.000141663724207, 0.000147825237946, 0.000204195792321, 0.000162281794474, 6.28549532848e-05, 5.96857207711e-05, 5.79147708777e-05, 3.38934733009e-05, 3.12283882522e-05, 2.5560726499e-05, 2.17981705646e-05, 1.13921923912e-05, 1.10480914373e-05, 8.29610962683e-06, 9.35945627134e-06, 7.14353154763e-06, 4.54264181826e-06, 3.56293617187e-06, 3.54031112693e-06, 4.24838117397e-06, 4.64491813545e-06, 4.36831851403e-06, 4.21124696004e-06, 4.15373278884e-06, 4.00166209147e-06, 3.55210272573e-06, 3.53334962711e-06, 4.09407812185e-06, 3.83531642001e-06, 2.88657679448e-06, 2.04202501664e-06, 1.65228266269e-06],
        "median": [6.79626609781e-05, 6.94552436471e-05, 5.07293043484e-05, 5.32679150638e-05, 8.87214409886e-05, 5.19790046383e-05, 5.44072936464e-05, 3.17276935675e-05, 3.87044528907e-05, 1.55660582095e-05, 1.96409237105e-05, 3.06200417981e-05, 9.37724325922e-06, 8.95740504347e-06, 8.508594874e-06, 5.59393720323e-06, 4.20714832217e-06, 6.55925305182e-06, 5.84092413192e-06, 2.98169265989e-06, 2.84501402348e-06, 2.57253122982e-06, 2.11732094613e-06, 1.76565083621e-06, 1.32590332669e-06, 1.20998470265e-06, 1.04425907921e-06, 9.27836367737e-07, 8.8207684712e-07, 7.65540903558e-07, 6.68916982249e-07, 5.39467691851e-07, 4.03466060561e-07, 3.19905694823e-07, 2.69194288194e-07, 2.58157427879e-07, 2.04994449859e-07, 1.50731082726e-07, 1.0608081169e-07, 7.83964964057e-08],
        "min": [9.81033574848e-24, 2.51492150079e-24, 1.70649309803e-23, 1.68286292738e-23, 1.25114822627e-23, 8.29270462863e-24, 7.52230937948e-24, 1.61904329129e-23, 1.35580529816e-23, 1.41410006801e-23, 6.18593601312e-24, 1.24102919189e-23, 3.93151354096e-24, 6.51553787654e-24, 1.44667749904e-23, 2.35526082618e-23, 7.06508165451e-24, 1.79895359146e-23, 1.0343608087e-23, 7.00212029908e-24, 9.83882940438e-24, 1.45890010991e-23, 7.33371088084e-24, 7.68757889457e-24, 9.9897171963e-24, 8.70815428006e-24, 6.91841663501e-24, 1.56149147063e-23, 9.39605597777e-24, 1.04005417562e-23, 1.50040760416e-23, 1.06350432821e-23, 8.00523582616e-24, 7.59347567718e-24, 9.22706698352e-24, 6.3723280678e-24, 9.51473142349e-24, 1.19976766447e-23, 1.22693540296e-23, 1.45072325108e-23],
        "var": [5.42988004781e-07, 4.51737747653e-07, 7.02454258317e-07, 3.58751458407e-06, 4.76802142657e-06, 2.69503061645e-06, 5.73046236241e-07, 8.69782113e-08, 1.69055013544e-07, 1.86702948213e-07, 4.60219013121e-07, 2.17443670181e-07, 6.28514982282e-08, 5.71230174273e-08, 8.52191845979e-08, 2.14105106977e-08, 2.02975201091e-08, 1.02726538387e-08, 3.06204617218e-09, 1.53367507583e-09, 1.17006793143e-09, 3.46344869451e-10, 6.86840140318e-10, 3.79894476987e-10, 1.49549400641e-10, 1.45293221898e-10, 1.38678860062e-10, 2.06969150152e-10, 3.37147587626e-10, 3.37480016155e-10, 3.269497173e-10, 3.90907917147e-10, 3.30360350187e-10, 2.37706188067e-10, 2.29436594723e-10, 2.54691684409e-10, 2.58160520739e-10, 1.84827264604e-10, 8.96095697644e-11, 6.21490289787e-11]
    },
    "mfcc": {
        "mean": [-705.570800781, 111.287757874, 0.0421156845987, 6.04124164581, -5.20157384872, 0.0526649355888, -5.29957818985, 0.716635227203, -1.48388278484, 0.521571338177, -4.72529649734, -0.974336385727, -4.18104410172],
        "cov": [[9908.91796875, -1885.45678711, -53.0606002808, -192.251815796, -338.816375732, -178.470321655, -322.740661621, -73.5231628418, -275.029571533, -61.4751701355, -289.45980835, 43.3200836182, -58.2034034729], [-1885.45678711, 2036.74169922, -76.5316162109, 82.1793060303, 256.730010986, 68.4498138428, 95.649017334, 49.6443252563, 79.8650283813, 58.5570640564, 111.507461548, 110.128005981, 167.809082031], [-53.0606002808, -76.5316162109, 1527.47424316, 643.434814453, 456.645263672, 238.971969604, -1.55258142948, -111.584190369, -130.760696411, -45.5456008911, -48.3310623169, 123.480674744, 120.291023254], [-192.251815796, 82.1793060303, 643.434814453, 649.709777832, 339.869232178, 160.978271484, 15.8162250519, -7.86764335632, 19.3083744049, 13.8557357788, 36.6932868958, 66.9863052368, 84.0182113647], [-338.816375732, 256.730010986, 456.645263672, 339.869232178, 427.826293945, 162.391738892, 42.6533470154, 12.412694931, 15.1769123077, 38.9482116699, 22.9226531982, 68.1157150269, 68.3299865723], [-178.470321655, 68.4498138428, 238.971969604, 160.978271484, 162.391738892, 242.826553345, 141.245117188, 47.5680580139, 52.0473594666, 49.7942466736, 54.25831604, 34.9761238098, 19.3340187073], [-322.740661621, 95.649017334, -1.55258142948, 15.8162250519, 42.6533470154, 141.245117188, 272.548583984, 92.6114044189, 84.3720245361, 68.3842391968, 71.8086776733, 21.9269542694, -2.05168223381], [-73.5231628418, 49.6443252563, -111.584190369, -7.86764335632, 12.412694931, 47.5680580139, 92.6114044189, 161.114303589, 79.8805847168, 43.4685935974, 36.1136207581, -5.94927167892, -18.3899784088], [-275.029571533, 79.8650283813, -130.760696411, 19.3083744049, 15.1769123077, 52.0473594666, 84.3720245361, 79.8805847168, 177.290344238, 71.6976776123, 70.3752975464, 5.32031345367, 11.2979450226], [-61.4751701355, 58.5570640564, -45.5456008911, 13.8557357788, 38.9482116699, 49.7942466736, 68.3842391968, 43.4685935974, 71.6976776123, 123.604301453, 70.4853439331, 19.4927368164, 1.67778146267], [-289.45980835, 111.507461548, -48.3310623169, 36.6932868958, 22.9226531982, 54.25831604, 71.8086776733, 36.1136207581, 70.3752975464, 70.4853439331, 138.111877441, 31.9250640869, 18.3056716919], [43.3200836182, 110.128005981, 123.480674744, 66.9863052368, 68.1157150269, 34.9761238098, 21.9269542694, -5.94927167892, 5.32031345367, 19.4927368164, 31.9250640869, 119.45489502, 74.2026901245], [-58.2034034729, 167.809082031, 120.291023254, 84.0182113647, 68.3299865723, 19.3340187073, -2.05168223381, -18.3899784088, 11.2979450226, 1.67778146267, 18.3056716919, 74.2026901245, 142.963226318]],
