{
"lowlevel": {
    "average_loudness": 0.904963552952,
    "barkbands_crest": {
        "dmean": 2.40315842628,
        "dmean2": 3.9440073967,
        "dvar": 4.12567329407,
        "dvar2": 10.3839235306,
        "max": 24.2544536591,
        "mean": 8.85920906067,
        "median": 8.24272918701,
        "min": 2.0355451107,
        "var": 11.974694252
    },
    "barkbands_flatness_db": {
        "dmean": 0.0163894463331,
        "dmean2": 0.0256954412907,
        "dvar": 0.000224707022426,
        "dvar2": 0.00051323173102,
        "max": 0.282868951559,
        "mean": 0.110023722053,
        "median": 0.10293109715,
        "min": 0.0184581149369,
        "var": 0.00192258530296
    },
    "barkbands_kurtosis": {
        "dmean": 1.3891479969,
        "dmean2": 2.21074032784,
        "dvar": 5.25948667526,
        "dvar2": 12.8957185745,
        "max": 43.3063278198,
        "mean": 1.44893455505,
        "median": 0.315480351448,
        "min": -1.91776013374,
        "var": 12.6051225662
    },
    "barkbands_skewness": {
        "dmean": 0.40501999855,
        "dmean2": 0.627920269966,
        "dvar": 0.163181707263,
        "dvar2": 0.36451280117,
        "max": 5.57117366791,
        "mean": 0.984617471695,
        "median": 0.889815211296,
        "min": -4.00160074234,
        "var": 0.723693192005
    },
    "barkbands_spread": {
        "dmean": 5.53861284256,
        "dmean2": 8.42359447479,
        "dvar": 47.6050224304,
        "dvar2": 93.4226074219,
        "max": 111.713363647,
        "mean": 25.7310009003,
        "median": 23.9812850952,
        "min": 1.30854511261,
        "var": 214.244445801
    },
    "dissonance": {
        "dmean": 0.0160227455199,
        "dmean2": 0.0273260511458,
        "dvar": 0.000233935934375,
        "dvar2": 0.000627613917459,
        "max": 0.500000119209,
        "mean": 0.473692595959,
        "median": 0.47914069891,
        "min": 0.260971754789,
        "var": 0.000482273375383
    },
    "dynamic_complexity": 2.86940288544,
    "erbbands_crest": {
        "dmean": 2.46262526512,
        "dmean2": 4.0153336525,
        "dvar": 5.22505903244,
        "dvar2": 13.1157798767,
        "max": 28.6946678162,
        "mean": 8.1756772995,
        "median": 7.29071092606,
        "min": 2.22536873817,
        "var": 14.949388504
    },
    "erbbands_flatness_db": {
        "dmean": 0.0158812385052,
        "dmean2": 0.0236226338893,
        "dvar": 0.00024360018142,
        "dvar2": 0.000472808489576,
        "max": 0.343005746603,
        "mean": 0.157014399767,
        "median": 0.150028601289,
        "min": 0.0348322615027,
        "var": 0.00254128663801
    },
    "erbbands_kurtosis": {
        "dmean": 0.730050742626,
        "dmean2": 1.17867791653,
        "dvar": 0.933335900307,
        "dvar2": 2.32681274414,
        "max": 31.6276359558,
        "mean": 0.335239619017,
        "median": -0.0748296976089,
        "min": -1.78212189674,
        "var": 2.67428135872
    },
    "erbbands_skewness": {
        "dmean": 0.314619988203,
        "dmean2": 0.490604430437,
        "dvar": 0.0765215978026,
        "dvar2": 0.179145425558,
        "max": 4.83090209961,
        "mean": 0.263849049807,
        "median": 0.200842678547,
        "min": -3.22646093369,
        "var": 0.441944360733
    },
    "erbbands_spread": {
        "dmean": 6.68641757965,
        "dmean2": 10.1298456192,
        "dvar": 57.0453681946,
        "dvar2": 119.643814087,
        "max": 132.771591187,
        "mean": 33.9860649109,
        "median": 31.0045146942,
        "min": 4.04491472244,
        "var": 288.209777832
    },
    "hfc": {
        "dmean": 7.42611169815,
        "dmean2": 10.8072376251,
        "dvar": 102.478515625,
        "dvar2": 201.610580444,
        "max": 371.480102539,
        "mean": 27.4209480286,
        "median": 25.232667923,
        "min": 1.22981335652e-16,
        "var": 408.387695312
    },
    "melbands_crest": {
        "dmean": 3.21278429031,
        "dmean2": 5.13833999634,
        "dvar": 7.96723127365,
        "dvar2": 18.2886734009,
        "max": 29.6938266754,
        "mean": 12.4583148956,
        "median": 11.7683982849,
        "min": 2.31772303581,
        "var": 20.7953472137
    },
    "melbands_flatness_db": {
        "dmean": 0.0199406221509,
        "dmean2": 0.0315739363432,
        "dvar": 0.000334160635248,
        "dvar2": 0.000764769385569,
        "max": 0.378220677376,
        "mean": 0.160048574209,
        "median": 0.152717590332,
        "min": 0.00715537136421,
        "var": 0.00272134295665
    },
    "melbands_kurtosis": {
        "dmean": 3.48620629311,
        "dmean2": 5.53671693802,
        "dvar": 33.7744407654,
        "dvar2": 81.5132980347,
        "max": 103.016448975,
        "mean": 6.34859514236,
        "median": 3.74551296234,
        "min": -1.84527862072,
        "var": 75.3339920044
    },
    "melbands_skewness": {
        "dmean": 0.551628887653,
        "dmean2": 0.856442928314,
        "dvar": 0.31648337841,
        "dvar2": 0.723896920681,
        "max": 8.16594982147,
        "mean": 1.88000667095,
        "median": 1.71176230907,
        "min": -1.72215914726,
        "var": 1.37597370148
    },
    "melbands_spread": {
        "dmean": 7.29724407196,
        "dmean2": 11.3612890244,
        "dvar": 93.465965271,
        "dvar2": 195.722305298,
        "max": 253.899841309,
        "mean": 29.9600505829,
        "median": 27.7253131866,
        "min": 1.85862982273,
        "var": 345.50579834
    },
    "pitch_salience": {
        "dmean": 0.0658397898078,
        "dmean2": 0.106505252421,
        "dvar": 0.00298535614274,
        "dvar2": 0.00749884266406,
        "max": 0.87440431118,
        "mean": 0.596862435341,
        "median": 0.600666284561,
        "min": 0.176602110267,
        "var": 0.00961544644088
    },
    "silence_rate_20dB": {
        "dmean": 0,
        "dmean2": 0,
        "dvar": 0,
        "dvar2": 0,
        "max": 1,
        "mean": 1,
        "median": 1,
        "min": 1,
        "var": 0
    },
    "silence_rate_30dB": {
        "dmean": 0.000238521170104,
        "dmean2": 0.000477099238196,
        "dvar": 0.00023842403607,
        "dvar2": 0.000715260277502,
        "max": 1,
        "mean": 0.999880731106,
        "median": 1,
        "min": 0,
        "var": 0.000119222080684
    },
    "silence_rate_60dB": {
        "dmean": 0.00858676247299,
        "dmean2": 0.017175571993,
        "dvar": 0.00851312559098,
        "dvar2": 0.0206951145083,
        "max": 1,
        "mean": 0.0648700222373,
        "median": 0,
        "min": 0,
        "var": 0.0606653392315
    },
    "spectral_centroid": {
        "dmean": 228.785629272,
        "dmean2": 348.257293701,
        "dvar": 63200.2539062,
        "dvar2": 119879.773438,
        "max": 11171.5019531,
        "mean": 1577.14562988,
        "median": 1570.78466797,
        "min": 297.098419189,
        "var": 322173.90625
    },
    "spectral_complexity": {
        "dmean": 4.05223608017,
        "dmean2": 6.1586356163,
        "dvar": 16.7245025635,
        "dvar2": 32.3253326416,
        "max": 58,
        "mean": 24.9075832367,
        "median": 26,
        "min": 0,
        "var": 129.300170898
    },
    "spectral_decrease": {
        "dmean": 1.89125559658e-09,
        "dmean2": 2.76101919106e-09,
        "dvar": 4.45952920562e-18,
        "dvar2": 9.53800044049e-18,
        "max": 8.19116662794e-30,
        "mean": -6.65419497281e-09,
        "median": -6.39699582194e-09,
        "min": -3.2476595635e-08,
        "var": 1.7577703822e-17
    },
    "spectral_energy": {
        "dmean": 0.00761736882851,
        "dmean2": 0.0110999206081,
        "dvar": 7.07176659489e-05,
        "dvar2": 0.00015041489678,
        "max": 0.129875913262,
        "mean": 0.0276016257703,
        "median": 0.0267901476473,
        "min": 1.11238594463e-20,
        "var": 0.000287187751383
    },
    "spectral_energyband_high": {
        "dmean": 0.000430036394391,
        "dmean2": 0.000635673059151,
        "dvar": 9.24939172364e-07,
        "dvar2": 1.82558596862e-06,
        "max": 0.0329468883574,
        "mean": 0.00108618754894,
        "median": 0.00063571089413,
        "min": 7.85202892832e-21,
        "var": 2.55755708167e-06
    },
    "spectral_energyband_low": {
        "dmean": 0.00384873664007,
        "dmean2": 0.00595376873389,
        "dvar": 2.55556533375e-05,
        "dvar2": 5.4221280152e-05,
        "max": 0.0567019768059,
        "mean": 0.00760493939742,
        "median": 0.00543049396947,
        "min": 6.58633475068e-23,
        "var": 6.41851002001e-05
    },
    "spectral_energyband_middle_high": {
        "dmean": 0.00246712937951,
        "dmean2": 0.00368711771443,
        "dvar": 9.40801965044e-06,
        "dvar2": 2.12821996683e-05,
        "max": 0.0675820410252,
        "mean": 0.00832770764828,
        "median": 0.00700830388814,
        "min": 1.67226738316e-21,
        "var": 4.83631811221e-05
    },
    "spectral_energyband_middle_low": {
        "dmean": 0.00517872767523,
        "dmean2": 0.00804403237998,
        "dvar": 5.012890324e-05,
        "dvar2": 0.000118874573673,
        "max": 0.121357783675,
        "mean": 0.0116105126217,
        "median": 0.00874298159033,
        "min": 3.23890636683e-22,
        "var": 0.000108788452053
    },
    "spectral_entropy": {
        "dmean": 0.124188281596,
        "dmean2": 0.185762062669,
        "dvar": 0.0168212838471,
        "dvar2": 0.0326074287295,
        "max": 9.80633640289,
        "mean": 7.76649665833,
        "median": 7.78301858902,
        "min": 6.15124177933,
        "var": 0.122327364981
    },
    "spectral_flux": {
        "dmean": 0.0231830142438,
        "dmean2": 0.0348506495357,
        "dvar": 0.000539655564353,
        "dvar2": 0.00110786466394,
        "max": 0.312844902277,
        "mean": 0.0954357162118,
        "median": 0.0910416692495,
        "min": 1.05469709355e-10,
        "var": 0.0020418218337
    },
    "spectral_kurtosis": {
        "dmean": 1.22357666492,
        "dmean2": 2.03191614151,
        "dvar": 1.76950371265,
        "dvar2": 5.11020946503,
        "max": 24.4194946289,
        "mean": 4.39492940903,
        "median": 3.98585534096,
        "min": -1.33767926693,
        "var": 6.25074625015
    },
    "spectral_rms": {
        "dmean": 0.000705703278072,
        "dmean2": 0.00101943011396,
        "dvar": 4.93939751323e-07,
        "dvar2": 9.63850993685e-07,
        "max": 0.0112564740703,
        "mean": 0.00486233830452,
        "median": 0.00511240959167,
        "min": 3.29432011184e-12,
        "var": 3.28609189637e-06
    },
    "spectral_rolloff": {
        "dmean": 531.060424805,
        "dmean2": 862.120117188,
        "dvar": 1155024.25,
        "dvar2": 2254750,
        "max": 19099.9511719,
        "mean": 2007.90979004,
        "median": 1679.58984375,
        "min": 86.1328125,
        "var": 2907016.25
    },
    "spectral_skewness": {
        "dmean": 0.171651259065,
        "dmean2": 0.279848188162,
        "dvar": 0.0288001075387,
        "dvar2": 0.0709942951798,
        "max": 3.78811764717,
        "mean": 1.54239618778,
        "median": 1.50542402267,
        "min": 0.0183904953301,
        "var": 0.139800131321
    },
    "spectral_spread": {
        "dmean": 498730.53125,
        "dmean2": 696978.625,
        "dvar": 631274864640,
        "dvar2": 866197897216,
        "max": 41758168,
        "mean": 4479394,
        "median": 4084975.25,
        "min": 1846725.875,
        "var": 3.09750058189e+12
    },
    "spectral_strongpeak": {
        "dmean": 0.632923901081,
        "dmean2": 1.06831884384,
        "dvar": 0.888973474503,
        "dvar2": 2.25815463066,
        "max": 11.4739618301,
        "mean": 1.0498726368,
        "median": 0.516302645206,
        "min": 0,
        "var": 1.66043508053
    },
    "zerocrossingrate": {
        "dmean": 0.0104662226513,
        "dmean2": 0.0118316765875,
        "dvar": 0.000249064352829,
        "dvar2": 0.000247395277256,
        "max": 0.53759765625,
        "mean": 0.073438115418,
        "median": 0.0654296875,
        "min": 0.00732421875,
        "var": 0.00183893658686
    },
    "barkbands": {
        "dmean": [7.37692389521e-05, 0.00219470518641, 0.00253606797196, 0.00181989569683, 0.00199726386927, 0.000956068455707, 0.000859607593156, 0.00113605009392, 0.00152235256974, 0.00062026939122, 0.000686453829985, 0.000609933398664, 0.000663071055897, 0.000492161198054, 0.000565358146559, 0.000401835219236, 0.000328004272887, 0.000240492125158, 0.000201525137527, 0.000154829089297, 9.20671445783e-05, 9.27557921386e-05, 8.63593959366e-05, 9.19506637729e-05, 8.41718501761e-05, 2.77896851912e-05, 5.17518492416e-06],
        "dmean2": [0.000119708194688, 0.00345667987131, 0.00426142243668, 0.00329092680477, 0.00327980751172, 0.00155265454669, 0.00135550112464, 0.00180003035348, 0.00248752324842, 0.00102578406222, 0.00113728782162, 0.00101839017589, 0.00108347157948, 0.000802780559752, 0.000896837213077, 0.000634525786154, 0.000511606980581, 0.000378613476641, 0.000318689359119, 0.00024691192084, 0.000148343780893, 0.000149245621287, 0.000133987210575, 0.000136647649924, 0.000120979842904, 3.92642614315e-05, 7.39805091143e-06],
        "dvar": [1.5614478599e-08, 9.04806256585e-06, 2.99250605167e-05, 2.25750100071e-05, 1.27403536681e-05, 4.42335885964e-06, 5.03404271512e-06, 1.01276409623e-05, 9.45730425883e-06, 1.85591716217e-06, 2.1026826289e-06, 1.45483272718e-06, 2.29883767133e-06, 8.2682709035e-07, 1.21296432098e-06, 5.64511594803e-07, 3.00534253483e-07, 1.24486987829e-07, 1.04234089804e-07, 7.20013701994e-08, 2.80779790529e-08, 2.95709838838e-08, 3.63451988505e-08, 6.66321753329e-08, 1.24218701103e-07, 1.83610815441e-08, 1.10312559087e-09],
        "dvar2": [3.41927801628e-08, 1.5311743482e-05, 7.86056989455e-05, 6.39779027551e-05, 3.39522848662e-05, 1.05638737296e-05, 1.12374464152e-05, 2.4097826099e-05, 2.39411510847e-05, 4.71143312097e-06, 5.36152128916e-06, 3.7018689909e-06, 5.63763205719e-06, 2.01319244297e-06, 2.90111711365e-06, 1.3795712448e-06, 7.18855915238e-07, 3.08330385224e-07, 2.48374334433e-07, 1.70834070445e-07, 6.38908943529e-08, 7.03369806843e-08, 8.01778412551e-08, 1.40193733955e-07, 2.57014136196e-07, 3.01100975264e-08, 1.9263985962e-09],
        "max": [0.00191401166376, 0.0310421474278, 0.0462979525328, 0.0589863434434, 0.0668412148952, 0.0486711487174, 0.0511153638363, 0.111581064761, 0.0701474100351, 0.0380467735231, 0.0358621701598, 0.0246874727309, 0.0426103435457, 0.0194655694067, 0.0230290330946, 0.0167338568717, 0.0138394683599, 0.00540326209739, 0.00647688284516, 0.00850622914732, 0.00523042725399, 0.00422744220123, 0.00614863215014, 0.00659032166004, 0.0108696762472, 0.00934317614883, 0.00272074108943],
        "mean": [9.02804968064e-05, 0.00391442514956, 0.0027214505244, 0.00166166387498, 0.00293379882351, 0.00146477983799, 0.00124149024487, 0.00161961629055, 0.00240419665352, 0.000966594961938, 0.00111136713531, 0.00104078534059, 0.00108897278551, 0.000776563421823, 0.000952499220148, 0.000758991925977, 0.000649113673717, 0.000493965519127, 0.000426978047471, 0.000323703105096, 0.000200285518076, 0.000201148868655, 0.00017844933609, 0.000176663292223, 0.000144550780533, 5.1228387747e-05, 8.07003470982e-06],
        "median": [2.44076945819e-05, 0.00239086244255, 0.000447886239272, 0.000387443811633, 0.0016049600672, 0.000619295518845, 0.000390165077988, 0.000424900412327, 0.000976597890258, 0.000442000105977, 0.000495601911098, 0.000530666438863, 0.000463661272079, 0.000403456942877, 0.000438132963609, 0.00041327974759, 0.000387292471714, 0.000330267474055, 0.000267135386821, 0.000205501200981, 0.000108510037535, 0.000117427785881, 9.84904036159e-05, 7.15876522008e-05, 3.28338865074e-05, 1.13963396871e-05, 9.14182351153e-07],
        "min": [5.8978436161e-24, 3.10528721344e-23, 2.02813645932e-23, 1.43545027287e-23, 1.06673659111e-22, 1.61923877102e-23, 3.29012268779e-23, 4.3716314251e-23, 9.73375660279e-23, 5.85444601112e-23, 4.19643677764e-23, 9.68619901871e-23, 5.70249183702e-23, 1.75149360526e-22, 1.56709882017e-22, 3.79137052366e-22, 1.75393957893e-22, 9.91696355268e-23, 2.87424159255e-22, 3.36160440364e-22, 6.2320072097e-22, 5.21244752995e-22, 5.81861531772e-22, 7.5500541855e-22, 1.40672705845e-21, 1.63969684361e-21, 2.49125131439e-21],
        "var": [3.0436101639e-08, 2.08072051464e-05, 2.6593595976e-05, 1.61818188644e-05, 1.70390630956e-05, 8.54904828884e-06, 8.63206059876e-06, 1.73558892129e-05, 1.96272958419e-05, 3.02401053887e-06, 4.20000696977e-06, 3.03087676912e-06, 5.02633838551e-06, 1.45417152453e-06, 2.41607858698e-06, 1.35567972848e-06, 7.82928111676e-07, 3.06730896682e-07, 2.80896244931e-07, 1.7506523875e-07, 7.51501190166e-08, 7.29951210587e-08, 8.32715514321e-08, 1.43024053045e-07, 2.19285652747e-07, 3.77277196151e-08, 1.88065829576e-09]
    },
    "erbbands": {
        "dmean": [0.0518935360014, 0.548153877258, 2.39249515533, 3.98946928978, 4.55590200424, 9.11995983124, 7.38612985611, 9.16498947144, 9.2421579361, 18.3506526947, 25.1523933411, 35.6651725769, 23.4258785248, 20.6145076752, 26.9503269196, 20.6196727753, 28.0488166809, 24.3185634613, 26.6845245361, 25.0918235779, 19.3982810974, 17.5465164185, 14.1323108673, 8.75518512726, 10.5759105682, 6.94178724289, 4.26728200912, 3.45556402206, 3.44920420647, 2.71823859215, 2.45416331291, 2.10827755928, 1.48766386509, 1.12599253654, 0.500511407852, 0.161566123366, 0.0463047809899, 0.00815243273973, 0.00105001148768, 3.87115651392e-05],
        "dmean2": [0.0765973478556, 0.828228652477, 3.81035876274, 6.41830396652, 7.7044043541, 15.258026123, 12.2697553635, 14.8668479919, 14.6982154846, 28.6030979156, 40.3667640686, 58.2522163391, 38.8288536072, 34.0914878845, 44.3966751099, 34.3004074097, 45.8794288635, 39.1773109436, 42.7461585999, 39.2919273376, 30.1583805084, 26.8537960052, 21.9659538269, 13.7559289932, 16.5078277588, 11.0365304947, 7.02657413483, 5.53855609894, 5.63169908524, 4.28557062149, 3.77421140671, 3.19281411171, 2.22667551041, 1.64085412025, 0.719282507896, 0.229299128056, 0.0660651698709, 0.011387385428, 0.00150997308083, 5.57671701245e-05],
        "dvar": [0.00430825771764, 0.608218550682, 21.9659099579, 77.0159378052, 93.9341583252, 303.040618896, 185.788711548, 504.352233887, 711.373168945, 1820.34155273, 5326.48828125, 6090.96435547, 1923.16040039, 1640.42651367, 3808.50854492, 1626.73632812, 3761.26782227, 2211.51342773, 2498.0690918, 2193.62817383, 1323.5916748, 857.829101562, 451.115325928, 166.140319824, 312.233154297, 169.449127197, 54.1367301941, 48.3601837158, 43.5462150574, 29.5399284363, 31.4792346954, 32.3615188599, 20.699016571, 21.2449245453, 4.19726610184, 0.431829810143, 0.0609695874155, 0.00409096386284, 3.2494928746e-05, 2.0040543447e-08],
        "dvar2": [0.00782370287925, 1.00860762596, 55.5085334778, 187.41217041, 251.449249268, 822.965270996, 467.053436279, 1196.68884277, 1647.32128906, 4135.70556641, 13134.1064453, 15223.5419922, 4996.40869141, 4110.61230469, 10035.9179688, 4119.24023438, 9419.40332031, 5246.29296875, 5991.84960938, 5169.515625, 3174.41699219, 2003.64318848, 1102.22180176, 401.879333496, 719.232421875, 410.909729004, 132.643356323, 107.635475159, 107.216911316, 68.1122131348, 68.7443237305, 70.5907897949, 43.7558288574, 45.6082267761, 8.4753704071, 0.77434271574, 0.100929923356, 0.00690415082499, 5.56452650926e-05, 3.1936071565e-08],
        "max": [0.801832020283, 7.46804618835, 41.8748893738, 90.4718322754, 226.865066528, 346.639953613, 368.594207764, 511.632385254, 903.163635254, 985.847595215, 2428.05615234, 1892.0826416, 1125.96984863, 964.985717773, 1524.10339355, 994.212097168, 1706.75048828, 1153.17370605, 916.908935547, 921.898742676, 1057.25695801, 807.866088867, 364.236602783, 259.392211914, 451.523468018, 563.694030762, 151.887756348, 233.586105347, 190.682220459, 157.380371094, 191.919616699, 145.292129517, 115.683174133, 154.753097534, 70.4697875977, 38.2244110107, 17.5679912567, 5.41729211807, 0.449352741241, 0.00945431552827],
        "mean": [0.0930922776461, 0.959523618221, 2.91788482666, 4.74877595901, 5.95821428299, 12.2582349777, 10.4911270142, 14.1048440933, 14.3237104416, 27.2359142303, 37.6582107544, 56.6429100037, 38.5824623108, 36.2929496765, 48.2489776611, 38.7948532104, 49.0198249817, 42.9594078064, 47.1440086365, 46.70520401, 40.3769073486, 37.321762085, 30.7302246094, 20.3129920959, 22.5177555084, 15.2056856155, 9.14867305756, 7.41151094437, 7.28689575195, 5.96406412125, 5.00291109085, 4.12562990189, 2.69980025291, 1.89378535748, 0.848323106766, 0.284228861332, 0.0845464169979, 0.0143196983263, 0.0016322178999, 8.60548680066e-05],
        "median": [0.0540255196393, 0.565457224846, 0.757073879242, 1.1364774704, 2.64798069, 5.80483007431, 5.39475488663, 5.24605941772, 5.80295085907, 8.91206741333, 12.6390447617, 23.099407196, 19.2450790405, 18.7959594727, 21.7656326294, 22.4643058777, 23.8577899933, 22.6441478729, 24.9655475616, 24.1826019287, 24.0731315613, 23.3664169312, 20.9656505585, 14.1141424179, 14.3009805679, 9.95299339294, 5.16870069504, 3.9842505455, 4.12025928497, 3.55931282043, 2.56961226463, 1.84540176392, 0.892550230026, 0.445962131023, 0.179657131433, 0.0602241903543, 0.0193733051419, 0.00287775904872, 0.000194103529793, 4.74869702884e-05],
        "min": [6.73516314232e-22, 7.36300443539e-21, 2.51685421032e-20, 4.34028097443e-20, 1.53855244968e-19, 4.04471518903e-19, 3.08097868957e-19, 1.14413024464e-19, 3.88520814205e-19, 5.9220021062e-19, 1.23355997184e-18, 1.81015903912e-18, 2.01675070583e-18, 2.56258072227e-18, 2.53354234007e-18, 3.19334688478e-18, 3.05311454195e-18, 4.00619121655e-18, 1.07369185019e-17, 1.47590081298e-17, 2.01015178977e-17, 8.04032707573e-18, 6.50873558355e-18, 1.45823124248e-17, 1.14660674585e-17, 1.36183550164e-17, 2.69492002498e-17, 1.97228097979e-17, 1.34247203068e-17, 2.59381605482e-17, 1.73130937072e-17, 1.86232534989e-17, 9.36912903689e-18, 9.93896631625e-18, 1.28744615654e-17, 6.66753647678e-18, 3.17049312523e-18, 1.26757994588e-18, 3.06010426982e-19, 3.84397551496e-20],
        "var": [0.0104790544137, 1.37481355667, 23.3133735657, 82.6533203125, 98.9550933838, 365.691375732, 280.560089111, 995.757568359, 1206.3848877, 3244.7434082, 8455.65429688, 12179.6337891, 3458.92163086, 3354.65698242, 8482.70800781, 3371.41015625, 8164.63330078, 4558.94287109, 4909.99755859, 4720.55371094, 3370.18115234, 2355.67358398, 1167.42126465, 498.656768799, 763.138671875, 437.462463379, 135.604522705, 115.689376831, 99.1736373901, 72.9694137573, 72.0373077393, 64.2875289917, 43.0583534241, 36.1578330994, 7.7744550705, 0.912287354469, 0.115262299776, 0.00680626928806, 6.04954038863e-05, 4.50301449462e-08]
    },
    "gfcc": {
        "mean": [18.8922576904, 74.9734191895, -133.660522461, 21.6021881104, -57.9762954712, 16.5057010651, -36.7864379883, 11.0469455719, -22.3161582947, -1.06479644775, -16.5003738403, 0.0261780079454, -11.3873405457],
        "cov": [[6886.25390625, -167.235794067, 1243.58984375, 1022.5958252, 479.202148438, 353.281036377, -88.2994308472, 167.379943848, 147.704345703, 260.805206299, 112.196762085, 93.0273666382, -30.4997196198], [-167.235794067, 1487.18554688, 260.659667969, 371.600708008, 260.223754883, 0.0950838476419, 103.60546875, 20.9367370605, 126.260810852, -20.1868553162, 195.171676636, -30.2450294495, 8.17694950104], [1243.58984375, 260.659667969, 1201.82958984, 580.808105469, 225.916503906, 180.819122314, -65.4292755127, 47.2390365601, 76.4445571899, 101.203155518, 94.0902862549, 11.1611232758, 20.7520656586], [1022.5958252, 371.600708008, 580.808105469, 646.215393066, 205.656600952, 128.110061646, -17.9837398529, 28.7655067444, 108.809738159, 66.9194641113, 81.6123657227, 12.1497068405, 34.3679351807], [479.202148438, 260.223754883, 225.916503906, 205.656600952, 261.061645508, 83.3818435669, 38.6252593994, 33.4301643372, 41.1790618896, 44.0237388611, 48.7672080994, 15.2446231842, 8.38401794434], [353.281036377, 0.0950838476419, 180.819122314, 128.110061646, 83.3818435669, 185.860229492, 62.300151825, 18.021692276, 15.0118503571, 29.8949718475, 18.2599906921, 3.31206059456, 14.4484882355], [-88.2994308472, 103.60546875, -65.4292755127, -17.9837398529, 38.6252593994, 62.300151825, 171.932037354, 25.2878303528, -13.5220594406, -2.7852845192, 16.0119991302, 2.1920671463, -11.1593465805], [167.379943848, 20.9367370605, 47.2390365601, 28.7655067444, 33.4301643372, 18.021692276, 25.2878303528, 106.529792786, 54.6810913086, 14.7430725098, 34.209186554, 7.15758371353, -1.36955833435], [147.704345703, 126.260810852, 76.4445571899, 108.809738159, 41.1790618896, 15.0118503571, -13.5220594406, 54.6810913086, 139.873428345, 35.3511390686, 38.4270553589, 6.10880422592, 18.2677879333], [260.805206299, -20.1868553162, 101.203155518, 66.9194641113, 44.0237388611, 29.8949718475, -2.7852845192, 14.7430725098, 35.3511390686, 85.5634460449, 27.2634468079, 14.9241781235, 8.77983665466], [112.196762085, 195.171676636, 94.0902862549, 81.6123657227, 48.7672080994, 18.2599906921, 16.0119991302, 34.209186554, 38.4270553589, 27.2634468079, 137.271697998, 37.9825935364, 12.2236194611], [93.0273666382, -30.2450294495, 11.1611232758, 12.1497068405, 15.2446231842, 3.31206059456, 2.1920671463, 7.15758371353, 6.10880422592, 14.9241781235, 37.9825935364, 84.1120681763, 34.5667915344], [-30.4997196198, 8.17694950104, 20.7520656586, 34.3679351807, 8.38401794434, 14.4484882355, -11.1593465805, -1.36955833435, 18.2677879333, 8.77983665466, 12.2236194611, 34.5667915344, 75.3717346191]],
        "icov": [[0.000247034826316, 0.000110207518446, -2.96885482385e-05, -0.000333898613462, -0.000196533437702, -0.00015867986076, 0.00019047036767, -0.000284409645246, 0.000130033717141, -0.000287485745503, 6.10424540355e-05, -0.000290936528472, 0.000449246668722], [0.000110207518446, 0.0016154294135, -0.000128405386931, -0.000599878199864, -0.00136947876308, 0.00130813370924, -0.00128578674048, 0.00122588931117, -0.00120701035485, 0.00160967104603, -0.0021851346828, 0.00163253850769, -0.000377592048608], [-2.96885482385e-05, -0.000128405386931, 0.00178542453796, -0.00122608046513, -0.000121006538393, -0.0010683540022, 0.00123489194084, -0.000749540049583, 0.000907220004592, -0.000845975184347, -0.000191037790501, 5.21320616826e-05, 0.000342615210684], [-0.000333898613462, -0.000599878199864, -0.00122608046513, 0.00417296309024, -0.000709331827238, -0.000733242544811, 0.000199589456315, 0.00120926392265, -0.00178028503433, 0.00028814887628, -3.6498910049e-05, 0.000310749514028, -0.0011029309826], [-0.000196533437702, -0.00136947876308, -0.000121006538393, -0.000709331827238, 0.00710213230923, -0.00186080113053, -0.00011613809329, -0.00156088802032, 0.000997177907266, -0.00236528785899, 0.00135895668063, -0.001728316769, 0.000553026387934], [-0.00015867986076, 0.00130813370924, -0.0010683540022, -0.000733242544811, -0.00186080113053, 0.00986912474036, -0.00485949171707, 0.00131770246662, -0.000843698100653, 0.00034298049286, -0.00127141631674, 0.00256750546396, -0.00276483758353], [0.00019047036767, -0.00128578674048, 0.00123489194084, 0.000199589456315, -0.00011613809329, -0.00485949171707, 0.00978253874928, -0.00353986723348, 0.00284451409243, -0.00117464037612, 0.000911613868084, -0.00196887366474, 0.00231660273857], [-0.000284409645246, 0.00122588931117, -0.000749540049583, 0.00120926392265, -0.00156088802032, 0.00131770246662, -0.00353986723348, 0.015032752417, -0.00700790295377, 0.00250994041562, -0.00358276534826, 0.00119325786363, 0.000516888278071], [0.000130033717141, -0.00120701035485, 0.000907220004592, -0.00178028503433, 0.000997177907266, -0.000843698100653, 0.00284451409243, -0.00700790295377, 0.0130528938025, -0.00472800480202, 0.000582382665016, 0.000278666731901, -0.00174493982922], [-0.000287485745503, 0.00160967104603, -0.000845975184347, 0.00028814887628, -0.00236528785899, 0.00034298049286, -0.00117464037612, 0.00250994041562, -0.00472800480202, 0.0174248628318, -0.00349842291325, 0.00025948669645, -0.000555870414246], [6.10424540355e-05, -0.0021851346828, -0.000191037790501, -3.6498910049e-05, 0.00135895668063, -0.00127141631674, 0.000911613868084, -0.00358276534826, 0.000582382665016, -0.00349842291325, 0.0132409278303, -0.00686149578542, 0.00175922247581], [-0.000290936528472, 0.00163253850769, 5.21320616826e-05, 0.000310749514028, -0.001728316769, 0.00256750546396, -0.00196887366474, 0.00119325786363, 0.000278666731901, 0.00025948669645, -0.00686149578542, 0.0196448396891, -0.0090150963515], [0.000449246668722, -0.000377592048608, 0.000342615210684, -0.0011029309826, 0.000553026387934, -0.00276483758353, 0.00231660273857, 0.000516888278071, -0.00174493982922, -0.000555870414246, 0.00175922247581, -0.0090150963515, 0.0190566312522]]
    },
    "melbands": {
        "dmean": [0.000535365135875, 0.000967596832197, 0.000696755072568, 0.000434934045188, 0.000298625585856, 0.000194368592929, 0.000152224718477, 0.000216101849219, 0.000208396289963, 0.000230268982705, 0.000117788746138, 8.50211145007e-05, 9.12450559554e-05, 7.29478706489e-05, 5.23309063283e-05, 7.32851112843e-05, 4.5023378334e-05, 4.58292524854e-05, 4.26855513069e-05, 3.16719742841e-05, 2.30826735788e-05, 1.91142025869e-05, 1.89601578313e-05, 1.06021416286e-05, 7.44406725062e-06, 8.77996717463e-06, 7.51516017772e-06, 4.39048608314e-06, 3.12189285978e-06, 2.19637649934e-06, 2.25969392886e-06, 2.14477904592e-06, 1.77255515155e-06, 1.61853108693e-06, 1.50925666276e-06, 1.42979536122e-06, 1.32698914967e-06, 1.10434586986e-06, 1.03561910691e-06, 9.71937879513e-07],
        "dmean2": [0.000815934035927, 0.00151291093789, 0.00111463782378, 0.000702082994394, 0.000499410496559, 0.000314850942232, 0.000240239984123, 0.000336679135216, 0.000338181649568, 0.000376553507522, 0.000195636297576, 0.000140235162689, 0.000150203632074, 0.000121493590996, 8.56180340634e-05, 0.00011992517102, 7.30428437237e-05, 7.42949050618e-05, 6.72989990562e-05, 5.0584490964e-05, 3.62993123417e-05, 2.9611559512e-05, 2.96847119898e-05, 1.68886617757e-05, 1.19738260764e-05, 1.38731684274e-05, 1.19108881336e-05, 7.11162419975e-06, 5.2534292081e-06, 3.59981822839e-06, 3.6692190406e-06, 3.51700577994e-06, 2.84781458504e-06, 2.58997306446e-06, 2.36474897974e-06, 2.21370191866e-06, 2.02845285457e-06, 1.67931182204e-06, 1.57862496053e-06, 1.42836552186e-06],
        "dvar": [4.47707577678e-07, 2.75897764368e-06, 2.38783832174e-06, 6.48808907044e-07, 2.81689722215e-07, 2.09867735634e-07, 1.6789310564e-07, 2.496497018e-07, 3.35386800998e-07, 2.41959696723e-07, 5.08268840349e-08, 2.95193753885e-08, 3.94880927956e-08, 2.22735252464e-08, 1.3351869832e-08, 3.30571623408e-08, 7.72047581421e-09, 7.28453519727e-09, 8.41935499096e-09, 3.81056475263e-09, 2.14866346937e-09, 1.08247100172e-09, 9.43405353837e-10, 2.83971846038e-10, 1.33685548742e-10, 2.26263993652e-10, 1.75893008492e-10, 7.08793440607e-11, 2.93418865593e-11, 1.89269086515e-11, 1.9737957796e-11, 1.69246457127e-11, 1.03785131531e-11, 1.11659761298e-11, 1.19463631695e-11, 1.27577557893e-11, 1.33014753725e-11, 1.03912286761e-11, 1.75861911839e-11, 1.64509812023e-11],
        "dvar2": [7.86195641922e-07, 6.44660940452e-06, 5.99132999923e-06, 1.68078963725e-06, 7.32870887532e-07, 4.96544885209e-07, 3.80343578854e-07, 5.74537750708e-07, 8.50935975905e-07, 5.99877182594e-07, 1.31984862151e-07, 7.37119947303e-08, 1.02884236242e-07, 5.77607721652e-08, 3.14328154616e-08, 8.22963883707e-08, 1.82194010989e-08, 1.78405930029e-08, 2.04387831104e-08, 9.45995815016e-09, 5.15588371997e-09, 2.56946797172e-09, 2.30519248134e-09, 7.09227010454e-10, 3.31080218796e-10, 5.38628253111e-10, 4.02096522745e-10, 1.76121062179e-10, 7.63305946228e-11, 4.50302295452e-11, 4.63168739473e-11, 4.25261111048e-11, 2.47597081726e-11, 2.66761508716e-11, 2.75447026299e-11, 2.81863785784e-11, 2.93969779075e-11, 2.22674205463e-11, 3.99145438923e-11, 3.61420303407e-11],
        "max": [0.00844977609813, 0.0159842353314, 0.0227959267795, 0.0152401262894, 0.0125259412453, 0.0104348305613, 0.0121938902885, 0.0119035262614, 0.0159898567945, 0.012542870827, 0.00585136562586, 0.00403644517064, 0.00566887622699, 0.00325133604929, 0.00546028697863, 0.00585343921557, 0.00217124074697, 0.00136299221776, 0.00221846136265, 0.0013145999983, 0.00159230688587, 0.00105906813405, 0.000815658946522, 0.000381276622647, 0.000235648913076, 0.000329706352204, 0.00026981922565, 0.000381291756639, 0.000116789226013, 0.000166358004208, 0.000124843718368, 0.000119058844575, 9.23158659134e-05, 0.000107396117528, 0.000136612681672, 0.000101858080598, 0.000100691984699, 8.32189180073e-05, 0.000175336375833, 0.000133822351927],
        "mean": [0.000979822129011, 0.00148150953464, 0.00086139026098, 0.000646728964057, 0.000426553364377, 0.000300812651403, 0.000231789599638, 0.000320721330354, 0.000307044276269, 0.000362868886441, 0.000185754644917, 0.000141683398397, 0.000156885871547, 0.000126002065372, 8.8628337835e-05, 0.000118817661132, 7.25140926079e-05, 7.33192282496e-05, 7.14583729859e-05, 5.6259053963e-05, 4.38293027401e-05, 3.73523835151e-05, 3.5957669752e-05, 2.12605373235e-05, 1.54360986926e-05, 1.73652224476e-05, 1.46516576933e-05, 8.77132515598e-06, 5.99083841735e-06, 4.29260171586e-06, 4.37178960055e-06, 4.22430730396e-06, 3.59250702786e-06, 3.23080121234e-06, 2.88940123028e-06, 2.6957090995e-06, 2.44464399657e-06, 1.92299216906e-06, 1.6897538444e-06, 1.56983617217e-06],
        "median": [0.000609094160609, 0.000736872840207, 0.000232226127991, 0.000327863090206, 0.000232205333305, 0.000115654016554, 8.95294870134e-05, 9.89994005067e-05, 0.00010103128443, 0.000143807119457, 8.51007498568e-05, 6.89286825946e-05, 7.01932876837e-05, 6.09881535638e-05, 4.76482782688e-05, 4.81391107314e-05, 3.61791571777e-05, 3.66168460459e-05, 3.26045847032e-05, 2.86734830297e-05, 2.53268972301e-05, 2.22295384447e-05, 2.14749452425e-05, 1.37438728416e-05, 9.88609644992e-06, 1.00796569313e-05, 8.6890613602e-06, 5.19729246662e-06, 3.16875684803e-06, 2.19973708226e-06, 2.19107323574e-06, 2.21773507292e-06, 1.99092710318e-06, 1.88658736988e-06, 1.47591140376e-06, 1.22417100101e-06, 1.03384263639e-06, 6.28026555205e-07, 4.29562021509e-07, 3.40941596733e-07],
        "min": [7.28479440497e-24, 1.27601004544e-23, 8.66253997594e-24, 2.18824950621e-23, 1.32036674751e-23, 3.00867092187e-24, 6.0694457121e-24, 7.70971354271e-24, 1.05712638779e-23, 1.20662247131e-23, 9.84018387855e-24, 1.01776585738e-23, 7.28925462453e-24, 1.16096864525e-23, 6.56747963398e-24, 4.86722642571e-24, 8.27048636124e-24, 1.91895211469e-23, 1.49822340609e-23, 2.24874977339e-23, 2.49537388254e-23, 8.98787094642e-24, 6.23839841876e-24, 4.23674709658e-24, 1.34257294533e-23, 7.98396261413e-24, 9.84820896054e-24, 8.14177108277e-24, 1.79158641947e-23, 1.46778568137e-23, 1.028056469e-23, 6.60198007124e-24, 1.13173338122e-23, 1.43400003098e-23, 1.03003217114e-23, 8.81516483958e-24, 1.26781890823e-23, 6.61113480204e-24, 6.57074354597e-24, 8.23385481624e-24],
        "var": [1.16494618396e-06, 3.94536164094e-06, 2.51385085903e-06, 8.85033728082e-07, 4.08974415222e-07, 4.21195011313e-07, 2.88249538016e-07, 4.59790641116e-07, 5.23889809756e-07, 5.09797644099e-07, 8.90561295819e-08, 5.72616905004e-08, 8.32983246823e-08, 4.99826597888e-08, 2.8974168842e-08, 7.01173448192e-08, 1.4364072598e-08, 1.31583872687e-08, 1.54674832942e-08, 8.25781043545e-09, 4.73850381155e-09, 2.80886802706e-09, 2.09047534838e-09, 6.64776234061e-10, 3.46185413669e-10, 5.57927259948e-10, 3.85102144618e-10, 1.72964073619e-10, 6.49313866563e-11, 4.08806877239e-11, 4.283165142e-11, 3.58986763926e-11, 2.57725438213e-11, 2.34728833592e-11, 2.45021503087e-11, 2.65122247073e-11, 2.48613924586e-11, 2.14801371134e-11, 2.70104268812e-11, 2.68124186048e-11]
    },
    "mfcc": {
        "mean": [-618.889526367, 108.684944153, -16.3385906219, 8.55396747589, 0.864282131195, 2.44816732407, -1.4120464325, 7.69960594177, -1.90251064301, 4.02696752548, -2.18611574173, -2.42029166222, -2.19521737099],
        "cov": [[5814.88378906, -353.201873779, 740.00213623, 669.965148926, 641.15637207, 346.640625, 120.276702881, 64.3940200806, 85.0978393555, 162.238067627, 113.902709961, 116.144767761, 202.71812439], [-353.201873779, 1062.88745117, 63.3791427612, 245.874710083, 131.067581177, 35.8814353943, 82.620552063, 81.5971069336, -63.7205886841, 66.8918685913, 49.9113235474, 48.4262695312, 75.7308883667], [740.00213623, 63.3791427612, 966.368835449, 394.956451416, 375.315185547, 174.698440552, 57.3324317932, 4.70607185364, 31.2039432526, 59.5480613708, 27.6616649628, 73.9233474731, 102.807861328], [669.965148926, 245.874710083, 394.956451416, 470.538391113, 278.040008545, 134.319564819, 36.6644935608, 31.0527896881, 16.8811855316, 55.5115394592, 31.6697559357, 57.1342277527, 95.3274536133], [641.15637207, 131.067581177, 375.315185547, 278.040008545, 370.927703857, 107.663276672, 19.6483058929, 17.1480140686, 22.9951896667, 67.6926727295, 21.9981136322, 52.9330177307, 87.4819259644], [346.640625, 35.8814353943, 174.698440552, 134.319564819, 107.663276672, 208.994064331, 81.4618835449, 12.7614250183, 46.9882621765, 12.8370351791, 18.6085224152, 30.9908447266, 2.84103035927], [120.276702881, 82.620552063, 57.3324317932, 36.6644935608, 19.6483058929, 81.4618835449, 173.751022339, 47.9110565186, -1.47751665115, 4.87586927414, 28.9331493378, 19.9144229889, 1.92158448696], [64.3940200806, 81.5971069336, 4.70607185364, 31.0527896881, 17.1480140686, 12.7614250183, 47.9110565186, 113.025627136, 8.62259292603, 23.657289505, 25.4972705841, 15.2756252289, 26.394651413], [85.0978393555, -63.7205886841, 31.2039432526, 16.8811855316, 22.9951896667, 46.9882621765, -1.47751665115, 8.62259292603, 109.907531738, 17.0609455109, 0.42559465766, 5.55660915375, -16.0005340576], [162.238067627, 66.8918685913, 59.5480613708, 55.5115394592, 67.6926727295, 12.8370351791, 4.87586927414, 23.657289505, 17.0609455109, 109.519142151, 35.6030769348, 20.6782302856, 25.5996494293], [113.902709961, 49.9113235474, 27.6616649628, 31.6697559357, 21.9981136322, 18.6085224152, 28.9331493378, 25.4972705841, 0.42559465766, 35.6030769348, 77.4464111328, 27.8337192535, 10.4402532578], [116.144767761, 48.4262695312, 73.9233474731, 57.1342277527, 52.9330177307, 30.9908447266, 19.9144229889, 15.2756252289, 5.55660915375, 20.6782302856, 27.8337192535, 65.6240615845, 39.1383323669], [202.71812439, 75.7308883667, 102.807861328, 95.3274536133, 87.4819259644, 2.84103035927, 1.92158448696, 26.394651413, -16.0005340576, 25.5996494293, 10.4402532578, 39.1383323669, 108.694503784]],
