{
"lowlevel": {
    "average_loudness": 0.972199320793,
    "barkbands_crest": {
        "dmean": 3.22007989883,
        "dmean2": 5.07242870331,
        "dvar": 7.78180980682,
        "dvar2": 17.9519748688,
        "max": 26.9210700989,
        "mean": 12.4425783157,
        "median": 11.85820961,
        "min": 1.92016494274,
        "var": 27.9056739807
    },
    "barkbands_flatness_db": {
        "dmean": 0.0240914802998,
        "dmean2": 0.0360658839345,
        "dvar": 0.000503426708747,
        "dvar2": 0.00111523247324,
        "max": 0.781494259834,
        "mean": 0.131251677871,
        "median": 0.131367206573,
        "min": 0.0219548754394,
        "var": 0.00188802159391
    },
    "barkbands_kurtosis": {
        "dmean": 10.1651525497,
        "dmean2": 19.0112457275,
        "dvar": 220205.796875,
        "dvar2": 659855.75,
        "max": 30131.5332031,
        "mean": 7.75128126144,
        "median": 2.08941316605,
        "min": -1.91893279552,
        "var": 110581.398438
    },
    "barkbands_skewness": {
        "dmean": 0.63442748785,
        "dmean2": 0.980987071991,
        "dvar": 2.63603520393,
        "dvar2": 7.38532924652,
        "max": 104.266105652,
        "mean": 1.77086794376,
        "median": 1.65637791157,
        "min": -2.53088831902,
        "var": 2.69323587418
    },
    "barkbands_spread": {
        "dmean": 6.23667526245,
        "dmean2": 9.74763870239,
        "dvar": 46.9370002747,
        "dvar2": 104.060203552,
        "max": 93.5012664795,
        "mean": 23.2322711945,
        "median": 21.866689682,
        "min": 0.00447733607143,
        "var": 126.471405029
    },
    "dissonance": {
        "dmean": 0.0138584347442,
        "dmean2": 0.0235999356955,
        "dvar": 0.000164748693351,
        "dvar2": 0.000462027848698,
        "max": 0.499990910292,
        "mean": 0.477740466595,
        "median": 0.480977237225,
        "min": 0.315866678953,
        "var": 0.00023839987989
    },
    "dynamic_complexity": 2.0868947506,
    "erbbands_crest": {
        "dmean": 2.22271370888,
        "dmean2": 3.70401096344,
        "dvar": 4.55026578903,
        "dvar2": 11.7951021194,
        "max": 31.9905109406,
        "mean": 7.15503025055,
        "median": 6.36277484894,
        "min": 2.14990592003,
        "var": 10.6814393997
    },
    "erbbands_flatness_db": {
        "dmean": 0.0142402490601,
        "dmean2": 0.0209627207369,
        "dvar": 0.000181708615855,
        "dvar2": 0.000372328388039,
        "max": 0.37326669693,
        "mean": 0.138609215617,
        "median": 0.131118774414,
        "min": 0.0561184249818,
        "var": 0.00199278094806
    },
    "erbbands_kurtosis": {
        "dmean": 0.711483836174,
        "dmean2": 1.15274322033,
        "dvar": 0.822803318501,
        "dvar2": 2.10724282265,
        "max": 17.2602062225,
        "mean": 0.165343150496,
        "median": -0.17523765564,
        "min": -1.83498466015,
        "var": 1.74039256573
    },
    "erbbands_skewness": {
        "dmean": 0.320088714361,
        "dmean2": 0.502879977226,
        "dvar": 0.0901536419988,
        "dvar2": 0.205258607864,
        "max": 3.8442697525,
        "mean": -0.0909567698836,
        "median": -0.118347734213,
        "min": -3.52662706375,
        "var": 0.330739170313
    },
    "erbbands_spread": {
        "dmean": 7.78402280807,
        "dmean2": 12.1045379639,
        "dvar": 57.6110343933,
        "dvar2": 140.159347534,
        "max": 130.956130981,
        "mean": 39.0200042725,
        "median": 37.2884025574,
        "min": 4.57001018524,
        "var": 255.961898804
    },
    "hfc": {
        "dmean": 7.90656328201,
        "dmean2": 11.7819366455,
        "dvar": 123.175857544,
        "dvar2": 275.871398926,
        "max": 133.679412842,
        "mean": 26.5645980835,
        "median": 23.5608978271,
        "min": 1.15964289723e-16,
        "var": 305.217773438
    },
    "melbands_crest": {
        "dmean": 4.33203697205,
        "dmean2": 6.76763820648,
        "dvar": 14.3306102753,
        "dvar2": 32.1531028748,
        "max": 39.9898529053,
        "mean": 18.4676437378,
        "median": 18.1117420197,
        "min": 2.55064535141,
        "var": 51.5987091064
    },
    "melbands_flatness_db": {
        "dmean": 0.0297848079354,
        "dmean2": 0.0446097366512,
        "dvar": 0.000788359553553,
        "dvar2": 0.00170836318284,
        "max": 0.777289927006,
        "mean": 0.200585693121,
        "median": 0.203466176987,
        "min": 0.0104341683909,
        "var": 0.00316693261266
    },
    "melbands_kurtosis": {
        "dmean": 37.7791671753,
        "dmean2": 71.6632614136,
        "dvar": 3482018.75,
        "dvar2": 10443157,
        "max": 119645.960938,
        "mean": 31.268535614,
        "median": 10.2574367523,
        "min": -1.8867251873,
        "var": 1743298.75
    },
    "melbands_skewness": {
        "dmean": 0.979638695717,
        "dmean2": 1.53056824207,
        "dvar": 19.1637554169,
        "dvar2": 56.3628692627,
        "max": 283.05758667,
        "mean": 3.27413415909,
        "median": 3.01314091682,
        "min": -1.12188303471,
        "var": 13.0302190781
    },
    "melbands_spread": {
        "dmean": 7.88693571091,
        "dmean2": 12.6677684784,
        "dvar": 111.737640381,
        "dvar2": 256.701599121,
        "max": 212.404281616,
        "mean": 22.0460910797,
        "median": 18.1163692474,
        "min": 0.00415639486164,
        "var": 252.684570312
    },
    "pitch_salience": {
        "dmean": 0.0933844968677,
        "dmean2": 0.147424712777,
        "dvar": 0.00667347991839,
        "dvar2": 0.0154800554737,
        "max": 0.892546415329,
        "mean": 0.482688724995,
        "median": 0.487177401781,
        "min": 0.00365606485866,
        "var": 0.0226623527706
    },
    "silence_rate_20dB": {
        "dmean": 0,
        "dmean2": 0,
        "dvar": 0,
        "dvar2": 0,
        "max": 1,
        "mean": 1,
        "median": 1,
        "min": 1,
        "var": 0
    },
    "silence_rate_30dB": {
        "dmean": 0.00194908026606,
        "dmean2": 0.00389863550663,
        "dvar": 0.00194529280998,
        "dvar2": 0.00558913312852,
        "max": 1,
        "mean": 0.998903751373,
        "median": 1,
        "min": 0,
        "var": 0.00109506491572
    },
    "silence_rate_60dB": {
        "dmean": 0.0114508466795,
        "dmean2": 0.0229044836015,
        "dvar": 0.0113184247166,
        "dvar2": 0.0265236403793,
        "max": 1,
        "mean": 0.0197320338339,
        "median": 0,
        "min": 0,
        "var": 0.0193425305188
    },
    "spectral_centroid": {
        "dmean": 284.72857666,
        "dmean2": 441.397338867,
        "dvar": 89979.0703125,
        "dvar2": 197616.5,
        "max": 10978.8496094,
        "mean": 1562.79760742,
        "median": 1517.84570312,
        "min": 266.796051025,
        "var": 269958.28125
    },
    "spectral_complexity": {
        "dmean": 4.50651741028,
        "dmean2": 6.9498052597,
        "dvar": 19.3315143585,
        "dvar2": 41.8637619019,
        "max": 59,
        "mean": 25.7922039032,
        "median": 26,
        "min": 0,
        "var": 95.0816726685
    },
    "spectral_decrease": {
        "dmean": 3.38342620587e-09,
        "dmean2": 5.16769071979e-09,
        "dvar": 1.03758111511e-17,
        "dvar2": 2.40077013239e-17,
        "max": -7.89880504571e-29,
        "mean": -1.18475673716e-08,
        "median": -1.21871845948e-08,
        "min": -4.03509652358e-08,
        "var": 4.26729640173e-17
    },
    "spectral_energy": {
        "dmean": 0.0130821270868,
        "dmean2": 0.0199092328548,
        "dvar": 0.000151848624228,
        "dvar2": 0.000351181486621,
        "max": 0.161083802581,
        "mean": 0.0471250973642,
        "median": 0.0488599687815,
        "min": 1.08164221005e-20,
        "var": 0.00063980842242
    },
    "spectral_energyband_high": {
        "dmean": 0.00048314279411,
        "dmean2": 0.000712032604497,
        "dvar": 7.91686943558e-07,
        "dvar2": 1.74296360456e-06,
        "max": 0.0123863853514,
        "mean": 0.00104309315793,
        "median": 0.000605429464485,
        "min": 7.41907338687e-21,
        "var": 1.64737878094e-06
    },
    "spectral_energyband_low": {
        "dmean": 0.0114281969145,
        "dmean2": 0.0174651127309,
        "dvar": 0.000146613820107,
        "dvar2": 0.000356006523361,
        "max": 0.103023700416,
        "mean": 0.0292413402349,
        "median": 0.0273926146328,
        "min": 5.98781525338e-23,
        "var": 0.000521126727108
    },
    "spectral_energyband_middle_high": {
        "dmean": 0.00281149195507,
        "dmean2": 0.00435349252075,
        "dvar": 1.4652657228e-05,
        "dvar2": 3.39270445693e-05,
        "max": 0.0693091079593,
        "mean": 0.00795852579176,
        "median": 0.0061981366016,
        "min": 2.05722847568e-21,
        "var": 4.32688175351e-05
    },
    "spectral_energyband_middle_low": {
        "dmean": 0.00559210358188,
        "dmean2": 0.00918097700924,
        "dvar": 7.35726425773e-05,
        "dvar2": 0.000191105311387,
        "max": 0.111517846584,
        "mean": 0.0107192164287,
        "median": 0.0077932048589,
        "min": 2.32596988434e-22,
        "var": 9.70324326772e-05
    },
    "spectral_entropy": {
        "dmean": 0.121518619359,
        "dmean2": 0.177542984486,
        "dvar": 0.0139548415318,
        "dvar2": 0.0289114546031,
        "max": 9.81729698181,
        "mean": 7.82998943329,
        "median": 7.82632017136,
        "min": 6.57612895966,
        "var": 0.0780454203486
    },
    "spectral_flux": {
        "dmean": 0.0305897276849,
        "dmean2": 0.0473477765918,
        "dvar": 0.000877730199136,
        "dvar2": 0.00187884934712,
        "max": 0.34875357151,
        "mean": 0.114656858146,
        "median": 0.107468217611,
        "min": 1.04002029211e-10,
        "var": 0.00252666603774
    },
    "spectral_kurtosis": {
        "dmean": 1.09675335884,
        "dmean2": 1.8159071207,
        "dvar": 1.32474148273,
        "dvar2": 3.91311264038,
        "max": 22.1936511993,
        "mean": 3.98846483231,
        "median": 3.83631777763,
        "min": -1.31728386879,
        "var": 3.47016429901
    },
    "spectral_rms": {
        "dmean": 0.000969895976596,
        "dmean2": 0.00145661516581,
        "dvar": 7.62308559388e-07,
        "dvar2": 1.62744538557e-06,
        "max": 0.0125361448154,
        "mean": 0.00644428888336,
        "median": 0.00690422113985,
        "min": 3.24847765874e-12,
        "var": 4.4468224587e-06
    },
    "spectral_rolloff": {
        "dmean": 525.514770508,
        "dmean2": 868.216430664,
        "dvar": 680154.75,
        "dvar2": 1468441.125,
        "max": 18949.21875,
        "mean": 1229.45056152,
        "median": 947.4609375,
        "min": 21.533203125,
        "var": 1456337.125
    },
    "spectral_skewness": {
        "dmean": 0.167347460985,
        "dmean2": 0.264850914478,
        "dvar": 0.0258423369378,
        "dvar2": 0.0637311413884,
        "max": 2.70434546471,
        "mean": 1.45584142208,
        "median": 1.4648194313,
        "min": -0.401793897152,
        "var": 0.0989916548133
    },
    "spectral_spread": {
        "dmean": 446682.34375,
        "dmean2": 616613.0625,
        "dvar": 426088300544,
        "dvar2": 639102025728,
        "max": 40909340,
        "mean": 4488841,
        "median": 4215233,
        "min": 1570665.5,
        "var": 1.93316087398e+12
    },
    "spectral_strongpeak": {
        "dmean": 0.373807787895,
        "dmean2": 0.629165351391,
        "dvar": 0.640907943249,
        "dvar2": 1.6795219183,
        "max": 19.3066501617,
        "mean": 0.676083087921,
        "median": 0.486381709576,
        "min": 0,
        "var": 0.880033016205
    },
    "zerocrossingrate": {
        "dmean": 0.0110317422077,
        "dmean2": 0.0132991801947,
        "dvar": 0.000186735007446,
        "dvar2": 0.000219029272557,
        "max": 0.6650390625,
        "mean": 0.0521480217576,
        "median": 0.0458984375,
        "min": 0.0029296875,
        "var": 0.0010580875678
    },
    "barkbands": {
        "dmean": [0.00108078296762, 0.00974157452583, 0.00422995211557, 0.0028232827317, 0.00166787987109, 0.00100632535759, 0.000871245982125, 0.000907875422854, 0.000897558871657, 0.000734158908017, 0.000579979037866, 0.000521212466992, 0.000623050902504, 0.00055223191157, 0.000518503598869, 0.000478567701066, 0.000396637420636, 0.000367649132386, 0.000207177043194, 0.000186421035323, 0.000119165801152, 0.000101764562714, 0.000103970196506, 7.94934967416e-05, 5.64041401958e-05, 2.5101018764e-05, 7.78856758643e-07],
        "dmean2": [0.00178457552101, 0.0152308670804, 0.00676822336391, 0.00500261224806, 0.00281288544647, 0.00163862388581, 0.00144277734216, 0.00151156773791, 0.00147743010893, 0.00120248971507, 0.000964131671935, 0.00084599130787, 0.00101570505649, 0.000911346869543, 0.000856163387652, 0.000798149267212, 0.000649419962429, 0.000595776247792, 0.000334677461069, 0.000296698504826, 0.000191781771719, 0.000161477248184, 0.000157613598276, 0.000116498034913, 8.03773582447e-05, 3.51717899321e-05, 1.19446713143e-06],
        "dvar": [2.83165741166e-06, 0.000119292504678, 6.21816143394e-05, 4.27717823186e-05, 7.92940227257e-06, 3.30679722538e-06, 2.70252508017e-06, 4.53394704891e-06, 3.4341776427e-06, 3.01610225506e-06, 1.41205680393e-06, 1.05704214093e-06, 1.62168976203e-06, 1.08064091364e-06, 7.50906792746e-07, 7.03681791947e-07, 8.21433559395e-07, 5.91425873608e-07, 1.4555899952e-07, 1.74284835452e-07, 5.1273538304e-08, 4.20284003155e-08, 6.24450748887e-08, 3.79966778041e-08, 1.74530843111e-08, 2.73786593397e-09, 4.14349327418e-12],
        "dvar2": [7.87010867498e-06, 0.00030551396776, 0.00015371448535, 0.000120474469441, 2.15628988371e-05, 7.57307316235e-06, 6.66463984089e-06, 1.15975653898e-05, 8.66482878337e-06, 7.29452403903e-06, 3.85615203413e-06, 2.4671949177e-06, 4.03194144383e-06, 2.72212196251e-06, 1.77061895101e-06, 1.74217177573e-06, 1.9049052753e-06, 1.21037260215e-06, 3.62963362477e-07, 3.7406121578e-07, 1.29502211621e-07, 1.01222859428e-07, 1.41301597978e-07, 7.93554733036e-08, 3.63971182082e-08, 5.36193933698e-09, 9.28770168412e-12],
        "max": [0.018277913332, 0.0917501449585, 0.0663120821118, 0.0627363324165, 0.0707731172442, 0.0444798506796, 0.0300562530756, 0.045919418335, 0.0330495387316, 0.0513472035527, 0.0285659674555, 0.0274076834321, 0.0310085229576, 0.0333186872303, 0.0241268184036, 0.0178223345429, 0.0260862372816, 0.0255844537169, 0.012816073373, 0.0155485644937, 0.00643721036613, 0.00351764145307, 0.00981323607266, 0.00486374273896, 0.0028831649106, 0.000818487722427, 4.09503736591e-05],
        "mean": [0.00138256652281, 0.0208649076521, 0.00528797321022, 0.00303660682403, 0.00235185911879, 0.00153139128815, 0.00114468531683, 0.00115771463607, 0.00125223433133, 0.00106678204611, 0.000903496169485, 0.000838499108795, 0.000960580189712, 0.000876123667695, 0.000821256020572, 0.000777171575464, 0.000641577586066, 0.000633341900539, 0.00039566057967, 0.000319894839777, 0.000222431917791, 0.000182213654625, 0.000183227166417, 0.000147893006215, 0.000102025689557, 4.19459174736e-05, 8.75758075836e-07],
        "median": [0.000491384998895, 0.0156290307641, 0.0019183147233, 0.000960559293162, 0.00139370549005, 0.000811396865174, 0.000484450196382, 0.000453033804661, 0.000582524808124, 0.000463524309453, 0.000316745543387, 0.000364818493836, 0.000434523622971, 0.000456409179606, 0.000494340667501, 0.000379796256311, 0.000328484573402, 0.000389374035876, 0.000254324520938, 0.000186155171832, 0.000138759321999, 9.62711856118e-05, 8.14681698103e-05, 5.28993768967e-05, 3.48237517755e-05, 1.22619258036e-05, 1.20802837955e-07],
        "min": [2.1502745311e-23, 3.37167355045e-23, 8.7437295403e-24, 5.19065900242e-24, 5.80813987598e-24, 3.43997312762e-23, 1.46124428898e-23, 3.70889013041e-23, 1.03971513898e-22, 1.06289250347e-22, 8.0262299392e-23, 7.97794534092e-23, 2.77478882538e-22, 1.58811723012e-22, 1.51499550401e-22, 2.64174850657e-22, 2.38085289389e-22, 2.14786629653e-22, 3.35039954956e-22, 4.2735192797e-22, 4.1892823141e-22, 5.16386884432e-22, 6.91316348402e-22, 6.83958964595e-22, 1.19627472091e-21, 1.39564140441e-21, 2.52375652362e-21],
        "var": [4.0036397877e-06, 0.000381401245249, 7.31922191335e-05, 3.66107124137e-05, 9.21751052374e-06, 5.38619133295e-06, 3.77195010515e-06, 5.89621822655e-06, 4.61298850496e-06, 4.33001787314e-06, 2.60690399045e-06, 2.39583869188e-06, 2.72885381492e-06, 1.86508918887e-06, 1.14388274142e-06, 1.32006459808e-06, 1.36052585731e-06, 1.14709155241e-06, 2.4092099693e-07, 2.82609050828e-07, 7.91921337395e-08, 6.78153710965e-08, 1.13471145369e-07, 9.56728598567e-08, 3.72171804486e-08, 6.18142781406e-09, 5.49119994267e-12]
    },
    "erbbands": {
        "dmean": [0.36509552598, 2.15581727028, 4.63203859329, 7.55985069275, 6.80896472931, 5.31988430023, 6.89568948746, 9.53897666931, 12.2732152939, 12.2452058792, 21.8124446869, 18.4853115082, 21.8509559631, 23.5698337555, 19.850069046, 18.9636135101, 24.2851676941, 27.5068969727, 27.719367981, 24.236541748, 25.8520584106, 21.5807704926, 20.0722999573, 13.6312570572, 9.03155136108, 8.61243343353, 6.31314611435, 3.98971152306, 3.89848661423, 3.26124215126, 2.90377044678, 2.11764025688, 1.10640859604, 0.691535055637, 0.386999458075, 0.14938378334, 0.0388635881245, 0.0042854482308, 0.000177241236088, 1.7895396013e-05],
        "dmean2": [0.506303071976, 3.57754445076, 7.23795175552, 12.9880084991, 11.7472162247, 9.00174999237, 11.4207134247, 15.554561615, 20.0864143372, 20.1055870056, 36.2908935547, 30.5100021362, 35.7672080994, 38.2302742004, 32.5875282288, 30.4888153076, 39.4409332275, 44.6881484985, 45.5849113464, 39.8327178955, 43.0040473938, 35.2205886841, 32.5373153687, 22.0336856842, 14.3629484177, 13.7757081985, 10.3147182465, 6.37286472321, 6.28811073303, 5.03881835938, 4.44263792038, 3.15370130539, 1.63094484806, 0.999581694603, 0.563819587231, 0.214518889785, 0.0544157028198, 0.00613689841703, 0.000255151913734, 2.67707910098e-05],
        "dvar": [0.215514272451, 6.63586854935, 62.4718856812, 295.960968018, 161.268356323, 96.8536682129, 194.766067505, 355.721618652, 508.078063965, 655.2109375, 2805.73535156, 2043.33447266, 2793.37329102, 1984.72790527, 1508.11901855, 1441.62145996, 2286.93798828, 2911.01879883, 2499.21704102, 1633.16784668, 2215.77197266, 2775.13745117, 1714.24255371, 877.375854492, 242.089172363, 339.503570557, 211.352416992, 42.2769622803, 60.8981361389, 56.7484931946, 54.6542663574, 28.2188205719, 6.64335393906, 2.84658026695, 0.793304026127, 0.109221890569, 0.00629031751305, 7.95366286184e-05, 1.90765959474e-07, 3.85655618551e-10],
        "dvar2": [0.391214996576, 18.8986721039, 151.164810181, 799.58215332, 441.176269531, 259.43157959, 523.081237793, 808.718017578, 1232.8737793, 1622.98400879, 7391.65820312, 5210.57519531, 6831.49707031, 4903.11621094, 4032.97119141, 3327.94018555, 5755.97607422, 7371.89599609, 5894.47167969, 4037.67504883, 5563.46923828, 6611.17285156, 3721.62890625, 1907.1574707, 537.247131348, 753.817443848, 517.969787598, 102.069747925, 153.126785278, 129.27003479, 125.146339417, 61.0075454712, 14.0817251205, 6.11032772064, 1.6988748312, 0.222936853766, 0.0125325666741, 0.000161588235642, 4.09061016171e-07, 8.48829784239e-10],
        "max": [4.35020065308, 21.6417751312, 73.6891860962, 168.886672974, 158.299087524, 236.622375488, 590.318603516, 421.035858154, 379.223419189, 578.875244141, 1177.45385742, 981.428527832, 1627.93481445, 993.330627441, 962.258605957, 1138.98303223, 1136.98535156, 1903.7857666, 1563.22229004, 736.323669434, 1130.31311035, 1796.30749512, 1322.2467041, 919.196044922, 731.873352051, 532.00201416, 413.036804199, 81.7936477661, 134.622512817, 167.572235107, 343.786102295, 153.796813965, 49.3514938354, 41.4634475708, 16.5373516083, 4.78557872772, 1.61507415771, 0.148444890976, 0.00805513188243, 0.000365963816876],
        "mean": [0.762984752655, 3.94612956047, 6.68145418167, 8.91674137115, 8.33644771576, 7.15485334396, 9.49185752869, 14.1149730682, 16.9922943115, 17.0280036926, 28.3781757355, 26.1242809296, 33.5068054199, 38.499622345, 34.9078025818, 33.0962219238, 40.1969528198, 45.7682952881, 46.7315559387, 41.4012794495, 43.2894210815, 36.8224334717, 35.6832542419, 26.0014610291, 17.8059654236, 15.1186676025, 11.1843099594, 7.64249134064, 6.72841882706, 5.81490945816, 5.07019042969, 3.72359609604, 2.07597088814, 1.25757336617, 0.664746701717, 0.253941178322, 0.0628760382533, 0.00632352568209, 0.000263570953393, 6.45455074846e-05],
        "median": [0.344227612019, 2.96179437637, 3.13831567764, 3.31462693214, 4.10596466064, 3.8910112381, 5.02471733093, 6.9265294075, 8.46782684326, 7.48413562775, 11.4320297241, 12.2974128723, 16.7294807434, 18.4456825256, 16.0251197815, 16.0438461304, 20.2445335388, 23.3832168579, 27.6639232635, 23.9897003174, 21.5980491638, 20.0793628693, 22.034954071, 16.5118751526, 12.1418209076, 9.00666236877, 6.50671291351, 4.94882392883, 3.62117528915, 2.74756026268, 2.21520090103, 1.33903062344, 0.769770264626, 0.447265774012, 0.209009245038, 0.0749790221453, 0.0185168981552, 0.00173182506114, 7.60900584282e-05, 6.45408290438e-05],
        "min": [1.20203156274e-21, 6.21187032971e-21, 1.38669866514e-20, 1.66164364567e-20, 1.22159228396e-20, 2.50842100704e-20, 2.27213020885e-19, 1.8112415859e-19, 2.15296799152e-19, 2.47361615492e-19, 1.24572676467e-18, 2.45191140094e-18, 2.56246160826e-18, 4.84397214865e-18, 2.38617391009e-18, 4.56023306852e-18, 1.28303058371e-17, 6.42266495927e-18, 7.11586919596e-18, 1.2793914026e-17, 1.40189230183e-17, 1.42065623228e-17, 1.29421696072e-17, 1.12911774887e-17, 1.95611340384e-17, 2.14865755852e-17, 1.52298227908e-17, 1.8040842247e-17, 1.80600311829e-17, 1.77597083722e-17, 2.1068286893e-17, 1.34758284881e-17, 1.32695801014e-17, 1.17650245939e-17, 8.52303990272e-18, 5.1826467748e-18, 2.55221470163e-18, 1.2743500056e-18, 3.24472710513e-19, 3.83847024024e-20],
        "var": [0.833531677723, 13.8631849289, 86.5175552368, 274.759063721, 159.272491455, 111.290031433, 218.61479187, 553.782348633, 745.251159668, 956.48626709, 3367.18457031, 2469.32519531, 3741.66918945, 3667.66699219, 3030.59741211, 3299.54394531, 3859.81396484, 4926.71582031, 4083.19140625, 2699.6730957, 4261.58203125, 4255.94824219, 3395.7578125, 1522.74206543, 482.455749512, 526.945739746, 308.122589111, 72.8677139282, 87.5385894775, 99.3828125, 95.8815231323, 65.2795944214, 16.3818645477, 5.88099050522, 1.60133743286, 0.236619219184, 0.0137525647879, 0.000149767962284, 3.08629523715e-07, 1.40273459515e-09]
    },
    "gfcc": {
        "mean": [34.6262931824, 87.6119842529, -122.795166016, 39.8504066467, -47.3434181213, 25.0463619232, -32.2856063843, 17.2993812561, -19.38032341, 6.26359272003, -14.1149787903, 3.34366631508, -9.39029693604],
        "cov": [[3518.03149414, -127.169708252, 572.960632324, 399.983795166, 147.224990845, 278.945098877, -232.124938965, 99.2041625977, 13.1798830032, 160.246582031, -88.9309158325, -53.0368995667, -147.447067261], [-127.169708252, 850.734008789, 89.7624664307, 90.3634414673, 222.100036621, 8.00086307526, 91.3150787354, -12.9812374115, 65.7970733643, -38.7415237427, 67.0133514404, -78.2075805664, 51.3218078613], [572.960632324, 89.7624664307, 777.295959473, 304.238525391, 174.321792603, 241.031799316, -74.0783081055, 66.8770751953, 32.9796142578, 59.2391014099, -29.4876842499, -26.464717865, -42.8938331604], [399.983795166, 90.3634414673, 304.238525391, 331.255187988, 123.105323792, 74.7464447021, -29.2412986755, 21.856798172, 66.1267700195, 24.6621990204, 13.3498315811, -16.3892021179, 6.60881090164], [147.224990845, 222.100036621, 174.321792603, 123.105323792, 231.989181519, 110.989562988, 36.1534233093, 32.8448524475, 29.8227233887, 18.4280567169, 10.9371433258, -24.4488601685, 13.4962253571], [278.945098877, 8.00086307526, 241.031799316, 74.7464447021, 110.989562988, 330.405334473, 81.0967178345, 30.2161808014, -4.4182305336, 20.8895549774, 5.35285329819, -23.842004776, -11.3707361221], [-232.124938965, 91.3150787354, -74.0783081055, -29.2412986755, 36.1534233093, 81.0967178345, 198.57434082, 27.4167556763, 11.6624479294, -3.59862756729, 33.2551460266, 6.28606939316, 26.9493961334], [99.2041625977, -12.9812374115, 66.8770751953, 21.856798172, 32.8448524475, 30.2161808014, 27.4167556763, 104.366043091, 49.0069503784, 30.0814208984, 4.10916471481, 4.07087373734, 7.71897745132], [13.1798830032, 65.7970733643, 32.9796142578, 66.1267700195, 29.8227233887, -4.4182305336, 11.6624479294, 49.0069503784, 116.717285156, 37.8333206177, 29.860704422, 7.44686985016, 19.6496810913], [160.246582031, -38.7415237427, 59.2391014099, 24.6621990204, 18.4280567169, 20.8895549774, -3.59862756729, 30.0814208984, 37.8333206177, 85.9984359741, 33.3502388, 15.3109169006, -1.94377779961], [-88.9309158325, 67.0133514404, -29.4876842499, 13.3498315811, 10.9371433258, 5.35285329819, 33.2551460266, 4.10916471481, 29.860704422, 33.3502388, 103.205245972, 35.8112564087, 31.9568500519], [-53.0368995667, -78.2075805664, -26.464717865, -16.3892021179, -24.4488601685, -23.842004776, 6.28606939316, 4.07087373734, 7.44686985016, 15.3109169006, 35.8112564087, 81.2877731323, 35.1430282593], [-147.447067261, 51.3218078613, -42.8938331604, 6.60881090164, 13.4962253571, -11.3707361221, 26.9493961334, 7.71897745132, 19.6496810913, -1.94377779961, 31.9568500519, 35.1430282593, 82.2487106323]],
        "icov": [[0.00053862342611, -0.000389693945181, 0.000462617143057, -0.000951951427851, 0.000357531098416, -0.000777243403718, 0.000885495508555, -0.000846415176056, 0.000802603142802, -0.00131911167409, 0.00092268147273, -0.000844582216814, 0.000929131987505], [-0.000389693945181, 0.00343329366297, -0.00163241731934, 0.00203914218582, -0.00316715729423, 0.00237896409817, -0.00203760247678, 0.00259539531544, -0.00265330984257, 0.0036507116165, -0.00392527552322, 0.00506858248264, -0.00250385003164], [0.000462617143057, -0.00163241731934, 0.00429665390402, -0.00376629130915, 0.000868331699166, -0.00335638807155, 0.00298991799355, -0.00309943989851, 0.00244864588603, -0.00323148421012, 0.00315561750904, -0.00362682947889, 0.00275825359859], [-0.000951951427851, 0.00203914218582, -0.00376629130915, 0.00850499328226, -0.00342185166664, 0.00271747028455, -0.00185663462617, 0.00407986249775, -0.00550227379426, 0.00453663663939, -0.00402736058459, 0.00441445270553, -0.00336355762556], [0.000357531098416, -0.00316715729423, 0.000868331699166, -0.00342185166664, 0.00967978592962, -0.00320791918784, 0.000944892759435, -0.00309924827889, 0.00257398444228, -0.00385058578104, 0.00319085922092, -0.00221169111319, 0.00029369967524], [-0.000777243403718, 0.00237896409817, -0.00335638807155, 0.00271747028455, -0.00320791918784, 0.00763571774587, -0.00485556712374, 0.00257619842887, -0.0012465036707, 0.00283592706546, -0.00369702884927, 0.00492613157257, -0.00221891677938], [0.000885495508555, -0.00203760247678, 0.00298991799355, -0.00185663462617, 0.000944892759435, -0.00485556712374, 0.00987628288567, -0.00457335775718, 0.00204359320924, -0.00177065120079, 0.00104283285327, -0.00339870760217, 0.00145110825542], [-0.000846415176056, 0.00259539531544, -0.00309943989851, 0.00407986249775, -0.00309924827889, 0.00257619842887, -0.00457335775718, 0.0170866567641, -0.00832870975137, 0.000865738315042, -0.000865817884915, 0.00357529311441, -0.00350243900903], [0.000802603142802, -0.00265330984257, 0.00244864588603, -0.00550227379426, 0.00257398444228, -0.0012465036707, 0.00204359320924, -0.00832870975137, 0.0171507932246, -0.00770463515073, 0.00158489972819, -0.00275717698969, 0.000613695301581], [-0.00131911167409, 0.0036507116165, -0.00323148421012, 0.00453663663939, -0.00385058578104, 0.00283592706546, -0.00177065120079, 0.000865738315042, -0.00770463515073, 0.0233528520912, -0.0106718949974, 0.00330962403677, -4.48169485026e-05], [0.00092268147273, -0.00392527552322, 0.00315561750904, -0.00402736058459, 0.00319085922092, -0.00369702884927, 0.00104283285327, -0.000865817884915, 0.00158489972819, -0.0106718949974, 0.0204436760396, -0.0105747021735, 0.000721877790056], [-0.000844582216814, 0.00506858248264, -0.00362682947889, 0.00441445270553, -0.00221169111319, 0.00492613157257, -0.00339870760217, 0.00357529311441, -0.00275717698969, 0.00330962403677, -0.0105747021735, 0.0264921169728, -0.0115748001263], [0.000929131987505, -0.00250385003164, 0.00275825359859, -0.00336355762556, 0.00029369967524, -0.00221891677938, 0.00145110825542, -0.00350243900903, 0.000613695301581, -4.48169485026e-05, 0.000721877790056, -0.0115748001263, 0.0211107730865]]
    },
    "melbands": {
        "dmean": [0.00283706909977, 0.00232181604952, 0.00124430295546, 0.000399998301873, 0.000234914827161, 0.000205567062949, 0.000186073055374, 0.000144779740367, 0.000174839631654, 0.000121489807498, 0.000113376765512, 9.95373266051e-05, 7.43825439713e-05, 6.05799832556e-05, 5.2539169701e-05, 6.1325947172e-05, 5.22109039593e-05, 4.89694248245e-05, 3.66612039215e-05, 3.19956707244e-05, 3.13699711114e-05, 2.32400943787e-05, 2.25526309805e-05, 1.8706674382e-05, 1.14325894174e-05, 7.87386034062e-06, 6.35740843791e-06, 5.96757081439e-06, 4.84750808027e-06, 2.89389163299e-06, 2.31768854064e-06, 2.48406399805e-06, 1.86093245702e-06, 1.98357884074e-06, 1.82322355613e-06, 1.53954772486e-06, 1.28914393827e-06, 8.51713593875e-07, 6.6733315407e-07, 6.02294107921e-07],
        "dmean2": [0.00424792338163, 0.00368266133592, 0.00211662822403, 0.000679539400153, 0.000389260385418, 0.000334418262355, 0.000304888963001, 0.000237559986999, 0.000291393138468, 0.000200054855668, 0.000185649463674, 0.000161333664437, 0.000123513425933, 9.77010349743e-05, 8.5658946773e-05, 9.94684378384e-05, 8.52891535033e-05, 8.08511977084e-05, 6.01492974965e-05, 5.32441335963e-05, 5.24616007169e-05, 3.81949648727e-05, 3.66458225471e-05, 3.08547751047e-05, 1.86559427675e-05, 1.2843019249e-05, 1.0123748325e-05, 9.64779337664e-06, 8.02614067652e-06, 4.66271649202e-06, 3.74397586711e-06, 4.07950847148e-06, 2.94163805847e-06, 3.11698272526e-06, 2.86944577965e-06, 2.33926743931e-06, 1.96284804588e-06, 1.29387046854e-06, 1.0016719898e-06, 8.89391174042e-07],
        "dvar": [1.10230375867e-05, 1.1166756849e-05, 7.06815353624e-06, 4.47416198313e-07, 2.30050119399e-07, 1.54571793587e-07, 1.13813364067e-07, 8.43358165525e-08, 1.72219728256e-07, 7.83932563309e-08, 7.44745136672e-08, 3.66676538022e-08, 2.21989804317e-08, 1.53769033062e-08, 1.21930820995e-08, 1.92061069271e-08, 1.14559375319e-08, 8.35141023003e-09, 3.70190700316e-09, 3.08455461173e-09, 3.5282869959e-09, 3.3854190562e-09, 2.63540189671e-09, 1.71939495974e-09, 6.93989199441e-10, 1.4888863753e-10, 2.13698586604e-10, 1.87271601004e-10, 1.58498755787e-10, 2.67939472692e-11, 1.43529866811e-11, 2.47843950224e-11, 1.61568328161e-11, 2.15173243806e-11, 2.24691393963e-11, 1.33891274803e-11, 1.12142352696e-11, 3.85336554332e-12, 2.68667748639e-12, 2.19268028213e-12],
        "dvar2": [2.41109664785e-05, 2.73134755844e-05, 1.88993635675e-05, 1.19836261092e-06, 6.26863709385e-07, 3.48631175484e-07, 2.77156800621e-07, 2.0502122311e-07, 4.52087249414e-07, 1.98539993335e-07, 1.81569475899e-07, 8.96864307265e-08, 6.05787917607e-08, 3.58334872885e-08, 2.86107546543e-08, 4.74248409432e-08, 2.89401587139e-08, 2.00503578185e-08, 8.79577388702e-09, 7.58360840791e-09, 8.93487595022e-09, 8.09746403263e-09, 5.97808691438e-09, 3.78411568747e-09, 1.58537949435e-09, 3.62837343504e-10, 4.38657610236e-10, 4.20105006338e-10, 3.94383747881e-10, 6.70056510277e-11, 3.49367097752e-11, 6.43018902013e-11, 3.85491673305e-11, 5.02917707479e-11, 5.29278912365e-11, 2.95359188496e-11, 2.47524743757e-11, 8.45232130814e-12, 6.04605558327e-12, 4.79988661664e-12],
        "max": [0.0290462896228, 0.0312860608101, 0.0241800323129, 0.00753072742373, 0.0207727197558, 0.00963425263762, 0.00539473863319, 0.00633831880987, 0.00872992910445, 0.00589078618214, 0.00793956685811, 0.00401870021597, 0.00381877459586, 0.00323255942203, 0.00463238405064, 0.00404188083485, 0.00422728341073, 0.00275383610278, 0.00129266479053, 0.0010998302605, 0.00120705401059, 0.00198667030782, 0.00150851288345, 0.00150332297198, 0.000850536918733, 0.000216510961764, 0.000962512916885, 0.000465140852612, 0.00040580049972, 0.000104295642814, 5.99594459345e-05, 7.48250167817e-05, 9.94773508864e-05, 0.000112666493806, 0.000226261559874, 0.000108062347863, 8.90211376827e-05, 3.51187190972e-05, 3.41926206602e-05, 3.38921672665e-05],
        "mean": [0.00615818658844, 0.00416997121647, 0.00154382840265, 0.000534650229383, 0.000329989590682, 0.000309430179186, 0.000258199579548, 0.000198178764549, 0.000226238553296, 0.000168426282471, 0.000169296952663, 0.000156842404976, 0.000123092875583, 9.76466471911e-05, 8.26628820505e-05, 9.56160438363e-05, 8.26436153147e-05, 7.71058912505e-05, 5.8632947912e-05, 5.21338515682e-05, 4.87090437673e-05, 3.6417361116e-05, 3.59155383194e-05, 3.05185458274e-05, 2.00017657335e-05, 1.44802152136e-05, 1.09107731987e-05, 9.73219630396e-06, 7.7579934441e-06, 4.96468192068e-06, 4.21083905167e-06, 3.94640846935e-06, 3.22934624819e-06, 3.27122461385e-06, 2.98297482004e-06, 2.6044281185e-06, 2.15145132643e-06, 1.4924817151e-06, 1.18232344448e-06, 1.02714420791e-06],
        "median": [0.00395415117964, 0.00299102580175, 0.00067805335857, 0.000300857063849, 0.000178768736077, 0.000156476002303, 0.000129265594296, 8.79570143297e-05, 8.96243727766e-05, 7.7593504102e-05, 8.17059917608e-05, 7.32582921046e-05, 4.9768932513e-05, 4.22500961577e-05, 3.85311577702e-05, 4.21377226303e-05, 4.0924649511e-05, 4.19278730988e-05, 3.45989974448e-05, 2.69081756414e-05, 2.27460877795e-05, 1.84338568943e-05, 1.95376560441e-05, 1.86035413208e-05, 1.17808840514e-05, 9.49047716858e-06, 6.69320752422e-06, 5.47740592083e-06, 4.22104039899e-06, 2.96658708976e-06, 2.59814123638e-06, 2.04887760447e-06, 1.65374081007e-06, 1.44278533298e-06, 1.30017269839e-06, 1.00643251244e-06, 7.05217644281e-07, 5.220207413e-07, 4.52618621694e-07, 3.42734693959e-07],
        "min": [1.0611694577e-23, 8.24407450927e-24, 2.47092022e-24, 1.15856352668e-24, 6.04072801971e-24, 4.92048518644e-24, 3.29861714202e-24, 3.21932301319e-24, 1.18888840484e-23, 1.53245034527e-23, 1.22255296508e-23, 1.9197523352e-23, 8.56382586656e-24, 6.5710003202e-24, 2.83177304484e-23, 2.12377685106e-23, 1.16560296641e-23, 1.16921689599e-23, 1.52364239772e-23, 1.84231932646e-23, 1.49659346168e-23, 1.64381762579e-23, 9.16720585145e-24, 1.2055137273e-23, 7.45014122843e-24, 1.69088296066e-23, 1.13609026e-23, 1.59210164034e-23, 8.88894857776e-24, 9.7329500714e-24, 1.09614100269e-23, 1.0257425822e-23, 1.03520181331e-23, 9.46832194758e-24, 1.16764280294e-23, 1.16016164055e-23, 7.04852188639e-24, 7.19338356986e-24, 1.42026170277e-23, 8.13737081665e-24],
        "var": [4.03025114792e-05, 1.96089295059e-05, 6.71936231811e-06, 5.15788997291e-07, 2.52159139791e-07, 2.49018199838e-07, 1.65346335734e-07, 1.29750574729e-07, 2.0805488532e-07, 9.7175927749e-08, 1.00700042083e-07, 6.55866827515e-08, 4.18352712472e-08, 3.50053355191e-08, 2.55219685386e-08, 3.16971124903e-08, 1.79461849825e-08, 1.4085959954e-08, 5.95212723553e-09, 5.32036326106e-09, 6.02292482554e-09, 4.66930361043e-09, 4.87401008442e-09, 2.79262901692e-09, 1.08292008694e-09, 2.75122896687e-10, 4.0756481523e-10, 2.67976557611e-10, 2.03178612823e-10, 4.20337133156e-11, 2.42752935808e-11, 3.170027435e-11, 2.70928279811e-11, 3.49227001484e-11, 3.59067428568e-11, 2.76384696379e-11, 2.50193390311e-11, 8.98117691328e-12, 5.34387941883e-12, 4.21525444758e-12]
    },
    "mfcc": {
        "mean": [-604.244140625, 114.711448669, -8.83059024811, 23.0799655914, 10.0226402283, 11.1545734406, 4.83378553391, 11.0854282379, 3.90579891205, 6.96279859543, 3.16701006889, 1.77203631401, 0.164944782853],
        "cov": [[2786.58056641, -230.072036743, 414.852081299, 152.124755859, 373.679351807, 143.339874268, -10.6571884155, -63.520324707, 53.0649528503, 66.8702011108, 83.567779541, 70.2564849854, 35.7878952026], [-230.072036743, 712.869018555, -35.709072113, 75.7324523926, 90.1910400391, 36.6421127319, 78.7026367188, 21.0260601044, 37.2262878418, 17.8822402954, 49.0377845764, 0.312910318375, -12.847448349], [414.852081299, -35.709072113, 616.938293457, 109.11743927, 278.5574646, 149.419769287, 47.6405715942, 22.967218399, 56.77085495, 44.4621238708, 54.2174377441, 36.9314689636, 23.8201637268], [152.124755859, 75.7324523926, 109.11743927, 288.204559326, 121.09727478, -0.0973504185677, -42.9755096436, -8.28993988037, 24.9625530243, 14.028222084, 6.26628541946, 31.4708976746, 31.2081794739], [373.679351807, 90.1910400391, 278.5574646, 121.09727478, 335.360015869, 96.8123931885, 28.9140625, -0.24794742465, 59.2449569702, 34.0689430237, 40.584854126, 33.7188415527, 15.1666221619], [143.339874268, 36.6421127319, 149.419769287, -0.0973504185677, 96.8123931885, 208.881942749, 108.575256348, 47.8560600281, 29.9934825897, 29.3909816742, 34.8619995117, 1.07417118549, -3.4348025322], [-10.6571884155, 78.7026367188, 47.6405715942, -42.9755096436, 28.9140625, 108.575256348, 180.78968811, 56.7613220215, 28.38098526, 20.8356151581, 27.0246334076, -0.444214254618, -7.920981884], [-63.520324707, 21.0260601044, 22.967218399, -8.28993988037, -0.24794742465, 47.8560600281, 56.7613220215, 96.3530273438, 40.3517570496, 17.3725166321, 12.7365274429, 0.496539711952, 4.64002609253], [53.0649528503, 37.2262878418, 56.77085495, 24.9625530243, 59.2449569702, 29.9934825897, 28.38098526, 40.3517570496, 104.217895508, 40.877117157, 20.3384666443, 5.44717741013, 3.81169104576], [66.8702011108, 17.8822402954, 44.4621238708, 14.028222084, 34.0689430237, 29.3909816742, 20.8356151581, 17.3725166321, 40.877117157, 80.7474517822, 40.7252235413, 14.6460981369, 6.2281870842], [83.567779541, 49.0377845764, 54.2174377441, 6.26628541946, 40.584854126, 34.8619995117, 27.0246334076, 12.7365274429, 20.3384666443, 40.7252235413, 84.1606292725, 32.3679924011, 8.54476451874], [70.2564849854, 0.312910318375, 36.9314689636, 31.4708976746, 33.7188415527, 1.07417118549, -0.444214254618, 0.496539711952, 5.44717741013, 14.6460981369, 32.3679924011, 68.4104919434, 30.5264415741], [35.7878952026, -12.847448349, 23.8201637268, 31.2081794739, 15.1666221619, -3.4348025322, -7.920981884, 4.64002609253, 3.81169104576, 6.2281870842, 8.54476451874, 30.5264415741, 63.3249015808]],
