{
"lowlevel": {
    "average_loudness": 0.944222688675,
    "barkbands_crest": {
        "dmean": 2.47499227524,
        "dmean2": 4.1599407196,
        "dvar": 6.27700042725,
        "dvar2": 16.6513652802,
        "max": 24.8190383911,
        "mean": 8.72457027435,
        "median": 7.89896011353,
        "min": 2.43859839439,
        "var": 13.5089578629
    },
    "barkbands_flatness_db": {
        "dmean": 0.0192520413548,
        "dmean2": 0.0306100584567,
        "dvar": 0.000433662469732,
        "dvar2": 0.00109038944356,
        "max": 0.362973630428,
        "mean": 0.10950152576,
        "median": 0.0990702360868,
        "min": 0.0191226210445,
        "var": 0.00232671713457
    },
    "barkbands_kurtosis": {
        "dmean": 2.20693254471,
        "dmean2": 3.67213630676,
        "dvar": 26.3926010132,
        "dvar2": 73.3924179077,
        "max": 151.776885986,
        "mean": 2.65127134323,
        "median": 0.583784103394,
        "min": -1.92724347115,
        "var": 45.9968414307
    },
    "barkbands_skewness": {
        "dmean": 0.507609546185,
        "dmean2": 0.797866463661,
        "dvar": 0.3775421381,
        "dvar2": 0.927130103111,
        "max": 11.3807754517,
        "mean": 1.11153841019,
        "median": 0.871369838715,
        "min": -4.82801437378,
        "var": 1.37973845005
    },
    "barkbands_spread": {
        "dmean": 6.08639335632,
        "dmean2": 9.47995948792,
        "dvar": 56.4549255371,
        "dvar2": 118.89931488,
        "max": 128.122344971,
        "mean": 26.067741394,
        "median": 24.0395965576,
        "min": 1.23459470272,
        "var": 217.610168457
    },
    "dissonance": {
        "dmean": 0.0177595578134,
        "dmean2": 0.0302361920476,
        "dvar": 0.000298117753118,
        "dvar2": 0.000839387066662,
        "max": 0.500000178814,
        "mean": 0.469666868448,
        "median": 0.47625464201,
        "min": 0.300726622343,
        "var": 0.000598526617978
    },
    "dynamic_complexity": 3.19559955597,
    "erbbands_crest": {
        "dmean": 2.96461749077,
        "dmean2": 4.86620187759,
        "dvar": 7.52205514908,
        "dvar2": 18.8767280579,
        "max": 30.0476665497,
        "mean": 9.61530399323,
        "median": 8.67948627472,
        "min": 2.25990486145,
        "var": 21.2228069305
    },
    "erbbands_flatness_db": {
        "dmean": 0.0163295920938,
        "dmean2": 0.0248364470899,
        "dvar": 0.000226028932957,
        "dvar2": 0.000482430303236,
        "max": 0.402910917997,
        "mean": 0.14761172235,
        "median": 0.146320834756,
        "min": 0.0494020134211,
        "var": 0.00191334588453
    },
    "erbbands_kurtosis": {
        "dmean": 0.977037370205,
        "dmean2": 1.55990755558,
        "dvar": 1.42814695835,
        "dvar2": 3.5027358532,
        "max": 20.1709728241,
        "mean": 0.927596867085,
        "median": 0.35474562645,
        "min": -1.74261987209,
        "var": 4.03076839447
    },
    "erbbands_skewness": {
        "dmean": 0.351792365313,
        "dmean2": 0.546308994293,
        "dvar": 0.10235118866,
        "dvar2": 0.233816161752,
        "max": 3.31960630417,
        "mean": 0.273371428251,
        "median": 0.26945707202,
        "min": -3.83453822136,
        "var": 0.576459765434
    },
    "erbbands_spread": {
        "dmean": 7.41664409637,
        "dmean2": 11.2616491318,
        "dvar": 67.3435821533,
        "dvar2": 138.719390869,
        "max": 141.476898193,
        "mean": 33.5234947205,
        "median": 29.4850482941,
        "min": 2.75214886665,
        "var": 339.73550415
    },
    "hfc": {
        "dmean": 7.88838434219,
        "dmean2": 11.8975048065,
        "dvar": 117.578269958,
        "dvar2": 255.1590271,
        "max": 254.262466431,
        "mean": 27.529258728,
        "median": 23.7033100128,
        "min": 1.13926924022e-16,
        "var": 493.474029541
    },
    "melbands_crest": {
        "dmean": 3.11978363991,
        "dmean2": 5.03967523575,
        "dvar": 8.83988761902,
        "dvar2": 22.1867752075,
        "max": 34.8535690308,
        "mean": 13.4685611725,
        "median": 12.5179224014,
        "min": 2.42517995834,
        "var": 31.269701004
    },
    "melbands_flatness_db": {
        "dmean": 0.0243326239288,
        "dmean2": 0.0383237935603,
        "dvar": 0.000764024211094,
        "dvar2": 0.00188304565381,
        "max": 0.484053015709,
        "mean": 0.176396206021,
        "median": 0.16488160193,
        "min": 0.0084484051913,
        "var": 0.00352176348679
    },
    "melbands_kurtosis": {
        "dmean": 6.02731370926,
        "dmean2": 9.86194896698,
        "dvar": 184.548355103,
        "dvar2": 492.853210449,
        "max": 296.536468506,
        "mean": 9.75545597076,
        "median": 3.44046258926,
        "min": -1.82360947132,
        "var": 350.371520996
    },
    "melbands_skewness": {
        "dmean": 0.728668451309,
        "dmean2": 1.14204204082,
        "dvar": 0.808847784996,
        "dvar2": 1.9627045393,
        "max": 13.5438108444,
        "mean": 2.099421978,
        "median": 1.62786078453,
        "min": -1.1747828722,
        "var": 3.06321835518
    },
    "melbands_spread": {
        "dmean": 7.92168045044,
        "dmean2": 12.3816823959,
        "dvar": 136.873504639,
        "dvar2": 292.046966553,
        "max": 298.966400146,
        "mean": 29.3424777985,
        "median": 27.2201805115,
        "min": 0.845190167427,
        "var": 401.14465332
    },
    "pitch_salience": {
        "dmean": 0.0726134628057,
        "dmean2": 0.119906328619,
        "dvar": 0.00493203243241,
        "dvar2": 0.0129112098366,
        "max": 0.880316793919,
        "mean": 0.553294241428,
        "median": 0.559014379978,
        "min": 0.106153875589,
        "var": 0.0141455763951
    },
    "silence_rate_20dB": {
        "dmean": 0,
        "dmean2": 0,
        "dvar": 0,
        "dvar2": 0,
        "max": 1,
        "mean": 1,
        "median": 1,
        "min": 1,
        "var": 0
    },
    "silence_rate_30dB": {
        "dmean": 0.000250438257353,
        "dmean2": 0.000500939262565,
        "dvar": 0.000250402692473,
        "dvar2": 0.000751266488805,
        "max": 1,
        "mean": 0.999874770641,
        "median": 1,
        "min": 0,
        "var": 0.000125180245959
    },
    "silence_rate_60dB": {
        "dmean": 0.00751314777881,
        "dmean2": 0.0150281777605,
        "dvar": 0.00745743047446,
        "dvar2": 0.0188122931868,
        "max": 1,
        "mean": 0.0462000742555,
        "median": 0,
        "min": 0,
        "var": 0.0440671928227
    },
    "spectral_centroid": {
        "dmean": 240.543243408,
        "dmean2": 375.295318604,
        "dvar": 82125.75,
        "dvar2": 167733.09375,
        "max": 11226.2753906,
        "mean": 1512.45812988,
        "median": 1496.00427246,
        "min": 194.736419678,
        "var": 321569.34375
    },
    "spectral_complexity": {
        "dmean": 4.07287740707,
        "dmean2": 6.37595510483,
        "dvar": 18.0406913757,
        "dvar2": 42.2527160645,
        "max": 52,
        "mean": 22.1996994019,
        "median": 22,
        "min": 0,
        "var": 112.564430237
    },
    "spectral_decrease": {
        "dmean": 2.72676881075e-09,
        "dmean2": 4.45627579282e-09,
        "dvar": 1.49752827727e-17,
        "dvar2": 3.97708670126e-17,
        "max": -7.72365134691e-29,
        "mean": -7.58958762503e-09,
        "median": -7.26427584752e-09,
        "min": -3.88256147232e-08,
        "var": 2.30163170879e-17
    },
    "spectral_energy": {
        "dmean": 0.0107779698446,
        "dmean2": 0.0175792686641,
        "dvar": 0.00022186973365,
        "dvar2": 0.000587620830629,
        "max": 0.148894280195,
        "mean": 0.0311418306082,
        "median": 0.0300023332238,
        "min": 1.06250089524e-20,
        "var": 0.000363763567293
    },
    "spectral_energyband_high": {
        "dmean": 0.00034276075894,
        "dmean2": 0.000490208622068,
        "dvar": 7.94292361661e-07,
        "dvar2": 1.36310427479e-06,
        "max": 0.0308830644935,
        "mean": 0.000957804382779,
        "median": 0.000611895462498,
        "min": 7.1114623654e-21,
        "var": 2.87914576802e-06
    },
    "spectral_energyband_low": {
        "dmean": 0.0066822138615,
        "dmean2": 0.0112973200157,
        "dvar": 0.000192757273908,
        "dvar2": 0.000525958137587,
        "max": 0.136613622308,
        "mean": 0.011270577088,
        "median": 0.00816442165524,
        "min": 7.86048773866e-23,
        "var": 0.000178620932274
    },
    "spectral_energyband_middle_high": {
        "dmean": 0.00345849292353,
        "dmean2": 0.00528237456456,
        "dvar": 2.23044844461e-05,
        "dvar2": 5.08176963194e-05,
        "max": 0.0674219727516,
        "mean": 0.00980971381068,
        "median": 0.00694644264877,
        "min": 1.94174247033e-21,
        "var": 8.95947014214e-05
    },
    "spectral_energyband_middle_low": {
        "dmean": 0.00414909422398,
        "dmean2": 0.0067103500478,
        "dvar": 2.9458433346e-05,
        "dvar2": 7.30424289941e-05,
        "max": 0.0656992867589,
        "mean": 0.00985499192029,
        "median": 0.00768824387342,
        "min": 2.9353476418e-22,
        "var": 7.01364479028e-05
    },
    "spectral_entropy": {
        "dmean": 0.124703668058,
        "dmean2": 0.186271995306,
        "dvar": 0.0154349682853,
        "dvar2": 0.0316502079368,
        "max": 9.79027462006,
        "mean": 7.74108552933,
        "median": 7.76912546158,
        "min": 6.0994477272,
        "var": 0.117298536003
    },
    "spectral_flux": {
        "dmean": 0.027753515169,
        "dmean2": 0.0445965342224,
        "dvar": 0.00107576174196,
        "dvar2": 0.00233175070025,
        "max": 0.33289706707,
        "mean": 0.0983318462968,
        "median": 0.0923516899347,
        "min": 1.03077685276e-10,
        "var": 0.00256567145698
    },
    "spectral_kurtosis": {
        "dmean": 1.09460222721,
        "dmean2": 1.81573617458,
        "dvar": 1.57684099674,
        "dvar2": 4.58201980591,
        "max": 24.0542526245,
        "mean": 4.32760381699,
        "median": 4.15183115005,
        "min": -1.36756289005,
        "var": 5.11594200134
    },
    "spectral_rms": {
        "dmean": 0.000903913401999,
        "dmean2": 0.0014293967979,
        "dvar": 1.16103342407e-06,
        "dvar2": 2.86797535409e-06,
        "max": 0.0120524987578,
        "mean": 0.00519270729274,
        "median": 0.00541022792459,
        "min": 3.21960600541e-12,
        "var": 3.41813733939e-06
    },
    "spectral_rolloff": {
        "dmean": 491.623596191,
        "dmean2": 812.262329102,
        "dvar": 1053864.25,
        "dvar2": 2047434.75,
        "max": 19509.0820312,
        "mean": 1654.07434082,
        "median": 1378.125,
        "min": 64.599609375,
        "var": 2740102.5
    },
    "spectral_skewness": {
        "dmean": 0.167057961226,
        "dmean2": 0.269482761621,
        "dvar": 0.0272767059505,
        "dvar2": 0.0690514445305,
        "max": 3.51541161537,
        "mean": 1.57690966129,
        "median": 1.58399951458,
        "min": -0.235086277127,
        "var": 0.13518473506
    },
    "spectral_spread": {
        "dmean": 497671.6875,
        "dmean2": 682210.875,
        "dvar": 621793116160,
        "dvar2": 850055200768,
        "max": 40309660,
        "mean": 4802856,
        "median": 4362857,
        "min": 1758366,
        "var": 3.26402126643e+12
    },
    "spectral_strongpeak": {
        "dmean": 0.81099396944,
        "dmean2": 1.3836119175,
        "dvar": 1.76180624962,
        "dvar2": 4.40151405334,
        "max": 15.8457393646,
        "mean": 1.18673229218,
        "median": 0.441584408283,
        "min": 0,
        "var": 2.90970206261
    },
    "zerocrossingrate": {
        "dmean": 0.0106955356896,
        "dmean2": 0.0120742749423,
        "dvar": 0.000244159105932,
        "dvar2": 0.000228922377573,
        "max": 0.515625,
        "mean": 0.068469658494,
        "median": 0.0625,
        "min": 0.00439453125,
        "var": 0.00172393664252
    },
    "barkbands": {
        "dmean": [0.000957385054789, 0.00475168880075, 0.00210316502489, 0.000638981990051, 0.00117818929721, 0.000897977792192, 0.00110596849117, 0.00115523708519, 0.000956929172389, 0.00132482650224, 0.000689135398716, 0.000984169193543, 0.000550902157556, 0.000748772290535, 0.000586391019169, 0.00047694722889, 0.000357756449375, 0.000255782797467, 0.000186630233657, 0.000128170722746, 8.13623846625e-05, 6.03735279583e-05, 5.90328818362e-05, 7.10962631274e-05, 8.6487205408e-05, 3.33832613251e-05, 2.67550490207e-06],
        "dmean2": [0.0016134075122, 0.00817969720811, 0.00356728467159, 0.0010741900187, 0.0019672231283, 0.00145534996409, 0.00185871252324, 0.00189226714429, 0.00157505797688, 0.00208853441291, 0.00110011419747, 0.00157709489577, 0.000899002247024, 0.00119032547809, 0.000943559163716, 0.000750016188249, 0.000578660692554, 0.000418043055106, 0.000312272284646, 0.000214750893065, 0.000133706009365, 9.57638185355e-05, 8.69380237418e-05, 0.000103583857708, 0.000119734409964, 4.45394507551e-05, 4.06766457672e-06],
        "dvar": [7.38661310606e-06, 0.000124109821627, 1.5109699234e-05, 1.04730918338e-06, 3.69328859051e-06, 3.03822116621e-06, 6.26721748631e-06, 6.09910830462e-06, 5.5342388805e-06, 7.31713225832e-06, 2.22055109589e-06, 4.75202432426e-06, 2.04994648811e-06, 3.68990686184e-06, 2.33371565628e-06, 1.85312819667e-06, 5.0443247801e-07, 2.04756162248e-07, 8.27374790902e-08, 4.26004795884e-08, 1.91379356806e-08, 2.42334223799e-08, 3.69029429237e-08, 7.24953750364e-08, 1.50037280378e-07, 1.69225273794e-08, 8.76055686327e-11],
        "dvar2": [1.86077832041e-05, 0.000340700062225, 4.26035148848e-05, 2.87218836093e-06, 9.48764864006e-06, 7.279035799e-06, 1.61115804076e-05, 1.6038378817e-05, 1.35388936542e-05, 1.733956924e-05, 5.57213525099e-06, 1.15284201456e-05, 4.96695383845e-06, 9.17349552765e-06, 5.70514202991e-06, 4.1408393372e-06, 1.29095326429e-06, 4.83928317863e-07, 2.25576869184e-07, 1.13965668902e-07, 4.78599027076e-08, 5.30340287241e-08, 6.91947548148e-08, 1.56902345338e-07, 2.70469712405e-07, 2.88384764957e-08, 1.70084904494e-10],
        "max": [0.0405373945832, 0.0967421233654, 0.0572808533907, 0.0254626870155, 0.0405264794827, 0.0433116406202, 0.0568338595331, 0.040726993233, 0.037451505661, 0.0569236539304, 0.0288083534688, 0.0435360372066, 0.0416541919112, 0.0507278293371, 0.0339226201177, 0.0262327641249, 0.0164509955794, 0.0108727458864, 0.00513051496819, 0.00450072390959, 0.00496250577271, 0.00889664422721, 0.00980240385979, 0.00831593107432, 0.0155194178224, 0.004847407341, 0.000323749263771],
        "mean": [0.00101602112409, 0.0064284899272, 0.00354939349927, 0.00101275020279, 0.00179769843817, 0.00140516157262, 0.0017365317326, 0.00178373523522, 0.00133218918927, 0.00219326629303, 0.00110033573583, 0.00159478536807, 0.000812237849459, 0.00115111877676, 0.000903162639588, 0.000711333355866, 0.000644613231998, 0.0004732197267, 0.000400746241212, 0.000263425259618, 0.000170773899299, 0.000136979622766, 0.000127691557282, 0.000149536732351, 0.000172725660377, 6.99170414009e-05, 4.02977593694e-06],
        "median": [0.00023291229445, 0.00394089659676, 0.00221389695071, 0.000634267053101, 0.00100290449336, 0.00054906506557, 0.000575994723476, 0.000435740046669, 0.000468915473903, 0.00074835337, 0.000397336174501, 0.000486286211526, 0.000275360915111, 0.000370375200873, 0.000335602322593, 0.000213872772292, 0.000283931120066, 0.000249369360972, 0.000247184565524, 0.000168069658685, 0.000128930769279, 9.20597303775e-05, 6.92564499332e-05, 6.39237623545e-05, 5.53383106308e-05, 2.6558578611e-05, 1.19491744499e-06],
        "min": [4.68104570686e-23, 6.54053963964e-24, 4.09007466179e-23, 1.89550843077e-23, 1.88401204525e-23, 1.01826960818e-22, 3.37111472138e-23, 6.98095957861e-23, 4.89765018758e-23, 7.52489053236e-23, 2.16099950531e-22, 5.91184731712e-23, 2.26137618637e-22, 1.9569430248e-22, 8.88364538144e-23, 2.89045855328e-22, 1.40649140992e-22, 1.82218829036e-22, 3.29762513365e-22, 2.85741171846e-22, 5.2316876581e-22, 3.63952729496e-22, 6.1691936868e-22, 9.65158519059e-22, 1.20952192956e-21, 1.35897424076e-21, 2.31219942741e-21],
        "var": [8.32531077322e-06, 9.82174897217e-05, 1.86959750863e-05, 1.49281436279e-06, 5.67505685467e-06, 6.47329534331e-06, 1.55836842168e-05, 1.36722919706e-05, 7.91912316345e-06, 1.59142909979e-05, 4.58632439404e-06, 1.06785246317e-05, 3.26460190081e-06, 6.49486355542e-06, 4.14384157921e-06, 3.25960468217e-06, 1.2526950286e-06, 4.94603796142e-07, 2.37696724525e-07, 9.73161817797e-08, 3.69785198018e-08, 6.11539832107e-08, 9.96826159394e-08, 1.68051897731e-07, 4.58586924879e-07, 5.8595929886e-08, 2.21932694444e-10]
    },
    "erbbands": {
        "dmean": [0.106036819518, 1.18751215935, 2.72330522537, 2.07661700249, 3.44592761993, 3.72428703308, 5.12586688995, 7.85019779205, 15.040728569, 16.1933383942, 28.6376533508, 21.2997779846, 36.0919418335, 35.4625282288, 22.4060783386, 42.4246139526, 24.1579265594, 35.3556900024, 27.4035129547, 32.888999939, 19.4428138733, 16.4045295715, 14.7033929825, 8.31952857971, 10.0414037704, 5.87361383438, 3.91096329689, 2.68699407578, 2.07027173042, 2.0435154438, 1.69281589985, 1.47906696796, 1.25389492512, 1.06500506401, 0.584384679794, 0.188389450312, 0.0578098110855, 0.0092673106119, 0.00038746552309, 2.16320877371e-05],
        "dmean2": [0.180519029498, 2.05635905266, 4.63047170639, 3.51451873779, 5.75132799149, 6.30914640427, 8.38990497589, 12.9146871567, 25.106344223, 26.8086700439, 46.6416397095, 34.5192832947, 57.9309501648, 55.5791358948, 35.8143730164, 68.059425354, 38.7248725891, 56.6483688354, 43.8313789368, 51.3071289062, 30.5266132355, 26.0326690674, 23.580953598, 13.8144330978, 16.8559913635, 9.86229133606, 6.46681880951, 4.35061693192, 3.2729446888, 3.15532541275, 2.46679472923, 2.1526966095, 1.85329163074, 1.52984249592, 0.826475858688, 0.259348809719, 0.0776973888278, 0.0129979029298, 0.000554159807507, 3.24807260768e-05],
        "dvar": [0.0582634806633, 7.97104167938, 28.7301616669, 12.2394199371, 32.8705062866, 42.9233283997, 116.639183044, 277.912780762, 1125, 1483.97460938, 4103.55712891, 2891.7019043, 6891.89013672, 5127.76269531, 2786.14013672, 9925.29785156, 3337.61816406, 7941.44580078, 4771.19384766, 9726.95507812, 2270.11743164, 1054.95324707, 723.837463379, 176.164916992, 275.564788818, 83.734085083, 41.4706726074, 24.3399333954, 22.6124324799, 38.000087738, 32.7835273743, 34.9390640259, 21.6832466125, 20.0548343658, 8.27573680878, 0.592940986156, 0.052554693073, 0.00157329952344, 2.14471242543e-06, 2.57776444634e-09],
        "dvar2": [0.152816221118, 22.0878181458, 81.0140075684, 33.9796867371, 85.3475646973, 112.501037598, 275.099243164, 692.831420898, 2907.70800781, 3528.96582031, 11002.4160156, 6946.50830078, 16498.5449219, 12180.0332031, 7014.39648438, 24170.75, 7999.07910156, 19751.2050781, 11867.2197266, 23010.5292969, 5532.30615234, 2574.73022461, 1660.2467041, 484.729553223, 740.677246094, 227.004257202, 108.371170044, 56.0536308289, 47.1073684692, 78.0042037964, 63.102306366, 75.614654541, 47.8091201782, 37.8607788086, 15.899271965, 1.07018053532, 0.0931272506714, 0.00319344433956, 3.9629553612e-06, 4.72144856545e-09],
        "max": [2.8347287178, 24.0969429016, 71.6519012451, 92.9689331055, 163.244400024, 105.588928223, 289.916687012, 419.140869141, 661.45300293, 1083.10021973, 1116.43847656, 1016.21124268, 1740.80456543, 1197.81530762, 1152.81152344, 2244.68041992, 1727.1192627, 2835.77880859, 1975.8581543, 2068.26635742, 1460.49389648, 840.376037598, 630.257873535, 343.223327637, 320.409606934, 163.365264893, 226.141174316, 188.641906738, 252.807235718, 350.835601807, 313.157714844, 210.826828003, 127.033027649, 186.033554077, 99.0292892456, 26.482925415, 8.13023376465, 1.76017200947, 0.0671297684312, 0.00192075013183],
        "mean": [0.140936627984, 1.57811903954, 4.60993289948, 3.53894710541, 5.16968488693, 5.29961299896, 8.17152786255, 11.4910240173, 23.6878356934, 25.0658073425, 44.5295143127, 31.8333301544, 59.5592765808, 63.3062400818, 41.4382972717, 70.3470077515, 41.5177345276, 58.374130249, 48.4035186768, 54.0833892822, 35.9600868225, 32.3445968628, 28.3964614868, 17.6883468628, 20.926197052, 12.7497720718, 8.3331193924, 5.85458850861, 4.68587970734, 4.47897481918, 3.58693051338, 3.03099155426, 2.56053566933, 2.10841345787, 1.1086384058, 0.376504063606, 0.116175070405, 0.0175962895155, 0.000665770261548, 6.01391730015e-05],
        "median": [0.0749374479055, 0.898379504681, 2.86783742905, 2.5282535553, 3.04811549187, 2.77757167816, 3.0667347908, 4.27186775208, 7.88638973236, 9.02639484406, 11.9291181564, 12.8364515305, 21.1241455078, 23.2822189331, 17.8352832794, 22.7379703522, 16.9573802948, 22.0052986145, 20.3720264435, 17.143951416, 14.363694191, 15.0729217529, 14.8937654495, 11.51030159, 12.6341648102, 8.4227180481, 6.02733278275, 4.34307527542, 3.1018409729, 2.79899740219, 1.8626357317, 1.34396028519, 1.02061724663, 0.676784038544, 0.34364810586, 0.136679112911, 0.0420756489038, 0.00652583222836, 0.000224016082939, 4.7853711294e-05],
        "min": [5.17389255274e-22, 1.52177978352e-21, 3.34860806537e-20, 6.88149904653e-20, 2.5345544214e-20, 9.24828314513e-20, 2.10018650136e-19, 1.02556096072e-18, 8.48408548613e-19, 8.98785502279e-19, 1.37401989274e-18, 1.32743308064e-18, 1.08281798913e-18, 6.78236858455e-18, 5.57320547769e-18, 2.49068652613e-18, 9.3522289098e-18, 1.3527177379e-17, 4.41496733166e-18, 6.79416790239e-18, 1.58159282313e-17, 9.79203339687e-18, 1.00917134882e-17, 9.2631936702e-18, 2.15320887168e-17, 1.32773349196e-17, 1.62951553192e-17, 2.25453287189e-17, 1.31341168684e-17, 1.63359154711e-17, 1.85786486115e-17, 1.76053399263e-17, 1.56961293176e-17, 1.2876319413e-17, 9.89141253002e-18, 4.6909921254e-18, 2.97414257489e-18, 8.76534240403e-19, 2.57153029951e-19, 4.07058584429e-20],
        "var": [0.0576655343175, 6.13621282578, 31.5894775391, 14.395986557, 52.9954299927, 59.5605888367, 322.198608398, 463.195770264, 2421.23266602, 3385.79101562, 7979.68164062, 4247.79394531, 13643.5839844, 12525.5722656, 6667.70605469, 22664.6699219, 6295.53417969, 14612.6738281, 10404.2480469, 16945.7910156, 5140.38427734, 3024.40917969, 1833.02563477, 429.330718994, 707.753601074, 196.278778076, 80.2621994019, 53.7326850891, 64.5132675171, 93.7392425537, 84.4207992554, 71.7977676392, 51.3189659119, 62.952495575, 21.5193004608, 1.80212461948, 0.168278202415, 0.00410670554265, 6.29558371656e-06, 8.4372651088e-09]
    },
    "gfcc": {
        "mean": [21.4534072876, 79.4016113281, -118.957763672, 26.5748615265, -50.5459403992, 23.9939022064, -31.9405174255, 17.4932575226, -25.1205329895, 5.3255610466, -17.6301136017, 0.290668129921, -13.30909729],
        "cov": [[7805.92285156, -581.364013672, 592.886657715, 466.432098389, 198.477676392, 279.802337646, -72.0830612183, 395.300537109, 95.1979064941, 412.198120117, 27.694190979, 123.415542603, -168.983200073], [-581.364013672, 848.675598145, -147.567932129, 12.9131088257, 108.079292297, -101.558128357, 125.972610474, -60.4079627991, 40.1061897278, -84.64112854, 68.9406814575, -101.762908936, 26.2961406708], [592.886657715, -147.567932129, 783.072753906, 226.266662598, 74.2160415649, 101.137229919, -83.7037963867, 67.5300521851, 5.52369117737, 60.9383621216, -18.1565532684, 47.6760749817, 3.74700212479], [466.432098389, 12.9131088257, 226.266662598, 333.008972168, 117.821609497, 7.79126167297, -17.2735042572, 27.2716884613, 59.7187538147, 11.0164546967, -15.9921531677, 6.8365240097, 7.59909248352], [198.477676392, 108.079292297, 74.2160415649, 117.821609497, 254.710449219, 53.4356422424, 21.5932788849, 32.0823936462, 40.8773269653, -10.5366077423, -19.9929714203, 3.44963240623, 10.8461122513], [279.802337646, -101.558128357, 101.137229919, 7.79126167297, 53.4356422424, 176.417144775, 80.7736129761, 35.7084083557, -30.3320503235, 21.9770832062, -3.62645626068, -7.48122406006, -15.9261169434], [-72.0830612183, 125.972610474, -83.7037963867, -17.2735042572, 21.5932788849, 80.7736129761, 217.432800293, 33.003200531, -29.773481369, -12.7591218948, 28.9565601349, -52.2319717407, -23.6730213165], [395.300537109, -60.4079627991, 67.5300521851, 27.2716884613, 32.0823936462, 35.7084083557, 33.003200531, 137.30569458, 49.9695014954, 40.5529594421, 9.9797077179, 0.528355181217, -12.7507944107], [95.1979064941, 40.1061897278, 5.52369117737, 59.7187538147, 40.8773269653, -30.3320503235, -29.773481369, 49.9695014954, 128.656402588, 27.6861419678, -3.28711843491, 4.0005440712, 2.41347408295], [412.198120117, -84.64112854, 60.9383621216, 11.0164546967, -10.5366077423, 21.9770832062, -12.7591218948, 40.5529594421, 27.6861419678, 104.613250732, 32.1666564941, 16.8733253479, -20.2138385773], [27.694190979, 68.9406814575, -18.1565532684, -15.9921531677, -19.9929714203, -3.62645626068, 28.9565601349, 9.9797077179, -3.28711843491, 32.1666564941, 92.1886367798, 9.10461807251, -1.13537013531], [123.415542603, -101.762908936, 47.6760749817, 6.8365240097, 3.44963240623, -7.48122406006, -52.2319717407, 0.528355181217, 4.0005440712, 16.8733253479, 9.10461807251, 97.6639404297, 22.4677467346], [-168.983200073, 26.2961406708, 3.74700212479, 7.59909248352, 10.8461122513, -15.9261169434, -23.6730213165, -12.7507944107, 2.41347408295, -20.2138385773, -1.13537013531, 22.4677467346, 63.7268600464]],
        "icov": [[0.000221844151383, -0.000108739979623, 0.00010963119712, -0.000363621220458, 2.81558641291e-05, -0.000303247565171, 0.000312407268211, -0.000587067217566, 0.000409833533922, -0.000695768627338, 0.00022542582883, -0.000299421459204, 0.000461420568172], [-0.000108739979623, 0.00294754467905, -0.00057806057157, 0.000838593114167, -0.00186993845273, 0.0026971756015, -0.00228100456297, 0.00223392504267, -0.00190801254939, 0.00186555972323, -0.00297895842232, 0.002819663845, -0.00136184855364], [0.00010963119712, -0.00057806057157, 0.00232504378073, -0.00182100152597, 0.000562225817703, -0.00208903057501, 0.0019815179985, -0.00167653651442, 0.00155671720859, -0.00109369819984, 0.000666651467327, -0.000866355549078, 0.000303998414893], [-0.000363621220458, 0.000838593114167, -0.00182100152597, 0.00561940437183, -0.00222139875405, 0.0021896136459, -0.00181682955008, 0.00216822465882, -0.00290003814735, 0.001393644372, -0.000691871973686, 0.00128807337023, -0.0011036156211], [2.81558641291e-05, -0.00186993845273, 0.000562225817703, -0.00222139875405, 0.00676481798291, -0.0037847799249, 0.00125275622122, -0.00172976404428, -0.00046293696505, 0.00036715331953, 0.00230317167006, -0.00222540763207, 5.97791295149e-05], [-0.000303247565171, 0.0026971756015, -0.00208903057501, 0.0021896136459, -0.0037847799249, 0.0127292899415, -0.00643111160025, 0.00166494061705, 0.000642397382762, -0.000784665113315, -0.000371853035176, 0.00217052223161, -0.00133094878402], [0.000312407268211, -0.00228100456297, 0.0019815179985, -0.00181682955008, 0.00125275622122, -0.00643111160025, 0.0108373155817, -0.00480243051425, 0.00347938854247, 0.000483102834551, -0.00128001125995, 0.000925676373299, 0.00278655695729], [-0.000587067217566, 0.00223392504267, -0.00167653651442, 0.00216822465882, -0.00172976404428, 0.00166494061705, -0.00480243051425, 0.0139484917745, -0.00695280404761, 0.000331421149895, -0.00233938801102, 0.00202779541723, -0.00130926677957], [0.000409833533922, -0.00190801254939, 0.00155671720859, -0.00290003814735, -0.00046293696505, 0.000642397382762, 0.00347938854247, -0.00695280404761, 0.0144019918516, -0.00532408896834, 0.00318623543717, -0.0011830846779, 0.000508710276335], [-0.000695768627338, 0.00186555972323, -0.00109369819984, 0.001393644372, 0.00036715331953, -0.000784665113315, 0.000483102834551, 0.000331421149895, -0.00532408896834, 0.0188664998859, -0.00807457789779, 0.000426736311056, 0.00316223758273], [0.00022542582883, -0.00297895842232, 0.000666651467327, -0.000691871973686, 0.00230317167006, -0.000371853035176, -0.00128001125995, -0.00233938801102, 0.00318623543717, -0.00807457789779, 0.0175570957363, -0.00476274127141, -0.000248116994044], [-0.000299421459204, 0.002819663845, -0.000866355549078, 0.00128807337023, -0.00222540763207, 0.00217052223161, 0.000925676373299, 0.00202779541723, -0.0011830846779, 0.000426736311056, -0.00476274127141, 0.0164368227124, -0.00608903961256], [0.000461420568172, -0.00136184855364, 0.000303998414893, -0.0011036156211, 5.97791295149e-05, -0.00133094878402, 0.00278655695729, -0.00130926677957, 0.000508710276335, 0.00316223758273, -0.000248116994044, -0.00608903961256, 0.021147698164]]
    },
    "melbands": {
        "dmean": [0.00114115339238, 0.00150931964163, 0.000369673711248, 0.000278660329059, 0.000163995631738, 0.000182689487701, 0.000227292941418, 0.000179181050044, 0.000236668318394, 0.000133487730636, 0.000184697564691, 0.000150475665578, 8.142151637e-05, 9.94660076685e-05, 8.4818158939e-05, 5.79504558118e-05, 7.33837878215e-05, 5.08686316607e-05, 4.38285169366e-05, 4.17847368226e-05, 2.47014304477e-05, 2.08729306905e-05, 1.575256465e-05, 1.13535979835e-05, 7.14358156984e-06, 7.70924907556e-06, 6.61158856019e-06, 3.8612206481e-06, 2.89305694423e-06, 2.14496867557e-06, 1.53079008669e-06, 1.26368195197e-06, 1.24128473544e-06, 1.18333207411e-06, 1.03563786524e-06, 1.01693319721e-06, 9.55266500569e-07, 8.97914958387e-07, 9.64014589044e-07, 9.70714609139e-07],
        "dmean2": [0.00194447184913, 0.00257733464241, 0.00062250503106, 0.000468023383291, 0.000269093667157, 0.000298992265016, 0.000380686862627, 0.00029596753302, 0.000386556959711, 0.000218159300857, 0.000296390178846, 0.000235995161347, 0.000129726729938, 0.000159449104103, 0.000136864240631, 9.28914159886e-05, 0.000117486670206, 8.16362953628e-05, 6.95254930179e-05, 6.46478656563e-05, 3.95762435801e-05, 3.35592922056e-05, 2.52576064668e-05, 1.8549088054e-05, 1.20243821584e-05, 1.283975962e-05, 1.10967312139e-05, 6.47666092846e-06, 4.79907157569e-06, 3.56672717317e-06, 2.48884316534e-06, 2.01494549401e-06, 1.97679833036e-06, 1.82203882559e-06, 1.54431290866e-06, 1.54174063027e-06, 1.42842111472e-06, 1.3620746131e-06, 1.44658076806e-06, 1.42412181958e-06],
        "dvar": [6.67549056743e-06, 1.01795849332e-05, 3.37274570938e-07, 2.19615671426e-07, 1.04629833686e-07, 1.39001741672e-07, 2.50043200367e-07, 1.60754908052e-07, 2.82488088033e-07, 1.1940728939e-07, 1.82206761679e-07, 9.33690103011e-08, 3.31357874472e-08, 4.44675443134e-08, 4.96850205423e-08, 1.91685192164e-08, 3.74571271777e-08, 1.86578841266e-08, 1.51662451486e-08, 1.63331179692e-08, 3.73344155591e-09, 1.96388683094e-09, 8.75503169961e-10, 4.0588318817e-10, 1.47122411476e-10, 1.51030701834e-10, 1.2141024297e-10, 3.63398824921e-11, 2.07791978069e-11, 1.49299825974e-11, 8.1126000015e-12, 7.09425920786e-12, 1.35914517488e-11, 1.23497167354e-11, 1.27657901611e-11, 1.57540577805e-11, 1.41627170061e-11, 1.17363506066e-11, 1.37015780666e-11, 1.90064179673e-11],
        "dvar2": [1.78590526048e-05, 2.84864345304e-05, 9.357432873e-07, 5.75294507144e-07, 2.53559477414e-07, 3.42470599435e-07, 6.45828663437e-07, 3.79866435196e-07, 7.56631550303e-07, 2.88720599428e-07, 4.34760266899e-07, 2.19479119323e-07, 8.41582732392e-08, 1.07200818888e-07, 1.25544787011e-07, 4.39373728511e-08, 9.34446191536e-08, 4.65103191516e-08, 3.73714463819e-08, 3.62416336941e-08, 9.49900158531e-09, 4.88803753029e-09, 2.0824757474e-09, 9.60722612575e-10, 4.07669342728e-10, 4.02835098612e-10, 3.16302900538e-10, 9.56128232144e-11, 5.42495354194e-11, 3.90227815339e-11, 1.82600289056e-11, 1.49402382826e-11, 3.24985108269e-11, 2.48382130835e-11, 2.63596401651e-11, 3.53065562897e-11, 3.17351214751e-11, 2.74655923005e-11, 2.99430896744e-11, 3.74258957159e-11],
        "max": [0.0248379763216, 0.0327321924269, 0.0136999059469, 0.0100281694904, 0.00756218284369, 0.00968271959573, 0.00992004573345, 0.00954627152532, 0.00926973391324, 0.00645277369767, 0.00895161926746, 0.00509379338473, 0.00350790447555, 0.00550303887576, 0.00535413762555, 0.00407699868083, 0.00636777887121, 0.00334033509716, 0.00358725083061, 0.00235346262343, 0.00175283197314, 0.00119689083658, 0.000765813398175, 0.000601267442107, 0.000335830351105, 0.000284810666926, 0.000271163211437, 0.000116111048555, 0.000142704797327, 0.000135551497806, 9.65193976299e-05, 0.000136180868139, 0.00019570987206, 0.000184453994734, 0.000220910776989, 0.000178009198862, 0.000117737290566, 0.000108441228804, 0.000119390824693, 0.000202132141567],
        "mean": [0.00157255958766, 0.00239217793569, 0.000666881212965, 0.000399316253606, 0.000262278917944, 0.00027289960417, 0.000366212101653, 0.00027995131677, 0.000356770207873, 0.000190929524251, 0.000297736929497, 0.000259636115516, 0.000137691880809, 0.000164541459526, 0.000135527268867, 8.72052478371e-05, 0.000113872461952, 8.01831774879e-05, 6.75911433063e-05, 6.33128656773e-05, 4.13634697907e-05, 3.70760753867e-05, 2.84716861643e-05, 1.99261048692e-05, 1.33933535835e-05, 1.54901481437e-05, 1.23575282487e-05, 7.65612639952e-06, 5.57146540814e-06, 4.15615795646e-06, 3.09309371005e-06, 2.65458788817e-06, 2.51503911386e-06, 2.44079296863e-06, 2.05782407647e-06, 1.93317373487e-06, 1.82366613899e-06, 1.71926444636e-06, 1.83734698567e-06, 1.79461801508e-06],
        "median": [0.000944245781284, 0.00157298683189, 0.000516577565577, 0.000219004839892, 0.000109171531221, 0.00010083457164, 0.000120794618852, 9.27139190026e-05, 9.29545931285e-05, 6.91016612109e-05, 9.87248495221e-05, 8.87456335477e-05, 5.21840738656e-05, 5.63116445846e-05, 4.30809268437e-05, 2.94180608762e-05, 3.72407012037e-05, 2.88187839033e-05, 2.3945573048e-05, 1.67095113284e-05, 1.58353486768e-05, 1.57502017828e-05, 1.28941974253e-05, 1.12728666863e-05, 7.823670785e-06, 9.35341540753e-06, 7.12318251317e-06, 4.87568058816e-06, 3.73673401555e-06, 2.93426887765e-06, 2.17517640522e-06, 1.70121916199e-06, 1.54707254296e-06, 1.45694411913e-06, 1.05052311028e-06, 8.76102376424e-07, 7.68430766129e-07, 6.85059035277e-07, 6.62573995669e-07, 5.14459259193e-07],
        "min": [5.51933198213e-24, 1.2206875457e-23, 1.07045143177e-23, 3.26716801874e-24, 6.4112315322e-24, 2.20235623246e-23, 1.23734260822e-23, 1.09668926102e-23, 1.14701290698e-23, 7.32797586206e-24, 5.00869285184e-24, 2.62833496817e-23, 2.5354833575e-23, 5.39231078246e-24, 1.0906754588e-23, 2.81925413782e-23, 2.37402656494e-23, 5.95877049925e-24, 6.90930923586e-24, 1.45655940183e-23, 1.82886419932e-23, 8.94201525086e-24, 7.50016447615e-24, 1.05582902715e-23, 5.94643902558e-24, 1.66109289075e-23, 1.13998115864e-23, 8.31472489194e-24, 8.77662109575e-24, 1.44218004525e-23, 1.15912326294e-23, 7.23646405275e-24, 7.28792381618e-24, 9.29349617148e-24, 1.05068289303e-23, 1.16258975441e-23, 9.76819085462e-24, 1.10362887041e-23, 9.81780705011e-24, 1.14900265084e-23],
        "var": [6.02986301601e-06, 9.19371814234e-06, 4.12365807279e-07, 3.12469552455e-07, 2.6619431992e-07, 2.53798617678e-07, 5.98221674863e-07, 3.90528384742e-07, 5.14132011631e-07, 1.74022801502e-07, 3.60101068964e-07, 2.24564942641e-07, 7.19709944974e-08, 1.04768801634e-07, 8.96109639825e-08, 3.67463570683e-08, 6.60877930159e-08, 3.27376739051e-08, 2.28748504583e-08, 2.87959345258e-08, 7.70506947134e-09, 4.8731054747e-09, 2.24546559124e-09, 8.04506239405e-10, 3.14084175335e-10, 3.90123017224e-10, 2.7903504507e-10, 7.95467580694e-11, 3.97386498707e-11, 2.49478337294e-11, 1.8045598002e-11, 1.98749766644e-11, 2.82371626081e-11, 3.02499622573e-11, 3.0017186653e-11, 2.90674741221e-11, 2.78108144153e-11, 2.37783646939e-11, 3.23260238022e-11, 5.60469934352e-11]
    },
    "mfcc": {
        "mean": [-621.94128418, 113.09122467, -5.96037721634, 13.1636724472, 6.50518798828, 6.50207233429, 8.36176967621, 7.98411989212, 4.45242977142, 5.72507667542, 0.913689911366, 0.452102899551, 0.965710163116],
        "cov": [[6892.20556641, -304.591644287, 50.0175476074, 409.577728271, 182.583709717, 113.959968567, 41.6798629761, 38.0181312561, 92.6907958984, 184.098892212, 263.700592041, 186.808746338, 148.425491333], [-304.591644287, 707.534729004, -129.824829102, 65.6219406128, -10.8022108078, 3.35021686554, 69.1712036133, 23.16822052, -20.083480835, 44.8054695129, -7.77334165573, 4.23021793365, -5.55896759033], [50.0175476074, -129.824829102, 585.742492676, 107.397949219, 122.120620728, 34.7189865112, 4.46067523956, -17.6936359406, 12.6745681763, 5.89028024673, -3.61695981026, 17.7777519226, 14.7064332962], [409.577728271, 65.6219406128, 107.397949219, 333.152496338, 145.946365356, 42.5113525391, -34.0266304016, 28.9549350739, 47.4942512512, 11.4582538605, 3.48668527603, 23.8599700928, 51.4785995483], [182.583709717, -10.8022108078, 122.120620728, 145.946365356, 279.207214355, 38.7438316345, -62.0473136902, 20.1243400574, 58.4679527283, -6.35740995407, -8.62261962891, 13.1409463882, 20.5351581573], [113.959968567, 3.35021686554, 34.7189865112, 42.5113525391, 38.7438316345, 152.841583252, 67.3750228882, 28.2339553833, 19.4583148956, -0.338293641806, 14.1467151642, -13.757733345, -13.9552516937], [41.6798629761, 69.1712036133, 4.46067523956, -34.0266304016, -62.0473136902, 67.3750228882, 225.102828979, 50.4623298645, -8.513215065, 51.5373840332, 22.3789520264, -1.09070980549, -12.4708032608], [38.0181312561, 23.16822052, -17.6936359406, 28.9549350739, 20.1243400574, 28.2339553833, 50.4623298645, 102.192459106, 47.3403549194, 12.3970470428, 7.55240345001, 6.02852964401, 6.21324634552], [92.6907958984, -20.083480835, 12.6745681763, 47.4942512512, 58.4679527283, 19.4583148956, -8.513215065, 47.3403549194, 100.192214966, 33.1377830505, 10.9844551086, 6.61514854431, 7.17130374908], [184.098892212, 44.8054695129, 5.89028024673, 11.4582538605, -6.35740995407, -0.338293641806, 51.5373840332, 12.3970470428, 33.1377830505, 123.480987549, 36.866558075, 16.7991504669, 9.61794948578], [263.700592041, -7.77334165573, -3.61695981026, 3.48668527603, -8.62261962891, 14.1467151642, 22.3789520264, 7.55240345001, 10.9844551086, 36.866558075, 83.872543335, 34.9951057434, 12.7653980255], [186.808746338, 4.23021793365, 17.7777519226, 23.8599700928, 13.1409463882, -13.757733345, -1.09070980549, 6.02852964401, 6.61514854431, 16.7991504669, 34.9951057434, 88.8511505127, 43.9616699219], [148.425491333, -5.55896759033, 14.7064332962, 51.4785995483, 20.5351581573, -13.9552516937, -12.4708032608, 6.21324634552, 7.17130374908, 9.61794948578, 12.7653980255, 43.9616699219, 82.6657409668]],
