{
"lowlevel": {
    "average_loudness": 0.799374401569,
    "barkbands_crest": {
        "dmean": 2.28682041168,
        "dmean2": 3.69708061218,
        "dvar": 4.54909753799,
        "dvar2": 11.432721138,
        "max": 26.4363555908,
        "mean": 10.4173803329,
        "median": 9.48083305359,
        "min": 2.70965695381,
        "var": 18.7867488861
    },
    "barkbands_flatness_db": {
        "dmean": 0.0185666643083,
        "dmean2": 0.027904426679,
        "dvar": 0.000323351006955,
        "dvar2": 0.000700812146533,
        "max": 0.393844634295,
        "mean": 0.161769509315,
        "median": 0.149955064058,
        "min": 0.0455289557576,
        "var": 0.003278571181
    },
    "barkbands_kurtosis": {
        "dmean": 2.82390666008,
        "dmean2": 4.39022684097,
        "dvar": 28.6036624908,
        "dvar2": 63.0293502808,
        "max": 239.83934021,
        "mean": 6.24626255035,
        "median": 3.29885530472,
        "min": -1.91997909546,
        "var": 131.759506226
    },
    "barkbands_skewness": {
        "dmean": 0.456576317549,
        "dmean2": 0.688057899475,
        "dvar": 0.255330741405,
        "dvar2": 0.55064034462,
        "max": 11.9980134964,
        "mean": 1.67421245575,
        "median": 1.45880723,
        "min": -4.01126003265,
        "var": 1.56607842445
    },
    "barkbands_spread": {
        "dmean": 3.66794133186,
        "dmean2": 5.40267372131,
        "dvar": 38.3750801086,
        "dvar2": 71.2905197144,
        "max": 99.4577941895,
        "mean": 14.5184211731,
        "median": 11.9371175766,
        "min": 0.592928647995,
        "var": 136.638244629
    },
    "dissonance": {
        "dmean": 0.0283884815872,
        "dmean2": 0.0477690510452,
        "dvar": 0.000717397837434,
        "dvar2": 0.00194175750948,
        "max": 0.500000178814,
        "mean": 0.444209694862,
        "median": 0.454102098942,
        "min": 0.178885608912,
        "var": 0.00185314973351
    },
    "dynamic_complexity": 3.9609541893,
    "erbbands_crest": {
        "dmean": 2.84359836578,
        "dmean2": 4.60932636261,
        "dvar": 6.67660331726,
        "dvar2": 16.7164554596,
        "max": 32.0125999451,
        "mean": 11.1354589462,
        "median": 10.1171207428,
        "min": 2.64099550247,
        "var": 21.8559398651
    },
    "erbbands_flatness_db": {
        "dmean": 0.0173164028674,
        "dmean2": 0.0256173554808,
        "dvar": 0.000262707821093,
        "dvar2": 0.000557355582714,
        "max": 0.41697114706,
        "mean": 0.194051861763,
        "median": 0.185676962137,
        "min": 0.05251865834,
        "var": 0.00314195267856
    },
    "erbbands_kurtosis": {
        "dmean": 1.54406964779,
        "dmean2": 2.4327583313,
        "dvar": 4.23974227905,
        "dvar2": 9.58816814423,
        "max": 58.4008293152,
        "mean": 2.65001940727,
        "median": 1.62554049492,
        "min": -1.83254945278,
        "var": 14.5643234253
    },
    "erbbands_skewness": {
        "dmean": 0.371848225594,
        "dmean2": 0.573133766651,
        "dvar": 0.135948568583,
        "dvar2": 0.280152350664,
        "max": 6.88354253769,
        "mean": 1.09716713428,
        "median": 1.05831813812,
        "min": -3.92523741722,
        "var": 0.645554363728
    },
    "erbbands_spread": {
        "dmean": 5.9853515625,
        "dmean2": 9.16596603394,
        "dvar": 73.3331985474,
        "dvar2": 151.15586853,
        "max": 138.862197876,
        "mean": 26.3080196381,
        "median": 21.9603767395,
        "min": 2.33463978767,
        "var": 294.589355469
    },
    "hfc": {
        "dmean": 4.96455192566,
        "dmean2": 6.81309747696,
        "dvar": 89.0989303589,
        "dvar2": 166.042739868,
        "max": 375.678894043,
        "mean": 16.9667816162,
        "median": 11.526014328,
        "min": 1.18413723718e-16,
        "var": 340.5284729
    },
    "melbands_crest": {
        "dmean": 2.82936525345,
        "dmean2": 4.54807519913,
        "dvar": 7.08509111404,
        "dvar2": 17.5146331787,
        "max": 34.3122291565,
        "mean": 13.6381750107,
        "median": 12.6917028427,
        "min": 2.30877423286,
        "var": 29.9233970642
    },
    "melbands_flatness_db": {
        "dmean": 0.0208010505885,
        "dmean2": 0.0304984338582,
        "dvar": 0.000441575481091,
        "dvar2": 0.000900697079487,
        "max": 0.507278621197,
        "mean": 0.216833457351,
        "median": 0.206771582365,
        "min": 0.00489271292463,
        "var": 0.004649319686
    },
    "melbands_kurtosis": {
        "dmean": 4.68606948853,
        "dmean2": 7.24736213684,
        "dvar": 89.9860229492,
        "dvar2": 202.403900146,
        "max": 320.545684814,
        "mean": 11.1095581055,
        "median": 6.06851196289,
        "min": -1.90070903301,
        "var": 363.403625488
    },
    "melbands_skewness": {
        "dmean": 0.539222359657,
        "dmean2": 0.829050421715,
        "dvar": 0.348602026701,
        "dvar2": 0.804478049278,
        "max": 14.313788414,
        "mean": 2.07121253014,
        "median": 1.81244730949,
        "min": -1.59924674034,
        "var": 2.08152389526
    },
    "melbands_spread": {
        "dmean": 4.40492916107,
        "dmean2": 6.5287322998,
        "dvar": 81.0825424194,
        "dvar2": 142.472183228,
        "max": 255.052886963,
        "mean": 17.2245903015,
        "median": 14.1694917679,
        "min": 0.625145375729,
        "var": 234.426818848
    },
    "pitch_salience": {
        "dmean": 0.0617579072714,
        "dmean2": 0.0991640537977,
        "dvar": 0.00310031161644,
        "dvar2": 0.0077391997911,
        "max": 0.897778809071,
        "mean": 0.570125162601,
        "median": 0.583319664001,
        "min": 0.0790765210986,
        "var": 0.0143524678424
    },
    "silence_rate_20dB": {
        "dmean": 0,
        "dmean2": 0,
        "dvar": 0,
        "dvar2": 0,
        "max": 1,
        "mean": 1,
        "median": 1,
        "min": 1,
        "var": 0
    },
    "silence_rate_30dB": {
        "dmean": 0.00140927778557,
        "dmean2": 0.00281888642348,
        "dvar": 0.00140724598896,
        "dvar2": 0.00351564818993,
        "max": 1,
        "mean": 0.998590886593,
        "median": 1,
        "min": 0,
        "var": 0.00140712386928
    },
    "silence_rate_60dB": {
        "dmean": 0.0206694062799,
        "dmean2": 0.0413436703384,
        "dvar": 0.0202422365546,
        "dvar2": 0.0457418374717,
        "max": 1,
        "mean": 0.119304835796,
        "median": 0,
        "min": 0,
        "var": 0.105061069131
    },
    "spectral_centroid": {
        "dmean": 169.697113037,
        "dmean2": 246.617218018,
        "dvar": 71175.5703125,
        "dvar2": 119613.476562,
        "max": 10656.2841797,
        "mean": 1032.69787598,
        "median": 923.569641113,
        "min": 170.576171875,
        "var": 313104.65625
    },
    "spectral_complexity": {
        "dmean": 2.39671158791,
        "dmean2": 3.74183702469,
        "dvar": 6.26532316208,
        "dvar2": 13.2926673889,
        "max": 45,
        "mean": 13.9619541168,
        "median": 13,
        "min": 0,
        "var": 56.5579872131
    },
    "spectral_decrease": {
        "dmean": 1.69886360535e-09,
        "dmean2": 2.52308196558e-09,
        "dvar": 6.80115468344e-18,
        "dvar2": 1.48959015581e-17,
        "max": 1.27816748172e-28,
        "mean": -5.76141712116e-09,
        "median": -4.55424142842e-09,
        "min": -4.59421762855e-08,
        "var": 2.56677469341e-17
    },
    "spectral_energy": {
        "dmean": 0.00676489947364,
        "dmean2": 0.0100141940638,
        "dvar": 0.000104827529867,
        "dvar2": 0.000227795433602,
        "max": 0.183281898499,
        "mean": 0.0232838913798,
        "median": 0.0185280926526,
        "min": 1.02580646857e-20,
        "var": 0.000408737832913
    },
    "spectral_energyband_high": {
        "dmean": 0.000215228516026,
        "dmean2": 0.000295622536214,
        "dvar": 7.71477800754e-07,
        "dvar2": 1.45202091062e-06,
        "max": 0.0407064110041,
        "mean": 0.000479845155496,
        "median": 0.0001707978372,
        "min": 7.76833262906e-21,
        "var": 1.90125979316e-06
    },
    "spectral_energyband_low": {
        "dmean": 0.0017438424984,
        "dmean2": 0.00279158074409,
        "dvar": 2.7278354537e-05,
        "dvar2": 6.90258821123e-05,
        "max": 0.0918066501617,
        "mean": 0.00476683257148,
        "median": 0.00121973152272,
        "min": 8.34992607434e-23,
        "var": 7.53661006456e-05
    },
    "spectral_energyband_middle_high": {
        "dmean": 0.00178372510709,
        "dmean2": 0.00252935406752,
        "dvar": 1.04844611997e-05,
        "dvar2": 2.15988384298e-05,
        "max": 0.0659469366074,
        "mean": 0.00492328498513,
        "median": 0.00217501283623,
        "min": 1.20691891577e-21,
        "var": 4.65922785224e-05
    },
    "spectral_energyband_middle_low": {
        "dmean": 0.0051191104576,
        "dmean2": 0.007615710143,
        "dvar": 6.30127324257e-05,
        "dvar2": 0.000137568771606,
        "max": 0.180614963174,
        "mean": 0.0136553030461,
        "median": 0.00987609755248,
        "min": 2.35662135881e-22,
        "var": 0.00018955473206
    },
    "spectral_entropy": {
        "dmean": 0.164950713515,
        "dmean2": 0.243960723281,
        "dvar": 0.0311811808497,
        "dvar2": 0.0591670945287,
        "max": 9.79384994507,
        "mean": 7.32116222382,
        "median": 7.39056587219,
        "min": 5.43186712265,
        "var": 0.253354668617
    },
    "spectral_flux": {
        "dmean": 0.021253619343,
        "dmean2": 0.0333624854684,
        "dvar": 0.000615550321527,
        "dvar2": 0.0013944930397,
        "max": 0.287228018045,
        "mean": 0.0740820914507,
        "median": 0.0651000887156,
        "min": 1.01282107701e-10,
        "var": 0.00231881299987
    },
    "spectral_kurtosis": {
        "dmean": 1.90628409386,
        "dmean2": 3.11102080345,
        "dvar": 7.08569478989,
        "dvar2": 20.3981761932,
        "max": 58.1927566528,
        "mean": 6.59648942947,
        "median": 5.36679172516,
        "min": -1.27575182915,
        "var": 30.5482406616
    },
    "spectral_rms": {
        "dmean": 0.000629053509329,
        "dmean2": 0.000911493843887,
        "dvar": 5.95189703745e-07,
        "dvar2": 1.18385571568e-06,
        "max": 0.0133720459417,
        "mean": 0.0042795939371,
        "median": 0.00425160955638,
        "min": 3.16352152807e-12,
        "var": 4.40106896349e-06
    },
    "spectral_rolloff": {
        "dmean": 317.452514648,
        "dmean2": 518.856140137,
        "dvar": 807910.25,
        "dvar2": 1503551.25,
        "max": 18669.2871094,
        "mean": 1247.65698242,
        "median": 925.927734375,
        "min": 86.1328125,
        "var": 1901557.375
    },
    "spectral_skewness": {
        "dmean": 0.239715605974,
        "dmean2": 0.371506720781,
        "dvar": 0.0679111331701,
        "dvar2": 0.158964961767,
        "max": 5.6845574379,
        "mean": 2.01138091087,
        "median": 1.9236779213,
        "min": -0.162644475698,
        "var": 0.459300398827
    },
    "spectral_spread": {
        "dmean": 535356.25,
        "dmean2": 765643.9375,
        "dvar": 674718941184,
        "dvar2": 1.04162944614e+12,
        "max": 41569196,
        "mean": 4571106.5,
        "median": 4260322,
        "min": 1244597.75,
        "var": 3.1971344384e+12
    },
    "spectral_strongpeak": {
        "dmean": 0.497747093439,
        "dmean2": 0.822982490063,
        "dvar": 0.549591600895,
        "dvar2": 1.29146075249,
        "max": 14.4011449814,
        "mean": 1.0808082819,
        "median": 0.692486643791,
        "min": 2.53142418138e-09,
        "var": 1.2531542778
    },
    "zerocrossingrate": {
        "dmean": 0.00826052576303,
        "dmean2": 0.00934111699462,
        "dvar": 0.000221355410758,
        "dvar2": 0.000216778018512,
        "max": 0.51171875,
        "mean": 0.0521950647235,
        "median": 0.04541015625,
        "min": 0.0048828125,
        "var": 0.00131735799368
    },
    "barkbands": {
        "dmean": [4.61228300992e-05, 0.00125177274458, 0.000634908734355, 0.000613510725088, 0.001862052246, 0.00102141289972, 0.00100008922163, 0.00159220944624, 0.00156951369718, 0.000798293913249, 0.000731272564735, 0.000412863737438, 0.000291320902761, 0.000227297758101, 0.000180421659024, 0.00011148811609, 8.49900025059e-05, 9.48016095208e-05, 0.000109798340418, 5.40356813872e-05, 3.03476008412e-05, 4.92047474836e-05, 4.5581273298e-05, 6.26123146503e-05, 4.54662986158e-05, 1.23401023302e-05, 1.83498173101e-06],
        "dmean2": [7.57505113143e-05, 0.00206224364229, 0.00104488362558, 0.00100985704921, 0.00296750525013, 0.00161153962836, 0.001571902656, 0.00248986924998, 0.00246187928133, 0.00122027925681, 0.00113614159636, 0.000637500139419, 0.000459301838418, 0.000363275670679, 0.000282037566649, 0.000168688668055, 0.000133874884341, 0.000144704637933, 0.000157391667017, 8.34475795273e-05, 4.52643798781e-05, 7.01928365743e-05, 6.62312522763e-05, 9.00297527551e-05, 6.47689594189e-05, 1.75749337359e-05, 2.66818256023e-06],
        "dvar": [3.65123788981e-08, 2.17750330194e-05, 4.73580939797e-06, 4.50429706689e-06, 1.65222772921e-05, 5.10669997311e-06, 3.92904939872e-06, 1.61147399922e-05, 1.18846101032e-05, 3.3203377825e-06, 3.85977182304e-06, 1.53616008447e-06, 8.0213004594e-07, 3.15855999133e-07, 1.86208566788e-07, 1.85570954159e-07, 4.87145364048e-08, 4.03296773754e-08, 6.67454500558e-08, 1.90748075113e-08, 1.10057110092e-08, 3.94295547324e-08, 2.58771386541e-08, 8.94688696462e-08, 1.27195349364e-07, 3.71385855402e-09, 4.22297717628e-11],
        "dvar2": [8.74100081205e-08, 6.21824001428e-05, 1.25927463159e-05, 1.0923161426e-05, 4.04627207899e-05, 1.13002597573e-05, 9.6472513178e-06, 3.54192452505e-05, 2.90782281809e-05, 7.48496131564e-06, 9.02326883079e-06, 3.67477127838e-06, 1.87959926734e-06, 7.59728663979e-07, 4.0594420625e-07, 3.98801034862e-07, 1.16177375276e-07, 8.91071891829e-08, 1.34770985483e-07, 4.09711518046e-08, 2.0452151972e-08, 7.46646975358e-08, 5.93627476064e-08, 1.78750667601e-07, 2.41173268023e-07, 7.15032211218e-09, 7.35673674757e-11],
        "max": [0.00528370169923, 0.0862188860774, 0.0437999889255, 0.0338968187571, 0.0627107694745, 0.0641773790121, 0.043091326952, 0.17909373343, 0.0776085183024, 0.0373328402638, 0.045910526067, 0.0298288650811, 0.0289953202009, 0.0134185925126, 0.0105451354757, 0.0174800045788, 0.00600502174348, 0.00420392304659, 0.0066126906313, 0.00517706898972, 0.00470895972103, 0.0114996759221, 0.00559273967519, 0.0159591231495, 0.0213851500303, 0.00323521718383, 0.000445363693871],
        "mean": [0.000158016569912, 0.00272865896113, 0.00153733545449, 0.00069838744821, 0.0031264864374, 0.00202970276587, 0.00213767727837, 0.00263303285465, 0.00260455906391, 0.00127176835667, 0.0012348870514, 0.000694106158335, 0.000476793327834, 0.000352998409653, 0.000292848882964, 0.000191887535038, 0.000148274979438, 0.00018491091032, 0.000234060717048, 9.99966141535e-05, 5.84496847296e-05, 9.3293710961e-05, 8.60670334077e-05, 0.000112816262117, 7.36340080039e-05, 2.05596497835e-05, 2.63780475507e-06],
        "median": [1.79467190264e-06, 7.74602303864e-05, 0.000127550039906, 8.79823055584e-05, 0.00127919134684, 0.000857440114487, 0.00108051788993, 0.000748431310058, 0.000881733722053, 0.000351607857738, 0.000263176683802, 0.000171717052581, 0.000121412558656, 0.000107831016066, 9.98273462756e-05, 5.62768727832e-05, 5.60902990401e-05, 6.54480099911e-05, 5.20838730154e-05, 2.50732191489e-05, 1.83653100976e-05, 2.6701749448e-05, 2.46073432209e-05, 2.80144449789e-05, 1.51260883285e-05, 5.05793468619e-06, 5.20222329214e-07],
        "min": [7.75078558574e-24, 2.28902759126e-23, 2.61753877559e-23, 4.65806334879e-23, 4.99562797419e-23, 3.15159019313e-23, 5.42487590726e-23, 1.73959401716e-23, 2.40708094127e-23, 5.40177995322e-23, 5.81180650147e-23, 6.20307456848e-23, 4.71703291027e-23, 7.89664407385e-23, 1.71568866027e-22, 1.09081212106e-22, 1.94129606341e-22, 1.25785348085e-22, 1.92576257177e-22, 2.76312908255e-22, 4.49941976044e-22, 4.76989479507e-22, 6.09275924976e-22, 6.86441920071e-22, 1.42392175231e-21, 1.66119414894e-21, 2.5505750681e-21],
        "var": [3.71169818436e-07, 4.34659377788e-05, 1.12097250167e-05, 4.37353855887e-06, 2.99829953292e-05, 1.5514133338e-05, 1.01399764389e-05, 4.82738141727e-05, 2.13819403143e-05, 6.80685207044e-06, 9.29308498598e-06, 3.24258053297e-06, 1.57241652232e-06, 5.9305114064e-07, 3.69589628235e-07, 4.07521071111e-07, 1.06006019962e-07, 9.70224931507e-08, 2.19159403514e-07, 4.59531186436e-08, 3.24692308595e-08, 9.99532758783e-08, 5.05636599257e-08, 1.73013305016e-07, 2.4237414209e-07, 8.47148307059e-09, 1.04105300769e-10]
    },
    "erbbands": {
        "dmean": [0.0410004891455, 0.279312759638, 0.625260353088, 1.28242313862, 3.43673324585, 7.96465063095, 9.28092479706, 8.21765232086, 11.522942543, 21.8946151733, 36.4427261353, 37.8758239746, 26.4055519104, 25.3106403351, 26.2994804382, 15.8472862244, 11.5511198044, 12.2682714462, 10.0632305145, 6.82171821594, 5.1918182373, 4.18660640717, 5.34029436111, 4.29122304916, 5.54563093185, 2.33625125885, 1.20292758942, 1.35527873039, 1.79462957382, 1.48401975632, 1.33938097954, 1.4539513588, 0.952178061008, 0.602687835693, 0.286853194237, 0.0748054608703, 0.0205491967499, 0.00355831650086, 0.000336832978064, 1.5613002688e-05],
        "dmean2": [0.0673063099384, 0.45516294241, 0.995738089085, 2.08663439751, 5.54944419861, 12.8492021561, 14.2714519501, 13.203335762, 18.0708770752, 35.0697250366, 56.052696228, 59.1335906982, 40.8033294678, 38.5304679871, 39.9036750793, 24.4415245056, 17.8815956116, 19.2328166962, 15.5390348434, 10.3609962463, 7.59778499603, 6.36364364624, 8.04943561554, 6.18949508667, 7.95460987091, 3.48164892197, 1.82194209099, 2.00714993477, 2.53803157806, 2.20454764366, 1.95123410225, 2.09741663933, 1.41470813751, 0.89018034935, 0.407597273588, 0.105068296194, 0.0294755846262, 0.0050082905218, 0.000485907658003, 2.20030087803e-05],
        "dvar": [0.0290769468993, 0.992391884327, 3.97678136826, 14.4468660355, 97.1173706055, 336.661560059, 490.743408203, 399.559204102, 545.916870117, 2120.59692383, 9221.13769531, 7501.21337891, 3776.12670898, 4238.62011719, 5147.19970703, 2301.28051758, 1016.13391113, 1207.40661621, 577.119750977, 335.519683838, 435.587097168, 128.125198364, 134.936340332, 82.5937194824, 212.48274231, 32.4047927856, 14.0090913773, 28.1903076172, 56.3434333801, 28.2128791809, 24.0923957825, 36.5037994385, 28.9513950348, 21.8560123444, 5.74521684647, 0.189758434892, 0.00869008060545, 0.000205932927202, 1.11199199182e-06, 1.11399023339e-09],
        "dvar2": [0.0849973708391, 2.73313426971, 10.0579433441, 34.0271759033, 243.4662323, 836.719299316, 1083.03015137, 871.865661621, 1293.88806152, 5082.79785156, 19400.7480469, 18050.0722656, 9171.80957031, 9465.53320312, 11767.1171875, 5467.21484375, 2317.36425781, 2890.2902832, 1238.55407715, 713.763061523, 851.232666016, 302.127807617, 296.355529785, 161.105361938, 446.300079346, 66.4261550903, 29.3404693604, 53.4009170532, 105.053985596, 65.3866500854, 55.7035560608, 70.7720184326, 64.0516586304, 47.1815185547, 11.0440444946, 0.313356995583, 0.0182501170784, 0.000360656704288, 2.12442091652e-06, 2.22861462618e-09],
        "max": [3.43420004845, 15.8806905746, 43.4319267273, 63.4247779846, 175.397369385, 353.415100098, 555.293579102, 610.957397461, 556.93347168, 1092.91821289, 4403.94433594, 1825.97241211, 1622.90637207, 1438.73303223, 1868.08886719, 1282.01879883, 858.911865234, 843.681518555, 635.976501465, 467.795349121, 1201.31396484, 456.490722656, 285.65725708, 216.336380005, 468.142852783, 195.56439209, 168.702697754, 275.877441406, 467.9737854, 161.03767395, 164.677978516, 273.563720703, 312.119293213, 286.464202881, 164.301254272, 25.3034267426, 4.2786898613, 0.991078197956, 0.0577685013413, 0.00141228991561],
        "mean": [0.090592674911, 0.572158098221, 1.61222779751, 2.22945141792, 4.36507797241, 12.7337360382, 16.0708465576, 16.0833797455, 27.7340316772, 41.029006958, 59.8496284485, 62.5444755554, 45.7678642273, 43.5710334778, 46.1415252686, 28.880695343, 21.2283744812, 20.7413978577, 17.2618198395, 12.679564476, 9.82974433899, 8.1300907135, 10.7167253494, 9.7320432663, 11.4180898666, 4.86661243439, 2.37629437447, 2.54431009293, 3.34629130363, 2.78636813164, 2.47402119637, 2.60812997818, 1.64445745945, 0.961726665497, 0.446249425411, 0.122436992824, 0.0334823057055, 0.00560326315463, 0.000510735902935, 4.20313335781e-05],
        "median": [0.00148691202048, 0.0438736379147, 0.186842903495, 0.387987196445, 1.23905146122, 4.60415649414, 5.07831096649, 7.46909618378, 13.5287628174, 20.0704193115, 19.471370697, 22.6947021484, 16.2369251251, 11.896062851, 11.5573482513, 8.51505470276, 6.52333164215, 6.44167041779, 6.32448768616, 4.34354305267, 3.18682408333, 3.22196340561, 3.83391857147, 3.04083871841, 2.36699056625, 1.28605389595, 0.738670527935, 0.798929929733, 0.922649621964, 0.81829726696, 0.694251894951, 0.641160547733, 0.377607584, 0.188438683748, 0.0893934220076, 0.0280025005341, 0.00807749666274, 0.00136216578539, 0.000115279006422, 2.89546824206e-05],
        "min": [1.22647852628e-21, 3.05866914377e-21, 2.43336535244e-20, 1.1426024162e-19, 1.34896834015e-19, 1.78707408258e-19, 1.75433840984e-19, 3.213117432e-19, 7.64115328676e-19, 4.83516484648e-19, 4.96665295966e-19, 7.11474226578e-19, 9.86014903197e-19, 2.50981652536e-18, 2.47850587802e-18, 2.21187992399e-18, 2.40943609007e-18, 2.96805452558e-18, 6.28676373412e-18, 8.14261788464e-18, 9.17468286312e-18, 1.01140564637e-17, 5.91798676471e-18, 9.6374879343e-18, 9.28626373749e-18, 1.21328527872e-17, 1.96764777574e-17, 1.75596712847e-17, 2.04682782008e-17, 1.12921643152e-17, 1.9810500869e-17, 1.47791218536e-17, 1.20804988718e-17, 1.32745713092e-17, 1.17815202297e-17, 5.76319314796e-18, 3.00981722035e-18, 1.56204445663e-18, 3.73965356406e-19, 3.22708069311e-20],
        "var": [0.0622417107224, 1.91262328625, 10.4144105911, 22.6934509277, 104.850952148, 584.487487793, 1225.05627441, 941.744812012, 1772.60913086, 5300.03173828, 22372.3496094, 12821.1533203, 6821.76513672, 8789.07421875, 11457.9941406, 4513.1171875, 2336.73242188, 2119.57397461, 1242.65124512, 869.759338379, 1090.59863281, 288.998321533, 329.028625488, 302.42388916, 577.321594238, 96.4490890503, 38.8581809998, 76.6174850464, 141.717514038, 56.7604064941, 44.7302627563, 73.4929199219, 49.6530075073, 38.8846931458, 9.79325294495, 0.415577709675, 0.0199858788401, 0.000530715857167, 2.74454782812e-06, 3.11131453934e-09]
    },
    "gfcc": {
        "mean": [-36.2017593384, 82.6978302002, -126.617614746, -4.82314968109, -80.4193115234, 4.25806283951, -45.409072876, 7.53375387192, -24.044708252, -3.36234068871, -14.5425863266, -2.59165048599, -14.6861467361],
        "cov": [[8344.53222656, 101.749931335, 1352.68566895, 1208.24462891, 308.004852295, 576.025939941, 383.767181396, 513.582458496, 78.6467056274, 98.8592987061, 285.938842773, 179.085723877, -105.835075378], [101.749931335, 1630.84606934, 736.007751465, 246.36164856, 377.010864258, 49.6329650879, 152.261611938, 39.8995666504, 146.245849609, 7.40175437927, 203.718048096, 15.9310789108, 22.4604682922], [1352.68566895, 736.007751465, 1753.03527832, 696.462585449, 277.586029053, 293.836273193, 46.3477897644, 123.883354187, 153.232940674, 156.329788208, 120.258758545, 93.7108917236, -0.717678904533], [1208.24462891, 246.36164856, 696.462585449, 770.063781738, 279.276885986, 232.067459106, 126.833618164, 131.580154419, 130.470611572, 107.420570374, 80.1962890625, 72.7119216919, 15.9622612], [308.004852295, 377.010864258, 277.586029053, 279.276885986, 379.593841553, 167.499328613, 164.874572754, 119.396110535, 87.3060073853, 63.9340858459, 62.5505447388, 32.4380378723, 4.6634721756], [576.025939941, 49.6329650879, 293.836273193, 232.067459106, 167.499328613, 361.000640869, 195.191879272, 157.417297363, 40.2481079102, 44.6116218567, 71.1949386597, 23.7763156891, -2.37322497368], [383.767181396, 152.261611938, 46.3477897644, 126.833618164, 164.874572754, 195.191879272, 354.508148193, 153.177261353, 23.3962192535, 72.6625595093, 90.764213562, 24.9011211395, -17.3698997498], [513.582458496, 39.8995666504, 123.883354187, 131.580154419, 119.396110535, 157.417297363, 153.177261353, 215.13671875, 68.3692398071, 41.3064498901, 69.1574783325, 22.8099708557, -9.11443328857], [78.6467056274, 146.245849609, 153.232940674, 130.470611572, 87.3060073853, 40.2481079102, 23.3962192535, 68.3692398071, 216.519546509, 85.6920852661, 29.6540908813, 10.6570997238, 16.5067520142], [98.8592987061, 7.40175437927, 156.329788208, 107.420570374, 63.9340858459, 44.6116218567, 72.6625595093, 41.3064498901, 85.6920852661, 149.429138184, 44.3080062866, 30.4655361176, 17.0367851257], [285.938842773, 203.718048096, 120.258758545, 80.1962890625, 62.5505447388, 71.1949386597, 90.764213562, 69.1574783325, 29.6540908813, 44.3080062866, 166.80796814, 64.1009750366, 17.0327835083], [179.085723877, 15.9310789108, 93.7108917236, 72.7119216919, 32.4380378723, 23.7763156891, 24.9011211395, 22.8099708557, 10.6570997238, 30.4655361176, 64.1009750366, 109.027664185, 39.5943412781], [-105.835075378, 22.4604682922, -0.717678904533, 15.9622612, 4.6634721756, -2.37322497368, -17.3698997498, -9.11443328857, 16.5067520142, 17.0367851257, 17.0327835083, 39.5943412781, 86.9525299072]],
        "icov": [[0.000191969767911, 4.99321868119e-05, -7.20087555237e-05, -0.000263776251813, 0.000130860935315, 2.31711328524e-05, -4.34845096606e-05, -0.000311109703034, 9.49329623836e-05, 0.000166706522577, -0.000164475684869, -0.000103587779449, 0.000249607750447], [4.99321868119e-05, 0.00198064092547, -0.00112801697105, 0.000518307555467, -0.00187008909415, 0.00152149470523, -0.00143814377952, 0.00134211475961, -0.00135677715298, 0.00268368143588, -0.00276816589758, 0.00196353252977, -0.00118019373622], [-7.20087555237e-05, -0.00112801697105, 0.00169924052898, -0.000945090025198, 0.000869884621352, -0.00147036998533, 0.00156069209334, -0.00056740862783, 0.000760136230383, -0.0022019923199, 0.00127012259327, -0.00137172045652, 0.0012197161559], [-0.000263776251813, 0.000518307555467, -0.000945090025198, 0.0031683226116, -0.00173249398358, -0.000129522028146, -0.000384772021789, 0.00078019319335, -0.00103032821789, 0.00037364650052, -0.000248355005169, -5.93743534409e-05, -0.000751993677113], [0.000130860935315, -0.00187008909415, 0.000869884621352, -0.00173249398358, 0.00643178774044, -0.00182608549949, -6.56411721138e-05, -0.0019249523757, 0.000480802729726, -0.00205732532777, 0.00259420811199, -0.0020219667349, 0.00108224502765], [2.31711328524e-05, 0.00152149470523, -0.00147036998533, -0.000129522028146, -0.00182608549949, 0.00680231722072, -0.00305115967058, -0.00119928235654, -0.00051112024812, 0.00278765545227, -0.00219451938756, 0.00234588957392, -0.00189229298849], [-4.34845096606e-05, -0.00143814377952, 0.00156069209334, -0.000384772021789, -6.56411721138e-05, -0.00305115967058, 0.00731326686218, -0.00308729102835, 0.00254029547796, -0.00464936764911, 0.00054943136638, -0.00127192400396, 0.00235989480279], [-0.000311109703034, 0.00134211475961, -0.00056740862783, 0.00078019319335, -0.0019249523757, -0.00119928235654, -0.00308729102835, 0.0106236664578, -0.00357268354855, 0.00266087194905, -0.00300870626234, 0.000974965048954, -3.61008505934e-06], [9.49329623836e-05, -0.00135677715298, 0.000760136230383, -0.00103032821789, 0.000480802729726, -0.00051112024812, 0.00254029547796, -0.00357268354855, 0.00834442581981, -0.00560623314232, 0.00156530993991, 6.7156048317e-05, -6.8178444053e-05], [0.000166706522577, 0.00268368143588, -0.0022019923199, 0.00037364650052, -0.00205732532777, 0.00278765545227, -0.00464936764911, 0.00266087194905, -0.00560623314232, 0.0145534016192, -0.00430789589882, 0.0014634123072, -0.00265023298562], [-0.000164475684869, -0.00276816589758, 0.00127012259327, -0.000248355005169, 0.00259420811199, -0.00219451938756, 0.00054943136638, -0.00300870626234, 0.00156530993991, -0.00430789589882, 0.0133136315271, -0.00734378304332, 0.00144925306085], [-0.000103587779449, 0.00196353252977, -0.00137172045652, -5.93743534409e-05, -0.0020219667349, 0.00234588957392, -0.00127192400396, 0.000974965048954, 6.7156048317e-05, 0.0014634123072, -0.00734378304332, 0.0169673487544, -0.00720023130998], [0.000249607750447, -0.00118019373622, 0.0012197161559, -0.000751993677113, 0.00108224502765, -0.00189229298849, 0.00235989480279, -3.61008505934e-06, -6.8178444053e-05, -0.00265023298562, 0.00144925306085, -0.00720023130998, 0.0161456447095]]
    },
    "melbands": {
        "dmean": [0.000353205541614, 0.000305770197883, 0.000274056656053, 0.000395242357627, 0.000331428775098, 0.000184880103916, 0.000182820323971, 0.000259386142716, 0.000297227001283, 0.000237631058553, 0.000133413486765, 0.000105494080344, 9.85080987448e-05, 5.35012804903e-05, 3.09631104756e-05, 2.8765263778e-05, 2.34461804212e-05, 1.73601820279e-05, 1.14300009955e-05, 9.28261215449e-06, 6.02688169238e-06, 4.34571938968e-06, 5.71814916839e-06, 4.81593360746e-06, 3.62419291378e-06, 4.94259938932e-06, 3.05074195239e-06, 1.35152345138e-06, 7.61584999509e-07, 8.38733114961e-07, 8.62271349433e-07, 1.08862138859e-06, 1.03099353055e-06, 8.07396418168e-07, 7.76288970883e-07, 8.74266390838e-07, 9.72976977209e-07, 7.51844538627e-07, 5.51390883174e-07, 5.30457270997e-07],
        "dmean2": [0.000580548599828, 0.000481109367684, 0.000437032984337, 0.00063592242077, 0.000513093895279, 0.00029525795253, 0.000286207272438, 0.000413540896261, 0.000454596796772, 0.000371814763639, 0.00020672653045, 0.000161046511494, 0.000151638465468, 8.22348229121e-05, 4.83620679006e-05, 4.49657709396e-05, 3.72588183382e-05, 2.70650343737e-05, 1.76238481799e-05, 1.42509079524e-05, 9.06418063096e-06, 6.78041487845e-06, 8.96484289115e-06, 7.27310316506e-06, 5.43573787581e-06, 7.18373439668e-06, 4.53898837804e-06, 2.09325321521e-06, 1.1873070207e-06, 1.27751138734e-06, 1.32843115352e-06, 1.57183558258e-06, 1.52993004576e-06, 1.21647747164e-06, 1.1617275959e-06, 1.2738279338e-06, 1.41575969792e-06, 1.13306191452e-06, 8.44167061587e-07, 7.87997350926e-07],
        "dvar": [1.9175770376e-06, 8.05731076525e-07, 6.83039786509e-07, 8.58571070239e-07, 5.49471394606e-07, 1.80487319312e-07, 1.34612349711e-07, 3.22439859701e-07, 5.49835590391e-07, 3.0631403547e-07, 9.70286961888e-08, 7.23714279616e-08, 7.29572491309e-08, 2.51043559274e-08, 8.34477464906e-09, 9.57444790117e-09, 4.23506074654e-09, 1.77315417904e-09, 8.12174494325e-10, 1.2348483347e-09, 5.42172973184e-10, 1.51500367807e-10, 1.86947499148e-10, 1.12918653594e-10, 6.33595467758e-11, 1.65406174868e-10, 6.9142247483e-11, 1.14291371506e-11, 4.9485780057e-12, 1.08718424888e-11, 1.25561167366e-11, 2.39238507477e-11, 1.48862831784e-11, 7.77776367616e-12, 8.99193480092e-12, 9.87492726479e-12, 1.92039231739e-11, 1.64170985834e-11, 1.43201926012e-11, 1.75897924698e-11],
        "dvar2": [5.52226038053e-06, 1.89512309134e-06, 1.60462218446e-06, 2.15367890632e-06, 1.23984023048e-06, 3.95007333509e-07, 3.21579477713e-07, 7.57929740303e-07, 1.18770458357e-06, 7.48167110487e-07, 2.33546330719e-07, 1.61927644626e-07, 1.70926028886e-07, 6.03266840926e-08, 2.00106153869e-08, 2.2355710172e-08, 1.0144924012e-08, 3.81839226904e-09, 1.79184900251e-09, 2.82603696e-09, 1.0393910177e-09, 3.66264879537e-10, 4.29079577424e-10, 2.39811032143e-10, 1.34665043006e-10, 3.54756168885e-10, 1.42615599885e-10, 2.46574861223e-11, 1.11344145709e-11, 2.37218231169e-11, 2.69927639268e-11, 4.60932021717e-11, 3.34494723586e-11, 1.84913855061e-11, 2.2196678523e-11, 2.00998558075e-11, 3.9841279581e-11, 3.88092717685e-11, 2.8706984706e-11, 3.94993308894e-11],
        "max": [0.0269362758845, 0.0190753042698, 0.0132153984159, 0.0180867891759, 0.0179156716913, 0.0118497721851, 0.00914866756648, 0.0191969182342, 0.0297949388623, 0.0118487654254, 0.00798552576452, 0.00576210347936, 0.00688206637278, 0.003761096159, 0.00294865714386, 0.00355784245767, 0.00165925198235, 0.00133700377773, 0.000686670071445, 0.00092441146262, 0.00140473572537, 0.000462759635411, 0.000381840538466, 0.000258962943917, 0.000168219718034, 0.00033310148865, 0.000313272932544, 8.33095837152e-05, 0.000104882812593, 0.000164343451615, 0.00016410673561, 0.000338016834576, 0.000150351232151, 9.2274050985e-05, 0.000123968580738, 9.9241558928e-05, 0.000208879748243, 0.000238760680077, 0.000225483483518, 0.000247553165536],
        "mean": [0.000780931441113, 0.000827406998724, 0.000433630601037, 0.000600763480179, 0.000599093094934, 0.000368617038475, 0.00043190899305, 0.000478551228298, 0.000481792609207, 0.000382508791517, 0.000221329843043, 0.000172425381606, 0.000170327999513, 9.00659579202e-05, 5.44622671441e-05, 4.57801688754e-05, 3.66076928913e-05, 2.78240240732e-05, 1.88369249372e-05, 1.52704633365e-05, 1.0673063116e-05, 7.73219653638e-06, 9.84583402897e-06, 9.22240633372e-06, 7.36895844966e-06, 9.74966951617e-06, 5.72981161895e-06, 2.56668454313e-06, 1.36509470394e-06, 1.45212197822e-06, 1.47431546793e-06, 1.89855859389e-06, 1.82604628662e-06, 1.44849093431e-06, 1.36580320031e-06, 1.515844815e-06, 1.64826371929e-06, 1.24065991258e-06, 8.64725052452e-07, 7.99270651441e-07],
        "median": [1.44842333611e-05, 0.00016847650113, 9.57475422183e-05, 0.000226760195801, 0.00021025625756, 0.000162183248904, 0.000213903695112, 0.000214763305848, 0.000156172842253, 0.000127028339193, 6.87355786795e-05, 4.27998820669e-05, 3.80167548428e-05, 2.33048158407e-05, 1.65310084412e-05, 1.19133237604e-05, 1.04075988929e-05, 9.22812978388e-06, 6.34549178358e-06, 4.58366139355e-06, 3.28536316374e-06, 2.81232178168e-06, 3.55966312782e-06, 2.94141341328e-06, 2.20765696213e-06, 1.82043356745e-06, 1.16729654565e-06, 6.46688476991e-07, 3.99859260369e-07, 4.13853967984e-07, 4.16933630731e-07, 4.87980685193e-07, 4.72252480677e-07, 4.07019001614e-07, 3.84267451636e-07, 3.55738706048e-07, 3.79842788334e-07, 2.71645035355e-07, 1.60959956474e-07, 1.40568261031e-07],
        "min": [7.8806912553e-24, 9.40922285514e-24, 1.99812819048e-23, 1.04504316865e-23, 7.42405833146e-24, 7.59976920949e-24, 1.12554082311e-23, 4.43851168373e-24, 3.97199985477e-24, 4.22295465252e-24, 4.58711808992e-24, 9.69192772661e-24, 8.10451870425e-24, 5.3975310695e-24, 6.16164185825e-24, 5.17036476677e-24, 5.45235098595e-24, 9.18040112781e-24, 1.49060300974e-23, 7.44683984554e-24, 1.14429433453e-23, 1.25297901465e-23, 5.39148168965e-24, 5.45471322994e-24, 7.82636398248e-24, 8.33589081889e-24, 6.22933440696e-24, 8.04962266271e-24, 1.36036838518e-23, 8.69024319321e-24, 1.04705989155e-23, 1.24354139833e-23, 7.44647775838e-24, 5.81328167136e-24, 1.10221270731e-23, 1.12036928768e-23, 8.76728334921e-24, 9.30989027882e-24, 7.31183419022e-24, 1.21122902456e-23],
        "var": [3.96457471652e-06, 2.42439546128e-06, 8.80158381733e-07, 1.28586486881e-06, 1.36494531944e-06, 4.83440373955e-07, 4.25645367841e-07, 9.80180175247e-07, 1.19837557122e-06, 5.11174675921e-07, 1.75368484179e-07, 1.47963120867e-07, 1.74444423351e-07, 5.25051859768e-08, 1.80624883939e-08, 1.52847725587e-08, 7.38064498407e-09, 3.79144138307e-09, 1.58542179385e-09, 2.32528618582e-09, 1.37076849871e-09, 3.06187269983e-10, 3.66082275605e-10, 2.87700280266e-10, 1.94993091118e-10, 4.51233245213e-10, 1.66400657142e-10, 3.12538432634e-11, 1.1885621827e-11, 2.39732123042e-11, 2.9438968624e-11, 5.6348509192e-11, 2.97104667257e-11, 1.4949859059e-11, 1.42063374953e-11, 2.05543741749e-11, 3.37557343189e-11, 2.47225157013e-11, 2.60773954514e-11, 2.98023515588e-11]
    },
    "mfcc": {
        "mean": [-679.521972656, 124.402770996, -3.66807866096, -10.1938838959, -13.6071367264, -14.2337636948, -12.1686658859, -0.548780679703, -10.5097265244, -0.682843506336, -1.2346932888, -5.75375843048, -5.903465271],
        "cov": [[7574.26904297, -355.793304443, 812.748657227, 786.284057617, 316.934356689, 293.67401123, 464.972717285, 609.883911133, -27.409029007, 404.856567383, 224.264511108, 35.117275238, 178.108703613], [-355.793304443, 1445.4362793, 407.934844971, 211.216186523, 242.359237671, 61.7343139648, 123.62903595, 76.6189117432, -15.7026224136, 18.6665782928, 82.1640090942, 90.8268051147, 99.3114318848], [812.748657227, 407.934844971, 1410.20483398, 495.851135254, 428.297821045, 257.040405273, 96.8516235352, 90.3268508911, 64.0898284912, 56.7136154175, 85.6610794067, 160.598831177, 159.373306274], [786.284057617, 211.216186523, 495.851135254, 605.690551758, 283.238464355, 209.555099487, 94.0785446167, 98.0970535278, 85.7477645874, 87.3545303345, 64.5125350952, 108.487411499, 143.159713745], [316.934356689, 242.359237671, 428.297821045, 283.238464355, 409.985137939, 150.692230225, 36.2819786072, 100.427391052, 63.9664764404, 86.3071289062, 42.6597900391, 61.3526649475, 79.6224136353], [293.67401123, 61.7343139648, 257.040405273, 209.555099487, 150.692230225, 263.864227295, 145.972183228, 91.0515975952, 95.9502182007, 84.307182312, 62.5663223267, 71.7705764771, 67.7496795654], [464.972717285, 123.62903595, 96.8516235352, 94.0785446167, 36.2819786072, 145.972183228, 387.055236816, 188.624389648, 45.2571334839, 85.596786499, 106.819389343, 44.0594406128, 52.3736190796], [609.883911133, 76.6189117432, 90.3268508911, 98.0970535278, 100.427391052, 91.0515975952, 188.624389648, 262.96194458, 45.8746833801, 101.173500061, 95.1470184326, 26.5690784454, 43.4282226562], [-27.409029007, -15.7026224136, 64.0898284912, 85.7477645874, 63.9664764404, 95.9502182007, 45.2571334839, 45.8746833801, 180.03616333, 82.5458679199, 48.7031059265, 55.7147941589, 32.7815170288], [404.856567383, 18.6665782928, 56.7136154175, 87.3545303345, 86.3071289062, 84.307182312, 85.596786499, 101.173500061, 82.5458679199, 183.191497803, 89.3572311401, 41.0887908936, 31.0752048492], [224.264511108, 82.1640090942, 85.6610794067, 64.5125350952, 42.6597900391, 62.5663223267, 106.819389343, 95.1470184326, 48.7031059265, 89.3572311401, 149.608520508, 59.936466217, 34.7268562317], [35.117275238, 90.8268051147, 160.598831177, 108.487411499, 61.3526649475, 71.7705764771, 44.0594406128, 26.5690784454, 55.7147941589, 41.0887908936, 59.936466217, 135.161865234, 81.5227508545], [178.108703613, 99.3114318848, 159.373306274, 143.159713745, 79.6224136353, 67.7496795654, 52.3736190796, 43.4282226562, 32.7815170288, 31.0752048492, 34.7268562317, 81.5227508545, 141.404937744]],
