{
"lowlevel": {
    "average_loudness": 0.772109806538,
    "barkbands_crest": {
        "dmean": 2.25678753853,
        "dmean2": 3.5871925354,
        "dvar": 4.04339408875,
        "dvar2": 9.9341135025,
        "max": 25.3364391327,
        "mean": 10.8951644897,
        "median": 10.2000026703,
        "min": 2.60286140442,
        "var": 16.49609375
    },
    "barkbands_flatness_db": {
        "dmean": 0.0168443154544,
        "dmean2": 0.0257921237499,
        "dvar": 0.000238085660385,
        "dvar2": 0.000525260111317,
        "max": 0.335756003857,
        "mean": 0.135800912976,
        "median": 0.129784941673,
        "min": 0.0211001951247,
        "var": 0.00170153577346
    },
    "barkbands_kurtosis": {
        "dmean": 1.93082654476,
        "dmean2": 3.01295900345,
        "dvar": 14.3224163055,
        "dvar2": 33.0572395325,
        "max": 146.796142578,
        "mean": 3.1016459465,
        "median": 1.10769343376,
        "min": -1.91028177738,
        "var": 50.1227531433
    },
    "barkbands_skewness": {
        "dmean": 0.426753312349,
        "dmean2": 0.647366940975,
        "dvar": 0.19201400876,
        "dvar2": 0.423470854759,
        "max": 10.0397262573,
        "mean": 1.27003324032,
        "median": 1.11326515675,
        "min": -1.65612065792,
        "var": 1.52353191376
    },
    "barkbands_spread": {
        "dmean": 4.12856292725,
        "dmean2": 6.28742933273,
        "dvar": 23.8063335419,
        "dvar2": 49.4738769531,
        "max": 93.2349777222,
        "mean": 23.7082653046,
        "median": 21.3023757935,
        "min": 0.796231687069,
        "var": 188.558837891
    },
    "dissonance": {
        "dmean": 0.0176892131567,
        "dmean2": 0.0299689620733,
        "dvar": 0.000317403755616,
        "dvar2": 0.00088449352188,
        "max": 0.5,
        "mean": 0.461551994085,
        "median": 0.468843519688,
        "min": 0.283683001995,
        "var": 0.000834211241454
    },
    "dynamic_complexity": 3.80664253235,
    "erbbands_crest": {
        "dmean": 2.51112389565,
        "dmean2": 3.97566723824,
        "dvar": 5.24128198624,
        "dvar2": 12.4429244995,
        "max": 29.0353107452,
        "mean": 10.7137584686,
        "median": 9.98191261292,
        "min": 2.6879594326,
        "var": 20.1257362366
    },
    "erbbands_flatness_db": {
        "dmean": 0.0152496099472,
        "dmean2": 0.0223858896643,
        "dvar": 0.00019825718482,
        "dvar2": 0.000403028796427,
        "max": 0.377662479877,
        "mean": 0.174972057343,
        "median": 0.169426307082,
        "min": 0.048445481807,
        "var": 0.00278033665381
    },
    "erbbands_kurtosis": {
        "dmean": 0.874692380428,
        "dmean2": 1.36507666111,
        "dvar": 1.39390027523,
        "dvar2": 3.06200814247,
        "max": 38.455657959,
        "mean": 0.845662772655,
        "median": 0.201221585274,
        "min": -1.76364898682,
        "var": 5.57455396652
    },
    "erbbands_skewness": {
        "dmean": 0.298690766096,
        "dmean2": 0.459723234177,
        "dvar": 0.073776692152,
        "dvar2": 0.165164038539,
        "max": 5.38606405258,
        "mean": 0.147089079022,
        "median": 0.183337837458,
        "min": -2.50500798225,
        "var": 0.85797804594
    },
    "erbbands_spread": {
        "dmean": 5.42008113861,
        "dmean2": 8.18671417236,
        "dvar": 36.8617095947,
        "dvar2": 76.431892395,
        "max": 139.89781189,
        "mean": 32.1783638,
        "median": 28.5198020935,
        "min": 3.26978754997,
        "var": 287.341125488
    },
    "hfc": {
        "dmean": 4.07826423645,
        "dmean2": 5.67349147797,
        "dvar": 41.3295326233,
        "dvar2": 72.3096160889,
        "max": 139.68460083,
        "mean": 19.3155097961,
        "median": 12.2800788879,
        "min": 1.09113507098e-16,
        "var": 345.218505859
    },
    "melbands_crest": {
        "dmean": 3.16599321365,
        "dmean2": 5.0426235199,
        "dvar": 8.4044675827,
        "dvar2": 21.3869228363,
        "max": 34.5242881775,
        "mean": 15.7589616776,
        "median": 14.7080068588,
        "min": 1.79848098755,
        "var": 37.4056854248
    },
    "melbands_flatness_db": {
        "dmean": 0.0194155685604,
        "dmean2": 0.0295101236552,
        "dvar": 0.000321768660797,
        "dvar2": 0.000709310290404,
        "max": 0.420127689838,
        "mean": 0.195796221495,
        "median": 0.191968947649,
        "min": 0.00611754367128,
        "var": 0.0020457461942
    },
    "melbands_kurtosis": {
        "dmean": 4.31431150436,
        "dmean2": 6.80571556091,
        "dvar": 55.0374183655,
        "dvar2": 134.119171143,
        "max": 174.323425293,
        "mean": 9.34080219269,
        "median": 4.5763463974,
        "min": -1.6654419899,
        "var": 182.100387573
    },
    "melbands_skewness": {
        "dmean": 0.553283810616,
        "dmean2": 0.84417539835,
        "dvar": 0.328147679567,
        "dvar2": 0.763844490051,
        "max": 10.4158067703,
        "mean": 2.1880865097,
        "median": 1.95286762714,
        "min": -1.02252840996,
        "var": 2.31179690361
    },
    "melbands_spread": {
        "dmean": 5.81253099442,
        "dmean2": 8.82855987549,
        "dvar": 47.5162391663,
        "dvar2": 98.2951812744,
        "max": 161.673217773,
        "mean": 27.9901981354,
        "median": 21.8411064148,
        "min": 0.931370735168,
        "var": 364.984375
    },
    "pitch_salience": {
        "dmean": 0.0593087822199,
        "dmean2": 0.095000103116,
        "dvar": 0.00277955271304,
        "dvar2": 0.0068568950519,
        "max": 0.859239637852,
        "mean": 0.52297514677,
        "median": 0.517968058586,
        "min": 0.164944052696,
        "var": 0.0137904090807
    },
    "silence_rate_20dB": {
        "dmean": 0,
        "dmean2": 0,
        "dvar": 0,
        "dvar2": 0,
        "max": 1,
        "mean": 1,
        "median": 1,
        "min": 1,
        "var": 0
    },
    "silence_rate_30dB": {
        "dmean": 0,
        "dmean2": 0,
        "dvar": 0,
        "dvar2": 0,
        "max": 1,
        "mean": 1,
        "median": 1,
        "min": 1,
        "var": 0
    },
    "silence_rate_60dB": {
        "dmean": 0.0268129184842,
        "dmean2": 0.0536323748529,
        "dvar": 0.0260923858732,
        "dvar2": 0.057577483356,
        "max": 1,
        "mean": 0.160004869103,
        "median": 0,
        "min": 0,
        "var": 0.134391665459
    },
    "spectral_centroid": {
        "dmean": 175.512954712,
        "dmean2": 264.552093506,
        "dvar": 42231.2695312,
        "dvar2": 76549.2578125,
        "max": 10929.4560547,
        "mean": 1594.01672363,
        "median": 1572.06005859,
        "min": 262.091125488,
        "var": 457099.75
    },
    "spectral_complexity": {
        "dmean": 1.99902498722,
        "dmean2": 3.21331048012,
        "dvar": 3.75015044212,
        "dvar2": 8.65240192413,
        "max": 41,
        "mean": 13.3190345764,
        "median": 14,
        "min": 0,
        "var": 40.5022163391
    },
    "spectral_decrease": {
        "dmean": 1.13641218658e-09,
        "dmean2": 1.72967085099e-09,
        "dvar": 2.40623283315e-18,
        "dvar2": 5.4417602745e-18,
        "max": -1.30271670886e-28,
        "mean": -4.84175322057e-09,
        "median": -4.0572110116e-09,
        "min": -2.57810430782e-08,
        "var": 1.53013226286e-17
    },
    "spectral_energy": {
        "dmean": 0.00454536965117,
        "dmean2": 0.00688215857372,
        "dvar": 3.8222889998e-05,
        "dvar2": 8.42560839374e-05,
        "max": 0.108958825469,
        "mean": 0.0200258642435,
        "median": 0.0167050976306,
        "min": 1.03886008949e-20,
        "var": 0.000258569139987
    },
    "spectral_energyband_high": {
        "dmean": 0.000116119219456,
        "dmean2": 0.000166401281604,
        "dvar": 4.31586748562e-08,
        "dvar2": 9.01253400798e-08,
        "max": 0.00574030634016,
        "mean": 0.000405597937061,
        "median": 0.000228060729569,
        "min": 7.32453892132e-21,
        "var": 2.21135948664e-07
    },
    "spectral_energyband_low": {
        "dmean": 0.00245345383883,
        "dmean2": 0.00395946390927,
        "dvar": 2.12543509406e-05,
        "dvar2": 5.46899573237e-05,
        "max": 0.0659498944879,
        "mean": 0.0066673210822,
        "median": 0.00118694780394,
        "min": 3.89826881249e-23,
        "var": 7.96912208898e-05
    },
    "spectral_energyband_middle_high": {
        "dmean": 0.00192528951447,
        "dmean2": 0.00273749837652,
        "dvar": 1.3337828932e-05,
        "dvar2": 2.48322194238e-05,
        "max": 0.105744533241,
        "mean": 0.00736411195248,
        "median": 0.00364167313091,
        "min": 1.71862928129e-21,
        "var": 7.93999643065e-05
    },
    "spectral_energyband_middle_low": {
        "dmean": 0.00192845100537,
        "dmean2": 0.00290250149556,
        "dvar": 8.20840796223e-06,
        "dvar2": 1.83205684152e-05,
        "max": 0.0658272132277,
        "mean": 0.00599587056786,
        "median": 0.00424614688382,
        "min": 3.76886665706e-22,
        "var": 3.47899476765e-05
    },
    "spectral_entropy": {
        "dmean": 0.141952425241,
        "dmean2": 0.204081535339,
        "dvar": 0.0190401580185,
        "dvar2": 0.0350615307689,
        "max": 9.78046989441,
        "mean": 7.32893419266,
        "median": 7.36136722565,
        "min": 5.76229047775,
        "var": 0.160907924175
    },
    "spectral_flux": {
        "dmean": 0.0171460732818,
        "dmean2": 0.0275519378483,
        "dvar": 0.000372186274035,
        "dvar2": 0.000912685936783,
        "max": 0.322959542274,
        "mean": 0.0614574812353,
        "median": 0.0545361153781,
        "min": 1.01924489682e-10,
        "var": 0.0014352289727
    },
    "spectral_kurtosis": {
        "dmean": 1.28908538818,
        "dmean2": 2.167273283,
        "dvar": 1.87393939495,
        "dvar2": 5.20325660706,
        "max": 29.3914680481,
        "mean": 5.61722993851,
        "median": 5.23648309708,
        "min": -1.17795050144,
        "var": 6.34410429001
    },
    "spectral_rms": {
        "dmean": 0.000476412242278,
        "dmean2": 0.000709512212779,
        "dvar": 2.70679066716e-07,
        "dvar2": 5.5856378367e-07,
        "max": 0.0103102512658,
        "mean": 0.00399166205898,
        "median": 0.00403703562915,
        "min": 3.18358599032e-12,
        "var": 3.6040746636e-06
    },
    "spectral_rolloff": {
        "dmean": 339.380249023,
        "dmean2": 567.510803223,
        "dvar": 432288.03125,
        "dvar2": 890452.625,
        "max": 18432.421875,
        "mean": 1609.69836426,
        "median": 1421.19140625,
        "min": 64.599609375,
        "var": 1226207.625
    },
    "spectral_skewness": {
        "dmean": 0.1643448174,
        "dmean2": 0.267269015312,
        "dvar": 0.0259831827134,
        "dvar2": 0.0620590411127,
        "max": 4.29864645004,
        "mean": 1.76999127865,
        "median": 1.72929465771,
        "min": 0.0438248179853,
        "var": 0.126009568572
    },
    "spectral_spread": {
        "dmean": 414949.3125,
        "dmean2": 604324.625,
        "dvar": 410825195520,
        "dvar2": 582864470016,
        "max": 39860968,
        "mean": 4379551.5,
        "median": 4198716,
        "min": 1963227.875,
        "var": 1.60552871526e+12
    },
    "spectral_strongpeak": {
        "dmean": 0.68014729023,
        "dmean2": 1.17607605457,
        "dvar": 2.03111505508,
        "dvar2": 5.13398694992,
        "max": 14.3496217728,
        "mean": 1.36518776417,
        "median": 0.411141395569,
        "min": 0,
        "var": 4.01387500763
    },
    "zerocrossingrate": {
        "dmean": 0.00757118593901,
        "dmean2": 0.00914575066417,
        "dvar": 9.35677671805e-05,
        "dvar2": 0.0001076967892,
        "max": 0.4970703125,
        "mean": 0.0624948218465,
        "median": 0.06005859375,
        "min": 0.0107421875,
        "var": 0.000720214680769
    },
    "barkbands": {
        "dmean": [0.000496151158586, 0.00189340813085, 0.000448926439276, 0.0005452731275, 0.000667372136377, 0.000487857876578, 0.000393760506995, 0.000303612207063, 0.000397746858653, 0.000455222034361, 0.00049983873032, 0.000386667175917, 0.00022267649183, 0.000265113805654, 0.000288358307444, 0.000364230712876, 0.000462721480289, 0.000221593261813, 0.000169257211383, 0.0002073655196, 1.34378087751e-05, 1.16529163279e-05, 1.79495291377e-05, 2.16613916564e-05, 2.93549419439e-05, 7.0750265877e-06, 1.71133194726e-06],
        "dmean2": [0.000825898372568, 0.00311076478101, 0.000733377353754, 0.00094173301477, 0.00106025231071, 0.000703084340785, 0.000546455092262, 0.000451238651294, 0.000607890659012, 0.000690618879162, 0.000753574073315, 0.000580000574701, 0.000327231973642, 0.00039720654604, 0.000428153347457, 0.000545254850294, 0.000732281827368, 0.000339911232004, 0.000260468485067, 0.000314594653901, 2.12734812521e-05, 1.79654289241e-05, 2.67469076789e-05, 3.21690204146e-05, 4.28906605521e-05, 1.04675955299e-05, 2.72579791272e-06],
        "dvar": [1.09532277293e-06, 1.29671225295e-05, 1.13119267553e-06, 1.76635683147e-06, 1.37125982747e-06, 1.9036234562e-06, 8.25582560537e-07, 7.71965403601e-07, 1.57384181421e-06, 2.24651171266e-06, 5.32770809514e-06, 1.82010637673e-06, 5.54631526484e-07, 6.98562303114e-07, 1.12004079256e-06, 9.65126673691e-07, 1.4911774997e-06, 2.16593960545e-07, 1.29021003659e-07, 1.74915783191e-07, 7.09003855626e-10, 5.71969083207e-10, 1.37712363735e-09, 1.66389191314e-09, 3.30776761537e-09, 2.05558098321e-10, 1.48081390899e-11],
        "dvar2": [2.86078193312e-06, 3.53632676706e-05, 2.72819352176e-06, 4.9071900321e-06, 3.21811444337e-06, 3.63399067282e-06, 1.59389992405e-06, 1.62352841926e-06, 3.62664286513e-06, 5.0599842325e-06, 1.20770773719e-05, 3.5353371004e-06, 1.07996777388e-06, 1.48183994497e-06, 2.25032499657e-06, 1.95500297195e-06, 3.64002517017e-06, 4.86836938762e-07, 2.8330308055e-07, 3.74100153522e-07, 1.64915159306e-09, 1.26443611137e-09, 3.06405856243e-09, 3.50451467845e-09, 7.2213950375e-09, 4.31490732034e-10, 3.46713803501e-11],
        "max": [0.0169820580631, 0.0427834503353, 0.0185926966369, 0.0256090778857, 0.0234522037208, 0.0514596924186, 0.0242311693728, 0.0323488041759, 0.031635440886, 0.0782107785344, 0.0887262821198, 0.0562639497221, 0.0221778005362, 0.0243385080248, 0.0255666263402, 0.0274936817586, 0.0198633950204, 0.0149855120108, 0.00878657680005, 0.00877682119608, 0.000717016053386, 0.000613758864347, 0.00142037984915, 0.00119240616914, 0.00170299317688, 0.000323343119817, 0.000134098751005],
        "mean": [0.000907426001504, 0.00469081336632, 0.000764278811403, 0.00074029940879, 0.00138605444226, 0.00130604102742, 0.00109865318518, 0.000575332087465, 0.000735662586521, 0.00102199753746, 0.000940051511861, 0.000813157588709, 0.000396472692955, 0.00054237205768, 0.000530241697561, 0.000692836300004, 0.00108556926716, 0.00057862320682, 0.000427523773396, 0.000519404944498, 3.17889680446e-05, 2.59598091361e-05, 4.87975848955e-05, 6.30525319139e-05, 8.6958934844e-05, 1.39249705171e-05, 2.59022385762e-06],
        "median": [5.33615893801e-05, 0.000329729751684, 0.000104767590528, 0.000240566456341, 0.000708785431925, 0.000374631083105, 0.000254246697295, 0.000144632183947, 0.000137563096359, 0.00015467038611, 9.79016040219e-05, 0.000146809150465, 8.77475176821e-05, 8.17403197289e-05, 6.97406212566e-05, 0.000131607375806, 0.000145308033098, 0.000162936077686, 0.000149068509927, 0.000158575901878, 1.65104793268e-05, 1.27138209791e-05, 2.12686809391e-05, 2.6609039196e-05, 2.82652636088e-05, 6.29627629678e-06, 8.93959168025e-07],
        "min": [3.66099238952e-23, 1.46215510778e-23, 3.31922061114e-24, 2.14861823874e-23, 5.80888645394e-23, 6.24046278886e-23, 5.14770678831e-23, 7.50070910572e-23, 6.24983698077e-23, 9.83333104387e-23, 5.66441131232e-23, 6.18261404096e-23, 7.00720466539e-23, 7.7570055962e-23, 2.56908646548e-22, 1.34984665309e-22, 3.07381835286e-22, 2.94001542643e-22, 2.57870728686e-22, 4.13145186778e-22, 6.46491782398e-22, 5.79439615197e-22, 4.18145656149e-22, 6.65439842689e-22, 1.18411328779e-21, 1.67935536781e-21, 2.13535968311e-21],
        "var": [2.63093966169e-06, 4.2874362407e-05, 2.66990150521e-06, 2.24597806664e-06, 4.38006736658e-06, 1.10895789476e-05, 4.99125098941e-06, 1.95219763555e-06, 4.20937840317e-06, 8.40614666231e-06, 1.10795726869e-05, 6.1317446125e-06, 1.44523232848e-06, 2.30428281611e-06, 2.83367580778e-06, 2.83076337837e-06, 5.0569465202e-06, 1.09741381493e-06, 4.6967926437e-07, 6.80472567183e-07, 2.29143104491e-09, 1.80641446246e-09, 4.88903140194e-09, 9.60842960751e-09, 1.64370934641e-08, 5.14555287268e-10, 2.87544502098e-11]
    },
    "erbbands": {
        "dmean": [0.100369624794, 0.296400547028, 0.467484802008, 1.17514204979, 1.85960793495, 2.22133302689, 4.13038730621, 4.24779748917, 5.20856761932, 5.71983766556, 6.38953399658, 8.10381603241, 12.9681959152, 15.6325082779, 18.4371032715, 11.8602161407, 9.62065315247, 10.8190231323, 11.9733924866, 16.6986808777, 20.1333427429, 19.5106945038, 13.4362831116, 7.77412939072, 9.43648815155, 6.67298793793, 1.08421981335, 0.420751988888, 0.403359740973, 0.460158288479, 0.510882675648, 0.4090962708, 0.397407084703, 0.419530451298, 0.159367054701, 0.0354671850801, 0.0133452070877, 0.00276287621818, 0.000334655691404, 1.29807540361e-05],
        "dmean2": [0.166000664234, 0.483817994595, 0.762709975243, 1.99641811848, 3.19039225578, 3.50671648979, 6.01351261139, 6.00447034836, 7.12442111969, 8.35015773773, 9.42947864532, 12.0883569717, 19.7737159729, 22.8625869751, 26.7509784698, 17.6470890045, 13.8142652512, 15.9102735519, 17.8250007629, 23.9880523682, 30.7790985107, 30.6020526886, 20.5289764404, 11.6957302094, 14.4464616776, 9.97826194763, 1.6684242487, 0.656578183174, 0.629268169403, 0.703674137592, 0.756895005703, 0.607634246349, 0.586972355843, 0.618907988071, 0.233384624124, 0.0518720932305, 0.020115448162, 0.00427133543417, 0.000534427992534, 1.98932448257e-05],
        "dvar": [0.0397337786853, 0.330168873072, 1.13702392578, 8.01285743713, 13.6822681427, 24.5453834534, 79.4102325439, 231.519927979, 167.970993042, 231.224197388, 328.255767822, 728.580810547, 1254.07446289, 1992.58410645, 8247.98242188, 1446.51416016, 969.064941406, 1445.08032227, 1156.08325195, 2897.18945312, 2575.64794922, 1791.56445312, 821.52520752, 264.518859863, 354.135528564, 211.193389893, 4.53669214249, 0.787106454372, 0.728130280972, 0.886730372906, 1.13200747967, 0.583573818207, 0.694833695889, 0.725138127804, 0.100928641856, 0.00526401167735, 0.00117316353135, 3.46992746927e-05, 7.10156541572e-07, 7.71519625964e-10],
        "dvar2": [0.11241799593, 0.865205407143, 2.7330391407, 20.9861469269, 38.3331031799, 59.0655479431, 169.406265259, 439.009399414, 295.042541504, 460.264923096, 726.467224121, 1587.42712402, 2957.23046875, 4081.00268555, 17187.7265625, 2845.01025391, 1879.85205078, 3033.890625, 2457.12866211, 5403.97705078, 5798.33251953, 4201.21972656, 1869.66357422, 567.890014648, 770.360656738, 421.178863525, 9.53216457367, 1.87891757488, 1.66880095005, 1.97707843781, 2.39426112175, 1.23520624638, 1.47304689884, 1.6217058897, 0.212345734239, 0.0110861780122, 0.00250967848115, 8.35769315017e-05, 1.76214575731e-06, 1.87549220598e-09],
        "max": [2.25779557228, 8.12514019012, 17.7239170074, 54.9288978577, 71.0299606323, 145.873001099, 216.03553772, 564.464660645, 478.258056641, 687.65612793, 641.852355957, 675.906860352, 1342.16638184, 1509.42834473, 4111.61328125, 1132.85058594, 1081.5534668, 1415.82336426, 762.072509766, 1399.12841797, 1203.67687988, 940.585388184, 1052.23071289, 531.450073242, 559.802062988, 354.958557129, 86.2885131836, 31.8076572418, 21.9458599091, 24.3883285522, 49.2844238281, 22.1535167694, 23.1598758698, 23.2494812012, 7.89231538773, 1.6105850935, 1.12814450264, 0.152398914099, 0.0314848124981, 0.00107915722765],
        "mean": [0.223545178771, 0.70079767704, 0.890036523342, 1.8963881731, 2.83695006371, 4.33897256851, 9.43589401245, 11.8821592331, 16.0282993317, 13.2999610901, 12.7051925659, 15.1294250488, 29.3251571655, 35.4013938904, 35.0572509766, 26.2519435883, 20.3054676056, 21.539522171, 26.2072563171, 33.886505127, 51.5506858826, 52.8752593994, 38.2015228271, 22.2856483459, 28.3396873474, 19.2880573273, 3.20033335686, 1.01706540585, 0.885546803474, 1.19153106213, 1.41951394081, 1.14444589615, 1.19101119041, 1.27545332909, 0.432255983353, 0.0788395702839, 0.0244471374899, 0.00493703829125, 0.000516403000802, 3.99434029532e-05],
        "median": [0.015307421796, 0.0418412908912, 0.145415365696, 0.514740407467, 1.48901247978, 1.88821744919, 3.70357275009, 3.06309556961, 4.0411195755, 4.46570205688, 4.06293201447, 3.4439675808, 6.3470993042, 8.48062133789, 6.07358932495, 5.94375705719, 5.33030319214, 4.87181568146, 6.0879240036, 7.53469657898, 10.3654766083, 10.7570571899, 10.3435764313, 8.08576774597, 8.88757228851, 6.99438858032, 1.77957165241, 0.534746646881, 0.447619497776, 0.567380905151, 0.607031226158, 0.528413832188, 0.417654514313, 0.352254509926, 0.150114119053, 0.0385394766927, 0.00917542912066, 0.00235653226264, 0.000194458290935, 3.09189308609e-05],
        "min": [9.12352447742e-22, 1.73423302573e-21, 3.43607837618e-21, 3.19004658924e-20, 1.04183113808e-19, 2.80164806851e-19, 4.92516623303e-19, 4.16398041619e-19, 7.061955218e-19, 7.46492659316e-19, 1.86029011335e-18, 1.22618534649e-18, 3.40004277625e-18, 3.10012590449e-18, 1.40388710991e-18, 2.97673040944e-18, 3.21145428198e-18, 3.14544919821e-18, 1.09180081903e-17, 1.11980799652e-17, 9.20539359772e-18, 1.77351229101e-17, 1.50054682477e-17, 1.29452665714e-17, 1.50068364044e-17, 2.06842550587e-17, 2.08415169824e-17, 2.94466471163e-17, 2.55092177697e-17, 1.41652049465e-17, 1.13145031548e-17, 1.4246573049e-17, 1.12497134062e-17, 1.30537008508e-17, 8.18422506945e-18, 7.1451704148e-18, 3.00931119261e-18, 1.02793155696e-18, 2.99117686034e-19, 3.07322154488e-20],
        "var": [0.110056526959, 1.06113696098, 2.94594287872, 14.4960098267, 16.5821590424, 71.8192062378, 296.43939209, 1383.28271484, 1288.44812012, 833.976623535, 777.506713867, 1838.28552246, 4773.32177734, 7010.34130859, 16380.7460938, 5355.12158203, 3056.20605469, 3210.70214844, 3915.2644043, 8162.50146484, 11466.0302734, 8659.39453125, 4727.96142578, 1131.85876465, 1778.53430176, 884.916748047, 20.2473049164, 2.41524076462, 2.05853152275, 3.25546860695, 4.22313833237, 2.47207665443, 4.49464082718, 3.8605234623, 0.46770387888, 0.0141769070178, 0.00243482692167, 6.55733820167e-05, 1.19680123589e-06, 1.8115718925e-09]
    },
    "gfcc": {
        "mean": [-25.9764442444, 73.1963348389, -128.309967041, 18.2643089294, -52.3554115295, 4.59091043472, -45.8661651611, 18.6206951141, -31.1895027161, -3.62027287483, -8.47315216064, -0.0989597439766, -6.49996376038],
        "cov": [[6001.203125, -231.742202759, 630.355041504, 1138.81640625, 917.237976074, 454.35925293, 81.958480835, 938.540283203, 420.943725586, 441.98034668, 531.627258301, 166.408233643, 136.646087646], [-231.742202759, 840.174255371, 328.14666748, 164.517608643, 125.692947388, 73.3116989136, 107.556800842, -77.5456314087, -19.2697849274, 39.1486129761, 34.421421051, -33.0883712769, 25.8125629425], [630.355041504, 328.14666748, 1239.65429688, 533.286865234, 222.632888794, 45.7317390442, -77.8646240234, 69.3411178589, 106.01763916, 137.302703857, 25.4524822235, 167.477127075, -0.388536006212], [1138.81640625, 164.517608643, 533.286865234, 773.846557617, 331.941497803, 124.360839844, -31.1279315948, 259.625518799, 218.120346069, 160.28477478, 146.255355835, 130.980377197, 73.4362335205], [917.237976074, 125.692947388, 222.632888794, 331.941497803, 395.71774292, 159.719802856, 84.3291549683, 199.773162842, 93.7770996094, 124.990951538, 130.298843384, 46.7212677002, 35.0742530823], [454.35925293, 73.3116989136, 45.7317390442, 124.360839844, 159.719802856, 289.982757568, 175.873336792, 57.8219566345, 52.786605835, 94.3970031738, 39.3792724609, 7.17835664749, -17.6055812836], [81.958480835, 107.556800842, -77.8646240234, -31.1279315948, 84.3291549683, 175.873336792, 266.033111572, 16.1317501068, 25.7875232697, 55.6194190979, -9.20738220215, -7.27765798569, -29.0337600708], [938.540283203, -77.5456314087, 69.3411178589, 259.625518799, 199.773162842, 57.8219566345, 16.1317501068, 328.892486572, 147.518585205, 101.865104675, 128.078567505, 48.9941902161, 74.2036819458], [420.943725586, -19.2697849274, 106.01763916, 218.120346069, 93.7770996094, 52.786605835, 25.7875232697, 147.518585205, 220.786880493, 97.8657684326, 38.5839385986, 81.9434051514, 27.8601379395], [441.98034668, 39.1486129761, 137.302703857, 160.28477478, 124.990951538, 94.3970031738, 55.6194190979, 101.865104675, 97.8657684326, 150.472854614, 73.5366821289, 55.8836402893, 19.3332614899], [531.627258301, 34.421421051, 25.4524822235, 146.255355835, 130.298843384, 39.3792724609, -9.20738220215, 128.078567505, 38.5839385986, 73.5366821289, 210.632095337, 31.1375541687, 66.0461959839], [166.408233643, -33.0883712769, 167.477127075, 130.980377197, 46.7212677002, 7.17835664749, -7.27765798569, 48.9941902161, 81.9434051514, 55.8836402893, 31.1375541687, 133.595809937, 22.832572937], [136.646087646, 25.8125629425, -0.388536006212, 73.4362335205, 35.0742530823, -17.6055812836, -29.0337600708, 74.2036819458, 27.8601379395, 19.3332614899, 66.0461959839, 22.832572937, 110.569160461]],
        "icov": [[0.000418390758568, 0.000197945279069, -0.000102217090898, -0.000163735443493, -0.000279660569504, -0.000298452505376, 0.000119089643704, -0.000734413857572, 0.000103498110548, -0.000152806853293, -0.000372254231479, 0.000245067523792, 0.000282836437691], [0.000197945279069, 0.00213717762381, -0.000731105392333, -0.00054348167032, -0.000598068581894, 0.000543673580978, -0.00152509752661, 0.00130574451759, -0.000277504266705, -3.95413990191e-05, -0.00081361917546, 0.00193544547074, -0.00122247589752], [-0.000102217090898, -0.000731105392333, 0.00175683456473, -0.000806664582342, -0.000170381434145, 3.06768342853e-05, 0.000984016456641, 4.37725066149e-05, 0.000852753524669, -0.00100872397888, 0.0010465523228, -0.00185960391536, 0.000847259827424], [-0.000163735443493, -0.00054348167032, -0.000806664582342, 0.00391408614814, -0.00140684004873, -0.00109708902892, 0.00169670546893, -0.000589057046454, -0.00203892192803, 0.000573698838707, -0.000171680978383, -0.000763571995776, -0.000487110752147], [-0.000279660569504, -0.000598068581894, -0.000170381434145, -0.00140684004873, 0.0065902476199, -0.00123183638789, -0.0009803842986, -0.00208303541876, 0.00145543157123, -0.000771437073126, -0.00100440531969, -0.000187001147424, 0.000679585675243], [-0.000298452505376, 0.000543673580978, 3.06768342853e-05, -0.00109708902892, -0.00123183638789, 0.00826600473374, -0.00489936070517, 0.00186507531907, -3.17426456604e-05, -0.00219143996947, -0.000283624453004, 0.0015154388966, 0.000387096981285], [0.000119089643704, -0.00152509752661, 0.000984016456641, 0.00169670546893, -0.0009803842986, -0.00489936070517, 0.00894693471491, -0.00148224690929, -0.000242165755481, -0.00131237471942, 0.001734534977, -0.0017626285553, 0.00157876638696], [-0.000734413857572, 0.00130574451759, 4.37725066149e-05, -0.000589057046454, -0.00208303541876, 0.00186507531907, -0.00148224690929, 0.00972129683942, -0.00378730357625, -0.000239448345383, -0.00141030794475, 0.00210303300992, -0.00355702568777], [0.000103498110548, -0.000277504266705, 0.000852753524669, -0.00203892192803, 0.00145543157123, -3.17426456604e-05, -0.000242165755481, -0.00378730357625, 0.0105924895033, -0.00404754979536, 0.00229802867398, -0.00387053168379, 0.000770727579948], [-0.000152806853293, -3.95413990191e-05, -0.00100872397888, 0.000573698838707, -0.000771437073126, -0.00219143996947, -0.00131237471942, -0.000239448345383, -0.00404754979536, 0.0148819377646, -0.00316583248787, -0.0017516517546, 0.000195845845155], [-0.000372254231479, -0.00081361917546, 0.0010465523228, -0.000171680978383, -0.00100440531969, -0.000283624453004, 0.001734534977, -0.00141030794475, 0.00229802867398, -0.00316583248787, 0.00921047758311, -0.00166698521934, -0.00273986486718], [0.000245067523792, 0.00193544547074, -0.00185960391536, -0.000763571995776, -0.000187001147424, 0.0015154388966, -0.0017626285553, 0.00210303300992, -0.00387053168379, -0.0017516517546, -0.00166698521934, 0.0137600041926, -0.0023918421939], [0.000282836437691, -0.00122247589752, 0.000847259827424, -0.000487110752147, 0.000679585675243, 0.000387096981285, 0.00157876638696, -0.00355702568777, 0.000770727579948, 0.000195845845155, -0.00273986486718, -0.0023918421939, 0.0138562973589]]
    },
    "melbands": {
        "dmean": [0.000674340582918, 0.000266204937361, 0.000220875968807, 0.000129296822706, 0.000139283045428, 9.40863028518e-05, 7.8914599726e-05, 6.47650304018e-05, 5.26068579347e-05, 5.49741998839e-05, 6.86831772327e-05, 6.75101618981e-05, 6.52828093735e-05, 4.24729150836e-05, 2.81169595837e-05, 2.3081600375e-05, 2.17197866732e-05, 2.03343006433e-05, 2.64454229182e-05, 2.26853680942e-05, 2.74602298305e-05, 2.69472475338e-05, 1.26883160192e-05, 1.18922607726e-05, 6.74641023579e-06, 5.79361358177e-06, 1.07503483378e-05, 4.2561682676e-06, 9.01981138668e-07, 3.47495699771e-07, 2.33636015423e-07, 2.45312463676e-07, 2.60515804484e-07, 3.01303032302e-07, 3.21952455806e-07, 3.30902082624e-07, 2.45687715505e-07, 2.78264849385e-07, 3.64655704743e-07, 3.95874195647e-07],
        "dmean2": [0.0011113852961, 0.000427287770435, 0.000375180330593, 0.000214276165934, 0.000203960284125, 0.000132889530505, 0.000108401953185, 9.46150976233e-05, 7.8267265053e-05, 8.27492040116e-05, 0.000105073580926, 9.85742517514e-05, 9.5599622e-05, 6.19214843027e-05, 4.26554215665e-05, 3.32916970365e-05, 3.178906627e-05, 3.00692445308e-05, 3.87830987165e-05, 3.27147754433e-05, 4.25917169196e-05, 4.19316384068e-05, 1.94163512788e-05, 1.77668680408e-05, 1.04068567452e-05, 8.7269991127e-06, 1.64659450093e-05, 6.31495504422e-06, 1.40766371715e-06, 5.59121815513e-07, 3.6978141793e-07, 3.91867359895e-07, 4.06315564305e-07, 4.71724945328e-07, 4.89238971113e-07, 4.96883501455e-07, 3.73789731611e-07, 4.19238745053e-07, 5.48576167603e-07, 5.90720674154e-07],
        "dvar": [1.70467194494e-06, 3.12138496383e-07, 2.54996336935e-07, 5.42138742787e-08, 8.1304328603e-08, 9.17681930446e-08, 3.33483569648e-08, 2.92565989213e-08, 2.52696565894e-08, 3.32165868144e-08, 3.75695883292e-08, 3.869816112e-08, 1.02642758293e-07, 2.9783377542e-08, 8.26660340181e-09, 7.01563296346e-09, 5.64635049827e-09, 3.6684264515e-09, 1.01384420859e-08, 4.9619632847e-09, 5.86056980723e-09, 4.00283717283e-09, 9.98924165607e-10, 6.20090923054e-10, 2.24170501606e-10, 1.65337590841e-10, 4.87812734651e-10, 1.02677040481e-10, 3.97219540246e-12, 7.35896640933e-13, 2.28404507764e-13, 2.87747961309e-13, 2.95011899024e-13, 3.89710318053e-13, 4.47942599896e-13, 4.43770671252e-13, 2.40416871524e-13, 3.89263653863e-13, 6.648935417e-13, 6.39652447763e-13],
        "dvar2": [4.71916473543e-06, 7.4640990988e-07, 6.79111622048e-07, 1.39661054277e-07, 1.75177930828e-07, 1.7100306593e-07, 6.00078777779e-08, 5.81888031093e-08, 5.55565868865e-08, 7.47501260889e-08, 8.92399896202e-08, 8.06933613262e-08, 2.16139738995e-07, 5.32538422249e-08, 1.66423443915e-08, 1.37291724656e-08, 1.17133165389e-08, 7.50467954447e-09, 2.07512744765e-08, 9.60435730946e-09, 1.39710580882e-08, 9.33944654946e-09, 2.29370611393e-09, 1.24911969657e-09, 4.91212015508e-10, 3.52285228766e-10, 1.08257447451e-09, 2.13874404298e-10, 8.28273907794e-12, 1.70262361068e-12, 5.63355623002e-13, 6.6941526107e-13, 6.53623422747e-13, 9.1289204928e-13, 9.66595510229e-13, 9.97426208467e-13, 5.25597523404e-13, 8.24299667152e-13, 1.50986720956e-12, 1.44669638682e-12],
        "max": [0.015420826152, 0.0094358921051, 0.00926682725549, 0.00547722866759, 0.00601646862924, 0.0118960347027, 0.00626614596695, 0.00691047497094, 0.00624018860981, 0.00501724751666, 0.00802814401686, 0.00790200661868, 0.0134762721136, 0.00700993090868, 0.00464945891872, 0.00270472909324, 0.00266426522285, 0.00159707874991, 0.00240060407668, 0.00261719385162, 0.0017989234766, 0.00135295232758, 0.000767681340221, 0.00080064550275, 0.000503788527567, 0.000311849231366, 0.000558920088224, 0.000298470549751, 9.98498944682e-05, 3.23893291352e-05, 1.76224439201e-05, 1.38683808473e-05, 1.90937480511e-05, 1.59325390996e-05, 2.35889801843e-05, 3.17779413308e-05, 1.3362552636e-05, 2.09237168747e-05, 2.85544610961e-05, 1.50411515278e-05],
        "mean": [0.00163156003691, 0.000613152282313, 0.000359414785635, 0.000232617094298, 0.000314966542646, 0.000270504300715, 0.000235547951888, 0.000143706885865, 0.000101207799162, 9.90952030406e-05, 0.000153756365762, 0.000148769278894, 0.000122478115372, 8.67090566317e-05, 6.12806470599e-05, 4.19599564339e-05, 4.07431034546e-05, 4.28455532528e-05, 4.74537009723e-05, 4.54971050203e-05, 6.64291073917e-05, 6.49682478979e-05, 3.34048490913e-05, 2.82068267552e-05, 1.68471415236e-05, 1.60748350027e-05, 2.69291595032e-05, 9.67264531937e-06, 2.15680370275e-06, 7.21104129298e-07, 4.85748955725e-07, 4.84790007249e-07, 5.28200075678e-07, 7.31648526653e-07, 8.057140235e-07, 8.60130342062e-07, 6.03243279329e-07, 7.30397630377e-07, 1.03918637251e-06, 1.12680049824e-06],
        "median": [0.000126807761262, 7.22429977031e-05, 0.000136117392685, 0.000119505668408, 0.000125836406369, 7.06613645889e-05, 6.27532062936e-05, 4.29653155152e-05, 2.7336893254e-05, 1.7540922272e-05, 2.63839210675e-05, 3.01371510432e-05, 1.60888157552e-05, 1.43123579619e-05, 9.38891753322e-06, 7.752602869e-06, 7.16956856195e-06, 7.13757344784e-06, 6.07588253843e-06, 6.71544739816e-06, 9.30765418161e-06, 9.48597516981e-06, 6.95081644153e-06, 8.12260623206e-06, 5.76366073801e-06, 5.71329110244e-06, 6.70882218401e-06, 3.16223076879e-06, 1.00422380456e-06, 3.20376784657e-07, 2.39982000494e-07, 2.33995876897e-07, 2.44586232157e-07, 3.22446396694e-07, 3.36814338198e-07, 3.34476112585e-07, 2.59572743744e-07, 2.42874079959e-07, 2.61879279151e-07, 2.85807914224e-07],
        "min": [7.83936362134e-24, 1.85853775447e-24, 8.80388649521e-24, 1.20308032807e-23, 1.67448143804e-23, 1.06999625903e-23, 9.72578405894e-24, 9.96484993398e-24, 1.29266676457e-23, 8.72234825433e-24, 1.70719013552e-23, 1.24354352825e-23, 4.97148859383e-24, 6.65428943786e-24, 7.21751088064e-24, 7.07098785611e-24, 4.82535842203e-24, 1.77326417831e-23, 1.62291375844e-23, 1.23340879555e-23, 9.60369521208e-24, 1.95576983086e-23, 1.29922906178e-23, 1.47277680432e-23, 9.53232302168e-24, 1.04861662966e-23, 9.0661788019e-24, 1.55958526714e-23, 1.22734766167e-23, 1.42903210054e-23, 1.80136450816e-23, 1.51370827234e-23, 1.0567208344e-23, 7.13616196637e-24, 5.70002570006e-24, 7.95726046135e-24, 8.84109627525e-24, 6.60931174449e-24, 8.93388525037e-24, 1.21012990466e-23],
        "var": [5.28590089743e-06, 1.0044575447e-06, 4.0443751459e-07, 1.3027781165e-07, 2.96730917171e-07, 5.6806959492e-07, 2.31794871297e-07, 9.95837794449e-08, 6.21001987611e-08, 8.35221882767e-08, 1.4527716985e-07, 1.26648217247e-07, 2.11340520195e-07, 9.7579466285e-08, 4.31051461192e-08, 1.96951166487e-08, 1.31974768891e-08, 1.48626648766e-08, 2.48867415564e-08, 1.71292313667e-08, 2.65209543215e-08, 1.64193139085e-08, 5.35634825383e-09, 2.5369200074e-09, 8.37195146541e-10, 6.60803189945e-10, 2.02342098632e-09, 3.18322063153e-10, 1.52356495475e-11, 1.82565225958e-12, 6.11034714579e-13, 7.19218629965e-13, 8.42631303274e-13, 1.30357866428e-12, 1.48275163848e-12, 1.60218431404e-12, 8.64730270896e-13, 2.21013116662e-12, 3.29032460999e-12, 3.44425551448e-12]
    },
    "mfcc": {
        "mean": [-671.986694336, 112.250404358, -15.0148200989, 14.0050849915, 10.7973051071, -16.9514408112, 5.71523857117, 4.08211374283, -8.89123344421, 1.60235691071, -7.65691280365, -5.88722372055, 5.00885629654],
        "cov": [[5242.6484375, -558.346740723, 167.400695801, 729.065490723, 957.530395508, -59.8125152588, 427.451568604, 361.396362305, 278.465606689, 444.986022949, 232.942123413, 454.838043213, 719.916137695], [-558.346740723, 723.55065918, 162.552474976, 38.7656936646, -39.7376213074, 152.210159302, 90.4710540771, -53.5372543335, -19.782907486, -2.98245978355, 31.2822132111, -56.6938705444, -97.5069961548], [167.400695801, 162.552474976, 855.603149414, 398.715667725, 291.683349609, 125.77166748, -41.8307418823, -3.40591073036, 64.2076644897, -56.2005119324, 34.8725700378, 119.590194702, 70.4663467407], [729.065490723, 38.7656936646, 398.715667725, 560.984191895, 395.627685547, 39.1193199158, 38.2930755615, 83.4878005981, 98.2818450928, 38.8696632385, 48.9925270081, 169.401824951, 208.261398315], [957.530395508, -39.7376213074, 291.683349609, 395.627685547, 521.277648926, -54.7409324646, 110.333175659, 63.8712768555, 54.2110671997, 79.3033447266, 36.166683197, 134.648132324, 237.734970093], [-59.8125152588, 152.210159302, 125.77166748, 39.1193199158, -54.7409324646, 391.73727417, 57.0529518127, 61.4914970398, 74.2581100464, 44.6259841919, 86.1196975708, 25.1995601654, -37.6824989319], [427.451568604, 90.4710540771, -41.8307418823, 38.2930755615, 110.333175659, 57.0529518127, 274.219696045, 43.352645874, -13.786860466, 95.7602996826, 49.6189117432, -3.97490930557, 51.3649330139], [361.396362305, -53.5372543335, -3.40591073036, 83.4878005981, 63.8712768555, 61.4914970398, 43.352645874, 142.707641602, 80.9390563965, 50.861038208, 41.9391136169, 74.7114181519, 71.4488677979], [278.465606689, -19.782907486, 64.2076644897, 98.2818450928, 54.2110671997, 74.2581100464, -13.786860466, 80.9390563965, 192.565185547, 53.8110542297, 55.2638206482, 81.4263305664, 63.8607444763], [444.986022949, -2.98245978355, -56.2005119324, 38.8696632385, 79.3033447266, 44.6259841919, 95.7602996826, 50.861038208, 53.8110542297, 153.536437988, 56.1024360657, 21.3771286011, 58.7475700378], [232.942123413, 31.2822132111, 34.8725700378, 48.9925270081, 36.166683197, 86.1196975708, 49.6189117432, 41.9391136169, 55.2638206482, 56.1024360657, 114.904876709, 61.625, 42.9357261658], [454.838043213, -56.6938705444, 119.590194702, 169.401824951, 134.648132324, 25.1995601654, -3.97490930557, 74.7114181519, 81.4263305664, 21.3771286011, 61.625, 185.26965332, 131.048522949], [719.916137695, -97.5069961548, 70.4663467407, 208.261398315, 237.734970093, -37.6824989319, 51.3649330139, 71.4488677979, 63.8607444763, 58.7475700378, 42.9357261658, 131.048522949, 241.014266968]],
