{
"lowlevel": {
    "average_loudness": 0.970309972763,
    "barkbands_crest": {
        "dmean": 2.51136255264,
        "dmean2": 3.96836638451,
        "dvar": 5.44524097443,
        "dvar2": 12.7634115219,
        "max": 26.8794250488,
        "mean": 8.87618541718,
        "median": 8.04804611206,
        "min": 2.57326459885,
        "var": 13.3184089661
    },
    "barkbands_flatness_db": {
        "dmean": 0.0180804412812,
        "dmean2": 0.0289840493351,
        "dvar": 0.000256855011685,
        "dvar2": 0.000617130135652,
        "max": 0.531387686729,
        "mean": 0.155761525035,
        "median": 0.148553133011,
        "min": 0.052476093173,
        "var": 0.00125116331037
    },
    "barkbands_kurtosis": {
        "dmean": 1.673858881,
        "dmean2": 2.63996720314,
        "dvar": 229.065383911,
        "dvar2": 579.663330078,
        "max": 1155.00024414,
        "mean": 1.55588185787,
        "median": 0.103046059608,
        "min": -1.9358972311,
        "var": 201.918579102
    },
    "barkbands_skewness": {
        "dmean": 0.427013993263,
        "dmean2": 0.65228664875,
        "dvar": 0.285915225744,
        "dvar2": 0.603809595108,
        "max": 33.6461982727,
        "mean": 0.951586544514,
        "median": 0.823070883751,
        "min": -2.64366054535,
        "var": 1.00697731972
    },
    "barkbands_spread": {
        "dmean": 5.497569561,
        "dmean2": 8.49719905853,
        "dvar": 43.4323577881,
        "dvar2": 89.2479629517,
        "max": 125.713638306,
        "mean": 26.5503482819,
        "median": 25.7355690002,
        "min": 0.489749550819,
        "var": 167.258789062
    },
    "dissonance": {
        "dmean": 0.0194454230368,
        "dmean2": 0.0335072353482,
        "dvar": 0.000283370143734,
        "dvar2": 0.000791143800598,
        "max": 0.500000119209,
        "mean": 0.469412744045,
        "median": 0.473976612091,
        "min": 0.345166862011,
        "var": 0.000474520114949
    },
    "dynamic_complexity": 1.87553167343,
    "erbbands_crest": {
        "dmean": 3.03887009621,
        "dmean2": 4.97503995895,
        "dvar": 7.29988574982,
        "dvar2": 18.6517620087,
        "max": 29.0630779266,
        "mean": 9.41628646851,
        "median": 8.5993938446,
        "min": 2.5255587101,
        "var": 16.6184711456
    },
    "erbbands_flatness_db": {
        "dmean": 0.0168554801494,
        "dmean2": 0.0252449419349,
        "dvar": 0.000211425416637,
        "dvar2": 0.000459765287815,
        "max": 0.411843389273,
        "mean": 0.187200084329,
        "median": 0.185573518276,
        "min": 0.0660108476877,
        "var": 0.00203641247936
    },
    "erbbands_kurtosis": {
        "dmean": 0.808890461922,
        "dmean2": 1.31063592434,
        "dvar": 0.86347669363,
        "dvar2": 2.20160126686,
        "max": 16.0766601562,
        "mean": 0.482016801834,
        "median": 0.113040089607,
        "min": -1.77341163158,
        "var": 2.07298827171
    },
    "erbbands_skewness": {
        "dmean": 0.339068263769,
        "dmean2": 0.533463895321,
        "dvar": 0.0832549184561,
        "dvar2": 0.203467398882,
        "max": 3.25627374649,
        "mean": 0.317537158728,
        "median": 0.281767725945,
        "min": -1.97990846634,
        "var": 0.341542720795
    },
    "erbbands_spread": {
        "dmean": 6.59624671936,
        "dmean2": 9.96714878082,
        "dvar": 49.3069229126,
        "dvar2": 100.917289734,
        "max": 147.403945923,
        "mean": 31.1703300476,
        "median": 28.0559043884,
        "min": 5.65333366394,
        "var": 253.158493042
    },
    "hfc": {
        "dmean": 8.20470809937,
        "dmean2": 12.064994812,
        "dvar": 101.180007935,
        "dvar2": 211.801315308,
        "max": 176.383712769,
        "mean": 27.910282135,
        "median": 24.4398078918,
        "min": 1.09561441944e-16,
        "var": 334.464813232
    },
    "melbands_crest": {
        "dmean": 3.44357228279,
        "dmean2": 5.64535140991,
        "dvar": 9.14618110657,
        "dvar2": 24.0115470886,
        "max": 39.969543457,
        "mean": 13.234369278,
        "median": 12.5361118317,
        "min": 1.04903769493,
        "var": 22.179107666
    },
    "melbands_flatness_db": {
        "dmean": 0.0220861658454,
        "dmean2": 0.0338191576302,
        "dvar": 0.000434044224676,
        "dvar2": 0.000938880897593,
        "max": 0.505277514458,
        "mean": 0.177902296185,
        "median": 0.169544413686,
        "min": 3.5010609281e-05,
        "var": 0.00224370532669
    },
    "melbands_kurtosis": {
        "dmean": 4.18179798126,
        "dmean2": 6.58075046539,
        "dvar": 842.682006836,
        "dvar2": 2214.24584961,
        "max": 2093.62963867,
        "mean": 6.57660627365,
        "median": 3.04263734818,
        "min": -1.56465923786,
        "var": 693.416992188
    },
    "melbands_skewness": {
        "dmean": 0.59720402956,
        "dmean2": 0.912136971951,
        "dvar": 0.619262158871,
        "dvar2": 1.37246525288,
        "max": 44.4295349121,
        "mean": 1.85531628132,
        "median": 1.63064754009,
        "min": -0.767419874668,
        "var": 1.81520676613
    },
    "melbands_spread": {
        "dmean": 7.05812454224,
        "dmean2": 10.9502668381,
        "dvar": 57.9774513245,
        "dvar2": 132.415481567,
        "max": 148.07434082,
        "mean": 30.7963428497,
        "median": 29.6605854034,
        "min": 0.437168806791,
        "var": 244.534210205
    },
    "pitch_salience": {
        "dmean": 0.0703396648169,
        "dmean2": 0.113230668008,
        "dvar": 0.0041107586585,
        "dvar2": 0.00991917774081,
        "max": 0.997796356678,
        "mean": 0.53811788559,
        "median": 0.535334467888,
        "min": 0.00342448335141,
        "var": 0.00961794797331
    },
    "silence_rate_20dB": {
        "dmean": 0,
        "dmean2": 0,
        "dvar": 0,
        "dvar2": 0,
        "max": 1,
        "mean": 1,
        "median": 1,
        "min": 1,
        "var": 0
    },
    "silence_rate_30dB": {
        "dmean": 0,
        "dmean2": 0,
        "dvar": 0,
        "dvar2": 0,
        "max": 1,
        "mean": 1,
        "median": 1,
        "min": 1,
        "var": 0
    },
    "silence_rate_60dB": {
        "dmean": 0.00149458216038,
        "dmean2": 0.00298953661695,
        "dvar": 0.00149249460083,
        "dvar2": 0.00322938174941,
        "max": 1,
        "mean": 0.00958904065192,
        "median": 0,
        "min": 0,
        "var": 0.009496698156
    },
    "spectral_centroid": {
        "dmean": 241.587738037,
        "dmean2": 374.952697754,
        "dvar": 65607.2890625,
        "dvar2": 142017.796875,
        "max": 11437.3564453,
        "mean": 1615.04736328,
        "median": 1623.87548828,
        "min": 321.156005859,
        "var": 321746.25
    },
    "spectral_complexity": {
        "dmean": 3.71976590157,
        "dmean2": 5.80742406845,
        "dvar": 11.8985776901,
        "dvar2": 25.6696720123,
        "max": 53,
        "mean": 23.4247817993,
        "median": 23,
        "min": 0,
        "var": 55.2451133728
    },
    "spectral_decrease": {
        "dmean": 2.44877029765e-09,
        "dmean2": 3.79590670008e-09,
        "dvar": 7.89532148717e-18,
        "dvar2": 1.71976871225e-17,
        "max": 9.96380819694e-29,
        "mean": -7.96575427842e-09,
        "median": -7.37906136195e-09,
        "min": -3.3053350279e-08,
        "var": 1.62775363721e-17
    },
    "spectral_energy": {
        "dmean": 0.00976955518126,
        "dmean2": 0.0150800859556,
        "dvar": 0.000122435085359,
        "dvar2": 0.000266165938228,
        "max": 0.133126422763,
        "mean": 0.0325961150229,
        "median": 0.0303722452372,
        "min": 1.06800818945e-20,
        "var": 0.000261676788796
    },
    "spectral_energyband_high": {
        "dmean": 0.000380938407034,
        "dmean2": 0.000548453128431,
        "dvar": 6.49470621283e-07,
        "dvar2": 1.33222340537e-06,
        "max": 0.0235546566546,
        "mean": 0.000837059866171,
        "median": 0.00052479369333,
        "min": 7.75876027529e-21,
        "var": 1.46293416492e-06
    },
    "spectral_energyband_low": {
        "dmean": 0.00562854064628,
        "dmean2": 0.00885869842023,
        "dvar": 6.2378749135e-05,
        "dvar2": 0.000136095142807,
        "max": 0.0939729064703,
        "mean": 0.0122484238818,
        "median": 0.00990535970777,
        "min": 2.50458288698e-23,
        "var": 0.000111301953439
    },
    "spectral_energyband_middle_high": {
        "dmean": 0.00385995791294,
        "dmean2": 0.00586805352941,
        "dvar": 2.30967398238e-05,
        "dvar2": 5.16622458235e-05,
        "max": 0.072531349957,
        "mean": 0.0111515261233,
        "median": 0.00828191079199,
        "min": 1.18163053426e-21,
        "var": 8.41724686325e-05
    },
    "spectral_energyband_middle_low": {
        "dmean": 0.00459344871342,
        "dmean2": 0.00755820795894,
        "dvar": 4.65498451376e-05,
        "dvar2": 0.000122288940474,
        "max": 0.10792902112,
        "mean": 0.00940309464931,
        "median": 0.00714796036482,
        "min": 2.6665351473e-22,
        "var": 5.87442227697e-05
    },
    "spectral_entropy": {
        "dmean": 0.121609732509,
        "dmean2": 0.182467117906,
        "dvar": 0.0124515043572,
        "dvar2": 0.0270828269422,
        "max": 9.82144737244,
        "mean": 7.60830593109,
        "median": 7.60501432419,
        "min": 6.32684135437,
        "var": 0.0742184370756
    },
    "spectral_flux": {
        "dmean": 0.0257441662252,
        "dmean2": 0.0400143228471,
        "dvar": 0.000712391280103,
        "dvar2": 0.00141079642344,
        "max": 0.334993720055,
        "mean": 0.103859566152,
        "median": 0.0967426896095,
        "min": 6.83810646995e-11,
        "var": 0.00184092111886
    },
    "spectral_kurtosis": {
        "dmean": 1.56208074093,
        "dmean2": 2.70601630211,
        "dvar": 2.30050468445,
        "dvar2": 6.93621921539,
        "max": 22.2884120941,
        "mean": 3.40239310265,
        "median": 3.14555001259,
        "min": -1.57831418514,
        "var": 4.14401197433
    },
    "spectral_rms": {
        "dmean": 0.000819277833216,
        "dmean2": 0.00125260732602,
        "dvar": 6.94226514497e-07,
        "dvar2": 1.43825945997e-06,
        "max": 0.0113964658231,
        "mean": 0.00545540591702,
        "median": 0.00544347893447,
        "min": 3.22793918331e-12,
        "var": 2.03977060664e-06
    },
    "spectral_rolloff": {
        "dmean": 462.864532471,
        "dmean2": 773.791442871,
        "dvar": 898614.125,
        "dvar2": 1900926.125,
        "max": 19229.1503906,
        "mean": 1645.44335938,
        "median": 1442.72460938,
        "min": 21.533203125,
        "var": 2018071.75
    },
    "spectral_skewness": {
        "dmean": 0.210742160678,
        "dmean2": 0.347567617893,
        "dvar": 0.0331902094185,
        "dvar2": 0.0909952446818,
        "max": 3.53081035614,
        "mean": 1.32019603252,
        "median": 1.3100104332,
        "min": -0.0298361927271,
        "var": 0.102740898728
    },
    "spectral_spread": {
        "dmean": 442927.46875,
        "dmean2": 615151.25,
        "dvar": 634371506176,
        "dvar2": 1.05688216371e+12,
        "max": 42273132,
        "mean": 3917197,
        "median": 3551565.5,
        "min": 1585654.75,
        "var": 3.45874812109e+12
    },
    "spectral_strongpeak": {
        "dmean": 0.841136097908,
        "dmean2": 1.46628332138,
        "dvar": 1.57102239132,
        "dvar2": 3.8178384304,
        "max": 14.5417318344,
        "mean": 1.12259483337,
        "median": 0.330487847328,
        "min": 0,
        "var": 2.45847320557
    },
    "zerocrossingrate": {
        "dmean": 0.00885358732194,
        "dmean2": 0.0103732999414,
        "dvar": 0.000186371835298,
        "dvar2": 0.000217970591621,
        "max": 0.66455078125,
        "mean": 0.0624961070716,
        "median": 0.05908203125,
        "min": 0,
        "var": 0.00111862970516
    },
    "barkbands": {
        "dmean": [0.000405330880312, 0.00419303961098, 0.0023652529344, 0.00125775905326, 0.00129758194089, 0.000755328917876, 0.00124903442338, 0.000990688684396, 0.000812254380435, 0.00141589134, 0.00131864927243, 0.000867487688083, 0.000773060426582, 0.000545040820725, 0.000755971181206, 0.000347284949385, 0.000358166696969, 0.000313464581268, 0.00032437039772, 0.000240009758272, 7.91115016909e-05, 6.43474631943e-05, 7.66693410696e-05, 7.67295423429e-05, 8.75528494362e-05, 2.91834179045e-09, 1.59296065227e-09],
        "dmean2": [0.000693742942531, 0.00650865910575, 0.00405255518854, 0.00223736115731, 0.00223340839148, 0.00122258311603, 0.00206586020067, 0.0016370936064, 0.00132792862132, 0.00227235490456, 0.00210270727985, 0.00142422236968, 0.00123167096172, 0.000878904305864, 0.001212941017, 0.000550913740881, 0.00058507011272, 0.00050413410645, 0.000495282991324, 0.000370895140804, 0.000126342914882, 9.83236604952e-05, 0.000116333932965, 0.000113753711048, 0.00012370213517, 5.31564170458e-09, 2.9851228156e-09],
        "dvar": [2.2855410009e-07, 3.91428584408e-05, 2.64326572506e-05, 8.93001197255e-06, 6.00400608164e-06, 1.95219399757e-06, 6.28376483292e-06, 5.41491999684e-06, 3.65610344488e-06, 7.05179081706e-06, 6.17184650764e-06, 2.94299024972e-06, 2.32326442529e-06, 1.71856675024e-06, 2.79081359622e-06, 6.32245303223e-07, 6.45020179491e-07, 3.6135563164e-07, 3.7293676769e-07, 1.83117535357e-07, 4.07935054625e-08, 2.76333267379e-08, 3.82531197829e-08, 4.16169889661e-08, 1.54487651116e-07, 1.21708565416e-15, 2.58875529766e-16],
        "dvar2": [6.62383285999e-07, 8.66807386046e-05, 6.70610970701e-05, 2.50530902122e-05, 1.67843008967e-05, 4.94228015668e-06, 1.6119916836e-05, 1.49926318045e-05, 9.18687328522e-06, 1.69525883393e-05, 1.53557411977e-05, 7.66555604059e-06, 5.36714787813e-06, 4.24883501182e-06, 6.92450112183e-06, 1.49851382503e-06, 1.56995554335e-06, 8.96672872841e-07, 7.73851525082e-07, 3.99906411985e-07, 1.03119191408e-07, 5.67098368265e-08, 8.89399487392e-08, 8.58991029418e-08, 3.07184421899e-07, 3.4915331243e-15, 7.7674387689e-16],
        "max": [0.00686277076602, 0.0688217878342, 0.0537522509694, 0.0392886474729, 0.0382539927959, 0.036134172231, 0.052558876574, 0.0962958857417, 0.040059261024, 0.0475443527102, 0.0662904530764, 0.0476330220699, 0.0269901435822, 0.0280532184988, 0.0418032594025, 0.0151243396103, 0.0196944326162, 0.0126087516546, 0.0173865240067, 0.0107622696087, 0.00701189273968, 0.00519827380776, 0.00814281590283, 0.0065526496619, 0.0119821084663, 1.51311553509e-06, 1.01533930774e-06],
        "mean": [0.000931404007133, 0.00805284827948, 0.00256259343587, 0.00133135751821, 0.00189117575064, 0.00126743479632, 0.00176861952059, 0.0014217174612, 0.00115393451415, 0.00219380040653, 0.00191692414228, 0.00138249341398, 0.00127140525728, 0.000803042727057, 0.00124538003001, 0.000550366356038, 0.000566597213037, 0.000527981028426, 0.000635834003333, 0.000457739020931, 0.000129983454826, 0.000112541718408, 0.000146107195178, 0.000138098039315, 0.00013678635878, 2.43182141091e-09, 1.25586951949e-09],
        "median": [0.000758012349252, 0.00626197224483, 0.00116620329209, 0.000582711421885, 0.00103497481905, 0.000761949573644, 0.000964390754234, 0.000743167649489, 0.000475391338114, 0.000821575871669, 0.000775441294536, 0.00048206205247, 0.000417483679485, 0.00028000358725, 0.00044649495976, 0.000214828920434, 0.000285298039671, 0.000297827180475, 0.00031260290416, 0.000238066335442, 7.64714422985e-05, 6.76774507156e-05, 8.62945962581e-05, 5.76632519369e-05, 2.38033499045e-05, 7.95887633576e-10, 5.22392185065e-10],
        "min": [1.91711166276e-24, 6.44003521044e-24, 3.49898899523e-24, 1.29734664245e-24, 1.45947361179e-23, 2.44287440044e-23, 4.91047580373e-23, 2.1315629082e-23, 2.8599691424e-23, 2.18598247774e-23, 4.01680052775e-23, 3.24679750024e-23, 5.890479284e-23, 7.65811841075e-23, 5.36673622746e-23, 1.5892636659e-22, 9.83796828381e-23, 1.51662383914e-22, 1.76233621441e-22, 2.20637251266e-22, 3.05740752168e-22, 3.18886305049e-22, 5.59412746598e-22, 6.98012755124e-22, 1.02385088112e-21, 1.30134745939e-21, 2.10294999546e-21],
        "var": [6.97429072716e-07, 5.94512348471e-05, 2.13015282498e-05, 6.3976463025e-06, 6.99184738551e-06, 3.08140738525e-06, 7.46223986425e-06, 5.49007199879e-06, 5.74804380449e-06, 1.36933349495e-05, 1.00665356513e-05, 6.32706769466e-06, 5.16174577569e-06, 2.86461340693e-06, 5.55240649192e-06, 1.21366349504e-06, 9.80500431069e-07, 5.42920190583e-07, 8.81826167642e-07, 4.05074700893e-07, 4.73142485191e-08, 4.09320506378e-08, 6.22737417189e-08, 9.22995440078e-08, 3.78363353093e-07, 7.04882819255e-16, 1.30492956177e-16]
    },
    "erbbands": {
        "dmean": [0.145602405071, 0.935691356659, 2.6079595089, 3.38988089561, 4.40474700928, 4.14165592194, 5.77477884293, 6.22806501389, 15.0577526093, 17.8984413147, 23.0059585571, 17.5343418121, 29.7085666656, 59.3536109924, 34.0025787354, 36.08228302, 33.2183914185, 28.0525054932, 37.0426750183, 23.869228363, 19.6776657104, 16.2039413452, 16.4108657837, 18.3489780426, 13.1205091476, 10.3843717575, 4.37379360199, 2.40337944031, 2.19608569145, 2.48712801933, 2.17737460136, 1.63649213314, 1.39076650143, 1.4216991663, 0.384565919638, 0.010282618925, 0.00040278150118, 3.82320213248e-05, 1.00275747172e-05, 1.21496468637e-05],
        "dmean2": [0.236678242683, 1.43264365196, 4.31652021408, 5.82783126831, 7.78666305542, 7.0896396637, 9.47936058044, 10.1180200577, 24.8267726898, 29.3270740509, 38.0256347656, 28.5205020905, 47.3207015991, 95.2432861328, 53.8632049561, 59.1168823242, 53.0175590515, 44.5974388123, 58.4106521606, 38.4285240173, 30.4916362762, 26.3413543701, 26.3726634979, 27.9790420532, 20.0533428192, 16.038892746, 6.89105033875, 3.81909155846, 3.34988307953, 3.85719323158, 3.29745602608, 2.45107746124, 2.04916787148, 2.03956365585, 0.55092561245, 0.0148376254365, 0.000568101648241, 5.33834463567e-05, 1.44194254972e-05, 1.8440248823e-05],
        "dvar": [0.0399588979781, 2.22287559509, 29.5144042969, 56.2230224609, 101.331352234, 57.794921875, 121.788085938, 177.185546875, 972.205688477, 1726.79858398, 2100.87231445, 1682.51525879, 5063.35986328, 9127.5390625, 6048.203125, 5054.11132812, 4149.73291016, 3899.08251953, 6293.36083984, 3382.97363281, 1944.04418945, 1423.45666504, 1116.02282715, 1338.7479248, 530.681091309, 381.075134277, 92.7655410767, 45.8939437866, 31.1163806915, 60.2873153687, 22.9983730316, 18.7582569122, 17.128282547, 40.7579231262, 3.46502065659, 0.00237633939832, 3.37162487085e-06, 2.66101594093e-08, 6.33422703178e-10, 1.85280860099e-10],
        "dvar2": [0.106153480709, 4.55654191971, 73.362411499, 152.626495361, 284.081573486, 157.41003418, 324.553985596, 451.386993408, 2512.27197266, 4562.28369141, 5718.8203125, 4017.56591797, 11733.1806641, 22974.6523438, 14571.2578125, 13500.7197266, 9882.65234375, 9567.6875, 14935.0878906, 8411.54980469, 4231.26025391, 3651.76416016, 2801.1965332, 2701.30566406, 1126.83959961, 865.440002441, 223.996261597, 113.29209137, 65.349571228, 142.296432495, 51.2028083801, 41.8529090881, 35.8551445007, 84.5514755249, 7.13497209549, 0.00485961418599, 6.71493990012e-06, 5.21325986824e-08, 1.25453225586e-09, 3.99983601795e-10],
        "max": [2.11678791046, 18.8528957367, 59.7992362976, 95.7693939209, 114.580123901, 170.932785034, 262.403656006, 378.517700195, 706.025878906, 1295.58520508, 1234.36242676, 987.481689453, 1650.54492188, 1821.13342285, 2182.23071289, 1412.85168457, 1466.61755371, 1525.28271484, 1477.9005127, 2025.72570801, 1041.85888672, 1212.17211914, 845.128723145, 1145.65148926, 638.780883789, 503.039978027, 279.716522217, 229.181411743, 191.339645386, 294.200775146, 179.209320068, 194.974746704, 138.470672607, 220.776428223, 49.9614753723, 1.40130126476, 0.0472496636212, 0.00411257473752, 0.000668467720971, 0.000201424481929],
        "mean": [0.27918356657, 1.5972840786, 3.17850208282, 3.98225784302, 5.13566017151, 6.06554698944, 9.31841373444, 9.76211357117, 21.800994873, 27.1119155884, 33.5786628723, 27.1961765289, 47.6691970825, 96.1830062866, 56.3150520325, 60.6317749023, 58.1844139099, 45.8008575439, 64.6139526367, 40.1592750549, 35.7981376648, 28.8807125092, 29.5994224548, 35.647644043, 28.3930034637, 20.3628921509, 8.0707359314, 4.0272808075, 3.79684996605, 4.32790279388, 4.18861150742, 2.98981904984, 2.36795902252, 2.19688057899, 0.568687438965, 0.0153281027451, 0.000648688874207, 6.83067191858e-05, 2.86968424916e-05, 4.16618458985e-05],
        "median": [0.238560825586, 1.05585241318, 1.69899666309, 1.92544174194, 2.30366420746, 3.29122877121, 4.64685440063, 5.57446861267, 12.0684146881, 14.7741775513, 18.6460189819, 12.9565134048, 17.7881317139, 46.2374687195, 26.8950004578, 23.1686496735, 22.9512672424, 21.077003479, 23.5404968262, 20.5856876373, 16.1699142456, 15.4696292877, 17.5956878662, 17.8285293579, 15.694442749, 11.1593494415, 5.07422590256, 2.39559364319, 2.22364187241, 2.6954934597, 2.37942790985, 1.40502810478, 0.853527784348, 0.462629377842, 0.0506291240454, 0.00150705617853, 0.00011469022138, 2.01637813007e-05, 2.19789762923e-05, 3.85786042898e-05],
        "min": [3.19049933733e-22, 1.14114674796e-21, 4.51955775114e-21, 4.70071232477e-21, 2.27096394881e-20, 5.24014038979e-20, 2.10764767049e-19, 1.83346986766e-19, 3.43152128955e-19, 6.23845142327e-19, 3.85706616514e-19, 7.42610649003e-19, 6.7744903096e-19, 1.18754101923e-18, 2.13937154624e-18, 1.48615818345e-18, 2.51288350427e-18, 3.83973435316e-18, 2.71095128156e-18, 4.77497411863e-18, 7.43638265817e-18, 6.16311677616e-18, 5.88613452087e-18, 1.13246088204e-17, 8.21426909648e-18, 1.08746862601e-17, 1.02638034515e-17, 1.27432475592e-17, 1.33961130925e-17, 1.73176845596e-17, 1.50239838585e-17, 1.30785675543e-17, 1.30251060442e-17, 1.15660917925e-17, 7.72624825151e-18, 4.26181442766e-18, 2.61531183196e-18, 1.28648764032e-18, 2.90155390892e-19, 3.15876300621e-20],
        "var": [0.0540872365236, 3.39912867546, 26.3652591705, 44.1298751831, 80.5389785767, 83.8548202515, 246.383255005, 233.118484497, 1130.92724609, 1904.66259766, 2432.62963867, 2932.72485352, 9757.421875, 17177.6816406, 10381.2988281, 11171.6308594, 8922.55859375, 5912.40185547, 13978.8544922, 4661.83154297, 4658.99072266, 2090.99853516, 1651.47705078, 2955.0378418, 1435.42041016, 779.128356934, 129.618118286, 51.4984703064, 46.1190834045, 71.8559570312, 45.9226150513, 34.8728981018, 38.4957237244, 88.5159072876, 8.34839725494, 0.00579260103405, 8.60291311255e-06, 6.92506318956e-08, 1.72034408941e-09, 4.68760197325e-10]
    },
    "gfcc": {
        "mean": [8.56601238251, 120.225006104, -156.266418457, 50.3806724548, -66.8858261108, 29.2432537079, -28.3061885834, 11.626709938, -7.93627691269, -11.1426963806, 9.78096866608, -15.8886947632, 5.36141014099],
        "cov": [[5099.14697266, 220.421463013, 236.935333252, 550.287902832, -77.3527755737, 393.254669189, -402.800445557, 279.89956665, -184.303009033, 67.3944168091, 146.290908813, -67.3137664795, 0.166335150599], [220.421463013, 860.042114258, 19.387670517, 175.737426758, 127.005622864, -187.976287842, 158.089767456, -189.861663818, 111.915283203, -72.2753982544, 68.5982894897, -32.1122093201, 36.5743141174], [236.935333252, 19.387670517, 1069.23962402, 292.434051514, 51.9741744995, 164.098312378, -259.892242432, 198.901367188, -126.08216095, 141.087295532, -39.6828651428, 58.3455505371, 54.8678321838], [550.287902832, 175.737426758, 292.434051514, 346.42666626, 83.5298309326, 33.4322090149, -42.6063804626, 24.535610199, 18.1115665436, 9.49128437042, 34.2977371216, 6.99373435974, 22.7354812622], [-77.3527755737, 127.005622864, 51.9741744995, 83.5298309326, 191.279632568, 27.0532817841, 35.7733650208, 5.32598209381, 4.51458358765, 22.2091178894, 19.4323997498, 6.59831142426, 11.9686841965], [393.254669189, -187.976287842, 164.098312378, 33.4322090149, 27.0532817841, 234.233169556, -60.4374427795, 94.5274734497, -71.2116470337, 58.1521148682, 28.5988063812, -3.63798046112, 0.10612013936], [-402.800445557, 158.089767456, -259.892242432, -42.6063804626, 35.7733650208, -60.4374427795, 248.806747437, -107.046066284, 77.8652572632, -44.0583992004, 23.1834774017, -18.1941318512, -9.32908916473], [279.89956665, -189.861663818, 198.901367188, 24.535610199, 5.32598209381, 94.5274734497, -107.046066284, 209.639053345, -39.9735946655, 57.8830871582, -6.96617507935, 22.0197429657, 15.1835403442], [-184.303009033, 111.915283203, -126.08216095, 18.1115665436, 4.51458358765, -71.2116470337, 77.8652572632, -39.9735946655, 148.467102051, -29.426574707, 9.32766056061, 0.333967417479, -3.73579597473], [67.3944168091, -72.2753982544, 141.087295532, 9.49128437042, 22.2091178894, 58.1521148682, -44.0583992004, 57.8830871582, -29.426574707, 118.904693604, 6.56262254715, 15.5855379105, 2.20469522476], [146.290908813, 68.5982894897, -39.6828651428, 34.2977371216, 19.4323997498, 28.5988063812, 23.1834774017, -6.96617507935, 9.32766056061, 6.56262254715, 141.81817627, -2.57686018944, -15.3332738876], [-67.3137664795, -32.1122093201, 58.3455505371, 6.99373435974, 6.59831142426, -3.63798046112, -18.1941318512, 22.0197429657, 0.333967417479, 15.5855379105, -2.57686018944, 70.0169906616, 21.6067962646], [0.166335150599, 36.5743141174, 54.8678321838, 22.7354812622, 11.9686841965, 0.10612013936, -9.32908916473, 15.1835403442, -3.73579597473, 2.20469522476, -15.3332738876, 21.6067962646, 71.1282272339]],
        "icov": [[0.000821941415779, -0.00153889902867, 0.0015075027477, -0.00187258701771, 0.00176236825064, -0.00211915769614, 0.0015511950478, -0.00156737188809, 0.00122842320707, -0.000684178434312, 0.000659412529785, -0.000451855710708, 0.00083484465722], [-0.00153889902867, 0.00595947401598, -0.00386959663592, 0.00304098729976, -0.00489462027326, 0.00625623995438, -0.00379422772676, 0.00482148723677, -0.00312727387063, 0.00201136246324, -0.00306513626128, 0.00301247718744, -0.00356287765317], [0.0015075027477, -0.00386959663592, 0.00528919324279, -0.00500844232738, 0.00393187860027, -0.00498372875154, 0.00410560611635, -0.00404031435028, 0.00344651169144, -0.00291076977737, 0.00266606966034, -0.00235523330048, 0.00181529344991], [-0.00187258701771, 0.00304098729976, -0.00500844232738, 0.00939932093024, -0.00557624455541, 0.0043533067219, -0.00283544277772, 0.00387056311592, -0.0045390506275, 0.00293858535588, -0.0027393642813, 0.0016282775905, -0.00238118995912], [0.00176236825064, -0.00489462027326, 0.00393187860027, -0.00557624455541, 0.0111940288916, -0.00621014088392, 0.00203534821048, -0.00455110287294, 0.00356427580118, -0.00322392000817, 0.00226469780318, -0.00257753534243, 0.00218451791443], [-0.00211915769614, 0.00625623995438, -0.00498372875154, 0.0043533067219, -0.00621014088392, 0.013782476075, -0.0050290399231, 0.00320526747964, -0.00143227062654, 0.000968671578448, -0.00448139756918, 0.00422212434933, -0.00343238888308], [0.0015511950478, -0.00379422772676, 0.00410560611635, -0.00283544277772, 0.00203534821048, -0.0050290399231, 0.0103329224512, -0.00117081636563, 0.000113851740025, -0.00130089826416, 0.00126258295495, -0.000932162336539, 0.00155850697774], [-0.00156737188809, 0.00482148723677, -0.00404031435028, 0.00387056311592, -0.00455110287294, 0.00320526747964, -0.00117081636563, 0.0118866404518, -0.0038624596782, 0.000441339012468, -0.00216002063826, 0.00117880781181, -0.00356629001908], [0.00122842320707, -0.00312727387063, 0.00344651169144, -0.0045390506275, 0.00356427580118, -0.00143227062654, 0.000113851740025, -0.0038624596782, 0.0119350934401, -0.00123355595861, 0.001378395129, -0.00227719498798, 0.00229323282838], [-0.000684178434312, 0.00201136246324, -0.00291076977737, 0.00293858535588, -0.00322392000817, 0.000968671578448, -0.00130089826416, 0.000441339012468, -0.00123355595861, 0.0125401709229, -0.00183521711733, -0.000536903506145, -0.000136396134621], [0.000659412529785, -0.00306513626128, 0.00266606966034, -0.0027393642813, 0.00226469780318, -0.00448139756918, 0.00126258295495, -0.00216002063826, 0.001378395129, -0.00183521711733, 0.00988872721791, -0.00252676266246, 0.00367445964366], [-0.000451855710708, 0.00301247718744, -0.00235523330048, 0.0016282775905, -0.00257753534243, 0.00422212434933, -0.000932162336539, 0.00117880781181, -0.00227719498798, -0.000536903506145, -0.00252676266246, 0.0189539398998, -0.0066034430638], [0.00083484465722, -0.00356287765317, 0.00181529344991, -0.00238118995912, 0.00218451791443, -0.00343238888308, 0.00155850697774, -0.00356629001908, 0.00229323282838, -0.000136396134621, 0.00367445964366, -0.0066034430638, 0.0187759846449]]
    },
    "melbands": {
        "dmean": [0.00120255851652, 0.00120585632976, 0.000611923518591, 0.000302581931464, 0.000188105885172, 0.000143413679325, 0.000243952759774, 0.000192414605408, 0.000188747042557, 0.000111321955046, 0.000153699453222, 0.000242444366449, 0.000135718641104, 9.37711520237e-05, 8.95816119737e-05, 8.08132172097e-05, 5.38642343599e-05, 6.04220622336e-05, 5.789926945e-05, 2.27209584409e-05, 2.62770699919e-05, 1.97791123355e-05, 1.67805646925e-05, 1.47803175423e-05, 1.71795290953e-05, 1.05068411358e-05, 1.12444531624e-05, 6.92035609973e-06, 3.3678879845e-06, 1.91577692021e-06, 1.38745440381e-06, 1.29022009787e-06, 1.45336741753e-06, 1.47121636473e-06, 1.3481330825e-06, 1.27037685616e-06, 1.00385784663e-06, 1.03587444755e-06, 1.03562763343e-06, 1.39348605899e-06],
        "dmean2": [0.00189838674851, 0.00187068351079, 0.00104973255657, 0.00052522518672, 0.000310466741212, 0.000232056903769, 0.000401898549171, 0.000314999488182, 0.000312157702865, 0.000180644055945, 0.000244403112447, 0.000388927204767, 0.000214656363823, 0.000151375177666, 0.000145437355968, 0.000128412095364, 8.63316236064e-05, 9.50510366238e-05, 9.30318346946e-05, 3.65392843378e-05, 4.06766885135e-05, 3.24754510075e-05, 2.75404654531e-05, 2.38439170062e-05, 2.63034726231e-05, 1.62577161973e-05, 1.738058927e-05, 1.09349139166e-05, 5.35247045264e-06, 3.08379503622e-06, 2.23451729653e-06, 1.99849341698e-06, 2.29810370911e-06, 2.30958494285e-06, 2.08644428312e-06, 1.96883775061e-06, 1.53746975684e-06, 1.56903035986e-06, 1.55994109718e-06, 2.00305657927e-06],
        "dvar": [2.99547446048e-06, 4.56330099041e-06, 1.85099725059e-06, 3.64029261846e-07, 1.24364120779e-07, 8.65476010858e-08, 2.38860138779e-07, 2.25948369348e-07, 1.36367205528e-07, 7.39383239079e-08, 1.34580332656e-07, 1.53942352199e-07, 8.15167240376e-08, 3.82585234604e-08, 3.43346862053e-08, 2.88750925392e-08, 1.70322991266e-08, 1.87632966941e-08, 2.01151291179e-08, 2.51952503305e-09, 4.08441458433e-09, 2.14131046228e-09, 1.20668486314e-09, 9.11428377215e-10, 1.27705845898e-09, 3.75883602022e-10, 4.66851890479e-10, 1.94115334917e-10, 5.00323289743e-11, 3.33430817678e-11, 1.40675249227e-11, 9.45557434434e-12, 1.64734493407e-11, 2.02461658549e-11, 7.56157809978e-12, 1.17956304446e-11, 7.00627576788e-12, 8.91233094269e-12, 1.25979868898e-11, 4.67488027456e-11],
        "dvar2": [7.183978596e-06, 1.0396684047e-05, 4.98305917063e-06, 1.01738385183e-06, 3.36671206469e-07, 2.17679385628e-07, 6.14891973783e-07, 6.12448729953e-07, 3.68654980321e-07, 1.77254761979e-07, 3.11851579227e-07, 3.85345117593e-07, 2.03679618949e-07, 9.43782865193e-08, 8.76420358509e-08, 6.76920777209e-08, 4.16678354043e-08, 4.36271001547e-08, 4.91239866562e-08, 6.10962658243e-09, 8.74935235373e-09, 5.23783194595e-09, 3.14285553138e-09, 2.23488050288e-09, 2.57074184162e-09, 8.38477454135e-10, 1.0052347843e-09, 4.61869875679e-10, 1.18559495554e-10, 8.72259209306e-11, 3.40530555143e-11, 1.97243749112e-11, 3.76361823651e-11, 4.93767526866e-11, 1.71991570291e-11, 2.6619375107e-11, 1.6016863183e-11, 1.88586750383e-11, 2.69975188039e-11, 1.00809298409e-10],
        "max": [0.0183949992061, 0.0239267461002, 0.0171624012291, 0.00699217803776, 0.00783608201891, 0.00863145198673, 0.0110844532028, 0.0184517242014, 0.00782639626414, 0.00583387538791, 0.00846218876541, 0.00728749250993, 0.00951821822673, 0.00701886042953, 0.0040329345502, 0.00286772637628, 0.00346552906558, 0.0025580925867, 0.00382889481261, 0.00117428670637, 0.00166023673955, 0.00117865332868, 0.000716036884114, 0.000646407774184, 0.00119387393352, 0.000431722757639, 0.000594944518525, 0.000277299754089, 0.000213255450944, 0.000241023662966, 9.85882725217e-05, 0.000107088468212, 0.000140157790156, 0.000173992011696, 8.40324282763e-05, 0.000174478002009, 0.000101733319752, 0.000125853417558, 0.000122814497445, 0.000235598839936],
        "mean": [0.00237826397642, 0.00185996096116, 0.000724013778381, 0.000403277983423, 0.000307535083266, 0.000227687443839, 0.00035643184674, 0.000292338372674, 0.000269566051429, 0.000165594465216, 0.000236955718719, 0.000386660452932, 0.000207983597647, 0.000150464431499, 0.000143595287227, 0.000127209801576, 7.84244111856e-05, 9.79805190582e-05, 8.96908168215e-05, 3.44519030477e-05, 4.46026970167e-05, 3.12670890708e-05, 2.74240683211e-05, 2.40506760747e-05, 3.04785608023e-05, 1.98221368919e-05, 2.08827532333e-05, 1.17902100101e-05, 5.59489581065e-06, 2.9384282243e-06, 2.09501808968e-06, 2.08454980566e-06, 2.28097269428e-06, 2.41531938627e-06, 2.4321670935e-06, 2.19459866457e-06, 1.67653263361e-06, 1.64995799423e-06, 1.63057632108e-06, 2.00513113668e-06],
        "median": [0.00196484476328, 0.00116886093747, 0.000356355390977, 0.000206916040042, 0.000163447926752, 0.000130832195282, 0.000201999209821, 0.000157825706992, 0.00014391336299, 6.95730341249e-05, 7.61101982789e-05, 0.000180402188562, 9.30255191633e-05, 5.64910369576e-05, 4.58336944575e-05, 4.25323778472e-05, 3.08405287797e-05, 3.06336623908e-05, 3.23183776345e-05, 1.5760640963e-05, 1.72778854903e-05, 1.49952702486e-05, 1.51678705151e-05, 1.36705493787e-05, 1.33090406962e-05, 1.00874967757e-05, 9.75296734396e-06, 5.97761572863e-06, 3.16658224619e-06, 1.73099374479e-06, 1.15176248983e-06, 1.17046818104e-06, 1.34022570819e-06, 1.40394740811e-06, 1.34227457238e-06, 1.09098164103e-06, 6.86425096319e-07, 6.03951548328e-07, 4.32697504493e-07, 3.21741140397e-07],
        "min": [3.30713861473e-24, 2.1766484783e-24, 1.34912431682e-24, 2.25912546366e-24, 7.78205366544e-24, 4.28951242481e-24, 6.72683545329e-24, 5.97173463937e-24, 2.93131541872e-24, 4.00027341847e-24, 2.9489030726e-24, 4.69087814807e-24, 5.54609053846e-24, 3.98976342463e-24, 5.07955662139e-24, 6.27743441179e-24, 6.78669421878e-24, 4.36900751595e-24, 5.41157555462e-24, 7.12267875578e-24, 8.04536202496e-24, 5.83523133162e-24, 5.5388740389e-24, 5.93488576319e-24, 8.92956465919e-24, 5.7842547455e-24, 5.02240601539e-24, 5.78588847643e-24, 5.73727728973e-24, 5.70977878186e-24, 8.14208268283e-24, 6.44937887343e-24, 7.43446813996e-24, 1.00042669468e-23, 9.02219743985e-24, 6.5284183974e-24, 7.81545719161e-24, 8.63065579587e-24, 9.09019724988e-24, 8.90744184396e-24],
        "var": [4.32402475781e-06, 5.67664073969e-06, 1.44924308643e-06, 3.59038381248e-07, 2.46707742235e-07, 1.19341933669e-07, 2.8417312592e-07, 2.33416130868e-07, 1.66426545434e-07, 1.33965244231e-07, 2.63067676087e-07, 2.89328596637e-07, 1.26243506315e-07, 7.57795888262e-08, 7.38134673384e-08, 5.74086804761e-08, 2.51461020895e-08, 3.81436002783e-08, 3.28344036404e-08, 4.20729673323e-09, 9.57435108973e-09, 3.23871152119e-09, 1.72133463039e-09, 1.26174937165e-09, 2.70512745537e-09, 8.00265187451e-10, 1.10281117571e-09, 3.21588228269e-10, 7.317218359e-11, 3.22560415877e-11, 1.6353063001e-11, 1.43168324418e-11, 2.01284960921e-11, 2.33939707883e-11, 1.49220687889e-11, 1.97724215473e-11, 1.23726133505e-11, 1.84793239738e-11, 2.68905470807e-11, 9.34205351966e-11]
    },
    "mfcc": {
        "mean": [-608.192199707, 120.376052856, -13.4959373474, 15.8586950302, 2.39411139488, 4.46554517746, 7.04605054855, 11.8447771072, -2.52387499809, 10.719124794, 1.11811470985, 1.97246515751, 5.50294160843],
        "cov": [[2749.85498047, -227.084259033, 328.88168335, 107.935546875, 382.173522949, 11.7596626282, 173.854202271, 61.4293746948, -118.458816528, 90.7277832031, 40.140247345, 10.2760887146, 152.477279663], [-227.084259033, 668.760742188, -46.3998756409, 240.860290527, -48.7154006958, 85.9449691772, -26.0468215942, -18.2548904419, 4.60497951508, -23.2445869446, -12.9443912506, 30.4301738739, -13.8079748154], [328.88168335, -46.3998756409, 871.792907715, 136.340072632, 338.072570801, -32.163269043, 59.4266738892, -48.2312850952, 40.4407920837, -42.6843032837, -6.81023979187, 50.4288749695, 42.7137794495], [107.935546875, 240.860290527, 136.340072632, 369.416503906, 67.7804641724, 68.9340896606, -35.9156990051, 8.32175731659, 31.4790763855, -21.226316452, -18.1677513123, 49.0262985229, 10.6719112396], [382.173522949, -48.7154006958, 338.072570801, 67.7804641724, 347.544281006, -38.0204238892, 77.9293212891, -11.0466833115, 14.2907514572, -7.61872959137, 6.33199691772, 18.2674617767, 79.8358688354], [11.7596626282, 85.9449691772, -32.163269043, 68.9340896606, -38.0204238892, 186.935897827, 22.2783813477, 4.86757326126, -5.68828964233, 13.3538770676, 6.30698776245, -0.346575558186, -18.3765583038], [173.854202271, -26.0468215942, 59.4266738892, -35.9156990051, 77.9293212891, 22.2783813477, 178.554931641, -1.76929044724, -28.4116535187, 27.9293193817, 19.5840091705, -15.6421461105, 43.3836593628], [61.4293746948, -18.2548904419, -48.2312850952, 8.32175731659, -11.0466833115, 4.86757326126, -1.76929044724, 101.413047791, -3.09390091896, 24.5643138885, -12.3280477524, 6.63036489487, 8.24888324738], [-118.458816528, 4.60497951508, 40.4407920837, 31.4790763855, 14.2907514572, -5.68828964233, -28.4116535187, -3.09390091896, 155.88369751, -31.6780147552, 7.841319561, -4.79399728775, -16.1199207306], [90.7277832031, -23.2445869446, -42.6843032837, -21.226316452, -7.61872959137, 13.3538770676, 27.9293193817, 24.5643138885, -31.6780147552, 111.073127747, 9.86409282684, -0.742376208305, 3.94328474998], [40.140247345, -12.9443912506, -6.81023979187, -18.1677513123, 6.33199691772, 6.30698776245, 19.5840091705, -12.3280477524, 7.841319561, 9.86409282684, 84.6962814331, 8.76589584351, 18.4008808136], [10.2760887146, 30.4301738739, 50.4288749695, 49.0262985229, 18.2674617767, -0.346575558186, -15.6421461105, 6.63036489487, -4.79399728775, -0.742376208305, 8.76589584351, 95.4133605957, 21.1373157501], [152.477279663, -13.8079748154, 42.7137794495, 10.6719112396, 79.8358688354, -18.3765583038, 43.3836593628, 8.24888324738, -16.1199207306, 3.94328474998, 18.4008808136, 21.1373157501, 119.630432129]],
