{
"lowlevel": {
    "average_loudness": 0.941961407661,
    "barkbands_crest": {
        "dmean": 3.07952594757,
        "dmean2": 4.59945297241,
        "dvar": 6.96742248535,
        "dvar2": 14.2375411987,
        "max": 26.4048480988,
        "mean": 11.2879476547,
        "median": 9.97115421295,
        "min": 2.24613070488,
        "var": 29.3400058746
    },
    "barkbands_flatness_db": {
        "dmean": 0.0221879407763,
        "dmean2": 0.0317895114422,
        "dvar": 0.000402483681682,
        "dvar2": 0.000736686401069,
        "max": 0.371448367834,
        "mean": 0.165013954043,
        "median": 0.154564023018,
        "min": 0.0597436204553,
        "var": 0.00274239480495
    },
    "barkbands_kurtosis": {
        "dmean": 3.12464284897,
        "dmean2": 4.52329397202,
        "dvar": 43.9796600342,
        "dvar2": 78.8593063354,
        "max": 169.410873413,
        "mean": 4.19170475006,
        "median": 1.28491568565,
        "min": -1.94098186493,
        "var": 104.885910034
    },
    "barkbands_skewness": {
        "dmean": 0.598826467991,
        "dmean2": 0.849568605423,
        "dvar": 0.437676429749,
        "dvar2": 0.744523584843,
        "max": 11.6639480591,
        "mean": 1.37319529057,
        "median": 1.12353801727,
        "min": -4.18718242645,
        "var": 2.15571641922
    },
    "barkbands_spread": {
        "dmean": 5.75638771057,
        "dmean2": 8.51570129395,
        "dvar": 59.7205276489,
        "dvar2": 121.378822327,
        "max": 111.387825012,
        "mean": 21.8425788879,
        "median": 19.645116806,
        "min": 1.01002705097,
        "var": 225.678543091
    },
    "dissonance": {
        "dmean": 0.0182174090296,
        "dmean2": 0.0312924310565,
        "dvar": 0.000330195267452,
        "dvar2": 0.000888725859113,
        "max": 0.500000178814,
        "mean": 0.473416537046,
        "median": 0.479629695415,
        "min": 0.224135488272,
        "var": 0.000530430639628
    },
    "dynamic_complexity": 2.26594614983,
    "erbbands_crest": {
        "dmean": 2.72846436501,
        "dmean2": 4.50726652145,
        "dvar": 6.00112581253,
        "dvar2": 15.6129751205,
        "max": 33.065322876,
        "mean": 9.35407352448,
        "median": 8.4575252533,
        "min": 2.27183914185,
        "var": 19.0980587006
    },
    "erbbands_flatness_db": {
        "dmean": 0.0161978416145,
        "dmean2": 0.0244891382754,
        "dvar": 0.000205587100936,
        "dvar2": 0.00044149189489,
        "max": 0.429953366518,
        "mean": 0.190565600991,
        "median": 0.177872180939,
        "min": 0.0369094572961,
        "var": 0.00383061217144
    },
    "erbbands_kurtosis": {
        "dmean": 1.17523741722,
        "dmean2": 1.86758100986,
        "dvar": 2.83389139175,
        "dvar2": 6.45113039017,
        "max": 44.2041702271,
        "mean": 1.39688277245,
        "median": 0.644417405128,
        "min": -1.83739876747,
        "var": 7.72422504425
    },
    "erbbands_skewness": {
        "dmean": 0.378351837397,
        "dmean2": 0.574695765972,
        "dvar": 0.127041205764,
        "dvar2": 0.258019596338,
        "max": 5.37780284882,
        "mean": 0.429941803217,
        "median": 0.431338131428,
        "min": -4.81465387344,
        "var": 0.782478272915
    },
    "erbbands_spread": {
        "dmean": 6.99731874466,
        "dmean2": 10.4644804001,
        "dvar": 68.5761871338,
        "dvar2": 147.16456604,
        "max": 123.387016296,
        "mean": 31.2253036499,
        "median": 26.6149520874,
        "min": 2.00463938713,
        "var": 369.920623779
    },
    "hfc": {
        "dmean": 9.00224590302,
        "dmean2": 12.8753328323,
        "dvar": 291.330230713,
        "dvar2": 544.382873535,
        "max": 698.132446289,
        "mean": 28.7700443268,
        "median": 24.4149246216,
        "min": 1.18364556103e-16,
        "var": 692.717712402
    },
    "melbands_crest": {
        "dmean": 4.06414747238,
        "dmean2": 6.30894184113,
        "dvar": 12.1780881882,
        "dvar2": 26.1423206329,
        "max": 34.9588546753,
        "mean": 15.656791687,
        "median": 14.2857923508,
        "min": 2.33226180077,
        "var": 48.7200508118
    },
    "melbands_flatness_db": {
        "dmean": 0.027536386624,
        "dmean2": 0.0377716161311,
        "dvar": 0.000699517666362,
        "dvar2": 0.00118563929573,
        "max": 0.433851271868,
        "mean": 0.186703681946,
        "median": 0.180059015751,
        "min": 0.00751672545448,
        "var": 0.00400354433805
    },
    "melbands_kurtosis": {
        "dmean": 8.11533164978,
        "dmean2": 11.6747646332,
        "dvar": 327.68838501,
        "dvar2": 601.214050293,
        "max": 444.415313721,
        "mean": 13.8813362122,
        "median": 5.04816436768,
        "min": -1.89188671112,
        "var": 862.870361328
    },
    "melbands_skewness": {
        "dmean": 0.81792974472,
        "dmean2": 1.17091667652,
        "dvar": 0.922551691532,
        "dvar2": 1.58983492851,
        "max": 17.5477542877,
        "mean": 2.42711591721,
        "median": 1.94899308681,
        "min": -1.59866964817,
        "var": 4.72408294678
    },
    "melbands_spread": {
        "dmean": 8.23456764221,
        "dmean2": 12.2226600647,
        "dvar": 181.337860107,
        "dvar2": 312.540344238,
        "max": 267.70916748,
        "mean": 26.2189235687,
        "median": 21.3036251068,
        "min": 0.800067663193,
        "var": 544.52154541
    },
    "pitch_salience": {
        "dmean": 0.0823110863566,
        "dmean2": 0.122784614563,
        "dvar": 0.00561952451244,
        "dvar2": 0.0107935015112,
        "max": 0.865194141865,
        "mean": 0.533205986023,
        "median": 0.564419388771,
        "min": 0.0421319454908,
        "var": 0.0247570797801
    },
    "silence_rate_20dB": {
        "dmean": 0,
        "dmean2": 0,
        "dvar": 0,
        "dvar2": 0,
        "max": 1,
        "mean": 1,
        "median": 1,
        "min": 1,
        "var": 0
    },
    "silence_rate_30dB": {
        "dmean": 0.03376365453,
        "dmean2": 0.0675347596407,
        "dvar": 0.0326216444373,
        "dvar2": 0.0779850706458,
        "max": 1,
        "mean": 0.970542788506,
        "median": 1,
        "min": 0,
        "var": 0.0285886507481
    },
    "silence_rate_60dB": {
        "dmean": 0.00750303454697,
        "dmean2": 0.0150077249855,
        "dvar": 0.00744750536978,
        "dvar2": 0.0185378883034,
        "max": 1,
        "mean": 0.020962048322,
        "median": 0,
        "min": 0,
        "var": 0.0205256678164
    },
    "spectral_centroid": {
        "dmean": 259.444854736,
        "dmean2": 381.791534424,
        "dvar": 105981.992188,
        "dvar2": 176952.703125,
        "max": 10715,
        "mean": 1518.75622559,
        "median": 1444.66235352,
        "min": 284.114013672,
        "var": 408602.15625
    },
    "spectral_complexity": {
        "dmean": 4.37713766098,
        "dmean2": 6.64378738403,
        "dvar": 18.4494380951,
        "dvar2": 38.7644462585,
        "max": 57,
        "mean": 22.8790817261,
        "median": 22,
        "min": 0,
        "var": 88.3872375488
    },
    "spectral_decrease": {
        "dmean": 3.06520919757e-09,
        "dmean2": 4.17680645626e-09,
        "dvar": 1.32131200615e-17,
        "dvar2": 2.23670828774e-17,
        "max": -4.10691951818e-29,
        "mean": -9.57776613575e-09,
        "median": -7.64931229469e-09,
        "min": -4.57839206547e-08,
        "var": 5.4064911957e-17
    },
    "spectral_energy": {
        "dmean": 0.0120489858091,
        "dmean2": 0.0164806004614,
        "dvar": 0.000195133965462,
        "dvar2": 0.00033440979314,
        "max": 0.175900697708,
        "mean": 0.0387582480907,
        "median": 0.0319063402712,
        "min": 1.08910226442e-20,
        "var": 0.000806799624115
    },
    "spectral_energyband_high": {
        "dmean": 0.000567614741158,
        "dmean2": 0.000761255738325,
        "dvar": 4.83646499561e-06,
        "dvar2": 8.36717572383e-06,
        "max": 0.0923899784684,
        "mean": 0.00121443346143,
        "median": 0.000513994018547,
        "min": 7.73301670211e-21,
        "var": 1.01879450085e-05
    },
    "spectral_energyband_low": {
        "dmean": 0.00805383548141,
        "dmean2": 0.0106559861451,
        "dvar": 0.000181426512427,
        "dvar2": 0.000290213705739,
        "max": 0.165862873197,
        "mean": 0.0178474355489,
        "median": 0.00659646838903,
        "min": 7.22335129124e-23,
        "var": 0.000646583794151
    },
    "spectral_energyband_middle_high": {
        "dmean": 0.0033304982353,
        "dmean2": 0.00503133330494,
        "dvar": 1.7946904336e-05,
        "dvar2": 4.2129708163e-05,
        "max": 0.0847284421325,
        "mean": 0.00968164484948,
        "median": 0.0067974277772,
        "min": 1.63428139554e-21,
        "var": 7.70329424995e-05
    },
    "spectral_energyband_middle_low": {
        "dmean": 0.00583217758685,
        "dmean2": 0.00917544681579,
        "dvar": 8.10932833701e-05,
        "dvar2": 0.000193808999029,
        "max": 0.124330684543,
        "mean": 0.0111333811656,
        "median": 0.00718007516116,
        "min": 5.50406100762e-22,
        "var": 0.000144585763337
    },
    "spectral_entropy": {
        "dmean": 0.123315878212,
        "dmean2": 0.18639780581,
        "dvar": 0.0141269126907,
        "dvar2": 0.0303010866046,
        "max": 9.80180263519,
        "mean": 7.75234365463,
        "median": 7.76378774643,
        "min": 6.26063966751,
        "var": 0.106673322618
    },
    "spectral_flux": {
        "dmean": 0.0285186041147,
        "dmean2": 0.0425081290305,
        "dvar": 0.000927980116103,
        "dvar2": 0.00171828409657,
        "max": 0.375765264034,
        "mean": 0.110292710364,
        "median": 0.102668240666,
        "min": 1.04360062259e-10,
        "var": 0.00291143311188
    },
    "spectral_kurtosis": {
        "dmean": 1.24994790554,
        "dmean2": 2.12626218796,
        "dvar": 1.73581182957,
        "dvar2": 5.39059066772,
        "max": 21.3064613342,
        "mean": 3.55724024773,
        "median": 3.21394252777,
        "min": -1.22329640388,
        "var": 5.33848810196
    },
    "spectral_rms": {
        "dmean": 0.000939245976042,
        "dmean2": 0.00127483380493,
        "dvar": 8.65768470248e-07,
        "dvar2": 1.40945530802e-06,
        "max": 0.0131000168622,
        "mean": 0.00572543824092,
        "median": 0.00557925924659,
        "min": 3.25966055363e-12,
        "var": 5.03215187564e-06
    },
    "spectral_rolloff": {
        "dmean": 462.24395752,
        "dmean2": 727.788818359,
        "dvar": 818512.3125,
        "dvar2": 1465586.375,
        "max": 18776.953125,
        "mean": 1586.01867676,
        "median": 1356.59179688,
        "min": 64.599609375,
        "var": 2223569.25
    },
    "spectral_skewness": {
        "dmean": 0.188134893775,
        "dmean2": 0.296783477068,
        "dvar": 0.027857016772,
        "dvar2": 0.0684026926756,
        "max": 3.14137220383,
        "mean": 1.43903577328,
        "median": 1.45348656178,
        "min": -0.393179446459,
        "var": 0.164183795452
    },
    "spectral_spread": {
        "dmean": 386488.1875,
        "dmean2": 559135.75,
        "dvar": 379519598592,
        "dvar2": 556446121984,
        "max": 41789832,
        "mean": 4317448,
        "median": 4095749.75,
        "min": 1968492.375,
        "var": 1.76885438874e+12
    },
    "spectral_strongpeak": {
        "dmean": 0.674194693565,
        "dmean2": 1.1303819418,
        "dvar": 1.1750036478,
        "dvar2": 2.98141956329,
        "max": 18.1273612976,
        "mean": 1.11240327358,
        "median": 0.632834970951,
        "min": 0,
        "var": 1.7405487299
    },
    "zerocrossingrate": {
        "dmean": 0.0109158847481,
        "dmean2": 0.0117677832022,
        "dvar": 0.000240809473325,
        "dvar2": 0.000227438140428,
        "max": 0.560546875,
        "mean": 0.0612736418843,
        "median": 0.05517578125,
        "min": 0.0048828125,
        "var": 0.00153701181989
    },
    "barkbands": {
        "dmean": [0.000319225131534, 0.0070750489831, 0.00335080944933, 0.00163270439953, 0.00190642813686, 0.000856466358528, 0.000593176810071, 0.000999914598651, 0.00187687762082, 0.0011658843141, 0.00106634083204, 0.000827266077977, 0.000815910869278, 0.000579036364798, 0.00048089507618, 0.000333586736815, 0.000306194473524, 0.000187431709492, 0.000164393350133, 0.000117254880024, 0.000111048495455, 0.000162797950907, 0.000162326119607, 0.000118376090541, 6.53606330161e-05, 1.33997019702e-07, 1.58848889598e-09],
        "dmean2": [0.00043519839528, 0.0092515675351, 0.00565848639235, 0.00293070846237, 0.00306986784562, 0.00137278798502, 0.000955118914135, 0.00161967601161, 0.00304251466878, 0.00186966301408, 0.00174187927041, 0.00136697373819, 0.00134501175489, 0.000952696951572, 0.000769409351051, 0.000521786743775, 0.000487723009428, 0.000299706385704, 0.000256678846199, 0.00018585093494, 0.000161632109666, 0.000236535415752, 0.00022967136465, 0.000164691417012, 9.09978261916e-05, 2.22726129095e-07, 2.91578694522e-09],
        "dvar": [2.81751624698e-07, 0.000159749368322, 8.59685751493e-05, 2.29771412705e-05, 2.01346083486e-05, 4.02367049901e-06, 2.24814357352e-06, 6.80229595673e-06, 1.58444909175e-05, 5.83706378166e-06, 4.80820062876e-06, 3.6415269733e-06, 2.94045389637e-06, 1.10429664346e-06, 7.66405037211e-07, 5.86032228966e-07, 3.86396834529e-07, 7.65143184367e-08, 6.5815953576e-08, 4.43193535205e-08, 7.91093626162e-08, 3.55905399374e-07, 7.23689311144e-07, 4.92198637403e-07, 1.30425746647e-07, 2.41693600897e-13, 6.03341568329e-18],
        "dvar2": [5.4300028296e-07, 0.000237762156758, 0.000224548857659, 6.39047066215e-05, 4.73213367513e-05, 9.705496268e-06, 5.26368785358e-06, 1.72520940396e-05, 3.91859175579e-05, 1.26908562379e-05, 1.21597850011e-05, 9.97991537588e-06, 8.11186146166e-06, 2.91953847409e-06, 1.89445461274e-06, 1.34344463731e-06, 9.15901694043e-07, 1.83423495059e-07, 1.4686682448e-07, 1.06627233265e-07, 1.45513695315e-07, 6.87545195888e-07, 1.40050042319e-06, 9.18970499697e-07, 2.84750854007e-07, 5.83778468274e-13, 1.79094909288e-17],
        "max": [0.00939976517111, 0.136514827609, 0.0847744047642, 0.0472084879875, 0.120578728616, 0.0485657453537, 0.0384349636734, 0.088757686317, 0.113550826907, 0.0829582884908, 0.0545169860125, 0.0392523780465, 0.0323809161782, 0.0268628969789, 0.0230123270303, 0.017522752285, 0.0182096641511, 0.00493324920535, 0.0059052859433, 0.00850376021117, 0.014051835984, 0.0224080327898, 0.0402187630534, 0.0321431048214, 0.0149641567841, 1.8031880245e-05, 7.26082234337e-08],
        "mean": [0.00058174924925, 0.0136378072202, 0.00289347441867, 0.00132484990172, 0.00276325293817, 0.00124071899336, 0.000807254284155, 0.00137963565066, 0.00286155333742, 0.0018639632035, 0.0016668898752, 0.00137595902197, 0.00135193020105, 0.00102445750963, 0.000822609872557, 0.000602506625, 0.000534813385457, 0.00035364847281, 0.000333587347995, 0.000219929701416, 0.000206506287213, 0.00030083899037, 0.000285377143882, 0.000204823285458, 0.000119893615192, 1.45725493894e-07, 1.83974302459e-09],
        "median": [0.00010941956134, 0.00399474333972, 0.000478657602798, 0.000221947237151, 0.000904592103325, 0.000483188312501, 0.00025582688977, 0.00041612732457, 0.00111020961776, 0.000704590929672, 0.000530556077138, 0.000415516493376, 0.000469814345706, 0.000402739213314, 0.000335052405717, 0.000216572283534, 0.000251655641478, 0.000232665275689, 0.000212258688407, 0.000133363326313, 9.61670593824e-05, 0.000116601397167, 8.95118864719e-05, 5.97497491981e-05, 3.28714013449e-05, 3.41453798569e-08, 1.0339336054e-09],
        "min": [5.02755822373e-23, 1.65045904575e-23, 6.58379998282e-24, 6.00093243251e-23, 3.55600226055e-23, 6.60294121937e-23, 1.09203428748e-22, 1.29243386127e-22, 7.05530940339e-23, 1.60599572124e-22, 9.51951649597e-23, 6.109920193e-23, 7.97355927428e-23, 1.52109611249e-22, 1.16457957716e-22, 7.04843369174e-23, 2.39890758499e-22, 2.84453776092e-22, 2.71416013165e-22, 3.53132890025e-22, 4.08318670702e-22, 6.06190759395e-22, 5.58271687697e-22, 8.07525177534e-22, 1.19761283095e-21, 1.47515222228e-21, 2.66026616435e-21],
        "var": [1.14272268092e-06, 0.000486484525027, 6.58192147966e-05, 1.56701826199e-05, 3.44650507031e-05, 6.34333628113e-06, 3.26457120536e-06, 9.53475409915e-06, 2.67475224973e-05, 1.32350151034e-05, 8.96729579836e-06, 7.4923586908e-06, 5.96726795266e-06, 2.4930463951e-06, 1.63597326264e-06, 1.56264945872e-06, 8.66482707806e-07, 1.60645868164e-07, 1.63358663485e-07, 9.07125397021e-08, 2.04409744242e-07, 7.01484111687e-07, 1.15367697617e-06, 7.94567483808e-07, 2.42270374429e-07, 2.83343986295e-13, 4.85528756584e-18]
    },
    "erbbands": {
        "dmean": [0.230919644237, 1.691609025, 3.68779349327, 4.6923532486, 5.35155010223, 7.57099199295, 6.82325124741, 7.03871488571, 7.46822738647, 11.6990699768, 28.0719242096, 42.1544494629, 39.8656616211, 35.6608200073, 32.922290802, 34.187412262, 35.7070426941, 28.7026996613, 24.7086086273, 20.6947879791, 17.3777866364, 15.8710584641, 10.3010673523, 8.3465089798, 7.85294437408, 5.19035053253, 4.38786458969, 4.71605730057, 5.8836812973, 5.4762635231, 4.46816968918, 2.9414498806, 1.78458917141, 0.982023954391, 0.357267707586, 0.0206157639623, 0.000558988249395, 4.27927152487e-05, 1.10907494673e-05, 1.45820022226e-05],
        "dmean2": [0.276422739029, 2.19800066948, 5.61007499695, 8.21382045746, 9.11857318878, 12.1864299774, 10.9520330429, 11.2802457809, 12.0384426117, 18.7444458008, 45.7828483582, 68.7563247681, 63.4572601318, 57.3951530457, 53.935962677, 56.0009994507, 58.4928894043, 46.9121818542, 39.8045578003, 32.5248374939, 26.7324695587, 24.8685207367, 16.3226032257, 12.9432706833, 12.2791309357, 8.12888717651, 6.63813638687, 6.74122619629, 8.49527072906, 8.10335922241, 6.39414072037, 4.17103481293, 2.48719334602, 1.41949367523, 0.497909635305, 0.0287789087743, 0.000766600540373, 5.7520934206e-05, 1.48968083522e-05, 2.0066396246e-05],
        "dvar": [0.131184995174, 10.7617635727, 81.3108062744, 185.111633301, 168.366073608, 458.554962158, 332.531951904, 321.402557373, 340.871856689, 823.520446777, 5364.46875, 8721.41601562, 8191.37792969, 4814.78662109, 5402.23730469, 6327.89599609, 6027.72314453, 2549.8996582, 1921.30310059, 1753.84338379, 1646.88977051, 1072.11633301, 246.05255127, 173.468643188, 147.445785522, 88.2511825562, 84.5575866699, 179.218780518, 400.001647949, 585.585876465, 614.385498047, 361.301330566, 103.387275696, 36.9367904663, 3.00234675407, 0.00779327983037, 6.44981628284e-06, 4.152830968e-08, 1.19493870354e-09, 3.47689627089e-10],
        "dvar2": [0.202585726976, 16.388999939, 191.586181641, 504.849975586, 439.819946289, 1064.49133301, 805.377624512, 771.012207031, 830.16986084, 1962.0715332, 13844.7529297, 22235.2539062, 18761.3867188, 11896.9716797, 14052.5527344, 17311.7324219, 16706.9667969, 6798.94824219, 4860.23291016, 4249.31884766, 3603.87768555, 2449.49755859, 585.223144531, 387.051330566, 334.38369751, 213.088867188, 172.320709229, 310.876800537, 757.504150391, 1170.2010498, 1187.22705078, 691.028808594, 194.776580811, 85.4420394897, 6.24967718124, 0.0154848909006, 1.27383300423e-05, 8.14553331452e-08, 2.29254437656e-09, 6.25277329913e-10],
        "max": [5.91313791275, 32.2120323181, 84.0019378662, 116.302688599, 314.081481934, 691.065917969, 508.227478027, 606.798583984, 460.77142334, 684.186096191, 2771.47143555, 2586.75952148, 3130.93261719, 1875.49804688, 2996.91723633, 1817.66027832, 1468.40209961, 795.869018555, 1163.6484375, 1137.36242676, 1197.40393066, 1136.03967285, 282.213012695, 432.582458496, 316.515594482, 381.840637207, 334.51461792, 602.059997559, 680.948669434, 820.35534668, 1143.58422852, 1049.72094727, 366.289550781, 230.207168579, 95.138092041, 4.22175455093, 0.122857257724, 0.00915941875428, 0.00133973255288, 0.000537769228686],
        "mean": [0.437455862761, 2.83157300949, 3.95028018951, 4.07770824432, 5.90332651138, 10.7296171188, 10.0496473312, 10.0405550003, 10.5323915482, 16.5115528107, 41.1777763367, 65.2278060913, 65.6165008545, 61.9806671143, 57.4329414368, 60.4413337708, 63.382598877, 54.9063949585, 46.5336914062, 37.6940040588, 33.5396537781, 29.8867435455, 20.6186656952, 17.2650108337, 16.1180419922, 10.0590238571, 8.04487895966, 8.88076877594, 10.7103662491, 9.90321826935, 7.74266433716, 4.97966051102, 3.07363963127, 1.72811567783, 0.645199418068, 0.0364542454481, 0.00105230521876, 8.70323929121e-05, 3.37800338457e-05, 4.90057027491e-05],
        "median": [0.126215606928, 0.706484556198, 0.912307739258, 0.895333528519, 1.58423662186, 3.11387562752, 3.60710382462, 3.71056127548, 4.05355978012, 5.46417093277, 14.6527605057, 25.1389198303, 26.5275840759, 24.968914032, 21.1381034851, 19.8057174683, 23.4436759949, 23.8852977753, 21.5106582642, 16.1937904358, 12.9288711548, 14.7101650238, 13.585149765, 11.3096523285, 10.1962423325, 6.29155540466, 4.01024246216, 3.92250823975, 4.21701526642, 3.38112831116, 2.38366270065, 1.54540753365, 0.812951743603, 0.449309170246, 0.189983814955, 0.0108765084296, 0.000331389484927, 3.10290124617e-05, 2.48517208092e-05, 4.16606490035e-05],
        "min": [1.16199155803e-21, 1.77530407795e-21, 6.11238126232e-21, 1.04807596396e-19, 1.73019636818e-19, 1.12502922258e-19, 1.08244001929e-19, 7.96458504217e-19, 1.57854567587e-18, 1.72074257266e-18, 3.25833370922e-18, 1.71259432664e-18, 4.06055766231e-18, 5.33928955381e-18, 2.29773837644e-18, 2.76318422173e-18, 2.53647014585e-18, 7.36684158408e-18, 7.41245563177e-18, 5.44301676185e-18, 5.73395644921e-18, 1.22361990785e-17, 1.7123065505e-17, 1.40844754275e-17, 1.24276086723e-17, 1.49075317175e-17, 1.82365813041e-17, 1.63261580485e-17, 2.09841146482e-17, 1.7803706109e-17, 1.80735539315e-17, 1.76889877386e-17, 1.2179227841e-17, 1.22583319502e-17, 1.01710847767e-17, 5.70546131788e-18, 2.69007551765e-18, 1.2012977566e-18, 3.510114046e-19, 4.15207121257e-20],
        "var": [0.44801607728, 26.9882621765, 86.6190643311, 130.677398682, 169.049819946, 753.373901367, 528.697509766, 536.796203613, 457.856842041, 1211.15734863, 7141.56835938, 15515.0859375, 17381.6777344, 9633.73925781, 10944.3154297, 13243.7431641, 12489.0859375, 6153.95751953, 4222.55322266, 3610.671875, 4645.52050781, 2616.48608398, 540.536804199, 439.119445801, 373.920379639, 186.841201782, 208.230728149, 476.424468994, 863.219543457, 967.441833496, 961.115966797, 517.488891602, 180.214981079, 63.0584259033, 5.32391452789, 0.0145810982212, 1.23294275909e-05, 8.0581777695e-08, 2.53141663187e-09, 1.2560019691e-09]
    },
    "gfcc": {
        "mean": [3.72177743912, 94.7459411621, -156.136566162, 38.3788604736, -73.0899124146, 34.9442024231, -33.7719612122, 12.7930793762, -13.8431272507, -7.40793085098, -3.97480797768, -11.7197036743, 3.59634160995],
        "cov": [[3915.71533203, 512.665466309, 1375.86450195, 1267.84509277, 390.07598877, 420.521484375, -169.337692261, 109.42905426, 25.9617443085, 284.781707764, 130.426055908, 205.266937256, 33.4312133789], [512.665466309, 908.114257812, 497.055999756, 305.467346191, 324.294128418, 74.7392730713, 104.326812744, 38.5034408569, 88.5887832642, 37.7367668152, 106.395149231, 4.32667016983, 35.5421714783], [1375.86450195, 497.055999756, 1685.44836426, 1112.14379883, 368.925201416, 334.563995361, -103.585762024, 85.3408126831, 28.5794219971, 248.931335449, 78.5535812378, 157.342056274, 76.1665725708], [1267.84509277, 305.467346191, 1112.14379883, 976.60760498, 354.669891357, 232.808486938, -91.4479675293, 55.1512069702, 41.0233879089, 193.119415283, 65.5399475098, 139.280075073, 66.1722793579], [390.07598877, 324.294128418, 368.925201416, 354.669891357, 396.836029053, 194.562286377, 84.3990020752, 72.5666122437, 58.1424255371, 90.9599380493, 77.2987594604, 42.7591171265, 41.7501716614], [420.521484375, 74.7392730713, 334.563995361, 232.808486938, 194.562286377, 323.656188965, 145.237472534, 36.2835540771, -8.56426143646, 93.3699569702, 71.7330551147, 45.0378494263, 15.558216095], [-169.337692261, 104.326812744, -103.585762024, -91.4479675293, 84.3990020752, 145.237472534, 296.407562256, 66.965133667, 25.9262294769, 0.909273326397, 55.1684455872, -25.8517055511, -0.89853733778], [109.42905426, 38.5034408569, 85.3408126831, 55.1512069702, 72.5666122437, 36.2835540771, 66.965133667, 144.613998413, 82.506980896, 49.1327285767, 14.8424453735, 8.83513450623, 17.8462715149], [25.9617443085, 88.5887832642, 28.5794219971, 41.0233879089, 58.1424255371, -8.56426143646, 25.9262294769, 82.506980896, 166.897293091, 37.0511283875, 15.6137990952, -3.49538469315, 23.8510475159], [284.781707764, 37.7367668152, 248.931335449, 193.119415283, 90.9599380493, 93.3699569702, 0.909273326397, 49.1327285767, 37.0511283875, 149.331268311, 54.1039581299, 48.3051834106, 24.0815067291], [130.426055908, 106.395149231, 78.5535812378, 65.5399475098, 77.2987594604, 71.7330551147, 55.1684455872, 14.8424453735, 15.6137990952, 54.1039581299, 115.623962402, 48.912197113, 16.0072841644], [205.266937256, 4.32667016983, 157.342056274, 139.280075073, 42.7591171265, 45.0378494263, -25.8517055511, 8.83513450623, -3.49538469315, 48.3051834106, 48.912197113, 106.732368469, 45.4635543823], [33.4312133789, 35.5421714783, 76.1665725708, 66.1722793579, 41.7501716614, 15.558216095, -0.89853733778, 17.8462715149, 23.8510475159, 24.0815067291, 16.0072841644, 45.4635543823, 77.8939361572]],
        "icov": [[0.000687519786879, -0.000760835944675, 0.000823296082672, -0.00149118516129, 0.00118162366562, -0.00156617874745, 0.00116516894195, -0.00124352821149, 0.000402370118536, -9.35245134315e-06, -5.92075448367e-05, -0.000140172502142, 0.000465333199827], [-0.000760835944675, 0.0037308037281, -0.00277008768171, 0.00281275506131, -0.00398113531992, 0.00428784871474, -0.00291412789375, 0.00312787969597, -0.00147579866461, 0.00102313247044, -0.00201072427444, 0.00126134126913, -0.000716862210538], [0.000823296082672, -0.00277008768171, 0.00497640343383, -0.00562485028058, 0.00402171211317, -0.00492097763345, 0.00328578893095, -0.00375528121367, 0.00166634761263, -0.00080108246766, 0.000790162303019, 0.000142919176142, 4.01896395488e-05], [-0.00149118516129, 0.00281275506131, -0.00562485028058, 0.00956037826836, -0.00635061040521, 0.00502643128857, -0.00275715859607, 0.00472700083628, -0.00203937850893, -0.000776580825914, 0.000897169404197, -0.00218091835268, -2.68583335128e-05], [0.00118162366562, -0.00398113531992, 0.00402171211317, -0.00635061040521, 0.0102907065302, -0.00732078356668, 0.00350724277087, -0.00526789622381, 0.00113218196202, -1.19576259294e-06, -0.000691734603606, 0.00127180491108, -0.000980695709586], [-0.00156617874745, 0.00428784871474, -0.00492097763345, 0.00502643128857, -0.00732078356668, 0.014098957181, -0.00869866460562, 0.00624492624775, -0.000410393025959, -0.00211113062687, -0.000792941835243, -0.000939449761063, 0.00032376172021], [0.00116516894195, -0.00291412789375, 0.00328578893095, -0.00275715859607, 0.00350724277087, -0.00869866460562, 0.0107855862007, -0.00689993565902, 0.00151564762928, 0.00191512447782, -0.0026923706755, 0.00274580926634, -0.000583702523727], [-0.00124352821149, 0.00312787969597, -0.00375528121367, 0.00472700083628, -0.00526789622381, 0.00624492624775, -0.00689993565902, 0.0162136722356, -0.00637897243723, -0.00289967469871, 0.00224841036834, -0.00183406937867, 2.8216593364e-06], [0.000402370118536, -0.00147579866461, 0.00166634761263, -0.00203937850893, 0.00113218196202, -0.000410393025959, 0.00151564762928, -0.00637897243723, 0.0102594671771, -0.00154254271183, -0.000900430022739, 0.00258835987188, -0.00243233633228], [-9.35245134315e-06, 0.00102313247044, -0.00080108246766, -0.000776580825914, -1.19576259294e-06, -0.00211113062687, 0.00191512447782, -0.00289967469871, -0.00154254271183, 0.0133400699124, -0.00528306560591, 0.000402459147153, -0.000712131615728], [-5.92075448367e-05, -0.00201072427444, 0.000790162303019, 0.000897169404197, -0.000691734603606, -0.000792941835243, -0.0026923706755, 0.00224841036834, -0.000900430022739, -0.00528306560591, 0.017614485696, -0.00943493284285, 0.00318703777157], [-0.000140172502142, 0.00126134126913, 0.000142919176142, -0.00218091835268, 0.00127180491108, -0.000939449761063, 0.00274580926634, -0.00183406937867, 0.00258835987188, 0.000402459147153, -0.00943493284285, 0.0215943325311, -0.0104263806716], [0.000465333199827, -0.000716862210538, 4.01896395488e-05, -2.68583335128e-05, -0.000980695709586, 0.00032376172021, -0.000583702523727, 2.8216593364e-06, -0.00243233633228, -0.000712131615728, 0.00318703777157, -0.0104263806716, 0.0197979211807]]
    },
    "melbands": {
        "dmean": [0.00198555551469, 0.00180298893247, 0.000804531853646, 0.000450038001873, 0.000257967389189, 0.000158678856678, 0.00011605938198, 0.000139158175443, 0.000258444750216, 0.000269796029897, 0.000201710150577, 0.000145753889228, 0.0001268597116, 8.88100621523e-05, 9.81649936875e-05, 7.56651716074e-05, 5.64874280826e-05, 4.35571309936e-05, 3.6506113247e-05, 2.54127153312e-05, 2.08097717405e-05, 1.87486657524e-05, 1.2762942788e-05, 8.39438416733e-06, 7.20781963537e-06, 6.7567602855e-06, 5.24567303728e-06, 3.36062635142e-06, 2.84378234028e-06, 2.80407857645e-06, 2.95550626106e-06, 3.48155981555e-06, 3.45918260791e-06, 3.20761751027e-06, 2.79441269413e-06, 2.26314091378e-06, 1.75993000084e-06, 1.39451992709e-06, 1.02832518678e-06, 8.23620212032e-07],
        "dmean2": [0.00243169628084, 0.00242425641045, 0.00138283311389, 0.000738152943086, 0.000410093984101, 0.000254170299741, 0.000185806798982, 0.000224003597395, 0.000422228302341, 0.000439066789113, 0.000321407336742, 0.000235760686337, 0.000207610341022, 0.000146074438817, 0.000161379706697, 0.00012395340309, 9.25173590076e-05, 7.11821921868e-05, 5.83452529099e-05, 4.02193290938e-05, 3.22072155541e-05, 2.96970902127e-05, 2.04789630516e-05, 1.34758138302e-05, 1.13314881673e-05, 1.0682834727e-05, 8.33787271404e-06, 5.33891898158e-06, 4.42722239313e-06, 4.20400192525e-06, 4.30629233961e-06, 5.16794034411e-06, 5.12995302415e-06, 4.78409583593e-06, 4.08253572459e-06, 3.38420750268e-06, 2.50396692536e-06, 1.9833969418e-06, 1.49537061134e-06, 1.22348217246e-06],
        "dvar": [1.02424364741e-05, 1.4074846149e-05, 4.77706907986e-06, 1.15442230708e-06, 4.62263955114e-07, 1.49156932139e-07, 8.07553703908e-08, 1.07705936614e-07, 4.20049389049e-07, 3.67616422636e-07, 2.06476613585e-07, 8.27747328458e-08, 6.8400929365e-08, 4.50432153798e-08, 4.55913600206e-08, 2.88792492142e-08, 1.07561559659e-08, 6.80232270511e-09, 5.22916465684e-09, 3.3524152343e-09, 2.3440547281e-09, 1.69358271851e-09, 5.46960698955e-10, 1.53885695853e-10, 1.44525016954e-10, 1.14919566918e-10, 7.45539116553e-11, 4.17499021466e-11, 3.40036228341e-11, 5.43018338628e-11, 7.42624572947e-11, 1.25453869515e-10, 2.25913399099e-10, 1.96954660914e-10, 2.03055086634e-10, 2.35323538433e-10, 1.31199190401e-10, 6.46571546303e-11, 3.64493921157e-11, 2.62283684355e-11],
        "dvar2": [1.43370989463e-05, 2.66907409241e-05, 1.27313714984e-05, 2.81529833046e-06, 1.09385007363e-06, 3.58651135457e-07, 1.93384209979e-07, 2.57626936673e-07, 1.09048846753e-06, 9.25212361835e-07, 4.6789509156e-07, 2.06170795991e-07, 1.75374097466e-07, 1.21514744933e-07, 1.24583863226e-07, 7.93968268908e-08, 2.88430808126e-08, 1.74351573179e-08, 1.28074706396e-08, 7.93300181101e-09, 5.10703657142e-09, 3.83119092007e-09, 1.34552580189e-09, 3.81547016204e-10, 3.27633087327e-10, 2.6549057397e-10, 1.80213191592e-10, 1.0255346572e-10, 7.6318021347e-11, 1.0631820424e-10, 1.37052993954e-10, 2.4589102976e-10, 4.8822640375e-10, 4.09364236953e-10, 4.03136440896e-10, 4.54907334024e-10, 2.62070254387e-10, 1.23100016292e-10, 8.08494729498e-11, 6.32312882609e-11],
        "max": [0.0443775132298, 0.0377248004079, 0.0195248685777, 0.0253516342491, 0.019829550758, 0.0118336137384, 0.0064291167073, 0.00635648006573, 0.0244232602417, 0.0188744775951, 0.0157912876457, 0.0088690649718, 0.00842093396932, 0.00550424074754, 0.00463599804789, 0.00446891086176, 0.00178518635221, 0.00266975094564, 0.00244781584479, 0.00148746627383, 0.00138056930155, 0.00162801763508, 0.000644114858005, 0.000273120094789, 0.000421014789026, 0.000337376171956, 0.000325463828631, 0.000237448839471, 0.000157699396368, 0.000404960272135, 0.000303886918118, 0.000340968224918, 0.000625443353783, 0.000462735915789, 0.000556515704375, 0.000834873819258, 0.00061504758196, 0.000279521103948, 0.000219195280806, 0.000199573667487],
        "mean": [0.00387923233211, 0.00271453964524, 0.000748846447095, 0.00060803478118, 0.000388606451452, 0.000228250093642, 0.00016411737306, 0.000194894775632, 0.000372596114175, 0.000411906279624, 0.000320111284964, 0.000243764268816, 0.000208583674976, 0.000147060316522, 0.000163780685398, 0.000126295606606, 9.97312599793e-05, 7.54352440708e-05, 6.14026721451e-05, 4.3822281441e-05, 3.74654846382e-05, 3.24705433741e-05, 2.27401815209e-05, 1.5700556105e-05, 1.36440130518e-05, 1.28455631057e-05, 9.63691945799e-06, 5.92254127696e-06, 4.8996876103e-06, 4.81882352688e-06, 5.27732481714e-06, 6.05997638559e-06, 5.86639453104e-06, 5.42641510037e-06, 4.63379183202e-06, 3.68445626009e-06, 2.79684127236e-06, 2.26169049711e-06, 1.71866099663e-06, 1.3770776377e-06],
        "median": [0.00113456568215, 0.000748571299482, 0.000180615286808, 0.0001783198677, 0.000136476373882, 8.54451063788e-05, 5.93928161834e-05, 6.05769309914e-05, 0.000132757035317, 0.000154627341544, 0.000119829303003, 9.11750394152e-05, 7.02057441231e-05, 4.53493266832e-05, 5.11246653332e-05, 4.63149262941e-05, 3.98121082981e-05, 3.15529869113e-05, 2.35681764025e-05, 1.66103236552e-05, 1.37672232086e-05, 1.46011207107e-05, 1.3018363461e-05, 1.01635960164e-05, 8.37131301523e-06, 7.68065092416e-06, 5.76188085688e-06, 3.3146475289e-06, 2.39548990066e-06, 2.144723112e-06, 2.24051473197e-06, 2.28214184972e-06, 2.08130904866e-06, 1.72356794792e-06, 1.36679682328e-06, 1.16380238069e-06, 8.16561737338e-07, 5.64093170397e-07, 4.19909724769e-07, 3.4490528833e-07],
        "min": [1.03972387956e-23, 2.30070336375e-24, 2.22404943404e-23, 8.95123545712e-24, 4.49637699771e-24, 1.71626471806e-23, 2.39890818452e-23, 1.9433033042e-23, 2.74180282751e-23, 9.02272597665e-24, 1.95940253533e-23, 2.06965278881e-23, 1.00836042658e-23, 5.58358194184e-24, 5.95997745644e-24, 8.28514497458e-24, 1.46213822615e-23, 1.31492415946e-23, 9.01664780338e-24, 5.90441403858e-24, 7.6255728497e-24, 1.19248647831e-23, 1.74321599312e-23, 1.22410181459e-23, 1.13890176026e-23, 1.11969694153e-23, 7.29450528271e-24, 1.05487908084e-23, 1.28839066515e-23, 9.43950328099e-24, 8.58998054988e-24, 1.19755514629e-23, 1.22591311811e-23, 8.2702631136e-24, 9.95435966167e-24, 1.03697832807e-23, 1.13197777033e-23, 8.24820814041e-24, 8.56925875162e-24, 1.04005622666e-23],
        "var": [3.60249432561e-05, 2.65151866188e-05, 3.63942899639e-06, 1.79346955065e-06, 7.6585035913e-07, 2.42068466605e-07, 1.1426723745e-07, 1.65392847862e-07, 5.56991778922e-07, 6.38152755528e-07, 4.41351488689e-07, 1.58174387366e-07, 1.35955730229e-07, 9.19039990777e-08, 9.55310781592e-08, 5.72353293649e-08, 2.37242279155e-08, 1.37452556004e-08, 1.12498792504e-08, 7.76743913633e-09, 6.19580697858e-09, 3.90166343678e-09, 1.01140074094e-09, 3.32532751335e-10, 3.29226729212e-10, 2.81562217985e-10, 1.5116277674e-10, 7.9756333482e-11, 7.22334136949e-11, 1.2461283394e-10, 1.83722800862e-10, 2.75676065309e-10, 3.35650840455e-10, 3.14711257055e-10, 3.25426630088e-10, 3.22151333387e-10, 1.78626599623e-10, 1.05596850708e-10, 6.22488519064e-11, 4.17684012377e-11]
    },
    "mfcc": {
        "mean": [-616.363220215, 104.736747742, -15.3778009415, 2.85197234154, -3.0613079071, 8.3955488205, 1.69997942448, 11.9602441788, 1.87308180332, 6.18873023987, 3.30985045433, -1.97598719597, -3.06348228455],
        "cov": [[3314.97973633, 6.75128984451, 937.643188477, 748.992797852, 617.7265625, 391.817504883, 114.240379333, 42.5451393127, -2.13856768608, 39.7412376404, 34.1493263245, 121.331993103, 258.950378418], [6.75128984451, 748.821533203, 63.0325698853, 128.866424561, 125.922996521, 56.13048172, 102.498466492, 67.7777709961, 34.4065551758, 60.7129592896, 55.5079269409, 49.9744758606, 39.5366210938], [937.643188477, 63.0325698853, 1367.30371094, 739.21862793, 568.570800781, 353.276275635, 117.054924011, -12.9806861877, 73.6450576782, 5.63843250275, 0.50973045826, 135.314956665, 181.849578857], [748.992797852, 128.866424561, 739.21862793, 709.294921875, 489.2081604, 219.621887207, 51.9478225708, 4.12225961685, 75.4728393555, 19.0089969635, -0.0516960322857, 94.5300216675, 165.357131958], [617.7265625, 125.922996521, 568.570800781, 489.2081604, 535.177612305, 231.126251221, 64.0833053589, 13.4443693161, 62.2547988892, 36.5601768494, 13.0175743103, 77.560218811, 140.048431396], [391.817504883, 56.13048172, 353.276275635, 219.621887207, 231.126251221, 332.135925293, 196.723114014, 48.1974182129, 28.4087352753, 22.6151695251, 44.1690864563, 58.4273223877, 72.0942230225], [114.240379333, 102.498466492, 117.054924011, 51.9478225708, 64.0833053589, 196.723114014, 288.063720703, 82.5937194824, 24.5833148956, 30.9472885132, 56.7247581482, 45.3218383789, 36.0436019897], [42.5451393127, 67.7777709961, -12.9806861877, 4.12225961685, 13.4443693161, 48.1974182129, 82.5937194824, 133.556182861, 46.426109314, 39.6992225647, 37.3179130554, 15.1335029602, 14.4293870926], [-2.13856768608, 34.4065551758, 73.6450576782, 75.4728393555, 62.2547988892, 28.4087352753, 24.5833148956, 46.426109314, 143.075012207, 71.11277771, 21.127872467, 29.4482192993, 22.8923568726], [39.7412376404, 60.7129592896, 5.63843250275, 19.0089969635, 36.5601768494, 22.6151695251, 30.9472885132, 39.6992225647, 71.11277771, 127.241340637, 53.1147537231, 28.9475727081, 22.7846450806], [34.1493263245, 55.5079269409, 0.50973045826, -0.0516960322857, 13.0175743103, 44.1690864563, 56.7247581482, 37.3179130554, 21.127872467, 53.1147537231, 100.925575256, 38.2575721741, 15.3751020432], [121.331993103, 49.9744758606, 135.314956665, 94.5300216675, 77.560218811, 58.4273223877, 45.3218383789, 15.1335029602, 29.4482192993, 28.9475727081, 38.2575721741, 94.6435241699, 57.0513916016], [258.950378418, 39.5366210938, 181.849578857, 165.357131958, 140.048431396, 72.0942230225, 36.0436019897, 14.4293870926, 22.8923568726, 22.7846450806, 15.3751020432, 57.0513916016, 119.392036438]],
