{
"lowlevel": {
    "average_loudness": 0.962646126747,
    "barkbands_crest": {
        "dmean": 2.84508156776,
        "dmean2": 4.6409034729,
        "dvar": 7.29671812057,
        "dvar2": 17.9440345764,
        "max": 26.0089626312,
        "mean": 9.55989837646,
        "median": 8.67766094208,
        "min": 2.48778891563,
        "var": 17.4440097809
    },
    "barkbands_flatness_db": {
        "dmean": 0.0202700383961,
        "dmean2": 0.0329657196999,
        "dvar": 0.000373131450033,
        "dvar2": 0.000954344635829,
        "max": 0.452984154224,
        "mean": 0.133449018002,
        "median": 0.124271176755,
        "min": 0.023827528581,
        "var": 0.00215345155448
    },
    "barkbands_kurtosis": {
        "dmean": 1.96986579895,
        "dmean2": 3.26527714729,
        "dvar": 16.9405612946,
        "dvar2": 44.0702362061,
        "max": 145.125411987,
        "mean": 1.91658997536,
        "median": 0.0340065956116,
        "min": -1.92742788792,
        "var": 48.4673995972
    },
    "barkbands_skewness": {
        "dmean": 0.528197050095,
        "dmean2": 0.841965675354,
        "dvar": 0.323445886374,
        "dvar2": 0.77560955286,
        "max": 9.88328266144,
        "mean": 1.09243881702,
        "median": 0.925931155682,
        "min": -5.48603057861,
        "var": 1.08317434788
    },
    "barkbands_spread": {
        "dmean": 6.18977165222,
        "dmean2": 9.89499568939,
        "dvar": 47.4839744568,
        "dvar2": 106.94908905,
        "max": 115.333007812,
        "mean": 28.8850860596,
        "median": 28.6315040588,
        "min": 0.243406802416,
        "var": 205.569869995
    },
    "dissonance": {
        "dmean": 0.0136168077588,
        "dmean2": 0.0230563636869,
        "dvar": 0.000232377438806,
        "dvar2": 0.000626819673926,
        "max": 0.499999970198,
        "mean": 0.474618017673,
        "median": 0.482171356678,
        "min": 0.236276045442,
        "var": 0.000739581242669
    },
    "dynamic_complexity": 2.41889214516,
    "erbbands_crest": {
        "dmean": 2.53599667549,
        "dmean2": 4.11437892914,
        "dvar": 5.47460412979,
        "dvar2": 13.630194664,
        "max": 31.1701316833,
        "mean": 9.32158756256,
        "median": 8.00250053406,
        "min": 2.2820212841,
        "var": 22.8300495148
    },
    "erbbands_flatness_db": {
        "dmean": 0.0165678020567,
        "dmean2": 0.0242372229695,
        "dvar": 0.00026446065749,
        "dvar2": 0.000501628557686,
        "max": 0.473422795534,
        "mean": 0.167585507035,
        "median": 0.160586059093,
        "min": 0.0550006590784,
        "var": 0.00300567341037
    },
    "erbbands_kurtosis": {
        "dmean": 0.85813575983,
        "dmean2": 1.35418403149,
        "dvar": 2.09181141853,
        "dvar2": 4.05750608444,
        "max": 81.4635009766,
        "mean": 0.707493722439,
        "median": -0.23657476902,
        "min": -1.79348945618,
        "var": 17.0103378296
    },
    "erbbands_skewness": {
        "dmean": 0.336332321167,
        "dmean2": 0.528437018394,
        "dvar": 0.0919946953654,
        "dvar2": 0.210380315781,
        "max": 6.53986549377,
        "mean": -0.140461370349,
        "median": -0.243866696954,
        "min": -3.14317131042,
        "var": 0.854934036732
    },
    "erbbands_spread": {
        "dmean": 7.14620018005,
        "dmean2": 11.1872529984,
        "dvar": 61.1651382446,
        "dvar2": 134.674240112,
        "max": 119.194694519,
        "mean": 35.6838607788,
        "median": 32.3697738647,
        "min": 0.519012629986,
        "var": 304.328125
    },
    "hfc": {
        "dmean": 5.85130119324,
        "dmean2": 9.0097990036,
        "dvar": 57.9374008179,
        "dvar2": 132.979675293,
        "max": 132.913528442,
        "mean": 23.6003799438,
        "median": 21.6489257812,
        "min": 1.17833770847e-16,
        "var": 236.727233887
    },
    "melbands_crest": {
        "dmean": 3.6127641201,
        "dmean2": 5.91023111343,
        "dvar": 10.8939609528,
        "dvar2": 25.7060031891,
        "max": 33.5975379944,
        "mean": 14.105717659,
        "median": 13.2462234497,
        "min": 2.53510475159,
        "var": 26.8080406189
    },
    "melbands_flatness_db": {
        "dmean": 0.026050966233,
        "dmean2": 0.0416005142033,
        "dvar": 0.000645553751383,
        "dvar2": 0.001555462135,
        "max": 0.57779532671,
        "mean": 0.178381070495,
        "median": 0.16819961369,
        "min": 0.0068140598014,
        "var": 0.00299339648336
    },
    "melbands_kurtosis": {
        "dmean": 5.77192258835,
        "dmean2": 9.44606781006,
        "dvar": 117.750144958,
        "dvar2": 294.786651611,
        "max": 296.496337891,
        "mean": 8.74115657806,
        "median": 4.24807739258,
        "min": -1.7851266861,
        "var": 188.956665039
    },
    "melbands_skewness": {
        "dmean": 0.759163200855,
        "dmean2": 1.20212054253,
        "dvar": 0.708370745182,
        "dvar2": 1.60713267326,
        "max": 13.7558469772,
        "mean": 2.27642560005,
        "median": 1.96896791458,
        "min": -2.85844492912,
        "var": 2.1636428833
    },
    "melbands_spread": {
        "dmean": 8.94018650055,
        "dmean2": 14.275226593,
        "dvar": 98.0325469971,
        "dvar2": 217.831237793,
        "max": 197.416305542,
        "mean": 31.705827713,
        "median": 28.6393890381,
        "min": 0.688320279121,
        "var": 389.281799316
    },
    "pitch_salience": {
        "dmean": 0.0774194821715,
        "dmean2": 0.127611324191,
        "dvar": 0.00492770550773,
        "dvar2": 0.0122320931405,
        "max": 0.8769723773,
        "mean": 0.542789876461,
        "median": 0.551352143288,
        "min": 0.136995360255,
        "var": 0.013024346903
    },
    "silence_rate_20dB": {
        "dmean": 0,
        "dmean2": 0,
        "dvar": 0,
        "dvar2": 0,
        "max": 1,
        "mean": 1,
        "median": 1,
        "min": 1,
        "var": 0
    },
    "silence_rate_30dB": {
        "dmean": 0.0013948623091,
        "dmean2": 0.00279004871845,
        "dvar": 0.00139288767241,
        "dvar2": 0.00417717173696,
        "max": 1,
        "mean": 0.999302625656,
        "median": 1,
        "min": 0,
        "var": 0.000696856528521
    },
    "silence_rate_60dB": {
        "dmean": 0.00557944923639,
        "dmean2": 0.0111601948738,
        "dvar": 0.00554777681828,
        "dvar2": 0.012428920716,
        "max": 1,
        "mean": 0.0726406350732,
        "median": 0,
        "min": 0,
        "var": 0.0673503503203
    },
    "spectral_centroid": {
        "dmean": 243.294631958,
        "dmean2": 393.106811523,
        "dvar": 69073.171875,
        "dvar2": 149697.015625,
        "max": 11010.8574219,
        "mean": 1757.84985352,
        "median": 1770.98010254,
        "min": 286.404815674,
        "var": 342575.78125
    },
    "spectral_complexity": {
        "dmean": 3.85772395134,
        "dmean2": 6.25575447083,
        "dvar": 15.4975376129,
        "dvar2": 38.3142738342,
        "max": 56,
        "mean": 25.4029521942,
        "median": 28,
        "min": 0,
        "var": 131.597412109
    },
    "spectral_decrease": {
        "dmean": 2.36835284717e-09,
        "dmean2": 3.77227138415e-09,
        "dvar": 1.13704048478e-17,
        "dvar2": 2.63204519944e-17,
        "max": 3.0764242199e-29,
        "mean": -6.43581854476e-09,
        "median": -5.84240567036e-09,
        "min": -3.63615377807e-08,
        "var": 1.8978646686e-17
    },
    "spectral_energy": {
        "dmean": 0.00924088060856,
        "dmean2": 0.0146691687405,
        "dvar": 0.000168292026501,
        "dvar2": 0.000388006097637,
        "max": 0.138904586434,
        "mean": 0.0264308713377,
        "median": 0.0244201924652,
        "min": 1.0571745468e-20,
        "var": 0.000294873520033
    },
    "spectral_energyband_high": {
        "dmean": 0.000336565339239,
        "dmean2": 0.000503666815348,
        "dvar": 3.97880256742e-07,
        "dvar2": 8.08085019344e-07,
        "max": 0.0127566214651,
        "mean": 0.00088245770894,
        "median": 0.000535757455509,
        "min": 7.79211730284e-21,
        "var": 1.22985807138e-06
    },
    "spectral_energyband_low": {
        "dmean": 0.0057196081616,
        "dmean2": 0.00911761913449,
        "dvar": 0.000113503498142,
        "dvar2": 0.00024875102099,
        "max": 0.12772347033,
        "mean": 0.00956784375012,
        "median": 0.00669194804505,
        "min": 5.33123811781e-23,
        "var": 0.000153893241077
    },
    "spectral_energyband_middle_high": {
        "dmean": 0.00168567430228,
        "dmean2": 0.00266212970018,
        "dvar": 4.17877708969e-06,
        "dvar2": 1.00471297628e-05,
        "max": 0.0435568206012,
        "mean": 0.0063229193911,
        "median": 0.00562934391201,
        "min": 1.49136009533e-21,
        "var": 2.10850575968e-05
    },
    "spectral_energyband_middle_low": {
        "dmean": 0.0050224470906,
        "dmean2": 0.00839404854923,
        "dvar": 7.86841555964e-05,
        "dvar2": 0.000206729149795,
        "max": 0.102217428386,
        "mean": 0.0108011728153,
        "median": 0.00790160242468,
        "min": 2.57546096646e-22,
        "var": 0.000118651943922
    },
    "spectral_entropy": {
        "dmean": 0.119529493153,
        "dmean2": 0.184351846576,
        "dvar": 0.018287518993,
        "dvar2": 0.037700843066,
        "max": 9.80248641968,
        "mean": 7.68669891357,
        "median": 7.72868824005,
        "min": 4.57337474823,
        "var": 0.155042648315
    },
    "spectral_flux": {
        "dmean": 0.0257646422833,
        "dmean2": 0.0402378924191,
        "dvar": 0.000947137945332,
        "dvar2": 0.00201197480783,
        "max": 0.320988476276,
        "mean": 0.0888936370611,
        "median": 0.0826363041997,
        "min": 1.02818996373e-10,
        "var": 0.00216116872616
    },
    "spectral_kurtosis": {
        "dmean": 1.4733093977,
        "dmean2": 2.48865890503,
        "dvar": 4.97570753098,
        "dvar2": 13.1888437271,
        "max": 108.055107117,
        "mean": 4.79829120636,
        "median": 4.31509542465,
        "min": -1.22994673252,
        "var": 15.463924408
    },
    "spectral_rms": {
        "dmean": 0.000801271409728,
        "dmean2": 0.00124927493744,
        "dvar": 8.66676828082e-07,
        "dvar2": 1.91605022337e-06,
        "max": 0.011641163379,
        "mean": 0.00477563450113,
        "median": 0.00488104298711,
        "min": 3.2115258803e-12,
        "var": 2.97956626127e-06
    },
    "spectral_rolloff": {
        "dmean": 579.362609863,
        "dmean2": 974.138793945,
        "dvar": 886082.375,
        "dvar2": 1833277.5,
        "max": 18690.8203125,
        "mean": 1975.69226074,
        "median": 2002.58789062,
        "min": 64.599609375,
        "var": 1971173.5
    },
    "spectral_skewness": {
        "dmean": 0.189603716135,
        "dmean2": 0.312448859215,
        "dvar": 0.0416063703597,
        "dvar2": 0.106524154544,
        "max": 8.29635334015,
        "mean": 1.44091582298,
        "median": 1.36160254478,
        "min": 0.00987343210727,
        "var": 0.23888272047
    },
    "spectral_spread": {
        "dmean": 508092.375,
        "dmean2": 733075.5625,
        "dvar": 630862577664,
        "dvar2": 1.06194291917e+12,
        "max": 41082880,
        "mean": 4119579.5,
        "median": 3678879.5,
        "min": 758180,
        "var": 2.62762083123e+12
    },
    "spectral_strongpeak": {
        "dmean": 0.613253891468,
        "dmean2": 1.05946433544,
        "dvar": 1.48797547817,
        "dvar2": 3.86112737656,
        "max": 16.5803585052,
        "mean": 0.971816003323,
        "median": 0.414147794247,
        "min": 0,
        "var": 2.20906114578
    },
    "zerocrossingrate": {
        "dmean": 0.00976738426834,
        "dmean2": 0.0122117996216,
        "dvar": 0.000166844198247,
        "dvar2": 0.000195696440642,
        "max": 0.533203125,
        "mean": 0.0686163976789,
        "median": 0.06396484375,
        "min": 0.00634765625,
        "var": 0.00105884310324
    },
    "barkbands": {
        "dmean": [0.000154690467753, 0.00415750872344, 0.0025142619852, 0.00224266340956, 0.00204195617698, 0.000473590363981, 0.000406604493037, 0.000476843648357, 0.00120259355754, 0.000450406019809, 0.000437576003605, 0.000215937063331, 0.000159199989866, 0.00022923265351, 0.000261042296188, 0.000484469113871, 0.000478078436572, 0.000345957523677, 0.000283195578959, 0.000151277999976, 0.000106131476059, 5.56448139832e-05, 4.83620424347e-05, 5.07419099449e-05, 7.11250322638e-05, 3.48064531863e-05, 2.42620103563e-07],
        "dmean2": [0.00024435375235, 0.0067847291939, 0.00451261363924, 0.00391274923459, 0.0034730322659, 0.00079338910291, 0.000664412684273, 0.000770186947193, 0.00190185604151, 0.000723773147911, 0.000693557667546, 0.000343720341334, 0.000257970357779, 0.000377839489374, 0.00042613313417, 0.000790095189586, 0.000780886912253, 0.000561344902962, 0.000455004832475, 0.000254744169069, 0.000174786197022, 8.58778439579e-05, 7.54512075218e-05, 7.38504386391e-05, 0.000105022685602, 5.50542172277e-05, 4.52901190329e-07],
        "dvar": [2.16245524598e-07, 8.43827001518e-05, 3.54083167622e-05, 2.18162240344e-05, 2.16018070205e-05, 1.34048912059e-06, 1.26951158563e-06, 1.55541385993e-06, 4.69371207146e-06, 1.2012804973e-06, 7.10441838692e-07, 1.36174023169e-07, 1.31714614326e-07, 1.95380806645e-07, 1.91961717633e-07, 6.06913772572e-07, 7.66040614053e-07, 3.45985398553e-07, 3.54307161388e-07, 8.88888820327e-08, 2.5826949468e-08, 1.14304175014e-08, 1.21402790043e-08, 2.36450254931e-08, 6.67447608294e-08, 1.73572836104e-08, 7.1071412644e-12],
        "dvar2": [6.32352737284e-07, 0.000204587617191, 0.000101900543086, 5.92239412072e-05, 5.86366695643e-05, 3.66542053598e-06, 3.1424581266e-06, 3.64598076885e-06, 1.12901243483e-05, 2.91785886475e-06, 1.76436356014e-06, 3.25380369759e-07, 3.10932392722e-07, 5.09460335252e-07, 4.88895864237e-07, 1.5354074776e-06, 1.80843187536e-06, 8.49669220315e-07, 8.60312184159e-07, 2.42581108978e-07, 6.70298092587e-08, 2.57180410301e-08, 2.63670152378e-08, 4.34252562798e-08, 1.4345059185e-07, 4.54580764142e-08, 2.14221036743e-11],
        "max": [0.0219866111875, 0.120825618505, 0.0544630661607, 0.0586737059057, 0.0537853576243, 0.0218497086316, 0.0259696599096, 0.0331940501928, 0.0328910164535, 0.0245583206415, 0.0332518965006, 0.0110067715868, 0.00887935701758, 0.0136443581432, 0.00883229263127, 0.0181038714945, 0.0274742990732, 0.0102024562657, 0.0200238190591, 0.0152816614136, 0.00324034923688, 0.00158535258379, 0.00267339427955, 0.00518279708922, 0.00837523210794, 0.00370183819905, 9.43745253608e-05],
        "mean": [0.000176902161911, 0.00580889172852, 0.002640173072, 0.00297250342555, 0.00295689818449, 0.000666431849822, 0.000613199779764, 0.000762772047892, 0.00231422740035, 0.000829806376714, 0.000724115117919, 0.00038601475535, 0.000227725642617, 0.00037870882079, 0.000488104124088, 0.00100157759152, 0.000996870803647, 0.000725399760995, 0.000696426955983, 0.000358746590791, 0.000251736171776, 0.000117461648188, 9.08251313376e-05, 9.48756423895e-05, 0.000110207067337, 4.01559409511e-05, 1.52288862409e-07],
        "median": [5.47603485757e-05, 0.00360983656719, 0.0012532772962, 0.000951927795541, 0.00137097376864, 0.000288111215923, 0.000255497317994, 0.000310869305395, 0.00103033450432, 0.000301095336908, 0.00035661587026, 0.000224039307795, 7.91144339019e-05, 0.000216896791244, 0.000312517513521, 0.000644045998342, 0.000628410722129, 0.000470450002467, 0.000426596379839, 0.000241585468757, 0.000172553875018, 5.71610216866e-05, 3.62178179785e-05, 2.93021730613e-05, 2.24946379603e-05, 7.18291767043e-06, 1.68526603783e-09],
        "min": [7.44425948152e-24, 1.04100191312e-23, 2.8189950759e-23, 2.88625020123e-23, 7.0416804113e-23, 2.70410411148e-23, 1.73898785644e-23, 4.54558692984e-23, 6.34831332747e-23, 1.52265061023e-22, 1.22576653198e-22, 3.89447691589e-23, 1.31439196234e-22, 8.53485652754e-23, 1.3406582537e-22, 9.26799166733e-23, 8.52826354364e-23, 2.70509037694e-22, 2.70774448368e-22, 3.20338187768e-22, 4.68045993031e-22, 5.96972926028e-22, 6.04326977688e-22, 7.42765982859e-22, 1.0833046896e-21, 2.11077044693e-21, 2.15661596303e-21],
        "var": [2.06169502803e-07, 8.78209320945e-05, 2.5398323487e-05, 2.96067064482e-05, 2.37352069234e-05, 1.50233256591e-06, 2.16111470763e-06, 2.98264876619e-06, 1.23331592476e-05, 3.52982760887e-06, 1.55597570028e-06, 3.40764245266e-07, 2.36250556895e-07, 3.44715402889e-07, 3.5575536117e-07, 1.5440966763e-06, 2.16479043047e-06, 7.38800679301e-07, 1.54981250944e-06, 3.08015785322e-07, 7.5150957457e-08, 2.7640355782e-08, 2.58364138972e-08, 6.33359107383e-08, 1.31962409e-07, 1.66239253474e-08, 4.07758679252e-12]
    },
    "erbbands": {
        "dmean": [0.113777309656, 1.00595867634, 2.60836601257, 4.85215473175, 9.50753211975, 5.96502494812, 3.67377686501, 4.27583551407, 3.61485362053, 9.19431209564, 11.5715293884, 24.2397556305, 25.9392108917, 9.00189399719, 16.2811489105, 7.40096521378, 6.67571020126, 10.3947000504, 10.5124082565, 15.9460449219, 31.3491230011, 21.7329673767, 17.8162059784, 16.7860107422, 10.3466005325, 6.69177389145, 5.4892950058, 3.1387796402, 2.08466649055, 1.77989828587, 1.31808638573, 1.00509989262, 0.967859148979, 0.975173413754, 0.384182363749, 0.176148667932, 0.0650076046586, 0.00504040392116, 0.000113188987598, 1.4146000467e-05],
        "dmean2": [0.184345945716, 1.65748775005, 4.61083269119, 8.60787677765, 16.2325229645, 10.3218603134, 6.16668844223, 7.20723819733, 6.05540561676, 14.9502944946, 18.5290794373, 38.4139938354, 40.7444534302, 14.3430356979, 25.8878898621, 11.7680368423, 10.7078847885, 17.0050373077, 17.2833633423, 25.887046814, 51.1041183472, 35.2769088745, 28.5554561615, 27.2468280792, 16.8515224457, 11.3381252289, 9.11998271942, 5.10225343704, 3.26928877831, 2.81487798691, 2.03130292892, 1.50554764271, 1.39039731026, 1.4395468235, 0.588175296783, 0.279406756163, 0.103424787521, 0.00819651037455, 0.000184930424439, 2.19817484322e-05],
        "dvar": [0.0647860765457, 4.9741435051, 37.5738792419, 77.8743209839, 576.686279297, 151.671508789, 55.4575119019, 125.83883667, 140.709869385, 549.753540039, 850.66619873, 2303.44946289, 2712.89379883, 377.222747803, 889.06628418, 156.484237671, 225.749267578, 421.053985596, 345.373199463, 731.668640137, 2499.37475586, 1356.0748291, 870.089416504, 1272.23181152, 533.211120605, 301.656738281, 66.3854141235, 26.6102676392, 14.5328454971, 15.7766771317, 9.51972579956, 7.06538581848, 10.9765758514, 15.0671377182, 1.90203714371, 0.491653174162, 0.0528809763491, 0.000422645010985, 3.37035373832e-07, 6.44174047437e-10],
        "dvar2": [0.152473703027, 12.5177927017, 105.357505798, 220.070602417, 1519.00939941, 423.52255249, 149.416000366, 341.492858887, 370.899383545, 1325.72290039, 1947.03820801, 5440.88232422, 6658.95166016, 899.417480469, 2239.66186523, 371.257965088, 534.738647461, 1073.89526367, 902.268676758, 1820.4888916, 6143.48974609, 3054.44799805, 2093.578125, 3146.0234375, 1453.46655273, 819.88848877, 171.662979126, 67.4384613037, 33.4449195862, 36.3116188049, 20.3961410522, 14.4089002609, 19.3802890778, 31.4529647827, 4.56384754181, 1.31190109253, 0.13479706645, 0.00112716620788, 9.70471091932e-07, 1.54615642511e-09],
        "max": [3.096783638, 27.5887813568, 59.3441848755, 80.8984375, 300.61315918, 166.215393066, 165.282272339, 222.299865723, 437.112854004, 599.063354492, 843.731262207, 1027.5916748, 999.405822754, 904.089599609, 765.92767334, 334.425170898, 436.768127441, 541.926879883, 490.071044922, 570.969970703, 1138.9420166, 1439.87060547, 580.058410645, 1253.03491211, 1173.30029297, 1031.96508789, 205.671127319, 110.239326477, 62.1861534119, 74.3026504517, 79.509223938, 64.5624847412, 128.087585449, 142.978347778, 34.6141662598, 20.6091957092, 5.36450767517, 0.49048101902, 0.0209918189794, 0.000600958766881],
        "mean": [0.154953375459, 1.33481991291, 3.04461121559, 6.14142990112, 12.9558382034, 8.61171722412, 5.41993379593, 5.89972686768, 5.1559305191, 15.4918766022, 20.8185939789, 46.1510887146, 50.2486877441, 18.6648902893, 29.3288383484, 14.434923172, 10.6787672043, 17.9745121002, 20.2821216583, 33.8531913757, 69.0694656372, 50.4835891724, 40.4216499329, 42.4829559326, 25.6848106384, 15.9925947189, 14.1060743332, 6.9766998291, 4.45071983337, 3.28454709053, 2.48491597176, 1.89347553253, 1.74591636658, 1.54210519791, 0.56377440691, 0.216706365347, 0.0726786926389, 0.0049838507548, 0.000126500206534, 3.86709980376e-05],
        "median": [0.0867101401091, 0.796218276024, 1.69758677483, 2.93279790878, 3.82576417923, 4.11261177063, 2.91316151619, 2.37155675888, 2.55169725418, 7.42130088806, 9.15418052673, 20.8196296692, 21.311662674, 11.6224184036, 15.986700058, 8.8785610199, 4.49381732941, 9.62866592407, 14.5069513321, 22.639289856, 45.6510543823, 35.3270683289, 26.4177570343, 26.0238342285, 18.2737197876, 10.9519081116, 10.0063858032, 4.33367109299, 2.32499933243, 1.36411571503, 0.96846807003, 0.650171518326, 0.454475462437, 0.290698111057, 0.131983846426, 0.0480511970818, 0.0112673025578, 0.000372942187823, 2.75093334494e-05, 3.2883061067e-05],
        "min": [2.13327905932e-22, 3.04721281346e-21, 2.63560406519e-20, 6.75186045749e-20, 1.12504150104e-19, 3.98753400274e-19, 1.0768588766e-19, 2.74052278167e-19, 2.89706025024e-19, 5.02870753223e-19, 1.03756004268e-18, 1.32305491706e-18, 1.90226994303e-18, 6.15897880515e-18, 5.75497593576e-18, 1.77987099381e-18, 5.85801823826e-18, 4.58981635595e-18, 7.23913068776e-18, 5.05245971332e-18, 5.55607580798e-18, 6.44420639679e-18, 1.35778661798e-17, 1.16567582323e-17, 1.62442506243e-17, 1.42614374846e-17, 1.79969421175e-17, 2.10064137832e-17, 2.42913911867e-17, 1.28351580786e-17, 2.05758000999e-17, 1.65925482561e-17, 1.17535656609e-17, 9.38774556376e-18, 9.45217383449e-18, 5.81184915237e-18, 4.13155002479e-18, 1.68328483599e-18, 2.90971533813e-19, 3.21324706671e-20],
        "var": [0.0668038129807, 4.92926073074, 28.40209198, 81.437789917, 720.256958008, 183.561691284, 68.7660446167, 135.912521362, 135.377349854, 1111.98669434, 1876.31433105, 5690.04248047, 7784.01953125, 1133.31408691, 2199.33740234, 395.488067627, 427.3253479, 915.189147949, 537.610046387, 1645.80358887, 7043.47509766, 4211.56054688, 2098.92944336, 6217.75341797, 1184.22973633, 943.823730469, 253.594116211, 64.045211792, 35.4314155579, 30.0356674194, 20.4458522797, 16.5277042389, 29.6916408539, 31.8514938354, 2.69637203217, 0.449450880289, 0.0549159757793, 0.00037285045255, 2.4337771265e-07, 9.92163684543e-10]
    },
    "gfcc": {
        "mean": [3.80563211441, 85.4235229492, -136.335128784, 40.7666473389, -53.8130302429, 14.3175954819, -36.1971588135, 24.3191013336, -25.8433513641, -4.61508369446, -25.660900116, -5.02212619781, -7.05368185043],
        "cov": [[6352.85449219, 71.6809616089, 976.087280273, 1412.85461426, 738.042663574, 238.520202637, 34.7360839844, 341.137359619, 38.0774307251, 193.507492065, -174.328292847, 213.920761108, -32.6258583069], [71.6809616089, 979.527038574, -1.6024633646, 197.04826355, 239.557189941, -101.178077698, 124.489265442, 27.4626064301, 134.171875, -27.2421779633, 100.782028198, -80.4148330688, 99.7934036255], [976.087280273, -1.6024633646, 1115.6472168, 321.959960938, 160.085617065, 163.319900513, -116.405563354, 49.9445953369, 11.6832799911, 173.710327148, -48.1967430115, 118.224227905, -72.2173309326], [1412.85461426, 197.04826355, 321.959960938, 684.312133789, 331.143280029, 53.5453987122, 35.3456001282, 77.3041152954, 46.0576896667, 51.1926040649, -21.4866771698, 37.8572921753, 56.2393531799], [738.042663574, 239.557189941, 160.085617065, 331.143280029, 389.938537598, 75.7247543335, 85.8472824097, 96.5504455566, 56.1543731689, 71.7646713257, 20.7309970856, 38.7779426575, 44.9436531067], [238.520202637, -101.178077698, 163.319900513, 53.5453987122, 75.7247543335, 207.909713745, 47.7340240479, 42.6151924133, 12.403632164, 41.0906677246, 19.4848937988, 27.2612609863, -23.1133460999], [34.7360839844, 124.489265442, -116.405563354, 35.3456001282, 85.8472824097, 47.7340240479, 216.829742432, 90.069190979, 40.6785697937, 5.56963920593, 23.4320468903, -6.21433067322, 28.175453186], [341.137359619, 27.4626064301, 49.9445953369, 77.3041152954, 96.5504455566, 42.6151924133, 90.069190979, 159.470245361, 73.2689208984, 43.0733795166, 9.75913143158, 19.560382843, 23.4393539429], [38.0774307251, 134.171875, 11.6832799911, 46.0576896667, 56.1543731689, 12.403632164, 40.6785697937, 73.2689208984, 140.920043945, 46.4584388733, 22.3630218506, -16.084859848, 21.9786071777], [193.507492065, -27.2421779633, 173.710327148, 51.1926040649, 71.7646713257, 41.0906677246, 5.56963920593, 43.0733795166, 46.4584388733, 126.461448669, 25.9969806671, 40.7523422241, -13.9302129745], [-174.328292847, 100.782028198, -48.1967430115, -21.4866771698, 20.7309970856, 19.4848937988, 23.4320468903, 9.75913143158, 22.3630218506, 25.9969806671, 121.715293884, 19.322479248, 6.93514251709], [213.920761108, -80.4148330688, 118.224227905, 37.8572921753, 38.7779426575, 27.2612609863, -6.21433067322, 19.560382843, -16.084859848, 40.7523422241, 19.322479248, 105.906074524, 12.6380720139], [-32.6258583069, 99.7934036255, -72.2173309326, 56.2393531799, 44.9436531067, -23.1133460999, 28.175453186, 23.4393539429, 21.9786071777, -13.9302129745, 6.93514251709, 12.6380720139, 101.310531616]],
        "icov": [[0.000441386859166, -0.000328333990183, 0.000265565671725, -0.00091110781068, 0.000178268877789, -0.00043254083721, 0.000530101766344, -0.00106675317511, 0.000557885505259, -0.00036491904757, 0.000933943490963, -0.000897129240911, 0.000959025521297], [-0.000328333990183, 0.00364668597467, -0.00183401524555, 0.00112856901251, -0.00264556682669, 0.00341015425511, -0.00276412745006, 0.00312913767993, -0.00326644466259, 0.00341272144578, -0.00440295645967, 0.0037336719688, -0.00262171565555], [0.000265565671725, -0.00183401524555, 0.00283601065166, -0.00153048697393, 0.00145861518104, -0.00278805755079, 0.00267496006563, -0.00213199248537, 0.00179498526268, -0.00345707591623, 0.00336666824296, -0.00312602263875, 0.00252418615855], [-0.00091110781068, 0.00112856901251, -0.00153048697393, 0.00489041302353, -0.00304210721515, 0.00163434620481, -0.00136895047035, 0.00258534844033, -0.00174394634087, 0.00202570133843, -0.0019943783991, 0.00249725067988, -0.00322396308184], [0.000178268877789, -0.00264556682669, 0.00145861518104, -0.00304210721515, 0.00748614734039, -0.003281514626, 0.000966831750702, -0.00304826698266, 0.00252658757381, -0.00431038578972, 0.00263868737966, -0.00271805515513, 0.000776152708568], [-0.00043254083721, 0.00341015425511, -0.00278805755079, 0.00163434620481, -0.003281514626, 0.00982086546719, -0.00439795525745, 0.00275183841586, -0.00295066903345, 0.00352914119139, -0.00530459592119, 0.00318163516931, -0.00101867492776], [0.000530101766344, -0.00276412745006, 0.00267496006563, -0.00136895047035, 0.000966831750702, -0.00439795525745, 0.00999160390347, -0.00681816693395, 0.00313379778527, -0.00259973551147, 0.00327641400509, -0.00239852070808, 0.00196419889107], [-0.00106675317511, 0.00312913767993, -0.00213199248537, 0.00258534844033, -0.00304826698266, 0.00275183841586, -0.00681816693395, 0.0160426273942, -0.00816032942384, 0.0024953125976, -0.00351292802952, 0.00196269201115, -0.00410702312365], [0.000557885505259, -0.00326644466259, 0.00179498526268, -0.00174394634087, 0.00252658757381, -0.00295066903345, 0.00313379778527, -0.00816032942384, 0.0153431352228, -0.00774827599525, 0.00261280941777, 0.00135818880517, 0.000124965983559], [-0.00036491904757, 0.00341272144578, -0.00345707591623, 0.00202570133843, -0.00431038578972, 0.00352914119139, -0.00259973551147, 0.0024953125976, -0.00774827599525, 0.0180419422686, -0.00626473454759, -0.000510026235133, 0.000449253682746], [0.000933943490963, -0.00440295645967, 0.00336666824296, -0.0019943783991, 0.00263868737966, -0.00530459592119, 0.00327641400509, -0.00351292802952, 0.00261280941777, -0.00626473454759, 0.016069913283, -0.00764731643721, 0.00409121671692], [-0.000897129240911, 0.0037336719688, -0.00312602263875, 0.00249725067988, -0.00271805515513, 0.00318163516931, -0.00239852070808, 0.00196269201115, 0.00135818880517, -0.000510026235133, -0.00764731643721, 0.0190708972514, -0.00765694817528], [0.000959025521297, -0.00262171565555, 0.00252418615855, -0.00322396308184, 0.000776152708568, -0.00101867492776, 0.00196419889107, -0.00410702312365, 0.000124965983559, 0.000449253682746, 0.00409121671692, -0.00765694817528, 0.0168879348785]]
    },
    "melbands": {
        "dmean": [0.00108150590677, 0.00125345692504, 0.00102955312468, 0.000524025177583, 0.00015130713291, 9.19897283893e-05, 6.34070893284e-05, 0.000100591911178, 0.000104622260551, 0.000170043145772, 0.000129819498397, 3.4873970435e-05, 6.09167727816e-05, 2.91422056762e-05, 1.70924995473e-05, 1.62683154485e-05, 2.10270281968e-05, 1.83019492397e-05, 1.93467785721e-05, 2.55446066149e-05, 4.37035196228e-05, 2.78619390883e-05, 1.80718016054e-05, 1.80038459803e-05, 1.50829855556e-05, 1.02575777419e-05, 6.69429937261e-06, 4.48129685537e-06, 4.10398797612e-06, 2.95268228001e-06, 1.66016752701e-06, 1.34283800435e-06, 1.08899757834e-06, 1.0380290405e-06, 8.26319023872e-07, 7.03657519807e-07, 6.2811659518e-07, 6.35596904885e-07, 9.22551691929e-07, 8.11433721992e-07],
        "dmean2": [0.00176673813257, 0.00210445001721, 0.00179862370715, 0.000895973818842, 0.000254703540122, 0.00015466682089, 0.000105524544779, 0.000163156844792, 0.000166240410181, 0.000269317126367, 0.000203934745514, 5.59406071261e-05, 9.65469298535e-05, 4.62949901703e-05, 2.77058570646e-05, 2.610248157e-05, 3.45803782693e-05, 3.02978205582e-05, 3.15773868351e-05, 4.17406190536e-05, 7.13373519829e-05, 4.55500521639e-05, 2.89365507342e-05, 2.90983152809e-05, 2.45190603891e-05, 1.65905712493e-05, 1.12446623461e-05, 7.54259099267e-06, 6.80309358358e-06, 4.94484902447e-06, 2.6835080007e-06, 2.14683768718e-06, 1.75558375304e-06, 1.67312384747e-06, 1.30603029902e-06, 1.09686277483e-06, 9.60012130236e-07, 9.37095194331e-07, 1.36645735438e-06, 1.20874801723e-06],
        "dvar": [5.86505711908e-06, 7.41067060517e-06, 4.13487850892e-06, 1.51404594817e-06, 7.6072858235e-08, 5.67439712995e-08, 3.73265223175e-08, 6.29147365316e-08, 6.1435805776e-08, 1.04903385534e-07, 6.71163178367e-08, 6.21109386145e-09, 1.24317693917e-08, 2.53006415818e-09, 1.36429789688e-09, 1.38577460618e-09, 1.84205317666e-09, 1.16253717763e-09, 1.03856145905e-09, 1.90361326702e-09, 5.24331378315e-09, 2.43147812995e-09, 1.1495259189e-09, 9.8084895761e-10, 1.16454423882e-09, 7.52954476546e-10, 1.24322857564e-10, 1.26257809763e-10, 3.8798641383e-11, 2.12202581895e-11, 7.66270553954e-12, 6.12302222813e-12, 5.12224507601e-12, 5.59686238327e-12, 3.90007644235e-12, 2.88314012421e-12, 2.95319129394e-12, 4.23167620736e-12, 1.45425477216e-11, 1.02067599164e-11],
        "dvar2": [1.40462034324e-05, 1.91192975763e-05, 1.11998942884e-05, 4.10909433413e-06, 2.03952936317e-07, 1.54714285827e-07, 9.63499786621e-08, 1.53300987904e-07, 1.42677876624e-07, 2.50347142128e-07, 1.64746339237e-07, 1.47364866976e-08, 3.12309929029e-08, 6.09739680968e-09, 3.20657456143e-09, 3.17510817638e-09, 4.81745132674e-09, 3.03188496531e-09, 2.62061750078e-09, 4.92819296483e-09, 1.2725215548e-08, 5.64334579067e-09, 2.75188583032e-09, 2.37480635157e-09, 2.8462820989e-09, 1.99875271889e-09, 3.27320753835e-10, 3.40730610393e-10, 9.75775502066e-11, 5.4461726795e-11, 1.92489635342e-11, 1.46474169599e-11, 1.23042947359e-11, 1.32389533364e-11, 8.97916636877e-12, 6.27800979605e-12, 6.19346891481e-12, 7.92100759983e-12, 2.96777671882e-11, 2.17355907578e-11],
        "max": [0.0320310667157, 0.0278080943972, 0.0234716366976, 0.0146151566878, 0.00553536927328, 0.00498948525637, 0.00625708885491, 0.00693958066404, 0.00770847359672, 0.00643108971417, 0.00489122280851, 0.00336509337649, 0.00323740718886, 0.00154361547902, 0.00103575177491, 0.00113957480062, 0.00124145508744, 0.00105975766201, 0.000583903281949, 0.00137557496782, 0.00174430699553, 0.00159554218408, 0.00082390854368, 0.000825560244266, 0.00128192373086, 0.00138081109617, 0.000310146715492, 0.000705910846591, 0.000136923990794, 9.03035106603e-05, 4.4739281293e-05, 4.33101777162e-05, 4.25302205258e-05, 4.37890739704e-05, 5.65693953831e-05, 3.79857519874e-05, 4.02972837037e-05, 7.65537188272e-05, 0.000127244376927, 0.000123317266116],
        "mean": [0.00151845533401, 0.0017051283503, 0.00140865019057, 0.000757784582675, 0.000232163976762, 0.000127323961351, 9.26415086724e-05, 0.000169551785802, 0.000182530609891, 0.00032312082476, 0.000246066658292, 6.70709414408e-05, 0.000103754638985, 5.32512603968e-05, 2.59231710515e-05, 2.42987553065e-05, 3.45260450558e-05, 3.15214856528e-05, 3.71732421627e-05, 5.19245004398e-05, 9.01709863683e-05, 5.73389006604e-05, 3.5590303014e-05, 3.63819453923e-05, 3.49387773895e-05, 2.23992228712e-05, 1.3799071894e-05, 9.71601366473e-06, 9.61876048677e-06, 6.32236742604e-06, 3.20699268741e-06, 2.59792409452e-06, 2.06944787351e-06, 1.70731561866e-06, 1.43812076203e-06, 1.2713688875e-06, 1.10936446163e-06, 1.11776205358e-06, 1.46858189964e-06, 1.23259155771e-06],
        "median": [0.000948942033574, 0.00104097218718, 0.000593957258388, 0.000319171784213, 0.000127047213027, 5.18750530318e-05, 4.40562362201e-05, 8.20299464976e-05, 7.24385317881e-05, 0.000141330310726, 0.000101413956145, 3.78177501261e-05, 5.39844550076e-05, 2.97309561574e-05, 1.19948472275e-05, 8.66223854246e-06, 1.76587091119e-05, 2.08715573535e-05, 2.32917773246e-05, 3.37603196385e-05, 5.73796278331e-05, 3.73480688722e-05, 2.05815085792e-05, 2.24776376854e-05, 1.96711007447e-05, 1.49869174493e-05, 9.44023850025e-06, 6.25138272881e-06, 6.49469120617e-06, 4.1091325329e-06, 1.75339869202e-06, 1.31076205889e-06, 9.02923147805e-07, 6.75651392612e-07, 5.67243148453e-07, 4.52016479358e-07, 3.72973147478e-07, 3.26643970538e-07, 2.72579228522e-07, 2.27200075642e-07],
        "min": [2.50748865612e-24, 1.05166092278e-23, 1.22618353963e-23, 1.9879831237e-23, 6.37522200403e-24, 6.25976550524e-24, 3.82957496263e-24, 6.6425551319e-24, 8.3430315878e-24, 8.80650945772e-24, 9.5467883641e-24, 2.51281670156e-23, 1.99142571269e-23, 6.38841294166e-24, 5.47169424978e-24, 1.51436570902e-23, 7.35877378066e-24, 1.23516685096e-23, 7.64308792837e-24, 5.57342693541e-24, 6.84101833616e-24, 4.89217375741e-24, 1.30466707443e-23, 9.98872480928e-24, 9.04288847253e-24, 1.1127156014e-23, 9.29388034674e-24, 1.00923132902e-23, 1.2124833134e-23, 1.05195690339e-23, 1.25725243195e-23, 1.50006744734e-23, 1.00024691328e-23, 5.81789374665e-24, 1.26490990476e-23, 1.102362512e-23, 8.98826616573e-24, 8.2649461911e-24, 7.29484922607e-24, 7.95735275807e-24],
        "var": [6.06102503298e-06, 7.17733064448e-06, 5.18351589562e-06, 1.71105591562e-06, 1.05638640946e-07, 6.13225594748e-08, 4.30061248835e-08, 1.17790371235e-07, 1.35797805001e-07, 2.70381946166e-07, 1.91445465703e-07, 1.92505673624e-08, 2.71386326745e-08, 6.69144872845e-09, 2.37328645625e-09, 2.61251886791e-09, 3.94050569952e-09, 1.64558788818e-09, 2.12863482396e-09, 4.08826306142e-09, 1.40889842015e-08, 6.69229160977e-09, 2.51776310911e-09, 2.25267271503e-09, 5.55001777869e-09, 1.32936162078e-09, 3.18198467575e-10, 4.26283813804e-10, 1.3606948901e-10, 5.7554159355e-11, 1.64669337194e-11, 1.28995295348e-11, 1.04571984752e-11, 9.32262773923e-12, 7.20356283304e-12, 6.05305215673e-12, 6.49880496639e-12, 1.08471287508e-11, 3.10288947314e-11, 2.07851930112e-11]
    },
    "mfcc": {
        "mean": [-630.759277344, 109.445953369, -18.0881557465, 27.579864502, 6.16653442383, -5.19556474686, 2.95303726196, 11.9542160034, 11.1965503693, 4.43494558334, -4.75414323807, -4.84650945663, -4.81093740463],
        "cov": [[5811.95166016, -255.595901489, 335.201202393, 1234.24047852, 673.097595215, 343.07220459, 227.439285278, 274.069152832, 325.769287109, 47.4032402039, -49.6815567017, 196.700302124, 192.476425171], [-255.595901489, 745.668701172, -47.8802833557, 134.7293396, 66.6678543091, -14.3382368088, 29.2528820038, 10.984246254, 35.3664550781, 73.5373306274, 43.9401016235, 37.5777168274, 32.230304718], [335.201202393, -47.8802833557, 839.711853027, 123.184822083, 228.005950928, 127.932098389, -21.5163612366, -39.9447212219, 10.94480896, -20.7645893097, 53.6644477844, 39.1428070068, 44.9672279358], [1234.24047852, 134.7293396, 123.184822083, 644.209716797, 276.17086792, 111.718719482, 79.0359802246, 52.6370582581, 145.738769531, 25.1677799225, -39.7346343994, 71.0423965454, 91.9240570068], [673.097595215, 66.6678543091, 228.005950928, 276.17086792, 351.258850098, 126.861373901, 51.2731399536, 18.886177063, 66.4815063477, 17.0621623993, 18.1808261871, 60.0173683167, 77.3311157227], [343.07220459, -14.3382368088, 127.932098389, 111.718719482, 126.861373901, 181.281600952, 74.8248977661, 26.4259967804, 28.2172641754, 7.82142925262, 21.1099834442, 40.5163230896, 31.6611213684], [227.439285278, 29.2528820038, -21.5163612366, 79.0359802246, 51.2731399536, 74.8248977661, 173.526016235, 71.0609054565, 35.9033164978, 18.3126182556, 21.5593299866, 39.732219696, 28.3734970093], [274.069152832, 10.984246254, -39.9447212219, 52.6370582581, 18.886177063, 26.4259967804, 71.0609054565, 125.262695312, 59.5232086182, 31.1572265625, 18.9720687866, 15.4338388443, 12.0423030853], [325.769287109, 35.3664550781, 10.94480896, 145.738769531, 66.4815063477, 28.2172641754, 35.9033164978, 59.5232086182, 174.633789062, 67.1105651855, -1.48043322563, 26.5876464844, 23.3431797028], [47.4032402039, 73.5373306274, -20.7645893097, 25.1677799225, 17.0621623993, 7.82142925262, 18.3126182556, 31.1572265625, 67.1105651855, 118.250793457, 52.8256835938, 28.0010356903, 4.65973186493], [-49.6815567017, 43.9401016235, 53.6644477844, -39.7346343994, 18.1808261871, 21.1099834442, 21.5593299866, 18.9720687866, -1.48043322563, 52.8256835938, 116.95349884, 45.7505226135, 7.80987739563], [196.700302124, 37.5777168274, 39.1428070068, 71.0423965454, 60.0173683167, 40.5163230896, 39.732219696, 15.4338388443, 26.5876464844, 28.0010356903, 45.7505226135, 95.323928833, 48.154083252], [192.476425171, 32.230304718, 44.9672279358, 91.9240570068, 77.3311157227, 31.6611213684, 28.3734970093, 12.0423030853, 23.3431797028, 4.65973186493, 7.80987739563, 48.154083252, 98.3237838745]],
