{
"lowlevel": {
    "average_loudness": 0.720502972603,
    "barkbands_crest": {
        "dmean": 2.28580641747,
        "dmean2": 3.66190552711,
        "dvar": 4.33718109131,
        "dvar2": 10.4524068832,
        "max": 24.0961894989,
        "mean": 9.68052196503,
        "median": 8.55885124207,
        "min": 2.56510257721,
        "var": 19.5241413116
    },
    "barkbands_flatness_db": {
        "dmean": 0.0157900452614,
        "dmean2": 0.0242319814861,
        "dvar": 0.00020608009072,
        "dvar2": 0.000452129170299,
        "max": 0.309040367603,
        "mean": 0.138852611184,
        "median": 0.135902181268,
        "min": 0.0200194306672,
        "var": 0.00216217129491
    },
    "barkbands_kurtosis": {
        "dmean": 1.30148518085,
        "dmean2": 2.05752491951,
        "dvar": 3.98071360588,
        "dvar2": 9.23240947723,
        "max": 50.6085281372,
        "mean": 1.75051653385,
        "median": 0.573047637939,
        "min": -1.91798055172,
        "var": 13.6569776535
    },
    "barkbands_skewness": {
        "dmean": 0.345261484385,
        "dmean2": 0.536399006844,
        "dvar": 0.121456712484,
        "dvar2": 0.26851183176,
        "max": 6.62899160385,
        "mean": 0.826015770435,
        "median": 0.683565497398,
        "min": -3.04522562027,
        "var": 0.73558318615
    },
    "barkbands_spread": {
        "dmean": 3.8387389183,
        "dmean2": 5.88444852829,
        "dvar": 24.7584190369,
        "dvar2": 49.0765457153,
        "max": 97.1750335693,
        "mean": 19.6618480682,
        "median": 17.2720584869,
        "min": 2.16500687599,
        "var": 146.039749146
    },
    "dissonance": {
        "dmean": 0.0192206744105,
        "dmean2": 0.0326742939651,
        "dvar": 0.000341838866007,
        "dvar2": 0.000935429299716,
        "max": 0.500000119209,
        "mean": 0.464044064283,
        "median": 0.472340285778,
        "min": 0.26242479682,
        "var": 0.000823984504677
    },
    "dynamic_complexity": 3.05953407288,
    "erbbands_crest": {
        "dmean": 2.64721512794,
        "dmean2": 4.2867641449,
        "dvar": 6.02625370026,
        "dvar2": 14.8859567642,
        "max": 31.3504238129,
        "mean": 10.7667894363,
        "median": 9.25406646729,
        "min": 2.49042034149,
        "var": 29.0490703583
    },
    "erbbands_flatness_db": {
        "dmean": 0.0152400275692,
        "dmean2": 0.0230559390038,
        "dvar": 0.000194287407794,
        "dvar2": 0.000409683183534,
        "max": 0.378372043371,
        "mean": 0.201182410121,
        "median": 0.195293471217,
        "min": 0.0551318749785,
        "var": 0.00279724807478
    },
    "erbbands_kurtosis": {
        "dmean": 0.921268165112,
        "dmean2": 1.46852958202,
        "dvar": 1.3054702282,
        "dvar2": 3.09582328796,
        "max": 17.2892227173,
        "mean": 0.929897010326,
        "median": 0.0670175552368,
        "min": -1.84267437458,
        "var": 5.79401683807
    },
    "erbbands_skewness": {
        "dmean": 0.336763948202,
        "dmean2": 0.522438704967,
        "dvar": 0.0901575312018,
        "dvar2": 0.199302777648,
        "max": 3.75014257431,
        "mean": 0.577638745308,
        "median": 0.476028382778,
        "min": -3.59506583214,
        "var": 0.75065433979
    },
    "erbbands_spread": {
        "dmean": 4.63681650162,
        "dmean2": 7.16691398621,
        "dvar": 34.1190261841,
        "dvar2": 71.3034667969,
        "max": 123.142295837,
        "mean": 25.5042381287,
        "median": 24.0820732117,
        "min": 3.72287011147,
        "var": 185.134216309
    },
    "hfc": {
        "dmean": 5.27036142349,
        "dmean2": 7.87772512436,
        "dvar": 56.0430755615,
        "dvar2": 112.755737305,
        "max": 257.567687988,
        "mean": 22.180683136,
        "median": 18.2109203339,
        "min": 1.12751281996e-16,
        "var": 298.689208984
    },
    "melbands_crest": {
        "dmean": 2.98184466362,
        "dmean2": 4.7820110321,
        "dvar": 7.15854120255,
        "dvar2": 17.6385726929,
        "max": 32.8153457642,
        "mean": 13.1280164719,
        "median": 12.0039749146,
        "min": 3.47909903526,
        "var": 29.1555862427
    },
    "melbands_flatness_db": {
        "dmean": 0.0170052722096,
        "dmean2": 0.0257452186197,
        "dvar": 0.000247269083047,
        "dvar2": 0.000538675056305,
        "max": 0.367016464472,
        "mean": 0.178666353226,
        "median": 0.176888406277,
        "min": 0.00816746428609,
        "var": 0.00212641921826
    },
    "melbands_kurtosis": {
        "dmean": 2.37422084808,
        "dmean2": 3.78056454659,
        "dvar": 19.4585113525,
        "dvar2": 45.8193817139,
        "max": 145.081237793,
        "mean": 4.5953874588,
        "median": 2.49488925934,
        "min": -1.8766720295,
        "var": 55.8900604248
    },
    "melbands_skewness": {
        "dmean": 0.406671047211,
        "dmean2": 0.639493227005,
        "dvar": 0.18358156085,
        "dvar2": 0.424636483192,
        "max": 10.2152118683,
        "mean": 1.37787973881,
        "median": 1.26147508621,
        "min": -1.22511482239,
        "var": 1.13514196873
    },
    "melbands_spread": {
        "dmean": 5.90962171555,
        "dmean2": 9.02557945251,
        "dvar": 73.1298141479,
        "dvar2": 130.993438721,
        "max": 219.299240112,
        "mean": 27.1588516235,
        "median": 24.3973674774,
        "min": 2.25855612755,
        "var": 351.518493652
    },
    "pitch_salience": {
        "dmean": 0.0607868805528,
        "dmean2": 0.0976503044367,
        "dvar": 0.00265217479318,
        "dvar2": 0.00665351888165,
        "max": 0.869396984577,
        "mean": 0.559731245041,
        "median": 0.558098256588,
        "min": 0.18456594646,
        "var": 0.0122636836022
    },
    "silence_rate_20dB": {
        "dmean": 0,
        "dmean2": 0,
        "dvar": 0,
        "dvar2": 0,
        "max": 1,
        "mean": 1,
        "median": 1,
        "min": 1,
        "var": 0
    },
    "silence_rate_30dB": {
        "dmean": 0,
        "dmean2": 0,
        "dvar": 0,
        "dvar2": 0,
        "max": 1,
        "mean": 1,
        "median": 1,
        "min": 1,
        "var": 0
    },
    "silence_rate_60dB": {
        "dmean": 0.0155800571665,
        "dmean2": 0.0311638507992,
        "dvar": 0.0153385140002,
        "dvar2": 0.0347514301538,
        "max": 1,
        "mean": 0.0503295399249,
        "median": 0,
        "min": 0,
        "var": 0.0477965027094
    },
    "spectral_centroid": {
        "dmean": 192.191894531,
        "dmean2": 291.625427246,
        "dvar": 48482.484375,
        "dvar2": 87850.296875,
        "max": 10954.2431641,
        "mean": 1531.86108398,
        "median": 1467.02929688,
        "min": 294.71282959,
        "var": 320633.71875
    },
    "spectral_complexity": {
        "dmean": 3.00958776474,
        "dmean2": 4.73306941986,
        "dvar": 7.8508810997,
        "dvar2": 17.1883049011,
        "max": 56,
        "mean": 20.8031158447,
        "median": 22,
        "min": 0,
        "var": 70.2323074341
    },
    "spectral_decrease": {
        "dmean": 1.23076770997e-09,
        "dmean2": 1.89340165768e-09,
        "dvar": 2.17087141115e-18,
        "dvar2": 5.00544028576e-18,
        "max": -3.79509821942e-29,
        "mean": -5.28778887343e-09,
        "median": -4.27497859334e-09,
        "min": -2.37165060923e-08,
        "var": 1.45458982799e-17
    },
    "spectral_energy": {
        "dmean": 0.00503508280963,
        "dmean2": 0.00773225724697,
        "dvar": 3.5792520066e-05,
        "dvar2": 8.25099268695e-05,
        "max": 0.0970651060343,
        "mean": 0.0219691898674,
        "median": 0.017919017002,
        "min": 1.03701129236e-20,
        "var": 0.000243844289798
    },
    "spectral_energyband_high": {
        "dmean": 0.0001911924046,
        "dmean2": 0.000267157389317,
        "dvar": 4.54425418184e-07,
        "dvar2": 7.55330120228e-07,
        "max": 0.0260226279497,
        "mean": 0.000487492128741,
        "median": 0.0002247053053,
        "min": 7.46059074503e-21,
        "var": 1.41085195082e-06
    },
    "spectral_energyband_low": {
        "dmean": 0.00114505121019,
        "dmean2": 0.00187085953075,
        "dvar": 3.71182750314e-06,
        "dvar2": 9.92473451333e-06,
        "max": 0.0305366162211,
        "mean": 0.00277792010456,
        "median": 0.00202088151127,
        "min": 4.44510025001e-23,
        "var": 9.66896459431e-06
    },
    "spectral_energyband_middle_high": {
        "dmean": 0.00240755314007,
        "dmean2": 0.00378219294362,
        "dvar": 1.06483939817e-05,
        "dvar2": 2.54719143413e-05,
        "max": 0.0759015381336,
        "mean": 0.00864440295845,
        "median": 0.00631265994161,
        "min": 1.62080386475e-21,
        "var": 7.0567104558e-05
    },
    "spectral_energyband_middle_low": {
        "dmean": 0.00340994610451,
        "dmean2": 0.00517708715051,
        "dvar": 2.38355823967e-05,
        "dvar2": 5.46537266928e-05,
        "max": 0.0798556059599,
        "mean": 0.0108436876908,
        "median": 0.00679979752749,
        "min": 3.83719539053e-22,
        "var": 0.000128662315547
    },
    "spectral_entropy": {
        "dmean": 0.121023386717,
        "dmean2": 0.17837177217,
        "dvar": 0.0133836288005,
        "dvar2": 0.0258000940084,
        "max": 9.81200695038,
        "mean": 7.4698600769,
        "median": 7.46823644638,
        "min": 6.06625175476,
        "var": 0.100165702403
    },
    "spectral_flux": {
        "dmean": 0.0158015415072,
        "dmean2": 0.0247221551836,
        "dvar": 0.000290302938083,
        "dvar2": 0.000628241454251,
        "max": 0.249212995172,
        "mean": 0.0720591917634,
        "median": 0.0671269670129,
        "min": 6.75643152537e-11,
        "var": 0.00111630128231
    },
    "spectral_kurtosis": {
        "dmean": 1.75036180019,
        "dmean2": 3.05364203453,
        "dvar": 2.61080884933,
        "dvar2": 7.92024850845,
        "max": 26.3561859131,
        "mean": 6.05348014832,
        "median": 5.75540828705,
        "min": -1.24952411652,
        "var": 6.32137918472
    },
    "spectral_rms": {
        "dmean": 0.000527628173586,
        "dmean2": 0.000798665976617,
        "dvar": 2.8585040468e-07,
        "dvar2": 6.07021604537e-07,
        "max": 0.00973127223551,
        "mean": 0.00432769488543,
        "median": 0.0041811442934,
        "min": 3.18075210268e-12,
        "var": 2.70445048045e-06
    },
    "spectral_rolloff": {
        "dmean": 352.688323975,
        "dmean2": 586.999938965,
        "dvar": 529868.125,
        "dvar2": 1004902.9375,
        "max": 18820.0195312,
        "mean": 1783.3671875,
        "median": 1507.32421875,
        "min": 64.599609375,
        "var": 1759491.125
    },
    "spectral_skewness": {
        "dmean": 0.202689602971,
        "dmean2": 0.339079290628,
        "dvar": 0.0301989167929,
        "dvar2": 0.0818747133017,
        "max": 3.66078615189,
        "mean": 1.69845497608,
        "median": 1.68448460102,
        "min": -0.00852848682553,
        "var": 0.138811126351
    },
    "spectral_spread": {
        "dmean": 324561.375,
        "dmean2": 493883.625,
        "dvar": 405227405312,
        "dvar2": 751973236736,
        "max": 44836044,
        "mean": 3580940,
        "median": 3307806.5,
        "min": 1456039.375,
        "var": 1.88932489216e+12
    },
    "spectral_strongpeak": {
        "dmean": 0.704434394836,
        "dmean2": 1.17024564743,
        "dvar": 0.95816642046,
        "dvar2": 2.45257949829,
        "max": 11.3820981979,
        "mean": 1.69966292381,
        "median": 1.09861469269,
        "min": 0,
        "var": 2.94984340668
    },
    "zerocrossingrate": {
        "dmean": 0.00724322861061,
        "dmean2": 0.00838359538466,
        "dvar": 0.000155640082085,
        "dvar2": 0.000150055260747,
        "max": 0.6650390625,
        "mean": 0.0632557943463,
        "median": 0.0576171875,
        "min": 0.0087890625,
        "var": 0.00119563029148
    },
    "barkbands": {
        "dmean": [6.85380000505e-05, 0.000976666924544, 0.000349987240043, 0.00021250982536, 0.000544142385479, 0.00065849191742, 0.00080042751506, 0.000687886378728, 0.00181187852286, 0.00126457342412, 0.0007151652826, 0.000465893419459, 0.00053341378225, 0.000298232247587, 0.000368396285921, 0.000235757164774, 0.000339546240866, 0.000242082373006, 0.0001451785065, 0.00013446698722, 5.53090685571e-05, 3.31506125804e-05, 3.12695447064e-05, 3.81582467526e-05, 2.8029711757e-05, 9.85109545582e-06, 1.42756084642e-06],
        "dmean2": [8.37262196001e-05, 0.00151508825365, 0.000610022281762, 0.000376831390895, 0.000899340142496, 0.00100753712468, 0.0012300950475, 0.00103325571399, 0.00274723605253, 0.00201893830672, 0.00115914386697, 0.000764144468121, 0.00086812331574, 0.000488555291668, 0.000603031774517, 0.000373244401999, 0.000557969731744, 0.000394587987103, 0.000232004473219, 0.000212578946957, 8.82384047145e-05, 5.06825526827e-05, 4.59520415461e-05, 5.40334222023e-05, 3.93303816963e-05, 1.35150194183e-05, 2.03681338462e-06],
        "dvar": [1.45657104156e-08, 3.00465512737e-06, 7.48463094169e-07, 3.86774956951e-07, 9.0633113814e-07, 1.84732652997e-06, 2.52519157584e-06, 4.21840059062e-06, 1.54139270307e-05, 7.73650663177e-06, 1.84236455425e-06, 9.53477638177e-07, 1.17927038445e-06, 4.12117458382e-07, 7.30774218027e-07, 2.11189842503e-07, 3.44577216538e-07, 2.31172904819e-07, 6.33753458601e-08, 7.64705347933e-08, 1.72104250851e-08, 1.24171029015e-08, 2.282711975e-08, 4.70648480189e-08, 3.48462663169e-08, 2.99301272655e-09, 1.27289428997e-10],
        "dvar2": [2.50933016588e-08, 7.45472698327e-06, 2.07260791285e-06, 1.06404115741e-06, 2.32448269344e-06, 4.2979590944e-06, 5.71129658056e-06, 9.10832022782e-06, 3.4480519389e-05, 1.844831786e-05, 4.78025958728e-06, 2.42282794716e-06, 2.97692258755e-06, 1.09995596631e-06, 2.00358022084e-06, 4.74651471905e-07, 8.80706409134e-07, 6.07568949818e-07, 1.46191212025e-07, 1.82885955269e-07, 3.98830870552e-08, 2.59368455602e-08, 4.57134312626e-08, 7.74243176238e-08, 6.76318521187e-08, 5.28566879154e-09, 2.1854293375e-10],
        "max": [0.00143135106191, 0.0234345253557, 0.0156644172966, 0.0100374259055, 0.0225427765399, 0.0384560003877, 0.0341362804174, 0.0517382249236, 0.0691277906299, 0.0696602016687, 0.022187191993, 0.0192688014358, 0.0237056892365, 0.0168099291623, 0.0194448996335, 0.018916124478, 0.0101763075218, 0.0112944282591, 0.00664118723944, 0.00824735779315, 0.00341463042423, 0.00298768328503, 0.00583766587079, 0.00903946906328, 0.00766471587121, 0.00322169275023, 0.000717752438504],
        "mean": [0.000159671733854, 0.00202560471371, 0.000479999551317, 0.000210130121559, 0.00095383200096, 0.00125879957341, 0.00147188908886, 0.0010988030117, 0.00459854165092, 0.00285711023025, 0.00127760355826, 0.00085279654013, 0.000997899565846, 0.000525740673766, 0.00066409423016, 0.000470259896247, 0.000615094555542, 0.000471802661195, 0.000315066368785, 0.000277439219644, 0.000115037742944, 6.8645029387e-05, 6.09263042861e-05, 7.13985064067e-05, 4.99758680235e-05, 1.8822020138e-05, 2.21172331294e-06],
        "median": [1.48361177708e-05, 0.00114641734399, 0.000188523437828, 6.11576688243e-05, 0.0005790325813, 0.000616993114818, 0.000651450187434, 0.000280539796222, 0.00109424791299, 0.000648447195999, 0.000490700942464, 0.000366374879377, 0.000425494858064, 0.000235328479903, 0.000260585249634, 0.000229682293138, 0.000345392385498, 0.000235817075009, 0.000205073825782, 0.000142721444718, 5.75863523409e-05, 2.85176720354e-05, 1.89763832168e-05, 1.59755272762e-05, 7.8691782619e-06, 4.27637633038e-06, 1.07527547755e-07],
        "min": [7.79125257245e-24, 2.24945895934e-23, 3.97178134029e-24, 1.91969794324e-24, 1.18200343196e-22, 4.10410471076e-23, 1.99189366498e-23, 2.8345425777e-23, 8.78404569682e-23, 3.95851790635e-23, 8.53863596014e-24, 4.45443152789e-23, 1.12078504893e-22, 5.69811523672e-23, 6.49061815497e-23, 1.18517566254e-22, 1.83773882139e-22, 2.26438976125e-22, 2.73681192544e-22, 3.24996808999e-22, 4.10550856763e-22, 4.39465297377e-22, 4.65788714882e-22, 7.36638313295e-22, 1.30130696874e-21, 1.61801505843e-21, 2.31069854696e-21],
        "var": [7.48795017103e-08, 7.03433124727e-06, 7.08360801127e-07, 2.89710413881e-07, 1.67102427895e-06, 4.03560761697e-06, 6.66962250762e-06, 8.2464530351e-06, 8.68115603225e-05, 4.64240474685e-05, 4.54773635283e-06, 2.64441996478e-06, 3.37300389219e-06, 9.55162022365e-07, 1.53970961492e-06, 5.91404898387e-07, 6.8861680802e-07, 5.20678895555e-07, 1.52899701789e-07, 1.66713675753e-07, 4.24600337112e-08, 3.34071081909e-08, 4.40503100663e-08, 1.14688020858e-07, 6.97556643559e-08, 7.41812611338e-09, 2.55950205474e-10]
    },
    "erbbands": {
        "dmean": [0.033446252346, 0.213732421398, 0.387807667255, 0.596496045589, 1.00109779835, 1.84318554401, 5.33663129807, 5.16613006592, 11.0270214081, 10.1724939346, 17.833026886, 46.9750480652, 33.8727760315, 38.8702087402, 23.3721313477, 19.82147789, 25.0787277222, 14.8980007172, 19.8050537109, 12.1779174805, 14.7710142136, 14.5683498383, 14.2158441544, 8.4379863739, 7.27887582779, 6.90675258636, 2.6794295311, 1.76235175133, 1.18317162991, 0.995046019554, 0.882690489292, 0.881509661674, 0.584077119827, 0.386621594429, 0.161974683404, 0.0545542575419, 0.0176058355719, 0.0032426500693, 0.000240385183133, 1.11575218398e-05],
        "dmean2": [0.0507511533797, 0.336647033691, 0.651458263397, 1.04690849781, 1.72902214527, 3.02764344215, 8.30800914764, 8.00342655182, 16.7168464661, 15.3923149109, 27.0560626984, 71.0998077393, 52.7028236389, 62.352016449, 37.9121665955, 32.4227294922, 41.0743904114, 24.2878913879, 32.333114624, 18.9968318939, 23.8106441498, 23.6796207428, 23.1371097565, 13.4650678635, 11.6518621445, 10.9180631638, 4.25545406342, 2.75412273407, 1.81103563309, 1.48972094059, 1.29090130329, 1.28016459942, 0.81496244669, 0.548442780972, 0.23309455812, 0.0763596668839, 0.0245100669563, 0.00458697089925, 0.000337720819516, 1.62690757861e-05],
        "dvar": [0.00360290915705, 0.162190616131, 0.736120939255, 2.71691846848, 4.47942972183, 11.3753919601, 123.000015259, 133.709350586, 501.734069824, 521.951782227, 2811.22753906, 10917.4492188, 7004.79980469, 6786.28369141, 2258.30371094, 1810.76538086, 2718.32006836, 1001.57098389, 2531.54418945, 651.139160156, 707.283630371, 572.920166016, 891.891723633, 226.887588501, 192.298660278, 199.265792847, 30.5914096832, 28.8842868805, 15.9248819351, 15.3559837341, 19.1882305145, 22.3291358948, 13.0045251846, 7.78693675995, 0.98628950119, 0.086159043014, 0.008858342655, 0.00049418193521, 3.63463982467e-06, 1.71875214061e-09],
        "dvar2": [0.00823814608157, 0.405509978533, 1.98160791397, 7.39756679535, 12.1125049591, 28.5410633087, 292.236206055, 295.64352417, 1056.60095215, 1101.49304199, 6401.07275391, 24470.1074219, 16925.828125, 16715.0097656, 5897.87548828, 4508.22363281, 6951.78466797, 2599.95361328, 7118.66455078, 1367.6784668, 1732.61730957, 1447.11999512, 2382.02636719, 553.815795898, 447.998840332, 478.994720459, 69.3079833984, 67.1329727173, 34.7242355347, 29.257484436, 38.3547325134, 42.2656898499, 21.2612075806, 14.6394462585, 2.05044984818, 0.163841962814, 0.0160902459174, 0.000855167454574, 6.08187610851e-06, 3.23082560705e-09],
        "max": [0.626037061214, 5.37040948868, 17.4860687256, 21.7602272034, 53.998500824, 78.843421936, 299.747070312, 310.628143311, 593.017272949, 483.461791992, 1416.69641113, 1901.63903809, 2304.94262695, 2531.87524414, 1089.43713379, 1069.76171875, 1196.26074219, 949.712158203, 1238.42041016, 1125.90930176, 695.871398926, 426.042266846, 804.629760742, 348.358032227, 384.761138916, 389.666168213, 159.604614258, 147.716369629, 109.123825073, 122.653442383, 178.154953003, 182.977493286, 174.288757324, 103.732467651, 44.9469871521, 15.7316141129, 4.85332584381, 1.36762499809, 0.118541345, 0.00202945503406],
        "mean": [0.0669530406594, 0.411141425371, 0.647159695625, 0.667100548744, 1.43355417252, 3.14448571205, 9.71458530426, 9.51442241669, 20.9728412628, 18.6395149231, 34.0518760681, 124.12273407, 88.5181655884, 76.0359420776, 47.6771011353, 39.748134613, 48.9297218323, 29.9140987396, 37.7636871338, 25.902759552, 30.7467002869, 29.3839244843, 27.8801746368, 19.0237941742, 16.1021766663, 14.2765808105, 6.2180480957, 3.64172697067, 2.44707751274, 1.99558913708, 1.72358810902, 1.58289957047, 1.08773291111, 0.687071800232, 0.275669544935, 0.100188195705, 0.031824156642, 0.00562162790447, 0.000396067160182, 3.67210741388e-05],
        "median": [0.0281974487007, 0.186912208796, 0.343693166971, 0.279442459345, 0.623347342014, 1.84131884575, 4.4482922554, 4.59784126282, 8.87178039551, 8.17329406738, 11.5916376114, 30.6398010254, 20.1379985809, 29.1609745026, 21.5822677612, 18.6542339325, 21.7315692902, 15.8085775375, 14.4073295593, 14.515212059, 15.4683275223, 18.1168613434, 15.3321838379, 10.8951969147, 10.2374401093, 7.29331922531, 3.41158008575, 1.68492388725, 1.02216005325, 0.722616672516, 0.522821128368, 0.381973683834, 0.219039872289, 0.0937872976065, 0.0503970645368, 0.0236653964967, 0.00685249920934, 0.000852846249472, 3.80744204449e-05, 2.46473391599e-05],
        "min": [1.05790584232e-21, 3.59394345349e-21, 1.31824761153e-20, 1.21186136032e-20, 1.26983985501e-19, 6.39905732799e-19, 2.91033830853e-19, 3.7808711985e-19, 3.70185761392e-19, 2.41090862666e-19, 9.11884631061e-19, 2.0185140481e-18, 1.44321448156e-18, 9.5011236948e-19, 1.64328631068e-18, 2.21287605624e-18, 5.492127302e-18, 3.6141076062e-18, 5.41994917611e-18, 3.79818010791e-18, 8.44502849915e-18, 1.04239960761e-17, 1.16356461015e-17, 8.82965424909e-18, 1.69879389345e-17, 1.18340362724e-17, 1.39677089578e-17, 1.30356765852e-17, 1.52081490044e-17, 1.30973826045e-17, 1.19334824072e-17, 1.21506297257e-17, 1.30207906429e-17, 1.43739208131e-17, 8.76517634753e-18, 6.53351998266e-18, 3.06225075181e-18, 1.25023003933e-18, 3.20839345522e-19, 3.31995304261e-20],
        "var": [0.0081155532971, 0.359585404396, 0.884736418724, 2.10207796097, 6.56813240051, 21.7451610565, 253.678039551, 296.865966797, 1356.17687988, 1346.33239746, 5549.22900391, 66023.703125, 44545.1171875, 22377.2636719, 6280.35595703, 5792.15869141, 7614.02001953, 2435.70019531, 5778.72802734, 1880.20788574, 1842.48706055, 1313.62023926, 1776.92346191, 696.719116211, 418.559936523, 450.579711914, 87.1428451538, 64.3321075439, 41.0821228027, 38.0720100403, 37.4447479248, 49.1853866577, 30.534740448, 15.4824962616, 1.79950165749, 0.199713021517, 0.021696684882, 0.00104195903987, 7.54462735131e-06, 4.23304680197e-09]
    },
    "gfcc": {
        "mean": [-13.4575605392, 84.6649703979, -155.872528076, 8.83517932892, -64.3504867554, 5.22861480713, -33.286239624, 15.5551300049, -24.0707416534, 2.41358828545, -11.6327552795, 2.53706765175, -6.45869445801],
        "cov": [[4866.75976562, 57.1286468506, 866.031433105, 674.406616211, 463.632659912, 503.229492188, 170.424423218, 466.081665039, 262.977600098, 339.915893555, 103.197257996, 82.5269165039, -32.6611213684], [57.1286468506, 1090.73291016, 466.652252197, 359.238128662, 325.430236816, 88.6101608276, 115.629676819, 86.2649307251, 145.11114502, 56.817527771, 112.617683411, -30.0807743073, 57.4742431641], [866.031433105, 466.652252197, 1421.44775391, 679.853637695, 292.392822266, 260.8644104, -41.3159255981, 140.257293701, 140.118331909, 204.793655396, 79.4288406372, 47.0834579468, 0.0926250368357], [674.406616211, 359.238128662, 679.853637695, 636.366455078, 278.418762207, 133.729217529, 31.4672336578, 117.046646118, 112.31312561, 132.986907959, 77.3419952393, 70.288772583, 12.1619777679], [463.632659912, 325.430236816, 292.392822266, 278.418762207, 332.125488281, 174.249053955, 122.562652588, 129.002716064, 95.3029403687, 62.26587677, 26.2942790985, 18.7690238953, 19.1255054474], [503.229492188, 88.6101608276, 260.8644104, 133.729217529, 174.249053955, 335.266387939, 151.028320312, 85.6241226196, 55.7186546326, 33.9105072021, 4.1121468544, -33.946182251, 14.4112501144], [170.424423218, 115.629676819, -41.3159255981, 31.4672336578, 122.562652588, 151.028320312, 234.994720459, 94.3040084839, 56.3173942566, 7.66548728943, -3.8883330822, -38.7756309509, -3.69471025467], [466.081665039, 86.2649307251, 140.257293701, 117.046646118, 129.002716064, 85.6241226196, 94.3040084839, 186.676391602, 104.838562012, 45.7551040649, 10.2561063766, -4.12205648422, 1.37229752541], [262.977600098, 145.11114502, 140.118331909, 112.31312561, 95.3029403687, 55.7186546326, 56.3173942566, 104.838562012, 146.533706665, 52.5587387085, 13.0191574097, 6.07041072845, 6.84789705276], [339.915893555, 56.817527771, 204.793655396, 132.986907959, 62.26587677, 33.9105072021, 7.66548728943, 45.7551040649, 52.5587387085, 134.268295288, 59.8682594299, 35.5896949768, -3.8697514534], [103.197257996, 112.617683411, 79.4288406372, 77.3419952393, 26.2942790985, 4.1121468544, -3.8883330822, 10.2561063766, 13.0191574097, 59.8682594299, 111.049125671, 34.69190979, 13.7511463165], [82.5269165039, -30.0807743073, 47.0834579468, 70.288772583, 18.7690238953, -33.946182251, -38.7756309509, -4.12205648422, 6.07041072845, 35.5896949768, 34.69190979, 122.241065979, 28.7290687561], [-32.6611213684, 57.4742431641, 0.0926250368357, 12.1619777679, 19.1255054474, 14.4112501144, -3.69471025467, 1.37229752541, 6.84789705276, -3.8697514534, 13.7511463165, 28.7290687561, 81.0742263794]],
        "icov": [[0.000365967658581, 3.42548410117e-05, 0.000121644588944, -0.000212531667785, 3.74011870008e-05, -0.000549494114239, 0.000388354616007, -0.000821834197268, 0.000181581737706, -0.000608171685599, 0.000108070853457, -0.000151355445269, 0.000266289280262], [3.42548410117e-05, 0.00248167291284, -0.000868501490913, 5.61602901143e-05, -0.00253536785021, 0.00187582848594, -0.00131882692222, 0.00186805729754, -0.0019879876636, 0.00166342942975, -0.00281524518505, 0.00224605831318, -0.00165106507484], [0.000121644588944, -0.000868501490913, 0.0023957293015, -0.00187830126379, 0.0010713028023, -0.00234671542421, 0.00240735453553, -0.00131734495517, 0.000595516641624, -0.00209642085247, 0.00143339380156, -0.00028419951559, 0.000947365711909], [-0.000212531667785, 5.61602901143e-05, -0.00187830126379, 0.0048519866541, -0.0026144166477, 0.00126363569871, -0.000661598343868, 0.00075028243009, -0.000632041832432, 0.000324756954797, -0.00119134422857, -0.00110411026981, 0.000160342809977], [3.74011870008e-05, -0.00253536785021, 0.0010713028023, -0.0026144166477, 0.00996504537761, -0.00374343874864, -0.000244906521402, -0.00390251749195, 0.00164227955975, -0.00166117132176, 0.00327514461242, -0.00307358545251, 0.000888551119715], [-0.000549494114239, 0.00187582848594, -0.00234671542421, 0.00126363569871, -0.00374343874864, 0.00863479916006, -0.0052998890169, 0.00314828776754, -0.0012445137836, 0.00221422128379, -0.00214779679663, 0.00319615984336, -0.00324211711995], [0.000388354616007, -0.00131882692222, 0.00240735453553, -0.000661598343868, -0.000244906521402, -0.0052998890169, 0.0104388073087, -0.00434753438458, 0.000533702375833, -0.00190260121599, 0.00135256035719, 0.000199751491891, 0.00230094394647], [-0.000821834197268, 0.00186805729754, -0.00131734495517, 0.00075028243009, -0.00390251749195, 0.00314828776754, -0.00434753438458, 0.0144499707967, -0.00763142248616, 0.00219405977987, -0.00223876629025, 0.00241810665466, -0.0015759691596], [0.000181581737706, -0.0019879876636, 0.000595516641624, -0.000632041832432, 0.00164227955975, -0.0012445137836, 0.000533702375833, -0.00763142248616, 0.0144303170964, -0.0045656892471, 0.00348888570443, -0.00156188220717, 8.8811662863e-05], [-0.000608171685599, 0.00166342942975, -0.00209642085247, 0.000324756954797, -0.00166117132176, 0.00221422128379, -0.00190260121599, 0.00219405977987, -0.0045656892471, 0.0163093023002, -0.00797447003424, -0.000756772817113, 0.00118872500025], [0.000108070853457, -0.00281524518505, 0.00143339380156, -0.00119134422857, 0.00327514461242, -0.00214779679663, 0.00135256035719, -0.00223876629025, 0.00348888570443, -0.00797447003424, 0.0162175558507, -0.00379601772875, -0.000155799614731], [-0.000151355445269, 0.00224605831318, -0.00028419951559, -0.00110411026981, -0.00307358545251, 0.00319615984336, 0.000199751491891, 0.00241810665466, -0.00156188220717, -0.000756772817113, -0.00379601772875, 0.0137508455664, -0.00549519713968], [0.000266289280262, -0.00165106507484, 0.000947365711909, 0.000160342809977, 0.000888551119715, -0.00324211711995, 0.00230094394647, -0.0015759691596, 8.8811662863e-05, 0.00118872500025, -0.000155799614731, -0.00549519713968, 0.0161081086844]]
    },
    "melbands": {
        "dmean": [0.000280978798401, 0.000209913530853, 0.000103574428067, 0.000102124009572, 0.000159092989634, 0.000115842231025, 0.000169656195794, 0.000115866758279, 0.000170651357621, 0.000294875790132, 0.000169525868841, 0.000163069693372, 8.76482008607e-05, 5.82055290579e-05, 5.02992552356e-05, 4.98244335176e-05, 2.96095931844e-05, 3.2976095099e-05, 2.19565899897e-05, 1.56858786795e-05, 2.03922954825e-05, 1.72089567059e-05, 1.80544284376e-05, 9.33091905608e-06, 7.36726042305e-06, 6.12952317169e-06, 5.30890474693e-06, 4.43503586212e-06, 1.81830716883e-06, 1.6101289475e-06, 1.03143247543e-06, 7.63566333717e-07, 6.0519590761e-07, 6.04270553595e-07, 5.49133574168e-07, 5.15808039836e-07, 5.76736510993e-07, 4.51481099617e-07, 3.86288490972e-07, 3.29250241293e-07],
        "dmean2": [0.00043368266779, 0.00034304545261, 0.000179345763172, 0.000173042615643, 0.00024900995777, 0.00017826120893, 0.000258233107161, 0.000173942389665, 0.000259067659499, 0.000444492761744, 0.00026473775506, 0.000261731416686, 0.000141989628901, 9.59142416832e-05, 8.1882251834e-05, 8.12747821328e-05, 4.86672870466e-05, 5.40611545148e-05, 3.52613715222e-05, 2.45182800427e-05, 3.31764458679e-05, 2.80513249891e-05, 2.98214563372e-05, 1.51499225467e-05, 1.17858326121e-05, 9.84261077974e-06, 8.46163038659e-06, 7.00726650393e-06, 2.9079842534e-06, 2.60183082901e-06, 1.62426613315e-06, 1.19382514185e-06, 9.26689494918e-07, 9.11669133075e-07, 8.26851760394e-07, 7.63143361837e-07, 8.5932242655e-07, 6.46266698823e-07, 5.52596588932e-07, 4.78317986108e-07],
        "dvar": [2.52929567068e-07, 1.57162460823e-07, 7.2650941263e-08, 3.75651438844e-08, 1.01291504961e-07, 6.19127291657e-08, 1.13933928958e-07, 7.63862786357e-08, 2.20955314489e-07, 4.22841822001e-07, 1.76406672381e-07, 1.27279221829e-07, 2.92652408973e-08, 1.4752916222e-08, 9.49854239707e-09, 1.24319834427e-08, 4.47686154814e-09, 6.82075373959e-09, 2.17161622018e-09, 1.04795705447e-09, 1.42847011997e-09, 9.97267268765e-10, 9.9040209367e-10, 3.38713057602e-10, 1.81104964359e-10, 1.34679545294e-10, 1.46425649383e-10, 8.18720993778e-11, 1.46176005328e-11, 1.59081324502e-11, 1.10003811615e-11, 5.79211114834e-12, 5.84847795193e-12, 5.98092885981e-12, 7.26788204272e-12, 7.65078625453e-12, 1.0184100091e-11, 7.4480716733e-12, 6.77404096358e-12, 5.68526042216e-12],
        "dvar2": [6.21771391707e-07, 3.99197148226e-07, 1.94889111071e-07, 9.80184964305e-08, 2.42876495804e-07, 1.38928413662e-07, 2.4666792342e-07, 1.53451779283e-07, 4.98473980315e-07, 9.48923684518e-07, 4.24420051104e-07, 3.13910618388e-07, 7.59723874921e-08, 3.78371716181e-08, 2.35945254445e-08, 3.10680370319e-08, 1.18487957224e-08, 1.91443447761e-08, 5.38112709947e-09, 2.18862594714e-09, 3.60976581959e-09, 2.52446508142e-09, 2.65467092753e-09, 8.83125850226e-10, 4.40615072206e-10, 3.2014943474e-10, 3.50578566177e-10, 1.9486573466e-10, 3.31565365441e-11, 3.8148317838e-11, 2.55519060771e-11, 1.32380894441e-11, 1.23045055048e-11, 1.18402882984e-11, 1.46231794035e-11, 1.62925142128e-11, 1.93834531759e-11, 1.3302996725e-11, 1.16552019772e-11, 1.13593717765e-11],
        "max": [0.0064419452101, 0.00780602730811, 0.00397416623309, 0.00464597297832, 0.00772686582059, 0.00606768392026, 0.00815220363438, 0.00610398640856, 0.0109282294288, 0.0132173635066, 0.0113729778677, 0.0111801521853, 0.0035763727501, 0.00242808950134, 0.00213166931644, 0.00298508233391, 0.00217419280671, 0.00198910268955, 0.0012301664101, 0.00170608144253, 0.00086159852799, 0.000514000654221, 0.000582577020396, 0.000488944700919, 0.00029300575261, 0.000330848066369, 0.000425775506301, 0.000239106535446, 0.000117426767247, 9.80751574389e-05, 8.38935156935e-05, 5.88195143791e-05, 6.84402548359e-05, 8.35007886053e-05, 0.000109803404484, 0.000137840193929, 0.000110727516585, 0.000132838176796, 0.000112036432256, 8.39361819089e-05],
        "mean": [0.0005841954262, 0.000422161829192, 0.000129095147713, 0.000160200434038, 0.000296649697702, 0.000215012769331, 0.000321200030157, 0.000203391580726, 0.000335096410709, 0.000773716776166, 0.000418990617618, 0.000307231210172, 0.000165836565429, 0.000109299871838, 9.86941522569e-05, 9.27606670302e-05, 5.18361921422e-05, 6.01229730819e-05, 4.02112709708e-05, 3.18756792694e-05, 3.83366714232e-05, 3.08991366182e-05, 3.25972214341e-05, 1.81348095794e-05, 1.50350288095e-05, 1.22096171253e-05, 1.07551959445e-05, 8.7559747044e-06, 3.87732961826e-06, 2.98966278933e-06, 1.89062609479e-06, 1.46504203258e-06, 1.13486851205e-06, 1.10714029233e-06, 1.01620048554e-06, 9.2628351922e-07, 9.82333631327e-07, 7.84345729699e-07, 6.73545571317e-07, 5.4866308119e-07],
        "median": [0.00030595654971, 0.000238043168793, 5.97586331423e-05, 8.01921923994e-05, 0.000147391474457, 0.000103278165625, 0.000135040463647, 7.94446095824e-05, 9.67679807218e-05, 0.000181272203918, 8.19448323455e-05, 0.000106441373646, 6.85796912876e-05, 4.78679248772e-05, 4.59210641566e-05, 4.06176768593e-05, 2.38686025114e-05, 2.15620493691e-05, 1.76094945346e-05, 1.68632232089e-05, 1.71259562194e-05, 1.62922915479e-05, 1.66830141097e-05, 9.66392599366e-06, 7.69824509916e-06, 7.31348382033e-06, 5.95020583205e-06, 4.09761878473e-06, 1.91332856048e-06, 1.33316689244e-06, 7.65732465879e-07, 5.965599712e-07, 3.88016360375e-07, 3.60135800292e-07, 2.98037178936e-07, 2.44370795599e-07, 2.11677985362e-07, 1.576114812e-07, 1.00384028201e-07, 6.51515463801e-08],
        "min": [7.76376155877e-24, 7.53923675678e-24, 4.6684102062e-24, 2.86747026298e-23, 1.38642824741e-23, 8.44611046457e-24, 4.99379758023e-24, 3.40647454371e-24, 8.20969279557e-24, 1.35019949479e-23, 6.10633127031e-24, 3.68258335472e-24, 3.39597086076e-24, 5.85727131645e-24, 1.10985653282e-23, 1.43370941462e-23, 5.61002810926e-24, 7.49724647966e-24, 4.72012556056e-24, 5.77985171835e-24, 9.3145153703e-24, 7.88861772968e-24, 1.48945884588e-23, 7.98146192506e-24, 6.01022237407e-24, 1.16504650393e-23, 1.20041681811e-23, 6.64846843324e-24, 8.16556786084e-24, 1.02379535794e-23, 6.40899353382e-24, 7.20708135061e-24, 7.97763200536e-24, 7.64493465175e-24, 6.80921540876e-24, 6.84839418562e-24, 7.95326803631e-24, 8.76514159185e-24, 1.00310298419e-23, 1.24551402391e-23],
        "var": [5.72276121602e-07, 2.98426243717e-07, 6.32599750361e-08, 6.58496475126e-08, 2.11621355106e-07, 1.39039741498e-07, 3.13615544201e-07, 1.96972791855e-07, 5.6283960248e-07, 2.60587012235e-06, 1.10397547815e-06, 4.18980931727e-07, 7.76099255972e-08, 3.87754788278e-08, 3.05855962779e-08, 3.43221380206e-08, 1.00001420478e-08, 1.58503397074e-08, 4.62342386598e-09, 3.23718540862e-09, 3.33565575161e-09, 1.99707450577e-09, 2.09258033124e-09, 7.30512539349e-10, 5.19677079147e-10, 2.89552604116e-10, 2.54307491732e-10, 1.91727675403e-10, 4.10125128303e-11, 3.31863772574e-11, 2.30174854871e-11, 1.37755475429e-11, 1.34651491346e-11, 1.28702630151e-11, 1.36296503597e-11, 1.3195713619e-11, 2.23056659948e-11, 1.59501856167e-11, 1.44736523114e-11, 1.03899423787e-11]
    },
    "mfcc": {
        "mean": [-647.164123535, 120.407699585, -36.4112548828, 4.76584291458, -12.153424263, -10.0926933289, -0.77307009697, 3.9065451622, -2.54901123047, 3.18028283119, -3.92244458199, 1.5717921257, -1.19459593296],
        "cov": [[3929.75732422, -151.565139771, 377.330505371, 333.739593506, 430.709533691, 245.039916992, 239.746414185, 235.922546387, 231.040435791, 366.004882812, 196.468994141, 185.980804443, 160.945556641], [-151.565139771, 801.911621094, 220.485443115, 236.230728149, 222.814727783, 92.5562057495, 95.0262527466, 52.5035247803, 56.022151947, 117.318862915, 61.2660675049, 34.8891143799, 39.107673645], [377.330505371, 220.485443115, 1143.86279297, 433.95715332, 463.326507568, 218.408203125, 84.4626312256, -6.99659776688, 60.1828804016, 116.41847229, 96.4623413086, 82.5590362549, 84.5827178955], [333.739593506, 236.230728149, 433.95715332, 572.871948242, 306.608123779, 104.991600037, 32.4636268616, 43.262840271, 53.1988639832, 51.224773407, 76.0024871826, 135.041427612, 94.4040374756], [430.709533691, 222.814727783, 463.326507568, 306.608123779, 399.869171143, 145.833511353, 83.5607833862, 66.0766677856, 89.9004364014, 102.93938446, 64.3425827026, 50.5552978516, 61.598361969], [245.039916992, 92.5562057495, 218.408203125, 104.991600037, 145.833511353, 244.45362854, 125.863059998, 68.3838882446, 64.8551635742, 70.7656478882, 46.9354324341, 11.6115207672, 23.9316558838], [239.746414185, 95.0262527466, 84.4626312256, 32.4636268616, 83.5607833862, 125.863059998, 211.073989868, 77.9045639038, 50.422794342, 99.1092987061, 36.7754249573, 4.34027242661, 8.82710075378], [235.922546387, 52.5035247803, -6.99659776688, 43.262840271, 66.0766677856, 68.3838882446, 77.9045639038, 163.508163452, 98.9787826538, 75.5274658203, 44.1234092712, -4.66553640366, -2.39606308937], [231.040435791, 56.022151947, 60.1828804016, 53.1988639832, 89.9004364014, 64.8551635742, 50.422794342, 98.9787826538, 162.788604736, 91.5148925781, 46.3862571716, -5.67983722687, -7.75917482376], [366.004882812, 117.318862915, 116.41847229, 51.224773407, 102.93938446, 70.7656478882, 99.1092987061, 75.5274658203, 91.5148925781, 200.831954956, 71.465171814, 3.05407142639, 11.6414728165], [196.468994141, 61.2660675049, 96.4623413086, 76.0024871826, 64.3425827026, 46.9354324341, 36.7754249573, 44.1234092712, 46.3862571716, 71.465171814, 98.443359375, 41.9795227051, 18.5554065704], [185.980804443, 34.8891143799, 82.5590362549, 135.041427612, 50.5552978516, 11.6115207672, 4.34027242661, -4.66553640366, -5.67983722687, 3.05407142639, 41.9795227051, 143.78968811, 69.2079315186], [160.945556641, 39.107673645, 84.5827178955, 94.4040374756, 61.598361969, 23.9316558838, 8.82710075378, -2.39606308937, -7.75917482376, 11.6414728165, 18.5554065704, 69.2079315186, 104.897041321]],
