{
"lowlevel": {
    "average_loudness": 0.880934774876,
    "barkbands_crest": {
        "dmean": 2.41118144989,
        "dmean2": 3.86723804474,
        "dvar": 4.97078752518,
        "dvar2": 12.581741333,
        "max": 26.0331554413,
        "mean": 11.1640148163,
        "median": 10.1165990829,
        "min": 2.61901545525,
        "var": 22.6805267334
    },
    "barkbands_flatness_db": {
        "dmean": 0.0171086117625,
        "dmean2": 0.0263986643404,
        "dvar": 0.00024280649086,
        "dvar2": 0.000588764727581,
        "max": 0.364742934704,
        "mean": 0.151871651411,
        "median": 0.14597350359,
        "min": 0.0329076983035,
        "var": 0.00253363023512
    },
    "barkbands_kurtosis": {
        "dmean": 2.159709692,
        "dmean2": 3.41168570518,
        "dvar": 20.9925060272,
        "dvar2": 52.2410163879,
        "max": 162.524963379,
        "mean": 3.76933550835,
        "median": 1.54109191895,
        "min": -1.94275355339,
        "var": 76.684425354
    },
    "barkbands_skewness": {
        "dmean": 0.450688272715,
        "dmean2": 0.676172614098,
        "dvar": 0.246332272887,
        "dvar2": 0.53342217207,
        "max": 11.3714857101,
        "mean": 1.01082217693,
        "median": 0.88397449255,
        "min": -4.73463869095,
        "var": 1.67134320736
    },
    "barkbands_spread": {
        "dmean": 4.662109375,
        "dmean2": 7.08111906052,
        "dvar": 55.9474105835,
        "dvar2": 117.021087646,
        "max": 116.33895874,
        "mean": 20.5315322876,
        "median": 16.1996631622,
        "min": 0.825131118298,
        "var": 234.981445312
    },
    "dissonance": {
        "dmean": 0.0291608646512,
        "dmean2": 0.049893502146,
        "dvar": 0.000898973434232,
        "dvar2": 0.00246607675217,
        "max": 0.5,
        "mean": 0.442362934351,
        "median": 0.453772485256,
        "min": 0.122011557221,
        "var": 0.00185875524767
    },
    "dynamic_complexity": 2.83177685738,
    "erbbands_crest": {
        "dmean": 3.07793974876,
        "dmean2": 4.82638025284,
        "dvar": 8.19982337952,
        "dvar2": 19.6478996277,
        "max": 33.6227073669,
        "mean": 13.8002157211,
        "median": 12.4399375916,
        "min": 2.8149125576,
        "var": 42.1296463013
    },
    "erbbands_flatness_db": {
        "dmean": 0.0173030495644,
        "dmean2": 0.0262901037931,
        "dvar": 0.000267232593615,
        "dvar2": 0.000593321514316,
        "max": 0.40886721015,
        "mean": 0.191118240356,
        "median": 0.183646529913,
        "min": 0.0548636466265,
        "var": 0.00325144990347
    },
    "erbbands_kurtosis": {
        "dmean": 1.98309278488,
        "dmean2": 3.11544275284,
        "dvar": 8.48334217072,
        "dvar2": 20.9941482544,
        "max": 53.9125595093,
        "mean": 3.56742119789,
        "median": 1.27322816849,
        "min": -1.93287956715,
        "var": 36.8547172546
    },
    "erbbands_skewness": {
        "dmean": 0.416771322489,
        "dmean2": 0.632031798363,
        "dvar": 0.180517405272,
        "dvar2": 0.389021486044,
        "max": 6.75644683838,
        "mean": 0.778491139412,
        "median": 0.727898716927,
        "min": -4.16567468643,
        "var": 1.18650364876
    },
    "erbbands_spread": {
        "dmean": 6.54997777939,
        "dmean2": 9.98104667664,
        "dvar": 87.3304138184,
        "dvar2": 189.600723267,
        "max": 151.748138428,
        "mean": 28.933675766,
        "median": 24.9467029572,
        "min": 1.48716437817,
        "var": 461.349853516
    },
    "hfc": {
        "dmean": 7.8922495842,
        "dmean2": 11.8954725266,
        "dvar": 360.589141846,
        "dvar2": 862.154602051,
        "max": 673.119628906,
        "mean": 25.2307434082,
        "median": 19.8923206329,
        "min": 1.23838956511e-16,
        "var": 655.005310059
    },
    "melbands_crest": {
        "dmean": 2.81497812271,
        "dmean2": 4.56078386307,
        "dvar": 6.84831857681,
        "dvar2": 17.5690670013,
        "max": 33.4076080322,
        "mean": 13.5692033768,
        "median": 12.6027603149,
        "min": 1.97029054165,
        "var": 25.5249462128
    },
    "melbands_flatness_db": {
        "dmean": 0.0182499065995,
        "dmean2": 0.0277049131691,
        "dvar": 0.000298960600048,
        "dvar2": 0.00066828308627,
        "max": 0.417995601892,
        "mean": 0.205678492785,
        "median": 0.202250286937,
        "min": 0.00681807007641,
        "var": 0.00325258704834
    },
    "melbands_kurtosis": {
        "dmean": 4.09511852264,
        "dmean2": 6.40183019638,
        "dvar": 88.6336593628,
        "dvar2": 222.589263916,
        "max": 280.831512451,
        "mean": 8.72578239441,
        "median": 3.82728815079,
        "min": -1.88012206554,
        "var": 331.342712402
    },
    "melbands_skewness": {
        "dmean": 0.543027997017,
        "dmean2": 0.824531495571,
        "dvar": 0.351776242256,
        "dvar2": 0.807288110256,
        "max": 12.9061775208,
        "mean": 1.66117143631,
        "median": 1.46299481392,
        "min": -2.21136808395,
        "var": 2.59930205345
    },
    "melbands_spread": {
        "dmean": 6.54029512405,
        "dmean2": 9.81991672516,
        "dvar": 180.018264771,
        "dvar2": 353.72177124,
        "max": 253.208175659,
        "mean": 25.7344474792,
        "median": 20.717250824,
        "min": 0.938293576241,
        "var": 491.231231689
    },
    "pitch_salience": {
        "dmean": 0.0580471791327,
        "dmean2": 0.0940113887191,
        "dvar": 0.00277873966843,
        "dvar2": 0.00696973595768,
        "max": 0.969719231129,
        "mean": 0.508921384811,
        "median": 0.507360696793,
        "min": 0.118744261563,
        "var": 0.0140023780987
    },
    "silence_rate_20dB": {
        "dmean": 0,
        "dmean2": 0,
        "dvar": 0,
        "dvar2": 0,
        "max": 1,
        "mean": 1,
        "median": 1,
        "min": 1,
        "var": 0
    },
    "silence_rate_30dB": {
        "dmean": 0,
        "dmean2": 0,
        "dvar": 0,
        "dvar2": 0,
        "max": 1,
        "mean": 1,
        "median": 1,
        "min": 1,
        "var": 0
    },
    "silence_rate_60dB": {
        "dmean": 0.00649675168097,
        "dmean2": 0.0128701739013,
        "dvar": 0.00645434111357,
        "dvar2": 0.0152052687481,
        "max": 1,
        "mean": 0.0454715788364,
        "median": 0,
        "min": 0,
        "var": 0.0434110760689
    },
    "spectral_centroid": {
        "dmean": 206.068389893,
        "dmean2": 300.563842773,
        "dvar": 114342.3125,
        "dvar2": 208508.40625,
        "max": 10931.6953125,
        "mean": 1340.56677246,
        "median": 1131.44580078,
        "min": 303.089996338,
        "var": 494080.4375
    },
    "spectral_complexity": {
        "dmean": 2.23713135719,
        "dmean2": 3.65350484848,
        "dvar": 4.84560394287,
        "dvar2": 11.2126255035,
        "max": 42,
        "mean": 14.5442848206,
        "median": 14,
        "min": 0,
        "var": 34.1909980774
    },
    "spectral_decrease": {
        "dmean": 1.52515688967e-09,
        "dmean2": 2.43054221194e-09,
        "dvar": 3.3346382256e-18,
        "dvar2": 8.22141180107e-18,
        "max": 2.99866269191e-29,
        "mean": -6.14834627655e-09,
        "median": -5.64304247774e-09,
        "min": -2.75234857128e-08,
        "var": 1.49014833729e-17
    },
    "spectral_energy": {
        "dmean": 0.00632880907506,
        "dmean2": 0.010049443692,
        "dvar": 5.55479200557e-05,
        "dvar2": 0.000136714108521,
        "max": 0.110481619835,
        "mean": 0.0254937727004,
        "median": 0.0235336553305,
        "min": 1.11193794232e-20,
        "var": 0.000247373507591
    },
    "spectral_energyband_high": {
        "dmean": 0.00044876683387,
        "dmean2": 0.00067307043355,
        "dvar": 3.690651738e-06,
        "dvar2": 8.62321030581e-06,
        "max": 0.0656790658832,
        "mean": 0.000848808092996,
        "median": 0.000279690662865,
        "min": 8.15526332425e-21,
        "var": 5.39741449757e-06
    },
    "spectral_energyband_low": {
        "dmean": 0.00170702906325,
        "dmean2": 0.00282674632035,
        "dvar": 1.13064279503e-05,
        "dvar2": 3.0167042496e-05,
        "max": 0.0525608025491,
        "mean": 0.00478033255786,
        "median": 0.00386032322422,
        "min": 5.89506288141e-23,
        "var": 2.68310323008e-05
    },
    "spectral_energyband_middle_high": {
        "dmean": 0.00354672269896,
        "dmean2": 0.00540409516543,
        "dvar": 3.31025948981e-05,
        "dvar2": 7.50094040995e-05,
        "max": 0.0961441248655,
        "mean": 0.0108456565067,
        "median": 0.00497417477891,
        "min": 1.6765720141e-21,
        "var": 0.000164796016179
    },
    "spectral_energyband_middle_low": {
        "dmean": 0.00316174840555,
        "dmean2": 0.00501544866711,
        "dvar": 2.22016933549e-05,
        "dvar2": 5.73928045924e-05,
        "max": 0.0900537222624,
        "mean": 0.0096880113706,
        "median": 0.00759017514065,
        "min": 3.20049452055e-22,
        "var": 6.39391946606e-05
    },
    "spectral_entropy": {
        "dmean": 0.150514826179,
        "dmean2": 0.222330346704,
        "dvar": 0.0221467614174,
        "dvar2": 0.0446373820305,
        "max": 9.78332996368,
        "mean": 7.28017139435,
        "median": 7.28714227676,
        "min": 5.34736442566,
        "var": 0.246977806091
    },
    "spectral_flux": {
        "dmean": 0.0229453779757,
        "dmean2": 0.0368242003024,
        "dvar": 0.000556041661184,
        "dvar2": 0.0013238301035,
        "max": 0.292041033506,
        "mean": 0.076798453927,
        "median": 0.0711069479585,
        "min": 1.05448469401e-10,
        "var": 0.00162622053176
    },
    "spectral_kurtosis": {
        "dmean": 1.49856340885,
        "dmean2": 2.50171303749,
        "dvar": 2.99075174332,
        "dvar2": 8.43527698517,
        "max": 32.9143714905,
        "mean": 5.4803481102,
        "median": 4.70588588715,
        "min": -1.65360867977,
        "var": 14.2363862991
    },
    "spectral_rms": {
        "dmean": 0.000598760962021,
        "dmean2": 0.000936479773372,
        "dvar": 3.84100644624e-07,
        "dvar2": 9.06103878151e-07,
        "max": 0.0103820487857,
        "mean": 0.0047057820484,
        "median": 0.00479162437841,
        "min": 3.29365679695e-12,
        "var": 2.7276291803e-06
    },
    "spectral_rolloff": {
        "dmean": 423.647125244,
        "dmean2": 718.972595215,
        "dvar": 1425736.5,
        "dvar2": 2954209,
        "max": 18733.8867188,
        "mean": 1657.52441406,
        "median": 1012.06054688,
        "min": 107.666015625,
        "var": 3208779
    },
    "spectral_skewness": {
        "dmean": 0.199977368116,
        "dmean2": 0.316379070282,
        "dvar": 0.0411700718105,
        "dvar2": 0.0947780534625,
        "max": 4.40384912491,
        "mean": 1.80403590202,
        "median": 1.74851942062,
        "min": -0.682267785072,
        "var": 0.318835020065
    },
    "spectral_spread": {
        "dmean": 499503.375,
        "dmean2": 714268.8125,
        "dvar": 829105307648,
        "dvar2": 1.21189302272e+12,
        "max": 42166888,
        "mean": 4797233,
        "median": 4320779,
        "min": 1562069.625,
        "var": 4.60553872998e+12
    },
    "spectral_strongpeak": {
        "dmean": 0.89049321413,
        "dmean2": 1.46733725071,
        "dvar": 1.67368721962,
        "dvar2": 4.10513067245,
        "max": 22.1913280487,
        "mean": 2.25009512901,
        "median": 1.24069130421,
        "min": 4.81484008219e-09,
        "var": 5.43218135834
    },
    "zerocrossingrate": {
        "dmean": 0.00951995886862,
        "dmean2": 0.010704359971,
        "dvar": 0.000306193163851,
        "dvar2": 0.000298710889183,
        "max": 0.50830078125,
        "mean": 0.0648475959897,
        "median": 0.052734375,
        "min": 0.01123046875,
        "var": 0.00199776678346
    },
    "barkbands": {
        "dmean": [8.96704295883e-05, 0.00113381608389, 0.0007910260465, 0.000360941921826, 0.000810602738056, 0.00132120889612, 0.000625936605502, 0.000585393514484, 0.000777941197157, 0.00163653795607, 0.00124040362425, 0.00117147958372, 0.000253666687058, 0.000180631133844, 0.000186235862202, 0.000110221531941, 0.000171007690369, 0.00026941834949, 0.000149336483446, 0.000173451277078, 3.86764040741e-05, 2.86074482574e-05, 5.81856584176e-05, 0.000128310406581, 0.000173759675818, 2.25358362513e-05, 9.11808911042e-07],
        "dmean2": [0.000137020397233, 0.00186131615192, 0.00133518746588, 0.000605562352575, 0.0013354208786, 0.00209485879168, 0.00097838183865, 0.000946547195781, 0.00121143390425, 0.00248800730333, 0.00187161483336, 0.00184653501492, 0.000392836955143, 0.000279724510619, 0.00029699964216, 0.000165369987371, 0.000261830427917, 0.000400527846068, 0.000226706499234, 0.000261671113549, 6.14915115875e-05, 4.42351993115e-05, 9.17853540159e-05, 0.000191978309886, 0.000274453661405, 3.27976667904e-05, 1.4184305428e-06],
        "dvar": [6.44152962082e-08, 5.14693510922e-06, 3.34154810844e-06, 4.88037528612e-07, 2.28881026487e-06, 6.40579764877e-06, 1.92295851775e-06, 3.2444286262e-06, 5.74996556679e-06, 2.01154107344e-05, 1.48566196003e-05, 9.73114674707e-06, 1.0010734286e-06, 2.48872851216e-07, 2.28099892752e-07, 9.18687987905e-08, 2.57864513742e-07, 4.30470066703e-07, 1.03861644618e-07, 1.56245249627e-07, 3.5722813152e-08, 2.24577760832e-08, 7.15015389119e-08, 4.74153750929e-07, 1.89754553048e-06, 4.07657232415e-08, 2.02109735198e-11],
        "dvar2": [1.30381963004e-07, 1.33078256113e-05, 9.42160022532e-06, 1.31678973503e-06, 6.23136475042e-06, 1.69074883161e-05, 4.44459737992e-06, 8.63505829329e-06, 1.35913815029e-05, 4.55292793049e-05, 3.14041426464e-05, 2.30777350225e-05, 2.32589309235e-06, 5.51963694306e-07, 5.49397555005e-07, 1.85924506013e-07, 5.68396558265e-07, 8.65979416176e-07, 2.28336247687e-07, 3.27160734059e-07, 8.52929673556e-08, 4.60972806593e-08, 1.76259490559e-07, 1.08526592157e-06, 5.15171905136e-06, 7.84328832992e-08, 4.20423106051e-11],
        "max": [0.00421964749694, 0.035003900528, 0.0297601521015, 0.0105526261032, 0.0240883827209, 0.0548359341919, 0.0274819508195, 0.0665437430143, 0.0701859295368, 0.0863249376416, 0.0890957340598, 0.0624567121267, 0.0420783832669, 0.0103225428611, 0.0103390142322, 0.00679602194577, 0.0123942485079, 0.0110482266173, 0.00724310707301, 0.00844679865986, 0.00964521430433, 0.00633034668863, 0.0098162330687, 0.0226665660739, 0.064255386591, 0.0125433867797, 0.000294865836622],
        "mean": [0.000154333058163, 0.00286120967939, 0.00145705998875, 0.000635220028926, 0.00196941150352, 0.00291612953879, 0.00119217287283, 0.000916906632483, 0.00133657979313, 0.00348706659861, 0.00230842363089, 0.00267754471861, 0.000458078167867, 0.000276060251053, 0.000353700947016, 0.00018517675926, 0.000427770981332, 0.000529539771378, 0.000323172047501, 0.000350905378582, 6.88155487296e-05, 5.30508878001e-05, 9.86468148767e-05, 0.000198185953195, 0.000223428040044, 3.41156592185e-05, 1.08465792437e-06],
        "median": [2.04307834792e-05, 0.00204047001898, 0.00081676634727, 0.000336979603162, 0.00127522752155, 0.00147297314834, 0.000335604767315, 0.000332880561473, 0.000405810395023, 0.000319490180118, 0.000295946112601, 0.00023772433633, 8.54619429447e-05, 7.22711483832e-05, 8.68677307153e-05, 6.16809047642e-05, 6.57272685203e-05, 0.00012572669948, 0.000103688900708, 0.000108304862806, 2.36820924329e-05, 1.61009320436e-05, 3.10939940391e-05, 4.91536738991e-05, 3.52095230483e-05, 6.63300079395e-06, 1.23965634202e-07],
        "min": [4.37668392142e-24, 3.01489605993e-23, 1.16980712172e-23, 2.34194059425e-23, 7.23653347251e-23, 5.80255032315e-23, 1.01141442269e-23, 5.94119988477e-23, 3.90732998439e-23, 1.23814521108e-22, 4.75319744961e-23, 1.78112814335e-22, 1.52415310627e-22, 5.90878906116e-23, 1.60126785696e-22, 1.44049131493e-22, 1.62670982022e-22, 2.04255854061e-22, 3.65786597598e-22, 3.11275501253e-22, 3.1747453433e-22, 5.63216192121e-22, 5.40141215471e-22, 7.87744584999e-22, 1.43360881277e-21, 1.93339049069e-21, 2.5415905861e-21],
        "var": [1.85814243991e-07, 1.2048481949e-05, 3.91941011912e-06, 7.97627080829e-07, 5.28820964973e-06, 1.68986480276e-05, 5.59607406103e-06, 3.86849023926e-06, 9.6335015769e-06, 8.13804799691e-05, 4.57128844573e-05, 4.45069817943e-05, 3.61067031918e-06, 4.74868528499e-07, 7.38594053473e-07, 2.10723626992e-07, 1.49908714775e-06, 1.51023618855e-06, 3.25948661839e-07, 4.5583510655e-07, 6.13211312839e-08, 4.12677430006e-08, 8.5131780736e-08, 6.03210253303e-07, 1.78546599727e-06, 5.61471615868e-08, 2.6120237917e-11]
    },
    "erbbands": {
        "dmean": [0.0363935679197, 0.270270615816, 0.864086210728, 0.965681791306, 1.62712037563, 3.08601331711, 5.88820362091, 13.9242668152, 9.53538894653, 9.60550117493, 13.9561395645, 13.9688158035, 39.3778648376, 58.0966682434, 39.0852851868, 41.9903488159, 12.2536897659, 8.03334617615, 10.5275669098, 5.22805690765, 6.45016813278, 9.28271484375, 14.5371847153, 9.0542755127, 6.83832550049, 8.4471540451, 2.51071238518, 1.2102149725, 1.04808008671, 1.1843585968, 1.74596297741, 2.13254117966, 2.56961512566, 2.72185087204, 0.789709031582, 0.155189961195, 0.0339569225907, 0.00392719684169, 0.000119381053082, 1.26000541059e-05],
        "dmean2": [0.0581035465002, 0.447837114334, 1.46004354954, 1.61443126202, 2.72254943848, 5.12732124329, 9.15989017487, 22.3192558289, 14.7421102524, 15.12961483, 22.1673126221, 22.1246528625, 60.2968521118, 88.2302322388, 57.9299125671, 63.6949539185, 18.4951210022, 12.3494987488, 16.4218769073, 8.39859294891, 9.63248634338, 13.4557361603, 20.2256069183, 13.6417741776, 10.3254747391, 12.5289831161, 3.93312954903, 1.90789198875, 1.62401950359, 1.82526791096, 2.72418856621, 3.24817585945, 3.86931443214, 4.37661600113, 1.24671697617, 0.232795879245, 0.0490624159575, 0.00590864522383, 0.000179082533577, 1.93498399312e-05],
        "dvar": [0.00909624155611, 0.286664456129, 3.88987898827, 4.07817459106, 8.52117347717, 40.4726600647, 127.294235229, 873.641540527, 405.723846436, 524.168518066, 2210.20703125, 1998.81359863, 14110.7167969, 24795.3984375, 10186.7685547, 12675.609375, 1812.20727539, 524.742675781, 744.627807617, 146.055526733, 309.49130249, 844.637573242, 1319.69482422, 378.632843018, 196.475326538, 481.785400391, 78.6816711426, 38.995136261, 34.234500885, 35.6808738708, 70.6989746094, 86.3163299561, 252.495941162, 656.098571777, 30.6099357605, 2.34727597237, 0.0416911654174, 0.000417804229073, 3.29410511313e-07, 1.17413168077e-09],
        "dvar2": [0.0217678006738, 0.739938378334, 10.806063652, 11.0196895599, 23.4124965668, 111.15499115, 306.786315918, 2368.27661133, 985.539001465, 1265.48999023, 5885.64306641, 5122.72509766, 33644.2148438, 57108.765625, 21718.3027344, 28497.9433594, 4058.05200195, 1176.43811035, 1793.36120605, 354.312713623, 641.864196777, 1603.83117676, 2332.03466797, 826.467834473, 408.889312744, 990.741699219, 187.225341797, 85.823348999, 72.8351821899, 78.349357605, 177.109939575, 195.09085083, 594.913024902, 1859.25598145, 75.023727417, 4.66545009613, 0.0678750947118, 0.000784300733358, 6.34869195437e-07, 2.52320964123e-09],
        "max": [1.78842449188, 8.1086025238, 33.8115386963, 30.4981842041, 52.5079574585, 97.4633712769, 260.34942627, 704.198669434, 399.75390625, 469.213012695, 1843.01965332, 1049.13391113, 2360.76049805, 3516.23974609, 2598.05541992, 2438.02734375, 1888.85253906, 553.48651123, 601.360168457, 415.735595703, 404.897918701, 855.554138184, 769.75201416, 466.663330078, 423.121948242, 455.872467041, 368.70425415, 382.022369385, 256.86706543, 304.669799805, 356.766387939, 232.532180786, 614.491699219, 1306.40441895, 159.866622925, 91.0373840332, 11.9015245438, 1.20172190666, 0.0287010446191, 0.00106948881876],
        "mean": [0.0765448212624, 0.652190804482, 1.75456488132, 1.90969693661, 3.10293936729, 6.50156497955, 14.7992153168, 28.5572891235, 19.393037796, 17.2343940735, 23.9225196838, 24.9860458374, 83.4963684082, 129.30531311, 84.3511276245, 92.6667938232, 24.8449783325, 14.2495498657, 21.735458374, 10.2551956177, 13.1401348114, 25.2135601044, 30.61287117, 19.7554950714, 16.8820648193, 17.4071807861, 4.89496612549, 2.33073997498, 1.90806829929, 2.10416436195, 2.98454022408, 3.5276362896, 3.76034784317, 3.43340611458, 0.991330206394, 0.21372795105, 0.056096162647, 0.00645646126941, 0.000195648535737, 4.04237180192e-05],
        "median": [0.0372345373034, 0.470629483461, 1.09408092499, 1.1486312151, 1.99302721024, 4.19180297852, 6.99306535721, 12.5428714752, 8.33469009399, 5.93020915985, 9.21449947357, 9.35577011108, 15.0373849869, 17.8745269775, 17.8610172272, 10.7361068726, 6.14901065826, 4.85170698166, 4.59205007553, 4.87345314026, 4.13654279709, 4.26467752457, 7.3065533638, 7.08763933182, 5.26409387589, 5.12857627869, 1.79053640366, 0.842241823673, 0.575148820877, 0.638849794865, 0.946875214577, 1.01733911037, 0.799994051456, 0.571684479713, 0.127780348063, 0.0294790491462, 0.0124995736405, 0.00153927586507, 5.95280580455e-05, 3.48802750523e-05],
        "min": [1.09875838638e-21, 6.22333170874e-21, 1.28091268533e-20, 5.21185404402e-20, 7.20026408157e-20, 3.86541810439e-19, 4.64203006417e-19, 3.43048731379e-19, 9.98110506801e-20, 4.35762520704e-19, 1.53519386375e-18, 9.43425131216e-19, 4.02685046594e-18, 2.11336457419e-18, 2.61523717891e-18, 6.37903986736e-18, 7.9939975168e-18, 3.73768342663e-18, 3.74748717125e-18, 1.172669139e-17, 6.32210461221e-18, 1.1554319358e-17, 9.37833803865e-18, 1.29821695801e-17, 1.93483352084e-17, 1.87385459326e-17, 1.06518611738e-17, 1.60671661444e-17, 2.05121915652e-17, 1.81587221017e-17, 1.44217550135e-17, 1.47349222847e-17, 1.37156058138e-17, 1.58123117977e-17, 1.06714852067e-17, 7.72524819015e-18, 3.63555060922e-18, 1.28233891596e-18, 3.56930657365e-19, 3.72733755559e-20],
        "var": [0.0179884880781, 0.590887665749, 4.90061950684, 6.14087295532, 13.7354154587, 62.8859291077, 468.457794189, 1988.16320801, 1075.66333008, 1137.6583252, 2529.31762695, 2739.95532227, 49078.2734375, 92970.0390625, 34087.5390625, 50518.3984375, 7523.4765625, 1022.83575439, 2647.63037109, 385.43460083, 1000.71533203, 5209.24853516, 4942.19824219, 1102.53759766, 815.775756836, 1427.60266113, 145.79598999, 73.5765838623, 58.1687240601, 56.7907295227, 77.4933547974, 125.0470047, 293.197845459, 519.680664062, 36.1302871704, 3.01559662819, 0.0765707939863, 0.000709554122295, 5.28869975369e-07, 1.97854910233e-09]
    },
    "gfcc": {
        "mean": [-8.28737831116, 87.0715026855, -118.953727722, 14.8688106537, -67.0535888672, 14.1559257507, -39.3640937805, 19.1511878967, -34.6203956604, -4.45657873154, -4.60860729218, 1.38122427464, -5.30490970612],
        "cov": [[4338.84277344, -186.020263672, 621.166992188, 940.791442871, 374.50088501, 343.316802979, -29.2440032959, 290.135437012, -32.9379920959, 172.964035034, 313.543365479, 97.9240493774, -157.05519104], [-186.020263672, 1254.16125488, 165.119735718, 74.6674880981, 262.313201904, -37.118270874, 233.80305481, -50.1570358276, 57.6433868408, -91.6031188965, 40.7566833496, -41.0719985962, 92.7707214355], [621.166992188, 165.119735718, 866.235168457, 340.94354248, 42.3502922058, 141.673706055, -108.686233521, 62.1236495972, 10.2007884979, 44.5908508301, 8.52433681488, 76.4323577881, 33.7771720886], [940.791442871, 74.6674880981, 340.94354248, 672.196533203, 240.718444824, 118.483345032, -7.9592423439, 87.4289169312, 85.4007415771, 72.0835571289, 49.3951644897, 55.2270736694, -21.3241214752], [374.50088501, 262.313201904, 42.3502922058, 240.718444824, 387.8046875, 126.049613953, 126.370864868, 70.9235305786, -0.180859610438, -15.7790374756, 49.3328971863, -0.145534068346, -15.4894599915], [343.316802979, -37.118270874, 141.673706055, 118.483345032, 126.049613953, 322.25289917, 137.028015137, 21.0168190002, -21.1315822601, 26.8895435333, 9.64510822296, -27.4380111694, -38.2312660217], [-29.2440032959, 233.80305481, -108.686233521, -7.9592423439, 126.370864868, 137.028015137, 357.665496826, -3.3377995491, -15.7324571609, 10.141204834, -21.8818416595, -45.054473877, -9.1754655838], [290.135437012, -50.1570358276, 62.1236495972, 87.4289169312, 70.9235305786, 21.0168190002, -3.3377995491, 184.377807617, 45.3933830261, -24.633392334, 8.77974700928, -7.08714914322, 3.6701900959], [-32.9379920959, 57.6433868408, 10.2007884979, 85.4007415771, -0.180859610438, -21.1315822601, -15.7324571609, 45.3933830261, 160.319717407, 28.8585548401, -30.1830654144, 0.932598888874, 1.45032453537], [172.964035034, -91.6031188965, 44.5908508301, 72.0835571289, -15.7790374756, 26.8895435333, 10.141204834, -24.633392334, 28.8585548401, 148.029190063, 34.6442375183, 3.67785906792, -40.1550559998], [313.543365479, 40.7566833496, 8.52433681488, 49.3951644897, 49.3328971863, 9.64510822296, -21.8818416595, 8.77974700928, -30.1830654144, 34.6442375183, 186.922653198, 27.3564357758, -24.5274181366], [97.9240493774, -41.0719985962, 76.4323577881, 55.2270736694, -0.145534068346, -27.4380111694, -45.054473877, -7.08714914322, 0.932598888874, 3.67785906792, 27.3564357758, 120.775680542, 30.4740352631], [-157.05519104, 92.7707214355, 33.7771720886, -21.3241214752, -15.4894599915, -38.2312660217, -9.1754655838, 3.6701900959, 1.45032453537, -40.1550559998, -24.5274181366, 30.4740352631, 112.519607544]],
        "icov": [[0.000460928742541, -5.69421717955e-05, 3.07069603878e-06, -0.000546517781913, 0.000167377045727, -0.000254853075603, 8.61846929183e-05, -0.000685664999764, 0.000548364536371, -0.000260032655206, -0.000378050404834, -0.00023054232588, 0.000431823747931], [-5.69421717955e-05, 0.0024768600706, -0.00155784073286, 0.000552360783331, -0.00196093763225, 0.00206687417813, -0.00221355096437, 0.00263485778123, -0.00254279864021, 0.00226181885228, -0.00184031424578, 0.00217220839113, -0.00153291772585], [3.07069603878e-06, -0.00155784073286, 0.0028657624498, -0.0011864277767, 0.00164596666582, -0.00234156614169, 0.00215288158506, -0.00208502705209, 0.00214117742144, -0.00186008191667, 0.00154100591317, -0.00197606813163, 5.78228136874e-05], [-0.000546517781913, 0.000552360783331, -0.0011864277767, 0.00374866533093, -0.0023899988737, 0.000530830468051, -0.000149713974679, 0.00104753195774, -0.00241541909054, -0.000292537937639, 2.21262471314e-05, -8.77412530826e-05, -0.000391364796087], [0.000167377045727, -0.00196093763225, 0.00164596666582, -0.0023899988737, 0.00631005922332, -0.00246134283952, 0.000380794954253, -0.00315992091782, 0.00263158534653, -0.000310653500492, 0.000297197984764, -0.00179699703585, 0.00147650041617], [-0.000254853075603, 0.00206687417813, -0.00234156614169, 0.000530830468051, -0.00246134283952, 0.00682048965245, -0.00364819774404, 0.00240334263071, -0.00163780944422, 0.00171299057547, -0.00128734833561, 0.00273827789351, -4.34155881521e-05], [8.61846929183e-05, -0.00221355096437, 0.00215288158506, -0.000149713974679, 0.000380794954253, -0.00364819774404, 0.00633852509782, -0.00221692561172, 0.00253946566954, -0.00306266453117, 0.00243728421628, -0.00129733339418, 0.000429676292697], [-0.000685664999764, 0.00263485778123, -0.00208502705209, 0.00104753195774, -0.00315992091782, 0.00240334263071, -0.00221692561172, 0.0106384716928, -0.00569245778024, 0.00465376768261, -0.00224916427396, 0.00359381735325, -0.00218065246008], [0.000548364536371, -0.00254279864021, 0.00214117742144, -0.00241541909054, 0.00263158534653, -0.00163780944422, 0.00253946566954, -0.00569245778024, 0.0115802418441, -0.00482461228967, 0.00344335264526, -0.00241476530209, 0.0014934920473], [-0.000260032655206, 0.00226181885228, -0.00186008191667, -0.000292537937639, -0.000310653500492, 0.00171299057547, -0.00306266453117, 0.00465376768261, -0.00482461228967, 0.0119149908423, -0.00356097426265, 0.00193098245654, 0.00142796942964], [-0.000378050404834, -0.00184031424578, 0.00154100591317, 2.21262471314e-05, 0.000297197984764, -0.00128734833561, 0.00243728421628, -0.00224916427396, 0.00344335264526, -0.00356097426265, 0.00860300380737, -0.00314522371627, 0.00181879487354], [-0.00023054232588, 0.00217220839113, -0.00197606813163, -8.77412530826e-05, -0.00179699703585, 0.00273827789351, -0.00129733339418, 0.00359381735325, -0.00241476530209, 0.00193098245654, -0.00314522371627, 0.0126419086009, -0.00446538906544], [0.000431823747931, -0.00153291772585, 5.78228136874e-05, -0.000391364796087, 0.00147650041617, -4.34155881521e-05, 0.000429676292697, -0.00218065246008, 0.0014934920473, 0.00142796942964, 0.00181879487354, -0.00446538906544, 0.0130532858893]]
    },
    "melbands": {
        "dmean": [0.000304491462884, 0.000401980098104, 0.000178566639079, 0.000155352026923, 0.000192057690583, 0.00028979362105, 0.000143540542922, 0.000105566366983, 0.000114902330097, 0.000100179844594, 0.000206581680686, 0.000241166111664, 0.0001439054613, 0.00014555072994, 5.65148948226e-05, 2.22628241318e-05, 1.53696837515e-05, 1.82234325621e-05, 1.19704191093e-05, 5.18543674843e-06, 9.38737321121e-06, 1.14562599265e-05, 1.35929103635e-05, 1.50316918734e-05, 7.8494367699e-06, 5.49097285329e-06, 6.52723156236e-06, 6.10709867033e-06, 2.12971099245e-06, 8.75949467627e-07, 7.15580597443e-07, 6.48946979709e-07, 5.63705725654e-07, 7.68337201862e-07, 9.8060968412e-07, 1.28558770029e-06, 1.39427436352e-06, 1.84182067642e-06, 2.06072331821e-06, 2.61268655777e-06],
        "dmean2": [0.000488239893457, 0.000673489994369, 0.000298094964819, 0.000260537723079, 0.000302079337416, 0.000463357719127, 0.000222464950639, 0.000167010701261, 0.000181262919796, 0.000157109127031, 0.000315697892802, 0.000366054242477, 0.000210048398003, 0.000228243443416, 8.19078559289e-05, 3.45473417838e-05, 2.37022304646e-05, 2.81298398477e-05, 1.89093207155e-05, 8.35592800286e-06, 1.37943325171e-05, 1.59637456818e-05, 1.82432613656e-05, 2.18362438318e-05, 1.18700063467e-05, 8.41666951601e-06, 9.75807961368e-06, 9.34191666602e-06, 3.34232845489e-06, 1.39068856697e-06, 1.14973852305e-06, 1.02891021925e-06, 8.86170198555e-07, 1.20011918625e-06, 1.55220698161e-06, 2.03455851988e-06, 2.14011356547e-06, 2.83756617137e-06, 3.16645355269e-06, 4.29876854469e-06],
        "dvar": [4.51252759603e-07, 7.65408458392e-07, 1.25967318354e-07, 1.00158921157e-07, 1.24353718434e-07, 3.45858268247e-07, 8.20226020437e-08, 6.27429344036e-08, 1.54856536483e-07, 9.82261170179e-08, 3.80234325803e-07, 4.1234588366e-07, 1.48801461819e-07, 1.66647865285e-07, 3.00193718772e-08, 6.91816515186e-09, 2.06217065646e-09, 2.32491426111e-09, 9.75516112334e-10, 1.38045297415e-10, 7.71359476293e-10, 1.46228573694e-09, 1.5919870977e-09, 1.65976088429e-09, 3.3916719433e-10, 1.51998566511e-10, 2.31015151453e-10, 2.82173062693e-10, 5.70852948245e-11, 2.0042188395e-11, 1.28222901047e-11, 1.3311312122e-11, 7.44137217124e-12, 1.51083225791e-11, 2.35954797367e-11, 3.10184031238e-11, 3.84826441546e-11, 1.55879795183e-10, 1.46421916258e-10, 9.41081212957e-10],
        "dvar2": [1.13220812636e-06, 2.05924197871e-06, 3.39224385471e-07, 2.75218866364e-07, 3.11186255431e-07, 9.32286638999e-07, 1.94764126604e-07, 1.5494327954e-07, 4.08938319651e-07, 2.39690109538e-07, 8.95537027645e-07, 9.50282810663e-07, 3.03514440247e-07, 3.92310226971e-07, 6.08948695913e-08, 1.46663765577e-08, 4.58442794837e-09, 5.38035749287e-09, 2.32498997832e-09, 3.21519616486e-10, 1.4995540365e-09, 2.64556510032e-09, 2.51205123369e-09, 3.20293636058e-09, 7.38788752397e-10, 3.26060067835e-10, 4.54502463443e-10, 6.15179684971e-10, 1.41667386155e-10, 4.69096532452e-11, 2.83225803921e-11, 2.93256322004e-11, 1.58900149982e-11, 3.45455677953e-11, 6.02975933073e-11, 7.62650637087e-11, 8.79329387082e-11, 3.861541642e-10, 3.31129956788e-10, 2.72469269369e-09],
        "max": [0.0124135548249, 0.0153666976839, 0.00456952303648, 0.00639317138121, 0.00811117794365, 0.0135997449979, 0.00521692214534, 0.00510862376541, 0.0150148821995, 0.00869344547391, 0.0116801280528, 0.0135044399649, 0.00717360246927, 0.00914002489299, 0.0049034836702, 0.00327638885938, 0.00102772715036, 0.000968007661868, 0.000984132289886, 0.000278362364043, 0.000651278300211, 0.000965398736298, 0.000922903418541, 0.000811607227661, 0.000472856336273, 0.000413715169998, 0.000393347203499, 0.000406149745686, 0.000311286567012, 0.000262351590209, 0.000211557475268, 0.000152870052261, 0.000100456272776, 0.000209572448512, 0.000218229994061, 0.000157489455887, 0.000166281301063, 0.000547810341232, 0.000416661612689, 0.00167768704705],
        "mean": [0.000736423535272, 0.000929912843276, 0.000370466324966, 0.000316544668749, 0.000492920633405, 0.000608949165326, 0.000294244935503, 0.000185319644515, 0.000193078027223, 0.000172484229552, 0.000433665612945, 0.000539671455044, 0.000285386340693, 0.000336799479555, 0.00010705011664, 3.8618043618e-05, 2.37363565248e-05, 3.54794647137e-05, 2.14167848753e-05, 8.65314723342e-06, 1.65428355103e-05, 2.41919333348e-05, 2.63184083451e-05, 2.95332374662e-05, 1.4146428839e-05, 1.22695410028e-05, 1.25107608255e-05, 1.15838274724e-05, 3.3922158309e-06, 1.47900391312e-06, 1.26585018734e-06, 1.09360132683e-06, 9.64139189819e-07, 1.26043562432e-06, 1.59447927217e-06, 2.06654590329e-06, 2.15822501559e-06, 2.56203497884e-06, 2.8528297662e-06, 2.97775022773e-06],
        "median": [0.000485190335894, 0.000698247982655, 0.000244358408963, 0.000219744862989, 0.000246129435254, 0.000282117252937, 0.000123449295643, 6.98151634424e-05, 6.64381877868e-05, 5.23622911714e-05, 6.40866346657e-05, 6.06258763582e-05, 4.4492440793e-05, 2.81925622403e-05, 1.19632341011e-05, 8.49677962833e-06, 6.61939793645e-06, 5.90148010815e-06, 6.77566868035e-06, 4.18927129431e-06, 4.14408668803e-06, 3.68400401385e-06, 4.57333044324e-06, 6.14984492131e-06, 4.73492173114e-06, 3.52292386196e-06, 3.75867853109e-06, 2.84351426671e-06, 1.06034201508e-06, 4.86417036427e-07, 3.85509935086e-07, 3.06062020172e-07, 2.8002867225e-07, 3.42263547282e-07, 4.96338316225e-07, 6.03628507179e-07, 5.5704811075e-07, 5.05774437443e-07, 5.42398993275e-07, 4.16741443132e-07],
        "min": [9.74270039219e-24, 6.80010564303e-24, 8.92424615897e-24, 1.53377610491e-23, 1.79743108992e-23, 8.69576285296e-24, 1.63564047114e-24, 6.85725940447e-24, 1.20124196662e-23, 5.52637532672e-24, 2.07464201849e-23, 8.95998865772e-24, 6.46857225368e-24, 1.67527550543e-23, 1.74912550793e-23, 1.69415152694e-23, 5.75690769892e-24, 4.76155732417e-24, 1.44969110547e-23, 1.44628448854e-23, 4.7929488606e-24, 1.0829499073e-23, 1.01142199575e-23, 8.8841373151e-24, 1.00719851335e-23, 1.64601334123e-23, 1.00595503191e-23, 1.33493692954e-23, 5.73174421934e-24, 6.61187712016e-24, 1.09097640923e-23, 1.1544558885e-23, 1.12268199119e-23, 1.02237730157e-23, 7.89787422354e-24, 7.42890351514e-24, 1.02193916823e-23, 1.03528969242e-23, 1.02835915493e-23, 1.38466782541e-23],
        "var": [1.0201782743e-06, 1.14486056191e-06, 1.93791109382e-07, 1.39654474651e-07, 4.5887009037e-07, 8.14492011614e-07, 2.30314853411e-07, 1.22740203778e-07, 1.78226670755e-07, 1.61206642701e-07, 1.38262430482e-06, 1.63553033872e-06, 4.85022894736e-07, 7.79692697961e-07, 1.08721756931e-07, 2.10299813119e-08, 3.75739483971e-09, 7.64969243505e-09, 2.69824340648e-09, 2.42707770548e-10, 2.21691065505e-09, 5.81037307157e-09, 5.83256243303e-09, 6.05641714557e-09, 7.57110985017e-10, 5.10059161574e-10, 6.31756646996e-10, 8.23747736689e-10, 9.28174481718e-11, 2.93363631998e-11, 2.49833400495e-11, 2.16296858896e-11, 1.24281947581e-11, 2.22377706527e-11, 2.45713605712e-11, 3.69469628503e-11, 5.48288740798e-11, 1.61340329985e-10, 1.8250302658e-10, 6.28627372379e-10]
    },
    "mfcc": {
        "mean": [-654.058959961, 121.498039246, 3.8300139904, 4.44223022461, 0.807580411434, -15.751953125, 11.8055343628, 5.42863368988, -8.29473495483, 0.664592325687, -9.14271259308, -2.91630578041, 1.28641974926],
        "cov": [[3878.55786133, -570.73034668, 464.566162109, 616.789916992, 544.790710449, 154.310333252, 282.619354248, 178.307159424, -132.053924561, 174.185302734, 208.960479736, 167.722366333, 272.378479004], [-570.73034668, 1110.6307373, -36.9284858704, 84.9298171997, -24.1298999786, 36.8116836548, 99.2595062256, 41.2922363281, 59.7753067017, -2.77810001373, -43.221622467, -61.775226593, -32.3944396973], [464.566162109, -36.9284858704, 773.553894043, 152.248458862, 198.241226196, 73.1576080322, -14.7668714523, -5.74710988998, 14.9806871414, -44.8934249878, 17.7316513062, 54.2712020874, 36.6703948975], [616.789916992, 84.9298171997, 152.248458862, 507.575622559, 216.823181152, 105.280937195, 33.2894210815, 66.3591079712, 48.5776100159, 15.1413116455, 21.8604030609, 81.1815109253, 89.5849456787], [544.790710449, -24.1298999786, 198.241226196, 216.823181152, 430.220977783, -2.12584018707, 60.8189620972, 83.9772109985, -18.9784374237, 22.2016372681, 6.52748680115, 60.1654891968, 62.1526489258], [154.310333252, 36.8116836548, 73.1576080322, 105.280937195, -2.12584018707, 371.665252686, 115.449462891, 45.2663612366, 65.1880645752, 31.7719345093, 82.2324447632, -18.0215492249, 29.0900611877], [282.619354248, 99.2595062256, -14.7668714523, 33.2894210815, 60.8189620972, 115.449462891, 316.589691162, 85.4492950439, -24.2523193359, 80.4513473511, 32.7882575989, -53.826839447, 43.1492385864], [178.307159424, 41.2922363281, -5.74710988998, 66.3591079712, 83.9772109985, 45.2663612366, 85.4492950439, 179.066329956, 58.5551452637, 37.8024711609, 15.8666095734, -16.066904068, 2.91957235336], [-132.053924561, 59.7753067017, 14.9806871414, 48.5776100159, -18.9784374237, 65.1880645752, -24.2523193359, 58.5551452637, 200.490188599, 23.6196327209, 8.86721229553, -18.5191650391, -44.4357337952], [174.185302734, -2.77810001373, -44.8934249878, 15.1413116455, 22.2016372681, 31.7719345093, 80.4513473511, 37.8024711609, 23.6196327209, 159.148178101, 48.8241233826, -11.3501262665, -2.5296652317], [208.960479736, -43.221622467, 17.7316513062, 21.8604030609, 6.52748680115, 82.2324447632, 32.7882575989, 15.8666095734, 8.86721229553, 48.8241233826, 137.825531006, 32.6517715454, 27.9607963562], [167.722366333, -61.775226593, 54.2712020874, 81.1815109253, 60.1654891968, -18.0215492249, -53.826839447, -16.066904068, -18.5191650391, -11.3501262665, 32.6517715454, 140.391494751, 53.7652893066], [272.378479004, -32.3944396973, 36.6703948975, 89.5849456787, 62.1526489258, 29.0900611877, 43.1492385864, 2.91957235336, -44.4357337952, -2.5296652317, 27.9607963562, 53.7652893066, 150.942443848]],
