{
"lowlevel": {
    "average_loudness": 0.960827708244,
    "barkbands_crest": {
        "dmean": 2.86908698082,
        "dmean2": 4.79245948792,
        "dvar": 7.14200162888,
        "dvar2": 18.8647689819,
        "max": 25.4614467621,
        "mean": 8.9025888443,
        "median": 8.03352546692,
        "min": 1.89536142349,
        "var": 17.0251655579
    },
    "barkbands_flatness_db": {
        "dmean": 0.02184789069,
        "dmean2": 0.0356433428824,
        "dvar": 0.000453575514257,
        "dvar2": 0.00120876007713,
        "max": 0.324651271105,
        "mean": 0.0951868519187,
        "median": 0.0886347442865,
        "min": 0.0221922025084,
        "var": 0.00138880987652
    },
    "barkbands_kurtosis": {
        "dmean": 2.5308175087,
        "dmean2": 4.21581983566,
        "dvar": 33.1533699036,
        "dvar2": 93.0045166016,
        "max": 179.349716187,
        "mean": 2.27224993706,
        "median": 0.174392700195,
        "min": -1.92911827564,
        "var": 45.5941810608
    },
    "barkbands_skewness": {
        "dmean": 0.5732665658,
        "dmean2": 0.903446793556,
        "dvar": 0.403006851673,
        "dvar2": 1.01850628853,
        "max": 10.6401233673,
        "mean": 1.20569992065,
        "median": 1.01108086109,
        "min": -4.08738708496,
        "var": 1.4286082983
    },
    "barkbands_spread": {
        "dmean": 8.15605640411,
        "dmean2": 12.8428401947,
        "dvar": 82.315788269,
        "dvar2": 184.123733521,
        "max": 118.08908844,
        "mean": 35.2787055969,
        "median": 33.4820671082,
        "min": 1.06496667862,
        "var": 289.845428467
    },
    "dissonance": {
        "dmean": 0.013544337824,
        "dmean2": 0.0229234285653,
        "dvar": 0.000166320984135,
        "dvar2": 0.000456045381725,
        "max": 0.500000059605,
        "mean": 0.476279616356,
        "median": 0.480637043715,
        "min": 0.36179882288,
        "var": 0.000326550332829
    },
    "dynamic_complexity": 2.33228421211,
    "erbbands_crest": {
        "dmean": 2.46166920662,
        "dmean2": 4.03051376343,
        "dvar": 5.90185546875,
        "dvar2": 14.3123197556,
        "max": 28.7980461121,
        "mean": 7.79823493958,
        "median": 6.81758213043,
        "min": 2.31186938286,
        "var": 14.7386226654
    },
    "erbbands_flatness_db": {
        "dmean": 0.0141832754016,
        "dmean2": 0.0211155340075,
        "dvar": 0.000167209931533,
        "dvar2": 0.000343995634466,
        "max": 0.271231800318,
        "mean": 0.125026479363,
        "median": 0.121541924775,
        "min": 0.0478275604546,
        "var": 0.00116824463475
    },
    "erbbands_kurtosis": {
        "dmean": 0.653089463711,
        "dmean2": 1.04602229595,
        "dvar": 0.853232502937,
        "dvar2": 1.99134874344,
        "max": 18.9112815857,
        "mean": -0.0959573760629,
        "median": -0.41187620163,
        "min": -1.72252118587,
        "var": 1.61452138424
    },
    "erbbands_skewness": {
        "dmean": 0.337202072144,
        "dmean2": 0.519199192524,
        "dvar": 0.108693018556,
        "dvar2": 0.233302548528,
        "max": 4.05356740952,
        "mean": 0.0996990427375,
        "median": 0.10055141151,
        "min": -3.15825128555,
        "var": 0.423423618078
    },
    "erbbands_spread": {
        "dmean": 8.9622220993,
        "dmean2": 13.6638402939,
        "dvar": 90.7790908813,
        "dvar2": 206.650527954,
        "max": 148.587249756,
        "mean": 46.3726997375,
        "median": 43.5190048218,
        "min": 8.90009212494,
        "var": 376.933288574
    },
    "hfc": {
        "dmean": 11.7797060013,
        "dmean2": 17.4199428558,
        "dvar": 326.372131348,
        "dvar2": 765.16583252,
        "max": 256.779449463,
        "mean": 32.6759567261,
        "median": 26.9696769714,
        "min": 1.13242230233e-16,
        "var": 721.479553223
    },
    "melbands_crest": {
        "dmean": 4.42509031296,
        "dmean2": 7.42177295685,
        "dvar": 17.2910499573,
        "dvar2": 47.7751502991,
        "max": 37.8328399658,
        "mean": 14.8457651138,
        "median": 13.1413669586,
        "min": 1.83278465271,
        "var": 49.4833755493
    },
    "melbands_flatness_db": {
        "dmean": 0.028764763847,
        "dmean2": 0.0460143014789,
        "dvar": 0.000782272545621,
        "dvar2": 0.00199000677094,
        "max": 0.444005101919,
        "mean": 0.147165775299,
        "median": 0.141800001264,
        "min": 0.00464914226905,
        "var": 0.00338329211809
    },
    "melbands_kurtosis": {
        "dmean": 8.90899562836,
        "dmean2": 15.0766553879,
        "dvar": 492.753295898,
        "dvar2": 1429.8059082,
        "max": 571.349975586,
        "mean": 12.9968442917,
        "median": 5.81669139862,
        "min": -1.87357103825,
        "var": 652.75
    },
    "melbands_skewness": {
        "dmean": 0.864804029465,
        "dmean2": 1.39466917515,
        "dvar": 1.2069722414,
        "dvar2": 3.18090057373,
        "max": 18.9416656494,
        "mean": 2.61197495461,
        "median": 2.22026515007,
        "min": -0.728909134865,
        "var": 3.42947816849
    },
    "melbands_spread": {
        "dmean": 11.2967739105,
        "dmean2": 17.7110233307,
        "dvar": 211.657989502,
        "dvar2": 463.185302734,
        "max": 257.113891602,
        "mean": 37.4597473145,
        "median": 32.3864517212,
        "min": 0.669684767723,
        "var": 679.613525391
    },
    "pitch_salience": {
        "dmean": 0.0869400650263,
        "dmean2": 0.146164059639,
        "dvar": 0.00720688840374,
        "dvar2": 0.0192523095757,
        "max": 0.94088190794,
        "mean": 0.545572578907,
        "median": 0.545264363289,
        "min": 0.0638235658407,
        "var": 0.0180828198791
    },
    "silence_rate_20dB": {
        "dmean": 0,
        "dmean2": 0,
        "dvar": 0,
        "dvar2": 0,
        "max": 1,
        "mean": 1,
        "median": 1,
        "min": 1,
        "var": 0
    },
    "silence_rate_30dB": {
        "dmean": 0.000237304222537,
        "dmean2": 0.000474664760986,
        "dvar": 0.000237211948843,
        "dvar2": 0.000711627886631,
        "max": 1,
        "mean": 0.999881386757,
        "median": 1,
        "min": 0,
        "var": 0.000118614974781
    },
    "silence_rate_60dB": {
        "dmean": 0.0130517324433,
        "dmean2": 0.0261065624654,
        "dvar": 0.0128811523318,
        "dvar2": 0.0308859106153,
        "max": 1,
        "mean": 0.0424724183977,
        "median": 0,
        "min": 0,
        "var": 0.0406653694808
    },
    "spectral_centroid": {
        "dmean": 311.507049561,
        "dmean2": 474.570922852,
        "dvar": 102463.914062,
        "dvar2": 209838.3125,
        "max": 11385.0253906,
        "mean": 2049.23632812,
        "median": 2064.59082031,
        "min": 261.708648682,
        "var": 576933.75
    },
    "spectral_complexity": {
        "dmean": 5.08234453201,
        "dmean2": 7.71045446396,
        "dvar": 27.8048439026,
        "dvar2": 57.792049408,
        "max": 59,
        "mean": 22.6718463898,
        "median": 22,
        "min": 0,
        "var": 107.96522522
    },
    "spectral_decrease": {
        "dmean": 2.49250220463e-09,
        "dmean2": 4.01072108858e-09,
        "dvar": 9.91108205781e-18,
        "dvar2": 2.62275364506e-17,
        "max": 2.80384465511e-22,
        "mean": -6.57093757184e-09,
        "median": -5.93628035617e-09,
        "min": -3.30882130584e-08,
        "var": 2.11266362134e-17
    },
    "spectral_energy": {
        "dmean": 0.0100434795022,
        "dmean2": 0.0160959344357,
        "dvar": 0.000148976134369,
        "dvar2": 0.000386777712265,
        "max": 0.127939626575,
        "mean": 0.0277641136199,
        "median": 0.0256925430149,
        "min": 1.01602562328e-20,
        "var": 0.000332649738993
    },
    "spectral_energyband_high": {
        "dmean": 0.00110711925663,
        "dmean2": 0.00166712270584,
        "dvar": 4.09592121287e-06,
        "dvar2": 9.64290575212e-06,
        "max": 0.0289432611316,
        "mean": 0.0023658357095,
        "median": 0.00149092869833,
        "min": 7.30739431065e-21,
        "var": 8.06543903309e-06
    },
    "spectral_energyband_low": {
        "dmean": 0.00685565639287,
        "dmean2": 0.0117293838412,
        "dvar": 0.000142640827107,
        "dvar2": 0.0004178333038,
        "max": 0.119362331927,
        "mean": 0.0109549108893,
        "median": 0.00738598266616,
        "min": 6.46405799715e-24,
        "var": 0.000201866147108
    },
    "spectral_energyband_middle_high": {
        "dmean": 0.00211222632788,
        "dmean2": 0.0031890522223,
        "dvar": 6.76342187944e-06,
        "dvar2": 1.49509869516e-05,
        "max": 0.0328704230487,
        "mean": 0.0061013107188,
        "median": 0.00448072748259,
        "min": 1.17187965811e-21,
        "var": 2.60172600974e-05
    },
    "spectral_energyband_middle_low": {
        "dmean": 0.00456500099972,
        "dmean2": 0.00736944703385,
        "dvar": 5.76255879423e-05,
        "dvar2": 0.000143220124301,
        "max": 0.110419310629,
        "mean": 0.00889773201197,
        "median": 0.00589203741401,
        "min": 2.21261852398e-22,
        "var": 9.17197976378e-05
    },
    "spectral_entropy": {
        "dmean": 0.128119260073,
        "dmean2": 0.192577898502,
        "dvar": 0.015810219571,
        "dvar2": 0.0313989333808,
        "max": 9.81346702576,
        "mean": 7.96508264542,
        "median": 7.95462799072,
        "min": 6.59471607208,
        "var": 0.0812004879117
    },
    "spectral_flux": {
        "dmean": 0.0287458077073,
        "dmean2": 0.0451830998063,
        "dvar": 0.000918952049688,
        "dvar2": 0.00221604318358,
        "max": 0.341097801924,
        "mean": 0.0973271876574,
        "median": 0.0891540795565,
        "min": 6.39186481521e-11,
        "var": 0.00233304291032
    },
    "spectral_kurtosis": {
        "dmean": 0.676572740078,
        "dmean2": 1.08295583725,
        "dvar": 0.426937758923,
        "dvar2": 1.08013725281,
        "max": 11.3366098404,
        "mean": 2.69585299492,
        "median": 2.65569496155,
        "min": -1.24991106987,
        "var": 1.61635267735
    },
    "spectral_rms": {
        "dmean": 0.000887922069523,
        "dmean2": 0.00139897502959,
        "dvar": 8.73711485383e-07,
        "dvar2": 2.11398855754e-06,
        "max": 0.0111722489819,
        "mean": 0.00489086052403,
        "median": 0.00500658527017,
        "min": 3.14840362982e-12,
        "var": 3.1664224025e-06
    },
    "spectral_rolloff": {
        "dmean": 866.603210449,
        "dmean2": 1433.23278809,
        "dvar": 1584746,
        "dvar2": 3306183.25,
        "max": 19595.2148438,
        "mean": 2569.75024414,
        "median": 2024.12109375,
        "min": 43.06640625,
        "var": 4893857.5
    },
    "spectral_skewness": {
        "dmean": 0.129570662975,
        "dmean2": 0.204751625657,
        "dvar": 0.015963928774,
        "dvar2": 0.0354734621942,
        "max": 2.29976844788,
        "mean": 1.3046503067,
        "median": 1.32218813896,
        "min": -0.0518356822431,
        "var": 0.0667203217745
    },
    "spectral_spread": {
        "dmean": 627184.5625,
        "dmean2": 914199.4375,
        "dvar": 647581204480,
        "dvar2": 1.42803048858e+12,
        "max": 41691264,
        "mean": 5952448.5,
        "median": 5640756.5,
        "min": 2696434,
        "var": 3.69830867763e+12
    },
    "spectral_strongpeak": {
        "dmean": 0.59959346056,
        "dmean2": 1.04713368416,
        "dvar": 1.25258028507,
        "dvar2": 3.32473278046,
        "max": 17.6916732788,
        "mean": 0.827219069004,
        "median": 0.330680638552,
        "min": 0,
        "var": 1.59296894073
    },
    "zerocrossingrate": {
        "dmean": 0.0152441309765,
        "dmean2": 0.0183335207403,
        "dvar": 0.000324557389831,
        "dvar2": 0.000407094834372,
        "max": 0.51806640625,
        "mean": 0.0961451232433,
        "median": 0.0869140625,
        "min": 0.00634765625,
        "var": 0.00244189845398
    },
    "barkbands": {
        "dmean": [0.000758112117182, 0.00512954499573, 0.00180739711504, 0.000918701756746, 0.00126940454356, 0.00157818035223, 0.000909788592253, 0.000758385285735, 0.000742812175304, 0.000602765881922, 0.000357748795068, 0.000435910682427, 0.000414629204897, 0.000308081071125, 0.000483407522552, 0.000260878005065, 0.000213986917515, 0.000227712211199, 0.000404535414418, 0.000364960636944, 0.000258957064943, 0.000166804617038, 0.000191827712115, 0.00024543327163, 0.00020338196191, 8.61587104737e-05, 2.76503328678e-06],
        "dmean2": [0.00119955150876, 0.00910541601479, 0.00277689378709, 0.00163720408455, 0.00211157556623, 0.00257684988901, 0.00152740592603, 0.0012494927505, 0.00116848654579, 0.000976925599389, 0.00057898031082, 0.000684343744069, 0.000657433061861, 0.000492371851578, 0.00079602515325, 0.00040802397416, 0.000339500576956, 0.0003585240338, 0.000638749042992, 0.000578564940952, 0.000413736910559, 0.000274019897915, 0.000308028014842, 0.000374903494958, 0.000305325171212, 0.000127807477838, 4.57329997516e-06],
        "dvar": [2.25410053645e-06, 8.65642141434e-05, 2.07234807021e-05, 5.5220257309e-06, 7.24021310816e-06, 1.43372399179e-05, 4.30968020737e-06, 6.39925383439e-06, 3.50696154783e-06, 1.2951699091e-06, 5.99409929691e-07, 7.5415715628e-07, 7.52583673602e-07, 4.16731410269e-07, 7.68754773617e-07, 2.04752282684e-07, 1.89388416061e-07, 1.8316463013e-07, 3.75554492393e-07, 3.42975823742e-07, 2.51450018141e-07, 1.77678401769e-07, 2.16764917127e-07, 4.09707837434e-07, 2.54636148611e-07, 3.35149437092e-08, 4.29216280573e-11],
        "dvar2": [6.17990872342e-06, 0.000263414171059, 4.68437829113e-05, 1.53609453264e-05, 1.93873202079e-05, 3.32916897605e-05, 1.04871360236e-05, 1.49351226355e-05, 8.23647678772e-06, 2.9930540677e-06, 1.40635063417e-06, 1.56413648256e-06, 1.72984164237e-06, 9.70067731032e-07, 1.97379858946e-06, 4.50128169405e-07, 4.35220613326e-07, 4.18701716853e-07, 8.93620892839e-07, 8.3985338506e-07, 6.43762518848e-07, 4.70352887305e-07, 5.38063829936e-07, 9.4177568144e-07, 5.77433524995e-07, 7.85198750464e-08, 1.14827466979e-10],
        "max": [0.0355145223439, 0.0820480212569, 0.0554009228945, 0.0247004609555, 0.0726987347007, 0.101292394102, 0.0433950833976, 0.0667637363076, 0.0470530427992, 0.0220966003835, 0.0132404332981, 0.0188250429928, 0.0209677256644, 0.013645786792, 0.015732742846, 0.00975000765175, 0.0115833869204, 0.0100458776578, 0.014082078822, 0.0124460710213, 0.00911076925695, 0.0101738935336, 0.00942696630955, 0.0152795547619, 0.0107546420768, 0.00539208948612, 0.000215447071241],
        "mean": [0.00121467444114, 0.00718478253111, 0.00217140419409, 0.000830825709272, 0.00232083629817, 0.00239228853025, 0.00103323021904, 0.000931652961299, 0.00111187261064, 0.000814002822153, 0.000502847542521, 0.000697353098076, 0.000681148609146, 0.000473654188681, 0.000783957366366, 0.000426443497417, 0.000366282212781, 0.000410959153669, 0.000787131895777, 0.000691230117809, 0.000451140775112, 0.000249496428296, 0.000309291412123, 0.000432230066508, 0.000349001464201, 0.000142907636473, 3.42488146998e-06],
        "median": [0.000191229977645, 0.00468888459727, 0.000670333683956, 0.000253990059718, 0.00118415558245, 0.000778866058681, 0.000299625826301, 0.000312058313284, 0.000384892657166, 0.000369890534785, 0.000205118660233, 0.000229957266129, 0.000239137254539, 0.00018135389837, 0.000298593920888, 0.000201886912691, 0.000167858772329, 0.000218825327465, 0.000476810324471, 0.000392229034333, 0.000236762803979, 0.000105511098809, 0.000136992297485, 0.000221190915909, 0.000177821639227, 7.355982234e-05, 1.5992148974e-06],
        "min": [1.18112090566e-24, 4.25148972361e-24, 5.93688631445e-25, 2.59260477564e-24, 7.63101914538e-24, 1.51881283348e-23, 1.23068209783e-23, 2.48152558712e-23, 3.43524974407e-23, 2.51423444238e-23, 4.05338442555e-23, 5.89738655009e-23, 4.64508532473e-23, 5.7372269604e-23, 1.0000151775e-22, 7.68162141701e-23, 1.0377470888e-22, 1.58075103632e-22, 1.64434849763e-22, 2.30523357104e-22, 3.04711294998e-22, 3.35534602298e-22, 4.63337162381e-22, 6.53705732361e-22, 9.77980929269e-22, 1.47857898356e-21, 2.27721227244e-21],
        "var": [4.2875735744e-06, 0.000100058314274, 2.22910930461e-05, 3.70837369701e-06, 1.27611865537e-05, 2.53114540101e-05, 5.04356239617e-06, 7.74603631726e-06, 6.45758882456e-06, 2.0017209863e-06, 9.22207618714e-07, 2.05793412533e-06, 1.75381535428e-06, 9.13486474019e-07, 1.73732325948e-06, 4.67829778472e-07, 4.26921985763e-07, 4.34066208754e-07, 9.33641103984e-07, 7.29998816951e-07, 4.26419006772e-07, 2.40951294472e-07, 3.49962959945e-07, 6.75224157476e-07, 4.28198035252e-07, 5.55298527161e-08, 4.40440496574e-11]
    },
    "erbbands": {
        "dmean": [0.224777311087, 0.935504436493, 2.32921981812, 2.54436683655, 2.91555833817, 4.57276105881, 8.29665088654, 15.4795227051, 14.2067365646, 11.9850597382, 16.3366317749, 18.1627941132, 17.6376247406, 17.9522151947, 13.9316015244, 18.9601173401, 18.5702896118, 14.7654247284, 23.5357723236, 18.0000972748, 12.5815629959, 10.3179368973, 10.1627635956, 19.8980293274, 17.6820850372, 16.747423172, 14.4081459045, 7.53157520294, 5.5772767067, 6.02661180496, 5.54059028625, 5.2303776741, 4.13303089142, 2.72020506859, 1.2681646347, 0.450579434633, 0.153715565801, 0.0191872417927, 0.000382259255275, 2.48553824349e-05],
        "dmean2": [0.381995439529, 1.67042994499, 3.73283338547, 4.38081502914, 4.99944019318, 7.50308132172, 13.7555370331, 25.1497211456, 23.6094379425, 19.9613609314, 26.6956253052, 28.3097610474, 28.1886367798, 29.438911438, 22.0376281738, 29.5589427948, 28.9195823669, 23.4051265717, 38.1331520081, 29.3404216766, 19.6962757111, 16.0387001038, 15.6141805649, 31.5042533875, 27.8612937927, 26.3707618713, 22.3526039124, 12.5109844208, 9.21599292755, 9.91228675842, 8.83337593079, 8.08741188049, 6.39740276337, 4.16217279434, 1.91474401951, 0.680096626282, 0.229833349586, 0.029117424041, 0.000576470280066, 3.7827387132e-05],
        "dvar": [0.206839844584, 4.18380308151, 39.8289413452, 44.3410263062, 37.4347648621, 114.670707703, 366.002593994, 1566.78088379, 894.482849121, 1134.28723145, 2972.49682617, 2189.47436523, 1444.95629883, 1326.7442627, 905.935913086, 1524.81140137, 1530.44238281, 877.597900391, 1796.44616699, 1245.41113281, 534.913330078, 425.280273438, 299.599121094, 1336.13720703, 751.711975098, 737.882385254, 625.597473145, 341.97088623, 175.212371826, 275.029022217, 176.258926392, 175.605438232, 135.331893921, 47.8074226379, 11.1503248215, 1.16251444817, 0.101871162653, 0.00180774589535, 6.97952316386e-07, 1.61039737101e-09],
        "dvar2": [0.554241836071, 12.2584123611, 95.6824111938, 118.401893616, 102.495079041, 304.956115723, 866.317321777, 3767.91918945, 2202.80249023, 2828.42138672, 6861.64306641, 5184.98144531, 3160.55712891, 3371.2175293, 2052.72070312, 3166.11132812, 3513.3359375, 2072.08691406, 4553.10205078, 3107.81469727, 1198.74694824, 976.310119629, 661.579772949, 3135.92822266, 1791.5345459, 1798.65454102, 1520.62194824, 955.218444824, 470.692626953, 713.007385254, 434.08493042, 419.435760498, 320.118041992, 108.189231873, 26.7564601898, 2.86190366745, 0.235693871975, 0.00426343921572, 1.63848767443e-06, 3.65889052389e-09],
        "max": [4.49977397919, 20.3298625946, 69.1700210571, 65.5360412598, 102.284660339, 352.759765625, 662.885009766, 852.11505127, 507.951324463, 819.278503418, 1328.77124023, 1158.58764648, 765.850341797, 790.770019531, 605.446960449, 874.318115234, 968.315551758, 756.373596191, 975.428527832, 764.400512695, 471.405517578, 523.91229248, 409.275085449, 1159.23669434, 619.02935791, 517.891967773, 465.976135254, 304.504882812, 273.012664795, 427.487823486, 284.250427246, 414.506958008, 272.375671387, 170.155303955, 97.7556610107, 40.5705223083, 6.9999666214, 0.996658802032, 0.0212423093617, 0.000897184188943],
        "mean": [0.283419579268, 1.29388415813, 2.64620351791, 2.81104254723, 4.10201740265, 8.70268535614, 12.7641439438, 22.6798782349, 17.3018436432, 15.1258792877, 20.340177536, 27.8466320038, 25.3055915833, 24.1173858643, 23.2117881775, 32.083404541, 32.6603126526, 25.5247097015, 41.7924728394, 29.3324375153, 22.5252895355, 19.0817146301, 20.3019065857, 37.8784942627, 35.4226226807, 32.8887748718, 27.7604980469, 12.2657556534, 8.66983795166, 8.55824279785, 9.12410831451, 9.25241088867, 6.90894794464, 4.61948633194, 2.05652952194, 0.737302422523, 0.250259846449, 0.0307008791715, 0.000637353979982, 6.28384295851e-05],
        "median": [0.153315499425, 0.834327340126, 1.07639276981, 1.19908952713, 1.8246884346, 4.1148352623, 5.38235092163, 6.85538721085, 6.12912797928, 5.46162414551, 6.92093753815, 10.2171096802, 10.9618320465, 11.5548782349, 10.3218736649, 11.9464883804, 12.8255968094, 12.2665939331, 18.0245609283, 14.0205249786, 12.2124958038, 9.42323493958, 11.3299741745, 22.5723571777, 21.2232494354, 19.2627925873, 14.3346881866, 6.23357582092, 3.98794960976, 3.45309114456, 4.05494260788, 4.72520208359, 3.41759538651, 2.27989912033, 1.01085138321, 0.380631297827, 0.126255571842, 0.0152017707005, 0.000332407245878, 5.10373756697e-05],
        "min": [1.45379643229e-22, 4.38549966292e-22, 7.24910109958e-22, 5.66791950929e-21, 1.40553721891e-20, 2.65626290099e-20, 6.57150923456e-20, 1.63369140332e-19, 1.99720458305e-19, 2.13244279709e-19, 4.33554051867e-19, 9.22629914014e-19, 7.02547241708e-19, 1.29153809495e-18, 1.57019528759e-18, 2.21237126927e-18, 2.1122764181e-18, 2.84517043494e-18, 3.57837009501e-18, 4.41729832663e-18, 5.97761407917e-18, 6.8890777787e-18, 8.2080561429e-18, 6.19076115223e-18, 9.34087751025e-18, 9.9029715519e-18, 1.29670230759e-17, 1.1456983361e-17, 1.41369831984e-17, 1.44241654178e-17, 1.33399227135e-17, 1.24408104749e-17, 1.06259315432e-17, 9.44870133028e-18, 7.63570258012e-18, 4.59431290976e-18, 2.67909717656e-18, 9.90469580989e-19, 2.9481414965e-19, 3.00420980175e-20],
        "var": [0.223831772804, 4.03827524185, 37.2498321533, 34.3350982666, 44.3031196594, 212.58052063, 656.668457031, 2494.28759766, 1139.36645508, 1190.21313477, 3798.52954102, 4027.40161133, 2444.32788086, 1640.22827148, 1801.61181641, 4338.35546875, 3737.08398438, 2018.49499512, 4751.56542969, 2345.34008789, 1048.67236328, 1021.16113281, 855.165893555, 2795.82519531, 2113.00439453, 1587.31408691, 1392.34082031, 396.128601074, 240.562408447, 372.677764893, 288.847198486, 279.586669922, 205.919113159, 80.0691680908, 16.1059360504, 1.65127015114, 0.172554448247, 0.00278343260288, 1.09810957838e-06, 3.16881720863e-09]
    },
    "gfcc": {
        "mean": [36.5604057312, 46.8302345276, -113.063301086, 32.5665130615, -61.6165161133, 19.6314716339, -40.5412635803, 18.4141521454, -32.7805404663, 12.1890182495, -14.0151567459, 2.03269004822, -9.95382022858],
        "cov": [[5094.77490234, 14.3382329941, 301.964599609, 422.385070801, 71.7151947021, 179.043609619, -62.7174682617, 142.139221191, -43.0646362305, 167.917510986, 171.544967651, 24.4734325409, 15.2113714218], [14.3382329941, 895.88482666, 298.413238525, 196.464706421, 189.032043457, 12.6076040268, 98.8961334229, 40.7643013, 52.7609443665, 34.3448562622, 121.341445923, 7.79050111771, 59.2831916809], [301.964599609, 298.413238525, 969.7578125, 375.242523193, 157.501083374, 150.241912842, 41.4483833313, 95.7869491577, 81.6332168579, 95.223449707, 109.821350098, 74.8895492554, 38.9647064209], [422.385070801, 196.464706421, 375.242523193, 377.675445557, 203.021347046, 110.230079651, 84.8502960205, 68.8270797729, 68.4697952271, 68.7562026978, 77.8492736816, 52.0199890137, 41.1499404907], [71.7151947021, 189.032043457, 157.501083374, 203.021347046, 324.198303223, 167.203933716, 113.056419373, 86.2983779907, 44.306476593, 72.9457931519, 74.5518112183, 24.1129188538, 35.6571121216], [179.043609619, 12.6076040268, 150.241912842, 110.230079651, 167.203933716, 251.369216919, 135.228820801, 63.083732605, 37.1030540466, 59.0556716919, 42.1839637756, 11.4422044754, 9.15813827515], [-62.7174682617, 98.8961334229, 41.4483833313, 84.8502960205, 113.056419373, 135.228820801, 187.376144409, 84.1266555786, 47.6126174927, 41.8160591125, 32.6297264099, 13.5124912262, 13.2250986099], [142.139221191, 40.7643013, 95.7869491577, 68.8270797729, 86.2983779907, 63.083732605, 84.1266555786, 153.521728516, 77.391708374, 40.3951148987, 44.0098838806, 24.2117824554, 24.4903640747], [-43.0646362305, 52.7609443665, 81.6332168579, 68.4697952271, 44.306476593, 37.1030540466, 47.6126174927, 77.391708374, 126.162124634, 50.2038269043, 19.8823566437, 34.1601753235, 8.88848495483], [167.917510986, 34.3448562622, 95.223449707, 68.7562026978, 72.9457931519, 59.0556716919, 41.8160591125, 40.3951148987, 50.2038269043, 110.430267334, 69.1074066162, 20.527633667, 15.1331987381], [171.544967651, 121.341445923, 109.821350098, 77.8492736816, 74.5518112183, 42.1839637756, 32.6297264099, 44.0098838806, 19.8823566437, 69.1074066162, 132.856246948, 37.1449203491, 38.2489814758], [24.4734325409, 7.79050111771, 74.8895492554, 52.0199890137, 24.1129188538, 11.4422044754, 13.5124912262, 24.2117824554, 34.1601753235, 20.527633667, 37.1449203491, 89.2081985474, 32.1630325317], [15.2113714218, 59.2831916809, 38.9647064209, 41.1499404907, 35.6571121216, 9.15813827515, 13.2250986099, 24.4903640747, 8.88848495483, 15.1331987381, 38.2489814758, 32.1630325317, 79.8647003174]],
        "icov": [[0.000364501815056, -0.000264730391791, 0.00041436534957, -0.00102352071553, 0.000907553068828, -0.000981796183623, 0.00123345281463, -0.00129623268731, 0.00121258478612, -0.000964310544077, 0.000238457345404, -0.000265916693024, 0.000393566355342], [-0.000264730391791, 0.00241773109883, -0.00122398324311, 0.00125001487322, -0.00240853917785, 0.00299205817282, -0.00322209647857, 0.00301098334603, -0.00280424323864, 0.00273448065855, -0.00261945440434, 0.00207974296063, -0.00123775342945], [0.00041436534957, -0.00122398324311, 0.00288141472265, -0.00352968974039, 0.00267509440891, -0.00334311020561, 0.00379439536482, -0.00332810846157, 0.00246998108923, -0.00231202295981, 0.000932271417696, -0.00155594374519, 0.00116705917753], [-0.00102352071553, 0.00125001487322, -0.00352968974039, 0.00977948866785, -0.00632509309798, 0.00465232226998, -0.00581028312445, 0.0058817435056, -0.00567741878331, 0.00369235104881, -0.00172527472023, 0.000626696506515, -0.0020945945289], [0.000907553068828, -0.00240853917785, 0.00267509440891, -0.00632509309798, 0.010804798454, -0.00756029738113, 0.00528904376552, -0.00690301507711, 0.00584748387337, -0.00523078255355, 0.00187667587306, -0.00163484190125, 0.000952698639594], [-0.000981796183623, 0.00299205817282, -0.00334311020561, 0.00465232226998, -0.00756029738113, 0.0140749039128, -0.0110391825438, 0.00678286561742, -0.00499378936365, 0.00322530698031, -0.00255366391502, 0.00286472728476, -0.00127654836979], [0.00123345281463, -0.00322209647857, 0.00379439536482, -0.00581028312445, 0.00528904376552, -0.0110391825438, 0.0180605538189, -0.0108658159152, 0.00607131607831, -0.00572140840814, 0.00351596367545, -0.00302356597967, 0.00248725549318], [-0.00129623268731, 0.00301098334603, -0.00332810846157, 0.0058817435056, -0.00690301507711, 0.00678286561742, -0.0108658159152, 0.0197685565799, -0.0131901912391, 0.0074995290488, -0.0057739247568, 0.00395262846723, -0.00413305452093], [0.00121258478612, -0.00280424323864, 0.00246998108923, -0.00567741878331, 0.00584748387337, -0.00499378936365, 0.00607131607831, -0.0131901912391, 0.0213391557336, -0.0116594433784, 0.00720003712922, -0.00697496440262, 0.00376718188636], [-0.000964310544077, 0.00273448065855, -0.00231202295981, 0.00369235104881, -0.00523078255355, 0.00322530698031, -0.00572140840814, 0.0074995290488, -0.0116594433784, 0.0223199389875, -0.0113560613245, 0.00412020552903, -0.00115963676944], [0.000238457345404, -0.00261945440434, 0.000932271417696, -0.00172527472023, 0.00187667587306, -0.00255366391502, 0.00351596367545, -0.0057739247568, 0.00720003712922, -0.0113560613245, 0.0175741072744, -0.00555151607841, -0.00185405882075], [-0.000265916693024, 0.00207974296063, -0.00155594374519, 0.000626696506515, -0.00163484190125, 0.00286472728476, -0.00302356597967, 0.00395262846723, -0.00697496440262, 0.00412020552903, -0.00555151607841, 0.0176317468286, -0.00581323541701], [0.000393566355342, -0.00123775342945, 0.00116705917753, -0.0020945945289, 0.000952698639594, -0.00127654836979, 0.00248725549318, -0.00413305452093, 0.00376718188636, -0.00115963676944, -0.00185405882075, -0.00581323541701, 0.0174809060991]]
    },
    "melbands": {
        "dmean": [0.0016080387868, 0.00119885243475, 0.000419358955696, 0.000259222113527, 0.0002703339851, 0.000330983661115, 0.000209639445529, 0.00013692988432, 0.000124409387354, 0.000118706833746, 8.89300717972e-05, 7.56177178118e-05, 4.54129003629e-05, 4.88100595248e-05, 4.86541284772e-05, 3.9226248191e-05, 2.92055101454e-05, 3.84350969398e-05, 3.24929351336e-05, 2.17993783735e-05, 1.54032732098e-05, 1.24512134789e-05, 1.02551293821e-05, 1.09657394205e-05, 1.83584779734e-05, 1.59468527272e-05, 1.05382532638e-05, 1.25391152324e-05, 1.11604276753e-05, 6.3809020503e-06, 4.1055118345e-06, 3.32432023242e-06, 3.3632531995e-06, 3.49026208823e-06, 3.31429214384e-06, 3.35002505381e-06, 3.39806206284e-06, 3.05332036987e-06, 2.89518129648e-06, 2.2778829134e-06],
        "dmean2": [0.00281022838317, 0.00196374137886, 0.000703306985088, 0.000429505162174, 0.000447645317763, 0.000538997526746, 0.000348466448486, 0.000227507858654, 0.000202556228032, 0.000185320765013, 0.000142074452015, 0.000124187281472, 7.25742283976e-05, 7.70236656535e-05, 7.68485333538e-05, 6.1066748458e-05, 4.65648045065e-05, 6.2159531808e-05, 5.36087500222e-05, 3.48688590748e-05, 2.45072951657e-05, 1.97482950171e-05, 1.62526794156e-05, 1.73235730472e-05, 2.94246801786e-05, 2.5503548386e-05, 1.6779094949e-05, 1.99217320187e-05, 1.75617133209e-05, 1.02705689642e-05, 7.02763782101e-06, 5.53179734197e-06, 5.57313478566e-06, 5.7970682974e-06, 5.39389748155e-06, 5.27045631316e-06, 5.34994069312e-06, 4.84074416818e-06, 4.53367874798e-06, 3.52987171937e-06],
        "dvar": [8.91008767212e-06, 9.81556331681e-06, 1.01612272374e-06, 3.51618695049e-07, 3.47047404148e-07, 6.64450908516e-07, 1.97200890284e-07, 1.59330070915e-07, 1.55039018068e-07, 9.83735759519e-08, 3.71254138543e-08, 2.33704806618e-08, 9.45765421534e-09, 9.08365205277e-09, 1.06836335334e-08, 6.86434908914e-09, 4.2067465067e-09, 4.88746465521e-09, 4.0378012045e-09, 1.51456192032e-09, 9.87449011447e-10, 7.21052273445e-10, 4.3580397624e-10, 4.08835298948e-10, 1.23383336881e-09, 6.07311811951e-10, 3.06430603114e-10, 4.24206392236e-10, 3.68084257518e-10, 1.89932070072e-10, 1.09373038404e-10, 5.96042729062e-11, 8.24065052307e-11, 9.37911900922e-11, 6.62482221858e-11, 6.19510692745e-11, 8.20163173487e-11, 7.32759269928e-11, 7.04435954013e-11, 3.28698283869e-11],
        "dvar2": [2.56323746726e-05, 2.49582881224e-05, 2.62724779532e-06, 9.22559593164e-07, 8.4307242787e-07, 1.58463694788e-06, 4.80504297684e-07, 3.88382176197e-07, 3.54097323907e-07, 2.33514327874e-07, 8.07745550446e-08, 5.96345444137e-08, 2.19803784063e-08, 1.97419343095e-08, 2.3463446297e-08, 1.54210297865e-08, 9.87262360752e-09, 1.19941026e-08, 1.00133625835e-08, 3.44187323087e-09, 2.23045670822e-09, 1.66601521467e-09, 1.0124847627e-09, 9.65104440809e-10, 2.90938784175e-09, 1.48305157044e-09, 7.53161089051e-10, 1.03970287935e-09, 8.95911844712e-10, 4.91749030385e-10, 3.08687908568e-10, 1.61547761279e-10, 2.17143317216e-10, 2.46095699374e-10, 1.66258298795e-10, 1.51942916582e-10, 1.97253144374e-10, 1.75149436621e-10, 1.66876346075e-10, 7.67775842903e-11],
        "max": [0.0300826057792, 0.0336304046214, 0.0102823283523, 0.0202385839075, 0.0170916374773, 0.01885246858, 0.00830635800958, 0.00859713088721, 0.0105929272249, 0.00795980542898, 0.00377174303867, 0.00337818800472, 0.00193704804406, 0.00174105749466, 0.00259937951341, 0.00217556324787, 0.00173559517134, 0.00149383116513, 0.000935340998694, 0.000930679612793, 0.000697541167028, 0.000663924147375, 0.000583284592722, 0.000539874075912, 0.00106760126073, 0.000499200308695, 0.000498936453369, 0.00034261890687, 0.000292190001346, 0.000354479911039, 0.000151501997607, 0.000127197767142, 0.000258566462435, 0.000223476949031, 0.000176535511855, 0.000195285610971, 0.000299189763609, 0.000199493049877, 0.000190389953787, 0.000169018545421],
        "mean": [0.00226043374278, 0.00152484676801, 0.00050141941756, 0.000482291448861, 0.000445021345513, 0.000488553894684, 0.00025259386166, 0.000172991174622, 0.000158708615345, 0.000177871610504, 0.000123181307572, 9.74926515482e-05, 6.87559440848e-05, 7.99758490757e-05, 7.82793795224e-05, 6.41517544864e-05, 4.50052502856e-05, 6.47630731692e-05, 4.99300549563e-05, 3.41114719049e-05, 2.49238801189e-05, 2.02675946639e-05, 1.81408940989e-05, 1.93479663722e-05, 3.20012586599e-05, 2.88137707685e-05, 1.97090139409e-05, 2.26588308578e-05, 2.02853025257e-05, 1.04537029983e-05, 5.95510937274e-06, 4.93603147333e-06, 4.60127603219e-06, 4.7449198064e-06, 5.09298342877e-06, 5.56775194127e-06, 5.72433464185e-06, 4.81911320094e-06, 4.54170140074e-06, 3.71091823581e-06],
        "median": [0.00145806313958, 0.000846053590067, 0.000241472182097, 0.000218838773435, 0.000213029285078, 0.000151880056364, 8.52098164614e-05, 6.05282730248e-05, 5.22322879988e-05, 6.0464721173e-05, 5.06372743985e-05, 4.34244539065e-05, 2.90575189865e-05, 2.85551905108e-05, 2.57866940956e-05, 2.38414213527e-05, 1.67911439348e-05, 2.64547707047e-05, 1.97956615011e-05, 1.49599627548e-05, 1.22170858958e-05, 9.1824995252e-06, 8.33229478303e-06, 1.0741031474e-05, 1.73312073457e-05, 1.60386189236e-05, 1.19203305076e-05, 1.22641531561e-05, 9.67297455645e-06, 4.91474747832e-06, 2.65331186711e-06, 2.19966909754e-06, 1.88906255971e-06, 1.82110056812e-06, 2.15927389036e-06, 2.55826967077e-06, 2.88810429083e-06, 2.2982117116e-06, 2.13834414353e-06, 1.77399397217e-06],
        "min": [1.75964260152e-24, 3.8837927317e-25, 1.02236826912e-24, 1.78688433516e-24, 2.26452265276e-24, 3.85592488902e-24, 3.0363230604e-24, 3.15137053482e-24, 3.09993029569e-24, 5.90201235155e-24, 3.51256805243e-24, 4.34360580037e-24, 5.29755912141e-24, 7.82354301589e-24, 3.08766765014e-24, 4.49304997684e-24, 5.00572081838e-24, 4.62824377549e-24, 7.01521539011e-24, 5.8913118478e-24, 6.57330655506e-24, 5.72019608455e-24, 6.87315416285e-24, 6.30835775928e-24, 4.82568027728e-24, 5.42194000363e-24, 5.27210889089e-24, 6.56531421079e-24, 6.90307013496e-24, 5.55261205156e-24, 6.67818324582e-24, 7.85216052295e-24, 6.56750882183e-24, 7.90261922189e-24, 6.88371622151e-24, 7.8416426405e-24, 7.69131967298e-24, 6.4808382519e-24, 7.72640820604e-24, 7.87945984343e-24],
        "var": [1.04785758595e-05, 9.23055995372e-06, 8.72029545462e-07, 7.10012329819e-07, 6.07923084317e-07, 1.08940503196e-06, 2.49391860052e-07, 1.76044807176e-07, 2.14748666849e-07, 1.79060037908e-07, 6.2224579267e-08, 2.87898487272e-08, 1.61981557056e-08, 2.2871807559e-08, 2.47848035428e-08, 1.50297871926e-08, 9.37420274738e-09, 1.19694965051e-08, 7.69416441671e-09, 3.58013907409e-09, 1.71201774979e-09, 1.41901879136e-09, 1.13356490861e-09, 8.70102712103e-10, 2.38656250318e-09, 1.57457080707e-09, 6.47753573002e-10, 8.55809978439e-10, 7.96264887359e-10, 3.11427633681e-10, 1.18674500782e-10, 7.83029821538e-11, 1.07659541004e-10, 1.21277710097e-10, 1.00528731173e-10, 1.02440486649e-10, 1.19476567528e-10, 1.0575611914e-10, 1.02640174138e-10, 5.25793436568e-11]
    },
    "mfcc": {
        "mean": [-607.286987305, 81.9652938843, 3.31976985931, 16.5262832642, 4.14589548111, -0.360011070967, 9.16882038116, -2.12134337425, -2.64600014687, 7.89334821701, -3.64426517487, -0.821950554848, -0.439632713795],
        "cov": [[3362.46801758, -169.393051147, 218.730773926, 191.064422607, 203.759048462, 30.0904865265, 160.143173218, -41.2242279053, -26.5537319183, 105.712265015, -18.9742774963, 98.0742874146, 102.460037231], [-169.393051147, 699.799804688, 157.429092407, 169.311965942, 110.594352722, 31.08852005, 89.2676086426, 20.3244457245, -5.39461612701, 52.2764434814, 9.09978866577, 42.1069831848, 45.5258903503], [218.730773926, 157.429092407, 764.84777832, 243.698883057, 201.05128479, 96.5564346313, 62.8043518066, 39.6826095581, 15.1288900375, 50.1730651855, 39.7743606567, 73.5927505493, 58.489654541], [191.064422607, 169.311965942, 243.698883057, 329.061248779, 171.672744751, 70.9951095581, 64.7032928467, 44.3033599854, 34.0122833252, 33.8532752991, 23.181137085, 66.8530807495, 59.5749549866], [203.759048462, 110.594352722, 201.05128479, 171.672744751, 274.69418335, 92.9660644531, 110.570022583, 40.4255981445, 41.1250305176, 52.9968109131, 27.7065048218, 55.537727356, 63.3304328918], [30.0904865265, 31.08852005, 96.5564346313, 70.9951095581, 92.9660644531, 223.293502808, 105.780799866, 57.4816932678, 49.0666122437, 39.3041000366, 55.6274642944, 13.2322940826, 47.962802887], [160.143173218, 89.2676086426, 62.8043518066, 64.7032928467, 110.570022583, 105.780799866, 229.228256226, 51.608921051, 40.1316719055, 72.4336166382, 21.755739212, 40.7604370117, 50.3515396118], [-41.2242279053, 20.3244457245, 39.6826095581, 44.3033599854, 40.4255981445, 57.4816932678, 51.608921051, 144.476150513, 71.2663192749, 31.9446372986, 40.1776695251, 20.6903648376, 26.1116371155], [-26.5537319183, -5.39461612701, 15.1288900375, 34.0122833252, 41.1250305176, 49.0666122437, 40.1316719055, 71.2663192749, 124.639533997, 42.4992179871, 40.884349823, 21.9946498871, 25.3497371674], [105.712265015, 52.2764434814, 50.1730651855, 33.8532752991, 52.9968109131, 39.3041000366, 72.4336166382, 31.9446372986, 42.4992179871, 118.295372009, 31.0759811401, 33.9722099304, 27.3711585999], [-18.9742774963, 9.09978866577, 39.7743606567, 23.181137085, 27.7065048218, 55.6274642944, 21.755739212, 40.1776695251, 40.884349823, 31.0759811401, 102.682853699, 30.8478717804, 32.7141532898], [98.0742874146, 42.1069831848, 73.5927505493, 66.8530807495, 55.537727356, 13.2322940826, 40.7604370117, 20.6903648376, 21.9946498871, 33.9722099304, 30.8478717804, 101.792015076, 48.6492080688], [102.460037231, 45.5258903503, 58.489654541, 59.5749549866, 63.3304328918, 47.962802887, 50.3515396118, 26.1116371155, 25.3497371674, 27.3711585999, 32.7141532898, 48.6492080688, 96.0557174683]],
