{
"lowlevel": {
    "average_loudness": 0.943681716919,
    "barkbands_crest": {
        "dmean": 2.5891919136,
        "dmean2": 4.32361412048,
        "dvar": 5.70513486862,
        "dvar2": 15.5837192535,
        "max": 25.0414619446,
        "mean": 8.56367015839,
        "median": 7.83512687683,
        "min": 2.17110085487,
        "var": 12.4301481247
    },
    "barkbands_flatness_db": {
        "dmean": 0.0184036307037,
        "dmean2": 0.02940011397,
        "dvar": 0.000271614087978,
        "dvar2": 0.000689515727572,
        "max": 0.28310573101,
        "mean": 0.117373943329,
        "median": 0.114402346313,
        "min": 0.0319797061384,
        "var": 0.001074827509
    },
    "barkbands_kurtosis": {
        "dmean": 1.53861474991,
        "dmean2": 2.43935108185,
        "dvar": 6.28374481201,
        "dvar2": 15.4263000488,
        "max": 60.5625648499,
        "mean": 1.57059681416,
        "median": 0.234647512436,
        "min": -1.93373370171,
        "var": 15.0017309189
    },
    "barkbands_skewness": {
        "dmean": 0.415716797113,
        "dmean2": 0.653675794601,
        "dvar": 0.18175560236,
        "dvar2": 0.43601411581,
        "max": 7.18415641785,
        "mean": 1.1281709671,
        "median": 0.960260272026,
        "min": -2.90991902351,
        "var": 0.752735435963
    },
    "barkbands_spread": {
        "dmean": 7.44810819626,
        "dmean2": 11.4372529984,
        "dvar": 75.1755905151,
        "dvar2": 149.642044067,
        "max": 111.722129822,
        "mean": 31.7286205292,
        "median": 28.5400505066,
        "min": 3.49410247803,
        "var": 261.529968262
    },
    "dissonance": {
        "dmean": 0.0177951008081,
        "dmean2": 0.0301784072071,
        "dvar": 0.00031562303775,
        "dvar2": 0.000850062875543,
        "max": 0.500000059605,
        "mean": 0.468877404928,
        "median": 0.475928246975,
        "min": 0.28783094883,
        "var": 0.000713092449587
    },
    "dynamic_complexity": 1.8091596365,
    "erbbands_crest": {
        "dmean": 3.04068255424,
        "dmean2": 4.95066738129,
        "dvar": 7.9684677124,
        "dvar2": 20.0209980011,
        "max": 27.4630432129,
        "mean": 9.79730987549,
        "median": 8.6538772583,
        "min": 2.52128648758,
        "var": 22.0937290192
    },
    "erbbands_flatness_db": {
        "dmean": 0.0155792217702,
        "dmean2": 0.0239535830915,
        "dvar": 0.000199228918063,
        "dvar2": 0.000444238481577,
        "max": 0.334276586771,
        "mean": 0.146187201142,
        "median": 0.140587389469,
        "min": 0.0608755797148,
        "var": 0.00158277445007
    },
    "erbbands_kurtosis": {
        "dmean": 0.846442222595,
        "dmean2": 1.34627711773,
        "dvar": 1.28237557411,
        "dvar2": 2.9532597065,
        "max": 18.1545391083,
        "mean": 0.202281907201,
        "median": -0.379763841629,
        "min": -1.83223557472,
        "var": 3.49803471565
    },
    "erbbands_skewness": {
        "dmean": 0.372692465782,
        "dmean2": 0.582111954689,
        "dvar": 0.118075564504,
        "dvar2": 0.266383677721,
        "max": 3.32013297081,
        "mean": 0.546602845192,
        "median": 0.536591053009,
        "min": -3.15108847618,
        "var": 0.494528800249
    },
    "erbbands_spread": {
        "dmean": 9.02370738983,
        "dmean2": 13.8441362381,
        "dvar": 95.9396209717,
        "dvar2": 208.430450439,
        "max": 154.342193604,
        "mean": 45.707660675,
        "median": 40.8022003174,
        "min": 5.90519142151,
        "var": 438.886566162
    },
    "hfc": {
        "dmean": 11.7929153442,
        "dmean2": 17.6062927246,
        "dvar": 339.912078857,
        "dvar2": 744.503601074,
        "max": 337.896820068,
        "mean": 37.0873908997,
        "median": 30.1563186646,
        "min": 2.90072080134e-07,
        "var": 793.839599609
    },
    "melbands_crest": {
        "dmean": 3.3891055584,
        "dmean2": 5.69477748871,
        "dvar": 9.56780338287,
        "dvar2": 26.0697841644,
        "max": 31.2825775146,
        "mean": 12.4997301102,
        "median": 11.5903425217,
        "min": 2.54117083549,
        "var": 22.4520874023
    },
    "melbands_flatness_db": {
        "dmean": 0.0229070484638,
        "dmean2": 0.0359539762139,
        "dvar": 0.000502429204062,
        "dvar2": 0.00119176693261,
        "max": 0.327991604805,
        "mean": 0.139547675848,
        "median": 0.131792902946,
        "min": 0.0149546759203,
        "var": 0.00223732576706
    },
    "melbands_kurtosis": {
        "dmean": 4.42514133453,
        "dmean2": 7.11911058426,
        "dvar": 72.3546676636,
        "dvar2": 189.323867798,
        "max": 222.67678833,
        "mean": 9.06881809235,
        "median": 5.04511976242,
        "min": -1.81785333157,
        "var": 148.967803955
    },
    "melbands_skewness": {
        "dmean": 0.573128163815,
        "dmean2": 0.91358423233,
        "dvar": 0.387946277857,
        "dvar2": 0.979111254215,
        "max": 13.0930089951,
        "mean": 2.23153710365,
        "median": 1.94095540047,
        "min": -0.608280241489,
        "var": 1.58446204662
    },
    "melbands_spread": {
        "dmean": 9.05129051208,
        "dmean2": 14.3655643463,
        "dvar": 114.148895264,
        "dvar2": 259.114868164,
        "max": 201.314544678,
        "mean": 33.9150009155,
        "median": 30.8159999847,
        "min": 2.15727090836,
        "var": 396.612182617
    },
    "pitch_salience": {
        "dmean": 0.0663986429572,
        "dmean2": 0.11000661552,
        "dvar": 0.00392519449815,
        "dvar2": 0.0104834502563,
        "max": 0.87145370245,
        "mean": 0.59927457571,
        "median": 0.600946962833,
        "min": 0.18066637218,
        "var": 0.0127007681876
    },
    "silence_rate_20dB": {
        "dmean": 0,
        "dmean2": 0,
        "dvar": 0,
        "dvar2": 0,
        "max": 1,
        "mean": 1,
        "median": 1,
        "min": 1,
        "var": 0
    },
    "silence_rate_30dB": {
        "dmean": 0.0017058608355,
        "dmean2": 0.00341213750653,
        "dvar": 0.00170290609822,
        "dvar2": 0.00461893202737,
        "max": 1,
        "mean": 0.998903512955,
        "median": 1,
        "min": 0,
        "var": 0.0010952031007
    },
    "silence_rate_60dB": {
        "dmean": 0.00121847202536,
        "dmean2": 0.00231537898071,
        "dvar": 0.00121694756672,
        "dvar2": 0.00279740872793,
        "max": 1,
        "mean": 0.0129142301157,
        "median": 0,
        "min": 0,
        "var": 0.0127474926412
    },
    "spectral_centroid": {
        "dmean": 285.005187988,
        "dmean2": 447.718444824,
        "dvar": 83321.9921875,
        "dvar2": 187079.328125,
        "max": 4667.83544922,
        "mean": 1835.43469238,
        "median": 1899.95336914,
        "min": 347.021118164,
        "var": 401238.53125
    },
    "spectral_complexity": {
        "dmean": 4.41135597229,
        "dmean2": 6.87984418869,
        "dvar": 20.5654563904,
        "dvar2": 45.0034942627,
        "max": 58,
        "mean": 23.7687625885,
        "median": 24,
        "min": 0,
        "var": 88.1770935059
    },
    "spectral_decrease": {
        "dmean": 1.93605620424e-09,
        "dmean2": 3.07367042929e-09,
        "dvar": 6.70171268456e-18,
        "dvar2": 1.58332361584e-17,
        "max": -7.53475263098e-18,
        "mean": -6.27466478775e-09,
        "median": -5.55348211861e-09,
        "min": -3.58601752737e-08,
        "var": 1.56324198668e-17
    },
    "spectral_energy": {
        "dmean": 0.00800084508955,
        "dmean2": 0.0126330265775,
        "dvar": 0.000105896542664,
        "dvar2": 0.000245788105531,
        "max": 0.139900535345,
        "mean": 0.0270459074527,
        "median": 0.0243002325296,
        "min": 5.47482927049e-11,
        "var": 0.000262092420598
    },
    "spectral_energyband_high": {
        "dmean": 0.00112280424219,
        "dmean2": 0.0016709540505,
        "dvar": 4.20101423515e-06,
        "dvar2": 9.33137198444e-06,
        "max": 0.0363302156329,
        "mean": 0.00252520432696,
        "median": 0.00155720999464,
        "min": 2.63348579055e-11,
        "var": 8.43793804961e-06
    },
    "spectral_energyband_low": {
        "dmean": 0.00332409469411,
        "dmean2": 0.00564701948315,
        "dvar": 6.38463461655e-05,
        "dvar2": 0.00017550913617,
        "max": 0.104867480695,
        "mean": 0.00529656466097,
        "median": 0.00291960081086,
        "min": 4.59588964108e-13,
        "var": 7.21898250049e-05
    },
    "spectral_energyband_middle_high": {
        "dmean": 0.00255315424874,
        "dmean2": 0.00403048004955,
        "dvar": 1.01106743386e-05,
        "dvar2": 2.3976464945e-05,
        "max": 0.0699640959501,
        "mean": 0.0082148173824,
        "median": 0.00667655421421,
        "min": 1.96036104017e-11,
        "var": 4.14094029111e-05
    },
    "spectral_energyband_middle_low": {
        "dmean": 0.0047129127197,
        "dmean2": 0.00758698675781,
        "dvar": 5.06897376908e-05,
        "dvar2": 0.000121425720863,
        "max": 0.131902828813,
        "mean": 0.0116742495447,
        "median": 0.00822882633656,
        "min": 8.46344262034e-12,
        "var": 0.000119151161925
    },
    "spectral_entropy": {
        "dmean": 0.134633406997,
        "dmean2": 0.199787944555,
        "dvar": 0.0209759827703,
        "dvar2": 0.0404814183712,
        "max": 8.84320831299,
        "mean": 7.91753816605,
        "median": 7.94170665741,
        "min": 6.67860651016,
        "var": 0.087755702436
    },
    "spectral_flux": {
        "dmean": 0.0215468145907,
        "dmean2": 0.0332471951842,
        "dvar": 0.000608607777394,
        "dvar2": 0.00133998307865,
        "max": 0.313885569572,
        "mean": 0.0923517420888,
        "median": 0.0838411822915,
        "min": 7.39920869819e-06,
        "var": 0.00146339146886
    },
    "spectral_kurtosis": {
        "dmean": 0.672542273998,
        "dmean2": 1.07681655884,
        "dvar": 0.433981895447,
        "dvar2": 1.17458307743,
        "max": 9.38609695435,
        "mean": 2.19670057297,
        "median": 2.08550572395,
        "min": -1.42367589474,
        "var": 1.49441206455
    },
    "spectral_rms": {
        "dmean": 0.000713305489626,
        "dmean2": 0.00111461733468,
        "dvar": 5.90775016462e-07,
        "dvar2": 1.29979036956e-06,
        "max": 0.0116828214377,
        "mean": 0.00491739576682,
        "median": 0.00486903917044,
        "min": 2.31112466054e-07,
        "var": 2.20557058128e-06
    },
    "spectral_rolloff": {
        "dmean": 932.346313477,
        "dmean2": 1541.10754395,
        "dvar": 1997012.875,
        "dvar2": 4241876.5,
        "max": 14491.8457031,
        "mean": 2807.63110352,
        "median": 2368.65234375,
        "min": 86.1328125,
        "var": 5087634
    },
    "spectral_skewness": {
        "dmean": 0.141738653183,
        "dmean2": 0.21967510879,
        "dvar": 0.0201002527028,
        "dvar2": 0.044800773263,
        "max": 2.39424300194,
        "mean": 1.23201501369,
        "median": 1.23017656803,
        "min": 0.119160011411,
        "var": 0.0699720233679
    },
    "spectral_spread": {
        "dmean": 574509.6875,
        "dmean2": 859184.8125,
        "dvar": 515537567744,
        "dvar2": 1.07070370611e+12,
        "max": 18579976,
        "mean": 6121469.5,
        "median": 5982121.5,
        "min": 2708975.75,
        "var": 3.16263812301e+12
    },
    "spectral_strongpeak": {
        "dmean": 0.729904055595,
        "dmean2": 1.2306060791,
        "dvar": 0.825149595737,
        "dvar2": 2.04121303558,
        "max": 11.2452497482,
        "mean": 1.35517549515,
        "median": 0.908695578575,
        "min": 0,
        "var": 1.71074736118
    },
    "zerocrossingrate": {
        "dmean": 0.0148308509961,
        "dmean2": 0.0172403864563,
        "dvar": 0.000272908597253,
        "dvar2": 0.000320095859934,
        "max": 0.44384765625,
        "mean": 0.102298550308,
        "median": 0.0947265625,
        "min": 0.021484375,
        "var": 0.0020601071883
    },
    "barkbands": {
        "dmean": [0.000173187989276, 0.00262904027477, 0.000896696816199, 0.000576353573706, 0.00159649841953, 0.00182681833394, 0.000597388541792, 0.0009764622082, 0.00122640340123, 0.00142812891863, 0.000607417663559, 0.000677163538057, 0.000480249262182, 0.000290570256766, 0.000232790232985, 0.000153632601723, 0.000107777937956, 0.000210474783671, 0.000350216723746, 0.000313702767016, 0.000178801215952, 0.000190875711269, 0.000263666559476, 0.000260406173766, 0.000253287755186, 8.84444234543e-05, 5.59200046268e-08],
        "dmean2": [0.000309483206365, 0.00460426835343, 0.00148860318586, 0.000991750624962, 0.00263634300791, 0.00292057031766, 0.00096673972439, 0.00159889366478, 0.00199856399558, 0.00232896860689, 0.000972490175627, 0.00109206908382, 0.000771302555222, 0.000470722676255, 0.00038224295713, 0.000244527938776, 0.00017497355293, 0.000349123380147, 0.000574457633775, 0.00050479901256, 0.000293511897326, 0.000307906419039, 0.000403999205446, 0.000400741351768, 0.000376296404283, 0.000131425666041, 1.01313375467e-07],
        "dvar": [3.04736545331e-07, 5.43309251952e-05, 2.71647036243e-06, 1.19476419513e-06, 1.03004394987e-05, 1.63561435329e-05, 3.58731858796e-06, 9.6041649158e-06, 8.24208837003e-06, 6.1140899561e-06, 1.34733966206e-06, 2.04021307582e-06, 1.0987045016e-06, 6.77113462189e-07, 2.3025630469e-07, 2.46548353289e-07, 4.17350030091e-08, 9.68646176602e-08, 2.09830034237e-07, 2.31744564871e-07, 1.06632903396e-07, 1.49621072865e-07, 2.24321254905e-07, 2.21509736775e-07, 4.12208294165e-07, 4.35004530175e-08, 3.49322242139e-13],
        "dvar2": [8.77587979176e-07, 0.000154764173203, 7.20790558262e-06, 3.42676412401e-06, 2.50945831795e-05, 3.80916135327e-05, 8.12113830762e-06, 2.41051693592e-05, 2.0691402824e-05, 1.53627843247e-05, 3.11132180286e-06, 5.15979445481e-06, 2.72833244708e-06, 1.67791563399e-06, 5.62226716738e-07, 5.36853633548e-07, 9.91435484821e-08, 2.4999835091e-07, 5.32980777734e-07, 5.66524875012e-07, 2.76890290252e-07, 3.58212673746e-07, 4.96107816161e-07, 5.26526150679e-07, 8.59987096646e-07, 9.01254963992e-08, 9.85777106645e-13],
        "max": [0.0126750189811, 0.0929066166282, 0.0440351553261, 0.0178277064115, 0.106169067323, 0.0963071957231, 0.055951859802, 0.0766936987638, 0.0580057539046, 0.0566397607327, 0.0233350880444, 0.0310414358974, 0.0220202617347, 0.0234572924674, 0.0106773078442, 0.0199298076332, 0.0056367283687, 0.00884263031185, 0.0102321449667, 0.00872321520001, 0.00645957188681, 0.00964260194451, 0.0128982728347, 0.00813517160714, 0.0237697716802, 0.0065705254674, 2.70861564786e-05],
        "mean": [0.000166159807122, 0.00308458763175, 0.00168165669311, 0.000819342327304, 0.00294736190699, 0.00333441444673, 0.000856764614582, 0.00136600341648, 0.00181263859849, 0.00247881794348, 0.00100467668381, 0.00124193308875, 0.000859109684825, 0.000452111387858, 0.000403828482376, 0.000284127279883, 0.000205302218092, 0.000420075142756, 0.000766110722907, 0.000633261923213, 0.00031793146627, 0.0003263267281, 0.000529118347913, 0.000478583213408, 0.00043771674973, 0.000137953538797, 3.79971467623e-08],
        "median": [1.85371391126e-05, 0.000819845008664, 0.000904394022655, 0.000451197643997, 0.00162055157125, 0.00134226470254, 0.000257177744061, 0.00026440405054, 0.000795407046098, 0.00117704900913, 0.000374918803573, 0.000433876528405, 0.000294053461403, 0.000169108127011, 0.000190138642211, 0.000122284181998, 0.000117569696158, 0.000322882639011, 0.000577421509661, 0.000416090653744, 0.000202983006602, 0.000158962779096, 0.000276902748737, 0.000259197491687, 0.000177087640623, 4.41176307504e-05, 7.85031484263e-10],
        "min": [1.45682728034e-13, 7.22330520593e-14, 3.12571881355e-13, 1.2508950039e-13, 8.91717526642e-13, 1.29698053512e-12, 4.58634822828e-12, 3.96882396739e-13, 6.2299243455e-13, 8.97735065539e-13, 1.80166775596e-12, 5.62589634167e-13, 4.84187451417e-13, 3.53066507237e-13, 1.5949899821e-12, 1.02620223517e-12, 7.44336797059e-12, 2.29310385784e-12, 2.35381419217e-12, 2.30114018118e-12, 2.81004841791e-12, 7.79231822297e-13, 6.51446344785e-13, 1.2069834715e-11, 5.9395717511e-12, 1.45396346872e-12, 1.45574936654e-12],
        "var": [2.42061048539e-07, 5.22383343196e-05, 5.60244325243e-06, 1.25748272239e-06, 2.13776311284e-05, 3.43603496731e-05, 5.75809372094e-06, 1.41866767081e-05, 1.17836880236e-05, 1.23099316625e-05, 3.07119103127e-06, 6.05701234235e-06, 2.81272673419e-06, 1.19780384011e-06, 4.79188713598e-07, 5.47748697954e-07, 9.94006725819e-08, 1.77997108608e-07, 5.09002859417e-07, 5.03243086314e-07, 1.50708842739e-07, 2.483471917e-07, 5.03208298142e-07, 3.83041680152e-07, 9.41715086356e-07, 8.59728501723e-08, 2.1335481938e-13]
    },
    "erbbands": {
        "dmean": [0.0952305048704, 0.529877543449, 0.997462034225, 1.33985495567, 3.21286320686, 5.88422346115, 13.4511833191, 14.7171897888, 9.62576198578, 7.55545139313, 26.8523674011, 30.3200550079, 29.451877594, 47.4825439453, 19.2813491821, 29.809129715, 21.843421936, 15.4672794342, 13.1308393478, 9.04847621918, 7.05019283295, 5.23246574402, 8.23019695282, 17.922121048, 15.5035505295, 14.7317152023, 9.43454933167, 6.28786230087, 6.74731492996, 7.17836475372, 7.86966848373, 6.27182102203, 4.0113940239, 3.14240574837, 1.66684544086, 0.527179419994, 0.157412901521, 0.0109633468091, 0.000218508837861, 2.14033643715e-05],
        "dmean2": [0.166676625609, 0.930417120457, 1.6670525074, 2.25519704819, 5.49884128571, 9.75734138489, 21.4575805664, 23.6082344055, 15.3812398911, 11.8959522247, 43.9856147766, 49.1730117798, 48.2154006958, 76.3460998535, 30.602394104, 47.9945602417, 35.177898407, 24.7840423584, 21.2924060822, 14.3649530411, 11.2096576691, 8.45000362396, 13.5281200409, 29.2872180939, 25.1478977203, 23.8421840668, 15.4690828323, 10.3757867813, 10.8713731766, 11.3577651978, 12.1325798035, 9.69681549072, 6.25484848022, 4.81007671356, 2.47779965401, 0.772138178349, 0.240436762571, 0.0167020317167, 0.000326259323629, 3.17655249091e-05],
        "dvar": [0.0805108100176, 2.02208447456, 3.31876826286, 5.25971364975, 46.2229156494, 216.671157837, 766.935852051, 1643.99169922, 774.00970459, 1009.73150635, 6498.79589844, 5721.47753906, 3809.93847656, 6844.45019531, 1408.69091797, 4398.66601562, 2143.61352539, 1327.74707031, 910.506713867, 716.758728027, 316.76776123, 89.2465667725, 159.624298096, 568.54888916, 421.503601074, 604.345153809, 261.553955078, 159.219833374, 195.191452026, 225.306549072, 187.226150513, 115.603851318, 65.7283401489, 53.004360199, 24.0272483826, 2.04211139679, 0.132600486279, 0.00071091245627, 2.54063337479e-07, 1.30735522408e-09],
        "dvar2": [0.223979383707, 5.80753755569, 9.01014518738, 14.3069801331, 120.995414734, 537.88885498, 1789.42883301, 3746.67700195, 1714.53295898, 2200.7956543, 16697.1953125, 14483.5556641, 9639.29296875, 17162.0839844, 3339.66333008, 11106.0722656, 5344.91113281, 3265.25854492, 2256.87670898, 1706.08276367, 658.564575195, 209.970581055, 391.028289795, 1427.85681152, 1078.87658691, 1512.77966309, 670.619873047, 409.952941895, 474.619506836, 513.415527344, 424.751403809, 271.653289795, 161.53213501, 119.83379364, 49.0631141663, 3.98712873459, 0.302897810936, 0.00157004501671, 5.44064675978e-07, 2.72837374915e-09],
        "max": [4.26424264908, 19.2172374725, 37.0164833069, 45.9448623657, 180.07270813, 577.773132324, 628.075378418, 1243.62207031, 1005.96057129, 1175.48974609, 2251.59912109, 1556.99731445, 1750.94226074, 1278.08813477, 750.663146973, 1528.74121094, 960.246948242, 1052.94433594, 857.134521484, 805.085144043, 739.248291016, 276.156036377, 329.332763672, 642.606689453, 462.713684082, 508.992980957, 319.627563477, 253.108627319, 359.298492432, 438.424041748, 343.583374023, 141.90196228, 182.436248779, 159.48147583, 236.167602539, 61.8883209229, 7.18073558807, 0.464124053717, 0.00949932076037, 0.000928925641347],
        "mean": [0.102815046906, 0.646066606045, 1.83736336231, 2.39830231667, 5.17098474503, 10.2519359589, 24.2862224579, 25.3886222839, 15.7002305984, 10.5053958893, 39.3443412781, 46.3726806641, 50.0606307983, 87.3990936279, 38.7837600708, 55.985294342, 42.2008209229, 27.4472103119, 24.5346984863, 17.6327381134, 14.002245903, 11.1070108414, 18.1977939606, 39.1604690552, 35.7977981567, 29.7805919647, 17.503408432, 10.7136888504, 11.3030929565, 13.5031137466, 15.4828262329, 11.8100671768, 7.05485677719, 5.27235984802, 2.83304572105, 0.865860939026, 0.231719970703, 0.0143784936517, 0.000333568110364, 5.82462744205e-05],
        "median": [0.0140925105661, 0.238253206015, 1.08609211445, 1.56685709953, 3.11003160477, 5.31854534149, 8.66613578796, 9.52022457123, 5.54685306549, 3.99822425842, 9.7702293396, 21.2008590698, 25.8907165527, 36.5989608765, 20.9564323425, 20.9118995667, 16.6400489807, 12.9371099472, 11.5250911713, 8.50784015656, 7.65706586838, 7.16192245483, 14.1989297867, 29.8219795227, 26.1694316864, 19.7616348267, 11.8086681366, 6.3052611351, 5.5662484169, 6.31758785248, 8.16106414795, 6.32821655273, 3.67579984665, 2.3652844429, 0.968618631363, 0.269690811634, 0.075889736414, 0.00269423937425, 0.00010074365855, 4.47443781013e-05],
        "min": [1.69467890242e-12, 2.42781350579e-11, 2.83458589934e-10, 3.71475905592e-10, 8.69741667575e-10, 3.98599508955e-09, 3.79287490304e-09, 1.70387615128e-08, 6.79810483462e-08, 3.36500036724e-08, 6.16160544809e-09, 9.02595331809e-09, 3.81575304687e-08, 3.3593874349e-08, 6.44588666887e-08, 2.32334187444e-08, 2.05424299793e-08, 2.13886011124e-08, 8.55780228903e-08, 6.20491888981e-08, 7.11434537948e-08, 4.10060977174e-07, 2.0756007757e-07, 7.09830203505e-08, 1.47898944647e-07, 1.10748693771e-07, 1.7199533886e-07, 4.20385681821e-08, 2.58689016874e-08, 2.56058569903e-08, 1.94577740587e-08, 8.42178238258e-08, 3.21899989331e-07, 1.06253651211e-07, 1.42765070876e-08, 5.9059215296e-09, 2.41120479139e-09, 1.15363840703e-09, 2.250540726e-10, 1.73819205557e-11],
        "var": [0.082127340138, 1.83284020424, 5.7585644722, 8.27052593231, 60.0975189209, 382.892150879, 2122.39038086, 3019.20996094, 1572.22485352, 1304.14892578, 9761.25683594, 8316.07617188, 5964.28222656, 18806.1230469, 3903.0090332, 12505.5419922, 5687.41748047, 2687.04370117, 1990.60913086, 1819.25036621, 666.139831543, 219.21685791, 337.788726807, 1330.3182373, 1330.02954102, 1130.23083496, 385.504852295, 215.947311401, 301.0390625, 440.975311279, 409.683868408, 216.603515625, 103.712005615, 98.0095901489, 57.1882591248, 4.44508600235, 0.216389074922, 0.00119363563135, 4.64657262e-07, 2.97684876749e-09]
    },
    "gfcc": {
        "mean": [40.5047721863, 51.6257476807, -120.934463501, 29.8143978119, -81.0234603882, 23.0882797241, -40.8807182312, 16.4198436737, -41.8074455261, -0.822554826736, -14.1031570435, 0.0654327943921, -12.0382995605],
        "cov": [[1959.82373047, -73.4512023926, 685.354431152, 323.549957275, 108.792892456, 165.379730225, -33.2798423767, 37.4247779846, 16.008852005, 161.784088135, 68.0121002197, 70.0884399414, -48.6090049744], [-73.4512023926, 803.126037598, 389.615539551, 177.30696106, 71.7636108398, 40.2081642151, 31.3717670441, 43.0061645508, 33.4290924072, -2.06434226036, 134.398452759, -41.6371803284, 12.3185052872], [685.354431152, 389.615539551, 1506.15307617, 397.407897949, 115.124031067, 78.6436233521, -139.650878906, 153.028991699, 69.2126998901, 206.740997314, 132.737747192, 60.1307678223, -61.2155380249], [323.549957275, 177.30696106, 397.407897949, 359.350158691, 90.1823196411, 38.8802146912, -39.967666626, 15.4701843262, 61.5016746521, 55.032787323, 41.3888778687, 10.2417554855, 10.6388931274], [108.792892456, 71.7636108398, 115.124031067, 90.1823196411, 213.207748413, 94.7742538452, 38.3825302124, 28.3874931335, 16.8198108673, 55.1299247742, 23.9798278809, 20.8799877167, 1.30432462692], [165.379730225, 40.2081642151, 78.6436233521, 38.8802146912, 94.7742538452, 222.463684082, 116.327285767, 1.54608678818, -16.687253952, 40.0572929382, 66.1063995361, 10.9639568329, -19.2726516724], [-33.2798423767, 31.3717670441, -139.650878906, -39.967666626, 38.3825302124, 116.327285767, 214.312408447, 28.6513252258, -32.4788398743, 1.34163975716, 23.5896778107, 1.86141431332, -14.2236995697], [37.4247779846, 43.0061645508, 153.028991699, 15.4701843262, 28.3874931335, 1.54608678818, 28.6513252258, 121.001953125, 46.0906562805, 28.376701355, 14.8403663635, 4.22223758698, 1.15868735313], [16.008852005, 33.4290924072, 69.2126998901, 61.5016746521, 16.8198108673, -16.687253952, -32.4788398743, 46.0906562805, 111.288818359, 41.2187957764, -3.16380858421, 3.62720274925, 14.7146263123], [161.784088135, -2.06434226036, 206.740997314, 55.032787323, 55.1299247742, 40.0572929382, 1.34163975716, 28.376701355, 41.2187957764, 120.173294067, 39.0608253479, 19.6020393372, -10.1656246185], [68.0121002197, 134.398452759, 132.737747192, 41.3888778687, 23.9798278809, 66.1063995361, 23.5896778107, 14.8403663635, -3.16380858421, 39.0608253479, 125.913330078, 27.0544605255, -4.41759490967], [70.0884399414, -41.6371803284, 60.1307678223, 10.2417554855, 20.8799877167, 10.9639568329, 1.86141431332, 4.22223758698, 3.62720274925, 19.6020393372, 27.0544605255, 71.2220230103, 19.1611766815], [-48.6090049744, 12.3185052872, -61.2155380249, 10.6388931274, 1.30432462692, -19.2726516724, -14.2236995697, 1.15868735313, 14.7146263123, -10.1656246185, -4.41759490967, 19.1611766815, 70.3843002319]],
        "icov": [[0.000767123769037, 0.000122680721688, -2.44669627136e-05, -0.000703694066033, 0.000302446773276, -0.000671498535667, 0.000418251176598, -0.000429183419328, 0.000629334652331, -0.000673038943205, 0.00035716893035, -0.000639231235255, 0.000463184725959], [0.000122680721688, 0.0033919357229, -0.00194093352184, 0.00054857559735, -0.00202593719587, 0.00241881981492, -0.00316283549182, 0.00302070146427, -0.00307037052698, 0.00401714257896, -0.00501916185021, 0.00525587424636, -0.00279273465276], [-2.44669627136e-05, -0.00194093352184, 0.00327666033991, -0.0024584562052, 0.0020007530693, -0.00262304884382, 0.00435598613694, -0.00532414391637, 0.00417169881985, -0.00467863492668, 0.00289691542275, -0.00450264522806, 0.00361656676978], [-0.000703694066033, 0.00054857559735, -0.0024584562052, 0.00651172967628, -0.00283611193299, 0.00191154680215, -0.00256584282033, 0.00493702525273, -0.00524463504553, 0.00345329986885, -0.00240306416526, 0.00356935430318, -0.00325561640784], [0.000302446773276, -0.00202593719587, 0.0020007530693, -0.00283611193299, 0.008848243393, -0.00524897640571, 0.0033095292747, -0.00493557704613, 0.00392055138946, -0.00566439097747, 0.00494295544922, -0.00540648214519, 0.00202541332692], [-0.000671498535667, 0.00241881981492, -0.00262304884382, 0.00191154680215, -0.00524897640571, 0.0126047628, -0.00872155185789, 0.00704552745447, -0.00442291377112, 0.00402778107673, -0.00765260169283, 0.00609830580652, -0.00242125452496], [0.000418251176598, -0.00316283549182, 0.00435598613694, -0.00256584282033, 0.0033095292747, -0.00872155185789, 0.0141470339149, -0.0103761740029, 0.00827630329877, -0.00636216951534, 0.00585207855329, -0.0072698937729, 0.00529634300619], [-0.000429183419328, 0.00302070146427, -0.00532414391637, 0.00493702525273, -0.00493557704613, 0.00704552745447, -0.0103761740029, 0.0205673817545, -0.0124662881717, 0.0073969271034, -0.00677586114034, 0.00805660430342, -0.00556073663756], [0.000629334652331, -0.00307037052698, 0.00417169881985, -0.00524463504553, 0.00392055138946, -0.00442291377112, 0.00827630329877, -0.0124662881717, 0.020798701793, -0.0114176357165, 0.00727333081886, -0.00639614462852, 0.00218754238449], [-0.000673038943205, 0.00401714257896, -0.00467863492668, 0.00345329986885, -0.00566439097747, 0.00402778107673, -0.00636216951534, 0.0073969271034, -0.0114176357165, 0.0209509748966, -0.00907135754824, 0.00625156704336, -0.00281696999446], [0.00035716893035, -0.00501916185021, 0.00289691542275, -0.00240306416526, 0.00494295544922, -0.00765260169283, 0.00585207855329, -0.00677586114034, 0.00727333081886, -0.00907135754824, 0.0193419791758, -0.0119042675942, 0.00473902560771], [-0.000639231235255, 0.00525587424636, -0.00450264522806, 0.00356935430318, -0.00540648214519, 0.00609830580652, -0.0072698937729, 0.00805660430342, -0.00639614462852, 0.00625156704336, -0.0119042675942, 0.0276601202786, -0.0116858584806], [0.000463184725959, -0.00279273465276, 0.00361656676978, -0.00325561640784, 0.00202541332692, -0.00242125452496, 0.00529634300619, -0.00556073663756, 0.00218754238449, -0.00281696999446, 0.00473902560771, -0.0116858584806, 0.0217298343778]]
    },
    "melbands": {
        "dmean": [0.000784268486314, 0.000548874144442, 0.000267644267296, 0.000323221902363, 0.000407983054174, 0.00032316413126, 0.000140792093589, 9.43094346439e-05, 0.000228303324548, 0.000189291604329, 0.000151060987264, 0.000202038834686, 6.83942198521e-05, 7.62927520555e-05, 6.31434741081e-05, 4.79180380353e-05, 2.89864638034e-05, 2.27011587413e-05, 1.54779936565e-05, 1.16841492854e-05, 8.52417178976e-06, 5.65672553421e-06, 7.12022665539e-06, 1.07509176814e-05, 1.64704615599e-05, 1.30306734718e-05, 1.1300478036e-05, 1.03870625026e-05, 7.02847864886e-06, 4.33683499068e-06, 3.82600046578e-06, 4.05369337386e-06, 3.93168693336e-06, 4.33114882981e-06, 4.86203043693e-06, 4.52465383205e-06, 3.84402346754e-06, 3.00089050143e-06, 2.75783190773e-06, 2.80308563561e-06],
        "dmean2": [0.0013793486869, 0.000928834255319, 0.000454177934444, 0.000537750776857, 0.000657571014017, 0.00051831244491, 0.000225575844524, 0.0001484091772, 0.000372996320948, 0.000307627109578, 0.000246878858889, 0.000326027773554, 0.000108648899186, 0.000122772966279, 0.000102025682281, 7.65234071878e-05, 4.66694655188e-05, 3.68527616956e-05, 2.51562232734e-05, 1.83740885404e-05, 1.37343267852e-05, 9.0869871201e-06, 1.18150019262e-05, 1.78658501682e-05, 2.69971387752e-05, 2.15153049794e-05, 1.84814343811e-05, 1.7010843294e-05, 1.16155906653e-05, 7.15876149116e-06, 6.40734151602e-06, 6.625054084e-06, 6.39083918941e-06, 6.82992777001e-06, 7.51632842366e-06, 7.06920309312e-06, 6.02397813054e-06, 4.74865919387e-06, 4.35919628217e-06, 4.3166874093e-06],
        "dvar": [5.17585385751e-06, 1.22710468986e-06, 2.34238598296e-07, 5.76913464556e-07, 6.46579792374e-07, 6.91380250828e-07, 1.59749561135e-07, 1.34823892495e-07, 4.40000690105e-07, 2.19363158749e-07, 1.02621115161e-07, 1.24622729913e-07, 1.66783440392e-08, 2.62599346712e-08, 1.85055757385e-08, 1.10060627279e-08, 5.71436320485e-09, 3.5266756182e-09, 1.07177966502e-09, 1.8380261757e-09, 4.06623595905e-10, 1.12289552656e-10, 1.72957273503e-10, 2.77606743149e-10, 4.99983443536e-10, 3.03425506942e-10, 2.85623413809e-10, 3.09757802741e-10, 1.43736703095e-10, 5.91129714622e-11, 6.87596229954e-11, 7.49863574012e-11, 6.03070024474e-11, 8.54531029271e-11, 7.53009113397e-11, 5.75834033234e-11, 4.61224287929e-11, 3.52293819117e-11, 3.76843382888e-11, 4.49482985554e-11],
        "dvar2": [1.466836693e-05, 3.35598770107e-06, 6.48386901503e-07, 1.39311657676e-06, 1.52922200414e-06, 1.59522051035e-06, 3.60482687256e-07, 2.88815272143e-07, 1.12994337087e-06, 5.53998802388e-07, 2.5830391337e-07, 3.13507030114e-07, 3.8674933478e-08, 6.48071818432e-08, 4.53452457805e-08, 2.71349342995e-08, 1.39781315411e-08, 8.70535021846e-09, 2.53836685005e-09, 4.07604971997e-09, 8.56503423741e-10, 2.49936543684e-10, 4.43648229265e-10, 6.99820701389e-10, 1.26055943461e-09, 7.86091525207e-10, 7.15578207799e-10, 7.7858641756e-10, 3.71854269599e-10, 1.5354331695e-10, 1.8242467259e-10, 1.87729248813e-10, 1.41779352147e-10, 1.93918048286e-10, 1.71692118855e-10, 1.37487451979e-10, 1.10853569379e-10, 8.88911791397e-11, 9.16343459445e-11, 1.01705158184e-10],
        "max": [0.031502969563, 0.0148682994768, 0.00765810301527, 0.0289964918047, 0.0177840758115, 0.0238834414631, 0.0130467414856, 0.0129533531144, 0.0191555488855, 0.0105830486864, 0.00922854803503, 0.00566782196984, 0.00293749384582, 0.00432904856279, 0.00373541098088, 0.00203133723699, 0.00192910782062, 0.00204418436624, 0.00106565421447, 0.00166916812304, 0.000636082259007, 0.000262452784227, 0.000384977494832, 0.000488223944558, 0.00065073283622, 0.00032324512722, 0.000426510552643, 0.000338714075042, 0.00024802563712, 0.000143935962114, 0.000171261504875, 0.000183700423804, 0.000226046613534, 0.000278039107798, 0.00023292057449, 0.000131349675939, 9.40361642279e-05, 0.000129233478219, 0.000100254794233, 0.000156144800712],
        "mean": [0.000879868515767, 0.000930891663302, 0.000481878581923, 0.000566408329178, 0.000754103180952, 0.000572535733227, 0.000223423208809, 0.000127515551867, 0.000330138864229, 0.00028412672691, 0.000244469032623, 0.000363540777471, 0.000125242018839, 0.000141558106407, 0.000112430789159, 8.46575567266e-05, 4.61641648144e-05, 3.92387992179e-05, 2.73802888842e-05, 2.11139977182e-05, 1.5650603018e-05, 1.0884119547e-05, 1.31842371047e-05, 2.07743596548e-05, 3.34171490977e-05, 2.6552750569e-05, 2.42355908995e-05, 1.86956531252e-05, 1.21971170302e-05, 7.15324949851e-06, 5.84783128943e-06, 6.14253940512e-06, 6.7829978434e-06, 7.81717972131e-06, 8.97675727174e-06, 8.4993771452e-06, 6.6899151534e-06, 4.95629637953e-06, 4.43626095148e-06, 4.47687443739e-06],
        "median": [0.000180560935405, 0.000572314602323, 0.000341107923305, 0.000305758265313, 0.000303774082568, 0.000223729148274, 7.42042175261e-05, 4.13135785493e-05, 8.59350984683e-05, 0.000122492376249, 0.000111162778921, 0.000145106299897, 5.4556177929e-05, 5.29763055965e-05, 4.12045992562e-05, 2.90778370982e-05, 1.81130235433e-05, 1.60902800417e-05, 1.28384872369e-05, 8.25234837976e-06, 8.31486977404e-06, 6.20693526798e-06, 8.20776767796e-06, 1.51494587044e-05, 2.44450493483e-05, 1.90241698874e-05, 1.55114485096e-05, 1.20035474538e-05, 7.88162924437e-06, 4.42769805886e-06, 3.18297543345e-06, 2.98918530461e-06, 3.0926821637e-06, 3.56842997462e-06, 4.61381114292e-06, 4.31937951362e-06, 3.49807601197e-06, 2.46117247116e-06, 2.03112631425e-06, 1.88673038792e-06],
        "min": [2.32871871336e-14, 1.09767948312e-13, 8.47573693088e-14, 1.52598555537e-13, 1.67600769417e-13, 3.87665648281e-13, 9.96945798484e-13, 2.83160105606e-13, 3.26210751662e-14, 7.87253969696e-14, 1.90265433075e-13, 1.14297609463e-13, 2.68647409006e-13, 7.08904438515e-14, 4.70628412272e-14, 4.48098725009e-14, 3.31510840101e-14, 1.2906705869e-13, 9.25038718584e-14, 8.14923690052e-14, 8.18752414499e-14, 4.00659811318e-13, 3.81099286243e-13, 8.35531798371e-14, 4.38126233427e-14, 1.16643755202e-13, 8.49761274259e-14, 6.64484946559e-14, 1.19611474046e-13, 6.3214516087e-14, 1.2056661042e-14, 9.4374327282e-15, 2.43312534969e-14, 1.13377740153e-14, 1.12133245465e-14, 9.51942128233e-15, 5.98644668993e-14, 2.71664011816e-13, 1.51832905515e-13, 5.98108259968e-14],
        "var": [5.06871947437e-06, 1.55633472332e-06, 3.09877350446e-07, 1.07138316707e-06, 1.74269064246e-06, 1.31176079776e-06, 3.15365497272e-07, 1.83361450468e-07, 6.44441342956e-07, 3.26349493207e-07, 1.59468669381e-07, 3.34923583978e-07, 4.3117704962e-08, 7.5054956028e-08, 4.728907399e-08, 2.67692783495e-08, 1.08831903489e-08, 6.86498680125e-09, 2.23078022721e-09, 4.04706845814e-09, 8.47770353918e-10, 2.87246726405e-10, 3.24574755961e-10, 4.95041563298e-10, 1.09792719361e-09, 6.89546530985e-10, 9.38008781759e-10, 4.96163943264e-10, 2.06968664429e-10, 8.11131509182e-11, 8.24206328187e-11, 9.86380421786e-11, 1.17421850021e-10, 1.61829522005e-10, 1.56320345557e-10, 1.19064536008e-10, 7.74651454094e-11, 5.31747319787e-11, 5.5708191532e-11, 8.23389342819e-11]
    },
    "mfcc": {
        "mean": [-598.728637695, 80.2247238159, 8.87048339844, 7.68599843979, -9.30622196198, -4.29191970825, 10.4855337143, 5.63866043091, -12.2312698364, 4.02729892731, -6.48179149628, -9.24780464172, -4.75301504135],
        "cov": [[1618.36865234, -251.231658936, 228.1612854, 137.698532104, 110.139266968, 161.304199219, 63.5786972046, -12.416053772, -1.72632169724, 22.8969078064, 28.7294845581, 43.58852005, 51.0431365967], [-251.231658936, 614.171569824, 320.314819336, 106.531684875, 123.498321533, -19.7496471405, 91.1530151367, 22.4610900879, -38.6926765442, 60.46900177, 34.3973655701, 54.5564117432, 28.5972976685], [228.1612854, 320.314819336, 1203.9107666, 346.859558105, 358.215545654, 18.289598465, 40.1750335693, -45.7697372437, -46.6884841919, 72.9876708984, 91.8747329712, 141.119552612, 117.571243286], [137.698532104, 106.531684875, 346.859558105, 307.2293396, 180.074798584, 11.2046508789, -34.6712989807, -19.0169181824, 24.2019367218, 27.3842334747, 11.709446907, 38.0668945312, 50.6975479126], [110.139266968, 123.498321533, 358.215545654, 180.074798584, 307.148406982, 40.5001602173, -9.37155056, -23.5504837036, 6.39112281799, 46.086681366, 13.5705099106, 57.6578025818, 64.8852310181], [161.304199219, -19.7496471405, 18.289598465, 11.2046508789, 40.5001602173, 204.050262451, 107.127487183, 17.0234394073, 1.70248353481, 6.85235452652, 34.2474060059, 25.724822998, 12.5962562561], [63.5786972046, 91.1530151367, 40.1750335693, -34.6712989807, -9.37155056, 107.127487183, 243.093139648, 59.2496566772, -20.8319625854, 18.5569190979, 56.9743804932, 28.4225540161, 4.16076278687], [-12.416053772, 22.4610900879, -45.7697372437, -19.0169181824, -23.5504837036, 17.0234394073, 59.2496566772, 102.393356323, 13.8346672058, 7.67532444, 4.04708480835, -0.864728391171, 6.98328638077], [-1.72632169724, -38.6926765442, -46.6884841919, 24.2019367218, 6.39112281799, 1.70248353481, -20.8319625854, 13.8346672058, 123.522361755, 17.3436164856, 8.56581306458, -0.893512368202, -1.99945402145], [22.8969078064, 60.46900177, 72.9876708984, 27.3842334747, 46.086681366, 6.85235452652, 18.5569190979, 7.67532444, 17.3436164856, 90.7172622681, 30.757062912, 24.174949646, 15.8689136505], [28.7294845581, 34.3973655701, 91.8747329712, 11.709446907, 13.5705099106, 34.2474060059, 56.9743804932, 4.04708480835, 8.56581306458, 30.757062912, 90.4916229248, 36.9646911621, 9.73893547058], [43.58852005, 54.5564117432, 141.119552612, 38.0668945312, 57.6578025818, 25.724822998, 28.4225540161, -0.864728391171, -0.893512368202, 24.174949646, 36.9646911621, 93.2163467407, 43.4995384216], [51.0431365967, 28.5972976685, 117.571243286, 50.6975479126, 64.8852310181, 12.5962562561, 4.16076278687, 6.98328638077, -1.99945402145, 15.8689136505, 9.73893547058, 43.4995384216, 79.7555465698]],
