{
"lowlevel": {
    "average_loudness": 0.948030292988,
    "barkbands_crest": {
        "dmean": 3.05118989944,
        "dmean2": 4.7256026268,
        "dvar": 8.02753067017,
        "dvar2": 18.7450866699,
        "max": 26.0557098389,
        "mean": 10.562789917,
        "median": 9.13498687744,
        "min": 2.24488449097,
        "var": 27.6760025024
    },
    "barkbands_flatness_db": {
        "dmean": 0.028652921319,
        "dmean2": 0.0416299775243,
        "dvar": 0.000877113314345,
        "dvar2": 0.00169743294828,
        "max": 0.407204061747,
        "mean": 0.125954076648,
        "median": 0.11550796777,
        "min": 0.021409727633,
        "var": 0.00384334358387
    },
    "barkbands_kurtosis": {
        "dmean": 5.33954191208,
        "dmean2": 8.29662322998,
        "dvar": 233.320922852,
        "dvar2": 501.846099854,
        "max": 640.346984863,
        "mean": 6.79461336136,
        "median": 0.972690582275,
        "min": -1.97676110268,
        "var": 405.578704834
    },
    "barkbands_skewness": {
        "dmean": 0.77149862051,
        "dmean2": 1.12483882904,
        "dvar": 0.859371960163,
        "dvar2": 1.74244439602,
        "max": 21.2533473969,
        "mean": 1.43388259411,
        "median": 1.0349971056,
        "min": -4.80725765228,
        "var": 4.1882147789
    },
    "barkbands_spread": {
        "dmean": 8.34896850586,
        "dmean2": 12.4215259552,
        "dvar": 88.3136520386,
        "dvar2": 184.816894531,
        "max": 114.227134705,
        "mean": 27.281671524,
        "median": 24.790927887,
        "min": 0.325856387615,
        "var": 303.398193359
    },
    "dissonance": {
        "dmean": 0.0142187522724,
        "dmean2": 0.0242881271988,
        "dvar": 0.000206063283258,
        "dvar2": 0.000564346730243,
        "max": 0.499999940395,
        "mean": 0.476075321436,
        "median": 0.480679422617,
        "min": 0.337036728859,
        "var": 0.000346087705111
    },
    "dynamic_complexity": 3.36365509033,
    "erbbands_crest": {
        "dmean": 2.64085817337,
        "dmean2": 4.33012485504,
        "dvar": 6.46425533295,
        "dvar2": 16.5177822113,
        "max": 31.5962982178,
        "mean": 8.13024997711,
        "median": 7.24011325836,
        "min": 2.38386392593,
        "var": 15.5571403503
    },
    "erbbands_flatness_db": {
        "dmean": 0.0217285435647,
        "dmean2": 0.0312150940299,
        "dvar": 0.000497229746543,
        "dvar2": 0.000967789965216,
        "max": 0.37463888526,
        "mean": 0.142008155584,
        "median": 0.132365420461,
        "min": 0.0457097776234,
        "var": 0.00240936758928
    },
    "erbbands_kurtosis": {
        "dmean": 1.25715649128,
        "dmean2": 1.98475384712,
        "dvar": 4.91144609451,
        "dvar2": 10.9546489716,
        "max": 55.1474189758,
        "mean": 0.768418908119,
        "median": -0.07936835289,
        "min": -1.81823372841,
        "var": 8.81636142731
    },
    "erbbands_skewness": {
        "dmean": 0.435620456934,
        "dmean2": 0.65531784296,
        "dvar": 0.191637426615,
        "dvar2": 0.385468155146,
        "max": 4.13892126083,
        "mean": -0.136797100306,
        "median": -0.0814629942179,
        "min": -6.61360216141,
        "var": 0.810087263584
    },
    "erbbands_spread": {
        "dmean": 10.5924453735,
        "dmean2": 15.604300499,
        "dvar": 131.223266602,
        "dvar2": 273.098968506,
        "max": 161.337127686,
        "mean": 40.5770683289,
        "median": 37.1536140442,
        "min": 2.350867033,
        "var": 462.080963135
    },
    "hfc": {
        "dmean": 11.965344429,
        "dmean2": 16.8234901428,
        "dvar": 291.892150879,
        "dvar2": 584.126586914,
        "max": 197.238494873,
        "mean": 24.136680603,
        "median": 14.4603462219,
        "min": 1.05999840454e-16,
        "var": 687.725891113
    },
    "melbands_crest": {
        "dmean": 3.94842791557,
        "dmean2": 6.17090797424,
        "dvar": 14.1756391525,
        "dvar2": 31.1579322815,
        "max": 36.5468711853,
        "mean": 15.605802536,
        "median": 14.1486177444,
        "min": 1.49775755405,
        "var": 62.0072097778
    },
    "melbands_flatness_db": {
        "dmean": 0.0334322676063,
        "dmean2": 0.0471599325538,
        "dvar": 0.00124980544206,
        "dvar2": 0.0023074359633,
        "max": 0.523497402668,
        "mean": 0.183609947562,
        "median": 0.170021906495,
        "min": 0.00286504626274,
        "var": 0.00786776375026
    },
    "melbands_kurtosis": {
        "dmean": 13.9608602524,
        "dmean2": 21.546787262,
        "dvar": 958.040100098,
        "dvar2": 2223.50073242,
        "max": 567.155761719,
        "mean": 21.9119701385,
        "median": 5.47977352142,
        "min": -1.87999606133,
        "var": 2098.7746582
    },
    "melbands_skewness": {
        "dmean": 1.07858788967,
        "dmean2": 1.57688784599,
        "dvar": 1.70253074169,
        "dvar2": 3.54751014709,
        "max": 19.4517459869,
        "mean": 2.93275475502,
        "median": 2.21065068245,
        "min": -2.34131073952,
        "var": 7.7490196228
    },
    "melbands_spread": {
        "dmean": 11.0131549835,
        "dmean2": 16.3096313477,
        "dvar": 257.092712402,
        "dvar2": 467.170959473,
        "max": 282.785797119,
        "mean": 35.6469192505,
        "median": 27.2136859894,
        "min": 0.350851684809,
        "var": 1242.16748047
    },
    "pitch_salience": {
        "dmean": 0.0885571315885,
        "dmean2": 0.138419419527,
        "dvar": 0.00766461202875,
        "dvar2": 0.0166757553816,
        "max": 0.991981983185,
        "mean": 0.532744765282,
        "median": 0.551788926125,
        "min": 0.0578086152673,
        "var": 0.0265975985676
    },
    "silence_rate_20dB": {
        "dmean": 0,
        "dmean2": 0,
        "dvar": 0,
        "dvar2": 0,
        "max": 1,
        "mean": 1,
        "median": 1,
        "min": 1,
        "var": 0
    },
    "silence_rate_30dB": {
        "dmean": 0.0519250258803,
        "dmean2": 0.103863202035,
        "dvar": 0.0492251291871,
        "dvar2": 0.114358440042,
        "max": 1,
        "mean": 0.9570723176,
        "median": 1,
        "min": 0,
        "var": 0.0410824492574
    },
    "silence_rate_60dB": {
        "dmean": 0.0319148935378,
        "dmean2": 0.0638378709555,
        "dvar": 0.0308991298079,
        "dvar2": 0.0671160817146,
        "max": 1,
        "mean": 0.124224387109,
        "median": 0,
        "min": 0,
        "var": 0.108800381422
    },
    "spectral_centroid": {
        "dmean": 348.47869873,
        "dmean2": 512.174438477,
        "dvar": 157854.203125,
        "dvar2": 297159.46875,
        "max": 12086.8769531,
        "mean": 2063.63818359,
        "median": 1748.40808105,
        "min": 136.800109863,
        "var": 3499978.75
    },
    "spectral_complexity": {
        "dmean": 5.61474180222,
        "dmean2": 7.5549082756,
        "dvar": 44.0192070007,
        "dvar2": 71.6408996582,
        "max": 59,
        "mean": 18.1786746979,
        "median": 17,
        "min": 0,
        "var": 150.130233765
    },
    "spectral_decrease": {
        "dmean": 3.69673114342e-09,
        "dmean2": 5.20716403329e-09,
        "dvar": 2.94850216793e-17,
        "dvar2": 5.57059489568e-17,
        "max": 2.60640769754e-28,
        "mean": -7.4999615407e-09,
        "median": -4.76841366392e-09,
        "min": -5.16217291135e-08,
        "var": 6.84837122814e-17
    },
    "spectral_energy": {
        "dmean": 0.0147502012551,
        "dmean2": 0.0207231212407,
        "dvar": 0.000443679193268,
        "dvar2": 0.000834785285406,
        "max": 0.197145879269,
        "mean": 0.0304958317429,
        "median": 0.0200742594898,
        "min": 9.93206666706e-21,
        "var": 0.00104148173705
    },
    "spectral_energyband_high": {
        "dmean": 0.000979295233265,
        "dmean2": 0.00137985963374,
        "dvar": 3.19934406434e-06,
        "dvar2": 5.9138992583e-06,
        "max": 0.0245705582201,
        "mean": 0.00144836655818,
        "median": 0.000447296304628,
        "min": 7.08216853949e-21,
        "var": 6.4810742515e-06
    },
    "spectral_energyband_low": {
        "dmean": 0.0103229079396,
        "dmean2": 0.0148143488914,
        "dvar": 0.000394757167669,
        "dvar2": 0.000800496782176,
        "max": 0.188756451011,
        "mean": 0.0170982982963,
        "median": 0.00618070363998,
        "min": 8.94040834119e-24,
        "var": 0.000758949492592
    },
    "spectral_energyband_middle_high": {
        "dmean": 0.00271274801344,
        "dmean2": 0.00424029119313,
        "dvar": 1.62274645845e-05,
        "dvar2": 4.1977778892e-05,
        "max": 0.0482063889503,
        "mean": 0.00553202722222,
        "median": 0.00289875431918,
        "min": 1.14672496644e-21,
        "var": 4.40956609964e-05
    },
    "spectral_energyband_middle_low": {
        "dmean": 0.00500821974128,
        "dmean2": 0.007941394113,
        "dvar": 7.97716129455e-05,
        "dvar2": 0.000205421238206,
        "max": 0.129257202148,
        "mean": 0.00733531545848,
        "median": 0.00407983548939,
        "min": 1.47253358273e-22,
        "var": 8.99884471437e-05
    },
    "spectral_entropy": {
        "dmean": 0.195390433073,
        "dmean2": 0.275923490524,
        "dvar": 0.0415879487991,
        "dvar2": 0.0811453089118,
        "max": 9.82367992401,
        "mean": 7.79002094269,
        "median": 7.74605894089,
        "min": 5.51872301102,
        "var": 0.326101720333
    },
    "spectral_flux": {
        "dmean": 0.0339758172631,
        "dmean2": 0.0500177517533,
        "dvar": 0.00167905329727,
        "dvar2": 0.00305990525521,
        "max": 0.421873301268,
        "mean": 0.0955333411694,
        "median": 0.0799425169826,
        "min": 6.31035640408e-11,
        "var": 0.00458612525836
    },
    "spectral_kurtosis": {
        "dmean": 1.39227044582,
        "dmean2": 2.24823045731,
        "dvar": 2.76057648659,
        "dvar2": 7.11011600494,
        "max": 30.7158927917,
        "mean": 3.78632164001,
        "median": 3.50706481934,
        "min": -1.27474319935,
        "var": 7.01497220993
    },
    "spectral_rms": {
        "dmean": 0.0011824935209,
        "dmean2": 0.00160898291506,
        "dvar": 1.88364958831e-06,
        "dvar2": 3.26270128426e-06,
        "max": 0.013868576847,
        "mean": 0.00471974629909,
        "median": 0.00442545395344,
        "min": 3.11284787009e-12,
        "var": 7.47610192775e-06
    },
    "spectral_rolloff": {
        "dmean": 665.757080078,
        "dmean2": 1066.97509766,
        "dvar": 1228896.625,
        "dvar2": 2482959,
        "max": 19745.9472656,
        "mean": 2498.59716797,
        "median": 1658.05664062,
        "min": 64.599609375,
        "var": 12863225
    },
    "spectral_skewness": {
        "dmean": 0.223281696439,
        "dmean2": 0.337596356869,
        "dvar": 0.0495693944395,
        "dvar2": 0.107427448034,
        "max": 4.31507539749,
        "mean": 1.37957036495,
        "median": 1.4292434454,
        "min": -0.384139895439,
        "var": 0.245435863733
    },
    "spectral_spread": {
        "dmean": 706469.8125,
        "dmean2": 1027500.5625,
        "dvar": 802658254848,
        "dvar2": 1.74647069901e+12,
        "max": 43151544,
        "mean": 6097184,
        "median": 4687186,
        "min": 1898909.875,
        "var": 4.47240187412e+13
    },
    "spectral_strongpeak": {
        "dmean": 0.585098624229,
        "dmean2": 1.0070939064,
        "dvar": 1.57127225399,
        "dvar2": 4.3471121788,
        "max": 15.4471817017,
        "mean": 0.812495410442,
        "median": 0.329739153385,
        "min": 0,
        "var": 2.16170978546
    },
    "zerocrossingrate": {
        "dmean": 0.0150398164988,
        "dmean2": 0.0165379215032,
        "dvar": 0.000352054921677,
        "dvar2": 0.000371534901205,
        "max": 0.68115234375,
        "mean": 0.0887872427702,
        "median": 0.06884765625,
        "min": 0.0029296875,
        "var": 0.00860608182847
    },
    "barkbands": {
        "dmean": [0.000354996824171, 0.00806913338602, 0.0041140797548, 0.00158721359912, 0.0016043309588, 0.000929563422687, 0.00107323692646, 0.000561595719773, 0.00052396627143, 0.00048679028987, 0.000368902023183, 0.000367009255569, 0.000326917768689, 0.000425358914072, 0.000449548679171, 0.000754565407988, 0.00046394506353, 0.00020100135589, 0.000147724203998, 0.000174472108483, 0.00030461899587, 0.000171927749761, 0.000205368909519, 0.000168159167515, 0.000108845546492, 5.03688388562e-05, 3.16734713124e-06],
        "dmean2": [0.000417174567701, 0.0119717344642, 0.00709139835089, 0.00267898570746, 0.0026192900259, 0.00153615220916, 0.00186275015585, 0.00090846378589, 0.000825164490379, 0.00076747109415, 0.000608425994869, 0.000583861779887, 0.000539094151463, 0.000675574410707, 0.000744342803955, 0.00129820022266, 0.000746551551856, 0.000312830699841, 0.00022326229373, 0.000271225901088, 0.000444283359684, 0.000247874821071, 0.000289280287689, 0.000238384847762, 0.000166866389918, 7.47138401493e-05, 4.81678853248e-06],
        "dvar": [3.17219360113e-07, 0.000279407162452, 0.000133243273012, 1.43333036249e-05, 1.06857869469e-05, 3.47525656252e-06, 9.15818054636e-06, 1.58849616128e-06, 1.21215646232e-06, 1.197833285e-06, 6.58504347939e-07, 6.54973291603e-07, 4.9829100135e-07, 8.23975597086e-07, 1.60851050168e-06, 6.43564317215e-06, 9.79002720669e-07, 1.2915620573e-07, 5.07002475558e-08, 8.00520112421e-08, 3.60459779358e-07, 1.43259356378e-07, 2.88848013952e-07, 1.55466992169e-07, 4.49863399865e-08, 1.01906092453e-08, 5.05227353009e-11],
        "dvar2": [4.77441233215e-07, 0.000642474857159, 0.000365136569599, 3.88442385884e-05, 2.80805543298e-05, 9.1605261332e-06, 2.56016046478e-05, 3.79548600904e-06, 2.80964854937e-06, 2.73547539109e-06, 1.63163747402e-06, 1.43405657127e-06, 1.28027272694e-06, 1.99120427169e-06, 4.56290445072e-06, 1.98616380658e-05, 2.43362956098e-06, 3.03895177467e-07, 1.06599017613e-07, 1.74578431711e-07, 7.24053791146e-07, 2.96341880812e-07, 5.8339617226e-07, 2.99581074614e-07, 1.01725753154e-07, 2.14342090743e-08, 1.14163394016e-10],
        "max": [0.0100859031081, 0.176546901464, 0.115780293941, 0.0516477003694, 0.0734184086323, 0.0259857922792, 0.0447742827237, 0.0287414900959, 0.0316946320236, 0.0263307858258, 0.0196302775294, 0.0129602635279, 0.0130462525412, 0.0176429674029, 0.0283094830811, 0.0374270528555, 0.0158105175942, 0.00557780778036, 0.00352381775156, 0.00255728838965, 0.00602305261418, 0.00986588280648, 0.014524480328, 0.0116276675835, 0.00437745219097, 0.00262500089593, 0.000194249674678],
        "mean": [0.000751317711547, 0.0119163552299, 0.00365562550724, 0.00152825296391, 0.00188718328718, 0.00112907867879, 0.00108704552986, 0.000709295156412, 0.000719775212929, 0.000650667003356, 0.000418434065068, 0.000506539188791, 0.000419041345594, 0.000549562333617, 0.000566621311009, 0.00103624188341, 0.000789414334577, 0.000336956814863, 0.000262332672719, 0.000269060401479, 0.000361760816304, 0.000241816800553, 0.000275393394986, 0.000223634197027, 0.000128840460093, 7.08458974259e-05, 4.73421414426e-06],
        "median": [0.000155402114615, 0.0034101002384, 0.000639200210571, 0.000284204201307, 0.000556718499865, 0.000354249728844, 0.000303829438053, 0.000185585726285, 0.0002141976438, 0.000172783533344, 0.000134271380375, 0.000132384448079, 0.000112288464152, 0.000166233512573, 0.000108424464997, 0.000160212963237, 0.000216008338612, 0.000126273705973, 0.000134127316414, 0.000122681696666, 0.000108567524876, 6.66937776259e-05, 4.01953220717e-05, 3.35455442837e-05, 2.26693318837e-05, 1.19602036648e-05, 4.53861844107e-07],
        "min": [1.68433019881e-25, 1.80581029156e-24, 5.15353017923e-25, 9.04403389856e-25, 6.37155458968e-24, 6.09862922686e-24, 4.98500138671e-24, 4.88617486466e-24, 6.24452313483e-24, 6.9935138266e-24, 1.25827022029e-23, 2.11120035719e-23, 2.00085133833e-23, 2.19050927716e-23, 3.29116335309e-23, 3.67819145052e-23, 5.34191677011e-23, 8.85083634085e-23, 1.0600432641e-22, 1.55102549523e-22, 1.81340934133e-22, 2.92152730361e-22, 3.23554342124e-22, 5.32958365561e-22, 8.6427166587e-22, 1.26315699903e-21, 1.68458088342e-21],
        "var": [1.44486477893e-06, 0.000445977522759, 9.80007534963e-05, 1.15302254926e-05, 1.07391615529e-05, 3.9393780753e-06, 6.70202371111e-06, 2.16845342038e-06, 2.1050950636e-06, 2.30719228966e-06, 7.45025147353e-07, 1.25760539049e-06, 7.0589680945e-07, 1.23553570575e-06, 2.18656327888e-06, 9.47698026721e-06, 1.93390951608e-06, 2.62041567112e-07, 1.18261546334e-07, 1.36931916472e-07, 4.71167084015e-07, 2.4768445428e-07, 5.96136771946e-07, 3.22078307136e-07, 6.89332395609e-08, 1.81629484786e-08, 9.77922950951e-11]
    },
    "erbbands": {
        "dmean": [0.217683181167, 1.96290314198, 4.70514440536, 4.6739616394, 5.54037380219, 5.2495470047, 5.3169875145, 8.67359542847, 15.719745636, 13.817908287, 10.9022226334, 12.7746534348, 15.4316511154, 11.9923524857, 14.7174634933, 14.6348733902, 15.2724456787, 19.9581356049, 17.8001556396, 37.0868682861, 27.6417827606, 24.7785549164, 12.2977180481, 9.02540588379, 6.74297046661, 8.1755027771, 13.7719631195, 9.00258827209, 5.91309738159, 6.39741802216, 5.75692462921, 4.65922307968, 2.22027134895, 1.56759738922, 0.544966161251, 0.254165142775, 0.087389305234, 0.0130403609946, 0.000573728349991, 3.46471570083e-05],
        "dmean2": [0.313372790813, 2.90655040741, 7.5983042717, 7.88523483276, 9.11825752258, 8.7004404068, 8.63461875916, 14.3691902161, 27.1565494537, 23.2493915558, 17.4779605865, 20.0338478088, 24.2758865356, 19.4366931915, 24.0982398987, 23.0643424988, 24.6231365204, 31.7884483337, 27.8944969177, 63.486289978, 46.4454307556, 39.5531845093, 18.8183345795, 13.6968708038, 10.101436615, 12.5775947571, 20.646062851, 12.7239570618, 8.43747329712, 9.26898288727, 8.07299423218, 6.62439346313, 3.26225757599, 2.47037267685, 0.806522965431, 0.385534286499, 0.130702227354, 0.019443564117, 0.000839966465719, 4.86994649691e-05],
        "dvar": [0.146432444453, 20.0293674469, 157.309082031, 137.614761353, 157.498031616, 113.768417358, 87.9826965332, 346.491882324, 1945.11999512, 1198.62438965, 602.282592773, 853.378051758, 1248.90856934, 936.129943848, 922.517822266, 936.932434082, 970.401855469, 1782.46057129, 1810.17260742, 11906.0595703, 5377.79638672, 3011.5871582, 500.957702637, 215.926345825, 100.837715149, 183.563171387, 784.755187988, 290.246154785, 162.514434814, 223.796264648, 249.08001709, 170.510818481, 18.2001667023, 8.7274055481, 1.50276553631, 0.345144122839, 0.0333744622767, 0.000697028299328, 1.54313920575e-06, 2.8023181553e-09],
        "dvar2": [0.342372119427, 44.2879333496, 398.513580322, 374.522979736, 420.633544922, 301.920562744, 220.221969604, 920.804931641, 5431.07470703, 3281.06860352, 1398.84130859, 1946.18579102, 2999.60986328, 2232.13012695, 2310.60205078, 2050.50195312, 2447.76489258, 4473.31591797, 4089.13769531, 37087.9414062, 16252.8115234, 7400.43164062, 1139.67016602, 462.729522705, 212.363861084, 386.007507324, 1609.43200684, 578.750915527, 341.875762939, 460.445495605, 497.28338623, 329.695648193, 37.611618042, 20.7609462738, 3.23417949677, 0.734299719334, 0.0735262259841, 0.00147325429134, 3.3002611417e-06, 5.50714229774e-09],
        "max": [4.28473567963, 44.5783538818, 133.789703369, 127.568382263, 289.827911377, 205.53074646, 131.371017456, 278.663909912, 579.993164062, 670.127441406, 501.668670654, 964.33215332, 738.163146973, 1027.1060791, 615.190185547, 556.53338623, 530.430297852, 1032.37438965, 1017.5189209, 1934.54724121, 1145.6505127, 1000.69476318, 331.862426758, 243.180953979, 126.07358551, 143.182510376, 233.033065796, 273.337921143, 315.610168457, 309.891876221, 428.546783447, 390.030853271, 107.220916748, 52.5462036133, 37.608757019, 19.2247200012, 3.97740030289, 0.417063683271, 0.0285705756396, 0.000965026556514],
        "mean": [0.390126556158, 2.42510008812, 4.73416614532, 4.62867832184, 5.92962360382, 5.94936800003, 6.50329875946, 10.504486084, 16.139093399, 15.9862499237, 14.2189311981, 17.9608879089, 21.3052902222, 14.822183609, 17.8839817047, 21.320432663, 21.1511878967, 26.1910381317, 25.4021873474, 53.1744384766, 43.4944915771, 43.3986473083, 21.8618831635, 16.0412502289, 12.1737146378, 12.498090744, 15.7890672684, 11.5881986618, 8.48148822784, 8.77626132965, 7.79443836212, 6.21178245544, 2.79380297661, 1.77152955532, 0.72079795599, 0.345762372017, 0.121688246727, 0.0192447416484, 0.00090239738347, 6.91585955792e-05],
        "median": [0.0936616808176, 0.550215959549, 0.863039553165, 1.00663805008, 1.43905484676, 1.7015556097, 2.46238732338, 3.07404136658, 4.59173297882, 4.00336885452, 4.52488183975, 5.29846906662, 6.42208862305, 4.45777750015, 6.37953996658, 6.10422563553, 6.37271928787, 8.59563159943, 7.19402551651, 9.02123737335, 11.0751619339, 11.7129869461, 8.38226318359, 6.82769107819, 6.95946884155, 5.84120082855, 4.74457645416, 3.62410163879, 2.6160531044, 1.82473504543, 1.08081424236, 0.847759068012, 0.446433722973, 0.318313956261, 0.112949430943, 0.0614447817206, 0.0185960028321, 0.00256316945888, 0.000127869323478, 3.7908921513e-05],
        "min": [4.44772053039e-23, 3.50833126983e-22, 1.10277877496e-21, 3.02618493717e-21, 1.25558779155e-20, 1.26470745781e-20, 2.92345694068e-20, 5.27108793069e-20, 7.1062892554e-20, 1.41394609145e-19, 1.86572952381e-19, 2.75256239548e-19, 4.52812419189e-19, 5.41406513022e-19, 9.519376469e-19, 1.06351314459e-18, 1.31116440255e-18, 1.40319548352e-18, 1.62577024422e-18, 2.83396048328e-18, 2.89576038761e-18, 3.7075881144e-18, 5.81693920826e-18, 5.34529943455e-18, 6.09643940134e-18, 7.78513523932e-18, 8.97350013044e-18, 9.72393409858e-18, 1.02421238749e-17, 8.74890322334e-18, 1.00527135766e-17, 1.03129098558e-17, 8.13984765677e-18, 7.85837215639e-18, 6.28123196378e-18, 3.87296302555e-18, 2.16707361816e-18, 9.55509516182e-19, 2.13825296541e-19, 2.62623592163e-20],
        "var": [0.372526079416, 26.6934833527, 141.280822754, 107.588928223, 139.364807129, 112.614616394, 109.611610413, 379.156890869, 1432.2800293, 1132.5793457, 831.99029541, 1490.89929199, 2297.05712891, 1271.29382324, 1123.07019043, 1993.53125, 1553.97900391, 2398.81494141, 3002.22875977, 19918.6015625, 9334.18847656, 6273.80371094, 1080.04882812, 519.702880859, 227.214508057, 299.762939453, 947.596191406, 433.169464111, 274.476348877, 415.859283447, 529.770080566, 334.650024414, 36.8636665344, 11.9781923294, 2.4716424942, 0.547758221626, 0.0546383261681, 0.00140172196552, 3.37277629114e-06, 6.7428267414e-09]
    },
    "gfcc": {
        "mean": [-41.2512245178, 68.2741470337, -111.033065796, 37.1796455383, -49.0397491455, 16.5812625885, -33.8400650024, 12.844956398, -18.0505256653, 7.39468765259, -15.575881958, 4.43841218948, -9.21710300446],
        "cov": [[50299.328125, 1545.73303223, -3624.92089844, 1746.39562988, -1990.38220215, 986.925476074, -1486.09240723, 713.05670166, -699.931518555, 471.050537109, -746.796203613, 273.946258545, -567.125671387], [1545.73303223, 1612.06567383, -290.974090576, 139.794754028, 106.695495605, -15.8209447861, 85.1890640259, 12.1576871872, 3.99720287323, -52.9285430908, 58.0006828308, -75.5848083496, 79.2332229614], [-3624.92089844, -290.974090576, 1717.56188965, 305.364990234, 281.310241699, 230.11289978, 230.95199585, -14.9423084259, 48.0180091858, 7.66003322601, 50.1030464172, -4.81910705566, -16.031665802], [1746.39562988, 139.794754028, 305.364990234, 552.543640137, 95.4528961182, 123.532974243, 20.8942642212, 37.7781295776, 47.2490348816, 40.8608360291, -1.98033666611, 0.800526499748, 6.62506151199], [-1990.38220215, 106.695495605, 281.310241699, 95.4528961182, 398.934753418, 25.6994838715, 102.015960693, 29.5172138214, 108.300468445, 9.16902637482, 59.4206733704, 2.73264765739, 67.2170791626], [986.925476074, -15.8209447861, 230.11289978, 123.532974243, 25.6994838715, 315.016876221, 133.234786987, 56.0684280396, -24.0450363159, 24.8983821869, 8.49150276184, 3.75576782227, -35.5624275208], [-1486.09240723, 85.1890640259, 230.95199585, 20.8942642212, 102.015960693, 133.234786987, 298.287475586, 45.5313491821, 23.637052536, -13.4823169708, 60.8653526306, -22.264585495, 1.13795673847], [713.05670166, 12.1576871872, -14.9423084259, 37.7781295776, 29.5172138214, 56.0684280396, 45.5313491821, 149.344528198, 48.6689300537, 36.4951438904, 14.5974569321, 30.3824329376, 7.67324542999], [-699.931518555, 3.99720287323, 48.0180091858, 47.2490348816, 108.300468445, -24.0450363159, 23.637052536, 48.6689300537, 171.80531311, 48.4530944824, 40.2060699463, 22.9327602386, 41.6857337952], [471.050537109, -52.9285430908, 7.66003322601, 40.8608360291, 9.16902637482, 24.8983821869, -13.4823169708, 36.4951438904, 48.4530944824, 100.178848267, 35.0979728699, 25.4739723206, 6.34867477417], [-746.796203613, 58.0006828308, 50.1030464172, -1.98033666611, 59.4206733704, 8.49150276184, 60.8653526306, 14.5974569321, 40.2060699463, 35.0979728699, 103.65802002, 35.8553581238, 37.81224823], [273.946258545, -75.5848083496, -4.81910705566, 0.800526499748, 2.73264765739, 3.75576782227, -22.264585495, 30.3824329376, 22.9327602386, 25.4739723206, 35.8553581238, 101.165931702, 43.821231842], [-567.125671387, 79.2332229614, -16.031665802, 6.62506151199, 67.2170791626, -35.5624275208, 1.13795673847, 7.67324542999, 41.6857337952, 6.34867477417, 37.81224823, 43.821231842, 116.858085632]],
        "icov": [[0.000114473870781, -0.000158929848112, 0.000206572862226, -0.000377603282686, 0.00029185868334, -0.000414423964685, 0.000439256458776, -0.000417977862526, 0.000303799373796, -0.000428879313404, 0.000539073953405, -0.00049820530694, 0.000369556073565], [-0.000158929848112, 0.00107014353853, -3.6762743548e-05, 0.000152117208927, -0.000513940118253, 0.00054071971681, -0.000638328667264, 0.000343107094523, -0.000231932470342, 0.00126853736583, -0.00168142095208, 0.00182280642912, -0.00119236367755], [0.000206572862226, -3.6762743548e-05, 0.0012741406681, -0.00112007849384, 1.29569116325e-05, -0.00105678196996, 0.000327255285811, -0.000238750682911, 0.000556961924303, -0.000592435884755, 0.000789038429502, -0.000978844123892, 0.000894438591786], [-0.000377603282686, 0.000152117208927, -0.00112007849384, 0.00372640741989, -0.00118109979667, 0.000483645824715, -0.000868905393872, 0.00123687938321, -0.00150844885502, 0.0005590361543, -0.000885042070877, 0.00160640990362, -0.00135511241388], [0.00029185868334, -0.000513940118253, 1.29569116325e-05, -0.00118109979667, 0.00475937360898, -0.00113368686289, 0.000768922909629, -0.0013350796653, -0.00117640744429, -0.000184111850103, 0.000317034282489, -0.000137725786772, -0.000790089950897], [-0.000414423964685, 0.00054071971681, -0.00105678196996, 0.000483645824715, -0.00113368686289, 0.00698987348005, -0.00418539112434, 0.000425517268013, 0.000839019019622, -0.000526133866515, -0.00056400016183, 0.000322244071867, 3.27593552356e-05], [0.000439256458776, -0.000638328667264, 0.000327255285811, -0.000868905393872, 0.000768922909629, -0.00418539112434, 0.00839606579393, -0.0035464335233, 0.000436300033471, 0.00168324750848, -0.00284602190368, 0.00134178984445, 0.00126449146774], [-0.000417977862526, 0.000343107094523, -0.000238750682911, 0.00123687938321, -0.0013350796653, 0.000425517268013, -0.0035464335233, 0.0111418049783, -0.00324868317693, -0.00101112225093, 0.000557959603611, -0.00173888436984, -0.000478303059936], [0.000303799373796, -0.000231932470342, 0.000556961924303, -0.00150844885502, -0.00117640744429, 0.000839019019622, 0.000436300033471, -0.00324868317693, 0.0104506900534, -0.00491100922227, 0.000996856135316, -0.00119761179667, -0.000400001095841], [-0.000428879313404, 0.00126853736583, -0.000592435884755, 0.0005590361543, -0.000184111850103, -0.000526133866515, 0.00168324750848, -0.00101112225093, -0.00491100922227, 0.0181798990816, -0.0092817787081, 0.00273793423548, -0.000317873927997], [0.000539073953405, -0.00168142095208, 0.000789038429502, -0.000885042070877, 0.000317034282489, -0.00056400016183, -0.00284602190368, 0.000557959603611, 0.000996856135316, -0.0092817787081, 0.0213305428624, -0.00897234026343, 0.000162980315508], [-0.00049820530694, 0.00182280642912, -0.000978844123892, 0.00160640990362, -0.000137725786772, 0.000322244071867, 0.00134178984445, -0.00173888436984, -0.00119761179667, 0.00273793423548, -0.00897234026343, 0.0194482803345, -0.0077120536007], [0.000369556073565, -0.00119236367755, 0.000894438591786, -0.00135511241388, -0.000790089950897, 3.27593552356e-05, 0.00126449146774, -0.000478303059936, -0.000400001095841, -0.000317873927997, 0.000162980315508, -0.0077120536007, 0.0148416068405]]
    },
    "melbands": {
        "dmean": [0.00204606400803, 0.00234498037025, 0.000833974452689, 0.000378910277504, 0.000195302127395, 0.000198876979994, 0.000231498415815, 0.000144406847539, 8.92051684787e-05, 7.89460973465e-05, 7.80295449658e-05, 4.96739558002e-05, 4.85968776047e-05, 3.80460041924e-05, 4.32058113802e-05, 3.23158783431e-05, 4.07862680731e-05, 3.07917107421e-05, 3.28730493493e-05, 7.26073922124e-05, 2.55152899626e-05, 2.91431042569e-05, 1.68606620718e-05, 9.69566553977e-06, 7.66076209402e-06, 5.05034358866e-06, 5.56098757443e-06, 5.7509682847e-06, 8.22885886009e-06, 7.57842417443e-06, 4.82905034005e-06, 3.318084282e-06, 3.56289228876e-06, 3.75103013539e-06, 3.45726812156e-06, 3.34016408488e-06, 2.77235994872e-06, 1.63565948696e-06, 1.46571574078e-06, 1.20950096516e-06],
        "dmean2": [0.00302471895702, 0.00349674164318, 0.0013800150482, 0.000622260791715, 0.00031682397821, 0.000330199254677, 0.000399825454224, 0.000240245644818, 0.00014267298684, 0.000124083773699, 0.000123322170111, 8.03141738288e-05, 8.03342918516e-05, 6.07899746683e-05, 6.95092530805e-05, 5.23362105014e-05, 6.5485110099e-05, 4.78260044474e-05, 5.42474372196e-05, 0.000126148966956, 4.17844676122e-05, 4.71274797746e-05, 2.62722824118e-05, 1.50529667735e-05, 1.17591180242e-05, 7.64967171563e-06, 8.59750798554e-06, 9.02332976693e-06, 1.23938370962e-05, 1.13010219138e-05, 6.86489920554e-06, 4.88674959342e-06, 5.20287858308e-06, 5.47302943232e-06, 4.94876076118e-06, 4.78706078866e-06, 3.95443021262e-06, 2.44597958954e-06, 2.31864214584e-06, 1.90887089957e-06],
        "dvar": [1.52175489347e-05, 3.137501335e-05, 3.83024689654e-06, 6.71241991768e-07, 1.10540305798e-07, 1.83778368523e-07, 4.15862928094e-07, 1.18409943184e-07, 3.73831845479e-08, 3.25151283675e-08, 3.26460103395e-08, 1.52335566383e-08, 1.02820898462e-08, 6.5999548049e-09, 9.47172829058e-09, 5.86679238523e-09, 7.88523024653e-09, 6.3386247362e-09, 7.80029463243e-09, 6.30881018537e-08, 3.22300564015e-09, 4.11539424761e-09, 1.76851211453e-09, 3.28565757934e-10, 1.64611685394e-10, 6.14931924825e-11, 7.56151530279e-11, 9.70791086408e-11, 2.55645005165e-10, 2.46995562891e-10, 8.18074913367e-11, 5.04143810032e-11, 7.41545713723e-11, 7.82429190882e-11, 8.610124419e-11, 1.13432326032e-10, 5.68080131547e-11, 1.0174856617e-11, 8.86679618617e-12, 5.21824337213e-12],
        "dvar2": [3.57683493348e-05, 6.82500103721e-05, 1.02230760604e-05, 1.7992647372e-06, 2.75320587662e-07, 4.91002538183e-07, 1.16000398975e-06, 3.17981232456e-07, 8.74466579148e-08, 7.34443830197e-08, 7.823620507e-08, 3.54363329791e-08, 2.56748720062e-08, 1.5374393314e-08, 2.05775680939e-08, 1.47036667286e-08, 1.97798080137e-08, 1.4349312849e-08, 2.22157918728e-08, 1.96563021859e-07, 9.00639385293e-09, 1.04526343137e-08, 4.21687218477e-09, 7.55677520559e-10, 3.61727148235e-10, 1.31539029669e-10, 1.70900169016e-10, 2.18764575899e-10, 5.2355114688e-10, 4.99916719132e-10, 1.68273187051e-10, 1.08712344682e-10, 1.58503488112e-10, 1.68809924372e-10, 1.78792161631e-10, 2.35652886094e-10, 1.11521854251e-10, 2.19086172815e-11, 2.13399350274e-11, 1.21046887791e-11],
        "max": [0.0403821021318, 0.0565450638533, 0.0219660121948, 0.0196638964117, 0.00375526817515, 0.00614243559539, 0.00868204701692, 0.00648239674047, 0.00379809038714, 0.00626648543403, 0.00385467708111, 0.00394445378333, 0.00151681830175, 0.00148015515879, 0.00184884213377, 0.00171953672543, 0.00193502346519, 0.00200405437499, 0.00189608614892, 0.00384138268419, 0.00107837491669, 0.0012346446747, 0.000919693091419, 0.000381052115699, 0.000223534691031, 0.000100357727206, 0.000123178659123, 9.90168919088e-05, 0.00013496055908, 0.000144312449265, 0.000175429988303, 0.000159655159223, 0.00022850757523, 0.00017830626166, 0.000262223940808, 0.00026388867991, 0.000221584574319, 7.49125902075e-05, 8.02963695605e-05, 4.82269679196e-05],
        "mean": [0.00335225090384, 0.00280925724655, 0.000870758551173, 0.000427370425314, 0.000241904635914, 0.000241371657467, 0.000237316955463, 0.00017154867237, 0.00011483785056, 0.000110175191367, 0.000105686471215, 6.03515145485e-05, 5.62315144634e-05, 5.03222145198e-05, 6.00730818405e-05, 4.11496293964e-05, 5.12056030857e-05, 4.09669119108e-05, 4.27595514338e-05, 9.86531813396e-05, 3.91882495023e-05, 4.9990547268e-05, 2.54811875493e-05, 1.59394658112e-05, 1.27334478748e-05, 8.45307931741e-06, 8.92620028026e-06, 8.11295649328e-06, 9.50182220549e-06, 8.77350612427e-06, 6.19984939476e-06, 4.57374289908e-06, 4.91789842272e-06, 4.86031331093e-06, 4.50224933957e-06, 4.38262395619e-06, 3.56636905963e-06, 1.98751376956e-06, 1.65988558365e-06, 1.37622623697e-06],
        "median": [0.000945852778386, 0.000581523519941, 0.000210635902476, 0.000115943999845, 9.426719771e-05, 7.17228031135e-05, 6.77632488078e-05, 4.02006226068e-05, 3.41970298905e-05, 3.19137325278e-05, 3.05464491248e-05, 1.61908592418e-05, 1.84166747204e-05, 1.60628333106e-05, 1.48662520587e-05, 1.02572976175e-05, 1.48983108375e-05, 1.02144922494e-05, 8.26227460493e-06, 1.19471105791e-05, 1.11546087282e-05, 1.24241987578e-05, 8.47757928568e-06, 6.15175167695e-06, 4.92845174449e-06, 4.23264873461e-06, 4.56876523458e-06, 3.36872290063e-06, 2.78047355096e-06, 2.41685302171e-06, 1.72964519152e-06, 1.4139201312e-06, 1.16642956982e-06, 8.87729015631e-07, 5.90330500927e-07, 5.46989781469e-07, 4.92468302582e-07, 3.0795391126e-07, 2.74229051911e-07, 2.53132867556e-07],
        "min": [6.83437533847e-25, 4.53844694979e-25, 6.25128288392e-25, 1.17875047725e-24, 1.16853591181e-24, 1.44616061766e-24, 1.09459223208e-24, 1.22917801618e-24, 1.51630228365e-24, 1.08847757399e-24, 1.9603818667e-24, 1.86092307263e-24, 2.14796352363e-24, 2.61606194909e-24, 2.64841392368e-24, 1.78092823811e-24, 1.82110531844e-24, 1.72773238904e-24, 2.45638111909e-24, 2.77110230482e-24, 2.48322921114e-24, 2.99052712105e-24, 3.30867610463e-24, 4.27366657581e-24, 3.35570858345e-24, 3.21993161938e-24, 3.56644725225e-24, 4.54162803139e-24, 4.35632697133e-24, 3.84928977995e-24, 4.30892589726e-24, 4.90056132098e-24, 4.93263995526e-24, 4.4243350644e-24, 4.82978550943e-24, 4.78108636474e-24, 5.81608252201e-24, 5.01922966696e-24, 5.17690639583e-24, 5.71818093937e-24],
        "var": [2.96852394968e-05, 3.89122651541e-05, 3.20094909512e-06, 6.1626360548e-07, 1.40477993682e-07, 1.94859509861e-07, 3.05929290789e-07, 1.24622374642e-07, 5.29037436081e-08, 5.74708280965e-08, 5.90247353216e-08, 2.21036753345e-08, 1.19542162835e-08, 9.75831859762e-09, 1.93817157879e-08, 8.02820299128e-09, 1.06364286268e-08, 1.02900106214e-08, 1.16902434399e-08, 9.37098434406e-08, 5.64579494267e-09, 8.87722517717e-09, 2.35715735819e-09, 6.4973526559e-10, 3.7096833938e-10, 1.3139059285e-10, 1.42614267618e-10, 1.46517936672e-10, 3.17401632755e-10, 3.10975079021e-10, 1.26531521372e-10, 8.02911834241e-11, 1.2610601452e-10, 1.35692873604e-10, 1.71831562867e-10, 2.1044238574e-10, 1.05862631161e-10, 1.90905399128e-11, 1.28398619861e-11, 7.15684586247e-12]
    },
    "mfcc": {
        "mean": [-662.694702148, 97.7981033325, -1.09146392345, 24.6365356445, 7.89347934723, 7.56768274307, -0.0648139640689, 5.23486614227, 4.61753559113, 2.22552204132, 0.0245766472071, 4.99479389191, 1.00415468216],
        "cov": [[14692.6220703, 758.250549316, 281.295837402, 411.248046875, 239.957183838, 193.93421936, -80.6436080933, 134.10496521, 123.745132446, 133.491073608, 34.6458930969, 159.294387817, 59.8143997192], [758.250549316, 1518.47937012, -118.848045349, 153.06803894, 74.7170410156, 28.9165439606, 103.015609741, 43.8245124817, 62.9730300903, -7.4849319458, 27.1900901794, 37.1495857239, 23.799243927], [281.295837402, -118.848045349, 1067.2890625, 227.41027832, 132.778579712, 252.651657104, 163.337142944, 95.0410919189, 32.8901939392, 35.0993804932, 69.4280319214, 29.9537887573, -22.4292984009], [411.248046875, 153.06803894, 227.41027832, 459.141662598, 199.346847534, 89.2344284058, 22.3218212128, 29.4323234558, 67.3884658813, 32.2315635681, 12.6356735229, 40.9347610474, 35.0200042725], [239.957183838, 74.7170410156, 132.778579712, 199.346847534, 304.486419678, 77.6966094971, -7.65251874924, 19.1705551147, 56.4670829773, 33.7124633789, 8.1480140686, 4.12771368027, 35.8488616943], [193.93421936, 28.9165439606, 252.651657104, 89.2344284058, 77.6966094971, 245.203369141, 118.319732666, 70.1886444092, 30.4186592102, 42.7541160583, 38.671245575, 37.5092926025, -8.19720363617], [-80.6436080933, 103.015609741, 163.337142944, 22.3218212128, -7.65251874924, 118.319732666, 255.269821167, 95.4230728149, 37.5933303833, 18.5708274841, 41.167427063, 40.4975090027, -1.23453211784], [134.10496521, 43.8245124817, 95.0410919189, 29.4323234558, 19.1705551147, 70.1886444092, 95.4230728149, 152.936676025, 53.8724479675, 31.4967727661, 35.1628608704, 31.851474762, 12.6300535202], [123.745132446, 62.9730300903, 32.8901939392, 67.3884658813, 56.4670829773, 30.4186592102, 37.5933303833, 53.8724479675, 110.014579773, 36.8632736206, 26.4022521973, 23.4396934509, 18.4366149902], [133.491073608, -7.4849319458, 35.0993804932, 32.2315635681, 33.7124633789, 42.7541160583, 18.5708274841, 31.4967727661, 36.8632736206, 117.208747864, 39.6936798096, 8.64084625244, 1.22064173222], [34.6458930969, 27.1900901794, 69.4280319214, 12.6356735229, 8.1480140686, 38.671245575, 41.167427063, 35.1628608704, 26.4022521973, 39.6936798096, 111.73109436, 45.7428436279, 4.64869880676], [159.294387817, 37.1495857239, 29.9537887573, 40.9347610474, 4.12771368027, 37.5092926025, 40.4975090027, 31.851474762, 23.4396934509, 8.64084625244, 45.7428436279, 106.655044556, 29.8609485626], [59.8143997192, 23.799243927, -22.4292984009, 35.0200042725, 35.8488616943, -8.19720363617, -1.23453211784, 12.6300535202, 18.4366149902, 1.22064173222, 4.64869880676, 29.8609485626, 99.8169555664]],
