{
"lowlevel": {
    "average_loudness": 0.766810417175,
    "barkbands_crest": {
        "dmean": 2.36259675026,
        "dmean2": 3.84689927101,
        "dvar": 4.6419878006,
        "dvar2": 11.9914722443,
        "max": 26.2709121704,
        "mean": 10.4337615967,
        "median": 9.20025444031,
        "min": 2.48615336418,
        "var": 21.5901088715
    },
    "barkbands_flatness_db": {
        "dmean": 0.0179736111313,
        "dmean2": 0.0280384104699,
        "dvar": 0.000267701747362,
        "dvar2": 0.000622249150183,
        "max": 0.378360599279,
        "mean": 0.149443134665,
        "median": 0.140479430556,
        "min": 0.0391118451953,
        "var": 0.00257813744247
    },
    "barkbands_kurtosis": {
        "dmean": 2.2290995121,
        "dmean2": 3.46656775475,
        "dvar": 34.0418014526,
        "dvar2": 68.8751525879,
        "max": 404.330780029,
        "mean": 3.77337813377,
        "median": 0.969480276108,
        "min": -1.897377491,
        "var": 94.2284393311
    },
    "barkbands_skewness": {
        "dmean": 0.449852138758,
        "dmean2": 0.688211798668,
        "dvar": 0.225821778178,
        "dvar2": 0.479197859764,
        "max": 16.5988082886,
        "mean": 1.15975856781,
        "median": 0.915848910809,
        "min": -5.79676294327,
        "var": 1.64067852497
    },
    "barkbands_spread": {
        "dmean": 4.77844285965,
        "dmean2": 7.21046352386,
        "dvar": 60.6512870789,
        "dvar2": 109.775352478,
        "max": 114.655319214,
        "mean": 21.3702163696,
        "median": 17.7501411438,
        "min": 0.404761701822,
        "var": 272.812164307
    },
    "dissonance": {
        "dmean": 0.026024941355,
        "dmean2": 0.0442339032888,
        "dvar": 0.000641301681753,
        "dvar2": 0.00175723177381,
        "max": 0.500000059605,
        "mean": 0.449254184961,
        "median": 0.459324628115,
        "min": 0.212595656514,
        "var": 0.00155825540423
    },
    "dynamic_complexity": 3.92176580429,
    "erbbands_crest": {
        "dmean": 3.0567305088,
        "dmean2": 4.89908885956,
        "dvar": 7.45635414124,
        "dvar2": 18.1641292572,
        "max": 31.4815826416,
        "mean": 12.0899095535,
        "median": 11.182592392,
        "min": 2.59954619408,
        "var": 28.8767242432
    },
    "erbbands_flatness_db": {
        "dmean": 0.0166497193277,
        "dmean2": 0.0251898951828,
        "dvar": 0.000235909363255,
        "dvar2": 0.000505115895066,
        "max": 0.365605205297,
        "mean": 0.182524830103,
        "median": 0.178363576531,
        "min": 0.0584112852812,
        "var": 0.00240736408159
    },
    "erbbands_kurtosis": {
        "dmean": 1.39452850819,
        "dmean2": 2.20176076889,
        "dvar": 3.92093634605,
        "dvar2": 9.1991443634,
        "max": 69.0605773926,
        "mean": 2.17022013664,
        "median": 1.0880613327,
        "min": -1.72067511082,
        "var": 14.1169652939
    },
    "erbbands_skewness": {
        "dmean": 0.366458684206,
        "dmean2": 0.554553031921,
        "dvar": 0.125791698694,
        "dvar2": 0.271209597588,
        "max": 6.9875164032,
        "mean": 0.570441067219,
        "median": 0.49454626441,
        "min": -3.76457881927,
        "var": 0.805815219879
    },
    "erbbands_spread": {
        "dmean": 6.37357950211,
        "dmean2": 9.83500003815,
        "dvar": 75.9723434448,
        "dvar2": 161.847961426,
        "max": 136.893157959,
        "mean": 27.3824462891,
        "median": 23.6116790771,
        "min": 2.45041441917,
        "var": 303.260162354
    },
    "hfc": {
        "dmean": 7.03143501282,
        "dmean2": 10.4847202301,
        "dvar": 177.183349609,
        "dvar2": 370.668731689,
        "max": 278.320343018,
        "mean": 24.4605751038,
        "median": 17.8410358429,
        "min": 1.20632089772e-16,
        "var": 615.882202148
    },
    "melbands_crest": {
        "dmean": 2.86477303505,
        "dmean2": 4.69786214828,
        "dvar": 6.90297365189,
        "dvar2": 17.4967384338,
        "max": 33.3007698059,
        "mean": 13.5956516266,
        "median": 12.6602468491,
        "min": 2.51768898964,
        "var": 23.7595119476
    },
    "melbands_flatness_db": {
        "dmean": 0.0206356476992,
        "dmean2": 0.0313715785742,
        "dvar": 0.00038683830644,
        "dvar2": 0.000838764943182,
        "max": 0.45191642642,
        "mean": 0.211131066084,
        "median": 0.202332243323,
        "min": 0.00651557790115,
        "var": 0.00366751849651
    },
    "melbands_kurtosis": {
        "dmean": 4.26283550262,
        "dmean2": 6.6382188797,
        "dvar": 66.652381897,
        "dvar2": 147.801818848,
        "max": 269.264587402,
        "mean": 8.44041919708,
        "median": 3.59803676605,
        "min": -1.85967683792,
        "var": 244.283096313
    },
    "melbands_skewness": {
        "dmean": 0.571675658226,
        "dmean2": 0.885814487934,
        "dvar": 0.351670265198,
        "dvar2": 0.778436362743,
        "max": 14.7717123032,
        "mean": 1.88233625889,
        "median": 1.61392569542,
        "min": -2.44078755379,
        "var": 2.27006363869
    },
    "melbands_spread": {
        "dmean": 6.35394382477,
        "dmean2": 9.55685901642,
        "dvar": 127.539871216,
        "dvar2": 235.094284058,
        "max": 252.698532104,
        "mean": 25.2925872803,
        "median": 21.5078887939,
        "min": 0.5790553689,
        "var": 427.965423584
    },
    "pitch_salience": {
        "dmean": 0.0614136122167,
        "dmean2": 0.0997997969389,
        "dvar": 0.00279543781653,
        "dvar2": 0.00716158468276,
        "max": 0.832373857498,
        "mean": 0.507677435875,
        "median": 0.507517933846,
        "min": 0.100734062493,
        "var": 0.0118730347604
    },
    "silence_rate_20dB": {
        "dmean": 0,
        "dmean2": 0,
        "dvar": 0,
        "dvar2": 0,
        "max": 1,
        "mean": 1,
        "median": 1,
        "min": 1,
        "var": 0
    },
    "silence_rate_30dB": {
        "dmean": 0,
        "dmean2": 0,
        "dvar": 0,
        "dvar2": 0,
        "max": 1,
        "mean": 1,
        "median": 1,
        "min": 1,
        "var": 0
    },
    "silence_rate_60dB": {
        "dmean": 0.0172193869948,
        "dmean2": 0.0344431698322,
        "dvar": 0.0169234275818,
        "dvar2": 0.038362570107,
        "max": 1,
        "mean": 0.100369848311,
        "median": 0,
        "min": 0,
        "var": 0.0902924090624
    },
    "spectral_centroid": {
        "dmean": 193.340896606,
        "dmean2": 290.69342041,
        "dvar": 82733.765625,
        "dvar2": 135877.59375,
        "max": 11296.3496094,
        "mean": 1254.74926758,
        "median": 1131.94628906,
        "min": 225.024581909,
        "var": 455928
    },
    "spectral_complexity": {
        "dmean": 2.36198973656,
        "dmean2": 3.82765650749,
        "dvar": 5.67058372498,
        "dvar2": 13.6791219711,
        "max": 45,
        "mean": 15.8293581009,
        "median": 15,
        "min": 0,
        "var": 71.4884185791
    },
    "spectral_decrease": {
        "dmean": 1.74422531973e-09,
        "dmean2": 2.76347145167e-09,
        "dvar": 5.63924840498e-18,
        "dvar2": 1.39219344371e-17,
        "max": 3.74126516728e-29,
        "mean": -6.75461908628e-09,
        "median": -6.0882383579e-09,
        "min": -3.2306815001e-08,
        "var": 2.64819325393e-17
    },
    "spectral_energy": {
        "dmean": 0.00700145354494,
        "dmean2": 0.0110814357176,
        "dvar": 8.71548691066e-05,
        "dvar2": 0.000214927975321,
        "max": 0.126257419586,
        "mean": 0.0277121271938,
        "median": 0.0252441428602,
        "min": 1.08004794866e-20,
        "var": 0.000434427929576
    },
    "spectral_energyband_high": {
        "dmean": 0.000457000453025,
        "dmean2": 0.000656664778944,
        "dvar": 2.02098613045e-06,
        "dvar2": 4.02307068725e-06,
        "max": 0.0299709234387,
        "mean": 0.000921658822335,
        "median": 0.000250014883932,
        "min": 7.72973867581e-21,
        "var": 4.38288134319e-06
    },
    "spectral_energyband_low": {
        "dmean": 0.0034659979865,
        "dmean2": 0.0055771348998,
        "dvar": 5.27022457391e-05,
        "dvar2": 0.000131398628582,
        "max": 0.104468367994,
        "mean": 0.00860155001283,
        "median": 0.00553474295884,
        "min": 7.793038238e-23,
        "var": 0.00011741011258
    },
    "spectral_energyband_middle_high": {
        "dmean": 0.00258840876631,
        "dmean2": 0.00397932995111,
        "dvar": 1.61527404998e-05,
        "dvar2": 3.80187047995e-05,
        "max": 0.0673840641975,
        "mean": 0.00868957489729,
        "median": 0.00442705629393,
        "min": 1.69315510726e-21,
        "var": 9.59951648838e-05
    },
    "spectral_energyband_middle_low": {
        "dmean": 0.00376881542616,
        "dmean2": 0.00601377664134,
        "dvar": 3.0793089536e-05,
        "dvar2": 7.5017043855e-05,
        "max": 0.0830779820681,
        "mean": 0.010302003473,
        "median": 0.00844971369952,
        "min": 2.63718068638e-22,
        "var": 7.77187524363e-05
    },
    "spectral_entropy": {
        "dmean": 0.156313404441,
        "dmean2": 0.230413690209,
        "dvar": 0.0264150071889,
        "dvar2": 0.0491226129234,
        "max": 9.79586219788,
        "mean": 7.31789398193,
        "median": 7.35271692276,
        "min": 5.1973900795,
        "var": 0.260710835457
    },
    "spectral_flux": {
        "dmean": 0.0206363704056,
        "dmean2": 0.0331420376897,
        "dvar": 0.000483411422465,
        "dvar2": 0.00113542145118,
        "max": 0.286117762327,
        "mean": 0.0792921185493,
        "median": 0.0745443031192,
        "min": 1.03925354433e-10,
        "var": 0.00226593366824
    },
    "spectral_kurtosis": {
        "dmean": 1.8219178915,
        "dmean2": 3.03800988197,
        "dvar": 4.44720220566,
        "dvar2": 12.8683614731,
        "max": 38.4932861328,
        "mean": 6.14091253281,
        "median": 5.19878673553,
        "min": -1.44720721245,
        "var": 18.4531288147
    },
    "spectral_rms": {
        "dmean": 0.000612547504716,
        "dmean2": 0.000956164323725,
        "dvar": 4.29594734896e-07,
        "dvar2": 1.01522232399e-06,
        "max": 0.0110985571519,
        "mean": 0.0047334805131,
        "median": 0.00496270414442,
        "min": 3.24608287298e-12,
        "var": 4.63031619802e-06
    },
    "spectral_rolloff": {
        "dmean": 425.14831543,
        "dmean2": 700.614685059,
        "dvar": 1274350,
        "dvar2": 2431348,
        "max": 18927.6855469,
        "mean": 1539.90222168,
        "median": 1098.19335938,
        "min": 86.1328125,
        "var": 3085548.25
    },
    "spectral_skewness": {
        "dmean": 0.225064665079,
        "dmean2": 0.356181055307,
        "dvar": 0.0507977791131,
        "dvar2": 0.118544451892,
        "max": 4.47286462784,
        "mean": 1.87250697613,
        "median": 1.80356347561,
        "min": -0.427237182856,
        "var": 0.378496944904
    },
    "spectral_spread": {
        "dmean": 546965.9375,
        "dmean2": 771617.875,
        "dvar": 875629182976,
        "dvar2": 1.27716163584e+12,
        "max": 39566704,
        "mean": 4479139,
        "median": 3894734,
        "min": 1541547.75,
        "var": 4.33226304717e+12
    },
    "spectral_strongpeak": {
        "dmean": 0.787806928158,
        "dmean2": 1.35812103748,
        "dvar": 1.66542220116,
        "dvar2": 4.2566652298,
        "max": 14.3561553955,
        "mean": 1.45371949673,
        "median": 0.626322984695,
        "min": 0,
        "var": 3.25054526329
    },
    "zerocrossingrate": {
        "dmean": 0.00963147263974,
        "dmean2": 0.0107536483556,
        "dvar": 0.000294821860734,
        "dvar2": 0.000262690067757,
        "max": 0.50732421875,
        "mean": 0.0585570707917,
        "median": 0.0498046875,
        "min": 0.0078125,
        "var": 0.00189780653454
    },
    "barkbands": {
        "dmean": [7.65269287513e-05, 0.00225875107571, 0.00164615933318, 0.000809257733636, 0.00133575871587, 0.000937995675486, 0.00043703551637, 0.0010296520777, 0.00117816985585, 0.000570958596654, 0.00102083443198, 0.000712400244083, 0.000827943324111, 0.000422789220465, 0.0002734628506, 0.000225910174777, 0.000203376330319, 0.000141610260471, 0.000156709123985, 0.000150381500134, 7.69585167291e-05, 4.72267638543e-05, 7.59188988013e-05, 0.000123956997413, 0.000109644199256, 3.12637021125e-05, 1.36146729801e-06],
        "dmean2": [0.000123970850836, 0.00370230525732, 0.00279239728115, 0.00135537667666, 0.0022012097761, 0.00148957141209, 0.000708879146259, 0.00166278192773, 0.00186974019744, 0.000896174460649, 0.00163859652821, 0.00108996615745, 0.00129148119595, 0.000663810234983, 0.000431029126048, 0.000363454222679, 0.000323265237967, 0.000224555580644, 0.000244510098128, 0.000236477164435, 0.000120685057482, 7.08114966983e-05, 0.00011355773313, 0.000183106429176, 0.000160632058396, 4.32711021858e-05, 2.05562355404e-06],
        "dvar": [5.37887707708e-08, 2.63873444055e-05, 1.82775365829e-05, 2.90846764983e-06, 6.54474297335e-06, 3.18708680425e-06, 1.53787823365e-06, 9.20109960134e-06, 7.77414970798e-06, 2.73795171779e-06, 6.96303413861e-06, 3.74373735212e-06, 4.54180599263e-06, 1.77090998932e-06, 8.17218335669e-07, 5.5780378716e-07, 4.64081523432e-07, 1.27274773831e-07, 1.46100205711e-07, 1.24246795963e-07, 3.74312350004e-08, 2.13533510873e-08, 9.4345445234e-08, 2.86404429062e-07, 2.23974936375e-07, 2.8297440835e-08, 5.76653030882e-11],
        "dvar2": [1.13311934058e-07, 6.89908629283e-05, 5.11425241712e-05, 7.65534332459e-06, 1.73640419234e-05, 7.62047011449e-06, 3.61153456652e-06, 2.26454430958e-05, 1.90713071788e-05, 6.47957949695e-06, 1.764341323e-05, 8.13859696791e-06, 1.08976164483e-05, 3.83121960112e-06, 1.78891684754e-06, 1.31263243475e-06, 1.04049195215e-06, 2.78237962448e-07, 3.44295443711e-07, 2.86811285832e-07, 8.97978296166e-08, 4.43541416928e-08, 2.08042351346e-07, 5.85969985423e-07, 4.78375795865e-07, 5.92668776278e-08, 1.18997284249e-10],
        "max": [0.0168395582587, 0.0730380415916, 0.0552174970508, 0.0401223450899, 0.0669368132949, 0.0373183935881, 0.0457268953323, 0.0749181136489, 0.0529359281063, 0.0530898980796, 0.0532726235688, 0.049394801259, 0.0589655302465, 0.0365073084831, 0.0316741578281, 0.0179981030524, 0.0270045474172, 0.00941413920373, 0.010266745463, 0.00666677393019, 0.00371082359925, 0.00564064597711, 0.00850824266672, 0.0125003308058, 0.0141693847254, 0.00505198631436, 0.00031208927976],
        "mean": [0.00013257387036, 0.00490162009373, 0.00291255768389, 0.00137367798015, 0.0024891635403, 0.00179363635834, 0.000707485596649, 0.00155415269546, 0.00209088041447, 0.000938192300964, 0.00202983571216, 0.00149168493226, 0.00168984115589, 0.000694565591402, 0.000473414955195, 0.000397081603296, 0.000361863872968, 0.000271041761152, 0.000343913823599, 0.000319904123899, 0.000142442513607, 8.85748377186e-05, 0.0001235116506, 0.000184020405868, 0.000160954979947, 4.39436262241e-05, 1.57679357926e-06],
        "median": [1.41315949804e-05, 0.00272859446704, 0.00112973235082, 0.000553123420104, 0.00126290949993, 0.000690198445227, 0.0002268832759, 0.000360758102033, 0.000646016036626, 0.000252287427429, 0.000281486893073, 0.000230126795941, 0.000213242339669, 0.000129140040372, 0.000116982118925, 8.81127707544e-05, 8.36099497974e-05, 7.99337794888e-05, 6.67175627314e-05, 5.51971934328e-05, 2.96259313473e-05, 2.43187896558e-05, 3.19613864121e-05, 2.4041015422e-05, 2.34617073147e-05, 4.95666017741e-06, 8.86280062673e-08],
        "min": [2.24530734217e-23, 3.58856517654e-23, 1.53016138647e-23, 1.78273287576e-23, 2.06487008291e-23, 2.1250339798e-23, 1.44070140437e-23, 1.11174419808e-22, 6.92372866657e-23, 6.10386489669e-23, 6.86057309359e-23, 1.16440047418e-22, 8.71570509887e-23, 1.63861253221e-22, 2.38066785868e-22, 7.97032052695e-23, 9.06181813658e-23, 3.05073186516e-22, 3.06379161521e-22, 3.27596414915e-22, 4.99653693128e-22, 4.40047413617e-22, 6.15081587828e-22, 8.47246810601e-22, 1.20305826836e-21, 1.69173187597e-21, 2.59109096419e-21],
        "var": [4.16991213115e-07, 4.71609382657e-05, 2.3531343686e-05, 5.13920167577e-06, 1.24013631648e-05, 8.21514004201e-06, 2.80560971078e-06, 1.27700377561e-05, 1.52792290464e-05, 4.9209061217e-06, 2.28301523748e-05, 1.5143355995e-05, 1.58027651196e-05, 4.01065108235e-06, 1.62362528044e-06, 1.11784970613e-06, 1.14342651614e-06, 2.91329115498e-07, 4.48628668437e-07, 3.3380067066e-07, 8.02066750794e-08, 4.47009043114e-08, 1.57310964255e-07, 5.04849026584e-07, 3.88374985505e-07, 4.28872262148e-08, 8.87945827976e-11]
    },
    "erbbands": {
        "dmean": [0.0507100149989, 0.574737727642, 1.77835679054, 2.19783496857, 3.31729412079, 5.27009344101, 6.19238138199, 8.75563049316, 6.3655705452, 10.3965682983, 23.7774906158, 26.72615242, 21.2248725891, 22.8096427917, 40.2223434448, 28.5780334473, 34.3314971924, 23.2130298615, 13.5363121033, 11.9459409714, 11.787355423, 8.97452735901, 6.95392417908, 7.89854574203, 6.30862283707, 7.35290765762, 4.43867540359, 1.78647458553, 1.59347844124, 2.08040452003, 2.19487071037, 2.37608790398, 2.22385525703, 1.56587266922, 0.604752838612, 0.184784412384, 0.0514012798667, 0.00635171448812, 0.000200033115107, 1.48224471559e-05],
        "dmean2": [0.0847720578313, 0.937210738659, 2.96878790855, 3.69854784012, 5.46931314468, 8.71200370789, 9.89398193359, 13.8504323959, 10.2361946106, 16.9930763245, 38.0093193054, 42.021320343, 33.3816223145, 35.247505188, 61.5020828247, 42.8469276428, 52.3762054443, 36.0270805359, 20.6867446899, 18.8280677795, 18.5482521057, 13.8769693375, 11.0470485687, 12.0215187073, 9.72678375244, 11.4734334946, 6.79113960266, 2.77388906479, 2.37678623199, 3.09811449051, 3.28324365616, 3.49779105186, 3.29747867584, 2.33625626564, 0.875448703766, 0.261226177216, 0.0713071972132, 0.00898807030171, 0.000288581621135, 2.19173707592e-05],
        "dvar": [0.0139118311927, 1.75553250313, 19.7112979889, 24.0360851288, 48.164691925, 129.120834351, 132.934387207, 341.27444458, 296.420928955, 819.461242676, 4922.32763672, 4153.52001953, 3809.99926758, 3790.29394531, 9236.64160156, 5666.96337891, 7595.60009766, 5013.86669922, 1745.21850586, 1546.94641113, 1586.68945312, 824.257141113, 298.194732666, 447.757080078, 224.298965454, 302.484588623, 115.639015198, 31.0442390442, 24.3897533417, 51.6072235107, 89.366065979, 109.604354858, 94.0162277222, 51.528427124, 6.34100818634, 0.897754132748, 0.0776434838772, 0.00142848328687, 1.67294228959e-06, 1.99117677901e-09],
        "dvar2": [0.0387352928519, 4.47285938263, 54.3349952698, 64.9064941406, 128.263549805, 339.234649658, 327.344940186, 827.38470459, 704.411010742, 2066.92211914, 11977.6962891, 9925.99511719, 9662.71777344, 8630.71582031, 21206.9921875, 12251.5380859, 17675.1738281, 11163.875, 3819.42138672, 3188.09643555, 3656.20068359, 1847.87414551, 666.535583496, 1027.34472656, 531.910949707, 687.300109863, 274.440979004, 70.3745498657, 50.7444953918, 108.302375793, 199.578231812, 240.277069092, 188.461181641, 115.701187134, 12.7792005539, 1.89231145382, 0.16083432734, 0.00306395604275, 3.19943910654e-06, 3.92121579651e-09],
        "max": [1.92268002033, 20.7890110016, 61.3067245483, 106.224365234, 174.474182129, 220.73878479, 205.470565796, 392.126434326, 706.962158203, 565.626953125, 1823.00427246, 1359.76989746, 1585.58056641, 2181.40405273, 1999.92236328, 1901.97875977, 2159.83081055, 2173.68139648, 1163.84814453, 2024.81750488, 1199.60180664, 907.108337402, 389.344055176, 641.842285156, 321.552642822, 309.643066406, 228.216949463, 137.33694458, 153.524658203, 227.377456665, 262.174102783, 312.005523682, 269.558807373, 237.099517822, 60.6670303345, 29.9892749786, 9.12806224823, 1.3502073288, 0.0572945587337, 0.00180846557487],
        "mean": [0.0950639098883, 1.24950098991, 3.48382782936, 4.03421211243, 5.84298038483, 9.15190601349, 11.0900907516, 16.2318458557, 11.198720932, 17.0823402405, 37.7827072144, 49.6869010925, 36.2596855164, 45.4753990173, 82.3841552734, 65.5386047363, 74.7993469238, 46.241394043, 24.1436424255, 24.596654892, 23.6109199524, 18.4658565521, 15.302532196, 16.9999065399, 15.4399299622, 16.1296977997, 9.86976528168, 3.31672239304, 2.98735904694, 3.76893758774, 3.46491289139, 3.50733065605, 3.22175145149, 2.21866631508, 0.896561324596, 0.259129673243, 0.0716721490026, 0.00868728198111, 0.000282577908365, 4.45076402684e-05],
        "median": [0.0414109453559, 0.674317419529, 1.6966201067, 1.93400073051, 2.74906253815, 3.76335477829, 5.0662727356, 5.53152513504, 4.12444734573, 6.10582256317, 11.6154985428, 15.6610450745, 14.2789230347, 12.041387558, 16.3159885406, 14.0020866394, 11.8871469498, 9.82929611206, 7.50054311752, 6.77414941788, 5.50554800034, 5.24061393738, 5.08413648605, 4.40146398544, 3.20196032524, 2.68263244629, 1.83136928082, 0.901029467583, 0.761652112007, 1.16013753414, 0.823458909988, 0.555980920792, 0.36144593358, 0.276122242212, 0.130074977875, 0.0313451290131, 0.00745002413169, 0.000881253799889, 4.64150034531e-05, 3.47385721398e-05],
        "min": [1.38926781219e-21, 6.81587696676e-21, 2.28804878275e-20, 3.5775080048e-20, 7.37449804537e-20, 5.38819247162e-20, 1.23257136176e-19, 1.92466523772e-19, 2.03678323665e-19, 5.74716455904e-19, 3.08562315361e-18, 1.55992284175e-18, 1.28187476424e-18, 2.8016528765e-18, 3.16532200563e-18, 5.38331169242e-18, 4.4684346321e-18, 9.36405676538e-18, 1.106917462e-17, 7.95336309639e-18, 4.489796985e-18, 5.98423359202e-18, 1.6767535006e-17, 1.39195041805e-17, 1.66693883719e-17, 1.35730892117e-17, 1.63580028478e-17, 2.19502946909e-17, 2.07743813496e-17, 1.35394585296e-17, 1.86024283998e-17, 1.83634509577e-17, 1.24677823531e-17, 1.23025505442e-17, 9.96181718068e-18, 5.29049375589e-18, 3.19822125334e-18, 1.37810833632e-18, 3.46121681505e-19, 3.97884311331e-20],
        "var": [0.0215784572065, 3.26725244522, 29.4361972809, 37.1482849121, 85.1926574707, 240.515518188, 295.54510498, 835.287658691, 569.791625977, 1196.93322754, 6704.22119141, 9458.07324219, 5411.94824219, 9428.16796875, 30504.9257812, 24135.609375, 27438.7636719, 14214.5449219, 3122.40258789, 4320.45751953, 4724.96435547, 2177.77856445, 796.653625488, 1060.83740234, 846.585449219, 878.083618164, 330.968322754, 55.5955162048, 49.3950958252, 100.661338806, 139.126281738, 180.279403687, 163.817749023, 80.9772567749, 11.5700941086, 1.36582756042, 0.118187569082, 0.00202444056049, 2.58669274444e-06, 3.98845534377e-09]
    },
    "gfcc": {
        "mean": [-16.1487007141, 99.0462722778, -120.789558411, 19.1981773376, -58.9165763855, 22.2540950775, -36.0932655334, 13.107375145, -28.9082145691, -1.5046350956, -13.2306976318, -3.5094742775, -11.0095643997],
        "cov": [[8100.55810547, -701.46697998, 615.384643555, 1204.58532715, 409.49432373, 739.758666992, 388.427978516, 500.395324707, -64.6282806396, 539.572998047, 144.056747437, 106.693740845, -185.879180908], [-701.46697998, 1297.8067627, -37.4271469116, -120.310211182, 201.758514404, -204.186431885, 91.9955215454, -139.46522522, 60.1053733826, -125.542144775, 132.472167969, -46.7383880615, 19.7498207092], [615.384643555, -37.4271469116, 862.35736084, 146.955764771, -21.2963180542, 121.497497559, -167.648025513, 19.4491291046, 16.8353404999, 20.7150268555, -7.31825256348, 65.169960022, -11.4483299255], [1204.58532715, -120.310211182, 146.955764771, 530.402770996, 184.681396484, 91.0410232544, 48.7857131958, 67.5323486328, -0.883740067482, 100.975563049, 26.1166648865, 12.9994220734, 16.0133686066], [409.49432373, 201.758514404, -21.2963180542, 184.681396484, 293.516479492, 62.0588302612, 86.1974411011, 32.1723976135, 13.2261180878, 45.538269043, 27.6776866913, 4.83927679062, -5.78124094009], [739.758666992, -204.186431885, 121.497497559, 91.0410232544, 62.0588302612, 322.197814941, 137.813674927, 78.6826934814, 2.67109370232, 81.7117462158, 9.82413005829, 20.1793441772, -48.5613632202], [388.427978516, 91.9955215454, -167.648025513, 48.7857131958, 86.1974411011, 137.813674927, 304.498504639, 58.8028068542, -7.48638677597, 54.3545722961, 34.4836463928, -11.284444809, -47.3690452576], [500.395324707, -139.46522522, 19.4491291046, 67.5323486328, 32.1723976135, 78.6826934814, 58.8028068542, 178.562957764, 48.5471343994, 48.947353363, -13.1439332962, 6.80344152451, -4.21012353897], [-64.6282806396, 60.1053733826, 16.8353404999, -0.883740067482, 13.2261180878, 2.67109370232, -7.48638677597, 48.5471343994, 140.492675781, 9.33959960938, -12.9059619904, -1.35049557686, 3.7396697998], [539.572998047, -125.542144775, 20.7150268555, 100.975563049, 45.538269043, 81.7117462158, 54.3545722961, 48.947353363, 9.33959960938, 140.45375061, 26.525888443, 1.2375330925, -20.3879203796], [144.056747437, 132.472167969, -7.31825256348, 26.1166648865, 27.6776866913, 9.82413005829, 34.4836463928, -13.1439332962, -12.9059619904, 26.525888443, 138.369674683, 24.9686222076, 5.9576625824], [106.693740845, -46.7383880615, 65.169960022, 12.9994220734, 4.83927679062, 20.1793441772, -11.284444809, 6.80344152451, -1.35049557686, 1.2375330925, 24.9686222076, 92.7988739014, 20.5957489014], [-185.879180908, 19.7498207092, -11.4483299255, 16.0133686066, -5.78124094009, -48.5613632202, -47.3690452576, -4.21012353897, 3.7396697998, -20.3879203796, 5.9576625824, 20.5957489014, 99.8587875366]],
        "icov": [[0.000305141700665, -0.00015151554544, 1.11980916699e-05, -0.000585779431276, 0.000228446922847, -0.000357579847332, 0.000151379703311, -0.000629788381048, 0.000430570420576, -0.000544287613593, 1.39970904911e-06, -0.000324187596561, 0.000517302774824], [-0.00015151554544, 0.00253661419265, -0.00108592270408, 0.00137464306317, -0.00256702047773, 0.00225067115389, -0.0022796378471, 0.00186006224249, -0.00190565804951, 0.00220693321899, -0.00242039305158, 0.00205615884624, -0.000943441700656], [1.11980916699e-05, -0.00108592270408, 0.00228297687136, -0.00109864515252, 0.00138095393777, -0.00204830034636, 0.0025382116437, -0.000722579774447, 0.000564644171391, -0.000591631454881, 0.000960532051977, -0.00175941945054, 0.00109458318911], [-0.000585779431276, 0.00137464306317, -0.00109864515252, 0.00462439376861, -0.00319622573443, 0.00168862787541, -0.00141510774847, 0.00136591016781, -0.00100938486867, 0.000334757292876, -0.00101569353137, 0.00180655752774, -0.00241317925975], [0.000228446922847, -0.00256702047773, 0.00138095393777, -0.00319622573443, 0.00742853246629, -0.00256956997328, 0.00147132389247, -0.00177020847332, 0.00132815528195, -0.00219882838428, 0.00197471189313, -0.00236399681307, 0.00127868191339], [-0.000357579847332, 0.00225067115389, -0.00204830034636, 0.00168862787541, -0.00256956997328, 0.00765413464978, -0.00451410422102, 0.00102900445927, -0.00153220153879, 0.000597423582803, -0.00144495209679, 0.000966915511526, -7.47011581552e-05], [0.000151379703311, -0.0022796378471, 0.0025382116437, -0.00141510774847, 0.00147132389247, -0.00451410422102, 0.00824129860848, -0.0028179299552, 0.00221359846182, -0.00193741440307, 0.000875669065863, -0.00157525541726, 0.00272526824847], [-0.000629788381048, 0.00186006224249, -0.000722579774447, 0.00136591016781, -0.00177020847332, 0.00102900445927, -0.0028179299552, 0.0100685255602, -0.00446509476751, 0.000749906641431, -0.000167371268617, 0.00124127953313, -0.00228205835447], [0.000430570420576, -0.00190565804951, 0.000564644171391, -0.00100938486867, 0.00132815528195, -0.00153220153879, 0.00221359846182, -0.00446509476751, 0.00993997976184, -0.00246704998426, 0.00208365404978, -0.00143087503966, 0.000893405289389], [-0.000544287613593, 0.00220693321899, -0.000591631454881, 0.000334757292876, -0.00219882838428, 0.000597423582803, -0.00193741440307, 0.000749906641431, -0.00246704998426, 0.0127638783306, -0.00384057452902, 0.00260632275604, 9.46133950492e-05], [1.39970904911e-06, -0.00242039305158, 0.000960532051977, -0.00101569353137, 0.00197471189313, -0.00144495209679, 0.000875669065863, -0.000167371268617, 0.00208365404978, -0.00384057452902, 0.0109639149159, -0.00427812943235, -5.96388526901e-05], [-0.000324187596561, 0.00205615884624, -0.00175941945054, 0.00180655752774, -0.00236399681307, 0.000966915511526, -0.00157525541726, 0.00124127953313, -0.00143087503966, 0.00260632275604, -0.00427812943235, 0.0147969769314, -0.00407398445532], [0.000517302774824, -0.000943441700656, 0.00109458318911, -0.00241317925975, 0.00127868191339, -7.47011581552e-05, 0.00272526824847, -0.00228205835447, 0.000893405289389, 9.46133950492e-05, -5.96388526901e-05, -0.00407398445532, 0.0137400357053]]
    },
    "melbands": {
        "dmean": [0.000541166518815, 0.000839264481328, 0.000395372742787, 0.000292481447104, 0.000222949456656, 0.000186660603504, 9.54751449171e-05, 0.000139902156661, 0.000192652805708, 0.000172772459337, 0.000106813342427, 9.17662546271e-05, 0.000148038481711, 9.16190983844e-05, 8.05707168183e-05, 7.15606365702e-05, 4.39659124822e-05, 2.33786468016e-05, 1.99065052584e-05, 1.45514004544e-05, 1.57242066052e-05, 1.09491611511e-05, 8.78981700225e-06, 7.15517535355e-06, 7.2458719842e-06, 6.20291257292e-06, 4.52918311566e-06, 5.82930670134e-06, 3.67848747374e-06, 1.75177342499e-06, 9.77787067313e-07, 9.28302029024e-07, 1.06144204892e-06, 1.28458009385e-06, 1.28906128793e-06, 1.338809966e-06, 1.60687159223e-06, 1.67318285094e-06, 1.45468561641e-06, 1.34321874157e-06],
        "dmean2": [0.000896304729395, 0.00136370828841, 0.000657896744087, 0.000484981865156, 0.000358547986252, 0.000295565987471, 0.000153667919221, 0.000228566641454, 0.000304943008814, 0.000273088138783, 0.000167923542904, 0.000141034397529, 0.000231356229051, 0.000139508978464, 0.000123505145893, 0.00011008974252, 6.74794937368e-05, 3.61348393199e-05, 3.11603471346e-05, 2.29344059335e-05, 2.49692566285e-05, 1.70821003849e-05, 1.40138536153e-05, 1.11539275167e-05, 1.10329137897e-05, 9.59641693044e-06, 7.03837531546e-06, 9.04927492229e-06, 5.66891731069e-06, 2.70485247711e-06, 1.53237112954e-06, 1.41559883104e-06, 1.61160801326e-06, 1.93959226635e-06, 1.9627113943e-06, 1.98749808078e-06, 2.41091720454e-06, 2.54219935414e-06, 2.20276751861e-06, 2.02953697226e-06],
        "dvar": [1.53801295255e-06, 3.72704198526e-06, 6.57114185287e-07, 3.71618227746e-07, 1.52663673703e-07, 1.42716984897e-07, 6.62114842953e-08, 1.55696710635e-07, 2.86981077124e-07, 1.77781274147e-07, 9.7650961095e-08, 6.29237604244e-08, 1.35730374495e-07, 5.90669664291e-08, 4.9731578855e-08, 3.52298421546e-08, 1.96150402587e-08, 5.45708633837e-09, 4.81824935505e-09, 2.13763495793e-09, 3.27920246512e-09, 1.69845826292e-09, 6.27995822011e-10, 3.62207569493e-10, 4.18976353611e-10, 2.44172709829e-10, 1.25715257648e-10, 2.13280518246e-10, 8.13815473344e-11, 2.22617566742e-11, 1.1190390628e-11, 8.38281354054e-12, 1.06605922007e-11, 2.14362312623e-11, 2.99690480765e-11, 3.13503598082e-11, 5.3080831397e-11, 5.62424343209e-11, 4.08703418331e-11, 4.03723859899e-11],
        "dvar2": [4.20123978984e-06, 9.69219308899e-06, 1.76263711182e-06, 9.91951878859e-07, 3.77870179591e-07, 3.43580921935e-07, 1.56521764438e-07, 3.94778084001e-07, 6.97762459367e-07, 4.31175720905e-07, 2.45352651973e-07, 1.41688744293e-07, 3.3780847275e-07, 1.32313957124e-07, 1.15675199197e-07, 8.38168290329e-08, 4.2009794754e-08, 1.16735359157e-08, 1.06748494488e-08, 4.70380490114e-09, 7.6276425176e-09, 3.84044795965e-09, 1.45546885655e-09, 7.9609757675e-10, 9.85991288616e-10, 5.81377279651e-10, 2.97716462594e-10, 4.79311479396e-10, 1.92068930205e-10, 5.01828162358e-11, 2.64449000892e-11, 1.83161385364e-11, 2.26812353621e-11, 4.66079466688e-11, 6.70623070964e-11, 6.88688203687e-11, 1.21284135512e-10, 1.15516492205e-10, 8.76756930945e-11, 9.40709246611e-11],
        "max": [0.0169856399298, 0.0306257400662, 0.0143940141425, 0.0174455847591, 0.00598865235224, 0.00792889483273, 0.0105389868841, 0.00839798245579, 0.0138108981773, 0.0083312029019, 0.00778858130798, 0.00905286427587, 0.00705559877679, 0.00631111487746, 0.00764610059559, 0.00421341042966, 0.00417618267238, 0.00216790242121, 0.00260567851365, 0.00161133799702, 0.0020500170067, 0.00131106178742, 0.000780552683864, 0.000610833056271, 0.000637254910544, 0.000386203202652, 0.000269681651844, 0.000287107686745, 0.000180665359949, 9.28620502236e-05, 8.20195491542e-05, 7.61556148063e-05, 0.000138433053507, 0.000121912089526, 0.000135456051794, 0.000146796999616, 0.000228800898185, 0.000245225965045, 0.000172096813913, 0.000219376684981],
        "mean": [0.00112461613026, 0.0018501302693, 0.000777522684075, 0.000525071693119, 0.000412454479374, 0.00035297247814, 0.000166393190739, 0.000223112598178, 0.00031300066621, 0.000308856164338, 0.000173649503267, 0.000167762089404, 0.000299977808027, 0.000187959100003, 0.000173960885149, 0.000143879573443, 7.78811008786e-05, 3.73070142814e-05, 3.51225571649e-05, 2.77487924905e-05, 2.87459279207e-05, 1.93685773411e-05, 1.64005759871e-05, 1.2861722098e-05, 1.37515062306e-05, 1.31904962473e-05, 9.49956665863e-06, 1.09765851448e-05, 7.12291603122e-06, 3.17950775752e-06, 1.50319090153e-06, 1.57249132826e-06, 1.90564310287e-06, 2.17430488192e-06, 1.9444416921e-06, 1.9844480903e-06, 2.22154994844e-06, 2.34376102526e-06, 2.03170475288e-06, 1.83396491593e-06],
        "median": [0.000605417881161, 0.00106962502468, 0.000408428983064, 0.000255106366239, 0.000191464278032, 0.000124582526041, 6.20962164248e-05, 6.94622722222e-05, 9.65415092651e-05, 9.16426506592e-05, 5.40358487342e-05, 3.98128977395e-05, 4.65443081339e-05, 3.15261822834e-05, 2.47673142439e-05, 2.05675714824e-05, 1.24175285237e-05, 9.25707627175e-06, 8.14107715996e-06, 6.82039808453e-06, 5.27577958565e-06, 4.42753480456e-06, 4.49853814644e-06, 3.53920268026e-06, 3.01515410683e-06, 2.16807779907e-06, 1.72604450199e-06, 1.58518128046e-06, 1.17361901175e-06, 5.47784736682e-07, 3.46528338468e-07, 3.45436035332e-07, 5.04782917687e-07, 6.22607728928e-07, 4.37762309957e-07, 3.60401600119e-07, 2.87009726208e-07, 2.29838164501e-07, 1.96136184627e-07, 2.26272078407e-07],
        "min": [1.25773182272e-23, 1.08229917593e-23, 7.58848218765e-24, 4.46793343448e-24, 3.82248901955e-24, 4.071673219e-24, 3.04135264031e-24, 8.1164691581e-24, 2.57937226505e-23, 8.68963024829e-24, 6.03836459244e-24, 1.10345303331e-23, 9.80221442546e-24, 1.51014356768e-23, 9.52341441548e-24, 1.23516306443e-23, 1.63996072705e-23, 1.52601466023e-23, 1.57651359108e-23, 6.74897010143e-24, 5.16059275231e-24, 5.74315667006e-24, 1.04140486327e-23, 1.54316828284e-23, 1.02275832139e-23, 1.37092050419e-23, 1.14510646683e-23, 8.00897344913e-24, 1.00259456334e-23, 1.05414086481e-23, 1.33896201342e-23, 1.36518406546e-23, 5.44074447546e-24, 8.83979859906e-24, 1.13837953435e-23, 1.08973963311e-23, 1.08128517413e-23, 8.04794948873e-24, 8.94620567999e-24, 1.06585852581e-23],
        "var": [2.46625222644e-06, 6.99001839166e-06, 1.16318460641e-06, 6.13481461187e-07, 3.62219850558e-07, 3.62877216276e-07, 1.26045875959e-07, 2.21306962089e-07, 4.09724151496e-07, 3.62307645219e-07, 1.40412510063e-07, 1.45548057162e-07, 4.64852234927e-07, 2.38235472239e-07, 1.98834811727e-07, 1.20155064565e-07, 5.0118650563e-08, 1.00277590676e-08, 1.00257286917e-08, 5.06307618053e-09, 9.78440084509e-09, 3.77575792854e-09, 1.35770394927e-09, 7.43642203371e-10, 8.71136440761e-10, 8.58707660534e-10, 3.45380002376e-10, 4.96247209991e-10, 1.99363275888e-10, 5.12591635804e-11, 1.68564641412e-11, 1.52844299717e-11, 2.18850024908e-11, 3.81717192577e-11, 4.49811334013e-11, 5.22123698443e-11, 8.00124619338e-11, 9.24279888737e-11, 6.73344019431e-11, 5.86806714331e-11]
    },
    "mfcc": {
        "mean": [-660.636474609, 131.988708496, -1.70569562912, 6.20939302444, 3.06960821152, 1.54187917709, 7.7181634903, 7.18116950989, -3.31788754463, 3.936450243, -2.87585377693, -1.78033220768, 0.0551713369787],
        "cov": [[7669.02001953, -983.675109863, 362.921447754, 754.35333252, 291.859802246, 500.472564697, 629.68939209, 241.865539551, 163.097976685, 353.377716064, 304.517791748, 379.304595947, 388.952789307], [-983.675109863, 1292.64831543, -149.946517944, 3.02371692657, -5.98435640335, -43.1019477844, -37.3253135681, 26.8797969818, -120.166526794, -37.1265029907, -9.37709331512, -16.371509552, -7.71371793747], [362.921447754, -149.946517944, 772.276489258, -1.40144515038, 174.561920166, 40.3897514343, -48.8305435181, -8.38876247406, -7.48880910873, -24.5683403015, -21.3674297333, 25.2244033813, 17.379278183], [754.35333252, 3.02371692657, -1.40144515038, 434.734100342, 135.226211548, 65.3607788086, 73.9952697754, -16.5785274506, 25.7149620056, 18.4274311066, -7.05300188065, 64.7147750854, 71.644317627], [291.859802246, -5.98435640335, 174.561920166, 135.226211548, 294.213043213, 26.380695343, -24.9177455902, -4.34921312332, 31.7783126831, -9.91987037659, -12.9948749542, 22.8860626221, 16.3833808899], [500.472564697, -43.1019477844, 40.3897514343, 65.3607788086, 26.380695343, 246.814407349, 121.29019928, 52.0582962036, 19.7135181427, 39.1890678406, 61.0699081421, 41.1359519958, 37.8616676331], [629.68939209, -37.3253135681, -48.8305435181, 73.9952697754, -24.9177455902, 121.29019928, 262.535858154, 56.9084625244, 2.66865754128, 45.7233581543, 58.2722167969, 47.405960083, 69.5354003906], [241.865539551, 26.8797969818, -8.38876247406, -16.5785274506, -4.34921312332, 52.0582962036, 56.9084625244, 154.371963501, 44.3193855286, 33.0208396912, 36.5839996338, 25.3131809235, 22.4330310822], [163.097976685, -120.166526794, -7.48880910873, 25.7149620056, 31.7783126831, 19.7135181427, 2.66865754128, 44.3193855286, 154.802047729, 47.631652832, 16.5310192108, 18.6744194031, -6.9726099968], [353.377716064, -37.1265029907, -24.5683403015, 18.4274311066, -9.91987037659, 39.1890678406, 45.7233581543, 33.0208396912, 47.631652832, 150.293075562, 52.4717178345, 32.0584716797, 19.4148235321], [304.517791748, -9.37709331512, -21.3674297333, -7.05300188065, -12.9948749542, 61.0699081421, 58.2722167969, 36.5839996338, 16.5310192108, 52.4717178345, 128.4269104, 40.970539093, 11.8138484955], [379.304595947, -16.371509552, 25.2244033813, 64.7147750854, 22.8860626221, 41.1359519958, 47.405960083, 25.3131809235, 18.6744194031, 32.0584716797, 40.970539093, 128.802322388, 47.7201156616], [388.952789307, -7.71371793747, 17.379278183, 71.644317627, 16.3833808899, 37.8616676331, 69.5354003906, 22.4330310822, -6.9726099968, 19.4148235321, 11.8138484955, 47.7201156616, 137.469223022]],
