{
"lowlevel": {
    "average_loudness": 0.920928537846,
    "barkbands_crest": {
        "dmean": 2.7871530056,
        "dmean2": 4.3634967804,
        "dvar": 6.24517011642,
        "dvar2": 13.8375825882,
        "max": 25.4942302704,
        "mean": 10.1555051804,
        "median": 9.01434135437,
        "min": 2.12828063965,
        "var": 24.6643714905
    },
    "barkbands_flatness_db": {
        "dmean": 0.0186915621161,
        "dmean2": 0.0278717968613,
        "dvar": 0.000276354548987,
        "dvar2": 0.000584451248869,
        "max": 0.274249583483,
        "mean": 0.104071930051,
        "median": 0.0962737053633,
        "min": 0.0138463294134,
        "var": 0.00227115210146
    },
    "barkbands_kurtosis": {
        "dmean": 1.51088690758,
        "dmean2": 2.35899496078,
        "dvar": 5.59032249451,
        "dvar2": 12.801735878,
        "max": 54.1224403381,
        "mean": 1.62895524502,
        "median": 0.157185316086,
        "min": -1.93286800385,
        "var": 16.8123207092
    },
    "barkbands_skewness": {
        "dmean": 0.437560677528,
        "dmean2": 0.662008821964,
        "dvar": 0.173306837678,
        "dvar2": 0.38289731741,
        "max": 6.96647977829,
        "mean": 1.0990023613,
        "median": 0.90680283308,
        "min": -3.24710798264,
        "var": 0.932133972645
    },
    "barkbands_spread": {
        "dmean": 5.81496191025,
        "dmean2": 8.99048519135,
        "dvar": 41.1905860901,
        "dvar2": 85.4288101196,
        "max": 122.959487915,
        "mean": 29.3870601654,
        "median": 28.7195091248,
        "min": 2.17200517654,
        "var": 218.962142944
    },
    "dissonance": {
        "dmean": 0.0148795535788,
        "dmean2": 0.0255567133427,
        "dvar": 0.000211086691706,
        "dvar2": 0.00057280913461,
        "max": 0.500000059605,
        "mean": 0.47700509429,
        "median": 0.482055276632,
        "min": 0.326589763165,
        "var": 0.000361840968253
    },
    "dynamic_complexity": 2.81001663208,
    "erbbands_crest": {
        "dmean": 2.74738574028,
        "dmean2": 4.55237340927,
        "dvar": 6.21514511108,
        "dvar2": 16.3640518188,
        "max": 31.3978157043,
        "mean": 8.65069961548,
        "median": 7.80540561676,
        "min": 2.32667732239,
        "var": 17.0231533051
    },
    "erbbands_flatness_db": {
        "dmean": 0.0152678219602,
        "dmean2": 0.0232526641339,
        "dvar": 0.000197148401639,
        "dvar2": 0.000429485109635,
        "max": 0.359197616577,
        "mean": 0.148120447993,
        "median": 0.135292008519,
        "min": 0.0390446595848,
        "var": 0.00283260690048
    },
    "erbbands_kurtosis": {
        "dmean": 0.759262681007,
        "dmean2": 1.2485524416,
        "dvar": 1.01883149147,
        "dvar2": 2.5739107132,
        "max": 26.433216095,
        "mean": 0.322926282883,
        "median": -0.140945911407,
        "min": -1.75062382221,
        "var": 2.59142804146
    },
    "erbbands_skewness": {
        "dmean": 0.322760850191,
        "dmean2": 0.517259418964,
        "dvar": 0.0848566964269,
        "dvar2": 0.207283899188,
        "max": 3.61814713478,
        "mean": 0.21684423089,
        "median": 0.112132646143,
        "min": -3.11589288712,
        "var": 0.536339044571
    },
    "erbbands_spread": {
        "dmean": 6.55289983749,
        "dmean2": 10.2000102997,
        "dvar": 44.4408302307,
        "dvar2": 97.2257995605,
        "max": 126.669891357,
        "mean": 35.1765403748,
        "median": 33.5829048157,
        "min": 3.951597929,
        "var": 246.076309204
    },
    "hfc": {
        "dmean": 7.35748004913,
        "dmean2": 10.8035039902,
        "dvar": 176.462722778,
        "dvar2": 370.399627686,
        "max": 546.691162109,
        "mean": 25.4093322754,
        "median": 20.7906150818,
        "min": 1.21029983499e-16,
        "var": 507.982574463
    },
    "melbands_crest": {
        "dmean": 3.68573188782,
        "dmean2": 5.80908870697,
        "dvar": 10.6755485535,
        "dvar2": 25.6868228912,
        "max": 35.1094589233,
        "mean": 14.6936330795,
        "median": 13.2147169113,
        "min": 2.24226236343,
        "var": 44.1128425598
    },
    "melbands_flatness_db": {
        "dmean": 0.0233891922981,
        "dmean2": 0.0346014425159,
        "dvar": 0.000462847528979,
        "dvar2": 0.000949913752265,
        "max": 0.337604910135,
        "mean": 0.156168699265,
        "median": 0.149051383138,
        "min": 0.00716983200982,
        "var": 0.00282395770773
    },
    "melbands_kurtosis": {
        "dmean": 4.64877557755,
        "dmean2": 7.09302091599,
        "dvar": 62.8476753235,
        "dvar2": 129.053726196,
        "max": 166.502288818,
        "mean": 8.68777179718,
        "median": 4.16692972183,
        "min": -1.87009561062,
        "var": 200.514160156
    },
    "melbands_skewness": {
        "dmean": 0.637326657772,
        "dmean2": 0.963633000851,
        "dvar": 0.421145319939,
        "dvar2": 0.880931794643,
        "max": 11.7096471786,
        "mean": 2.20611929893,
        "median": 1.89503133297,
        "min": -1.07851219177,
        "var": 2.27962207794
    },
    "melbands_spread": {
        "dmean": 8.38794994354,
        "dmean2": 12.9679470062,
        "dvar": 120.148071289,
        "dvar2": 252.276885986,
        "max": 282.936523438,
        "mean": 32.4948501587,
        "median": 30.9153251648,
        "min": 2.19624304771,
        "var": 408.376373291
    },
    "pitch_salience": {
        "dmean": 0.0731777921319,
        "dmean2": 0.11503944546,
        "dvar": 0.00445467792451,
        "dvar2": 0.0100313769653,
        "max": 0.865178525448,
        "mean": 0.538987755775,
        "median": 0.554494142532,
        "min": 0.106143988669,
        "var": 0.0188547689468
    },
    "silence_rate_20dB": {
        "dmean": 0,
        "dmean2": 0,
        "dvar": 0,
        "dvar2": 0,
        "max": 1,
        "mean": 1,
        "median": 1,
        "min": 1,
        "var": 0
    },
    "silence_rate_30dB": {
        "dmean": 0.000232234087889,
        "dmean2": 0.00046452213428,
        "dvar": 0.000232132908422,
        "dvar2": 0.000696378294379,
        "max": 1,
        "mean": 0.999883890152,
        "median": 1,
        "min": 0,
        "var": 0.00011607826309
    },
    "silence_rate_60dB": {
        "dmean": 0.0188109613955,
        "dmean2": 0.0376262925565,
        "dvar": 0.0184544995427,
        "dvar2": 0.0441025644541,
        "max": 1,
        "mean": 0.0470219440758,
        "median": 0,
        "min": 0,
        "var": 0.044812079519
    },
    "spectral_centroid": {
        "dmean": 246.62612915,
        "dmean2": 390.086883545,
        "dvar": 65222.7265625,
        "dvar2": 134541.9375,
        "max": 11008.5273438,
        "mean": 1920.53161621,
        "median": 1953.49633789,
        "min": 332.408447266,
        "var": 307596.15625
    },
    "spectral_complexity": {
        "dmean": 4.19252204895,
        "dmean2": 6.66264057159,
        "dvar": 18.045331955,
        "dvar2": 40.0740432739,
        "max": 56,
        "mean": 22.8436088562,
        "median": 22,
        "min": 0,
        "var": 106.195831299
    },
    "spectral_decrease": {
        "dmean": 1.88464710504e-09,
        "dmean2": 2.73814104723e-09,
        "dvar": 4.47075776885e-18,
        "dvar2": 9.53195871329e-18,
        "max": 4.96652645064e-29,
        "mean": -6.08057604268e-09,
        "median": -5.15567188941e-09,
        "min": -2.9926859213e-08,
        "var": 1.91614436752e-17
    },
    "spectral_energy": {
        "dmean": 0.0075576514937,
        "dmean2": 0.0109760994092,
        "dvar": 6.99672236806e-05,
        "dvar2": 0.000150376057718,
        "max": 0.116501808167,
        "mean": 0.0252541936934,
        "median": 0.021867884323,
        "min": 1.07903174436e-20,
        "var": 0.000308311195113
    },
    "spectral_energyband_high": {
        "dmean": 0.000476982007967,
        "dmean2": 0.000708437117282,
        "dvar": 1.72720308456e-06,
        "dvar2": 3.55451606993e-06,
        "max": 0.0604819729924,
        "mean": 0.00124189816415,
        "median": 0.000859317951836,
        "min": 8.0232835879e-21,
        "var": 3.68234759662e-06
    },
    "spectral_energyband_low": {
        "dmean": 0.00425357138738,
        "dmean2": 0.00595254590735,
        "dvar": 4.46094527433e-05,
        "dvar2": 8.7536223873e-05,
        "max": 0.0885023772717,
        "mean": 0.00956405419856,
        "median": 0.00471033528447,
        "min": 5.53454461248e-23,
        "var": 0.000161713251146
    },
    "spectral_energyband_middle_high": {
        "dmean": 0.00257408875041,
        "dmean2": 0.00390428653918,
        "dvar": 1.44332634591e-05,
        "dvar2": 3.33097741532e-05,
        "max": 0.0762593522668,
        "mean": 0.00777405546978,
        "median": 0.00521193724126,
        "min": 1.4277844192e-21,
        "var": 5.8360510593e-05
    },
    "spectral_energyband_middle_low": {
        "dmean": 0.00340667786077,
        "dmean2": 0.0053892317228,
        "dvar": 2.54744572885e-05,
        "dvar2": 6.08416048635e-05,
        "max": 0.107243128121,
        "mean": 0.00729320244864,
        "median": 0.00480150384828,
        "min": 3.84494364545e-22,
        "var": 5.80325759074e-05
    },
    "spectral_entropy": {
        "dmean": 0.110125906765,
        "dmean2": 0.167161002755,
        "dvar": 0.0120123783126,
        "dvar2": 0.0240755267441,
        "max": 9.80554485321,
        "mean": 7.870906353,
        "median": 7.89713382721,
        "min": 6.57116556168,
        "var": 0.0902538597584
    },
    "spectral_flux": {
        "dmean": 0.0210751257837,
        "dmean2": 0.0320756658912,
        "dvar": 0.000464865239337,
        "dvar2": 0.00099853053689,
        "max": 0.290033876896,
        "mean": 0.088240519166,
        "median": 0.0828320607543,
        "min": 1.03876456048e-10,
        "var": 0.00172692851629
    },
    "spectral_kurtosis": {
        "dmean": 0.853629231453,
        "dmean2": 1.43550360203,
        "dvar": 0.79534393549,
        "dvar2": 2.22276926041,
        "max": 17.3513050079,
        "mean": 3.67996048927,
        "median": 3.31135463715,
        "min": -1.20507776737,
        "var": 3.46003055573
    },
    "spectral_rms": {
        "dmean": 0.000719497387763,
        "dmean2": 0.00103385897819,
        "dvar": 4.73216886121e-07,
        "dvar2": 9.86794134405e-07,
        "max": 0.0106611587107,
        "mean": 0.00462839053944,
        "median": 0.00461893063039,
        "min": 3.24455523212e-12,
        "var": 3.21622928823e-06
    },
    "spectral_rolloff": {
        "dmean": 591.032897949,
        "dmean2": 934.195129395,
        "dvar": 866472.75,
        "dvar2": 1605704.125,
        "max": 18647.7539062,
        "mean": 2061.69995117,
        "median": 1765.72265625,
        "min": 64.599609375,
        "var": 2399429
    },
    "spectral_skewness": {
        "dmean": 0.132601559162,
        "dmean2": 0.215932548046,
        "dvar": 0.0149368448183,
        "dvar2": 0.0350559800863,
        "max": 2.97395133972,
        "mean": 1.39041161537,
        "median": 1.33641815186,
        "min": -0.0288780368865,
        "var": 0.105459831655
    },
    "spectral_spread": {
        "dmean": 438230.90625,
        "dmean2": 633106.5,
        "dvar": 479988121600,
        "dvar2": 686598324224,
        "max": 40420924,
        "mean": 4735581,
        "median": 4559585.5,
        "min": 2009268.375,
        "var": 2.03037802496e+12
    },
    "spectral_strongpeak": {
        "dmean": 0.589664936066,
        "dmean2": 1.00602078438,
        "dvar": 1.04538536072,
        "dvar2": 2.68654298782,
        "max": 13.5609350204,
        "mean": 0.958893895149,
        "median": 0.413209527731,
        "min": 0,
        "var": 1.72378838062
    },
    "zerocrossingrate": {
        "dmean": 0.0114914486185,
        "dmean2": 0.0125695420429,
        "dvar": 0.000229582859902,
        "dvar2": 0.000232497040997,
        "max": 0.59619140625,
        "mean": 0.0771708860993,
        "median": 0.072265625,
        "min": 0.009765625,
        "var": 0.00143312930595
    },
    "barkbands": {
        "dmean": [0.000272240344202, 0.0038014317397, 0.00128633051645, 0.000546191236936, 0.000985507853329, 0.000964059669059, 0.000628816254903, 0.000650996109471, 0.00101238396019, 0.00102808023803, 0.000626610184554, 0.000582753622439, 0.000354650139343, 0.000487551209517, 0.000391089357436, 0.000421507284045, 0.000301879103063, 0.000257503532339, 0.000240055844188, 0.000228767894441, 0.000116202936624, 9.05215420062e-05, 7.52871928853e-05, 8.70910807862e-05, 8.44041423989e-05, 4.11164437537e-05, 5.2120244618e-06],
        "dmean2": [0.000400227087084, 0.00533636659384, 0.00215229974128, 0.000944102823269, 0.00164902978577, 0.0015550586395, 0.000999628566206, 0.00106544978917, 0.00165268720593, 0.00168359838426, 0.00101744954009, 0.000949965498876, 0.00057171867229, 0.000790321151726, 0.000631657720078, 0.000671016285196, 0.000472739222459, 0.000420989323175, 0.000394848786527, 0.000363543425919, 0.000191134546185, 0.000145015685121, 0.000117691895866, 0.000131854147185, 0.000123227233416, 5.84640838497e-05, 7.29218118067e-06],
        "dvar": [3.86185803336e-07, 4.78422771266e-05, 1.00750294223e-05, 1.06488323581e-06, 5.7416814343e-06, 5.40491237189e-06, 2.04169782592e-06, 2.95052063848e-06, 5.46576029592e-06, 5.33110505785e-06, 3.01121622215e-06, 1.95503503164e-06, 6.9890705845e-07, 1.53171413331e-06, 1.04951345747e-06, 8.06190087133e-07, 5.99979841809e-07, 2.21507249876e-07, 1.71892139633e-07, 1.49624938217e-07, 4.16133936199e-08, 6.62749997105e-08, 5.3422827051e-08, 3.10321297547e-07, 2.38379129769e-07, 3.04080352009e-08, 6.04637173662e-10],
        "dvar2": [9.43516283769e-07, 8.80127263372e-05, 2.65581456915e-05, 2.89052081826e-06, 1.40869760799e-05, 1.39183694046e-05, 4.62646039523e-06, 7.42735392123e-06, 1.33860439746e-05, 1.40773763633e-05, 7.01634826328e-06, 4.71658404422e-06, 1.69281463513e-06, 3.87680574931e-06, 2.47980483437e-06, 1.82992584996e-06, 1.19428113976e-06, 5.99158965997e-07, 4.43159848373e-07, 3.50285944251e-07, 1.05001760176e-07, 1.61193881354e-07, 1.05221602098e-07, 8.10824019482e-07, 4.87828629048e-07, 6.20456646061e-08, 1.1230393282e-09],
        "max": [0.00847798679024, 0.0858868211508, 0.0317805744708, 0.0106891132891, 0.102977387607, 0.0686012208462, 0.0357512384653, 0.0510976836085, 0.0503589548171, 0.0559190884233, 0.0513316690922, 0.0316570475698, 0.021696459502, 0.0316138193011, 0.0254388861358, 0.0191580429673, 0.018805000931, 0.00943496916443, 0.0109675927088, 0.00816718302667, 0.00584458047524, 0.00904017034918, 0.0099014416337, 0.0377388931811, 0.0209016893059, 0.00512774055824, 0.000691485940479],
        "mean": [0.0003529478563, 0.00745685491711, 0.00138125242665, 0.000643632607535, 0.00141225347761, 0.00145151675679, 0.000926069798879, 0.000877678568941, 0.00150343263522, 0.00175820512231, 0.000949004606809, 0.000931071583182, 0.00056480767671, 0.00075588573236, 0.000561614695471, 0.000746145960875, 0.000516570231412, 0.000472208572319, 0.000486372795422, 0.000507672491949, 0.000261292763753, 0.00020494927594, 0.000157294547535, 0.000161960488185, 0.000142585879075, 6.35960022919e-05, 7.31060254111e-06],
        "median": [7.03231125954e-05, 0.00294019212015, 0.000497005705256, 0.000233101920458, 0.000551522534806, 0.000487104058266, 0.000289508752758, 0.000266216346063, 0.000603621825576, 0.000574898265768, 0.000304700486595, 0.000303664419334, 0.000260384578723, 0.000299284874927, 0.000233173748711, 0.000260075990809, 0.000225548283197, 0.000275531027, 0.000300607411191, 0.000309084454784, 0.000183842304978, 0.000134211339173, 9.1575733677e-05, 7.10899621481e-05, 4.95539352414e-05, 2.10720263567e-05, 1.57665385814e-06],
        "min": [7.31648689184e-24, 8.17409939153e-24, 3.80598691716e-23, 1.35658532382e-23, 1.00825744868e-22, 7.69904199015e-23, 1.71517640556e-23, 9.32242180761e-23, 4.81690049206e-23, 7.24409265325e-23, 6.78960842873e-23, 1.28817779892e-22, 1.54693023428e-22, 5.62264649164e-23, 5.42282486891e-23, 1.07118715501e-22, 2.34191497205e-22, 1.70250269247e-22, 3.13723216735e-22, 2.79342260349e-22, 4.63625999068e-22, 5.44483004919e-22, 5.79933025605e-22, 9.07968955951e-22, 1.18892551601e-21, 1.5857759162e-21, 2.76916723849e-21],
        "var": [5.7475790527e-07, 0.000135585738462, 8.46509192343e-06, 1.12545126285e-06, 1.04169239421e-05, 1.00697252492e-05, 3.91215553464e-06, 3.74049636775e-06, 8.09799803392e-06, 1.33228604682e-05, 6.17730893282e-06, 4.15516842622e-06, 1.13121484446e-06, 2.60703359345e-06, 1.34166418775e-06, 2.06698905458e-06, 1.24979146676e-06, 3.88762515513e-07, 3.51632252205e-07, 3.91999691374e-07, 8.42805718548e-08, 9.6307346098e-08, 9.92217508156e-08, 3.65911887457e-07, 3.72204794985e-07, 5.08166522195e-08, 1.09911013624e-09]
    },
    "erbbands": {
        "dmean": [0.122762225568, 0.893169164658, 1.40450000763, 1.67160654068, 2.28280305862, 3.48187398911, 5.91055059433, 8.54509067535, 9.22447681427, 8.88537979126, 15.9881887436, 21.3948478699, 29.5978240967, 28.1448402405, 26.0300922394, 21.7632465363, 15.3144159317, 20.1105804443, 23.3354091644, 16.799413681, 23.2140579224, 14.3541755676, 12.6696071625, 11.5882463455, 12.1123085022, 10.7492113113, 6.12201356888, 3.55358171463, 3.30065655708, 2.59494280815, 2.15489411354, 1.92374944687, 1.44348442554, 1.10370922089, 0.532363414764, 0.230096340179, 0.0681831091642, 0.0097901429981, 0.00105554645415, 4.0921560867e-05],
        "dmean2": [0.160594567657, 1.26464927197, 2.15278935432, 2.86552405357, 4.02359819412, 5.84393787384, 9.48363399506, 13.8337974548, 14.6682157516, 14.41147995, 26.0303840637, 34.954460144, 47.0789871216, 44.9873962402, 41.7122535706, 34.5119438171, 24.3647022247, 32.1545028687, 37.2247161865, 26.7437763214, 36.5137290955, 22.0717716217, 20.5613460541, 18.7900104523, 19.6188659668, 16.9735050201, 9.95143127441, 5.7524433136, 5.32218885422, 4.18659114838, 3.32880020142, 2.96104860306, 2.20817875862, 1.66357696056, 0.776718199253, 0.335837692022, 0.0975026413798, 0.0136551000178, 0.00147091806866, 5.68880277569e-05],
        "dvar": [0.0462229214609, 3.02038002014, 9.40752220154, 13.1957073212, 24.3442153931, 126.146812439, 182.600036621, 505.016082764, 507.09173584, 447.008087158, 2083.68481445, 3025.19238281, 4171.41796875, 4103.52441406, 6033.21728516, 2862.77636719, 991.806335449, 2654.9777832, 3308.55053711, 1680.61877441, 2354.80029297, 937.075256348, 480.228057861, 422.795898438, 488.813690186, 316.975982666, 108.782775879, 62.5074386597, 80.2323379517, 48.2653007507, 54.9458847046, 110.985862732, 75.9616088867, 47.7507247925, 8.52104282379, 0.808983564377, 0.10941208154, 0.00249147810973, 2.31670310313e-05, 3.16174002535e-08],
        "dvar2": [0.0878692865372, 5.34009647369, 22.1513652802, 35.6207237244, 68.3111877441, 304.015991211, 415.579925537, 1335.32080078, 1160.85046387, 1111.11401367, 5300.42382812, 7324.11816406, 10373.4833984, 10034.5195312, 14055.9257812, 6870.76464844, 2330.30200195, 6454.62548828, 8222.74316406, 3941.68432617, 5414.56542969, 1766.72595215, 1259.66711426, 1043.32226562, 1265.17651367, 713.938842773, 273.148834229, 153.495880127, 187.521011353, 113.65460968, 105.207710266, 270.206787109, 195.489974976, 104.504081726, 17.5903491974, 1.72167849541, 0.224130064249, 0.00482713803649, 4.21629156335e-05, 6.20401223728e-08],
        "max": [3.22743868828, 21.649892807, 31.4964694977, 34.4043235779, 98.0031585693, 621.861755371, 352.862670898, 772.409362793, 780.68737793, 473.520874023, 1233.03039551, 1412.12670898, 1549.2401123, 1645.86071777, 2588.87158203, 1332.56799316, 616.488891602, 1424.50219727, 1250.89428711, 1172.65612793, 1295.96130371, 1017.8581543, 419.090332031, 513.07019043, 700.843078613, 367.100463867, 317.745758057, 318.425231934, 325.88394165, 261.560974121, 391.895294189, 695.962402344, 552.502319336, 347.418823242, 143.769210815, 26.8515949249, 11.0481042862, 1.66860198975, 0.136557742953, 0.00538094015792],
        "mean": [0.243238985538, 1.52352571487, 1.93392646313, 2.052079916, 2.53642868996, 4.82800197601, 9.48313140869, 12.6322460175, 14.6249408722, 12.3494081497, 22.6712856293, 32.599319458, 51.2275619507, 48.7413101196, 43.4218292236, 36.914516449, 26.9874687195, 32.8318519592, 38.8367462158, 27.7956562042, 45.1406860352, 28.2875614166, 24.870557785, 23.9960174561, 26.4096355438, 24.8825893402, 14.1661510468, 8.4387845993, 7.38549280167, 5.65013647079, 4.37194681168, 3.56950426102, 2.58652734756, 1.83388352394, 0.873664736748, 0.353770136833, 0.104211732745, 0.0148807456717, 0.00151184678543, 8.15414969111e-05],
        "median": [0.0722430497408, 0.622772693634, 0.89049243927, 0.786764144897, 1.16420245171, 1.734547019, 2.84039926529, 4.39793300629, 4.71234130859, 4.95260429382, 7.95338630676, 13.306180954, 18.6552581787, 19.2852172852, 15.9209890366, 13.5941324234, 13.5861082077, 15.2385587692, 15.3680057526, 12.902923584, 15.1498394012, 13.9244260788, 15.266998291, 15.8167667389, 16.7413444519, 15.3165578842, 9.54827690125, 6.18142461777, 4.94077920914, 3.45760178566, 2.52703356743, 1.6899574995, 1.07614099979, 0.650108397007, 0.289090126753, 0.123846381903, 0.0320030227304, 0.00415870780125, 0.00033784477273, 4.67708705401e-05],
        "min": [4.68700356307e-22, 1.38229544299e-21, 2.88861551167e-20, 5.901733984e-20, 5.12948139529e-20, 5.11723395235e-19, 5.27886349308e-19, 7.41789310353e-19, 1.76059460946e-19, 7.4512931057e-19, 2.08660900369e-18, 7.81939881805e-19, 2.91996472631e-18, 1.75870819822e-18, 4.68356321631e-18, 4.11372014669e-18, 5.32896344463e-18, 4.5554002658e-18, 3.14148927782e-18, 5.03339402739e-18, 5.20345698465e-18, 1.23452082484e-17, 1.23925089174e-17, 1.26084510337e-17, 1.42753589343e-17, 1.24859298686e-17, 1.25323363553e-17, 2.12147623815e-17, 1.56023915562e-17, 2.37796641726e-17, 1.64810360377e-17, 1.53168504631e-17, 1.68436290049e-17, 1.1314096182e-17, 9.49125398253e-18, 5.56129200892e-18, 3.16897876432e-18, 1.48182375704e-18, 4.08230382702e-19, 3.87588594579e-20],
        "var": [0.158821612597, 6.74502944946, 11.6579523087, 12.9284381866, 20.6560916901, 195.664779663, 534.382507324, 876.477966309, 1078.9552002, 564.202636719, 2571.6003418, 4262.72705078, 9717.78808594, 9339.48925781, 11915.6904297, 6177.37695312, 1856.51074219, 4237.56933594, 6190.0234375, 2646.16870117, 7888.67041016, 2474.03955078, 943.123168945, 798.603881836, 1011.855896, 974.012084961, 258.860351562, 103.711746216, 121.469841003, 80.5981674194, 99.5058898926, 149.005493164, 95.8980331421, 69.7856826782, 13.0237541199, 1.30355656147, 0.175252944231, 0.00440169405192, 4.34676512668e-05, 5.71173792707e-08]
    },
    "gfcc": {
        "mean": [20.2838878632, 59.6794624329, -131.717834473, 26.5729827881, -57.9289093018, 19.0638504028, -28.9009208679, 17.4067420959, -24.721370697, 5.36602210999, -15.5148735046, 3.45373606682, -8.11938285828],
        "cov": [[4975.97558594, 216.491516113, 1327.15014648, 1015.97119141, 430.629333496, 133.57270813, -72.1422958374, 174.420410156, 147.327850342, 399.088562012, 252.68196106, 167.493865967, 41.0365257263], [216.491516113, 763.877258301, 235.186660767, 332.467224121, 197.967468262, 66.849395752, 107.734306335, 45.1799430847, 67.7987136841, 59.3561553955, 129.857391357, 36.432258606, 51.9048080444], [1327.15014648, 235.186660767, 1155.51464844, 685.068359375, 290.109741211, 180.610290527, -4.66332149506, 97.0350341797, 115.318901062, 198.179443359, 135.235305786, 121.158805847, 34.4804649353], [1015.97119141, 332.467224121, 685.068359375, 775.283569336, 315.3565979, 170.430465698, 55.246295929, 81.5027313232, 137.238128662, 165.533752441, 129.304504395, 116.880264282, 52.8397140503], [430.629333496, 197.967468262, 290.109741211, 315.3565979, 282.486694336, 135.422927856, 97.2732467651, 81.5132675171, 77.6538848877, 92.9942092896, 73.020904541, 49.4782409668, 38.2642211914], [133.57270813, 66.849395752, 180.610290527, 170.430465698, 135.422927856, 204.85925293, 129.791976929, 59.7922134399, 27.5201892853, 49.4759140015, 43.5961456299, 20.9115142822, 14.9910011292], [-72.1422958374, 107.734306335, -4.66332149506, 55.246295929, 97.2732467651, 129.791976929, 211.218673706, 66.6964645386, 14.4557466507, 25.8909111023, 41.2764053345, 6.61357402802, 10.6885709763], [174.420410156, 45.1799430847, 97.0350341797, 81.5027313232, 81.5132675171, 59.7922134399, 66.6964645386, 126.489997864, 73.049331665, 50.2568054199, 38.1968193054, 20.311920166, 22.1718883514], [147.327850342, 67.7987136841, 115.318901062, 137.238128662, 77.6538848877, 27.5201892853, 14.4557466507, 73.049331665, 137.406097412, 69.6653366089, 40.2452583313, 39.1221351624, 21.5503902435], [399.088562012, 59.3561553955, 198.179443359, 165.533752441, 92.9942092896, 49.4759140015, 25.8909111023, 50.2568054199, 69.6653366089, 136.120330811, 92.0579528809, 46.8870201111, 15.7071151733], [252.68196106, 129.857391357, 135.235305786, 129.304504395, 73.020904541, 43.5961456299, 41.2764053345, 38.1968193054, 40.2452583313, 92.0579528809, 137.698547363, 54.6940116882, 26.933681488], [167.493865967, 36.432258606, 121.158805847, 116.880264282, 49.4782409668, 20.9115142822, 6.61357402802, 20.311920166, 39.1221351624, 46.8870201111, 54.6940116882, 84.9080734253, 38.1918449402], [41.0365257263, 51.9048080444, 34.4804649353, 52.8397140503, 38.2642211914, 14.9910011292, 10.6885709763, 22.1718883514, 21.5503902435, 15.7071151733, 26.933681488, 38.1918449402, 73.1533050537]],
        "icov": [[0.000366332649719, 8.6245861894e-05, -0.000179502967512, -0.00031433015829, -0.000131824956043, 0.000315882673021, 0.000209617996006, -0.000452232459793, 0.000571709126234, -0.000700212316588, -9.25040058064e-06, 0.000112211339001, 8.23657974252e-05], [8.6245861894e-05, 0.0023554651998, -0.000200684327865, -0.000905148219317, -0.000933122239076, 0.0014065610012, -0.00126903341152, 0.000769399048295, -0.000767698977143, 0.00186518195551, -0.0027368424926, 0.0020178782288, -0.00103936297819], [-0.000179502967512, -0.000200684327865, 0.00236122775823, -0.00135867053177, -3.2674321119e-05, -0.0013780167792, 0.00159874849487, -0.000994389760308, 0.000913540949114, -0.00107916689012, 0.000442993739853, -0.00107505603228, 0.000839549349621], [-0.00031433015829, -0.000905148219317, -0.00135867053177, 0.00477190455422, -0.00210579205304, -0.00127497594804, 0.000348656030837, 0.00176340213511, -0.00197786698118, -8.9792183644e-06, 0.000579075422138, -0.00210251193494, 0.000258555373875], [-0.000131824956043, -0.000933122239076, -3.2674321119e-05, -0.00210579205304, 0.00940786674619, -0.00247268052772, -0.00128725974355, -0.00147716852371, -0.000404464284657, -0.00195816974156, 0.00133791007102, 0.000324485008605, -0.00162837328389], [0.000315882673021, 0.0014065610012, -0.0013780167792, -0.00127497594804, -0.00247268052772, 0.0122348470613, -0.00651643052697, -0.000347894179868, 0.0009755215724, 0.000142618897371, -0.000842809560709, 0.00186083267909, -0.00074022973422], [0.000209617996006, -0.00126903341152, 0.00159874849487, 0.000348656030837, -0.00128725974355, -0.00651643052697, 0.0114002069458, -0.00450473930687, 0.00257989903912, -0.000750647915993, -0.000602138228714, -0.00126842828467, 0.00177084316965], [-0.000452232459793, 0.000769399048295, -0.000994389760308, 0.00176340213511, -0.00147716852371, -0.000347894179868, -0.00450473930687, 0.0164807941765, -0.00856959167868, 0.00109761091881, -0.00158423895482, 0.00267125433311, -0.00311269890517], [0.000571709126234, -0.000767698977143, 0.000913540949114, -0.00197786698118, -0.000404464284657, 0.0009755215724, 0.00257989903912, -0.00856959167868, 0.0160385146737, -0.00706107914448, 0.00345359975472, -0.00364438607357, 0.000876496487763], [-0.000700212316588, 0.00186518195551, -0.00107916689012, -8.9792183644e-06, -0.00195816974156, 0.000142618897371, -0.000750647915993, 0.00109761091881, -0.00706107914448, 0.0225252006203, -0.0121900411323, 0.00099696952384, 0.00156785466243], [-9.25040058064e-06, -0.0027368424926, 0.000442993739853, 0.000579075422138, 0.00133791007102, -0.000842809560709, -0.000602138228714, -0.00158423895482, 0.00345359975472, -0.0121900411323, 0.0192333236337, -0.00755207659677, -0.000177550406079], [0.000112211339001, 0.0020178782288, -0.00107505603228, -0.00210251193494, 0.000324485008605, 0.00186083267909, -0.00126842828467, 0.00267125433311, -0.00364438607357, 0.00099696952384, -0.00755207659677, 0.0242782477289, -0.0096797561273], [8.23657974252e-05, -0.00103936297819, 0.000839549349621, 0.000258555373875, -0.00162837328389, -0.00074022973422, 0.00177084316965, -0.00311269890517, 0.000876496487763, 0.00156785466243, -0.000177550406079, -0.0096797561273, 0.0199909526855]]
    },
    "melbands": {
        "dmean": [0.00106996065006, 0.000788820674643, 0.00029270563391, 0.000203562798561, 0.000194270003703, 0.000187312092748, 0.000138596966281, 0.00010239839321, 0.000132469183882, 0.000145284386235, 0.000153582339408, 0.000121647834021, 8.77330094227e-05, 7.84272924648e-05, 4.08353371313e-05, 3.42082057614e-05, 3.99252821808e-05, 4.24852260039e-05, 2.69417851086e-05, 2.32648526435e-05, 3.09251081489e-05, 1.75497170858e-05, 1.29053205455e-05, 1.41687596624e-05, 9.71192457655e-06, 1.02944031823e-05, 8.8510914793e-06, 7.65874847275e-06, 4.97903647556e-06, 2.53404209616e-06, 2.28256772061e-06, 2.08883852792e-06, 1.80596168775e-06, 1.48940159761e-06, 1.27658097426e-06, 1.28219210183e-06, 1.23962354337e-06, 9.82406277217e-07, 1.11121971713e-06, 9.35898185617e-07],
        "dmean2": [0.00146288541146, 0.00114070565905, 0.000502673734445, 0.00035064003896, 0.000312193471473, 0.000303057051497, 0.000220524743781, 0.00016713894729, 0.000215742125874, 0.000237869870034, 0.000244333088631, 0.000196678534849, 0.000141597149195, 0.000126575250761, 6.48936038488e-05, 5.55075093871e-05, 6.40534199192e-05, 6.81877572788e-05, 4.30681066064e-05, 3.6279350752e-05, 4.92188555654e-05, 2.68362855422e-05, 2.09525751416e-05, 2.31198318943e-05, 1.59404735314e-05, 1.69275990629e-05, 1.43770939758e-05, 1.22591545733e-05, 8.19619708636e-06, 4.15727799918e-06, 3.73888883587e-06, 3.41700706485e-06, 2.96526354759e-06, 2.41831753556e-06, 2.00120462068e-06, 1.95934444491e-06, 1.95195320885e-06, 1.50918594954e-06, 1.71915814917e-06, 1.39622579809e-06],
        "dvar": [3.53277437171e-06, 2.12276154343e-06, 3.35486163294e-07, 2.93071224178e-07, 1.95314243001e-07, 2.31815889151e-07, 1.09094301592e-07, 5.43395337615e-08, 1.41247838314e-07, 1.29467267129e-07, 1.10111436413e-07, 8.22200192374e-08, 6.64066774902e-08, 3.90627157287e-08, 8.27090751443e-09, 7.58536433665e-09, 1.1878054984e-08, 1.19492300499e-08, 6.38263264463e-09, 3.17472514944e-09, 4.72957717434e-09, 2.00495131608e-09, 5.30611055094e-10, 9.14474440616e-10, 3.24954840814e-10, 3.83443859997e-10, 2.92676965996e-10, 1.74171885248e-10, 7.63542840065e-11, 1.82075396427e-11, 2.9947169744e-11, 3.32361187183e-11, 2.48767985378e-11, 1.31244997509e-11, 1.78990728489e-11, 2.64049979798e-11, 6.21844659099e-11, 1.77398061518e-11, 9.05122296557e-11, 3.02099630034e-11],
        "dvar2": [6.55571011521e-06, 3.94899325329e-06, 8.98289897577e-07, 7.59748843393e-07, 4.4018000267e-07, 6.11930204286e-07, 2.52005577295e-07, 1.3440083535e-07, 3.58474096629e-07, 3.14014329206e-07, 2.73889156688e-07, 2.07162187849e-07, 1.55780952582e-07, 9.35959150183e-08, 1.82713755237e-08, 1.8808879787e-08, 2.91198940516e-08, 3.00177340762e-08, 1.4857748809e-08, 6.79647804702e-09, 1.0679196194e-08, 3.6404439463e-09, 1.31010680082e-09, 2.5475774823e-09, 7.9097917105e-10, 1.01330477342e-09, 7.22620019378e-10, 3.901348411e-10, 1.96524324592e-10, 4.46893771988e-11, 7.63086260847e-11, 8.03448696463e-11, 6.22927126548e-11, 3.07953974821e-11, 3.53921753016e-11, 5.18400287974e-11, 1.67639568893e-10, 4.20103292431e-11, 2.40580971811e-10, 6.22638191006e-11],
        "max": [0.0236046947539, 0.0158936269581, 0.00537890847772, 0.0227668359876, 0.0150824058801, 0.0161164496094, 0.0105152251199, 0.00517137721181, 0.00878715142608, 0.00910111609846, 0.0078287217766, 0.00756982341409, 0.0075649083592, 0.00473460229114, 0.00245545431972, 0.00268911197782, 0.00330865173601, 0.00265551032498, 0.00167227070779, 0.00187432870734, 0.00168910517823, 0.00147990428377, 0.000506146694534, 0.00072327622911, 0.000505037547555, 0.0006323872949, 0.000446872290922, 0.000274530932074, 0.000264502392383, 0.000112990281195, 0.000236774125369, 0.000214276500628, 0.00023015232, 0.000127859049826, 0.000217965236516, 0.000288393319352, 0.000527845928445, 0.000221979076741, 0.000631658243947, 0.000230049918173],
        "mean": [0.00213231309317, 0.00140322884545, 0.000362890423276, 0.000250609358773, 0.000318654201692, 0.000280906737316, 0.000218245128053, 0.00014117671526, 0.000184863078175, 0.000217022447032, 0.000260367523879, 0.000203718242119, 0.000139025971293, 0.000124445927213, 6.74718176015e-05, 5.51927732886e-05, 6.01447063673e-05, 6.71703965054e-05, 3.78280928999e-05, 3.81795871363e-05, 5.68253999518e-05, 2.95192821795e-05, 2.25248604693e-05, 2.41945745074e-05, 1.82466083061e-05, 2.02790943149e-05, 1.81436753337e-05, 1.59908759088e-05, 9.99843177851e-06, 5.38939866601e-06, 4.75608567285e-06, 4.31094258602e-06, 3.66015365216e-06, 2.94745109386e-06, 2.46155627792e-06, 2.37597396335e-06, 2.10557664104e-06, 1.75346690412e-06, 1.76417756848e-06, 1.49220545609e-06],
        "median": [0.00073844124563, 0.000682481157128, 0.000158882176038, 0.000104858270788, 0.000100529585325, 9.90907574305e-05, 7.02962133801e-05, 5.58489045943e-05, 6.46105545457e-05, 8.35057362565e-05, 9.02977917576e-05, 7.32402913854e-05, 4.72371611977e-05, 3.81411991839e-05, 2.85271107714e-05, 2.73499790637e-05, 2.52617846854e-05, 2.21499667532e-05, 1.5797540982e-05, 1.47100081449e-05, 1.63661607075e-05, 1.24478538055e-05, 1.21372977446e-05, 1.28191877593e-05, 1.11317540359e-05, 1.20283784781e-05, 1.05280032585e-05, 9.38267658057e-06, 6.26839073448e-06, 3.6980115965e-06, 3.31632190864e-06, 2.77992808151e-06, 2.24244263336e-06, 1.70792122844e-06, 1.41927057484e-06, 1.2386187791e-06, 9.17842726267e-07, 7.4356580626e-07, 6.19388799805e-07, 5.12340761816e-07],
        "min": [2.55724763544e-24, 1.10331427268e-23, 9.42931040923e-24, 1.76247997642e-23, 2.33068197141e-23, 1.55299386096e-23, 2.50194256953e-24, 1.2322362327e-23, 1.39389670914e-23, 5.91073873089e-24, 1.46058574789e-23, 6.7296863966e-24, 1.20482954824e-23, 1.46930218758e-23, 9.02918990291e-24, 1.62758523494e-23, 7.39125670616e-24, 5.42098666522e-24, 4.65802958555e-24, 7.57118641231e-24, 5.69232444547e-24, 1.04445736054e-23, 1.48574141775e-23, 9.4351061703e-24, 9.66041510002e-24, 1.44702081131e-23, 6.10642001716e-24, 9.32704169262e-24, 6.5007924885e-24, 1.06648677463e-23, 1.32124135759e-23, 5.95177606404e-24, 1.57456999558e-23, 1.20730294272e-23, 9.97855402563e-24, 7.11930243111e-24, 1.01447867399e-23, 1.26663356584e-23, 9.12369938366e-24, 1.0019958968e-23],
        "var": [1.12425905172e-05, 4.69906763101e-06, 3.33231724881e-07, 3.41488970435e-07, 5.69673773043e-07, 4.13251996179e-07, 2.30002825674e-07, 6.92501842536e-08, 1.72328583403e-07, 1.89701538034e-07, 2.61553537939e-07, 1.87853714806e-07, 1.35824848257e-07, 7.8193359343e-08, 1.87470323709e-08, 1.03773487581e-08, 1.75362551147e-08, 2.39461037665e-08, 7.50594075782e-09, 6.79572265128e-09, 1.58392055027e-08, 4.48479786641e-09, 9.64215041144e-10, 1.46908307741e-09, 5.63801338949e-10, 7.31050331382e-10, 5.81880432726e-10, 4.82641038246e-10, 1.60654822778e-10, 3.73686810662e-11, 4.09343461905e-11, 4.53536097567e-11, 3.43761234756e-11, 2.26051365126e-11, 2.99669976334e-11, 4.83465836809e-11, 6.37987856988e-11, 2.79727439129e-11, 9.53688378269e-11, 4.486163524e-11]
    },
    "mfcc": {
        "mean": [-618.471557617, 93.8924102783, -14.5741558075, 13.3835687637, -4.19402885437, 2.80494451523, 6.78117465973, 8.17382526398, 3.16101360321, 5.73636817932, -0.748647987843, -0.98248976469, 0.0475813746452],
        "cov": [[3843.27587891, 31.6552333832, 822.48059082, 809.25793457, 529.772827148, 198.19178772, 106.805366516, -72.1990966797, 11.1116380692, 140.067108154, 91.1132125854, 176.715713501, 347.891052246], [31.6552333832, 504.57232666, 59.9934768677, 127.612388611, 65.7453689575, 35.544631958, 87.2402572632, 37.2404098511, -4.29015350342, 50.5525054932, 28.5586280823, 18.0562896729, 38.2121734619], [822.48059082, 59.9934768677, 843.087280273, 482.463623047, 369.628387451, 200.675933838, 77.7112884521, 23.0020542145, 34.4672470093, 54.4050254822, 73.7469863892, 112.435211182, 156.06098938], [809.25793457, 127.612388611, 482.463623047, 579.880004883, 334.231414795, 203.408187866, 74.0110855103, 43.5102157593, 51.9878807068, 60.300163269, 56.2242202759, 113.209465027, 182.368301392], [529.772827148, 65.7453689575, 369.628387451, 334.231414795, 332.15536499, 134.158355713, 45.5994148254, 28.2699584961, 58.5751533508, 52.9563179016, 38.8990974426, 81.8076477051, 128.987030029], [198.19178772, 35.544631958, 200.675933838, 203.408187866, 134.158355713, 220.20451355, 114.500312805, 63.5792198181, 43.6824645996, 38.9526023865, 43.8503074646, 36.6040306091, 69.2563171387], [106.805366516, 87.2402572632, 77.7112884521, 74.0110855103, 45.5994148254, 114.500312805, 215.082290649, 69.1291885376, 25.647310257, 61.4795722961, 40.6554222107, 11.8112192154, 43.2114486694], [-72.1990966797, 37.2404098511, 23.0020542145, 43.5102157593, 28.2699584961, 63.5792198181, 69.1291885376, 114.402694702, 62.9270858765, 29.2863006592, 28.3623752594, 9.85120582581, 17.8140869141], [11.1116380692, -4.29015350342, 34.4672470093, 51.9878807068, 58.5751533508, 43.6824645996, 25.647310257, 62.9270858765, 110.490623474, 41.0110206604, 22.011423111, 13.1234941483, 20.124540329], [140.067108154, 50.5525054932, 54.4050254822, 60.300163269, 52.9563179016, 38.9526023865, 61.4795722961, 29.2863006592, 41.0110206604, 98.5522003174, 47.7595367432, 27.1251125336, 44.7240943909], [91.1132125854, 28.5586280823, 73.7469863892, 56.2242202759, 38.8990974426, 43.8503074646, 40.6554222107, 28.3623752594, 22.011423111, 47.7595367432, 87.5291366577, 45.6280670166, 38.5522956848], [176.715713501, 18.0562896729, 112.435211182, 113.209465027, 81.8076477051, 36.6040306091, 11.8112192154, 9.85120582581, 13.1234941483, 27.1251125336, 45.6280670166, 100.802978516, 81.4568634033], [347.891052246, 38.2121734619, 156.06098938, 182.368301392, 128.987030029, 69.2563171387, 43.2114486694, 17.8140869141, 20.124540329, 44.7240943909, 38.5522956848, 81.4568634033, 152.395935059]],
