{
"lowlevel": {
    "average_loudness": 0.884567737579,
    "barkbands_crest": {
        "dmean": 2.66989421844,
        "dmean2": 4.17336511612,
        "dvar": 5.9160695076,
        "dvar2": 12.6629838943,
        "max": 25.3088474274,
        "mean": 9.97094154358,
        "median": 9.07090950012,
        "min": 2.23691320419,
        "var": 17.7595481873
    },
    "barkbands_flatness_db": {
        "dmean": 0.0199491772801,
        "dmean2": 0.0310057979077,
        "dvar": 0.000358836550731,
        "dvar2": 0.000826899544336,
        "max": 0.311942219734,
        "mean": 0.14289689064,
        "median": 0.138946905732,
        "min": 0.0416974462569,
        "var": 0.00192907615565
    },
    "barkbands_kurtosis": {
        "dmean": 1.86545455456,
        "dmean2": 2.9963927269,
        "dvar": 14.4877347946,
        "dvar2": 33.6680908203,
        "max": 87.0264816284,
        "mean": 2.27965331078,
        "median": 0.739717245102,
        "min": -1.88261151314,
        "var": 31.1710643768
    },
    "barkbands_skewness": {
        "dmean": 0.431919425726,
        "dmean2": 0.670514583588,
        "dvar": 0.291899621487,
        "dvar2": 0.650098562241,
        "max": 8.48929977417,
        "mean": 0.933836996555,
        "median": 0.79602253437,
        "min": -3.25783348083,
        "var": 1.35150122643
    },
    "barkbands_spread": {
        "dmean": 5.8762550354,
        "dmean2": 9.26037216187,
        "dvar": 45.9703712463,
        "dvar2": 107.53704071,
        "max": 94.9772949219,
        "mean": 24.6400222778,
        "median": 22.5180625916,
        "min": 2.24651455879,
        "var": 179.715637207
    },
    "dissonance": {
        "dmean": 0.0206684842706,
        "dmean2": 0.0351575985551,
        "dvar": 0.00041041726945,
        "dvar2": 0.00116519385483,
        "max": 0.499999880791,
        "mean": 0.464973509312,
        "median": 0.472909420729,
        "min": 0.281628549099,
        "var": 0.000803965493105
    },
    "dynamic_complexity": 2.38304042816,
    "erbbands_crest": {
        "dmean": 2.88983201981,
        "dmean2": 4.70808553696,
        "dvar": 7.21795034409,
        "dvar2": 17.4638385773,
        "max": 31.3645420074,
        "mean": 11.1675167084,
        "median": 9.97036266327,
        "min": 2.4208753109,
        "var": 36.1332969666
    },
    "erbbands_flatness_db": {
        "dmean": 0.0159555338323,
        "dmean2": 0.0234986357391,
        "dvar": 0.000187219338841,
        "dvar2": 0.000388917105738,
        "max": 0.354828208685,
        "mean": 0.171848624945,
        "median": 0.167174324393,
        "min": 0.073508374393,
        "var": 0.00247371033765
    },
    "erbbands_kurtosis": {
        "dmean": 1.03418362141,
        "dmean2": 1.66159021854,
        "dvar": 1.79148721695,
        "dvar2": 4.27014780045,
        "max": 21.4799308777,
        "mean": 0.964642345905,
        "median": 0.24975001812,
        "min": -1.75691652298,
        "var": 4.94440793991
    },
    "erbbands_skewness": {
        "dmean": 0.364048868418,
        "dmean2": 0.571385741234,
        "dvar": 0.108752496541,
        "dvar2": 0.265206068754,
        "max": 3.95952296257,
        "mean": 0.474368810654,
        "median": 0.461744129658,
        "min": -3.18345618248,
        "var": 0.641099870205
    },
    "erbbands_spread": {
        "dmean": 7.20922470093,
        "dmean2": 10.9550266266,
        "dvar": 68.3175048828,
        "dvar2": 153.15536499,
        "max": 132.924133301,
        "mean": 34.0089607239,
        "median": 30.2792816162,
        "min": 2.87224698067,
        "var": 354.548278809
    },
    "hfc": {
        "dmean": 7.76616573334,
        "dmean2": 12.3186388016,
        "dvar": 136.363754272,
        "dvar2": 333.791625977,
        "max": 211.521438599,
        "mean": 27.9544734955,
        "median": 24.7705879211,
        "min": 1.04570816463e-16,
        "var": 435.822937012
    },
    "melbands_crest": {
        "dmean": 3.14793944359,
        "dmean2": 5.10155677795,
        "dvar": 8.3704624176,
        "dvar2": 20.0538539886,
        "max": 30.8907871246,
        "mean": 12.8523521423,
        "median": 12.2172794342,
        "min": 1.00063693523,
        "var": 26.463727951
    },
    "melbands_flatness_db": {
        "dmean": 0.0226460043341,
        "dmean2": 0.0351860150695,
        "dvar": 0.000653036055155,
        "dvar2": 0.00145268964116,
        "max": 0.379988789558,
        "mean": 0.16286945343,
        "median": 0.156997159123,
        "min": 2.71803202168e-07,
        "var": 0.0036323517561
    },
    "melbands_kurtosis": {
        "dmean": 5.11098718643,
        "dmean2": 8.06540393829,
        "dvar": 179.16506958,
        "dvar2": 417.358215332,
        "max": 288.927124023,
        "mean": 8.54967308044,
        "median": 3.19098758698,
        "min": -1.76375102997,
        "var": 343.199829102
    },
    "melbands_skewness": {
        "dmean": 0.60703265667,
        "dmean2": 0.936684727669,
        "dvar": 0.720146715641,
        "dvar2": 1.50705981255,
        "max": 14.6383876801,
        "mean": 1.83765733242,
        "median": 1.46855044365,
        "min": -1.4458886385,
        "var": 2.95013141632
    },
    "melbands_spread": {
        "dmean": 7.79883623123,
        "dmean2": 12.3958520889,
        "dvar": 125.642066956,
        "dvar2": 269.716247559,
        "max": 258.279174805,
        "mean": 32.0824928284,
        "median": 27.3010978699,
        "min": 1.36623048782,
        "var": 672.151733398
    },
    "pitch_salience": {
        "dmean": 0.0653814449906,
        "dmean2": 0.103806614876,
        "dvar": 0.00430187303573,
        "dvar2": 0.00916596874595,
        "max": 0.997744560242,
        "mean": 0.542323410511,
        "median": 0.533461689949,
        "min": 0.102345764637,
        "var": 0.0150075955316
    },
    "silence_rate_20dB": {
        "dmean": 0,
        "dmean2": 0,
        "dvar": 0,
        "dvar2": 0,
        "max": 1,
        "mean": 1,
        "median": 1,
        "min": 1,
        "var": 0
    },
    "silence_rate_30dB": {
        "dmean": 0,
        "dmean2": 0,
        "dvar": 0,
        "dvar2": 0,
        "max": 1,
        "mean": 1,
        "median": 1,
        "min": 1,
        "var": 0
    },
    "silence_rate_60dB": {
        "dmean": 0.00706446310505,
        "dmean2": 0.0141307087615,
        "dvar": 0.00701430719346,
        "dvar2": 0.0154440458864,
        "max": 1,
        "mean": 0.0638244226575,
        "median": 0,
        "min": 0,
        "var": 0.0597372464836
    },
    "spectral_centroid": {
        "dmean": 253.243057251,
        "dmean2": 403.458770752,
        "dvar": 101135.523438,
        "dvar2": 255104.328125,
        "max": 11941.3310547,
        "mean": 1836.17822266,
        "median": 1476.45471191,
        "min": 312.651885986,
        "var": 3370779.5
    },
    "spectral_complexity": {
        "dmean": 3.76485419273,
        "dmean2": 6.25132465363,
        "dvar": 18.4497871399,
        "dvar2": 46.9923477173,
        "max": 53,
        "mean": 20.9151115417,
        "median": 22,
        "min": 0,
        "var": 91.9656829834
    },
    "spectral_decrease": {
        "dmean": 2.04655337122e-09,
        "dmean2": 3.29846971958e-09,
        "dvar": 6.00324675199e-18,
        "dvar2": 1.38886321456e-17,
        "max": 1.96306692928e-28,
        "mean": -7.04973590615e-09,
        "median": -6.46827480466e-09,
        "min": -2.72374744981e-08,
        "var": 2.03752633953e-17
    },
    "spectral_energy": {
        "dmean": 0.00818184390664,
        "dmean2": 0.0131609337404,
        "dvar": 9.14617994567e-05,
        "dvar2": 0.000211731996387,
        "max": 0.108648300171,
        "mean": 0.029142845422,
        "median": 0.0271138846874,
        "min": 9.86957333334e-21,
        "var": 0.00033319866634
    },
    "spectral_energyband_high": {
        "dmean": 0.000581317639444,
        "dmean2": 0.000915505399462,
        "dvar": 1.84675081982e-06,
        "dvar2": 4.44229863206e-06,
        "max": 0.029838245362,
        "mean": 0.00120029435493,
        "median": 0.000762586423662,
        "min": 6.91904109099e-21,
        "var": 3.15880993185e-06
    },
    "spectral_energyband_low": {
        "dmean": 0.00432744156569,
        "dmean2": 0.00695612793788,
        "dvar": 5.9535526816e-05,
        "dvar2": 0.000134242480271,
        "max": 0.074080221355,
        "mean": 0.00838462915272,
        "median": 0.00467186653987,
        "min": 1.05193939068e-23,
        "var": 0.000119567157526
    },
    "spectral_energyband_middle_high": {
        "dmean": 0.00281056971289,
        "dmean2": 0.00455623306334,
        "dvar": 1.87047280633e-05,
        "dvar2": 4.78921501781e-05,
        "max": 0.0750929564238,
        "mean": 0.00894317124039,
        "median": 0.00616497267038,
        "min": 1.12767598244e-21,
        "var": 8.48539784783e-05
    },
    "spectral_energyband_middle_low": {
        "dmean": 0.00480028241873,
        "dmean2": 0.00790064688772,
        "dvar": 3.97940020775e-05,
        "dvar2": 0.000104093247501,
        "max": 0.0965459048748,
        "mean": 0.0119387386367,
        "median": 0.00934856384993,
        "min": 1.49233803042e-22,
        "var": 9.67683881754e-05
    },
    "spectral_entropy": {
        "dmean": 0.127160534263,
        "dmean2": 0.191595003009,
        "dvar": 0.0157428327948,
        "dvar2": 0.0361183620989,
        "max": 9.82589530945,
        "mean": 7.77528810501,
        "median": 7.76269054413,
        "min": 6.34530067444,
        "var": 0.286911547184
    },
    "spectral_flux": {
        "dmean": 0.0240831784904,
        "dmean2": 0.0377707183361,
        "dvar": 0.000678511511069,
        "dvar2": 0.00144344940782,
        "max": 0.288861662149,
        "mean": 0.0908866152167,
        "median": 0.0859984531999,
        "min": 6.28211371811e-11,
        "var": 0.00211310246959
    },
    "spectral_kurtosis": {
        "dmean": 1.16716909409,
        "dmean2": 1.96715712547,
        "dvar": 2.25424313545,
        "dvar2": 6.78530740738,
        "max": 28.1771755219,
        "mean": 3.33402919769,
        "median": 2.6309401989,
        "min": -1.27542328835,
        "var": 9.39064121246
    },
    "spectral_rms": {
        "dmean": 0.000718520081136,
        "dmean2": 0.00113664020319,
        "dvar": 5.85559973842e-07,
        "dvar2": 1.23414179143e-06,
        "max": 0.0102955494076,
        "mean": 0.00497531984001,
        "median": 0.00514320656657,
        "min": 3.10303909304e-12,
        "var": 3.67825123249e-06
    },
    "spectral_rolloff": {
        "dmean": 540.119689941,
        "dmean2": 892.265686035,
        "dvar": 909544.125,
        "dvar2": 1910472.375,
        "max": 19767.4804688,
        "mean": 2339.13330078,
        "median": 1378.125,
        "min": 86.1328125,
        "var": 11577007
    },
    "spectral_skewness": {
        "dmean": 0.178466588259,
        "dmean2": 0.290098667145,
        "dvar": 0.0320245139301,
        "dvar2": 0.0837934762239,
        "max": 3.79484558105,
        "mean": 1.37421441078,
        "median": 1.36102056503,
        "min": -0.0910610407591,
        "var": 0.266632169485
    },
    "spectral_spread": {
        "dmean": 463269.5625,
        "dmean2": 640653.9375,
        "dvar": 376878792704,
        "dvar2": 727367614464,
        "max": 42730756,
        "mean": 5957561.5,
        "median": 4612307,
        "min": 1717505.125,
        "var": 4.45008398254e+13
    },
    "spectral_strongpeak": {
        "dmean": 0.761216521263,
        "dmean2": 1.27391839027,
        "dvar": 1.18583464622,
        "dvar2": 2.96726155281,
        "max": 13.665643692,
        "mean": 1.6708227396,
        "median": 0.792408466339,
        "min": 0,
        "var": 3.38463115692
    },
    "zerocrossingrate": {
        "dmean": 0.0108255902305,
        "dmean2": 0.0128178447485,
        "dvar": 0.000199283938855,
        "dvar2": 0.000225299911108,
        "max": 0.69482421875,
        "mean": 0.0861990079284,
        "median": 0.06640625,
        "min": 0.00830078125,
        "var": 0.00736723141745
    },
    "barkbands": {
        "dmean": [3.86723586416e-05, 0.00295530352741, 0.00219902396202, 0.00118496338837, 0.00121048907749, 0.000795832718723, 0.000750447274186, 0.00109499704558, 0.00156506313942, 0.00148462317884, 0.000756413850468, 0.000705293670762, 0.000563625188079, 0.000433961220551, 0.000330192386173, 0.000183932977961, 0.000209132835153, 0.000311549083563, 0.000197052126168, 0.000124242316815, 0.000142230288475, 0.000133587906021, 9.49419627432e-05, 9.59842218435e-05, 0.000106721425254, 3.34861979354e-05, 7.483774489e-09],
        "dmean2": [6.70202498441e-05, 0.00447165500373, 0.00364115298726, 0.00211468338966, 0.00203114910983, 0.00128105550539, 0.00122262397781, 0.0017371638678, 0.00248082401231, 0.00241164094768, 0.00124332273845, 0.00114166026469, 0.000909294118173, 0.000687117513735, 0.000535664556082, 0.000301814638078, 0.000342976651154, 0.000490417063702, 0.000330773036694, 0.000210214580875, 0.000240488923737, 0.000221391106606, 0.000149055020302, 0.000152077540406, 0.000157888061949, 4.80923918076e-05, 1.36086892866e-08],
        "dvar": [8.17342371562e-09, 3.31152332365e-05, 2.71728149528e-05, 1.01017567431e-05, 5.93510003455e-06, 1.96620385395e-06, 1.91015487871e-06, 4.72653709949e-06, 1.27770308609e-05, 1.39931917147e-05, 5.45788361705e-06, 3.78158688363e-06, 1.75714239958e-06, 1.29499687773e-06, 1.02812964542e-06, 1.42088509847e-07, 1.63949621879e-07, 4.43748831458e-07, 1.44672299029e-07, 5.52194983072e-08, 9.36251183248e-08, 1.12989312129e-07, 9.24426544202e-08, 8.75387655697e-08, 9.33906960654e-08, 8.44711944836e-09, 5.04374365827e-15],
        "dvar2": [2.13031672303e-08, 6.33980089333e-05, 6.49858848192e-05, 2.88350602204e-05, 1.60341060109e-05, 4.83150188302e-06, 4.64440836367e-06, 1.14922358989e-05, 3.04720415443e-05, 3.49946931237e-05, 1.41969612741e-05, 8.19539673103e-06, 4.05872378906e-06, 2.93161178888e-06, 2.39850805883e-06, 3.50319567133e-07, 3.90552116869e-07, 9.92544073597e-07, 3.60109424946e-07, 1.50799948528e-07, 2.52629718034e-07, 2.79831283478e-07, 2.26973114081e-07, 2.04288554073e-07, 2.19057540107e-07, 1.88915070254e-08, 1.44785527019e-14],
        "max": [0.00227215886116, 0.0516922324896, 0.0466201417148, 0.0377209298313, 0.0359460823238, 0.0210172496736, 0.0232100654393, 0.0414008162916, 0.0930677577853, 0.0618869252503, 0.047317110002, 0.0485837832093, 0.0344852916896, 0.0363931916654, 0.0371796712279, 0.00826976262033, 0.00972595345229, 0.017770672217, 0.0104544432834, 0.00410473160446, 0.0054707787931, 0.01088547986, 0.00956832338125, 0.009331619367, 0.00902449246496, 0.00104749121238, 3.01497857436e-06],
        "mean": [4.42458258476e-05, 0.00488273566589, 0.00264654192142, 0.00137295282912, 0.00175400963053, 0.00144129549153, 0.00120432348922, 0.00201103813015, 0.003105139127, 0.00256165699102, 0.00132177188061, 0.00127941078972, 0.00104722741526, 0.000783253053669, 0.000625832763035, 0.00036111465306, 0.000415461952798, 0.000623190775514, 0.000362145452527, 0.000229829558521, 0.000229975354159, 0.000245549046667, 0.000184133983566, 0.000183363867109, 0.000192643710761, 3.40563346981e-05, 4.95930629896e-09],
        "median": [1.33657067636e-05, 0.00167507899459, 0.000877292070072, 0.000477236520965, 0.00093528139405, 0.000855544116348, 0.000571389973629, 0.000543079106137, 0.000553473597392, 0.000471395091154, 0.000305078399833, 0.000403834797908, 0.000298138067592, 0.000210841972148, 0.000202371535124, 0.00016872343258, 0.00021579512395, 0.00027247867547, 0.000210427620914, 0.000158609531354, 0.000127439008793, 0.000152547057951, 0.000107349253085, 9.30063979467e-05, 6.5538653871e-05, 3.32068964326e-07, 4.05959155181e-10],
        "min": [5.07088171523e-26, 6.3876246724e-25, 7.34648017232e-25, 8.70726819205e-25, 5.80599535761e-24, 3.01726437814e-24, 2.75900748942e-24, 6.48723394169e-24, 1.11354903295e-23, 1.00401198861e-23, 8.6910162769e-24, 2.3387739488e-23, 2.54382682375e-23, 2.87654878982e-23, 3.42609296222e-23, 4.18785996634e-23, 3.78346209842e-23, 6.99567215004e-23, 1.01246428611e-22, 1.33148386448e-22, 2.42759612108e-22, 2.57899253896e-22, 3.12073045939e-22, 5.74364652112e-22, 8.46595072654e-22, 1.18523894812e-21, 1.84447948005e-21],
        "var": [1.11834586036e-08, 6.3417632191e-05, 2.67123141384e-05, 7.86533018982e-06, 6.78769947626e-06, 3.63050685337e-06, 3.73891498384e-06, 1.54108292918e-05, 4.69217338832e-05, 3.55359698005e-05, 1.50066280185e-05, 1.01124433058e-05, 5.55414953851e-06, 3.88438957089e-06, 3.75652280127e-06, 4.58263372138e-07, 4.76889908896e-07, 1.08687675038e-06, 3.07807113131e-07, 7.65782246503e-08, 1.09551145044e-07, 1.71570732732e-07, 1.27528210214e-07, 1.56734515144e-07, 2.23263754151e-07, 1.01788053541e-08, 2.989215058e-15]
    },
    "erbbands": {
        "dmean": [0.0642585083842, 0.759509384632, 2.24020528793, 3.56943082809, 3.90037441254, 4.39179134369, 4.35146808624, 7.28704214096, 10.4870252609, 14.0708694458, 25.2873973846, 35.299785614, 44.147315979, 32.0470657349, 32.0138244629, 26.7769126892, 26.2188682556, 23.2548427582, 17.1552429199, 11.8687915802, 8.29681015015, 10.3474912643, 16.7576293945, 11.8784418106, 7.23360300064, 5.91457891464, 5.41066932678, 6.23398113251, 4.99188137054, 3.82411360741, 2.61801362038, 2.08640384674, 1.64670956135, 1.44346928596, 0.591824948788, 0.222742661834, 0.0502397753298, 0.00102553889155, 4.32101223851e-05, 1.27820267153e-05],
        "dmean2": [0.0890122056007, 1.18661463261, 3.69334125519, 6.16130542755, 6.81340646744, 7.30686855316, 6.93420028687, 11.8692979813, 16.9114341736, 22.4484443665, 40.6589431763, 55.7977218628, 70.4785995483, 53.0255813599, 52.3833885193, 43.3285827637, 42.1745910645, 36.3363265991, 28.0803070068, 18.6229858398, 13.7105550766, 16.7089176178, 26.2769527435, 19.5612449646, 12.0135726929, 9.97895145416, 9.11779212952, 10.7196102142, 8.33686351776, 6.04113912582, 4.14537143707, 3.36004185677, 2.55610513687, 2.19976210594, 0.871070504189, 0.317976027727, 0.0732545778155, 0.00147617713083, 6.25242973911e-05, 1.98981488211e-05],
        "dvar": [0.0159392524511, 2.18347501755, 27.2008953094, 85.4592971802, 84.4619445801, 77.6722564697, 66.9638442993, 193.903213501, 398.741241455, 831.284423828, 2952.44775391, 7864.13574219, 11820.7128906, 7794.00830078, 11158.4873047, 3852.11328125, 3823.29101562, 3572.76464844, 1833.31872559, 1041.53308105, 202.549682617, 439.820983887, 1509.99597168, 535.006774902, 172.860702515, 125.183540344, 121.99054718, 197.225860596, 155.380340576, 122.207687378, 73.2567520142, 38.2812080383, 26.9774265289, 20.5866279602, 2.53745269775, 0.335214406252, 0.0216869357973, 8.43343696033e-06, 1.1169541736e-08, 2.55172799557e-10],
        "dvar2": [0.0256181489676, 4.55499219894, 67.6780548096, 236.419586182, 233.401977539, 206.238113403, 159.584960938, 485.677185059, 962.14831543, 2032.55725098, 7302.70605469, 18372.0449219, 30041.171875, 21726.1738281, 28874.3476562, 9074.67871094, 8751.71972656, 7649.80273438, 4230.50048828, 2299.52490234, 475.908477783, 1033.33227539, 3497.21533203, 1344.72302246, 437.675872803, 335.391662598, 329.885986328, 535.323303223, 390.851806641, 289.696868896, 184.565887451, 89.3770828247, 64.0551605225, 48.8492698669, 5.94632339478, 0.750792443752, 0.0487656407058, 1.85942535609e-05, 2.49942786468e-08, 5.89090887182e-10],
        "max": [1.21750378609, 13.0574893951, 46.2296409607, 98.6903610229, 112.785667419, 147.747848511, 181.372161865, 251.594497681, 422.521881104, 757.147216797, 1132.34973145, 2589.83837891, 2400.3034668, 1772.88574219, 2937.05224609, 2169.92529297, 1499.38562012, 2070.0012207, 1116.7824707, 1152.14038086, 348.846954346, 680.282226562, 1029.8392334, 561.827453613, 327.343841553, 202.460006714, 171.905929565, 315.624572754, 391.945129395, 380.962890625, 256.228057861, 175.930664062, 167.161697388, 131.138183594, 39.7383613586, 9.59997749329, 1.7421104908, 0.0345360524952, 0.00122158171143, 0.000217073538806],
        "mean": [0.100179709494, 1.24970638752, 2.93871068954, 4.35965538025, 4.69782447815, 6.33723783493, 7.89881181717, 12.4636182785, 17.4009819031, 25.9339981079, 49.1366386414, 74.1015090942, 85.5710906982, 57.0735244751, 66.6273269653, 55.5180664062, 52.2121925354, 45.3921928406, 34.7564582825, 24.8895282745, 18.1975135803, 23.4568119049, 33.8759422302, 25.4198856354, 14.5860719681, 11.1897668839, 9.33431720734, 9.42299175262, 8.82556915283, 7.34204912186, 5.0063328743, 3.93615412712, 3.03713417053, 2.69061231613, 0.983914077282, 0.256980538368, 0.0488537661731, 0.00106991664506, 6.5181957325e-05, 4.17222254327e-05],
        "median": [0.03223169595, 0.439835846424, 1.2556604147, 1.70552635193, 2.12922382355, 3.15283370018, 4.67553329468, 7.08162117004, 8.35537528992, 10.1920461655, 15.4109373093, 15.1611537933, 17.9226856232, 17.4585647583, 15.2005615234, 21.7967338562, 19.0032234192, 16.1691017151, 13.1231002808, 10.5629577637, 11.0191650391, 13.2120876312, 15.3786907196, 13.5526752472, 9.79308319092, 7.76140594482, 5.61930179596, 5.1270198822, 5.33343887329, 4.59907245636, 2.85766220093, 2.15756511688, 1.34667062759, 0.927777886391, 0.311435043812, 0.0276286005974, 0.00106853386387, 6.88370637363e-05, 2.85645728582e-05, 3.84868762922e-05],
        "min": [3.04543854537e-23, 1.52808908042e-22, 2.55173344407e-21, 2.95588771174e-21, 9.49941727936e-21, 2.10882281625e-20, 2.3736018763e-20, 3.78665157539e-20, 7.8818143774e-20, 1.43590476404e-19, 1.95468724107e-19, 2.82347297048e-19, 3.91809296579e-19, 6.00624217978e-19, 7.90537700489e-19, 9.8609327856e-19, 1.41351270051e-18, 1.86759080943e-18, 2.27884825959e-18, 2.41770686222e-18, 3.06557891301e-18, 3.03786112466e-18, 3.36860536348e-18, 5.11588461397e-18, 5.80584423471e-18, 6.41442706755e-18, 9.34217204791e-18, 9.67216830866e-18, 9.66635240178e-18, 1.08496772814e-17, 8.64181890278e-18, 9.87977906188e-18, 9.02139636945e-18, 8.13699553802e-18, 6.13575240073e-18, 3.66800628132e-18, 2.17422418097e-18, 8.88896558056e-19, 2.36645232163e-19, 2.57063581354e-20],
        "var": [0.0318038575351, 4.0014538765, 27.3580951691, 67.9981994629, 69.3481140137, 103.762641907, 131.405090332, 322.018615723, 724.674499512, 2329.63208008, 10217.1728516, 30011.0488281, 37721.109375, 17389.7070312, 41153.0820312, 15011.0214844, 11820.1113281, 11015.2617188, 6349.27587891, 3645.34277344, 638.856811523, 1412.32678223, 3369.74389648, 1577.02270508, 364.018157959, 181.505645752, 147.97744751, 218.332244873, 224.670883179, 185.333618164, 97.6345214844, 65.9118499756, 49.454864502, 50.8812408447, 5.04675531387, 0.443037301302, 0.0240312740207, 9.89588716038e-06, 1.45238843174e-08, 7.62100715868e-10]
    },
    "gfcc": {
        "mean": [-23.5924358368, 88.8558502197, -133.880172729, 37.5581321716, -71.0417785645, 26.4187297821, -38.7254676819, 14.3217144012, -21.3838195801, -2.12803411484, -7.37157821655, -7.535820961, -4.81725120544],
        "cov": [[47909.5859375, 3093.12426758, -4601.37060547, 1922.15405273, -2742.49853516, 1485.73901367, -1464.68151855, 924.515625, -935.520935059, 36.6493110657, -529.937316895, -224.200012207, -377.051727295], [3093.12426758, 1550.77746582, -445.003112793, 85.9940567017, -23.6402988434, 33.4503326416, 128.679351807, -16.1456890106, 129.181427002, -117.229431152, 220.385421753, -105.882148743, 85.7355880737], [-4601.37060547, -445.003112793, 1462.87658691, 36.2526092529, 435.220397949, -48.7147331238, 92.3585891724, 15.528014183, 38.1664047241, 167.049072266, -53.1970291138, 116.792488098, -47.9904212952], [1922.15405273, 85.9940567017, 36.2526092529, 560.570495605, -20.4049034119, 165.03086853, -25.8276004791, 35.0081787109, 36.5069999695, -6.73339748383, 17.3064651489, -63.5970916748, 61.679473877], [-2742.49853516, -23.6402988434, 435.220397949, -20.4049034119, 402.995513916, 9.22817707062, 183.28314209, 22.6448669434, 103.073852539, 32.0323486328, 34.206237793, 34.1938858032, 13.0277223587], [1485.73901367, 33.4503326416, -48.7147331238, 165.03086853, 9.22817707062, 243.961898804, 81.2781906128, 85.6114654541, -0.470209687948, 5.33791780472, -18.5868339539, -6.54972076416, 9.28296661377], [-1464.68151855, 128.679351807, 92.3585891724, -25.8276004791, 183.28314209, 81.2781906128, 319.05670166, 27.0873794556, 109.104438782, -32.2956695557, 67.7221221924, 8.1964302063, 34.2560997009], [924.515625, -16.1456890106, 15.528014183, 35.0081787109, 22.6448669434, 85.6114654541, 27.0873794556, 172.032089233, 31.9574604034, 47.8121643066, -37.6597099304, 8.62441444397, -30.1055259705], [-935.520935059, 129.181427002, 38.1664047241, 36.5069999695, 103.073852539, -0.470209687948, 109.104438782, 31.9574604034, 174.936599731, 8.58474254608, 60.415813446, -43.5475997925, 42.6277923584], [36.6493110657, -117.229431152, 167.049072266, -6.73339748383, 32.0323486328, 5.33791780472, -32.2956695557, 47.8121643066, 8.58474254608, 132.015304565, -10.0503864288, 48.5551948547, -40.0159683228], [-529.937316895, 220.385421753, -53.1970291138, 17.3064651489, 34.206237793, -18.5868339539, 67.7221221924, -37.6597099304, 60.415813446, -10.0503864288, 168.077545166, 7.34121370316, 45.4051132202], [-224.200012207, -105.882148743, 116.792488098, -63.5970916748, 34.1938858032, -6.54972076416, 8.1964302063, 8.62441444397, -43.5475997925, 48.5551948547, 7.34121370316, 131.478942871, -10.8226308823], [-377.051727295, 85.7355880737, -47.9904212952, 61.679473877, 13.0277223587, 9.28296661377, 34.2560997009, -30.1055259705, 42.6277923584, -40.0159683228, 45.4051132202, -10.8226308823, 121.734573364]],
        "icov": [[0.000413674599258, -0.00105596915819, 0.000782792107202, -0.00110346660949, 0.00130765780341, -0.00133526907302, 0.000884243752807, -0.00120178773068, 0.00101014436223, -0.00097191700479, 0.00135590031277, -0.00105392036494, 0.00103588867933], [-0.00105596915819, 0.00363605306484, -0.00182301469613, 0.00278736860491, -0.00337955728173, 0.00334814283997, -0.00229983543977, 0.00281745148823, -0.00273142638616, 0.00295872311108, -0.00462762406096, 0.00314834481105, -0.00257717515342], [0.000782792107202, -0.00182301469613, 0.00291262473911, -0.00262767961249, 0.000992475776002, -0.00181041809265, 0.00137325190008, -0.0019078127807, 0.00230454653502, -0.0031971805729, 0.00318228104152, -0.0023605809547, 0.0021069215145], [-0.00110346660949, 0.00278736860491, -0.00262767961249, 0.00597270112485, -0.00320274499245, 0.000859643972944, -0.000846052309498, 0.00330589152873, -0.00350268976763, 0.00300557492301, -0.0044353841804, 0.00395529298112, -0.00388965895399], [0.00130765780341, -0.00337955728173, 0.000992475776002, -0.00320274499245, 0.00962744746357, -0.004275303334, 0.000844959227834, -0.00386745412834, 0.00131346925627, -0.00263671227731, 0.00421432126313, -0.00399388885126, 0.00329229352064], [-0.00133526907302, 0.00334814283997, -0.00181041809265, 0.000859643972944, -0.004275303334, 0.013068780303, -0.00677704531699, 0.00052650028374, 0.000388999964343, 0.00126254279166, -0.00317325466312, 0.0040784352459, -0.0043198778294], [0.000884243752807, -0.00229983543977, 0.00137325190008, -0.000846052309498, 0.000844959227834, -0.00677704531699, 0.00945633091033, -0.00227000727318, -0.00196548411623, 0.00176732754335, 0.0012766176369, -0.00410255603492, 0.00296084303409], [-0.00120178773068, 0.00281745148823, -0.0019078127807, 0.00330589152873, -0.00386745412834, 0.00052650028374, -0.00227000727318, 0.0132460352033, -0.00658495817333, 0.000554276513867, -0.00114520266652, 0.00143021123949, -0.000803045870271], [0.00101014436223, -0.00273142638616, 0.00230454653502, -0.00350268976763, 0.00131346925627, 0.000388999964343, -0.00196548411623, -0.00658495817333, 0.0164338462055, -0.00715866545215, 0.000873026496265, 0.00392049411312, -0.00159484962933], [-0.00097191700479, 0.00295872311108, -0.0031971805729, 0.00300557492301, -0.00263671227731, 0.00126254279166, 0.00176732754335, 0.000554276513867, -0.00715866545215, 0.0170559640974, -0.004917495884, -0.00263716117479, 0.00166128238197], [0.00135590031277, -0.00462762406096, 0.00318228104152, -0.0044353841804, 0.00421432126313, -0.00317325466312, 0.0012766176369, -0.00114520266652, 0.000873026496265, -0.004917495884, 0.0148758282885, -0.0061989845708, 0.00208742334507], [-0.00105392036494, 0.00314834481105, -0.0023605809547, 0.00395529298112, -0.00399388885126, 0.0040784352459, -0.00410255603492, 0.00143021123949, 0.00392049411312, -0.00263716117479, -0.0061989845708, 0.0159400366247, -0.00530218379572], [0.00103588867933, -0.00257717515342, 0.0021069215145, -0.00388965895399, 0.00329229352064, -0.0043198778294, 0.00296084303409, -0.000803045870271, -0.00159484962933, 0.00166128238197, 0.00208742334507, -0.00530218379572, 0.0148394163698]]
    },
    "melbands": {
        "dmean": [0.000732335494831, 0.00105606776197, 0.000615584896877, 0.000293843098916, 0.000152433596668, 0.000162511249073, 0.000159059723956, 0.000166821773746, 0.000216549844481, 0.000234348262893, 0.00022543684463, 0.000140518168337, 9.50702451519e-05, 8.70330695761e-05, 6.4108215156e-05, 5.70434895053e-05, 4.65445664304e-05, 2.94820183626e-05, 2.44256189035e-05, 1.45243184306e-05, 1.01127807284e-05, 1.1233877558e-05, 1.65744368132e-05, 1.47996343003e-05, 1.07017622213e-05, 7.02160423316e-06, 4.08172763855e-06, 4.3691643441e-06, 3.53467999048e-06, 3.48890853274e-06, 3.8622770262e-06, 3.25713222082e-06, 2.38386041929e-06, 2.16937178266e-06, 1.66091638221e-06, 1.36306221066e-06, 1.30630951389e-06, 1.16003832318e-06, 1.26893030483e-06, 1.30299667944e-06],
        "dmean2": [0.00101743126288, 0.00171659211628, 0.00106093368959, 0.000499522779137, 0.000243916554609, 0.000264002737822, 0.000255983439274, 0.000263372261543, 0.000348363246303, 0.000371061119949, 0.000357344804797, 0.000231491954764, 0.000156632406288, 0.000136964430567, 0.00010448336252, 9.05553315533e-05, 7.27833539713e-05, 4.80795861222e-05, 3.886214472e-05, 2.34652907238e-05, 1.66348618222e-05, 1.81474533747e-05, 2.63527217612e-05, 2.31351314142e-05, 1.77202655323e-05, 1.17564968605e-05, 6.77084108247e-06, 7.43934060665e-06, 6.00444718657e-06, 5.87780550632e-06, 6.7162141022e-06, 5.52636265638e-06, 3.83645556212e-06, 3.44041745848e-06, 2.68017197413e-06, 2.18917807615e-06, 2.11686392504e-06, 1.83587690117e-06, 1.98448196898e-06, 2.00927206606e-06],
        "dvar": [1.98010411623e-06, 4.51982623417e-06, 2.49054482993e-06, 3.89055742289e-07, 7.33147871301e-08, 9.05999826273e-08, 8.74647483329e-08, 1.19520123576e-07, 2.25462699177e-07, 3.49641510411e-07, 3.09275435484e-07, 1.58464217748e-07, 9.30508647912e-08, 5.17744283002e-08, 1.76443180067e-08, 2.12177564407e-08, 1.58958712859e-08, 5.27090682212e-09, 8.4281897017e-09, 1.13329334805e-09, 3.1069799511e-10, 6.0494853571e-10, 1.29493737955e-09, 1.21927878904e-09, 4.79982942281e-10, 2.04310804386e-10, 5.91244136983e-11, 6.8149708099e-11, 4.78799534742e-11, 5.11943855364e-11, 7.41468900167e-11, 6.11296360753e-11, 4.4409247113e-11, 3.91452495418e-11, 2.92529125923e-11, 1.6990795923e-11, 1.48176956816e-11, 1.51203459475e-11, 1.47909583886e-11, 1.73481663063e-11],
        "dvar2": [3.34369769917e-06, 1.14787371785e-05, 6.85181112203e-06, 1.0539484947e-06, 1.7855279566e-07, 2.24899565637e-07, 2.10564763847e-07, 2.94337013429e-07, 5.69309406728e-07, 8.14192787857e-07, 7.75742648784e-07, 4.34187541032e-07, 2.47772732109e-07, 1.07731104038e-07, 4.1494484293e-08, 4.76496353485e-08, 3.47549189428e-08, 1.20081544708e-08, 1.9847316679e-08, 2.67007993493e-09, 6.87358003848e-10, 1.36157907171e-09, 3.0124551742e-09, 2.67601540926e-09, 1.23062338098e-09, 4.7018772209e-10, 1.59236901442e-10, 1.83438500501e-10, 1.29694838202e-10, 1.35955038894e-10, 2.02370981084e-10, 1.57841725801e-10, 1.09533805637e-10, 9.32367377748e-11, 7.57409551744e-11, 4.05436691164e-11, 3.50469930854e-11, 3.66393096418e-11, 3.44388129125e-11, 4.25757241962e-11],
        "max": [0.0137644419447, 0.0201862938702, 0.0177704542875, 0.00932048726827, 0.00514438375831, 0.0049169654958, 0.00575147522613, 0.00816184934229, 0.0107468022034, 0.0178349390626, 0.011950392276, 0.00817909650505, 0.00725153787062, 0.00677165668458, 0.00451497035101, 0.00478975242004, 0.00473648356274, 0.00188711856026, 0.00390429538675, 0.00076500227442, 0.000491238082759, 0.000845145841595, 0.000983254401945, 0.00133070908487, 0.000532648060471, 0.000528178934474, 0.00022157940839, 0.000154985056724, 0.00011483306298, 0.000145002617501, 0.000199466230697, 0.000214653395233, 0.000246828392847, 0.000198606940103, 0.000174824497662, 0.000109421693196, 0.000129165768158, 0.000130238870042, 0.000113206951937, 0.000147253842442],
        "mean": [0.0011914136121, 0.00164571066853, 0.000766216020565, 0.000397311116103, 0.000277407525573, 0.000282939930912, 0.000265217735432, 0.000306072819512, 0.000405026919907, 0.000482128292788, 0.000421401520725, 0.000232135833357, 0.000190024962649, 0.000170117651578, 0.000121250537632, 0.000103924299765, 8.31192155601e-05, 5.23922717548e-05, 4.62561511085e-05, 2.92206368613e-05, 1.89924739971e-05, 2.25766816584e-05, 3.17298035952e-05, 2.79291471088e-05, 2.01700822799e-05, 1.22177607409e-05, 7.61205228628e-06, 7.47829290049e-06, 5.83498649576e-06, 5.35721392225e-06, 5.48555044588e-06, 5.14307248523e-06, 4.44979150416e-06, 3.89404749512e-06, 2.96997632176e-06, 2.47551884058e-06, 2.32369347941e-06, 2.03335525839e-06, 2.21974505621e-06, 2.35003858506e-06],
        "median": [0.000408469029935, 0.000767125980929, 0.000328312220518, 0.000197356246645, 0.000171689418494, 0.000162825788721, 0.000125891529024, 0.000106440733362, 0.000117885509098, 8.20601999294e-05, 7.96713502496e-05, 5.56182712899e-05, 4.08253908972e-05, 4.71973980893e-05, 4.41793417849e-05, 2.9117170925e-05, 2.23274528253e-05, 1.83895408554e-05, 1.41882737807e-05, 1.16186638479e-05, 1.14641643449e-05, 1.14178255899e-05, 1.36586750159e-05, 1.21017856145e-05, 9.43748909776e-06, 6.97363793734e-06, 5.39604752703e-06, 4.60461978946e-06, 3.45822172676e-06, 2.95453378385e-06, 2.81501661448e-06, 2.87301963908e-06, 2.70400187219e-06, 2.28276553571e-06, 1.62324408848e-06, 1.33912840283e-06, 1.23882546177e-06, 9.10511062102e-07, 8.24070525596e-07, 7.61421063089e-07],
        "min": [2.58097316951e-25, 1.28387644806e-24, 5.85470377142e-25, 1.16733782931e-24, 9.3880699444e-25, 8.93998807555e-25, 1.06375368714e-24, 1.26784778054e-24, 1.6512123882e-24, 2.04228061702e-24, 1.25874974911e-24, 2.20542730741e-24, 1.89007246916e-24, 2.37639101773e-24, 2.55394467483e-24, 2.54851672016e-24, 2.27148868898e-24, 2.64213991568e-24, 2.05630281683e-24, 2.95366029829e-24, 2.93142743697e-24, 2.51730425515e-24, 2.24121772947e-24, 3.10861466818e-24, 3.46521352115e-24, 3.84860938741e-24, 3.39346425523e-24, 3.54974706689e-24, 5.08673604449e-24, 3.92980407938e-24, 4.1824553225e-24, 4.53467974453e-24, 4.62432155907e-24, 5.47611975946e-24, 4.50647599502e-24, 5.74645608079e-24, 4.86627348174e-24, 5.14013601132e-24, 6.06779896496e-24, 6.27475149585e-24],
        "var": [4.07523066315e-06, 6.0565930653e-06, 1.95946586246e-06, 4.14141453575e-07, 1.35845226623e-07, 1.56662181894e-07, 1.67091400272e-07, 3.42346510251e-07, 7.70403687511e-07, 1.35131494972e-06, 9.68388008005e-07, 3.51752362349e-07, 3.3785352116e-07, 1.78774328674e-07, 5.93252913461e-08, 6.25532692311e-08, 4.87106355251e-08, 1.50788412867e-08, 3.08543484095e-08, 4.06315781021e-09, 8.88701834345e-10, 1.91679716544e-09, 3.22921334117e-09, 2.55771803737e-09, 1.22154586446e-09, 4.26185836622e-10, 8.20842144256e-11, 1.00926253466e-10, 5.91969112618e-11, 6.20906867588e-11, 8.05914709967e-11, 8.03811114891e-11, 6.69091101968e-11, 5.64023480698e-11, 3.52629453415e-11, 2.74104072773e-11, 2.48282176069e-11, 2.47340082443e-11, 3.15491660574e-11, 4.31045511784e-11]
    },
    "mfcc": {
        "mean": [-630.89831543, 102.949295044, -2.36551690102, 10.7446365356, -0.609785914421, 2.29310250282, 1.86978638172, 6.21982812881, -1.09339225292, 0.622571647167, 3.82605481148, 0.86327701807, -1.97614240646],
        "cov": [[12315.625, 1254.63793945, 460.651672363, 354.757141113, 135.499359131, 199.752319336, 246.021224976, 363.410491943, 174.162918091, 108.436225891, 266.085998535, -40.0187721252, -174.079071045], [1254.63793945, 1558.96875, -121.616889954, 47.0072288513, -29.2284603119, -1.64247119427, 48.9587440491, 98.924697876, -52.7144699097, 35.3662414551, 57.1601982117, 101.972801208, 42.6214790344], [460.651672363, -121.616889954, 596.325744629, 183.903579712, 163.674697876, 68.2997970581, 31.9944610596, -47.4403686523, 40.4237098694, -3.04386949539, 19.0969562531, 3.45400691032, 2.27648091316], [354.757141113, 47.0072288513, 183.903579712, 273.443756104, 126.085533142, 81.5696640015, 27.0543613434, 7.71474504471, 35.7659111023, 23.0130882263, 23.9842624664, 17.4897480011, 12.2496080399], [135.499359131, -29.2284603119, 163.674697876, 126.085533142, 224.528640747, 34.6000671387, 21.4088916779, -18.3354358673, 44.4313392639, 20.4866123199, 29.7816562653, 0.677434146404, 3.28202819824], [199.752319336, -1.64247119427, 68.2997970581, 81.5696640015, 34.6000671387, 176.314956665, 82.6304397583, 65.4718093872, 40.9352378845, 29.5308475494, 13.8361358643, 7.44596147537, 4.73178291321], [246.021224976, 48.9587440491, 31.9944610596, 27.0543613434, 21.4088916779, 82.6304397583, 147.071899414, 92.4016113281, 35.7611198425, 17.0052242279, 34.1025428772, 10.9424142838, 3.44156765938], [363.410491943, 98.924697876, -47.4403686523, 7.71474504471, -18.3354358673, 65.4718093872, 92.4016113281, 172.500427246, 59.8095817566, 42.9770202637, 50.4727783203, 8.22287559509, -16.4613075256], [174.162918091, -52.7144699097, 40.4237098694, 35.7659111023, 44.4313392639, 40.9352378845, 35.7611198425, 59.8095817566, 140.115264893, 67.4486694336, 31.4625377655, -3.52374100685, -16.8129787445], [108.436225891, 35.3662414551, -3.04386949539, 23.0130882263, 20.4866123199, 29.5308475494, 17.0052242279, 42.9770202637, 67.4486694336, 105.253196716, 57.6305046082, 9.20077610016, -18.5129299164], [266.085998535, 57.1601982117, 19.0969562531, 23.9842624664, 29.7816562653, 13.8361358643, 34.1025428772, 50.4727783203, 31.4625377655, 57.6305046082, 137.536819458, 42.5958633423, -18.8716373444], [-40.0187721252, 101.972801208, 3.45400691032, 17.4897480011, 0.677434146404, 7.44596147537, 10.9424142838, 8.22287559509, -3.52374100685, 9.20077610016, 42.5958633423, 96.82081604, 54.1209144592], [-174.079071045, 42.6214790344, 2.27648091316, 12.2496080399, 3.28202819824, 4.73178291321, 3.44156765938, -16.4613075256, -16.8129787445, -18.5129299164, -18.8716373444, 54.1209144592, 120.222846985]],
