{
"lowlevel": {
    "average_loudness": 0.944088757038,
    "barkbands_crest": {
        "dmean": 2.30703783035,
        "dmean2": 3.86444664001,
        "dvar": 4.52969121933,
        "dvar2": 12.3510694504,
        "max": 26.7118988037,
        "mean": 9.70699882507,
        "median": 9.19546794891,
        "min": 2.84680128098,
        "var": 10.3020172119
    },
    "barkbands_flatness_db": {
        "dmean": 0.0196877084672,
        "dmean2": 0.0315209999681,
        "dvar": 0.000334636395564,
        "dvar2": 0.000870628457051,
        "max": 0.417838692665,
        "mean": 0.153762251139,
        "median": 0.149300605059,
        "min": 0.0521138571203,
        "var": 0.00130785140209
    },
    "barkbands_kurtosis": {
        "dmean": 2.73606681824,
        "dmean2": 4.40958690643,
        "dvar": 18.407661438,
        "dvar2": 46.8538398743,
        "max": 161.793548584,
        "mean": 4.68900299072,
        "median": 2.89308166504,
        "min": -1.84934735298,
        "var": 35.1129150391
    },
    "barkbands_skewness": {
        "dmean": 0.498454064131,
        "dmean2": 0.785090446472,
        "dvar": 0.266559839249,
        "dvar2": 0.647711038589,
        "max": 12.7018842697,
        "mean": 1.7869874239,
        "median": 1.66346490383,
        "min": -4.49956226349,
        "var": 1.12623691559
    },
    "barkbands_spread": {
        "dmean": 4.24414014816,
        "dmean2": 6.41979503632,
        "dvar": 26.7515411377,
        "dvar2": 50.8827972412,
        "max": 124.024581909,
        "mean": 17.2208843231,
        "median": 15.6176748276,
        "min": 2.048787117,
        "var": 92.2238616943
    },
    "dissonance": {
        "dmean": 0.0184051282704,
        "dmean2": 0.0311892777681,
        "dvar": 0.000391838897485,
        "dvar2": 0.00109026627615,
        "max": 0.499999910593,
        "mean": 0.464966446161,
        "median": 0.470966517925,
        "min": 0.00146123615559,
        "var": 0.000652569986414
    },
    "dynamic_complexity": 2.30448579788,
    "erbbands_crest": {
        "dmean": 2.62199759483,
        "dmean2": 4.18460607529,
        "dvar": 6.3935842514,
        "dvar2": 15.5905189514,
        "max": 28.7545871735,
        "mean": 9.40727329254,
        "median": 7.92716741562,
        "min": 2.51171708107,
        "var": 24.8900661469
    },
    "erbbands_flatness_db": {
        "dmean": 0.0144075499848,
        "dmean2": 0.0211329497397,
        "dvar": 0.000186370947631,
        "dvar2": 0.000406622333685,
        "max": 0.37066167593,
        "mean": 0.167008921504,
        "median": 0.154079854488,
        "min": 0.0752575621009,
        "var": 0.00238535762765
    },
    "erbbands_kurtosis": {
        "dmean": 0.802977085114,
        "dmean2": 1.27312493324,
        "dvar": 1.37291991711,
        "dvar2": 3.56692147255,
        "max": 19.3759708405,
        "mean": 0.4420401752,
        "median": -0.264237642288,
        "min": -1.76108574867,
        "var": 3.97355461121
    },
    "erbbands_skewness": {
        "dmean": 0.30892893672,
        "dmean2": 0.476366639137,
        "dvar": 0.0845418423414,
        "dvar2": 0.203677043319,
        "max": 3.41635704041,
        "mean": 0.465049475431,
        "median": 0.429442226887,
        "min": -3.88475108147,
        "var": 0.405173718929
    },
    "erbbands_spread": {
        "dmean": 6.74029254913,
        "dmean2": 10.0119552612,
        "dvar": 44.7402229309,
        "dvar2": 90.2615661621,
        "max": 132.866165161,
        "mean": 39.7442817688,
        "median": 38.4989471436,
        "min": 4.92312049866,
        "var": 362.711395264
    },
    "hfc": {
        "dmean": 5.05712461472,
        "dmean2": 7.58318805695,
        "dvar": 52.7235183716,
        "dvar2": 103.304130554,
        "max": 177.340835571,
        "mean": 21.0402774811,
        "median": 17.9295730591,
        "min": 1.11227072678e-16,
        "var": 209.966384888
    },
    "melbands_crest": {
        "dmean": 3.11558008194,
        "dmean2": 5.21623325348,
        "dvar": 8.72837734222,
        "dvar2": 24.5759296417,
        "max": 39.8100128174,
        "mean": 14.1547117233,
        "median": 13.2449846268,
        "min": 1.66003978252,
        "var": 25.7474040985
    },
    "melbands_flatness_db": {
        "dmean": 0.0230718813837,
        "dmean2": 0.0361305885017,
        "dvar": 0.000493924017064,
        "dvar2": 0.0012226246763,
        "max": 0.396010994911,
        "mean": 0.198594033718,
        "median": 0.197476252913,
        "min": 0.00352530763485,
        "var": 0.00179977249354
    },
    "melbands_kurtosis": {
        "dmean": 6.70217561722,
        "dmean2": 10.8550777435,
        "dvar": 117.916282654,
        "dvar2": 301.713256836,
        "max": 291.460449219,
        "mean": 14.5951910019,
        "median": 9.20493984222,
        "min": -1.8504345417,
        "var": 282.573852539
    },
    "melbands_skewness": {
        "dmean": 0.687131226063,
        "dmean2": 1.08349382877,
        "dvar": 0.533977329731,
        "dvar2": 1.30682051182,
        "max": 16.7437038422,
        "mean": 2.84326601028,
        "median": 2.62493944168,
        "min": -2.05430006981,
        "var": 2.79032897949
    },
    "melbands_spread": {
        "dmean": 4.85820293427,
        "dmean2": 7.58651208878,
        "dvar": 45.5548439026,
        "dvar2": 106.060935974,
        "max": 192.584365845,
        "mean": 17.7608356476,
        "median": 15.9389190674,
        "min": 1.79702353477,
        "var": 143.082931519
    },
    "pitch_salience": {
        "dmean": 0.0677238479257,
        "dmean2": 0.11324018985,
        "dvar": 0.00411215098575,
        "dvar2": 0.0114538231865,
        "max": 0.994232058525,
        "mean": 0.548478960991,
        "median": 0.549630761147,
        "min": 0.0112307444215,
        "var": 0.011377485469
    },
    "silence_rate_20dB": {
        "dmean": 0,
        "dmean2": 0,
        "dvar": 0,
        "dvar2": 0,
        "max": 1,
        "mean": 1,
        "median": 1,
        "min": 1,
        "var": 0
    },
    "silence_rate_30dB": {
        "dmean": 0.00394632993266,
        "dmean2": 0.00789369828999,
        "dvar": 0.00393048394471,
        "dvar2": 0.0104615334421,
        "max": 1,
        "mean": 0.996974885464,
        "median": 1,
        "min": 0,
        "var": 0.00301630981266
    },
    "silence_rate_60dB": {
        "dmean": 0.00526177324355,
        "dmean2": 0.0105249313638,
        "dvar": 0.00523496652022,
        "dvar2": 0.0117296557873,
        "max": 1,
        "mean": 0.0374852046371,
        "median": 0,
        "min": 0,
        "var": 0.0360788144171
    },
    "spectral_centroid": {
        "dmean": 201.130935669,
        "dmean2": 309.41003418,
        "dvar": 56253.1601562,
        "dvar2": 112116.109375,
        "max": 11216.5693359,
        "mean": 1101.18640137,
        "median": 1005.39160156,
        "min": 319.363098145,
        "var": 319187.40625
    },
    "spectral_complexity": {
        "dmean": 3.24598789215,
        "dmean2": 5.09906578064,
        "dvar": 8.66640663147,
        "dvar2": 19.3868465424,
        "max": 51,
        "mean": 20.1747989655,
        "median": 20,
        "min": 0,
        "var": 54.2719039917
    },
    "spectral_decrease": {
        "dmean": 2.79767742306e-09,
        "dmean2": 4.55644810771e-09,
        "dvar": 1.58692466392e-17,
        "dvar2": 3.96522195343e-17,
        "max": 7.00313146392e-29,
        "mean": -8.71060112928e-09,
        "median": -7.91012588763e-09,
        "min": -4.02225204255e-08,
        "var": 2.90583486845e-17
    },
    "spectral_energy": {
        "dmean": 0.0108729805797,
        "dmean2": 0.0176871009171,
        "dvar": 0.000235056722886,
        "dvar2": 0.000585188041441,
        "max": 0.154732882977,
        "mean": 0.034784309566,
        "median": 0.0317275896668,
        "min": 1.03521726362e-20,
        "var": 0.000446380785434
    },
    "spectral_energyband_high": {
        "dmean": 0.000238831009483,
        "dmean2": 0.00032234415994,
        "dvar": 3.88761208114e-07,
        "dvar2": 6.06344485732e-07,
        "max": 0.0213542468846,
        "mean": 0.000670373847242,
        "median": 0.000427083286922,
        "min": 7.32468109298e-21,
        "var": 1.15723105409e-06
    },
    "spectral_energyband_low": {
        "dmean": 0.00631813006476,
        "dmean2": 0.0107392650098,
        "dvar": 0.000158683586051,
        "dvar2": 0.000421868055128,
        "max": 0.135610982776,
        "mean": 0.0112351356074,
        "median": 0.00847998633981,
        "min": 3.5549335118e-23,
        "var": 0.000165622128407
    },
    "spectral_energyband_middle_high": {
        "dmean": 0.00200825859793,
        "dmean2": 0.00305192312226,
        "dvar": 9.83523568721e-06,
        "dvar2": 2.03407744266e-05,
        "max": 0.0843921527267,
        "mean": 0.00658834027126,
        "median": 0.00411773100495,
        "min": 1.39077293355e-21,
        "var": 5.2833402151e-05
    },
    "spectral_energyband_middle_low": {
        "dmean": 0.00700662005693,
        "dmean2": 0.0115928975865,
        "dvar": 9.64219580055e-05,
        "dvar2": 0.000248885422479,
        "max": 0.1307810992,
        "mean": 0.0192599166185,
        "median": 0.0166982598603,
        "min": 2.52471916112e-22,
        "var": 0.00019705457089
    },
    "spectral_entropy": {
        "dmean": 0.134634405375,
        "dmean2": 0.202464744449,
        "dvar": 0.0155140738934,
        "dvar2": 0.0327507779002,
        "max": 9.81009101868,
        "mean": 7.56404685974,
        "median": 7.57039117813,
        "min": 5.8683924675,
        "var": 0.0797005519271
    },
    "spectral_flux": {
        "dmean": 0.0266117304564,
        "dmean2": 0.0402665734291,
        "dvar": 0.0010629305616,
        "dvar2": 0.00201634643599,
        "max": 0.367460757494,
        "mean": 0.0902156159282,
        "median": 0.0784412920475,
        "min": 6.62382648731e-11,
        "var": 0.00249039940536
    },
    "spectral_kurtosis": {
        "dmean": 1.23834383488,
        "dmean2": 2.11474823952,
        "dvar": 2.21838140488,
        "dvar2": 6.69053316116,
        "max": 36.2341308594,
        "mean": 3.83582758904,
        "median": 3.52930831909,
        "min": -1.23285353184,
        "var": 4.73415184021
    },
    "spectral_rms": {
        "dmean": 0.000844997004606,
        "dmean2": 0.00135112018324,
        "dvar": 1.05671711026e-06,
        "dvar2": 2.50001039603e-06,
        "max": 0.0122865336016,
        "mean": 0.0055208010599,
        "median": 0.00556360930204,
        "min": 3.1779995302e-12,
        "var": 3.45666671819e-06
    },
    "spectral_rolloff": {
        "dmean": 334.974975586,
        "dmean2": 551.999084473,
        "dvar": 487361.09375,
        "dvar2": 974041.8125,
        "max": 18992.2851562,
        "mean": 1110.0291748,
        "median": 904.39453125,
        "min": 21.533203125,
        "var": 1362238.75
    },
    "spectral_skewness": {
        "dmean": 0.174179911613,
        "dmean2": 0.279101729393,
        "dvar": 0.0299073252827,
        "dvar2": 0.0754453763366,
        "max": 3.6098856926,
        "mean": 1.48827064037,
        "median": 1.490863204,
        "min": -0.440376281738,
        "var": 0.116044685245
    },
    "spectral_spread": {
        "dmean": 381128.875,
        "dmean2": 546425.6875,
        "dvar": 450968911872,
        "dvar2": 776415870976,
        "max": 41439204,
        "mean": 4458940,
        "median": 4313012.5,
        "min": 1211408.5,
        "var": 2.43399602995e+12
    },
    "spectral_strongpeak": {
        "dmean": 0.564824938774,
        "dmean2": 0.958169281483,
        "dvar": 0.720168948174,
        "dvar2": 1.81202566624,
        "max": 13.8832817078,
        "mean": 1.1316190958,
        "median": 0.681252121925,
        "min": 0,
        "var": 1.54431223869
    },
    "zerocrossingrate": {
        "dmean": 0.00798039883375,
        "dmean2": 0.00955838989466,
        "dvar": 0.000136544942507,
        "dvar2": 0.000160591385793,
        "max": 0.60205078125,
        "mean": 0.0514047183096,
        "median": 0.04638671875,
        "min": 0,
        "var": 0.000896993034985
    },
    "barkbands": {
        "dmean": [1.76006506081e-05, 0.00287736067548, 0.0031713549979, 0.00297986832447, 0.00310209277086, 0.00189960969146, 0.000590325973462, 0.000721534073818, 0.0013459463371, 0.000970668392256, 0.000611878349446, 0.000451323168818, 0.000445682380814, 0.000203209172469, 0.000203110568691, 0.000260682281805, 0.00021566732903, 0.000150099032908, 0.000123045450891, 7.84973599366e-05, 7.61490664445e-05, 5.39342727279e-05, 4.73049622087e-05, 4.42871823907e-05, 3.34935066348e-05, 7.16977547199e-06, 1.48396561706e-09],
        "dmean2": [3.09355637e-05, 0.00491066835821, 0.00563372112811, 0.00509540876374, 0.00534914620221, 0.00305205723271, 0.000959808996413, 0.00112102204002, 0.00215170742013, 0.00145548058208, 0.000956397445407, 0.000703723810147, 0.000717238755897, 0.000322409818182, 0.000324389227899, 0.000430051761214, 0.000344617903465, 0.000236960520851, 0.000197085217224, 0.000124543134007, 0.000118417890917, 7.98823239165e-05, 6.78803189658e-05, 6.05004133831e-05, 4.47478923888e-05, 1.01895720945e-05, 2.76010503342e-09],
        "dvar": [1.58150392782e-09, 6.2483115471e-05, 4.08702071582e-05, 2.68993007921e-05, 3.43300744134e-05, 9.10068047233e-06, 3.04209447677e-06, 3.97600751967e-06, 1.15071779874e-05, 4.39914128947e-06, 1.74888543825e-06, 1.18247055525e-06, 1.05703782083e-06, 2.94422591196e-07, 2.8141099051e-07, 2.60526064721e-07, 3.28103283209e-07, 1.11808176939e-07, 1.24002056623e-07, 2.25626735073e-08, 1.88368982634e-08, 1.70739511418e-08, 3.6772380696e-08, 3.8607247177e-08, 1.44471652419e-08, 1.92321630843e-10, 7.06657419454e-17],
        "dvar2": [4.33208446893e-09, 0.000161615491379, 0.000117769857752, 7.25551726646e-05, 9.69882239588e-05, 2.0974481231e-05, 7.62682520872e-06, 9.69067968981e-06, 3.0984145269e-05, 9.06338482309e-06, 3.85683279092e-06, 2.56255771092e-06, 2.50563084592e-06, 6.24247718406e-07, 5.63703395073e-07, 7.01414592186e-07, 6.96037545822e-07, 2.51391043093e-07, 2.75588320164e-07, 5.46055822781e-08, 4.14597138843e-08, 3.26362723513e-08, 6.40296136112e-08, 6.71436382049e-08, 2.3990549991e-08, 3.96609384223e-10, 2.11160178613e-16],
        "max": [0.000685679260641, 0.0875333473086, 0.0746167898178, 0.0600438304245, 0.0615992769599, 0.0786650925875, 0.0619337186217, 0.0583631917834, 0.0929133817554, 0.0497403591871, 0.038201123476, 0.0265246666968, 0.0334366410971, 0.0175091009587, 0.0388265475631, 0.0201204847544, 0.0246067624539, 0.009934280999, 0.0166400559247, 0.00449125096202, 0.00368174375035, 0.0045183217153, 0.0102042742074, 0.00769001850858, 0.00318307941779, 0.000407188810641, 5.05181731114e-07],
        "mean": [1.65666970133e-05, 0.00290176458657, 0.00565182184801, 0.00498602446169, 0.00545694213361, 0.00408710958436, 0.000877610291354, 0.00112373917364, 0.00217168335803, 0.00196652719751, 0.00114451919217, 0.000827825104352, 0.000771495630033, 0.000327001907863, 0.000345202162862, 0.000446512247436, 0.000401936355047, 0.000279022962786, 0.000255379389273, 0.000174926928594, 0.000182061761734, 0.000122662793729, 9.71754416241e-05, 8.65907859406e-05, 6.91588138579e-05, 1.29229829327e-05, 1.62938840198e-09],
        "median": [5.6134940678e-06, 0.000712074630428, 0.00374937988818, 0.00307766767219, 0.00340427272022, 0.00191130221356, 0.000323196116369, 0.000408595631598, 0.000742895819712, 0.000432499189628, 0.000410947628552, 0.000329400209012, 0.000324313645251, 0.000153029322973, 0.000193760235561, 0.000288246723358, 0.000222462957026, 0.000166253230418, 0.000176577465027, 0.000116900409921, 0.000123772522784, 7.5742143963e-05, 5.02702387166e-05, 3.39170437655e-05, 2.93850116577e-05, 6.49205958325e-06, 9.0541524278e-10],
        "min": [4.022309459e-24, 8.54845175638e-24, 1.4947697336e-24, 3.95370183164e-24, 1.07707249912e-23, 4.10089089144e-23, 5.70490717134e-24, 2.95274044703e-23, 4.74598031896e-23, 5.08610243141e-23, 5.7262182487e-23, 6.18853617755e-23, 5.14364068366e-23, 2.39539586023e-23, 7.89909459136e-23, 1.32884528252e-22, 1.43907540427e-22, 1.34741683528e-22, 1.83569447258e-22, 2.0749465188e-22, 2.64932005664e-22, 3.7558738024e-22, 5.82445717982e-22, 6.68494514062e-22, 9.03163089099e-22, 1.48891773148e-21, 2.02808368768e-21],
        "var": [1.29933308557e-09, 5.05968018842e-05, 4.59663933725e-05, 3.74956252926e-05, 4.28539569839e-05, 3.85402126994e-05, 3.89022625313e-06, 5.76236152483e-06, 1.77994315891e-05, 1.84267883014e-05, 6.22964898866e-06, 3.21652532875e-06, 2.8124848086e-06, 5.39754068996e-07, 7.25943550606e-07, 3.65940763913e-07, 7.26343557744e-07, 2.17758497456e-07, 1.95474953557e-07, 5.56890391579e-08, 5.39032640745e-08, 4.00712991677e-08, 7.47080761698e-08, 8.46963672529e-08, 3.4851414199e-08, 4.17337941983e-10, 3.69935320053e-17]
    },
    "erbbands": {
        "dmean": [0.0371531024575, 0.810314655304, 3.22411870956, 6.84124994278, 10.0826148987, 10.1785202026, 13.0706481934, 16.8345279694, 7.97537088394, 11.8393278122, 14.7499885559, 35.5449523926, 24.5603713989, 28.4413661957, 27.535785675, 17.6331310272, 20.3928184509, 11.0772266388, 11.1209259033, 9.84535694122, 11.9004678726, 10.3874521255, 9.33787250519, 5.88883209229, 5.53694391251, 3.82443737984, 3.27314710617, 2.76897382736, 1.99303126335, 1.74845564365, 1.25453126431, 0.878831505775, 0.831045091152, 0.508915185928, 0.174654901028, 0.0652781501412, 0.00312084355392, 8.01456408226e-05, 9.45390183915e-06, 1.24902035168e-05],
        "dmean2": [0.060647957027, 1.3938908577, 5.76641941071, 11.7631349564, 17.3009910583, 17.3953018188, 20.9824333191, 26.7950820923, 12.8587360382, 19.0221939087, 22.7238750458, 56.9389228821, 37.3739280701, 42.7673339844, 43.2462310791, 27.2360019684, 32.7002067566, 17.7457904816, 17.7626285553, 16.0116157532, 19.2578811646, 16.362197876, 14.7753696442, 9.3444480896, 8.91709136963, 6.0553393364, 5.1398525238, 4.31415748596, 2.9764084816, 2.61925935745, 1.77987575531, 1.20692098141, 1.16717636585, 0.690659821033, 0.234709784389, 0.0897611156106, 0.00443318858743, 0.000108949905552, 1.34949468702e-05, 2.00796912395e-05],
        "dvar": [0.00974205136299, 4.94177627563, 54.5427894592, 116.595855713, 468.592498779, 334.95425415, 685.292236328, 814.434265137, 320.515930176, 1309.6973877, 1961.74560547, 7926.92773438, 3729.8034668, 5216.0703125, 3585.81030273, 1679.09558105, 2152.74462891, 765.435058594, 888.656738281, 476.712127686, 682.983032227, 893.757080078, 370.373596191, 235.795806885, 280.830932617, 56.9218788147, 42.2116470337, 25.1503391266, 20.7224941254, 28.3749485016, 37.3526916504, 14.9878635406, 13.3204069138, 4.02465724945, 0.29735326767, 0.0174813959748, 3.70136549463e-05, 2.74499676323e-08, 2.45684333988e-10, 2.90570678629e-10],
        "dvar2": [0.0232957229018, 12.998128891, 154.651367188, 334.520965576, 1290.40307617, 935.291870117, 1474.64660645, 1856.01599121, 808.99810791, 3276.89404297, 4526.25878906, 21255.4707031, 8267.29492188, 10392.0976562, 8196.97851562, 3531.93676758, 5053.53125, 1803.76782227, 1765.40783691, 1068.98083496, 1759.91174316, 1776.30090332, 837.864929199, 453.246948242, 643.873779297, 136.076263428, 100.941009521, 55.1265335083, 41.5441818237, 54.4714012146, 74.8464050293, 25.5428333282, 24.9359436035, 6.79722499847, 0.497108608484, 0.033134419471, 7.2405418905e-05, 4.76206594158e-08, 4.27172408557e-10, 7.13492376292e-10],
        "max": [1.05316758156, 24.8992824554, 84.3576507568, 112.799667358, 290.402374268, 250.12449646, 1112.77832031, 592.553405762, 440.353546143, 1093.29089355, 1631.7265625, 1942.1229248, 1871.33007812, 1918.72314453, 1891.75878906, 1203.87915039, 1373.11376953, 947.035644531, 2161.84301758, 1451.72900391, 923.270202637, 1450.37341309, 634.243652344, 690.423217773, 927.542663574, 215.01902771, 208.155441284, 180.962173462, 146.599533081, 156.216629028, 354.13381958, 117.510742188, 147.679046631, 54.6778450012, 16.6684131622, 4.20540332794, 0.14671304822, 0.0043639303185, 0.000399360666052, 0.000178250658792],
        "mean": [0.0406356006861, 0.868789434433, 5.30997133255, 13.1882543564, 16.3912658691, 17.5583496094, 29.7671871185, 34.3443412781, 14.1652421951, 19.3028335571, 23.3996124268, 57.336227417, 48.3036956787, 59.4789352417, 55.7459335327, 35.8702278137, 36.8742752075, 20.1491165161, 20.0031356812, 18.8557376862, 22.4115276337, 20.8178539276, 18.52917099, 12.267572403, 11.6207466125, 8.66396713257, 7.64809656143, 6.48401498795, 4.50163078308, 3.84280562401, 2.50720286369, 1.69159460068, 1.56316637993, 0.982195854187, 0.368813455105, 0.127846196294, 0.00589573010802, 0.000167000674992, 3.08696762659e-05, 4.24667305197e-05],
        "median": [0.0114012593403, 0.286254227161, 3.27874445915, 10.1291589737, 10.2964735031, 10.2782812119, 13.4911623001, 15.1178941727, 7.22390317917, 7.76927900314, 9.9113740921, 20.3321151733, 15.9501428604, 14.3835220337, 20.9837493896, 15.7645330429, 16.2917041779, 10.8878955841, 10.8662061691, 12.3513870239, 15.0596656799, 12.0520591736, 11.9572534561, 8.34500312805, 8.09068107605, 5.85533189774, 5.06356430054, 4.41836261749, 2.90396666527, 2.17664384842, 1.23020684719, 0.677361965179, 0.59025144577, 0.368469625711, 0.16920670867, 0.0662737190723, 0.00303974351846, 9.0838802862e-05, 2.64765512838e-05, 3.91827488784e-05],
        "min": [2.6097853773e-22, 8.44718770146e-22, 3.37417150059e-21, 2.12767978772e-20, 3.13560550335e-20, 3.65852420656e-20, 9.37247591305e-20, 3.85443056091e-19, 2.33846647506e-19, 3.97896647954e-19, 7.16179695191e-19, 1.19873835639e-18, 9.61079750427e-19, 1.82145150205e-18, 2.2053859358e-18, 2.23936672216e-18, 3.08428229384e-18, 1.09270393482e-18, 3.03710549517e-18, 5.7593814997e-18, 6.17403431947e-18, 7.02969848283e-18, 9.50895482046e-18, 8.76184198248e-18, 1.02675505797e-17, 9.95202501658e-18, 1.14102435205e-17, 1.23907478498e-17, 1.52765651129e-17, 1.54509463665e-17, 1.5940526447e-17, 1.30608816056e-17, 1.24612153662e-17, 9.48129141923e-18, 6.45787555641e-18, 5.28491938574e-18, 2.73839403236e-18, 1.15101241319e-18, 2.85276343597e-19, 2.81623850054e-20],
        "var": [0.00888963509351, 3.89023637772, 50.4805297852, 176.273727417, 479.248840332, 481.940429688, 4814.71435547, 2508.88012695, 509.714202881, 1665.19470215, 2939.88720703, 12381.5791016, 10798.1455078, 21365.8164062, 14988.3867188, 4988.19970703, 5931.42919922, 1299.7401123, 2582.07958984, 846.935852051, 1053.65332031, 2005.12243652, 784.710754395, 452.962554932, 385.085327148, 133.632034302, 123.455795288, 64.3001556396, 48.0537414551, 59.7999687195, 61.9125976562, 33.1874847412, 27.2389888763, 9.10576438904, 0.787122070789, 0.042927917093, 8.75349069247e-05, 7.41120445014e-08, 7.70388586258e-10, 6.19070239516e-10]
    },
    "gfcc": {
        "mean": [7.19417762756, 101.738960266, -133.443527222, 36.6673240662, -71.362449646, 17.2871322632, -45.2197189331, 5.57400465012, -34.0006027222, -7.83468866348, -19.876209259, -7.06866264343, -4.99101638794],
        "cov": [[6451.64892578, 890.778259277, 910.374633789, 790.187866211, 108.15020752, 260.604614258, -237.909362793, 18.0406932831, -294.200012207, 97.4629516602, -84.9534225464, 40.1297264099, -101.017127991], [890.778259277, 836.547302246, 277.487976074, 177.03994751, 207.665252686, -30.2638607025, 67.3496017456, -18.8220920563, 9.15301132202, -31.8684749603, 56.5765419006, -50.8250045776, -55.8314285278], [910.374633789, 277.487976074, 974.449951172, 551.750549316, 210.044509888, 160.417800903, -82.5706710815, -10.3536558151, -89.2863922119, 95.1467819214, -26.4092788696, 22.7699375153, -65.0835189819], [790.187866211, 177.03994751, 551.750549316, 538.140991211, 180.082839966, 72.0786132812, -67.6974563599, -38.1224517822, -29.3866138458, 54.1561889648, -15.0512495041, -5.26452732086, -36.0460968018], [108.15020752, 207.665252686, 210.044509888, 180.082839966, 245.28213501, 57.5752792358, 21.4058227539, 8.90070533752, -2.28268909454, 31.6662101746, 1.30213999748, -2.14907073975, -37.8634910583], [260.604614258, -30.2638607025, 160.417800903, 72.0786132812, 57.5752792358, 229.605651855, 77.1709747314, 43.1530418396, -26.3851203918, 27.8766803741, -12.2818975449, -17.8687057495, -35.0787773132], [-237.909362793, 67.3496017456, -82.5706710815, -67.6974563599, 21.4058227539, 77.1709747314, 184.165237427, 60.6488761902, 37.8116073608, -19.7911758423, 24.8966369629, -33.9959068298, -23.9330348969], [18.0406932831, -18.8220920563, -10.3536558151, -38.1224517822, 8.90070533752, 43.1530418396, 60.6488761902, 108.901229858, 35.9061775208, 15.1563310623, -3.89411067963, -4.11842012405, -15.7506542206], [-294.200012207, 9.15301132202, -89.2863922119, -29.3866138458, -2.28268909454, -26.3851203918, 37.8116073608, 35.9061775208, 113.882034302, 5.54490089417, 20.1936244965, -25.5613384247, -2.07033419609], [97.4629516602, -31.8684749603, 95.1467819214, 54.1561889648, 31.6662101746, 27.8766803741, -19.7911758423, 15.1563310623, 5.54490089417, 97.0859146118, 9.14902877808, 19.8582782745, -10.0654363632], [-84.9534225464, 56.5765419006, -26.4092788696, -15.0512495041, 1.30213999748, -12.2818975449, 24.8966369629, -3.89411067963, 20.1936244965, 9.14902877808, 85.8206863403, 17.387386322, 5.81437730789], [40.1297264099, -50.8250045776, 22.7699375153, -5.26452732086, -2.14907073975, -17.8687057495, -33.9959068298, -4.11842012405, -25.5613384247, 19.8582782745, 17.387386322, 90.4691848755, 41.8952789307], [-101.017127991, -55.8314285278, -65.0835189819, -36.0460968018, -37.8634910583, -35.0787773132, -23.9330348969, -15.7506542206, -2.07033419609, -10.0654363632, 5.81437730789, 41.8952789307, 93.9596633911]],
        "icov": [[0.000494512438308, -0.00107905524783, 0.000715803646017, -0.00116889900528, 0.00126636365894, -0.00110356428195, 0.00119111035019, -0.00119931786321, 0.00114862585906, -0.000492821214721, 0.000541148765478, -0.000725681020413, 0.000401125842473], [-0.00107905524783, 0.00465710181743, -0.00261430931278, 0.003009384498, -0.00456690322608, 0.00399053422734, -0.00371917337179, 0.00294720614329, -0.00219602300785, 0.00226898980327, -0.00287361210212, 0.00319787370972, -0.00090639438713], [0.000715803646017, -0.00261430931278, 0.00468468433246, -0.00471412856132, 0.00246904371306, -0.00335264531896, 0.00302496273071, -0.00285633490421, 0.00296681770124, -0.00192389311269, 0.00144728634041, -0.00260341144167, 0.00161811965518], [-0.00116889900528, 0.003009384498, -0.00471412856132, 0.00835559517145, -0.00520905992016, 0.00284823752008, -0.0022036714945, 0.0047000059858, -0.00407213158906, 0.00134055374656, -0.00153338781092, 0.00333186844364, -0.00167444441468], [0.00126636365894, -0.00456690322608, 0.00246904371306, -0.00520905992016, 0.0107372906059, -0.00418461533263, 0.00241138017736, -0.00319953286089, 0.00235549290664, -0.00282061728649, 0.00295937783085, -0.00441454024985, 0.0027371305041], [-0.00110356428195, 0.00399053422734, -0.00335264531896, 0.00284823752008, -0.00418461533263, 0.0109772160649, -0.0072477417998, 0.00141472381074, 0.00048066227464, -0.00020036486967, -0.00129628612194, 0.00402801809832, -0.000968603650108], [0.00119111035019, -0.00371917337179, 0.00302496273071, -0.0022036714945, 0.00241138017736, -0.0072477417998, 0.0142808780074, -0.00711640529335, 0.0013405487407, 0.00141260912642, -0.00191653205547, -2.30060031754e-05, 0.0013407508377], [-0.00119931786321, 0.00294720614329, -0.00285633490421, 0.0047000059858, -0.00319953286089, 0.00141472381074, -0.00711640529335, 0.0178149752319, -0.00801456253976, -0.000581810483709, 0.00212012650445, -0.00148217112292, 0.000989711959846], [0.00114862585906, -0.00219602300785, 0.00296681770124, -0.00407213158906, 0.00235549290664, 0.00048066227464, 0.0013405487407, -0.00801456253976, 0.0169231891632, -0.00360304070637, -0.00228832173161, 0.00410971464589, -0.00115448166616], [-0.000492821214721, 0.00226898980327, -0.00192389311269, 0.00134055374656, -0.00282061728649, -0.00020036486967, 0.00141260912642, -0.000581810483709, -0.00360304070637, 0.0151428068057, -0.00322756846435, -0.00206136144698, 0.00171254109591], [0.000541148765478, -0.00287361210212, 0.00144728634041, -0.00153338781092, 0.00295937783085, -0.00129628612194, -0.00191653205547, 0.00212012650445, -0.00228832173161, -0.00322756846435, 0.0168798156083, -0.00701882643625, 0.00155322020873], [-0.000725681020413, 0.00319787370972, -0.00260341144167, 0.00333186844364, -0.00441454024985, 0.00402801809832, -2.30060031754e-05, -0.00148217112292, 0.00410971464589, -0.00206136144698, -0.00701882643625, 0.0219619385898, -0.0094229998067], [0.000401125842473, -0.00090639438713, 0.00161811965518, -0.00167444441468, 0.0027371305041, -0.000968603650108, 0.0013407508377, 0.000989711959846, -0.00115448166616, 0.00171254109591, 0.00155322020873, -0.0094229998067, 0.0165262743831]]
    },
    "melbands": {
        "dmean": [0.00057533418294, 0.00147104973439, 0.00121897133067, 0.000720437325072, 0.000435445370385, 0.000357082870323, 0.000123067162349, 0.000137749913847, 0.000127937702928, 0.000228330929531, 0.000122387296869, 0.00012093364785, 8.37912302813e-05, 6.04484121141e-05, 4.56421112176e-05, 4.16216025769e-05, 2.11067799682e-05, 1.84231885214e-05, 1.26266031657e-05, 2.12524009839e-05, 1.32490913529e-05, 1.18059924716e-05, 1.18642055895e-05, 6.54369159747e-06, 5.22511027157e-06, 5.15904321219e-06, 3.00690044241e-06, 2.78409606835e-06, 2.14835995394e-06, 2.26086422117e-06, 1.67605367096e-06, 1.22695098526e-06, 1.09227153189e-06, 1.04575440218e-06, 7.79711228915e-07, 6.89365037942e-07, 5.21466006376e-07, 5.99170846272e-07, 5.94080518113e-07, 4.16240823142e-07],
        "dmean2": [0.000966173480265, 0.00259347865358, 0.00209057796746, 0.00125006143935, 0.000704695819877, 0.000570161675569, 0.000198349371203, 0.000219965513679, 0.000197467204998, 0.00036651676055, 0.000186019125977, 0.000182133793714, 0.000131939421408, 9.4670773251e-05, 7.23401099094e-05, 6.67482454446e-05, 3.37982673955e-05, 2.95534700854e-05, 2.00118320208e-05, 3.51575254172e-05, 2.13025414268e-05, 1.87139630725e-05, 1.90821265278e-05, 1.03694674181e-05, 8.43727593747e-06, 8.39633594296e-06, 4.8899887588e-06, 4.44381521447e-06, 3.39340272149e-06, 3.58265742761e-06, 2.65781318376e-06, 1.90124274013e-06, 1.6664089344e-06, 1.59295211688e-06, 1.14325587219e-06, 1.018470698e-06, 7.34273839953e-07, 8.55333894378e-07, 8.40162385884e-07, 5.78976425913e-07],
        "dvar": [2.44330567511e-06, 1.22104993352e-05, 4.05940227211e-06, 2.19939352064e-06, 6.07460776791e-07, 3.37767176006e-07, 8.77258727883e-08, 1.54197707047e-07, 1.37270163236e-07, 3.28294106566e-07, 9.48043634708e-08, 9.43274756082e-08, 3.24561675313e-08, 1.83812556287e-08, 1.64965516802e-08, 7.83325404541e-09, 3.20069304394e-09, 2.38143238462e-09, 1.01064023816e-09, 1.65431190968e-09, 1.09739128895e-09, 1.23863497237e-09, 6.05543948318e-10, 2.17380585754e-10, 1.9191727374e-10, 2.17730750096e-10, 6.27011914611e-11, 3.09930969777e-11, 2.08861764689e-11, 1.55046323003e-11, 9.83023124707e-12, 6.92312570119e-12, 9.31659090153e-12, 1.09997774778e-11, 1.29631800086e-11, 1.20330533732e-11, 5.04340666452e-12, 7.30577317393e-12, 5.67212639704e-12, 2.67429784914e-12],
        "dvar2": [6.12517305854e-06, 3.36282100761e-05, 1.11603267214e-05, 6.17164687355e-06, 1.36798587391e-06, 7.77566867782e-07, 2.20730598244e-07, 3.87376331901e-07, 3.07335426442e-07, 8.89475643362e-07, 2.11525801319e-07, 1.90109460618e-07, 7.39361070146e-08, 4.11684695223e-08, 3.82075029393e-08, 1.86399375934e-08, 7.56756879383e-09, 4.74743755419e-09, 2.15975592965e-09, 4.31773061749e-09, 2.7241944256e-09, 2.56128473985e-09, 1.31995836483e-09, 4.85821938234e-10, 3.72713332419e-10, 4.80666062508e-10, 1.55978036043e-10, 7.47999370776e-11, 5.26338174434e-11, 3.56729958073e-11, 2.28184623974e-11, 1.47445562704e-11, 1.8861242429e-11, 2.27544320192e-11, 2.61332153834e-11, 2.56777862861e-11, 8.68589488529e-12, 1.43214112444e-11, 1.01663443289e-11, 4.79589892105e-12],
        "max": [0.0163778737187, 0.0379269905388, 0.0243245009333, 0.0166564509273, 0.0310542248189, 0.0114480853081, 0.0084854112938, 0.0106931570917, 0.0139162018895, 0.0149589665234, 0.00906427390873, 0.00740921730176, 0.00505550438538, 0.00350766745396, 0.00546852778643, 0.00244286097586, 0.00208252179436, 0.00304242991842, 0.00199343962595, 0.00142666918691, 0.00139097939245, 0.00160971772857, 0.000768992525991, 0.000433884822996, 0.000624362379313, 0.000721546530258, 0.000392716552597, 0.000154467561515, 0.000171699197381, 0.000107839237899, 0.000101856450783, 8.09953198768e-05, 9.25467757042e-05, 0.000111578920041, 0.000208963407204, 0.000160395851708, 8.08340191725e-05, 0.00011978168186, 6.50853980915e-05, 4.20286851295e-05],
        "mean": [0.000596880388912, 0.0022715870291, 0.00242190412246, 0.00119437521789, 0.00100448727608, 0.000740001560189, 0.000205233591259, 0.000222994392971, 0.000197314453544, 0.000364511070075, 0.00023376684112, 0.000244507100433, 0.00016318289272, 0.000121822980873, 8.08209879324e-05, 7.08675943315e-05, 3.34867327183e-05, 3.16896912409e-05, 2.17258475459e-05, 3.44958607457e-05, 2.38769207499e-05, 2.13562652789e-05, 2.17642991629e-05, 1.21317807498e-05, 9.55887117016e-06, 9.81197081273e-06, 6.07810989095e-06, 5.7071356423e-06, 4.55586587123e-06, 4.77535377286e-06, 3.47573563886e-06, 2.5483079753e-06, 2.25952499022e-06, 2.09133690987e-06, 1.48446520143e-06, 1.18248863146e-06, 9.55321070251e-07, 1.08127835574e-06, 1.05704702946e-06, 7.60815566991e-07],
        "median": [0.000144142890349, 0.00137020030525, 0.00189086003229, 0.000767795543652, 0.000510376587044, 0.00034004347981, 9.35807474889e-05, 8.45177200972e-05, 7.95553423814e-05, 0.000123900448671, 7.02667166479e-05, 4.94662999699e-05, 6.12706207903e-05, 4.88311889058e-05, 3.46340711985e-05, 2.93072553177e-05, 1.61337338795e-05, 1.66607569554e-05, 1.25421802295e-05, 2.00632439373e-05, 1.52436314238e-05, 1.14050917546e-05, 1.30732787511e-05, 7.32383568902e-06, 6.06166895523e-06, 6.52377684673e-06, 4.1417652028e-06, 3.65137657354e-06, 2.87112857222e-06, 3.15180045618e-06, 2.24386508307e-06, 1.63185779911e-06, 1.26353791075e-06, 1.14887780001e-06, 7.37530342576e-07, 4.7143251436e-07, 3.57362495151e-07, 3.98637041599e-07, 3.69406308209e-07, 2.78459509673e-07],
        "min": [2.76705209572e-24, 3.18639023977e-24, 5.35961959768e-24, 2.46907882143e-24, 3.04230657036e-24, 9.49879564435e-24, 3.25295175915e-24, 5.21816973763e-24, 5.97816267246e-24, 7.67166835897e-24, 4.55698675878e-24, 6.04756862705e-24, 8.40390956158e-24, 6.043125368e-24, 4.80310662804e-24, 5.71361382915e-24, 1.24849159912e-24, 4.48207337178e-24, 5.94373914913e-24, 8.35506881635e-24, 6.44836637046e-24, 6.8775922943e-24, 5.18422939161e-24, 6.05205172357e-24, 6.8670089364e-24, 7.62651159417e-24, 6.21998482751e-24, 7.02472826376e-24, 6.80252507942e-24, 5.52269095186e-24, 8.07295716829e-24, 7.74829515186e-24, 6.11082028329e-24, 8.62870494285e-24, 8.38697666225e-24, 6.58616735439e-24, 6.90265440526e-24, 7.52112766584e-24, 9.2914396111e-24, 7.347162537e-24],
        "var": [2.07158063859e-06, 1.05593908302e-05, 5.8712853388e-06, 2.30744376495e-06, 3.80736332772e-06, 1.07378377834e-06, 1.33157584514e-07, 2.1112944637e-07, 2.22314156417e-07, 5.09952315042e-07, 2.73040768661e-07, 3.96804864522e-07, 1.2186684728e-07, 6.09827921494e-08, 3.86512155615e-08, 1.94875333648e-08, 5.02419572612e-09, 6.7039378493e-09, 1.98258609529e-09, 2.4515378616e-09, 1.7407161268e-09, 2.67745448035e-09, 1.26888688445e-09, 4.1149875174e-10, 3.46145750951e-10, 3.28710003661e-10, 8.21639908888e-11, 7.1083049169e-11, 5.75312124329e-11, 3.82087278483e-11, 2.09361417092e-11, 1.49548429196e-11, 1.85586771645e-11, 2.10881086898e-11, 2.09361573217e-11, 1.92651901376e-11, 1.10418688082e-11, 1.39333319188e-11, 1.1968891156e-11, 5.66022272455e-12]
    },
    "mfcc": {
        "mean": [-624.03112793, 119.833869934, -4.44063186646, 17.5279655457, -1.95359051228, 3.18915772438, -0.722843825817, 2.19319796562, -1.59467327595, -8.43319034576, -7.32642507553, -6.38529062271, -5.85896921158],
        "cov": [[4016.93530273, 415.572296143, 795.981323242, 530.482666016, 391.668212891, 259.173919678, 196.661468506, 3.87927508354, -16.3394012451, -69.9596557617, -5.11957454681, 14.0429229736, 99.4573287964], [415.572296143, 732.625305176, 52.3016052246, 159.778564453, 93.2143096924, 28.5447940826, 79.4382476807, 56.2761955261, -27.9651107788, 21.9577655792, 43.6035308838, 18.0710601807, 45.8934326172], [795.981323242, 52.3016052246, 760.192871094, 365.616638184, 283.55267334, 200.966247559, 102.189910889, -15.8701887131, -0.736422181129, -8.92676067352, 4.60074996948, 29.9409179688, 53.4277229309], [530.482666016, 159.778564453, 365.616638184, 472.385253906, 265.409057617, 126.881347656, 29.7358112335, -34.7112083435, -9.78760051727, -19.255563736, -9.92022800446, 38.3340911865, 52.1540641785], [391.668212891, 93.2143096924, 283.55267334, 265.409057617, 292.007171631, 131.219741821, 43.1903381348, -21.8804855347, 6.63290023804, -13.8481855392, 12.5365505219, 22.311674118, 31.8298416138], [259.173919678, 28.5447940826, 200.966247559, 126.881347656, 131.219741821, 189.652511597, 96.8916931152, 11.5569839478, 13.3780536652, 18.0162143707, 14.3372631073, 12.4394807816, 22.4927139282], [196.661468506, 79.4382476807, 102.189910889, 29.7358112335, 43.1903381348, 96.8916931152, 159.861282349, 61.3118972778, 10.9835987091, 32.5814208984, 24.0587921143, 5.10673236847, 18.6007633209], [3.87927508354, 56.2761955261, -15.8701887131, -34.7112083435, -21.8804855347, 11.5569839478, 61.3118972778, 116.525444031, 28.9354305267, 36.5284423828, 27.9028720856, 5.1362080574, -4.0966424942], [-16.3394012451, -27.9651107788, -0.736422181129, -9.78760051727, 6.63290023804, 13.3780536652, 10.9835987091, 28.9354305267, 93.5034637451, 32.4228096008, 13.6570100784, 4.13267469406, -8.4221200943], [-69.9596557617, 21.9577655792, -8.92676067352, -19.255563736, -13.8481855392, 18.0162143707, 32.5814208984, 36.5284423828, 32.4228096008, 110.396263123, 52.6210174561, 10.8923196793, -6.5908946991], [-5.11957454681, 43.6035308838, 4.60074996948, -9.92022800446, 12.5365505219, 14.3372631073, 24.0587921143, 27.9028720856, 13.6570100784, 52.6210174561, 97.1061019897, 32.1571044922, -0.879668533802], [14.0429229736, 18.0710601807, 29.9409179688, 38.3340911865, 22.311674118, 12.4394807816, 5.10673236847, 5.1362080574, 4.13267469406, 10.8923196793, 32.1571044922, 70.9959564209, 29.318479538], [99.4573287964, 45.8934326172, 53.4277229309, 52.1540641785, 31.8298416138, 22.4927139282, 18.6007633209, -4.0966424942, -8.4221200943, -6.5908946991, -0.879668533802, 29.318479538, 74.3604888916]],
