{
"lowlevel": {
    "average_loudness": 0.926040649414,
    "barkbands_crest": {
        "dmean": 2.65399718285,
        "dmean2": 4.31666040421,
        "dvar": 6.11066198349,
        "dvar2": 14.566567421,
        "max": 25.7391662598,
        "mean": 8.98997402191,
        "median": 8.06653404236,
        "min": 2.11075019836,
        "var": 17.3813037872
    },
    "barkbands_flatness_db": {
        "dmean": 0.0178837124258,
        "dmean2": 0.027763042599,
        "dvar": 0.000256056111539,
        "dvar2": 0.000599741761107,
        "max": 0.281314462423,
        "mean": 0.103277057409,
        "median": 0.0975142344832,
        "min": 0.0176949799061,
        "var": 0.00166120438371
    },
    "barkbands_kurtosis": {
        "dmean": 1.44126558304,
        "dmean2": 2.34442591667,
        "dvar": 5.84387397766,
        "dvar2": 13.8772382736,
        "max": 75.6904525757,
        "mean": 1.40842521191,
        "median": 0.549128293991,
        "min": -1.90074574947,
        "var": 11.3650712967
    },
    "barkbands_skewness": {
        "dmean": 0.437119662762,
        "dmean2": 0.672902941704,
        "dvar": 0.207908257842,
        "dvar2": 0.438333183527,
        "max": 6.21619224548,
        "mean": 0.864094257355,
        "median": 0.822856605053,
        "min": -7.74977016449,
        "var": 0.80606842041
    },
    "barkbands_spread": {
        "dmean": 5.69973611832,
        "dmean2": 8.82194519043,
        "dvar": 54.1259346008,
        "dvar2": 122.979011536,
        "max": 125.058273315,
        "mean": 25.0008239746,
        "median": 23.532377243,
        "min": 1.67421853542,
        "var": 187.194656372
    },
    "dissonance": {
        "dmean": 0.0167978741229,
        "dmean2": 0.0289092101157,
        "dvar": 0.000284342822852,
        "dvar2": 0.000793788058218,
        "max": 0.500000119209,
        "mean": 0.475461781025,
        "median": 0.480992078781,
        "min": 0.320773988962,
        "var": 0.000435382098658
    },
    "dynamic_complexity": 2.896245718,
    "erbbands_crest": {
        "dmean": 2.66234326363,
        "dmean2": 4.4095492363,
        "dvar": 6.33737468719,
        "dvar2": 16.0876655579,
        "max": 29.150806427,
        "mean": 8.77853012085,
        "median": 7.83945178986,
        "min": 2.40315365791,
        "var": 17.3679332733
    },
    "erbbands_flatness_db": {
        "dmean": 0.0169352795929,
        "dmean2": 0.0251973625273,
        "dvar": 0.000238290915149,
        "dvar2": 0.000509783392772,
        "max": 0.37049639225,
        "mean": 0.159315779805,
        "median": 0.150784224272,
        "min": 0.0439665131271,
        "var": 0.0026255378034
    },
    "erbbands_kurtosis": {
        "dmean": 1.08394122124,
        "dmean2": 1.73121511936,
        "dvar": 2.37579441071,
        "dvar2": 5.67008018494,
        "max": 36.0721511841,
        "mean": 1.23553919792,
        "median": 0.580951213837,
        "min": -1.82907128334,
        "var": 6.05170440674
    },
    "erbbands_skewness": {
        "dmean": 0.365995764732,
        "dmean2": 0.573406517506,
        "dvar": 0.121328510344,
        "dvar2": 0.282038986683,
        "max": 4.3250670433,
        "mean": 0.479590237141,
        "median": 0.449637889862,
        "min": -5.37889242172,
        "var": 0.563519775867
    },
    "erbbands_spread": {
        "dmean": 6.55557155609,
        "dmean2": 9.9949760437,
        "dvar": 60.7918663025,
        "dvar2": 129.904006958,
        "max": 162.113952637,
        "mean": 30.0978946686,
        "median": 27.0988788605,
        "min": 3.63259506226,
        "var": 293.183319092
    },
    "hfc": {
        "dmean": 10.5785322189,
        "dmean2": 15.3775167465,
        "dvar": 318.107788086,
        "dvar2": 690.278503418,
        "max": 465.522827148,
        "mean": 32.5180244446,
        "median": 27.5003414154,
        "min": 1.09915157609e-16,
        "var": 852.822265625
    },
    "melbands_crest": {
        "dmean": 3.39656257629,
        "dmean2": 5.46665382385,
        "dvar": 9.94734287262,
        "dvar2": 22.4641723633,
        "max": 34.6621131897,
        "mean": 12.8868217468,
        "median": 11.5671482086,
        "min": 1.91289174557,
        "var": 35.1390838623
    },
    "melbands_flatness_db": {
        "dmean": 0.0212563872337,
        "dmean2": 0.0326210558414,
        "dvar": 0.000380948476959,
        "dvar2": 0.000853652949445,
        "max": 0.33143261075,
        "mean": 0.14944127202,
        "median": 0.149986609817,
        "min": 0.00578350992873,
        "var": 0.00216707587242
    },
    "melbands_kurtosis": {
        "dmean": 3.28473567963,
        "dmean2": 5.257625103,
        "dvar": 34.1838493347,
        "dvar2": 84.6088638306,
        "max": 150.207687378,
        "mean": 5.39465475082,
        "median": 3.12106180191,
        "min": -1.940497756,
        "var": 67.7249450684
    },
    "melbands_skewness": {
        "dmean": 0.566747307777,
        "dmean2": 0.877224385738,
        "dvar": 0.351066201925,
        "dvar2": 0.787491261959,
        "max": 11.1547889709,
        "mean": 1.64435386658,
        "median": 1.4644305706,
        "min": -2.46776652336,
        "var": 1.3812879324
    },
    "melbands_spread": {
        "dmean": 8.58671760559,
        "dmean2": 13.2513961792,
        "dvar": 216.61378479,
        "dvar2": 418.715637207,
        "max": 283.977722168,
        "mean": 32.3184280396,
        "median": 28.2308979034,
        "min": 2.23749470711,
        "var": 610.178588867
    },
    "pitch_salience": {
        "dmean": 0.0682841464877,
        "dmean2": 0.108635477722,
        "dvar": 0.00375555595383,
        "dvar2": 0.00894469674677,
        "max": 0.86947286129,
        "mean": 0.599008142948,
        "median": 0.612558543682,
        "min": 0.0858415439725,
        "var": 0.015588440001
    },
    "silence_rate_20dB": {
        "dmean": 0,
        "dmean2": 0,
        "dvar": 0,
        "dvar2": 0,
        "max": 1,
        "mean": 1,
        "median": 1,
        "min": 1,
        "var": 0
    },
    "silence_rate_30dB": {
        "dmean": 0,
        "dmean2": 0,
        "dvar": 0,
        "dvar2": 0,
        "max": 1,
        "mean": 1,
        "median": 1,
        "min": 1,
        "var": 0
    },
    "silence_rate_60dB": {
        "dmean": 0.0117084830999,
        "dmean2": 0.0234197638929,
        "dvar": 0.0115716252476,
        "dvar2": 0.0259787384421,
        "max": 1,
        "mean": 0.0658224821091,
        "median": 0,
        "min": 0,
        "var": 0.0614903941751
    },
    "spectral_centroid": {
        "dmean": 257.375274658,
        "dmean2": 393.260314941,
        "dvar": 117231.882812,
        "dvar2": 210320.171875,
        "max": 11058.1933594,
        "mean": 1662.07275391,
        "median": 1565.79284668,
        "min": 374.812561035,
        "var": 393971.8125
    },
    "spectral_complexity": {
        "dmean": 4.21744346619,
        "dmean2": 6.25259876251,
        "dvar": 15.4079179764,
        "dvar2": 29.2944488525,
        "max": 55,
        "mean": 24.7369499207,
        "median": 25,
        "min": 0,
        "var": 104.742042542
    },
    "spectral_decrease": {
        "dmean": 2.15786966073e-09,
        "dmean2": 3.36108629817e-09,
        "dvar": 6.24738166516e-18,
        "dvar2": 1.52909018073e-17,
        "max": 1.79558624071e-30,
        "mean": -7.0883676706e-09,
        "median": -6.55026966001e-09,
        "min": -2.76445089042e-08,
        "var": 2.40982627117e-17
    },
    "spectral_energy": {
        "dmean": 0.00880319159478,
        "dmean2": 0.0136682232842,
        "dvar": 0.000100125493191,
        "dvar2": 0.000244428985752,
        "max": 0.111109986901,
        "mean": 0.0297026801854,
        "median": 0.0279021207243,
        "min": 1.01140464018e-20,
        "var": 0.000386780739063
    },
    "spectral_energyband_high": {
        "dmean": 0.000616757199168,
        "dmean2": 0.000879477360286,
        "dvar": 3.05651110466e-06,
        "dvar2": 6.45397176413e-06,
        "max": 0.0505433119833,
        "mean": 0.00142541504465,
        "median": 0.000760431808885,
        "min": 7.36671140006e-21,
        "var": 7.23620178178e-06
    },
    "spectral_energyband_low": {
        "dmean": 0.00347470561974,
        "dmean2": 0.00540490355343,
        "dvar": 3.99467098759e-05,
        "dvar2": 9.44263956626e-05,
        "max": 0.0697967484593,
        "mean": 0.00830301921815,
        "median": 0.00254393229261,
        "min": 5.4352333354e-23,
        "var": 0.000131407126901
    },
    "spectral_energyband_middle_high": {
        "dmean": 0.00429618638009,
        "dmean2": 0.00649331323802,
        "dvar": 3.52241913788e-05,
        "dvar2": 8.33821832202e-05,
        "max": 0.0771185010672,
        "mean": 0.0115974042565,
        "median": 0.00813133642077,
        "min": 1.52090201484e-21,
        "var": 0.000114391208626
    },
    "spectral_energyband_middle_low": {
        "dmean": 0.00464843166992,
        "dmean2": 0.00751701090485,
        "dvar": 4.92068247695e-05,
        "dvar2": 0.000124533165945,
        "max": 0.0824132487178,
        "mean": 0.00938087049872,
        "median": 0.00657081510872,
        "min": 3.26157280189e-22,
        "var": 9.04216358322e-05
    },
    "spectral_entropy": {
        "dmean": 0.120406486094,
        "dmean2": 0.181252032518,
        "dvar": 0.0136202359572,
        "dvar2": 0.0276929363608,
        "max": 9.80800628662,
        "mean": 7.85760068893,
        "median": 7.84649848938,
        "min": 6.64518642426,
        "var": 0.0926967188716
    },
    "spectral_flux": {
        "dmean": 0.0228527132422,
        "dmean2": 0.0351492464542,
        "dvar": 0.000588156282902,
        "dvar2": 0.00121902441606,
        "max": 0.289497852325,
        "mean": 0.0969520881772,
        "median": 0.0922719761729,
        "min": 1.00568615935e-10,
        "var": 0.00211450993083
    },
    "spectral_kurtosis": {
        "dmean": 0.988110303879,
        "dmean2": 1.59141087532,
        "dvar": 1.03062367439,
        "dvar2": 2.81417274475,
        "max": 16.466506958,
        "mean": 4.10289001465,
        "median": 3.9409236908,
        "min": -1.40444099903,
        "var": 4.54067659378
    },
    "spectral_rms": {
        "dmean": 0.000769539619796,
        "dmean2": 0.00116545613855,
        "dvar": 6.11213408774e-07,
        "dvar2": 1.37659162647e-06,
        "max": 0.0104115316644,
        "mean": 0.00499946670607,
        "median": 0.00521743064746,
        "min": 3.14123575242e-12,
        "var": 3.98361544285e-06
    },
    "spectral_rolloff": {
        "dmean": 578.419189453,
        "dmean2": 930.431396484,
        "dvar": 1360818.375,
        "dvar2": 2574262.75,
        "max": 18497.0214844,
        "mean": 2165.53613281,
        "median": 1593.45703125,
        "min": 64.599609375,
        "var": 4142783.25
    },
    "spectral_skewness": {
        "dmean": 0.161377087235,
        "dmean2": 0.248545333743,
        "dvar": 0.0242100525647,
        "dvar2": 0.0516811944544,
        "max": 3.12395811081,
        "mean": 1.5707988739,
        "median": 1.57858490944,
        "min": -0.589556396008,
        "var": 0.142918527126
    },
    "spectral_spread": {
        "dmean": 535369.375,
        "dmean2": 742826.3125,
        "dvar": 811628036096,
        "dvar2": 1.08271652045e+12,
        "max": 40667388,
        "mean": 4967246,
        "median": 4555957,
        "min": 2102533.5,
        "var": 4.15153887642e+12
    },
    "spectral_strongpeak": {
        "dmean": 0.759693980217,
        "dmean2": 1.29128599167,
        "dvar": 1.42248427868,
        "dvar2": 3.63917636871,
        "max": 18.049123764,
        "mean": 1.22809672356,
        "median": 0.564765810966,
        "min": 0,
        "var": 2.25541496277
    },
    "zerocrossingrate": {
        "dmean": 0.0125354686752,
        "dmean2": 0.013589435257,
        "dvar": 0.000409642263548,
        "dvar2": 0.000373837799998,
        "max": 0.58984375,
        "mean": 0.0831656530499,
        "median": 0.068359375,
        "min": 0.00634765625,
        "var": 0.00299695832655
    },
    "barkbands": {
        "dmean": [0.00028605357511, 0.00286103924736, 0.00127726281062, 0.00119284971152, 0.00122305343393, 0.00100358703639, 0.000704759266227, 0.000610219198279, 0.00146154931281, 0.00219241832383, 0.000778902263846, 0.00133137754165, 0.000848754425533, 0.00063952273922, 0.000533602258656, 0.000422718992922, 0.000273899466265, 0.000253924139543, 0.000164936427609, 0.000122874509543, 0.000100211029348, 9.05286724446e-05, 0.000106722749479, 0.000161294607096, 0.000184393356903, 5.60284388484e-05, 6.61299236526e-06],
        "dmean2": [0.000455813918961, 0.00414381129667, 0.00213970988989, 0.00214765383862, 0.00204372871667, 0.00161854142789, 0.00117125886027, 0.00100505712908, 0.00242127943784, 0.00356222619303, 0.0012556691654, 0.00218217354268, 0.00138175638858, 0.0010396434227, 0.000853502424434, 0.000689846463501, 0.00042914779624, 0.00040514729335, 0.000264418427832, 0.000193154934095, 0.000154873079737, 0.000139511117595, 0.000162854674272, 0.000245109171374, 0.000265010516159, 8.12455837149e-05, 9.69987468125e-06],
        "dvar": [7.05991624272e-07, 3.6692366848e-05, 9.16896806302e-06, 1.04761020339e-05, 6.23383903076e-06, 4.80475591758e-06, 4.72126885143e-06, 3.25629662257e-06, 1.05438612081e-05, 2.07307912206e-05, 2.21416985369e-06, 7.94139668869e-06, 3.72457429876e-06, 1.43816043874e-06, 8.50530170737e-07, 7.17969328434e-07, 2.30353208508e-07, 1.74890899984e-07, 6.08091355048e-08, 4.11176799275e-08, 2.21860645411e-08, 2.84796453087e-08, 7.30855092002e-08, 5.99681357016e-07, 6.79233494338e-07, 4.47930759151e-08, 4.70621319693e-10],
        "dvar2": [1.95097686628e-06, 7.99514600658e-05, 2.45431492658e-05, 2.97561527987e-05, 1.57305094035e-05, 1.21196726468e-05, 1.25566984934e-05, 8.22919082566e-06, 2.81678803731e-05, 5.28331365786e-05, 5.28539385414e-06, 1.97601257241e-05, 9.18651312531e-06, 3.6875060232e-06, 2.09671611628e-06, 1.82319740816e-06, 5.67949996366e-07, 4.24713590519e-07, 1.48171878323e-07, 1.00300923123e-07, 5.01938046682e-08, 6.37333670284e-08, 1.60753444334e-07, 1.43506849781e-06, 1.43002398545e-06, 8.88565736545e-08, 9.97342874953e-10],
        "max": [0.0207181312144, 0.0643125027418, 0.0333896204829, 0.0377144403756, 0.0512517541647, 0.0377773568034, 0.0540487729013, 0.0609069019556, 0.062332034111, 0.0616537854075, 0.0429252386093, 0.0663712099195, 0.0467586964369, 0.0190656911582, 0.0165272373706, 0.0154582411051, 0.00961587764323, 0.0110484082252, 0.00463627511635, 0.00646579638124, 0.00262893084437, 0.00501051358879, 0.00720790494233, 0.0322525165975, 0.0237553101033, 0.0058746417053, 0.000665214611217],
        "mean": [0.000349211128196, 0.00544173223898, 0.00188446382526, 0.00133111700416, 0.00197285041213, 0.00142340105958, 0.000990986009128, 0.000760433147661, 0.00207235338166, 0.00317553454079, 0.00126972293947, 0.0021250077989, 0.00144814385567, 0.00104654615279, 0.000913078023586, 0.000669886940159, 0.000463212170871, 0.000468023965368, 0.000330863171257, 0.000260799977696, 0.000218220884562, 0.000186576929991, 0.000209654288483, 0.000276709994068, 0.000309483002638, 9.47342196014e-05, 9.870719623e-06],
        "median": [3.98077936552e-05, 0.000640904298052, 0.000421341450419, 0.000328569993144, 0.000813452468719, 0.000559172243811, 0.000335340911988, 0.00027413276257, 0.000857461127453, 0.00100396596827, 0.000532932404894, 0.000788290286437, 0.000610440038145, 0.000535143481102, 0.00048166574561, 0.000322515174048, 0.000244079375989, 0.000305474473862, 0.000227406082558, 0.000176859990461, 0.000140648975503, 0.00011778127373, 0.000118701304018, 7.72641069489e-05, 5.50631411897e-05, 2.55246104643e-05, 2.36155187849e-06],
        "min": [2.13355336203e-23, 2.04855596608e-23, 9.05378658594e-24, 3.4249888725e-23, 2.93634949514e-23, 6.82461744462e-23, 3.78008104058e-23, 1.31371278466e-23, 7.7212140303e-23, 3.52062721321e-23, 1.33222173341e-22, 5.18195124021e-23, 1.21107226212e-22, 3.75020214493e-23, 8.37540565049e-23, 1.01422824221e-22, 1.92576168824e-22, 1.44230329688e-22, 2.26262271282e-22, 3.58048339123e-22, 4.43505073006e-22, 5.01181887095e-22, 5.58363978112e-22, 7.26648835124e-22, 1.03932315716e-21, 1.44745287989e-21, 2.04671726384e-21],
        "var": [8.79741321569e-07, 9.63751008385e-05, 1.2051667909e-05, 1.00750967249e-05, 1.27315834106e-05, 7.21584319763e-06, 6.03513399255e-06, 3.46810520568e-06, 1.42670669447e-05, 3.46736742358e-05, 5.54719417778e-06, 1.75664008566e-05, 7.25241397959e-06, 2.50352104558e-06, 1.68136239154e-06, 1.1613614106e-06, 4.41937061169e-07, 3.15227566716e-07, 1.2967127816e-07, 9.34496000582e-08, 5.83797259424e-08, 6.32383816423e-08, 1.34142808861e-07, 9.39518031373e-07, 1.4584394421e-06, 1.0316261978e-07, 8.96650531601e-10]
    },
    "erbbands": {
        "dmean": [0.110612727702, 0.597617805004, 1.24229824543, 2.88600087166, 3.73453211784, 4.25917768478, 5.72884178162, 9.79524803162, 10.369925499, 10.5297794342, 14.3235387802, 27.5022964478, 58.3206672668, 57.2901153564, 35.71534729, 47.8319587708, 38.6108283997, 32.0956764221, 29.0747509003, 20.135591507, 22.7314071655, 14.9864215851, 13.2319097519, 10.2997961044, 7.06882429123, 5.84533882141, 4.49281835556, 3.68964362144, 3.17372441292, 3.2001760006, 3.0965051651, 2.87198328972, 3.10959529877, 2.56691122055, 1.04814112186, 0.338277935982, 0.0936618372798, 0.012989860028, 0.00134789629374, 5.19247660122e-05],
        "dmean2": [0.155543357134, 0.881276488304, 2.01922774315, 5.03052520752, 6.59106874466, 7.05356121063, 9.30344390869, 15.8197984695, 17.109172821, 17.209777832, 23.489402771, 45.5492515564, 93.9329833984, 92.7180023193, 57.0998344421, 77.4289169312, 61.8307914734, 51.8639411926, 46.1074256897, 31.7782745361, 36.7616577148, 23.1603622437, 20.698015213, 16.4396533966, 11.2475633621, 9.18140983582, 7.09169101715, 5.60674667358, 4.88455247879, 4.88317155838, 4.72696971893, 4.36658525467, 4.74211359024, 3.76831102371, 1.51656281948, 0.491709560156, 0.135818466544, 0.0192498192191, 0.00196338491514, 7.56145018386e-05],
        "dvar": [0.0623077005148, 1.63166213036, 8.13307571411, 57.3862724304, 69.6270446777, 100.880081177, 217.809860229, 547.184631348, 1056.31542969, 712.532714844, 1807.19824219, 4469.51220703, 16418.6542969, 16137.2001953, 4228.26269531, 10987.0410156, 8000.98535156, 3965.5793457, 2885.65380859, 1220.99890137, 2153.3527832, 668.925537109, 464.821990967, 293.477722168, 105.54901886, 99.9074783325, 44.9409790039, 34.5358276367, 30.5428791046, 59.8360023499, 69.0984039307, 122.751502991, 264.696990967, 143.522537231, 21.0961894989, 1.82869803905, 0.13016551733, 0.00203299778514, 1.90114387806e-05, 2.60986876555e-08],
        "dvar2": [0.13318811357, 3.67206859589, 21.6994419098, 158.870223999, 196.337493896, 241.181915283, 550.602966309, 1394.12402344, 2759.49658203, 1770.20263672, 4670.83447266, 12077.9003906, 40954.59375, 41040.5, 10112.8808594, 26288.0566406, 19515.1484375, 10257.7695312, 7101.61914062, 2887.99926758, 5438.27148438, 1649.87634277, 1096.47692871, 710.435668945, 259.62097168, 243.265655518, 106.876243591, 78.210357666, 68.9693756104, 135.985900879, 154.050338745, 277.541259766, 654.963623047, 317.756072998, 44.0527915955, 3.67171001434, 0.268581598997, 0.00435702130198, 3.93849477405e-05, 5.47038609966e-08],
        "max": [2.75815582275, 14.7375822067, 39.1089630127, 93.7918930054, 102.792480469, 248.960464478, 367.871612549, 432.379608154, 852.243652344, 879.159545898, 1147.9263916, 1612.953125, 2562.17382812, 2180.71728516, 1915.12646484, 3033.30981445, 2428.19824219, 1355.76403809, 1112.85961914, 1119.28674316, 990.165710449, 596.248779297, 538.823547363, 307.439453125, 232.898773193, 341.57131958, 159.035919189, 119.779754639, 158.513320923, 300.7578125, 237.546356201, 336.746490479, 698.817871094, 334.143676758, 132.380325317, 39.9820747375, 11.6187667847, 1.08730471134, 0.130228787661, 0.00631722481921],
        "mean": [0.202205434442, 1.0420974493, 2.04500722885, 3.62287831306, 4.85406160355, 7.00360631943, 8.36075305939, 13.7522544861, 14.6044406891, 15.2010087967, 18.6233119965, 39.6015090942, 88.2387695312, 88.3361663818, 66.4916305542, 80.6467056274, 68.9908676147, 57.3978538513, 52.2021179199, 37.1332626343, 37.5512924194, 26.9812164307, 25.6401576996, 20.370765686, 15.5767745972, 12.6860685349, 9.66552352905, 7.70015478134, 6.57005405426, 6.57801103592, 5.88621234894, 5.03491163254, 5.13107347488, 4.1740694046, 1.72609889507, 0.55948060751, 0.153306484222, 0.0211852584034, 0.00205996981822, 0.000106479121314],
        "median": [0.0125550674275, 0.172414124012, 0.608259081841, 1.08472049236, 1.83306694031, 2.38039469719, 3.17966127396, 5.15080308914, 5.13140630722, 6.13009262085, 8.15567779541, 17.6144714355, 34.017616272, 33.1070289612, 32.1713027954, 32.9083900452, 30.4870109558, 29.6617527008, 26.7822971344, 22.7875938416, 18.6748085022, 14.6814918518, 17.1073722839, 13.9583053589, 11.1519269943, 8.75564098358, 6.451130867, 4.76626968384, 4.13279676437, 4.12940073013, 3.16995453835, 1.82689368725, 1.17619633675, 0.710889875889, 0.329007357359, 0.134102314711, 0.0430001839995, 0.00624900683761, 0.000504245166667, 6.02293148404e-05],
        "min": [5.26445378466e-22, 5.41806290058e-21, 8.93621875772e-21, 6.23990286675e-20, 1.52347553205e-19, 7.17727621536e-20, 2.36858877405e-19, 5.84770215864e-19, 5.62658695814e-19, 4.45908149411e-19, 4.56167308657e-19, 1.79663711765e-18, 1.54413155027e-18, 3.69716894741e-18, 3.07871040523e-18, 2.04863707087e-18, 4.80663487016e-18, 3.73636407355e-18, 2.25882180337e-18, 5.85973050212e-18, 4.56403644498e-18, 1.15093124609e-17, 9.46730627662e-18, 6.56319922303e-18, 1.3800553954e-17, 1.62978138777e-17, 1.63165429011e-17, 1.97642300399e-17, 1.81570296902e-17, 1.48538658937e-17, 1.67571323826e-17, 1.58231925314e-17, 1.11902862694e-17, 1.01800787115e-17, 7.62824637407e-18, 4.82134669095e-18, 2.71653144198e-18, 1.31148503843e-18, 3.13862232152e-19, 2.72777314962e-20],
        "var": [0.170759230852, 3.39669537544, 11.5883588791, 54.1960029602, 73.8104934692, 276.23260498, 325.489318848, 801.34979248, 1330.28173828, 994.972900391, 1777.85546875, 5321.18310547, 26123.3476562, 27305.5722656, 10995.4941406, 24578.9121094, 15998.2666016, 7779.96777344, 5807.46923828, 2369.46801758, 3548.06665039, 1354.81506348, 893.981384277, 537.165161133, 277.263885498, 225.578475952, 111.577690125, 82.9874725342, 71.6060256958, 111.411949158, 118.920898438, 210.945388794, 392.599945068, 282.042938232, 44.8853912354, 4.09447956085, 0.273880004883, 0.00404120003805, 3.8808244426e-05, 5.31094137557e-08]
    },
    "gfcc": {
        "mean": [25.3272895813, 57.6357307434, -136.472991943, 11.2897291183, -60.4731254578, 22.2846984863, -34.8181228638, 9.54093265533, -29.319940567, -0.921595990658, -18.7308692932, 2.35532426834, -11.3752889633],
        "cov": [[6096.42333984, 333.094146729, 1421.15222168, 924.062255859, 590.956848145, 368.655029297, 18.7224082947, 199.137832642, 238.067092896, 297.426605225, 202.119659424, 163.642486572, -33.8423614502], [333.094146729, 1034.22900391, 126.964546204, 329.881469727, 269.176177979, 58.4117851257, 158.705764771, 0.36327123642, 98.183380127, 43.0291824341, 69.4055633545, 42.7373390198, -0.222807660699], [1421.15222168, 126.964546204, 1191.89599609, 473.897583008, 269.175048828, 188.841949463, -56.8578948975, 160.081039429, 106.867156982, 150.521484375, 104.739608765, 67.7569046021, 5.28438520432], [924.062255859, 329.881469727, 473.897583008, 587.581665039, 260.017486572, 135.493499756, 58.3319015503, 72.1426010132, 123.597503662, 114.79535675, 77.7854537964, 62.9226112366, 19.5774021149], [590.956848145, 269.176177979, 269.175048828, 260.017486572, 394.273651123, 185.74432373, 139.773574829, 83.9501953125, 86.6304244995, 80.1681289673, 59.3821487427, 49.8896713257, 9.56383132935], [368.655029297, 58.4117851257, 188.841949463, 135.493499756, 185.74432373, 254.157699585, 163.042160034, 88.744758606, 46.3742294312, 64.8014907837, 60.6925582886, 24.8354129791, 15.505613327], [18.7224082947, 158.705764771, -56.8578948975, 58.3319015503, 139.773574829, 163.042160034, 266.819702148, 60.0981788635, 40.9269447327, 40.0819091797, 44.2245559692, 19.4845504761, 12.019285202], [199.137832642, 0.36327123642, 160.081039429, 72.1426010132, 83.9501953125, 88.744758606, 60.0981788635, 145.562759399, 77.8642196655, 50.7367591858, 35.7315139771, 21.3893184662, 22.4362392426], [238.067092896, 98.183380127, 106.867156982, 123.597503662, 86.6304244995, 46.3742294312, 40.9269447327, 77.8642196655, 136.059707642, 62.0761985779, 38.8997573853, 32.2964096069, 18.1114273071], [297.426605225, 43.0291824341, 150.521484375, 114.79535675, 80.1681289673, 64.8014907837, 40.0819091797, 50.7367591858, 62.0761985779, 117.794441223, 69.9704971313, 37.0803184509, 14.9722566605], [202.119659424, 69.4055633545, 104.739608765, 77.7854537964, 59.3821487427, 60.6925582886, 44.2245559692, 35.7315139771, 38.8997573853, 69.9704971313, 110.397499084, 49.7882270813, 14.0476808548], [163.642486572, 42.7373390198, 67.7569046021, 62.9226112366, 49.8896713257, 24.8354129791, 19.4845504761, 21.3893184662, 32.2964096069, 37.0803184509, 49.7882270813, 77.8553237915, 30.9541549683], [-33.8423614502, -0.222807660699, 5.28438520432, 19.5774021149, 9.56383132935, 15.505613327, 12.019285202, 22.4362392426, 18.1114273071, 14.9722566605, 14.0476808548, 30.9541549683, 70.2317504883]],
        "icov": [[0.000263549096417, 3.07498812617e-05, -0.000164621247677, -0.000179113078048, -0.000104771715996, -0.000163244287251, 0.000134146175697, 8.52138255141e-05, -8.08839467936e-05, -0.000160837560543, 6.239299546e-05, -0.000294188852422, 0.000361864600563], [3.07498812617e-05, 0.00163351744413, -9.54403731157e-05, -0.000699313823134, -0.000916647433769, 0.00124825187959, -0.00122145051137, 0.000957996759098, -0.000794294464868, 0.000971832312644, -0.00106020155363, 0.000472946849186, -2.43827998929e-05], [-0.000164621247677, -9.54403731157e-05, 0.00200776965357, -0.000959130818956, -0.000214087485801, -0.00112064147834, 0.00187701836694, -0.00175829511136, 0.000960268080235, -0.000695826369338, -0.000176039902726, -0.00026047922438, 0.000604427477811], [-0.000179113078048, -0.000699313823134, -0.000959130818956, 0.00395094789565, -0.000779067748226, -0.0004047905677, 0.000104618011392, 0.00126026535872, -0.00168055167887, -0.000993648660369, 0.00048932392383, -0.000204220734304, -0.000705407233909], [-0.000104771715996, -0.000916647433769, -0.000214087485801, -0.000779067748226, 0.00579933822155, -0.00280460249633, -0.000555035658181, -0.000456178880995, -0.000430954882177, -0.000634433934465, 0.00163500884082, -0.00200054165907, 0.00105114642065], [-0.000163244287251, 0.00124825187959, -0.00112064147834, -0.0004047905677, -0.00280460249633, 0.011599120684, -0.00606441358104, -0.00166432932019, 0.00146017514635, 0.000318917096592, -0.00275279115885, 0.00265124300495, -0.00154936686158], [0.000134146175697, -0.00122145051137, 0.00187701836694, 0.000104618011392, -0.000555035658181, -0.00606441358104, 0.00941664539278, -0.00200637429953, 0.000385805615224, -0.00105435342994, -2.90316202154e-05, -0.000811351113953, 0.000822940899525], [8.52138255141e-05, 0.000957996759098, -0.00175829511136, 0.00126026535872, -0.000456178880995, -0.00166432932019, -0.00200637429953, 0.0143132945523, -0.00728443218395, 0.000240696521359, -0.000593378790654, 0.0015675801551, -0.00271950801834], [-8.08839467936e-05, -0.000794294464868, 0.000960268080235, -0.00168055167887, -0.000430954882177, 0.00146017514635, 0.000385805615224, -0.00728443218395, 0.0148332351819, -0.00440280046314, 0.00093919102801, -0.00185031304136, 9.31367831072e-05], [-0.000160837560543, 0.000971832312644, -0.000695826369338, -0.000993648660369, -0.000634433934465, 0.000318917096592, -0.00105435342994, 0.000240696521359, -0.00440280046314, 0.0182810146362, -0.0087183881551, 0.000808322220109, -0.000999782816507], [6.239299546e-05, -0.00106020155363, -0.000176039902726, 0.00048932392383, 0.00163500884082, -0.00275279115885, -2.90316202154e-05, -0.000593378790654, 0.00093919102801, -0.0087183881551, 0.0193874873221, -0.00935928616673, 0.00234677596018], [-0.000294188852422, 0.000472946849186, -0.00026047922438, -0.000204220734304, -0.00200054165907, 0.00265124300495, -0.000811351113953, 0.0015675801551, -0.00185031304136, 0.000808322220109, -0.00935928616673, 0.0237635374069, -0.00903531070799], [0.000361864600563, -2.43827998929e-05, 0.000604427477811, -0.000705407233909, 0.00105114642065, -0.00154936686158, 0.000822940899525, -0.00271950801834, 9.31367831072e-05, -0.000999782816507, 0.00234677596018, -0.00903531070799, 0.0191928576678]]
    },
    "melbands": {
        "dmean": [0.000868403993081, 0.00057929760078, 0.000513469218276, 0.000263800378889, 0.00020249557565, 0.000210714759305, 0.000156113470439, 0.000118441603263, 0.000122814264614, 0.000199571295525, 0.000303798093228, 0.000253779522609, 0.000112768844701, 0.000159694594913, 0.000112321002234, 7.50827093725e-05, 6.15607423242e-05, 5.06585820403e-05, 3.57373646693e-05, 2.70901127806e-05, 2.74951253232e-05, 1.62869600899e-05, 1.47941327668e-05, 1.30391536004e-05, 8.73373210197e-06, 6.27600957159e-06, 4.90375032314e-06, 3.98188421968e-06, 3.39758253176e-06, 2.35552397498e-06, 2.29545344155e-06, 1.87461432688e-06, 1.99174496629e-06, 1.92624611373e-06, 1.92383276953e-06, 1.73066780462e-06, 1.89699278508e-06, 2.32358183894e-06, 2.19800426748e-06, 2.30749810726e-06],
        "dmean2": [0.00125050148927, 0.00090338580776, 0.000890331575647, 0.000448027974926, 0.000327233923599, 0.000339717895258, 0.00025645821006, 0.000194135020138, 0.000202960829483, 0.000329957867507, 0.000490392907523, 0.000412313005654, 0.000178559057531, 0.000259890657617, 0.000182727424544, 0.000120557138871, 0.000100459532405, 8.08815675555e-05, 5.74403347855e-05, 4.36449045083e-05, 4.48730352218e-05, 2.55774939433e-05, 2.35861771216e-05, 2.10468351725e-05, 1.40875354191e-05, 1.02263675217e-05, 7.8583798313e-06, 6.29991791357e-06, 5.46284854863e-06, 3.69031431546e-06, 3.57009707841e-06, 2.92517006528e-06, 3.14637441079e-06, 2.98188365377e-06, 2.97281212625e-06, 2.67076006821e-06, 2.94087385555e-06, 3.60877470484e-06, 3.38662175636e-06, 3.41446911989e-06],
        "dvar": [3.55387760465e-06, 1.40316683428e-06, 1.62869639553e-06, 2.9023911452e-07, 2.5588161634e-07, 2.41636229248e-07, 2.23862087978e-07, 8.71766019372e-08, 1.27993530441e-07, 2.11577741993e-07, 4.27719584195e-07, 3.24016326658e-07, 4.20411012669e-08, 1.31586958219e-07, 5.68633744535e-08, 3.41083321587e-08, 1.53995642904e-08, 9.1101020061e-09, 3.49590001392e-09, 2.81597034579e-09, 3.53040996437e-09, 9.21247744756e-10, 6.39856334583e-10, 5.93997129261e-10, 2.31170485532e-10, 8.54414108908e-11, 5.78567922738e-11, 5.36570371468e-11, 2.71325427403e-11, 1.44898086585e-11, 1.45456363967e-11, 1.03316973032e-11, 1.68286287683e-11, 2.17262041691e-11, 2.5578142035e-11, 2.66624673728e-11, 6.52159923287e-11, 1.78985229415e-10, 1.32459807012e-10, 1.18876616884e-10],
        "dvar2": [7.63869411458e-06, 3.36984726346e-06, 4.47129332315e-06, 7.61339038036e-07, 6.41747249119e-07, 6.10801862422e-07, 5.86785859014e-07, 2.09996599665e-07, 3.33480812742e-07, 5.63691344269e-07, 1.06920970211e-06, 8.2444569216e-07, 9.71864579924e-08, 3.35334050305e-07, 1.42745719245e-07, 8.24944237365e-08, 3.9664854512e-08, 2.24811298466e-08, 8.48656789287e-09, 6.82925538342e-09, 8.9955500826e-09, 2.26054641672e-09, 1.5841919998e-09, 1.46290324299e-09, 5.66346913811e-10, 2.17012394166e-10, 1.43338702019e-10, 1.32497110505e-10, 6.72589414719e-11, 3.32753373466e-11, 3.44663984853e-11, 2.43265425165e-11, 3.85185633389e-11, 5.01353368543e-11, 5.81613715522e-11, 5.97604743469e-11, 1.48662443467e-10, 4.6340739579e-10, 3.00621527671e-10, 2.70540617686e-10],
        "max": [0.0187678486109, 0.0189848765731, 0.0149558624253, 0.012173528783, 0.0137164955959, 0.00879769120365, 0.0110326241702, 0.00858425814658, 0.00766344368458, 0.0105515038595, 0.0129332384095, 0.00927828066051, 0.00617250707, 0.00857911817729, 0.00464046373963, 0.00569710554555, 0.00239860941656, 0.00194293598179, 0.00109535793308, 0.00101309199817, 0.00150753685739, 0.000842798617668, 0.000572998775169, 0.000875698460732, 0.000308347138343, 0.000222051196033, 0.000226955162361, 0.000289816467557, 0.000122275858303, 7.49192549847e-05, 7.20744792488e-05, 8.65030669956e-05, 0.000137387338327, 0.000172165193362, 0.000150489999214, 0.000146482154378, 0.000266259041382, 0.00064464379102, 0.000473079562653, 0.000363281287719],
        "mean": [0.00163937453181, 0.00118602486327, 0.00068047613604, 0.000410214503063, 0.000313449825626, 0.000296596437693, 0.000223888186156, 0.000167736972799, 0.000153583590873, 0.000284456938971, 0.000452859385405, 0.000375175033696, 0.000200069436687, 0.000253821519436, 0.000179576352821, 0.000130574480863, 0.000100709425169, 8.36092513055e-05, 6.03978842264e-05, 4.364598135e-05, 4.24896643381e-05, 2.6393778171e-05, 2.58804702753e-05, 2.25991698244e-05, 1.57013710123e-05, 1.22129104057e-05, 9.9992585092e-06, 7.794659723e-06, 6.57686769046e-06, 4.6237269089e-06, 4.37870994574e-06, 3.63220397048e-06, 3.68522137251e-06, 3.7017186969e-06, 3.46541423824e-06, 3.00230431094e-06, 3.11488884108e-06, 3.65768073607e-06, 3.50498771695e-06, 3.59036789632e-06],
        "median": [0.000154064284288, 0.000374039518647, 0.000225292431423, 0.000165645702509, 0.000115730137622, 0.000111512490548, 8.07630858617e-05, 6.7599103204e-05, 6.38945421088e-05, 0.000118762181955, 0.000170075974893, 0.000127375373268, 9.20282836887e-05, 9.03533073142e-05, 6.62395323161e-05, 6.14289092482e-05, 4.83373441966e-05, 3.97371550207e-05, 3.40502883773e-05, 2.27034433919e-05, 1.96711080207e-05, 1.35624341056e-05, 1.45965013871e-05, 1.40333604577e-05, 1.00858578662e-05, 8.41554356157e-06, 6.59847546558e-06, 5.01648310092e-06, 4.14965643358e-06, 2.88731325782e-06, 2.55292252405e-06, 2.17217530007e-06, 2.21165146286e-06, 2.20869037548e-06, 1.87966679732e-06, 1.31857939323e-06, 9.73979922492e-07, 8.07983781215e-07, 6.71889836212e-07, 5.5152281675e-07],
        "min": [7.19827056316e-24, 6.86880596154e-24, 1.49748424342e-23, 8.15791196576e-24, 6.37500980045e-24, 1.4136685611e-23, 8.58615457449e-24, 3.9118369834e-24, 3.28677239552e-24, 1.18231892899e-23, 7.22566849126e-24, 1.39534395336e-23, 1.43753838768e-23, 4.01368642044e-24, 7.66431459761e-24, 1.56807940583e-23, 5.77299888367e-24, 2.41074255749e-24, 6.95701954341e-24, 7.68935067616e-24, 4.95509724751e-24, 1.12414903582e-23, 7.87985821819e-24, 7.40644306744e-24, 3.87594815095e-24, 1.00922091605e-23, 1.26236472393e-23, 9.72174824654e-24, 9.76967391312e-24, 1.19993632293e-23, 1.19147673636e-23, 1.06261401979e-23, 8.04839598401e-24, 8.91952561531e-24, 9.12974679136e-24, 7.41377079639e-24, 1.00747808566e-23, 8.02179401656e-24, 7.91467853854e-24, 8.63325509255e-24],
        "var": [9.81709672487e-06, 2.92251706924e-06, 1.67281189078e-06, 5.33399372671e-07, 4.45272860361e-07, 3.56867474238e-07, 2.89624637162e-07, 1.19185969538e-07, 1.21429167166e-07, 2.75314874898e-07, 6.82602490087e-07, 5.36927132089e-07, 1.1825974866e-07, 2.82723419787e-07, 1.15294120917e-07, 5.90531783473e-08, 2.67770445816e-08, 1.66967488724e-08, 6.45103614971e-09, 4.99922059305e-09, 5.45164580146e-09, 1.60770741164e-09, 1.2674793437e-09, 9.46688616388e-10, 3.8329209251e-10, 1.8551440939e-10, 1.36893524294e-10, 1.04007663593e-10, 5.9431688737e-11, 3.13528335238e-11, 3.01239901079e-11, 2.34412229211e-11, 3.08890794887e-11, 3.91449372916e-11, 4.11750841756e-11, 4.46282108491e-11, 1.08166219037e-10, 2.29662247553e-10, 2.05125028074e-10, 2.28672483726e-10]
    },
    "mfcc": {
        "mean": [-613.205200195, 97.8194580078, -19.271188736, -3.2196829319, -4.45598936081, 4.7335858345, 3.9603831768, 7.20202493668, -1.74658548832, 0.0554474703968, -3.4199898243, -5.49683904648, -3.68576645851],
        "cov": [[4828.02832031, 173.589660645, 830.783630371, 696.489257812, 638.024841309, 383.738037109, 138.361175537, 114.35925293, 87.243270874, 142.926834106, 158.672012329, 229.250244141, 245.419036865], [173.589660645, 722.955078125, 4.1125125885, 199.665802002, 101.423782349, 129.702590942, 69.733215332, 80.3076095581, 13.2957420349, 41.4836730957, 45.4083213806, 33.7572441101, 32.2149353027], [830.783630371, 4.1125125885, 864.723937988, 293.866516113, 341.846496582, 64.9908065796, 49.0290870667, 7.87980413437, 47.9702377319, 45.2985687256, 60.4507789612, 128.436080933, 94.8454818726], [696.489257812, 199.665802002, 293.866516113, 462.086242676, 251.427810669, 159.716674805, 31.4476966858, 47.0195007324, 58.5280914307, 38.4035415649, 51.6981239319, 99.223197937, 92.8855895996], [638.024841309, 101.423782349, 341.846496582, 251.427810669, 382.29901123, 117.198326111, 60.2890319824, 52.0858078003, 66.4836425781, 58.0223350525, 52.9320106506, 82.0675888062, 74.2975692749], [383.738037109, 129.702590942, 64.9908065796, 159.716674805, 117.198326111, 246.478057861, 145.030395508, 80.9524230957, 52.1670684814, 52.8141021729, 64.3172531128, 45.4301300049, 52.8102455139], [138.361175537, 69.733215332, 49.0290870667, 31.4476966858, 60.2890319824, 145.030395508, 225.91293335, 84.8759536743, 46.4907150269, 60.8853530884, 60.0109405518, 24.8820209503, 33.9463005066], [114.35925293, 80.3076095581, 7.87980413437, 47.0195007324, 52.0858078003, 80.9524230957, 84.8759536743, 136.075042725, 58.5168838501, 56.7710380554, 37.1465034485, 17.7886142731, 24.0003395081], [87.243270874, 13.2957420349, 47.9702377319, 58.5280914307, 66.4836425781, 52.1670684814, 46.4907150269, 58.5168838501, 126.543251038, 49.8932304382, 31.0535011292, 23.2375164032, 18.6406803131], [142.926834106, 41.4836730957, 45.2985687256, 38.4035415649, 58.0223350525, 52.8141021729, 60.8853530884, 56.7710380554, 49.8932304382, 112.476753235, 55.8448028564, 23.8545475006, 24.0614948273], [158.672012329, 45.4083213806, 60.4507789612, 51.6981239319, 52.9320106506, 64.3172531128, 60.0109405518, 37.1465034485, 31.0535011292, 55.8448028564, 93.1878356934, 47.2898139954, 34.0709228516], [229.250244141, 33.7572441101, 128.436080933, 99.223197937, 82.0675888062, 45.4301300049, 24.8820209503, 17.7886142731, 23.2375164032, 23.8545475006, 47.2898139954, 101.083435059, 61.9182777405], [245.419036865, 32.2149353027, 94.8454818726, 92.8855895996, 74.2975692749, 52.8102455139, 33.9463005066, 24.0003395081, 18.6406803131, 24.0614948273, 34.0709228516, 61.9182777405, 93.6713409424]],
