{
"lowlevel": {
    "average_loudness": 0.669204235077,
    "barkbands_crest": {
        "dmean": 2.62210321426,
        "dmean2": 4.18860816956,
        "dvar": 5.80383110046,
        "dvar2": 13.9167585373,
        "max": 25.660282135,
        "mean": 11.0687360764,
        "median": 9.86698913574,
        "min": 2.81471681595,
        "var": 24.0758914948
    },
    "barkbands_flatness_db": {
        "dmean": 0.0185952968895,
        "dmean2": 0.0277856756002,
        "dvar": 0.000285374379018,
        "dvar2": 0.000630322960205,
        "max": 0.355946838856,
        "mean": 0.158040449023,
        "median": 0.156383216381,
        "min": 0.0346079654992,
        "var": 0.00258924905211
    },
    "barkbands_kurtosis": {
        "dmean": 1.99565136433,
        "dmean2": 3.12624835968,
        "dvar": 14.5258789062,
        "dvar2": 36.1440162659,
        "max": 149.27142334,
        "mean": 2.99868988991,
        "median": 1.47822785378,
        "min": -1.90947294235,
        "var": 29.2467041016
    },
    "barkbands_skewness": {
        "dmean": 0.427807241678,
        "dmean2": 0.638902246952,
        "dvar": 0.221912398934,
        "dvar2": 0.492772132158,
        "max": 9.60499572754,
        "mean": 0.633297562599,
        "median": 0.571663737297,
        "min": -3.52781677246,
        "var": 1.30873596668
    },
    "barkbands_spread": {
        "dmean": 4.68071222305,
        "dmean2": 6.83462238312,
        "dvar": 50.7532157898,
        "dvar2": 85.6921920776,
        "max": 109.142807007,
        "mean": 18.5807781219,
        "median": 15.3408603668,
        "min": 1.11423408985,
        "var": 209.378814697
    },
    "dissonance": {
        "dmean": 0.0298988558352,
        "dmean2": 0.0510952845216,
        "dvar": 0.000962428515777,
        "dvar2": 0.00259189866483,
        "max": 0.5,
        "mean": 0.449541509151,
        "median": 0.460915207863,
        "min": 0.213436558843,
        "var": 0.00170999206603
    },
    "dynamic_complexity": 4.14017295837,
    "erbbands_crest": {
        "dmean": 3.38380908966,
        "dmean2": 5.38611936569,
        "dvar": 9.99139118195,
        "dvar2": 22.6629199982,
        "max": 33.4303207397,
        "mean": 13.6054582596,
        "median": 12.0089712143,
        "min": 2.71855378151,
        "var": 50.5390319824
    },
    "erbbands_flatness_db": {
        "dmean": 0.0181330516934,
        "dmean2": 0.0260078459978,
        "dvar": 0.000280919630313,
        "dvar2": 0.000534428399988,
        "max": 0.380303323269,
        "mean": 0.203237071633,
        "median": 0.207409203053,
        "min": 0.0506817474961,
        "var": 0.00328404339962
    },
    "erbbands_kurtosis": {
        "dmean": 1.9397892952,
        "dmean2": 2.97199654579,
        "dvar": 9.63903713226,
        "dvar2": 20.9920425415,
        "max": 67.3452529907,
        "mean": 3.02828836441,
        "median": 1.21928167343,
        "min": -1.80026745796,
        "var": 29.6298675537
    },
    "erbbands_skewness": {
        "dmean": 0.443975418806,
        "dmean2": 0.651690781116,
        "dvar": 0.198308095336,
        "dvar2": 0.4158398211,
        "max": 6.7377448082,
        "mean": 0.746641278267,
        "median": 0.663536548615,
        "min": -4.24473667145,
        "var": 1.08065032959
    },
    "erbbands_spread": {
        "dmean": 5.86952018738,
        "dmean2": 8.70054531097,
        "dvar": 79.0872039795,
        "dvar2": 154.557983398,
        "max": 179.992095947,
        "mean": 24.3267612457,
        "median": 19.583776474,
        "min": 1.44028925896,
        "var": 344.501159668
    },
    "hfc": {
        "dmean": 6.94613409042,
        "dmean2": 9.39441871643,
        "dvar": 115.195724487,
        "dvar2": 209.46875,
        "max": 288.695892334,
        "mean": 20.9906291962,
        "median": 12.7476291656,
        "min": 1.06112264226e-16,
        "var": 512.678649902
    },
    "melbands_crest": {
        "dmean": 3.12754464149,
        "dmean2": 5.01948213577,
        "dvar": 8.34921360016,
        "dvar2": 20.1076164246,
        "max": 32.2921905518,
        "mean": 13.2144050598,
        "median": 12.1584129333,
        "min": 1.49303972721,
        "var": 32.4193153381
    },
    "melbands_flatness_db": {
        "dmean": 0.0197463911027,
        "dmean2": 0.0287136621773,
        "dvar": 0.000393023656216,
        "dvar2": 0.000823713489808,
        "max": 0.457788974047,
        "mean": 0.200247243047,
        "median": 0.19710034132,
        "min": 0.0025905421935,
        "var": 0.00474551785737
    },
    "melbands_kurtosis": {
        "dmean": 3.21440887451,
        "dmean2": 5.12412834167,
        "dvar": 58.7050971985,
        "dvar2": 152.611785889,
        "max": 216.199737549,
        "mean": 5.40891933441,
        "median": 2.45382738113,
        "min": -1.88973450661,
        "var": 105.24193573
    },
    "melbands_skewness": {
        "dmean": 0.498735636473,
        "dmean2": 0.747424125671,
        "dvar": 0.343880802393,
        "dvar2": 0.783306658268,
        "max": 11.4333267212,
        "mean": 1.15017008781,
        "median": 0.986019015312,
        "min": -2.35238647461,
        "var": 1.90242099762
    },
    "melbands_spread": {
        "dmean": 6.96726036072,
        "dmean2": 10.254067421,
        "dvar": 131.191101074,
        "dvar2": 237.648284912,
        "max": 270.270080566,
        "mean": 29.5020313263,
        "median": 23.3189239502,
        "min": 0.748150110245,
        "var": 794.200744629
    },
    "pitch_salience": {
        "dmean": 0.0632742419839,
        "dmean2": 0.100407384336,
        "dvar": 0.00333093618974,
        "dvar2": 0.00816669408232,
        "max": 0.917832016945,
        "mean": 0.539352834225,
        "median": 0.545351147652,
        "min": 0.116936251521,
        "var": 0.0173448454589
    },
    "silence_rate_20dB": {
        "dmean": 0,
        "dmean2": 0,
        "dvar": 0,
        "dvar2": 0,
        "max": 1,
        "mean": 1,
        "median": 1,
        "min": 1,
        "var": 0
    },
    "silence_rate_30dB": {
        "dmean": 0.00212791119702,
        "dmean2": 0.00425632530823,
        "dvar": 0.00212321802974,
        "dvar2": 0.00494743930176,
        "max": 1,
        "mean": 0.9978723526,
        "median": 1,
        "min": 0,
        "var": 0.00212295632809
    },
    "silence_rate_60dB": {
        "dmean": 0.0215155463666,
        "dmean2": 0.0430361777544,
        "dvar": 0.0210500601679,
        "dvar2": 0.0504117980599,
        "max": 1,
        "mean": 0.103191487491,
        "median": 0,
        "min": 0,
        "var": 0.0925426334143
    },
    "spectral_centroid": {
        "dmean": 207.978775024,
        "dmean2": 298.037078857,
        "dvar": 82073.046875,
        "dvar2": 143385.4375,
        "max": 12036.1298828,
        "mean": 1650.5847168,
        "median": 1312.86962891,
        "min": 210.58555603,
        "var": 3277213.25
    },
    "spectral_complexity": {
        "dmean": 2.07991480827,
        "dmean2": 3.33695912361,
        "dvar": 4.06111955643,
        "dvar2": 9.37490367889,
        "max": 49,
        "mean": 13.6060285568,
        "median": 14,
        "min": 0,
        "var": 44.2085838318
    },
    "spectral_decrease": {
        "dmean": 1.46726697459e-09,
        "dmean2": 2.13490580769e-09,
        "dvar": 4.4808630208e-18,
        "dvar2": 9.58264006942e-18,
        "max": 1.70269648787e-28,
        "mean": -4.72063721446e-09,
        "median": -3.37464634015e-09,
        "min": -3.66293129161e-08,
        "var": 1.83477064019e-17
    },
    "spectral_energy": {
        "dmean": 0.00608945917338,
        "dmean2": 0.00880264397711,
        "dvar": 7.49787432142e-05,
        "dvar2": 0.000157911912538,
        "max": 0.152441337705,
        "mean": 0.0197206679732,
        "median": 0.0140577573329,
        "min": 9.84063735997e-21,
        "var": 0.000318761536619
    },
    "spectral_energyband_high": {
        "dmean": 0.000256534462096,
        "dmean2": 0.000347246124875,
        "dvar": 6.05154411915e-07,
        "dvar2": 1.03929767192e-06,
        "max": 0.0293912030756,
        "mean": 0.000545959162991,
        "median": 0.000182160001714,
        "min": 7.08275418982e-21,
        "var": 1.79390394806e-06
    },
    "spectral_energyband_low": {
        "dmean": 0.00126572570298,
        "dmean2": 0.0021149602253,
        "dvar": 1.49001361933e-05,
        "dvar2": 4.01228389819e-05,
        "max": 0.0719013437629,
        "mean": 0.00256235571578,
        "median": 0.00154156086501,
        "min": 9.64122526964e-24,
        "var": 1.77578003786e-05
    },
    "spectral_energyband_middle_high": {
        "dmean": 0.00413801567629,
        "dmean2": 0.0058086803183,
        "dvar": 5.6312437664e-05,
        "dvar2": 0.000110906672489,
        "max": 0.146937727928,
        "mean": 0.0112582826987,
        "median": 0.00399706931785,
        "min": 1.16143064637e-21,
        "var": 0.000232329315622
    },
    "spectral_energyband_middle_low": {
        "dmean": 0.00228097429499,
        "dmean2": 0.00345773948357,
        "dvar": 2.05064297916e-05,
        "dvar2": 4.56558518636e-05,
        "max": 0.124020934105,
        "mean": 0.00581175275147,
        "median": 0.00358628178947,
        "min": 1.5726926644e-22,
        "var": 6.36633776594e-05
    },
    "spectral_entropy": {
        "dmean": 0.153584226966,
        "dmean2": 0.219282716513,
        "dvar": 0.0237897634506,
        "dvar2": 0.04121985659,
        "max": 9.8252248764,
        "mean": 7.33537721634,
        "median": 7.28535747528,
        "min": 5.27394390106,
        "var": 0.429751545191
    },
    "spectral_flux": {
        "dmean": 0.0249594505876,
        "dmean2": 0.03976367414,
        "dvar": 0.00083597516641,
        "dvar2": 0.00212895590812,
        "max": 0.352417230606,
        "mean": 0.0752824023366,
        "median": 0.0626617223024,
        "min": 6.29643906458e-11,
        "var": 0.00255561666563
    },
    "spectral_kurtosis": {
        "dmean": 1.91614055634,
        "dmean2": 3.22797298431,
        "dvar": 4.51006650925,
        "dvar2": 13.1170778275,
        "max": 38.5047607422,
        "mean": 6.01981592178,
        "median": 5.38759469986,
        "min": -1.49454927444,
        "var": 17.6177654266
    },
    "spectral_rms": {
        "dmean": 0.000614277494606,
        "dmean2": 0.000869335082825,
        "dvar": 4.77953051359e-07,
        "dvar2": 9.64158971328e-07,
        "max": 0.0121952146292,
        "mean": 0.00392710464075,
        "median": 0.00370336137712,
        "min": 3.0984869618e-12,
        "var": 3.81753898182e-06
    },
    "spectral_rolloff": {
        "dmean": 415.806884766,
        "dmean2": 677.035522461,
        "dvar": 1150544.5,
        "dvar2": 2057900.25,
        "max": 19702.8808594,
        "mean": 2156.43041992,
        "median": 1227.39257812,
        "min": 107.666015625,
        "var": 11870231
    },
    "spectral_skewness": {
        "dmean": 0.235088452697,
        "dmean2": 0.373281121254,
        "dvar": 0.0534925721586,
        "dvar2": 0.12528796494,
        "max": 4.72714948654,
        "mean": 1.77760148048,
        "median": 1.75357937813,
        "min": -0.286082059145,
        "var": 0.458040446043
    },
    "spectral_spread": {
        "dmean": 488457.96875,
        "dmean2": 675903.375,
        "dvar": 916979253248,
        "dvar2": 1.28021679309e+12,
        "max": 43103560,
        "mean": 5271487,
        "median": 3659681,
        "min": 1921611.625,
        "var": 4.4846064599e+13
    },
    "spectral_strongpeak": {
        "dmean": 0.925188302994,
        "dmean2": 1.43593859673,
        "dvar": 1.6319950819,
        "dvar2": 3.66386842728,
        "max": 19.9762783051,
        "mean": 2.16471385956,
        "median": 1.1195538044,
        "min": 0,
        "var": 5.98209095001
    },
    "zerocrossingrate": {
        "dmean": 0.00966587942094,
        "dmean2": 0.0104580400512,
        "dvar": 0.000357258308213,
        "dvar2": 0.000337287259754,
        "max": 0.7353515625,
        "mean": 0.0748162865639,
        "median": 0.05322265625,
        "min": 0.00390625,
        "var": 0.00796305947006
    },
    "barkbands": {
        "dmean": [3.44019863405e-05, 0.000894078984857, 0.000488410703838, 0.000215560823563, 0.000485184136778, 0.000509641133249, 0.000337256147759, 0.000248096388532, 0.00120621034876, 0.00163044978399, 0.00207260344177, 0.000875026045833, 0.000584427150898, 0.000559256761335, 0.000406758394092, 0.000256916478975, 0.000140474119689, 0.000139630472404, 0.000113774854981, 9.83309655567e-05, 6.91469176672e-05, 2.49756103585e-05, 2.9175031159e-05, 6.01772408118e-05, 5.28502459929e-05, 1.02518315543e-05, 3.08699782181e-07],
        "dmean2": [5.62825516681e-05, 0.00148218648974, 0.000838534557261, 0.000368424924091, 0.000775503867771, 0.000808007142041, 0.00051063823048, 0.000388794433093, 0.00186306971591, 0.00247138459235, 0.00312198488973, 0.00121296488214, 0.000837841129396, 0.000848193245474, 0.000621820159722, 0.000377036136342, 0.000219965222641, 0.000215449559619, 0.000174161905306, 0.000144032936078, 0.000104268307041, 3.72114118363e-05, 4.18669405917e-05, 8.33791928017e-05, 7.14415073162e-05, 1.37888146128e-05, 5.00627265865e-07],
        "dvar": [9.72420988177e-09, 7.62488207329e-06, 2.52672543866e-06, 2.4475937721e-07, 1.39191581638e-06, 9.84179450825e-07, 2.41401016865e-06, 1.71173087438e-06, 1.57909908012e-05, 2.76183745882e-05, 3.34012547683e-05, 7.29667362975e-06, 5.45271132069e-06, 3.36440916726e-06, 1.89063791822e-06, 1.04563832792e-06, 6.45811326194e-07, 1.27524003801e-07, 6.84903511683e-08, 6.85295873382e-08, 3.51750273353e-08, 1.49572212393e-08, 2.25342589033e-08, 8.19034511323e-08, 9.15731774853e-08, 4.48025483379e-09, 8.12185735333e-12],
        "dvar2": [2.36315873536e-08, 2.04053758353e-05, 7.16877912055e-06, 6.79208653764e-07, 3.16264754474e-06, 2.40656481765e-06, 4.73557111036e-06, 3.57450539923e-06, 3.65151354345e-05, 6.24908789177e-05, 6.80878583807e-05, 1.23731060739e-05, 1.05240005723e-05, 7.01603130437e-06, 4.20102969656e-06, 1.93135178961e-06, 1.49110076109e-06, 2.9374746191e-07, 1.44404722846e-07, 1.35431648118e-07, 7.86094744853e-08, 2.95689748242e-08, 4.45465531129e-08, 1.63360169836e-07, 1.70984108649e-07, 8.53280202051e-09, 1.72336433318e-11],
        "max": [0.00193817762192, 0.0489537604153, 0.0266544483602, 0.00950265489519, 0.0429501309991, 0.0202292259783, 0.108269244432, 0.0790482759476, 0.112747184932, 0.110794700682, 0.0932199507952, 0.0500857047737, 0.0538168102503, 0.0584309622645, 0.0341676734388, 0.031914383173, 0.0514734350145, 0.009491764009, 0.00710929697379, 0.00818056240678, 0.00429001636803, 0.00632024789229, 0.00720123108476, 0.015973450616, 0.0171063579619, 0.00276186410338, 0.000156867026817],
        "mean": [5.40661785635e-05, 0.00154853775166, 0.000796619919129, 0.000355599855538, 0.000970082473941, 0.000946408894379, 0.000649217457976, 0.000375914853066, 0.00192355609033, 0.00251399585977, 0.00385183771141, 0.00161082774866, 0.00102606345899, 0.000838940381072, 0.000559794774745, 0.000387003965443, 0.000232832593611, 0.000246121286182, 0.000210646627238, 0.000201224029297, 0.000129328269395, 4.30091968155e-05, 5.16183463333e-05, 0.00010491420835, 7.78293906478e-05, 1.44144732985e-05, 2.89017975774e-07],
        "median": [1.48782637552e-05, 0.000826236559078, 0.000425322097726, 0.000158567199833, 0.000517755863257, 0.000490517355502, 0.000254419748671, 8.81206433405e-05, 0.000324060558341, 0.000215180567466, 0.000226359232329, 0.000128266401589, 0.000119969830848, 0.000126713319332, 0.000113891888759, 7.94297957327e-05, 5.23160379089e-05, 8.16477549961e-05, 8.52525918162e-05, 5.69892072235e-05, 2.37691601797e-05, 7.47062767914e-06, 1.27426155814e-05, 1.89798884094e-05, 7.90835292719e-06, 1.33147204906e-06, 1.03847863642e-08],
        "min": [6.41483889452e-25, 2.52551235287e-24, 6.05933330416e-25, 8.89879868946e-25, 8.9463547747e-24, 4.82854620895e-24, 5.86599256819e-24, 5.2030709399e-24, 1.14352401185e-23, 1.12948780977e-23, 9.21015617229e-24, 2.11256666428e-23, 1.22714042791e-23, 3.19586674693e-23, 3.37977704521e-23, 2.50654999053e-23, 4.72404272827e-23, 5.66726383335e-23, 1.02263200898e-22, 1.42015485945e-22, 2.2309529136e-22, 2.66169621139e-22, 3.53774909205e-22, 4.70126414875e-22, 8.03602632947e-22, 1.24920600023e-21, 1.93410760943e-21],
        "var": [1.87829662934e-08, 9.42614587984e-06, 2.12301370084e-06, 3.3587548387e-07, 3.19571881846e-06, 2.13917383007e-06, 3.63315848517e-06, 3.08138942273e-06, 3.12332667818e-05, 5.07225486217e-05, 9.385246085e-05, 2.40632398345e-05, 1.65944566106e-05, 5.46218552699e-06, 2.88157161776e-06, 2.02031651497e-06, 1.17805018363e-06, 2.60852459633e-07, 1.51275699523e-07, 1.87916185723e-07, 1.0440062681e-07, 3.72012287642e-08, 5.68360434272e-08, 1.67558852127e-07, 1.96884187176e-07, 7.79968711839e-09, 9.2674973598e-12]
    },
    "erbbands": {
        "dmean": [0.0231405813247, 0.22266574204, 0.565669536591, 0.5816629529, 1.09632456303, 1.99040412903, 2.67614388466, 4.59691381454, 4.7382273674, 4.88150310516, 6.85355758667, 26.3107013702, 38.296207428, 59.7409095764, 73.4598617554, 31.018737793, 23.978685379, 26.622844696, 23.7194309235, 16.1465511322, 11.3710002899, 6.95963764191, 6.2189245224, 7.66300344467, 3.60813117027, 4.50999641418, 3.59983110428, 1.96632564068, 0.860663235188, 0.661919355392, 0.916793942451, 1.24933934212, 1.00718343258, 0.782903254032, 0.265874236822, 0.0676281303167, 0.0155111011118, 0.00169794005342, 6.74021357554e-05, 9.99869462248e-06],
        "dmean2": [0.0355689898133, 0.373098552227, 0.970510184765, 0.981931269169, 1.81230294704, 3.21606087685, 4.19262170792, 7.2087521553, 7.13273668289, 7.31796693802, 10.2139797211, 40.4575500488, 56.6934432983, 86.2862091064, 104.624641418, 41.0036659241, 33.908908844, 38.63123703, 35.1676101685, 23.7697219849, 16.6900081635, 10.4641170502, 9.3176202774, 11.4820327759, 5.1608042717, 6.41549253464, 5.20594596863, 2.94258928299, 1.24803245068, 0.946629583836, 1.34875559807, 1.78367710114, 1.391674757, 1.07377028465, 0.361986666918, 0.0917108654976, 0.0211719814688, 0.00235478393734, 9.78438183665e-05, 1.41026166602e-05],
        "dvar": [0.00423980411142, 0.536308526993, 3.84663081169, 2.16050696373, 5.88330411911, 28.0567951202, 34.30834198, 99.5452957153, 234.230041504, 590.930725098, 980.829833984, 7427.69091797, 15716.6894531, 38251.5820312, 37706.7460938, 8043, 7715.75195312, 9985.90234375, 5060.40869141, 3740.14868164, 2504.46459961, 1456.74890137, 383.642089844, 274.964050293, 74.7665252686, 153.090789795, 89.2668685913, 45.9969940186, 19.061258316, 12.4952125549, 23.5593624115, 58.9922332764, 20.1220836639, 19.2491054535, 2.73603534698, 0.20456430316, 0.00886617321521, 0.000132044995553, 2.87476353833e-07, 7.24364568327e-10],
        "dvar2": [0.00946378707886, 1.42798852921, 10.7743310928, 5.91564273834, 14.961930275, 62.8406448364, 83.1698379517, 242.279495239, 539.306518555, 1051.56347656, 1804.69934082, 16888.3769531, 34419.5507812, 79284.75, 77828.078125, 13544.2480469, 15136.7734375, 18800.3515625, 10089.0800781, 7980.2734375, 4908.46923828, 2744.6640625, 881.321411133, 582.65826416, 150.136611938, 311.569641113, 178.364578247, 105.64516449, 37.1752700806, 21.6266078949, 50.6689567566, 137.201889038, 35.8272438049, 37.0594787598, 5.25733327866, 0.389687418938, 0.0167328976095, 0.000285668153083, 5.75731462504e-07, 1.500427671e-09],
        "max": [1.26342129707, 13.488284111, 34.9755325317, 27.7112636566, 89.6932449341, 216.922149658, 162.316299438, 239.738769531, 923.378662109, 1724.71728516, 2320.20385742, 2931.95410156, 3684.90283203, 5141.02636719, 4295.98974609, 2434.72192383, 2639.01806641, 3263.83789062, 1955.23364258, 2262.53686523, 2047.2532959, 2634.21508789, 532.219482422, 420.686279297, 288.878570557, 448.482879639, 299.742736816, 211.890838623, 217.00453186, 170.242584229, 196.275299072, 583.02947998, 175.093200684, 265.441864014, 65.1474304199, 16.390996933, 2.96151828766, 0.420072942972, 0.0298712365329, 0.00159673381131],
        "mean": [0.0450247451663, 0.34510871768, 0.910076618195, 1.06651854515, 2.03164219856, 3.68481850624, 5.18448829651, 8.35884857178, 9.26633358002, 8.74316310883, 11.8892059326, 42.4965553284, 64.4465179443, 109.536994934, 150.589523315, 63.3508720398, 47.8207511902, 43.8755912781, 38.2609100342, 24.5017147064, 18.8012981415, 13.2040681839, 12.1611804962, 14.7982034683, 8.32757282257, 9.63190460205, 6.90659475327, 4.14970493317, 1.68075418472, 1.22070896626, 1.6069945097, 2.12299513817, 1.70457410812, 1.17058801651, 0.37800219655, 0.0951154232025, 0.0219833031297, 0.00224867532961, 9.06886707526e-05, 2.84333436866e-05],
        "median": [0.0211480278522, 0.189281791449, 0.510495662689, 0.612850725651, 1.06805765629, 1.91592407227, 2.5627245903, 4.37563037872, 3.88628149033, 3.63350915909, 3.17701435089, 8.12849235535, 9.69379234314, 15.7392253876, 13.3469734192, 9.51137924194, 8.96032524109, 8.34955787659, 9.15677070618, 7.38348484039, 4.70194149017, 3.32122325897, 4.39254808426, 6.21009159088, 3.6981947422, 2.88839673996, 1.89659774303, 0.652491092682, 0.309933781624, 0.253106921911, 0.407605230808, 0.455384254456, 0.253347456455, 0.128254383802, 0.032751314342, 0.00703646149486, 0.00245167687535, 0.000276749866316, 1.97749832296e-05, 1.97919671336e-05],
        "min": [8.527817995e-23, 2.30138569687e-22, 1.39689944191e-21, 4.7717682703e-21, 7.92702286749e-21, 2.23663336845e-20, 1.46109596798e-20, 5.25530590622e-20, 8.12926287271e-20, 1.5139439557e-19, 1.92851240305e-19, 3.13584247767e-19, 4.68846953472e-19, 5.96425655984e-19, 7.07444306031e-19, 1.04606366618e-18, 1.2388905305e-18, 1.92265518884e-18, 2.03350504234e-18, 2.7716076087e-18, 2.78410837571e-18, 3.61168272623e-18, 3.89685282882e-18, 5.28919425514e-18, 5.7695487902e-18, 7.15291282533e-18, 7.78510297927e-18, 9.16402960401e-18, 9.10330213934e-18, 9.17626112373e-18, 1.10654068124e-17, 9.65609701654e-18, 8.89140328182e-18, 6.58264127615e-18, 5.61029791072e-18, 3.74493449188e-18, 2.03087067888e-18, 9.52335417377e-19, 2.49581819955e-19, 2.64569211437e-20],
        "var": [0.00907124392688, 0.521022319794, 3.05228614807, 2.47104024887, 11.2999410629, 57.8920402527, 92.4711685181, 178.883865356, 401.100891113, 983.581665039, 2244.05493164, 14781.4072266, 35643.2421875, 92957.015625, 138475.328125, 31097.6191406, 26211.2109375, 18893.0605469, 9955.93945312, 5643.89306641, 4853.08935547, 3317.06176758, 781.27142334, 641.500366211, 223.410415649, 425.586212158, 217.852859497, 177.594940186, 48.167678833, 36.4325256348, 53.3864784241, 98.4916992188, 44.6561698914, 39.3994483948, 5.41414117813, 0.37344828248, 0.0156190339476, 0.000187711339095, 3.94794398062e-07, 1.34293021148e-09]
    },
    "gfcc": {
        "mean": [-71.0159683228, 98.3750686646, -129.824676514, 18.0408611298, -56.5414543152, 20.1905612946, -34.0581169128, 12.8386726379, -28.2395076752, -2.47660374641, -4.96700143814, -5.82843971252, -1.74996447563],
        "cov": [[42414.7421875, 2393.84277344, -5165.20751953, 898.463012695, -1952.38195801, 1179.46166992, -1035.73168945, 580.591796875, -1170.20166016, 5.40385961533, -55.7860221863, -92.3391647339, 78.1380615234], [2393.84277344, 1638.88879395, -171.253250122, 101.897506714, 86.3945770264, -114.383277893, -39.6862335205, -21.8288993835, -38.5453453064, -39.1026496887, 112.470428467, -145.159683228, -6.01769924164], [-5165.20751953, -171.253250122, 1829.5892334, 231.015609741, 344.470092773, 53.6843261719, -7.82945871353, 14.5221691132, 149.832000732, 108.241287231, -12.1717748642, 127.067604065, -54.1215133667], [898.463012695, 101.897506714, 231.015609741, 491.227050781, 76.8551864624, 81.7098312378, -39.3087272644, 12.6848888397, 0.432892888784, 49.0116462708, 17.6047954559, 36.2110977173, 37.9676895142], [-1952.38195801, 86.3945770264, 344.470092773, 76.8551864624, 376.8777771, 17.2771339417, 105.70098877, -1.74290466309, 44.4437942505, 31.2081737518, 70.2739944458, -7.01609420776, 25.533662796], [1179.46166992, -114.383277893, 53.6843261719, 81.7098312378, 17.2771339417, 332.978179932, 62.0815124512, 12.2677078247, -78.1530456543, 41.225440979, 54.1552963257, 14.8397932053, 25.9683742523], [-1035.73168945, -39.6862335205, -7.82945871353, -39.3087272644, 105.70098877, 62.0815124512, 254.551040649, -28.1105747223, -16.3211917877, -3.11134028435, 49.9872779846, -29.7121963501, 24.2439479828], [580.591796875, -21.8288993835, 14.5221691132, 12.6848888397, -1.74290466309, 12.2677078247, -28.1105747223, 161.529067993, 34.9810752869, -9.61996555328, -21.3188209534, 24.9171562195, 4.38111019135], [-1170.20166016, -38.5453453064, 149.832000732, 0.432892888784, 44.4437942505, -78.1530456543, -16.3211917877, 34.9810752869, 151.432998657, 2.00289583206, -31.7074604034, 17.974691391, -13.9069032669], [5.40385961533, -39.1026496887, 108.241287231, 49.0116462708, 31.2081737518, 41.225440979, -3.11134028435, -9.61996555328, 2.00289583206, 136.752548218, 29.7957878113, -1.51760792732, -18.010055542], [-55.7860221863, 112.470428467, -12.1717748642, 17.6047954559, 70.2739944458, 54.1552963257, 49.9872779846, -21.3188209534, -31.7074604034, 29.7957878113, 161.333709717, -21.7068023682, 23.2082481384], [-92.3391647339, -145.159683228, 127.067604065, 36.2110977173, -7.01609420776, 14.8397932053, -29.7121963501, 24.9171562195, 17.974691391, -1.51760792732, -21.7068023682, 136.859802246, 24.0648365021], [78.1380615234, -6.01769924164, -54.1215133667, 37.9676895142, 25.533662796, 25.9683742523, 24.2439479828, 4.38111019135, -13.9069032669, -18.010055542, 23.2082481384, 24.0648365021, 106.65221405]],
        "icov": [[0.000192111489014, -0.000308581074933, 0.000497696339153, -0.000387629668694, 0.000428360275691, -0.000698072544765, 0.000531186058652, -0.000703260360751, 0.000774263578933, -0.000316245917929, 0.000280095031485, -0.000324029882904, 0.000267671362963], [-0.000308581074933, 0.00129197374918, -0.000756196968723, 0.00035376183223, -0.000898051774129, 0.00147799600381, -0.000564637593925, 0.00104579480831, -0.00099439790938, 0.000886707741302, -0.00103628751822, 0.0012826215243, -0.000314008531859], [0.000497696339153, -0.000756196968723, 0.00216495175846, -0.00123245187569, 0.00029508039006, -0.00203056097962, 0.0015547091607, -0.00161115999799, 0.00144781020936, -0.00109248142689, 0.000922121980693, -0.0015913998941, 0.00142933125608], [-0.000387629668694, 0.00035376183223, -0.00123245187569, 0.00336409406736, -0.00119796057697, 0.000755635381211, -0.000427904684329, 0.00143703131471, -0.0015720447991, -0.000105216822703, -0.000264646892902, 0.000317244819598, -0.00161475560162], [0.000428360275691, -0.000898051774129, 0.00029508039006, -0.00119796057697, 0.00539569091052, -0.00123513559811, -0.000507237331476, -0.00181692058686, 0.000774754968006, -0.000998117960989, -0.00070414802758, -0.000130404398078, -0.000474277010653], [-0.000698072544765, 0.00147799600381, -0.00203056097962, 0.000755635381211, -0.00123513559811, 0.00693609053269, -0.00295843952335, 0.00149480055552, -0.000393252586946, 0.000298001599731, -0.00199450552464, 0.0010163502302, -0.00128289801069], [0.000531186058652, -0.000564637593925, 0.0015547091607, -0.000427904684329, -0.000507237331476, -0.00295843952335, 0.0069140214473, -0.00114013510756, 0.0020643370226, -0.000233280705288, 0.000136084287078, 0.00018113819533, -3.51358698936e-06], [-0.000703260360751, 0.00104579480831, -0.00161115999799, 0.00143703131471, -0.00181692058686, 0.00149480055552, -0.00114013510756, 0.00965123064816, -0.00487212091684, 0.00171595998108, -0.000403766374802, 0.000286450493149, -0.00114348670468], [0.000774263578933, -0.00099439790938, 0.00144781020936, -0.0015720447991, 0.000774754968006, -0.000393252586946, 0.0020643370226, -0.00487212091684, 0.0126287015155, -0.00170195568353, 0.00209572236054, -0.00166800548322, 0.00159175880253], [-0.000316245917929, 0.000886707741302, -0.00109248142689, -0.000105216822703, -0.000998117960989, 0.000298001599731, -0.000233280705288, 0.00171595998108, -0.00170195568353, 0.00948882009834, -0.00234376173466, 0.00100226595532, 0.00157802808098], [0.000280095031485, -0.00103628751822, 0.000922121980693, -0.000264646892902, -0.00070414802758, -0.00199450552464, 0.000136084287078, -0.000403766374802, 0.00209572236054, -0.00234376173466, 0.00899028219283, -9.14592383197e-05, -0.00111988512799], [-0.000324029882904, 0.0012826215243, -0.0015913998941, 0.000317244819598, -0.000130404398078, 0.0010163502302, 0.00018113819533, 0.000286450493149, -0.00166800548322, 0.00100226595532, -9.14592383197e-05, 0.0105045707896, -0.00327850994654], [0.000267671362963, -0.000314008531859, 0.00142933125608, -0.00161475560162, -0.000474277010653, -0.00128289801069, -3.51358698936e-06, -0.00114348670468, 0.00159175880253, 0.00157802808098, -0.00111988512799, -0.00327850994654, 0.0123937893659]]
    },
    "melbands": {
        "dmean": [0.000221249298193, 0.000287263595965, 0.000108117252239, 0.0001125988274, 8.85482440935e-05, 0.000100878132798, 7.13415793143e-05, 5.21317815583e-05, 6.82909667375e-05, 0.000181949319085, 0.00019789673388, 0.000241649730015, 0.000264431233518, 0.000123445672216, 6.4187355747e-05, 5.5458938732e-05, 5.33891143277e-05, 4.33818895544e-05, 2.76682458207e-05, 1.9827955839e-05, 1.3346410924e-05, 8.56241967995e-06, 6.41752239972e-06, 7.01350427335e-06, 7.03819750925e-06, 3.31232877215e-06, 2.52491372521e-06, 3.54395297109e-06, 2.89510330731e-06, 1.65517042205e-06, 1.12698558041e-06, 5.53804284209e-07, 4.08651118278e-07, 3.87152567782e-07, 5.25851930888e-07, 6.77069806443e-07, 8.48752335969e-07, 7.55801124797e-07, 6.83770736032e-07, 7.02450961398e-07],
        "dmean2": [0.000359287048923, 0.000490230508149, 0.00018327444559, 0.000183042604476, 0.000137901195558, 0.000158588780323, 0.000107005624159, 7.84700750955e-05, 0.000103692094854, 0.000278822641121, 0.000293113320367, 0.00035117517109, 0.000384726736229, 0.000168797138031, 8.98511134437e-05, 7.90341728134e-05, 7.8855206084e-05, 6.46815460641e-05, 4.16545590269e-05, 2.89737672574e-05, 2.03340496228e-05, 1.34474885272e-05, 9.83208519756e-06, 1.07221949293e-05, 1.07193482108e-05, 4.9066657084e-06, 3.63397862202e-06, 5.19987997905e-06, 4.29759620602e-06, 2.53096732195e-06, 1.73543651272e-06, 8.27898077205e-07, 6.00853695687e-07, 5.60345085887e-07, 7.9043019241e-07, 1.00341458165e-06, 1.20747847632e-06, 1.07418952666e-06, 9.59137310019e-07, 9.95910681922e-07],
        "dvar": [4.15006695675e-07, 9.93480398392e-07, 6.72475763963e-08, 7.95878563054e-08, 3.71887161066e-08, 4.37214922044e-08, 7.3521817967e-08, 5.92986175718e-08, 7.92322865095e-08, 3.59218574886e-07, 4.12618021528e-07, 6.30018519132e-07, 4.7232867928e-07, 1.21952723475e-07, 4.85751563417e-08, 5.75177949713e-08, 3.85340719333e-08, 1.70848561964e-08, 9.61951585055e-09, 6.37349995003e-09, 4.82261031109e-09, 3.17363624269e-09, 4.74695505126e-10, 3.82836956581e-10, 2.52963205938e-10, 6.19463785823e-11, 4.08037249822e-11, 1.09585750196e-10, 6.82394002416e-11, 2.48465692465e-11, 1.84654947583e-11, 7.09601604906e-12, 5.99770797263e-12, 3.93560357914e-12, 7.98584202238e-12, 1.25096599746e-11, 2.60088357101e-11, 1.16026572031e-11, 1.05475784357e-11, 1.9279603955e-11],
        "dvar2": [1.05430058284e-06, 2.70685245596e-06, 1.84852297025e-07, 1.9029320697e-07, 8.46487253625e-08, 1.05661719374e-07, 1.63061727676e-07, 1.03984532984e-07, 1.4468028553e-07, 8.11754830465e-07, 8.9960991545e-07, 1.32528373342e-06, 9.68766585174e-07, 2.06107287681e-07, 8.43648777504e-08, 1.15303855353e-07, 7.60360947538e-08, 3.35904708493e-08, 2.07833394938e-08, 1.15151443936e-08, 9.94936755205e-09, 6.56445564573e-09, 1.08304565316e-09, 8.52106496474e-10, 5.37448863192e-10, 1.21853790946e-10, 7.89442747284e-11, 2.22846019415e-10, 1.38626346513e-10, 5.70772318298e-11, 4.40389356926e-11, 1.44919362968e-11, 1.17343851649e-11, 7.23151139664e-12, 1.73236910928e-11, 3.02988328871e-11, 5.78986789068e-11, 2.20373528453e-11, 1.89394975397e-11, 4.14892842304e-11],
        "max": [0.0116089014336, 0.0182026773691, 0.00477100815624, 0.0101422639564, 0.00737479841337, 0.00467059854418, 0.0183904860169, 0.015359329991, 0.0192805919796, 0.0190926641226, 0.0180163066834, 0.0211357660592, 0.0139232957736, 0.00671486463398, 0.0075512942858, 0.00629795435816, 0.00579568883404, 0.00325641990639, 0.0030871226918, 0.00309195020236, 0.00346868345514, 0.00396464485675, 0.000622530002147, 0.000773381267209, 0.000410612352425, 0.000302707368974, 0.000239054337726, 0.000335482909577, 0.000319902057527, 0.000138900897582, 0.000116270268336, 0.000127716004499, 0.000126543804072, 8.79138460732e-05, 0.000111831664981, 0.000218007233343, 0.000373630551621, 0.000122584082419, 0.000136879694765, 0.000266483664745],
        "mean": [0.000415377726313, 0.000479476788314, 0.000210916492506, 0.000217325738049, 0.000179910523002, 0.000188487698324, 0.000137009701575, 8.83051325218e-05, 0.000115103808639, 0.000285832444206, 0.00032173996442, 0.000422346696723, 0.000534987892024, 0.000233429047512, 0.000123559133499, 9.39484816627e-05, 7.98130495241e-05, 6.51937152725e-05, 3.73285911337e-05, 2.94347028102e-05, 1.99353944481e-05, 1.36827147799e-05, 1.10206956379e-05, 1.21775010484e-05, 1.228846304e-05, 6.59330544295e-06, 5.27465863343e-06, 6.84886572344e-06, 4.9544223657e-06, 2.87476609628e-06, 2.17480487663e-06, 9.61767909757e-07, 6.83958660375e-07, 6.5840760044e-07, 8.5897511326e-07, 1.11726001251e-06, 1.37215181439e-06, 1.21958635191e-06, 1.08074914351e-06, 9.74360204964e-07],
        "median": [0.000213400053326, 0.000287346192636, 0.000127901599626, 0.000116453418741, 9.84296639217e-05, 0.000101475001429, 5.68920004298e-05, 3.24734355672e-05, 2.50219745794e-05, 4.69538535981e-05, 3.55677620973e-05, 4.32912820543e-05, 3.59116311301e-05, 1.85592871276e-05, 1.40749662023e-05, 1.27397852339e-05, 1.10448072519e-05, 1.06987408799e-05, 8.00915586296e-06, 6.35337210042e-06, 3.57935596185e-06, 2.85928672383e-06, 2.81228176391e-06, 3.94970811612e-06, 4.46001286036e-06, 2.63202582573e-06, 1.74864430846e-06, 1.72555883182e-06, 1.20320032693e-06, 4.68421887945e-07, 2.01745237405e-07, 1.49624540313e-07, 1.12328280011e-07, 1.29343973754e-07, 1.93496106249e-07, 2.75428902796e-07, 2.54620090345e-07, 1.68127613165e-07, 1.35400540557e-07, 8.60501501165e-08],
        "min": [1.09559871999e-24, 9.63277361112e-25, 1.2749283002e-24, 1.60405379024e-24, 5.80689041892e-25, 1.33418713697e-24, 1.24811698879e-24, 1.44836341313e-24, 1.55403921999e-24, 1.65173747374e-24, 1.96510063542e-24, 2.32837443493e-24, 1.88913431632e-24, 2.27700874317e-24, 3.2835599567e-24, 1.80913139598e-24, 2.73504465613e-24, 2.39871755628e-24, 2.55354945552e-24, 2.40729562977e-24, 3.25244767703e-24, 2.93049105908e-24, 3.309066788e-24, 2.76329415958e-24, 4.0889981822e-24, 3.65598020398e-24, 4.53188362705e-24, 3.97928104092e-24, 4.30909392463e-24, 4.45263544938e-24, 4.32833305882e-24, 4.90221082914e-24, 3.65696628011e-24, 4.27960275412e-24, 5.55654136773e-24, 4.38071263407e-24, 5.64812220237e-24, 5.24593685263e-24, 6.20675089696e-24, 4.29850898901e-24],
        "var": [6.76886713791e-07, 8.29156931559e-07, 8.46655296982e-08, 1.70198106275e-07, 9.96389886154e-08, 8.37443607793e-08, 1.09422060746e-07, 1.04337530615e-07, 1.87337889201e-07, 7.162585689e-07, 9.41287282785e-07, 1.53125267843e-06, 1.7415760567e-06, 4.46928282827e-07, 1.86616077258e-07, 1.58163928177e-07, 6.4985414383e-08, 3.32669465308e-08, 1.41590312808e-08, 1.26001538092e-08, 8.33421420765e-09, 5.71009506345e-09, 9.28664312116e-10, 7.50375206415e-10, 5.3035625891e-10, 1.79141881884e-10, 1.30134042431e-10, 2.72351363684e-10, 1.40541286942e-10, 6.95525859129e-11, 5.71433109164e-11, 1.69719429483e-11, 1.3872673843e-11, 1.07914788217e-11, 1.6691006216e-11, 2.58568999545e-11, 4.1988166416e-11, 2.34894083351e-11, 2.28075319048e-11, 3.41888115041e-11]
    },
    "mfcc": {
        "mean": [-691.120910645, 125.988357544, -10.2741918564, 4.53181934357, 4.33789968491, -4.12170124054, 12.4754676819, 2.28962755203, -4.95179319382, 6.82237577438, -9.29468345642, -0.827854812145, -3.85050725937],
        "cov": [[11132.1416016, 622.252563477, -817.351989746, -16.7384109497, -47.7938728333, 64.4820022583, 507.007019043, 92.738822937, 15.7179889679, 94.3258361816, -239.492324829, 72.7392272949, -56.7156486511], [622.252563477, 1778.4453125, 27.8468990326, 177.967910767, 157.098693848, -53.9559211731, 99.4428024292, -15.7733793259, -120.768257141, 155.209030151, -7.80642843246, -24.130645752, 27.9957199097], [-817.351989746, 27.8468990326, 992.104248047, 181.124526978, 275.677459717, 152.953720093, -13.3846120834, 25.7072696686, 35.1175689697, -57.1208610535, 69.1294021606, 49.3936653137, 66.304649353], [-16.7384109497, 177.967910767, 181.124526978, 404.590576172, 163.731414795, 54.7492790222, 1.56385064125, 0.342655897141, 15.2271604538, 11.336935997, -12.5252799988, 52.9825668335, 30.196849823], [-47.7938728333, 157.098693848, 275.677459717, 163.731414795, 336.942718506, 28.1983032227, 49.1027030945, 18.0377464294, 18.4806900024, 18.3049678802, -7.09998226166, 52.2479171753, 56.4760704041], [64.4820022583, -53.9559211731, 152.953720093, 54.7492790222, 28.1983032227, 252.838104248, 110.097831726, -10.2109222412, 15.0360469818, -14.6853303909, 30.8966140747, 25.0155086517, 6.2661075592], [507.007019043, 99.4428024292, -13.3846120834, 1.56385064125, 49.1027030945, 110.097831726, 341.845428467, -12.2608156204, -32.3582267761, 60.5775680542, -33.474773407, 41.6677055359, 11.5598096848], [92.738822937, -15.7733793259, 25.7072696686, 0.342655897141, 18.0377464294, -10.2109222412, -12.2608156204, 152.582641602, 40.7132644653, -0.0636127889156, -8.0110168457, -23.2505626678, 6.46033430099], [15.7179889679, -120.768257141, 35.1175689697, 15.2271604538, 18.4806900024, 15.0360469818, -32.3582267761, 40.7132644653, 150.358383179, -49.710811615, 13.4588260651, 7.07542276382, -16.7931289673], [94.3258361816, 155.209030151, -57.1208610535, 11.336935997, 18.3049678802, -14.6853303909, 60.5775680542, -0.0636127889156, -49.710811615, 205.830474854, -1.30658936501, -29.1530761719, 8.18108081818], [-239.492324829, -7.80642843246, 69.1294021606, -12.5252799988, -7.09998226166, 30.8966140747, -33.474773407, -8.0110168457, 13.4588260651, -1.30658936501, 122.22592926, 11.5735359192, 2.62365722656], [72.7392272949, -24.130645752, 49.3936653137, 52.9825668335, 52.2479171753, 25.0155086517, 41.6677055359, -23.2505626678, 7.07542276382, -29.1530761719, 11.5735359192, 133.996780396, 17.1172523499], [-56.7156486511, 27.9957199097, 66.304649353, 30.196849823, 56.4760704041, 6.2661075592, 11.5598096848, 6.46033430099, -16.7931289673, 8.18108081818, 2.62365722656, 17.1172523499, 109.664276123]],
