{
"lowlevel": {
    "average_loudness": 0.442681372166,
    "barkbands_crest": {
        "dmean": 2.63033461571,
        "dmean2": 4.20284605026,
        "dvar": 5.87160730362,
        "dvar2": 14.1457595825,
        "max": 26.6972370148,
        "mean": 10.0760374069,
        "median": 8.72225379944,
        "min": 3.02223730087,
        "var": 21.9426555634
    },
    "barkbands_flatness_db": {
        "dmean": 0.0207861084491,
        "dmean2": 0.0326456129551,
        "dvar": 0.000351654045517,
        "dvar2": 0.000814381462988,
        "max": 0.396599292755,
        "mean": 0.203236982226,
        "median": 0.196416661143,
        "min": 0.0710087493062,
        "var": 0.00179065112025
    },
    "barkbands_kurtosis": {
        "dmean": 2.34735560417,
        "dmean2": 3.74167466164,
        "dvar": 19.3827857971,
        "dvar2": 46.1800308228,
        "max": 160.948104858,
        "mean": 3.50867438316,
        "median": 1.63684439659,
        "min": -1.84283494949,
        "var": 41.4367294312
    },
    "barkbands_skewness": {
        "dmean": 0.462164521217,
        "dmean2": 0.715348243713,
        "dvar": 0.230619087815,
        "dvar2": 0.50476872921,
        "max": 12.6294584274,
        "mean": 1.17969882488,
        "median": 1.0343170166,
        "min": -2.87644886971,
        "var": 0.971941649914
    },
    "barkbands_spread": {
        "dmean": 2.48317146301,
        "dmean2": 3.85631346703,
        "dvar": 6.73630952835,
        "dvar2": 14.3211612701,
        "max": 97.0213241577,
        "mean": 10.5912246704,
        "median": 9.9851436615,
        "min": 0.463337868452,
        "var": 32.9266624451
    },
    "dissonance": {
        "dmean": 0.028694357723,
        "dmean2": 0.0486460849643,
        "dvar": 0.000703987083398,
        "dvar2": 0.00194067100529,
        "max": 0.500000238419,
        "mean": 0.442028880119,
        "median": 0.449566185474,
        "min": 0.180694982409,
        "var": 0.00146352383308
    },
    "dynamic_complexity": 3.33790135384,
    "erbbands_crest": {
        "dmean": 2.94841599464,
        "dmean2": 4.67001819611,
        "dvar": 8.13771915436,
        "dvar2": 18.7126922607,
        "max": 33.0237579346,
        "mean": 11.0250701904,
        "median": 9.42889595032,
        "min": 2.31254386902,
        "var": 31.093214035
    },
    "erbbands_flatness_db": {
        "dmean": 0.0172848086804,
        "dmean2": 0.025380320847,
        "dvar": 0.000276547478279,
        "dvar2": 0.000538533146027,
        "max": 0.438269048929,
        "mean": 0.251405537128,
        "median": 0.245254099369,
        "min": 0.0274352263659,
        "var": 0.00205154134892
    },
    "erbbands_kurtosis": {
        "dmean": 1.22194969654,
        "dmean2": 1.93466544151,
        "dvar": 4.72924232483,
        "dvar2": 11.3227090836,
        "max": 48.4078140259,
        "mean": 1.20678722858,
        "median": 0.223935842514,
        "min": -1.80615985394,
        "var": 13.2388896942
    },
    "erbbands_skewness": {
        "dmean": 0.37317892909,
        "dmean2": 0.579551994801,
        "dvar": 0.135180264711,
        "dvar2": 0.31203186512,
        "max": 5.34928607941,
        "mean": 0.631215333939,
        "median": 0.539319992065,
        "min": -2.12252259254,
        "var": 0.564827740192
    },
    "erbbands_spread": {
        "dmean": 4.15396118164,
        "dmean2": 6.36156892776,
        "dvar": 16.8189888,
        "dvar2": 37.7057037354,
        "max": 90.6440963745,
        "mean": 20.5920124054,
        "median": 20.1168861389,
        "min": 1.06519186497,
        "var": 92.6161575317
    },
    "hfc": {
        "dmean": 4.16631126404,
        "dmean2": 5.94258213043,
        "dvar": 53.4585227966,
        "dvar2": 107.688087463,
        "max": 158.721176147,
        "mean": 12.624253273,
        "median": 8.02824401855,
        "min": 1.10416184214e-16,
        "var": 198.206542969
    },
    "melbands_crest": {
        "dmean": 3.33444952965,
        "dmean2": 5.3786482811,
        "dvar": 9.35107326508,
        "dvar2": 22.5369567871,
        "max": 39.668258667,
        "mean": 12.6873521805,
        "median": 11.3393592834,
        "min": 1.85248684883,
        "var": 30.5471382141
    },
    "melbands_flatness_db": {
        "dmean": 0.0209780968726,
        "dmean2": 0.0324524641037,
        "dvar": 0.000372378912289,
        "dvar2": 0.00083692377666,
        "max": 0.439175456762,
        "mean": 0.249098360538,
        "median": 0.242989897728,
        "min": 0.00554668158293,
        "var": 0.00210605887696
    },
    "melbands_kurtosis": {
        "dmean": 3.36605620384,
        "dmean2": 5.32593727112,
        "dvar": 39.3625831604,
        "dvar2": 89.4089202881,
        "max": 238.803726196,
        "mean": 5.94838237762,
        "median": 3.1582095623,
        "min": -1.65990579128,
        "var": 86.8623733521
    },
    "melbands_skewness": {
        "dmean": 0.520774304867,
        "dmean2": 0.803684413433,
        "dvar": 0.299096107483,
        "dvar2": 0.65222799778,
        "max": 14.9706630707,
        "mean": 1.51111996174,
        "median": 1.366335392,
        "min": -3.20001673698,
        "var": 1.36783111095
    },
    "melbands_spread": {
        "dmean": 3.7386136055,
        "dmean2": 5.81840896606,
        "dvar": 18.2160491943,
        "dvar2": 37.3921661377,
        "max": 141.856842041,
        "mean": 15.0455856323,
        "median": 14.0906257629,
        "min": 0.728258252144,
        "var": 70.9548034668
    },
    "pitch_salience": {
        "dmean": 0.0719370171428,
        "dmean2": 0.116141289473,
        "dvar": 0.00393112096936,
        "dvar2": 0.00970878452063,
        "max": 0.984470188618,
        "mean": 0.583942890167,
        "median": 0.602935194969,
        "min": 0.0155527591705,
        "var": 0.014113326557
    },
    "silence_rate_20dB": {
        "dmean": 0,
        "dmean2": 0,
        "dvar": 0,
        "dvar2": 0,
        "max": 1,
        "mean": 1,
        "median": 1,
        "min": 1,
        "var": 0
    },
    "silence_rate_30dB": {
        "dmean": 0.00641601439565,
        "dmean2": 0.0128336753696,
        "dvar": 0.0063754748553,
        "dvar2": 0.0152376992628,
        "max": 1,
        "mean": 0.993969738483,
        "median": 1,
        "min": 0,
        "var": 0.00599462119862
    },
    "silence_rate_60dB": {
        "dmean": 0.0259206984192,
        "dmean2": 0.0518480502069,
        "dvar": 0.0252483934164,
        "dvar2": 0.0583975203335,
        "max": 1,
        "mean": 0.056838594377,
        "median": 0,
        "min": 0,
        "var": 0.0536118783057
    },
    "spectral_centroid": {
        "dmean": 127.322929382,
        "dmean2": 198.659042358,
        "dvar": 25322.4785156,
        "dvar2": 53317.1796875,
        "max": 10772.7304688,
        "mean": 872.003845215,
        "median": 834.715942383,
        "min": 277.470611572,
        "var": 110945.015625
    },
    "spectral_complexity": {
        "dmean": 2.13473629951,
        "dmean2": 3.40195083618,
        "dvar": 3.314453125,
        "dvar2": 7.61468601227,
        "max": 34,
        "mean": 14.1901464462,
        "median": 14,
        "min": 0,
        "var": 19.6974887848
    },
    "spectral_decrease": {
        "dmean": 1.76308900812e-09,
        "dmean2": 2.58361487759e-09,
        "dvar": 7.83580832364e-18,
        "dvar2": 1.60834036998e-17,
        "max": 1.00001346963e-29,
        "mean": -4.75994843541e-09,
        "median": -3.24552207331e-09,
        "min": -5.86811275127e-08,
        "var": 2.44216770963e-17
    },
    "spectral_energy": {
        "dmean": 0.00701167061925,
        "dmean2": 0.0102556785569,
        "dvar": 0.000124919999507,
        "dvar2": 0.000255893333815,
        "max": 0.235102012753,
        "mean": 0.0191101972014,
        "median": 0.0130540635437,
        "min": 9.97733299517e-21,
        "var": 0.000394077098463
    },
    "spectral_energyband_high": {
        "dmean": 1.3891006347e-05,
        "dmean2": 2.06478998734e-05,
        "dvar": 4.85439188846e-10,
        "dvar2": 9.77479319708e-10,
        "max": 0.00057147082407,
        "mean": 3.56731979991e-05,
        "median": 2.48955893767e-05,
        "min": 7.34405117492e-21,
        "var": 1.3242666963e-09
    },
    "spectral_energyband_low": {
        "dmean": 0.000891442818101,
        "dmean2": 0.00145431724377,
        "dvar": 2.82051087197e-06,
        "dvar2": 7.03180785422e-06,
        "max": 0.0161599330604,
        "mean": 0.0010576484492,
        "median": 0.000427517050412,
        "min": 4.29500305449e-23,
        "var": 2.93497532766e-06
    },
    "spectral_energyband_middle_high": {
        "dmean": 0.00209162151441,
        "dmean2": 0.0029865456745,
        "dvar": 3.17345584335e-05,
        "dvar2": 6.33830932202e-05,
        "max": 0.171906262636,
        "mean": 0.00563730625436,
        "median": 0.00275195320137,
        "min": 1.32660039896e-21,
        "var": 0.000116409748443
    },
    "spectral_energyband_middle_low": {
        "dmean": 0.00594785809517,
        "dmean2": 0.00892795342952,
        "dvar": 0.00010427738016,
        "dvar2": 0.000217884240556,
        "max": 0.232259452343,
        "mean": 0.0135030811653,
        "median": 0.00850981008261,
        "min": 2.63215974449e-22,
        "var": 0.00026773463469
    },
    "spectral_entropy": {
        "dmean": 0.140981391072,
        "dmean2": 0.216233745217,
        "dvar": 0.0175163093954,
        "dvar2": 0.0390454567969,
        "max": 9.80515193939,
        "mean": 7.00596523285,
        "median": 7.04621505737,
        "min": 5.37213802338,
        "var": 0.109439730644
    },
    "spectral_flux": {
        "dmean": 0.0222011636943,
        "dmean2": 0.0354732312262,
        "dvar": 0.000730062020011,
        "dvar2": 0.00177611107938,
        "max": 0.292221307755,
        "mean": 0.0684604123235,
        "median": 0.0578304603696,
        "min": 6.67843697011e-11,
        "var": 0.0015771870967
    },
    "spectral_kurtosis": {
        "dmean": 4.50526094437,
        "dmean2": 7.88398694992,
        "dvar": 16.0058765411,
        "dvar2": 48.0602874756,
        "max": 48.4544563293,
        "mean": 11.2832603455,
        "median": 9.9920463562,
        "min": -1.20600998402,
        "var": 34.0795440674
    },
    "spectral_rms": {
        "dmean": 0.000719310424756,
        "dmean2": 0.00102346786298,
        "dvar": 6.92173216521e-07,
        "dvar2": 1.33085518428e-06,
        "max": 0.0151448938996,
        "mean": 0.00390439503826,
        "median": 0.00356870726682,
        "min": 3.11993334813e-12,
        "var": 3.39984399034e-06
    },
    "spectral_rolloff": {
        "dmean": 216.087280273,
        "dmean2": 363.535766602,
        "dvar": 144738.71875,
        "dvar2": 270598.8125,
        "max": 18497.0214844,
        "mean": 1044.0098877,
        "median": 947.4609375,
        "min": 21.533203125,
        "var": 373794.4375
    },
    "spectral_skewness": {
        "dmean": 0.386269658804,
        "dmean2": 0.663774847984,
        "dvar": 0.105330623686,
        "dvar2": 0.306317418814,
        "max": 5.29229831696,
        "mean": 2.24926948547,
        "median": 2.16226959229,
        "min": 0.0346008986235,
        "var": 0.306349009275
    },
    "spectral_spread": {
        "dmean": 233475.46875,
        "dmean2": 367176.96875,
        "dvar": 159266013184,
        "dvar2": 227612442624,
        "max": 40462932,
        "mean": 2445224.5,
        "median": 2338610.75,
        "min": 1376261.75,
        "var": 740510007296
    },
    "spectral_strongpeak": {
        "dmean": 0.627499759197,
        "dmean2": 0.983836293221,
        "dvar": 0.670821666718,
        "dvar2": 1.43134593964,
        "max": 13.5429964066,
        "mean": 1.40893340111,
        "median": 0.904472112656,
        "min": 0,
        "var": 2.48728966713
    },
    "zerocrossingrate": {
        "dmean": 0.00421182531863,
        "dmean2": 0.00537773640826,
        "dvar": 5.7049041061e-05,
        "dvar2": 7.38943708711e-05,
        "max": 0.5380859375,
        "mean": 0.0386222079396,
        "median": 0.03759765625,
        "min": 0.00341796875,
        "var": 0.000248044059845
    },
    "barkbands": {
        "dmean": [8.46618240757e-06, 0.000232832040638, 0.000377672287868, 0.000902491272427, 0.00132388051134, 0.0011936275987, 0.00148847210221, 0.00144236825872, 0.00158023776021, 0.00151836208533, 0.000449598534033, 0.000356667267624, 0.000246630690526, 0.000255149090663, 0.000128011466586, 0.000134215995786, 8.04395021987e-05, 5.48350035388e-05, 2.54081624007e-05, 1.42172866617e-05, 5.93832919549e-06, 4.37931646502e-07, 6.78114417951e-07, 1.22170547456e-06, 4.31861366224e-07, 4.98056671461e-08, 7.75631892047e-10],
        "dmean2": [1.59405590239e-05, 0.000377115793526, 0.000645452528261, 0.00153692334425, 0.0021662984509, 0.00187580892816, 0.00228437199257, 0.00217499257997, 0.00238616252318, 0.00228342087939, 0.000684905971866, 0.000561861961614, 0.000385852472391, 0.000402146077249, 0.000208026045584, 0.000206605123822, 0.000129096864839, 8.80527077243e-05, 3.92085021304e-05, 2.16687822103e-05, 9.50934372668e-06, 7.13321128387e-07, 1.02340629837e-06, 1.78076516022e-06, 6.80487403315e-07, 8.46203676019e-08, 1.43309997203e-09],
        "dvar": [4.27654439639e-11, 2.44057531518e-07, 5.12928636454e-07, 4.37306562162e-06, 5.21905030837e-06, 7.63917432778e-06, 2.45126702794e-05, 2.49524200626e-05, 3.11092080665e-05, 3.09129209199e-05, 1.95910956791e-06, 1.77588037786e-06, 6.24564222562e-07, 5.54248003937e-07, 1.2846271602e-07, 7.62894316608e-08, 1.97082847819e-08, 1.26876020801e-08, 2.96850388715e-09, 5.00053776165e-10, 1.07684923478e-10, 1.21304030189e-12, 5.41755919639e-12, 1.57163292797e-11, 4.06913131662e-12, 4.39198018096e-15, 1.85828399357e-18],
        "dvar2": [1.35244412891e-10, 5.58688498131e-07, 1.35954394409e-06, 1.14315143946e-05, 1.27140756376e-05, 1.78069203685e-05, 5.12756487296e-05, 5.17158478033e-05, 6.41181832179e-05, 6.65114785079e-05, 4.113063369e-06, 4.17386718254e-06, 1.40727127018e-06, 1.28134922761e-06, 3.16575125225e-07, 1.6923767987e-07, 4.4525371834e-08, 3.22245874429e-08, 5.23169152444e-09, 1.01351127491e-09, 2.58186638735e-10, 2.71344730539e-12, 1.10900837125e-11, 3.12046152806e-11, 8.9597565478e-12, 1.13402854679e-14, 6.02722961308e-18],
        "max": [8.93171818461e-05, 0.00488212192431, 0.0100984405726, 0.0312587954104, 0.0722984522581, 0.0979724153876, 0.152310580015, 0.137637600303, 0.216739580035, 0.185051456094, 0.060243293643, 0.0507346391678, 0.0256741829216, 0.0164927337319, 0.00851779431105, 0.00584673974663, 0.00510608684272, 0.00314897461794, 0.00160578463692, 0.000569526979234, 0.000265908660367, 4.0407947381e-05, 7.02282050042e-05, 0.000143055411172, 7.02056277078e-05, 8.74424813446e-07, 1.99329903694e-08],
        "mean": [8.62630531628e-06, 0.000257859530393, 0.000393978290958, 0.000924450752791, 0.00217953091487, 0.00216632545926, 0.00261315354146, 0.00215390766971, 0.0022828488145, 0.00312887667678, 0.000806006952189, 0.000565649708733, 0.000362317397958, 0.00042006286094, 0.000234644918237, 0.000246621086262, 0.000154899549671, 0.000109938482638, 5.04683121108e-05, 3.16712830681e-05, 1.24478883663e-05, 9.48500655795e-07, 1.44614568853e-06, 2.49110462391e-06, 1.01367447769e-06, 4.54562680829e-08, 6.47892295369e-10],
        "median": [7.26238886273e-06, 9.62984777289e-05, 0.000148079037899, 0.000324702647049, 0.00115947902668, 0.00109455198981, 0.000655855168588, 0.000563466746826, 0.000471381179523, 0.000628905720077, 0.000327252608258, 0.000216365413507, 0.000119383577839, 0.000155825342517, 8.73909593793e-05, 9.39778401516e-05, 9.48016750044e-05, 5.37333398825e-05, 3.11263902404e-05, 2.11079022847e-05, 8.38632058731e-06, 6.76203285366e-07, 8.21380808702e-07, 1.34105107463e-06, 6.83477651364e-07, 1.01395087881e-08, 2.27785373896e-10],
        "min": [8.23785039673e-24, 1.23951670888e-23, 3.31367018581e-24, 8.28875795752e-24, 1.17147485256e-23, 3.18791313574e-23, 3.88784922211e-23, 6.67516869276e-23, 5.91703802187e-23, 3.51081536127e-23, 3.34418364117e-23, 8.79156259461e-23, 4.16594257049e-23, 5.29321691544e-23, 5.63163130181e-23, 6.83777375125e-23, 1.30606007657e-22, 1.92073077515e-22, 2.18380755667e-22, 2.36724384421e-22, 3.76875306109e-22, 4.73122117318e-22, 4.79351265949e-22, 8.54599549596e-22, 1.24939260054e-21, 1.79531554798e-21, 1.80888627796e-21],
        "var": [4.57391798048e-11, 2.44167495111e-07, 4.82977895899e-07, 3.90320656152e-06, 1.16478213386e-05, 1.68538754224e-05, 5.97945545451e-05, 4.61947747681e-05, 6.03078733548e-05, 0.000113467511255, 4.11445898862e-06, 2.47777325058e-06, 9.59526232691e-07, 1.11024871785e-06, 3.11368069106e-07, 1.85019203514e-07, 4.34699387597e-08, 3.51321460812e-08, 6.24369445035e-09, 1.30512201046e-09, 2.12898657037e-10, 1.93838391518e-12, 1.08456420927e-11, 3.15295879683e-11, 5.72934798562e-12, 4.68592517761e-15, 1.50325352517e-18]
    },
    "erbbands": {
        "dmean": [0.00465116184205, 0.0631462708116, 0.33298689127, 1.80974686146, 4.02187490463, 4.66442775726, 6.72062063217, 10.6753530502, 21.5750331879, 21.0311088562, 34.2208099365, 32.6280670166, 47.1031112671, 27.4613876343, 13.9279413223, 14.155459404, 10.310172081, 11.4275302887, 7.75743722916, 7.69505739212, 5.99995422363, 4.04293298721, 3.25892043114, 1.70800101757, 0.790844082832, 0.628899931908, 0.416272133589, 0.100595638156, 0.018133720383, 0.00988229736686, 0.0226894486696, 0.0283145047724, 0.01809312962, 0.0073428270407, 0.0021924932953, 0.000481070746901, 1.98456255021e-05, 1.15789748634e-06, 3.43611895914e-06, 7.9725350588e-06],
        "dmean2": [0.00763034587726, 0.101823627949, 0.568538546562, 3.05996847153, 6.64274215698, 7.73619604111, 10.6095104218, 16.707818985, 33.0524101257, 32.379119873, 51.0800170898, 49.0647354126, 71.4745635986, 39.7495040894, 20.8756580353, 22.1611862183, 16.0497894287, 17.6033687592, 12.222243309, 12.2944383621, 9.24593830109, 6.33511972427, 5.23088788986, 2.6070497036, 1.21867537498, 0.939921021461, 0.642548322678, 0.159330993891, 0.0290204100311, 0.015577734448, 0.0340986661613, 0.0419615879655, 0.0269950442016, 0.0111900325865, 0.00351567333564, 0.000803509261459, 3.30206530634e-05, 1.80434710728e-06, 4.97742848893e-06, 1.16312103273e-05],
        "dvar": [6.44248211756e-05, 0.018675301224, 0.420267999172, 16.351474762, 50.2677574158, 87.0653610229, 288.102905273, 660.475097656, 5470.23242188, 7679.41259766, 13270.6855469, 13244.0693359, 32234.5175781, 7328.84912109, 1152.84790039, 3002.95410156, 863.585693359, 1140.40783691, 486.136688232, 434.598297119, 167.03314209, 50.2701301575, 43.9454612732, 14.1409063339, 1.39703643322, 1.05258393288, 0.498289555311, 0.0434634685516, 0.00188382517081, 0.000661103753373, 0.00643395865336, 0.0080570327118, 0.00366477784701, 0.00132188294083, 5.77662103751e-05, 3.45659998402e-07, 2.24297402873e-09, 2.80278794965e-12, 3.01535775515e-11, 1.62590732544e-10],
        "dvar2": [0.000152200722368, 0.0432963371277, 1.1251667738, 42.3851890564, 124.345733643, 224.354934692, 640.39050293, 1542.80029297, 11204.8310547, 17764.4570312, 25676.8417969, 29468.3769531, 74085.4609375, 14770.1435547, 2384.93164062, 7030.34765625, 1936.82397461, 2474.95092773, 1136.96972656, 1074.10766602, 355.626068115, 109.949745178, 111.554100037, 25.1301746368, 3.00908637047, 2.13024353981, 1.07657361031, 0.101729296148, 0.00421174941584, 0.00131310906727, 0.0133017515764, 0.0148783614859, 0.00804962776601, 0.00305332615972, 0.000129344232846, 8.76931267157e-07, 5.89781024019e-09, 6.71029204424e-12, 6.0969292115e-11, 3.32075811293e-10],
        "max": [0.0904284566641, 1.41180467606, 7.84278583527, 50.6610908508, 92.7513504028, 250.988189697, 1057.28759766, 1127.02539062, 2306.70922852, 2578.20800781, 3937.68823242, 3729.4309082, 6360.44482422, 3230.94067383, 1076.03552246, 1958.46472168, 778.087585449, 957.627685547, 713.691894531, 582.515625, 381.112731934, 295.984130859, 175.519821167, 109.320579529, 27.7781505585, 27.5630817413, 15.3111858368, 8.1011133194, 1.69839978218, 0.825041413307, 2.65864157677, 3.10636639595, 1.91179859638, 1.47186768055, 0.361860901117, 0.0116905607283, 0.00117376435082, 3.25401051668e-05, 0.000116156043077, 0.000268833275186],
        "mean": [0.00617173779756, 0.0653209537268, 0.353504866362, 1.93524956703, 5.1138625145, 7.26880836487, 12.6887311935, 19.3174190521, 40.3492240906, 33.1314926147, 54.8420982361, 49.9609603882, 96.4563827515, 55.3027534485, 28.090883255, 24.2188301086, 17.0443229675, 19.5374164581, 14.6537857056, 16.0272598267, 12.1271457672, 8.57707214355, 7.00167608261, 3.49341106415, 1.8350931406, 1.44972884655, 0.952297091484, 0.233050659299, 0.0431950800121, 0.0239915922284, 0.0465328171849, 0.0563075579703, 0.0363248847425, 0.0153504610062, 0.00531506817788, 0.000664918276016, 2.99928269669e-05, 3.24837515109e-06, 9.85035785561e-06, 2.2052505301e-05],
        "median": [0.00370635883883, 0.0205442961305, 0.141468942165, 0.718623697758, 2.47304487228, 3.53216791153, 5.36941719055, 9.65287017822, 10.5027065277, 11.1806774139, 14.028503418, 12.8556842804, 19.522354126, 17.2143287659, 12.6136608124, 9.96320056915, 6.66292762756, 8.49343776703, 6.40798377991, 6.34829044342, 6.11135673523, 5.30080413818, 3.67725276947, 2.17032337189, 1.26730871201, 0.983149349689, 0.607401192188, 0.170142203569, 0.031648799777, 0.0167146250606, 0.0257903672755, 0.0296762641519, 0.0196841619909, 0.00924602895975, 0.0041460217908, 0.000391704495996, 1.98192392418e-05, 2.46075705945e-06, 6.81780693412e-06, 1.51224458023e-05],
        "min": [5.68713833189e-22, 2.27316926563e-21, 4.06721799135e-21, 3.23096327211e-20, 2.43611912071e-20, 2.41981283821e-20, 1.8336603777e-19, 2.04929705761e-19, 7.67942745069e-19, 4.84178901222e-19, 1.84273299805e-18, 1.78103938643e-18, 1.35007125625e-18, 1.57920524901e-18, 2.44270363995e-18, 3.80021042272e-18, 2.32688636007e-18, 2.58355347311e-18, 3.98626278123e-18, 4.04957229018e-18, 6.22038786664e-18, 7.72333657575e-18, 1.10594362227e-17, 9.47421488909e-18, 7.09552717034e-18, 1.05222155021e-17, 1.83472183654e-17, 1.34135905917e-17, 1.79662338645e-17, 1.3730949187e-17, 1.5896197838e-17, 1.50688600611e-17, 1.41502892257e-17, 1.25423956987e-17, 9.97316444432e-18, 6.21222566195e-18, 3.46346105945e-18, 1.06868860689e-18, 2.79313612152e-19, 2.52686454976e-20],
        "var": [6.81860328768e-05, 0.0181950628757, 0.36398383975, 15.2845249176, 60.9061737061, 175.154586792, 870.108703613, 1461.78320312, 14446.9052734, 11967.4853516, 29612.0566406, 22593.5546875, 114652.71875, 20604.5429688, 3106.79272461, 4231.76123047, 1483.14978027, 2120.37695312, 1007.90100098, 1475.20019531, 383.370178223, 125.668373108, 126.614356995, 28.4778060913, 4.09432601929, 2.65979456902, 1.30517053604, 0.0748716518283, 0.0031519792974, 0.00142422225326, 0.0125047946349, 0.0168712511659, 0.00666765961796, 0.00175444036722, 7.87918470451e-05, 4.38239027289e-07, 1.95570404316e-09, 7.44101828765e-12, 9.99124463719e-11, 5.20906207058e-10]
    },
    "gfcc": {
        "mean": [-78.1771621704, 161.796386719, -159.729949951, 7.31914043427, -61.0896759033, -5.28184652328, -42.0453948975, 6.93250226974, -23.1952018738, -13.6899862289, 0.4211384058, -21.556892395, 11.1128158569],
        "cov": [[2039.32165527, 288.498626709, -362.884246826, -220.380554199, -22.7333831787, -149.084518433, 78.9882583618, -48.7946777344, 18.6109294891, -61.0164299011, 3.69191193581, -128.141647339, 25.2651977539], [288.498626709, 237.934539795, 30.2703456879, -69.1831283569, 14.1567993164, -59.9503974915, 23.2593269348, -34.2069206238, -2.17541241646, -32.6674232483, 15.9109659195, -37.8618965149, -3.09006905556], [-362.884246826, 30.2703456879, 375.086486816, 170.354370117, -46.7460327148, 38.5905189514, -61.4065132141, -20.5536899567, -30.9960422516, -41.9072914124, -16.8027648926, 3.89950537682, -49.1057319641], [-220.380554199, -69.1831283569, 170.354370117, 349.174804688, 28.3628330231, 65.564956665, -103.126068115, -9.5470495224, -2.77145671844, -35.8719940186, -25.430683136, 8.17727470398, -21.3224906921], [-22.7333831787, 14.1567993164, -46.7460327148, 28.3628330231, 121.861274719, 12.3148670197, -2.5293366909, 12.2849369049, 10.4750566483, 9.97859573364, -15.8137712479, 6.06978321075, 7.03387069702], [-149.084518433, -59.9503974915, 38.5905189514, 65.564956665, 12.3148670197, 174.26524353, 35.8227539062, 2.37842464447, -33.4754333496, -1.69026756287, -6.02339982986, -7.76978731155, -22.0645713806], [78.9882583618, 23.2593269348, -61.4065132141, -103.126068115, -2.5293366909, 35.8227539062, 144.566513062, 21.9441604614, -25.5316410065, 2.91477203369, 5.37824010849, -32.1593666077, 2.97444844246], [-48.7946777344, -34.2069206238, -20.5536899567, -9.5470495224, 12.2849369049, 2.37842464447, 21.9441604614, 85.3425064087, 31.5915336609, 14.0378112793, -8.7296333313, 16.6983242035, 2.77826714516], [18.6109294891, -2.17541241646, -30.9960422516, -2.77145671844, 10.4750566483, -33.4754333496, -25.5316410065, 31.5915336609, 88.7014770508, 20.5252933502, 2.3633544445, 2.52382922173, 11.3443527222], [-61.0164299011, -32.6674232483, -41.9072914124, -35.8719940186, 9.97859573364, -1.69026756287, 2.91477203369, 14.0378112793, 20.5252933502, 97.268447876, 30.7305488586, 22.5672607422, -4.74813461304], [3.69191193581, 15.9109659195, -16.8027648926, -25.430683136, -15.8137712479, -6.02339982986, 5.37824010849, -8.7296333313, 2.3633544445, 30.7305488586, 83.7038955688, 24.4099578857, -1.56332182884], [-128.141647339, -37.8618965149, 3.89950537682, 8.17727470398, 6.06978321075, -7.76978731155, -32.1593666077, 16.6983242035, 2.52382922173, 22.5672607422, 24.4099578857, 84.1029968262, 24.1498355865], [25.2651977539, -3.09006905556, -49.1057319641, -21.3224906921, 7.03387069702, -22.0645713806, 2.97444844246, 2.77826714516, 11.3443527222, -4.74813461304, -1.56332182884, 24.1498355865, 65.8990020752]],
        "icov": [[0.000941196107306, -0.00132755131926, 0.00136664230376, -0.000348738598404, 0.000882280000951, 0.000179943657713, 0.00016348544159, -8.66219343152e-05, 0.000162651776918, 0.000275313999737, 0.000255238584941, 0.000625459069852, 0.000213470848394], [-0.00132755131926, 0.00941926334053, -0.00424142228439, 0.00259035825729, -0.00475855823606, 0.00233608321287, -0.00134806300048, 0.00243580807, -0.00116683356464, 0.00253376085311, -0.00379097322002, 0.00237969681621, -0.000702108547557], [0.00136664230376, -0.00424142228439, 0.00712256506085, -0.00302130449563, 0.00432921946049, -0.000525197538082, 0.000673705013469, -0.000327600137098, 0.00100202893373, 0.000609452545177, 0.00229162047617, -0.00177383981645, 0.00352836842649], [-0.000348738598404, 0.00259035825729, -0.00302130449563, 0.00635801209137, -0.00307475170121, -0.0018014969537, 0.00399610493332, -0.000538508058526, -1.80741171789e-05, 0.00187986891251, -0.0014877676731, 0.00206993357278, -0.00102694763336], [0.000882280000951, -0.00475855823606, 0.00432921946049, -0.00307475170121, 0.012409651652, -0.00144416163675, -3.13855998684e-05, -0.00111371220555, -0.000140475021908, -0.0022309133783, 0.00447526620701, -0.0024376460351, 0.000772905128542], [0.000179943657713, 0.00233608321287, -0.000525197538082, -0.0018014969537, -0.00144416163675, 0.00896352529526, -0.00411563366652, 0.00100064161234, 0.00149209366646, 0.000195244792849, -0.000478423375171, 0.000134951711516, 0.00206162501127], [0.00016348544159, -0.00134806300048, 0.000673705013469, 0.00399610493332, -3.13855998684e-05, -0.00411563366652, 0.0157215315849, -0.00797961652279, 0.00666571641341, -0.000615042110439, -0.00309901568107, 0.00859529431909, -0.00449395226315], [-8.66219343152e-05, 0.00243580807, -0.000327600137098, -0.000538508058526, -0.00111371220555, 0.00100064161234, -0.00797961652279, 0.0200343895704, -0.00960146356374, 0.000718226248864, 0.00428007403389, -0.00827356893569, 0.00453666271642], [0.000162651776918, -0.00116683356464, 0.00100202893373, -1.80741171789e-05, -0.000140475021908, 0.00149209366646, 0.00666571641341, -0.00960146356374, 0.0188162997365, -0.00371954077855, -0.00215004268102, 0.00670945877209, -0.00477471714839], [0.000275313999737, 0.00253376085311, 0.000609452545177, 0.00187986891251, -0.0022309133783, 0.000195244792849, -0.000615042110439, 0.000718226248864, -0.00371954077855, 0.0155313275754, -0.00484438473359, -0.00264535122551, 0.0039905118756], [0.000255238584941, -0.00379097322002, 0.00229162047617, -0.0014877676731, 0.00447526620701, -0.000478423375171, -0.00309901568107, 0.00428007403389, -0.00215004268102, -0.00484438473359, 0.0186196807772, -0.00886498298496, 0.00398372160271], [0.000625459069852, 0.00237969681621, -0.00177383981645, 0.00206993357278, -0.0024376460351, 0.000134951711516, 0.00859529431909, -0.00827356893569, 0.00670945877209, -0.00264535122551, -0.00886498298496, 0.0252456068993, -0.0113216564059], [0.000213470848394, -0.000702108547557, 0.00352836842649, -0.00102694763336, 0.000772905128542, 0.00206162501127, -0.00449395226315, 0.00453666271642, -0.00477471714839, 0.0039905118756, 0.00398372160271, -0.0113216564059, 0.0233292747289]]
    },
    "melbands": {
        "dmean": [5.31505975232e-05, 0.000138220304507, 0.000368263863493, 0.000303387263557, 0.000221241003601, 0.000247791060247, 0.000311838113703, 0.000236256440985, 0.000307945592795, 0.000199099362362, 0.000243654067162, 0.000127153165522, 5.16388790857e-05, 3.8057576603e-05, 3.51401286025e-05, 2.19313897105e-05, 2.36183950619e-05, 1.56753521878e-05, 9.18910882319e-06, 1.1786702089e-05, 6.68953953209e-06, 4.94486766911e-06, 3.68224891645e-06, 2.40902591031e-06, 1.50328764903e-06, 7.80256414146e-07, 4.83278483898e-07, 4.68930153374e-07, 3.55946809805e-07, 1.35380147981e-07, 4.21012522622e-08, 1.21366641181e-08, 4.61521176831e-09, 6.56326681892e-09, 1.29731807519e-08, 1.71201364196e-08, 1.86855437789e-08, 1.52911372453e-08, 8.57373372298e-09, 6.0933582624e-09],
        "dmean2": [8.53843375808e-05, 0.00022728042677, 0.00061344425194, 0.000500271504279, 0.00035144755384, 0.000386459170841, 0.000474429922178, 0.000362820952432, 0.000458615395473, 0.000300631596474, 0.000369646411855, 0.000183456169907, 7.74824948166e-05, 5.82955472055e-05, 5.48799544049e-05, 3.40464830515e-05, 3.68091423297e-05, 2.4820863473e-05, 1.49436100401e-05, 1.83670090337e-05, 1.041564974e-05, 7.87646968092e-06, 5.9423773564e-06, 3.84300210499e-06, 2.33042965192e-06, 1.23112727124e-06, 7.56661108881e-07, 7.15249086625e-07, 5.56123382012e-07, 2.1906024017e-07, 6.82719516476e-08, 1.97533722712e-08, 7.65037722061e-09, 1.04091784081e-08, 1.99494412101e-08, 2.56642636032e-08, 2.81411214331e-08, 2.32481411899e-08, 1.30156010414e-08, 9.72694369494e-09],
        "dvar": [1.08247553143e-08, 7.11205032644e-08, 5.81150004564e-07, 2.78573367041e-07, 2.39293086679e-07, 3.25140348423e-07, 1.09034294837e-06, 9.45417184539e-07, 1.09441680252e-06, 4.90590878144e-07, 8.54450831866e-07, 1.73649155499e-07, 2.23805880495e-08, 1.45687382158e-08, 2.03185752667e-08, 5.03764807647e-09, 5.13888487319e-09, 2.26863972053e-09, 6.45575704006e-10, 6.57971510609e-10, 2.63779137422e-10, 8.85869572143e-11, 5.19294329759e-11, 2.44277566924e-11, 1.28331338611e-11, 1.90362114093e-12, 5.2753228218e-13, 6.92609869197e-13, 4.26505510596e-13, 5.302893812e-14, 1.08206061908e-14, 9.34716209767e-16, 7.54186621881e-17, 3.00268150544e-16, 2.21245259933e-15, 2.9556831412e-15, 3.77550917843e-15, 2.80639316073e-15, 9.09360702008e-16, 1.33515008267e-15],
        "dvar2": [2.41330777584e-08, 1.82803603366e-07, 1.46452066474e-06, 7.16543809176e-07, 5.20264620718e-07, 7.4757542734e-07, 2.20050992539e-06, 2.12781742448e-06, 2.07378070627e-06, 1.08834456114e-06, 1.94980611923e-06, 3.41735955089e-07, 4.68151988287e-08, 3.12221217769e-08, 4.79172719281e-08, 1.08333590987e-08, 1.13299822857e-08, 5.36968070008e-09, 1.59925628296e-09, 1.55678259173e-09, 5.63790458763e-10, 1.93155630379e-10, 1.31235314282e-10, 5.94209195737e-11, 2.24060024007e-11, 3.97087354317e-12, 1.21162021388e-12, 1.45438825913e-12, 9.171437481e-13, 1.26339544837e-13, 2.57430727668e-14, 2.17395262253e-15, 1.75809523257e-16, 6.03299693138e-16, 4.79830019169e-15, 5.83489191276e-15, 7.37556564624e-15, 6.59901007536e-15, 2.08247327599e-15, 3.19386986476e-15],
        "max": [0.00105922587682, 0.00302026467398, 0.0108436979353, 0.0125652644783, 0.0277304071933, 0.0221461709589, 0.0354255884886, 0.0292007178068, 0.0334710553288, 0.0203522257507, 0.0328784249723, 0.0130602419376, 0.0052717491053, 0.00356816267595, 0.00634653680027, 0.00283825630322, 0.00214662821963, 0.00144578784239, 0.000743046868593, 0.000562704633921, 0.000562103930861, 0.000437026901636, 0.000226464180741, 0.000146015328937, 0.000106977917312, 4.25740399805e-05, 2.29864763241e-05, 2.12751529034e-05, 1.61542939168e-05, 7.61251567383e-06, 4.13996076531e-06, 1.03510797089e-06, 2.94176714988e-07, 5.54922166884e-07, 1.82312294328e-06, 1.58800582994e-06, 2.44990269493e-06, 1.75137893166e-06, 1.3575529465e-06, 1.34690071718e-06],
        "mean": [6.33189047221e-05, 0.000151769432705, 0.000431358756032, 0.000442977063358, 0.000426529411925, 0.000456131820101, 0.000579504994676, 0.000359825819032, 0.000481002934976, 0.00029481810634, 0.000497374741826, 0.000247658666922, 9.61670302786e-05, 6.52158632874e-05, 5.5638156482e-05, 3.27707020915e-05, 3.81915342587e-05, 2.69470892817e-05, 1.69066988747e-05, 2.2791147785e-05, 1.21702951219e-05, 9.18228215596e-06, 7.5808143265e-06, 4.63004744233e-06, 2.69442489298e-06, 1.53130190483e-06, 1.03157208287e-06, 9.59426529334e-07, 7.35187143164e-07, 2.78254020714e-07, 8.22985981586e-08, 2.44724898124e-08, 1.00585362262e-08, 1.39920190989e-08, 2.48724933982e-08, 3.32292273697e-08, 3.49086946017e-08, 2.83272409973e-08, 1.6944085246e-08, 1.16100133951e-08],
        "median": [2.87579168798e-05, 5.84303415962e-05, 0.000181165873073, 0.000230829784414, 0.000191826809896, 0.000231355254073, 0.000153818036779, 0.00011025830463, 0.000107943458715, 6.76208801451e-05, 8.97536447155e-05, 6.78369833622e-05, 4.07957995776e-05, 2.81522297882e-05, 1.96186902031e-05, 9.97696224658e-06, 1.46034162753e-05, 9.90113312582e-06, 6.38088977212e-06, 7.71071063355e-06, 5.86585792917e-06, 5.28619011675e-06, 3.87449381378e-06, 2.44780130743e-06, 1.5528989934e-06, 9.5243854048e-07, 6.96646793585e-07, 6.08763912169e-07, 4.29277292824e-07, 1.94073592752e-07, 5.42091882494e-08, 1.66912919042e-08, 7.64667973385e-09, 9.0790823748e-09, 1.35607685081e-08, 1.73753882393e-08, 1.81917343411e-08, 1.48877496997e-08, 9.62713464503e-09, 6.97727076115e-09],
        "min": [4.91270149588e-24, 2.99967297717e-24, 5.27932381272e-24, 2.26882628343e-24, 4.64690467463e-24, 5.71499591346e-24, 1.03744919914e-23, 6.68593143763e-24, 1.52946923991e-23, 1.01448719369e-23, 6.44464452471e-24, 5.41527294569e-24, 6.99716388601e-24, 9.87456085908e-24, 8.10645141347e-24, 4.33376831046e-24, 4.82616542673e-24, 4.9798268536e-24, 3.82590439284e-24, 6.326541792e-24, 7.43717472173e-24, 7.51989073194e-24, 9.25713836122e-24, 9.91049741762e-24, 6.80662557841e-24, 5.05820215669e-24, 5.28348623729e-24, 6.31318046042e-24, 1.05257963019e-23, 9.81988412088e-24, 6.80704525241e-24, 1.08165120559e-23, 8.21260290345e-24, 7.18411445422e-24, 9.0171013984e-24, 1.02339083007e-23, 8.86621439534e-24, 8.67221851039e-24, 9.34875745562e-24, 9.42056509724e-24],
        "var": [1.15925855582e-08, 6.66110651082e-08, 5.95696917571e-07, 4.03813601224e-07, 8.32808837004e-07, 7.31184854885e-07, 2.93548441732e-06, 1.49775985392e-06, 2.46940726356e-06, 8.53833114434e-07, 3.10320706376e-06, 5.21480501448e-07, 5.11800166692e-08, 2.68174993323e-08, 2.93873210211e-08, 8.44995273752e-09, 9.49443546006e-09, 4.83275686136e-09, 1.51725709774e-09, 2.04628891609e-09, 5.17476839157e-10, 1.90293503177e-10, 1.53206239362e-10, 5.42059001851e-11, 2.43732239252e-11, 4.46481436892e-12, 1.44200417666e-12, 1.4726359238e-12, 1.01258346326e-12, 1.06372728551e-13, 1.58307493227e-14, 1.38002906459e-15, 1.2317369154e-16, 6.26783946298e-16, 3.91357385477e-15, 6.09136840699e-15, 7.01474189269e-15, 4.35608885389e-15, 1.58973059953e-15, 1.45646616478e-15]
    },
    "mfcc": {
        "mean": [-706.983764648, 185.329055786, -35.6588783264, 7.80383348465, -1.06619679928, -21.9451255798, 1.88843297958, -7.95479536057, -4.09067440033, 0.680696368217, -15.8046855927, 3.43933963776, -8.7322769165],
        "cov": [[1505.74206543, 245.615341187, -341.260009766, -78.811706543, -109.423881531, -86.8776931763, 13.1220779419, -59.1349258423, 20.6725406647, 65.0523605347, -83.3965072632, 56.28698349, -71.5794296265], [245.615341187, 362.569824219, -90.0139160156, -65.6889724731, -74.3996353149, -63.3483276367, 17.1968631744, -29.8362674713, -12.5799160004, 7.00380516052, 6.21741533279, -10.7827978134, 0.530703663826], [-341.260009766, -90.0139160156, 429.647613525, 103.400772095, 61.65650177, 57.726764679, -13.7365179062, 35.7242012024, -51.0228652954, -32.4587402344, 5.84162378311, -24.843164444, -14.4264144897], [-78.811706543, -65.6889724731, 103.400772095, 190.147796631, 105.056182861, 5.6435084343, -44.0786132812, 2.02273392677, 7.69376897812, -33.7537155151, -17.8547267914, 16.3972663879, -3.52010440826], [-109.423881531, -74.3996353149, 61.65650177, 105.056182861, 169.81237793, 36.653377533, -51.6093101501, 15.3177452087, 12.7337999344, -26.8320331573, -8.3468132019, 11.5035467148, 10.0584106445], [-86.8776931763, -63.3483276367, 57.726764679, 5.6435084343, 36.653377533, 119.077133179, 50.5281257629, 6.85776329041, -6.67691230774, 0.243158370256, 1.45604324341, -11.3980970383, -9.05099487305], [13.1220779419, 17.1968631744, -13.7365179062, -44.0786132812, -51.6093101501, 50.5281257629, 137.876266479, 25.3696079254, -15.6056718826, 27.2318210602, 11.4459600449, -24.5283355713, -13.2490158081], [-59.1349258423, -29.8362674713, 35.7242012024, 2.02273392677, 15.3177452087, 6.85776329041, 25.3696079254, 80.3049545288, 21.8139305115, 0.252175748348, -1.89923715591, -17.5065937042, -4.21917295456], [20.6725406647, -12.5799160004, -51.0228652954, 7.69376897812, 12.7337999344, -6.67691230774, -15.6056718826, 21.8139305115, 88.9520263672, 23.1248054504, -13.9859457016, -0.339471399784, -2.8994884491], [65.0523605347, 7.00380516052, -32.4587402344, -33.7537155151, -26.8320331573, 0.243158370256, 27.2318210602, 0.252175748348, 23.1248054504, 80.6836166382, 26.3862876892, -18.0990524292, -19.3262443542], [-83.3965072632, 6.21741533279, 5.84162378311, -17.8547267914, -8.3468132019, 1.45604324341, 11.4459600449, -1.89923715591, -13.9859457016, 26.3862876892, 77.890953064, 13.5485601425, 2.09355258942], [56.28698349, -10.7827978134, -24.843164444, 16.3972663879, 11.5035467148, -11.3980970383, -24.5283355713, -17.5065937042, -0.339471399784, -18.0990524292, 13.5485601425, 88.9305877686, 37.331237793], [-71.5794296265, 0.530703663826, -14.4264144897, -3.52010440826, 10.0584106445, -9.05099487305, -13.2490158081, -4.21917295456, -2.8994884491, -19.3262443542, 2.09355258942, 37.331237793, 79.8403244019]],
