{
"lowlevel": {
    "average_loudness": 0.361303001642,
    "barkbands_crest": {
        "dmean": 2.41785049438,
        "dmean2": 3.93801188469,
        "dvar": 4.89155340195,
        "dvar2": 11.9460601807,
        "max": 26.437702179,
        "mean": 9.06319141388,
        "median": 8.24829387665,
        "min": 2.06559062004,
        "var": 15.4197072983
    },
    "barkbands_flatness_db": {
        "dmean": 0.0179746951908,
        "dmean2": 0.0279159862548,
        "dvar": 0.000365206302376,
        "dvar2": 0.000709127576556,
        "max": 0.379822194576,
        "mean": 0.159929156303,
        "median": 0.158802196383,
        "min": 0.0364650078118,
        "var": 0.00173269514926
    },
    "barkbands_kurtosis": {
        "dmean": 2.37865900993,
        "dmean2": 3.66663217545,
        "dvar": 28.5609893799,
        "dvar2": 54.9976501465,
        "max": 211.944213867,
        "mean": 3.58295297623,
        "median": 1.10201501846,
        "min": -1.88170397282,
        "var": 72.0387191772
    },
    "barkbands_skewness": {
        "dmean": 0.468049168587,
        "dmean2": 0.704261779785,
        "dvar": 0.265290826559,
        "dvar2": 0.514903724194,
        "max": 13.8002243042,
        "mean": 1.18584764004,
        "median": 1.03851056099,
        "min": -2.65510559082,
        "var": 1.5778979063
    },
    "barkbands_spread": {
        "dmean": 3.6837978363,
        "dmean2": 5.66026258469,
        "dvar": 20.3175754547,
        "dvar2": 39.8751907349,
        "max": 71.9814529419,
        "mean": 16.1909008026,
        "median": 13.9374485016,
        "min": 0.794447600842,
        "var": 103.969100952
    },
    "dissonance": {
        "dmean": 0.0215853583068,
        "dmean2": 0.036014713347,
        "dvar": 0.000505902396981,
        "dvar2": 0.0012688562274,
        "max": 0.500000119209,
        "mean": 0.458278596401,
        "median": 0.466631799936,
        "min": 0.201852366328,
        "var": 0.00122115178965
    },
    "dynamic_complexity": 4.8874168396,
    "erbbands_crest": {
        "dmean": 2.8332297802,
        "dmean2": 4.58504581451,
        "dvar": 7.17270517349,
        "dvar2": 17.1447410583,
        "max": 31.1801357269,
        "mean": 9.82647609711,
        "median": 8.70013141632,
        "min": 1.88945508003,
        "var": 21.9156951904
    },
    "erbbands_flatness_db": {
        "dmean": 0.0160017497838,
        "dmean2": 0.0235540699214,
        "dvar": 0.000319702201523,
        "dvar2": 0.000535901403055,
        "max": 0.363948315382,
        "mean": 0.208712518215,
        "median": 0.212852209806,
        "min": 0.0844617784023,
        "var": 0.00205532694235
    },
    "erbbands_kurtosis": {
        "dmean": 1.08835577965,
        "dmean2": 1.67208051682,
        "dvar": 2.95525598526,
        "dvar2": 6.02983808517,
        "max": 45.4817733765,
        "mean": 0.927137315273,
        "median": 0.195700883865,
        "min": -1.84391951561,
        "var": 7.88251781464
    },
    "erbbands_skewness": {
        "dmean": 0.382400900126,
        "dmean2": 0.577758133411,
        "dvar": 0.142887502909,
        "dvar2": 0.287649482489,
        "max": 6.51670312881,
        "mean": 0.431328594685,
        "median": 0.35224506259,
        "min": -3.37355422974,
        "var": 0.704096913338
    },
    "erbbands_spread": {
        "dmean": 5.73299980164,
        "dmean2": 8.67098522186,
        "dvar": 40.4880142212,
        "dvar2": 80.1258468628,
        "max": 99.9189834595,
        "mean": 27.9938163757,
        "median": 25.4659729004,
        "min": 2.82126045227,
        "var": 222.037948608
    },
    "hfc": {
        "dmean": 4.27103996277,
        "dmean2": 5.96274852753,
        "dvar": 42.2916107178,
        "dvar2": 75.4296646118,
        "max": 137.783538818,
        "mean": 15.7686252594,
        "median": 9.56739711761,
        "min": 1.17511368932e-16,
        "var": 305.378234863
    },
    "melbands_crest": {
        "dmean": 3.01311516762,
        "dmean2": 4.92660140991,
        "dvar": 7.28389453888,
        "dvar2": 18.4228076935,
        "max": 32.1964912415,
        "mean": 11.4572601318,
        "median": 10.5849323273,
        "min": 1.46848773956,
        "var": 22.543340683
    },
    "melbands_flatness_db": {
        "dmean": 0.0194978415966,
        "dmean2": 0.0292746890336,
        "dvar": 0.000444929697551,
        "dvar2": 0.000819843262434,
        "max": 0.406472891569,
        "mean": 0.190434753895,
        "median": 0.189096778631,
        "min": 0.00067471183138,
        "var": 0.00266745639965
    },
    "melbands_kurtosis": {
        "dmean": 3.8200275898,
        "dmean2": 5.89208316803,
        "dvar": 60.3758659363,
        "dvar2": 124.987861633,
        "max": 325.467407227,
        "mean": 7.39657688141,
        "median": 3.65472698212,
        "min": -1.79603242874,
        "var": 158.733703613
    },
    "melbands_skewness": {
        "dmean": 0.529178500175,
        "dmean2": 0.798774421215,
        "dvar": 0.320215851068,
        "dvar2": 0.67124658823,
        "max": 13.4390945435,
        "mean": 1.72446894646,
        "median": 1.5836212635,
        "min": -1.41066563129,
        "var": 1.89592373371
    },
    "melbands_spread": {
        "dmean": 5.52935361862,
        "dmean2": 8.51505661011,
        "dvar": 47.3121643066,
        "dvar2": 95.3890075684,
        "max": 150.496566772,
        "mean": 22.0661945343,
        "median": 20.0600681305,
        "min": 0.709980905056,
        "var": 188.170150757
    },
    "pitch_salience": {
        "dmean": 0.0656495541334,
        "dmean2": 0.106386758387,
        "dvar": 0.0032669340726,
        "dvar2": 0.00799336843193,
        "max": 0.991593658924,
        "mean": 0.624329566956,
        "median": 0.627045691013,
        "min": 0.0943592190742,
        "var": 0.0110884513706
    },
    "silence_rate_20dB": {
        "dmean": 0,
        "dmean2": 0,
        "dvar": 0,
        "dvar2": 0,
        "max": 1,
        "mean": 1,
        "median": 1,
        "min": 1,
        "var": 0
    },
    "silence_rate_30dB": {
        "dmean": 0.00245527876541,
        "dmean2": 0.00491098826751,
        "dvar": 0.00244894949719,
        "dvar2": 0.00593802891672,
        "max": 1,
        "mean": 0.997457265854,
        "median": 1,
        "min": 0,
        "var": 0.00253555225208
    },
    "silence_rate_60dB": {
        "dmean": 0.0447211489081,
        "dmean2": 0.0894501432776,
        "dvar": 0.0427317395806,
        "dvar2": 0.0917991101742,
        "max": 1,
        "mean": 0.215782552958,
        "median": 0,
        "min": 0,
        "var": 0.169183656573
    },
    "spectral_centroid": {
        "dmean": 199.748184204,
        "dmean2": 301.963256836,
        "dvar": 58334.7929688,
        "dvar2": 108501.414062,
        "max": 11638.6582031,
        "mean": 1248.30700684,
        "median": 1174.74255371,
        "min": 282.964202881,
        "var": 351048.3125
    },
    "spectral_complexity": {
        "dmean": 2.61873030663,
        "dmean2": 4.0551609993,
        "dvar": 7.07037878036,
        "dvar2": 15.1215896606,
        "max": 51,
        "mean": 15.4729509354,
        "median": 15,
        "min": 0,
        "var": 91.31980896
    },
    "spectral_decrease": {
        "dmean": 1.23498755666e-09,
        "dmean2": 1.78971204523e-09,
        "dvar": 3.24578827446e-18,
        "dvar2": 6.04339768533e-18,
        "max": 5.95711979067e-29,
        "mean": -4.30241620109e-09,
        "median": -3.13615977632e-09,
        "min": -3.39929009385e-08,
        "var": 1.81397432698e-17
    },
    "spectral_energy": {
        "dmean": 0.00500654103234,
        "dmean2": 0.00722633255646,
        "dvar": 5.29124699824e-05,
        "dvar2": 9.79298638413e-05,
        "max": 0.138865873218,
        "mean": 0.0176685545594,
        "median": 0.0127842547372,
        "min": 1.05483945794e-20,
        "var": 0.00030640893965
    },
    "spectral_energyband_high": {
        "dmean": 6.07413494436e-05,
        "dmean2": 9.31172253331e-05,
        "dvar": 1.17802464672e-07,
        "dvar2": 2.52111021837e-07,
        "max": 0.0216815322638,
        "mean": 0.000157544665853,
        "median": 8.41364162625e-05,
        "min": 7.60603316897e-21,
        "var": 2.29773505112e-07
    },
    "spectral_energyband_low": {
        "dmean": 0.000393054971937,
        "dmean2": 0.000639999459963,
        "dvar": 3.52004661863e-07,
        "dvar2": 9.09204345589e-07,
        "max": 0.00930224452168,
        "mean": 0.000754878506996,
        "median": 0.000403327780077,
        "min": 3.00350711727e-23,
        "var": 9.08751474071e-07
    },
    "spectral_energyband_middle_high": {
        "dmean": 0.00220593251288,
        "dmean2": 0.00312583846971,
        "dvar": 1.63645672728e-05,
        "dvar2": 3.09616043523e-05,
        "max": 0.0890122875571,
        "mean": 0.00687383953482,
        "median": 0.00288629205897,
        "min": 1.40799287097e-21,
        "var": 9.86233790172e-05
    },
    "spectral_energyband_middle_low": {
        "dmean": 0.00387162598781,
        "dmean2": 0.00578419817612,
        "dvar": 3.88212683902e-05,
        "dvar2": 7.81638445915e-05,
        "max": 0.122096724808,
        "mean": 0.0103772385046,
        "median": 0.00730060180649,
        "min": 2.39799957453e-22,
        "var": 0.000141728625749
    },
    "spectral_entropy": {
        "dmean": 0.133019313216,
        "dmean2": 0.196014538407,
        "dvar": 0.0246660355479,
        "dvar2": 0.0414556600153,
        "max": 9.8135471344,
        "mean": 7.41105604172,
        "median": 7.40158605576,
        "min": 5.4910030365,
        "var": 0.139771103859
    },
    "spectral_flux": {
        "dmean": 0.0182284601033,
        "dmean2": 0.0287695862353,
        "dvar": 0.000483097537654,
        "dvar2": 0.00110152899288,
        "max": 0.346862405539,
        "mean": 0.0677630528808,
        "median": 0.0615815669298,
        "min": 6.60226456839e-11,
        "var": 0.00191586336587
    },
    "spectral_kurtosis": {
        "dmean": 2.11581540108,
        "dmean2": 3.64088201523,
        "dvar": 4.0717215538,
        "dvar2": 11.956413269,
        "max": 31.3525848389,
        "mean": 5.76361370087,
        "median": 5.30760765076,
        "min": -1.24412119389,
        "var": 9.46919631958
    },
    "spectral_rms": {
        "dmean": 0.000569534313399,
        "dmean2": 0.000804261071607,
        "dvar": 4.4722494863e-07,
        "dvar2": 7.50826757212e-07,
        "max": 0.0116395400837,
        "mean": 0.00362249906175,
        "median": 0.00353163480759,
        "min": 3.20797706975e-12,
        "var": 4.11514656662e-06
    },
    "spectral_rolloff": {
        "dmean": 322.755828857,
        "dmean2": 531.883605957,
        "dvar": 282168.15625,
        "dvar2": 581273.9375,
        "max": 18949.21875,
        "mean": 1502.68054199,
        "median": 1378.125,
        "min": 215.33203125,
        "var": 1051328.125
    },
    "spectral_skewness": {
        "dmean": 0.255577534437,
        "dmean2": 0.413586288691,
        "dvar": 0.0528577677906,
        "dvar2": 0.130465433002,
        "max": 4.48947191238,
        "mean": 1.66864466667,
        "median": 1.66108644009,
        "min": -0.413855493069,
        "var": 0.213682487607
    },
    "spectral_spread": {
        "dmean": 307396.78125,
        "dmean2": 460140.21875,
        "dvar": 257289601024,
        "dvar2": 414442749952,
        "max": 42151072,
        "mean": 3551469.5,
        "median": 3112515.75,
        "min": 1884171.375,
        "var": 2.21419850957e+12
    },
    "spectral_strongpeak": {
        "dmean": 0.66427218914,
        "dmean2": 1.05999994278,
        "dvar": 0.935971677303,
        "dvar2": 2.21958303452,
        "max": 13.4051952362,
        "mean": 1.36451387405,
        "median": 0.724046647549,
        "min": 0,
        "var": 2.77992582321
    },
    "zerocrossingrate": {
        "dmean": 0.00670924317092,
        "dmean2": 0.00798866339028,
        "dvar": 6.95694470778e-05,
        "dvar2": 8.47505943966e-05,
        "max": 0.53759765625,
        "mean": 0.0569227188826,
        "median": 0.0517578125,
        "min": 0.01025390625,
        "var": 0.000802328810096
    },
    "barkbands": {
        "dmean": [4.4868979785e-06, 4.89334961458e-05, 0.000206765922485, 0.000526766467374, 0.00103041040711, 0.00121244124603, 0.0011385754915, 0.000971229630522, 0.00120927544776, 0.000655508250929, 0.000703582423739, 0.000613292562775, 0.00048222168698, 0.000488473160658, 0.000446029764134, 0.00023263397452, 0.000192476232769, 0.00014356385509, 0.000104298560473, 5.58788960916e-05, 3.04341992887e-05, 1.15580087368e-05, 2.78018342215e-06, 1.09308120955e-06, 1.01654427453e-06, 1.38240778824e-07, 1.31396262759e-08],
        "dmean2": [7.91400907474e-06, 8.23978334665e-05, 0.000337996141752, 0.000864391156938, 0.00164700520691, 0.00186337670311, 0.00175718776882, 0.00151947909035, 0.00186577020213, 0.00103063054848, 0.0011107607279, 0.000914714066312, 0.000751206593122, 0.000750242383219, 0.000705219281372, 0.00037169578718, 0.000302579283016, 0.000225113341003, 0.000163355391123, 8.83435131982e-05, 4.77873545606e-05, 1.82992225746e-05, 4.2734886847e-06, 1.78565073838e-06, 1.69700501829e-06, 2.12965957758e-07, 2.0874971085e-08],
        "dvar": [4.32491958913e-10, 6.28004981351e-09, 1.13552182768e-07, 9.27765995584e-07, 2.74643343801e-06, 6.10816141489e-06, 8.32682690088e-06, 1.04668442873e-05, 1.16560322567e-05, 3.92070614907e-06, 4.72684632769e-06, 2.83664098788e-06, 2.05174865187e-06, 1.87481566627e-06, 1.37300366987e-06, 3.87065398399e-07, 2.72769057119e-07, 1.04270078793e-07, 4.31720259542e-08, 1.65219766757e-08, 4.4292743695e-08, 1.69959584184e-08, 1.20314452845e-10, 2.51662796505e-12, 9.51224992871e-13, 4.75230647206e-14, 2.44317420976e-15],
        "dvar2": [1.20492149591e-09, 1.6416279891e-08, 2.93685872066e-07, 2.3944314762e-06, 6.72910118737e-06, 1.29547297547e-05, 1.85021290235e-05, 2.18143013626e-05, 2.588035386e-05, 8.79646631802e-06, 1.06894349301e-05, 5.9585318013e-06, 4.46685953648e-06, 4.1740127017e-06, 3.23214158016e-06, 8.85279632712e-07, 5.91156435803e-07, 2.40209857338e-07, 9.95268010229e-08, 4.01943083261e-08, 9.21145328903e-08, 3.90728764899e-08, 2.3035427732e-10, 5.86138082515e-12, 2.46395937507e-12, 1.01244831746e-13, 5.3330503025e-15],
        "max": [0.00110503775068, 0.00231584277935, 0.00645641237497, 0.0152512127534, 0.0459992550313, 0.0725028514862, 0.0682012140751, 0.117333479226, 0.0779823586345, 0.0553420633078, 0.0583771578968, 0.0471995174885, 0.0562139041722, 0.0398555584252, 0.0263070147485, 0.0166699308902, 0.0210198890418, 0.0106880664825, 0.00532164843753, 0.0059499181807, 0.0156113766134, 0.00953756645322, 0.00114142149687, 6.58974167891e-05, 2.99789353448e-05, 7.35620324122e-06, 1.50260939336e-06],
        "mean": [4.3594654926e-06, 8.26062969281e-05, 0.000363043334801, 0.000816096551716, 0.00194734905381, 0.00211320724338, 0.0018513337709, 0.0013509033015, 0.00191477371845, 0.00104662927333, 0.00114900188055, 0.00107410131022, 0.000887268164661, 0.000834486039821, 0.000795706466306, 0.000375934148906, 0.000344645173755, 0.000279961823253, 0.000211611928535, 0.000122720113723, 6.25630927971e-05, 2.22349917749e-05, 7.81718699727e-06, 4.45259456683e-06, 5.51214861844e-06, 2.55255741877e-07, 1.71326242082e-08],
        "median": [1.71308124663e-06, 3.71756250388e-05, 0.000150271443999, 0.000331011222443, 0.00107321992982, 0.000976021285169, 0.000507007818669, 0.000311727664666, 0.000383131875424, 0.000213632258237, 0.000146530685015, 0.000175231005414, 0.000133780456963, 0.000143513767398, 0.000145433223224, 0.000111270688649, 0.000110879453132, 0.000108068794361, 8.57636478031e-05, 5.31108271389e-05, 2.71422704827e-05, 9.17037777981e-06, 4.75039905723e-06, 3.89629758502e-06, 5.32415197085e-06, 1.79228209163e-07, 2.64519933735e-10],
        "min": [2.17255350134e-24, 9.3138858593e-24, 1.62235132033e-24, 5.17110195729e-24, 3.6633103784e-23, 2.86498692885e-23, 8.65918416165e-24, 2.17969872732e-23, 2.12969851433e-23, 4.72203807494e-23, 4.97213222545e-23, 4.94260863275e-23, 6.00807193925e-23, 4.55373744071e-23, 4.47529216566e-23, 8.7360368843e-23, 9.81597989048e-23, 1.71186666074e-22, 1.30054764278e-22, 2.14731321037e-22, 2.46229287427e-22, 4.17647600928e-22, 4.84595057889e-22, 7.72402616165e-22, 1.04665822567e-21, 1.55666778184e-21, 2.1823048082e-21],
        "var": [3.97609861702e-10, 1.97591241147e-08, 2.83978408788e-07, 1.70134126165e-06, 7.33744491299e-06, 1.28497722471e-05, 1.63368622452e-05, 1.90223927348e-05, 2.33157643379e-05, 8.81513824424e-06, 1.2410610907e-05, 7.74324144004e-06, 6.21641902399e-06, 4.8336241889e-06, 3.63715957974e-06, 7.63999082665e-07, 6.36419258626e-07, 2.81597948515e-07, 1.11646450307e-07, 4.11382927723e-08, 7.18858217397e-08, 3.07799723487e-08, 4.44052794535e-10, 6.89008529051e-12, 2.24701615821e-12, 1.28047881543e-13, 4.81132120568e-15]
    },
    "erbbands": {
        "dmean": [0.000746139325202, 0.0151139125228, 0.167423084378, 0.939827680588, 2.66239309311, 3.72913455963, 7.97421360016, 10.082449913, 12.8120698929, 20.4335765839, 22.6240196228, 24.9340667725, 22.9784812927, 23.0861129761, 24.7311820984, 22.6284370422, 19.7336788177, 24.6597137451, 21.330072403, 18.429523468, 10.753493309, 9.78300762177, 8.06638908386, 6.18907928467, 3.9295899868, 2.40660023689, 1.64034771919, 0.887031495571, 0.467440068722, 0.196449562907, 0.0682856291533, 0.0305792205036, 0.0169329121709, 0.012233546935, 0.00909046269953, 0.00123760732822, 9.07073554117e-05, 1.66349727806e-05, 5.03854016642e-06, 5.92889091422e-06],
        "dmean2": [0.00129859219305, 0.0251509211957, 0.2732847929, 1.54211425781, 4.27388572693, 5.93423175812, 12.546792984, 15.4948749542, 19.5895290375, 31.3905696869, 34.4765663147, 38.4733886719, 35.8339271545, 35.6441879272, 38.482673645, 33.4338493347, 29.9778175354, 37.5628547668, 33.2238349915, 28.5712413788, 16.8531265259, 15.2143936157, 12.6186065674, 9.62399196625, 6.06286382675, 3.79899382591, 2.59072899818, 1.39004671574, 0.74842607975, 0.287286072969, 0.104377619922, 0.0492678955197, 0.0277845785022, 0.020361032337, 0.0153319742531, 0.00191423273645, 0.000144030098454, 2.59722019109e-05, 7.41561143514e-06, 8.50963260746e-06],
        "dvar": [1.25516214666e-06, 0.000603300752118, 0.0719749778509, 2.41663742065, 23.4897022247, 44.3813743591, 260.109741211, 475.168304443, 1346.55810547, 3230.71557617, 5515.96679688, 5991.59716797, 4545.55615234, 5640.63720703, 6041.35742188, 3439.91479492, 3362.08984375, 4838.23974609, 3111.39038086, 2433.35253906, 711.261901855, 777.56854248, 319.700500488, 175.816070557, 55.3876228333, 30.7578639984, 74.4053039551, 55.9760398865, 28.7320041656, 2.96995329857, 0.0407717563212, 0.00240866327658, 0.000496301916428, 0.000154253924848, 6.41901133349e-05, 2.44936063609e-06, 8.31792021927e-08, 3.73724740044e-09, 1.52690401989e-10, 7.3868126893e-11],
        "dvar2": [3.57386761607e-06, 0.00157757103443, 0.189494892955, 6.23314380646, 59.6136054993, 104.142539978, 598.68939209, 1008.4453125, 2856.8293457, 7312.39013672, 11318.1123047, 13817.0869141, 10513.3837891, 13196.9677734, 13321.5410156, 7074.26806641, 7071.43603516, 10807.9394531, 7360.83007812, 5478.41357422, 1678.86401367, 1608.41467285, 743.761230469, 392.733612061, 124.244628906, 77.0872879028, 157.259902954, 121.441749573, 68.8099594116, 4.74239110947, 0.0709565877914, 0.00546712474898, 0.0011969228508, 0.000393871334381, 0.000175629756995, 5.15213196195e-06, 1.93260504489e-07, 8.23596568722e-09, 3.23435861427e-10, 1.3602682869e-10],
        "max": [0.0363615863025, 0.743932425976, 5.86756896973, 28.1758918762, 90.1009063721, 181.384002686, 397.962921143, 763.260925293, 1286.9777832, 1290.89306641, 2938.16113281, 2000.69055176, 1849.71374512, 2389.74511719, 2454.38842773, 2016.63012695, 2403.32885742, 2376.65551758, 1456.63964844, 1283.42028809, 961.695007324, 1391.51928711, 690.956542969, 308.064331055, 208.428527832, 269.484283447, 686.990722656, 459.032165527, 347.944763184, 177.27822876, 18.5054244995, 2.0716240406, 0.845970094204, 0.373476296663, 0.215338885784, 0.0623006559908, 0.00970005616546, 0.00249784113839, 0.000401471595978, 0.000177272580913],
        "mean": [0.00120545213576, 0.0275882035494, 0.312878906727, 1.62803304195, 4.33915662766, 6.64419937134, 13.2411260605, 17.5308456421, 21.5416698456, 31.9878349304, 34.0662155151, 39.8413391113, 39.4816932678, 38.5279083252, 46.1777114868, 42.0656585693, 40.9372138977, 45.8701400757, 41.2826499939, 33.2564735413, 19.8575687408, 18.9904689789, 16.506067276, 12.993229866, 8.75953960419, 5.53086185455, 3.49660658836, 1.79780852795, 0.889329135418, 0.436746567488, 0.200295358896, 0.110782638192, 0.0700443387032, 0.0552421100438, 0.0417515411973, 0.00406825961545, 0.000192389430595, 2.83130302705e-05, 1.3669474356e-05, 2.13060648093e-05],
        "median": [0.000806357944384, 0.013654335402, 0.147875547409, 0.803995788097, 2.05119156837, 3.44452738762, 5.73669052124, 7.81904268265, 7.87441396713, 8.34821128845, 8.36919212341, 9.17750835419, 9.30471611023, 8.64061641693, 7.65698862076, 8.58269405365, 7.90204191208, 9.41350078583, 8.84219455719, 7.82931280136, 7.29491949081, 6.82671976089, 6.51401329041, 5.23078775406, 4.00994729996, 2.52494454384, 1.5828691721, 0.768718779087, 0.373921841383, 0.197040453553, 0.1307336092, 0.0923145860434, 0.0629872605205, 0.0521005541086, 0.0405089743435, 0.00358634954318, 0.000106561215944, 7.08434572516e-06, 7.56246981837e-06, 1.52217517098e-05],
        "min": [2.7194070033e-22, 1.88869749406e-21, 4.56836625404e-21, 9.21342442933e-21, 7.75899098113e-20, 9.93096047455e-20, 9.67292988351e-20, 2.18719478656e-19, 1.13014546392e-19, 2.14219370555e-19, 5.85642839712e-19, 4.31765583985e-19, 9.87493178349e-19, 2.19813342298e-18, 2.17835367338e-18, 2.26254163458e-18, 2.62934246951e-18, 3.3358969877e-18, 2.56930818219e-18, 3.27668553829e-18, 4.92772914876e-18, 5.94661300417e-18, 7.7237782902e-18, 6.55020173407e-18, 9.49784743919e-18, 9.12424552527e-18, 1.01903531219e-17, 1.16817374324e-17, 1.46779990237e-17, 1.30146223571e-17, 1.33897926054e-17, 1.29399180216e-17, 1.36747612895e-17, 1.0534557864e-17, 7.34074320857e-18, 5.40787895661e-18, 2.97818293859e-18, 1.20435615352e-18, 2.92536404436e-19, 2.94465861376e-20],
        "var": [1.97189228857e-06, 0.00194517348427, 0.182687535882, 5.12448883057, 46.5438613892, 111.050582886, 553.239196777, 983.659729004, 2535.9855957, 5924.96044922, 10107.2158203, 10334.6689453, 10557.0957031, 10575.6347656, 19705.7578125, 9532.85644531, 11763.7060547, 13284.9863281, 8662.83789062, 5804.27197266, 1475.76452637, 1996.31103516, 949.218078613, 468.871551514, 178.445861816, 77.7430648804, 111.391944885, 95.4728317261, 44.5305099487, 9.67764377594, 0.160028085113, 0.00705780694261, 0.0013263404835, 0.00037934811553, 0.00012456800323, 7.20127763998e-06, 1.72063394643e-07, 7.93998200521e-09, 4.57909044016e-10, 4.48333370429e-10]
    },
    "gfcc": {
        "mean": [-60.6855163574, 115.480743408, -157.410751343, 22.4341144562, -74.2929916382, 1.53385663033, -51.0302276611, 2.40469360352, -30.3301696777, -5.63219308853, -11.0420398712, -15.493645668, -1.4208997488],
        "cov": [[5001.25732422, 1014.98071289, -1437.60961914, -528.867004395, 312.069763184, -605.397644043, 342.1769104, -357.454315186, -31.7925643921, -244.315246582, 72.6331710815, -190.5521698, 57.6686210632], [1014.98071289, 538.949462891, -67.2159042358, -159.270263672, 18.9491424561, -201.184249878, 33.8708534241, -88.7273864746, -21.7247161865, -108.848495483, 23.452665329, -93.8983764648, 11.5615091324], [-1437.60961914, -67.2159042358, 909.823852539, 251.988601685, -221.155166626, 92.0037689209, -195.58291626, 95.6206054688, -22.9798812866, 33.5482025146, -47.3981781006, 39.7473602295, -55.2240943909], [-528.867004395, -159.270263672, 251.988601685, 391.208709717, -6.30170631409, 3.24990797043, -81.2092514038, 42.6781997681, -15.3900814056, 19.7878189087, -32.277256012, 36.2435569763, -9.29614639282], [312.069763184, 18.9491424561, -221.155166626, -6.30170631409, 200.695343018, 29.6047496796, 35.9711456299, -35.1785202026, -1.13246738911, -7.35102796555, 8.20408439636, -14.6276330948, 8.63490962982], [-605.397644043, -201.184249878, 92.0037689209, 3.24990797043, 29.6047496796, 321.870910645, 36.0367965698, 37.4126663208, -19.4908599854, 72.0927963257, -19.2326450348, 20.5730304718, -23.5892486572], [342.1769104, 33.8708534241, -195.58291626, -81.2092514038, 35.9711456299, 36.0367965698, 175.384765625, -5.17974185944, -19.6027126312, -17.3814105988, 6.5602645874, -17.5804290771, -7.24407911301], [-357.454315186, -88.7273864746, 95.6206054688, 42.6781997681, -35.1785202026, 37.4126663208, -5.17974185944, 135.154754639, 41.1426811218, 13.1429853439, -11.7227315903, 20.4754829407, -10.9288282394], [-31.7925643921, -21.7247161865, -22.9798812866, -15.3900814056, -1.13246738911, -19.4908599854, -19.6027126312, 41.1426811218, 92.8427658081, 34.3848991394, -4.37618255615, -1.6198707819, 3.96846151352], [-244.315246582, -108.848495483, 33.5482025146, 19.7878189087, -7.35102796555, 72.0927963257, -17.3814105988, 13.1429853439, 34.3848991394, 100.58203125, 20.5405540466, 8.79320144653, -10.1782808304], [72.6331710815, 23.452665329, -47.3981781006, -32.277256012, 8.20408439636, -19.2326450348, 6.5602645874, -11.7227315903, -4.37618255615, 20.5405540466, 67.6525421143, 18.4602394104, 2.12833809853], [-190.5521698, -93.8983764648, 39.7473602295, 36.2435569763, -14.6276330948, 20.5730304718, -17.5804290771, 20.4754829407, -1.6198707819, 8.79320144653, 18.4602394104, 75.2257537842, 18.65666008], [57.6686210632, 11.5615091324, -55.2240943909, -9.29614639282, 8.63490962982, -23.5892486572, -7.24407911301, -10.9288282394, 3.96846151352, -10.1782808304, 2.12833809853, 18.65666008, 65.1863861084]],
        "icov": [[0.00117209367454, -0.00233104545623, 0.00197761133313, -0.000286558060907, 0.000270301126875, 0.00078072148608, -0.000224561139476, 0.000659037788864, 0.000565563561395, -0.00121158733964, 0.00201847637072, -0.00198403862305, 0.00162161013577], [-0.00233104545623, 0.0105140209198, -0.00610114727169, 0.00229907198809, -0.00208426499739, 0.000632755632978, -0.00126600509975, 0.000798529246822, -0.00279712653719, 0.0076288417913, -0.00891259498894, 0.01086839661, -0.00560328923166], [0.00197761133313, -0.00610114727169, 0.00716032879427, -0.00234041083604, 0.00386831141077, -0.000838445965201, 0.00299912272021, -0.000428941624705, 0.00241743051447, -0.00314577063546, 0.0053092148155, -0.00566527154297, 0.00532010896131], [-0.000286558060907, 0.00229907198809, -0.00234041083604, 0.00487059308216, -0.00274141179398, 0.00234993267804, -0.000165343924891, -0.000961705925874, 0.00211557140574, -0.00131034594961, 0.00157889048569, 9.61062032729e-05, -0.000820935354568], [0.000270301126875, -0.00208426499739, 0.00386831141077, -0.00274141179398, 0.00938893854618, -0.00356586370617, 0.00186506472528, 0.00129904982168, -0.00152076303493, 0.00190914282575, -0.000963159895036, -0.000114344220492, 0.00136252329685], [0.00078072148608, 0.000632755632978, -0.000838445965201, 0.00234993267804, -0.00356586370617, 0.00817798543721, -0.00293773412704, -0.000962461519521, 0.00465288711712, -0.00649039074779, 0.005109640304, -0.00187968462706, 0.000840292253997], [-0.000224561139476, -0.00126600509975, 0.00299912272021, -0.000165343924891, 0.00186506472528, -0.00293773412704, 0.0102585302666, -0.00247361557558, 0.00262547633611, 0.000778533227276, 9.19393642107e-05, -5.1946954045e-05, 0.00232914602384], [0.000659037788864, 0.000798529246822, -0.000428941624705, -0.000961705925874, 0.00129904982168, -0.000962461519521, -0.00247361557558, 0.0130171217024, -0.00829365756363, 0.00486050359905, -0.00145258125849, -0.00108166760765, 0.0017827701522], [0.000565563561395, -0.00279712653719, 0.00241743051447, 0.00211557140574, -0.00152076303493, 0.00465288711712, 0.00262547633611, -0.00829365756363, 0.0219695903361, -0.0139006022364, 0.00942389294505, -0.00333438720554, 0.000270629592706], [-0.00121158733964, 0.0076288417913, -0.00314577063546, -0.00131034594961, 0.00190914282575, -0.00649039074779, 0.000778533227276, 0.00486050359905, -0.0139006022364, 0.0280595198274, -0.0178615637124, 0.0111017068848, -0.00219995086081], [0.00201847637072, -0.00891259498894, 0.0053092148155, 0.00157889048569, -0.000963159895036, 0.005109640304, 9.19393642107e-05, -0.00145258125849, 0.00942389294505, -0.0178615637124, 0.0322388708591, -0.0181095972657, 0.00702916504815], [-0.00198403862305, 0.01086839661, -0.00566527154297, 9.61062032729e-05, -0.000114344220492, -0.00187968462706, -5.1946954045e-05, -0.00108166760765, -0.00333438720554, 0.0111017068848, -0.0181095972657, 0.0316932797432, -0.0123534044251], [0.00162161013577, -0.00560328923166, 0.00532010896131, -0.000820935354568, 0.00136252329685, 0.000840292253997, 0.00232914602384, 0.0017827701522, 0.000270629592706, -0.00219995086081, 0.00702916504815, -0.0123534044251, 0.0229172538966]]
    },
    "melbands": {
        "dmean": [9.626532119e-06, 6.35495089227e-05, 0.000213742503547, 0.000205620177439, 0.000250853336183, 0.000227351687499, 0.000206220443943, 0.000216738437302, 0.000195873217308, 0.000161841628142, 0.000115364600788, 9.40024692682e-05, 8.75549812918e-05, 7.30684332666e-05, 5.03726005263e-05, 5.11587713845e-05, 4.87380275445e-05, 3.6243982322e-05, 3.54246039933e-05, 1.89716029126e-05, 1.30842190629e-05, 1.1807300325e-05, 8.24561811896e-06, 7.03352043274e-06, 5.51353150513e-06, 3.68396263184e-06, 2.51686719821e-06, 1.63175263879e-06, 1.25509575355e-06, 7.7962101841e-07, 4.93659740641e-07, 3.11323560709e-07, 1.77358330689e-07, 8.84847324301e-08, 4.66430876145e-08, 2.71159219523e-08, 2.0145137114e-08, 1.39108546904e-08, 1.40503120249e-08, 1.10278817189e-08],
        "dmean2": [1.64057728398e-05, 0.000103773716546, 0.000344963162206, 0.000331178162014, 0.00039282508078, 0.000348482542904, 0.00031575630419, 0.000335043790983, 0.000299387495033, 0.0002489691542, 0.000181024501217, 0.000145066485857, 0.000137291892315, 0.000109622429591, 7.57575471653e-05, 7.79260590207e-05, 7.47493977542e-05, 5.6500415667e-05, 5.57165258215e-05, 2.98180384561e-05, 2.08355122595e-05, 1.86467241292e-05, 1.28470865093e-05, 1.10828450488e-05, 8.69755240274e-06, 5.76181128054e-06, 3.99936470785e-06, 2.61239415522e-06, 1.99554028768e-06, 1.22505957734e-06, 7.92717457898e-07, 5.15822989655e-07, 2.66799247584e-07, 1.35581373684e-07, 7.28217912638e-08, 4.34295515106e-08, 3.33795497909e-08, 2.31195844691e-08, 2.34866295301e-08, 1.84518818003e-08],
        "dvar": [2.12697345847e-10, 1.03974464594e-08, 1.38745477329e-07, 1.07784487113e-07, 2.22504510816e-07, 2.33213214074e-07, 2.85329207372e-07, 3.87147139236e-07, 3.84692498301e-07, 2.40837664478e-07, 1.16730156208e-07, 9.21471254856e-08, 7.53958175892e-08, 4.35297593526e-08, 1.76860837087e-08, 2.6060996916e-08, 2.06955057536e-08, 1.02148929315e-08, 1.04410000645e-08, 2.93929702799e-09, 1.18835863372e-09, 1.13557963033e-09, 4.42777786658e-10, 2.82144002606e-10, 1.53886334231e-10, 5.09136934002e-11, 2.98652665098e-11, 1.50784090075e-11, 3.47454356953e-11, 3.44743331104e-11, 2.18699797855e-11, 1.32183170659e-11, 3.74721998223e-12, 3.25835333107e-13, 1.64022729453e-14, 2.34646443477e-15, 7.72599027042e-16, 3.34694401786e-16, 1.97113712135e-16, 1.19148908612e-16],
        "dvar2": [5.73246561331e-10, 2.72815441349e-08, 3.51843425506e-07, 2.67587836333e-07, 5.13388499712e-07, 4.88058674364e-07, 6.09646065186e-07, 8.60403702063e-07, 8.08272034192e-07, 5.47491993075e-07, 2.6880749715e-07, 2.12982598669e-07, 1.68634173292e-07, 9.27157941533e-08, 3.71299577751e-08, 5.52467476211e-08, 4.58269546755e-08, 2.41321451711e-08, 2.47066580528e-08, 6.45365894059e-09, 2.82301026999e-09, 2.43799136435e-09, 9.67180446843e-10, 6.66362576229e-10, 3.50863837983e-10, 1.17268431077e-10, 7.01845109807e-11, 3.89199401873e-11, 8.05654987168e-11, 7.52568354856e-11, 5.10156604461e-11, 3.38108534226e-11, 7.07915844e-12, 4.78698352659e-13, 3.47098618023e-14, 5.21892193022e-15, 1.90087258847e-15, 8.54658149604e-16, 5.0610266244e-16, 3.1040739962e-16],
        "max": [0.000374772935174, 0.00235781865194, 0.00651278160512, 0.00758914928883, 0.0125838872045, 0.0163688063622, 0.0166024360806, 0.0153478281572, 0.0197664331645, 0.0119288209826, 0.00951426010579, 0.0100367907435, 0.00949864648283, 0.00588556332514, 0.00328755006194, 0.00753510277718, 0.00465694628656, 0.00282016559504, 0.00289546069689, 0.00164391775616, 0.00115176977124, 0.00133698433638, 0.000820627028588, 0.000704852805939, 0.000277358107269, 0.000181001945748, 0.000178186819539, 0.0001895478199, 0.000486082222778, 0.000485005206428, 0.000292230513878, 0.000227116106544, 0.000193293075426, 5.67891584069e-05, 1.03582679003e-05, 2.70355803877e-06, 1.09201857867e-06, 6.48901163913e-07, 3.77646216521e-07, 3.36859613981e-07],
        "mean": [1.62387714226e-05, 0.000119099160656, 0.000375785893993, 0.00037708459422, 0.000437060953118, 0.000398880714783, 0.000351623661118, 0.000335202435963, 0.000289934658213, 0.00025538817863, 0.000193900574232, 0.000149584855535, 0.000154318782734, 0.000126962841023, 9.15126802283e-05, 9.39059464145e-05, 8.33082085592e-05, 6.33998715784e-05, 6.08483096585e-05, 3.0612500268e-05, 2.18216282519e-05, 2.08674027817e-05, 1.5257238374e-05, 1.33959620143e-05, 1.03978372863e-05, 7.2620850915e-06, 5.03456749357e-06, 3.33575007971e-06, 2.43588260673e-06, 1.45221258663e-06, 8.93726564755e-07, 5.36643483429e-07, 3.34280855441e-07, 1.99462903083e-07, 1.22559697502e-07, 7.64167040757e-08, 6.50775007216e-08, 4.73536694301e-08, 5.02880652675e-08, 4.15316137037e-08],
        "median": [8.67982816999e-06, 5.56605045858e-05, 0.000185454293387, 0.000209151970921, 0.000209095029277, 0.000182429008419, 0.00012209911074, 8.53182500578e-05, 6.02906402491e-05, 5.32097074029e-05, 4.03076483053e-05, 3.03386914311e-05, 2.15921154449e-05, 2.03155686904e-05, 1.62035430549e-05, 1.41796072057e-05, 1.43635179484e-05, 1.16432347568e-05, 1.11425943032e-05, 7.80552545621e-06, 7.40089080864e-06, 6.41978931526e-06, 5.53795598535e-06, 4.9151717576e-06, 3.76786101697e-06, 2.96105758935e-06, 2.03186209546e-06, 1.42991962093e-06, 1.02003423308e-06, 5.92671540289e-07, 3.44714152334e-07, 2.13723723164e-07, 1.32127027541e-07, 9.60591179933e-08, 8.02210635698e-08, 5.62544073546e-08, 5.67776687888e-08, 4.18924095413e-08, 4.66263259113e-08, 3.88643179861e-08],
        "min": [2.82938196799e-24, 2.22529220551e-24, 4.39948200158e-24, 8.43583555127e-24, 4.38767078168e-24, 4.95674123364e-24, 1.88396017765e-24, 2.27024820521e-24, 4.84640207554e-24, 2.37432873811e-24, 4.89204359536e-24, 8.16739012953e-24, 7.36336810657e-24, 5.09384131466e-24, 7.27887242615e-24, 4.81951611816e-24, 5.72739167929e-24, 2.54837847228e-24, 2.78846276676e-24, 6.57107920629e-24, 5.37742300502e-24, 6.40845986941e-24, 4.24893341985e-24, 5.5672939363e-24, 5.01491814768e-24, 5.38961169487e-24, 7.85054651353e-24, 5.52871390487e-24, 5.64400750389e-24, 4.48808764732e-24, 6.24191752726e-24, 7.16425803637e-24, 8.74724076019e-24, 6.36676304855e-24, 6.55770051977e-24, 7.76971903632e-24, 6.49271376396e-24, 9.12336648436e-24, 9.5194992988e-24, 7.96046244776e-24],
        "var": [5.59280788348e-10, 2.76798299836e-08, 2.90972792527e-07, 2.68680423687e-07, 5.13932434387e-07, 4.97785663356e-07, 5.73970226014e-07, 7.21333549336e-07, 7.28549025553e-07, 4.32716717569e-07, 2.74442982118e-07, 1.7201278979e-07, 2.29564179222e-07, 1.18271088922e-07, 4.88881184424e-08, 7.84357112593e-08, 5.28356380869e-08, 2.50934224511e-08, 2.51385134931e-08, 5.92241189423e-09, 2.24906160362e-09, 2.67506883311e-09, 1.04082353847e-09, 7.38715699722e-10, 3.42530614983e-10, 1.36665984085e-10, 7.66281274545e-11, 3.21311588447e-11, 4.6657341185e-11, 4.52030114728e-11, 3.38557029633e-11, 1.68304380849e-11, 9.34767194205e-12, 1.23741685301e-12, 4.98180733862e-14, 6.80377732574e-15, 1.69844547836e-15, 7.61265726208e-16, 4.53322557189e-16, 2.65437388129e-16]
    },
    "mfcc": {
        "mean": [-686.819519043, 136.017745972, -26.7172641754, 12.8167648315, -7.53131246567, -10.0549297333, -7.26143360138, -10.1834774017, -8.38863945007, -5.4756770134, -5.68238830566, -5.77894830704, -5.90302753448],
        "cov": [[4765.96337891, 1069.31213379, -1682.21240234, 47.2878875732, -414.472564697, -112.090286255, 73.951751709, -101.268074036, -91.8860549927, -50.2234191895, -120.652709961, -135.291931152, -58.297794342], [1069.31213379, 642.041931152, -165.028610229, -71.3410339355, -95.2459030151, -111.619735718, 0.170024544001, -45.8999214172, -57.0400085449, -16.148147583, -43.1730308533, -48.1766166687, -32.0080108643], [-1682.21240234, -165.028610229, 996.781066895, 117.444976807, 110.270004272, -26.4937934875, -78.4389038086, 14.4586114883, -11.8152360916, -18.6340274811, 31.8049259186, 29.9608764648, -8.10133457184], [47.2878875732, -71.3410339355, 117.444976807, 348.765930176, 54.7600250244, -69.9783935547, -53.08852005, -9.92669677734, -13.5233345032, -51.1546325684, -16.6353664398, -0.872744500637, -12.512544632], [-414.472564697, -95.2459030151, 110.270004272, 54.7600250244, 196.941329956, 35.6227531433, -31.6465625763, -1.85745668411, 9.79995059967, 7.66960525513, -2.31624269485, 5.90873003006, 15.1514053345], [-112.090286255, -111.619735718, -26.4937934875, -69.9783935547, 35.6227531433, 196.746536255, 80.3699569702, -5.62937259674, 11.3923530579, 24.5212669373, 9.15175819397, -10.4248905182, 4.17149448395], [73.951751709, 0.170024544001, -78.4389038086, -53.08852005, -31.6465625763, 80.3699569702, 146.985855103, 39.6932067871, -6.64447832108, 9.3801279068, 5.57486629486, -6.08036327362, -7.20894193649], [-101.268074036, -45.8999214172, 14.4586114883, -9.92669677734, -1.85745668411, -5.62937259674, 39.6932067871, 101.068450928, 35.835193634, -8.41525936127, 7.2106218338, 8.86369991302, 1.26568388939], [-91.8860549927, -57.0400085449, -11.8152360916, -13.5233345032, 9.79995059967, 11.3923530579, -6.64447832108, 35.835193634, 91.902961731, 32.8946266174, -0.72920948267, 13.9882287979, 8.58901786804], [-50.2234191895, -16.148147583, -18.6340274811, -51.1546325684, 7.66960525513, 24.5212669373, 9.3801279068, -8.41525936127, 32.8946266174, 83.441696167, 29.939250946, 0.60860478878, 10.022187233], [-120.652709961, -43.1730308533, 31.8049259186, -16.6353664398, -2.31624269485, 9.15175819397, 5.57486629486, 7.2106218338, -0.72920948267, 29.939250946, 71.3296127319, 31.5032615662, -4.03716039658], [-135.291931152, -48.1766166687, 29.9608764648, -0.872744500637, 5.90873003006, -10.4248905182, -6.08036327362, 8.86369991302, 13.9882287979, 0.60860478878, 31.5032615662, 77.126159668, 32.9229202271], [-58.297794342, -32.0080108643, -8.10133457184, -12.512544632, 15.1514053345, 4.17149448395, -7.20894193649, 1.26568388939, 8.58901786804, 10.022187233, -4.03716039658, 32.9229202271, 75.9290161133]],
