{
"lowlevel": {
    "average_loudness": 0.846463918686,
    "barkbands_crest": {
        "dmean": 2.40451860428,
        "dmean2": 3.93765950203,
        "dvar": 4.50836181641,
        "dvar2": 11.5137853622,
        "max": 23.6711406708,
        "mean": 8.69065666199,
        "median": 7.92470502853,
        "min": 2.58529996872,
        "var": 11.8213043213
    },
    "barkbands_flatness_db": {
        "dmean": 0.0159361530095,
        "dmean2": 0.025501716882,
        "dvar": 0.00019197750953,
        "dvar2": 0.000474982109154,
        "max": 0.270994991064,
        "mean": 0.147791087627,
        "median": 0.146084800363,
        "min": 0.0394015647471,
        "var": 0.000762229785323
    },
    "barkbands_kurtosis": {
        "dmean": 1.44182705879,
        "dmean2": 2.33677458763,
        "dvar": 4.78650188446,
        "dvar2": 12.5962190628,
        "max": 44.106136322,
        "mean": 1.65057337284,
        "median": 0.525695800781,
        "min": -1.88696098328,
        "var": 12.3626861572
    },
    "barkbands_skewness": {
        "dmean": 0.410793036222,
        "dmean2": 0.635433733463,
        "dvar": 0.146949887276,
        "dvar2": 0.348831534386,
        "max": 6.21284675598,
        "mean": 0.879494607449,
        "median": 0.854451358318,
        "min": -3.38229656219,
        "var": 1.0872862339
    },
    "barkbands_spread": {
        "dmean": 4.32788610458,
        "dmean2": 6.78230905533,
        "dvar": 23.3475418091,
        "dvar2": 50.0955467224,
        "max": 82.3265991211,
        "mean": 19.4171981812,
        "median": 17.6915531158,
        "min": 2.79922652245,
        "var": 86.5305557251
    },
    "dissonance": {
        "dmean": 0.0188240632415,
        "dmean2": 0.0319451354444,
        "dvar": 0.0002916273952,
        "dvar2": 0.000811067759059,
        "max": 0.499999880791,
        "mean": 0.462479561567,
        "median": 0.467590481043,
        "min": 0.32557669282,
        "var": 0.000592019408941
    },
    "dynamic_complexity": 3.6619553566,
    "erbbands_crest": {
        "dmean": 2.80184173584,
        "dmean2": 4.54477310181,
        "dvar": 6.59049415588,
        "dvar2": 16.3181209564,
        "max": 30.2277145386,
        "mean": 9.87460231781,
        "median": 8.71714115143,
        "min": 2.63636064529,
        "var": 20.4788227081
    },
    "erbbands_flatness_db": {
        "dmean": 0.0149222034961,
        "dmean2": 0.0220829788595,
        "dvar": 0.000180863833521,
        "dvar2": 0.000344460975612,
        "max": 0.363777011633,
        "mean": 0.205531314015,
        "median": 0.2070376724,
        "min": 0.0607497654855,
        "var": 0.00191925012041
    },
    "erbbands_kurtosis": {
        "dmean": 0.839670240879,
        "dmean2": 1.34006428719,
        "dvar": 1.43011462688,
        "dvar2": 3.27439308167,
        "max": 23.9416599274,
        "mean": 0.271917253733,
        "median": -0.266387939453,
        "min": -1.80896389484,
        "var": 3.98325181007
    },
    "erbbands_skewness": {
        "dmean": 0.346932291985,
        "dmean2": 0.535518467426,
        "dvar": 0.0952281653881,
        "dvar2": 0.213335797191,
        "max": 3.40768074989,
        "mean": 0.116830945015,
        "median": 0.19660179317,
        "min": -4.16561126709,
        "var": 0.674118638039
    },
    "erbbands_spread": {
        "dmean": 6.14961051941,
        "dmean2": 9.40424156189,
        "dvar": 42.0386924744,
        "dvar2": 86.5687713623,
        "max": 120.72794342,
        "mean": 31.0362453461,
        "median": 27.7529964447,
        "min": 3.28080248833,
        "var": 244.655456543
    },
    "hfc": {
        "dmean": 4.60854434967,
        "dmean2": 6.64031791687,
        "dvar": 55.9713439941,
        "dvar2": 107.141921997,
        "max": 128.979614258,
        "mean": 17.1562328339,
        "median": 9.955286026,
        "min": 1.09478459185e-16,
        "var": 331.535369873
    },
    "melbands_crest": {
        "dmean": 2.89406967163,
        "dmean2": 4.77365636826,
        "dvar": 6.62248754501,
        "dvar2": 17.3079528809,
        "max": 31.4466495514,
        "mean": 11.0427780151,
        "median": 10.1325654984,
        "min": 1.61585843563,
        "var": 18.8758087158
    },
    "melbands_flatness_db": {
        "dmean": 0.0185045544058,
        "dmean2": 0.0295913014561,
        "dvar": 0.000293303688522,
        "dvar2": 0.000740249408409,
        "max": 0.354238092899,
        "mean": 0.180720299482,
        "median": 0.178081676364,
        "min": 0.00434597302228,
        "var": 0.00149092054926
    },
    "melbands_kurtosis": {
        "dmean": 3.16574192047,
        "dmean2": 5.0888633728,
        "dvar": 37.0181617737,
        "dvar2": 96.3895874023,
        "max": 154.304321289,
        "mean": 5.65391397476,
        "median": 2.7689614296,
        "min": -1.83270013332,
        "var": 85.7964401245
    },
    "melbands_skewness": {
        "dmean": 0.50276184082,
        "dmean2": 0.777751505375,
        "dvar": 0.263715535402,
        "dvar2": 0.620556175709,
        "max": 10.5400524139,
        "mean": 1.62104213238,
        "median": 1.41935396194,
        "min": -2.02198624611,
        "var": 1.67379581928
    },
    "melbands_spread": {
        "dmean": 6.91365146637,
        "dmean2": 10.7815275192,
        "dvar": 74.2957839966,
        "dvar2": 152.984588623,
        "max": 203.207839966,
        "mean": 28.6024284363,
        "median": 24.4039096832,
        "min": 2.33303833008,
        "var": 351.21496582
    },
    "pitch_salience": {
        "dmean": 0.0645243525505,
        "dmean2": 0.105695471168,
        "dvar": 0.00278818467632,
        "dvar2": 0.00741359917447,
        "max": 0.862621366978,
        "mean": 0.580310285091,
        "median": 0.585158228874,
        "min": 0.204892858863,
        "var": 0.00806219689548
    },
    "silence_rate_20dB": {
        "dmean": 0,
        "dmean2": 0,
        "dvar": 0,
        "dvar2": 0,
        "max": 1,
        "mean": 1,
        "median": 1,
        "min": 1,
        "var": 0
    },
    "silence_rate_30dB": {
        "dmean": 0,
        "dmean2": 0,
        "dvar": 0,
        "dvar2": 0,
        "max": 1,
        "mean": 1,
        "median": 1,
        "min": 1,
        "var": 0
    },
    "silence_rate_60dB": {
        "dmean": 0.0384919606149,
        "dmean2": 0.0768622308969,
        "dvar": 0.0370114482939,
        "dvar2": 0.0828294456005,
        "max": 1,
        "mean": 0.124555163085,
        "median": 0,
        "min": 0,
        "var": 0.109033420682
    },
    "spectral_centroid": {
        "dmean": 232.223876953,
        "dmean2": 360.908203125,
        "dvar": 62106.828125,
        "dvar2": 133756.8125,
        "max": 11330.2832031,
        "mean": 1558.78344727,
        "median": 1470.96875,
        "min": 370.395843506,
        "var": 575650.1875
    },
    "spectral_complexity": {
        "dmean": 2.31268119812,
        "dmean2": 3.66407394409,
        "dvar": 4.67013883591,
        "dvar2": 10.437787056,
        "max": 42,
        "mean": 16.2205085754,
        "median": 16,
        "min": 0,
        "var": 58.8173408508
    },
    "spectral_decrease": {
        "dmean": 9.2645074945e-10,
        "dmean2": 1.39646427755e-09,
        "dvar": 1.28084482098e-18,
        "dvar2": 2.76417807924e-18,
        "max": 1.13786769824e-28,
        "mean": -3.43047434903e-09,
        "median": -2.76619238626e-09,
        "min": -2.01875867134e-08,
        "var": 7.10482054452e-18
    },
    "spectral_energy": {
        "dmean": 0.00383867858909,
        "dmean2": 0.00576078845188,
        "dvar": 2.26599531743e-05,
        "dvar2": 4.80718699691e-05,
        "max": 0.0849759578705,
        "mean": 0.0145035292953,
        "median": 0.0114918723702,
        "min": 1.0016300149e-20,
        "var": 0.00013202666014
    },
    "spectral_energyband_high": {
        "dmean": 0.000199223737582,
        "dmean2": 0.000297438004054,
        "dvar": 3.45083094544e-07,
        "dvar2": 6.54814016343e-07,
        "max": 0.0202219933271,
        "mean": 0.000386291008908,
        "median": 0.000141419106512,
        "min": 7.15125750768e-21,
        "var": 8.56523229231e-07
    },
    "spectral_energyband_low": {
        "dmean": 0.000802230788395,
        "dmean2": 0.00135100272018,
        "dvar": 1.51388792347e-06,
        "dvar2": 3.95906499762e-06,
        "max": 0.0134883467108,
        "mean": 0.00110977399163,
        "median": 0.00065936736064,
        "min": 9.79169890959e-24,
        "var": 1.72542013388e-06
    },
    "spectral_energyband_middle_high": {
        "dmean": 0.00214367802255,
        "dmean2": 0.00320071936585,
        "dvar": 1.48451190398e-05,
        "dvar2": 3.08420603687e-05,
        "max": 0.082549110055,
        "mean": 0.00693687796593,
        "median": 0.00306371110491,
        "min": 1.22271228974e-21,
        "var": 8.10426790849e-05
    },
    "spectral_energyband_middle_low": {
        "dmean": 0.00224330136552,
        "dmean2": 0.00348253059201,
        "dvar": 8.98472626432e-06,
        "dvar2": 2.14396841329e-05,
        "max": 0.0565604306757,
        "mean": 0.00652456935495,
        "median": 0.00485708331689,
        "min": 2.05358555388e-22,
        "var": 3.18729980791e-05
    },
    "spectral_entropy": {
        "dmean": 0.133452221751,
        "dmean2": 0.197600543499,
        "dvar": 0.016087308526,
        "dvar2": 0.0301990844309,
        "max": 9.82060623169,
        "mean": 7.34976673126,
        "median": 7.33809375763,
        "min": 5.96009016037,
        "var": 0.116469942033
    },
    "spectral_flux": {
        "dmean": 0.0158728491515,
        "dmean2": 0.0251923147589,
        "dvar": 0.000280272506643,
        "dvar2": 0.000678064068779,
        "max": 0.224015086889,
        "mean": 0.0637796595693,
        "median": 0.05747660622,
        "min": 6.43277861534e-11,
        "var": 0.00116283493116
    },
    "spectral_kurtosis": {
        "dmean": 2.22914719582,
        "dmean2": 3.8654088974,
        "dvar": 4.40996170044,
        "dvar2": 13.3580856323,
        "max": 23.3144416809,
        "mean": 5.05959606171,
        "median": 4.57329034805,
        "min": -1.24290120602,
        "var": 9.44424247742
    },
    "spectral_rms": {
        "dmean": 0.000479490176076,
        "dmean2": 0.000709412212018,
        "dvar": 2.28345385267e-07,
        "dvar2": 4.51921181366e-07,
        "max": 0.00910512916744,
        "mean": 0.00346041610464,
        "median": 0.00334837031551,
        "min": 3.12601984229e-12,
        "var": 2.17530828195e-06
    },
    "spectral_rolloff": {
        "dmean": 395.671966553,
        "dmean2": 669.954345703,
        "dvar": 418176,
        "dvar2": 845048.625,
        "max": 19487.5488281,
        "mean": 1780.15075684,
        "median": 1614.99023438,
        "min": 107.666015625,
        "var": 1966488.125
    },
    "spectral_skewness": {
        "dmean": 0.269234567881,
        "dmean2": 0.451175093651,
        "dvar": 0.0565423443913,
        "dvar2": 0.155801013112,
        "max": 3.18992257118,
        "mean": 1.3904042244,
        "median": 1.37180614471,
        "min": -0.412589460611,
        "var": 0.179536387324
    },
    "spectral_spread": {
        "dmean": 279813.125,
        "dmean2": 401918.96875,
        "dvar": 241214849024,
        "dvar2": 427005607936,
        "max": 42271352,
        "mean": 3400189,
        "median": 3064361.5,
        "min": 1654527.875,
        "var": 4.2281795584e+12
    },
    "spectral_strongpeak": {
        "dmean": 0.809102356434,
        "dmean2": 1.31235659122,
        "dvar": 1.615447402,
        "dvar2": 3.70485401154,
        "max": 18.3042392731,
        "mean": 1.63215601444,
        "median": 0.844479382038,
        "min": 0,
        "var": 4.42091178894
    },
    "zerocrossingrate": {
        "dmean": 0.00739154592156,
        "dmean2": 0.00867582764477,
        "dvar": 0.000113569250971,
        "dvar2": 0.000109562824946,
        "max": 0.81982421875,
        "mean": 0.0637658536434,
        "median": 0.05810546875,
        "min": 0.01318359375,
        "var": 0.00131893355865
    },
    "barkbands": {
        "dmean": [8.25192364573e-06, 0.000293697288726, 0.000430448155385, 0.000392206391552, 0.000769345206209, 0.000673072878271, 0.000499206013046, 0.000586415582802, 0.000605176144745, 0.000749532831833, 0.000454191991594, 0.000299013830954, 0.000343098537996, 0.0004100666265, 0.00048161559971, 0.000453241082141, 0.000203647243325, 0.000355348020094, 0.000232724894886, 0.000148273989907, 3.92493711843e-05, 3.88796943298e-05, 4.25602556788e-05, 8.93117612577e-06, 1.63770766903e-06, 1.24922820532e-07, 7.80406921308e-08],
        "dmean2": [1.4939331777e-05, 0.000498561596032, 0.000759102113079, 0.000651637616102, 0.00125494168606, 0.00108410906978, 0.000795356638264, 0.000907065463252, 0.000963873811997, 0.00118528772146, 0.000717976596206, 0.00046577345347, 0.000549231714103, 0.000643046281766, 0.000760014343541, 0.00070704286918, 0.000313533120789, 0.000559486798011, 0.000372251612134, 0.000232130318182, 6.30800568615e-05, 5.89419651078e-05, 6.10765127931e-05, 1.19235774036e-05, 2.28455655815e-06, 2.08775375654e-07, 1.27886835344e-07],
        "dvar": [5.64339797116e-10, 5.07408913109e-07, 4.52037312471e-07, 3.32325328145e-07, 1.65129654306e-06, 1.6875314941e-06, 9.04388457457e-07, 1.28546423639e-06, 2.95112704407e-06, 5.05624302605e-06, 1.91626440937e-06, 7.07989443072e-07, 1.15203977202e-06, 1.45612807501e-06, 2.31659032579e-06, 2.21791515287e-06, 2.71753833658e-07, 7.99986764832e-07, 3.55602310265e-07, 1.26055056171e-07, 9.89918902405e-09, 6.28636271927e-08, 9.22626242073e-08, 2.30190955186e-09, 3.7568167327e-11, 3.29550602573e-14, 3.86626277868e-13],
        "dvar2": [1.5327460412e-09, 1.30319153868e-06, 1.33472576636e-06, 8.5359596369e-07, 4.11308292314e-06, 4.53592519989e-06, 2.294753358e-06, 2.97830774798e-06, 7.60946704759e-06, 1.22782666949e-05, 4.53038592241e-06, 1.55679720137e-06, 2.7641019642e-06, 3.10706400342e-06, 5.34153014087e-06, 4.95006770507e-06, 5.95842493567e-07, 1.78334994416e-06, 8.24131291211e-07, 3.08752021283e-07, 2.34464430093e-08, 1.29751995814e-07, 1.87075798408e-07, 4.11830480829e-09, 6.84695009023e-11, 8.29360451843e-14, 9.41460993366e-13],
        "max": [0.00145106622949, 0.00936644896865, 0.00971389003098, 0.00940742343664, 0.0231374837458, 0.023385476321, 0.022361215204, 0.0249258726835, 0.0505020283163, 0.0638127326965, 0.0389631725848, 0.0344953462481, 0.0335514731705, 0.0472345799208, 0.0468720979989, 0.0331897065043, 0.0218621697277, 0.0256930794567, 0.0242660362273, 0.00989924930036, 0.00270582432859, 0.0129250138998, 0.0123745091259, 0.00189216656145, 0.000176624962478, 3.20060257764e-06, 1.313089615e-05],
        "mean": [8.14366012492e-06, 0.000321067142067, 0.000503600051161, 0.000539217027836, 0.00139609538019, 0.00109995063394, 0.000939219724387, 0.00120698334649, 0.00101570028346, 0.00122783903498, 0.000805194023997, 0.000549491320271, 0.000583540124353, 0.000711347383913, 0.000818745291326, 0.000804953568149, 0.000404142512707, 0.000641135964543, 0.000415722926846, 0.000291985052172, 6.32634619251e-05, 6.30798167549e-05, 7.38985909265e-05, 1.56226669787e-05, 3.13955729325e-06, 3.8228947119e-07, 7.13850951684e-08],
        "median": [4.8149736358e-06, 0.000136796414154, 0.000271913682809, 0.000310144183459, 0.000835795653984, 0.000497708388139, 0.000414918060414, 0.000357242533937, 0.000309534429107, 0.000234589766478, 0.000172973406734, 0.000127457358758, 0.000122631521663, 0.000157442889758, 0.000159520335728, 0.000146643447806, 0.000105541505036, 0.000181937168236, 0.000126674334751, 9.06996210688e-05, 2.72058241535e-05, 1.5325475033e-05, 1.55676771101e-05, 3.83795759262e-06, 1.20896515909e-06, 3.52990298325e-07, 7.98322796758e-10],
        "min": [7.28710655628e-25, 4.01382368224e-24, 6.62365234828e-25, 2.55893915044e-24, 9.90836118228e-24, 8.9449663795e-24, 2.34189846908e-23, 1.45194566994e-23, 1.658736721e-23, 2.47460995911e-23, 7.8407748935e-24, 2.93023329877e-23, 3.14924191199e-23, 4.4173938773e-23, 7.24525322541e-23, 7.87528298271e-23, 1.45151126002e-22, 1.2935329654e-22, 1.62600161245e-22, 1.63167775066e-22, 2.24387609605e-22, 3.37959371394e-22, 3.92045139182e-22, 6.23923696212e-22, 9.36475587032e-22, 1.20773872526e-21, 2.14551102292e-21],
        "var": [4.64141336476e-10, 4.42000157364e-07, 4.67880255428e-07, 4.63517409344e-07, 2.92929780699e-06, 3.0611222428e-06, 2.23270217248e-06, 4.68772395834e-06, 5.00435271533e-06, 1.16095661724e-05, 5.85530096942e-06, 2.51197116086e-06, 2.43734052674e-06, 3.69537269762e-06, 5.7169190768e-06, 5.23495054949e-06, 8.98135851912e-07, 1.90326977645e-06, 6.68143002258e-07, 3.16059384886e-07, 1.69500076197e-08, 1.08982824543e-07, 1.90799070765e-07, 4.8099502159e-09, 8.55811393974e-11, 4.60498813019e-14, 4.44381998647e-13]
    },
    "erbbands": {
        "dmean": [0.00437836721539, 0.0822752118111, 0.401244699955, 0.96865606308, 1.65480613708, 2.86728477478, 3.98697185516, 6.32256317139, 7.25311183929, 8.80299663544, 11.5266857147, 11.9375658035, 20.484380722, 22.2872047424, 15.1728878021, 11.7337598801, 14.8320655823, 17.8115444183, 22.2677688599, 23.5249347687, 20.5232639313, 10.4178628922, 14.9879312515, 18.5032997131, 7.09990024567, 7.81752347946, 2.79995083809, 1.11868584156, 1.35389375687, 1.59517323971, 1.19268643856, 0.325528591871, 0.101881586015, 0.0298357512802, 0.00676883012056, 0.000908016227186, 0.000152881693793, 0.000144244622788, 7.29428893465e-06, 4.83987832922e-06],
        "dmean2": [0.00742795132101, 0.139684185386, 0.699407219887, 1.6259393692, 2.7037858963, 4.71948575974, 6.55234098434, 10.2449378967, 11.6361274719, 13.8634386063, 17.8656921387, 19.076877594, 32.2316017151, 35.8334159851, 23.3633155823, 17.9629936218, 23.5189685822, 27.5221595764, 34.199092865, 37.1128997803, 31.5361366272, 15.9773445129, 23.2937602997, 29.2877407074, 11.1557645798, 12.3081884384, 4.4701385498, 1.7395939827, 2.05394911766, 2.24822807312, 1.7129753828, 0.440680265427, 0.135579138994, 0.0408194363117, 0.00989009160548, 0.00147604744416, 0.000249308854109, 0.000237369022216, 1.15149478006e-05, 7.21102924217e-06],
        "dvar": [8.50568321766e-05, 0.0382308699191, 0.42871132493, 2.28995966911, 5.15533494949, 28.6057319641, 57.8106307983, 155.905303955, 237.092453003, 252.067230225, 565.912597656, 1282.95007324, 2421.8359375, 5644.58496094, 2745.49023438, 1255.37414551, 2131.24023438, 2938.00634766, 4338.00195312, 5761.11376953, 4873.17529297, 702.366149902, 1520.91210938, 2690.19091797, 237.476303101, 448.456207275, 41.7799682617, 16.4589557648, 95.8375015259, 104.690818787, 82.8042221069, 4.04027938843, 0.220895081758, 0.0147421220317, 0.000478675210616, 1.61573439073e-06, 7.11324474878e-08, 1.20994263852e-06, 1.18323695286e-09, 3.65741117947e-11],
        "dvar2": [0.000219847584958, 0.0985869020224, 1.2576341629, 5.87162065506, 13.2944250107, 69.8600082397, 149.999176025, 414.642150879, 617.383300781, 631.467041016, 1320.79711914, 3231.28515625, 5664.69677734, 13777.5800781, 6645.36376953, 2539.40600586, 5067.33154297, 6297.47070312, 9845.44726562, 13032.1533203, 10653.1279297, 1542.41943359, 3416.30200195, 6132.42675781, 555.480834961, 1101.86645508, 104.362876892, 35.1645927429, 213.383575439, 203.32270813, 180.294265747, 7.76755523682, 0.371048033237, 0.0262331273407, 0.000971940171439, 3.58372926712e-06, 1.68838951708e-07, 2.93706170851e-06, 2.82547674146e-09, 7.54774576173e-11],
        "max": [0.174499571323, 2.57455468178, 9.80065917969, 17.4022712708, 42.3749008179, 112.349632263, 110.756057739, 258.10144043, 321.928375244, 383.31942749, 562.656555176, 909.147338867, 1223.43969727, 2898.18261719, 1786.48913574, 1785.77819824, 1843.34838867, 1689.49511719, 1880.25402832, 2720.2902832, 2120.07958984, 811.490661621, 1753.27612305, 1702.43200684, 487.220245361, 690.111572266, 125.629356384, 159.833053589, 586.497436523, 523.639465332, 378.629547119, 85.1311187744, 15.7290439606, 3.92615199089, 0.59109723568, 0.0335164517164, 0.00529077975079, 0.0229221116751, 0.000551039294805, 0.000104513019323],
        "mean": [0.00521317962557, 0.0906879529357, 0.488786458969, 1.36213374138, 2.88023638725, 4.69073629379, 6.44099283218, 10.2453432083, 13.4320688248, 17.9042701721, 24.5487937927, 21.6544876099, 35.9482383728, 40.5877609253, 29.0503139496, 23.4911212921, 27.531873703, 33.3587722778, 42.1634788513, 42.9045829773, 40.7668533325, 24.1900005341, 30.1037807465, 33.2767181396, 15.7642211914, 14.7586212158, 5.13615942001, 2.0128531456, 2.11444807053, 2.64319181442, 1.94660234451, 0.548209786415, 0.18519435823, 0.0558383576572, 0.0137719847262, 0.00329300062731, 0.000321464525769, 0.000141879034345, 1.45454923768e-05, 1.84752334462e-05],
        "median": [0.00270336167887, 0.0390515774488, 0.267634093761, 0.825139582157, 1.81745481491, 2.51825523376, 2.99069023132, 4.56979608536, 5.62808275223, 8.66395187378, 7.50685501099, 7.76542901993, 10.1870164871, 8.99174022675, 7.80336999893, 6.3999080658, 7.05274200439, 9.16757011414, 9.28386688232, 10.2971401215, 8.33431434631, 6.79248142242, 9.37078380585, 9.06382656097, 6.10053014755, 4.41912937164, 2.06090283394, 0.90243011713, 0.527582705021, 0.563206970692, 0.394634366035, 0.128593504429, 0.0488939099014, 0.0180602949113, 0.0071028098464, 0.00298133608885, 0.000264366914053, 9.93977300823e-06, 7.71343184169e-06, 1.4248388652e-05],
        "min": [7.70508845122e-23, 8.76670388355e-22, 4.90826730874e-22, 5.12719865145e-21, 2.25563590431e-20, 2.43043257712e-20, 6.59625033593e-20, 9.90442413275e-20, 2.58083918333e-19, 4.34539120579e-19, 5.70410877418e-19, 4.56927746134e-19, 4.93478220765e-19, 8.35286930857e-19, 5.1130205011e-19, 1.45911041139e-18, 1.72954108604e-18, 2.89461681041e-18, 3.12615913953e-18, 4.30331325181e-18, 4.41312271889e-18, 8.12103260656e-18, 7.9121264885e-18, 6.98123314356e-18, 8.69234474895e-18, 8.42399743207e-18, 7.40999476945e-18, 1.34810570968e-17, 1.28184175973e-17, 1.31373999482e-17, 1.13209055328e-17, 1.24910848581e-17, 9.79618667072e-18, 1.02151817751e-17, 6.59479917679e-18, 4.34369041905e-18, 2.50037405187e-18, 1.04508811004e-18, 2.77960034477e-19, 2.87925027617e-20],
        "var": [8.35038445075e-05, 0.0332756079733, 0.428702831268, 2.82377767563, 10.6805047989, 44.9504852295, 100.390258789, 279.679107666, 559.984924316, 669.310241699, 1992.33947754, 2340.57397461, 6160.22900391, 16041.7509766, 6861.00878906, 5149.60009766, 4731.015625, 7187.42089844, 11288.8115234, 14008.2265625, 12348.0175781, 2904.68725586, 4076.86157227, 5154.66357422, 711.233825684, 917.749572754, 93.720489502, 28.3869991302, 138.181243896, 232.867233276, 138.194274902, 7.43884420395, 0.544495820999, 0.0352097600698, 0.000939269317314, 3.0179244277e-06, 1.06970773572e-07, 1.4155551753e-06, 1.43833756017e-09, 2.22069612699e-10]
    },
    "gfcc": {
        "mean": [-50.2658233643, 117.617584229, -159.879547119, 37.2469596863, -65.9417037964, 0.488856345415, -39.577167511, 3.23338747025, -21.3965644836, -8.97410869598, -10.255859375, -11.0004034042, -6.9200797081],
        "cov": [[5543.13623047, 352.139190674, -1547.9329834, 74.0579833984, -330.606170654, -27.9781532288, -18.1514720917, -157.659255981, 112.997192383, -295.458435059, 189.675827026, -226.188812256, 39.401184082], [352.139190674, 410.686309814, -19.7992420197, -148.230133057, -10.104845047, -93.1096801758, -9.60700511932, 8.65297603607, -40.8222923279, 23.0433273315, -12.681394577, -20.2211513519, -24.3050365448], [-1547.9329834, -19.7992420197, 980.485900879, 154.717834473, -43.2608299255, 58.6456260681, -67.0114440918, 47.530456543, -32.2913131714, 127.942771912, -143.950500488, 115.927429199, -40.9521789551], [74.0579833984, -148.230133057, 154.717834473, 392.33404541, 3.59497976303, 49.797000885, -56.6796188354, 5.8249912262, 40.9977836609, -20.3094654083, -22.5779075623, 26.3592300415, 28.7545948029], [-330.606170654, -10.104845047, -43.2608299255, 3.59497976303, 292.137817383, -27.8566455841, 22.5958404541, 47.5658187866, -28.7876472473, 17.51795578, 11.7371864319, 11.4427366257, 10.1128511429], [-27.9781532288, -93.1096801758, 58.6456260681, 49.797000885, -27.8566455841, 234.194839478, 81.4930114746, -36.7547416687, -40.3125190735, 8.53917121887, -1.11711359024, -24.5031147003, 0.944931328297], [-18.1514720917, -9.60700511932, -67.0114440918, -56.6796188354, 22.5958404541, 81.4930114746, 159.776794434, 5.25478315353, -51.2615814209, 0.817344725132, 17.0885658264, -36.2318954468, -2.40306973457], [-157.659255981, 8.65297603607, 47.530456543, 5.8249912262, 47.5658187866, -36.7547416687, 5.25478315353, 124.021186829, 41.1145248413, 2.75735378265, -23.2423496246, 15.7435235977, 5.68903970718], [112.997192383, -40.8222923279, -32.2913131714, 40.9977836609, -28.7876472473, -40.3125190735, -51.2615814209, 41.1145248413, 141.49256897, -10.2228021622, -4.02653694153, 7.00817775726, 7.50297403336], [-295.458435059, 23.0433273315, 127.942771912, -20.3094654083, 17.51795578, 8.53917121887, 0.817344725132, 2.75735378265, -10.2228021622, 119.260978699, 12.4257907867, 12.4380064011, -15.5508203506], [189.675827026, -12.681394577, -143.950500488, -22.5779075623, 11.7371864319, -1.11711359024, 17.0885658264, -23.2423496246, -4.02653694153, 12.4257907867, 108.968658447, -2.25700163841, 1.56785953045], [-226.188812256, -20.2211513519, 115.927429199, 26.3592300415, 11.4427366257, -24.5031147003, -36.2318954468, 15.7435235977, 7.00817775726, 12.4380064011, -2.25700163841, 91.9416809082, 19.5817394257], [39.401184082, -24.3050365448, -40.9521789551, 28.7545948029, 10.1128511429, 0.944931328297, -2.40306973457, 5.68903970718, 7.50297403336, -15.5508203506, 1.56785953045, 19.5817394257, 74.3151855469]],
        "icov": [[0.000623158295639, -0.000852963654324, 0.00114755146205, -0.000797574408352, 0.000745026452933, -0.000420645257691, 0.000265764887445, 6.18092162767e-05, -0.0001324750192, 0.000299987761537, 7.93139133748e-06, -8.57715349412e-05, 0.000338025944075], [-0.000852963654324, 0.00451729912311, -0.00154697103426, 0.00202734419145, -0.000624195788987, 0.0018704761751, 9.26670909394e-05, -0.000632333336398, 0.00156528223306, -0.00107951555401, 0.000531236233655, 0.00108382548206, -0.000275436672382], [0.00114755146205, -0.00154697103426, 0.0046654115431, -0.00231350795366, 0.00199190620333, -0.00145317683928, 0.000947533990256, -0.000723270117305, 0.000883849337697, -0.00204802514054, 0.00314109493047, -0.00310261338018, 0.00241861050017], [-0.000797574408352, 0.00202734419145, -0.00231350795366, 0.00473673082888, -0.00139008334372, -0.000327416870277, 0.00118172331713, -9.77654708549e-05, -0.000504606869072, 0.000833285739645, -0.000579669722356, 0.000902202969883, -0.00178289809264], [0.000745026452933, -0.000624195788987, 0.00199190620333, -0.00139008334372, 0.00514976587147, 0.000162454452948, 4.82070099679e-05, -0.00210509612225, 0.00176419445779, -0.000870111514814, 0.000109162923764, -0.000718497787602, 0.000323060259689], [-0.000420645257691, 0.0018704761751, -0.00145317683928, -0.000327416870277, 0.000162454452948, 0.0074069541879, -0.00395103683695, 0.0018506271299, 0.000733656866942, -0.000709739280865, 0.000189208352822, 0.00161409075372, -0.000876939913724], [0.000265764887445, 9.26670909394e-05, 0.000947533990256, 0.00118172331713, 4.82070099679e-05, -0.00395103683695, 0.0111240604892, -0.00349187524989, 0.00347508746199, 0.000193832776858, -0.00131961947773, 0.00282543734647, -0.000401930505177], [6.18092162767e-05, -0.000632333336398, -0.000723270117305, -9.77654708549e-05, -0.00210509612225, 0.0018506271299, -0.00349187524989, 0.0121385417879, -0.00488693034276, 0.000395150738768, 0.00198090309277, -0.00126999430358, -0.000510612095241], [-0.0001324750192, 0.00156528223306, 0.000883849337697, -0.000504606869072, 0.00176419445779, 0.000733656866942, 0.00347508746199, -0.00488693034276, 0.0111267017201, -0.00100978405681, 0.000242675101617, 0.000519973458722, 2.47456118814e-05], [0.000299987761537, -0.00107951555401, -0.00204802514054, 0.000833285739645, -0.000870111514814, -0.000709739280865, 0.000193832776858, 0.000395150738768, -0.00100978405681, 0.0122060952708, -0.00445898668841, 0.000951866444666, 0.000639725883957], [7.93139133748e-06, 0.000531236233655, 0.00314109493047, -0.000579669722356, 0.000109162923764, 0.000189208352822, -0.00131961947773, 0.00198090309277, 0.000242675101617, -0.00445898668841, 0.0142863430083, -0.00390335684642, 0.00168273283634], [-8.57715349412e-05, 0.00108382548206, -0.00310261338018, 0.000902202969883, -0.000718497787602, 0.00161409075372, 0.00282543734647, -0.00126999430358, 0.000519973458722, 0.000951866444666, -0.00390335684642, 0.0173659231514, -0.00573984766379], [0.000338025944075, -0.000275436672382, 0.00241861050017, -0.00178289809264, 0.000323060259689, -0.000876939913724, -0.000401930505177, -0.000510612095241, 2.47456118814e-05, 0.000639725883957, 0.00168273283634, -0.00573984766379, 0.0168111249804]]
    },
    "melbands": {
        "dmean": [6.04093074799e-05, 0.00017550442135, 0.000170607338077, 0.000153218163177, 0.000142256132676, 0.000141152966535, 0.000108254636871, 0.000106821622467, 8.27646581456e-05, 8.77014681464e-05, 0.000106550905912, 9.55396244535e-05, 5.65863847442e-05, 3.505404311e-05, 2.90225161734e-05, 3.91914290958e-05, 3.44988438883e-05, 3.81026438845e-05, 3.61595775757e-05, 3.29055110342e-05, 2.42140758928e-05, 1.223001982e-05, 1.17169638543e-05, 1.83543470484e-05, 1.65420096891e-05, 7.25333438822e-06, 4.34353887613e-06, 5.90419085711e-06, 2.53432926911e-06, 7.42234078643e-07, 6.96983363468e-07, 7.99306292265e-07, 8.61137323227e-07, 9.6180269793e-07, 8.33934507227e-07, 3.62971007917e-07, 1.52114040475e-07, 8.00113681976e-08, 4.32456026545e-08, 2.12273736366e-08],
        "dmean2": [0.000102027493995, 0.000302804313833, 0.000282671069726, 0.000249524047831, 0.000234044273384, 0.000229010023759, 0.00017293181736, 0.000167981575942, 0.000128428102471, 0.000140736228786, 0.00016766837507, 0.000154199587996, 8.73501267051e-05, 5.3806201322e-05, 4.47763050033e-05, 6.26763867331e-05, 5.32793492312e-05, 5.86266323808e-05, 5.67979514017e-05, 5.22125337739e-05, 3.69842418877e-05, 1.88767171494e-05, 1.87335062947e-05, 2.86193262582e-05, 2.63912770606e-05, 1.16640394481e-05, 6.83857888362e-06, 9.42433143791e-06, 4.07187781093e-06, 1.19498224649e-06, 1.11474071218e-06, 1.25997860323e-06, 1.32182844936e-06, 1.38081861678e-06, 1.2383155763e-06, 5.21200206549e-07, 2.11355938973e-07, 1.0940575379e-07, 6.1609036095e-08, 3.03625036224e-08],
        "dvar": [2.03487466877e-08, 8.77984049907e-08, 5.98628915327e-08, 5.28132702016e-08, 7.6394364612e-08, 7.67035359672e-08, 4.6107235363e-08, 3.55525529017e-08, 2.97674738192e-08, 6.98106958907e-08, 6.66530155513e-08, 1.05728162225e-07, 3.34086429632e-08, 1.05292787822e-08, 7.58707141557e-09, 1.45854359701e-08, 1.16849392384e-08, 1.28108350594e-08, 1.53465915531e-08, 1.41401788056e-08, 7.16809145374e-09, 1.21141896514e-09, 9.8534247428e-10, 2.42144082563e-09, 2.39072961428e-09, 2.85656304166e-10, 1.00623745447e-10, 2.68447569729e-10, 4.24891268003e-11, 3.11599574268e-12, 9.50757875207e-12, 3.67943869817e-11, 3.65742193476e-11, 4.23215733292e-11, 4.49338517783e-11, 5.64123921187e-12, 8.42357867487e-13, 1.3574438882e-13, 3.16818884224e-14, 7.44639708239e-15],
        "dvar2": [5.15690565805e-08, 2.43218863716e-07, 1.53121277435e-07, 1.29808839233e-07, 1.95768805611e-07, 2.05383400953e-07, 1.19249648378e-07, 8.58344719745e-08, 6.9990598206e-08, 1.78013834784e-07, 1.57049001359e-07, 2.59256466961e-07, 7.83661775472e-08, 2.40200836998e-08, 1.67881974988e-08, 3.65594274854e-08, 2.48484823828e-08, 2.8333865032e-08, 3.48233406555e-08, 3.18473389882e-08, 1.53098174138e-08, 2.65458344195e-09, 2.32609087547e-09, 5.18891241086e-09, 5.46025358261e-09, 6.7625421929e-10, 2.29056398848e-10, 6.67790100994e-10, 1.04951512758e-10, 6.90605168538e-12, 2.22065924677e-11, 8.98925864301e-11, 7.9898844485e-11, 8.56535328775e-11, 1.02251984657e-10, 1.19797409839e-11, 1.69678106201e-12, 2.41690836181e-13, 6.11261326386e-14, 1.46985644278e-14],
        "max": [0.0020169147756, 0.00399706093594, 0.00381863955408, 0.00433873385191, 0.00437064282596, 0.00533222686499, 0.00477111944929, 0.00349807413295, 0.0056620137766, 0.00743092224002, 0.0061960122548, 0.0121671529487, 0.00616262620315, 0.00348902307451, 0.00294809951447, 0.00382198882289, 0.00411218218505, 0.0028704891447, 0.00433975551277, 0.00316547229886, 0.0024610941764, 0.000970811175648, 0.00148864788935, 0.0014647541102, 0.00176812976133, 0.000369069137378, 0.000368934735889, 0.000468494225061, 0.000132772795041, 7.32025291654e-05, 0.000122468351037, 0.000360088859452, 0.00030152691761, 0.000334292417392, 0.000286855996819, 0.000111465466034, 4.22826160502e-05, 1.2999912542e-05, 4.80390872326e-06, 2.69846987067e-06],
        "mean": [6.83061516611e-05, 0.000214011583012, 0.000273390178336, 0.000274692720268, 0.000230828751228, 0.000229281591601, 0.000203323899768, 0.000225227195187, 0.000171507563209, 0.000150021049194, 0.000181684008567, 0.000166417201399, 0.000103654128907, 6.53380993754e-05, 5.34569226147e-05, 6.77500283928e-05, 5.96683385083e-05, 6.67349304422e-05, 6.24715466984e-05, 5.59299442102e-05, 4.41516640421e-05, 2.39765995502e-05, 2.22815669986e-05, 3.21923325828e-05, 2.70908476523e-05, 1.36009512062e-05, 8.87071018951e-06, 1.01542200355e-05, 4.03120566261e-06, 1.21826531085e-06, 1.10255837171e-06, 1.15469981665e-06, 1.28151680201e-06, 1.55691918735e-06, 1.30996318148e-06, 5.55617816644e-07, 2.43958851343e-07, 1.3883160932e-07, 7.4397064509e-08, 3.73306860979e-08],
        "median": [3.08693743136e-05, 0.000114646150905, 0.000179405978997, 0.000166904646903, 0.000112190085929, 0.00010220985132, 8.86319176061e-05, 9.26999055082e-05, 5.39719876542e-05, 4.50424777227e-05, 4.72752581118e-05, 3.19048413076e-05, 2.46182862611e-05, 1.51296471813e-05, 1.24704101836e-05, 1.40220990943e-05, 1.35941400004e-05, 1.22486017062e-05, 1.23018890008e-05, 1.03816428236e-05, 8.1165399024e-06, 6.03216221862e-06, 6.6418847382e-06, 8.43623365654e-06, 6.82020436216e-06, 4.28520888818e-06, 3.38922404808e-06, 2.45889509642e-06, 1.20811478155e-06, 5.4607284028e-07, 4.00553830104e-07, 2.83143918978e-07, 2.71363262527e-07, 3.11883837867e-07, 2.50108115551e-07, 1.16439657916e-07, 5.46480656283e-08, 3.49109576803e-08, 2.02454160103e-08, 1.30242270302e-08],
        "min": [8.41166721972e-25, 4.9800690339e-25, 2.22770927533e-24, 1.4866641878e-24, 1.99667104606e-24, 2.34351543672e-24, 4.37894203576e-24, 4.37667169408e-24, 3.77322860032e-24, 2.72432995289e-24, 2.1927662871e-24, 3.01483508099e-24, 1.13544280241e-24, 2.97723323708e-24, 5.12534802479e-24, 2.63650192679e-24, 4.83062643515e-24, 4.783866705e-24, 5.82596103269e-24, 6.55165192878e-24, 4.1586593333e-24, 7.48051710644e-24, 6.10115437062e-24, 4.38626937028e-24, 5.24244614313e-24, 5.73460147354e-24, 5.56360364499e-24, 4.37891245348e-24, 4.83583291713e-24, 4.14487241126e-24, 7.6007615965e-24, 5.88712733513e-24, 5.84518202308e-24, 6.35915882385e-24, 7.01983180412e-24, 5.29711380943e-24, 6.85319913739e-24, 5.64891737417e-24, 7.77705070958e-24, 8.4677852068e-24],
        "var": [1.87241546712e-08, 8.77441195257e-08, 8.97124508015e-08, 1.07040257546e-07, 1.22332082242e-07, 1.36748781188e-07, 1.12695474286e-07, 1.16071809941e-07, 9.79251737476e-08, 1.23096725702e-07, 1.63358791383e-07, 2.84408827156e-07, 9.16122715466e-08, 3.39872769928e-08, 2.14950244271e-08, 3.18665875909e-08, 2.81486105536e-08, 3.30599618792e-08, 3.78342477347e-08, 3.16690531577e-08, 1.78774488546e-08, 4.12682288342e-09, 2.65447908099e-09, 5.6391056269e-09, 4.22624024665e-09, 7.07240266351e-10, 2.6539584419e-10, 5.20688769878e-10, 8.5422238727e-11, 5.67833627341e-12, 1.39140790903e-11, 4.55310338043e-11, 5.6039353713e-11, 9.13578449002e-11, 6.84680021013e-11, 9.00512043406e-12, 1.42978662764e-12, 3.15510773974e-13, 7.22494438408e-14, 1.48409506662e-14]
    },
    "mfcc": {
        "mean": [-674.374938965, 132.578033447, -29.6120605469, 27.6923980713, -6.72417259216, -4.35505008698, -8.33918094635, 2.93399453163, -10.083152771, 4.40261077881, -5.82319641113, -6.57528781891, -2.32746744156],
        "cov": [[3907.37890625, -174.658996582, -961.387573242, -202.134521484, -274.199798584, -38.4373893738, -135.480392456, 144.541091919, -260.490905762, 200.632781982, -56.2725028992, -112.985687256, -42.7500419617], [-174.658996582, 655.885009766, -103.352012634, -77.4872589111, -53.7933616638, -114.817314148, 33.8411369324, -73.6267929077, -10.0236120224, -17.3080368042, 50.1320991516, -1.35532951355, -6.31489419937], [-961.387573242, -103.352012634, 843.695678711, 104.679634094, 14.0517206192, 122.140769958, -59.7918701172, -38.9791564941, 124.799240112, -131.580429077, 56.2629394531, 60.3350143433, -26.1769065857], [-202.134521484, -77.4872589111, 104.679634094, 291.603149414, 139.341705322, -28.5904560089, -46.0715789795, 12.4097509384, 49.3538246155, -38.7930412292, -34.6856079102, 40.612903595, 32.2360420227], [-274.199798584, -53.7933616638, 14.0517206192, 139.341705322, 221.20866394, -11.188246727, -25.8342399597, 19.6770076752, 32.2924575806, -7.09715270996, -31.5622844696, 21.7860164642, 33.8955039978], [-38.4373893738, -114.817314148, 122.140769958, -28.5904560089, -11.188246727, 202.050689697, 91.0290603638, -16.2168560028, -0.190937742591, -6.55543756485, 10.3853569031, -19.4105625153, -19.6083679199], [-135.480392456, 33.8411369324, -59.7918701172, -46.0715789795, -25.8342399597, 91.0290603638, 237.639389038, 0.145071327686, -26.1067867279, 39.9176101685, -10.031961441, -26.0897216797, 0.116769842803], [144.541091919, -73.6267929077, -38.9791564941, 12.4097509384, 19.6770076752, -16.2168560028, 0.145071327686, 114.876434326, 26.8342437744, 9.83427619934, -22.0745410919, -8.96720218658, 8.56900024414], [-260.490905762, -10.0236120224, 124.799240112, 49.3538246155, 32.2924575806, -0.190937742591, -26.1067867279, 26.8342437744, 132.52696228, -6.46699523926, -6.13123989105, 13.210190773, -6.95975828171], [200.632781982, -17.3080368042, -131.580429077, -38.7930412292, -7.09715270996, -6.55543756485, 39.9176101685, 9.83427619934, -6.46699523926, 122.718215942, 8.75120925903, -25.3552799225, -1.24487400055], [-56.2725028992, 50.1320991516, 56.2629394531, -34.6856079102, -31.5622844696, 10.3853569031, -10.031961441, -22.0745410919, -6.13123989105, 8.75120925903, 97.1141891479, 29.4033069611, -21.1841125488], [-112.985687256, -1.35532951355, 60.3350143433, 40.612903595, 21.7860164642, -19.4105625153, -26.0897216797, -8.96720218658, 13.210190773, -25.3552799225, 29.4033069611, 92.6639251709, 23.226896286], [-42.7500419617, -6.31489419937, -26.1769065857, 32.2360420227, 33.8955039978, -19.6083679199, 0.116769842803, 8.56900024414, -6.95975828171, -1.24487400055, -21.1841125488, 23.226896286, 77.6538696289]],
