{
"lowlevel": {
    "average_loudness": 0.946895241737,
    "barkbands_crest": {
        "dmean": 2.46233248711,
        "dmean2": 3.98085212708,
        "dvar": 5.0636548996,
        "dvar2": 12.6862983704,
        "max": 25.6392459869,
        "mean": 9.25405597687,
        "median": 8.39653587341,
        "min": 2.64466118813,
        "var": 15.5438098907
    },
    "barkbands_flatness_db": {
        "dmean": 0.0170452166349,
        "dmean2": 0.0271669216454,
        "dvar": 0.000246260518907,
        "dvar2": 0.000615619355813,
        "max": 0.35518014431,
        "mean": 0.161330074072,
        "median": 0.15598320961,
        "min": 0.0668671578169,
        "var": 0.00127362878993
    },
    "barkbands_kurtosis": {
        "dmean": 1.89110565186,
        "dmean2": 2.9747338295,
        "dvar": 10.8147830963,
        "dvar2": 26.4338607788,
        "max": 89.1343765259,
        "mean": 2.37694239616,
        "median": 0.717266082764,
        "min": -1.74953210354,
        "var": 25.4669761658
    },
    "barkbands_skewness": {
        "dmean": 0.463049054146,
        "dmean2": 0.701258897781,
        "dvar": 0.216866061091,
        "dvar2": 0.502377450466,
        "max": 8.62940120697,
        "mean": 0.950196802616,
        "median": 0.863184690475,
        "min": -2.28682351112,
        "var": 1.24007153511
    },
    "barkbands_spread": {
        "dmean": 3.49805355072,
        "dmean2": 5.37073612213,
        "dvar": 11.9024305344,
        "dvar2": 27.63073349,
        "max": 55.152721405,
        "mean": 15.9216995239,
        "median": 15.2419996262,
        "min": 1.3737642765,
        "var": 54.3842048645
    },
    "dissonance": {
        "dmean": 0.0205725934356,
        "dmean2": 0.0346407517791,
        "dvar": 0.000336951023201,
        "dvar2": 0.000913453462999,
        "max": 0.499997884035,
        "mean": 0.458146721125,
        "median": 0.463912189007,
        "min": 0.279628038406,
        "var": 0.000785827403888
    },
    "dynamic_complexity": 2.11983942986,
    "erbbands_crest": {
        "dmean": 2.96556639671,
        "dmean2": 4.74101781845,
        "dvar": 7.58896541595,
        "dvar2": 18.2024250031,
        "max": 30.2424793243,
        "mean": 10.4538679123,
        "median": 9.49165344238,
        "min": 2.6984205246,
        "var": 21.5699329376
    },
    "erbbands_flatness_db": {
        "dmean": 0.0149814384058,
        "dmean2": 0.0214108396322,
        "dvar": 0.000177808688022,
        "dvar2": 0.00032764786738,
        "max": 0.349263817072,
        "mean": 0.222303450108,
        "median": 0.221682161093,
        "min": 0.0926875025034,
        "var": 0.00126647867728
    },
    "erbbands_kurtosis": {
        "dmean": 0.942868292332,
        "dmean2": 1.46026074886,
        "dvar": 1.45763039589,
        "dvar2": 3.35062408447,
        "max": 25.4503822327,
        "mean": 0.689237594604,
        "median": 0.10059762001,
        "min": -1.81946146488,
        "var": 4.09880638123
    },
    "erbbands_skewness": {
        "dmean": 0.353196650743,
        "dmean2": 0.534630179405,
        "dvar": 0.0999828800559,
        "dvar2": 0.2263238132,
        "max": 4.29836559296,
        "mean": 0.309144258499,
        "median": 0.264568090439,
        "min": -2.93200755119,
        "var": 0.563340604305
    },
    "erbbands_spread": {
        "dmean": 5.53022432327,
        "dmean2": 8.21800994873,
        "dvar": 31.6479358673,
        "dvar2": 66.6753692627,
        "max": 112.030143738,
        "mean": 26.1874809265,
        "median": 24.6128692627,
        "min": 3.68827223778,
        "var": 150.962463379
    },
    "hfc": {
        "dmean": 5.16374492645,
        "dmean2": 6.77413415909,
        "dvar": 37.8521156311,
        "dvar2": 54.4265670776,
        "max": 103.413215637,
        "mean": 23.6705665588,
        "median": 18.8346538544,
        "min": 1.16689230812e-16,
        "var": 292.756652832
    },
    "melbands_crest": {
        "dmean": 3.27647805214,
        "dmean2": 5.35936117172,
        "dvar": 9.48784065247,
        "dvar2": 24.5970840454,
        "max": 31.7697734833,
        "mean": 11.7654943466,
        "median": 10.67370224,
        "min": 2.16859149933,
        "var": 24.3292617798
    },
    "melbands_flatness_db": {
        "dmean": 0.0201083384454,
        "dmean2": 0.03145538643,
        "dvar": 0.000425024336437,
        "dvar2": 0.0010658033425,
        "max": 0.408499836922,
        "mean": 0.181872785091,
        "median": 0.170376926661,
        "min": 0.00519018061459,
        "var": 0.00273032905534
    },
    "melbands_kurtosis": {
        "dmean": 3.4092900753,
        "dmean2": 5.41138839722,
        "dvar": 44.2207870483,
        "dvar2": 113.862388611,
        "max": 166.511047363,
        "mean": 5.51305341721,
        "median": 2.69645881653,
        "min": -1.77616977692,
        "var": 81.3414306641
    },
    "melbands_skewness": {
        "dmean": 0.550561487675,
        "dmean2": 0.837294697762,
        "dvar": 0.357927680016,
        "dvar2": 0.846183776855,
        "max": 10.6553964615,
        "mean": 1.5190268755,
        "median": 1.4312864542,
        "min": -1.60096943378,
        "var": 1.57062995434
    },
    "melbands_spread": {
        "dmean": 5.71830368042,
        "dmean2": 8.79592418671,
        "dvar": 36.5678672791,
        "dvar2": 83.2335510254,
        "max": 146.700759888,
        "mean": 24.3141288757,
        "median": 22.6941623688,
        "min": 1.23524463177,
        "var": 180.45664978
    },
    "pitch_salience": {
        "dmean": 0.0691182464361,
        "dmean2": 0.113489598036,
        "dvar": 0.0038897448685,
        "dvar2": 0.0101596945897,
        "max": 0.927807033062,
        "mean": 0.590851664543,
        "median": 0.597974896431,
        "min": 0.154242008924,
        "var": 0.0090982504189
    },
    "silence_rate_20dB": {
        "dmean": 0,
        "dmean2": 0,
        "dvar": 0,
        "dvar2": 0,
        "max": 1,
        "mean": 1,
        "median": 1,
        "min": 1,
        "var": 0
    },
    "silence_rate_30dB": {
        "dmean": 0,
        "dmean2": 0,
        "dvar": 0,
        "dvar2": 0,
        "max": 1,
        "mean": 1,
        "median": 1,
        "min": 1,
        "var": 0
    },
    "silence_rate_60dB": {
        "dmean": 0.00835073087364,
        "dmean2": 0.016573144123,
        "dvar": 0.0082801701501,
        "dvar2": 0.0189083963633,
        "max": 1,
        "mean": 0.0207436401397,
        "median": 0,
        "min": 0,
        "var": 0.0203103795648
    },
    "spectral_centroid": {
        "dmean": 203.116867065,
        "dmean2": 307.398101807,
        "dvar": 68954.0078125,
        "dvar2": 125143.5,
        "max": 11458.1044922,
        "mean": 1360.37902832,
        "median": 1350.89489746,
        "min": 300.848907471,
        "var": 331043
    },
    "spectral_complexity": {
        "dmean": 2.85229635239,
        "dmean2": 4.53321170807,
        "dvar": 6.50426721573,
        "dvar2": 14.6485204697,
        "max": 45,
        "mean": 19.769733429,
        "median": 20,
        "min": 0,
        "var": 43.6577148438
    },
    "spectral_decrease": {
        "dmean": 1.42944178716e-09,
        "dmean2": 2.08025574544e-09,
        "dvar": 2.96269129329e-18,
        "dvar2": 6.28820137403e-18,
        "max": 2.31574734339e-29,
        "mean": -5.75059733166e-09,
        "median": -5.54822809917e-09,
        "min": -2.3890137868e-08,
        "var": 1.0447128182e-17
    },
    "spectral_energy": {
        "dmean": 0.00575386965647,
        "dmean2": 0.00827859062701,
        "dvar": 4.53904285678e-05,
        "dvar2": 9.32587354328e-05,
        "max": 0.0924356356263,
        "mean": 0.023851050064,
        "median": 0.0232549794018,
        "min": 1.06722244864e-20,
        "var": 0.000175606459379
    },
    "spectral_energyband_high": {
        "dmean": 0.000131295222673,
        "dmean2": 0.000196849490749,
        "dvar": 3.42619870253e-08,
        "dvar2": 7.39956291795e-08,
        "max": 0.00458305282518,
        "mean": 0.000403600133723,
        "median": 0.00028656568611,
        "min": 7.85452904941e-21,
        "var": 1.68907945408e-07
    },
    "spectral_energyband_low": {
        "dmean": 0.00147373869549,
        "dmean2": 0.0024268256966,
        "dvar": 1.17768940981e-05,
        "dvar2": 3.03553388221e-05,
        "max": 0.0441827848554,
        "mean": 0.0017827298725,
        "median": 0.000607532158028,
        "min": 4.69101501544e-23,
        "var": 1.18577172543e-05
    },
    "spectral_energyband_middle_high": {
        "dmean": 0.00286839110777,
        "dmean2": 0.00386999663897,
        "dvar": 1.42236440297e-05,
        "dvar2": 2.1896627004e-05,
        "max": 0.0624874867499,
        "mean": 0.0101334750652,
        "median": 0.00605010055006,
        "min": 1.41575506033e-21,
        "var": 9.83310019365e-05
    },
    "spectral_energyband_middle_low": {
        "dmean": 0.00434232875705,
        "dmean2": 0.00683011999354,
        "dvar": 3.71333044313e-05,
        "dvar2": 8.91256422619e-05,
        "max": 0.0909988582134,
        "mean": 0.012537214905,
        "median": 0.00947535037994,
        "min": 2.67551377279e-22,
        "var": 0.000106705025246
    },
    "spectral_entropy": {
        "dmean": 0.128003001213,
        "dmean2": 0.195903256536,
        "dvar": 0.0155616784468,
        "dvar2": 0.0346403121948,
        "max": 9.79444789886,
        "mean": 7.33576154709,
        "median": 7.37344884872,
        "min": 5.81402778625,
        "var": 0.0906492769718
    },
    "spectral_flux": {
        "dmean": 0.0231544449925,
        "dmean2": 0.0363465026021,
        "dvar": 0.000518954708241,
        "dvar2": 0.0012074529659,
        "max": 0.266580402851,
        "mean": 0.0824756771326,
        "median": 0.0755560845137,
        "min": 1.04147850066e-10,
        "var": 0.00147402810398
    },
    "spectral_kurtosis": {
        "dmean": 2.26729440689,
        "dmean2": 3.93316268921,
        "dvar": 4.27677679062,
        "dvar2": 12.4548568726,
        "max": 26.0498046875,
        "mean": 5.30161714554,
        "median": 4.5899066925,
        "min": -1.2418025732,
        "var": 10.3121614456
    },
    "spectral_rms": {
        "dmean": 0.000581046333537,
        "dmean2": 0.00081875215983,
        "dvar": 3.73664704512e-07,
        "dvar2": 6.9650587875e-07,
        "max": 0.00949637312442,
        "mean": 0.00461406959221,
        "median": 0.00476316967979,
        "min": 3.22675176509e-12,
        "var": 1.97973054128e-06
    },
    "spectral_rolloff": {
        "dmean": 309.621612549,
        "dmean2": 516.056396484,
        "dvar": 224223.90625,
        "dvar2": 443987.4375,
        "max": 18669.2871094,
        "mean": 1550.62890625,
        "median": 1571.92382812,
        "min": 193.798828125,
        "var": 690499.9375
    },
    "spectral_skewness": {
        "dmean": 0.250220149755,
        "dmean2": 0.418164849281,
        "dvar": 0.0464000962675,
        "dvar2": 0.124768316746,
        "max": 3.79708409309,
        "mean": 1.54521965981,
        "median": 1.46055078506,
        "min": -0.0520531386137,
        "var": 0.19841131568
    },
    "spectral_spread": {
        "dmean": 255302.78125,
        "dmean2": 373137.34375,
        "dvar": 310612656128,
        "dvar2": 298543579136,
        "max": 41781960,
        "mean": 3184469.75,
        "median": 3054151,
        "min": 1846948.125,
        "var": 790976593920
    },
    "spectral_strongpeak": {
        "dmean": 1.01045465469,
        "dmean2": 1.64168262482,
        "dvar": 1.82387506962,
        "dvar2": 4.17038488388,
        "max": 16.2391338348,
        "mean": 2.14777374268,
        "median": 1.24817478657,
        "min": 0,
        "var": 5.03582239151
    },
    "zerocrossingrate": {
        "dmean": 0.00619780784473,
        "dmean2": 0.00754475127906,
        "dvar": 6.19244019617e-05,
        "dvar2": 8.2523583842e-05,
        "max": 0.580078125,
        "mean": 0.0570903643966,
        "median": 0.05712890625,
        "min": 0.01171875,
        "var": 0.000521304551512
    },
    "barkbands": {
        "dmean": [2.59611697402e-05, 0.000269917305559, 0.000818854372483, 0.00157470756676, 0.00162776792422, 0.000973075220827, 0.00104881601874, 0.000859897583723, 0.000780409725849, 0.00104876665864, 0.0007476247265, 0.000563757726923, 0.000512036553118, 0.00086266908329, 0.000668955442961, 0.000502746959683, 0.000335771561367, 0.00034511188278, 0.00016245059669, 8.19355045678e-05, 7.30993997422e-05, 3.3021075069e-05, 1.9568236894e-05, 7.34139166525e-06, 1.61306058999e-06, 7.27499553932e-08, 1.09652731339e-09],
        "dmean2": [4.53362990811e-05, 0.000439720315626, 0.00142124667764, 0.00274340319447, 0.00264603225514, 0.00151435146108, 0.00159508956131, 0.0012996927835, 0.00118433893658, 0.00159607362002, 0.00110547314398, 0.000874544202816, 0.000783111725468, 0.00131164758932, 0.00102426379453, 0.000755746616051, 0.000514942163136, 0.000526928168256, 0.000254114391282, 0.000129254069179, 0.000113496142149, 5.14112398378e-05, 2.95420632028e-05, 1.09169341158e-05, 2.45539467869e-06, 1.12465386337e-07, 2.0388966071e-09],
        "dvar": [3.27432325697e-09, 3.67457943184e-07, 5.88510738453e-06, 1.71607789525e-05, 8.61581247591e-06, 2.67026030087e-06, 3.98450947614e-06, 3.19114519698e-06, 3.10514974444e-06, 5.56352279091e-06, 3.46438946508e-06, 1.18022262541e-06, 1.33791763801e-06, 3.8794696593e-06, 2.69964948529e-06, 1.91719391296e-06, 5.80702476327e-07, 3.94544059645e-07, 9.84168764262e-08, 2.32885444262e-08, 1.74561822774e-08, 2.61416910341e-09, 9.56288270793e-10, 1.40386105518e-10, 6.78762991993e-12, 8.9238283714e-15, 9.188921123e-17],
        "dvar2": [9.25523568895e-09, 9.08102776975e-07, 1.61774987646e-05, 4.58184003946e-05, 2.28669850912e-05, 6.70449253448e-06, 8.41880773805e-06, 7.05547472535e-06, 6.75227647662e-06, 1.16648952826e-05, 6.86863859301e-06, 2.83932831735e-06, 2.75222237178e-06, 7.96705262474e-06, 5.39566144653e-06, 3.66855965694e-06, 1.13523924483e-06, 8.45898568969e-07, 2.18960138909e-07, 5.55601964436e-08, 3.97444885891e-08, 6.25451201941e-09, 2.13888506906e-09, 2.75559131069e-10, 1.45974413113e-11, 1.98666817453e-14, 2.74740642156e-16],
        "max": [0.00165449571796, 0.00966744404286, 0.037134245038, 0.057173974812, 0.0860219746828, 0.0365882180631, 0.0509241186082, 0.0436283126473, 0.045861069113, 0.0585750043392, 0.0559392124414, 0.0212490763515, 0.0361620001495, 0.0391039140522, 0.035156596452, 0.0354393459857, 0.0316606424749, 0.0138331204653, 0.00717424787581, 0.00386579637416, 0.00440465519205, 0.00120728742331, 0.00062457023887, 0.000338970363373, 7.52192136133e-05, 2.32126444644e-06, 5.92897492879e-07],
        "mean": [2.47094103543e-05, 0.000343724997947, 0.000767020217609, 0.00152941572014, 0.0030571334064, 0.00214312714525, 0.00213174708188, 0.00163286097813, 0.001347981859, 0.00181027175859, 0.0012467475608, 0.00101567793172, 0.000900209532119, 0.00170081900433, 0.00116793683264, 0.000872320786584, 0.000665351923089, 0.000702877703588, 0.000305444846163, 0.0001745261834, 0.000158509821631, 8.14638042357e-05, 4.66402125312e-05, 2.0027589926e-05, 4.36055734099e-06, 1.84198356123e-07, 8.65400806571e-10],
        "median": [8.46409511723e-06, 0.000117295428936, 0.000175542256329, 0.000397803203668, 0.0015486262273, 0.00127063936088, 0.00100054347422, 0.000694393995218, 0.000575205369387, 0.000579745799769, 0.000335471704602, 0.000343949650414, 0.000245797622483, 0.000349528127117, 0.000286981638055, 0.00024779557134, 0.000281575223198, 0.000271607539617, 0.000163897246239, 0.00010388456576, 8.45501344884e-05, 4.70086124551e-05, 2.85297392111e-05, 1.20573895401e-05, 2.87132775156e-06, 1.19859478787e-07, 3.38468419958e-10],
        "min": [1.18032074432e-23, 1.96473207961e-23, 1.07154179531e-23, 6.91461117e-24, 3.85882545168e-23, 4.88257063807e-23, 2.44372668576e-23, 5.80811021481e-23, 4.51799825517e-23, 2.82363105366e-23, 2.28384019972e-23, 4.56855224851e-23, 7.42280688252e-23, 5.00713682371e-23, 1.2393431437e-22, 6.92082628953e-23, 1.94240400277e-22, 1.84986291931e-22, 3.46781108233e-22, 2.65123074086e-22, 5.76590476799e-22, 5.74882144866e-22, 5.98431043904e-22, 6.92130705292e-22, 1.14346249017e-21, 1.46632142301e-21, 2.5788092708e-21],
        "var": [2.91223845039e-09, 4.3564980956e-07, 4.24403879151e-06, 1.42275930557e-05, 2.311611388e-05, 8.49487514643e-06, 1.35812870212e-05, 1.02378189695e-05, 7.54008715376e-06, 1.55188790814e-05, 1.09523616629e-05, 3.27586690219e-06, 3.61290744877e-06, 1.34684441946e-05, 6.94915343047e-06, 4.60381625089e-06, 2.16531111619e-06, 1.23353720483e-06, 2.20403848061e-07, 5.08716944125e-08, 5.14559417297e-08, 9.48116429811e-09, 3.02026093024e-09, 5.57460744233e-10, 2.30814013735e-11, 3.36788431345e-14, 4.6973380069e-17]
    },
    "erbbands": {
        "dmean": [0.00398645875975, 0.0767579972744, 0.687517881393, 3.10405540466, 6.18011760712, 5.54589653015, 6.95688343048, 7.33833312988, 14.0505533218, 15.8379030228, 19.6724033356, 17.3844451904, 27.3538513184, 30.5497264862, 25.3627071381, 25.1865139008, 21.9930553436, 37.4836730957, 36.0874061584, 30.7571487427, 22.2436199188, 16.3574237823, 16.2626476288, 14.1681461334, 4.42861747742, 3.81706786156, 3.37622761726, 2.18624711037, 1.12053334713, 1.03454232216, 0.482441842556, 0.230667278171, 0.0857809856534, 0.0299252569675, 0.00556925451383, 0.000694198941346, 4.83837829961e-05, 2.68681901616e-06, 3.15169677378e-06, 6.73122849548e-06],
        "dmean2": [0.00674832379445, 0.123082026839, 1.16408419609, 5.33643102646, 10.5091848373, 8.93329143524, 10.9035568237, 11.3572816849, 21.5337905884, 24.2022132874, 29.3833408356, 26.1634521484, 41.7123947144, 44.9260749817, 37.4197883606, 38.8805503845, 32.6177253723, 55.7961196899, 54.4508399963, 46.059211731, 33.2547798157, 24.3243713379, 24.8644962311, 21.3423671722, 7.01973104477, 5.96479129791, 5.25703287125, 3.44549179077, 1.74316644669, 1.60965025425, 0.732265949249, 0.344907969236, 0.125700235367, 0.0448801033199, 0.00829200539738, 0.00103444536217, 7.26262660464e-05, 3.75643912776e-06, 4.31154057878e-06, 9.50548837864e-06],
        "dvar": [5.43343376194e-05, 0.0299426820129, 3.75094556808, 56.5060119629, 214.007949829, 132.00869751, 197.171310425, 170.287612915, 575.855285645, 1164.30456543, 1775.06982422, 1752.44360352, 5518.11767578, 5074.72021484, 3945.03662109, 2495.0534668, 2326.62084961, 7808.21044922, 7505.90625, 6256.78759766, 3869.78027344, 1617.93310547, 917.625061035, 745.710327148, 68.2669372559, 52.1132087708, 37.9970817566, 16.8617515564, 3.60611081123, 2.54610133171, 0.638752102852, 0.15391844511, 0.0175767578185, 0.00220688059926, 7.34960267437e-05, 7.2312644761e-07, 1.06825090995e-08, 6.42404879292e-11, 1.57060510431e-11, 5.81893977447e-11],
        "dvar2": [0.000153131404659, 0.0693998113275, 10.1419935226, 150.048248291, 568.480712891, 340.716796875, 507.71105957, 419.899658203, 1289.31518555, 2588.96899414, 3835.06176758, 3819.20336914, 11240.2685547, 10485.6240234, 8015.28173828, 6300.04589844, 4490.06542969, 15753.9658203, 15833.0175781, 12866.9169922, 7312.53417969, 3063.21264648, 2027.85400391, 1575.76074219, 168.244033813, 126.486488342, 87.9232711792, 39.0572166443, 8.80424690247, 6.08606958389, 1.47393393517, 0.322812378407, 0.0342245846987, 0.00449012033641, 0.000146721067722, 1.50204346028e-06, 2.47262903486e-08, 1.79002562772e-10, 3.23184465301e-11, 1.12863149382e-10],
        "max": [0.102509126067, 2.60963201523, 27.899974823, 91.146194458, 208.867492676, 475.331512451, 391.038116455, 471.147827148, 773.832214355, 1083.3939209, 1038.7845459, 1301.57983398, 2172.02246094, 1668.21118164, 1815.60327148, 1087.3157959, 1233.61376953, 2178.15307617, 1984.39868164, 1575.12768555, 1905.43859863, 2036.8067627, 615.463134766, 582.189941406, 223.029647827, 257.495666504, 206.811965942, 108.69026947, 62.0492553711, 32.4546203613, 16.4213581085, 12.5465936661, 3.55915617943, 1.38456165791, 0.256400913, 0.0202612280846, 0.0022218064405, 0.000461150513729, 0.000138085859362, 0.000103522128484],
        "mean": [0.00525303045288, 0.101953834295, 0.708920955658, 3.2275326252, 7.84530639648, 10.7082309723, 14.6106176376, 16.2185115814, 29.511724472, 29.3096504211, 39.7311668396, 32.2467575073, 47.3700447083, 56.806060791, 46.0106925964, 48.0626564026, 43.765296936, 76.6430435181, 74.7656173706, 56.9941978455, 45.2051086426, 35.3680877686, 35.2537956238, 30.3490562439, 9.7769203186, 8.43566036224, 7.52088069916, 4.90206861496, 2.77986693382, 2.44254803658, 1.19560205936, 0.587598383427, 0.241160228848, 0.0831901505589, 0.0170290209353, 0.00219141645357, 0.000122703044326, 1.04823329821e-05, 1.4618928617e-05, 2.92052245641e-05],
        "median": [0.00236599612981, 0.034023232758, 0.189387366176, 0.952579021454, 2.94012713432, 5.09866333008, 7.45681142807, 9.6022605896, 14.8610086441, 13.7128295898, 18.1149978638, 14.2582473755, 18.4261074066, 16.6005115509, 15.700255394, 18.5514259338, 15.7615146637, 20.3192329407, 19.7057151794, 19.0910587311, 16.0611362457, 15.6452522278, 16.028049469, 13.0659132004, 6.87236261368, 5.37295246124, 4.3247294426, 2.58368110657, 1.51946508884, 1.49371480942, 0.715685844421, 0.333310157061, 0.14958114922, 0.0535604283214, 0.0119355507195, 0.00157390814275, 8.02891372587e-05, 8.5869414761e-06, 1.41925020216e-05, 2.85412352241e-05],
        "min": [8.1071984963e-22, 2.33529586107e-21, 8.37108072373e-21, 2.72185202277e-20, 1.16176547681e-19, 1.06924403282e-19, 2.41898552835e-19, 4.3746294555e-19, 2.69447079353e-19, 7.52527045282e-19, 1.50927850195e-18, 8.20711698271e-19, 6.72292800611e-19, 1.73218248053e-18, 7.67270454026e-19, 2.64980381594e-18, 3.36441486649e-18, 3.28430242417e-18, 4.85745601982e-18, 4.84302213172e-18, 6.55029396471e-18, 9.02017131496e-18, 8.71030697595e-18, 1.68700193751e-17, 1.49881619749e-17, 1.23557713448e-17, 1.85410515983e-17, 2.2966580372e-17, 2.09586308679e-17, 1.63571376169e-17, 1.68842353011e-17, 1.28733117843e-17, 1.29316776483e-17, 1.0107037009e-17, 8.97816956499e-18, 5.65514681635e-18, 2.89962993852e-18, 1.28703099459e-18, 3.55425731487e-19, 3.68913182793e-20],
        "var": [7.15472560842e-05, 0.0382603146136, 2.93236064911, 49.2678070068, 223.10206604, 427.882232666, 566.407043457, 586.701904297, 1935.15368652, 2703.08081055, 6650.19042969, 4289.8203125, 14127.3867188, 15479.4296875, 11882.6582031, 6711.00537109, 6570.38085938, 24941.2773438, 24310.9296875, 14329.2099609, 10237.1474609, 5870.14941406, 2645.4921875, 2443.89794922, 120.920440674, 114.381309509, 103.632469177, 52.0075912476, 12.5714874268, 7.89066267014, 2.03235578537, 0.522504389286, 0.0783993899822, 0.00894347019494, 0.000275644415524, 3.47571699422e-06, 2.58874770509e-08, 9.70735783423e-11, 6.55854051623e-11, 2.57746435306e-10]
    },
    "gfcc": {
        "mean": [-21.3739948273, 123.805908203, -173.612686157, 32.091632843, -76.9812698364, 2.82410144806, -44.1614532471, -5.85898733139, -15.638502121, -14.9137868881, -4.23751688004, -14.6972179413, -0.105925500393],
        "cov": [[2358.75439453, -376.767608643, -549.270019531, 235.546951294, 31.9762153625, 187.477828979, 95.9008865356, -91.0679779053, -6.51305532455, -40.8287277222, -99.5519638062, -90.2981643677, -73.5382537842], [-376.767608643, 634.762512207, 461.2605896, -44.3097991943, 47.2098007202, -97.5404968262, -15.7290716171, 7.85962581635, -27.2780456543, -52.6203918457, 35.2454452515, -52.7673606873, 8.66324615479], [-549.270019531, 461.2605896, 678.091308594, 132.209457397, -35.9949035645, -47.2634849548, -64.7392044067, 25.5593032837, -24.8983764648, -63.3893165588, 11.0759830475, -44.5757484436, 1.95343029499], [235.546951294, -44.3097991943, 132.209457397, 301.032928467, 34.6516189575, 40.4538726807, -9.34377765656, 0.111559703946, 3.55561614037, -20.2054233551, -46.0629692078, -24.9632034302, -19.005739212], [31.9762153625, 47.2098007202, -35.9949035645, 34.6516189575, 189.043548584, 23.9632167816, 19.0659236908, 3.49670147896, -6.62457227707, -1.79576182365, -19.0790901184, -2.06083250046, -2.64504528046], [187.477828979, -97.5404968262, -47.2634849548, 40.4538726807, 23.9632167816, 222.524688721, 90.0917663574, -53.0313110352, -31.4534511566, 12.5741510391, -5.88095617294, -15.1701040268, -36.2548027039], [95.9008865356, -15.7290716171, -64.7392044067, -9.34377765656, 19.0659236908, 90.0917663574, 133.077316284, 1.31738579273, -19.7489471436, 8.97317314148, 0.371698558331, -5.4849319458, -15.0614147186], [-91.0679779053, 7.85962581635, 25.5593032837, 0.111559703946, 3.49670147896, -53.0313110352, 1.31738579273, 129.699951172, 55.6884040833, -9.33477687836, -13.899066925, 11.1100072861, 16.4304466248], [-6.51305532455, -27.2780456543, -24.8983764648, 3.55561614037, -6.62457227707, -31.4534511566, -19.7489471436, 55.6884040833, 88.4205322266, 25.0372581482, -8.43167877197, 9.18601608276, 9.36316585541], [-40.8287277222, -52.6203918457, -63.3893165588, -20.2054233551, -1.79576182365, 12.5741510391, 8.97317314148, -9.33477687836, 25.0372581482, 87.299331665, 35.720916748, 10.5196809769, -0.963718652725], [-99.5519638062, 35.2454452515, 11.0759830475, -46.0629692078, -19.0790901184, -5.88095617294, 0.371698558331, -13.899066925, -8.43167877197, 35.720916748, 80.1053619385, 29.8518238068, 2.56506204605], [-90.2981643677, -52.7673606873, -44.5757484436, -24.9632034302, -2.06083250046, -15.1701040268, -5.4849319458, 11.1100072861, 9.18601608276, 10.5196809769, 29.8518238068, 81.0982055664, 34.9105072021], [-73.5382537842, 8.66324615479, 1.95343029499, -19.005739212, -2.64504528046, -36.2548027039, -15.0614147186, 16.4304466248, 9.36316585541, -0.963718652725, 2.56506204605, 34.9105072021, 68.4429626465]],
        "icov": [[0.000939595978707, -0.00083483196795, 0.00179545569699, -0.00152177212294, 0.0007082184311, -0.00072234403342, 0.000293542281725, 0.000129355059471, -0.000264668575255, 0.00107759190723, -0.000313376833219, 0.000957446696702, -0.000105561732198], [-0.00083483196795, 0.00805586390197, -0.00708916783333, 0.00458923447877, -0.00467170774937, 0.00430365465581, -0.00441400939599, 0.00303957704455, -0.00277794175781, 0.00237796409056, -0.00397060997784, 0.00389944016933, -0.00146849500015], [0.00179545569699, -0.00708916783333, 0.00976292137057, -0.00647196220234, 0.00474198395386, -0.00420547742397, 0.00464121345431, -0.00307769654319, 0.00239712069742, 0.0012875336688, 8.27879557619e-05, 0.000377775548259, -3.92305591959e-05], [-0.00152177212294, 0.00458923447877, -0.00647196220234, 0.00837682932615, -0.00361235579476, 0.00182461098302, -0.00172550615389, 0.00142084388062, -0.00133916432969, -0.000993815599941, 0.00176925037522, -0.000431296182796, 0.000723905279301], [0.0007082184311, -0.00467170774937, 0.00474198395386, -0.00361235579476, 0.00849073100835, -0.00281332945451, 0.00218578311615, -0.00233580567874, 0.00264076795429, -0.00165604194626, 0.00344077963382, -0.00226708711125, 0.000736278714612], [-0.00072234403342, 0.00430365465581, -0.00420547742397, 0.00182461098302, -0.00281332945451, 0.0103527568281, -0.00752971926704, 0.00473395502195, -0.00148694158997, -4.2735146053e-06, -0.000641048303805, 0.000573790166527, 0.0018223579973], [0.000293542281725, -0.00441400939599, 0.00464121345431, -0.00172550615389, 0.00218578311615, -0.00752971926704, 0.0148590588942, -0.00621944339946, 0.005792720709, -0.00286327768117, 0.00186895800289, -0.00139404751826, 0.000929539324716], [0.000129355059471, 0.00303957704455, -0.00307769654319, 0.00142084388062, -0.00233580567874, 0.00473395502195, -0.00621944339946, 0.0153376860544, -0.0109892226756, 0.00502999080345, -0.00105002277996, 0.000624912674539, -0.00110184273217], [-0.000264668575255, -0.00277794175781, 0.00239712069742, -0.00133916432969, 0.00264076795429, -0.00148694158997, 0.005792720709, -0.0109892226756, 0.0230728108436, -0.0108983153477, 0.00705856690183, -0.00384222366847, 0.00123956869356], [0.00107759190723, 0.00237796409056, 0.0012875336688, -0.000993815599941, -0.00165604194626, -4.2735146053e-06, -0.00286327768117, 0.00502999080345, -0.0108983153477, 0.0227860622108, -0.0136356763542, 0.00654339510947, -0.00237453216687], [-0.000313376833219, -0.00397060997784, 8.27879557619e-05, 0.00176925037522, 0.00344077963382, -0.000641048303805, 0.00186895800289, -0.00105002277996, 0.00705856690183, -0.0136356763542, 0.027159973979, -0.0136780682951, 0.00591278634965], [0.000957446696702, 0.00389944016933, 0.000377775548259, -0.000431296182796, -0.00226708711125, 0.000573790166527, -0.00139404751826, 0.000624912674539, -0.00384222366847, 0.00654339510947, -0.0136780682951, 0.0255534853786, -0.0117394747213], [-0.000105561732198, -0.00146849500015, -3.92305591959e-05, 0.000723905279301, 0.000736278714612, 0.0018223579973, 0.000929539324716, -0.00110184273217, 0.00123956869356, -0.00237453216687, 0.00591278634965, -0.0117394747213, 0.0219114478678]]
    },
    "melbands": {
        "dmean": [5.53496502107e-05, 0.000261711596977, 0.000649696448818, 0.000393361813622, 0.000232272606809, 0.000176455185283, 0.000213439474464, 0.000169405466295, 0.000166566896951, 0.000108420412289, 0.000139069525176, 0.000125963619212, 9.58676973823e-05, 6.22374282102e-05, 6.17748519289e-05, 4.92529688927e-05, 7.94001389295e-05, 6.4702340751e-05, 4.71686980745e-05, 4.14294590882e-05, 2.72513661912e-05, 1.99452224479e-05, 1.63449149113e-05, 1.73992611963e-05, 1.24523157865e-05, 3.77361106985e-06, 2.91830565402e-06, 2.71916587735e-06, 2.34872823057e-06, 2.14796887121e-06, 1.12025873023e-06, 7.05895217834e-07, 6.53082679491e-07, 5.73311297103e-07, 3.29813786948e-07, 2.04764091905e-07, 1.30116433184e-07, 7.14112218247e-08, 4.65746801126e-08, 2.19408207158e-08],
        "dmean2": [9.10759117687e-05, 0.000431320426287, 0.00111435237341, 0.000645068532322, 0.000365175073966, 0.000272867036983, 0.00032509380253, 0.000257963431068, 0.000250034674536, 0.000163735152455, 0.000212095765164, 0.000186962904991, 0.000140800329973, 9.49394452618e-05, 9.47156440816e-05, 7.34830100555e-05, 0.000118686795759, 9.91904744296e-05, 7.13562549208e-05, 6.16299730609e-05, 4.14781861764e-05, 3.01850614051e-05, 2.551831858e-05, 2.63669189735e-05, 1.89722450159e-05, 6.03613216299e-06, 4.72977399113e-06, 4.27205077358e-06, 3.73139550902e-06, 3.37482151735e-06, 1.77903586973e-06, 1.11656072477e-06, 1.03732452317e-06, 8.92256423413e-07, 5.15767737852e-07, 3.114940057e-07, 2.00283125196e-07, 1.07094045632e-07, 7.15373573712e-08, 3.33022640575e-08],
        "dvar": [1.35416957647e-08, 5.11230723532e-07, 2.58064392256e-06, 5.63377284379e-07, 1.94930535713e-07, 8.51769073051e-08, 1.41498205153e-07, 1.24891499809e-07, 1.21762013805e-07, 7.21963075989e-08, 1.37861604799e-07, 8.85251196792e-08, 6.19689259906e-08, 1.45557708109e-08, 1.38320634946e-08, 1.57408113211e-08, 3.65362105015e-08, 2.56959804545e-08, 1.4022982775e-08, 1.35574271809e-08, 6.32880992057e-09, 3.07318548387e-09, 1.13993758877e-09, 1.23865873114e-09, 6.33381957993e-10, 5.33157511196e-11, 4.39694981813e-11, 2.80490700111e-11, 1.87051363981e-11, 2.14462440862e-11, 4.61339343463e-12, 1.54245301427e-12, 1.21015632411e-12, 7.53438002092e-13, 3.18407030343e-13, 1.22211987167e-13, 5.03392459824e-14, 1.39074297258e-14, 5.63063754083e-15, 1.33573093551e-15],
        "dvar2": [3.50955993156e-08, 1.34097604132e-06, 6.76777017361e-06, 1.4946082274e-06, 4.9432111382e-07, 2.07784964346e-07, 3.07921027343e-07, 2.78220568362e-07, 2.56989665104e-07, 1.57135389145e-07, 2.79659928992e-07, 1.84216233379e-07, 1.23802465168e-07, 3.35420189401e-08, 3.27678861822e-08, 3.12239123446e-08, 7.40850438774e-08, 5.55353771858e-08, 2.58993768654e-08, 2.75164335761e-08, 1.28494814788e-08, 5.91697668639e-09, 2.60899146731e-09, 2.61256771772e-09, 1.34626976234e-09, 1.31113134239e-10, 1.07016721873e-10, 6.78584965996e-11, 4.43725403643e-11, 4.75468900363e-11, 1.11523125804e-11, 3.6870389554e-12, 3.01988468954e-12, 1.76179188426e-12, 7.74745176867e-13, 2.74677172283e-13, 1.07361331197e-13, 2.9734671485e-14, 1.18219753174e-14, 2.87274845127e-15],
        "max": [0.00175354373641, 0.0105325933546, 0.0203233659267, 0.0234889332205, 0.0119127565995, 0.00907022319734, 0.0110444305465, 0.0102003198117, 0.0100169470534, 0.00882449559867, 0.0108703793958, 0.00711224414408, 0.00827050767839, 0.00233290018514, 0.00249447207898, 0.00475600082427, 0.0049857404083, 0.00314254313707, 0.00267308368348, 0.00263137626462, 0.00199272646569, 0.00293788406998, 0.000844573660288, 0.000762694689911, 0.000523319002241, 0.000199164642254, 0.000239654109464, 0.000167950376635, 0.000148242339492, 0.000182929012226, 5.63597568544e-05, 2.87295806629e-05, 2.87596940325e-05, 1.48859062392e-05, 1.131755198e-05, 8.64108642418e-06, 6.39144855086e-06, 3.18667980537e-06, 1.72553541233e-06, 1.02957869785e-06],
        "mean": [7.20793104847e-05, 0.000290478463285, 0.000703017285559, 0.000677211850416, 0.000501993286889, 0.000389965076465, 0.000453545973869, 0.000309634546284, 0.000329090980813, 0.000190728605958, 0.00023321234039, 0.000227398908464, 0.000164496988873, 0.000113098634756, 0.000116467286716, 9.08350993996e-05, 0.000152376160258, 0.0001263054437, 8.37077750475e-05, 6.92581161275e-05, 4.99617308378e-05, 3.78597724193e-05, 3.11948206217e-05, 3.4548334952e-05, 2.43372087425e-05, 7.31534828446e-06, 5.55241467737e-06, 5.52770143258e-06, 4.89595913677e-06, 4.11634255215e-06, 2.31834906117e-06, 1.54598001245e-06, 1.49410595895e-06, 1.24784867239e-06, 7.36247955047e-07, 4.66111913511e-07, 3.07144404132e-07, 1.80237208269e-07, 1.14258433825e-07, 5.46100373811e-08],
        "median": [2.84390662273e-05, 8.38795094751e-05, 0.000226892647333, 0.000314757518936, 0.000267970986897, 0.000233444865444, 0.000222891700105, 0.000143993544043, 0.000146261168993, 8.01115165814e-05, 8.55364050949e-05, 6.0197118728e-05, 4.61512063339e-05, 4.19716343458e-05, 3.98017000407e-05, 2.42155529122e-05, 3.43316423823e-05, 2.61158857029e-05, 2.09575446206e-05, 2.02397950488e-05, 1.58626353368e-05, 1.53211767611e-05, 1.33912080855e-05, 1.28027750179e-05, 9.33375031309e-06, 4.45241312264e-06, 3.47344416696e-06, 3.00895612781e-06, 2.46827403316e-06, 1.9759031602e-06, 1.13630176202e-06, 7.74250281665e-07, 8.0571618355e-07, 7.60335694849e-07, 4.10456692634e-07, 2.55004835026e-07, 1.64952865589e-07, 1.0245808113e-07, 6.7971818396e-08, 3.29497034102e-08],
        "min": [8.52540518504e-24, 4.04024026737e-24, 5.03287656619e-24, 9.19994357901e-24, 7.79630285997e-24, 9.69066554916e-24, 4.54783557785e-24, 9.00191188167e-24, 1.03850217068e-23, 4.87483262256e-24, 3.30460183527e-24, 5.96549790505e-24, 2.34506495675e-24, 4.80198368455e-24, 1.00665648702e-23, 6.90961768047e-24, 5.79939693057e-24, 5.46222870778e-24, 1.02432144927e-23, 4.71815183058e-24, 8.85737126459e-24, 1.04740257273e-23, 6.97702505596e-24, 9.14026861811e-24, 1.42461668829e-23, 1.17051804317e-23, 8.35393837868e-24, 7.1417770783e-24, 9.93033253622e-24, 1.37655849308e-23, 1.40317276675e-23, 1.05863326989e-23, 1.04834794364e-23, 7.25215686274e-24, 9.75571896371e-24, 1.00340488126e-23, 7.18477788624e-24, 8.99248420499e-24, 6.30965504103e-24, 9.49283343362e-24],
        "var": [1.65724287626e-08, 4.46215125294e-07, 2.27891609939e-06, 1.36141500207e-06, 5.89045555444e-07, 2.92044433081e-07, 5.07747870415e-07, 2.86766038471e-07, 4.60298394955e-07, 1.69284462004e-07, 3.55856400347e-07, 2.71062248203e-07, 2.01875153039e-07, 4.20048706928e-08, 4.18159764592e-08, 4.34261124838e-08, 1.16406617678e-07, 8.84637856302e-08, 3.96336936603e-08, 2.89602439807e-08, 1.50576955349e-08, 9.83855397152e-09, 3.02817237952e-09, 3.45269923763e-09, 1.91593163557e-09, 9.93574458819e-11, 6.44528527771e-11, 6.44698114338e-11, 5.22740982445e-11, 5.06707974191e-11, 1.25976590271e-11, 4.3589663129e-12, 4.13998956644e-12, 2.13782377217e-12, 8.86394581866e-13, 3.59327693468e-13, 1.61891740248e-13, 5.21594012014e-14, 1.99094755439e-14, 4.54492934376e-15]
    },
    "mfcc": {
        "mean": [-638.237426758, 132.436325073, -31.9694957733, 15.1257820129, -10.620850563, -3.23501992226, -15.4569692612, -1.13101267815, -10.4422073364, -3.55281662941, -5.71964693069, -2.76275324821, -6.41390228271],
        "cov": [[2390.85009766, -702.777893066, -462.572265625, -5.69127988815, -88.9505844116, 252.305770874, 56.2603340149, 55.6806983948, 72.9914703369, 62.2201118469, 28.709859848, -21.4341812134, -112.439933777], [-702.777893066, 764.478881836, 258.384124756, 33.7745361328, 79.5559921265, -115.663452148, 33.4300994873, -24.4160442352, -39.3959846497, -15.2504119873, -11.3323965073, -15.7042551041, 30.9775657654], [-462.572265625, 258.384124756, 609.743164062, 129.140441895, 72.4116973877, -16.7066402435, 7.57653713226, 1.63105797768, -27.231344223, -10.5305681229, -25.7608089447, -11.2827892303, 30.5864219666], [-5.69127988815, 33.7745361328, 129.140441895, 238.618911743, 101.764900208, -31.2655849457, -19.1677150726, 9.7595281601, 37.9190292358, -8.49512290955, -27.8636417389, 13.8009338379, 12.7131214142], [-88.9505844116, 79.5559921265, 72.4116973877, 101.764900208, 163.258850098, -9.82747936249, -16.8581485748, 11.5456447601, 23.8699455261, -2.23493528366, -18.8370914459, -2.9345664978, 8.05890274048], [252.305770874, -115.663452148, -16.7066402435, -31.2655849457, -9.82747936249, 236.162460327, 98.0020599365, 7.70682382584, -20.3364982605, 15.3427085876, 25.8926448822, -29.9815120697, -30.9509983063], [56.2603340149, 33.4300994873, 7.57653713226, -19.1677150726, -16.8581485748, 98.0020599365, 138.529327393, 25.9462776184, -17.8840255737, 10.6598300934, 15.0010652542, -15.2217350006, -13.8291168213], [55.6806983948, -24.4160442352, 1.63105797768, 9.7595281601, 11.5456447601, 7.70682382584, 25.9462776184, 95.8416900635, 37.7885856628, 1.29335927963, -1.62705075741, -5.93492603302, -3.80857634544], [72.9914703369, -39.3959846497, -27.231344223, 37.9190292358, 23.8699455261, -20.3364982605, -17.8840255737, 37.7885856628, 104.876205444, 24.730556488, -8.18425559998, 13.8899469376, -4.77535438538], [62.2201118469, -15.2504119873, -10.5305681229, -8.49512290955, -2.23493528366, 15.3427085876, 10.6598300934, 1.29335927963, 24.730556488, 72.6724243164, 24.6019744873, -8.36211681366, -5.69015932083], [28.709859848, -11.3323965073, -25.7608089447, -27.8636417389, -18.8370914459, 25.8926448822, 15.0010652542, -1.62705075741, -8.18425559998, 24.6019744873, 81.9463043213, 13.8603687286, -9.22807407379], [-21.4341812134, -15.7042551041, -11.2827892303, 13.8009338379, -2.9345664978, -29.9815120697, -15.2217350006, -5.93492603302, 13.8899469376, -8.36211681366, 13.8603687286, 85.8566513062, 28.7891387939], [-112.439933777, 30.9775657654, 30.5864219666, 12.7131214142, 8.05890274048, -30.9509983063, -13.8291168213, -3.80857634544, -4.77535438538, -5.69015932083, -9.22807407379, 28.7891387939, 75.7008743286]],
