{
"lowlevel": {
    "average_loudness": 0.831905007362,
    "barkbands_crest": {
        "dmean": 2.50405573845,
        "dmean2": 4.05122232437,
        "dvar": 5.45939874649,
        "dvar2": 13.4524402618,
        "max": 26.451084137,
        "mean": 10.9677886963,
        "median": 9.80901145935,
        "min": 2.6719558239,
        "var": 24.7661628723
    },
    "barkbands_flatness_db": {
        "dmean": 0.0188980139792,
        "dmean2": 0.0292965918779,
        "dvar": 0.000311843876261,
        "dvar2": 0.000729712948669,
        "max": 0.44043007493,
        "mean": 0.187859043479,
        "median": 0.178784817457,
        "min": 0.018017899245,
        "var": 0.0026215238031
    },
    "barkbands_kurtosis": {
        "dmean": 3.74219536781,
        "dmean2": 5.60857105255,
        "dvar": 101.014793396,
        "dvar2": 204.710784912,
        "max": 540.806030273,
        "mean": 7.77747106552,
        "median": 2.65807199478,
        "min": -1.90660297871,
        "var": 553.701660156
    },
    "barkbands_skewness": {
        "dmean": 0.490395516157,
        "dmean2": 0.735646367073,
        "dvar": 0.328423529863,
        "dvar2": 0.753359258175,
        "max": 17.8631439209,
        "mean": 1.66955924034,
        "median": 1.46155595779,
        "min": -3.3701004982,
        "var": 2.31895017624
    },
    "barkbands_spread": {
        "dmean": 4.01004219055,
        "dmean2": 6.15760421753,
        "dvar": 25.5748939514,
        "dvar2": 55.3803520203,
        "max": 89.1247940063,
        "mean": 15.6558551788,
        "median": 14.2061834335,
        "min": 0.192262917757,
        "var": 100.017959595
    },
    "dissonance": {
        "dmean": 0.0248866528273,
        "dmean2": 0.0416471920907,
        "dvar": 0.000566702103242,
        "dvar2": 0.00151587172877,
        "max": 0.500000059605,
        "mean": 0.443580299616,
        "median": 0.452618390322,
        "min": 0.148445636034,
        "var": 0.00169101729989
    },
    "dynamic_complexity": 3.58139824867,
    "erbbands_crest": {
        "dmean": 3.08866763115,
        "dmean2": 4.88274526596,
        "dvar": 7.86316728592,
        "dvar2": 18.9916324615,
        "max": 33.0688247681,
        "mean": 12.0282449722,
        "median": 10.7537593842,
        "min": 2.35699915886,
        "var": 31.3471794128
    },
    "erbbands_flatness_db": {
        "dmean": 0.0161961391568,
        "dmean2": 0.0237824227661,
        "dvar": 0.000235474886722,
        "dvar2": 0.000496890337672,
        "max": 0.468578726053,
        "mean": 0.22237585485,
        "median": 0.215776696801,
        "min": 0.0666243135929,
        "var": 0.00219682254829
    },
    "erbbands_kurtosis": {
        "dmean": 1.83669126034,
        "dmean2": 2.79575300217,
        "dvar": 20.5932102203,
        "dvar2": 38.4607963562,
        "max": 171.879440308,
        "mean": 2.70452880859,
        "median": 0.325083732605,
        "min": -1.87070083618,
        "var": 103.465553284
    },
    "erbbands_skewness": {
        "dmean": 0.438128352165,
        "dmean2": 0.658775746822,
        "dvar": 0.224993243814,
        "dvar2": 0.474530011415,
        "max": 10.6045742035,
        "mean": 0.951372504234,
        "median": 0.74120926857,
        "min": -3.41517972946,
        "var": 1.53158116341
    },
    "erbbands_spread": {
        "dmean": 6.573158741,
        "dmean2": 9.91986751556,
        "dvar": 56.276966095,
        "dvar2": 116.718658447,
        "max": 124.013839722,
        "mean": 30.6306762695,
        "median": 28.3224716187,
        "min": 1.02623331547,
        "var": 249.344238281
    },
    "hfc": {
        "dmean": 5.32866573334,
        "dmean2": 7.31801271439,
        "dvar": 94.8482055664,
        "dvar2": 202.87638855,
        "max": 173.86920166,
        "mean": 16.0810604095,
        "median": 10.8463792801,
        "min": 1.11139047425e-16,
        "var": 304.037109375
    },
    "melbands_crest": {
        "dmean": 3.12204194069,
        "dmean2": 5.05155992508,
        "dvar": 8.47131538391,
        "dvar2": 21.3810367584,
        "max": 33.540222168,
        "mean": 14.0346679688,
        "median": 12.5903940201,
        "min": 1.50175344944,
        "var": 36.3841896057
    },
    "melbands_flatness_db": {
        "dmean": 0.021412147209,
        "dmean2": 0.0316537059844,
        "dvar": 0.00046159006888,
        "dvar2": 0.000985948368907,
        "max": 0.50143635273,
        "mean": 0.212168991566,
        "median": 0.204292997718,
        "min": 0.00434682983905,
        "var": 0.004185045138
    },
    "melbands_kurtosis": {
        "dmean": 5.61463499069,
        "dmean2": 8.63957881927,
        "dvar": 143.387573242,
        "dvar2": 319.536621094,
        "max": 464.871826172,
        "mean": 13.7397642136,
        "median": 7.09340190887,
        "min": -1.84484279156,
        "var": 819.75604248
    },
    "melbands_skewness": {
        "dmean": 0.5522762537,
        "dmean2": 0.83760112524,
        "dvar": 0.403053283691,
        "dvar2": 0.931877493858,
        "max": 15.0044412613,
        "mean": 2.21777868271,
        "median": 1.98526358604,
        "min": -1.29054141045,
        "var": 2.53527116776
    },
    "melbands_spread": {
        "dmean": 5.32410097122,
        "dmean2": 8.15574741364,
        "dvar": 70.7046432495,
        "dvar2": 160.50189209,
        "max": 213.619476318,
        "mean": 19.2673473358,
        "median": 16.1301689148,
        "min": 0.355120778084,
        "var": 229.91595459
    },
    "pitch_salience": {
        "dmean": 0.0637992098927,
        "dmean2": 0.101993747056,
        "dvar": 0.00310374470428,
        "dvar2": 0.00761752622202,
        "max": 0.998417675495,
        "mean": 0.54916870594,
        "median": 0.561305582523,
        "min": 0.0882850661874,
        "var": 0.0127255851403
    },
    "silence_rate_20dB": {
        "dmean": 0,
        "dmean2": 0,
        "dvar": 0,
        "dvar2": 0,
        "max": 1,
        "mean": 1,
        "median": 1,
        "min": 1,
        "var": 0
    },
    "silence_rate_30dB": {
        "dmean": 0,
        "dmean2": 0,
        "dvar": 0,
        "dvar2": 0,
        "max": 1,
        "mean": 1,
        "median": 1,
        "min": 1,
        "var": 0
    },
    "silence_rate_60dB": {
        "dmean": 0.0184757504612,
        "dmean2": 0.036956243217,
        "dvar": 0.0181333292276,
        "dvar2": 0.0425265096128,
        "max": 1,
        "mean": 0.0856959596276,
        "median": 0,
        "min": 0,
        "var": 0.0783420354128
    },
    "spectral_centroid": {
        "dmean": 214.5990448,
        "dmean2": 324.721038818,
        "dvar": 79925.0390625,
        "dvar2": 175378.015625,
        "max": 11491.8203125,
        "mean": 1131.81811523,
        "median": 1003.09350586,
        "min": 268.899871826,
        "var": 478236.40625
    },
    "spectral_complexity": {
        "dmean": 2.63869643211,
        "dmean2": 4.14346218109,
        "dvar": 10.3903093338,
        "dvar2": 21.7819213867,
        "max": 57,
        "mean": 14.9094295502,
        "median": 14,
        "min": 0,
        "var": 68.6191711426
    },
    "spectral_decrease": {
        "dmean": 1.39646694208e-09,
        "dmean2": 2.08999018092e-09,
        "dvar": 3.34820460803e-18,
        "dvar2": 7.70968644128e-18,
        "max": 2.7262005472e-22,
        "mean": -4.83232032167e-09,
        "median": -4.11189748917e-09,
        "min": -2.91243082984e-08,
        "var": 1.34334222468e-17
    },
    "spectral_energy": {
        "dmean": 0.00567743601277,
        "dmean2": 0.00843178387731,
        "dvar": 5.60950938961e-05,
        "dvar2": 0.000127191393403,
        "max": 0.11458992213,
        "mean": 0.0196968633682,
        "median": 0.0166601706296,
        "min": 1.03682105697e-20,
        "var": 0.000228304314078
    },
    "spectral_energyband_high": {
        "dmean": 0.000313024269417,
        "dmean2": 0.000461084215203,
        "dvar": 1.04958735392e-06,
        "dvar2": 2.4574744657e-06,
        "max": 0.0290777999908,
        "mean": 0.000580869964324,
        "median": 0.000184786826139,
        "min": 7.55648957392e-21,
        "var": 1.71724423126e-06
    },
    "spectral_energyband_low": {
        "dmean": 0.000857182196341,
        "dmean2": 0.0014010904124,
        "dvar": 1.86413092251e-06,
        "dvar2": 4.92544904773e-06,
        "max": 0.0303080752492,
        "mean": 0.00216698786244,
        "median": 0.00165310909506,
        "min": 2.21502754741e-23,
        "var": 4.62872640128e-06
    },
    "spectral_energyband_middle_high": {
        "dmean": 0.00189358438365,
        "dmean2": 0.0025498913601,
        "dvar": 1.49117950059e-05,
        "dvar2": 2.47600855801e-05,
        "max": 0.102992512286,
        "mean": 0.00492871366441,
        "median": 0.0022439842578,
        "min": 1.37444641582e-21,
        "var": 5.7185847254e-05
    },
    "spectral_energyband_middle_low": {
        "dmean": 0.00437983404845,
        "dmean2": 0.00685932394117,
        "dvar": 3.88666048821e-05,
        "dvar2": 9.94063229882e-05,
        "max": 0.109690524638,
        "mean": 0.0124359093606,
        "median": 0.00954629387707,
        "min": 1.97331889367e-22,
        "var": 0.000119004376756
    },
    "spectral_entropy": {
        "dmean": 0.161942332983,
        "dmean2": 0.231584772468,
        "dvar": 0.028178408742,
        "dvar2": 0.0562113076448,
        "max": 9.8116235733,
        "mean": 7.20634269714,
        "median": 7.27647924423,
        "min": 4.38722038269,
        "var": 0.267605900764
    },
    "spectral_flux": {
        "dmean": 0.0183629449457,
        "dmean2": 0.0290639251471,
        "dvar": 0.000434759014752,
        "dvar2": 0.00104666908737,
        "max": 0.278520941734,
        "mean": 0.0661415457726,
        "median": 0.0597590915859,
        "min": 6.37759914324e-11,
        "var": 0.00155198853463
    },
    "spectral_kurtosis": {
        "dmean": 2.46261525154,
        "dmean2": 4.27314186096,
        "dvar": 7.33492803574,
        "dvar2": 22.1739559174,
        "max": 50.7270507812,
        "mean": 4.52091789246,
        "median": 3.21926498413,
        "min": -1.23072493076,
        "var": 22.8786087036
    },
    "spectral_rms": {
        "dmean": 0.000591568648815,
        "dmean2": 0.000861594919115,
        "dvar": 4.04702205969e-07,
        "dvar2": 8.61623789206e-07,
        "max": 0.0105733172968,
        "mean": 0.00403480743989,
        "median": 0.00403160322458,
        "min": 3.18046023545e-12,
        "var": 2.93680568575e-06
    },
    "spectral_rolloff": {
        "dmean": 329.043121338,
        "dmean2": 550.345581055,
        "dvar": 408295.6875,
        "dvar2": 879673,
        "max": 19552.1484375,
        "mean": 1204.45983887,
        "median": 882.861328125,
        "min": 172.265625,
        "var": 1528877.5
    },
    "spectral_skewness": {
        "dmean": 0.291633367538,
        "dmean2": 0.4780164361,
        "dvar": 0.0754734277725,
        "dvar2": 0.195971101522,
        "max": 5.79088592529,
        "mean": 1.42814981937,
        "median": 1.31918227673,
        "min": -0.436725407839,
        "var": 0.434353977442
    },
    "spectral_spread": {
        "dmean": 309629.96875,
        "dmean2": 460258.03125,
        "dvar": 233774252032,
        "dvar2": 375477043200,
        "max": 42363632,
        "mean": 3568248.25,
        "median": 3417491.75,
        "min": 1500629.5,
        "var": 3.04832970752e+12
    },
    "spectral_strongpeak": {
        "dmean": 0.635901629925,
        "dmean2": 1.004535079,
        "dvar": 0.949191808701,
        "dvar2": 2.20790696144,
        "max": 15.5250768661,
        "mean": 1.3814291954,
        "median": 0.961009860039,
        "min": 0,
        "var": 1.97786402702
    },
    "zerocrossingrate": {
        "dmean": 0.00707650696859,
        "dmean2": 0.00839652027935,
        "dvar": 8.40692227939e-05,
        "dvar2": 9.49534223764e-05,
        "max": 0.66943359375,
        "mean": 0.0493527986109,
        "median": 0.04443359375,
        "min": 0.01123046875,
        "var": 0.00100437365472
    },
    "barkbands": {
        "dmean": [2.25182611757e-05, 0.000383221224183, 0.000514081737492, 0.00036754476605, 0.00108603655826, 0.000995341921225, 0.00266911368817, 0.000452353880974, 0.000690897926688, 0.00067163084168, 0.000328442896716, 0.000386105763027, 0.000317151367199, 0.000358897203114, 0.000509696023073, 0.000171931475052, 0.000142444725498, 0.000145832818816, 0.000120250064356, 0.000179086462595, 0.000108662075945, 6.56992851873e-05, 4.24692152592e-05, 2.48921242019e-05, 4.45474688604e-06, 8.74030348097e-10, 8.85313933274e-10],
        "dmean2": [3.95765418943e-05, 0.000642370549031, 0.000849683885463, 0.000614890188444, 0.00177145330235, 0.00157056725584, 0.00419782148674, 0.000708193925675, 0.00106363522355, 0.00101248885039, 0.000502929789945, 0.000558504892979, 0.000474018743262, 0.000567130104173, 0.000767768069636, 0.000265464448603, 0.000230181278312, 0.000227065946092, 0.000193464598851, 0.000274676189292, 0.000171629304532, 0.000103849204606, 6.47358538117e-05, 3.69059962395e-05, 6.69504379402e-06, 1.6145823567e-09, 1.64886249099e-09],
        "dvar": [1.13844500493e-09, 2.50967758575e-07, 1.01931880181e-06, 4.9687326964e-07, 2.91597234536e-06, 4.26021733801e-06, 2.96437374345e-05, 1.09914117274e-06, 5.70072461414e-06, 5.33339152753e-06, 1.09786299163e-06, 1.53277380832e-06, 1.22668825497e-06, 1.42645569667e-06, 3.33054208568e-06, 4.97438975344e-07, 1.57868299766e-07, 1.44673776958e-07, 1.03348476443e-07, 2.6629092531e-07, 1.40156345196e-07, 9.11093991363e-08, 4.1396695849e-08, 6.86557255491e-09, 7.24011350872e-10, 6.26564415872e-18, 2.44671339797e-18],
        "dvar2": [3.22873638936e-09, 6.94002949331e-07, 2.67897939921e-06, 1.38320672249e-06, 7.85779229773e-06, 9.29383077164e-06, 7.98860783107e-05, 2.65341145678e-06, 1.35903974297e-05, 1.02874191725e-05, 2.38104939854e-06, 2.71919861916e-06, 2.31477633861e-06, 3.15285001307e-06, 6.85184795657e-06, 1.00167687833e-06, 3.99179043598e-07, 3.30837906404e-07, 2.50231778409e-07, 6.39197878627e-07, 3.35901717108e-07, 2.22403343741e-07, 9.25223773152e-08, 1.61360222961e-08, 1.67391955852e-09, 1.69530302583e-17, 7.56789279504e-18],
        "max": [0.000415192829678, 0.00678458623588, 0.0262018591166, 0.0169014353305, 0.0360759310424, 0.0561428181827, 0.107866190374, 0.0285847522318, 0.0601337477565, 0.0936860740185, 0.026036651805, 0.0303970109671, 0.03630842641, 0.0375537835062, 0.0548667237163, 0.0238565355539, 0.010576534085, 0.0101505471393, 0.00806285627186, 0.0115589341149, 0.00967192463577, 0.0130421351641, 0.00962064415216, 0.00267789280042, 0.00163936067838, 1.35431804438e-07, 5.02256440882e-08],
        "mean": [2.47776933975e-05, 0.00086669891607, 0.000970003311522, 0.00058230542345, 0.00242043938488, 0.00172793946695, 0.00562361441553, 0.000790206424426, 0.00105514039751, 0.00116369035095, 0.000578361854423, 0.000602855114266, 0.00048876972869, 0.000473552296171, 0.000710557447746, 0.000265668728389, 0.000219679772272, 0.000236836669501, 0.000208181343623, 0.000307122449158, 0.000176828645635, 8.95517441677e-05, 6.48686909699e-05, 4.25547077612e-05, 6.67680660627e-06, 1.06296937918e-09, 1.14248377425e-09],
        "median": [1.29556847241e-05, 0.000692873261869, 0.00035874475725, 0.000280326756183, 0.00144889648072, 0.000900418497622, 0.00196386687458, 0.000272537989076, 0.000296884565614, 0.000326197216054, 9.94345828076e-05, 0.000113956222776, 9.87741877907e-05, 7.3126393545e-05, 0.000111315996037, 7.49175960664e-05, 7.07928193151e-05, 7.38708622521e-05, 7.64112483012e-05, 8.471395995e-05, 4.48709724878e-05, 2.13615967368e-05, 1.70565199369e-05, 1.15566535897e-05, 1.15841896786e-06, 6.57502829959e-10, 6.84659551276e-10],
        "min": [3.54080730068e-24, 2.15457674182e-24, 3.99210673595e-24, 1.47546009497e-24, 1.25782798487e-23, 1.83965139888e-23, 1.25211268761e-23, 6.09840874024e-24, 2.62073192676e-23, 2.26837079514e-23, 1.10977409686e-23, 4.10514127399e-23, 4.95198818891e-23, 5.74070930798e-23, 6.18579977684e-23, 5.54921490096e-23, 9.41513505208e-23, 1.1359183041e-22, 1.15978254555e-22, 2.0751605841e-22, 2.68807572007e-22, 3.7709040639e-22, 4.96717615948e-22, 7.93496428605e-22, 1.11271503973e-21, 1.46205607102e-21, 1.78554104387e-21],
        "var": [1.23606391789e-09, 6.33865738564e-07, 2.22978360398e-06, 7.53468043513e-07, 9.06664627109e-06, 8.46538478072e-06, 7.85273441579e-05, 2.28239059652e-06, 7.76904562372e-06, 1.13328005682e-05, 2.49610025094e-06, 3.58566308023e-06, 2.37303243011e-06, 2.13842372432e-06, 5.76418960918e-06, 8.98250107184e-07, 2.73723742339e-07, 2.43077181494e-07, 1.90749616991e-07, 4.45198367061e-07, 2.30891373576e-07, 1.12017545462e-07, 5.1002817969e-08, 1.1401179556e-08, 1.04344022311e-09, 3.66111628041e-18, 1.82291726609e-18]
    },
    "erbbands": {
        "dmean": [0.00889272242785, 0.100543089211, 0.486364215612, 0.916661679745, 2.06831693649, 4.08859062195, 6.97135543823, 9.08052825928, 39.2589187622, 18.7935352325, 10.8194580078, 16.2889385223, 15.4481916428, 22.9747219086, 12.3715457916, 15.99796772, 15.4891815186, 8.95433330536, 30.3016910553, 12.3723020554, 8.53311443329, 5.94793605804, 6.60583400726, 7.13037729263, 5.81371259689, 8.56909561157, 6.33439302444, 3.15249752998, 2.5025472641, 1.65639638901, 1.21781671047, 0.704586148262, 0.336035192013, 0.0966081544757, 0.00459223054349, 0.000156414229423, 1.68566057255e-05, 3.7591482851e-06, 3.62629839401e-06, 6.88841873853e-06],
        "dmean2": [0.0151476692408, 0.167421713471, 0.800367295742, 1.5222029686, 3.42390775681, 6.63334321976, 11.4668855667, 14.4042282104, 62.1197090149, 28.6813278198, 16.8421115875, 25.1208171844, 23.0428848267, 33.9566879272, 18.3142566681, 23.2834033966, 22.3991260529, 13.7073802948, 43.6992835999, 18.0805454254, 13.3024787903, 9.47592449188, 10.3747816086, 11.04093647, 9.08908176422, 12.9708614349, 9.57021331787, 4.97433805466, 3.99793338776, 2.60288119316, 1.85128092766, 1.05486476421, 0.49671587348, 0.141330882907, 0.00678416714072, 0.000226088290219, 2.37640106207e-05, 5.26406620338e-06, 5.17827857038e-06, 1.00965453385e-05],
        "dvar": [0.000141920041642, 0.0180981121957, 0.866348326206, 2.90465712547, 12.4421377182, 41.1985969543, 199.322738647, 476.893737793, 6581.65380859, 1590.64672852, 792.358093262, 3549.72314453, 3452.84863281, 5930.77636719, 982.162963867, 2804.37353516, 2968.30957031, 652.712341309, 9898.56152344, 1757.26074219, 789.778198242, 255.486816406, 266.324981689, 353.964996338, 261.395050049, 591.869689941, 371.372436523, 181.131607056, 138.591339111, 64.6212615967, 34.7636604309, 6.60976934433, 1.28942966461, 0.274689018726, 0.000980313285254, 7.39408392292e-07, 4.53014470381e-09, 1.48047143989e-10, 3.52487726507e-11, 8.76845610009e-11],
        "dvar2": [0.000393071444705, 0.0495795719326, 2.23395323753, 7.95763683319, 32.1436462402, 109.777656555, 515.715698242, 1036.22631836, 18129.5566406, 3518.10644531, 1831.19848633, 8734.07910156, 7398.57373047, 11892.0273438, 2036.11804199, 5151.22558594, 5571.76611328, 1359.26391602, 19393.8867188, 3583.28588867, 1712.58227539, 628.261108398, 614.61529541, 797.185974121, 658.941101074, 1377.94482422, 816.711425781, 461.935668945, 341.230133057, 159.245651245, 79.5150680542, 15.7621488571, 3.00984525681, 0.622192502022, 0.00217435089871, 1.63347954185e-06, 1.00768939859e-08, 3.35361516335e-10, 7.97972521394e-11, 1.96362523464e-10],
        "max": [0.19261059165, 2.0523045063, 23.3445072174, 42.0594024658, 82.2501754761, 156.936630249, 315.502960205, 667.687927246, 1657.1751709, 1487.83825684, 785.820495605, 1849.5925293, 1672.59790039, 2660.4777832, 1001.31561279, 1541.31860352, 1724.65270996, 697.30456543, 2193.35107422, 984.29699707, 928.813964844, 376.560241699, 400.770385742, 366.354919434, 513.427062988, 517.475585938, 471.188842773, 420.234588623, 547.080810547, 201.520721436, 286.780609131, 99.1921386719, 47.1704826355, 31.3755130768, 2.1097240448, 0.0550930611789, 0.00357964658178, 0.000481928553199, 0.000144308665767, 0.000141891796375],
        "mean": [0.0179823320359, 0.230954617262, 1.01412272453, 1.68208229542, 4.14506721497, 8.8620634079, 11.7901687622, 16.7595005035, 81.3314056396, 38.9310302734, 19.5153903961, 24.8036403656, 26.0816898346, 41.5234870911, 24.2978515625, 25.9382133484, 24.7820549011, 16.8336830139, 48.1743583679, 19.7024593353, 14.9061393738, 10.5560703278, 11.9057264328, 12.2233552933, 10.6012392044, 14.8932161331, 11.2417707443, 4.93186187744, 3.39521431923, 2.27325367928, 1.83998990059, 1.13010001183, 0.5823315382, 0.158280417323, 0.0071173813194, 0.000278041814454, 3.72326503566e-05, 8.74682609719e-06, 1.22199244288e-05, 2.3861275622e-05],
        "median": [0.0135815357789, 0.186803728342, 0.453009873629, 0.935747802258, 2.39792180061, 4.89654874802, 5.31235647202, 9.21725749969, 28.1047134399, 18.0185012817, 8.16187953949, 7.24023962021, 8.61615180969, 12.0547218323, 6.19536066055, 6.14872312546, 5.64294242859, 4.31817150116, 6.53636407852, 4.88969755173, 4.76449108124, 4.00673294067, 4.24635887146, 4.0700378418, 4.06283855438, 4.23908662796, 2.76072430611, 1.34317612648, 0.759876608849, 0.572687864304, 0.482587575912, 0.304587185383, 0.153073221445, 0.0352109931409, 0.00140547915362, 8.00557318144e-05, 1.72765467141e-05, 4.33348259321e-06, 9.73150963546e-06, 1.98773504962e-05],
        "min": [8.89356672728e-23, 5.08492822773e-22, 5.24695202827e-21, 9.25208704503e-21, 8.16609583598e-21, 3.50091301878e-20, 9.29053139491e-20, 1.65959262549e-19, 1.06956301435e-19, 4.49393888513e-19, 2.382521339e-19, 6.26131159347e-19, 7.9589095492e-19, 1.03057439901e-18, 1.03824846375e-18, 1.84115908014e-18, 2.1445484561e-18, 2.61173675735e-18, 3.49751856681e-18, 4.6774582098e-18, 3.55199420041e-18, 6.0342602347e-18, 5.70166869477e-18, 7.72671229983e-18, 9.48860700457e-18, 1.07168800515e-17, 1.04261417826e-17, 1.05577023775e-17, 1.29699603943e-17, 1.39308084307e-17, 1.39531439616e-17, 1.30728682799e-17, 1.06633325146e-17, 1.03984998881e-17, 7.99232578479e-18, 4.7451691468e-18, 2.56567520494e-18, 1.0188249188e-18, 2.01611199315e-19, 2.8673230426e-20],
        "var": [0.000312422169372, 0.0457874983549, 2.0820376873, 4.99302434921, 29.1568622589, 133.321548462, 377.56628418, 879.450012207, 16585.2011719, 3589.72094727, 1529.29174805, 4415.27832031, 5733.11572266, 14321.0439453, 2570.01000977, 5567.38867188, 5794.40771484, 1456.86975098, 21874.5566406, 3409.39672852, 1901.91003418, 472.589904785, 526.957946777, 608.15423584, 443.700805664, 1042.75964355, 760.970153809, 218.888671875, 165.483947754, 71.7845687866, 40.6983451843, 9.21988582611, 2.27868509293, 0.437986493111, 0.00150882231537, 1.23446534417e-06, 8.27048740604e-09, 2.79230860656e-10, 1.14389518691e-10, 3.52827073113e-10]
    },
    "gfcc": {
        "mean": [-60.663105011, 142.626312256, -154.559173584, 47.461101532, -83.7794418335, 2.05317234993, -30.9093494415, -9.27722358704, -3.12201404572, -15.4429636002, 11.7975969315, -20.0743904114, 8.41153240204],
        "cov": [[8636.56347656, -202.826141357, -1284.96582031, 792.789855957, -37.8547096252, 490.873809814, -94.3634872437, 60.5567970276, -169.365829468, -175.520278931, 18.5070323944, -366.455505371, -71.8560409546], [-202.826141357, 734.731933594, 43.8543281555, -123.714515686, 231.284225464, -74.0845565796, 120.269767761, -78.4926147461, 32.0554237366, -62.0289802551, -7.65760421753, -39.4257698059, -6.94359254837], [-1284.96582031, 43.8543281555, 500.192108154, -8.36590003967, -76.2653045654, -37.5185050964, -40.0253486633, -5.3106379509, 39.89427948, 7.36939239502, -10.5640249252, 70.3845367432, -3.19332075119], [792.789855957, -123.714515686, -8.36590003967, 426.330535889, 60.6595726013, 56.3683280945, -52.4664382935, -5.66540431976, 11.8924341202, -62.7913703918, -72.6855010986, -12.5553388596, -31.3537540436], [-37.8547096252, 231.284225464, -76.2653045654, 60.6595726013, 343.035064697, 57.0674972534, 47.0414466858, -16.116765976, -15.3578681946, -34.2428779602, -69.0510177612, -59.8382797241, -8.62121391296], [490.873809814, -74.0845565796, -37.5185050964, 56.3683280945, 57.0674972534, 261.920654297, 33.0537605286, 24.7546958923, -69.9815597534, -19.8314552307, -45.1874847412, -56.952507019, -4.43832492828], [-94.3634872437, 120.269767761, -40.0253486633, -52.4664382935, 47.0414466858, 33.0537605286, 171.573516846, 12.0703554153, -26.015089035, 13.4353370667, 13.9125347137, -7.33133554459, -4.50990056992], [60.5567970276, -78.4926147461, -5.3106379509, -5.66540431976, -16.116765976, 24.7546958923, 12.0703554153, 114.857589722, 18.1076412201, 9.87314033508, 15.5509672165, 1.32934880257, 15.4187917709], [-169.365829468, 32.0554237366, 39.89427948, 11.8924341202, -15.3578681946, -69.9815597534, -26.015089035, 18.1076412201, 120.040252686, 26.6159038544, 10.8596496582, 28.7547359467, -4.38907766342], [-175.520278931, -62.0289802551, 7.36939239502, -62.7913703918, -34.2428779602, -19.8314552307, 13.4353370667, 9.87314033508, 26.6159038544, 115.283218384, 43.2313041687, 9.96681022644, 5.58033275604], [18.5070323944, -7.65760421753, -10.5640249252, -72.6855010986, -69.0510177612, -45.1874847412, 13.9125347137, 15.5509672165, 10.8596496582, 43.2313041687, 118.818473816, 38.9462242126, 4.74831104279], [-366.455505371, -39.4257698059, 70.3845367432, -12.5553388596, -59.8382797241, -56.952507019, -7.33133554459, 1.32934880257, 28.7547359467, 9.96681022644, 38.9462242126, 105.650123596, 28.2977104187], [-71.8560409546, -6.94359254837, -3.19332075119, -31.3537540436, -8.62121391296, -4.43832492828, -4.50990056992, 15.4187917709, -4.38907766342, 5.58033275604, 4.74831104279, 28.2977104187, 72.0053863525]],
        "icov": [[0.000555697712116, -0.000811000703834, 0.00147106021177, -0.00133216031827, 0.00118467281573, -0.000936596596148, 0.000876543403137, -0.000508529599756, 0.000390873086872, -0.000138932504342, -0.000819959270302, 0.000948835804593, -7.48117017793e-05], [-0.000811000703834, 0.00498103769496, -0.0032240843866, 0.00314871547744, -0.00412171846256, 0.00234440597706, -0.00403635390103, 0.00371684646234, -0.00348762213252, 0.00379412528127, -0.00092781643616, 0.00151608674787, -0.0015398634132], [0.00147106021177, -0.0032240843866, 0.00662600854412, -0.00360344583169, 0.00414997478947, -0.00290586939082, 0.00350048276596, -0.00223718071356, 0.00155302707572, -0.00162527582143, -0.000341151928296, -0.000377005693736, 0.00128923065495], [-0.00133216031827, 0.00314871547744, -0.00360344583169, 0.00667313905433, -0.00392252532765, 0.0018065610202, -0.0020145655144, 0.00196348014288, -0.00249777268618, 0.00247638486326, 0.00266981078312, -0.00254970020615, 0.00129703409038], [0.00118467281573, -0.00412171846256, 0.00414997478947, -0.00392252532765, 0.00788460858166, -0.00281766080298, 0.00229851622134, -0.00229464028962, 0.00194986711722, -0.00203400431201, 0.00106070691254, 0.00168948387727, 0.000209039688343], [-0.000936596596148, 0.00234440597706, -0.00290586939082, 0.0018065610202, -0.00281766080298, 0.00745819509029, -0.00286748167127, -0.000195020751562, 0.00169670418836, 0.000580835388973, 0.00207787635736, 0.000850664044265, -0.000479211390484], [0.000876543403137, -0.00403635390103, 0.00350048276596, -0.0020145655144, 0.00229851622134, -0.00286748167127, 0.0104877017438, -0.00396949239075, 0.0042464165017, -0.00367989204824, -0.0003089759266, -0.00191794405691, 0.00268699321896], [-0.000508529599756, 0.00371684646234, -0.00223718071356, 0.00196348014288, -0.00229464028962, -0.000195020751562, -0.00396949239075, 0.0132026067004, -0.00579167809337, 0.00342053500935, -0.00286701484583, 0.00297753582709, -0.00435501383618], [0.000390873086872, -0.00348762213252, 0.00155302707572, -0.00249777268618, 0.00194986711722, 0.00169670418836, 0.0042464165017, -0.00579167809337, 0.0148555701599, -0.00603094277903, 0.00245212437585, -0.00427918415517, 0.00377210183069], [-0.000138932504342, 0.00379412528127, -0.00162527582143, 0.00247638486326, -0.00203400431201, 0.000580835388973, -0.00367989204824, 0.00342053500935, -0.00603094277903, 0.0147871570662, -0.00542121659964, 0.00414807442576, -0.0027234822046], [-0.000819959270302, -0.00092781643616, -0.000341151928296, 0.00266981078312, 0.00106070691254, 0.00207787635736, -0.0003089759266, -0.00286701484583, 0.00245212437585, -0.00542121659964, 0.0161312092096, -0.00801591575146, 0.00374538567849], [0.000948835804593, 0.00151608674787, -0.000377005693736, -0.00254970020615, 0.00168948387727, 0.000850664044265, -0.00191794405691, 0.00297753582709, -0.00427918415517, 0.00414807442576, -0.00801591575146, 0.0205664504319, -0.00867309328169], [-7.48117017793e-05, -0.0015398634132, 0.00128923065495, 0.00129703409038, 0.000209039688343, -0.000479211390484, 0.00268699321896, -0.00435501383618, 0.00377210183069, -0.0027234822046, 0.00374538567849, -0.00867309328169, 0.0189854800701]]
    },
    "melbands": {
        "dmean": [9.08544097911e-05, 0.000205187447136, 0.000169285107404, 0.000223835551878, 0.000226986754569, 0.000198475114303, 0.000600380066317, 0.000172480271431, 9.04222542886e-05, 0.000104904473119, 7.79819310992e-05, 9.79356263997e-05, 4.51147898275e-05, 4.56515663245e-05, 3.55634801963e-05, 2.8352076697e-05, 2.00410540856e-05, 5.29051176272e-05, 2.8738490073e-05, 1.36742119139e-05, 1.07720716187e-05, 6.61783542455e-06, 7.53749691285e-06, 7.03765454091e-06, 6.15689441474e-06, 4.72851297673e-06, 4.41291786046e-06, 6.53677761875e-06, 5.16534782946e-06, 2.25928215514e-06, 1.83995609859e-06, 1.56249825523e-06, 1.10420864985e-06, 8.712773365e-07, 7.51459424464e-07, 6.15161241058e-07, 3.82712983082e-07, 2.684604965e-07, 1.63703376188e-07, 6.20702635956e-08],
        "dmean2": [0.000153810542542, 0.000338248501066, 0.000279210420558, 0.000361657585017, 0.000374078779714, 0.000313467229716, 0.000946781423409, 0.000262946967268, 0.000140565243782, 0.000161683070473, 0.00011621388694, 0.000144803329022, 6.83446487528e-05, 6.4258252678e-05, 5.41786102985e-05, 4.17077135353e-05, 3.09560164169e-05, 7.8324606875e-05, 4.25807374995e-05, 2.06391505344e-05, 1.7136670067e-05, 1.06545703602e-05, 1.23787567645e-05, 1.09360644274e-05, 9.6924159152e-06, 7.49730043026e-06, 7.07076287654e-06, 1.00346060208e-05, 7.97051234258e-06, 3.59453451892e-06, 2.95565064334e-06, 2.53547159446e-06, 1.75661318735e-06, 1.39826511258e-06, 1.16289675134e-06, 9.48305114434e-07, 5.80657228966e-07, 4.03887639777e-07, 2.46246145252e-07, 9.40572562058e-08],
        "dvar": [1.39365710083e-08, 1.27373041892e-07, 9.00364227618e-08, 1.1579495407e-07, 1.99529139877e-07, 2.05409676823e-07, 1.50780510921e-06, 1.29626670287e-07, 7.55510498607e-08, 1.37993012572e-07, 9.24680847447e-08, 1.09939776394e-07, 1.63423159449e-08, 2.41088518038e-08, 1.16489369262e-08, 1.02059436458e-08, 3.89840337789e-09, 3.01185210105e-08, 1.36121913741e-08, 4.10443812271e-09, 1.18054754861e-09, 4.21826462649e-10, 4.67526906078e-10, 3.64897612126e-10, 2.90436508177e-10, 1.74268516284e-10, 1.99737365536e-10, 3.52599421882e-10, 2.39619879494e-10, 8.08557526488e-11, 6.64010998963e-11, 5.17525432231e-11, 2.8018644696e-11, 1.81625322421e-11, 1.39068669774e-11, 7.78897345927e-12, 1.55033462197e-12, 8.01787726924e-13, 4.13780175488e-13, 1.99966982534e-13],
        "dvar2": [3.86149601184e-08, 3.30691278805e-07, 2.4171606583e-07, 2.94124816946e-07, 5.32642445705e-07, 4.457220939e-07, 4.12895587942e-06, 2.82461314782e-07, 1.71498570012e-07, 3.38028229407e-07, 1.9447708155e-07, 2.19722366523e-07, 3.54417046822e-08, 3.95553882981e-08, 2.3889182188e-08, 2.03898729012e-08, 8.33224156338e-09, 6.1364644921e-08, 2.87820522971e-08, 8.05815769667e-09, 2.73053601951e-09, 1.04058661687e-09, 1.1341607653e-09, 8.38166813732e-10, 6.58189669434e-10, 4.12514550296e-10, 5.23092624771e-10, 8.18041634432e-10, 5.28244947784e-10, 2.00374411508e-10, 1.70549338541e-10, 1.27984442488e-10, 6.95345725443e-11, 4.4437828417e-11, 3.18364501428e-11, 1.92789534337e-11, 3.54772266252e-12, 1.89471572112e-12, 9.53998165187e-13, 4.64246696641e-13],
        "max": [0.00163027155213, 0.00857829302549, 0.00632806448266, 0.00993943028152, 0.0102097569034, 0.0131377093494, 0.0251581985503, 0.0130655923858, 0.00960940867662, 0.011170161888, 0.00847930181772, 0.0115111423656, 0.00387226697057, 0.00365358428098, 0.00362127483822, 0.0023430166766, 0.00162770820316, 0.00370332458988, 0.00425666337833, 0.00210342183709, 0.00138512754347, 0.000420190743171, 0.00072058517253, 0.000633324612863, 0.000365745014278, 0.000501398055349, 0.000438244635006, 0.000439465919044, 0.000438649643911, 0.000300516723655, 0.000274990219623, 0.000352881383151, 0.000180475108209, 0.000119084288599, 0.000178348374902, 0.000139293420943, 3.060358722e-05, 3.60159319825e-05, 2.72197885351e-05, 2.97808910545e-05],
        "mean": [0.000206178490771, 0.000458068097942, 0.000327524758177, 0.000513080158271, 0.000404740276281, 0.000349799258402, 0.00126195023768, 0.000348743720679, 0.000152433931362, 0.000157070724526, 0.000126876577269, 0.000171581239556, 8.34679958643e-05, 7.4393588875e-05, 5.96936224611e-05, 4.08851265092e-05, 2.90966781904e-05, 8.20934365038e-05, 3.87688742194e-05, 1.9028366296e-05, 1.80668121175e-05, 1.05513772723e-05, 1.17717354442e-05, 1.13204887384e-05, 9.65501749306e-06, 7.93849540059e-06, 7.22357162886e-06, 1.07200294224e-05, 8.66568916535e-06, 3.56418308911e-06, 2.5873530376e-06, 2.0627462618e-06, 1.40370877943e-06, 1.18169350571e-06, 1.09161510409e-06, 8.97976747183e-07, 6.05536683906e-07, 4.43438324282e-07, 2.64826269358e-07, 8.87613680334e-08],
        "median": [0.000160421914188, 0.000289889401756, 0.000189178274013, 0.000286621536361, 0.000199139700271, 0.000180707167601, 0.00043487464427, 0.000171991385287, 5.38650965609e-05, 4.23541969212e-05, 3.78497279598e-05, 4.37031812908e-05, 1.77917681867e-05, 1.38512596095e-05, 1.37161541716e-05, 9.56857184065e-06, 6.31240482107e-06, 9.73702299234e-06, 6.96286087987e-06, 4.9465347729e-06, 5.22504478795e-06, 3.40922110809e-06, 4.12864665122e-06, 3.1410986594e-06, 2.83257259071e-06, 2.77020603789e-06, 2.49038862421e-06, 2.64334971689e-06, 1.75515469891e-06, 9.34518197937e-07, 6.4836257252e-07, 4.29665306001e-07, 3.13315723588e-07, 2.97019937534e-07, 2.76349112482e-07, 2.24245127356e-07, 1.55253118805e-07, 1.11729953289e-07, 6.10641279764e-08, 1.40851810215e-08],
        "min": [1.0064497463e-24, 2.31626482839e-24, 1.74961184068e-24, 1.40681548976e-24, 3.04924381316e-24, 3.89162360599e-24, 1.55428041421e-24, 4.1547114789e-24, 2.2625388648e-24, 3.17164287957e-24, 3.72867531412e-24, 4.44262638221e-24, 2.57006406135e-24, 4.42861029608e-24, 3.07813919648e-24, 4.57964599942e-24, 4.2071876896e-24, 5.0033455582e-24, 4.88566171064e-24, 6.24911509415e-24, 3.50888249428e-24, 5.30812867425e-24, 5.43541098688e-24, 5.9164457451e-24, 5.0257815512e-24, 6.65434071382e-24, 6.40222589611e-24, 6.62219305421e-24, 5.65399961055e-24, 4.82872212493e-24, 5.45813491411e-24, 6.32539005508e-24, 7.65929586453e-24, 6.9984394741e-24, 7.80953600165e-24, 6.39157469617e-24, 7.04443479804e-24, 6.5974800142e-24, 7.24335711934e-24, 8.35142033467e-24],
        "var": [3.63928229774e-08, 2.99634052681e-07, 1.72813329868e-07, 4.46227261364e-07, 3.95521738028e-07, 3.93386642372e-07, 3.93105165131e-06, 2.78423499367e-07, 1.28598429683e-07, 1.80162928132e-07, 1.5228421546e-07, 2.63645119958e-07, 4.11391063437e-08, 6.3156157637e-08, 2.94405761991e-08, 1.58506132664e-08, 6.5906822222e-09, 6.33684820173e-08, 1.97118588119e-08, 6.3203553502e-09, 3.31896710115e-09, 7.01602831388e-10, 7.49406481315e-10, 6.208926151e-10, 4.59566357192e-10, 3.45791006939e-10, 2.44078451894e-10, 6.07125405505e-10, 4.97958008161e-10, 1.17807139044e-10, 7.2794881234e-11, 6.26282428695e-11, 3.15428481945e-11, 1.98647712862e-11, 1.57876489659e-11, 8.55831811669e-12, 2.51693024061e-12, 1.36473709937e-12, 6.9205746819e-13, 2.79802331478e-13]
    },
    "mfcc": {
        "mean": [-675.843383789, 136.736633301, -4.26933574677, 25.2616062164, -13.4637031555, -2.21138811111, -8.62500572205, -3.92673301697, -8.28630065918, 5.09880018234, -7.54977035522, 4.18661737442, -0.66041892767],
        "cov": [[7585.7109375, -877.278625488, -814.596313477, 245.797042847, 168.649856567, 325.741790771, 248.496322632, 223.316146851, -87.2405395508, 239.17539978, -86.2974395752, 57.6016464233, -216.553039551], [-877.278625488, 916.404602051, -97.7435379028, -34.4110183716, 25.7917804718, 2.82309389114, 67.2331085205, -16.5868396759, 36.8826637268, 0.896873831749, 20.5708560944, -21.8912963867, 15.0431213379], [-814.596313477, -97.7435379028, 499.303344727, -19.0971298218, -43.1004714966, -36.9675750732, -95.9690628052, 2.42968034744, -20.8792915344, -51.4849357605, -5.24278831482, 14.9572486877, 48.0235290527], [245.797042847, -34.4110183716, -19.0971298218, 306.915985107, 73.6390609741, 44.1905670166, -63.1825714111, 43.718006134, 9.39670753479, -16.3109264374, -24.2871360779, 25.613527298, 0.772655129433], [168.649856567, 25.7917804718, -43.1004714966, 73.6390609741, 232.977355957, 64.2045440674, -2.17513656616, 31.1290416718, 39.0769538879, 15.8597364426, -18.827041626, -25.7332229614, -56.6463661194], [325.741790771, 2.82309389114, -36.9675750732, 44.1905670166, 64.2045440674, 196.188308716, 62.3042755127, 28.2965698242, 30.1241874695, 4.03341436386, 8.12965488434, -38.81300354, -39.9848976135], [248.496322632, 67.2331085205, -95.9690628052, -63.1825714111, -2.17513656616, 62.3042755127, 220.362854004, 16.3036499023, 29.365486145, 21.1022548676, 12.0183362961, -30.3494567871, -18.4148349762], [223.316146851, -16.5868396759, 2.42968034744, 43.718006134, 31.1290416718, 28.2965698242, 16.3036499023, 125.697349548, 12.013299942, 4.92694664001, -24.6701831818, 6.47914361954, -11.7953176498], [-87.2405395508, 36.8826637268, -20.8792915344, 9.39670753479, 39.0769538879, 30.1241874695, 29.365486145, 12.013299942, 121.128852844, 3.81480646133, 11.5928049088, -24.261089325, -10.7826662064], [239.17539978, 0.896873831749, -51.4849357605, -16.3109264374, 15.8597364426, 4.03341436386, 21.1022548676, 4.92694664001, 3.81480646133, 109.240104675, 1.24776434898, 6.27131080627, -32.9872055054], [-86.2974395752, 20.5708560944, -5.24278831482, -24.2871360779, -18.827041626, 8.12965488434, 12.0183362961, -24.6701831818, 11.5928049088, 1.24776434898, 101.99874115, 10.8415174484, 9.4972858429], [57.6016464233, -21.8912963867, 14.9572486877, 25.613527298, -25.7332229614, -38.81300354, -30.3494567871, 6.47914361954, -24.261089325, 6.27131080627, 10.8415174484, 104.996833801, 37.0754089355], [-216.553039551, 15.0431213379, 48.0235290527, 0.772655129433, -56.6463661194, -39.9848976135, -18.4148349762, -11.7953176498, -10.7826662064, -32.9872055054, 9.4972858429, 37.0754089355, 119.427314758]],
