{
"lowlevel": {
    "average_loudness": 0.724115550518,
    "barkbands_crest": {
        "dmean": 2.5188472271,
        "dmean2": 4.08456659317,
        "dvar": 5.38602018356,
        "dvar2": 13.1016321182,
        "max": 26.8627910614,
        "mean": 9.8116350174,
        "median": 8.85670375824,
        "min": 2.1677479744,
        "var": 18.9296302795
    },
    "barkbands_flatness_db": {
        "dmean": 0.0216270983219,
        "dmean2": 0.0323958620429,
        "dvar": 0.000450852996437,
        "dvar2": 0.000886835274287,
        "max": 0.48206025362,
        "mean": 0.173703819513,
        "median": 0.169703528285,
        "min": 0.0199767816812,
        "var": 0.00271825864911
    },
    "barkbands_kurtosis": {
        "dmean": 3.10885429382,
        "dmean2": 4.86344194412,
        "dvar": 140.281295776,
        "dvar2": 318.257385254,
        "max": 930.705993652,
        "mean": 4.70547246933,
        "median": 1.80357789993,
        "min": -1.93230760098,
        "var": 194.166015625
    },
    "barkbands_skewness": {
        "dmean": 0.529887676239,
        "dmean2": 0.795410037041,
        "dvar": 0.410395890474,
        "dvar2": 0.846910893917,
        "max": 30.1598453522,
        "mean": 1.34694159031,
        "median": 1.21891021729,
        "min": -5.33308839798,
        "var": 1.70443713665
    },
    "barkbands_spread": {
        "dmean": 4.31619405746,
        "dmean2": 6.50766944885,
        "dvar": 40.0181045532,
        "dvar2": 78.8482284546,
        "max": 149.135269165,
        "mean": 16.1975460052,
        "median": 13.107416153,
        "min": 0.407360643148,
        "var": 152.802536011
    },
    "dissonance": {
        "dmean": 0.0245686564595,
        "dmean2": 0.0403699092567,
        "dvar": 0.000704099948052,
        "dvar2": 0.00174897140823,
        "max": 0.500000178814,
        "mean": 0.451004594564,
        "median": 0.462062507868,
        "min": 0.147013887763,
        "var": 0.00176129478496
    },
    "dynamic_complexity": 4.88714313507,
    "erbbands_crest": {
        "dmean": 2.90428042412,
        "dmean2": 4.64080095291,
        "dvar": 7.89061975479,
        "dvar2": 18.1971092224,
        "max": 32.093421936,
        "mean": 10.5736293793,
        "median": 9.1993560791,
        "min": 1.91693353653,
        "var": 28.7280197144
    },
    "erbbands_flatness_db": {
        "dmean": 0.019239647314,
        "dmean2": 0.0271915793419,
        "dvar": 0.000385781255318,
        "dvar2": 0.000663492712192,
        "max": 0.392194449902,
        "mean": 0.211010023952,
        "median": 0.207782685757,
        "min": 0.048105083406,
        "var": 0.00268182717264
    },
    "erbbands_kurtosis": {
        "dmean": 1.47377038002,
        "dmean2": 2.30235219002,
        "dvar": 8.2577829361,
        "dvar2": 18.5222263336,
        "max": 114.125152588,
        "mean": 1.60445654392,
        "median": 0.338611602783,
        "min": -1.88358652592,
        "var": 20.3305625916
    },
    "erbbands_skewness": {
        "dmean": 0.438191473484,
        "dmean2": 0.657031834126,
        "dvar": 0.212075129151,
        "dvar2": 0.429323345423,
        "max": 9.57528209686,
        "mean": 0.57641929388,
        "median": 0.543042004108,
        "min": -5.26190137863,
        "var": 0.939747929573
    },
    "erbbands_spread": {
        "dmean": 6.64271593094,
        "dmean2": 10.1024456024,
        "dvar": 73.5780105591,
        "dvar2": 162.690124512,
        "max": 133.246047974,
        "mean": 29.1997509003,
        "median": 26.2886829376,
        "min": 2.10428929329,
        "var": 303.496154785
    },
    "hfc": {
        "dmean": 4.64178037643,
        "dmean2": 6.22574901581,
        "dvar": 66.5445709229,
        "dvar2": 110.445823669,
        "max": 302.060455322,
        "mean": 14.526761055,
        "median": 8.56165504456,
        "min": 1.14247446584e-16,
        "var": 285.351715088
    },
    "melbands_crest": {
        "dmean": 3.07897305489,
        "dmean2": 4.98174095154,
        "dvar": 7.70871543884,
        "dvar2": 19.1821155548,
        "max": 39.9086532593,
        "mean": 12.5208940506,
        "median": 11.4230985641,
        "min": 1.50408864021,
        "var": 28.502166748
    },
    "melbands_flatness_db": {
        "dmean": 0.0234792437404,
        "dmean2": 0.0342212989926,
        "dvar": 0.000606508227065,
        "dvar2": 0.001130416058,
        "max": 0.493884891272,
        "mean": 0.200327068567,
        "median": 0.196347177029,
        "min": 0.00246288091876,
        "var": 0.00449110893533
    },
    "melbands_kurtosis": {
        "dmean": 4.98303604126,
        "dmean2": 7.87551021576,
        "dvar": 433.870391846,
        "dvar2": 1064.41577148,
        "max": 1676.32312012,
        "mean": 9.13639831543,
        "median": 4.78317832947,
        "min": -1.93564903736,
        "var": 536.139282227
    },
    "melbands_skewness": {
        "dmean": 0.594208955765,
        "dmean2": 0.904285848141,
        "dvar": 0.51048129797,
        "dvar2": 1.11915040016,
        "max": 39.0864105225,
        "mean": 1.8941835165,
        "median": 1.72429573536,
        "min": -2.13617396355,
        "var": 2.34090590477
    },
    "melbands_spread": {
        "dmean": 6.59479284286,
        "dmean2": 9.90905094147,
        "dvar": 149.370803833,
        "dvar2": 282.104370117,
        "max": 262.069000244,
        "mean": 21.7842559814,
        "median": 17.1919136047,
        "min": 0.305905729532,
        "var": 462.259002686
    },
    "pitch_salience": {
        "dmean": 0.0686811730266,
        "dmean2": 0.110215380788,
        "dvar": 0.00371287553571,
        "dvar2": 0.00915518309921,
        "max": 0.936496853828,
        "mean": 0.610912561417,
        "median": 0.624507188797,
        "min": 0.00922414939851,
        "var": 0.0153296003118
    },
    "silence_rate_20dB": {
        "dmean": 0,
        "dmean2": 0,
        "dvar": 0,
        "dvar2": 0,
        "max": 1,
        "mean": 1,
        "median": 1,
        "min": 1,
        "var": 0
    },
    "silence_rate_30dB": {
        "dmean": 0.00523118441924,
        "dmean2": 0.0104632517323,
        "dvar": 0.00520329829305,
        "dvar2": 0.0133903501555,
        "max": 1,
        "mean": 0.99519109726,
        "median": 1,
        "min": 0,
        "var": 0.00478557404131
    },
    "silence_rate_60dB": {
        "dmean": 0.0541680715978,
        "dmean2": 0.108345285058,
        "dvar": 0.0512298718095,
        "dvar2": 0.109586402774,
        "max": 1,
        "mean": 0.205939427018,
        "median": 0,
        "min": 0,
        "var": 0.163492515683
    },
    "spectral_centroid": {
        "dmean": 225.179244995,
        "dmean2": 334.649993896,
        "dvar": 101508.835938,
        "dvar2": 181930.96875,
        "max": 11597.9599609,
        "mean": 1218.63244629,
        "median": 1083.96557617,
        "min": 204.566802979,
        "var": 507079.75
    },
    "spectral_complexity": {
        "dmean": 2.71110367775,
        "dmean2": 4.10783910751,
        "dvar": 8.14806747437,
        "dvar2": 17.2557964325,
        "max": 48,
        "mean": 14.5525178909,
        "median": 14,
        "min": 0,
        "var": 73.0251693726
    },
    "spectral_decrease": {
        "dmean": 1.4455623365e-09,
        "dmean2": 2.05202099757e-09,
        "dvar": 6.02021263995e-18,
        "dvar2": 1.08610270266e-17,
        "max": 7.06096232532e-29,
        "mean": -4.33439550918e-09,
        "median": -2.72891020892e-09,
        "min": -7.29324014515e-08,
        "var": 2.31969915317e-17
    },
    "spectral_energy": {
        "dmean": 0.0058198175393,
        "dmean2": 0.00823152437806,
        "dvar": 9.74004069576e-05,
        "dvar2": 0.000174294676981,
        "max": 0.302661567926,
        "mean": 0.017676608637,
        "median": 0.0112222470343,
        "min": 1.02672169868e-20,
        "var": 0.000381554214982
    },
    "spectral_energyband_high": {
        "dmean": 0.000163735050592,
        "dmean2": 0.000224407747737,
        "dvar": 3.41476351196e-07,
        "dvar2": 5.6930628034e-07,
        "max": 0.0198675245047,
        "mean": 0.000342946412275,
        "median": 0.000116182251077,
        "min": 7.22691545316e-21,
        "var": 8.81260746155e-07
    },
    "spectral_energyband_low": {
        "dmean": 0.000554775528144,
        "dmean2": 0.000916663906537,
        "dvar": 1.01029581856e-06,
        "dvar2": 2.64150389739e-06,
        "max": 0.027260851115,
        "mean": 0.000994684291072,
        "median": 0.000536367180757,
        "min": 4.26192864108e-23,
        "var": 2.02728642762e-06
    },
    "spectral_energyband_middle_high": {
        "dmean": 0.00177950842772,
        "dmean2": 0.00245722872205,
        "dvar": 2.1334613848e-05,
        "dvar2": 4.06518702221e-05,
        "max": 0.251652956009,
        "mean": 0.00483602099121,
        "median": 0.00214607198723,
        "min": 1.40908591664e-21,
        "var": 6.3632025558e-05
    },
    "spectral_energyband_middle_low": {
        "dmean": 0.00486398581415,
        "dmean2": 0.00711769610643,
        "dvar": 7.36663205316e-05,
        "dvar2": 0.000147689148434,
        "max": 0.166543707252,
        "mean": 0.0123204635456,
        "median": 0.00712910760194,
        "min": 2.30355689452e-22,
        "var": 0.000232834354392
    },
    "spectral_entropy": {
        "dmean": 0.165546894073,
        "dmean2": 0.239950612187,
        "dvar": 0.0379762426019,
        "dvar2": 0.0653573721647,
        "max": 9.82878017426,
        "mean": 7.35527944565,
        "median": 7.39655208588,
        "min": 4.69968271255,
        "var": 0.252539753914
    },
    "spectral_flux": {
        "dmean": 0.0184754822403,
        "dmean2": 0.028743121773,
        "dvar": 0.000592946307734,
        "dvar2": 0.00130866107065,
        "max": 0.528520941734,
        "mean": 0.0643408969045,
        "median": 0.0573674328625,
        "min": 6.47640899243e-11,
        "var": 0.00196541287005
    },
    "spectral_kurtosis": {
        "dmean": 2.26548171043,
        "dmean2": 3.79704141617,
        "dvar": 6.92798948288,
        "dvar2": 18.4871444702,
        "max": 62.4560470581,
        "mean": 5.76797294617,
        "median": 4.45892000198,
        "min": -1.28819847107,
        "var": 23.8381233215
    },
    "spectral_rms": {
        "dmean": 0.000624924316071,
        "dmean2": 0.000868908595294,
        "dvar": 6.15801639015e-07,
        "dvar2": 9.98700102173e-07,
        "max": 0.0171837005764,
        "mean": 0.00358655815944,
        "median": 0.0033088568598,
        "min": 3.16493250878e-12,
        "var": 4.38206961917e-06
    },
    "spectral_rolloff": {
        "dmean": 401.518188477,
        "dmean2": 658.171264648,
        "dvar": 676272.625,
        "dvar2": 1308260.5,
        "max": 19229.1503906,
        "mean": 1525.8392334,
        "median": 1184.32617188,
        "min": 21.533203125,
        "var": 2241087.25
    },
    "spectral_skewness": {
        "dmean": 0.286691367626,
        "dmean2": 0.453271090984,
        "dvar": 0.0897326096892,
        "dvar2": 0.195472463965,
        "max": 5.96720552444,
        "mean": 1.69067680836,
        "median": 1.54749310017,
        "min": -0.385508477688,
        "var": 0.572339475155
    },
    "spectral_spread": {
        "dmean": 400984.125,
        "dmean2": 572589.75,
        "dvar": 367144697856,
        "dvar2": 656048848896,
        "max": 41721644,
        "mean": 3815572.5,
        "median": 3462220.75,
        "min": 1145898.375,
        "var": 2.79258123469e+12
    },
    "spectral_strongpeak": {
        "dmean": 0.573748707771,
        "dmean2": 0.90567022562,
        "dvar": 0.659107327461,
        "dvar2": 1.48352408409,
        "max": 16.8185005188,
        "mean": 1.27622771263,
        "median": 0.702777087688,
        "min": 0,
        "var": 2.26595759392
    },
    "zerocrossingrate": {
        "dmean": 0.00879643671215,
        "dmean2": 0.00969541724771,
        "dvar": 0.000218696179218,
        "dvar2": 0.000193287996808,
        "max": 0.81787109375,
        "mean": 0.0585940778255,
        "median": 0.04931640625,
        "min": 0,
        "var": 0.00178531045094
    },
    "barkbands": {
        "dmean": [4.91704940941e-06, 9.92983186734e-05, 0.000336560129654, 0.000558074330911, 0.00135608064011, 0.00136146170553, 0.00119137705769, 0.000983552308753, 0.00143512734212, 0.000895159028005, 0.000430092390161, 0.000355816242518, 0.000413964007748, 0.000335088843713, 0.00019940934726, 0.000128562940517, 0.000146499514813, 0.000128076106193, 7.82381175668e-05, 6.67637286824e-05, 5.51776101929e-05, 4.88533551106e-05, 3.48656030837e-05, 1.42923781823e-05, 6.96004190104e-06, 4.57729498748e-07, 7.88436815835e-10],
        "dmean2": [8.6943136921e-06, 0.000168038750417, 0.000562083441764, 0.000927060842514, 0.00218936079182, 0.00214332831092, 0.00183269067202, 0.00151208112948, 0.00212065759115, 0.00128536543343, 0.00064971629763, 0.00054913025815, 0.000644655199721, 0.00051501521375, 0.000309489230858, 0.000204244774068, 0.000233126702369, 0.000206811382668, 0.000123730642372, 0.000102632860944, 8.28547636047e-05, 7.34030691092e-05, 4.97278051625e-05, 1.95360225916e-05, 8.98381586012e-06, 6.72443206895e-07, 1.44701473026e-09],
        "dvar": [8.45150338602e-11, 3.84582037327e-08, 4.4395071086e-07, 1.32050274715e-06, 8.82963740878e-06, 1.24403823065e-05, 7.50669778427e-06, 1.75533441507e-05, 2.41058314714e-05, 1.41824693856e-05, 2.66180518338e-06, 1.2546297512e-06, 1.65101471339e-06, 1.30259650177e-06, 4.22643182674e-07, 8.14078759959e-08, 1.0374853332e-07, 1.7084445858e-07, 2.43467415117e-08, 1.69798592964e-08, 3.77838773602e-08, 6.8071194903e-08, 4.60205917818e-08, 5.0641353333e-09, 8.17727219271e-10, 3.62664802703e-12, 4.64597240697e-18],
        "dvar2": [2.40461400791e-10, 1.06507954456e-07, 1.17661477361e-06, 3.27343695972e-06, 2.16234839172e-05, 2.55351278611e-05, 1.55149773491e-05, 4.05316022807e-05, 5.13123450219e-05, 2.75263791991e-05, 5.66464723306e-06, 2.82575570054e-06, 3.64446827916e-06, 2.85581927528e-06, 8.37239440443e-07, 1.89273436035e-07, 2.57339536347e-07, 4.75923883414e-07, 5.80670942441e-08, 3.82218594552e-08, 7.80530271527e-08, 1.47974361653e-07, 8.8259575648e-08, 8.65881855105e-09, 1.13735920682e-09, 6.25037435004e-12, 1.32663995919e-17],
        "max": [0.000161377247423, 0.00805369019508, 0.0140214273706, 0.0304034203291, 0.10186932981, 0.149713680148, 0.0686695501208, 0.143960759044, 0.106934592128, 0.192765250802, 0.102499105036, 0.03377398476, 0.0617707371712, 0.0368354693055, 0.0353262089193, 0.00930361356586, 0.0105082597584, 0.0269521567971, 0.00357588822953, 0.00413262611255, 0.0104312077165, 0.0146868610755, 0.00751566980034, 0.00271294522099, 0.00176601111889, 0.000120054792205, 9.07484647428e-08],
        "mean": [4.86246108267e-06, 0.000141821365105, 0.00052738020895, 0.000839323096443, 0.00236616306938, 0.00232960470021, 0.00193659996148, 0.00134602980688, 0.00247341440991, 0.0015314205084, 0.000682317302562, 0.000598064390942, 0.000816433574073, 0.000522017071489, 0.000315816752845, 0.000207374338061, 0.000252933765296, 0.000227882919717, 0.000150503503392, 0.000131211214466, 0.00010557002679, 7.9345125414e-05, 5.32005178684e-05, 2.41643483605e-05, 1.23577092381e-05, 7.97262714514e-07, 6.80476230919e-10],
        "median": [1.7896988993e-06, 6.54838877381e-05, 0.000191431463463, 0.000347925670212, 0.00098817399703, 0.000758935755584, 0.00072503258707, 0.000247846823186, 0.000387201434933, 0.000202604540391, 0.000156894413522, 0.000132396889967, 0.000123521560454, 0.000105792678369, 0.000104187049146, 7.90693011368e-05, 0.000108561776869, 8.29740893096e-05, 6.34997413727e-05, 5.57008861506e-05, 3.58373072231e-05, 1.75142504304e-05, 8.68472579896e-06, 4.56842417407e-06, 2.35881680055e-06, 1.91949794726e-07, 2.35455765996e-10],
        "min": [1.27167346011e-24, 8.27300203866e-24, 3.25394335731e-24, 1.15077198696e-23, 1.27968526951e-23, 1.47905235059e-23, 2.04559726437e-23, 1.7902693373e-23, 3.83678941116e-23, 5.4668609779e-23, 3.42583768683e-23, 3.40220436075e-23, 3.8001667014e-23, 5.46770285026e-23, 6.83075667573e-23, 8.29680796752e-23, 1.53285064485e-22, 1.57578335832e-22, 1.819297904e-22, 2.73142545696e-22, 3.23567418282e-22, 4.00149782526e-22, 3.89674492254e-22, 6.80997795327e-22, 7.65198359726e-22, 1.41607454268e-21, 2.30387592249e-21],
        "var": [7.92053436727e-11, 5.0092172188e-08, 8.7102694124e-07, 2.31765852732e-06, 1.92805910046e-05, 3.03699343931e-05, 1.63906679518e-05, 2.43471895374e-05, 4.95353669976e-05, 3.46347442246e-05, 5.30901661477e-06, 2.81879169961e-06, 4.95922176924e-06, 2.43047043114e-06, 7.82772644925e-07, 1.48964517166e-07, 2.10099869946e-07, 4.34236682167e-07, 6.13964417084e-08, 4.43691767771e-08, 8.6784929465e-08, 1.08818646538e-07, 8.22847354698e-08, 1.03258432915e-08, 2.25555973898e-09, 7.90341576906e-12, 3.50030409752e-18]
    },
    "erbbands": {
        "dmean": [0.00140676740557, 0.0304149407893, 0.288807213306, 1.07040202618, 3.18113732338, 5.42627716064, 7.13257169724, 12.7520847321, 15.0546321869, 18.7306442261, 22.0590763092, 33.7995185852, 37.0184898376, 16.1258392334, 15.1825218201, 14.2833871841, 15.9374494553, 19.7411727905, 10.4242305756, 8.70289897919, 7.02583408356, 6.54937601089, 8.00749111176, 4.28827142715, 3.4615445137, 2.99675798416, 2.54191207886, 2.12972807884, 1.73714637756, 1.46492397785, 0.915741741657, 0.427030920982, 0.176586091518, 0.0941623821855, 0.0435447543859, 0.00591138703749, 0.000343640014762, 1.36970566018e-05, 3.77370679416e-06, 6.91372088113e-06],
        "dmean2": [0.00236036698334, 0.0512810274959, 0.483133465052, 1.76794207096, 5.28004169464, 8.62650585175, 11.4910783768, 20.0999164581, 23.1429290771, 28.7392730713, 33.5149993896, 49.5623588562, 53.3906211853, 23.8339061737, 22.7640018463, 21.6944084167, 24.6888809204, 29.5324840546, 16.0030288696, 13.2882995605, 11.0019397736, 10.2157077789, 12.8999156952, 6.78966093063, 5.45385360718, 4.58409786224, 3.93032407761, 3.11970734596, 2.59598994255, 2.1067135334, 1.31735515594, 0.599028289318, 0.234810173512, 0.123592212796, 0.0570788197219, 0.00780258700252, 0.000486442819238, 1.86339420907e-05, 5.07430968355e-06, 9.69168740994e-06],
        "dvar": [9.06949571799e-06, 0.00345198344439, 0.319559216499, 4.08738040924, 51.8005599976, 189.888061523, 264.199493408, 1483.25244141, 1398.24560547, 3014.28710938, 9988.04882812, 14201.7763672, 19422.8339844, 5033.14355469, 2235.65283203, 1857.72937012, 2038.28503418, 3746.18432617, 1438.90722656, 651.277099609, 189.416885376, 173.029998779, 729.660217285, 89.4280853271, 43.6615562439, 35.466091156, 47.9059028625, 110.99432373, 62.7238922119, 65.2641983032, 32.6796264648, 5.52299213409, 0.618888258934, 0.142502263188, 0.0342552252114, 0.000695288821589, 8.18776811684e-07, 1.22462551211e-09, 4.34608495026e-11, 1.31832753048e-10],
        "dvar2": [2.46206782322e-05, 0.00949164759368, 0.850312113762, 10.5120773315, 129.484207153, 433.251617432, 595.440734863, 3050.93579102, 2860.18383789, 6547.80029297, 23562.3496094, 30152.0703125, 38308.6054688, 10870.5136719, 4728.77832031, 3969.99951172, 4763.20361328, 7952.37744141, 3107.50952148, 1358.89941406, 440.965026855, 409.844665527, 2039.91357422, 220.780181885, 104.324317932, 82.1222915649, 115.961807251, 231.50491333, 124.75440979, 126.260757446, 63.7284049988, 9.84833049774, 1.05580580235, 0.213158532977, 0.0481792502105, 0.000966791529208, 1.21608036352e-06, 1.69345903966e-09, 6.79653625046e-11, 2.33490921042e-10],
        "max": [0.125005975366, 2.17979335785, 9.91471099854, 51.3165855408, 173.275558472, 500.796966553, 484.508972168, 1939.20751953, 1220.76147461, 1726.28100586, 3873.26635742, 3223.03930664, 4791.38964844, 3143.38500977, 1964.10974121, 1252.87512207, 1427.98815918, 2175.07641602, 1803.18823242, 1497.61791992, 385.9503479, 379.972839355, 1927.89160156, 206.90423584, 167.294799805, 165.631988525, 243.517227173, 574.84375, 322.68927002, 255.295379639, 235.240234375, 98.5484161377, 35.4986953735, 17.9452781677, 14.4507427216, 2.46532678604, 0.0728789120913, 0.00280242506415, 0.000295826874208, 0.000364602339687],
        "mean": [0.00199964642525, 0.0467958189547, 0.473164767027, 1.7784050703, 4.93301391602, 9.07532024384, 11.0643339157, 21.6094245911, 26.2548809052, 28.8517913818, 32.0440673828, 59.3609886169, 69.571723938, 27.4738998413, 27.4501647949, 24.7456130981, 33.0667572021, 36.7011222839, 17.5553321838, 15.1267623901, 12.9531354904, 12.6488256454, 14.5206108093, 8.29185390472, 6.85374879837, 5.90610742569, 4.94959020615, 3.87390446663, 2.89014053345, 2.21493315697, 1.39858436584, 0.689238905907, 0.309113204479, 0.16814494133, 0.0720332860947, 0.00994415488094, 0.000738835311495, 2.98880804621e-05, 1.17440886243e-05, 2.14071860682e-05],
        "median": [0.000868659175467, 0.0228227265179, 0.194941192865, 0.895129084587, 1.86932492256, 3.18002510071, 4.52356863022, 6.42206287384, 9.55301761627, 10.0248298645, 7.95668315887, 10.1849403381, 9.62269496918, 8.09300041199, 5.74146270752, 6.2981672287, 6.6212515831, 7.90879106522, 6.06621551514, 5.89983606339, 6.05770206451, 5.9020652771, 5.43820571899, 3.47465825081, 3.04671883583, 2.61197090149, 1.8843075037, 1.14677965641, 0.682391107082, 0.386550068855, 0.236318588257, 0.123063348234, 0.0623084418476, 0.0322933159769, 0.0139588713646, 0.00442892545834, 0.000178536240128, 1.30801290652e-05, 7.43684358895e-06, 1.3785084775e-05],
        "min": [1.99251560292e-22, 2.81273982544e-21, 6.35473104541e-21, 1.46050902517e-20, 4.96729648033e-20, 3.53562552394e-20, 7.82754874428e-20, 1.30121649586e-19, 2.6858792304e-19, 5.12234489456e-19, 3.7362254174e-19, 7.74480522137e-19, 1.34204626014e-18, 1.79444529582e-18, 1.63831237026e-18, 1.55898543932e-18, 2.06328106285e-18, 1.76836408431e-18, 4.34367635698e-18, 4.15903723655e-18, 6.00486719881e-18, 9.17168681494e-18, 7.84669071178e-18, 9.55285494993e-18, 9.10148565071e-18, 1.26316542771e-17, 1.46463692914e-17, 1.33748760575e-17, 1.34255416972e-17, 1.34263680506e-17, 9.94092011686e-18, 1.3772840922e-17, 1.12959734819e-17, 7.89221046089e-18, 5.76197057502e-18, 4.29986142711e-18, 2.97673847445e-18, 1.01470369819e-18, 3.34273818495e-19, 3.26988308928e-20],
        "var": [1.10697219498e-05, 0.00502858310938, 0.620868682861, 7.34617948532, 98.1061553955, 416.633300781, 492.636413574, 3384.80224609, 3320.96557617, 5331.07958984, 13612.8193359, 27713.4492188, 52885.796875, 8371.43847656, 6261.94287109, 4374.39257812, 6525.63818359, 8284.54882812, 2480.36962891, 1206.89440918, 418.168914795, 448.686187744, 1976.11254883, 220.833938599, 107.367721558, 83.5543670654, 102.778450012, 203.633285522, 116.978485107, 115.38609314, 56.8562088013, 10.0822353363, 1.41453790665, 0.36103746295, 0.0962689742446, 0.00177062279545, 2.27453278967e-06, 3.57245832916e-09, 1.67969624321e-10, 5.3345239337e-10]
    },
    "gfcc": {
        "mean": [-68.9649429321, 114.439079285, -150.318359375, 23.6341094971, -80.2014846802, 1.95893383026, -46.0187454224, -1.8170722723, -23.6584014893, -8.02506065369, -11.5326404572, -14.0612735748, -4.14086532593],
        "cov": [[7722.06396484, 1325.29528809, -1857.40942383, 671.195556641, -463.874786377, -213.6275177, 296.172607422, -331.932067871, 263.819488525, -633.786560059, 317.134674072, -502.850646973, 349.485412598], [1325.29528809, 1357.68481445, -298.744171143, -24.5041770935, 99.217086792, -329.951141357, 205.435516357, -194.969116211, 172.451004028, -291.551147461, 152.050811768, -208.883590698, 62.1567420959], [-1857.40942383, -298.744171143, 1414.06213379, -75.1291122437, 26.2064552307, 26.5044498444, -282.634674072, 215.123443604, -216.360824585, 283.917114258, -244.109481812, 201.939758301, -193.81463623], [671.195556641, -24.5041770935, -75.1291122437, 723.737426758, -31.36353302, -35.9321327209, 63.1559371948, -89.7917938232, 66.3084106445, -151.982803345, 17.1871604919, -56.9241523743, 67.865524292], [-463.874786377, 99.217086792, 26.2064552307, -31.36353302, 305.839813232, 26.1395606995, -15.5177316666, 37.4424667358, -27.7106895447, 47.9814338684, -30.6952514648, 21.5868167877, -29.5071353912], [-213.6275177, -329.951141357, 26.5044498444, -35.9321327209, 26.1395606995, 309.39276123, 26.5759334564, 55.5278663635, -80.0201873779, 79.4334259033, -28.9451694489, 30.7415714264, -21.5749416351], [296.172607422, 205.435516357, -282.634674072, 63.1559371948, -15.5177316666, 26.5759334564, 269.946563721, -70.4395751953, 78.1603012085, -125.196243286, 70.6640014648, -70.2347564697, 16.1798210144], [-331.932067871, -194.969116211, 215.123443604, -89.7917938232, 37.4424667358, 55.5278663635, -70.4395751953, 214.133728027, -59.8867225647, 111.253868103, -78.66065979, 53.1206512451, -30.4830379486], [263.819488525, 172.451004028, -216.360824585, 66.3084106445, -27.7106895447, -80.0201873779, 78.1603012085, -59.8867225647, 178.538131714, -84.5206451416, 59.037689209, -59.327205658, 40.986000061], [-633.786560059, -291.551147461, 283.917114258, -151.982803345, 47.9814338684, 79.4334259033, -125.196243286, 111.253868103, -84.5206451416, 248.207641602, -59.5345306396, 88.3550796509, -68.4607009888], [317.134674072, 152.050811768, -244.109481812, 17.1871604919, -30.6952514648, -28.9451694489, 70.6640014648, -78.66065979, 59.037689209, -59.5345306396, 157.615997314, -31.3318576813, 45.4605560303], [-502.850646973, -208.883590698, 201.939758301, -56.9241523743, 21.5868167877, 30.7415714264, -70.2347564697, 53.1206512451, -59.327205658, 88.3550796509, -31.3318576813, 132.619689941, -26.4473381042], [349.485412598, 62.1567420959, -193.81463623, 67.865524292, -29.5071353912, -21.5749416351, 16.1798210144, -30.4830379486, 40.986000061, -68.4607009888, 45.4605560303, -26.4473381042, 119.365516663]],
        "icov": [[0.000501505797729, -0.000980208395049, 0.000962194462772, -0.00068650720641, 0.00128415424842, -0.000645663938485, 0.000872004311532, -0.00056476786267, 0.000525194802321, -0.000282175518805, 0.000523039023392, -0.000155736794113, 0.000357154582161], [-0.000980208395049, 0.00431374646723, -0.00274037476629, 0.00219791173004, -0.00409743469208, 0.00324722588994, -0.0028620925732, 0.00172708265018, -0.000985244289041, 0.00210955296643, -0.00251099932939, 0.00316888652742, -0.00146586983465], [0.000962194462772, -0.00274037476629, 0.0037664140109, -0.00193729589228, 0.00337978964671, -0.00153187708929, 0.00265886844136, -0.0017179340357, 0.0015847266186, -0.0015397031093, 0.00266743055545, -0.00244989455678, 0.00260037113912], [-0.00068650720641, 0.00219791173004, -0.00193729589228, 0.00295058055781, -0.00240337732248, 0.00136565172579, -0.00163825543132, 0.00144130317494, -0.00106497923844, 0.00185655697715, -0.000978459604084, 0.00144298560917, -0.00159196578898], [0.00128415424842, -0.00409743469208, 0.00337978964671, -0.00240337732248, 0.00785386469215, -0.00290951202624, 0.00291375326924, -0.00217450526543, 0.00156315392815, -0.00224946276285, 0.00287919840775, -0.00263849482872, 0.00218533654697], [-0.000645663938485, 0.00324722588994, -0.00153187708929, 0.00136565172579, -0.00290951202624, 0.00696692476049, -0.00384354544804, 0.000784858129919, 0.00149255548604, -0.000229447934544, -0.00129649194423, 0.00232124282047, -0.0014388365671], [0.000872004311532, -0.0028620925732, 0.00265886844136, -0.00163825543132, 0.00291375326924, -0.00384354544804, 0.00871535204351, -0.00151948840357, -0.000690304033924, 0.00171625928488, 0.00017430128355, -0.00101103959605, 0.00357306725346], [-0.00056476786267, 0.00172708265018, -0.0017179340357, 0.00144130317494, -0.00217450526543, 0.000784858129919, -0.00151948840357, 0.00803174264729, -0.000550305878278, -0.0013582224492, 0.00144742778502, 0.000563469482586, -0.00200970168225], [0.000525194802321, -0.000985244289041, 0.0015847266186, -0.00106497923844, 0.00156315392815, 0.00149255548604, -0.000690304033924, -0.000550305878278, 0.00947429519147, -0.000589230970945, -0.000314650271321, 0.00129641324747, -0.000420821248554], [-0.000282175518805, 0.00210955296643, -0.0015397031093, 0.00185655697715, -0.00224946276285, -0.000229447934544, 0.00171625928488, -0.0013582224492, -0.000589230970945, 0.010526929982, -0.0024297661148, -0.000160825904459, 0.00212472863495], [0.000523039023392, -0.00251099932939, 0.00266743055545, -0.000978459604084, 0.00287919840775, -0.00129649194423, 0.00017430128355, 0.00144742778502, -0.000314650271321, -0.0024297661148, 0.0117933675647, -0.00303680589423, -0.000962899124715], [-0.000155736794113, 0.00316888652742, -0.00244989455678, 0.00144298560917, -0.00263849482872, 0.00232124282047, -0.00101103959605, 0.000563469482586, 0.00129641324747, -0.000160825904459, -0.00303680589423, 0.0149912210181, -0.00200347346254], [0.000357154582161, -0.00146586983465, 0.00260037113912, -0.00159196578898, 0.00218533654697, -0.0014388365671, 0.00357306725346, -0.00200970168225, -0.000420821248554, 0.00212472863495, -0.000962899124715, -0.00200347346254, 0.0137911299244]]
    },
    "melbands": {
        "dmean": [1.90674363694e-05, 0.0001111850288, 0.000238895270741, 0.000297081773169, 0.000246001465712, 0.000278703577351, 0.000238741995418, 0.000203309900826, 0.000178678106749, 0.000228883945965, 0.000185073688044, 6.51718073641e-05, 5.1449307648e-05, 4.49033796031e-05, 2.40455228777e-05, 5.01875474583e-05, 3.77256728825e-05, 1.81234827323e-05, 1.47444261529e-05, 1.06869529191e-05, 9.21191895031e-06, 8.08375079941e-06, 7.93464641902e-06, 5.43253054275e-06, 3.8144694372e-06, 2.82978726318e-06, 2.51442975241e-06, 2.0914515062e-06, 1.79172639037e-06, 1.4856168491e-06, 1.34948550112e-06, 1.10103212592e-06, 8.89554598871e-07, 8.29588543638e-07, 6.17378645984e-07, 3.59298894637e-07, 2.36370865991e-07, 1.32533003239e-07, 9.73471827592e-08, 8.06638240647e-08],
        "dmean2": [3.21563056787e-05, 0.000185951081221, 0.000392949703382, 0.000477904453874, 0.000392189220292, 0.000438154442236, 0.000365191954188, 0.000313487224048, 0.000272756791674, 0.000336935132509, 0.000267667084699, 9.74450813374e-05, 7.74442087277e-05, 6.91966633894e-05, 3.72560207325e-05, 7.75690568844e-05, 5.68839241168e-05, 2.81018292299e-05, 2.29288671107e-05, 1.67608122865e-05, 1.46172314999e-05, 1.27612574943e-05, 1.28594519992e-05, 8.68441566126e-06, 6.14514829067e-06, 4.5293140829e-06, 4.0033478399e-06, 3.2567584185e-06, 2.82715905087e-06, 2.30892760555e-06, 2.0168276933e-06, 1.69606244071e-06, 1.34666083795e-06, 1.20274899018e-06, 9.10144933641e-07, 5.2346956636e-07, 3.38727659255e-07, 1.83401155596e-07, 1.354449779e-07, 1.10707716772e-07],
        "dvar": [1.53700496774e-09, 4.66697258616e-08, 2.23474629024e-07, 5.1754773267e-07, 2.71191140655e-07, 6.30706097127e-07, 2.94232137321e-07, 4.02211668415e-07, 6.28229599897e-07, 6.43903774744e-07, 4.97987798553e-07, 9.58940660212e-08, 3.3017677481e-08, 1.96238758576e-08, 6.11510841964e-09, 2.41866953132e-08, 1.53276360493e-08, 4.87461093712e-09, 2.13247353109e-09, 6.38602115632e-10, 3.76118525214e-10, 2.83380208188e-10, 5.7192967029e-10, 2.98835761692e-10, 7.76967309934e-11, 3.28603394495e-11, 2.58923230079e-11, 1.85522153195e-11, 1.98673230645e-11, 3.66400347562e-11, 6.92027476989e-11, 3.13379981687e-11, 2.03296667695e-11, 2.48421179461e-11, 1.7272887981e-11, 5.0770138961e-12, 1.58708690721e-12, 3.9883911061e-13, 1.42048712745e-13, 1.18323943308e-13],
        "dvar2": [4.24274171351e-09, 1.24314354366e-07, 5.49201047306e-07, 1.25692690744e-06, 6.19737079433e-07, 1.29347301936e-06, 5.94414586885e-07, 8.79061076375e-07, 1.47686773744e-06, 1.36445385124e-06, 9.84621692623e-07, 2.11233370351e-07, 6.77434570662e-08, 4.45703456364e-08, 1.41691867128e-08, 5.43236282624e-08, 3.17765049829e-08, 1.0939243289e-08, 4.12219636203e-09, 1.40042444308e-09, 9.15891917863e-10, 6.81288414572e-10, 1.55405666113e-09, 8.18292045235e-10, 1.94656540886e-10, 7.9265691233e-11, 6.37785102509e-11, 4.43142571249e-11, 4.93794900802e-11, 9.06793182209e-11, 1.58082366641e-10, 6.471355396e-11, 4.35169261737e-11, 5.11787244528e-11, 3.68808282525e-11, 1.06660444366e-11, 2.80051502821e-12, 7.52050494362e-13, 2.43608383249e-13, 2.04648553962e-13],
        "max": [0.00173972197808, 0.00385826686397, 0.0108586847782, 0.0279758349061, 0.0136572550982, 0.0372521989048, 0.0164455659688, 0.0209171008319, 0.0300175044686, 0.0194783993065, 0.0248195510358, 0.0146918147802, 0.00822184793651, 0.00432116212323, 0.00249758944847, 0.00672394828871, 0.00418387493119, 0.00324365310371, 0.00289584556594, 0.000776300672442, 0.000683373771608, 0.000482741714222, 0.00162709981669, 0.00130203622393, 0.000194825814106, 0.000185243668966, 0.000132731118356, 0.000113912363304, 0.000131373119075, 0.000354388525011, 0.000549758959096, 0.000279573549051, 0.000147046273923, 0.000187374142115, 0.000192994004465, 9.46512300288e-05, 4.54602304671e-05, 3.45862536051e-05, 1.40928013934e-05, 1.93244395632e-05],
        "mean": [2.77483741229e-05, 0.000183563053724, 0.000403507583542, 0.000505957519636, 0.000400950666517, 0.000480582937598, 0.000417115836171, 0.000306158792228, 0.000248281110544, 0.000403830956202, 0.000339794321917, 0.000103121885331, 8.62795277499e-05, 7.86520467955e-05, 3.79607190553e-05, 0.000102389676613, 6.35303367744e-05, 2.74079411611e-05, 2.28213903029e-05, 1.7524958821e-05, 1.55045981955e-05, 1.39178482641e-05, 1.37994575198e-05, 9.68278254732e-06, 6.52604467177e-06, 5.09335495735e-06, 4.49862591267e-06, 3.80938854505e-06, 3.30135935656e-06, 2.55704276242e-06, 2.16959369936e-06, 1.74693013832e-06, 1.29164868667e-06, 1.18542573091e-06, 8.80237507772e-07, 5.40920041203e-07, 3.66848809108e-07, 2.21713094106e-07, 1.65925044371e-07, 1.35211195129e-07],
        "median": [1.29328473122e-05, 7.78460525908e-05, 0.000187654935871, 0.000195151136722, 0.000169120918144, 0.00014556410315, 0.000156769121531, 9.76693845587e-05, 5.2014234825e-05, 5.94750054006e-05, 4.32153901784e-05, 2.64871978288e-05, 1.85832723218e-05, 1.64445627888e-05, 1.1684565834e-05, 1.42363587656e-05, 1.23505578813e-05, 7.90036119724e-06, 7.6522337622e-06, 6.18044123257e-06, 6.69695555189e-06, 6.11626592217e-06, 4.91708760819e-06, 3.55350334758e-06, 2.36975142798e-06, 2.10294479075e-06, 1.93580672203e-06, 1.57468559792e-06, 1.2367660247e-06, 7.89852663274e-07, 5.58344993351e-07, 3.90681293538e-07, 2.50061361839e-07, 1.77678757041e-07, 1.38651230941e-07, 9.4019483754e-08, 6.24843039532e-08, 4.29959783332e-08, 3.37259180583e-08, 2.43739002315e-08],
        "min": [2.87933974026e-24, 4.37075563172e-24, 4.50984679767e-24, 2.59530800475e-24, 2.5359276834e-24, 3.17749228318e-24, 3.94707145573e-24, 6.62292590599e-24, 2.82955492575e-24, 4.57780874237e-24, 6.63735101651e-24, 6.7702243808e-24, 5.10685673074e-24, 3.16316065269e-24, 5.05281818101e-24, 5.15655141789e-24, 2.48552045763e-24, 4.85618197861e-24, 5.2833296484e-24, 5.30101669876e-24, 6.50061657251e-24, 7.27002377338e-24, 5.24815986266e-24, 6.55539586263e-24, 7.12151439709e-24, 6.94863000768e-24, 8.42895983962e-24, 7.07091685863e-24, 8.66047947125e-24, 7.22237657471e-24, 7.84947208498e-24, 8.03997647156e-24, 6.10297900589e-24, 8.03808478311e-24, 5.62379215433e-24, 7.08108764228e-24, 6.94607252063e-24, 7.21694053421e-24, 8.61168842427e-24, 5.03940439018e-24],
        "var": [1.92717952707e-09, 8.99232901475e-08, 4.48652798468e-07, 1.10800499442e-06, 5.34264131602e-07, 1.51425774675e-06, 7.34079378617e-07, 6.56033762425e-07, 8.58162252371e-07, 1.32032425881e-06, 1.32566685807e-06, 1.46608428508e-07, 7.63221095212e-08, 4.70620662441e-08, 9.71236691072e-09, 8.10076272728e-08, 3.23061222218e-08, 7.51641060504e-09, 3.7360390337e-09, 1.27915766868e-09, 7.11161185496e-10, 5.87938808749e-10, 1.38539058003e-09, 7.79138309426e-10, 1.62536401005e-10, 7.06773528591e-11, 5.35902953958e-11, 3.87322916795e-11, 4.03627062329e-11, 6.09430145238e-11, 9.71148300666e-11, 5.19348626604e-11, 3.13256573459e-11, 4.06136409226e-11, 2.67678362115e-11, 7.38762349906e-12, 2.92882623536e-12, 8.33143341643e-13, 3.09646947839e-13, 2.70187545297e-13]
    },
    "mfcc": {
        "mean": [-695.127868652, 132.752792358, -15.6310825348, 12.421626091, -12.5248231888, -6.53864240646, -11.6379461288, -7.04036569595, -7.70598316193, -3.68002724648, -5.88657140732, -3.90258097649, -6.9616112709],
        "cov": [[7890.73486328, 71.042098999, -1282.31530762, 501.274139404, -562.385559082, 86.356552124, -64.513671875, 237.94770813, -3.62222480774, -22.4339885712, -174.165939331, 18.0134067535, -122.90222168], [71.042098999, 1303.85461426, -109.680770874, -25.9967708588, 2.93255138397, -155.190414429, -9.50413417816, -27.4247169495, -45.5814094543, 42.6927452087, -4.4735326767, -1.08877837658, 7.40478801727], [-1282.31530762, -109.680770874, 945.458374023, 98.7924957275, 101.235191345, -33.0776824951, -31.7463111877, -49.3860321045, -3.63408041, -24.941614151, 20.285068512, -24.5429039001, 20.9896888733], [501.274139404, -25.9967708588, 98.7924957275, 542.671691895, 51.2961845398, 23.0905838013, -59.7492408752, 41.5241928101, 9.66001224518, -22.364862442, -74.6070175171, -1.63679599762, 16.2298851013], [-562.385559082, 2.93255138397, 101.235191345, 51.2961845398, 288.570465088, -1.28336489201, 12.4980487823, -43.1741294861, 31.6022567749, 0.379876554012, -10.3556642532, -14.7184810638, 43.1890945435], [86.356552124, -155.190414429, -33.0776824951, 23.0905838013, -1.28336489201, 212.352371216, 63.0762901306, 33.7583007812, -2.2240421772, 0.094805598259, 9.04008769989, 1.27936017513, -30.5084457397], [-64.513671875, -9.50413417816, -31.7463111877, -59.7492408752, 12.4980487823, 63.0762901306, 184.183288574, 35.6628723145, 12.0088062286, -4.28578948975, 28.0848808289, 4.65759754181, 1.81288611889], [237.94770813, -27.4247169495, -49.3860321045, 41.5241928101, -43.1741294861, 33.7583007812, 35.6628723145, 138.453308105, 29.7459888458, -7.38377761841, -9.4325504303, 6.29048156738, -13.5825748444], [-3.62222480774, -45.5814094543, -3.63408041, 9.66001224518, 31.6022567749, -2.2240421772, 12.0088062286, 29.7459888458, 121.508666992, 27.4313354492, -11.4378767014, -0.0390201210976, 16.7570972443], [-22.4339885712, 42.6927452087, -24.941614151, -22.364862442, 0.379876554012, 0.094805598259, -4.28578948975, -7.38377761841, 27.4313354492, 98.4770889282, 23.0312824249, -6.06682491302, 1.13349759579], [-174.165939331, -4.4735326767, 20.285068512, -74.6070175171, -10.3556642532, 9.04008769989, 28.0848808289, -9.4325504303, -11.4378767014, 23.0312824249, 100.380409241, 23.5681533813, -11.8499975204], [18.0134067535, -1.08877837658, -24.5429039001, -1.63679599762, -14.7184810638, 1.27936017513, 4.65759754181, 6.29048156738, -0.0390201210976, -6.06682491302, 23.5681533813, 78.9329986572, 25.4782981873], [-122.90222168, 7.40478801727, 20.9896888733, 16.2298851013, 43.1890945435, -30.5084457397, 1.81288611889, -13.5825748444, 16.7570972443, 1.13349759579, -11.8499975204, 25.4782981873, 103.087356567]],
