{
"lowlevel": {
    "average_loudness": 0.386072576046,
    "barkbands_crest": {
        "dmean": 2.13225507736,
        "dmean2": 3.45458984375,
        "dvar": 4.51453542709,
        "dvar2": 11.1847791672,
        "max": 25.9483146667,
        "mean": 9.8703918457,
        "median": 8.42584228516,
        "min": 2.80431413651,
        "var": 21.2023601532
    },
    "barkbands_flatness_db": {
        "dmean": 0.0168131384999,
        "dmean2": 0.0256463233382,
        "dvar": 0.000286246475298,
        "dvar2": 0.000617879559286,
        "max": 0.432579815388,
        "mean": 0.159601300955,
        "median": 0.156138688326,
        "min": 0.0319138281047,
        "var": 0.00337297376245
    },
    "barkbands_kurtosis": {
        "dmean": 2.39279723167,
        "dmean2": 3.78284192085,
        "dvar": 40.9665489197,
        "dvar2": 94.4760818481,
        "max": 253.621582031,
        "mean": 4.23753213882,
        "median": 2.08128929138,
        "min": -1.93250262737,
        "var": 98.6233596802
    },
    "barkbands_skewness": {
        "dmean": 0.421288669109,
        "dmean2": 0.640559792519,
        "dvar": 0.276637226343,
        "dvar2": 0.590768575668,
        "max": 13.2232227325,
        "mean": 0.958502590656,
        "median": 0.953662157059,
        "min": -4.80055236816,
        "var": 2.40366029739
    },
    "barkbands_spread": {
        "dmean": 3.86406755447,
        "dmean2": 6.00513744354,
        "dvar": 31.9855651855,
        "dvar2": 70.7060623169,
        "max": 115.862541199,
        "mean": 17.558965683,
        "median": 15.6170578003,
        "min": 0.481328487396,
        "var": 124.672836304
    },
    "dissonance": {
        "dmean": 0.0208970475942,
        "dmean2": 0.0348611325026,
        "dvar": 0.000471064151498,
        "dvar2": 0.0012602157658,
        "max": 0.5,
        "mean": 0.452891796827,
        "median": 0.462581932545,
        "min": 0.199754431844,
        "var": 0.00160611595493
    },
    "dynamic_complexity": 3.59714508057,
    "erbbands_crest": {
        "dmean": 2.4302573204,
        "dmean2": 3.94874930382,
        "dvar": 5.54861211777,
        "dvar2": 13.9923067093,
        "max": 29.9962215424,
        "mean": 9.84322929382,
        "median": 8.99290370941,
        "min": 2.36208152771,
        "var": 23.4792881012
    },
    "erbbands_flatness_db": {
        "dmean": 0.0152611797675,
        "dmean2": 0.0223779641092,
        "dvar": 0.000235781859374,
        "dvar2": 0.000466581026558,
        "max": 0.398353368044,
        "mean": 0.198217600584,
        "median": 0.201201215386,
        "min": 0.0712005123496,
        "var": 0.0029339552857
    },
    "erbbands_kurtosis": {
        "dmean": 1.08521342278,
        "dmean2": 1.71768677235,
        "dvar": 3.97233915329,
        "dvar2": 9.08818054199,
        "max": 53.477142334,
        "mean": 0.979205012321,
        "median": 0.199857234955,
        "min": -1.82390940189,
        "var": 9.51234054565
    },
    "erbbands_skewness": {
        "dmean": 0.346554160118,
        "dmean2": 0.52472370863,
        "dvar": 0.144670426846,
        "dvar2": 0.284833222628,
        "max": 6.45077419281,
        "mean": 0.425203621387,
        "median": 0.448844969273,
        "min": -5.51195526123,
        "var": 0.898970425129
    },
    "erbbands_spread": {
        "dmean": 5.83233213425,
        "dmean2": 9.06632614136,
        "dvar": 54.6242485046,
        "dvar2": 123.335128784,
        "max": 125.598625183,
        "mean": 29.3099498749,
        "median": 28.1699104309,
        "min": 2.13655352592,
        "var": 207.309844971
    },
    "hfc": {
        "dmean": 4.3004822731,
        "dmean2": 6.20114707947,
        "dvar": 93.6590118408,
        "dvar2": 186.553100586,
        "max": 568.814697266,
        "mean": 15.336151123,
        "median": 8.78667640686,
        "min": 1.03947320804e-16,
        "var": 373.182891846
    },
    "melbands_crest": {
        "dmean": 2.5868909359,
        "dmean2": 4.15258789062,
        "dvar": 6.45913219452,
        "dvar2": 15.8658428192,
        "max": 34.288684845,
        "mean": 11.8321638107,
        "median": 11.1142873764,
        "min": 1.16447901726,
        "var": 35.5455284119
    },
    "melbands_flatness_db": {
        "dmean": 0.0187950693071,
        "dmean2": 0.0277007799596,
        "dvar": 0.000484054733533,
        "dvar2": 0.00094605050981,
        "max": 0.485676676035,
        "mean": 0.192164003849,
        "median": 0.200017213821,
        "min": 0.000347172550391,
        "var": 0.00866096746176
    },
    "melbands_kurtosis": {
        "dmean": 3.63858389854,
        "dmean2": 5.74101018906,
        "dvar": 73.3659439087,
        "dvar2": 185.061248779,
        "max": 244.107910156,
        "mean": 7.43871879578,
        "median": 3.45260357857,
        "min": -1.90844917297,
        "var": 201.066345215
    },
    "melbands_skewness": {
        "dmean": 0.472381412983,
        "dmean2": 0.730658233166,
        "dvar": 0.328090429306,
        "dvar2": 0.762212574482,
        "max": 11.5208559036,
        "mean": 1.67123401165,
        "median": 1.49291777611,
        "min": -2.04769039154,
        "var": 2.07191967964
    },
    "melbands_spread": {
        "dmean": 6.44902038574,
        "dmean2": 10.0224676132,
        "dvar": 109.446418762,
        "dvar2": 235.031234741,
        "max": 211.240783691,
        "mean": 33.8767242432,
        "median": 20.1047515869,
        "min": 0.562168717384,
        "var": 1443.94152832
    },
    "pitch_salience": {
        "dmean": 0.0563168488443,
        "dmean2": 0.0911228135228,
        "dvar": 0.00296019739471,
        "dvar2": 0.0073537514545,
        "max": 0.989144802094,
        "mean": 0.593172311783,
        "median": 0.591313302517,
        "min": 0.102128401399,
        "var": 0.0161330327392
    },
    "silence_rate_20dB": {
        "dmean": 0.000217273220187,
        "dmean2": 0.000434593646787,
        "dvar": 0.000217182052438,
        "dvar2": 0.000434450950706,
        "max": 1,
        "mean": 0.99978274107,
        "median": 1,
        "min": 0,
        "var": 0.000217158463784
    },
    "silence_rate_30dB": {
        "dmean": 0.00108636613004,
        "dmean2": 0.00217296835035,
        "dvar": 0.00108497636393,
        "dvar2": 0.00216742232442,
        "max": 1,
        "mean": 0.996849894524,
        "median": 1,
        "min": 0,
        "var": 0.00313983717933
    },
    "silence_rate_60dB": {
        "dmean": 0.0191200431436,
        "dmean2": 0.0382442399859,
        "dvar": 0.0187550615519,
        "dvar2": 0.0424331650138,
        "max": 1,
        "mean": 0.180425807834,
        "median": 0,
        "min": 0,
        "var": 0.147860169411
    },
    "spectral_centroid": {
        "dmean": 228.01953125,
        "dmean2": 350.285797119,
        "dvar": 108128.570312,
        "dvar2": 219046.859375,
        "max": 12055.6289062,
        "mean": 2262.24584961,
        "median": 1258.59838867,
        "min": 206.558517456,
        "var": 9216889
    },
    "spectral_complexity": {
        "dmean": 2.31852245331,
        "dmean2": 3.64797902107,
        "dvar": 7.30215072632,
        "dvar2": 15.9824447632,
        "max": 60,
        "mean": 14.7702589035,
        "median": 13,
        "min": 0,
        "var": 100.569137573
    },
    "spectral_decrease": {
        "dmean": 1.01676833619e-09,
        "dmean2": 1.5122231245e-09,
        "dvar": 3.85305196103e-18,
        "dvar2": 8.03397267427e-18,
        "max": 2.12979901791e-28,
        "mean": -4.03932531867e-09,
        "median": -3.33132499364e-09,
        "min": -1.08742135296e-07,
        "var": 1.75985884781e-17
    },
    "spectral_energy": {
        "dmean": 0.00414417823777,
        "dmean2": 0.0061477557756,
        "dvar": 6.4073028625e-05,
        "dvar2": 0.000133346518851,
        "max": 0.46201145649,
        "mean": 0.0166363436729,
        "median": 0.013630609028,
        "min": 9.87961016841e-21,
        "var": 0.000295834353892
    },
    "spectral_energyband_high": {
        "dmean": 0.000191796279978,
        "dmean2": 0.000282760651316,
        "dvar": 6.21335686901e-07,
        "dvar2": 1.05095875824e-06,
        "max": 0.0379235073924,
        "mean": 0.000368370121578,
        "median": 6.64991675876e-05,
        "min": 6.85666811851e-21,
        "var": 1.50494940954e-06
    },
    "spectral_energyband_low": {
        "dmean": 0.000564367626794,
        "dmean2": 0.000881884829141,
        "dvar": 4.87751731271e-06,
        "dvar2": 1.2258343304e-05,
        "max": 0.159445464611,
        "mean": 0.00153303425759,
        "median": 0.000843623303808,
        "min": 1.13115617169e-23,
        "var": 7.62329455029e-06
    },
    "spectral_energyband_middle_high": {
        "dmean": 0.00169193407055,
        "dmean2": 0.00250097503886,
        "dvar": 2.14198735193e-05,
        "dvar2": 4.53285247204e-05,
        "max": 0.312526553869,
        "mean": 0.00501924660057,
        "median": 0.00196850439534,
        "min": 1.01272261597e-21,
        "var": 6.48608547635e-05
    },
    "spectral_energyband_middle_low": {
        "dmean": 0.00324077648111,
        "dmean2": 0.0048735528253,
        "dvar": 3.58104880434e-05,
        "dvar2": 7.64403885114e-05,
        "max": 0.334196835756,
        "mean": 0.0102487225085,
        "median": 0.00770320463926,
        "min": 9.55539136559e-23,
        "var": 0.000149393628817
    },
    "spectral_entropy": {
        "dmean": 0.143904149532,
        "dmean2": 0.209956496954,
        "dvar": 0.0300263296813,
        "dvar2": 0.0563535392284,
        "max": 9.82937431335,
        "mean": 7.45556211472,
        "median": 7.28737640381,
        "min": 4.8644733429,
        "var": 0.871933817863
    },
    "spectral_flux": {
        "dmean": 0.0156389530748,
        "dmean2": 0.0250973142684,
        "dvar": 0.000396947230911,
        "dvar2": 0.00095361971762,
        "max": 0.553080499172,
        "mean": 0.0599937587976,
        "median": 0.0540900155902,
        "min": 6.16331638503e-11,
        "var": 0.00198116176762
    },
    "spectral_kurtosis": {
        "dmean": 2.66180181503,
        "dmean2": 4.56705760956,
        "dvar": 12.4455089569,
        "dvar2": 34.6669769287,
        "max": 71.7711868286,
        "mean": 6.31394815445,
        "median": 4.92422580719,
        "min": -1.27882838249,
        "var": 44.6223373413
    },
    "spectral_rms": {
        "dmean": 0.000446802412625,
        "dmean2": 0.000655591313262,
        "dvar": 3.16811593848e-07,
        "dvar2": 6.18633634986e-07,
        "max": 0.0212307069451,
        "mean": 0.00351078109816,
        "median": 0.00364666362293,
        "min": 3.1046166072e-12,
        "var": 3.90505738324e-06
    },
    "spectral_rolloff": {
        "dmean": 374.2237854,
        "dmean2": 624.764831543,
        "dvar": 508547.28125,
        "dvar2": 1046005.4375,
        "max": 19789.0136719,
        "mean": 3218.5847168,
        "median": 1205.859375,
        "min": 107.666015625,
        "var": 28719298
    },
    "spectral_skewness": {
        "dmean": 0.291827350855,
        "dmean2": 0.47740265727,
        "dvar": 0.102730944753,
        "dvar2": 0.252879679203,
        "max": 6.67858982086,
        "mean": 1.55139231682,
        "median": 1.47186422348,
        "min": -0.324562519789,
        "var": 0.864274024963
    },
    "spectral_spread": {
        "dmean": 432574.96875,
        "dmean2": 672331.4375,
        "dvar": 497183358976,
        "dvar2": 1.09786241434e+12,
        "max": 43118012,
        "mean": 7111223,
        "median": 3183989,
        "min": 1054422.625,
        "var": 1.28689425613e+14
    },
    "spectral_strongpeak": {
        "dmean": 0.516981601715,
        "dmean2": 0.854049384594,
        "dvar": 0.832022309303,
        "dvar2": 2.27039361,
        "max": 12.0050010681,
        "mean": 1.13378965855,
        "median": 0.748862802982,
        "min": 0,
        "var": 1.63326597214
    },
    "zerocrossingrate": {
        "dmean": 0.00827340967953,
        "dmean2": 0.010246691294,
        "dvar": 0.000205070144148,
        "dvar2": 0.000229083292652,
        "max": 0.86083984375,
        "mean": 0.0995793044567,
        "median": 0.05078125,
        "min": 0.0068359375,
        "var": 0.019520888105
    },
    "barkbands": {
        "dmean": [1.33668736453e-05, 0.0002773081942, 0.0002906571317, 0.000301484280499, 0.00136317673605, 0.000846389390063, 0.00088302657241, 0.000852384720929, 0.000725603778847, 0.000521824986208, 0.000338344805641, 0.000402147881687, 0.000382432888728, 0.000282605440589, 0.000259917345829, 0.000247499381658, 0.000282516877633, 0.000176190413185, 0.000189778249478, 0.000160383628099, 6.7125496571e-05, 5.27649754076e-05, 3.32432100549e-05, 1.63799086295e-05, 6.88655018166e-06, 1.86529700841e-06, 5.13705167293e-09],
        "dmean2": [2.26499869314e-05, 0.000443613622338, 0.000457636546344, 0.000496685970575, 0.00216372776777, 0.00130001164507, 0.00129809346981, 0.00127546221483, 0.00108977383934, 0.000797066837549, 0.000550468685105, 0.000631596776657, 0.000610738061368, 0.000456904177554, 0.00042061219574, 0.000394429138396, 0.000454217195511, 0.000287837843644, 0.000301159569062, 0.000253360660281, 0.000103954014776, 8.23386508273e-05, 4.82705545437e-05, 2.39027522184e-05, 1.00876277429e-05, 2.8110553103e-06, 9.41969080515e-09],
        "dvar": [4.3377692549e-09, 3.59341174772e-06, 4.92802712415e-07, 5.26524559064e-07, 8.30568023957e-06, 1.0091652257e-05, 4.89920694235e-06, 7.61672754379e-06, 8.351868928e-06, 3.99865029976e-06, 1.25590975131e-06, 1.55118675593e-06, 1.49148536366e-06, 8.73497697285e-07, 3.2954035305e-06, 1.03782440419e-06, 8.33245508147e-07, 2.88471483145e-07, 2.21619060881e-07, 1.63983926882e-07, 9.93708724195e-08, 7.55805800168e-08, 4.12688230256e-08, 6.50564269122e-09, 8.92341089909e-10, 5.29322141674e-11, 4.53764054055e-14],
        "dvar2": [7.87859022466e-09, 9.25707900024e-06, 1.19239575724e-06, 1.34352865189e-06, 1.92081861314e-05, 2.07674183912e-05, 9.46636100707e-06, 1.53195323946e-05, 1.72567470145e-05, 8.52840184962e-06, 3.22629944094e-06, 3.477042128e-06, 3.49507558894e-06, 2.10641087506e-06, 8.35998343973e-06, 2.41924635702e-06, 2.2377150799e-06, 7.23712616946e-07, 5.2246798532e-07, 3.94990763652e-07, 1.97291072368e-07, 1.66280230474e-07, 7.98051118522e-08, 1.34018680598e-08, 1.78300785247e-09, 1.24231069876e-10, 1.2864549378e-13],
        "max": [0.00509813334793, 0.149009987712, 0.022151067853, 0.0224056467414, 0.0979091823101, 0.264188021421, 0.107115186751, 0.105269514024, 0.130938768387, 0.0968826264143, 0.0473708212376, 0.0358165465295, 0.0346476063132, 0.0296790599823, 0.133126229048, 0.046125266701, 0.026989582926, 0.0128056053072, 0.0131772356108, 0.0077545735985, 0.0121848471463, 0.015094447881, 0.0155925443396, 0.0027590689715, 0.00118175917305, 0.000207080345717, 1.54997887876e-05],
        "mean": [1.54615645442e-05, 0.000611982657574, 0.000678866810631, 0.00051456555957, 0.00275321234949, 0.00151340407319, 0.00209375657141, 0.00166292826179, 0.00114787975326, 0.000962882477324, 0.000506304437295, 0.000645781576168, 0.000577682745643, 0.000450775405625, 0.000367497239495, 0.00040381483268, 0.000491160317324, 0.000308834307361, 0.000352695118636, 0.000293496705126, 0.000111248606117, 8.00580601208e-05, 5.0524573453e-05, 2.68801595666e-05, 1.1887733308e-05, 2.77772141999e-06, 3.78293130154e-09],
        "median": [4.57339410787e-06, 0.000238095846726, 0.000222610367928, 0.000182943316759, 0.00111367623322, 0.000657132361084, 0.000500947004184, 0.000329524395056, 0.000237093408941, 0.000182694260729, 0.000142485281685, 0.000141586177051, 0.000103926293377, 7.21607066225e-05, 6.40766666038e-05, 6.24037784291e-05, 8.10511846794e-05, 5.19022360095e-05, 6.27670960966e-05, 5.0148300943e-05, 1.50859268615e-05, 7.6443038779e-06, 6.30553176961e-06, 4.04155889555e-06, 1.82549183592e-06, 4.7728286745e-07, 7.8970907591e-10],
        "min": [1.60120361114e-25, 1.61715716431e-24, 1.2266221315e-25, 2.71689415e-25, 4.02567513405e-24, 3.06845435114e-24, 5.10628914532e-24, 3.33051907145e-24, 8.94678549275e-24, 1.24520905028e-23, 6.46023438834e-24, 5.69702960634e-24, 1.65383679038e-23, 1.36397616164e-23, 3.59698610893e-23, 3.4784610201e-23, 5.32608464729e-23, 6.82131432624e-23, 8.94575902694e-23, 1.38469411026e-22, 2.07584569402e-22, 2.66987991753e-22, 3.29493417133e-22, 4.3461045804e-22, 7.68139536103e-22, 1.05883884389e-21, 1.82022749769e-21],
        "var": [8.22839574255e-09, 3.6843991893e-06, 1.79535823008e-06, 1.03468164525e-06, 2.43140766543e-05, 1.98881280085e-05, 1.95865577552e-05, 2.07616594707e-05, 1.83548563655e-05, 9.98862378765e-06, 1.5571347376e-06, 3.09599045067e-06, 2.88740989163e-06, 1.54139172537e-06, 3.13388795803e-06, 1.87210400782e-06, 1.76886806003e-06, 5.16369709658e-07, 5.35370645594e-07, 3.64875774039e-07, 1.80297817565e-07, 1.42442090123e-07, 7.96461989694e-08, 1.21991003965e-08, 1.96216132231e-09, 7.41631825396e-11, 2.6533417187e-14]
    },
    "erbbands": {
        "dmean": [0.00744990678504, 0.0674861520529, 0.267154246569, 0.644016981125, 2.16705870628, 5.75176858902, 6.79913139343, 7.38010597229, 11.9989461899, 14.5933818817, 15.5633468628, 17.7881031036, 18.4200935364, 9.45588970184, 15.630988121, 15.3554639816, 16.9175777435, 14.0595750809, 13.4122333527, 12.3327531815, 12.44880867, 14.3631658554, 10.6084165573, 5.11195755005, 11.4866399765, 6.29283571243, 3.06564879417, 2.45500898361, 2.04562234879, 1.41349685192, 0.852252721786, 0.440873771906, 0.223644375801, 0.0988184735179, 0.0403603464365, 0.0135904839262, 0.00232037366368, 6.27084809821e-05, 4.77427693113e-06, 5.14910334459e-06],
        "dmean2": [0.0122089358047, 0.107564754784, 0.422310143709, 1.04012513161, 3.52731180191, 9.27125453949, 10.2074480057, 11.5964212418, 17.3651409149, 21.6184253693, 23.3859119415, 26.8387584686, 29.1914215088, 13.9582233429, 25.3628559113, 23.7127189636, 26.8168506622, 22.0236759186, 21.900384903, 19.2348461151, 19.7716083527, 22.8350124359, 16.8814430237, 8.01485919952, 17.7474441528, 9.65975570679, 4.81168746948, 3.76944541931, 3.25354981422, 2.00323939323, 1.27005457878, 0.650377333164, 0.331214845181, 0.146012663841, 0.0602577254176, 0.0202500764281, 0.00347725814208, 9.43506456679e-05, 7.05993988959e-06, 7.58506848797e-06],
        "dvar": [0.00577432848513, 0.126914322376, 0.416182935238, 2.23202729225, 25.0348033905, 170.530792236, 961.111572266, 453.229553223, 768.408874512, 1534.7253418, 3833.08764648, 5875.9765625, 4638.07080078, 1689.65087891, 3486.81225586, 2398.18041992, 2947.47802734, 1565.21655273, 3383.48193359, 8384.19335938, 2206.09179688, 2324.16552734, 978.09777832, 160.349960327, 790.602905273, 241.84475708, 185.472549438, 137.955886841, 104.479240417, 67.3399200439, 23.2391719818, 4.82101488113, 1.16097605228, 0.214478492737, 0.0249425787479, 0.0027270920109, 8.61832813825e-05, 9.84479697763e-08, 1.50513279618e-09, 1.10561185207e-10],
        "dvar2": [0.0150909870863, 0.327138274908, 1.02741920948, 5.75120258331, 60.0280380249, 422.436401367, 1605.06921387, 1123.74365234, 1481.07067871, 3236.09155273, 8298.88085938, 12598.3935547, 11765.6806641, 2205.98706055, 9486.17675781, 5227.91308594, 7031.06689453, 3710.72583008, 7736.8515625, 18729.5566406, 5660.84082031, 6174.27490234, 2487.76806641, 374.034454346, 1774.18920898, 536.792785645, 396.515991211, 276.564208984, 249.71546936, 96.3381958008, 47.5190200806, 9.17756080627, 2.53416085243, 0.429603904486, 0.0524258352816, 0.00636689411476, 0.000200590438908, 2.51404486562e-07, 4.14403800164e-09, 2.32078467555e-10],
        "max": [6.09961366653, 26.7266025543, 21.9361457825, 59.6274223328, 141.56187439, 291.873840332, 2979.48583984, 868.157226562, 1317.78674316, 1417.9407959, 2830.83691406, 3116.44970703, 3042.2578125, 3880.01220703, 3166.78979492, 1701.12854004, 1573.94873047, 982.162109375, 2862.78027344, 7243.89208984, 1559.80358887, 1625.95129395, 762.586914062, 413.223052979, 724.237670898, 370.459625244, 632.29510498, 406.234436035, 480.298370361, 624.952575684, 328.483734131, 85.7281799316, 42.3610191345, 21.0501785278, 4.74887371063, 1.68453884125, 0.282543152571, 0.0163520742208, 0.00283706607297, 0.000692728848662],
        "mean": [0.0146879805252, 0.156266152859, 0.645823955536, 1.39155173302, 3.97437047958, 10.9258813858, 11.8200941086, 13.5275468826, 30.1965904236, 33.1001930237, 28.047044754, 29.1780929565, 36.0571937561, 17.9438247681, 26.2210464478, 27.3436660767, 27.4609470367, 24.7699546814, 21.3833389282, 19.2507247925, 23.3815765381, 26.6561222076, 20.2580413818, 11.1935014725, 23.6885719299, 12.9755973816, 5.53870344162, 3.94851779938, 3.02180695534, 2.13323521614, 1.32299995422, 0.708252906799, 0.367393702269, 0.168241724372, 0.0671952739358, 0.0212303902954, 0.00338146276772, 9.66805018834e-05, 1.3906705135e-05, 2.07083157875e-05],
        "median": [0.00501549709588, 0.0681456327438, 0.270750790834, 0.585631370544, 1.63018345833, 3.67859363556, 4.24377059937, 6.40412759781, 8.3060760498, 10.5367584229, 7.04644536972, 7.4501247406, 7.06244421005, 5.21743869781, 8.12699317932, 6.55452728271, 6.22583770752, 4.98781824112, 4.17461919785, 3.48283529282, 3.93035173416, 4.65912437439, 3.85297250748, 2.60921978951, 3.61004209518, 2.40731191635, 0.970355987549, 0.524120807648, 0.287690162659, 0.208977133036, 0.174168661237, 0.105324946344, 0.0510433539748, 0.0222984328866, 0.0113789821044, 0.00385399884544, 0.000544067937881, 2.02804167202e-05, 9.15867894946e-06, 1.66460231412e-05],
        "min": [5.03777649681e-23, 3.03706955158e-22, 7.31338127267e-22, 2.05003749735e-21, 6.7274716349e-21, 1.34441374153e-20, 2.17757945817e-20, 3.41586398841e-20, 7.19219777812e-20, 6.0651396366e-20, 1.41685208034e-19, 2.2534447158e-19, 3.91634115235e-19, 5.09506964783e-19, 6.20548362297e-19, 5.51299799943e-19, 1.2085722931e-18, 9.93145923861e-19, 1.50057749249e-18, 2.18532039529e-18, 2.97447179277e-18, 3.76395592366e-18, 4.45230957323e-18, 4.99066642643e-18, 5.25985291805e-18, 7.19404355411e-18, 7.01010257412e-18, 8.27884377818e-18, 9.02588713299e-18, 1.0436434391e-17, 8.89304771688e-18, 8.8272603884e-18, 7.4373628672e-18, 7.03295343854e-18, 5.28899531821e-18, 3.17122786841e-18, 2.0614401724e-18, 8.1038832913e-19, 2.22944148538e-19, 2.34710059275e-20],
        "var": [0.00517638819292, 0.146953061223, 1.44513773918, 5.03848648071, 52.4141120911, 461.01763916, 2362.36450195, 788.168212891, 3279.91162109, 5151.19726562, 7140.43798828, 11150.5283203, 11817.3105469, 5201.82421875, 4249.83886719, 5646.29394531, 5666.92724609, 3538.49023438, 4967.12158203, 9430.58789062, 5116.18310547, 4927.42919922, 1954.30517578, 478.4168396, 2404.21948242, 646.691040039, 326.494750977, 246.021728516, 172.41456604, 171.036468506, 44.7104301453, 9.69184112549, 2.11712026596, 0.462030112743, 0.0498808920383, 0.00408205995336, 0.000118718897284, 1.04308810478e-07, 1.17192133775e-09, 4.6387657604e-10]
    },
    "gfcc": {
        "mean": [-159.634567261, 108.072990417, -127.863388062, 22.267074585, -62.4532966614, 0.426630496979, -36.2171669006, 4.28544950485, -23.3111438751, -1.4716925621, -7.35210323334, -5.35994434357, -6.29749917984],
        "cov": [[114278.695312, 11440.0400391, -15095.4667969, 3067.87084961, -6927.22900391, 123.467666626, -3965.8359375, 781.917053223, -2574.61547852, -20.9139823914, -679.697875977, -618.68536377, -825.912963867], [11440.0400391, 2542.9753418, -1283.1394043, -1.0817142725, -541.408996582, -191.055648804, -342.497772217, -35.7554664612, -244.413146973, -111.077339172, 23.6000747681, -126.350517273, -64.2469406128], [-15095.4667969, -1283.1394043, 2650.19580078, -343.122436523, 758.839904785, 14.552816391, 458.076965332, -154.473739624, 279.307128906, -4.07825136185, 42.627456665, 107.681259155, 89.4591140747], [3067.87084961, -1.0817142725, -343.122436523, 521.92376709, -145.706130981, 33.8574905396, -87.7934951782, 25.0434799194, -27.8489093781, 32.1513786316, -37.7415618896, 8.9808921814, -23.3317260742], [-6927.22900391, -541.408996582, 758.839904785, -145.706130981, 738.043945312, -33.1455154419, 294.295654297, 34.8505783081, 205.834457397, 13.4882268906, 104.855918884, 30.3199882507, 40.2537536621], [123.467666626, -191.055648804, 14.552816391, 33.8574905396, -33.1455154419, 255.913146973, 82.345741272, 25.5495662689, -17.0252933502, 56.6188621521, -22.1087188721, 12.6326341629, -13.8078660965], [-3965.8359375, -342.497772217, 458.076965332, -87.7934951782, 294.295654297, 82.345741272, 353.791717529, 25.7171840668, 97.7737808228, 37.6251754761, 74.9099197388, 18.6122589111, 17.2598209381], [781.917053223, -35.7554664612, -154.473739624, 25.0434799194, 34.8505783081, 25.5495662689, 25.7171840668, 159.783569336, 7.49417114258, 32.3879547119, 27.4304790497, 2.14543747902, -24.1645717621], [-2574.61547852, -244.413146973, 279.307128906, -27.8489093781, 205.834457397, -17.0252933502, 97.7737808228, 7.49417114258, 196.411849976, 44.4410591125, 31.4596042633, 18.1688747406, 21.6684455872], [-20.9139823914, -111.077339172, -4.07825136185, 32.1513786316, 13.4882268906, 56.6188621521, 37.6251754761, 32.3879547119, 44.4410591125, 110.096092224, 23.6990318298, 17.0513095856, -8.88502979279], [-679.697875977, 23.6000747681, 42.627456665, -37.7415618896, 104.855918884, -22.1087188721, 74.9099197388, 27.4304790497, 31.4596042633, 23.6990318298, 115.799591064, 13.8590927124, -2.39514183998], [-618.68536377, -126.350517273, 107.681259155, 8.9808921814, 30.3199882507, 12.6326341629, 18.6122589111, 2.14543747902, 18.1688747406, 17.0513095856, 13.8590927124, 87.4902420044, 20.7044124603], [-825.912963867, -64.2469406128, 89.4591140747, -23.3317260742, 40.2537536621, -13.8078660965, 17.2598209381, -24.1645717621, 21.6684455872, -8.88502979279, -2.39514183998, 20.7044124603, 81.6020812988]],
        "icov": [[0.00040713546332, -0.000915203243494, 0.00105480966158, -0.000952546775807, 0.00120770640206, -0.000623195548542, 0.00109489751048, -0.00123299984261, 0.000841785222292, -0.000656911113765, 0.000208312892937, -0.000367194239516, 0.000477742752992], [-0.000915203243494, 0.00273030810058, -0.00212958804332, 0.00229306472465, -0.00247719069012, 0.00170868088026, -0.00236235116608, 0.00306545104831, -0.00169246888254, 0.00181120994966, -0.00110958388541, 0.00128727266565, -0.000917103549], [0.00105480966158, -0.00212958804332, 0.00357045326382, -0.00215518800542, 0.002699973993, -0.00148587638978, 0.00230619264767, -0.00227466225624, 0.00194764859043, -0.00149819150101, 0.000920361548197, -0.00155037757941, 0.00146425329149], [-0.000952546775807, 0.00229306472465, -0.00215518800542, 0.00451552169397, -0.00269867456518, 0.00140522967558, -0.00236575794406, 0.00290158693679, -0.00211257743649, 0.00103284418583, 7.34981804271e-05, 0.000310240371618, -0.000656272983178], [0.00120770640206, -0.00247719069012, 0.002699973993, -0.00269867456518, 0.00685374066234, -0.00126910768449, 0.00195474247448, -0.00459944130853, 0.000696186441928, -0.000796321372036, -0.000825666764285, -0.000684952887241, 0.00104844523594], [-0.000623195548542, 0.00170868088026, -0.00148587638978, 0.00140522967558, -0.00126910768449, 0.00697951298207, -0.00404449319467, 0.00161490822211, 0.000269186130026, -0.00193474360276, 0.00203694705851, -3.11622045501e-07, -1.30474991238e-05], [0.00109489751048, -0.00236235116608, 0.00230619264767, -0.00236575794406, 0.00195474247448, -0.00404449319467, 0.00897722132504, -0.00376224657521, 0.00174945872277, -0.00168171105906, -0.00228803022765, -3.82200028071e-07, 0.000640876882244], [-0.00123299984261, 0.00306545104831, -0.00227466225624, 0.00290158693679, -0.00459944130853, 0.00161490822211, -0.00376224657521, 0.0120122823864, -0.00235069426708, 0.000670844514389, -0.00156488770153, 0.000522727670614, 0.000671056797728], [0.000841785222292, -0.00169246888254, 0.00194764859043, -0.00211257743649, 0.000696186441928, 0.000269186130026, 0.00174945872277, -0.00235069426708, 0.0105907553807, -0.0054119117558, 0.00101793883368, -0.00053651467897, -0.000151339365402], [-0.000656911113765, 0.00181120994966, -0.00149819150101, 0.00103284418583, -0.000796321372036, -0.00193474360276, -0.00168171105906, 0.000670844514389, -0.0054119117558, 0.0150040201843, -0.00355683709495, -0.000748162914533, 0.000490982376505], [0.000208312892937, -0.00110958388541, 0.000920361548197, 7.34981804271e-05, -0.000825666764285, 0.00203694705851, -0.00228803022765, -0.00156488770153, 0.00101793883368, -0.00355683709495, 0.0135696269572, -0.00276617566124, 0.00146188365761], [-0.000367194239516, 0.00128727266565, -0.00155037757941, 0.000310240371618, -0.000684952887241, -3.11622045501e-07, -3.82200028071e-07, 0.000522727670614, -0.00053651467897, -0.000748162914533, -0.00276617566124, 0.0144616402686, -0.00411135004833], [0.000477742752992, -0.000917103549, 0.00146425329149, -0.000656272983178, 0.00104844523594, -1.30474991238e-05, 0.000640876882244, 0.000671056797728, -0.000151339365402, 0.000490982376505, 0.00146188365761, -0.00411135004833, 0.0152984652668]]
    },
    "melbands": {
        "dmean": [7.11489556124e-05, 0.000118817253679, 0.000140292700962, 0.000271461671218, 0.000249892793363, 0.000163254255312, 0.000186313540326, 0.00017106589803, 0.000123080302728, 0.000113758644147, 9.21237442526e-05, 3.97304247599e-05, 4.71282146464e-05, 4.81724309793e-05, 3.90900713683e-05, 3.82362559321e-05, 2.77225517493e-05, 2.40499957727e-05, 1.89529400814e-05, 1.83733827726e-05, 1.54157205543e-05, 1.67040016095e-05, 1.45435333252e-05, 6.51237132843e-06, 4.17630053562e-06, 8.12089547253e-06, 8.49018761073e-06, 3.72264321413e-06, 2.11029578168e-06, 1.84250552593e-06, 1.44440321037e-06, 1.31223998778e-06, 9.02925705759e-07, 7.94329196196e-07, 5.61831768664e-07, 3.52198867404e-07, 2.60113694139e-07, 1.77768669118e-07, 1.13468033192e-07, 8.23954664497e-08],
        "dmean2": [0.000114216192742, 0.000186407982255, 0.000228662669542, 0.000433557084762, 0.000379874749342, 0.000254119106103, 0.000269596173894, 0.000254699174548, 0.000185847384273, 0.000171879961272, 0.000145783356857, 5.82946559007e-05, 7.6052499935e-05, 7.53681306378e-05, 6.06418216194e-05, 5.99664563197e-05, 4.40909025201e-05, 3.92623478547e-05, 3.0581260944e-05, 2.90260468319e-05, 2.48868182098e-05, 2.67859522864e-05, 2.32579131989e-05, 1.04669061329e-05, 6.72433907312e-06, 1.27157636598e-05, 1.31400538521e-05, 5.85660745855e-06, 3.41525492331e-06, 2.8913029837e-06, 2.23130177801e-06, 2.14086730921e-06, 1.36767619097e-06, 1.12425414045e-06, 8.48217439398e-07, 5.40448240827e-07, 3.94826543015e-07, 2.6926022656e-07, 1.73786446567e-07, 1.24705024973e-07],
        "dvar": [3.74038876316e-07, 9.46498772691e-08, 9.51317318254e-08, 3.43151640436e-07, 7.59644308346e-07, 2.24564033147e-07, 1.90687202917e-07, 2.0659690847e-07, 2.26677286719e-07, 2.27723390367e-07, 1.19596080594e-07, 3.21165778416e-08, 2.697586865e-08, 2.41429667369e-08, 1.51389478731e-08, 1.71431633333e-08, 6.57614585009e-09, 1.22619168152e-08, 3.41494335032e-08, 8.10376032945e-09, 3.23460880303e-09, 3.60528407128e-09, 1.64525337798e-09, 3.7451747259e-10, 1.18531434667e-10, 4.68017236077e-10, 4.64758564966e-10, 9.49691297825e-11, 8.43727102073e-11, 9.29612220535e-11, 4.49332342167e-11, 3.95131184716e-11, 3.06928371607e-11, 2.6199131406e-11, 1.03789017311e-11, 3.18286738112e-12, 1.79694540497e-12, 8.19815678017e-13, 3.22922434235e-13, 1.5111706103e-13],
        "dvar2": [9.82308620223e-07, 2.30687049907e-07, 2.33490510482e-07, 8.47296405482e-07, 1.33427920446e-06, 5.39170855518e-07, 3.57518644023e-07, 4.14056330555e-07, 4.93398317758e-07, 4.77122796383e-07, 3.0091877079e-07, 4.25193213971e-08, 7.10682144245e-08, 5.60169546304e-08, 3.44855664025e-08, 3.9986634448e-08, 1.58952957463e-08, 3.14400878665e-08, 9.07224304569e-08, 1.72689293976e-08, 8.55902193564e-09, 9.84394876724e-09, 3.92889454304e-09, 9.43284117483e-10, 2.85441031922e-10, 1.11424236504e-09, 1.06418340806e-09, 2.19304255311e-10, 2.00120989224e-10, 2.14194037507e-10, 9.32900909301e-11, 1.00385776081e-10, 6.54676590717e-11, 4.3336428196e-11, 2.24624520373e-11, 6.62801410978e-12, 3.73210793866e-12, 1.85193332024e-12, 7.42785824168e-13, 3.05822451781e-13],
        "max": [0.0484211742878, 0.0141843175516, 0.00933813489974, 0.0136483628303, 0.0779194012284, 0.023336302489, 0.0222524255514, 0.0191401280463, 0.0201383773237, 0.0229633674026, 0.0159957353026, 0.0164555739611, 0.00793973356485, 0.00577772269025, 0.00325031531975, 0.00457214098424, 0.00221429229714, 0.00571156246588, 0.0135659873486, 0.00488070957363, 0.00146773562301, 0.00214189453982, 0.00107716000639, 0.000510239042342, 0.000375848874683, 0.000688196276315, 0.000467799138278, 0.000305879366351, 0.000466243713163, 0.000336402794346, 0.000214821950067, 0.000244970491622, 0.000375553179765, 0.000426767102908, 0.000218639775994, 8.82298772922e-05, 4.31483640568e-05, 3.78942713724e-05, 2.26275096793e-05, 1.72393629327e-05],
        "mean": [0.000156362802954, 0.000298676342936, 0.000296936254017, 0.000535766303074, 0.00045758462511, 0.000297990976833, 0.0004644493456, 0.000378364638891, 0.00021116953576, 0.000182813368156, 0.000176086759893, 6.91066088621e-05, 7.58689857321e-05, 7.83536961535e-05, 6.2745915784e-05, 5.6414584833e-05, 4.52984495496e-05, 3.48064968421e-05, 2.57496358245e-05, 2.80009517155e-05, 2.7119385777e-05, 2.80984259007e-05, 2.5504752557e-05, 1.18311727419e-05, 7.91506499809e-06, 1.51885415107e-05, 1.69280501723e-05, 6.59586703478e-06, 3.54933763447e-06, 2.76325908999e-06, 2.10590314964e-06, 1.85608769243e-06, 1.26708437165e-06, 1.13466091989e-06, 8.24487869977e-07, 5.2377481552e-07, 3.92280583128e-07, 2.76406012745e-07, 1.7623855797e-07, 1.3253601594e-07],
        "median": [5.74395453441e-05, 0.000146888109157, 0.000135633687023, 0.000204271433176, 0.000170246465132, 0.000132771412609, 0.000117774819955, 0.000108782704046, 4.80369053548e-05, 4.01853394578e-05, 3.05571047647e-05, 1.70796156453e-05, 2.1174806534e-05, 2.11839796975e-05, 1.33797329909e-05, 1.07656378532e-05, 7.72101157054e-06, 6.09592461842e-06, 4.46582362201e-06, 4.63061587652e-06, 4.17915953221e-06, 4.10689790442e-06, 4.47147476734e-06, 2.06911386158e-06, 1.72159832346e-06, 2.33766741076e-06, 2.2312137844e-06, 1.15375974019e-06, 4.86231556351e-07, 3.34722642492e-07, 2.61265540757e-07, 1.61034137136e-07, 1.14618934788e-07, 1.08461819082e-07, 1.00395105562e-07, 7.77927766649e-08, 5.37583701998e-08, 3.60799461419e-08, 2.11377120252e-08, 1.65806302022e-08],
        "min": [7.27685284363e-25, 3.9487729301e-25, 5.14352199954e-25, 5.70512834822e-25, 8.58991034126e-25, 7.50118023317e-25, 1.0954330592e-24, 5.98621033559e-25, 7.92386620429e-25, 1.19579628229e-24, 1.73641340887e-24, 1.80966367987e-24, 1.99012783928e-24, 1.00841755983e-24, 2.43561001702e-24, 1.69548257194e-24, 1.52043887302e-24, 2.18121913838e-24, 2.15617773502e-24, 2.7457376657e-24, 2.79305314837e-24, 3.06142540326e-24, 3.11797686941e-24, 3.71027197806e-24, 3.57790190703e-24, 3.81761938118e-24, 3.16809182221e-24, 3.54715881426e-24, 3.17658134605e-24, 3.94746391403e-24, 4.01607903557e-24, 3.42584502324e-24, 3.59479102458e-24, 4.90086266585e-24, 4.22331200651e-24, 4.71414244503e-24, 4.92052147404e-24, 4.29930337194e-24, 4.70607949771e-24, 5.34211595749e-24],
        "var": [3.51563812728e-07, 2.56353786199e-07, 2.19487318986e-07, 9.37106449328e-07, 2.06153367799e-06, 4.19068356905e-07, 8.31332840789e-07, 7.37689447305e-07, 4.14188605191e-07, 4.81028166632e-07, 2.9867186413e-07, 9.51605443333e-08, 3.53477922488e-08, 4.05312370333e-08, 3.18740127625e-08, 2.91786577122e-08, 1.37132092348e-08, 1.42194771513e-08, 2.66510884472e-08, 1.21006813458e-08, 7.52918172253e-09, 6.58495080685e-09, 3.59307161801e-09, 7.56728790741e-10, 2.96441232672e-10, 1.08973396973e-09, 1.36189337585e-09, 2.01253680387e-10, 1.40334327492e-10, 1.37174369086e-10, 7.39515948478e-11, 5.80609449408e-11, 5.88884843666e-11, 5.50989150139e-11, 1.80497387869e-11, 6.01108138959e-12, 3.13995834542e-12, 1.32617051021e-12, 5.29370872224e-13, 3.1465024271e-13]
    },
    "mfcc": {
        "mean": [-728.665649414, 129.183319092, -15.5214147568, 17.9591007233, -7.97443914413, -5.51321220398, -4.58916711807, -2.45575380325, -9.16622924805, -0.30300784111, -4.9648103714, 0.401078283787, 0.0666407346725],
        "cov": [[24599.8945312, 4835.05224609, -1543.48449707, 1215.33618164, -373.558746338, -274.562896729, -91.3220901489, 36.7091407776, -455.494445801, 238.027755737, -23.0109386444, 109.002876282, 108.084663391], [4835.05224609, 3402.49023438, -161.441452026, 207.227630615, -44.0771522522, -191.023132324, -19.2668914795, -39.617729187, -216.735839844, -14.0589780807, -99.2637557983, 8.42753219604, 51.1227035522], [-1543.48449707, -161.441452026, 843.820861816, -36.2170677185, -56.1974029541, 97.615234375, -32.9642601013, -57.0733032227, 23.8728694916, -106.245613098, -51.7410850525, -8.11448764801, -42.7451248169], [1215.33618164, 207.227630615, -36.2170677185, 387.947479248, 59.3249511719, -8.09227085114, -35.406414032, 18.4976940155, -28.0162029266, 16.3312015533, -12.122546196, 9.16094493866, 51.9156608582], [-373.558746338, -44.0771522522, -56.1974029541, 59.3249511719, 214.401779175, -23.1712589264, -24.8652515411, 16.3635463715, 1.67097878456, 34.9512405396, -15.59471035, 0.325695216656, 34.4835319519], [-274.562896729, -191.023132324, 97.615234375, -8.09227085114, -23.1712589264, 211.562545776, 36.415058136, -0.652478575706, 54.6658821106, -7.78987884521, 40.5838241577, 2.54591655731, -28.8759613037], [-91.3220901489, -19.2668914795, -32.9642601013, -35.406414032, -24.8652515411, 36.415058136, 209.020080566, 55.1196136475, 2.46713328362, 29.2197914124, 53.4170951843, 13.1059350967, -10.3473377228], [36.7091407776, -39.617729187, -57.0733032227, 18.4976940155, 16.3635463715, -0.652478575706, 55.1196136475, 107.379592896, 11.3222255707, 18.2845420837, 25.0554695129, 6.08545732498, 24.1048183441], [-455.494445801, -216.735839844, 23.8728694916, -28.0162029266, 1.67097878456, 54.6658821106, 2.46713328362, 11.3222255707, 127.219512939, 13.7501058578, 24.7701683044, 7.81955528259, -5.99286556244], [238.027755737, -14.0589780807, -106.245613098, 16.3312015533, 34.9512405396, -7.78987884521, 29.2197914124, 18.2845420837, 13.7501058578, 114.608322144, 41.8947944641, 13.0841474533, 13.4897489548], [-23.0109386444, -99.2637557983, -51.7410850525, -12.122546196, -15.59471035, 40.5838241577, 53.4170951843, 25.0554695129, 24.7701683044, 41.8947944641, 134.511108398, 32.2106552124, 12.9374141693], [109.002876282, 8.42753219604, -8.11448764801, 9.16094493866, 0.325695216656, 2.54591655731, 13.1059350967, 6.08545732498, 7.81955528259, 13.0841474533, 32.2106552124, 79.1959228516, 31.1319732666], [108.084663391, 51.1227035522, -42.7451248169, 51.9156608582, 34.4835319519, -28.8759613037, -10.3473377228, 24.1048183441, -5.99286556244, 13.4897489548, 12.9374141693, 31.1319732666, 110.579101562]],
