{
"lowlevel": {
    "average_loudness": 0.802142739296,
    "barkbands_crest": {
        "dmean": 2.06448364258,
        "dmean2": 3.39533805847,
        "dvar": 4.11081790924,
        "dvar2": 10.3918733597,
        "max": 24.9712944031,
        "mean": 7.63718509674,
        "median": 6.78539180756,
        "min": 2.1666059494,
        "var": 10.7509269714
    },
    "barkbands_flatness_db": {
        "dmean": 0.0163368266076,
        "dmean2": 0.0254316776991,
        "dvar": 0.000240116380155,
        "dvar2": 0.000538575171959,
        "max": 0.337027519941,
        "mean": 0.120096825063,
        "median": 0.114408560097,
        "min": 0.0219375062734,
        "var": 0.00160191569012
    },
    "barkbands_kurtosis": {
        "dmean": 1.39584600925,
        "dmean2": 2.22119379044,
        "dvar": 4.87721824646,
        "dvar2": 10.9370212555,
        "max": 51.2933883667,
        "mean": 1.54726922512,
        "median": 0.515671253204,
        "min": -1.93278467655,
        "var": 12.6942024231
    },
    "barkbands_skewness": {
        "dmean": 0.407739818096,
        "dmean2": 0.626262664795,
        "dvar": 0.17334087193,
        "dvar2": 0.381980001926,
        "max": 6.09873962402,
        "mean": 0.612622141838,
        "median": 0.68914014101,
        "min": -2.89091849327,
        "var": 1.49569582939
    },
    "barkbands_spread": {
        "dmean": 5.05262994766,
        "dmean2": 7.86752605438,
        "dvar": 34.9922981262,
        "dvar2": 73.600730896,
        "max": 98.9766159058,
        "mean": 24.0684432983,
        "median": 23.5410461426,
        "min": 1.4837539196,
        "var": 141.550094604
    },
    "dissonance": {
        "dmean": 0.0144272446632,
        "dmean2": 0.0240557156503,
        "dvar": 0.00025835778797,
        "dvar2": 0.00068800378358,
        "max": 0.500000178814,
        "mean": 0.473259299994,
        "median": 0.480083316565,
        "min": 0.29147836566,
        "var": 0.000607150199357
    },
    "dynamic_complexity": 3.69956588745,
    "erbbands_crest": {
        "dmean": 2.27991580963,
        "dmean2": 3.73392796516,
        "dvar": 5.46113300323,
        "dvar2": 13.3828372955,
        "max": 31.0116615295,
        "mean": 7.94161081314,
        "median": 7.06658124924,
        "min": 2.32608795166,
        "var": 15.73670578
    },
    "erbbands_flatness_db": {
        "dmean": 0.0151240034029,
        "dmean2": 0.0225530657917,
        "dvar": 0.00022023623751,
        "dvar2": 0.000425707403338,
        "max": 0.373774468899,
        "mean": 0.16838952899,
        "median": 0.167513877153,
        "min": 0.0529162175953,
        "var": 0.00197358359583
    },
    "erbbands_kurtosis": {
        "dmean": 0.757645189762,
        "dmean2": 1.21593880653,
        "dvar": 1.45591390133,
        "dvar2": 3.34967398643,
        "max": 40.2199745178,
        "mean": 0.154414758086,
        "median": -0.167630910873,
        "min": -1.77104985714,
        "var": 2.61121678352
    },
    "erbbands_skewness": {
        "dmean": 0.339185625315,
        "dmean2": 0.51410728693,
        "dvar": 0.114324040711,
        "dvar2": 0.241740867496,
        "max": 3.33401083946,
        "mean": -0.036645334214,
        "median": -0.0403821282089,
        "min": -4.70703125,
        "var": 0.578041255474
    },
    "erbbands_spread": {
        "dmean": 6.25874614716,
        "dmean2": 9.72717475891,
        "dvar": 46.6096420288,
        "dvar2": 105.298927307,
        "max": 136.455078125,
        "mean": 33.6483726501,
        "median": 33.1903800964,
        "min": 2.813539505,
        "var": 172.761734009
    },
    "hfc": {
        "dmean": 5.57220125198,
        "dmean2": 7.83072519302,
        "dvar": 83.4430389404,
        "dvar2": 175.543930054,
        "max": 155.934768677,
        "mean": 16.3424224854,
        "median": 10.6280374527,
        "min": 1.03905266942e-16,
        "var": 317.102386475
    },
    "melbands_crest": {
        "dmean": 2.77698636055,
        "dmean2": 4.60393571854,
        "dvar": 6.95307397842,
        "dvar2": 18.2666282654,
        "max": 31.0449447632,
        "mean": 10.1541957855,
        "median": 9.71207809448,
        "min": 1.56739497185,
        "var": 24.8100624084
    },
    "melbands_flatness_db": {
        "dmean": 0.0200440715998,
        "dmean2": 0.030384618789,
        "dvar": 0.000455785891972,
        "dvar2": 0.000975890143309,
        "max": 0.449343860149,
        "mean": 0.146316021681,
        "median": 0.144591003656,
        "min": 0.00237427349202,
        "var": 0.0053436877206
    },
    "melbands_kurtosis": {
        "dmean": 2.92441940308,
        "dmean2": 4.6078081131,
        "dvar": 25.8225288391,
        "dvar2": 61.4607391357,
        "max": 122.130691528,
        "mean": 4.84013128281,
        "median": 2.3472032547,
        "min": -1.89660382271,
        "var": 63.2120094299
    },
    "melbands_skewness": {
        "dmean": 0.490572780371,
        "dmean2": 0.76350915432,
        "dvar": 0.270671367645,
        "dvar2": 0.628020584583,
        "max": 8.55506896973,
        "mean": 1.57228124142,
        "median": 1.4923158884,
        "min": -1.82930457592,
        "var": 1.42255425453
    },
    "melbands_spread": {
        "dmean": 8.97656440735,
        "dmean2": 14.0279664993,
        "dvar": 121.221481323,
        "dvar2": 263.749603271,
        "max": 233.972045898,
        "mean": 42.5961837769,
        "median": 29.6342868805,
        "min": 1.90747559071,
        "var": 1350.00769043
    },
    "pitch_salience": {
        "dmean": 0.0586304403841,
        "dmean2": 0.0956465452909,
        "dvar": 0.00302172638476,
        "dvar2": 0.00785514432937,
        "max": 0.921144604683,
        "mean": 0.640148460865,
        "median": 0.637780964375,
        "min": 0.180117219687,
        "var": 0.011532430537
    },
    "silence_rate_20dB": {
        "dmean": 0,
        "dmean2": 0,
        "dvar": 0,
        "dvar2": 0,
        "max": 1,
        "mean": 1,
        "median": 1,
        "min": 1,
        "var": 0
    },
    "silence_rate_30dB": {
        "dmean": 0,
        "dmean2": 0,
        "dvar": 0,
        "dvar2": 0,
        "max": 1,
        "mean": 1,
        "median": 1,
        "min": 1,
        "var": 0
    },
    "silence_rate_60dB": {
        "dmean": 0.0354056917131,
        "dmean2": 0.0708188414574,
        "dvar": 0.034150224179,
        "dvar2": 0.0748592913151,
        "max": 1,
        "mean": 0.220946162939,
        "median": 0,
        "min": 0,
        "var": 0.172138854861
    },
    "spectral_centroid": {
        "dmean": 284.823120117,
        "dmean2": 440.750946045,
        "dvar": 97534.046875,
        "dvar2": 208693.671875,
        "max": 12079.78125,
        "mean": 2659.23242188,
        "median": 1756.9152832,
        "min": 241.606933594,
        "var": 8653514
    },
    "spectral_complexity": {
        "dmean": 3.52497363091,
        "dmean2": 5.20623874664,
        "dvar": 16.2755508423,
        "dvar2": 32.5785102844,
        "max": 59,
        "mean": 18.1723747253,
        "median": 17,
        "min": 0,
        "var": 166.246749878
    },
    "spectral_decrease": {
        "dmean": 1.17224374652e-09,
        "dmean2": 1.7112332662e-09,
        "dvar": 2.85492454872e-18,
        "dvar2": 5.96746622741e-18,
        "max": 2.6837833775e-28,
        "mean": -3.45721051787e-09,
        "median": -2.80958634136e-09,
        "min": -2.70288555981e-08,
        "var": 1.03729094015e-17
    },
    "spectral_energy": {
        "dmean": 0.0048408145085,
        "dmean2": 0.00701770652086,
        "dvar": 4.85219716211e-05,
        "dvar2": 0.000100382269011,
        "max": 0.116156861186,
        "mean": 0.0145306112245,
        "median": 0.0117705957964,
        "min": 9.5877753553e-21,
        "var": 0.000182194606168
    },
    "spectral_energyband_high": {
        "dmean": 0.000267535418971,
        "dmean2": 0.000401100609452,
        "dvar": 4.43646854364e-07,
        "dvar2": 1.01757711946e-06,
        "max": 0.0172566827387,
        "mean": 0.000593784323428,
        "median": 0.000187066223589,
        "min": 6.59335528457e-21,
        "var": 1.17783383757e-06
    },
    "spectral_energyband_low": {
        "dmean": 0.00098509748932,
        "dmean2": 0.00161806424148,
        "dvar": 3.32903323397e-06,
        "dvar2": 8.85721783561e-06,
        "max": 0.0455335713923,
        "mean": 0.00192376982886,
        "median": 0.00107314123306,
        "min": 3.2949035793e-24,
        "var": 6.61051990392e-06
    },
    "spectral_energyband_middle_high": {
        "dmean": 0.00186453398783,
        "dmean2": 0.00265538156964,
        "dvar": 9.71837198449e-06,
        "dvar2": 1.96626970137e-05,
        "max": 0.0939699560404,
        "mean": 0.00525925215334,
        "median": 0.00310472073033,
        "min": 9.94889260316e-22,
        "var": 3.90356617572e-05
    },
    "spectral_energyband_middle_low": {
        "dmean": 0.00326700089499,
        "dmean2": 0.00500442879274,
        "dvar": 2.62619269051e-05,
        "dvar2": 5.88506700296e-05,
        "max": 0.0681426003575,
        "mean": 0.00732113420963,
        "median": 0.00469626579434,
        "min": 1.23678079726e-22,
        "var": 7.02573815943e-05
    },
    "spectral_entropy": {
        "dmean": 0.122042886913,
        "dmean2": 0.181471914053,
        "dvar": 0.0203932709992,
        "dvar2": 0.039962451905,
        "max": 9.83714008331,
        "mean": 7.84012508392,
        "median": 7.70029830933,
        "min": 5.93939113617,
        "var": 0.554542243481
    },
    "spectral_flux": {
        "dmean": 0.0152312060818,
        "dmean2": 0.0233856998384,
        "dvar": 0.000357692770194,
        "dvar2": 0.000741461932193,
        "max": 0.299691170454,
        "mean": 0.0631670206785,
        "median": 0.0620212033391,
        "min": 6.17045234352e-11,
        "var": 0.00171676022001
    },
    "spectral_kurtosis": {
        "dmean": 1.59175765514,
        "dmean2": 2.7418217659,
        "dvar": 3.63674759865,
        "dvar2": 10.4739933014,
        "max": 38.5397033691,
        "mean": 4.09351301193,
        "median": 3.8198466301,
        "min": -1.30361497402,
        "var": 10.6967124939
    },
    "spectral_rms": {
        "dmean": 0.000567287905142,
        "dmean2": 0.000802549126092,
        "dvar": 4.49014351034e-07,
        "dvar2": 8.55284895351e-07,
        "max": 0.0106453634799,
        "mean": 0.00324564962648,
        "median": 0.00338873267174,
        "min": 3.05841896947e-12,
        "var": 3.64197740055e-06
    },
    "spectral_rolloff": {
        "dmean": 491.261322021,
        "dmean2": 806.084960938,
        "dvar": 556790.5625,
        "dvar2": 1112476.125,
        "max": 19961.2792969,
        "mean": 3788.35058594,
        "median": 2153.3203125,
        "min": 107.666015625,
        "var": 27738146
    },
    "spectral_skewness": {
        "dmean": 0.212720364332,
        "dmean2": 0.35130572319,
        "dvar": 0.050076264888,
        "dvar2": 0.130738377571,
        "max": 4.70510482788,
        "mean": 1.25070047379,
        "median": 1.32268512249,
        "min": -0.116061128676,
        "var": 0.353614211082
    },
    "spectral_spread": {
        "dmean": 460507.09375,
        "dmean2": 700420.125,
        "dvar": 499403784192,
        "dvar2": 1.04069070848e+12,
        "max": 43908768,
        "mean": 7530435,
        "median": 3574346.5,
        "min": 1473438.75,
        "var": 1.29282483421e+14
    },
    "spectral_strongpeak": {
        "dmean": 0.525207638741,
        "dmean2": 0.87367361784,
        "dvar": 0.756404399872,
        "dvar2": 1.95929574966,
        "max": 10.6513710022,
        "mean": 0.829294085503,
        "median": 0.424709051847,
        "min": 0,
        "var": 1.16153848171
    },
    "zerocrossingrate": {
        "dmean": 0.00955925043672,
        "dmean2": 0.0117793669924,
        "dvar": 0.000169244813151,
        "dvar2": 0.000209274119698,
        "max": 0.708984375,
        "mean": 0.115278415382,
        "median": 0.06982421875,
        "min": 0.00634765625,
        "var": 0.018408479169
    },
    "barkbands": {
        "dmean": [1.62178075698e-05, 0.00034645726555, 0.000542644469533, 0.00079493096564, 0.000965147337411, 0.000732996442821, 0.00105078413617, 0.000809094053693, 0.00053950335132, 0.000385441060644, 0.00031465763459, 0.000308416580083, 0.000305729074171, 0.00035667445627, 0.00028997429763, 0.000271290540695, 0.000347495952155, 0.000293577671982, 0.000261396169662, 0.00014195611584, 0.000107915810077, 6.62619349896e-05, 3.60084377462e-05, 2.2249907488e-05, 1.049504408e-05, 3.83538872484e-06, 7.59734941624e-09],
        "dmean2": [2.69880329142e-05, 0.000569486408494, 0.000916615477763, 0.00134199962486, 0.001582729863, 0.00118209258653, 0.00165444938466, 0.00126259843819, 0.000841267057694, 0.00059747917112, 0.000504822703078, 0.000500265741721, 0.000486041448312, 0.000556231301744, 0.000471090781502, 0.00042611171375, 0.000530136341695, 0.000456247391412, 0.0004011822748, 0.000229339930229, 0.000168469618075, 0.000107032254164, 5.47779382032e-05, 3.16988152917e-05, 1.51487320181e-05, 5.48275738765e-06, 1.32203172853e-08],
        "dvar": [8.3897339076e-10, 5.6374341284e-07, 1.29208297039e-06, 1.94447557078e-06, 3.18968682222e-06, 2.82450127997e-06, 5.81132871957e-06, 6.66381174597e-06, 3.42449106938e-06, 8.07040464679e-07, 4.78031779494e-07, 6.4220199647e-07, 9.56359031079e-07, 7.91518175447e-07, 5.10109657625e-07, 3.17410325579e-07, 4.61249982209e-07, 5.92479239003e-07, 3.93549015598e-07, 1.07608705946e-07, 9.54764516337e-08, 3.38205481398e-08, 7.95588661617e-09, 7.04099845095e-09, 1.81958548229e-09, 1.39650138675e-10, 2.47201509928e-16],
        "dvar2": [2.07936756702e-09, 1.45727835843e-06, 3.49230117536e-06, 5.46432011106e-06, 8.26269751997e-06, 6.95098970027e-06, 1.30350072141e-05, 1.51739659486e-05, 8.13775204733e-06, 1.90095704511e-06, 1.20699269246e-06, 1.58082559665e-06, 2.2993717721e-06, 1.84503232958e-06, 1.28929320908e-06, 7.38306482617e-07, 1.01831847132e-06, 1.42934493397e-06, 9.04327293938e-07, 2.77102287782e-07, 2.11334821643e-07, 8.95052849614e-08, 1.77678689539e-08, 1.22808510028e-08, 3.71678132716e-09, 2.8261384899e-10, 6.9989564808e-16],
        "max": [0.000441930402303, 0.0211299359798, 0.0328696481884, 0.025009252131, 0.0361506417394, 0.0453128628433, 0.0550197139382, 0.0620997920632, 0.053098898381, 0.0314109064639, 0.0142235914245, 0.0220091100782, 0.0563581511378, 0.0263926964253, 0.0261711925268, 0.0120787704363, 0.0131718441844, 0.0278762169182, 0.0134733244777, 0.00820378214121, 0.00971224997193, 0.00474854232743, 0.00275221141055, 0.00493576005101, 0.00192672538105, 0.000325106811943, 3.40972434287e-07],
        "mean": [1.9493734726e-05, 0.000609983108006, 0.000843782443553, 0.00105293118395, 0.00157135666814, 0.00103340670466, 0.00164674560074, 0.00100550521165, 0.000809650402516, 0.000671505578794, 0.000465062941657, 0.000466260389658, 0.000462070573121, 0.000593247474171, 0.000504694122355, 0.000462718540803, 0.000639009347651, 0.0004972377792, 0.000447640864877, 0.000263029272901, 0.000223781244131, 0.000111335080874, 6.59918223391e-05, 3.92879883293e-05, 1.82002549991e-05, 6.65668812871e-06, 8.16049627872e-09],
        "median": [6.16966781308e-06, 0.000214543470065, 0.000268147035968, 0.000487513490953, 0.000782770453952, 0.000362417660654, 0.000393130176235, 0.000210892030736, 0.000174893473741, 0.000213250881643, 0.000149482788402, 0.000143614859553, 0.000120054035506, 0.00016547155974, 0.000147316459334, 0.000166425656062, 0.000207851975574, 0.000144988516695, 0.000152217209688, 8.5062769358e-05, 5.24870338268e-05, 3.67356078641e-05, 2.14638603211e-05, 1.06456964204e-05, 4.5477850108e-06, 1.43434817801e-06, 3.1209264062e-09],
        "min": [4.42880687035e-26, 5.7586624214e-25, 7.30496045072e-25, 1.12398282282e-25, 4.76103036508e-24, 2.27856240472e-24, 2.64403929553e-24, 4.4062212403e-24, 6.15772595271e-24, 6.28179839032e-24, 6.44231186301e-24, 1.60878857284e-23, 1.93349192558e-23, 1.66324364113e-23, 2.68132622616e-23, 3.12846079139e-23, 5.39101799721e-23, 6.8332210772e-23, 8.98404465548e-23, 1.30414926613e-22, 1.81814957496e-22, 2.63591497483e-22, 2.95203716176e-22, 5.2470074631e-22, 7.73579975289e-22, 1.18817517676e-21, 1.78031583119e-21],
        "var": [1.31206367993e-09, 1.13081682684e-06, 2.18086802306e-06, 2.71390217677e-06, 5.30962643097e-06, 3.84287750421e-06, 1.27837311084e-05, 8.58883595356e-06, 6.09682865615e-06, 1.91104663827e-06, 7.59205079248e-07, 1.00534566627e-06, 1.46030720316e-06, 1.46162369674e-06, 9.29463965349e-07, 6.43223984298e-07, 1.1054744391e-06, 9.83532800092e-07, 6.97456869148e-07, 2.19801009393e-07, 2.7138526093e-07, 4.66736622684e-08, 1.6920434831e-08, 1.54305972444e-08, 3.12140135961e-09, 2.94599011852e-10, 2.4158660793e-16]
    },
    "erbbands": {
        "dmean": [0.00790885649621, 0.0907479003072, 0.494356155396, 1.56641304493, 3.44703507423, 2.92611002922, 4.42913198471, 6.71636247635, 12.6528339386, 16.500995636, 17.6142845154, 12.4763889313, 10.1090803146, 12.6075363159, 11.3123416901, 12.432141304, 12.7903432846, 16.3764839172, 15.3657140732, 13.9343700409, 15.177901268, 18.4602661133, 15.6705560684, 15.3889846802, 10.3324480057, 6.24177885056, 5.03487920761, 3.7363717556, 2.65472245216, 1.61329054832, 0.970635592937, 0.583270192146, 0.303524702787, 0.125314205885, 0.07632509619, 0.0268071051687, 0.00524029089138, 0.000212659899262, 7.81521521276e-06, 6.2335657276e-06],
        "dmean2": [0.012922889553, 0.149602264166, 0.831482768059, 2.63145184517, 5.70065975189, 4.84157705307, 7.19360256195, 10.7990045547, 19.9250011444, 26.0675582886, 27.3286247253, 19.2438869476, 15.4549312592, 19.7372112274, 18.0217399597, 20.0657501221, 20.1971683502, 25.2802333832, 23.9334049225, 22.285741806, 23.368850708, 27.9381427765, 24.1833171844, 23.3378334045, 16.0824775696, 10.0173101425, 7.99400949478, 5.8325676918, 4.28158903122, 2.56605386734, 1.4890024662, 0.848766684532, 0.435060083866, 0.179453104734, 0.111254781485, 0.0384146533906, 0.00746083725244, 0.00030505086761, 1.07434198071e-05, 8.93450396688e-06],
        "dvar": [0.000232874663197, 0.0438554100692, 1.24045205116, 6.6568107605, 40.7237510681, 36.8560371399, 107.163978577, 282.285491943, 876.448974609, 1909.54772949, 3489.11791992, 2030.3717041, 781.096740723, 735.430847168, 682.550048828, 1057.93884277, 1582.05737305, 1799.52185059, 1491.05859375, 962.816223145, 915.797546387, 1290.02392578, 1508.74304199, 1814.94946289, 486.241241455, 222.8853302, 183.205810547, 129.907302856, 51.5822067261, 19.6771297455, 6.29454708099, 3.56783008575, 1.86777675152, 0.198651626706, 0.125407502055, 0.00736953131855, 0.000307911890559, 3.24535648133e-07, 3.03261998846e-10, 7.81682635287e-11],
        "dvar2": [0.000604906294029, 0.114089287817, 3.32496786118, 18.2617321014, 107.352584839, 95.9168701172, 264.79510498, 704.750671387, 1953.20324707, 4421.46435547, 7871.49414062, 5008.67773438, 1812.62487793, 1704.84594727, 1695.14379883, 2550.32348633, 3869.74560547, 4217.13867188, 3408.97998047, 2406.35083008, 2109.27124023, 2826.59716797, 3612.90136719, 4279.74951172, 1135.81384277, 566.23236084, 426.183319092, 299.39831543, 134.321517944, 51.7061767578, 14.0692396164, 6.00924158096, 3.81074929237, 0.382683843374, 0.270002961159, 0.0152043113485, 0.000597770034801, 6.17389275703e-07, 5.69353786339e-10, 1.59306415282e-10],
        "max": [0.337447285652, 6.01600217819, 32.7202835083, 40.2927970886, 95.1088485718, 131.875259399, 240.82975769, 509.802429199, 807.087097168, 963.061279297, 1403.29553223, 1634.0333252, 1214.62121582, 1058.79089355, 667.272521973, 882.885314941, 2335.91308594, 1367.74597168, 1222.97546387, 749.295776367, 672.875305176, 706.387634277, 1288.94848633, 1361.27832031, 568.777160645, 443.085021973, 410.298095703, 420.960601807, 170.212280273, 145.285766602, 79.3495178223, 130.902374268, 77.2065734863, 18.7329216003, 15.1081838608, 3.02142071724, 0.764454960823, 0.0236476361752, 0.000584507361054, 0.000149496627273],
        "mean": [0.0127143263817, 0.16362914443, 0.826367795467, 2.37620663643, 4.9877281189, 4.54250478745, 6.26073932648, 9.49314308167, 20.4802398682, 23.9014339447, 23.232334137, 18.5111904144, 18.1367797852, 22.2165355682, 18.3029079437, 19.7289524078, 20.9243965149, 28.7524299622, 28.0001049042, 25.3919963837, 28.8239917755, 35.3536376953, 28.5650806427, 26.4153823853, 18.8209266663, 11.8294086456, 10.3813323975, 7.41135931015, 4.40299749374, 2.8010225296, 1.75598156452, 1.03503787518, 0.525635778904, 0.218138575554, 0.127011045814, 0.0450060106814, 0.0092263026163, 0.000544176553376, 2.21837199206e-05, 1.93290452444e-05],
        "median": [0.0043504955247, 0.0599048994482, 0.314693242311, 1.32122910023, 2.11815834045, 2.19186758995, 2.63280558586, 3.21369433403, 5.69774913788, 6.03801107407, 5.37940263748, 4.43724822998, 6.45686006546, 7.31200695038, 6.59678173065, 6.73060083389, 6.5610203743, 9.10413646698, 9.72862148285, 8.77810001373, 11.4195480347, 11.9177017212, 9.23981380463, 7.66601705551, 7.58645343781, 4.14145851135, 2.40845322609, 1.83240163326, 1.38176870346, 0.854518592358, 0.584485769272, 0.306028604507, 0.133854970336, 0.0598368011415, 0.0272601787001, 0.00809129979461, 0.00208168453537, 0.000328921654727, 1.40736101457e-05, 1.53869950736e-05],
        "min": [2.4692630599e-23, 7.24359409316e-23, 6.00118676127e-22, 2.49872279903e-21, 3.20953448787e-21, 1.68732938084e-20, 2.32463423807e-20, 2.39897337977e-20, 5.23074607373e-20, 8.37065033132e-20, 1.66364245007e-19, 2.2073397364e-19, 3.81519505801e-19, 4.37062590133e-19, 5.11069870852e-19, 7.10013787507e-19, 1.09590326264e-18, 1.3166359955e-18, 1.70061065091e-18, 1.56294835824e-18, 3.50408348574e-18, 3.41550939934e-18, 3.34487541286e-18, 5.13407100692e-18, 6.00702365867e-18, 5.6501613988e-18, 7.51800884102e-18, 8.4438613473e-18, 8.63374562e-18, 8.85699091398e-18, 9.4326366556e-18, 7.43865823204e-18, 8.02152443323e-18, 7.05797151617e-18, 5.56625881491e-18, 3.48062588434e-18, 2.13460967425e-18, 8.52972776137e-19, 2.21811169593e-19, 2.41757072639e-20],
        "var": [0.00048477423843, 0.0813896730542, 2.10743045807, 10.4868078232, 63.6041564941, 52.5027923584, 135.028411865, 374.343139648, 2127.53637695, 3072.26855469, 4635.10986328, 3248.69482422, 1786.86816406, 1729.53759766, 1096.16845703, 1793.96984863, 2440.58374023, 3244.55151367, 2953.6550293, 1942.96337891, 2116.13964844, 3214.64135742, 2742.98071289, 2950.90673828, 984.278808594, 443.794708252, 532.90814209, 300.047332764, 74.715637207, 28.2942752838, 13.026930809, 8.50666904449, 3.24983334541, 0.379923522472, 0.194117948413, 0.0147520918399, 0.00064017000841, 8.24865765026e-07, 8.87997619881e-10, 3.19655468761e-10]
    },
    "gfcc": {
        "mean": [-144.0052948, 81.8276901245, -130.001495361, 30.5512828827, -54.6985969543, 3.68911504745, -37.3205757141, 5.64111375809, -21.7494297028, -0.293388873339, -15.7345952988, -1.14685368538, -13.0735816956],
        "cov": [[121909.546875, 9568.55371094, -15728.5917969, 4033.05493164, -6764.45166016, 599.073791504, -4400.91210938, 738.118896484, -2586.47900391, -162.319381714, -1861.82714844, -239.649612427, -1505.50842285], [9568.55371094, 1735.1842041, -894.967468262, 228.004898071, -361.23059082, -197.373199463, -333.894744873, 3.15896725655, -170.720962524, -97.4984207153, -98.4128189087, -23.1350288391, -185.011795044], [-15728.5917969, -894.967468262, 2901.39233398, -312.849700928, 869.243530273, -117.860336304, 520.221435547, -74.1645584106, 298.358642578, 38.7792892456, 215.016082764, 68.0544052124, 128.82472229], [4033.05493164, 228.004898071, -312.849700928, 481.70489502, -175.540725708, 28.6613349915, -135.015029907, 10.5173377991, -79.9504776001, -10.3866157532, -80.2138595581, -10.3073091507, -31.4630260468], [-6764.45166016, -361.23059082, 869.243530273, -175.540725708, 592.892089844, -54.6935348511, 248.669494629, -45.3684997559, 162.249099731, -0.453840792179, 104.554336548, 13.9163856506, 74.2243270874], [599.073791504, -197.373199463, -117.860336304, 28.6613349915, -54.6935348511, 244.65953064, 57.1868209839, 39.5184059143, -22.5515766144, 33.9582328796, -24.1708621979, 1.12739133835, 25.4060707092], [-4400.91210938, -333.894744873, 520.221435547, -135.015029907, 248.669494629, 57.1868209839, 330.835296631, 2.42365312576, 91.0072021484, -2.21875429153, 65.215133667, 8.82239532471, 71.5518569946], [738.118896484, 3.15896725655, -74.1645584106, 10.5173377991, -45.3684997559, 39.5184059143, 2.42365312576, 118.981506348, 10.7225704193, 1.58561384678, 2.54192113876, 7.67988109589, -24.3033218384], [-2586.47900391, -170.720962524, 298.358642578, -79.9504776001, 162.249099731, -22.5515766144, 91.0072021484, 10.7225704193, 148.998474121, 19.9674892426, 66.6439971924, 2.17196846008, 24.6432952881], [-162.319381714, -97.4984207153, 38.7792892456, -10.3866157532, -0.453840792179, 33.9582328796, -2.21875429153, 1.58561384678, 19.9674892426, 104.270370483, 9.01711463928, 5.3442902565, 5.83142328262], [-1861.82714844, -98.4128189087, 215.016082764, -80.2138595581, 104.554336548, -24.1708621979, 65.215133667, 2.54192113876, 66.6439971924, 9.01711463928, 109.483093262, 19.6999816895, 14.0818653107], [-239.649612427, -23.1350288391, 68.0544052124, -10.3073091507, 13.9163856506, 1.12739133835, 8.82239532471, 7.67988109589, 2.17196846008, 5.3442902565, 19.6999816895, 71.9581985474, 21.0644645691], [-1505.50842285, -185.011795044, 128.82472229, -31.4630260468, 74.2243270874, 25.4060707092, 71.5518569946, -24.3033218384, 24.6432952881, 5.83142328262, 14.0818653107, 21.0644645691, 104.647239685]],
        "icov": [[0.00054931716295, -0.00145727791823, 0.00136972707696, -0.00158488552552, 0.00147920520976, -0.00118564034346, 0.00139260862488, -0.0013026088709, 0.00122973474208, -0.00106638600118, 0.00110177427996, -0.00100464641582, 0.00097142677987], [-0.00145727791823, 0.00487066106871, -0.00343904085457, 0.00400878256187, -0.00386979593895, 0.00390030257404, -0.00358971324749, 0.00355369364843, -0.0029116794467, 0.00330990203656, -0.00283536617644, 0.00232207006775, -0.0014221847523], [0.00136972707696, -0.00343904085457, 0.00416645500809, -0.00403562560678, 0.00301473215222, -0.00250259391032, 0.0028697818052, -0.00303770718165, 0.00291604665108, -0.00288744969293, 0.00264211324975, -0.0030558523722, 0.00281849945895], [-0.00158488552552, 0.00400878256187, -0.00403562560678, 0.00719487201422, -0.00404558749869, 0.00293508544564, -0.00330172711983, 0.00363011658192, -0.00342218275182, 0.00325360544957, -0.00208154064603, 0.00292390584946, -0.00300880149007], [0.00147920520976, -0.00386979593895, 0.00301473215222, -0.00404558749869, 0.00806313287467, -0.00272229989059, 0.00252435915172, -0.00245276885107, 0.0012960138265, -0.00229231710546, 0.00262326328084, -0.00252508302219, 0.00213543465361], [-0.00118564034346, 0.00390030257404, -0.00250259391032, 0.00293508544564, -0.00272229989059, 0.00900615938008, -0.00509089790285, 0.000932409137022, -0.00117746915203, 0.000340670638252, -0.00134265748784, 0.00218777777627, -0.00275803147815], [0.00139260862488, -0.00358971324749, 0.0028697818052, -0.00330172711983, 0.00252435915172, -0.00509089790285, 0.00997642800212, -0.00409598695114, 0.00255349464715, -0.00122907024343, 0.0017846081173, -0.00147743523121, 0.000360142817954], [-0.0013026088709, 0.00355369364843, -0.00303770718165, 0.00363011658192, -0.00245276885107, 0.000932409137022, -0.00409598695114, 0.0138380639255, -0.00570326438174, 0.00342011381872, -0.00264183920808, -9.45036008488e-05, 0.00142842973582], [0.00122973474208, -0.0029116794467, 0.00291604665108, -0.00342218275182, 0.0012960138265, -0.00117746915203, 0.00255349464715, -0.00570326438174, 0.0157223138958, -0.0045911045745, -0.00217519700527, 0.000131988621433, 0.00104089721572], [-0.00106638600118, 0.00330990203656, -0.00288744969293, 0.00325360544957, -0.00229231710546, 0.000340670638252, -0.00122907024343, 0.00342011381872, -0.0045911045745, 0.0133371213451, -0.00252936012112, 0.00116454786621, -0.00133527675644], [0.00110177427996, -0.00283536617644, 0.00264211324975, -0.00208154064603, 0.00262326328084, -0.00134265748784, 0.0017846081173, -0.00264183920808, -0.00217519700527, -0.00252936012112, 0.0169732756913, -0.00576935801655, 0.00312157487497], [-0.00100464641582, 0.00232207006775, -0.0030558523722, 0.00292390584946, -0.00252508302219, 0.00218777777627, -0.00147743523121, -9.45036008488e-05, 0.000131988621433, 0.00116454786621, -0.00576935801655, 0.0186533406377, -0.00653333775699], [0.00097142677987, -0.0014221847523, 0.00281849945895, -0.00300880149007, 0.00213543465361, -0.00275803147815, 0.000360142817954, 0.00142842973582, 0.00104089721572, -0.00133527675644, 0.00312157487497, -0.00653333775699, 0.0166074819863]]
    },
    "melbands": {
        "dmean": [8.173394599e-05, 0.000204309762921, 0.000325560220517, 0.000216772008571, 0.000151521031512, 0.000149290412082, 0.000201298505999, 0.000179174734512, 0.000142104763654, 7.33173146727e-05, 5.12763690494e-05, 5.2400129789e-05, 3.9921462303e-05, 3.51197522832e-05, 3.19852515531e-05, 3.03293054458e-05, 3.30883995048e-05, 2.67750056082e-05, 2.22925209528e-05, 1.78228947334e-05, 1.95152788365e-05, 2.10869675357e-05, 1.68669048435e-05, 1.39865878737e-05, 1.3409242456e-05, 9.26427401282e-06, 6.20071250523e-06, 4.09563745052e-06, 3.63644426216e-06, 2.90257480628e-06, 2.0688744371e-06, 1.7073843992e-06, 1.08812787403e-06, 8.57584382175e-07, 6.28333793884e-07, 4.60069287556e-07, 3.30952786953e-07, 2.37568912098e-07, 1.57444659976e-07, 9.97318494456e-08],
        "dmean2": [0.000133413006552, 0.000339880120009, 0.000544333888683, 0.000356903387001, 0.000245882984018, 0.000239998917095, 0.000316731719067, 0.000281464017462, 0.000220851812628, 0.000113386253361, 7.85620213719e-05, 8.2106278569e-05, 6.37669945718e-05, 5.66135968256e-05, 5.15004940098e-05, 4.7906753025e-05, 5.13599261467e-05, 4.18285017076e-05, 3.64016050298e-05, 2.82815180981e-05, 3.03311644529e-05, 3.22810083162e-05, 2.60342876572e-05, 2.16646876652e-05, 2.05632659345e-05, 1.4272165572e-05, 1.00152537925e-05, 6.66709593133e-06, 5.84711688134e-06, 4.58427211925e-06, 3.25788619193e-06, 2.8013866995e-06, 1.7583574845e-06, 1.36832306907e-06, 9.83093514151e-07, 6.95145217833e-07, 4.82542475311e-07, 3.48487532165e-07, 2.31941598372e-07, 1.48352597762e-07],
        "dvar": [2.67114224073e-08, 2.13347504996e-07, 2.9081954267e-07, 1.50568098434e-07, 1.2524965598e-07, 1.27334402578e-07, 2.06648778089e-07, 2.2337347616e-07, 2.22883812739e-07, 6.82981351474e-08, 2.0200024764e-08, 1.30544419719e-08, 7.91543541823e-09, 8.86601991823e-09, 1.183966436e-08, 7.01688218641e-09, 7.54261719749e-09, 4.70614924808e-09, 3.17914850001e-09, 1.67048608279e-09, 1.60372348734e-09, 1.83305692847e-09, 1.40395306492e-09, 1.42594969166e-09, 1.46551482061e-09, 4.78692363526e-10, 1.78426468045e-10, 1.08543785071e-10, 9.42773151213e-11, 7.10335262832e-11, 4.16496559463e-11, 2.07864558899e-11, 8.8710436566e-12, 5.11482262794e-12, 2.58053127478e-12, 1.80384342446e-12, 1.31380984651e-12, 1.38620603711e-12, 3.06683362516e-13, 1.33746339741e-13],
        "dvar2": [6.74716744697e-08, 5.71411078454e-07, 8.03887928669e-07, 3.97457768031e-07, 3.11551445975e-07, 3.13310721367e-07, 4.58115607671e-07, 5.17857017712e-07, 5.0579916433e-07, 1.66446724847e-07, 4.6818247057e-08, 3.0068150636e-08, 1.96933136465e-08, 2.13037818497e-08, 2.94072162177e-08, 1.57388022615e-08, 1.80171877417e-08, 1.0261420158e-08, 8.23741430622e-09, 3.84798060082e-09, 3.71325414861e-09, 4.13007850142e-09, 3.20488857675e-09, 3.42166339706e-09, 3.48751783008e-09, 1.09450837282e-09, 4.58816484805e-10, 2.77577155705e-10, 2.304495067e-10, 1.63213817461e-10, 9.85070705561e-11, 5.47756284774e-11, 2.37173492651e-11, 1.30528808248e-11, 6.02305314998e-12, 3.60363323383e-12, 2.13034342771e-12, 3.01352844588e-12, 6.03765464274e-13, 2.76466024553e-13],
        "max": [0.00403077621013, 0.0131574114785, 0.0094959968701, 0.0073895030655, 0.00794558599591, 0.0107691762969, 0.0126275243238, 0.00933146383613, 0.010032247752, 0.0092788618058, 0.00616160454229, 0.00452537927777, 0.00215064431541, 0.00278731947765, 0.00720609538257, 0.00286071817391, 0.00296436832286, 0.00230485992506, 0.00191276625264, 0.00121895002667, 0.00107211933937, 0.00101566966623, 0.000838495383505, 0.00124470866285, 0.00126418168657, 0.000470165425213, 0.000242908718064, 0.000316088378895, 0.000244390947046, 0.000267830386292, 0.000251295859925, 0.000110719673103, 6.27596164122e-05, 7.99012195785e-05, 4.65800512757e-05, 8.27608964755e-05, 7.86308155512e-05, 6.99773954693e-05, 2.39640467044e-05, 1.34485408125e-05],
        "mean": [0.000144438818097, 0.000361459329724, 0.000509164005052, 0.000344549334841, 0.000219404420932, 0.000210801619687, 0.000326982728438, 0.00025188041036, 0.000186546065379, 0.00010963701061, 8.96326528164e-05, 9.0655979875e-05, 6.14371310803e-05, 5.33555830771e-05, 4.81914321426e-05, 4.72991850984e-05, 5.46419396414e-05, 4.57423666376e-05, 3.79997763957e-05, 3.0595332646e-05, 3.44877043972e-05, 3.78855293093e-05, 2.96873149637e-05, 2.32248912653e-05, 2.14800238609e-05, 1.53923720063e-05, 1.05881154013e-05, 7.15309215593e-06, 6.97638051861e-06, 5.45398643226e-06, 3.73928742192e-06, 2.63702463599e-06, 1.75758600562e-06, 1.44917589751e-06, 1.0780042885e-06, 7.78138598889e-07, 5.61066258342e-07, 3.8828662241e-07, 2.60497699855e-07, 1.62229383704e-07],
        "median": [5.30638390046e-05, 0.000148678402184, 0.000286205497105, 0.000169447506778, 9.69655375229e-05, 7.28976374376e-05, 9.06165660126e-05, 6.28667112323e-05, 3.89234664908e-05, 2.51579804171e-05, 2.99968505715e-05, 2.77678918792e-05, 2.13831153815e-05, 1.68053793459e-05, 1.36940361699e-05, 1.2218775737e-05, 1.52006250573e-05, 1.35247901198e-05, 1.05789576992e-05, 1.06132965811e-05, 1.2286152014e-05, 1.19618680401e-05, 9.39676920098e-06, 6.38534493191e-06, 5.55430642635e-06, 5.50051890968e-06, 3.84404984288e-06, 2.11583096643e-06, 1.45163880916e-06, 1.15156854008e-06, 9.70955170487e-07, 8.06650405138e-07, 5.49160517949e-07, 4.11873656958e-07, 3.44132587315e-07, 2.39370024246e-07, 1.51841760498e-07, 9.46937461777e-08, 6.34721146753e-08, 4.23062367361e-08],
        "min": [2.34563426781e-25, 2.60393148704e-25, 6.35179658224e-25, 8.03244304714e-25, 6.01199129605e-25, 4.71577252748e-25, 8.59727238565e-25, 1.03848233083e-24, 1.08510006602e-24, 1.05852728643e-24, 1.78552276123e-24, 9.25291341943e-25, 1.17600070535e-24, 1.61134749957e-24, 1.50891667204e-24, 1.99230470095e-24, 1.87039354501e-24, 1.98444666026e-24, 2.5954730739e-24, 2.18632208236e-24, 3.03464101173e-24, 2.80151348436e-24, 2.2493650849e-24, 2.55828991791e-24, 3.26943619106e-24, 3.07865175885e-24, 2.75425933563e-24, 3.07442267554e-24, 3.68814837397e-24, 3.78527923951e-24, 3.74153216915e-24, 3.43704763696e-24, 3.67623460215e-24, 4.47407353334e-24, 4.68343169556e-24, 4.41750352896e-24, 3.86985420045e-24, 5.19734775404e-24, 5.46754168598e-24, 5.54289091863e-24],
        "var": [6.16870963199e-08, 3.58903264441e-07, 4.70216832582e-07, 2.51759843195e-07, 1.59755103368e-07, 1.74694093857e-07, 5.14778150773e-07, 3.40981188174e-07, 3.07398636323e-07, 1.16828360319e-07, 4.55096333951e-08, 3.06144585238e-08, 1.26831229963e-08, 1.35714621763e-08, 1.752179557e-08, 1.33393394108e-08, 1.28674590982e-08, 9.47563361109e-09, 5.50776491082e-09, 3.18791415488e-09, 3.40839401147e-09, 4.11496836605e-09, 2.96024027513e-09, 2.40047293154e-09, 2.23442131464e-09, 8.76647310299e-10, 3.19139659144e-10, 2.02050889908e-10, 2.57216831168e-10, 1.73995290398e-10, 8.03957733719e-11, 2.90333139474e-11, 1.15018463503e-11, 7.91453361182e-12, 5.02149493861e-12, 3.74952673077e-12, 3.07828827532e-12, 2.12509437131e-12, 5.85454427993e-13, 2.21644005775e-13]
    },
    "mfcc": {
        "mean": [-709.619689941, 104.032646179, -21.5081043243, 22.6773052216, -2.30623531342, -0.244540050626, -7.42117261887, 1.94218409061, -5.02871370316, -0.820478796959, -2.73260807991, -0.573694527149, -2.46813011169],
        "cov": [[27768.4746094, 4635.99365234, -1445.67956543, 1208.73095703, -373.189605713, 25.7523479462, -409.390472412, 243.152297974, -267.484222412, 26.4384212494, -175.359741211, -100.613479614, -190.720962524], [4635.99365234, 2375.27148438, -102.327957153, 399.316314697, 82.5339889526, -124.197761536, -121.232391357, 42.5066490173, -146.81060791, -39.9157485962, -18.1239585876, -25.4601593018, 16.6669578552], [-1445.67956543, -102.327957153, 809.593261719, 139.756225586, 73.3806610107, 9.79785060883, 27.0832576752, -6.15537309647, -1.5814832449, -7.7415356636, 7.92014551163, -8.62008953094, 32.9916534424], [1208.73095703, 399.316314697, 139.756225586, 436.297302246, 96.2371749878, 4.84219408035, -44.0754394531, 9.76574420929, -31.1114330292, -5.5934677124, -29.9055347443, -31.5585651398, -3.89322447777], [-373.189605713, 82.5339889526, 73.3806610107, 96.2371749878, 213.961456299, -0.288062512875, -33.4455490112, -3.29276919365, -20.232624054, 6.37564945221, 16.405424118, -14.5623092651, 14.7024059296], [25.7523479462, -124.197761536, 9.79785060883, 4.84219408035, -0.288062512875, 173.33807373, 59.7491455078, -10.9095373154, 48.641456604, 19.8856105804, -15.2355175018, -12.1614723206, -14.851934433], [-409.390472412, -121.232391357, 27.0832576752, -44.0754394531, -33.4455490112, 59.7491455078, 141.994064331, 38.4942398071, 41.1008148193, 9.5308599472, -3.70572924614, 13.672003746, -3.52109956741], [243.152297974, 42.5066490173, -6.15537309647, 9.76574420929, -3.29276919365, -10.9095373154, 38.4942398071, 137.27355957, 15.3967609406, 0.596836209297, 15.9080104828, 8.78030395508, 6.00790119171], [-267.484222412, -146.81060791, -1.5814832449, -31.1114330292, -20.232624054, 48.641456604, 41.1008148193, 15.3967609406, 105.084144592, 22.5619411469, -12.1318464279, 1.53286886215, 1.015183568], [26.4384212494, -39.9157485962, -7.7415356636, -5.5934677124, 6.37564945221, 19.8856105804, 9.5308599472, 0.596836209297, 22.5619411469, 84.2003860474, 27.5708446503, -2.37507152557, -4.79253101349], [-175.359741211, -18.1239585876, 7.92014551163, -29.9055347443, 16.405424118, -15.2355175018, -3.70572924614, 15.9080104828, -12.1318464279, 27.5708446503, 92.9539337158, 34.3674583435, 6.59372997284], [-100.613479614, -25.4601593018, -8.62008953094, -31.5585651398, -14.5623092651, -12.1614723206, 13.672003746, 8.78030395508, 1.53286886215, -2.37507152557, 34.3674583435, 97.9621734619, 27.4298744202], [-190.720962524, 16.6669578552, 32.9916534424, -3.89322447777, 14.7024059296, -14.851934433, -3.52109956741, 6.00790119171, 1.015183568, -4.79253101349, 6.59372997284, 27.4298744202, 78.167350769]],
