{
"lowlevel": {
    "average_loudness": 0.793822705746,
    "barkbands_crest": {
        "dmean": 2.1289908886,
        "dmean2": 3.5145483017,
        "dvar": 3.55512046814,
        "dvar2": 9.34804058075,
        "max": 22.6888904572,
        "mean": 8.0174369812,
        "median": 7.49853801727,
        "min": 2.50157284737,
        "var": 8.04752445221
    },
    "barkbands_flatness_db": {
        "dmean": 0.01927530393,
        "dmean2": 0.0292083397508,
        "dvar": 0.000269905751338,
        "dvar2": 0.00061625870876,
        "max": 0.295529782772,
        "mean": 0.158363237977,
        "median": 0.159110531211,
        "min": 0.0251556262374,
        "var": 0.00113798584789
    },
    "barkbands_kurtosis": {
        "dmean": 1.97546565533,
        "dmean2": 3.05379080772,
        "dvar": 7.05889415741,
        "dvar2": 16.0329189301,
        "max": 46.9156723022,
        "mean": 2.55036520958,
        "median": 1.56588745117,
        "min": -1.88943350315,
        "var": 15.4288415909
    },
    "barkbands_skewness": {
        "dmean": 0.452067703009,
        "dmean2": 0.686450779438,
        "dvar": 0.172556236386,
        "dvar2": 0.377547711134,
        "max": 5.47235822678,
        "mean": 1.36753296852,
        "median": 1.36027932167,
        "min": -1.98154520988,
        "var": 0.726717531681
    },
    "barkbands_spread": {
        "dmean": 5.16177225113,
        "dmean2": 7.80295038223,
        "dvar": 32.8322143555,
        "dvar2": 69.1747207642,
        "max": 123.733093262,
        "mean": 20.343000412,
        "median": 17.6001110077,
        "min": 1.87992560863,
        "var": 152.722702026
    },
    "dissonance": {
        "dmean": 0.0174001511186,
        "dmean2": 0.028974769637,
        "dvar": 0.000255633756751,
        "dvar2": 0.000672135734931,
        "max": 0.500000059605,
        "mean": 0.467020303011,
        "median": 0.471536904573,
        "min": 0.273487210274,
        "var": 0.000481191469589
    },
    "dynamic_complexity": 2.99978780746,
    "erbbands_crest": {
        "dmean": 2.58643746376,
        "dmean2": 4.22633600235,
        "dvar": 5.62925958633,
        "dvar2": 14.1862440109,
        "max": 31.9272060394,
        "mean": 7.99818897247,
        "median": 7.2383556366,
        "min": 2.12225079536,
        "var": 11.6761465073
    },
    "erbbands_flatness_db": {
        "dmean": 0.0159144867212,
        "dmean2": 0.0226667821407,
        "dvar": 0.000201324743102,
        "dvar2": 0.000382118392736,
        "max": 0.308170765638,
        "mean": 0.185083180666,
        "median": 0.18491281569,
        "min": 0.0580780245364,
        "var": 0.0013256452512
    },
    "erbbands_kurtosis": {
        "dmean": 0.722785770893,
        "dmean2": 1.14805138111,
        "dvar": 0.854819953442,
        "dvar2": 1.97935152054,
        "max": 26.6991901398,
        "mean": -0.0113229490817,
        "median": -0.340421199799,
        "min": -1.82040739059,
        "var": 1.8973146677
    },
    "erbbands_skewness": {
        "dmean": 0.354983061552,
        "dmean2": 0.538182079792,
        "dvar": 0.0946008116007,
        "dvar2": 0.213781744242,
        "max": 2.70466256142,
        "mean": 0.273053228855,
        "median": 0.292320847511,
        "min": -2.6262075901,
        "var": 0.355122625828
    },
    "erbbands_spread": {
        "dmean": 7.59017038345,
        "dmean2": 11.6161394119,
        "dvar": 61.351184845,
        "dvar2": 128.036346436,
        "max": 130.858383179,
        "mean": 37.1959381104,
        "median": 35.545124054,
        "min": 5.59605360031,
        "var": 230.648864746
    },
    "hfc": {
        "dmean": 5.28712081909,
        "dmean2": 7.1169295311,
        "dvar": 50.8553199768,
        "dvar2": 83.7562561035,
        "max": 169.762054443,
        "mean": 16.0223407745,
        "median": 10.8885278702,
        "min": 1.14120391642e-16,
        "var": 255.753845215
    },
    "melbands_crest": {
        "dmean": 2.74117445946,
        "dmean2": 4.57413816452,
        "dvar": 5.63450098038,
        "dvar2": 14.7156896591,
        "max": 30.3174495697,
        "mean": 11.4680528641,
        "median": 10.9854307175,
        "min": 3.08405709267,
        "var": 13.4678211212
    },
    "melbands_flatness_db": {
        "dmean": 0.0234528928995,
        "dmean2": 0.0344954766333,
        "dvar": 0.000451647443697,
        "dvar2": 0.000911890587304,
        "max": 0.37775722146,
        "mean": 0.194173902273,
        "median": 0.1926907897,
        "min": 0.00814698915929,
        "var": 0.00211695511825
    },
    "melbands_kurtosis": {
        "dmean": 4.42707538605,
        "dmean2": 6.82027578354,
        "dvar": 40.1133613586,
        "dvar2": 89.7577133179,
        "max": 116.699302673,
        "mean": 8.66848373413,
        "median": 6.31003952026,
        "min": -1.56392228603,
        "var": 90.2576828003
    },
    "melbands_skewness": {
        "dmean": 0.587116897106,
        "dmean2": 0.899902701378,
        "dvar": 0.32159113884,
        "dvar2": 0.69966250658,
        "max": 9.04801177979,
        "mean": 2.28255343437,
        "median": 2.16942167282,
        "min": -0.788254797459,
        "var": 1.30495023727
    },
    "melbands_spread": {
        "dmean": 6.35623264313,
        "dmean2": 9.6269235611,
        "dvar": 54.6636886597,
        "dvar2": 113.604141235,
        "max": 179.965286255,
        "mean": 22.6030025482,
        "median": 18.9775428772,
        "min": 1.87054133415,
        "var": 238.836685181
    },
    "pitch_salience": {
        "dmean": 0.0644417032599,
        "dmean2": 0.107206985354,
        "dvar": 0.00285928021185,
        "dvar2": 0.0075759049505,
        "max": 0.95208722353,
        "mean": 0.618377625942,
        "median": 0.622548162937,
        "min": 0.216603964567,
        "var": 0.00669211754575
    },
    "silence_rate_20dB": {
        "dmean": 0,
        "dmean2": 0,
        "dvar": 0,
        "dvar2": 0,
        "max": 1,
        "mean": 1,
        "median": 1,
        "min": 1,
        "var": 0
    },
    "silence_rate_30dB": {
        "dmean": 0.000257864885498,
        "dmean2": 0.000515796244144,
        "dvar": 0.000257846579188,
        "dvar2": 0.000515504914802,
        "max": 1,
        "mean": 0.99961322546,
        "median": 1,
        "min": 0,
        "var": 0.000386679108487
    },
    "silence_rate_60dB": {
        "dmean": 0.0100567303598,
        "dmean2": 0.0201160535216,
        "dvar": 0.00995567906648,
        "dvar2": 0.0264197345823,
        "max": 1,
        "mean": 0.0255253314972,
        "median": 0,
        "min": 0,
        "var": 0.0248724631965
    },
    "spectral_centroid": {
        "dmean": 271.714660645,
        "dmean2": 406.56362915,
        "dvar": 85876.8671875,
        "dvar2": 161018.4375,
        "max": 11654.9882812,
        "mean": 1259.13378906,
        "median": 1153.91381836,
        "min": 254.0128479,
        "var": 347412.875
    },
    "spectral_complexity": {
        "dmean": 4.35997915268,
        "dmean2": 6.23365592957,
        "dvar": 21.6400432587,
        "dvar2": 37.4898147583,
        "max": 54,
        "mean": 19.3930644989,
        "median": 18,
        "min": 0,
        "var": 86.5529403687
    },
    "spectral_decrease": {
        "dmean": 1.56118884487e-09,
        "dmean2": 2.37085129307e-09,
        "dvar": 3.68012158216e-18,
        "dvar2": 7.66616102463e-18,
        "max": 3.34076622978e-29,
        "mean": -4.99928543007e-09,
        "median": -4.03910238589e-09,
        "min": -3.21271294013e-08,
        "var": 1.32827827311e-17
    },
    "spectral_energy": {
        "dmean": 0.00627609575167,
        "dmean2": 0.00945278629661,
        "dvar": 5.98871702095e-05,
        "dvar2": 0.000122033598018,
        "max": 0.136653125286,
        "mean": 0.0203217398375,
        "median": 0.0162904262543,
        "min": 1.02249790768e-20,
        "var": 0.000225198120461
    },
    "spectral_energyband_high": {
        "dmean": 0.000226558899158,
        "dmean2": 0.000323935702909,
        "dvar": 1.55956556114e-07,
        "dvar2": 2.91956638421e-07,
        "max": 0.0113250846043,
        "mean": 0.000445288955234,
        "median": 0.000190661288798,
        "min": 7.63129772057e-21,
        "var": 5.72196370285e-07
    },
    "spectral_energyband_low": {
        "dmean": 0.0014278962044,
        "dmean2": 0.00230237888172,
        "dvar": 2.68254029834e-06,
        "dvar2": 6.97308360031e-06,
        "max": 0.0242112856358,
        "mean": 0.00349510973319,
        "median": 0.00281258160248,
        "min": 7.24007766679e-23,
        "var": 6.86357861923e-06
    },
    "spectral_energyband_middle_high": {
        "dmean": 0.00207123393193,
        "dmean2": 0.00283035985194,
        "dvar": 1.22475066746e-05,
        "dvar2": 2.24398445425e-05,
        "max": 0.124253772199,
        "mean": 0.00553444074467,
        "median": 0.00289900763892,
        "min": 1.24805388465e-21,
        "var": 6.65720945108e-05
    },
    "spectral_energyband_middle_low": {
        "dmean": 0.00485634338111,
        "dmean2": 0.00769028021023,
        "dvar": 3.95326969738e-05,
        "dvar2": 9.2062386102e-05,
        "max": 0.0953933596611,
        "mean": 0.0118108149618,
        "median": 0.00911927875131,
        "min": 3.43168402967e-22,
        "var": 9.26692446228e-05
    },
    "spectral_entropy": {
        "dmean": 0.147045657039,
        "dmean2": 0.219149410725,
        "dvar": 0.0210774168372,
        "dvar2": 0.0437488928437,
        "max": 9.80054759979,
        "mean": 7.50302553177,
        "median": 7.48812532425,
        "min": 6.25407648087,
        "var": 0.0901790335774
    },
    "spectral_flux": {
        "dmean": 0.0190685242414,
        "dmean2": 0.0294454675168,
        "dvar": 0.0004409730318,
        "dvar2": 0.00090393749997,
        "max": 0.289490461349,
        "mean": 0.0759836882353,
        "median": 0.0691808760166,
        "min": 1.35513616328e-07,
        "var": 0.00143300881609
    },
    "spectral_kurtosis": {
        "dmean": 1.9480561018,
        "dmean2": 3.36650705338,
        "dvar": 3.31970620155,
        "dvar2": 9.60672092438,
        "max": 23.1738491058,
        "mean": 4.05579566956,
        "median": 3.55412817001,
        "min": -1.20194625854,
        "var": 7.3199877739
    },
    "spectral_rms": {
        "dmean": 0.000672201626003,
        "dmean2": 0.0010000114562,
        "dvar": 5.1091711839e-07,
        "dvar2": 9.85909764495e-07,
        "max": 0.011546432972,
        "mean": 0.00416656164452,
        "median": 0.00398661475629,
        "min": 3.15841558636e-12,
        "var": 2.4659123028e-06
    },
    "spectral_rolloff": {
        "dmean": 445.844390869,
        "dmean2": 723.817321777,
        "dvar": 481141.3125,
        "dvar2": 1019630,
        "max": 18927.6855469,
        "mean": 1417.96972656,
        "median": 1055.12695312,
        "min": 150.732421875,
        "var": 1974690.5
    },
    "spectral_skewness": {
        "dmean": 0.268244624138,
        "dmean2": 0.437236428261,
        "dvar": 0.0601380430162,
        "dvar2": 0.14847548306,
        "max": 3.74171209335,
        "mean": 1.37118864059,
        "median": 1.33643519878,
        "min": -0.0513094142079,
        "var": 0.221578985453
    },
    "spectral_spread": {
        "dmean": 408493.53125,
        "dmean2": 567227.375,
        "dvar": 522727456768,
        "dvar2": 685030178816,
        "max": 40798892,
        "mean": 3669360.75,
        "median": 3376692,
        "min": 1822860.25,
        "var": 1.89488391782e+12
    },
    "spectral_strongpeak": {
        "dmean": 0.486045271158,
        "dmean2": 0.81212580204,
        "dvar": 0.530115246773,
        "dvar2": 1.33907997608,
        "max": 10.8740530014,
        "mean": 0.776804804802,
        "median": 0.423531740904,
        "min": 0,
        "var": 0.954065144062
    },
    "zerocrossingrate": {
        "dmean": 0.0081714708358,
        "dmean2": 0.00941611547023,
        "dvar": 9.55642390181e-05,
        "dvar2": 0.000106702391349,
        "max": 0.5400390625,
        "mean": 0.0543637014925,
        "median": 0.04833984375,
        "min": 0.0107421875,
        "var": 0.00110737909563
    },
    "barkbands": {
        "dmean": [1.14637532533e-05, 0.000389391439967, 0.000914061791264, 0.00115707947407, 0.00214198417962, 0.00146972551011, 0.00125850073528, 0.000841772183776, 0.00068169698352, 0.000626545283012, 0.000529330747668, 0.000437682669144, 0.00042217381997, 0.000452354754088, 0.000256618513959, 0.00018700529472, 0.00019647271256, 0.000279325264273, 0.000187386729522, 0.000159061601153, 6.84285914758e-05, 5.38749263796e-05, 2.86518261419e-05, 1.5155615074e-05, 1.35702266562e-05, 8.19653564577e-07, 8.42185210459e-10],
        "dmean2": [2.02012233785e-05, 0.000636463868432, 0.00148055655882, 0.00194287614431, 0.00358225731179, 0.00236889580265, 0.00201260275207, 0.00129469507374, 0.00105970166624, 0.000965002633166, 0.000814487750176, 0.000677796895616, 0.000675874529406, 0.000709343876224, 0.000410349137383, 0.000282785185846, 0.000305237801513, 0.000432696077041, 0.000292878423352, 0.000238088454353, 0.000105090868601, 8.32979203551e-05, 4.18262279709e-05, 2.22733524424e-05, 1.89252987184e-05, 1.19865410397e-06, 1.54495694016e-09],
        "dvar": [2.31028904341e-10, 2.47726205771e-07, 1.30509147311e-06, 2.29097395277e-06, 8.45497925184e-06, 8.65211586643e-06, 6.90612478138e-06, 2.67874156634e-06, 4.14459236708e-06, 2.09704944609e-06, 2.16953185372e-06, 1.21868242786e-06, 1.79312132786e-06, 1.99729652195e-06, 3.84067419645e-07, 2.93178857191e-07, 1.47926513705e-07, 2.93078528557e-07, 1.37879780482e-07, 8.35439593061e-08, 1.43996539137e-08, 1.602286126e-08, 9.72900693341e-09, 2.83749646002e-09, 3.55992768597e-09, 1.37932451919e-11, 2.1183944527e-18],
        "dvar2": [6.4344030104e-10, 6.43834312086e-07, 3.370118975e-06, 6.30451313555e-06, 2.22577200475e-05, 2.09463305509e-05, 1.72808377101e-05, 6.16245597485e-06, 1.00342022051e-05, 4.90518914376e-06, 5.0799226301e-06, 2.71592307399e-06, 4.71277098768e-06, 4.73882755614e-06, 9.17978184134e-07, 5.71024088458e-07, 3.69778888398e-07, 6.97211419265e-07, 3.21847920759e-07, 1.74603968617e-07, 3.26356541791e-08, 3.3168063851e-08, 1.67318852107e-08, 5.42798428427e-09, 5.96710458822e-09, 2.7646197831e-11, 6.62108863102e-18],
        "max": [0.000290688709356, 0.00649885553867, 0.0171491801739, 0.0313867852092, 0.0666188970208, 0.0725407600403, 0.0626432299614, 0.0314344279468, 0.0657968372107, 0.0489022135735, 0.0542172119021, 0.0299633778632, 0.037684597075, 0.0388495177031, 0.014834837988, 0.0237945467234, 0.00767991831526, 0.0164401326329, 0.00755803100765, 0.00543321715668, 0.00251693185419, 0.00463318265975, 0.0047439718619, 0.0027171834372, 0.00332378060557, 0.00013565797417, 3.94748838062e-08],
        "mean": [1.20596132547e-05, 0.000777939567342, 0.00197840668261, 0.00166880316101, 0.00349334673956, 0.00202889787033, 0.00191989727318, 0.00129867671058, 0.00100089842454, 0.000979461125098, 0.000844126334414, 0.000713087036274, 0.000645910447929, 0.000713151937816, 0.000383960286854, 0.00029774941504, 0.000289366958896, 0.00041807180969, 0.000283759378362, 0.000271815399174, 0.000115877883218, 8.66538393893e-05, 5.2244606195e-05, 2.52378195e-05, 2.13232087845e-05, 1.01426769561e-06, 7.51552153844e-10],
        "median": [7.22053209756e-06, 0.000597818929236, 0.00132296339143, 0.00112253241241, 0.00232068216428, 0.000920685939491, 0.000855611637235, 0.000514021201525, 0.000331793678924, 0.000415737798903, 0.000240532055614, 0.000241628687945, 0.000191578481463, 0.00018701182853, 0.000141016600537, 0.000102752142993, 0.000127674560645, 0.000159168950631, 0.000125711216242, 0.000110807734018, 4.56346933788e-05, 2.83515437332e-05, 1.68542046595e-05, 8.12271264294e-06, 4.04692082157e-06, 2.2924584453e-09, 3.38629901897e-10],
        "min": [3.62390519846e-23, 1.84488990861e-23, 1.72699338414e-23, 1.84956580274e-23, 1.31579174869e-23, 5.76389235227e-23, 1.60337209609e-23, 5.42329503e-23, 1.66100015227e-22, 3.77409263967e-23, 2.52085550973e-23, 1.03558030877e-22, 8.34922241041e-23, 1.66243726751e-22, 1.05542016054e-22, 7.29313771345e-23, 1.19000677295e-22, 1.41473393353e-22, 2.80738859695e-22, 1.97741680519e-22, 4.33227263018e-22, 6.81230894258e-22, 7.01332938146e-22, 9.29561782867e-22, 1.07513718982e-21, 1.4967594885e-21, 2.60962497979e-21],
        "var": [2.28025945348e-10, 4.50446719924e-07, 3.93103209717e-06, 3.11893859362e-06, 1.32706773002e-05, 1.10392220449e-05, 9.87222574622e-06, 4.84960492031e-06, 5.914079793e-06, 3.99160262532e-06, 5.34593709745e-06, 2.58395516539e-06, 3.38411769008e-06, 4.14046007791e-06, 6.55614826428e-07, 7.59889701385e-07, 2.23745459493e-07, 4.99189866332e-07, 2.22261419935e-07, 1.95892837951e-07, 3.42583454938e-08, 4.87780447145e-08, 4.00137416534e-08, 7.35279348518e-09, 9.13311826167e-09, 2.2674861988e-11, 1.64351885183e-18]
    },
    "erbbands": {
        "dmean": [0.00637328345329, 0.11149442941, 0.791898190975, 2.33932757378, 6.65119600296, 6.7543296814, 11.589392662, 11.7590904236, 15.9088382721, 18.3086910248, 17.5775718689, 16.7027606964, 17.6748332977, 18.5245742798, 19.987657547, 17.5566329956, 17.6458683014, 22.8236732483, 14.7646245956, 11.8726358414, 8.294962883, 10.3266811371, 17.0059528351, 9.6066827774, 8.27198886871, 7.50773143768, 4.3913064003, 2.10204386711, 1.94823467731, 1.30470824242, 0.80083745718, 0.378946900368, 0.228414475918, 0.168376207352, 0.0905828997493, 0.0104226348922, 0.000442247372121, 1.68503138411e-05, 4.47703041573e-06, 7.47245758248e-06],
        "dmean2": [0.0105196330696, 0.181897610426, 1.28418600559, 3.88420987129, 11.1600141525, 11.2497253418, 18.9433574677, 19.036857605, 25.3909893036, 28.9574508667, 26.9616584778, 25.6418685913, 26.8183746338, 28.798002243, 30.8551235199, 26.8796958923, 27.848777771, 35.2466430664, 22.7909793854, 18.441318512, 12.4254274368, 15.3188867569, 26.3878974915, 14.9327440262, 12.652929306, 11.2465982437, 6.56707048416, 3.21232032776, 3.03329825401, 1.99267566204, 1.17893207073, 0.563880801201, 0.330072641373, 0.234789922833, 0.126442164183, 0.0146435378119, 0.000630527036265, 2.2878522941e-05, 6.30730301054e-06, 1.10706314445e-05],
        "dvar": [7.53604399506e-05, 0.0197859145701, 0.97135001421, 7.78653478622, 92.5573043823, 101.272384644, 515.645263672, 584.502990723, 896.686401367, 2011.74645996, 1407.1595459, 2422.2746582, 2217.71606445, 1926.83679199, 3178.03125, 1865.22509766, 2515.62963867, 5106.96484375, 1421.38195801, 914.423217773, 517.893798828, 356.136688232, 1150.09814453, 377.695709229, 194.594207764, 203.905349731, 67.6437835693, 16.125837326, 18.0157794952, 17.4426403046, 8.03055381775, 1.39404535294, 0.905954003334, 0.542203903198, 0.180449217558, 0.00199683126993, 2.82538007923e-06, 3.64930197172e-09, 5.06927555488e-11, 8.3435126863e-11],
        "dvar2": [0.000195522603462, 0.0514777489007, 2.54619693756, 21.2479991913, 248.810623169, 259.929229736, 1270.79711914, 1437.65014648, 2196.93359375, 5226.54833984, 3222.67651367, 5762.56787109, 5334.66601562, 4679.83789062, 7681.24560547, 4329.11669922, 6374.6875, 12113.6464844, 3221.87036133, 2049.98632812, 1048.27331543, 777.285766602, 2762.07226562, 885.968566895, 438.671569824, 434.055053711, 149.36026001, 35.6136283875, 39.1786460876, 32.5748634338, 13.9795560837, 2.24331355095, 1.68336832523, 0.84190428257, 0.350042581558, 0.00357437320054, 5.01421573063e-06, 6.18788842388e-09, 8.89033638374e-11, 1.64818908521e-10],
        "max": [0.130773857236, 2.00221681595, 15.8939790726, 56.9006385803, 160.357833862, 237.373077393, 394.343963623, 649.355651855, 500.658172607, 1467.21679688, 932.030395508, 1388.64953613, 1382.17883301, 1244.6998291, 1443.02282715, 1308.33374023, 1491.49108887, 2152.6574707, 1130.23400879, 802.577697754, 1346.98547363, 401.137054443, 931.085693359, 458.594360352, 299.360809326, 276.418762207, 169.070785522, 120.993453979, 145.092025757, 192.427597046, 159.878479004, 74.6311264038, 62.4920349121, 47.4708023071, 15.6047916412, 1.63608109951, 0.0579282678664, 0.00214099837467, 0.00028913965798, 0.000169452963746],
        "mean": [0.0119302812964, 0.23516844213, 1.74791944027, 4.37141609192, 9.25093841553, 10.8079500198, 15.940114975, 16.3206920624, 24.9838409424, 28.7374401093, 27.6472091675, 25.7005805969, 27.5778808594, 32.4644432068, 34.038608551, 29.8856525421, 30.050453186, 38.5483779907, 24.9260444641, 19.908290863, 14.1523609161, 16.8235416412, 25.3870429993, 15.3818435669, 13.3923587799, 12.8155212402, 7.28692150116, 3.68198561668, 3.12085461617, 2.13660001755, 1.46395385265, 0.670799851418, 0.367679804564, 0.267050176859, 0.133794501424, 0.0146204447374, 0.000630218710285, 2.88984192593e-05, 1.38904315463e-05, 2.47010684689e-05],
        "median": [0.00929120928049, 0.187500566244, 1.27790904045, 3.20645904541, 5.53709554672, 6.53425931931, 7.13405370712, 7.18207454681, 11.3644618988, 12.6526050568, 11.2206439972, 9.38643264771, 11.5014686584, 12.9790029526, 9.94896316528, 11.0846881866, 10.372379303, 10.1991586685, 8.91682052612, 6.89134120941, 5.91442298889, 7.22560024261, 9.48512554169, 7.08612728119, 6.62135124207, 5.16068506241, 2.73579263687, 1.43853247166, 1.05060994625, 0.643876671791, 0.475696384907, 0.232775896788, 0.101567916572, 0.059792753309, 0.019751964137, 0.00175478297751, 6.84888000251e-05, 8.10992241895e-06, 1.02973681351e-05, 1.98300822376e-05],
        "min": [9.29719201638e-22, 3.48200507554e-21, 1.46033341085e-20, 5.76396899168e-20, 1.69960477344e-20, 4.28555102157e-20, 2.87203596876e-19, 5.01336798476e-19, 3.24842589494e-19, 6.18188571105e-19, 1.17062558929e-18, 4.38536543267e-18, 2.22787759704e-18, 1.05420250302e-18, 1.20726855306e-18, 4.73272421448e-18, 4.36703965979e-18, 7.40448161067e-18, 6.44423038502e-18, 6.05631907368e-18, 3.57976637589e-18, 6.12273878174e-18, 9.0445656984e-18, 8.48906428624e-18, 1.64815058763e-17, 8.76843957504e-18, 1.34981507841e-17, 1.84348962016e-17, 2.21502457517e-17, 2.67583432127e-17, 2.02488519997e-17, 1.90506064362e-17, 1.57709544214e-17, 1.07351963118e-17, 8.07016099889e-18, 5.64996783854e-18, 2.83911402529e-18, 1.15819068654e-18, 3.06009134512e-19, 4.24986334802e-20],
        "var": [0.000113410118502, 0.0353930331767, 2.36225485802, 15.2644224167, 119.344047546, 162.961196899, 648.749206543, 769.986083984, 1501.7142334, 2618.06713867, 2403.21240234, 3615.73120117, 3779.68432617, 5130.74951172, 7115.08544922, 3934.74560547, 5540.48632812, 11599.6767578, 3099.0847168, 2212.38647461, 1187.74255371, 689.056640625, 1898.80627441, 635.159057617, 360.545043945, 464.532897949, 143.666091919, 41.5089607239, 53.1477622986, 63.0848236084, 29.9431591034, 5.10544967651, 2.09616422653, 1.45755183697, 0.393741965294, 0.00414941133931, 5.90405761614e-06, 8.87569662211e-09, 1.75445949435e-10, 3.33062216695e-10]
    },
    "gfcc": {
        "mean": [-29.0893783569, 133.438247681, -147.929321289, 46.6805534363, -70.5846557617, 8.37858867645, -36.2899894714, -2.09307098389, -21.9808216095, -13.4802389145, -4.15543317795, -16.9501476288, -3.87676978111],
        "cov": [[3633.3515625, 175.403259277, -794.908691406, 87.9495925903, -265.456542969, -140.260131836, -59.4902763367, -106.499588013, 51.6345939636, -65.6805038452, 87.4835586548, -121.949905396, 73.9269104004], [175.403259277, 978.104736328, -372.492340088, -107.594932556, 91.9385452271, -218.147369385, 236.387954712, -246.73500061, 218.883285522, -191.906829834, 159.930374146, -132.399917603, 30.3950462341], [-794.908691406, -372.492340088, 718.226989746, -7.92530012131, 2.78820729256, 168.58605957, -203.343994141, 222.820678711, -193.86114502, 146.801986694, -129.907714844, 106.407669067, -29.9754524231], [87.9495925903, -107.594932556, -7.92530012131, 282.718231201, -17.1734313965, -29.3991584778, 23.6905841827, -24.5832767487, 31.8774242401, -46.5079460144, 7.98691368103, -2.05168819427, 17.0288581848], [-265.456542969, 91.9385452271, 2.78820729256, -17.1734313965, 180.480102539, 19.243183136, 15.6660032272, 9.18155479431, 0.738581776619, -6.62662649155, -12.7603197098, 1.36325609684, -15.2483072281], [-140.260131836, -218.147369385, 168.58605957, -29.3991584778, 19.243183136, 230.753540039, -34.3221702576, 78.970161438, -91.1288528442, 44.8802986145, -37.977935791, 9.86006546021, -1.01962327957], [-59.4902763367, 236.387954712, -203.343994141, 23.6905841827, 15.6660032272, -34.3221702576, 246.240982056, -87.4725723267, 85.1524810791, -92.3142318726, 60.1767730713, -38.8290748596, -10.0190496445], [-106.499588013, -246.73500061, 222.820678711, -24.5832767487, 9.18155479431, 78.970161438, -87.4725723267, 234.722427368, -88.2422561646, 84.9683456421, -67.8452224731, 37.8000335693, -3.98210906982], [51.6345939636, 218.883285522, -193.86114502, 31.8774242401, 0.738581776619, -91.1288528442, 85.1524810791, -88.2422561646, 185.929351807, -66.3004684448, 52.972984314, -46.8416900635, -0.518643319607], [-65.6805038452, -191.906829834, 146.801986694, -46.5079460144, -6.62662649155, 44.8802986145, -92.3142318726, 84.9683456421, -66.3004684448, 145.578399658, -36.2780532837, 46.3013420105, -14.4357204437], [87.4835586548, 159.930374146, -129.907714844, 7.98691368103, -12.7603197098, -37.977935791, 60.1767730713, -67.8452224731, 52.972984314, -36.2780532837, 111.970779419, -21.5783023834, 16.8677845001], [-121.949905396, -132.399917603, 106.407669067, -2.05168819427, 1.36325609684, 9.86006546021, -38.8290748596, 37.8000335693, -46.8416900635, 46.3013420105, -21.5783023834, 93.1049575806, -6.59887266159], [73.9269104004, 30.3950462341, -29.9754524231, 17.0288581848, -15.2483072281, -1.01962327957, -10.0190496445, -3.98210906982, -0.518643319607, -14.4357204437, 16.8677845001, -6.59887266159, 72.4471893311]],
        "icov": [[0.000757300527766, -0.00108568498399, 0.00184109865222, -0.00107693276368, 0.00167139573023, -0.000995703507215, 0.00149166060146, -0.000945769366808, 0.00100318994373, -0.000480430695461, 0.000771830382291, -0.000608928967267, 0.000865988840815], [-0.00108568498399, 0.00621990859509, -0.00433747749776, 0.00462415302172, -0.00512557197362, 0.00500962417573, -0.00439542625099, 0.00342776114121, -0.00288540613838, 0.00276630278677, -0.00407924829051, 0.00475282687694, -0.00389778194949], [0.00184109865222, -0.00433747749776, 0.00819322559983, -0.00420492235571, 0.00520396791399, -0.00484496587887, 0.00563376955688, -0.00427822535858, 0.00387211679481, -0.00211898703128, 0.0038777180016, -0.00449265260249, 0.00418396200985], [-0.00107693276368, 0.00462415302172, -0.00420492235571, 0.00749825919047, -0.00382510130294, 0.00409248936921, -0.00378252379596, 0.00280623137951, -0.00298773916438, 0.00339368986897, -0.00283115636557, 0.0029199689161, -0.00387978809886], [0.00167139573023, -0.00512557197362, 0.00520396791399, -0.00382510130294, 0.0111358845606, -0.00489251175895, 0.00429243920371, -0.00361380912364, 0.00277112447657, -0.00159241457004, 0.00414797337726, -0.00405014678836, 0.00453496910632], [-0.000995703507215, 0.00500962417573, -0.00484496587887, 0.00409248936921, -0.00489251175895, 0.0102906636894, -0.00473322393373, 0.00228143110871, -0.000192471779883, 0.00156166148372, -0.00315768830478, 0.00564654590562, -0.00390710029751], [0.00149166060146, -0.00439542625099, 0.00563376955688, -0.00378252379596, 0.00429243920371, -0.00473322393373, 0.0107984375209, -0.00291040306911, 0.00170306116343, 0.000961854122579, 0.00123966182582, -0.00365426833741, 0.00529465638101], [-0.000945769366808, 0.00342776114121, -0.00427822535858, 0.00280623137951, -0.00361380912364, 0.00228143110871, -0.00291040306911, 0.00922484602779, -0.00132272555493, -0.000712263747118, -0.000366523425328, 0.00280657201074, -0.00333714275621], [0.00100318994373, -0.00288540613838, 0.00387211679481, -0.00298773916438, 0.00277112447657, -0.000192471779883, 0.00170306116343, -0.00132272555493, 0.0111741451547, -0.000710036430974, 0.000657191500068, 0.000289803603664, 0.00304653099738], [-0.000480430695461, 0.00276630278677, -0.00211898703128, 0.00339368986897, -0.00159241457004, 0.00156166148372, 0.000961854122579, -0.000712263747118, -0.000710036430974, 0.0135056972504, -0.00249659945257, -0.0012612423161, 0.000588337134104], [0.000771830382291, -0.00407924829051, 0.0038777180016, -0.00283115636557, 0.00414797337726, -0.00315768830478, 0.00123966182582, -0.000366523425328, 0.000657191500068, -0.00249659945257, 0.0156791582704, -0.00315679446794, -0.00025722279679], [-0.000608928967267, 0.00475282687694, -0.00449265260249, 0.0029199689161, -0.00405014678836, 0.00564654590562, -0.00365426833741, 0.00280657201074, 0.000289803603664, -0.0012612423161, -0.00315679446794, 0.0185366496444, -0.00286779180169], [0.000865988840815, -0.00389778194949, 0.00418396200985, -0.00387978809886, 0.00453496910632, -0.00390710029751, 0.00529465638101, -0.00333714275621, 0.00304653099738, 0.000588337134104, -0.00025722279679, -0.00286779180169, 0.0185838956386]]
    },
    "melbands": {
        "dmean": [8.02805225248e-05, 0.000317427417031, 0.000520890054759, 0.000461456977064, 0.0003835465468, 0.000266165676294, 0.000251084449701, 0.000191826577066, 0.000144605277455, 0.00010256562382, 8.8870881882e-05, 7.60668699513e-05, 6.74613329466e-05, 5.18154483871e-05, 3.83780243283e-05, 4.57017340523e-05, 4.6617074986e-05, 2.72819215752e-05, 1.8782204279e-05, 1.56034311658e-05, 9.30063924898e-06, 9.55070481723e-06, 1.87005152839e-05, 1.23141717268e-05, 8.17899126559e-06, 7.15198621037e-06, 5.4470961004e-06, 5.38018093721e-06, 3.52316214958e-06, 1.54152155574e-06, 1.31038154905e-06, 1.26605982587e-06, 8.81440314515e-07, 6.79956428939e-07, 5.33790000645e-07, 3.34473895691e-07, 2.08917370514e-07, 1.71012572991e-07, 1.44741463259e-07, 1.59017062629e-07],
        "dmean2": [0.000131451306515, 0.000512271362823, 0.000861664419062, 0.000773169565946, 0.00062407826772, 0.000428783969255, 0.000399373675464, 0.000301715335809, 0.000222859278438, 0.00015815460938, 0.000135455396958, 0.000118486655992, 0.000103845959529, 8.0233119661e-05, 5.91822135902e-05, 7.28025988792e-05, 7.31464970158e-05, 4.24171812483e-05, 2.98404429486e-05, 2.3971149858e-05, 1.43847182699e-05, 1.43373854371e-05, 2.95988120342e-05, 1.96015098481e-05, 1.31200104079e-05, 1.1260300198e-05, 8.38046162244e-06, 8.24017661216e-06, 5.36099696546e-06, 2.44234502134e-06, 2.01502348318e-06, 1.96770793082e-06, 1.3911970882e-06, 1.04916318833e-06, 8.03774014457e-07, 5.04030083448e-07, 3.17551467788e-07, 2.54546392853e-07, 2.05985870139e-07, 2.31027513564e-07],
        "dvar": [1.08006288357e-08, 1.48975502157e-07, 4.13322368331e-07, 4.34573678376e-07, 4.98288216022e-07, 2.8573069244e-07, 2.26449046181e-07, 1.95308430762e-07, 1.0573862852e-07, 1.00538038339e-07, 5.69814773144e-08, 3.34204663943e-08, 3.63533025904e-08, 1.70463323457e-08, 8.15813638866e-09, 2.28816947612e-08, 2.33144703543e-08, 5.92352700224e-09, 2.16322382229e-09, 2.29363594784e-09, 5.90181736815e-10, 2.88818524652e-10, 1.6162758909e-09, 7.4585970733e-10, 3.21863091735e-10, 1.91003532435e-10, 9.01069288628e-11, 1.22868271113e-10, 5.02952610115e-11, 8.46573505742e-12, 8.04100796364e-12, 7.20896562931e-12, 7.27515313617e-12, 5.61449281164e-12, 3.81194164775e-12, 1.43368671969e-12, 5.81499204257e-13, 5.15147820235e-13, 3.92019804205e-13, 5.39073722727e-13],
        "dvar2": [2.79989738061e-08, 3.88579564969e-07, 1.12275665742e-06, 1.1553437389e-06, 1.23035408706e-06, 6.9405564318e-07, 5.53646259505e-07, 5.0234137916e-07, 2.46047960673e-07, 2.4133632337e-07, 1.3713921021e-07, 8.16096275003e-08, 8.50862207358e-08, 3.77495119608e-08, 1.95364773248e-08, 5.96596407831e-08, 5.65145228393e-08, 1.36962361452e-08, 5.16167908415e-09, 4.69463223851e-09, 1.24574950355e-09, 6.02503824609e-10, 4.26319690661e-09, 1.84129000935e-09, 7.96809673798e-10, 4.50552040121e-10, 1.98158878195e-10, 2.72212224983e-10, 1.12675042907e-10, 2.08975111521e-11, 1.82927058917e-11, 1.57618067903e-11, 1.52922050023e-11, 1.09526120812e-11, 7.2401017473e-12, 2.79512415817e-12, 1.22022086445e-12, 1.06980353395e-12, 6.61000117488e-13, 9.27196470643e-13],
        "max": [0.0014955047518, 0.00610085856169, 0.0111998012289, 0.0181889571249, 0.0116916047409, 0.0139202522114, 0.00830784253776, 0.0135894492269, 0.0079961065203, 0.0103401700035, 0.00671450421214, 0.00499179400504, 0.00580358691514, 0.00308854831383, 0.00273955101147, 0.00451973825693, 0.00490309204906, 0.00227604922839, 0.00114207377192, 0.0020338986069, 0.0013954922324, 0.000390994769987, 0.00106711429544, 0.00113224273082, 0.000449059298262, 0.000307158334181, 0.000221015492571, 0.000234062812524, 0.000150128718815, 7.03024197719e-05, 6.68360298732e-05, 8.69420764502e-05, 0.000137350580189, 0.000104306192952, 0.000109514694486, 8.4626080934e-05, 4.98530644109e-05, 4.38492970716e-05, 4.34330868302e-05, 4.3057185394e-05],
        "mean": [0.000161191273946, 0.000730542291421, 0.000924534921069, 0.000725706689991, 0.000553502992261, 0.000367980712326, 0.000394321716158, 0.00030331092421, 0.000220091751544, 0.000152952721692, 0.000133674358949, 0.000127163220895, 0.000112439971417, 8.60019135871e-05, 6.28669731668e-05, 7.13136178092e-05, 7.28698942112e-05, 4.19429961767e-05, 2.86280555883e-05, 2.46271301876e-05, 1.44578325489e-05, 1.49159377543e-05, 2.60124306806e-05, 1.80126353371e-05, 1.1896048818e-05, 1.03904549178e-05, 8.97484460438e-06, 8.49797470437e-06, 5.37812638868e-06, 2.51525193562e-06, 2.05202604775e-06, 1.91345930034e-06, 1.35960726766e-06, 1.08221274786e-06, 9.30992882786e-07, 5.6582319985e-07, 3.36326849038e-07, 2.6102699735e-07, 2.164141506e-07, 2.38089953086e-07],
        "median": [0.000128319428768, 0.000566255417652, 0.000677742122207, 0.000467240053695, 0.000276931357803, 0.00016591855092, 0.000181356605026, 0.000133873138111, 8.13743972685e-05, 5.23044436704e-05, 5.2878032875e-05, 4.87593424623e-05, 3.22135529132e-05, 2.7854615837e-05, 2.57600549958e-05, 2.00490267162e-05, 1.77713482117e-05, 1.40970023494e-05, 1.02439744296e-05, 7.66142329667e-06, 6.28016459814e-06, 6.59837496642e-06, 9.03484306036e-06, 7.07918752596e-06, 4.95226413477e-06, 4.50404604635e-06, 4.06065782954e-06, 3.0893377243e-06, 1.77765741682e-06, 9.60395027505e-07, 6.78331332438e-07, 6.13245560999e-07, 4.0892749098e-07, 3.04985462662e-07, 2.84893957314e-07, 1.83803280152e-07, 1.13380281164e-07, 6.97841073816e-08, 5.33886819198e-08, 4.66206522276e-08],
        "min": [9.63185044665e-24, 6.47832454662e-24, 8.07278204117e-24, 1.37660389202e-24, 8.32716049525e-24, 1.13260089156e-23, 4.20920717352e-24, 8.65646338039e-24, 8.86364113106e-24, 2.91242302834e-23, 1.05080713862e-23, 4.13809964596e-24, 3.33746656945e-24, 8.81333862658e-24, 1.19073402381e-23, 8.05704821041e-24, 1.56414898525e-23, 1.11026145513e-23, 9.18224942891e-24, 6.31960731021e-24, 4.26170192246e-24, 6.32286688347e-24, 7.57087402339e-24, 6.93593802458e-24, 6.27350470119e-24, 1.30037882655e-23, 1.00359042134e-23, 4.48678918227e-24, 6.96166593414e-24, 1.26553310487e-23, 8.67511362991e-24, 1.24814345508e-23, 1.38571006844e-23, 1.50201530268e-23, 1.16418104463e-23, 1.03658602754e-23, 1.20619333097e-23, 1.05507400837e-23, 1.1170349304e-23, 8.33272748666e-24],
        "var": [1.84899953126e-08, 3.47359531361e-07, 6.63612524932e-07, 6.35539208815e-07, 6.52396863643e-07, 3.74282421944e-07, 3.75653286255e-07, 2.75359496982e-07, 1.72985465952e-07, 1.41276004229e-07, 9.56608232627e-08, 8.23780652581e-08, 8.62785967115e-08, 3.75094870719e-08, 1.71816285643e-08, 4.69641925349e-08, 4.65685090489e-08, 1.16483462875e-08, 3.74690189986e-09, 5.54656365281e-09, 1.14267439955e-09, 5.4473997535e-10, 2.24260165993e-09, 1.08911479835e-09, 4.68780125829e-10, 2.98232105678e-10, 1.92534099774e-10, 2.46826920014e-10, 9.48704517723e-11, 1.89584389854e-11, 1.67837046344e-11, 1.80981930831e-11, 2.22337512984e-11, 1.92203301885e-11, 1.2155151885e-11, 4.93399158336e-12, 1.33569110633e-12, 1.05393406676e-12, 9.05351314751e-13, 1.31988289655e-12]
    },
    "mfcc": {
        "mean": [-652.012634277, 139.800064087, -12.8150873184, 29.0718040466, -5.91233682632, 3.13798975945, -1.32599270344, 1.87921106815, -9.56303787231, -0.386340558529, -3.90435051918, -2.51709628105, -4.28719568253],
        "cov": [[3905.83349609, -71.3648757935, -651.67565918, 59.336265564, -318.50378418, -39.7363166809, -190.179489136, -78.638343811, -113.023216248, -6.19018030167, -3.07848310471, -7.92493486404, -26.4539833069], [-71.3648757935, 864.219238281, -258.644805908, -31.0197124481, -84.5384674072, 7.84070205688, -30.8637237549, 14.2631702423, -49.0476570129, 37.4119606018, 6.32764005661, 7.07521247864, 5.19354534149], [-651.67565918, -258.644805908, 541.706054688, -40.9080467224, 139.054351807, -46.3026542664, 64.2311325073, -22.4573554993, 48.7538070679, -43.1671562195, -0.229636132717, -10.5610694885, 15.411488533], [59.336265564, -31.0197124481, -40.9080467224, 266.383056641, -33.380027771, -2.93056297302, -52.4956436157, 31.5572299957, -8.47683620453, 0.4833791852, -18.081785202, 5.46308279037, 7.28031301498], [-318.50378418, -84.5384674072, 139.054351807, -33.380027771, 243.864898682, -30.7632369995, 26.2829475403, -24.5368213654, 42.2262573242, -17.9870948792, 3.05893468857, -17.5215530396, 6.11323738098], [-39.7363166809, 7.84070205688, -46.3026542664, -2.93056297302, -30.7632369995, 161.886444092, 13.9582738876, 22.2203350067, -26.104801178, 9.48369312286, -7.50858831406, -3.16660809517, -17.0505924225], [-190.179489136, -30.8637237549, 64.2311325073, -52.4956436157, 26.2829475403, 13.9582738876, 176.920928955, 25.718536377, 19.7894210815, -11.6899147034, -0.698798656464, 8.9077911377, -7.54168462753], [-78.638343811, 14.2631702423, -22.4573554993, 31.5572299957, -24.5368213654, 22.2203350067, 25.718536377, 122.883178711, 12.2857618332, 25.4846744537, -4.69901418686, 2.74330472946, -17.0240573883], [-113.023216248, -49.0476570129, 48.7538070679, -8.47683620453, 42.2262573242, -26.104801178, 19.7894210815, 12.2857618332, 95.0120620728, 15.6476020813, 1.74740493298, -6.43736219406, 2.09826469421], [-6.19018030167, 37.4119606018, -43.1671562195, 0.4833791852, -17.9870948792, 9.48369312286, -11.6899147034, 25.4846744537, 15.6476020813, 86.0060119629, 9.56372833252, 6.41350698471, -11.613910675], [-3.07848310471, 6.32764005661, -0.229636132717, -18.081785202, 3.05893468857, -7.50858831406, -0.698798656464, -4.69901418686, 1.74740493298, 9.56372833252, 76.9683303833, 0.814487874508, 11.0483102798], [-7.92493486404, 7.07521247864, -10.5610694885, 5.46308279037, -17.5215530396, -3.16660809517, 8.9077911377, 2.74330472946, -6.43736219406, 6.41350698471, 0.814487874508, 74.0666885376, 4.84812259674], [-26.4539833069, 5.19354534149, 15.411488533, 7.28031301498, 6.11323738098, -17.0505924225, -7.54168462753, -17.0240573883, 2.09826469421, -11.613910675, 11.0483102798, 4.84812259674, 72.1267318726]],
