{
"lowlevel": {
    "average_loudness": 0.391209691763,
    "barkbands_crest": {
        "dmean": 2.56663417816,
        "dmean2": 4.07821321487,
        "dvar": 5.53668737411,
        "dvar2": 13.2781257629,
        "max": 26.1520633698,
        "mean": 11.5451097488,
        "median": 10.6380500793,
        "min": 2.49877619743,
        "var": 23.1545886993
    },
    "barkbands_flatness_db": {
        "dmean": 0.0186743754894,
        "dmean2": 0.0288540236652,
        "dvar": 0.000292959215585,
        "dvar2": 0.000674920913298,
        "max": 0.432942062616,
        "mean": 0.225157648325,
        "median": 0.222164452076,
        "min": 0.0532434806228,
        "var": 0.0021101848688
    },
    "barkbands_kurtosis": {
        "dmean": 2.50649857521,
        "dmean2": 3.89982247353,
        "dvar": 16.3578453064,
        "dvar2": 38.3186264038,
        "max": 94.3726196289,
        "mean": 4.90137290955,
        "median": 2.69902539253,
        "min": -1.84961235523,
        "var": 51.4618644714
    },
    "barkbands_skewness": {
        "dmean": 0.425406247377,
        "dmean2": 0.642581284046,
        "dvar": 0.1764203161,
        "dvar2": 0.402427226305,
        "max": 8.25584506989,
        "mean": 1.20731627941,
        "median": 1.07231068611,
        "min": -1.90320837498,
        "var": 1.22482979298
    },
    "barkbands_spread": {
        "dmean": 2.22005867958,
        "dmean2": 3.38116312027,
        "dvar": 7.00430393219,
        "dvar2": 15.5238733292,
        "max": 78.7524337769,
        "mean": 9.9339017868,
        "median": 8.4232635498,
        "min": 0.817834675312,
        "var": 40.1737861633
    },
    "dissonance": {
        "dmean": 0.0302161835134,
        "dmean2": 0.0512492209673,
        "dvar": 0.000816898595076,
        "dvar2": 0.00229519093409,
        "max": 0.499999970198,
        "mean": 0.432857006788,
        "median": 0.440895169973,
        "min": 0.17811280489,
        "var": 0.00193674303591
    },
    "dynamic_complexity": 3.97457122803,
    "erbbands_crest": {
        "dmean": 2.94210004807,
        "dmean2": 4.64853906631,
        "dvar": 7.64012098312,
        "dvar2": 18.294631958,
        "max": 32.67370224,
        "mean": 12.4723873138,
        "median": 11.3459434509,
        "min": 2.43984699249,
        "var": 30.2105979919
    },
    "erbbands_flatness_db": {
        "dmean": 0.0157367512584,
        "dmean2": 0.0232528951019,
        "dvar": 0.000230870355153,
        "dvar2": 0.000476121000247,
        "max": 0.446390926838,
        "mean": 0.27673047781,
        "median": 0.274147629738,
        "min": 0.0263218693435,
        "var": 0.00183936546091
    },
    "erbbands_kurtosis": {
        "dmean": 1.71646487713,
        "dmean2": 2.67296004295,
        "dvar": 7.64484643936,
        "dvar2": 17.7555789948,
        "max": 74.9180831909,
        "mean": 2.63977146149,
        "median": 1.21981930733,
        "min": -1.87153851986,
        "var": 22.6721019745
    },
    "erbbands_skewness": {
        "dmean": 0.395061761141,
        "dmean2": 0.604458868504,
        "dvar": 0.151272937655,
        "dvar2": 0.357165127993,
        "max": 5.9514298439,
        "mean": 0.929146170616,
        "median": 0.882718443871,
        "min": -2.44363641739,
        "var": 0.853149294853
    },
    "erbbands_spread": {
        "dmean": 4.0493183136,
        "dmean2": 6.13655424118,
        "dvar": 20.585477829,
        "dvar2": 47.1952476501,
        "max": 89.0435638428,
        "mean": 19.1824417114,
        "median": 17.1817874908,
        "min": 1.29470717907,
        "var": 117.694953918
    },
    "hfc": {
        "dmean": 4.31814622879,
        "dmean2": 6.06715917587,
        "dvar": 66.3140029907,
        "dvar2": 119.710914612,
        "max": 185.000732422,
        "mean": 14.705239296,
        "median": 8.30928993225,
        "min": 1.16857274208e-16,
        "var": 320.953460693
    },
    "melbands_crest": {
        "dmean": 2.84335064888,
        "dmean2": 4.5352602005,
        "dvar": 6.83499097824,
        "dvar2": 16.759185791,
        "max": 33.5962371826,
        "mean": 13.0422639847,
        "median": 12.0591564178,
        "min": 1.48883080482,
        "var": 26.6374607086
    },
    "melbands_flatness_db": {
        "dmean": 0.0183075275272,
        "dmean2": 0.0273317005485,
        "dvar": 0.000307075621095,
        "dvar2": 0.000683605554514,
        "max": 0.455257147551,
        "mean": 0.25119099021,
        "median": 0.250903844833,
        "min": 0.0016537674237,
        "var": 0.00301640154794
    },
    "melbands_kurtosis": {
        "dmean": 3.26613616943,
        "dmean2": 5.0047082901,
        "dvar": 29.7871208191,
        "dvar2": 67.0407104492,
        "max": 147.232910156,
        "mean": 6.96179151535,
        "median": 3.92969608307,
        "min": -1.5439620018,
        "var": 101.56035614
    },
    "melbands_skewness": {
        "dmean": 0.462849259377,
        "dmean2": 0.693332850933,
        "dvar": 0.225492119789,
        "dvar2": 0.505882501602,
        "max": 9.30811214447,
        "mean": 1.38292717934,
        "median": 1.26835823059,
        "min": -2.09387493134,
        "var": 1.53146469593
    },
    "melbands_spread": {
        "dmean": 3.33390426636,
        "dmean2": 5.05761575699,
        "dvar": 18.1556987762,
        "dvar2": 37.5869979858,
        "max": 161.211044312,
        "mean": 14.9978580475,
        "median": 12.5247478485,
        "min": 1.13847744465,
        "var": 106.99786377
    },
    "pitch_salience": {
        "dmean": 0.0643503516912,
        "dmean2": 0.101232565939,
        "dvar": 0.00343288015574,
        "dvar2": 0.00833935197443,
        "max": 0.983803927898,
        "mean": 0.556703984737,
        "median": 0.566880226135,
        "min": 0.144997015595,
        "var": 0.0146882422268
    },
    "silence_rate_20dB": {
        "dmean": 0,
        "dmean2": 0,
        "dvar": 0,
        "dvar2": 0,
        "max": 1,
        "mean": 1,
        "median": 1,
        "min": 1,
        "var": 0
    },
    "silence_rate_30dB": {
        "dmean": 0.00333889806643,
        "dmean2": 0.00667865388095,
        "dvar": 0.00332783465274,
        "dvar2": 0.00817549601197,
        "max": 1,
        "mean": 0.994350254536,
        "median": 1,
        "min": 0,
        "var": 0.00561725115404
    },
    "silence_rate_60dB": {
        "dmean": 0.0272248610854,
        "dmean2": 0.054456718266,
        "dvar": 0.0264867730439,
        "dvar2": 0.0597071424127,
        "max": 1,
        "mean": 0.126219823956,
        "median": 0,
        "min": 0,
        "var": 0.110287107527
    },
    "spectral_centroid": {
        "dmean": 120.339782715,
        "dmean2": 183.070953369,
        "dvar": 28840.5976562,
        "dvar2": 57545.2460938,
        "max": 11293.5810547,
        "mean": 975.364013672,
        "median": 897.853210449,
        "min": 267.054656982,
        "var": 216920.890625
    },
    "spectral_complexity": {
        "dmean": 1.82689094543,
        "dmean2": 2.95504760742,
        "dvar": 3.0836930275,
        "dvar2": 7.31984996796,
        "max": 37,
        "mean": 13.249871254,
        "median": 13,
        "min": 0,
        "var": 35.7916641235
    },
    "spectral_decrease": {
        "dmean": 1.26634858155e-09,
        "dmean2": 1.82243642399e-09,
        "dvar": 4.76696535594e-18,
        "dvar2": 9.22707152003e-18,
        "max": 4.07965647518e-29,
        "mean": -4.3566354968e-09,
        "median": -2.89234991513e-09,
        "min": -4.85493210078e-08,
        "var": 2.23218973093e-17
    },
    "spectral_energy": {
        "dmean": 0.00515175191686,
        "dmean2": 0.00739704957232,
        "dvar": 7.96537060523e-05,
        "dvar2": 0.00015311712923,
        "max": 0.19727396965,
        "mean": 0.0177767183632,
        "median": 0.0117636211216,
        "min": 1.04598765603e-20,
        "var": 0.00037555032759
    },
    "spectral_energyband_high": {
        "dmean": 3.92876572732e-05,
        "dmean2": 5.75599769945e-05,
        "dvar": 1.18792229387e-08,
        "dvar2": 2.30820678127e-08,
        "max": 0.00558345811442,
        "mean": 0.000109724991489,
        "median": 4.53362808912e-05,
        "min": 7.46287276186e-21,
        "var": 4.31590692074e-08
    },
    "spectral_energyband_low": {
        "dmean": 0.000244646100327,
        "dmean2": 0.000404991907999,
        "dvar": 2.00667685135e-07,
        "dvar2": 5.20079538546e-07,
        "max": 0.0119708087295,
        "mean": 0.000524924718775,
        "median": 0.000317197933327,
        "min": 4.20927375338e-23,
        "var": 4.40236846089e-07
    },
    "spectral_energyband_middle_high": {
        "dmean": 0.00294261914678,
        "dmean2": 0.00420107273385,
        "dvar": 5.31851583219e-05,
        "dvar2": 0.000104341772385,
        "max": 0.166032731533,
        "mean": 0.00770066864789,
        "median": 0.00284843752161,
        "min": 1.49683683474e-21,
        "var": 0.00019022449851
    },
    "spectral_energyband_middle_low": {
        "dmean": 0.00320848845877,
        "dmean2": 0.00478713726625,
        "dvar": 4.0841398004e-05,
        "dvar2": 8.70038347784e-05,
        "max": 0.187489643693,
        "mean": 0.00976505875587,
        "median": 0.00640499126166,
        "min": 3.53029189525e-22,
        "var": 0.000163933771546
    },
    "spectral_entropy": {
        "dmean": 0.140744760633,
        "dmean2": 0.208445414901,
        "dvar": 0.0192194711417,
        "dvar2": 0.0407739430666,
        "max": 9.79794120789,
        "mean": 6.94334936142,
        "median": 6.96243238449,
        "min": 5.25523805618,
        "var": 0.169667541981
    },
    "spectral_flux": {
        "dmean": 0.0174263492227,
        "dmean2": 0.028195079416,
        "dvar": 0.000546873256098,
        "dvar2": 0.00137812003959,
        "max": 0.432059913874,
        "mean": 0.056383356452,
        "median": 0.0470406748354,
        "min": 6.61544014013e-11,
        "var": 0.0016151011223
    },
    "spectral_kurtosis": {
        "dmean": 4.41505241394,
        "dmean2": 7.75038719177,
        "dvar": 15.4191923141,
        "dvar2": 46.9831199646,
        "max": 47.5976638794,
        "mean": 7.73898935318,
        "median": 6.35047912598,
        "min": -1.27612090111,
        "var": 34.1000213623
    },
    "spectral_rms": {
        "dmean": 0.000535625033081,
        "dmean2": 0.000757926609367,
        "dvar": 4.41309055077e-07,
        "dvar2": 7.94292418504e-07,
        "max": 0.0138730825856,
        "mean": 0.00370114273392,
        "median": 0.00338772824034,
        "min": 3.19448851052e-12,
        "var": 3.64474931303e-06
    },
    "spectral_rolloff": {
        "dmean": 180.981246948,
        "dmean2": 309.261230469,
        "dvar": 133985.375,
        "dvar2": 262153.1875,
        "max": 19336.8164062,
        "mean": 1098.97851562,
        "median": 861.328125,
        "min": 215.33203125,
        "var": 525140.625
    },
    "spectral_skewness": {
        "dmean": 0.403680920601,
        "dmean2": 0.692126274109,
        "dvar": 0.112796016037,
        "dvar2": 0.329444050789,
        "max": 5.09188652039,
        "mean": 1.79594600201,
        "median": 1.70350146294,
        "min": -0.542664945126,
        "var": 0.466041475534
    },
    "spectral_spread": {
        "dmean": 234803.15625,
        "dmean2": 377555.3125,
        "dvar": 177048436736,
        "dvar2": 311745773568,
        "max": 41670964,
        "mean": 2580293.75,
        "median": 2477402,
        "min": 1276742.125,
        "var": 861326475264
    },
    "spectral_strongpeak": {
        "dmean": 0.69247418642,
        "dmean2": 1.08529007435,
        "dvar": 0.976682305336,
        "dvar2": 2.10729598999,
        "max": 16.71352005,
        "mean": 1.90673136711,
        "median": 1.14877843857,
        "min": 0,
        "var": 4.27972507477
    },
    "zerocrossingrate": {
        "dmean": 0.00405623950064,
        "dmean2": 0.00496189342812,
        "dvar": 4.10175452998e-05,
        "dvar2": 5.22779955645e-05,
        "max": 0.556640625,
        "mean": 0.0420979559422,
        "median": 0.0390625,
        "min": 0.009765625,
        "var": 0.000436080881627
    },
    "barkbands": {
        "dmean": [2.30342675422e-06, 6.8184970587e-05, 0.000144048186485, 0.000211199483601, 0.000539300381206, 0.000766932556871, 0.000818525266368, 0.000791242928244, 0.00128457683604, 0.00190428097267, 0.000774507003371, 0.000481742288684, 0.000308496208163, 0.000276962149655, 0.000276358681731, 0.000192229461391, 0.000100902187114, 6.97564246366e-05, 5.12181577506e-05, 2.95164736599e-05, 2.14126212086e-05, 7.32775743018e-06, 3.35142408403e-06, 9.00248437574e-07, 1.44143248448e-08, 1.7594464774e-09, 7.87096277044e-10],
        "dmean2": [4.06456410929e-06, 0.000112645277113, 0.000237567306613, 0.000357908924343, 0.000882986583747, 0.0011835192563, 0.00119641725905, 0.00121709378436, 0.00191433168948, 0.00284179276787, 0.00116837921087, 0.000703046855051, 0.000465955556137, 0.000434160261648, 0.00042092311196, 0.000304134649923, 0.000158324910444, 0.000114382841275, 8.14792656456e-05, 4.67213976663e-05, 3.22227715515e-05, 1.13950763989e-05, 5.13067925567e-06, 1.36188100441e-06, 2.23736869032e-08, 2.89538415466e-09, 1.46222689512e-09],
        "dvar": [1.30769145512e-11, 1.25792274375e-08, 9.17616844731e-08, 1.480142231e-07, 7.00119642261e-07, 1.94491553884e-06, 4.73062618767e-06, 9.06861168914e-06, 2.10397356568e-05, 3.80746241717e-05, 1.2512221474e-05, 2.55678651229e-06, 1.65619508152e-06, 9.18931789329e-07, 1.23452764456e-06, 7.87854503415e-07, 1.30576211177e-07, 1.94623652305e-07, 1.71270997384e-08, 3.94786070501e-09, 4.44764536311e-09, 1.03210273661e-09, 7.28212212753e-10, 1.05081447016e-11, 9.78753516223e-15, 1.50115837594e-16, 1.45750845206e-17],
        "dvar2": [3.73162889478e-11, 3.31811023102e-08, 2.25759293926e-07, 4.13053982129e-07, 1.86193756235e-06, 4.40684561909e-06, 1.09827724373e-05, 2.03754807444e-05, 4.24457721238e-05, 8.20353670861e-05, 2.6495577913e-05, 4.26619408245e-06, 3.10307382279e-06, 1.99663918465e-06, 2.45139131039e-06, 1.66508016264e-06, 3.09926520004e-07, 5.40051360076e-07, 3.92627370616e-08, 9.66685753667e-09, 9.1131067137e-09, 2.1528148153e-09, 1.53560497651e-09, 2.20181217009e-11, 2.25010795722e-14, 3.76581028061e-16, 4.32330215403e-17],
        "max": [5.6632932683e-05, 0.00227853865363, 0.0104098320007, 0.00623622350395, 0.0180269554257, 0.0331830270588, 0.0951339304447, 0.110021270812, 0.167973965406, 0.162333011627, 0.119948342443, 0.0920966565609, 0.058612357825, 0.0275533143431, 0.0463816076517, 0.0519801564515, 0.0109864221886, 0.0333646051586, 0.00588015466928, 0.0013613877818, 0.0036676551681, 0.00189350452274, 0.00202108197846, 0.000174410655745, 7.47109106669e-06, 5.96290249177e-07, 2.31903399595e-07],
        "mean": [2.38214306592e-06, 0.000139061332447, 0.000239370259806, 0.000318441481795, 0.00118076172657, 0.00169398856815, 0.00210092961788, 0.00143778941128, 0.002593413461, 0.00339619792067, 0.00136537873186, 0.000931473681703, 0.000496346270666, 0.000455801840872, 0.000553427031264, 0.000317174621159, 0.000176858447958, 0.000133541965624, 0.000103139820567, 6.59243669361e-05, 4.92594044772e-05, 1.59580085892e-05, 8.02467457106e-06, 2.09217614611e-06, 2.14465956105e-08, 2.73123013095e-09, 6.5797250981e-10],
        "median": [1.11061467578e-06, 7.18130977475e-05, 0.000107883941382, 0.000158107766765, 0.000770015874878, 0.000772185157984, 0.000830649281852, 0.000331601302605, 0.000464723503683, 0.00050114991609, 0.000144404941238, 0.000175801076693, 0.000108227461169, 0.000103456084616, 5.98502083449e-05, 6.76875497447e-05, 4.63567157567e-05, 4.1487524868e-05, 3.86593892472e-05, 2.57070751104e-05, 2.05656178878e-05, 4.27316444984e-06, 2.3213606255e-06, 7.31405691567e-07, 7.9466211389e-09, 1.10195919056e-09, 2.26584223606e-10],
        "min": [6.87460566692e-24, 1.20455084368e-23, 1.8502981812e-23, 1.12961450083e-23, 8.67564232449e-23, 6.10453511291e-23, 4.0567648523e-23, 2.1218982577e-23, 5.12541925893e-23, 3.50300185177e-23, 3.56053821076e-23, 1.2941874044e-22, 8.28127813619e-23, 9.2383746735e-23, 1.17332116573e-22, 1.29694551456e-22, 8.33908333897e-23, 1.80572684586e-22, 2.26118660732e-22, 2.8556921279e-22, 3.35779010339e-22, 3.44000758507e-22, 4.19848863641e-22, 1.02831121428e-21, 9.35936687748e-22, 1.64483804577e-21, 2.1530230992e-21],
        "var": [1.33769410479e-11, 3.83854974473e-08, 1.71854395603e-07, 2.12324763993e-07, 1.71902570401e-06, 7.18284036338e-06, 1.3836162907e-05, 2.09727695619e-05, 9.04379194253e-05, 0.000103229016531, 2.86322065222e-05, 1.07681044028e-05, 3.62388936992e-06, 1.82887958999e-06, 3.46153524333e-06, 1.43303805089e-06, 2.45008465072e-07, 2.76206435501e-07, 4.00238739928e-08, 1.18715330899e-08, 1.07737605504e-08, 2.78914047414e-09, 1.92289073553e-09, 2.32323760924e-11, 1.41172609627e-14, 1.55513065359e-16, 8.1908491318e-18]
    },
    "erbbands": {
        "dmean": [0.00115462206304, 0.0193053372204, 0.126500532031, 0.423301279545, 1.35779571533, 1.72042667866, 4.07455539703, 7.26892089844, 11.9281606674, 10.93953228, 20.1996955872, 22.7725315094, 49.5156478882, 48.8411331177, 24.0889968872, 15.8480911255, 12.2877521515, 10.6515779495, 13.7790117264, 12.2404632568, 9.33296012878, 5.47112941742, 4.36264657974, 2.47443938255, 1.91662037373, 1.15030610561, 1.12153291702, 0.655639052391, 0.31454411149, 0.151751294732, 0.0889199003577, 0.0353122241795, 0.00712045608088, 0.000539766217116, 2.60605065705e-05, 1.33271096274e-05, 3.5784796637e-06, 9.86734789876e-07, 2.69982888312e-06, 6.02809086558e-06],
        "dmean2": [0.00195535854436, 0.031565438956, 0.20739120245, 0.714680314064, 2.26360154152, 2.85391283035, 6.17847824097, 11.3087234497, 17.2885150909, 17.028793335, 30.3394432068, 33.5261077881, 73.1211547852, 72.2167129517, 35.7718276978, 22.8255844116, 17.6609840393, 16.0877513885, 20.9334659576, 18.6133480072, 14.3837776184, 8.53729915619, 7.10329580307, 3.91831469536, 3.01406049728, 1.79424989223, 1.71876907349, 0.996210098267, 0.49204659462, 0.236786007881, 0.136263266206, 0.0531538315117, 0.0105773098767, 0.000794972584117, 3.78117510991e-05, 1.98545094463e-05, 5.40242763236e-06, 1.50131904775e-06, 3.83091537515e-06, 8.6214095063e-06],
        "dvar": [3.86416331821e-06, 0.00100057711825, 0.0647139176726, 0.612203896046, 5.20451211929, 8.32329654694, 60.1859092712, 203.314437866, 557.12097168, 2787.52197266, 4887.57666016, 6999.41601562, 26069.5, 28515.7285156, 9420.61328125, 2343.55517578, 2230.65893555, 1980.03198242, 2287.08496094, 2325.29370117, 1265.17224121, 263.454223633, 672.601745605, 59.040397644, 17.9819145203, 6.00027704239, 10.2567672729, 8.6996717453, 1.79641819, 1.7894141674, 0.513562440872, 0.020919483155, 0.000848598894663, 1.01920941233e-05, 2.01430339075e-08, 6.63855548311e-09, 3.04767378001e-10, 2.89220054156e-11, 2.20192267197e-11, 1.09606074217e-10],
        "dvar2": [1.09106040327e-05, 0.00259766844101, 0.158382445574, 1.69445884228, 14.3407440186, 22.65766716, 132.15133667, 491.013519287, 1049.1105957, 7556.94384766, 10451.3115234, 14066.6796875, 54121.1796875, 57819.0351562, 20462.0527344, 3825.76635742, 4075.0234375, 3842.26123047, 4353.76904297, 4388.35302734, 2921.85864258, 600.489196777, 1783.62597656, 141.696060181, 40.7609138489, 14.5448770523, 23.4233436584, 18.5273513794, 4.16081380844, 3.55684876442, 1.08347272873, 0.0487336367369, 0.0014803672675, 1.85165608855e-05, 4.20177457272e-08, 1.44831311388e-08, 8.36059443898e-10, 8.34299226926e-11, 4.14056566811e-11, 2.08688108461e-10],
        "max": [0.0443422570825, 0.649523496628, 8.1216211319, 14.0089387894, 42.1025238037, 71.4443740845, 242.912597656, 299.655487061, 913.106689453, 3011.4777832, 2479.66210938, 2802.2668457, 4355.51708984, 3914.78881836, 3439.29370117, 2728.5168457, 2041.91943359, 1350.03173828, 1408.8737793, 1827.42272949, 1332.8314209, 511.088439941, 1973.50708008, 531.864929199, 136.306610107, 65.8678894043, 100.514831543, 218.880462646, 73.9250717163, 101.166542053, 54.8401184082, 7.99162626266, 1.76377379894, 0.246093720198, 0.00913723185658, 0.00536149879918, 0.000985675957054, 0.000329198112013, 0.000104147737147, 0.000229921963182],
        "mean": [0.00235289474949, 0.0401401259005, 0.230635672808, 0.746183872223, 2.40090274811, 3.58128833771, 8.47948646545, 16.5127754211, 32.8460502625, 22.6431026459, 37.8772888184, 44.7656784058, 99.0823974609, 87.1163024902, 50.0131072998, 31.7440776825, 22.6720085144, 19.0286026001, 26.5991783142, 26.5467166901, 16.6641311646, 10.7008543015, 8.71803665161, 5.34213447571, 4.25698471069, 2.71758770943, 2.54907536507, 1.45360779762, 0.679067015648, 0.345213204622, 0.209270909429, 0.085849121213, 0.0167282111943, 0.00120790721849, 7.28756858734e-05, 3.44277905242e-05, 1.09446818897e-05, 3.03405954583e-06, 9.59041062742e-06, 2.09670033655e-05],
        "median": [0.00109727471136, 0.0217972062528, 0.116213694215, 0.394174158573, 1.39043056965, 2.27823829651, 4.33449649811, 7.76310443878, 13.9834651947, 9.12998771667, 10.3845367432, 10.3445568085, 17.8213272095, 16.8029937744, 8.50358963013, 7.3658618927, 5.66171884537, 5.18874931335, 5.41285324097, 4.35602474213, 4.37022304535, 3.50157356262, 2.76223731041, 2.19635295868, 1.84310221672, 1.20103800297, 1.05780494213, 0.525690078735, 0.186669319868, 0.0929985791445, 0.0614772923291, 0.0291408672929, 0.00580116175115, 0.0004431133857, 3.6847199226e-05, 1.87850237126e-05, 6.81119672663e-06, 1.85280305232e-06, 6.2676563175e-06, 1.38070245157e-05],
        "min": [3.37119998147e-22, 1.98150732035e-21, 1.48455978616e-20, 3.64283362432e-20, 1.6057629424e-19, 2.22233057555e-19, 5.33258267001e-19, 4.42269588692e-19, 4.26039426194e-19, 6.77234791181e-19, 5.72465438964e-19, 8.51948881635e-19, 1.32566281073e-18, 1.72786573511e-18, 1.96672364956e-18, 4.02042575412e-18, 3.75870870344e-18, 5.02756033612e-18, 3.90002010339e-18, 7.01790785038e-18, 5.9513647432e-18, 4.45802166895e-18, 9.90989836235e-18, 8.28415262335e-18, 1.41323791111e-17, 1.22674590611e-17, 1.40797489175e-17, 1.33534868212e-17, 1.11240712886e-17, 1.52699741378e-17, 1.35178500904e-17, 1.80184256524e-17, 1.73093234179e-17, 1.11110340949e-17, 6.45497587477e-18, 5.71263338738e-18, 2.8992765256e-18, 1.27561755649e-18, 2.82207555223e-19, 2.83451693026e-20],
        "var": [1.34438587338e-05, 0.00292305718176, 0.134646683931, 1.01384282112, 8.76383113861, 20.3162345886, 218.564758301, 642.076965332, 3019.76660156, 3128.06396484, 11229.4042969, 22330.2949219, 88787.859375, 61671.9296875, 39503.4179688, 8973.44921875, 5711.73632812, 4168.94970703, 5292.75244141, 7179.56347656, 2192.09667969, 566.512084961, 1028.28100586, 142.706466675, 47.6106910706, 19.0635108948, 24.232542038, 14.1451177597, 4.20578479767, 3.64310097694, 1.43931639194, 0.0488562323153, 0.00195671478286, 1.99382720893e-05, 3.80736260297e-08, 9.67246283068e-09, 3.21169812967e-10, 2.52807687978e-11, 1.08000997034e-10, 5.24145726821e-10]
    },
    "gfcc": {
        "mean": [-102.59022522, 167.232269287, -179.113998413, 23.061252594, -76.4709777832, -17.2388820648, -18.4330825806, -23.3639698029, 0.92371737957, -26.128080368, 2.08862686157, -16.1248664856, 1.59130942822],
        "cov": [[4476.18164062, -140.488998413, -1323.3717041, -49.777797699, 321.532836914, 40.8374023438, 340.485198975, -95.2168579102, 42.0133628845, -32.7942771912, -127.295051575, -30.6819896698, -29.3232460022], [-140.488998413, 461.785552979, 262.820343018, -71.3124465942, 38.9611206055, -72.5389862061, 32.9625930786, -12.544470787, 10.3091182709, -15.8561153412, 8.06511306763, -18.5442352295, -25.671377182], [-1323.3717041, 262.820343018, 821.818054199, 104.057060242, -196.025802612, -48.7834625244, -137.456848145, 54.6934432983, -20.0802116394, -23.6682472229, 60.483631134, 0.409987330437, -10.060461998], [-49.777797699, -71.3124465942, 104.057060242, 396.614532471, 11.6772899628, -3.54296994209, -86.8205337524, 18.360868454, 22.7994747162, 2.35395336151, 12.838470459, 16.2131214142, -19.5054073334], [321.532836914, 38.9611206055, -196.025802612, 11.6772899628, 236.596603394, 45.7378044128, 54.672794342, -3.51289486885, 25.511844635, 13.6752147675, -29.1679019928, 1.66379201412, 6.59159803391], [40.8374023438, -72.5389862061, -48.7834625244, -3.54296994209, 45.7378044128, 210.082641602, 55.0461006165, -20.3817653656, -6.67167043686, 26.2451648712, -18.514497757, -16.5465240479, 2.97641992569], [340.485198975, 32.9625930786, -137.456848145, -86.8205337524, 54.672794342, 55.0461006165, 198.916748047, 6.32385730743, -11.6152658463, 12.232047081, -26.6295509338, -14.3566217422, -7.54941272736], [-95.2168579102, -12.544470787, 54.6934432983, 18.360868454, -3.51289486885, -20.3817653656, 6.32385730743, 124.748397827, 43.7468833923, -17.3680305481, 8.49357509613, 9.26453590393, 2.9195997715], [42.0133628845, 10.3091182709, -20.0802116394, 22.7994747162, 25.511844635, -6.67167043686, -11.6152658463, 43.7468833923, 101.090538025, 30.183795929, -7.7927570343, 12.7682514191, -4.4771194458], [-32.7942771912, -15.8561153412, -23.6682472229, 2.35395336151, 13.6752147675, 26.2451648712, 12.232047081, -17.3680305481, 30.183795929, 95.0718994141, 32.1676292419, -5.34727430344, -3.4224588871], [-127.295051575, 8.06511306763, 60.483631134, 12.838470459, -29.1679019928, -18.514497757, -26.6295509338, 8.49357509613, -7.7927570343, 32.1676292419, 96.4471817017, 31.9243392944, -12.8049507141], [-30.6819896698, -18.5442352295, 0.409987330437, 16.2131214142, 1.66379201412, -16.5465240479, -14.3566217422, 9.26453590393, 12.7682514191, -5.34727430344, 31.9243392944, 74.6067352295, 25.2033653259], [-29.3232460022, -25.671377182, -10.060461998, -19.5054073334, 6.59159803391, 2.97641992569, -7.54941272736, 2.9195997715, -4.4771194458, -3.4224588871, -12.8049507141, 25.2033653259, 96.8653030396]],
        "icov": [[0.000549936259631, -0.000512678874657, 0.0011387958657, -0.000429039617302, 0.000380010023946, -7.52139603719e-05, -0.000428374303738, 0.000167266451172, -0.00034879904706, 0.000677400152199, -0.000301507825498, 0.000334679032676, -0.000118612530059], [-0.000512678874657, 0.00617711618543, -0.0043541174382, 0.00172035943251, -0.00391494715586, 0.00270408554934, -0.00280464626849, 0.00420418195426, -0.00409335969016, 0.0030418955721, -0.00271271844395, 0.00265081669204, 8.40489301481e-05], [0.0011387958657, -0.0043541174382, 0.00604718690738, -0.00196587806568, 0.00403654202819, -0.00185019744094, 0.00177229684778, -0.0030639115721, 0.00225920137018, -0.000551645178348, 0.000465974968392, -0.000529782264493, -0.000279976928141], [-0.000429039617302, 0.00172035943251, -0.00196587806568, 0.00369035545737, -0.00175440777093, 0.000385446212022, 0.00111652945634, 0.000208709752769, -0.000406003586249, -0.000405357277486, 0.000397570140194, -0.000787763798144, 0.00127769610845], [0.000380010023946, -0.00391494715586, 0.00403654202819, -0.00175440777093, 0.00830395426601, -0.00245320727117, 0.000874609570019, -0.00261228019372, 0.00142866920214, -0.00198316876777, 0.00243411562406, -0.00200054235756, -0.000361086247722], [-7.52139603719e-05, 0.00270408554934, -0.00185019744094, 0.000385446212022, -0.00245320727117, 0.00688219908625, -0.00269381375983, 0.00240166625008, -0.00111392268445, -0.000314834353048, -0.000161092815688, 0.00165784091223, -0.000262802815996], [-0.000428374303738, -0.00280464626849, 0.00177229684778, 0.00111652945634, 0.000874609570019, -0.00269381375983, 0.00993397086859, -0.00577345769852, 0.00661504082382, -0.00601817667484, 0.00552542787045, -0.00382794486359, 0.00232696323656], [0.000167266451172, 0.00420418195426, -0.0030639115721, 0.000208709752769, -0.00261228019372, 0.00240166625008, -0.00577345769852, 0.0168313141912, -0.0131586780772, 0.0109358746558, -0.00883738230914, 0.00630417233333, -0.0029950006865], [-0.00034879904706, -0.00409335969016, 0.00225920137018, -0.000406003586249, 0.00142866920214, -0.00111392268445, 0.00661504082382, -0.0131586780772, 0.0245654135942, -0.0162239018828, 0.0135568808764, -0.0113547286019, 0.00512035237625], [0.000677400152199, 0.0030418955721, -0.000551645178348, -0.000405357277486, -0.00198316876777, -0.000314834353048, -0.00601817667484, 0.0109358746558, -0.0162239018828, 0.025586752221, -0.0167332161218, 0.0120339049026, -0.00497067160904], [-0.000301507825498, -0.00271271844395, 0.000465974968392, 0.000397570140194, 0.00243411562406, -0.000161092815688, 0.00552542787045, -0.00883738230914, 0.0135568808764, -0.0167332161218, 0.025778926909, -0.0158763658255, 0.00742861675099], [0.000334679032676, 0.00265081669204, -0.000529782264493, -0.000787763798144, -0.00200054235756, 0.00165784091223, -0.00382794486359, 0.00630417233333, -0.0113547286019, 0.0120339049026, -0.0158763658255, 0.0258148647845, -0.00872812140733], [-0.000118612530059, 8.40489301481e-05, -0.000279976928141, 0.00127769610845, -0.000361086247722, -0.000262802815996, 0.00232696323656, -0.0029950006865, 0.00512035237625, -0.00497067160904, 0.00742861675099, -0.00872812140733, 0.0141564849764]]
    },
    "melbands": {
        "dmean": [1.42428652907e-05, 5.12169681315e-05, 9.34676427278e-05, 0.00010812261462, 0.000127050210722, 0.000162531039678, 0.0001739027648, 0.000136403468787, 0.000169223261764, 0.000158792623552, 0.000268065254204, 0.000224090195843, 8.89820221346e-05, 5.69792537135e-05, 4.04465645261e-05, 2.74413014267e-05, 2.0538451281e-05, 2.42193982558e-05, 2.43063605012e-05, 1.39805506478e-05, 1.06521674752e-05, 6.41455926598e-06, 4.98207191413e-06, 2.91374612971e-06, 2.21403979594e-06, 1.99285250346e-06, 1.18190735066e-06, 8.40975530991e-07, 8.69330222031e-07, 5.63104038065e-07, 3.59931931371e-07, 2.09083111713e-07, 1.12472520186e-07, 8.37652152086e-08, 6.08381114375e-08, 3.96010477743e-08, 1.70909704167e-08, 6.5294201157e-09, 1.47438738995e-09, 1.21912854811e-10],
        "dmean2": [2.36817522818e-05, 8.37339102873e-05, 0.000155614470714, 0.000180998555152, 0.000193620435311, 0.000250038632657, 0.000253986625466, 0.000212278609979, 0.000252929778071, 0.000233527898672, 0.000396929157432, 0.000332501833327, 0.000133465786348, 8.14166196506e-05, 6.11763025518e-05, 3.97446965508e-05, 3.1656367355e-05, 3.72722970496e-05, 3.73086731997e-05, 2.16492171603e-05, 1.65168803505e-05, 1.00476836451e-05, 8.18824810267e-06, 4.70414306619e-06, 3.57429848918e-06, 3.16648220178e-06, 1.88066235296e-06, 1.33893240672e-06, 1.36939104323e-06, 8.53092558373e-07, 5.60805233363e-07, 3.33091577431e-07, 1.74646032747e-07, 1.35061014817e-07, 9.35814128411e-08, 6.21226945441e-08, 2.58810306519e-08, 1.00090824517e-08, 2.29470886737e-09, 1.90889692941e-10],
        "dvar": [5.52260237541e-10, 9.6403924843e-09, 2.60027146481e-08, 2.95140534234e-08, 5.28198675909e-08, 8.89810607418e-08, 1.2419454265e-07, 3.39258576787e-07, 3.07309989012e-07, 3.51038494273e-07, 7.2292209552e-07, 5.79260756695e-07, 1.5972436529e-07, 4.70188545876e-08, 2.01154435331e-08, 1.75886079035e-08, 7.24036164357e-09, 7.66980523537e-09, 1.07278674832e-08, 6.3109713011e-09, 2.03619787698e-09, 4.60361609944e-10, 1.23228527382e-09, 1.14125930928e-10, 5.69192887268e-11, 2.37852567503e-11, 6.60025853416e-12, 4.10367226311e-12, 5.47178188176e-12, 3.03910390777e-12, 4.49874642747e-12, 6.69597678086e-13, 4.63101020205e-13, 5.80480054215e-13, 2.38909207088e-13, 4.01395530583e-14, 3.60795886169e-15, 5.79064704088e-16, 8.01819122623e-17, 5.07446819769e-19],
        "dvar2": [1.48508327857e-09, 2.37321060581e-08, 7.02743179204e-08, 8.38316793761e-08, 1.18916382519e-07, 2.10710553006e-07, 2.5062749387e-07, 8.95747632512e-07, 6.67733445425e-07, 6.86623707224e-07, 1.51968299633e-06, 1.1829901041e-06, 3.46162465803e-07, 7.70223209656e-08, 4.32305142795e-08, 2.90454202911e-08, 1.48900678454e-08, 1.51897658895e-08, 2.26834373507e-08, 1.14255067629e-08, 4.94373653126e-09, 1.04724340311e-09, 3.37277961115e-09, 2.60017091192e-10, 1.41454556402e-10, 5.4278796735e-11, 1.50193295301e-11, 1.04084614191e-11, 1.32023168439e-11, 5.63505622372e-12, 1.10757384167e-11, 1.59250748439e-12, 1.00842554793e-12, 1.18334042652e-12, 4.92867628221e-13, 1.05906650366e-13, 8.00697619237e-15, 1.04519196422e-15, 1.52743069098e-16, 9.32481531712e-19],
        "max": [0.000542878289707, 0.00302163185552, 0.0029241994489, 0.00285088620149, 0.00661563081667, 0.00617998559028, 0.0123356096447, 0.030174728483, 0.0162793695927, 0.0192923676223, 0.0217503830791, 0.0191428456455, 0.0138068525121, 0.0139816496521, 0.00668916665018, 0.00733912969008, 0.00274004391395, 0.00225082389079, 0.00433131307364, 0.00541243469343, 0.00215582735837, 0.000757455127314, 0.00223624776118, 0.000810481142253, 0.000506865791976, 0.000210873171454, 7.87127355579e-05, 5.59132422495e-05, 6.4001273131e-05, 8.17656473373e-05, 0.000153233704623, 4.53423454019e-05, 4.73669788335e-05, 5.35673316335e-05, 3.96144569095e-05, 1.15348957479e-05, 3.1593112908e-06, 1.33139951686e-06, 6.30731506135e-07, 5.71755656154e-08],
        "mean": [3.07233312924e-05, 9.79431715677e-05, 0.000170350453118, 0.00022026206716, 0.000266120623564, 0.000382646016078, 0.000470476748887, 0.000266181770712, 0.000309604132781, 0.000315950106597, 0.000531520345248, 0.000397828203859, 0.000164252298418, 0.000117081028293, 7.17141083442e-05, 4.3863812607e-05, 3.31633600581e-05, 4.10457105318e-05, 5.10993850185e-05, 2.41043835558e-05, 1.7541440684e-05, 1.12194975372e-05, 8.53431811265e-06, 5.92322248849e-06, 4.19311936639e-06, 3.94035077989e-06, 2.33180253417e-06, 1.72352145e-06, 1.80461438504e-06, 1.18185607789e-06, 6.96814709045e-07, 4.07652635204e-07, 2.341342622e-07, 1.74819106746e-07, 1.31213838017e-07, 8.49230445965e-08, 3.91941306077e-08, 1.35801805357e-08, 2.57912158297e-09, 1.93112623115e-10],
        "median": [1.49706056618e-05, 5.45196453459e-05, 0.000104375380033, 0.000132776491228, 0.000143044715514, 0.00019631505711, 0.00021137209842, 8.30251301522e-05, 7.64143187553e-05, 5.7911969634e-05, 8.61597218318e-05, 6.80259108776e-05, 2.24161740334e-05, 1.74578526639e-05, 1.21499197121e-05, 8.23799655336e-06, 7.93295384938e-06, 7.89583828009e-06, 4.45816749561e-06, 4.97839209856e-06, 3.86056171919e-06, 3.03317710859e-06, 2.51275105256e-06, 1.97433155336e-06, 1.51917924995e-06, 1.39259122989e-06, 9.3162276471e-07, 6.51683933484e-07, 6.61632554966e-07, 4.47967209993e-07, 2.12204980699e-07, 9.61438217928e-08, 5.80683874318e-08, 4.46100898444e-08, 3.57213174595e-08, 2.62389541206e-08, 1.33658968338e-08, 4.47106529577e-09, 8.56068993471e-10, 7.54074996889e-11],
        "min": [3.62285001811e-24, 6.66341576968e-24, 8.58725424659e-24, 1.6578202224e-23, 1.70648094957e-23, 9.75573237434e-24, 7.35699411046e-24, 6.87677740099e-24, 4.46909384887e-24, 6.25871158707e-24, 6.57409423267e-24, 6.75571565103e-24, 5.20587257941e-24, 1.58062055872e-23, 5.70290346464e-24, 1.11848990546e-23, 8.55489280567e-24, 5.15186952842e-24, 9.69749235143e-24, 1.02513018947e-23, 5.8182649057e-24, 3.73367669226e-24, 7.11869500821e-24, 8.05817391493e-24, 5.03433871987e-24, 7.40088790895e-24, 8.320878007e-24, 7.66924892257e-24, 7.75148767194e-24, 9.48374654486e-24, 6.37515061212e-24, 5.59792974399e-24, 7.91899991858e-24, 8.18065955882e-24, 7.72853734163e-24, 7.70096586413e-24, 1.17316498705e-23, 1.12577779693e-23, 1.06263673899e-23, 9.10375461339e-24],
        "var": [2.07377537365e-09, 2.05669277165e-08, 4.39440803746e-08, 6.61512231659e-08, 1.7955669307e-07, 2.9618871622e-07, 5.73532815906e-07, 4.77736705307e-07, 7.2294238862e-07, 1.40946167448e-06, 2.48600167652e-06, 1.33349738007e-06, 4.07631546295e-07, 2.45882887384e-07, 5.09342399369e-08, 4.20531769407e-08, 1.42895908439e-08, 1.72626855033e-08, 3.26693161412e-08, 1.26786234844e-08, 3.18940007737e-09, 8.60763682553e-10, 1.29650179481e-09, 4.17517798112e-10, 1.01105054884e-10, 6.26559498729e-11, 1.53643400086e-11, 1.1568170033e-11, 1.26609035755e-11, 7.64864040159e-12, 5.20125002096e-12, 1.5149111349e-12, 1.05495777045e-12, 1.0737775686e-12, 6.75612669108e-13, 7.8683655186e-14, 8.01506196889e-15, 1.30493377046e-15, 1.3236614307e-16, 1.10028277039e-18]
    },
    "mfcc": {
        "mean": [-716.292358398, 170.444061279, -35.1568832397, 21.3925437927, -29.2629013062, -2.99030995369, -17.3716106415, 0.918217718601, -10.3663949966, 1.96237230301, -13.3384180069, -0.674543499947, -7.4914264679],
        "cov": [[4223.71484375, -212.452255249, -1484.30651855, 121.903106689, -295.026000977, 378.375396729, 9.81715679169, 216.443862915, 50.140914917, 173.826980591, -159.483108521, 70.6689453125, -67.3710174561], [-212.452255249, 545.985961914, 136.293533325, -75.8158111572, 4.53802967072, -75.8850097656, 51.7192382812, -34.1063461304, 31.1135253906, -25.681842804, 50.1988372803, -38.5478668213, 13.3264904022], [-1484.30651855, 136.293533325, 914.989685059, 68.7646560669, 87.3564224243, -146.123794556, -36.9256706238, -44.7760276794, -76.673500061, -49.935005188, 66.9047317505, -26.9214324951, 13.5813684464], [121.903106689, -75.8158111572, 68.7646560669, 285.985900879, 72.2500534058, -34.4386825562, -33.910736084, 20.2842903137, -15.472533226, -15.4542303085, 11.664525032, 23.014093399, -12.1481533051], [-295.026000977, 4.53802967072, 87.3564224243, 72.2500534058, 200.253295898, -11.5418996811, -32.4810676575, 2.09261369705, 5.83685255051, -11.2750415802, 9.65576267242, 3.1420853138, 4.94558000565], [378.375396729, -75.8850097656, -146.123794556, -34.4386825562, -11.5418996811, 231.035766602, 51.5524215698, -0.0255400314927, 28.1063098907, 31.2166671753, -12.9218788147, -13.4437742233, 18.9184513092], [9.81715679169, 51.7192382812, -36.9256706238, -33.910736084, -32.4810676575, 51.5524215698, 142.081237793, 7.06296825409, 6.13664340973, 15.7723836899, -9.33167171478, 0.910010814667, -6.82422924042], [216.443862915, -34.1063461304, -44.7760276794, 20.2842903137, 2.09261369705, -0.0255400314927, 7.06296825409, 125.376304626, 23.881696701, 4.99124622345, 5.94802904129, 1.42789971828, -5.09500741959], [50.140914917, 31.1135253906, -76.673500061, -15.472533226, 5.83685255051, 28.1063098907, 6.13664340973, 23.881696701, 126.399604797, 29.1378955841, -11.2729578018, -9.99734115601, -3.67876791954], [173.826980591, -25.681842804, -49.935005188, -15.4542303085, -11.2750415802, 31.2166671753, 15.7723836899, 4.99124622345, 29.1378955841, 99.588722229, 11.1334533691, -3.51781725883, -10.1081733704], [-159.483108521, 50.1988372803, 66.9047317505, 11.664525032, 9.65576267242, -12.9218788147, -9.33167171478, 5.94802904129, -11.2729578018, 11.1334533691, 122.322845459, 23.6206111908, 17.7434520721], [70.6689453125, -38.5478668213, -26.9214324951, 23.014093399, 3.1420853138, -13.4437742233, 0.910010814667, 1.42789971828, -9.99734115601, -3.51781725883, 23.6206111908, 96.4753723145, 20.8615131378], [-67.3710174561, 13.3264904022, 13.5813684464, -12.1481533051, 4.94558000565, 18.9184513092, -6.82422924042, -5.09500741959, -3.67876791954, -10.1081733704, 17.7434520721, 20.8615131378, 84.478553772]],
