{
"lowlevel": {
    "average_loudness": 0.927910029888,
    "barkbands_crest": {
        "dmean": 3.1077067852,
        "dmean2": 5.11965465546,
        "dvar": 7.04953432083,
        "dvar2": 17.8129405975,
        "max": 25.0828590393,
        "mean": 9.88686180115,
        "median": 9.24338150024,
        "min": 2.47911310196,
        "var": 16.2262401581
    },
    "barkbands_flatness_db": {
        "dmean": 0.0285481940955,
        "dmean2": 0.0449772514403,
        "dvar": 0.000659390469082,
        "dvar2": 0.0015584945213,
        "max": 0.392631351948,
        "mean": 0.171699136496,
        "median": 0.169381156564,
        "min": 0.0576926916838,
        "var": 0.00178161589429
    },
    "barkbands_kurtosis": {
        "dmean": 4.14747858047,
        "dmean2": 6.55516958237,
        "dvar": 59.3953514099,
        "dvar2": 139.429641724,
        "max": 254.969207764,
        "mean": 4.94779014587,
        "median": 1.47212696075,
        "min": -1.86579620838,
        "var": 102.278549194
    },
    "barkbands_skewness": {
        "dmean": 0.709827780724,
        "dmean2": 1.0551609993,
        "dvar": 0.549250483513,
        "dvar2": 1.17177939415,
        "max": 14.0775356293,
        "mean": 1.62346506119,
        "median": 1.37308657169,
        "min": -1.85726881027,
        "var": 2.0135436058
    },
    "barkbands_spread": {
        "dmean": 4.97847223282,
        "dmean2": 7.64464616776,
        "dvar": 21.5586547852,
        "dvar2": 45.2738494873,
        "max": 122.285476685,
        "mean": 17.5170459747,
        "median": 16.7524528503,
        "min": 0.983627617359,
        "var": 68.7712631226
    },
    "dissonance": {
        "dmean": 0.0196805149317,
        "dmean2": 0.0334211997688,
        "dvar": 0.000324962631566,
        "dvar2": 0.000910601811484,
        "max": 0.500000178814,
        "mean": 0.465211033821,
        "median": 0.469967931509,
        "min": 0.304076313972,
        "var": 0.000550573109649
    },
    "dynamic_complexity": 3.19009995461,
    "erbbands_crest": {
        "dmean": 2.67708039284,
        "dmean2": 4.42005825043,
        "dvar": 6.62321472168,
        "dvar2": 16.1002674103,
        "max": 30.1280174255,
        "mean": 8.43305015564,
        "median": 7.16447496414,
        "min": 2.43286204338,
        "var": 18.1377544403
    },
    "erbbands_flatness_db": {
        "dmean": 0.0182518493384,
        "dmean2": 0.0273900330067,
        "dvar": 0.00029759449535,
        "dvar2": 0.000618949648924,
        "max": 0.41135981679,
        "mean": 0.190961495042,
        "median": 0.181973084807,
        "min": 0.0323484316468,
        "var": 0.00173159444239
    },
    "erbbands_kurtosis": {
        "dmean": 0.680701076984,
        "dmean2": 1.08323502541,
        "dvar": 0.864625573158,
        "dvar2": 1.93560409546,
        "max": 26.1545543671,
        "mean": -0.12362447381,
        "median": -0.542938947678,
        "min": -1.83353102207,
        "var": 2.0187754631
    },
    "erbbands_skewness": {
        "dmean": 0.371110677719,
        "dmean2": 0.572023451328,
        "dvar": 0.103644497693,
        "dvar2": 0.238538637757,
        "max": 3.67746090889,
        "mean": 0.24672074616,
        "median": 0.205082729459,
        "min": -2.2497215271,
        "var": 0.327783942223
    },
    "erbbands_spread": {
        "dmean": 7.27270269394,
        "dmean2": 11.2603330612,
        "dvar": 45.6372375488,
        "dvar2": 102.42376709,
        "max": 105.135795593,
        "mean": 37.7593994141,
        "median": 37.9809379578,
        "min": 3.79553675652,
        "var": 231.039932251
    },
    "hfc": {
        "dmean": 5.12799119949,
        "dmean2": 6.59806442261,
        "dvar": 53.9429206848,
        "dvar2": 80.9072036743,
        "max": 191.870498657,
        "mean": 14.4829444885,
        "median": 8.20237541199,
        "min": 1.10228361276e-16,
        "var": 254.080535889
    },
    "melbands_crest": {
        "dmean": 4.42289352417,
        "dmean2": 7.25081253052,
        "dvar": 14.3949432373,
        "dvar2": 36.0939674377,
        "max": 37.2719421387,
        "mean": 14.538277626,
        "median": 13.7410907745,
        "min": 2.04461741447,
        "var": 35.9372177124
    },
    "melbands_flatness_db": {
        "dmean": 0.0342280939221,
        "dmean2": 0.0525251030922,
        "dvar": 0.0010409806855,
        "dvar2": 0.00225287140347,
        "max": 0.480685710907,
        "mean": 0.202411234379,
        "median": 0.198567837477,
        "min": 0.00693307956681,
        "var": 0.00324643380009
    },
    "melbands_kurtosis": {
        "dmean": 9.74490261078,
        "dmean2": 15.4082422256,
        "dvar": 295.893798828,
        "dvar2": 715.35534668,
        "max": 385.501922607,
        "mean": 14.6438531876,
        "median": 6.48301887512,
        "min": -1.5494710207,
        "var": 538.081176758
    },
    "melbands_skewness": {
        "dmean": 0.948506653309,
        "dmean2": 1.43007683754,
        "dvar": 0.99911314249,
        "dvar2": 2.21858119965,
        "max": 15.184803009,
        "mean": 2.65256762505,
        "median": 2.3269803524,
        "min": -1.65640366077,
        "var": 3.68753814697
    },
    "melbands_spread": {
        "dmean": 7.16447973251,
        "dmean2": 10.7232341766,
        "dvar": 52.3911590576,
        "dvar2": 101.98928833,
        "max": 163.728286743,
        "mean": 21.1655788422,
        "median": 19.3950195312,
        "min": 0.617568552494,
        "var": 171.450668335
    },
    "pitch_salience": {
        "dmean": 0.0915558561683,
        "dmean2": 0.151988729835,
        "dvar": 0.00652381312102,
        "dvar2": 0.0171556156129,
        "max": 0.985088407993,
        "mean": 0.534741640091,
        "median": 0.537157595158,
        "min": 0.148519992828,
        "var": 0.0140571091324
    },
    "silence_rate_20dB": {
        "dmean": 0,
        "dmean2": 0,
        "dvar": 0,
        "dvar2": 0,
        "max": 1,
        "mean": 1,
        "median": 1,
        "min": 1,
        "var": 0
    },
    "silence_rate_30dB": {
        "dmean": 0.0104485219344,
        "dmean2": 0.0208997074515,
        "dvar": 0.0103386677802,
        "dvar2": 0.0273468494415,
        "max": 1,
        "mean": 0.992737948895,
        "median": 1,
        "min": 0,
        "var": 0.00720978155732
    },
    "silence_rate_60dB": {
        "dmean": 0.0695718675852,
        "dmean2": 0.139161467552,
        "dvar": 0.0647369995713,
        "dvar2": 0.133297279477,
        "max": 1,
        "mean": 0.0964454039931,
        "median": 0,
        "min": 0,
        "var": 0.087140224874
    },
    "spectral_centroid": {
        "dmean": 276.850982666,
        "dmean2": 409.259735107,
        "dvar": 72162.359375,
        "dvar2": 136389.671875,
        "max": 11177.4316406,
        "mean": 1278.21826172,
        "median": 1248.47290039,
        "min": 169.807479858,
        "var": 327131.90625
    },
    "spectral_complexity": {
        "dmean": 3.07645249367,
        "dmean2": 4.64993000031,
        "dvar": 8.25210571289,
        "dvar2": 16.4871559143,
        "max": 43,
        "mean": 15.0468845367,
        "median": 14,
        "min": 0,
        "var": 47.4292373657
    },
    "spectral_decrease": {
        "dmean": 2.98256042086e-09,
        "dmean2": 4.32370761416e-09,
        "dvar": 2.11341701744e-17,
        "dvar2": 4.68938284551e-17,
        "max": 5.55463052495e-29,
        "mean": -5.45335065993e-09,
        "median": -3.5404508214e-09,
        "min": -5.00671717418e-08,
        "var": 3.45471718135e-17
    },
    "spectral_energy": {
        "dmean": 0.0116508211941,
        "dmean2": 0.0167979635298,
        "dvar": 0.000314866163535,
        "dvar2": 0.000692197994795,
        "max": 0.192291095853,
        "mean": 0.0218959283084,
        "median": 0.014247729443,
        "min": 1.01071341123e-20,
        "var": 0.000538101943675
    },
    "spectral_energyband_high": {
        "dmean": 0.000127275008708,
        "dmean2": 0.000183540090802,
        "dvar": 3.89428826963e-08,
        "dvar2": 7.67345582631e-08,
        "max": 0.00579512026161,
        "mean": 0.000290458614472,
        "median": 0.000165546880453,
        "min": 7.40658489832e-21,
        "var": 1.28676731492e-07
    },
    "spectral_energyband_low": {
        "dmean": 0.00613670656458,
        "dmean2": 0.00983948074281,
        "dvar": 0.000109377411718,
        "dvar2": 0.000259890482994,
        "max": 0.105932205915,
        "mean": 0.00708928983659,
        "median": 0.00263766571879,
        "min": 2.80822901781e-23,
        "var": 0.000126605576952
    },
    "spectral_energyband_middle_high": {
        "dmean": 0.0021765078418,
        "dmean2": 0.00294386036694,
        "dvar": 1.80544648174e-05,
        "dvar2": 2.9489676308e-05,
        "max": 0.12424223125,
        "mean": 0.00554385269061,
        "median": 0.00183694530278,
        "min": 1.31281701732e-21,
        "var": 7.62785275583e-05
    },
    "spectral_energyband_middle_low": {
        "dmean": 0.00765737006441,
        "dmean2": 0.0116771040484,
        "dvar": 0.000221660782699,
        "dvar2": 0.000510421639774,
        "max": 0.168434128165,
        "mean": 0.0118789272383,
        "median": 0.00663478020579,
        "min": 2.77897168144e-22,
        "var": 0.00029180420097
    },
    "spectral_entropy": {
        "dmean": 0.192104294896,
        "dmean2": 0.300934702158,
        "dvar": 0.0371144339442,
        "dvar2": 0.0923204869032,
        "max": 9.80303764343,
        "mean": 7.40449333191,
        "median": 7.44020462036,
        "min": 5.47649383545,
        "var": 0.0939186736941
    },
    "spectral_flux": {
        "dmean": 0.0338334441185,
        "dmean2": 0.0522524490952,
        "dvar": 0.00146781257354,
        "dvar2": 0.00323002715595,
        "max": 0.423427015543,
        "mean": 0.0877817049623,
        "median": 0.0731862038374,
        "min": 6.74554925806e-11,
        "var": 0.00306755350903
    },
    "spectral_kurtosis": {
        "dmean": 1.86558890343,
        "dmean2": 3.28587079048,
        "dvar": 3.34704041481,
        "dvar2": 9.97109699249,
        "max": 29.3093833923,
        "mean": 4.07276344299,
        "median": 3.60233879089,
        "min": -1.26274263859,
        "var": 5.08985328674
    },
    "spectral_rms": {
        "dmean": 0.0011208349606,
        "dmean2": 0.00153068755753,
        "dvar": 1.62842252394e-06,
        "dvar2": 3.0775504456e-06,
        "max": 0.0136967534199,
        "mean": 0.00410036789253,
        "median": 0.00372830033302,
        "min": 3.14016217542e-12,
        "var": 4.54880728284e-06
    },
    "spectral_rolloff": {
        "dmean": 428.500518799,
        "dmean2": 688.39654541,
        "dvar": 317538.90625,
        "dvar2": 631078.1875,
        "max": 19121.484375,
        "mean": 1264.81103516,
        "median": 1141.25976562,
        "min": 86.1328125,
        "var": 879010.75
    },
    "spectral_skewness": {
        "dmean": 0.235892906785,
        "dmean2": 0.397380977869,
        "dvar": 0.0420629456639,
        "dvar2": 0.118021644652,
        "max": 3.40274643898,
        "mean": 1.36414945126,
        "median": 1.33373379707,
        "min": -0.175606995821,
        "var": 0.102905265987
    },
    "spectral_spread": {
        "dmean": 341773.3125,
        "dmean2": 526948.625,
        "dvar": 226212904960,
        "dvar2": 386304442368,
        "max": 41959840,
        "mean": 3611284,
        "median": 3555033,
        "min": 1567257.5,
        "var": 1.24696408883e+12
    },
    "spectral_strongpeak": {
        "dmean": 0.592277884483,
        "dmean2": 0.967110097408,
        "dvar": 0.878389239311,
        "dvar2": 2.04432439804,
        "max": 12.0206842422,
        "mean": 0.992907702923,
        "median": 0.453639179468,
        "min": 0,
        "var": 1.85888493061
    },
    "zerocrossingrate": {
        "dmean": 0.00876156240702,
        "dmean2": 0.0100529808551,
        "dvar": 8.64095054567e-05,
        "dvar2": 0.000122321638628,
        "max": 0.52490234375,
        "mean": 0.0506181381643,
        "median": 0.048828125,
        "min": 0.00732421875,
        "var": 0.000500656373333
    },
    "barkbands": {
        "dmean": [1.45123494804e-05, 0.00167973269708, 0.00264540989883, 0.00494154542685, 0.00206406717189, 0.000645621330477, 0.000836698745843, 0.000551775097847, 0.000671031302772, 0.000794445979409, 0.000487258716021, 0.000574361183681, 0.000435966590885, 0.000339187768986, 0.000325567700202, 0.000302830798319, 0.000168191516423, 0.000157592687174, 0.000167272199178, 0.000107998232124, 6.32046067039e-05, 2.40381159529e-05, 1.25987462525e-05, 6.91931973051e-06, 3.80525239052e-06, 2.88530685566e-07, 9.69095026448e-10],
        "dmean2": [2.46523068199e-05, 0.00285746250302, 0.00442173425108, 0.00802604202181, 0.00348917744122, 0.0010327915661, 0.00135168631095, 0.000894025375601, 0.00104748667218, 0.00125049636699, 0.000764865428209, 0.000870382878929, 0.000661127443891, 0.000520948960911, 0.000499844376463, 0.000460852577817, 0.000256298313616, 0.000244581955485, 0.000250499870162, 0.000163472868735, 9.60874967859e-05, 3.8038870116e-05, 1.98467478185e-05, 1.05833087218e-05, 5.77638365939e-06, 4.58281334659e-07, 1.79933945521e-09],
        "dvar": [1.05838526832e-09, 1.42431854329e-05, 2.82886867353e-05, 0.000143395154737, 1.7284297428e-05, 1.25565338749e-06, 4.09319136452e-06, 5.94000584897e-06, 4.28433713751e-06, 6.35734249954e-06, 4.32708884546e-06, 5.27860493094e-06, 3.22673099618e-06, 7.86900102412e-07, 8.70254325491e-07, 6.538280104e-07, 1.97025556758e-07, 1.1036418357e-07, 1.24128078482e-07, 4.4905693386e-08, 1.34871154245e-08, 1.74335323955e-09, 4.41699871123e-10, 1.66645558464e-10, 3.52434366413e-11, 3.04800564128e-13, 2.57892436361e-18],
        "dvar2": [2.82014700481e-09, 3.78314070986e-05, 7.60417242418e-05, 0.000347352935933, 4.78030087834e-05, 2.9914449442e-06, 9.31727845455e-06, 1.25134038171e-05, 9.8950431493e-06, 1.42593544297e-05, 1.05116887426e-05, 1.17140743896e-05, 6.63813079882e-06, 1.81917994269e-06, 1.84875989362e-06, 1.35339098506e-06, 3.92972310692e-07, 2.49822107889e-07, 2.57706631146e-07, 9.95975710794e-08, 2.98106535013e-08, 3.89658216804e-09, 1.04851438643e-09, 4.09142164592e-10, 8.02757305074e-11, 7.16020233556e-13, 8.2781133777e-18],
        "max": [0.00076733523747, 0.0322700925171, 0.0584354735911, 0.134594962001, 0.0659886822104, 0.0314009971917, 0.0603694394231, 0.097423568368, 0.0659366026521, 0.0672366991639, 0.0486068576574, 0.0728470534086, 0.0702944397926, 0.0236253142357, 0.0256131682545, 0.0197009406984, 0.0126999570057, 0.00905760936439, 0.0115679008886, 0.00516859581694, 0.00178285455331, 0.000804545299616, 0.000412318069721, 0.000439470342826, 0.000142865188536, 1.48868757606e-05, 2.63866617445e-08],
        "mean": [1.35924356073e-05, 0.00169324863236, 0.00261878198944, 0.0049142842181, 0.00257844198495, 0.000995645066723, 0.0011821690714, 0.000789151061326, 0.00106274092104, 0.00111318798736, 0.000657271768432, 0.000900341838133, 0.000705889251549, 0.000514257582836, 0.000476759800222, 0.000453373912023, 0.000263774301857, 0.000273750541965, 0.000283686618786, 0.000200229391339, 0.000117151845188, 4.40405528934e-05, 2.34690814978e-05, 1.3404265701e-05, 6.87506326358e-06, 3.56924061862e-07, 7.79280973084e-10],
        "median": [3.34601008944e-06, 0.000110275534098, 0.000772573170252, 0.00124344357755, 0.00133570795879, 0.000491180224344, 0.000429374485975, 0.000174173386768, 0.00021894920792, 0.000134905567393, 9.31560789468e-05, 0.000148547405843, 0.000113569745736, 0.000152061358676, 0.000115238515718, 0.000136973481858, 8.4803221398e-05, 0.000111229579488, 9.84832950053e-05, 7.62983108871e-05, 5.14559797011e-05, 2.27432792599e-05, 1.24855650938e-05, 7.67719029682e-06, 3.78310483029e-06, 7.39379535375e-09, 2.6112509377e-10],
        "min": [1.51639813025e-23, 3.86651100794e-24, 1.72894250167e-24, 7.28902033284e-24, 2.50493582335e-23, 4.46488740587e-23, 2.30462715789e-23, 4.40826265455e-23, 1.77321731997e-23, 7.71379432017e-24, 4.33520498394e-23, 5.46250204808e-23, 4.42231416054e-23, 3.76404476055e-23, 1.31228147543e-22, 1.19553435286e-22, 7.76578908907e-23, 2.55473601276e-22, 2.33024765615e-22, 2.38032025501e-22, 4.42437624294e-22, 3.72076684155e-22, 5.23348550366e-22, 8.96118018479e-22, 1.08134084246e-21, 1.47660796726e-21, 2.25295120239e-21],
        "var": [9.59496593289e-10, 1.52190914378e-05, 2.44820494117e-05, 0.000140332311275, 1.68515598489e-05, 2.2236820314e-06, 7.92299488239e-06, 9.89923682937e-06, 9.3199123512e-06, 1.0424843822e-05, 5.56241684535e-06, 9.52544996835e-06, 7.37336222301e-06, 1.33799562718e-06, 1.62606170306e-06, 1.14822535124e-06, 4.19120084416e-07, 2.41959412506e-07, 2.57607467802e-07, 1.07928890714e-07, 3.27708313819e-08, 3.71094910356e-09, 9.28120469368e-10, 3.03523539635e-10, 7.08473071875e-11, 4.35710305726e-13, 2.0086071127e-18]
    },
    "erbbands": {
        "dmean": [0.0221594981849, 0.476871281862, 2.44621109962, 10.8234901428, 11.2773246765, 5.39437246323, 4.82073163986, 6.073782444, 10.8230085373, 13.3027648926, 10.0090093613, 12.0715847015, 26.1105995178, 23.0730381012, 16.0127086639, 21.1212654114, 18.3067703247, 14.131146431, 17.0782337189, 14.6714515686, 15.6059980392, 9.28911495209, 8.59669303894, 7.9703335762, 7.16510677338, 4.23999452591, 3.34329986572, 1.8520014286, 1.04157364368, 0.46547344327, 0.335873246193, 0.177396148443, 0.106348976493, 0.0508907809854, 0.0241162981838, 0.00355451949872, 0.000196332082851, 6.95548214935e-06, 5.81694985158e-06, 1.30989083118e-05],
        "dmean2": [0.0330487377942, 0.806167662144, 4.03083562851, 17.4886035919, 18.8402099609, 8.93679714203, 7.66806268692, 9.72744083405, 17.3750171661, 20.9632320404, 15.3755311966, 18.308134079, 40.0779037476, 35.1480026245, 24.2672557831, 31.5591335297, 27.0564956665, 21.2410945892, 25.9241104126, 22.2185554504, 23.4303894043, 14.0399837494, 13.3029251099, 11.754026413, 10.7173776627, 6.22108316422, 4.98799514771, 2.81532931328, 1.63981986046, 0.718869626522, 0.533663928509, 0.274886667728, 0.165410846472, 0.0780470073223, 0.0364144854248, 0.00539938500151, 0.000302361819195, 1.0161172213e-05, 8.08717504697e-06, 1.87005607586e-05],
        "dvar": [0.00244428031147, 1.13168621063, 25.6236858368, 555.383544922, 753.952026367, 86.0442962646, 71.3786773682, 127.93901062, 531.047973633, 2265.39038086, 1273.04711914, 1321.23474121, 7616.77587891, 4857.05615234, 4373.69726562, 8286.07714844, 6523.08251953, 1234.72900391, 2793.45849609, 1511.38952637, 1929.49804688, 509.369171143, 372.131530762, 273.434020996, 270.636444092, 63.3218078613, 39.2871742249, 15.553902626, 3.14733505249, 0.62680119276, 0.309560626745, 0.0998127087951, 0.0358053743839, 0.00622113235295, 0.00134681910276, 3.0118808354e-05, 1.1844696246e-07, 9.47529277262e-11, 7.04058061851e-11, 3.84094783756e-10],
        "dvar2": [0.00489176483825, 3.00771594048, 67.0601882935, 1329.9407959, 1981.4251709, 221.328231812, 183.773696899, 317.865875244, 1237.52661133, 4824.73730469, 2721.41259766, 2828.28515625, 16408.7597656, 10649.4414062, 10581.3330078, 19214.9980469, 12806.7509766, 2611.50366211, 6172.69580078, 3089.64233398, 4063.73925781, 959.205749512, 864.359313965, 557.980102539, 601.614990234, 128.415878296, 85.4271774292, 35.4882659912, 7.41312789917, 1.41945302486, 0.753587305546, 0.248638436198, 0.0867613404989, 0.0143031608313, 0.0030357639771, 6.66125561111e-05, 2.82216234382e-07, 2.17873663555e-10, 1.44535286517e-10, 8.29374735556e-10],
        "max": [0.441172868013, 9.37489509583, 55.7989196777, 256.158233643, 325.865203857, 163.563735962, 205.739883423, 348.66696167, 835.166442871, 2115.51123047, 1037.49951172, 1387.56872559, 2957.76147461, 1962.53259277, 2250.54345703, 3254.18310547, 3631.92333984, 795.789672852, 1542.41235352, 1060.43859863, 1183.09509277, 791.962097168, 594.949584961, 646.89642334, 775.210266113, 250.505462646, 141.681594849, 103.201026917, 31.9825592041, 16.562625885, 12.6579704285, 9.75464820862, 4.57865285873, 1.89562726021, 0.774453759193, 0.0953755378723, 0.00701166177168, 0.000186309640412, 9.38291050261e-05, 0.000211695296457],
        "mean": [0.0263902060688, 0.478734761477, 2.47874999046, 11.3427114487, 12.2961626053, 7.18631315231, 6.93725442886, 9.27553462982, 15.630232811, 18.4248142242, 15.318403244, 19.6086006165, 41.1119155884, 33.9479904175, 24.6710758209, 34.596988678, 31.7860546112, 24.2951507568, 27.3784999847, 23.9061527252, 24.744594574, 16.2515773773, 15.3894824982, 14.6797275543, 13.0219869614, 8.33389759064, 6.17799854279, 3.43897891045, 1.90568673611, 0.911489546299, 0.614487886429, 0.342549413443, 0.197893023491, 0.0947044864297, 0.0393496900797, 0.00499115604907, 0.000280129606836, 1.34067213367e-05, 1.260586032e-05, 2.57569136011e-05],
        "median": [0.00196300609969, 0.0489972159266, 0.720453321934, 3.76960635185, 4.22413301468, 3.77524256706, 3.66936779022, 4.42320489883, 6.83752155304, 5.49228906631, 4.28317642212, 5.06231594086, 5.8652586937, 5.49442386627, 5.66187620163, 5.76876592636, 5.85805177689, 6.99454450607, 7.54319286346, 7.53578090668, 7.68030595779, 6.10685682297, 6.33931779861, 5.92178583145, 4.85316896439, 3.49524784088, 2.61740398407, 1.61282014847, 0.943135261536, 0.483239263296, 0.348287701607, 0.205134660006, 0.111414410174, 0.0550607405603, 0.0194579865783, 0.00227980152704, 8.27021503937e-05, 8.81894993654e-06, 8.53420351632e-06, 1.68935166585e-05],
        "min": [2.96609807097e-22, 8.10846976142e-22, 1.56509579504e-21, 1.61828451817e-20, 4.18564731374e-20, 1.34663517383e-19, 3.4445323236e-19, 3.47907641996e-19, 2.22077211558e-19, 6.48431328276e-19, 6.97382067469e-19, 4.51819440563e-19, 2.26595297913e-19, 7.68722931483e-19, 2.08529936998e-18, 2.88204283792e-18, 2.52254704178e-18, 3.3007827571e-18, 5.27975198845e-18, 4.60389083407e-18, 6.40346651085e-18, 4.89109083789e-18, 1.1909171569e-17, 1.22458878451e-17, 1.13263285289e-17, 1.13559854354e-17, 1.16714679851e-17, 1.38009071601e-17, 1.23521962702e-17, 1.58078152439e-17, 1.54781126322e-17, 1.12216091177e-17, 1.2706791228e-17, 1.30035075312e-17, 7.04579128165e-18, 4.63804925747e-18, 2.55357003706e-18, 9.19155548646e-19, 3.29292019859e-19, 2.80889274896e-20],
        "var": [0.00372659321874, 1.1669921875, 22.8200645447, 562.039306641, 714.711425781, 104.176994324, 95.9968032837, 208.512527466, 980.361877441, 3584.64013672, 2520.16870117, 2946.81567383, 14827.1337891, 8853.18652344, 5783.39355469, 13547.5292969, 15009.5830078, 2838.81518555, 4930.90478516, 2979.06542969, 3335.06152344, 1285.15771484, 799.717712402, 625.430603027, 497.887664795, 171.517333984, 96.6175994873, 32.3938865662, 6.89643955231, 1.4397816658, 0.606948196888, 0.182713866234, 0.0662523582578, 0.0129833016545, 0.00263424310833, 5.15577812621e-05, 2.36273805854e-07, 2.06817507564e-10, 1.47987955224e-10, 7.06079750223e-10]
    },
    "gfcc": {
        "mean": [-44.4284515381, 122.9012146, -155.112869263, 46.4996910095, -66.6361236572, 6.4703168869, -40.8854103088, -3.15090560913, -24.0104885101, -13.3253421783, -9.55188465118, -19.7954540253, -2.19465446472],
        "cov": [[3487.96313477, 236.1381073, -298.470947266, 178.792510986, -166.039810181, 58.015083313, 118.118263245, -8.74390506744, -14.5425271988, -140.594070435, 37.8847618103, -182.136856079, 75.7554702759], [236.1381073, 702.18737793, 185.728424072, 209.449462891, 173.68460083, -67.6699371338, 192.64402771, -104.124160767, 167.560806274, -154.155609131, 105.036216736, -92.4774017334, 44.8150787354], [-298.470947266, 185.728424072, 901.849914551, 298.572967529, 74.1274261475, 42.9835777283, -122.959114075, 43.3945846558, -35.2779998779, 48.0606880188, -76.8657073975, 32.0991134644, -103.399284363], [178.792510986, 209.449462891, 298.572967529, 337.617645264, 40.5569725037, 1.05930185318, 22.1299190521, -32.0263404846, 97.5120544434, -61.3470420837, 33.3414993286, -41.94140625, -2.6803612709], [-166.039810181, 173.68460083, 74.1274261475, 40.5569725037, 292.48223877, 48.6310348511, 124.457817078, 54.9469795227, 19.8564472198, 40.027721405, 11.2771892548, 18.3997993469, 15.9867744446], [58.015083313, -67.6699371338, 42.9835777283, 1.05930185318, 48.6310348511, 195.380401611, 35.3371925354, 10.5908651352, -24.3202781677, 46.0350761414, 4.67327213287, 4.93698263168, 2.87916851044], [118.118263245, 192.64402771, -122.959114075, 22.1299190521, 124.457817078, 35.3371925354, 236.086013794, 9.10919189453, 85.283416748, -30.8358440399, 70.2125320435, -28.9169616699, 43.833694458], [-8.74390506744, -104.124160767, 43.3945846558, -32.0263404846, 54.9469795227, 10.5908651352, 9.10919189453, 207.344039917, -0.138528570533, 79.2308807373, -42.0662536621, 50.7234802246, 3.64679670334], [-14.5425271988, 167.560806274, -35.2779998779, 97.5120544434, 19.8564472198, -24.3202781677, 85.283416748, -0.138528570533, 194.825134277, -43.0290336609, 56.7651748657, -30.7310848236, 34.5554237366], [-140.594070435, -154.155609131, 48.0606880188, -61.3470420837, 40.027721405, 46.0350761414, -30.8358440399, 79.2308807373, -43.0290336609, 183.118148804, -1.52004420757, 59.5800094604, -24.3242073059], [37.8847618103, 105.036216736, -76.8657073975, 33.3414993286, 11.2771892548, 4.67327213287, 70.2125320435, -42.0662536621, 56.7651748657, -1.52004420757, 143.328033447, -7.22168064117, 33.5200080872], [-182.136856079, -92.4774017334, 32.0991134644, -41.94140625, 18.3997993469, 4.93698263168, -28.9169616699, 50.7234802246, -30.7310848236, 59.5800094604, -7.22168064117, 111.636947632, 4.37040996552], [75.7554702759, 44.8150787354, -103.399284363, -2.6803612709, 15.9867744446, 2.87916851044, 43.833694458, 3.64679670334, 34.5554237366, -24.3242073059, 33.5200080872, 4.37040996552, 100.708610535]],
        "icov": [[0.000501724891365, -0.000821018824354, 0.000723957142327, -0.000939260411542, 0.00089089438552, -0.000572170887608, 2.86462218355e-05, -0.000738786300644, 0.0010133945616, -0.000397971831262, 0.000402976613259, 0.000316265359288, 3.76802267965e-06], [-0.000821018824354, 0.00710165686905, -0.00386298657395, 0.00275072921067, -0.00430426094681, 0.00363702676259, -0.0027407896705, 0.00340316491202, -0.00386831839569, 0.00362388067879, -0.00309154740535, 0.00184500077739, -0.00163510488346], [0.000723957142327, -0.00386298657395, 0.00488195428625, -0.00463851960376, 0.00191807281226, -0.00251922616735, 0.00243240594864, -0.00244187936187, 0.00311109167524, -0.00228218035772, 0.00244499580003, -0.00149545026943, 0.002493027132], [-0.000939260411542, 0.00275072921067, -0.00463851960376, 0.00893189106137, -0.00274028070271, 0.00150171632413, -0.000363434286555, 0.00221717869863, -0.00513552268967, 0.00313913798891, -0.00292844185606, 0.00148553494364, -0.00114174070768], [0.00089089438552, -0.00430426094681, 0.00191807281226, -0.00274028070271, 0.00857835821807, -0.00244908221066, -0.0025182380341, -0.00269905221649, 0.00354849174619, -0.00356991938315, 0.00290677906014, -0.00135663046967, 5.52520505153e-05], [-0.000572170887608, 0.00363702676259, -0.00251922616735, 0.00150171632413, -0.00244908221066, 0.00803996808827, -0.00294393161312, 0.00243003712967, -0.000981157878414, -0.000153521526954, -0.00127205613535, 0.00134609744418, -0.00171779911034], [2.86462218355e-05, -0.0027407896705, 0.00243240594864, -0.000363434286555, -0.0025182380341, -0.00294393161312, 0.0105956234038, -0.00239177700132, -0.00111753784586, 0.000748872873373, -0.00192948291078, 0.000452252279501, 0.000831483805086], [-0.000738786300644, 0.00340316491202, -0.00244187936187, 0.00221717869863, -0.00269905221649, 0.00243003712967, -0.00239177700132, 0.00930836703628, -0.0035830012057, -0.00139663298614, 0.00170333520509, -0.00141677714419, -0.00195721280761], [0.0010133945616, -0.00386831839569, 0.00311109167524, -0.00513552268967, 0.00354849174619, -0.000981157878414, -0.00111753784586, -0.0035830012057, 0.0113499416038, -0.00171579886228, 0.000265222304733, 0.000491865328513, -0.000320933060721], [-0.000397971831262, 0.00362388067879, -0.00228218035772, 0.00313913798891, -0.00356991938315, -0.000153521526954, 0.000748872873373, -0.00139663298614, -0.00171579886228, 0.0116717610508, -0.00467510707676, -0.00146048772149, 0.00175012042746], [0.000402976613259, -0.00309154740535, 0.00244499580003, -0.00292844185606, 0.00290677906014, -0.00127205613535, -0.00192948291078, 0.00170333520509, 0.000265222304733, -0.00467510707676, 0.0124658243731, -0.00197296729311, -0.00142565893475], [0.000316265359288, 0.00184500077739, -0.00149545026943, 0.00148553494364, -0.00135663046967, 0.00134609744418, 0.000452252279501, -0.00141677714419, 0.000491865328513, -0.00146048772149, -0.00197296729311, 0.0138191906735, -0.00298800249584], [3.76802267965e-06, -0.00163510488346, 0.002493027132, -0.00114174070768, 5.52520505153e-05, -0.00171779911034, 0.000831483805086, -0.00195721280761, -0.000320933060721, 0.00175012042746, -0.00142565893475, -0.00298800249584, 0.0140699893236]]
    },
    "melbands": {
        "dmean": [0.000327201472828, 0.00102426239755, 0.00188575568609, 0.000564327929169, 0.000171811421751, 0.000136067988933, 0.000164844328538, 0.000145506070112, 7.21957549104e-05, 9.08565634745e-05, 0.000133660607389, 9.78020543698e-05, 5.75191988901e-05, 6.69953296892e-05, 4.94537416671e-05, 4.178175368e-05, 2.63800684479e-05, 3.03814740619e-05, 2.53687430813e-05, 1.94146377908e-05, 1.92417628568e-05, 1.10424034574e-05, 7.8017319538e-06, 7.87490171206e-06, 6.98180610925e-06, 7.11586244506e-06, 4.81372444483e-06, 2.9089585496e-06, 2.58878321802e-06, 1.5527590449e-06, 1.01122191154e-06, 7.41337771615e-07, 3.39134885508e-07, 2.72409124591e-07, 2.17234571664e-07, 1.51029510675e-07, 1.02616041886e-07, 8.44713028414e-08, 5.78869254753e-08, 4.23413482054e-08],
        "dmean2": [0.000539493048564, 0.0016778112622, 0.00303199212067, 0.000947289809119, 0.000273089972325, 0.000217638284084, 0.00026474124752, 0.000229520170251, 0.000111407520308, 0.000139131501783, 0.000204815369216, 0.000149874700583, 8.93272735993e-05, 9.98274845188e-05, 7.29148014216e-05, 6.29323621979e-05, 4.04798920499e-05, 4.66135497845e-05, 3.90278401028e-05, 2.95509926218e-05, 2.93007924483e-05, 1.69964296219e-05, 1.22040792121e-05, 1.22872152133e-05, 1.05353165054e-05, 1.09368302219e-05, 7.37802429285e-06, 4.37270091425e-06, 3.97557596443e-06, 2.36756909544e-06, 1.57289809977e-06, 1.18746390854e-06, 5.43777446183e-07, 4.28819788567e-07, 3.50281027295e-07, 2.42075969936e-07, 1.60048202247e-07, 1.33811028036e-07, 9.12562754252e-08, 6.55053185028e-08],
        "dvar": [5.18017941431e-07, 4.3300942707e-06, 1.77288020495e-05, 1.46110562582e-06, 7.839133076e-08, 5.90206887807e-08, 1.2945181993e-07, 2.98015407907e-07, 5.90116684407e-08, 7.71654171672e-08, 1.89332908462e-07, 8.45254604087e-08, 6.55852474551e-08, 7.74979795892e-08, 3.92950134653e-08, 3.18257526999e-08, 4.84304507609e-09, 1.03074571101e-08, 5.6548272731e-09, 2.98464963855e-09, 3.23353410714e-09, 9.34326505053e-10, 3.49147682988e-10, 2.68414845905e-10, 2.46913184343e-10, 2.56135529453e-10, 1.176236053e-10, 3.63082931776e-11, 2.71025389631e-11, 1.06349399773e-11, 5.39871402791e-12, 1.90729571893e-12, 3.25361699388e-13, 2.43469632476e-13, 1.38398529291e-13, 6.28785218337e-14, 3.45209260212e-14, 2.41729006874e-14, 9.110694851e-15, 4.68373263283e-15],
        "dvar2": [1.26030761294e-06, 1.10049059003e-05, 4.28919993283e-05, 3.88173975807e-06, 1.98672211127e-07, 1.45167078358e-07, 2.96284298429e-07, 6.24907556812e-07, 1.28834614088e-07, 1.68495574826e-07, 4.05905012713e-07, 1.83834913514e-07, 1.6157306959e-07, 1.54110864514e-07, 8.67169873686e-08, 6.22495548441e-08, 1.06607682682e-08, 2.2970203517e-08, 1.13993854356e-08, 6.18738749125e-09, 6.97859059429e-09, 1.76966641341e-09, 7.59668994377e-10, 6.27364660222e-10, 5.25381904648e-10, 5.81031778246e-10, 2.63577992765e-10, 7.85084705579e-11, 6.14828743473e-11, 2.30030387099e-11, 1.25219426841e-11, 4.55604434388e-12, 8.39431876874e-13, 5.67230941037e-13, 3.4199371308e-13, 1.59173550534e-13, 8.6932516036e-14, 5.98653884711e-14, 2.18263297383e-14, 1.09647305409e-14],
        "max": [0.00593664916232, 0.0239120218903, 0.0469916462898, 0.0162245910615, 0.00610396778211, 0.00724291987717, 0.0132808489725, 0.0252435393631, 0.00684478739277, 0.0101838400587, 0.0143466861919, 0.00793460384011, 0.00744911609218, 0.00844729971141, 0.00720153935254, 0.00873379874974, 0.00176341773476, 0.00300776166841, 0.00286995223723, 0.00123304722365, 0.00144470692612, 0.00103107304312, 0.000761408475228, 0.00040422269376, 0.000613658281509, 0.000481018796563, 0.000368704670109, 0.000192337131011, 0.000116754476039, 7.51378393034e-05, 7.73600550019e-05, 2.48274172918e-05, 1.53437322297e-05, 1.02628919194e-05, 8.63879813551e-06, 5.82658594794e-06, 5.71262080484e-06, 3.34851711159e-06, 2.01982447834e-06, 1.64707523709e-06],
        "mean": [0.000359962636139, 0.00108153617475, 0.00201972504146, 0.000676934665535, 0.000251692341408, 0.000208965517231, 0.000242654103204, 0.000204885363928, 0.000107528772787, 0.00014578421542, 0.000208974117413, 0.00013979979849, 8.04930386948e-05, 0.000105136816273, 8.11834615888e-05, 6.62287056912e-05, 4.05110331485e-05, 4.48988321295e-05, 3.82967700716e-05, 2.8765787647e-05, 2.80776966974e-05, 1.71988958755e-05, 1.28036936076e-05, 1.32158738779e-05, 1.17690133266e-05, 1.13801161206e-05, 8.11692279967e-06, 4.901585271e-06, 4.32020397056e-06, 2.62470348389e-06, 1.70413750311e-06, 1.21109633255e-06, 5.91172295117e-07, 4.7997235697e-07, 3.69630413388e-07, 2.73291846042e-07, 1.85450844015e-07, 1.48835098912e-07, 1.00660784597e-07, 7.33049176915e-08],
        "median": [2.26492684305e-05, 0.000269025709713, 0.000694008835126, 0.000299161300063, 0.000139039781061, 0.000101535668364, 0.000105124665424, 5.53881509404e-05, 2.91963933705e-05, 3.03185370285e-05, 2.65891139861e-05, 1.92390416487e-05, 1.53762011905e-05, 1.59207756951e-05, 1.01488622022e-05, 1.39872745422e-05, 1.12489524327e-05, 1.03393276731e-05, 9.5219402283e-06, 8.47346473165e-06, 7.5312732406e-06, 5.49192145627e-06, 5.13729719387e-06, 4.99756242789e-06, 4.49779099654e-06, 3.67400230061e-06, 2.7865210086e-06, 1.8873585077e-06, 1.70703924596e-06, 1.09855977826e-06, 7.51330389903e-07, 5.57537418899e-07, 3.03483204789e-07, 2.30876665341e-07, 1.98369932036e-07, 1.58222150048e-07, 1.09006300875e-07, 8.03912030278e-08, 5.84735388998e-08, 3.93889649786e-08],
        "min": [4.89100860985e-24, 9.06069464088e-25, 6.11639043014e-24, 5.80680788435e-24, 1.11253463671e-23, 9.85681858846e-24, 3.61559249779e-24, 7.52280005096e-24, 4.74118223028e-24, 2.81133322491e-24, 8.75300043088e-25, 2.19606412011e-24, 6.70790989131e-24, 3.98630860829e-24, 9.80484369886e-24, 4.94402321813e-24, 5.50803904384e-24, 7.07334497249e-24, 8.75523980977e-24, 6.05618101598e-24, 8.04295363262e-24, 3.87152619114e-24, 7.30518093734e-24, 1.18435450567e-23, 9.50530216909e-24, 8.17561794877e-24, 7.23598915849e-24, 7.99657965545e-24, 5.87857923836e-24, 7.67263392472e-24, 6.06274907188e-24, 6.82919488891e-24, 7.72119068002e-24, 8.50489795694e-24, 9.12148031793e-24, 6.71616768727e-24, 6.88512828253e-24, 6.99120483074e-24, 1.23669353347e-23, 1.0520577987e-23],
        "var": [6.6497187845e-07, 4.30632098869e-06, 1.80833358172e-05, 1.4819122498e-06, 1.11930042124e-07, 9.96729099256e-08, 2.49409936259e-07, 4.73868482231e-07, 1.13152282211e-07, 1.8190800688e-07, 3.77095432214e-07, 1.5295907474e-07, 7.67011059111e-08, 1.62589685715e-07, 9.05344776925e-08, 6.73758719927e-08, 9.00554919525e-09, 1.75325887142e-08, 1.23382015715e-08, 5.27686205842e-09, 5.38588462717e-09, 2.11810258222e-09, 7.64449004098e-10, 5.15614939633e-10, 4.9217313558e-10, 4.40090852649e-10, 2.3357832335e-10, 7.8894855926e-11, 5.39876823802e-11, 2.31509342946e-11, 1.01240162087e-11, 3.53765801375e-12, 6.66977107225e-13, 4.84561392747e-13, 2.42480135363e-13, 1.23587040124e-13, 5.63897852837e-14, 4.13078147805e-14, 1.66721257839e-14, 8.94760543327e-15]
    },
    "mfcc": {
        "mean": [-667.171325684, 129.926116943, -20.438785553, 29.4557247162, -2.70080137253, 1.42744576931, -2.48547029495, -2.64318966866, -6.44308662415, -1.70809209347, -7.59479379654, -4.39091300964, -6.88403367996],
        "cov": [[2896.4921875, -98.6749954224, -150.746566772, 4.19141721725, -218.147460938, 7.6864490509, 55.3479881287, 66.7967147827, 2.32414245605, 64.6940841675, -46.6667976379, -48.8642463684, -46.7866821289], [-98.6749954224, 536.980224609, 52.4526977539, 181.566619873, 87.456703186, 56.4392967224, 73.9869003296, 75.4578475952, 26.3195819855, 63.9948730469, -0.0872082412243, 5.54470777512, 2.84891557693], [-150.746566772, 52.4526977539, 745.713806152, 224.204910278, 159.546737671, 68.2563781738, -68.1355285645, -2.67514371872, -16.5264205933, -62.943611145, 60.109588623, 8.89513778687, -1.32186865807], [4.19141721725, 181.566619873, 224.204910278, 335.316955566, 113.342254639, 13.7286672592, 5.04334640503, 50.7018852234, 33.9183959961, 24.3446941376, 12.2071447372, 38.6417770386, 16.2160453796], [-218.147460938, 87.456703186, 159.546737671, 113.342254639, 186.99369812, 43.9556427002, 27.2492485046, 21.437871933, 37.6130065918, 6.33163690567, 23.7438392639, 14.7102565765, 17.1263122559], [7.6864490509, 56.4392967224, 68.2563781738, 13.7286672592, 43.9556427002, 186.615356445, 60.269493103, 11.3808631897, -1.3840816021, 22.1773586273, 14.1704788208, 9.13999080658, 3.46775794029], [55.3479881287, 73.9869003296, -68.1355285645, 5.04334640503, 27.2492485046, 60.269493103, 180.617660522, 23.7980117798, 13.6718463898, 41.6288871765, 8.08330726624, 13.0275430679, 25.484916687], [66.7967147827, 75.4578475952, -2.67514371872, 50.7018852234, 21.437871933, 11.3808631897, 23.7980117798, 132.205230713, 52.397315979, 31.7122516632, 6.76581859589, 2.871748209, -6.06023073196], [2.32414245605, 26.3195819855, -16.5264205933, 33.9183959961, 37.6130065918, -1.3840816021, 13.6718463898, 52.397315979, 132.717453003, 47.9319229126, 16.2006320953, 13.4551763535, 6.7905626297], [64.6940841675, 63.9948730469, -62.943611145, 24.3446941376, 6.33163690567, 22.1773586273, 41.6288871765, 31.7122516632, 47.9319229126, 113.246757507, 24.2199668884, 13.9117240906, 7.54655790329], [-46.6667976379, -0.0872082412243, 60.109588623, 12.2071447372, 23.7438392639, 14.1704788208, 8.08330726624, 6.76581859589, 16.2006320953, 24.2199668884, 98.9136581421, 40.4859199524, 14.2951793671], [-48.8642463684, 5.54470777512, 8.89513778687, 38.6417770386, 14.7102565765, 9.13999080658, 13.0275430679, 2.871748209, 13.4551763535, 13.9117240906, 40.4859199524, 102.17666626, 39.7256813049], [-46.7866821289, 2.84891557693, -1.32186865807, 16.2160453796, 17.1263122559, 3.46775794029, 25.484916687, -6.06023073196, 6.7905626297, 7.54655790329, 14.2951793671, 39.7256813049, 78.4147949219]],
