{
"lowlevel": {
    "average_loudness": 0.886190056801,
    "barkbands_crest": {
        "dmean": 2.61671590805,
        "dmean2": 4.22713565826,
        "dvar": 5.52628421783,
        "dvar2": 13.6727294922,
        "max": 23.7358894348,
        "mean": 9.93147468567,
        "median": 9.03723716736,
        "min": 2.80673408508,
        "var": 15.7341823578
    },
    "barkbands_flatness_db": {
        "dmean": 0.0183846857399,
        "dmean2": 0.0294693056494,
        "dvar": 0.000257647508988,
        "dvar2": 0.000632450566627,
        "max": 0.342296719551,
        "mean": 0.204070627689,
        "median": 0.20131662488,
        "min": 0.0685707703233,
        "var": 0.00101625046227
    },
    "barkbands_kurtosis": {
        "dmean": 1.71507704258,
        "dmean2": 2.73467302322,
        "dvar": 5.67389440536,
        "dvar2": 14.1417198181,
        "max": 46.2474708557,
        "mean": 2.4138712883,
        "median": 1.24170684814,
        "min": -1.84165799618,
        "var": 16.5671691895
    },
    "barkbands_skewness": {
        "dmean": 0.415855377913,
        "dmean2": 0.63768863678,
        "dvar": 0.144985646009,
        "dvar2": 0.342738002539,
        "max": 5.77479219437,
        "mean": 1.16283917427,
        "median": 1.11801505089,
        "min": -2.2166852951,
        "var": 0.875072479248
    },
    "barkbands_spread": {
        "dmean": 2.88403987885,
        "dmean2": 4.53427505493,
        "dvar": 6.98577451706,
        "dvar2": 16.9387950897,
        "max": 41.1097145081,
        "mean": 13.0939226151,
        "median": 12.3979978561,
        "min": 1.49259972572,
        "var": 28.9787502289
    },
    "dissonance": {
        "dmean": 0.0235765893012,
        "dmean2": 0.0400361344218,
        "dvar": 0.000477107387269,
        "dvar2": 0.00130586454179,
        "max": 0.5,
        "mean": 0.454297482967,
        "median": 0.460519850254,
        "min": 0.260591477156,
        "var": 0.000954877235927
    },
    "dynamic_complexity": 2.95998263359,
    "erbbands_crest": {
        "dmean": 2.92900562286,
        "dmean2": 4.66766548157,
        "dvar": 7.56455898285,
        "dvar2": 18.3981876373,
        "max": 31.6987094879,
        "mean": 10.3874750137,
        "median": 9.28271102905,
        "min": 2.69065523148,
        "var": 22.6299152374
    },
    "erbbands_flatness_db": {
        "dmean": 0.0145102273673,
        "dmean2": 0.0215808171779,
        "dvar": 0.000183329844731,
        "dvar2": 0.000381502439268,
        "max": 0.394152700901,
        "mean": 0.258588224649,
        "median": 0.257830560207,
        "min": 0.0883056744933,
        "var": 0.0014614200918
    },
    "erbbands_kurtosis": {
        "dmean": 0.840541124344,
        "dmean2": 1.34178638458,
        "dvar": 1.48058509827,
        "dvar2": 3.5354142189,
        "max": 26.8611068726,
        "mean": 0.191501274705,
        "median": -0.322368264198,
        "min": -1.92283904552,
        "var": 3.59380745888
    },
    "erbbands_skewness": {
        "dmean": 0.365973740816,
        "dmean2": 0.572104215622,
        "dvar": 0.108599230647,
        "dvar2": 0.259809911251,
        "max": 4.79477882385,
        "mean": 0.374749362469,
        "median": 0.358600944281,
        "min": -2.68925189972,
        "var": 0.436012268066
    },
    "erbbands_spread": {
        "dmean": 4.7519993782,
        "dmean2": 7.31246757507,
        "dvar": 20.4271221161,
        "dvar2": 47.1963806152,
        "max": 98.5496292114,
        "mean": 26.0734272003,
        "median": 25.0452728271,
        "min": 2.2517490387,
        "var": 147.250137329
    },
    "hfc": {
        "dmean": 4.80230951309,
        "dmean2": 6.80068445206,
        "dvar": 50.8599128723,
        "dvar2": 105.258987427,
        "max": 177.232528687,
        "mean": 15.7725133896,
        "median": 11.382109642,
        "min": 1.12273767172e-16,
        "var": 215.462905884
    },
    "melbands_crest": {
        "dmean": 2.97572135925,
        "dmean2": 4.87179899216,
        "dvar": 7.35436725616,
        "dvar2": 18.6871891022,
        "max": 30.7860279083,
        "mean": 11.8530864716,
        "median": 10.7690753937,
        "min": 1.91600251198,
        "var": 21.5929336548
    },
    "melbands_flatness_db": {
        "dmean": 0.0192525349557,
        "dmean2": 0.0299952086061,
        "dvar": 0.000301606953144,
        "dvar2": 0.000702365068719,
        "max": 0.391253262758,
        "mean": 0.240767523646,
        "median": 0.238586187363,
        "min": 0.00497583532706,
        "var": 0.00136763125192
    },
    "melbands_kurtosis": {
        "dmean": 2.92095708847,
        "dmean2": 4.59846496582,
        "dvar": 18.1571483612,
        "dvar2": 45.4006347656,
        "max": 119.575172424,
        "mean": 6.06451129913,
        "median": 3.721555233,
        "min": -1.71035027504,
        "var": 101.030456543
    },
    "melbands_skewness": {
        "dmean": 0.481427609921,
        "dmean2": 0.736026644707,
        "dvar": 0.202535748482,
        "dvar2": 0.471040219069,
        "max": 9.10012531281,
        "mean": 1.69939684868,
        "median": 1.61894249916,
        "min": -1.98274004459,
        "var": 1.4483987093
    },
    "melbands_spread": {
        "dmean": 4.35559844971,
        "dmean2": 6.88670921326,
        "dvar": 19.8408813477,
        "dvar2": 47.415058136,
        "max": 136.093917847,
        "mean": 17.9499111176,
        "median": 16.7770690918,
        "min": 1.85238540173,
        "var": 75.0896606445
    },
    "pitch_salience": {
        "dmean": 0.068893186748,
        "dmean2": 0.111236140132,
        "dvar": 0.0034834688995,
        "dvar2": 0.00903628207743,
        "max": 0.869748830795,
        "mean": 0.59356969595,
        "median": 0.599993348122,
        "min": 0.206648126245,
        "var": 0.0101325744763
    },
    "silence_rate_20dB": {
        "dmean": 0,
        "dmean2": 0,
        "dvar": 0,
        "dvar2": 0,
        "max": 1,
        "mean": 1,
        "median": 1,
        "min": 1,
        "var": 0
    },
    "silence_rate_30dB": {
        "dmean": 0.00303322752006,
        "dmean2": 0.00606729183346,
        "dvar": 0.00302421581,
        "dvar2": 0.00740971928462,
        "max": 1,
        "mean": 0.996553599834,
        "median": 1,
        "min": 0,
        "var": 0.00343427108601
    },
    "silence_rate_60dB": {
        "dmean": 0.014752516523,
        "dmean2": 0.029509101063,
        "dvar": 0.0145362280309,
        "dvar2": 0.0336015336215,
        "max": 1,
        "mean": 0.0410807840526,
        "median": 0,
        "min": 0,
        "var": 0.0393972098827
    },
    "spectral_centroid": {
        "dmean": 159.943984985,
        "dmean2": 252.215774536,
        "dvar": 32008.1503906,
        "dvar2": 70116.578125,
        "max": 10984.1005859,
        "mean": 1021.0758667,
        "median": 975.376586914,
        "min": 302.780761719,
        "var": 141144.328125
    },
    "spectral_complexity": {
        "dmean": 2.78215909004,
        "dmean2": 4.39533901215,
        "dvar": 7.71266317368,
        "dvar2": 17.7402057648,
        "max": 40,
        "mean": 17.2502059937,
        "median": 17,
        "min": 0,
        "var": 39.0423965454
    },
    "spectral_decrease": {
        "dmean": 1.7270200825e-09,
        "dmean2": 2.55914001102e-09,
        "dvar": 5.63071396901e-18,
        "dvar2": 1.21614012717e-17,
        "max": 5.93107881041e-29,
        "mean": -5.34837996113e-09,
        "median": -4.22780122022e-09,
        "min": -5.70825875457e-08,
        "var": 1.90152113778e-17
    },
    "spectral_energy": {
        "dmean": 0.00691398093477,
        "dmean2": 0.0102108260617,
        "dvar": 9.06411223696e-05,
        "dvar2": 0.000194976324565,
        "max": 0.231518238783,
        "mean": 0.0216165967286,
        "median": 0.0170402321965,
        "min": 1.05411478633e-20,
        "var": 0.000311956973746
    },
    "spectral_energyband_high": {
        "dmean": 2.7931351724e-05,
        "dmean2": 4.3461794121e-05,
        "dvar": 3.08307512853e-09,
        "dvar2": 6.98246171993e-09,
        "max": 0.00230465386994,
        "mean": 6.66546766297e-05,
        "median": 4.48496866738e-05,
        "min": 7.58292784957e-21,
        "var": 6.47488018757e-09
    },
    "spectral_energyband_low": {
        "dmean": 0.000630246533547,
        "dmean2": 0.00103458028752,
        "dvar": 6.12647397702e-07,
        "dvar2": 1.61948696586e-06,
        "max": 0.0144784003496,
        "mean": 0.00133115658537,
        "median": 0.00100325513631,
        "min": 4.72853797326e-23,
        "var": 1.44615626141e-06
    },
    "spectral_energyband_middle_high": {
        "dmean": 0.00224284571595,
        "dmean2": 0.00329912314191,
        "dvar": 2.23481747526e-05,
        "dvar2": 5.277350283e-05,
        "max": 0.118180073798,
        "mean": 0.00606613606215,
        "median": 0.00361848319881,
        "min": 1.51761267944e-21,
        "var": 7.47602171032e-05
    },
    "spectral_energyband_middle_low": {
        "dmean": 0.0056484285742,
        "dmean2": 0.00852218922228,
        "dvar": 6.92654575687e-05,
        "dvar2": 0.000150267354911,
        "max": 0.19501054287,
        "mean": 0.0147136710584,
        "median": 0.0107054021209,
        "min": 2.15163137185e-22,
        "var": 0.000201297487365
    },
    "spectral_entropy": {
        "dmean": 0.133479252458,
        "dmean2": 0.206419080496,
        "dvar": 0.0160398259759,
        "dvar2": 0.0359163917601,
        "max": 9.80137729645,
        "mean": 7.12284183502,
        "median": 7.1280670166,
        "min": 5.82523441315,
        "var": 0.0823949500918
    },
    "spectral_flux": {
        "dmean": 0.0189953371882,
        "dmean2": 0.0304267089814,
        "dvar": 0.000429975130828,
        "dvar2": 0.00103695807047,
        "max": 0.320618391037,
        "mean": 0.0733324438334,
        "median": 0.0667621642351,
        "min": 6.71243199912e-11,
        "var": 0.00134342315141
    },
    "spectral_kurtosis": {
        "dmean": 4.88707494736,
        "dmean2": 8.66051578522,
        "dvar": 18.1780338287,
        "dvar2": 57.2004928589,
        "max": 43.7415618896,
        "mean": 8.01252269745,
        "median": 6.76232528687,
        "min": -1.18931031227,
        "var": 31.7262916565
    },
    "spectral_rms": {
        "dmean": 0.000689166481607,
        "dmean2": 0.001000303193,
        "dvar": 5.27665861227e-07,
        "dvar2": 1.07105699954e-06,
        "max": 0.0150290206075,
        "mean": 0.0042650368996,
        "median": 0.00407732930034,
        "min": 3.20687486982e-12,
        "var": 2.89891386274e-06
    },
    "spectral_rolloff": {
        "dmean": 252.066680908,
        "dmean2": 433.616027832,
        "dvar": 143748.140625,
        "dvar2": 314427.3125,
        "max": 18669.2871094,
        "mean": 1166.95959473,
        "median": 1012.06054688,
        "min": 129.19921875,
        "var": 425810.5
    },
    "spectral_skewness": {
        "dmean": 0.44684034586,
        "dmean2": 0.775745749474,
        "dvar": 0.138148903847,
        "dvar2": 0.423830986023,
        "max": 4.55108833313,
        "mean": 1.63044607639,
        "median": 1.54899358749,
        "min": 0.00981721188873,
        "var": 0.336097508669
    },
    "spectral_spread": {
        "dmean": 196107.734375,
        "dmean2": 318549.15625,
        "dvar": 150596599808,
        "dvar2": 290000371712,
        "max": 39639432,
        "mean": 2347094,
        "median": 2271850,
        "min": 1290817.75,
        "var": 690234720256
    },
    "spectral_strongpeak": {
        "dmean": 0.673164904118,
        "dmean2": 1.072275877,
        "dvar": 0.73955565691,
        "dvar2": 1.74772500992,
        "max": 12.342259407,
        "mean": 1.42046546936,
        "median": 1.00244307518,
        "min": 0,
        "var": 1.99202990532
    },
    "zerocrossingrate": {
        "dmean": 0.00458296341822,
        "dmean2": 0.0058132535778,
        "dvar": 4.14170463046e-05,
        "dvar2": 5.13292907272e-05,
        "max": 0.66650390625,
        "mean": 0.0424569100142,
        "median": 0.041015625,
        "min": 0.009765625,
        "var": 0.000296170677757
    },
    "barkbands": {
        "dmean": [1.24754460558e-05, 0.000152476917719, 0.000386657367926, 0.000623189669568, 0.00182385626249, 0.00198188610375, 0.00136014434975, 0.00100652687252, 0.00156233774032, 0.000878184626345, 0.000620381964836, 0.000453833141364, 0.000370983121684, 0.000455525558209, 0.000365648505976, 0.000303155335132, 0.000220802088734, 0.000122286699479, 6.60438236082e-05, 3.78486947739e-05, 1.34115234687e-05, 2.23212896344e-06, 3.42618648119e-07, 5.4174614661e-07, 8.76447856513e-08, 8.66868632432e-10, 8.89547047134e-10],
        "dmean2": [2.34069539147e-05, 0.000262642599409, 0.000633216288406, 0.00105140428059, 0.00302373524755, 0.00309303030372, 0.00211069290526, 0.00151115341578, 0.00229552597739, 0.00141570728738, 0.00101273308974, 0.000700452364981, 0.000580318213906, 0.000728267012164, 0.000581131258514, 0.000485029013362, 0.000344933912857, 0.000196375563974, 0.000107147105155, 6.18439007667e-05, 2.10314301512e-05, 3.60858098247e-06, 5.56563009013e-07, 8.18778005396e-07, 1.39531351806e-07, 1.5854071389e-09, 1.64286473314e-09],
        "dvar": [1.00744024234e-10, 3.17487653945e-08, 2.79125771385e-07, 7.87062162999e-07, 9.35693788051e-06, 1.66840618476e-05, 1.31625993163e-05, 1.08332014861e-05, 1.85389762919e-05, 1.07766054498e-05, 7.8133880379e-06, 2.23370375352e-06, 1.85005364983e-06, 1.80585891485e-06, 1.21281505017e-06, 5.32970318545e-07, 2.16179316226e-07, 5.09753661504e-08, 1.66296096893e-08, 5.35256328149e-09, 4.68605321213e-10, 1.80122809029e-11, 2.6624888275e-13, 1.45873113935e-12, 3.94811306315e-14, 3.14111559898e-18, 2.44486175417e-18],
        "dvar2": [3.18833015545e-10, 9.25939502849e-08, 7.25956624592e-07, 2.12165582525e-06, 2.35122206504e-05, 3.98880110879e-05, 3.03489105136e-05, 2.35858387896e-05, 3.97244548367e-05, 2.69964202744e-05, 2.21917889576e-05, 4.79010668641e-06, 3.63966091754e-06, 4.50674542662e-06, 2.91639548777e-06, 1.26611314499e-06, 5.16944453466e-07, 1.1844820591e-07, 4.06328055647e-08, 1.3855965264e-08, 1.09243003532e-09, 4.57099427753e-11, 6.06375138903e-13, 3.22663358705e-12, 9.0959175142e-14, 8.48437003626e-18, 7.17763311794e-18],
        "max": [0.000113533104013, 0.00354013126343, 0.0101699475199, 0.0139438146725, 0.0542758703232, 0.153581902385, 0.139497205615, 0.158267587423, 0.090409681201, 0.0783971846104, 0.105552867055, 0.0422069840133, 0.0568035393953, 0.0403553433716, 0.0283026508987, 0.0179871115834, 0.0106011452153, 0.00833356939256, 0.00482053682208, 0.00216539832763, 0.000582768465392, 0.0001350704988, 2.03999716177e-05, 6.06637731835e-05, 1.01940859167e-05, 1.05516100746e-07, 6.53935359196e-08],
        "mean": [1.29829750222e-05, 0.000247467367444, 0.000687226478476, 0.000926310371142, 0.00317287491634, 0.00330650922842, 0.00264288904145, 0.00159881915897, 0.00268427678384, 0.00128909607884, 0.00102968304418, 0.0007641838165, 0.000575800077058, 0.000681133067701, 0.000552876386791, 0.00051265291404, 0.000449757033493, 0.000245849572821, 0.000125550403027, 7.53354615881e-05, 2.84182115138e-05, 4.25666166848e-06, 9.37631227771e-07, 1.52915254148e-06, 1.90925234733e-07, 9.66501101374e-10, 8.38122071745e-10],
        "median": [1.06018742372e-05, 0.000181294744834, 0.000440631352831, 0.000605692679528, 0.00196171062998, 0.00151538383216, 0.00099552469328, 0.000485428230604, 0.000700886710547, 0.000328118767357, 0.000227538228501, 0.000209318546695, 0.000149449275341, 0.000228937948123, 0.000179469905561, 0.000207661098102, 0.0001618082606, 0.000134243775392, 7.86884629633e-05, 4.87973629788e-05, 1.80643473868e-05, 2.454870355e-06, 7.39304539366e-07, 1.02698891169e-06, 1.28362074747e-07, 5.20364307199e-10, 3.65399405178e-10],
        "min": [2.12269019517e-24, 6.61898791235e-24, 1.29231935023e-23, 1.92159594257e-24, 1.77524879458e-23, 2.79876174031e-23, 2.82353291937e-23, 4.61338479148e-23, 2.51692098708e-23, 5.85633801512e-23, 3.14931101621e-23, 6.23216144778e-23, 6.09325692632e-23, 1.03270948617e-22, 1.38996609924e-22, 1.11698236071e-22, 1.77994977448e-22, 1.58949212002e-22, 2.5495431623e-22, 2.66183277899e-22, 2.63652763577e-22, 5.50536357474e-22, 5.65133439665e-22, 7.18054517417e-22, 1.30697454938e-21, 1.69066104462e-21, 2.09158878284e-21],
        "var": [1.03806123419e-10, 6.05167755907e-08, 5.9100375438e-07, 1.10593759928e-06, 1.57073664013e-05, 2.9429764254e-05, 2.93655975838e-05, 1.90173577721e-05, 4.6381042921e-05, 1.58013863256e-05, 1.63140084624e-05, 4.97928022014e-06, 4.11256132793e-06, 3.25965879711e-06, 2.09551399166e-06, 1.00956356164e-06, 7.16019542324e-07, 1.18980175046e-07, 2.80271716946e-08, 8.5777456249e-09, 1.10522002661e-09, 2.8996636689e-11, 5.49662149563e-13, 4.32750970475e-12, 7.46645922715e-14, 4.09957453103e-18, 2.55160424234e-18]
    },
    "erbbands": {
        "dmean": [0.00475985743105, 0.0374393574893, 0.314290553331, 1.20953965187, 3.60630202293, 6.62596893311, 13.1622829437, 16.8439273834, 18.477973938, 21.2571182251, 23.5384426117, 34.1928520203, 28.255695343, 24.7784748077, 24.4415588379, 17.2884750366, 16.4176864624, 18.4755592346, 18.342502594, 18.1758613586, 14.8533859253, 11.0069227219, 7.0457777977, 4.14000749588, 2.68877339363, 1.75776302814, 0.814552783966, 0.331668525934, 0.0962755158544, 0.0177041310817, 0.0105047719553, 0.0128320762888, 0.00833349581808, 0.00191055820324, 7.19300078345e-05, 7.58641408538e-06, 3.17058743349e-06, 1.00497072708e-06, 3.48302569364e-06, 7.94929655967e-06],
        "dmean2": [0.00838640052825, 0.0638038739562, 0.517143964767, 2.01898860931, 6.12281751633, 10.9999828339, 21.006072998, 26.2853679657, 28.5456542969, 33.0549240112, 34.7405853271, 50.7041854858, 42.4625892639, 39.9974021912, 38.80884552, 26.1587600708, 25.3617515564, 29.4615917206, 28.295665741, 29.0332756042, 23.5070285797, 17.2261714935, 11.2273044586, 6.61113214493, 4.30134725571, 2.86076569557, 1.28478729725, 0.517138540745, 0.15439607203, 0.0289466809481, 0.0169566106051, 0.0201646313071, 0.0124634224921, 0.0028836268466, 0.000106844177935, 1.13422092909e-05, 4.74448052046e-06, 1.52952429744e-06, 5.06946071255e-06, 1.16850360428e-05],
        "dvar": [2.5297729735e-05, 0.00207536271773, 0.181245818734, 2.55327272415, 25.5275325775, 145.291534424, 771.394470215, 1185.77600098, 1521.5501709, 6488.796875, 5850.64160156, 9948.04199219, 7935.16845703, 11891.375, 11084.03125, 3327.07592773, 3385.81103516, 4124.71289062, 3167.52148438, 2371.96948242, 1126.34680176, 598.448364258, 174.431838989, 45.4766426086, 33.9555931091, 12.2177314758, 2.07766366005, 0.324773550034, 0.0374901331961, 0.00107038335409, 0.000274429854471, 0.000839552318212, 0.00037964063813, 1.75571476575e-05, 3.40983348224e-08, 1.40213687883e-10, 2.18320552609e-11, 2.22460830139e-12, 2.30792138872e-11, 1.20172108375e-10],
        "dvar2": [8.21462890599e-05, 0.00563250156119, 0.473063021898, 6.85677480698, 69.4373703003, 363.570831299, 1824.91711426, 2854.89501953, 3475.15698242, 15650.7841797, 12441.484375, 21831.96875, 17048.4179688, 30690.2519531, 30777.3808594, 6787.28027344, 6850.81347656, 10273.8076172, 7344.45166016, 6126.41796875, 2756.25195312, 1400.54284668, 419.18951416, 111.605545044, 77.1728897095, 31.9153633118, 4.80885887146, 0.759381949902, 0.0971546843648, 0.00272627430968, 0.000632729846984, 0.00192711327691, 0.000799795612693, 3.74914852728e-05, 6.9098291533e-08, 3.03185837547e-10, 4.95204051376e-11, 5.15200338988e-12, 4.87476031763e-11, 2.56959314937e-10],
        "max": [0.061610430479, 0.995273292065, 6.80256128311, 24.0497360229, 71.2004318237, 238.975738525, 1295.43444824, 824.502502441, 1033.98986816, 3541.09692383, 4383.59326172, 2575.65893555, 2610.87670898, 3392.19897461, 3690.47070312, 1794.36535645, 2164.53637695, 2256.76123047, 1400.27844238, 1838.81958008, 1052.29138184, 744.935974121, 574.310058594, 140.46005249, 279.320983887, 127.322052002, 54.8085098267, 17.4204025269, 5.99025154114, 1.03184735775, 0.7049664855, 1.39142560959, 1.23964881897, 0.206539750099, 0.00743487523869, 0.000524118309841, 0.000214308980503, 6.39519930701e-05, 0.000121301032777, 0.000270652613835],
        "mean": [0.0072716018185, 0.0643819347024, 0.583210945129, 2.13472080231, 5.92401599884, 10.6529321671, 20.5019721985, 28.5348091125, 37.4317474365, 36.5036392212, 40.4035873413, 58.955997467, 47.3981971741, 39.7200164795, 42.2244224548, 31.2470493317, 28.3783912659, 29.8025360107, 30.7018527985, 31.8987197876, 28.2941398621, 24.2787189484, 15.4814090729, 8.71913433075, 5.48025751114, 3.60140419006, 1.76911771297, 0.704624116421, 0.191641628742, 0.042008433491, 0.0285705924034, 0.033669564873, 0.0225563459098, 0.00493954494596, 0.00018233920855, 2.54698079516e-05, 1.07126943476e-05, 3.2376319723e-06, 1.1382023331e-05, 2.52218014793e-05],
        "median": [0.00596828106791, 0.0442084819078, 0.388938218355, 1.4862434864, 4.09857749939, 5.89337730408, 9.70258617401, 12.8729343414, 15.9044208527, 13.0386180878, 14.7872219086, 15.8129463196, 14.6231155396, 13.1339092255, 11.9127998352, 9.4131860733, 8.29399299622, 9.75812339783, 11.2280359268, 11.7708148956, 11.6745986938, 9.78905105591, 8.71957492828, 5.57296276093, 3.61688041687, 2.37569832802, 1.11266422272, 0.459323406219, 0.11303601414, 0.0296871326864, 0.0220789387822, 0.0230397004634, 0.0147320535034, 0.00329394568689, 0.000123348872876, 2.05210017157e-05, 8.65259607963e-06, 2.45878618443e-06, 8.96396159078e-06, 1.9875156795e-05],
        "min": [3.64540752725e-22, 2.08501596854e-21, 1.19085614264e-20, 1.39147805656e-20, 2.05094036821e-20, 4.55586039794e-20, 9.02233552963e-20, 2.77837198156e-19, 5.45403449742e-19, 5.23112431499e-19, 8.16315646906e-19, 7.30067902579e-19, 2.15477220168e-18, 2.15424776917e-18, 1.41295456039e-18, 3.40354175024e-18, 3.26577233768e-18, 5.34742487513e-18, 6.34929445253e-18, 6.29104770252e-18, 5.68565447811e-18, 1.03420621821e-17, 9.52033020824e-18, 1.02437600381e-17, 1.33149112533e-17, 1.39121770146e-17, 1.09853332475e-17, 1.25454579213e-17, 1.79445633868e-17, 1.90190577676e-17, 1.49913565464e-17, 1.5962711431e-17, 1.09867940485e-17, 1.08184876092e-17, 9.81009902144e-18, 6.2825492489e-18, 3.32514177858e-18, 1.18957691751e-18, 3.19204293794e-19, 2.74996226955e-20],
        "var": [3.04865370708e-05, 0.00466146273538, 0.385165333748, 4.70117950439, 38.3610115051, 225.318450928, 1136.28417969, 2296.98461914, 4129.77246094, 11428.8583984, 10317.9638672, 23501.6582031, 17754.2539062, 16047.2724609, 24145.7929688, 7932.95800781, 8438.07128906, 8512.78222656, 6385.8125, 4611.43457031, 2598.47387695, 1997.23132324, 447.522369385, 101.910652161, 57.5201683044, 20.147102356, 4.79615354538, 0.640787541866, 0.0568409487605, 0.0016545971157, 0.000580115418416, 0.00189174304251, 0.00112623453606, 4.39588839072e-05, 8.18203886865e-08, 4.3486034218e-10, 7.30118535075e-11, 7.89431974652e-12, 8.54264020633e-11, 4.24937557364e-10]
    },
    "gfcc": {
        "mean": [-72.3029785156, 178.523834229, -176.643798828, 27.4991607666, -55.7602081299, -18.6648139954, -28.8616847992, -11.3343286514, -7.95411777496, -23.3236312866, 6.33460617065, -25.0580120087, 9.85826206207],
        "cov": [[2530.73876953, 326.815246582, -601.592468262, -252.16645813, 124.999488831, -392.871612549, -6.63603591919, -113.118156433, -27.4472579956, -57.5497512817, -60.7077026367, -62.7925186157, -2.31938910484], [326.815246582, 240.022445679, 11.0519399643, -118.783599854, 14.2430677414, -75.0247879028, 4.07014465332, -45.7083854675, -8.21382904053, -38.7561454773, 0.36565592885, -14.0773210526, -11.5334072113], [-601.592468262, 11.0519399643, 377.277374268, 124.120521545, -109.422203064, 70.465637207, -33.7950248718, 8.66076469421, -12.6121053696, -7.06753349304, 8.00264835358, 2.01167416573, -11.8004388809], [-252.16645813, -118.783599854, 124.120521545, 296.68359375, -37.9182701111, 15.6500082016, -40.7808074951, 13.6388587952, -4.31974649429, 6.35346603394, -23.1005630493, -3.80747961998, 18.5260715485], [124.999488831, 14.2430677414, -109.422203064, -37.9182701111, 145.031997681, -19.9379501343, -19.8752403259, -4.57382202148, 13.1372518539, -12.2833585739, -9.65510368347, 12.9244756699, 1.90439760685], [-392.871612549, -75.0247879028, 70.465637207, 15.6500082016, -19.9379501343, 244.556976318, 87.7373657227, 7.36811685562, -46.1545448303, 15.891043663, 19.1285305023, -24.3204040527, -26.3701400757], [-6.63603591919, 4.07014465332, -33.7950248718, -40.7808074951, -19.8752403259, 87.7373657227, 138.839996338, 4.97867488861, -47.5376777649, 2.0391163826, 3.99941492081, -24.0471763611, -24.3217258453], [-113.118156433, -45.7083854675, 8.66076469421, 13.6388587952, -4.57382202148, 7.36811685562, 4.97867488861, 90.4528274536, 53.8751945496, 5.30083417892, -11.2408981323, 2.45396447182, 0.553605556488], [-27.4472579956, -8.21382904053, -12.6121053696, -4.31974649429, 13.1372518539, -46.1545448303, -47.5376777649, 53.8751945496, 104.464248657, 30.6030883789, -14.6851406097, 6.00087308884, 7.63701915741], [-57.5497512817, -38.7561454773, -7.06753349304, 6.35346603394, -12.2833585739, 15.891043663, 2.0391163826, 5.30083417892, 30.6030883789, 68.1378707886, 26.9369392395, -4.8945145607, -8.48310756683], [-60.7077026367, 0.36565592885, 8.00264835358, -23.1005630493, -9.65510368347, 19.1285305023, 3.99941492081, -11.2408981323, -14.6851406097, 26.9369392395, 69.9543533325, 29.968711853, -10.7202062607], [-62.7925186157, -14.0773210526, 2.01167416573, -3.80747961998, 12.9244756699, -24.3204040527, -24.0471763611, 2.45396447182, 6.00087308884, -4.8945145607, 29.968711853, 67.7777709961, 28.7246627808], [-2.31938910484, -11.5334072113, -11.8004388809, 18.5260715485, 1.90439760685, -26.3701400757, -24.3217258453, 0.553605556488, 7.63701915741, -8.48310756683, -10.7202062607, 28.7246627808, 63.2761573792]],
        "icov": [[0.00137910619378, -0.00227152137086, 0.0026924435515, -0.0004718004202, 0.000994379282929, 0.000954429619014, 0.00110002153087, -0.000752808060497, 0.00225689518265, -0.001390059595, 0.00167927052826, -0.00019090474234, 0.000986417056993], [-0.00227152137086, 0.0159387774765, -0.00873314589262, 0.00460012210533, -0.0045402282849, 0.00371964136139, -0.00835450086743, 0.0107525745407, -0.0138804418966, 0.0151380067691, -0.0132396891713, 0.0109934471548, -0.00530096469447], [0.0026924435515, -0.00873314589262, 0.0116769839078, -0.00355831207708, 0.00673863757402, -0.00209098914638, 0.007131929975, -0.00477155297995, 0.00773864937946, -0.00536512862891, 0.00729653798044, -0.00591376470402, 0.00570269720629], [-0.0004718004202, 0.00460012210533, -0.00355831207708, 0.00623363628983, -0.00106939498801, 0.0011733439751, -2.80291660602e-05, 0.000815940147731, 0.000184823365998, 0.000492156948894, 0.000163770790095, 0.00243868352845, -0.00219988799654], [0.000994379282929, -0.0045402282849, 0.00673863757402, -0.00106939498801, 0.0122275231406, -0.00258768512867, 0.0054396148771, -0.00158461206593, 0.00289590214379, -0.00207411614247, 0.00691411551088, -0.00725288782269, 0.00527328951284], [0.000954429619014, 0.00371964136139, -0.00209098914638, 0.0011733439751, -0.00258768512867, 0.00988217629492, -0.00598134147003, 0.00165970588569, -0.000194657666725, 0.00226215785369, -0.0051385294646, 0.00685464870185, -0.00179337814916], [0.00110002153087, -0.00835450086743, 0.007131929975, -2.80291660602e-05, 0.0054396148771, -0.00598134147003, 0.0201707649976, -0.0122416634113, 0.0182396415621, -0.013221649453, 0.0125453136861, -0.00741792516783, 0.00657846732065], [-0.000752808060497, 0.0107525745407, -0.00477155297995, 0.000815940147731, -0.00158461206593, 0.00165970588569, -0.0122416634113, 0.0299839936197, -0.0277443248779, 0.0197751577944, -0.0123021034524, 0.00781090091914, -0.00305511523038], [0.00225689518265, -0.0138804418966, 0.00773864937946, 0.000184823365998, 0.00289590214379, -0.000194657666725, 0.0182396415621, -0.0277443248779, 0.0467711351812, -0.0352211631835, 0.0277871079743, -0.0164489634335, 0.00783501379192], [-0.001390059595, 0.0151380067691, -0.00536512862891, 0.000492156948894, -0.00207411614247, 0.00226215785369, -0.013221649453, 0.0197751577944, -0.0352211631835, 0.0501015819609, -0.0358488596976, 0.0241392757744, -0.00875014252961], [0.00167927052826, -0.0132396891713, 0.00729653798044, 0.000163770790095, 0.00691411551088, -0.0051385294646, 0.0125453136861, -0.0123021034524, 0.0277871079743, -0.0358488596976, 0.0525130666792, -0.0357859730721, 0.0185235366225], [-0.00019090474234, 0.0109934471548, -0.00591376470402, 0.00243868352845, -0.00725288782269, 0.00685464870185, -0.00741792516783, 0.00781090091914, -0.0164489634335, 0.0241392757744, -0.0357859730721, 0.0462330803275, -0.0214938949794], [0.000986417056993, -0.00530096469447, 0.00570269720629, -0.00219988799654, 0.00527328951284, -0.00179337814916, 0.00657846732065, -0.00305511523038, 0.00783501379192, -0.00875014252961, 0.0185235366225, -0.0214938949794, 0.0290073361248]]
    },
    "melbands": {
        "dmean": [4.13899142586e-05, 0.000121107768791, 0.000267576659098, 0.000326706067426, 0.000442941498477, 0.000376760581275, 0.000280483887764, 0.000233086568187, 0.000208889483474, 0.000211743477848, 0.000143093668157, 0.000104946324427, 9.1866189905e-05, 5.47407107661e-05, 4.8035326472e-05, 3.06781839754e-05, 3.72986905859e-05, 3.36386110575e-05, 2.60100350715e-05, 2.16029638977e-05, 1.93666892301e-05, 1.2758300727e-05, 9.8627879197e-06, 6.26286328043e-06, 3.41712529917e-06, 2.52252289101e-06, 1.74854199031e-06, 1.13989062811e-06, 6.39798372504e-07, 3.41667657722e-07, 1.63582569712e-07, 6.63104842147e-08, 2.15285407279e-08, 6.60670362862e-09, 5.89026338815e-09, 8.31221402819e-09, 8.60523918789e-09, 6.95457025301e-09, 4.13924006182e-09, 9.59327839389e-10],
        "dmean2": [7.21419273759e-05, 0.000198818248464, 0.00044589288882, 0.000548383395653, 0.000706397346221, 0.00058797566453, 0.000432075292338, 0.000359415862476, 0.000310433621053, 0.000313080789056, 0.000215164982365, 0.000169911014382, 0.000148562074173, 8.32858640933e-05, 7.09894957254e-05, 4.92921171826e-05, 5.96073514316e-05, 5.25492250745e-05, 4.18635208916e-05, 3.40218830388e-05, 3.08042872348e-05, 2.00506201509e-05, 1.58402126544e-05, 1.00843135442e-05, 5.53206291443e-06, 4.09810991187e-06, 2.90290540761e-06, 1.86052704976e-06, 1.02259059531e-06, 5.46685384961e-07, 2.60464958046e-07, 1.08108103802e-07, 3.57675027374e-08, 1.10567102141e-08, 9.70044933268e-09, 1.3449105829e-08, 1.36546267626e-08, 1.05994768518e-08, 6.30117114042e-09, 1.51522105973e-09],
        "dvar": [2.11232853431e-09, 2.57942573967e-08, 1.29930270987e-07, 2.32846602444e-07, 7.48722015942e-07, 5.79419065616e-07, 3.56510838628e-07, 6.43299415515e-07, 4.25716592645e-07, 3.69561746538e-07, 2.02674257821e-07, 2.24476650601e-07, 1.83244083019e-07, 2.99789952862e-08, 3.26367946002e-08, 9.89978232724e-09, 1.70589800064e-08, 1.07681712436e-08, 6.63580035365e-09, 3.67252073197e-09, 1.98461869161e-09, 9.44082367837e-10, 3.77651659944e-10, 1.34724134626e-10, 3.35800172391e-11, 2.86704878588e-11, 1.28236900265e-11, 5.25023384143e-12, 1.4098482581e-12, 3.28283082142e-13, 8.23435693546e-14, 1.61180493458e-14, 1.93771767464e-15, 9.40193270388e-17, 7.05843275208e-17, 2.3163632661e-16, 4.36543840356e-16, 2.87124740301e-16, 6.77417445068e-17, 5.46485226207e-18],
        "dvar2": [6.57563470341e-09, 6.67909034746e-08, 3.47913697851e-07, 5.99743941621e-07, 1.79963728897e-06, 1.39475071137e-06, 8.16867157027e-07, 1.5529119537e-06, 9.3472590379e-07, 8.11143763713e-07, 4.37890832927e-07, 5.78930325901e-07, 5.2197418654e-07, 6.63858799044e-08, 6.06359265021e-08, 2.25729088754e-08, 4.19504040394e-08, 2.60372559069e-08, 1.64959246263e-08, 8.60312265871e-09, 5.033588657e-09, 2.25537188925e-09, 9.16021147823e-10, 3.35363348203e-10, 8.35452471093e-11, 6.67198657434e-11, 3.24995239054e-11, 1.34667147225e-11, 3.37115882085e-12, 7.84055871443e-13, 2.0022683869e-13, 4.18702853151e-14, 5.10054399365e-15, 2.43582455782e-16, 1.67960227754e-16, 5.19968750606e-16, 1.0523687685e-15, 6.01541517437e-16, 1.47237699048e-16, 1.2369204758e-17],
        "max": [0.000672085909173, 0.00265700090677, 0.00568773923442, 0.00892558973283, 0.0340910628438, 0.0177478529513, 0.014632275328, 0.0328264497221, 0.0338831916451, 0.0141795007512, 0.0126826213673, 0.0141928177327, 0.0165461301804, 0.00502371462062, 0.0092577021569, 0.00277110794559, 0.00404881313443, 0.00259758275934, 0.00263634230942, 0.0017080657417, 0.00168074003886, 0.000852801778819, 0.000525825249497, 0.000328784750309, 0.00012876947585, 0.0002366816625, 0.000142434902955, 8.92597454367e-05, 4.60631126771e-05, 1.47977789311e-05, 7.68967674958e-06, 3.74960654881e-06, 1.13787257305e-06, 3.08275531324e-07, 3.86717175616e-07, 5.59917111786e-07, 1.04583193661e-06, 1.17095885344e-06, 3.50372260982e-07, 1.05210119727e-07],
        "mean": [6.50478978059e-05, 0.000230919948081, 0.00047652554349, 0.00058531772811, 0.000698589836247, 0.000642127008177, 0.000567836337723, 0.00039363533142, 0.000351406924892, 0.000363445200492, 0.000232119127759, 0.00015940197045, 0.000152871085447, 9.25170388655e-05, 8.02818103693e-05, 4.88941368531e-05, 5.59243489988e-05, 5.19564491697e-05, 4.10831962654e-05, 3.58294819307e-05, 3.3829244785e-05, 2.53565012827e-05, 1.92094248632e-05, 1.17745375974e-05, 6.44591909804e-06, 4.63946525997e-06, 3.18390789289e-06, 2.15657109948e-06, 1.24821929148e-06, 6.57493046674e-07, 3.12997769925e-07, 1.18750030254e-07, 3.94334342957e-08, 1.50889309936e-08, 1.46359795394e-08, 1.96637159888e-08, 2.09377901683e-08, 1.74880820936e-08, 1.02717585548e-08, 1.86670923163e-09],
        "median": [5.02607836097e-05, 0.000157532544108, 0.000357343291398, 0.000380994664738, 0.000352432602085, 0.000293033954222, 0.000234915758483, 0.000132847111672, 0.000118918680528, 9.31152899284e-05, 6.25627872068e-05, 4.76939167129e-05, 3.72337599401e-05, 2.42992937274e-05, 1.98002326215e-05, 1.50457308337e-05, 1.69294962689e-05, 1.67309044627e-05, 1.40635811476e-05, 1.34098881972e-05, 1.18249026855e-05, 8.83277971298e-06, 8.00831548986e-06, 6.00396333539e-06, 3.8496336856e-06, 2.8773088161e-06, 2.01072998607e-06, 1.34524725581e-06, 7.23009520698e-07, 3.99042164645e-07, 1.93895346001e-07, 6.55281411355e-08, 2.3247061165e-08, 1.19279253141e-08, 1.15228013797e-08, 1.38955593698e-08, 1.40430040929e-08, 1.13259570611e-08, 6.73618760771e-09, 1.17526655075e-09],
        "min": [6.94788926729e-24, 4.96709897733e-24, 3.8094700536e-24, 3.01759510808e-24, 3.19339966334e-24, 5.9926102655e-24, 7.89262119877e-24, 7.29432621129e-24, 5.71787012817e-24, 4.12479747894e-24, 1.07485579998e-23, 8.57270134061e-24, 5.28688465007e-24, 4.53498385041e-24, 1.34326304085e-23, 4.96486531767e-24, 1.07376843411e-23, 1.01900815553e-23, 9.29828692376e-24, 9.55264013429e-24, 5.5100746994e-24, 1.02812975418e-23, 9.08379406591e-24, 7.65150586309e-24, 8.13519750485e-24, 1.03929805245e-23, 8.19038542492e-24, 9.5417175662e-24, 6.97535582629e-24, 6.02077141653e-24, 7.85577192817e-24, 8.95320366508e-24, 9.76136799665e-24, 1.1352525686e-23, 7.49103025573e-24, 1.01785697081e-23, 9.30421205802e-24, 7.41101609411e-24, 7.46495998053e-24, 9.18470673063e-24],
        "var": [3.43300010641e-09, 5.62487585398e-08, 2.08957104064e-07, 4.41813170937e-07, 1.13884766506e-06, 1.13135456559e-06, 9.73921260083e-07, 1.13603266527e-06, 7.49395837829e-07, 8.7602450094e-07, 4.50835329957e-07, 2.95744996492e-07, 3.73309717361e-07, 7.57059055445e-08, 8.63731557388e-08, 2.15375273172e-08, 3.21880833098e-08, 2.09319850342e-08, 1.08701714296e-08, 6.61620225273e-09, 4.53430715197e-09, 2.71562505816e-09, 1.08577313807e-09, 2.83671031109e-10, 6.58599910719e-11, 4.5408097421e-11, 1.89586020494e-11, 8.59452786717e-12, 2.98626206229e-12, 6.37274033457e-13, 1.41917619149e-13, 2.42490082918e-14, 2.58802594935e-15, 1.42040450468e-16, 1.33791553936e-16, 4.70319385007e-16, 9.02162298385e-16, 8.07695043118e-16, 1.76369782612e-16, 1.01926684004e-17]
    },
    "mfcc": {
        "mean": [-689.061096191, 185.138626099, -46.3898468018, 29.2220859528, -5.64815187454, -13.4956026077, -4.36494588852, -7.76130342484, -5.00599956512, 0.0770933106542, -12.5225563049, 2.44560313225, -10.7600107193],
        "cov": [[2295.46948242, 347.350982666, -719.983276367, 91.1781845093, -114.155822754, -159.227203369, -91.5350341797, -136.569656372, -8.92248344421, -60.8767051697, -72.3081207275, 11.8752098083, -121.377456665], [347.350982666, 383.838012695, -103.999801636, -92.8475799561, -26.6720752716, -60.502204895, -27.4048519135, -12.675994873, -41.0039863586, -12.8156633377, -27.2105102539, -15.2167816162, 1.90100777149], [-719.983276367, -103.999801636, 505.05078125, 34.1320304871, -17.8925933838, 54.4710769653, 33.5688819885, 22.4395999908, -10.5420179367, -7.07633876801, 23.1844501495, -4.67521572113, 33.3644523621], [91.1781845093, -92.8475799561, 34.1320304871, 224.664230347, 45.6548652649, -47.0233345032, -65.8206100464, -27.974811554, 20.2065372467, -36.5474510193, -26.1885795593, 11.034116745, -17.5844421387], [-114.155822754, -26.6720752716, -17.8925933838, 45.6548652649, 153.497329712, -13.7681293488, -71.5875473022, 5.93447542191, 9.06536483765, -6.14257621765, -14.4417190552, 9.83784866333, 3.35795640945], [-159.227203369, -60.502204895, 54.4710769653, -47.0233345032, -13.7681293488, 134.31187439, 95.5343933105, 4.26530313492, -12.299120903, 12.6601076126, 18.220161438, -23.3503551483, -4.73499584198], [-91.5350341797, -27.4048519135, 33.5688819885, -65.8206100464, -71.5875473022, 95.5343933105, 170.317840576, 35.3627433777, -30.8859462738, 10.5145759583, 17.1399898529, -25.2463111877, -9.23737049103], [-136.569656372, -12.675994873, 22.4395999908, -27.974811554, 5.93447542191, 4.26530313492, 35.3627433777, 79.7911834717, 19.3551177979, 0.567216396332, -0.108796961606, -3.55596113205, 7.9080619812], [-8.92248344421, -41.0039863586, -10.5420179367, 20.2065372467, 9.06536483765, -12.299120903, -30.8859462738, 19.3551177979, 88.9140930176, 30.6699619293, -5.00067043304, -1.22431635857, -5.50533246994], [-60.8767051697, -12.8156633377, -7.07633876801, -36.5474510193, -6.14257621765, 12.6601076126, 10.5145759583, 0.567216396332, 30.6699619293, 80.6843032837, 32.192905426, -8.47178077698, -6.84505271912], [-72.3081207275, -27.2105102539, 23.1844501495, -26.1885795593, -14.4417190552, 18.220161438, 17.1399898529, -0.108796961606, -5.00067043304, 32.192905426, 73.6259841919, 28.0043544769, 1.12371945381], [11.8752098083, -15.2167816162, -4.67521572113, 11.034116745, 9.83784866333, -23.3503551483, -25.2463111877, -3.55596113205, -1.22431635857, -8.47178077698, 28.0043544769, 78.1195602417, 27.6547241211], [-121.377456665, 1.90100777149, 33.3644523621, -17.5844421387, 3.35795640945, -4.73499584198, -9.23737049103, 7.9080619812, -5.50533246994, -6.84505271912, 1.12371945381, 27.6547241211, 72.2179718018]],
