{
"lowlevel": {
    "average_loudness": 0.747796833515,
    "barkbands_crest": {
        "dmean": 2.81998753548,
        "dmean2": 4.49382162094,
        "dvar": 6.20999193192,
        "dvar2": 15.1110868454,
        "max": 26.7160987854,
        "mean": 12.0490093231,
        "median": 10.7670555115,
        "min": 2.38572764397,
        "var": 27.4508113861
    },
    "barkbands_flatness_db": {
        "dmean": 0.0224041938782,
        "dmean2": 0.0340465717018,
        "dvar": 0.000400611490477,
        "dvar2": 0.000891657720786,
        "max": 0.414145380259,
        "mean": 0.195201694965,
        "median": 0.189334616065,
        "min": 0.035685710609,
        "var": 0.00253803189844
    },
    "barkbands_kurtosis": {
        "dmean": 5.53977203369,
        "dmean2": 8.59773254395,
        "dvar": 221.246780396,
        "dvar2": 487.45211792,
        "max": 469.036437988,
        "mean": 10.379029274,
        "median": 3.01085281372,
        "min": -1.92276525497,
        "var": 696.425231934
    },
    "barkbands_skewness": {
        "dmean": 0.605931043625,
        "dmean2": 0.914369642735,
        "dvar": 0.548995137215,
        "dvar2": 1.20454478264,
        "max": 18.620010376,
        "mean": 1.78636407852,
        "median": 1.42823314667,
        "min": -2.33757662773,
        "var": 3.84461355209
    },
    "barkbands_spread": {
        "dmean": 3.19496750832,
        "dmean2": 4.79795742035,
        "dvar": 20.168806076,
        "dvar2": 39.1001472473,
        "max": 91.6326675415,
        "mean": 11.6302623749,
        "median": 9.98060417175,
        "min": 0.247001260519,
        "var": 79.8629226685
    },
    "dissonance": {
        "dmean": 0.0265670232475,
        "dmean2": 0.0445505231619,
        "dvar": 0.00057989556808,
        "dvar2": 0.00162305077538,
        "max": 0.500000238419,
        "mean": 0.44722160697,
        "median": 0.454793035984,
        "min": 0.208215728402,
        "var": 0.00128012511414
    },
    "dynamic_complexity": 3.89734363556,
    "erbbands_crest": {
        "dmean": 2.97732901573,
        "dmean2": 4.7796869278,
        "dvar": 7.26003885269,
        "dvar2": 17.6846790314,
        "max": 31.5674133301,
        "mean": 11.2374591827,
        "median": 9.99660873413,
        "min": 2.73655581474,
        "var": 27.3650188446
    },
    "erbbands_flatness_db": {
        "dmean": 0.0182944107801,
        "dmean2": 0.0254192464054,
        "dvar": 0.000256529514445,
        "dvar2": 0.000471475534141,
        "max": 0.38167783618,
        "mean": 0.221334218979,
        "median": 0.221020385623,
        "min": 0.0745619013906,
        "var": 0.00251521891914
    },
    "erbbands_kurtosis": {
        "dmean": 1.54290521145,
        "dmean2": 2.39843273163,
        "dvar": 6.94436502457,
        "dvar2": 15.7568006516,
        "max": 60.4787368774,
        "mean": 2.01983332634,
        "median": 0.749068498611,
        "min": -1.86603665352,
        "var": 21.5956001282
    },
    "erbbands_skewness": {
        "dmean": 0.419881641865,
        "dmean2": 0.640102565289,
        "dvar": 0.159118801355,
        "dvar2": 0.350023150444,
        "max": 7.01615095139,
        "mean": 0.849020302296,
        "median": 0.713144123554,
        "min": -2.670129776,
        "var": 0.961952447891
    },
    "erbbands_spread": {
        "dmean": 5.38132286072,
        "dmean2": 7.95040464401,
        "dvar": 47.9299278259,
        "dvar2": 99.2789993286,
        "max": 138.837661743,
        "mean": 24.7418212891,
        "median": 22.6388835907,
        "min": 1.90841662884,
        "var": 214.138549805
    },
    "hfc": {
        "dmean": 4.38022708893,
        "dmean2": 6.2181634903,
        "dvar": 36.3037796021,
        "dvar2": 72.057510376,
        "max": 122.357933044,
        "mean": 16.2465209961,
        "median": 9.97164916992,
        "min": 1.20629058983e-16,
        "var": 275.495941162
    },
    "melbands_crest": {
        "dmean": 3.24361991882,
        "dmean2": 5.20840072632,
        "dvar": 8.02971553802,
        "dvar2": 19.9867801666,
        "max": 33.3706626892,
        "mean": 14.0234775543,
        "median": 12.8668117523,
        "min": 1.7109875679,
        "var": 34.4919471741
    },
    "melbands_flatness_db": {
        "dmean": 0.0237431507558,
        "dmean2": 0.0351914353669,
        "dvar": 0.000516241008881,
        "dvar2": 0.00110616569873,
        "max": 0.496483266354,
        "mean": 0.229293733835,
        "median": 0.221376851201,
        "min": 0.0058676013723,
        "var": 0.00402118591592
    },
    "melbands_kurtosis": {
        "dmean": 7.24856090546,
        "dmean2": 11.2999658585,
        "dvar": 226.643966675,
        "dvar2": 520.936645508,
        "max": 343.362365723,
        "mean": 15.0991611481,
        "median": 5.85546875,
        "min": -1.78621983528,
        "var": 805.307983398
    },
    "melbands_skewness": {
        "dmean": 0.653041899204,
        "dmean2": 0.982653021812,
        "dvar": 0.534067988396,
        "dvar2": 1.22575378418,
        "max": 13.9270095825,
        "mean": 2.18895339966,
        "median": 1.88107407093,
        "min": -1.9141805172,
        "var": 3.82812452316
    },
    "melbands_spread": {
        "dmean": 4.49033164978,
        "dmean2": 6.80164146423,
        "dvar": 52.1027755737,
        "dvar2": 108.251808167,
        "max": 221.800064087,
        "mean": 15.7727632523,
        "median": 13.3063745499,
        "min": 0.429477453232,
        "var": 168.685287476
    },
    "pitch_salience": {
        "dmean": 0.0733518823981,
        "dmean2": 0.116850398481,
        "dvar": 0.00400080438703,
        "dvar2": 0.00994701031595,
        "max": 0.975124537945,
        "mean": 0.552316188812,
        "median": 0.57031083107,
        "min": 0.0703240483999,
        "var": 0.0164477843791
    },
    "silence_rate_20dB": {
        "dmean": 0,
        "dmean2": 0,
        "dvar": 0,
        "dvar2": 0,
        "max": 1,
        "mean": 1,
        "median": 1,
        "min": 1,
        "var": 0
    },
    "silence_rate_30dB": {
        "dmean": 0.00285269715823,
        "dmean2": 0.00570613425225,
        "dvar": 0.00284450710751,
        "dvar2": 0.00671205716208,
        "max": 1,
        "mean": 0.996758699417,
        "median": 1,
        "min": 0,
        "var": 0.00323132239282
    },
    "silence_rate_60dB": {
        "dmean": 0.0308609958738,
        "dmean2": 0.0617299973965,
        "dvar": 0.0299058910459,
        "dvar2": 0.0682951286435,
        "max": 1,
        "mean": 0.0916634276509,
        "median": 0,
        "min": 0,
        "var": 0.0832661092281
    },
    "spectral_centroid": {
        "dmean": 149.91998291,
        "dmean2": 228.58215332,
        "dvar": 45029.5273438,
        "dvar2": 86421.3515625,
        "max": 11148.7451172,
        "mean": 921.757568359,
        "median": 855.485473633,
        "min": 192.010681152,
        "var": 248787.28125
    },
    "spectral_complexity": {
        "dmean": 2.49688792229,
        "dmean2": 3.84191417694,
        "dvar": 5.52329540253,
        "dvar2": 11.3011083603,
        "max": 49,
        "mean": 14.7626085281,
        "median": 13,
        "min": 0,
        "var": 62.937171936
    },
    "spectral_decrease": {
        "dmean": 1.72303049606e-09,
        "dmean2": 2.49503639971e-09,
        "dvar": 5.19741732541e-18,
        "dvar2": 1.0335750794e-17,
        "max": 6.04870076879e-29,
        "mean": -5.4590727494e-09,
        "median": -4.25964818973e-09,
        "min": -4.19779944139e-08,
        "var": 2.27383744759e-17
    },
    "spectral_energy": {
        "dmean": 0.00685616768897,
        "dmean2": 0.00991438515484,
        "dvar": 8.09338525869e-05,
        "dvar2": 0.000161020987434,
        "max": 0.161828070879,
        "mean": 0.0220774337649,
        "median": 0.0171118043363,
        "min": 1.07812693478e-20,
        "var": 0.000367795233615
    },
    "spectral_energyband_high": {
        "dmean": 6.32980954833e-05,
        "dmean2": 8.73633180163e-05,
        "dvar": 3.56315830174e-08,
        "dvar2": 6.56616805372e-08,
        "max": 0.00796593539417,
        "mean": 0.000151067011757,
        "median": 5.93453005422e-05,
        "min": 7.72236998289e-21,
        "var": 1.0954767049e-07
    },
    "spectral_energyband_low": {
        "dmean": 0.000849052332342,
        "dmean2": 0.00119953602552,
        "dvar": 2.19257867684e-06,
        "dvar2": 4.06932622354e-06,
        "max": 0.0214651245624,
        "mean": 0.00126832164824,
        "median": 0.000433226174209,
        "min": 2.20865812669e-23,
        "var": 4.1161451918e-06
    },
    "spectral_energyband_middle_high": {
        "dmean": 0.00217844196595,
        "dmean2": 0.00323127163574,
        "dvar": 1.77981764864e-05,
        "dvar2": 3.93878326577e-05,
        "max": 0.100224688649,
        "mean": 0.0070382473059,
        "median": 0.001850719098,
        "min": 1.47905537982e-21,
        "var": 0.000117187846627
    },
    "spectral_energyband_middle_low": {
        "dmean": 0.00552926538512,
        "dmean2": 0.00823969393969,
        "dvar": 6.83894759277e-05,
        "dvar2": 0.000140314237797,
        "max": 0.159352421761,
        "mean": 0.0139920394868,
        "median": 0.00916700903326,
        "min": 2.33681804708e-22,
        "var": 0.000235765837715
    },
    "spectral_entropy": {
        "dmean": 0.169490695,
        "dmean2": 0.250453710556,
        "dvar": 0.0302153974771,
        "dvar2": 0.0605175346136,
        "max": 9.81273174286,
        "mean": 7.15736532211,
        "median": 7.20691490173,
        "min": 4.95830583572,
        "var": 0.204024448991
    },
    "spectral_flux": {
        "dmean": 0.0215122662485,
        "dmean2": 0.0339711606503,
        "dvar": 0.000548142066691,
        "dvar2": 0.00126955215819,
        "max": 0.3313382864,
        "mean": 0.0728244259953,
        "median": 0.0658781528473,
        "min": 6.35527117043e-11,
        "var": 0.00171192770358
    },
    "spectral_kurtosis": {
        "dmean": 2.77710676193,
        "dmean2": 4.7845788002,
        "dvar": 6.35370349884,
        "dvar2": 18.8981304169,
        "max": 35.1986503601,
        "mean": 7.28338336945,
        "median": 6.63905620575,
        "min": -1.16987895966,
        "var": 16.3873004913
    },
    "spectral_rms": {
        "dmean": 0.000694937538356,
        "dmean2": 0.000983024598099,
        "dvar": 5.30755812633e-07,
        "dvar2": 9.8691907624e-07,
        "max": 0.0125650726259,
        "mean": 0.00419983034953,
        "median": 0.00408588349819,
        "min": 3.2431945584e-12,
        "var": 3.90042987419e-06
    },
    "spectral_rolloff": {
        "dmean": 268.219299316,
        "dmean2": 441.591796875,
        "dvar": 424152.625,
        "dvar2": 871022,
        "max": 19035.3515625,
        "mean": 1114.88476562,
        "median": 882.861328125,
        "min": 107.666015625,
        "var": 1113277.75
    },
    "spectral_skewness": {
        "dmean": 0.295021295547,
        "dmean2": 0.484905898571,
        "dvar": 0.0615659803152,
        "dvar2": 0.164962679148,
        "max": 4.94176435471,
        "mean": 1.96244800091,
        "median": 1.92450106144,
        "min": -0.0126409428194,
        "var": 0.310891062021
    },
    "spectral_spread": {
        "dmean": 371722.78125,
        "dmean2": 541331.75,
        "dvar": 421182472192,
        "dvar2": 904965455872,
        "max": 40676292,
        "mean": 3402145,
        "median": 3062008.25,
        "min": 1822153.125,
        "var": 2.10987358618e+12
    },
    "spectral_strongpeak": {
        "dmean": 0.655480206013,
        "dmean2": 1.04490053654,
        "dvar": 0.830504536629,
        "dvar2": 2.04469370842,
        "max": 13.545542717,
        "mean": 1.56624746323,
        "median": 0.935063779354,
        "min": 6.95031809883e-10,
        "var": 2.90593338013
    },
    "zerocrossingrate": {
        "dmean": 0.00618791393936,
        "dmean2": 0.00727159762755,
        "dvar": 0.000105502360384,
        "dvar2": 0.000109125561721,
        "max": 0.5478515625,
        "mean": 0.0437801480293,
        "median": 0.04052734375,
        "min": 0.0078125,
        "var": 0.000796824519057
    },
    "barkbands": {
        "dmean": [8.38356572785e-06, 0.000623835658189, 0.00027346398565, 0.000409576925449, 0.00271227979101, 0.00162997981533, 0.00085565331392, 0.000481628900161, 0.00159906793851, 0.00089491927065, 0.000980618409812, 0.0004840172478, 0.000312429619953, 0.000608884904068, 0.000270500400802, 0.000173577427631, 0.00015605938097, 0.000100267185189, 4.38930874225e-05, 4.27406739618e-05, 1.72350901266e-05, 1.2461841834e-05, 1.23086674648e-05, 1.07228815978e-05, 7.49195760363e-06, 3.99412556362e-07, 1.02786479328e-09],
        "dmean2": [1.41745413202e-05, 0.000890437338967, 0.000458866386907, 0.00064606347587, 0.00414311373606, 0.00249380269088, 0.00130218861159, 0.000765199132729, 0.0024769124575, 0.00137607811484, 0.00158897531219, 0.000734571076464, 0.000489845057018, 0.000912299205083, 0.000422013981733, 0.000277006387478, 0.000246391602559, 0.000158067588927, 6.86988641974e-05, 6.44087049295e-05, 2.65147737082e-05, 1.83965403266e-05, 1.82838502951e-05, 1.50954219862e-05, 1.03136362668e-05, 5.82416760153e-07, 1.85704029931e-09],
        "dvar": [2.7996926999e-10, 1.68722976923e-06, 2.85941951006e-07, 1.67419659647e-06, 4.23973469879e-05, 1.19690384963e-05, 4.78932906844e-06, 1.93402570403e-06, 1.73264234036e-05, 7.26197640688e-06, 7.45674378777e-06, 1.96366499949e-06, 5.417596185e-07, 2.54544147538e-06, 5.79421566727e-07, 2.25081635108e-07, 1.2466257715e-07, 4.68502570072e-08, 7.73532349285e-09, 7.24827309284e-09, 1.8599947138e-09, 2.68021294048e-09, 3.55546880826e-09, 4.09695699588e-09, 1.87249393768e-09, 2.6113651172e-12, 3.82758902566e-17],
        "dvar2": [7.23579030026e-10, 3.09641291096e-06, 7.55367580041e-07, 3.77861601919e-06, 9.01340754353e-05, 2.63922265731e-05, 1.0122376807e-05, 4.58319982499e-06, 3.96033428842e-05, 1.63215354405e-05, 1.95082138816e-05, 3.95277129428e-06, 1.23066615743e-06, 5.4695910876e-06, 1.33409389491e-06, 5.33639706646e-07, 2.90382558887e-07, 1.11408759551e-07, 1.8120482892e-08, 1.55783865807e-08, 3.88487642056e-09, 5.92445692504e-09, 8.23719137344e-09, 7.95540877618e-09, 3.78809161816e-09, 5.05689587427e-12, 9.70720734854e-17],
        "max": [0.000329826056259, 0.0198571365327, 0.00625285413116, 0.0427802503109, 0.150912389159, 0.084346100688, 0.0916279777884, 0.04053427279, 0.0881177932024, 0.0609882958233, 0.0598566941917, 0.0487266182899, 0.0196812339127, 0.0391646809876, 0.0199380852282, 0.00819128751755, 0.00862395670265, 0.00436025811359, 0.00279071950354, 0.00209751934744, 0.00186328799464, 0.0032406069804, 0.00229229847901, 0.00296841142699, 0.00163630244788, 6.29614514764e-05, 3.74591024865e-07],
        "mean": [8.57360828377e-06, 0.00077829597285, 0.000300913787214, 0.000576713413466, 0.00505760265514, 0.00308924121782, 0.00140056514647, 0.00070679478813, 0.00270797358826, 0.00160076702014, 0.00158105487935, 0.000952182337642, 0.000523324648384, 0.00126012810506, 0.000466377096018, 0.000282040680759, 0.000300908548525, 0.00019243209681, 8.70094154379e-05, 9.13508338272e-05, 3.43702376995e-05, 2.51223318628e-05, 2.30206715059e-05, 1.83161191671e-05, 1.17028621389e-05, 6.3687838292e-07, 8.39340708048e-10],
        "median": [3.00472129311e-06, 0.000138811126817, 0.000100230638054, 0.00014234779519, 0.00134558812715, 0.00123382674064, 0.000591736345086, 0.000231131329201, 0.000630422553513, 0.000227352807997, 0.0001629027538, 0.000168988844962, 0.000139141877298, 0.000125609090901, 9.85874212347e-05, 8.55470716488e-05, 8.1454134488e-05, 6.76285344525e-05, 3.48579706042e-05, 3.23161439155e-05, 1.20103904919e-05, 8.83666416485e-06, 9.01735620573e-06, 4.36537220594e-06, 1.89199306533e-06, 1.47530414552e-07, 3.08846448416e-10],
        "min": [2.69463387576e-24, 1.13491075517e-23, 4.11436400461e-24, 1.0882526303e-23, 5.5315545141e-23, 2.00037881065e-23, 1.63965054695e-23, 6.8578581499e-24, 3.24269857898e-23, 6.12022902731e-23, 5.60227045112e-24, 3.85699655656e-23, 1.08724684842e-22, 9.08129669006e-23, 1.24721913098e-22, 1.46270424963e-22, 1.23214040187e-22, 1.24559672809e-22, 2.57077601621e-22, 3.79723560982e-22, 2.80886206291e-22, 3.84478713545e-22, 5.78909248233e-22, 8.20432961427e-22, 1.07758864134e-21, 1.75214705977e-21, 2.31758236179e-21],
        "var": [2.86708851105e-10, 2.62610114987e-06, 2.82201227719e-07, 3.05794719679e-06, 0.000128523432068, 2.96590733342e-05, 8.55986763781e-06, 2.81724373963e-06, 4.26600636274e-05, 2.11699516512e-05, 1.58344937518e-05, 5.9637236518e-06, 1.2283938986e-06, 9.95389655145e-06, 1.41249688568e-06, 3.68415442153e-07, 3.47821185187e-07, 1.00032579553e-07, 1.96862899315e-08, 1.9492791381e-08, 5.26789145638e-09, 6.88294887752e-09, 5.43813527543e-09, 8.23239165726e-09, 3.69204800066e-09, 5.31824280794e-12, 1.9847671057e-17]
    },
    "erbbands": {
        "dmean": [0.0126711456105, 0.162916496396, 0.328322947025, 0.741109371185, 4.99498319626, 11.8575086594, 8.7368555069, 15.0931863785, 12.327009201, 12.121805191, 13.2642726898, 34.0334625244, 34.3442764282, 24.7439880371, 33.8197937012, 16.5498161316, 13.0901594162, 22.7191352844, 21.0144100189, 11.8073835373, 8.21938991547, 8.4526386261, 5.62790679932, 2.76378893852, 2.22904014587, 1.87591588497, 0.927829444408, 0.536639213562, 0.419520169497, 0.467485368252, 0.315793037415, 0.23461727798, 0.173994958401, 0.107923522592, 0.0419686362147, 0.00520333787426, 0.000268957635853, 1.01817886389e-05, 3.90412878915e-06, 7.87834051152e-06],
        "dmean2": [0.0171064287424, 0.233245715499, 0.531836152077, 1.18621623516, 7.64922237396, 18.3544006348, 13.3844766617, 23.1979560852, 18.8752422333, 18.6880607605, 20.5859012604, 53.3401947021, 51.0626792908, 39.417224884, 53.6075935364, 24.785736084, 20.3129138947, 33.4317550659, 32.559135437, 18.4629936218, 12.770072937, 13.2250127792, 8.70345020294, 4.27671194077, 3.37754201889, 2.82370615005, 1.43736994267, 0.810846924782, 0.612097024918, 0.689455866814, 0.467100948095, 0.327022403479, 0.248827904463, 0.154897034168, 0.0564249865711, 0.0070386393927, 0.000378295022529, 1.39388312164e-05, 5.54961252419e-06, 1.13531159514e-05],
        "dvar": [0.000690249493346, 0.114085756242, 0.421234220266, 3.32053232193, 202.853820801, 890.834594727, 276.30557251, 1296.9432373, 760.879089355, 1330.96020508, 1331.1940918, 8928.83496094, 11196.2402344, 5002.45507812, 8309.40429688, 2572.1003418, 788.296020508, 4607.61474609, 3191.26611328, 992.766967773, 509.672485352, 402.357269287, 137.152496338, 28.117931366, 21.4908409119, 12.9287080765, 4.43350553513, 2.28428506851, 3.12036108971, 4.93261480331, 2.39863371849, 1.36486446857, 1.26003563404, 0.518373787403, 0.0465041734278, 0.000489766534884, 5.89825390307e-07, 1.03562447507e-09, 2.98844456126e-11, 1.02174969874e-10],
        "dvar2": [0.00116818491369, 0.219395533204, 1.03175973892, 7.77636051178, 416.208465576, 1926.29846191, 610.161437988, 2900.79638672, 1682.1328125, 2910.05419922, 3090.24609375, 21378.4179688, 24566.0507812, 12681.2158203, 20434.6484375, 4951.47558594, 1814.00366211, 9279.15917969, 7607.51611328, 2361.94775391, 1178.83093262, 921.641235352, 310.241210938, 61.0347595215, 44.4777374268, 27.9079399109, 10.0192832947, 4.75942134857, 7.4670124054, 10.6115255356, 5.66180229187, 2.46202731133, 2.57777452469, 1.21112859249, 0.0774208158255, 0.00086938397726, 1.10373889584e-06, 1.75728098739e-09, 5.7748111848e-11, 2.04859393338e-10],
        "max": [0.376962155104, 5.12600374222, 9.48267650604, 61.7594985962, 417.418365479, 786.065856934, 406.48916626, 892.666687012, 638.119262695, 1596.09301758, 927.38671875, 2430.97802734, 2619.23095703, 2733.20483398, 2194.05932617, 2211.02612305, 698.328186035, 1673.91271973, 1836.43005371, 819.985168457, 479.581420898, 476.705993652, 280.649353027, 113.642349243, 164.939666748, 96.1631088257, 83.1294174194, 74.1032943726, 117.114120483, 137.937164307, 63.2207298279, 49.261428833, 49.1596031189, 31.5059223175, 8.73416233063, 0.946185708046, 0.0260141007602, 0.00120468321256, 0.000154959270731, 0.000177418070962],
        "mean": [0.0155187901109, 0.197742789984, 0.390245378017, 1.18454122543, 8.61852359772, 20.8448505402, 17.6873054504, 27.2653064728, 20.6822223663, 19.5058097839, 21.8432331085, 55.9500198364, 65.2715530396, 46.4174766541, 60.708656311, 35.5158920288, 27.3269119263, 43.8355255127, 48.6306838989, 22.5757789612, 14.9152946472, 16.9811439514, 11.9381380081, 6.14196538925, 4.84104442596, 4.20330667496, 1.95680487156, 1.04899382591, 0.834667801857, 0.917759656906, 0.596119225025, 0.421219885349, 0.278199821711, 0.160391002893, 0.0672560483217, 0.00848597660661, 0.000492251943797, 2.08363726415e-05, 1.31809192681e-05, 2.61040113401e-05],
        "median": [0.00292495265603, 0.0362968966365, 0.138036325574, 0.407984495163, 1.7278894186, 5.2638168335, 8.43793582916, 10.455078125, 8.64312171936, 7.54653644562, 8.00554466248, 14.0505990982, 10.2120952606, 9.19160079956, 8.4300069809, 7.13972425461, 7.49703216553, 6.24138975143, 6.25920581818, 6.04239082336, 4.68943071365, 4.75921106339, 4.25770187378, 2.54811811447, 1.80167543888, 1.54410099983, 0.724441409111, 0.36893504858, 0.288931936026, 0.334614217281, 0.233597531915, 0.118875429034, 0.0549251511693, 0.0232422165573, 0.0126945171505, 0.00291513791308, 0.000104935206764, 9.21206083149e-06, 1.02959256765e-05, 2.04812095035e-05],
        "min": [1.85836721852e-22, 3.19630626236e-21, 6.78982562423e-21, 2.06539954995e-20, 9.09345819891e-20, 1.92901245958e-19, 1.72159537002e-19, 1.23347014519e-19, 2.14206678502e-19, 4.1770697739e-19, 2.82300923235e-19, 8.10841985998e-19, 1.55908087529e-18, 2.23484948883e-18, 5.22991508033e-19, 1.96127211573e-18, 3.78631047971e-18, 6.90541335502e-18, 6.43269990087e-18, 5.4188018766e-18, 7.8251989051e-18, 6.87594545929e-18, 6.77761064166e-18, 1.20268322209e-17, 1.29742303006e-17, 1.66404006545e-17, 1.50347107367e-17, 9.00745837612e-18, 1.40989676318e-17, 1.12262620086e-17, 1.71186417431e-17, 1.53896506288e-17, 1.27184346223e-17, 9.70104683821e-18, 7.1607305093e-18, 5.34196341514e-18, 3.63106811748e-18, 1.23123569772e-18, 3.30358126421e-19, 3.48046873295e-20],
        "var": [0.00110842369031, 0.169508099556, 0.456208765507, 7.34107637405, 601.831604004, 2623.33886719, 798.302368164, 2811.39379883, 1480.59887695, 2075.47119141, 2196.42089844, 18094.4316406, 33314.0078125, 11161.6425781, 20283.3808594, 7420.33886719, 2617.72729492, 11808.4511719, 14713.4697266, 2219.67626953, 979.223205566, 1125.95373535, 363.774353027, 80.7439041138, 63.3449287415, 38.3390083313, 11.5805006027, 6.84939432144, 7.37058877945, 9.66144275665, 3.65195798874, 3.19619989395, 2.28119373322, 0.788373112679, 0.111669383943, 0.00112928636372, 1.41413738675e-06, 2.66083888256e-09, 1.30763316841e-10, 4.94886465141e-10]
    },
    "gfcc": {
        "mean": [-58.3053627014, 131.361328125, -149.546310425, 20.4774036407, -72.8265838623, 3.89636301994, -45.2108840942, -2.19022512436, -20.1415710449, -11.8933944702, -3.71028828621, -8.86209392548, 3.13821768761],
        "cov": [[3921.58666992, 363.618652344, -1327.30981445, 174.881225586, -95.979850769, 129.244247437, 279.45526123, -118.721229553, 368.221984863, -230.362731934, 348.139953613, -215.176269531, 208.090438843], [363.618652344, 675.551330566, -252.092803955, 5.86487388611, 115.089820862, -138.08807373, 164.913070679, -153.960006714, 183.365631104, -154.973098755, 140.962219238, -95.8453826904, 46.0563659668], [-1327.30981445, -252.092803955, 1505.25195312, 169.583999634, 30.8149051666, 61.2085494995, -349.409484863, 199.582244873, -386.282897949, 231.596893311, -342.593078613, 135.423370361, -144.080917358], [174.881225586, 5.86487388611, 169.583999634, 373.655670166, 50.4112586975, 2.18796491623, -25.9617271423, -3.19207167625, 40.453792572, -22.9221782684, -16.3672504425, -20.464548111, 8.44987201691], [-95.979850769, 115.089820862, 30.8149051666, 50.4112586975, 196.545623779, 39.2823295593, 43.5607681274, 12.8860559464, 3.20128321648, 12.6771430969, 0.804435372353, 12.3448610306, -10.3076334], [129.244247437, -138.08807373, 61.2085494995, 2.18796491623, 39.2823295593, 275.356445312, 78.9796905518, 77.1355133057, -51.0729370117, 73.8291320801, -3.90837073326, 7.10142230988, -15.5595760345], [279.45526123, 164.913070679, -349.409484863, -25.9617271423, 43.5607681274, 78.9796905518, 273.882049561, -38.1825675964, 139.127334595, -62.238697052, 113.111022949, -38.7810935974, 17.7946186066], [-118.721229553, -153.960006714, 199.582244873, -3.19207167625, 12.8860559464, 77.1355133057, -38.1825675964, 217.409622192, -40.4270896912, 126.858230591, -59.450428009, 57.350402832, -10.3810310364], [368.221984863, 183.365631104, -386.282897949, 40.453792572, 3.20128321648, -51.0729370117, 139.127334595, -40.4270896912, 255.014907837, -69.2742767334, 131.622848511, -49.8644599915, 56.6517066956], [-230.362731934, -154.973098755, 231.596893311, -22.9221782684, 12.6771430969, 73.8291320801, -62.238697052, 126.858230591, -69.2742767334, 202.126358032, -37.9420166016, 75.6466674805, -34.8138313293], [348.139953613, 140.962219238, -342.593078613, -16.3672504425, 0.804435372353, -3.90837073326, 113.111022949, -59.450428009, 131.622848511, -37.9420166016, 199.939041138, -5.00786590576, 55.7160301208], [-215.176269531, -95.8453826904, 135.423370361, -20.464548111, 12.3448610306, 7.10142230988, -38.7810935974, 57.350402832, -49.8644599915, 75.6466674805, -5.00786590576, 111.717353821, 5.16144275665], [208.090438843, 46.0563659668, -144.080917358, 8.44987201691, -10.3076334, -15.5595760345, 17.7946186066, -10.3810310364, 56.6517066956, -34.8138313293, 55.7160301208, 5.16144275665, 96.5650558472]],
        "icov": [[0.00058046344202, -0.000689908047207, 0.000803053961135, -0.000720909039956, 0.000797845423222, -0.000896481098607, 0.000640151032712, -0.000464766606456, 0.000384123937692, 3.7127347241e-06, 6.16431207163e-05, 2.88200408249e-05, -0.000148854567669], [-0.000689908047207, 0.0052669714205, -0.00258831121027, 0.00207048421726, -0.00406707124785, 0.00387739343569, -0.00310460338369, 0.00162359373644, -0.00156909332145, 0.000518945162185, -0.0027604510542, 0.00389867299236, -0.00163921085186], [0.000803053961135, -0.00258831121027, 0.00367213971913, -0.00247544981539, 0.00220874813385, -0.00231390632689, 0.00250318343751, -0.00137843727134, 0.00222625536844, -0.00075426249532, 0.00253102229908, -0.0025528667029, 0.00155119935516], [-0.000720909039956, 0.00207048421726, -0.00247544981539, 0.00490215839818, -0.00280284741893, 0.00118673872203, -0.000523005612195, 0.00116900738794, -0.00291944015771, 0.00101593788713, -0.00095621222863, 0.00174708489794, -0.000905057648197], [0.000797845423222, -0.00406707124785, 0.00220874813385, -0.00280284741893, 0.0090980026871, -0.0034565012902, 0.00106647168286, -0.00133957865182, 0.00154652073979, -0.000544983951841, 0.00225653802045, -0.00378606608137, 0.00163160881493], [-0.000896481098607, 0.00387739343569, -0.00231390632689, 0.00118673872203, -0.0034565012902, 0.00963685195893, -0.00631791632622, -0.000319200888043, 0.00235891551711, -0.00217318395153, -0.00262454547919, 0.00486472574994, -0.00207313080318], [0.000640151032712, -0.00310460338369, 0.00250318343751, -0.000523005612195, 0.00106647168286, -0.00631791632622, 0.0108852311969, -0.00102906872053, -0.00298474845476, 0.0024410742335, 7.03535770299e-05, -0.00311917578802, 0.00361848273315], [-0.000464766606456, 0.00162359373644, -0.00137843727134, 0.00116900738794, -0.00133957865182, -0.000319200888043, -0.00102906872053, 0.00953273568302, -0.00287511548959, -0.00421390449628, 0.00247596553527, -0.00092058815062, -0.00212366855703], [0.000384123937692, -0.00156909332145, 0.00222625536844, -0.00291944015771, 0.00154652073979, 0.00235891551711, -0.00298474845476, -0.00287511548959, 0.0117803066969, -0.00138543685898, -0.00257693277672, 0.00244170799851, -0.00177039811388], [3.7127347241e-06, 0.000518945162185, -0.00075426249532, 0.00101593788713, -0.000544983951841, -0.00217318395153, 0.0024410742335, -0.00421390449628, -0.00138543685898, 0.0118799135089, -0.00226563517936, -0.00418004766107, 0.00384542089887], [6.16431207163e-05, -0.0027604510542, 0.00253102229908, -0.00095621222863, 0.00225653802045, -0.00262454547919, 7.03535770299e-05, 0.00247596553527, -0.00257693277672, -0.00226563517936, 0.0132885230705, -0.0057707875967, -0.0015487089986], [2.88200408249e-05, 0.00389867299236, -0.0025528667029, 0.00174708489794, -0.00378606608137, 0.00486472574994, -0.00311917578802, -0.00092058815062, 0.00244170799851, -0.00418004766107, -0.0057707875967, 0.0191882308573, -0.00566339772195], [-0.000148854567669, -0.00163921085186, 0.00155119935516, -0.000905057648197, 0.00163160881493, -0.00207313080318, 0.00361848273315, -0.00212366855703, -0.00177039811388, 0.00384542089887, -0.0015487089986, -0.00566339772195, 0.0164182782173]]
    },
    "melbands": {
        "dmean": [0.000147269369336, 0.000181692594197, 0.000205076445127, 0.000658857752569, 0.000337177916663, 0.000327815214405, 0.000183905867743, 0.000125356775243, 0.00013348434004, 0.000223098671995, 0.000174168802914, 0.00010231565102, 0.00013871176634, 5.73655597691e-05, 4.02865516662e-05, 2.9658935091e-05, 4.80354210595e-05, 4.18487907154e-05, 2.03168237931e-05, 1.3148565813e-05, 1.00495244624e-05, 9.14827523957e-06, 8.39480071591e-06, 4.84118254462e-06, 2.22779476644e-06, 1.80803976946e-06, 1.89626075553e-06, 1.27612327105e-06, 7.10237429757e-07, 3.74296661221e-07, 3.29990712089e-07, 2.44834808427e-07, 2.69313687795e-07, 2.80256699625e-07, 2.02296462248e-07, 1.63409055176e-07, 1.48349826645e-07, 1.41540638765e-07, 9.81636389952e-08, 9.65318065482e-08],
        "dmean2": [0.000204891664907, 0.000274332560366, 0.000322389794746, 0.00100778252818, 0.000518117158208, 0.000501735368744, 0.000280666223262, 0.000193953179405, 0.000208944678889, 0.000348619912984, 0.000259636668488, 0.000162281343364, 0.000224050032557, 8.49939970067e-05, 6.12345029367e-05, 4.6676977945e-05, 7.03073092154e-05, 6.48627901683e-05, 3.18080019497e-05, 2.10637572309e-05, 1.55122306751e-05, 1.45558196891e-05, 1.29487198137e-05, 7.75093758421e-06, 3.52573715645e-06, 2.84748534796e-06, 2.88804335469e-06, 1.96552218767e-06, 1.12421548693e-06, 5.73066358811e-07, 5.12796077601e-07, 3.74411825987e-07, 4.02787634357e-07, 4.20154435687e-07, 3.04912333604e-07, 2.45113426445e-07, 2.11358781144e-07, 2.06335840858e-07, 1.42659629887e-07, 1.41906895124e-07],
        "dvar": [9.39813844525e-08, 1.22686884652e-07, 3.05972633896e-07, 2.75607612821e-06, 4.28488817761e-07, 5.59623401841e-07, 1.72630109319e-07, 1.26126934674e-07, 1.3798432974e-07, 3.6950342519e-07, 2.83093157805e-07, 8.31458848438e-08, 1.41683273114e-07, 3.24541780117e-08, 1.08822515443e-08, 4.87484541623e-09, 2.08767243493e-08, 1.47437182463e-08, 3.79865428002e-09, 1.31690314209e-09, 8.61398397056e-10, 5.39465749849e-10, 3.70814767781e-10, 1.08989414715e-10, 1.9425596548e-11, 1.57980416943e-11, 1.75915323974e-11, 6.10020194081e-12, 2.33559981251e-12, 1.04741952958e-12, 9.82029344995e-13, 8.9146219703e-13, 1.61549278729e-12, 2.09830655455e-12, 1.04071341388e-12, 6.34437760574e-13, 6.61086365771e-13, 1.07929095348e-12, 3.27439030751e-13, 5.51894304996e-13],
        "dvar2": [1.57832417358e-07, 2.63973163328e-07, 6.43657529054e-07, 5.89312185184e-06, 9.096680742e-07, 1.2401976619e-06, 3.7099496808e-07, 2.82400549168e-07, 3.25332365492e-07, 8.81647622464e-07, 6.23769494723e-07, 2.02257282922e-07, 3.63604584663e-07, 6.46976019425e-08, 2.23176215286e-08, 1.16978675635e-08, 4.10073432988e-08, 3.50467601606e-08, 8.77005312816e-09, 3.10285508398e-09, 1.97204519381e-09, 1.25897614556e-09, 8.05387867509e-10, 2.65465260885e-10, 4.35181404801e-11, 3.7451458601e-11, 3.66324921786e-11, 1.39352748091e-11, 5.49095100985e-12, 2.15830196597e-12, 2.34677663587e-12, 2.18275332704e-12, 3.6566964734e-12, 4.71126002793e-12, 2.57000584009e-12, 1.38954342824e-12, 1.22496999523e-12, 2.34434086727e-12, 7.04844711243e-13, 1.38093128512e-12],
        "max": [0.00458676321432, 0.00483139138669, 0.0193510428071, 0.0419404655695, 0.0188187789172, 0.0189057067037, 0.0113808820024, 0.0139385377988, 0.010688573122, 0.0139471888542, 0.0130129177123, 0.0104242200032, 0.00664444081485, 0.00662017567083, 0.00401931162924, 0.00127375451848, 0.00371697172523, 0.00391951436177, 0.00220786686987, 0.000803206989076, 0.000725181074813, 0.000592518190388, 0.000395047973143, 0.000304980378132, 9.0361754701e-05, 0.000145540412632, 0.000104094520793, 5.86481983191e-05, 5.52754609089e-05, 4.32801134593e-05, 4.74280423077e-05, 6.15242752247e-05, 7.30423271307e-05, 9.10512826522e-05, 4.29306310252e-05, 3.45317494066e-05, 4.08786145272e-05, 5.01473332406e-05, 1.79820526682e-05, 3.77814685635e-05],
        "mean": [0.000186799123185, 0.000231141340919, 0.000350015092408, 0.00116085528862, 0.000699208758306, 0.000605305656791, 0.000307844515191, 0.000195734857698, 0.000212697588722, 0.00036711449502, 0.000326514826156, 0.000186414763448, 0.000231683065067, 0.000108228501631, 8.46242401167e-05, 5.06835858687e-05, 8.80919105839e-05, 9.42935803323e-05, 3.48824396497e-05, 2.19259654841e-05, 1.63271961355e-05, 1.70771927515e-05, 1.48777271534e-05, 9.2650334409e-06, 4.32974729847e-06, 3.50239020008e-06, 3.66107292393e-06, 2.5669171464e-06, 1.33683397507e-06, 7.29080682049e-07, 5.61444664982e-07, 4.53179438864e-07, 5.06452636273e-07, 5.07252764237e-07, 3.57713304311e-07, 2.79506195966e-07, 2.48601253361e-07, 2.10709103499e-07, 1.48889512275e-07, 1.32619831561e-07],
        "median": [3.41171689797e-05, 6.82406825945e-05, 9.55887662712e-05, 0.000264171598246, 0.000323896558257, 0.000240959256189, 0.000131997774588, 7.35712019377e-05, 6.59823417664e-05, 8.23655354907e-05, 4.29758038081e-05, 3.2675521652e-05, 2.6333018468e-05, 1.75878503796e-05, 1.78835198312e-05, 1.33114454002e-05, 1.03011961983e-05, 8.94267577678e-06, 7.67462097429e-06, 6.2906765379e-06, 4.35359879702e-06, 4.35777019447e-06, 4.38906090494e-06, 2.86894828605e-06, 1.79429412128e-06, 1.28197677896e-06, 1.21470941394e-06, 8.82128688318e-07, 4.65539073957e-07, 2.57052306551e-07, 1.81061508897e-07, 1.48946753598e-07, 1.66728369777e-07, 1.83228209494e-07, 1.37011156198e-07, 8.83668107576e-08, 6.26294749395e-08, 3.95193957559e-08, 2.38496227212e-08, 1.79713790516e-08],
        "min": [3.25810045706e-24, 3.787718003e-24, 7.45269871548e-24, 1.35838629327e-23, 7.32683674691e-24, 2.84595849941e-24, 3.02892255903e-24, 4.78699335519e-24, 2.69978119316e-24, 4.65276393901e-24, 8.14223098868e-24, 9.3056935388e-24, 1.14243625155e-24, 3.98766978779e-24, 5.33590762217e-24, 1.16493235576e-23, 9.79696850044e-24, 9.05625572057e-24, 8.75718671849e-24, 5.46654929896e-24, 6.97879289325e-24, 5.76250782249e-24, 7.53971243991e-24, 6.40330387454e-24, 9.73679024629e-24, 9.52927959631e-24, 8.99141687619e-24, 1.18267801848e-23, 8.73741865306e-24, 7.54232120292e-24, 4.039533448e-24, 9.17796039217e-24, 5.14086767981e-24, 6.59047177392e-24, 9.74579982668e-24, 8.53708190416e-24, 9.12535599156e-24, 7.88444071119e-24, 1.03799461757e-23, 7.40006986019e-24],
        "var": [1.54104668582e-07, 1.70675448885e-07, 8.6902610974e-07, 7.47502190279e-06, 1.5683640413e-06, 1.27069370137e-06, 3.33471518843e-07, 1.91826273976e-07, 2.41368070419e-07, 7.93789922682e-07, 8.67372250468e-07, 2.0416047164e-07, 3.20132272691e-07, 9.47067135826e-08, 4.77300652335e-08, 1.02493666887e-08, 5.27466781364e-08, 7.0216501058e-08, 8.42837533099e-09, 2.31636887449e-09, 1.58805901762e-09, 1.35140088009e-09, 8.53392967404e-10, 2.44387093895e-10, 4.55975049385e-11, 3.86220812276e-11, 4.06146019594e-11, 1.58086148339e-11, 5.32864464359e-12, 2.84474071903e-12, 2.38486227294e-12, 2.06407178675e-12, 3.50175921246e-12, 3.29351736855e-12, 1.34606399377e-12, 1.18116193909e-12, 1.39169383483e-12, 1.62177226943e-12, 6.02230450838e-13, 6.6712960026e-13]
    },
    "mfcc": {
        "mean": [-686.245483398, 150.335113525, -17.9128494263, 10.1350755692, -6.6530380249, -5.47597074509, -10.3664979935, -0.773442149162, -12.0624055862, -2.35582399368, -8.81261825562, -4.97252655029, -4.45060443878],
        "cov": [[4559.39306641, -114.747749329, -1201.17077637, -123.127708435, -343.62713623, 145.395065308, -80.3541488647, 238.661117554, -72.793182373, 291.486755371, -10.2013559341, 100.692085266, 46.4126739502], [-114.747749329, 602.20916748, -103.386047363, 22.8176956177, -9.48291492462, -5.32788944244, -3.63251781464, 10.6986780167, -40.9668159485, 15.2847318649, 5.09879207611, -4.87556648254, -0.814017951488], [-1201.17077637, -103.386047363, 982.044006348, 176.884017944, 245.234466553, -19.1908302307, 56.9421730042, -112.826324463, 91.2431030273, -153.211029053, 35.7700500488, -41.7145385742, -16.7987575531], [-123.127708435, 22.8176956177, 176.884017944, 325.275421143, 121.448654175, -1.85233604908, -58.2857284546, -7.83915281296, 31.883649826, -43.4131164551, -8.46900081635, 10.5673007965, 12.3865823746], [-343.62713623, -9.48291492462, 245.234466553, 121.448654175, 231.43208313, -0.431397169828, 23.2643184662, -33.3639564514, 45.8630218506, -46.8420410156, 6.95551586151, -14.5785112381, 10.0693693161], [145.395065308, -5.32788944244, -19.1908302307, -1.85233604908, -0.431397169828, 181.297546387, 83.7319869995, 45.074798584, -3.91306638718, 40.1505241394, 12.0737466812, 2.10402178764, -12.5051441193], [-80.3541488647, -3.63251781464, 56.9421730042, -58.2857284546, 23.2643184662, 83.7319869995, 174.583740234, 37.9981307983, 17.7409973145, 13.5044698715, 35.3929786682, 3.64507579803, 8.88015460968], [238.661117554, 10.6986780167, -112.826324463, -7.83915281296, -33.3639564514, 45.074798584, 37.9981307983, 129.028793335, 12.4908723831, 57.7417106628, -4.51832866669, 13.4222869873, 9.89029216766], [-72.793182373, -40.9668159485, 91.2431030273, 31.883649826, 45.8630218506, -3.91306638718, 17.7409973145, 12.4908723831, 124.842842102, 22.9590835571, 25.6997451782, 7.9412560463, 2.48213434219], [291.486755371, 15.2847318649, -153.211029053, -43.4131164551, -46.8420410156, 40.1505241394, 13.5044698715, 57.7417106628, 22.9590835571, 126.969688416, 26.4699802399, 25.8018035889, 11.1983919144], [-10.2013559341, 5.09879207611, 35.7700500488, -8.46900081635, 6.95551586151, 12.0737466812, 35.3929786682, -4.51832866669, 25.6997451782, 26.4699802399, 98.1188201904, 39.3815460205, 25.1270236969], [100.692085266, -4.87556648254, -41.7145385742, 10.5673007965, -14.5785112381, 2.10402178764, 3.64507579803, 13.4222869873, 7.9412560463, 25.8018035889, 39.3815460205, 94.975440979, 44.869934082], [46.4126739502, -0.814017951488, -16.7987575531, 12.3865823746, 10.0693693161, -12.5051441193, 8.88015460968, 9.89029216766, 2.48213434219, 11.1983919144, 25.1270236969, 44.869934082, 84.7897033691]],
