{
"lowlevel": {
    "average_loudness": 0.846770644188,
    "barkbands_crest": {
        "dmean": 2.95639109612,
        "dmean2": 4.57716655731,
        "dvar": 7.11479997635,
        "dvar2": 15.0926389694,
        "max": 26.046377182,
        "mean": 11.2844343185,
        "median": 10.4184484482,
        "min": 2.63121700287,
        "var": 21.8895606995
    },
    "barkbands_flatness_db": {
        "dmean": 0.0259821340442,
        "dmean2": 0.0372635833919,
        "dvar": 0.000585403875448,
        "dvar2": 0.00120849581435,
        "max": 0.547567665577,
        "mean": 0.164875924587,
        "median": 0.151738092303,
        "min": 0.0191454365849,
        "var": 0.00628484087065
    },
    "barkbands_kurtosis": {
        "dmean": 4.04505252838,
        "dmean2": 6.17265319824,
        "dvar": 72.6109542847,
        "dvar2": 149.829055786,
        "max": 255.737976074,
        "mean": 6.62874031067,
        "median": 2.13372278214,
        "min": -1.87250161171,
        "var": 185.99987793
    },
    "barkbands_skewness": {
        "dmean": 0.604032218456,
        "dmean2": 0.900367021561,
        "dvar": 0.442030787468,
        "dvar2": 0.931509196758,
        "max": 14.6761703491,
        "mean": 1.71569406986,
        "median": 1.46001899242,
        "min": -2.63947701454,
        "var": 2.26607751846
    },
    "barkbands_spread": {
        "dmean": 5.44854736328,
        "dmean2": 8.39867210388,
        "dvar": 48.0938835144,
        "dvar2": 106.410308838,
        "max": 92.0646591187,
        "mean": 20.7641735077,
        "median": 19.5772819519,
        "min": 0.440601676702,
        "var": 181.857772827
    },
    "dissonance": {
        "dmean": 0.0210113991052,
        "dmean2": 0.0357839129865,
        "dvar": 0.0004247581237,
        "dvar2": 0.00114539114293,
        "max": 0.500000119209,
        "mean": 0.462087154388,
        "median": 0.472743779421,
        "min": 0.243583664298,
        "var": 0.00117389811203
    },
    "dynamic_complexity": 2.67011880875,
    "erbbands_crest": {
        "dmean": 3.2169907093,
        "dmean2": 5.14112472534,
        "dvar": 8.57457637787,
        "dvar2": 20.5538253784,
        "max": 31.0993747711,
        "mean": 10.9447107315,
        "median": 9.96341896057,
        "min": 2.17106604576,
        "var": 28.9730472565
    },
    "erbbands_flatness_db": {
        "dmean": 0.0200709812343,
        "dmean2": 0.0287185050547,
        "dvar": 0.000337395409588,
        "dvar2": 0.000642999424599,
        "max": 0.395074874163,
        "mean": 0.174082666636,
        "median": 0.166278213263,
        "min": 0.058808285743,
        "var": 0.00408290186897
    },
    "erbbands_kurtosis": {
        "dmean": 1.3312664032,
        "dmean2": 2.10749340057,
        "dvar": 3.7405564785,
        "dvar2": 8.65388965607,
        "max": 52.4406547546,
        "mean": 1.65975224972,
        "median": 0.702885866165,
        "min": -1.90789055824,
        "var": 11.7659626007
    },
    "erbbands_skewness": {
        "dmean": 0.395563304424,
        "dmean2": 0.618279099464,
        "dvar": 0.151069834828,
        "dvar2": 0.341152101755,
        "max": 6.105260849,
        "mean": 0.588513314724,
        "median": 0.5015386343,
        "min": -3.00461292267,
        "var": 0.841155350208
    },
    "erbbands_spread": {
        "dmean": 8.31432056427,
        "dmean2": 12.3044109344,
        "dvar": 105.578216553,
        "dvar2": 215.963088989,
        "max": 174.562606812,
        "mean": 34.7453422546,
        "median": 28.683380127,
        "min": 2.57691884041,
        "var": 504.267822266
    },
    "hfc": {
        "dmean": 7.76687145233,
        "dmean2": 11.8676595688,
        "dvar": 111.282539368,
        "dvar2": 264.88168335,
        "max": 169.231536865,
        "mean": 26.0926685333,
        "median": 22.332326889,
        "min": 1.21182317081e-16,
        "var": 431.250518799
    },
    "melbands_crest": {
        "dmean": 3.61680579185,
        "dmean2": 5.76219749451,
        "dvar": 10.0480480194,
        "dvar2": 24.5025367737,
        "max": 38.2380180359,
        "mean": 16.2200222015,
        "median": 15.1881055832,
        "min": 2.27949213982,
        "var": 35.7852897644
    },
    "melbands_flatness_db": {
        "dmean": 0.0292607247829,
        "dmean2": 0.0423920117319,
        "dvar": 0.00080159684876,
        "dvar2": 0.00168311665766,
        "max": 0.711442828178,
        "mean": 0.227384850383,
        "median": 0.204058155417,
        "min": 0.00766216870397,
        "var": 0.00836607813835
    },
    "melbands_kurtosis": {
        "dmean": 10.2936162949,
        "dmean2": 15.4582977295,
        "dvar": 468.835388184,
        "dvar2": 944.066467285,
        "max": 479.12789917,
        "mean": 19.151889801,
        "median": 7.93835639954,
        "min": -1.69859421253,
        "var": 1269.60998535
    },
    "melbands_skewness": {
        "dmean": 0.859638750553,
        "dmean2": 1.27214252949,
        "dvar": 0.993037998676,
        "dvar2": 2.04213738441,
        "max": 18.4170799255,
        "mean": 2.8345952034,
        "median": 2.32668948174,
        "min": -1.12389051914,
        "var": 5.03842115402
    },
    "melbands_spread": {
        "dmean": 5.87885093689,
        "dmean2": 9.07285118103,
        "dvar": 54.2290725708,
        "dvar2": 127.332847595,
        "max": 139.428222656,
        "mean": 21.0941085815,
        "median": 18.641374588,
        "min": 0.467037498951,
        "var": 225.521621704
    },
    "pitch_salience": {
        "dmean": 0.0783171281219,
        "dmean2": 0.120799943805,
        "dvar": 0.0049693249166,
        "dvar2": 0.0116293998435,
        "max": 0.930993258953,
        "mean": 0.50685095787,
        "median": 0.512709140778,
        "min": 0.0414011888206,
        "var": 0.0178700890392
    },
    "silence_rate_20dB": {
        "dmean": 0,
        "dmean2": 0,
        "dvar": 0,
        "dvar2": 0,
        "max": 1,
        "mean": 1,
        "median": 1,
        "min": 1,
        "var": 0
    },
    "silence_rate_30dB": {
        "dmean": 0.0303242355585,
        "dmean2": 0.0606555454433,
        "dvar": 0.0294044222683,
        "dvar2": 0.0756406858563,
        "max": 1,
        "mean": 0.977026224136,
        "median": 1,
        "min": 0,
        "var": 0.0224472284317
    },
    "silence_rate_60dB": {
        "dmean": 0.00396547699347,
        "dmean2": 0.00781523343176,
        "dvar": 0.00394931668416,
        "dvar2": 0.00892056524754,
        "max": 1,
        "mean": 0.0125947520137,
        "median": 0,
        "min": 0,
        "var": 0.0124376043677
    },
    "spectral_centroid": {
        "dmean": 231.990585327,
        "dmean2": 360.815246582,
        "dvar": 73916.96875,
        "dvar2": 164906.796875,
        "max": 11126.9716797,
        "mean": 1271.17272949,
        "median": 1276.5612793,
        "min": 128.692245483,
        "var": 347546.21875
    },
    "spectral_complexity": {
        "dmean": 3.66946578026,
        "dmean2": 5.83004760742,
        "dvar": 17.8318138123,
        "dvar2": 38.3421707153,
        "max": 58,
        "mean": 19.5661811829,
        "median": 20,
        "min": 0,
        "var": 102.992980957
    },
    "spectral_decrease": {
        "dmean": 3.03123615097e-09,
        "dmean2": 4.46346115623e-09,
        "dvar": 1.27720930015e-17,
        "dvar2": 2.56234679559e-17,
        "max": -2.53921043696e-29,
        "mean": -9.66815338899e-09,
        "median": -8.24482082606e-09,
        "min": -4.94861858158e-08,
        "var": 4.28653695365e-17
    },
    "spectral_energy": {
        "dmean": 0.0118386372924,
        "dmean2": 0.0174498818815,
        "dvar": 0.00018825395091,
        "dvar2": 0.000383332604542,
        "max": 0.188005700707,
        "mean": 0.0388565957546,
        "median": 0.0335655286908,
        "min": 1.10874255331e-20,
        "var": 0.000662376463879
    },
    "spectral_energyband_high": {
        "dmean": 0.000473513209727,
        "dmean2": 0.000688698259182,
        "dvar": 8.77837464941e-07,
        "dvar2": 1.9542821974e-06,
        "max": 0.0142059866339,
        "mean": 0.000854231242556,
        "median": 0.000435750640463,
        "min": 7.92436441886e-21,
        "var": 1.47630964875e-06
    },
    "spectral_energyband_low": {
        "dmean": 0.00846529658884,
        "dmean2": 0.0117962155491,
        "dvar": 0.000167483376572,
        "dvar2": 0.000294069730444,
        "max": 0.180843695998,
        "mean": 0.0179757587612,
        "median": 0.0113884378225,
        "min": 3.82058747034e-23,
        "var": 0.00046416913392
    },
    "spectral_energyband_middle_high": {
        "dmean": 0.00320797343738,
        "dmean2": 0.00510794017464,
        "dvar": 2.33769951592e-05,
        "dvar2": 5.92525429965e-05,
        "max": 0.0765491202474,
        "mean": 0.00964874401689,
        "median": 0.00599990133196,
        "min": 1.77900922509e-21,
        "var": 0.000112875764898
    },
    "spectral_energyband_middle_low": {
        "dmean": 0.00540402345359,
        "dmean2": 0.00889380089939,
        "dvar": 5.58777683182e-05,
        "dvar2": 0.000152019929374,
        "max": 0.12882527709,
        "mean": 0.0118571575731,
        "median": 0.00914281047881,
        "min": 2.31336300355e-22,
        "var": 0.000100250756077
    },
    "spectral_entropy": {
        "dmean": 0.169195726514,
        "dmean2": 0.248449638486,
        "dvar": 0.0304069537669,
        "dvar2": 0.0587787218392,
        "max": 9.80065345764,
        "mean": 7.50869512558,
        "median": 7.63818883896,
        "min": 4.40807199478,
        "var": 0.36910367012
    },
    "spectral_flux": {
        "dmean": 0.0283022746444,
        "dmean2": 0.042528282851,
        "dvar": 0.000734170258511,
        "dvar2": 0.00147379387636,
        "max": 0.312446296215,
        "mean": 0.107158534229,
        "median": 0.100757583976,
        "min": 1.0529684763e-10,
        "var": 0.00278323260136
    },
    "spectral_kurtosis": {
        "dmean": 2.11549401283,
        "dmean2": 3.48244142532,
        "dvar": 28.3804645538,
        "dvar2": 71.4451828003,
        "max": 202.006820679,
        "mean": 5.57787799835,
        "median": 3.49412202835,
        "min": -1.20649302006,
        "var": 130.053543091
    },
    "spectral_rms": {
        "dmean": 0.000894368160516,
        "dmean2": 0.00132033252157,
        "dvar": 7.7164816048e-07,
        "dvar2": 1.55216423536e-06,
        "max": 0.0135432714596,
        "mean": 0.00582436891273,
        "median": 0.00572248734534,
        "min": 3.28892078502e-12,
        "var": 3.98565998694e-06
    },
    "spectral_rolloff": {
        "dmean": 399.995880127,
        "dmean2": 683.33392334,
        "dvar": 645677.75,
        "dvar2": 1513796.5,
        "max": 18841.5527344,
        "mean": 1111.0279541,
        "median": 968.994140625,
        "min": 43.06640625,
        "var": 998460.0625
    },
    "spectral_skewness": {
        "dmean": 0.238977625966,
        "dmean2": 0.381547093391,
        "dvar": 0.116610780358,
        "dvar2": 0.288889408112,
        "max": 10.590004921,
        "mean": 1.65950500965,
        "median": 1.51109874249,
        "min": -0.0851684436202,
        "var": 0.679379940033
    },
    "spectral_spread": {
        "dmean": 575959.5625,
        "dmean2": 789696.1875,
        "dvar": 630794551296,
        "dvar2": 878383529984,
        "max": 40650968,
        "mean": 4547291.5,
        "median": 4290405.5,
        "min": 484618.40625,
        "var": 2.98575514829e+12
    },
    "spectral_strongpeak": {
        "dmean": 0.711525201797,
        "dmean2": 1.21065151691,
        "dvar": 1.52024269104,
        "dvar2": 3.79202604294,
        "max": 11.7312965393,
        "mean": 1.13353943825,
        "median": 0.455325901508,
        "min": 0,
        "var": 2.53072285652
    },
    "zerocrossingrate": {
        "dmean": 0.0093674371019,
        "dmean2": 0.0110563552007,
        "dvar": 0.000136997055961,
        "dvar2": 0.000165661112987,
        "max": 0.5478515625,
        "mean": 0.0512325763702,
        "median": 0.0498046875,
        "min": 0.0029296875,
        "var": 0.000850368116517
    },
    "barkbands": {
        "dmean": [0.000418919575168, 0.0073952646926, 0.00300031458028, 0.00152631837409, 0.00178449088708, 0.000766152108554, 0.00099064828828, 0.000766155077145, 0.00128809851594, 0.0017222618917, 0.00125483470038, 0.000555776525289, 0.000487560755573, 0.000497366650961, 0.000544150476344, 0.000303475186229, 0.000220143410843, 0.000189143567695, 0.000222630464123, 0.000120909237012, 9.05321503524e-05, 0.000101740733953, 9.91697888821e-05, 7.19162344467e-05, 9.60657489486e-05, 3.48084286088e-05, 2.33954574469e-06],
        "dmean2": [0.000635625270661, 0.0100083164871, 0.0050040576607, 0.00266398000531, 0.00297700287774, 0.00123792968225, 0.00160481978673, 0.00126434233971, 0.00219615641981, 0.0027704006061, 0.00203981110826, 0.000909172405954, 0.000780036440119, 0.000803418981377, 0.000836299150251, 0.000485824799398, 0.000352100963937, 0.000302265892969, 0.00034815404797, 0.000194819222088, 0.000145678422996, 0.00015709886793, 0.000152719279868, 0.000110236440378, 0.000136244940222, 5.18703091075e-05, 3.92855781683e-06],
        "dvar": [6.53809252071e-07, 0.000165938894497, 4.37253074779e-05, 1.08508584162e-05, 8.07996184449e-06, 2.51617439062e-06, 5.49618926016e-06, 3.17762282975e-06, 1.41727014125e-05, 1.70766215888e-05, 8.65770743985e-06, 1.68955341451e-06, 1.50134258092e-06, 1.26267229916e-06, 1.74036017597e-06, 6.78509195495e-07, 3.8875148789e-07, 1.96925682872e-07, 1.70449354187e-07, 4.13227319029e-08, 3.44329009749e-08, 4.27440980388e-08, 4.08367100135e-08, 2.73426561392e-08, 5.65776048234e-08, 6.7337269094e-09, 6.520557011e-11],
        "dvar2": [1.36911239679e-06, 0.000294926023344, 0.000109532818897, 3.06271249428e-05, 2.10308735404e-05, 5.78861181566e-06, 1.38286450238e-05, 8.17226919025e-06, 4.30843938375e-05, 4.31544685853e-05, 2.1695957912e-05, 4.06785375162e-06, 3.5265097722e-06, 2.99432440443e-06, 3.75705894839e-06, 1.59372780217e-06, 9.2170211019e-07, 4.58751912902e-07, 3.91650587517e-07, 1.00714743212e-07, 8.75669599054e-08, 9.89571233845e-08, 9.44532061453e-08, 6.51700773346e-08, 1.24748183339e-07, 1.53276111803e-08, 1.7395945795e-10],
        "max": [0.0522881895304, 0.134016782045, 0.0666428804398, 0.0550704225898, 0.0383295379579, 0.0355404280126, 0.0572078749537, 0.0389055088162, 0.0836048722267, 0.0777945071459, 0.0534539744258, 0.0275036133826, 0.0245600175112, 0.0211273878813, 0.0320565588772, 0.0174062345177, 0.0158068891615, 0.0103351064026, 0.0106428051367, 0.00281338673085, 0.00261046970263, 0.00294479867443, 0.0031093840953, 0.00333813531324, 0.00555938202888, 0.00132991909049, 0.000104430531792],
        "mean": [0.000961791723967, 0.0128856021911, 0.00325149297714, 0.00161631789524, 0.00315219443291, 0.00130853918381, 0.0014257861767, 0.00106697098818, 0.00204716878943, 0.00279615609907, 0.00235296576284, 0.000911881332286, 0.000778771587647, 0.000771485734731, 0.000930530542973, 0.000457744434243, 0.000383926235372, 0.000332758732839, 0.000450661435025, 0.000210739308386, 0.000144135701703, 0.000162029449712, 0.000162860262208, 0.000110850014607, 0.000141288939631, 4.01456818508e-05, 1.7756589159e-06],
        "median": [0.000486352539156, 0.00701359473169, 0.00153516675346, 0.000768281053752, 0.00181692501064, 0.000606292276643, 0.000517467269674, 0.000408516003517, 0.000467892677989, 0.000660045421682, 0.000388314248994, 0.000341430481058, 0.00023144838633, 0.0002733845904, 0.000265316397417, 0.000155907662702, 0.000125174672576, 0.00013692615903, 0.000226964708418, 0.000120764081657, 7.92552455096e-05, 7.92505525169e-05, 8.24315866339e-05, 4.3191084842e-05, 2.60708529822e-05, 3.94001699533e-06, 3.33843153122e-09],
        "min": [2.07602197287e-24, 3.46473515589e-23, 2.84886150754e-24, 4.76557854263e-24, 1.50900382144e-23, 2.46480978231e-23, 2.73909040817e-23, 3.39434162633e-23, 7.96476379073e-23, 8.27098129257e-23, 8.43164512215e-23, 1.83453225958e-22, 6.47261066931e-23, 7.90689737235e-23, 1.38548587417e-22, 1.51669628812e-22, 3.24156577472e-22, 1.99113313996e-22, 3.06196726393e-22, 3.7483731867e-22, 4.37058981316e-22, 8.60097594561e-22, 5.71620829801e-22, 7.27748242169e-22, 1.4656069296e-21, 1.57383198149e-21, 2.39037688102e-21],
        "var": [4.78673700854e-06, 0.000360297359293, 3.76386997232e-05, 8.03998955234e-06, 1.65299079526e-05, 5.60735497857e-06, 7.70001133787e-06, 4.80261223856e-06, 2.67247269221e-05, 3.67639659089e-05, 2.69988031505e-05, 3.33616003445e-06, 2.85747728412e-06, 2.10732400774e-06, 4.32931665273e-06, 1.15579155135e-06, 9.40852146414e-07, 3.9299189325e-07, 4.75645606457e-07, 7.21457951158e-08, 4.41415153318e-08, 6.07748802395e-08, 6.05684036259e-08, 3.92391577009e-08, 9.34995156854e-08, 8.46364933693e-09, 4.77015059397e-11]
    },
    "erbbands": {
        "dmean": [0.220887303352, 1.73884928226, 3.53870892525, 4.0934677124, 5.71588516235, 6.2622179985, 5.89886283875, 6.35819816589, 11.8721017838, 18.1104488373, 15.7725048065, 25.924785614, 56.6259918213, 40.8342704773, 44.4406471252, 22.5082454681, 18.7372550964, 26.2394828796, 20.680891037, 25.4188270569, 13.1072177887, 11.2141246796, 8.46303367615, 11.6545419693, 9.58113765717, 5.54152822495, 3.72496843338, 3.6279270649, 3.32510638237, 3.71911978722, 2.7817466259, 1.71110165119, 1.19613540173, 1.39915680885, 0.531887829304, 0.170203432441, 0.0619536675513, 0.0111101735383, 0.000315857672831, 2.01516704692e-05],
        "dmean2": [0.307980835438, 2.38784766197, 5.59953689575, 7.00943040848, 9.80940818787, 10.3469867706, 9.52837181091, 10.2803430557, 18.9397850037, 29.675535202, 26.0466136932, 44.1914329529, 93.3506088257, 65.6913909912, 70.9196166992, 36.518321991, 29.8924560547, 41.8477592468, 32.0310211182, 39.2248954773, 20.8980102539, 17.8290901184, 13.3930826187, 18.1965999603, 14.7885408401, 8.87651252747, 5.95283937454, 5.85264825821, 5.16298103333, 5.74966669083, 4.31460046768, 2.62823987007, 1.82747972012, 2.04240989685, 0.755370736122, 0.248178496957, 0.0951488539577, 0.0176660045981, 0.000488197198138, 3.05258799926e-05],
        "dvar": [0.144163638353, 10.4864025116, 53.600933075, 83.6470947266, 101.467193604, 129.14414978, 142.149551392, 212.340667725, 793.699707031, 2480.59790039, 1085.78625488, 5856.76904297, 23038.6738281, 9325.02832031, 12370.0332031, 2240.40380859, 2018.10192871, 3590.96044922, 2754.76074219, 4747.96386719, 1209.96118164, 1090.68493652, 420.244232178, 580.537475586, 310.176879883, 89.8505020142, 48.4825057983, 64.5625228882, 49.1866989136, 54.9664535522, 32.2983093262, 15.0085315704, 8.24983596802, 16.9471130371, 1.41132485867, 0.142117649317, 0.0249890424311, 0.00106085394509, 7.99460849521e-07, 8.90703455436e-10],
        "dvar2": [0.244951441884, 19.075586319, 124.239898682, 229.02243042, 274.794433594, 322.474517822, 321.588867188, 489.503845215, 1932.05712891, 6446.08544922, 2858.63110352, 17777.0898438, 64157.578125, 22268.40625, 29780.8476562, 5525.22998047, 4884.42089844, 8519.88769531, 5615.77148438, 10448.7871094, 2848.34350586, 2600.90844727, 976.391723633, 1336.64074707, 668.065673828, 220.503463745, 119.790786743, 165.232116699, 114.302459717, 127.101875305, 75.7683944702, 35.6405715942, 19.9939079285, 40.4844665527, 2.97220349312, 0.306201815605, 0.0611827149987, 0.00270707788877, 1.919589522e-06, 1.93550953043e-09],
        "max": [8.75409793854, 32.4564476013, 73.0080871582, 128.668228149, 192.095626831, 185.889312744, 364.318206787, 408.805969238, 534.469421387, 1313.81018066, 833.97088623, 1836.4699707, 2959.30908203, 2510.68334961, 2353.54785156, 1151.5333252, 937.128540039, 1200.59191895, 1502.02404785, 2172.13720703, 1024.00158691, 996.21697998, 553.331970215, 753.061950684, 524.976928711, 173.596481323, 96.5946884155, 130.972427368, 99.5101928711, 119.739646912, 94.1125640869, 67.2475662231, 78.7737503052, 113.991027832, 19.5975971222, 7.57236146927, 2.14570760727, 0.341966688633, 0.0132364043966, 0.000628504087217],
        "mean": [0.448490440845, 2.52903199196, 4.27646160126, 4.83555364609, 7.78333473206, 10.8215112686, 10.7613210678, 10.0489912033, 17.625005722, 25.8491306305, 23.8022460938, 43.0868377686, 92.6927261353, 76.6418533325, 86.920425415, 39.819858551, 33.9467391968, 46.8645744324, 38.4028778076, 46.2935600281, 24.0743865967, 21.3457641602, 16.5093727112, 22.271314621, 20.3225917816, 10.3215904236, 6.47008657455, 5.46305370331, 5.28228330612, 6.04172801971, 4.48122024536, 2.55970168114, 1.86377644539, 2.01219272614, 0.760416507721, 0.227593407035, 0.062851563096, 0.00972695462406, 0.000311010720907, 5.68206123717e-05],
        "median": [0.246318206191, 1.08169734478, 2.00891876221, 2.50531721115, 4.22920894623, 5.02665615082, 4.93078327179, 4.25571060181, 7.07342243195, 8.30283641815, 9.89375019073, 11.4486494064, 21.7477073669, 22.9868068695, 19.5851135254, 18.2773227692, 13.15807724, 17.9457607269, 14.5564661026, 14.7230205536, 9.46330547333, 7.0984120369, 6.96744394302, 10.9573631287, 10.6765527725, 6.21162891388, 3.87094187737, 2.79170036316, 2.68878602982, 2.92049145699, 2.24143624306, 0.981968939304, 0.6876719594, 0.382719963789, 0.126588732004, 0.0355967134237, 0.00316003453918, 0.000174323780811, 3.33684802172e-05, 4.5157794375e-05],
        "min": [7.04615154869e-22, 8.31858868217e-21, 7.27403889868e-21, 7.80579324793e-21, 4.81208347008e-20, 4.92366270302e-20, 8.83928239878e-20, 2.12843290982e-19, 3.84708623105e-19, 5.63372345887e-19, 9.43173564912e-19, 1.81624708843e-18, 2.93995871569e-18, 1.59924204499e-18, 5.6129697041e-18, 6.65770378084e-18, 3.49046809286e-18, 3.04826209368e-18, 6.51268288943e-18, 8.41928746566e-18, 8.7062604084e-18, 1.95584126142e-17, 1.36390337045e-17, 1.24262595407e-17, 1.61897592743e-17, 1.81816333503e-17, 1.31288948772e-17, 2.27611037448e-17, 3.01636406538e-17, 2.19942064009e-17, 1.60484288492e-17, 1.36416839912e-17, 1.27382671047e-17, 1.50492674611e-17, 1.1978505848e-17, 6.09724011218e-18, 3.03184255852e-18, 1.28630824553e-18, 3.03626001318e-19, 3.56354093091e-20],
        "var": [0.429065555334, 18.3552875519, 56.7608222961, 64.6826553345, 125.195892334, 309.04107666, 402.751281738, 443.64630127, 1188.51098633, 3394.03393555, 1879.84729004, 11566.9492188, 43543.3164062, 23667.2480469, 36078.609375, 4819.13720703, 4504.53662109, 7449.15869141, 7771.06298828, 11322.0849609, 2669.60498047, 2932.12158203, 922.628173828, 1357.7088623, 924.739257812, 163.415542603, 75.5503234863, 73.4074630737, 66.7683334351, 82.4646682739, 46.9877128601, 21.2027893066, 11.5483570099, 24.0906829834, 2.44324278831, 0.2247184515, 0.025816148147, 0.000894767348655, 7.83326981946e-07, 2.05852312973e-09]
    },
    "gfcc": {
        "mean": [1.60483539104, 106.613639832, -121.599098206, 38.9696998596, -59.8639259338, 26.8415584564, -29.6336727142, 13.6906175613, -17.2218341827, -5.38817739487, -6.87064599991, -5.38423109055, -3.38199400902],
        "cov": [[7091.80224609, -2646.00830078, -360.040313721, -197.907394409, -209.144088745, 786.261047363, -195.004455566, 474.920471191, -616.337036133, 1010.58129883, -333.04486084, 553.383544922, -231.653045654], [-2646.00830078, 2127.38916016, 326.155853271, 289.538360596, 327.768066406, -336.155853271, 178.166152954, -293.357116699, 342.361938477, -525.558776855, 350.153198242, -318.564758301, 187.545761108], [-360.040313721, 326.155853271, 1603.18737793, 520.716308594, 208.760772705, -19.1093215942, -181.95880127, -27.5344581604, -110.995849609, 67.3003082275, -85.3212203979, 93.5624771118, -117.856033325], [-197.907394409, 289.538360596, 520.716308594, 744.296142578, 124.649230957, -6.69467687607, -25.8344745636, -62.4307060242, 67.4887008667, -59.4814186096, 71.4375228882, -16.9634609222, 53.8469619751], [-209.144088745, 327.768066406, 208.760772705, 124.649230957, 327.072998047, 13.9891824722, 61.6837463379, -24.0167922974, 17.3973255157, -11.0035963058, 34.7926216125, 18.0740890503, -6.90965414047], [786.261047363, -336.155853271, -19.1093215942, -6.69467687607, 13.9891824722, 338.171905518, 75.2868499756, 52.9946289062, -95.724357605, 152.467025757, -32.8094902039, 62.4399490356, 5.03348684311], [-195.004455566, 178.166152954, -181.95880127, -25.8344745636, 61.6837463379, 75.2868499756, 272.909301758, -28.3454151154, 54.1686439514, -22.5948753357, 39.6031990051, -30.7355232239, 41.5652809143], [474.920471191, -293.357116699, -27.5344581604, -62.4307060242, -24.0167922974, 52.9946289062, -28.3454151154, 198.089035034, -23.5388031006, 97.5563659668, -28.5279922485, 54.911693573, -5.96247577667], [-616.337036133, 342.361938477, -110.995849609, 67.4887008667, 17.3973255157, -95.724357605, 54.1686439514, -23.5388031006, 221.031799316, -123.467720032, 88.5431671143, -68.1141586304, 58.5758018494], [1010.58129883, -525.558776855, 67.3003082275, -59.4814186096, -11.0035963058, 152.467025757, -22.5948753357, 97.5563659668, -123.467720032, 325.451934814, -62.7617073059, 137.922088623, -63.585521698], [-333.04486084, 350.153198242, -85.3212203979, 71.4375228882, 34.7926216125, -32.8094902039, 39.6031990051, -28.5279922485, 88.5431671143, -62.7617073059, 197.203933716, -61.1250114441, 63.4038887024], [553.383544922, -318.564758301, 93.5624771118, -16.9634609222, 18.0740890503, 62.4399490356, -30.7355232239, 54.911693573, -68.1141586304, 137.922088623, -61.1250114441, 170.162796021, -38.507270813], [-231.653045654, 187.545761108, -117.856033325, 53.8469619751, -6.90965414047, 5.03348684311, 41.5652809143, -5.96247577667, 58.5758018494, -63.585521698, 63.4038887024, -38.507270813, 132.297195435]],
        "icov": [[0.000409240310546, 5.48025527678e-05, 0.000278483756119, -0.00025935927988, 5.61054039281e-05, -0.000448330014478, 0.000262535846559, -0.000332814932335, 0.000455041677924, -0.000556068203878, 1.8709590222e-05, -0.000380399520509, 0.000326623005094], [5.48025527678e-05, 0.00278782262467, -0.00118499645032, 0.000823277805466, -0.00182192178909, 0.0011109742336, -0.00100881571416, 0.00161071622279, -0.000961029378232, 0.00155782070942, -0.00257337582298, 0.00182114215568, -0.00205709063448], [0.000278483756119, -0.00118499645032, 0.00184997089673, -0.00135213986505, 0.000301203399431, -0.000708870298695, 0.00114745565224, -0.000913706666324, 0.0011609805515, -0.00109210063238, 0.00146572466474, -0.00123832875397, 0.00190506014042], [-0.00025935927988, 0.000823277805466, -0.00135213986505, 0.0026131994091, -0.000856487313285, 0.000274115736829, -0.000221645561396, 0.00121321715415, -0.00134462909773, 0.000880059262272, -0.00124911079183, 0.000801497721113, -0.00196997262537], [5.61054039281e-05, -0.00182192178909, 0.000301203399431, -0.000856487313285, 0.00513969594613, -0.000900723855011, -0.000544664624613, -0.00105308613274, 0.0006743024569, -0.000708454928827, 0.000791214231867, -0.00222402415238, 0.0020587251056], [-0.000448330014478, 0.0011109742336, -0.000708870298695, 0.000274115736829, -0.000900723855011, 0.00576584599912, -0.00240704673342, 0.000527271942701, 0.000894558965228, -0.000501406844705, -0.000845056667458, 0.00123368552886, -0.00246240315028], [0.000262535846559, -0.00100881571416, 0.00114745565224, -0.000221645561396, -0.000544664624613, -0.00240704673342, 0.00584601284936, 9.04154076125e-05, -0.000741693482269, -0.0010645003058, 0.00108942866791, -0.000375715550035, 0.000418019946665], [-0.000332814932335, 0.00161071622279, -0.000913706666324, 0.00121321715415, -0.00105308613274, 0.000527271942701, 9.04154076125e-05, 0.00771805969998, -0.00200847932138, -0.000263062887825, -0.00107899471186, 0.000628693844192, -0.00246657780372], [0.000455041677924, -0.000961029378232, 0.0011609805515, -0.00134462909773, 0.0006743024569, 0.000894558965228, -0.000741693482269, -0.00200847932138, 0.00871972087771, 0.000299685751088, -0.000853009230923, -0.000926590815652, 0.00030677774339], [-0.000556068203878, 0.00155782070942, -0.00109210063238, 0.000880059262272, -0.000708454928827, -0.000501406844705, -0.0010645003058, -0.000263062887825, 0.000299685751088, 0.00846108328551, -0.00243552518077, -0.00197616242804, 0.00031748888432], [1.8709590222e-05, -0.00257337582298, 0.00146572466474, -0.00124911079183, 0.000791214231867, -0.000845056667458, 0.00108942866791, -0.00107899471186, -0.000853009230923, -0.00243552518077, 0.00982769392431, 5.49356045667e-05, -0.000309357448714], [-0.000380399520509, 0.00182114215568, -0.00123832875397, 0.000801497721113, -0.00222402415238, 0.00123368552886, -0.000375715550035, 0.000628693844192, -0.000926590815652, -0.00197616242804, 5.49356045667e-05, 0.0116226542741, -0.00187674874905], [0.000326623005094, -0.00205709063448, 0.00190506014042, -0.00196997262537, 0.0020587251056, -0.00246240315028, 0.000418019946665, -0.00246657780372, 0.00030677774339, 0.00031748888432, -0.000309357448714, -0.00187674874905, 0.0131232049316]]
    },
    "melbands": {
        "dmean": [0.00201822072268, 0.00178673141636, 0.000719663978089, 0.000427215738455, 0.000214098297874, 0.000147932121763, 0.000184318501852, 0.00018985614588, 0.000131304725073, 0.000184626245755, 0.000287783681415, 0.00017049734015, 0.000173523483681, 7.77635650593e-05, 4.35066431237e-05, 5.1936138334e-05, 5.01013746543e-05, 3.41719096468e-05, 4.06350700359e-05, 2.69725860562e-05, 1.62374635693e-05, 1.39870107887e-05, 8.62852721184e-06, 9.76430874289e-06, 1.06022998807e-05, 9.75711191131e-06, 5.16444970344e-06, 3.66609970115e-06, 2.4904811653e-06, 2.44813213612e-06, 2.06477443498e-06, 1.89363402114e-06, 2.17978117689e-06, 2.07844527722e-06, 1.73431931216e-06, 1.35171990223e-06, 9.97051870399e-07, 7.92611160705e-07, 1.03464776657e-06, 1.2973154071e-06],
        "dmean2": [0.00281427009031, 0.00261245411821, 0.00122121581808, 0.000718504481483, 0.000344475440215, 0.000238928842009, 0.000293738034088, 0.000311284995405, 0.000219056149945, 0.000314085482387, 0.000472368905321, 0.000273943587672, 0.000280096981442, 0.000123989695567, 7.03797559254e-05, 8.23214577395e-05, 8.04403825896e-05, 5.31663354195e-05, 6.20524297119e-05, 4.25804319093e-05, 2.59647003986e-05, 2.23633905989e-05, 1.38492496262e-05, 1.57025951921e-05, 1.67564667208e-05, 1.51186122821e-05, 8.27834082884e-06, 5.93675349592e-06, 4.01270062866e-06, 4.00462249672e-06, 3.36283551405e-06, 2.98900022244e-06, 3.44542127095e-06, 3.23463427776e-06, 2.72129659606e-06, 2.14123724618e-06, 1.55255213485e-06, 1.22028643545e-06, 1.6348809595e-06, 1.90125558674e-06],
        "dvar": [1.25574179037e-05, 1.0649876458e-05, 2.27113537221e-06, 4.8929013019e-07, 1.59193874083e-07, 1.04247526167e-07, 1.79734783501e-07, 2.6403620268e-07, 8.67302460961e-08, 3.01350695509e-07, 5.83197902415e-07, 1.68259347788e-07, 1.81998316862e-07, 3.18916661968e-08, 1.11388231971e-08, 1.75385732604e-08, 1.29559767359e-08, 8.38638047895e-09, 1.12560956111e-08, 5.56144108543e-09, 2.25164287215e-09, 1.97936511626e-09, 4.95439134163e-10, 6.37813690751e-10, 5.372766676e-10, 3.67782443389e-10, 7.9093939731e-11, 4.10369065118e-11, 2.10187839356e-11, 2.58696727234e-11, 2.21382912002e-11, 1.63814326687e-11, 1.94795811426e-11, 1.7345715142e-11, 1.17622439566e-11, 9.42106809232e-12, 5.35025496129e-12, 3.89631556186e-12, 8.03982748432e-12, 1.52267330689e-11],
        "dvar2": [2.25615440286e-05, 1.98101515707e-05, 6.12742496742e-06, 1.31337014864e-06, 3.62995251635e-07, 2.39724641915e-07, 4.39037364686e-07, 6.82215841152e-07, 2.34721312609e-07, 9.20728211895e-07, 1.6147982933e-06, 4.03662710369e-07, 4.5355878342e-07, 7.37744798585e-08, 2.67274682386e-08, 4.17095833427e-08, 3.07141263534e-08, 1.67850231492e-08, 2.46497080525e-08, 1.25540031704e-08, 5.29624033518e-09, 4.70171279687e-09, 1.15568588033e-09, 1.51627221889e-09, 1.25073462698e-09, 8.03498378943e-10, 1.84488077593e-10, 1.02120902012e-10, 5.16817005858e-11, 6.70720354257e-11, 5.67976290999e-11, 3.8444292888e-11, 4.59935561858e-11, 4.04481517724e-11, 2.77879368821e-11, 2.30515034144e-11, 1.27650147397e-11, 9.56794452694e-12, 1.97931358803e-11, 3.69358675589e-11],
        "max": [0.055865149945, 0.0304918345064, 0.0253951400518, 0.00968447420746, 0.0100791733712, 0.00816386006773, 0.00888725090772, 0.013026162982, 0.00717402528971, 0.0121998107061, 0.0147718284279, 0.0102716526017, 0.00815148558468, 0.004563706927, 0.00257905153558, 0.00298876967281, 0.00219474104233, 0.00256743095815, 0.00242833350785, 0.001851858804, 0.00152562512085, 0.00125156540889, 0.000995815382339, 0.000676964351442, 0.000774440064561, 0.000484362943098, 0.000192274732399, 0.000121231256344, 7.07216677256e-05, 6.27628833172e-05, 9.5500407042e-05, 5.60890002816e-05, 6.91972891218e-05, 6.59520883346e-05, 6.41196893412e-05, 5.98836195422e-05, 4.56876150565e-05, 5.92587166466e-05, 6.09351445746e-05, 0.000105101375084],
        "mean": [0.00375961698592, 0.00267930375412, 0.000914568954613, 0.000684943282977, 0.000401486322517, 0.000239103799686, 0.000277485785773, 0.000270176649792, 0.000191269937204, 0.000298589409795, 0.000463342730654, 0.000300134444842, 0.000329771457473, 0.00012887189223, 7.18375304132e-05, 8.53004457895e-05, 8.38354972075e-05, 5.63636058359e-05, 6.61398371449e-05, 4.45101795776e-05, 2.62078556261e-05, 2.41485067818e-05, 1.41284708661e-05, 1.6631820472e-05, 1.78449681698e-05, 1.81706400326e-05, 9.66172046901e-06, 6.03936405241e-06, 4.09813856095e-06, 3.5640682654e-06, 2.98012514577e-06, 2.85583769255e-06, 3.32416243509e-06, 3.31576393364e-06, 2.74799845101e-06, 1.92423840417e-06, 1.42159854022e-06, 1.19993376302e-06, 1.48281264956e-06, 1.77880826868e-06],
        "median": [0.00221551093273, 0.00129972398281, 0.000508549332153, 0.000369909859728, 0.000191535393242, 0.000103466561995, 0.000111391222163, 8.97411009646e-05, 7.2652081144e-05, 7.11278844392e-05, 0.00010416720761, 7.98845358077e-05, 5.81121603318e-05, 4.63241958641e-05, 2.85614332824e-05, 2.65296948783e-05, 2.82530945697e-05, 1.65402270795e-05, 1.95451975742e-05, 1.42759372466e-05, 8.39439780975e-06, 7.1491485869e-06, 4.84503289044e-06, 6.72273927194e-06, 7.98949895398e-06, 8.36986873765e-06, 5.0685594033e-06, 3.41683630722e-06, 2.29963325182e-06, 1.7994824475e-06, 1.49499578583e-06, 1.42550823057e-06, 1.53351891186e-06, 1.58407374329e-06, 1.36387541261e-06, 7.62331069382e-07, 4.94239259297e-07, 4.60535943603e-07, 4.25483762001e-07, 2.72098134246e-07],
        "min": [8.18306085141e-24, 7.0948224995e-24, 2.89965152806e-24, 3.406773522e-24, 2.96848753065e-24, 5.54032909284e-24, 5.43577386289e-24, 6.43317093727e-24, 9.27382434709e-24, 1.11359060592e-23, 1.49298331864e-23, 5.57333897742e-24, 1.55808185603e-23, 1.86521980077e-23, 1.57943805623e-23, 5.13282327073e-24, 5.36655644605e-24, 9.68841808444e-24, 1.18883468341e-23, 1.16052980193e-23, 9.28783609449e-24, 2.34722312242e-23, 1.23875072494e-23, 9.39049450839e-24, 1.00122162982e-23, 1.21649609105e-23, 1.15919134163e-23, 1.28087928938e-23, 6.20552185167e-24, 1.12456192562e-23, 1.40149075753e-23, 1.88546007833e-23, 1.46318678007e-23, 1.05555316249e-23, 8.30022957281e-24, 1.14376485109e-23, 6.74409809648e-24, 7.93556599759e-24, 1.17822237431e-23, 1.24776456518e-23],
        "var": [2.98004251817e-05, 1.7543165086e-05, 1.9075309865e-06, 8.52292089348e-07, 4.74572175335e-07, 2.22565361696e-07, 2.72079319075e-07, 3.68509034843e-07, 1.43157521393e-07, 5.71989232867e-07, 1.10777466489e-06, 4.13928773924e-07, 5.50932099941e-07, 6.52750102859e-08, 2.09053041544e-08, 3.40591945758e-08, 2.56390126907e-08, 2.09097468229e-08, 2.38723583124e-08, 1.11380913381e-08, 4.74743355738e-09, 4.99364727347e-09, 9.70005520351e-10, 1.19179777158e-09, 1.11790388058e-09, 8.84924244993e-10, 1.92827850909e-10, 6.68993055397e-11, 3.39847629205e-11, 3.08397682391e-11, 2.38587639229e-11, 2.1222532412e-11, 2.68337158049e-11, 2.54441381159e-11, 1.71284184752e-11, 1.17481831555e-11, 7.43807272718e-12, 5.11102011408e-12, 1.08888661976e-11, 2.05596963065e-11]
    },
    "mfcc": {
        "mean": [-633.936096191, 124.187217712, 5.10387372971, 16.4797286987, 4.349609375, 7.42142534256, 6.45831537247, 13.4742307663, 0.437404125929, 8.42205047607, 0.93464499712, -5.73755264282, 3.04333543777],
        "cov": [[6273.36474609, -1830.53613281, -875.318054199, -653.620178223, -335.784088135, 243.365982056, 307.068237305, -206.493209839, 82.4688186646, 47.9748039246, 162.757369995, 7.11763381958, 244.060241699], [-1830.53613281, 1308.39709473, 251.365692139, 229.309417725, 201.739700317, -46.2766304016, -7.58482885361, 84.3723297119, -95.9847640991, 46.7757415771, -38.1010475159, -54.2605934143, -14.059466362], [-875.318054199, 251.365692139, 1183.00292969, 529.376464844, 368.540222168, 110.398506165, 1.92130303383, -26.3163547516, -28.8997802734, -71.9648895264, -27.6788711548, 35.5996589661, 2.6321003437], [-653.620178223, 229.309417725, 529.376464844, 665.811950684, 297.547637939, 75.5514526367, -23.9768218994, 38.1775665283, -21.1724052429, -36.1174240112, -39.684841156, 63.6360015869, 20.9231014252], [-335.784088135, 201.739700317, 368.540222168, 297.547637939, 361.624847412, 20.4574680328, -0.563296973705, 20.8884944916, -30.5242042542, -19.5580615997, -12.0996541977, -2.11794734001, 59.0587272644], [243.365982056, -46.2766304016, 110.398506165, 75.5514526367, 20.4574680328, 312.54284668, 126.86832428, 2.37984776497, 31.5912761688, 11.4346218109, 6.47616386414, 2.74304008484, 17.405790329], [307.068237305, -7.58482885361, 1.92130303383, -23.9768218994, -0.563296973705, 126.86832428, 212.964141846, 4.60460662842, 11.8547506332, 39.6871490479, 19.7245864868, -16.9918308258, 36.7151451111], [-206.493209839, 84.3723297119, -26.3163547516, 38.1775665283, 20.8884944916, 2.37984776497, 4.60460662842, 141.096405029, 27.6774253845, 16.5183105469, -8.62829780579, -3.60854530334, -7.66679239273], [82.4688186646, -95.9847640991, -28.8997802734, -21.1724052429, -30.5242042542, 31.5912761688, 11.8547506332, 27.6774253845, 142.474212646, 2.85630536079, 8.2440290451, 15.0590925217, -10.1262874603], [47.9748039246, 46.7757415771, -71.9648895264, -36.1174240112, -19.5580615997, 11.4346218109, 39.6871490479, 16.5183105469, 2.85630536079, 120.628257751, 12.9392004013, -9.27189350128, 8.40004253387], [162.757369995, -38.1010475159, -27.6788711548, -39.684841156, -12.0996541977, 6.47616386414, 19.7245864868, -8.62829780579, 8.2440290451, 12.9392004013, 103.141899109, 22.4329395294, 19.6313095093], [7.11763381958, -54.2605934143, 35.5996589661, 63.6360015869, -2.11794734001, 2.74304008484, -16.9918308258, -3.60854530334, 15.0590925217, -9.27189350128, 22.4329395294, 120.14200592, 9.25397109985], [244.060241699, -14.059466362, 2.6321003437, 20.9231014252, 59.0587272644, 17.405790329, 36.7151451111, -7.66679239273, -10.1262874603, 8.40004253387, 19.6313095093, 9.25397109985, 110.877700806]],
