{
"lowlevel": {
    "average_loudness": 0.804173052311,
    "barkbands_crest": {
        "dmean": 3.16198825836,
        "dmean2": 5.28694009781,
        "dvar": 6.95905351639,
        "dvar2": 18.9818439484,
        "max": 25.113325119,
        "mean": 10.4184465408,
        "median": 9.64546012878,
        "min": 2.42380046844,
        "var": 18.1325626373
    },
    "barkbands_flatness_db": {
        "dmean": 0.0250471886247,
        "dmean2": 0.0385869815946,
        "dvar": 0.000490437552799,
        "dvar2": 0.00111025641672,
        "max": 0.492731630802,
        "mean": 0.133666887879,
        "median": 0.111565612257,
        "min": 0.0159889794886,
        "var": 0.00583851430565
    },
    "barkbands_kurtosis": {
        "dmean": 3.00896978378,
        "dmean2": 4.83831214905,
        "dvar": 38.5218086243,
        "dvar2": 95.1279754639,
        "max": 192.932067871,
        "mean": 4.54308271408,
        "median": 1.51464033127,
        "min": -1.94450652599,
        "var": 84.4679412842
    },
    "barkbands_skewness": {
        "dmean": 0.565957069397,
        "dmean2": 0.895372867584,
        "dvar": 0.323395460844,
        "dvar2": 0.776637136936,
        "max": 10.7416744232,
        "mean": 1.47623670101,
        "median": 1.28465163708,
        "min": -1.92968070507,
        "var": 1.37710988522
    },
    "barkbands_spread": {
        "dmean": 6.67615652084,
        "dmean2": 10.4794006348,
        "dvar": 63.2104263306,
        "dvar2": 137.995986938,
        "max": 107.096481323,
        "mean": 24.0677833557,
        "median": 22.5267810822,
        "min": 0.590541124344,
        "var": 233.714294434
    },
    "dissonance": {
        "dmean": 0.0212344489992,
        "dmean2": 0.0362068042159,
        "dvar": 0.000458499096567,
        "dvar2": 0.00127018918283,
        "max": 0.500000059605,
        "mean": 0.462757706642,
        "median": 0.472121179104,
        "min": 0.170577898622,
        "var": 0.0010839139577
    },
    "dynamic_complexity": 2.45394277573,
    "erbbands_crest": {
        "dmean": 2.89575195312,
        "dmean2": 4.79373407364,
        "dvar": 7.14829587936,
        "dvar2": 18.3330059052,
        "max": 29.5272407532,
        "mean": 9.2336063385,
        "median": 8.21786022186,
        "min": 2.24148130417,
        "var": 20.6653442383
    },
    "erbbands_flatness_db": {
        "dmean": 0.0200573094189,
        "dmean2": 0.0298466142267,
        "dvar": 0.000368875829736,
        "dvar2": 0.000743293028791,
        "max": 0.397447258234,
        "mean": 0.149459391832,
        "median": 0.136192336679,
        "min": 0.0454700514674,
        "var": 0.00410024728626
    },
    "erbbands_kurtosis": {
        "dmean": 1.30662417412,
        "dmean2": 2.08992552757,
        "dvar": 4.90025186539,
        "dvar2": 12.2531967163,
        "max": 87.2925415039,
        "mean": 1.47356891632,
        "median": 0.527462720871,
        "min": -1.86858510971,
        "var": 12.8363323212
    },
    "erbbands_skewness": {
        "dmean": 0.385205060244,
        "dmean2": 0.610588848591,
        "dvar": 0.135053947568,
        "dvar2": 0.320678561926,
        "max": 8.50268268585,
        "mean": 0.642676472664,
        "median": 0.56437921524,
        "min": -3.98080801964,
        "var": 0.677517831326
    },
    "erbbands_spread": {
        "dmean": 8.9566488266,
        "dmean2": 13.6345891953,
        "dvar": 88.4345779419,
        "dvar2": 186.812194824,
        "max": 141.585342407,
        "mean": 36.5388755798,
        "median": 32.5145568848,
        "min": 3.09326481819,
        "var": 400.608093262
    },
    "hfc": {
        "dmean": 12.1428098679,
        "dmean2": 18.6480255127,
        "dvar": 296.458251953,
        "dvar2": 708.741271973,
        "max": 194.588867188,
        "mean": 32.477558136,
        "median": 27.7235488892,
        "min": 1.10768278605e-16,
        "var": 692.069763184
    },
    "melbands_crest": {
        "dmean": 4.01377487183,
        "dmean2": 6.77864170074,
        "dvar": 10.7878017426,
        "dvar2": 29.9328975677,
        "max": 37.7354888916,
        "mean": 14.4583292007,
        "median": 13.7962446213,
        "min": 1.96055841446,
        "var": 27.9693927765
    },
    "melbands_flatness_db": {
        "dmean": 0.0298151727766,
        "dmean2": 0.046666700393,
        "dvar": 0.000706627091859,
        "dvar2": 0.00164167094044,
        "max": 0.651921629906,
        "mean": 0.19852758944,
        "median": 0.17837664485,
        "min": 0.00454013701528,
        "var": 0.00701467366889
    },
    "melbands_kurtosis": {
        "dmean": 7.41411685944,
        "dmean2": 11.9274406433,
        "dvar": 183.570632935,
        "dvar2": 448.630065918,
        "max": 354.889862061,
        "mean": 13.5397367477,
        "median": 7.02658557892,
        "min": -1.48014521599,
        "var": 400.034729004
    },
    "melbands_skewness": {
        "dmean": 0.807946622372,
        "dmean2": 1.27907133102,
        "dvar": 0.645201027393,
        "dvar2": 1.56704139709,
        "max": 14.7759552002,
        "mean": 2.49460053444,
        "median": 2.25056815147,
        "min": -1.37599384785,
        "var": 2.76874089241
    },
    "melbands_spread": {
        "dmean": 6.8397064209,
        "dmean2": 11.0252943039,
        "dvar": 67.3231124878,
        "dvar2": 160.557312012,
        "max": 201.34703064,
        "mean": 23.0368003845,
        "median": 21.6054286957,
        "min": 0.567039728165,
        "var": 232.182601929
    },
    "pitch_salience": {
        "dmean": 0.0816894546151,
        "dmean2": 0.133615776896,
        "dvar": 0.00507785053924,
        "dvar2": 0.0132126603276,
        "max": 0.868025243282,
        "mean": 0.539902985096,
        "median": 0.541348993778,
        "min": 0.0841009169817,
        "var": 0.0136409141123
    },
    "silence_rate_20dB": {
        "dmean": 0,
        "dmean2": 0,
        "dvar": 0,
        "dvar2": 0,
        "max": 1,
        "mean": 1,
        "median": 1,
        "min": 1,
        "var": 0
    },
    "silence_rate_30dB": {
        "dmean": 0.00855118501931,
        "dmean2": 0.0171044599265,
        "dvar": 0.00847776141018,
        "dvar2": 0.023896465078,
        "max": 1,
        "mean": 0.991816282272,
        "median": 1,
        "min": 0,
        "var": 0.00811834819615
    },
    "silence_rate_60dB": {
        "dmean": 0.00342047400773,
        "dmean2": 0.00671960925683,
        "dvar": 0.00340854516253,
        "dvar2": 0.00789676699787,
        "max": 1,
        "mean": 0.00916086509824,
        "median": 0,
        "min": 0,
        "var": 0.00907694827765
    },
    "spectral_centroid": {
        "dmean": 225.959121704,
        "dmean2": 358.424957275,
        "dvar": 76464.671875,
        "dvar2": 150177.078125,
        "max": 10953.7294922,
        "mean": 1271.71386719,
        "median": 1282.4185791,
        "min": 144.449951172,
        "var": 317496.9375
    },
    "spectral_complexity": {
        "dmean": 4.11238718033,
        "dmean2": 6.41979217529,
        "dvar": 19.6690635681,
        "dvar2": 43.3884277344,
        "max": 59,
        "mean": 22.1033344269,
        "median": 22,
        "min": 0,
        "var": 102.096694946
    },
    "spectral_decrease": {
        "dmean": 3.32045213547e-09,
        "dmean2": 5.37806599255e-09,
        "dvar": 1.27175975155e-17,
        "dvar2": 3.18393299039e-17,
        "max": 7.71691420323e-29,
        "mean": -9.62167767682e-09,
        "median": -8.69217053889e-09,
        "min": -5.43704530287e-08,
        "var": 3.71320119661e-17
    },
    "spectral_energy": {
        "dmean": 0.0131527399644,
        "dmean2": 0.0212040375918,
        "dvar": 0.000194459367776,
        "dvar2": 0.000483676965814,
        "max": 0.207025006413,
        "mean": 0.0392602235079,
        "median": 0.0359711125493,
        "min": 1.04297579772e-20,
        "var": 0.000594377226662
    },
    "spectral_energyband_high": {
        "dmean": 0.000900787010323,
        "dmean2": 0.00137445912696,
        "dvar": 2.54954511547e-06,
        "dvar2": 6.09583230471e-06,
        "max": 0.0187381282449,
        "mean": 0.00155723595526,
        "median": 0.000841666362248,
        "min": 7.58229534721e-21,
        "var": 4.12548797613e-06
    },
    "spectral_energyband_low": {
        "dmean": 0.00897777453065,
        "dmean2": 0.014904525131,
        "dvar": 0.000154181427206,
        "dvar2": 0.000394537579268,
        "max": 0.194243729115,
        "mean": 0.0159099269658,
        "median": 0.00958273559809,
        "min": 9.36643709068e-23,
        "var": 0.000327695393935
    },
    "spectral_energyband_middle_high": {
        "dmean": 0.0036804000847,
        "dmean2": 0.00587033294141,
        "dvar": 2.85343248834e-05,
        "dvar2": 7.33169072191e-05,
        "max": 0.0769210755825,
        "mean": 0.0102458763868,
        "median": 0.00609043100849,
        "min": 1.5106600002e-21,
        "var": 0.000107383973955
    },
    "spectral_energyband_middle_low": {
        "dmean": 0.00599193805829,
        "dmean2": 0.00973575934768,
        "dvar": 5.31060286448e-05,
        "dvar2": 0.000136565722642,
        "max": 0.100833825767,
        "mean": 0.0131797958165,
        "median": 0.010739531368,
        "min": 3.03445507722e-22,
        "var": 0.000102429847175
    },
    "spectral_entropy": {
        "dmean": 0.178061366081,
        "dmean2": 0.268010228872,
        "dvar": 0.0345339477062,
        "dvar2": 0.0714818239212,
        "max": 9.80878925323,
        "mean": 7.69197177887,
        "median": 7.82250165939,
        "min": 4.76569128036,
        "var": 0.324194550514
    },
    "spectral_flux": {
        "dmean": 0.0277750939131,
        "dmean2": 0.0436629056931,
        "dvar": 0.000736763817258,
        "dvar2": 0.00152915657964,
        "max": 0.353908598423,
        "mean": 0.111043512821,
        "median": 0.107766442001,
        "min": 1.0212618945e-10,
        "var": 0.00235548545606
    },
    "spectral_kurtosis": {
        "dmean": 1.68870973587,
        "dmean2": 2.78903865814,
        "dvar": 16.0849189758,
        "dvar2": 46.1161079407,
        "max": 114.865081787,
        "mean": 4.49326896667,
        "median": 3.26741123199,
        "min": -1.26777040958,
        "var": 43.0586967468
    },
    "spectral_rms": {
        "dmean": 0.00100553687662,
        "dmean2": 0.0016031449195,
        "dvar": 8.39552171783e-07,
        "dvar2": 2.01176658265e-06,
        "max": 0.0142118129879,
        "mean": 0.0058731068857,
        "median": 0.00592399947345,
        "min": 3.1898860723e-12,
        "var": 3.80931578547e-06
    },
    "spectral_rolloff": {
        "dmean": 548.803283691,
        "dmean2": 931.051879883,
        "dvar": 1101974.625,
        "dvar2": 2549046.75,
        "max": 19099.9511719,
        "mean": 1385.18127441,
        "median": 1162.79296875,
        "min": 43.06640625,
        "var": 1944553.5
    },
    "spectral_skewness": {
        "dmean": 0.210468307137,
        "dmean2": 0.336036682129,
        "dvar": 0.0775143280625,
        "dvar2": 0.208531424403,
        "max": 7.27454805374,
        "mean": 1.62316799164,
        "median": 1.54034209251,
        "min": -0.371904700994,
        "var": 0.313391029835
    },
    "spectral_spread": {
        "dmean": 722602.75,
        "dmean2": 1034234.875,
        "dvar": 927898664960,
        "dvar2": 1.6644056023e+12,
        "max": 42776256,
        "mean": 5276999,
        "median": 5151281.5,
        "min": 669025.1875,
        "var": 3.6614724649e+12
    },
    "spectral_strongpeak": {
        "dmean": 0.68016076088,
        "dmean2": 1.18342077732,
        "dvar": 1.20672523975,
        "dvar2": 3.20189595222,
        "max": 14.050786972,
        "mean": 1.00474536419,
        "median": 0.434922397137,
        "min": 0,
        "var": 1.82051050663
    },
    "zerocrossingrate": {
        "dmean": 0.0125005012378,
        "dmean2": 0.0153281539679,
        "dvar": 0.000220789181185,
        "dvar2": 0.000297304533888,
        "max": 0.60009765625,
        "mean": 0.065216653049,
        "median": 0.060546875,
        "min": 0.00244140625,
        "var": 0.00147522473708
    },
    "barkbands": {
        "dmean": [0.000490245060064, 0.00696481065825, 0.00320860906504, 0.00153905316256, 0.00227122101933, 0.00152535713278, 0.000799826753791, 0.000451464293292, 0.00149065069854, 0.00195805262774, 0.00123267341405, 0.00105585600249, 0.000652023707516, 0.000624663662165, 0.000357171316864, 0.000263854250079, 0.00021336255304, 0.000170630330103, 0.000143672630657, 0.000138186238473, 0.000119297103083, 0.000151208441821, 0.000172993837623, 0.000172994376044, 0.000187643920071, 0.000128530838992, 1.22976052808e-05],
        "dmean2": [0.000804238952696, 0.0117570962757, 0.00551590882242, 0.00270984182134, 0.00378698273562, 0.00243107764982, 0.00130435661413, 0.000758893380407, 0.00243616988882, 0.00324654811993, 0.00203009764664, 0.00173556315713, 0.00105917535257, 0.00101451191586, 0.000579226529226, 0.000427221879363, 0.000349330570316, 0.000284362497041, 0.00024263098021, 0.000227341850405, 0.000193991014385, 0.000240830209805, 0.000273222161923, 0.000269964279141, 0.000294369703624, 0.000197746034246, 1.9260107365e-05],
        "dvar": [1.01845637346e-06, 9.14608026505e-05, 5.23548660567e-05, 9.78815478447e-06, 1.44678488141e-05, 1.08857511805e-05, 3.79266634809e-06, 6.3190242372e-07, 1.06831712401e-05, 1.59869487106e-05, 6.45273030386e-06, 4.24319978265e-06, 2.52954282587e-06, 1.43601687341e-06, 7.60189209359e-07, 5.25686914443e-07, 2.35872363419e-07, 1.0050688104e-07, 7.53274420617e-08, 4.87483795553e-08, 4.3660350002e-08, 6.98610804761e-08, 1.18620690159e-07, 1.04007767732e-07, 1.40607738786e-07, 7.00470081938e-08, 9.7987251646e-10],
        "dvar2": [2.4440071229e-06, 0.000258790503722, 0.000138805247843, 2.74523754342e-05, 3.81411009585e-05, 2.6405794415e-05, 9.58516466198e-06, 1.68435929027e-06, 3.01888194372e-05, 4.44066608907e-05, 1.69547274709e-05, 1.11705339805e-05, 6.59736224407e-06, 3.72402519133e-06, 1.81637199148e-06, 1.19674348298e-06, 5.16025522757e-07, 2.61376698063e-07, 2.03694327183e-07, 1.26290402136e-07, 1.10471518155e-07, 1.69327023514e-07, 2.95416981544e-07, 2.46954243721e-07, 3.3571254221e-07, 1.67159114994e-07, 2.17679008152e-09],
        "max": [0.0670859441161, 0.135730102658, 0.0826957672834, 0.0384348481894, 0.0640953555703, 0.053736500442, 0.0504397042096, 0.0142098842189, 0.0886860489845, 0.0643455386162, 0.0396587997675, 0.0325216427445, 0.0421496890485, 0.0184567533433, 0.0213650111109, 0.0180604085326, 0.0168734658509, 0.00909526646137, 0.0044668619521, 0.00354773225263, 0.00243293237872, 0.00306039070711, 0.0058911126107, 0.00436877692118, 0.00463396636769, 0.00376409501769, 0.000914492411539],
        "mean": [0.000702890567482, 0.0107621932402, 0.00356832356192, 0.00158987473696, 0.00361463078298, 0.00245770369656, 0.00121288641822, 0.000663093233015, 0.0023058927618, 0.00311747961678, 0.00179330515675, 0.00173520401586, 0.00102553935722, 0.00106906832661, 0.00056318793213, 0.000439377501607, 0.000376259413315, 0.000306008238113, 0.000251701916568, 0.000266430928605, 0.00022091223218, 0.000262215733528, 0.000272640114417, 0.000255870865658, 0.000246351730311, 0.000167332837009, 1.38514578794e-05],
        "median": [0.000194363543415, 0.00600996380672, 0.00120415864512, 0.000675453920849, 0.00203480920754, 0.00104965292849, 0.00051652546972, 0.000321291852742, 0.000917994650081, 0.000830416858662, 0.000607881520409, 0.000683317426592, 0.000372533511836, 0.00039252062561, 0.000274122314295, 0.0001821465994, 0.000209428792004, 0.000180204180651, 0.000157914342708, 0.000180057992111, 0.000144566540257, 0.00014668503718, 0.000136152346386, 0.000100401608506, 7.46705409256e-05, 3.72702379536e-05, 3.35437619015e-07],
        "min": [1.7949901965e-23, 3.06324660699e-23, 4.97623556433e-23, 1.32921137709e-23, 3.57632552628e-23, 3.17398942522e-23, 2.76021263223e-23, 2.4972581557e-23, 4.29260239298e-23, 6.04743546733e-23, 3.05585876684e-23, 7.16754790189e-23, 5.66396702586e-23, 7.11050884083e-23, 1.54471561773e-22, 1.08074524617e-22, 1.36069834992e-22, 2.37355372171e-22, 2.63706229414e-22, 3.48897577866e-22, 3.78525880802e-22, 4.58011328907e-22, 6.20017610419e-22, 7.84926294218e-22, 9.21204451597e-22, 1.41125110632e-21, 2.31651647818e-21],
        "var": [6.46057605991e-06, 0.000174793225597, 4.70073719043e-05, 7.86756208981e-06, 2.20874571824e-05, 2.04473544727e-05, 5.1308975344e-06, 9.97361325972e-07, 1.93600662897e-05, 3.08241869789e-05, 1.04470664155e-05, 7.74546970206e-06, 4.80693915961e-06, 3.24873030877e-06, 1.45731974044e-06, 1.10942289666e-06, 4.91883781706e-07, 2.0617311236e-07, 1.00035983053e-07, 8.81027801825e-08, 6.88561740958e-08, 1.13487253373e-07, 1.57862245942e-07, 1.69444447806e-07, 1.9138656171e-07, 9.82315313536e-08, 1.95635352362e-09]
    },
    "erbbands": {
        "dmean": [0.230510279536, 1.53556680679, 3.31310772896, 4.78821563721, 6.40222024918, 8.04766082764, 11.3678426743, 10.123087883, 12.6710042953, 7.95797729492, 16.9949073792, 30.4317092896, 61.6515693665, 48.9196548462, 33.1718673706, 41.6532020569, 29.6176586151, 28.724647522, 20.5727672577, 17.5178604126, 12.8114881516, 11.2415971756, 9.33901691437, 7.40520095825, 7.7358250618, 5.72182703018, 4.66863059998, 5.16247415543, 5.26721763611, 6.05204057693, 4.55666685104, 3.87048768997, 2.82389163971, 2.09466195107, 1.34620511532, 0.559476137161, 0.241799861193, 0.0488840416074, 0.00140089227352, 5.458965461e-05],
        "dmean2": [0.385445684195, 2.58605647087, 5.57386159897, 8.38228130341, 10.637553215, 13.6439409256, 18.3264198303, 16.4697971344, 20.9203720093, 12.8575468063, 28.1635189056, 50.4848480225, 102.976318359, 79.8804321289, 54.2048416138, 68.2705535889, 47.8487510681, 46.4317855835, 33.0113372803, 28.3951435089, 20.3647441864, 18.3731136322, 15.4167928696, 12.3491210938, 13.1174478531, 9.34027767181, 7.553586483, 8.50691413879, 8.46329593658, 9.65280628204, 7.08176994324, 6.10733222961, 4.41686820984, 3.32891368866, 2.0989215374, 0.873356997967, 0.373491197824, 0.0751282200217, 0.00214673858136, 8.35187674966e-05],
        "dvar": [0.106421358883, 4.98367595673, 48.0251464844, 110.506942749, 110.328659058, 220.770324707, 654.671569824, 541.295593262, 1013.4118042, 364.794036865, 991.084838867, 5255.05322266, 17787.5898438, 8108.55419922, 6402.31884766, 5906.01367188, 4692.07226562, 2976.2487793, 1983.71057129, 1744.53173828, 1411.08691406, 427.427978516, 349.559417725, 139.71913147, 237.238052368, 94.1035308838, 63.9606933594, 82.5416717529, 87.2380523682, 161.822814941, 69.7824401855, 52.4122467041, 28.2207241058, 16.4745407104, 8.14269828796, 1.3742839098, 0.255066633224, 0.0125045254827, 1.02860594779e-05, 1.32901263328e-08],
        "dvar2": [0.298605889082, 13.8494796753, 121.102020264, 303.994110107, 284.503356934, 589.164123535, 1628.65148926, 1347.0078125, 2618.43237305, 901.881835938, 2607.67602539, 15146.7724609, 50277.4296875, 21955.359375, 16608.0429688, 15648.9550781, 11970.1191406, 7584.04150391, 4956.59570312, 4046.63452148, 3190.88525391, 1002.62316895, 900.281921387, 370.983032227, 647.125183105, 243.696105957, 159.082778931, 211.249435425, 216.2865448, 413.208740234, 164.226089478, 127.134712219, 67.1677627563, 39.4543914795, 19.4497966766, 3.329403162, 0.602622807026, 0.0300190914422, 2.46070922003e-05, 3.02605478453e-08],
        "max": [9.42039108276, 27.2858715057, 69.6455154419, 123.428405762, 178.202301025, 265.293395996, 457.111602783, 408.550384521, 759.037231445, 417.237762451, 581.344299316, 1889.84692383, 2283.15722656, 1528.51123047, 1639.59899902, 969.436096191, 2139.19042969, 1057.03955078, 1135.22644043, 1023.02050781, 1101.16992188, 658.69329834, 634.098632812, 190.216339111, 225.419906616, 172.95892334, 110.72089386, 117.562660217, 132.329284668, 222.357208252, 192.08102417, 125.629341125, 73.4289779663, 51.9518051147, 35.7471084595, 20.5411071777, 6.23491811752, 1.70657360554, 0.0850459039211, 0.00444319890812],
        "mean": [0.335552632809, 2.27778172493, 4.35078859329, 5.20034790039, 9.06560516357, 12.4946260452, 18.6698246002, 15.2407684326, 19.0648670197, 12.4880428314, 27.3374023438, 47.6136741638, 98.7383117676, 81.5487136841, 55.0024642944, 72.8682479858, 52.1498908997, 49.9989585876, 37.9413948059, 30.0244808197, 24.2542285919, 21.3900203705, 17.6064529419, 14.1091165543, 13.5378475189, 11.1604938507, 8.91153526306, 9.17226314545, 9.07285118103, 9.43206119537, 7.4289021492, 5.7761631012, 4.07056617737, 2.79249048233, 1.71608698368, 0.727613151073, 0.305278450251, 0.0621139034629, 0.00180447963066, 0.000104254679172],
        "median": [0.1758762151, 1.1841326952, 1.81783676147, 2.23907971382, 4.52600431442, 6.7370557785, 7.20590209961, 7.63899803162, 8.86654949188, 6.47379016876, 11.970366478, 20.1428413391, 26.8151683807, 31.6488304138, 21.8421440125, 30.5260658264, 23.1568145752, 21.9289207458, 17.3654727936, 14.7482995987, 11.3656358719, 11.9745426178, 10.2193574905, 9.1216583252, 9.34568405151, 7.81922912598, 5.78851699829, 5.98055553436, 5.12183713913, 4.84349060059, 3.69688606262, 2.43380379677, 1.52668178082, 0.917785644531, 0.462940186262, 0.192817136645, 0.0604723617435, 0.00679544638842, 0.000181779716513, 6.03707885602e-05],
        "min": [1.26154070507e-21, 5.89951917559e-21, 4.02220805692e-20, 6.67003937022e-20, 5.52353214454e-20, 1.15415076228e-19, 1.8800188104e-19, 3.50892704182e-19, 2.54224138498e-19, 5.62317742305e-19, 6.44374317564e-19, 8.46648670161e-19, 2.60851240732e-18, 1.48092109619e-18, 2.14558904932e-18, 2.98965159099e-18, 2.72485536048e-18, 3.26254364495e-18, 5.00456636945e-18, 8.2063496693e-18, 7.27331558094e-18, 8.55531069995e-18, 1.16670740017e-17, 1.15925822516e-17, 1.56215887638e-17, 1.48162374476e-17, 1.70484240353e-17, 1.51903331884e-17, 1.66174612818e-17, 1.21289700014e-17, 1.85081000314e-17, 1.55876197648e-17, 1.37316092771e-17, 9.05804295212e-18, 7.95832948879e-18, 5.68369778238e-18, 2.31259826256e-18, 1.31647634965e-18, 3.37943450186e-19, 3.03603137529e-20],
        "var": [0.26421380043, 8.22113990784, 51.8253097534, 88.8064651489, 166.34072876, 331.492889404, 1293.72375488, 723.537597656, 1210.81213379, 499.32144165, 1997.87878418, 8655.37988281, 33852.203125, 15973.1347656, 10805.0908203, 11991.1972656, 9447.75585938, 5760.61474609, 4347.08154297, 3427.20825195, 3516.74316406, 1075.15283203, 779.389648438, 257.607910156, 277.890625, 158.140396118, 111.183372498, 123.78062439, 137.487701416, 192.280197144, 111.697044373, 81.2432098389, 45.5168533325, 24.1670417786, 10.4014883041, 1.82090377808, 0.366979748011, 0.0203972589225, 1.87681725947e-05, 2.44013875772e-08]
    },
    "gfcc": {
        "mean": [28.9020595551, 86.8463897705, -112.739761353, 28.9829769135, -58.2254753113, 28.9550895691, -31.6400680542, 9.82356071472, -21.0629501343, 0.603448212147, -13.6829690933, 2.36498594284, -7.38101863861],
        "cov": [[7381.38769531, -2961.42553711, 560.424621582, -397.248565674, -158.313552856, 636.901123047, 41.5155143738, 649.887939453, -781.95880127, 755.85345459, -388.534362793, 675.215820312, -427.585357666], [-2961.42553711, 2380.10791016, -6.06247758865, 433.032928467, 225.505889893, -289.838684082, 99.4518737793, -423.862670898, 430.68170166, -458.465148926, 302.485717773, -376.375518799, 269.796203613], [560.424621582, -6.06247758865, 1234.1673584, 386.882141113, 277.006134033, 16.3501720428, -107.558570862, -38.9523735046, -64.3363876343, 105.627494812, -76.872428894, 143.158599854, -95.758102417], [-397.248565674, 433.032928467, 386.882141113, 532.521484375, 108.71068573, -36.2940597534, -72.6420898438, -106.981147766, 121.7527771, -66.6539230347, 48.2240791321, -46.2961578369, 60.4540252686], [-158.313552856, 225.505889893, 277.006134033, 108.71068573, 378.627563477, -9.74656009674, 43.2933158875, -13.5135383606, 18.4277744293, 37.0225372314, -24.7656383514, 13.6619853973, -22.4120731354], [636.901123047, -289.838684082, 16.3501720428, -36.2940597534, -9.74656009674, 257.502716064, 91.4145278931, 93.3415985107, -92.3749465942, 70.5336074829, -22.4361343384, 40.0981826782, -29.3266639709], [41.5155143738, 99.4518737793, -107.558570862, -72.6420898438, 43.2933158875, 91.4145278931, 215.740066528, 36.3415374756, 2.41578507423, -11.3716440201, 28.9987831116, -14.5872049332, 3.35253214836], [649.887939453, -423.862670898, -38.9523735046, -106.981147766, -13.5135383606, 93.3415985107, 36.3415374756, 210.031616211, -60.0994377136, 113.029052734, -70.4015045166, 80.1814193726, -35.4559364319], [-781.95880127, 430.68170166, -64.3363876343, 121.7527771, 18.4277744293, -92.3749465942, 2.41578507423, -60.0994377136, 223.318206787, -93.4980773926, 70.0531768799, -86.1617736816, 73.9717788696], [755.85345459, -458.465148926, 105.627494812, -66.6539230347, 37.0225372314, 70.5336074829, -11.3716440201, 113.029052734, -93.4980773926, 201.05241394, -50.7379875183, 116.822982788, -68.2277908325], [-388.534362793, 302.485717773, -76.872428894, 48.2240791321, -24.7656383514, -22.4361343384, 28.9987831116, -70.4015045166, 70.0531768799, -50.7379875183, 134.10798645, -36.9199371338, 57.2350082397], [675.215820312, -376.375518799, 143.158599854, -46.2961578369, 13.6619853973, 40.0981826782, -14.5872049332, 80.1814193726, -86.1617736816, 116.822982788, -36.9199371338, 164.695419312, -38.4154815674], [-427.585357666, 269.796203613, -95.758102417, 60.4540252686, -22.4120731354, -29.3266639709, 3.35253214836, -35.4559364319, 73.9717788696, -68.2277908325, 57.2350082397, -38.4154815674, 113.499755859]],
        "icov": [[0.000408820225857, 0.000142875083839, -3.78336553695e-05, -0.000192592779058, 0.000228073899052, -0.000282782508293, -0.000188437188626, -0.000269038573606, 0.000527802447323, -0.000309389783069, 7.85245210864e-05, -0.00060214009136, 0.000391300098272], [0.000142875083839, 0.00215336866677, -0.000472882180475, -0.000174001193955, -0.00107372784987, 0.000888177193701, -0.00111319299322, 0.00083633849863, -0.00043710495811, 0.00151526660193, -0.00194553274196, 0.00191678316332, -0.0017495296197], [-3.78336553695e-05, -0.000472882180475, 0.0019012989942, -0.00130660703871, -0.00057960418053, -0.000398640928324, 0.000641777296551, 0.000447162543423, 0.000309336581267, -0.000179022550583, 0.000906866102014, -0.00206833821721, 0.0017182767624], [-0.000192592779058, -0.000174001193955, -0.00130660703871, 0.0039444710128, -0.000415789691033, -0.000950171728618, 0.00135647854768, 0.000666499894578, -0.00183087191544, 0.000276860228041, -0.000416146154748, 0.00104166020174, -0.00175265793223], [0.000228073899052, -0.00107372784987, -0.00057960418053, -0.000415789691033, 0.00460005830973, 0.000102508449345, -0.00150144111831, 9.03084437596e-05, 9.83947247732e-05, -0.00266320467927, 0.00242604175583, -0.000875516619999, 0.000966617837548], [-0.000282782508293, 0.000888177193701, -0.000398640928324, -0.000950171728618, 0.000102508449345, 0.00742541020736, -0.00344274542294, -0.00149144849274, 0.00219060503878, -0.000351113383658, -0.00141712347977, 0.00260692765005, -0.00147395848762], [-0.000188437188626, -0.00111319299322, 0.000641777296551, 0.00135647854768, -0.00150144111831, -0.00344274542294, 0.0083086611703, -0.00193156430032, -0.00059844419593, 0.00162757537328, -0.00185715721454, -0.000782163930126, 0.00176052364986], [-0.000269038573606, 0.00083633849863, 0.000447162543423, 0.000666499894578, 9.03084437596e-05, -0.00149144849274, -0.00193156430032, 0.0112072201446, -0.00272933859378, -0.00342702469788, 0.00437720865011, -0.00109186489135, -0.00264693563804], [0.000527802447323, -0.00043710495811, 0.000309336581267, -0.00183087191544, 9.83947247732e-05, 0.00219060503878, -0.00059844419593, -0.00272933859378, 0.00985598005354, -4.59721668449e-05, -0.00194069824647, 0.00130454462487, -0.00101684825495], [-0.000309389783069, 0.00151526660193, -0.000179022550583, 0.000276860228041, -0.00266320467927, -0.000351113383658, 0.00162757537328, -0.00342702469788, -4.59721668449e-05, 0.0142001155764, -0.00382530037314, -0.00326672801748, 0.00258817849681], [7.85245210864e-05, -0.00194553274196, 0.000906866102014, -0.000416146154748, 0.00242604175583, -0.00141712347977, -0.00185715721454, 0.00437720865011, -0.00194069824647, -0.00382530037314, 0.015365418978, -0.00325188669376, -0.00244132173248], [-0.00060214009136, 0.00191678316332, -0.00206833821721, 0.00104166020174, -0.000875516619999, 0.00260692765005, -0.000782163930126, -0.00109186489135, 0.00130454462487, -0.00326672801748, -0.00325188669376, 0.0160933900625, -0.00466894777492], [0.000391300098272, -0.0017495296197, 0.0017182767624, -0.00175265793223, 0.000966617837548, -0.00147395848762, 0.00176052364986, -0.00264693563804, -0.00101684825495, 0.00258817849681, -0.00244132173248, -0.00466894777492, 0.0176272056997]]
    },
    "melbands": {
        "dmean": [0.00198466214351, 0.00167253729887, 0.000826124742161, 0.000533694401383, 0.000358755787602, 0.000251779274549, 0.000181800933206, 8.07366595836e-05, 0.000179956958164, 0.000195987173356, 0.000316372083034, 0.000205850301427, 0.000131674605655, 9.42074693739e-05, 0.000124758196762, 5.59516629437e-05, 5.93181976001e-05, 3.96463365178e-05, 3.13657910738e-05, 1.98644593183e-05, 1.57613485499e-05, 1.35827331178e-05, 9.23875086301e-06, 7.76772230893e-06, 6.35253400105e-06, 5.85528232477e-06, 6.23881715001e-06, 3.77006426788e-06, 3.20086428474e-06, 3.01256386592e-06, 3.10150448968e-06, 3.06229753733e-06, 3.21073434861e-06, 3.61993807019e-06, 2.70784335044e-06, 2.6386569516e-06, 2.40125041273e-06, 2.05337232728e-06, 1.93113623936e-06, 1.74046374468e-06],
        "dmean2": [0.00333386892453, 0.00279285432771, 0.00142193818465, 0.00089204258984, 0.00058404286392, 0.000405686936574, 0.000298561528325, 0.000131781329401, 0.000297744787531, 0.00032275961712, 0.000528164731804, 0.000335022254148, 0.000215376741835, 0.000152691645781, 0.000202994924621, 8.98945727386e-05, 9.58476302912e-05, 6.35480319033e-05, 5.11509097123e-05, 3.25885121129e-05, 2.51266028499e-05, 2.22561757255e-05, 1.52723405336e-05, 1.29223817567e-05, 1.06554443846e-05, 1.0025119991e-05, 1.05031713247e-05, 6.19640923105e-06, 5.24398319612e-06, 4.95756876262e-06, 5.13243594469e-06, 5.00741452925e-06, 5.096375844e-06, 5.86339820074e-06, 4.25835014539e-06, 4.19572597821e-06, 3.84467921322e-06, 3.25147084368e-06, 3.08719722852e-06, 2.77904473478e-06],
        "dvar": [7.19321224096e-06, 8.71958854987e-06, 2.6472657737e-06, 8.53800145251e-07, 5.4871861721e-07, 3.00877786685e-07, 2.00274627105e-07, 3.31941016896e-08, 1.1852817039e-07, 2.3279400807e-07, 4.64081040263e-07, 1.42817015103e-07, 8.43050997901e-08, 4.88080509342e-08, 5.60550255102e-08, 2.97820115236e-08, 1.20223386801e-08, 8.81475070713e-09, 7.51266870935e-09, 2.31862262723e-09, 2.75233080771e-09, 8.32301561005e-10, 3.12270043157e-10, 2.39513242573e-10, 1.03488953518e-10, 1.65182020839e-10, 1.06875161499e-10, 4.49068490727e-11, 2.96449323423e-11, 3.03378398792e-11, 2.99654884239e-11, 3.01409626424e-11, 3.21845189388e-11, 7.09052400127e-11, 2.5952138008e-11, 2.40771239751e-11, 2.12285588413e-11, 1.52953916893e-11, 1.43885658596e-11, 1.16810337444e-11],
        "dvar2": [2.05248234124e-05, 2.10583712033e-05, 7.21169499229e-06, 2.26053248298e-06, 1.38102507208e-06, 7.39981430797e-07, 5.14358816872e-07, 8.33828153191e-08, 3.09378634711e-07, 6.71215786952e-07, 1.3065815665e-06, 3.86423266718e-07, 2.17550635284e-07, 1.2498961155e-07, 1.51591123654e-07, 7.83073517141e-08, 3.04699518949e-08, 2.20490807834e-08, 1.79383601306e-08, 5.38398658989e-09, 6.03937833077e-09, 1.82773063351e-09, 7.87736209595e-10, 6.16441842016e-10, 2.76269840338e-10, 4.50857878809e-10, 2.90006268999e-10, 1.18407561533e-10, 7.47367931431e-11, 7.86469292469e-11, 7.74247749247e-11, 7.63068636056e-11, 7.88868276258e-11, 1.87909743321e-10, 6.29377869266e-11, 5.90595905514e-11, 5.22766205324e-11, 3.70369221403e-11, 3.51465107018e-11, 2.79574939588e-11],
        "max": [0.0593618564308, 0.0308655127883, 0.0189931821078, 0.0135104991496, 0.0144444620237, 0.00875277910382, 0.0114114545286, 0.00374520081095, 0.00612523732707, 0.0142294317484, 0.0115443533286, 0.00655987719074, 0.00564749818295, 0.00432472256944, 0.00414560502395, 0.00559563236311, 0.002156739356, 0.00241432781331, 0.00233585364185, 0.00132095906883, 0.00171394099016, 0.00103591242805, 0.000397533818614, 0.00053584924899, 0.000159602219355, 0.00027140538441, 0.000159308881848, 0.000108839900349, 8.2248065155e-05, 7.71364502725e-05, 8.35097816889e-05, 8.72366072144e-05, 7.00499513187e-05, 0.000176791945705, 0.000142721270095, 9.71443150775e-05, 6.84631668264e-05, 5.72586650378e-05, 4.86139688292e-05, 5.57412022317e-05],
        "mean": [0.00301861902699, 0.00260993419215, 0.000988901825622, 0.000821187160909, 0.000607063469943, 0.000393300782889, 0.000279105413938, 0.000120349119243, 0.000278607971268, 0.000301753811073, 0.00049916934222, 0.000333710631821, 0.000202361305128, 0.000159960967721, 0.000196260138182, 8.89161019586e-05, 9.66555744526e-05, 6.66092091706e-05, 4.78167494293e-05, 3.28010537487e-05, 2.76015725831e-05, 2.3906939532e-05, 1.6119756765e-05, 1.38447767313e-05, 1.12001107482e-05, 9.20698312257e-06, 1.04771615952e-05, 6.68870234222e-06, 5.70523070564e-06, 5.16408363183e-06, 5.22194704899e-06, 5.06614833284e-06, 5.12316137247e-06, 5.25301356902e-06, 4.27647773904e-06, 3.94639982915e-06, 3.38286326951e-06, 2.89720878754e-06, 2.57371425505e-06, 2.25511007557e-06],
        "median": [0.00168349698652, 0.00130240106955, 0.000519374269061, 0.000426981598139, 0.000275207683444, 0.00019635494391, 0.000130034095491, 6.09995586274e-05, 0.000109441316454, 0.000120347132906, 0.000122890691273, 0.00012077322026, 7.31302643544e-05, 6.14411110291e-05, 7.99740082584e-05, 2.78315364994e-05, 3.92014189856e-05, 2.43816866714e-05, 2.19831727009e-05, 1.40322299558e-05, 1.133420119e-05, 1.28924766614e-05, 9.35013304115e-06, 7.93095750851e-06, 6.79611730448e-06, 5.70757310925e-06, 6.3390421019e-06, 4.30288037023e-06, 3.47531477018e-06, 3.33548746312e-06, 3.26597751155e-06, 2.78415109278e-06, 2.65568701252e-06, 2.61136460722e-06, 2.09253880712e-06, 1.78912682713e-06, 1.3192369579e-06, 1.08082451789e-06, 8.71703434768e-07, 7.13431006716e-07],
        "min": [9.59658047557e-24, 1.73484681e-23, 1.1453669487e-23, 5.25818234047e-24, 7.41791231614e-24, 6.93487069577e-24, 4.81240138166e-24, 5.84073639745e-24, 5.38291781566e-24, 5.97878035054e-24, 1.32544346186e-23, 4.81380476521e-24, 5.46741467937e-24, 6.64654676808e-24, 9.95178403081e-24, 5.71228735954e-24, 5.79745396616e-24, 5.82819548121e-24, 1.46446583914e-23, 7.33554734903e-24, 9.05404375459e-24, 8.75994536507e-24, 7.63678650746e-24, 1.25159748255e-23, 8.47806721984e-24, 1.00857791553e-23, 1.18056970882e-23, 9.75325298452e-24, 8.79649644625e-24, 1.05899235938e-23, 8.08587397675e-24, 1.02578107861e-23, 7.63993327361e-24, 6.13609617555e-24, 9.02228894771e-24, 1.01269695275e-23, 9.79491825095e-24, 8.72395831944e-24, 9.31556376645e-24, 6.94154682561e-24],
        "var": [1.59062365128e-05, 1.24457892525e-05, 2.27770010497e-06, 1.3023250176e-06, 1.05051935861e-06, 4.54730866295e-07, 2.49648735462e-07, 4.35063434168e-08, 2.38637056782e-07, 3.8795391788e-07, 8.82962353899e-07, 2.79160701666e-07, 1.36298126563e-07, 8.65775575676e-08, 1.01011707443e-07, 5.61253550302e-08, 2.38871695757e-08, 1.92109546049e-08, 1.3606406668e-08, 5.13506970279e-09, 6.75496902858e-09, 1.81936099519e-09, 6.17701445549e-10, 4.57535120901e-10, 1.83356871353e-10, 1.75751607712e-10, 1.65929159301e-10, 6.87262330379e-11, 5.00127647629e-11, 4.10037767629e-11, 4.40150138559e-11, 4.47887386901e-11, 4.886652194e-11, 7.10627320877e-11, 3.87747264852e-11, 3.59898812141e-11, 3.1085200386e-11, 2.34352901668e-11, 2.09573382953e-11, 1.66577394239e-11]
    },
    "mfcc": {
        "mean": [-612.849487305, 115.110702515, 7.48742485046, 9.25557994843, 3.28455972672, 13.2324848175, 4.17114591599, 10.6254882812, 1.23077785969, 3.45316243172, -0.417768269777, -2.03309345245, -1.87363016605],
        "cov": [[5731.69091797, -1684.5345459, -206.013214111, -481.773132324, -385.780456543, -25.600933075, 529.790405273, 63.5111961365, 61.3143768311, -28.4521884918, 33.1529045105, 116.10786438, 185.006790161], [-1684.5345459, 1199.26928711, 164.833190918, 280.942657471, 167.34992981, 100.157424927, -84.1725311279, 26.6858043671, -42.974899292, 23.7695770264, -14.2136268616, -59.1116065979, -53.3327674866], [-206.013214111, 164.833190918, 836.299133301, 378.659545898, 295.111999512, 142.711181641, -37.3804130554, -14.1865987778, -29.9018611908, -56.374961853, -25.6469287872, 25.0898590088, 27.9272155762], [-481.773132324, 280.942657471, 378.659545898, 485.365539551, 283.282897949, 92.6366882324, -90.5018844604, -25.4775028229, 8.73137664795, -26.3246574402, -27.5849590302, 41.6454277039, 22.5696353912], [-385.780456543, 167.34992981, 295.111999512, 283.282897949, 345.20211792, 91.9484939575, -51.4536170959, -34.1338844299, 24.8764476776, -7.03678798676, -11.5052204132, 19.5170440674, 18.7786064148], [-25.600933075, 100.157424927, 142.711181641, 92.6366882324, 91.9484939575, 165.444290161, 80.4474868774, 21.7513580322, -2.24662542343, 10.9685773849, 7.73307991028, 0.824595272541, 0.96910572052], [529.790405273, -84.1725311279, -37.3804130554, -90.5018844604, -51.4536170959, 80.4474868774, 240.515060425, 49.1578941345, 15.7526102066, 19.019077301, 28.0174465179, -3.18568992615, 11.8236217499], [63.5111961365, 26.6858043671, -14.1865987778, -25.4775028229, -34.1338844299, 21.7513580322, 49.1578941345, 108.124687195, 39.6456222534, 16.6278038025, 10.5142345428, 2.84008407593, -9.43921852112], [61.3143768311, -42.974899292, -29.9018611908, 8.73137664795, 24.8764476776, -2.24662542343, 15.7526102066, 39.6456222534, 112.411735535, 38.6870613098, 9.13632488251, 11.0336503983, -2.04163599014], [-28.4521884918, 23.7695770264, -56.374961853, -26.3246574402, -7.03678798676, 10.9685773849, 19.019077301, 16.6278038025, 38.6870613098, 82.6277694702, 31.8371295929, -6.74239730835, -9.11899280548], [33.1529045105, -14.2136268616, -25.6469287872, -27.5849590302, -11.5052204132, 7.73307991028, 28.0174465179, 10.5142345428, 9.13632488251, 31.8371295929, 64.0008621216, 15.7442455292, 3.1047129631], [116.10786438, -59.1116065979, 25.0898590088, 41.6454277039, 19.5170440674, 0.824595272541, -3.18568992615, 2.84008407593, 11.0336503983, -6.74239730835, 15.7442455292, 77.581161499, 37.6037406921], [185.006790161, -53.3327674866, 27.9272155762, 22.5696353912, 18.7786064148, 0.96910572052, 11.8236217499, -9.43921852112, -2.04163599014, -9.11899280548, 3.1047129631, 37.6037406921, 78.884262085]],
