{
"lowlevel": {
    "average_loudness": 0.557008802891,
    "barkbands_crest": {
        "dmean": 2.44078063965,
        "dmean2": 3.88907003403,
        "dvar": 5.24176931381,
        "dvar2": 12.2646226883,
        "max": 26.6761665344,
        "mean": 12.3511381149,
        "median": 11.3077907562,
        "min": 2.08522176743,
        "var": 26.6624412537
    },
    "barkbands_flatness_db": {
        "dmean": 0.0247901305556,
        "dmean2": 0.0362852849066,
        "dvar": 0.000666288251523,
        "dvar2": 0.00118065718561,
        "max": 0.643604338169,
        "mean": 0.225982010365,
        "median": 0.203529506922,
        "min": 0.0295973308384,
        "var": 0.0116064026952
    },
    "barkbands_kurtosis": {
        "dmean": 4.97413778305,
        "dmean2": 7.7276673317,
        "dvar": 249.029022217,
        "dvar2": 550.534484863,
        "max": 486.951721191,
        "mean": 10.3173751831,
        "median": 3.67230606079,
        "min": -1.90529561043,
        "var": 669.881103516
    },
    "barkbands_skewness": {
        "dmean": 0.537723124027,
        "dmean2": 0.81682485342,
        "dvar": 0.561618626118,
        "dvar2": 1.1172709465,
        "max": 18.1817684174,
        "mean": 1.82971763611,
        "median": 1.47009813786,
        "min": -3.3764526844,
        "var": 3.36006712914
    },
    "barkbands_spread": {
        "dmean": 3.29932236671,
        "dmean2": 5.00857448578,
        "dvar": 30.1007823944,
        "dvar2": 55.6989707947,
        "max": 86.1007537842,
        "mean": 12.8169908524,
        "median": 10.2983264923,
        "min": 0.0891214981675,
        "var": 131.222808838
    },
    "dissonance": {
        "dmean": 0.029460741207,
        "dmean2": 0.0492268465459,
        "dvar": 0.000857585633639,
        "dvar2": 0.00221242848784,
        "max": 0.500000059605,
        "mean": 0.427057474852,
        "median": 0.44472694397,
        "min": 0.10984108597,
        "var": 0.00370343681425
    },
    "dynamic_complexity": 3.17467045784,
    "erbbands_crest": {
        "dmean": 2.97210121155,
        "dmean2": 4.79426002502,
        "dvar": 7.21672391891,
        "dvar2": 17.9316272736,
        "max": 31.7745990753,
        "mean": 12.2611045837,
        "median": 11.4233188629,
        "min": 2.30165243149,
        "var": 28.0339183807
    },
    "erbbands_flatness_db": {
        "dmean": 0.0212248172611,
        "dmean2": 0.0303022712469,
        "dvar": 0.00050265196478,
        "dvar2": 0.00088817399228,
        "max": 0.556053996086,
        "mean": 0.235704571009,
        "median": 0.226483657956,
        "min": 0.0582803040743,
        "var": 0.00763333542272
    },
    "erbbands_kurtosis": {
        "dmean": 2.00169634819,
        "dmean2": 3.19854545593,
        "dvar": 16.2463321686,
        "dvar2": 37.3581123352,
        "max": 132.519683838,
        "mean": 3.36036944389,
        "median": 1.63745355606,
        "min": -1.89782750607,
        "var": 39.3682403564
    },
    "erbbands_skewness": {
        "dmean": 0.418455421925,
        "dmean2": 0.646815061569,
        "dvar": 0.224448561668,
        "dvar2": 0.45730009675,
        "max": 9.4302444458,
        "mean": 1.20614218712,
        "median": 1.08261322975,
        "min": -4.41105365753,
        "var": 1.06566560268
    },
    "erbbands_spread": {
        "dmean": 5.83065795898,
        "dmean2": 8.89757728577,
        "dvar": 69.6692886353,
        "dvar2": 145.471389771,
        "max": 133.995162964,
        "mean": 24.8433837891,
        "median": 20.9499435425,
        "min": 0.438502043486,
        "var": 287.481903076
    },
    "hfc": {
        "dmean": 4.55585050583,
        "dmean2": 7.17069816589,
        "dvar": 43.2834625244,
        "dvar2": 108.744110107,
        "max": 122.921516418,
        "mean": 18.0323143005,
        "median": 14.2599020004,
        "min": 1.1735903535e-16,
        "var": 242.35357666
    },
    "melbands_crest": {
        "dmean": 2.90832352638,
        "dmean2": 4.60629796982,
        "dvar": 7.53111886978,
        "dvar2": 17.8527030945,
        "max": 38.3822364807,
        "mean": 15.7170734406,
        "median": 14.3110408783,
        "min": 1.72058713436,
        "var": 40.9299621582
    },
    "melbands_flatness_db": {
        "dmean": 0.0269313585013,
        "dmean2": 0.038518499583,
        "dvar": 0.000896000128705,
        "dvar2": 0.00148653110955,
        "max": 0.76170372963,
        "mean": 0.292545080185,
        "median": 0.256844699383,
        "min": 0.00454115215689,
        "var": 0.016716402024
    },
    "melbands_kurtosis": {
        "dmean": 6.58923578262,
        "dmean2": 10.1042299271,
        "dvar": 217.415786743,
        "dvar2": 454.245422363,
        "max": 370.887664795,
        "mean": 15.8976945877,
        "median": 7.15062618256,
        "min": -1.90405249596,
        "var": 947.298400879
    },
    "melbands_skewness": {
        "dmean": 0.593979477882,
        "dmean2": 0.909594416618,
        "dvar": 0.481386423111,
        "dvar2": 1.01976299286,
        "max": 17.484336853,
        "mean": 2.29812383652,
        "median": 1.92385029793,
        "min": -1.26743888855,
        "var": 3.7886762619
    },
    "melbands_spread": {
        "dmean": 3.72363901138,
        "dmean2": 5.69989967346,
        "dvar": 60.8739318848,
        "dvar2": 108.929000854,
        "max": 224.538101196,
        "mean": 14.8638324738,
        "median": 10.9505968094,
        "min": 0.203529417515,
        "var": 249.099899292
    },
    "pitch_salience": {
        "dmean": 0.0636441037059,
        "dmean2": 0.101678334177,
        "dvar": 0.0038686322514,
        "dvar2": 0.00920051615685,
        "max": 0.882442712784,
        "mean": 0.536708414555,
        "median": 0.553914606571,
        "min": 0.0378928817809,
        "var": 0.0198608767241
    },
    "silence_rate_20dB": {
        "dmean": 0,
        "dmean2": 0,
        "dvar": 0,
        "dvar2": 0,
        "max": 1,
        "mean": 1,
        "median": 1,
        "min": 1,
        "var": 0
    },
    "silence_rate_30dB": {
        "dmean": 0.0101498309523,
        "dmean2": 0.0203021150082,
        "dvar": 0.0100471163169,
        "dvar2": 0.0261737573892,
        "max": 1,
        "mean": 0.987797498703,
        "median": 1,
        "min": 0,
        "var": 0.0120549323037
    },
    "silence_rate_60dB": {
        "dmean": 0.013774770312,
        "dmean2": 0.0274320244789,
        "dvar": 0.0135858934373,
        "dvar2": 0.0300593078136,
        "max": 1,
        "mean": 0.0490515902638,
        "median": 0,
        "min": 0,
        "var": 0.0466495342553
    },
    "spectral_centroid": {
        "dmean": 147.131210327,
        "dmean2": 223.806808472,
        "dvar": 65712.265625,
        "dvar2": 108887.09375,
        "max": 11173.2285156,
        "mean": 868.082580566,
        "median": 742.340637207,
        "min": 181.746139526,
        "var": 335240.0625
    },
    "spectral_complexity": {
        "dmean": 2.32793617249,
        "dmean2": 3.8204228878,
        "dvar": 5.99439811707,
        "dvar2": 15.1767377853,
        "max": 48,
        "mean": 15.49269104,
        "median": 14,
        "min": 0,
        "var": 82.8304901123
    },
    "spectral_decrease": {
        "dmean": 2.2215573825e-09,
        "dmean2": 3.51244744401e-09,
        "dvar": 8.49320349802e-18,
        "dvar2": 2.02134354346e-17,
        "max": -6.48401269559e-29,
        "mean": -8.58847926111e-09,
        "median": -7.474390884e-09,
        "min": -6.56752234818e-08,
        "var": 4.46246338069e-17
    },
    "spectral_energy": {
        "dmean": 0.0086980080232,
        "dmean2": 0.0137621117756,
        "dvar": 0.000129023843328,
        "dvar2": 0.000308274466079,
        "max": 0.249437317252,
        "mean": 0.0340504273772,
        "median": 0.0299272369593,
        "min": 1.08895330728e-20,
        "var": 0.000680508092046
    },
    "spectral_energyband_high": {
        "dmean": 0.000191031183931,
        "dmean2": 0.000280773296254,
        "dvar": 2.54205048122e-07,
        "dvar2": 4.98054930631e-07,
        "max": 0.0144690042362,
        "mean": 0.000466673256597,
        "median": 0.000130510888994,
        "min": 8.11895946576e-21,
        "var": 8.43151212848e-07
    },
    "spectral_energyband_low": {
        "dmean": 0.00297341239639,
        "dmean2": 0.00458849454299,
        "dvar": 5.13497870998e-05,
        "dvar2": 0.000120209544548,
        "max": 0.23833887279,
        "mean": 0.0095387622714,
        "median": 0.00423505809158,
        "min": 7.55344287951e-23,
        "var": 0.000315924844472
    },
    "spectral_energyband_middle_high": {
        "dmean": 0.00171049975324,
        "dmean2": 0.00271370704286,
        "dvar": 1.12178231575e-05,
        "dvar2": 2.9610353522e-05,
        "max": 0.06185278669,
        "mean": 0.00530826859176,
        "median": 0.00222289119847,
        "min": 1.76406665969e-21,
        "var": 6.35980759398e-05
    },
    "spectral_energyband_middle_low": {
        "dmean": 0.00688706012443,
        "dmean2": 0.0109693352133,
        "dvar": 0.000101321886177,
        "dvar2": 0.00024934875546,
        "max": 0.161259248853,
        "mean": 0.0194626897573,
        "median": 0.0149290692061,
        "min": 3.39796445426e-22,
        "var": 0.000259905238636
    },
    "spectral_entropy": {
        "dmean": 0.185777246952,
        "dmean2": 0.272011965513,
        "dvar": 0.0518609732389,
        "dvar2": 0.0849972292781,
        "max": 9.80461502075,
        "mean": 6.92689228058,
        "median": 7.17738723755,
        "min": 2.98154258728,
        "var": 0.819424986839
    },
    "spectral_flux": {
        "dmean": 0.0228615198284,
        "dmean2": 0.0360229797661,
        "dvar": 0.000688464730047,
        "dvar2": 0.00149242882617,
        "max": 0.33575758338,
        "mean": 0.077024936676,
        "median": 0.0693273022771,
        "min": 1.04352922137e-10,
        "var": 0.002233579522
    },
    "spectral_kurtosis": {
        "dmean": 8.47637557983,
        "dmean2": 13.9685106277,
        "dvar": 517.350952148,
        "dvar2": 1520.52697754,
        "max": 787.124694824,
        "mean": 18.1932678223,
        "median": 5.04163646698,
        "min": -1.18434011936,
        "var": 1760.81970215
    },
    "spectral_rms": {
        "dmean": 0.000708314066287,
        "dmean2": 0.00110227963887,
        "dvar": 6.09036817423e-07,
        "dvar2": 1.33729270146e-06,
        "max": 0.0155997909606,
        "mean": 0.00532268499956,
        "median": 0.00540345301852,
        "min": 3.2594378585e-12,
        "var": 4.8890456128e-06
    },
    "spectral_rolloff": {
        "dmean": 217.908996582,
        "dmean2": 364.46484375,
        "dvar": 401102.75,
        "dvar2": 745757.75,
        "max": 17958.6914062,
        "mean": 894.101745605,
        "median": 645.99609375,
        "min": 43.06640625,
        "var": 1079851.5
    },
    "spectral_skewness": {
        "dmean": 0.548754394054,
        "dmean2": 0.885961771011,
        "dvar": 0.719390630722,
        "dvar2": 1.89545726776,
        "max": 20.5482463837,
        "mean": 2.46574950218,
        "median": 1.75242459774,
        "min": -0.32285708189,
        "var": 4.33251142502
    },
    "spectral_spread": {
        "dmean": 486007.625,
        "dmean2": 711518.5625,
        "dvar": 457531424768,
        "dvar2": 684038553600,
        "max": 40047800,
        "mean": 3438960,
        "median": 3337721.75,
        "min": 152455.296875,
        "var": 2.89682908774e+12
    },
    "spectral_strongpeak": {
        "dmean": 0.516146302223,
        "dmean2": 0.857583582401,
        "dvar": 0.547686398029,
        "dvar2": 1.39906156063,
        "max": 10.770690918,
        "mean": 1.28754889965,
        "median": 0.916277885437,
        "min": 0,
        "var": 1.57086110115
    },
    "zerocrossingrate": {
        "dmean": 0.00625490862876,
        "dmean2": 0.00716159585863,
        "dvar": 0.000133828085382,
        "dvar2": 0.000131193970446,
        "max": 0.66650390625,
        "mean": 0.0389187932014,
        "median": 0.03076171875,
        "min": 0.00390625,
        "var": 0.00102610001341
    },
    "barkbands": {
        "dmean": [0.000285382790025, 0.00241438858211, 0.000891912030056, 0.00062117172638, 0.00353094213642, 0.00151899503544, 0.00131839537062, 0.00140020786785, 0.00127699354198, 0.000901363382582, 0.000849210249726, 0.000331298535457, 0.000338761688909, 0.00018434858066, 0.000144632038428, 8.23379596113e-05, 7.78419052949e-05, 8.29151977086e-05, 6.37957055005e-05, 4.78063884657e-05, 4.10098182329e-05, 6.577091699e-05, 3.85748680856e-05, 3.12567935907e-05, 2.24246959988e-05, 1.28222718558e-05, 9.92200057226e-07],
        "dmean2": [0.000440755538875, 0.00361241400242, 0.00154731527437, 0.00108768930659, 0.00561863183975, 0.00247819861397, 0.00206256215461, 0.00225657876581, 0.00206978153437, 0.00140301685315, 0.00140559207648, 0.000529388606083, 0.000560541404411, 0.000305067980662, 0.000242777416133, 0.000136616668897, 0.000129203792312, 0.000132565313834, 0.000104754930362, 7.61993214837e-05, 6.56724660075e-05, 0.000100570090581, 5.69366857235e-05, 4.74770458823e-05, 3.41013692378e-05, 1.97715853574e-05, 1.78853917987e-06],
        "dvar": [1.22733831631e-06, 4.0613776946e-05, 1.20251916087e-05, 3.30608395416e-06, 4.01956931455e-05, 9.65694016486e-06, 8.81227333593e-06, 1.14888152893e-05, 9.22809795156e-06, 5.51510356672e-06, 6.00722523814e-06, 1.05205413092e-06, 6.90415504323e-07, 1.68658289112e-07, 9.76630545324e-08, 2.69989293145e-08, 2.35923032221e-08, 2.05250287877e-08, 1.4572830942e-08, 9.037735893e-09, 1.20933707493e-08, 4.27579820439e-08, 1.5073725379e-08, 1.69260321314e-08, 7.33815586074e-09, 1.42010692095e-09, 4.60964703908e-11],
        "dvar2": [2.6606899155e-06, 9.20644306461e-05, 3.36745360983e-05, 9.18379373616e-06, 9.50432367972e-05, 2.36118430621e-05, 2.03882409551e-05, 2.89401450573e-05, 2.55898103205e-05, 1.37990436997e-05, 1.63322092703e-05, 2.47049365498e-06, 1.8313800183e-06, 4.3391051463e-07, 2.74584749604e-07, 7.10714118668e-08, 6.27899510164e-08, 5.0548035091e-08, 3.91090537732e-08, 2.2897573615e-08, 2.8614381975e-08, 9.38082749258e-08, 3.0166621201e-08, 3.77370632521e-08, 1.5336580006e-08, 3.63473584564e-09, 1.37737030115e-10],
        "max": [0.0834085568786, 0.18675801158, 0.0502657666802, 0.029139123857, 0.0775965675712, 0.0573370717466, 0.0695983543992, 0.0715382546186, 0.083315782249, 0.0495782829821, 0.0596294291317, 0.029502267018, 0.0180002227426, 0.0114641226828, 0.00775922043249, 0.00418116804212, 0.0038923821412, 0.00360968406312, 0.0027357020881, 0.00160489522386, 0.0032019703649, 0.00539201544598, 0.00544016901404, 0.00395076908171, 0.00369225116447, 0.000726966653019, 0.000182735762792],
        "mean": [0.000687190622557, 0.00720469327644, 0.00132812885568, 0.000751041399781, 0.00787577778101, 0.00307949981652, 0.00235184887424, 0.00229770177975, 0.00229061441496, 0.00164786458481, 0.0016654485371, 0.000519866589457, 0.000620067003183, 0.000331420771545, 0.00025008484954, 0.000158244205522, 0.000154240013217, 0.000177371053724, 0.000145333135151, 0.00010973965982, 8.22469592094e-05, 0.000136107541039, 7.83250943641e-05, 5.23892958881e-05, 3.66005915566e-05, 1.77926340257e-05, 8.59780811879e-07],
        "median": [0.000100745193777, 0.00213802442886, 0.000487588404212, 0.000255404069321, 0.00283976644278, 0.00144587340765, 0.000881482206751, 0.000716911163181, 0.000732179381885, 0.000355601427145, 0.000195815242478, 0.000141347525641, 0.000137587980134, 0.000116351526231, 9.39160745475e-05, 5.69010226172e-05, 6.52636372251e-05, 8.48273775773e-05, 5.07464283146e-05, 3.17524390994e-05, 2.6845933462e-05, 3.267791908e-05, 1.8224644009e-05, 5.96031350142e-06, 1.26595432448e-06, 5.10180253599e-09, 1.14843001775e-09],
        "min": [7.82994343884e-25, 2.93576952461e-23, 1.30863015385e-23, 5.0445771089e-23, 1.62589896587e-23, 3.86380695053e-23, 1.23543340706e-23, 8.82002595825e-23, 1.14194343437e-22, 5.27343386166e-23, 8.11083369357e-23, 1.39608601904e-22, 1.29258241956e-22, 1.14482246113e-22, 1.38434095301e-22, 1.39613347691e-22, 1.82874517598e-22, 2.51427161351e-22, 2.94418111689e-22, 4.32797920737e-22, 3.40305658296e-22, 4.50663537648e-22, 6.05973816335e-22, 8.81881464655e-22, 1.55279057466e-21, 1.58387840911e-21, 2.64769992567e-21],
        "var": [1.0555812878e-05, 0.000228774195421, 9.90836088022e-06, 3.01991121887e-06, 0.000123963312944, 2.37318963627e-05, 1.92917068489e-05, 2.26876600209e-05, 1.9471763153e-05, 1.49746792886e-05, 2.12074628507e-05, 1.63354548022e-06, 1.80452514087e-06, 3.59970869113e-07, 1.91397731442e-07, 6.6387869424e-08, 5.55593651086e-08, 6.59756977939e-08, 4.80075215137e-08, 2.93986399669e-08, 2.42187105925e-08, 1.10124005914e-07, 4.04153368549e-08, 3.04010008279e-08, 1.60466271382e-08, 3.12180126194e-09, 3.40636754914e-11]
    },
    "erbbands": {
        "dmean": [0.0959548130631, 0.497525036335, 1.00886869431, 1.50788068771, 4.47125720978, 16.1308631897, 15.8505468369, 12.0901107788, 14.1092271805, 31.0922641754, 23.0059909821, 30.2809295654, 32.4030990601, 23.2916889191, 30.7749652863, 12.8448486328, 15.0552177429, 10.4581012726, 8.48561954498, 5.34892320633, 3.97557330132, 3.57590913773, 4.26307821274, 3.60869956017, 2.6597943306, 2.37637829781, 1.88151609898, 1.64545285702, 2.39110684395, 1.91539418697, 1.00443744659, 0.755665719509, 0.463502585888, 0.286542356014, 0.148856252432, 0.0703521072865, 0.02058698982, 0.00361026101746, 0.000128467931063, 1.25374917843e-05],
        "dmean2": [0.133713841438, 0.760864198208, 1.68621683121, 2.62318730354, 7.3819975853, 25.649307251, 24.9832839966, 19.7612915039, 21.8146533966, 49.6032600403, 37.1391296387, 49.0497055054, 51.2005271912, 35.2780189514, 51.1429138184, 21.0581130981, 25.0075721741, 17.1397418976, 14.0784816742, 9.13035774231, 6.54222679138, 5.86032295227, 6.82972049713, 5.81695175171, 4.38391590118, 3.75518298149, 3.06526637077, 2.56529974937, 3.68410778046, 2.89836406708, 1.46937382221, 1.14738166332, 0.711186647415, 0.44465342164, 0.221867069602, 0.109093509614, 0.0315888188779, 0.00603722920641, 0.000209271820495, 1.97049739654e-05],
        "dvar": [0.0715842321515, 1.90520906448, 13.5935535431, 21.5845546722, 111.725372314, 935.601318359, 1092.85168457, 593.97857666, 1193.56506348, 5400.72412109, 3607.44873047, 5391.98974609, 7856.17724609, 4042.9621582, 7372.45654297, 1816.83081055, 1337.32702637, 554.568359375, 300.828308105, 143.844039917, 62.7393341064, 48.7321357727, 57.9543571472, 42.7946434021, 28.8952465057, 22.559009552, 19.3101406097, 31.067243576, 68.1926879883, 31.9109668732, 10.2248077393, 11.1501932144, 3.24861526489, 1.30069828033, 0.352565139532, 0.0434123054147, 0.00393817480654, 0.000264015339781, 3.04239307525e-07, 4.0782013877e-10],
        "dvar2": [0.148686558008, 4.24434280396, 36.2046585083, 60.581237793, 290.933227539, 2180.02783203, 2518.11669922, 1465.94885254, 2683.41235352, 13069.9667969, 9431.60742188, 14994.7792969, 21262.2070312, 8322.69042969, 20741.8164062, 4345.43847656, 3453.96533203, 1392.3046875, 836.468566895, 401.523803711, 159.018218994, 130.336929321, 147.581375122, 110.426872253, 79.9493484497, 56.4221496582, 48.4170646667, 72.3147354126, 156.156845093, 66.1639022827, 20.3228473663, 26.2787818909, 6.75900268555, 2.9661397934, 0.706772863865, 0.110774338245, 0.0099225435406, 0.00076431571506, 7.88330055457e-07, 9.26180798722e-10],
        "max": [11.6766796112, 42.1050300598, 56.8153839111, 60.6144828796, 177.160980225, 400.648498535, 587.529846191, 689.340026855, 814.906311035, 1787.60791016, 1531.82299805, 1801.64758301, 1751.84020996, 1776.51000977, 1792.7388916, 1448.46887207, 774.080078125, 596.474243164, 415.714416504, 328.596313477, 276.98147583, 206.414779663, 155.767776489, 135.022186279, 112.508132935, 77.6439971924, 129.766525269, 206.468215942, 209.063415527, 212.505142212, 122.7943573, 125.104217529, 54.9468193054, 52.720489502, 27.7231693268, 6.19617557526, 1.09819471836, 0.379704773426, 0.0123876258731, 0.000437753536971],
        "mean": [0.297816365957, 1.24098908901, 1.72481238842, 2.12859249115, 7.88454294205, 34.0759506226, 34.1546096802, 24.4742012024, 26.0573425293, 54.2564430237, 39.442943573, 55.5479507446, 62.5728034973, 45.2403564453, 63.3721084595, 23.6383571625, 28.7419071198, 20.1805229187, 15.8370599747, 10.2758817673, 8.58045864105, 8.03734302521, 9.69103717804, 8.60446166992, 6.20260667801, 5.47207403183, 4.07972097397, 3.13359022141, 4.65716743469, 4.01826763153, 2.03397917747, 1.2822933197, 0.770358920097, 0.455946296453, 0.235285878181, 0.0970022678375, 0.0286016259342, 0.00431599281728, 0.000165464633028, 4.44313627668e-05],
        "median": [0.0598976127803, 0.400078833103, 0.805139780045, 0.97359919548, 2.81035399437, 10.4449682236, 14.2062177658, 11.6275167465, 9.95742702484, 18.0173873901, 16.5906867981, 20.5251903534, 14.9618434906, 11.8490829468, 9.74207305908, 7.22729301453, 7.31782150269, 7.53093099594, 6.33333539963, 4.20164442062, 3.27924203873, 3.74872612953, 4.83370828629, 3.64245343208, 2.11988997459, 1.61069762707, 1.26967215538, 1.00136566162, 1.05670809746, 1.00176548958, 0.464711010456, 0.201742038131, 0.0494498461485, 0.0155050689355, 0.00558019336313, 0.000415064569097, 3.67828833987e-05, 6.56070551486e-06, 1.92312545551e-05, 3.69109620806e-05],
        "min": [1.0016065687e-21, 6.2087704219e-21, 1.14394692397e-20, 1.15803243655e-19, 8.6993912938e-20, 5.18189588868e-20, 1.22914877273e-19, 4.05190855843e-19, 2.36575025208e-19, 4.53407472242e-19, 2.26059134949e-18, 2.55674186112e-18, 2.2394843886e-18, 2.84182386897e-18, 3.88628807804e-18, 5.23979957845e-18, 6.56832650206e-18, 6.92003335876e-18, 5.22175049749e-18, 8.91930160234e-18, 7.76603646615e-18, 1.03868060358e-17, 1.51872461503e-17, 1.05416070972e-17, 1.95924461333e-17, 2.34090392817e-17, 1.39189168822e-17, 1.41887928289e-17, 1.45460422093e-17, 1.98121552302e-17, 1.85360256489e-17, 1.97871214361e-17, 1.3460604229e-17, 1.58237301988e-17, 1.07674679362e-17, 6.27104068504e-18, 3.16247422958e-18, 1.25042484036e-18, 4.1192619983e-19, 3.43814390433e-20],
        "var": [0.528768062592, 6.7470202446, 13.8929462433, 18.9484786987, 211.656433105, 2775.90136719, 3206.24365234, 1584.35314941, 3070.21826172, 11231.2763672, 5149.33447266, 11307.9599609, 19639.5996094, 12239.296875, 25329.3300781, 2861.47192383, 3545.17773438, 1192.10400391, 663.775085449, 308.15322876, 177.737182617, 139.729888916, 180.432495117, 150.935928345, 91.5437164307, 74.1588821411, 46.1331062317, 54.2187080383, 151.257598877, 90.0408935547, 27.2093524933, 18.4147853851, 6.62808704376, 2.44646644592, 0.742994248867, 0.0829014703631, 0.00917858537287, 0.000324089982314, 4.81931579088e-07, 1.57362134434e-09]
    },
    "gfcc": {
        "mean": [-57.124256134, 150.930358887, -127.03503418, 22.7786407471, -64.9599304199, -1.80760216713, -24.2994251251, -6.86782646179, -8.87992858887, -8.16969108582, -5.41127586365, -0.758127689362, -5.51210737228],
        "cov": [[11511.3808594, -4825.63232422, -757.335876465, 1143.15576172, -1014.92712402, 2177.10229492, -171.744567871, 1598.3034668, -401.419311523, 927.601623535, -120.507034302, 368.628723145, 61.081199646], [-4825.63232422, 4138.98193359, 368.200317383, -580.363098145, 972.67376709, -1335.59155273, 454.516204834, -960.86114502, 474.853790283, -641.470458984, 355.880889893, -209.972488403, -6.47161579132], [-757.335876465, 368.200317383, 1134.70837402, -101.109939575, 216.560012817, -102.586204529, -203.643798828, -10.8075361252, -156.762054443, 118.062339783, -87.3428955078, 27.824924469, -35.7404022217], [1143.15576172, -580.363098145, -101.109939575, 836.383728027, -258.349700928, 230.265396118, 17.1618289948, 25.6771087646, 89.1008453369, 29.3829345703, 33.5826034546, -13.3202085495, 84.5359725952], [-1014.92712402, 972.67376709, 216.560012817, -258.349700928, 637.981201172, -259.199005127, 94.6067123413, -16.8530254364, 18.7744617462, -19.6381759644, 54.638168335, 0.472764194012, 1.45459675789], [2177.10229492, -1335.59155273, -102.586204529, 230.265396118, -259.199005127, 932.434753418, -21.0947151184, 488.283355713, -90.0656585693, 266.22277832, -7.64216756821, 38.5350456238, 48.7354469299], [-171.744567871, 454.516204834, -203.643798828, 17.1618289948, 94.6067123413, -21.0947151184, 368.073760986, -89.177192688, 130.159500122, -47.2660865784, 86.7280349731, 15.679599762, 6.90421104431], [1598.3034668, -960.86114502, -10.8075361252, 25.6771087646, -16.8530254364, 488.283355713, -89.177192688, 585.442687988, -156.564941406, 269.130493164, -30.0120334625, 27.892665863, 38.4809761047], [-401.419311523, 474.853790283, -156.762054443, 89.1008453369, 18.7744617462, -90.0656585693, 130.159500122, -156.564941406, 290.050476074, -125.450653076, 78.3867797852, -24.4285469055, 20.7310504913], [927.601623535, -641.470458984, 118.062339783, 29.3829345703, -19.6381759644, 266.22277832, -47.2660865784, 269.130493164, -125.450653076, 308.705413818, -70.0130233765, 75.9224014282, 28.3656597137], [-120.507034302, 355.880889893, -87.3428955078, 33.5826034546, 54.638168335, -7.64216756821, 86.7280349731, -30.0120334625, 78.3867797852, -70.0130233765, 186.16998291, -43.6038398743, 26.1975517273], [368.628723145, -209.972488403, 27.824924469, -13.3202085495, 0.472764194012, 38.5350456238, 15.679599762, 27.892665863, -24.4285469055, 75.9224014282, -43.6038398743, 158.742935181, -12.5437488556], [61.081199646, -6.47161579132, -35.7404022217, 84.5359725952, 1.45459675789, 48.7354469299, 6.90421104431, 38.4809761047, 20.7310504913, 28.3656597137, 26.1975517273, -12.5437488556, 136.926712036]],
        "icov": [[0.000263775291387, -3.75089916815e-06, 0.000150277162902, -0.000259619875578, 0.000164882978424, -0.000213558421819, 4.56036723335e-05, -0.000424366036896, 0.000109855740448, -0.000150150706759, -9.96589442366e-05, -0.000461995019577, 0.000264103000518], [-3.75089916815e-06, 0.0028644122649, -0.0012487374479, 0.00110354693606, -0.0022734052036, 0.00147106766235, -0.00183600187302, 0.00179269560613, -0.00177657755557, 0.00143159634899, -0.00249935267493, 0.00188897293992, -0.00115721917246], [0.000150277162902, -0.0012487374479, 0.0019028155366, -0.000728819868527, 0.000428252446, -0.000860281463247, 0.0015965901548, -0.000390757777495, 0.00119969155639, -0.00144790415652, 0.0011174955871, -0.00101671495941, 0.000962895166595], [-0.000259619875578, 0.00110354693606, -0.000728819868527, 0.002274481114, -0.000428576138802, 0.000492243561894, -0.00079410802573, 0.0012552147964, -0.00132117327303, 0.000519755820278, -0.00105327821802, 0.00126105791423, -0.00150045135524], [0.000164882978424, -0.0022734052036, 0.000428252446, -0.000428576138802, 0.00454642344266, -0.000262282730546, 0.0004979223595, -0.00276091671549, 0.00117196433712, -0.00118496292271, 0.00123861141037, -0.00187621999066, 0.000650415138807], [-0.000213558421819, 0.00147106766235, -0.000860281463247, 0.000492243561894, -0.000262282730546, 0.00354452291504, -0.00151927617844, -0.000765569100622, -0.00123208202422, 0.000235449333559, -0.00162818201352, 0.00124870054424, -0.000767024932429], [4.56036723335e-05, -0.00183600187302, 0.0015965901548, -0.00079410802573, 0.0004979223595, -0.00151927617844, 0.00540616642684, -0.000124336671433, 8.73427561601e-05, -0.00170621206053, 0.000370849156752, -0.00200084643438, 0.00118367932737], [-0.000424366036896, 0.00179269560613, -0.000390757777495, 0.0012552147964, -0.00276091671549, -0.000765569100622, -0.000124336671433, 0.0067260558717, -0.000311006559059, -0.00142738688737, -0.00181181111839, 0.00259275129065, -0.00125812191982], [0.000109855740448, -0.00177657755557, 0.00119969155639, -0.00132117327303, 0.00117196433712, -0.00123208202422, 8.73427561601e-05, -0.000311006559059, 0.00670048082247, 0.000301949155983, 0.000703817349859, -0.00149214453995, 0.000156539521413], [-0.000150150706759, 0.00143159634899, -0.00144790415652, 0.000519755820278, -0.00118496292271, 0.000235449333559, -0.00170621206053, -0.00142738688737, 0.000301949155983, 0.00859381444752, 0.000442349992227, -0.00120825879276, -0.00216953968629], [-9.96589442366e-05, -0.00249935267493, 0.0011174955871, -0.00105327821802, 0.00123861141037, -0.00162818201352, 0.000370849156752, -0.00181181111839, 0.000703817349859, 0.000442349992227, 0.00976765621454, -0.000117819785373, -0.00015266983246], [-0.000461995019577, 0.00188897293992, -0.00101671495941, 0.00126105791423, -0.00187621999066, 0.00124870054424, -0.00200084643438, 0.00259275129065, -0.00149214453995, -0.00120825879276, -0.000117819785373, 0.00988401286304, -0.000396612653276], [0.000264103000518, -0.00115721917246, 0.000962895166595, -0.00150045135524, 0.000650415138807, -0.000767024932429, 0.00118367932737, -0.00125812191982, 0.000156539521413, -0.00216953968629, -0.00015266983246, -0.000396612653276, 0.00928695313632]]
    },
    "melbands": {
        "dmean": [0.000737307593226, 0.000527913623955, 0.000309640716296, 0.000707977509592, 0.000619538826868, 0.000268587842584, 0.000225613795919, 0.000340076483553, 0.000181133611477, 0.000196916575078, 0.000162410229677, 9.57033771556e-05, 0.000116808216262, 4.34197718278e-05, 3.22923442582e-05, 3.33073658112e-05, 1.98744000954e-05, 1.48391236507e-05, 8.65724814503e-06, 7.08651805326e-06, 4.97938526678e-06, 4.04522097597e-06, 4.60137607661e-06, 4.37506378148e-06, 3.15281749863e-06, 2.52168115367e-06, 1.54382098572e-06, 1.74512535978e-06, 1.43290651522e-06, 1.00807278614e-06, 1.03894262793e-06, 1.45951878494e-06, 1.44896239362e-06, 9.96263679554e-07, 6.31752868685e-07, 4.98688280004e-07, 4.80655558022e-07, 3.49768896513e-07, 2.72642921573e-07, 2.47469756687e-07],
        "dmean2": [0.00106693734415, 0.000837511732243, 0.000534054124728, 0.00112840032671, 0.0009740103269, 0.000439003430074, 0.000347056222381, 0.000542788184248, 0.000293872726616, 0.000318973005051, 0.000256617902778, 0.000143236844451, 0.000194474836462, 6.95999187883e-05, 5.37809100933e-05, 5.43032874702e-05, 3.25041910401e-05, 2.46363761107e-05, 1.46380734805e-05, 1.20535132737e-05, 8.19729393697e-06, 6.72902478982e-06, 7.52802543502e-06, 7.11466918801e-06, 5.11000325787e-06, 4.18959734816e-06, 2.50587754635e-06, 2.79210689769e-06, 2.38719758272e-06, 1.63543222698e-06, 1.63052186508e-06, 2.27795544561e-06, 2.25450094149e-06, 1.51307801843e-06, 9.46905402088e-07, 7.5235851682e-07, 7.40934012811e-07, 5.37491246178e-07, 4.20373567067e-07, 3.91380808651e-07],
        "dvar": [3.91175035475e-06, 2.54325982496e-06, 7.74417230787e-07, 1.91358049051e-06, 1.35224979658e-06, 2.85230640884e-07, 2.78996736824e-07, 6.41374072075e-07, 2.28638967315e-07, 2.36160659028e-07, 1.97917557898e-07, 6.72816398151e-08, 1.14434435261e-07, 1.50350398798e-08, 9.29528187754e-09, 8.49644532508e-09, 2.13663975401e-09, 9.18295550711e-10, 4.41229192072e-10, 2.04926617342e-10, 1.06113763609e-10, 6.74183070482e-11, 7.46700756782e-11, 6.14832976198e-11, 3.46057522915e-11, 2.64603443323e-11, 8.90195642894e-12, 1.2954376287e-11, 1.10415756399e-11, 7.18909480557e-12, 1.53145933435e-11, 3.0091745068e-11, 1.76487071485e-11, 1.03174326721e-11, 3.89919390179e-12, 3.31141667906e-12, 5.07134004929e-12, 1.96521878632e-12, 1.08757848647e-12, 1.04785895672e-12],
        "dvar2": [8.52955236041e-06, 6.15779663349e-06, 2.15030513573e-06, 4.51345385954e-06, 3.12875636155e-06, 7.02592274138e-07, 6.35024491658e-07, 1.56446833444e-06, 6.02574971253e-07, 6.59788213397e-07, 5.34600133051e-07, 1.35683293934e-07, 3.21035429351e-07, 3.54065861075e-08, 2.51713068167e-08, 2.20356835001e-08, 5.27484278479e-09, 2.55555643314e-09, 1.26067800643e-09, 5.63505797579e-10, 2.66515698399e-10, 1.7911323813e-10, 1.89408350115e-10, 1.58255977767e-10, 8.95739246665e-11, 7.28726315402e-11, 2.36132554482e-11, 3.28650683057e-11, 2.89249717927e-11, 1.78867684553e-11, 3.63926180857e-11, 7.16181211557e-11, 3.84378813501e-11, 2.24724527181e-11, 7.89447066746e-12, 7.15571352172e-12, 1.24752092337e-11, 4.16889005955e-12, 2.38075943508e-12, 2.49719277375e-12],
        "max": [0.073150716722, 0.0360907800496, 0.0106619494036, 0.0185097996145, 0.0192999206483, 0.0134711805731, 0.0121304318309, 0.0171597059816, 0.0136141330004, 0.013073454611, 0.00894300453365, 0.00745427841321, 0.00843277666718, 0.00383781432174, 0.00395217724144, 0.00246619642712, 0.00136478233617, 0.000604710134212, 0.000733443535864, 0.000286611611955, 0.000392128364183, 0.000257867708569, 0.000239210756263, 0.000165549092344, 0.000122722529341, 0.000122565892525, 4.60589944851e-05, 6.12234143773e-05, 7.26180587662e-05, 8.20460700197e-05, 0.00016415239952, 0.000163527787663, 0.000102972240711, 0.000130234344397, 7.15221103746e-05, 7.31497639208e-05, 7.17863003956e-05, 4.07007100875e-05, 3.40267215506e-05, 5.23482303834e-05],
        "mean": [0.00228053727187, 0.00115571857896, 0.00044201943092, 0.00150233949535, 0.00138100795448, 0.000542465830222, 0.000411130429711, 0.000590533541981, 0.000300000770949, 0.000357483018888, 0.000304701941786, 0.000171117178979, 0.000234375431319, 7.84200674389e-05, 5.4671363614e-05, 6.168197433e-05, 3.43045285263e-05, 2.62247704086e-05, 1.53179953486e-05, 1.25297337945e-05, 9.67128744378e-06, 8.01936039352e-06, 9.03493582882e-06, 8.9249051598e-06, 6.71369798511e-06, 5.23864946445e-06, 3.3824003367e-06, 3.68217683899e-06, 2.82940641227e-06, 1.84160353456e-06, 1.78107893589e-06, 2.53953294305e-06, 2.88511910185e-06, 1.93479399968e-06, 1.19528351661e-06, 8.92218452009e-07, 7.3621458796e-07, 5.51626385459e-07, 4.47434757689e-07, 3.64391468111e-07],
        "median": [0.000587100861594, 0.000570107658859, 0.000211051636143, 0.000470826838864, 0.000609227165114, 0.000250381766818, 0.000157552334713, 0.000192232124391, 0.000122950281366, 0.000112906564027, 6.52277449262e-05, 4.03938174713e-05, 3.00106275972e-05, 1.82729327207e-05, 1.66296049429e-05, 1.33988924063e-05, 1.23353302115e-05, 9.61790283327e-06, 5.92998048887e-06, 4.45178693553e-06, 3.40674432664e-06, 3.50668619831e-06, 3.73209900317e-06, 4.02582281822e-06, 2.5693968837e-06, 1.62946128057e-06, 1.09733400677e-06, 9.43175166412e-07, 7.78942364832e-07, 6.22004733941e-07, 4.94450262067e-07, 5.38149890872e-07, 6.60143427922e-07, 4.60599210328e-07, 2.67417306077e-07, 1.66828954207e-07, 9.20894862588e-08, 2.99262303827e-08, 9.52557144274e-09, 9.26866849937e-09],
        "min": [8.92349043022e-24, 6.30766356168e-24, 1.84704334111e-23, 5.04998893137e-24, 3.91653662224e-24, 8.35655818574e-24, 3.28625628328e-24, 8.6575385978e-24, 1.65674184955e-23, 1.73330711128e-23, 1.0764204267e-23, 1.07782672903e-23, 1.11737248398e-23, 1.76065833882e-23, 1.21964380384e-23, 1.3801727382e-23, 1.19007753377e-23, 7.6407245011e-24, 8.89630786115e-24, 1.23506548233e-23, 8.52686063341e-24, 1.0176681964e-23, 1.10455806967e-23, 1.46199402238e-23, 7.35652473822e-24, 1.17704973258e-23, 1.53141378204e-23, 1.53020209169e-23, 7.92978128058e-24, 8.987005566e-24, 7.74651705938e-24, 8.74263617909e-24, 7.9368652515e-24, 1.22689154229e-23, 1.17461436119e-23, 9.61050465941e-24, 1.22038020549e-23, 8.62372328624e-24, 1.20160886582e-23, 1.34957550582e-23],
        "var": [2.66213883151e-05, 4.842319413e-06, 6.96460745075e-07, 5.82197390031e-06, 4.19214711656e-06, 7.38364178687e-07, 6.81705444094e-07, 1.38708821851e-06, 3.08471868493e-07, 5.02276577663e-07, 4.90288243782e-07, 1.95317525709e-07, 3.91233555774e-07, 3.56339100449e-08, 1.25455654754e-08, 2.30372343424e-08, 3.99489996639e-09, 1.97216243336e-09, 8.33395186195e-10, 4.41769482107e-10, 2.54762516638e-10, 1.54286791676e-10, 2.15319803654e-10, 1.73871708697e-10, 1.0523650007e-10, 7.48519649041e-11, 2.65564601559e-11, 3.74375495882e-11, 2.50603652413e-11, 1.20145291285e-11, 2.37355760047e-11, 5.51097709134e-11, 4.75476498452e-11, 2.45690152251e-11, 9.75372213552e-12, 7.092970742e-12, 7.20813729885e-12, 3.71614327851e-12, 2.27219762103e-12, 1.69122159853e-12]
    },
    "mfcc": {
        "mean": [-687.663146973, 163.191650391, 2.52297997475, 19.3387012482, -11.623998642, 4.61174631119, -10.7881565094, 6.12827587128, -7.05515050888, -2.12036037445, 4.02361392975, -3.57707691193, -3.51687836647],
        "cov": [[9895.12988281, -3197.88549805, -1113.67871094, -166.869613647, -367.479766846, 388.291534424, 594.089294434, 598.676879883, 369.907348633, 843.91217041, -7.05899572372, 307.667388916, 500.485900879], [-3197.88549805, 2710.73608398, 179.070983887, 229.50894165, 241.047393799, -133.796813965, -165.235778809, -78.1466140747, -245.775878906, -266.118804932, 108.117256165, -120.058364868, -115.763931274], [-1113.67871094, 179.070983887, 956.77935791, 72.2586746216, 157.75138855, 19.5848388672, -21.0825805664, -177.704605103, -8.8174123764, -127.912185669, -31.1200428009, 16.6793308258, -26.7465209961], [-166.869613647, 229.50894165, 72.2586746216, 565.25402832, 49.0284538269, 39.5261039734, -79.299118042, -37.9627418518, -14.0373849869, -74.2297744751, -11.3793020248, 9.08839797974, 13.7450666428], [-367.479766846, 241.047393799, 157.75138855, 49.0284538269, 366.049285889, -63.6340866089, 51.0083808899, -45.3061599731, 44.9488449097, -7.3000125885, -6.90269231796, 26.4722633362, 9.43127727509], [388.291534424, -133.796813965, 19.5848388672, 39.5261039734, -63.6340866089, 291.435699463, 36.723274231, 92.0068054199, 27.3064117432, 62.7357635498, 15.7056322098, 33.85496521, 37.8461608887], [594.089294434, -165.235778809, -21.0825805664, -79.299118042, 51.0083808899, 36.723274231, 326.285949707, 52.3230857849, 63.9272537231, 141.882156372, 0.617416203022, 60.7103767395, 69.7423400879], [598.676879883, -78.1466140747, -177.704605103, -37.9627418518, -45.3061599731, 92.0068054199, 52.3230857849, 240.477127075, -2.74921274185, 110.846786499, 45.0663909912, 11.6601419449, 30.0155391693], [369.907348633, -245.775878906, -8.8174123764, -14.0373849869, 44.9488449097, 27.3064117432, 63.9272537231, -2.74921274185, 216.059448242, 50.6273117065, -7.51162385941, 51.9088096619, 45.4321250916], [843.91217041, -266.118804932, -127.912185669, -74.2297744751, -7.3000125885, 62.7357635498, 141.882156372, 110.846786499, 50.6273117065, 286.811584473, -5.46018409729, 60.7008781433, 60.9284858704], [-7.05899572372, 108.117256165, -31.1200428009, -11.3793020248, -6.90269231796, 15.7056322098, 0.617416203022, 45.0663909912, -7.51162385941, -5.46018409729, 128.837646484, -15.1209030151, -1.21716880798], [307.667388916, -120.058364868, 16.6793308258, 9.08839797974, 26.4722633362, 33.85496521, 60.7103767395, 11.6601419449, 51.9088096619, 60.7008781433, -15.1209030151, 121.839744568, 47.7435112], [500.485900879, -115.763931274, -26.7465209961, 13.7450666428, 9.43127727509, 37.8461608887, 69.7423400879, 30.0155391693, 45.4321250916, 60.9284858704, -1.21716880798, 47.7435112, 122.686454773]],
