{
"lowlevel": {
    "average_loudness": 0.703204870224,
    "barkbands_crest": {
        "dmean": 2.69073653221,
        "dmean2": 4.39850234985,
        "dvar": 6.19232130051,
        "dvar2": 15.9631767273,
        "max": 26.6490364075,
        "mean": 12.5770540237,
        "median": 11.651599884,
        "min": 2.64194417,
        "var": 24.2611713409
    },
    "barkbands_flatness_db": {
        "dmean": 0.0308651439846,
        "dmean2": 0.0436958447099,
        "dvar": 0.000875708181411,
        "dvar2": 0.00174587394577,
        "max": 0.615141808987,
        "mean": 0.208299517632,
        "median": 0.189117342234,
        "min": 0.0307796262205,
        "var": 0.0093595739454
    },
    "barkbands_kurtosis": {
        "dmean": 9.64225101471,
        "dmean2": 14.8292980194,
        "dvar": 672.859008789,
        "dvar2": 1493.44128418,
        "max": 1026.53979492,
        "mean": 18.5955963135,
        "median": 5.6342792511,
        "min": -1.95728588104,
        "var": 1940.52844238
    },
    "barkbands_skewness": {
        "dmean": 0.837546288967,
        "dmean2": 1.26862001419,
        "dvar": 1.10917592049,
        "dvar2": 2.24170160294,
        "max": 25.3618392944,
        "mean": 2.5986301899,
        "median": 2.02166152,
        "min": -4.16269159317,
        "var": 5.64548826218
    },
    "barkbands_spread": {
        "dmean": 4.971159935,
        "dmean2": 7.4428229332,
        "dvar": 56.0306053162,
        "dvar2": 114.93296814,
        "max": 82.9575881958,
        "mean": 15.5957765579,
        "median": 11.7840614319,
        "min": 0.0735704898834,
        "var": 195.594055176
    },
    "dissonance": {
        "dmean": 0.0286221727729,
        "dmean2": 0.0471802130342,
        "dvar": 0.000860207015648,
        "dvar2": 0.00226279324852,
        "max": 0.499999970198,
        "mean": 0.436193197966,
        "median": 0.454874306917,
        "min": 0.166668891907,
        "var": 0.00320636620745
    },
    "dynamic_complexity": 3.11665844917,
    "erbbands_crest": {
        "dmean": 3.17734217644,
        "dmean2": 5.13930273056,
        "dvar": 8.74426078796,
        "dvar2": 20.9915122986,
        "max": 32.4198646545,
        "mean": 12.5667581558,
        "median": 10.9564495087,
        "min": 2.61148333549,
        "var": 41.5612297058
    },
    "erbbands_flatness_db": {
        "dmean": 0.0272287223488,
        "dmean2": 0.0370696261525,
        "dvar": 0.000721817370504,
        "dvar2": 0.00127349304967,
        "max": 0.570083558559,
        "mean": 0.200161427259,
        "median": 0.186879456043,
        "min": 0.0558499060571,
        "var": 0.00660339789465
    },
    "erbbands_kurtosis": {
        "dmean": 3.32321858406,
        "dmean2": 5.12077093124,
        "dvar": 60.1723098755,
        "dvar2": 139.171401978,
        "max": 226.758605957,
        "mean": 5.48677301407,
        "median": 1.23828935623,
        "min": -1.91850328445,
        "var": 207.753570557
    },
    "erbbands_skewness": {
        "dmean": 0.55016887188,
        "dmean2": 0.817883610725,
        "dvar": 0.426081269979,
        "dvar2": 0.825870156288,
        "max": 11.9376077652,
        "mean": 1.18838620186,
        "median": 0.869685649872,
        "min": -5.60732412338,
        "var": 2.70131826401
    },
    "erbbands_spread": {
        "dmean": 10.637298584,
        "dmean2": 16.0459842682,
        "dvar": 206.69418335,
        "dvar2": 437.510498047,
        "max": 166.828933716,
        "mean": 35.1651954651,
        "median": 28.4221954346,
        "min": 0.480596631765,
        "var": 693.85925293
    },
    "hfc": {
        "dmean": 6.21276521683,
        "dmean2": 9.30692958832,
        "dvar": 81.3946151733,
        "dvar2": 185.996109009,
        "max": 141.097427368,
        "mean": 19.5034599304,
        "median": 13.6800279617,
        "min": 1.17334418455e-16,
        "var": 332.531982422
    },
    "melbands_crest": {
        "dmean": 3.27091622353,
        "dmean2": 5.42474842072,
        "dvar": 9.20269298553,
        "dvar2": 24.5040626526,
        "max": 38.2819023132,
        "mean": 17.0185165405,
        "median": 16.0955181122,
        "min": 1.73182356358,
        "var": 35.6337089539
    },
    "melbands_flatness_db": {
        "dmean": 0.0338866710663,
        "dmean2": 0.0486128814518,
        "dvar": 0.00116156542208,
        "dvar2": 0.00228984397836,
        "max": 0.763780474663,
        "mean": 0.27191388607,
        "median": 0.246354520321,
        "min": 0.00176962697878,
        "var": 0.0122068747878
    },
    "melbands_kurtosis": {
        "dmean": 16.4169979095,
        "dmean2": 25.694984436,
        "dvar": 997.555786133,
        "dvar2": 2304.86328125,
        "max": 680.717041016,
        "mean": 33.7850646973,
        "median": 14.0120162964,
        "min": -1.89547085762,
        "var": 3121.68408203
    },
    "melbands_skewness": {
        "dmean": 1.04764163494,
        "dmean2": 1.61093461514,
        "dvar": 1.5087479353,
        "dvar2": 3.32163023949,
        "max": 19.8703365326,
        "mean": 3.53891944885,
        "median": 2.91581964493,
        "min": -2.3629822731,
        "var": 6.7912364006
    },
    "melbands_spread": {
        "dmean": 5.27543497086,
        "dmean2": 8.09430885315,
        "dvar": 114.407150269,
        "dvar2": 232.187133789,
        "max": 196.676727295,
        "mean": 15.2197036743,
        "median": 9.98662853241,
        "min": 0.237732827663,
        "var": 340.139404297
    },
    "pitch_salience": {
        "dmean": 0.0745574235916,
        "dmean2": 0.122096769512,
        "dvar": 0.00510703073815,
        "dvar2": 0.0129336062819,
        "max": 0.942863583565,
        "mean": 0.489911615849,
        "median": 0.49404206872,
        "min": 0.0544787533581,
        "var": 0.0200441237539
    },
    "silence_rate_20dB": {
        "dmean": 0,
        "dmean2": 0,
        "dvar": 0,
        "dvar2": 0,
        "max": 1,
        "mean": 1,
        "median": 1,
        "min": 1,
        "var": 0
    },
    "silence_rate_30dB": {
        "dmean": 0.00686442758888,
        "dmean2": 0.0137305380777,
        "dvar": 0.00681712152436,
        "dvar2": 0.0184455737472,
        "max": 1,
        "mean": 0.991420507431,
        "median": 1,
        "min": 0,
        "var": 0.0085050361231
    },
    "silence_rate_60dB": {
        "dmean": 0.0235351808369,
        "dmean2": 0.0470761321485,
        "dvar": 0.0229800995439,
        "dvar2": 0.0507487915456,
        "max": 1,
        "mean": 0.0807697027922,
        "median": 0,
        "min": 0,
        "var": 0.0742514058948
    },
    "spectral_centroid": {
        "dmean": 208.173904419,
        "dmean2": 312.652404785,
        "dvar": 109806.789062,
        "dvar2": 202602.71875,
        "max": 11105.1503906,
        "mean": 954.995544434,
        "median": 801.425537109,
        "min": 129.290939331,
        "var": 453900.125
    },
    "spectral_complexity": {
        "dmean": 2.70507478714,
        "dmean2": 4.22998666763,
        "dvar": 11.5346879959,
        "dvar2": 25.0532188416,
        "max": 55,
        "mean": 14.718837738,
        "median": 12,
        "min": 0,
        "var": 101.586532593
    },
    "spectral_decrease": {
        "dmean": 2.93181190436e-09,
        "dmean2": 4.84347495444e-09,
        "dvar": 1.6902636761e-17,
        "dvar2": 4.49034069082e-17,
        "max": -2.98199497195e-29,
        "mean": -9.04056918216e-09,
        "median": -8.85857343036e-09,
        "min": -6.18558786414e-08,
        "var": 4.34101242182e-17
    },
    "spectral_energy": {
        "dmean": 0.0114505086094,
        "dmean2": 0.0188526641577,
        "dvar": 0.000253376114415,
        "dvar2": 0.000672680151183,
        "max": 0.234773755074,
        "mean": 0.0358901508152,
        "median": 0.0352940745652,
        "min": 1.07551218779e-20,
        "var": 0.00066841050284
    },
    "spectral_energyband_high": {
        "dmean": 0.000397800729843,
        "dmean2": 0.000573661061935,
        "dvar": 6.1251120087e-07,
        "dvar2": 1.30503019591e-06,
        "max": 0.0124924834818,
        "mean": 0.000700556207448,
        "median": 0.000233993167058,
        "min": 7.79299699004e-21,
        "var": 1.28911585762e-06
    },
    "spectral_energyband_low": {
        "dmean": 0.00703266588971,
        "dmean2": 0.0118850311264,
        "dvar": 0.000168144440977,
        "dvar2": 0.000451108935522,
        "max": 0.226126104593,
        "mean": 0.0161495823413,
        "median": 0.0136651452631,
        "min": 1.50046569588e-22,
        "var": 0.000378734141123
    },
    "spectral_energyband_middle_high": {
        "dmean": 0.00188424810767,
        "dmean2": 0.00290019647218,
        "dvar": 1.46973034134e-05,
        "dvar2": 3.59912846761e-05,
        "max": 0.0839219167829,
        "mean": 0.00537437247112,
        "median": 0.00182196474634,
        "min": 1.4197547492e-21,
        "var": 6.91407331033e-05
    },
    "spectral_energyband_middle_low": {
        "dmean": 0.00612063985318,
        "dmean2": 0.0100353546441,
        "dvar": 8.27957919682e-05,
        "dvar2": 0.000220146612264,
        "max": 0.123463563621,
        "mean": 0.0155313173309,
        "median": 0.0124665638432,
        "min": 4.24214407269e-22,
        "var": 0.000169532664586
    },
    "spectral_entropy": {
        "dmean": 0.255252987146,
        "dmean2": 0.359065800905,
        "dvar": 0.084643445909,
        "dvar2": 0.154208704829,
        "max": 9.80274105072,
        "mean": 7.13269662857,
        "median": 7.39967441559,
        "min": 3.55893349648,
        "var": 0.731721699238
    },
    "spectral_flux": {
        "dmean": 0.0273503530771,
        "dmean2": 0.042760271579,
        "dvar": 0.00101413857192,
        "dvar2": 0.00207971106283,
        "max": 0.338724285364,
        "mean": 0.0863278061152,
        "median": 0.0763944163918,
        "min": 1.03706904175e-10,
        "var": 0.00283461110666
    },
    "spectral_kurtosis": {
        "dmean": 4.26543617249,
        "dmean2": 6.5487203598,
        "dvar": 193.856460571,
        "dvar2": 410.77520752,
        "max": 634.697937012,
        "mean": 8.45845222473,
        "median": 3.75751686096,
        "min": -1.23216712475,
        "var": 559.971557617
    },
    "spectral_rms": {
        "dmean": 0.000897668651305,
        "dmean2": 0.00143698346801,
        "dvar": 1.06420816337e-06,
        "dvar2": 2.67925747721e-06,
        "max": 0.0151343178004,
        "mean": 0.00545177934691,
        "median": 0.00586798461154,
        "min": 3.23925955503e-12,
        "var": 5.29302678842e-06
    },
    "spectral_rolloff": {
        "dmean": 330.791809082,
        "dmean2": 568.423034668,
        "dvar": 711474.625,
        "dvar2": 1506966.25,
        "max": 18410.8886719,
        "mean": 958.081420898,
        "median": 581.396484375,
        "min": 43.06640625,
        "var": 1444635.625
    },
    "spectral_skewness": {
        "dmean": 0.39751636982,
        "dmean2": 0.586549401283,
        "dvar": 0.400550723076,
        "dvar2": 0.783442974091,
        "max": 21.107831955,
        "mean": 1.88736867905,
        "median": 1.61263227463,
        "min": -0.387889385223,
        "var": 1.98929214478
    },
    "spectral_spread": {
        "dmean": 790196.9375,
        "dmean2": 1082004.25,
        "dvar": 879330787328,
        "dvar2": 1.45747856589e+12,
        "max": 40554264,
        "mean": 4605282,
        "median": 4284669.5,
        "min": 140391.15625,
        "var": 3.75315051315e+12
    },
    "spectral_strongpeak": {
        "dmean": 0.503157794476,
        "dmean2": 0.863682508469,
        "dvar": 0.95973521471,
        "dvar2": 2.5427980423,
        "max": 12.062962532,
        "mean": 0.98339933157,
        "median": 0.600622236729,
        "min": 0,
        "var": 1.4147952795
    },
    "zerocrossingrate": {
        "dmean": 0.00972289033234,
        "dmean2": 0.0110547188669,
        "dvar": 0.000191910221474,
        "dvar2": 0.000203512623557,
        "max": 0.57763671875,
        "mean": 0.0450202003121,
        "median": 0.03759765625,
        "min": 0.0029296875,
        "var": 0.00123207690194
    },
    "barkbands": {
        "dmean": [0.000231940939557, 0.00471288478002, 0.00275647919625, 0.00162633717991, 0.00221124803647, 0.0022854283452, 0.000485217460664, 0.00071987172123, 0.00100676668808, 0.000987484236248, 0.000450613675639, 0.000495520594995, 0.000186775563634, 0.000271377299214, 0.000357781624189, 0.000207579039852, 0.000159504153999, 0.000115093454951, 0.000123766702018, 7.99690533313e-05, 8.56477636262e-05, 0.000100264711364, 9.01451348909e-05, 5.91668976995e-05, 5.46479750483e-05, 3.63545514119e-05, 1.75257980572e-06],
        "dmean2": [0.000360304955393, 0.00803288072348, 0.00470199761912, 0.00283260969445, 0.00370669085532, 0.00361459096894, 0.000809033459518, 0.00114919571206, 0.00167480914388, 0.0015760823153, 0.000712953740731, 0.0008128756308, 0.000307170324959, 0.000438524002675, 0.000577501254156, 0.000326587236486, 0.000254064856563, 0.000191404105863, 0.000196171560674, 0.000123232981423, 0.000131184438942, 0.000150563311763, 0.00013686879538, 8.8651679107e-05, 8.05365416454e-05, 5.68154355278e-05, 2.94684491564e-06],
        "dvar": [1.05147773866e-06, 7.94537918409e-05, 4.265550524e-05, 1.35295958898e-05, 2.37286403717e-05, 1.63007971423e-05, 1.35156983561e-06, 2.45248747888e-06, 1.01509776869e-05, 8.78690389072e-06, 2.61166178461e-06, 2.1030696189e-06, 6.65056518301e-07, 8.95765992937e-07, 1.9402241378e-06, 4.99742100146e-07, 2.36946405607e-07, 1.23257535734e-07, 9.61653867648e-08, 3.24043156752e-08, 4.00156956459e-08, 5.38492486157e-08, 4.60294415916e-08, 2.08475015029e-08, 2.11601083322e-08, 7.93488208473e-09, 4.17105516792e-11],
        "dvar2": [2.0920224415e-06, 0.000222905830014, 0.000118017072964, 3.76866555598e-05, 6.40270445729e-05, 3.70559064322e-05, 3.32377612722e-06, 6.46391163173e-06, 3.0294077078e-05, 2.23169263336e-05, 6.10665119893e-06, 5.38368703928e-06, 1.73260218617e-06, 2.16602302316e-06, 4.7284570428e-06, 1.09317841179e-06, 4.85124360239e-07, 2.9261835266e-07, 2.19129177026e-07, 7.33569862632e-08, 9.1971607219e-08, 1.20368611078e-07, 1.02677766733e-07, 4.62061429118e-08, 4.44920509324e-08, 1.88750544083e-08, 1.04286058955e-10],
        "max": [0.080978423357, 0.157216951251, 0.0794151872396, 0.0683304592967, 0.0672356933355, 0.0686928331852, 0.0219950005412, 0.0388187766075, 0.0781608074903, 0.0781394392252, 0.0576289109886, 0.0384106747806, 0.0382179766893, 0.0267407912761, 0.0319769531488, 0.0228050239384, 0.0195515714586, 0.0124563127756, 0.00990951992571, 0.00437462655827, 0.00375845097005, 0.00556910084561, 0.00614707544446, 0.00378460506909, 0.00421866308898, 0.001779267448, 0.000124718877487],
        "mean": [0.000432318833191, 0.00902540236712, 0.00535056553781, 0.00245407153852, 0.00347142107785, 0.00496515119448, 0.000768658705056, 0.001239336445, 0.00165147462394, 0.00185375101864, 0.000749065831769, 0.000816252897494, 0.00029854933382, 0.000428034458309, 0.000606601475738, 0.00034174285247, 0.000261842098553, 0.000180971284863, 0.000228089367738, 0.000133758992888, 0.000139181211125, 0.000157278016559, 0.000136467788252, 8.84152614162e-05, 7.29654348106e-05, 3.74750561605e-05, 1.39502310503e-06],
        "median": [3.41117847711e-05, 0.00534381857142, 0.00177947385237, 0.000851085991599, 0.00161459832452, 0.00176611810457, 0.000317234138492, 0.000457141140942, 0.000369521090761, 0.000260992906988, 0.000128157116706, 0.000131153559778, 5.26825315319e-05, 9.21802784433e-05, 8.25011738925e-05, 7.43424461689e-05, 5.76503298362e-05, 5.44858630747e-05, 6.43152816338e-05, 4.51232554042e-05, 4.5651308028e-05, 5.23441813129e-05, 3.76379757654e-05, 1.80751048902e-05, 8.53920664667e-06, 7.8625180322e-07, 2.01940975053e-09],
        "min": [6.09815291265e-23, 6.9730406773e-23, 3.5026143633e-23, 3.38876153983e-23, 1.12429642659e-22, 8.14876780569e-23, 1.01664543824e-22, 5.44103367186e-23, 3.27374372659e-23, 9.86173066754e-23, 6.19029123529e-23, 1.1028553134e-22, 1.13448762596e-22, 1.5798319187e-22, 6.88092002515e-23, 7.89964300746e-23, 1.27892894123e-22, 1.26217555509e-22, 2.46569494736e-22, 4.4521163789e-22, 3.88888079973e-22, 5.42240469003e-22, 7.14450394957e-22, 9.21355307046e-22, 1.03051426928e-21, 1.74408225074e-21, 2.37863237035e-21],
        "var": [9.11425559025e-06, 0.000169116028701, 6.84839324094e-05, 1.7216651031e-05, 3.24111060763e-05, 6.31294533378e-05, 2.22453309107e-06, 4.18291983806e-06, 1.93245559785e-05, 2.63009060291e-05, 7.06441551301e-06, 4.92591971124e-06, 1.3468478528e-06, 1.53958467308e-06, 4.54864994026e-06, 1.02458443507e-06, 4.44394430588e-07, 2.10161033465e-07, 2.3347983813e-07, 6.63502532916e-08, 7.42700549949e-08, 9.87672166275e-08, 7.68291315012e-08, 3.65151109349e-08, 4.25459028008e-08, 9.3889527264e-09, 3.62185975655e-11]
    },
    "erbbands": {
        "dmean": [0.115362033248, 1.16261053085, 3.15593075752, 4.07827758789, 7.02615404129, 6.40124034882, 16.4331932068, 17.6561794281, 9.56551265717, 8.28219413757, 16.8792438507, 22.4352741241, 32.723941803, 20.4978466034, 15.7845640182, 20.7731933594, 8.79165840149, 10.9877586365, 20.5195560455, 10.8392543793, 10.3759288788, 7.65931749344, 5.53656005859, 6.5983915329, 5.73748111725, 3.62820887566, 3.38847303391, 3.42165327072, 3.52812170982, 3.41578269005, 2.3729622364, 1.45712065697, 0.892852067947, 0.668550848961, 0.370645314455, 0.179161131382, 0.0630832612514, 0.00967593491077, 0.00027008849429, 2.02191167773e-05],
        "dmean2": [0.191502869129, 1.99174809456, 5.34908628464, 7.05521869659, 12.1949081421, 10.6033220291, 26.0204811096, 27.9217910767, 15.7821884155, 13.0239181519, 27.4338302612, 37.48462677, 52.7721710205, 33.3835220337, 24.8247394562, 33.9141044617, 14.2856492996, 17.9716873169, 33.1260948181, 17.07097435, 16.1573543549, 12.0140857697, 9.03924179077, 10.3952531815, 9.0294752121, 5.57938909531, 5.20624017715, 5.24161195755, 5.36914348602, 5.19400167465, 3.57862877846, 2.19998335838, 1.33862674236, 0.981903254986, 0.559883654118, 0.280410915613, 0.0987659841776, 0.0153150036931, 0.000424025696702, 3.17142366839e-05],
        "dvar": [0.0590728893876, 5.30181455612, 53.7203407288, 81.5229721069, 345.805999756, 210.529876709, 945.563293457, 1382.54260254, 466.555511475, 502.0965271, 1244.15808105, 5561.17578125, 8194.96484375, 6648.25390625, 1787.73352051, 4123.31787109, 1546.54528809, 1038.68444824, 6506.29492188, 1607.09313965, 1258.45349121, 584.698974609, 252.349243164, 451.726928711, 188.896957397, 66.6308059692, 63.2996902466, 72.0352325439, 72.2521820068, 65.9459762573, 31.4135494232, 13.8860387802, 4.26320075989, 3.59765338898, 1.09342241287, 0.202545508742, 0.0236841905862, 0.000725927646272, 8.27631879474e-07, 1.30119170993e-09],
        "dvar2": [0.153958901763, 14.6324882507, 146.272781372, 230.62159729, 957.833862305, 543.229125977, 2143.19555664, 3231.00219727, 1147.86621094, 1259.59838867, 3269.70581055, 16420.2402344, 22081.4628906, 17421.7929688, 4085.11108398, 10725.921875, 4305.02880859, 2468.13427734, 16651.9648438, 3605.68554688, 2688.13256836, 1228.31091309, 604.83404541, 1052.82202148, 434.280548096, 150.155212402, 147.567092896, 167.723190308, 165.551177979, 151.513000488, 67.8881835938, 31.7942848206, 9.23056697845, 7.66587877274, 2.3854906559, 0.482655882835, 0.0562131628394, 0.00175341800787, 1.8933640149e-06, 3.04180569621e-09],
        "max": [11.115070343, 31.3615169525, 100.126220703, 129.188812256, 294.734222412, 328.881622314, 517.649841309, 828.227905273, 434.393951416, 679.793884277, 612.793029785, 1519.49462891, 2171.30712891, 2326.50830078, 1043.67614746, 1978.2677002, 2065.62207031, 870.943725586, 2044.98278809, 2118.67236328, 1116.15246582, 1147.66772461, 611.574645996, 740.067443848, 447.245849609, 183.835235596, 193.10295105, 183.462249756, 228.642974854, 202.280258179, 175.157165527, 96.8705062866, 47.8706016541, 83.676109314, 32.5488128662, 12.7974805832, 2.00364756584, 0.534399032593, 0.0273220613599, 0.000896672485396],
        "mean": [0.202827125788, 2.20419383049, 6.50476980209, 7.33733701706, 8.8790063858, 10.6083831787, 33.7394638062, 36.5793991089, 16.7683105469, 15.1468515396, 29.9454231262, 37.5964012146, 63.5110549927, 38.6459007263, 29.4961433411, 33.9411888123, 15.2973518372, 19.7566661835, 37.3461151123, 20.3767967224, 18.1611118317, 13.2699604034, 9.38858318329, 11.6450681686, 10.8856105804, 6.33190917969, 5.70677423477, 5.40470600128, 5.50812196732, 5.18058156967, 3.62763333321, 2.15306806564, 1.31765174866, 0.898949921131, 0.470901042223, 0.193880930543, 0.0640737861395, 0.00901924725622, 0.00026459567016, 5.06084397784e-05],
        "median": [0.0775857418776, 1.2792352438, 2.72801661491, 4.01136398315, 3.56973147392, 4.78727912903, 9.87559604645, 12.5351657867, 7.48898839951, 4.99159002304, 12.1868190765, 9.84341812134, 9.43790054321, 7.16159200668, 6.01334190369, 6.19312381744, 3.42796373367, 5.45852708817, 4.2468123436, 5.45581483841, 4.25726509094, 3.2090485096, 2.9718503952, 3.58705615997, 2.84224176407, 2.22842073441, 1.89678585529, 1.81738698483, 1.82850551605, 1.5936319828, 1.00035202503, 0.459946036339, 0.260280072689, 0.128274783492, 0.0425323806703, 0.00806616339833, 0.000866247282829, 5.13857739861e-05, 2.49527438427e-05, 4.32652013842e-05],
        "min": [1.74719892027e-21, 1.73858969877e-20, 4.16233406828e-20, 8.29989407721e-20, 1.73029627609e-19, 3.84951064573e-19, 9.07450736183e-19, 4.48555127372e-19, 1.03945883578e-18, 1.83346319852e-18, 9.42304818474e-19, 8.97889148687e-19, 1.91132260765e-18, 3.42879123164e-18, 2.8362505328e-18, 4.83346199179e-18, 5.84361950533e-18, 4.99000757708e-18, 7.25127287197e-18, 4.03516652623e-18, 4.34441006618e-18, 7.4132737134e-18, 7.08742493624e-18, 1.43317511454e-17, 1.31673496767e-17, 2.15944250478e-17, 1.35304257173e-17, 1.97990957027e-17, 1.88969874159e-17, 1.98871408071e-17, 2.13642289551e-17, 1.96956236799e-17, 1.36951868604e-17, 8.90427007625e-18, 9.10939349737e-18, 6.49421318713e-18, 3.28402552546e-18, 1.25191335187e-18, 3.69362096297e-19, 3.28262490189e-20],
        "var": [0.269069224596, 8.58077716827, 91.9451293945, 107.866645813, 306.654998779, 378.872314453, 3486.64941406, 4760.72753906, 825.852661133, 859.002624512, 2410.59692383, 10033.7578125, 26891.2988281, 19026.5957031, 5048.99023438, 8387.42675781, 2638.22900391, 1959.8203125, 16801.40625, 3258.94873047, 2283.28222656, 1048.65844727, 377.972167969, 977.565917969, 504.320587158, 137.306747437, 125.670585632, 116.388748169, 126.125152588, 107.563529968, 55.0282287598, 22.6476421356, 7.76834726334, 6.32741451263, 2.09236764908, 0.268554389477, 0.0271437168121, 0.00075701525202, 8.79595290826e-07, 2.31683627838e-09]
    },
    "gfcc": {
        "mean": [-40.201374054, 114.914390564, -109.910461426, 38.7458457947, -71.9895477295, 9.69021606445, -34.3591346741, -3.72512030602, -16.1839790344, -8.46437454224, -11.6686019897, -4.15088224411, -4.74189090729],
        "cov": [[11324.9101562, -2720.91333008, -533.928466797, 245.933868408, 909.490661621, 1599.39929199, 19.2487812042, 1837.33300781, -130.195114136, 1145.62902832, -388.450408936, 345.67678833, -486.566619873], [-2720.91333008, 2876.54272461, 77.4351959229, -60.8159866333, 347.541320801, -538.192016602, 458.067687988, -675.926574707, 503.591156006, -495.06652832, 440.520874023, -208.629119873, 277.028289795], [-533.928466797, 77.4351959229, 1676.11462402, 416.253997803, 103.736305237, -58.1037216187, -163.210021973, -67.486000061, -154.117370605, 126.260452271, -88.9437103271, 147.665420532, -102.089050293], [245.933868408, -60.8159866333, 416.253997803, 819.946838379, -0.623462498188, 65.211265564, 10.0829772949, -10.0211029053, 77.7271957397, -0.794997215271, 57.3599357605, -27.6760883331, 31.7557563782], [909.490661621, 347.541320801, 103.736305237, -0.623462498188, 670.243103027, 162.120162964, 177.667419434, 220.803283691, 99.467956543, 161.079147339, 15.879076004, 60.1567993164, -53.9871101379], [1599.39929199, -538.192016602, -58.1037216187, 65.211265564, 162.120162964, 583.205566406, 107.784111023, 363.951538086, -1.80092954636, 213.728439331, -68.571647644, 25.2350978851, -56.1106529236], [19.2487812042, 458.067687988, -163.210021973, 10.0829772949, 177.667419434, 107.784111023, 389.924957275, 19.0904750824, 167.722518921, -19.5058917999, 77.9686508179, -32.0278053284, 37.3599433899], [1837.33300781, -675.926574707, -67.486000061, -10.0211029053, 220.803283691, 363.951538086, 19.0904750824, 579.950195312, -3.4547085762, 281.024230957, -101.642242432, 78.9315567017, -101.560890198], [-130.195114136, 503.591156006, -154.117370605, 77.7271957397, 99.467956543, -1.80092954636, 167.722518921, -3.4547085762, 307.153564453, -68.7690048218, 116.707679749, -51.7866134644, 62.9047622681], [1145.62902832, -495.06652832, 126.260452271, -0.794997215271, 161.079147339, 213.728439331, -19.5058917999, 281.024230957, -68.7690048218, 304.938354492, -76.539390564, 91.6695404053, -95.4551849365], [-388.450408936, 440.520874023, -88.9437103271, 57.3599357605, 15.879076004, -68.571647644, 77.9686508179, -101.642242432, 116.707679749, -76.539390564, 192.954971313, -38.7602348328, 83.6146316528], [345.67678833, -208.629119873, 147.665420532, -27.6760883331, 60.1567993164, 25.2350978851, -32.0278053284, 78.9315567017, -51.7866134644, 91.6695404053, -38.7602348328, 137.566955566, -35.3759803772], [-486.566619873, 277.028289795, -102.089050293, 31.7557563782, -53.9871101379, -56.1106529236, 37.3599433899, -101.560890198, 62.9047622681, -95.4551849365, 83.6146316528, -35.3759803772, 155.883392334]],
        "icov": [[0.000264141272055, -9.2188733106e-05, 0.000230311692576, -0.000224547708058, -6.35039323242e-05, -0.000358289369615, 0.000204220734304, -0.000405367085477, 0.000102021433122, -0.000296314188745, 8.3534483565e-05, -0.00036776860361, 0.00036999193253], [-9.2188733106e-05, 0.00237360084429, -0.000956429925282, 0.00105466367677, -0.00164981442504, 0.00107032712549, -0.00133086880669, 0.00140911201015, -0.00171909132041, 0.00148340954911, -0.00203899573535, 0.00197020848282, -0.0011534083169], [0.000230311692576, -0.000956429925282, 0.00147623708472, -0.00112607411575, 0.00031523121288, -0.000583409215324, 0.000869673909619, -0.000323796528392, 0.000924456340726, -0.00106561253779, 0.00109410018194, -0.00184298632666, 0.00106389040593], [-0.000224547708058, 0.00105466367677, -0.00112607411575, 0.00224083056673, -0.000460326817119, 0.000342781830113, -0.000576360791456, 0.000775350024924, -0.00128615833819, 0.00081275892444, -0.00135333125945, 0.00171038904227, -0.00103112729266], [-6.35039323242e-05, -0.00164981442504, 0.00031523121288, -0.000460326817119, 0.00346567574888, -0.000499818474054, -7.03356927261e-05, -0.00132467038929, 0.000627417757642, -0.00164123636205, 0.000979537260719, -0.00157325353939, 0.00106749439146], [-0.000358289369615, 0.00107032712549, -0.000583409215324, 0.000342781830113, -0.000499818474054, 0.00425041047856, -0.00189624319319, -0.000596676196437, -0.000330657028826, -0.000186269113328, -0.000404943217291, 0.00210031773895, -0.00133660086431], [0.000204220734304, -0.00133086880669, 0.000869673909619, -0.000576360791456, -7.03356927261e-05, -0.00189624319319, 0.00499854888767, -0.000295611156616, -0.000669200962875, -0.000678004871588, 0.000725775025785, -0.00126659194939, 0.000770204467699], [-0.000405367085477, 0.00140911201015, -0.000323796528392, 0.000775350024924, -0.00132467038929, -0.000596676196437, -0.000295611156616, 0.00594520615414, -0.00222110375762, -0.00136951392051, -4.37769995187e-05, 0.000774687330704, -0.000611828756519], [0.000102021433122, -0.00171909132041, 0.000924456340726, -0.00128615833819, 0.000627417757642, -0.000330657028826, -0.000669200962875, -0.00222110375762, 0.00713769812137, 0.000129002903122, -0.000750462932047, -0.000692392815836, 0.000496617984027], [-0.000296314188745, 0.00148340954911, -0.00106561253779, 0.00081275892444, -0.00164123636205, -0.000186269113328, -0.000678004871588, -0.00136951392051, 0.000129002903122, 0.00955386273563, -0.00193588202819, -0.000969176820945, 0.000826881208923], [8.3534483565e-05, -0.00203899573535, 0.00109410018194, -0.00135333125945, 0.000979537260719, -0.000404943217291, 0.000725775025785, -4.37769995187e-05, -0.000750462932047, -0.00193588202819, 0.0106630092487, -0.00142625905573, -0.00205823779106], [-0.00036776860361, 0.00197020848282, -0.00184298632666, 0.00171038904227, -0.00157325353939, 0.00210031773895, -0.00126659194939, 0.000774687330704, -0.000692392815836, -0.000969176820945, -0.00142625905573, 0.012566161342, -0.00188256124966], [0.00036999193253, -0.0011534083169, 0.00106389040593, -0.00103112729266, 0.00106749439146, -0.00133660086431, 0.000770204467699, -0.000611828756519, 0.000496617984027, 0.000826881208923, -0.00205823779106, -0.00188256124966, 0.0108146276325]]
    },
    "melbands": {
        "dmean": [0.00116019404959, 0.00156929157674, 0.00079384772107, 0.000469651422463, 0.000490306003485, 0.00039827634464, 0.000131398031954, 0.000102548612631, 0.000148226885358, 0.000148254854139, 0.000166320605786, 8.70837757248e-05, 5.33165803063e-05, 5.91971765971e-05, 3.53904797521e-05, 1.8709928554e-05, 2.29355318879e-05, 3.52619426849e-05, 2.04899661185e-05, 1.62428186741e-05, 1.26230188471e-05, 9.77925265033e-06, 5.48899151909e-06, 5.44948579773e-06, 5.81652238907e-06, 5.09943902216e-06, 3.3050557704e-06, 2.52795234701e-06, 2.16526018448e-06, 2.36304276768e-06, 2.0434340513e-06, 2.11236874748e-06, 2.04422030947e-06, 1.98249153982e-06, 1.5237972093e-06, 1.0803233863e-06, 8.75928151345e-07, 6.47538115572e-07, 6.0113740119e-07, 5.72835347157e-07],
        "dmean2": [0.00196061935276, 0.00265240692534, 0.00137285527308, 0.000807114527561, 0.000773014093284, 0.000629252113868, 0.000216674452531, 0.00016135367332, 0.000241817891947, 0.000247376679908, 0.000267208146397, 0.000141858705319, 8.39849744807e-05, 9.71420231508e-05, 5.7268931414e-05, 3.100766844e-05, 3.73952861992e-05, 5.70779629925e-05, 3.30126895278e-05, 2.59922853729e-05, 2.00297236006e-05, 1.55073375936e-05, 9.01695875655e-06, 8.98799680726e-06, 9.23731931834e-06, 8.14901341073e-06, 5.19176774105e-06, 3.95748702431e-06, 3.3901937968e-06, 3.67543384527e-06, 3.18492766382e-06, 3.27343741446e-06, 3.14127328238e-06, 3.080913757e-06, 2.33854075304e-06, 1.64638436218e-06, 1.35134814627e-06, 9.83246650321e-07, 9.07438163722e-07, 8.52018558817e-07],
        "dvar": [4.80183507534e-06, 1.14807571663e-05, 3.10123141389e-06, 1.41865439218e-06, 7.72365410739e-07, 5.8877299125e-07, 8.77412134059e-08, 7.57560982834e-08, 9.80839374165e-08, 2.55884685885e-07, 2.14891528572e-07, 1.25001221818e-07, 2.56709089541e-08, 3.10947676496e-08, 1.32865611846e-08, 8.35972624458e-09, 5.03532238127e-09, 1.91296862795e-08, 5.93981130947e-09, 3.32385807766e-09, 1.95932758906e-09, 1.09359366007e-09, 2.49701620492e-10, 2.25143834132e-10, 3.93003934951e-10, 1.75730152652e-10, 6.99664076675e-11, 3.42091667493e-11, 2.86044677528e-11, 3.83468708176e-11, 2.72864387335e-11, 2.88275566612e-11, 2.18276837577e-11, 2.37583008822e-11, 1.35669973519e-11, 6.9508496181e-12, 5.56334622467e-12, 2.40523399808e-12, 1.98742259629e-12, 3.23657832306e-12],
        "dvar2": [1.33481671583e-05, 3.08480921376e-05, 8.66628943186e-06, 3.95345477955e-06, 1.73452508534e-06, 1.36261371608e-06, 2.14294402667e-07, 1.93423872474e-07, 2.59145735981e-07, 7.63089019529e-07, 5.75622607357e-07, 3.26606681256e-07, 5.7585733515e-08, 7.98655079848e-08, 3.28363718438e-08, 2.08772217292e-08, 1.19963852185e-08, 4.87997731113e-08, 1.38869689081e-08, 7.44518890983e-09, 4.39156222498e-09, 2.22358309543e-09, 5.95547944293e-10, 5.42754119426e-10, 9.08522035381e-10, 4.08066580526e-10, 1.63811464393e-10, 7.9585373014e-11, 7.00062924297e-11, 9.14549894149e-11, 6.2843119597e-11, 6.84455617184e-11, 4.96386542981e-11, 5.65086970272e-11, 2.9311369304e-11, 1.62806539084e-11, 1.28474418604e-11, 5.36246524616e-12, 4.31442988974e-12, 7.03971082816e-12],
        "max": [0.0697752982378, 0.0439741462469, 0.0261807888746, 0.0176334474236, 0.0140997329727, 0.0162310190499, 0.00556573737413, 0.00681228237227, 0.00554533395916, 0.0117115546018, 0.0108451442793, 0.0104421852157, 0.00509502831846, 0.00507884193212, 0.00381243624724, 0.00513313617557, 0.00201547052711, 0.00348865031265, 0.00291661242954, 0.00201347540133, 0.00107725546695, 0.00168104330078, 0.000491930288263, 0.000443961442215, 0.000739709532354, 0.000396702118451, 0.000257482199231, 0.000134416943183, 0.00018264206301, 0.00016960882931, 0.000135678157676, 0.000143997531268, 0.000101407349575, 0.000115887036372, 0.000125596779981, 6.93245092407e-05, 5.89068622503e-05, 3.25351284118e-05, 3.8234560634e-05, 7.54428037908e-05],
        "mean": [0.00217079557478, 0.00335247348994, 0.00135560124181, 0.000639941543341, 0.0010368389776, 0.000845642993227, 0.000225694631808, 0.000179429189302, 0.000255097838817, 0.000241178699071, 0.000316553021548, 0.000155717643793, 9.35560892685e-05, 0.000100346100226, 5.28790042154e-05, 3.04777640849e-05, 3.66548338206e-05, 6.13091760897e-05, 3.41031773132e-05, 2.75600195891e-05, 1.95953925868e-05, 1.53968467203e-05, 8.58701241668e-06, 8.63722743816e-06, 9.36945980357e-06, 8.8943161245e-06, 5.50467257199e-06, 3.92875608668e-06, 3.35462777912e-06, 3.63787034985e-06, 2.99043426821e-06, 3.10484847432e-06, 3.061087682e-06, 2.8350195862e-06, 2.25518920161e-06, 1.52674135734e-06, 1.24021516967e-06, 9.32053978886e-07, 8.21021501451e-07, 7.37257778383e-07],
        "median": [0.00120623363182, 0.00201389775611, 0.000833339407109, 0.000291314499918, 0.000332080991939, 0.000307682697894, 9.69871398411e-05, 5.58503161301e-05, 9.41309772315e-05, 5.39351276529e-05, 4.25391299359e-05, 2.32420152315e-05, 1.74570832314e-05, 1.69814320543e-05, 1.06186953417e-05, 4.97747396366e-06, 9.52194386628e-06, 5.79014795221e-06, 6.10662527833e-06, 6.38032224742e-06, 4.15112299379e-06, 3.18393767884e-06, 2.46213267019e-06, 2.50830203186e-06, 2.59383159573e-06, 1.98172392629e-06, 1.59764158525e-06, 1.3147515574e-06, 1.07785331238e-06, 1.06835364022e-06, 9.5590530691e-07, 9.95386130853e-07, 9.61118757914e-07, 8.27620851851e-07, 6.10634060649e-07, 3.37718802257e-07, 2.45202727456e-07, 1.80989985665e-07, 1.46117614008e-07, 8.48770227435e-08],
        "min": [2.22048583379e-23, 2.2870298799e-23, 1.65001049944e-23, 1.8811284431e-23, 2.8464894028e-23, 1.18458785073e-23, 1.72672627584e-23, 1.91495274768e-23, 6.10728303099e-24, 5.36595691177e-24, 9.57826312535e-24, 1.44052990601e-23, 8.73077013335e-24, 1.17262777277e-23, 9.97003906102e-24, 1.39824096615e-23, 8.85683720576e-24, 1.39836639503e-23, 6.63501125506e-24, 4.65452585984e-24, 5.24368504918e-24, 7.19514746284e-24, 7.1017636866e-24, 6.36831434352e-24, 1.27316896289e-23, 7.41691125166e-24, 1.33295136664e-23, 1.43189677004e-23, 9.50737687327e-24, 6.64650022529e-24, 1.31859141604e-23, 1.26049378252e-23, 6.85555467606e-24, 1.29760148396e-23, 1.35319306415e-23, 9.9812101203e-24, 1.19402870138e-23, 8.31138169942e-24, 9.68047977715e-24, 6.65923559574e-24],
        "var": [1.50854748426e-05, 1.94060958165e-05, 3.51409084942e-06, 1.32695163302e-06, 2.87012494482e-06, 2.09417930819e-06, 1.54574763656e-07, 1.24361193343e-07, 1.89653945881e-07, 4.64490085506e-07, 6.97003940786e-07, 3.36351774877e-07, 7.24064435076e-08, 7.55175761924e-08, 1.98950580454e-08, 1.73869292297e-08, 8.30211188685e-09, 4.76334101052e-08, 1.29493233914e-08, 6.77015465911e-09, 2.9219715536e-09, 1.81424131274e-09, 4.1009773355e-10, 4.0535252932e-10, 8.09150135783e-10, 4.16640777434e-10, 1.47703266284e-10, 6.09379699479e-11, 4.56301663121e-11, 6.48860756791e-11, 4.19982520983e-11, 4.51368942223e-11, 3.83258563774e-11, 3.48665783745e-11, 2.29709151006e-11, 1.02290727971e-11, 8.97399429073e-12, 4.24271425284e-12, 3.40965580423e-12, 5.36646161536e-12]
    },
    "mfcc": {
        "mean": [-678.546325684, 130.291748047, 19.9940185547, 24.8933467865, -5.30587434769, 8.2341594696, -8.60709476471, 4.48748540878, -4.09458208084, -1.32064437866, -4.2516746521, -6.67666864395, -2.20862984657],
        "cov": [[10279.0849609, -1645.87744141, -1646.19641113, -398.285980225, 635.21887207, 188.892593384, 638.292419434, 606.857910156, 754.140258789, 858.958007812, 460.754730225, 523.388122559, 466.693084717], [-1645.87744141, 2010.72070312, 33.8637962341, 121.720222473, 49.258769989, 91.634979248, -30.1986789703, 38.2231674194, -68.1463394165, -23.4061756134, -2.55116415024, -27.7068500519, 31.1393928528], [-1646.19641113, 33.8637962341, 1439.98376465, 474.995422363, 120.702278137, 100.322799683, -65.9799194336, -131.163101196, -135.186721802, -199.858963013, -62.2746734619, -49.7682380676, -19.2981033325], [-398.285980225, 121.720222473, 474.995422363, 662.058654785, 157.701828003, 100.344604492, -36.5225639343, -7.97173976898, -39.9832725525, -33.8118972778, -29.8432693481, 14.0820732117, 58.9053840637], [635.21887207, 49.258769989, 120.702278137, 157.701828003, 415.259674072, 71.5138626099, 97.3386535645, 53.2533302307, 94.8945846558, 76.4137039185, 56.5091323853, 77.4229660034, 97.6452178955], [188.892593384, 91.634979248, 100.322799683, 100.344604492, 71.5138626099, 280.539520264, 106.245864868, 69.9087982178, 57.5706787109, 68.6232528687, 26.6435317993, 20.0432872772, 29.8110485077], [638.292419434, -30.1986789703, -65.9799194336, -36.5225639343, 97.3386535645, 106.245864868, 271.485626221, 78.5858764648, 108.610435486, 105.03527832, 60.8354301453, 53.5244560242, 65.2348251343], [606.857910156, 38.2231674194, -131.163101196, -7.97173976898, 53.2533302307, 69.9087982178, 78.5858764648, 216.902816772, 128.164611816, 111.833221436, 71.3428726196, 64.916557312, 47.4884185791], [754.140258789, -68.1463394165, -135.186721802, -39.9832725525, 94.8945846558, 57.5706787109, 108.610435486, 128.164611816, 226.623733521, 138.944625854, 81.2726364136, 81.8521499634, 62.3924293518], [858.958007812, -23.4061756134, -199.858963013, -33.8118972778, 76.4137039185, 68.6232528687, 105.03527832, 111.833221436, 138.944625854, 224.998504639, 90.0470199585, 76.219291687, 62.2455024719], [460.754730225, -2.55116415024, -62.2746734619, -29.8432693481, 56.5091323853, 26.6435317993, 60.8354301453, 71.3428726196, 81.2726364136, 90.0470199585, 135.28012085, 76.240486145, 42.4325714111], [523.388122559, -27.7068500519, -49.7682380676, 14.0820732117, 77.4229660034, 20.0432872772, 53.5244560242, 64.916557312, 81.8521499634, 76.219291687, 76.240486145, 152.183349609, 77.3338851929], [466.693084717, 31.1393928528, -19.2981033325, 58.9053840637, 97.6452178955, 29.8110485077, 65.2348251343, 47.4884185791, 62.3924293518, 62.2455024719, 42.4325714111, 77.3338851929, 150.057418823]],
