{
"lowlevel": {
    "average_loudness": 0.759078741074,
    "barkbands_crest": {
        "dmean": 2.91296052933,
        "dmean2": 4.56588840485,
        "dvar": 7.40783262253,
        "dvar2": 17.4394512177,
        "max": 26.0831623077,
        "mean": 10.8990869522,
        "median": 9.90379428864,
        "min": 2.46612262726,
        "var": 21.8590087891
    },
    "barkbands_flatness_db": {
        "dmean": 0.0245150700212,
        "dmean2": 0.0364799164236,
        "dvar": 0.000595910591073,
        "dvar2": 0.00127448979765,
        "max": 0.587714195251,
        "mean": 0.182027369738,
        "median": 0.171000033617,
        "min": 0.0314124003053,
        "var": 0.00606176443398
    },
    "barkbands_kurtosis": {
        "dmean": 5.85112190247,
        "dmean2": 8.89674949646,
        "dvar": 522.868347168,
        "dvar2": 1187.6628418,
        "max": 835.362304688,
        "mean": 8.51981163025,
        "median": 1.77683544159,
        "min": -1.89675843716,
        "var": 772.886413574
    },
    "barkbands_skewness": {
        "dmean": 0.65382373333,
        "dmean2": 0.957377374172,
        "dvar": 0.944005250931,
        "dvar2": 1.99826359749,
        "max": 26.6340370178,
        "mean": 1.66500329971,
        "median": 1.20169985294,
        "min": -2.30536389351,
        "var": 3.6082007885
    },
    "barkbands_spread": {
        "dmean": 4.19011259079,
        "dmean2": 6.36712551117,
        "dvar": 26.7503852844,
        "dvar2": 55.7035331726,
        "max": 100.150764465,
        "mean": 17.4412021637,
        "median": 15.0072383881,
        "min": 0.106985323131,
        "var": 137.669815063
    },
    "dissonance": {
        "dmean": 0.0247814543545,
        "dmean2": 0.0417815521359,
        "dvar": 0.000644702406134,
        "dvar2": 0.00174418499228,
        "max": 0.499999970198,
        "mean": 0.456893980503,
        "median": 0.468849003315,
        "min": 0.0099128773436,
        "var": 0.00152837485075
    },
    "dynamic_complexity": 3.20742678642,
    "erbbands_crest": {
        "dmean": 3.26392841339,
        "dmean2": 5.40663003922,
        "dvar": 8.75175476074,
        "dvar2": 22.715845108,
        "max": 29.5655975342,
        "mean": 10.8920793533,
        "median": 9.92597484589,
        "min": 2.34138512611,
        "var": 24.0895404816
    },
    "erbbands_flatness_db": {
        "dmean": 0.0210360437632,
        "dmean2": 0.0309841539711,
        "dvar": 0.000377797638066,
        "dvar2": 0.000751610437874,
        "max": 0.401427447796,
        "mean": 0.19695661962,
        "median": 0.194197937846,
        "min": 0.051912650466,
        "var": 0.00326419086196
    },
    "erbbands_kurtosis": {
        "dmean": 1.46311414242,
        "dmean2": 2.36819386482,
        "dvar": 4.1293053627,
        "dvar2": 10.0854082108,
        "max": 45.6255950928,
        "mean": 1.85235965252,
        "median": 0.972088336945,
        "min": -1.8764475584,
        "var": 10.0913085938
    },
    "erbbands_skewness": {
        "dmean": 0.399224936962,
        "dmean2": 0.629670321941,
        "dvar": 0.146094948053,
        "dvar2": 0.34534445405,
        "max": 5.96153497696,
        "mean": 0.733694136143,
        "median": 0.688247442245,
        "min": -4.31698799133,
        "var": 0.706563293934
    },
    "erbbands_spread": {
        "dmean": 7.12503290176,
        "dmean2": 10.8314933777,
        "dvar": 77.3340835571,
        "dvar2": 154.944915771,
        "max": 157.371520996,
        "mean": 28.9326667786,
        "median": 23.4992523193,
        "min": 2.50987458229,
        "var": 352.787078857
    },
    "hfc": {
        "dmean": 5.15341711044,
        "dmean2": 8.01138591766,
        "dvar": 49.3985290527,
        "dvar2": 116.234016418,
        "max": 137.383453369,
        "mean": 21.333612442,
        "median": 14.3834848404,
        "min": 1.17344384327e-16,
        "var": 387.811981201
    },
    "melbands_crest": {
        "dmean": 3.49346446991,
        "dmean2": 5.20631217957,
        "dvar": 9.48009109497,
        "dvar2": 21.0329990387,
        "max": 38.4087333679,
        "mean": 15.8616771698,
        "median": 14.5888023376,
        "min": 2.2021727562,
        "var": 42.8799362183
    },
    "melbands_flatness_db": {
        "dmean": 0.0274021420628,
        "dmean2": 0.0392251834273,
        "dvar": 0.00079131918028,
        "dvar2": 0.00163379439618,
        "max": 0.768737137318,
        "mean": 0.232687026262,
        "median": 0.211520895362,
        "min": 0.00597669603303,
        "var": 0.0100036300719
    },
    "melbands_kurtosis": {
        "dmean": 11.2196550369,
        "dmean2": 16.6704006195,
        "dvar": 987.559814453,
        "dvar2": 2132.1081543,
        "max": 879.371948242,
        "mean": 19.2067642212,
        "median": 4.96056890488,
        "min": -1.86422610283,
        "var": 2444.83789062
    },
    "melbands_skewness": {
        "dmean": 0.83386528492,
        "dmean2": 1.21167182922,
        "dvar": 1.18077886105,
        "dvar2": 2.36730074883,
        "max": 24.2144947052,
        "mean": 2.48606181145,
        "median": 1.78464710712,
        "min": -1.50506258011,
        "var": 6.2784705162
    },
    "melbands_spread": {
        "dmean": 5.17007923126,
        "dmean2": 7.80372285843,
        "dvar": 45.6145591736,
        "dvar2": 96.4052963257,
        "max": 245.400863647,
        "mean": 20.6430778503,
        "median": 17.3079109192,
        "min": 0.176252678037,
        "var": 237.264022827
    },
    "pitch_salience": {
        "dmean": 0.0759842395782,
        "dmean2": 0.120244830847,
        "dvar": 0.00582715496421,
        "dvar2": 0.0141950566322,
        "max": 0.983361423016,
        "mean": 0.504951536655,
        "median": 0.51618796587,
        "min": 0.0270012542605,
        "var": 0.02069253847
    },
    "silence_rate_20dB": {
        "dmean": 0,
        "dmean2": 0,
        "dvar": 0,
        "dvar2": 0,
        "max": 1,
        "mean": 1,
        "median": 1,
        "min": 1,
        "var": 0
    },
    "silence_rate_30dB": {
        "dmean": 0.022448014468,
        "dmean2": 0.0449013337493,
        "dvar": 0.0219437740743,
        "dvar2": 0.0563538186252,
        "max": 1,
        "mean": 0.9834613204,
        "median": 1,
        "min": 0,
        "var": 0.0162655524909
    },
    "silence_rate_60dB": {
        "dmean": 0.00590737257153,
        "dmean2": 0.0116979796439,
        "dvar": 0.00587223935872,
        "dvar2": 0.0132157821208,
        "max": 1,
        "mean": 0.0331955105066,
        "median": 0,
        "min": 0,
        "var": 0.0320904925466
    },
    "spectral_centroid": {
        "dmean": 186.391784668,
        "dmean2": 291.320983887,
        "dvar": 54681.9257812,
        "dvar2": 106024.632812,
        "max": 10765.6884766,
        "mean": 1220.97265625,
        "median": 1168.36779785,
        "min": 118.392707825,
        "var": 398649.03125
    },
    "spectral_complexity": {
        "dmean": 2.6977789402,
        "dmean2": 4.34373140335,
        "dvar": 7.97937679291,
        "dvar2": 17.5883865356,
        "max": 53,
        "mean": 18.1710567474,
        "median": 14,
        "min": 0,
        "var": 143.561676025
    },
    "spectral_decrease": {
        "dmean": 2.77305844953e-09,
        "dmean2": 4.14390255443e-09,
        "dvar": 1.92001127144e-17,
        "dvar2": 4.54598049842e-17,
        "max": -7.1809012677e-30,
        "mean": -7.9987092505e-09,
        "median": -6.35746966182e-09,
        "min": -5.33030863892e-08,
        "var": 4.27962933379e-17
    },
    "spectral_energy": {
        "dmean": 0.0107957590371,
        "dmean2": 0.0161691755056,
        "dvar": 0.000278451625491,
        "dvar2": 0.000659246870782,
        "max": 0.205424636602,
        "mean": 0.0321240462363,
        "median": 0.0257867705077,
        "min": 1.06705911278e-20,
        "var": 0.000660051126033
    },
    "spectral_energyband_high": {
        "dmean": 0.000241484784056,
        "dmean2": 0.000349235953763,
        "dvar": 3.15758484248e-07,
        "dvar2": 6.26087739874e-07,
        "max": 0.012025362812,
        "mean": 0.000661232508719,
        "median": 0.000274536461802,
        "min": 7.25869082091e-21,
        "var": 9.89510681393e-07
    },
    "spectral_energyband_low": {
        "dmean": 0.00770426495001,
        "dmean2": 0.010896127671,
        "dvar": 0.00030400880496,
        "dvar2": 0.000713800545782,
        "max": 0.176139175892,
        "mean": 0.0140440678224,
        "median": 0.0070144366473,
        "min": 5.9587107036e-23,
        "var": 0.00048879935639
    },
    "spectral_energyband_middle_high": {
        "dmean": 0.00248702079989,
        "dmean2": 0.00410330854356,
        "dvar": 1.54441586346e-05,
        "dvar2": 4.21941731474e-05,
        "max": 0.0666525289416,
        "mean": 0.00799353048205,
        "median": 0.00408885860816,
        "min": 1.60140621685e-21,
        "var": 9.1225723736e-05
    },
    "spectral_energyband_middle_low": {
        "dmean": 0.00437334692106,
        "dmean2": 0.00726726418361,
        "dvar": 3.29665235768e-05,
        "dvar2": 9.28349763853e-05,
        "max": 0.100584074855,
        "mean": 0.01001233235,
        "median": 0.00810353364795,
        "min": 5.11155461831e-22,
        "var": 7.77195527917e-05
    },
    "spectral_entropy": {
        "dmean": 0.156872734427,
        "dmean2": 0.236728399992,
        "dvar": 0.0279877148569,
        "dvar2": 0.0551687255502,
        "max": 9.80276870728,
        "mean": 7.43711614609,
        "median": 7.53859949112,
        "min": 4.74103927612,
        "var": 0.269566386938
    },
    "spectral_flux": {
        "dmean": 0.0262276381254,
        "dmean2": 0.0391320697963,
        "dvar": 0.00109539018013,
        "dvar2": 0.00218565389514,
        "max": 0.399412959814,
        "mean": 0.0915807634592,
        "median": 0.0837127566338,
        "min": 1.03298550269e-10,
        "var": 0.00298959389329
    },
    "spectral_kurtosis": {
        "dmean": 2.24606847763,
        "dmean2": 3.78840899467,
        "dvar": 18.7304840088,
        "dvar2": 49.7214431763,
        "max": 141.814102173,
        "mean": 5.16237783432,
        "median": 3.83832073212,
        "min": -1.22114539146,
        "var": 60.0433502197
    },
    "spectral_rms": {
        "dmean": 0.000836450024508,
        "dmean2": 0.00120694434736,
        "dvar": 8.90501155482e-07,
        "dvar2": 1.95223719857e-06,
        "max": 0.0141567746177,
        "mean": 0.00519448146224,
        "median": 0.00501575740054,
        "min": 3.22650478383e-12,
        "var": 4.35771971752e-06
    },
    "spectral_rolloff": {
        "dmean": 292.662017822,
        "dmean2": 479.971862793,
        "dvar": 349829.78125,
        "dvar2": 705073.25,
        "max": 19466.015625,
        "mean": 1150.47875977,
        "median": 990.52734375,
        "min": 43.06640625,
        "var": 1035430.4375
    },
    "spectral_skewness": {
        "dmean": 0.251680552959,
        "dmean2": 0.409906595945,
        "dvar": 0.0975594520569,
        "dvar2": 0.25733602047,
        "max": 10.0513153076,
        "mean": 1.59738957882,
        "median": 1.51645755768,
        "min": -0.211611047387,
        "var": 0.434807628393
    },
    "spectral_spread": {
        "dmean": 456424.3125,
        "dmean2": 642461.3125,
        "dvar": 519322697728,
        "dvar2": 647587954688,
        "max": 41885576,
        "mean": 3985693.25,
        "median": 3701348.25,
        "min": 320036.875,
        "var": 2.16806981632e+12
    },
    "spectral_strongpeak": {
        "dmean": 0.620468318462,
        "dmean2": 1.07121157646,
        "dvar": 0.880511105061,
        "dvar2": 2.31299781799,
        "max": 10.525179863,
        "mean": 1.03128612041,
        "median": 0.483013600111,
        "min": 0,
        "var": 1.55603384972
    },
    "zerocrossingrate": {
        "dmean": 0.0073574478738,
        "dmean2": 0.00873552076519,
        "dvar": 0.00012104351481,
        "dvar2": 0.00014662729518,
        "max": 0.60791015625,
        "mean": 0.0478676557541,
        "median": 0.04541015625,
        "min": 0.00146484375,
        "var": 0.000862482411321
    },
    "barkbands": {
        "dmean": [0.000508638797328, 0.00704705389217, 0.00177532958332, 0.000653515860904, 0.0010735380929, 0.000812548678368, 0.000772872881498, 0.0012308441801, 0.0015609941911, 0.00129825307522, 0.000881185929757, 0.000949152570684, 0.000334772019414, 0.000395004230086, 0.000254623242654, 0.00028442798066, 0.000148081264342, 0.000128894360387, 0.000128485567984, 8.10434939922e-05, 8.40097782202e-05, 6.08654554526e-05, 5.0112423196e-05, 3.76811767637e-05, 2.35841853282e-05, 1.54379831656e-05, 5.52230972062e-07],
        "dmean2": [0.000732628395781, 0.0105646867305, 0.0030254223384, 0.00116153771523, 0.00173926050775, 0.00134776195046, 0.00125979073346, 0.00202834839001, 0.00263553345576, 0.00219620042481, 0.00145703007001, 0.00159649609122, 0.000553828955162, 0.00066262827022, 0.000419170130044, 0.000471194129204, 0.000244321330683, 0.000212212951737, 0.00021135515999, 0.000131435604999, 0.00013551551092, 9.50165558606e-05, 7.62153504184e-05, 5.54559665034e-05, 3.29370814143e-05, 2.1947102141e-05, 8.40430743665e-07],
        "dvar": [1.20596951092e-06, 0.000327257323079, 2.21323371079e-05, 2.57563715422e-06, 3.43539659298e-06, 3.2899913549e-06, 4.06974959333e-06, 7.03142268321e-06, 1.36759726956e-05, 7.55814198783e-06, 5.2241512094e-06, 3.85485100196e-06, 5.77437390348e-07, 6.7473956733e-07, 3.1462940342e-07, 5.42718396446e-07, 9.66540056879e-08, 6.82606895452e-08, 6.32974064274e-08, 2.63708965775e-08, 2.4884643679e-08, 2.03672314569e-08, 1.44020475545e-08, 1.70868617033e-08, 6.20108231431e-09, 3.44228245908e-09, 1.27356129115e-11],
        "dvar2": [2.56317093772e-06, 0.000830725766718, 6.06413123023e-05, 7.26831967768e-06, 8.41048040456e-06, 8.985466593e-06, 1.05351145976e-05, 1.90122591448e-05, 4.02099831263e-05, 2.20418005483e-05, 1.31544384203e-05, 1.06395009425e-05, 1.51145661675e-06, 1.82126086656e-06, 8.39001700115e-07, 1.46195668549e-06, 2.47975123102e-07, 1.83370673312e-07, 1.65483854175e-07, 6.83943071067e-08, 6.13104376157e-08, 4.89965472639e-08, 2.95399829042e-08, 3.71267674382e-08, 1.11683595705e-08, 6.74576616788e-09, 2.83687517921e-11],
        "max": [0.0525490567088, 0.166826933622, 0.0494445934892, 0.0191250294447, 0.0395448803902, 0.0415629595518, 0.0494846738875, 0.0398855991662, 0.0875485762954, 0.0573309063911, 0.0546223558486, 0.0395929738879, 0.0165142994374, 0.0120985880494, 0.0116468956694, 0.0151376258582, 0.00843996368349, 0.00416074506938, 0.00550925126299, 0.00366192962974, 0.00315157929435, 0.00363139132969, 0.00341544207186, 0.0037758895196, 0.00213190494105, 0.00109340355266, 8.15554303699e-05],
        "mean": [0.000903372187167, 0.010293815285, 0.00250405143015, 0.00072927295696, 0.00187085161451, 0.00122270383872, 0.0011986856116, 0.00185023818631, 0.00248437002301, 0.00208064331673, 0.00143068947364, 0.00160841771867, 0.000596224097535, 0.000696766364854, 0.000485582975671, 0.000560472020879, 0.000292629905744, 0.000274510297459, 0.000284830748569, 0.000190633596503, 0.00019112956943, 0.000133564579301, 0.000105358631117, 6.92972171237e-05, 4.43245371571e-05, 2.09651243495e-05, 6.20843820798e-07],
        "median": [9.5548122772e-05, 0.00381898949854, 0.00100520078558, 0.000248353928328, 0.000800028908998, 0.000411124550737, 0.000368645240087, 0.000437426497228, 0.000712113571353, 0.00061895971885, 0.000300638872432, 0.000486681703478, 0.000139277937706, 0.000199939007871, 0.000109205648187, 9.08084257389e-05, 7.24747224012e-05, 8.69039940881e-05, 9.83742720564e-05, 6.83742691763e-05, 7.06078280928e-05, 5.13761551701e-05, 3.78468357667e-05, 1.93969681277e-05, 9.18861405808e-06, 6.85876500484e-07, 1.10009434895e-09],
        "min": [1.28249803196e-23, 1.20308056473e-23, 9.5076427194e-24, 3.87247148316e-23, 1.28987416541e-22, 4.44478943881e-23, 1.00692856515e-22, 3.8079325637e-23, 1.04796163845e-22, 8.77863726645e-23, 1.01109084772e-22, 3.07617856158e-23, 7.53374723152e-23, 1.16824670752e-22, 2.72743445187e-22, 1.5079486411e-22, 1.8593586589e-22, 2.67663231445e-22, 2.2168942763e-22, 4.19772931046e-22, 4.42235978825e-22, 3.35631057898e-22, 6.52754151539e-22, 8.71150835886e-22, 1.08180138577e-21, 1.61351221514e-21, 2.28901272281e-21],
        "var": [5.6825788306e-06, 0.000383187201805, 1.9434850401e-05, 2.12099757846e-06, 8.5644187493e-06, 6.29924625173e-06, 7.17300326869e-06, 1.30267972054e-05, 2.68483763648e-05, 1.47149403347e-05, 1.13986789074e-05, 8.3941486082e-06, 1.25042345189e-06, 1.46700187997e-06, 7.36312813387e-07, 1.44251464462e-06, 2.68216865607e-07, 1.84093195799e-07, 1.84539743486e-07, 8.97030716374e-08, 7.49960804569e-08, 4.84360640485e-08, 3.75804383168e-08, 3.15162580478e-08, 1.50972105928e-08, 5.8125162461e-09, 1.63566053063e-11]
    },
    "erbbands": {
        "dmean": [0.218487709761, 1.56249034405, 2.12225675583, 2.13275313377, 2.46348619461, 4.19091749191, 4.62723016739, 7.74274396896, 10.52617836, 14.2268981934, 28.2583351135, 29.8385028839, 41.9654655457, 36.7893333435, 38.0600585938, 32.2623214722, 14.678109169, 19.5716133118, 12.8588171005, 13.2656936646, 14.6766834259, 8.47116088867, 6.08172559738, 6.59422874451, 5.46922445297, 3.86614060402, 3.7418115139, 3.01626729965, 2.17311549187, 1.63025665283, 1.47152137756, 0.881136238575, 0.598744153976, 0.290290266275, 0.16891759634, 0.096887037158, 0.0193647146225, 0.002918708371, 0.000103695128928, 1.43625748024e-05],
        "dmean2": [0.298121184111, 2.53646445274, 3.48273301125, 3.78864264488, 4.1256275177, 6.79902029037, 7.54934453964, 12.8819913864, 17.4031543732, 23.0537071228, 46.7993927002, 50.5695495605, 69.6794967651, 62.4192428589, 62.8705406189, 54.0293769836, 24.2865352631, 32.7621536255, 21.2731742859, 21.8976478577, 24.4457912445, 14.0582275391, 9.97726631165, 10.796872139, 8.9962387085, 6.23053121567, 6.09121704102, 4.76307678223, 3.38955640793, 2.48975229263, 2.25448822975, 1.32964348793, 0.880223214626, 0.411296367645, 0.237324103713, 0.139644965529, 0.0272591393441, 0.00418774550781, 0.000149258761667, 2.09170284506e-05],
        "dvar": [0.250426888466, 19.0359516144, 28.4310474396, 32.8461341858, 23.96616745, 63.720375061, 111.604026794, 355.063934326, 868.472229004, 755.766662598, 4360.78662109, 7384.78222656, 8188.53662109, 7240.55224609, 8275.0703125, 4633.31347656, 1114.13195801, 1814.44274902, 819.07611084, 1186.68933105, 1713.71166992, 327.231292725, 140.061462402, 195.662658691, 124.274986267, 58.1802597046, 53.0570411682, 41.183265686, 23.0617046356, 17.0765342712, 13.0903673172, 5.67886257172, 5.98628473282, 0.968893647194, 0.340753018856, 0.111680440605, 0.00689701363444, 0.000264113972662, 3.67874832818e-07, 7.06800895589e-10],
        "dvar2": [0.494059681892, 50.7965316772, 74.7782287598, 92.1663131714, 63.3421897888, 150.403045654, 262.318328857, 950.634521484, 2326.83178711, 1835.65039062, 12105.1289062, 22498.7285156, 23053.4882812, 21138.6894531, 21260.9589844, 12585.4638672, 2891.32910156, 5025.57519531, 2206.16503906, 3188.44824219, 4765.69628906, 867.11541748, 363.291992188, 493.273834229, 338.426269531, 149.862533569, 136.992111206, 101.203552246, 56.1249046326, 36.3554267883, 28.332075119, 12.0098590851, 13.3312959671, 1.80344223976, 0.663753390312, 0.222707957029, 0.0134524246678, 0.000555555103347, 7.10262213488e-07, 1.40310618679e-09],
        "max": [8.01633358002, 38.3231506348, 64.3854217529, 59.9991493225, 83.5559463501, 177.435638428, 279.737609863, 472.285644531, 851.431762695, 495.168395996, 1026.41247559, 2312.30981445, 2715.20996094, 1482.08764648, 2208.02392578, 1459.22741699, 825.268493652, 663.02532959, 722.021057129, 766.856567383, 969.571655273, 439.550262451, 184.037490845, 368.889038086, 234.99520874, 144.555923462, 128.894393921, 211.106826782, 145.789627075, 98.8184051514, 113.868179321, 56.8169288635, 83.4324645996, 26.0710544586, 17.4382858276, 5.34986352921, 1.78673672676, 0.339150130749, 0.01462477725, 0.000571072392631],
        "mean": [0.374557226896, 1.97368550301, 3.23758983612, 2.64546632767, 3.69843506813, 6.88984870911, 7.06971931458, 11.9027671814, 16.9238204956, 23.8112220764, 43.3164367676, 48.8207015991, 73.4022598267, 63.9567108154, 68.2052078247, 58.4571723938, 29.7526569366, 36.0823516846, 27.7934474945, 26.8841075897, 29.4835624695, 18.1702804565, 14.0461435318, 15.2286949158, 13.2411851883, 9.36802005768, 8.36030483246, 6.83682632446, 4.95803260803, 3.5398952961, 3.00235176086, 1.70575261116, 1.05653822422, 0.564778327942, 0.282041043043, 0.131709933281, 0.0275168549269, 0.00378783443011, 0.00014430070587, 4.25037324021e-05],
        "median": [0.0878891646862, 0.77919703722, 1.48150479794, 1.22513651848, 1.52399718761, 2.40573787689, 2.21843528748, 4.08152246475, 5.62138748169, 9.37944030762, 11.0070648193, 15.3038606644, 24.0681476593, 19.4274978638, 22.9353027344, 19.9249649048, 9.25641822815, 10.7002353668, 7.93203783035, 5.10353517532, 5.52955245972, 4.53857851028, 4.84695053101, 5.39091396332, 4.43882703781, 3.31009340286, 3.09528422356, 2.4289059639, 1.89971613884, 1.37152135372, 1.04745650291, 0.553111493587, 0.250959813595, 0.130947485566, 0.0464308597147, 0.00917582027614, 0.000537341693416, 3.22170308209e-05, 1.76087869477e-05, 3.13483433274e-05],
        "min": [5.34509177748e-22, 2.06127733898e-21, 8.08012317444e-21, 9.97055593026e-20, 1.1373035489e-19, 6.94398582096e-19, 4.26558921468e-19, 3.76904871959e-19, 1.32630501308e-18, 9.99877829878e-19, 1.00589991153e-18, 2.75430836696e-18, 3.64435098376e-18, 2.08196914084e-18, 4.18719611896e-18, 1.48520247965e-18, 3.23463746621e-18, 6.14453954037e-18, 1.35915171414e-17, 7.16176531225e-18, 9.3988752789e-18, 1.21952552926e-17, 1.5554572245e-17, 1.0962211895e-17, 1.30797884729e-17, 2.17507340594e-17, 2.2152477485e-17, 1.24789352293e-17, 1.31331829815e-17, 1.8713298726e-17, 1.62871928786e-17, 1.94806526736e-17, 1.37593347169e-17, 1.13177837532e-17, 8.29614756942e-18, 5.4329284671e-18, 2.95405656167e-18, 1.14510861836e-18, 2.95567892134e-19, 3.51718715109e-20],
        "var": [0.532241642475, 16.62342453, 28.1898975372, 24.0770263672, 42.8994445801, 154.314910889, 274.209472656, 659.164672852, 1469.19934082, 1742.5682373, 7701.83056641, 12939.0087891, 17922.2480469, 14958.8867188, 18345.9785156, 10945.6328125, 2654.72119141, 3941.8972168, 2446.69091797, 2774.76489258, 4518.15917969, 977.933166504, 430.640136719, 560.012451172, 407.225311279, 198.827835083, 159.852279663, 108.872596741, 61.5704650879, 41.561870575, 31.2566699982, 13.0401830673, 9.66242790222, 2.28429436684, 0.720349609852, 0.184923157096, 0.0122855491936, 0.000394166272599, 5.61611841476e-07, 1.81022363765e-09]
    },
    "gfcc": {
        "mean": [-26.6659469604, 116.485565186, -138.239227295, 35.2569732666, -65.2640991211, 22.1461696625, -19.6831855774, 8.0052947998, -11.4700450897, -4.02831029892, -6.51618862152, -5.76084566116, -2.87458491325],
        "cov": [[7385.09375, -2549.91015625, -269.903594971, -140.049942017, -471.401733398, 868.594482422, -650.169067383, 716.078308105, -630.956420898, 623.414428711, -285.13293457, 470.488586426, -1.84893059731], [-2549.91015625, 2431.3737793, 435.994903564, 303.21295166, 510.812316895, -415.585296631, 527.222106934, -457.841033936, 461.396881104, -337.342529297, 346.012451172, -262.478424072, 57.5259552002], [-269.903594971, 435.994903564, 1560.90710449, 463.946807861, 372.586791992, 84.188583374, -101.681045532, -6.45781946182, -6.12210083008, 184.395050049, -35.2957305908, 102.584060669, -66.9140853882], [-140.049942017, 303.21295166, 463.946807861, 679.104919434, 284.843292236, 65.3678512573, 49.2412757874, -73.0504760742, 93.146697998, -26.6440143585, 57.3867721558, -35.0411605835, 43.4177627563], [-471.401733398, 510.812316895, 372.586791992, 284.843292236, 752.902954102, 58.9094352722, 209.135131836, 52.909286499, 122.843170166, 46.364566803, -1.64887285233, 26.8480091095, -9.23692512512], [868.594482422, -415.585296631, 84.188583374, 65.3678512573, 58.9094352722, 403.678497314, -14.4262065887, 178.220046997, -80.4323348999, 119.857650757, -19.0705718994, 56.641784668, 28.7534141541], [-650.169067383, 527.222106934, -101.681045532, 49.2412757874, 209.135131836, -14.4262065887, 429.961212158, -31.1976451874, 141.243209839, -75.8203201294, 119.479240417, -63.0098152161, 9.42335128784], [716.078308105, -457.841033936, -6.45781946182, -73.0504760742, 52.909286499, 178.220046997, -31.1976451874, 281.426727295, -78.9196929932, 135.223571777, -54.8889274597, 77.0098876953, 10.6425542831], [-630.956420898, 461.396881104, -6.12210083008, 93.146697998, 122.843170166, -80.4323348999, 141.243209839, -78.9196929932, 232.127044678, -71.712059021, 91.1429824829, -67.9594497681, 23.497844696], [623.414428711, -337.342529297, 184.395050049, -26.6440143585, 46.364566803, 119.857650757, -75.8203201294, 135.223571777, -71.712059021, 248.307540894, -49.025604248, 109.943450928, -30.2780952454], [-285.13293457, 346.012451172, -35.2957305908, 57.3867721558, -1.64887285233, -19.0705718994, 119.479240417, -54.8889274597, 91.1429824829, -49.025604248, 183.27406311, -42.48072052, 40.315410614], [470.488586426, -262.478424072, 102.584060669, -35.0411605835, 26.8480091095, 56.641784668, -63.0098152161, 77.0098876953, -67.9594497681, 109.943450928, -42.48072052, 140.262924194, -12.045589447], [-1.84893059731, 57.5259552002, -66.9140853882, 43.4177627563, -9.23692512512, 28.7534141541, 9.42335128784, 10.6425542831, 23.497844696, -30.2780952454, 40.315410614, -12.045589447, 110.004623413]],
        "icov": [[0.000329939968651, -0.00013628351735, 0.000256185856415, -0.000292501499644, 0.000260583183262, -0.00046200765064, 0.000300826708553, -0.000430281885201, 0.000311676732963, -0.000292857555905, 9.4020186225e-05, -0.000683609512635, 0.000250098790275], [-0.00013628351735, 0.0025515309535, -0.00122236041352, 0.00111362501048, -0.00152995856479, 0.00136760110036, -0.00127631297801, 0.00231319153681, -0.00107444880996, 0.000841676373966, -0.00232940306887, 0.00228191399947, -0.00155532069039], [0.000256185856415, -0.00122236041352, 0.0017669077497, -0.00132092239801, 0.000478105037473, -0.00088335108012, 0.00112127128523, -0.000959310214967, 0.000729946536012, -0.00119423004799, 0.000933879811782, -0.00177318358328, 0.00148641585838], [-0.000292501499644, 0.00111362501048, -0.00132092239801, 0.0031956450548, -0.00154135690536, 0.000174919841811, -0.000410778156947, 0.00206154352054, -0.00091227266239, 0.000863114313688, -0.00135942513589, 0.00204955833033, -0.00183639128227], [0.000260583183262, -0.00152995856479, 0.000478105037473, -0.00154135690536, 0.00342844473198, -0.000995047274046, -0.000402932462748, -0.00225012819283, -0.00034116327879, -0.000687999185175, 0.0025469250977, -0.0024244855158, 0.00118842592929], [-0.00046200765064, 0.00136760110036, -0.00088335108012, 0.000174919841811, -0.000995047274046, 0.0052268547006, -0.00131746358238, -0.000494053703733, 0.000290893134661, -0.000227330747293, -0.00153977237642, 0.00224464247003, -0.0019330290379], [0.000300826708553, -0.00127631297801, 0.00112127128523, -0.000410778156947, -0.000402932462748, -0.00131746358238, 0.00491359457374, -0.00160662794951, -0.000250276032602, 0.000107056315755, -0.00110768224113, -0.000995507114567, 0.00194159708917], [-0.000430281885201, 0.00231319153681, -0.000959310214967, 0.00206154352054, -0.00225012819283, -0.000494053703733, -0.00160662794951, 0.00937016773969, -0.000566235452425, -0.00141340610571, -0.00103149248753, 0.00200634938665, -0.00311315595172], [0.000311676732963, -0.00107444880996, 0.000729946536012, -0.00091227266239, -0.00034116327879, 0.000290893134661, -0.000250276032602, -0.000566235452425, 0.00834283139557, -0.000877209706232, -0.00123341055587, 0.000671324960422, -0.000155267727678], [-0.000292857555905, 0.000841676373966, -0.00119423004799, 0.000863114313688, -0.000687999185175, -0.000227330747293, 0.000107056315755, -0.00141340610571, -0.000877209706232, 0.00891395844519, -0.00124189211056, -0.00297505781054, 0.00138731661718], [9.4020186225e-05, -0.00232940306887, 0.000933879811782, -0.00135942513589, 0.0025469250977, -0.00153977237642, -0.00110768224113, -0.00103149248753, -0.00123341055587, -0.00124189211056, 0.0109827518463, -0.0018928804202, -0.00117532792501], [-0.000683609512635, 0.00228191399947, -0.00177318358328, 0.00204955833033, -0.0024244855158, 0.00224464247003, -0.000995507114567, 0.00200634938665, 0.000671324960422, -0.00297505781054, -0.0018928804202, 0.0153731461614, -0.00257663661614], [0.000250098790275, -0.00155532069039, 0.00148641585838, -0.00183639128227, 0.00118842592929, -0.0019330290379, 0.00194159708917, -0.00311315595172, -0.000155267727678, 0.00138731661718, -0.00117532792501, -0.00257663661614, 0.0128405746073]]
    },
    "melbands": {
        "dmean": [0.00196237117052, 0.00136347312946, 0.000369681016309, 0.0002306955721, 0.000170496918145, 0.000168121638126, 0.000161956355441, 0.000179783004569, 0.000222398681217, 0.000212524304516, 0.000213645384065, 0.000154957175255, 0.000131054664962, 0.000127938343212, 4.73639556731e-05, 3.48110952473e-05, 3.69138506358e-05, 2.31616450037e-05, 1.8612077838e-05, 1.73734206328e-05, 1.87031819223e-05, 9.79084143182e-06, 6.53003826301e-06, 6.95446715326e-06, 5.82996926823e-06, 5.61654496778e-06, 3.23364952237e-06, 2.79979622064e-06, 2.70492273557e-06, 1.94267636289e-06, 1.90577975445e-06, 1.42699866501e-06, 1.13078579034e-06, 9.44379451084e-07, 9.51669505866e-07, 7.20879654637e-07, 5.22645507317e-07, 4.72447112543e-07, 3.21116402802e-07, 2.43885182272e-07],
        "dmean2": [0.00280514243059, 0.00216747960076, 0.000648257206194, 0.000375729927327, 0.000276196398772, 0.000279112398857, 0.000265723851044, 0.000291674863547, 0.000368965585949, 0.000360496545909, 0.00035384966759, 0.000263599125901, 0.000216438929783, 0.000214845189475, 7.86764576333e-05, 5.69278854528e-05, 6.19072452537e-05, 3.84195700462e-05, 3.07210539177e-05, 2.8553786251e-05, 3.14130884362e-05, 1.62059986906e-05, 1.09445163616e-05, 1.14659915198e-05, 9.58042164712e-06, 9.36763171921e-06, 5.32971216671e-06, 4.54055452792e-06, 4.41213751401e-06, 3.13975328936e-06, 3.01108957501e-06, 2.27333339353e-06, 1.7811315729e-06, 1.44847490446e-06, 1.48622598317e-06, 1.11265126179e-06, 8.04119679287e-07, 7.20213336081e-07, 4.68138097176e-07, 3.55097711235e-07],
        "dvar": [2.29534489335e-05, 1.18538091556e-05, 8.57693805756e-07, 1.6640453282e-07, 1.27557314045e-07, 1.56065311785e-07, 1.86657473478e-07, 1.10579037482e-07, 2.68172470896e-07, 3.35001175245e-07, 2.05917444873e-07, 1.31820300453e-07, 1.252928854e-07, 7.76791253543e-08, 9.59120072253e-09, 5.51362511203e-09, 6.64969235231e-09, 2.76462808202e-09, 1.70516734066e-09, 2.20256435313e-09, 3.38338446149e-09, 4.75346095818e-10, 1.60054816623e-10, 2.25753832295e-10, 1.62542146409e-10, 1.39315267655e-10, 4.71422900716e-11, 3.3219590273e-11, 2.92801442814e-11, 1.33052588044e-11, 1.95600723119e-11, 9.62440630664e-12, 7.87441726408e-12, 5.45295015739e-12, 5.43492638047e-12, 2.98823986389e-12, 2.2370182963e-12, 3.97275918759e-12, 1.44385870447e-12, 6.83362383607e-13],
        "dvar2": [5.41517838428e-05, 3.05066896544e-05, 2.39154110204e-06, 4.11945478618e-07, 3.00506115991e-07, 4.2269149958e-07, 4.93118989198e-07, 2.72201646112e-07, 7.50786625758e-07, 1.01362059013e-06, 5.82806876537e-07, 3.87811866176e-07, 3.14040534022e-07, 2.13664847593e-07, 2.49935592223e-08, 1.39594442672e-08, 1.83514448082e-08, 7.42303463142e-09, 4.54087611956e-09, 5.60380897241e-09, 9.58887280689e-09, 1.23923071804e-09, 4.37420405452e-10, 6.1525778916e-10, 4.02540334399e-10, 3.76025599547e-10, 1.32249863838e-10, 8.5371161529e-11, 7.60900370489e-11, 3.37383905535e-11, 4.84936153733e-11, 2.40503571919e-11, 1.97198628954e-11, 1.14550313679e-11, 1.19957793698e-11, 6.86378167844e-12, 4.89418531743e-12, 9.28411774542e-12, 3.03903538619e-12, 1.34117272409e-12],
        "max": [0.0507743284106, 0.030866259709, 0.00953132566065, 0.00856786780059, 0.0103324716911, 0.00942798983306, 0.0117104575038, 0.00542858615518, 0.00909092091024, 0.015542591922, 0.0132613116875, 0.00585886696354, 0.00901707354933, 0.00582441315055, 0.00207334361039, 0.00144816294778, 0.0013598552905, 0.00136878970079, 0.000931324029807, 0.00115847599227, 0.00150852429215, 0.000531379831955, 0.00021279999055, 0.000264533970039, 0.000384508632123, 0.00028575406759, 0.000181898576557, 0.000126506944071, 0.000113167647214, 7.78160028858e-05, 0.000143776807818, 8.14718732727e-05, 8.32216755953e-05, 4.98486333527e-05, 7.53162239562e-05, 3.99982491217e-05, 3.66670137737e-05, 6.74965122016e-05, 4.15374197473e-05, 2.37889089476e-05],
        "mean": [0.00308980722912, 0.00204293639399, 0.000491471437272, 0.000382130878279, 0.00027171432157, 0.0002573406382, 0.000261624838458, 0.000293237448204, 0.000337428296916, 0.00033894230728, 0.000365743326256, 0.000255007238593, 0.00022153359896, 0.000212841012399, 8.25329843792e-05, 6.34872121736e-05, 6.4377891249e-05, 4.45434016001e-05, 3.57477765647e-05, 3.35123040713e-05, 3.47409622918e-05, 1.83097399713e-05, 1.31366687128e-05, 1.38374844028e-05, 1.1959393305e-05, 1.17996351037e-05, 7.07507979314e-06, 5.86109263168e-06, 5.43975738765e-06, 4.10940629081e-06, 3.91153025703e-06, 2.93961124953e-06, 2.23158986046e-06, 1.85338819847e-06, 1.83426277545e-06, 1.32988941459e-06, 9.3224940656e-07, 7.70547956108e-07, 5.79317600113e-07, 4.4576299274e-07],
        "median": [0.000989332795143, 0.00104037416168, 0.000243983537075, 0.000162849231856, 8.18425469333e-05, 8.7112573965e-05, 8.97769714356e-05, 0.000109189204522, 7.82930292189e-05, 9.47686639847e-05, 0.000114720925922, 6.77578937029e-05, 5.70633601455e-05, 6.37379780528e-05, 2.22713788389e-05, 1.77025867742e-05, 1.77537585841e-05, 1.08860540422e-05, 7.94724110165e-06, 4.8116266953e-06, 5.77512582822e-06, 4.30819545727e-06, 3.90959394281e-06, 4.09414496971e-06, 4.04160527978e-06, 3.57510225513e-06, 2.42793475991e-06, 1.99168061954e-06, 1.85117426099e-06, 1.55605175678e-06, 1.30508215079e-06, 1.0774117527e-06, 8.36380877445e-07, 6.808343187e-07, 6.14722466707e-07, 4.52593212685e-07, 2.74535409517e-07, 1.77386979772e-07, 1.27740023004e-07, 9.62372226354e-08],
        "min": [4.76779879165e-24, 3.55610370806e-24, 1.43088087496e-23, 2.85938506979e-23, 2.01053760361e-23, 9.03757864978e-24, 2.01067912526e-23, 9.66592529345e-24, 8.26096875441e-24, 1.79832802476e-23, 1.71789939563e-23, 7.05202285108e-24, 1.42406432788e-23, 5.58812775281e-24, 4.78547045922e-24, 8.81197784152e-24, 1.0450819806e-23, 2.02691908917e-23, 1.63082682218e-23, 6.57721496641e-24, 1.19804636997e-23, 1.16870342643e-23, 1.33530564313e-23, 1.28049653407e-23, 8.12054046923e-24, 9.9712057863e-24, 7.89917821062e-24, 1.67213347244e-23, 1.37316670673e-23, 1.11803804593e-23, 5.93471931354e-24, 6.8875382526e-24, 8.20484840076e-24, 1.14155872268e-23, 8.86140392154e-24, 9.55472903797e-24, 1.34977145886e-23, 9.19829249314e-24, 9.66806547308e-24, 9.4944300881e-24],
        "var": [3.43833489751e-05, 1.1972530956e-05, 7.00236910234e-07, 3.57722143463e-07, 3.43424744642e-07, 2.98842763868e-07, 3.33797231633e-07, 2.51813617069e-07, 4.78879599086e-07, 5.9739744529e-07, 4.46087000228e-07, 2.61153587644e-07, 2.71434487331e-07, 1.55258803147e-07, 2.14267892318e-08, 1.26528991728e-08, 1.36622517743e-08, 7.62995622239e-09, 3.92717547371e-09, 5.41569988854e-09, 8.21170065279e-09, 1.19838960977e-09, 4.21656737304e-10, 5.30388011288e-10, 3.911964086e-10, 3.70001390637e-10, 1.37467523476e-10, 8.81889838933e-11, 8.00756405628e-11, 3.43008260684e-11, 4.43186563837e-11, 2.29318578016e-11, 1.62453592245e-11, 1.26478107501e-11, 1.21968381575e-11, 6.55918331802e-12, 4.66805630608e-12, 5.67543755048e-12, 2.6717621171e-12, 1.50214053436e-12]
    },
    "mfcc": {
        "mean": [-655.406311035, 130.499526978, -6.49344873428, 15.5535697937, -9.89548301697, 10.273853302, 3.41672706604, 12.4994153976, 2.92889690399, 7.58728694916, 1.95913636684, 1.73666512966, -0.257185816765],
        "cov": [[6713.30224609, -1888.6784668, -680.924194336, -666.871582031, -211.949935913, -69.7255477905, 114.607414246, -19.1659584045, 39.9414176941, -71.9806137085, -99.664855957, 101.772743225, 124.334091187], [-1888.6784668, 1585.2388916, 333.720458984, 374.105041504, 158.990707397, 133.634185791, 38.568145752, 52.7960090637, -28.6909980774, 74.3692245483, 84.5301055908, 39.2289237976, 3.99053120613], [-680.924194336, 333.720458984, 1084.77160645, 385.802337646, 263.516906738, 187.511657715, -9.47822093964, -67.8172607422, -46.8169326782, -18.7379322052, 27.0361099243, 30.5451793671, 15.8089056015], [-666.871582031, 374.105041504, 385.802337646, 655.355102539, 309.765167236, 192.017288208, 44.2201347351, 36.8588371277, 10.9986047745, 45.3777923584, 15.4845943451, 7.72708654404, 42.9794692993], [-211.949935913, 158.990707397, 263.516906738, 309.765167236, 553.484069824, 195.723129272, 81.3507766724, 42.9137229919, 94.2909851074, 86.3669891357, -7.3068819046, 0.456878751516, 49.9164581299], [-69.7255477905, 133.634185791, 187.511657715, 192.017288208, 195.723129272, 256.127197266, 104.270896912, 46.2646598816, 38.3637695312, 58.8862457275, 20.4728145599, 26.943567276, 40.3972930908], [114.607414246, 38.568145752, -9.47822093964, 44.2201347351, 81.3507766724, 104.270896912, 278.066223145, 101.595726013, 69.5227355957, 73.1166152954, 40.0089454651, 19.8232288361, 58.1179924011], [-19.1659584045, 52.7960090637, -67.8172607422, 36.8588371277, 42.9137229919, 46.2646598816, 101.595726013, 155.221420288, 51.1518096924, 61.6739578247, 2.87575936317, 7.6410484314, 22.2750587463], [39.9414176941, -28.6909980774, -46.8169326782, 10.9986047745, 94.2909851074, 38.3637695312, 69.5227355957, 51.1518096924, 137.494735718, 58.5554389954, 16.7661647797, 2.47169494629, 19.5037746429], [-71.9806137085, 74.3692245483, -18.7379322052, 45.3777923584, 86.3669891357, 58.8862457275, 73.1166152954, 61.6739578247, 58.5554389954, 144.727310181, 26.4632434845, 8.2184381485, 21.2984218597], [-99.664855957, 84.5301055908, 27.0361099243, 15.4845943451, -7.3068819046, 20.4728145599, 40.0089454651, 2.87575936317, 16.7661647797, 26.4632434845, 123.33140564, 36.6761856079, 24.1498775482], [101.772743225, 39.2289237976, 30.5451793671, 7.72708654404, 0.456878751516, 26.943567276, 19.8232288361, 7.6410484314, 2.47169494629, 8.2184381485, 36.6761856079, 88.9669570923, 29.8463134766], [124.334091187, 3.99053120613, 15.8089056015, 42.9794692993, 49.9164581299, 40.3972930908, 58.1179924011, 22.2750587463, 19.5037746429, 21.2984218597, 24.1498775482, 29.8463134766, 94.1102752686]],
