{
"lowlevel": {
    "average_loudness": 0.831436276436,
    "barkbands_crest": {
        "dmean": 3.11913537979,
        "dmean2": 5.08727359772,
        "dvar": 7.86589479446,
        "dvar2": 18.4755382538,
        "max": 25.9065189362,
        "mean": 11.4965133667,
        "median": 10.5072050095,
        "min": 1.89769792557,
        "var": 26.4999485016
    },
    "barkbands_flatness_db": {
        "dmean": 0.0266227703542,
        "dmean2": 0.0397290512919,
        "dvar": 0.000617584446445,
        "dvar2": 0.0013068675762,
        "max": 0.510634601116,
        "mean": 0.146147117019,
        "median": 0.137995988131,
        "min": 0.0132258180529,
        "var": 0.00481790816411
    },
    "barkbands_kurtosis": {
        "dmean": 3.28411412239,
        "dmean2": 5.2931728363,
        "dvar": 59.4557266235,
        "dvar2": 151.052383423,
        "max": 213.965042114,
        "mean": 4.36536216736,
        "median": 1.41580057144,
        "min": -1.92879021168,
        "var": 106.844871521
    },
    "barkbands_skewness": {
        "dmean": 0.589537680149,
        "dmean2": 0.916836261749,
        "dvar": 0.413491129875,
        "dvar2": 0.974065542221,
        "max": 12.2660856247,
        "mean": 1.37034678459,
        "median": 1.13250887394,
        "min": -2.19103837013,
        "var": 1.78796327114
    },
    "barkbands_spread": {
        "dmean": 6.22352075577,
        "dmean2": 9.77751159668,
        "dvar": 53.6981887817,
        "dvar2": 120.673912048,
        "max": 110.026481628,
        "mean": 22.689786911,
        "median": 19.4231548309,
        "min": 0.402898579836,
        "var": 224.664764404
    },
    "dissonance": {
        "dmean": 0.0205878950655,
        "dmean2": 0.0352894850075,
        "dvar": 0.000470891944133,
        "dvar2": 0.00128166528884,
        "max": 0.500000119209,
        "mean": 0.466487050056,
        "median": 0.477626264095,
        "min": 0.180192917585,
        "var": 0.0011121124262
    },
    "dynamic_complexity": 3.11425185204,
    "erbbands_crest": {
        "dmean": 3.46236586571,
        "dmean2": 5.64764595032,
        "dvar": 9.92613601685,
        "dvar2": 24.8592376709,
        "max": 30.7755031586,
        "mean": 10.6476383209,
        "median": 9.42952919006,
        "min": 2.43526363373,
        "var": 29.2034702301
    },
    "erbbands_flatness_db": {
        "dmean": 0.0222239531577,
        "dmean2": 0.0320645682514,
        "dvar": 0.000448976876214,
        "dvar2": 0.000901304243598,
        "max": 0.462040573359,
        "mean": 0.178722918034,
        "median": 0.1693148911,
        "min": 0.0531612373888,
        "var": 0.00432194117457
    },
    "erbbands_kurtosis": {
        "dmean": 1.43109810352,
        "dmean2": 2.32214426994,
        "dvar": 5.31047964096,
        "dvar2": 13.5475273132,
        "max": 52.8967056274,
        "mean": 1.46432614326,
        "median": 0.459323644638,
        "min": -1.87321579456,
        "var": 11.5861854553
    },
    "erbbands_skewness": {
        "dmean": 0.430703938007,
        "dmean2": 0.684318602085,
        "dvar": 0.173859581351,
        "dvar2": 0.409031689167,
        "max": 6.86942625046,
        "mean": 0.617103993893,
        "median": 0.562816798687,
        "min": -4.04032945633,
        "var": 0.9054915905
    },
    "erbbands_spread": {
        "dmean": 8.08777523041,
        "dmean2": 12.2586326599,
        "dvar": 81.8359680176,
        "dvar2": 182.420532227,
        "max": 158.467773438,
        "mean": 32.0685043335,
        "median": 28.5750846863,
        "min": 2.67756056786,
        "var": 327.146453857
    },
    "hfc": {
        "dmean": 9.01901054382,
        "dmean2": 13.936507225,
        "dvar": 220.126281738,
        "dvar2": 546.885620117,
        "max": 178.854049683,
        "mean": 24.4536418915,
        "median": 17.7861633301,
        "min": 1.15864551594e-16,
        "var": 543.403686523
    },
    "melbands_crest": {
        "dmean": 3.91633224487,
        "dmean2": 6.30434942245,
        "dvar": 11.2457084656,
        "dvar2": 28.0276165009,
        "max": 38.1543693542,
        "mean": 15.3952226639,
        "median": 14.1066493988,
        "min": 1.78976631165,
        "var": 43.8212280273
    },
    "melbands_flatness_db": {
        "dmean": 0.0302866920829,
        "dmean2": 0.0459610335529,
        "dvar": 0.000815988518298,
        "dvar2": 0.00178818916902,
        "max": 0.616098463535,
        "mean": 0.189423665404,
        "median": 0.180200114846,
        "min": 0.00649242196232,
        "var": 0.00626060506329
    },
    "melbands_kurtosis": {
        "dmean": 7.60405826569,
        "dmean2": 12.1582841873,
        "dvar": 331.05569458,
        "dvar2": 784.186096191,
        "max": 674.270080566,
        "mean": 12.3261318207,
        "median": 5.32670879364,
        "min": -1.85511744022,
        "var": 625.645996094
    },
    "melbands_skewness": {
        "dmean": 0.794087827206,
        "dmean2": 1.2284989357,
        "dvar": 0.824237644672,
        "dvar2": 1.89230155945,
        "max": 22.0215988159,
        "mean": 2.2589225769,
        "median": 1.87042725086,
        "min": -1.23325741291,
        "var": 3.50640797615
    },
    "melbands_spread": {
        "dmean": 7.84566688538,
        "dmean2": 12.3500480652,
        "dvar": 104.540847778,
        "dvar2": 234.263061523,
        "max": 254.157180786,
        "mean": 25.9919757843,
        "median": 21.2255649567,
        "min": 0.553986012936,
        "var": 415.752838135
    },
    "pitch_salience": {
        "dmean": 0.0825046077371,
        "dmean2": 0.130613297224,
        "dvar": 0.00541750248522,
        "dvar2": 0.0119277508929,
        "max": 0.953611850739,
        "mean": 0.533373534679,
        "median": 0.545683145523,
        "min": 0.0500437580049,
        "var": 0.0214158240706
    },
    "silence_rate_20dB": {
        "dmean": 0,
        "dmean2": 0,
        "dvar": 0,
        "dvar2": 0,
        "max": 1,
        "mean": 1,
        "median": 1,
        "min": 1,
        "var": 0
    },
    "silence_rate_30dB": {
        "dmean": 0.000708717212547,
        "dmean2": 0.00141760194674,
        "dvar": 0.000708190782461,
        "dvar2": 0.00188802892808,
        "max": 1,
        "mean": 0.998818933964,
        "median": 1,
        "min": 0,
        "var": 0.00117924227379
    },
    "silence_rate_60dB": {
        "dmean": 0.0179541688412,
        "dmean2": 0.0359125807881,
        "dvar": 0.0176304299384,
        "dvar2": 0.041708894074,
        "max": 1,
        "mean": 0.0767686292529,
        "median": 0,
        "min": 0,
        "var": 0.0708812773228
    },
    "spectral_centroid": {
        "dmean": 252.148651123,
        "dmean2": 395.574615479,
        "dvar": 87554.1015625,
        "dvar2": 185952.359375,
        "max": 11074.6328125,
        "mean": 1507.74536133,
        "median": 1411.75585938,
        "min": 248.166885376,
        "var": 482769.84375
    },
    "spectral_complexity": {
        "dmean": 4.14339733124,
        "dmean2": 6.26012992859,
        "dvar": 22.1603546143,
        "dvar2": 43.6768035889,
        "max": 62,
        "mean": 19.5418682098,
        "median": 18,
        "min": 0,
        "var": 132.168502808
    },
    "spectral_decrease": {
        "dmean": 2.34628116935e-09,
        "dmean2": 3.89805165923e-09,
        "dvar": 8.61240022429e-18,
        "dvar2": 2.37741121363e-17,
        "max": -4.13359515254e-29,
        "mean": -6.57054144426e-09,
        "median": -5.43881029103e-09,
        "min": -3.71149653233e-08,
        "var": 2.70471268538e-17
    },
    "spectral_energy": {
        "dmean": 0.0094204870984,
        "dmean2": 0.0156018948182,
        "dvar": 0.000135179710924,
        "dvar2": 0.000371964153601,
        "max": 0.149285167456,
        "mean": 0.0270168241113,
        "median": 0.0226531252265,
        "min": 1.06652677682e-20,
        "var": 0.000436322327005
    },
    "spectral_energyband_high": {
        "dmean": 0.000639207428321,
        "dmean2": 0.0009682039381,
        "dvar": 1.74692888777e-06,
        "dvar2": 4.22917946707e-06,
        "max": 0.0157294403762,
        "mean": 0.00114987499546,
        "median": 0.0003940652241,
        "min": 8.12274963318e-21,
        "var": 3.08935432258e-06
    },
    "spectral_energyband_low": {
        "dmean": 0.00495665706694,
        "dmean2": 0.0079086041078,
        "dvar": 9.66763618635e-05,
        "dvar2": 0.000246904819505,
        "max": 0.125498041511,
        "mean": 0.0093084750697,
        "median": 0.00233993935399,
        "min": 4.32827342093e-23,
        "var": 0.000244848401053
    },
    "spectral_energyband_middle_high": {
        "dmean": 0.00288133719005,
        "dmean2": 0.00461479788646,
        "dvar": 2.2067093596e-05,
        "dvar2": 5.75748781557e-05,
        "max": 0.0625521317124,
        "mean": 0.00733787426725,
        "median": 0.00441983016208,
        "min": 1.48896407864e-21,
        "var": 6.62469610688e-05
    },
    "spectral_energyband_middle_low": {
        "dmean": 0.00501652620733,
        "dmean2": 0.00831206701696,
        "dvar": 5.73542238271e-05,
        "dvar2": 0.000151511834702,
        "max": 0.132091015577,
        "mean": 0.00969501398504,
        "median": 0.00634637335315,
        "min": 2.44641291492e-22,
        "var": 9.65034778346e-05
    },
    "spectral_entropy": {
        "dmean": 0.184973731637,
        "dmean2": 0.273953646421,
        "dvar": 0.0398902893066,
        "dvar2": 0.084341019392,
        "max": 9.81798934937,
        "mean": 7.65187835693,
        "median": 7.69009304047,
        "min": 4.53892707825,
        "var": 0.25043913722
    },
    "spectral_flux": {
        "dmean": 0.024353267625,
        "dmean2": 0.0380804613233,
        "dvar": 0.000693597423378,
        "dvar2": 0.00144776375964,
        "max": 0.331874758005,
        "mean": 0.0917760878801,
        "median": 0.08594032377,
        "min": 1.03272786156e-10,
        "var": 0.00242713768966
    },
    "spectral_kurtosis": {
        "dmean": 1.73156297207,
        "dmean2": 2.91833996773,
        "dvar": 16.0119514465,
        "dvar2": 45.9035072327,
        "max": 157.690231323,
        "mean": 4.43929052353,
        "median": 3.45429229736,
        "min": -1.198315382,
        "var": 36.3378181458
    },
    "spectral_rms": {
        "dmean": 0.000834400649182,
        "dmean2": 0.00135676073842,
        "dvar": 7.23195228147e-07,
        "dvar2": 1.8870441636e-06,
        "max": 0.0120683079585,
        "mean": 0.0047261225991,
        "median": 0.00470112869516,
        "min": 3.22569987214e-12,
        "var": 4.02158411816e-06
    },
    "spectral_rolloff": {
        "dmean": 573.143432617,
        "dmean2": 948.803588867,
        "dvar": 938354.625,
        "dvar2": 2078002.375,
        "max": 18604.6875,
        "mean": 1684.37536621,
        "median": 1291.9921875,
        "min": 43.06640625,
        "var": 2268199
    },
    "spectral_skewness": {
        "dmean": 0.218290895224,
        "dmean2": 0.350795924664,
        "dvar": 0.0796676203609,
        "dvar2": 0.217239663005,
        "max": 8.98398303986,
        "mean": 1.53367352486,
        "median": 1.4742808342,
        "min": -0.524486660957,
        "var": 0.281490713358
    },
    "spectral_spread": {
        "dmean": 593976.6875,
        "dmean2": 835536.625,
        "dvar": 747142774784,
        "dvar2": 1.29921895629e+12,
        "max": 40948072,
        "mean": 4624767,
        "median": 4411657,
        "min": 485953.25,
        "var": 2.68632562074e+12
    },
    "spectral_strongpeak": {
        "dmean": 0.636463880539,
        "dmean2": 1.08404326439,
        "dvar": 1.04567313194,
        "dvar2": 2.60690832138,
        "max": 9.8246383667,
        "mean": 1.08711481094,
        "median": 0.554971754551,
        "min": 0,
        "var": 1.67471766472
    },
    "zerocrossingrate": {
        "dmean": 0.0116650536656,
        "dmean2": 0.0135112293065,
        "dvar": 0.00020704283088,
        "dvar2": 0.000239723303821,
        "max": 0.5302734375,
        "mean": 0.0669053122401,
        "median": 0.05859375,
        "min": 0.00341796875,
        "var": 0.00153177056927
    },
    "barkbands": {
        "dmean": [0.000416222464992, 0.00450526690111, 0.00076135317795, 0.000572188117076, 0.00149569136556, 0.00159361690748, 0.000581975036766, 0.000758233829401, 0.00181566481479, 0.00137985975016, 0.000797933433205, 0.000700069358572, 0.000409870932344, 0.000299315812299, 0.000394953909563, 0.00027484545717, 0.000244442140684, 0.000246639741817, 0.000175099470653, 0.000148810591782, 0.000126205835841, 0.000147524187923, 0.000126778773847, 0.000109873784822, 9.00275990716e-05, 5.5066007917e-05, 4.17524188379e-06],
        "dmean2": [0.000703144003637, 0.00743797887117, 0.00131200952455, 0.00104143144563, 0.00253246258944, 0.00262446841225, 0.000953248119913, 0.00126094068401, 0.00303352205083, 0.0022990021389, 0.00130094657652, 0.00114623701666, 0.000684293918312, 0.000490377307869, 0.000627215136774, 0.000452772568678, 0.00039264257066, 0.000408084742958, 0.000281325861579, 0.000244304799708, 0.000202091410756, 0.000235574974795, 0.000199938745936, 0.000170415485627, 0.000136362272315, 8.27082621981e-05, 6.78127253195e-06],
        "dvar": [1.17080310247e-06, 9.55502036959e-05, 5.57408793611e-06, 4.31604485129e-06, 1.15186658149e-05, 1.16263472592e-05, 2.7053301892e-06, 4.04701359003e-06, 1.32493805722e-05, 1.20708955365e-05, 3.50967707163e-06, 3.26170925291e-06, 6.60606929159e-07, 2.98276944477e-07, 6.8536002118e-07, 2.52604678508e-07, 2.31977097087e-07, 2.72834370207e-07, 1.17263368793e-07, 9.8860233777e-08, 6.046089851e-08, 9.10187765157e-08, 7.68245342897e-08, 5.93495030898e-08, 3.88967720255e-08, 1.65184577128e-08, 1.39259936915e-10],
        "dvar2": [3.3025621633e-06, 0.000241160130827, 1.43902925629e-05, 1.24479520309e-05, 3.0686322134e-05, 2.95508780255e-05, 6.7728869908e-06, 1.06460884126e-05, 3.54612639057e-05, 3.20130966429e-05, 8.90262799658e-06, 8.26307677926e-06, 1.69813017692e-06, 7.77331763402e-07, 1.55192572038e-06, 6.6417214839e-07, 5.74261491693e-07, 7.05849402038e-07, 2.9405055102e-07, 2.6340973136e-07, 1.53450528728e-07, 2.33692730944e-07, 1.94457200564e-07, 1.44960225157e-07, 8.9604220932e-08, 3.80321552029e-08, 3.54943241465e-10],
        "max": [0.042667850852, 0.108828008175, 0.0298681408167, 0.0243499558419, 0.067515425384, 0.0506278499961, 0.0317746140063, 0.0371838733554, 0.0494027286768, 0.0540116913617, 0.0542839728296, 0.0273629445583, 0.0145885134116, 0.00950478762388, 0.014054575935, 0.00917494762689, 0.0095773851499, 0.00892456620932, 0.00803634151816, 0.00521495332941, 0.00450529437512, 0.00487925019115, 0.00458479952067, 0.00472064409405, 0.00301651004702, 0.00171617837623, 0.000251440680586],
        "mean": [0.000541995454114, 0.00776883028448, 0.000786436605267, 0.000512401049491, 0.0018872191431, 0.00229931180365, 0.000779277354013, 0.000943892286159, 0.00268841255456, 0.0019569688011, 0.00118609063793, 0.000954083632678, 0.000612567469943, 0.000468171114335, 0.000681411242113, 0.000460762617877, 0.000439444353106, 0.000425492064096, 0.000337894307449, 0.000261243258137, 0.000227711469051, 0.000260383996647, 0.000190937105799, 0.000150136038428, 0.000124937985674, 6.68314605718e-05, 3.93081836592e-06],
        "median": [6.0957048845e-05, 0.00153269513976, 0.000143852041219, 6.92006069585e-05, 0.000500022666529, 0.000838671345264, 0.000155200366862, 0.000194774402189, 0.000794075254817, 0.000396412418922, 0.000332717812853, 0.000248807045864, 0.000271323806373, 0.000214017898543, 0.000247685529757, 0.000216526270378, 0.000166788813658, 0.00017162648146, 0.000128284402308, 9.45148858591e-05, 8.56688784552e-05, 7.76831366238e-05, 6.59170691506e-05, 3.27444940922e-05, 2.3998780307e-05, 6.72527448842e-06, 9.1094438659e-09],
        "min": [1.60544774691e-23, 1.922041294e-23, 1.60531032734e-23, 5.6929918218e-24, 1.86722776732e-23, 6.11114955383e-23, 3.23556506758e-23, 7.69892271438e-23, 3.85058374849e-23, 7.85772798767e-23, 9.81461105904e-23, 5.7038026083e-23, 9.08867033071e-23, 1.5734246011e-22, 9.71695386551e-23, 1.52084178373e-22, 1.26322657025e-22, 2.28291600184e-22, 2.92895092649e-22, 2.84411998018e-22, 4.23259039915e-22, 8.02134518626e-22, 7.63173726124e-22, 9.11519107704e-22, 1.1887917252e-21, 1.42648508325e-21, 2.57696002937e-21],
        "var": [3.60363219443e-06, 0.000194586551515, 4.89377771373e-06, 2.98087388728e-06, 1.32666664285e-05, 1.73838870978e-05, 4.95232143294e-06, 5.69673420614e-06, 2.42277346842e-05, 2.05107407965e-05, 6.50415540804e-06, 4.80305607198e-06, 1.09494590106e-06, 5.07297272634e-07, 1.67105702076e-06, 4.3935798999e-07, 5.73033105411e-07, 5.16007901297e-07, 3.13853377065e-07, 1.8023573034e-07, 1.22106953881e-07, 1.78326445166e-07, 1.0800688699e-07, 8.25387118653e-08, 5.57384751687e-08, 2.12399928756e-08, 1.31297292483e-10]
    },
    "erbbands": {
        "dmean": [0.191194519401, 0.823693454266, 0.949786961079, 1.34794938564, 2.92576217651, 5.8851890564, 10.6044473648, 13.0735940933, 7.43600511551, 11.1023378372, 20.7385292053, 40.8123779297, 40.9900550842, 41.2290725708, 28.0275039673, 27.1983108521, 18.4867038727, 14.7882919312, 13.8662519455, 22.515039444, 13.8756380081, 11.3051843643, 12.7638788223, 9.75258350372, 7.67733287811, 7.38878583908, 5.67191314697, 4.73225736618, 5.26853704453, 5.02547216415, 3.36478972435, 2.4545545578, 1.78769981861, 1.05239522457, 0.630304932594, 0.272318691015, 0.0951385721564, 0.0175635013729, 0.000552060257178, 2.58980726358e-05],
        "dmean2": [0.320175379515, 1.32955765724, 1.58270597458, 2.33141231537, 5.19812011719, 9.85305690765, 17.5657939911, 21.5599861145, 12.2394886017, 18.2734909058, 34.587726593, 67.9019622803, 67.5511169434, 68.2533569336, 45.2395896912, 44.5005340576, 30.4400501251, 24.0465736389, 22.3632202148, 35.7026939392, 22.6386222839, 18.313123703, 20.8574581146, 15.6857423782, 12.2195081711, 12.0635223389, 9.22480106354, 7.51989412308, 8.38489532471, 8.08765602112, 5.26872444153, 3.79758024216, 2.81117010117, 1.60691022873, 0.96251231432, 0.42047470808, 0.143025994301, 0.026984712109, 0.000843240763061, 3.98720403609e-05],
        "dvar": [0.195964485407, 3.17869281769, 6.67525243759, 19.9967460632, 87.5842132568, 184.140823364, 571.18939209, 974.660949707, 385.229400635, 1335.45410156, 2552.25830078, 7412.69189453, 9559.9921875, 11938.5546875, 3784.03051758, 5274.34960938, 1343.02258301, 724.705200195, 754.002746582, 2689.34985352, 682.295471191, 491.097473145, 772.318969727, 337.748046875, 246.090545654, 255.214355469, 126.317695618, 90.7631530762, 122.38709259, 118.762519836, 55.8454246521, 29.5583972931, 17.1671638489, 5.46839475632, 1.9576677084, 0.397015333176, 0.0524275302887, 0.00214134901762, 2.09717313737e-06, 2.34229013962e-09],
        "dvar2": [0.537878394127, 7.82006788254, 17.216463089, 54.5478973389, 248.95489502, 482.89074707, 1453.60644531, 2500.86108398, 974.139099121, 3418.60864258, 7002.22021484, 20032.328125, 24753.4550781, 30567.2304688, 9173.09277344, 13738.7314453, 3426.74951172, 1858.70117188, 1863.28637695, 6083.19873047, 1766.81518555, 1263.85253906, 2004.20690918, 830.009277344, 609.079223633, 674.822265625, 326.282440186, 227.888565063, 321.240203857, 309.844177246, 139.586044312, 71.1539382935, 43.4503059387, 12.7971982956, 4.50549173355, 0.947067141533, 0.12094322592, 0.00522709917277, 4.90029196953e-06, 5.31161914452e-09],
        "max": [6.02476835251, 21.4520378113, 34.1333885193, 53.9483261108, 113.767189026, 255.045272827, 589.912963867, 548.27166748, 460.652191162, 824.297424316, 1083.60217285, 1373.84936523, 2016.05517578, 1775.66015625, 1964.95239258, 1365.86413574, 704.624023438, 487.834899902, 560.448791504, 1020.02624512, 516.493103027, 611.905029297, 490.469909668, 369.929046631, 270.730895996, 291.896606445, 270.859527588, 149.090194702, 218.903839111, 178.832305908, 118.805953979, 102.03086853, 76.4072341919, 52.0245323181, 17.6692752838, 9.35080623627, 3.26431655884, 0.708533644676, 0.0233999043703, 0.000772569968831],
        "mean": [0.284353286028, 1.48031246662, 1.2509534359, 1.40217852592, 2.70729804039, 7.62433004379, 15.1655778885, 17.9908618927, 9.92628860474, 15.755569458, 28.4266204834, 60.7110176086, 61.9285774231, 61.7394218445, 45.0135879517, 39.3299789429, 29.6279335022, 24.8008728027, 24.3418102264, 41.3887176514, 26.7589912415, 21.6559448242, 23.3273735046, 19.8369464874, 15.1114377975, 13.4302091599, 10.1734695435, 8.29665470123, 9.39796257019, 7.94322538376, 5.05754327774, 3.4450314045, 2.36516857147, 1.44615411758, 0.855168700218, 0.338634938002, 0.114939443767, 0.0187891963869, 0.000609726470429, 5.29891622136e-05],
        "median": [0.0393842160702, 0.317548185587, 0.318205952644, 0.277686536312, 0.595323741436, 1.88796043396, 5.3504357338, 6.03048753738, 3.0144867897, 2.91378474236, 8.74388980865, 19.0815353394, 15.6783561707, 17.0386886597, 16.2927722931, 12.5544500351, 13.6999158859, 11.5555086136, 12.8081693649, 14.7529392242, 12.3495674133, 9.54647445679, 9.51614379883, 8.27644252777, 5.46935081482, 4.65368509293, 3.98724412918, 2.96291708946, 2.63077950478, 2.75355029106, 1.68268108368, 0.789652645588, 0.514578998089, 0.298517853022, 0.144511237741, 0.0463654138148, 0.00975453015417, 0.000664137129206, 3.47024724761e-05, 3.32610688929e-05],
        "min": [4.8478292038e-22, 4.96904519184e-21, 1.88514687783e-20, 1.58827062507e-20, 2.22858305932e-20, 5.71455076619e-20, 4.36611569904e-19, 3.78982387766e-19, 5.29171787979e-19, 7.19944504351e-19, 1.7921889539e-18, 9.52482241935e-19, 1.21298716282e-18, 4.17613009672e-18, 2.76308433967e-18, 2.61005633994e-18, 3.59098625372e-18, 7.21138539566e-18, 7.44061534137e-18, 8.07470304763e-18, 6.58384482394e-18, 7.23312039343e-18, 1.04869701633e-17, 1.82311070228e-17, 1.09937415384e-17, 1.44240512669e-17, 1.27500163781e-17, 2.43081631008e-17, 2.70224388213e-17, 2.64473646615e-17, 1.97711452698e-17, 1.99751710222e-17, 1.35497337671e-17, 9.27336385583e-18, 1.08440673425e-17, 5.80051057412e-18, 2.37890381969e-18, 1.43853346647e-18, 3.49479879696e-19, 3.56495263094e-20],
        "var": [0.357601135969, 6.58804798126, 7.3648223877, 16.0859050751, 61.3669586182, 243.756561279, 833.555480957, 1331.46618652, 564.355773926, 2609.8347168, 3495.14379883, 13081.3017578, 17096.7636719, 19843.5195312, 7653.78759766, 7613.73144531, 2405.94555664, 1323.18823242, 1381.57189941, 7187.64404297, 1441.99389648, 1131.18029785, 1472.7677002, 998.246459961, 636.594909668, 509.148803711, 263.408081055, 167.979690552, 246.357009888, 172.159057617, 78.336730957, 43.4996452332, 21.3436489105, 7.59213066101, 2.78861689568, 0.501998186111, 0.0657569915056, 0.00226088287309, 2.50975199378e-06, 3.99352995117e-09]
    },
    "gfcc": {
        "mean": [-7.98861312866, 79.2183761597, -138.49432373, 24.9726009369, -67.0679855347, 20.3934116364, -32.0831756592, 11.2672052383, -17.9625396729, 1.29973721504, -11.1293153763, 5.24750900269, -0.0413475781679],
        "cov": [[6684.03076172, -2298.40332031, 884.276977539, 366.458343506, 195.399307251, 543.225708008, -250.250213623, 627.420471191, -313.438201904, 506.511444092, -491.185150146, 386.743011475, -373.947601318], [-2298.40332031, 2206.1003418, -108.178771973, 209.81413269, 189.880249023, -199.548858643, 286.357849121, -317.448852539, 362.181549072, -299.139251709, 398.582122803, -282.041503906, 249.640853882], [884.276977539, -108.178771973, 1566.05236816, 533.621520996, 278.325500488, 237.503494263, -143.088165283, 113.023178101, -64.1715393066, 255.109375, -97.5239105225, 146.545349121, -137.964889526], [366.458343506, 209.81413269, 533.621520996, 717.909912109, 225.302185059, 199.425933838, 72.6156005859, 61.6086273193, 127.847846985, 55.8864898682, 52.4403686523, 1.59556090832, 8.93517303467], [195.399307251, 189.880249023, 278.325500488, 225.302185059, 528.961242676, 164.660858154, 187.569351196, 130.409469604, 32.4871139526, 100.259986877, -1.32512664795, 76.4916687012, -40.4558639526], [543.225708008, -199.548858643, 237.503494263, 199.425933838, 164.660858154, 410.47769165, 161.400695801, 164.145370483, 32.2016868591, 104.702407837, -27.2534103394, 30.0187263489, -12.97905159], [-250.250213623, 286.357849121, -143.088165283, 72.6156005859, 187.569351196, 161.400695801, 348.703643799, 74.616645813, 127.995643616, -12.8370094299, 79.4731445312, -43.1136436462, 34.467590332], [627.420471191, -317.448852539, 113.023178101, 61.6086273193, 130.409469604, 164.145370483, 74.616645813, 304.927124023, 34.8699264526, 112.646858215, -76.9792709351, 58.6870040894, -45.6989631653], [-313.438201904, 362.181549072, -64.1715393066, 127.847846985, 32.4871139526, 32.2016868591, 127.995643616, 34.8699264526, 237.232849121, -35.3981513977, 110.851081848, -68.143913269, 66.1349945068], [506.511444092, -299.139251709, 255.109375, 55.8864898682, 100.259986877, 104.702407837, -12.8370094299, 112.646858215, -35.3981513977, 209.334640503, -35.1258354187, 101.327796936, -53.4822692871], [-491.185150146, 398.582122803, -97.5239105225, 52.4403686523, -1.32512664795, -27.2534103394, 79.4731445312, -76.9792709351, 110.851081848, -35.1258354187, 206.894454956, -30.8626995087, 88.8073501587], [386.743011475, -282.041503906, 146.545349121, 1.59556090832, 76.4916687012, 30.0187263489, -43.1136436462, 58.6870040894, -68.143913269, 101.327796936, -30.8626995087, 160.242263794, -12.8337926865], [-373.947601318, 249.640853882, -137.964889526, 8.93517303467, -40.4558639526, -12.97905159, 34.467590332, -45.6989631653, 66.1349945068, -53.4822692871, 88.8073501587, -12.8337926865, 155.818008423]],
        "icov": [[0.000294245401165, 0.000191128259758, 5.15578949489e-06, -0.00016829832748, -1.29710624606e-05, -0.000146069010952, 0.00014913904306, -0.0002301743516, 1.49248380694e-05, -4.20134456363e-05, 8.15763341961e-05, -0.000152703854837, 0.000218305154704], [0.000191128259758, 0.00207325164229, -0.000708472158294, 0.000198987399926, -0.00145615194924, 0.00103077443782, -0.000578121340368, 0.000846385315526, -0.0009665224934, 0.00101611751597, -0.00153197604232, 0.00239441194572, -0.00158838694915], [5.15578949489e-06, -0.000708472158294, 0.00159032037482, -0.000914984324481, 0.000143042081618, -0.000885110872332, 0.00119048380293, -2.17728538701e-05, 0.000275131809758, -0.00120821129531, 0.000705846527126, -0.00116003479343, 0.00127238605637], [-0.00016829832748, 0.000198987399926, -0.000914984324481, 0.00276476168074, -0.000960474542808, -0.000624091830105, 0.000345119071426, 0.000508177909069, -0.00150403229054, 0.000678578682709, -0.00064052833477, 0.000806308351457, -0.000617296551354], [-1.29710624606e-05, -0.00145615194924, 0.000143042081618, -0.000960474542808, 0.00459945388138, -0.000372602138668, -0.00197405205108, -0.00115589029156, 0.00117081135977, -0.000936309341341, 0.00127765024081, -0.00339679629542, 0.00191808340605], [-0.000146069010952, 0.00103077443782, -0.000885110872332, -0.000624091830105, -0.000372602138668, 0.00556654669344, -0.00312739564106, -0.000789924699347, 0.000604969682172, -0.000818992848508, -0.000155282061314, 0.00213472661562, -0.00219639739953], [0.00014913904306, -0.000578121340368, 0.00119048380293, 0.000345119071426, -0.00197405205108, -0.00312739564106, 0.00732253771275, -0.000812317826785, -0.00156402215362, 0.000353986222763, -0.00114891864359, 0.000308283197228, 0.00115292624105], [-0.0002301743516, 0.000846385315526, -2.17728538701e-05, 0.000508177909069, -0.00115589029156, -0.000789924699347, -0.000812317826785, 0.00717008858919, -0.00346668926068, -0.00151687697507, 0.00230315863155, -0.000189598547877, -0.000417718227254], [1.49248380694e-05, -0.0009665224934, 0.000275131809758, -0.00150403229054, 0.00117081135977, 0.000604969682172, -0.00156402215362, -0.00346668926068, 0.00981096085161, -0.000511407910381, -0.00281104119495, 0.00207936135121, -0.000968488166109], [-4.20134456363e-05, 0.00101611751597, -0.00120821129531, 0.000678578682709, -0.000936309341341, -0.000818992848508, 0.000353986222763, -0.00151687697507, -0.000511407910381, 0.0106665659696, -0.00260891974904, -0.00311058480293, 0.00143697008025], [8.15763341961e-05, -0.00153197604232, 0.000705846527126, -0.00064052833477, 0.00127765024081, -0.000155282061314, -0.00114891864359, 0.00230315863155, -0.00281104119495, -0.00260891974904, 0.0111448690295, -0.002803188283, -0.0017248634249], [-0.000152703854837, 0.00239441194572, -0.00116003479343, 0.000806308351457, -0.00339679629542, 0.00213472661562, 0.000308283197228, -0.000189598547877, 0.00207936135121, -0.00311058480293, -0.002803188283, 0.015144398436, -0.00520911905915], [0.000218305154704, -0.00158838694915, 0.00127238605637, -0.000617296551354, 0.00191808340605, -0.00219639739953, 0.00115292624105, -0.000417718227254, -0.000968488166109, 0.00143697008025, -0.0017248634249, -0.00520911905915, 0.0120442761108]]
    },
    "melbands": {
        "dmean": [0.00143557053525, 0.000640495796688, 0.00026545021683, 0.000311320385663, 0.000339731312124, 0.000289613497443, 0.000115454633487, 0.000122391895275, 0.000189455269719, 0.000267113238806, 0.000207570308703, 0.000174975488335, 0.000107328836748, 8.11244972283e-05, 6.09716880717e-05, 3.4558466723e-05, 2.84476391244e-05, 2.35582374444e-05, 2.89620056719e-05, 2.49225176958e-05, 1.78351947397e-05, 1.23305107991e-05, 1.3702083379e-05, 1.42222497743e-05, 8.27284020488e-06, 6.88788668413e-06, 5.16045565746e-06, 5.14232624482e-06, 3.77697870135e-06, 3.14296676152e-06, 2.93564153253e-06, 3.06603305944e-06, 3.22122377838e-06, 2.76871764981e-06, 2.03775948648e-06, 1.73350372279e-06, 1.48858259763e-06, 1.34280162456e-06, 1.03940828922e-06, 8.79255594555e-07],
        "dmean2": [0.00239152694121, 0.0010134432232, 0.000458395923488, 0.000533260172233, 0.000560286454856, 0.000476260553114, 0.000189590893569, 0.000202240247745, 0.000315559183946, 0.000445854995633, 0.000342542742146, 0.000290075055091, 0.000173359047039, 0.000131519045681, 0.000102134836197, 5.68720970477e-05, 4.65342054667e-05, 3.84777304134e-05, 4.59076654806e-05, 4.06440412917e-05, 2.90718780889e-05, 1.98231391551e-05, 2.30585101235e-05, 2.30621717492e-05, 1.3407174265e-05, 1.11060398922e-05, 8.50573178468e-06, 8.47362935019e-06, 6.21557092018e-06, 5.12279302711e-06, 4.72833016829e-06, 4.89954481964e-06, 5.29341468791e-06, 4.49027675131e-06, 3.22736877933e-06, 2.70776376965e-06, 2.32340789807e-06, 2.14295027945e-06, 1.63314859947e-06, 1.35278116886e-06],
        "dvar": [1.02085596154e-05, 1.8470135501e-06, 7.74424165684e-07, 6.15024134731e-07, 5.18628212376e-07, 4.33175500802e-07, 8.7457600273e-08, 1.404653176e-07, 1.80997005828e-07, 3.16246627108e-07, 2.49369918492e-07, 2.251910729e-07, 6.35925871961e-08, 4.62078020291e-08, 2.36444464008e-08, 4.10751122004e-09, 2.95083424362e-09, 2.29863017509e-09, 3.85522724855e-09, 2.59627874755e-09, 1.14206399893e-09, 5.80938797068e-10, 1.22529020263e-09, 1.00617059129e-09, 2.6451224544e-10, 2.19161022663e-10, 1.16871956557e-10, 1.23153764964e-10, 5.46652723088e-11, 4.0080681829e-11, 3.61059619702e-11, 4.29987087602e-11, 4.44862306714e-11, 3.69959445023e-11, 2.16694145266e-11, 1.46427505537e-11, 1.12968254543e-11, 1.00016037119e-11, 5.64981395001e-12, 3.84869566772e-12],
        "dvar2": [2.6584502848e-05, 4.53540451417e-06, 2.11429323826e-06, 1.67427515407e-06, 1.31870604037e-06, 1.10768780814e-06, 2.20253880912e-07, 3.57497924597e-07, 4.93054642448e-07, 8.54999427702e-07, 6.43640760245e-07, 5.80185997023e-07, 1.57652138455e-07, 1.13816760461e-07, 6.32513348364e-08, 1.04369357601e-08, 7.58260210176e-09, 5.74165026634e-09, 8.90611406845e-09, 6.31747454349e-09, 2.88086177136e-09, 1.44390499557e-09, 3.38167938096e-09, 2.38155783983e-09, 6.6418309741e-10, 5.45594014412e-10, 3.12795872537e-10, 3.24037907617e-10, 1.42421810456e-10, 1.05774930481e-10, 9.1839869043e-11, 1.13287129677e-10, 1.17938311894e-10, 9.59786694565e-11, 5.51753677469e-11, 3.55448864786e-11, 2.78702963485e-11, 2.55644689445e-11, 1.40270026497e-11, 9.10305077845e-12],
        "max": [0.0382325462997, 0.0177896339446, 0.0104456618428, 0.0110179558396, 0.0192190520465, 0.0110822785646, 0.00662930170074, 0.00755710573867, 0.0086149983108, 0.00789828132838, 0.0103098405525, 0.00740257790312, 0.00876531284302, 0.00385599327274, 0.00397100811824, 0.00131973612588, 0.00111350021325, 0.00107422028668, 0.00137937790714, 0.000917671073694, 0.000611827941611, 0.000669809640385, 0.000517790962476, 0.00071065465454, 0.000346139451722, 0.000316143647069, 0.000174784232513, 0.000181469149538, 0.000163574877661, 9.21545506571e-05, 0.000100494879007, 0.000129370600916, 0.000106462146505, 0.000123916732264, 7.49638129491e-05, 7.42753472878e-05, 6.662029773e-05, 6.43168168608e-05, 3.57562093996e-05, 4.37792368757e-05],
        "mean": [0.00236891000532, 0.00111926917452, 0.000268353789579, 0.000355162046617, 0.000505777716171, 0.000406689563533, 0.000154325432959, 0.000169924504007, 0.000260121218162, 0.00039207880036, 0.000304817862343, 0.000252013502177, 0.000165737321367, 0.000110873203084, 8.54616882862e-05, 5.44481736142e-05, 4.45642617706e-05, 3.72087924916e-05, 4.93902844028e-05, 4.43508033641e-05, 3.06591537083e-05, 2.23593924602e-05, 2.00642989512e-05, 2.43696322286e-05, 1.47124046634e-05, 1.27231205624e-05, 8.94486856851e-06, 8.65371384862e-06, 6.40644157102e-06, 5.13098621013e-06, 4.74916532767e-06, 5.20310140928e-06, 5.23678454556e-06, 4.0900786189e-06, 2.97836754726e-06, 2.40142662733e-06, 1.98683233066e-06, 1.71327928911e-06, 1.37828578772e-06, 1.16315800369e-06],
        "median": [0.000425467820605, 0.000303772685584, 5.10175159434e-05, 7.8754943388e-05, 0.000192109422642, 0.000141629978316, 4.08378800785e-05, 3.0683913792e-05, 7.83133145887e-05, 0.000113857786346, 6.70143490424e-05, 6.08738155279e-05, 5.17231419508e-05, 3.03735687339e-05, 3.03315919155e-05, 2.57046667684e-05, 1.94629756152e-05, 1.78570826392e-05, 1.82809781109e-05, 1.69084560184e-05, 1.26586601255e-05, 9.23530660657e-06, 8.06443495094e-06, 8.04356295703e-06, 6.10127835898e-06, 4.37838707512e-06, 3.07940376842e-06, 2.94696565106e-06, 2.4647315513e-06, 1.93810956262e-06, 1.50858181769e-06, 1.40730958265e-06, 1.56818691721e-06, 1.44350406117e-06, 1.00916247447e-06, 6.24965935003e-07, 4.21824296382e-07, 3.54160476945e-07, 2.9769324783e-07, 2.27158494681e-07],
        "min": [5.77761214224e-24, 8.65394928068e-24, 3.28607405641e-24, 1.77544861304e-24, 1.22244946653e-23, 9.33488849204e-24, 7.98225709685e-24, 9.99233621451e-24, 1.41124770475e-23, 5.34418947838e-24, 6.02871840129e-24, 1.66415808869e-23, 1.20927943372e-23, 5.19676912456e-24, 8.40228845242e-24, 8.49435246436e-24, 1.42268508347e-23, 1.33458083773e-23, 7.40558715336e-24, 1.25221784277e-23, 7.34647465029e-24, 8.15919149814e-24, 7.11587246389e-24, 1.08388297197e-23, 1.62873208093e-23, 8.02118817139e-24, 7.13558925336e-24, 1.03317562408e-23, 7.19055234807e-24, 8.29817774559e-24, 1.78153270278e-23, 1.57550306026e-23, 1.37633177445e-23, 1.6040724468e-23, 1.30116066659e-23, 7.63257320137e-24, 1.50569281445e-23, 1.06379612786e-23, 7.54463650968e-24, 7.33613820585e-24],
        "var": [2.03239214898e-05, 3.64911011275e-06, 6.13497036284e-07, 6.09481844549e-07, 7.80543643941e-07, 6.20737239387e-07, 1.37456083849e-07, 2.68874487119e-07, 2.58583753521e-07, 5.51532423287e-07, 4.41229587977e-07, 3.71073127781e-07, 1.27565769503e-07, 6.87697507828e-08, 3.0926731398e-08, 6.92865098628e-09, 4.97319607717e-09, 3.84128640007e-09, 8.58225579492e-09, 6.41152686498e-09, 2.33902031077e-09, 1.3953743716e-09, 1.48858358973e-09, 2.32973351721e-09, 6.29983898381e-10, 5.46538758694e-10, 2.18720999645e-10, 2.2237335584e-10, 1.08049860725e-10, 6.62144505892e-11, 6.21152157487e-11, 8.18133338853e-11, 7.47899589482e-11, 4.94786746297e-11, 2.83859567796e-11, 2.09216862584e-11, 1.55181752864e-11, 1.18837847549e-11, 7.16877685686e-12, 5.13787840398e-12]
    },
    "mfcc": {
        "mean": [-641.161499023, 105.474822998, -12.4429016113, 7.17739152908, -6.59729003906, 5.24151754379, -2.10363674164, 8.56691455841, 1.21101784706, 2.69522595406, -0.769469320774, -3.54610347748, -0.20008854568],
        "cov": [[5466.08544922, -1475.34814453, 50.5609931946, 109.62538147, 238.051147461, 73.9994812012, 148.664978027, 142.912490845, 276.968017578, 42.1306190491, 28.2323532104, 154.842193604, 155.75680542], [-1475.34814453, 1214.25842285, 57.1312332153, 113.680252075, 47.5492134094, 46.8359375, 12.3338747025, 15.2950496674, -56.8125457764, 44.1027908325, 20.4618339539, 14.7362709045, -13.6559991837], [50.5609931946, 57.1312332153, 1157.27246094, 368.280517578, 353.54296875, 196.924499512, 8.80259132385, -53.1776199341, 1.94826805592, 6.86442136765, 30.9982032776, 101.576210022, 42.4243354797], [109.62538147, 113.680252075, 368.280517578, 518.315979004, 278.5625, 155.682342529, 52.7970275879, 57.235824585, 49.5612373352, 34.7718582153, 57.9400138855, 61.2401008606, 68.8332824707], [238.051147461, 47.5492134094, 353.54296875, 278.5625, 382.922790527, 155.293563843, 94.1091995239, 62.617099762, 84.1722869873, 26.934047699, 48.1823501587, 66.6399002075, 71.6786499023], [73.9994812012, 46.8359375, 196.924499512, 155.682342529, 155.293563843, 305.318725586, 168.202911377, 79.2717590332, 75.9289474487, 59.6804771423, 58.3388977051, 38.219833374, 45.4562759399], [148.664978027, 12.3338747025, 8.80259132385, 52.7970275879, 94.1091995239, 168.202911377, 255.874771118, 114.778686523, 98.6491241455, 66.4198150635, 68.3558654785, 27.6307697296, 40.3057289124], [142.912490845, 15.2950496674, -53.1776199341, 57.235824585, 62.617099762, 79.2717590332, 114.778686523, 198.228424072, 127.999053955, 87.1042709351, 57.8174629211, 26.9780502319, 30.9846820831], [276.968017578, -56.8125457764, 1.94826805592, 49.5612373352, 84.1722869873, 75.9289474487, 98.6491241455, 127.999053955, 206.562942505, 91.1546554565, 59.1987190247, 26.7759342194, 34.2523612976], [42.1306190491, 44.1027908325, 6.86442136765, 34.7718582153, 26.934047699, 59.6804771423, 66.4198150635, 87.1042709351, 91.1546554565, 147.539993286, 64.7512969971, 34.5797348022, 22.4865131378], [28.2323532104, 20.4618339539, 30.9982032776, 57.9400138855, 48.1823501587, 58.3388977051, 68.3558654785, 57.8174629211, 59.1987190247, 64.7512969971, 126.883148193, 54.292339325, 32.3520965576], [154.842193604, 14.7362709045, 101.576210022, 61.2401008606, 66.6399002075, 38.219833374, 27.6307697296, 26.9780502319, 26.7759342194, 34.5797348022, 54.292339325, 112.589271545, 43.7796859741], [155.75680542, -13.6559991837, 42.4243354797, 68.8332824707, 71.6786499023, 45.4562759399, 40.3057289124, 30.9846820831, 34.2523612976, 22.4865131378, 32.3520965576, 43.7796859741, 98.3205566406]],
