{
"lowlevel": {
    "average_loudness": 0.926311969757,
    "barkbands_crest": {
        "dmean": 2.84291958809,
        "dmean2": 4.46648263931,
        "dvar": 6.21312427521,
        "dvar2": 14.4612531662,
        "max": 25.7791004181,
        "mean": 11.1855573654,
        "median": 10.4337835312,
        "min": 2.21341562271,
        "var": 20.2247447968
    },
    "barkbands_flatness_db": {
        "dmean": 0.0229517780244,
        "dmean2": 0.0344408936799,
        "dvar": 0.000456748326542,
        "dvar2": 0.000983851728961,
        "max": 0.435879826546,
        "mean": 0.153134316206,
        "median": 0.143739640713,
        "min": 0.0195530857891,
        "var": 0.00451981881633
    },
    "barkbands_kurtosis": {
        "dmean": 2.76732110977,
        "dmean2": 4.42139482498,
        "dvar": 27.7945976257,
        "dvar2": 64.0359649658,
        "max": 121.142112732,
        "mean": 4.45125389099,
        "median": 1.77298498154,
        "min": -1.84145593643,
        "var": 73.6814041138
    },
    "barkbands_skewness": {
        "dmean": 0.512938022614,
        "dmean2": 0.798704385757,
        "dvar": 0.292537093163,
        "dvar2": 0.651792347431,
        "max": 9.87394332886,
        "mean": 1.36989235878,
        "median": 1.20271873474,
        "min": -2.06835651398,
        "var": 1.4456359148
    },
    "barkbands_spread": {
        "dmean": 5.13257312775,
        "dmean2": 7.95294141769,
        "dvar": 40.2191047668,
        "dvar2": 84.0013427734,
        "max": 109.04360199,
        "mean": 21.0929145813,
        "median": 18.9370632172,
        "min": 0.66318833828,
        "var": 191.528640747
    },
    "dissonance": {
        "dmean": 0.023446271196,
        "dmean2": 0.0400046408176,
        "dvar": 0.000500030233525,
        "dvar2": 0.00139183457941,
        "max": 0.500000059605,
        "mean": 0.459180057049,
        "median": 0.467892438173,
        "min": 0.254360020161,
        "var": 0.00111790630035
    },
    "dynamic_complexity": 2.75565934181,
    "erbbands_crest": {
        "dmean": 3.21493649483,
        "dmean2": 5.25410032272,
        "dvar": 7.87639379501,
        "dvar2": 20.0672836304,
        "max": 31.6341209412,
        "mean": 11.2588186264,
        "median": 10.2271356583,
        "min": 2.41964745522,
        "var": 28.0447807312
    },
    "erbbands_flatness_db": {
        "dmean": 0.0196809954941,
        "dmean2": 0.0289066266268,
        "dvar": 0.000320996186929,
        "dvar2": 0.000641140039079,
        "max": 0.387421816587,
        "mean": 0.180910587311,
        "median": 0.174689903855,
        "min": 0.0500080622733,
        "var": 0.00409948918968
    },
    "erbbands_kurtosis": {
        "dmean": 1.28888654709,
        "dmean2": 2.073168993,
        "dvar": 3.98810982704,
        "dvar2": 9.52285385132,
        "max": 70.4886398315,
        "mean": 1.58300340176,
        "median": 0.576151371002,
        "min": -1.89237439632,
        "var": 14.2084035873
    },
    "erbbands_skewness": {
        "dmean": 0.390343308449,
        "dmean2": 0.61012160778,
        "dvar": 0.12998059392,
        "dvar2": 0.299762248993,
        "max": 7.71697568893,
        "mean": 0.779944717884,
        "median": 0.677973568439,
        "min": -2.2751083374,
        "var": 0.723193883896
    },
    "erbbands_spread": {
        "dmean": 7.33094120026,
        "dmean2": 11.3334274292,
        "dvar": 68.2489547729,
        "dvar2": 147.246566772,
        "max": 136.270141602,
        "mean": 31.2998905182,
        "median": 27.509765625,
        "min": 1.87962043285,
        "var": 327.630767822
    },
    "hfc": {
        "dmean": 7.5671415329,
        "dmean2": 11.9214048386,
        "dvar": 121.107070923,
        "dvar2": 302.665222168,
        "max": 161.009475708,
        "mean": 25.7894973755,
        "median": 22.2196235657,
        "min": 1.20206257193e-16,
        "var": 414.27557373
    },
    "melbands_crest": {
        "dmean": 3.83433890343,
        "dmean2": 6.25908613205,
        "dvar": 11.97615242,
        "dvar2": 29.9545650482,
        "max": 38.3001022339,
        "mean": 15.4732065201,
        "median": 14.5059871674,
        "min": 1.92416024208,
        "var": 35.4728164673
    },
    "melbands_flatness_db": {
        "dmean": 0.0265824384987,
        "dmean2": 0.0397293306887,
        "dvar": 0.000651704147458,
        "dvar2": 0.00137419905514,
        "max": 0.594176471233,
        "mean": 0.204012185335,
        "median": 0.19051708281,
        "min": 0.00623767124489,
        "var": 0.00590707734227
    },
    "melbands_kurtosis": {
        "dmean": 5.88547611237,
        "dmean2": 9.54414367676,
        "dvar": 162.415802002,
        "dvar2": 402.465087891,
        "max": 460.478881836,
        "mean": 10.8491306305,
        "median": 5.72912979126,
        "min": -1.52680504322,
        "var": 326.257507324
    },
    "melbands_skewness": {
        "dmean": 0.689608871937,
        "dmean2": 1.07627022266,
        "dvar": 0.566058397293,
        "dvar2": 1.30370604992,
        "max": 18.5330181122,
        "mean": 2.10894680023,
        "median": 1.87195789814,
        "min": -1.86802256107,
        "var": 2.49865341187
    },
    "melbands_spread": {
        "dmean": 6.19633483887,
        "dmean2": 9.71822166443,
        "dvar": 60.6031112671,
        "dvar2": 137.836700439,
        "max": 178.717269897,
        "mean": 23.4494228363,
        "median": 19.8825187683,
        "min": 0.82462221384,
        "var": 265.050354004
    },
    "pitch_salience": {
        "dmean": 0.0771841183305,
        "dmean2": 0.123760908842,
        "dvar": 0.00521051092073,
        "dvar2": 0.0130575280637,
        "max": 0.877869546413,
        "mean": 0.524702489376,
        "median": 0.523110389709,
        "min": 0.0684079825878,
        "var": 0.0160076990724
    },
    "silence_rate_20dB": {
        "dmean": 0,
        "dmean2": 0,
        "dvar": 0,
        "dvar2": 0,
        "max": 1,
        "mean": 1,
        "median": 1,
        "min": 1,
        "var": 0
    },
    "silence_rate_30dB": {
        "dmean": 0.000963855418377,
        "dmean2": 0.00192794308532,
        "dvar": 0.000962949823588,
        "dvar2": 0.00264729792252,
        "max": 1,
        "mean": 0.998674869537,
        "median": 1,
        "min": 0,
        "var": 0.00132352975197
    },
    "silence_rate_60dB": {
        "dmean": 0.0086746988818,
        "dmean2": 0.0172309912741,
        "dvar": 0.00860030855983,
        "dvar2": 0.0207852516323,
        "max": 1,
        "mean": 0.0321648009121,
        "median": 0,
        "min": 0,
        "var": 0.0311330389231
    },
    "spectral_centroid": {
        "dmean": 227.47567749,
        "dmean2": 352.698669434,
        "dvar": 72070.90625,
        "dvar2": 147606.890625,
        "max": 10686.6103516,
        "mean": 1377.55944824,
        "median": 1325.07006836,
        "min": 186.436798096,
        "var": 402526.15625
    },
    "spectral_complexity": {
        "dmean": 4.0161447525,
        "dmean2": 6.25846481323,
        "dvar": 19.7980556488,
        "dvar2": 44.3472251892,
        "max": 56,
        "mean": 19.6419715881,
        "median": 18,
        "min": 0,
        "var": 111.188796997
    },
    "spectral_decrease": {
        "dmean": 2.51667975348e-09,
        "dmean2": 4.04040134683e-09,
        "dvar": 1.0032229276e-17,
        "dvar2": 2.42724007742e-17,
        "max": 5.62947276444e-29,
        "mean": -7.76267672364e-09,
        "median": -7.03553970638e-09,
        "min": -3.59737377664e-08,
        "var": 2.61798147467e-17
    },
    "spectral_energy": {
        "dmean": 0.00996638182551,
        "dmean2": 0.0160188041627,
        "dvar": 0.000153790606419,
        "dvar2": 0.00037217134377,
        "max": 0.143231257796,
        "mean": 0.0316372402012,
        "median": 0.0290195122361,
        "min": 1.06905848264e-20,
        "var": 0.000417738949182
    },
    "spectral_energyband_high": {
        "dmean": 0.000520788016729,
        "dmean2": 0.000814700266346,
        "dvar": 1.25352539726e-06,
        "dvar2": 3.24064490087e-06,
        "max": 0.0154154887423,
        "mean": 0.000986435683444,
        "median": 0.000473354302812,
        "min": 7.92285465269e-21,
        "var": 1.85932617569e-06
    },
    "spectral_energyband_low": {
        "dmean": 0.00545166991651,
        "dmean2": 0.00870427675545,
        "dvar": 9.76063893177e-05,
        "dvar2": 0.000232298509218,
        "max": 0.119764305651,
        "mean": 0.0108605846763,
        "median": 0.00521223992109,
        "min": 8.95038869382e-23,
        "var": 0.000212313432712
    },
    "spectral_energyband_middle_high": {
        "dmean": 0.00269247149117,
        "dmean2": 0.00429945485666,
        "dvar": 1.40283118526e-05,
        "dvar2": 3.56712916982e-05,
        "max": 0.0550664700568,
        "mean": 0.00891837105155,
        "median": 0.00546530261636,
        "min": 1.42534518555e-21,
        "var": 7.91240017861e-05
    },
    "spectral_energyband_middle_low": {
        "dmean": 0.00593897793442,
        "dmean2": 0.00975210592151,
        "dvar": 6.12357107457e-05,
        "dvar2": 0.00016370411322,
        "max": 0.0916726067662,
        "mean": 0.0121452948079,
        "median": 0.00959669332951,
        "min": 2.10493623363e-22,
        "var": 0.000104913044197
    },
    "spectral_entropy": {
        "dmean": 0.166985318065,
        "dmean2": 0.247858449817,
        "dvar": 0.0265701971948,
        "dvar2": 0.05326166749,
        "max": 9.79811000824,
        "mean": 7.5306687355,
        "median": 7.61880970001,
        "min": 5.27054452896,
        "var": 0.255307257175
    },
    "spectral_flux": {
        "dmean": 0.028966890648,
        "dmean2": 0.045854087919,
        "dvar": 0.00101677631028,
        "dvar2": 0.00190394138917,
        "max": 0.346057862043,
        "mean": 0.0984563529491,
        "median": 0.0922466218472,
        "min": 1.03395285389e-10,
        "var": 0.00279654446058
    },
    "spectral_kurtosis": {
        "dmean": 1.8419880867,
        "dmean2": 3.10567545891,
        "dvar": 11.6079025269,
        "dvar2": 33.4884643555,
        "max": 94.856338501,
        "mean": 4.82118415833,
        "median": 3.56575202942,
        "min": -1.40803301334,
        "var": 30.8944244385
    },
    "spectral_rms": {
        "dmean": 0.000833633414004,
        "dmean2": 0.00131171371322,
        "dvar": 7.76232695898e-07,
        "dvar2": 1.7691602352e-06,
        "max": 0.0118210744113,
        "mean": 0.00523113179952,
        "median": 0.00532087590545,
        "min": 3.22952602161e-12,
        "var": 3.50087339029e-06
    },
    "spectral_rolloff": {
        "dmean": 451.428588867,
        "dmean2": 755.13470459,
        "dvar": 737581.375,
        "dvar2": 1574973.25,
        "max": 18949.21875,
        "mean": 1367.61816406,
        "median": 1055.12695312,
        "min": 43.06640625,
        "var": 1477114
    },
    "spectral_skewness": {
        "dmean": 0.224186718464,
        "dmean2": 0.367969602346,
        "dvar": 0.0710266008973,
        "dvar2": 0.188683912158,
        "max": 6.94578075409,
        "mean": 1.59181284904,
        "median": 1.47878241539,
        "min": -0.110725142062,
        "var": 0.278729021549
    },
    "spectral_spread": {
        "dmean": 530780.625,
        "dmean2": 748745,
        "dvar": 509450387456,
        "dvar2": 738383888384,
        "max": 40944452,
        "mean": 4474128.5,
        "median": 4207033.5,
        "min": 709114.625,
        "var": 2.63327711232e+12
    },
    "spectral_strongpeak": {
        "dmean": 0.733818113804,
        "dmean2": 1.2559568882,
        "dvar": 1.2013078928,
        "dvar2": 3.00407934189,
        "max": 12.52546978,
        "mean": 1.31364870071,
        "median": 0.617326259613,
        "min": 0,
        "var": 2.3844165802
    },
    "zerocrossingrate": {
        "dmean": 0.00933811441064,
        "dmean2": 0.0110625503585,
        "dvar": 0.000139010502608,
        "dvar2": 0.00016322096053,
        "max": 0.5068359375,
        "mean": 0.0581208206713,
        "median": 0.0546875,
        "min": 0.001953125,
        "var": 0.00104158360045
    },
    "barkbands": {
        "dmean": [0.000419760181103, 0.00400223769248, 0.00230353767984, 0.00125950074289, 0.00171279394999, 0.00144338270184, 0.000617046433035, 0.00100086943712, 0.00146652793046, 0.00164438132197, 0.00076804170385, 0.000824768736493, 0.000464721495518, 0.000420971249696, 0.00032311968971, 0.000242317531956, 0.000174399872776, 0.000182239615242, 0.000233056853176, 0.000175357970875, 0.000110397733806, 0.000131799301016, 0.000103186801425, 7.8683377069e-05, 6.83981197653e-05, 2.90541483992e-05, 1.96832525035e-06],
        "dmean2": [0.000627660250757, 0.00608121836558, 0.00408904394135, 0.0022760995198, 0.00279657333158, 0.00231691729277, 0.00101080653258, 0.00163715635426, 0.00243417476304, 0.0027498328127, 0.00120847299695, 0.00128391105682, 0.000720590120181, 0.000680047553033, 0.00051715556765, 0.000400601595175, 0.000279872358078, 0.000295573991025, 0.00036804768024, 0.000277896499028, 0.000184367352631, 0.000225368727115, 0.000161120507983, 0.000120457210869, 0.000101194498711, 4.27391423727e-05, 3.04172249344e-06],
        "dvar": [9.17075567486e-07, 5.06323558511e-05, 5.87779504713e-05, 1.27303583213e-05, 1.02160747701e-05, 7.24580968381e-06, 1.74346757831e-06, 3.78881418328e-06, 9.84060716291e-06, 1.17302715807e-05, 2.97881274491e-06, 3.16971340908e-06, 1.54524957452e-06, 7.43522377888e-07, 6.24391020665e-07, 3.12345491693e-07, 1.74762121219e-07, 1.18060960119e-07, 1.86638715149e-07, 9.40941617955e-08, 6.74116193977e-08, 1.16726468491e-07, 4.95719305604e-08, 2.88929555836e-08, 3.02699731947e-08, 4.38327329988e-09, 3.55981806532e-11],
        "dvar2": [2.01985176318e-06, 0.000101450976217, 0.000163465971127, 3.64644693036e-05, 2.51798210229e-05, 1.74641645572e-05, 4.09293170378e-06, 9.8143464129e-06, 2.68899802904e-05, 3.2526513678e-05, 6.57688906358e-06, 6.58923363517e-06, 3.07584332404e-06, 1.89864908862e-06, 1.49082325152e-06, 7.79348283686e-07, 4.19533563445e-07, 2.94687907854e-07, 4.51602659268e-07, 2.31326765743e-07, 1.78349182534e-07, 3.23106377209e-07, 1.24051766193e-07, 6.95512412108e-08, 6.48065565656e-08, 9.70934443956e-09, 8.00731564388e-11],
        "max": [0.0414887219667, 0.0830841362476, 0.0646599829197, 0.0498726181686, 0.0476481281221, 0.0443623997271, 0.0385163202882, 0.0370840877295, 0.0586000047624, 0.0554363690317, 0.0422079190612, 0.0393715165555, 0.0250307898968, 0.0185081139207, 0.0270622614771, 0.0116301588714, 0.01233024057, 0.00911229476333, 0.0127193126827, 0.00512632634491, 0.00750584667549, 0.00384774198756, 0.00342495157383, 0.00267691747285, 0.00485054077581, 0.00111061695497, 0.000129666455905],
        "mean": [0.000748826772906, 0.00758972531185, 0.00204705283977, 0.00105581490789, 0.00254875933751, 0.00232417602092, 0.000905405846424, 0.00148144806735, 0.00239053717814, 0.00282611511648, 0.00135104358196, 0.00145050697029, 0.000774347223341, 0.000760232331231, 0.000612767995335, 0.0004110156151, 0.00031230726745, 0.000331884017214, 0.000512493948918, 0.00039779022336, 0.000169952196302, 0.000178025424248, 0.000168595477589, 0.000131763896206, 0.000108825348434, 4.56256020698e-05, 2.26034603656e-06],
        "median": [0.000151104701217, 0.00297958985902, 0.000313166179694, 0.000185299722943, 0.000871133059263, 0.000878371822182, 0.000320332532283, 0.000492103106808, 0.000604251283221, 0.00052172242431, 0.000268489937298, 0.000401742348913, 0.000172976957401, 0.000244166410994, 0.000161650968948, 0.000153367494931, 0.000111883426143, 0.000167368125403, 0.00022584477847, 0.000173303546035, 7.06400969648e-05, 7.00607197359e-05, 6.54440591461e-05, 4.88152436446e-05, 2.42825062742e-05, 4.90997581437e-06, 2.89444934687e-09],
        "min": [8.42402220145e-23, 2.42090746413e-23, 3.25390292819e-23, 9.50161424436e-24, 1.88886937739e-23, 1.91472729123e-23, 3.31948724612e-23, 2.10478849576e-23, 7.50664575735e-23, 5.82899104743e-23, 1.16112310422e-22, 4.67210665063e-23, 9.50557574605e-23, 1.09965544114e-22, 1.22845989243e-22, 1.79766493984e-22, 1.18343537228e-22, 1.002582194e-22, 3.99282136504e-22, 2.24547477001e-22, 4.89445403874e-22, 6.12801388537e-22, 8.39363300746e-22, 8.97297498061e-22, 8.63328062009e-22, 1.88469911786e-21, 2.43924051584e-21],
        "var": [3.59637760994e-06, 0.000120727258036, 3.87098370993e-05, 8.11749214336e-06, 1.75466793735e-05, 1.54727895278e-05, 3.6258536511e-06, 6.37302355244e-06, 2.22551079787e-05, 2.96811358567e-05, 8.90694536793e-06, 8.79568960954e-06, 3.6735195863e-06, 1.85890939974e-06, 2.20349465962e-06, 7.34994671348e-07, 4.80623498333e-07, 2.38141737441e-07, 5.99562497428e-07, 2.81858007156e-07, 8.87648141656e-08, 1.05161802821e-07, 7.16318879768e-08, 4.57364137674e-08, 5.27273726902e-08, 7.86260923036e-09, 4.97125673959e-11]
    },
    "erbbands": {
        "dmean": [0.16174441576, 0.803211390972, 2.3099694252, 3.61088657379, 4.4759850502, 5.96642589569, 11.397767067, 10.3863554001, 9.3599281311, 13.8089790344, 21.9719944, 30.7210178375, 58.4405174255, 28.1853046417, 30.2206420898, 29.9154491425, 19.3315944672, 21.2169475555, 15.2926244736, 15.5439033508, 11.058465004, 9.16291236877, 8.24976921082, 13.1567373276, 9.33890724182, 8.12946414948, 4.91295051575, 4.35964632034, 4.73978948593, 3.8189535141, 2.82298517227, 1.92364776134, 1.22291004658, 0.797724485397, 0.487221240997, 0.172800809145, 0.0475416518748, 0.00761646125466, 0.000237569634919, 1.76041248778e-05],
        "dmean2": [0.235176861286, 1.24316167831, 3.95066857338, 6.56025505066, 7.70335054398, 9.60772895813, 18.3228111267, 16.7726974487, 15.3628406525, 22.2117786407, 36.2955856323, 50.7398109436, 97.9833984375, 44.9794502258, 47.0565681458, 47.0869445801, 29.5510902405, 33.9717216492, 23.7437324524, 24.5738983154, 17.9575042725, 14.7235498428, 13.3675851822, 20.8911418915, 14.8255329132, 12.9055662155, 8.14988422394, 7.29754972458, 8.10982704163, 6.30513048172, 4.38448190689, 2.97328853607, 1.88710296154, 1.22908818722, 0.715720415115, 0.253269940615, 0.0709908083081, 0.0113884825259, 0.000352019182174, 2.68658786808e-05],
        "dvar": [0.072134450078, 2.58629655838, 49.5157966614, 133.501434326, 102.833229065, 139.885269165, 528.388977051, 450.793334961, 363.37991333, 848.008117676, 1805.97143555, 4903.96630859, 15357.7324219, 3551.48388672, 5255.34912109, 4489.81835938, 2295.58520508, 1809.4185791, 1229.97277832, 1258.68469238, 552.203430176, 508.578491211, 226.347671509, 594.248168945, 343.337036133, 203.757247925, 112.070510864, 120.897956848, 151.928817749, 83.2957000732, 34.4709091187, 18.3313503265, 6.78789949417, 3.63187479973, 1.81455624104, 0.149466112256, 0.0126719931141, 0.00044179422548, 4.17903208927e-07, 6.78607059434e-10],
        "dvar2": [0.15798291564, 5.20527791977, 131.793731689, 384.344604492, 277.013336182, 327.382019043, 1311.02966309, 1101.54174805, 894.577209473, 2090.41796875, 4724.22802734, 13698.2050781, 43086.125, 9060.1875, 11452.375, 10082.8496094, 4584.44580078, 4552.98388672, 2794.04101562, 2761.89477539, 1359.89562988, 1157.81274414, 557.432373047, 1395.72497559, 852.312561035, 510.181518555, 302.776763916, 319.336364746, 420.961517334, 219.512023926, 85.8730316162, 44.9939918518, 16.5901165009, 8.460729599, 3.77974653244, 0.321293830872, 0.0287822689861, 0.000986286206171, 9.18200896649e-07, 1.5273000642e-09],
        "max": [5.81138658524, 18.0761260986, 61.4165611267, 127.307861328, 159.133621216, 166.376815796, 431.799041748, 384.352935791, 326.577789307, 583.651733398, 784.138916016, 1513.8104248, 1876.95800781, 1388.46630859, 2112.18652344, 1972.8449707, 1172.83044434, 842.505981445, 1438.94543457, 950.553283691, 579.437866211, 853.914428711, 313.09463501, 527.416931152, 511.675201416, 252.750610352, 145.124816895, 355.831970215, 166.098953247, 124.694847107, 85.057182312, 76.7345046997, 40.0514793396, 41.2630844116, 43.5296783447, 8.07546329498, 1.74710321426, 0.500164330006, 0.0123481461778, 0.000445054320153],
        "mean": [0.287207722664, 1.43357920647, 2.38808679581, 3.14213347435, 4.98176288605, 9.00472831726, 17.8779029846, 16.1084899902, 14.2691202164, 22.4322147369, 33.7652015686, 51.6556510925, 103.18938446, 50.3885803223, 60.9946365356, 60.0757141113, 38.065071106, 39.7457847595, 29.581079483, 31.0051574707, 20.6368103027, 17.7504482269, 17.1052379608, 28.5051841736, 22.2814102173, 18.6442375183, 8.83987045288, 6.46563529968, 6.37310791016, 5.60489654541, 4.76057529449, 3.15569210052, 2.00215673447, 1.27487695217, 0.739089488983, 0.265332609415, 0.0729469805956, 0.0112024731934, 0.000346891698427, 4.98866611451e-05],
        "median": [0.114706933498, 0.427801996469, 0.520163655281, 0.70022046566, 1.33377695084, 2.96975326538, 5.42466878891, 6.26861763, 5.33005952835, 6.5679526329, 13.9996833801, 16.021944046, 21.3187522888, 16.1530342102, 15.2037162781, 17.7170944214, 12.5576286316, 15.439198494, 12.2913684845, 11.1577138901, 8.6778049469, 6.69080972672, 9.3310546875, 13.8952770233, 9.65372467041, 8.18851852417, 4.28942680359, 2.70982432365, 2.58944058418, 2.06841564178, 1.87472450733, 1.21541798115, 0.690880477428, 0.338193655014, 0.128199696541, 0.0400651618838, 0.00504023069516, 0.000225636656978, 2.99397324852e-05, 4.02264922741e-05],
        "min": [1.00529687263e-21, 5.52575995841e-21, 3.55670215057e-20, 2.90936740529e-20, 5.14097435904e-20, 5.36451927335e-20, 1.40785235528e-19, 1.64358616365e-19, 4.62141000246e-19, 3.90124665714e-19, 6.76543733478e-19, 1.96495079471e-18, 2.01524895942e-18, 4.05998359896e-18, 2.52862950762e-18, 2.35425611218e-18, 3.71834890699e-18, 4.68647530566e-18, 4.67351090392e-18, 1.13261895625e-17, 7.49614066717e-18, 5.76630748297e-18, 5.49977913626e-18, 1.25618882098e-17, 2.06016610746e-17, 1.07780161434e-17, 1.02587923914e-17, 2.39209879802e-17, 1.90599883187e-17, 2.52326929453e-17, 2.75661942687e-17, 2.10111733804e-17, 1.29408767239e-17, 9.1469805844e-18, 7.50564166368e-18, 6.19993003573e-18, 3.41565105402e-18, 1.24148570628e-18, 3.41922007987e-19, 3.99140527263e-20],
        "var": [0.17987023294, 5.50934696198, 38.4680137634, 80.625541687, 103.404457092, 255.173721313, 1041.01721191, 795.644165039, 677.553771973, 1772.13916016, 3167.96044922, 10299.6708984, 37201.7070312, 8008.53466797, 19464.984375, 14903.8320312, 6748.03710938, 4296.34814453, 3223.72949219, 4241.74316406, 1382.78881836, 1624.10717773, 587.259643555, 1753.06994629, 1298.1652832, 614.23815918, 169.116241455, 145.849105835, 135.244659424, 94.6348648071, 54.4409217834, 27.1240882874, 10.5367126465, 5.77273702621, 3.11785387993, 0.258246868849, 0.0225346684456, 0.000776354339905, 7.35606647595e-07, 1.7156368548e-09]
    },
    "gfcc": {
        "mean": [-0.580209434032, 95.74634552, -131.636383057, 29.587179184, -65.7104568481, 21.3726902008, -30.1176338196, 14.4359369278, -19.0272274017, 1.22004890442, -4.66129112244, -1.0786563158, -2.73511719704],
        "cov": [[6580.83349609, -2547.43383789, 580.395568848, 440.779632568, 83.9007492065, 607.046325684, -216.517913818, 511.81137085, -591.16204834, 542.959106445, -429.820007324, 297.705963135, -532.354248047], [-2547.43383789, 2181.80249023, 31.18268013, 106.74609375, 203.856445312, -377.107177734, 205.733581543, -335.874969482, 357.852050781, -368.028991699, 331.792785645, -231.970596313, 326.384277344], [580.395568848, 31.18268013, 1354.08166504, 423.430236816, 211.414932251, 84.6481552124, -184.689346313, 33.6599159241, -109.866760254, 168.263259888, -118.80582428, 194.022232056, -69.3190917969], [440.779632568, 106.74609375, 423.430236816, 501.859558105, 136.356262207, 86.6064987183, -45.2047233582, -15.5268192291, 10.6795892715, 26.3480358124, 29.0000152588, 31.2278671265, 10.5074005127], [83.9007492065, 203.856445312, 211.414932251, 136.356262207, 427.83026123, 48.0741271973, 78.6463851929, 26.9269676208, 3.92220067978, 56.0464286804, 15.7785263062, 55.3985786438, -25.3392944336], [607.046325684, -377.107177734, 84.6481552124, 86.6064987183, 48.0741271973, 286.498260498, 38.182964325, 97.8784332275, -67.669921875, 104.304740906, -15.6865367889, 34.3766822815, -57.9529266357], [-216.517913818, 205.733581543, -184.689346313, -45.2047233582, 78.6463851929, 38.182964325, 262.255126953, 6.31809806824, 73.4189605713, -30.8659477234, 58.127872467, -37.2595329285, 30.9133167267], [511.81137085, -335.874969482, 33.6599159241, -15.5268192291, 26.9269676208, 97.8784332275, 6.31809806824, 194.469482422, -23.7503681183, 89.3007202148, -36.3046798706, 46.7234344482, -42.8744735718], [-591.16204834, 357.852050781, -109.866760254, 10.6795892715, 3.92220067978, -67.669921875, 73.4189605713, -23.7503681183, 261.483581543, -51.0337028503, 59.6653862, -23.8534679413, 91.0760726929], [542.959106445, -368.028991699, 168.263259888, 26.3480358124, 56.0464286804, 104.304740906, -30.8659477234, 89.3007202148, -51.0337028503, 217.027938843, -41.004360199, 108.90071106, -71.3097610474], [-429.820007324, 331.792785645, -118.80582428, 29.0000152588, 15.7785263062, -15.6865367889, 58.127872467, -36.3046798706, 59.6653862, -41.004360199, 202.230957031, -52.1509094238, 84.313835144], [297.705963135, -231.970596313, 194.022232056, 31.2278671265, 55.3985786438, 34.3766822815, -37.2595329285, 46.7234344482, -23.8534679413, 108.90071106, -52.1509094238, 173.094177246, -15.0911817551], [-532.354248047, 326.384277344, -69.3190917969, 10.5074005127, -25.3392944336, -57.9529266357, 30.9133167267, -42.8744735718, 91.0760726929, -71.3097610474, 84.313835144, -15.0911817551, 162.870315552]],
        "icov": [[0.00040035721031, 0.000295433506835, 3.9805257984e-05, -0.000500505848322, -8.20724653749e-06, 5.18459128216e-05, -0.000146823687828, -0.000404923310271, 0.000372122856788, -0.000129238294903, 0.000157990289154, 3.47137247445e-05, 0.000360996054951], [0.000295433506835, 0.00279349624179, -0.00113612541463, 9.57366792136e-05, -0.00141022261232, 0.00174468103796, -0.0011813462479, 0.00163351162337, -0.00123251753394, 0.00123903586064, -0.00187434069812, 0.00224286993034, -0.00165665440727], [3.9805257984e-05, -0.00113612541463, 0.00193806295283, -0.00128888955805, 0.000262498797383, -0.000606408924796, 0.00102023244835, -0.000808648299426, 0.00101988040842, -0.00100060820114, 0.00147197057959, -0.00177338882349, 0.000798678374849], [-0.000500505848322, 9.57366792136e-05, -0.00128888955805, 0.00409882050008, -0.000927838962525, -0.00116066075861, 0.000746249686927, 0.00147784501314, -0.00144070899114, 0.000947491324041, -0.00132586597465, 0.000704128411599, -0.000978650874458], [-8.20724653749e-06, -0.00141022261232, 0.000262498797383, -0.000927838962525, 0.00395081192255, -0.000567528069951, -0.00091918167891, -0.00125101045705, 0.000858867540956, -0.000889960734639, 0.000525997194927, -0.00201214686967, 0.00189998035785], [5.18459128216e-05, 0.00174468103796, -0.000606408924796, -0.00116066075861, -0.000567528069951, 0.0069406721741, -0.00236896448769, -0.000752326275688, 0.000447247555712, -0.00114754680544, -0.00136856362224, 0.00194107030984, -0.000741269148421], [-0.000146823687828, -0.0011813462479, 0.00102023244835, 0.000746249686927, -0.00091918167891, -0.00236896448769, 0.00623183790594, -0.000621317769401, -0.000904601416551, 0.00021709939756, 9.23718471313e-05, -0.000529647280928, 0.000445221725386], [-0.000404923310271, 0.00163351162337, -0.000808648299426, 0.00147784501314, -0.00125101045705, -0.000752326275688, -0.000621317769401, 0.00912089738995, -0.00198474829085, -0.0007020724006, -0.000960993231274, 0.00122147146612, -0.00156676711049], [0.000372122856788, -0.00123251753394, 0.00101988040842, -0.00144070899114, 0.000858867540956, 0.000447247555712, -0.000904601416551, -0.00198474829085, 0.00668311677873, -0.001308183535, 0.00136538071092, -0.00112654920667, -0.000965905259363], [-0.000129238294903, 0.00123903586064, -0.00100060820114, 0.000947491324041, -0.000889960734639, -0.00114754680544, 0.00021709939756, -0.0007020724006, -0.001308183535, 0.0106980875134, -0.00263488246128, -0.0039261393249, 0.00225052074529], [0.000157990289154, -0.00187434069812, 0.00147197057959, -0.00132586597465, 0.000525997194927, -0.00136856362224, 9.23718471313e-05, -0.000960993231274, 0.00136538071092, -0.00263488246128, 0.00926634483039, 0.000621403683908, -0.00234764674678], [3.47137247445e-05, 0.00224286993034, -0.00177338882349, 0.000704128411599, -0.00201214686967, 0.00194107030984, -0.000529647280928, 0.00122147146612, -0.00112654920667, -0.0039261393249, 0.000621403683908, 0.0124968141317, -0.00463442318141], [0.000360996054951, -0.00165665440727, 0.000798678374849, -0.000978650874458, 0.00189998035785, -0.000741269148421, 0.000445221725386, -0.00156676711049, -0.000965905259363, 0.00225052074529, -0.00234764674678, -0.00463442318141, 0.0128889875486]]
    },
    "melbands": {
        "dmean": [0.00125338044018, 0.0010437881574, 0.000654495088384, 0.000349521113094, 0.000366200081771, 0.000245944538619, 0.000136394432047, 0.000166063284269, 0.000192421895918, 0.000207299293834, 0.000296636280837, 0.000124844198581, 9.82686469797e-05, 9.20566017157e-05, 6.84298138367e-05, 3.82611797249e-05, 4.46169069619e-05, 2.72273464361e-05, 2.81627089862e-05, 2.06262884603e-05, 1.25870101328e-05, 1.08175245259e-05, 8.5613291958e-06, 8.43000088935e-06, 1.24583993966e-05, 7.39104780223e-06, 7.68391510064e-06, 5.67885081182e-06, 3.56275245394e-06, 2.76342848338e-06, 2.6717370929e-06, 2.83172175841e-06, 2.63217498286e-06, 2.05021638067e-06, 1.68181713889e-06, 1.51023152739e-06, 1.14065505841e-06, 9.03390230178e-07, 7.83539121585e-07, 6.73907265991e-07],
        "dmean2": [0.00181700463872, 0.00170030805748, 0.00117214675993, 0.000578742998186, 0.00058451842051, 0.000395374256186, 0.000223432391067, 0.000268545409199, 0.000318388803862, 0.000341983133694, 0.000497546221595, 0.000198858673684, 0.000152658147272, 0.000139169453178, 0.000110237415356, 5.96712634433e-05, 7.1714130172e-05, 4.27224877058e-05, 4.47674756288e-05, 3.30518632836e-05, 2.05210726563e-05, 1.7624346583e-05, 1.38869881994e-05, 1.34384927151e-05, 1.98182206077e-05, 1.18381021821e-05, 1.22700548673e-05, 9.06325112737e-06, 5.94042285229e-06, 4.60896853838e-06, 4.52564472653e-06, 4.85446298626e-06, 4.56142606708e-06, 3.3385936149e-06, 2.65183575721e-06, 2.37364906752e-06, 1.79152846158e-06, 1.41440625612e-06, 1.23169536437e-06, 1.05004414763e-06],
        "dvar": [4.41274687546e-06, 6.7421597123e-06, 3.63091658073e-06, 4.70562980581e-07, 5.03887349623e-07, 2.20577021537e-07, 7.55600879643e-08, 1.22792854995e-07, 1.40624962341e-07, 2.22354486823e-07, 3.93081023731e-07, 7.258638135e-08, 4.95843650583e-08, 3.92469026167e-08, 2.8610957159e-08, 8.78309602825e-09, 8.75463079808e-09, 3.81483200584e-09, 5.33028954308e-09, 2.32551333745e-09, 8.10313871558e-10, 7.58162421732e-10, 3.43981176876e-10, 2.90416635185e-10, 5.72300151713e-10, 2.29757990411e-10, 2.24230772838e-10, 1.00984560991e-10, 5.33816428561e-11, 4.29738120089e-11, 4.62230566323e-11, 5.45086024928e-11, 4.86855833426e-11, 2.25020193451e-11, 1.23654966475e-11, 1.08496519061e-11, 6.96395588765e-12, 3.67496007583e-12, 2.99774311277e-12, 2.90351835457e-12],
        "dvar2": [8.80871175468e-06, 1.66724803421e-05, 1.03500169644e-05, 1.18332343391e-06, 1.24205701013e-06, 5.34295907073e-07, 1.83512227636e-07, 3.09578837232e-07, 3.67697538195e-07, 6.16355237071e-07, 1.10435303213e-06, 1.81001027499e-07, 1.08419222045e-07, 7.60058682658e-08, 7.18656778531e-08, 1.94119955665e-08, 2.21875851025e-08, 8.47519388003e-09, 1.2697079832e-08, 5.34081845416e-09, 1.94174498702e-09, 1.78062931067e-09, 8.66717086989e-10, 7.23241133649e-10, 1.33424571391e-09, 5.66777402788e-10, 5.4319987397e-10, 2.50787585143e-10, 1.42125020086e-10, 1.12130825458e-10, 1.24161320114e-10, 1.5180058599e-10, 1.34559377529e-10, 5.78100657622e-11, 3.10985161234e-11, 2.75688812057e-11, 1.69922530907e-11, 9.10517061053e-12, 7.37045147137e-12, 6.81924178583e-12],
        "max": [0.0368439108133, 0.024504063651, 0.0232906378806, 0.0105285579339, 0.012491167523, 0.00769581599161, 0.00577517831698, 0.00509696314111, 0.00721883401275, 0.0108050657436, 0.00970168318599, 0.00572315230966, 0.00575720472261, 0.0045566293411, 0.00476327911019, 0.00207562069409, 0.00194297777489, 0.00199070223607, 0.00201768660918, 0.00106373580638, 0.000845858012326, 0.00088416429935, 0.000527687720023, 0.000624607782811, 0.000524327508174, 0.000498144712765, 0.000340144295478, 0.000151270840433, 0.000103093421785, 0.000226690652198, 0.000149588857312, 9.25978674786e-05, 8.63210589159e-05, 8.32919686218e-05, 6.4304433181e-05, 5.57010062039e-05, 5.51430748601e-05, 2.97948681691e-05, 2.99461844406e-05, 4.41236297775e-05],
        "mean": [0.00234901369549, 0.00148222164717, 0.000605891516898, 0.000477359310025, 0.000594856857788, 0.000391016132198, 0.000209126068512, 0.000264230853645, 0.000292654207442, 0.00033998026629, 0.000519243010785, 0.000204258816666, 0.000185280077858, 0.000166515863384, 0.000138956747833, 6.29278947599e-05, 7.85254742368e-05, 4.58391987195e-05, 5.13238810527e-05, 3.49726578861e-05, 2.09150039154e-05, 1.89632792171e-05, 1.49909883476e-05, 1.5723384422e-05, 2.48802843998e-05, 1.51014464791e-05, 1.63070708368e-05, 1.15674174594e-05, 5.97616508458e-06, 3.99183318223e-06, 3.60723697668e-06, 3.64005632036e-06, 3.3746769077e-06, 2.98914665109e-06, 2.78535935649e-06, 2.37087601818e-06, 1.77036304194e-06, 1.41348118632e-06, 1.24331302231e-06, 1.01672605979e-06],
        "median": [0.000964880862739, 0.000410862267017, 0.00014577213733, 0.000150003004819, 0.000190478123841, 0.000151528351125, 7.30875253794e-05, 7.06438950147e-05, 0.000109844695544, 9.07203429961e-05, 9.63307684287e-05, 4.89779522468e-05, 3.80387864425e-05, 4.68644720968e-05, 2.93227240036e-05, 1.70443436218e-05, 2.56377079495e-05, 1.64624998433e-05, 1.31923534354e-05, 1.21230832519e-05, 8.52822904562e-06, 6.57471537124e-06, 6.42743543722e-06, 8.19972956378e-06, 1.0930971257e-05, 6.79799677528e-06, 6.00980229137e-06, 4.71446855954e-06, 2.66545544036e-06, 1.51260530856e-06, 1.42774229062e-06, 1.42384635637e-06, 1.22089988963e-06, 1.06261222754e-06, 1.09596169295e-06, 8.85264171302e-07, 6.49127741781e-07, 4.80470362163e-07, 3.73500597561e-07, 2.35025041206e-07],
        "min": [1.15699562619e-23, 1.45650591706e-23, 6.20904687663e-24, 3.87433177495e-24, 4.52939122102e-24, 3.90218803124e-24, 6.72982681384e-24, 4.20582296024e-24, 6.29530802775e-24, 1.23243991658e-23, 9.28108975603e-24, 1.50009537301e-23, 1.10485673241e-23, 5.96406612251e-24, 9.39122736017e-24, 7.39838643102e-24, 8.87816011602e-24, 7.55555355575e-24, 1.01770361625e-23, 1.79278627691e-23, 7.16930280186e-24, 6.33733853678e-24, 4.9705206615e-24, 5.43528358584e-24, 1.00013528947e-23, 1.81854084997e-23, 9.14338935186e-24, 7.05244410281e-24, 5.02413559293e-24, 1.04057277278e-23, 1.46998849657e-23, 1.07171999899e-23, 1.18097123902e-23, 1.29369370369e-23, 1.63060909657e-23, 1.40235740012e-23, 1.29420109903e-23, 9.25608602078e-24, 7.07771447305e-24, 7.72115912558e-24],
        "var": [1.12453835754e-05, 8.09351331554e-06, 2.33109517467e-06, 6.65007348744e-07, 1.01380510387e-06, 4.27146517268e-07, 1.51530230141e-07, 2.45222764761e-07, 2.75478669209e-07, 4.79539266962e-07, 9.64113723967e-07, 1.54279689468e-07, 1.71549814354e-07, 1.17739844541e-07, 1.10907869555e-07, 2.09347241764e-08, 2.04405647963e-08, 8.45937186966e-09, 1.69716098952e-08, 5.74888048277e-09, 1.58162027919e-09, 2.26022778271e-09, 7.04606206714e-10, 5.84882087207e-10, 1.54785839701e-09, 6.26190599373e-10, 7.4272982209e-10, 2.69776007089e-10, 8.53184120575e-11, 5.87758175463e-11, 4.80057278651e-11, 4.69061144093e-11, 4.32877171608e-11, 2.73179864146e-11, 1.94584244551e-11, 1.4886078481e-11, 9.86820087451e-12, 5.4511794384e-12, 4.54501714042e-12, 4.35432332552e-12]
    },
    "mfcc": {
        "mean": [-635.692626953, 117.967956543, -3.96755385399, 11.7127456665, -3.28382325172, 2.40151143074, 4.43019199371, 8.61699008942, -2.90947031975, 8.89634132385, -0.093992613256, -1.64005613327, 1.11683607101],
        "cov": [[5551.11425781, -1836.63464355, -111.368553162, 111.158210754, 80.9772567749, 151.433685303, 323.718017578, 69.7515792847, 54.5152587891, 106.262123108, 108.131355286, 37.8132476807, 133.772323608], [-1836.63464355, 1359.4083252, 133.443984985, 177.256530762, 67.2728652954, -28.7081127167, -60.9054450989, 5.76369142532, -35.5106887817, -3.04009842873, -61.5859527588, -25.6775341034, -56.9643440247], [-111.368553162, 133.443984985, 926.67578125, 338.179138184, 287.516326904, 127.152786255, -21.1047439575, -44.4109916687, -0.654335141182, -76.2811508179, -11.9465074539, 14.5592632294, 30.6572628021], [111.158210754, 177.256530762, 338.179138184, 424.579101562, 237.799255371, 106.602920532, 23.0430278778, 8.02889060974, -0.0912904143333, -19.7368049622, -19.4628543854, 18.1008682251, 42.7023582458], [80.9772567749, 67.2728652954, 287.516326904, 237.799255371, 360.552062988, 95.3690109253, 54.1694145203, 9.16409015656, 1.36200678349, -4.09762859344, -5.81132984161, 20.4734516144, 67.8089752197], [151.433685303, -28.7081127167, 127.152786255, 106.602920532, 95.3690109253, 216.970352173, 72.5259552002, 21.9245567322, 37.5763931274, -0.463456243277, 37.9719810486, 28.2102088928, 36.0881614685], [323.718017578, -60.9054450989, -21.1047439575, 23.0430278778, 54.1694145203, 72.5259552002, 267.464447021, 37.1419906616, -42.7685470581, 71.0545196533, 17.9105415344, -26.2796192169, 22.4360694885], [69.7515792847, 5.76369142532, -44.4109916687, 8.02889060974, 9.16409015656, 21.9245567322, 37.1419906616, 122.649238586, 45.3564033508, 35.0206108093, 14.4966430664, 3.63465595245, 3.16961503029], [54.5152587891, -35.5106887817, -0.654335141182, -0.0912904143333, 1.36200678349, 37.5763931274, -42.7685470581, 45.3564033508, 165.504364014, -2.40261673927, 36.9412269592, 31.6470298767, 7.54328393936], [106.262123108, -3.04009842873, -76.2811508179, -19.7368049622, -4.09762859344, -0.463456243277, 71.0545196533, 35.0206108093, -2.40261673927, 133.929901123, 27.5187702179, 1.98573040962, 11.2393379211], [108.131355286, -61.5859527588, -11.9465074539, -19.4628543854, -5.81132984161, 37.9719810486, 17.9105415344, 14.4966430664, 36.9412269592, 27.5187702179, 100.794281006, 36.4807701111, 15.1734342575], [37.8132476807, -25.6775341034, 14.5592632294, 18.1008682251, 20.4734516144, 28.2102088928, -26.2796192169, 3.63465595245, 31.6470298767, 1.98573040962, 36.4807701111, 101.582809448, 51.4455184937], [133.772323608, -56.9643440247, 30.6572628021, 42.7023582458, 67.8089752197, 36.0881614685, 22.4360694885, 3.16961503029, 7.54328393936, 11.2393379211, 15.1734342575, 51.4455184937, 124.175712585]],
