{
"lowlevel": {
    "average_loudness": 0.85610294342,
    "barkbands_crest": {
        "dmean": 2.80084276199,
        "dmean2": 4.48458480835,
        "dvar": 7.24801540375,
        "dvar2": 18.9139118195,
        "max": 26.2630138397,
        "mean": 12.6378593445,
        "median": 12.155506134,
        "min": 3.24772953987,
        "var": 21.3251228333
    },
    "barkbands_flatness_db": {
        "dmean": 0.028817884624,
        "dmean2": 0.0428456887603,
        "dvar": 0.000848511001095,
        "dvar2": 0.00182775710709,
        "max": 0.539497256279,
        "mean": 0.193066865206,
        "median": 0.180650636554,
        "min": 0.0338333882391,
        "var": 0.00566972093657
    },
    "barkbands_kurtosis": {
        "dmean": 6.58738851547,
        "dmean2": 10.5103464127,
        "dvar": 166.46496582,
        "dvar2": 422.325012207,
        "max": 253.718811035,
        "mean": 12.7404146194,
        "median": 6.19446611404,
        "min": -1.9412432909,
        "var": 385.886474609
    },
    "barkbands_skewness": {
        "dmean": 0.721664905548,
        "dmean2": 1.11761868,
        "dvar": 0.771281421185,
        "dvar2": 1.76478123665,
        "max": 14.1886692047,
        "mean": 2.44381117821,
        "median": 2.1786198616,
        "min": -4.29353189468,
        "var": 3.1670422554
    },
    "barkbands_spread": {
        "dmean": 5.53687381744,
        "dmean2": 8.47211265564,
        "dvar": 80.2496032715,
        "dvar2": 161.385528564,
        "max": 109.738571167,
        "mean": 17.6684150696,
        "median": 12.2442550659,
        "min": 0.364707529545,
        "var": 293.48828125
    },
    "dissonance": {
        "dmean": 0.0238880272955,
        "dmean2": 0.040171880275,
        "dvar": 0.000570701493416,
        "dvar2": 0.00150223774835,
        "max": 0.500000119209,
        "mean": 0.453460276127,
        "median": 0.463772386312,
        "min": 0.181372910738,
        "var": 0.00145973137114
    },
    "dynamic_complexity": 3.25292849541,
    "erbbands_crest": {
        "dmean": 2.96390509605,
        "dmean2": 4.82636356354,
        "dvar": 8.16016483307,
        "dvar2": 19.7384777069,
        "max": 30.6289710999,
        "mean": 10.4493741989,
        "median": 9.07677078247,
        "min": 2.37202191353,
        "var": 27.6257190704
    },
    "erbbands_flatness_db": {
        "dmean": 0.022187339142,
        "dmean2": 0.0318578854203,
        "dvar": 0.00053777807625,
        "dvar2": 0.0010250977939,
        "max": 0.481108218431,
        "mean": 0.17539729178,
        "median": 0.167053058743,
        "min": 0.0453416854143,
        "var": 0.00455625867471
    },
    "erbbands_kurtosis": {
        "dmean": 1.82826304436,
        "dmean2": 2.89191198349,
        "dvar": 11.2284975052,
        "dvar2": 26.1627140045,
        "max": 83.0881881714,
        "mean": 2.40026259422,
        "median": 0.500922441483,
        "min": -1.88977491856,
        "var": 39.5740737915
    },
    "erbbands_skewness": {
        "dmean": 0.477106779814,
        "dmean2": 0.719818413258,
        "dvar": 0.273469269276,
        "dvar2": 0.555907726288,
        "max": 8.38361167908,
        "mean": 0.876145362854,
        "median": 0.738075017929,
        "min": -3.68988347054,
        "var": 1.53104102612
    },
    "erbbands_spread": {
        "dmean": 10.3987112045,
        "dmean2": 15.7545166016,
        "dvar": 198.364242554,
        "dvar2": 424.436737061,
        "max": 175.11605835,
        "mean": 41.3306007385,
        "median": 35.5437278748,
        "min": 1.8677778244,
        "var": 699.201843262
    },
    "hfc": {
        "dmean": 6.88311243057,
        "dmean2": 10.4988183975,
        "dvar": 140.959976196,
        "dvar2": 348.376678467,
        "max": 158.707885742,
        "mean": 19.4542217255,
        "median": 11.5070323944,
        "min": 1.23743162378e-16,
        "var": 411.015716553
    },
    "melbands_crest": {
        "dmean": 3.28164339066,
        "dmean2": 5.34198141098,
        "dvar": 10.1681575775,
        "dvar2": 27.5568065643,
        "max": 38.4965591431,
        "mean": 16.6589241028,
        "median": 16.0831031799,
        "min": 2.64232230186,
        "var": 31.8429431915
    },
    "melbands_flatness_db": {
        "dmean": 0.0322286784649,
        "dmean2": 0.0478706620634,
        "dvar": 0.00118962675333,
        "dvar2": 0.0024765538983,
        "max": 0.718157112598,
        "mean": 0.258026391268,
        "median": 0.242638736963,
        "min": 0.00637119309977,
        "var": 0.00852673314512
    },
    "melbands_kurtosis": {
        "dmean": 15.8190202713,
        "dmean2": 25.4256019592,
        "dvar": 959.35760498,
        "dvar2": 2425.60791016,
        "max": 523.539672852,
        "mean": 31.1059970856,
        "median": 16.4639587402,
        "min": -1.86077475548,
        "var": 2110.83056641
    },
    "melbands_skewness": {
        "dmean": 1.00984537601,
        "dmean2": 1.56768274307,
        "dvar": 1.64664614201,
        "dvar2": 3.83201622963,
        "max": 19.7289447784,
        "mean": 3.61640787125,
        "median": 3.10388231277,
        "min": -1.9567207098,
        "var": 6.1070394516
    },
    "melbands_spread": {
        "dmean": 5.31928157806,
        "dmean2": 8.08343696594,
        "dvar": 107.69178009,
        "dvar2": 209.546279907,
        "max": 233.791793823,
        "mean": 16.0991477966,
        "median": 10.1137294769,
        "min": 0.526135265827,
        "var": 367.825256348
    },
    "pitch_salience": {
        "dmean": 0.0793142020702,
        "dmean2": 0.130455449224,
        "dvar": 0.00698163500056,
        "dvar2": 0.0182118788362,
        "max": 0.897292792797,
        "mean": 0.515694856644,
        "median": 0.51210641861,
        "min": 0.0342597104609,
        "var": 0.018605735153
    },
    "silence_rate_20dB": {
        "dmean": 0,
        "dmean2": 0,
        "dvar": 0,
        "dvar2": 0,
        "max": 1,
        "mean": 1,
        "median": 1,
        "min": 1,
        "var": 0
    },
    "silence_rate_30dB": {
        "dmean": 0.0447246357799,
        "dmean2": 0.0894599109888,
        "dvar": 0.0427273772657,
        "dvar2": 0.10524520278,
        "max": 1,
        "mean": 0.965152263641,
        "median": 1,
        "min": 0,
        "var": 0.0336359664798
    },
    "silence_rate_60dB": {
        "dmean": 0.0102295707911,
        "dmean2": 0.0203426126391,
        "dvar": 0.0101243732497,
        "dvar2": 0.0237339809537,
        "max": 1,
        "mean": 0.0488820187747,
        "median": 0,
        "min": 0,
        "var": 0.0464948788285
    },
    "spectral_centroid": {
        "dmean": 226.174728394,
        "dmean2": 331.76184082,
        "dvar": 107337.5,
        "dvar2": 181516.578125,
        "max": 11197.8730469,
        "mean": 1054.95605469,
        "median": 966.381225586,
        "min": 137.122940063,
        "var": 497312.5
    },
    "spectral_complexity": {
        "dmean": 2.61139535904,
        "dmean2": 4.21127748489,
        "dvar": 12.008813858,
        "dvar2": 27.5637741089,
        "max": 53,
        "mean": 13.4367265701,
        "median": 11,
        "min": 0,
        "var": 66.363822937
    },
    "spectral_decrease": {
        "dmean": 3.37204930645e-09,
        "dmean2": 5.30719734826e-09,
        "dvar": 3.42743808824e-17,
        "dvar2": 8.06191996388e-17,
        "max": 5.71014094201e-29,
        "mean": -8.69412808413e-09,
        "median": -6.64371224701e-09,
        "min": -6.26850606977e-08,
        "var": 6.20084828893e-17
    },
    "spectral_energy": {
        "dmean": 0.0131839672104,
        "dmean2": 0.0207424871624,
        "dvar": 0.000516238040291,
        "dvar2": 0.00122116704006,
        "max": 0.242537304759,
        "mean": 0.034578230232,
        "median": 0.0264369212091,
        "min": 1.10083530442e-20,
        "var": 0.000943900202401
    },
    "spectral_energyband_high": {
        "dmean": 0.000443302211352,
        "dmean2": 0.000628664041869,
        "dvar": 9.84527218861e-07,
        "dvar2": 1.991065119e-06,
        "max": 0.0194846373051,
        "mean": 0.000908422225621,
        "median": 0.000255679013208,
        "min": 8.00164441383e-21,
        "var": 3.08840571961e-06
    },
    "spectral_energyband_low": {
        "dmean": 0.00810464750975,
        "dmean2": 0.0126621760428,
        "dvar": 0.00031081592897,
        "dvar2": 0.000677204458043,
        "max": 0.181042402983,
        "mean": 0.0169884804636,
        "median": 0.00783347897232,
        "min": 2.84323677151e-23,
        "var": 0.000575848855078
    },
    "spectral_energyband_middle_high": {
        "dmean": 0.00181005895138,
        "dmean2": 0.00281810807064,
        "dvar": 1.31165015773e-05,
        "dvar2": 3.16578589263e-05,
        "max": 0.0594298318028,
        "mean": 0.00489002931863,
        "median": 0.00137625564821,
        "min": 1.49595906605e-21,
        "var": 6.36531913187e-05
    },
    "spectral_energyband_middle_low": {
        "dmean": 0.00730274198577,
        "dmean2": 0.0125330379233,
        "dvar": 0.000207520031836,
        "dvar2": 0.000584142573643,
        "max": 0.171156018972,
        "mean": 0.0132981939241,
        "median": 0.00826592929661,
        "min": 3.91020781208e-22,
        "var": 0.000200727197807
    },
    "spectral_entropy": {
        "dmean": 0.221760258079,
        "dmean2": 0.322243601084,
        "dvar": 0.0657893195748,
        "dvar2": 0.125923007727,
        "max": 9.80791473389,
        "mean": 7.35147762299,
        "median": 7.447306633,
        "min": 4.51468992233,
        "var": 0.432039469481
    },
    "spectral_flux": {
        "dmean": 0.0308409482241,
        "dmean2": 0.0475446246564,
        "dvar": 0.00202185777016,
        "dvar2": 0.00366139831021,
        "max": 0.43896561861,
        "mean": 0.0891635268927,
        "median": 0.0686331689358,
        "min": 1.0492069713e-10,
        "var": 0.00486091664061
    },
    "spectral_kurtosis": {
        "dmean": 2.99886393547,
        "dmean2": 4.89077758789,
        "dvar": 83.9139175415,
        "dvar2": 190.541275024,
        "max": 378.413757324,
        "mean": 6.05925273895,
        "median": 3.44655251503,
        "min": -1.32866799831,
        "var": 195.679260254
    },
    "spectral_rms": {
        "dmean": 0.000972112524323,
        "dmean2": 0.00151373550761,
        "dvar": 1.70166970292e-06,
        "dvar2": 3.82681901101e-06,
        "max": 0.0153825152665,
        "mean": 0.00529991928488,
        "median": 0.00507859420031,
        "min": 3.27717215344e-12,
        "var": 5.64581068829e-06
    },
    "spectral_rolloff": {
        "dmean": 409.357055664,
        "dmean2": 688.058532715,
        "dvar": 1190185.875,
        "dvar2": 2548781.5,
        "max": 19013.8183594,
        "mean": 1089.44921875,
        "median": 495.263671875,
        "min": 43.06640625,
        "var": 2846572.5
    },
    "spectral_skewness": {
        "dmean": 0.316666632891,
        "dmean2": 0.488097637892,
        "dvar": 0.261910319328,
        "dvar2": 0.603432416916,
        "max": 15.3173084259,
        "mean": 1.69846820831,
        "median": 1.54780387878,
        "min": -0.130415931344,
        "var": 0.929181396961
    },
    "spectral_spread": {
        "dmean": 730309.25,
        "dmean2": 977688.1875,
        "dvar": 928053264384,
        "dvar2": 1.41946008371e+12,
        "max": 41741264,
        "mean": 5058586.5,
        "median": 4711590,
        "min": 382412.625,
        "var": 5.11567934259e+12
    },
    "spectral_strongpeak": {
        "dmean": 0.453580707312,
        "dmean2": 0.776731073856,
        "dvar": 0.703671455383,
        "dvar2": 1.81883347034,
        "max": 9.78690814972,
        "mean": 0.827467679977,
        "median": 0.397848755121,
        "min": 0,
        "var": 1.18808555603
    },
    "zerocrossingrate": {
        "dmean": 0.0105376867577,
        "dmean2": 0.0119068361819,
        "dvar": 0.000260458153207,
        "dvar2": 0.00024520518491,
        "max": 0.55517578125,
        "mean": 0.0493221543729,
        "median": 0.0400390625,
        "min": 0.00146484375,
        "var": 0.00189579150174
    },
    "barkbands": {
        "dmean": [0.00051456829533, 0.00579568371177, 0.00398593954742, 0.00228500296362, 0.00255124061368, 0.00132229714654, 0.00110802170821, 0.000617298530415, 0.00105980108492, 0.000891177507583, 0.000723900506273, 0.000198415233172, 0.000224391260417, 0.000198513153009, 0.000154431123519, 0.000161397809279, 0.000157707065227, 0.000122191748233, 0.000120411932585, 7.35448193154e-05, 9.0206398454e-05, 9.39619421843e-05, 0.000102300255094, 9.32949333219e-05, 7.31287800591e-05, 3.66304484487e-05, 2.07717016565e-06],
        "dmean2": [0.00085055094678, 0.00978212617338, 0.00706474017352, 0.00416439259425, 0.00429361825809, 0.00222838483751, 0.00179617921822, 0.00106965424493, 0.00178330973722, 0.00145714182872, 0.00111187319271, 0.000333102187142, 0.000372164387954, 0.000324463268043, 0.000253455102211, 0.000258404063061, 0.000253654870903, 0.000190581486095, 0.000191290775547, 0.000116652845463, 0.000140840595122, 0.000139155425131, 0.000154998575454, 0.000139114185004, 9.90891639958e-05, 5.7461191318e-05, 3.3062788134e-06],
        "dvar": [1.69156260199e-06, 0.000151245345478, 0.000204670315725, 5.31137084181e-05, 2.69946067419e-05, 9.78320986178e-06, 7.9849969552e-06, 2.35451784647e-06, 1.05544322651e-05, 7.63059051678e-06, 4.53644361187e-06, 3.9923079953e-07, 4.34159176166e-07, 5.01486283611e-07, 1.89941829376e-07, 1.9798659423e-07, 2.28313581374e-07, 1.01248716078e-07, 6.7981311247e-08, 3.23590469975e-08, 4.75981778436e-08, 5.62241311286e-08, 6.56193677173e-08, 6.07132264463e-08, 4.00102742049e-08, 1.31653008495e-08, 5.12474056247e-11],
        "dvar2": [4.28496787208e-06, 0.000433994224295, 0.000558427185751, 0.000153937842697, 7.23955745343e-05, 2.59754197032e-05, 1.93657961063e-05, 6.25196025794e-06, 2.89222425636e-05, 2.04346852115e-05, 1.04901755549e-05, 1.09263282866e-06, 1.16967180475e-06, 1.19367678053e-06, 4.81227232285e-07, 4.73727112649e-07, 5.48044226889e-07, 2.296534376e-07, 1.64539599723e-07, 7.61796528082e-08, 1.15025905245e-07, 1.09539065818e-07, 1.36610296408e-07, 1.29166082274e-07, 6.40367332494e-08, 3.51045343905e-08, 1.23436677546e-10],
        "max": [0.053659748286, 0.117939740419, 0.134962916374, 0.0734462738037, 0.0616319365799, 0.0499791018665, 0.0543684996665, 0.0244491361082, 0.0601217038929, 0.0510630346835, 0.0402664840221, 0.018569001928, 0.0256154723465, 0.0196109507233, 0.0105896294117, 0.0108169252053, 0.0118734389544, 0.0107046859339, 0.00516388798133, 0.00437978887931, 0.00504091428593, 0.0076763224788, 0.0067876544781, 0.00602907128632, 0.00570179056376, 0.00165208044928, 0.000101507983345],
        "mean": [0.000726794125512, 0.0111003983766, 0.00385262095369, 0.00256206467748, 0.00438329018652, 0.00197646440938, 0.00169894751161, 0.000714811612852, 0.00156285380945, 0.00145475170575, 0.00127646722831, 0.000341128732543, 0.000383372040233, 0.000324838241795, 0.000246793206315, 0.000274375663139, 0.000284249166725, 0.000236153617152, 0.000214667161345, 0.000134220579639, 0.00015803858696, 0.000164246754139, 0.000167179241544, 0.000158158116392, 0.000131125823827, 4.81778806716e-05, 1.99872488338e-06],
        "median": [9.54113638727e-05, 0.00566516956314, 0.000649197376333, 0.000966391293332, 0.00185405754019, 0.00067354447674, 0.000439272582298, 0.000190084945643, 0.000251911114901, 0.000171369902091, 0.000206160868402, 5.12092083227e-05, 5.0569033192e-05, 4.1681501898e-05, 4.77218454762e-05, 4.98364242958e-05, 4.19647076342e-05, 5.00673340866e-05, 6.92482863087e-05, 3.80394849344e-05, 4.86852732138e-05, 4.62819516542e-05, 3.91037356167e-05, 3.06782167172e-05, 2.19131215999e-05, 1.94146127797e-06, 1.70670222399e-09],
        "min": [1.19404875817e-24, 2.01797719304e-23, 5.34508128563e-24, 7.1724195913e-24, 4.23181655815e-23, 1.27762978198e-22, 4.34692651036e-23, 7.3948124178e-23, 6.75196335525e-23, 9.66156131492e-23, 9.44248833065e-23, 5.53594626054e-23, 8.9739750038e-23, 2.09329832646e-22, 1.42316464779e-22, 6.19508814068e-23, 1.95337951921e-22, 1.86407301789e-22, 1.74421122003e-22, 3.78545267847e-22, 4.65078159466e-22, 6.61213416259e-22, 5.26818326659e-22, 9.33673250174e-22, 1.22077267642e-21, 1.65988188829e-21, 2.59577111817e-21],
        "var": [5.78241633775e-06, 0.000228512944886, 0.000142045057146, 3.58956349373e-05, 4.35227557318e-05, 1.61632306117e-05, 1.47929658851e-05, 2.54044539361e-06, 2.09363406611e-05, 1.6711808712e-05, 1.32585782922e-05, 9.59345356932e-07, 1.42474516451e-06, 1.00918884982e-06, 3.52829459871e-07, 4.6817490329e-07, 6.31521402283e-07, 3.88807620766e-07, 1.51485465949e-07, 7.9909604267e-08, 1.05918253723e-07, 1.46835503756e-07, 1.58913422865e-07, 1.66371094679e-07, 1.61527864861e-07, 1.74455028201e-08, 5.26467411333e-11]
    },
    "erbbands": {
        "dmean": [0.18534681201, 1.24828255177, 3.74147176743, 6.83781003952, 6.76954507828, 10.4474210739, 10.3356580734, 10.4610958099, 13.6775188446, 18.4597663879, 13.1227149963, 26.2245121002, 22.3117332458, 30.2372322083, 23.3401870728, 8.50513076782, 10.3921461105, 10.798459053, 6.56873989105, 8.09330654144, 9.24214744568, 7.53835391998, 5.96468067169, 6.59139251709, 4.85446596146, 3.72229385376, 3.6583468914, 3.72463917732, 3.17887187004, 3.22943687439, 2.82510042191, 2.15794706345, 1.52587914467, 0.89832752943, 0.49909773469, 0.195131316781, 0.0593852698803, 0.00925719272345, 0.000289008487016, 2.28430162679e-05],
        "dmean2": [0.31587806344, 2.0328681469, 6.26737689972, 12.4823856354, 11.760307312, 17.5583591461, 17.3150463104, 17.7320289612, 22.3195362091, 30.2526130676, 22.1987838745, 44.488368988, 37.5227966309, 48.0031356812, 35.948841095, 13.932217598, 17.1893138885, 17.5675144196, 10.7063512802, 13.150100708, 14.648733139, 11.7520389557, 9.29811763763, 10.4571046829, 7.64802026749, 5.86392831802, 5.8732175827, 5.72294473648, 4.76581954956, 4.66527223587, 4.29700565338, 3.27449154854, 2.26559066772, 1.24293267727, 0.705278337002, 0.304265618324, 0.0910699144006, 0.0145899159834, 0.000424356025178, 3.4724973375e-05],
        "dvar": [0.125110208988, 8.09399986267, 145.888397217, 568.052246094, 269.188934326, 490.689971924, 486.339324951, 702.414855957, 1289.01904297, 2498.79516602, 924.399108887, 6667.09716797, 5899.32421875, 8447.35839844, 4922.74804688, 685.566345215, 1059.12695312, 1437.17114258, 387.282592773, 486.141662598, 658.612243652, 517.176452637, 264.296630859, 258.043701172, 112.381271362, 88.1651077271, 82.6821060181, 95.8685150146, 68.7428512573, 72.0993347168, 52.5771560669, 30.2745780945, 19.5723953247, 6.382376194, 1.94104790688, 0.398393541574, 0.0319765880704, 0.000751009909436, 7.80998050232e-07, 1.82327086762e-09],
        "dvar2": [0.372839421034, 21.2627620697, 372.58706665, 1628.02026367, 765.49029541, 1268.79211426, 1236.42370605, 1852.60852051, 3201.40039062, 6020.94091797, 2389.62817383, 18060.2734375, 17071.5078125, 20176.5332031, 11308.8505859, 1876.77624512, 2853.82910156, 3386.14916992, 992.618103027, 1160.14306641, 1536.33813477, 1173.10791016, 613.35168457, 594.740661621, 274.605285645, 204.451370239, 216.142089844, 214.348175049, 139.266860962, 136.280075073, 113.511108398, 67.5709381104, 42.4748191833, 11.0255994797, 3.45110797882, 1.05054628849, 0.0806336924434, 0.00177996943239, 1.65099652349e-06, 4.12583522902e-09],
        "max": [7.75033187866, 28.2777462006, 116.196273804, 239.138153076, 198.193389893, 322.200775146, 383.273864746, 537.805480957, 682.49395752, 834.86907959, 440.803985596, 1376.54833984, 2017.7310791, 2014.48828125, 1803.88549805, 953.907470703, 1410.47766113, 1235.37268066, 611.508605957, 656.367614746, 662.990722656, 728.664428711, 520.696594238, 379.956878662, 205.018035889, 250.804321289, 233.030303955, 271.353729248, 270.209381104, 201.04309082, 197.329391479, 127.996337891, 99.9796066284, 65.1759414673, 37.0435409546, 9.72563838959, 2.74149441719, 0.340778052807, 0.0172367058694, 0.000774924119469],
        "mean": [0.373953700066, 2.26263451576, 4.46776819229, 7.05402994156, 9.46911430359, 17.72315979, 15.9586038589, 15.4843845367, 22.3224468231, 24.2636528015, 17.4187049866, 37.1920890808, 38.0469169617, 52.2094841003, 43.3237419128, 16.6132678986, 19.0546855927, 18.6936302185, 11.6585741043, 14.1363763809, 17.1406898499, 14.8956880569, 12.2110872269, 12.4879045486, 9.16430950165, 7.22657775879, 6.38023519516, 6.29696178436, 5.60948085785, 5.60977363586, 4.58449745178, 3.65730023384, 2.43919682503, 1.59961330891, 0.835844695568, 0.277593433857, 0.0770329684019, 0.0102876275778, 0.000353521172656, 5.35005528945e-05],
        "median": [0.169282585382, 1.03249716759, 1.0705769062, 2.36329746246, 4.53740501404, 6.34007120132, 6.35195875168, 5.31008577347, 5.82256031036, 7.13609981537, 5.12402057648, 6.73306846619, 5.84057760239, 6.74819898605, 7.64207839966, 3.04537057877, 2.64886689186, 2.63351964951, 2.27982974052, 3.05878257751, 3.23051548004, 2.42597913742, 2.71165013313, 3.47529387474, 3.07398223877, 2.10778093338, 1.91071867943, 1.98980998993, 1.66690480709, 1.19552206993, 1.14282906055, 0.817506074905, 0.420688509941, 0.276337444782, 0.121298402548, 0.0215868838131, 0.00179879437201, 8.72384844115e-05, 2.62736957666e-05, 3.62463833881e-05],
        "min": [4.04752842706e-22, 4.97091361836e-21, 6.69644024503e-21, 1.49305260461e-20, 5.18756498393e-20, 1.78378875384e-19, 4.36160963266e-19, 1.27995684259e-18, 9.03431879177e-19, 1.20764481684e-18, 8.7226185254e-19, 1.83892817403e-18, 2.8848598015e-18, 2.24823968179e-18, 4.77241564899e-18, 2.51093776868e-18, 4.46566150909e-18, 1.13948199108e-17, 8.47985942038e-18, 5.14683274941e-18, 4.06600795537e-18, 1.09957168458e-17, 1.00538153812e-17, 7.45191545572e-18, 1.32991096221e-17, 1.80161409796e-17, 2.11474546951e-17, 1.66900745047e-17, 1.99115194741e-17, 2.48836293443e-17, 1.28783170542e-17, 1.55486678298e-17, 1.85056896271e-17, 1.27776293213e-17, 8.93417430975e-18, 5.83174491405e-18, 3.3740699254e-18, 1.16787997005e-18, 3.3706948217e-19, 4.3654521451e-20],
        "var": [0.312882810831, 11.2314252853, 124.685562134, 358.359893799, 242.160079956, 946.187988281, 823.69934082, 1136.03100586, 2854.92382812, 3234.88867188, 1287.92712402, 11410.6904297, 14256.2607422, 18620.0097656, 15432.6425781, 1975.39233398, 3821.07788086, 2954.20996094, 812.097717285, 1007.91149902, 1718.31640625, 1632.41918945, 984.032775879, 673.320861816, 278.994049072, 264.079528809, 165.29145813, 195.488311768, 170.915237427, 205.576095581, 118.465316772, 70.3943710327, 50.7655181885, 24.1866970062, 6.57786130905, 0.597505450249, 0.0459378138185, 0.000931767630391, 1.19506319152e-06, 3.4738407706e-09]
    },
    "gfcc": {
        "mean": [-29.8397121429, 108.672645569, -105.542655945, 40.5962982178, -66.4752120972, 15.8603391647, -35.6426773071, 8.78156757355, -19.0589160919, -4.92842102051, -9.77158737183, -2.3585293293, -2.23681044579],
        "cov": [[7723.90576172, -2836.078125, 450.34375, 549.128356934, -396.634613037, 1007.21221924, -56.0272407532, 897.75567627, -176.464447021, 729.089538574, -215.980865479, 542.429321289, -153.614700317], [-2836.078125, 2905.06860352, -169.690597534, 14.871254921, 725.861328125, -571.352294922, 372.589691162, -462.583892822, 277.38684082, -406.723114014, 312.804595947, -329.835083008, 192.558044434], [450.34375, -169.690597534, 2125.49902344, 696.327087402, 124.812255859, 208.109588623, -324.393951416, 80.5080032349, -146.849014282, 158.611099243, -148.321517944, 145.023788452, -111.378349304], [549.128356934, 14.871254921, 696.327087402, 840.464599609, 112.062675476, 136.72718811, -69.1455993652, 8.63925552368, 48.3841438293, 17.09674263, 16.0078353882, 25.7188816071, 15.8649263382], [-396.634613037, 725.861328125, 124.812255859, 112.062675476, 571.805419922, -98.9888000488, 206.974121094, -61.5533027649, 88.464805603, -4.09733343124, 47.0496177673, -6.92039585114, 1.51593363285], [1007.21221924, -571.352294922, 208.109588623, 136.72718811, -98.9888000488, 483.377807617, 19.715631485, 156.546661377, -17.0524120331, 126.641876221, -8.29326725006, 61.4496994019, 11.5524339676], [-56.0272407532, 372.589691162, -324.393951416, -69.1455993652, 206.974121094, 19.715631485, 424.008544922, -18.7966156006, 109.741531372, 13.853521347, 79.5277938843, -13.5764217377, 21.487411499], [897.75567627, -462.583892822, 80.5080032349, 8.63925552368, -61.5533027649, 156.546661377, -18.7966156006, 280.440673828, -3.84653186798, 123.931159973, -22.7463302612, 100.146240234, -0.0509396865964], [-176.464447021, 277.38684082, -146.849014282, 48.3841438293, 88.464805603, -17.0524120331, 109.741531372, -3.84653186798, 224.898452759, -40.5785751343, 68.3476791382, -15.3077039719, 33.6261940002], [729.089538574, -406.723114014, 158.611099243, 17.09674263, -4.09733343124, 126.641876221, 13.853521347, 123.931159973, -40.5785751343, 229.438232422, -14.3787660599, 105.777740479, -39.1873626709], [-215.980865479, 312.804595947, -148.321517944, 16.0078353882, 47.0496177673, -8.29326725006, 79.5277938843, -22.7463302612, 68.3476791382, -14.3787660599, 188.618591309, -15.8433485031, 69.5283660889], [542.429321289, -329.835083008, 145.023788452, 25.7188816071, -6.92039585114, 61.4496994019, -13.5764217377, 100.146240234, -15.3077039719, 105.777740479, -15.8433485031, 180.835525513, -21.9434089661], [-153.614700317, 192.558044434, -111.378349304, 15.8649263382, 1.51593363285, 11.5524339676, 21.487411499, -0.0509396865964, 33.6261940002, -39.1873626709, 69.5283660889, -21.9434089661, 124.588485718]],
        "icov": [[0.000338182522682, 3.28554342559e-05, 0.000164399141795, -0.00031853132532, 7.38474700483e-05, -0.000294157653116, -5.12296246598e-05, -0.000581392261665, 0.000174992572283, -0.000386323343264, 0.000195408196305, -0.000331556220772, 0.000252506986726], [3.28554342559e-05, 0.00193618866615, -0.000658469332848, 0.000427236576797, -0.00148570747115, 0.00126623385586, -0.0008379057399, 0.000826621602755, -0.000640234036837, 0.0013367254287, -0.0017526576994, 0.00169906404335, -0.0016789205838], [0.000164399141795, -0.000658469332848, 0.00125734915491, -0.00095758785028, 0.000111643006676, -0.00085500482237, 0.000944718078244, -0.000487957731821, 0.000674122420605, -0.000915526179597, 0.000991931650788, -0.00110980996396, 0.00116222095676], [-0.00031853132532, 0.000427236576797, -0.00095758785028, 0.00229689967819, -0.000651369628031, 0.000126441431348, 5.23763665115e-05, 0.000965123181231, -0.00100401474629, 0.000890259863809, -0.00088065455202, 0.000768930069171, -0.00103614409454], [7.38474700483e-05, -0.00148570747115, 0.000111643006676, -0.000651369628031, 0.00388124049641, -0.000219631154323, -0.000945779262111, -0.000573786266614, 7.35820576665e-05, -0.00139814778231, 0.00132942816708, -0.00136440235656, 0.00126422289759], [-0.000294157653116, 0.00126623385586, -0.00085500482237, 0.000126441431348, -0.000219631154323, 0.00428991671652, -0.00137578160502, -9.969680832e-05, -0.000464629119961, 0.000156888389029, -0.00120369810611, 0.00185583392158, -0.00208468991332], [-5.12296246598e-05, -0.0008379057399, 0.000944718078244, 5.23763665115e-05, -0.000945779262111, -0.00137578160502, 0.00450056325644, 0.000148618317326, -0.000787286029663, -0.00123360694852, 0.000101241530501, -0.000657366530504, 0.00108487671241], [-0.000581392261665, 0.000826621602755, -0.000487957731821, 0.000965123181231, -0.000573786266614, -9.969680832e-05, 0.000148618317326, 0.00733101693913, -0.00148357183207, -0.000797632150352, -0.000234481703956, -0.00049792858772, -0.00236726808362], [0.000174992572283, -0.000640234036837, 0.000674122420605, -0.00100401474629, 7.35820576665e-05, -0.000464629119961, -0.000787286029663, -0.00148357183207, 0.00647350773215, 0.000727157341316, -0.000676101946738, -0.00100747821853, 0.000794526247773], [-0.000386323343264, 0.0013367254287, -0.000915526179597, 0.000890259863809, -0.00139814778231, 0.000156888389029, -0.00123360694852, -0.000797632150352, 0.000727157341316, 0.00958414003253, -0.00260467361659, -0.00122935452964, 0.000796106236521], [0.000195408196305, -0.0017526576994, 0.000991931650788, -0.00088065455202, 0.00132942816708, -0.00120369810611, 0.000101241530501, -0.000234481703956, -0.000676101946738, -0.00260467361659, 0.00955998059362, -0.00182697712444, -0.00226710643619], [-0.000331556220772, 0.00169906404335, -0.00110980996396, 0.000768930069171, -0.00136440235656, 0.00185583392158, -0.000657366530504, -0.00049792858772, -0.00100747821853, -0.00122935452964, -0.00182697712444, 0.0102444747463, -0.00145801261533], [0.000252506986726, -0.0016789205838, 0.00116222095676, -0.00103614409454, 0.00126422289759, -0.00208468991332, 0.00108487671241, -0.00236726808362, 0.000794526247773, 0.000796106236521, -0.00226710643619, -0.00145801261533, 0.0131377540529]]
    },
    "melbands": {
        "dmean": [0.00163156958297, 0.00160177634098, 0.0011593241943, 0.000588411348872, 0.000386794097722, 0.000240628665779, 0.000214092404349, 0.000188251317013, 0.000121342251077, 0.000160945099196, 0.00011230247037, 0.000126761457068, 9.48366941884e-05, 2.77067028946e-05, 2.17214546865e-05, 2.22021753871e-05, 2.10660164157e-05, 1.06649722511e-05, 1.12319175969e-05, 1.09071479528e-05, 1.22281917356e-05, 9.06468085304e-06, 6.69664041197e-06, 5.85795305597e-06, 5.84545796301e-06, 4.37951348431e-06, 2.5051231205e-06, 2.72156285064e-06, 2.56906014329e-06, 2.15832301365e-06, 2.40750432567e-06, 1.9235635591e-06, 1.91636445379e-06, 1.88884644103e-06, 1.73798616743e-06, 1.62462970366e-06, 1.29921875214e-06, 1.16424928365e-06, 9.12162931854e-07, 7.5874089589e-07],
        "dmean2": [0.00277826655656, 0.00244865287095, 0.00209083571099, 0.000996503862552, 0.000648395973258, 0.00040629261639, 0.000349230627762, 0.000309867755277, 0.000205649834243, 0.000272676697932, 0.000189240570762, 0.000201741611818, 0.000146487931488, 4.50620937045e-05, 3.57064163836e-05, 3.65326231986e-05, 3.42661078321e-05, 1.75229561137e-05, 1.85948319995e-05, 1.77737711056e-05, 1.93795876839e-05, 1.43598290379e-05, 1.03001711977e-05, 9.33309274842e-06, 9.27790551941e-06, 7.06492983227e-06, 3.89333399653e-06, 4.34202183897e-06, 4.14889836975e-06, 3.41043846674e-06, 3.73155535272e-06, 2.99389489555e-06, 2.86974204755e-06, 2.7910668905e-06, 2.66334768639e-06, 2.57048327512e-06, 1.99037481252e-06, 1.77249103217e-06, 1.34080323733e-06, 1.06474044514e-06],
        "dvar": [1.041282394e-05, 1.82434123417e-05, 1.41432828968e-05, 1.52627887928e-06, 6.08428138094e-07, 3.48867331468e-07, 3.02809297636e-07, 2.50671661206e-07, 8.88068569793e-08, 2.5069650178e-07, 1.53974966111e-07, 1.50769267293e-07, 8.16472081056e-08, 7.9886053328e-09, 3.85416010218e-09, 4.08166833665e-09, 5.99557115066e-09, 1.01768016236e-09, 9.70193259064e-10, 9.88514603506e-10, 1.26099319875e-09, 8.45167824615e-10, 4.76867934029e-10, 2.70832495319e-10, 2.21683463253e-10, 1.08188416559e-10, 2.903379967e-11, 4.97286621604e-11, 4.4712743924e-11, 3.59393417804e-11, 4.59128325636e-11, 2.75165133734e-11, 2.40422282777e-11, 2.56784420116e-11, 1.97887470299e-11, 2.23095014684e-11, 1.15722058672e-11, 1.22615719661e-11, 6.23626410928e-12, 5.37196849504e-12],
        "dvar2": [3.11646908813e-05, 3.96899849875e-05, 4.01939869334e-05, 4.16457487518e-06, 1.53615337695e-06, 9.17351371754e-07, 7.50933054405e-07, 6.13679048911e-07, 2.3085402745e-07, 6.86768260039e-07, 4.43715521214e-07, 3.68202961454e-07, 1.89604250522e-07, 2.07894501614e-08, 1.03602095791e-08, 1.05680983964e-08, 1.42795499869e-08, 2.51170240162e-09, 2.44154119144e-09, 2.42722997257e-09, 2.91270385588e-09, 1.90763049801e-09, 1.04137454215e-09, 6.57266907567e-10, 5.07440089947e-10, 2.76437039926e-10, 6.49771417227e-11, 1.16318878141e-10, 1.18611773181e-10, 8.9676960302e-11, 1.05784929427e-10, 5.99287564018e-11, 4.6948316762e-11, 5.12112054152e-11, 4.31347874086e-11, 5.50533577059e-11, 2.59054999674e-11, 2.71656638157e-11, 1.26167080255e-11, 9.87862135843e-12],
        "max": [0.0486923605204, 0.0430469736457, 0.0380776636302, 0.015031080693, 0.0123095987365, 0.0113849667832, 0.0111518437043, 0.00835293997079, 0.00354755693115, 0.0093844877556, 0.00980592705309, 0.00773556949571, 0.00549272075295, 0.00268176058307, 0.00179505615961, 0.00214997166768, 0.00227157329209, 0.00105048005935, 0.000687780906446, 0.000856206810568, 0.000954377814196, 0.000965510145761, 0.000721843447536, 0.00079369766172, 0.000382402067771, 0.000248485535849, 0.000183922777069, 0.00016976846382, 0.000192260849872, 0.000251199613558, 0.000178944756044, 0.000159013361554, 0.000135016482091, 0.000122264915262, 0.000134734131279, 0.000116024610179, 0.00010962732631, 9.02575484361e-05, 5.74557489017e-05, 7.0694135502e-05],
        "mean": [0.00321838748641, 0.00260859820992, 0.00129224779084, 0.000976233801339, 0.000639144913293, 0.000362380349543, 0.000348310655681, 0.000239031331148, 0.000155472371262, 0.000233250539168, 0.000186518838746, 0.00020950914768, 0.000172955740709, 4.76543500554e-05, 3.95800889237e-05, 3.79758057534e-05, 3.46227279806e-05, 1.77566817001e-05, 1.76695211849e-05, 1.86430443136e-05, 2.10138950933e-05, 1.58860148076e-05, 1.30995176733e-05, 1.04341479528e-05, 1.01399418782e-05, 7.378126611e-06, 4.73587397209e-06, 4.73563568448e-06, 4.06109529649e-06, 3.5412804209e-06, 3.70497286895e-06, 3.13738291879e-06, 3.18254410558e-06, 3.10227960654e-06, 2.71094313575e-06, 2.40232975557e-06, 2.15899308387e-06, 1.76295384335e-06, 1.46425577441e-06, 1.31792739921e-06],
        "median": [0.00158864760306, 0.000868585659191, 0.000503777235281, 0.000398599077016, 0.000263006251771, 0.00012144917855, 8.87077985681e-05, 6.79363001836e-05, 4.12483423133e-05, 3.85908315366e-05, 2.46641175181e-05, 2.26047523029e-05, 2.82337186945e-05, 7.94957304606e-06, 5.52715437152e-06, 5.26946450918e-06, 4.13332691096e-06, 3.03060369333e-06, 3.60966191693e-06, 3.46696651832e-06, 3.39837492902e-06, 2.34493154494e-06, 2.15410500459e-06, 2.36684718402e-06, 2.64167260866e-06, 2.35665174841e-06, 1.55905274823e-06, 1.19160006307e-06, 1.10015207611e-06, 1.07587788989e-06, 1.06015033907e-06, 9.04822059056e-07, 7.2884211022e-07, 5.97496011778e-07, 6.37465632281e-07, 6.22255129201e-07, 4.17774202788e-07, 2.70236967026e-07, 2.7123013524e-07, 2.10460171957e-07],
        "min": [4.93936578334e-24, 5.08413753667e-24, 3.65523670258e-24, 7.58450159553e-24, 1.46090902309e-23, 2.81589579917e-23, 1.20352303681e-23, 1.5619340216e-23, 5.99678255083e-24, 1.18400220039e-23, 1.46877806839e-23, 9.1355472856e-24, 1.33083690387e-23, 9.83809260829e-24, 6.97005625873e-24, 1.14039262849e-23, 2.1202433853e-23, 1.29172431244e-23, 8.86479917887e-24, 4.75656935666e-24, 4.76668886435e-24, 1.03801781008e-23, 1.20688705525e-23, 7.97910480867e-24, 5.19796858757e-24, 7.59723223281e-24, 1.33560004602e-23, 1.1302708331e-23, 1.41414992402e-23, 1.01375410525e-23, 9.6716185026e-24, 9.74544089497e-24, 1.41295969069e-23, 1.39387604099e-23, 7.20498455833e-24, 7.28018666842e-24, 9.9625433047e-24, 1.28989092081e-23, 1.11842616549e-23, 1.07243928237e-23],
        "var": [1.95341344806e-05, 2.38889697357e-05, 9.34928812057e-06, 2.24823270401e-06, 1.11343365461e-06, 6.09209166669e-07, 6.57440068608e-07, 3.11281439735e-07, 1.19230406881e-07, 4.79712412016e-07, 3.64474232128e-07, 3.2220108892e-07, 2.63658535005e-07, 1.77235310872e-08, 1.28298411894e-08, 1.19102718799e-08, 1.18530421034e-08, 2.20310347743e-09, 1.73148895222e-09, 2.02309657915e-09, 3.1588256455e-09, 2.28114549472e-09, 1.88931315037e-09, 9.0958374166e-10, 5.12870301783e-10, 2.17285606174e-10, 8.22809320677e-11, 1.26720120508e-10, 8.6982858416e-11, 7.3175458748e-11, 7.82506073826e-11, 5.70317439108e-11, 6.43888900531e-11, 6.73759034675e-11, 4.44133306521e-11, 3.2393206173e-11, 2.84359636532e-11, 2.98068097981e-11, 1.75898982879e-11, 1.84714396556e-11]
    },
    "mfcc": {
        "mean": [-669.498535156, 125.934509277, 21.3570690155, 23.5659751892, 2.72864866257, 3.36971068382, -1.32073521614, 7.54527521133, -0.683502495289, 0.966013848782, -2.66634082794, -2.23154354095, -1.42587590218],
        "cov": [[6487.28173828, -1909.59887695, -304.828369141, -73.3074798584, -269.372009277, 138.201568604, 255.02293396, 259.37878418, 338.022827148, 215.496444702, 115.747764587, 341.509399414, 279.484558105], [-1909.59887695, 1900.42871094, -172.224960327, 234.668838501, 202.688354492, 26.0115470886, 81.6284255981, 0.695760846138, -54.3607292175, -9.37643623352, 25.0154018402, -50.4795684814, -49.7944602966], [-304.828369141, -172.224960327, 1617.57165527, 474.922821045, 451.850067139, 177.514755249, -19.2871608734, -30.6231575012, -40.1220207214, -58.319732666, 6.50133371353, -49.1196517944, 2.43685293198], [-73.3074798584, 234.668838501, 474.922821045, 711.608398438, 327.963104248, 131.435287476, 29.7972640991, 33.1237640381, 4.262134552, -24.1382331848, 33.3481025696, 27.1288909912, 21.2682781219], [-269.372009277, 202.688354492, 451.850067139, 327.963104248, 429.180206299, 100.238426208, -3.24022197723, 16.1774253845, 5.73987436295, -20.6647777557, 3.48030519485, 3.66271281242, -1.59628999233], [138.201568604, 26.0115470886, 177.514755249, 131.435287476, 100.238426208, 300.650177002, 113.731178284, 53.5912666321, 36.0109329224, 72.9229202271, 26.9497737885, 22.2996845245, 32.7911529541], [255.02293396, 81.6284255981, -19.2871608734, 29.7972640991, -3.24022197723, 113.731178284, 239.638687134, 35.966293335, 27.7070789337, 66.78465271, 27.9810676575, 16.8230876923, 36.4248313904], [259.37878418, 0.695760846138, -30.6231575012, 33.1237640381, 16.1774253845, 53.5912666321, 35.966293335, 166.534912109, 70.5798950195, 39.0636100769, 33.5036621094, 31.9811172485, 25.9198436737], [338.022827148, -54.3607292175, -40.1220207214, 4.262134552, 5.73987436295, 36.0109329224, 27.7070789337, 70.5798950195, 137.285995483, 52.064453125, 26.4617824554, 25.4939193726, 16.4391860962], [215.496444702, -9.37643623352, -58.319732666, -24.1382331848, -20.6647777557, 72.9229202271, 66.78465271, 39.0636100769, 52.064453125, 145.592102051, 34.5623321533, 12.9817905426, 5.14496612549], [115.747764587, 25.0154018402, 6.50133371353, 33.3481025696, 3.48030519485, 26.9497737885, 27.9810676575, 33.5036621094, 26.4617824554, 34.5623321533, 106.354354858, 30.9827442169, 21.1578464508], [341.509399414, -50.4795684814, -49.1196517944, 27.1288909912, 3.66271281242, 22.2996845245, 16.8230876923, 31.9811172485, 25.4939193726, 12.9817905426, 30.9827442169, 139.766403198, 63.0317802429], [279.484558105, -49.7944602966, 2.43685293198, 21.2682781219, -1.59628999233, 32.7911529541, 36.4248313904, 25.9198436737, 16.4391860962, 5.14496612549, 21.1578464508, 63.0317802429, 119.218574524]],
