{
"lowlevel": {
    "average_loudness": 0.83127695322,
    "barkbands_crest": {
        "dmean": 2.5365562439,
        "dmean2": 4.04351949692,
        "dvar": 5.74556016922,
        "dvar2": 13.8253202438,
        "max": 26.8918418884,
        "mean": 12.3352985382,
        "median": 11.2472171783,
        "min": 2.98440170288,
        "var": 26.4334449768
    },
    "barkbands_flatness_db": {
        "dmean": 0.0237559247762,
        "dmean2": 0.0355520546436,
        "dvar": 0.000550544529688,
        "dvar2": 0.00111986603588,
        "max": 0.659959793091,
        "mean": 0.230673134327,
        "median": 0.205290317535,
        "min": 0.0580074973404,
        "var": 0.00960913393646
    },
    "barkbands_kurtosis": {
        "dmean": 5.19362592697,
        "dmean2": 8.1606836319,
        "dvar": 189.41293335,
        "dvar2": 460.777923584,
        "max": 802.092346191,
        "mean": 10.6512851715,
        "median": 4.22133159637,
        "min": -1.89818704128,
        "var": 820.295593262
    },
    "barkbands_skewness": {
        "dmean": 0.574138402939,
        "dmean2": 0.8669962883,
        "dvar": 0.491258710623,
        "dvar2": 1.03402173519,
        "max": 24.9076957703,
        "mean": 1.94949281216,
        "median": 1.6090426445,
        "min": -2.94962692261,
        "var": 3.02514719963
    },
    "barkbands_spread": {
        "dmean": 3.70454311371,
        "dmean2": 5.44060707092,
        "dvar": 52.6715393066,
        "dvar2": 84.0620956421,
        "max": 96.8840942383,
        "mean": 13.3563156128,
        "median": 9.12196063995,
        "min": 0.0692081972957,
        "var": 210.049713135
    },
    "dissonance": {
        "dmean": 0.0304484032094,
        "dmean2": 0.0507575124502,
        "dvar": 0.000854010810144,
        "dvar2": 0.00228131189942,
        "max": 0.5,
        "mean": 0.421990096569,
        "median": 0.437772065401,
        "min": 0.0737561956048,
        "var": 0.0039473050274
    },
    "dynamic_complexity": 2.945571661,
    "erbbands_crest": {
        "dmean": 2.86882400513,
        "dmean2": 4.64318275452,
        "dvar": 7.08036136627,
        "dvar2": 17.313621521,
        "max": 31.3475093842,
        "mean": 12.0605602264,
        "median": 11.1661529541,
        "min": 2.68536973,
        "var": 25.219417572
    },
    "erbbands_flatness_db": {
        "dmean": 0.0196178611368,
        "dmean2": 0.028169831261,
        "dvar": 0.000412948138546,
        "dvar2": 0.000719950709026,
        "max": 0.56253361702,
        "mean": 0.243894293904,
        "median": 0.231901079416,
        "min": 0.0718336477876,
        "var": 0.00672359252349
    },
    "erbbands_kurtosis": {
        "dmean": 1.64151823521,
        "dmean2": 2.59836626053,
        "dvar": 6.6808681488,
        "dvar2": 15.8504571915,
        "max": 86.9411010742,
        "mean": 2.72588133812,
        "median": 1.39601778984,
        "min": -1.80733060837,
        "var": 27.5910339355
    },
    "erbbands_skewness": {
        "dmean": 0.417178481817,
        "dmean2": 0.62431281805,
        "dvar": 0.194842681289,
        "dvar2": 0.382953226566,
        "max": 7.54307460785,
        "mean": 1.08135318756,
        "median": 1.04721570015,
        "min": -3.29094862938,
        "var": 0.978115081787
    },
    "erbbands_spread": {
        "dmean": 6.40635251999,
        "dmean2": 9.86144733429,
        "dvar": 103.889015198,
        "dvar2": 221.698455811,
        "max": 122.585418701,
        "mean": 27.7289924622,
        "median": 21.0329685211,
        "min": 1.01914060116,
        "var": 435.379150391
    },
    "hfc": {
        "dmean": 4.76785135269,
        "dmean2": 7.25894546509,
        "dvar": 55.3330497742,
        "dvar2": 111.193954468,
        "max": 142.174682617,
        "mean": 19.90284729,
        "median": 17.6684875488,
        "min": 1.23633498081e-16,
        "var": 260.654693604
    },
    "melbands_crest": {
        "dmean": 2.90262460709,
        "dmean2": 4.61738491058,
        "dvar": 7.45064878464,
        "dvar2": 18.0463638306,
        "max": 38.6560173035,
        "mean": 15.0167255402,
        "median": 13.8004894257,
        "min": 2.45023226738,
        "var": 34.6965560913
    },
    "melbands_flatness_db": {
        "dmean": 0.0269412752241,
        "dmean2": 0.0387664064765,
        "dvar": 0.000781669805292,
        "dvar2": 0.00147812440991,
        "max": 0.812817037106,
        "mean": 0.285776108503,
        "median": 0.248713284731,
        "min": 0.00446700723842,
        "var": 0.0164407175034
    },
    "melbands_kurtosis": {
        "dmean": 7.1340842247,
        "dmean2": 11.1260890961,
        "dvar": 200.845733643,
        "dvar2": 473.036682129,
        "max": 525.227355957,
        "mean": 15.4763469696,
        "median": 7.71284770966,
        "min": -1.80844056606,
        "var": 683.727905273
    },
    "melbands_skewness": {
        "dmean": 0.635702192783,
        "dmean2": 0.96665763855,
        "dvar": 0.531453073025,
        "dvar2": 1.17481482029,
        "max": 20.8951435089,
        "mean": 2.42299890518,
        "median": 2.06122255325,
        "min": -0.892053067684,
        "var": 3.12435173988
    },
    "melbands_spread": {
        "dmean": 4.46399736404,
        "dmean2": 6.40080881119,
        "dvar": 85.6436691284,
        "dvar2": 136.356445312,
        "max": 198.755355835,
        "mean": 15.0986251831,
        "median": 10.6125354767,
        "min": 0.288835972548,
        "var": 301.710205078
    },
    "pitch_salience": {
        "dmean": 0.0640064552426,
        "dmean2": 0.102919705212,
        "dvar": 0.00366061273962,
        "dvar2": 0.00878391601145,
        "max": 0.909354507923,
        "mean": 0.543989002705,
        "median": 0.558488726616,
        "min": 0.0337443202734,
        "var": 0.0195826664567
    },
    "silence_rate_20dB": {
        "dmean": 0,
        "dmean2": 0,
        "dvar": 0,
        "dvar2": 0,
        "max": 1,
        "mean": 1,
        "median": 1,
        "min": 1,
        "var": 0
    },
    "silence_rate_30dB": {
        "dmean": 0.00730727054179,
        "dmean2": 0.0146163217723,
        "dvar": 0.00725388620049,
        "dvar2": 0.0173259116709,
        "max": 1,
        "mean": 0.992206513882,
        "median": 1,
        "min": 0,
        "var": 0.00773301767185
    },
    "silence_rate_60dB": {
        "dmean": 0.00742905866355,
        "dmean2": 0.0148599268869,
        "dvar": 0.00737247429788,
        "dvar2": 0.0173188969493,
        "max": 1,
        "mean": 0.0373843163252,
        "median": 0,
        "min": 0,
        "var": 0.0359910093248
    },
    "spectral_centroid": {
        "dmean": 172.044250488,
        "dmean2": 248.461196899,
        "dvar": 90754.1328125,
        "dvar2": 140156.390625,
        "max": 10972.5644531,
        "mean": 894.774963379,
        "median": 715.279052734,
        "min": 213.554840088,
        "var": 410711.125
    },
    "spectral_complexity": {
        "dmean": 2.24308848381,
        "dmean2": 3.60852622986,
        "dvar": 5.68261814117,
        "dvar2": 12.5457820892,
        "max": 50,
        "mean": 14.7893323898,
        "median": 14,
        "min": 0,
        "var": 59.9222640991
    },
    "spectral_decrease": {
        "dmean": 2.05464223413e-09,
        "dmean2": 3.27431104452e-09,
        "dvar": 7.33368818512e-18,
        "dvar2": 1.85964511927e-17,
        "max": -6.1915927336e-29,
        "mean": -8.18868173269e-09,
        "median": -8.16015433003e-09,
        "min": -4.84083884089e-08,
        "var": 2.99641842471e-17
    },
    "spectral_energy": {
        "dmean": 0.00802394468337,
        "dmean2": 0.0128230536357,
        "dvar": 0.000108799897134,
        "dvar2": 0.00027805796708,
        "max": 0.189583688974,
        "mean": 0.0327113196254,
        "median": 0.0328098386526,
        "min": 1.14476206846e-20,
        "var": 0.00045796087943
    },
    "spectral_energyband_high": {
        "dmean": 0.000320805324009,
        "dmean2": 0.000443715311121,
        "dvar": 9.49514685544e-07,
        "dvar2": 1.5735378156e-06,
        "max": 0.018207449466,
        "mean": 0.000729108171072,
        "median": 0.000196546432562,
        "min": 8.59199530063e-21,
        "var": 2.89333502224e-06
    },
    "spectral_energyband_low": {
        "dmean": 0.00207639369182,
        "dmean2": 0.00322768255137,
        "dvar": 4.27726226917e-05,
        "dvar2": 0.00010613125778,
        "max": 0.160453498363,
        "mean": 0.00600024498999,
        "median": 0.00177730701398,
        "min": 1.32078489112e-22,
        "var": 0.000160138515639
    },
    "spectral_energyband_middle_high": {
        "dmean": 0.00145725056063,
        "dmean2": 0.00217261794023,
        "dvar": 7.17591319699e-06,
        "dvar2": 1.79765338544e-05,
        "max": 0.0622857548296,
        "mean": 0.00455175619572,
        "median": 0.00208409316838,
        "min": 1.43358023707e-21,
        "var": 3.95414244849e-05
    },
    "spectral_energyband_middle_low": {
        "dmean": 0.00675727333874,
        "dmean2": 0.0108279939741,
        "dvar": 7.20363314031e-05,
        "dvar2": 0.000177124180482,
        "max": 0.142870754004,
        "mean": 0.0219884738326,
        "median": 0.0200556591153,
        "min": 3.443320296e-22,
        "var": 0.000233846265473
    },
    "spectral_entropy": {
        "dmean": 0.184029042721,
        "dmean2": 0.272750228643,
        "dvar": 0.0454348288476,
        "dvar2": 0.0759471058846,
        "max": 9.79627895355,
        "mean": 6.85491037369,
        "median": 7.02850437164,
        "min": 3.38186979294,
        "var": 0.779327630997
    },
    "spectral_flux": {
        "dmean": 0.0238223150373,
        "dmean2": 0.038626536727,
        "dvar": 0.000673673348501,
        "dvar2": 0.00162610586267,
        "max": 0.344168275595,
        "mean": 0.0794285982847,
        "median": 0.0713888704777,
        "min": 1.06993552906e-10,
        "var": 0.00210869312286
    },
    "spectral_kurtosis": {
        "dmean": 9.74321937561,
        "dmean2": 16.5328941345,
        "dvar": 942.635070801,
        "dvar2": 2857.43652344,
        "max": 917.408447266,
        "mean": 23.7360858917,
        "median": 4.98992013931,
        "min": -1.1417798996,
        "var": 3936.18896484
    },
    "spectral_rms": {
        "dmean": 0.000665647268761,
        "dmean2": 0.00105472141877,
        "dvar": 5.01608440118e-07,
        "dvar2": 1.19297681067e-06,
        "max": 0.0135999890044,
        "mean": 0.0052924817428,
        "median": 0.00565770221874,
        "min": 3.34191723773e-12,
        "var": 3.90306831832e-06
    },
    "spectral_rolloff": {
        "dmean": 305.591400146,
        "dmean2": 504.08392334,
        "dvar": 718840.9375,
        "dvar2": 1250378,
        "max": 18626.2207031,
        "mean": 1052.16589355,
        "median": 624.462890625,
        "min": 43.06640625,
        "var": 1819648.75
    },
    "spectral_skewness": {
        "dmean": 0.545988678932,
        "dmean2": 0.893216967583,
        "dvar": 0.821224033833,
        "dvar2": 2.25774669647,
        "max": 24.0444393158,
        "mean": 2.64174008369,
        "median": 1.78829312325,
        "min": -0.156498476863,
        "var": 7.69560337067
    },
    "spectral_spread": {
        "dmean": 488748.34375,
        "dmean2": 713661.375,
        "dvar": 517649661952,
        "dvar2": 739741990912,
        "max": 39149160,
        "mean": 3524885.75,
        "median": 3431443,
        "min": 145385.515625,
        "var": 3.22066972672e+12
    },
    "spectral_strongpeak": {
        "dmean": 0.551615059376,
        "dmean2": 0.903904676437,
        "dvar": 0.620087325573,
        "dvar2": 1.5459651947,
        "max": 9.963139534,
        "mean": 1.40275287628,
        "median": 1.10341954231,
        "min": 0,
        "var": 1.50618422031
    },
    "zerocrossingrate": {
        "dmean": 0.00764979887754,
        "dmean2": 0.00833741761744,
        "dvar": 0.000203859381145,
        "dvar2": 0.000173574968358,
        "max": 0.505859375,
        "mean": 0.0423822402954,
        "median": 0.03369140625,
        "min": 0.00146484375,
        "var": 0.00131199334282
    },
    "barkbands": {
        "dmean": [0.000208773359191, 0.00152691442054, 0.000544921378605, 0.000781442853622, 0.00369594432414, 0.0018696282059, 0.000931953312829, 0.00131045514718, 0.00169210718013, 0.000696041097399, 0.000526709598489, 0.000414333597291, 0.000287996983388, 0.000279891246464, 0.000138339019031, 0.000111570501758, 9.8669770523e-05, 7.54405264161e-05, 6.92827088642e-05, 0.000108028754767, 6.92563844495e-05, 0.000103474754724, 7.85454758443e-05, 5.60955268156e-05, 2.63150050159e-05, 4.11158225688e-06, 2.95350055524e-08],
        "dmean2": [0.000323456362821, 0.00223769131117, 0.000922178849578, 0.00131407065783, 0.00582573842257, 0.00289317616262, 0.0014652806567, 0.00208104588091, 0.00269783078693, 0.00111767195631, 0.000825580966193, 0.000634545460343, 0.000456498906715, 0.000431020220276, 0.000219080131501, 0.000174841014086, 0.000156096924911, 0.000121006225527, 0.000109781532956, 0.000169285689481, 0.000104650243884, 0.000151063606609, 0.0001114465922, 7.79131514719e-05, 3.6948145862e-05, 5.50175764147e-06, 5.04127406487e-08],
        "dvar": [6.00900762038e-07, 3.01271193166e-05, 5.36910829396e-06, 7.63772641221e-06, 3.67741558875e-05, 1.48275994434e-05, 3.51394123754e-06, 8.25982806418e-06, 1.35625368785e-05, 4.49452227258e-06, 1.71835608853e-06, 1.49505899572e-06, 7.44035446587e-07, 6.98436849689e-07, 2.20267338591e-07, 1.52670821763e-07, 5.89522954897e-08, 3.33124283713e-08, 2.55524277293e-08, 7.16306232107e-08, 4.10579197307e-08, 1.0460055222e-07, 8.20739884944e-08, 6.39453290319e-08, 1.01338164527e-08, 2.68154942695e-10, 8.22429892743e-14],
        "dvar2": [1.23583743061e-06, 6.24224703643e-05, 1.51701624418e-05, 2.11880451388e-05, 8.68352799444e-05, 3.26555236825e-05, 8.42483950692e-06, 1.96593719011e-05, 3.62775499525e-05, 1.21691873574e-05, 4.07387051382e-06, 3.48495677827e-06, 1.67569533005e-06, 1.39527071497e-06, 4.86491842366e-07, 2.76421502576e-07, 1.36402292128e-07, 8.19761538651e-08, 6.08772694477e-08, 1.71472535726e-07, 8.73105818755e-08, 2.08720337014e-07, 1.50273024246e-07, 1.17644042064e-07, 1.95297875649e-08, 4.24137808208e-10, 1.82350933398e-13],
        "max": [0.0539299733937, 0.118631288409, 0.0556377395988, 0.0796489939094, 0.0886179506779, 0.0660155564547, 0.0440822020173, 0.0634224414825, 0.073899962008, 0.0460210032761, 0.0254768673331, 0.0292711760849, 0.018990572542, 0.0208044312894, 0.0138379139826, 0.0164171401411, 0.00829336047173, 0.00515850353986, 0.00538378814235, 0.0093821939081, 0.00538457650691, 0.00764912459999, 0.00613199174404, 0.00720414798707, 0.00242884946056, 0.000502885610331, 1.54098379426e-05],
        "mean": [0.000542605994269, 0.00403388682753, 0.00103395082988, 0.00113447383046, 0.0083228610456, 0.00446806568652, 0.00178773514926, 0.00235398393124, 0.00354473269545, 0.00119323318359, 0.000909482419956, 0.000719227013178, 0.000451889965916, 0.000456287176348, 0.000228432894801, 0.000204818570637, 0.000190682490938, 0.000143657423905, 0.000141042750329, 0.000251741701504, 0.00012989489187, 0.000194546708371, 0.000136712609674, 8.89247457962e-05, 4.23031597165e-05, 6.06406365478e-06, 2.48074663034e-08],
        "median": [2.74294743576e-05, 0.000659409561194, 0.00037372065708, 0.000527057854924, 0.00365922320634, 0.00130479049403, 0.000849335221574, 0.000770676240791, 0.000852603639942, 0.000198813650059, 0.000210797486943, 0.000150946943904, 8.81462037796e-05, 8.18667176645e-05, 6.94486298016e-05, 5.14051171194e-05, 5.38169479114e-05, 4.65703196824e-05, 4.01911092922e-05, 4.64562981506e-05, 2.72785728157e-05, 4.73088730359e-05, 2.33299288084e-05, 1.16440005513e-05, 4.36590471509e-06, 2.85362000696e-09, 7.20447701497e-10],
        "min": [2.48798052037e-24, 7.58929881646e-23, 2.15667597957e-23, 4.03199020225e-23, 5.69507780669e-23, 5.82113146846e-23, 5.97786109093e-23, 6.05162210992e-23, 5.70385435758e-23, 4.9673940113e-23, 7.25939907917e-23, 6.73327618704e-23, 8.82032572539e-23, 7.94610817696e-23, 6.22095141877e-23, 1.71446510545e-22, 1.70202697779e-22, 2.95783585739e-22, 2.35866406679e-22, 3.07818144787e-22, 7.85736309217e-22, 5.29183394761e-22, 8.22653081072e-22, 1.15257722888e-21, 1.06976879572e-21, 1.93472274423e-21, 2.22232875801e-21],
        "var": [5.02021339344e-06, 0.000102167723526, 5.52132723897e-06, 6.52980497762e-06, 0.000119820768305, 7.08706938894e-05, 7.40681434763e-06, 1.91662584257e-05, 3.98112497351e-05, 1.03749862319e-05, 4.41295151177e-06, 3.27103430209e-06, 1.48322692439e-06, 1.64467019204e-06, 4.11087285102e-07, 4.46297576673e-07, 1.44369565191e-07, 6.57134933135e-08, 8.33905389186e-08, 3.52803056103e-07, 1.02771110733e-07, 2.58433033196e-07, 1.97087231868e-07, 1.20719136021e-07, 2.10645296761e-08, 6.75550115847e-10, 8.50067154797e-14]
    },
    "erbbands": {
        "dmean": [0.0668593794107, 0.283101975918, 0.604521155357, 1.52535164356, 5.73852062225, 16.0997219086, 19.8018417358, 13.1111078262, 7.42287731171, 23.5245056152, 33.5343818665, 35.2540473938, 29.519411087, 20.0650272369, 15.564494133, 14.8067245483, 11.1340265274, 14.7595825195, 7.00592708588, 5.92284202576, 6.46785116196, 5.40525197983, 4.48320293427, 2.37638568878, 4.49667263031, 4.81812524796, 2.81066894531, 3.25797843933, 3.68673324585, 2.97300648689, 2.23247313499, 1.42127585411, 0.803884506226, 0.371080309153, 0.157390579581, 0.0320741534233, 0.00575558049604, 0.000428319588536, 1.35932132252e-05, 9.41459438764e-06],
        "dmean2": [0.0960920974612, 0.43526878953, 1.02998101711, 2.55845284462, 9.48730278015, 25.1605415344, 30.6272945404, 20.2581558228, 11.5314798355, 36.7287521362, 52.8838119507, 56.2617416382, 46.4413757324, 31.7360687256, 24.5058460236, 22.4431266785, 17.4756660461, 22.5582542419, 10.9199466705, 9.40303325653, 10.0019760132, 8.4591255188, 7.07829236984, 3.73742675781, 6.93647909164, 7.4067606926, 4.26280021667, 4.86114168167, 5.42476797104, 4.28969955444, 3.10481834412, 1.96553087234, 1.15264415741, 0.530090928078, 0.222975194454, 0.0428484119475, 0.00776831107214, 0.000588630442508, 1.87464174815e-05, 1.50261803356e-05],
        "dvar": [0.0600888356566, 1.07626879215, 6.96035146713, 28.7539978027, 165.754165649, 911.527648926, 1390.43225098, 1137.29125977, 302.602264404, 2185.12182617, 5159.20068359, 7517.20263672, 7079.171875, 2726.70336914, 1615.50878906, 2137.91772461, 884.160461426, 2052.80078125, 410.139251709, 407.91998291, 514.833618164, 144.40007019, 113.192993164, 26.109664917, 117.175483704, 157.326782227, 57.2952308655, 104.781608582, 127.608177185, 93.1549758911, 78.9998016357, 41.9403915405, 12.9666576385, 2.03755736351, 0.399572312832, 0.0158102754503, 0.00054240017198, 3.88807711715e-06, 2.05496331063e-09, 1.44199194252e-10],
        "dvar2": [0.113032154739, 2.44273996353, 19.7132148743, 78.6873397827, 437.693237305, 2126.23901367, 3097.63256836, 2596.47094727, 713.939025879, 5156.93994141, 12420.4101562, 20695.5957031, 18857.6601562, 7209.20410156, 3990.96142578, 4864.64746094, 2053.69921875, 4012.20556641, 888.76739502, 949.345947266, 893.501159668, 321.731018066, 267.061584473, 66.1597824097, 266.391937256, 368.536651611, 127.260307312, 217.094955444, 264.397399902, 175.592971802, 150.541229248, 78.980178833, 25.9816398621, 3.97569227219, 0.794985890388, 0.025508698076, 0.000873290759046, 6.65784364173e-06, 3.28888383194e-09, 3.64736629788e-10],
        "max": [7.94137096405, 23.1504230499, 56.2310371399, 130.459091187, 294.737121582, 411.623382568, 630.889160156, 700.954284668, 402.905761719, 1189.11291504, 1564.72094727, 1994.66137695, 1770.04846191, 1300.0513916, 786.231445312, 1248.82226562, 597.181884766, 1219.21875, 479.040649414, 643.126953125, 1044.08728027, 288.103546143, 310.374359131, 93.5539016724, 395.313018799, 587.824768066, 191.60824585, 285.846221924, 274.04486084, 275.345214844, 206.014190674, 184.637268066, 106.514671326, 35.8267555237, 14.8767728806, 3.91407823563, 0.65877622366, 0.07773771137, 0.00159158557653, 0.000219417110202],
        "mean": [0.172979459167, 0.672873914242, 1.23898923397, 2.55737447739, 10.5341510773, 34.8558731079, 45.7131690979, 29.0461139679, 15.9972887039, 45.0850753784, 66.8965072632, 69.0432052612, 54.7140579224, 40.3318519592, 29.2002429962, 26.8188819885, 20.8736953735, 26.6394195557, 13.2996807098, 10.6288480759, 12.5966539383, 11.5854215622, 9.19879627228, 5.66890144348, 9.77259349823, 11.307677269, 6.24024057388, 6.02375745773, 6.9219660759, 5.50717926025, 3.70122003555, 2.25138735771, 1.22642815113, 0.591514706612, 0.238143980503, 0.0491054877639, 0.00837644655257, 0.000563472684007, 3.31777810061e-05, 3.97042094846e-05],
        "median": [0.0219858512282, 0.122868791223, 0.42505761981, 1.40622115135, 5.3599691391, 12.6309070587, 14.8609161377, 10.3378448486, 8.94160270691, 20.7656326294, 21.1197853088, 17.3140869141, 13.1744241714, 10.9238386154, 8.41323947906, 6.34714603424, 4.87847709656, 4.90733718872, 3.52726793289, 3.73881053925, 3.24137067795, 3.72653675079, 3.04360628128, 1.92914497852, 2.69111824036, 2.21535253525, 0.982081055641, 1.33969688416, 1.671428442, 1.2494699955, 0.56495320797, 0.2849150002, 0.158370375633, 0.0783682838082, 0.00958117283881, 0.000514422426932, 4.95512904308e-05, 8.8041597337e-06, 2.03636700462e-05, 4.04981765314e-05],
        "min": [1.95023096708e-21, 1.69678298895e-20, 2.65914543155e-20, 1.10579352518e-19, 6.33818937186e-20, 2.29400215671e-19, 2.95351015717e-19, 6.02133202211e-19, 5.99121696095e-19, 1.04020619346e-18, 1.73552129168e-18, 1.36951961662e-18, 1.46370291815e-18, 2.04886806106e-18, 4.054810825e-18, 2.12097215429e-18, 4.11716411317e-18, 3.56122015937e-18, 4.49824787573e-18, 3.13269014405e-18, 1.12252387862e-17, 1.23918620621e-17, 1.66587607554e-17, 1.1803174991e-17, 1.28491829258e-17, 1.56330733395e-17, 1.99960110106e-17, 3.94753550844e-17, 1.75640536876e-17, 2.07045606884e-17, 2.43163108299e-17, 2.17149568436e-17, 2.02264023179e-17, 1.20314909021e-17, 7.31588560398e-18, 6.92836224035e-18, 3.72058767132e-18, 1.42839822922e-18, 3.07431238931e-19, 3.23285221658e-20],
        "var": [0.227998450398, 3.03254985809, 8.24183177948, 25.7081928253, 298.833129883, 2979.33862305, 5695.35595703, 3405.1159668, 537.875915527, 4896.18652344, 13678.3408203, 18041.0644531, 16296.2724609, 7430.57910156, 3648.68017578, 4515.14941406, 2100.19067383, 5581.05566406, 1063.34680176, 687.039550781, 1710.58776855, 452.106964111, 245.763809204, 92.7763519287, 418.549194336, 746.91003418, 240.72895813, 250.583877563, 308.382843018, 240.248580933, 170.606811523, 76.5435943604, 23.1021823883, 3.99406695366, 0.803206443787, 0.039733082056, 0.00136036926415, 8.16414285509e-06, 4.94884577762e-09, 6.3106680992e-10]
    },
    "gfcc": {
        "mean": [-58.1242675781, 149.333770752, -128.629776001, 23.1097660065, -78.8744659424, 1.6039711237, -30.0440788269, -7.97864723206, -10.7206125259, -13.9457683563, -5.11399841309, -9.73558616638, 0.40138232708],
        "cov": [[10585.8193359, -4563.31298828, -1484.13098145, 2690.93701172, -1308.09130859, 1486.86950684, -270.819732666, 1258.97021484, -37.173992157, 591.151184082, 66.7292098999, 59.2315177917, 264.748657227], [-4563.31298828, 3870.59130859, 733.754699707, -1112.67492676, 1189.53015137, -955.114318848, 420.121276855, -744.548522949, 267.669677734, -462.416809082, 189.301971436, -134.147094727, -16.7152423859], [-1484.13098145, 733.754699707, 1539.20812988, -205.261856079, 92.152557373, -93.3115997314, -170.567459106, -261.821899414, -130.256393433, -24.4451904297, -85.4412612915, 76.360824585, -84.2575683594], [2690.93701172, -1112.67492676, -205.261856079, 1431.93334961, -341.487213135, 258.431762695, 2.19109678268, 223.105239868, 87.0433273315, 128.486297607, 85.0101470947, 17.9645729065, 105.608734131], [-1308.09130859, 1189.53015137, 92.152557373, -341.487213135, 829.477661133, -281.276855469, 129.408462524, 3.60912966728, 83.9729614258, -4.47688674927, 9.26726150513, -30.4568519592, -28.0144081116], [1486.86950684, -955.114318848, -93.3115997314, 258.431762695, -281.276855469, 598.93737793, -57.3224334717, 272.28692627, -29.8842563629, 146.06842041, 3.25574946404, 11.7385463715, 26.4829006195], [-270.819732666, 420.121276855, -170.567459106, 2.19109678268, 129.408462524, -57.3224334717, 409.873931885, -33.1980857849, 75.8619995117, -25.1084518433, 56.3245658875, -15.5492601395, -0.347039520741], [1258.97021484, -744.548522949, -261.821899414, 223.105239868, 3.60912966728, 272.28692627, -33.1980857849, 475.020324707, -33.3242492676, 173.855316162, -2.68717503548, -8.75187206268, 40.8170013428], [-37.173992157, 267.669677734, -130.256393433, 87.0433273315, 83.9729614258, -29.8842563629, 75.8619995117, -33.3242492676, 227.109466553, -49.0613021851, 62.3345718384, 2.6679046154, 27.9926700592], [591.151184082, -462.416809082, -24.4451904297, 128.486297607, -4.47688674927, 146.06842041, -25.1084518433, 173.855316162, -49.0613021851, 231.137268066, -51.2485923767, 21.5926208496, -6.62862920761], [66.7292098999, 189.301971436, -85.4412612915, 85.0101470947, 9.26726150513, 3.25574946404, 56.3245658875, -2.68717503548, 62.3345718384, -51.2485923767, 160.263961792, -25.8440189362, 50.9627685547], [59.2315177917, -134.147094727, 76.360824585, 17.9645729065, -30.4568519592, 11.7385463715, -15.5492601395, -8.75187206268, 2.6679046154, 21.5926208496, -25.8440189362, 144.299957275, -4.08135223389], [264.748657227, -16.7152423859, -84.2575683594, 105.608734131, -28.0144081116, 26.4829006195, -0.347039520741, 40.8170013428, 27.9926700592, -6.62862920761, 50.9627685547, -4.08135223389, 120.45955658]],
        "icov": [[0.000427621533163, -0.000182173534995, 0.000344599306118, -0.000642168160994, 0.000381379650207, -0.000513012055308, 0.000282351509668, -0.000549318268895, 0.000242243899265, -0.000159117189469, 0.000236698935623, -0.000264727015747, 5.31878649781e-05], [-0.000182173534995, 0.00364706967957, -0.00163379090372, 0.00155725819059, -0.00358493556269, 0.00164271367248, -0.00204322836362, 0.00285653816536, -0.00185272470117, 0.00199415860698, -0.00258894753642, 0.00241284188814, -0.00205294368789], [0.000344599306118, -0.00163379090372, 0.00179109361488, -0.00111825356726, 0.00139717501588, -0.0012517159339, 0.00140336609911, -0.000814459403045, 0.00148894661106, -0.000978726544417, 0.00125980842859, -0.00159347022418, 0.00114242488053], [-0.000642168160994, 0.00155725819059, -0.00111825356726, 0.00241591129452, -0.0013006356312, 0.00136555265635, -0.00119921879377, 0.00140741083305, -0.0015720698284, 0.000373775605112, -0.00163668312598, 0.00121784617659, -0.00123624852858], [0.000381379650207, -0.00358493556269, 0.00139717501588, -0.0013006356312, 0.00569315254688, -0.000621462531853, 0.00159135018475, -0.00402007764205, 0.000809550285339, -0.00262389727868, 0.00238878652453, -0.00201918324456, 0.00219776621088], [-0.000513012055308, 0.00164271367248, -0.0012517159339, 0.00136555265635, -0.000621462531853, 0.00430230237544, -0.00118099863175, 3.87241525459e-05, -0.00152606877964, -3.42828207067e-05, -0.00173782987986, 0.00132657517679, -0.000691275054123], [0.000282351509668, -0.00204322836362, 0.00140336609911, -0.00119921879377, 0.00159135018475, -0.00118099863175, 0.00417663529515, -0.00129109539557, 0.000742640229873, -0.00130538793746, 0.000661332916934, -0.00145871960558, 0.00163452152628], [-0.000549318268895, 0.00285653816536, -0.000814459403045, 0.00140741083305, -0.00402007764205, 3.87241525459e-05, -0.00129109539557, 0.00712917372584, -0.000667134241667, -0.000261118053459, -0.0022319087293, 0.00216209189966, -0.00240456569009], [0.000242243899265, -0.00185272470117, 0.00148894661106, -0.0015720698284, 0.000809550285339, -0.00152606877964, 0.000742640229873, -0.000667134241667, 0.00716608576477, 3.38490353897e-05, 0.000108736829134, -0.00218057935126, 0.000598906714004], [-0.000159117189469, 0.00199415860698, -0.000978726544417, 0.000373775605112, -0.00262389727868, -3.42828207067e-05, -0.00130538793746, -0.000261118053459, 3.38490353897e-05, 0.00851202104241, 0.000603308260906, 0.000497458851896, -0.000681677891407], [0.000236698935623, -0.00258894753642, 0.00125980842859, -0.00163668312598, 0.00238878652453, -0.00173782987986, 0.000661332916934, -0.0022319087293, 0.000108736829134, 0.000603308260906, 0.0108991945162, -0.000567793438677, -0.00149001739919], [-0.000264727015747, 0.00241284188814, -0.00159347022418, 0.00121784617659, -0.00201918324456, 0.00132657517679, -0.00145871960558, 0.00216209189966, -0.00218057935126, 0.000497458851896, -0.000567793438677, 0.00922998134047, -0.00167665444314], [5.31878649781e-05, -0.00205294368789, 0.00114242488053, -0.00123624852858, 0.00219776621088, -0.000691275054123, 0.00163452152628, -0.00240456569009, 0.000598906714004, -0.000681677891407, -0.00149001739919, -0.00167665444314, 0.0116621637717]]
    },
    "melbands": {
        "dmean": [0.000492011953611, 0.000310651696054, 0.000356359814759, 0.000733476015739, 0.000708203471731, 0.000297739781672, 0.000134000962134, 0.000258415500866, 0.000292456650641, 0.000223591647227, 0.000149468352902, 8.41711444082e-05, 6.24879976385e-05, 4.67456338811e-05, 3.36597368005e-05, 2.86010526906e-05, 2.83985136775e-05, 1.24633652376e-05, 1.1163149793e-05, 6.42422310193e-06, 7.94588504505e-06, 5.63964658795e-06, 6.47850265523e-06, 3.1184299587e-06, 1.92930792764e-06, 3.17521653415e-06, 4.34448702435e-06, 3.34796868628e-06, 2.07827542908e-06, 1.52570032697e-06, 2.22890798796e-06, 2.36712321566e-06, 1.92889501704e-06, 1.65675032804e-06, 1.44751879816e-06, 9.99303551907e-07, 8.6774787178e-07, 6.15090073097e-07, 4.66002092026e-07, 2.84943524775e-07],
        "dmean2": [0.000711272528861, 0.000516150263138, 0.000598515965976, 0.00116517883725, 0.00109123496804, 0.000459505681647, 0.000208051438676, 0.000402405770728, 0.000460725306766, 0.00035680734436, 0.000234838036704, 0.000133246998303, 9.77430245257e-05, 7.1336486144e-05, 5.2989951655e-05, 4.42626405857e-05, 4.35420552094e-05, 1.95310440176e-05, 1.75720215339e-05, 1.02955946204e-05, 1.22006376841e-05, 9.0754856501e-06, 1.01635760075e-05, 5.0371791076e-06, 3.12098336508e-06, 4.9970458349e-06, 6.82941345076e-06, 5.17520993526e-06, 3.22435494127e-06, 2.31833723774e-06, 3.37554365615e-06, 3.5586924696e-06, 2.86319004772e-06, 2.43935346589e-06, 2.05423953048e-06, 1.4348707964e-06, 1.21593461699e-06, 9.08983565751e-07, 6.70138263104e-07, 4.13131914456e-07],
        "dvar": [3.2559300962e-06, 1.39050382586e-06, 1.22278993331e-06, 1.82051360298e-06, 1.44893340348e-06, 4.85694272356e-07, 7.95517820507e-08, 2.49606785019e-07, 3.8131483393e-07, 2.98991210457e-07, 1.79008068812e-07, 4.75485002482e-08, 2.32851515847e-08, 2.28525092183e-08, 1.11718447826e-08, 6.5689924611e-09, 7.85195553021e-09, 1.48095069541e-09, 1.90075821749e-09, 5.30739230342e-10, 7.22706616774e-10, 1.59965721225e-10, 2.62051907951e-10, 5.09938098692e-11, 1.96118433993e-11, 6.19475581942e-11, 1.30312982627e-10, 9.38108687953e-11, 3.53771664741e-11, 2.12873624977e-11, 4.98460786535e-11, 5.39331634908e-11, 3.85655604673e-11, 2.90483713472e-11, 3.41295221251e-11, 1.79896687824e-11, 1.66808650226e-11, 9.00259120723e-12, 3.59017589963e-12, 1.13012713337e-12],
        "dvar2": [6.38527990304e-06, 3.94276230509e-06, 3.31194974024e-06, 4.30565933129e-06, 3.30373222823e-06, 1.09463530862e-06, 1.87392046769e-07, 5.83940618526e-07, 9.19719127523e-07, 8.2538690549e-07, 4.73787594046e-07, 1.25580768895e-07, 5.53518191282e-08, 5.34572457411e-08, 2.26823768656e-08, 1.43711753608e-08, 1.54149475406e-08, 3.2395015559e-09, 4.18963974624e-09, 1.09904352286e-09, 1.2572838326e-09, 3.77514491889e-10, 6.17814688297e-10, 1.25843571674e-10, 5.168060771e-11, 1.40875894283e-10, 3.13404274754e-10, 2.24881099853e-10, 8.30064142421e-11, 4.67659314052e-11, 1.05410999374e-10, 1.18853094033e-10, 8.00742111506e-11, 5.58649237981e-11, 6.85833403957e-11, 3.49329350169e-11, 3.18806578359e-11, 1.94467272147e-11, 7.43270549275e-12, 2.28479908604e-12],
        "max": [0.0499117039144, 0.0237952936441, 0.0300634764135, 0.0239963736385, 0.0168631728739, 0.0141409207135, 0.00579355563968, 0.0109088122845, 0.0107455542311, 0.0114058274776, 0.0086793359369, 0.00500800414011, 0.00296985870227, 0.00418850267306, 0.00255342619494, 0.00204915204085, 0.00260492623784, 0.00103849894367, 0.00155316165183, 0.00127378501929, 0.00109929789323, 0.000393754336983, 0.00049343862338, 0.000161718315212, 9.12479226827e-05, 0.000371932343114, 0.000284148496576, 0.0004889810225, 0.000194945198018, 0.000130470245495, 0.000181016555871, 0.000182518211659, 0.000204668744118, 0.000112557390821, 0.000148918901687, 9.75450748228e-05, 0.000118766445667, 0.000107275540358, 5.22194022778e-05, 2.49981694651e-05],
        "mean": [0.00130145577714, 0.000728189945221, 0.000625185028184, 0.00156874069944, 0.00167270191014, 0.000686671817675, 0.000275628524832, 0.00049186690012, 0.000586279318668, 0.000437320035417, 0.000268386735115, 0.000161956559168, 0.000111753790407, 7.82254574005e-05, 5.95108831476e-05, 4.75530068798e-05, 4.82916329929e-05, 2.10768521356e-05, 1.7926822693e-05, 1.13718042485e-05, 1.44839141285e-05, 1.09850743684e-05, 1.1550063391e-05, 6.09892458669e-06, 4.09548374591e-06, 6.32050841887e-06, 8.3191334852e-06, 7.41123540138e-06, 4.39635141447e-06, 2.65865992333e-06, 3.8260313886e-06, 4.13721636505e-06, 3.39895700563e-06, 2.91662809104e-06, 2.27592636293e-06, 1.56487226377e-06, 1.29736429244e-06, 8.7862787268e-07, 6.90897195454e-07, 4.31603069728e-07],
        "median": [0.000192163191969, 0.000217033884837, 0.000352136907168, 0.000650431611575, 0.000610189512372, 0.000232540041907, 0.000151039464981, 0.000218610133743, 0.000147054175613, 9.80591139523e-05, 5.27216689079e-05, 3.80432975362e-05, 3.03303277178e-05, 1.49990919454e-05, 1.16265164252e-05, 9.28081590246e-06, 7.85754491517e-06, 4.40324856754e-06, 5.47191939404e-06, 3.49793776877e-06, 3.31646697305e-06, 3.41412464877e-06, 3.04928107653e-06, 1.99538590095e-06, 1.23422864817e-06, 1.63521644936e-06, 1.93932964976e-06, 1.06185052573e-06, 4.67891339895e-07, 4.61815091057e-07, 7.1688538128e-07, 9.02090846466e-07, 7.85024553807e-07, 6.02119257564e-07, 3.20280037158e-07, 1.84631630873e-07, 1.43097025784e-07, 8.80942323533e-08, 9.01738985704e-08, 4.66486298478e-08],
        "min": [1.93002393527e-23, 1.80566253792e-23, 1.57584589921e-23, 9.63884527629e-24, 1.12187869413e-23, 1.25144120921e-23, 1.12444272873e-23, 1.03114706826e-23, 1.39608374712e-23, 8.27145587129e-24, 7.28060555356e-24, 8.0698979657e-24, 1.11367469849e-23, 8.77625190884e-24, 6.79726811035e-24, 8.45201272186e-24, 6.63077191656e-24, 8.37131382898e-24, 3.51682947904e-24, 6.7851299076e-24, 1.30811636874e-23, 1.16481797093e-23, 1.62512966872e-23, 1.16526478174e-23, 9.34909824353e-24, 9.26109055436e-24, 9.68025731837e-24, 1.00443907791e-23, 1.04868036962e-23, 1.37083688493e-23, 2.80344441864e-23, 9.84898283309e-24, 7.43476632938e-24, 1.36776474502e-23, 1.48606832171e-23, 1.20755182834e-23, 1.35553519218e-23, 1.34749922391e-23, 1.39492696148e-23, 9.49449083039e-24],
        "var": [1.16523488032e-05, 2.73147043117e-06, 1.23415827602e-06, 5.34344098924e-06, 5.50661707166e-06, 1.72790180386e-06, 1.48460827631e-07, 5.79230345465e-07, 1.11175495476e-06, 7.37025288799e-07, 4.08418543429e-07, 1.25791089545e-07, 5.88344626351e-08, 4.65859564258e-08, 3.00740552461e-08, 1.62098068301e-08, 1.99044301041e-08, 3.81146803008e-09, 3.40233863305e-09, 1.0778666848e-09, 2.35495001277e-09, 4.31688573777e-10, 5.26460597339e-10, 1.19536977539e-10, 5.76464327662e-11, 2.29994842615e-10, 3.43255396329e-10, 4.19480949976e-10, 1.63432933853e-10, 4.75918020271e-11, 1.13109549504e-10, 1.18259763093e-10, 8.58997803443e-11, 7.23154730542e-11, 6.91492349492e-11, 3.43734866959e-11, 2.87884802802e-11, 1.38926049484e-11, 6.26951138574e-12, 2.13554130976e-12]
    },
    "mfcc": {
        "mean": [-684.010070801, 155.459991455, 11.1498403549, 12.781709671, -16.7157688141, 0.088518306613, -11.670788765, 2.43711543083, -6.10781145096, -3.23215198517, -1.22070944309, -6.21973657608, -2.13126206398],
        "cov": [[9272.94433594, -3495.9140625, -1141.82043457, 677.177246094, 40.8133850098, 166.837921143, 194.392974854, 425.663909912, 420.254760742, 538.294799805, 292.111602783, 253.354476929, 267.390258789], [-3495.9140625, 2812.29467773, 180.776489258, -75.3965454102, 182.64755249, -7.54915523529, -17.5793647766, -72.472114563, -136.369812012, -201.772918701, -11.5629529953, -137.150405884, -50.6605186462], [-1141.82043457, 180.776489258, 1333.42224121, 81.2478103638, 22.3474197388, 125.261329651, -55.1881713867, -116.513572693, -151.858139038, -176.942199707, -113.233612061, -31.2959957123, -33.185295105], [677.177246094, -75.3965454102, 81.2478103638, 747.026306152, 136.839950562, 55.1252174377, 11.7634038925, 24.9236164093, 12.1523542404, 87.1084671021, -42.836353302, 57.5072250366, 74.3620986938], [40.8133850098, 182.64755249, 22.3474197388, 136.839950562, 400.830810547, -8.89170742035, -0.97965580225, -6.72921419144, 39.3631057739, 66.1400756836, 3.23715186119, 27.7670078278, 30.2656040192], [166.837921143, -7.54915523529, 125.261329651, 55.1252174377, -8.89170742035, 227.612258911, 7.16086816788, 27.8244857788, 8.65296268463, 5.29799795151, 34.0295028687, 18.2942790985, -0.600188851357], [194.392974854, -17.5793647766, -55.1881713867, 11.7634038925, -0.97965580225, 7.16086816788, 276.606445312, 34.2766723633, 76.7214431763, 76.4923706055, 43.9704589844, 40.5706634521, 29.8543777466], [425.663909912, -72.472114563, -116.513572693, 24.9236164093, -6.72921419144, 27.8244857788, 34.2766723633, 181.346115112, 42.4927406311, 45.2613677979, 35.5276069641, 27.9677524567, 37.8082618713], [420.254760742, -136.369812012, -151.858139038, 12.1523542404, 39.3631057739, 8.65296268463, 76.7214431763, 42.4927406311, 181.235824585, 72.2867889404, 44.9109077454, 48.7585029602, 21.9751052856], [538.294799805, -201.772918701, -176.942199707, 87.1084671021, 66.1400756836, 5.29799795151, 76.4923706055, 45.2613677979, 72.2867889404, 220.028060913, 29.4055557251, 59.0643806458, 37.3465690613], [292.111602783, -11.5629529953, -113.233612061, -42.836353302, 3.23715186119, 34.0295028687, 43.9704589844, 35.5276069641, 44.9109077454, 29.4055557251, 133.826385498, 8.90877532959, 5.54850816727], [253.354476929, -137.150405884, -31.2959957123, 57.5072250366, 27.7670078278, 18.2942790985, 40.5706634521, 27.9677524567, 48.7585029602, 59.0643806458, 8.90877532959, 128.690155029, 20.8461608887], [267.390258789, -50.6605186462, -33.185295105, 74.3620986938, 30.2656040192, -0.600188851357, 29.8543777466, 37.8082618713, 21.9751052856, 37.3465690613, 5.54850816727, 20.8461608887, 123.206863403]],
