{
"lowlevel": {
    "average_loudness": 0.909163296223,
    "barkbands_crest": {
        "dmean": 2.90712833405,
        "dmean2": 4.88721084595,
        "dvar": 7.08341503143,
        "dvar2": 18.8737373352,
        "max": 25.247220993,
        "mean": 9.29847145081,
        "median": 8.53442573547,
        "min": 2.55067276955,
        "var": 14.6723518372
    },
    "barkbands_flatness_db": {
        "dmean": 0.019398290664,
        "dmean2": 0.0319207534194,
        "dvar": 0.000303221546346,
        "dvar2": 0.000799551082309,
        "max": 0.454050838947,
        "mean": 0.12081618607,
        "median": 0.111179016531,
        "min": 0.0330674163997,
        "var": 0.00199839426205
    },
    "barkbands_kurtosis": {
        "dmean": 1.55426192284,
        "dmean2": 2.56663942337,
        "dvar": 10.7168531418,
        "dvar2": 26.6543941498,
        "max": 186.987792969,
        "mean": 1.82792294025,
        "median": 0.455447673798,
        "min": -1.75729358196,
        "var": 73.2462844849
    },
    "barkbands_skewness": {
        "dmean": 0.427777677774,
        "dmean2": 0.695369780064,
        "dvar": 0.180915743113,
        "dvar2": 0.46437099576,
        "max": 11.1893014908,
        "mean": 1.11422097683,
        "median": 0.969952106476,
        "min": -1.80474472046,
        "var": 0.84505045414
    },
    "barkbands_spread": {
        "dmean": 5.33308839798,
        "dmean2": 8.6498260498,
        "dvar": 34.0689964294,
        "dvar2": 82.2351226807,
        "max": 91.7525405884,
        "mean": 26.5700359344,
        "median": 26.2001953125,
        "min": 0.695183217525,
        "var": 132.394134521
    },
    "dissonance": {
        "dmean": 0.0145863071084,
        "dmean2": 0.0249575525522,
        "dvar": 0.000188403981156,
        "dvar2": 0.000513294886332,
        "max": 0.500000119209,
        "mean": 0.476690530777,
        "median": 0.481139421463,
        "min": 0.253977239132,
        "var": 0.00033902618452
    },
    "dynamic_complexity": 1.68643724918,
    "erbbands_crest": {
        "dmean": 2.29841065407,
        "dmean2": 3.85432195663,
        "dvar": 4.66026926041,
        "dvar2": 12.4609556198,
        "max": 25.3303489685,
        "mean": 7.86462450027,
        "median": 6.92641925812,
        "min": 2.17331075668,
        "var": 12.8076934814
    },
    "erbbands_flatness_db": {
        "dmean": 0.0146563015878,
        "dmean2": 0.0228852536529,
        "dvar": 0.000180175411515,
        "dvar2": 0.000407499755966,
        "max": 0.348610252142,
        "mean": 0.152812674642,
        "median": 0.139976680279,
        "min": 0.0569467544556,
        "var": 0.00259230099618
    },
    "erbbands_kurtosis": {
        "dmean": 0.668767988682,
        "dmean2": 1.10046648979,
        "dvar": 0.554549217224,
        "dvar2": 1.47133421898,
        "max": 16.0370159149,
        "mean": 0.49187836051,
        "median": 0.119550228119,
        "min": -1.62111973763,
        "var": 2.11591720581
    },
    "erbbands_skewness": {
        "dmean": 0.284485638142,
        "dmean2": 0.460266232491,
        "dvar": 0.0577409006655,
        "dvar2": 0.147953808308,
        "max": 3.55416727066,
        "mean": 0.33083948493,
        "median": 0.264380097389,
        "min": -1.6048425436,
        "var": 0.317359149456
    },
    "erbbands_spread": {
        "dmean": 6.2095041275,
        "dmean2": 9.76194477081,
        "dvar": 38.6878585815,
        "dvar2": 90.2241821289,
        "max": 109.185935974,
        "mean": 33.7042579651,
        "median": 32.2373199463,
        "min": 5.00556707382,
        "var": 211.183425903
    },
    "hfc": {
        "dmean": 7.34107923508,
        "dmean2": 12.096868515,
        "dvar": 75.2141723633,
        "dvar2": 195.186019897,
        "max": 117.762512207,
        "mean": 32.3293113708,
        "median": 31.4544525146,
        "min": 1.1927822672e-16,
        "var": 280.033477783
    },
    "melbands_crest": {
        "dmean": 3.42536044121,
        "dmean2": 5.62403488159,
        "dvar": 8.75888156891,
        "dvar2": 22.7154541016,
        "max": 38.4409599304,
        "mean": 12.7892103195,
        "median": 12.1694049835,
        "min": 1.76738452911,
        "var": 22.5942459106
    },
    "melbands_flatness_db": {
        "dmean": 0.0242655519396,
        "dmean2": 0.039737071842,
        "dvar": 0.000490130507387,
        "dvar2": 0.00128343596589,
        "max": 0.541692137718,
        "mean": 0.166837587953,
        "median": 0.160349488258,
        "min": 0.00387982255779,
        "var": 0.00241912622005
    },
    "melbands_kurtosis": {
        "dmean": 4.47813177109,
        "dmean2": 7.35149145126,
        "dvar": 94.8569488525,
        "dvar2": 224.050476074,
        "max": 650.413696289,
        "mean": 7.91422891617,
        "median": 4.06884098053,
        "min": -1.19490873814,
        "var": 512.37890625
    },
    "melbands_skewness": {
        "dmean": 0.64013338089,
        "dmean2": 1.02969801426,
        "dvar": 0.43764770031,
        "dvar2": 1.11183547974,
        "max": 21.8985424042,
        "mean": 2.06567001343,
        "median": 1.863540411,
        "min": -1.00127363205,
        "var": 2.04475259781
    },
    "melbands_spread": {
        "dmean": 6.88047838211,
        "dmean2": 11.2658338547,
        "dvar": 50.7596626282,
        "dvar2": 123.182327271,
        "max": 131.391357422,
        "mean": 27.6132240295,
        "median": 26.8431129456,
        "min": 0.389429599047,
        "var": 145.969421387
    },
    "pitch_salience": {
        "dmean": 0.0775993391871,
        "dmean2": 0.130636721849,
        "dvar": 0.00492448359728,
        "dvar2": 0.0130915502086,
        "max": 0.969005823135,
        "mean": 0.574974358082,
        "median": 0.580456137657,
        "min": 0.0309139676392,
        "var": 0.0143812606111
    },
    "silence_rate_20dB": {
        "dmean": 0,
        "dmean2": 0,
        "dvar": 0,
        "dvar2": 0,
        "max": 1,
        "mean": 1,
        "median": 1,
        "min": 1,
        "var": 0
    },
    "silence_rate_30dB": {
        "dmean": 0.00263441493735,
        "dmean2": 0.00526946084574,
        "dvar": 0.00262763584033,
        "dvar2": 0.00643835356459,
        "max": 1,
        "mean": 0.996288299561,
        "median": 1,
        "min": 0,
        "var": 0.00369750382379
    },
    "silence_rate_60dB": {
        "dmean": 0.00047898455523,
        "dmean2": 0.000838323379867,
        "dvar": 0.000478764122818,
        "dvar2": 0.000837408355437,
        "max": 1,
        "mean": 0.00742337154225,
        "median": 0,
        "min": 0,
        "var": 0.00736665539443
    },
    "spectral_centroid": {
        "dmean": 220.652053833,
        "dmean2": 353.440917969,
        "dvar": 55617.3710938,
        "dvar2": 120978.921875,
        "max": 10580.2958984,
        "mean": 1529.05004883,
        "median": 1513.08569336,
        "min": 240.396347046,
        "var": 189830.03125
    },
    "spectral_complexity": {
        "dmean": 3.83810329437,
        "dmean2": 6.26706600189,
        "dvar": 11.2154932022,
        "dvar2": 27.6588287354,
        "max": 53,
        "mean": 29.7064170837,
        "median": 30,
        "min": 0,
        "var": 72.3071594238
    },
    "spectral_decrease": {
        "dmean": 3.17538884076e-09,
        "dmean2": 5.24302423699e-09,
        "dvar": 1.42583868425e-17,
        "dvar2": 3.72246098725e-17,
        "max": 9.09240073059e-29,
        "mean": -9.55001233649e-09,
        "median": -8.87421869322e-09,
        "min": -4.50069848057e-08,
        "var": 2.58253877065e-17
    },
    "spectral_energy": {
        "dmean": 0.0123999863863,
        "dmean2": 0.0204340014607,
        "dvar": 0.000213035178604,
        "dvar2": 0.000555886945222,
        "max": 0.170538589358,
        "mean": 0.0389763601124,
        "median": 0.0366480425,
        "min": 1.06859997901e-20,
        "var": 0.000401235854952
    },
    "spectral_energyband_high": {
        "dmean": 0.000475694658235,
        "dmean2": 0.000782758521382,
        "dvar": 6.2025810621e-07,
        "dvar2": 1.54954068421e-06,
        "max": 0.0105610471219,
        "mean": 0.00127276091371,
        "median": 0.000943361315876,
        "min": 7.53583267683e-21,
        "var": 1.46412673985e-06
    },
    "spectral_energyband_low": {
        "dmean": 0.00835929904133,
        "dmean2": 0.014015160501,
        "dvar": 0.000163417833392,
        "dvar2": 0.000433639768744,
        "max": 0.16870239377,
        "mean": 0.0142735764384,
        "median": 0.0106131713837,
        "min": 6.52693731105e-23,
        "var": 0.00024308905995
    },
    "spectral_energyband_middle_high": {
        "dmean": 0.00267578964122,
        "dmean2": 0.00438510533422,
        "dvar": 1.03087450043e-05,
        "dvar2": 2.76943774224e-05,
        "max": 0.0847821086645,
        "mean": 0.0104050049558,
        "median": 0.00844342820346,
        "min": 1.49754900574e-21,
        "var": 5.83646906307e-05
    },
    "spectral_energyband_middle_low": {
        "dmean": 0.00572564220056,
        "dmean2": 0.00930533744395,
        "dvar": 5.19154127687e-05,
        "dvar2": 0.000127348233946,
        "max": 0.0830414295197,
        "mean": 0.0137329744175,
        "median": 0.0107631087303,
        "min": 3.09373071672e-22,
        "var": 0.000103581412986
    },
    "spectral_entropy": {
        "dmean": 0.10855601728,
        "dmean2": 0.171081826091,
        "dvar": 0.0115479882807,
        "dvar2": 0.0267480611801,
        "max": 9.80450344086,
        "mean": 7.83887386322,
        "median": 7.87132167816,
        "min": 6.37834119797,
        "var": 0.0729156881571
    },
    "spectral_flux": {
        "dmean": 0.0255622416735,
        "dmean2": 0.0403597429395,
        "dvar": 0.000670443987474,
        "dvar2": 0.00142773217522,
        "max": 0.305193692446,
        "mean": 0.110829547048,
        "median": 0.106242954731,
        "min": 1.03997074841e-10,
        "var": 0.00174693332519
    },
    "spectral_kurtosis": {
        "dmean": 1.20629692078,
        "dmean2": 2.06249427795,
        "dvar": 2.31322860718,
        "dvar2": 7.38452529907,
        "max": 27.4921035767,
        "mean": 3.86539411545,
        "median": 3.5367565155,
        "min": -1.20966053009,
        "var": 4.49417114258
    },
    "spectral_rms": {
        "dmean": 0.000927699788008,
        "dmean2": 0.00150601484347,
        "dvar": 8.9171220452e-07,
        "dvar2": 2.26723250307e-06,
        "max": 0.0128988027573,
        "mean": 0.00595513498411,
        "median": 0.00597948068753,
        "min": 3.22883343326e-12,
        "var": 2.56201656157e-06
    },
    "spectral_rolloff": {
        "dmean": 452.01361084,
        "dmean2": 759.221862793,
        "dvar": 581649.75,
        "dvar2": 1285404.25,
        "max": 19186.0839844,
        "mean": 1566.55627441,
        "median": 1442.72460938,
        "min": 43.06640625,
        "var": 972460.6875
    },
    "spectral_skewness": {
        "dmean": 0.17276391387,
        "dmean2": 0.285400152206,
        "dvar": 0.0285914875567,
        "dvar2": 0.0789273753762,
        "max": 3.25489711761,
        "mean": 1.5172880888,
        "median": 1.51312124729,
        "min": 0.0117677226663,
        "var": 0.0973036140203
    },
    "spectral_spread": {
        "dmean": 441205.875,
        "dmean2": 652631.5,
        "dvar": 423720222720,
        "dvar2": 620353945600,
        "max": 41593680,
        "mean": 4628957.5,
        "median": 4524588,
        "min": 1532410.25,
        "var": 2.23106564096e+12
    },
    "spectral_strongpeak": {
        "dmean": 0.55391395092,
        "dmean2": 0.97100019455,
        "dvar": 0.708427548409,
        "dvar2": 1.85909163952,
        "max": 8.25264644623,
        "mean": 0.871673583984,
        "median": 0.410337090492,
        "min": 0,
        "var": 1.10944318771
    },
    "zerocrossingrate": {
        "dmean": 0.00876918248832,
        "dmean2": 0.0110988961533,
        "dvar": 0.000119103911857,
        "dvar2": 0.000161296920851,
        "max": 0.51513671875,
        "mean": 0.0658075883985,
        "median": 0.06298828125,
        "min": 0.00146484375,
        "var": 0.000617245968897
    },
    "barkbands": {
        "dmean": [0.000210323240026, 0.00702341739088, 0.00219513033517, 0.000941399484873, 0.00263509759679, 0.00127147336025, 0.00105546426494, 0.000625069893431, 0.00207371707074, 0.00110061280429, 0.000792540726252, 0.000963197555393, 0.000619339407422, 0.000614547403529, 0.000467802135972, 0.000296907353913, 0.000267606170382, 0.000231545578572, 0.000211446196772, 0.000153550179675, 0.000111233872303, 0.000145655110828, 0.000107311549073, 8.85848130565e-05, 6.80372613715e-05, 2.65962880803e-05, 2.78455246416e-07],
        "dmean2": [0.000321277446346, 0.011887954548, 0.00385102187283, 0.00159760820679, 0.00427949242294, 0.00212528835982, 0.00174474297091, 0.00105451338459, 0.00342442840338, 0.00184675911441, 0.00133169908077, 0.00161521823611, 0.00104911578819, 0.00102186575532, 0.000785150623415, 0.000494735955726, 0.000441094074631, 0.000372029317077, 0.000350651331246, 0.000255778897554, 0.000189180049347, 0.000245017115958, 0.000179220282007, 0.000145191734191, 0.000105805971543, 3.8934944314e-05, 5.22217248999e-07],
        "dvar": [5.05560990405e-07, 0.000124505953863, 1.33230778374e-05, 2.53971711572e-06, 2.06089771382e-05, 5.46775390831e-06, 3.54723783857e-06, 1.29742170429e-06, 1.28796873469e-05, 6.29123360341e-06, 1.74471722403e-06, 2.29734723689e-06, 8.64249443566e-07, 6.74439263548e-07, 3.44812889352e-07, 1.32503302552e-07, 1.37332150985e-07, 1.34575259381e-07, 9.57653654154e-08, 4.55473490035e-08, 3.17167163644e-08, 5.56917783001e-08, 4.27449755591e-08, 4.40755698605e-08, 2.67550994693e-08, 3.11932657482e-09, 2.19047805068e-12],
        "dvar2": [1.03159698028e-06, 0.000333331379807, 3.86534375139e-05, 6.57274176774e-06, 4.97594119224e-05, 1.43981851579e-05, 9.3517564892e-06, 3.45454895978e-06, 3.54520925612e-05, 1.70429048012e-05, 4.91669243274e-06, 6.2621561483e-06, 2.41916382038e-06, 1.80176346021e-06, 9.04449620975e-07, 3.41741440479e-07, 3.4489747236e-07, 3.19614457567e-07, 2.54755207152e-07, 1.18209079858e-07, 8.53690380609e-08, 1.43933831964e-07, 1.09571374196e-07, 9.63537587495e-08, 5.81052468362e-08, 6.00616090196e-09, 6.34693122711e-12],
        "max": [0.0622215047479, 0.122997328639, 0.0474863424897, 0.0270866006613, 0.0485684983432, 0.055649805814, 0.0325645245612, 0.0188885536045, 0.0664781928062, 0.0745291337371, 0.0282791536301, 0.0228449497372, 0.012016759254, 0.0139881027862, 0.00898828823119, 0.00618396792561, 0.00601858086884, 0.00627625128254, 0.00801678001881, 0.00433442275971, 0.00256468588486, 0.0045926598832, 0.00318794045597, 0.00575888017192, 0.00598798226565, 0.0012037968263, 4.06408071285e-05],
        "mean": [0.000349295063643, 0.010836741887, 0.00267861946486, 0.00112016312778, 0.00352301239036, 0.00210438109934, 0.00165807513986, 0.000891162548214, 0.00381070072763, 0.00183216237929, 0.00136450852733, 0.00183554249816, 0.00116449175403, 0.00122582726181, 0.000923998886719, 0.000609471171629, 0.000572259945329, 0.000508270168211, 0.00048619354493, 0.000370615482097, 0.000239742104895, 0.000295059668133, 0.000191810118849, 0.000181088616955, 0.000148712686496, 5.42401248822e-05, 1.73286352378e-07],
        "median": [5.38778331247e-05, 0.00736041832715, 0.00158160482533, 0.000509142177179, 0.0016641644761, 0.00119105866179, 0.000934766954742, 0.000515132094733, 0.00166214664932, 0.000713137094863, 0.000669425528031, 0.000927195185795, 0.000634711002931, 0.000804758048616, 0.000666710780933, 0.000438164919615, 0.000374002062017, 0.000306389207253, 0.000365143059753, 0.000246869341936, 0.000166509256815, 0.000162959913723, 0.000108216852823, 0.000116919691209, 8.38435080368e-05, 2.41552879743e-05, 4.9227697474e-09],
        "min": [1.59738953276e-23, 3.19073252462e-23, 7.54993528838e-24, 3.12891422864e-23, 1.77880150855e-23, 2.07248621941e-23, 3.87985648341e-23, 5.23259232379e-23, 8.77645243729e-23, 6.86095237791e-23, 8.79233126067e-23, 3.64199977436e-23, 5.92403427147e-23, 1.34654971937e-22, 1.06334474165e-22, 1.42589183461e-22, 1.18848509181e-22, 2.04189867424e-22, 1.27107756641e-22, 2.7057843221e-22, 3.21850579274e-22, 4.30493689587e-22, 5.93940771901e-22, 9.03028187573e-22, 1.14864983753e-21, 1.44510977368e-21, 2.36498247661e-21],
        "var": [4.66341180072e-06, 0.000165595352883, 1.25636615849e-05, 3.09407687382e-06, 2.7360398235e-05, 9.39496658248e-06, 5.61959268452e-06, 1.59295348112e-06, 3.45677144651e-05, 1.38041932587e-05, 4.1335097194e-06, 6.12467420069e-06, 1.94266044673e-06, 1.69337283751e-06, 7.52202595322e-07, 3.38578388437e-07, 4.12172170172e-07, 3.60825850976e-07, 2.36411054289e-07, 1.65621841575e-07, 6.31645491467e-08, 1.25418637253e-07, 6.46690807571e-08, 8.91619151844e-08, 6.12893416019e-08, 8.95206220264e-09, 1.22027615877e-12]
    },
    "erbbands": {
        "dmean": [0.169601008296, 1.74091923237, 2.99915862083, 2.3253569603, 8.53513622284, 8.25765800476, 8.40220451355, 11.0525817871, 13.5781002045, 15.3781633377, 15.2363796234, 44.4933624268, 46.1125526428, 30.4850082397, 28.1403255463, 37.2221908569, 26.6215000153, 29.3159980774, 23.9097099304, 18.4540691376, 15.2613801956, 14.411690712, 12.3126058578, 10.8725404739, 9.81775951385, 6.80695724487, 4.5854678154, 4.62490606308, 5.08260202408, 4.75965499878, 2.75226926804, 1.86278688908, 1.53434073925, 0.889919698238, 0.452945113182, 0.158600822091, 0.0491064302623, 0.00328918872401, 7.40167015465e-05, 1.61193456734e-05],
        "dmean2": [0.279866695404, 2.98551535606, 5.23605060577, 4.00057601929, 13.9979133606, 13.7331295013, 14.5667991638, 18.4711322784, 22.7585849762, 25.5318145752, 25.7199344635, 73.4413757324, 77.0123748779, 50.7744255066, 46.972858429, 62.1105003357, 44.7553901672, 48.4911956787, 39.9993743896, 30.6922073364, 25.2387390137, 23.7053909302, 19.8840274811, 17.8199825287, 16.3882369995, 11.3510036469, 7.76028394699, 7.91362762451, 8.53639698029, 7.94736719131, 4.6184220314, 3.08354139328, 2.48649215698, 1.41038477421, 0.69673615694, 0.237205997109, 0.0726290866733, 0.00527371885255, 0.000117042509373, 2.61152654275e-05],
        "dvar": [0.0860979780555, 7.76021957397, 23.4178123474, 12.2925300598, 269.101623535, 203.334243774, 223.143920898, 539.749572754, 680.460083008, 866.252319336, 711.214111328, 6804.56152344, 9165.78613281, 3534.23901367, 1971.91552734, 3928.9765625, 1638.46740723, 1736.58679199, 909.549072266, 537.455993652, 403.853973389, 443.751983643, 410.781433105, 246.530654907, 195.404647827, 91.1894760132, 44.4843673706, 63.2139854431, 71.6209106445, 69.9400634766, 29.9154281616, 17.121509552, 16.7405662537, 5.25706529617, 1.06424820423, 0.111569210887, 0.0125927682966, 6.93873516866e-05, 3.30851541719e-08, 3.50295237261e-10],
        "dvar2": [0.213149815798, 21.3063278198, 67.6094512939, 33.4479064941, 647.204345703, 524.192565918, 621.963806152, 1399.26794434, 1791.9375, 2331.71630859, 1941.78430176, 18726.9902344, 25040.5058594, 9773.984375, 5518.5, 10804.953125, 4617.83691406, 4585.14111328, 2406.12158203, 1368.65087891, 1028.0760498, 1124.99816895, 980.609313965, 628.016418457, 514.387695312, 240.754501343, 118.915481567, 170.077697754, 185.41835022, 183.535064697, 76.4224243164, 40.8003540039, 37.1253967285, 11.2074575424, 2.41224193573, 0.233550578356, 0.0239819511771, 0.000169506325619, 8.08732849578e-08, 8.86096473973e-10],
        "max": [8.26150608063, 32.2554321289, 51.2847671509, 54.341545105, 147.327682495, 273.504974365, 269.476867676, 573.176025391, 544.366882324, 681.361755371, 422.712768555, 1712.25561523, 2281.90625, 1624.18591309, 776.468383789, 1096.01525879, 640.82989502, 750.351074219, 655.01940918, 642.481933594, 399.374908447, 382.014007568, 398.221099854, 418.412780762, 292.468170166, 170.758560181, 88.5660934448, 162.563598633, 160.170761108, 128.149169922, 93.007232666, 98.0532913208, 130.273284912, 90.538772583, 19.7294692993, 7.9220700264, 3.13350248337, 0.138321071863, 0.00317251752131, 0.000232111065998],
        "mean": [0.239969655871, 2.61333966255, 4.09417963028, 3.17195558548, 9.5806722641, 11.1476125717, 12.3709211349, 18.0600795746, 21.3348712921, 23.9852428436, 25.320438385, 78.4211273193, 84.4661026001, 57.8421897888, 54.111869812, 74.2423858643, 56.9838600159, 63.0942802429, 52.5490760803, 41.0222587585, 33.8870315552, 32.5534362793, 28.6477718353, 26.5187034607, 23.6043262482, 16.8030033112, 10.55082798, 9.62374782562, 10.1859016418, 9.06933784485, 4.83509778976, 3.40264987946, 3.18873929977, 1.85482680798, 0.950065612793, 0.333309143782, 0.0942040085793, 0.00487654237077, 0.000139087729622, 5.52917736059e-05],
        "median": [0.12138222158, 1.81613588333, 2.75988435745, 2.00067639351, 3.42242980003, 5.12401103973, 7.0044426918, 9.2490196228, 12.4369354248, 13.7101478577, 15.2768878937, 34.7712402344, 36.5006523132, 27.8466930389, 28.5016479492, 35.6552276611, 32.384147644, 39.2873687744, 39.4715499878, 31.7838478088, 24.1296138763, 21.1041622162, 16.6064605713, 20.0300827026, 17.231803894, 11.5623474121, 7.90909385681, 5.71269083023, 5.6179227829, 4.92579841614, 2.89094400406, 2.09026837349, 2.06961870193, 1.07646751404, 0.524718403816, 0.167391091585, 0.0361416861415, 0.0014460189268, 6.78729848005e-05, 5.28612217749e-05],
        "min": [6.04179504875e-22, 6.07373722587e-21, 1.32441551931e-20, 6.85659638645e-20, 5.61371680329e-20, 7.3685875814e-20, 8.28805117728e-20, 1.84702645317e-19, 2.77997955538e-19, 8.42850049993e-19, 1.12471189542e-18, 1.45119739486e-18, 2.77023717722e-18, 2.54565164385e-18, 3.5574176101e-18, 1.53097958532e-18, 3.28260897866e-18, 6.84389717364e-18, 4.00656303423e-18, 6.43627249394e-18, 1.02377042488e-17, 7.8609827384e-18, 8.87079407686e-18, 8.00608427991e-18, 8.52002648375e-18, 1.32829274877e-17, 9.98554651091e-18, 1.94224853329e-17, 1.52942403082e-17, 1.27690704835e-17, 1.69402420461e-17, 1.40479272793e-17, 1.39376641036e-17, 1.02707071009e-17, 9.59849629459e-18, 4.8939830749e-18, 2.9525107679e-18, 1.19273829842e-18, 3.4989910517e-19, 3.18146717532e-20],
        "var": [0.194390654564, 8.7917175293, 22.7848052979, 15.0303153992, 287.280578613, 321.460784912, 277.670532227, 958.481567383, 969.861694336, 1158.5657959, 1072.24682617, 15892.4599609, 21822.890625, 9068.66894531, 4967.73876953, 11151.1650391, 4334.61230469, 4716.81103516, 2191.14770508, 1226.3326416, 1081.30541992, 1355.9564209, 1186.97485352, 676.992553711, 521.671264648, 325.768981934, 108.570053101, 128.961105347, 156.403945923, 127.28742981, 42.7688903809, 29.3929271698, 31.6024112701, 11.7372894287, 2.19284701347, 0.276532799006, 0.0357656441629, 0.000107668434794, 5.1879812446e-08, 7.70814634343e-10]
    },
    "gfcc": {
        "mean": [45.0569763184, 90.4839248657, -135.073577881, 31.6062316895, -60.3821487427, 27.3372001648, -35.4594573975, 16.0916900635, -21.3181247711, 5.18170022964, -13.2365188599, -0.674447059631, -7.69147825241],
        "cov": [[3212.70629883, -897.090698242, 1023.19671631, 429.40826416, 96.6221694946, 459.492401123, -288.128234863, 313.003540039, -334.453308105, 391.550750732, -205.206253052, 253.494934082, -147.355743408], [-897.090698242, 1141.13098145, -252.134078979, 162.51852417, 145.3150177, -203.920013428, 232.393981934, -277.535186768, 210.864944458, -222.135574341, 178.32723999, -158.108398438, 102.245422363], [1023.19671631, -252.134078979, 1086.41967773, 356.177642822, 241.438949585, 226.938171387, -187.387985229, 194.305709839, -136.130783081, 261.01373291, -111.440132141, 148.100570679, -75.9593276978], [429.40826416, 162.51852417, 356.177642822, 405.36819458, 133.557815552, 87.4355163574, -2.70593643188, -13.9811534882, 31.4214172363, 56.7371406555, 25.1822414398, 22.390581131, 16.75639534], [96.6221694946, 145.3150177, 241.438949585, 133.557815552, 268.162994385, 45.1214523315, 15.882235527, 47.7190513611, 12.9642515182, 63.8695373535, 4.74548101425, 23.7490367889, -5.10383319855], [459.492401123, -203.920013428, 226.938171387, 87.4355163574, 45.1214523315, 263.357696533, 21.4473628998, 89.9129257202, -58.4390640259, 83.4667129517, 0.0938861966133, 40.9563941956, -9.53468132019], [-288.128234863, 232.393981934, -187.387985229, -2.70593643188, 15.882235527, 21.4473628998, 249.80569458, -33.3084030151, 85.4311599731, -56.6231765747, 50.5334472656, -39.7583656311, 33.7071075439], [313.003540039, -277.535186768, 194.305709839, -13.9811534882, 47.7190513611, 89.9129257202, -33.3084030151, 215.555953979, -11.7566480637, 104.703025818, -52.528553009, 58.4015083313, -28.9900455475], [-334.453308105, 210.864944458, -136.130783081, 31.4214172363, 12.9642515182, -58.4390640259, 85.4311599731, -11.7566480637, 180.571914673, -54.7416534424, 57.5198783875, -36.3584136963, 21.1693134308], [391.550750732, -222.135574341, 261.01373291, 56.7371406555, 63.8695373535, 83.4667129517, -56.6231765747, 104.703025818, -54.7416534424, 171.609146118, -35.738483429, 69.4743728638, -24.2082767487], [-205.206253052, 178.32723999, -111.440132141, 25.1822414398, 4.74548101425, 0.0938861966133, 50.5334472656, -52.528553009, 57.5198783875, -35.738483429, 113.703125, -21.0187339783, 34.5245780945], [253.494934082, -158.108398438, 148.100570679, 22.390581131, 23.7490367889, 40.9563941956, -39.7583656311, 58.4015083313, -36.3584136963, 69.4743728638, -21.0187339783, 95.0407562256, -14.5937595367], [-147.355743408, 102.245422363, -75.9593276978, 16.75639534, -5.10383319855, -9.53468132019, 33.7071075439, -28.9900455475, 21.1693134308, -24.2082767487, 34.5245780945, -14.5937595367, 65.4859619141]],
        "icov": [[0.000862317858264, -0.000148559047375, 0.000309330032906, -0.0011569855269, 0.000458780996269, -0.000850464566611, 0.000430150481407, -0.000610030605458, 0.000963659724221, -0.000522810325492, 0.000684395665303, -0.000865135923959, 0.00118924200069], [-0.000148559047375, 0.00457963719964, -0.00159334554337, -0.000160891053383, -0.00266925408505, 0.00319884321652, -0.00277221691795, 0.00292168394662, -0.00118919590022, 0.00270723318681, -0.00351283256896, 0.00329881650396, -0.00234124506824], [0.000309330032906, -0.00159334554337, 0.00392678799108, -0.00256485166028, -0.000219828114496, -0.00225537037477, 0.00235670199618, -0.00192983867601, 0.00147472915705, -0.0023184325546, 0.00281654507853, -0.00251026870683, 0.0026039048098], [-0.0011569855269, -0.000160891053383, -0.00256485166028, 0.00699380692095, -0.00118858006317, -0.000291030213702, -0.000320363295032, 0.00327953882515, -0.00375586026348, 0.000129341715365, -0.000938715820666, 0.00114524061792, -0.00362306530587], [0.000458780996269, -0.00266925408505, -0.000219828114496, -0.00118858006317, 0.00718771992251, -0.00127533741761, 0.000456208130345, -0.00270373048261, 0.00100412033498, -0.00253045908175, 0.00110008264892, -0.0016541692894, 0.00198321253993], [-0.000850464566611, 0.00319884321652, -0.00225537037477, -0.000291030213702, -0.00127533741761, 0.00985790416598, -0.00471143424511, -0.000616204342805, 0.00188839819748, 0.00179328722879, -0.00599907990545, 0.0034318191465, -0.00198156479746], [0.000430150481407, -0.00277221691795, 0.00235670199618, -0.000320363295032, 0.000456208130345, -0.00471143424511, 0.00824463553727, -0.00122833880596, -0.00154700269923, -0.00140995532274, 0.00304047693498, -0.00203305156901, 0.000596808793489], [-0.000610030605458, 0.00292168394662, -0.00192983867601, 0.00327953882515, -0.00270373048261, -0.000616204342805, -0.00122833880596, 0.0122050223872, -0.0056782765314, -0.00167331530247, 0.00123405153863, 0.000576969061513, -0.00258219358511], [0.000963659724221, -0.00118919590022, 0.00147472915705, -0.00375586026348, 0.00100412033498, 0.00188839819748, -0.00154700269923, -0.0056782765314, 0.0121351033449, 0.00071281491546, -0.00303446105681, -0.000239867062191, 0.00321952207014], [-0.000522810325492, 0.00270723318681, -0.0023184325546, 0.000129341715365, -0.00253045908175, 0.00179328722879, -0.00140995532274, -0.00167331530247, 0.00071281491546, 0.0146239222959, -0.00309565826319, -0.0015722210519, -0.00161949102767], [0.000684395665303, -0.00351283256896, 0.00281654507853, -0.000938715820666, 0.00110008264892, -0.00599907990545, 0.00304047693498, 0.00123405153863, -0.00303446105681, -0.00309565826319, 0.0180427134037, -0.00421092798933, -0.0018885807367], [-0.000865135923959, 0.00329881650396, -0.00251026870683, 0.00114524061792, -0.0016541692894, 0.0034318191465, -0.00203305156901, 0.000576969061513, -0.000239867062191, -0.0015722210519, -0.00421092798933, 0.0194177161902, -0.00258577009663], [0.00118924200069, -0.00234124506824, 0.0026039048098, -0.00362306530587, 0.00198321253993, -0.00198156479746, 0.000596808793489, -0.00258219358511, 0.00321952207014, -0.00161949102767, -0.0018885807367, -0.00258577009663, 0.0227450821549]]
    },
    "melbands": {
        "dmean": [0.00176063668914, 0.00180993264075, 0.000557058199774, 0.000658543605823, 0.000277326296782, 0.000244310998823, 0.000211934326217, 0.000159232979058, 0.000142813034472, 0.000312602438498, 0.000233852799283, 0.000128691273858, 9.73065325525e-05, 9.93685534922e-05, 9.6182586276e-05, 6.31434668321e-05, 5.83453402214e-05, 4.32229680882e-05, 3.86486681236e-05, 2.19451594603e-05, 1.829829489e-05, 1.65579585882e-05, 1.29641857711e-05, 1.18074422062e-05, 9.52576374402e-06, 8.66837308422e-06, 7.14774387234e-06, 4.62369007437e-06, 3.10570021611e-06, 2.92331969831e-06, 2.96771918329e-06, 3.04799937112e-06, 3.13492955684e-06, 2.64917161985e-06, 1.78015454821e-06, 1.23419613374e-06, 1.21205357573e-06, 1.1853005617e-06, 9.69548977992e-07, 7.52704124807e-07],
        "dmean2": [0.00295359198935, 0.003113420913, 0.000933200120926, 0.00107849820051, 0.000480359361973, 0.000407770188758, 0.00035210425267, 0.000264518224867, 0.000240402849158, 0.000515802239534, 0.000390192173654, 0.000214472936932, 0.00016352829698, 0.000166746496689, 0.00016343385505, 0.000106336345198, 9.6676281828e-05, 7.24330748199e-05, 6.47931155981e-05, 3.67374013877e-05, 3.03664855892e-05, 2.75024176517e-05, 2.11350270547e-05, 1.92304396478e-05, 1.5671366782e-05, 1.44220457514e-05, 1.19024780361e-05, 7.7242802945e-06, 5.22498248756e-06, 5.03823957843e-06, 5.08598577653e-06, 5.11629923494e-06, 5.29209955857e-06, 4.41703605247e-06, 2.9944230846e-06, 2.06797631108e-06, 2.01614420803e-06, 1.93499522538e-06, 1.56763110226e-06, 1.20993718156e-06],
        "dvar": [8.21670164441e-06, 8.10103483673e-06, 7.02465229097e-07, 1.3695718053e-06, 2.27411476317e-07, 2.41421048486e-07, 1.47550110796e-07, 8.82334489916e-08, 6.74787798971e-08, 3.14827047987e-07, 2.30645923693e-07, 6.61208545694e-08, 2.55937653293e-08, 2.70567621641e-08, 2.41301911785e-08, 9.20757070588e-09, 6.85788181798e-09, 3.26577231924e-09, 2.4603106219e-09, 7.24939219765e-10, 6.13215367373e-10, 5.59059909477e-10, 4.9563619875e-10, 3.93914678654e-10, 2.0272400425e-10, 1.79001757861e-10, 1.10272936615e-10, 4.81263293106e-11, 1.89185628968e-11, 2.18633722238e-11, 2.74676600909e-11, 2.58644217155e-11, 2.80475000863e-11, 2.42110845261e-11, 1.20486554761e-11, 7.49899621566e-12, 7.13215120643e-12, 1.04358535702e-11, 6.86580826914e-12, 3.96597381672e-12],
        "dvar2": [2.13619332499e-05, 2.28335702559e-05, 1.75841671535e-06, 3.36430207426e-06, 6.27831354905e-07, 6.27553163213e-07, 3.85958799143e-07, 2.36937324871e-07, 1.8551411074e-07, 8.66083269102e-07, 6.26054884378e-07, 1.84011113902e-07, 7.13758510074e-08, 7.38600576256e-08, 6.70286652849e-08, 2.52742822227e-08, 1.80970971542e-08, 8.59064641645e-09, 6.43239905784e-09, 1.86243076516e-09, 1.57482105134e-09, 1.44095135823e-09, 1.18206044952e-09, 9.64016977356e-10, 5.23585452772e-10, 4.6530507225e-10, 2.90121204838e-10, 1.27190827315e-10, 5.04899108633e-11, 5.94717261548e-11, 7.39436775699e-11, 6.74626188246e-11, 7.42186381797e-11, 6.34304761493e-11, 3.10508181667e-11, 1.9222705025e-11, 1.66490588677e-11, 2.40940184471e-11, 1.44796527199e-11, 8.82100035376e-12],
        "max": [0.052308242768, 0.0310347266495, 0.0102416668087, 0.0131449988112, 0.0082706362009, 0.0119096385315, 0.00755145493895, 0.00636888807639, 0.0039764624089, 0.010938340798, 0.0112826824188, 0.00722916331142, 0.00323146115988, 0.00219511473551, 0.00279743294232, 0.00164053984918, 0.00130459468346, 0.00126937171444, 0.000848275492899, 0.000562635075767, 0.000471230421681, 0.000506591866724, 0.000384582672268, 0.000454933207948, 0.000396557821659, 0.000448086386314, 0.000250045588473, 0.000137936265673, 7.07608633093e-05, 7.5617856055e-05, 0.000116914823593, 9.20102975215e-05, 0.000112649693619, 8.86116904439e-05, 6.73597096466e-05, 7.21090982552e-05, 5.76104757783e-05, 0.000119372634799, 9.21553873923e-05, 8.92280659173e-05],
        "mean": [0.00267013302073, 0.00275583006442, 0.000736051180866, 0.000815007893834, 0.000421232951339, 0.000404725928092, 0.000342166866176, 0.000245491683017, 0.000220418674871, 0.000554069993086, 0.000417205941631, 0.00023000787769, 0.000178246948053, 0.000188701233128, 0.000174976303242, 0.000117687428428, 0.000116783594422, 8.43600937515e-05, 7.22203403711e-05, 4.45933983428e-05, 3.69238041458e-05, 3.39255711879e-05, 2.76152077276e-05, 2.46579838858e-05, 2.10677644645e-05, 1.85085118574e-05, 1.53948440129e-05, 1.01527039078e-05, 6.54939003653e-06, 5.71076907363e-06, 5.61216074857e-06, 5.76433058086e-06, 5.69699341213e-06, 4.7334951887e-06, 2.92166350846e-06, 1.99553096536e-06, 2.12523059417e-06, 2.2994995561e-06, 1.96489804694e-06, 1.42691135352e-06],
        "median": [0.00169007549994, 0.002029849682, 0.000413950561779, 0.000352700822987, 0.000247922958806, 0.00021986552747, 0.000200342023163, 0.000142181306728, 0.000116083581815, 0.000234037666814, 0.000172723317519, 0.000102956386399, 9.01227758732e-05, 9.09465088625e-05, 8.28494230518e-05, 6.37377161183e-05, 6.96904025972e-05, 5.95814999542e-05, 5.10866702825e-05, 3.3647629607e-05, 2.50322627835e-05, 2.26547490456e-05, 1.41475693454e-05, 1.48958661157e-05, 1.55052784976e-05, 1.31840606628e-05, 9.73615715338e-06, 6.66743380862e-06, 4.77341063743e-06, 3.92164702134e-06, 2.96991538562e-06, 3.05579305859e-06, 2.9975005873e-06, 2.36185815083e-06, 1.68023052538e-06, 1.13377768685e-06, 1.2459267964e-06, 1.45634089677e-06, 1.22640267364e-06, 7.71068016547e-07],
        "min": [9.82834386522e-24, 1.00424225711e-23, 1.38513719765e-23, 4.46828921075e-24, 3.12495690791e-24, 4.12373172786e-24, 4.90841285357e-24, 9.54638288959e-24, 9.35117689201e-24, 1.07670615212e-23, 1.42696323393e-23, 1.01088517591e-23, 1.3272632062e-23, 4.711142407e-24, 4.97404095329e-24, 5.88847234298e-24, 1.47143084984e-23, 5.79222105735e-24, 8.32630221458e-24, 5.28719782785e-24, 1.253573658e-23, 7.24967352861e-24, 8.58456817521e-24, 8.81646803779e-24, 6.07565010312e-24, 5.36378596656e-24, 9.42998882961e-24, 8.34894015598e-24, 6.09406566652e-24, 6.68167237761e-24, 1.2682642991e-23, 8.81474832102e-24, 7.19066988834e-24, 6.90214953428e-24, 9.54209937488e-24, 9.34619760198e-24, 8.11312517672e-24, 1.01350135421e-23, 8.38644970316e-24, 8.35524473234e-24],
        "var": [1.33465327963e-05, 8.79901836015e-06, 8.81913592821e-07, 1.69765746705e-06, 2.86963683038e-07, 4.23951433959e-07, 2.25766797257e-07, 1.14694188369e-07, 1.0522978755e-07, 7.83543498528e-07, 5.54920575269e-07, 1.58187745569e-07, 6.37038013451e-08, 6.87703476387e-08, 6.04829040185e-08, 1.97915905886e-08, 1.77532726298e-08, 7.16300441184e-09, 5.11607778364e-09, 1.62189828234e-09, 1.48185386184e-09, 1.44713807604e-09, 1.45128431495e-09, 9.39192279503e-10, 5.02488495258e-10, 4.24906831942e-10, 3.1654892596e-10, 1.51966259021e-10, 4.66353552997e-11, 3.79655161475e-11, 5.48177579718e-11, 5.62862673137e-11, 5.19940687727e-11, 4.04738395576e-11, 1.66096459503e-11, 1.00814114001e-11, 1.27102061515e-11, 1.74714045315e-11, 1.40884040545e-11, 7.73588137992e-12]
    },
    "mfcc": {
        "mean": [-588.043029785, 115.177696228, -11.5029592514, 9.93131732941, 2.38037371635, 7.71269845963, 3.57965707779, 6.90596199036, 2.47132658958, 5.60544919968, 4.08717536926, -1.96639323235, 0.472435176373],
        "cov": [[2317.37890625, -664.271240234, 580.265441895, 135.683609009, 256.035186768, 200.406051636, 175.532592773, -9.97805500031, 31.348772049, -13.4583339691, 70.9757537842, -17.1504611969, 21.9852104187], [-664.271240234, 714.462890625, -157.36819458, 160.51121521, -6.389731884, 25.7845058441, -13.9160957336, 12.8013086319, -26.9349689484, 1.89100384712, -25.993724823, 15.3268995285, 10.4865617752], [580.265441895, -157.36819458, 692.8046875, 220.892684937, 296.359741211, 143.00567627, 89.725402832, -19.937620163, 41.1613502502, 20.1109447479, 23.6961154938, 27.6637077332, 45.0547332764], [135.683609009, 160.51121521, 220.892684937, 359.519256592, 170.682128906, 98.1180419922, -0.29607886076, -9.07604694366, 18.7427577972, 29.1518650055, 3.31104421616, 5.77558135986, 40.9912414551], [256.035186768, -6.389731884, 296.359741211, 170.682128906, 355.489868164, 58.3820228577, 51.4923858643, -21.8178367615, 30.5590133667, 23.2494945526, 25.2627506256, 26.8397674561, 30.9673595428], [200.406051636, 25.7845058441, 143.00567627, 98.1180419922, 58.3820228577, 189.804748535, 92.3453674316, 15.090927124, 7.81273031235, 6.18279790878, 9.85615348816, 21.7829875946, 21.0152492523], [175.532592773, -13.9160957336, 89.725402832, -0.29607886076, 51.4923858643, 92.3453674316, 186.417984009, 9.60785388947, 38.1753807068, 6.71977043152, 16.1177120209, 25.5963745117, 5.27659797668], [-9.97805500031, 12.8013086319, -19.937620163, -9.07604694366, -21.8178367615, 15.090927124, 9.60785388947, 124.97568512, 27.1532287598, 32.910194397, 38.1517829895, -7.06702136993, -0.829728424549], [31.348772049, -26.9349689484, 41.1613502502, 18.7427577972, 30.5590133667, 7.81273031235, 38.1753807068, 27.1532287598, 99.3167037964, 41.901599884, 25.3714027405, 13.5304889679, -1.01506268978], [-13.4583339691, 1.89100384712, 20.1109447479, 29.1518650055, 23.2494945526, 6.18279790878, 6.71977043152, 32.910194397, 41.901599884, 88.3738250732, 34.9865875244, 7.32648611069, 5.38642311096], [70.9757537842, -25.993724823, 23.6961154938, 3.31104421616, 25.2627506256, 9.85615348816, 16.1177120209, 38.1517829895, 25.3714027405, 34.9865875244, 83.041885376, 14.5299253464, 3.40869641304], [-17.1504611969, 15.3268995285, 27.6637077332, 5.77558135986, 26.8397674561, 21.7829875946, 25.5963745117, -7.06702136993, 13.5304889679, 7.32648611069, 14.5299253464, 70.1344146729, 22.7529754639], [21.9852104187, 10.4865617752, 45.0547332764, 40.9912414551, 30.9673595428, 21.0152492523, 5.27659797668, -0.829728424549, -1.01506268978, 5.38642311096, 3.40869641304, 22.7529754639, 60.0415306091]],
