{
"lowlevel": {
    "average_loudness": 0.507212996483,
    "barkbands_crest": {
        "dmean": 2.15049409866,
        "dmean2": 3.55250811577,
        "dvar": 4.64595413208,
        "dvar2": 12.4482183456,
        "max": 25.6266651154,
        "mean": 9.67384147644,
        "median": 8.80063819885,
        "min": 2.66342735291,
        "var": 16.4195327759
    },
    "barkbands_flatness_db": {
        "dmean": 0.0190873574466,
        "dmean2": 0.0292991474271,
        "dvar": 0.000433383771451,
        "dvar2": 0.000909569032956,
        "max": 0.537749230862,
        "mean": 0.178849413991,
        "median": 0.139905005693,
        "min": 0.0377606861293,
        "var": 0.00930104125291
    },
    "barkbands_kurtosis": {
        "dmean": 2.57190179825,
        "dmean2": 4.11981964111,
        "dvar": 30.946805954,
        "dvar2": 70.9635391235,
        "max": 147.699005127,
        "mean": 5.50026941299,
        "median": 1.21027255058,
        "min": -1.89673650265,
        "var": 145.890304565
    },
    "barkbands_skewness": {
        "dmean": 0.438191711903,
        "dmean2": 0.68573975563,
        "dvar": 0.320682883263,
        "dvar2": 0.711736559868,
        "max": 10.8887052536,
        "mean": 1.42641448975,
        "median": 1.15326833725,
        "min": -5.33201360703,
        "var": 1.83733463287
    },
    "barkbands_spread": {
        "dmean": 3.97074437141,
        "dmean2": 6.23637199402,
        "dvar": 33.2548751831,
        "dvar2": 70.6454772949,
        "max": 87.5083312988,
        "mean": 19.2001075745,
        "median": 18.9903125763,
        "min": 0.667252898216,
        "var": 173.164627075
    },
    "dissonance": {
        "dmean": 0.0215068813413,
        "dmean2": 0.036400526762,
        "dvar": 0.000491713406518,
        "dvar2": 0.00130719295703,
        "max": 0.500000119209,
        "mean": 0.452432751656,
        "median": 0.467266738415,
        "min": 0.146687492728,
        "var": 0.00199013133533
    },
    "dynamic_complexity": 3.71095514297,
    "erbbands_crest": {
        "dmean": 2.30806159973,
        "dmean2": 3.81492424011,
        "dvar": 4.50299930573,
        "dvar2": 11.500617981,
        "max": 27.3254795074,
        "mean": 9.19414806366,
        "median": 8.34762573242,
        "min": 2.60332918167,
        "var": 15.734372139
    },
    "erbbands_flatness_db": {
        "dmean": 0.016010645777,
        "dmean2": 0.0232316944748,
        "dvar": 0.000271459779469,
        "dvar2": 0.00052628206322,
        "max": 0.476044327021,
        "mean": 0.202292427421,
        "median": 0.185961037874,
        "min": 0.0720904842019,
        "var": 0.00429745018482
    },
    "erbbands_kurtosis": {
        "dmean": 0.984459638596,
        "dmean2": 1.55226457119,
        "dvar": 3.17289543152,
        "dvar2": 7.37349033356,
        "max": 49.5618057251,
        "mean": 1.26916861534,
        "median": 0.159509420395,
        "min": -1.70642244816,
        "var": 10.8588829041
    },
    "erbbands_skewness": {
        "dmean": 0.313653767109,
        "dmean2": 0.48762434721,
        "dvar": 0.126204192638,
        "dvar2": 0.248019501567,
        "max": 4.26142883301,
        "mean": 0.57830786705,
        "median": 0.476814210415,
        "min": -5.93382644653,
        "var": 0.821539878845
    },
    "erbbands_spread": {
        "dmean": 5.29445981979,
        "dmean2": 8.30766677856,
        "dvar": 47.3807754517,
        "dvar2": 113.921684265,
        "max": 115.280036926,
        "mean": 28.2755336761,
        "median": 26.3915290833,
        "min": 3.68264555931,
        "var": 173.003707886
    },
    "hfc": {
        "dmean": 4.35480117798,
        "dmean2": 6.95190525055,
        "dvar": 39.9045333862,
        "dvar2": 97.7292480469,
        "max": 145.41758728,
        "mean": 22.5908260345,
        "median": 19.151058197,
        "min": 1.19167860974e-16,
        "var": 364.218200684
    },
    "melbands_crest": {
        "dmean": 2.70387721062,
        "dmean2": 4.41452980042,
        "dvar": 7.73983716965,
        "dvar2": 19.6843090057,
        "max": 38.487411499,
        "mean": 13.4579877853,
        "median": 12.2599878311,
        "min": 2.40574908257,
        "var": 30.7673473358
    },
    "melbands_flatness_db": {
        "dmean": 0.0226180125028,
        "dmean2": 0.0339875370264,
        "dvar": 0.000712226319592,
        "dvar2": 0.00138624734245,
        "max": 0.697869300842,
        "mean": 0.233520314097,
        "median": 0.176692336798,
        "min": 0.00592255871743,
        "var": 0.0160330366343
    },
    "melbands_kurtosis": {
        "dmean": 4.75954151154,
        "dmean2": 7.79993867874,
        "dvar": 123.417198181,
        "dvar2": 315.022827148,
        "max": 308.92098999,
        "mean": 10.0879850388,
        "median": 4.93395137787,
        "min": -1.90597462654,
        "var": 374.126586914
    },
    "melbands_skewness": {
        "dmean": 0.549673080444,
        "dmean2": 0.873686134815,
        "dvar": 0.520072519779,
        "dvar2": 1.28997576237,
        "max": 15.6542139053,
        "mean": 2.09419369698,
        "median": 1.85001862049,
        "min": -3.35431528091,
        "var": 2.0972943306
    },
    "melbands_spread": {
        "dmean": 5.47445440292,
        "dmean2": 8.51100254059,
        "dvar": 91.5658416748,
        "dvar2": 181.1118927,
        "max": 209.232940674,
        "mean": 23.4478302002,
        "median": 21.0642585754,
        "min": 0.790762603283,
        "var": 369.137145996
    },
    "pitch_salience": {
        "dmean": 0.060087479651,
        "dmean2": 0.0993295460939,
        "dvar": 0.00324385822751,
        "dvar2": 0.0085025569424,
        "max": 0.932372927666,
        "mean": 0.558164179325,
        "median": 0.562956571579,
        "min": 0.0574355311692,
        "var": 0.0122780995443
    },
    "silence_rate_20dB": {
        "dmean": 0,
        "dmean2": 0,
        "dvar": 0,
        "dvar2": 0,
        "max": 1,
        "mean": 1,
        "median": 1,
        "min": 1,
        "var": 0
    },
    "silence_rate_30dB": {
        "dmean": 0.00925587583333,
        "dmean2": 0.0185140073299,
        "dvar": 0.0091697871685,
        "dvar2": 0.0232860054821,
        "max": 1,
        "mean": 0.989527523518,
        "median": 1,
        "min": 0,
        "var": 0.0103629473597
    },
    "silence_rate_60dB": {
        "dmean": 0.0175374504179,
        "dmean2": 0.0349573679268,
        "dvar": 0.0172279793769,
        "dvar2": 0.0378754064441,
        "max": 1,
        "mean": 0.0913297608495,
        "median": 0,
        "min": 0,
        "var": 0.0830039605498
    },
    "spectral_centroid": {
        "dmean": 185.046936035,
        "dmean2": 283.002471924,
        "dvar": 84443.46875,
        "dvar2": 142693.390625,
        "max": 11741.7548828,
        "mean": 1237.2376709,
        "median": 1303.73535156,
        "min": 165.430892944,
        "var": 513391.96875
    },
    "spectral_complexity": {
        "dmean": 2.44501280785,
        "dmean2": 4.05663824081,
        "dvar": 5.55357456207,
        "dvar2": 14.5478467941,
        "max": 48,
        "mean": 20.6898441315,
        "median": 24,
        "min": 0,
        "var": 135.11517334
    },
    "spectral_decrease": {
        "dmean": 2.18068318958e-09,
        "dmean2": 3.64519481266e-09,
        "dvar": 1.97193488742e-17,
        "dvar2": 5.51716729991e-17,
        "max": -5.39237694566e-29,
        "mean": -7.0995174184e-09,
        "median": -6.56325216397e-09,
        "min": -6.81120724266e-08,
        "var": 3.44125762929e-17
    },
    "spectral_energy": {
        "dmean": 0.00850965734571,
        "dmean2": 0.0142240598798,
        "dvar": 0.000287764822133,
        "dvar2": 0.000805399089586,
        "max": 0.261006772518,
        "mean": 0.0288443397731,
        "median": 0.0267295017838,
        "min": 1.10124057445e-20,
        "var": 0.000536927429494
    },
    "spectral_energyband_high": {
        "dmean": 0.00022318919946,
        "dmean2": 0.000340100232279,
        "dvar": 4.04746003824e-07,
        "dvar2": 8.47993078423e-07,
        "max": 0.0177077464759,
        "mean": 0.000696934526786,
        "median": 0.000385907129385,
        "min": 7.94188546133e-21,
        "var": 1.22799531255e-06
    },
    "spectral_energyband_low": {
        "dmean": 0.00492502935231,
        "dmean2": 0.00853114482015,
        "dvar": 0.000253637699643,
        "dvar2": 0.000715134723578,
        "max": 0.245716512203,
        "mean": 0.00875819567591,
        "median": 0.00571789592505,
        "min": 1.185864559e-22,
        "var": 0.000298445229419
    },
    "spectral_energyband_middle_high": {
        "dmean": 0.00195914995857,
        "dmean2": 0.00311422930099,
        "dvar": 8.67649487191e-06,
        "dvar2": 2.277879139e-05,
        "max": 0.0562690012157,
        "mean": 0.00790043268353,
        "median": 0.00560888648033,
        "min": 1.72333548661e-21,
        "var": 6.91861423547e-05
    },
    "spectral_energyband_middle_low": {
        "dmean": 0.00451350444928,
        "dmean2": 0.00732744392008,
        "dvar": 4.5410641178e-05,
        "dvar2": 0.00012267351849,
        "max": 0.106555692852,
        "mean": 0.01222267095,
        "median": 0.0104239080101,
        "min": 3.26926223934e-22,
        "var": 9.48260567384e-05
    },
    "spectral_entropy": {
        "dmean": 0.129538431764,
        "dmean2": 0.192230537534,
        "dvar": 0.0268734879792,
        "dvar2": 0.0441666841507,
        "max": 9.80471992493,
        "mean": 7.26516675949,
        "median": 7.62472343445,
        "min": 4.3978767395,
        "var": 0.631833791733
    },
    "spectral_flux": {
        "dmean": 0.0211885143071,
        "dmean2": 0.0341208279133,
        "dvar": 0.000906368193682,
        "dvar2": 0.00189855904318,
        "max": 0.431914150715,
        "mean": 0.0807390958071,
        "median": 0.0761073231697,
        "min": 1.04940008072e-10,
        "var": 0.00279595935717
    },
    "spectral_kurtosis": {
        "dmean": 5.19891881943,
        "dmean2": 8.53199481964,
        "dvar": 171.355331421,
        "dvar2": 438.90713501,
        "max": 370.828308105,
        "mean": 13.3036727905,
        "median": 4.03158140182,
        "min": -1.19713115692,
        "var": 923.091003418
    },
    "spectral_rms": {
        "dmean": 0.000677658303175,
        "dmean2": 0.00109749636613,
        "dvar": 9.69194502431e-07,
        "dvar2": 2.58682734966e-06,
        "max": 0.015957467258,
        "mean": 0.00487957382575,
        "median": 0.00510661955923,
        "min": 3.27777518669e-12,
        "var": 4.33065542893e-06
    },
    "spectral_rolloff": {
        "dmean": 319.914703369,
        "dmean2": 527.232727051,
        "dvar": 392073.21875,
        "dvar2": 752852.875,
        "max": 18798.4863281,
        "mean": 1294.1394043,
        "median": 1119.7265625,
        "min": 43.06640625,
        "var": 1145577.875
    },
    "spectral_skewness": {
        "dmean": 0.378284573555,
        "dmean2": 0.612026810646,
        "dvar": 0.392892628908,
        "dvar2": 0.997273623943,
        "max": 16.6844921112,
        "mean": 2.12212824821,
        "median": 1.50757789612,
        "min": -0.603570699692,
        "var": 3.17891335487
    },
    "spectral_spread": {
        "dmean": 387100.84375,
        "dmean2": 584009.6875,
        "dvar": 398551416832,
        "dvar2": 622983643136,
        "max": 40338080,
        "mean": 3536382.25,
        "median": 3633143,
        "min": 334192.5625,
        "var": 1.76428639846e+12
    },
    "spectral_strongpeak": {
        "dmean": 0.61601382494,
        "dmean2": 1.0537468195,
        "dvar": 1.12223172188,
        "dvar2": 2.86877727509,
        "max": 13.3149518967,
        "mean": 1.12667119503,
        "median": 0.519983172417,
        "min": 0,
        "var": 2.3200199604
    },
    "zerocrossingrate": {
        "dmean": 0.00677902763709,
        "dmean2": 0.00816018506885,
        "dvar": 0.000116520830488,
        "dvar2": 0.000116293740575,
        "max": 0.48681640625,
        "mean": 0.0503391101956,
        "median": 0.05126953125,
        "min": 0.00341796875,
        "var": 0.00101614976302
    },
    "barkbands": {
        "dmean": [0.000504336378071, 0.00344329909422, 0.00133625161834, 0.00108789699152, 0.00134076422546, 0.00130377453752, 0.000706342980266, 0.000688087544404, 0.0014969605254, 0.000799756729975, 0.000717108079698, 0.000615277094766, 0.000383941776818, 0.00040726349107, 0.000343814463122, 0.000268638250418, 0.000203754912945, 0.000164177792612, 0.000157160640811, 0.000107145715447, 5.85475609114e-05, 0.000101838595583, 6.10072092968e-05, 2.67095292656e-05, 1.89520578715e-05, 6.40118423689e-06, 1.42210637932e-07],
        "dmean2": [0.000829465338029, 0.0059853293933, 0.00237851263955, 0.00186356937047, 0.00216143322177, 0.0020998606924, 0.00111278763507, 0.00108180055395, 0.00243645650335, 0.00131513469387, 0.00118542474229, 0.00100093905348, 0.000630986003671, 0.000663162383717, 0.000539785716683, 0.000436132278992, 0.000326782785123, 0.000267269235337, 0.000258113956079, 0.000173216321855, 9.48629603954e-05, 0.000158159527928, 9.56864532782e-05, 4.29959691246e-05, 2.944143489e-05, 1.01309078673e-05, 2.56766668372e-07],
        "dvar": [2.08149117498e-06, 0.000139871845022, 2.3402773877e-05, 8.97936388355e-06, 6.44533838567e-06, 6.33123909211e-06, 2.30001455748e-06, 2.48810215453e-06, 1.06520728878e-05, 3.60047624781e-06, 1.72087266037e-06, 1.61098307672e-06, 7.36117556244e-07, 1.22682251913e-06, 5.93550794292e-07, 4.41880189328e-07, 1.41222727734e-07, 7.98563064563e-08, 1.06480229078e-07, 5.37391393607e-08, 4.66175045233e-08, 7.31107903107e-08, 6.41859472239e-08, 7.62861329662e-09, 6.81505962774e-09, 6.28389174029e-10, 1.7654151795e-12],
        "dvar2": [4.78453193864e-06, 0.000397265801439, 6.76841154927e-05, 2.43500326178e-05, 1.61989228218e-05, 1.65092260431e-05, 5.71367900193e-06, 5.85036013945e-06, 3.01375857816e-05, 1.0064176422e-05, 4.62368370791e-06, 4.08028108723e-06, 1.80638244274e-06, 2.99996372632e-06, 1.2508328382e-06, 1.01837383681e-06, 3.24204023627e-07, 2.09439491528e-07, 2.72163902082e-07, 1.31752003085e-07, 9.66146345149e-08, 1.65597583646e-07, 1.50016290945e-07, 1.86441422301e-08, 1.62365427769e-08, 1.62481039734e-09, 5.09005034302e-12],
        "max": [0.074360512197, 0.172251582146, 0.0887858793139, 0.0449091531336, 0.0394755192101, 0.0524807088077, 0.0366915240884, 0.0355927161872, 0.0994655862451, 0.0338181704283, 0.021828379482, 0.0319676473737, 0.0169966090471, 0.026606189087, 0.0223001074046, 0.0262308195233, 0.0107894893736, 0.00460537383333, 0.0148166781291, 0.00859345495701, 0.0139192836359, 0.00834128726274, 0.0119364969432, 0.00243515870534, 0.00248628319241, 0.000838803942315, 5.2377814427e-05],
        "mean": [0.000722936645616, 0.00594116421416, 0.00157429440878, 0.00150672404561, 0.00266796862707, 0.00237455172464, 0.00131941318978, 0.00125163502526, 0.00265550939366, 0.00151626905426, 0.00125899561681, 0.00121404440142, 0.000698628544342, 0.000719230039977, 0.000722840253729, 0.000614660209976, 0.000461851566797, 0.000384616781957, 0.000376272888388, 0.000248901342275, 0.000131972847157, 0.000246498064371, 0.000134442627314, 5.95223536948e-05, 3.24305692629e-05, 8.86294219526e-06, 9.95886395572e-08],
        "median": [7.6215408626e-05, 0.00362581433728, 0.000724300160073, 0.000406954844948, 0.00120983901434, 0.00122021662537, 0.000529413286131, 0.000415883667301, 0.000953589100391, 0.000370969471987, 0.000515570747666, 0.000452921638498, 0.000282810535282, 0.000250444107223, 0.000316125631798, 0.000249069940764, 0.000230159566854, 0.00022070898558, 0.000238062435528, 0.000136711198138, 7.36751971999e-05, 8.30630306154e-05, 5.88596158195e-05, 2.72808028967e-05, 1.09138691187e-05, 5.40002531579e-07, 9.97310012352e-10],
        "min": [4.60212143547e-23, 7.3635205145e-23, 7.80544575786e-24, 2.34540306254e-23, 7.20707677522e-23, 3.39545612902e-23, 4.25937620274e-23, 5.42857219392e-23, 8.66502930541e-23, 9.19269584056e-23, 8.82388380362e-23, 5.87912158024e-23, 9.28760338052e-23, 5.1179711498e-23, 8.9052570148e-23, 3.0897864122e-22, 2.6441564887e-22, 2.30091086572e-22, 2.45743601544e-22, 5.02320825538e-22, 4.24286199922e-22, 5.76789597913e-22, 5.05678671934e-22, 8.87476747771e-22, 1.06001075041e-21, 1.88290783562e-21, 2.52531920028e-21],
        "var": [9.68385666056e-06, 0.000163947537658, 1.48332583194e-05, 9.42196038523e-06, 1.58259517775e-05, 1.211878498e-05, 5.0237472351e-06, 7.02119950802e-06, 2.07995362871e-05, 1.0226051927e-05, 4.1255434553e-06, 5.62702780371e-06, 1.76790160822e-06, 2.62546973318e-06, 1.92313495972e-06, 2.59795319835e-06, 6.47751903671e-07, 2.60111505668e-07, 2.55427920592e-07, 1.46586145888e-07, 8.47207104471e-08, 2.5483797117e-07, 1.03355098702e-07, 1.23575514266e-08, 8.70749961024e-09, 7.15109971239e-10, 1.04898945433e-12]
    },
    "erbbands": {
        "dmean": [0.113014280796, 0.755752563477, 1.53771305084, 2.58128666878, 4.37059736252, 4.38390445709, 7.95122289658, 10.9941425323, 8.03445529938, 13.6524181366, 17.2613182068, 28.7183742523, 32.2904205322, 25.443605423, 22.9405040741, 21.1015949249, 15.5444192886, 21.9731349945, 14.5637760162, 14.6449050903, 15.8542308807, 11.2806510925, 8.91311073303, 7.28317975998, 7.14262914658, 4.19951963425, 2.41692876816, 2.46050310135, 3.72617840767, 2.88477039337, 1.53446042538, 0.725301265717, 0.392796307802, 0.239291906357, 0.12487654388, 0.0380809232593, 0.0103632835671, 0.00121947412845, 2.8848016882e-05, 1.01967552837e-05],
        "dmean2": [0.190465435386, 1.34365141392, 2.75932478905, 4.47363185883, 7.23837661743, 7.13379907608, 12.9564943314, 17.7340373993, 12.7052154541, 20.9906005859, 27.5103931427, 47.3733139038, 53.6521186829, 41.3453140259, 37.7971458435, 34.2842445374, 25.3459873199, 35.7539291382, 22.6888256073, 22.9365367889, 25.6678180695, 18.1484527588, 14.3930311203, 11.9187812805, 11.4110422134, 6.69120645523, 3.95393180847, 3.9911801815, 5.80096340179, 4.47755002975, 2.43382692337, 1.16905844212, 0.633287847042, 0.379563838243, 0.194225683808, 0.0606266744435, 0.0162830650806, 0.00201230822131, 4.7053610615e-05, 1.69819741132e-05],
        "dvar": [0.133572846651, 7.74491643906, 35.2330322266, 48.0822105408, 105.500610352, 84.9164352417, 250.28036499, 563.327819824, 438.860656738, 719.588378906, 1586.98803711, 5926.3984375, 4422.47509766, 2909.83740234, 1731.88830566, 2209.38305664, 1001.78710938, 3689.41577148, 928.713378906, 852.362121582, 1875.44848633, 454.890167236, 244.060134888, 172.874923706, 188.37940979, 96.8866577148, 138.608566284, 48.4321670532, 111.172790527, 77.9200820923, 38.5835876465, 5.91939735413, 1.77823257446, 1.08995783329, 0.290856868029, 0.0240885019302, 0.00152220763266, 3.93530353904e-05, 1.94359675021e-08, 3.76643827238e-10],
        "dvar2": [0.354892402887, 22.3836097717, 101.78931427, 131.705551147, 271.798797607, 215.186599731, 622.287597656, 1468.23986816, 1127.10998535, 1638.0111084, 3926.95727539, 17134.8515625, 12415.6318359, 8010.44726562, 4488.66601562, 5665.05419922, 2494.44921875, 9070.68164062, 2000.02722168, 1795.52636719, 4295.74316406, 1004.12225342, 616.226257324, 433.555786133, 452.967315674, 249.758514404, 279.89755249, 113.962524414, 264.96105957, 179.708511353, 91.4032516479, 14.0001630783, 4.35531806946, 2.68121027946, 0.66998821497, 0.0608534477651, 0.00398193718866, 0.000108975844341, 5.24874579355e-08, 1.04930042433e-09],
        "max": [12.0246629715, 40.8388710022, 96.0239181519, 97.2982711792, 145.229629517, 200.222183228, 348.831298828, 581.942565918, 524.295227051, 763.805908203, 892.166870117, 2612.59106445, 1122.42602539, 1041.34082031, 812.712890625, 1559.29199219, 790.899719238, 1534.48535156, 879.589233398, 642.786437988, 1785.82897949, 590.830993652, 258.304870605, 439.30480957, 451.61541748, 487.957885742, 864.092590332, 215.151443481, 344.650085449, 319.513427734, 286.889862061, 84.994392395, 41.5025672913, 31.6979656219, 18.1022491455, 5.47202777863, 1.30523121357, 0.175592407584, 0.00392638333142, 0.000286157912342],
        "mean": [0.202806279063, 1.18230044842, 1.98635220528, 3.56751346588, 7.63970375061, 8.54254436493, 14.1781816483, 19.6515960693, 15.4440412521, 25.6846103668, 34.4343452454, 51.3187065125, 62.3650741577, 50.4444274902, 46.302646637, 43.5155220032, 33.0369338989, 42.0228462219, 32.5835227966, 31.823135376, 37.4721717834, 28.2372360229, 22.5731086731, 19.5673427582, 19.0243110657, 10.7915267944, 5.65271759033, 5.51287841797, 8.68225765228, 6.93279027939, 3.42244696617, 1.61584556103, 0.831969499588, 0.42760643363, 0.199409708381, 0.0578324198723, 0.0135691519827, 0.00124184624292, 4.5541790314e-05, 3.63344261132e-05],
        "median": [0.0751228034496, 0.69709277153, 1.09922409058, 1.43442344666, 2.44847011566, 3.98371863365, 6.32320213318, 9.46002292633, 7.40873336792, 11.1059360504, 11.7303333282, 19.0471668243, 20.4056510925, 20.3693962097, 21.9575634003, 18.2714557648, 15.3824939728, 14.491317749, 15.4796352386, 16.4412727356, 14.93816185, 14.4946708679, 13.0760583878, 13.3704948425, 11.0974197388, 6.5001411438, 3.28007507324, 2.978099823, 2.96880340576, 2.3943696022, 1.59078502655, 0.753614783287, 0.367001056671, 0.156100839376, 0.053593646735, 0.00859941076487, 0.000555559468921, 3.55608062819e-05, 2.05987889785e-05, 3.33260177285e-05],
        "min": [3.03529280963e-21, 1.36349511805e-20, 8.86460139567e-21, 5.83073991545e-20, 6.81287924484e-20, 3.93777727943e-19, 2.23820727343e-19, 3.42859307019e-19, 4.25021451204e-19, 1.37350797134e-18, 7.27229897596e-19, 1.80576050621e-18, 2.03850142003e-18, 5.27991246149e-18, 2.39772693491e-18, 2.82318356067e-18, 4.62846637007e-18, 2.0493656102e-18, 3.51353898733e-18, 1.61066805623e-17, 1.2010102493e-17, 1.17614759891e-17, 1.07915819055e-17, 1.44667006993e-17, 1.33735749023e-17, 2.31399425392e-17, 1.86456882914e-17, 1.77896523104e-17, 2.24972695253e-17, 1.49160053557e-17, 1.57333987672e-17, 1.33478512397e-17, 1.67133182799e-17, 1.17958263184e-17, 8.28675906946e-18, 6.76054383767e-18, 4.11522933772e-18, 1.27330724104e-18, 3.1667779986e-19, 3.80795147616e-20],
        "var": [0.299270272255, 6.55509281158, 23.0300483704, 44.4797821045, 202.817550659, 209.258865356, 576.235717773, 982.778137207, 688.074645996, 1964.27990723, 4619.81933594, 10060.171875, 11206.6328125, 7174.29003906, 4674.33251953, 7088.58056641, 3074.75, 8349.48046875, 3324.92236328, 2659.0690918, 11139.1728516, 2542.22167969, 878.104309082, 565.705993652, 675.220397949, 234.824493408, 237.201446533, 88.3446121216, 326.584838867, 211.320083618, 61.2251014709, 10.2274169922, 2.59775590897, 1.26995587349, 0.407092899084, 0.0293660741299, 0.00170536350925, 3.11481489916e-05, 1.67573901422e-08, 8.06916367058e-10]
    },
    "gfcc": {
        "mean": [-34.7730331421, 130.07925415, -134.641815186, 29.7166404724, -64.8767089844, 16.0902748108, -31.1563510895, 1.72766911983, -11.5520591736, -8.46469688416, -7.6398563385, -2.09222745895, -5.11400985718],
        "cov": [[14336.6103516, -5262.68701172, -2210.38647461, 2085.00317383, -755.547363281, 1321.41674805, -65.5403289795, 2017.17248535, -362.105651855, 1050.2722168, 94.5065155029, 566.44708252, 205.96182251], [-5262.68701172, 3293.98168945, 966.698120117, -682.753051758, 717.341552734, -596.805847168, 157.580032349, -898.78704834, 430.135620117, -561.08203125, 166.755691528, -235.420822144, -23.0829639435], [-2210.38647461, 966.698120117, 1076.28796387, -181.87651062, 196.756057739, -147.421112061, -102.874702454, -363.83380127, 8.74593544006, -122.975898743, -73.9768371582, -31.8979988098, -93.2872009277], [2085.00317383, -682.753051758, -181.87651062, 870.909301758, -196.153961182, 174.348068237, 31.4466590881, 193.77130127, -2.0558681488, 112.04309845, 96.3046340942, 37.6791877747, 82.8758239746], [-755.547363281, 717.341552734, 196.756057739, -196.153961182, 536.403320312, -40.3332099915, 49.3287200928, -11.4752178192, 77.4371490479, -19.8929042816, 31.2582874298, 30.3017902374, 25.4322052002], [1321.41674805, -596.805847168, -147.421112061, 174.348068237, -40.3332099915, 354.813171387, 60.6566467285, 247.285888672, -39.9627838135, 157.238555908, 2.81903171539, 61.7733612061, 39.4351387024], [-65.5403289795, 157.580032349, -102.874702454, 31.4466590881, 49.3287200928, 60.6566467285, 289.591339111, -12.5633029938, 59.6981658936, -1.95339989662, 46.9843940735, -10.7342453003, 6.93543672562], [2017.17248535, -898.78704834, -363.83380127, 193.77130127, -11.4752178192, 247.285888672, -12.5633029938, 527.080688477, -91.9375839233, 224.704910278, 20.0882892609, 91.7939147949, 73.7963943481], [-362.105651855, 430.135620117, 8.74593544006, -2.0558681488, 77.4371490479, -39.9627838135, 59.6981658936, -91.9375839233, 265.121917725, -90.3563461304, 47.8865661621, 6.40037298203, 4.67908620834], [1050.2722168, -561.08203125, -122.975898743, 112.04309845, -19.8929042816, 157.238555908, -1.95339989662, 224.704910278, -90.3563461304, 224.269683838, -13.1659250259, 75.5489044189, 33.1651306152], [94.5065155029, 166.755691528, -73.9768371582, 96.3046340942, 31.2582874298, 2.81903171539, 46.9843940735, 20.0882892609, 47.8865661621, -13.1659250259, 157.228637695, -9.83312606812, 48.696975708], [566.44708252, -235.420822144, -31.8979988098, 37.6791877747, 30.3017902374, 61.7733612061, -10.7342453003, 91.7939147949, 6.40037298203, 75.5489044189, -9.83312606812, 147.935943604, 10.0319957733], [205.96182251, -23.0829639435, -93.2872009277, 82.8758239746, 25.4322052002, 39.4351387024, 6.93543672562, 73.7963943481, 4.67908620834, 33.1651306152, 48.696975708, 10.0319957733, 130.068954468]],
        "icov": [[0.000417737319367, -4.47516977147e-05, 0.00051801558584, -0.000687521125656, 9.67085725279e-05, -0.000497192435432, 0.000348935485817, -0.00070102972677, 0.000107488340291, -0.000203949792194, 0.00012601648632, -0.000675693328958, 0.000704210717231], [-4.47516977147e-05, 0.00427208654583, -0.00199465593323, 0.00142210407648, -0.00351481791586, 0.00204788846895, -0.00157115305774, 0.00291984761134, -0.00275362073444, 0.00246901274659, -0.00357563956641, 0.00290191988461, -0.00242979614995], [0.00051801558584, -0.00199465593323, 0.00310133746825, -0.00164350471459, 0.000905630644411, -0.00191063503735, 0.00185019383207, -0.000808355922345, 0.00169919338077, -0.00148768699728, 0.00210491335019, -0.00216950778849, 0.00255690491758], [-0.000687521125656, 0.00142210407648, -0.00164350471459, 0.00318453460932, -0.00051520310808, 0.00110275461338, -0.00115451193415, 0.00173414475285, -0.00131463049911, 0.00078645371832, -0.00226197787561, 0.00188810308464, -0.00247470336035], [9.67085725279e-05, -0.00351481791586, 0.000905630644411, -0.00051520310808, 0.00562990549952, -0.00127157731913, 0.000612923060544, -0.00337553839199, 0.00157001870684, -0.00209632818587, 0.0023465489503, -0.00304331816733, 0.00120233139023], [-0.000497192435432, 0.00204788846895, -0.00191063503735, 0.00110275461338, -0.00127157731913, 0.00676926132292, -0.0025149085559, 0.000322460517054, -0.00178851513192, -0.000450664083473, -0.00127928005531, 0.00189706892706, -0.00226293085143], [0.000348935485817, -0.00157115305774, 0.00185019383207, -0.00115451193415, 0.000612923060544, -0.0025149085559, 0.00530828768387, -0.000442747463239, 0.000460521870991, -0.00144211121369, 0.000458227703348, -0.000953955051955, 0.00209520151839], [-0.00070102972677, 0.00291984761134, -0.000808355922345, 0.00173414475285, -0.00337553839199, 0.000322460517054, -0.000442747463239, 0.00826923269778, -0.00135329947807, -0.000647541426588, -0.00291725248098, 0.00251057464629, -0.00304990820587], [0.000107488340291, -0.00275362073444, 0.00169919338077, -0.00131463049911, 0.00157001870684, -0.00178851513192, 0.000460521870991, -0.00135329947807, 0.00711496686563, 0.000849560892675, 0.00138349446934, -0.00355628808029, 0.00165971345268], [-0.000203949792194, 0.00246901274659, -0.00148768699728, 0.00078645371832, -0.00209632818587, -0.000450664083473, -0.00144211121369, -0.000647541426588, 0.000849560892675, 0.0121158827096, -0.00131734728348, -0.00104787619784, -0.0023620154243], [0.00012601648632, -0.00357563956641, 0.00210491335019, -0.00226197787561, 0.0023465489503, -0.00127928005531, 0.000458227703348, -0.00291725248098, 0.00138349446934, -0.00131734728348, 0.0116814700887, -0.00183816778008, -0.000268981268164], [-0.000675693328958, 0.00290191988461, -0.00216950778849, 0.00188810308464, -0.00304331816733, 0.00189706892706, -0.000953955051955, 0.00251057464629, -0.00355628808029, -0.00104787619784, -0.00183816778008, 0.0119476951659, -0.00236593349837], [0.000704210717231, -0.00242979614995, 0.00255690491758, -0.00247470336035, 0.00120233139023, -0.00226293085143, 0.00209520151839, -0.00304990820587, 0.00165971345268, -0.0023620154243, -0.000268981268164, -0.00236593349837, 0.012448001653]]
    },
    "melbands": {
        "dmean": [0.000979405362159, 0.000864488189109, 0.000503618211951, 0.000293175049592, 0.000254481477896, 0.000243603222771, 0.000127118299133, 0.000145433790749, 0.000152033870108, 0.0002004798298, 0.00016534900351, 0.000106789841084, 9.40075406106e-05, 6.66871710564e-05, 5.28838572791e-05, 4.0503400669e-05, 4.10995598941e-05, 2.3982991479e-05, 2.92762706522e-05, 1.57831473189e-05, 1.99111982511e-05, 1.28202746055e-05, 1.04122045741e-05, 8.89811235538e-06, 6.4622604441e-06, 6.27697409072e-06, 5.47185300093e-06, 2.69159454547e-06, 1.77116521627e-06, 1.4053674704e-06, 1.61057187142e-06, 2.16095736505e-06, 2.54228552876e-06, 1.55510178956e-06, 1.05238666492e-06, 6.50018193937e-07, 4.24786918529e-07, 3.12845628514e-07, 2.39347258457e-07, 2.04071639587e-07],
        "dmean2": [0.00167448469438, 0.00155012472533, 0.000863364723045, 0.000477538706036, 0.000413101894083, 0.000391899811802, 0.000200230977498, 0.000223332332098, 0.000245679082582, 0.000330144917825, 0.000275093712844, 0.000173582069692, 0.000155397108756, 0.000108251115307, 8.64581816131e-05, 6.56328047626e-05, 6.66206033202e-05, 3.75304516638e-05, 4.58536815131e-05, 2.53782636719e-05, 3.21200022881e-05, 2.08329074667e-05, 1.64225166372e-05, 1.45626809172e-05, 1.06280531327e-05, 1.03175007098e-05, 8.67037124408e-06, 4.39282393927e-06, 2.91787432616e-06, 2.33425862461e-06, 2.59325702245e-06, 3.38485801876e-06, 4.00037379222e-06, 2.45253772846e-06, 1.69859083599e-06, 1.06107813735e-06, 6.91283560172e-07, 5.0699975418e-07, 3.95626699401e-07, 3.26084915514e-07],
        "dvar": [1.03401798697e-05, 1.10199462142e-05, 1.66624818121e-06, 3.50713747821e-07, 2.37207359532e-07, 2.53560045849e-07, 9.00152841155e-08, 7.73945671995e-08, 1.1964105795e-07, 2.59031793348e-07, 1.14215978897e-07, 5.46285718883e-08, 2.99629014933e-08, 2.18521147843e-08, 1.53116737067e-08, 9.87833725929e-09, 1.25846524313e-08, 2.88077539601e-09, 5.43039790912e-09, 1.18707210728e-09, 2.90436830142e-09, 5.57886903341e-10, 4.44125319854e-10, 2.78760736716e-10, 1.44990894291e-10, 2.23123533538e-10, 1.1767241348e-10, 6.08319783435e-11, 6.46733153142e-11, 2.00430887165e-11, 1.99191739492e-11, 4.02277863798e-11, 4.70050248724e-11, 3.74911421352e-11, 2.04433397294e-11, 5.08733029661e-12, 1.73663416547e-12, 9.76920475938e-13, 1.0427861916e-12, 7.47098617779e-13],
        "dvar2": [2.88210339932e-05, 3.17920930684e-05, 4.51662526757e-06, 8.95815162494e-07, 5.90722208926e-07, 6.61631816001e-07, 2.2931375554e-07, 1.76344300939e-07, 3.08211042466e-07, 7.45264117086e-07, 3.19837454299e-07, 1.50246066255e-07, 7.98665880097e-08, 5.29726804643e-08, 3.80518017096e-08, 2.43576856462e-08, 3.09462464543e-08, 6.45891651274e-09, 1.14929488149e-08, 2.69905009453e-09, 6.43489617147e-09, 1.3038075064e-09, 9.77954717207e-10, 7.30168869811e-10, 3.60483698447e-10, 5.74842229373e-10, 2.69823330346e-10, 1.62648339241e-10, 1.32369240569e-10, 4.51293273585e-11, 4.76517644787e-11, 9.87368103944e-11, 1.09301331874e-10, 9.32637578277e-11, 5.03672277496e-11, 1.19233451237e-11, 4.34350645728e-12, 2.40004153704e-12, 2.74500669591e-12, 1.78721718414e-12],
        "max": [0.0759023502469, 0.0493887290359, 0.018016686663, 0.0101698348299, 0.00952253490686, 0.0126052740961, 0.00782593339682, 0.00695459963754, 0.00644228281453, 0.0175578538328, 0.00568833528087, 0.00424153730273, 0.00302456878126, 0.0033702570945, 0.0037270123139, 0.00207121367566, 0.00273421965539, 0.00157022336498, 0.00195140449796, 0.000995998037979, 0.00203137029894, 0.000571418437175, 0.000631806906313, 0.000331725779688, 0.000391725305235, 0.000743748852983, 0.000295451609418, 0.000438692542957, 0.000573875557166, 0.000229678436881, 0.000129815976834, 0.000246932177106, 0.000183341355296, 0.000299102888675, 0.000212684710277, 8.21772482595e-05, 3.40127262461e-05, 2.51103338087e-05, 4.32925589848e-05, 2.64773370873e-05],
        "mean": [0.00174690806307, 0.00125862273853, 0.000762901152484, 0.000577119411901, 0.000473946885904, 0.00044401185005, 0.000246863404755, 0.000274102727417, 0.000295905483654, 0.000349463574821, 0.000313004449708, 0.00020325872174, 0.000171717343619, 0.000127922045067, 9.75222355919e-05, 7.64593933127e-05, 7.43308919482e-05, 4.74706757814e-05, 5.67077549931e-05, 3.30310649588e-05, 4.35650108557e-05, 2.74471422017e-05, 2.34217695834e-05, 1.96137789317e-05, 1.52513857756e-05, 1.44882014865e-05, 1.28111587401e-05, 5.74356818106e-06, 3.60905005437e-06, 2.85222836283e-06, 3.22242885886e-06, 4.45898194812e-06, 5.61899059903e-06, 3.25229075315e-06, 2.13306066144e-06, 1.27634075398e-06, 8.67748838118e-07, 6.16505303697e-07, 4.33182663073e-07, 3.34120244361e-07],
        "median": [0.000940183061175, 0.000770202837884, 0.000304540386423, 0.000243362999754, 0.000227704076678, 0.00022666429868, 0.000122040117276, 0.000116890427307, 8.62636807142e-05, 0.000118728647067, 9.38757875701e-05, 7.20832613297e-05, 7.71584600443e-05, 4.33151544712e-05, 3.524802014e-05, 2.60265805991e-05, 2.39370820054e-05, 2.09001791518e-05, 2.1750380256e-05, 1.7509675672e-05, 1.53416785906e-05, 1.383718336e-05, 1.08188387458e-05, 1.06199677248e-05, 9.95487062028e-06, 8.78130958881e-06, 5.71657119508e-06, 3.24713028022e-06, 1.88856370187e-06, 1.56567500653e-06, 1.54462213686e-06, 1.56446640176e-06, 1.57575527737e-06, 1.18228888368e-06, 9.63584170677e-07, 5.92477590544e-07, 3.56288353487e-07, 2.6343815307e-07, 1.65280482634e-07, 1.05771420067e-07],
        "min": [2.67727905417e-23, 8.84081228533e-24, 9.11691517988e-24, 1.55075349599e-23, 1.0683074656e-23, 7.21190207961e-24, 7.35691837981e-24, 1.5305791672e-23, 5.56596233909e-24, 1.25391641807e-23, 9.07344105539e-24, 2.0841755603e-23, 1.02364326555e-23, 6.60865265121e-24, 1.02087972803e-23, 7.24506027004e-24, 3.49376870819e-24, 4.98733404841e-24, 1.15651710316e-23, 2.70480872204e-23, 1.2357569978e-23, 1.38660384785e-23, 7.71663421943e-24, 1.36823190845e-23, 1.1348289503e-23, 8.94903690178e-24, 1.26336515733e-23, 1.61108715574e-23, 1.23016839161e-23, 1.15160928393e-23, 9.4643989423e-24, 1.35637327801e-23, 9.84615476674e-24, 7.77252107026e-24, 9.88905775593e-24, 7.403984188e-24, 8.17198208886e-24, 1.31388467745e-23, 8.61289459259e-24, 1.11691021149e-23],
        "var": [1.66689642356e-05, 7.98419205239e-06, 1.69931865912e-06, 9.05115598471e-07, 5.53552752081e-07, 4.55427141333e-07, 1.54992036983e-07, 2.19912593025e-07, 3.38806870559e-07, 4.43523759941e-07, 2.892967359e-07, 1.30228855255e-07, 7.14143411074e-08, 6.84986147803e-08, 4.88434217516e-08, 2.48686582438e-08, 2.73980873544e-08, 8.97381990939e-09, 1.50397330145e-08, 3.86118159668e-09, 1.70704730351e-08, 2.06828065785e-09, 1.6969577965e-09, 8.18226264521e-10, 3.94395877068e-10, 4.43354769564e-10, 4.79001449616e-10, 9.27667387352e-11, 1.11361808663e-10, 3.26604090994e-11, 3.44987198531e-11, 8.87102405422e-11, 1.64528016211e-10, 6.07569411448e-11, 2.80376034889e-11, 8.41937804197e-12, 2.78859053904e-12, 1.47936025409e-12, 1.04400928007e-12, 9.09850211665e-13]
    },
    "mfcc": {
        "mean": [-660.798828125, 140.903198242, -2.15728783607, 12.5396089554, -4.94907808304, 7.90911197662, -6.35903978348, 10.714474678, -4.19945192337, 1.08612823486, 1.52863180637, -6.4049077034, 0.926275193691],
        "cov": [[13374.8261719, -3931.72998047, -2370.18920898, 649.872558594, -84.0261688232, -228.00038147, 555.968811035, 785.060180664, 441.886810303, 703.585144043, 274.402801514, 578.127624512, 392.363952637], [-3931.72998047, 2152.63623047, 685.161682129, -69.4940948486, 283.187164307, 120.304832458, -205.311676025, -119.304916382, -133.654418945, -174.989135742, -16.4734210968, -168.426635742, -40.3930511475], [-2370.18920898, 685.161682129, 929.576293945, 49.0341491699, 61.962184906, 151.385803223, -95.1963729858, -174.579208374, -120.498939514, -168.109344482, -51.7569847107, -128.570343018, -34.3966522217], [649.872558594, -69.4940948486, 49.0341491699, 435.039215088, 97.447807312, 41.7016372681, 4.4991350174, 55.5982208252, -20.1624622345, 14.6383771896, 20.035779953, 19.3628768921, 77.7725372314], [-84.0261688232, 283.187164307, 61.962184906, 97.447807312, 346.627807617, 15.2686738968, -10.9594068527, 21.9784030914, 43.3852996826, 0.70863288641, -6.79889917374, 18.8632354736, 60.7310066223], [-228.00038147, 120.304832458, 151.385803223, 41.7016372681, 15.2686738968, 207.986801147, 37.7887802124, 2.29611515999, 15.3350744247, 6.37040185928, 18.6524600983, -7.48548412323, 7.46945953369], [555.968811035, -205.311676025, -95.1963729858, 4.4991350174, -10.9594068527, 37.7887802124, 305.05770874, 31.576505661, 64.3082427979, 89.5900268555, -4.40797901154, 69.267829895, 22.2595787048], [785.060180664, -119.304916382, -174.579208374, 55.5982208252, 21.9784030914, 2.29611515999, 31.576505661, 181.677352905, 61.0835571289, 69.1769180298, 58.8616943359, 49.9068946838, 48.4815979004], [441.886810303, -133.654418945, -120.498939514, -20.1624622345, 43.3852996826, 15.3350744247, 64.3082427979, 61.0835571289, 165.67779541, 61.4746704102, 5.24643468857, 60.0511131287, 23.0968227386], [703.585144043, -174.989135742, -168.109344482, 14.6383771896, 0.70863288641, 6.37040185928, 89.5900268555, 69.1769180298, 61.4746704102, 154.011688232, 40.3102684021, 56.4165115356, 20.9586334229], [274.402801514, -16.4734210968, -51.7569847107, 20.035779953, -6.79889917374, 18.6524600983, -4.40797901154, 58.8616943359, 5.24643468857, 40.3102684021, 112.495567322, 5.61296272278, 18.2070388794], [578.127624512, -168.426635742, -128.570343018, 19.3628768921, 18.8632354736, -7.48548412323, 69.267829895, 49.9068946838, 60.0511131287, 56.4165115356, 5.61296272278, 131.28477478, 33.8258552551], [392.363952637, -40.3930511475, -34.3966522217, 77.7725372314, 60.7310066223, 7.46945953369, 22.2595787048, 48.4815979004, 23.0968227386, 20.9586334229, 18.2070388794, 33.8258552551, 110.870330811]],
