{
"lowlevel": {
    "average_loudness": 0.846552908421,
    "barkbands_crest": {
        "dmean": 2.53821778297,
        "dmean2": 3.99076247215,
        "dvar": 6.03704690933,
        "dvar2": 13.2811899185,
        "max": 26.2118377686,
        "mean": 12.280169487,
        "median": 11.4062566757,
        "min": 3.22000360489,
        "var": 22.4972381592
    },
    "barkbands_flatness_db": {
        "dmean": 0.0260808635503,
        "dmean2": 0.0367776080966,
        "dvar": 0.000713297806215,
        "dvar2": 0.0012789570028,
        "max": 0.616566479206,
        "mean": 0.227183103561,
        "median": 0.219466865063,
        "min": 0.0521391518414,
        "var": 0.0055949757807
    },
    "barkbands_kurtosis": {
        "dmean": 5.12061405182,
        "dmean2": 7.72227716446,
        "dvar": 233.290847778,
        "dvar2": 459.890838623,
        "max": 543.928039551,
        "mean": 10.3099899292,
        "median": 4.4587893486,
        "min": -1.91322469711,
        "var": 523.19708252
    },
    "barkbands_skewness": {
        "dmean": 0.592762708664,
        "dmean2": 0.864669263363,
        "dvar": 0.567796766758,
        "dvar2": 1.03297555447,
        "max": 17.340839386,
        "mean": 2.04533457756,
        "median": 1.75920951366,
        "min": -3.79865098,
        "var": 2.8459084034
    },
    "barkbands_spread": {
        "dmean": 3.29724001884,
        "dmean2": 5.01057052612,
        "dvar": 43.4348373413,
        "dvar2": 87.895980835,
        "max": 106.623733521,
        "mean": 11.4022741318,
        "median": 8.50114059448,
        "min": 0.132702991366,
        "var": 132.34072876
    },
    "dissonance": {
        "dmean": 0.0268645118922,
        "dmean2": 0.0450788065791,
        "dvar": 0.000600823143031,
        "dvar2": 0.00159746303689,
        "max": 0.500000238419,
        "mean": 0.440164893866,
        "median": 0.44858533144,
        "min": 0,
        "var": 0.00178684305865
    },
    "dynamic_complexity": 3.70798516273,
    "erbbands_crest": {
        "dmean": 2.76006603241,
        "dmean2": 4.43610858917,
        "dvar": 6.31959962845,
        "dvar2": 15.7195177078,
        "max": 32.4737167358,
        "mean": 11.5549612045,
        "median": 10.833032608,
        "min": 2.55396842957,
        "var": 21.2484703064
    },
    "erbbands_flatness_db": {
        "dmean": 0.0212570521981,
        "dmean2": 0.029188118875,
        "dvar": 0.000458808295662,
        "dvar2": 0.000778184854425,
        "max": 0.460768550634,
        "mean": 0.223833367229,
        "median": 0.226632893085,
        "min": 0.0563003979623,
        "var": 0.00438341218978
    },
    "erbbands_kurtosis": {
        "dmean": 1.4370162487,
        "dmean2": 2.24647712708,
        "dvar": 3.73641824722,
        "dvar2": 8.21222877502,
        "max": 51.0451927185,
        "mean": 2.39924120903,
        "median": 1.5857565403,
        "min": -1.78627157211,
        "var": 11.7010345459
    },
    "erbbands_skewness": {
        "dmean": 0.372902572155,
        "dmean2": 0.562540054321,
        "dvar": 0.164213076234,
        "dvar2": 0.319136500359,
        "max": 5.40046644211,
        "mean": 0.95281881094,
        "median": 0.928087472916,
        "min": -6.46112012863,
        "var": 0.796272397041
    },
    "erbbands_spread": {
        "dmean": 6.07220315933,
        "dmean2": 9.1566362381,
        "dvar": 85.6166381836,
        "dvar2": 183.60256958,
        "max": 147.625411987,
        "mean": 25.13945961,
        "median": 19.8447494507,
        "min": 2.09756875038,
        "var": 302.950378418
    },
    "hfc": {
        "dmean": 4.71882820129,
        "dmean2": 6.90112638474,
        "dvar": 81.0202560425,
        "dvar2": 148.961486816,
        "max": 211.489303589,
        "mean": 17.737827301,
        "median": 12.8587398529,
        "min": 1.15410687518e-16,
        "var": 354.162841797
    },
    "melbands_crest": {
        "dmean": 3.0713121891,
        "dmean2": 4.70328760147,
        "dvar": 8.72177791595,
        "dvar2": 18.7100868225,
        "max": 38.5179862976,
        "mean": 17.009563446,
        "median": 15.3881645203,
        "min": 1.88351678848,
        "var": 53.6733589172
    },
    "melbands_flatness_db": {
        "dmean": 0.0284235440195,
        "dmean2": 0.0392993278801,
        "dvar": 0.000968103064224,
        "dvar2": 0.00166224490386,
        "max": 0.784159004688,
        "mean": 0.286751419306,
        "median": 0.275378584862,
        "min": 0.00428770808503,
        "var": 0.00938126351684
    },
    "melbands_kurtosis": {
        "dmean": 8.4795293808,
        "dmean2": 12.6758289337,
        "dvar": 487.088653564,
        "dvar2": 1015.58337402,
        "max": 671.325073242,
        "mean": 18.1500205994,
        "median": 8.11867046356,
        "min": -1.88961076736,
        "var": 1460.64086914
    },
    "melbands_skewness": {
        "dmean": 0.69061934948,
        "dmean2": 1.02320170403,
        "dvar": 0.69081223011,
        "dvar2": 1.36611104012,
        "max": 20.339931488,
        "mean": 2.60845685005,
        "median": 2.19362163544,
        "min": -1.73913943768,
        "var": 4.20793914795
    },
    "melbands_spread": {
        "dmean": 4.35284328461,
        "dmean2": 6.38350296021,
        "dvar": 147.809280396,
        "dvar2": 251.480453491,
        "max": 256.595336914,
        "mean": 13.9902858734,
        "median": 9.87063217163,
        "min": 0.189983159304,
        "var": 441.612030029
    },
    "pitch_salience": {
        "dmean": 0.0668575540185,
        "dmean2": 0.105336092412,
        "dvar": 0.00430970545858,
        "dvar2": 0.0092387618497,
        "max": 0.973235547543,
        "mean": 0.511605381966,
        "median": 0.524521112442,
        "min": 0.0507931783795,
        "var": 0.023738861084
    },
    "silence_rate_20dB": {
        "dmean": 0,
        "dmean2": 0,
        "dvar": 0,
        "dvar2": 0,
        "max": 1,
        "mean": 1,
        "median": 1,
        "min": 1,
        "var": 0
    },
    "silence_rate_30dB": {
        "dmean": 0.0448539219797,
        "dmean2": 0.089718721807,
        "dvar": 0.0428434535861,
        "dvar2": 0.0904029756784,
        "max": 1,
        "mean": 0.928727269173,
        "median": 1,
        "min": 0,
        "var": 0.0661877915263
    },
    "silence_rate_60dB": {
        "dmean": 0.0157594867051,
        "dmean2": 0.0314015522599,
        "dvar": 0.0155139490962,
        "dvar2": 0.0357466489077,
        "max": 1,
        "mean": 0.0905454531312,
        "median": 0,
        "min": 0,
        "var": 0.0823378115892
    },
    "spectral_centroid": {
        "dmean": 155.674926758,
        "dmean2": 229.499267578,
        "dvar": 107968.632812,
        "dvar2": 177381.03125,
        "max": 11262.2871094,
        "mean": 856.496032715,
        "median": 690.056396484,
        "min": 116.827354431,
        "var": 423019.875
    },
    "spectral_complexity": {
        "dmean": 2.2363922596,
        "dmean2": 3.6194229126,
        "dvar": 6.95822286606,
        "dvar2": 15.1741065979,
        "max": 47,
        "mean": 14.0773334503,
        "median": 13,
        "min": 0,
        "var": 63.1866416931
    },
    "spectral_decrease": {
        "dmean": 2.90725643559e-09,
        "dmean2": 4.42182024329e-09,
        "dvar": 1.91587751905e-17,
        "dvar2": 4.25113196907e-17,
        "max": -9.13756258408e-29,
        "mean": -1.01996633362e-08,
        "median": -7.7063386783e-09,
        "min": -6.28744132314e-08,
        "var": 8.41007234277e-17
    },
    "spectral_energy": {
        "dmean": 0.0112565299496,
        "dmean2": 0.0171253848821,
        "dvar": 0.000278126099147,
        "dvar2": 0.000620826089289,
        "max": 0.240261852741,
        "mean": 0.040104765445,
        "median": 0.0309264585376,
        "min": 1.0812964744e-20,
        "var": 0.00124190445058
    },
    "spectral_energyband_high": {
        "dmean": 0.00026992088533,
        "dmean2": 0.000355150492396,
        "dvar": 1.24526798118e-06,
        "dvar2": 1.87095179172e-06,
        "max": 0.0314914099872,
        "mean": 0.000501215923578,
        "median": 8.31819343148e-05,
        "min": 7.80550001887e-21,
        "var": 3.79443667953e-06
    },
    "spectral_energyband_low": {
        "dmean": 0.00758798606694,
        "dmean2": 0.0114299915731,
        "dvar": 0.000263641704805,
        "dvar2": 0.000557443301659,
        "max": 0.205895885825,
        "mean": 0.0189953707159,
        "median": 0.00498310476542,
        "min": 1.0182128733e-22,
        "var": 0.000913037802093
    },
    "spectral_energyband_middle_high": {
        "dmean": 0.001520584221,
        "dmean2": 0.00234952149913,
        "dvar": 6.99521160641e-06,
        "dvar2": 1.78776972461e-05,
        "max": 0.0481679700315,
        "mean": 0.00528607098386,
        "median": 0.00201624305919,
        "min": 1.77411419803e-21,
        "var": 5.03293413203e-05
    },
    "spectral_energyband_middle_low": {
        "dmean": 0.00522330170497,
        "dmean2": 0.00827445182949,
        "dvar": 5.90223935433e-05,
        "dvar2": 0.00014831055887,
        "max": 0.122788108885,
        "mean": 0.0159596912563,
        "median": 0.0129959676415,
        "min": 3.29307700343e-22,
        "var": 0.000192983090528
    },
    "spectral_entropy": {
        "dmean": 0.174684911966,
        "dmean2": 0.251899570227,
        "dvar": 0.0399960950017,
        "dvar2": 0.0696240067482,
        "max": 9.79846096039,
        "mean": 7.09971284866,
        "median": 7.11925649643,
        "min": 4.85970020294,
        "var": 0.323514163494
    },
    "spectral_flux": {
        "dmean": 0.0257580783218,
        "dmean2": 0.0393497496843,
        "dvar": 0.00098580645863,
        "dvar2": 0.0020599628333,
        "max": 0.351317644119,
        "mean": 0.0827490761876,
        "median": 0.0726865157485,
        "min": 1.03985403621e-10,
        "var": 0.00315283867531
    },
    "spectral_kurtosis": {
        "dmean": 3.98321151733,
        "dmean2": 6.7068567276,
        "dvar": 44.0393867493,
        "dvar2": 120.766273499,
        "max": 185.09854126,
        "mean": 8.4709482193,
        "median": 5.90748310089,
        "min": -1.21513092518,
        "var": 109.433746338
    },
    "spectral_rms": {
        "dmean": 0.000795517757069,
        "dmean2": 0.00119077600539,
        "dvar": 8.71741463015e-07,
        "dvar2": 1.80301549335e-06,
        "max": 0.0153101868927,
        "mean": 0.00562386447564,
        "median": 0.005492918659,
        "min": 3.24795854274e-12,
        "var": 7.49867422201e-06
    },
    "spectral_rolloff": {
        "dmean": 248.876190186,
        "dmean2": 406.53994751,
        "dvar": 678432.4375,
        "dvar2": 1221359.75,
        "max": 18863.0859375,
        "mean": 910.579040527,
        "median": 689.0625,
        "min": 43.06640625,
        "var": 1803623.375
    },
    "spectral_skewness": {
        "dmean": 0.364755004644,
        "dmean2": 0.59462583065,
        "dvar": 0.18306684494,
        "dvar2": 0.491046011448,
        "max": 11.258690834,
        "mean": 2.02371168137,
        "median": 1.9196472168,
        "min": -0.418891847134,
        "var": 0.707911193371
    },
    "spectral_spread": {
        "dmean": 542028.125,
        "dmean2": 746748.625,
        "dvar": 652369068032,
        "dvar2": 962626781184,
        "max": 40864172,
        "mean": 3599622.5,
        "median": 3166414.75,
        "min": 490517.6875,
        "var": 3.22050850816e+12
    },
    "spectral_strongpeak": {
        "dmean": 0.464201003313,
        "dmean2": 0.784516751766,
        "dvar": 0.615035176277,
        "dvar2": 1.55236387253,
        "max": 15.5310087204,
        "mean": 1.03438866138,
        "median": 0.582926034927,
        "min": 0,
        "var": 1.26662683487
    },
    "zerocrossingrate": {
        "dmean": 0.00761532876641,
        "dmean2": 0.00850093644112,
        "dvar": 0.000236373016378,
        "dvar2": 0.000213348932448,
        "max": 0.47998046875,
        "mean": 0.0378921627998,
        "median": 0.02880859375,
        "min": 0.00146484375,
        "var": 0.00150938425213
    },
    "barkbands": {
        "dmean": [0.00122594670393, 0.00677413679659, 0.00157474097796, 0.000761524715926, 0.00164122832939, 0.00174802157562, 0.00127936131321, 0.00056394864805, 0.00137324095704, 0.00122005050071, 0.000436722446466, 0.000235957675613, 0.000291488395305, 0.000164958531968, 0.000125487291371, 9.86631566775e-05, 0.00010433535499, 7.64962751418e-05, 5.30659781361e-05, 4.43718345196e-05, 5.24489587406e-05, 8.54950558278e-05, 7.21162941772e-05, 3.82552934752e-05, 3.68461078324e-05, 1.38576479003e-05, 4.53281813861e-07],
        "dmean2": [0.00148748420179, 0.010386288166, 0.00268869893625, 0.00132041738834, 0.00259738857858, 0.00274904584512, 0.00199015834369, 0.000883174594492, 0.0022645064164, 0.00194415648002, 0.000705756770913, 0.000383330974728, 0.000471338251373, 0.000260735192569, 0.000201647460926, 0.0001597765513, 0.000166455865838, 0.000120899007015, 8.43169400468e-05, 7.04705016688e-05, 7.66083685448e-05, 0.000124570942717, 9.9633471109e-05, 5.38797612535e-05, 5.20997527929e-05, 2.0063136617e-05, 7.26175301224e-07],
        "dvar": [7.41419671613e-06, 0.000271341763437, 2.45908049692e-05, 6.48094783173e-06, 9.18319074117e-06, 1.48704702951e-05, 1.11070148705e-05, 2.33562491303e-06, 1.08122512756e-05, 6.7264277277e-06, 9.70337168837e-07, 3.48411248297e-07, 4.24350389494e-07, 1.80614037504e-07, 8.88235973662e-08, 6.44509015046e-08, 5.91887392432e-08, 4.35403464394e-08, 1.76932957174e-08, 1.88175253157e-08, 6.98457540693e-08, 1.7215893422e-07, 2.00624413083e-07, 3.49838273905e-08, 2.69464699443e-08, 2.71802380603e-09, 1.35695499975e-11],
        "dvar2": [1.21164266602e-05, 0.000569696887396, 6.6078020609e-05, 1.8159580577e-05, 2.16328244278e-05, 3.69989793398e-05, 2.51569599641e-05, 5.34252740181e-06, 3.14603785228e-05, 1.80268616532e-05, 2.44427064899e-06, 8.7192591991e-07, 1.0519955822e-06, 4.0810863311e-07, 2.04394268621e-07, 1.57757213515e-07, 1.42712906381e-07, 1.00505872069e-07, 4.2409535439e-08, 4.17437000522e-08, 1.3498009821e-07, 3.23525796375e-07, 3.46713648014e-07, 6.57110206248e-08, 5.51251311265e-08, 5.58963542119e-09, 2.71687082554e-11],
        "max": [0.0542749091983, 0.202882230282, 0.0881007909775, 0.0586007237434, 0.0627491995692, 0.075900606811, 0.0558117963374, 0.0419681370258, 0.0681811571121, 0.0512004345655, 0.0234090164304, 0.0167024992406, 0.0161273572594, 0.0111586889252, 0.010219193995, 0.00552915036678, 0.00595036800951, 0.00551233906299, 0.00640684273094, 0.0050944397226, 0.00993466377258, 0.0150152668357, 0.0167996324599, 0.00687187211588, 0.00515898363665, 0.00120179611258, 0.000120993325254],
        "mean": [0.00284392386675, 0.0139080910012, 0.00206743460149, 0.00102936208714, 0.00357684236951, 0.00390628166497, 0.00281298835762, 0.00108651921619, 0.00264955684543, 0.0027179333847, 0.000831327342894, 0.000408142252127, 0.000563002366107, 0.000292962766252, 0.000228196411626, 0.000188194724615, 0.000190195729374, 0.000145774931298, 0.00011171643564, 7.72661660449e-05, 8.80278166733e-05, 0.000136097412906, 0.000113225956738, 5.9710622736e-05, 5.37445994269e-05, 1.77394522325e-05, 4.39733355506e-07],
        "median": [3.96501200157e-05, 0.00283737340942, 0.000622074643616, 0.000275165948551, 0.00152284489013, 0.0013081014622, 0.000364046485629, 0.000434689340182, 0.00067290244624, 0.000481079245219, 0.000243808812229, 0.000103555248643, 0.000168272614246, 6.40464568278e-05, 6.25377651886e-05, 3.610803833e-05, 4.56663292425e-05, 3.35395234288e-05, 3.47985696862e-05, 2.58263735304e-05, 1.51175863721e-05, 1.90649043361e-05, 1.35757563839e-05, 4.77214507555e-06, 2.72721808869e-06, 1.7769636429e-08, 9.3484420205e-10],
        "min": [8.54837208143e-24, 4.60286801343e-23, 3.57213825259e-23, 1.64173140424e-23, 6.0164250296e-23, 3.69667761697e-23, 5.41684908978e-23, 7.96437882661e-23, 5.93603442356e-23, 8.62341152841e-23, 5.58131459783e-23, 1.6560135416e-22, 1.3046483311e-22, 5.99831530757e-23, 2.3389435539e-22, 2.99706685684e-22, 2.1589494767e-22, 2.28592175121e-22, 2.29048628974e-22, 2.34301887244e-22, 3.7802461965e-22, 6.46895830643e-22, 9.64193205746e-22, 8.54064285384e-22, 9.01568706546e-22, 1.48480373982e-21, 2.66816739517e-21],
        "var": [4.13673878938e-05, 0.00065518997144, 2.13078092202e-05, 5.79621200814e-06, 2.97903388855e-05, 4.10661486967e-05, 3.76814023184e-05, 5.25301902599e-06, 2.51797428064e-05, 2.23453826038e-05, 2.87648936137e-06, 8.41147823394e-07, 1.09479640287e-06, 4.51943719781e-07, 2.29536027518e-07, 1.95008496462e-07, 1.33720391204e-07, 1.10492273109e-07, 6.69154687216e-08, 3.33786687179e-08, 1.48527860233e-07, 3.84249347007e-07, 4.31033754467e-07, 8.40983034323e-08, 5.49182530563e-08, 4.3869849975e-09, 1.82490429018e-11]
    },
    "erbbands": {
        "dmean": [0.302871108055, 1.3518846035, 1.88601660728, 2.06619787216, 3.40899848938, 6.96381521225, 8.05087089539, 17.9295749664, 19.5949268341, 13.7255096436, 11.7822771072, 32.9747390747, 40.1765365601, 28.0228881836, 15.3700389862, 8.9094581604, 12.4468593597, 9.19310569763, 6.95050001144, 4.84400320053, 5.36156368256, 4.89107179642, 4.54869413376, 2.60865616798, 2.68584060669, 2.08966064453, 1.62021493912, 2.53495812416, 2.90770125389, 3.13112545013, 1.89370369911, 0.900571942329, 0.625755131245, 0.438355118036, 0.250014960766, 0.078630566597, 0.0238895621151, 0.00292189815082, 8.10689743957e-05, 1.46181128002e-05],
        "dmean2": [0.436584442854, 2.03572225571, 3.07625961304, 3.55860447884, 5.58240938187, 11.138463974, 12.702703476, 28.1850986481, 30.6128005981, 20.8298816681, 18.5166835785, 54.1240272522, 65.8744354248, 42.599811554, 24.854631424, 14.3881521225, 19.9224205017, 14.505150795, 11.0666217804, 8.07022190094, 8.41759967804, 7.85722494125, 7.17376661301, 4.19625234604, 4.16624498367, 3.26723694801, 2.42844438553, 3.70395898819, 4.23392868042, 4.36373949051, 2.64532399178, 1.27770829201, 0.916526198387, 0.618866920471, 0.360256284475, 0.113174058497, 0.0344100147486, 0.00437824707478, 0.000119352196634, 2.21087557293e-05],
        "dvar": [0.48398578167, 13.539229393, 31.9753265381, 46.445526123, 75.5878829956, 184.681381226, 250.982315063, 1655.0369873, 2528.65771484, 1369.52929688, 1059.37182617, 5836.58203125, 9663.28320312, 3550.50195312, 1123.68371582, 537.31439209, 776.055603027, 468.198425293, 248.986495972, 164.885742188, 195.555541992, 138.847442627, 150.640228271, 41.6307945251, 68.220123291, 38.0327033997, 46.9745445251, 181.771865845, 185.313156128, 345.183319092, 139.319000244, 28.0067749023, 8.03980064392, 3.74512553215, 1.38931155205, 0.0897228643298, 0.00866307877004, 0.000256001658272, 2.62601588474e-07, 6.78777145602e-10],
        "dvar2": [0.97023665905, 29.6433582306, 81.419631958, 128.763092041, 196.084884644, 452.798187256, 590.132629395, 4105.79101562, 5892.7421875, 2747.17431641, 2384.52758789, 16494.6816406, 27842.1875, 8389.25, 2957.71508789, 1311.27624512, 1919.98828125, 1162.41992188, 537.000854492, 442.542755127, 420.560913086, 339.965026855, 343.945526123, 106.889709473, 150.191207886, 84.6096191406, 92.2117843628, 361.190856934, 347.555664062, 647.366455078, 252.175796509, 51.1311836243, 16.2620353699, 7.38540554047, 2.91328716278, 0.184477746487, 0.0181128382683, 0.000517142005265, 5.2099022696e-07, 1.45176726196e-09],
        "max": [8.01255226135, 45.4670257568, 87.1880645752, 151.813400269, 228.765472412, 274.094573975, 297.619903564, 820.360839844, 868.518615723, 979.324523926, 1093.04589844, 1529.59887695, 2073.45288086, 1121.55090332, 935.813354492, 780.293457031, 805.49822998, 623.967590332, 636.247436523, 253.257949829, 377.938415527, 358.460144043, 395.393585205, 164.392547607, 422.230224609, 205.891586304, 230.155181885, 529.320007324, 456.034667969, 683.517028809, 430.017181396, 233.917709351, 81.3715209961, 61.1726951599, 46.6690330505, 8.92119693756, 1.90663182735, 0.411493510008, 0.018396422267, 0.000838027277496],
        "mean": [0.642371535301, 2.17295002937, 2.55132484436, 3.03436493874, 5.72553396225, 14.3480854034, 17.3830242157, 40.989440918, 43.9967803955, 31.1333370209, 23.7132587433, 63.8981513977, 77.8573150635, 71.6952514648, 31.1912326813, 17.4388484955, 25.0817127228, 18.1978111267, 14.640581131, 9.02249336243, 11.1277103424, 9.91901779175, 9.41425991058, 5.62219572067, 5.73811244965, 3.76422214508, 2.91632437706, 4.05746889114, 4.58010292053, 4.78137254715, 2.94786000252, 1.41692948341, 0.950188100338, 0.655580878258, 0.345198273659, 0.103706009686, 0.0301117282361, 0.00335615454242, 0.000109038795927, 4.96495849802e-05],
        "median": [0.0845256075263, 0.534681022167, 0.850014925003, 1.22997617722, 2.02157306671, 5.22272586823, 6.56560707092, 13.891456604, 7.46081733704, 12.2568283081, 9.06957244873, 18.0609760284, 21.6303291321, 11.3979587555, 11.4649772644, 5.69866037369, 8.14991664886, 5.1440448761, 4.20181274414, 2.49672412872, 2.33251881599, 2.54632472992, 2.19630670547, 1.73576164246, 1.77324748039, 1.26951932907, 0.709370017052, 0.589488089085, 0.666783094406, 0.561350405216, 0.37453943491, 0.139084428549, 0.0633033365011, 0.0358879640698, 0.0124411415309, 0.00111347762868, 7.58289679652e-05, 9.04259104573e-06, 2.00289541681e-05, 3.79943267035e-05],
        "min": [8.80702489944e-22, 1.15792781113e-20, 3.63981570755e-20, 6.36538034956e-20, 3.47016128704e-20, 1.82432835867e-19, 4.27467760317e-19, 3.91543280464e-19, 6.94644254738e-19, 8.89317282795e-19, 1.85746136245e-18, 1.7722898835e-18, 1.63926538572e-18, 3.8791689481e-18, 3.81740709407e-18, 4.72691533863e-18, 5.34203537985e-18, 4.36775268948e-18, 1.37101530392e-17, 1.00234669517e-17, 1.29065148141e-17, 1.32881321082e-17, 1.24697369809e-17, 1.26334112087e-17, 1.03846429585e-17, 1.35963205792e-17, 1.41395391865e-17, 1.6263709221e-17, 2.129504026e-17, 2.61084422947e-17, 2.86242112118e-17, 2.15777921e-17, 1.16125851332e-17, 8.73788517758e-18, 7.19793378453e-18, 6.02100094307e-18, 2.27345007891e-18, 1.13878926867e-18, 3.74574988517e-19, 4.35688113223e-20],
        "var": [1.54956328869, 20.2543640137, 31.0796413422, 39.5251655579, 115.780647278, 569.355895996, 726.607055664, 4894.89648438, 7334.234375, 4868.94091797, 2941.18505859, 13681.0869141, 19522.2363281, 20090.4414062, 2855.77197266, 1301.92993164, 2102.7578125, 1292.11682129, 910.080505371, 317.38394165, 713.010009766, 318.01663208, 426.984802246, 102.061294556, 263.902557373, 72.1647949219, 99.6894607544, 372.062683105, 409.409606934, 685.673156738, 289.956359863, 63.7428855896, 17.8267211914, 8.388215065, 2.43231201172, 0.158454701304, 0.0134636536241, 0.000352195464075, 3.57439375875e-07, 2.16603623926e-09]
    },
    "gfcc": {
        "mean": [-57.2002868652, 141.216461182, -132.382034302, 20.8579826355, -69.109085083, 4.16234827042, -23.751657486, -2.83782577515, -11.7542381287, -8.48521614075, -4.56199598312, -3.94293808937, -1.05777359009],
        "cov": [[8157.52294922, -2692.35546875, 732.789794922, 573.783996582, -490.162109375, 1393.66711426, -712.744995117, 1187.91992188, -66.5613479614, 442.884796143, -68.5257110596, 511.645294189, 3.05041003227], [-2692.35546875, 3293.7565918, 98.3816833496, 47.492603302, 984.480834961, -696.218444824, 778.465881348, -593.814880371, 426.906463623, -317.8855896, 431.429931641, -143.545120239, 116.801208496], [732.789794922, 98.3816833496, 2030.52978516, 615.861450195, 430.795837402, 361.974243164, -162.017211914, 201.036254883, -141.721893311, 362.689788818, -6.4463596344, 248.641677856, -1.42802071571], [573.783996582, 47.492603302, 615.861450195, 686.073486328, 103.340103149, 207.81703186, 22.0833969116, 0.0766585096717, 94.3888015747, 42.4056282043, 65.6837997437, 64.0631484985, 53.072971344], [-490.162109375, 984.480834961, 430.795837402, 103.340103149, 779.513793945, -28.7469444275, 357.883209229, 34.3256797791, 133.956130981, 83.6815567017, 105.153869629, 81.4841156006, 30.5180473328], [1393.66711426, -696.218444824, 361.974243164, 207.81703186, -28.7469444275, 558.229125977, -101.429893494, 327.784912109, -11.9790773392, 157.161453247, -12.0395689011, 91.8341903687, 19.4784545898], [-712.744995117, 778.465881348, -162.017211914, 22.0833969116, 357.883209229, -101.429893494, 544.986572266, -97.7602996826, 200.820404053, -46.4215202332, 117.829566956, -4.29767894745, 18.6260738373], [1187.91992188, -593.814880371, 201.036254883, 0.0766585096717, 34.3256797791, 327.784912109, -97.7602996826, 447.27130127, -40.4316253662, 183.378295898, -26.9209156036, 107.574684143, 38.4218292236], [-66.5613479614, 426.906463623, -141.721893311, 94.3888015747, 133.956130981, -11.9790773392, 200.820404053, -40.4316253662, 303.232299805, -43.8699226379, 148.206832886, 12.99426651, 38.5102157593], [442.884796143, -317.8855896, 362.689788818, 42.4056282043, 83.6815567017, 157.161453247, -46.4215202332, 183.378295898, -43.8699226379, 253.810653687, -41.8473854065, 101.41116333, -0.780348360538], [-68.5257110596, 431.429931641, -6.4463596344, 65.6837997437, 105.153869629, -12.0395689011, 117.829566956, -26.9209156036, 148.206832886, -41.8473854065, 209.447174072, 5.49131679535, 57.0541114807], [511.645294189, -143.545120239, 248.641677856, 64.0631484985, 81.4841156006, 91.8341903687, -4.29767894745, 107.574684143, 12.99426651, 101.41116333, 5.49131679535, 181.14692688, -2.60730195045], [3.05041003227, 116.801208496, -1.42802071571, 53.072971344, 30.5180473328, 19.4784545898, 18.6260738373, 38.4218292236, 38.5102157593, -0.780348360538, 57.0541114807, -2.60730195045, 131.141311646]],
        "icov": [[0.000347188906744, -8.81498708623e-05, 0.000159750503371, -0.000291037809802, 0.000201984163141, -0.00046525982907, 0.000312464893796, -0.000628534820862, -1.2287093341e-05, 0.000105423649075, -4.38908646174e-05, -0.000692750036251, 0.000361385347787], [-8.81498708623e-05, 0.00222606118768, -0.000903706531972, 0.000729229534045, -0.00193511683028, 0.00158264499623, -0.000868616392836, 0.00128080730792, -0.000875534198713, 0.00162176007871, -0.00192652340047, 0.00147859682329, -0.00118788192049], [0.000159750503371, -0.000903706531972, 0.00190189259592, -0.00150001281872, -0.000134141169838, -0.00107567349914, 0.00120510871056, -0.000216307453229, 0.00147133867722, -0.00191833241843, 8.45547911013e-05, -0.00150441785809, 0.00100195920095], [-0.000291037809802, 0.000729229534045, -0.00150001281872, 0.00337434420362, -0.000346924003679, -0.000329348433297, -0.000749904196709, 0.00180839723907, -0.00155820872169, 0.00122985662892, -7.63433708926e-05, 0.000896400131751, -0.00180238846224], [0.000201984163141, -0.00193511683028, -0.000134141169838, -0.000346924003679, 0.00455244118348, -0.000801514077466, -0.00108055421151, -0.00210887170397, 0.000213469989831, -0.00129820790607, 0.00154198799282, -0.00153393973596, 0.000916967983358], [-0.00046525982907, 0.00158264499623, -0.00107567349914, -0.000329348433297, -0.000801514077466, 0.00583512568846, -0.00114050705452, -0.00158844538964, -0.00088100193534, 0.000738814705983, -0.00133135425858, 0.00216334010474, -0.000444656296168], [0.000312464893796, -0.000868616392836, 0.00120510871056, -0.000749904196709, -0.00108055421151, -0.00114050705452, 0.00446143746376, -0.00013168741134, -0.00077716173837, -0.000887086382136, 0.000243557617068, -0.00115206988994, 0.00100282556377], [-0.000628534820862, 0.00128080730792, -0.000216307453229, 0.00180839723907, -0.00210887170397, -0.00158844538964, -0.00013168741134, 0.00772955687717, -7.54506472731e-05, -0.00157342641614, -0.000841292203404, 0.0004768424551, -0.00299127702601], [-1.2287093341e-05, -0.000875534198713, 0.00147133867722, -0.00155820872169, 0.000213469989831, -0.00088100193534, -0.00077716173837, -7.54506472731e-05, 0.0073395553045, -0.00113439536653, -0.00297932885587, -0.00154100300279, 0.000743877782952], [0.000105423649075, 0.00162176007871, -0.00191833241843, 0.00122985662892, -0.00129820790607, 0.000738814705983, -0.000887086382136, -0.00157342641614, -0.00113439536653, 0.00947708822787, 0.000207652701647, -0.000935234478675, -0.000905562541448], [-4.38908646174e-05, -0.00192652340047, 8.45547911013e-05, -7.63433708926e-05, 0.00154198799282, -0.00133135425858, 0.000243557617068, -0.000841292203404, -0.00297932885587, 0.000207652701647, 0.0103455418721, -0.00124778959434, -0.0018500960432], [-0.000692750036251, 0.00147859682329, -0.00150441785809, 0.000896400131751, -0.00153393973596, 0.00216334010474, -0.00115206988994, 0.0004768424551, -0.00154100300279, -0.000935234478675, -0.00124778959434, 0.0103452475742, -0.000424890662543], [0.000361385347787, -0.00118788192049, 0.00100195920095, -0.00180238846224, 0.000916967983358, -0.000444656296168, 0.00100282556377, -0.00299127702601, 0.000743877782952, -0.000905562541448, -0.0018500960432, -0.000424890662543, 0.0105745140463]]
    },
    "melbands": {
        "dmean": [0.00217379909009, 0.00114134175237, 0.000383432692615, 0.000345272652339, 0.000297535501886, 0.000382896017982, 0.000288075214485, 0.000144416771946, 0.000104094280687, 0.00022260233527, 0.000203552204766, 0.000121777382446, 5.29061289853e-05, 3.04039622279e-05, 2.50996854447e-05, 2.98018985632e-05, 1.73982407432e-05, 1.23299460029e-05, 8.44055102789e-06, 6.67113090458e-06, 6.74523835187e-06, 5.24382403455e-06, 6.39505651634e-06, 2.97419160233e-06, 2.27938630815e-06, 2.01630246011e-06, 1.99119244826e-06, 1.34627828174e-06, 9.36699109388e-07, 1.42574731399e-06, 1.56645990046e-06, 1.66116035416e-06, 1.89728075384e-06, 1.77172444182e-06, 1.24673454138e-06, 7.1958402259e-07, 5.33124818958e-07, 4.28800177588e-07, 4.73923336131e-07, 3.53999496383e-07],
        "dmean2": [0.00326203135774, 0.00171019637492, 0.000653488794342, 0.000555286242161, 0.000471060775453, 0.000600903411396, 0.000451132073067, 0.000220721776714, 0.000164979530382, 0.000365388637874, 0.000332377152517, 0.000185615150258, 8.52868033689e-05, 4.92843573738e-05, 4.0657378122e-05, 4.78177353216e-05, 2.75692600553e-05, 1.95641987375e-05, 1.36967146318e-05, 1.12341467684e-05, 1.04914879557e-05, 8.39436506794e-06, 1.01193500086e-05, 4.76076229461e-06, 3.704191613e-06, 3.20269623444e-06, 3.1248328014e-06, 2.12639656638e-06, 1.45637216065e-06, 2.11701967601e-06, 2.35856373365e-06, 2.44941838901e-06, 2.78997799796e-06, 2.52183940574e-06, 1.78493587555e-06, 1.02313799744e-06, 7.77097852733e-07, 6.38541621356e-07, 6.83388577727e-07, 5.10192819547e-07],
        "dvar": [2.59100561379e-05, 9.23177321965e-06, 1.36801111239e-06, 4.78307583762e-07, 2.9976189353e-07, 7.35854086997e-07, 5.23364406035e-07, 1.40049749575e-07, 8.41180920474e-08, 2.63282146307e-07, 2.42307436338e-07, 6.6154584033e-08, 1.29835795448e-08, 5.21384668772e-09, 4.02269106914e-09, 4.81240425287e-09, 1.80563641816e-09, 8.35019775547e-10, 4.53446724613e-10, 3.2431191066e-10, 3.21883908416e-10, 1.57042365223e-10, 2.91443424949e-10, 6.64467508793e-11, 3.25787972988e-11, 2.63585472893e-11, 4.81526034324e-11, 1.66053941431e-11, 1.21464704614e-11, 6.61869239971e-11, 7.20879189675e-11, 6.46413339522e-11, 9.04216146402e-11, 1.25566473885e-10, 6.01674959855e-11, 1.95852986606e-11, 1.0199083765e-11, 4.07875686351e-12, 5.24446024802e-12, 2.52409833486e-12],
        "dvar2": [5.41470290045e-05, 2.06482927751e-05, 3.73500097339e-06, 1.18404409477e-06, 6.89967464496e-07, 1.80554945928e-06, 1.21104824302e-06, 2.89938554943e-07, 1.92254759668e-07, 7.57770351356e-07, 6.94011987434e-07, 1.57385173338e-07, 3.40118475606e-08, 1.31266508774e-08, 9.87461579172e-09, 1.1952625556e-08, 4.41142722352e-09, 1.76124470563e-09, 1.09338593735e-09, 8.87681372852e-10, 6.58228582751e-10, 3.85194404151e-10, 6.99334201659e-10, 1.55920984457e-10, 8.49179129792e-11, 6.07647196449e-11, 1.05555918173e-10, 3.87390293455e-11, 2.62150561675e-11, 1.4151667338e-10, 1.49835199803e-10, 1.29195792953e-10, 1.83170020818e-10, 2.37336206244e-10, 1.15517033439e-10, 3.58323856697e-11, 2.06908136458e-11, 8.61257419549e-12, 1.12006705993e-11, 5.11988628576e-12],
        "max": [0.0584689602256, 0.0375598445535, 0.0255367942154, 0.0164235644042, 0.0115232104436, 0.0165170766413, 0.0112813254818, 0.00859792623669, 0.00993433129042, 0.0110940625891, 0.0102201979607, 0.00479464558885, 0.00260647456162, 0.00220197066665, 0.0018487238558, 0.00145673775114, 0.00110359350219, 0.000988999148831, 0.000572005286813, 0.000311800453346, 0.000488674093504, 0.000338391168043, 0.000400674645789, 0.000279726024019, 0.00013452830899, 0.00022729189368, 0.000354238727596, 0.000134346817504, 0.000142986013088, 0.000330995651893, 0.000359819590813, 0.000277852843283, 0.000346664397512, 0.000373625749489, 0.000285384710878, 0.000195325919776, 0.000146068472532, 6.38902201899e-05, 7.34021741664e-05, 5.55346923647e-05],
        "mean": [0.00482507562265, 0.00183850782923, 0.000602701678872, 0.000701636716258, 0.000671078742016, 0.000871645228472, 0.000659830053337, 0.000314591568895, 0.000193590996787, 0.000427407881944, 0.000387300213333, 0.000302325672237, 0.000104120335891, 5.5745284044e-05, 4.44349643658e-05, 5.72136232222e-05, 3.07587870338e-05, 2.41292782448e-05, 1.48565814015e-05, 1.14320355351e-05, 1.31541792143e-05, 9.17914894671e-06, 1.24926218632e-05, 5.65631989957e-06, 4.35867650594e-06, 4.13838688473e-06, 3.64037691725e-06, 2.18704963117e-06, 1.59418038947e-06, 2.16519197238e-06, 2.40085387304e-06, 2.50651737588e-06, 2.79461391983e-06, 2.58104137174e-06, 1.84873454145e-06, 1.07024584395e-06, 7.90854358002e-07, 6.30346221442e-07, 6.76487786677e-07, 5.11155462846e-07],
        "median": [0.000835478305817, 0.000634455645923, 0.000250365701504, 0.0002888677991, 0.000280826119706, 0.000281616637949, 9.99933399726e-05, 0.000125879101688, 5.6621938711e-05, 0.0001131810277, 0.000101074576378, 4.01472934755e-05, 3.41085033142e-05, 1.70529274328e-05, 1.3082395526e-05, 1.59386072482e-05, 7.06713353793e-06, 6.49553476251e-06, 4.03323338105e-06, 2.53544340012e-06, 2.57617125499e-06, 2.55129543802e-06, 2.15339741771e-06, 1.48206038375e-06, 1.2770444755e-06, 1.19239552987e-06, 1.12260784135e-06, 6.60162640997e-07, 4.03049426723e-07, 3.53853351953e-07, 3.0067351986e-07, 3.47677939772e-07, 3.5396885778e-07, 2.78084229421e-07, 2.34373686681e-07, 1.12690187848e-07, 6.38022044086e-08, 3.90848882148e-08, 3.49753186413e-08, 2.59962114058e-08],
        "min": [1.10075276243e-23, 1.94984169893e-23, 9.46071575073e-24, 6.31705613405e-24, 1.54817234311e-23, 7.63736868681e-24, 1.12170546028e-23, 1.149383434e-23, 1.41478038166e-23, 1.04723706971e-23, 7.88507258877e-24, 1.55548539925e-23, 9.56439100634e-24, 2.03237390456e-23, 7.68275422127e-24, 1.34904065812e-23, 6.76460690229e-24, 2.06955023689e-23, 1.26486178424e-23, 2.21130144181e-23, 1.26148325076e-23, 1.3654436007e-23, 1.06084042382e-23, 1.23376551845e-23, 1.04801796312e-23, 5.5257249109e-24, 7.53700585814e-24, 9.73643604774e-24, 6.90989457065e-24, 1.12769875212e-23, 9.45327994784e-24, 1.2195663377e-23, 1.2645421378e-23, 1.51980364278e-23, 1.77483558923e-23, 1.26071537355e-23, 1.30270691285e-23, 7.07740287299e-24, 8.33709383177e-24, 7.18332480445e-24],
        "var": [7.68902900745e-05, 1.30186554088e-05, 1.29587465381e-06, 1.22023482163e-06, 1.01601278857e-06, 2.18392824536e-06, 1.66028928561e-06, 4.36153669625e-07, 2.17591363594e-07, 6.25705467883e-07, 4.9315610795e-07, 3.7232675254e-07, 3.48932012173e-08, 1.34976838595e-08, 8.70583161117e-09, 1.24798367196e-08, 4.50150539066e-09, 2.79450684815e-09, 9.34499255756e-10, 5.89295279241e-10, 1.15454690253e-09, 2.85637374864e-10, 8.74879890755e-10, 1.59315310944e-10, 7.00435126566e-11, 9.72510891262e-11, 1.23523066775e-10, 2.76181369441e-11, 2.40494811565e-11, 1.12735605573e-10, 1.4028672668e-10, 1.29669580629e-10, 1.74124839547e-10, 2.36630715023e-10, 1.1718372106e-10, 3.99832562892e-11, 2.06705451367e-11, 8.5631146271e-12, 9.73643561608e-12, 5.39817496259e-12]
    },
    "mfcc": {
        "mean": [-688.538208008, 157.369888306, -1.78134453297, 12.9365930557, -13.4184455872, 2.27537441254, -5.44175958633, 5.55565595627, -4.62464857101, -0.0237367320806, -0.418610960245, -5.24692296982, -0.822146475315],
        "cov": [[6692.98681641, -1804.36096191, -61.7240066528, -216.790618896, 110.541252136, 77.360534668, -105.330078125, 528.749511719, 232.131393433, 220.400405884, 198.692749023, 109.351730347, 198.273452759], [-1804.36096191, 2357.5612793, -35.5271263123, 468.464324951, 284.492279053, 139.456848145, 212.450927734, 98.4696807861, -90.0816955566, 66.6499404907, 44.3272132874, 40.2658882141, 152.153289795], [-61.7240066528, -35.5271263123, 1354.04638672, 443.513946533, 458.135803223, 261.992950439, 117.165534973, -65.5042037964, 15.2622261047, -50.1855735779, 8.05103969574, 88.1479644775, 96.1612014771], [-216.790618896, 468.464324951, 443.513946533, 611.032104492, 245.72555542, 238.117141724, 90.9909210205, 57.0111122131, 21.2643146515, 14.4368591309, 33.199836731, 55.8329811096, 93.6512908936], [110.541252136, 284.492279053, 458.135803223, 245.72555542, 491.221954346, 149.62562561, 135.070755005, 66.3034820557, 72.4008026123, 34.6172103882, 65.3342590332, 65.4286956787, 86.4574813843], [77.360534668, 139.456848145, 261.992950439, 238.117141724, 149.62562561, 306.166046143, 107.757629395, 93.838508606, 60.2391281128, 63.4922904968, 67.6688232422, 64.5076293945, 44.9639053345], [-105.330078125, 212.450927734, 117.165534973, 90.9909210205, 135.070755005, 107.757629395, 281.313720703, 76.0928726196, 97.51222229, 64.2724456787, 46.4344787598, 57.4512405396, 21.1066532135], [528.749511719, 98.4696807861, -65.5042037964, 57.0111122131, 66.3034820557, 93.838508606, 76.0928726196, 250.656402588, 64.480796814, 93.2319793701, 76.2786331177, 46.6878433228, 78.0379333496], [232.131393433, -90.0816955566, 15.2622261047, 21.2643146515, 72.4008026123, 60.2391281128, 97.51222229, 64.480796814, 191.059326172, 60.4578857422, 60.6137390137, 50.5591163635, 4.91734647751], [220.400405884, 66.6499404907, -50.1855735779, 14.4368591309, 34.6172103882, 63.4922904968, 64.2724456787, 93.2319793701, 60.4578857422, 157.839050293, 62.4880180359, 49.2567062378, 32.4596748352], [198.692749023, 44.3272132874, 8.05103969574, 33.199836731, 65.3342590332, 67.6688232422, 46.4344787598, 76.2786331177, 60.6137390137, 62.4880180359, 130.268981934, 44.5577125549, 53.9285583496], [109.351730347, 40.2658882141, 88.1479644775, 55.8329811096, 65.4286956787, 64.5076293945, 57.4512405396, 46.6878433228, 50.5591163635, 49.2567062378, 44.5577125549, 118.250228882, 37.3983879089], [198.273452759, 152.153289795, 96.1612014771, 93.6512908936, 86.4574813843, 44.9639053345, 21.1066532135, 78.0379333496, 4.91734647751, 32.4596748352, 53.9285583496, 37.3983879089, 145.859848022]],
