{
"lowlevel": {
    "average_loudness": 0.833835422993,
    "barkbands_crest": {
        "dmean": 3.26875638962,
        "dmean2": 5.13699007034,
        "dvar": 8.81381511688,
        "dvar2": 19.8746585846,
        "max": 26.2602233887,
        "mean": 11.2979688644,
        "median": 10.2654428482,
        "min": 2.14803242683,
        "var": 24.9069347382
    },
    "barkbands_flatness_db": {
        "dmean": 0.0294063482434,
        "dmean2": 0.0433564893901,
        "dvar": 0.000796269276179,
        "dvar2": 0.00168942857999,
        "max": 0.432636588812,
        "mean": 0.152240216732,
        "median": 0.15032531321,
        "min": 0.0147408936173,
        "var": 0.00428984081373
    },
    "barkbands_kurtosis": {
        "dmean": 2.98822617531,
        "dmean2": 4.77998018265,
        "dvar": 48.1860122681,
        "dvar2": 116.165161133,
        "max": 147.997421265,
        "mean": 3.24828767776,
        "median": 0.879066228867,
        "min": -1.94875657558,
        "var": 77.2805328369
    },
    "barkbands_skewness": {
        "dmean": 0.626236438751,
        "dmean2": 0.945908010006,
        "dvar": 0.504996240139,
        "dvar2": 1.10658288002,
        "max": 10.8167228699,
        "mean": 1.17834627628,
        "median": 0.964447915554,
        "min": -5.49158143997,
        "var": 1.66851842403
    },
    "barkbands_spread": {
        "dmean": 6.99022865295,
        "dmean2": 10.6692428589,
        "dvar": 62.8204879761,
        "dvar2": 137.595947266,
        "max": 104.958526611,
        "mean": 23.299249649,
        "median": 20.4317626953,
        "min": 0.765869438648,
        "var": 227.349273682
    },
    "dissonance": {
        "dmean": 0.0219294950366,
        "dmean2": 0.0372783206403,
        "dvar": 0.000463825301267,
        "dvar2": 0.00123007572256,
        "max": 0.499999970198,
        "mean": 0.467152178288,
        "median": 0.475671678782,
        "min": 0.227577358484,
        "var": 0.000926932145376
    },
    "dynamic_complexity": 2.89401102066,
    "erbbands_crest": {
        "dmean": 3.38672161102,
        "dmean2": 5.50184965134,
        "dvar": 9.51157569885,
        "dvar2": 23.274389267,
        "max": 29.9616088867,
        "mean": 10.5914554596,
        "median": 9.64524364471,
        "min": 2.12957644463,
        "var": 25.2246589661
    },
    "erbbands_flatness_db": {
        "dmean": 0.0257624648511,
        "dmean2": 0.0379667319357,
        "dvar": 0.000583219400141,
        "dvar2": 0.00116606906522,
        "max": 0.450879842043,
        "mean": 0.192323058844,
        "median": 0.182683855295,
        "min": 0.0559473596513,
        "var": 0.00481314817443
    },
    "erbbands_kurtosis": {
        "dmean": 1.43727529049,
        "dmean2": 2.29281663895,
        "dvar": 4.94558525085,
        "dvar2": 11.2273454666,
        "max": 71.8944168091,
        "mean": 1.21228730679,
        "median": 0.437114953995,
        "min": -1.9105848074,
        "var": 9.20756626129
    },
    "erbbands_skewness": {
        "dmean": 0.471586614847,
        "dmean2": 0.718080878258,
        "dvar": 0.202995076776,
        "dvar2": 0.44028699398,
        "max": 7.49666309357,
        "mean": 0.64021718502,
        "median": 0.658150136471,
        "min": -4.07439374924,
        "var": 0.765182197094
    },
    "erbbands_spread": {
        "dmean": 8.71748065948,
        "dmean2": 13.3647890091,
        "dvar": 90.5736618042,
        "dvar2": 207.562332153,
        "max": 140.855422974,
        "mean": 31.3593616486,
        "median": 27.6662425995,
        "min": 1.67493903637,
        "var": 304.006164551
    },
    "hfc": {
        "dmean": 12.1761550903,
        "dmean2": 19.0392436981,
        "dvar": 360.280090332,
        "dvar2": 898.856689453,
        "max": 198.913726807,
        "mean": 29.6877384186,
        "median": 24.087846756,
        "min": 1.19923136431e-16,
        "var": 688.62890625
    },
    "melbands_crest": {
        "dmean": 3.99839353561,
        "dmean2": 6.24871301651,
        "dvar": 13.2769060135,
        "dvar2": 30.3460636139,
        "max": 37.1209030151,
        "mean": 15.0790567398,
        "median": 13.9322099686,
        "min": 2.29633903503,
        "var": 39.1042060852
    },
    "melbands_flatness_db": {
        "dmean": 0.033459611237,
        "dmean2": 0.0490233153105,
        "dvar": 0.00114559091162,
        "dvar2": 0.00245324964635,
        "max": 0.551169335842,
        "mean": 0.185720518231,
        "median": 0.179419592023,
        "min": 0.00748282624409,
        "var": 0.00521151069552
    },
    "melbands_kurtosis": {
        "dmean": 6.6616153717,
        "dmean2": 10.5803403854,
        "dvar": 205.613555908,
        "dvar2": 487.231048584,
        "max": 278.42755127,
        "mean": 9.81622028351,
        "median": 4.12477207184,
        "min": -1.89035391808,
        "var": 394.655029297
    },
    "melbands_skewness": {
        "dmean": 0.812388896942,
        "dmean2": 1.23644781113,
        "dvar": 0.845262110233,
        "dvar2": 1.88009798527,
        "max": 13.8986749649,
        "mean": 2.05324745178,
        "median": 1.71743774414,
        "min": -2.95649790764,
        "var": 2.93513131142
    },
    "melbands_spread": {
        "dmean": 10.0398340225,
        "dmean2": 15.1720256805,
        "dvar": 203.942779541,
        "dvar2": 403.896484375,
        "max": 265.882659912,
        "mean": 28.8902740479,
        "median": 23.5408554077,
        "min": 0.730472624302,
        "var": 552.479919434
    },
    "pitch_salience": {
        "dmean": 0.0853930935264,
        "dmean2": 0.136513292789,
        "dvar": 0.00733336340636,
        "dvar2": 0.0175875592977,
        "max": 0.949543893337,
        "mean": 0.537832319736,
        "median": 0.537944674492,
        "min": 0.0731141716242,
        "var": 0.0216683968902
    },
    "silence_rate_20dB": {
        "dmean": 0,
        "dmean2": 0,
        "dvar": 0,
        "dvar2": 0,
        "max": 1,
        "mean": 1,
        "median": 1,
        "min": 1,
        "var": 0
    },
    "silence_rate_30dB": {
        "dmean": 0.00780880264938,
        "dmean2": 0.0156194530427,
        "dvar": 0.00774788111448,
        "dvar2": 0.0212921053171,
        "max": 1,
        "mean": 0.994321525097,
        "median": 1,
        "min": 0,
        "var": 0.00564580736682
    },
    "silence_rate_60dB": {
        "dmean": 0.0279223844409,
        "dmean2": 0.055733051151,
        "dvar": 0.027141449973,
        "dvar2": 0.0644647926092,
        "max": 1,
        "mean": 0.0686146914959,
        "median": 0,
        "min": 0,
        "var": 0.0639000833035
    },
    "spectral_centroid": {
        "dmean": 342.122253418,
        "dmean2": 511.626434326,
        "dvar": 146157.703125,
        "dvar2": 280673.84375,
        "max": 11462.6445312,
        "mean": 1689.81665039,
        "median": 1605.80224609,
        "min": 236.429077148,
        "var": 560753.25
    },
    "spectral_complexity": {
        "dmean": 4.70894479752,
        "dmean2": 7.28292512894,
        "dvar": 29.2386188507,
        "dvar2": 61.3759117126,
        "max": 60,
        "mean": 19.7251853943,
        "median": 18,
        "min": 0,
        "var": 132.519744873
    },
    "spectral_decrease": {
        "dmean": 2.72335443086e-09,
        "dmean2": 4.1297294473e-09,
        "dvar": 1.34636788593e-17,
        "dvar2": 3.0121914355e-17,
        "max": 1.32958728345e-28,
        "mean": -7.26770998938e-09,
        "median": -6.19260731582e-09,
        "min": -4.94759824221e-08,
        "var": 3.61033665522e-17
    },
    "spectral_energy": {
        "dmean": 0.0110508464277,
        "dmean2": 0.0167976487428,
        "dvar": 0.000205068150535,
        "dvar2": 0.000462293712189,
        "max": 0.189975619316,
        "mean": 0.0301227774471,
        "median": 0.0260612051934,
        "min": 1.03755606834e-20,
        "var": 0.000567572016735
    },
    "spectral_energyband_high": {
        "dmean": 0.000988167594187,
        "dmean2": 0.00152940466069,
        "dvar": 4.02112937081e-06,
        "dvar2": 9.5284458439e-06,
        "max": 0.0233141425997,
        "mean": 0.00154188240413,
        "median": 0.000665054772981,
        "min": 7.2310166211e-21,
        "var": 5.91668185734e-06
    },
    "spectral_energyband_low": {
        "dmean": 0.0062884776853,
        "dmean2": 0.00949880946428,
        "dvar": 0.00018246761465,
        "dvar2": 0.000423032179242,
        "max": 0.171646565199,
        "mean": 0.0109287621453,
        "median": 0.00241732900031,
        "min": 6.43006834733e-23,
        "var": 0.000330295180902
    },
    "spectral_energyband_middle_high": {
        "dmean": 0.0036166110076,
        "dmean2": 0.00571558205411,
        "dvar": 2.12331360672e-05,
        "dvar2": 5.18406450283e-05,
        "max": 0.0701901242137,
        "mean": 0.00970429833978,
        "median": 0.00669494224712,
        "min": 1.574009999e-21,
        "var": 9.22386971069e-05
    },
    "spectral_energyband_middle_low": {
        "dmean": 0.00488214474171,
        "dmean2": 0.00804375018924,
        "dvar": 5.72813769395e-05,
        "dvar2": 0.000151740809088,
        "max": 0.0958488658071,
        "mean": 0.00850209966302,
        "median": 0.00564011419192,
        "min": 3.2194145605e-22,
        "var": 8.26977047836e-05
    },
    "spectral_entropy": {
        "dmean": 0.202782228589,
        "dmean2": 0.298092246056,
        "dvar": 0.0430127568543,
        "dvar2": 0.0864945501089,
        "max": 9.82132720947,
        "mean": 7.67324924469,
        "median": 7.7166891098,
        "min": 5.40910625458,
        "var": 0.224014908075
    },
    "spectral_flux": {
        "dmean": 0.0316131934524,
        "dmean2": 0.0466095283628,
        "dvar": 0.00117131962907,
        "dvar2": 0.00212712772191,
        "max": 0.410968720913,
        "mean": 0.10252122581,
        "median": 0.0940517559648,
        "min": 1.01860499202e-10,
        "var": 0.00336752436124
    },
    "spectral_kurtosis": {
        "dmean": 1.57493770123,
        "dmean2": 2.63979578018,
        "dvar": 4.37008666992,
        "dvar2": 12.3273458481,
        "max": 56.17527771,
        "mean": 3.84573912621,
        "median": 3.25675058365,
        "min": -1.22145628929,
        "var": 8.28377151489
    },
    "spectral_rms": {
        "dmean": 0.000955212803092,
        "dmean2": 0.00142182491254,
        "dvar": 1.03258776107e-06,
        "dvar2": 2.20167248699e-06,
        "max": 0.0136140398681,
        "mean": 0.00496500125155,
        "median": 0.00504237692803,
        "min": 3.18158737203e-12,
        "var": 4.7367825573e-06
    },
    "spectral_rolloff": {
        "dmean": 771.307189941,
        "dmean2": 1255.72814941,
        "dvar": 1481221.875,
        "dvar2": 2976590,
        "max": 19358.3496094,
        "mean": 2067.81225586,
        "median": 1421.19140625,
        "min": 43.06640625,
        "var": 3598674.25
    },
    "spectral_skewness": {
        "dmean": 0.241749733686,
        "dmean2": 0.382516622543,
        "dvar": 0.0599216073751,
        "dvar2": 0.150517702103,
        "max": 5.30599737167,
        "mean": 1.43422067165,
        "median": 1.42481303215,
        "min": -0.244809165597,
        "var": 0.199887990952
    },
    "spectral_spread": {
        "dmean": 682957.8125,
        "dmean2": 977468.0625,
        "dvar": 708253122560,
        "dvar2": 1.2022981591e+12,
        "max": 40273696,
        "mean": 4670914.5,
        "median": 4438993.5,
        "min": 1383595.375,
        "var": 2.79391554765e+12
    },
    "spectral_strongpeak": {
        "dmean": 0.765473842621,
        "dmean2": 1.29670643806,
        "dvar": 1.2728934288,
        "dvar2": 3.18959760666,
        "max": 12.5504493713,
        "mean": 1.30873429775,
        "median": 0.595187067986,
        "min": 0,
        "var": 2.34202575684
    },
    "zerocrossingrate": {
        "dmean": 0.015600620769,
        "dmean2": 0.0175603292882,
        "dvar": 0.000365090352716,
        "dvar2": 0.000366477441275,
        "max": 0.6162109375,
        "mean": 0.0759911909699,
        "median": 0.064453125,
        "min": 0.0029296875,
        "var": 0.00233031460084
    },
    "barkbands": {
        "dmean": [0.000387090112781, 0.00527821341529, 0.00166421663016, 0.000730762025341, 0.000842122826725, 0.000923149869777, 0.00107212050352, 0.000781748443842, 0.00189522234723, 0.00142093608156, 0.00143210717943, 0.000729964696802, 0.000773056643084, 0.000459236034658, 0.000402255653171, 0.000283846573438, 0.000211262580706, 0.000297762919217, 0.000346811197232, 0.000228220233112, 0.000243764719926, 0.000206516589969, 0.000202076043934, 0.000136893679155, 0.000137995812111, 9.03653854039e-05, 4.90585716761e-06],
        "dmean2": [0.000570719363168, 0.00782138202339, 0.0030539506115, 0.00136255274992, 0.00143412454054, 0.00144568865653, 0.00177166401409, 0.00134128937498, 0.00320876087062, 0.00231714174151, 0.0022783158347, 0.00116666429676, 0.00123246968724, 0.000774853862822, 0.000647249573376, 0.0004744893522, 0.000341453356668, 0.000487350422191, 0.00055768340826, 0.000371700356482, 0.000378675002139, 0.00032306581852, 0.00031430227682, 0.000215872205445, 0.000215640946408, 0.00015018513659, 8.66650407261e-06],
        "dvar": [8.72432678989e-07, 0.00012470499496, 3.56233140337e-05, 8.15548719402e-06, 5.66191192775e-06, 5.51027960682e-06, 5.5218970374e-06, 3.28774422087e-06, 1.71632200363e-05, 8.93738615559e-06, 7.03326259099e-06, 3.03841079585e-06, 2.36808273257e-06, 1.01730870483e-06, 5.51360983536e-07, 3.86261120866e-07, 2.25723539415e-07, 3.48947622797e-07, 6.21294077519e-07, 2.02843025932e-07, 2.348671444e-07, 2.03317128467e-07, 2.01375641495e-07, 1.39377846153e-07, 1.06917511289e-07, 6.95356376923e-08, 3.34103633648e-10],
        "dvar2": [1.79496021246e-06, 0.000275757833151, 0.000102284277091, 2.37100193772e-05, 1.43149936775e-05, 1.15069515232e-05, 1.32875993586e-05, 8.59968531586e-06, 4.88648183818e-05, 2.27299005928e-05, 1.62919131981e-05, 6.72707074045e-06, 5.49404876438e-06, 2.87564080281e-06, 1.33605442443e-06, 1.0355224731e-06, 5.38185986443e-07, 8.6007162281e-07, 1.48533172251e-06, 5.06619926455e-07, 5.36670654583e-07, 4.60167228766e-07, 4.51611867902e-07, 3.15622401104e-07, 2.30249611377e-07, 1.82489571898e-07, 9.07093289371e-10],
        "max": [0.0436982549727, 0.102066904306, 0.0887208729982, 0.0501464754343, 0.0262760333717, 0.0428345277905, 0.0406631305814, 0.0351346805692, 0.0716380998492, 0.0420902408659, 0.0441082380712, 0.033562656492, 0.0264041721821, 0.0154215786606, 0.012714185752, 0.00828539021313, 0.0135243022814, 0.012730864808, 0.0192027501762, 0.00747493933886, 0.00967341009527, 0.00803613383323, 0.00764819001779, 0.0109815392643, 0.0100582595915, 0.00264004920609, 0.000238814944169],
        "mean": [0.000549155287445, 0.00855352822691, 0.00152355572209, 0.00057706842199, 0.000836688035633, 0.00141754967626, 0.00153020466678, 0.000889166491106, 0.0027150043752, 0.00218075350858, 0.00237404485233, 0.00119308975991, 0.00118877168279, 0.000631599745248, 0.000612468575127, 0.000388705986552, 0.000320739171002, 0.000452511274489, 0.000496846274473, 0.000322614156175, 0.000362622988177, 0.000295214966172, 0.000283666508039, 0.000164527635206, 0.000176556990482, 8.25693277875e-05, 3.55259930984e-06],
        "median": [3.58465185855e-05, 0.00125275820028, 0.000106950683403, 6.90649903845e-05, 0.000188931400771, 0.000340129627148, 0.000400020711822, 0.000328343216097, 0.000780539005063, 0.000507927616127, 0.000647349050269, 0.000315755722113, 0.00040076544974, 0.000231337879086, 0.000267164577963, 0.000142438861076, 0.000149462241097, 0.000192697887542, 0.000207931298064, 0.000139108597068, 0.000126760423882, 0.000105111801531, 9.04907210497e-05, 3.53789146175e-05, 4.39540890511e-05, 7.19003764971e-06, 4.32138547168e-09],
        "min": [1.03421723601e-23, 2.2427590059e-23, 2.72578895113e-23, 7.44962610226e-24, 4.44666124797e-23, 2.64613403677e-23, 4.27294113932e-23, 1.32333549931e-22, 6.04066704076e-23, 1.46924750374e-22, 1.48113002089e-22, 7.92856075498e-23, 1.11938163382e-22, 1.10086561687e-22, 9.05226723983e-23, 1.91013075651e-22, 1.64733733382e-22, 1.14260847566e-22, 2.50048939308e-22, 3.14087455903e-22, 4.36404769501e-22, 4.62420973015e-22, 4.37967749079e-22, 7.59250727154e-22, 9.51210953383e-22, 1.76323584401e-21, 2.39384918167e-21],
        "var": [3.4402255551e-06, 0.000221710870392, 2.38999928115e-05, 4.73645422971e-06, 5.33034472028e-06, 1.19949045256e-05, 9.29750240175e-06, 3.28119881488e-06, 2.6681835152e-05, 1.91070757865e-05, 1.86556117114e-05, 8.41409200802e-06, 4.95656377097e-06, 1.28796716581e-06, 9.38429707276e-07, 5.18626563917e-07, 3.54542606829e-07, 6.01786723564e-07, 8.61547107434e-07, 2.84360481828e-07, 4.27269668535e-07, 3.04718355437e-07, 3.34081335041e-07, 1.88095071962e-07, 1.62699393513e-07, 5.63285595945e-08, 2.26476629117e-10]
    },
    "erbbands": {
        "dmean": [0.182396784425, 1.20318388939, 2.0797522068, 2.19492220879, 2.43537211418, 2.93713784218, 5.23611879349, 8.27009391785, 11.9657268524, 16.9454898834, 21.5817127228, 39.7899627686, 40.2857055664, 60.551525116, 35.3796768188, 27.7850017548, 30.4157333374, 28.0384979248, 16.6349487305, 18.486328125, 14.0132846832, 11.3461780548, 14.0052871704, 18.4835281372, 14.5248918533, 10.0742492676, 10.948302269, 8.39508533478, 7.33157682419, 6.43471717834, 5.90832328796, 3.07231926918, 2.35663962364, 1.52120280266, 1.03576540947, 0.43768286705, 0.15319545567, 0.0250016730279, 0.00063444377156, 3.18679813063e-05],
        "dmean2": [0.264976412058, 1.8553096056, 3.69652199745, 4.03838205338, 4.41751146317, 4.85671377182, 8.330078125, 12.939078331, 19.4258937836, 28.496257782, 36.2390289307, 67.3287124634, 67.1473846436, 95.9617919922, 55.9625167847, 43.7928848267, 48.2623977661, 46.4584312439, 26.7665519714, 29.8104496002, 23.1345596313, 18.4057979584, 22.6802883148, 29.4790973663, 23.2859745026, 16.1987476349, 17.5140476227, 12.8587656021, 11.3717403412, 10.0198278427, 9.29167175293, 4.79137849808, 3.80610227585, 2.37364959717, 1.6361143589, 0.717281579971, 0.259366184473, 0.0428989641368, 0.00107765872963, 5.11362341058e-05],
        "dvar": [0.148487105966, 7.69710683823, 47.3660469055, 66.9941864014, 71.1895141602, 69.0464553833, 187.722732544, 460.241607666, 798.143371582, 1791.47521973, 2029.06433105, 8252.640625, 8822.2578125, 11759.8984375, 5076.50732422, 4101.49804688, 3780.59375, 4328.89501953, 931.567016602, 1262.57348633, 1104.03894043, 565.113525391, 821.72644043, 1677.90112305, 1011.02392578, 417.308441162, 525.327392578, 302.79309082, 249.456039429, 207.861114502, 190.430175781, 58.9343032837, 46.3265800476, 16.2657489777, 5.57474470139, 1.32529830933, 0.230186849833, 0.0076819085516, 4.39038331024e-06, 4.83777995441e-09],
        "dvar2": [0.282732188702, 18.7632007599, 133.816055298, 191.656280518, 203.205337524, 160.213058472, 432.419311523, 1001.47192383, 1824.79003906, 4637.70947266, 5290.90429688, 23155.9570312, 24838.0488281, 28797.2207031, 11787.2255859, 9046.72265625, 8946.62890625, 12384.5126953, 2191.81665039, 3121.23974609, 3045.79370117, 1355.47070312, 1926.109375, 4135.38232422, 2479.0222168, 1027.94189453, 1269.3223877, 658.992553711, 563.326293945, 469.817779541, 431.038085938, 131.537460327, 108.604118347, 34.7831344604, 12.7901258469, 3.40627837181, 0.609581649303, 0.0204303264618, 1.1583203559e-05, 1.25302834775e-08],
        "max": [6.33048057556, 28.1267490387, 98.2240219116, 122.239776611, 118.067581177, 123.19367981, 311.558135986, 493.545013428, 625.726257324, 914.520507812, 820.274536133, 1835.6953125, 1993.62976074, 1911.43859863, 1668.32385254, 1474.48010254, 1278.50378418, 1124.90649414, 722.746520996, 676.406616211, 542.41619873, 619.890319824, 761.820251465, 982.999694824, 712.014709473, 338.696166992, 464.821777344, 568.214599609, 284.0284729, 300.20022583, 204.01385498, 144.404495239, 211.511077881, 130.009841919, 59.6588172913, 11.2080564499, 4.80376815796, 0.952961564064, 0.0244264490902, 0.00087099999655],
        "mean": [0.273338377476, 1.76722335815, 2.20243692398, 1.94824028015, 1.98854863644, 3.1891450882, 7.31764745712, 11.8705682755, 17.2640304565, 22.2268486023, 29.1664237976, 56.5744285583, 64.4608840942, 105.792610168, 60.2765922546, 50.595664978, 52.3733673096, 42.4822769165, 27.1159744263, 29.7136592865, 21.3252086639, 18.6414012909, 22.4638824463, 28.3455066681, 21.0436420441, 14.6183166504, 15.6774644852, 13.1437005997, 10.7470235825, 9.27084636688, 8.01823329926, 3.89484834671, 2.70089149475, 1.96851825714, 1.2698123455, 0.441623210907, 0.128504753113, 0.0199422463775, 0.00052799959667, 5.56124905415e-05],
        "median": [0.0376155376434, 0.246549203992, 0.259554594755, 0.252185285091, 0.37685289979, 0.695502996445, 1.3278594017, 3.28391885757, 5.00222539902, 7.492395401, 12.1053771973, 16.4396400452, 17.266242981, 34.5593223572, 22.202878952, 15.6022138596, 20.817987442, 16.7134342194, 13.4723091125, 14.1098966599, 9.15631961823, 9.36743736267, 10.3273591995, 12.2989616394, 9.80973052979, 6.50223636627, 5.35111999512, 4.80743169785, 3.89741039276, 3.4908425808, 2.33801555634, 0.92396658659, 0.570902168751, 0.499057769775, 0.287489652634, 0.0556947514415, 0.00911080930382, 0.000512925442308, 4.2298102926e-05, 3.92348520108e-05],
        "min": [5.64532188815e-22, 5.55642178273e-21, 3.00869790281e-20, 3.13542003395e-20, 6.64688800659e-20, 2.06468093679e-19, 1.31959089145e-19, 2.37436740611e-19, 5.32458590143e-19, 7.10553419459e-19, 3.62894391767e-18, 1.58393847987e-18, 2.01504195748e-18, 8.36581602933e-18, 3.8819635778e-18, 3.57914350889e-18, 4.98696272524e-18, 3.95622578524e-18, 4.58823271867e-18, 6.15395326933e-18, 1.4197953027e-17, 8.61928898443e-18, 6.6955927888e-18, 1.22256111667e-17, 1.14662378577e-17, 1.40119167985e-17, 1.78619809832e-17, 1.74705855871e-17, 1.7265476228e-17, 1.2675212781e-17, 1.15785259715e-17, 1.12057892885e-17, 1.54378570605e-17, 9.37733797729e-18, 7.38343482716e-18, 6.18052437856e-18, 3.36585912384e-18, 1.03280757987e-18, 2.80905857283e-19, 4.8521128725e-20],
        "var": [0.312547564507, 10.2889146805, 33.8948478699, 42.2805023193, 43.5173950195, 81.8113098145, 371.212890625, 840.450012207, 1422.48034668, 2047.47167969, 2534.84228516, 12198.7548828, 17436.0546875, 30075.6425781, 11599.3349609, 13680.6210938, 8633.59667969, 6711.62646484, 1723.28979492, 2170.76416016, 1430.86706543, 973.48248291, 1455.17907715, 2480.4152832, 1316.28857422, 565.466308594, 786.323974609, 648.824401855, 382.772216797, 318.579406738, 302.707092285, 86.3781051636, 56.5400886536, 23.6876373291, 7.95968723297, 1.25593101978, 0.171709865332, 0.00550681212917, 3.25758651343e-06, 4.78316675157e-09]
    },
    "gfcc": {
        "mean": [-8.03577518463, 66.4921417236, -150.766403198, 19.6530818939, -73.2532806396, 22.2732486725, -26.6712322235, 16.0968475342, -18.4233531952, 5.66081619263, -9.46625709534, 2.86891651154, -5.74316453934],
        "cov": [[7001.08349609, -855.072814941, 1966.29992676, 627.493408203, 612.063537598, 780.240722656, 41.0297241211, 794.429748535, -73.9882736206, 627.19909668, -347.462219238, 297.772583008, -354.601928711], [-855.072814941, 2523.5168457, 438.774749756, 449.607574463, 474.740905762, -144.157409668, 302.172943115, -168.172836304, 292.62109375, -240.730697632, 332.219207764, -134.064147949, 211.909469604], [1966.29992676, 438.774749756, 2224.94628906, 749.718078613, 523.150085449, 388.724731445, -68.7493362427, 321.640197754, -28.9295921326, 267.490722656, -160.848022461, 174.909912109, -140.937332153], [627.493408203, 449.607574463, 749.718078613, 697.842468262, 304.153320312, 163.098327637, 97.3669891357, 59.8255233765, 90.8851394653, 42.0534172058, 16.9625663757, -6.49506092072, 5.31239318848], [612.063537598, 474.740905762, 523.150085449, 304.153320312, 573.245666504, 214.614578247, 232.369049072, 185.158477783, 101.157447815, 94.8721542358, -6.95004940033, 58.7576599121, -55.5444488525], [780.240722656, -144.157409668, 388.724731445, 163.098327637, 214.614578247, 491.25970459, 176.801803589, 202.187728882, 44.0631484985, 99.9706954956, -54.3327980042, 10.3933439255, -45.8804702759], [41.0297241211, 302.172943115, -68.7493362427, 97.3669891357, 232.369049072, 176.801803589, 404.241729736, 95.6155929565, 143.178756714, 8.23848056793, 51.8463172913, -13.8639297485, 4.9365401268], [794.429748535, -168.172836304, 321.640197754, 59.8255233765, 185.158477783, 202.187728882, 95.6155929565, 346.054504395, 74.8999176025, 134.34262085, -67.3864212036, 53.7613754272, -65.8583221436], [-73.9882736206, 292.62109375, -28.9295921326, 90.8851394653, 101.157447815, 44.0631484985, 143.178756714, 74.8999176025, 248.473800659, 3.12643003464, 65.2998962402, -30.700750351, 33.6536560059], [627.19909668, -240.730697632, 267.490722656, 42.0534172058, 94.8721542358, 99.9706954956, 8.23848056793, 134.34262085, 3.12643003464, 237.73336792, -33.1339988708, 85.3817596436, -62.137424469], [-347.462219238, 332.219207764, -160.848022461, 16.9625663757, -6.95004940033, -54.3327980042, 51.8463172913, -67.3864212036, 65.2998962402, -33.1339988708, 218.873001099, -11.9606342316, 71.2663726807], [297.772583008, -134.064147949, 174.909912109, -6.49506092072, 58.7576599121, 10.3933439255, -13.8639297485, 53.7613754272, -30.700750351, 85.3817596436, -11.9606342316, 160.379928589, -14.8570461273], [-354.601928711, 211.909469604, -140.937332153, 5.31239318848, -55.5444488525, -45.8804702759, 4.9365401268, -65.8583221436, 33.6536560059, -62.137424469, 71.2663726807, -14.8570461273, 150.059356689]],
        "icov": [[0.00027074420359, 8.19086835691e-06, -5.70654592593e-05, -0.000150681851665, 3.16406258207e-05, -0.000160588271683, 6.3287508965e-05, -0.000331599643687, 0.00013783313625, -0.000265256734565, 7.59030081099e-05, -0.000132001165184, 0.000205089891097], [8.19086835691e-06, 0.00148074270692, -0.000890186987817, 0.00045856347424, -0.00132949661929, 0.00105944368988, -0.000764828524552, 0.000767975347117, -0.000746037985664, 0.00104864756577, -0.00139661226422, 0.00137852947228, -0.00132868252695], [-5.70654592593e-05, -0.000890186987817, 0.00179861392826, -0.00139897747431, 0.000298586470308, -0.00105757894926, 0.00137572106905, -0.000820491986815, 0.00065049197292, -0.000789773359429, 0.00110488152131, -0.00157500361092, 0.00108927336987], [-0.000150681851665, 0.00045856347424, -0.00139897747431, 0.00334664434195, -0.0012169550173, 0.00034630286973, -0.000615023891442, 0.00131092849188, -0.00101250014268, 0.000454737368273, -0.000759488495532, 0.0016471799463, -0.0012459004065], [3.16406258207e-05, -0.00132949661929, 0.000298586470308, -0.0012169550173, 0.00494458107278, -0.000957051233854, -0.001148392912, -0.00139892310835, 0.00048206615611, -0.000852683966514, 0.00108676496893, -0.00210756389424, 0.00205121003091], [-0.000160588271683, 0.00105944368988, -0.00105757894926, 0.00034630286973, -0.000957051233854, 0.00441317353398, -0.00215750467032, -0.000520654255524, 7.70913247834e-05, 0.000314316013828, -0.000652391056065, 0.00207146001048, -0.00141581729986], [6.3287508965e-05, -0.000764828524552, 0.00137572106905, -0.000615023891442, -0.001148392912, -0.00215750467032, 0.00551115628332, -0.000637811957859, -0.00113863765728, -0.000166844809428, 0.0001792297262, -0.00105501536746, 0.000994227244519], [-0.000331599643687, 0.000767975347117, -0.000820491986815, 0.00131092849188, -0.00139892310835, -0.000520654255524, -0.000637811957859, 0.00655822269619, -0.00252312747762, -0.000701924844179, 0.000373993592802, 0.000386567175156, -0.000327008252498], [0.00013783313625, -0.000746037985664, 0.00065049197292, -0.00101250014268, 0.00048206615611, 7.70913247834e-05, -0.00113863765728, -0.00252312747762, 0.00690965959802, -0.000967845320702, -0.000590926676523, 0.000688571599312, -0.000443427881692], [-0.000265256734565, 0.00104864756577, -0.000789773359429, 0.000454737368273, -0.000852683966514, 0.000314316013828, -0.000166844809428, -0.000701924844179, -0.000967845320702, 0.00798666849732, -0.00158445246052, -0.0017270790413, 0.000718071707524], [7.59030081099e-05, -0.00139661226422, 0.00110488152131, -0.000759488495532, 0.00108676496893, -0.000652391056065, 0.0001792297262, 0.000373993592802, -0.000590926676523, -0.00158445246052, 0.00772168301046, -0.00177673448343, -0.000789409561548], [-0.000132001165184, 0.00137852947228, -0.00157500361092, 0.0016471799463, -0.00210756389424, 0.00207146001048, -0.00105501536746, 0.000386567175156, 0.000688571599312, -0.0017270790413, -0.00177673448343, 0.0105004711077, -0.00272477185354], [0.000205089891097, -0.00132868252695, 0.00108927336987, -0.0012459004065, 0.00205121003091, -0.00141581729986, 0.000994227244519, -0.000327008252498, -0.000443427881692, 0.000718071707524, -0.000789409561548, -0.00272477185354, 0.0107442336157]]
    },
    "melbands": {
        "dmean": [0.00149275269359, 0.00123373640236, 0.000385433842894, 0.000190329534234, 0.000166474550497, 0.000182989810128, 0.000195887230802, 0.000176079804078, 0.00020206393674, 0.000266899878625, 0.000206041877391, 0.000246956944466, 0.000155681234901, 7.60953917052e-05, 8.02719514468e-05, 7.59296308388e-05, 5.00921451021e-05, 2.65948565357e-05, 3.37186356774e-05, 2.10626894841e-05, 1.68686929101e-05, 1.3321681763e-05, 1.10643677544e-05, 1.5545207134e-05, 1.63703898579e-05, 1.3839240637e-05, 8.30620138004e-06, 6.92594539942e-06, 7.57165798859e-06, 6.47213164484e-06, 4.66809478894e-06, 4.37975222667e-06, 4.20976766691e-06, 3.60685908163e-06, 3.73077386939e-06, 2.53964867625e-06, 1.74327908553e-06, 1.70125338173e-06, 1.53879238951e-06, 1.25380927329e-06],
        "dmean2": [0.00220159930177, 0.0020356811583, 0.000706106773578, 0.000324222142808, 0.000264678703388, 0.000285886868369, 0.000318927079206, 0.000297463964671, 0.000338145153364, 0.000453016604297, 0.000342829996953, 0.000392017507693, 0.000246283772867, 0.000120984463138, 0.000128343308461, 0.0001219466576, 8.37480547489e-05, 4.32990273111e-05, 5.42524685443e-05, 3.45492517226e-05, 2.79414362012e-05, 2.14810988837e-05, 1.81756477104e-05, 2.52839181485e-05, 2.62860794464e-05, 2.2414007617e-05, 1.33809489853e-05, 1.1253352568e-05, 1.2354212231e-05, 1.01930763776e-05, 7.20804519005e-06, 6.88343516231e-06, 6.68187158226e-06, 5.68357108932e-06, 5.91782054471e-06, 4.05239188694e-06, 2.74087688013e-06, 2.78752668237e-06, 2.43943873102e-06, 1.97072631636e-06],
        "dvar": [9.56647818384e-06, 1.15336661111e-05, 1.99013970814e-06, 3.41401374726e-07, 1.6730551522e-07, 2.11685772911e-07, 1.89553091445e-07, 1.90005025047e-07, 1.83235940199e-07, 3.82745156458e-07, 2.2946738909e-07, 2.00490148927e-07, 9.12208619752e-08, 3.92890981971e-08, 3.61858560893e-08, 2.48231177835e-08, 1.32994939506e-08, 2.94692226177e-09, 4.45796155546e-09, 2.01710159686e-09, 1.87984383615e-09, 8.70073901815e-10, 7.04774516525e-10, 1.00609043319e-09, 1.46821510505e-09, 1.24230903342e-09, 3.30026672657e-10, 2.0915158494e-10, 2.77359496481e-10, 2.09084416447e-10, 9.658609329e-11, 9.24806550784e-11, 9.1767080046e-11, 6.88279155892e-11, 7.61393864623e-11, 3.94135349358e-11, 2.31163872766e-11, 2.54820366197e-11, 2.2714823078e-11, 1.07187991122e-11],
        "dvar2": [1.93330706679e-05, 3.08077433147e-05, 5.67685810893e-06, 8.77620152551e-07, 3.90621124779e-07, 4.49798676527e-07, 4.40679372105e-07, 4.97153848755e-07, 4.84268639411e-07, 1.08690301204e-06, 6.3876115064e-07, 4.91734965635e-07, 2.10933535527e-07, 8.50302015465e-08, 8.81265620478e-08, 6.20736599899e-08, 3.77613638136e-08, 6.80107525852e-09, 1.06895461371e-08, 5.16743847712e-09, 5.07731101607e-09, 2.11326889321e-09, 1.7058714441e-09, 2.46556619565e-09, 3.61620600131e-09, 3.08930037107e-09, 8.11515632471e-10, 5.20025966733e-10, 6.9259226132e-10, 4.82544948444e-10, 2.07427255927e-10, 2.15628903621e-10, 2.13314296782e-10, 1.61118091091e-10, 1.72594050163e-10, 9.18039880227e-11, 5.22053407448e-11, 6.19370665866e-11, 5.07557051943e-11, 2.37177118223e-11],
        "max": [0.0393980033696, 0.0452084355056, 0.0216009598225, 0.00601216731593, 0.00857214070857, 0.00957736279815, 0.00883117970079, 0.00861267093569, 0.0079668937251, 0.0124860927463, 0.0101797971874, 0.00742144091055, 0.00589153449982, 0.00486244354397, 0.00424407748505, 0.00265884841792, 0.00187918718439, 0.00161832896993, 0.00125940784346, 0.000698731921148, 0.000797044893261, 0.000685973966029, 0.000744848279282, 0.000821807712782, 0.000941509730183, 0.000920338905416, 0.000465011515189, 0.000290525320452, 0.000293056800729, 0.000339377525961, 0.000431178486906, 0.000161699019372, 0.000184205549886, 0.000218633562326, 0.000120199845696, 0.000129610401927, 0.000121938261145, 0.000125837788801, 0.000206257638638, 0.000107019586721],
        "mean": [0.00244391150773, 0.001623494667, 0.000339788966812, 0.000180944844033, 0.000231282116147, 0.000270219519734, 0.000286218040856, 0.000222958798986, 0.000268679112196, 0.000375422940124, 0.000317304686178, 0.00042061728891, 0.000258499290794, 0.000120857192087, 0.000138886112836, 0.000114265159937, 7.07019280526e-05, 3.90324748878e-05, 5.02852199133e-05, 2.99302373605e-05, 2.3547998353e-05, 1.97968147404e-05, 1.64161374414e-05, 2.30262776313e-05, 2.31814465224e-05, 1.82229905477e-05, 1.15359271149e-05, 9.15760119824e-06, 1.01502510006e-05, 8.82061431184e-06, 7.05173079041e-06, 6.10569486525e-06, 5.58911096959e-06, 5.07807135364e-06, 5.02280909132e-06, 3.17374474434e-06, 2.08523374567e-06, 1.87799344076e-06, 1.75934860636e-06, 1.63079300819e-06],
        "median": [0.000370255496819, 0.000252134777838, 4.77635476273e-05, 3.58225988748e-05, 4.66221572424e-05, 7.16438589734e-05, 7.99042027211e-05, 7.85327356425e-05, 9.90796615952e-05, 9.80798649834e-05, 6.84751794324e-05, 0.000129624750116, 7.80431219027e-05, 3.22373052768e-05, 3.76150201191e-05, 3.88120788557e-05, 2.45327573793e-05, 1.53578694153e-05, 2.07998709811e-05, 1.1022812032e-05, 8.79920116859e-06, 8.78336231835e-06, 7.40217137718e-06, 9.26838492887e-06, 8.81261257746e-06, 7.21739070286e-06, 5.04924219058e-06, 3.42114572049e-06, 3.1437805319e-06, 2.75609613709e-06, 2.54303472502e-06, 2.10957887248e-06, 1.83778627161e-06, 1.92970833268e-06, 1.45780870753e-06, 7.56311692385e-07, 4.51338308949e-07, 3.74031429828e-07, 3.59675453865e-07, 4.18535591962e-07],
        "min": [6.36065647628e-24, 1.32174528194e-23, 5.23909348428e-24, 1.14413182918e-23, 4.98717035977e-24, 5.31994541618e-24, 8.60145926491e-24, 9.45121707657e-24, 2.89854065413e-23, 8.59929541945e-24, 9.98179624395e-24, 3.38581120005e-23, 1.61266156434e-23, 6.6932749438e-24, 1.50741884211e-23, 7.85031616615e-24, 8.25401415667e-24, 9.19396006905e-24, 6.21419537732e-24, 7.64883635779e-24, 1.96133335128e-23, 8.98512334388e-24, 6.79282761232e-24, 5.3693028653e-24, 1.05436001037e-23, 9.2214376721e-24, 9.58241332258e-24, 8.60945910335e-24, 9.82215525142e-24, 1.32655559797e-23, 9.03042289251e-24, 1.05931129584e-23, 7.32522037092e-24, 7.06007396548e-24, 6.48267195907e-24, 6.21471050349e-24, 7.46234648435e-24, 1.08886731072e-23, 1.08944791234e-23, 6.90048346005e-24],
        "var": [1.95138072741e-05, 1.09638413051e-05, 1.2418577171e-06, 3.0283297292e-07, 3.13801962193e-07, 4.15102590523e-07, 3.43716862972e-07, 2.03461411274e-07, 2.34234406093e-07, 5.70474867345e-07, 4.52297143738e-07, 4.96601217037e-07, 2.29944262742e-07, 1.01346635972e-07, 1.03913237126e-07, 4.66518272901e-08, 1.9600649992e-08, 5.25209786773e-09, 7.5196924243e-09, 3.06428971086e-09, 2.29735208634e-09, 1.40044142949e-09, 1.02290864668e-09, 1.69832459207e-09, 2.02569161445e-09, 1.4789549585e-09, 4.40095182519e-10, 2.73336075995e-10, 3.90306370557e-10, 3.2849878373e-10, 2.06543823711e-10, 1.3281087341e-10, 1.26196969541e-10, 9.92287432777e-11, 1.18592580201e-10, 5.75045774887e-11, 3.11398754005e-11, 2.95341459622e-11, 2.85267660188e-11, 1.51851049096e-11]
    },
    "mfcc": {
        "mean": [-639.859741211, 95.8257293701, -21.1015625, 1.43990063667, -17.2170352936, 2.44948410988, 0.65272629261, 9.20590019226, 1.15718758106, 4.93588590622, 5.32882642746, -1.36757063866, 3.62621641159],
        "cov": [[5517.0078125, -584.124633789, 851.712402344, 306.505889893, 489.162414551, 330.003356934, 328.234039307, 254.518432617, 398.426300049, 286.185272217, 273.326660156, 269.082794189, 77.2535095215], [-584.124633789, 1836.12133789, 296.98059082, 488.302398682, 313.954315186, 112.178749084, 116.90499115, 140.230255127, 10.3282718658, 39.2493247986, 58.6779441833, 18.6532344818, 69.9732284546], [851.712402344, 296.98059082, 1450.57214355, 525.870727539, 558.336242676, 253.010650635, 143.184875488, 74.0408706665, 142.25881958, 65.0956802368, 31.6293258667, 102.868217468, 52.1960906982], [306.505889893, 488.302398682, 525.870727539, 701.874084473, 325.788635254, 185.606887817, 84.9801254272, 73.8424530029, 60.8899803162, 39.3066062927, 38.4902839661, 52.2506752014, 74.9513931274], [489.162414551, 313.954315186, 558.336242676, 325.788635254, 502.166534424, 155.465255737, 135.314437866, 118.21635437, 128.631011963, 85.7396240234, 72.2825241089, 62.0855178833, 52.5499534607], [330.003356934, 112.178749084, 253.010650635, 185.606887817, 155.465255737, 338.968505859, 168.293502808, 107.903968811, 110.697776794, 65.8640594482, 64.4701919556, 54.9139022827, 27.264875412], [328.234039307, 116.90499115, 143.184875488, 84.9801254272, 135.314437866, 168.293502808, 280.922393799, 125.601600647, 108.396080017, 81.484588623, 85.3404541016, 46.9898338318, 35.1310958862], [254.518432617, 140.230255127, 74.0408706665, 73.8424530029, 118.21635437, 107.903968811, 125.601600647, 249.519012451, 134.945144653, 95.4617919922, 82.9128570557, 46.6438446045, 19.3824958801], [398.426300049, 10.3282718658, 142.25881958, 60.8899803162, 128.631011963, 110.697776794, 108.396080017, 134.945144653, 282.253967285, 118.251296997, 80.1352310181, 82.5931243896, 25.6109256744], [286.185272217, 39.2493247986, 65.0956802368, 39.3066062927, 85.7396240234, 65.8640594482, 81.484588623, 95.4617919922, 118.251296997, 169.311294556, 83.3055496216, 58.3814964294, 22.0060539246], [273.326660156, 58.6779441833, 31.6293258667, 38.4902839661, 72.2825241089, 64.4701919556, 85.3404541016, 82.9128570557, 80.1352310181, 83.3055496216, 163.875045776, 70.9286651611, 37.6596221924], [269.082794189, 18.6532344818, 102.868217468, 52.2506752014, 62.0855178833, 54.9139022827, 46.9898338318, 46.6438446045, 82.5931243896, 58.3814964294, 70.9286651611, 152.380142212, 46.7139091492], [77.2535095215, 69.9732284546, 52.1960906982, 74.9513931274, 52.5499534607, 27.264875412, 35.1310958862, 19.3824958801, 25.6109256744, 22.0060539246, 37.6596221924, 46.7139091492, 135.18536377]],
