{
"lowlevel": {
    "average_loudness": 0.741020560265,
    "barkbands_crest": {
        "dmean": 2.95851588249,
        "dmean2": 4.86593055725,
        "dvar": 7.80553197861,
        "dvar2": 19.9652767181,
        "max": 25.5645389557,
        "mean": 10.0173807144,
        "median": 9.01846218109,
        "min": 2.81337547302,
        "var": 18.1683998108
    },
    "barkbands_flatness_db": {
        "dmean": 0.0259391181171,
        "dmean2": 0.038731560111,
        "dvar": 0.000598677434027,
        "dvar2": 0.00134656403679,
        "max": 0.455970823765,
        "mean": 0.173829436302,
        "median": 0.165811151266,
        "min": 0.0449345186353,
        "var": 0.00388311594725
    },
    "barkbands_kurtosis": {
        "dmean": 3.11980509758,
        "dmean2": 5.12073612213,
        "dvar": 33.6757278442,
        "dvar2": 89.0918273926,
        "max": 173.014678955,
        "mean": 4.17803907394,
        "median": 1.88309717178,
        "min": -1.86913383007,
        "var": 90.1711425781
    },
    "barkbands_skewness": {
        "dmean": 0.59798848629,
        "dmean2": 0.938235044479,
        "dvar": 0.443258702755,
        "dvar2": 1.06959569454,
        "max": 11.0086011887,
        "mean": 1.43174207211,
        "median": 1.29458343983,
        "min": -2.00434827805,
        "var": 1.44170629978
    },
    "barkbands_spread": {
        "dmean": 4.96821212769,
        "dmean2": 7.74329376221,
        "dvar": 55.6809844971,
        "dvar2": 111.549476624,
        "max": 97.0582580566,
        "mean": 17.3418769836,
        "median": 14.1185274124,
        "min": 0.679728448391,
        "var": 160.226242065
    },
    "dissonance": {
        "dmean": 0.02440142259,
        "dmean2": 0.0411912612617,
        "dvar": 0.000535462866537,
        "dvar2": 0.00145387253724,
        "max": 0.500000119209,
        "mean": 0.453928053379,
        "median": 0.461266666651,
        "min": 0.259128659964,
        "var": 0.00111509277485
    },
    "dynamic_complexity": 2.23107409477,
    "erbbands_crest": {
        "dmean": 2.62317681313,
        "dmean2": 4.317050457,
        "dvar": 5.70829582214,
        "dvar2": 14.7326154709,
        "max": 29.4137954712,
        "mean": 9.02733039856,
        "median": 8.26249694824,
        "min": 2.34058022499,
        "var": 13.4911003113
    },
    "erbbands_flatness_db": {
        "dmean": 0.0219769570976,
        "dmean2": 0.0313778035343,
        "dvar": 0.000446140620625,
        "dvar2": 0.000825905182865,
        "max": 0.495339602232,
        "mean": 0.198758333921,
        "median": 0.193819716573,
        "min": 0.0652654469013,
        "var": 0.00354495458305
    },
    "erbbands_kurtosis": {
        "dmean": 1.04845070839,
        "dmean2": 1.69575965405,
        "dvar": 1.37024855614,
        "dvar2": 3.49534583092,
        "max": 19.4655075073,
        "mean": 0.955150544643,
        "median": 0.553676843643,
        "min": -1.73610723019,
        "var": 3.1792910099
    },
    "erbbands_skewness": {
        "dmean": 0.374813169241,
        "dmean2": 0.57947486639,
        "dvar": 0.133249849081,
        "dvar2": 0.284757524729,
        "max": 3.6655819416,
        "mean": 0.516457855701,
        "median": 0.557253420353,
        "min": -3.97673082352,
        "var": 0.469980567694
    },
    "erbbands_spread": {
        "dmean": 7.94952821732,
        "dmean2": 12.4111757278,
        "dvar": 88.7794036865,
        "dvar2": 206.037719727,
        "max": 115.877990723,
        "mean": 31.402387619,
        "median": 27.2407035828,
        "min": 3.92505931854,
        "var": 294.884185791
    },
    "hfc": {
        "dmean": 7.02584886551,
        "dmean2": 10.5264081955,
        "dvar": 123.873268127,
        "dvar2": 240.387893677,
        "max": 191.874435425,
        "mean": 22.3501930237,
        "median": 16.152223587,
        "min": 1.22389352266e-16,
        "var": 399.187072754
    },
    "melbands_crest": {
        "dmean": 3.59370970726,
        "dmean2": 5.82470703125,
        "dvar": 11.029135704,
        "dvar2": 27.5779304504,
        "max": 38.493522644,
        "mean": 13.2585344315,
        "median": 11.9997854233,
        "min": 1.99140572548,
        "var": 30.5226020813
    },
    "melbands_flatness_db": {
        "dmean": 0.0307474862784,
        "dmean2": 0.0453746505082,
        "dvar": 0.000957350828685,
        "dvar2": 0.00201215641573,
        "max": 0.540252864361,
        "mean": 0.221087634563,
        "median": 0.210771724582,
        "min": 0.00464829150587,
        "var": 0.00589086767286
    },
    "melbands_kurtosis": {
        "dmean": 6.66486263275,
        "dmean2": 10.8933572769,
        "dvar": 189.503555298,
        "dvar2": 474.557159424,
        "max": 649.361206055,
        "mean": 10.5000200272,
        "median": 5.24410057068,
        "min": -1.80463802814,
        "var": 564.863891602
    },
    "melbands_skewness": {
        "dmean": 0.755228340626,
        "dmean2": 1.20032417774,
        "dvar": 0.77437877655,
        "dvar2": 1.8926384449,
        "max": 22.5906848907,
        "mean": 2.18459129333,
        "median": 1.93275511265,
        "min": -0.902488946915,
        "var": 2.60692501068
    },
    "melbands_spread": {
        "dmean": 6.79374361038,
        "dmean2": 10.2188282013,
        "dvar": 150.685684204,
        "dvar2": 269.485778809,
        "max": 207.267883301,
        "mean": 21.0559978485,
        "median": 16.5244140625,
        "min": 0.37943983078,
        "var": 389.95111084
    },
    "pitch_salience": {
        "dmean": 0.0735005065799,
        "dmean2": 0.120514214039,
        "dvar": 0.00442802160978,
        "dvar2": 0.0113331479952,
        "max": 0.898577153683,
        "mean": 0.573994874954,
        "median": 0.582604646683,
        "min": 0.0346428491175,
        "var": 0.0129864513874
    },
    "silence_rate_20dB": {
        "dmean": 0,
        "dmean2": 0,
        "dvar": 0,
        "dvar2": 0,
        "max": 1,
        "mean": 1,
        "median": 1,
        "min": 1,
        "var": 0
    },
    "silence_rate_30dB": {
        "dmean": 0.0122324163094,
        "dmean2": 0.0244677104056,
        "dvar": 0.0120832342654,
        "dvar2": 0.0313977301121,
        "max": 1,
        "mean": 0.988827466965,
        "median": 1,
        "min": 0,
        "var": 0.0110470447689
    },
    "silence_rate_60dB": {
        "dmean": 0.00282286526635,
        "dmean2": 0.0056463945657,
        "dvar": 0.00281458138488,
        "dvar2": 0.00726031698287,
        "max": 1,
        "mean": 0.0114077385515,
        "median": 0,
        "min": 0,
        "var": 0.0112772015855
    },
    "spectral_centroid": {
        "dmean": 234.931915283,
        "dmean2": 354.251190186,
        "dvar": 129047.5625,
        "dvar2": 224596.484375,
        "max": 10882.5224609,
        "mean": 1071.24987793,
        "median": 910.760070801,
        "min": 244.951629639,
        "var": 417020.125
    },
    "spectral_complexity": {
        "dmean": 3.05928015709,
        "dmean2": 4.85425233841,
        "dvar": 9.29021072388,
        "dvar2": 20.5910949707,
        "max": 54,
        "mean": 18.9019165039,
        "median": 18,
        "min": 0,
        "var": 59.0738258362
    },
    "spectral_decrease": {
        "dmean": 3.21065485309e-09,
        "dmean2": 5.29271471095e-09,
        "dvar": 2.83310550939e-17,
        "dvar2": 7.66622719908e-17,
        "max": 1.44896045382e-29,
        "mean": -8.07252398261e-09,
        "median": -6.87674406308e-09,
        "min": -5.70285756396e-08,
        "var": 3.88465720874e-17
    },
    "spectral_energy": {
        "dmean": 0.0125231640413,
        "dmean2": 0.0205893442035,
        "dvar": 0.00041161981062,
        "dvar2": 0.00111350498628,
        "max": 0.219100043178,
        "mean": 0.0324947610497,
        "median": 0.0279149599373,
        "min": 1.10463896199e-20,
        "var": 0.000584802532103
    },
    "spectral_energyband_high": {
        "dmean": 0.000540020409971,
        "dmean2": 0.000764077180065,
        "dvar": 2.3965571927e-06,
        "dvar2": 4.3531558731e-06,
        "max": 0.0286796223372,
        "mean": 0.000950250716414,
        "median": 0.000292680051643,
        "min": 8.19420624432e-21,
        "var": 5.34786977369e-06
    },
    "spectral_energyband_low": {
        "dmean": 0.00653347512707,
        "dmean2": 0.0111830430105,
        "dvar": 0.000365502870409,
        "dvar2": 0.00100383290555,
        "max": 0.196775436401,
        "mean": 0.00896983686835,
        "median": 0.00455659115687,
        "min": 4.85658555985e-23,
        "var": 0.000356515811291
    },
    "spectral_energyband_middle_high": {
        "dmean": 0.00215694331564,
        "dmean2": 0.00340181216598,
        "dvar": 1.00339093478e-05,
        "dvar2": 2.47822936217e-05,
        "max": 0.069340929389,
        "mean": 0.00672512268648,
        "median": 0.00416436372325,
        "min": 1.43659875968e-21,
        "var": 4.98807603435e-05
    },
    "spectral_energyband_middle_low": {
        "dmean": 0.00706925150007,
        "dmean2": 0.0113717941567,
        "dvar": 7.2487979196e-05,
        "dvar2": 0.000178867703653,
        "max": 0.108849868178,
        "mean": 0.0168369449675,
        "median": 0.0138841830194,
        "min": 3.3343274868e-22,
        "var": 0.000160215451615
    },
    "spectral_entropy": {
        "dmean": 0.188316807151,
        "dmean2": 0.277717918158,
        "dvar": 0.0400097444654,
        "dvar2": 0.0790121406317,
        "max": 9.78685665131,
        "mean": 7.3961057663,
        "median": 7.44189167023,
        "min": 5.29836368561,
        "var": 0.232570141554
    },
    "spectral_flux": {
        "dmean": 0.0285324845463,
        "dmean2": 0.0457494929433,
        "dvar": 0.00132676074281,
        "dvar2": 0.00264759152196,
        "max": 0.382411986589,
        "mean": 0.096480242908,
        "median": 0.0875135064125,
        "min": 1.051018092e-10,
        "var": 0.00267060357146
    },
    "spectral_kurtosis": {
        "dmean": 3.15693807602,
        "dmean2": 5.3795838356,
        "dvar": 42.2499923706,
        "dvar2": 116.445724487,
        "max": 155.751083374,
        "mean": 5.99948072433,
        "median": 3.92765903473,
        "min": -1.28367972374,
        "var": 87.9633483887
    },
    "spectral_rms": {
        "dmean": 0.000978996045887,
        "dmean2": 0.00155860651284,
        "dvar": 1.44141313285e-06,
        "dvar2": 3.66316839973e-06,
        "max": 0.0146204018965,
        "mean": 0.00530199473724,
        "median": 0.0052186306566,
        "min": 3.28282886985e-12,
        "var": 3.59098407898e-06
    },
    "spectral_rolloff": {
        "dmean": 424.539581299,
        "dmean2": 703.141967773,
        "dvar": 937502.1875,
        "dvar2": 1772560.625,
        "max": 18690.8203125,
        "mean": 1313.38830566,
        "median": 947.4609375,
        "min": 43.06640625,
        "var": 1931470
    },
    "spectral_skewness": {
        "dmean": 0.338126659393,
        "dmean2": 0.542600035667,
        "dvar": 0.183109909296,
        "dvar2": 0.479142069817,
        "max": 9.21278762817,
        "mean": 1.68892610073,
        "median": 1.61735892296,
        "min": -0.206030189991,
        "var": 0.575792849064
    },
    "spectral_spread": {
        "dmean": 605022.6875,
        "dmean2": 866282.375,
        "dvar": 703910969344,
        "dvar2": 1.17690453197e+12,
        "max": 40527928,
        "mean": 3966677.5,
        "median": 3705577,
        "min": 520935.75,
        "var": 2.59970301952e+12
    },
    "spectral_strongpeak": {
        "dmean": 0.579968094826,
        "dmean2": 0.977398097515,
        "dvar": 0.610456228256,
        "dvar2": 1.50052082539,
        "max": 11.3264484406,
        "mean": 1.07604551315,
        "median": 0.684543788433,
        "min": 0,
        "var": 1.42088067532
    },
    "zerocrossingrate": {
        "dmean": 0.0102161737159,
        "dmean2": 0.0117451716214,
        "dvar": 0.000275999103906,
        "dvar2": 0.000263861060375,
        "max": 0.529296875,
        "mean": 0.052013065666,
        "median": 0.04345703125,
        "min": 0.00146484375,
        "var": 0.0013456013985
    },
    "barkbands": {
        "dmean": [0.000263560679741, 0.00481348531321, 0.00163158448413, 0.00150385731831, 0.00437928270549, 0.00112424336839, 0.00113332702313, 0.00070378172677, 0.00153752183542, 0.000834240578115, 0.000899320992175, 0.000661590194795, 0.000396447692765, 0.000240950685111, 0.000235340223298, 0.000121641052829, 0.000123043369967, 0.00016429182142, 0.000111158260552, 9.70519540715e-05, 0.000109221145976, 0.0001775247365, 0.000155988076585, 7.73684223532e-05, 4.46936064691e-05, 1.18040716188e-05, 3.12196760888e-07],
        "dmean2": [0.00040053203702, 0.00826593022794, 0.00296957814135, 0.00256456434727, 0.00715440418571, 0.00182199676055, 0.00180451152846, 0.00114051019773, 0.0024814887438, 0.00138200609945, 0.00144161621574, 0.00106126710307, 0.000643277599011, 0.000400240009185, 0.000387497071642, 0.00020144697919, 0.000195076543605, 0.000257597712334, 0.000175415902049, 0.000150562016643, 0.000165734352777, 0.000261427630903, 0.00022675312357, 0.000116435759992, 6.61113299429e-05, 1.85734807019e-05, 5.21390404629e-07],
        "dvar": [7.07198807959e-07, 0.000234473933233, 2.02690243896e-05, 7.98598648544e-06, 4.4896016334e-05, 5.85877251069e-06, 4.6268173719e-06, 2.19947196456e-06, 8.68463393999e-06, 4.59296461486e-06, 2.26722340813e-06, 2.83447434413e-06, 5.77989510475e-07, 2.59788805579e-07, 3.06133046024e-07, 8.21234280579e-08, 6.24462117571e-08, 1.94351201799e-07, 6.48065352493e-08, 4.93610308183e-08, 1.09234953527e-07, 3.01145632875e-07, 3.15748252433e-07, 9.04976147353e-08, 2.75422085139e-08, 1.59004498457e-09, 2.11066862772e-12],
        "dvar2": [1.34803212859e-06, 0.000638863421045, 6.04918204772e-05, 2.15405325434e-05, 0.000114178677904, 1.42301632877e-05, 1.15776310849e-05, 5.35823937753e-06, 2.30165787798e-05, 1.17554118333e-05, 5.8027076193e-06, 6.95378548698e-06, 1.39537894484e-06, 6.60153432364e-07, 7.79681329277e-07, 2.11787906323e-07, 1.44256446788e-07, 4.61744264157e-07, 1.55222920739e-07, 1.09181158336e-07, 2.26057096597e-07, 5.95780875301e-07, 6.4036095182e-07, 1.86146323244e-07, 6.12772979025e-08, 3.9587799705e-09, 5.31852470051e-12],
        "max": [0.0622951984406, 0.150095850229, 0.0524419024587, 0.0453291386366, 0.0760485380888, 0.0574895441532, 0.0369862616062, 0.0325514562428, 0.0634795203805, 0.0882305726409, 0.0313339978456, 0.0411592498422, 0.0207186881453, 0.0144267659634, 0.0159009341151, 0.00860775262117, 0.00674714334309, 0.0144500844181, 0.00592483952641, 0.0040819728747, 0.00775150861591, 0.0115635506809, 0.0164235886186, 0.00934168882668, 0.0041526351124, 0.000767181743868, 2.56714192801e-05],
        "mean": [0.000467747013317, 0.00577933341265, 0.00192305876408, 0.00199618050829, 0.00704616913572, 0.00180401769467, 0.00176824815571, 0.00110027007759, 0.00272434949875, 0.00139568315353, 0.00161608611234, 0.00128743425012, 0.00073711341247, 0.000410905398894, 0.000407245708629, 0.000206342665479, 0.000237159591052, 0.00032899127109, 0.000225778509048, 0.000162849071785, 0.000167718535522, 0.000284169451334, 0.000237036161707, 0.000109567590698, 5.77272148803e-05, 1.33813991852e-05, 2.43208717166e-07],
        "median": [4.39703435404e-05, 0.00229429709725, 0.000837423081975, 0.000872149132192, 0.00403289031237, 0.000860962667502, 0.000754724780563, 0.000380156561732, 0.00141345406882, 0.000425689475378, 0.00089284562273, 0.000525686657056, 0.000361479760613, 0.000173223903403, 0.000150073712575, 7.91013953858e-05, 0.000104524428025, 9.35463249334e-05, 6.74899056321e-05, 6.03763037361e-05, 5.48760654056e-05, 7.10831736797e-05, 5.09342935402e-05, 2.00235208467e-05, 6.48576497042e-06, 1.71761413981e-07, 1.12746056935e-09],
        "min": [1.13424464102e-23, 2.20486339019e-23, 9.74951062838e-24, 1.76420631963e-23, 1.83436823962e-23, 4.86700262587e-23, 7.22780362219e-23, 3.57645205957e-23, 1.03470290612e-22, 7.90014724735e-23, 8.04108639886e-23, 1.15089113651e-22, 9.28497742034e-23, 6.6474847237e-23, 1.31900496848e-22, 9.86138546201e-23, 7.22514358322e-23, 2.53628651256e-22, 3.06378606163e-22, 3.79136850417e-22, 6.04047531601e-22, 6.38414906958e-22, 7.08385430369e-22, 8.83717579433e-22, 1.23449143456e-21, 1.62583379334e-21, 2.46033564094e-21],
        "var": [6.14699092694e-06, 0.000216161133721, 1.41893679029e-05, 1.04433020169e-05, 7.41467156331e-05, 1.0139456208e-05, 8.39830136101e-06, 4.9628929446e-06, 1.69149625435e-05, 1.09941101982e-05, 5.32633703187e-06, 9.32885905058e-06, 1.7151130578e-06, 5.08266850829e-07, 6.43521161692e-07, 1.39983313829e-07, 1.47935807604e-07, 4.92649803618e-07, 2.29035308053e-07, 1.02362974985e-07, 1.94276836396e-07, 5.5143453892e-07, 5.85456916724e-07, 1.52610653004e-07, 3.96406569791e-08, 1.72674308185e-09, 1.70170626722e-12]
    },
    "erbbands": {
        "dmean": [0.147843241692, 1.07295393944, 1.9500991106, 3.31472659111, 10.8405742645, 17.920255661, 9.65321540833, 10.3863534927, 13.327583313, 16.3260135651, 16.7763538361, 31.7969589233, 33.8496017456, 36.2220535278, 22.6405334473, 20.3330402374, 16.7374725342, 12.5805625916, 10.2300453186, 9.53839492798, 6.60286951065, 6.84882688522, 9.06566810608, 6.16566610336, 4.92335557938, 4.36422777176, 4.11754179001, 4.91828870773, 6.29311180115, 5.90085792542, 4.34607648849, 2.08118844032, 1.09675884247, 0.588501632214, 0.279161810875, 0.0863214954734, 0.0150675494224, 0.0019457571907, 6.10884308117e-05, 1.58480524988e-05],
        "dmean2": [0.237933620811, 1.9099367857, 3.56057262421, 5.75192308426, 18.0587615967, 29.1851425171, 15.8405246735, 16.7206687927, 21.1461143494, 26.5227718353, 26.7943286896, 51.8899459839, 55.1187133789, 57.9440727234, 36.3034133911, 32.4703788757, 27.1502075195, 20.4274692535, 16.8856182098, 15.5240249634, 10.9331874847, 10.7267017365, 14.2360305786, 9.70953369141, 7.67047214508, 6.73207998276, 6.4147233963, 7.39441204071, 9.33502101898, 8.73429393768, 6.3642706871, 3.0722424984, 1.65633308887, 0.884308040142, 0.416176468134, 0.134824246168, 0.0233598146588, 0.00310712819919, 9.69271350186e-05, 2.54524875345e-05],
        "dvar": [0.188763365149, 12.7359571457, 34.6881256104, 39.9797744751, 324.80557251, 927.649291992, 406.88394165, 605.917907715, 707.310302734, 1113.12243652, 1052.546875, 4402.22363281, 5957.70410156, 3460.44116211, 1899.38391113, 2120.72998047, 997.641235352, 756.421447754, 529.903991699, 452.929870605, 204.288253784, 202.460998535, 608.548217773, 231.44380188, 103.618026733, 107.969444275, 149.493988037, 228.461288452, 387.630401611, 433.134216309, 240.60484314, 63.6118469238, 18.6174983978, 5.25900125504, 1.07655477524, 0.0919984206557, 0.00236371252686, 5.84899971727e-05, 5.16078699775e-08, 5.75238801037e-10],
        "dvar2": [0.474806278944, 35.8512191772, 102.36190033, 113.793945312, 832.911315918, 2339.80688477, 1006.42510986, 1431.53527832, 1688.81494141, 2826.55297852, 2588.3918457, 11936.8554688, 15363.3457031, 8745.50097656, 4632.20800781, 5188.47314453, 2469.26342773, 1920.55175781, 1377.5958252, 1133.56201172, 541.274658203, 465.510467529, 1483.87976074, 549.36706543, 233.320404053, 238.535232544, 329.343902588, 466.133514404, 783.48651123, 899.778076172, 497.484344482, 128.00869751, 39.4787025452, 11.7678689957, 2.46763205528, 0.233187317848, 0.00550008332357, 0.000145320504089, 1.2414500361e-07, 1.48568246594e-09],
        "max": [9.49673557281, 32.9802131653, 65.1989517212, 85.7298583984, 204.800033569, 363.954345703, 445.091430664, 646.651733398, 655.434326172, 502.786743164, 617.032592773, 1935.39257812, 3415.37280273, 1239.16894531, 923.6015625, 1269.78393555, 896.704040527, 994.003234863, 834.534973145, 490.531219482, 389.411437988, 449.176391602, 863.091674805, 407.228027344, 203.130371094, 203.396286011, 351.915710449, 333.673431396, 389.293151855, 638.022460938, 355.294006348, 192.243408203, 129.114120483, 64.0782775879, 27.1966190338, 5.3988571167, 1.68622303009, 0.284767389297, 0.00539687694982, 0.000255598220974],
        "mean": [0.179421707988, 1.21339643002, 2.4099342823, 4.63280153275, 15.5833911896, 27.0866661072, 15.3646335602, 16.3066425323, 21.7994155884, 25.969669342, 28.6305942535, 54.2696609497, 61.7453842163, 67.9176254272, 47.2275466919, 41.0394859314, 33.7707328796, 24.6335811615, 19.5777587891, 18.1056537628, 12.515832901, 14.1755943298, 18.3140239716, 13.5050868988, 10.1864385605, 7.48010158539, 6.38044118881, 7.44622707367, 9.90491104126, 9.06608581543, 6.52841615677, 3.06512331963, 1.50058889389, 0.752015471458, 0.352583765984, 0.103522211313, 0.0164394043386, 0.00177005154546, 7.18164228601e-05, 4.16324255639e-05],
        "median": [0.0411540903151, 0.513937294483, 1.15233361721, 2.55031204224, 8.06751918793, 13.4512214661, 7.44656515121, 7.37850999832, 9.91134262085, 11.5497617722, 13.5230407715, 26.2518081665, 26.9526977539, 39.1307220459, 23.2754745483, 19.3039207458, 17.6970291138, 11.8579683304, 8.45306015015, 6.75746250153, 5.38529825211, 6.22065353394, 5.75221204758, 3.9121325016, 3.48913002014, 2.74606966972, 2.30207633972, 2.19848799706, 2.48635911942, 2.05725336075, 1.34764802456, 0.638612866402, 0.237315177917, 0.0885543525219, 0.0353231392801, 0.004397099372, 0.000233549173572, 2.06338372664e-05, 2.14342981053e-05, 3.56137061317e-05],
        "min": [4.66970012e-22, 5.60889645674e-21, 1.43695877308e-20, 3.58280325319e-20, 7.23869825325e-20, 3.63029634504e-20, 1.27798861802e-19, 5.82596281817e-19, 8.74905004789e-19, 8.67241021318e-19, 9.89238839635e-19, 2.19676671381e-18, 2.95345499457e-18, 2.4132192006e-18, 3.08597987525e-18, 6.32001308603e-18, 3.74252243321e-18, 4.10295563179e-18, 5.12949297582e-18, 6.23778595646e-18, 4.96939092749e-18, 4.66311862029e-18, 1.13562145644e-17, 1.54008390738e-17, 1.89787211322e-17, 1.7573155983e-17, 2.38022892167e-17, 2.09536545494e-17, 1.91563995278e-17, 2.3455086772e-17, 2.01962218061e-17, 1.80424982626e-17, 1.47714505806e-17, 1.32339360616e-17, 9.05409978214e-18, 4.80138889072e-18, 2.91111244619e-18, 1.94664425378e-18, 2.99066943673e-19, 3.41425550985e-20],
        "var": [0.307942658663, 9.28685665131, 23.6158256531, 43.7745819092, 480.59487915, 1481.01672363, 640.503601074, 1053.2677002, 1390.98254395, 1863.74499512, 2074.49584961, 8363.88085938, 14266.0888672, 7802.23632812, 6528.24902344, 6232.10302734, 3097.03491211, 1712.67468262, 1100.34387207, 1242.60473633, 376.373443604, 501.790649414, 1371.03283691, 874.99798584, 353.532012939, 220.913574219, 254.45980835, 401.125091553, 679.928100586, 747.760437012, 431.238067627, 111.044067383, 29.5958042145, 7.5975651741, 1.41788744926, 0.100026354194, 0.00283152237535, 5.27227384737e-05, 4.87660578585e-08, 9.379278465e-10]
    },
    "gfcc": {
        "mean": [-14.5056810379, 127.705871582, -141.228088379, 27.2418060303, -75.1732406616, 16.0801849365, -28.503818512, -5.91161441803, -17.4738998413, -16.0747699738, -9.9344329834, -5.87423276901, -5.03288125992],
        "cov": [[5104.95214844, -2088.28295898, 863.058288574, 883.171875, -365.484222412, 762.40045166, -414.383911133, 707.739929199, -274.663299561, 537.788757324, -222.203964233, 292.332336426, -212.678222656], [-2088.28295898, 2711.04638672, -288.978912354, -12.4988136292, 694.969726562, -493.545410156, 552.247924805, -515.828735352, 458.971832275, -530.53704834, 404.014068604, -206.661315918, 144.236022949], [863.058288574, -288.978912354, 1116.2767334, 408.722198486, 5.36201143265, 292.983123779, -138.872375488, 118.245536804, -191.987136841, 203.318267822, -88.0869522095, 100.084602356, -44.7613830566], [883.171875, -12.4988136292, 408.722198486, 790.347045898, 25.5682106018, 221.416351318, 88.5290679932, 57.6571922302, 125.789489746, 22.0107650757, 86.2929382324, 15.2777843475, 22.8392028809], [-365.484222412, 694.969726562, 5.36201143265, 25.5682106018, 519.904052734, -72.1446304321, 209.339416504, 41.9480018616, 135.787307739, -28.1488380432, 82.7027435303, 30.4856777191, 21.1014232635], [762.40045166, -493.545410156, 292.983123779, 221.416351318, -72.1446304321, 379.78213501, -36.4236030579, 195.511917114, -24.7749195099, 147.904418945, -25.8094787598, 49.9983787537, -9.28445148468], [-414.383911133, 552.247924805, -138.872375488, 88.5290679932, 209.339416504, -36.4236030579, 367.554656982, -52.8176307678, 174.611557007, -77.9078674316, 114.43800354, -14.78444767, 37.5565986633], [707.739929199, -515.828735352, 118.245536804, 57.6571922302, 41.9480018616, 195.511917114, -52.8176307678, 360.013305664, -35.27135849, 191.835647583, -38.4548721313, 79.785118103, -24.5787239075], [-274.663299561, 458.971832275, -191.987136841, 125.789489746, 135.787307739, -24.7749195099, 174.611557007, -35.27135849, 304.328063965, -99.2666931152, 132.072341919, -32.7402000427, 31.3533840179], [537.788757324, -530.53704834, 203.318267822, 22.0107650757, -28.1488380432, 147.904418945, -77.9078674316, 191.835647583, -99.2666931152, 260.518493652, -90.2598876953, 87.964553833, -27.7893276215], [-222.203964233, 404.014068604, -88.0869522095, 86.2929382324, 82.7027435303, -25.8094787598, 114.43800354, -38.4548721313, 132.072341919, -90.2598876953, 186.542617798, -33.9651794434, 30.0282344818], [292.332336426, -206.661315918, 100.084602356, 15.2777843475, 30.4856777191, 49.9983787537, -14.78444767, 79.785118103, -32.7402000427, 87.964553833, -33.9651794434, 128.078918457, -19.1806163788], [-212.678222656, 144.236022949, -44.7613830566, 22.8392028809, 21.1014232635, -9.28445148468, 37.5565986633, -24.5787239075, 31.3533840179, -27.7893276215, 30.0282344818, -19.1806163788, 98.8779678345]],
        "icov": [[0.000545793503989, -9.00472587091e-05, 0.000201812334126, -0.000700544274878, 0.000264322501607, -0.000376428302843, 0.000357004668331, -0.000629639078397, 0.000343586900271, -9.49255554588e-05, 0.000207980687264, -0.000611145573203, 0.000857275270391], [-9.00472587091e-05, 0.00310641643591, -0.00129963934887, 0.000923755811527, -0.00288000144064, 0.0015401088167, -0.00121820007917, 0.00219622231089, -0.00146317039616, 0.00197295704857, -0.00257022166625, 0.0020543448627, -0.00156143424101], [0.000201812334126, -0.00129963934887, 0.00254342681728, -0.00161712570116, 0.000431177206337, -0.00178459694143, 0.00123206072021, -0.000174903470906, 0.00208397116512, -0.00157042883802, 0.00105951889418, -0.00140710908454, 0.00138689414598], [-0.000700544274878, 0.000923755811527, -0.00161712570116, 0.00339447730221, -0.000660924706608, 0.000192328981939, -0.0011670984095, 0.00120323966257, -0.00206583645195, 0.000973199028522, -0.00141673616599, 0.00129566446412, -0.00185879238416], [0.000264322501607, -0.00288000144064, 0.000431177206337, -0.000660924706608, 0.00602331059054, -0.000112733228889, -0.000445870333351, -0.00364172458649, 0.000407944287872, -0.00141686177813, 0.00219414872117, -0.00282038119622, 0.00134461582638], [-0.000376428302843, 0.0015401088167, -0.00178459694143, 0.000192328981939, -0.000112733228889, 0.00656221341342, -0.00145888095722, -0.00110552448314, -0.00160796742421, 0.000141409109347, -0.00131642795168, 0.00158453476615, -0.00173223705497], [0.000357004668331, -0.00121820007917, 0.00123206072021, -0.0011670984095, -0.000445870333351, -0.00145888095722, 0.00556689826772, -5.85021625739e-05, -0.000324485823512, -0.00113856955431, 6.14902601228e-05, -0.00143097271211, 0.000688039755914], [-0.000629639078397, 0.00219622231089, -0.000174903470906, 0.00120323966257, -0.00364172458649, -0.00110552448314, -5.85021625739e-05, 0.00839011836797, -0.00122028053738, -0.00210002972744, -0.00263035902753, 0.00127866177354, -0.00129033648409], [0.000343586900271, -0.00146317039616, 0.00208397116512, -0.00206583645195, 0.000407944287872, -0.00160796742421, -0.000324485823512, -0.00122028053738, 0.00779704330489, -0.000204400668736, -0.00100291823037, -0.0011938115349, 0.00141901324969], [-9.49255554588e-05, 0.00197295704857, -0.00157042883802, 0.000973199028522, -0.00141686177813, 0.000141409109347, -0.00113856955431, -0.00210002972744, -0.000204400668736, 0.010635940358, 0.000558919797186, -0.00141581543721, -0.00118218036368], [0.000207980687264, -0.00257022166625, 0.00105951889418, -0.00141673616599, 0.00219414872117, -0.00131642795168, 6.14902601228e-05, -0.00263035902753, -0.00100291823037, 0.000558919797186, 0.0112664913759, -0.00121325452346, 0.000552651239559], [-0.000611145573203, 0.0020543448627, -0.00140710908454, 0.00129566446412, -0.00282038119622, 0.00158453476615, -0.00143097271211, 0.00127866177354, -0.0011938115349, -0.00141581543721, -0.00121325452346, 0.0127779394388, -0.000807681470178], [0.000857275270391, -0.00156143424101, 0.00138689414598, -0.00185879238416, 0.00134461582638, -0.00173223705497, 0.000688039755914, -0.00129033648409, 0.00141901324969, -0.00118218036368, 0.000552651239559, -0.000807681470178, 0.0131538929418]]
    },
    "melbands": {
        "dmean": [0.00132501637563, 0.00115218188148, 0.000729497522116, 0.00108441419434, 0.000410927081248, 0.00022502457432, 0.000214992483961, 0.000173782667844, 0.000141292839544, 0.00022427435033, 0.000173118227394, 0.000146079357364, 9.08091242309e-05, 8.04904993856e-05, 3.97852236347e-05, 4.68338548671e-05, 2.20284018724e-05, 1.7290822143e-05, 2.07288394449e-05, 8.47993760544e-06, 8.06985281088e-06, 7.32723128749e-06, 8.56463066157e-06, 8.2525812104e-06, 5.18834576724e-06, 4.20159221903e-06, 3.63243748325e-06, 3.01077170661e-06, 2.71914450423e-06, 2.60953697762e-06, 3.11220992444e-06, 3.65504160982e-06, 3.81880136047e-06, 3.28944975081e-06, 2.83172198579e-06, 1.76374157945e-06, 1.19816706956e-06, 8.28841564271e-07, 6.31034538401e-07, 4.64051026938e-07],
        "dmean2": [0.00222107046284, 0.00208294577897, 0.00125104631297, 0.00178102916107, 0.000670655979775, 0.000361007580068, 0.00034095052979, 0.000281837797957, 0.000225889612921, 0.000364607636584, 0.00028195080813, 0.000233758590184, 0.000146092454088, 0.000128003724967, 6.45043401164e-05, 7.60978873586e-05, 3.61999445886e-05, 2.86946433334e-05, 3.41803170159e-05, 1.39550511449e-05, 1.34359179356e-05, 1.17304562082e-05, 1.34902829814e-05, 1.29623394969e-05, 8.23862228572e-06, 6.66739879307e-06, 5.6736262195e-06, 4.70604027214e-06, 4.35362426288e-06, 4.05378068535e-06, 4.72856117995e-06, 5.55020733373e-06, 5.71355349166e-06, 4.91677064929e-06, 4.22567882197e-06, 2.56958469436e-06, 1.82308463081e-06, 1.27174712361e-06, 9.48446142957e-07, 7.10534209247e-07],
        "dvar": [1.67385605891e-05, 1.34024448926e-05, 1.6185874756e-06, 2.84408997686e-06, 5.92331730331e-07, 2.55535184124e-07, 1.61664473808e-07, 1.13737002039e-07, 7.40391996601e-08, 2.06919807511e-07, 1.53430647742e-07, 5.73753027311e-08, 2.39975808114e-08, 5.25290104747e-08, 8.12308620368e-09, 8.22480750173e-09, 2.59810439829e-09, 1.44413125902e-09, 2.30907604148e-09, 4.35623648265e-10, 3.15383302807e-10, 2.36092950745e-10, 3.77682829455e-10, 7.13033132538e-10, 1.74682671106e-10, 8.6809219535e-11, 6.48831752215e-11, 5.67127768358e-11, 6.58429977207e-11, 6.73920572125e-11, 9.27895538183e-11, 1.35037800386e-10, 1.50324558357e-10, 1.56675353247e-10, 1.07948025518e-10, 4.39688424558e-11, 2.23731987797e-11, 1.09245780824e-11, 6.28253612328e-12, 3.41309120723e-12],
        "dvar2": [4.4395954319e-05, 3.87124528061e-05, 4.40895655629e-06, 7.27047654436e-06, 1.47482319335e-06, 6.03624414452e-07, 3.9305706423e-07, 2.86644365133e-07, 1.8382736755e-07, 5.53701852368e-07, 3.94333000031e-07, 1.45475738123e-07, 6.17342053033e-08, 1.2990953735e-07, 2.05745713799e-08, 2.01779197795e-08, 6.60191901147e-09, 3.8245469014e-09, 5.87080561942e-09, 1.06889319618e-09, 8.37862390579e-10, 5.66671931601e-10, 9.14252618056e-10, 1.69352365464e-09, 4.34993069343e-10, 1.99741403972e-10, 1.49743176192e-10, 1.28762847607e-10, 1.51719040109e-10, 1.49459375431e-10, 1.94900054429e-10, 2.83691264924e-10, 3.1302507808e-10, 3.35232841486e-10, 2.31434468811e-10, 8.695912046e-11, 4.78184158936e-11, 2.39122489171e-11, 1.35940989368e-11, 7.96019500315e-12],
        "max": [0.0604171194136, 0.0357385575771, 0.0172103755176, 0.0205394364893, 0.0162331815809, 0.0130054568872, 0.00849809031934, 0.00573374330997, 0.00448416732252, 0.0125079061836, 0.0169485341758, 0.00509542785585, 0.00333914812654, 0.00579546764493, 0.0033026766032, 0.00278468593024, 0.00167047686409, 0.00112265045755, 0.00105565146077, 0.000678382057231, 0.00051531160716, 0.000495888874866, 0.000458586000605, 0.00107534334529, 0.000373081857106, 0.000238987238845, 0.000175028166268, 0.000167374892044, 0.000278986350168, 0.000236129257246, 0.000196566063096, 0.000256252707914, 0.000317476893542, 0.000421196804382, 0.000254640413914, 0.000202409384656, 0.000129605527036, 9.66090810834e-05, 9.4829039881e-05, 5.62962522963e-05],
        "mean": [0.00160820002202, 0.00142641097773, 0.00107038370334, 0.0016628584126, 0.000663460814394, 0.000359143276, 0.000352756411303, 0.000281121931039, 0.000235224477365, 0.000380218232749, 0.000305621273583, 0.000266712217126, 0.000177409121534, 0.000151057698531, 7.16420254321e-05, 8.37839615997e-05, 3.88230728277e-05, 2.98890827253e-05, 3.48986468452e-05, 1.50443775055e-05, 1.40284455483e-05, 1.38133691507e-05, 1.63316781254e-05, 1.57088725246e-05, 1.04538139567e-05, 8.37701554701e-06, 6.28107864031e-06, 4.65775701741e-06, 3.9400388232e-06, 3.8398752622e-06, 4.45627665613e-06, 5.47350100533e-06, 5.83568635193e-06, 4.73091949971e-06, 4.05200808018e-06, 2.56810835708e-06, 1.63099457495e-06, 1.09485517896e-06, 8.02620036211e-07, 5.7163447309e-07],
        "median": [0.000537942338269, 0.000726103608031, 0.000598173122853, 0.000908861053176, 0.000334461190505, 0.000166064302903, 0.000165849531186, 0.000119479504065, 0.00010666315211, 0.000183577954886, 0.000125519072753, 0.000147773826029, 9.46660293266e-05, 5.72525023017e-05, 2.96457765216e-05, 4.13288034906e-05, 1.68643709912e-05, 1.13510450319e-05, 1.27782732307e-05, 5.08617495143e-06, 5.87037720834e-06, 6.01563124292e-06, 5.4931442719e-06, 4.16163311456e-06, 2.80827725874e-06, 2.49215395343e-06, 2.17919136958e-06, 1.50748269334e-06, 1.3554843008e-06, 1.19234573503e-06, 1.20623872135e-06, 1.33974083383e-06, 1.32844365908e-06, 9.5406892342e-07, 7.75016303578e-07, 5.362675779e-07, 2.94215027452e-07, 1.68140687151e-07, 9.31097545731e-08, 6.06264762837e-08],
        "min": [6.31327236272e-24, 7.66512870207e-24, 7.5275190169e-24, 3.86333939267e-24, 4.06984621714e-24, 1.19610301113e-23, 1.40857883054e-23, 8.89922506878e-24, 7.79673121144e-24, 1.59323128916e-23, 1.46140064121e-23, 9.26206558644e-24, 1.1610392483e-23, 1.29111404965e-23, 1.19588252451e-23, 8.03790176738e-24, 7.62758996703e-24, 7.0200582072e-24, 1.09004886658e-23, 6.12233962466e-24, 5.62454472764e-24, 4.26030800524e-24, 6.12244099329e-24, 1.26373552753e-23, 1.21435819911e-23, 1.27297364093e-23, 1.37846501211e-23, 1.17834969646e-23, 1.08288971721e-23, 2.04004983671e-23, 9.71438028569e-24, 8.87931974155e-24, 1.4976868229e-23, 1.16109281196e-23, 1.10825254194e-23, 1.15852420197e-23, 1.08386893025e-23, 9.3495407945e-24, 1.20060961571e-23, 1.12327276912e-23],
        "var": [1.95545962924e-05, 9.34478885029e-06, 2.14439410229e-06, 4.48763057648e-06, 9.54182496571e-07, 4.590574747e-07, 3.09629996309e-07, 2.20103501647e-07, 1.38434472774e-07, 3.95105161033e-07, 3.68927260297e-07, 1.30541593535e-07, 6.9843487438e-08, 1.63513092843e-07, 2.36148025579e-08, 2.17392930324e-08, 5.12524334084e-09, 3.05672531731e-09, 4.95418106539e-09, 9.5690344537e-10, 5.0598591983e-10, 4.9651333045e-10, 9.19707920932e-10, 1.48274470479e-09, 5.82736470189e-10, 3.05097974662e-10, 1.49431855778e-10, 1.07271129479e-10, 1.03799580042e-10, 1.06194240901e-10, 1.54583831846e-10, 2.21412513324e-10, 2.52058762751e-10, 2.55102328151e-10, 1.83926374131e-10, 7.48699435782e-11, 3.59713613063e-11, 1.64346713322e-11, 9.3317072819e-12, 4.60460575918e-12]
    },
    "mfcc": {
        "mean": [-642.144287109, 142.279190063, -5.47009754181, 8.9331741333, -16.237203598, 9.92173576355, -6.05603790283, 12.0405664444, -7.82043457031, -1.93975353241, -5.1400885582, -5.07844686508, -6.53802204132],
        "cov": [[4200.58544922, -1706.18859863, 490.004455566, 354.000549316, 157.52696228, 131.275848389, 61.5997200012, 153.808639526, 108.943450928, 176.235061646, 237.739868164, 11.8734693527, 108.726844788], [-1706.18859863, 2000.65490723, -368.472320557, 197.651306152, 148.425109863, 43.9502029419, 33.2074928284, 154.544113159, -94.7646789551, -11.8292665482, -54.8278388977, 44.5834999084, 23.7885799408], [490.004455566, -368.472320557, 968.46661377, 212.924224854, 134.802642822, 190.025177002, 105.245002747, -72.5073928833, 4.70333814621, -35.7775993347, -47.5719108582, 43.8965148926, 13.6592130661], [354.000549316, 197.651306152, 212.924224854, 574.115905762, 153.452880859, 180.51739502, 64.7324905396, 131.010299683, 34.4881286621, 56.4793243408, 61.7103919983, 30.3459129333, 69.2103652954], [157.52696228, 148.425109863, 134.802642822, 153.452880859, 321.517059326, 39.4713859558, 64.9937210083, 63.8602600098, 53.7559280396, 45.153339386, 44.3036689758, 40.0577087402, 40.979888916], [131.275848389, 43.9502029419, 190.025177002, 180.51739502, 39.4713859558, 240.534576416, 46.6744728088, 67.7002258301, 40.7460517883, 26.8638534546, 30.2647285461, 25.6275997162, 23.6633777618], [61.5997200012, 33.2074928284, 105.245002747, 64.7324905396, 64.9937210083, 46.6744728088, 224.043289185, 24.4933128357, 70.4875411987, 22.1045684814, 27.9739265442, 38.3153648376, 29.7955646515], [153.808639526, 154.544113159, -72.5073928833, 131.010299683, 63.8602600098, 67.7002258301, 24.4933128357, 226.239837646, 10.7684526443, 90.5336837769, 62.6989021301, 29.3622322083, 44.1440467834], [108.943450928, -94.7646789551, 4.70333814621, 34.4881286621, 53.7559280396, 40.7460517883, 70.4875411987, 10.7684526443, 192.836395264, 25.5215244293, 53.1801147461, 27.1805019379, 26.9219169617], [176.235061646, -11.8292665482, -35.7775993347, 56.4793243408, 45.153339386, 26.8638534546, 22.1045684814, 90.5336837769, 25.5215244293, 167.163116455, 52.4518547058, 32.5193557739, 25.4125499725], [237.739868164, -54.8278388977, -47.5719108582, 61.7103919983, 44.3036689758, 30.2647285461, 27.9739265442, 62.6989021301, 53.1801147461, 52.4518547058, 146.355484009, 12.9307718277, 46.2882728577], [11.8734693527, 44.5834999084, 43.8965148926, 30.3459129333, 40.0577087402, 25.6275997162, 38.3153648376, 29.3622322083, 27.1805019379, 32.5193557739, 12.9307718277, 120.049263, 21.0798091888], [108.726844788, 23.7885799408, 13.6592130661, 69.2103652954, 40.979888916, 23.6633777618, 29.7955646515, 44.1440467834, 26.9219169617, 25.4125499725, 46.2882728577, 21.0798091888, 98.2812271118]],
