{
"lowlevel": {
    "average_loudness": 0.493161469698,
    "barkbands_crest": {
        "dmean": 2.20114183426,
        "dmean2": 3.50819396973,
        "dvar": 4.70583486557,
        "dvar2": 11.1857233047,
        "max": 26.8109893799,
        "mean": 12.3760719299,
        "median": 11.4846906662,
        "min": 2.69982838631,
        "var": 25.9470424652
    },
    "barkbands_flatness_db": {
        "dmean": 0.022790895775,
        "dmean2": 0.0341649986804,
        "dvar": 0.000506084528752,
        "dvar2": 0.00103795458563,
        "max": 0.634644687176,
        "mean": 0.263566225767,
        "median": 0.225290298462,
        "min": 0.0376737304032,
        "var": 0.0147732356563
    },
    "barkbands_kurtosis": {
        "dmean": 4.63705015182,
        "dmean2": 7.26395797729,
        "dvar": 136.236495972,
        "dvar2": 300.778686523,
        "max": 427.685974121,
        "mean": 11.4417505264,
        "median": 3.14478421211,
        "min": -1.95778155327,
        "var": 693.307067871
    },
    "barkbands_skewness": {
        "dmean": 0.528234124184,
        "dmean2": 0.809060692787,
        "dvar": 0.451456904411,
        "dvar2": 0.96591347456,
        "max": 15.5898742676,
        "mean": 1.60351240635,
        "median": 1.20075201988,
        "min": -3.07104611397,
        "var": 3.72631764412
    },
    "barkbands_spread": {
        "dmean": 2.95134162903,
        "dmean2": 4.4388217926,
        "dvar": 43.0932006836,
        "dvar2": 73.5844726562,
        "max": 105.7682724,
        "mean": 11.6463651657,
        "median": 7.6725358963,
        "min": 0.140035495162,
        "var": 199.671844482
    },
    "dissonance": {
        "dmean": 0.0327742919326,
        "dmean2": 0.0554161705077,
        "dvar": 0.00114013184793,
        "dvar2": 0.00301420129836,
        "max": 0.500000178814,
        "mean": 0.396614521742,
        "median": 0.426140189171,
        "min": 0.0450874306262,
        "var": 0.00953824911267
    },
    "dynamic_complexity": 4.93407058716,
    "erbbands_crest": {
        "dmean": 2.71541333199,
        "dmean2": 4.36670017242,
        "dvar": 6.97759485245,
        "dvar2": 17.8202285767,
        "max": 32.6551246643,
        "mean": 13.7474689484,
        "median": 12.3940830231,
        "min": 2.87232756615,
        "var": 37.2499084473
    },
    "erbbands_flatness_db": {
        "dmean": 0.0200043413788,
        "dmean2": 0.0294378660619,
        "dvar": 0.000418528506998,
        "dvar2": 0.000806310214102,
        "max": 0.569774985313,
        "mean": 0.269508600235,
        "median": 0.250622063875,
        "min": 0.0683713853359,
        "var": 0.00872143637389
    },
    "erbbands_kurtosis": {
        "dmean": 2.34843111038,
        "dmean2": 3.67332434654,
        "dvar": 21.470911026,
        "dvar2": 47.1084480286,
        "max": 180.143371582,
        "mean": 4.84897089005,
        "median": 2.22032499313,
        "min": -1.89681112766,
        "var": 83.0821762085
    },
    "erbbands_skewness": {
        "dmean": 0.43157094717,
        "dmean2": 0.655748069286,
        "dvar": 0.266377449036,
        "dvar2": 0.518307209015,
        "max": 11.420958519,
        "mean": 1.08711612225,
        "median": 0.929353237152,
        "min": -6.65084266663,
        "var": 1.71886301041
    },
    "erbbands_spread": {
        "dmean": 5.37923002243,
        "dmean2": 8.40898895264,
        "dvar": 107.642227173,
        "dvar2": 240.616134644,
        "max": 156.111083984,
        "mean": 20.8494358063,
        "median": 16.4536075592,
        "min": 0.686803519726,
        "var": 347.980957031
    },
    "hfc": {
        "dmean": 4.04324007034,
        "dmean2": 6.21808433533,
        "dvar": 55.7265167236,
        "dvar2": 128.568405151,
        "max": 164.253433228,
        "mean": 16.2660255432,
        "median": 9.11068344116,
        "min": 1.23538524512e-16,
        "var": 365.42300415
    },
    "melbands_crest": {
        "dmean": 2.76196289062,
        "dmean2": 4.45904445648,
        "dvar": 7.68434143066,
        "dvar2": 20.5759353638,
        "max": 38.8213729858,
        "mean": 15.97519207,
        "median": 15.0843029022,
        "min": 1.97976100445,
        "var": 37.1315765381
    },
    "melbands_flatness_db": {
        "dmean": 0.0262233801186,
        "dmean2": 0.0381051823497,
        "dvar": 0.000730038445909,
        "dvar2": 0.00139953941107,
        "max": 0.818370819092,
        "mean": 0.332898527384,
        "median": 0.286861240864,
        "min": 0.00498208403587,
        "var": 0.0270067043602
    },
    "melbands_kurtosis": {
        "dmean": 7.202688694,
        "dmean2": 11.1595945358,
        "dvar": 591.727355957,
        "dvar2": 1325.66149902,
        "max": 1808.94067383,
        "mean": 18.225025177,
        "median": 5.02297115326,
        "min": -1.89590406418,
        "var": 4887.56835938
    },
    "melbands_skewness": {
        "dmean": 0.579164683819,
        "dmean2": 0.898388743401,
        "dvar": 0.547953605652,
        "dvar2": 1.25708246231,
        "max": 34.605796814,
        "mean": 2.03605628014,
        "median": 1.63190340996,
        "min": -1.79355466366,
        "var": 5.60428905487
    },
    "melbands_spread": {
        "dmean": 3.9664144516,
        "dmean2": 5.86513996124,
        "dvar": 84.563331604,
        "dvar2": 139.320953369,
        "max": 259.49017334,
        "mean": 14.954372406,
        "median": 9.00934791565,
        "min": 0.105294719338,
        "var": 358.846923828
    },
    "pitch_salience": {
        "dmean": 0.0581318251789,
        "dmean2": 0.0937876477838,
        "dvar": 0.00313412304968,
        "dvar2": 0.00786903686821,
        "max": 0.880311012268,
        "mean": 0.533486843109,
        "median": 0.538902878761,
        "min": 0.0175896696746,
        "var": 0.0201597958803
    },
    "silence_rate_20dB": {
        "dmean": 0,
        "dmean2": 0,
        "dvar": 0,
        "dvar2": 0,
        "max": 1,
        "mean": 1,
        "median": 1,
        "min": 1,
        "var": 0
    },
    "silence_rate_30dB": {
        "dmean": 0.00255962763913,
        "dmean2": 0.00511985085905,
        "dvar": 0.00255291350186,
        "dvar2": 0.00649042986333,
        "max": 1,
        "mean": 0.995463013649,
        "median": 1,
        "min": 0,
        "var": 0.00451615452766
    },
    "silence_rate_60dB": {
        "dmean": 0.0162885393947,
        "dmean2": 0.032580871135,
        "dvar": 0.0160241629928,
        "dvar2": 0.0354804471135,
        "max": 1,
        "mean": 0.157980456948,
        "median": 0,
        "min": 0,
        "var": 0.133020609617
    },
    "spectral_centroid": {
        "dmean": 133.106994629,
        "dmean2": 195.950531006,
        "dvar": 71732.9296875,
        "dvar2": 112803.085938,
        "max": 11211.6953125,
        "mean": 872.153015137,
        "median": 620.325012207,
        "min": 166.722045898,
        "var": 467319.59375
    },
    "spectral_complexity": {
        "dmean": 1.7049447298,
        "dmean2": 2.80265307426,
        "dvar": 3.86961984634,
        "dvar2": 9.36426067352,
        "max": 57,
        "mean": 12.2316188812,
        "median": 10,
        "min": 0,
        "var": 73.8360366821
    },
    "spectral_decrease": {
        "dmean": 1.5457516378e-09,
        "dmean2": 2.45012699018e-09,
        "dvar": 5.09131073233e-18,
        "dvar2": 1.27886887261e-17,
        "max": 4.11650794096e-29,
        "mean": -6.07938321906e-09,
        "median": -4.8613264525e-09,
        "min": -5.07644912773e-08,
        "var": 2.89699727078e-17
    },
    "spectral_energy": {
        "dmean": 0.00611301977187,
        "dmean2": 0.00970356166363,
        "dvar": 7.73670471972e-05,
        "dvar2": 0.000196168766706,
        "max": 0.192294582725,
        "mean": 0.02442035079,
        "median": 0.0199052151293,
        "min": 1.1049946335e-20,
        "var": 0.00045478733955
    },
    "spectral_energyband_high": {
        "dmean": 0.000211495193071,
        "dmean2": 0.000295156845823,
        "dvar": 6.50818265058e-07,
        "dvar2": 1.24151290493e-06,
        "max": 0.0192017443478,
        "mean": 0.000504351162817,
        "median": 7.1881855547e-05,
        "min": 7.98714128813e-21,
        "var": 2.33158675655e-06
    },
    "spectral_energyband_low": {
        "dmean": 0.00202704453841,
        "dmean2": 0.00328963412903,
        "dvar": 3.45228763763e-05,
        "dvar2": 8.67718408699e-05,
        "max": 0.186148330569,
        "mean": 0.00526531413198,
        "median": 0.00224240869284,
        "min": 5.69174313387e-23,
        "var": 0.000131445165607
    },
    "spectral_energyband_middle_high": {
        "dmean": 0.00197098264471,
        "dmean2": 0.00322562945075,
        "dvar": 2.12543636735e-05,
        "dvar2": 5.90076633671e-05,
        "max": 0.08080047369,
        "mean": 0.00599564099684,
        "median": 0.00114802282769,
        "min": 1.58975157322e-21,
        "var": 0.000105162347609
    },
    "spectral_energyband_middle_low": {
        "dmean": 0.00384612334892,
        "dmean2": 0.00596445519477,
        "dvar": 3.62623977708e-05,
        "dvar2": 8.65185502334e-05,
        "max": 0.0947318673134,
        "mean": 0.0129958167672,
        "median": 0.00813738629222,
        "min": 3.26100482204e-22,
        "var": 0.000181875118869
    },
    "spectral_entropy": {
        "dmean": 0.167399853468,
        "dmean2": 0.23746086657,
        "dvar": 0.0435537919402,
        "dvar2": 0.0723785310984,
        "max": 9.82817173004,
        "mean": 6.61425590515,
        "median": 6.86743021011,
        "min": 3.75486278534,
        "var": 1.07259917259
    },
    "spectral_flux": {
        "dmean": 0.0174691509455,
        "dmean2": 0.0283376667649,
        "dvar": 0.000490593491122,
        "dvar2": 0.00121418235358,
        "max": 0.299877673388,
        "mean": 0.0606219209731,
        "median": 0.0513575151563,
        "min": 1.05118726224e-10,
        "var": 0.00197612470947
    },
    "spectral_kurtosis": {
        "dmean": 18.1198005676,
        "dmean2": 29.5943374634,
        "dvar": 2704.40478516,
        "dvar2": 7254.28369141,
        "max": 891.90447998,
        "mean": 47.3073272705,
        "median": 7.13074827194,
        "min": -1.58650565147,
        "var": 12985.6728516
    },
    "spectral_rms": {
        "dmean": 0.000556899583898,
        "dmean2": 0.000872884993441,
        "dvar": 4.37391861396e-07,
        "dvar2": 1.04598370854e-06,
        "max": 0.0136968782172,
        "mean": 0.00435215700418,
        "median": 0.00440678093582,
        "min": 3.28335730999e-12,
        "var": 4.88334308102e-06
    },
    "spectral_rolloff": {
        "dmean": 227.188110352,
        "dmean2": 389.057220459,
        "dvar": 587322.9375,
        "dvar2": 1096586.625,
        "max": 18970.7519531,
        "mean": 1029.08618164,
        "median": 624.462890625,
        "min": 43.06640625,
        "var": 1736084.25
    },
    "spectral_skewness": {
        "dmean": 0.675488650799,
        "dmean2": 1.04986023903,
        "dvar": 1.30385756493,
        "dvar2": 2.9990234375,
        "max": 24.090965271,
        "mean": 3.72560358047,
        "median": 2.12872457504,
        "min": -0.738163113594,
        "var": 19.6943740845
    },
    "spectral_spread": {
        "dmean": 479716.46875,
        "dmean2": 704375.3125,
        "dvar": 687482929152,
        "dvar2": 1.12256784794e+12,
        "max": 40977616,
        "mean": 3255777.25,
        "median": 3060375.5,
        "min": 129247.734375,
        "var": 4.23954743296e+12
    },
    "spectral_strongpeak": {
        "dmean": 0.533273935318,
        "dmean2": 0.89466637373,
        "dvar": 0.905274927616,
        "dvar2": 2.36791324615,
        "max": 14.518904686,
        "mean": 1.28446626663,
        "median": 0.778465270996,
        "min": 0,
        "var": 2.313808918
    },
    "zerocrossingrate": {
        "dmean": 0.00605832319707,
        "dmean2": 0.00676366686821,
        "dvar": 0.000171925450559,
        "dvar2": 0.000145310041262,
        "max": 0.544921875,
        "mean": 0.0399692505598,
        "median": 0.0302734375,
        "min": 0.00146484375,
        "var": 0.00143276690505
    },
    "barkbands": {
        "dmean": [0.000276045058854, 0.00147946667857, 0.000538319174666, 0.00031215659692, 0.00164555036463, 0.00108255434316, 0.000596936617512, 0.000538532680366, 0.00100719393231, 0.00100470602047, 0.000919522775803, 0.000322786305333, 0.000516223837622, 0.000177258858457, 0.000168131518876, 6.38590863673e-05, 5.51287266717e-05, 5.93312070123e-05, 5.56021332159e-05, 6.96846109349e-05, 3.09377137455e-05, 4.2229952669e-05, 6.02749496466e-05, 5.07155200467e-05, 1.98020425159e-05, 3.1202973787e-06, 2.97893336665e-08],
        "dmean2": [0.000420345866587, 0.00238403957337, 0.000895504490472, 0.000536603620276, 0.0024640627671, 0.00164596468676, 0.000926104548853, 0.000830261327792, 0.00162248883862, 0.00164536258671, 0.00149361346848, 0.000515540654305, 0.000846667797305, 0.000284498179099, 0.000281107262708, 0.000104220693174, 9.05776760192e-05, 9.69018219621e-05, 8.91499221325e-05, 0.000108592699689, 4.7144592827e-05, 6.26578039373e-05, 8.93770557013e-05, 7.39802635508e-05, 2.85924961645e-05, 4.79373784401e-06, 5.15235214493e-08],
        "dvar": [1.54238455252e-06, 2.58023428614e-05, 2.18488253267e-06, 1.89887521174e-06, 1.31349706862e-05, 1.07062223833e-05, 2.17824936044e-06, 2.37906874645e-06, 7.41880103305e-06, 8.80938750925e-06, 1.02119092844e-05, 8.64252285737e-07, 3.04549757857e-06, 3.51462773551e-07, 3.21401245174e-07, 4.20950314606e-08, 2.50212170982e-08, 3.71778483554e-08, 3.29747287253e-08, 5.3258890631e-08, 2.47445210988e-08, 6.6566336443e-08, 1.38390220172e-07, 9.75600258357e-08, 1.18480478761e-08, 2.40582720412e-10, 1.64808881061e-13],
        "dvar2": [3.32674380843e-06, 6.51206210023e-05, 5.65185519008e-06, 5.4624756558e-06, 2.97750939353e-05, 2.41875259235e-05, 4.93821517011e-06, 4.99957377542e-06, 1.90917853615e-05, 2.24104387598e-05, 2.5919824111e-05, 2.13367320612e-06, 8.24744711281e-06, 8.47814703775e-07, 8.49428204219e-07, 1.10977033785e-07, 6.65085693186e-08, 9.23198868463e-08, 7.64210668081e-08, 1.25248845961e-07, 5.27909804759e-08, 1.5167519507e-07, 3.03688125314e-07, 1.96087029281e-07, 2.30161631976e-08, 5.59585655591e-10, 4.18436200402e-13],
        "max": [0.0604750961065, 0.137620821595, 0.0376557074487, 0.0371243804693, 0.0681212469935, 0.0663853213191, 0.0417084544897, 0.0554028004408, 0.0569566972554, 0.05758792907, 0.0697234421968, 0.0280072633177, 0.0476036146283, 0.0151145942509, 0.0198524463922, 0.00699701858684, 0.0032066013664, 0.00811349228024, 0.00564211793244, 0.00522240018472, 0.00706403702497, 0.00866180565208, 0.0138108823448, 0.010756816715, 0.00458860723302, 0.000549096148461, 2.58369782387e-05],
        "mean": [0.000563529436477, 0.00316645763814, 0.00138179725036, 0.000529259559698, 0.00463907327503, 0.00305478577502, 0.00130936224014, 0.00111446948722, 0.00196735886857, 0.00179254089016, 0.00156087253708, 0.000619170081336, 0.00103178236168, 0.000310237839585, 0.000330129783833, 0.000128128071083, 0.00011168729543, 0.000126963859657, 0.000126526792883, 0.000186893477803, 5.62340028409e-05, 6.92351095495e-05, 0.000105209212052, 9.57894590101e-05, 3.81647623726e-05, 4.66194933324e-06, 2.20518927563e-08],
        "median": [1.4013558939e-05, 0.000633503543213, 0.000577332568355, 0.000243109243456, 0.000768357596826, 0.000694251619279, 0.000462932162918, 0.00014086633746, 0.000264495611191, 0.000162522293977, 0.000151032829308, 8.62196102389e-05, 7.01872922946e-05, 3.01248801406e-05, 3.76438401872e-05, 2.17958440771e-05, 2.32521306316e-05, 2.00668382604e-05, 1.65593774e-05, 1.26796549011e-05, 6.80147695675e-06, 3.68009796148e-06, 5.82771144764e-06, 6.99613428878e-06, 2.98598297377e-06, 3.83939013915e-09, 5.99009564173e-10],
        "min": [3.3623858177e-23, 1.98159319259e-23, 5.95913298084e-24, 2.5019313677e-23, 1.76369324449e-23, 9.08736839467e-23, 8.6919957266e-23, 2.42234492647e-23, 6.06493681983e-23, 7.15547075698e-23, 1.32677430177e-22, 1.36617178242e-22, 7.96573629846e-23, 1.02884545613e-22, 9.4043207157e-23, 1.75052412676e-22, 1.29392891046e-22, 2.6795688965e-22, 2.30381589333e-22, 3.44682006163e-22, 4.33476972204e-22, 6.18018826212e-22, 7.16487094974e-22, 8.15526372814e-22, 1.20115934764e-21, 1.5790168045e-21, 2.66788870639e-21],
        "var": [8.11242443888e-06, 7.92710998212e-05, 5.31887371835e-06, 1.46874572238e-06, 6.32139417576e-05, 4.93780680699e-05, 6.65917332299e-06, 8.85415283847e-06, 1.95071661437e-05, 2.18186232814e-05, 2.27480995818e-05, 2.94913957077e-06, 9.2314385256e-06, 7.5383627518e-07, 8.71903296229e-07, 1.14239846027e-07, 7.08631233692e-08, 1.0096776748e-07, 1.24333453755e-07, 2.70300745342e-07, 4.98335843702e-08, 1.35426503789e-07, 3.18811402167e-07, 2.92157665172e-07, 3.43787363022e-08, 5.13031228611e-10, 1.28472617744e-13]
    },
    "erbbands": {
        "dmean": [0.0590420588851, 0.297764062881, 0.604762852192, 0.809136152267, 2.1422560215, 7.30379104614, 9.91770935059, 8.67817687988, 6.27651834488, 9.74460124969, 13.4978532791, 25.5252780914, 22.3706741333, 42.5974960327, 23.8549842834, 13.0330400467, 20.6015949249, 13.2421264648, 8.61396408081, 5.1586098671, 3.17131781578, 2.65141940117, 3.04772520065, 3.30237841606, 2.17724776268, 3.28906702995, 2.00818252563, 0.849598288536, 1.3784519434, 1.77231621742, 1.73408401012, 1.51164281368, 0.614136993885, 0.311500936747, 0.0952943488955, 0.0243990849704, 0.00348102604039, 0.000288737559458, 1.00415836641e-05, 7.35049479772e-06],
        "dmean2": [0.0986575707793, 0.469528585672, 1.00111162663, 1.36228644848, 3.34631633759, 10.795630455, 15.1229963303, 13.043712616, 9.68159580231, 15.1079769135, 20.7592544556, 41.2052116394, 36.3632240295, 71.2777481079, 38.5748939514, 20.7652873993, 34.0163955688, 21.0143299103, 14.0764436722, 8.40223693848, 5.15458250046, 4.29834699631, 4.98576450348, 5.36886644363, 3.41420841217, 5.11185121536, 3.09201598167, 1.28267788887, 2.0166592598, 2.64128732681, 2.65182447433, 2.25358319283, 0.871603608131, 0.445292800665, 0.141441896558, 0.0369449555874, 0.00536963623017, 0.000459239498014, 1.55005473061e-05, 1.1624234503e-05],
        "dvar": [0.0499125905335, 1.08858788013, 2.72560882568, 10.5017986298, 33.1588592529, 300.204620361, 822.93170166, 954.442749023, 320.67578125, 629.313049316, 1431.17443848, 4753.99169922, 4966.84863281, 20965.8359375, 4632.86035156, 1505.83776855, 4957.7578125, 1336.22241211, 762.551025391, 296.607635498, 107.191841125, 61.9104728699, 74.1773529053, 153.232315063, 50.4952201843, 120.529655457, 75.7191085815, 22.0767784119, 73.0793609619, 128.150299072, 146.205474854, 95.9577255249, 16.126291275, 2.98702526093, 0.425243705511, 0.0172273814678, 0.00034010829404, 3.48631260749e-06, 2.3816597583e-09, 1.09463167697e-10],
        "dvar2": [0.13754747808, 2.61503148079, 6.86076068878, 29.6800518036, 83.2768096924, 649.976501465, 1929.41723633, 2104.25683594, 647.718078613, 1519.47497559, 2895.15454102, 12761.7783203, 13140.3945312, 58752.71875, 11491.2998047, 3835.11450195, 13880.8212891, 3181.59130859, 1933.99804688, 763.130981445, 287.724517822, 161.313766479, 191.902023315, 386.607513428, 110.723075867, 282.364990234, 166.705322266, 45.6772003174, 159.002929688, 290.251495361, 340.423309326, 209.480682373, 33.0458374023, 5.66657686234, 1.00751018524, 0.0406716912985, 0.000740350282285, 7.75231364969e-06, 4.94156537911e-09, 2.739419247e-10],
        "max": [9.12847900391, 30.4931163788, 43.4210548401, 80.3105697632, 135.508285522, 357.084014893, 837.647705078, 733.756347656, 757.836242676, 823.190673828, 1496.0625, 1474.28918457, 1579.09069824, 2812.71191406, 1363.10046387, 1430.44519043, 2126.57836914, 1167.58374023, 1170.39685059, 482.760467529, 442.412445068, 172.532546997, 221.313049316, 447.026123047, 273.695648193, 286.105865479, 500.077667236, 218.252838135, 326.438720703, 367.863769531, 554.198425293, 373.235290527, 211.583267212, 73.878288269, 41.9784545898, 5.58054733276, 0.765986263752, 0.0856171995401, 0.00245521683246, 0.000206841505133],
        "mean": [0.123506739736, 0.590591371059, 1.52615475655, 1.73179864883, 5.23076438904, 20.3699398041, 26.186164856, 24.1631183624, 14.2676649094, 22.0540714264, 29.2258911133, 49.9371643066, 42.2692108154, 82.5665435791, 44.1729240417, 27.9173278809, 43.5239257812, 27.7264385223, 18.1940937042, 11.013920784, 7.12699079514, 6.09489297867, 6.77225208282, 7.55674219131, 5.49769830704, 8.72600364685, 4.70874547958, 1.75536382198, 2.32637453079, 2.8979537487, 2.98667097092, 2.65296554565, 1.19209265709, 0.593425989151, 0.172941580415, 0.0397056527436, 0.00501242652535, 0.000360661710147, 2.45535011345e-05, 2.98837421724e-05],
        "median": [0.00932324491441, 0.181971549988, 0.694046616554, 0.968277454376, 1.57088160515, 2.49245166779, 4.13120746613, 7.12475967407, 6.02421998978, 8.19771385193, 5.78558635712, 9.11120986938, 7.40251636505, 8.14152431488, 5.11059188843, 4.4611530304, 3.70341444016, 2.8247590065, 2.38691520691, 1.61777377129, 1.44516944885, 1.3124127388, 1.22788023949, 1.01234638691, 0.7320099473, 0.614786684513, 0.482830166817, 0.175512909889, 0.140250250697, 0.115706935525, 0.184995472431, 0.177321642637, 0.0966379642487, 0.0534742698073, 0.00765794049948, 0.000527163851075, 4.53259926871e-05, 7.01700810168e-06, 1.3025755834e-05, 2.42615024035e-05],
        "min": [5.79271796083e-22, 5.07373887319e-21, 6.5239488535e-21, 6.14447918204e-20, 5.05449391847e-20, 5.02118988218e-20, 3.54866945134e-19, 8.42666881186e-19, 1.38520740713e-18, 7.64741349304e-19, 5.58408641827e-19, 1.00956949153e-18, 2.64801503786e-18, 1.83526190276e-18, 6.81189314215e-18, 5.8435868317e-18, 3.48897709981e-18, 4.78614147049e-18, 5.08309972398e-18, 6.1877547643e-18, 1.03429464382e-17, 7.78072802101e-18, 1.09049246745e-17, 1.61912697061e-17, 1.16509183371e-17, 1.78493466265e-17, 1.49456498545e-17, 1.89472733797e-17, 2.015934444e-17, 2.48309677177e-17, 1.98729447334e-17, 1.61530423812e-17, 1.42929696096e-17, 1.11722818562e-17, 8.36026978332e-18, 6.88844250399e-18, 3.10527469022e-18, 1.27470052339e-18, 3.69938020798e-19, 3.96603021487e-20],
        "var": [0.185147285461, 2.48541426659, 6.16625261307, 9.67921829224, 91.0674285889, 1586.38244629, 3823.05175781, 4177.32519531, 951.403869629, 1893.41003418, 5572.39355469, 11447.2441406, 11740.3076172, 53348.6757812, 12218.3964844, 5478.75878906, 15321.7275391, 4331.31689453, 2361.11987305, 852.082641602, 309.621490479, 208.27331543, 224.252456665, 443.741119385, 191.382217407, 596.743469238, 213.980728149, 68.2542419434, 157.082061768, 247.20614624, 286.490966797, 241.32711792, 44.1132659912, 8.64536571503, 0.784484446049, 0.03622976318, 0.000766467943322, 5.19500144947e-06, 4.28812541031e-09, 6.76185663018e-10]
    },
    "gfcc": {
        "mean": [-113.093673706, 155.362670898, -111.790893555, 11.9008893967, -65.3388290405, 6.38234329224, -30.3461647034, -0.962433159351, -17.9370422363, -8.54778957367, 2.64628314972, -11.2922134399, -0.0133602973074],
        "cov": [[19732.7988281, -6624.36132812, -5430.28955078, 2246.43896484, -1674.89355469, 2272.17480469, -731.47052002, 1923.7052002, -352.471832275, -20.0343990326, -442.520629883, -483.582489014, 585.402587891], [-6624.36132812, 4439.41748047, 2206.2253418, -759.161560059, 1294.17443848, -1085.86889648, 535.368225098, -882.906738281, 176.339492798, -109.435493469, 456.695678711, -81.6864242554, -67.7250289917], [-5430.28955078, 2206.2253418, 4231.08496094, -517.619506836, 32.5202445984, -273.233306885, -490.236480713, -595.453857422, -47.4756698608, 112.195587158, 181.866119385, 252.909332275, -178.598342896], [2246.43896484, -759.161560059, -517.619506836, 1253.23010254, -136.322433472, 174.871749878, 78.6248474121, 179.73374939, 104.533630371, -128.892333984, -37.6824188232, -54.5425262451, 77.268081665], [-1674.89355469, 1294.17443848, 32.5202445984, -136.322433472, 907.470825195, -412.317474365, 357.662384033, -103.631240845, 61.9761924744, 43.0399131775, 87.5190963745, -3.63096928596, 28.891254425], [2272.17480469, -1085.86889648, -273.233306885, 174.871749878, -412.317474365, 711.074462891, -184.978988647, 220.362747192, -50.5430107117, 42.7250862122, -43.4952697754, -57.5737838745, 42.6720237732], [-731.47052002, 535.368225098, -490.236480713, 78.6248474121, 357.662384033, -184.978988647, 614.943115234, -120.278739929, 82.4350585938, -1.91637992859, 46.1271209717, -55.9947052002, -50.2169418335], [1923.7052002, -882.906738281, -595.453857422, 179.73374939, -103.631240845, 220.362747192, -120.278739929, 449.596343994, -45.9545021057, 38.712562561, -61.5674972534, -21.8890705109, 107.740570068], [-352.471832275, 176.339492798, -47.4756698608, 104.533630371, 61.9761924744, -50.5430107117, 82.4350585938, -45.9545021057, 276.464508057, -66.4406890869, 13.1871681213, 40.8104286194, -2.74863314629], [-20.0343990326, -109.435493469, 112.195587158, -128.892333984, 43.0399131775, 42.7250862122, -1.91637992859, 38.712562561, -66.4406890869, 232.894378662, -10.4975032806, 48.3090286255, 4.12939596176], [-442.520629883, 456.695678711, 181.866119385, -37.6824188232, 87.5190963745, -43.4952697754, 46.1271209717, -61.5674972534, 13.1871681213, -10.4975032806, 233.906478882, -52.1600112915, 20.5134944916], [-483.582489014, -81.6864242554, 252.909332275, -54.5425262451, -3.63096928596, -57.5737838745, -55.9947052002, -21.8890705109, 40.8104286194, 48.3090286255, -52.1600112915, 231.399230957, -46.472492218], [585.402587891, -67.7250289917, -178.598342896, 77.268081665, 28.891254425, 42.6720237732, -50.2169418335, 107.740570068, -2.74863314629, 4.12939596176, 20.5134944916, -46.472492218, 174.818603516]],
        "icov": [[0.000271424505627, -0.000259240303421, 0.000383518316085, -0.000379383040126, 0.000311213225359, -0.000541324145161, 0.00040537174209, -0.000496740569361, 0.000285027461359, -0.000263915484538, 0.000189217811567, -5.88081966271e-05, 2.63286528934e-05], [-0.000259240303421, 0.00297644804232, -0.00156872917432, 0.00120123638771, -0.00262352381833, 0.00176084111445, -0.00142827199306, 0.00243267440237, -0.00096969876904, 0.00181405828334, -0.00198820233345, 0.00186147994827, -0.00134811946191], [0.000383518316085, -0.00156872917432, 0.00150487013161, -0.00093128514709, 0.00133314658888, -0.00129676866345, 0.00159243610688, -0.000957367476076, 0.000759006477892, -0.00130820216145, 0.000730020168703, -0.00114847847726, 0.000852572615258], [-0.000379383040126, 0.00120123638771, -0.00093128514709, 0.00180575472768, -0.000972066365648, 0.000980837387033, -0.00126714236103, 0.000899956619833, -0.000894563621841, 0.00141791056376, -0.000690632674377, 0.000625077751465, -0.000811522942968], [0.000311213225359, -0.00262352381833, 0.00133314658888, -0.000972066365648, 0.00440051592886, -0.000711782835424, 0.000227152559091, -0.00260222726502, 0.000720401003491, -0.0020434174221, 0.00150147359818, -0.00155942456331, 0.000317476078635], [-0.000541324145161, 0.00176084111445, -0.00129676866345, 0.000980837387033, -0.000711782835424, 0.00401121098548, -0.00115631427616, 0.00112718436867, -0.00105945661198, 0.000458509515738, -0.0012606929522, 0.00163986824919, -0.000595418794546], [0.00040537174209, -0.00142827199306, 0.00159243610688, -0.00126714236103, 0.000227152559091, -0.00115631427616, 0.00430931150913, -0.000372203299776, 0.000150821244461, -0.00177990482189, 0.000583391694818, -0.000107538682641, 0.00193550088443], [-0.000496740569361, 0.00243267440237, -0.000957367476076, 0.000899956619833, -0.00260222726502, 0.00112718436867, -0.000372203299776, 0.00654822774231, -0.000607893918641, 0.000842346518766, -0.00131565472111, 0.00100798998028, -0.00236480031163], [0.000285027461359, -0.00096969876904, 0.000759006477892, -0.000894563621841, 0.000720401003491, -0.00105945661198, 0.000150821244461, -0.000607893918641, 0.0050319605507, 0.000750649138354, 0.00034547096584, -0.00205206824467, -0.000126450802782], [-0.000263915484538, 0.00181405828334, -0.00130820216145, 0.00141791056376, -0.0020434174221, 0.000458509515738, -0.00177990482189, 0.000842346518766, 0.000750649138354, 0.00697404844686, -0.00110106833745, -0.000522598624229, -0.00134395295754], [0.000189217811567, -0.00198820233345, 0.000730020168703, -0.000690632674377, 0.00150147359818, -0.0012606929522, 0.000583391694818, -0.00131565472111, 0.00034547096584, -0.00110106833745, 0.00653337500989, 9.62512203841e-05, -2.44024704443e-05], [-5.88081966271e-05, 0.00186147994827, -0.00114847847726, 0.000625077751465, -0.00155942456331, 0.00163986824919, -0.000107538682641, 0.00100798998028, -0.00205206824467, -0.000522598624229, 9.62512203841e-05, 0.00732221500948, 0.00058907159837], [2.63286528934e-05, -0.00134811946191, 0.000852572615258, -0.000811522942968, 0.000317476078635, -0.000595418794546, 0.00193550088443, -0.00236480031163, -0.000126450802782, -0.00134395295754, -2.44024704443e-05, 0.00058907159837, 0.00863496307284]]
    },
    "melbands": {
        "dmean": [0.000460105045931, 0.000326499284711, 0.000156690730364, 0.000321776635246, 0.000346575281583, 0.000188478676137, 0.000108628119051, 0.000104722741526, 0.000114385758934, 0.000167100239196, 0.000111893212306, 0.000174108645297, 9.52481059358e-05, 4.38520146417e-05, 2.67615723715e-05, 6.24273088761e-05, 2.07860593946e-05, 1.43225606735e-05, 1.15696866487e-05, 5.24892175235e-06, 4.09442282034e-06, 3.23618769471e-06, 3.21312131746e-06, 2.53166763287e-06, 3.02889770865e-06, 2.02145520234e-06, 1.73954867932e-06, 2.78260381492e-06, 1.87424211617e-06, 5.73879844978e-07, 5.14836983712e-07, 7.8053199104e-07, 9.59162548497e-07, 1.072318355e-06, 1.03162642517e-06, 1.18069056043e-06, 8.91569641226e-07, 4.71172398875e-07, 3.76483257014e-07, 2.3763911372e-07],
        "dmean2": [0.000750935054384, 0.000527741212863, 0.00026365602389, 0.000475026230561, 0.000528876204044, 0.000284447072772, 0.000166928948602, 0.000161563177244, 0.000176997447852, 0.000269382115221, 0.000180981791345, 0.000290930853225, 0.000153056869749, 7.07783328835e-05, 4.21647891926e-05, 0.000102697267721, 3.26067565766e-05, 2.30156656471e-05, 1.92128663912e-05, 8.49354364618e-06, 6.72878468322e-06, 5.28783584741e-06, 5.26594794792e-06, 4.15894237449e-06, 4.94254936712e-06, 3.2004120385e-06, 2.76211835626e-06, 4.37783637608e-06, 2.87964098789e-06, 9.10201492843e-07, 7.82351094131e-07, 1.19521644137e-06, 1.42951705584e-06, 1.61239518093e-06, 1.59720946158e-06, 1.85572901046e-06, 1.3426924852e-06, 6.99449003605e-07, 5.56850523026e-07, 3.3884961681e-07],
        "dvar": [2.6780880944e-06, 8.43329246436e-07, 3.43144620274e-07, 5.77370883548e-07, 7.89083969721e-07, 3.98568374749e-07, 7.62484191341e-08, 7.02424003407e-08, 1.01976141309e-07, 2.10547526081e-07, 1.27300069153e-07, 3.33860555202e-07, 8.94224498893e-08, 1.48876182493e-08, 4.97781194042e-09, 5.33561284044e-08, 3.40125261289e-09, 2.06485317733e-09, 1.70002267819e-09, 2.70653166545e-10, 1.99795846534e-10, 9.18975937014e-11, 8.70380642559e-11, 6.10909517418e-11, 1.30985444713e-10, 4.51268467039e-11, 3.30178315244e-11, 9.09844075081e-11, 7.24713344891e-11, 6.6079108331e-12, 9.45512244888e-12, 2.55539651939e-11, 3.55042384381e-11, 4.6273727905e-11, 4.93227091114e-11, 9.32004404208e-11, 3.5450583441e-11, 1.01633874927e-11, 6.87777525904e-12, 1.39641087322e-12],
        "dvar2": [7.07728395355e-06, 1.96526480067e-06, 9.64411242421e-07, 1.22505218769e-06, 1.86232978194e-06, 8.85798726813e-07, 1.635462894e-07, 1.68515384757e-07, 2.14872656557e-07, 5.5746244243e-07, 3.32599654485e-07, 9.28169129111e-07, 2.12029007685e-07, 3.8361999799e-08, 1.11967848326e-08, 1.43647028494e-07, 7.86388110185e-09, 5.17986231685e-09, 4.64495775176e-09, 6.87518375564e-10, 5.37240585352e-10, 2.38532776864e-10, 2.20574711274e-10, 1.57689236668e-10, 3.32252170221e-10, 1.04597941419e-10, 7.79588685274e-11, 2.16686113497e-10, 1.57010168755e-10, 1.5754030025e-11, 1.96830052257e-11, 5.80093716118e-11, 8.33516866638e-11, 1.0412417456e-10, 1.15923638744e-10, 2.30859178996e-10, 7.79344783153e-11, 2.19584107841e-11, 1.48703167835e-11, 2.60154224552e-12],
        "max": [0.0575053989887, 0.0226058010012, 0.0147369718179, 0.0137204816565, 0.0237348955125, 0.0146947856992, 0.00963382143527, 0.00753883412108, 0.0109687494114, 0.0100380955264, 0.00777263054624, 0.0110254799947, 0.00694895349443, 0.00247117923573, 0.00219915783964, 0.00647299317643, 0.0019032433629, 0.001769435592, 0.00124100933317, 0.000434988091001, 0.000679530086927, 0.000207534758374, 0.000212474507862, 0.000251212826697, 0.000391482870327, 0.000256261642789, 0.000173422318767, 0.000248552620178, 0.000513409264386, 0.000103605758341, 0.000154353518155, 0.000192112565855, 0.000201115995878, 0.000202828203328, 0.000281476299278, 0.000542563968338, 0.000242616704782, 0.000170747021912, 0.00013404044148, 6.00542480242e-05],
        "mean": [0.000999468145892, 0.000800017674919, 0.000357894197805, 0.000912685354706, 0.000938361743465, 0.000524536531884, 0.000245722592808, 0.000234728810028, 0.000234800361795, 0.000323365529766, 0.000201602248126, 0.000331343035214, 0.000167770704138, 8.4424536908e-05, 5.30064826307e-05, 0.00012342359696, 3.92451474909e-05, 2.72734796454e-05, 2.30163459491e-05, 9.84900270851e-06, 8.01973601483e-06, 6.49231878924e-06, 6.24762606094e-06, 5.43333862879e-06, 6.3563029471e-06, 4.24327663495e-06, 3.7106747186e-06, 6.84862015987e-06, 3.96694031224e-06, 1.05380536297e-06, 9.66780476119e-07, 1.25376186588e-06, 1.45495062043e-06, 1.66932773027e-06, 1.60416504968e-06, 1.91508661374e-06, 1.51242056745e-06, 8.56973372265e-07, 6.59649515455e-07, 4.39028724486e-07],
        "median": [0.000132797737024, 0.00039723754162, 0.00020514120115, 0.000140375312185, 0.000154542765813, 0.000143003213452, 9.83939826256e-05, 8.22349393275e-05, 3.5773635318e-05, 4.68474099762e-05, 2.81694810838e-05, 2.79936775769e-05, 1.80083879968e-05, 1.16871142382e-05, 8.31088618725e-06, 7.04365720594e-06, 3.93350137529e-06, 3.31981595991e-06, 2.50794073509e-06, 1.5376376723e-06, 1.56305168275e-06, 1.29959857986e-06, 1.07096161628e-06, 8.83364918991e-07, 7.34827153792e-07, 5.46041405869e-07, 3.90412424167e-07, 3.72764475287e-07, 3.32551110205e-07, 1.25115917626e-07, 6.15402626636e-08, 7.08380269998e-08, 5.63705597756e-08, 5.12944104969e-08, 9.06422030766e-08, 1.05469418088e-07, 8.88029063617e-08, 5.81198449368e-08, 5.29538688454e-08, 3.25879980778e-08],
        "min": [7.92412357016e-24, 4.17636571075e-24, 9.21635740787e-24, 3.66655685657e-24, 9.63350784341e-24, 1.87761185896e-23, 2.07063902271e-23, 7.61670920856e-24, 5.11717582024e-24, 7.22271262945e-24, 1.36683515133e-23, 6.80848492356e-24, 1.91545588316e-23, 1.97410169612e-23, 1.00084644757e-23, 7.91392123208e-24, 8.80672639447e-24, 8.52894243734e-24, 7.66834488798e-24, 1.00331400448e-23, 1.09675315876e-23, 6.96114923025e-24, 8.75177434382e-24, 1.3334155324e-23, 1.31111924666e-23, 8.57824229961e-24, 8.47718921765e-24, 1.24279111272e-23, 7.58715216817e-24, 1.38873582333e-23, 9.17914683897e-24, 9.61546186134e-24, 1.57778002838e-23, 1.29880852003e-23, 1.13458266792e-23, 1.04894164035e-23, 9.5842490019e-24, 9.51822686616e-24, 1.09293704413e-23, 8.46217088373e-24],
        "var": [9.52266691456e-06, 2.11510723602e-06, 3.58548874146e-07, 3.24518805428e-06, 3.44801446772e-06, 1.76355740678e-06, 2.40562258114e-07, 2.23487887752e-07, 3.67581890259e-07, 5.24562381088e-07, 2.98491869444e-07, 8.64104208631e-07, 2.1471410605e-07, 4.73681645019e-08, 1.80859096588e-08, 1.514013519e-07, 1.00607921993e-08, 6.15538109372e-09, 4.87715245967e-09, 6.74396649636e-10, 4.38537428593e-10, 2.59420623872e-10, 2.12742073957e-10, 1.80376005798e-10, 3.58433976944e-10, 1.49113305037e-10, 9.66203436703e-11, 4.14717371555e-10, 1.86291537752e-10, 1.4969707765e-11, 2.89395920422e-11, 5.06648889509e-11, 6.2828992009e-11, 8.77232522734e-11, 8.03194108445e-11, 1.57074464546e-10, 8.96223373292e-11, 2.49944804437e-11, 1.46013721947e-11, 4.19432414148e-12]
    },
    "mfcc": {
        "mean": [-737.400634766, 161.167495728, 16.869468689, 8.58396148682, -1.69559836388, -5.30553483963, 3.44293284416, -0.476860880852, -9.06109333038, 1.61569595337, -5.7360329628, 1.40720200539, -0.611924529076],
        "cov": [[14808.0556641, -3007.74072266, -3854.55102539, -1426.37219238, -458.286132812, -88.0279541016, 523.043579102, 493.919494629, 556.351013184, 1081.52038574, -137.322967529, -113.509895325, -315.542175293], [-3007.74072266, 2525.7878418, 646.427246094, 458.895507812, 434.123809814, -19.7824745178, 207.284606934, -228.621963501, -154.827697754, -185.9400177, -34.8254928589, 100.073364258, 94.9332885742], [-3854.55102539, 646.427246094, 3050.8840332, 580.93359375, 368.482513428, 149.16204834, -389.249816895, -199.132049561, -338.359588623, -457.838623047, -22.0206279755, 10.8974571228, 225.329727173], [-1426.37219238, 458.895507812, 580.93359375, 792.726074219, 184.048873901, 88.6290512085, 4.32449388504, 34.2116546631, -29.0212593079, -80.860748291, 2.99039793015, 66.1474533081, 81.1312789917], [-458.286132812, 434.123809814, 368.482513428, 184.048873901, 435.108703613, -35.9020996094, 3.41242003441, -34.7150878906, 0.102398119867, -41.4492454529, -34.2719802856, 59.7988891602, 43.2564201355], [-88.0279541016, -19.7824745178, 149.16204834, 88.6290512085, -35.9020996094, 317.62878418, 24.4586315155, 45.0553245544, 12.3323154449, 11.7953567505, 54.6895332336, -27.7652683258, 28.2315731049], [523.043579102, 207.284606934, -389.249816895, 4.32449388504, 3.41242003441, 24.4586315155, 399.95904541, -30.137052536, 11.9091873169, 124.55342865, -12.1463546753, 53.1802749634, -45.7358779907], [493.919494629, -228.621963501, -199.132049561, 34.2116546631, -34.7150878906, 45.0553245544, -30.137052536, 250.051025391, 62.2821044922, 77.5763778687, 30.5249633789, -23.9105510712, 1.22941672802], [556.351013184, -154.827697754, -338.359588623, -29.0212593079, 0.102398119867, 12.3323154449, 11.9091873169, 62.2821044922, 230.314987183, 61.8721504211, 26.0488052368, -4.84111976624, -29.2570705414], [1081.52038574, -185.9400177, -457.838623047, -80.860748291, -41.4492454529, 11.7953567505, 124.55342865, 77.5763778687, 61.8721504211, 262.149780273, -26.7321987152, 0.416220754385, -28.4462985992], [-137.322967529, -34.8254928589, -22.0206279755, 2.99039793015, -34.2719802856, 54.6895332336, -12.1463546753, 30.5249633789, 26.0488052368, -26.7321987152, 140.309921265, 11.4907531738, 4.86278963089], [-113.509895325, 100.073364258, 10.8974571228, 66.1474533081, 59.7988891602, -27.7652683258, 53.1802749634, -23.9105510712, -4.84111976624, 0.416220754385, 11.4907531738, 175.988616943, 16.9292564392], [-315.542175293, 94.9332885742, 225.329727173, 81.1312789917, 43.2564201355, 28.2315731049, -45.7358779907, 1.22941672802, -29.2570705414, -28.4462985992, 4.86278963089, 16.9292564392, 130.908752441]],
