{
"lowlevel": {
    "average_loudness": 0.540321826935,
    "barkbands_crest": {
        "dmean": 2.53536295891,
        "dmean2": 4.18997001648,
        "dvar": 5.08201122284,
        "dvar2": 13.1596088409,
        "max": 25.7393379211,
        "mean": 10.0997457504,
        "median": 9.06038475037,
        "min": 2.78706455231,
        "var": 19.7839775085
    },
    "barkbands_flatness_db": {
        "dmean": 0.0209846217185,
        "dmean2": 0.0324100591242,
        "dvar": 0.000379231292754,
        "dvar2": 0.000863343535457,
        "max": 0.540995299816,
        "mean": 0.174214974046,
        "median": 0.152934610844,
        "min": 0.0365690439939,
        "var": 0.006298083812
    },
    "barkbands_kurtosis": {
        "dmean": 3.23176908493,
        "dmean2": 5.14099740982,
        "dvar": 51.748298645,
        "dvar2": 127.509185791,
        "max": 258.440032959,
        "mean": 6.66579580307,
        "median": 2.28259468079,
        "min": -1.91472864151,
        "var": 283.283660889
    },
    "barkbands_skewness": {
        "dmean": 0.482653796673,
        "dmean2": 0.757156670094,
        "dvar": 0.285050570965,
        "dvar2": 0.662557661533,
        "max": 12.6470661163,
        "mean": 1.6152023077,
        "median": 1.29722261429,
        "min": -2.48508930206,
        "var": 2.10882759094
    },
    "barkbands_spread": {
        "dmean": 3.86464118958,
        "dmean2": 6.04523420334,
        "dvar": 31.2602348328,
        "dvar2": 65.6098937988,
        "max": 106.501037598,
        "mean": 15.9697189331,
        "median": 13.8010206223,
        "min": 0.358914017677,
        "var": 146.512481689
    },
    "dissonance": {
        "dmean": 0.0261809956282,
        "dmean2": 0.0450127013028,
        "dvar": 0.000603481836151,
        "dvar2": 0.00168739142828,
        "max": 0.500000059605,
        "mean": 0.446932435036,
        "median": 0.456834554672,
        "min": 0,
        "var": 0.00172662944533
    },
    "dynamic_complexity": 4.03589105606,
    "erbbands_crest": {
        "dmean": 2.72293686867,
        "dmean2": 4.51862335205,
        "dvar": 6.22038936615,
        "dvar2": 16.3692569733,
        "max": 32.7121353149,
        "mean": 10.25922966,
        "median": 9.23728847504,
        "min": 2.51145625114,
        "var": 21.71393013
    },
    "erbbands_flatness_db": {
        "dmean": 0.0174898896366,
        "dmean2": 0.0261940248311,
        "dvar": 0.000280380278127,
        "dvar2": 0.000587619259022,
        "max": 0.508601307869,
        "mean": 0.199225500226,
        "median": 0.188585579395,
        "min": 0.0528479069471,
        "var": 0.00470899045467
    },
    "erbbands_kurtosis": {
        "dmean": 1.21199512482,
        "dmean2": 1.96428275108,
        "dvar": 2.93692851067,
        "dvar2": 7.59170246124,
        "max": 40.1365356445,
        "mean": 1.52002072334,
        "median": 0.846920967102,
        "min": -1.84202194214,
        "var": 7.52020311356
    },
    "erbbands_skewness": {
        "dmean": 0.360279709101,
        "dmean2": 0.569043457508,
        "dvar": 0.12749953568,
        "dvar2": 0.297813564539,
        "max": 5.37867307663,
        "mean": 0.857191264629,
        "median": 0.819486737251,
        "min": -4.22019004822,
        "var": 0.551842212677
    },
    "erbbands_spread": {
        "dmean": 6.28747558594,
        "dmean2": 9.81556224823,
        "dvar": 61.2784919739,
        "dvar2": 132.382568359,
        "max": 127.02722168,
        "mean": 29.8454093933,
        "median": 25.5211639404,
        "min": 1.03041708469,
        "var": 325.120697021
    },
    "hfc": {
        "dmean": 4.63194465637,
        "dmean2": 7.28932905197,
        "dvar": 43.4304771423,
        "dvar2": 106.038650513,
        "max": 138.591293335,
        "mean": 20.3610115051,
        "median": 16.8738670349,
        "min": 1.19238072065e-16,
        "var": 332.024688721
    },
    "melbands_crest": {
        "dmean": 3.20220017433,
        "dmean2": 5.23769760132,
        "dvar": 8.03397846222,
        "dvar2": 20.661315918,
        "max": 38.6818962097,
        "mean": 13.6061029434,
        "median": 12.3848657608,
        "min": 2.13777256012,
        "var": 33.2072029114
    },
    "melbands_flatness_db": {
        "dmean": 0.0237746350467,
        "dmean2": 0.0364031754434,
        "dvar": 0.000558652100153,
        "dvar2": 0.00122841750272,
        "max": 0.663743793964,
        "mean": 0.226601108909,
        "median": 0.199438482523,
        "min": 0.00513852806762,
        "var": 0.00937193911523
    },
    "melbands_kurtosis": {
        "dmean": 6.30493307114,
        "dmean2": 9.9954624176,
        "dvar": 301.034118652,
        "dvar2": 632.729675293,
        "max": 1443.83581543,
        "mean": 14.8318548203,
        "median": 5.55357456207,
        "min": -1.88248312473,
        "var": 2509.8972168
    },
    "melbands_skewness": {
        "dmean": 0.618279457092,
        "dmean2": 0.979200482368,
        "dvar": 0.506590902805,
        "dvar2": 1.18799066544,
        "max": 31.5150756836,
        "mean": 2.26186394691,
        "median": 1.83858764172,
        "min": -1.12147927284,
        "var": 4.33594942093
    },
    "melbands_spread": {
        "dmean": 4.82724905014,
        "dmean2": 7.55847835541,
        "dvar": 68.3973922729,
        "dvar2": 135.26348877,
        "max": 222.885971069,
        "mean": 18.5346641541,
        "median": 16.321685791,
        "min": 0.154783651233,
        "var": 240.101013184
    },
    "pitch_salience": {
        "dmean": 0.0670792758465,
        "dmean2": 0.110544711351,
        "dvar": 0.00351250660606,
        "dvar2": 0.00931677035987,
        "max": 0.982234060764,
        "mean": 0.561097562313,
        "median": 0.57603931427,
        "min": 0.0246744528413,
        "var": 0.0154578564689
    },
    "silence_rate_20dB": {
        "dmean": 0,
        "dmean2": 0,
        "dvar": 0,
        "dvar2": 0,
        "max": 1,
        "mean": 1,
        "median": 1,
        "min": 1,
        "var": 0
    },
    "silence_rate_30dB": {
        "dmean": 0.00354442349635,
        "dmean2": 0.00708968471736,
        "dvar": 0.00353195145726,
        "dvar2": 0.0094021037221,
        "max": 1,
        "mean": 0.994802117348,
        "median": 1,
        "min": 0,
        "var": 0.00517055718228
    },
    "silence_rate_60dB": {
        "dmean": 0.014886578545,
        "dmean2": 0.0296585131437,
        "dvar": 0.0146646564826,
        "dvar2": 0.0328005328774,
        "max": 1,
        "mean": 0.103839337826,
        "median": 0,
        "min": 0,
        "var": 0.0930715203285
    },
    "spectral_centroid": {
        "dmean": 176.241668701,
        "dmean2": 271.203613281,
        "dvar": 67433.734375,
        "dvar2": 130710.414062,
        "max": 10920.2705078,
        "mean": 1049.24267578,
        "median": 989.189880371,
        "min": 180.903259277,
        "var": 332093.40625
    },
    "spectral_complexity": {
        "dmean": 2.35491490364,
        "dmean2": 3.83847332001,
        "dvar": 5.71902275085,
        "dvar2": 13.9662456512,
        "max": 50,
        "mean": 16.7610168457,
        "median": 17,
        "min": 0,
        "var": 87.9419555664
    },
    "spectral_decrease": {
        "dmean": 2.01537608824e-09,
        "dmean2": 3.30310667707e-09,
        "dvar": 7.48688699765e-18,
        "dvar2": 1.9747592129e-17,
        "max": 6.80973319002e-29,
        "mean": -6.81621470378e-09,
        "median": -6.2254064126e-09,
        "min": -6.14366726381e-08,
        "var": 2.95685768473e-17
    },
    "spectral_energy": {
        "dmean": 0.00791748519987,
        "dmean2": 0.0129735097289,
        "dvar": 0.000113114459964,
        "dvar2": 0.000298792932881,
        "max": 0.232691943645,
        "mean": 0.0275727845728,
        "median": 0.0252732466906,
        "min": 1.05582310816e-20,
        "var": 0.000468021258712
    },
    "spectral_energyband_high": {
        "dmean": 0.000212880564504,
        "dmean2": 0.000308568152832,
        "dvar": 2.97713000919e-07,
        "dvar2": 5.60148805562e-07,
        "max": 0.0139674888924,
        "mean": 0.000597954378463,
        "median": 0.000294636061881,
        "min": 7.9682090303e-21,
        "var": 1.10881683213e-06
    },
    "spectral_energyband_low": {
        "dmean": 0.00359644787386,
        "dmean2": 0.00594144314528,
        "dvar": 6.39991631033e-05,
        "dvar2": 0.000168513754033,
        "max": 0.221437901258,
        "mean": 0.00667647412047,
        "median": 0.00301260082051,
        "min": 8.43857700069e-23,
        "var": 0.000170630373759
    },
    "spectral_energyband_middle_high": {
        "dmean": 0.00220269383863,
        "dmean2": 0.0036163746845,
        "dvar": 1.4166083929e-05,
        "dvar2": 3.93569607695e-05,
        "max": 0.0722325518727,
        "mean": 0.0070496769622,
        "median": 0.0039901859127,
        "min": 1.42151008462e-21,
        "var": 7.34762579668e-05
    },
    "spectral_energyband_middle_low": {
        "dmean": 0.00526227708906,
        "dmean2": 0.00859803520143,
        "dvar": 4.91523642268e-05,
        "dvar2": 0.000131494743982,
        "max": 0.117231450975,
        "mean": 0.014275203459,
        "median": 0.0122659886256,
        "min": 2.10225032002e-22,
        "var": 0.000139507930726
    },
    "spectral_entropy": {
        "dmean": 0.153941914439,
        "dmean2": 0.231687143445,
        "dvar": 0.0274506304413,
        "dvar2": 0.0572106316686,
        "max": 9.79543876648,
        "mean": 7.2767663002,
        "median": 7.41147708893,
        "min": 4.38032197952,
        "var": 0.410392671824
    },
    "spectral_flux": {
        "dmean": 0.0186915937811,
        "dmean2": 0.0305175241083,
        "dvar": 0.00043001229642,
        "dvar2": 0.00103084475268,
        "max": 0.328668445349,
        "mean": 0.0806204751134,
        "median": 0.0795718282461,
        "min": 1.02753250353e-10,
        "var": 0.00211591343395
    },
    "spectral_kurtosis": {
        "dmean": 4.03946971893,
        "dmean2": 6.76325368881,
        "dvar": 157.597763062,
        "dvar2": 420.528656006,
        "max": 364.948425293,
        "mean": 10.1280078888,
        "median": 4.04742527008,
        "min": -1.27392506599,
        "var": 659.577453613
    },
    "spectral_rms": {
        "dmean": 0.000686054001562,
        "dmean2": 0.0011051147012,
        "dvar": 5.39124641818e-07,
        "dvar2": 1.39555845635e-06,
        "max": 0.0150670679286,
        "mean": 0.00472484342754,
        "median": 0.00496556377038,
        "min": 3.20947240139e-12,
        "var": 4.57614169136e-06
    },
    "spectral_rolloff": {
        "dmean": 311.041381836,
        "dmean2": 518.769714355,
        "dvar": 566190.8125,
        "dvar2": 1116698.375,
        "max": 18518.5546875,
        "mean": 1188.59313965,
        "median": 904.39453125,
        "min": 43.06640625,
        "var": 1540005
    },
    "spectral_skewness": {
        "dmean": 0.327364861965,
        "dmean2": 0.534702122211,
        "dvar": 0.329194426537,
        "dvar2": 0.88292247057,
        "max": 15.7647953033,
        "mean": 1.9846265316,
        "median": 1.64081048965,
        "min": -0.340550810099,
        "var": 2.08612585068
    },
    "spectral_spread": {
        "dmean": 433228.5625,
        "dmean2": 625634.8125,
        "dvar": 468946911232,
        "dvar2": 651006705664,
        "max": 40773568,
        "mean": 4138830.75,
        "median": 3933973.75,
        "min": 243182.03125,
        "var": 3.47763454771e+12
    },
    "spectral_strongpeak": {
        "dmean": 0.593362569809,
        "dmean2": 1.00509560108,
        "dvar": 0.717518150806,
        "dvar2": 1.93303132057,
        "max": 11.4574155807,
        "mean": 1.1563770771,
        "median": 0.66721445322,
        "min": 0,
        "var": 1.65335810184
    },
    "zerocrossingrate": {
        "dmean": 0.00731954583898,
        "dmean2": 0.0086572850123,
        "dvar": 0.000123118865304,
        "dvar2": 0.000126482787891,
        "max": 0.48681640625,
        "mean": 0.0501410327852,
        "median": 0.0458984375,
        "min": 0.00146484375,
        "var": 0.00106348097324
    },
    "barkbands": {
        "dmean": [0.000160248499014, 0.00232835952193, 0.00142176926602, 0.000893812219147, 0.00213600927964, 0.00118382857181, 0.00100080517586, 0.00108828907833, 0.00147981173359, 0.00151532539167, 0.000638818193693, 0.000696544826496, 0.000314256409183, 0.000370138324797, 0.000186774443137, 0.000156581605552, 0.000137821931276, 8.84050896275e-05, 0.000136706163175, 7.19595263945e-05, 5.82581560593e-05, 6.65803818265e-05, 4.31997177657e-05, 4.07666739193e-05, 3.20008839481e-05, 7.62804438637e-06, 5.39274481071e-07],
        "dmean2": [0.000246038747719, 0.00383853563108, 0.00241569452919, 0.0015089554945, 0.00349445361644, 0.0019298712723, 0.00165100744925, 0.00175557553302, 0.00243574567139, 0.00253642932512, 0.00105761934537, 0.00115377211478, 0.000524805043824, 0.000620130507741, 0.000309725059196, 0.000258713640505, 0.00023036969651, 0.000146069723996, 0.000212780709262, 0.000115510003525, 9.32078328333e-05, 0.000104126469523, 6.76777053741e-05, 6.03007283644e-05, 4.41663178208e-05, 1.14949589261e-05, 8.85629390268e-07],
        "dvar": [8.38136372749e-07, 3.32772142428e-05, 1.0474966075e-05, 4.85230793856e-06, 1.49004918057e-05, 4.43769295089e-06, 4.70407667308e-06, 6.27269946563e-06, 1.31710739879e-05, 1.17637000585e-05, 2.31719650401e-06, 2.26390056923e-06, 5.4018875062e-07, 8.57507416185e-07, 3.05217270125e-07, 1.35964114634e-07, 8.40802414359e-08, 3.41540911108e-08, 9.40119591064e-08, 3.15953627705e-08, 2.35146124794e-08, 3.93719759018e-08, 1.41456109048e-08, 3.3640020547e-08, 2.61714081518e-08, 1.71850389474e-09, 8.44414382167e-12],
        "dvar2": [1.71074213995e-06, 8.98827202036e-05, 2.91877604468e-05, 1.29840436784e-05, 3.96602590627e-05, 1.14431040856e-05, 1.24317875816e-05, 1.52155116666e-05, 3.60378035111e-05, 3.28236492351e-05, 6.06017556493e-06, 6.07796528129e-06, 1.49323341248e-06, 2.40391386797e-06, 7.82048005021e-07, 3.45322689554e-07, 2.25834298817e-07, 9.13192437224e-08, 2.0905962117e-07, 7.94789229985e-08, 5.13963449578e-08, 8.3162447595e-08, 3.15693355901e-08, 6.3474288936e-08, 4.2570928116e-08, 4.12261424998e-09, 2.18277548814e-11],
        "max": [0.0805104970932, 0.151572689414, 0.0523190423846, 0.0380940586329, 0.056752089411, 0.0453614033759, 0.0552335381508, 0.049895260483, 0.0792205482721, 0.0707949921489, 0.0250736176968, 0.0269666854292, 0.0155248148367, 0.0206692907959, 0.0253227483481, 0.0100010391325, 0.00488242832944, 0.00473747076467, 0.00981371849775, 0.00569809274748, 0.00438635610044, 0.00762653769925, 0.00366036291234, 0.00928658153862, 0.00814920663834, 0.00265263603069, 6.53052775306e-05],
        "mean": [0.000325586559484, 0.00386245688424, 0.00200044503435, 0.00116223550867, 0.00374144595116, 0.00212523387745, 0.00171319639776, 0.00185933010653, 0.00264894659631, 0.00247644190677, 0.00105915486347, 0.00124379468616, 0.000569194671698, 0.000632543291431, 0.000351403985405, 0.000312399060931, 0.000258488202235, 0.000197261018911, 0.000322471256368, 0.00016777421115, 0.000125311518786, 0.000148358332808, 9.90819025901e-05, 8.7688320491e-05, 6.86039784341e-05, 1.34582724058e-05, 4.92658728035e-07],
        "median": [1.77877591341e-05, 0.00122902973089, 0.000743909389712, 0.000337370787747, 0.00166032137349, 0.00111470837146, 0.000663867569529, 0.000638245488517, 0.000832579564303, 0.00065092969453, 0.000267176656052, 0.000396942050429, 0.000184009957593, 0.000164907163708, 0.000111069646664, 9.33078699745e-05, 8.18452826934e-05, 8.66150294314e-05, 9.36134965741e-05, 5.24857678101e-05, 5.8587796957e-05, 6.62987222313e-05, 4.27552840847e-05, 2.73491768894e-05, 1.21328657769e-05, 1.44997443385e-06, 1.48258472166e-09],
        "min": [5.02671319593e-23, 5.09008649453e-23, 6.0403458166e-24, 2.43983996808e-23, 3.33542823175e-23, 3.74674251655e-23, 3.95269169525e-23, 4.15028084162e-23, 3.04541929717e-23, 2.91011608351e-23, 1.28220631119e-22, 8.54325000757e-23, 1.71181579499e-22, 9.33474886366e-23, 1.11251172819e-22, 4.42398275912e-23, 2.29280490971e-22, 2.03700092087e-22, 2.28463786431e-22, 2.70182058004e-22, 3.64810227611e-22, 5.10429659311e-22, 6.28912679769e-22, 7.32912214007e-22, 1.40009901126e-21, 1.74515823177e-21, 2.56092068226e-21],
        "var": [6.93905303706e-06, 8.91672316357e-05, 1.17825475172e-05, 5.91657544646e-06, 3.09609640681e-05, 9.0422699941e-06, 1.01244795587e-05, 1.45709982462e-05, 2.96820671792e-05, 2.44521015702e-05, 4.8322258408e-06, 5.33679349246e-06, 1.16476735457e-06, 1.79405094514e-06, 1.13014630188e-06, 4.52655797289e-07, 1.98801330953e-07, 8.57547632904e-08, 3.41854359931e-07, 1.08877493687e-07, 5.45264917662e-08, 9.96345548288e-08, 3.2240418335e-08, 9.55209102926e-08, 9.16268305673e-08, 2.73519451532e-09, 7.25860734366e-12]
    },
    "erbbands": {
        "dmean": [0.052447386086, 0.593592822552, 1.63694906235, 2.20945096016, 5.47464847565, 7.65316963196, 9.09032154083, 9.90609264374, 14.4079303741, 14.6297273636, 25.5340080261, 31.3254375458, 49.4478988647, 33.9501113892, 22.6544361115, 27.0389404297, 14.363822937, 18.9618968964, 9.84627342224, 8.83923435211, 8.1150560379, 6.49021577835, 4.54922962189, 5.43688631058, 6.69250106812, 3.10217094421, 2.10770249367, 2.56092858315, 2.46170258522, 1.81235826015, 1.17074000835, 0.966527760029, 0.673520982265, 0.473570764065, 0.181515455246, 0.0468894429505, 0.0113831590861, 0.00219329399988, 6.51917798677e-05, 1.02852545751e-05],
        "dmean2": [0.0838849917054, 0.991448163986, 2.77696490288, 3.74521017075, 9.12682914734, 12.4440488815, 14.7584466934, 16.2216377258, 23.8828163147, 23.6812286377, 41.1660346985, 51.2736663818, 82.6391067505, 57.1622200012, 36.8130683899, 44.9191894531, 23.8403873444, 31.8109226227, 16.4405841827, 14.483581543, 13.4234828949, 10.7154750824, 7.43095541, 8.68013095856, 10.3080043793, 4.92425203323, 3.43134212494, 3.97803592682, 3.84830474854, 2.88176655769, 1.81384658813, 1.44382917881, 0.961750745773, 0.662240743637, 0.249684900045, 0.0691025182605, 0.0171452015638, 0.00341942417435, 0.000102270583739, 1.65708297573e-05],
        "dvar": [0.0326701030135, 2.0324549675, 13.6494750977, 27.9723758698, 146.75328064, 233.775009155, 347.21395874, 326.945037842, 1124.81958008, 945.086425781, 3739.2902832, 6505.01904297, 14303.0917969, 6390.31982422, 2402.86865234, 4301.21289062, 1037.73974609, 2174.01147461, 737.186218262, 566.129516602, 331.363525391, 190.843658447, 87.1669769287, 177.083816528, 233.594924927, 54.2269515991, 35.3450050354, 45.4384307861, 56.5199928284, 36.3957176208, 9.67906951904, 20.076499939, 9.71522045135, 6.89861774445, 0.676863133907, 0.0695748850703, 0.00276292697527, 0.000124737474835, 1.00259434532e-07, 2.52231291409e-10],
        "dvar2": [0.0768546685576, 5.66511440277, 38.3020629883, 76.0981216431, 393.2394104, 587.89440918, 880.32208252, 857.573791504, 3025.37524414, 2335.8034668, 9161.53710938, 17348.4355469, 39306.6914062, 18182.8789062, 6061.1484375, 11662.5029297, 2863.03515625, 6193.47753906, 1932.88012695, 1308.31481934, 852.272888184, 494.782592773, 233.733108521, 437.64151001, 523.779724121, 130.62828064, 88.8500747681, 95.2057266235, 116.579940796, 87.5532073975, 20.7458248138, 41.7102661133, 18.1274585724, 12.5056667328, 1.07463181019, 0.155212953687, 0.0065841586329, 0.000329338858137, 2.56944673538e-07, 6.5195959742e-10],
        "max": [10.644443512, 30.195640564, 59.5933952332, 106.50289917, 230.675689697, 306.116729736, 320.573394775, 410.684875488, 714.698059082, 607.811950684, 1371.86938477, 2391.26196289, 2477.97485352, 1494.1628418, 1049.59033203, 1361.20202637, 678.469726562, 986.981140137, 1296.06323242, 928.284545898, 436.420806885, 307.261413574, 307.439697266, 425.014587402, 444.754119873, 247.60597229, 156.022247314, 205.745101929, 347.967376709, 277.597320557, 89.7348327637, 269.324310303, 133.184860229, 133.259048462, 33.9562797546, 17.2873687744, 2.81545948982, 0.402012258768, 0.0112121598795, 0.000373101822333],
        "mean": [0.0985341668129, 0.901174008846, 2.37998008728, 3.18594288826, 8.38982486725, 12.5274896622, 15.4484319687, 18.1019096375, 25.0748882294, 27.1341171265, 44.9240760803, 56.7264213562, 86.64503479, 60.2216720581, 43.2968063354, 49.6772270203, 29.0016174316, 34.458065033, 19.7674121857, 18.6027908325, 17.1608428955, 13.9670724869, 11.1965150833, 12.3734302521, 16.7622318268, 8.29297542572, 4.44791030884, 5.61579084396, 5.48153066635, 3.93451523781, 2.70689535141, 2.07689094543, 1.33292102814, 0.94516056776, 0.382970303297, 0.091668561101, 0.0188839230686, 0.00280675897375, 9.36698852456e-05, 3.62793434761e-05],
        "median": [0.0221927072853, 0.318008512259, 0.948753774166, 1.459867239, 2.4372985363, 4.84978199005, 6.46053934097, 9.69524860382, 10.8966064453, 11.7334899902, 16.8324260712, 20.0712585449, 24.939825058, 19.2909221649, 16.6249217987, 15.9643545151, 10.6802110672, 10.1540565491, 7.8317694664, 6.06077051163, 5.85242700577, 5.48884534836, 5.17818832397, 4.74320650101, 4.57772064209, 2.91460514069, 2.20486783981, 2.51215386391, 2.36396455765, 1.72025072575, 1.1861269474, 0.690863132477, 0.35622292757, 0.165825530887, 0.0674047544599, 0.0137272272259, 0.00114394235425, 6.24303065706e-05, 2.08654018934e-05, 3.22014820995e-05],
        "min": [2.45718060122e-21, 7.82033757111e-21, 1.09132991674e-20, 3.20670587753e-20, 1.73403215978e-19, 4.46565473655e-20, 1.46761731776e-19, 3.83268398261e-19, 6.78451728958e-19, 6.45000596686e-19, 7.94999771207e-19, 6.23156152575e-19, 8.16670507389e-19, 1.926334695e-18, 4.76834261166e-18, 4.19063346799e-18, 6.70792522455e-18, 5.62277882539e-18, 4.81690473106e-18, 6.38744484956e-18, 4.17185770886e-18, 1.4794173232e-17, 1.11916320923e-17, 1.05101469369e-17, 1.12612724281e-17, 1.34448050793e-17, 1.39658296035e-17, 1.44970449929e-17, 1.69833960586e-17, 1.99950432093e-17, 1.86447403425e-17, 1.37343480722e-17, 1.28679160852e-17, 1.21857923464e-17, 1.25510289828e-17, 6.63189202341e-18, 3.12775456413e-18, 1.69673892866e-18, 3.5161255811e-19, 3.33772320862e-20],
        "var": [0.191790938377, 3.34468722343, 15.7036972046, 31.4511451721, 251.343200684, 487.981628418, 703.322021484, 678.878417969, 2160.51855469, 2059.58691406, 8384.94238281, 14064.6679688, 31426.1796875, 13084.5, 5647.14794922, 9780.28222656, 2509.79125977, 4614.23730469, 1746.83789062, 2061.75488281, 1127.10314941, 537.501159668, 262.514709473, 458.927032471, 959.477111816, 260.077575684, 61.9423599243, 117.316711426, 149.139541626, 61.9671592712, 24.3152179718, 48.3159408569, 26.6256866455, 20.4593315125, 2.46933722496, 0.136570319533, 0.00459572393447, 0.000126096914755, 1.05012027518e-07, 8.91202334152e-10]
    },
    "gfcc": {
        "mean": [-35.2039146423, 119.968887329, -131.166244507, 21.5266304016, -75.7247390747, 13.5638895035, -33.3699073792, 1.30316627026, -19.1742916107, -6.17551755905, -9.39187717438, -5.26477813721, -5.44413900375],
        "cov": [[12558.2851562, -3841.64624023, -281.384429932, 1450.47583008, -536.429138184, 1346.96374512, -85.4483642578, 1344.83105469, -461.068511963, 527.024291992, -352.869415283, 466.376068115, -251.997253418], [-3841.64624023, 2570.15600586, 282.186035156, -404.272094727, 579.205505371, -532.895874023, 278.421722412, -507.592559814, 296.545410156, -281.890869141, 248.815460205, -212.856033325, 164.335144043], [-281.384429932, 282.186035156, 1143.89611816, 206.611495972, 152.843353271, 123.579666138, -103.916595459, -22.6823215485, -72.1168060303, 66.2217178345, -113.134811401, 34.1121673584, -30.9867019653], [1450.47583008, -404.272094727, 206.611495972, 792.117370605, -154.463638306, 213.170623779, -3.81020402908, 27.693365097, -12.8087062836, -47.6672325134, -12.2626829147, -1.16749024391, 5.6664276123], [-536.429138184, 579.205505371, 152.843353271, -154.463638306, 527.473144531, -61.9807777405, 115.613365173, 83.2672424316, 81.5738677979, 86.4379577637, 18.2121677399, 41.9866256714, 36.8246612549], [1346.96374512, -532.895874023, 123.579666138, 213.170623779, -61.9807777405, 399.147003174, 11.3668460846, 209.473419189, -63.2563362122, 95.5242462158, -39.0472450256, 37.8346099854, -24.6486415863], [-85.4483642578, 278.421722412, -103.916595459, -3.81020402908, 115.613365173, 11.3668460846, 284.978363037, 15.3680868149, 61.6763687134, -2.71618366241, 60.2260437012, -6.41394042969, -8.12159252167], [1344.83105469, -507.592559814, -22.6823215485, 27.693365097, 83.2672424316, 209.473419189, 15.3680868149, 416.170440674, -33.8875427246, 185.609832764, -38.7292289734, 86.3254241943, -20.3599891663], [-461.068511963, 296.545410156, -72.1168060303, -12.8087062836, 81.5738677979, -63.2563362122, 61.6763687134, -33.8875427246, 185.726333618, -27.0257129669, 46.425907135, -27.8725223541, 42.5425758362], [527.024291992, -281.890869141, 66.2217178345, -47.6672325134, 86.4379577637, 95.5242462158, -2.71618366241, 185.609832764, -27.0257129669, 211.174316406, -36.7667350769, 81.457321167, -25.5219917297], [-352.869415283, 248.815460205, -113.134811401, -12.2626829147, 18.2121677399, -39.0472450256, 60.2260437012, -38.7292289734, 46.425907135, -36.7667350769, 158.981445312, -25.8529853821, 28.1354484558], [466.376068115, -212.856033325, 34.1121673584, -1.16749024391, 41.9866256714, 37.8346099854, -6.41394042969, 86.3254241943, -27.8725223541, 81.457321167, -25.8529853821, 132.966445923, -9.77394962311], [-251.997253418, 164.335144043, -30.9867019653, 5.6664276123, 36.8246612549, -24.6486415863, -8.12159252167, -20.3599891663, 42.5425758362, -25.5219917297, 28.1354484558, -9.77394962311, 110.517883301]],
        "icov": [[0.000271894678008, 1.10175060399e-05, 0.000221816386329, -0.000414270878537, 6.99802549207e-05, -0.000343148974935, 4.39355208073e-05, -0.00054276548326, 0.000253701524343, 8.2975566329e-05, 0.000284412759356, -0.000487092474941, 0.000296419049846], [1.10175060399e-05, 0.00272799213417, -0.00134536006954, 0.000940451864153, -0.00206517707556, 0.00145490956493, -0.00172850384843, 0.0013242517598, -0.00103859114461, 0.00168016680982, -0.00219720322639, 0.00217117229477, -0.00178799615242], [0.000221816386329, -0.00134536006954, 0.00214888318442, -0.00121603778098, 0.000245121016633, -0.00152277667075, 0.00149612559471, -0.000329362723278, 0.00105927255936, -0.00120891642291, 0.00190001155715, -0.00140916265082, 0.00150382705033], [-0.000414270878537, 0.000940451864153, -0.00121603778098, 0.00274263462052, -0.000261501787463, 0.000128733998281, -0.000890317722224, 0.00113863334991, -0.0011437657522, 0.00134796451312, -0.00129314349033, 0.00113974278793, -0.00138282892294], [6.99802549207e-05, -0.00206517707556, 0.000245121016633, -0.000261501787463, 0.00484849046916, -0.000251147605013, -0.000111277324322, -0.00205606967211, -8.39724816615e-05, -0.00197619572282, 0.00163385551423, -0.0022199479863, 0.000217725420953], [-0.000343148974935, 0.00145490956493, -0.00152277667075, 0.000128733998281, -0.000251147605013, 0.00596678210422, -0.00185169873293, -0.000813928607386, -6.27768968116e-05, 5.97247890255e-05, -0.00141718098894, 0.00229853950441, -0.00164892454632], [4.39355208073e-05, -0.00172850384843, 0.00149612559471, -0.000890317722224, -0.000111277324322, -0.00185169873293, 0.00598234077916, -0.000650519214105, -0.000305071473122, -0.000660056713969, 0.000119848344184, -0.0014641097514, 0.00288440543227], [-0.00054276548326, 0.0013242517598, -0.000329362723278, 0.00113863334991, -0.00205606967211, -0.000813928607386, -0.000650519214105, 0.0071543706581, -0.000899376580492, -0.00265417108312, -0.00127273658291, 0.00140973634552, -0.00140170170926], [0.000253701524343, -0.00103859114461, 0.00105927255936, -0.0011437657522, -8.39724816615e-05, -6.27768968116e-05, -0.000305071473122, -0.000899376580492, 0.00797243881971, -0.000765712757129, 0.000413462868892, -7.746063784e-05, -0.00105350557715], [8.2975566329e-05, 0.00168016680982, -0.00120891642291, 0.00134796451312, -0.00197619572282, 5.97247890255e-05, -0.000660056713969, -0.00265417108312, -0.000765712757129, 0.0111633464694, -0.000961298937909, -0.00214194203727, 0.000345134438248], [0.000284412759356, -0.00219720322639, 0.00190001155715, -0.00129314349033, 0.00163385551423, -0.00141718098894, 0.000119848344184, -0.00127273658291, 0.000413462868892, -0.000961298937909, 0.0100513137877, -0.00163916742895, 0.000343571853591], [-0.000487092474941, 0.00217117229477, -0.00140916265082, 0.00113974278793, -0.0022199479863, 0.00229853950441, -0.0014641097514, 0.00140973634552, -7.746063784e-05, -0.00214194203727, -0.00163916742895, 0.0129462992772, -0.00229075597599], [0.000296419049846, -0.00178799615242, 0.00150382705033, -0.00138282892294, 0.000217725420953, -0.00164892454632, 0.00288440543227, -0.00140170170926, -0.00105350557715, 0.000345134438248, 0.000343571853591, -0.00229075597599, 0.0125840147957]]
    },
    "melbands": {
        "dmean": [0.000550503318664, 0.000825592374895, 0.000452275417047, 0.000484896561829, 0.000306245085085, 0.000222818896873, 0.000214236002648, 0.000172848813236, 0.000215036910959, 0.000211240243516, 0.000252344529144, 0.000147218437633, 7.84099393059e-05, 8.15313978819e-05, 5.26294024894e-05, 3.17921039823e-05, 3.78471922886e-05, 1.77206893568e-05, 1.44741597978e-05, 1.21672101159e-05, 1.07104769995e-05, 8.11874542705e-06, 5.36604966328e-06, 4.0991426431e-06, 4.89394778924e-06, 5.91281332163e-06, 3.94000971937e-06, 1.91820367945e-06, 1.36271910378e-06, 1.44330306284e-06, 1.70038936176e-06, 1.58066256972e-06, 1.28557530843e-06, 1.00286843008e-06, 7.23874677533e-07, 6.56698432522e-07, 6.24678477834e-07, 5.0127744089e-07, 4.94619484925e-07, 3.98898691856e-07],
        "dmean2": [0.00089540402405, 0.00139464449603, 0.000760698749218, 0.000797900604084, 0.000498984591104, 0.000363864790415, 0.000354660849553, 0.000278851599433, 0.000347723369487, 0.00034571409924, 0.00042211523396, 0.000247643620241, 0.000128846615553, 0.000133673602249, 8.77070997376e-05, 5.29312746949e-05, 6.35399701423e-05, 2.94083620247e-05, 2.39182245423e-05, 1.98853213078e-05, 1.76798293978e-05, 1.347635407e-05, 8.73935641721e-06, 6.83450844008e-06, 7.89147998148e-06, 9.26063239604e-06, 6.12037683823e-06, 3.09230404127e-06, 2.26036831918e-06, 2.33124251281e-06, 2.65661606136e-06, 2.48848141382e-06, 2.02103865377e-06, 1.63021275057e-06, 1.15186355742e-06, 1.01286866538e-06, 9.36739809276e-07, 7.42678821553e-07, 7.29898829377e-07, 5.71064333599e-07],
        "dvar": [2.31406784224e-06, 3.49739411831e-06, 9.82426058727e-07, 9.27784583382e-07, 3.52565848516e-07, 1.56599284651e-07, 2.27248705187e-07, 1.29795424186e-07, 2.55778644487e-07, 2.99096654999e-07, 3.70750967704e-07, 1.1859834359e-07, 3.02570661859e-08, 2.91326909263e-08, 1.71671388216e-08, 4.81381334794e-09, 9.63639656959e-09, 2.56084908834e-09, 2.51814458174e-09, 9.87207982028e-10, 6.48520459556e-10, 3.26752208624e-10, 1.19243018237e-10, 7.97865037927e-11, 1.57590732131e-10, 2.1976347131e-10, 1.03757176462e-10, 1.99914459986e-11, 1.46173489979e-11, 1.44657385029e-11, 1.99049301347e-11, 2.08411222308e-11, 1.72149898503e-11, 1.06207881032e-11, 3.27143997655e-12, 5.54007100612e-12, 1.13277737884e-11, 6.03474865565e-12, 6.75079697005e-12, 5.23948549477e-12],
        "dvar2": [5.9031112869e-06, 9.75686816673e-06, 2.62493654191e-06, 2.45209366767e-06, 8.9659488367e-07, 4.12397042737e-07, 6.13929898918e-07, 3.18047739256e-07, 6.38620008431e-07, 8.08899699223e-07, 1.02147419057e-06, 3.40098154084e-07, 7.79500126669e-08, 7.50095949797e-08, 4.83477435864e-08, 1.32130866248e-08, 2.749357364e-08, 6.55827792073e-09, 6.04775296509e-09, 2.32859176386e-09, 1.6388547186e-09, 8.60913673684e-10, 3.0044017274e-10, 2.26550847526e-10, 3.89855370209e-10, 5.11233000378e-10, 2.42143805007e-10, 4.79761889938e-11, 3.80188068527e-11, 3.31577890145e-11, 4.3209186229e-11, 4.3935053512e-11, 3.81632572766e-11, 2.69990661772e-11, 7.5047077927e-12, 1.18977050434e-11, 2.4411649785e-11, 1.16502571479e-11, 1.47335633277e-11, 9.40669851041e-12],
        "max": [0.067652374506, 0.0299780946225, 0.0165869686753, 0.0152014130726, 0.00928157754242, 0.00804411526769, 0.0118002872914, 0.00778755079955, 0.0106869945303, 0.0133173251525, 0.0129032796249, 0.00642438465729, 0.00342860119417, 0.00381235335954, 0.00281115248799, 0.00132371962536, 0.00222224742174, 0.002724630991, 0.00271005998366, 0.00101308489684, 0.0006590145058, 0.000441649637651, 0.000389859138522, 0.000279512343695, 0.000392200890929, 0.000472203886602, 0.000383744220017, 0.000137667477247, 0.000100028184534, 0.000106043276901, 0.000138456351124, 0.000203545278055, 0.000165817837114, 0.000149950923515, 4.96595275763e-05, 8.96431229194e-05, 0.000229833574849, 0.000110430519271, 0.000114451650006, 0.000110553948616],
        "mean": [0.000997877097689, 0.00127487734426, 0.000692358997185, 0.000794955529273, 0.000541760819033, 0.000406818522606, 0.000378448312404, 0.000317026715493, 0.000366516178474, 0.000375707662897, 0.000433761393651, 0.000247575138928, 0.000140176125569, 0.00014436354104, 9.42261394812e-05, 5.80450323469e-05, 6.48031782475e-05, 3.14249336952e-05, 2.79682353721e-05, 2.25232361117e-05, 1.97684803425e-05, 1.51372241817e-05, 1.14765007311e-05, 8.80090738065e-06, 9.77764102572e-06, 1.32346658575e-05, 9.46170985117e-06, 4.45311616204e-06, 2.52051813732e-06, 2.87346824734e-06, 3.40206634064e-06, 3.2680025015e-06, 2.58407726506e-06, 1.99906617127e-06, 1.55837369675e-06, 1.38250652526e-06, 1.21874620618e-06, 9.25195195123e-07, 8.76265346506e-07, 7.71932889165e-07],
        "median": [0.000288267387077, 0.000550907745492, 0.000312157178996, 0.000280699314317, 0.000238682798226, 0.000217428721953, 0.00016313661763, 0.000127837745822, 0.000127709165099, 0.000122153782286, 0.000118110365293, 7.30862957425e-05, 4.71097191621e-05, 4.77348585264e-05, 2.35148218053e-05, 1.89887578017e-05, 1.6251235138e-05, 1.08263930088e-05, 7.56900089982e-06, 6.53284450891e-06, 5.93306276642e-06, 4.75595606986e-06, 4.46513149654e-06, 4.03155490858e-06, 3.22582604895e-06, 3.34839819516e-06, 2.38900906879e-06, 1.40812733207e-06, 1.12244026695e-06, 1.2427482261e-06, 1.40765507695e-06, 1.28987971948e-06, 1.03956278963e-06, 8.09331993423e-07, 6.69419193855e-07, 5.25575785559e-07, 3.63890904964e-07, 2.25797805342e-07, 1.80575369768e-07, 1.19956069966e-07],
        "min": [1.99908618317e-23, 7.08137005448e-24, 1.15669002147e-23, 7.96626925289e-24, 3.8954472148e-24, 8.2123133915e-24, 9.78276979301e-24, 7.85603777429e-24, 6.21159963052e-24, 3.76683448826e-24, 4.22009345401e-24, 6.84093708348e-24, 1.83130177951e-23, 7.26923412361e-24, 1.55237428961e-23, 1.58377616012e-23, 9.16514534676e-24, 8.14982061945e-24, 8.57368189471e-24, 5.28411535386e-24, 5.07846365461e-24, 1.72973388693e-23, 1.0990004657e-23, 7.78522330855e-24, 8.7964814579e-24, 7.96681514463e-24, 7.34112696221e-24, 9.59755392993e-24, 8.88869772e-24, 8.49914794981e-24, 8.4955199785e-24, 7.85057727911e-24, 1.3008470155e-23, 1.01520347939e-23, 1.16939281197e-23, 7.37094984873e-24, 9.09725834384e-24, 8.48007092653e-24, 1.04265694329e-23, 9.72610828077e-24],
        "var": [9.84670077742e-06, 4.63004562334e-06, 1.31919932755e-06, 1.76697278675e-06, 7.89932471434e-07, 3.26107823412e-07, 4.67025330408e-07, 2.99352905131e-07, 5.54741802716e-07, 6.43568341729e-07, 8.00768191311e-07, 2.31685802987e-07, 6.67965807111e-08, 7.12686301085e-08, 3.77594631118e-08, 1.14104725668e-08, 1.96511233952e-08, 4.83647788485e-09, 1.07310196285e-08, 2.62351940172e-09, 1.71951630712e-09, 7.55902507255e-10, 3.64590413415e-10, 1.77857714667e-10, 3.54794138513e-10, 6.89069690196e-10, 3.8083872167e-10, 9.21158913036e-11, 2.21311875076e-11, 3.00290972644e-11, 4.82725595607e-11, 5.40628410095e-11, 3.61918446601e-11, 1.56797526352e-11, 7.53771524364e-12, 1.1621220479e-11, 2.40587740702e-11, 1.42105606796e-11, 1.48190869298e-11, 1.50729498327e-11]
    },
    "mfcc": {
        "mean": [-665.286621094, 136.175231934, 3.97195291519, 5.64917802811, -12.6847085953, 2.86789011955, -5.24878883362, 4.13167476654, -4.76198863983, -1.4733736515, -1.05657315254, -3.13186001778, -2.67950582504],
        "cov": [[10650.3671875, -2396.69335938, -942.288757324, 455.709594727, -25.7014560699, 43.006729126, 468.391296387, 703.557678223, 233.323379517, 418.57824707, 266.702697754, -34.756980896, 161.491470337], [-2396.69335938, 1584.30224609, 200.542541504, 2.72155690193, 163.700653076, 52.8790512085, 30.9321899414, -84.2983779907, 27.9487571716, -38.1826934814, -11.022772789, 12.1072635651, 18.2634162903], [-942.288757324, 200.542541504, 962.516052246, 157.826049805, 151.180618286, 136.51713562, -2.85313558578, -102.538063049, 1.32598936558, -115.544807434, -71.5656356812, 9.50084781647, -22.6469135284], [455.709594727, 2.72155690193, 157.826049805, 451.844116211, 108.520988464, 86.4897155762, 24.4363231659, 63.3907737732, 23.4133663177, -20.3355369568, -20.887840271, 18.9761352539, 25.4067363739], [-25.7014560699, 163.700653076, 151.180618286, 108.520988464, 313.07144165, 49.5888252258, 37.1125183105, 3.95139336586, 93.2065048218, 52.1078796387, -25.6949005127, 18.0778026581, 56.8089942932], [43.006729126, 52.8790512085, 136.51713562, 86.4897155762, 49.5888252258, 172.273773193, 63.2923049927, 21.5604743958, 15.5385046005, 1.82017862797, 6.44814348221, 4.40883684158, -6.90088605881], [468.391296387, 30.9321899414, -2.85313558578, 24.4363231659, 37.1125183105, 63.2923049927, 230.81892395, 96.8154602051, 37.7375335693, 64.7079162598, 69.7166442871, 8.05469322205, 39.7005157471], [703.557678223, -84.2983779907, -102.538063049, 63.3907737732, 3.95139336586, 21.5604743958, 96.8154602051, 169.692321777, 38.4497184753, 63.7340202332, 52.8476867676, 12.1425561905, 24.1181354523], [233.323379517, 27.9487571716, 1.32598936558, 23.4133663177, 93.2065048218, 15.5385046005, 37.7375335693, 38.4497184753, 184.976135254, 67.5645141602, 17.8216018677, 19.0373344421, 43.3366394043], [418.57824707, -38.1826934814, -115.544807434, -20.3355369568, 52.1078796387, 1.82017862797, 64.7079162598, 63.7340202332, 67.5645141602, 169.333557129, 57.049823761, 5.96607303619, 33.398815155], [266.702697754, -11.022772789, -71.5656356812, -20.887840271, -25.6949005127, 6.44814348221, 69.7166442871, 52.8476867676, 17.8216018677, 57.049823761, 126.610671997, 21.1495246887, 20.2101173401], [-34.756980896, 12.1072635651, 9.50084781647, 18.9761352539, 18.0778026581, 4.40883684158, 8.05469322205, 12.1425561905, 19.0373344421, 5.96607303619, 21.1495246887, 83.5632324219, 33.8183288574], [161.491470337, 18.2634162903, -22.6469135284, 25.4067363739, 56.8089942932, -6.90088605881, 39.7005157471, 24.1181354523, 43.3366394043, 33.398815155, 20.2101173401, 33.8183288574, 123.849822998]],
