{
"lowlevel": {
    "average_loudness": 0.892487704754,
    "barkbands_crest": {
        "dmean": 2.76016521454,
        "dmean2": 4.36989736557,
        "dvar": 7.17029619217,
        "dvar2": 16.5543422699,
        "max": 25.1797542572,
        "mean": 9.3595123291,
        "median": 8.18660449982,
        "min": 2.64265084267,
        "var": 19.6458644867
    },
    "barkbands_flatness_db": {
        "dmean": 0.024164672941,
        "dmean2": 0.0347450971603,
        "dvar": 0.000558338069823,
        "dvar2": 0.00114859454334,
        "max": 0.482769101858,
        "mean": 0.147084072232,
        "median": 0.135305091739,
        "min": 0.0333367586136,
        "var": 0.0034598086495
    },
    "barkbands_kurtosis": {
        "dmean": 3.27645158768,
        "dmean2": 4.95606279373,
        "dvar": 65.55078125,
        "dvar2": 147.174453735,
        "max": 228.546890259,
        "mean": 4.66835069656,
        "median": 1.53666758537,
        "min": -1.84878766537,
        "var": 148.288085938
    },
    "barkbands_skewness": {
        "dmean": 0.530351758003,
        "dmean2": 0.764893949032,
        "dvar": 0.394352912903,
        "dvar2": 0.760420501232,
        "max": 12.1199474335,
        "mean": 1.50266218185,
        "median": 1.24062347412,
        "min": -2.02535533905,
        "var": 1.65616714954
    },
    "barkbands_spread": {
        "dmean": 4.67087984085,
        "dmean2": 7.15426921844,
        "dvar": 31.3886241913,
        "dvar2": 63.70652771,
        "max": 92.4384460449,
        "mean": 19.5373630524,
        "median": 18.6021614075,
        "min": 0.419084012508,
        "var": 111.888656616
    },
    "dissonance": {
        "dmean": 0.0189195647836,
        "dmean2": 0.0320346727967,
        "dvar": 0.00036708402331,
        "dvar2": 0.00101100129541,
        "max": 0.500000119209,
        "mean": 0.465349465609,
        "median": 0.471302807331,
        "min": 0.166961207986,
        "var": 0.000769259349909
    },
    "dynamic_complexity": 2.42499113083,
    "erbbands_crest": {
        "dmean": 2.63030791283,
        "dmean2": 4.29078006744,
        "dvar": 5.91349601746,
        "dvar2": 15.0805244446,
        "max": 28.1223621368,
        "mean": 9.02830505371,
        "median": 8.08238983154,
        "min": 2.42280840874,
        "var": 16.6714820862
    },
    "erbbands_flatness_db": {
        "dmean": 0.0193502064794,
        "dmean2": 0.0272158421576,
        "dvar": 0.000365058367606,
        "dvar2": 0.000664581020828,
        "max": 0.406062543392,
        "mean": 0.174502894282,
        "median": 0.16920286417,
        "min": 0.0571976937354,
        "var": 0.00216313684359
    },
    "erbbands_kurtosis": {
        "dmean": 0.819156885147,
        "dmean2": 1.31191909313,
        "dvar": 1.38028848171,
        "dvar2": 3.43022465706,
        "max": 42.1620407104,
        "mean": 0.597510516644,
        "median": 0.0261887311935,
        "min": -1.85201501846,
        "var": 5.58443689346
    },
    "erbbands_skewness": {
        "dmean": 0.319944739342,
        "dmean2": 0.498798519373,
        "dvar": 0.0922419279814,
        "dvar2": 0.214540153742,
        "max": 5.2952299118,
        "mean": 0.494607299566,
        "median": 0.446341097355,
        "min": -2.33038258553,
        "var": 0.410255879164
    },
    "erbbands_spread": {
        "dmean": 7.14222669601,
        "dmean2": 10.9820604324,
        "dvar": 70.7208099365,
        "dvar2": 160.652282715,
        "max": 140.547195435,
        "mean": 34.3617858887,
        "median": 32.28698349,
        "min": 3.18947124481,
        "var": 241.281814575
    },
    "hfc": {
        "dmean": 6.17943572998,
        "dmean2": 9.73415279388,
        "dvar": 82.9686813354,
        "dvar2": 207.952102661,
        "max": 118.769470215,
        "mean": 22.4099674225,
        "median": 19.7314071655,
        "min": 1.23313756379e-16,
        "var": 249.442092896
    },
    "melbands_crest": {
        "dmean": 3.47526812553,
        "dmean2": 5.39085912704,
        "dvar": 10.5300836563,
        "dvar2": 22.5039749146,
        "max": 38.4318084717,
        "mean": 13.0151014328,
        "median": 11.5306110382,
        "min": 1.92419350147,
        "var": 33.5759506226
    },
    "melbands_flatness_db": {
        "dmean": 0.0277045723051,
        "dmean2": 0.0389187783003,
        "dvar": 0.000766748620663,
        "dvar2": 0.00147239584476,
        "max": 0.581569552422,
        "mean": 0.197464123368,
        "median": 0.17967236042,
        "min": 0.00851933378726,
        "var": 0.00535325985402
    },
    "melbands_kurtosis": {
        "dmean": 7.03515052795,
        "dmean2": 10.3382463455,
        "dvar": 258.958557129,
        "dvar2": 526.20715332,
        "max": 740.652954102,
        "mean": 12.5179424286,
        "median": 5.61091804504,
        "min": -1.43209266663,
        "var": 810.745178223
    },
    "melbands_skewness": {
        "dmean": 0.699744582176,
        "dmean2": 1.02057373524,
        "dvar": 0.685044884682,
        "dvar2": 1.28224563599,
        "max": 22.5947799683,
        "mean": 2.37131285667,
        "median": 1.98882901669,
        "min": -0.792921125889,
        "var": 3.15333271027
    },
    "melbands_spread": {
        "dmean": 5.69042682648,
        "dmean2": 8.5159072876,
        "dvar": 52.378288269,
        "dvar2": 109.013626099,
        "max": 175.325088501,
        "mean": 22.0795879364,
        "median": 20.3239746094,
        "min": 0.259988754988,
        "var": 178.666366577
    },
    "pitch_salience": {
        "dmean": 0.0729694291949,
        "dmean2": 0.116081833839,
        "dvar": 0.00459157163277,
        "dvar2": 0.0107003226876,
        "max": 0.905970215797,
        "mean": 0.581104874611,
        "median": 0.59721827507,
        "min": 0.0292592998594,
        "var": 0.0143783055246
    },
    "silence_rate_20dB": {
        "dmean": 0,
        "dmean2": 0,
        "dvar": 0,
        "dvar2": 0,
        "max": 1,
        "mean": 1,
        "median": 1,
        "min": 1,
        "var": 0
    },
    "silence_rate_30dB": {
        "dmean": 0.0532730259001,
        "dmean2": 0.106559440494,
        "dvar": 0.0504352152348,
        "dvar2": 0.113799832761,
        "max": 1,
        "mean": 0.953894495964,
        "median": 1,
        "min": 0,
        "var": 0.0439814813435
    },
    "silence_rate_60dB": {
        "dmean": 0.00427189329639,
        "dmean2": 0.00854486040771,
        "dvar": 0.00425430899486,
        "dvar2": 0.00897638592869,
        "max": 1,
        "mean": 0.0163316577673,
        "median": 0,
        "min": 0,
        "var": 0.0160652305931
    },
    "spectral_centroid": {
        "dmean": 214.463134766,
        "dmean2": 330.532318115,
        "dvar": 65337.84375,
        "dvar2": 130819.375,
        "max": 10781.5302734,
        "mean": 1235.10009766,
        "median": 1217.98803711,
        "min": 165.16456604,
        "var": 247491.5
    },
    "spectral_complexity": {
        "dmean": 3.53964066505,
        "dmean2": 5.63784885406,
        "dvar": 13.0382795334,
        "dvar2": 31.2588748932,
        "max": 54,
        "mean": 22.1599254608,
        "median": 22,
        "min": 0,
        "var": 87.4746398926
    },
    "spectral_decrease": {
        "dmean": 3.4733569354e-09,
        "dmean2": 5.06943731438e-09,
        "dvar": 3.3598025074e-17,
        "dvar2": 6.58049110287e-17,
        "max": -5.78614114688e-29,
        "mean": -8.70065086644e-09,
        "median": -6.78434819434e-09,
        "min": -5.99421312586e-08,
        "var": 6.14764469367e-17
    },
    "spectral_energy": {
        "dmean": 0.0135022532195,
        "dmean2": 0.0197499245405,
        "dvar": 0.000494563253596,
        "dvar2": 0.000973798218183,
        "max": 0.234955340624,
        "mean": 0.0348708815873,
        "median": 0.0277045164257,
        "min": 1.14032986672e-20,
        "var": 0.000917512690648
    },
    "spectral_energyband_high": {
        "dmean": 0.000377163989469,
        "dmean2": 0.000603683700319,
        "dvar": 7.12694429694e-07,
        "dvar2": 1.75911486622e-06,
        "max": 0.0131593383849,
        "mean": 0.000778702262323,
        "median": 0.000424412195571,
        "min": 8.34067052711e-21,
        "var": 1.09141365101e-06
    },
    "spectral_energyband_low": {
        "dmean": 0.00854348577559,
        "dmean2": 0.0116810211912,
        "dvar": 0.000361485086614,
        "dvar2": 0.000654432922602,
        "max": 0.206725656986,
        "mean": 0.0131232021376,
        "median": 0.00562869105488,
        "min": 6.09640984559e-23,
        "var": 0.00061895645922
    },
    "spectral_energyband_middle_high": {
        "dmean": 0.00202698865905,
        "dmean2": 0.00313710025512,
        "dvar": 7.65822915128e-06,
        "dvar2": 1.84910404641e-05,
        "max": 0.0494026578963,
        "mean": 0.00716813467443,
        "median": 0.00486941728741,
        "min": 1.87324601872e-21,
        "var": 4.83807780256e-05
    },
    "spectral_energyband_middle_low": {
        "dmean": 0.00699876109138,
        "dmean2": 0.011690268293,
        "dvar": 0.00016434614372,
        "dvar2": 0.000443941651611,
        "max": 0.187732219696,
        "mean": 0.0152077376842,
        "median": 0.0114431148395,
        "min": 3.32302923159e-22,
        "var": 0.000202378287213
    },
    "spectral_entropy": {
        "dmean": 0.147263944149,
        "dmean2": 0.223945438862,
        "dvar": 0.0270180869848,
        "dvar2": 0.0576100125909,
        "max": 9.80717182159,
        "mean": 7.58438205719,
        "median": 7.65574359894,
        "min": 5.59143686295,
        "var": 0.142007321119
    },
    "spectral_flux": {
        "dmean": 0.0284760911018,
        "dmean2": 0.0434178523719,
        "dvar": 0.00130114576314,
        "dvar2": 0.00234708050266,
        "max": 0.408058166504,
        "mean": 0.0997313559055,
        "median": 0.0879633128643,
        "min": 1.06786225695e-10,
        "var": 0.00332437898032
    },
    "spectral_kurtosis": {
        "dmean": 1.82773935795,
        "dmean2": 3.09234786034,
        "dvar": 6.97618818283,
        "dvar2": 17.3955955505,
        "max": 80.8279342651,
        "mean": 4.09809303284,
        "median": 3.37563872337,
        "min": -1.14060330391,
        "var": 12.7861566544
    },
    "spectral_rms": {
        "dmean": 0.000974340480752,
        "dmean2": 0.00141516409349,
        "dvar": 1.55577265559e-06,
        "dvar2": 2.82301084553e-06,
        "max": 0.0151401693001,
        "mean": 0.00542246038094,
        "median": 0.00519892247394,
        "min": 3.335441515e-12,
        "var": 4.61732997792e-06
    },
    "spectral_rolloff": {
        "dmean": 369.352294922,
        "dmean2": 595.385131836,
        "dvar": 482678.15625,
        "dvar2": 957205.625,
        "max": 18626.2207031,
        "mean": 1242.96057129,
        "median": 1076.66015625,
        "min": 43.06640625,
        "var": 926718.25
    },
    "spectral_skewness": {
        "dmean": 0.234803244472,
        "dmean2": 0.382685661316,
        "dvar": 0.0653244331479,
        "dvar2": 0.161905869842,
        "max": 7.04626893997,
        "mean": 1.45961070061,
        "median": 1.41096925735,
        "min": 0.0253013577312,
        "var": 0.212882444263
    },
    "spectral_spread": {
        "dmean": 476410.25,
        "dmean2": 686985.0625,
        "dvar": 465243865088,
        "dvar2": 726780149760,
        "max": 39481188,
        "mean": 4018095,
        "median": 3952353.5,
        "min": 795927.5,
        "var": 1.3276718039e+12
    },
    "spectral_strongpeak": {
        "dmean": 0.612201631069,
        "dmean2": 1.02754211426,
        "dvar": 0.672341883183,
        "dvar2": 1.62493026257,
        "max": 8.4994430542,
        "mean": 1.1270455122,
        "median": 0.629574775696,
        "min": 0,
        "var": 1.54925739765
    },
    "zerocrossingrate": {
        "dmean": 0.00800016801804,
        "dmean2": 0.00941981561482,
        "dvar": 0.000113816713565,
        "dvar2": 0.000123534366139,
        "max": 0.58642578125,
        "mean": 0.0522544980049,
        "median": 0.05029296875,
        "min": 0.001953125,
        "var": 0.000640828628093
    },
    "barkbands": {
        "dmean": [0.000549186137505, 0.00678043020889, 0.00252510420978, 0.00196482660249, 0.00300828902982, 0.00184727902524, 0.000824678456411, 0.00073664507363, 0.00163439044263, 0.000974175927695, 0.000717389106285, 0.000449781073257, 0.000439571973402, 0.000317499303492, 0.000342431507306, 0.000207637727726, 0.000210130499909, 0.000175508350367, 0.000133864290547, 0.000124089739984, 9.0873305453e-05, 0.000115807561087, 0.000102906866232, 5.19902496308e-05, 2.36386276811e-05, 8.61388707563e-06, 2.07524948337e-07],
        "dmean2": [0.000871919619385, 0.00962606351823, 0.00447193672881, 0.00339533993974, 0.00522667355835, 0.00299367518164, 0.00131855567452, 0.00121445173863, 0.00267502130009, 0.00155637867283, 0.00114137958735, 0.000709915708285, 0.000702111748978, 0.000508163473569, 0.00054081401322, 0.000333679665346, 0.000345895154169, 0.000279797561234, 0.000215996697079, 0.000203271818464, 0.000149846862769, 0.000186425444554, 0.000168087455677, 8.43937959871e-05, 3.78074510081e-05, 1.35285808938e-05, 3.565210136e-07],
        "dvar": [1.86568797744e-06, 0.00032535174978, 4.08375308325e-05, 1.91332874238e-05, 6.90287852194e-05, 1.50326450239e-05, 2.71468661595e-06, 2.64463096755e-06, 1.11227527668e-05, 4.19823982156e-06, 2.69536553787e-06, 8.40438985961e-07, 5.63665253139e-07, 4.15354406869e-07, 3.86336949987e-07, 1.25964461972e-07, 1.20377336543e-07, 1.11479174336e-07, 4.97206755767e-08, 5.42779936552e-08, 2.92248341083e-08, 7.07583041049e-08, 7.67223724552e-08, 2.62061625733e-08, 5.88470472351e-09, 4.20468021511e-10, 7.80109212905e-13],
        "dvar2": [4.29868941865e-06, 0.000701107492205, 0.000114359718282, 5.32593476237e-05, 0.000193220839719, 3.67806642316e-05, 6.33525041849e-06, 6.67229551254e-06, 2.93900284305e-05, 1.03969732663e-05, 6.53130018691e-06, 2.00162776309e-06, 1.42030592087e-06, 9.55775703915e-07, 8.9454300678e-07, 2.96839573366e-07, 3.09756501338e-07, 2.73735338396e-07, 1.21440450584e-07, 1.35387978162e-07, 7.25216864339e-08, 1.7527771945e-07, 1.94983343249e-07, 6.36531183318e-08, 1.47217864566e-08, 1.00478170229e-09, 1.91562781263e-12],
        "max": [0.0598137639463, 0.180042743683, 0.0784708112478, 0.0662069842219, 0.136410802603, 0.0610698610544, 0.0478342175484, 0.0318443179131, 0.0572074204683, 0.039493277669, 0.0397771149874, 0.0223789755255, 0.0129817230627, 0.0151150627062, 0.0107615543529, 0.00910137407482, 0.00735583389178, 0.0076284147799, 0.00438403477892, 0.00488513894379, 0.00412605144083, 0.0039023028221, 0.00591595564038, 0.00436885049567, 0.00329235289246, 0.000398578675231, 2.02534247364e-05],
        "mean": [0.000710421765689, 0.00819905567914, 0.00307031488046, 0.00241667823866, 0.00385532830842, 0.00313985114917, 0.00142240652349, 0.00104213389568, 0.00272874790244, 0.00169897312298, 0.00137747020926, 0.000839300977532, 0.000813985534478, 0.000535082479473, 0.000668348511681, 0.000413745641708, 0.000419836636866, 0.000341383885825, 0.000283297878923, 0.000229777244385, 0.000168462691363, 0.000208462864975, 0.00016316480469, 7.6134041592e-05, 3.67336069758e-05, 1.16340706882e-05, 1.74387224661e-07],
        "median": [0.000120249402244, 0.00225886562839, 0.00181042356417, 0.00112628284842, 0.00174829014577, 0.00124251726083, 0.000735791923944, 0.00046143628424, 0.00108573760372, 0.000611002731603, 0.00037226290442, 0.000347189605236, 0.000398580741603, 0.000225533120101, 0.00029398460174, 0.000240117995418, 0.000260775355855, 0.000174419314135, 0.000170988787431, 0.000120969096315, 9.12713367143e-05, 8.58157582115e-05, 6.67213389534e-05, 3.02853713947e-05, 1.50968444359e-05, 1.57985505211e-06, 1.58351376456e-09],
        "min": [1.36821108252e-23, 3.00533790566e-23, 8.43761522148e-24, 1.4791413341e-23, 7.97263536039e-24, 3.59382056789e-23, 7.33925515306e-23, 7.78755912569e-23, 7.09365687862e-23, 1.1099155554e-22, 1.31478967446e-22, 2.91154897046e-23, 1.27709247304e-22, 1.44883897792e-22, 1.52771320398e-22, 1.18283104172e-22, 1.84181666429e-22, 3.49323234589e-22, 3.5848149318e-22, 4.68083101048e-22, 3.66336982696e-22, 5.23394544112e-22, 8.14968086485e-22, 9.18442504418e-22, 1.0572359795e-21, 1.96973897977e-21, 2.59551646125e-21],
        "var": [6.17015120952e-06, 0.000421915377956, 2.94084948109e-05, 1.76939902303e-05, 5.72856806684e-05, 2.87922539428e-05, 4.58130580228e-06, 3.65543382941e-06, 2.00000995392e-05, 1.00311926872e-05, 1.04615037344e-05, 2.53561438512e-06, 1.39232281526e-06, 8.71008353442e-07, 1.06201753169e-06, 3.10128598358e-07, 2.80808421849e-07, 2.29708234656e-07, 1.16872783451e-07, 1.21528955788e-07, 5.01635710748e-08, 1.15689168467e-07, 9.14808708785e-08, 2.84087278146e-08, 6.33456531673e-09, 6.19849283012e-10, 7.11152057381e-13]
    },
    "erbbands": {
        "dmean": [0.25471124053, 1.31928682327, 2.62337565422, 4.69857597351, 9.671251297, 9.36384391785, 13.0187301636, 14.8703994751, 11.1167402267, 13.069732666, 20.1907978058, 38.6534042358, 31.1238098145, 28.4097366333, 22.557384491, 17.9065113068, 18.8375797272, 15.6957492828, 15.0165185928, 16.4205493927, 10.9457826614, 10.4961156845, 9.47243022919, 7.47396230698, 6.10650920868, 5.64971923828, 4.08028697968, 3.59002947807, 4.04301118851, 3.90945219994, 2.8509144783, 1.43656587601, 0.703230202198, 0.314984023571, 0.151584506035, 0.0528137981892, 0.0133776078001, 0.00155536807142, 4.3913591071e-05, 1.61376137839e-05],
        "dmean2": [0.340305864811, 2.02991652489, 4.42222118378, 8.18087291718, 17.3387470245, 16.0011310577, 21.3598041534, 24.0907917023, 17.3529548645, 21.1625785828, 32.8769340515, 62.6148109436, 50.0429763794, 44.8519859314, 35.0750465393, 27.9988822937, 29.9515895844, 24.9619007111, 23.6728935242, 25.8336296082, 17.6398601532, 17.2035770416, 15.2623376846, 12.1125774384, 9.72605800629, 9.26961612701, 6.63946056366, 5.91336202621, 6.55028581619, 6.32728099823, 4.65732765198, 2.38084387779, 1.13675487041, 0.503718137741, 0.242565691471, 0.0839582383633, 0.0210721138865, 0.00246803858317, 6.69334913255e-05, 2.35715433519e-05],
        "dvar": [0.443287283182, 13.3497171402, 38.2587547302, 101.922164917, 1007.64562988, 511.233123779, 880.920043945, 1226.68200684, 599.645019531, 690.918029785, 1954.18933105, 7183.69921875, 4914.94384766, 3642.68432617, 2449.98999023, 1247.78918457, 948.244262695, 1175.4798584, 770.557128906, 906.224853516, 347.757354736, 299.168914795, 312.499725342, 203.829208374, 101.773452759, 124.660751343, 56.0156440735, 54.5633163452, 90.0062332153, 88.4177017212, 63.4277572632, 21.9829730988, 4.645403862, 1.2534416914, 0.154348924756, 0.0164750125259, 0.00112902128603, 1.9541792426e-05, 1.70402252309e-08, 6.43038788883e-10],
        "dvar2": [0.777752578259, 32.6431732178, 99.7236480713, 284.519836426, 2878.23193359, 1396.00891113, 2303.57910156, 2941.24438477, 1342.35766602, 1719.64257812, 4859.28222656, 18649.3886719, 12387.3085938, 8940.02050781, 5737.36865234, 2881.71020508, 2317.09741211, 2819.92578125, 1814.36938477, 2081.71362305, 846.479309082, 767.191589355, 772.959594727, 520.0703125, 238.5493927, 313.425842285, 138.709869385, 132.850769043, 222.990890503, 224.62600708, 162.234634399, 56.0008354187, 10.6758203506, 2.97959375381, 0.373630851507, 0.0398257859051, 0.00268268794753, 4.63378128188e-05, 3.91906347375e-08, 1.29208677091e-09],
        "max": [8.31697559357, 38.4811630249, 72.1515045166, 124.456283569, 443.045471191, 404.258636475, 583.369995117, 704.44543457, 718.52947998, 822.811950684, 749.397705078, 1541.29211426, 1801.06994629, 1189.40905762, 1176.15258789, 921.87322998, 545.141601562, 840.34387207, 614.900024414, 701.283569336, 615.305847168, 327.962188721, 319.881713867, 464.601928711, 266.005706787, 219.837417603, 158.741775513, 190.804901123, 172.899688721, 159.098754883, 165.945327759, 103.722694397, 54.6204872131, 52.9637451172, 10.7445383072, 3.45981478691, 0.557386994362, 0.0750401169062, 0.00386530696414, 0.000289006944513],
        "mean": [0.32486268878, 1.48416984081, 3.43385577202, 6.17331075668, 10.6843795776, 12.8228311539, 19.7965450287, 25.035320282, 19.0662269592, 22.3214225769, 32.8268852234, 64.033531189, 55.4419517517, 57.2264099121, 45.7181129456, 36.5555343628, 37.5752754211, 29.5708942413, 30.0274868011, 33.7876815796, 23.9004497528, 22.5886993408, 19.7175960541, 15.8951826096, 13.2253646851, 10.7113618851, 7.72556352615, 6.5152220726, 7.16385364532, 6.75893878937, 4.38421344757, 2.02436375618, 1.0808506012, 0.50301861763, 0.22243578732, 0.0715294107795, 0.018123164773, 0.00198095920496, 6.79970689816e-05, 4.35084257333e-05],
        "median": [0.057989820838, 0.511812567711, 1.9207868576, 3.47762727737, 4.65026092529, 6.08012104034, 8.79748916626, 9.24485111237, 8.32530498505, 12.5969829559, 15.4511899948, 25.8035888672, 21.9856452942, 19.3133850098, 17.6277770996, 17.0531768799, 21.0623588562, 11.9786128998, 14.6218128204, 15.9098052979, 15.0186977386, 14.5706920624, 10.9997243881, 9.31982707977, 8.09077835083, 5.79469680786, 4.18161821365, 3.37933397293, 2.98420619965, 2.64422225952, 1.8036699295, 0.794739425182, 0.453405678272, 0.216111272573, 0.0806950479746, 0.0162313468754, 0.00139663706068, 6.91610839567e-05, 2.36860851146e-05, 3.58520192094e-05],
        "min": [1.66218723016e-21, 3.58295826877e-21, 8.6001233195e-21, 4.04822385654e-20, 1.30068165574e-20, 2.49843231647e-20, 1.29555664176e-19, 4.26835484136e-19, 1.17533493532e-18, 8.93808563328e-19, 2.02681997542e-18, 1.46630326381e-18, 2.99406108404e-18, 4.84698928994e-18, 3.29651409155e-18, 1.65576815593e-18, 5.86036867197e-18, 6.83297838955e-18, 6.28725590659e-18, 8.82435615727e-18, 7.4000346877e-18, 9.26320690509e-18, 1.86217711912e-17, 1.65638566694e-17, 1.87350138714e-17, 1.94463511479e-17, 1.93349497717e-17, 1.40319842002e-17, 1.61224896381e-17, 3.03740886366e-17, 1.93837319212e-17, 1.83154926802e-17, 1.56398512574e-17, 1.43189728593e-17, 6.34498401436e-18, 7.06347474878e-18, 3.38971708066e-18, 1.30783448359e-18, 3.67865157882e-19, 4.11300728502e-20],
        "var": [0.76530700922, 13.4314842224, 33.3849372864, 88.4129714966, 684.741821289, 531.79498291, 1306.93237305, 2240.22705078, 1181.77404785, 1057.55810547, 3025.07543945, 12197.2080078, 10175.2226562, 11477.9560547, 8091.80712891, 3858.71362305, 2415.28857422, 2849.71875, 2008.40515137, 2599.71923828, 936.934326172, 703.076049805, 674.530944824, 398.757385254, 270.030456543, 263.838592529, 112.254623413, 89.0620727539, 143.992523193, 129.875610352, 71.029335022, 21.8952026367, 5.49462985992, 1.37040615082, 0.196059539914, 0.02217926085, 0.00169123185333, 2.79042087641e-05, 2.23023590706e-08, 1.23349253034e-09]
    },
    "gfcc": {
        "mean": [4.77502822876, 117.656410217, -138.403076172, 39.2016639709, -64.9584197998, 16.4579391479, -31.036611557, 5.54677343369, -15.9178581238, -6.76755809784, -11.769908905, -4.78654003143, -4.45655059814],
        "cov": [[4798.14355469, -1526.90979004, 443.089080811, 153.17414856, -377.812011719, 637.184692383, -509.159790039, 376.256652832, -316.801574707, 301.336242676, -202.071304321, 205.194152832, -241.946136475], [-1526.90979004, 1668.20507812, -100.269844055, 262.528717041, 393.885467529, -419.038757324, 403.327514648, -311.512512207, 277.155578613, -274.818817139, 214.923980713, -183.535018921, 183.462081909], [443.089080811, -100.269844055, 856.292480469, 182.874771118, 91.8979034424, 103.657234192, -125.422958374, 112.98916626, -103.01574707, 116.796035767, -71.6602935791, 96.4895553589, -61.1960792542], [153.17414856, 262.528717041, 182.874771118, 452.689178467, 128.585159302, 19.2883338928, 33.9020843506, -62.8991470337, 77.6659851074, -52.5064201355, 58.1336898804, -49.039100647, 53.4908828735], [-377.812011719, 393.885467529, 91.8979034424, 128.585159302, 375.217254639, -63.8184051514, 156.645889282, -36.3552284241, 51.5049057007, 16.5092487335, -13.4543581009, 1.95311069489, 18.8272285461], [637.184692383, -419.038757324, 103.657234192, 19.2883338928, -63.8184051514, 380.095367432, -41.9446487427, 132.490280151, -47.463394165, 67.6834106445, -6.56882429123, 28.6497325897, -17.5511512756], [-509.159790039, 403.327514648, -125.422958374, 33.9020843506, 156.645889282, -41.9446487427, 323.200622559, -51.6325302124, 104.588218689, -53.5302047729, 59.9635353088, -20.1484832764, 40.2703971863], [376.256652832, -311.512512207, 112.98916626, -62.8991470337, -36.3552284241, 132.490280151, -51.6325302124, 209.071517944, -33.6095504761, 81.2860183716, -43.8281211853, 31.1372966766, -21.0392932892], [-316.801574707, 277.155578613, -103.01574707, 77.6659851074, 51.5049057007, -47.463394165, 104.588218689, -33.6095504761, 194.20451355, -52.8703193665, 70.4987869263, -54.6317901611, 53.6697921753], [301.336242676, -274.818817139, 116.796035767, -52.5064201355, 16.5092487335, 67.6834106445, -53.5302047729, 81.2860183716, -52.8703193665, 167.846801758, -51.8581314087, 66.3258056641, -46.7110824585], [-202.071304321, 214.923980713, -71.6602935791, 58.1336898804, -13.4543581009, -6.56882429123, 59.9635353088, -43.8281211853, 70.4987869263, -51.8581314087, 156.050689697, -34.4265556335, 57.1155204773], [205.194152832, -183.535018921, 96.4895553589, -49.039100647, 1.95311069489, 28.6497325897, -20.1484832764, 31.1372966766, -54.6317901611, 66.3258056641, -34.4265556335, 126.49495697, -31.8187923431], [-241.946136475, 183.462081909, -61.1960792542, 53.4908828735, 18.8272285461, -17.5511512756, 40.2703971863, -21.0392932892, 53.6697921753, -46.7110824585, 57.1155204773, -31.8187923431, 111.851745605]],
        "icov": [[0.000440189469373, -0.000170416387846, 0.000224551637075, -0.000592690717895, 0.000424054946052, -0.000507385411765, 0.000403846875997, -0.000482080562506, 0.000250860000961, -0.000312295160256, 0.000253324164078, -0.000550320895854, 0.000714223075192], [-0.000170416387846, 0.00386191764846, -0.00143361487426, 0.000862120708916, -0.00259828940034, 0.00249910238199, -0.00212210137397, 0.00221160892397, -0.00106525048614, 0.0025490981061, -0.00240890099667, 0.00287702679634, -0.0022659720853], [0.000224551637075, -0.00143361487426, 0.00253643142059, -0.00166677404195, 0.000557170948014, -0.00099642353598, 0.0015044832835, -0.0019436723087, 0.00110830774065, -0.00127381458879, 0.000884147419129, -0.00227472302504, 0.00170226104092], [-0.000592690717895, 0.000862120708916, -0.00166677404195, 0.00466128066182, -0.00210802839138, 0.000155693560373, -0.000268318457529, 0.00242277374491, -0.00166812655516, 0.00158320891205, -0.00129300926346, 0.00220394413918, -0.00215680943802], [0.000424054946052, -0.00259828940034, 0.000557170948014, -0.00210802839138, 0.00657899584621, -0.00117944704834, -0.000903257576283, -0.00130935315974, 0.000714615976904, -0.00351731921546, 0.00328614446335, -0.00200217985548, 0.00121908634901], [-0.000507385411765, 0.00249910238199, -0.00099642353598, 0.000155693560373, -0.00117944704834, 0.00580106815323, -0.0021313955076, -0.00058510969393, 3.68795626855e-05, 0.00105960690416, -0.00234326254576, 0.00214340630919, -0.00181901094038], [0.000403846875997, -0.00212210137397, 0.0015044832835, -0.000268318457529, -0.000903257576283, -0.0021313955076, 0.00679350458086, -0.00136220327113, -0.00103172939271, -0.000142882781802, 0.0001348163496, -0.00291284359992, 0.00195912085474], [-0.000482080562506, 0.00221160892397, -0.0019436723087, 0.00242277374491, -0.00130935315974, -0.00058510969393, -0.00136220327113, 0.00980384647846, -0.00189892575145, -0.00075055018533, 5.27266774952e-06, 0.00274184369482, -0.00305425515398], [0.000250860000961, -0.00106525048614, 0.00110830774065, -0.00166812655516, 0.000714615976904, 3.68795626855e-05, -0.00103172939271, -0.00189892575145, 0.0088364193216, -0.00092997396132, -0.00121120573021, 0.000763361342251, -0.000198928712052], [-0.000312295160256, 0.0025490981061, -0.00127381458879, 0.00158320891205, -0.00351731921546, 0.00105960690416, -0.000142882781802, -0.00075055018533, -0.00092997396132, 0.0121752647683, -0.00141988089308, -0.00134712492581, 0.00023052933102], [0.000253324164078, -0.00240890099667, 0.000884147419129, -0.00129300926346, 0.00328614446335, -0.00234326254576, 0.0001348163496, 5.27266774952e-06, -0.00121120573021, -0.00141988089308, 0.011393613182, -0.00168070814107, -0.00167507480364], [-0.000550320895854, 0.00287702679634, -0.00227472302504, 0.00220394413918, -0.00200217985548, 0.00214340630919, -0.00291284359992, 0.00274184369482, 0.000763361342251, -0.00134712492581, -0.00168070814107, 0.014031842351, -0.00204905262217], [0.000714223075192, -0.0022659720853, 0.00170226104092, -0.00215680943802, 0.00121908634901, -0.00181901094038, 0.00195912085474, -0.00305425515398, -0.000198928712052, 0.00023052933102, -0.00167507480364, -0.00204905262217, 0.014858527109]]
    },
    "melbands": {
        "dmean": [0.00202766084112, 0.00129935634322, 0.000942558865063, 0.000700768548995, 0.000419256772147, 0.000332261231961, 0.000168747210409, 0.000138386138133, 0.000191597166122, 0.000241212372202, 0.000156349618919, 0.000118734649732, 9.32876864681e-05, 5.2836836403e-05, 4.66116689495e-05, 3.83577644243e-05, 3.04164259433e-05, 2.59711741819e-05, 2.48831966019e-05, 1.77097663254e-05, 1.43675797517e-05, 1.23557256302e-05, 1.04172795545e-05, 8.84297696757e-06, 6.5090894168e-06, 5.03025967191e-06, 4.82615769215e-06, 3.89272599932e-06, 2.91902347271e-06, 2.25505027629e-06, 2.24170275942e-06, 2.45935962084e-06, 2.40864528678e-06, 2.20465199163e-06, 1.837547984e-06, 1.25278586438e-06, 7.84297185419e-07, 5.32070941972e-07, 3.88264766116e-07, 2.39415328451e-07],
        "dmean2": [0.00278586149216, 0.00206103222445, 0.00165216659661, 0.00123370194342, 0.000688866944984, 0.000537153391633, 0.000264278816758, 0.000225265612244, 0.000310693663778, 0.000391959882108, 0.00025166827254, 0.000188016478205, 0.000146444319398, 8.27117328299e-05, 7.41057956475e-05, 6.1291619204e-05, 4.85867749376e-05, 4.14421665482e-05, 3.94107664761e-05, 2.81156899291e-05, 2.34126437135e-05, 2.02503633773e-05, 1.70958210219e-05, 1.42456165122e-05, 1.06942288767e-05, 8.08568620414e-06, 7.89150271885e-06, 6.44691453999e-06, 4.75596880278e-06, 3.7344671e-06, 3.70832390217e-06, 4.00470435125e-06, 3.92093488699e-06, 3.59696446139e-06, 3.03305228044e-06, 2.08467349694e-06, 1.30054297642e-06, 8.63760988068e-07, 6.40523751372e-07, 3.86970100408e-07],
        "dvar": [2.88230748993e-05, 8.95702942216e-06, 4.92698291055e-06, 4.40676330982e-06, 8.44145688461e-07, 5.49228445834e-07, 1.25625632563e-07, 7.32987430752e-08, 1.64614903042e-07, 2.70565550409e-07, 1.23097990468e-07, 6.48060876074e-08, 4.68739145276e-08, 1.33787079193e-08, 6.23838980474e-09, 5.03340613633e-09, 4.46323555892e-09, 2.3189117293e-09, 2.34009922551e-09, 9.45805544994e-10, 6.36952712796e-10, 4.69876082487e-10, 2.96599661498e-10, 3.63327340436e-10, 1.62024282879e-10, 7.03530775303e-11, 7.50121284532e-11, 6.56352888706e-11, 3.25811634616e-11, 1.70511504222e-11, 2.27656105772e-11, 3.41206785048e-11, 2.8744248301e-11, 2.93416645147e-11, 2.52989088012e-11, 1.6296583874e-11, 6.94384220262e-12, 2.57673678401e-12, 1.88044978894e-12, 7.40761239241e-13],
        "dvar2": [5.71607088204e-05, 1.96335386136e-05, 1.38301629704e-05, 1.23768841149e-05, 2.21392656385e-06, 1.3161853758e-06, 2.84447935428e-07, 1.83455114211e-07, 4.09407590496e-07, 7.05441323134e-07, 3.10731991249e-07, 1.57932518619e-07, 1.13358680665e-07, 3.16267581013e-08, 1.52364130201e-08, 1.26090222707e-08, 1.05099555725e-08, 5.54364776306e-09, 5.45073586267e-09, 2.17854179141e-09, 1.52841683754e-09, 1.19725440673e-09, 7.49421635859e-10, 8.99799568188e-10, 4.21229051639e-10, 1.68407024437e-10, 1.79127143674e-10, 1.6496834454e-10, 7.92417451101e-11, 4.34301206109e-11, 5.5552926842e-11, 8.57698287393e-11, 7.18191686677e-11, 7.58108437138e-11, 6.56441637159e-11, 4.1838133652e-11, 1.75693053855e-11, 6.08272243338e-12, 4.06216987131e-12, 1.91180448209e-12],
        "max": [0.0524358153343, 0.0369263440371, 0.0325736477971, 0.0360165834427, 0.0174695029855, 0.0136610642076, 0.00956725049764, 0.00721053779125, 0.00697175692767, 0.00978307332844, 0.00861582066864, 0.00526189384982, 0.00548851583153, 0.00321238441393, 0.00186653842684, 0.00157385517377, 0.00170191982761, 0.00101054401603, 0.00109770556446, 0.000563713663723, 0.000814019935206, 0.000479366251966, 0.000273627665592, 0.000452984881122, 0.00042906330782, 0.00016249048349, 0.000222180635319, 0.000162270895089, 0.000155433139298, 0.00011078544776, 0.000128832660266, 9.00124505279e-05, 8.35806349642e-05, 0.000102650126792, 0.000102942154626, 0.000102014826552, 8.40506545501e-05, 4.93449661008e-05, 4.91018290631e-05, 4.28519851994e-05],
        "mean": [0.00251641240902, 0.00185551599134, 0.00121589342598, 0.000870009127539, 0.000667109154165, 0.000569449621253, 0.000294226250844, 0.000227822747547, 0.000309550203383, 0.000395603914512, 0.000268395728199, 0.000229409983149, 0.000182744974154, 9.81314005912e-05, 8.95286502782e-05, 7.34497662052e-05, 5.21130677953e-05, 4.69619953947e-05, 4.7711411753e-05, 3.49280780938e-05, 2.79074738501e-05, 2.42434998654e-05, 1.94807980733e-05, 1.65690398717e-05, 1.24490452436e-05, 1.02236735984e-05, 8.65426045493e-06, 6.77838761476e-06, 5.04673016621e-06, 3.97457279178e-06, 3.70431439478e-06, 3.97960184273e-06, 4.18104764321e-06, 3.55115253114e-06, 2.72229863185e-06, 1.69285362972e-06, 1.05862795863e-06, 7.79004210472e-07, 5.9686988152e-07, 3.6152789562e-07],
        "median": [0.00057535758242, 0.000969901797362, 0.000674869515933, 0.000391103822039, 0.000324628897943, 0.000217561988393, 0.000133856447064, 0.000126357379486, 0.000139669151395, 0.000156849913765, 9.74803915597e-05, 7.40719697205e-05, 5.78998842684e-05, 3.77920005121e-05, 5.07411677972e-05, 3.34495925927e-05, 1.94696767721e-05, 2.21036989387e-05, 2.02370847546e-05, 1.84128712135e-05, 1.65491819644e-05, 1.48784001794e-05, 1.11765457405e-05, 7.97713619249e-06, 7.01567114447e-06, 6.04965089224e-06, 4.73163072456e-06, 3.39072539646e-06, 2.54105157182e-06, 2.15468617171e-06, 1.72520185515e-06, 1.59657065524e-06, 1.60127876825e-06, 1.32554851007e-06, 1.08266772259e-06, 6.49392120522e-07, 3.88007578067e-07, 3.16326179473e-07, 2.32392551425e-07, 1.51671116555e-07],
        "min": [1.15699964938e-23, 4.49076149136e-24, 5.75617800259e-24, 7.47256874118e-25, 3.92799719347e-24, 9.2713039365e-24, 1.68532622445e-23, 1.05564766802e-23, 1.80273965049e-23, 8.75072121451e-24, 1.50090442876e-23, 1.87557565119e-23, 1.43599206254e-23, 3.16654072445e-24, 8.66833889245e-24, 1.47977431609e-23, 1.20742269181e-23, 9.45129832924e-24, 1.34093400792e-23, 9.21100814207e-24, 9.2632567664e-24, 8.78674849205e-24, 1.1953954029e-23, 2.16578227432e-23, 1.16805498276e-23, 1.56479742892e-23, 1.18798760457e-23, 1.2764877796e-23, 1.52680620326e-23, 7.41308212082e-24, 8.02713381603e-24, 7.58255941998e-24, 1.30562475157e-23, 1.8963028137e-23, 1.1170740579e-23, 9.41445221408e-24, 1.20569137878e-23, 1.0029679312e-23, 1.17720529595e-23, 1.29777014242e-23],
        "var": [4.28068924521e-05, 1.06075394797e-05, 4.00457292926e-06, 3.4194674754e-06, 1.26955376345e-06, 1.06806885469e-06, 2.49989284384e-07, 1.07556218154e-07, 2.62297220388e-07, 4.66500949869e-07, 2.52097976272e-07, 1.98256401518e-07, 1.73199694586e-07, 4.20948822466e-08, 1.48441232639e-08, 1.39920341979e-08, 9.56854684375e-09, 5.47747269763e-09, 6.18504047978e-09, 2.49020604137e-09, 1.57956336899e-09, 1.00739938613e-09, 5.947584647e-10, 6.80308254175e-10, 2.76398293142e-10, 1.69301003772e-10, 1.65189154022e-10, 1.31752275756e-10, 6.52864706741e-11, 2.81979856132e-11, 3.50260445647e-11, 4.977734544e-11, 5.00394552183e-11, 3.94675368776e-11, 2.79243243112e-11, 1.60056898291e-11, 6.75102812195e-12, 2.92907885446e-12, 2.24289488891e-12, 7.07147068766e-13]
    },
    "mfcc": {
        "mean": [-623.975585938, 131.878143311, -9.03713798523, 21.075302124, -4.00006103516, 6.99880647659, -3.4564909935, 9.33041763306, 0.224596187472, 2.40077733994, -1.84924507141, -2.66097021103, -0.526596903801],
        "cov": [[4218.00683594, -1251.35961914, 275.678619385, -262.734069824, 39.0217170715, 129.70135498, -75.2205505371, 74.2492980957, -115.471984863, 64.3925476074, 56.5892906189, 30.9176998138, -55.9623374939], [-1251.35961914, 1148.50866699, -123.886863708, 354.491668701, 39.8346061707, -10.5025835037, 74.2577133179, 2.67463064194, 54.7729759216, -33.7574996948, -20.7672157288, 2.41942930222, 51.807056427], [275.678619385, -123.886863708, 629.67980957, 107.349411011, 150.38899231, 45.5058364868, 4.21998786926, 20.0884284973, -23.7150859833, -13.980465889, 2.51693487167, 18.5399513245, 22.902633667], [-262.734069824, 354.491668701, 107.349411011, 484.462158203, 140.928741455, 67.1128768921, 21.7144565582, -11.2700891495, 40.4375762939, -25.9061374664, -27.2352275848, 18.6930179596, 33.5292778015], [39.0217170715, 39.8346061707, 150.38899231, 140.928741455, 252.329910278, 49.9991493225, 18.1427326202, -9.92772865295, 40.2271614075, 9.13417625427, -2.08416199684, 9.67945575714, 22.6707077026], [129.70135498, -10.5025835037, 45.5058364868, 67.1128768921, 49.9991493225, 212.060684204, 58.9263954163, 42.8323554993, 20.2935638428, 9.93888187408, 29.2879676819, 12.7309465408, 8.14361572266], [-75.2205505371, 74.2577133179, 4.21998786926, 21.7144565582, 18.1427326202, 58.9263954163, 180.904907227, 33.8711891174, 46.9023132324, -7.04152488708, 21.9057807922, 26.6195297241, 9.19271278381], [74.2492980957, 2.67463064194, 20.0884284973, -11.2700891495, -9.92772865295, 42.8323554993, 33.8711891174, 142.498031616, 18.8874931335, 31.6702537537, 25.1408824921, -7.68924236298, 12.9297466278], [-115.471984863, 54.7729759216, -23.7150859833, 40.4375762939, 40.2271614075, 20.2935638428, 46.9023132324, 18.8874931335, 156.80418396, 17.8183059692, 15.281085968, 18.6189079285, 1.98092591763], [64.3925476074, -33.7574996948, -13.980465889, -25.9061374664, 9.13417625427, 9.93888187408, -7.04152488708, 31.6702537537, 17.8183059692, 121.098365784, 28.9630279541, 7.84156322479, -8.00605297089], [56.5892906189, -20.7672157288, 2.51693487167, -27.2352275848, -2.08416199684, 29.2879676819, 21.9057807922, 25.1408824921, 15.281085968, 28.9630279541, 92.6211013794, 15.9178447723, 8.53869819641], [30.9176998138, 2.41942930222, 18.5399513245, 18.6930179596, 9.67945575714, 12.7309465408, 26.6195297241, -7.68924236298, 18.6189079285, 7.84156322479, 15.9178447723, 86.3911819458, 9.6888999939], [-55.9623374939, 51.807056427, 22.902633667, 33.5292778015, 22.6707077026, 8.14361572266, 9.19271278381, 12.9297466278, 1.98092591763, -8.00605297089, 8.53869819641, 9.6888999939, 68.3691329956]],
