{
"lowlevel": {
    "average_loudness": 0.761949121952,
    "barkbands_crest": {
        "dmean": 2.82689595222,
        "dmean2": 4.50237798691,
        "dvar": 6.74734830856,
        "dvar2": 16.3265724182,
        "max": 26.5958385468,
        "mean": 10.0654325485,
        "median": 9.21987819672,
        "min": 2.18282341957,
        "var": 17.9870948792
    },
    "barkbands_flatness_db": {
        "dmean": 0.024810090661,
        "dmean2": 0.0362159051001,
        "dvar": 0.000605176901445,
        "dvar2": 0.00127628690097,
        "max": 0.489089369774,
        "mean": 0.140407964587,
        "median": 0.132917553186,
        "min": 0.0149751221761,
        "var": 0.00346555490978
    },
    "barkbands_kurtosis": {
        "dmean": 2.72875094414,
        "dmean2": 4.22260951996,
        "dvar": 38.3304786682,
        "dvar2": 81.5937347412,
        "max": 316.57711792,
        "mean": 3.816375494,
        "median": 1.48346710205,
        "min": -1.90849614143,
        "var": 98.7276382446
    },
    "barkbands_skewness": {
        "dmean": 0.527526140213,
        "dmean2": 0.798869848251,
        "dvar": 0.361959218979,
        "dvar2": 0.803878724575,
        "max": 16.1465091705,
        "mean": 1.39517045021,
        "median": 1.24161195755,
        "min": -3.26152300835,
        "var": 1.45655858517
    },
    "barkbands_spread": {
        "dmean": 6.76123809814,
        "dmean2": 10.2048616409,
        "dvar": 69.801071167,
        "dvar2": 145.748199463,
        "max": 109.708312988,
        "mean": 23.9565963745,
        "median": 20.7922172546,
        "min": 0.447585195303,
        "var": 232.786209106
    },
    "dissonance": {
        "dmean": 0.0222156904638,
        "dmean2": 0.0373372808099,
        "dvar": 0.000462380645331,
        "dvar2": 0.00125749735162,
        "max": 0.500000119209,
        "mean": 0.461074709892,
        "median": 0.469304561615,
        "min": 0.196040660143,
        "var": 0.000998907373287
    },
    "dynamic_complexity": 2.58127570152,
    "erbbands_crest": {
        "dmean": 3.03523778915,
        "dmean2": 4.97219467163,
        "dvar": 7.96068525314,
        "dvar2": 19.4009532928,
        "max": 32.8678855896,
        "mean": 9.89901256561,
        "median": 8.65744781494,
        "min": 2.3317155838,
        "var": 24.6841278076
    },
    "erbbands_flatness_db": {
        "dmean": 0.020571321249,
        "dmean2": 0.029413420707,
        "dvar": 0.000399198936066,
        "dvar2": 0.000781139358878,
        "max": 0.417997419834,
        "mean": 0.165902942419,
        "median": 0.158243954182,
        "min": 0.0422981455922,
        "var": 0.0038160586264
    },
    "erbbands_kurtosis": {
        "dmean": 1.23907709122,
        "dmean2": 1.9489440918,
        "dvar": 3.29979133606,
        "dvar2": 7.66341590881,
        "max": 59.8627967834,
        "mean": 1.07205200195,
        "median": 0.308567285538,
        "min": -1.86607301235,
        "var": 8.21477413177
    },
    "erbbands_skewness": {
        "dmean": 0.416831344366,
        "dmean2": 0.636152863503,
        "dvar": 0.16411267221,
        "dvar2": 0.364257097244,
        "max": 7.0613079071,
        "mean": 0.641376852989,
        "median": 0.644811689854,
        "min": -3.73103928566,
        "var": 0.731880366802
    },
    "erbbands_spread": {
        "dmean": 8.43738746643,
        "dmean2": 12.643242836,
        "dvar": 83.3690414429,
        "dvar2": 179.215911865,
        "max": 151.62689209,
        "mean": 36.3802032471,
        "median": 32.0677261353,
        "min": 2.72595691681,
        "var": 375.355438232
    },
    "hfc": {
        "dmean": 10.366350174,
        "dmean2": 16.3651618958,
        "dvar": 276.189361572,
        "dvar2": 711.943908691,
        "max": 309.734771729,
        "mean": 26.8172893524,
        "median": 20.4352989197,
        "min": 1.28897860788e-16,
        "var": 617.551208496
    },
    "melbands_crest": {
        "dmean": 3.708070755,
        "dmean2": 5.82756757736,
        "dvar": 11.5330839157,
        "dvar2": 26.3488178253,
        "max": 38.2941741943,
        "mean": 14.7075176239,
        "median": 13.4208469391,
        "min": 2.40211129189,
        "var": 38.2220878601
    },
    "melbands_flatness_db": {
        "dmean": 0.0288553498685,
        "dmean2": 0.0425102636218,
        "dvar": 0.000878244056366,
        "dvar2": 0.00188121048268,
        "max": 0.614319086075,
        "mean": 0.195612743497,
        "median": 0.188607648015,
        "min": 0.00509698828682,
        "var": 0.00429432513192
    },
    "melbands_kurtosis": {
        "dmean": 6.64248609543,
        "dmean2": 10.3864536285,
        "dvar": 279.717529297,
        "dvar2": 663.232971191,
        "max": 729.969787598,
        "mean": 11.8780288696,
        "median": 6.01663684845,
        "min": -1.85282099247,
        "var": 599.050964355
    },
    "melbands_skewness": {
        "dmean": 0.713312387466,
        "dmean2": 1.08627665043,
        "dvar": 0.741673648357,
        "dvar2": 1.69506883621,
        "max": 22.5004367828,
        "mean": 2.3108561039,
        "median": 1.98966741562,
        "min": -0.796406388283,
        "var": 2.99091219902
    },
    "melbands_spread": {
        "dmean": 7.49199533463,
        "dmean2": 11.4963121414,
        "dvar": 108.89302063,
        "dvar2": 225.114486694,
        "max": 218.283843994,
        "mean": 24.6699714661,
        "median": 21.324760437,
        "min": 0.597392201424,
        "var": 323.65927124
    },
    "pitch_salience": {
        "dmean": 0.0765176415443,
        "dmean2": 0.121544696391,
        "dvar": 0.00552600529045,
        "dvar2": 0.0135519215837,
        "max": 0.891924977303,
        "mean": 0.541630029678,
        "median": 0.545459032059,
        "min": 0.0512977614999,
        "var": 0.0160127747804
    },
    "silence_rate_20dB": {
        "dmean": 0,
        "dmean2": 0,
        "dvar": 0,
        "dvar2": 0,
        "max": 1,
        "mean": 1,
        "median": 1,
        "min": 1,
        "var": 0
    },
    "silence_rate_30dB": {
        "dmean": 0.00258458638564,
        "dmean2": 0.00516978045925,
        "dvar": 0.00257790950127,
        "dvar2": 0.00655297283083,
        "max": 1,
        "mean": 0.995653688908,
        "median": 1,
        "min": 0,
        "var": 0.00432757567614
    },
    "silence_rate_60dB": {
        "dmean": 0.0116306394339,
        "dmean2": 0.0232640113682,
        "dvar": 0.011495532468,
        "dvar2": 0.026244726032,
        "max": 1,
        "mean": 0.0399389155209,
        "median": 0,
        "min": 0,
        "var": 0.0383450575173
    },
    "spectral_centroid": {
        "dmean": 286.894195557,
        "dmean2": 433.409332275,
        "dvar": 112544.78125,
        "dvar2": 223231.703125,
        "max": 11208.2636719,
        "mean": 1443.08666992,
        "median": 1366.60510254,
        "min": 241.581985474,
        "var": 446863.15625
    },
    "spectral_complexity": {
        "dmean": 4.51738739014,
        "dmean2": 7.04981803894,
        "dvar": 29.2637195587,
        "dvar2": 66.1261062622,
        "max": 60,
        "mean": 19.6695632935,
        "median": 19,
        "min": 0,
        "var": 99.720085144
    },
    "spectral_decrease": {
        "dmean": 2.27904362049e-09,
        "dmean2": 3.67317376515e-09,
        "dvar": 6.42444050246e-18,
        "dvar2": 1.66190263075e-17,
        "max": 9.68285353665e-29,
        "mean": -7.94485632838e-09,
        "median": -7.51706163982e-09,
        "min": -4.346890492e-08,
        "var": 2.55476237656e-17
    },
    "spectral_energy": {
        "dmean": 0.00920365005732,
        "dmean2": 0.0148471910506,
        "dvar": 0.000105937106127,
        "dvar2": 0.000275711790891,
        "max": 0.165259316564,
        "mean": 0.0324182137847,
        "median": 0.0306800473481,
        "min": 1.13259508175e-20,
        "var": 0.000413458619732
    },
    "spectral_energyband_high": {
        "dmean": 0.000772598432377,
        "dmean2": 0.00121233263053,
        "dvar": 2.2295960207e-06,
        "dvar2": 5.54525331609e-06,
        "max": 0.0210415516049,
        "mean": 0.00133699050639,
        "median": 0.00066679820884,
        "min": 8.38933685835e-21,
        "var": 3.73317107005e-06
    },
    "spectral_energyband_low": {
        "dmean": 0.00496741337702,
        "dmean2": 0.00782327447087,
        "dvar": 5.12364604219e-05,
        "dvar2": 0.000124601996504,
        "max": 0.159858256578,
        "mean": 0.0117871286348,
        "median": 0.0079369712621,
        "min": 1.02194121927e-22,
        "var": 0.000174445842276
    },
    "spectral_energyband_middle_high": {
        "dmean": 0.00300505501218,
        "dmean2": 0.00478257145733,
        "dvar": 1.97362696781e-05,
        "dvar2": 4.90882011945e-05,
        "max": 0.126226201653,
        "mean": 0.00759873911738,
        "median": 0.00448284065351,
        "min": 1.44422978356e-21,
        "var": 8.56484402902e-05
    },
    "spectral_energyband_middle_low": {
        "dmean": 0.00543881813064,
        "dmean2": 0.00882442481816,
        "dvar": 5.33214551979e-05,
        "dvar2": 0.000135759779369,
        "max": 0.097948372364,
        "mean": 0.012878075242,
        "median": 0.00985502265394,
        "min": 3.66943357985e-22,
        "var": 0.000118455805932
    },
    "spectral_entropy": {
        "dmean": 0.181225016713,
        "dmean2": 0.265561193228,
        "dvar": 0.0363308303058,
        "dvar2": 0.0742154493928,
        "max": 9.79671001434,
        "mean": 7.64848995209,
        "median": 7.68555402756,
        "min": 5.46128845215,
        "var": 0.221149727702
    },
    "spectral_flux": {
        "dmean": 0.0256588570774,
        "dmean2": 0.0397887304425,
        "dvar": 0.000705558923073,
        "dvar2": 0.00146948779002,
        "max": 0.300078988075,
        "mean": 0.0970917716622,
        "median": 0.0925216600299,
        "min": 1.06423453383e-10,
        "var": 0.00223151175305
    },
    "spectral_kurtosis": {
        "dmean": 1.49771273136,
        "dmean2": 2.48901844025,
        "dvar": 6.57219600677,
        "dvar2": 18.0181465149,
        "max": 80.9136047363,
        "mean": 3.88723301888,
        "median": 3.38041448593,
        "min": -1.19793629646,
        "var": 12.2099838257
    },
    "spectral_rms": {
        "dmean": 0.000782249204349,
        "dmean2": 0.00123589299619,
        "dvar": 6.38099152184e-07,
        "dvar2": 1.56135411089e-06,
        "max": 0.0126975821331,
        "mean": 0.00530153512955,
        "median": 0.00547099206597,
        "min": 3.32411008441e-12,
        "var": 3.52130587089e-06
    },
    "spectral_rolloff": {
        "dmean": 597.062194824,
        "dmean2": 993.066040039,
        "dvar": 1293303.875,
        "dvar2": 2797617.75,
        "max": 18432.421875,
        "mean": 1556.94018555,
        "median": 1033.59375,
        "min": 43.06640625,
        "var": 2518191.25
    },
    "spectral_skewness": {
        "dmean": 0.224162146449,
        "dmean2": 0.354144126177,
        "dvar": 0.0601594820619,
        "dvar2": 0.152564793825,
        "max": 7.03320837021,
        "mean": 1.47667229176,
        "median": 1.47456490993,
        "min": -0.107243262231,
        "var": 0.200026899576
    },
    "spectral_spread": {
        "dmean": 655518.9375,
        "dmean2": 902494.875,
        "dvar": 781888520192,
        "dvar2": 1.24658188288e+12,
        "max": 40045056,
        "mean": 4974330.5,
        "median": 4558800,
        "min": 679730.125,
        "var": 3.53896392294e+12
    },
    "spectral_strongpeak": {
        "dmean": 0.640889644623,
        "dmean2": 1.08909523487,
        "dvar": 1.2402381897,
        "dvar2": 2.93970489502,
        "max": 31.2627868652,
        "mean": 1.07961034775,
        "median": 0.404656201601,
        "min": 0,
        "var": 3.28046488762
    },
    "zerocrossingrate": {
        "dmean": 0.0124160647392,
        "dmean2": 0.0139226419851,
        "dvar": 0.000232059159316,
        "dvar2": 0.000249729695497,
        "max": 0.49560546875,
        "mean": 0.0655101016164,
        "median": 0.05712890625,
        "min": 0.00244140625,
        "var": 0.00145226635505
    },
    "barkbands": {
        "dmean": [0.000764948432334, 0.0041085369885, 0.0012612399878, 0.000795651169028, 0.00147369818296, 0.00194485357497, 0.00090186932357, 0.000759238086175, 0.00171186495572, 0.00164646457415, 0.000812316429801, 0.000595657038502, 0.000385845574783, 0.000465420889668, 0.000327972113155, 0.000295172416372, 0.000196232096641, 0.000235485262237, 0.000255927967373, 0.000220200847252, 0.000165855191881, 0.000132512970595, 0.000135165260872, 0.000117722520372, 0.000119834425277, 9.33398405323e-05, 6.50277479508e-06],
        "dmean2": [0.00116291770246, 0.00641691498458, 0.00216353242286, 0.00139782996848, 0.00243963347748, 0.00311070331372, 0.00151735404506, 0.00124274578411, 0.00285183032975, 0.00263548549265, 0.00128343643155, 0.00097677053418, 0.000626958440989, 0.000763022922911, 0.000541002373211, 0.000496434397064, 0.000329235743266, 0.00037147171679, 0.000414080743212, 0.000350092333974, 0.000270363438176, 0.000210450103623, 0.000215837731957, 0.000185776647413, 0.000188313773833, 0.000148917300976, 1.10260980364e-05],
        "dvar": [1.74483341198e-06, 4.05396312999e-05, 6.84756150804e-06, 2.77285153061e-06, 9.79183187155e-06, 1.44630848808e-05, 3.77234186999e-06, 2.69916108664e-06, 1.32230279632e-05, 9.69310076471e-06, 3.90273180528e-06, 1.69614486367e-06, 8.59603176195e-07, 1.06431593849e-06, 6.6444664526e-07, 5.05492721459e-07, 2.65994202664e-07, 7.87232011135e-07, 1.10248083729e-06, 1.62648220225e-07, 1.24724849115e-07, 1.04325025063e-07, 1.19304132795e-07, 7.50479145495e-08, 7.49359401198e-08, 7.06998761757e-08, 5.13814935044e-10],
        "dvar2": [3.69371127817e-06, 9.58305317909e-05, 1.90705577552e-05, 7.95140840637e-06, 2.43375379796e-05, 3.56142627425e-05, 1.01227515188e-05, 6.85235681885e-06, 3.57184471795e-05, 2.4358929295e-05, 8.47743467602e-06, 4.27000031777e-06, 2.09619611269e-06, 2.61303353e-06, 1.61300624768e-06, 1.33522519263e-06, 6.72243061217e-07, 1.39500389196e-06, 2.48792525781e-06, 3.90272731465e-07, 3.28142675698e-07, 2.41272942958e-07, 2.85022878188e-07, 1.74602305947e-07, 1.76007475261e-07, 1.76728306656e-07, 1.35319666583e-09],
        "max": [0.0529920198023, 0.117058508098, 0.0357564203441, 0.0206383578479, 0.0505295582116, 0.0563850328326, 0.0359102599323, 0.0415909774601, 0.0645949468017, 0.0544089153409, 0.0831904485822, 0.0437967255712, 0.0214428603649, 0.0252900868654, 0.0297423768789, 0.0148028377444, 0.013958318159, 0.047828219831, 0.0692043080926, 0.00704234465957, 0.00675650965422, 0.00809349305928, 0.00571460416541, 0.00486151641235, 0.00368759501725, 0.00517972419038, 0.000394106551539],
        "mean": [0.00135658273939, 0.00822994764894, 0.00173006090336, 0.0010142205283, 0.00222333939746, 0.00311242090538, 0.00126782071311, 0.00113245740067, 0.00276424107142, 0.00269750505686, 0.00135761860292, 0.000885619141627, 0.000523291877471, 0.000708347302862, 0.000454650900792, 0.00042139942525, 0.000278224208159, 0.000342981627909, 0.000439701630967, 0.000383559148759, 0.000261404988123, 0.000198905210709, 0.000194557360373, 0.000168039216078, 0.000165828241734, 9.98036630335e-05, 5.6801241044e-06],
        "median": [0.000442546326667, 0.00459342962131, 0.000756401568651, 0.000431541877333, 0.000901338818949, 0.00132374675013, 0.000553275225684, 0.000460349110654, 0.000869722454809, 0.000920852238778, 0.00035684890463, 0.000317868194543, 0.00017275060236, 0.000207288278034, 0.000178717251401, 0.000186645876965, 0.000120997756312, 0.000125210979604, 0.000151517873746, 0.000169989463757, 0.000115271737741, 6.66892665322e-05, 5.69880285184e-05, 4.83337607875e-05, 4.06757571909e-05, 1.09930842882e-05, 7.59719753773e-09],
        "min": [1.74059602828e-23, 4.00474326213e-23, 4.13164068952e-23, 1.04474592586e-23, 1.84695293765e-23, 5.49346073654e-23, 7.02140731712e-23, 1.26126110753e-22, 6.28114907891e-23, 8.77531142887e-23, 1.11429669954e-22, 6.08123279286e-23, 6.74897136361e-23, 1.0123696228e-22, 9.40810346152e-23, 1.67703422348e-22, 1.57888074178e-22, 1.83721918294e-22, 2.26375261407e-22, 3.42577173806e-22, 4.4956731129e-22, 4.89382597924e-22, 4.86876266922e-22, 7.86977332571e-22, 1.44185022566e-21, 2.32122369324e-21, 2.42821110442e-21],
        "var": [7.699474736e-06, 0.000112291578262, 7.83750147093e-06, 2.67685686595e-06, 1.62352025654e-05, 2.47180887527e-05, 4.63898777525e-06, 3.75074637304e-06, 2.73800287687e-05, 2.2461219487e-05, 1.24222324303e-05, 3.07591290039e-06, 1.31487468025e-06, 2.0534714622e-06, 1.0756998563e-06, 7.00164378031e-07, 3.62473912219e-07, 1.79457742888e-06, 4.99343877891e-06, 3.13176570899e-07, 1.81311975211e-07, 2.27777732675e-07, 2.16798483166e-07, 1.3375074559e-07, 1.06779253883e-07, 7.30039388941e-08, 4.56731985565e-10]
    },
    "erbbands": {
        "dmean": [0.187196180224, 0.773583054543, 1.35540890694, 2.18940782547, 2.74842262268, 5.71178722382, 12.6158027649, 15.6611213684, 15.4766893387, 10.9314537048, 19.9581031799, 38.1916847229, 57.2204742432, 32.7600860596, 25.8370857239, 22.8368453979, 17.0221157074, 21.9104480743, 17.447183609, 16.6248035431, 14.195098877, 10.5521965027, 11.7523164749, 15.8465623856, 8.24374008179, 10.2279815674, 8.77894496918, 5.17136192322, 4.48163127899, 4.84482002258, 3.82190275192, 2.73011636734, 1.88740110397, 1.40302956104, 0.911097943783, 0.457387208939, 0.146402731538, 0.0295286830515, 0.00083174178144, 3.40279802913e-05],
        "dmean2": [0.281358897686, 1.23444283009, 2.29282665253, 3.8468079567, 4.72094202042, 9.38028430939, 20.3480873108, 25.1947746277, 25.6493263245, 18.3603801727, 32.5448188782, 63.0745811462, 91.4624786377, 51.9628753662, 41.3417015076, 37.1565055847, 27.6038703918, 35.4859542847, 28.7333068848, 27.2254505157, 23.6082935333, 17.4743175507, 18.9304103851, 25.0942440033, 13.3987321854, 16.2816200256, 13.9593353271, 8.43554496765, 7.12503004074, 7.71574354172, 6.15131425858, 4.43286514282, 2.95431447029, 2.2405025959, 1.41891133785, 0.726641654968, 0.234820976853, 0.0484994612634, 0.0013310702052, 5.3610845498e-05],
        "dvar": [0.0833835676312, 1.77281332016, 7.78502941132, 20.0486545563, 32.7376098633, 177.022857666, 824.523742676, 1038.37609863, 1050.24975586, 612.365356445, 1774.38806152, 7486.95996094, 12686.8925781, 7422.1640625, 3231.0090332, 2414.27539062, 1399.58666992, 2559.55639648, 1317.58300781, 1658.51635742, 1083.61108398, 751.441772461, 2034.25634766, 5223.84228516, 313.573577881, 361.561767578, 298.955780029, 153.35798645, 132.996078491, 158.053085327, 99.1895446777, 46.5327224731, 19.1266918182, 10.6345863342, 4.7283706665, 1.6204739809, 0.160661891103, 0.00976975541562, 6.84529868522e-06, 6.15295503437e-09],
        "dvar2": [0.181759133935, 4.46072387695, 21.4082946777, 57.0076255798, 91.3040390015, 429.440826416, 1981.44946289, 2567.68310547, 2765.9519043, 1626.16711426, 4579.11474609, 19799.5625, 33166.046875, 16906.5664062, 7774.38720703, 6090.97998047, 3385.16308594, 6186.13378906, 3267.95922852, 4090.9909668, 2815.7956543, 1830.04431152, 4502.41894531, 10878.3095703, 821.766052246, 867.523742676, 763.318969727, 397.048736572, 304.856445312, 370.757232666, 244.652236938, 114.751350403, 43.4358024597, 25.2634410858, 11.099360466, 4.05975914001, 0.39656496048, 0.0252257734537, 1.64535958902e-05, 1.45772078852e-08],
        "max": [7.92983627319, 22.0542373657, 42.2312583923, 59.6110687256, 90.0791473389, 247.102111816, 513.398742676, 544.330322266, 570.853881836, 387.683807373, 769.633300781, 1711.58337402, 2618.8684082, 4405.69580078, 1466.87060547, 1606.54589844, 900.329589844, 1514.26318359, 765.692504883, 1381.44555664, 732.864379883, 811.350524902, 2886.54516602, 4959.33886719, 381.742340088, 337.691009521, 355.622894287, 232.15536499, 308.542755127, 272.224121094, 164.960021973, 129.413299561, 77.0199584961, 53.0648498535, 34.6445922852, 26.3038883209, 4.64725446701, 2.0569999218, 0.0455148778856, 0.00106215185951],
        "mean": [0.364475011826, 1.33473312855, 2.0491964817, 3.03561091423, 3.71206188202, 8.41682529449, 18.9252567291, 24.4604892731, 23.1664772034, 16.4974498749, 32.6582107544, 62.6908111572, 97.2254180908, 61.1074562073, 44.7230987549, 36.1688117981, 25.9842071533, 34.7419700623, 27.0250778198, 24.9001960754, 21.5644683838, 15.9535913467, 17.623342514, 29.2649021149, 14.0592164993, 17.9456787109, 15.3359956741, 7.75148868561, 6.66560649872, 7.2997136116, 5.32292938232, 3.78218412399, 2.66502952576, 1.84642493725, 1.22284007072, 0.511258482933, 0.156614407897, 0.0282846316695, 0.000860152416863, 6.6830914875e-05],
        "median": [0.192324176431, 0.664285838604, 0.986085176468, 1.62649261951, 1.94292855263, 2.87958693504, 6.6925444603, 10.2185974121, 10.5801448822, 7.68374538422, 13.0669460297, 20.8497276306, 34.8179206848, 20.9923191071, 14.2846689224, 14.0085687637, 10.1615419388, 11.3878936768, 10.9769792557, 11.2610969543, 10.539853096, 7.1611866951, 7.24335765839, 8.52553462982, 7.05874061584, 8.14218616486, 6.50944709778, 3.42387771606, 2.33293390274, 2.13065576553, 1.58182454109, 1.10688924789, 0.743636012077, 0.493890464306, 0.253532767296, 0.0721771195531, 0.016792666167, 0.000976986833848, 4.86550889036e-05, 4.47206075478e-05],
        "min": [1.83222363606e-21, 7.07255175707e-21, 4.40404722926e-20, 4.13495180506e-20, 2.50570504351e-20, 8.73944234508e-20, 7.84222796898e-20, 5.74722091072e-19, 7.5194047083e-19, 2.0514860877e-18, 2.62209326542e-18, 1.30133532552e-18, 2.900266454e-18, 2.70322872337e-18, 4.14666344176e-18, 2.8251702417e-18, 2.9203704584e-18, 5.86766026907e-18, 5.01205111322e-18, 5.64098796581e-18, 8.96830460901e-18, 9.05460849822e-18, 1.02462879021e-17, 1.13909925461e-17, 1.16897834182e-17, 1.65086026588e-17, 1.83974398091e-17, 1.64051753037e-17, 1.58500940993e-17, 1.53126516943e-17, 1.46973649762e-17, 1.08322088812e-17, 1.61920422928e-17, 1.26676862646e-17, 1.38505768744e-17, 8.35737051527e-18, 4.05673071121e-18, 1.59347401118e-18, 3.67054210689e-19, 3.3413198287e-20],
        "var": [0.277184605598, 3.38943243027, 10.049079895, 19.3643741608, 32.0513305664, 303.581787109, 1342.30114746, 1788.81481934, 1499.37304688, 739.09765625, 3014.65893555, 15177.3496094, 27457.7109375, 24733.7753906, 9232.20605469, 4461, 2470.6628418, 4894.47607422, 2169.06958008, 2547.14526367, 1586.08874512, 1119.98571777, 3248.03076172, 28809.9277344, 514.76739502, 684.903442383, 522.008239746, 216.977584839, 259.749816895, 365.68737793, 153.63269043, 74.6074447632, 33.2873840332, 14.3374385834, 6.6295800209, 1.71553504467, 0.17342941463, 0.00906251277775, 7.61704905017e-06, 7.95446020163e-09]
    },
    "gfcc": {
        "mean": [10.3396396637, 88.4629669189, -125.550346375, 28.1436405182, -67.2944641113, 17.796333313, -30.4137401581, 15.4599275589, -22.1162834167, 4.88956451416, -11.4647064209, -0.0350159369409, -0.302975267172],
        "cov": [[4983.56152344, -1431.2746582, 1259.88806152, 64.4081039429, 215.489883423, 633.065368652, -116.680831909, 598.692077637, -223.612411499, 576.701416016, -249.392684937, 296.658691406, -304.475250244], [-1431.2746582, 2222.05224609, -318.155548096, 336.551940918, 282.180480957, -348.37789917, 312.817962646, -308.916534424, 210.75302124, -279.942657471, 324.389190674, -298.435852051, 274.610656738], [1259.88806152, -318.155548096, 1610.93859863, 347.395965576, 205.861831665, 302.241424561, -124.685295105, 153.094589233, -24.0878391266, 249.412216187, -104.549636841, 281.370819092, -174.934204102], [64.4081039429, 336.551940918, 347.395965576, 550.035461426, 130.207885742, 51.0701026917, 29.3173484802, -2.53599643707, 76.5211029053, -6.40474367142, 72.557220459, -11.44780159, 80.0968475342], [215.489883423, 282.180480957, 205.861831665, 130.207885742, 392.004394531, 34.3216362, 124.30997467, 63.4414787292, 7.32118415833, 63.890586853, 14.86054039, 22.6386871338, -5.8237285614], [633.065368652, -348.37789917, 302.241424561, 51.0701026917, 34.3216362, 428.223052979, 65.2951202393, 162.13130188, -5.44424772263, 113.301994324, -24.506319046, 54.9022216797, -52.623260498], [-116.680831909, 312.817962646, -124.685295105, 29.3173484802, 124.30997467, 65.2951202393, 292.200012207, 26.9367904663, 49.4317436218, -8.10470199585, 75.6404418945, -56.8538169861, 30.8073711395], [598.692077637, -308.916534424, 153.094589233, -2.53599643707, 63.4414787292, 162.13130188, 26.9367904663, 252.385696411, 10.8093214035, 130.58265686, -35.8520545959, 58.3125686646, -24.9388580322], [-223.612411499, 210.75302124, -24.0878391266, 76.5211029053, 7.32118415833, -5.44424772263, 49.4317436218, 10.8093214035, 210.037185669, -28.5363903046, 35.1904144287, 7.37269067764, 22.0313243866], [576.701416016, -279.942657471, 249.412216187, -6.40474367142, 63.890586853, 113.301994324, -8.10470199585, 130.58265686, -28.5363903046, 217.653259277, -10.6495599747, 82.4221420288, -29.9010467529], [-249.392684937, 324.389190674, -104.549636841, 72.557220459, 14.86054039, -24.506319046, 75.6404418945, -35.8520545959, 35.1904144287, -10.6495599747, 190.912811279, -37.0509109497, 101.028175354], [296.658691406, -298.435852051, 281.370819092, -11.44780159, 22.6386871338, 54.9022216797, -56.8538169861, 58.3125686646, 7.37269067764, 82.4221420288, -37.0509109497, 191.072235107, -53.0877075195], [-304.475250244, 274.610656738, -174.934204102, 80.0968475342, -5.8237285614, -52.623260498, 30.8073711395, -24.9388580322, 22.0313243866, -29.9010467529, 101.028175354, -53.0877075195, 178.672149658]],
        "icov": [[0.0004084208922, 2.50054508797e-05, -0.000103263620986, -9.37999720918e-05, -1.68491915247e-05, -0.000146063568536, 8.44439782668e-05, -0.000533978629392, 0.000323027925333, -0.000468670536065, 7.4567637057e-05, 7.89832047303e-05, 0.000328883877955], [2.50054508797e-05, 0.00176021095831, -0.000596433354076, 0.000115058232041, -0.00120629894082, 0.000876826175954, -0.000843932037242, 0.00108413444832, -0.00123828859068, 0.00097488053143, -0.00131849746685, 0.0019598104991, -0.00113884860184], [-0.000103263620986, -0.000596433354076, 0.00174837664235, -0.00110355613288, 1.0622512491e-05, -0.00084948138101, 0.000824691785965, 0.000108621847176, 0.000556839164346, -0.00106528610922, 0.000532519305125, -0.00202055345289, 0.00142194866203], [-9.37999720918e-05, 0.000115058232041, -0.00110355613288, 0.0032225002069, -0.000854627927765, -0.000176838395419, 0.000241166228079, 0.00034690159373, -0.00117120402865, 0.000987345469184, -0.000610985851381, 0.00123043742497, -0.00191415043082], [-1.68491915247e-05, -0.00120629894082, 1.0622512491e-05, -0.000854627927765, 0.00463550258428, 0.000275114638498, -0.00152313278522, -0.00137314840686, 0.00134550698567, -0.00132003007457, 0.00124065484852, -0.00155959231779, 0.000970190856606], [-0.000146063568536, 0.000876826175954, -0.00084948138101, -0.000176838395419, 0.000275114638498, 0.00432962877676, -0.00184097699821, -0.00122922449373, -0.000338610494509, 0.000306434172671, -0.000697046227288, 0.00110423041042, -0.000103715217847], [8.44439782668e-05, -0.000843932037242, 0.000824691785965, 0.000241166228079, -0.00152313278522, -0.00184097699821, 0.00617302954197, -0.000868835079018, -0.000397139549023, -0.000163092132425, -0.0013550161384, 0.000332218100084, 0.00124936806969], [-0.000533978629392, 0.00108413444832, 0.000108621847176, 0.00034690159373, -0.00137314840686, -0.00122922449373, -0.000868835079018, 0.00880586821586, -0.00227162800729, -0.00236290437169, 0.000830345146824, 0.000653170049191, -0.00204401905648], [0.000323027925333, -0.00123828859068, 0.000556839164346, -0.00117120402865, 0.00134550698567, -0.000338610494509, -0.000397139549023, -0.00227162800729, 0.00690326606855, 0.000139457071782, 0.000327474495862, -0.00268441485241, 0.0014087788295], [-0.000468670536065, 0.00097488053143, -0.00106528610922, 0.000987345469184, -0.00132003007457, 0.000306434172671, -0.000163092132425, -0.00236290437169, 0.000139457071782, 0.00988684315234, -0.00240444391966, -0.000442878983449, -0.00117172906175], [7.4567637057e-05, -0.00131849746685, 0.000532519305125, -0.000610985851381, 0.00124065484852, -0.000697046227288, -0.0013550161384, 0.000830345146824, 0.000327474495862, -0.00240444391966, 0.00988782756031, -0.0015947726788, -0.00337407924235], [7.89832047303e-05, 0.0019598104991, -0.00202055345289, 0.00123043742497, -0.00155959231779, 0.00110423041042, 0.000332218100084, 0.000653170049191, -0.00268441485241, -0.000442878983449, -0.0015947726788, 0.0107676470652, -0.000741184630897], [0.000328883877955, -0.00113884860184, 0.00142194866203, -0.00191415043082, 0.000970190856606, -0.000103715217847, 0.00124936806969, -0.00204401905648, 0.0014087788295, -0.00117172906175, -0.00337407924235, -0.000741184630897, 0.0109761087224]]
    },
    "melbands": {
        "dmean": [0.00134410511237, 0.000738943752367, 0.000375266128685, 0.000274488178547, 0.000397694238927, 0.000360423524398, 0.00021707189444, 0.000124556740047, 0.000189358193893, 0.000251484510954, 0.000289851799607, 0.000139520518132, 9.43589693634e-05, 6.50628935546e-05, 5.79383304284e-05, 3.45484368154e-05, 4.61540657852e-05, 3.11684671033e-05, 2.56545972661e-05, 2.25787953241e-05, 1.6478858015e-05, 1.21436869449e-05, 1.02070753201e-05, 1.22584824567e-05, 1.4375678802e-05, 7.08082507117e-06, 5.84487179367e-06, 7.71292525314e-06, 6.61502826915e-06, 4.11112205256e-06, 2.8654246762e-06, 2.61982427219e-06, 2.73430168818e-06, 2.72990587291e-06, 2.34259778154e-06, 1.95994243768e-06, 1.62335868481e-06, 1.37053973503e-06, 1.29553075112e-06, 1.17185118143e-06],
        "dmean2": [0.00206561293453, 0.00121037568897, 0.000655920011923, 0.000454248860478, 0.00064123456832, 0.00057715352159, 0.000358858465916, 0.000207407792914, 0.000308928720187, 0.000416043680161, 0.000463152362499, 0.000222053407924, 0.000149685758515, 0.000105200299004, 9.47479493334e-05, 5.58871397516e-05, 7.4857241998e-05, 5.17159933224e-05, 4.2198371375e-05, 3.75027411792e-05, 2.74083195109e-05, 2.01589464268e-05, 1.70914099726e-05, 1.9433133275e-05, 2.28476928896e-05, 1.1749456462e-05, 9.49985223997e-06, 1.22847968669e-05, 1.05128392534e-05, 6.80604807712e-06, 4.69841097583e-06, 4.2081032916e-06, 4.35923448094e-06, 4.38058077634e-06, 3.78970571546e-06, 3.22482742376e-06, 2.64034633801e-06, 2.15533304981e-06, 2.08777669286e-06, 1.87230705251e-06],
        "dvar": [4.14144278693e-06, 1.86689214843e-06, 5.81485949169e-07, 3.50425722218e-07, 7.41431392726e-07, 4.87380987124e-07, 2.039218856e-07, 8.1173212152e-08, 1.65333830182e-07, 3.29818078626e-07, 3.19236022506e-07, 1.24709586657e-07, 4.31116369271e-08, 2.08694732606e-08, 2.21543814405e-08, 6.89812162946e-09, 1.18325775844e-08, 4.51632820031e-09, 5.37442490511e-09, 3.15104742299e-09, 1.56059287715e-09, 1.1908893871e-09, 1.47437673181e-09, 3.52390649994e-09, 4.97945107369e-09, 2.93142426999e-10, 1.29395577586e-10, 2.1805172945e-10, 1.67534305873e-10, 8.56822598982e-11, 5.04509801991e-11, 4.80095754818e-11, 4.69028461902e-11, 5.49769570146e-11, 4.20742121698e-11, 2.48247585682e-11, 1.66247744737e-11, 1.03700173448e-11, 9.58671076551e-12, 7.5110846362e-12],
        "dvar2": [9.42403403315e-06, 4.96654956805e-06, 1.65445362654e-06, 8.77364300322e-07, 1.79278197265e-06, 1.20454149055e-06, 5.36581580945e-07, 2.14030308143e-07, 4.34885265577e-07, 8.77674096955e-07, 8.30820169995e-07, 2.90407257353e-07, 9.65786597362e-08, 5.21280298926e-08, 5.65664102226e-08, 1.58848543208e-08, 2.87027503987e-08, 1.1224046581e-08, 1.29796218218e-08, 7.94663179704e-09, 3.91486398854e-09, 3.05323166749e-09, 3.66395802587e-09, 7.50808482053e-09, 1.03053796607e-08, 7.92613807921e-10, 3.17892601132e-10, 5.247768331e-10, 4.18114959322e-10, 2.27046034751e-10, 1.28868041238e-10, 1.13139296543e-10, 1.08502241913e-10, 1.29053337461e-10, 1.04386124744e-10, 6.30156482551e-11, 4.07863465224e-11, 2.34480421191e-11, 2.3380027081e-11, 1.7710903924e-11],
        "max": [0.0496894568205, 0.0212538857013, 0.00957505777478, 0.0122446222231, 0.0139294508845, 0.0106988539919, 0.00830579549074, 0.00568090751767, 0.00730007234961, 0.0120368665084, 0.0128421084955, 0.0167118050158, 0.00530106667429, 0.00324825756252, 0.00483838701621, 0.00234427140094, 0.00319840968587, 0.00123864144552, 0.00308677670546, 0.00158226653002, 0.000935556250624, 0.00106084684376, 0.00242445152253, 0.00327993254177, 0.0050404695794, 0.000533907732461, 0.000236974403379, 0.000251062592724, 0.000262023066171, 0.000191309052752, 0.000161770250998, 0.000191887709661, 0.000172626954736, 0.000201633883989, 0.0001234793599, 7.93413782958e-05, 8.68457573233e-05, 5.77989412704e-05, 5.19580826221e-05, 4.11125402024e-05],
        "mean": [0.00274101598188, 0.00130772544071, 0.000537997402716, 0.000399903219659, 0.000620867474936, 0.000578954233788, 0.000326262234012, 0.000180750867003, 0.000298570870655, 0.000407903426094, 0.000482012226712, 0.000244477705564, 0.000160994561156, 9.98319301289e-05, 8.24841845315e-05, 4.91315367981e-05, 6.92558096489e-05, 4.53654574812e-05, 3.54936200893e-05, 3.15904726449e-05, 2.33905320783e-05, 1.69308186742e-05, 1.3940610188e-05, 1.72321451828e-05, 2.59605003521e-05, 1.04201990325e-05, 9.46321779338e-06, 1.27153261928e-05, 1.10337377919e-05, 6.14439341007e-06, 3.87540376323e-06, 3.65583878192e-06, 3.97967414756e-06, 3.98568772653e-06, 3.14477620122e-06, 2.57005467574e-06, 2.19436014959e-06, 1.90894434127e-06, 1.65630365245e-06, 1.50240396124e-06],
        "median": [0.00153828167822, 0.000723837700207, 0.000317068770528, 0.00017128114996, 0.000233578466577, 0.000256862491369, 0.000149562125443, 7.7599157521e-05, 0.000109324930236, 0.000126047671074, 0.000167442689417, 7.60844122851e-05, 4.55609224446e-05, 3.5437351471e-05, 2.68414387392e-05, 1.58303046192e-05, 1.98895068024e-05, 1.57098675118e-05, 1.38459854497e-05, 1.40932079375e-05, 1.03634438346e-05, 7.15189207767e-06, 5.88491957387e-06, 5.82676557315e-06, 6.70410508974e-06, 4.69078440801e-06, 4.62745492769e-06, 5.17690295965e-06, 4.20773085352e-06, 2.53593475463e-06, 1.47559171637e-06, 1.23341635572e-06, 1.24517032418e-06, 1.0970936728e-06, 9.17215515983e-07, 7.51882680561e-07, 6.26230132639e-07, 5.19174989222e-07, 4.52751265811e-07, 3.84893979799e-07],
        "min": [1.40216570692e-23, 1.7920155598e-23, 6.70192953679e-24, 3.88391525166e-24, 3.16905423251e-24, 1.29258969286e-23, 1.23151229504e-23, 2.46177361446e-23, 1.8814613424e-23, 7.96213483288e-24, 1.49400820672e-23, 1.10104645535e-23, 1.36804005748e-23, 8.52206357024e-24, 5.52766116999e-24, 7.9339354221e-24, 1.1498161242e-23, 8.15759563253e-24, 5.89948996881e-24, 1.11592374093e-23, 1.04199027694e-23, 9.87529213314e-24, 9.29952070222e-24, 8.35142506783e-24, 9.29668632498e-24, 8.87438226115e-24, 1.09010826781e-23, 1.00448838171e-23, 1.19369311996e-23, 9.40411892508e-24, 9.24969151428e-24, 8.1407960507e-24, 1.09956615786e-23, 7.40069069372e-24, 7.5827889785e-24, 8.9349218136e-24, 5.89116196423e-24, 1.06632071941e-23, 1.2285894865e-23, 9.72461733366e-24],
        "var": [1.34076326503e-05, 3.07637355945e-06, 5.54922223728e-07, 5.12254814566e-07, 1.28791577936e-06, 8.64144851676e-07, 2.88784576696e-07, 9.89600792423e-08, 2.80961273802e-07, 6.65672530431e-07, 6.91896048011e-07, 3.9146576114e-07, 1.34528647777e-07, 3.82725211523e-08, 3.26600577694e-08, 1.35876074836e-08, 2.24821494754e-08, 7.34646077305e-09, 9.0340277481e-09, 4.4661869758e-09, 2.41398523393e-09, 1.57627111363e-09, 1.45412182295e-09, 6.10639183662e-09, 2.8059650603e-08, 3.48356760105e-10, 2.1234100589e-10, 4.04335703807e-10, 3.00703684175e-10, 1.18786605552e-10, 7.1154734882e-11, 8.46350836636e-11, 1.00145620963e-10, 1.21710516665e-10, 6.0858762474e-11, 3.51181028702e-11, 2.62928446376e-11, 1.84101831002e-11, 1.25599860373e-11, 1.00276583911e-11]
    },
    "mfcc": {
        "mean": [-628.2109375, 115.612213135, -1.5197905302, 13.5582494736, -6.5429224968, 0.455517172813, 4.37715911865, 3.37162613869, 4.02365541458, 5.32862377167, -2.78854298592, -1.68726587296, 0.294174015522],
        "cov": [[3855.32714844, -760.330383301, 416.972869873, -87.0428695679, 197.83430481, 157.020690918, 213.33203125, 122.480987549, 144.420181274, 269.720489502, 116.900375366, 117.520957947, 96.9006958008], [-760.330383301, 1380.21179199, -140.054122925, 331.606170654, 66.962890625, -1.72778975964, 130.184051514, -60.6086196899, -13.9203777313, 15.8353681564, -23.8580093384, -10.591340065, 30.4799079895], [416.972869873, -140.054122925, 1110.3034668, 225.685745239, 276.880737305, 245.700164795, -44.8490600586, 105.05381012, -17.6019821167, 23.0816421509, 48.9146232605, 60.6333351135, 95.7076950073], [-87.0428695679, 331.606170654, 225.685745239, 534.364501953, 199.737716675, 52.5480194092, 59.0069465637, -21.5784435272, 32.4362564087, -21.6804237366, -26.5656375885, 44.2305870056, 58.7127685547], [197.83430481, 66.962890625, 276.880737305, 199.737716675, 308.259399414, 84.3001480103, 35.4048538208, 37.0765533447, 41.3698883057, 14.7660064697, 13.3320913315, 37.924785614, 56.4133796692], [157.020690918, -1.72778975964, 245.700164795, 52.5480194092, 84.3001480103, 248.353240967, 76.3896484375, 98.185874939, 22.003610611, 53.1948547363, 54.2846679688, 5.2981300354, 33.2966804504], [213.33203125, 130.184051514, -44.8490600586, 59.0069465637, 35.4048538208, 76.3896484375, 329.975402832, -2.48335504532, 42.9218101501, 69.5417938232, 25.1951408386, 20.2398719788, 20.7753067017], [122.480987549, -60.6086196899, 105.05381012, -21.5784435272, 37.0765533447, 98.185874939, -2.48335504532, 208.292297363, 43.306427002, 52.4988059998, 64.1545257568, 2.78335857391, 21.7029762268], [144.420181274, -13.9203777313, -17.6019821167, 32.4362564087, 41.3698883057, 22.003610611, 42.9218101501, 43.306427002, 151.710723877, 50.5261154175, 28.9485912323, 34.9763374329, 12.117269516], [269.720489502, 15.8353681564, 23.0816421509, -21.6804237366, 14.7660064697, 53.1948547363, 69.5417938232, 52.4988059998, 50.5261154175, 161.714767456, 48.182472229, 27.2599239349, 14.0155353546], [116.900375366, -23.8580093384, 48.9146232605, -26.5656375885, 13.3320913315, 54.2846679688, 25.1951408386, 64.1545257568, 28.9485912323, 48.182472229, 117.849769592, 13.1286363602, 20.5342388153], [117.520957947, -10.591340065, 60.6333351135, 44.2305870056, 37.924785614, 5.2981300354, 20.2398719788, 2.78335857391, 34.9763374329, 27.2599239349, 13.1286363602, 115.106109619, 39.0433197021], [96.9006958008, 30.4799079895, 95.7076950073, 58.7127685547, 56.4133796692, 33.2966804504, 20.7753067017, 21.7029762268, 12.117269516, 14.0155353546, 20.5342388153, 39.0433197021, 113.202476501]],
