{
"lowlevel": {
    "average_loudness": 0.86023747921,
    "barkbands_crest": {
        "dmean": 3.26230406761,
        "dmean2": 5.1517291069,
        "dvar": 8.80799007416,
        "dvar2": 19.7681941986,
        "max": 25.8573722839,
        "mean": 11.3752889633,
        "median": 10.5961208344,
        "min": 2.21074676514,
        "var": 28.0872573853
    },
    "barkbands_flatness_db": {
        "dmean": 0.028178371489,
        "dmean2": 0.0401515625417,
        "dvar": 0.000706482795067,
        "dvar2": 0.00135219318327,
        "max": 0.413904875517,
        "mean": 0.136736795306,
        "median": 0.129060432315,
        "min": 0.0188413690776,
        "var": 0.00410495139658
    },
    "barkbands_kurtosis": {
        "dmean": 3.08723330498,
        "dmean2": 4.7468791008,
        "dvar": 33.0417785645,
        "dvar2": 76.089630127,
        "max": 110.007217407,
        "mean": 3.55768108368,
        "median": 0.84373652935,
        "min": -1.95067131519,
        "var": 79.6998596191
    },
    "barkbands_skewness": {
        "dmean": 0.681354224682,
        "dmean2": 1.00290262699,
        "dvar": 0.511970996857,
        "dvar2": 1.0529987812,
        "max": 9.58033466339,
        "mean": 1.24978005886,
        "median": 1.11069703102,
        "min": -5.26104450226,
        "var": 2.08791065216
    },
    "barkbands_spread": {
        "dmean": 8.27969646454,
        "dmean2": 12.8265686035,
        "dvar": 101.350822449,
        "dvar2": 223.16506958,
        "max": 118.848121643,
        "mean": 27.3512306213,
        "median": 23.4515380859,
        "min": 0.780365109444,
        "var": 328.6378479
    },
    "dissonance": {
        "dmean": 0.0183446165174,
        "dmean2": 0.0308433361351,
        "dvar": 0.000443305296358,
        "dvar2": 0.00118544255383,
        "max": 0.5,
        "mean": 0.468142569065,
        "median": 0.479958415031,
        "min": 0.223719492555,
        "var": 0.00113127485383
    },
    "dynamic_complexity": 2.80926847458,
    "erbbands_crest": {
        "dmean": 2.92610692978,
        "dmean2": 4.71798467636,
        "dvar": 8.17581939697,
        "dvar2": 20.0032520294,
        "max": 33.4548912048,
        "mean": 9.3561706543,
        "median": 8.02852725983,
        "min": 2.26002788544,
        "var": 25.4956607819
    },
    "erbbands_flatness_db": {
        "dmean": 0.0230515561998,
        "dmean2": 0.0317073427141,
        "dvar": 0.000522481510416,
        "dvar2": 0.000921824539546,
        "max": 0.491655647755,
        "mean": 0.16786237061,
        "median": 0.153779149055,
        "min": 0.0437425114214,
        "var": 0.0043474859558
    },
    "erbbands_kurtosis": {
        "dmean": 1.29230892658,
        "dmean2": 2.04465842247,
        "dvar": 5.04762029648,
        "dvar2": 11.2984275818,
        "max": 81.8804550171,
        "mean": 1.04470992088,
        "median": 0.0869040489197,
        "min": -1.7720733881,
        "var": 12.5306348801
    },
    "erbbands_skewness": {
        "dmean": 0.45316824317,
        "dmean2": 0.684495389462,
        "dvar": 0.20914170146,
        "dvar2": 0.436585187912,
        "max": 6.17391777039,
        "mean": 0.200293943286,
        "median": 0.100407078862,
        "min": -4.53561210632,
        "var": 1.08909058571
    },
    "erbbands_spread": {
        "dmean": 8.98277282715,
        "dmean2": 13.8244142532,
        "dvar": 104.341163635,
        "dvar2": 238.565185547,
        "max": 170.787948608,
        "mean": 36.8048934937,
        "median": 34.8109893799,
        "min": 1.08328902721,
        "var": 363.913604736
    },
    "hfc": {
        "dmean": 12.9319629669,
        "dmean2": 20.6883525848,
        "dvar": 598.359619141,
        "dvar2": 1597.91369629,
        "max": 277.878997803,
        "mean": 27.9818115234,
        "median": 21.0235176086,
        "min": 1.18480930489e-16,
        "var": 752.370727539
    },
    "melbands_crest": {
        "dmean": 4.07984209061,
        "dmean2": 6.38017702103,
        "dvar": 13.4730234146,
        "dvar2": 30.7328548431,
        "max": 38.5924301147,
        "mean": 15.9335861206,
        "median": 15.5526609421,
        "min": 2.03150010109,
        "var": 48.119178772
    },
    "melbands_flatness_db": {
        "dmean": 0.0341287069023,
        "dmean2": 0.0483061745763,
        "dvar": 0.001128945034,
        "dvar2": 0.00223201443441,
        "max": 0.471808880568,
        "mean": 0.174780756235,
        "median": 0.169596090913,
        "min": 0.00239569391124,
        "var": 0.00596817350015
    },
    "melbands_kurtosis": {
        "dmean": 8.30020999908,
        "dmean2": 12.551733017,
        "dvar": 249.858078003,
        "dvar2": 547.914978027,
        "max": 404.237487793,
        "mean": 13.1490859985,
        "median": 5.61242437363,
        "min": -1.9089499712,
        "var": 613.686706543
    },
    "melbands_skewness": {
        "dmean": 0.904127240181,
        "dmean2": 1.33827352524,
        "dvar": 0.986697554588,
        "dvar2": 2.04640674591,
        "max": 18.3127174377,
        "mean": 2.50654602051,
        "median": 2.04256868362,
        "min": -2.3133430481,
        "var": 4.1258058548
    },
    "melbands_spread": {
        "dmean": 13.1834201813,
        "dmean2": 20.2625522614,
        "dvar": 397.105804443,
        "dvar2": 829.86706543,
        "max": 264.596160889,
        "mean": 33.7119979858,
        "median": 23.8923473358,
        "min": 0.966758608818,
        "var": 1083.59033203
    },
    "pitch_salience": {
        "dmean": 0.0880219563842,
        "dmean2": 0.133883148432,
        "dvar": 0.00650536315516,
        "dvar2": 0.0145149519667,
        "max": 0.978407144547,
        "mean": 0.533819019794,
        "median": 0.531933605671,
        "min": 0.0466730967164,
        "var": 0.0264322925359
    },
    "silence_rate_20dB": {
        "dmean": 0,
        "dmean2": 0,
        "dvar": 0,
        "dvar2": 0,
        "max": 1,
        "mean": 1,
        "median": 1,
        "min": 1,
        "var": 0
    },
    "silence_rate_30dB": {
        "dmean": 0.000477156136185,
        "dmean2": 0.000954426126555,
        "dvar": 0.000476938701468,
        "dvar2": 0.00119216239545,
        "max": 1,
        "mean": 0.999165058136,
        "median": 1,
        "min": 0,
        "var": 0.000834016886074
    },
    "silence_rate_60dB": {
        "dmean": 0.0372181795537,
        "dmean2": 0.0744452401996,
        "dvar": 0.0358322262764,
        "dvar2": 0.0770233049989,
        "max": 1,
        "mean": 0.0863549634814,
        "median": 0,
        "min": 0,
        "var": 0.0788884460926
    },
    "spectral_centroid": {
        "dmean": 357.881561279,
        "dmean2": 540.652099609,
        "dvar": 188678.8125,
        "dvar2": 368557.34375,
        "max": 11144.1748047,
        "mean": 1882.72070312,
        "median": 1758.03515625,
        "min": 330.812133789,
        "var": 752707
    },
    "spectral_complexity": {
        "dmean": 5.41047334671,
        "dmean2": 8.12598419189,
        "dvar": 42.7351226807,
        "dvar2": 79.8446807861,
        "max": 66,
        "mean": 19.3775043488,
        "median": 17,
        "min": 0,
        "var": 146.471679688
    },
    "spectral_decrease": {
        "dmean": 2.20411400242e-09,
        "dmean2": 3.46584827504e-09,
        "dvar": 6.51758931124e-18,
        "dvar2": 1.67813224524e-17,
        "max": -1.05547069761e-29,
        "mean": -6.23834273128e-09,
        "median": -5.55511903144e-09,
        "min": -3.25529079248e-08,
        "var": 2.20498806192e-17
    },
    "spectral_energy": {
        "dmean": 0.00909217447042,
        "dmean2": 0.0144366491586,
        "dvar": 0.000111518958875,
        "dvar2": 0.000292455137242,
        "max": 0.12344814837,
        "mean": 0.0260830149055,
        "median": 0.0233793780208,
        "min": 1.07864141851e-20,
        "var": 0.000352887698682
    },
    "spectral_energyband_high": {
        "dmean": 0.00118436617777,
        "dmean2": 0.00190754083451,
        "dvar": 7.19503486835e-06,
        "dvar2": 1.90599894268e-05,
        "max": 0.0301026124507,
        "mean": 0.00172956695314,
        "median": 0.000610438291915,
        "min": 7.83089462523e-21,
        "var": 8.10988785815e-06
    },
    "spectral_energyband_low": {
        "dmean": 0.0050058667548,
        "dmean2": 0.00767119694501,
        "dvar": 7.57736779633e-05,
        "dvar2": 0.000185477547348,
        "max": 0.121618062258,
        "mean": 0.0097810132429,
        "median": 0.00108943157829,
        "min": 5.66744748017e-23,
        "var": 0.000208513054531
    },
    "spectral_energyband_middle_high": {
        "dmean": 0.00259696436115,
        "dmean2": 0.00413164030761,
        "dvar": 1.56074838742e-05,
        "dvar2": 4.06459112128e-05,
        "max": 0.0632598996162,
        "mean": 0.00612862827256,
        "median": 0.00419304706156,
        "min": 1.58712331587e-21,
        "var": 4.16008624597e-05
    },
    "spectral_energyband_middle_low": {
        "dmean": 0.00424988288432,
        "dmean2": 0.00667535094544,
        "dvar": 3.38196914527e-05,
        "dvar2": 8.10885685496e-05,
        "max": 0.0646386742592,
        "mean": 0.00903849303722,
        "median": 0.0053666876629,
        "min": 3.43312265952e-22,
        "var": 8.65581969265e-05
    },
    "spectral_entropy": {
        "dmean": 0.196617245674,
        "dmean2": 0.273273378611,
        "dvar": 0.0463739261031,
        "dvar2": 0.0806189328432,
        "max": 9.78848743439,
        "mean": 7.74594783783,
        "median": 7.8035993576,
        "min": 5.38903141022,
        "var": 0.258471757174
    },
    "spectral_flux": {
        "dmean": 0.026852780953,
        "dmean2": 0.0416556969285,
        "dvar": 0.00070240086643,
        "dvar2": 0.00152271345723,
        "max": 0.26949262619,
        "mean": 0.0923560112715,
        "median": 0.0853417366743,
        "min": 1.03857665523e-10,
        "var": 0.0021406612359
    },
    "spectral_kurtosis": {
        "dmean": 1.43114709854,
        "dmean2": 2.33685278893,
        "dvar": 3.55325627327,
        "dvar2": 9.5491771698,
        "max": 31.9266624451,
        "mean": 3.818816185,
        "median": 3.34522891045,
        "min": -1.37270414829,
        "var": 7.57225942612
    },
    "spectral_rms": {
        "dmean": 0.000869090436026,
        "dmean2": 0.00133662752341,
        "dvar": 7.79002562012e-07,
        "dvar2": 1.82801659321e-06,
        "max": 0.0109743895009,
        "mean": 0.00465908134356,
        "median": 0.00477589247748,
        "min": 3.24396846191e-12,
        "var": 3.73980810764e-06
    },
    "spectral_rolloff": {
        "dmean": 948.626403809,
        "dmean2": 1513.83496094,
        "dvar": 2277439.5,
        "dvar2": 4626169.5,
        "max": 18820.0195312,
        "mean": 2454.71362305,
        "median": 1679.58984375,
        "min": 43.06640625,
        "var": 5805411
    },
    "spectral_skewness": {
        "dmean": 0.21846973896,
        "dmean2": 0.342817425728,
        "dvar": 0.0529318675399,
        "dvar2": 0.123966962099,
        "max": 4.11856365204,
        "mean": 1.39803528786,
        "median": 1.37250995636,
        "min": -0.351697653532,
        "var": 0.189807131886
    },
    "spectral_spread": {
        "dmean": 726904.8125,
        "dmean2": 1039102.125,
        "dvar": 914289917952,
        "dvar2": 1.50955687936e+12,
        "max": 41328608,
        "mean": 4946513.5,
        "median": 4580035,
        "min": 1252618.625,
        "var": 3.85195651891e+12
    },
    "spectral_strongpeak": {
        "dmean": 0.637578725815,
        "dmean2": 1.06762969494,
        "dvar": 1.01842844486,
        "dvar2": 2.5220079422,
        "max": 16.8452644348,
        "mean": 1.14097738266,
        "median": 0.556283652782,
        "min": 0,
        "var": 1.82353639603
    },
    "zerocrossingrate": {
        "dmean": 0.0181345548481,
        "dmean2": 0.0200949106365,
        "dvar": 0.000552317127585,
        "dvar2": 0.000550852564629,
        "max": 0.64697265625,
        "mean": 0.0861340612173,
        "median": 0.0693359375,
        "min": 0.00146484375,
        "var": 0.0039085377939
    },
    "barkbands": {
        "dmean": [0.000226296295295, 0.00406365422532, 0.00177793204784, 0.000766338780522, 0.000922220933717, 0.00105348136276, 0.000720698386431, 0.000723885081243, 0.00177064491436, 0.000733160530217, 0.000566959497519, 0.000417082192143, 0.000480976887047, 0.000287884176942, 0.000250479672104, 0.000302452681353, 0.000346407759935, 0.000346538872691, 0.000387766805943, 0.000404214370064, 0.000210240556044, 0.000199930771487, 0.000228171629715, 0.000213151055505, 0.000148963954416, 8.17750624265e-05, 5.95394612901e-06],
        "dmean2": [0.00034567550756, 0.00625139987096, 0.00279839523137, 0.00129862397444, 0.00151920109056, 0.00166339008138, 0.00114118901547, 0.0011538049439, 0.00282281078398, 0.00115316244774, 0.000897052756045, 0.00067747302819, 0.000793140148744, 0.000477415014757, 0.000417359784478, 0.000494494684972, 0.000578491715714, 0.000565851223655, 0.0006545924698, 0.000690576678608, 0.000345130014466, 0.000323268439388, 0.00038390699774, 0.00034650406451, 0.000232259248151, 0.000128479296109, 1.00602628663e-05],
        "dvar": [3.77163274834e-07, 5.81482709094e-05, 2.32487545873e-05, 4.92363869853e-06, 4.84574866277e-06, 5.93876620769e-06, 3.71271676158e-06, 3.66159065379e-06, 1.4819504031e-05, 4.66183928438e-06, 1.78749644419e-06, 9.42758845213e-07, 1.00190754893e-06, 4.0306201754e-07, 2.61918017941e-07, 3.2202333955e-07, 4.47907439138e-07, 3.97136460606e-07, 8.16811279947e-07, 8.96957487839e-07, 2.42869049316e-07, 2.06264772373e-07, 3.66402048257e-07, 2.19732555706e-07, 1.38331202493e-07, 4.72365719872e-08, 3.56345231101e-10],
        "dvar2": [8.36855065245e-07, 0.000149920742842, 5.40117362107e-05, 1.22559013107e-05, 1.17572790259e-05, 1.41920418173e-05, 8.73655062605e-06, 8.50667947816e-06, 3.72155373043e-05, 1.03248148662e-05, 4.2935125748e-06, 2.33485843637e-06, 2.53773691838e-06, 1.02364799659e-06, 6.72857026984e-07, 8.22233971576e-07, 1.2196062471e-06, 1.01673663266e-06, 2.24326868192e-06, 2.52401173384e-06, 6.43501834929e-07, 5.19258549048e-07, 1.01092450677e-06, 5.53927463898e-07, 3.11355876192e-07, 1.22497610278e-07, 9.83715220393e-10],
        "max": [0.0401409119368, 0.088042974472, 0.0484368130565, 0.0384958535433, 0.0352953784168, 0.0374879203737, 0.035349521786, 0.0320377573371, 0.0568768754601, 0.0572144389153, 0.0269868802279, 0.0248827245086, 0.0203985758126, 0.0165144950151, 0.0102876443416, 0.0137540567666, 0.00885551050305, 0.0105053232983, 0.0111863585189, 0.0126348277554, 0.00731935491785, 0.007882588543, 0.00774412229657, 0.00571961002424, 0.00729138357565, 0.00627853395417, 0.000441296288045],
        "mean": [0.000357198674465, 0.00688715372235, 0.00213796040043, 0.000747335434426, 0.0012130306568, 0.00169763818849, 0.00108975172043, 0.000927576969843, 0.00300936121494, 0.00122390850447, 0.000857756996993, 0.000583501183428, 0.000703372003045, 0.000384478014894, 0.000338313839165, 0.000470094499178, 0.000487272860482, 0.00050628912868, 0.000521743553691, 0.000521933601703, 0.00028051919071, 0.00026380259078, 0.000266247167019, 0.000273889600066, 0.000225893003517, 0.000101698758954, 5.27302017872e-06],
        "median": [3.0820730899e-05, 0.000307790964143, 7.41743497201e-05, 6.57286072965e-05, 0.000285366433673, 0.000358221033821, 0.000235437677475, 0.000201368471608, 0.0005353045417, 0.000195431144675, 0.000234124279814, 0.000169107515831, 0.000252294179518, 0.000124668382341, 0.000120470242109, 0.000195143395104, 0.000226114992984, 0.000226259871852, 0.000213738341699, 0.000203177973162, 0.000111354107503, 8.82745516719e-05, 6.87502397341e-05, 6.28690322628e-05, 4.32270098827e-05, 2.11625083466e-05, 5.0767496873e-08],
        "min": [3.45780848383e-24, 2.82677829313e-23, 2.45141239979e-23, 8.10913669599e-24, 6.24969940343e-23, 5.03159782266e-23, 8.24500757395e-23, 3.56244441425e-23, 8.68292950598e-23, 6.90176804115e-23, 5.93777938388e-23, 1.45882646186e-22, 1.72704421834e-22, 7.54766589333e-23, 1.29530203331e-22, 1.48279798839e-22, 1.37160078628e-22, 3.15227176896e-22, 2.39486205383e-22, 3.44595723712e-22, 3.50425519398e-22, 5.76439015505e-22, 7.49111201327e-22, 8.73463548868e-22, 1.11033770327e-21, 1.5572525234e-21, 2.6218666874e-21],
        "var": [2.67612540483e-06, 0.000128070067149, 2.56787370745e-05, 4.36697609985e-06, 8.06136085885e-06, 1.33305829877e-05, 8.56866336107e-06, 5.31312070962e-06, 3.62706741726e-05, 1.2754610907e-05, 3.44022623722e-06, 1.39533983656e-06, 1.58139209816e-06, 5.32649721663e-07, 3.37749668233e-07, 5.79560264669e-07, 5.25303505583e-07, 6.05646619078e-07, 8.6684855205e-07, 8.39054962398e-07, 2.55203616462e-07, 2.43099265163e-07, 3.22013107734e-07, 3.15429332431e-07, 3.17528275673e-07, 4.87729074905e-08, 2.76585421233e-10]
    },
    "erbbands": {
        "dmean": [0.11954600364, 0.939379811287, 1.87388730049, 2.3443710804, 2.46602392197, 3.52735948563, 5.6299533844, 10.0946884155, 9.82156658173, 11.3514652252, 19.1940460205, 41.4269485474, 27.7272987366, 19.6301937103, 21.1275787354, 14.7234153748, 20.2119998932, 15.5868282318, 13.9840373993, 12.4739456177, 15.059753418, 18.9544029236, 21.5108089447, 16.9360656738, 18.5403118134, 18.5770759583, 10.5008153915, 9.03776168823, 7.43722772598, 8.28099727631, 5.72440195084, 5.18923139572, 2.94926810265, 2.04898500443, 0.874456703663, 0.371163517237, 0.14593949914, 0.0274193324149, 0.000812889833469, 3.46396445821e-05],
        "dmean2": [0.175626397133, 1.44607198238, 2.79849839211, 3.77100658417, 4.20232820511, 5.79407691956, 8.93037033081, 15.8546304703, 15.6630840302, 17.7529163361, 29.9527988434, 65.754119873, 43.1807975769, 30.0849666595, 34.0846290588, 23.9439468384, 33.0434188843, 25.5592041016, 23.1150341034, 20.2913265228, 24.8119449615, 31.6168022156, 35.04347229, 28.5729732513, 30.9088039398, 31.9414710999, 17.4772853851, 15.1474256516, 12.0742416382, 14.0123443604, 9.48599910736, 8.55948543549, 4.74228334427, 3.22848153114, 1.36410725117, 0.582088530064, 0.230780318379, 0.0448864847422, 0.00130270700902, 5.4322557844e-05],
        "dvar": [0.0569713562727, 3.32039642334, 19.2128582001, 41.9977149963, 41.7966537476, 86.5305786133, 198.087844849, 652.658569336, 710.420227051, 970.523986816, 2469.76293945, 8659.46679688, 5376.48681641, 2518.21191406, 2873.34887695, 1012.20147705, 1718.30639648, 983.116027832, 891.400146484, 514.05657959, 766.039916992, 1400.94433594, 1552.40185547, 1755.93774414, 1478.09960938, 2173.33618164, 566.723571777, 557.223937988, 259.906188965, 493.286956787, 233.301177979, 142.177001953, 39.4626808167, 28.9425754547, 4.29834461212, 0.883259356022, 0.172286137938, 0.00622716499493, 4.68445978186e-06, 5.00594454778e-09],
        "dvar2": [0.134931012988, 8.44383430481, 40.9405097961, 101.584922791, 110.442047119, 210.690811157, 493.750244141, 1531.74243164, 1698.56396484, 2140.04858398, 5683.59130859, 21635.3242188, 12420.2519531, 5231.24365234, 7466.94824219, 2406.83789062, 4392.671875, 2471.07788086, 2282.94555664, 1325.63684082, 1926.68237305, 3764.99902344, 3967.8371582, 4801.24414062, 3970.03149414, 6135.84472656, 1530.63439941, 1498.36987305, 656.288146973, 1366.76782227, 635.766296387, 367.444000244, 95.3229980469, 66.3322219849, 9.73797130585, 2.24353432655, 0.452238053083, 0.0166265182197, 1.18611915241e-05, 1.22821850468e-08],
        "max": [5.98693084717, 20.692276001, 47.3700370789, 70.4589996338, 92.0989151001, 181.034988403, 276.279541016, 407.483581543, 651.41595459, 636.263244629, 884.524780273, 1553.04187012, 1710.06811523, 1061.7890625, 1250.81176758, 796.350219727, 1105.09570312, 1042.8737793, 761.900939941, 526.640563965, 550.407714844, 546.396728516, 641.235107422, 643.500366211, 449.072967529, 582.466186523, 282.921264648, 312.032592773, 225.181167603, 253.269210815, 180.586776733, 135.896148682, 91.8554458618, 117.836578369, 38.2518234253, 25.3016166687, 11.8525714874, 1.57904100418, 0.0351733677089, 0.00120236852672],
        "mean": [0.207017421722, 1.47728443146, 2.70297074318, 2.58527612686, 2.53675627708, 4.62710380554, 8.38461399078, 16.5764122009, 16.1088790894, 16.4320983887, 28.0058460236, 69.7055053711, 47.5548248291, 34.5301399231, 34.772567749, 23.0512599945, 31.0033149719, 22.869304657, 20.2024555206, 19.8306617737, 23.5505771637, 28.3837547302, 33.5693893433, 23.297082901, 26.515296936, 23.4829940796, 14.354593277, 11.3875989914, 9.70606994629, 9.3078546524, 7.03495645523, 6.34703111649, 4.01687669754, 2.98243498802, 1.31076812744, 0.503315865993, 0.173556670547, 0.0286725629121, 0.000866201124154, 6.28049238003e-05],
        "median": [0.0119362156838, 0.0728549063206, 0.169854968786, 0.24745196104, 0.566037118435, 1.02976584435, 1.96455788612, 3.45535039902, 3.43561792374, 4.68838500977, 6.80855560303, 13.2659511566, 9.86450386047, 8.07164382935, 10.2291278839, 7.95496177673, 12.408665657, 9.73122215271, 7.98030900955, 9.27773094177, 11.2170705795, 14.4041843414, 14.7247533798, 10.10871315, 11.6117677689, 9.21303462982, 5.89948940277, 3.88770961761, 3.22129130363, 2.52671480179, 1.87545347214, 1.3825571537, 0.955499172211, 0.554394245148, 0.266195356846, 0.113830238581, 0.0342771299183, 0.00327674578875, 8.74327815836e-05, 3.91927460441e-05],
        "min": [1.23948551732e-21, 5.68535169447e-21, 2.51973011698e-20, 2.11626501839e-20, 1.44178924936e-19, 1.9413957411e-19, 1.82556938808e-19, 6.05900854805e-19, 7.26456897314e-19, 1.33812738859e-18, 1.04830760038e-18, 1.51213124109e-18, 2.56001894391e-18, 1.66552909395e-18, 3.70387283268e-18, 6.04570634642e-18, 7.03595196826e-18, 3.75831703342e-18, 7.46648624221e-18, 6.22858398574e-18, 8.48718245034e-18, 1.01135601553e-17, 1.58162326338e-17, 1.5674761588e-17, 1.03686419767e-17, 1.50025119041e-17, 1.44501537783e-17, 1.47652715414e-17, 1.84708951018e-17, 2.50232011834e-17, 2.17503651369e-17, 1.58954781908e-17, 1.36840571453e-17, 1.2836076249e-17, 8.37140446155e-18, 5.1777957741e-18, 3.43723488454e-18, 1.40042535905e-18, 3.367098137e-19, 3.70919289649e-20],
        "var": [0.168812468648, 6.36728286743, 29.9297676086, 42.193195343, 36.0252723694, 142.316101074, 376.252380371, 1482.3894043, 1980.78625488, 1746.40270996, 4461.96191406, 20825.5332031, 12539.2441406, 7039.71337891, 5155.89941406, 1883.07104492, 2708.18310547, 1410.29870605, 1174.63830566, 786.330200195, 1240.13049316, 1709.4654541, 2605.24804688, 1985.38012695, 1683.2911377, 1910.41210938, 590.609863281, 547.289611816, 306.295196533, 430.714141846, 216.78729248, 181.357421875, 66.4845199585, 62.5017242432, 9.32509994507, 1.12241709232, 0.1634208709, 0.00540608167648, 4.91908031108e-06, 6.6257435094e-09]
    },
    "gfcc": {
        "mean": [0.142014160752, 57.2403831482, -135.472335815, 24.8453102112, -68.10572052, 13.4412240982, -36.3537101746, 17.5803718567, -23.7024688721, 4.56390762329, -12.0967483521, 1.95213317871, -8.66049861908],
        "cov": [[4985.55566406, -1170.0826416, 1093.57556152, 678.877624512, 422.595336914, 415.141204834, 17.6830921173, 213.513626099, -156.558853149, 221.854248047, -318.514160156, 221.406051636, -378.916442871], [-1170.0826416, 2223.54272461, -314.039886475, 149.378555298, 273.635345459, -101.865531921, 434.170166016, -15.3385725021, 295.698669434, -162.908477783, 348.549987793, -248.563034058, 236.361328125], [1093.57556152, -314.039886475, 1580.69042969, 710.380615234, 429.98626709, 358.437530518, 4.15754318237, 137.311523438, -36.1443824768, 198.39491272, -85.7741012573, 175.2784729, -189.48135376], [678.877624512, 149.378555298, 710.380615234, 859.410888672, 489.649108887, 230.263442993, 144.156265259, 100.317237854, 79.1098861694, 78.0486297607, 6.42010402679, 39.8120269775, -62.3421936035], [422.595336914, 273.635345459, 429.98626709, 489.649108887, 549.191101074, 245.083175659, 245.585617065, 132.134811401, 93.4901046753, 81.3745803833, 3.0999174118, 32.6908416748, -56.9902153015], [415.141204834, -101.865531921, 358.437530518, 230.263442993, 245.083175659, 440.799713135, 201.501327515, 135.344985962, 57.1827087402, 90.1305007935, -23.49958992, 34.3704528809, -30.8257465363], [17.6830921173, 434.170166016, 4.15754318237, 144.156265259, 245.585617065, 201.501327515, 442.139282227, 113.10962677, 117.153076172, -2.99947857857, 76.4264373779, -24.7555541992, 29.1631736755], [213.513626099, -15.3385725021, 137.311523438, 100.317237854, 132.134811401, 135.344985962, 113.10962677, 203.013122559, 68.5559082031, 63.9012870789, 4.01631689072, 31.5190677643, 8.75827980042], [-156.558853149, 295.698669434, -36.1443824768, 79.1098861694, 93.4901046753, 57.1827087402, 117.153076172, 68.5559082031, 200.268173218, 20.9919891357, 78.926322937, -22.1064128876, 66.3094100952], [221.854248047, -162.908477783, 198.39491272, 78.0486297607, 81.3745803833, 90.1305007935, -2.99947857857, 63.9012870789, 20.9919891357, 155.118774414, 6.42801427841, 74.7964096069, -18.2933444977], [-318.514160156, 348.549987793, -85.7741012573, 6.42010402679, 3.0999174118, -23.49958992, 76.4264373779, 4.01631689072, 78.926322937, 6.42801427841, 183.551544189, -9.46962070465, 87.1887969971], [221.406051636, -248.563034058, 175.2784729, 39.8120269775, 32.6908416748, 34.3704528809, -24.7555541992, 31.5190677643, -22.1064128876, 74.7964096069, -9.46962070465, 165.798477173, -8.25586509705], [-378.916442871, 236.361328125, -189.48135376, -62.3421936035, -56.9902153015, -30.8257465363, 29.1631736755, 8.75827980042, 66.3094100952, -18.2933444977, 87.1887969971, -8.25586509705, 156.61920166]],
        "icov": [[0.00031172297895, 6.6958971729e-05, -7.43791724744e-06, -0.000204514828511, 6.7142143962e-05, -5.36975749128e-05, -7.05471320543e-05, -0.000185430413694, 8.33771046018e-05, -8.55321632116e-05, 0.000193608531845, -0.000153689703438, 0.000438906048657], [6.6958971729e-05, 0.00141572172288, -0.00033238605829, 0.000305966212181, -0.00113232794683, 0.000853507139254, -0.000807661737781, 0.000522456830367, -0.00060592032969, 0.000778652029112, -0.00142157671507, 0.00156652007718, -0.0011563008884], [-7.43791724744e-06, -0.00033238605829, 0.00163417705335, -0.00111245550215, 0.000304238172248, -0.000931690039579, 0.000724788056687, -0.000395447772462, 0.00047794773127, -0.000621120154392, 6.46117914584e-05, -0.0012121143518, 0.0014575967798], [-0.000204514828511, 0.000305966212181, -0.00111245550215, 0.00344331306405, -0.0027960720472, 0.000316684658173, 0.000292984594125, 0.00059024564689, -0.000643628358375, 0.000905217661057, -0.0008103500586, 0.000903128529899, -0.00109751219861], [6.7142143962e-05, -0.00113232794683, 0.000304238172248, -0.0027960720472, 0.00654881400988, -0.0010271219071, -0.00138724548742, -0.00108356145211, -0.000198656867724, -0.00169414153788, 0.00176863058005, -0.00155633885879, 0.00244570733048], [-5.36975749128e-05, 0.000853507139254, -0.000931690039579, 0.000316684658173, -0.0010271219071, 0.00493571953848, -0.00227491161786, -0.000463522737846, -0.000441898038844, -0.00106325699016, 0.000457759189885, 0.00156109314412, -0.00148152478505], [-7.05471320543e-05, -0.000807661737781, 0.000724788056687, 0.000292984594125, -0.00138724548742, -0.00227491161786, 0.00531039061025, -0.00143116374966, -0.000334735785145, 0.00159115158021, -0.00120363151655, -0.00091806112323, 0.00112959637772], [-0.000185430413694, 0.000522456830367, -0.000395447772462, 0.00059024564689, -0.00108356145211, -0.000463522737846, -0.00143116374966, 0.00815751031041, -0.00198124186136, -0.00163865264039, 0.000666253967211, 0.000272749632131, -0.00186485983431], [8.33771046018e-05, -0.00060592032969, 0.00047794773127, -0.000643628358375, -0.000198656867724, -0.000441898038844, -0.000334735785145, -0.00198124186136, 0.0086620207876, -0.00159095972776, -0.00113686907571, 0.000808787473943, -0.00172559299972], [-8.55321632116e-05, 0.000778652029112, -0.000621120154392, 0.000905217661057, -0.00169414153788, -0.00106325699016, 0.00159115158021, -0.00163865264039, -0.00159095972776, 0.0117037780583, -0.00288316840306, -0.0027977374848, 0.000694630318321], [0.000193608531845, -0.00142157671507, 6.46117914584e-05, -0.0008103500586, 0.00176863058005, 0.000457759189885, -0.00120363151655, 0.000666253967211, -0.00113686907571, -0.00288316840306, 0.0108476597816, -0.00137810443994, -0.00267698150128], [-0.000153689703438, 0.00156652007718, -0.0012121143518, 0.000903128529899, -0.00155633885879, 0.00156109314412, -0.00091806112323, 0.000272749632131, 0.000808787473943, -0.0027977374848, -0.00137810443994, 0.0105714322999, -0.00329102994874], [0.000438906048657, -0.0011563008884, 0.0014575967798, -0.00109751219861, 0.00244570733048, -0.00148152478505, 0.00112959637772, -0.00186485983431, -0.00172559299972, 0.000694630318321, -0.00267698150128, -0.00329102994874, 0.0131391612813]]
    },
    "melbands": {
        "dmean": [0.00108336273115, 0.000972850539256, 0.00038665230386, 0.000205581396585, 0.000188488978893, 0.000218332599616, 0.000146651669638, 0.000125957463752, 0.00018658778572, 0.000264625268755, 0.000141368698678, 8.44819005579e-05, 7.28787781554e-05, 4.71482744615e-05, 4.29864703619e-05, 5.03102455696e-05, 2.85030509986e-05, 2.42413279921e-05, 1.82923631655e-05, 2.23897150136e-05, 1.69382055901e-05, 1.98066827579e-05, 2.23152219405e-05, 1.55742764036e-05, 1.45402800626e-05, 1.55622583407e-05, 1.20005697681e-05, 1.4097503481e-05, 8.2714122982e-06, 4.51854430139e-06, 5.86149599258e-06, 4.35650508734e-06, 3.99684540753e-06, 5.16681075169e-06, 3.67073221241e-06, 2.79444225271e-06, 3.3563942452e-06, 2.05559695132e-06, 2.04067669074e-06, 1.7231802758e-06],
        "dmean2": [0.00165908632334, 0.00145277264528, 0.000606124289334, 0.000342708110111, 0.000295293692034, 0.000342984538293, 0.000232309073908, 0.00019865790091, 0.000291310803732, 0.000421057920903, 0.000220235073357, 0.000130138578243, 0.000116611816338, 7.78057146817e-05, 6.87840802129e-05, 8.26644245535e-05, 4.71322564408e-05, 4.00094359065e-05, 3.03522538161e-05, 3.63504404959e-05, 2.82844739559e-05, 3.32208655891e-05, 3.67219145119e-05, 2.55710074271e-05, 2.46886302193e-05, 2.62431913143e-05, 1.98938541871e-05, 2.44970087806e-05, 1.40447409649e-05, 7.28920531401e-06, 1.00395791378e-05, 7.12725204721e-06, 6.48594550512e-06, 8.94734330359e-06, 6.19584625383e-06, 4.53522534372e-06, 5.57478369956e-06, 3.30105217472e-06, 3.3191579405e-06, 2.70650343737e-06],
        "dvar": [4.25660664405e-06, 3.75052877644e-06, 9.99144504021e-07, 2.50734927931e-07, 1.9886097391e-07, 2.74252016652e-07, 1.47062053202e-07, 1.13801043256e-07, 2.36186068037e-07, 3.4932159565e-07, 1.42319805718e-07, 5.1212552421e-08, 3.10122700853e-08, 1.32968205335e-08, 1.08886277772e-08, 1.1052533111e-08, 3.63434660144e-09, 2.99359226297e-09, 1.48407630629e-09, 2.03897987383e-09, 1.07143038885e-09, 1.57255264366e-09, 1.71221270495e-09, 8.26884394289e-10, 1.38416111906e-09, 1.21174015266e-09, 5.36516442384e-10, 1.39725797599e-09, 3.7884681503e-10, 7.25280668856e-11, 3.13201076185e-10, 7.78142342228e-11, 1.11738264474e-10, 2.05091943428e-10, 1.14290209241e-10, 4.2502026204e-11, 5.68437102944e-11, 1.90725924637e-11, 2.23573468766e-11, 2.39034174399e-11],
        "dvar2": [1.07950618258e-05, 7.94224615674e-06, 2.28727458307e-06, 6.34400237232e-07, 4.82098471366e-07, 6.44687986551e-07, 3.49882157025e-07, 2.51843829346e-07, 5.47018430552e-07, 8.73612748364e-07, 3.2396116012e-07, 1.06840502667e-07, 7.6442098873e-08, 3.48793136595e-08, 2.57978705065e-08, 2.77666867277e-08, 9.16008069396e-09, 7.54010098802e-09, 3.79902065362e-09, 5.24716803341e-09, 2.64658273075e-09, 4.15731982173e-09, 4.55667370503e-09, 2.14968265411e-09, 3.75557940302e-09, 3.24746829428e-09, 1.44543865765e-09, 3.95245924878e-09, 1.03226505122e-09, 1.7878715175e-10, 8.60100657363e-10, 1.94452648428e-10, 2.90633322964e-10, 5.79580050619e-10, 3.17797399507e-10, 1.08260928e-10, 1.46012271718e-10, 4.65272646799e-11, 5.517196075e-11, 5.47945126772e-11],
        "max": [0.0373413041234, 0.0197054557502, 0.0129926903173, 0.00704138400033, 0.00827752333134, 0.00852404534817, 0.0083880526945, 0.00780994119123, 0.00803215522319, 0.0092635974288, 0.00887168757617, 0.00509108137339, 0.00423407461494, 0.00329825328663, 0.00229260418564, 0.00213158875704, 0.00188485952094, 0.00169708637986, 0.000722759694327, 0.00145106890704, 0.000763629970606, 0.000551411591005, 0.000744470744394, 0.000514272891451, 0.000599647290073, 0.00051445805002, 0.000358379213139, 0.000474734755699, 0.000226208765525, 0.000147411774378, 0.000298634549836, 0.000118817122711, 0.000147323415149, 0.000181467214134, 0.000134173664264, 8.65187830641e-05, 9.38352168305e-05, 6.18121266598e-05, 8.47568298923e-05, 0.000117296687677],
        "mean": [0.00188990286551, 0.00166190473828, 0.000455666391645, 0.000243326125201, 0.000289644434815, 0.000360503181582, 0.000234227642068, 0.000175257257069, 0.000265673385002, 0.000451886095107, 0.000233278187807, 0.000142186079756, 0.000115701455798, 6.96980860084e-05, 6.18900012341e-05, 7.27575825294e-05, 3.79896810045e-05, 3.3049400372e-05, 2.46066647378e-05, 3.46454216924e-05, 2.40434310399e-05, 2.74477024504e-05, 3.45513471984e-05, 2.23652023124e-05, 1.81965806405e-05, 2.06476834137e-05, 1.60859672178e-05, 1.64263728948e-05, 1.03465645225e-05, 6.47541810395e-06, 6.57789814795e-06, 5.62308332519e-06, 4.79421169075e-06, 5.37651931154e-06, 4.19469370172e-06, 3.61210345545e-06, 3.95823735744e-06, 2.72583542937e-06, 2.72955367109e-06, 2.4680145998e-06],
        "median": [9.92201603367e-05, 0.000128313782625, 5.30989782419e-05, 5.75393642066e-05, 7.20159441698e-05, 7.55899091018e-05, 5.23035778315e-05, 4.36637637904e-05, 4.82298637507e-05, 8.07963078842e-05, 4.19230927946e-05, 2.70005693892e-05, 3.2049134461e-05, 2.13071252801e-05, 1.73612679646e-05, 2.34800354519e-05, 1.39688036143e-05, 1.15733510029e-05, 8.55414873513e-06, 1.31957103804e-05, 1.08643380372e-05, 1.29886457216e-05, 1.49010538735e-05, 9.71738336375e-06, 6.64945810058e-06, 7.87489625509e-06, 6.93549918651e-06, 5.29345288669e-06, 3.62087553185e-06, 2.65709786618e-06, 1.83023826139e-06, 1.75915931777e-06, 1.45068952406e-06, 1.31118690661e-06, 1.07851815301e-06, 8.61940975483e-07, 8.26245354801e-07, 6.62517095407e-07, 5.44111912859e-07, 4.19100018689e-07],
        "min": [9.9700414276e-24, 1.03129056206e-23, 6.99620068685e-24, 1.39628332892e-23, 6.82227421219e-24, 1.19637335377e-23, 1.37092586844e-23, 1.37446122748e-23, 9.76672278447e-24, 1.01078151958e-23, 1.32417970669e-23, 6.97438631624e-24, 1.0845764596e-23, 1.35766495885e-23, 2.20606687639e-23, 1.15369881869e-23, 5.79236305231e-24, 1.32250692714e-23, 7.87413503232e-24, 9.38782579195e-24, 9.3182403715e-24, 1.05021651846e-23, 1.22002158933e-23, 1.30130565923e-23, 1.33267999849e-23, 7.90993275134e-24, 7.15090656555e-24, 1.13852318592e-23, 9.21915234205e-24, 9.57085098829e-24, 8.4225960987e-24, 9.26724761372e-24, 1.30275574334e-23, 1.42033743342e-23, 1.2256982324e-23, 1.12535970065e-23, 9.45440328577e-24, 9.67559593928e-24, 9.40618731838e-24, 1.19358575599e-23],
        "var": [1.07446248876e-05, 8.2216483861e-06, 1.12218833692e-06, 3.04985690036e-07, 4.13474964489e-07, 6.2817861135e-07, 3.90690502172e-07, 2.03322429115e-07, 4.54576394304e-07, 9.16957219488e-07, 3.33615531645e-07, 1.3966774759e-07, 6.02489720336e-08, 1.89452915578e-08, 1.98960332654e-08, 1.82440231811e-08, 4.8644377415e-09, 3.90842025411e-09, 1.91401205996e-09, 3.55222096182e-09, 1.50405610189e-09, 1.94148541688e-09, 2.53793763783e-09, 1.21632981465e-09, 1.5715612145e-09, 1.36073796675e-09, 6.26293295003e-10, 1.21221011007e-09, 3.87199883267e-10, 1.01358858806e-10, 2.69869265823e-10, 9.94037283042e-11, 1.08708868296e-10, 1.63553851018e-10, 9.40668376526e-11, 5.73985303731e-11, 7.3334317785e-11, 3.03979480476e-11, 3.88497671533e-11, 5.06432049074e-11]
    },
    "mfcc": {
        "mean": [-637.055908203, 89.4683227539, -12.494263649, 10.9593362808, -5.79126501083, -5.33363819122, 0.589083492756, 4.48069047928, -1.41263592243, 3.55885148048, -0.834216475487, 1.77342641354, -0.703343153],
        "cov": [[4004.00512695, -899.558166504, 398.675048828, 391.469024658, 300.228790283, 342.885681152, 159.297042847, 192.000106812, 151.188735962, 18.3930644989, 104.349716187, 48.3197631836, 12.3104639053], [-899.558166504, 1543.66210938, -242.187713623, 133.990280151, -55.7385902405, -32.1683959961, 146.627044678, 80.3820114136, 28.8647594452, 141.24671936, 46.3071517944, 52.8399200439, 40.8410758972], [398.675048828, -242.187713623, 1011.23724365, 371.892059326, 390.731201172, 268.037658691, 128.484268188, 80.0675506592, 47.0705909729, 19.6898784637, 69.7419128418, 65.5186920166, 78.1765670776], [391.469024658, 133.990280151, 371.892059326, 716.595825195, 373.220245361, 227.671905518, 163.096893311, 129.887878418, 90.0414123535, 57.2273445129, 59.1707000732, 105.629806519, 83.0118865967], [300.228790283, -55.7385902405, 390.731201172, 373.220245361, 443.751281738, 218.19317627, 113.377319336, 91.7241439819, 101.592811584, 64.3740692139, 73.7522125244, 73.9028167725, 61.4366493225], [342.885681152, -32.1683959961, 268.037658691, 227.671905518, 218.19317627, 381.344970703, 198.951324463, 150.713317871, 135.173904419, 68.7741546631, 103.739387512, 55.9301681519, 39.2596549988], [159.297042847, 146.627044678, 128.484268188, 163.096893311, 113.377319336, 198.951324463, 301.192840576, 161.910995483, 112.429122925, 86.4053115845, 86.4143371582, 57.5142593384, 38.9449005127], [192.000106812, 80.3820114136, 80.0675506592, 129.887878418, 91.7241439819, 150.713317871, 161.910995483, 223.080810547, 130.870864868, 68.6696014404, 73.9461212158, 52.7315444946, 39.9123306274], [151.188735962, 28.8647594452, 47.0705909729, 90.0414123535, 101.592811584, 135.173904419, 112.429122925, 130.870864868, 204.346130371, 88.2758636475, 73.1678466797, 42.9275474548, 29.3981266022], [18.3930644989, 141.24671936, 19.6898784637, 57.2273445129, 64.3740692139, 68.7741546631, 86.4053115845, 68.6696014404, 88.2758636475, 147.199050903, 65.6632461548, 36.8294029236, 22.4446468353], [104.349716187, 46.3071517944, 69.7419128418, 59.1707000732, 73.7522125244, 103.739387512, 86.4143371582, 73.9461212158, 73.1678466797, 65.6632461548, 130.162506104, 56.0954284668, 17.3884925842], [48.3197631836, 52.8399200439, 65.5186920166, 105.629806519, 73.9028167725, 55.9301681519, 57.5142593384, 52.7315444946, 42.9275474548, 36.8294029236, 56.0954284668, 109.923988342, 47.5130157471], [12.3104639053, 40.8410758972, 78.1765670776, 83.0118865967, 61.4366493225, 39.2596549988, 38.9449005127, 39.9123306274, 29.3981266022, 22.4446468353, 17.3884925842, 47.5130157471, 105.129669189]],
