{
"lowlevel": {
    "average_loudness": 0.623172998428,
    "barkbands_crest": {
        "dmean": 2.86883807182,
        "dmean2": 4.49908494949,
        "dvar": 6.87864971161,
        "dvar2": 16.1785926819,
        "max": 25.9896774292,
        "mean": 11.2409219742,
        "median": 10.341386795,
        "min": 2.16631484032,
        "var": 24.2570552826
    },
    "barkbands_flatness_db": {
        "dmean": 0.0241286680102,
        "dmean2": 0.0362949408591,
        "dvar": 0.000704409438185,
        "dvar2": 0.00156175752636,
        "max": 0.477041721344,
        "mean": 0.148931115866,
        "median": 0.138790950179,
        "min": 0.0166205000132,
        "var": 0.00458961026743
    },
    "barkbands_kurtosis": {
        "dmean": 3.64365053177,
        "dmean2": 5.57484817505,
        "dvar": 50.213886261,
        "dvar2": 105.923484802,
        "max": 194.107192993,
        "mean": 6.74769115448,
        "median": 2.90014314651,
        "min": -1.85990762711,
        "var": 185.747390747
    },
    "barkbands_skewness": {
        "dmean": 0.549203395844,
        "dmean2": 0.828701376915,
        "dvar": 0.425067573786,
        "dvar2": 0.883718311787,
        "max": 11.2372055054,
        "mean": 1.77928614616,
        "median": 1.48244023323,
        "min": -2.41061520576,
        "var": 1.9307012558
    },
    "barkbands_spread": {
        "dmean": 5.77170848846,
        "dmean2": 8.83861255646,
        "dvar": 64.7148666382,
        "dvar2": 136.441497803,
        "max": 129.432327271,
        "mean": 20.225561142,
        "median": 16.4651908875,
        "min": 0.464686185122,
        "var": 218.682159424
    },
    "dissonance": {
        "dmean": 0.0230000130832,
        "dmean2": 0.0388251170516,
        "dvar": 0.000513546867296,
        "dvar2": 0.00140077900141,
        "max": 0.500000119209,
        "mean": 0.457307994366,
        "median": 0.466554671526,
        "min": 0.18437936902,
        "var": 0.00126430590171
    },
    "dynamic_complexity": 2.8242456913,
    "erbbands_crest": {
        "dmean": 3.12874627113,
        "dmean2": 5.02822732925,
        "dvar": 8.16054344177,
        "dvar2": 20.2272281647,
        "max": 32.4648399353,
        "mean": 11.0344867706,
        "median": 9.78761005402,
        "min": 2.0697426796,
        "var": 32.8484954834
    },
    "erbbands_flatness_db": {
        "dmean": 0.0184926912189,
        "dmean2": 0.0271707456559,
        "dvar": 0.000326390640112,
        "dvar2": 0.000686854938976,
        "max": 0.394093036652,
        "mean": 0.170715719461,
        "median": 0.163584202528,
        "min": 0.0528727434576,
        "var": 0.00359605439007
    },
    "erbbands_kurtosis": {
        "dmean": 1.44351267815,
        "dmean2": 2.31237149239,
        "dvar": 4.7325220108,
        "dvar2": 11.7650299072,
        "max": 43.2454948425,
        "mean": 1.73988819122,
        "median": 0.658629655838,
        "min": -1.85190439224,
        "var": 14.7462100983
    },
    "erbbands_skewness": {
        "dmean": 0.420547187328,
        "dmean2": 0.648156821728,
        "dvar": 0.16670781374,
        "dvar2": 0.390096515417,
        "max": 6.19235754013,
        "mean": 0.983656704426,
        "median": 0.951602697372,
        "min": -3.1939702034,
        "var": 0.832683146
    },
    "erbbands_spread": {
        "dmean": 8.12879753113,
        "dmean2": 12.3311338425,
        "dvar": 88.7403411865,
        "dvar2": 190.053512573,
        "max": 127.206848145,
        "mean": 37.3569030762,
        "median": 34.2389068604,
        "min": 2.93009328842,
        "var": 431.28012085
    },
    "hfc": {
        "dmean": 8.65912437439,
        "dmean2": 13.6529140472,
        "dvar": 262.332519531,
        "dvar2": 663.734436035,
        "max": 227.306610107,
        "mean": 25.6262454987,
        "median": 19.8446655273,
        "min": 1.17738320822e-16,
        "var": 538.470031738
    },
    "melbands_crest": {
        "dmean": 3.46664738655,
        "dmean2": 5.57373571396,
        "dvar": 10.374920845,
        "dvar2": 25.3527565002,
        "max": 38.530582428,
        "mean": 14.9981365204,
        "median": 13.7290239334,
        "min": 2.42132019997,
        "var": 38.8103713989
    },
    "melbands_flatness_db": {
        "dmean": 0.0272358711809,
        "dmean2": 0.0408602580428,
        "dvar": 0.00094190845266,
        "dvar2": 0.00204399926588,
        "max": 0.569452822208,
        "mean": 0.195770934224,
        "median": 0.181710109115,
        "min": 0.00810362864286,
        "var": 0.00620454456657
    },
    "melbands_kurtosis": {
        "dmean": 8.59619998932,
        "dmean2": 13.0231771469,
        "dvar": 398.381286621,
        "dvar2": 856.408325195,
        "max": 975.329528809,
        "mean": 17.5534687042,
        "median": 7.90280532837,
        "min": -1.72237110138,
        "var": 1487.56542969
    },
    "melbands_skewness": {
        "dmean": 0.74045664072,
        "dmean2": 1.11329257488,
        "dvar": 0.8863889575,
        "dvar2": 1.74990856647,
        "max": 26.4634532928,
        "mean": 2.61009693146,
        "median": 2.15473198891,
        "min": -1.38219082355,
        "var": 4.43500185013
    },
    "melbands_spread": {
        "dmean": 6.64254331589,
        "dmean2": 10.4799175262,
        "dvar": 104.6251297,
        "dvar2": 220.700805664,
        "max": 192.792282104,
        "mean": 21.1056842804,
        "median": 17.1474056244,
        "min": 0.224437251687,
        "var": 304.54977417
    },
    "pitch_salience": {
        "dmean": 0.0743480473757,
        "dmean2": 0.118237897754,
        "dvar": 0.00533969048411,
        "dvar2": 0.0123040089384,
        "max": 0.956471264362,
        "mean": 0.546321392059,
        "median": 0.563567757607,
        "min": 0.0202878415585,
        "var": 0.020248092711
    },
    "silence_rate_20dB": {
        "dmean": 0,
        "dmean2": 0,
        "dvar": 0,
        "dvar2": 0,
        "max": 1,
        "mean": 1,
        "median": 1,
        "min": 1,
        "var": 0
    },
    "silence_rate_30dB": {
        "dmean": 0.00187573267613,
        "dmean2": 0.00375190516934,
        "dvar": 0.00187205360271,
        "dvar2": 0.00490964576602,
        "max": 1,
        "mean": 0.996014535427,
        "median": 1,
        "min": 0,
        "var": 0.00396898528561
    },
    "silence_rate_60dB": {
        "dmean": 0.00656506465748,
        "dmean2": 0.0131316687912,
        "dvar": 0.00652154907584,
        "dvar2": 0.0146022960544,
        "max": 1,
        "mean": 0.025788301602,
        "median": 0,
        "min": 0,
        "var": 0.0251259617507
    },
    "spectral_centroid": {
        "dmean": 255.612960815,
        "dmean2": 401.122894287,
        "dvar": 110136.421875,
        "dvar2": 231803.78125,
        "max": 10936.3671875,
        "mean": 1277.12426758,
        "median": 1198.52087402,
        "min": 184.016082764,
        "var": 422889.9375
    },
    "spectral_complexity": {
        "dmean": 3.97139501572,
        "dmean2": 6.24387407303,
        "dvar": 23.0414085388,
        "dvar2": 52.3414916992,
        "max": 57,
        "mean": 19.5367488861,
        "median": 19,
        "min": 0,
        "var": 101.248344421
    },
    "spectral_decrease": {
        "dmean": 2.16863171865e-09,
        "dmean2": 3.48310713605e-09,
        "dvar": 6.258063462e-18,
        "dvar2": 1.61476772878e-17,
        "max": -6.18359470765e-29,
        "mean": -7.53375051232e-09,
        "median": -6.91082169268e-09,
        "min": -5.09626332246e-08,
        "var": 2.55460802465e-17
    },
    "spectral_energy": {
        "dmean": 0.00865138880908,
        "dmean2": 0.0138415629044,
        "dvar": 9.83985592029e-05,
        "dvar2": 0.000252815923886,
        "max": 0.1930513978,
        "mean": 0.0307584665716,
        "median": 0.0285516548902,
        "min": 1.09126020415e-20,
        "var": 0.000408331339713
    },
    "spectral_energyband_high": {
        "dmean": 0.000670382694807,
        "dmean2": 0.00103102624416,
        "dvar": 2.59731336882e-06,
        "dvar2": 6.37690800431e-06,
        "max": 0.0211569685489,
        "mean": 0.00132219912484,
        "median": 0.000688853964675,
        "min": 7.71668392398e-21,
        "var": 3.81100562663e-06
    },
    "spectral_energyband_low": {
        "dmean": 0.00345081579871,
        "dmean2": 0.00542319379747,
        "dvar": 5.75335507165e-05,
        "dvar2": 0.000141608310514,
        "max": 0.185998111963,
        "mean": 0.00823283754289,
        "median": 0.00273776706308,
        "min": 1.07633090676e-22,
        "var": 0.0002061638952
    },
    "spectral_energyband_middle_high": {
        "dmean": 0.00198570103385,
        "dmean2": 0.00321469828486,
        "dvar": 1.13828573376e-05,
        "dvar2": 3.04983041133e-05,
        "max": 0.0793623551726,
        "mean": 0.00560195883736,
        "median": 0.0033790608868,
        "min": 1.76747938556e-21,
        "var": 5.20665380463e-05
    },
    "spectral_energyband_middle_low": {
        "dmean": 0.0063968161121,
        "dmean2": 0.0104765221477,
        "dvar": 6.1081329477e-05,
        "dvar2": 0.000161222575116,
        "max": 0.107826545835,
        "mean": 0.0165129639208,
        "median": 0.0137031767517,
        "min": 3.41610875995e-22,
        "var": 0.000169281513081
    },
    "spectral_entropy": {
        "dmean": 0.175172686577,
        "dmean2": 0.262528002262,
        "dvar": 0.0431259945035,
        "dvar2": 0.0980666279793,
        "max": 9.79496479034,
        "mean": 7.61681318283,
        "median": 7.70819616318,
        "min": 5.43636655807,
        "var": 0.263527423143
    },
    "spectral_flux": {
        "dmean": 0.025032479316,
        "dmean2": 0.038109395653,
        "dvar": 0.000719647156075,
        "dvar2": 0.00130571587943,
        "max": 0.283031880856,
        "mean": 0.0893623903394,
        "median": 0.08156709373,
        "min": 1.04463403205e-10,
        "var": 0.00226826220751
    },
    "spectral_kurtosis": {
        "dmean": 1.33859789371,
        "dmean2": 2.21925735474,
        "dvar": 4.17783927917,
        "dvar2": 11.3446455002,
        "max": 62.865737915,
        "mean": 3.5757651329,
        "median": 2.71963214874,
        "min": -1.19432890415,
        "var": 9.94604873657
    },
    "spectral_rms": {
        "dmean": 0.00074380938895,
        "dmean2": 0.00117322744336,
        "dvar": 5.54485723114e-07,
        "dvar2": 1.3297139958e-06,
        "max": 0.0137238055468,
        "mean": 0.00515618175268,
        "median": 0.0052778092213,
        "min": 3.26288844034e-12,
        "var": 3.42206089954e-06
    },
    "spectral_rolloff": {
        "dmean": 568.602233887,
        "dmean2": 947.817260742,
        "dvar": 1234154.625,
        "dvar2": 2687308,
        "max": 18497.0214844,
        "mean": 1485.43676758,
        "median": 904.39453125,
        "min": 43.06640625,
        "var": 2696540
    },
    "spectral_skewness": {
        "dmean": 0.19816596806,
        "dmean2": 0.310031741858,
        "dvar": 0.050209634006,
        "dvar2": 0.116686500609,
        "max": 5.65544605255,
        "mean": 1.47115445137,
        "median": 1.37882018089,
        "min": -0.13268597424,
        "var": 0.238513112068
    },
    "spectral_spread": {
        "dmean": 515617.96875,
        "dmean2": 729749.25,
        "dvar": 534210478080,
        "dvar2": 839289667584,
        "max": 41457320,
        "mean": 5083166,
        "median": 4867733,
        "min": 1211487.875,
        "var": 2.78673752064e+12
    },
    "spectral_strongpeak": {
        "dmean": 0.563762843609,
        "dmean2": 0.934454262257,
        "dvar": 0.544200778008,
        "dvar2": 1.35278892517,
        "max": 12.2494688034,
        "mean": 1.35576534271,
        "median": 0.760340213776,
        "min": 0,
        "var": 1.88737225533
    },
    "zerocrossingrate": {
        "dmean": 0.0109709296376,
        "dmean2": 0.012709338218,
        "dvar": 0.000212896455196,
        "dvar2": 0.000230810794164,
        "max": 0.6220703125,
        "mean": 0.0641861185431,
        "median": 0.056640625,
        "min": 0.00146484375,
        "var": 0.00175421359017
    },
    "barkbands": {
        "dmean": [0.000203985022381, 0.00289654009975, 0.00116582156625, 0.00105266203173, 0.00191830820404, 0.00166601187084, 0.00081236945698, 0.00133174099028, 0.00244785728864, 0.00126207678113, 0.000474352680612, 0.000468331272714, 0.000344074331224, 0.000264076748863, 0.000183380761882, 0.000137453287607, 0.000167768681422, 0.00012080687884, 0.000152049513417, 0.000128134372062, 0.000126205384731, 0.000147687635035, 0.000140909454785, 0.000119842050481, 0.000110923436296, 5.28281416337e-05, 3.91390949517e-06],
        "dmean2": [0.000299858744256, 0.00443804217502, 0.00209800340235, 0.00184090784751, 0.00311714876443, 0.00269970297813, 0.00130363786593, 0.00212049228139, 0.0039516533725, 0.00205268710852, 0.000786764372606, 0.00076652423013, 0.000571225420572, 0.000439853203716, 0.000304439105093, 0.000228432982112, 0.000276370701613, 0.000204028649023, 0.000256816769252, 0.000216512824409, 0.000204749536351, 0.000236775173107, 0.000216004802496, 0.000186705452506, 0.000175260254764, 8.15313251223e-05, 6.21419076197e-06],
        "dvar": [6.52791072753e-07, 4.37985436292e-05, 2.34912713495e-05, 8.40011762193e-06, 1.31244614749e-05, 1.0482853213e-05, 4.34471485278e-06, 9.7359306892e-06, 2.50109169428e-05, 8.71404336067e-06, 2.53332905231e-06, 1.01487046322e-06, 5.14276166541e-07, 2.46426083095e-07, 1.53123778546e-07, 9.70496927266e-08, 8.74697505537e-08, 4.77691912693e-08, 9.3512760202e-08, 5.85237280859e-08, 5.81052148618e-08, 9.06482213736e-08, 1.13526070322e-07, 1.02183015827e-07, 1.27768458924e-07, 2.68665178993e-08, 2.45133413568e-10],
        "dvar2": [1.19134131182e-06, 0.000104693957837, 6.58886128804e-05, 2.32313559536e-05, 3.31339833792e-05, 2.54864407907e-05, 1.04499413283e-05, 2.46045565291e-05, 6.65636252961e-05, 2.40657645918e-05, 6.8255703809e-06, 2.51311053034e-06, 1.28773638153e-06, 6.2178025928e-07, 3.95053803004e-07, 2.62634017645e-07, 2.21767635367e-07, 1.28086071527e-07, 2.54654651144e-07, 1.59586505788e-07, 1.45050208289e-07, 2.17036870254e-07, 2.72537050705e-07, 2.50718983352e-07, 3.26228416725e-07, 6.59713563778e-08, 5.90630322428e-10],
        "max": [0.0661863535643, 0.137229830027, 0.0455107688904, 0.0410644076765, 0.0721507519484, 0.0531949028373, 0.0564592853189, 0.0656480565667, 0.0807920694351, 0.0523497723043, 0.0515690520406, 0.0228356961161, 0.0227430574596, 0.00972677394748, 0.0113883987069, 0.0119899651036, 0.00776986731216, 0.00470602186397, 0.00419512577355, 0.00393154844642, 0.00452054664493, 0.0061620674096, 0.00497630983591, 0.00498758535832, 0.00534023484215, 0.00272862473503, 0.00027587270597],
        "mean": [0.000467747246148, 0.00628911331296, 0.000993812340312, 0.00114770792425, 0.00321044004522, 0.00283042364754, 0.00147645245306, 0.00216247001663, 0.00466001918539, 0.00232016597874, 0.000731262669433, 0.00076192128472, 0.000523441412952, 0.000443206285127, 0.000316554651363, 0.000233631799347, 0.000293668039376, 0.000210523197893, 0.000266599090537, 0.000226101226872, 0.00024065154139, 0.000284784211544, 0.00023765352671, 0.000191514569451, 0.000157378744916, 7.69719918026e-05, 4.28460771218e-06],
        "median": [5.25024843228e-05, 0.00144523358904, 0.000228466873523, 0.000219532841584, 0.00139277335256, 0.00146199250594, 0.000551729579456, 0.000557943654712, 0.0010836510919, 0.000629186630249, 0.000183257900062, 0.000272980367299, 0.000189070211491, 0.000162642885698, 0.000130117870867, 0.000120527001854, 0.000144188146805, 0.000126687402371, 0.000140190430102, 0.000128959887661, 0.000136821283377, 0.000142424905789, 9.90223124973e-05, 5.91414973314e-05, 3.69315166608e-05, 9.73387250269e-06, 8.69251337576e-09],
        "min": [3.7243271917e-23, 2.44665872397e-23, 3.54294819029e-23, 4.74832796901e-23, 1.88108237362e-23, 1.43729762734e-23, 6.90228174737e-23, 1.56346955513e-22, 3.35503363406e-23, 5.60778687654e-23, 2.03791202366e-23, 1.07058130983e-22, 2.09043230013e-22, 1.19026349984e-22, 1.70873519849e-22, 1.67994202789e-22, 2.86845551869e-22, 1.59737479684e-22, 3.36800541035e-22, 3.82728603538e-22, 3.49908152862e-22, 6.16176753957e-22, 5.67231733942e-22, 7.83198726701e-22, 1.1756354943e-21, 1.99820441338e-21, 2.23480876473e-21],
        "var": [6.28290490567e-06, 0.000135476439027, 1.45053554661e-05, 7.48093589209e-06, 2.50933753705e-05, 1.99780843104e-05, 1.13154655992e-05, 2.26549691433e-05, 7.04965204932e-05, 2.1854753868e-05, 5.9205767684e-06, 2.19265575652e-06, 9.49856769239e-07, 5.95444419105e-07, 3.48296765651e-07, 1.55341396635e-07, 1.86139686775e-07, 7.03175331296e-08, 1.31472305043e-07, 7.98717181283e-08, 9.41506925756e-08, 1.86210584729e-07, 1.6211890852e-07, 1.37069420703e-07, 1.39042697356e-07, 3.32508456324e-08, 2.6918103857e-10]
    },
    "erbbands": {
        "dmean": [0.108930841088, 0.626550793648, 1.22806632519, 2.53052330017, 4.75670289993, 6.59635686874, 13.2132806778, 13.0352163315, 11.7347688675, 12.6483287811, 35.8057403564, 55.038848877, 49.7400894165, 28.66198349, 15.9091291428, 19.2626647949, 14.9623432159, 14.273850441, 9.04326820374, 8.94984149933, 8.07741355896, 7.56264638901, 6.20582056046, 6.90902233124, 7.43274593353, 6.16281795502, 5.49167919159, 4.98394346237, 5.46947717667, 5.06193828583, 3.63691473007, 2.6977994442, 1.99878668785, 1.39073622227, 0.732768833637, 0.291174173355, 0.085192784667, 0.0153993079439, 0.000445386976935, 2.22738290176e-05],
        "dmean2": [0.159187972546, 0.959697961807, 2.11194992065, 4.45604372025, 7.95823526382, 10.648519516, 21.3951339722, 21.0655822754, 19.0085010529, 20.3617401123, 56.5290145874, 89.2335281372, 80.7945404053, 46.109249115, 26.1028556824, 31.1770458221, 24.7946777344, 23.4202537537, 15.2103614807, 14.6587591171, 13.2735929489, 12.4556112289, 10.3164272308, 11.7924232483, 12.4562206268, 10.4221229553, 9.09509944916, 8.02720355988, 8.74419975281, 8.01213169098, 5.58259105682, 4.23215818405, 3.1402862072, 2.21118736267, 1.16589081287, 0.457701653242, 0.131227895617, 0.0237797033042, 0.000673597620334, 3.4012227843e-05],
        "dvar": [0.0618808455765, 2.2337076664, 21.288192749, 64.6276092529, 120.899360657, 218.187683105, 726.491882324, 831.701416016, 800.667907715, 1502.3560791, 6350.67578125, 15242.78125, 14674.6552734, 4654.69482422, 1745.25439453, 1882.55773926, 1005.83129883, 763.619445801, 378.75982666, 322.636932373, 297.749603271, 178.788772583, 112.10534668, 223.187408447, 200.192886353, 135.673782349, 108.428565979, 99.2571868896, 124.05355835, 132.82434082, 76.5177078247, 50.7301330566, 29.397693634, 23.073097229, 4.84173870087, 0.74671959877, 0.069032356143, 0.00349013530649, 2.90691400551e-06, 3.06152103668e-09],
        "dvar2": [0.136170685291, 5.36266899109, 57.4638557434, 182.575302124, 316.341278076, 541.160400391, 1859.8145752, 2012.16955566, 2113.85473633, 3504.26733398, 16262.2998047, 40313.3984375, 41416.0742188, 11464.9511719, 4318.07373047, 4720.35888672, 2507.94775391, 1895.11096191, 1018.75238037, 815.94732666, 816.802307129, 448.88973999, 294.760772705, 616.200378418, 539.776916504, 371.264892578, 284.454559326, 236.579284668, 292.068054199, 328.604858398, 179.22996521, 122.281181335, 73.9847106934, 60.7914047241, 12.2363901138, 1.8548489809, 0.170125603676, 0.00820677634329, 6.39477639197e-06, 6.78559208822e-09],
        "max": [9.10643291473, 31.4111461639, 48.6252555847, 103.229187012, 192.48739624, 352.411407471, 403.780548096, 531.632873535, 845.533874512, 986.219482422, 1765.63842773, 2419.82202148, 2597.734375, 1802.37658691, 1772.2857666, 1108.49450684, 835.317749023, 532.93951416, 410.127990723, 479.723510742, 703.371520996, 374.760101318, 276.861633301, 216.977935791, 179.279159546, 233.128341675, 228.849182129, 200.251113892, 306.303466797, 190.394943237, 142.133239746, 117.892936707, 75.4172210693, 77.7995986938, 31.9801483154, 14.7761325836, 4.10765838623, 1.09958183765, 0.0486925877631, 0.00166745553724],
        "mean": [0.239187896252, 1.16226613522, 1.33893883228, 2.6307413578, 6.75928211212, 10.5470628738, 21.34400177, 21.5637226105, 21.7183380127, 23.8983917236, 61.7181587219, 99.0593032837, 105.260429382, 55.0849151611, 28.2604255676, 32.6972465515, 24.9447841644, 25.7491016388, 16.300485611, 16.0243453979, 14.5234880447, 14.2306203842, 12.2649326324, 12.2566270828, 13.0866804123, 11.1713466644, 10.4189252853, 9.31614494324, 10.422917366, 8.83612060547, 6.35333776474, 4.35294723511, 3.02669286728, 1.95065128803, 1.00714850426, 0.418207168579, 0.123214289546, 0.0200860798359, 0.00060867657885, 5.73787147005e-05],
        "median": [0.0496200509369, 0.267750501633, 0.394648879766, 0.700461924076, 1.84474992752, 4.03090143204, 8.69126987457, 10.2832746506, 10.8030004501, 7.68894672394, 19.620929718, 27.5286102295, 23.978717804, 18.1428833008, 11.1702642441, 12.3772735596, 10.4322137833, 9.73770523071, 7.27480459213, 7.21943569183, 7.79818248749, 7.82528305054, 7.72313594818, 6.95185565948, 6.74241161346, 6.59595394135, 6.29507923126, 4.90291166306, 5.24590539932, 4.19503307343, 2.59690952301, 1.3717854023, 0.916960537434, 0.491472929716, 0.21195833385, 0.0678735002875, 0.0120957307518, 0.000710172927938, 4.35459551227e-05, 4.17379851569e-05],
        "min": [1.26131876379e-21, 3.81132151015e-21, 2.69635886559e-20, 1.27688911404e-19, 9.44198816507e-20, 5.89049531366e-20, 5.8282784069e-20, 1.76306568229e-19, 1.09752112452e-18, 1.17334277421e-18, 3.37002666656e-18, 8.57128479835e-19, 1.06188483956e-18, 1.92775868642e-18, 1.7020959571e-18, 3.88417173644e-18, 8.28435280106e-18, 7.96791403055e-18, 8.38012790829e-18, 8.32774007855e-18, 1.1795503718e-17, 1.36319307046e-17, 8.91987483851e-18, 1.78531003721e-17, 1.44681201412e-17, 1.36902279126e-17, 1.47043927027e-17, 1.91019445737e-17, 2.1661008124e-17, 1.50095661004e-17, 1.7590215756e-17, 1.65611633693e-17, 1.20547727276e-17, 1.16062836713e-17, 8.92114538793e-18, 6.82757855451e-18, 3.8026861743e-18, 1.38111224271e-18, 3.03316739167e-19, 3.40632136144e-20],
        "var": [0.272070348263, 4.99669218063, 16.1958560944, 46.1882362366, 182.183120728, 412.4324646, 1255.85949707, 1487.73730469, 1948.83276367, 4256.171875, 15643.9951172, 34950.09375, 44391.5625, 15309.1347656, 4094.00830078, 4009.04174805, 1933.70800781, 1963.0291748, 851.238647461, 808.394470215, 462.916412354, 404.318084717, 220.158615112, 272.31652832, 297.974395752, 187.699081421, 163.320068359, 169.0912323, 255.504425049, 202.193191528, 116.618614197, 70.3813858032, 36.01795578, 22.8428516388, 5.47919559479, 0.904913246632, 0.0867839977145, 0.00400934414938, 3.84362238037e-06, 4.91421481286e-09]
    },
    "gfcc": {
        "mean": [4.26214075089, 84.9252090454, -125.229560852, 26.2715530396, -79.7679290771, 14.3923463821, -33.3302688599, 11.6411180496, -19.8538150787, 2.00636553764, -12.9462270737, 1.08438062668, -2.86651492119],
        "cov": [[5575.21679688, -1950.63500977, 628.248413086, -135.851791382, -107.670204163, 434.459686279, -271.862884521, 476.128570557, -300.005828857, 408.826538086, -376.604797363, 413.091125488, -375.372833252], [-1950.63500977, 2693.36791992, 162.909362793, 658.376464844, 398.956573486, -250.109024048, 362.61239624, -271.446929932, 366.470184326, -258.512939453, 430.664703369, -294.910705566, 377.548065186], [628.248413086, 162.909362793, 1423.34472656, 582.811401367, 268.20980835, 120.99710083, -134.451416016, 100.176597595, -68.530960083, 124.440238953, 3.26592111588, 137.582885742, -43.3017883301], [-135.851791382, 658.376464844, 582.811401367, 740.960632324, 241.317703247, -0.333163112402, 49.1074676514, 5.52563810349, 105.235488892, -1.08569788933, 133.311309814, -13.9923620224, 127.62020874], [-107.670204163, 398.956573486, 268.20980835, 241.317703247, 357.218078613, 48.1293792725, 130.843154907, 27.9252662659, 77.5805740356, 19.2483882904, 60.2005958557, 23.1373538971, 26.8578491211], [434.459686279, -250.109024048, 120.99710083, -0.333163112402, 48.1293792725, 346.425720215, 69.0669174194, 136.223083496, 23.8276901245, 68.4490432739, -15.5496644974, 53.7199516296, -20.93227005], [-271.862884521, 362.61239624, -134.451416016, 49.1074676514, 130.843154907, 69.0669174194, 312.128326416, 20.0806503296, 128.027557373, -7.43503475189, 81.7249603271, -21.3261432648, 48.1357040405], [476.128570557, -271.446929932, 100.176597595, 5.52563810349, 27.9252662659, 136.223083496, 20.0806503296, 203.775772095, 17.8194656372, 83.2106170654, -29.5521907806, 58.961063385, -28.0009288788], [-300.005828857, 366.470184326, -68.530960083, 105.235488892, 77.5805740356, 23.8276901245, 128.027557373, 17.8194656372, 206.821166992, 0.902545154095, 97.8699111938, -31.9073314667, 84.7503433228], [408.826538086, -258.512939453, 124.440238953, -1.08569788933, 19.2483882904, 68.4490432739, -7.43503475189, 83.2106170654, 0.902545154095, 151.45362854, -14.2535076141, 88.1502304077, -36.003818512], [-376.604797363, 430.664703369, 3.26592111588, 133.311309814, 60.2005958557, -15.5496644974, 81.7249603271, -29.5521907806, 97.8699111938, -14.2535076141, 167.460647583, -20.0346946716, 93.8692550659], [413.091125488, -294.910705566, 137.582885742, -13.9923620224, 23.1373538971, 53.7199516296, -21.3261432648, 58.961063385, -31.9073314667, 88.1502304077, -20.0346946716, 166.113525391, -39.4910812378], [-375.372833252, 377.548065186, -43.3017883301, 127.62020874, 26.8578491211, -20.93227005, 48.1357040405, -28.0009288788, 84.7503433228, -36.003818512, 93.8692550659, -39.4910812378, 156.955780029]],
        "icov": [[0.000327670626575, -7.44486260373e-06, 1.93609084818e-05, -0.00014241754252, 0.00012880426948, -0.000166874247952, 9.18613950489e-05, -0.000380292593036, 0.000165382734849, -0.000331332732458, 0.000348964851582, -0.000347305816831, 0.000320996739902], [-7.44486260373e-06, 0.00173432438169, -0.0005894995993, -5.5135446928e-06, -0.000897713645827, 0.000811323232483, -0.000955553492531, 0.00093885010574, -0.000820738612674, 0.00119194970466, -0.00188739574514, 0.00164978590328, -0.00136495043989], [1.93609084818e-05, -0.0005894995993, 0.00189652992412, -0.00137826555874, -0.000433603097918, -0.00075299985474, 0.00128976406995, -0.000414137146436, 0.000948584929574, -0.000941102742217, 0.000505794363562, -0.00111298752017, 0.00130193086807], [-0.00014241754252, -5.5135446928e-06, -0.00137826555874, 0.00332793570124, -0.000917064782698, 0.000493687810376, -8.89091024874e-05, -3.34628530254e-05, -0.000639830424916, 0.000412754336139, -0.000893439690117, 0.000811837962829, -0.00199069245718], [0.00012880426948, -0.000897713645827, -0.000433603097918, -0.000917064782698, 0.00532082095742, -0.000385826540878, -0.00154496217147, -0.000564116751775, -0.000217984212213, -0.000424855359597, 0.00113184703514, -0.00158182764426, 0.00145005166996], [-0.000166874247952, 0.000811323232483, -0.00075299985474, 0.000493687810376, -0.000385826540878, 0.00473699672148, -0.00162634567823, -0.00175244361162, -0.000527356227394, 0.00049560732441, -0.000755998189561, 0.000753991305828, -0.00103565643076], [9.18613950489e-05, -0.000955553492531, 0.00128976406995, -8.89091024874e-05, -0.00154496217147, -0.00162634567823, 0.00637857522815, -0.000713844434358, -0.00145719083957, -0.000425255391747, -0.000280648673652, -0.000909516937099, 0.0015385489678], [-0.000380292593036, 0.00093885010574, -0.000414137146436, -3.34628530254e-05, -0.000564116751775, -0.00175244361162, -0.000713844434358, 0.00922415591776, -0.00195667799562, -0.0018242317019, 0.000382639846066, 0.00064325745916, -0.000956483243499], [0.000165382734849, -0.000820738612674, 0.000948584929574, -0.000639830424916, -0.000217984212213, -0.000527356227394, -0.00145719083957, -0.00195667799562, 0.00988987646997, -0.0022437882144, -0.00170691963285, 0.000532183388714, -0.0014836183982], [-0.000331332732458, 0.00119194970466, -0.000941102742217, 0.000412754336139, -0.000424855359597, 0.00049560732441, -0.000425255391747, -0.0018242317019, -0.0022437882144, 0.0128723587841, -0.00222459551878, -0.00319365900941, 0.000380182143999], [0.000348964851582, -0.00188739574514, 0.000505794363562, -0.000893439690117, 0.00113184703514, -0.000755998189561, -0.000280648673652, 0.000382639846066, -0.00170691963285, -0.00222459551878, 0.0139275724068, -0.00286913616583, -0.00253963866271], [-0.000347305816831, 0.00164978590328, -0.00111298752017, 0.000811837962829, -0.00158182764426, 0.000753991305828, -0.000909516937099, 0.00064325745916, 0.000532183388714, -0.00319365900941, -0.00286913616583, 0.0115526700392, -0.00139861169737], [0.000320996739902, -0.00136495043989, 0.00130193086807, -0.00199069245718, 0.00145005166996, -0.00103565643076, 0.0015385489678, -0.000956483243499, -0.0014836183982, 0.000380182143999, -0.00253963866271, -0.00139861169737, 0.0134265674278]]
    },
    "melbands": {
        "dmean": [0.000875572033692, 0.000643362174742, 0.000489430502057, 0.000395905430196, 0.00041238614358, 0.000291690987069, 0.000174902073923, 0.000153856861289, 0.000315734738251, 0.000356348289642, 0.000249616830843, 0.000122196433949, 6.01063984504e-05, 5.67477582081e-05, 3.83236983907e-05, 3.38728968927e-05, 2.63007950707e-05, 1.56155001605e-05, 1.31310362121e-05, 1.06459629023e-05, 1.07108417069e-05, 8.54744666867e-06, 8.20286641101e-06, 5.93286540607e-06, 5.96541531195e-06, 6.5096628532e-06, 4.49858271168e-06, 4.31430044046e-06, 4.01351235269e-06, 3.08932294502e-06, 3.02666603602e-06, 3.40577503266e-06, 2.90075786324e-06, 3.06963374896e-06, 2.20112019633e-06, 1.91224671653e-06, 1.6729378558e-06, 1.46486172525e-06, 1.32755610593e-06, 1.16676221751e-06],
        "dmean2": [0.00129819754511, 0.00102277786937, 0.000845467846375, 0.000646611151751, 0.000666908163112, 0.000472397310659, 0.000282685243292, 0.000247634015977, 0.000500491820276, 0.00057806976838, 0.00040523862117, 0.000196603592485, 9.90576809272e-05, 9.35090502026e-05, 6.24965978204e-05, 5.6318098359e-05, 4.33670866187e-05, 2.63791553152e-05, 2.16842017835e-05, 1.75778204721e-05, 1.76606390596e-05, 1.42052367664e-05, 1.35722775667e-05, 9.97183633444e-06, 1.02698668343e-05, 1.09443881229e-05, 7.64520336816e-06, 7.32259877623e-06, 6.68941675031e-06, 5.07950107931e-06, 4.89893682243e-06, 5.53814970772e-06, 4.61463196189e-06, 4.92600975122e-06, 3.40879046234e-06, 3.01184172713e-06, 2.68584381047e-06, 2.31122021432e-06, 2.16919033846e-06, 1.86932879842e-06],
        "dvar": [3.83651058655e-06, 3.46270803675e-06, 1.85391343166e-06, 7.09969185664e-07, 6.59013551285e-07, 3.75686198595e-07, 1.72200557813e-07, 1.83859981462e-07, 4.34763137491e-07, 6.02004604389e-07, 3.67504071619e-07, 8.38489739863e-08, 3.12702717054e-08, 1.52620618366e-08, 7.18661175014e-09, 4.75754324825e-09, 2.59188182028e-09, 1.09427955586e-09, 8.73569383497e-10, 5.408125614e-10, 4.71248762235e-10, 2.57102922285e-10, 2.09735728784e-10, 1.09384813707e-10, 1.71056363518e-10, 1.556120649e-10, 7.52496676082e-11, 6.43649647469e-11, 5.82884573941e-11, 3.82180814773e-11, 3.58042692716e-11, 4.9263090135e-11, 3.42823755495e-11, 5.40864228404e-11, 2.4371211646e-11, 2.84344475049e-11, 1.83055619274e-11, 1.47681450402e-11, 1.81288716677e-11, 1.6764811761e-11],
        "dvar2": [8.91148374649e-06, 8.67979360919e-06, 5.12950600751e-06, 1.78577477072e-06, 1.68424730873e-06, 9.11219160571e-07, 4.45464962695e-07, 4.37209735082e-07, 1.11315068807e-06, 1.61141963417e-06, 1.03317847788e-06, 2.04608355148e-07, 7.85352227695e-08, 3.84583387358e-08, 1.75475438624e-08, 1.21523910934e-08, 6.45020037382e-09, 2.9322486661e-09, 2.26199770026e-09, 1.38639622005e-09, 1.28136390387e-09, 6.64747923373e-10, 5.28159183055e-10, 2.91705160027e-10, 4.73987737948e-10, 4.17388429375e-10, 2.07281164455e-10, 1.76875569746e-10, 1.52651224994e-10, 9.67974936317e-11, 8.6912553543e-11, 1.19882201388e-10, 8.16440734464e-11, 1.37189579141e-10, 5.56129794993e-11, 6.98652455333e-11, 4.48483888915e-11, 3.68152903996e-11, 4.89371043688e-11, 4.40274552926e-11],
        "max": [0.0572548918426, 0.0248934421688, 0.0171881988645, 0.0196526423097, 0.0122489836067, 0.011084488593, 0.0115547506139, 0.0104528637603, 0.0128494659439, 0.0155526408926, 0.012692223303, 0.00678205676377, 0.00555598549545, 0.00318135763519, 0.00197919877246, 0.00267642945983, 0.000939748890232, 0.000887570960913, 0.00100049900357, 0.000784140022006, 0.000708521925844, 0.000442314107204, 0.000528005533852, 0.000190577440662, 0.000193262647372, 0.000145054320456, 0.000125986087369, 0.000145965095726, 0.000161632997333, 0.00012092981342, 0.000114446396765, 0.000191368308151, 0.000133208581246, 0.000109284861537, 7.54653592594e-05, 9.33354167501e-05, 7.55161818233e-05, 7.76995511842e-05, 6.70464069117e-05, 6.22982479399e-05],
        "mean": [0.00193111749832, 0.000997536350042, 0.000572334101889, 0.00061783118872, 0.000689603679348, 0.0004915331956, 0.000327018555254, 0.000275822705589, 0.000531861209311, 0.000657901866361, 0.00051455036737, 0.000223147813813, 9.84283178695e-05, 9.06064815354e-05, 6.20004720986e-05, 5.46917362954e-05, 4.54022920167e-05, 2.5574276151e-05, 2.23230181291e-05, 1.8069118596e-05, 1.75621771632e-05, 1.45815902215e-05, 1.41684658956e-05, 1.00601382655e-05, 9.6674393717e-06, 1.07143996502e-05, 7.57003363105e-06, 7.30362989998e-06, 7.04202375346e-06, 5.31647719981e-06, 5.31645355295e-06, 6.0366633079e-06, 5.31857585884e-06, 4.7731241466e-06, 3.78017398361e-06, 2.97385349768e-06, 2.53765415437e-06, 2.1761741209e-06, 1.8429523152e-06, 1.57900592512e-06],
        "median": [0.000437691254774, 0.000310381990857, 0.000146768346895, 0.000214884450543, 0.000293954159133, 0.000245181727223, 0.000154731300427, 8.07307151263e-05, 0.000160552415764, 0.00015556080325, 0.000106565072201, 6.21397193754e-05, 3.04306522594e-05, 3.27949783241e-05, 2.36651103478e-05, 2.04662101169e-05, 1.59265400725e-05, 9.90533408185e-06, 9.12322138902e-06, 8.33142075862e-06, 8.39149470266e-06, 7.15709484211e-06, 7.50849858377e-06, 5.86334408581e-06, 5.07665117766e-06, 5.07006234329e-06, 4.03418925998e-06, 4.18662693846e-06, 4.00315730076e-06, 2.73066916634e-06, 2.69436782219e-06, 2.94330016004e-06, 2.50557695836e-06, 2.0353832042e-06, 1.51968777118e-06, 1.00695183392e-06, 7.41252051739e-07, 6.64114168103e-07, 5.00828264194e-07, 3.65826508641e-07],
        "min": [1.05057497686e-23, 1.15846795618e-23, 2.13493434193e-23, 4.54092081758e-24, 2.45148387059e-24, 5.11453274178e-24, 1.53778982919e-23, 1.94992405601e-23, 2.36840040896e-23, 4.39746606754e-24, 5.72661622902e-24, 8.46637077919e-24, 3.57832591976e-24, 1.3557540222e-23, 5.56511786349e-24, 2.70137843928e-23, 1.28077058435e-23, 1.26854813125e-23, 1.30028842309e-23, 1.0477027343e-23, 1.51256442403e-23, 1.66027862853e-23, 7.77564732603e-24, 9.21756120961e-24, 1.5487775572e-23, 1.15005317691e-23, 9.2383327061e-24, 9.8970449726e-24, 1.04571922244e-23, 9.49392285053e-24, 1.19014884679e-23, 1.28782031871e-23, 1.06091244682e-23, 7.47470004613e-24, 1.06094423791e-23, 9.63368849256e-24, 9.79425245234e-24, 6.83593964965e-24, 9.82415816926e-24, 1.05218583083e-23],
        "var": [1.4484005078e-05, 4.76435570818e-06, 1.59879380135e-06, 1.29754596401e-06, 1.19669300602e-06, 7.08206528088e-07, 4.10471500345e-07, 4.66509959551e-07, 1.05629487734e-06, 1.51826270667e-06, 1.09830273232e-06, 2.71934908369e-07, 7.55583826617e-08, 3.06752951929e-08, 1.36671083339e-08, 8.84340600749e-09, 6.58868781755e-09, 2.31857888444e-09, 1.97347493902e-09, 1.09102127333e-09, 7.38882122153e-10, 4.87689999495e-10, 4.28630769767e-10, 1.64174077111e-10, 1.95464089359e-10, 2.30100133392e-10, 9.90716536586e-11, 8.63264529305e-11, 8.37287045252e-11, 5.56030499421e-11, 6.0647514788e-11, 8.95814533663e-11, 7.41178854402e-11, 6.94303295412e-11, 3.94705101936e-11, 3.65140244429e-11, 2.42675480405e-11, 1.85827239013e-11, 1.77704170823e-11, 1.62725909136e-11]
    },
    "mfcc": {
        "mean": [-631.885559082, 110.182052612, 4.62255620956, 10.7660198212, -14.2147245407, -1.74051773548, -4.53276538849, 3.82313275337, 0.929070651531, 1.05717611313, 0.809929490089, -1.38245987892, -2.07197213173],
        "cov": [[4491, -1371.57885742, 96.5334091187, -337.271179199, -28.5496845245, 20.5767345428, 12.8469676971, 146.913284302, 37.8135604858, 166.854446411, 37.9129867554, 18.9288463593, 2.45287156105], [-1371.57885742, 1618.75305176, 151.06578064, 478.683074951, 191.151489258, 81.0532913208, 124.111755371, -5.04420614243, 51.8170433044, -9.89551258087, 43.2567138672, 36.1939735413, 74.1107177734], [96.5334091187, 151.06578064, 1018.9274292, 472.968414307, 380.360076904, 131.066390991, 79.32421875, 9.45149612427, 17.5855712891, -41.5772247314, 10.4213142395, 61.1239395142, 76.7516555786], [-337.271179199, 478.683074951, 472.968414307, 722.327880859, 304.500671387, 81.268951416, 80.7803955078, -9.25507831573, 41.7523384094, -8.45105361938, -16.2042827606, 67.6922073364, 85.814491272], [-28.5496845245, 191.151489258, 380.360076904, 304.500671387, 361.273162842, 92.3728561401, 69.4041519165, 29.1615848541, 45.6867294312, 8.84138965607, -1.93993997574, 44.3980293274, 56.6662254333], [20.5767345428, 81.0532913208, 131.066390991, 81.268951416, 92.3728561401, 205.625915527, 85.944770813, 76.7426528931, 52.8637504578, 42.1098594666, 46.4880828857, 27.3575706482, 30.3996486664], [12.8469676971, 124.111755371, 79.32421875, 80.7803955078, 69.4041519165, 85.944770813, 178.225158691, 74.4832458496, 47.2726211548, 43.2313842773, 29.5992698669, 32.3225326538, 25.9890136719], [146.913284302, -5.04420614243, 9.45149612427, -9.25507831573, 29.1615848541, 76.7426528931, 74.4832458496, 161.302993774, 64.2587814331, 63.8202095032, 41.3590316772, 34.0868110657, 20.1761875153], [37.8135604858, 51.8170433044, 17.5855712891, 41.7523384094, 45.6867294312, 52.8637504578, 47.2726211548, 64.2587814331, 125.909507751, 69.022567749, 33.381526947, 25.0695285797, 11.4745664597], [166.854446411, -9.89551258087, -41.5772247314, -8.45105361938, 8.84138965607, 42.1098594666, 43.2313842773, 63.8202095032, 69.022567749, 143.521316528, 52.0962219238, 24.4522857666, 7.1495923996], [37.9129867554, 43.2567138672, 10.4213142395, -16.2042827606, -1.93993997574, 46.4880828857, 29.5992698669, 41.3590316772, 33.381526947, 52.0962219238, 97.3551712036, 27.5725193024, 14.9329395294], [18.9288463593, 36.1939735413, 61.1239395142, 67.6922073364, 44.3980293274, 27.3575706482, 32.3225326538, 34.0868110657, 25.0695285797, 24.4522857666, 27.5725193024, 99.1912002563, 48.5618400574], [2.45287156105, 74.1107177734, 76.7516555786, 85.814491272, 56.6662254333, 30.3996486664, 25.9890136719, 20.1761875153, 11.4745664597, 7.1495923996, 14.9329395294, 48.5618400574, 98.8292541504]],
