{
"lowlevel": {
    "average_loudness": 0.350586801767,
    "barkbands_crest": {
        "dmean": 2.56012010574,
        "dmean2": 4.24469280243,
        "dvar": 5.44575595856,
        "dvar2": 13.6159715652,
        "max": 26.7065753937,
        "mean": 12.0185365677,
        "median": 10.9865064621,
        "min": 2.52697944641,
        "var": 22.9158973694
    },
    "barkbands_flatness_db": {
        "dmean": 0.0271208230406,
        "dmean2": 0.0407635308802,
        "dvar": 0.000652904855087,
        "dvar2": 0.00131338380743,
        "max": 0.624801933765,
        "mean": 0.294896274805,
        "median": 0.281034201384,
        "min": 0.0376897677779,
        "var": 0.0121258841828
    },
    "barkbands_kurtosis": {
        "dmean": 5.29467916489,
        "dmean2": 8.29602241516,
        "dvar": 319.042419434,
        "dvar2": 728.167785645,
        "max": 721.413024902,
        "mean": 10.0727090836,
        "median": 3.44068384171,
        "min": -1.96165084839,
        "var": 846.390380859
    },
    "barkbands_skewness": {
        "dmean": 0.549559593201,
        "dmean2": 0.849507331848,
        "dvar": 0.551844656467,
        "dvar2": 1.20754265785,
        "max": 23.6725234985,
        "mean": 1.62368834019,
        "median": 1.23288786411,
        "min": -2.97670221329,
        "var": 3.17599964142
    },
    "barkbands_spread": {
        "dmean": 2.3181810379,
        "dmean2": 3.49848103523,
        "dvar": 26.5884284973,
        "dvar2": 46.7204589844,
        "max": 117.481277466,
        "mean": 8.42849445343,
        "median": 5.25898122787,
        "min": 0.165665656328,
        "var": 117.708587646
    },
    "dissonance": {
        "dmean": 0.0386247225106,
        "dmean2": 0.0649855732918,
        "dvar": 0.00135135592427,
        "dvar2": 0.00366466585547,
        "max": 0.5,
        "mean": 0.400134950876,
        "median": 0.412899404764,
        "min": 0.0807511433959,
        "var": 0.00557954795659
    },
    "dynamic_complexity": 4.37779283524,
    "erbbands_crest": {
        "dmean": 2.88099241257,
        "dmean2": 4.70990514755,
        "dvar": 6.74312877655,
        "dvar2": 17.6484127045,
        "max": 32.0604476929,
        "mean": 12.8255596161,
        "median": 11.8283939362,
        "min": 2.12138676643,
        "var": 28.1767749786
    },
    "erbbands_flatness_db": {
        "dmean": 0.0224590748549,
        "dmean2": 0.0333976484835,
        "dvar": 0.000489993137307,
        "dvar2": 0.000929373316467,
        "max": 0.533620595932,
        "mean": 0.29328545928,
        "median": 0.281982004642,
        "min": 0.0563731826842,
        "var": 0.00702991569415
    },
    "erbbands_kurtosis": {
        "dmean": 2.35468268394,
        "dmean2": 3.75214529037,
        "dvar": 20.0300064087,
        "dvar2": 48.514087677,
        "max": 153.209716797,
        "mean": 4.41584920883,
        "median": 1.98159694672,
        "min": -1.87209224701,
        "var": 64.1335067749
    },
    "erbbands_skewness": {
        "dmean": 0.451605975628,
        "dmean2": 0.703195154667,
        "dvar": 0.230836808681,
        "dvar2": 0.513778030872,
        "max": 10.9570655823,
        "mean": 1.13055348396,
        "median": 0.996719241142,
        "min": -3.58044481277,
        "var": 1.37129092216
    },
    "erbbands_spread": {
        "dmean": 4.4036026001,
        "dmean2": 6.77517127991,
        "dvar": 81.2641143799,
        "dvar2": 157.400192261,
        "max": 161.072753906,
        "mean": 17.5017089844,
        "median": 12.4067707062,
        "min": 1.46243751049,
        "var": 325.372009277
    },
    "hfc": {
        "dmean": 3.19200229645,
        "dmean2": 5.16326522827,
        "dvar": 35.7200126648,
        "dvar2": 95.4429855347,
        "max": 126.790367126,
        "mean": 12.0424642563,
        "median": 5.06119155884,
        "min": 1.14918283443e-16,
        "var": 291.188598633
    },
    "melbands_crest": {
        "dmean": 3.14381766319,
        "dmean2": 5.11777687073,
        "dvar": 8.07628250122,
        "dvar2": 21.4694099426,
        "max": 38.6265449524,
        "mean": 15.2032184601,
        "median": 13.8770999908,
        "min": 1.93342864513,
        "var": 35.9636116028
    },
    "melbands_flatness_db": {
        "dmean": 0.0314708054066,
        "dmean2": 0.0459018647671,
        "dvar": 0.000978202093393,
        "dvar2": 0.00179051386658,
        "max": 0.815351247787,
        "mean": 0.374118089676,
        "median": 0.354129314423,
        "min": 0.00535375578329,
        "var": 0.0247196201235
    },
    "melbands_kurtosis": {
        "dmean": 6.70759534836,
        "dmean2": 10.6160345078,
        "dvar": 383.775634766,
        "dvar2": 915.138977051,
        "max": 1041.65234375,
        "mean": 13.9344615936,
        "median": 5.17464923859,
        "min": -1.87909042835,
        "var": 1619.86938477
    },
    "melbands_skewness": {
        "dmean": 0.580620467663,
        "dmean2": 0.906572699547,
        "dvar": 0.526091396809,
        "dvar2": 1.20331168175,
        "max": 28.7787895203,
        "mean": 1.95591807365,
        "median": 1.50333297253,
        "min": -2.03643655777,
        "var": 3.76878142357
    },
    "melbands_spread": {
        "dmean": 2.89565205574,
        "dmean2": 4.39433908463,
        "dvar": 44.909412384,
        "dvar2": 80.07421875,
        "max": 257.172576904,
        "mean": 10.4220848083,
        "median": 6.55038547516,
        "min": 0.327424705029,
        "var": 175.397155762
    },
    "pitch_salience": {
        "dmean": 0.0686582550406,
        "dmean2": 0.112095296383,
        "dvar": 0.00383319193497,
        "dvar2": 0.00986910052598,
        "max": 0.949364721775,
        "mean": 0.54747402668,
        "median": 0.549642920494,
        "min": 0.0260145198554,
        "var": 0.0195264387876
    },
    "silence_rate_20dB": {
        "dmean": 0,
        "dmean2": 0,
        "dvar": 0,
        "dvar2": 0,
        "max": 1,
        "mean": 1,
        "median": 1,
        "min": 1,
        "var": 0
    },
    "silence_rate_30dB": {
        "dmean": 0.0073753814213,
        "dmean2": 0.0147526385263,
        "dvar": 0.00732072349638,
        "dvar2": 0.0206386018544,
        "max": 1,
        "mean": 0.994151294231,
        "median": 1,
        "min": 0,
        "var": 0.00581461004913
    },
    "silence_rate_60dB": {
        "dmean": 0.0119532048702,
        "dmean2": 0.0237822718918,
        "dvar": 0.0118093453348,
        "dvar2": 0.0255050286651,
        "max": 1,
        "mean": 0.1073108688,
        "median": 0,
        "min": 0,
        "var": 0.0957902744412
    },
    "spectral_centroid": {
        "dmean": 104.087425232,
        "dmean2": 157.110244751,
        "dvar": 46608.2265625,
        "dvar2": 76364.171875,
        "max": 10642.7910156,
        "mean": 691.030700684,
        "median": 430.071533203,
        "min": 171.427581787,
        "var": 294569.625
    },
    "spectral_complexity": {
        "dmean": 1.62817907333,
        "dmean2": 2.70799946785,
        "dvar": 4.77195739746,
        "dvar2": 9.72089767456,
        "max": 52,
        "mean": 11.2844247818,
        "median": 8,
        "min": 0,
        "var": 90.2272338867
    },
    "spectral_decrease": {
        "dmean": 1.71423897299e-09,
        "dmean2": 2.77269318616e-09,
        "dvar": 8.12430245152e-18,
        "dvar2": 1.99102621596e-17,
        "max": 2.44904998264e-29,
        "mean": -5.30766319784e-09,
        "median": -3.68829167208e-09,
        "min": -5.22259568925e-08,
        "var": 2.88788140956e-17
    },
    "spectral_energy": {
        "dmean": 0.00671236542985,
        "dmean2": 0.0108676468953,
        "dvar": 0.0001231249189,
        "dvar2": 0.0003044839832,
        "max": 0.197870418429,
        "mean": 0.0211246907711,
        "median": 0.0145294042304,
        "min": 1.0331011676e-20,
        "var": 0.000454911729321
    },
    "spectral_energyband_high": {
        "dmean": 7.34473578632e-05,
        "dmean2": 0.00010257006943,
        "dvar": 6.8779812068e-08,
        "dvar2": 1.19362354667e-07,
        "max": 0.00843496527523,
        "mean": 0.000190722508705,
        "median": 1.75595196197e-05,
        "min": 7.52505428726e-21,
        "var": 2.92739144925e-07
    },
    "spectral_energyband_low": {
        "dmean": 0.00262897205539,
        "dmean2": 0.0041221617721,
        "dvar": 5.00356545672e-05,
        "dvar2": 0.000110049732029,
        "max": 0.187726095319,
        "mean": 0.00530754076317,
        "median": 0.00280965585262,
        "min": 7.7592333394e-23,
        "var": 0.000153554559802
    },
    "spectral_energyband_middle_high": {
        "dmean": 0.0014337436296,
        "dmean2": 0.00236812443472,
        "dvar": 1.61083389685e-05,
        "dvar2": 4.71955354442e-05,
        "max": 0.101402916014,
        "mean": 0.00462447293103,
        "median": 0.00033663486829,
        "min": 1.42104015071e-21,
        "var": 9.79649485089e-05
    },
    "spectral_energyband_middle_low": {
        "dmean": 0.00496816122904,
        "dmean2": 0.008306148462,
        "dvar": 7.95157102402e-05,
        "dvar2": 0.0002255422296,
        "max": 0.143934130669,
        "mean": 0.0117666916922,
        "median": 0.00856090802699,
        "min": 2.97987145616e-22,
        "var": 0.00013485274394
    },
    "spectral_entropy": {
        "dmean": 0.196738541126,
        "dmean2": 0.292386710644,
        "dvar": 0.0525415316224,
        "dvar2": 0.0944437459111,
        "max": 9.80412578583,
        "mean": 6.40826749802,
        "median": 6.40004825592,
        "min": 3.76251006126,
        "var": 0.902806758881
    },
    "spectral_flux": {
        "dmean": 0.0172167550772,
        "dmean2": 0.0277145113796,
        "dvar": 0.000464050768642,
        "dvar2": 0.00100531603675,
        "max": 0.349127173424,
        "mean": 0.0629982948303,
        "median": 0.0494963340461,
        "min": 1.01641584038e-10,
        "var": 0.00233428971842
    },
    "spectral_kurtosis": {
        "dmean": 22.8588504791,
        "dmean2": 37.1090812683,
        "dvar": 2401.20996094,
        "dvar2": 6386.39208984,
        "max": 793.552307129,
        "mean": 63.7672729492,
        "median": 11.2019863129,
        "min": -1.68765890598,
        "var": 13972.8027344
    },
    "spectral_rms": {
        "dmean": 0.000635124160908,
        "dmean2": 0.00101933139376,
        "dvar": 5.5996571291e-07,
        "dvar2": 1.37827032631e-06,
        "max": 0.0138940382749,
        "mean": 0.00404518889263,
        "median": 0.00376497395337,
        "min": 3.17474974261e-12,
        "var": 4.24590325565e-06
    },
    "spectral_rolloff": {
        "dmean": 194.852142334,
        "dmean2": 327.499420166,
        "dvar": 485697.4375,
        "dvar2": 931486.375,
        "max": 18949.21875,
        "mean": 850.961364746,
        "median": 516.796875,
        "min": 43.06640625,
        "var": 1381172.625
    },
    "spectral_skewness": {
        "dmean": 0.91426217556,
        "dmean2": 1.44777953625,
        "dvar": 1.83125412464,
        "dvar2": 4.35373544693,
        "max": 23.1633872986,
        "mean": 4.58075428009,
        "median": 2.67595219612,
        "min": -0.403645157814,
        "var": 19.3637962341
    },
    "spectral_spread": {
        "dmean": 490120.125,
        "dmean2": 717926.625,
        "dvar": 753911857152,
        "dvar2": 1.09584357786e+12,
        "max": 39700104,
        "mean": 2786804,
        "median": 2601546.75,
        "min": 112162.492188,
        "var": 4.85870220083e+12
    },
    "spectral_strongpeak": {
        "dmean": 0.419675499201,
        "dmean2": 0.69975233078,
        "dvar": 0.424028486013,
        "dvar2": 1.10742282867,
        "max": 9.44563674927,
        "mean": 0.933283209801,
        "median": 0.614046752453,
        "min": 0,
        "var": 1.08820199966
    },
    "zerocrossingrate": {
        "dmean": 0.00492677278817,
        "dmean2": 0.00582335796207,
        "dvar": 0.000124210506328,
        "dvar2": 0.000123095014715,
        "max": 0.48046875,
        "mean": 0.0327520929277,
        "median": 0.02099609375,
        "min": 0.00146484375,
        "var": 0.00108378264122
    },
    "barkbands": {
        "dmean": [0.000124319296447, 0.00206474494189, 0.00086495076539, 0.000589653733186, 0.00199234695174, 0.00167867587879, 0.000435819965787, 0.000531727389898, 0.00116347335279, 0.00101288862061, 0.000547685194761, 0.00028270072653, 0.000241379020736, 0.000141075375723, 0.000155873858603, 7.61753326515e-05, 7.46092846384e-05, 5.30808865733e-05, 3.5769699025e-05, 1.99198948394e-05, 1.88020549103e-05, 1.72254767676e-05, 1.84560631169e-05, 1.2718986909e-05, 1.47123382703e-05, 3.37352025781e-06, 1.54873589508e-07],
        "dmean2": [0.000180693095899, 0.00326579925604, 0.00151924300008, 0.00105309090577, 0.00320298993029, 0.00284146796912, 0.000710915308446, 0.000836224178784, 0.00198952178471, 0.0017303841887, 0.000903659150936, 0.000482809875393, 0.000391292909626, 0.000237395666772, 0.000251435878454, 0.000128104205942, 0.000129400912556, 8.714535943e-05, 5.98667102167e-05, 3.16406112688e-05, 2.92726326734e-05, 2.62392186414e-05, 2.8075364753e-05, 1.91781673493e-05, 2.16281732719e-05, 5.0428184295e-06, 2.94269653978e-07],
        "dvar": [6.32432261227e-07, 4.27818558819e-05, 4.78129959447e-06, 5.30402803633e-06, 1.3101199329e-05, 1.64761622727e-05, 1.46363299791e-06, 1.18584739539e-06, 1.10270493678e-05, 1.29663658299e-05, 3.0143580716e-06, 1.02602007246e-06, 6.94605944318e-07, 2.37566027295e-07, 3.30443526764e-07, 8.43017815555e-08, 2.16604476577e-07, 3.14097228227e-08, 1.18272396321e-08, 3.74245834323e-09, 5.02861796647e-09, 4.56482629474e-09, 7.08328240506e-09, 3.93493326811e-09, 1.07602406985e-08, 4.55654985965e-10, 5.92795430798e-12],
        "dvar2": [1.27530870486e-06, 0.000100651021057, 1.30931330204e-05, 1.55494399223e-05, 3.42023522535e-05, 4.61564486613e-05, 3.77365881832e-06, 3.00010628962e-06, 3.41875347658e-05, 3.85567946068e-05, 8.41419205244e-06, 2.90299408334e-06, 1.79002290679e-06, 6.62012325847e-07, 8.30156579923e-07, 2.3258733961e-07, 6.20747471203e-07, 8.43607921297e-08, 3.26356222047e-08, 9.51020773243e-09, 1.26896217978e-08, 1.02210151454e-08, 1.69830745023e-08, 7.54679252424e-09, 2.03192822568e-08, 8.79218142735e-10, 1.73830307787e-11],
        "max": [0.0673700794578, 0.129533901811, 0.0395132638514, 0.0395353138447, 0.0522134453058, 0.0568239837885, 0.0364228263497, 0.0296316500753, 0.0615040995181, 0.087349280715, 0.0414783209562, 0.0255962051451, 0.0263890847564, 0.0142267970368, 0.0128624560311, 0.00769947515801, 0.0121989538893, 0.00410226359963, 0.00247572688386, 0.00146688509267, 0.00328075513244, 0.00307215447538, 0.00353687768802, 0.00239180680364, 0.00527537008747, 0.0011583713349, 8.53633027873e-05],
        "mean": [0.000275303813396, 0.0035042706877, 0.00108342152089, 0.000797289831098, 0.00372121622786, 0.00277887936682, 0.000798019231297, 0.000981874181889, 0.00204854318872, 0.00180739385542, 0.00102264981251, 0.000539828673936, 0.000473968248116, 0.000278188032098, 0.000314900069498, 0.000153935645358, 0.000121836565086, 0.000124777259771, 8.53018718772e-05, 4.68732505396e-05, 4.13686975662e-05, 3.65152845916e-05, 3.4705572034e-05, 2.32529273489e-05, 2.53699708992e-05, 4.88663272336e-06, 9.15438178595e-08],
        "median": [9.81054017757e-06, 0.00150282867253, 0.000312846212182, 0.000256118306424, 0.00187916797586, 0.000652660790365, 0.000296753802104, 0.00050518946955, 0.000348721485352, 8.70232179295e-05, 6.51326190564e-05, 3.63327817468e-05, 2.86066260742e-05, 1.02689182313e-05, 1.00628294604e-05, 4.66188794235e-06, 3.65612982023e-06, 3.33687421517e-06, 2.22448829845e-06, 2.60310162048e-06, 3.10460472974e-06, 2.08506367017e-06, 2.2803376396e-06, 1.06567244984e-06, 3.30886706479e-07, 1.72155245615e-09, 5.56082402348e-10],
        "min": [4.84007659437e-23, 4.22059832499e-23, 3.53519573863e-24, 1.23920234781e-23, 2.83624367736e-23, 1.0442945712e-22, 2.02184624023e-23, 4.78823612666e-23, 5.9689248746e-23, 4.48826766538e-23, 3.97789169909e-23, 1.50992558963e-22, 9.17158529165e-23, 4.5523723958e-23, 1.08020011173e-22, 8.55759970298e-23, 9.13498403891e-23, 2.58903290813e-22, 3.19058011669e-22, 3.99954094534e-22, 3.92727800476e-22, 5.39482661766e-22, 6.04160016855e-22, 9.59403090868e-22, 1.18881373758e-21, 1.51606131189e-21, 2.31446690395e-21],
        "var": [5.53759628019e-06, 9.30548267206e-05, 5.1468705351e-06, 4.03568492402e-06, 2.74888516287e-05, 2.81706052192e-05, 2.9003194868e-06, 2.70407508651e-06, 2.40343943005e-05, 2.61580298684e-05, 7.51406969357e-06, 2.70278110293e-06, 2.13681983041e-06, 6.36063134607e-07, 9.48656918354e-07, 2.07188008972e-07, 1.96194235969e-07, 1.12486880255e-07, 4.37514700025e-08, 1.20292220629e-08, 1.14581570898e-08, 1.29703794371e-08, 1.70380616282e-08, 1.03259827355e-08, 3.31636442752e-08, 1.16005360873e-09, 3.18324902028e-12]
    },
    "erbbands": {
        "dmean": [0.0630327537656, 0.481500864029, 0.892232716084, 1.69513058662, 2.39017009735, 8.77589511871, 17.0139274597, 8.96639156342, 5.7045135498, 7.40654420853, 13.8646755219, 26.9363632202, 32.8023490906, 25.8736839294, 15.9136867523, 10.3556547165, 10.6318597794, 7.17208719254, 7.99770402908, 5.30399227142, 4.0729675293, 4.04804563522, 2.73386311531, 2.57649898529, 1.2217592001, 0.916989028454, 0.903629362583, 0.598180949688, 0.618629097939, 0.625268757343, 0.515359222889, 0.284698873758, 0.214186578989, 0.196723625064, 0.0935012847185, 0.0251851938665, 0.00431412877515, 0.000691333669238, 1.95294251171e-05, 7.98329347163e-06],
        "dmean2": [0.0989973247051, 0.776389122009, 1.56211185455, 3.06537127495, 3.92328596115, 14.1850414276, 28.4878387451, 15.2373962402, 9.39319419861, 11.7342634201, 22.399974823, 46.2481422424, 56.7238273621, 42.6132545471, 26.5882129669, 17.4062824249, 17.3165035248, 12.055314064, 12.6619672775, 8.69353961945, 6.84181118011, 6.98623657227, 4.59078407288, 4.25618219376, 1.99561583996, 1.42064535618, 1.40328550339, 0.934197962284, 0.945566356182, 0.950941681862, 0.791564941406, 0.430482059717, 0.320430725813, 0.287334233522, 0.142042398453, 0.0381096340716, 0.00659605767578, 0.00118290528189, 3.27459711116e-05, 1.28386955112e-05],
        "dvar": [0.0444056801498, 2.55417442322, 6.42242765427, 32.6415634155, 46.6571083069, 271.259246826, 1432.63696289, 621.926635742, 251.317276001, 283.661895752, 1021.14746094, 5990.34375, 15659.9257812, 5798.83056641, 2711.16845703, 1256.20825195, 1470.73400879, 576.891174316, 696.139526367, 356.883209229, 347.48034668, 653.990661621, 87.2300262451, 70.8057861328, 14.1332092285, 7.13104867935, 14.8497276306, 4.01115083694, 6.13537406921, 7.57131767273, 5.96836328506, 1.74001765251, 1.28679442406, 1.9976900816, 0.456883311272, 0.0347020924091, 0.000645922438707, 4.57399000879e-05, 2.89898594019e-08, 1.75502959388e-10],
        "dvar2": [0.0997071042657, 6.2485294342, 16.3309078217, 96.3067779541, 122.989631653, 702.162719727, 4025.60766602, 1743.51672363, 626.647216797, 731.302001953, 2685.12817383, 18622.8007812, 47084.9453125, 16753.7695312, 7687.57373047, 3540.5793457, 3736.68847656, 1602.7388916, 1656.52380371, 958.090087891, 950.488647461, 1863.02478027, 230.226776123, 198.033538818, 38.3443717957, 17.6170787811, 39.3468589783, 9.2923707962, 14.5184965134, 17.1838588715, 14.5452976227, 3.42196154594, 2.4576792717, 3.87983751297, 1.01359903812, 0.0713622570038, 0.00127961707767, 0.000127215011162, 8.01561199637e-08, 4.31559066261e-10],
        "max": [9.10778045654, 28.4084205627, 38.267414093, 94.4188690186, 119.362991333, 295.012329102, 511.216522217, 421.578186035, 556.380859375, 534.173034668, 765.55645752, 1669.05249023, 2765.98095703, 1593.93212891, 959.323059082, 1183.66125488, 1269.81787109, 828.486083984, 801.46307373, 454.099121094, 469.79989624, 681.247619629, 216.767059326, 255.765686035, 73.9056396484, 60.5391311646, 208.143157959, 83.1243057251, 132.415115356, 104.101913452, 108.93006897, 50.5745697021, 52.2297782898, 77.8387527466, 31.9905471802, 10.6662817001, 1.08219742775, 0.210734292865, 0.00537232123315, 0.000212915416341],
        "mean": [0.126335933805, 0.682846009731, 1.15707790852, 2.34816527367, 4.11416912079, 16.0615959167, 28.9190711975, 15.1636257172, 10.5294399261, 14.8242492676, 25.9535999298, 46.9238777161, 57.2274665833, 55.6238555908, 32.1479721069, 22.0518627167, 22.3914356232, 16.067943573, 17.5417022705, 10.9637794495, 8.07659816742, 7.00566911697, 6.6368393898, 6.16925430298, 3.11803817749, 2.24155712128, 1.99553203583, 1.37649416924, 1.30400717258, 1.21881115437, 0.963608920574, 0.547802388668, 0.37696531415, 0.331603229046, 0.14248649776, 0.0382230244577, 0.00619440665469, 0.00063022703398, 2.69780921371e-05, 2.52730951615e-05],
        "median": [0.0495953187346, 0.286791503429, 0.375126749277, 0.960823953152, 1.6005641222, 7.29335737228, 8.6374464035, 4.98635578156, 4.23992347717, 9.13625907898, 8.95509052277, 9.34840583801, 3.89866161346, 3.82548666, 2.36053228378, 1.93497335911, 1.46259009838, 0.806894242764, 0.673955440521, 0.392636060715, 0.267114460468, 0.199920862913, 0.189958229661, 0.162983909249, 0.0911987796426, 0.11563372612, 0.136661678553, 0.11824401468, 0.0786217004061, 0.0674667134881, 0.0601694025099, 0.0300988033414, 0.0111166350543, 0.00375708471984, 0.00104321702383, 9.18259975151e-05, 1.60223826242e-05, 2.38313350565e-06, 8.06048501545e-06, 1.69894992723e-05],
        "min": [1.14994533647e-21, 1.0332193478e-20, 6.54785146515e-21, 2.85550922324e-20, 3.99075419101e-20, 1.34218778557e-19, 6.05446836046e-19, 6.94492518795e-19, 3.74027188156e-19, 6.0346015501e-19, 8.83319499571e-19, 1.44729517032e-18, 1.88929602871e-18, 1.16811406216e-18, 2.42328784982e-18, 5.78793039777e-18, 5.3239048216e-18, 2.53914483436e-18, 3.54231122416e-18, 6.41525011226e-18, 5.00641098221e-18, 5.85355022218e-18, 1.17867918517e-17, 1.54458112293e-17, 1.82171756469e-17, 1.60353263083e-17, 1.60051094005e-17, 1.77462220195e-17, 1.90780919936e-17, 1.79225703087e-17, 1.76937026681e-17, 1.4980656138e-17, 1.96541405721e-17, 1.43083932193e-17, 7.44054172229e-18, 4.42373461897e-18, 3.24254489928e-18, 1.2436094925e-18, 2.8449587284e-19, 3.82176474616e-20],
        "var": [0.18390481174, 3.49193739891, 7.22137784958, 27.0881195068, 59.0516242981, 636.116882324, 2625.31958008, 909.014221191, 541.530700684, 443.732330322, 2496.88305664, 12080.5859375, 30315.0566406, 17767.4199219, 7539.56542969, 3845.63208008, 4771.61083984, 1828.60339355, 2539.79394531, 903.875305176, 555.55670166, 622.256713867, 313.653442383, 239.32119751, 55.4267807007, 26.4631633759, 29.7270812988, 12.777844429, 16.7682113647, 18.5450725555, 13.6405715942, 4.72682476044, 3.37813186646, 5.91681146622, 1.09380865097, 0.084431707859, 0.00155101553537, 3.2237963751e-05, 2.13377528979e-08, 6.62156329767e-10]
    },
    "gfcc": {
        "mean": [-142.372467041, 170.108139038, -107.209747314, -4.32345533371, -71.7767562866, 1.90009427071, -27.2760791779, -9.16225814819, -11.7735147476, -9.18730545044, -5.61124992371, -9.92916679382, 0.274087190628],
        "cov": [[14054.984375, -6327.11474609, -4438.23046875, 2590.51831055, -1477.20410156, 1040.84838867, -448.318450928, 1098.94177246, -311.156860352, 137.714767456, -252.219650269, 296.204315186, 265.064300537], [-6327.11474609, 6416.88525391, 3355.42211914, -1067.45751953, 1913.05200195, -665.456604004, 791.74407959, -881.912963867, 562.61315918, -163.53074646, 317.98727417, -194.932327271, 98.7153930664], [-4438.23046875, 3355.42211914, 4977.62011719, -266.808258057, 417.186676025, 264.285339355, 48.3998718262, -377.202423096, 154.945526123, 221.931091309, 106.388801575, -98.0106124878, 5.78059911728], [2590.51831055, -1067.45751953, -266.808258057, 1679.25, -380.671966553, 196.720550537, 99.1650848389, 91.8245620728, 62.102935791, 16.4231853485, 31.0408248901, 10.8996963501, 95.1208877563], [-1477.20410156, 1913.05200195, 417.186676025, -380.671966553, 1108.70068359, -256.509124756, 337.052337646, -87.0851669312, 199.074584961, -21.4207725525, 75.715171814, -6.98836183548, 14.068353653], [1040.84838867, -665.456604004, 264.285339355, 196.720550537, -256.509124756, 591.391845703, -42.6120300293, 169.82711792, 16.9464302063, 105.995811462, 15.0012073517, 2.8610329628, 39.6704330444], [-448.318450928, 791.74407959, 48.3998718262, 99.1650848389, 337.052337646, -42.6120300293, 568.726135254, -105.248390198, 170.903213501, 37.7177276611, 75.6692047119, -6.31519699097, 8.21085166931], [1098.94177246, -881.912963867, -377.202423096, 91.8245620728, -87.0851669312, 169.82711792, -105.248390198, 412.176635742, -70.256477356, 67.2622756958, -16.3882961273, 21.4149703979, -4.72375822067], [-311.156860352, 562.61315918, 154.945526123, 62.102935791, 199.074584961, 16.9464302063, 170.903213501, -70.256477356, 274.961547852, -47.1872215271, 56.4259796143, 11.1865167618, 27.1475543976], [137.714767456, -163.53074646, 221.931091309, 16.4231853485, -21.4207725525, 105.995811462, 37.7177276611, 67.2622756958, -47.1872215271, 230.364318848, -24.9351921082, 12.8207559586, 11.9259748459], [-252.219650269, 317.98727417, 106.388801575, 31.0408248901, 75.715171814, 15.0012073517, 75.6692047119, -16.3882961273, 56.4259796143, -24.9351921082, 187.252182007, -42.0070838928, 18.1566886902], [296.204315186, -194.932327271, -98.0106124878, 10.8996963501, -6.98836183548, 2.8610329628, -6.31519699097, 21.4149703979, 11.1865167618, 12.8207559586, -42.0070838928, 139.188674927, -12.7274923325], [265.064300537, 98.7153930664, 5.78059911728, 95.1208877563, 14.068353653, 39.6704330444, 8.21085166931, -4.72375822067, 27.1475543976, 11.9259748459, 18.1566886902, -12.7274923325, 149.902496338]],
        "icov": [[0.000262609333731, -0.00015783640265, 0.000293304357911, -0.000369130342733, 0.000133800422191, -0.000456085545011, 0.000202286508284, -0.000329943053657, 0.000220831148908, -0.000139738694998, 0.000222744594794, -0.000419090269133, -0.000142269025673], [-0.00015783640265, 0.00281862053089, -0.00162067555357, 0.00106329284608, -0.00268541229889, 0.00174453353975, -0.00142896431498, 0.00242757401429, -0.00126673828345, 0.00164284114726, -0.0013298431877, 0.00183175201528, -0.0018288459396], [0.000293304357911, -0.00162067555357, 0.00137670256663, -0.000859485298861, 0.00135539949406, -0.00152945518494, 0.0011295893928, -0.00114287820179, 0.000740497140214, -0.00136617955286, 0.000767044606619, -0.0011408602586, 0.00100540916901], [-0.000369130342733, 0.00106329284608, -0.000859485298861, 0.0015308620641, -0.000604279339314, 0.00107780401595, -0.00101492891554, 0.000933423056267, -0.000888324808329, 0.000761907838751, -0.000740639341529, 0.00100703875069, -0.0008538068505], [0.000133800422191, -0.00268541229889, 0.00135539949406, -0.000604279339314, 0.00421286560595, -0.000817107909825, 0.000527418567799, -0.00290206819773, 0.000407840852858, -0.00148503214587, 0.00111667637248, -0.00178332347423, 0.00132115394808], [-0.000456085545011, 0.00174453353975, -0.00152945518494, 0.00107780401595, -0.000817107909825, 0.0042911269702, -0.00119648082182, 0.000536896928679, -0.00186979456339, 0.000356620788807, -0.00126978359185, 0.00159759179223, -0.00134407589212], [0.000202286508284, -0.00142896431498, 0.0011295893928, -0.00101492891554, 0.000527418567799, -0.00119648082182, 0.00375625560991, -0.00044212359353, -0.000500688038301, -0.00215544714592, 8.2514314272e-05, -0.000874786404893, 0.00140914111398], [-0.000329943053657, 0.00242757401429, -0.00114287820179, 0.000933423056267, -0.00290206819773, 0.000536896928679, -0.00044212359353, 0.00596787594259, -0.000631869304925, 0.000423462450271, -0.00155680987518, 0.00159639643971, -0.000816042243969], [0.000220831148908, -0.00126673828345, 0.000740497140214, -0.000888324808329, 0.000407840852858, -0.00186979456339, -0.000500688038301, -0.000631869304925, 0.00647548260167, 0.000927349203266, 1.29019088035e-06, -0.00212360289879, 1.59397040989e-05], [-0.000139738694998, 0.00164284114726, -0.00136617955286, 0.000761907838751, -0.00148503214587, 0.000356620788807, -0.00215544714592, 0.000423462450271, 0.000927349203266, 0.00704566435888, 8.98558646441e-05, 0.000471718871268, -0.00178847124334], [0.000222744594794, -0.0013298431877, 0.000767044606619, -0.000740639341529, 0.00111667637248, -0.00126978359185, 8.2514314272e-05, -0.00155680987518, 1.29019088035e-06, 8.98558646441e-05, 0.00722659984604, 0.000785671116319, 0.000283944973489], [-0.000419090269133, 0.00183175201528, -0.0011408602586, 0.00100703875069, -0.00178332347423, 0.00159759179223, -0.000874786404893, 0.00159639643971, -0.00212360289879, 0.000471718871268, 0.000785671116319, 0.00970319658518, -0.000141690310556], [-0.000142269025673, -0.0018288459396, 0.00100540916901, -0.0008538068505, 0.00132115394808, -0.00134407589212, 0.00140914111398, -0.000816042243969, 1.59397040989e-05, -0.00178847124334, 0.000283944973489, -0.000141690310556, 0.00885172002017]]
    },
    "melbands": {
        "dmean": [0.000564359477721, 0.000500110909343, 0.000280952866888, 0.000379846780561, 0.00053404486971, 0.000224243005505, 8.94000404514e-05, 8.40020729811e-05, 0.000128101019072, 0.000179025621037, 0.000165851248312, 0.000109429704025, 6.29304995527e-05, 3.6666111555e-05, 2.47413627221e-05, 2.1834319341e-05, 1.38034320116e-05, 1.33571711558e-05, 1.08680596895e-05, 5.48840262127e-06, 5.38579024578e-06, 4.78776746604e-06, 3.20454637404e-06, 2.55761415247e-06, 2.37885319621e-06, 1.14562124054e-06, 8.01313831289e-07, 6.42287545816e-07, 7.01059946095e-07, 4.06673251518e-07, 3.70729651422e-07, 3.69157874047e-07, 3.85754958643e-07, 3.78541187729e-07, 3.5093003703e-07, 2.1117782012e-07, 1.76059558044e-07, 1.48434764924e-07, 1.74729933633e-07, 1.72848302782e-07],
        "dmean2": [0.000905266264454, 0.000831921468489, 0.000499544490594, 0.000608627509791, 0.000886077817995, 0.000379148317734, 0.000146437814692, 0.000132229499286, 0.000209225909202, 0.000307360343868, 0.000286720896838, 0.000180616203579, 0.000105229475594, 6.20422069915e-05, 4.05459359172e-05, 3.58254219464e-05, 2.31692119996e-05, 2.13752264244e-05, 1.77802958206e-05, 9.21142600419e-06, 9.23889456317e-06, 8.34041838971e-06, 5.32337708137e-06, 4.20372543886e-06, 3.95927781938e-06, 1.91646995518e-06, 1.3107784298e-06, 9.86597797237e-07, 1.11018118787e-06, 6.45773866381e-07, 5.88597060869e-07, 5.73211536903e-07, 5.95703113504e-07, 5.83637188356e-07, 5.56328245693e-07, 3.27578192127e-07, 2.69585171964e-07, 2.26988362328e-07, 2.78065471093e-07, 2.52913309851e-07],
        "dvar": [3.21395577885e-06, 2.29533316087e-06, 1.00258534985e-06, 5.89123715145e-07, 1.19176036151e-06, 3.39602138411e-07, 6.08532815249e-08, 3.12148173975e-08, 9.29283814344e-08, 2.69786880835e-07, 4.07697513083e-07, 1.09860629038e-07, 4.21418810959e-08, 1.75036500849e-08, 6.7981993368e-09, 5.27707966214e-09, 2.33839392294e-09, 1.78790870997e-09, 1.78274006668e-09, 4.30570495924e-10, 7.28292648411e-10, 1.00874941733e-09, 1.26491206398e-10, 8.16413950333e-11, 6.10244285659e-11, 1.18886948897e-11, 7.79743197094e-12, 3.2300724595e-12, 9.10208020066e-12, 1.91076278064e-12, 1.55910148073e-12, 2.56589779805e-12, 2.42646115874e-12, 2.96827449772e-12, 3.13708412546e-12, 7.46250988521e-13, 7.67016712731e-13, 5.60858163298e-13, 1.16774341932e-12, 1.92723202848e-12],
        "dvar2": [7.27180758986e-06, 5.63562070965e-06, 2.88687738248e-06, 1.51536596604e-06, 3.33120328833e-06, 9.50321179971e-07, 1.53037575501e-07, 7.96284709281e-08, 2.51934181961e-07, 8.4394332589e-07, 1.22166602523e-06, 3.20054795111e-07, 1.20314950891e-07, 4.88103815144e-08, 1.76238632577e-08, 1.43345424419e-08, 6.41211217456e-09, 4.33187530291e-09, 4.56748594502e-09, 1.21063348235e-09, 2.04651340319e-09, 2.89204149517e-09, 3.39126837723e-10, 2.25216581495e-10, 1.71521255532e-10, 3.31524703523e-11, 2.15203358606e-11, 7.62067752652e-12, 2.41556184777e-11, 4.58074810722e-12, 3.6478554552e-12, 6.64586484803e-12, 5.55253629533e-12, 7.24123755749e-12, 8.12240986275e-12, 1.62620459633e-12, 1.56504865491e-12, 1.10185938065e-12, 2.46347994087e-12, 3.84452018831e-12],
        "max": [0.0576866529882, 0.0253266766667, 0.0163686424494, 0.011855583638, 0.0156865790486, 0.00950293708593, 0.00847083609551, 0.00473626097664, 0.00777193112299, 0.0108643714339, 0.0145241450518, 0.00724349217489, 0.00378397200257, 0.00353299826384, 0.00257591018453, 0.00197340501472, 0.00157913763542, 0.00126162427478, 0.00128032208886, 0.000772016937844, 0.00069718627492, 0.000832253310364, 0.00020896375645, 0.00021239167836, 0.000221144146053, 6.09473827353e-05, 7.24860074115e-05, 4.388389425e-05, 0.000156902722665, 6.29031201242e-05, 4.8949241318e-05, 9.38907178352e-05, 5.02676266478e-05, 6.42862505629e-05, 7.95606829342e-05, 2.59015469055e-05, 3.204998211e-05, 3.1494153518e-05, 4.49442122772e-05, 7.53393032937e-05],
        "mean": [0.00105712434743, 0.000724755169358, 0.000412941561081, 0.000701270473655, 0.000957646640018, 0.000376298208721, 0.00016341097944, 0.000166842291947, 0.000228113887715, 0.000304648361634, 0.000282607914414, 0.00022651492327, 0.000119726450066, 6.9948277087e-05, 4.95569111081e-05, 4.32725719293e-05, 2.81525717583e-05, 2.72098695859e-05, 2.11895803659e-05, 1.10242363007e-05, 9.04142143554e-06, 7.25801919543e-06, 6.41331325824e-06, 5.71075497646e-06, 5.0944377108e-06, 2.57699525719e-06, 1.70336875271e-06, 1.4200682017e-06, 1.39956421208e-06, 8.65773017722e-07, 7.74615102728e-07, 7.25669394797e-07, 7.18852334103e-07, 6.61738795316e-07, 5.99080692609e-07, 3.97477577962e-07, 3.09966594614e-07, 2.50726543527e-07, 2.88208099164e-07, 2.76382621678e-07],
        "median": [0.000441432348453, 0.000313847936923, 0.000173279593582, 0.000269206037046, 0.00039985627518, 0.000111096975161, 6.08040354564e-05, 0.00010335490515, 6.36962504359e-05, 5.29105273017e-05, 1.42166136357e-05, 1.41854307003e-05, 7.5982729868e-06, 4.97978226122e-06, 3.46572574017e-06, 2.74254875876e-06, 1.08087044737e-06, 1.02638136923e-06, 6.96303345649e-07, 3.18363390761e-07, 2.8278350328e-07, 2.10414313528e-07, 1.4672799864e-07, 1.53768198174e-07, 1.18174575903e-07, 6.34284518242e-08, 5.46921228306e-08, 7.64405925224e-08, 9.07326267452e-08, 5.77302117222e-08, 5.78592675993e-08, 3.84203602266e-08, 3.01661060575e-08, 3.25657190103e-08, 3.34682894731e-08, 2.44796236615e-08, 1.21354668536e-08, 5.79523362632e-09, 3.04266412066e-09, 1.18600307353e-09],
        "min": [1.5626253793e-23, 7.33741694937e-24, 4.66841217835e-24, 5.9742684606e-24, 1.66983552062e-23, 1.66541853064e-23, 5.67741891867e-24, 8.17898086281e-24, 6.2766806552e-24, 9.83794745788e-24, 9.0190688175e-24, 4.15198438675e-24, 7.19789112107e-24, 9.83906921809e-24, 1.88571361822e-23, 8.63387040406e-24, 4.14266005085e-24, 4.82143541675e-24, 8.92369553406e-24, 7.49850392394e-24, 5.6423082975e-24, 4.32743494068e-24, 1.2816663359e-23, 9.34237872634e-24, 1.29238451014e-23, 1.16217441915e-23, 1.40390672294e-23, 1.03243559366e-23, 9.96567034933e-24, 1.06718097223e-23, 1.03977547107e-23, 1.00922714806e-23, 1.1529382779e-23, 9.52844655919e-24, 1.06686195688e-23, 7.40999846354e-24, 9.9021883457e-24, 1.46721075955e-23, 1.06906437764e-23, 1.35464441045e-23],
        "var": [9.94559832179e-06, 3.06422089125e-06, 8.36057722609e-07, 1.39511894304e-06, 2.18681407205e-06, 5.24818574377e-07, 1.30118294805e-07, 5.11238269496e-08, 2.07011566999e-07, 5.4460406318e-07, 7.76793172008e-07, 3.05599400008e-07, 1.04779509513e-07, 4.65934810734e-08, 2.11692920971e-08, 1.43702525435e-08, 6.78975853319e-09, 6.20323215017e-09, 4.75103290043e-09, 1.196100885e-09, 8.41217706604e-10, 8.33314472981e-10, 3.03507718957e-10, 2.61746485597e-10, 1.73216357924e-10, 4.08555654585e-11, 1.98610260183e-11, 1.10991727961e-11, 1.63816460397e-11, 5.21506449136e-12, 4.55259874937e-12, 5.71031937013e-12, 5.69214076915e-12, 6.27036964018e-12, 6.01980097714e-12, 1.93280569501e-12, 1.87244338958e-12, 1.38433416206e-12, 3.03086115233e-12, 5.05525135641e-12]
    },
    "mfcc": {
        "mean": [-769.052612305, 178.590057373, 23.2406311035, -0.528848767281, -16.459438324, -0.661460995674, -7.56149768829, -2.02966284752, -5.28114938736, -0.47782060504, -3.13838362694, -1.25458359718, -5.42150306702],
        "cov": [[11514.953125, -3806.90307617, -4097.46484375, -56.6020698547, -495.474487305, -87.8213119507, -143.849761963, 527.502624512, 249.393753052, 375.542633057, -205.218109131, -143.759872437, -71.8963165283], [-3806.90307617, 3802.67919922, 1857.10913086, 458.659332275, 604.373657227, 432.986541748, 236.716308594, -124.259254456, 71.60131073, -73.6909255981, 45.1637420654, 176.231796265, 50.2585067749], [-4097.46484375, 1857.10913086, 3806.79833984, 601.981140137, 481.153717041, 420.806671143, 163.995651245, -183.808639526, 3.96576690674, -108.433952332, 195.110549927, 152.938919067, 45.5530853271], [-56.6020698547, 458.659332275, 601.981140137, 891.90838623, 229.090255737, 234.300079346, 104.957946777, 56.3391532898, 73.2269515991, 72.0721588135, 31.4060230255, 51.7549552917, 67.5826187134], [-495.474487305, 604.373657227, 481.153717041, 229.090255737, 426.259094238, 93.0874252319, 36.7427825928, 21.1121253967, 60.8388519287, 34.119228363, -0.514645695686, 45.6049118042, 24.8535404205], [-87.8213119507, 432.986541748, 420.806671143, 234.300079346, 93.0874252319, 365.257263184, 101.644477844, 48.425491333, 74.8516311646, 57.3826293945, 42.9858360291, 54.0073051453, 31.4795207977], [-143.849761963, 236.716308594, 163.995651245, 104.957946777, 36.7427825928, 101.644477844, 254.583969116, 52.4208679199, 43.4131698608, 88.7935028076, 68.1106033325, 36.9810180664, 36.6029129028], [527.502624512, -124.259254456, -183.808639526, 56.3391532898, 21.1121253967, 48.425491333, 52.4208679199, 236.135025024, 62.2570075989, 63.5540771484, 44.8413581848, 24.782289505, 35.5725860596], [249.393753052, 71.60131073, 3.96576690674, 73.2269515991, 60.8388519287, 74.8516311646, 43.4131698608, 62.2570075989, 228.247695923, 20.1804981232, 41.6439285278, 49.7717170715, 13.0524892807], [375.542633057, -73.6909255981, -108.433952332, 72.0721588135, 34.119228363, 57.3826293945, 88.7935028076, 63.5540771484, 20.1804981232, 208.666595459, 21.9618701935, 18.8760643005, 30.4439620972], [-205.218109131, 45.1637420654, 195.110549927, 31.4060230255, -0.514645695686, 42.9858360291, 68.1106033325, 44.8413581848, 41.6439285278, 21.9618701935, 162.502426147, 16.88996315, 23.2610626221], [-143.759872437, 176.231796265, 152.938919067, 51.7549552917, 45.6049118042, 54.0073051453, 36.9810180664, 24.782289505, 49.7717170715, 18.8760643005, 16.88996315, 124.418525696, 16.7780780792], [-71.8963165283, 50.2585067749, 45.5530853271, 67.5826187134, 24.8535404205, 31.4795207977, 36.6029129028, 35.5725860596, 13.0524892807, 30.4439620972, 23.2610626221, 16.7780780792, 122.730789185]],
