{
"lowlevel": {
    "average_loudness": 0.485108554363,
    "barkbands_crest": {
        "dmean": 2.41111731529,
        "dmean2": 3.87786412239,
        "dvar": 5.91658639908,
        "dvar2": 14.8580913544,
        "max": 26.0581912994,
        "mean": 10.7264156342,
        "median": 9.87353515625,
        "min": 2.72910022736,
        "var": 20.0402355194
    },
    "barkbands_flatness_db": {
        "dmean": 0.0177680645138,
        "dmean2": 0.0274980813265,
        "dvar": 0.000342078274116,
        "dvar2": 0.00074304145528,
        "max": 0.457313865423,
        "mean": 0.172921746969,
        "median": 0.158327668905,
        "min": 0.0381383821368,
        "var": 0.00533133232966
    },
    "barkbands_kurtosis": {
        "dmean": 2.52644014359,
        "dmean2": 4.00051546097,
        "dvar": 32.1143188477,
        "dvar2": 74.5952072144,
        "max": 171.308959961,
        "mean": 4.79389953613,
        "median": 1.44650483131,
        "min": -1.92387259007,
        "var": 126.471099854
    },
    "barkbands_skewness": {
        "dmean": 0.443885326385,
        "dmean2": 0.68310123682,
        "dvar": 0.296336948872,
        "dvar2": 0.629235625267,
        "max": 11.6055965424,
        "mean": 1.35415160656,
        "median": 1.16289663315,
        "min": -3.08565735817,
        "var": 2.0217564106
    },
    "barkbands_spread": {
        "dmean": 3.88471341133,
        "dmean2": 6.02856016159,
        "dvar": 33.6416244507,
        "dvar2": 69.8741989136,
        "max": 95.1104202271,
        "mean": 17.9747924805,
        "median": 14.8078365326,
        "min": 0.797805845737,
        "var": 163.886581421
    },
    "dissonance": {
        "dmean": 0.0210067145526,
        "dmean2": 0.0356760248542,
        "dvar": 0.000467950012535,
        "dvar2": 0.00130819168407,
        "max": 0.500000119209,
        "mean": 0.458984166384,
        "median": 0.466831833124,
        "min": 0.265761762857,
        "var": 0.00110278138891
    },
    "dynamic_complexity": 5.76426744461,
    "erbbands_crest": {
        "dmean": 2.67809462547,
        "dmean2": 4.28560066223,
        "dvar": 6.7802696228,
        "dvar2": 16.2510509491,
        "max": 33.5909576416,
        "mean": 10.5972213745,
        "median": 9.02780532837,
        "min": 2.46882271767,
        "var": 31.8180007935
    },
    "erbbands_flatness_db": {
        "dmean": 0.014985287562,
        "dmean2": 0.0221342518926,
        "dvar": 0.000215416424908,
        "dvar2": 0.000427004764788,
        "max": 0.420454919338,
        "mean": 0.199865296483,
        "median": 0.194002091885,
        "min": 0.0674618557096,
        "var": 0.00397767173126
    },
    "erbbands_kurtosis": {
        "dmean": 1.13480710983,
        "dmean2": 1.78445339203,
        "dvar": 3.84544229507,
        "dvar2": 8.85700798035,
        "max": 53.3671531677,
        "mean": 1.54054236412,
        "median": 0.356748104095,
        "min": -1.81575548649,
        "var": 15.4269208908
    },
    "erbbands_skewness": {
        "dmean": 0.334442287683,
        "dmean2": 0.515398383141,
        "dvar": 0.117198392749,
        "dvar2": 0.255010485649,
        "max": 5.9641494751,
        "mean": 0.535569965839,
        "median": 0.469118922949,
        "min": -4.83713579178,
        "var": 0.642539739609
    },
    "erbbands_spread": {
        "dmean": 5.38333415985,
        "dmean2": 8.31723594666,
        "dvar": 51.9026641846,
        "dvar2": 118.935035706,
        "max": 129.814880371,
        "mean": 28.4085445404,
        "median": 25.2034320831,
        "min": 1.19291424751,
        "var": 251.843109131
    },
    "hfc": {
        "dmean": 4.64098739624,
        "dmean2": 7.41340970993,
        "dvar": 59.1537513733,
        "dvar2": 150.365463257,
        "max": 117.165367126,
        "mean": 19.3186130524,
        "median": 14.9793624878,
        "min": 1.15240486835e-16,
        "var": 378.130950928
    },
    "melbands_crest": {
        "dmean": 2.94981575012,
        "dmean2": 4.73233413696,
        "dvar": 8.20209026337,
        "dvar2": 20.8327674866,
        "max": 38.489654541,
        "mean": 14.7460765839,
        "median": 13.7993965149,
        "min": 2.51106286049,
        "var": 30.999874115
    },
    "melbands_flatness_db": {
        "dmean": 0.0201652180403,
        "dmean2": 0.0309150908142,
        "dvar": 0.000510712503456,
        "dvar2": 0.00105380022433,
        "max": 0.584299206734,
        "mean": 0.225818738341,
        "median": 0.195651575923,
        "min": 0.00768096698448,
        "var": 0.00936719868332
    },
    "melbands_kurtosis": {
        "dmean": 5.07325410843,
        "dmean2": 8.07834243774,
        "dvar": 147.766113281,
        "dvar2": 350.06237793,
        "max": 510.153259277,
        "mean": 11.0470952988,
        "median": 4.96078062057,
        "min": -1.90213608742,
        "var": 628.617736816
    },
    "melbands_skewness": {
        "dmean": 0.573523700237,
        "dmean2": 0.891989171505,
        "dvar": 0.511268556118,
        "dvar2": 1.12969124317,
        "max": 20.6303043365,
        "mean": 2.11086678505,
        "median": 1.94136595726,
        "min": -2.99024295807,
        "var": 3.3489074707
    },
    "melbands_spread": {
        "dmean": 5.08589410782,
        "dmean2": 8.00001239777,
        "dvar": 96.0900344849,
        "dvar2": 203.227752686,
        "max": 233.393157959,
        "mean": 21.3409690857,
        "median": 18.9105472565,
        "min": 0.589453876019,
        "var": 294.579711914
    },
    "pitch_salience": {
        "dmean": 0.0620996728539,
        "dmean2": 0.0996636003256,
        "dvar": 0.00358534627594,
        "dvar2": 0.00880025699735,
        "max": 0.931152760983,
        "mean": 0.545739710331,
        "median": 0.551319956779,
        "min": 0.0330144390464,
        "var": 0.0153848156333
    },
    "silence_rate_20dB": {
        "dmean": 0,
        "dmean2": 0,
        "dvar": 0,
        "dvar2": 0,
        "max": 1,
        "mean": 1,
        "median": 1,
        "min": 1,
        "var": 0
    },
    "silence_rate_30dB": {
        "dmean": 0.0219727158546,
        "dmean2": 0.0439507365227,
        "dvar": 0.0214904360473,
        "dvar2": 0.0545756556094,
        "max": 1,
        "mean": 0.981409966946,
        "median": 1,
        "min": 0,
        "var": 0.0182445272803
    },
    "silence_rate_60dB": {
        "dmean": 0.015453338623,
        "dmean2": 0.0307896640152,
        "dvar": 0.0152134085074,
        "dvar2": 0.0337039455771,
        "max": 1,
        "mean": 0.216682761908,
        "median": 0,
        "min": 0,
        "var": 0.169750705361
    },
    "spectral_centroid": {
        "dmean": 173.504089355,
        "dmean2": 269.910644531,
        "dvar": 66129.4375,
        "dvar2": 127782.234375,
        "max": 10980.4814453,
        "mean": 1211.74597168,
        "median": 1201.77441406,
        "min": 203.147827148,
        "var": 419987.71875
    },
    "spectral_complexity": {
        "dmean": 2.6722202301,
        "dmean2": 4.38034296036,
        "dvar": 9.75980854034,
        "dvar2": 23.9031066895,
        "max": 55,
        "mean": 18.595243454,
        "median": 16,
        "min": 0,
        "var": 162.901397705
    },
    "spectral_decrease": {
        "dmean": 1.98036409493e-09,
        "dmean2": 3.19322457365e-09,
        "dvar": 1.68779106782e-17,
        "dvar2": 3.95546651615e-17,
        "max": -7.52727510384e-29,
        "mean": -6.1975842236e-09,
        "median": -4.73279015978e-09,
        "min": -5.30836601342e-08,
        "var": 4.6221261134e-17
    },
    "spectral_energy": {
        "dmean": 0.00777542311698,
        "dmean2": 0.0125317620113,
        "dvar": 0.000249416480074,
        "dvar2": 0.000586376758292,
        "max": 0.204035684466,
        "mean": 0.0251433383673,
        "median": 0.0196255203336,
        "min": 1.07367518444e-20,
        "var": 0.000724915647879
    },
    "spectral_energyband_high": {
        "dmean": 0.000212803293834,
        "dmean2": 0.000335608405294,
        "dvar": 3.92768583879e-07,
        "dvar2": 9.16271460483e-07,
        "max": 0.0131843565032,
        "mean": 0.000551034754608,
        "median": 0.00019495554443,
        "min": 7.67871601074e-21,
        "var": 9.8068699117e-07
    },
    "spectral_energyband_low": {
        "dmean": 0.00449372967705,
        "dmean2": 0.00731275323778,
        "dvar": 0.00021519807342,
        "dvar2": 0.000495158077683,
        "max": 0.191216304898,
        "mean": 0.00864817481488,
        "median": 0.00231252005324,
        "min": 1.48415886811e-22,
        "var": 0.000361882790457
    },
    "spectral_energyband_middle_high": {
        "dmean": 0.00261055864394,
        "dmean2": 0.00405434612185,
        "dvar": 2.03863874049e-05,
        "dvar2": 4.94538981002e-05,
        "max": 0.0711466297507,
        "mean": 0.00866032205522,
        "median": 0.00401981920004,
        "min": 1.74588625572e-21,
        "var": 0.000129315216327
    },
    "spectral_energyband_middle_low": {
        "dmean": 0.00337341241539,
        "dmean2": 0.00555178197101,
        "dvar": 4.59310285805e-05,
        "dvar2": 0.000120896700537,
        "max": 0.10030093044,
        "mean": 0.00792203005403,
        "median": 0.0049636811018,
        "min": 2.86768230879e-22,
        "var": 8.76900230651e-05
    },
    "spectral_entropy": {
        "dmean": 0.119055993855,
        "dmean2": 0.179004624486,
        "dvar": 0.0177481900901,
        "dvar2": 0.03317444399,
        "max": 9.79611301422,
        "mean": 7.36508321762,
        "median": 7.55545425415,
        "min": 5.1223115921,
        "var": 0.36500492692
    },
    "spectral_flux": {
        "dmean": 0.0193782430142,
        "dmean2": 0.03144454211,
        "dvar": 0.000912577903364,
        "dvar2": 0.00213135196827,
        "max": 0.37218528986,
        "mean": 0.0709482207894,
        "median": 0.0630933791399,
        "min": 1.03618301439e-10,
        "var": 0.00333640887402
    },
    "spectral_kurtosis": {
        "dmean": 3.48750662804,
        "dmean2": 6.08818340302,
        "dvar": 57.3333816528,
        "dvar2": 169.463088989,
        "max": 148.199874878,
        "mean": 8.9945936203,
        "median": 4.36024236679,
        "min": -1.23802626133,
        "var": 246.14175415
    },
    "spectral_rms": {
        "dmean": 0.000611771538388,
        "dmean2": 0.000974756956566,
        "dvar": 8.61052399159e-07,
        "dvar2": 1.96736004909e-06,
        "max": 0.0141088338569,
        "mean": 0.00422671250999,
        "median": 0.00437571108341,
        "min": 3.23649202057e-12,
        "var": 6.66506366542e-06
    },
    "spectral_rolloff": {
        "dmean": 323.122253418,
        "dmean2": 530.251525879,
        "dvar": 536612,
        "dvar2": 1068784.375,
        "max": 18475.4882812,
        "mean": 1259.70141602,
        "median": 1033.59375,
        "min": 43.06640625,
        "var": 1420699.75
    },
    "spectral_skewness": {
        "dmean": 0.314026087523,
        "dmean2": 0.536330163479,
        "dvar": 0.224727272987,
        "dvar2": 0.670585691929,
        "max": 8.96512413025,
        "mean": 1.88566064835,
        "median": 1.59681606293,
        "min": -0.379276454449,
        "var": 1.1069341898
    },
    "spectral_spread": {
        "dmean": 349426.40625,
        "dmean2": 516359.34375,
        "dvar": 340074037248,
        "dvar2": 433474371584,
        "max": 40407184,
        "mean": 3728075,
        "median": 3725701.5,
        "min": 594502.5,
        "var": 2.35000928666e+12
    },
    "spectral_strongpeak": {
        "dmean": 0.552689194679,
        "dmean2": 0.922947764397,
        "dvar": 0.993515193462,
        "dvar2": 2.41289973259,
        "max": 11.0684423447,
        "mean": 1.2778621912,
        "median": 0.402556300163,
        "min": 0,
        "var": 3.37530851364
    },
    "zerocrossingrate": {
        "dmean": 0.00685768993571,
        "dmean2": 0.00802162010223,
        "dvar": 0.000146062157,
        "dvar2": 0.000153389482875,
        "max": 0.67138671875,
        "mean": 0.0501625873148,
        "median": 0.04736328125,
        "min": 0.00146484375,
        "var": 0.00109541718848
    },
    "barkbands": {
        "dmean": [0.00017221919552, 0.00372364278883, 0.00116828689352, 0.000735360721592, 0.000950065790676, 0.000879274390172, 0.000779606285505, 0.000402715988457, 0.00105740304571, 0.00137357052881, 0.0010319511639, 0.000433387496741, 0.000489901460242, 0.000459471280919, 0.000235578161664, 0.000179220500286, 0.000146158956341, 0.000118131007184, 0.000146633203258, 0.00011220874876, 7.16153008398e-05, 4.49189028586e-05, 3.91654139094e-05, 2.87921884592e-05, 2.98921950161e-05, 7.68102563597e-06, 5.34235162775e-08],
        "dmean2": [0.000252865429502, 0.00607740413398, 0.00208910321817, 0.00127110944595, 0.001625031, 0.00145487836562, 0.00126486306544, 0.000659984536469, 0.00170759053435, 0.00214928318746, 0.00161848368589, 0.000683108926751, 0.00080120714847, 0.00071702466812, 0.000390565983253, 0.000292130222078, 0.000241041692789, 0.000193650936126, 0.000245762086706, 0.000189797225175, 0.000122039666167, 7.48666352592e-05, 6.1272905441e-05, 4.49321778433e-05, 4.52081112599e-05, 1.14594331535e-05, 9.1088047327e-08],
        "dvar": [5.7523908481e-07, 0.000168142592884, 1.80545066542e-05, 3.25329347106e-06, 9.61569367064e-06, 6.82405379848e-06, 4.41498195869e-06, 1.59640467245e-06, 7.70218321122e-06, 1.26015074784e-05, 7.33275237508e-06, 1.50072514771e-06, 1.60261913607e-06, 1.79555729574e-06, 4.99435998336e-07, 2.8356078019e-07, 1.10568990408e-07, 6.77745291e-08, 7.30642284452e-08, 6.19021349735e-08, 3.78253126598e-08, 2.22440377229e-08, 2.60941526165e-08, 1.22511076839e-08, 2.34326353876e-08, 1.24301913207e-09, 1.20074455478e-13],
        "dvar2": [1.07875644062e-06, 0.000397844560212, 5.36702136742e-05, 8.87578971742e-06, 2.65550843324e-05, 1.79299659067e-05, 1.1046248801e-05, 3.95207644033e-06, 2.00306185434e-05, 2.92224540317e-05, 1.75651930476e-05, 3.4133850022e-06, 4.06122080676e-06, 4.1117082219e-06, 1.23074880776e-06, 6.84833707965e-07, 2.81014791881e-07, 1.6615014431e-07, 1.98141421492e-07, 1.65205861435e-07, 1.02641244837e-07, 5.38600879452e-08, 5.71633158586e-08, 2.80483369863e-08, 5.0699004106e-08, 2.5435666906e-09, 2.89039083466e-13],
        "max": [0.0539698153734, 0.145224511623, 0.0673741549253, 0.0355523489416, 0.0526191033423, 0.0617773272097, 0.0405336171389, 0.0387852825224, 0.0602459982038, 0.0644165873528, 0.0449892729521, 0.0310623105615, 0.0212515611202, 0.0299985893071, 0.0243531391025, 0.0178910940886, 0.00983369443566, 0.0089967623353, 0.00412703212351, 0.00490765785798, 0.00361603987403, 0.00431904895231, 0.00701814098284, 0.00305921165273, 0.00535404495895, 0.0015835321974, 1.53626733663e-05],
        "mean": [0.000350631191395, 0.005675772205, 0.0022025834769, 0.00105078041088, 0.00132964318618, 0.0013962208759, 0.00121600634884, 0.000602850981522, 0.00186329917051, 0.0027004701551, 0.00218736636452, 0.00076291867299, 0.000773045816459, 0.00081399991177, 0.000364856125088, 0.000315787619911, 0.000300209358102, 0.000234240214922, 0.00032682067831, 0.000232411315665, 0.000137422801345, 9.08651782083e-05, 8.35441969684e-05, 6.23507075943e-05, 5.69661715417e-05, 1.22702585941e-05, 4.49701111904e-08],
        "median": [2.65844573732e-05, 0.00122285541147, 0.000323566084262, 0.000444623001385, 0.000508867320605, 0.000420576427132, 0.000407280022046, 0.000158242444741, 0.000464960263344, 0.000357393349987, 0.000259472755715, 0.000203225936275, 0.00023619850981, 0.000188352059922, 0.000131349617732, 0.000105090788566, 0.00010148138972, 0.000101400451967, 7.68824247643e-05, 7.70190090407e-05, 3.87706677429e-05, 2.82184591924e-05, 2.10871367017e-05, 1.53137771122e-05, 1.00105689853e-05, 6.32593241789e-07, 6.37524921743e-10],
        "min": [7.24604555731e-24, 1.01693990424e-22, 3.43977054814e-23, 2.50302804213e-23, 4.68569051987e-23, 3.26413224532e-23, 3.10880111546e-23, 6.1342101669e-23, 4.40146172691e-23, 2.22279596562e-22, 4.68554158293e-23, 3.69543784317e-23, 1.41754669597e-22, 5.75445505148e-23, 7.81352905778e-23, 2.32028024084e-22, 1.75978737327e-22, 3.20200736644e-22, 3.52767439166e-22, 3.00499307878e-22, 5.14014546187e-22, 5.07253970364e-22, 5.78184808865e-22, 7.36961632671e-22, 1.31179586528e-21, 1.74005277448e-21, 2.343674094e-21],
        "var": [5.23536755281e-06, 0.000243040718487, 1.82002349902e-05, 4.00135650125e-06, 9.94218589767e-06, 1.08704043669e-05, 5.98745327807e-06, 2.4354121706e-06, 1.74533179234e-05, 4.3764939619e-05, 3.06163856294e-05, 4.43091175839e-06, 2.69547626885e-06, 4.03181957154e-06, 7.1582860528e-07, 4.64515125032e-07, 2.42303599407e-07, 1.47053469846e-07, 1.98552839947e-07, 1.16428601871e-07, 5.38989866072e-08, 4.94040257593e-08, 5.59500499264e-08, 2.46557068095e-08, 5.12981905842e-08, 2.56679411059e-09, 1.12984342476e-13]
    },
    "erbbands": {
        "dmean": [0.129321679473, 0.794861376286, 1.35194277763, 1.7250123024, 3.31935596466, 3.11404943466, 3.70268630981, 8.56206989288, 11.0298337936, 10.6010808945, 9.61257266998, 24.0545806885, 29.7328472137, 45.0978660583, 37.4080352783, 17.0008487701, 22.5139846802, 22.1413822174, 13.4065036774, 10.9023933411, 8.52599239349, 8.37668991089, 6.13771677017, 6.15707015991, 7.17770814896, 5.30539083481, 3.71972632408, 2.30789899826, 1.71137237549, 1.34595036507, 1.09338116646, 0.657218575478, 0.493757784367, 0.378452986479, 0.200747296214, 0.0540126226842, 0.0110933482647, 0.000741215830203, 1.93673004105e-05, 9.34486524784e-06],
        "dmean2": [0.212142974138, 1.30074453354, 2.40168857574, 3.03801202774, 5.82443809509, 5.23228883743, 6.27717971802, 14.2286176682, 18.1390018463, 16.9169845581, 15.8005514145, 38.9141159058, 46.9971160889, 68.523223877, 58.1120033264, 26.468624115, 36.5968589783, 34.4002227783, 21.5190963745, 17.7855701447, 13.8637876511, 13.7488269806, 10.0668525696, 10.2284660339, 12.0751466751, 8.99611473083, 6.25978946686, 3.97156095505, 2.86454916, 2.1517033577, 1.71985602379, 1.03358364105, 0.774010241032, 0.580317020416, 0.308449447155, 0.0814662501216, 0.0167665798217, 0.0011346625397, 2.92409804388e-05, 1.4894960259e-05],
        "dvar": [0.192761644721, 8.14367675781, 25.2212638855, 21.8045654297, 119.564575195, 89.7149200439, 182.513885498, 687.203125, 1105.0057373, 880.237243652, 815.017578125, 4775.43945312, 7562.47070312, 13881.9960938, 9570.39160156, 2178.24951172, 3171.84545898, 4303.73388672, 1979.4050293, 1169.91052246, 439.249145508, 372.150604248, 213.075744629, 153.442687988, 172.014022827, 147.401000977, 79.8841781616, 55.4095497131, 32.5271224976, 23.168844223, 22.6017169952, 5.92171955109, 3.93750452995, 3.52970147133, 1.16376376152, 0.0689555108547, 0.00223918678239, 1.02975373011e-05, 5.98006000274e-09, 3.24225951642e-10],
        "dvar2": [0.489130020142, 19.3001155853, 73.6107788086, 62.0235176086, 336.877960205, 238.793930054, 477.217315674, 1808.05322266, 2777.09472656, 2214.24609375, 2018.61413574, 12416.5527344, 17865.5, 32117.6796875, 22396.8320312, 4884.85644531, 8006.82177734, 9650.13183594, 4516.36962891, 2712.3059082, 1032.40539551, 925.095825195, 513.24987793, 399.137329102, 471.953643799, 398.179534912, 212.722854614, 150.96723938, 80.9514389038, 50.1191444397, 49.5804443359, 13.9959211349, 8.78272247314, 8.06791687012, 2.43334746361, 0.143188714981, 0.00468501076102, 2.11893329833e-05, 1.23963310728e-08, 7.68095587134e-10],
        "max": [8.52383995056, 35.1961250305, 79.9500350952, 73.9367828369, 143.374588013, 226.748825073, 409.886932373, 676.210144043, 701.897949219, 982.885498047, 1072.05541992, 1888.37585449, 2301.47680664, 2534.00732422, 1768.23413086, 1567.93017578, 953.587524414, 1629.81713867, 1701.87817383, 1248.66882324, 723.241455078, 551.308105469, 586.710021973, 258.992431641, 185.536834717, 249.209182739, 170.84161377, 151.137542725, 164.199874878, 136.487884521, 225.323348999, 89.9337615967, 52.0328979492, 69.3356552124, 31.2864589691, 10.7204942703, 2.0981502533, 0.152152910829, 0.00317514431663, 0.000230845689657],
        "mean": [0.179850369692, 1.20677244663, 2.6641664505, 2.85952925682, 4.52343130112, 4.39646339417, 5.31902742386, 13.560708046, 16.5561466217, 17.4860305786, 16.6401004791, 41.9026107788, 55.5204696655, 99.6719589233, 83.8742752075, 34.1088600159, 39.5126419067, 42.6611862183, 23.860414505, 18.7299804688, 17.0995178223, 17.5602111816, 13.2112836838, 13.9078388214, 16.4684505463, 11.0146589279, 7.33760213852, 4.34449768066, 3.2883682251, 2.87608885765, 2.25690984726, 1.42752838135, 1.01409816742, 0.720854341984, 0.358353465796, 0.0910717770457, 0.0170466247946, 0.00109483767301, 4.17837254645e-05, 3.21216721204e-05],
        "median": [0.0356641560793, 0.227067291737, 0.425362050533, 1.33580565453, 1.55591535568, 1.84453725815, 2.02429652214, 4.17444419861, 4.843542099, 6.45214653015, 5.1244430542, 10.5550861359, 13.3841676712, 15.9728746414, 14.3636264801, 11.6285018921, 13.3996047974, 10.9499607086, 8.33469200134, 7.92820835114, 5.49973917007, 6.10593318939, 5.5683298111, 5.01278400421, 3.84825134277, 3.6285572052, 2.348498106, 1.36307764053, 1.07014870644, 0.790020108223, 0.591557323933, 0.367099225521, 0.234277874231, 0.139079481363, 0.0496845804155, 0.00830727629364, 0.000586713664234, 3.10377363348e-05, 1.75004934135e-05, 2.59399348579e-05],
        "min": [2.40724017758e-21, 2.41254996625e-20, 5.00726287485e-20, 5.42400939215e-20, 1.58363262984e-19, 1.33571587276e-19, 1.44244026636e-19, 2.93921440824e-19, 4.97404330145e-19, 8.40044149958e-19, 1.16259635388e-18, 1.12119792878e-18, 4.95874594019e-18, 4.62776326655e-18, 2.4004452572e-18, 1.58200194666e-18, 6.25727515888e-18, 2.68093827381e-18, 5.15164321826e-18, 7.17684729636e-18, 1.16924849901e-17, 1.13153493606e-17, 1.74176724976e-17, 1.4169842121e-17, 1.85621397408e-17, 1.15065910367e-17, 2.12295308642e-17, 1.98937913392e-17, 1.76398217773e-17, 1.52598461384e-17, 1.79475263477e-17, 1.23142402606e-17, 1.42706043002e-17, 1.60900988997e-17, 8.5023562515e-18, 5.17724735335e-18, 3.60325458297e-18, 1.38763011575e-18, 3.03389660308e-19, 3.41480319389e-20],
        "var": [0.332048803568, 10.5193481445, 25.90675354, 22.0832195282, 122.790359497, 98.4065933228, 190.509155273, 1084.91357422, 1528.80285645, 1211.98706055, 1487.98815918, 10302.5732422, 17536.765625, 59535.6523438, 39839.3125, 7374.05224609, 5881.97851562, 11237.7861328, 3916.46411133, 1792.34777832, 975.237976074, 850.006347656, 495.80456543, 356.174865723, 489.932312012, 254.796722412, 127.750076294, 73.7699737549, 64.8470916748, 59.6427841187, 43.5068511963, 11.6879367828, 7.79982566833, 7.0252456665, 2.55428528786, 0.149257317185, 0.00416813418269, 1.96999371838e-05, 1.21176020329e-08, 1.09696030037e-09]
    },
    "gfcc": {
        "mean": [-58.6138763428, 124.075798035, -137.983398438, 26.1023426056, -60.5269889832, 17.4818134308, -30.5591869354, 6.56318092346, -21.6230392456, -5.80662107468, -7.83224344254, -8.57866191864, -3.02785825729],
        "cov": [[15760.8505859, -5217.81933594, -808.523620605, 1431.33520508, -1380.14770508, 1541.55578613, -97.4738540649, 1457.2142334, -450.600097656, 1112.69213867, -88.7615661621, 667.344909668, -246.522689819], [-5217.81933594, 3320.22241211, 391.911590576, -359.461853027, 1089.48254395, -616.269165039, 388.0418396, -545.883239746, 281.433258057, -497.807006836, 333.591949463, -332.425628662, 212.029800415], [-808.523620605, 391.911590576, 960.079467773, 287.896972656, 189.809249878, -10.4868345261, -111.615982056, -3.69207978249, -64.4290542603, -3.20539021492, -42.5752792358, 29.0386676788, -19.2205314636], [1431.33520508, -359.461853027, 287.896972656, 691.55670166, -160.624130249, 216.145828247, 6.0926566124, 65.7115020752, 30.2238540649, 86.9940490723, 40.4632377625, 60.318195343, 23.3699588776], [-1380.14770508, 1089.48254395, 189.809249878, -160.624130249, 730.597595215, -212.616333008, 209.659820557, -7.48100185394, 34.3848190308, -74.0217590332, 80.8337860107, -38.0804672241, 25.7256565094], [1541.55578613, -616.269165039, -10.4868345261, 216.145828247, -212.616333008, 435.07598877, 43.3252792358, 120.318481445, 3.70062994957, 92.6536254883, 15.7405967712, 70.9159393311, 5.90641355515], [-97.4738540649, 388.0418396, -111.615982056, 6.0926566124, 209.659820557, 43.3252792358, 332.902374268, 14.0638456345, 92.5163497925, -40.0852279663, 72.7943115234, -16.9300327301, 42.9936790466], [1457.2142334, -545.883239746, -3.69207978249, 65.7115020752, -7.48100185394, 120.318481445, 14.0638456345, 372.732574463, -63.9076042175, 163.087799072, -37.9589233398, 76.2939910889, -26.5363883972], [-450.600097656, 281.433258057, -64.4290542603, 30.2238540649, 34.3848190308, 3.70062994957, 92.5163497925, -63.9076042175, 215.951980591, -47.4461326599, 70.5376586914, -25.5639057159, 43.1876564026], [1112.69213867, -497.807006836, -3.20539021492, 86.9940490723, -74.0217590332, 92.6536254883, -40.0852279663, 163.087799072, -47.4461326599, 214.586654663, -18.0310840607, 95.0032119751, -38.4674415588], [-88.7615661621, 333.591949463, -42.5752792358, 40.4632377625, 80.8337860107, 15.7405967712, 72.7943115234, -37.9589233398, 70.5376586914, -18.0310840607, 186.423553467, -20.4910106659, 62.3101577759], [667.344909668, -332.425628662, 29.0386676788, 60.318195343, -38.0804672241, 70.9159393311, -16.9300327301, 76.2939910889, -25.5639057159, 95.0032119751, -20.4910106659, 140.121414185, -29.3680610657], [-246.522689819, 212.029800415, -19.2205314636, 23.3699588776, 25.7256565094, 5.90641355515, 42.9936790466, -26.5363883972, 43.1876564026, -38.4674415588, 62.3101577759, -29.3680610657, 115.167457581]],
        "icov": [[0.000305484281853, 5.74674922973e-05, 0.000403309240937, -0.000519947730936, 8.95077901077e-05, -0.000414038891904, 1.98807356355e-05, -0.000619774975348, 0.00047053876915, -0.000270176213235, -0.000248697673669, -0.000295557052596, 0.000364429870388], [5.74674922973e-05, 0.00364918052219, -0.00165250909049, 0.000823322799988, -0.00280000991188, 0.00199940148741, -0.00173804629594, 0.00227637030184, -0.00124564720318, 0.00179376383312, -0.00332889240235, 0.00285298400559, -0.00174709199928], [0.000403309240937, -0.00165250909049, 0.00312746572308, -0.00216584536247, 0.000302139902487, -0.00179284729529, 0.00205160723999, -0.001789374277, 0.00152024847921, -0.000756371882744, 0.00186110532377, -0.00199485616758, 0.00137502141297], [-0.000519947730936, 0.000823322799988, -0.00216584536247, 0.00354192196392, 1.76320804712e-06, 0.000711197790224, -0.00113563379273, 0.00160963018425, -0.0015325472923, 0.000226309944992, -0.0010697018588, 0.00108843517955, -0.00144439307041], [8.95077901077e-05, -0.00280000991188, 0.000302139902487, 1.76320804712e-06, 0.00528266234323, -0.000245532632107, -0.00095232645981, -0.0026265848428, 0.00138979603071, -0.00136942241807, 0.00117769127246, -0.00254372158088, 0.0017151114298], [-0.000414038891904, 0.00199940148741, -0.00179284729529, 0.000711197790224, -0.000245532632107, 0.00562295084819, -0.00245197862387, 0.00135994842276, -0.00125873205252, 0.0012136088917, -0.00220073666424, 0.00110818771645, -0.00166497030295], [1.98807356355e-05, -0.00173804629594, 0.00205160723999, -0.00113563379273, -0.00095232645981, -0.00245197862387, 0.00647467933595, -0.0015990283573, -0.000709744228516, 0.000223243521759, 0.00156679726206, -0.00146901002154, 0.000486601958983], [-0.000619774975348, 0.00227637030184, -0.001789374277, 0.00160963018425, -0.0026265848428, 0.00135994842276, -0.0015990283573, 0.00740058394149, -0.00108271907084, -0.0014842459932, -0.000609791721217, 0.00261866347864, -0.00241578067653], [0.00047053876915, -0.00124564720318, 0.00152024847921, -0.0015325472923, 0.00138979603071, -0.00125873205252, -0.000709744228516, -0.00108271907084, 0.00743993697688, -0.000594644923694, -0.000528955948539, -0.00153652834706, 0.00054059678223], [-0.000270176213235, 0.00179376383312, -0.000756371882744, 0.000226309944992, -0.00136942241807, 0.0012136088917, 0.000223243521759, -0.0014842459932, -0.000594644923694, 0.0111271208152, -0.00258779898286, -0.00248183473013, 0.000472239567898], [-0.000248697673669, -0.00332889240235, 0.00186110532377, -0.0010697018588, 0.00117769127246, -0.00220073666424, 0.00156679726206, -0.000609791721217, -0.000528955948539, -0.00258779898286, 0.011197945103, -0.00179267826024, -0.00193329097237], [-0.000295557052596, 0.00285298400559, -0.00199485616758, 0.00108843517955, -0.00254372158088, 0.00110818771645, -0.00146901002154, 0.00261866347864, -0.00153652834706, -0.00248183473013, -0.00179267826024, 0.0134083302692, -0.000639490841422], [0.000364429870388, -0.00174709199928, 0.00137502141297, -0.00144439307041, 0.0017151114298, -0.00166497030295, 0.000486601958983, -0.00241578067653, 0.00054059678223, 0.000472239567898, -0.00193329097237, -0.000639490841422, 0.0130040757358]]
    },
    "melbands": {
        "dmean": [0.00109496398363, 0.000772690807935, 0.000349454174284, 0.00022890434775, 0.000124646685435, 0.000186187942745, 0.000162713608006, 0.000108251493657, 9.226117254e-05, 0.000157314992975, 0.000153390501509, 0.000190270016901, 0.000151802800247, 5.418145156e-05, 5.4591717344e-05, 4.58392096334e-05, 4.19663447246e-05, 2.41674333665e-05, 1.57665308507e-05, 1.36371072585e-05, 1.04714627014e-05, 1.00583674794e-05, 6.45199861538e-06, 6.33027593722e-06, 5.32915100848e-06, 6.91660034136e-06, 4.48797709396e-06, 3.64705033462e-06, 2.89206036541e-06, 1.58084696977e-06, 1.4396265442e-06, 1.06247580334e-06, 8.56422104789e-07, 8.1164034782e-07, 7.22349454918e-07, 5.16042689469e-07, 4.11039053461e-07, 3.66872200175e-07, 3.42498026384e-07, 3.41307952567e-07],
        "dmean2": [0.00179129408207, 0.00129852257669, 0.000614636635873, 0.000392038142309, 0.000211903490708, 0.000308354210574, 0.000266120157903, 0.0001718482672, 0.000150721345562, 0.000252991303569, 0.000243036512984, 0.000289487361442, 0.000236448511714, 8.39983622427e-05, 8.76238555065e-05, 7.328241918e-05, 6.52692979202e-05, 3.85511666536e-05, 2.63067013293e-05, 2.19128869503e-05, 1.72101990756e-05, 1.66659101524e-05, 1.06781790237e-05, 1.03726388261e-05, 8.88400882104e-06, 1.16474720926e-05, 7.59231897973e-06, 6.15297722106e-06, 4.86925137011e-06, 2.72316583505e-06, 2.50407310887e-06, 1.79708808901e-06, 1.42060468988e-06, 1.30260355036e-06, 1.14784120342e-06, 8.18231285393e-07, 6.59662703129e-07, 5.86070484587e-07, 5.2919369864e-07, 5.30454997261e-07],
        "dvar": [1.44271543832e-05, 7.62053787184e-06, 8.08190009138e-07, 5.74810712806e-07, 1.82833559847e-07, 3.10470284148e-07, 2.20397737394e-07, 9.34674488917e-08, 6.86699479502e-08, 1.9895956882e-07, 1.95675582404e-07, 2.56088526385e-07, 1.68605936324e-07, 2.45390907594e-08, 2.13761790491e-08, 1.13329488016e-08, 1.60077195943e-08, 7.62997931503e-09, 2.00742578116e-09, 2.13525574999e-09, 6.53034348819e-10, 5.54495116489e-10, 2.46917292168e-10, 2.17186851836e-10, 1.23252477668e-10, 1.61010871302e-10, 8.12723083277e-11, 7.51635906293e-11, 4.43200372235e-11, 2.20047070842e-11, 2.16369335643e-11, 1.22571987282e-11, 7.87792921175e-12, 9.00059887732e-12, 1.08800538023e-11, 3.33330368515e-12, 2.16567562494e-12, 1.83453274273e-12, 2.27552980799e-12, 3.21114662638e-12],
        "dvar2": [3.50609007e-05, 1.99755158974e-05, 2.27617988457e-06, 1.59553053436e-06, 4.71676372626e-07, 8.12543646589e-07, 5.49663639049e-07, 2.3322994025e-07, 1.71196091969e-07, 5.08738423832e-07, 4.58671479464e-07, 5.90749891671e-07, 4.0398793999e-07, 5.48942686862e-08, 5.13128384227e-08, 2.72267772772e-08, 3.558814754e-08, 1.72507874652e-08, 4.92952967335e-09, 4.98842167573e-09, 1.57027357783e-09, 1.39904676733e-09, 6.32359720143e-10, 5.14371545357e-10, 3.20763415829e-10, 4.43328262989e-10, 2.16563530997e-10, 1.99305433268e-10, 1.16725407118e-10, 6.04182121e-11, 5.89337537105e-11, 3.08644845792e-11, 1.89685749746e-11, 2.00145334334e-11, 2.50476063501e-11, 7.66205675296e-12, 5.29882691544e-12, 4.21480992469e-12, 5.07817139034e-12, 7.58063837397e-12],
        "max": [0.054050590843, 0.0410894230008, 0.011830477044, 0.0127720031887, 0.0121311275288, 0.0140758343041, 0.00971377268434, 0.011039128527, 0.00792123470455, 0.0118019739166, 0.0112951444462, 0.011029179208, 0.00735774124041, 0.00429780362174, 0.00384851661511, 0.00249519106001, 0.00339964195155, 0.00366051611491, 0.00138246535789, 0.00168011593632, 0.000820001761895, 0.000610480259638, 0.000673248083331, 0.000575858750381, 0.000241567773628, 0.000230359451962, 0.000181548137334, 0.000176721747266, 0.000169684717548, 0.000161779418704, 0.00010279869457, 0.000105367245851, 8.14086233731e-05, 9.06744680833e-05, 0.000170518149389, 6.23597588856e-05, 4.76893983432e-05, 3.54971161869e-05, 3.65995983884e-05, 6.87123829266e-05],
        "mean": [0.00160341907758, 0.00148406403605, 0.000579039275181, 0.000329772359692, 0.000189523081644, 0.000300482119201, 0.000250855315244, 0.000176053232281, 0.000152695865836, 0.000271127792075, 0.000276389793726, 0.000403855170589, 0.000332262308802, 9.5324787253e-05, 9.20807287912e-05, 7.87860772107e-05, 7.57116940804e-05, 3.91682588088e-05, 2.47300922638e-05, 2.24959057959e-05, 1.9163795514e-05, 1.93031337403e-05, 1.25516362459e-05, 1.15924931379e-05, 1.06562256406e-05, 1.43752877193e-05, 9.17089801078e-06, 6.71443694955e-06, 5.24300776306e-06, 2.80882954939e-06, 2.42442297349e-06, 1.87839077626e-06, 1.65412018305e-06, 1.58308375831e-06, 1.34667629936e-06, 1.04693435787e-06, 8.0955823023e-07, 7.12759344879e-07, 6.42163342945e-07, 6.00782072979e-07],
        "median": [0.000364804000128, 0.00022981071379, 0.00027441844577, 0.000130151340272, 8.03903021733e-05, 9.27827786654e-05, 8.0379373685e-05, 6.22954394203e-05, 4.07469342463e-05, 6.41796941636e-05, 6.08305708738e-05, 5.65993832424e-05, 4.28561143053e-05, 2.4885746825e-05, 2.81343982351e-05, 2.48355208896e-05, 1.69142749655e-05, 1.12890975288e-05, 9.42977112572e-06, 8.29950568004e-06, 5.65283153264e-06, 6.40261760054e-06, 4.40614803665e-06, 4.75136130262e-06, 3.78615959562e-06, 2.77149365502e-06, 2.38991015067e-06, 2.26410611504e-06, 1.54395559093e-06, 8.40752250042e-07, 6.77424964124e-07, 6.019436114e-07, 4.74980367926e-07, 3.7772900896e-07, 3.32686852289e-07, 2.73617956736e-07, 1.89839767017e-07, 1.55372191557e-07, 1.41806168585e-07, 9.97939935132e-08],
        "min": [2.51698283378e-23, 2.91031519201e-23, 1.31914456531e-23, 1.0867644442e-23, 4.7599827578e-24, 6.37659659416e-24, 7.73801392768e-24, 9.93695186807e-24, 9.93324343296e-24, 6.34635403364e-24, 2.67604338245e-23, 2.14799724744e-23, 7.79612694399e-24, 3.92780707799e-24, 8.09104653771e-24, 1.39212981849e-23, 3.67319709324e-24, 8.81205357217e-24, 6.16373115636e-24, 1.41594884243e-23, 1.40060455119e-23, 1.04335043092e-23, 1.45367721963e-23, 1.59670385486e-23, 1.01838763755e-23, 1.63019163138e-23, 8.54985750652e-24, 7.58077186117e-24, 1.18879421485e-23, 1.48263393688e-23, 1.10561632657e-23, 1.00027207795e-23, 1.01852592486e-23, 7.76439106977e-24, 1.06043542263e-23, 8.41752845625e-24, 7.47463772612e-24, 1.02992985588e-23, 1.08136421799e-23, 1.44984304008e-23],
        "var": [2.23126717174e-05, 9.28316148929e-06, 8.86372049536e-07, 5.93665617998e-07, 2.04040802032e-07, 5.09189078457e-07, 3.11164654931e-07, 1.32135838271e-07, 1.26315256921e-07, 4.33841051972e-07, 4.59102267314e-07, 1.08438405277e-06, 7.19864601706e-07, 7.12315397777e-08, 4.75720867144e-08, 2.22011173889e-08, 3.89185714766e-08, 1.45598173518e-08, 2.88937296311e-09, 3.22875193248e-09, 1.32734556679e-09, 1.12244802342e-09, 4.72158367959e-10, 4.30619179204e-10, 2.3859139664e-10, 4.15174505886e-10, 1.86160753479e-10, 1.13251172329e-10, 6.96790541932e-11, 2.71879845026e-11, 2.74312603882e-11, 2.24202583582e-11, 1.77292278081e-11, 2.08440105454e-11, 1.83797595199e-11, 6.68958595115e-12, 3.88879943872e-12, 3.49539451203e-12, 4.41726950157e-12, 5.85851506196e-12]
    },
    "mfcc": {
        "mean": [-684.332885742, 136.074813843, -6.28345108032, 9.52836704254, -2.67918968201, 4.13825464249, 4.31932401657, 5.14468050003, -1.2053886652, 2.35160899162, -3.27003479004, -2.27046728134, -1.80799090862],
        "cov": [[13229.3857422, -3019.08422852, -1392.49987793, 349.43850708, -461.689239502, -171.208618164, 666.867126465, 347.896575928, 183.242431641, 417.197814941, 295.555969238, 519.241882324, 523.187316895], [-3019.08422852, 1619.97583008, 265.377410889, 68.4141082764, 266.082977295, 116.558158875, 53.5814323425, -14.6493177414, -54.6656455994, -16.2993469238, -53.4759101868, -78.9793624878, -57.3107643127], [-1392.49987793, 265.377410889, 870.280944824, 234.575134277, 239.973297119, 125.130966187, -35.8500976562, -24.7897930145, -2.19204831123, -88.3305511475, -52.0213623047, -32.8154754639, -29.4422130585], [349.43850708, 68.4141082764, 234.575134277, 445.938568115, 164.395996094, 32.0175933838, 86.2782897949, 15.6871681213, 23.2096328735, 13.9232521057, -2.96094536781, 51.9710044861, 64.6120910645], [-461.689239502, 266.082977295, 239.973297119, 164.395996094, 266.972595215, 52.4015884399, 44.0009460449, 12.6522302628, 13.1964187622, -1.93714737892, -10.3733444214, 10.2778816223, 23.4289417267], [-171.208618164, 116.558158875, 125.130966187, 32.0175933838, 52.4015884399, 233.396286011, 46.7797355652, 54.8653945923, 9.69489860535, -7.99246644974, 11.8237829208, 15.4873046875, 18.812713623], [666.867126465, 53.5814323425, -35.8500976562, 86.2782897949, 44.0009460449, 46.7797355652, 258.082092285, 90.2221679688, 39.1293830872, 70.9961471558, 33.1034011841, 24.441986084, 48.2342338562], [347.896575928, -14.6493177414, -24.7897930145, 15.6871681213, 12.6522302628, 54.8653945923, 90.2221679688, 151.785980225, 71.5223617554, 52.382598877, 31.7376785278, 9.43313598633, 25.5458335876], [183.242431641, -54.6656455994, -2.19204831123, 23.2096328735, 13.1964187622, 9.69489860535, 39.1293830872, 71.5223617554, 139.710723877, 55.7463760376, 21.4455547333, 16.4562854767, 8.78090381622], [417.197814941, -16.2993469238, -88.3305511475, 13.9232521057, -1.93714737892, -7.99246644974, 70.9961471558, 52.382598877, 55.7463760376, 120.489028931, 45.7835235596, 21.0982723236, 26.6620693207], [295.555969238, -53.4759101868, -52.0213623047, -2.96094536781, -10.3733444214, 11.8237829208, 33.1034011841, 31.7376785278, 21.4455547333, 45.7835235596, 89.2452697754, 30.744178772, 26.7899703979], [519.241882324, -78.9793624878, -32.8154754639, 51.9710044861, 10.2778816223, 15.4873046875, 24.441986084, 9.43313598633, 16.4562854767, 21.0982723236, 30.744178772, 124.0599823, 61.1010818481], [523.187316895, -57.3107643127, -29.4422130585, 64.6120910645, 23.4289417267, 18.812713623, 48.2342338562, 25.5458335876, 8.78090381622, 26.6620693207, 26.7899703979, 61.1010818481, 106.497390747]],
