{
"lowlevel": {
    "average_loudness": 0.503393411636,
    "barkbands_crest": {
        "dmean": 3.09915757179,
        "dmean2": 5.07085466385,
        "dvar": 7.62002563477,
        "dvar2": 20.0129985809,
        "max": 26.0033855438,
        "mean": 11.4920368195,
        "median": 10.6873636246,
        "min": 2.49900364876,
        "var": 21.3312740326
    },
    "barkbands_flatness_db": {
        "dmean": 0.0262764766812,
        "dmean2": 0.0394717529416,
        "dvar": 0.000604731496423,
        "dvar2": 0.00133050151635,
        "max": 0.468330979347,
        "mean": 0.157539620996,
        "median": 0.145800247788,
        "min": 0.0227976441383,
        "var": 0.0042318077758
    },
    "barkbands_kurtosis": {
        "dmean": 2.91619729996,
        "dmean2": 4.72130393982,
        "dvar": 42.9372406006,
        "dvar2": 107.684516907,
        "max": 178.010147095,
        "mean": 4.36271095276,
        "median": 1.61145591736,
        "min": -1.85374426842,
        "var": 116.747398376
    },
    "barkbands_skewness": {
        "dmean": 0.512506186962,
        "dmean2": 0.804340004921,
        "dvar": 0.342820078135,
        "dvar2": 0.823530852795,
        "max": 11.8122386932,
        "mean": 1.28094375134,
        "median": 1.02983033657,
        "min": -2.97265720367,
        "var": 1.737590909
    },
    "barkbands_spread": {
        "dmean": 5.56905221939,
        "dmean2": 8.75160312653,
        "dvar": 45.2529983521,
        "dvar2": 97.1376876831,
        "max": 103.749984741,
        "mean": 18.5449695587,
        "median": 16.1170558929,
        "min": 0.658323824406,
        "var": 156.197875977
    },
    "dissonance": {
        "dmean": 0.0244521275163,
        "dmean2": 0.0418197624385,
        "dvar": 0.000487880926812,
        "dvar2": 0.00133692380041,
        "max": 0.499999970198,
        "mean": 0.459218382835,
        "median": 0.466215252876,
        "min": 0.241239771247,
        "var": 0.00102543458343
    },
    "dynamic_complexity": 4.55020570755,
    "erbbands_crest": {
        "dmean": 3.644551754,
        "dmean2": 6.00847578049,
        "dvar": 11.0053186417,
        "dvar2": 28.3284492493,
        "max": 32.7807006836,
        "mean": 12.2700681686,
        "median": 10.8998184204,
        "min": 2.53123831749,
        "var": 37.9194030762
    },
    "erbbands_flatness_db": {
        "dmean": 0.0234789438546,
        "dmean2": 0.0340784825385,
        "dvar": 0.000483973359223,
        "dvar2": 0.00098531297408,
        "max": 0.518716096878,
        "mean": 0.195148125291,
        "median": 0.190959528089,
        "min": 0.0544843226671,
        "var": 0.00419255066663
    },
    "erbbands_kurtosis": {
        "dmean": 1.43394970894,
        "dmean2": 2.36114954948,
        "dvar": 3.39447903633,
        "dvar2": 8.94693851471,
        "max": 50.2668380737,
        "mean": 1.51033103466,
        "median": 0.826117515564,
        "min": -1.81563913822,
        "var": 7.38717603683
    },
    "erbbands_skewness": {
        "dmean": 0.45992103219,
        "dmean2": 0.734023213387,
        "dvar": 0.190881684422,
        "dvar2": 0.474669903517,
        "max": 6.56814241409,
        "mean": 0.853317379951,
        "median": 0.801536381245,
        "min": -3.39854812622,
        "var": 0.596302032471
    },
    "erbbands_spread": {
        "dmean": 7.26233911514,
        "dmean2": 11.2766294479,
        "dvar": 74.5297088623,
        "dvar2": 166.779342651,
        "max": 121.86492157,
        "mean": 28.0362739563,
        "median": 22.8768787384,
        "min": 1.95513093472,
        "var": 302.847381592
    },
    "hfc": {
        "dmean": 6.57496070862,
        "dmean2": 10.5503864288,
        "dvar": 82.2358474731,
        "dvar2": 213.823822021,
        "max": 121.979110718,
        "mean": 22.1689071655,
        "median": 15.0397586823,
        "min": 1.17491053376e-16,
        "var": 426.074188232
    },
    "melbands_crest": {
        "dmean": 3.83070015907,
        "dmean2": 6.36743354797,
        "dvar": 11.3667049408,
        "dvar2": 29.7807350159,
        "max": 38.6506729126,
        "mean": 15.3729810715,
        "median": 14.4341344833,
        "min": 2.03973054886,
        "var": 35.3001098633
    },
    "melbands_flatness_db": {
        "dmean": 0.0281630437821,
        "dmean2": 0.0435594022274,
        "dvar": 0.000739816343412,
        "dvar2": 0.00168404518627,
        "max": 0.550286352634,
        "mean": 0.206698313355,
        "median": 0.191560000181,
        "min": 0.00769233750179,
        "var": 0.00559689616784
    },
    "melbands_kurtosis": {
        "dmean": 5.88720703125,
        "dmean2": 9.51524162292,
        "dvar": 231.325942993,
        "dvar2": 566.834777832,
        "max": 608.103881836,
        "mean": 10.6705169678,
        "median": 4.24403095245,
        "min": -1.68121504784,
        "var": 824.691650391
    },
    "melbands_skewness": {
        "dmean": 0.667450249195,
        "dmean2": 1.05818378925,
        "dvar": 0.618801295757,
        "dvar2": 1.46793687344,
        "max": 22.6055736542,
        "mean": 1.93111336231,
        "median": 1.57397568226,
        "min": -1.20969974995,
        "var": 3.56611609459
    },
    "melbands_spread": {
        "dmean": 6.48721265793,
        "dmean2": 10.3773002625,
        "dvar": 75.5532302856,
        "dvar2": 162.367599487,
        "max": 208.495559692,
        "mean": 22.1961288452,
        "median": 19.6642723083,
        "min": 0.453852236271,
        "var": 229.291778564
    },
    "pitch_salience": {
        "dmean": 0.073388107121,
        "dmean2": 0.121057078242,
        "dvar": 0.00455376366153,
        "dvar2": 0.011674718,
        "max": 0.961677074432,
        "mean": 0.538333773613,
        "median": 0.540859639645,
        "min": 0.0241437684745,
        "var": 0.0177197232842
    },
    "silence_rate_20dB": {
        "dmean": 0,
        "dmean2": 0,
        "dvar": 0,
        "dvar2": 0,
        "max": 1,
        "mean": 1,
        "median": 1,
        "min": 1,
        "var": 0
    },
    "silence_rate_30dB": {
        "dmean": 0.00119560013991,
        "dmean2": 0.00239148619585,
        "dvar": 0.00119371816982,
        "dvar2": 0.00310321571305,
        "max": 1,
        "mean": 0.996174514294,
        "median": 1,
        "min": 0,
        "var": 0.00381142273545
    },
    "silence_rate_60dB": {
        "dmean": 0.0224772840738,
        "dmean2": 0.0448403693736,
        "dvar": 0.0219706371427,
        "dvar2": 0.051441848278,
        "max": 1,
        "mean": 0.134369403124,
        "median": 0,
        "min": 0,
        "var": 0.116324268281
    },
    "spectral_centroid": {
        "dmean": 238.217330933,
        "dmean2": 370.523590088,
        "dvar": 84386.046875,
        "dvar2": 166012.25,
        "max": 11090.8349609,
        "mean": 1269.04980469,
        "median": 1249.15222168,
        "min": 260.541564941,
        "var": 334931.1875
    },
    "spectral_complexity": {
        "dmean": 2.83978962898,
        "dmean2": 4.5840010643,
        "dvar": 9.33707523346,
        "dvar2": 20.8527755737,
        "max": 55,
        "mean": 17.5513458252,
        "median": 18,
        "min": 0,
        "var": 100.358100891
    },
    "spectral_decrease": {
        "dmean": 2.28403029823e-09,
        "dmean2": 3.76804498714e-09,
        "dvar": 8.35537535564e-18,
        "dvar2": 2.2742295312e-17,
        "max": 4.7292145666e-29,
        "mean": -6.7006493687e-09,
        "median": -5.83674353294e-09,
        "min": -5.3778506981e-08,
        "var": 3.07159292965e-17
    },
    "spectral_energy": {
        "dmean": 0.00908042863011,
        "dmean2": 0.0149546768516,
        "dvar": 0.000129899926833,
        "dvar2": 0.000353815208655,
        "max": 0.203779459,
        "mean": 0.0273005738854,
        "median": 0.023696411401,
        "min": 1.04782982926e-20,
        "var": 0.000497416069265
    },
    "spectral_energyband_high": {
        "dmean": 0.000339550519129,
        "dmean2": 0.000517957611009,
        "dvar": 4.63060501943e-07,
        "dvar2": 1.06849165604e-06,
        "max": 0.00956289004534,
        "mean": 0.000679453427438,
        "median": 0.000339935271768,
        "min": 7.47702126619e-21,
        "var": 9.33464264108e-07
    },
    "spectral_energyband_low": {
        "dmean": 0.00388040952384,
        "dmean2": 0.00662091840059,
        "dvar": 6.99246884324e-05,
        "dvar2": 0.000193288447917,
        "max": 0.194381430745,
        "mean": 0.00729748466983,
        "median": 0.00326995109208,
        "min": 5.42063372885e-23,
        "var": 0.000177384717972
    },
    "spectral_energyband_middle_high": {
        "dmean": 0.0039602695033,
        "dmean2": 0.00651067681611,
        "dvar": 4.90898710268e-05,
        "dvar2": 0.000138962088386,
        "max": 0.0775571763515,
        "mean": 0.0103731229901,
        "median": 0.00365318544209,
        "min": 1.67308598096e-21,
        "var": 0.000178480200702
    },
    "spectral_energyband_middle_low": {
        "dmean": 0.00466117309406,
        "dmean2": 0.00742428796366,
        "dvar": 5.13888080604e-05,
        "dvar2": 0.00013236347877,
        "max": 0.0928293913603,
        "mean": 0.0100585836917,
        "median": 0.00569774443284,
        "min": 2.23209594149e-22,
        "var": 0.000120619864902
    },
    "spectral_entropy": {
        "dmean": 0.176462173462,
        "dmean2": 0.264047145844,
        "dvar": 0.0344010181725,
        "dvar2": 0.0694719180465,
        "max": 9.80343532562,
        "mean": 7.51441812515,
        "median": 7.56057310104,
        "min": 5.33631563187,
        "var": 0.221198737621
    },
    "spectral_flux": {
        "dmean": 0.0218367818743,
        "dmean2": 0.0359011106193,
        "dvar": 0.000576497695874,
        "dvar2": 0.00136853021104,
        "max": 0.288047105074,
        "mean": 0.0815759673715,
        "median": 0.0796979218721,
        "min": 1.02363562071e-10,
        "var": 0.00227141729556
    },
    "spectral_kurtosis": {
        "dmean": 2.31975769997,
        "dmean2": 3.90615272522,
        "dvar": 17.6087036133,
        "dvar2": 50.5579986572,
        "max": 82.0722732544,
        "mean": 5.44133663177,
        "median": 4.09603309631,
        "min": -1.22341609001,
        "var": 37.8079299927
    },
    "spectral_rms": {
        "dmean": 0.000791393860709,
        "dmean2": 0.00128281931393,
        "dvar": 7.38401922717e-07,
        "dvar2": 1.9053492224e-06,
        "max": 0.0140999723226,
        "mean": 0.00464138342068,
        "median": 0.00480816466734,
        "min": 3.19730049728e-12,
        "var": 5.09233177581e-06
    },
    "spectral_rolloff": {
        "dmean": 417.943939209,
        "dmean2": 703.680725098,
        "dvar": 593968.3125,
        "dvar2": 1219158.625,
        "max": 19186.0839844,
        "mean": 1297.76501465,
        "median": 990.52734375,
        "min": 43.06640625,
        "var": 1212189.25
    },
    "spectral_skewness": {
        "dmean": 0.25786203146,
        "dmean2": 0.414917677641,
        "dvar": 0.0985798463225,
        "dvar2": 0.270798653364,
        "max": 6.87626743317,
        "mean": 1.64704453945,
        "median": 1.56896495819,
        "min": -0.0247304029763,
        "var": 0.310824841261
    },
    "spectral_spread": {
        "dmean": 570679.1875,
        "dmean2": 785284.625,
        "dvar": 602093518848,
        "dvar2": 943926542336,
        "max": 40661900,
        "mean": 4215026.5,
        "median": 3963848.5,
        "min": 774322.875,
        "var": 2.57048235213e+12
    },
    "spectral_strongpeak": {
        "dmean": 0.819237232208,
        "dmean2": 1.3719997406,
        "dvar": 1.41093397141,
        "dvar2": 3.75761175156,
        "max": 12.8944787979,
        "mean": 1.55367541313,
        "median": 0.689121961594,
        "min": 0,
        "var": 3.37159943581
    },
    "zerocrossingrate": {
        "dmean": 0.00927419122308,
        "dmean2": 0.0110449185595,
        "dvar": 0.00015213926963,
        "dvar2": 0.000166307741893,
        "max": 0.55615234375,
        "mean": 0.054631639272,
        "median": 0.05078125,
        "min": 0.001953125,
        "var": 0.000908834277652
    },
    "barkbands": {
        "dmean": [0.000253637990681, 0.00334294489585, 0.000779394817073, 0.000458596972749, 0.00185618863907, 0.000928347639274, 0.000618366175331, 0.000786598655395, 0.000950419518631, 0.00319692096673, 0.00144202460069, 0.00029481810634, 0.000312806980219, 0.000217639724724, 0.000684578728396, 0.000121700599266, 0.000114739370474, 0.000151396423462, 0.00010274885426, 0.000153338638484, 7.47238882468e-05, 5.24967545061e-05, 5.81042986596e-05, 6.00790590397e-05, 4.87847282784e-05, 2.4603883503e-05, 7.64539151987e-07],
        "dmean2": [0.000407511513913, 0.00565604167059, 0.00131966196932, 0.000757557805628, 0.00311660533771, 0.00151481747162, 0.00105245504528, 0.00126182625536, 0.00156704231631, 0.00520971650258, 0.00238954927772, 0.000487206882099, 0.000522521324456, 0.000361841521226, 0.00115456746425, 0.000200022608624, 0.000191478524357, 0.000252505240496, 0.000168414131622, 0.000250573590165, 0.000118203824968, 8.26906252769e-05, 8.8800683443e-05, 9.19346130104e-05, 7.54334250814e-05, 3.65492633136e-05, 1.23934660223e-06],
        "dvar": [6.34550644918e-07, 5.98248188908e-05, 3.25290147885e-06, 1.61682271482e-06, 1.85857024917e-05, 6.91590958013e-06, 2.30498199016e-06, 3.23082872455e-06, 9.04434091353e-06, 4.11577748309e-05, 1.5688370695e-05, 6.73765100601e-07, 4.86663907395e-07, 2.65712401415e-07, 1.99763530873e-06, 5.50043601777e-08, 4.56024125128e-08, 7.78923663347e-08, 3.10988212959e-08, 9.77655574275e-08, 2.39224888787e-08, 1.67804312667e-08, 1.73357861399e-08, 3.00247116058e-08, 1.29891022382e-08, 3.22326543234e-09, 8.90728810155e-12],
        "dvar2": [1.27296777919e-06, 0.000164626631886, 8.79039362189e-06, 4.07712468586e-06, 4.99757079524e-05, 1.78228292498e-05, 6.13234124103e-06, 7.7710392361e-06, 2.5604153052e-05, 0.000110943838081, 4.23655837949e-05, 1.78029949893e-06, 1.22108019696e-06, 7.31236070806e-07, 5.59907857678e-06, 1.37396057198e-07, 1.15679945623e-07, 2.0696552383e-07, 8.11862435057e-08, 2.62445041699e-07, 5.82172141605e-08, 3.87057248474e-08, 3.85531642166e-08, 7.36319307748e-08, 3.02056761825e-08, 7.4542487738e-09, 2.17483236281e-11],
        "max": [0.071512632072, 0.145971283317, 0.0217206478119, 0.0146384947002, 0.0613726302981, 0.0586950294673, 0.0325640179217, 0.0373824983835, 0.074018701911, 0.0660949349403, 0.0595643743873, 0.0314404778183, 0.0166543815285, 0.0196684747934, 0.0182109940797, 0.00542361615226, 0.00608100555837, 0.00563613604754, 0.00409798463807, 0.0079908631742, 0.0032432039734, 0.00470943702385, 0.00306673371233, 0.00363371125422, 0.00165429920889, 0.000688663276378, 4.57874120912e-05],
        "mean": [0.000567636627238, 0.00553791318089, 0.000988919869997, 0.000462570373202, 0.00265797041357, 0.00138540484477, 0.000948452332523, 0.0012496500276, 0.00153765094001, 0.00537218619138, 0.00222061411478, 0.000497468688991, 0.000540994515177, 0.000355854077497, 0.00120690267067, 0.000224928109674, 0.000199072455871, 0.000296105863526, 0.0002081146813, 0.00032924048719, 0.000141135431477, 9.23030165723e-05, 0.000104076207208, 8.46934635774e-05, 6.48312343401e-05, 2.52726877079e-05, 6.17985733697e-07],
        "median": [0.000128813917399, 0.00213561975397, 0.000335781660397, 0.000124100930407, 0.000533791142516, 0.000477218767628, 0.000378002703656, 0.0003927750804, 0.000426210870501, 0.000776564935222, 0.000325630477164, 0.000179448950803, 0.000218225817662, 0.000124022946693, 0.0002614617988, 0.000105360159068, 0.000100190751255, 0.000120992262964, 9.41113830777e-05, 0.000100463323179, 6.83550606482e-05, 4.26780279668e-05, 4.4904245442e-05, 2.47381503868e-05, 1.55742291099e-05, 2.82616883851e-06, 3.85390741542e-09],
        "min": [2.11384095075e-24, 4.54541574702e-24, 4.63000609075e-23, 2.00981977963e-24, 3.94660011134e-23, 5.13709029825e-23, 3.72485320415e-23, 1.52579188591e-23, 3.35121617837e-23, 9.91043809527e-23, 1.16941901793e-22, 5.48314369807e-23, 1.50950743025e-22, 1.612398495e-22, 1.80287748027e-22, 1.6476287706e-22, 1.67560139964e-22, 2.36353884853e-22, 1.84271407246e-22, 3.6251175199e-22, 4.05391075354e-22, 5.92321802131e-22, 4.01135820792e-22, 9.38542528821e-22, 1.21450480418e-21, 1.40502180623e-21, 2.54851781983e-21],
        "var": [6.70867893859e-06, 0.000119628355606, 3.64213065041e-06, 1.4438251128e-06, 2.62651046796e-05, 1.19005271699e-05, 4.56561792817e-06, 6.23536379862e-06, 1.66992467712e-05, 8.86965208338e-05, 3.37353885698e-05, 1.45903084103e-06, 1.18986577036e-06, 4.52654546734e-07, 4.48028913524e-06, 1.2426919227e-07, 1.0798553518e-07, 1.86717983297e-07, 7.66097016935e-08, 2.79594559061e-07, 4.47445032137e-08, 3.18077937322e-08, 3.46534960727e-08, 3.93186034842e-08, 1.845956632e-08, 3.74828923455e-09, 7.76386854112e-12]
    },
    "erbbands": {
        "dmean": [0.111018948257, 0.731672525406, 0.999872624874, 1.23134171963, 2.84206175804, 7.50854921341, 10.0533561707, 5.8679189682, 7.09596967697, 11.0154714584, 19.2632045746, 21.4794101715, 61.9119949341, 117.041358948, 22.5171051025, 12.5182218552, 13.7611207962, 12.0090341568, 27.161233902, 20.8461017609, 6.54235696793, 5.28212022781, 6.52589273453, 8.29144954681, 4.60055494308, 7.95365476608, 3.80971002579, 2.5061943531, 1.91283142567, 1.76014554501, 1.69544363022, 1.29477381706, 0.960344552994, 0.585009098053, 0.35013923049, 0.134166717529, 0.0424191169441, 0.00476693641394, 0.000124714977574, 1.39711128213e-05],
        "dmean2": [0.182260990143, 1.25759923458, 1.71341753006, 2.03124308586, 4.79737663269, 12.3884220123, 16.2927532196, 9.6300945282, 11.8572006226, 17.9814052582, 30.9552364349, 35.2247581482, 97.7506866455, 196.091873169, 37.0035324097, 20.6702632904, 22.952539444, 19.9421005249, 45.3871803284, 35.357006073, 10.7554006577, 8.76843929291, 10.7217664719, 14.0226554871, 7.45238304138, 13.0528717041, 6.01215600967, 3.9645280838, 3.02762150764, 2.74398469925, 2.61099243164, 1.96961975098, 1.49870717525, 0.909454703331, 0.544332265854, 0.203227639198, 0.0627901852131, 0.00714797666296, 0.000189063008293, 2.21453810809e-05],
        "dvar": [0.0685617849231, 2.96455073357, 4.94723892212, 10.9837493896, 70.5179672241, 309.674499512, 637.377990723, 312.401916504, 297.852508545, 647.26550293, 2210.68017578, 4504.24755859, 25017.4941406, 67164.3203125, 2185.34814453, 1369.11560059, 861.035705566, 771.525512695, 3957.67749023, 2451.23901367, 141.420913696, 123.795188904, 131.709899902, 273.646209717, 65.4370574951, 333.792724609, 51.2450447083, 26.9271965027, 23.3575229645, 14.6956129074, 16.6130027771, 11.4239521027, 8.25221920013, 2.06230950356, 0.67478966713, 0.0941548794508, 0.0104764522985, 0.000187273486517, 1.50116662212e-07, 4.07516353995e-10],
        "dvar2": [0.181753829122, 8.2588224411, 13.9773292542, 27.4784011841, 191.566696167, 808.730773926, 1606.94226074, 767.747741699, 767.096923828, 1585.23681641, 5412.98242188, 13134.7929688, 61588.7734375, 191222.046875, 5749.59375, 3631.99780273, 2262.98876953, 2107.00756836, 11014.7509766, 6926.01904297, 350.703125, 305.97644043, 335.957885742, 747.057312012, 168.803390503, 909.984313965, 121.373596191, 64.9757614136, 54.4962425232, 34.0627288818, 37.8778572083, 26.6248321533, 20.6995658875, 4.86133575439, 1.60454392433, 0.222570940852, 0.0239406656474, 0.000426715065259, 3.37541052886e-07, 9.8185626296e-10],
        "max": [9.43399906158, 32.2249565125, 31.2393493652, 39.4612388611, 108.629196167, 262.354278564, 506.561004639, 496.342041016, 529.557128906, 493.258514404, 1066.32971191, 1871.44702148, 2598.27294922, 2855.77709961, 706.516418457, 1374.88208008, 696.528442383, 1124.58508301, 1046.1126709, 987.169433594, 364.22668457, 383.302856445, 246.540740967, 311.199493408, 142.066146851, 535.190795898, 159.664031982, 92.9670410156, 166.686386108, 101.372238159, 97.4740600586, 82.7744445801, 57.8741149902, 27.9326477051, 10.1842412949, 3.47198486328, 1.2941352129, 0.209522500634, 0.00738714169711, 0.00034968930413],
        "mean": [0.190254881978, 1.09091949463, 1.4524782896, 1.40197873116, 3.26075601578, 10.7427520752, 15.1187334061, 9.26151657104, 11.2609996796, 17.9291133881, 30.6992988586, 37.1008224487, 111.122612, 197.898925781, 42.5742073059, 22.3739929199, 25.0710906982, 22.409116745, 49.5636100769, 37.8151283264, 13.79296875, 10.6483573914, 13.7514286041, 16.1459369659, 10.2400856018, 16.4081535339, 8.03420829773, 4.69353675842, 3.31293416023, 3.29986405373, 2.85078954697, 1.95021033287, 1.29746758938, 0.790544092655, 0.435501396656, 0.145345017314, 0.0426838807762, 0.00462963012978, 0.000133017005282, 3.78484764951e-05],
        "median": [0.0627449005842, 0.370343863964, 0.516125798225, 0.523691296577, 0.84211319685, 1.82654738426, 3.15489721298, 3.9459965229, 5.04807281494, 7.7503452301, 10.0298871994, 11.9889755249, 21.5629844666, 23.3174800873, 13.8835659027, 9.76311969757, 11.2722997665, 10.7612752914, 12.8262720108, 10.4599399567, 7.19614171982, 5.57752990723, 6.71580553055, 5.96644115448, 4.60197734833, 4.64989566803, 3.60417819023, 2.41053986549, 1.58513915539, 1.47372508049, 1.19464612007, 0.643859863281, 0.344817876816, 0.196619793773, 0.0976166501641, 0.0231953132898, 0.00328039377928, 0.000201109156478, 2.67958785116e-05, 3.17158119287e-05],
        "min": [1.43478071929e-22, 1.92984306524e-21, 4.06304719161e-20, 3.52177703414e-20, 6.77325600103e-20, 1.8102942056e-19, 1.4116978404e-19, 5.41134422299e-19, 5.39366375439e-19, 4.49148784557e-19, 3.05176525527e-19, 5.9611649723e-19, 2.75482039176e-18, 4.54396449383e-18, 3.58885130056e-18, 2.70108156929e-18, 5.50123249259e-18, 1.03013640688e-17, 8.19134047708e-18, 8.18218193334e-18, 8.59785673476e-18, 1.03243059231e-17, 1.10987918219e-17, 1.08683078704e-17, 1.63132606484e-17, 1.34522885823e-17, 1.47410368038e-17, 2.13767375803e-17, 2.06273069823e-17, 1.42160682824e-17, 1.23523435084e-17, 1.43515240708e-17, 1.72255118239e-17, 1.3748068517e-17, 8.49164343539e-18, 4.73217124424e-18, 2.76548481781e-18, 1.28754033105e-18, 3.59552483864e-19, 3.71690603259e-20],
        "var": [0.232557430863, 4.40930891037, 6.54953861237, 10.601556778, 63.8097190857, 502.433532715, 1123.578125, 609.926696777, 550.800415039, 1212.07751465, 3934.68823242, 8267.79785156, 61261.4453125, 142866.046875, 5584.24414062, 2759.37768555, 2204.73999023, 1462.00891113, 9032.07421875, 5025.37988281, 382.529937744, 329.771209717, 367.399200439, 568.954040527, 193.650238037, 822.584899902, 131.003616333, 48.0246582031, 41.603477478, 33.5957832336, 29.1000385284, 17.3118629456, 10.0133371353, 2.96498656273, 0.855629682541, 0.108338944614, 0.0121615827084, 0.000205152915441, 1.59006461331e-07, 1.0668981254e-09]
    },
    "gfcc": {
        "mean": [-30.3841514587, 104.405143738, -140.56388855, 23.2600650787, -66.6902389526, 16.9868869781, -27.6320114136, 11.2083730698, -17.692905426, 0.645604670048, -11.3145084381, -3.24939751625, 0.491804182529],
        "cov": [[10989.9287109, -2972.68017578, 1346.09289551, 1048.06640625, 101.046211243, 1639.26525879, -228.014266968, 1313.90991211, -555.442382812, 656.29486084, -231.253692627, 482.339355469, 14.7160606384], [-2972.68017578, 2406.13623047, -370.41784668, -161.300796509, 371.6434021, -618.374328613, 376.078125, -546.240112305, 285.818206787, -339.740692139, 227.001068115, -307.647705078, 156.534683228], [1346.09289551, -370.41784668, 1254.81652832, 425.143157959, 78.4706954956, 286.734191895, -211.389465332, 144.661636353, -132.550445557, 210.49810791, -48.5009155273, 210.265899658, -56.6167907715], [1048.06640625, -161.300796509, 425.143157959, 553.647644043, 60.3801383972, 288.15057373, -15.1183414459, 111.717124939, 45.808681488, 53.4836158752, 58.872215271, 54.3310127258, 50.0853996277], [101.046211243, 371.6434021, 78.4706954956, 60.3801383972, 421.246856689, 30.7103462219, 184.034622192, 60.3936424255, 5.24130058289, 45.9915161133, -0.686609983444, 8.46117782593, 5.27693843842], [1639.26525879, -618.374328613, 286.734191895, 288.15057373, 30.7103462219, 528.235961914, 17.6462059021, 286.803253174, -48.5871772766, 136.328781128, 9.09447193146, 97.0962677002, 4.74718952179], [-228.014266968, 376.078125, -211.389465332, -15.1183414459, 184.034622192, 17.6462059021, 317.413665771, 4.05203771591, 93.2574386597, -14.8628520966, 56.5165100098, -38.7483329773, 20.3202152252], [1313.90991211, -546.240112305, 144.661636353, 111.717124939, 60.3936424255, 286.803253174, 4.05203771591, 333.56930542, -37.9298934937, 145.828781128, -36.4236602783, 84.9088592529, -3.98571634293], [-555.442382812, 285.818206787, -132.550445557, 45.808681488, 5.24130058289, -48.5871772766, 93.2574386597, -37.9298934937, 230.727920532, -35.2521743774, 71.7311935425, -38.7446060181, 25.7005233765], [656.29486084, -339.740692139, 210.49810791, 53.4836158752, 45.9915161133, 136.328781128, -14.8628520966, 145.828781128, -35.2521743774, 190.003234863, -22.8461761475, 106.832725525, -37.4469299316], [-231.253692627, 227.001068115, -48.5009155273, 58.872215271, -0.686609983444, 9.09447193146, 56.5165100098, -36.4236602783, 71.7311935425, -22.8461761475, 143.458190918, -25.8421440125, 55.065071106], [482.339355469, -307.647705078, 210.265899658, 54.3310127258, 8.46117782593, 97.0962677002, -38.7483329773, 84.9088592529, -38.7446060181, 106.832725525, -25.8421440125, 152.121643066, -26.2524337769], [14.7160606384, 156.534683228, -56.6167907715, 50.0853996277, 5.27693843842, 4.74718952179, 20.3202152252, -3.98571634293, 25.7005233765, -37.4469299316, 55.065071106, -26.2524337769, 135.199981689]],
        "icov": [[0.000267429568339, 1.84720756806e-05, 7.47489593778e-06, -0.000301133433823, 9.48170782067e-05, -0.000254436396062, -5.05883217556e-05, -0.000596621481236, 0.000483193231048, -9.47868466028e-05, 0.000207302407944, -3.72116082872e-05, -0.0001503234962], [1.84720756806e-05, 0.00268905819394, -0.00104057393037, 0.000660756893922, -0.00220409617759, 0.00143595179543, -0.00148583936971, 0.00220589549281, -0.00134534237441, 0.0013027517125, -0.0018766928697, 0.0023188421037, -0.0016408036463], [7.47489593778e-06, -0.00104057393037, 0.00226277345791, -0.00152265792713, 0.000214468716877, -0.000755111861508, 0.0017536287196, -0.000216824395466, 0.00106185860932, -0.00153343589045, 0.000782331102528, -0.00199886783957, 0.0011304540094], [-0.000301133433823, 0.000660756893922, -0.00152265792713, 0.00458410801366, -0.00122046959586, -0.00149172393139, 0.000208243523957, 0.00162844068836, -0.00250394805335, 0.00137106876355, -0.00135347654577, 0.000854215701111, -0.00137850875035], [9.48170782067e-05, -0.00220409617759, 0.000214468716877, -0.00122046959586, 0.00590776233003, -0.000133069974254, -0.00196734326892, -0.00299277645536, 0.00214919261634, -0.00170521519613, 0.00229291594587, -0.00138935202267, 0.000980575336143], [-0.000254436396062, 0.00143595179543, -0.000755111861508, -0.00149172393139, -0.000133069974254, 0.00657415529713, -0.00228131539188, -0.00220669340342, 0.000411029934185, 0.000828137970529, -0.00228490890004, 0.000867532682605, -9.59639291978e-05], [-5.05883217556e-05, -0.00148583936971, 0.0017536287196, 0.000208243523957, -0.00196734326892, -0.00228131539188, 0.0074636079371, -0.000304306129692, -0.00118681916501, -0.000863114837557, -0.000374765601009, -0.00124043109827, 0.0013075012248], [-0.000596621481236, 0.00220589549281, -0.000216824395466, 0.00162844068836, -0.00299277645536, -0.00220669340342, -0.000304306129692, 0.0113096758723, -0.00291349249892, -0.00278590829112, 0.000285946298391, 0.00208046287298, -0.00253994949162], [0.000483193231048, -0.00134534237441, 0.00106185860932, -0.00250394805335, 0.00214919261634, 0.000411029934185, -0.00118681916501, -0.00291349249892, 0.0081141544506, -0.000977746210992, -0.000860236643348, -0.00106990453787, 0.00120084150694], [-9.47868466028e-05, 0.0013027517125, -0.00153343589045, 0.00137106876355, -0.00170521519613, 0.000828137970529, -0.000863114837557, -0.00278590829112, -0.000977746210992, 0.0133773284033, -0.00245577492751, -0.00433800043538, 0.00148590956815], [0.000207302407944, -0.0018766928697, 0.000782331102528, -0.00135347654577, 0.00229291594587, -0.00228490890004, -0.000374765601009, 0.000285946298391, -0.000860236643348, -0.00245577492751, 0.0123928580433, -0.000828252406791, -0.00269015016966], [-3.72116082872e-05, 0.0023188421037, -0.00199886783957, 0.000854215701111, -0.00138935202267, 0.000867532682605, -0.00124043109827, 0.00208046287298, -0.00106990453787, -0.00433800043538, -0.000828252406791, 0.0142679521814, -0.00145299674477], [-0.0001503234962, -0.0016408036463, 0.0011304540094, -0.00137850875035, 0.000980575336143, -9.59639291978e-05, 0.0013075012248, -0.00253994949162, 0.00120084150694, 0.00148590956815, -0.00269015016966, -0.00145299674477, 0.0109871216118]]
    },
    "melbands": {
        "dmean": [0.000960994279012, 0.000645852764137, 0.000217151799006, 0.000369754910935, 0.000349337904481, 0.000139654555824, 0.000115249982628, 0.000126144776004, 0.000164537079399, 0.000143267592648, 0.000311925337883, 0.000478942034533, 0.000116276212793, 3.38253303198e-05, 2.96098842227e-05, 3.30071088683e-05, 2.32805959968e-05, 3.8321086322e-05, 4.82824507344e-05, 1.4614029169e-05, 7.99737063062e-06, 6.08718573858e-06, 7.13372037353e-06, 6.25314805802e-06, 7.4689264693e-06, 3.24529764839e-06, 4.76001423522e-06, 5.63228923056e-06, 2.85178975901e-06, 1.9897167931e-06, 1.42850205975e-06, 1.18730451959e-06, 9.85296196632e-07, 1.05758817881e-06, 1.08503343199e-06, 8.6067615257e-07, 8.23984407816e-07, 7.36724416583e-07, 5.48313323634e-07, 4.99287182265e-07],
        "dmean2": [0.00160490977578, 0.0011115220841, 0.000345939799445, 0.000622663355898, 0.000568806019146, 0.000228638367844, 0.000194412830751, 0.000204104449949, 0.00026558310492, 0.000234418388573, 0.000491754151881, 0.000802559719887, 0.000190842038137, 5.60041225981e-05, 4.89072372147e-05, 5.52424462512e-05, 3.86743304261e-05, 6.3755120209e-05, 8.12448706711e-05, 2.46494964813e-05, 1.32885179482e-05, 1.0135167031e-05, 1.19083797472e-05, 1.02314379546e-05, 1.27073653857e-05, 5.30480338057e-06, 7.80397112976e-06, 9.30387250264e-06, 4.54305154562e-06, 3.16081263918e-06, 2.30597015616e-06, 1.90924424714e-06, 1.56422663622e-06, 1.6817272126e-06, 1.70574014646e-06, 1.33075343456e-06, 1.27795669869e-06, 1.16646049264e-06, 8.49318951168e-07, 7.89894613717e-07],
        "dvar": [4.99072712046e-06, 1.90146158729e-06, 2.87841004365e-07, 9.41368909935e-07, 6.32884677998e-07, 1.61047182701e-07, 7.76772566269e-08, 7.90213476876e-08, 1.74626791249e-07, 2.07448763945e-07, 6.2578340021e-07, 1.1438509091e-06, 8.21903611836e-08, 7.39531325067e-09, 7.04028257914e-09, 5.51650503056e-09, 3.03627412102e-09, 8.06079647475e-09, 1.1173539427e-08, 1.14024112374e-09, 2.13617970535e-10, 1.88948620639e-10, 1.64197891395e-10, 1.44965775495e-10, 2.26215435273e-10, 3.1948013679e-11, 9.87706930133e-11, 1.59312979475e-10, 2.8317204484e-11, 1.78062425915e-11, 9.80597374134e-12, 9.13372502631e-12, 6.63789162525e-12, 4.93024978482e-12, 7.28337702649e-12, 4.13726214746e-12, 5.27827868219e-12, 5.25066882334e-12, 2.25737636049e-12, 1.4567487841e-12],
        "dvar2": [1.35321779453e-05, 5.42492080058e-06, 6.37918333268e-07, 2.57674219029e-06, 1.58652994742e-06, 4.03336372301e-07, 2.04270946824e-07, 1.88860028061e-07, 4.3090062718e-07, 6.03679268352e-07, 1.54132590069e-06, 3.25782320942e-06, 2.17968903371e-07, 1.97460270357e-08, 1.74052736668e-08, 1.40307969687e-08, 8.31934432455e-09, 2.21889511209e-08, 3.10172154627e-08, 3.19388115955e-09, 5.26398591383e-10, 4.51426868109e-10, 4.28669627572e-10, 3.69484359775e-10, 6.19875484276e-10, 8.24439266855e-11, 2.65579419567e-10, 4.33232755226e-10, 6.79723222152e-11, 4.27957946858e-11, 2.42499822306e-11, 2.18452339551e-11, 1.56747358149e-11, 1.1619664432e-11, 1.72347847799e-11, 9.25665360335e-12, 1.29171812135e-11, 1.34757040596e-11, 5.43393975649e-12, 3.53239009224e-12],
        "max": [0.0594453625381, 0.0279868226498, 0.00697968807071, 0.0146898794919, 0.0131310634315, 0.00993276480585, 0.00753015000373, 0.00512830587104, 0.00883887987584, 0.0127186896279, 0.0128781879321, 0.0109820859507, 0.00420497404411, 0.00251786946319, 0.00349174998701, 0.00226247985847, 0.00205294811167, 0.00149710255209, 0.00140294700395, 0.000688421307132, 0.000478511617985, 0.000544058682863, 0.000359794328688, 0.000225766547373, 0.000276776554529, 0.000107261374069, 0.000169398685102, 0.000358923891326, 0.000119755408377, 9.88959945971e-05, 7.27973383619e-05, 0.000113454472739, 8.16255196696e-05, 4.71659477626e-05, 6.28414782113e-05, 6.55345575069e-05, 5.11642610945e-05, 4.11616747442e-05, 3.40659462381e-05, 1.99909572984e-05],
        "mean": [0.00163361569867, 0.00103060947731, 0.000270699703833, 0.000493172265124, 0.000541071523912, 0.000214483152376, 0.000182967996807, 0.000206307493499, 0.000253264879575, 0.000241304194788, 0.000546750205103, 0.0008054873324, 0.000196290464373, 5.99161503487e-05, 5.02710754517e-05, 5.52764067834e-05, 3.81767495128e-05, 6.70013541821e-05, 8.44110909384e-05, 2.46816816798e-05, 1.47447772179e-05, 1.05636527223e-05, 1.32165605464e-05, 1.1979557712e-05, 1.36155777e-05, 6.16718944002e-06, 9.38113225857e-06, 1.10335477075e-05, 5.50680670131e-06, 3.51535368281e-06, 2.40331019086e-06, 1.89931733985e-06, 1.67493624303e-06, 1.90698904134e-06, 1.73676971826e-06, 1.32773220685e-06, 1.14948295504e-06, 9.60497800406e-07, 7.32651471935e-07, 6.4748587647e-07],
        "median": [0.000628228823189, 0.000409596541431, 0.000104958649899, 8.74236939126e-05, 0.000117119539937, 8.62721426529e-05, 7.76099041104e-05, 8.75945625012e-05, 7.80399714131e-05, 6.37613266008e-05, 8.22859510663e-05, 8.47784322104e-05, 4.27474369644e-05, 2.25212534133e-05, 2.12742688745e-05, 2.2503621949e-05, 1.32461564135e-05, 1.64564626175e-05, 1.78669306479e-05, 9.22810431803e-06, 7.4342683547e-06, 5.29242379343e-06, 5.80247115067e-06, 5.31939940629e-06, 4.57824944533e-06, 3.06819924845e-06, 3.07500454255e-06, 2.99694670503e-06, 2.17031993088e-06, 1.53403095737e-06, 1.20159711514e-06, 8.56899021073e-07, 7.18158446489e-07, 8.21863977762e-07, 7.00923067143e-07, 4.96418181228e-07, 3.38237754249e-07, 2.40474804514e-07, 1.95794456204e-07, 1.4790964542e-07],
        "min": [1.23057479302e-24, 1.48941829843e-23, 6.66450597545e-24, 9.76308140253e-24, 5.78992428882e-24, 1.12023005373e-23, 8.39447084085e-24, 4.6303007303e-24, 1.91283110627e-24, 4.95519743285e-24, 1.32843529573e-23, 1.69960886668e-23, 1.31022878047e-23, 8.01879397854e-24, 5.319577807e-24, 2.04444268755e-23, 1.7376785051e-23, 1.15028565422e-23, 1.38987130971e-23, 1.10032890747e-23, 9.40455753175e-24, 1.05853482005e-23, 8.93314687656e-24, 1.15391701762e-23, 8.36961777803e-24, 8.33491736453e-24, 1.37533181437e-23, 8.59085539662e-24, 9.20534412077e-24, 9.23933534831e-24, 1.33824762099e-23, 1.35998689204e-23, 7.73229389726e-24, 7.75129203444e-24, 7.03934112317e-24, 8.42107911918e-24, 8.8678717921e-24, 1.14625205063e-23, 1.30725714144e-23, 1.12546043819e-23],
        "var": [1.28015217342e-05, 3.13368764182e-06, 3.44240334016e-07, 1.16371256809e-06, 1.17596346172e-06, 3.0014098229e-07, 1.53821630988e-07, 1.56672825824e-07, 2.94132462386e-07, 3.85382918466e-07, 1.53350026721e-06, 2.43354202212e-06, 1.87471982827e-07, 1.80258030724e-08, 1.49522492165e-08, 1.25502435111e-08, 5.36309441301e-09, 1.82849486663e-08, 2.40331683443e-08, 2.21750617868e-09, 5.10084752214e-10, 4.30835034315e-10, 3.81218501211e-10, 3.40581146618e-10, 4.40227215792e-10, 7.10128553183e-11, 2.43346537365e-10, 3.80608544681e-10, 7.16723486116e-11, 3.35947658581e-11, 1.48247022297e-11, 1.45565798998e-11, 1.26120797833e-11, 1.08340732219e-11, 1.15694519937e-11, 6.8919783075e-12, 7.17416620902e-12, 6.07743629727e-12, 3.00753540995e-12, 1.97570388868e-12]
    },
    "mfcc": {
        "mean": [-660.604614258, 124.705276489, -11.0052919388, 7.573595047, -8.26453971863, 1.72143173218, 1.13149929047, 5.03145647049, 3.8308236599, 7.51415777206, -3.51571702957, -2.47311306, -1.50875020027],
        "cov": [[8637.05859375, -1686.81738281, 232.339111328, 472.387573242, 337.981628418, 432.886505127, 662.409851074, 511.012207031, 308.369293213, 494.078582764, 20.6352405548, -106.357017517, 220.401794434], [-1686.81738281, 1449.64282227, -110.656280518, 89.8691101074, 25.9747409821, -14.9290618896, 12.2517147064, -91.4904937744, -24.460603714, -79.87840271, -17.2988624573, 35.4365005493, -62.1700325012], [232.339111328, -110.656280518, 830.914428711, 246.145996094, 212.877624512, 143.660598755, -21.2998352051, -18.144493103, -34.3883972168, -79.0476989746, 14.675567627, 82.0515365601, 33.662361145], [472.387573242, 89.8691101074, 246.145996094, 376.310089111, 177.646347046, 133.999664307, 71.4740982056, 47.6418685913, 45.7281455994, 34.040145874, -0.908743858337, 35.2523956299, 50.2924842834], [337.981628418, 25.9747409821, 212.877624512, 177.646347046, 252.57989502, 95.8521728516, 62.6658554077, 51.1512756348, 32.966053009, 34.4317703247, -0.288380771875, 6.90681695938, 46.8102684021], [432.886505127, -14.9290618896, 143.660598755, 133.999664307, 95.8521728516, 217.916702271, 113.020317078, 86.0090332031, 37.6321144104, 54.8874893188, 40.6720619202, 4.02107191086, 60.5644607544], [662.409851074, 12.2517147064, -21.2998352051, 71.4740982056, 62.6658554077, 113.020317078, 261.618713379, 89.1759490967, 44.2272148132, 90.5786209106, 8.03948879242, -22.4769096375, 56.2843971252], [511.012207031, -91.4904937744, -18.144493103, 47.6418685913, 51.1512756348, 86.0090332031, 89.1759490967, 162.672836304, 67.3997421265, 92.8825912476, 35.418182373, -14.97265625, 61.9051933289], [308.369293213, -24.460603714, -34.3883972168, 45.7281455994, 32.966053009, 37.6321144104, 44.2272148132, 67.3997421265, 124.701095581, 69.6242904663, 25.9404811859, -2.17760181427, 24.1818275452], [494.078582764, -79.87840271, -79.0476989746, 34.040145874, 34.4317703247, 54.8874893188, 90.5786209106, 92.8825912476, 69.6242904663, 160.712005615, 42.2827339172, -8.14208507538, 54.8244667053], [20.6352405548, -17.2988624573, 14.675567627, -0.908743858337, -0.288380771875, 40.6720619202, 8.03948879242, 35.418182373, 25.9404811859, 42.2827339172, 107.626846313, 21.5921230316, 39.539642334], [-106.357017517, 35.4365005493, 82.0515365601, 35.2523956299, 6.90681695938, 4.02107191086, -22.4769096375, -14.97265625, -2.17760181427, -8.14208507538, 21.5921230316, 116.083381653, 12.1359357834], [220.401794434, -62.1700325012, 33.662361145, 50.2924842834, 46.8102684021, 60.5644607544, 56.2843971252, 61.9051933289, 24.1818275452, 54.8244667053, 39.539642334, 12.1359357834, 114.749137878]],
