{
"lowlevel": {
    "average_loudness": 0.718185484409,
    "barkbands_crest": {
        "dmean": 3.05656599998,
        "dmean2": 4.97532463074,
        "dvar": 6.75303173065,
        "dvar2": 16.6549110413,
        "max": 26.6323242188,
        "mean": 11.6947040558,
        "median": 10.8930187225,
        "min": 2.43562197685,
        "var": 22.7313365936
    },
    "barkbands_flatness_db": {
        "dmean": 0.0241887327284,
        "dmean2": 0.0364756658673,
        "dvar": 0.000520382833201,
        "dvar2": 0.0011153066298,
        "max": 0.465424001217,
        "mean": 0.151562318206,
        "median": 0.139690250158,
        "min": 0.0260352827609,
        "var": 0.00380532303825
    },
    "barkbands_kurtosis": {
        "dmean": 3.2075715065,
        "dmean2": 5.09959363937,
        "dvar": 59.6929016113,
        "dvar2": 135.341796875,
        "max": 291.038543701,
        "mean": 5.25907325745,
        "median": 1.547290802,
        "min": -1.95627105236,
        "var": 173.335098267
    },
    "barkbands_skewness": {
        "dmean": 0.549504458904,
        "dmean2": 0.843518316746,
        "dvar": 0.376947045326,
        "dvar2": 0.837188124657,
        "max": 14.1339569092,
        "mean": 1.45775783062,
        "median": 1.21051049232,
        "min": -5.56199216843,
        "var": 2.0307469368
    },
    "barkbands_spread": {
        "dmean": 5.44493198395,
        "dmean2": 8.45323181152,
        "dvar": 52.7004165649,
        "dvar2": 108.526367188,
        "max": 118.790672302,
        "mean": 20.8962135315,
        "median": 19.0523834229,
        "min": 0.253096222878,
        "var": 189.537017822
    },
    "dissonance": {
        "dmean": 0.0231072213501,
        "dmean2": 0.0391588360071,
        "dvar": 0.000494102947414,
        "dvar2": 0.00133815570734,
        "max": 0.500000059605,
        "mean": 0.460058182478,
        "median": 0.468618929386,
        "min": 0.144944861531,
        "var": 0.00108195038047
    },
    "dynamic_complexity": 2.48925757408,
    "erbbands_crest": {
        "dmean": 3.16249632835,
        "dmean2": 5.10590171814,
        "dvar": 7.69363307953,
        "dvar2": 18.9006328583,
        "max": 33.3556747437,
        "mean": 11.2709512711,
        "median": 10.2981033325,
        "min": 2.17560982704,
        "var": 28.6435432434
    },
    "erbbands_flatness_db": {
        "dmean": 0.0203069783747,
        "dmean2": 0.0295077804476,
        "dvar": 0.000370712368749,
        "dvar2": 0.000712305249181,
        "max": 0.417308181524,
        "mean": 0.174264281988,
        "median": 0.167905285954,
        "min": 0.0482824072242,
        "var": 0.00342740747146
    },
    "erbbands_kurtosis": {
        "dmean": 1.62641012669,
        "dmean2": 2.54077124596,
        "dvar": 7.13241386414,
        "dvar2": 15.9268503189,
        "max": 90.7003707886,
        "mean": 2.24292945862,
        "median": 0.967056035995,
        "min": -1.86467254162,
        "var": 20.7513256073
    },
    "erbbands_skewness": {
        "dmean": 0.41929885745,
        "dmean2": 0.645012080669,
        "dvar": 0.175603762269,
        "dvar2": 0.368123829365,
        "max": 8.52306842804,
        "mean": 0.855420291424,
        "median": 0.773203730583,
        "min": -5.32350206375,
        "var": 0.960430085659
    },
    "erbbands_spread": {
        "dmean": 7.73474121094,
        "dmean2": 11.8047180176,
        "dvar": 83.595375061,
        "dvar2": 178.252532959,
        "max": 156.067276001,
        "mean": 32.545879364,
        "median": 27.8927631378,
        "min": 1.67779815197,
        "var": 386.255889893
    },
    "hfc": {
        "dmean": 8.02381134033,
        "dmean2": 12.2496776581,
        "dvar": 114.400276184,
        "dvar2": 255.740310669,
        "max": 194.541366577,
        "mean": 27.7587814331,
        "median": 22.0257740021,
        "min": 1.29426766689e-16,
        "var": 454.636260986
    },
    "melbands_crest": {
        "dmean": 3.65334868431,
        "dmean2": 5.99817371368,
        "dvar": 9.87685585022,
        "dvar2": 25.2662677765,
        "max": 38.4524421692,
        "mean": 15.0626430511,
        "median": 14.1401662827,
        "min": 2.18944215775,
        "var": 32.7744445801
    },
    "melbands_flatness_db": {
        "dmean": 0.0275474656373,
        "dmean2": 0.0418116822839,
        "dvar": 0.000670158537105,
        "dvar2": 0.00145636266097,
        "max": 0.56741631031,
        "mean": 0.201620548964,
        "median": 0.189721420407,
        "min": 0.00457396311685,
        "var": 0.00471737189218
    },
    "melbands_kurtosis": {
        "dmean": 6.75243282318,
        "dmean2": 10.7695035934,
        "dvar": 189.513763428,
        "dvar2": 466.856414795,
        "max": 501.803588867,
        "mean": 12.8928251266,
        "median": 5.62088871002,
        "min": -1.89977455139,
        "var": 581.934143066
    },
    "melbands_skewness": {
        "dmean": 0.734364151955,
        "dmean2": 1.13834190369,
        "dvar": 0.602522134781,
        "dvar2": 1.42543041706,
        "max": 20.2267856598,
        "mean": 2.28523731232,
        "median": 1.95154678822,
        "min": -1.84605610371,
        "var": 3.33589172363
    },
    "melbands_spread": {
        "dmean": 6.40968084335,
        "dmean2": 9.88296318054,
        "dvar": 112.40788269,
        "dvar2": 209.965362549,
        "max": 226.916641235,
        "mean": 23.1690864563,
        "median": 20.9466400146,
        "min": 0.482153326273,
        "var": 355.151611328
    },
    "pitch_salience": {
        "dmean": 0.0769031494856,
        "dmean2": 0.125925436616,
        "dvar": 0.00531715620309,
        "dvar2": 0.0134862447158,
        "max": 0.870235145092,
        "mean": 0.520254731178,
        "median": 0.521357119083,
        "min": 0.0347234085202,
        "var": 0.0159771870822
    },
    "silence_rate_20dB": {
        "dmean": 0,
        "dmean2": 0,
        "dvar": 0,
        "dvar2": 0,
        "max": 1,
        "mean": 1,
        "median": 1,
        "min": 1,
        "var": 0
    },
    "silence_rate_30dB": {
        "dmean": 0.00212114071473,
        "dmean2": 0.00424278154969,
        "dvar": 0.00211687595583,
        "dvar2": 0.00516771618277,
        "max": 1,
        "mean": 0.994579970837,
        "median": 1,
        "min": 0,
        "var": 0.00539176166058
    },
    "silence_rate_60dB": {
        "dmean": 0.0113127501681,
        "dmean2": 0.0225103124976,
        "dvar": 0.0111862886697,
        "dvar2": 0.0274220835418,
        "max": 1,
        "mean": 0.0254506897181,
        "median": 0,
        "min": 0,
        "var": 0.0248020999134
    },
    "spectral_centroid": {
        "dmean": 224.148040771,
        "dmean2": 340.045227051,
        "dvar": 92337.453125,
        "dvar2": 168386.171875,
        "max": 10789.6650391,
        "mean": 1286.65625,
        "median": 1232.12805176,
        "min": 224.651611328,
        "var": 359006.5625
    },
    "spectral_complexity": {
        "dmean": 3.58944153786,
        "dmean2": 5.62828540802,
        "dvar": 13.4870166779,
        "dvar2": 28.9573841095,
        "max": 58,
        "mean": 20.1975955963,
        "median": 21,
        "min": 0,
        "var": 82.8820724487
    },
    "spectral_decrease": {
        "dmean": 2.75678879724e-09,
        "dmean2": 4.35050706571e-09,
        "dvar": 8.89898521932e-18,
        "dvar2": 2.15871160799e-17,
        "max": 1.54983940041e-28,
        "mean": -9.11258180025e-09,
        "median": -8.27373813905e-09,
        "min": -6.02098637614e-08,
        "var": 3.552730143e-17
    },
    "spectral_energy": {
        "dmean": 0.0108354911208,
        "dmean2": 0.0170940961689,
        "dvar": 0.00013457647583,
        "dvar2": 0.000325912929839,
        "max": 0.228303432465,
        "mean": 0.0369109138846,
        "median": 0.0335513427854,
        "min": 1.11544433186e-20,
        "var": 0.0005534736556
    },
    "spectral_energyband_high": {
        "dmean": 0.00048926891759,
        "dmean2": 0.00071405566996,
        "dvar": 1.07246580683e-06,
        "dvar2": 2.19651315092e-06,
        "max": 0.019397450611,
        "mean": 0.00103843573015,
        "median": 0.000529940705746,
        "min": 8.43728102213e-21,
        "var": 2.50408675129e-06
    },
    "spectral_energyband_low": {
        "dmean": 0.00670502660796,
        "dmean2": 0.0106393918395,
        "dvar": 0.000101361591078,
        "dvar2": 0.000251804449363,
        "max": 0.21963404119,
        "mean": 0.0129972826689,
        "median": 0.00826502498239,
        "min": 6.00563088806e-23,
        "var": 0.000301375170238
    },
    "spectral_energyband_middle_high": {
        "dmean": 0.00343610462733,
        "dmean2": 0.00546498643234,
        "dvar": 2.6738131055e-05,
        "dvar2": 6.86525381752e-05,
        "max": 0.115709938109,
        "mean": 0.0106278471649,
        "median": 0.00553860282525,
        "min": 1.38705142859e-21,
        "var": 0.000146941019921
    },
    "spectral_energyband_middle_low": {
        "dmean": 0.00539485597983,
        "dmean2": 0.0088421292603,
        "dvar": 5.12070619152e-05,
        "dvar2": 0.000131942593725,
        "max": 0.093009956181,
        "mean": 0.0130754606798,
        "median": 0.0101694157347,
        "min": 3.2056439521e-22,
        "var": 0.000114792725071
    },
    "spectral_entropy": {
        "dmean": 0.161221593618,
        "dmean2": 0.23624111712,
        "dvar": 0.0310779809952,
        "dvar2": 0.059575766325,
        "max": 9.79253005981,
        "mean": 7.6161031723,
        "median": 7.67124795914,
        "min": 4.87525510788,
        "var": 0.218664690852
    },
    "spectral_flux": {
        "dmean": 0.0263224449009,
        "dmean2": 0.0397234857082,
        "dvar": 0.000685692124534,
        "dvar2": 0.00135983910877,
        "max": 0.29975605011,
        "mean": 0.101768262684,
        "median": 0.0939630940557,
        "min": 1.05614600399e-10,
        "var": 0.00228204904124
    },
    "spectral_kurtosis": {
        "dmean": 1.41348552704,
        "dmean2": 2.34134459496,
        "dvar": 6.10790538788,
        "dvar2": 15.4288330078,
        "max": 80.8267211914,
        "mean": 4.0020365715,
        "median": 3.440741539,
        "min": -1.55761778355,
        "var": 13.4257640839
    },
    "spectral_rms": {
        "dmean": 0.00086603773525,
        "dmean2": 0.00134998804424,
        "dvar": 6.60942703234e-07,
        "dvar2": 1.48697540681e-06,
        "max": 0.0149243110791,
        "mean": 0.00566893955693,
        "median": 0.00572127755731,
        "min": 3.29884578855e-12,
        "var": 3.8737352952e-06
    },
    "spectral_rolloff": {
        "dmean": 456.591156006,
        "dmean2": 754.454467773,
        "dvar": 1092249.25,
        "dvar2": 2234765.75,
        "max": 18712.3535156,
        "mean": 1379.56774902,
        "median": 990.52734375,
        "min": 21.533203125,
        "var": 2363474.5
    },
    "spectral_skewness": {
        "dmean": 0.198158532381,
        "dmean2": 0.312187284231,
        "dvar": 0.0529085882008,
        "dvar2": 0.121494978666,
        "max": 6.74358701706,
        "mean": 1.53677213192,
        "median": 1.50831079483,
        "min": -0.416758775711,
        "var": 0.22541809082
    },
    "spectral_spread": {
        "dmean": 570240.5,
        "dmean2": 802479.0625,
        "dvar": 852662091776,
        "dvar2": 1.45459170509e+12,
        "max": 38997720,
        "mean": 4820917.5,
        "median": 4434446.5,
        "min": 906698.75,
        "var": 3.23041833779e+12
    },
    "spectral_strongpeak": {
        "dmean": 0.800746381283,
        "dmean2": 1.36753070354,
        "dvar": 1.54881608486,
        "dvar2": 3.97697353363,
        "max": 11.4365768433,
        "mean": 1.45785057545,
        "median": 0.612893521786,
        "min": 0,
        "var": 3.15823793411
    },
    "zerocrossingrate": {
        "dmean": 0.0105152511969,
        "dmean2": 0.0120568349957,
        "dvar": 0.000249986915151,
        "dvar2": 0.000246966985287,
        "max": 0.5205078125,
        "mean": 0.0591735094786,
        "median": 0.0517578125,
        "min": 0.00244140625,
        "var": 0.00155423826072
    },
    "barkbands": {
        "dmean": [0.000235896324739, 0.00588254537433, 0.0017273472622, 0.000702336023096, 0.00176791695412, 0.00178768415935, 0.000886748370249, 0.000881025160197, 0.00157150486484, 0.00162795709912, 0.00143931549974, 0.00100972561631, 0.000498816370964, 0.000441978569143, 0.000286537833745, 0.000238219465245, 0.000154737965204, 0.000173572494532, 0.000156751528266, 0.00012407527538, 9.52225891524e-05, 0.000107170861156, 0.000107670733996, 9.9831217085e-05, 9.96168673737e-05, 3.86533138226e-05, 2.309409183e-06],
        "dmean2": [0.000376880576368, 0.00947910081595, 0.00299720023759, 0.00128041743301, 0.00291285617277, 0.00287925312296, 0.00143365503754, 0.0014521216508, 0.00264789606445, 0.00266859261319, 0.00232682889327, 0.00161269295495, 0.000783552415669, 0.000714398163836, 0.000475638924399, 0.000380174518796, 0.000252121564699, 0.00027675461024, 0.000249839562457, 0.000194036212633, 0.000148610241013, 0.00016730374773, 0.000162852797075, 0.000153977103764, 0.000148342602188, 5.91421994613e-05, 3.83744463761e-06],
        "dvar": [8.75876537521e-07, 8.49499629112e-05, 1.7949654648e-05, 2.84199199996e-06, 1.19749729492e-05, 1.11919025585e-05, 4.15547538068e-06, 5.56934082852e-06, 1.25982141981e-05, 1.29572063088e-05, 1.0577015928e-05, 7.09288133294e-06, 1.70190253357e-06, 1.40945303428e-06, 5.2629371794e-07, 3.86423323562e-07, 1.46747737517e-07, 1.35219508479e-07, 6.77007463423e-08, 4.79647042084e-08, 3.52757716371e-08, 8.4588961613e-08, 8.31712370086e-08, 9.55896908295e-08, 1.38084345735e-07, 1.1759393459e-08, 8.23516740911e-11],
        "dvar2": [1.86428781035e-06, 0.000210006823181, 4.80231246911e-05, 8.21147295937e-06, 2.99904622807e-05, 2.66928582278e-05, 9.83688278211e-06, 1.46079246406e-05, 3.54693802365e-05, 3.33301941282e-05, 2.57631691056e-05, 1.73045245901e-05, 3.60301442015e-06, 3.37140318152e-06, 1.2830957985e-06, 8.35731952975e-07, 3.28300046704e-07, 3.00181170587e-07, 1.57935986067e-07, 1.0879365675e-07, 8.24567933932e-08, 1.85421114907e-07, 1.78887475499e-07, 2.17427086113e-07, 3.07213383621e-07, 2.57329251241e-08, 2.10952227908e-10],
        "max": [0.0813000947237, 0.18171775341, 0.0429273620248, 0.0169471520931, 0.0735413357615, 0.0501509420574, 0.0401755869389, 0.0690659657121, 0.079730309546, 0.0649951770902, 0.0640797391534, 0.0472979135811, 0.0449972823262, 0.0276481918991, 0.0183377657086, 0.0213620215654, 0.0106541411951, 0.013368813321, 0.00428006891161, 0.00420586764812, 0.00440678326413, 0.00927498470992, 0.00782527402043, 0.0091595184058, 0.0123950624838, 0.00280467094854, 0.000188073478057],
        "mean": [0.000463552394649, 0.0102413939312, 0.00192096480168, 0.000702008139342, 0.00310751493089, 0.00318131083623, 0.00138277397491, 0.00119020405691, 0.00277082854882, 0.00306244194508, 0.00271172216162, 0.00175432732794, 0.000817285093945, 0.000703495228663, 0.000429931300459, 0.000403077428928, 0.000262274843408, 0.000334476993885, 0.000306692731101, 0.00024477331317, 0.000181346636964, 0.000184278891538, 0.000197714820388, 0.000158751616254, 0.000143809884321, 5.17535045219e-05, 2.10537018575e-06],
        "median": [8.25956376502e-05, 0.00545702455565, 0.000533405924216, 0.000251656805631, 0.0014833076857, 0.00139286927879, 0.000568375689909, 0.000422606652137, 0.000875725178048, 0.000657414959278, 0.000560956774279, 0.000410874112276, 0.00025978157646, 0.000234511855524, 0.00020282989135, 0.000199846734176, 0.000103060716356, 0.000181645373232, 0.000191271363292, 0.000132426386699, 9.97195456875e-05, 8.82557287696e-05, 8.44210371724e-05, 5.26017101947e-05, 3.19911814586e-05, 8.80774132384e-06, 1.56006692009e-08],
        "min": [9.99308405464e-24, 2.78264120994e-23, 2.13366806241e-23, 1.87251124211e-23, 7.18711922541e-23, 2.85366361941e-23, 5.81573502878e-23, 6.58723720755e-23, 6.48927456708e-23, 8.15566181891e-23, 4.07786845923e-23, 1.00663794879e-22, 3.98300414885e-23, 6.57139624949e-23, 1.20391470625e-22, 1.04372078533e-22, 1.70475656274e-22, 2.43992532283e-22, 2.42452852501e-22, 3.72818364867e-22, 3.82842401457e-22, 7.07270675246e-22, 5.55622882104e-22, 8.35986572175e-22, 1.04856502238e-21, 1.61836786227e-21, 3.28760248546e-21],
        "var": [7.7518661783e-06, 0.00021336923237, 1.47396540342e-05, 1.96040718947e-06, 2.6060941309e-05, 2.9710261515e-05, 7.83159066486e-06, 7.62023455536e-06, 2.79385239992e-05, 4.30842919741e-05, 3.38793579431e-05, 1.84249220183e-05, 3.99090322389e-06, 2.70026430371e-06, 8.04879277894e-07, 7.68602149037e-07, 3.38997807603e-07, 3.46237641224e-07, 1.37541633194e-07, 1.10516523932e-07, 6.7558218575e-08, 1.45773839222e-07, 1.55083498043e-07, 1.55829681603e-07, 2.21463167804e-07, 1.82556973982e-08, 7.35418739795e-11]
    },
    "erbbands": {
        "dmean": [0.180513322353, 1.34585094452, 2.17016816139, 2.04218888283, 3.0942902565, 6.83800029755, 12.4559373856, 16.3087539673, 12.1594238281, 15.0505590439, 19.8462524414, 35.0254020691, 49.8540344238, 47.7162132263, 50.4222145081, 31.0083713531, 20.5219135284, 20.9213504791, 16.0418491364, 13.4673318863, 12.3130245209, 8.35381031036, 9.10642147064, 8.74072265625, 6.3381857872, 5.68273305893, 4.32010126114, 3.64716982841, 3.93355822563, 3.57192707062, 3.13391971588, 2.44560408592, 1.52272260189, 1.17133665085, 0.688394129276, 0.233538508415, 0.0603810958564, 0.0102638183162, 0.00029526030994, 2.00124668481e-05],
        "dmean2": [0.274796634912, 2.18561983109, 3.68074893951, 3.61189770699, 5.48593664169, 11.2275915146, 19.8915653229, 26.2760829926, 19.6436920166, 24.5877494812, 32.9711494446, 58.7819824219, 81.7365951538, 76.3957977295, 78.9632339478, 48.32188797, 32.0224494934, 33.587146759, 26.1749954224, 22.2646713257, 19.4677677155, 13.4734897614, 14.4029226303, 13.8177862167, 9.83602714539, 8.88898563385, 6.69920969009, 5.79862689972, 6.25564002991, 5.50242710114, 4.78195810318, 3.81723475456, 2.33446550369, 1.77000272274, 1.02940964699, 0.350052177906, 0.0940566062927, 0.0163911301643, 0.000463059172034, 3.08935595967e-05],
        "dvar": [0.0792579725385, 5.01465749741, 24.8957920074, 22.8927326202, 68.0306854248, 205.582565308, 557.537109375, 1118.95385742, 793.129150391, 1423.58032227, 2861.3112793, 7092.63427734, 12129.578125, 10002.9707031, 12303.6005859, 5900.234375, 2804.38037109, 3393.96386719, 1827.43383789, 1115.98901367, 1247.19714355, 365.572235107, 369.279541016, 278.912536621, 117.221977234, 112.366157532, 64.5163269043, 63.0469741821, 118.674659729, 106.38041687, 74.8847808838, 58.9834098816, 27.0383930206, 21.8488540649, 7.36526870728, 0.595344424248, 0.0242104679346, 0.00103993620723, 8.3604129486e-07, 9.97911531186e-10],
        "dvar2": [0.184334248304, 12.5738649368, 65.1681747437, 64.5089111328, 188.937332153, 501.86239624, 1310.27355957, 2665.47094727, 1904.77783203, 3455.05371094, 7671.34765625, 19879.0898438, 32222.0390625, 24660.5976562, 30080.7871094, 13305.7373047, 5889.01708984, 7891.08935547, 4445.08056641, 2791.17773438, 2650.12768555, 812.769165039, 805.065185547, 688.373596191, 252.827545166, 258.853668213, 151.085113525, 152.625152588, 277.679107666, 233.621490479, 164.852905273, 139.242202759, 62.9337272644, 53.6189155579, 16.0203895569, 1.25515961647, 0.0563845932484, 0.00259175361134, 1.94880226445e-06, 2.15610707066e-09],
        "max": [10.7835416794, 40.0252189636, 51.1224403381, 58.5940322876, 212.801376343, 259.252319336, 569.529907227, 585.889404297, 566.353515625, 875.692077637, 1651.7208252, 1730.72131348, 2458.46508789, 1870.62744141, 2304.79711914, 2095.20458984, 2522.92285156, 1403.49023438, 1126.84924316, 842.18762207, 1423.6862793, 473.719238281, 823.915283203, 660.956970215, 239.888641357, 241.388900757, 164.020690918, 187.020889282, 317.069091797, 335.402648926, 243.78616333, 167.610015869, 204.085174561, 228.97756958, 110.345848083, 25.0875396729, 3.33354187012, 0.652062952518, 0.0151078458875, 0.000659731624182],
        "mean": [0.307383269072, 2.20533394814, 2.7804915905, 2.35648846626, 3.64118146896, 11.5066318512, 22.41132164, 28.1672782898, 19.9659442902, 23.4084091187, 29.7045021057, 60.5956687927, 98.53150177, 99.2016983032, 96.9244537354, 57.927154541, 38.1333503723, 37.228099823, 27.3504562378, 22.9356861115, 22.1062755585, 15.9982585907, 18.3452033997, 16.9654846191, 13.623758316, 11.5115833282, 8.42685317993, 6.51427841187, 6.51363277435, 6.57065200806, 5.54608297348, 3.78418445587, 2.39482665062, 1.67043435574, 0.974257171154, 0.320849180222, 0.0773334205151, 0.0115539198741, 0.000350841262843, 5.67069037061e-05],
        "median": [0.143373250961, 1.11792302132, 1.23785591125, 0.934847414494, 1.66763460636, 4.95137500763, 10.5598993301, 11.4756774902, 8.81063652039, 9.71678543091, 12.0432281494, 19.0160999298, 28.1838359833, 27.0814647675, 25.4183883667, 17.1420249939, 14.1921596527, 12.9168157578, 12.7063541412, 12.3305883408, 10.6244382858, 7.05965614319, 9.70078086853, 11.0296554565, 8.37842464447, 6.28765535355, 4.76149272919, 3.35204076767, 3.08674550056, 2.99742460251, 2.33144688606, 1.33422148228, 0.753924369812, 0.42596039176, 0.188521832228, 0.0614300854504, 0.0108846528456, 0.000853658595588, 4.65013217763e-05, 4.66108140245e-05],
        "min": [1.8337128035e-21, 2.29226288023e-21, 1.82031271991e-20, 3.85240177121e-20, 2.15818801817e-19, 2.09866888343e-19, 1.77174500412e-19, 2.31878603883e-19, 3.09483965169e-19, 2.01969174649e-18, 9.69533329492e-19, 8.99298457656e-19, 2.3374320857e-18, 2.38801810927e-18, 2.44875508651e-18, 3.84814802076e-18, 2.36906181796e-18, 2.50433562662e-18, 4.57109394997e-18, 6.37964081407e-18, 6.37719442741e-18, 1.03352503498e-17, 1.29383927005e-17, 1.45298989524e-17, 1.11581056349e-17, 1.85640439106e-17, 1.38216884187e-17, 1.97805585852e-17, 2.81835125424e-17, 1.82902173494e-17, 1.58356763413e-17, 1.46609756467e-17, 1.60246970374e-17, 1.10470814531e-17, 7.38945918356e-18, 5.13098148733e-18, 3.2102416352e-18, 2.16361021294e-18, 4.35914670238e-19, 3.98726710774e-20],
        "var": [0.322502493858, 9.67720222473, 23.4866600037, 17.816198349, 57.9634933472, 470.10635376, 1394.64123535, 2759.25, 1335.60400391, 2590.91552734, 3929.2331543, 14329.421875, 36954.8242188, 34070.2578125, 36437.046875, 15726.8925781, 7810.03125, 7467.07519531, 3130.40039062, 1967.92590332, 2766.87011719, 1024.57470703, 1149.92321777, 472.535461426, 282.733001709, 247.278396606, 131.962493896, 105.502922058, 185.69694519, 180.984176636, 128.363616943, 88.4527053833, 40.6477890015, 30.5411739349, 11.4752588272, 0.96544611454, 0.034691337496, 0.00113159348257, 1.02396950297e-06, 2.22311813403e-09]
    },
    "gfcc": {
        "mean": [12.941072464, 90.6794128418, -127.541900635, 26.6852226257, -71.3031845093, 20.0996570587, -32.8254089355, 12.2245225906, -20.8243083954, 2.5561568737, -7.6196603775, 4.35384845734, -1.49139630795],
        "cov": [[4713.29052734, -1065.56274414, 772.347045898, 200.817123413, 424.65032959, 819.865722656, 140.781356812, 556.881896973, -333.854156494, 281.140686035, -319.237670898, 236.453689575, -316.440460205], [-1065.56274414, 1761.57629395, 85.7471160889, 297.686035156, 327.107543945, -143.168212891, 325.642364502, -201.469955444, 222.647598267, -170.255126953, 261.715209961, -117.917221069, 212.300949097], [772.347045898, 85.7471160889, 1473.09326172, 431.973144531, 309.849456787, 233.572921753, -64.0312271118, 116.306770325, -82.5405883789, 210.696655273, -59.2284545898, 176.631347656, -52.2833175659], [200.817123413, 297.686035156, 431.973144531, 521.625854492, 195.678649902, 85.311164856, 29.1074810028, 15.5030937195, 94.6517868042, 18.7138786316, 65.2795410156, 21.0175304413, 46.2899436951], [424.65032959, 327.107543945, 309.849456787, 195.678649902, 433.050811768, 181.844314575, 212.120513916, 77.5244750977, 17.3701000214, 65.1777191162, 8.69818019867, 44.7167739868, -28.1304283142], [819.865722656, -143.168212891, 233.572921753, 85.311164856, 181.844314575, 485.886535645, 197.942687988, 170.146682739, -55.2918434143, 69.7214813232, -10.4524078369, 23.2487258911, -27.9743385315], [140.781356812, 325.642364502, -64.0312271118, 29.1074810028, 212.120513916, 197.942687988, 408.344085693, 62.0988540649, 48.9607810974, -22.5025119781, 41.3705101013, -23.8464031219, 8.16660404205], [556.881896973, -201.469955444, 116.306770325, 15.5030937195, 77.5244750977, 170.146682739, 62.0988540649, 237.118942261, 6.30917406082, 61.2696762085, -47.2204246521, 29.2779273987, -28.0688838959], [-333.854156494, 222.647598267, -82.5405883789, 94.6517868042, 17.3701000214, -55.2918434143, 48.9607810974, 6.30917406082, 209.79914856, -24.8674755096, 57.6684532166, -32.0609893799, 42.0709190369], [281.140686035, -170.255126953, 210.696655273, 18.7138786316, 65.1777191162, 69.7214813232, -22.5025119781, 61.2696762085, -24.8674755096, 174.056442261, -7.53492546082, 62.0811042786, -41.1622810364], [-319.237670898, 261.715209961, -59.2284545898, 65.2795410156, 8.69818019867, -10.4524078369, 41.3705101013, -47.2204246521, 57.6684532166, -7.53492546082, 171.552108765, -12.3085327148, 72.42552948], [236.453689575, -117.917221069, 176.631347656, 21.0175304413, 44.7167739868, 23.2487258911, -23.8464031219, 29.2779273987, -32.0609893799, 62.0811042786, -12.3085327148, 128.425445557, -14.7574825287], [-316.440460205, 212.300949097, -52.2833175659, 46.2899436951, -28.1304283142, -27.9743385315, 8.16660404205, -28.0688838959, 42.0709190369, -41.1622810364, 72.42552948, -14.7574825287, 135.250808716]],
        "icov": [[0.000521281443071, -9.5333543868e-06, 0.000134886620799, -0.000379646051442, -7.41747571738e-05, -0.000506301119458, 0.000107142674096, -0.000696720555425, 0.000603642314672, -3.9327685954e-05, 0.000405618251534, -0.000509792182129, 0.000672886613756], [-9.5333543868e-06, 0.00211939984001, -0.000725655234419, 0.000273684505373, -0.00173622160219, 0.00119435996749, -0.00120223325212, 0.00110428209882, -0.000736443966161, 0.00138316373341, -0.00165799295064, 0.00160936429165, -0.00182211655192], [0.000134886620799, -0.000725655234419, 0.00172863667831, -0.00128820771351, 0.000118332420243, -0.000823788461275, 0.000890860043, -0.000519808905665, 0.000937381817494, -0.00137585296761, 0.0012428566115, -0.00158999592531, 0.000706984370481], [-0.000379646051442, 0.000273684505373, -0.00128820771351, 0.00413149222732, -0.0015171461273, -4.0523991629e-05, 0.000651752168778, 0.00101288501173, -0.00236114300787, 0.00122397858649, -0.00143552245572, 0.000992128392681, -0.00139898480847], [-7.41747571738e-05, -0.00173622160219, 0.000118332420243, -0.0015171461273, 0.00622441153973, -0.000891832634807, -0.00162587116938, -0.000926882843487, 0.000718855240848, -0.00202557444572, 0.00145524204709, -0.00190546165686, 0.00230546924286], [-0.000506301119458, 0.00119435996749, -0.000823788461275, -4.0523991629e-05, -0.000891832634807, 0.00528182927519, -0.00259395735338, -0.0010834292043, 0.000872992852237, 0.000201442046091, -0.00182940170635, 0.00205743475817, -0.00153129652608], [0.000107142674096, -0.00120223325212, 0.000890860043, 0.000651752168778, -0.00162587116938, -0.00259395735338, 0.00570923043415, -0.000734975445084, -0.000659184763208, 0.000555113598239, 0.000174308457645, -0.000659966201056, 0.00109581486322], [-0.000696720555425, 0.00110428209882, -0.000519808905665, 0.00101288501173, -0.000926882843487, -0.0010834292043, -0.000734975445084, 0.00833341758698, -0.00299313594587, -0.000704741920345, 0.000873743032571, 0.000750119623262, -0.00222357641906], [0.000603642314672, -0.000736443966161, 0.000937381817494, -0.00236114300787, 0.000718855240848, 0.000872992852237, -0.000659184763208, -0.00299313594587, 0.00817035511136, -0.000866544200107, -0.000325908331433, -1.31460292323e-05, 0.000855376943946], [-3.9327685954e-05, 0.00138316373341, -0.00137585296761, 0.00122397858649, -0.00202557444572, 0.000201442046091, 0.000555113598239, -0.000704741920345, -0.000866544200107, 0.0101839601994, -0.00318139092997, -0.00134480872657, 0.00115249305964], [0.000405618251534, -0.00165799295064, 0.0012428566115, -0.00143552245572, 0.00145524204709, -0.00182940170635, 0.000174308457645, 0.000873743032571, -0.000325908331433, -0.00318139092997, 0.0109059996903, -0.0018473219825, -0.00229008961469], [-0.000509792182129, 0.00160936429165, -0.00158999592531, 0.000992128392681, -0.00190546165686, 0.00205743475817, -0.000659966201056, 0.000750119623262, -1.31460292323e-05, -0.00134480872657, -0.0018473219825, 0.0124060707167, -0.00251068593934], [0.000672886613756, -0.00182211655192, 0.000706984370481, -0.00139898480847, 0.00230546924286, -0.00153129652608, 0.00109581486322, -0.00222357641906, 0.000855376943946, 0.00115249305964, -0.00229008961469, -0.00251068593934, 0.0132524510846]]
    },
    "melbands": {
        "dmean": [0.00161809159908, 0.00129057746381, 0.000368894747226, 0.000331995164743, 0.000412786524976, 0.000349730660673, 0.000181627896382, 0.000173503023689, 0.000170192040969, 0.000235047264141, 0.000260050233919, 0.000204159208806, 0.00019207916921, 0.000120726879686, 6.00813691563e-05, 5.01229988004e-05, 4.08445630455e-05, 3.07098707708e-05, 2.14478350244e-05, 1.67965699802e-05, 1.5125498976e-05, 9.78857042355e-06, 8.36761228129e-06, 8.78656555869e-06, 7.78357298259e-06, 6.08668324276e-06, 4.69813994641e-06, 3.96290261051e-06, 3.21206493936e-06, 2.29027273235e-06, 2.21030791181e-06, 2.37360359279e-06, 2.29025658882e-06, 2.06891422749e-06, 1.96620794668e-06, 1.68300311998e-06, 1.53232110733e-06, 1.11321276108e-06, 1.02469357444e-06, 1.01419936982e-06],
        "dmean2": [0.00253825169057, 0.00212935218588, 0.000650300178677, 0.000560120504815, 0.000659529643599, 0.000563501904253, 0.000293466786388, 0.000284222740447, 0.000283981818939, 0.000394773785956, 0.000428225233918, 0.000327169342199, 0.000302532920614, 0.000189061844139, 9.48150409386e-05, 7.84604271757e-05, 6.57768177916e-05, 5.03991359437e-05, 3.58020333806e-05, 2.73217283393e-05, 2.38685424847e-05, 1.59673290909e-05, 1.34051688292e-05, 1.4033129446e-05, 1.24586749735e-05, 9.66308562056e-06, 7.48489446778e-06, 6.29450778433e-06, 5.0794174058e-06, 3.60197100235e-06, 3.59092882718e-06, 3.8598827814e-06, 3.57256840289e-06, 3.23164294969e-06, 3.04900709125e-06, 2.64672894446e-06, 2.4418495741e-06, 1.7253698843e-06, 1.57141346335e-06, 1.56148598762e-06],
        "dvar": [6.11603400102e-06, 6.11230370851e-06, 7.67410369917e-07, 5.70756469642e-07, 5.67351605696e-07, 4.81522988593e-07, 1.67841676557e-07, 1.77022101866e-07, 2.04593334274e-07, 3.03701483517e-07, 3.29158694967e-07, 1.75896744281e-07, 1.82229783263e-07, 1.11825627869e-07, 2.59156003324e-08, 1.73212395538e-08, 1.33062982854e-08, 7.37581107302e-09, 3.03359182219e-09, 1.48715628701e-09, 2.25316743041e-09, 5.67710822796e-10, 4.11199491124e-10, 3.38345462758e-10, 2.31834787479e-10, 1.21741186576e-10, 7.37222644043e-11, 6.09109707117e-11, 3.53336387926e-11, 2.43196695421e-11, 2.4501345397e-11, 4.06199032743e-11, 5.01947615417e-11, 3.50078369071e-11, 2.87438337021e-11, 2.53185545446e-11, 2.58331463859e-11, 1.80535152799e-11, 1.66856094913e-11, 1.54422481746e-11],
        "dvar2": [1.43737343024e-05, 1.574896487e-05, 2.14129568121e-06, 1.48909373365e-06, 1.3367931615e-06, 1.14938291063e-06, 4.02561141755e-07, 4.34986873188e-07, 5.57338921681e-07, 8.48825095545e-07, 8.70466578817e-07, 4.32408000961e-07, 4.4358543505e-07, 2.71563720844e-07, 6.00409961748e-08, 3.69552708435e-08, 3.12312415929e-08, 1.82731074716e-08, 7.92613530365e-09, 3.49088336016e-09, 4.79507278328e-09, 1.19498078099e-09, 9.57078194475e-10, 7.53896334249e-10, 5.80851811094e-10, 2.83001622137e-10, 1.65730956736e-10, 1.46456013983e-10, 8.57807852528e-11, 5.80848702469e-11, 6.06494923727e-11, 9.93286008999e-11, 1.11770113997e-10, 8.10724959388e-11, 6.485351145e-11, 5.87404291874e-11, 6.19494872067e-11, 4.41188578726e-11, 4.27174094708e-11, 3.62937770115e-11],
        "max": [0.0676833614707, 0.0292282253504, 0.00989711564034, 0.0194872822613, 0.0199156999588, 0.0114869931713, 0.00786089804024, 0.00847635697573, 0.0118022197857, 0.0118696317077, 0.0126278595999, 0.00785215664655, 0.00980341807008, 0.00622980576009, 0.0044305101037, 0.00466491933912, 0.00265514710918, 0.00243222061545, 0.0012419661507, 0.00121495244093, 0.0020231155213, 0.000712806649972, 0.000704496225808, 0.000559193838853, 0.000556483922992, 0.000253839505604, 0.000229167926591, 0.00021228188416, 0.000100151948573, 0.00013941663201, 0.000125823047711, 0.000162343450938, 0.000270395015832, 0.000173110529431, 0.00014486569853, 0.000143291283166, 0.000110512439278, 0.000180243921932, 0.000206661352422, 0.000166449113749],
        "mean": [0.00286488397978, 0.00202775117941, 0.000432170403656, 0.000493564817589, 0.000779592082836, 0.000618217454758, 0.000298646016745, 0.000261085369857, 0.00024800124811, 0.000404969061492, 0.000503411924001, 0.000409630098147, 0.000363243132597, 0.000210140860872, 0.000100858633232, 8.48400231916e-05, 6.62373422529e-05, 4.74927583127e-05, 3.20692488458e-05, 2.79526484519e-05, 2.49143504334e-05, 1.62889537023e-05, 1.52096399688e-05, 1.62464457389e-05, 1.35343152579e-05, 1.13745491035e-05, 8.77163984114e-06, 7.23928587831e-06, 5.69492249269e-06, 4.02849036618e-06, 3.59619866686e-06, 3.59364321412e-06, 3.73045827473e-06, 3.63543790627e-06, 3.35151139552e-06, 2.57883516497e-06, 2.22444782594e-06, 1.68721498994e-06, 1.50041125835e-06, 1.36744472456e-06],
        "median": [0.00148264528252, 0.00113708758727, 0.000188123143744, 0.000219787470996, 0.000375964358682, 0.00025896137231, 0.000131108507048, 0.000104307779111, 9.28017470869e-05, 0.000120391996461, 0.000132821922307, 0.000101708406874, 8.20264031063e-05, 4.41307784058e-05, 3.11197982228e-05, 2.52821464528e-05, 2.0847792257e-05, 1.93276428035e-05, 1.5090998204e-05, 1.48012468344e-05, 1.03438642327e-05, 6.48321656627e-06, 6.69481732984e-06, 8.64227331476e-06, 8.31209217722e-06, 6.74504599374e-06, 4.57085707239e-06, 3.72971544493e-06, 2.98488043882e-06, 2.13491534851e-06, 1.71315809894e-06, 1.61041555202e-06, 1.70172540948e-06, 1.5790493535e-06, 1.39894234508e-06, 9.62982653618e-07, 7.09227720108e-07, 5.24107917954e-07, 4.22209154749e-07, 3.23053967577e-07],
        "min": [1.12250733739e-23, 7.38726822542e-24, 1.27494618762e-23, 1.67543296206e-23, 6.95413467908e-24, 5.54793331754e-24, 6.33051449552e-24, 2.1446325979e-23, 7.09675126441e-24, 7.25624316223e-24, 1.19919116492e-23, 1.00676416654e-23, 6.70306707422e-24, 1.02034559031e-23, 9.96211495323e-24, 2.86140814302e-24, 5.11768384666e-24, 7.24681233011e-24, 8.52401521212e-24, 7.12118701981e-24, 7.90618487318e-24, 8.97110686332e-24, 1.47684590664e-23, 1.14699137108e-23, 1.22667160787e-23, 6.24601250421e-24, 1.13287186528e-23, 1.21630439785e-23, 8.52848884231e-24, 7.88360767407e-24, 1.20830952924e-23, 1.81631216014e-23, 1.06136257085e-23, 9.35317823213e-24, 9.68248821701e-24, 8.53958338209e-24, 8.5602980806e-24, 1.21561745778e-23, 9.0376023156e-24, 9.54470103814e-24],
        "var": [2.00874255825e-05, 8.39333188196e-06, 5.98503561378e-07, 8.92495279459e-07, 1.5195770402e-06, 1.22733638364e-06, 2.91041374112e-07, 2.96658612342e-07, 2.81635919919e-07, 6.57175121432e-07, 1.02559886273e-06, 5.84988924857e-07, 5.63277524179e-07, 2.98733425552e-07, 5.70900802188e-08, 4.60987408246e-08, 2.63924153643e-08, 1.19610952254e-08, 4.40830527637e-09, 2.8105269223e-09, 4.84543782875e-09, 1.34883415548e-09, 1.0079821422e-09, 8.04552091616e-10, 3.50412587835e-10, 2.32852959137e-10, 1.5960591182e-10, 1.13557357961e-10, 6.85047990556e-11, 4.22469004224e-11, 3.72680497573e-11, 5.91502333225e-11, 7.48567943742e-11, 5.6105769336e-11, 4.68018297728e-11, 3.81814510564e-11, 3.54315778106e-11, 2.27959404825e-11, 2.1476946957e-11, 2.2105539621e-11]
    },
    "mfcc": {
        "mean": [-623.291381836, 116.097801208, -0.271118730307, 9.42475509644, -8.09995269775, 2.61611199379, 0.764712154865, 6.94937133789, -2.33135223389, 3.62607932091, -1.67197036743, -2.78190016747, 1.92730689049],
        "cov": [[3863.08959961, -707.605773926, 56.7227897644, -96.7933807373, 211.339370728, 292.815002441, 446.895629883, 375.80178833, 216.951324463, 190.029907227, 24.0979804993, 26.306224823, 38.2653198242], [-707.605773926, 1198.69421387, 69.0672454834, 285.024353027, 96.1280822754, 134.312576294, 151.323471069, 57.3728065491, 33.1118812561, 19.2932605743, 41.3509788513, -6.49422073364, 23.4122619629], [56.7227897644, 69.0672454834, 981.531433105, 317.508209229, 340.505767822, 164.16178894, 62.9989318848, -4.27544403076, 20.021982193, -9.10745239258, 11.6453142166, 29.298368454, 68.0373077393], [-96.7933807373, 285.024353027, 317.508209229, 496.466308594, 227.212936401, 105.147468567, 3.27603149414, 13.263923645, 27.7171058655, 11.5145378113, 12.2287836075, 41.877910614, 53.449634552], [211.339370728, 96.1280822754, 340.505767822, 227.212936401, 338.088684082, 117.514823914, 67.4099807739, 36.4708709717, 43.2907028198, 26.1295642853, 22.0799999237, 48.7686500549, 51.7859573364], [292.815002441, 134.312576294, 164.16178894, 105.147468567, 117.514823914, 310.82321167, 210.31262207, 110.706123352, 70.1976089478, 64.4075469971, 48.5316162109, 21.4975128174, 34.7641983032], [446.895629883, 151.323471069, 62.9989318848, 3.27603149414, 67.4099807739, 210.31262207, 376.885314941, 142.262161255, 85.675567627, 81.022026062, 37.3186950684, 11.8509817123, 32.8583374023], [375.80178833, 57.3728065491, -4.27544403076, 13.263923645, 36.4708709717, 110.706123352, 142.262161255, 232.826782227, 103.939224243, 85.9086837769, 24.2457065582, 5.29809713364, 12.4495639801], [216.951324463, 33.1118812561, 20.021982193, 27.7171058655, 43.2907028198, 70.1976089478, 85.675567627, 103.939224243, 156.019088745, 74.4590682983, 33.5789260864, 17.4944629669, 4.63910102844], [190.029907227, 19.2932605743, -9.10745239258, 11.5145378113, 26.1295642853, 64.4075469971, 81.022026062, 85.9086837769, 74.4590682983, 138.598709106, 40.0829582214, 22.6398391724, 7.91311311722], [24.0979804993, 41.3509788513, 11.6453142166, 12.2287836075, 22.0799999237, 48.5316162109, 37.3186950684, 24.2457065582, 33.5789260864, 40.0829582214, 102.87210083, 42.0597381592, 13.4108915329], [26.306224823, -6.49422073364, 29.298368454, 41.877910614, 48.7686500549, 21.4975128174, 11.8509817123, 5.29809713364, 17.4944629669, 22.6398391724, 42.0597381592, 100.621650696, 38.1111602783], [38.2653198242, 23.4122619629, 68.0373077393, 53.449634552, 51.7859573364, 34.7641983032, 32.8583374023, 12.4495639801, 4.63910102844, 7.91311311722, 13.4108915329, 38.1111602783, 81.8115997314]],
