{
"lowlevel": {
    "average_loudness": 0.922545015812,
    "barkbands_crest": {
        "dmean": 3.03922915459,
        "dmean2": 5.07940769196,
        "dvar": 7.06836128235,
        "dvar2": 19.7100315094,
        "max": 25.5063724518,
        "mean": 10.7006578445,
        "median": 9.93552398682,
        "min": 2.4813182354,
        "var": 17.815662384
    },
    "barkbands_flatness_db": {
        "dmean": 0.0257031749934,
        "dmean2": 0.0395760349929,
        "dvar": 0.00051063176943,
        "dvar2": 0.00127259572037,
        "max": 0.576055109501,
        "mean": 0.167420774698,
        "median": 0.165350884199,
        "min": 0.0307609271258,
        "var": 0.00308155524544
    },
    "barkbands_kurtosis": {
        "dmean": 2.86738300323,
        "dmean2": 4.70907306671,
        "dvar": 32.4400634766,
        "dvar2": 87.5844573975,
        "max": 272.689147949,
        "mean": 4.67559289932,
        "median": 1.83000731468,
        "min": -1.96012926102,
        "var": 206.385147095
    },
    "barkbands_skewness": {
        "dmean": 0.532541930676,
        "dmean2": 0.852770030499,
        "dvar": 0.290643781424,
        "dvar2": 0.750716328621,
        "max": 13.2218446732,
        "mean": 1.48295390606,
        "median": 1.32041299343,
        "min": -2.12455177307,
        "var": 1.56671094894
    },
    "barkbands_spread": {
        "dmean": 5.40104103088,
        "dmean2": 8.36662769318,
        "dvar": 43.1761665344,
        "dvar2": 83.487739563,
        "max": 115.39855957,
        "mean": 20.4987316132,
        "median": 17.1829109192,
        "min": 0.308387964964,
        "var": 199.918441772
    },
    "dissonance": {
        "dmean": 0.0216981004924,
        "dmean2": 0.0371005833149,
        "dvar": 0.000405901460908,
        "dvar2": 0.0011405965779,
        "max": 0.500000119209,
        "mean": 0.462639123201,
        "median": 0.468789219856,
        "min": 0.270964592695,
        "var": 0.000767633260693
    },
    "dynamic_complexity": 2.09708023071,
    "erbbands_crest": {
        "dmean": 2.97324752808,
        "dmean2": 4.92278862,
        "dvar": 7.3957862854,
        "dvar2": 19.0049629211,
        "max": 30.9497699738,
        "mean": 10.2542657852,
        "median": 9.2615070343,
        "min": 2.62482237816,
        "var": 21.588092804
    },
    "erbbands_flatness_db": {
        "dmean": 0.0193387176841,
        "dmean2": 0.02799782902,
        "dvar": 0.000277390819974,
        "dvar2": 0.000586892012507,
        "max": 0.373088300228,
        "mean": 0.189474761486,
        "median": 0.188725993037,
        "min": 0.0595787093043,
        "var": 0.00334827881306
    },
    "erbbands_kurtosis": {
        "dmean": 1.02642393112,
        "dmean2": 1.67070281506,
        "dvar": 2.14676141739,
        "dvar2": 5.10033798218,
        "max": 42.4158630371,
        "mean": 0.832585155964,
        "median": 0.189472913742,
        "min": -1.88291084766,
        "var": 6.41630458832
    },
    "erbbands_skewness": {
        "dmean": 0.376473039389,
        "dmean2": 0.598439216614,
        "dvar": 0.11513260752,
        "dvar2": 0.271037608385,
        "max": 5.22299480438,
        "mean": 0.552505970001,
        "median": 0.560919046402,
        "min": -4.26757669449,
        "var": 0.591940224171
    },
    "erbbands_spread": {
        "dmean": 7.05401325226,
        "dmean2": 10.9836702347,
        "dvar": 61.5826721191,
        "dvar2": 135.960647583,
        "max": 131.935562134,
        "mean": 34.4409637451,
        "median": 30.9796943665,
        "min": 2.01333880424,
        "var": 330.417663574
    },
    "hfc": {
        "dmean": 7.22535705566,
        "dmean2": 11.1326246262,
        "dvar": 88.5681381226,
        "dvar2": 198.270263672,
        "max": 152.510818481,
        "mean": 26.237247467,
        "median": 22.4589614868,
        "min": 1.18360876804e-16,
        "var": 347.800689697
    },
    "melbands_crest": {
        "dmean": 3.88915014267,
        "dmean2": 6.38181257248,
        "dvar": 11.6865310669,
        "dvar2": 29.061132431,
        "max": 38.6497497559,
        "mean": 15.4094057083,
        "median": 14.066865921,
        "min": 1.74573421478,
        "var": 42.765007019
    },
    "melbands_flatness_db": {
        "dmean": 0.0281322989613,
        "dmean2": 0.0441004410386,
        "dvar": 0.000672455586027,
        "dvar2": 0.00167755992152,
        "max": 0.719858586788,
        "mean": 0.213076680899,
        "median": 0.20314989984,
        "min": 0.00433858390898,
        "var": 0.00440084096044
    },
    "melbands_kurtosis": {
        "dmean": 7.06634950638,
        "dmean2": 11.5640707016,
        "dvar": 444.862457275,
        "dvar2": 1171.25219727,
        "max": 1392.58984375,
        "mean": 13.9153137207,
        "median": 6.19531345367,
        "min": -1.66049647331,
        "var": 2498.51293945
    },
    "melbands_skewness": {
        "dmean": 0.716088473797,
        "dmean2": 1.15879821777,
        "dvar": 0.631081938744,
        "dvar2": 1.61053001881,
        "max": 29.3652629852,
        "mean": 2.38079738617,
        "median": 2.07343101501,
        "min": -1.69281053543,
        "var": 3.94100880623
    },
    "melbands_spread": {
        "dmean": 6.35359621048,
        "dmean2": 10.0082368851,
        "dvar": 61.851146698,
        "dvar2": 127.150672913,
        "max": 250.424179077,
        "mean": 22.0028152466,
        "median": 18.5477485657,
        "min": 0.125743582845,
        "var": 247.358734131
    },
    "pitch_salience": {
        "dmean": 0.0770574659109,
        "dmean2": 0.127806931734,
        "dvar": 0.00478700082749,
        "dvar2": 0.0129847126082,
        "max": 0.871886610985,
        "mean": 0.52561634779,
        "median": 0.529278635979,
        "min": 0.0199610274285,
        "var": 0.0157642085105
    },
    "silence_rate_20dB": {
        "dmean": 0,
        "dmean2": 0,
        "dvar": 0,
        "dvar2": 0,
        "max": 1,
        "mean": 1,
        "median": 1,
        "min": 1,
        "var": 0
    },
    "silence_rate_30dB": {
        "dmean": 0.0379997678101,
        "dmean2": 0.0760083943605,
        "dvar": 0.0365548282862,
        "dvar2": 0.0916852504015,
        "max": 1,
        "mean": 0.969347298145,
        "median": 1,
        "min": 0,
        "var": 0.0297150630504
    },
    "silence_rate_60dB": {
        "dmean": 0.00303065613844,
        "dmean2": 0.0060620191507,
        "dvar": 0.00302171101794,
        "dvar2": 0.00719217117876,
        "max": 1,
        "mean": 0.0120046623051,
        "median": 0,
        "min": 0,
        "var": 0.0118613597006
    },
    "spectral_centroid": {
        "dmean": 227.50592041,
        "dmean2": 352.792327881,
        "dvar": 66836.3359375,
        "dvar2": 121365.640625,
        "max": 10896.9570312,
        "mean": 1350.69177246,
        "median": 1264.18920898,
        "min": 158.021087646,
        "var": 396482.5
    },
    "spectral_complexity": {
        "dmean": 3.31600427628,
        "dmean2": 5.31802272797,
        "dvar": 10.8560781479,
        "dvar2": 25.1947154999,
        "max": 53,
        "mean": 19.7932395935,
        "median": 20,
        "min": 0,
        "var": 61.5998382568
    },
    "spectral_decrease": {
        "dmean": 3.52904505618e-09,
        "dmean2": 5.7565920919e-09,
        "dvar": 2.25385094419e-17,
        "dvar2": 5.73751067887e-17,
        "max": -1.00386781217e-28,
        "mean": -9.88750503694e-09,
        "median": -8.18569123595e-09,
        "min": -5.31194679354e-08,
        "var": 4.9891471438e-17
    },
    "spectral_energy": {
        "dmean": 0.0137003986165,
        "dmean2": 0.0223549976945,
        "dvar": 0.000329218775732,
        "dvar2": 0.000835926737636,
        "max": 0.206988930702,
        "mean": 0.0396975837648,
        "median": 0.0336341783404,
        "min": 1.11145641658e-20,
        "var": 0.000740106857847
    },
    "spectral_energyband_high": {
        "dmean": 0.000426537473686,
        "dmean2": 0.000610324903391,
        "dvar": 8.84552491698e-07,
        "dvar2": 1.58850343723e-06,
        "max": 0.0167601704597,
        "mean": 0.000939788704272,
        "median": 0.000365868792869,
        "min": 8.16055760328e-21,
        "var": 3.23663311974e-06
    },
    "spectral_energyband_low": {
        "dmean": 0.00982175208628,
        "dmean2": 0.0160500835627,
        "dvar": 0.0003132763959,
        "dvar2": 0.000822560803499,
        "max": 0.184013083577,
        "mean": 0.0169889181852,
        "median": 0.00896463915706,
        "min": 1.04993637818e-22,
        "var": 0.000561356078833
    },
    "spectral_energyband_middle_high": {
        "dmean": 0.00240816827863,
        "dmean2": 0.00389890605584,
        "dvar": 1.12226871352e-05,
        "dvar2": 3.02693788399e-05,
        "max": 0.0704467818141,
        "mean": 0.00789928622544,
        "median": 0.00503735709935,
        "min": 1.56751766113e-21,
        "var": 6.24939493719e-05
    },
    "spectral_energyband_middle_low": {
        "dmean": 0.00618162564933,
        "dmean2": 0.0102813495323,
        "dvar": 6.0934213252e-05,
        "dvar2": 0.000167043268448,
        "max": 0.119477957487,
        "mean": 0.0147900925949,
        "median": 0.0119744446129,
        "min": 2.91759461111e-22,
        "var": 0.000123593490571
    },
    "spectral_entropy": {
        "dmean": 0.156183704734,
        "dmean2": 0.235195994377,
        "dvar": 0.021830772981,
        "dvar2": 0.0467972010374,
        "max": 9.79134178162,
        "mean": 7.50719738007,
        "median": 7.50040864944,
        "min": 6.03263235092,
        "var": 0.153388604522
    },
    "spectral_flux": {
        "dmean": 0.0266205165535,
        "dmean2": 0.0429106615484,
        "dvar": 0.000817029795144,
        "dvar2": 0.00181916751899,
        "max": 0.402688086033,
        "mean": 0.105917617679,
        "median": 0.0983964949846,
        "min": 1.05425633501e-10,
        "var": 0.00240441807546
    },
    "spectral_kurtosis": {
        "dmean": 1.75584888458,
        "dmean2": 3.04422712326,
        "dvar": 3.86094450951,
        "dvar2": 11.8608369827,
        "max": 41.0482940674,
        "mean": 3.77798962593,
        "median": 3.3033657074,
        "min": -1.21122407913,
        "var": 7.82382011414
    },
    "spectral_rms": {
        "dmean": 0.000989686581306,
        "dmean2": 0.0016095766332,
        "dvar": 1.10903897621e-06,
        "dvar2": 2.80388803731e-06,
        "max": 0.0142105743289,
        "mean": 0.00588666507974,
        "median": 0.00572833605111,
        "min": 3.29294360876e-12,
        "var": 4.07643619837e-06
    },
    "spectral_rolloff": {
        "dmean": 416.114074707,
        "dmean2": 708.257568359,
        "dvar": 667143.3125,
        "dvar2": 1366595.75,
        "max": 18561.6210938,
        "mean": 1355.50244141,
        "median": 968.994140625,
        "min": 43.06640625,
        "var": 1875113.25
    },
    "spectral_skewness": {
        "dmean": 0.228188633919,
        "dmean2": 0.375533401966,
        "dvar": 0.0424763336778,
        "dvar2": 0.115168683231,
        "max": 4.35048246384,
        "mean": 1.40061509609,
        "median": 1.40587949753,
        "min": -0.301221996546,
        "var": 0.177201613784
    },
    "spectral_spread": {
        "dmean": 497877.96875,
        "dmean2": 678609,
        "dvar": 490082009088,
        "dvar2": 664843124736,
        "max": 40892080,
        "mean": 4195372.5,
        "median": 3775400.5,
        "min": 1035936.9375,
        "var": 2.93412719821e+12
    },
    "spectral_strongpeak": {
        "dmean": 0.639726221561,
        "dmean2": 1.10609328747,
        "dvar": 0.893841505051,
        "dvar2": 2.36945080757,
        "max": 12.3293361664,
        "mean": 1.11822748184,
        "median": 0.506949961185,
        "min": 0,
        "var": 1.77118003368
    },
    "zerocrossingrate": {
        "dmean": 0.00918087176979,
        "dmean2": 0.010802866891,
        "dvar": 0.00015113245172,
        "dvar2": 0.000161107484018,
        "max": 0.54931640625,
        "mean": 0.0546523854136,
        "median": 0.048828125,
        "min": 0.00146484375,
        "var": 0.00112949497998
    },
    "barkbands": {
        "dmean": [0.000965486571658, 0.00814600195736, 0.00216527329758, 0.00113938259892, 0.00227759126574, 0.00166281033307, 0.000742677075323, 0.00135670765303, 0.00173246266786, 0.00123022915795, 0.000674553099088, 0.000494143459946, 0.000475843291497, 0.000538042688277, 0.000379094999516, 0.000255991326412, 0.000151237632963, 0.000143172059325, 0.000253173348028, 0.000102372403489, 8.30884455354e-05, 0.000114927133836, 0.000107454317913, 7.86763848737e-05, 6.97014693287e-05, 3.53694413207e-05, 1.36695769015e-06],
        "dmean2": [0.00141072983388, 0.0137258134782, 0.00378897623159, 0.00203091558069, 0.00381218013354, 0.00273032928817, 0.00121801474597, 0.0022190050222, 0.00286816060543, 0.00203033769503, 0.00111216667574, 0.000821674824692, 0.000784249335993, 0.000875318655744, 0.000620947277639, 0.000415918359067, 0.000243227143073, 0.000236514097196, 0.000409858766943, 0.000165567238582, 0.000126756844111, 0.00017376166943, 0.000163027070812, 0.000114274662337, 0.000104048231151, 5.33616585017e-05, 2.24988548325e-06],
        "dvar": [3.99688497055e-06, 0.000234936989727, 3.42267521773e-05, 9.6932562883e-06, 1.53079363372e-05, 8.04230057838e-06, 2.50425409831e-06, 9.04173975869e-06, 1.23053023344e-05, 5.75041713091e-06, 2.31347530644e-06, 1.18173954888e-06, 1.50737992044e-06, 1.34403569518e-06, 6.56637666907e-07, 3.24146157027e-07, 1.34151790121e-07, 5.82760470991e-08, 2.64013010565e-07, 3.24189279866e-08, 4.80677257997e-08, 7.05622653641e-08, 7.88602889656e-08, 8.27660642244e-08, 4.79320227953e-08, 1.38360931601e-08, 3.37697959873e-11],
        "dvar2": [7.79793390393e-06, 0.000663048704155, 9.3341601314e-05, 2.80304466287e-05, 4.16509828938e-05, 2.08845558518e-05, 6.1789260144e-06, 2.37346648646e-05, 3.43436404364e-05, 1.55828365678e-05, 6.27530334896e-06, 2.99335238196e-06, 3.93625805373e-06, 3.49534820998e-06, 1.63002539466e-06, 8.02898227903e-07, 3.04266706053e-07, 1.50904043039e-07, 6.96394238275e-07, 8.11689417901e-08, 9.63545119248e-08, 1.46784998378e-07, 1.64116102042e-07, 1.55466423735e-07, 1.00214272436e-07, 3.16476587159e-08, 8.31634552889e-11],
        "max": [0.0537578649819, 0.147488594055, 0.0827917605639, 0.0464897304773, 0.050458163023, 0.0486817993224, 0.0281992256641, 0.0622231923044, 0.0860847085714, 0.0508140176535, 0.0394781529903, 0.027634056285, 0.0506339482963, 0.0294087603688, 0.0199836045504, 0.012836387381, 0.0179129410535, 0.00590393599123, 0.0141279278323, 0.00434898212552, 0.00614401046187, 0.00642237113789, 0.0072948615998, 0.0084759844467, 0.00547656323761, 0.00202460424043, 9.73580536083e-05],
        "mean": [0.00179926631972, 0.0123843150213, 0.00224174745381, 0.0012193704024, 0.00381592358463, 0.00276405597106, 0.00109246256761, 0.00205769203603, 0.00307620503008, 0.00212661852129, 0.00113780645188, 0.000879778934177, 0.000776075408794, 0.000917606812436, 0.000629673188087, 0.000460383482277, 0.000284533831291, 0.000290604191832, 0.000670245266519, 0.000219923545956, 0.000163700533449, 0.000230085570365, 0.000200037044124, 0.000119903619634, 0.000100523640867, 3.79068878829e-05, 1.0655846836e-06],
        "median": [0.000241736328462, 0.00564852170646, 0.000829080061521, 0.00051483529387, 0.0021608506795, 0.00147427292541, 0.000386349274777, 0.000699702533893, 0.000942752172705, 0.000679738877807, 0.00028855970595, 0.000296025536954, 0.00021287058189, 0.000319737300742, 0.000286668946501, 0.000139661482535, 0.000118379721243, 0.000162343290867, 0.000176464935066, 0.000127901541418, 4.90517049911e-05, 9.00474551599e-05, 8.03240473033e-05, 2.28612079809e-05, 8.08795266494e-06, 4.14619933053e-07, 1.41491396377e-09],
        "min": [3.53316820833e-23, 5.25879354989e-23, 2.25710459924e-23, 1.49535605447e-23, 3.61795024526e-23, 8.23551284409e-23, 4.52406301781e-23, 2.79415258381e-23, 8.16004220574e-23, 1.03360733609e-22, 5.97879699551e-23, 1.07271085562e-22, 5.86418875884e-23, 1.07069856612e-22, 1.64660779526e-22, 2.13189318848e-22, 2.24077896503e-22, 1.2391709827e-22, 2.66123097279e-22, 3.96127046293e-22, 6.48656164287e-22, 6.01006188821e-22, 6.45870235736e-22, 1.09853048762e-21, 1.15969015416e-21, 1.80386604289e-21, 2.08211397015e-21],
        "var": [1.52409947987e-05, 0.000347636669176, 2.6529045499e-05, 6.82031077304e-06, 2.56776620517e-05, 1.55376856128e-05, 4.09999893236e-06, 1.7664349798e-05, 3.24769534927e-05, 1.4897696019e-05, 5.78335084356e-06, 3.32706827066e-06, 2.87659327114e-06, 2.76752143691e-06, 1.22324706808e-06, 8.1256627027e-07, 3.328340199e-07, 1.45613455516e-07, 1.12051679935e-06, 8.50410231124e-08, 1.53472200282e-07, 2.00798822902e-07, 1.85416837439e-07, 1.9232213333e-07, 1.2020869633e-07, 1.64296114491e-08, 2.85245212867e-11]
    },
    "erbbands": {
        "dmean": [0.335683315992, 1.50122439861, 2.42992019653, 3.28474497795, 4.56668281555, 8.81984233856, 15.2406702042, 12.389541626, 8.94833946228, 16.3671569824, 33.4277687073, 39.5476646423, 39.2403411865, 31.5191135406, 24.2858066559, 18.4870548248, 17.5822277069, 27.4637107849, 17.5342178345, 20.906042099, 10.1502733231, 7.05968427658, 6.35092306137, 13.0490455627, 9.56077861786, 4.67118692398, 3.19998812675, 3.56527996063, 4.0079331398, 4.00858449936, 2.91873621941, 1.75319075584, 1.36770415306, 0.895222961903, 0.469572246075, 0.212073266506, 0.0490768365562, 0.00654869666323, 0.000226054122322, 2.14663614315e-05],
        "dmean2": [0.545127928257, 2.56353402138, 4.15142917633, 5.82082271576, 7.7294549942, 14.8644924164, 25.2872867584, 20.2290725708, 14.9040126801, 26.5236625671, 54.1780548096, 65.0641326904, 63.943649292, 51.907371521, 39.5222473145, 30.5855522156, 29.231300354, 45.1397857666, 28.4209537506, 33.9164657593, 16.4572505951, 11.4483938217, 10.427189827, 21.3135433197, 15.4530191422, 7.4579501152, 4.95227956772, 5.41854047775, 6.0791478157, 6.17965936661, 4.43403339386, 2.57027387619, 1.99738955498, 1.35016024113, 0.70347827673, 0.324105471373, 0.0735955610871, 0.0100014545023, 0.000347485940438, 3.36411612807e-05],
        "dvar": [0.389853239059, 10.9397001266, 44.5987052917, 79.6336212158, 91.6155319214, 305.129699707, 704.364990234, 492.681152344, 356.903961182, 1458.53796387, 4953.27050781, 7163.09033203, 7221.45507812, 3924.6015625, 2741.63769531, 1420.80029297, 2091.87426758, 4151.74072266, 1067.39709473, 2442.31347656, 479.240509033, 293.895843506, 126.931838989, 729.665649414, 337.399719238, 69.7199707031, 68.8010253906, 90.0468444824, 86.1903686523, 95.7956848145, 63.2022361755, 41.0865135193, 29.0890846252, 9.25961303711, 2.0715470314, 0.517536044121, 0.024402372539, 0.000478438741993, 7.30139333882e-07, 1.19276544197e-09],
        "dvar2": [0.996366322041, 30.2470779419, 117.039253235, 227.35369873, 258.00970459, 824.303344727, 1905.95825195, 1256.19714355, 906.493103027, 3701.21948242, 12910.1552734, 20055.625, 19162.0097656, 10783.9042969, 6928.4921875, 3463.07592773, 5418.42333984, 11289.2490234, 2588.18115234, 6200.07275391, 1120.5958252, 648.723815918, 323.447143555, 1964.72375488, 876.894714355, 168.264663696, 148.069763184, 185.40032959, 178.484146118, 213.009887695, 130.400848389, 87.0635070801, 56.5564956665, 20.0632400513, 4.47964191437, 1.21425461769, 0.0544326119125, 0.00108941784129, 1.67341750057e-06, 2.73735456524e-09],
        "max": [7.95970392227, 37.9100799561, 80.0111999512, 128.440734863, 189.830581665, 265.3203125, 358.348968506, 435.524932861, 494.446350098, 863.171447754, 1457.73962402, 2303.97729492, 1808.69311523, 1608.50585938, 1919.55151367, 945.25567627, 2005.9473877, 1808.09533691, 610.606079102, 1045.99572754, 677.998657227, 729.709350586, 410.992889404, 660.299560547, 401.786865234, 206.587142944, 235.908355713, 240.377502441, 214.668502808, 194.417373657, 225.770523071, 240.385345459, 178.904312134, 89.3303070068, 32.4847946167, 12.4643211365, 2.28522992134, 0.310831457376, 0.0144108552486, 0.000594907905906],
        "mean": [0.560280323029, 1.94764852524, 2.7292330265, 3.69114017487, 6.81582117081, 13.3723955154, 23.5972824097, 20.3679542542, 13.493724823, 25.8165168762, 54.270690918, 71.0895843506, 71.2304000854, 60.0845298767, 45.5063400269, 33.4903640747, 32.0116844177, 50.5480194092, 33.133102417, 38.0190620422, 21.9468631744, 14.8700275421, 14.8104114532, 30.9972000122, 25.9031047821, 10.9506597519, 6.35636806488, 7.04184627533, 7.95261049271, 7.77563810349, 5.31188392639, 2.74424982071, 1.98330938816, 1.28939568996, 0.639272451401, 0.236345276237, 0.0525942854583, 0.00614927755669, 0.000225396172027, 5.52033925487e-05],
        "median": [0.216527879238, 0.821776151657, 1.0840780735, 1.64181935787, 3.37292671204, 6.43286418915, 11.4651060104, 10.038028717, 6.4101934433, 9.63830089569, 21.4517784119, 22.280620575, 25.3243522644, 20.6192626953, 15.3378667831, 13.0603656769, 10.6210985184, 16.7733535767, 18.6450557709, 14.1466064453, 7.53329944611, 6.83141088486, 8.92422103882, 11.2471542358, 8.53743743896, 6.5550942421, 2.45457005501, 1.98332858086, 2.81372404099, 3.49186587334, 2.01036882401, 0.68785238266, 0.326999843121, 0.132771790028, 0.0336440205574, 0.00571056082845, 0.000325469940435, 2.25031599257e-05, 2.46781928581e-05, 4.34098183177e-05],
        "min": [2.29260477885e-21, 9.05701459214e-21, 3.14262878374e-20, 3.35956433108e-20, 9.31125291549e-20, 1.37037616214e-19, 2.34763111926e-19, 6.66331309937e-19, 8.22754679288e-19, 4.00706606344e-19, 9.2112951178e-19, 1.55257303182e-18, 1.98601722376e-18, 4.1442385618e-18, 3.78536625304e-18, 3.57220842663e-18, 2.85037381458e-18, 3.34852969001e-18, 1.13224813119e-17, 6.89440564902e-18, 1.30556099836e-17, 1.18406082224e-17, 8.44166187405e-18, 1.15637012405e-17, 1.28987120194e-17, 1.76888984031e-17, 2.49275212019e-17, 2.48502906569e-17, 1.99298067831e-17, 2.12278599593e-17, 2.1217521856e-17, 2.00015779361e-17, 1.96340830967e-17, 1.14891317355e-17, 9.10789299174e-18, 5.79342949449e-18, 3.36943295768e-18, 1.23050157492e-18, 3.052374267e-19, 3.36624930752e-20],
        "var": [0.834243953228, 11.4632921219, 37.6598205566, 57.7214736938, 110.987106323, 465.918060303, 1165.29248047, 942.879699707, 512.684814453, 2478.00390625, 10019.5146484, 19061.8359375, 17602.5898438, 10538.9746094, 7725.92724609, 3565.93041992, 4216.58007812, 9547.65136719, 2154.38793945, 5226.47265625, 1642.14013672, 747.567932129, 338.893951416, 2238.9375, 1420.30822754, 205.961135864, 201.122665405, 269.974151611, 251.687179565, 220.467300415, 146.052368164, 81.5565643311, 61.4161338806, 21.8078460693, 4.58729171753, 0.635369360447, 0.0303319580853, 0.000506153155584, 7.34672255476e-07, 2.08405115387e-09]
    },
    "gfcc": {
        "mean": [1.30097842216, 116.818626404, -140.297836304, 40.0056838989, -68.5211715698, 18.0984687805, -26.6949310303, 4.2347612381, -8.38721752167, -8.85997962952, -2.64990735054, -5.57556295395, -2.53106164932],
        "cov": [[4302.24902344, -1368.19580078, 917.664367676, 68.2680053711, -42.1765594482, 417.899353027, -439.979553223, 363.162414551, -505.789489746, 591.929931641, -321.497772217, 245.850189209, -182.784225464], [-1368.19580078, 1966.23779297, -264.214691162, 450.136566162, 348.543914795, -274.148834229, 451.131317139, -361.175689697, 436.988006592, -494.654724121, 408.262908936, -226.268249512, 143.492324829], [917.664367676, -264.214691162, 1651.97717285, 361.610290527, 172.705459595, 269.483703613, -119.039520264, 180.165924072, -182.610183716, 468.609558105, -238.106323242, 269.41619873, -43.589641571], [68.2680053711, 450.136566162, 361.610290527, 613.713745117, 121.404792786, 8.92751502991, 30.7598743439, -86.9535064697, 138.739807129, -79.048614502, 106.994300842, -24.5115852356, 85.68724823], [-42.1765594482, 348.543914795, 172.705459595, 121.404792786, 357.551544189, 36.7257003784, 134.400741577, -4.59838056564, 10.3109817505, -3.34719729424, 80.8634490967, 15.5368175507, -11.2957639694], [417.899353027, -274.148834229, 269.483703613, 8.92751502991, 36.7257003784, 276.917785645, 11.779127121, 85.3135604858, -129.965682983, 139.963821411, 11.5412435532, 43.1389503479, -12.0979089737], [-439.979553223, 451.131317139, -119.039520264, 30.7598743439, 134.400741577, 11.779127121, 316.986541748, -70.6969146729, 94.5470504761, -104.122535706, 138.843780518, -46.9220733643, 15.9464769363], [363.162414551, -361.175689697, 180.165924072, -86.9535064697, -4.59838056564, 85.3135604858, -70.6969146729, 218.073913574, -41.5538101196, 152.777511597, -109.443656921, 48.7751502991, -21.6895503998], [-505.789489746, 436.988006592, -182.610183716, 138.739807129, 10.3109817505, -129.965682983, 94.5470504761, -41.5538101196, 320.438964844, -139.178115845, 58.2982521057, -79.9892578125, 77.2206115723], [591.929931641, -494.654724121, 468.609558105, -79.048614502, -3.34719729424, 139.963821411, -104.122535706, 152.777511597, -139.178115845, 384.470916748, -162.277633667, 147.651519775, -26.0023574829], [-321.497772217, 408.262908936, -238.106323242, 106.994300842, 80.8634490967, 11.5412435532, 138.843780518, -109.443656921, 58.2982521057, -162.277633667, 307.426116943, -66.2973556519, 41.4836807251], [245.850189209, -226.268249512, 269.41619873, -24.5115852356, 15.5368175507, 43.1389503479, -46.9220733643, 48.7751502991, -79.9892578125, 147.651519775, -66.2973556519, 158.176696777, -9.12478160858], [-182.784225464, 143.492324829, -43.589641571, 85.68724823, -11.2957639694, -12.0979089737, 15.9464769363, -21.6895503998, 77.2206115723, -26.0023574829, 41.4836807251, -9.12478160858, 124.365982056]],
        "icov": [[0.000419618736487, -2.78899478872e-05, 0.000153363944264, -0.000407143117627, 2.99775056192e-05, -0.000328497728333, 0.000319503858918, -0.00035483945976, 0.000365292740753, -0.000325797242112, 0.000127920939121, -0.000154137247591, 0.00050218089018], [-2.78899478872e-05, 0.00293586566113, -0.00122931145597, 0.000313215656206, -0.00168116367422, 0.00217699701898, -0.00172202882823, 0.002107786946, -0.00143925857265, 0.00111699698027, -0.00152444839478, 0.00229292851873, -0.00162363005802], [0.000153363944264, -0.00122931145597, 0.00250453362241, -0.001905283425, 0.000288681098027, -0.00179944268893, 0.000665779341944, -0.00113115017302, 0.000951782218181, -0.00177955988329, 0.00178839219734, -0.00256177014671, 0.00165531807579], [-0.000407143117627, 0.000313215656206, -0.001905283425, 0.0042473222129, -0.0008773545851, 0.000115488190204, 0.000714441353921, 0.0018932352541, -0.00205083517358, 0.00158858927898, -0.00138126441743, 0.00144054100383, -0.00221185572445], [2.99775056192e-05, -0.00168116367422, 0.000288681098027, -0.0008773545851, 0.00506754871458, -0.000651763635688, -0.000888839364052, -0.00212946417741, 0.0013377815485, -0.000640199345071, -5.85964007769e-05, -0.00165492575616, 0.00176252098754], [-0.000328497728333, 0.00217699701898, -0.00179944268893, 0.000115488190204, -0.000651763635688, 0.00909025967121, -0.00313406833448, -0.00084286625497, 0.00180087517947, -0.000559004722163, -0.00325567810796, 0.00354552431963, -0.0025138950441], [0.000319503858918, -0.00172202882823, 0.000665779341944, 0.000714441353921, -0.000888839364052, -0.00313406833448, 0.006810978055, 0.00011272264237, -0.00112614408135, -0.00034194093314, -0.000261759967543, -0.00132456957363, 0.00157616555225], [-0.00035483945976, 0.002107786946, -0.00113115017302, 0.0018932352541, -0.00212946417741, -0.00084286625497, 0.00011272264237, 0.0100543592125, -0.00344087439589, -0.000630643160548, 0.0003385002492, 0.00208321772516, -0.00114614784252], [0.000365292740753, -0.00143925857265, 0.000951782218181, -0.00205083517358, 0.0013377815485, 0.00180087517947, -0.00112614408135, -0.00344087439589, 0.00764029240236, -0.000549680553377, 0.00112809438724, 0.000306114030536, -0.00142763834447], [-0.000325797242112, 0.00111699698027, -0.00177955988329, 0.00158858927898, -0.000640199345071, -0.000559004722163, -0.00034194093314, -0.000630643160548, -0.000549680553377, 0.00805947184563, 0.000559178297408, -0.00199066125788, -0.00197073537856], [0.000127920939121, -0.00152444839478, 0.00178839219734, -0.00138126441743, -5.85964007769e-05, -0.00325567810796, -0.000261759967543, 0.0003385002492, 0.00112809438724, 0.000559178297408, 0.00732793705538, -0.00180027855095, 0.000136040587677], [-0.000154137247591, 0.00229292851873, -0.00256177014671, 0.00144054100383, -0.00165492575616, 0.00354552431963, -0.00132456957363, 0.00208321772516, 0.000306114030536, -0.00199066125788, -0.00180027855095, 0.0136717064306, -0.00303744431585], [0.00050218089018, -0.00162363005802, 0.00165531807579, -0.00221185572445, 0.00176252098754, -0.0025138950441, 0.00157616555225, -0.00114614784252, -0.00142763834447, -0.00197073537856, 0.000136040587677, -0.00303744431585, 0.0124760325998]]
    },
    "melbands": {
        "dmean": [0.00254587107338, 0.00139798677992, 0.000568896124605, 0.000449901242973, 0.00050236005336, 0.000280152540654, 0.000140581847518, 0.000199082001927, 0.000279404077446, 0.00024986450444, 0.000199832313228, 0.000133446141263, 9.31042159209e-05, 6.1947532231e-05, 3.82869366149e-05, 5.05224343215e-05, 5.24333954672e-05, 3.25152504956e-05, 2.66951174126e-05, 2.47945754381e-05, 1.21829298223e-05, 8.7678536147e-06, 6.38335041003e-06, 7.04928061168e-06, 1.24574553411e-05, 1.00498236861e-05, 4.90190905111e-06, 3.03942556457e-06, 2.13163889384e-06, 2.18803415919e-06, 2.18949776354e-06, 2.41971679316e-06, 2.46753984356e-06, 2.30593718697e-06, 1.87074647329e-06, 1.37523090871e-06, 1.06245465759e-06, 1.0361642353e-06, 8.87748342393e-07, 7.54017776217e-07],
        "dmean2": [0.00422445451841, 0.00233842199668, 0.000999225885607, 0.000761638686527, 0.000831630954053, 0.000457365502371, 0.000232452715863, 0.000323439686326, 0.000450914289104, 0.000411449378589, 0.000325639877701, 0.000219948138692, 0.00015209679259, 0.000102685400634, 6.36171098449e-05, 8.35147584439e-05, 8.57108243508e-05, 5.26363801328e-05, 4.32962224295e-05, 3.97862349928e-05, 1.99145088118e-05, 1.41167602123e-05, 1.0511354958e-05, 1.1632202586e-05, 2.03692743526e-05, 1.61997741088e-05, 7.96175572759e-06, 4.90878983328e-06, 3.37849246534e-06, 3.36979746862e-06, 3.38609902428e-06, 3.72855447495e-06, 3.81083600587e-06, 3.61155093742e-06, 2.90971456707e-06, 2.0821516955e-06, 1.59100738983e-06, 1.54387282691e-06, 1.35296261305e-06, 1.14785655114e-06],
        "dvar": [2.10350099223e-05, 1.23153131426e-05, 2.24302993956e-06, 7.79527397299e-07, 6.89953822075e-07, 2.40878364366e-07, 8.43160137265e-08, 2.06916851653e-07, 3.00640209616e-07, 2.87209047656e-07, 1.82225775802e-07, 7.23450881424e-08, 4.17841938827e-08, 2.16325553026e-08, 1.35995197326e-08, 1.37456224181e-08, 1.38387399318e-08, 4.13737089033e-09, 3.62887142558e-09, 3.126988668e-09, 7.96987864593e-10, 5.2122506311e-10, 1.58920876459e-10, 1.3735043658e-10, 7.1607969554e-10, 4.18811263447e-10, 7.07024855329e-11, 3.7392006158e-11, 3.46171147303e-11, 3.6680793819e-11, 3.27120899812e-11, 3.11575834577e-11, 3.73346700777e-11, 3.30853122676e-11, 2.49814231801e-11, 2.01401048616e-11, 1.9553459546e-11, 1.89679105755e-11, 1.10705541956e-11, 7.00320010316e-12],
        "dvar2": [5.7649838709e-05, 3.13485179504e-05, 6.3713050622e-06, 2.12042778003e-06, 1.86782165201e-06, 6.15151691363e-07, 2.12560863133e-07, 5.33182856088e-07, 7.69930238675e-07, 8.09336881957e-07, 4.83959013309e-07, 1.99917522536e-07, 1.11041927653e-07, 5.53434311712e-08, 3.62876875215e-08, 3.67532209111e-08, 3.64015626531e-08, 1.02183728146e-08, 8.87247963988e-09, 7.75030795097e-09, 1.84334980613e-09, 1.13845433081e-09, 3.98300836757e-10, 3.64192925817e-10, 1.90803173261e-09, 1.09296982576e-09, 1.80922943294e-10, 8.99121124776e-11, 8.08475231207e-11, 7.99117022554e-11, 6.95974111675e-11, 6.84877085599e-11, 8.40580521855e-11, 7.60802670863e-11, 5.44580075479e-11, 4.1635649789e-11, 4.33197609728e-11, 3.87076204422e-11, 2.33367457303e-11, 1.57976253606e-11],
        "max": [0.049765188247, 0.043765489012, 0.0213272310793, 0.0111342445016, 0.011138333939, 0.00952300615609, 0.00686948513612, 0.0101171480492, 0.00977450050414, 0.0158116109669, 0.00880035664886, 0.00624453695491, 0.00496566155925, 0.00367926619947, 0.00629691733047, 0.00288978056051, 0.00306575372815, 0.0010553462198, 0.00220121745951, 0.00128649326507, 0.000982990604825, 0.00114204082638, 0.000449325132649, 0.00026075183996, 0.000629215384834, 0.000411617249483, 0.000164161596331, 0.000161785792443, 0.000182041228982, 0.000238118023844, 0.000125439430121, 0.000137788214488, 0.00011137209367, 0.000122775149066, 0.000136601869599, 0.000140342672239, 0.000195438449737, 0.000168892074726, 8.79685976543e-05, 7.999605441e-05],
        "mean": [0.00412914669141, 0.0018168190727, 0.000712517765351, 0.000707023544237, 0.000801161513664, 0.000464529875899, 0.00021246074175, 0.000314134493237, 0.00045672422857, 0.000444816541858, 0.000350416696165, 0.000245094153797, 0.000163377058925, 0.000111248366011, 5.9586345742e-05, 8.8126747869e-05, 9.21948230825e-05, 5.50893819309e-05, 4.61757954326e-05, 4.29636093031e-05, 2.37727526837e-05, 1.60058007168e-05, 1.2676681763e-05, 1.41687269206e-05, 2.6632047593e-05, 2.45018673013e-05, 1.14549102364e-05, 6.11430050412e-06, 3.78057006856e-06, 3.91881758333e-06, 4.0726217776e-06, 4.45064051746e-06, 4.58975500806e-06, 4.1868433982e-06, 3.26794906869e-06, 2.16647140405e-06, 1.50115909037e-06, 1.43278100495e-06, 1.21070138448e-06, 1.05389437977e-06],
        "median": [0.00180812506005, 0.000829079770483, 0.000368655571947, 0.000351180526195, 0.000425367092248, 0.000237163389102, 9.62040940067e-05, 0.000117305564345, 0.000177424401045, 0.00013227830641, 0.000116822433483, 7.41638796171e-05, 4.68283287773e-05, 3.55960000888e-05, 2.29101933655e-05, 2.2691245249e-05, 2.9250215448e-05, 2.44416332862e-05, 2.02144547075e-05, 1.24027756101e-05, 7.76937849878e-06, 6.51799155094e-06, 6.48785498925e-06, 7.9342380559e-06, 8.33191825222e-06, 6.08486243436e-06, 5.69746725887e-06, 3.28841633745e-06, 1.30413729948e-06, 1.14706426757e-06, 1.07630717139e-06, 1.41688178701e-06, 1.88678291124e-06, 1.80295160135e-06, 1.21594098346e-06, 6.47529532216e-07, 3.00702083678e-07, 2.32139129253e-07, 1.60909735314e-07, 8.81877539882e-08],
        "min": [1.87727138659e-23, 1.45586693973e-23, 7.28230475995e-24, 9.04646516787e-24, 7.52254051573e-24, 1.66682080979e-23, 1.21822819294e-23, 3.84488872496e-24, 8.03714603864e-24, 1.10991411967e-23, 1.07090116137e-23, 1.76455594278e-23, 1.02911433148e-23, 1.25650837834e-23, 7.30493875705e-24, 4.84169928125e-24, 6.20703054815e-24, 1.98187544703e-23, 9.23260952024e-24, 9.85505706206e-24, 1.69299553017e-23, 1.22876098486e-23, 1.07181718666e-23, 5.60640684327e-24, 1.00641407007e-23, 8.27669311884e-24, 1.05178564169e-23, 1.22737795393e-23, 1.43564433265e-23, 1.68135998959e-23, 1.32678957411e-23, 1.05869779871e-23, 1.37611436439e-23, 1.01188482045e-23, 1.23389520718e-23, 1.06890400222e-23, 1.28513140743e-23, 1.57928091514e-23, 9.56975604935e-24, 9.80031327068e-24],
        "var": [3.95684037358e-05, 1.2336099644e-05, 1.72001659848e-06, 1.19762160011e-06, 1.16656428872e-06, 4.72948784136e-07, 1.27082998347e-07, 3.66737481272e-07, 6.34910406916e-07, 7.57151610742e-07, 4.42326694383e-07, 1.95640879497e-07, 1.08329281545e-07, 6.2026941805e-08, 2.37855513063e-08, 2.95152151608e-08, 3.19042712249e-08, 7.95163757061e-09, 7.29216154127e-09, 7.04116676076e-09, 2.47889175853e-09, 1.18864451615e-09, 4.00596888994e-10, 3.23362392418e-10, 1.95592697594e-09, 1.60260382742e-09, 2.20386417449e-10, 9.16805242834e-11, 8.45496034296e-11, 9.45510128525e-11, 9.33674734749e-11, 8.29006446823e-11, 8.7751070299e-11, 6.64268431927e-11, 5.16115136739e-11, 4.14188613962e-11, 3.28837373997e-11, 3.51667445164e-11, 2.2386653295e-11, 1.52884285093e-11]
    },
    "mfcc": {
        "mean": [-626.825805664, 129.198684692, -6.46425867081, 18.8022403717, -6.48610591888, 8.41882514954, -5.04274225235, 14.0143966675, -6.75340461731, 11.1585474014, 2.81148457527, -9.03453636169, 0.630327999592],
        "cov": [[3332.37084961, -845.29675293, 259.408905029, -90.2253875732, 122.07800293, 35.6118736267, 93.9184112549, -192.735626221, 33.7749786377, -42.0527420044, 17.9436225891, 20.8708381653, 55.0666389465], [-845.29675293, 1159.04785156, -124.706130981, 336.977233887, 64.3058547974, 108.676696777, 56.4373397827, 191.783416748, -110.73664093, 96.6624145508, 44.1780548096, -86.7001495361, 22.2494544983], [259.408905029, -124.706130981, 1119.1998291, 317.071105957, 235.772598267, 233.917175293, 81.3941116333, -115.6743927, 194.163833618, -108.850547791, 61.611995697, 165.175827026, 34.7641639709], [-90.2253875732, 336.977233887, 317.071105957, 559.011230469, 180.226119995, 143.199386597, -57.8673057556, 70.6116256714, 26.294467926, 18.7850761414, -15.0552272797, 10.9307231903, 71.8451004028], [122.07800293, 64.3058547974, 235.772598267, 180.226119995, 299.553863525, 61.7912139893, 63.4272041321, 21.045501709, 9.04480171204, 20.7198028564, 7.48903036118, 11.0893726349, 56.0053443909], [35.6118736267, 108.676696777, 233.917175293, 143.199386597, 61.7912139893, 233.929290771, 121.585906982, 0.903940320015, 9.53920078278, -14.9982719421, 33.1384887695, 30.7548522949, 15.604724884], [93.9184112549, 56.4373397827, 81.3941116333, -57.8673057556, 63.4272041321, 121.585906982, 352.511199951, 18.8782539368, -86.8674240112, 14.7173013687, 61.4625968933, -20.3925933838, 15.6960496902], [-192.735626221, 191.783416748, -115.6743927, 70.6116256714, 21.045501709, 0.903940320015, 18.8782539368, 201.155502319, -85.6904754639, 93.8763198853, -8.68367385864, -74.3989028931, 11.3795280457], [33.7749786377, -110.73664093, 194.163833618, 26.294467926, 9.04480171204, 9.53920078278, -86.8674240112, -85.6904754639, 323.934295654, -40.1516151428, 23.3311386108, 125.12122345, -22.9845676422], [-42.0527420044, 96.6624145508, -108.850547791, 18.7850761414, 20.7198028564, -14.9982719421, 14.7173013687, 93.8763198853, -40.1516151428, 158.687637329, 13.9416103363, -39.2495536804, 2.84794831276], [17.9436225891, 44.1780548096, 61.611995697, -15.0552272797, 7.48903036118, 33.1384887695, 61.4625968933, -8.68367385864, 23.3311386108, 13.9416103363, 106.008377075, 22.0450325012, 9.97601222992], [20.8708381653, -86.7001495361, 165.175827026, 10.9307231903, 11.0893726349, 30.7548522949, -20.3925933838, -74.3989028931, 125.12122345, -39.2495536804, 22.0450325012, 159.594650269, 5.92072200775], [55.0666389465, 22.2494544983, 34.7641639709, 71.8451004028, 56.0053443909, 15.604724884, 15.6960496902, 11.3795280457, -22.9845676422, 2.84794831276, 9.97601222992, 5.92072200775, 93.9091339111]],
