{
"lowlevel": {
    "average_loudness": 0.873417496681,
    "barkbands_crest": {
        "dmean": 2.34684967995,
        "dmean2": 3.75553822517,
        "dvar": 6.35322141647,
        "dvar2": 15.2763586044,
        "max": 25.1942310333,
        "mean": 12.5016899109,
        "median": 12.2419042587,
        "min": 2.52888798714,
        "var": 25.9180583954
    },
    "barkbands_flatness_db": {
        "dmean": 0.0291374046355,
        "dmean2": 0.0401426739991,
        "dvar": 0.00112864526454,
        "dvar2": 0.00199360190891,
        "max": 0.704629123211,
        "mean": 0.196020230651,
        "median": 0.175644934177,
        "min": 0.0298156049103,
        "var": 0.00751757994294
    },
    "barkbands_kurtosis": {
        "dmean": 11.0722694397,
        "dmean2": 16.1809005737,
        "dvar": 807.783935547,
        "dvar2": 1542.44519043,
        "max": 618.231750488,
        "mean": 20.9655056,
        "median": 3.94579219818,
        "min": -1.94925653934,
        "var": 2504.90332031
    },
    "barkbands_skewness": {
        "dmean": 0.851179182529,
        "dmean2": 1.23463141918,
        "dvar": 1.26510584354,
        "dvar2": 2.43282175064,
        "max": 18.1576194763,
        "mean": 2.75942587852,
        "median": 1.91865348816,
        "min": -3.3069024086,
        "var": 7.57846450806
    },
    "barkbands_spread": {
        "dmean": 5.41201972961,
        "dmean2": 8.1490020752,
        "dvar": 53.7313194275,
        "dvar2": 119.679740906,
        "max": 122.474525452,
        "mean": 17.124835968,
        "median": 14.3597173691,
        "min": 0.229015395045,
        "var": 181.373657227
    },
    "dissonance": {
        "dmean": 0.0218446422368,
        "dmean2": 0.0369151718915,
        "dvar": 0.00047411173,
        "dvar2": 0.00127120572142,
        "max": 0.500000178814,
        "mean": 0.46441206336,
        "median": 0.472976624966,
        "min": 0.242868080735,
        "var": 0.00100015709177
    },
    "dynamic_complexity": 2.66381311417,
    "erbbands_crest": {
        "dmean": 2.98354840279,
        "dmean2": 4.80162620544,
        "dvar": 7.91713571548,
        "dvar2": 18.3814945221,
        "max": 29.6926059723,
        "mean": 9.35964870453,
        "median": 8.25606536865,
        "min": 2.12626981735,
        "var": 21.9398612976
    },
    "erbbands_flatness_db": {
        "dmean": 0.0213281083852,
        "dmean2": 0.0307687465101,
        "dvar": 0.000479526090203,
        "dvar2": 0.000865299662109,
        "max": 0.426892727613,
        "mean": 0.174120143056,
        "median": 0.166231244802,
        "min": 0.0505850873888,
        "var": 0.00425537861884
    },
    "erbbands_kurtosis": {
        "dmean": 1.29531407356,
        "dmean2": 2.06400465965,
        "dvar": 4.86496305466,
        "dvar2": 11.2224693298,
        "max": 51.4504890442,
        "mean": 0.989349067211,
        "median": 0.00258231163025,
        "min": -1.82117712498,
        "var": 10.6498298645
    },
    "erbbands_skewness": {
        "dmean": 0.454536378384,
        "dmean2": 0.69726473093,
        "dvar": 0.204579845071,
        "dvar2": 0.46832460165,
        "max": 5.90018844604,
        "mean": 0.491280734539,
        "median": 0.446875095367,
        "min": -3.23659944534,
        "var": 0.796634614468
    },
    "erbbands_spread": {
        "dmean": 11.0403661728,
        "dmean2": 16.3333835602,
        "dvar": 178.905517578,
        "dvar2": 373.21875,
        "max": 195.322128296,
        "mean": 43.0234680176,
        "median": 36.8955497742,
        "min": 2.69345855713,
        "var": 768.386962891
    },
    "hfc": {
        "dmean": 8.71190738678,
        "dmean2": 13.1303415298,
        "dvar": 206.222961426,
        "dvar2": 481.291473389,
        "max": 213.097518921,
        "mean": 22.053937912,
        "median": 16.5349636078,
        "min": 1.19143085261e-16,
        "var": 397.516174316
    },
    "melbands_crest": {
        "dmean": 2.98622345924,
        "dmean2": 4.5884346962,
        "dvar": 10.4039068222,
        "dvar2": 23.6683082581,
        "max": 38.8950462341,
        "mean": 20.4821052551,
        "median": 16.5947666168,
        "min": 1.67387199402,
        "var": 119.567573547
    },
    "melbands_flatness_db": {
        "dmean": 0.0314056836069,
        "dmean2": 0.0434463992715,
        "dvar": 0.00133336265571,
        "dvar2": 0.00239352625795,
        "max": 0.87817043066,
        "mean": 0.243693217635,
        "median": 0.218622595072,
        "min": 0.00523623079062,
        "var": 0.0121486438438
    },
    "melbands_kurtosis": {
        "dmean": 41.5250511169,
        "dmean2": 59.4993476868,
        "dvar": 16027.3730469,
        "dvar2": 31290.546875,
        "max": 3011.18847656,
        "mean": 79.4595108032,
        "median": 12.1135597229,
        "min": -1.87850105762,
        "var": 46839.4804688
    },
    "melbands_skewness": {
        "dmean": 1.4563447237,
        "dmean2": 2.09149742126,
        "dvar": 5.44523286819,
        "dvar2": 10.1982383728,
        "max": 44.7270011902,
        "mean": 4.92440986633,
        "median": 2.90489673615,
        "min": -0.784926712513,
        "var": 30.850774765
    },
    "melbands_spread": {
        "dmean": 6.00556468964,
        "dmean2": 9.07705497742,
        "dvar": 130.413986206,
        "dvar2": 269.214233398,
        "max": 264.43838501,
        "mean": 17.7710285187,
        "median": 13.1563262939,
        "min": 0.112114205956,
        "var": 335.753356934
    },
    "pitch_salience": {
        "dmean": 0.0723409578204,
        "dmean2": 0.114929996431,
        "dvar": 0.00617835018784,
        "dvar2": 0.014723084867,
        "max": 0.95105278492,
        "mean": 0.461879879236,
        "median": 0.496699720621,
        "min": 0.0365542769432,
        "var": 0.0470210909843
    },
    "silence_rate_20dB": {
        "dmean": 0,
        "dmean2": 0,
        "dvar": 0,
        "dvar2": 0,
        "max": 1,
        "mean": 1,
        "median": 1,
        "min": 1,
        "var": 0
    },
    "silence_rate_30dB": {
        "dmean": 0.072436504066,
        "dmean2": 0.144890040159,
        "dvar": 0.0671909675002,
        "dvar2": 0.1511823982,
        "max": 1,
        "mean": 0.83985888958,
        "median": 1,
        "min": 0,
        "var": 0.134489327669
    },
    "silence_rate_60dB": {
        "dmean": 0.0192850418389,
        "dmean2": 0.0384570136666,
        "dvar": 0.0189099796116,
        "dvar2": 0.0456730276346,
        "max": 1,
        "mean": 0.040094062686,
        "median": 0,
        "min": 0,
        "var": 0.0384879186749
    },
    "spectral_centroid": {
        "dmean": 321.395477295,
        "dmean2": 480.944854736,
        "dvar": 158756.734375,
        "dvar2": 322956.875,
        "max": 10689.8134766,
        "mean": 1464.64196777,
        "median": 1341.78198242,
        "min": 133.877532959,
        "var": 502685.625
    },
    "spectral_complexity": {
        "dmean": 4.28033876419,
        "dmean2": 6.38457012177,
        "dvar": 26.0937633514,
        "dvar2": 50.9621047974,
        "max": 57,
        "mean": 17.0539684296,
        "median": 16,
        "min": 0,
        "var": 101.243873596
    },
    "spectral_decrease": {
        "dmean": 2.56651611075e-09,
        "dmean2": 3.97737842661e-09,
        "dvar": 1.19589430265e-17,
        "dvar2": 2.5982657902e-17,
        "max": 5.23603717501e-29,
        "mean": -1.28660024856e-08,
        "median": -8.87768525359e-09,
        "min": -4.12019076634e-08,
        "var": 1.06800670401e-16
    },
    "spectral_energy": {
        "dmean": 0.0101115042344,
        "dmean2": 0.015697222203,
        "dvar": 0.000189605445485,
        "dvar2": 0.000414137379266,
        "max": 0.159942865372,
        "mean": 0.0505596511066,
        "median": 0.0359356626868,
        "min": 1.060902191e-20,
        "var": 0.00154091068543
    },
    "spectral_energyband_high": {
        "dmean": 0.000739126524422,
        "dmean2": 0.00110310281161,
        "dvar": 2.31134777096e-06,
        "dvar2": 5.39922439202e-06,
        "max": 0.0240147206932,
        "mean": 0.00114404235501,
        "median": 0.000439872615971,
        "min": 7.62919261053e-21,
        "var": 3.65970549865e-06
    },
    "spectral_energyband_low": {
        "dmean": 0.00515931099653,
        "dmean2": 0.00781368091702,
        "dvar": 8.68428251124e-05,
        "dvar2": 0.000181078445166,
        "max": 0.154221117496,
        "mean": 0.0334404297173,
        "median": 0.0110810473561,
        "min": 1.03480905524e-22,
        "var": 0.00165788433515
    },
    "spectral_energyband_middle_high": {
        "dmean": 0.0019040129846,
        "dmean2": 0.00293806032278,
        "dvar": 7.91595994087e-06,
        "dvar2": 1.8833019567e-05,
        "max": 0.0681580901146,
        "mean": 0.0053776409477,
        "median": 0.00296055455692,
        "min": 1.49695396481e-21,
        "var": 4.39499235654e-05
    },
    "spectral_energyband_middle_low": {
        "dmean": 0.00601631682366,
        "dmean2": 0.00963238254189,
        "dvar": 0.000134456044179,
        "dvar2": 0.000315235723974,
        "max": 0.141157090664,
        "mean": 0.0107271047309,
        "median": 0.00663367193192,
        "min": 2.82669360102e-22,
        "var": 0.000186088029295
    },
    "spectral_entropy": {
        "dmean": 0.183392599225,
        "dmean2": 0.264155566692,
        "dvar": 0.0451734103262,
        "dvar2": 0.0811078548431,
        "max": 9.80146503448,
        "mean": 7.67558526993,
        "median": 7.68343544006,
        "min": 5.29266405106,
        "var": 0.193047747016
    },
    "spectral_flux": {
        "dmean": 0.0281666908413,
        "dmean2": 0.0422608815134,
        "dvar": 0.00121112121269,
        "dvar2": 0.00221682013944,
        "max": 0.375937908888,
        "mean": 0.0900475457311,
        "median": 0.0771813169122,
        "min": 1.03000108442e-10,
        "var": 0.00288906367496
    },
    "spectral_kurtosis": {
        "dmean": 1.58957982063,
        "dmean2": 2.65251088142,
        "dvar": 14.7983961105,
        "dvar2": 33.3096008301,
        "max": 243.474349976,
        "mean": 3.38668990135,
        "median": 2.62315988541,
        "min": -1.33031880856,
        "var": 33.9441757202
    },
    "spectral_rms": {
        "dmean": 0.000757166650146,
        "dmean2": 0.0011464592535,
        "dvar": 9.76620071924e-07,
        "dvar2": 1.95735879061e-06,
        "max": 0.0124916695058,
        "mean": 0.00640421826392,
        "median": 0.00592107977718,
        "min": 3.21718281356e-12,
        "var": 8.31224588183e-06
    },
    "spectral_rolloff": {
        "dmean": 421.403991699,
        "dmean2": 681.037109375,
        "dvar": 905030.625,
        "dvar2": 1869086.125,
        "max": 19013.8183594,
        "mean": 1179.76342773,
        "median": 775.1953125,
        "min": 43.06640625,
        "var": 2205702.25
    },
    "spectral_skewness": {
        "dmean": 0.237199738622,
        "dmean2": 0.378045380116,
        "dvar": 0.0825404748321,
        "dvar2": 0.194627553225,
        "max": 12.7937335968,
        "mean": 1.32700002193,
        "median": 1.29100751877,
        "min": -0.181987941265,
        "var": 0.268670678139
    },
    "spectral_spread": {
        "dmean": 659514.625,
        "dmean2": 915731.5,
        "dvar": 873765208064,
        "dvar2": 1.36000897024e+12,
        "max": 39534700,
        "mean": 4868915.5,
        "median": 4359178,
        "min": 562103.4375,
        "var": 4.08753405952e+12
    },
    "spectral_strongpeak": {
        "dmean": 0.451876729727,
        "dmean2": 0.751992821693,
        "dvar": 0.649262070656,
        "dvar2": 1.63763082027,
        "max": 11.4022254944,
        "mean": 0.916207551956,
        "median": 0.498344689608,
        "min": 0,
        "var": 1.28667199612
    },
    "zerocrossingrate": {
        "dmean": 0.00990687310696,
        "dmean2": 0.0116570759565,
        "dvar": 0.000233693819609,
        "dvar2": 0.000264368893113,
        "max": 0.490234375,
        "mean": 0.0499518327415,
        "median": 0.04541015625,
        "min": 0.00146484375,
        "var": 0.00155139318667
    },
    "barkbands": {
        "dmean": [0.00183592911344, 0.00418837694451, 0.00108777824789, 0.000623395317234, 0.00242243218236, 0.00167848577257, 0.000686202722136, 0.000828624411952, 0.00175288692117, 0.000828934891615, 0.000605401932262, 0.000447398808319, 0.000363151804777, 0.000270681630354, 0.0002457301307, 0.000194685897441, 0.000147488579387, 0.000172392741661, 0.000141112308484, 0.000185052223969, 0.000185334123671, 0.000148601524415, 0.000145537240314, 0.000120802535093, 9.66942679952e-05, 3.98429147026e-05, 1.93498794943e-06],
        "dmean2": [0.00252985488623, 0.00632186792791, 0.00193160132039, 0.00107479584403, 0.00397685263306, 0.00278797186911, 0.0011681484757, 0.0013784650946, 0.00289973802865, 0.00135708833113, 0.000963111349847, 0.00070960924495, 0.000574208039325, 0.000436504982645, 0.000399420445319, 0.000310833624098, 0.000231597907259, 0.000271735916613, 0.000222432499868, 0.000286580732791, 0.000284019828541, 0.000234946870478, 0.000225441355724, 0.00018211126735, 0.000145244979649, 5.96760328335e-05, 3.11917574436e-06],
        "dvar": [1.20226613944e-05, 7.35190624255e-05, 1.65102028404e-05, 2.94155870506e-06, 5.27223892277e-05, 1.754263576e-05, 3.31996147906e-06, 3.97166240873e-06, 1.09733173304e-05, 4.08126970797e-06, 2.08724304684e-06, 1.44973353144e-06, 9.49383490934e-07, 3.86855560919e-07, 3.77277899588e-07, 2.50589351936e-07, 1.13243658006e-07, 1.30362465711e-07, 7.73630262074e-08, 1.23308424804e-07, 1.33797584567e-07, 1.06692759516e-07, 1.38376591963e-07, 6.87211425543e-08, 5.42319824604e-08, 1.31025617023e-08, 6.8726288549e-11],
        "dvar2": [2.16186817852e-05, 0.000152166074258, 4.78350302728e-05, 8.2871356426e-06, 0.000122093755635, 4.61389754491e-05, 8.65168294695e-06, 1.02215717561e-05, 2.95629324683e-05, 1.02655430965e-05, 4.74505850434e-06, 3.35551567332e-06, 2.02860883292e-06, 8.91026388672e-07, 8.99455244507e-07, 5.61632134577e-07, 2.35601476106e-07, 2.97912635006e-07, 1.83663956932e-07, 2.96817916023e-07, 3.11408939524e-07, 2.64162196117e-07, 3.46972569787e-07, 1.56377154781e-07, 1.13509628363e-07, 2.57839918305e-08, 1.62129865089e-10],
        "max": [0.0553931482136, 0.134088218212, 0.0506284423172, 0.0209492072463, 0.105430915952, 0.0678989067674, 0.0414745658636, 0.0404735840857, 0.0464879907668, 0.0439548268914, 0.0294919963926, 0.0414282903075, 0.0341317951679, 0.0113525316119, 0.020195318386, 0.0124919135123, 0.0105422567576, 0.00996027048677, 0.0082656852901, 0.00775551609695, 0.00781229929999, 0.00539841596037, 0.00784546881914, 0.00414673797786, 0.0049323705025, 0.00390840880573, 0.000177540598088],
        "mean": [0.00832276977599, 0.0237062443048, 0.00147514301352, 0.000869195384439, 0.00267337169498, 0.0021848694887, 0.000818228640128, 0.000965256243944, 0.00282088667154, 0.00131023325957, 0.000938268727623, 0.000725633930415, 0.000566529924981, 0.000408807944041, 0.000377758871764, 0.000318329955917, 0.00026565376902, 0.000298510043649, 0.00023565813899, 0.00029190236819, 0.000292407668894, 0.000183762633242, 0.000183047333849, 0.00015610634, 0.000125051956275, 4.40008807345e-05, 1.64543723713e-06],
        "median": [0.00051272183191, 0.00601188512519, 0.000505840172991, 0.000149039158714, 0.000591951829847, 0.000541457906365, 0.000160570009029, 0.000280473643215, 0.000866309041157, 0.000245841423748, 0.000276072445558, 0.00022543175146, 0.000166664671269, 0.000140272051794, 0.000142545512062, 0.000108794178232, 0.000106872852484, 0.000132577319164, 0.000100734338048, 0.000120752672956, 0.000104991813714, 5.62238274142e-05, 5.3128831496e-05, 3.34846154146e-05, 1.86997804121e-05, 2.04701814255e-06, 2.00345562362e-09],
        "min": [1.18499640179e-23, 5.4955673107e-23, 1.66419342966e-23, 2.47860254193e-23, 4.12365867934e-23, 1.67144069479e-23, 5.97378488886e-23, 3.8004497447e-23, 6.67670854925e-23, 6.47019991039e-23, 5.66045249275e-23, 4.23369909582e-23, 6.22867973129e-23, 1.09331224215e-22, 1.07180776766e-22, 1.67898075354e-22, 2.0761613646e-22, 2.22164385004e-22, 3.19131975268e-22, 5.37331255061e-22, 3.20299135998e-22, 4.85950636468e-22, 6.30353632031e-22, 9.20519745575e-22, 1.09664903543e-21, 1.4820176598e-21, 2.58961714483e-21],
        "var": [0.000156372640049, 0.000916776887607, 1.20614922707e-05, 3.40346355188e-06, 5.53937425138e-05, 2.08225246752e-05, 5.07009463036e-06, 4.74101079817e-06, 2.29088291235e-05, 9.63972161117e-06, 4.42468990514e-06, 3.10381778945e-06, 2.2383378564e-06, 7.08319817022e-07, 6.98974361057e-07, 4.99568102441e-07, 3.38832194302e-07, 2.95766938052e-07, 1.63502278383e-07, 2.21658993382e-07, 2.55275352856e-07, 1.27113594317e-07, 1.56195355316e-07, 1.12452347878e-07, 9.60138351047e-08, 2.17575646388e-08, 7.30842331098e-11]
    },
    "erbbands": {
        "dmean": [0.244054347277, 0.826844751835, 1.31931245327, 1.63756513596, 2.76284193993, 9.84843063354, 15.5052728653, 13.0752515793, 9.90211963654, 10.2615032196, 26.0994033813, 37.2478065491, 29.1537685394, 26.5435428619, 17.3853168488, 15.8500394821, 14.8546562195, 14.0306768417, 10.9644613266, 11.0680923462, 10.6919651031, 7.89801836014, 8.66679668427, 7.80371284485, 6.98367977142, 8.47727394104, 8.1526632309, 6.59096431732, 5.01248979568, 5.59765768051, 3.83255815506, 2.75823068619, 1.87764275074, 1.27729856968, 0.584205389023, 0.217838719487, 0.0677950754762, 0.0085137533024, 0.000301249703625, 2.12867780647e-05],
        "dmean2": [0.348919987679, 1.21538829803, 2.2490298748, 2.83823537827, 4.67254495621, 16.2120189667, 24.9892425537, 21.7945537567, 16.6167678833, 17.6981811523, 41.9042472839, 61.536605835, 48.5877761841, 42.0082969666, 27.6453514099, 24.9800052643, 23.2469081879, 22.3877830505, 17.6338996887, 17.8551807404, 16.6203346252, 12.2766752243, 13.5585355759, 12.1104297638, 10.9349727631, 13.3309669495, 12.5081720352, 10.2288198471, 7.90295791626, 8.82055473328, 5.89969587326, 4.22698450089, 2.80514574051, 1.92756962776, 0.873631060123, 0.33051109314, 0.100638382137, 0.0129801202565, 0.00045611927635, 3.20817998727e-05],
        "dvar": [0.233016580343, 5.1484413147, 23.7381134033, 24.7165737152, 51.9135742188, 1018.86395264, 1587.21960449, 1145.37634277, 715.112731934, 901.127075195, 3072.20092773, 5458.11669922, 5108.875, 3485.04125977, 1687.83068848, 1632.26928711, 1520.50036621, 975.843444824, 745.742736816, 836.764221191, 719.190673828, 286.831329346, 323.404571533, 255.425765991, 164.08241272, 282.843170166, 291.298980713, 175.878677368, 116.477088928, 221.695373535, 79.1394958496, 38.566860199, 16.5292549133, 8.81473350525, 2.36391115189, 0.391696602106, 0.0381411835551, 0.000769125705119, 1.38233156122e-06, 2.1397066341e-09],
        "dvar2": [0.459589451551, 10.9586257935, 65.4066238403, 70.0571060181, 143.181365967, 2428.50244141, 3653.30639648, 3031.66259766, 1817.05822754, 2397.47021484, 7440.37695312, 14848.8701172, 13383.3710938, 8392.80761719, 3841.81152344, 3924.64868164, 3299.47900391, 2168.58886719, 1712.75231934, 1964.14672852, 1538.00390625, 632.588806152, 749.521362305, 540.800598145, 401.44052124, 696.577270508, 687.443054199, 417.300231934, 287.170043945, 564.662658691, 192.682723999, 90.5552368164, 37.3068351746, 19.1458244324, 4.74174880981, 0.779318273067, 0.0737127810717, 0.0016372698592, 2.7962294098e-06, 4.42097691788e-09],
        "max": [7.72868871689, 31.3216190338, 60.8955421448, 63.1607666016, 87.1161804199, 462.431427002, 574.903747559, 461.83682251, 735.12890625, 772.299682617, 1187.33728027, 1191.95959473, 1626.55456543, 1847.0020752, 1236.07641602, 1003.21130371, 1393.13745117, 684.708862305, 876.551269531, 1148.88842773, 802.633117676, 448.127502441, 566.251525879, 594.821533203, 243.702987671, 391.364562988, 482.232727051, 264.838317871, 170.560821533, 349.553710938, 128.32093811, 89.3330841064, 58.0841560364, 57.7787322998, 38.7037620544, 22.6914310455, 6.23296451569, 0.622848331928, 0.042070876807, 0.00132260331884],
        "mean": [1.44688808918, 2.26734232903, 2.00513148308, 2.46361994743, 3.50129055977, 10.0590009689, 19.6715278625, 16.0393714905, 12.4708900452, 11.8378210068, 37.6837730408, 57.6450233459, 46.249458313, 45.2238883972, 29.8376808167, 27.5759506226, 25.7990608215, 22.7167835236, 18.5203037262, 18.4434185028, 18.9525871277, 15.4690475464, 15.9857053757, 14.6375141144, 11.7122192383, 13.5159683228, 13.2939014435, 9.67895507812, 6.44959592819, 6.59104585648, 4.93751716614, 3.51957249641, 2.45166683197, 1.62485706806, 0.748563826084, 0.255574166775, 0.0719849094748, 0.00837781187147, 0.000314919365337, 6.96474962751e-05],
        "median": [0.167230218649, 1.13391959667, 0.750464618206, 0.6546189785, 1.1189904213, 1.89024198055, 4.49334096909, 3.73926448822, 2.54555249214, 3.85112524033, 11.8172454834, 17.3737411499, 11.4604759216, 14.1926612854, 10.5281534195, 9.86269760132, 8.91614341736, 8.38137817383, 7.42386627197, 7.63832902908, 7.00404405594, 6.77728700638, 7.36870145798, 6.46622514725, 5.60721063614, 5.55598735809, 4.71701478958, 3.50663924217, 2.08395123482, 1.85450816154, 1.4591588974, 0.805543839931, 0.510194659233, 0.265357494354, 0.0989883244038, 0.0198185723275, 0.00184642791282, 9.20816382859e-05, 3.57504068234e-05, 4.71823186672e-05],
        "min": [1.35341783271e-21, 1.37041774736e-20, 1.88403470765e-20, 7.350279748e-20, 8.93094370417e-20, 1.58704526686e-19, 8.06210743919e-20, 2.04429688005e-19, 7.74734880175e-19, 9.25924987984e-19, 6.68662770192e-19, 1.0217006122e-18, 3.00802368599e-18, 1.46813877759e-18, 2.27013453222e-18, 1.84179993832e-18, 2.1429786741e-18, 5.89864604122e-18, 3.760630244e-18, 9.95378525693e-18, 7.30176149502e-18, 1.57522617939e-17, 1.13259000493e-17, 1.32795964314e-17, 1.72255796527e-17, 2.09505956354e-17, 1.81280783688e-17, 1.36578280752e-17, 1.56948852379e-17, 2.00789044341e-17, 1.58537816705e-17, 1.66842031767e-17, 1.56293642616e-17, 1.31051126074e-17, 8.18323245272e-18, 5.49080215866e-18, 2.95345085866e-18, 1.27686432447e-18, 3.66409371703e-19, 3.58482629139e-20],
        "var": [4.07610082626, 11.1608839035, 19.4070167542, 25.5596046448, 45.1279830933, 1005.50415039, 2022.22180176, 1255.42089844, 1224.02282715, 896.641052246, 5346.96435547, 10441.6855469, 10540.359375, 8207.72558594, 4302.19628906, 3425.85693359, 3935.11352539, 1899.38586426, 1383.38720703, 1541.83349609, 1631.38183594, 903.718139648, 808.42590332, 794.436523438, 306.576324463, 491.68862915, 567.755187988, 273.020355225, 148.514312744, 218.8256073, 101.866470337, 59.0733032227, 27.1024532318, 14.5265169144, 4.39674568176, 0.67122644186, 0.0615590624511, 0.00101930089295, 1.86930867585e-06, 4.85118478721e-09]
    },
    "gfcc": {
        "mean": [-16.0981178284, 86.8712310791, -132.166290283, 35.7317466736, -70.8359832764, 20.0794525146, -27.1170864105, 11.8317041397, -15.8145503998, -0.568565368652, -7.26207685471, -3.1177110672, 2.15300703049],
        "cov": [[5298.9296875, -1094.48754883, 788.80847168, 449.366210938, -93.5030822754, 432.703491211, -506.885101318, 366.747924805, -422.780059814, 390.919769287, -213.632003784, 258.464416504, -166.760635376], [-1094.48754883, 2339.30224609, 96.1848068237, 413.463226318, 582.314331055, -94.0732650757, 466.596618652, -245.784576416, 363.06729126, -282.113372803, 368.458343506, -233.461456299, 240.024169922], [788.80847168, 96.1848068237, 2838.52050781, 1178.07141113, 682.150512695, 639.835632324, 214.283554077, 322.432922363, 152.809341431, 379.738220215, 85.9005813599, 278.034393311, 9.33568000793], [449.366210938, 413.463226318, 1178.07141113, 1010.93133545, 490.257598877, 285.94934082, 143.40687561, 87.1158981323, 139.624572754, 105.195556641, 170.927261353, 60.585975647, 110.289299011], [-93.5030822754, 582.314331055, 682.150512695, 490.257598877, 654.528564453, 245.364196777, 324.209411621, 106.2212677, 193.607498169, 93.7574996948, 139.268096924, 39.4295921326, 68.1184387207], [432.703491211, -94.0732650757, 639.835632324, 285.94934082, 245.364196777, 484.2784729, 184.693283081, 213.262313843, 80.7964019775, 162.032775879, 62.6732406616, 62.3341941833, 13.2570199966], [-506.885101318, 466.596618652, 214.283554077, 143.40687561, 324.209411621, 184.693283081, 543.267700195, 107.459091187, 250.246444702, 14.5102539062, 150.942153931, -34.1066932678, 69.0623474121], [366.747924805, -245.784576416, 322.432922363, 87.1158981323, 106.2212677, 213.262313843, 107.459091187, 315.466583252, 96.4219894409, 128.272979736, -3.47816991806, 55.1347961426, -0.624775290489], [-422.780059814, 363.06729126, 152.809341431, 139.624572754, 193.607498169, 80.7964019775, 250.246444702, 96.4219894409, 314.609954834, 4.3149971962, 111.941085815, -25.480463028, 72.3589859009], [390.919769287, -282.113372803, 379.738220215, 105.195556641, 93.7574996948, 162.032775879, 14.5102539062, 128.272979736, 4.3149971962, 218.792480469, -1.17799115181, 94.9299468994, -28.9496173859], [-213.632003784, 368.458343506, 85.9005813599, 170.927261353, 139.268096924, 62.6732406616, 150.942153931, -3.47816991806, 111.941085815, -1.17799115181, 203.62789917, -16.5434513092, 89.8423995972], [258.464416504, -233.461456299, 278.034393311, 60.585975647, 39.4295921326, 62.3341941833, -34.1066932678, 55.1347961426, -25.480463028, 94.9299468994, -16.5434513092, 141.240875244, -17.2216510773], [-166.760635376, 240.024169922, 9.33568000793, 110.289299011, 68.1184387207, 13.2570199966, 69.0623474121, -0.624775290489, 72.3589859009, -28.9496173859, 89.8423995972, -17.2216510773, 125.880996704]],
        "icov": [[0.000343453051755, -0.000162894444657, 0.000159879025887, -0.000380819459679, 0.000241609188379, -0.000257921608863, 0.000204607888008, -0.000485879252665, 0.000465758144855, -0.000369278684957, 0.000244844180997, -0.000367226719391, 0.000291496311547], [-0.000162894444657, 0.00159552879632, -0.000435912021203, 0.000574810313992, -0.00145739060827, 0.00058422179427, -0.000107743151602, 0.00116337498184, -0.000777094683144, 0.00144842325244, -0.0014804523671, 0.00182488339487, -0.000851294316817], [0.000159879025887, -0.000435912021203, 0.00126996217296, -0.00139150186442, 0.000378056662157, -0.000722363009118, -4.1965762648e-05, -0.000445209618192, 0.000182582807611, -0.000904640706722, 0.000969777931459, -0.00168412062339, 0.000824712100439], [-0.000380819459679, 0.000574810313992, -0.00139150186442, 0.00360717461444, -0.00191788189113, 0.000202782364795, 0.000769401143771, 0.000968878681306, -0.000670927460305, 0.00115282228217, -0.00185276917182, 0.00175448250957, -0.00184538541362], [0.000241609188379, -0.00145739060827, 0.000378056662157, -0.00191788189113, 0.00495028495789, -0.000806409225333, -0.00146221066825, -0.000830807024613, 0.000358798075467, -0.00190387596376, 0.00145864195656, -0.00219395919703, 0.00097021489637], [-0.000257921608863, 0.00058422179427, -0.000722363009118, 0.000202782364795, -0.000806409225333, 0.00477661564946, -0.0010852337582, -0.00126831664238, 0.000432077824371, -0.00071017985465, -0.0013013498392, 0.00148448208347, -0.000337127828971], [0.000204607888008, -0.000107743151602, -4.1965762648e-05, 0.000769401143771, -0.00146221066825, -0.0010852337582, 0.00440622819588, -0.000597652047873, -0.00161638646387, 0.000482347793877, -0.00140195630956, 0.000655848882161, 0.000421056203777], [-0.000485879252665, 0.00116337498184, -0.000445209618192, 0.000968878681306, -0.000830807024613, -0.00126831664238, -0.000597652047873, 0.00720015028492, -0.00287488056347, -0.000798331922852, 0.000639312667772, 0.00100975623354, -0.00158021342941], [0.000465758144855, -0.000777094683144, 0.000182582807611, -0.000670927460305, 0.000358798075467, 0.000432077824371, -0.00161638646387, -0.00287488056347, 0.00704329879954, -0.000643447448965, -0.000489033991471, -0.000190757185919, -0.000567782321014], [-0.000369278684957, 0.00144842325244, -0.000904640706722, 0.00115282228217, -0.00190387596376, -0.00071017985465, 0.000482347793877, -0.000798331922852, -0.000643447448965, 0.0109116956592, -0.00271294219419, -0.00199399562553, 0.0011852682801], [0.000244844180997, -0.0014804523671, 0.000969777931459, -0.00185276917182, 0.00145864195656, -0.0013013498392, -0.00140195630956, 0.000639312667772, -0.000489033991471, -0.00271294219419, 0.0112182833254, -0.0018424554728, -0.00378281902522], [-0.000367226719391, 0.00182488339487, -0.00168412062339, 0.00175448250957, -0.00219395919703, 0.00148448208347, 0.000655848882161, 0.00100975623354, -0.000190757185919, -0.00199399562553, -0.0018424554728, 0.0139192715287, -0.00183194142301], [0.000291496311547, -0.000851294316817, 0.000824712100439, -0.00184538541362, 0.00097021489637, -0.000337127828971, 0.000421056203777, -0.00158021342941, -0.000567782321014, 0.0011852682801, -0.00378281902522, -0.00183194142301, 0.0138288335875]]
    },
    "melbands": {
        "dmean": [0.00155326409731, 0.000763619958889, 0.000299918348901, 0.00039897300303, 0.000559716776479, 0.000295737379929, 0.000146938167745, 0.000116149065434, 0.000250049226452, 0.000233574668528, 0.000147565471707, 0.000111463938083, 7.02124671079e-05, 4.92573599331e-05, 4.2210220272e-05, 3.38504360116e-05, 2.71690787486e-05, 1.90061618923e-05, 2.00859340111e-05, 1.31638616949e-05, 1.34327065098e-05, 9.21258833841e-06, 7.69050257077e-06, 8.96062465472e-06, 6.7662276706e-06, 5.2735731515e-06, 6.07873880654e-06, 5.91688876739e-06, 5.65761502003e-06, 4.46744616056e-06, 3.87048203265e-06, 2.90298157779e-06, 3.02526245832e-06, 3.22188247992e-06, 2.33203672906e-06, 1.99422993319e-06, 1.55305087901e-06, 1.43996555835e-06, 1.16700937269e-06, 1.06780498754e-06],
        "dmean2": [0.00228252168745, 0.00117720931303, 0.00051428534789, 0.00066357787, 0.000903507869225, 0.000492957246024, 0.000248285359703, 0.000201506656595, 0.000400145159801, 0.00038816939923, 0.000246548908763, 0.00017659641162, 0.000111122870294, 7.86745076766e-05, 6.66482301312e-05, 5.3200761613e-05, 4.36817754235e-05, 3.07162845274e-05, 3.24177490256e-05, 2.12887334783e-05, 2.09489699046e-05, 1.44615260069e-05, 1.22204501167e-05, 1.40887414091e-05, 1.05767421701e-05, 8.44738224259e-06, 9.58535292739e-06, 9.41107737162e-06, 8.85216104507e-06, 6.98388657838e-06, 6.15886256128e-06, 4.66240044261e-06, 4.78288802697e-06, 5.15506826559e-06, 3.65455957763e-06, 3.13958389597e-06, 2.36812547882e-06, 2.19413709601e-06, 1.77018193881e-06, 1.62228479894e-06],
        "dvar": [8.57650229591e-06, 5.99178611083e-06, 7.8038982565e-07, 1.36020662467e-06, 2.39780115407e-06, 5.65407731301e-07, 1.51113269453e-07, 1.10768247907e-07, 2.65811308964e-07, 2.17846817918e-07, 1.32580481704e-07, 6.19328730522e-08, 2.78495964068e-08, 2.03598720105e-08, 1.23667502905e-08, 8.38235436618e-09, 4.00047284188e-09, 2.59706234296e-09, 2.78917156038e-09, 1.41718137225e-09, 1.20574272788e-09, 4.78414530214e-10, 2.80845624534e-10, 3.59623580914e-10, 2.21520427002e-10, 1.1757310403e-10, 1.34686040099e-10, 1.52459780911e-10, 1.67767577608e-10, 8.72625305348e-11, 6.39376537825e-11, 3.88678637886e-11, 5.60052525189e-11, 8.33522834087e-11, 3.10860330532e-11, 2.12725757148e-11, 1.200463947e-11, 1.0225770751e-11, 7.09164281118e-12, 6.333776819e-12],
        "dvar2": [1.76894609467e-05, 1.42870840136e-05, 2.18957848119e-06, 3.44937870977e-06, 5.35486469744e-06, 1.50291486989e-06, 3.90147960161e-07, 2.93575794785e-07, 6.28547525139e-07, 6.03692114964e-07, 3.47775937826e-07, 1.49626728785e-07, 6.3123586358e-08, 4.85732023492e-08, 2.99073867893e-08, 1.71342033894e-08, 9.05994124167e-09, 5.97138205549e-09, 6.64408794648e-09, 3.42262307385e-09, 2.58587662394e-09, 1.04679542812e-09, 6.67031985202e-10, 8.15536804755e-10, 4.69008554216e-10, 2.88546408989e-10, 3.14100856436e-10, 3.80425552171e-10, 4.0558181813e-10, 2.02317593234e-10, 1.56687746111e-10, 9.69069685608e-11, 1.42690817495e-10, 2.15587478425e-10, 7.62341439975e-11, 5.2448167337e-11, 2.72127077816e-11, 2.40702527354e-11, 1.57052513355e-11, 1.40036758231e-11],
        "max": [0.0494380295277, 0.0326112881303, 0.0113330073655, 0.0164881441742, 0.0204187277704, 0.0108089670539, 0.00955333188176, 0.00801921915263, 0.0122115546837, 0.00693075684831, 0.00816519465297, 0.00764775648713, 0.00406896229833, 0.00525216478854, 0.00396907282993, 0.00320170191117, 0.00134635204449, 0.00145712099038, 0.00187970499974, 0.000897922669537, 0.00102211534977, 0.000608896196354, 0.000622797117103, 0.000614335003775, 0.000535836094059, 0.000312795047648, 0.000326825829688, 0.000259521155385, 0.000453651708085, 0.000214895713725, 0.000164458804647, 0.00010049467528, 0.000176145549631, 0.000225641211728, 8.94161130418e-05, 6.61392259644e-05, 7.35063949833e-05, 4.34572320955e-05, 5.0291637308e-05, 4.90045749757e-05],
        "mean": [0.00952104944736, 0.00158735911828, 0.000455252098618, 0.000427342456533, 0.000687769730575, 0.000372329493985, 0.000184275151696, 0.000129213440232, 0.000376856216462, 0.000358096469427, 0.000227278462262, 0.000184146483662, 0.000112726862426, 7.89603363955e-05, 6.92799803801e-05, 5.30686666025e-05, 4.03519698011e-05, 2.85985152004e-05, 3.06683614326e-05, 2.06508539122e-05, 2.19250905502e-05, 1.64388402482e-05, 1.29644477056e-05, 1.48584249473e-05, 1.16499286378e-05, 8.34926868265e-06, 9.09666232474e-06, 8.85577446752e-06, 8.67925609782e-06, 6.91140076015e-06, 5.127275017e-06, 3.52220354216e-06, 3.62339187632e-06, 3.65138726011e-06, 2.90852744911e-06, 2.49168670052e-06, 1.97517033484e-06, 1.78695518116e-06, 1.52135237386e-06, 1.3113830164e-06],
        "median": [0.00166435935535, 0.000917441910133, 0.000135850277729, 0.000104651058791, 0.000156727532158, 8.93890974112e-05, 3.59304685844e-05, 3.56651762559e-05, 0.000103896112705, 0.000106888212031, 4.4035474275e-05, 5.38023086847e-05, 3.6484321754e-05, 2.1288788048e-05, 2.12736958929e-05, 1.54397348524e-05, 1.40157071655e-05, 9.44414568949e-06, 1.12735024231e-05, 7.45059423934e-06, 7.28931490812e-06, 6.40983489575e-06, 5.98566884946e-06, 5.95640449319e-06, 4.7103039833e-06, 3.6937706227e-06, 3.78193590223e-06, 3.31350497618e-06, 2.90790580948e-06, 2.3453974336e-06, 1.75797799784e-06, 1.06558275093e-06, 1.00873057818e-06, 9.84565190265e-07, 8.79172375789e-07, 6.06030141626e-07, 4.19742519853e-07, 3.59923006954e-07, 2.8376328487e-07, 1.92889970663e-07],
        "min": [1.66451654708e-23, 1.28815653123e-23, 1.16002485207e-23, 9.29523955408e-24, 3.98074989993e-24, 4.61356938493e-24, 1.16201467481e-23, 9.70446588183e-24, 4.36076076405e-24, 8.88449782454e-24, 1.51318667751e-23, 5.55067342589e-24, 7.3192802483e-24, 5.64999771917e-24, 3.31986944923e-24, 8.00495893598e-24, 1.12459521555e-23, 5.44376778488e-24, 9.56849939393e-24, 1.47326731803e-23, 6.54710217351e-24, 1.58513489414e-23, 1.24966903318e-23, 8.82582156155e-24, 1.07698738103e-23, 1.11701134346e-23, 1.39966959325e-23, 1.54944193585e-23, 1.52398381672e-23, 5.87402001676e-24, 8.69655250273e-24, 8.0643530624e-24, 1.09948214417e-23, 1.18891041406e-23, 9.26700464456e-24, 9.327181321e-24, 1.07613904001e-23, 1.06074268395e-23, 1.21333125999e-23, 1.02033257411e-23],
        "var": [0.000160443320055, 7.5779648796e-06, 7.73411045429e-07, 1.22955236748e-06, 2.91051742352e-06, 6.3086343971e-07, 2.43006553546e-07, 1.13148431069e-07, 5.45702675936e-07, 4.0734747131e-07, 2.72213441121e-07, 1.43002054642e-07, 6.07740062719e-08, 4.45219434653e-08, 3.26183453581e-08, 1.98066754109e-08, 7.03781166678e-09, 4.56230209167e-09, 5.50788170628e-09, 2.28514718259e-09, 2.63433608261e-09, 1.38759093105e-09, 6.05607008985e-10, 8.2784928912e-10, 6.24357343604e-10, 1.95324770247e-10, 2.43272374467e-10, 2.39747360853e-10, 2.78806894238e-10, 1.63270147402e-10, 8.34974867026e-11, 4.60758653453e-11, 6.16682815924e-11, 7.63131363657e-11, 3.67431640669e-11, 2.99132663084e-11, 2.02423442591e-11, 1.4699666831e-11, 1.21871844214e-11, 1.00216128798e-11]
    },
    "mfcc": {
        "mean": [-648.392150879, 106.207328796, -1.41350150108, 15.3203210831, -8.44120693207, 4.47084236145, 2.76665258408, 7.68208694458, 3.33576583862, 5.88093423843, -1.07825434208, 1.40088176727, -2.00247645378],
        "cov": [[4571.73535156, -854.334350586, -11.0852680206, -56.8035202026, 82.8808670044, -112.536361694, -36.2732696533, -166.197418213, -122.384895325, -85.0877227783, -144.055786133, -27.909324646, 21.5713806152], [-854.334350586, 1534.28564453, -9.25123977661, 323.186218262, 189.968551636, 195.995010376, 164.774993896, 148.999404907, 44.9531097412, 118.216773987, 22.4624557495, 67.0777816772, 31.5983295441], [-11.0852680206, -9.25123977661, 1928.78356934, 777.448791504, 693.051574707, 512.851989746, 304.078277588, 207.678756714, 179.961074829, 153.132003784, 171.103927612, 142.294143677, 193.981384277], [-56.8035202026, 323.186218262, 777.448791504, 841.004333496, 497.82321167, 326.197540283, 222.067321777, 128.795440674, 96.1254959106, 94.9295730591, 41.1983680725, 123.793479919, 116.701660156], [82.8808670044, 189.968551636, 693.051574707, 497.82321167, 569.587768555, 288.447021484, 186.120056152, 126.347045898, 115.514793396, 100.408699036, 71.0885696411, 104.673904419, 120.362495422], [-112.536361694, 195.995010376, 512.851989746, 326.197540283, 288.447021484, 413.29586792, 238.064361572, 142.081085205, 112.27507019, 107.85634613, 116.595710754, 92.9358825684, 81.8379058838], [-36.2732696533, 164.774993896, 304.078277588, 222.067321777, 186.120056152, 238.064361572, 336.554931641, 145.964889526, 113.825767517, 121.4895401, 97.4302978516, 96.4022903442, 64.6932601929], [-166.197418213, 148.999404907, 207.678756714, 128.795440674, 126.347045898, 142.081085205, 145.964889526, 239.826400757, 150.37310791, 128.713729858, 103.340499878, 70.6031188965, 64.1819534302], [-122.384895325, 44.9531097412, 179.961074829, 96.1254959106, 115.514793396, 112.27507019, 113.825767517, 150.37310791, 223.03868103, 131.274291992, 110.278785706, 70.8104476929, 45.4866294861], [-85.0877227783, 118.216773987, 153.132003784, 94.9295730591, 100.408699036, 107.85634613, 121.4895401, 128.713729858, 131.274291992, 189.036087036, 105.823173523, 76.6219787598, 53.7406082153], [-144.055786133, 22.4624557495, 171.103927612, 41.1983680725, 71.0885696411, 116.595710754, 97.4302978516, 103.340499878, 110.278785706, 105.823173523, 163.006912231, 72.7685546875, 45.0062446594], [-27.909324646, 67.0777816772, 142.294143677, 123.793479919, 104.673904419, 92.9358825684, 96.4022903442, 70.6031188965, 70.8104476929, 76.6219787598, 72.7685546875, 130.247711182, 59.097984314], [21.5713806152, 31.5983295441, 193.981384277, 116.701660156, 120.362495422, 81.8379058838, 64.6932601929, 64.1819534302, 45.4866294861, 53.7406082153, 45.0062446594, 59.097984314, 105.917434692]],
