{
"lowlevel": {
    "average_loudness": 0.560349941254,
    "barkbands_crest": {
        "dmean": 2.17159676552,
        "dmean2": 3.5254099369,
        "dvar": 4.17516803741,
        "dvar2": 10.946062088,
        "max": 26.4896030426,
        "mean": 10.6953620911,
        "median": 9.85627174377,
        "min": 3.040371418,
        "var": 16.5533313751
    },
    "barkbands_flatness_db": {
        "dmean": 0.0207089781761,
        "dmean2": 0.0314059965312,
        "dvar": 0.000388723623473,
        "dvar2": 0.000814165687189,
        "max": 0.583959639072,
        "mean": 0.23064596951,
        "median": 0.220439106226,
        "min": 0.0581914782524,
        "var": 0.00624663196504
    },
    "barkbands_kurtosis": {
        "dmean": 2.72464704514,
        "dmean2": 4.26115274429,
        "dvar": 43.4955596924,
        "dvar2": 95.5896530151,
        "max": 354.267150879,
        "mean": 6.00979280472,
        "median": 3.57853651047,
        "min": -1.90572142601,
        "var": 116.687934875
    },
    "barkbands_skewness": {
        "dmean": 0.418868988752,
        "dmean2": 0.656613945961,
        "dvar": 0.216801047325,
        "dvar2": 0.485231846571,
        "max": 14.9433279037,
        "mean": 1.55925095081,
        "median": 1.43250727654,
        "min": -2.40167689323,
        "var": 1.21973907948
    },
    "barkbands_spread": {
        "dmean": 2.34204554558,
        "dmean2": 3.58100748062,
        "dvar": 19.8298549652,
        "dvar2": 38.0956687927,
        "max": 95.4512557983,
        "mean": 10.2780742645,
        "median": 7.97453641891,
        "min": 0.30376085639,
        "var": 88.5161972046
    },
    "dissonance": {
        "dmean": 0.0280366577208,
        "dmean2": 0.0475742816925,
        "dvar": 0.000704996520653,
        "dvar2": 0.00194604659919,
        "max": 0.500000119209,
        "mean": 0.436101704836,
        "median": 0.445128619671,
        "min": 0.169423475862,
        "var": 0.00212317798287
    },
    "dynamic_complexity": 3.9824719429,
    "erbbands_crest": {
        "dmean": 2.65364384651,
        "dmean2": 4.32761669159,
        "dvar": 5.98413848877,
        "dvar2": 15.1937255859,
        "max": 30.930519104,
        "mean": 11.4424676895,
        "median": 10.4874134064,
        "min": 2.78517651558,
        "var": 20.4906311035
    },
    "erbbands_flatness_db": {
        "dmean": 0.018604433164,
        "dmean2": 0.0271555539221,
        "dvar": 0.000346849788912,
        "dvar2": 0.000668833206873,
        "max": 0.504234492779,
        "mean": 0.253041654825,
        "median": 0.249721184373,
        "min": 0.0711065456271,
        "var": 0.00511793140322
    },
    "erbbands_kurtosis": {
        "dmean": 1.38785099983,
        "dmean2": 2.1977250576,
        "dvar": 4.90635490417,
        "dvar2": 10.3413763046,
        "max": 76.4573135376,
        "mean": 2.34843111038,
        "median": 1.49932098389,
        "min": -1.85472345352,
        "var": 15.4126710892
    },
    "erbbands_skewness": {
        "dmean": 0.350994318724,
        "dmean2": 0.546945750713,
        "dvar": 0.129121869802,
        "dvar2": 0.288887023926,
        "max": 7.50190782547,
        "mean": 1.06115102768,
        "median": 1.02657043934,
        "min": -4.24077749252,
        "var": 0.64366465807
    },
    "erbbands_spread": {
        "dmean": 4.27932024002,
        "dmean2": 6.50397872925,
        "dvar": 39.9360237122,
        "dvar2": 79.048324585,
        "max": 140.301437378,
        "mean": 21.4296150208,
        "median": 17.0483036041,
        "min": 1.55316090584,
        "var": 225.758209229
    },
    "hfc": {
        "dmean": 3.17446446419,
        "dmean2": 5.01349306107,
        "dvar": 26.3620548248,
        "dvar2": 70.8465423584,
        "max": 105.864776611,
        "mean": 14.5237493515,
        "median": 9.55117034912,
        "min": 1.07232974842e-16,
        "var": 240.706390381
    },
    "melbands_crest": {
        "dmean": 2.5643992424,
        "dmean2": 4.21308946609,
        "dvar": 5.77846240997,
        "dvar2": 14.9371528625,
        "max": 38.2950973511,
        "mean": 13.2546720505,
        "median": 12.4426631927,
        "min": 2.40729594231,
        "var": 22.5817966461
    },
    "melbands_flatness_db": {
        "dmean": 0.0227996855974,
        "dmean2": 0.0340017080307,
        "dvar": 0.000537021551281,
        "dvar2": 0.0010568149155,
        "max": 0.751541435719,
        "mean": 0.292062520981,
        "median": 0.266740351915,
        "min": 0.00643040984869,
        "var": 0.0109154609963
    },
    "melbands_kurtosis": {
        "dmean": 3.92256760597,
        "dmean2": 6.24396324158,
        "dvar": 61.8971290588,
        "dvar2": 150.885299683,
        "max": 273.581176758,
        "mean": 9.34222316742,
        "median": 6.02404880524,
        "min": -1.87320399284,
        "var": 185.287445068
    },
    "melbands_skewness": {
        "dmean": 0.472062855959,
        "dmean2": 0.742356657982,
        "dvar": 0.256466567516,
        "dvar2": 0.621378839016,
        "max": 14.9444313049,
        "mean": 1.89457285404,
        "median": 1.74795019627,
        "min": -1.14794659615,
        "var": 1.50981247425
    },
    "melbands_spread": {
        "dmean": 2.87859725952,
        "dmean2": 4.38373613358,
        "dvar": 37.5331954956,
        "dvar2": 68.8874664307,
        "max": 211.788391113,
        "mean": 12.5105733871,
        "median": 10.1401834488,
        "min": 0.521099746227,
        "var": 152.710327148
    },
    "pitch_salience": {
        "dmean": 0.056292463094,
        "dmean2": 0.0916212126613,
        "dvar": 0.00258726952597,
        "dvar2": 0.00678193196654,
        "max": 0.890347719193,
        "mean": 0.579169869423,
        "median": 0.58568161726,
        "min": 0.0469793789089,
        "var": 0.0133030340075
    },
    "silence_rate_20dB": {
        "dmean": 0,
        "dmean2": 0,
        "dvar": 0,
        "dvar2": 0,
        "max": 1,
        "mean": 1,
        "median": 1,
        "min": 1,
        "var": 0
    },
    "silence_rate_30dB": {
        "dmean": 0.000476985442219,
        "dmean2": 0.000954084680416,
        "dvar": 0.000476768356748,
        "dvar2": 0.00119173689745,
        "max": 1,
        "mean": 0.999403834343,
        "median": 1,
        "min": 0,
        "var": 0.000595920952037
    },
    "silence_rate_60dB": {
        "dmean": 0.0174099691212,
        "dmean2": 0.0348240919411,
        "dvar": 0.0171083305031,
        "dvar2": 0.0374274291098,
        "max": 1,
        "mean": 0.124955289066,
        "median": 0,
        "min": 0,
        "var": 0.109350144863
    },
    "spectral_centroid": {
        "dmean": 108.158721924,
        "dmean2": 166.672073364,
        "dvar": 42130.1992188,
        "dvar2": 77002.1875,
        "max": 10675.5292969,
        "mean": 782.85559082,
        "median": 673.571533203,
        "min": 190.569534302,
        "var": 193968.203125
    },
    "spectral_complexity": {
        "dmean": 1.92201292515,
        "dmean2": 3.18139529228,
        "dvar": 3.52743053436,
        "dvar2": 9.03192710876,
        "max": 44,
        "mean": 14.116727829,
        "median": 13,
        "min": 0,
        "var": 62.5384140015
    },
    "spectral_decrease": {
        "dmean": 1.4584320418e-09,
        "dmean2": 2.379099584e-09,
        "dvar": 3.81684337048e-18,
        "dvar2": 1.019406799e-17,
        "max": -2.08345502711e-30,
        "mean": -5.92748916617e-09,
        "median": -5.06715425175e-09,
        "min": -3.27558851154e-08,
        "var": 2.1108855139e-17
    },
    "spectral_energy": {
        "dmean": 0.0057490458712,
        "dmean2": 0.00937181059271,
        "dvar": 5.96036989009e-05,
        "dvar2": 0.00015979334421,
        "max": 0.12422838062,
        "mean": 0.0236890949309,
        "median": 0.0201114472002,
        "min": 9.94261321987e-21,
        "var": 0.000341401522746
    },
    "spectral_energyband_high": {
        "dmean": 8.62102533574e-05,
        "dmean2": 0.000122653451399,
        "dvar": 8.67858176434e-08,
        "dvar2": 1.62769197232e-07,
        "max": 0.0111178280786,
        "mean": 0.000226805612328,
        "median": 5.25922514498e-05,
        "min": 7.03136882544e-21,
        "var": 3.7737686398e-07
    },
    "spectral_energyband_low": {
        "dmean": 0.00164621579461,
        "dmean2": 0.00278252852149,
        "dvar": 1.65746077982e-05,
        "dvar2": 4.54517066828e-05,
        "max": 0.121137075126,
        "mean": 0.00394679093733,
        "median": 0.00141400843859,
        "min": 5.69045381961e-23,
        "var": 5.42759735254e-05
    },
    "spectral_energyband_middle_high": {
        "dmean": 0.0014610812068,
        "dmean2": 0.00237805373035,
        "dvar": 1.26934273794e-05,
        "dvar2": 3.67643879144e-05,
        "max": 0.0851408317685,
        "mean": 0.00486139999703,
        "median": 0.00170372542925,
        "min": 1.60845542741e-21,
        "var": 7.55104847485e-05
    },
    "spectral_energyband_middle_low": {
        "dmean": 0.00454952614382,
        "dmean2": 0.00729269674048,
        "dvar": 3.72159774997e-05,
        "dvar2": 9.82900237432e-05,
        "max": 0.0760277509689,
        "mean": 0.0154874874279,
        "median": 0.0132824433967,
        "min": 2.12268181746e-22,
        "var": 0.000146880091052
    },
    "spectral_entropy": {
        "dmean": 0.14710226655,
        "dmean2": 0.220186457038,
        "dvar": 0.0269504897296,
        "dvar2": 0.0509289167821,
        "max": 9.7969827652,
        "mean": 6.88425064087,
        "median": 6.97122240067,
        "min": 4.39970445633,
        "var": 0.399667620659
    },
    "spectral_flux": {
        "dmean": 0.0153697943315,
        "dmean2": 0.024824148044,
        "dvar": 0.000315724202665,
        "dvar2": 0.000740420480724,
        "max": 0.245297268033,
        "mean": 0.0625184997916,
        "median": 0.0542535819113,
        "min": 9.97126547997e-11,
        "var": 0.00162513414398
    },
    "spectral_kurtosis": {
        "dmean": 7.49773597717,
        "dmean2": 12.42831707,
        "dvar": 284.872497559,
        "dvar2": 696.544799805,
        "max": 540.752807617,
        "mean": 17.8499393463,
        "median": 7.309882164,
        "min": -1.29371249676,
        "var": 1447.57141113
    },
    "spectral_rms": {
        "dmean": 0.000543790520169,
        "dmean2": 0.000872050877661,
        "dvar": 3.59675681239e-07,
        "dvar2": 9.06709487936e-07,
        "max": 0.0110090151429,
        "mean": 0.00438327854499,
        "median": 0.00442955130711,
        "min": 3.11449997736e-12,
        "var": 3.89813567381e-06
    },
    "spectral_rolloff": {
        "dmean": 177.151931763,
        "dmean2": 302.197723389,
        "dvar": 337240.21875,
        "dvar2": 609123.5,
        "max": 18949.21875,
        "mean": 874.845947266,
        "median": 667.529296875,
        "min": 43.06640625,
        "var": 939913.0625
    },
    "spectral_skewness": {
        "dmean": 0.501878738403,
        "dmean2": 0.835393965244,
        "dvar": 0.499205678701,
        "dvar2": 1.31583607197,
        "max": 19.6060619354,
        "mean": 2.52164673805,
        "median": 2.02299571037,
        "min": -0.221963465214,
        "var": 3.20038127899
    },
    "spectral_spread": {
        "dmean": 381517.59375,
        "dmean2": 567569.9375,
        "dvar": 529261821952,
        "dvar2": 658359320576,
        "max": 40504808,
        "mean": 2947314.25,
        "median": 2763798,
        "min": 170937.109375,
        "var": 2.70736739533e+12
    },
    "spectral_strongpeak": {
        "dmean": 0.469289779663,
        "dmean2": 0.782071709633,
        "dvar": 0.43486765027,
        "dvar2": 1.11556613445,
        "max": 8.15505981445,
        "mean": 1.12907290459,
        "median": 0.810309290886,
        "min": 0,
        "var": 1.1498259306
    },
    "zerocrossingrate": {
        "dmean": 0.00482173357159,
        "dmean2": 0.00579159194604,
        "dvar": 0.00010253466462,
        "dvar2": 9.12261966732e-05,
        "max": 0.50390625,
        "mean": 0.0361357815564,
        "median": 0.03076171875,
        "min": 0.0029296875,
        "var": 0.000753031403292
    },
    "barkbands": {
        "dmean": [9.90077314782e-05, 0.00103945611045, 0.0005772630102, 0.000594449113123, 0.0014361256035, 0.00139416370075, 0.000694748945534, 0.000997872441076, 0.00147798005491, 0.0011372808367, 0.000531493860763, 0.000285755348159, 0.000208261233638, 0.000140624586493, 0.000115939852549, 8.58816056279e-05, 8.44109381433e-05, 5.62601271668e-05, 5.44105423614e-05, 3.09641873173e-05, 2.11901678995e-05, 2.22927283176e-05, 1.93119649339e-05, 1.73010321305e-05, 9.04845819605e-06, 3.0913045066e-06, 1.12984047007e-07],
        "dmean2": [0.000150662177475, 0.00174632144626, 0.000995399313979, 0.00099492026493, 0.00227560964413, 0.00217296602204, 0.001090769656, 0.00154837139416, 0.00239351415075, 0.00189913040958, 0.000866152346134, 0.000466898374725, 0.000346160668414, 0.00023217308626, 0.000193540327018, 0.000140755568282, 0.000136080823722, 9.20683742152e-05, 8.98494690773e-05, 5.11933794769e-05, 3.40571277775e-05, 3.46123088093e-05, 2.92008662655e-05, 2.49241311394e-05, 1.33857110995e-05, 4.77656976727e-06, 1.90586064264e-07],
        "dvar": [3.06776769321e-07, 8.73684984981e-06, 2.29545071306e-06, 3.08880544253e-06, 6.62209413349e-06, 5.34938226338e-06, 2.24594919018e-06, 3.97312260247e-06, 1.4507943888e-05, 1.18044235933e-05, 1.84932139291e-06, 7.87154988302e-07, 2.60951736664e-07, 1.28512269271e-07, 8.47892422939e-08, 4.36592024755e-08, 5.21685805666e-08, 1.93697928808e-08, 1.48679868417e-08, 6.00150196206e-09, 3.01654989876e-09, 1.4041805052e-08, 1.01600514668e-08, 1.10810312037e-08, 2.25644769536e-09, 2.27359617244e-10, 6.27130237931e-13],
        "dvar2": [6.47167610168e-07, 2.40113513428e-05, 6.5631961661e-06, 8.4366356532e-06, 1.62698597705e-05, 1.31382867039e-05, 5.69358826397e-06, 9.12649102247e-06, 3.93088448618e-05, 3.46354790963e-05, 5.02093098476e-06, 2.11950032281e-06, 7.30123758785e-07, 3.44064090996e-07, 2.19296296677e-07, 1.06207735939e-07, 1.19664491649e-07, 5.20807432736e-08, 4.05195130782e-08, 1.49262877613e-08, 7.68044383648e-09, 3.46140360818e-08, 2.31164722919e-08, 1.85316313406e-08, 3.88990173406e-09, 5.63198487846e-10, 1.54651844716e-12],
        "max": [0.0380146689713, 0.0855815708637, 0.0258657038212, 0.037056453526, 0.0555084384978, 0.035778272897, 0.0348416492343, 0.0393179990351, 0.0564306974411, 0.0638001188636, 0.0264008697122, 0.0325432680547, 0.00992220919579, 0.00978712830693, 0.00766115123406, 0.00646556494758, 0.00688667595387, 0.00498206308112, 0.00248429342173, 0.00287649850361, 0.00133380771149, 0.00505504850298, 0.00455586751923, 0.00697929505259, 0.00202331878245, 0.000514470622875, 2.93496577797e-05],
        "mean": [0.000193993648281, 0.00225599948317, 0.0011196086416, 0.000938751793001, 0.0034049958922, 0.00356009555981, 0.00158929009922, 0.00201444141567, 0.00311180972494, 0.00214847316965, 0.00100289285183, 0.000568415387534, 0.000382576719858, 0.000274506193819, 0.000236843319726, 0.000176276225829, 0.00018550088862, 0.000128366125864, 0.000134740417707, 7.67439851188e-05, 4.82224131702e-05, 4.36991249444e-05, 3.72282629542e-05, 3.34060241585e-05, 1.74785363924e-05, 4.61933359475e-06, 1.04513254939e-07],
        "median": [4.29678038927e-06, 0.000572668970563, 0.000293437740766, 0.000241077679675, 0.00169632921461, 0.00197165389545, 0.000673102913424, 0.000705143960658, 0.000574496050831, 0.000359458994353, 0.000238997192355, 0.000117357973068, 9.01726525626e-05, 8.00742418505e-05, 5.88648836128e-05, 4.4170919864e-05, 4.90345846629e-05, 3.53995201294e-05, 3.63556027878e-05, 2.17278629862e-05, 1.22019846458e-05, 6.07512947681e-06, 4.64982576887e-06, 2.93204675472e-06, 1.38333052746e-06, 2.02581773578e-09, 5.07289599216e-10],
        "min": [4.8739822305e-24, 6.57532130581e-24, 2.57426013084e-23, 1.24543766217e-23, 1.93862788339e-23, 1.27038783377e-23, 2.12697031778e-23, 3.31506299862e-23, 4.59268192588e-23, 1.02331888595e-23, 1.78190349896e-22, 3.63965906628e-23, 1.16265917417e-22, 6.92543828593e-23, 1.59923486774e-22, 1.98145539437e-22, 1.00151609582e-22, 1.45410301519e-22, 2.46935475709e-22, 2.68412485222e-22, 3.69706718804e-22, 4.35586676566e-22, 5.73609112692e-22, 6.92229256107e-22, 1.1105872105e-21, 1.40036477534e-21, 2.13310270789e-21],
        "var": [2.47895673056e-06, 2.76296268567e-05, 3.49081710738e-06, 3.98054771722e-06, 2.16369971895e-05, 1.88299363799e-05, 5.9028529904e-06, 1.15648153951e-05, 4.07732550229e-05, 2.88519240712e-05, 4.55207782579e-06, 2.82763994619e-06, 6.69306700729e-07, 3.34320873208e-07, 3.09358938466e-07, 1.43163163102e-07, 1.90324868754e-07, 7.46290780285e-08, 5.26305896642e-08, 2.29696848209e-08, 8.82911255218e-09, 2.9453742556e-08, 2.34860024761e-08, 4.07601064012e-08, 7.97277444065e-09, 3.43701123118e-10, 5.88418203051e-13]
    },
    "erbbands": {
        "dmean": [0.0322137400508, 0.235820323229, 0.659461081028, 1.24700403214, 2.63995528221, 5.55588102341, 9.25755023956, 12.0000810623, 10.6169538498, 16.5594348907, 18.8527088165, 36.9576263428, 36.1491851807, 25.6802692413, 20.3275852203, 9.96794128418, 9.6350069046, 7.30331850052, 6.18893957138, 4.79959201813, 4.25424861908, 3.97477340698, 2.96064114571, 3.27391958237, 1.88231384754, 1.54412305355, 1.0723940134, 0.695589065552, 0.799703657627, 0.725118815899, 0.505086362362, 0.411310046911, 0.261772722006, 0.125562235713, 0.0553542673588, 0.018556304276, 0.00490615377203, 0.000664906983729, 1.97094996111e-05, 6.88025420459e-06],
        "dmean2": [0.0526911653578, 0.401026189327, 1.1274125576, 2.10209727287, 4.43508052826, 8.78610038757, 14.3697118759, 18.8988075256, 16.050245285, 26.3124485016, 29.3091411591, 59.6821861267, 60.5448455811, 42.2361068726, 32.9570274353, 16.2211494446, 15.9764289856, 12.0883455276, 10.2072067261, 7.96155691147, 6.84926176071, 6.3386797905, 4.89043521881, 5.46720218658, 3.04221534729, 2.52162146568, 1.71154248714, 1.13449966908, 1.27637112141, 1.11520171165, 0.751424431801, 0.605764389038, 0.375721782446, 0.182882592082, 0.0825329720974, 0.0284712594002, 0.00768023077399, 0.0010360738961, 3.06818255922e-05, 1.11175677375e-05],
        "dvar": [0.0145381949842, 0.40389508009, 2.8286318779, 12.7041883469, 28.1949996948, 125.49143219, 291.563598633, 432.212554932, 426.618988037, 1477.51464844, 1594.89990234, 9053.50488281, 12444.671875, 6654.72607422, 2932.8359375, 643.489685059, 552.286132812, 383.192138672, 251.40007019, 116.410461426, 120.099395752, 138.201202393, 57.9686889648, 57.034324646, 17.2609558105, 17.2164115906, 6.22323274612, 5.8378443718, 20.2926120758, 18.2879753113, 5.17773485184, 6.41484308243, 3.10519814491, 0.500359535217, 0.0658586472273, 0.00739996647462, 0.000727171136532, 1.27891198645e-05, 1.59359814234e-08, 1.00714700468e-10],
        "dvar2": [0.0348792038858, 1.16038632393, 8.02528381348, 35.0118217468, 78.4634017944, 306.291778564, 668.623962402, 1091.58435059, 992.791625977, 3675.94189453, 3673.43432617, 24563.3085938, 36099.9101562, 18877.9707031, 7787.77148438, 1683.43212891, 1513.73071289, 1029.29663086, 638.985229492, 319.003936768, 279.426116943, 300.117462158, 161.31539917, 156.287078857, 44.313785553, 41.1863021851, 15.3920936584, 14.8614997864, 52.6974868774, 43.0286178589, 10.348320961, 10.0278644562, 5.74895715714, 0.853365063667, 0.120089158416, 0.0172890722752, 0.00183693808503, 3.10365612677e-05, 3.37926557847e-08, 2.58897681071e-10],
        "max": [5.95640039444, 14.791601181, 26.9395618439, 69.244140625, 98.8323745728, 246.355926514, 334.94442749, 332.640228271, 420.925750732, 810.615844727, 1127.08825684, 1483.46264648, 2337.8828125, 1710.73901367, 1241.40869141, 885.7734375, 547.215820312, 562.379821777, 440.382507324, 223.60105896, 443.169525146, 405.354309082, 277.934265137, 171.653640747, 92.9491195679, 173.403823853, 74.6211700439, 81.0765609741, 178.819488525, 221.080459595, 99.1242294312, 109.747177124, 123.549156189, 27.5339241028, 11.7350435257, 3.0022623539, 0.897366046906, 0.0971710011363, 0.00732865091413, 0.000249270466156],
        "mean": [0.0609611868858, 0.508709251881, 1.42233014107, 2.13343572617, 5.04553890228, 12.7283763885, 22.0422458649, 29.7358779907, 27.4558086395, 33.4690208435, 41.8821487427, 78.7308425903, 70.289390564, 51.4565963745, 43.4734191895, 21.9663677216, 18.7432041168, 15.1788740158, 14.0460643768, 10.4289140701, 9.91250324249, 9.36428070068, 7.37208604813, 7.799680233, 5.19418478012, 3.88894557953, 2.67958569527, 1.51045143604, 1.52073729038, 1.41626489162, 0.996034741402, 0.816900193691, 0.467778801918, 0.234925299883, 0.102357707918, 0.0290654450655, 0.00681546516716, 0.000946926884353, 3.6107183405e-05, 2.84778816422e-05],
        "median": [0.0102643212304, 0.14017637074, 0.387389600277, 0.822202146053, 2.18958759308, 5.07565402985, 10.6502084732, 16.3064117432, 12.6239795685, 11.599281311, 14.9666481018, 16.2913913727, 15.5200033188, 8.65262317657, 11.0739498138, 6.0913105011, 5.05132341385, 4.44501113892, 3.7360906601, 3.23692798615, 2.76467323303, 2.49318957329, 2.12290692329, 2.13119745255, 1.45574176311, 1.07434630394, 0.775033652782, 0.337792694569, 0.215548232198, 0.181904301047, 0.13030937314, 0.0758287385106, 0.0400654710829, 0.0192195344716, 0.0051113916561, 0.000374549970729, 2.92129898298e-05, 4.13672614741e-06, 1.1369744243e-05, 2.35211591644e-05],
        "min": [2.19880853565e-22, 1.83120500837e-21, 2.38458544543e-20, 4.24263101065e-20, 4.77931483936e-20, 5.60519684298e-20, 7.54534444608e-20, 1.14062209412e-19, 3.19324441778e-19, 4.79871926869e-19, 7.34474086907e-19, 9.54296972802e-19, 4.51800984095e-19, 2.50706015276e-18, 6.02453341787e-18, 1.90867749085e-18, 4.77197558891e-18, 5.25631713452e-18, 7.22167221375e-18, 8.75116390795e-18, 1.09121517515e-17, 6.6430796412e-18, 8.48413015388e-18, 1.13973957512e-17, 8.90721483923e-18, 1.21737246084e-17, 1.2002646287e-17, 1.33769679972e-17, 1.82858746511e-17, 1.89059242752e-17, 1.51765837923e-17, 1.58079906061e-17, 1.24499657099e-17, 1.24072525846e-17, 6.87927403408e-18, 4.73464534145e-18, 2.51720635015e-18, 1.13583788825e-18, 2.94692399004e-19, 2.96152146603e-20],
        "var": [0.0688243657351, 0.889611542225, 5.11263132095, 15.2784290314, 61.538734436, 372.845947266, 961.363769531, 1410.62255859, 1640.17126465, 3333.0637207, 5096.23193359, 25129.5097656, 29971.1660156, 17715.0097656, 9259.69335938, 2527.13452148, 1457.69458008, 1046.59057617, 1052.68725586, 336.960327148, 467.351959229, 519.543029785, 234.566650391, 186.713882446, 79.1712112427, 69.1521682739, 25.024356842, 12.1625165939, 37.1432647705, 39.5056114197, 15.5960006714, 22.4534912109, 9.60819339752, 1.65632843971, 0.236030399799, 0.0158013440669, 0.00084552745102, 1.76691810339e-05, 2.03591596915e-08, 5.28972587954e-10]
    },
    "gfcc": {
        "mean": [-85.7474822998, 161.261367798, -139.797012329, 10.940284729, -65.0803070068, -8.1770362854, -25.6765346527, -0.762350916862, -16.458732605, -8.48421096802, -2.3155400753, -10.4258317947, 2.46724033356],
        "cov": [[11003.9082031, -4514.22070312, -672.756958008, 1522.91296387, -1564.54272461, 1504.83081055, -965.140258789, 1059.66394043, 81.3706665039, 276.356445312, -168.34967041, 185.826858521, -220.76776123], [-4514.22070312, 3680.4855957, 695.935668945, -509.133361816, 1235.62780762, -1022.30297852, 576.924926758, -669.096130371, 19.2718677521, -167.658218384, 248.093338013, -211.233276367, 162.420913696], [-672.756958008, 695.935668945, 1630.3659668, 175.071029663, 258.424377441, -36.8924827576, -300.326446533, 17.8607120514, -200.802597046, 174.255874634, -10.8297672272, 70.6496047974, -63.7142944336], [1522.91296387, -509.133361816, 175.071029663, 968.254150391, -234.752182007, 214.594192505, -107.977478027, 42.6165390015, 170.550933838, 0.536619365215, 38.0282096863, 80.075088501, -27.630815506], [-1564.54272461, 1235.62780762, 258.424377441, -234.752182007, 711.485351562, -335.495635986, 241.511444092, -103.182830811, -42.913936615, 18.80427742, 26.1902122498, -38.3787956238, 26.7480983734], [1504.83081055, -1022.30297852, -36.8924827576, 214.594192505, -335.495635986, 639.3984375, -121.518257141, 270.163085938, 83.3338851929, 41.6061668396, 3.24579811096, 55.0438957214, -43.86120224], [-965.140258789, 576.924926758, -300.326446533, -107.977478027, 241.511444092, -121.518257141, 503.963500977, -153.534790039, 114.465782166, -32.5644874573, 20.7823410034, 4.61534738541, 1.46805727482], [1059.66394043, -669.096130371, 17.8607120514, 42.6165390015, -103.182830811, 270.163085938, -153.534790039, 420.642333984, -69.5745162964, 107.241844177, 9.48676967621, 6.01078414917, 16.808265686], [81.3706665039, 19.2718677521, -200.802597046, 170.550933838, -42.913936615, 83.3338851929, 114.465782166, -69.5745162964, 298.093017578, -76.2977905273, 36.3567390442, 32.4541893005, -22.6271324158], [276.356445312, -167.658218384, 174.255874634, 0.536619365215, 18.80427742, 41.6061668396, -32.5644874573, 107.241844177, -76.2977905273, 183.186630249, -33.4863548279, 43.3908691406, -6.24658870697], [-168.34967041, 248.093338013, -10.8297672272, 38.0282096863, 26.1902122498, 3.24579811096, 20.7823410034, 9.48676967621, 36.3567390442, -33.4863548279, 201.284545898, -32.8589286804, 78.8139572144], [185.826858521, -211.233276367, 70.6496047974, 80.075088501, -38.3787956238, 55.0438957214, 4.61534738541, 6.01078414917, 32.4541893005, 43.3908691406, -32.8589286804, 163.547531128, -47.2283363342], [-220.76776123, 162.420913696, -63.7142944336, -27.630815506, 26.7480983734, -43.86120224, 1.46805727482, 16.808265686, -22.6271324158, -6.24658870697, 78.8139572144, -47.2283363342, 160.581115723]],
        "icov": [[0.000287585193291, -8.89810107765e-05, 0.000318890204653, -0.000399818440201, 0.000203643270652, -0.0003096825385, 0.000414337147959, -0.000331421004375, 0.000165000310517, -0.000387021224014, 0.000145451325807, -2.04712250707e-05, 0.000386285741115], [-8.89810107765e-05, 0.00359322479926, -0.00207581068389, 0.00094327860279, -0.00311172520742, 0.00227971631102, -0.00199829856865, 0.00238912762143, -0.00154085643589, 0.00164953176863, -0.00275324867107, 0.00250881747343, -0.0015726222191], [0.000318890204653, -0.00207581068389, 0.00260292482562, -0.00121326954104, 0.00103156955447, -0.00189180742018, 0.00248414673842, -0.000979059957899, 0.00160730513744, -0.00214927643538, 0.00125801633112, -0.00171251012944, 0.00177499325946], [-0.000399818440201, 0.00094327860279, -0.00121326954104, 0.00216912990436, -0.00053026585374, 0.000876285426784, -0.000919797108509, 0.000897361489478, -0.00153277860954, 0.000851272256114, -0.00101948867086, 0.000303700158838, -0.000962933117989], [0.000203643270652, -0.00311172520742, 0.00103156955447, -0.00053026585374, 0.00575159490108, -0.000660500430968, 0.00018946621276, -0.00309977564029, 0.00100204430055, -0.00143447855953, 0.00231195730157, -0.00171198381577, 0.00137683947105], [-0.0003096825385, 0.00227971631102, -0.00189180742018, 0.000876285426784, -0.000660500430968, 0.00501835672185, -0.00208378233947, -0.000457914808067, -0.00220553018153, 0.00155764829833, -0.00195035000797, 0.00135264289565, -0.000678828393575], [0.000414337147959, -0.00199829856865, 0.00248414673842, -0.000919797108509, 0.00018946621276, -0.00208378233947, 0.00542522780597, -0.000275544007309, 0.000216410582652, -0.00245304289274, 0.00121026567649, -0.00175211660098, 0.00162247405387], [-0.000331421004375, 0.00238912762143, -0.000979059957899, 0.000897361489478, -0.00309977564029, -0.000457914808067, -0.000275544007309, 0.00671439571306, -0.000172375555849, -0.000984354759566, -0.00247436529025, 0.00194325717166, -0.00169184885453], [0.000165000310517, -0.00154085643589, 0.00160730513744, -0.00153277860954, 0.00100204430055, -0.00220553018153, 0.000216410582652, -0.000172375555849, 0.00648953812197, 0.000656377233099, 0.000275021797279, -0.0020894149784, 0.00159654323943], [-0.000387021224014, 0.00164953176863, -0.00214927643538, 0.000851272256114, -0.00143447855953, 0.00155764829833, -0.00245304289274, -0.000984354759566, 0.000656377233099, 0.00996639952064, -4.98400477227e-05, -0.00100935064256, -0.00190916634165], [0.000145451325807, -0.00275324867107, 0.00125801633112, -0.00101948867086, 0.00231195730157, -0.00195035000797, 0.00121026567649, -0.00247436529025, 0.000275021797279, -4.98400477227e-05, 0.00903035700321, -0.00135963922366, -0.00215661525726], [-2.04712250707e-05, 0.00250881747343, -0.00171251012944, 0.000303700158838, -0.00171198381577, 0.00135264289565, -0.00175211660098, 0.00194325717166, -0.0020894149784, -0.00100935064256, -0.00135963922366, 0.0096261613071, 0.000439094379544], [0.000386285741115, -0.0015726222191, 0.00177499325946, -0.000962933117989, 0.00137683947105, -0.000678828393575, 0.00162247405387, -0.00169184885453, 0.00159654323943, -0.00190916634165, -0.00215661525726, 0.000439094379544, 0.00997348688543]]
    },
    "melbands": {
        "dmean": [0.000279858068097, 0.00032425543759, 0.000251850229688, 0.000256215309491, 0.000326921755914, 0.000271007564152, 0.000152840264491, 0.000192812542082, 0.00016766571207, 0.000232663864153, 0.000182503354154, 0.000111151523015, 7.10722015356e-05, 3.87233703805e-05, 2.26832853514e-05, 1.95972188521e-05, 1.46496049638e-05, 1.07445675894e-05, 7.76763135946e-06, 6.89855551173e-06, 5.4571810324e-06, 4.83544181407e-06, 4.05290256822e-06, 2.60616479864e-06, 3.06574656861e-06, 1.75622096776e-06, 1.09562563466e-06, 1.12787324724e-06, 7.86706607414e-07, 5.79519962685e-07, 4.2636128228e-07, 5.02207456066e-07, 4.63279008045e-07, 4.27196852115e-07, 3.30589159603e-07, 2.76476441741e-07, 2.72805607437e-07, 2.22570378128e-07, 1.3464540416e-07, 1.06229627761e-07],
        "dmean2": [0.000464298209408, 0.000551373232156, 0.000423965771915, 0.000417917239247, 0.000502863142174, 0.000422862620326, 0.000231484518736, 0.000304658635287, 0.000260224071098, 0.000377187534468, 0.000305502529955, 0.000183083975571, 0.000115435563202, 6.32627343293e-05, 3.71492096747e-05, 3.27279776684e-05, 2.42017922574e-05, 1.75806944753e-05, 1.29447453219e-05, 1.13740979941e-05, 8.83928714757e-06, 7.62915897212e-06, 6.84627320879e-06, 4.27024906458e-06, 5.14121893502e-06, 2.88693104267e-06, 1.78856555522e-06, 1.85508201866e-06, 1.27297823838e-06, 9.41458040415e-07, 7.04761816905e-07, 8.23369020964e-07, 7.48108789139e-07, 6.66509833991e-07, 5.12958990839e-07, 4.01395283234e-07, 4.17673163611e-07, 3.2713546716e-07, 2.06442521744e-07, 1.54894607363e-07],
        "dvar": [8.20871264295e-07, 6.63462628836e-07, 4.24900832741e-07, 2.13600443999e-07, 3.4162988527e-07, 2.05624331784e-07, 9.004071444e-08, 1.8885336317e-07, 1.26167137182e-07, 3.80275565703e-07, 3.22491843008e-07, 1.27498921643e-07, 3.28094671431e-08, 1.38036932995e-08, 2.77961254014e-09, 2.67546629296e-09, 1.50516532571e-09, 7.01624036648e-10, 3.93476945471e-10, 2.58519705643e-10, 2.30939836698e-10, 2.21162158032e-10, 1.41969172529e-10, 4.08692732434e-11, 5.37068479967e-11, 1.67316247662e-11, 6.85754794963e-12, 1.05191636651e-11, 3.1669575816e-12, 2.63039828634e-12, 2.80020147694e-12, 8.75079956414e-12, 9.49248318838e-12, 7.76075644721e-12, 2.45782387498e-12, 1.89837468662e-12, 3.60347472347e-12, 3.03726228196e-12, 6.96176894344e-13, 3.53823632719e-13],
        "dvar2": [2.12334521166e-06, 1.8911252937e-06, 1.16244382298e-06, 5.61958358958e-07, 7.8774485246e-07, 5.11142332016e-07, 2.11303301967e-07, 4.60558453597e-07, 3.01206085851e-07, 1.04220669073e-06, 9.35514776756e-07, 3.62696852108e-07, 8.84654127731e-08, 3.67617900565e-08, 7.69296892855e-09, 7.50609530087e-09, 4.03729805143e-09, 1.80761761115e-09, 1.05499586844e-09, 6.65286492563e-10, 5.47941136908e-10, 4.58732218878e-10, 4.19770607163e-10, 1.02563048332e-10, 1.47159326391e-10, 4.47749823329e-11, 1.74898966837e-11, 2.53160131747e-11, 7.93026668638e-12, 6.70165268765e-12, 7.06066672143e-12, 2.40052457079e-11, 2.46074566973e-11, 1.95204009207e-11, 5.38978800826e-12, 3.1052434929e-12, 6.33199699271e-12, 5.54297623426e-12, 1.54581848624e-12, 6.41274522633e-13],
        "max": [0.0375104025006, 0.0144214415923, 0.0128507157788, 0.00853533297777, 0.01267360989, 0.00733467936516, 0.0057132630609, 0.00795391108841, 0.00962579622865, 0.00985533278435, 0.011763125658, 0.00720130791888, 0.00382644543424, 0.00476052658632, 0.000980242853984, 0.000877012964338, 0.00108303455636, 0.000694909540471, 0.000490888895001, 0.000493730418384, 0.000580805819482, 0.000583838205785, 0.000390575325582, 0.000225342984777, 0.000175121051143, 9.83026402537e-05, 8.39231652208e-05, 0.000150389314513, 4.03752419516e-05, 4.50928637292e-05, 7.31113541406e-05, 0.00014674194972, 0.000167488731677, 0.000152154258103, 6.73836766509e-05, 7.13146146154e-05, 8.86424240889e-05, 0.000137161769089, 3.663296593e-05, 2.48108826781e-05],
        "mean": [0.000582546519581, 0.000739789975341, 0.000464216456749, 0.000582623179071, 0.000806212658063, 0.000689288659487, 0.000389989028918, 0.000383379985578, 0.000367427419405, 0.000484829623019, 0.000342329731211, 0.000210866171983, 0.000142899109051, 8.01338610472e-05, 4.3507618102e-05, 3.60662161256e-05, 2.76039409073e-05, 2.26523716265e-05, 1.54156205099e-05, 1.36084972837e-05, 1.14624181151e-05, 1.0251297681e-05, 8.19841716293e-06, 5.75779495193e-06, 6.55173153064e-06, 4.22960056312e-06, 2.71695284937e-06, 2.53793132288e-06, 1.79508231213e-06, 1.18909451885e-06, 7.84624489825e-07, 8.61977980549e-07, 8.42549184199e-07, 7.68915526805e-07, 5.86213275255e-07, 5.13867746577e-07, 4.88079479055e-07, 3.64822284382e-07, 2.23182539116e-07, 1.86333394936e-07],
        "median": [0.000140282892971, 0.000215230247704, 0.000192032312043, 0.000293498917017, 0.00040485089994, 0.000387651438359, 0.000170589366462, 0.000128306928673, 0.000114812944958, 9.01477978914e-05, 6.54170726193e-05, 2.71623266599e-05, 3.59050136467e-05, 1.80831593752e-05, 1.26722516143e-05, 8.15647763375e-06, 7.6818632806e-06, 5.86321857554e-06, 4.01245188186e-06, 3.80063352168e-06, 2.9338323202e-06, 2.54046130976e-06, 1.95801794689e-06, 1.6387193682e-06, 1.65889480286e-06, 1.06886113826e-06, 7.63364766954e-07, 6.71634438731e-07, 5.08260029619e-07, 2.63307953219e-07, 1.41041311963e-07, 1.15307486226e-07, 1.01521472118e-07, 8.69695568895e-08, 7.18501595998e-08, 5.44702523086e-08, 3.78439324322e-08, 2.56092818063e-08, 1.85563102661e-08, 1.18015046624e-08],
        "min": [2.33678448104e-24, 9.19734191575e-24, 6.61308210519e-24, 4.55762455282e-24, 2.44150872444e-24, 2.44207216834e-24, 4.63838182141e-24, 5.97718251278e-24, 5.88663193048e-24, 6.84702787853e-24, 1.84694031587e-24, 8.50424951328e-24, 2.37360531321e-23, 7.05778390227e-24, 3.28100463902e-24, 1.46561205404e-23, 8.61891202358e-24, 1.06928794082e-23, 1.08458482152e-23, 1.27891707676e-23, 1.13718693443e-23, 5.01131581435e-24, 5.80183332748e-24, 6.35923297678e-24, 9.44279361982e-24, 8.5522327667e-24, 5.01425865996e-24, 7.54027016457e-24, 7.49034394674e-24, 7.54575432558e-24, 5.91357586913e-24, 8.80737089383e-24, 1.07800296056e-23, 9.79114670696e-24, 6.78154137935e-24, 1.16011635993e-23, 8.6974731034e-24, 8.42270575037e-24, 9.46828092681e-24, 1.05497027316e-23],
        "var": [3.32472973241e-06, 1.34577578592e-06, 5.998589927e-07, 5.90171566728e-07, 1.19410947264e-06, 7.29588577997e-07, 3.35865820489e-07, 4.49277223424e-07, 4.01486147439e-07, 9.97547431325e-07, 7.68283825892e-07, 3.2683220752e-07, 8.90733815595e-08, 5.23898826543e-08, 7.10366876433e-09, 6.41463726581e-09, 3.6688276861e-09, 2.59697285898e-09, 1.06403086342e-09, 7.56273266234e-10, 7.77153008613e-10, 7.87530929358e-10, 3.75816100462e-10, 1.39275369015e-10, 1.49312257003e-10, 6.10723069339e-11, 2.4621360506e-11, 3.62513075114e-11, 1.15193818026e-11, 6.81168619773e-12, 5.25381084124e-12, 1.32807749173e-11, 1.46046785776e-11, 1.39177029276e-11, 5.63858681968e-12, 6.80308977555e-12, 1.0164313835e-11, 7.93588111891e-12, 1.63791582294e-12, 1.04928847729e-12]
    },
    "mfcc": {
        "mean": [-709.455810547, 172.223846436, -7.39171886444, 11.5126800537, -12.5988111496, -9.40465545654, -2.75327205658, -1.49621260166, -5.4830622673, 1.05068492889, -4.71478557587, -1.56269776821, -2.13034844398],
        "cov": [[8688.45214844, -2698.35229492, -1132.20300293, 149.245666504, -201.173934937, -17.5095176697, -337.811004639, 388.57321167, 170.181900024, 347.344848633, 62.6373634338, 175.068511963, 182.721740723], [-2698.35229492, 2209.87768555, 377.389190674, 268.572753906, 284.968963623, -20.1598739624, 253.753311157, -255.667785645, -110.013137817, -96.8613357544, -71.8483581543, -16.0999355316, 6.20490789413], [-1132.20300293, 377.389190674, 1304.10095215, 300.198455811, 331.799530029, 125.581741333, -13.2748727798, -109.624977112, -99.4566497803, -90.7540740967, -5.8105597496, 19.514131546, 72.0983047485], [149.245666504, 268.572753906, 300.198455811, 639.504333496, 223.781799316, 50.0223960876, -30.555978775, -39.4233398438, -26.3500099182, -38.5512924194, -17.2841777802, 64.8691864014, 62.941734314], [-201.173934937, 284.968963623, 331.799530029, 223.781799316, 386.647094727, -24.0952033997, 45.9081611633, -45.5589599609, -4.68792438507, 1.21913337708, -31.8846931458, 34.2105941772, 31.6948375702], [-17.5095176697, -20.1598739624, 125.581741333, 50.0223960876, -24.0952033997, 287.687774658, -30.2326030731, 95.4855651855, 25.7891921997, 22.7991580963, 73.0443267822, -12.7697086334, 13.5515213013], [-337.811004639, 253.753311157, -13.2748727798, -30.555978775, 45.9081611633, -30.2326030731, 281.619995117, -8.78522968292, 24.4160747528, 29.8852500916, 9.19547653198, 9.55018520355, 9.42497253418], [388.57321167, -255.667785645, -109.624977112, -39.4233398438, -45.5589599609, 95.4855651855, -8.78522968292, 227.574249268, 56.2253875732, 64.3065567017, 64.7587661743, 22.2970352173, 18.3630008698], [170.181900024, -110.013137817, -99.4566497803, -26.3500099182, -4.68792438507, 25.7891921997, 24.4160747528, 56.2253875732, 151.468765259, 38.6391716003, 43.0405883789, 18.8592510223, 0.188233822584], [347.344848633, -96.8613357544, -90.7540740967, -38.5512924194, 1.21913337708, 22.7991580963, 29.8852500916, 64.3065567017, 38.6391716003, 145.016525269, 21.4264469147, 19.0496482849, 21.7966346741], [62.6373634338, -71.8483581543, -5.8105597496, -17.2841777802, -31.8846931458, 73.0443267822, 9.19547653198, 64.7587661743, 43.0405883789, 21.4264469147, 122.493713379, 12.7017965317, 17.9233665466], [175.068511963, -16.0999355316, 19.514131546, 64.8691864014, 34.2105941772, -12.7697086334, 9.55018520355, 22.2970352173, 18.8592510223, 19.0496482849, 12.7017965317, 110.177947998, 34.9332771301], [182.721740723, 6.20490789413, 72.0983047485, 62.941734314, 31.6948375702, 13.5515213013, 9.42497253418, 18.3630008698, 0.188233822584, 21.7966346741, 17.9233665466, 34.9332771301, 129.264068604]],
