{
"lowlevel": {
    "average_loudness": 0.825341880322,
    "barkbands_crest": {
        "dmean": 2.97077035904,
        "dmean2": 4.58165502548,
        "dvar": 7.84250688553,
        "dvar2": 18.405166626,
        "max": 26.560667038,
        "mean": 13.1877174377,
        "median": 12.3998346329,
        "min": 2.23021101952,
        "var": 27.8605651855
    },
    "barkbands_flatness_db": {
        "dmean": 0.036549270153,
        "dmean2": 0.0525672584772,
        "dvar": 0.00144046917558,
        "dvar2": 0.00305749778636,
        "max": 0.618407249451,
        "mean": 0.197233751416,
        "median": 0.184797972441,
        "min": 0.0190591681749,
        "var": 0.00817364919931
    },
    "barkbands_kurtosis": {
        "dmean": 10.3859558105,
        "dmean2": 16.1841506958,
        "dvar": 980.844604492,
        "dvar2": 2332.74633789,
        "max": 1593.90136719,
        "mean": 16.6570281982,
        "median": 5.05045509338,
        "min": -1.92227315903,
        "var": 1832.82849121
    },
    "barkbands_skewness": {
        "dmean": 0.984888613224,
        "dmean2": 1.50050270557,
        "dvar": 1.42002022266,
        "dvar2": 3.18852472305,
        "max": 35.6298561096,
        "mean": 2.59670472145,
        "median": 2.05369091034,
        "min": -3.87359070778,
        "var": 5.5739068985
    },
    "barkbands_spread": {
        "dmean": 7.8571062088,
        "dmean2": 12.2264451981,
        "dvar": 127.039916992,
        "dvar2": 283.991699219,
        "max": 110.282424927,
        "mean": 17.8764858246,
        "median": 12.5181007385,
        "min": 0.0857940018177,
        "var": 279.432373047
    },
    "dissonance": {
        "dmean": 0.0252311080694,
        "dmean2": 0.0417402684689,
        "dvar": 0.000643735402264,
        "dvar2": 0.0016611055471,
        "max": 0.500000119209,
        "mean": 0.452115684748,
        "median": 0.463649272919,
        "min": 0.127665489912,
        "var": 0.00181962153874
    },
    "dynamic_complexity": 3.31783604622,
    "erbbands_crest": {
        "dmean": 3.21582078934,
        "dmean2": 5.15071630478,
        "dvar": 8.66662883759,
        "dvar2": 21.5245800018,
        "max": 31.4196815491,
        "mean": 10.4186840057,
        "median": 9.28731536865,
        "min": 2.29164958,
        "var": 26.2184009552
    },
    "erbbands_flatness_db": {
        "dmean": 0.0256161876023,
        "dmean2": 0.0361643880606,
        "dvar": 0.000642321945634,
        "dvar2": 0.0012720967643,
        "max": 0.542608499527,
        "mean": 0.175454035401,
        "median": 0.165335386992,
        "min": 0.0505807176232,
        "var": 0.00549695733935
    },
    "erbbands_kurtosis": {
        "dmean": 1.89091610909,
        "dmean2": 3.00735545158,
        "dvar": 9.6373758316,
        "dvar2": 23.6725921631,
        "max": 83.9658737183,
        "mean": 1.88207697868,
        "median": 0.49443089962,
        "min": -1.87429630756,
        "var": 18.5827102661
    },
    "erbbands_skewness": {
        "dmean": 0.549283325672,
        "dmean2": 0.827444016933,
        "dvar": 0.328458398581,
        "dvar2": 0.719455599785,
        "max": 8.05226039886,
        "mean": 0.748556017876,
        "median": 0.684220433235,
        "min": -5.22878408432,
        "var": 1.13912987709
    },
    "erbbands_spread": {
        "dmean": 12.652469635,
        "dmean2": 18.9513397217,
        "dvar": 224.356506348,
        "dvar2": 477.271453857,
        "max": 163.447799683,
        "mean": 42.6073303223,
        "median": 35.8883590698,
        "min": 1.39881002903,
        "var": 825.831176758
    },
    "hfc": {
        "dmean": 13.0974063873,
        "dmean2": 20.1307907104,
        "dvar": 892.285217285,
        "dvar2": 2044.86132812,
        "max": 311.589691162,
        "mean": 22.1266822815,
        "median": 12.0537471771,
        "min": 1.1877679645e-16,
        "var": 1094.89709473
    },
    "melbands_crest": {
        "dmean": 3.7088944912,
        "dmean2": 5.58460521698,
        "dvar": 12.0627412796,
        "dvar2": 27.9406433105,
        "max": 38.5042877197,
        "mean": 18.6085357666,
        "median": 18.0995559692,
        "min": 1.79439747334,
        "var": 52.2317237854
    },
    "melbands_flatness_db": {
        "dmean": 0.0423862785101,
        "dmean2": 0.0612873025239,
        "dvar": 0.00202429480851,
        "dvar2": 0.00439311051741,
        "max": 0.777652800083,
        "mean": 0.25985583663,
        "median": 0.23920635879,
        "min": 0.00614460511133,
        "var": 0.0124307675287
    },
    "melbands_kurtosis": {
        "dmean": 20.7104797363,
        "dmean2": 32.682762146,
        "dvar": 1702.54345703,
        "dvar2": 3874.74438477,
        "max": 871.634765625,
        "mean": 38.8854560852,
        "median": 14.5656890869,
        "min": -1.89500010014,
        "var": 5132.45654297
    },
    "melbands_skewness": {
        "dmean": 1.22995769978,
        "dmean2": 1.89716339111,
        "dvar": 2.05457949638,
        "dvar2": 4.67800664902,
        "max": 22.7983646393,
        "mean": 3.89852571487,
        "median": 3.13565635681,
        "min": -1.9945435524,
        "var": 9.24209499359
    },
    "melbands_spread": {
        "dmean": 7.94430875778,
        "dmean2": 12.6113033295,
        "dvar": 204.199584961,
        "dvar2": 457.409576416,
        "max": 191.61100769,
        "mean": 16.5087909698,
        "median": 11.0821399689,
        "min": 0.241710677743,
        "var": 383.350738525
    },
    "pitch_salience": {
        "dmean": 0.0907398238778,
        "dmean2": 0.144074544311,
        "dvar": 0.00813043117523,
        "dvar2": 0.0204635262489,
        "max": 0.94084662199,
        "mean": 0.475401818752,
        "median": 0.476706057787,
        "min": 0.0271539203823,
        "var": 0.0302381906658
    },
    "silence_rate_20dB": {
        "dmean": 0,
        "dmean2": 0,
        "dvar": 0,
        "dvar2": 0,
        "max": 1,
        "mean": 1,
        "median": 1,
        "min": 1,
        "var": 0
    },
    "silence_rate_30dB": {
        "dmean": 0.00423081452027,
        "dmean2": 0.00846262369305,
        "dvar": 0.00421294337139,
        "dvar2": 0.0119170248508,
        "max": 1,
        "mean": 0.996122181416,
        "median": 1,
        "min": 0,
        "var": 0.00386296468787
    },
    "silence_rate_60dB": {
        "dmean": 0.0239746142179,
        "dmean2": 0.0479548648,
        "dvar": 0.0234018098563,
        "dvar2": 0.0550522729754,
        "max": 1,
        "mean": 0.0911868363619,
        "median": 0,
        "min": 0,
        "var": 0.0828592181206
    },
    "spectral_centroid": {
        "dmean": 340.952056885,
        "dmean2": 530.994934082,
        "dvar": 210841.109375,
        "dvar2": 449789.78125,
        "max": 11093.7294922,
        "mean": 1108.50476074,
        "median": 979.9921875,
        "min": 91.7429428101,
        "var": 520184.96875
    },
    "spectral_complexity": {
        "dmean": 4.34293079376,
        "dmean2": 6.72402429581,
        "dvar": 40.0023612976,
        "dvar2": 78.9070358276,
        "max": 65,
        "mean": 14.0901288986,
        "median": 11,
        "min": 0,
        "var": 115.846847534
    },
    "spectral_decrease": {
        "dmean": 3.07516101472e-09,
        "dmean2": 5.04268227175e-09,
        "dvar": 1.92345333541e-17,
        "dvar2": 6.00119137361e-17,
        "max": 3.89222768134e-30,
        "mean": -8.57920490205e-09,
        "median": -8.02281174828e-09,
        "min": -4.70015102394e-08,
        "var": 4.03620000568e-17
    },
    "spectral_energy": {
        "dmean": 0.0122951967642,
        "dmean2": 0.0199028886855,
        "dvar": 0.00029501967947,
        "dvar2": 0.000889571558218,
        "max": 0.178091093898,
        "mean": 0.0343869067729,
        "median": 0.0320123396814,
        "min": 1.07587133281e-20,
        "var": 0.000639341189526
    },
    "spectral_energyband_high": {
        "dmean": 0.00115748459939,
        "dmean2": 0.00180248206016,
        "dvar": 9.96174003376e-06,
        "dvar2": 2.38083830482e-05,
        "max": 0.0336095280945,
        "mean": 0.00127922615502,
        "median": 0.000258817977738,
        "min": 7.77131015615e-21,
        "var": 1.01232662928e-05
    },
    "spectral_energyband_low": {
        "dmean": 0.00851011648774,
        "dmean2": 0.0139944301918,
        "dvar": 0.000207157572731,
        "dvar2": 0.000671464309562,
        "max": 0.168581292033,
        "mean": 0.0195691939443,
        "median": 0.0147613175213,
        "min": 4.42411150122e-23,
        "var": 0.000428405241109
    },
    "spectral_energyband_middle_high": {
        "dmean": 0.00183659349568,
        "dmean2": 0.00288199912757,
        "dvar": 1.04535520222e-05,
        "dvar2": 2.55082704825e-05,
        "max": 0.0852612257004,
        "mean": 0.0042685684748,
        "median": 0.00153006659821,
        "min": 1.60323859558e-21,
        "var": 4.7017900215e-05
    },
    "spectral_energyband_middle_low": {
        "dmean": 0.00614817347378,
        "dmean2": 0.0103015974164,
        "dvar": 0.000115488139272,
        "dvar2": 0.00030417329981,
        "max": 0.101482838392,
        "mean": 0.0108619816601,
        "median": 0.0072037326172,
        "min": 2.95900463371e-22,
        "var": 0.000141140757478
    },
    "spectral_entropy": {
        "dmean": 0.280379354954,
        "dmean2": 0.401455640793,
        "dvar": 0.0966600105166,
        "dvar2": 0.202689066529,
        "max": 9.79167175293,
        "mean": 7.41516780853,
        "median": 7.5133061409,
        "min": 4.57980632782,
        "var": 0.459469288588
    },
    "spectral_flux": {
        "dmean": 0.0298085696995,
        "dmean2": 0.0432404316962,
        "dvar": 0.0010256312089,
        "dvar2": 0.00194944033865,
        "max": 0.375826507807,
        "mean": 0.0899469926953,
        "median": 0.0754930227995,
        "min": 1.03724216716e-10,
        "var": 0.00359730306081
    },
    "spectral_kurtosis": {
        "dmean": 2.91087985039,
        "dmean2": 4.59840202332,
        "dvar": 86.6343765259,
        "dvar2": 213.268737793,
        "max": 510.791381836,
        "mean": 6.21256446838,
        "median": 3.28546643257,
        "min": -1.25409698486,
        "var": 359.913482666
    },
    "spectral_rms": {
        "dmean": 0.000966597173829,
        "dmean2": 0.00150843139272,
        "dvar": 1.28885960748e-06,
        "dvar2": 3.71129067389e-06,
        "max": 0.0131813278422,
        "mean": 0.00531090935692,
        "median": 0.00558851938695,
        "min": 3.23980013824e-12,
        "var": 5.34232685823e-06
    },
    "spectral_rolloff": {
        "dmean": 713.68347168,
        "dmean2": 1227.86657715,
        "dvar": 2326738,
        "dvar2": 5493412.5,
        "max": 18906.1523438,
        "mean": 1248.09094238,
        "median": 581.396484375,
        "min": 43.06640625,
        "var": 3276330.5
    },
    "spectral_skewness": {
        "dmean": 0.335298031569,
        "dmean2": 0.50072902441,
        "dvar": 0.222138062119,
        "dvar2": 0.503979623318,
        "max": 19.4412021637,
        "mean": 1.68463158607,
        "median": 1.52041220665,
        "min": -0.391258060932,
        "var": 1.20834839344
    },
    "spectral_spread": {
        "dmean": 878891.75,
        "dmean2": 1200694.375,
        "dvar": 1.33407440896e+12,
        "dvar2": 2.0059268055e+12,
        "max": 50794888,
        "mean": 5164695,
        "median": 4778259.5,
        "min": 249083.21875,
        "var": 5.37522706842e+12
    },
    "spectral_strongpeak": {
        "dmean": 0.383804380894,
        "dmean2": 0.648682236671,
        "dvar": 0.436963915825,
        "dvar2": 1.15271091461,
        "max": 11.2253084183,
        "mean": 0.819348752499,
        "median": 0.539863944054,
        "min": 0,
        "var": 0.840875208378
    },
    "zerocrossingrate": {
        "dmean": 0.0150824338198,
        "dmean2": 0.0172073226422,
        "dvar": 0.000403203244787,
        "dvar2": 0.000494946783874,
        "max": 0.66357421875,
        "mean": 0.0530120804906,
        "median": 0.04248046875,
        "min": 0.00146484375,
        "var": 0.00207559205592
    },
    "barkbands": {
        "dmean": [0.000294409488561, 0.00549112772569, 0.00358735886402, 0.00231913570315, 0.00159334740601, 0.0011991742067, 0.00109944003634, 0.000823691196274, 0.000945183157455, 0.000601564301178, 0.000496716296766, 0.000302485743305, 0.000257305247942, 0.000280557957012, 0.000183263226063, 0.000179982875125, 0.000237976099015, 0.00017341945204, 0.000147516897414, 0.000190680206288, 0.000165071774973, 0.000206330398214, 0.000186739096534, 0.00019334431272, 0.000218759014388, 0.000135810783831, 1.39531657624e-05],
        "dmean2": [0.000364711711882, 0.0078294929117, 0.00575391668826, 0.00420963251963, 0.0027070180513, 0.00197862531058, 0.00180332246237, 0.00132865644991, 0.00154668174218, 0.000996576040052, 0.000811627833173, 0.000487885845359, 0.000403758313041, 0.000438403425505, 0.0002986943, 0.000286580616375, 0.000402729958296, 0.000280696141999, 0.000240294873947, 0.00030994831468, 0.000257045292528, 0.000328087160597, 0.000292191252811, 0.00030592654366, 0.000341116799973, 0.000216402026126, 2.39367564063e-05],
        "dvar": [6.79362244682e-07, 0.000117335170216, 6.73930189805e-05, 5.63625944778e-05, 1.05509452624e-05, 6.89687522026e-06, 7.4013178164e-06, 4.88918158226e-06, 7.64520700614e-06, 4.21654704041e-06, 1.7335225948e-06, 9.66975221672e-07, 5.19430386703e-07, 4.77110233987e-07, 2.28364669397e-07, 2.21262382638e-07, 6.66078506129e-07, 1.94418589672e-07, 1.25787295246e-07, 2.23665580279e-07, 1.7746459946e-07, 4.0357079456e-07, 2.83131242895e-07, 3.30784416747e-07, 3.61929892279e-07, 1.58470129463e-07, 3.15805226414e-09],
        "dvar2": [1.38085545132e-06, 0.000260400003754, 0.000182922696695, 0.000160744079039, 2.82320106635e-05, 1.79348535312e-05, 1.87017649296e-05, 1.15694474516e-05, 2.10909311136e-05, 1.11080853458e-05, 4.7707280828e-06, 2.52268296208e-06, 1.20332697406e-06, 9.87475686998e-07, 5.61868262139e-07, 5.00419844229e-07, 1.7833591528e-06, 4.34921219039e-07, 2.97920621506e-07, 5.66338826502e-07, 4.05917120361e-07, 1.02580418115e-06, 6.90247588864e-07, 8.10872847978e-07, 8.53073856888e-07, 3.84091578098e-07, 8.49158698912e-09],
        "max": [0.0612503774464, 0.118053674698, 0.0818804502487, 0.0693371742964, 0.0584640614688, 0.0377742499113, 0.0488392487168, 0.0456965826452, 0.0860273241997, 0.0747934579849, 0.0415853746235, 0.0349201411009, 0.0161176882684, 0.0195240341127, 0.0126362489536, 0.0182194951922, 0.0354260876775, 0.00632858742028, 0.00456537073478, 0.00663975998759, 0.0051088524051, 0.00803954992443, 0.00618342403322, 0.00708203623071, 0.0068905656226, 0.00384832336567, 0.0007798584993],
        "mean": [0.000603115360718, 0.0108068669215, 0.00676199747249, 0.00211054878309, 0.00226776860654, 0.00170061271638, 0.00160301232245, 0.00115549669135, 0.00164321425837, 0.0010344759794, 0.000856409256812, 0.000439183233539, 0.000408625637647, 0.000458595837699, 0.0002676511358, 0.000231849233387, 0.000251725316048, 0.000217382752453, 0.000185605575098, 0.000225828422117, 0.000184728763998, 0.000222431874136, 0.000206530719879, 0.000193548330572, 0.000215064559598, 0.000124368758406, 1.02112762761e-05],
        "median": [2.15193031181e-05, 0.00318205705844, 0.00103625655174, 0.000278315943433, 0.000869543291628, 0.000480240036268, 0.000443051569164, 0.000227799013373, 0.000237249390921, 0.000148386825458, 0.000138221221277, 8.30319477245e-05, 6.59073702991e-05, 8.70256772032e-05, 6.09095295658e-05, 4.87730212626e-05, 3.96146679122e-05, 4.28956409451e-05, 5.55745282327e-05, 5.80444211664e-05, 4.13124471379e-05, 4.22134471592e-05, 4.01965553465e-05, 2.49006625381e-05, 1.7824171664e-05, 4.69843098472e-06, 3.8367291566e-09],
        "min": [5.77164677608e-24, 9.85318667285e-24, 1.78986891151e-23, 1.75890643652e-23, 5.81755635084e-23, 5.32192135497e-23, 2.67698465128e-23, 5.07281233397e-23, 2.78593612417e-23, 2.70747475636e-23, 3.62771949871e-23, 3.03251416385e-23, 1.01186898012e-22, 4.99151359125e-23, 8.57653362689e-23, 1.71701722826e-22, 1.1930194643e-22, 1.90670861479e-22, 2.74587966067e-22, 2.24379935566e-22, 4.36459043131e-22, 4.18581435535e-22, 6.20534901225e-22, 6.62840918348e-22, 9.86460136393e-22, 1.68764524832e-21, 2.35420792406e-21],
        "var": [5.09200481247e-06, 0.000258576008491, 0.000114224778372, 3.69069566659e-05, 1.39314779517e-05, 1.10086584755e-05, 1.16932242236e-05, 8.4278972281e-06, 1.84000109584e-05, 1.21698712974e-05, 5.86171108807e-06, 1.36126664074e-06, 1.1789029486e-06, 1.25595533973e-06, 4.08456543255e-07, 3.10646157686e-07, 5.35092453902e-07, 2.63731578798e-07, 1.47354995761e-07, 2.50038795002e-07, 2.00086944346e-07, 3.9510112515e-07, 2.84680055529e-07, 3.14621189546e-07, 3.66412791664e-07, 1.51772084678e-07, 2.2056212412e-09]
    },
    "erbbands": {
        "dmean": [0.15280456841, 1.31326138973, 3.185734272, 7.08869743347, 5.20927381516, 5.73274040222, 8.44917011261, 10.2722902298, 13.2674732208, 19.0535507202, 16.0379161835, 21.9915447235, 20.9299716949, 18.1382675171, 15.1203956604, 11.1710805893, 10.4425125122, 14.1774244308, 9.97516345978, 9.42421627045, 9.7774438858, 12.8525753021, 9.79240989685, 6.71386289597, 8.69066333771, 9.05026721954, 6.49027681351, 7.30947351456, 7.26018190384, 6.50953435898, 5.0862288475, 4.01238012314, 3.36937117577, 2.41039681435, 1.53080618382, 0.634165883064, 0.252884089947, 0.0467738881707, 0.00161021936219, 6.11984287389e-05],
        "dmean2": [0.189831718802, 1.99913525581, 5.06752490997, 12.4940910339, 9.18946170807, 9.77413368225, 13.9506664276, 16.9285583496, 21.8729782104, 30.9415874481, 25.7437458038, 36.0348854065, 34.5999603271, 30.0926876068, 24.6941452026, 18.0609035492, 16.2959499359, 21.7477550507, 15.7446517944, 14.9364080429, 15.5103139877, 21.4421443939, 15.9493341446, 10.4853277206, 14.25070858, 14.6671724319, 10.1900939941, 11.4297885895, 11.6150579453, 10.3052864075, 7.86272096634, 6.29256677628, 5.39509487152, 3.81363725662, 2.39841389656, 1.00473248959, 0.401423424482, 0.0764375627041, 0.00264761317521, 9.81880075415e-05],
        "dvar": [0.0975038483739, 7.22521400452, 39.7135047913, 466.858123779, 182.348358154, 148.522293091, 369.809234619, 611.166015625, 1096.6673584, 2584.05957031, 1751.00219727, 4216.13037109, 4862.03564453, 2835.34155273, 1401.90869141, 1337.43054199, 787.232849121, 1166.69775391, 461.042633057, 674.825805664, 744.642089844, 1419.13146973, 637.641174316, 215.895874023, 501.366729736, 564.838684082, 254.981994629, 416.351745605, 520.879638672, 311.753295898, 194.07472229, 146.885055542, 101.106468201, 45.4993019104, 17.7000045776, 3.05971026421, 0.558674275875, 0.0276028551161, 3.89457964047e-05, 3.65769423638e-08],
        "dvar2": [0.162766247988, 17.1453399658, 105.866981506, 1313.24072266, 512.417602539, 395.298675537, 946.671569824, 1601.45080566, 2720.62963867, 6692.06103516, 4247.55029297, 11636.4384766, 13396.359375, 7893.94433594, 3731.72558594, 3457.81005859, 1798.60681152, 2388.44360352, 1087.6661377, 1563.98974609, 1860.7442627, 3673.91381836, 1395.48095703, 476.745178223, 1229.79223633, 1444.95568848, 597.408325195, 1000.35040283, 1329.47058105, 761.790344238, 463.691375732, 356.804260254, 252.14894104, 109.178482056, 41.5781364441, 7.35226106644, 1.33037960529, 0.0698167905211, 9.92251225398e-05, 8.90317508606e-08],
        "max": [8.19940376282, 25.0297336578, 61.0577888489, 185.130004883, 144.168624878, 300.401733398, 438.186279297, 446.27722168, 683.41027832, 1074.83361816, 939.296081543, 1713.06079102, 2166.3972168, 1269.76806641, 906.99786377, 998.477722168, 768.90838623, 979.028625488, 622.716308594, 1016.63031006, 1282.73046875, 915.423400879, 431.03604126, 243.616149902, 256.738983154, 366.436706543, 189.48008728, 254.637954712, 278.424468994, 219.456436157, 159.233062744, 155.796798706, 116.640144348, 88.9280548096, 54.6951065063, 16.3620014191, 7.32993936539, 2.3287255764, 0.121089145541, 0.00355806481093],
        "mean": [0.340119749308, 2.32127332687, 7.24221372604, 8.3093328476, 5.69916391373, 8.09603214264, 11.8972005844, 14.7009830475, 19.6837615967, 27.5171451569, 25.3882789612, 36.5845985413, 36.6892433167, 34.5952415466, 26.0738716125, 17.7892837524, 18.5710582733, 23.9997692108, 16.9659557343, 13.6363830566, 12.8379716873, 14.2505321503, 12.3069124222, 9.83645915985, 10.1458015442, 10.7232151031, 7.5680809021, 7.91851139069, 7.80554962158, 7.09062385559, 5.70581054688, 4.1754732132, 3.26381230354, 2.38377213478, 1.47352552414, 0.594843685627, 0.229812979698, 0.0397731103003, 0.00132659624796, 8.2654209109e-05],
        "median": [0.0509319528937, 0.96228313446, 1.70799207687, 1.50158214569, 1.66894888878, 2.88811421394, 3.85077476501, 4.02880096436, 6.63193035126, 7.90777826309, 5.9832367897, 6.02266788483, 6.51667785645, 5.73071718216, 5.61012458801, 3.57205677032, 3.40083312988, 4.39522266388, 4.69509220123, 3.52600622177, 2.93587875366, 2.40839838982, 2.4405465126, 2.87137246132, 2.93062853813, 2.6932477951, 2.01112174988, 1.64081907272, 1.49750304222, 1.38767194748, 1.09075498581, 0.617204606533, 0.368778705597, 0.214002817869, 0.109428718686, 0.0328380763531, 0.00612349947914, 0.000329364556819, 3.18871825584e-05, 4.26971892011e-05],
        "min": [2.73211309124e-22, 2.86778247519e-21, 1.46175141168e-20, 4.90112849367e-20, 3.50155408375e-20, 1.12822136426e-19, 3.17602329291e-19, 5.22784919675e-19, 2.859418104e-19, 6.81336107754e-19, 9.93071167413e-19, 4.57667452397e-19, 8.74174811104e-19, 9.41565939391e-19, 1.81164734384e-18, 1.70215892622e-18, 4.66754982684e-18, 2.82070615473e-18, 5.04032001065e-18, 6.09771574103e-18, 1.0972827931e-17, 8.4147760226e-18, 9.83576064559e-18, 1.11749801194e-17, 1.62041786867e-17, 1.20308233673e-17, 1.42866383692e-17, 1.22760815918e-17, 1.37989392975e-17, 1.5590556256e-17, 1.76235064669e-17, 1.56934161651e-17, 1.05411372586e-17, 1.15011390893e-17, 7.18294609902e-18, 4.59061830756e-18, 3.53512219746e-18, 1.37430919916e-18, 2.9434741299e-19, 3.31330134727e-20],
        "var": [0.403676778078, 11.9743337631, 104.31993866, 361.529571533, 142.812469482, 203.2605896, 511.119689941, 1002.60070801, 1637.79406738, 3618.39135742, 3892.97802734, 8575.96777344, 12201.2539062, 10128.4589844, 3376.48217773, 2050.63208008, 2091.02294922, 3479.89160156, 1087.34436035, 1168.38806152, 854.009765625, 1312.09326172, 870.995483398, 366.648193359, 510.040435791, 621.195129395, 287.799621582, 428.710968018, 504.478912354, 325.704803467, 205.116210938, 143.124557495, 92.7825241089, 44.6490249634, 17.8430500031, 3.040320158, 0.543443262577, 0.0230222512037, 3.09344359266e-05, 3.35617933445e-08]
    },
    "gfcc": {
        "mean": [-34.0061302185, 93.9193572998, -109.184272766, 31.352060318, -68.1094360352, 14.7066335678, -33.5133590698, 5.81966733932, -18.9088497162, 1.18367493153, -12.2929887772, -3.95858955383, -7.99237823486],
        "cov": [[9874.43847656, -3308.30322266, 846.300170898, 476.999847412, -47.6770744324, 803.110229492, -761.664245605, 1008.71783447, -478.112762451, 614.713562012, -506.815795898, 446.42880249, -448.33694458], [-3308.30322266, 3133.30322266, 45.6627731323, 102.641189575, 585.651672363, -217.796401978, 698.327270508, -377.2605896, 512.194824219, -310.83493042, 480.878967285, -276.441253662, 256.249603271], [846.300170898, 45.6627731323, 2430.11694336, 877.856201172, 559.823242188, 264.44329834, -43.8238525391, 115.246871948, -78.3390426636, 284.249969482, -113.826126099, 218.477310181, -137.163070679], [476.999847412, 102.641189575, 877.856201172, 957.003845215, 296.061889648, 164.460159302, 96.2597427368, 70.9695587158, 120.236122131, 63.0320320129, 23.788312912, 56.2489089966, 24.6876602173], [-47.6770744324, 585.651672363, 559.823242188, 296.061889648, 741.102111816, 184.827453613, 268.528167725, 77.3731613159, 134.442886353, 77.157371521, 32.2791557312, 49.0699691772, 1.05046308041], [803.110229492, -217.796401978, 264.44329834, 164.460159302, 184.827453613, 499.555633545, 145.498901367, 171.711135864, 45.0030555725, 137.031311035, 12.7406835556, 53.1787147522, 6.10976648331], [-761.664245605, 698.327270508, -43.8238525391, 96.2597427368, 268.528167725, 145.498901367, 505.295928955, -0.67033547163, 233.36781311, -27.2151279449, 146.53843689, -29.2691135406, 90.4183959961], [1008.71783447, -377.2605896, 115.246871948, 70.9695587158, 77.3731613159, 171.711135864, -0.67033547163, 351.984588623, 25.7866172791, 123.360702515, -20.6643810272, 101.094894409, 2.58706736565], [-478.112762451, 512.194824219, -78.3390426636, 120.236122131, 134.442886353, 45.0030555725, 233.36781311, 25.7866172791, 322.537445068, -9.73731517792, 135.271820068, -9.88617610931, 105.159057617], [614.713562012, -310.83493042, 284.249969482, 63.0320320129, 77.157371521, 137.031311035, -27.2151279449, 123.360702515, -9.73731517792, 239.085998535, -10.5893793106, 102.16986084, -22.5232028961], [-506.815795898, 480.878967285, -113.826126099, 23.788312912, 32.2791557312, 12.7406835556, 146.53843689, -20.6643810272, 135.271820068, -10.5893793106, 245.516845703, -9.86017131805, 104.336975098], [446.42880249, -276.441253662, 218.477310181, 56.2489089966, 49.0699691772, 53.1787147522, -29.2691135406, 101.094894409, -9.88617610931, 102.16986084, -9.86017131805, 201.197982788, 14.4847183228], [-448.33694458, 256.249603271, -137.163070679, 24.6876602173, 1.05046308041, 6.10976648331, 90.4183959961, 2.58706736565, 105.159057617, -22.5232028961, 104.336975098, 14.4847183228, 172.328994751]],
        "icov": [[0.000246383919148, 6.79873774061e-05, 7.46884761611e-05, -0.000149329818669, -1.67094749486e-05, -0.00025342302979, 0.000272605160717, -0.000435185764218, 5.05023235746e-05, -7.62957060942e-05, 7.22648655938e-06, -0.000154874040163, 0.00046118607861], [6.79873774061e-05, 0.00151949061546, -0.00052438135026, 0.000501443864778, -0.000962559599429, 0.000719680683687, -0.000675321731251, 0.000555466278456, -0.000868115690537, 0.0010458570905, -0.00173172715586, 0.00142148998566, -0.000650005240459], [7.46884761611e-05, -0.00052438135026, 0.00115257676225, -0.000972452166025, -0.000112243105832, -0.00041701918235, 0.000507698685396, -7.66834273236e-05, 0.000679914606735, -0.000997458468191, 0.000686536659487, -0.00110809132457, 0.000913192983717], [-0.000149329818669, 0.000501443864778, -0.000972452166025, 0.00212951842695, -0.000430145708378, 0.000170265120687, -0.000270393153187, 0.0003466567141, -0.00108969956636, 0.000939043355174, -0.000613476207945, 0.000838222971652, -0.000991302076727], [-1.67094749486e-05, -0.000962559599429, -0.000112243105832, -0.000430145708378, 0.00287959259003, -0.000596074212808, -0.000705043494236, -0.000596655532718, 0.000203816962312, -0.000757818168495, 0.00134363258258, -0.00098692451138, 0.000788609322626], [-0.00025342302979, 0.000719680683687, -0.00041701918235, 0.000170265120687, -0.000596074212808, 0.00382202793844, -0.00179631484207, -0.000326256704284, 4.25953403465e-05, -0.000725772231817, -0.00077431416139, 0.00140173349064, -0.00104011269286], [0.000272605160717, -0.000675321731251, 0.000507698685396, -0.000270393153187, -0.000705043494236, -0.00179631484207, 0.00484932027757, -0.000345255248249, -0.00143325550016, 0.000180016097147, -0.000126806509797, -0.000702603894752, 0.000719007803127], [-0.000435185764218, 0.000555466278456, -7.66834273236e-05, 0.0003466567141, -0.000596655532718, -0.000326256704284, -0.000345255248249, 0.00532950041816, -0.00110878876876, -0.000519184337463, -0.00024760721135, -0.000501252128743, -0.00115171447396], [5.05023235746e-05, -0.000868115690537, 0.000679914606735, -0.00108969956636, 0.000203816962312, 4.25953403465e-05, -0.00143325550016, -0.00110878876876, 0.00657353969291, -0.00108465924859, -0.000283382687485, -0.000515125750098, -0.00105277693365], [-7.62957060942e-05, 0.0010458570905, -0.000997458468191, 0.000939043355174, -0.000757818168495, -0.000725772231817, 0.000180016097147, -0.000519184337463, -0.00108465924859, 0.00800919905305, -0.00199219607748, -0.00114712701179, 0.000272867328022], [7.22648655938e-06, -0.00173172715586, 0.000686536659487, -0.000613476207945, 0.00134363258258, -0.00077431416139, -0.000126806509797, -0.00024760721135, -0.000283382687485, -0.00199219607748, 0.00856918934733, -0.0014364963863, -0.00183726311661], [-0.000154874040163, 0.00142148998566, -0.00110809132457, 0.000838222971652, -0.00098692451138, 0.00140173349064, -0.000702603894752, -0.000501252128743, -0.000515125750098, -0.00114712701179, -0.0014364963863, 0.00895164813846, -0.00290448334999], [0.00046118607861, -0.000650005240459, 0.000913192983717, -0.000991302076727, 0.000788609322626, -0.00104011269286, 0.000719007803127, -0.00115171447396, -0.00105277693365, 0.000272867328022, -0.00183726311661, -0.00290448334999, 0.010544795543]]
    },
    "melbands": {
        "dmean": [0.00144513137639, 0.00158712593839, 0.00113935559057, 0.00036544399336, 0.000287826580461, 0.000230331119383, 0.000207573320949, 0.000207570235943, 0.000135631227749, 0.00014011701569, 0.000106442974356, 7.58042369853e-05, 5.74760451855e-05, 3.5009757994e-05, 2.807571218e-05, 2.67593914032e-05, 2.8510692573e-05, 1.82390940608e-05, 1.44570967677e-05, 1.39173198477e-05, 1.16421933853e-05, 1.49638899529e-05, 1.01259920484e-05, 7.85771953815e-06, 5.32632793693e-06, 6.13516249359e-06, 6.91589593771e-06, 6.23803452982e-06, 3.7764255012e-06, 4.78276297144e-06, 4.28006023867e-06, 4.39921223006e-06, 3.53513291884e-06, 3.80564529223e-06, 3.19169998875e-06, 2.16769376493e-06, 2.696673846e-06, 2.43466661232e-06, 2.13445468944e-06, 2.01931084121e-06],
        "dmean2": [0.0019654429052, 0.00259569683112, 0.0019921658095, 0.000631018890999, 0.000476836721646, 0.000380303710699, 0.000341657811077, 0.000335739838192, 0.000218210640014, 0.000229036842939, 0.000175780558493, 0.000126259794342, 9.35495190788e-05, 5.69515723328e-05, 4.50012776128e-05, 4.10102111346e-05, 4.39246687165e-05, 2.86731719825e-05, 2.35738079937e-05, 2.22200960707e-05, 1.87803507288e-05, 2.53968210018e-05, 1.66641566466e-05, 1.26447366711e-05, 8.35129958432e-06, 1.01152145362e-05, 1.14129334179e-05, 1.01705381894e-05, 5.9800922827e-06, 7.62806803323e-06, 6.82180007061e-06, 7.15137366569e-06, 5.51015182282e-06, 6.15422050032e-06, 4.96503616887e-06, 3.33869229507e-06, 4.29060310125e-06, 3.93769869333e-06, 3.3947862903e-06, 3.21455604535e-06],
        "dvar": [8.46928833198e-06, 7.2695770541e-06, 1.14023378046e-05, 6.25177449365e-07, 3.77255901185e-07, 2.75913805581e-07, 2.5124583658e-07, 2.89718769864e-07, 1.26777166543e-07, 1.76680728714e-07, 1.27560113583e-07, 5.21182457192e-08, 2.1418969709e-08, 1.48505350239e-08, 7.26034876664e-09, 6.06678973725e-09, 5.19406917476e-09, 1.56470258972e-09, 1.75689007786e-09, 1.59843516201e-09, 1.61761781747e-09, 2.33604535715e-09, 6.53058718214e-10, 4.12440026576e-10, 1.35089731068e-10, 2.55202303734e-10, 3.12369297095e-10, 2.98444102764e-10, 7.03300473415e-11, 2.02904290592e-10, 1.52715506907e-10, 2.058375137e-10, 9.93989057729e-11, 1.14908610405e-10, 7.800866203e-11, 3.09861858394e-11, 7.9648683482e-11, 5.70571853653e-11, 3.62554292144e-11, 3.14870247931e-11],
        "dvar2": [1.74318684003e-05, 2.07567427424e-05, 3.19118225889e-05, 1.71583565134e-06, 9.64495711742e-07, 7.22393622254e-07, 6.29018984455e-07, 7.33625256544e-07, 3.17709520914e-07, 4.85972179831e-07, 3.49573269887e-07, 1.44180177131e-07, 5.82504071645e-08, 3.85653109447e-08, 1.77227956755e-08, 1.3191990611e-08, 1.02058139717e-08, 3.59761420654e-09, 4.24774304619e-09, 3.66518149164e-09, 4.23322621401e-09, 6.23451601456e-09, 1.56129031925e-09, 8.86559103908e-10, 3.0837529752e-10, 6.18902262772e-10, 8.04035560353e-10, 7.71817831868e-10, 1.65624639004e-10, 4.79413675425e-10, 3.84835802114e-10, 5.32409061282e-10, 2.42295405961e-10, 2.88897294975e-10, 1.85508691741e-10, 7.47811743085e-11, 1.9564701248e-10, 1.44560349802e-10, 8.92708962308e-11, 7.52727255526e-11],
        "max": [0.0517941638827, 0.0231438241899, 0.0300884842873, 0.0152805447578, 0.012621528469, 0.00870198756456, 0.00934490840882, 0.0101250223815, 0.00774617958814, 0.0120020620525, 0.0106872962788, 0.00562829524279, 0.00389426224865, 0.00492735346779, 0.00272144749761, 0.00205241516232, 0.00222915923223, 0.00100201368332, 0.00119905720931, 0.00160072545987, 0.00226960331202, 0.00150891568046, 0.000441608921392, 0.000319592072628, 0.000194437729078, 0.000201937378733, 0.000252067082329, 0.000293823337415, 0.000162351338076, 0.000183882046258, 0.000160173658514, 0.000175782566657, 0.000140507559991, 0.000136041388032, 0.000101125056972, 6.62981401547e-05, 0.000127015635371, 9.22061517485e-05, 7.20509633538e-05, 7.59658723837e-05],
        "mean": [0.00297761475667, 0.00362422363833, 0.00137669639662, 0.000474515458336, 0.000418644514866, 0.000333075411618, 0.00030900965794, 0.000298705737805, 0.000213636623812, 0.000234332735999, 0.000180491420906, 0.000138328701723, 9.79448595899e-05, 5.31704790774e-05, 4.21554723289e-05, 4.23040255555e-05, 4.58255635749e-05, 2.83968347503e-05, 2.04318657779e-05, 1.76698176801e-05, 1.41579612318e-05, 1.56709138537e-05, 1.15115926747e-05, 1.00241586551e-05, 7.66714038036e-06, 7.03897921994e-06, 7.65787808632e-06, 7.14102361599e-06, 4.51931919088e-06, 4.85180680698e-06, 4.51440200777e-06, 4.55398412669e-06, 3.98001475332e-06, 3.93735399484e-06, 3.50963546225e-06, 2.44585748987e-06, 2.6611364774e-06, 2.30098839893e-06, 2.09721542888e-06, 1.96783958017e-06],
        "median": [0.000730734085664, 0.001577680232, 0.000284907175228, 0.000175778288394, 0.000149607280036, 9.53367562033e-05, 9.83300706139e-05, 7.99418921815e-05, 3.89492051909e-05, 3.44873078575e-05, 2.88472892862e-05, 2.074976328e-05, 1.85926328413e-05, 1.02422091004e-05, 7.09654341335e-06, 6.18692229182e-06, 7.54627581045e-06, 7.0884161687e-06, 4.66375513497e-06, 3.71450823877e-06, 2.78845072899e-06, 2.32737966144e-06, 1.88910894394e-06, 2.01443845071e-06, 2.20994661504e-06, 1.96779910766e-06, 1.90245680187e-06, 1.60103229518e-06, 1.22638903122e-06, 9.30512896957e-07, 8.9108038992e-07, 8.32480395729e-07, 7.68095560488e-07, 7.36691220027e-07, 6.52017774883e-07, 4.51055370831e-07, 3.30337684318e-07, 2.60130775587e-07, 2.08218793318e-07, 1.62216537092e-07],
        "min": [3.8558858404e-24, 6.27482407106e-24, 7.76683022769e-24, 8.26225459769e-24, 1.2352505491e-23, 1.15367207631e-23, 4.59816687575e-24, 7.43277130015e-24, 7.33026592527e-24, 2.9505622443e-24, 4.42618652095e-24, 3.57627567027e-24, 6.71096120529e-24, 3.73701791262e-24, 7.8648233182e-24, 8.72861259878e-24, 4.76266094057e-24, 8.24396327988e-24, 7.81354735936e-24, 8.97169693128e-24, 1.32985287878e-23, 7.33898047169e-24, 9.87389821592e-24, 8.62879566186e-24, 8.2261113576e-24, 1.37663611699e-23, 8.01167135342e-24, 7.92181615202e-24, 6.50706590484e-24, 8.17695585687e-24, 6.26977220582e-24, 7.31201247278e-24, 9.45971468624e-24, 8.22677400076e-24, 8.96649754905e-24, 1.3775434648e-23, 7.46883644302e-24, 6.67671202023e-24, 7.98357449456e-24, 1.06091015912e-23],
        "var": [2.36309915636e-05, 1.95122374862e-05, 8.83064330992e-06, 7.09235109753e-07, 5.44673639524e-07, 4.49684648629e-07, 3.89675363976e-07, 4.31967322356e-07, 3.39692007856e-07, 3.5696976397e-07, 3.19571825003e-07, 1.72170516066e-07, 5.92429785229e-08, 2.16783693219e-08, 1.25803421014e-08, 1.53845398643e-08, 1.52311248058e-08, 3.57381413352e-09, 2.98060753856e-09, 2.17138751424e-09, 1.47073220269e-09, 1.94138372045e-09, 7.63077878663e-10, 5.72542235844e-10, 2.33751046297e-10, 2.61659499623e-10, 3.12391862378e-10, 3.14001546986e-10, 8.69987068497e-11, 1.9792165129e-10, 1.46987158556e-10, 1.8841167515e-10, 1.13501881505e-10, 1.08325348691e-10, 8.13486708551e-11, 3.43253168944e-11, 7.28501703406e-11, 5.02850087958e-11, 3.47949169477e-11, 3.07402922561e-11]
    },
    "mfcc": {
        "mean": [-675.054199219, 118.186004639, 15.0720243454, 17.4926509857, -3.87541222572, 5.59678411484, -2.18389821053, 2.54043102264, -1.77605545521, 4.15236186981, -0.990746855736, -2.28629207611, 0.0201350562274],
        "cov": [[8011.81445312, -2108.30688477, -272.606872559, -154.55821228, 307.798675537, -179.739822388, 19.4505901337, 109.472961426, 167.198410034, 116.550445557, 57.3808555603, 115.899398804, 75.148109436], [-2108.30688477, 2008.22631836, 81.0422134399, 214.769012451, 128.68800354, 214.888702393, 184.577407837, 158.956512451, 18.2473754883, 123.561302185, 108.751457214, 50.5321159363, 78.8711471558], [-272.606872559, 81.0422134399, 1564.84997559, 709.72076416, 466.375427246, 336.624206543, 120.329269409, 6.842669487, 69.2735366821, -39.4234542847, 45.0226631165, 68.8498535156, 116.233398438], [-154.55821228, 214.769012451, 709.72076416, 862.918945312, 396.230377197, 226.10496521, 74.7643127441, 103.071388245, 105.891349792, 25.9019165039, 47.7596664429, 68.0458984375, 92.9373703003], [307.798675537, 128.68800354, 466.375427246, 396.230377197, 538.458129883, 219.725326538, 138.752426147, 88.5336303711, 126.712081909, 43.5687332153, 60.6503143311, 65.9465484619, 76.1853408813], [-179.739822388, 214.888702393, 336.624206543, 226.10496521, 219.725326538, 438.858612061, 194.983001709, 103.100028992, 129.967453003, 71.3290481567, 107.634933472, 41.9771385193, 53.6266517639], [19.4505901337, 184.577407837, 120.329269409, 74.7643127441, 138.752426147, 194.983001709, 296.338500977, 110.440254211, 84.1127166748, 81.5560302734, 74.9863433838, 44.6691017151, 44.5352973938], [109.472961426, 158.956512451, 6.842669487, 103.071388245, 88.5336303711, 103.100028992, 110.440254211, 246.029693604, 133.936981201, 73.7094268799, 61.3574714661, 62.8308639526, 58.3610076904], [167.198410034, 18.2473754883, 69.2735366821, 105.891349792, 126.712081909, 129.967453003, 84.1127166748, 133.936981201, 251.296890259, 76.6715011597, 80.2877807617, 55.6126213074, 51.0871925354], [116.550445557, 123.561302185, -39.4234542847, 25.9019165039, 43.5687332153, 71.3290481567, 81.5560302734, 73.7094268799, 76.6715011597, 173.800994873, 69.4878540039, 40.6157073975, 35.8716392517], [57.3808555603, 108.751457214, 45.0226631165, 47.7596664429, 60.6503143311, 107.634933472, 74.9863433838, 61.3574714661, 80.2877807617, 69.4878540039, 148.546783447, 60.2244224548, 44.3472328186], [115.899398804, 50.5321159363, 68.8498535156, 68.0458984375, 65.9465484619, 41.9771385193, 44.6691017151, 62.8308639526, 55.6126213074, 40.6157073975, 60.2244224548, 119.76398468, 64.0433425903], [75.148109436, 78.8711471558, 116.233398438, 92.9373703003, 76.1853408813, 53.6266517639, 44.5352973938, 58.3610076904, 51.0871925354, 35.8716392517, 44.3472328186, 64.0433425903, 128.178512573]],
