{
"lowlevel": {
    "average_loudness": 0.711941182613,
    "barkbands_crest": {
        "dmean": 2.85654592514,
        "dmean2": 4.67924785614,
        "dvar": 6.64488077164,
        "dvar2": 16.8576602936,
        "max": 26.3291625977,
        "mean": 10.7101078033,
        "median": 9.80445289612,
        "min": 2.23125553131,
        "var": 22.0529155731
    },
    "barkbands_flatness_db": {
        "dmean": 0.0224648788571,
        "dmean2": 0.0341745354235,
        "dvar": 0.000456837529782,
        "dvar2": 0.00099485903047,
        "max": 0.432848364115,
        "mean": 0.142731294036,
        "median": 0.129014566541,
        "min": 0.0227814782411,
        "var": 0.00461323512718
    },
    "barkbands_kurtosis": {
        "dmean": 3.09412050247,
        "dmean2": 4.86355113983,
        "dvar": 52.9553718567,
        "dvar2": 109.845283508,
        "max": 261.111297607,
        "mean": 5.1380906105,
        "median": 2.00213956833,
        "min": -1.91992413998,
        "var": 171.320968628
    },
    "barkbands_skewness": {
        "dmean": 0.514596104622,
        "dmean2": 0.788998544216,
        "dvar": 0.357308745384,
        "dvar2": 0.796232163906,
        "max": 13.565114975,
        "mean": 1.3751860857,
        "median": 1.1552516222,
        "min": -2.76209020615,
        "var": 1.8090993166
    },
    "barkbands_spread": {
        "dmean": 5.47520017624,
        "dmean2": 8.36166667938,
        "dvar": 50.2078132629,
        "dvar2": 99.5452346802,
        "max": 115.973060608,
        "mean": 21.1656570435,
        "median": 17.4086494446,
        "min": 0.509803056717,
        "var": 247.726455688
    },
    "dissonance": {
        "dmean": 0.0234703216702,
        "dmean2": 0.0394888930023,
        "dvar": 0.00056136935018,
        "dvar2": 0.00153990194667,
        "max": 0.5,
        "mean": 0.460870653391,
        "median": 0.471556425095,
        "min": 0.150738805532,
        "var": 0.00131332117599
    },
    "dynamic_complexity": 2.93119096756,
    "erbbands_crest": {
        "dmean": 3.31851005554,
        "dmean2": 5.42258310318,
        "dvar": 9.22557258606,
        "dvar2": 23.2013835907,
        "max": 32.7686004639,
        "mean": 11.3116350174,
        "median": 9.8874168396,
        "min": 2.47037553787,
        "var": 33.8463439941
    },
    "erbbands_flatness_db": {
        "dmean": 0.0208950340748,
        "dmean2": 0.0305147841573,
        "dvar": 0.000402225909056,
        "dvar2": 0.000767163583077,
        "max": 0.48912319541,
        "mean": 0.179047301412,
        "median": 0.169527456164,
        "min": 0.0502807348967,
        "var": 0.004084860906
    },
    "erbbands_kurtosis": {
        "dmean": 1.73827457428,
        "dmean2": 2.7763094902,
        "dvar": 7.18081855774,
        "dvar2": 17.3495082855,
        "max": 72.5283126831,
        "mean": 2.34439992905,
        "median": 0.957466602325,
        "min": -1.88931083679,
        "var": 22.8257274628
    },
    "erbbands_skewness": {
        "dmean": 0.439948886633,
        "dmean2": 0.688049256802,
        "dvar": 0.188144519925,
        "dvar2": 0.422753185034,
        "max": 6.50099277496,
        "mean": 0.925465881824,
        "median": 0.840180814266,
        "min": -3.52018809319,
        "var": 0.939468681812
    },
    "erbbands_spread": {
        "dmean": 7.54339075089,
        "dmean2": 11.6628351212,
        "dvar": 86.119682312,
        "dvar2": 195.89503479,
        "max": 146.693450928,
        "mean": 31.7207298279,
        "median": 27.3581886292,
        "min": 1.09651005268,
        "var": 376.468963623
    },
    "hfc": {
        "dmean": 6.60155391693,
        "dmean2": 10.1085157394,
        "dvar": 60.2575721741,
        "dvar2": 135.900558472,
        "max": 238.121307373,
        "mean": 26.1514415741,
        "median": 21.7315692902,
        "min": 1.17307326636e-16,
        "var": 453.157897949
    },
    "melbands_crest": {
        "dmean": 3.67177915573,
        "dmean2": 6.01785564423,
        "dvar": 10.5355787277,
        "dvar2": 26.9172973633,
        "max": 38.3809013367,
        "mean": 14.4227085114,
        "median": 13.3426742554,
        "min": 1.93285679817,
        "var": 36.0855941772
    },
    "melbands_flatness_db": {
        "dmean": 0.0240768752992,
        "dmean2": 0.0367944315076,
        "dvar": 0.000564890913665,
        "dvar2": 0.00123339309357,
        "max": 0.533395588398,
        "mean": 0.185573324561,
        "median": 0.174675643444,
        "min": 0.00449517462403,
        "var": 0.00531161297113
    },
    "melbands_kurtosis": {
        "dmean": 6.11291790009,
        "dmean2": 9.77753925323,
        "dvar": 228.998214722,
        "dvar2": 529.138061523,
        "max": 659.149475098,
        "mean": 11.8275909424,
        "median": 5.27080011368,
        "min": -1.87321674824,
        "var": 863.666137695
    },
    "melbands_skewness": {
        "dmean": 0.658237040043,
        "dmean2": 1.0199598074,
        "dvar": 0.610285878181,
        "dvar2": 1.41360092163,
        "max": 23.1875190735,
        "mean": 2.0387711525,
        "median": 1.67608475685,
        "min": -1.68078756332,
        "var": 3.4211473465
    },
    "melbands_spread": {
        "dmean": 6.67480039597,
        "dmean2": 10.2717885971,
        "dvar": 104.823448181,
        "dvar2": 193.804595947,
        "max": 229.097915649,
        "mean": 24.8154621124,
        "median": 20.0377578735,
        "min": 0.463137000799,
        "var": 447.2315979
    },
    "pitch_salience": {
        "dmean": 0.0724869146943,
        "dmean2": 0.118445187807,
        "dvar": 0.00400909362361,
        "dvar2": 0.0101967062801,
        "max": 0.917288780212,
        "mean": 0.56318295002,
        "median": 0.573600649834,
        "min": 0.0306365527213,
        "var": 0.0157835613936
    },
    "silence_rate_20dB": {
        "dmean": 0,
        "dmean2": 0,
        "dvar": 0,
        "dvar2": 0,
        "max": 1,
        "mean": 1,
        "median": 1,
        "min": 1,
        "var": 0
    },
    "silence_rate_30dB": {
        "dmean": 0.0016902089119,
        "dmean2": 0.00338082597591,
        "dvar": 0.0016873559216,
        "dvar2": 0.00409387191758,
        "max": 1,
        "mean": 0.997465014458,
        "median": 1,
        "min": 0,
        "var": 0.00252791144885
    },
    "silence_rate_60dB": {
        "dmean": 0.0120729207993,
        "dmean2": 0.024028012529,
        "dvar": 0.0119264656678,
        "dvar2": 0.0265919566154,
        "max": 1,
        "mean": 0.0548044405878,
        "median": 0,
        "min": 0,
        "var": 0.0517915412784
    },
    "spectral_centroid": {
        "dmean": 238.337158203,
        "dmean2": 366.000091553,
        "dvar": 97317.8125,
        "dvar2": 184648.078125,
        "max": 11554.2353516,
        "mean": 1354.53076172,
        "median": 1252.22436523,
        "min": 228.919891357,
        "var": 463903.4375
    },
    "spectral_complexity": {
        "dmean": 3.19570207596,
        "dmean2": 5.1231584549,
        "dvar": 10.2336540222,
        "dvar2": 23.7610607147,
        "max": 53,
        "mean": 20.4262428284,
        "median": 19,
        "min": 0,
        "var": 120.176628113
    },
    "spectral_decrease": {
        "dmean": 2.11539585848e-09,
        "dmean2": 3.42187278513e-09,
        "dvar": 5.5818065017e-18,
        "dvar2": 1.46384779884e-17,
        "max": 2.40306163437e-29,
        "mean": -7.14946812863e-09,
        "median": -6.63160371062e-09,
        "min": -4.19702708143e-08,
        "var": 2.17449140166e-17
    },
    "spectral_energy": {
        "dmean": 0.00843112636358,
        "dmean2": 0.0136212976649,
        "dvar": 8.65426409291e-05,
        "dvar2": 0.000227311873459,
        "max": 0.159167125821,
        "mean": 0.0293557289988,
        "median": 0.0273644402623,
        "min": 1.05494277474e-20,
        "var": 0.000350581889506
    },
    "spectral_energyband_high": {
        "dmean": 0.000385942461435,
        "dmean2": 0.000550284341443,
        "dvar": 4.999152452e-07,
        "dvar2": 9.37932668421e-07,
        "max": 0.0194159615785,
        "mean": 0.00111188483424,
        "median": 0.000588281080127,
        "min": 7.89342027069e-21,
        "var": 2.37156837102e-06
    },
    "spectral_energyband_low": {
        "dmean": 0.0025694037322,
        "dmean2": 0.00410468457267,
        "dvar": 2.95002500934e-05,
        "dvar2": 7.49275423004e-05,
        "max": 0.157063439488,
        "mean": 0.00600722059608,
        "median": 0.00340116675943,
        "min": 9.33780333309e-23,
        "var": 0.000106258121377
    },
    "spectral_energyband_middle_high": {
        "dmean": 0.00283788167872,
        "dmean2": 0.00444496236742,
        "dvar": 2.11700826185e-05,
        "dvar2": 5.31179066456e-05,
        "max": 0.0656937286258,
        "mean": 0.00851049833,
        "median": 0.0047992374748,
        "min": 1.31944021775e-21,
        "var": 0.000108348205686
    },
    "spectral_energyband_middle_low": {
        "dmean": 0.00597933027893,
        "dmean2": 0.00974540691823,
        "dvar": 5.83874825679e-05,
        "dvar2": 0.000151884742081,
        "max": 0.103509694338,
        "mean": 0.0143393641338,
        "median": 0.0104100070894,
        "min": 2.74589102026e-22,
        "var": 0.000158912545885
    },
    "spectral_entropy": {
        "dmean": 0.160931780934,
        "dmean2": 0.240610450506,
        "dvar": 0.0312092695385,
        "dvar2": 0.0597351677716,
        "max": 9.79814338684,
        "mean": 7.64492034912,
        "median": 7.72059631348,
        "min": 5.10014867783,
        "var": 0.267809391022
    },
    "spectral_flux": {
        "dmean": 0.0230357404798,
        "dmean2": 0.0366038903594,
        "dvar": 0.000549772579689,
        "dvar2": 0.00123070913833,
        "max": 0.290001571178,
        "mean": 0.0933360010386,
        "median": 0.0903801098466,
        "min": 1.02710409622e-10,
        "var": 0.00176615105011
    },
    "spectral_kurtosis": {
        "dmean": 1.40884566307,
        "dmean2": 2.33202433586,
        "dvar": 5.66307687759,
        "dvar2": 15.3250541687,
        "max": 75.7048492432,
        "mean": 3.88742494583,
        "median": 3.38302588463,
        "min": -1.16743683815,
        "var": 12.4558019638
    },
    "spectral_rms": {
        "dmean": 0.000754763605073,
        "dmean2": 0.00119710224681,
        "dvar": 5.6061696796e-07,
        "dvar2": 1.37919232657e-06,
        "max": 0.0124613400549,
        "mean": 0.00502863666043,
        "median": 0.00516691524535,
        "min": 3.20813406222e-12,
        "var": 3.35257709594e-06
    },
    "spectral_rolloff": {
        "dmean": 474.486297607,
        "dmean2": 766.059204102,
        "dvar": 917796.4375,
        "dvar2": 1811950.625,
        "max": 18669.2871094,
        "mean": 1621.61608887,
        "median": 1076.66015625,
        "min": 43.06640625,
        "var": 2734329
    },
    "spectral_skewness": {
        "dmean": 0.200908541679,
        "dmean2": 0.314360022545,
        "dvar": 0.0500932559371,
        "dvar2": 0.118417218328,
        "max": 6.05724811554,
        "mean": 1.49806904793,
        "median": 1.49144768715,
        "min": -0.14795678854,
        "var": 0.247035712004
    },
    "spectral_spread": {
        "dmean": 520784.1875,
        "dmean2": 725038.25,
        "dvar": 580159668224,
        "dvar2": 809519087616,
        "max": 38953296,
        "mean": 4775763,
        "median": 4464762.5,
        "min": 825744.875,
        "var": 2.76990053581e+12
    },
    "spectral_strongpeak": {
        "dmean": 0.759980082512,
        "dmean2": 1.2486884594,
        "dvar": 1.11997830868,
        "dvar2": 2.81587815285,
        "max": 22.5988254547,
        "mean": 1.51288223267,
        "median": 0.896621704102,
        "min": 0,
        "var": 3.49390983582
    },
    "zerocrossingrate": {
        "dmean": 0.0102788424119,
        "dmean2": 0.0117622008547,
        "dvar": 0.00021388825553,
        "dvar2": 0.00022078762413,
        "max": 0.50146484375,
        "mean": 0.0668118968606,
        "median": 0.05712890625,
        "min": 0.0029296875,
        "var": 0.0017568791518
    },
    "barkbands": {
        "dmean": [0.000200405425858, 0.00189178180881, 0.000822702539153, 0.00051928096218, 0.00219699204899, 0.0012388516916, 0.000929174828343, 0.00212003057823, 0.00189534248784, 0.00150133692659, 0.0010785756167, 0.000820343906526, 0.000468076730613, 0.000332765135681, 0.00025850898237, 0.000200705966563, 0.000144536228618, 0.000143810873851, 0.000167396545294, 0.000115632428788, 0.000107406485768, 0.000100051052868, 8.68314236868e-05, 7.64418655308e-05, 5.35533290531e-05, 2.55071754509e-05, 2.02467026611e-06],
        "dmean2": [0.000283614936052, 0.00300630298443, 0.0014187580673, 0.000907289097086, 0.00357928662561, 0.00195594062097, 0.00154528860003, 0.00349444290623, 0.00310348649509, 0.00242719217204, 0.00176297756843, 0.00130222144071, 0.000755012733862, 0.000534258724656, 0.000429848092608, 0.000329958624206, 0.000237355197896, 0.000221652415348, 0.000266979943262, 0.000184430973604, 0.000169902297785, 0.000152494205395, 0.000132855013362, 0.000111827714136, 7.57310699555e-05, 3.67152279068e-05, 3.13852115141e-06],
        "dvar": [5.05764148784e-07, 1.70186413015e-05, 4.66135224997e-06, 1.09824338779e-06, 1.81292325578e-05, 7.79812125984e-06, 6.56369729768e-06, 1.84027248906e-05, 1.76717130671e-05, 1.09785787572e-05, 7.25796280676e-06, 4.27683971793e-06, 2.73780347015e-06, 8.24337234917e-07, 4.43278537432e-07, 2.78660451158e-07, 2.62484576297e-07, 3.35639498417e-07, 4.73467167694e-07, 4.72523780104e-08, 4.59120599317e-08, 7.51413153921e-08, 5.65028592803e-08, 4.13498000285e-08, 2.16450182222e-08, 2.36759212235e-09, 2.99092382805e-11],
        "dvar2": [9.55900191002e-07, 4.27272680099e-05, 1.29606996779e-05, 3.14186286232e-06, 4.51060514024e-05, 1.75315199158e-05, 1.77180372702e-05, 4.82057548652e-05, 4.87707548018e-05, 2.83608605969e-05, 1.8368849851e-05, 9.14922202355e-06, 6.21660137767e-06, 1.8718174033e-06, 1.11932479285e-06, 6.86412079176e-07, 5.78853587285e-07, 4.65513238623e-07, 1.04967830339e-06, 1.0604497902e-07, 1.09536713921e-07, 1.47437845044e-07, 1.17133112099e-07, 7.4957092977e-08, 3.9545476227e-08, 5.02119856804e-09, 6.81646267209e-11],
        "max": [0.0520232841372, 0.130636200309, 0.0321157164872, 0.0182504430413, 0.0723644644022, 0.0472765378654, 0.0459610708058, 0.0544534511864, 0.0845104381442, 0.0593534559011, 0.0559205450118, 0.0623280629516, 0.0575033538043, 0.022171670571, 0.0166377574205, 0.0219643134624, 0.0330377817154, 0.0428124517202, 0.0368827879429, 0.00511188944802, 0.00652740010992, 0.0168574079871, 0.00950352475047, 0.00516706611961, 0.00455616414547, 0.00121732742991, 6.80560769979e-05],
        "mean": [0.000433580076788, 0.00432319380343, 0.000981302349828, 0.000607937516179, 0.00359325739555, 0.00197933777235, 0.00130442169029, 0.00318539491855, 0.00298501900397, 0.00255374168046, 0.00171961227898, 0.00137796846684, 0.000836821564008, 0.000537511194125, 0.00043340967386, 0.000366092892364, 0.000266063696472, 0.000283297384158, 0.00037198222708, 0.00023967566085, 0.000227021373576, 0.000224236544454, 0.000208311103052, 0.000160705370945, 0.000110308821604, 4.35791844211e-05, 2.01563466362e-06],
        "median": [2.60340566456e-05, 0.00193433393724, 0.000342792714946, 0.000234203238506, 0.00152446294669, 0.000565706170164, 0.000379509583581, 0.000858880637679, 0.000944501021877, 0.00096402829513, 0.000489764206577, 0.000392224697862, 0.000241381800151, 0.000187754354556, 0.000196702516405, 0.000157226895681, 0.000132807137561, 0.000129920910695, 0.000151516302139, 0.000136599148391, 0.000119249525596, 9.44784333115e-05, 8.41573346406e-05, 5.32965023012e-05, 3.46405577147e-05, 1.13683263407e-05, 1.36934978912e-08],
        "min": [2.38900372031e-23, 3.28296267067e-23, 4.01754300363e-23, 1.49109115687e-23, 4.58166879656e-23, 2.46308817228e-23, 6.95513984564e-23, 2.91151520722e-23, 7.93412948188e-23, 8.62099004097e-23, 4.96039365963e-23, 1.09869997281e-22, 7.99709825261e-23, 1.30742196604e-22, 4.40775936129e-23, 1.45280120537e-22, 1.62097688403e-22, 1.48280594011e-22, 2.00722135858e-22, 3.53850185468e-22, 3.4901475842e-22, 4.45237790207e-22, 9.24044350856e-22, 1.0979518045e-21, 1.19681028805e-21, 1.39045910575e-21, 2.51347936997e-21],
        "var": [4.86836461278e-06, 6.26308756182e-05, 3.8444763959e-06, 1.09907296064e-06, 3.35951808665e-05, 1.7069543901e-05, 1.02169333331e-05, 3.5049757571e-05, 3.35409895342e-05, 2.72543384199e-05, 1.76686589839e-05, 1.35454893098e-05, 8.74250326888e-06, 1.57279885116e-06, 7.10927736236e-07, 6.01118472332e-07, 3.50596650378e-07, 9.55818222792e-07, 2.20471383727e-06, 1.08791098796e-07, 1.1120224741e-07, 2.32155841218e-07, 2.0739963702e-07, 1.38415913398e-07, 6.54478569118e-08, 5.02829911042e-09, 3.36909042331e-11]
    },
    "erbbands": {
        "dmean": [0.0676568076015, 0.416982293129, 0.94584351778, 1.34208059311, 3.94620275497, 8.49330711365, 12.5445976257, 8.12936878204, 11.9117126465, 22.5543575287, 48.6687927246, 43.6821784973, 35.1224517822, 48.1281242371, 44.8937187195, 30.7386951447, 21.3115901947, 16.3676223755, 14.3982429504, 11.4348783493, 8.56139755249, 7.39543056488, 7.13888549805, 9.76308250427, 5.98585510254, 5.37446069717, 5.09722614288, 3.66728115082, 3.61046433449, 3.42185211182, 2.27809333801, 1.75823318958, 1.2522970438, 0.726868152618, 0.331129014492, 0.12139967829, 0.0481793023646, 0.00862577278167, 0.000294643454254, 1.77174242708e-05],
        "dmean2": [0.0997563004494, 0.683378577232, 1.61792969704, 2.34356546402, 6.65825510025, 13.7640523911, 20.0019893646, 12.962231636, 19.735414505, 37.6267852783, 80.2754516602, 71.878944397, 56.7889862061, 77.566444397, 72.5168685913, 48.0662727356, 33.9639549255, 25.8857746124, 23.6814002991, 18.5714206696, 13.8996276855, 12.0254392624, 10.8737068176, 15.2572202682, 9.41642951965, 8.54851818085, 7.98266458511, 5.79440736771, 5.54112005234, 5.19306135178, 3.48344779015, 2.61860704422, 1.79952716827, 1.04757320881, 0.47077229619, 0.176907211542, 0.0705916807055, 0.0125098843127, 0.000429328851169, 2.6748091841e-05],
        "dvar": [0.0258710216731, 0.933939397335, 6.18168735504, 8.64363193512, 77.8065414429, 330.11340332, 816.882629395, 469.195922852, 1127.34057617, 2676.90820312, 10173.2832031, 9610.93261719, 7222.61816406, 11473.4082031, 14622.8964844, 6510.30761719, 4937.78125, 2049.46777344, 1481.75610352, 851.395629883, 376.525482178, 598.736694336, 748.00189209, 1598.11120605, 288.536071777, 102.334861755, 114.501701355, 55.6185531616, 75.0561599731, 105.605407715, 29.237695694, 23.239068985, 11.9534330368, 4.30161714554, 0.713357329369, 0.0740904211998, 0.00823200494051, 0.000323550484609, 5.37523135336e-07, 7.91989973603e-10],
        "dvar2": [0.0540196970105, 2.46616196632, 16.892332077, 24.341047287, 207.809066772, 816.872436523, 1962.03894043, 1035.38793945, 2943.28833008, 7251.05029297, 26751.9414062, 26841.9804688, 18317.5078125, 29225.0332031, 37436.3242188, 13815.7324219, 11950.7480469, 4682.80419922, 3750.58496094, 2042.2598877, 925.304077148, 1267.42932129, 1084.37585449, 3793.74511719, 620.945983887, 230.095870972, 264.182922363, 127.423858643, 149.866256714, 196.565429688, 62.6068878174, 46.4258117676, 21.839931488, 8.04491996765, 1.36720168591, 0.158892333508, 0.0175865832716, 0.00068693474168, 1.11129736524e-06, 1.71173430985e-09],
        "max": [7.80940151215, 29.2724590302, 37.9442443848, 45.4016075134, 179.513061523, 261.40435791, 505.099517822, 598.356689453, 751.533874512, 955.822570801, 1531.07226562, 2295.17016602, 2163.20678711, 2159.59301758, 2706.60009766, 3038.5234375, 2134.14428711, 1314.07177734, 1324.13781738, 997.050720215, 463.322937012, 1495.07971191, 2460.62890625, 2673.70117188, 1094.39416504, 224.317977905, 408.955993652, 192.593734741, 474.164672852, 736.979553223, 143.58505249, 146.168884277, 83.3699645996, 58.0363273621, 26.8970947266, 8.30425739288, 2.02238512039, 0.194623753428, 0.0136055704206, 0.000466534489533],
        "mean": [0.158023476601, 0.81445902586, 1.31240582466, 1.68405354023, 5.68572425842, 12.9459724426, 20.1550006866, 12.9602575302, 17.7258415222, 33.6473464966, 77.2594604492, 71.2712860107, 62.7403755188, 80.7959518433, 78.669708252, 59.3959732056, 41.6622581482, 29.0891208649, 25.1602783203, 21.7015342712, 17.248966217, 14.8966989517, 15.0401086807, 20.9816474915, 13.9748592377, 11.3762521744, 10.7800207138, 7.83348894119, 7.73793029785, 7.99831390381, 5.43100786209, 3.64453411102, 2.5220041275, 1.46147847176, 0.652702271938, 0.225251674652, 0.0758899375796, 0.0113866729662, 0.000374331662897, 4.96611428389e-05],
        "median": [0.0403409041464, 0.413103163242, 0.529926896095, 0.771133184433, 2.08689379692, 4.9764008522, 5.32508468628, 4.53522253036, 5.42138290405, 11.426733017, 22.0255775452, 25.2387256622, 23.4839458466, 32.560344696, 24.8711700439, 17.5880126953, 13.5063362122, 11.5431594849, 11.7527208328, 9.8420085907, 8.42580032349, 7.40816926956, 7.27169132233, 8.31793403625, 6.95913410187, 6.5311050415, 5.79344177246, 3.97558832169, 3.37132263184, 3.06663918495, 2.31225585938, 1.28198754787, 0.815364062786, 0.463744193316, 0.197488337755, 0.0596052259207, 0.0173340197653, 0.00140619976446, 5.34470709681e-05, 4.1881314246e-05],
        "min": [5.57017891107e-22, 9.18218139754e-21, 4.03980503198e-20, 5.70518100705e-20, 4.12546895482e-20, 1.84306464578e-19, 2.37583694417e-19, 2.50463542789e-19, 4.49026878815e-19, 1.42507771945e-18, 5.90649402068e-19, 1.88972347429e-18, 2.05307923756e-18, 3.30749263944e-18, 2.00941630213e-18, 4.62441980252e-18, 3.74410855204e-18, 3.86332802577e-18, 6.05121909162e-18, 4.81473007323e-18, 7.60125464351e-18, 9.3416476154e-18, 8.63712796152e-18, 1.07064178711e-17, 1.04465408837e-17, 1.78218511429e-17, 1.25271524144e-17, 1.66177871909e-17, 1.1671820364e-17, 2.93506710042e-17, 2.14761928141e-17, 1.93500888313e-17, 2.26088247571e-17, 1.41340996468e-17, 7.97134931163e-18, 5.15433734552e-18, 2.66400299154e-18, 1.53769318997e-18, 3.28673779899e-19, 3.41109025154e-20],
        "var": [0.157844781876, 1.97135281563, 6.05931711197, 7.97161579132, 117.299484253, 561.109558105, 1741.6496582, 928.110229492, 1989.27160645, 4700.74365234, 20335.4511719, 17948.8769531, 18789.3671875, 26290.6152344, 38143.6054688, 27369.9277344, 16835.8964844, 4041.10668945, 2173.6003418, 1823.07189941, 854.241943359, 932.288513184, 1976.47583008, 6299.82958984, 1556.45812988, 243.453964233, 288.027435303, 131.239028931, 210.94821167, 436.154846191, 105.031059265, 70.4630355835, 36.3936958313, 12.8381605148, 1.95108532906, 0.168833225965, 0.0154166026041, 0.000489934056532, 7.45188458495e-07, 1.65585334333e-09]
    },
    "gfcc": {
        "mean": [3.52627420425, 86.5701675415, -132.293136597, 23.3216552734, -76.1611633301, 18.1388549805, -29.5974330902, 9.53670310974, -22.0916290283, -2.18556976318, -13.7795095444, -1.41816401482, -6.12749385834],
        "cov": [[6168.32177734, -1491.33337402, 930.739440918, 110.517097473, 421.058258057, 652.998657227, -150.912185669, 727.176879883, -168.220230103, 695.738769531, -278.779296875, 469.392883301, -250.639633179], [-1491.33337402, 2114.640625, -104.629882812, 248.254440308, 91.7212600708, -337.54385376, 282.081115723, -372.243530273, 275.013763428, -337.334838867, 345.535766602, -270.657531738, 201.630950928], [930.739440918, -104.629882812, 1347.37109375, 341.687683105, 222.243041992, 141.840866089, -131.629974365, 118.680099487, -109.494636536, 219.727920532, -157.605117798, 160.125411987, -53.3018455505], [110.517097473, 248.254440308, 341.687683105, 538.716125488, 127.364105225, 102.358734131, 4.30980300903, -26.7286396027, 67.0224761963, -4.0634803772, 64.8743743896, 5.9274148941, 85.7516098022], [421.058258057, 91.7212600708, 222.243041992, 127.364105225, 405.571258545, 149.47668457, 104.915016174, 83.8286361694, 19.0355854034, 110.632209778, -29.2847938538, 77.9403533936, -10.856136322], [652.998657227, -337.54385376, 141.840866089, 102.358734131, 149.47668457, 386.846313477, 61.0543174744, 142.888366699, -9.65688514709, 119.573982239, -25.4910926819, 70.9717102051, -24.2717208862], [-150.912185669, 282.081115723, -131.629974365, 4.30980300903, 104.915016174, 61.0543174744, 246.703659058, 8.03914737701, 91.8465576172, -32.4918556213, 78.4133987427, -28.3212909698, 0.167807295918], [727.176879883, -372.243530273, 118.680099487, -26.7286396027, 83.8286361694, 142.888366699, 8.03914737701, 280.646972656, -3.54697561264, 149.296691895, -67.0335388184, 84.9467391968, -25.5430469513], [-168.220230103, 275.013763428, -109.494636536, 67.0224761963, 19.0355854034, -9.65688514709, 91.8465576172, -3.54697561264, 192.141143799, -23.5058689117, 96.9717254639, -39.1598243713, 46.1365776062], [695.738769531, -337.334838867, 219.727920532, -4.0634803772, 110.632209778, 119.573982239, -32.4918556213, 149.296691895, -23.5058689117, 222.148300171, -48.3598747253, 106.035507202, -42.5869483948], [-278.779296875, 345.535766602, -157.605117798, 64.8743743896, -29.2847938538, -25.4910926819, 78.4133987427, -67.0335388184, 96.9717254639, -48.3598747253, 201.591018677, -45.5683822632, 59.4542961121], [469.392883301, -270.657531738, 160.125411987, 5.9274148941, 77.9403533936, 70.9717102051, -28.3212909698, 84.9467391968, -39.1598243713, 106.035507202, -45.5683822632, 142.741546631, -15.1154165268], [-250.639633179, 201.630950928, -53.3018455505, 85.7516098022, -10.856136322, -24.2717208862, 0.167807295918, -25.5430469513, 46.1365776062, -42.5869483948, 59.4542961121, -15.1154165268, 136.014068604]],
        "icov": [[0.00032670123619, -9.85630176729e-05, 3.14648714266e-05, -0.000116078452265, 3.9253023715e-05, -0.000250531040365, 0.000257479929132, -0.000491945364047, 6.53231545584e-05, -0.00038735254202, 1.31638844323e-05, -0.000482260831632, 0.000496587133966], [-9.85630176729e-05, 0.00204250472598, -0.000825135444757, 0.000257494975813, -0.00132371624932, 0.00145742530003, -0.00137614726555, 0.00104385532904, -0.000757470086683, 0.00133582565468, -0.00181564607192, 0.00226424913853, -0.00162256020121], [3.14648714266e-05, -0.000825135444757, 0.00171455205418, -0.00119268614799, 0.000344395259162, -0.00033296100446, 0.000762281939387, -0.000312426971504, 0.000725170772057, -0.00149591523223, 0.00145072571468, -0.00133565312717, 0.00111655774526], [-0.000116078452265, 0.000257494975813, -0.00119268614799, 0.00358649948612, -0.00106434710324, -0.000900556682609, 0.000756791152526, 0.000706663005985, -0.00122703390662, 0.00152405549306, -0.00134399731178, 0.000720910320524, -0.00187703699339], [3.9253023715e-05, -0.00132371624932, 0.000344395259162, -0.00106434710324, 0.0052082631737, -0.00124335184228, -0.00180811737664, -0.000118260766612, 0.000503921182826, -0.00269515137188, 0.0025741935242, -0.00246952171437, 0.000600016850512], [-0.000250531040365, 0.00145742530003, -0.00033296100446, -0.000900556682609, -0.00124335184228, 0.00526033714414, -0.00238331011496, -0.000350097048795, 0.000437047885498, -0.000138219606015, -0.0011368279811, 0.00155836006161, -0.000929662317503], [0.000257479929132, -0.00137614726555, 0.000762281939387, 0.000756791152526, -0.00180811737664, -0.00238331011496, 0.00884879101068, -0.00190147897229, -0.00190365384333, 0.00181011040695, -0.00142094970215, -0.00127633893862, 0.00309024797752], [-0.000491945364047, 0.00104385532904, -0.000312426971504, 0.000706663005985, -0.000118260766612, -0.000350097048795, -0.00190147897229, 0.00794456619769, -0.00159646687098, -0.00259832991287, 0.00139773508999, 0.000735809153412, -0.00240076240152], [6.53231545584e-05, -0.000757470086683, 0.000725170772057, -0.00122703390662, 0.000503921182826, 0.000437047885498, -0.00190365384333, -0.00159646687098, 0.00899379048496, -0.0017017214559, -0.00167758064345, 0.000794454885181, -0.000640165701043], [-0.00038735254202, 0.00133582565468, -0.00149591523223, 0.00152405549306, -0.00269515137188, -0.000138219606015, 0.00181011040695, -0.00259832991287, -0.0017017214559, 0.0130093526095, -0.00328016187996, -0.00221895473078, 0.000866658927407], [1.31638844323e-05, -0.00181564607192, 0.00145072571468, -0.00134399731178, 0.0025741935242, -0.0011368279811, -0.00142094970215, 0.00139773508999, -0.00167758064345, -0.00328016187996, 0.01083527226, -0.00168024958111, -0.000982511555776], [-0.000482260831632, 0.00226424913853, -0.00133565312717, 0.000720910320524, -0.00246952171437, 0.00155836006161, -0.00127633893862, 0.000735809153412, 0.000794454885181, -0.00221895473078, -0.00168024958111, 0.0151903219521, -0.00354412314482], [0.000496587133966, -0.00162256020121, 0.00111655774526, -0.00187703699339, 0.000600016850512, -0.000929662317503, 0.00309024797752, -0.00240076240152, -0.000640165701043, 0.000866658927407, -0.000982511555776, -0.00354412314482, 0.0122449928895]]
    },
    "melbands": {
        "dmean": [0.000541260058526, 0.000499677145854, 0.000267092400463, 0.000455510715256, 0.000414075271692, 0.000192514387891, 0.000184791308129, 0.000288752489723, 0.000414458772866, 0.000264394446276, 0.000180864983122, 0.000205038202694, 0.000145121171954, 0.00010413632117, 6.72074529575e-05, 3.91784196836e-05, 3.32334348059e-05, 2.54969181697e-05, 1.77243418875e-05, 1.72529362317e-05, 9.80329514277e-06, 8.62833257997e-06, 8.10724941402e-06, 7.32460011932e-06, 9.08513538889e-06, 5.68651375943e-06, 3.84372378903e-06, 3.96343557441e-06, 3.64367497241e-06, 2.7623857477e-06, 2.28737849284e-06, 2.20354831981e-06, 2.24450468522e-06, 2.00547060558e-06, 1.47968137298e-06, 1.24551377212e-06, 1.12853479095e-06, 9.72782004283e-07, 8.06963385003e-07, 6.05634625117e-07],
        "dmean2": [0.000834081380162, 0.000833606987726, 0.00046008467325, 0.00075587851461, 0.000656541495118, 0.000305562687572, 0.000305804569507, 0.000479085574625, 0.000685384206008, 0.000433349050581, 0.000292407203233, 0.000329927395796, 0.000234137420193, 0.000165410936461, 0.000107040883449, 6.27684203209e-05, 5.29794269823e-05, 4.22748271376e-05, 2.93244684144e-05, 2.82752171188e-05, 1.60920717462e-05, 1.41506498039e-05, 1.32299082907e-05, 1.12135794552e-05, 1.43093220686e-05, 8.95180801308e-06, 6.20572518528e-06, 6.38604706182e-06, 5.77065520702e-06, 4.40781832367e-06, 3.69429699276e-06, 3.48324351762e-06, 3.45986109096e-06, 3.09194933834e-06, 2.29015790865e-06, 1.95465713659e-06, 1.69512759385e-06, 1.43126362673e-06, 1.18429579743e-06, 8.98478333511e-07],
        "dvar": [1.4474001091e-06, 1.54590804868e-06, 2.8583693279e-07, 1.00522674984e-06, 7.64768742556e-07, 2.23458059168e-07, 2.70748870435e-07, 4.17999274305e-07, 7.43296027395e-07, 3.52592422814e-07, 1.90638758113e-07, 2.13832777263e-07, 1.41244996144e-07, 5.96178324486e-08, 4.61301503663e-08, 1.26657742072e-08, 9.19455533932e-09, 4.94710317156e-09, 2.08770001286e-09, 2.36074404469e-09, 4.98372010327e-10, 7.58256513134e-10, 2.36048824931e-09, 1.42677658577e-09, 1.61057400749e-09, 5.21578114032e-10, 6.06613301257e-11, 6.42581474142e-11, 6.12538075817e-11, 3.14011108782e-11, 2.69635147543e-11, 3.23909996047e-11, 6.40923980555e-11, 4.32593821875e-11, 1.27280018122e-11, 1.14359884409e-11, 1.06730995569e-11, 8.29456989204e-12, 5.34772313238e-12, 3.15976715279e-12],
        "dvar2": [3.34827041115e-06, 4.13339557781e-06, 7.93461310877e-07, 2.63236847786e-06, 1.82242024493e-06, 4.91439209327e-07, 7.24154006093e-07, 1.12064594759e-06, 1.98575321519e-06, 9.71835106611e-07, 4.8275927611e-07, 5.44104011624e-07, 3.52358199507e-07, 1.3115452191e-07, 1.09152217931e-07, 3.09128651566e-08, 2.10927293409e-08, 1.23726646706e-08, 5.15628872932e-09, 5.66614488662e-09, 1.24907162391e-09, 1.85039694678e-09, 5.96275340214e-09, 1.9854011768e-09, 3.78177045235e-09, 1.08823838829e-09, 1.37365951947e-10, 1.41770387097e-10, 1.39614889094e-10, 7.6030251539e-11, 6.57766341394e-11, 7.22081491822e-11, 1.02152800108e-10, 8.03488872658e-11, 2.80184399987e-11, 2.59613580633e-11, 2.14959352401e-11, 1.63733870212e-11, 1.08145107452e-11, 6.44875906147e-12],
        "max": [0.0488304048777, 0.0228105820715, 0.0086931316182, 0.0194593258202, 0.0155868278816, 0.0115356314927, 0.00955097656697, 0.0118541782722, 0.013071378693, 0.0128445718437, 0.0103974947706, 0.00965548492968, 0.00779594760388, 0.00569532997906, 0.00754793314263, 0.00339625426568, 0.00232764147222, 0.00253823539242, 0.00160751119256, 0.00224707089365, 0.000544571899809, 0.00167329027317, 0.00341941928491, 0.00322952819988, 0.00271221413277, 0.00171172106639, 0.000297682592645, 0.000190163933439, 0.000252120895311, 0.000159113566042, 0.000180880495463, 0.00032868879498, 0.000593160919379, 0.000367769709555, 0.00013427081285, 9.95126320049e-05, 0.000101865669421, 7.59621325415e-05, 7.00386954122e-05, 6.00407620368e-05],
        "mean": [0.00129136745818, 0.000843694666401, 0.000366776715964, 0.000698107469361, 0.00068572658347, 0.00030864260043, 0.000268094358034, 0.00042437700904, 0.000655858253594, 0.000422172190156, 0.000308406801196, 0.000330572540406, 0.000245006056502, 0.000173552616616, 0.000135671027238, 6.77104253555e-05, 5.32405392732e-05, 4.09612439398e-05, 3.00086667266e-05, 3.01668933389e-05, 1.74613196577e-05, 1.53266355483e-05, 1.43153165482e-05, 1.3401247088e-05, 1.7910855604e-05, 1.24196112665e-05, 7.71870509197e-06, 7.49489299778e-06, 7.09187861503e-06, 5.34955006515e-06, 4.304894901e-06, 4.24504742114e-06, 4.53884558738e-06, 4.44847273684e-06, 3.27440693582e-06, 2.45464389081e-06, 2.13689918382e-06, 1.82257144843e-06, 1.52380039253e-06, 1.12791451556e-06],
        "median": [0.000482896517497, 0.000449071376352, 0.00017658204888, 0.000261102512013, 0.000216351589188, 0.000101710218587, 7.63812859077e-05, 0.000132816698169, 0.000181817405974, 0.000139893934829, 0.000106691572, 0.000119859127153, 7.2771726991e-05, 5.58676802029e-05, 3.05565845338e-05, 2.30650766753e-05, 1.81241412065e-05, 1.7642722014e-05, 1.37595179694e-05, 1.21379780467e-05, 8.25973256724e-06, 7.2818947956e-06, 6.74650164001e-06, 6.04361366641e-06, 6.48586592433e-06, 4.90630236527e-06, 4.3543150241e-06, 4.01192755817e-06, 3.72650424652e-06, 2.63794754574e-06, 2.01534476219e-06, 1.82309963748e-06, 1.7792201561e-06, 1.60226682056e-06, 1.3809955135e-06, 9.66928837443e-07, 6.69781059059e-07, 5.56194891033e-07, 4.88347268401e-07, 3.47102343312e-07],
        "min": [8.56349138954e-24, 1.90427425315e-23, 9.03476399407e-24, 7.48659449086e-24, 9.03913743893e-24, 5.09487630017e-24, 9.57836173297e-24, 1.38012887754e-23, 4.5781613632e-24, 1.27587270476e-23, 1.02564176577e-23, 1.37674734638e-23, 6.92260154211e-24, 9.02931375407e-24, 1.49981974501e-23, 5.52419294302e-24, 7.56922845954e-24, 1.17072535581e-23, 4.91447288305e-24, 7.6512636828e-24, 9.48025189105e-24, 1.00217354827e-23, 7.41764331458e-24, 7.61681649365e-24, 9.0589449474e-24, 6.49252285963e-24, 9.36963387061e-24, 1.25021200614e-23, 7.97918527249e-24, 7.12603693666e-24, 1.01789570389e-23, 5.73721418086e-24, 9.89167046325e-24, 1.6887678668e-23, 1.04368672232e-23, 1.57197448543e-23, 9.84695546056e-24, 1.34819168602e-23, 1.92871679275e-23, 9.29164471494e-24],
        "var": [7.54458869778e-06, 2.09830272979e-06, 3.22550761211e-07, 1.68318592841e-06, 1.67412315477e-06, 4.70474475378e-07, 4.57653953845e-07, 7.53789436203e-07, 1.49210143263e-06, 6.72855094308e-07, 4.82315215322e-07, 4.9591443485e-07, 3.72564244344e-07, 1.48757507645e-07, 2.37694905536e-07, 3.38870940197e-08, 1.69480980361e-08, 6.90045665053e-09, 3.76376574351e-09, 5.01742691839e-09, 8.82478978781e-10, 9.74192504444e-10, 2.12702944147e-09, 3.08288417017e-09, 5.52653345309e-09, 3.3662481691e-09, 1.38492065038e-10, 1.34753375125e-10, 1.40426267836e-10, 7.00626986982e-11, 4.88827103795e-11, 6.27228269323e-11, 1.74389641616e-10, 1.72216768624e-10, 4.46160226819e-11, 2.74670095696e-11, 2.95693920738e-11, 2.147457559e-11, 1.42674587422e-11, 8.00364288733e-12]
    },
    "mfcc": {
        "mean": [-630.867980957, 112.037025452, -2.78434729576, 6.60365486145, -14.7418203354, 2.15024518967, -0.149838656187, 7.40240764618, 0.0491858422756, 3.26115703583, -2.60132813454, -2.80329728127, -1.52332675457],
        "cov": [[5067.29345703, -877.861633301, 125.578178406, -50.5669898987, 374.236297607, 185.454116821, 207.089599609, 172.859970093, 261.334716797, 199.998809814, 221.010635376, 186.216827393, 183.951583862], [-877.861633301, 1359.82214355, 25.9311599731, 258.04196167, -28.940536499, -10.446931839, 20.5301055908, -9.03089332581, -74.5060119629, 20.1389522552, -26.6011180878, 28.5337715149, 19.8032970428], [125.578178406, 25.9311599731, 921.729370117, 303.76574707, 242.838058472, 118.597953796, 17.6224040985, -40.084602356, 38.1663322449, -45.8115921021, -3.11353516579, 24.285068512, 2.48867678642], [-50.5669898987, 258.04196167, 303.76574707, 439.106658936, 179.033721924, 85.4504470825, 17.1754703522, -7.77799034119, 19.8160324097, -12.4414663315, -25.5393562317, 35.3551750183, 24.5474300385], [374.236297607, -28.940536499, 242.838058472, 179.033721924, 322.855224609, 141.62046814, 77.7064208984, 20.9190406799, 96.8358230591, 19.7117500305, 18.8019771576, 41.2607688904, 22.4045944214], [185.454116821, -10.446931839, 118.597953796, 85.4504470825, 141.62046814, 264.66192627, 102.001945496, 58.1875915527, 38.1070022583, 28.449016571, 31.1090297699, 27.6539325714, 34.8566818237], [207.089599609, 20.5301055908, 17.6224040985, 17.1754703522, 77.7064208984, 102.001945496, 186.989974976, 67.9772491455, 48.4556541443, 39.6229515076, 36.033203125, 29.9626789093, 31.9453105927], [172.859970093, -9.03089332581, -40.084602356, -7.77799034119, 20.9190406799, 58.1875915527, 67.9772491455, 135.925765991, 55.8026275635, 41.8652954102, 39.5647659302, 15.2618999481, 27.3968753815], [261.334716797, -74.5060119629, 38.1663322449, 19.8160324097, 96.8358230591, 38.1070022583, 48.4556541443, 55.8026275635, 166.229766846, 45.4673347473, 35.0869636536, 24.1510429382, 3.44597196579], [199.998809814, 20.1389522552, -45.8115921021, -12.4414663315, 19.7117500305, 28.449016571, 39.6229515076, 41.8652954102, 45.4673347473, 114.503105164, 52.5133399963, 29.2194328308, 23.7903060913], [221.010635376, -26.6011180878, -3.11353516579, -25.5393562317, 18.8019771576, 31.1090297699, 36.033203125, 39.5647659302, 35.0869636536, 52.5133399963, 114.769088745, 43.6966094971, 33.92628479], [186.216827393, 28.5337715149, 24.285068512, 35.3551750183, 41.2607688904, 27.6539325714, 29.9626789093, 15.2618999481, 24.1510429382, 29.2194328308, 43.6966094971, 103.390312195, 44.0765762329], [183.951583862, 19.8032970428, 2.48867678642, 24.5474300385, 22.4045944214, 34.8566818237, 31.9453105927, 27.3968753815, 3.44597196579, 23.7903060913, 33.92628479, 44.0765762329, 108.837417603]],
