{
"lowlevel": {
    "average_loudness": 0.728094339371,
    "barkbands_crest": {
        "dmean": 2.95615959167,
        "dmean2": 4.73922157288,
        "dvar": 6.85353755951,
        "dvar2": 16.0361557007,
        "max": 25.9719867706,
        "mean": 11.9371500015,
        "median": 11.2070808411,
        "min": 2.78699278831,
        "var": 18.4337692261
    },
    "barkbands_flatness_db": {
        "dmean": 0.0238909684122,
        "dmean2": 0.0362171977758,
        "dvar": 0.000481091963593,
        "dvar2": 0.0010606253054,
        "max": 0.435992151499,
        "mean": 0.165365830064,
        "median": 0.146889716387,
        "min": 0.0329053848982,
        "var": 0.00463184667751
    },
    "barkbands_kurtosis": {
        "dmean": 3.401876688,
        "dmean2": 5.4117975235,
        "dvar": 34.2297744751,
        "dvar2": 81.8561401367,
        "max": 155.625579834,
        "mean": 5.94694805145,
        "median": 3.08387041092,
        "min": -1.92972636223,
        "var": 102.941925049
    },
    "barkbands_skewness": {
        "dmean": 0.561348855495,
        "dmean2": 0.867381930351,
        "dvar": 0.339962661266,
        "dvar2": 0.792691409588,
        "max": 10.6586751938,
        "mean": 1.75556135178,
        "median": 1.62356352806,
        "min": -2.19804644585,
        "var": 1.50757062435
    },
    "barkbands_spread": {
        "dmean": 5.24692869186,
        "dmean2": 8.1853055954,
        "dvar": 54.6947937012,
        "dvar2": 106.62260437,
        "max": 106.186050415,
        "mean": 19.0176811218,
        "median": 16.6554584503,
        "min": 0.669880151749,
        "var": 206.073745728
    },
    "dissonance": {
        "dmean": 0.0240434519947,
        "dmean2": 0.0405761674047,
        "dvar": 0.000652345479466,
        "dvar2": 0.00172562827356,
        "max": 0.500000059605,
        "mean": 0.454383075237,
        "median": 0.468309760094,
        "min": 0.108772456646,
        "var": 0.00184154079761
    },
    "dynamic_complexity": 3.29798007011,
    "erbbands_crest": {
        "dmean": 2.88700795174,
        "dmean2": 4.71204948425,
        "dvar": 7.17317152023,
        "dvar2": 17.9391136169,
        "max": 31.0116043091,
        "mean": 10.3006591797,
        "median": 9.24531364441,
        "min": 2.17789149284,
        "var": 29.4380626678
    },
    "erbbands_flatness_db": {
        "dmean": 0.0183586701751,
        "dmean2": 0.0272277649492,
        "dvar": 0.000337978126481,
        "dvar2": 0.00065628066659,
        "max": 0.408602982759,
        "mean": 0.174017369747,
        "median": 0.161356598139,
        "min": 0.0539154596627,
        "var": 0.0053200982511
    },
    "erbbands_kurtosis": {
        "dmean": 1.35289788246,
        "dmean2": 2.19338393211,
        "dvar": 3.65306520462,
        "dvar2": 8.99825763702,
        "max": 58.7564048767,
        "mean": 1.70792675018,
        "median": 0.602892279625,
        "min": -1.84703361988,
        "var": 12.3524913788
    },
    "erbbands_skewness": {
        "dmean": 0.418652236462,
        "dmean2": 0.66022413969,
        "dvar": 0.16660900414,
        "dvar2": 0.366229653358,
        "max": 6.37575674057,
        "mean": 0.731911957264,
        "median": 0.698448121548,
        "min": -3.59992313385,
        "var": 0.886723339558
    },
    "erbbands_spread": {
        "dmean": 7.49328613281,
        "dmean2": 11.7196798325,
        "dvar": 86.9591827393,
        "dvar2": 202.896865845,
        "max": 135.103485107,
        "mean": 34.3074111938,
        "median": 30.576915741,
        "min": 2.41274738312,
        "var": 405.694152832
    },
    "hfc": {
        "dmean": 6.47390222549,
        "dmean2": 10.3687009811,
        "dvar": 97.4109649658,
        "dvar2": 251.965957642,
        "max": 139.04586792,
        "mean": 21.5631923676,
        "median": 17.6389942169,
        "min": 1.15853791629e-16,
        "var": 339.469299316
    },
    "melbands_crest": {
        "dmean": 3.7335562706,
        "dmean2": 5.97527551651,
        "dvar": 11.1912631989,
        "dvar2": 26.5589904785,
        "max": 37.3842086792,
        "mean": 16.8190364838,
        "median": 15.8748569489,
        "min": 2.08795976639,
        "var": 34.4935035706
    },
    "melbands_flatness_db": {
        "dmean": 0.0273447800428,
        "dmean2": 0.0411044619977,
        "dvar": 0.00067482580198,
        "dvar2": 0.00145316089038,
        "max": 0.559950828552,
        "mean": 0.228372678161,
        "median": 0.211254805326,
        "min": 0.00597241753712,
        "var": 0.00557356281206
    },
    "melbands_kurtosis": {
        "dmean": 7.60818386078,
        "dmean2": 12.1752891541,
        "dvar": 159.75302124,
        "dvar2": 402.951629639,
        "max": 284.413635254,
        "mean": 14.7196073532,
        "median": 9.05537414551,
        "min": -1.83902215958,
        "var": 367.455932617
    },
    "melbands_skewness": {
        "dmean": 0.783944666386,
        "dmean2": 1.22460579872,
        "dvar": 0.650015830994,
        "dvar2": 1.60350096226,
        "max": 13.9072437286,
        "mean": 2.66487717628,
        "median": 2.45845675468,
        "min": -1.3129529953,
        "var": 2.95453739166
    },
    "melbands_spread": {
        "dmean": 5.53340244293,
        "dmean2": 8.7125453949,
        "dvar": 85.8400421143,
        "dvar2": 172.117324829,
        "max": 204.012329102,
        "mean": 18.1495342255,
        "median": 15.4213981628,
        "min": 0.710493981838,
        "var": 253.843780518
    },
    "pitch_salience": {
        "dmean": 0.0777131393552,
        "dmean2": 0.125069022179,
        "dvar": 0.00530839525163,
        "dvar2": 0.0133338570595,
        "max": 0.956199586391,
        "mean": 0.513363003731,
        "median": 0.512347877026,
        "min": 0.0826180279255,
        "var": 0.0150770898908
    },
    "silence_rate_20dB": {
        "dmean": 0,
        "dmean2": 0,
        "dvar": 0,
        "dvar2": 0,
        "max": 1,
        "mean": 1,
        "median": 1,
        "min": 1,
        "var": 0
    },
    "silence_rate_30dB": {
        "dmean": 0.0124535979703,
        "dmean2": 0.0249101798981,
        "dvar": 0.0122984899208,
        "dvar2": 0.0333927720785,
        "max": 1,
        "mean": 0.990181982517,
        "median": 1,
        "min": 0,
        "var": 0.00972175039351
    },
    "silence_rate_60dB": {
        "dmean": 0.0126930903643,
        "dmean2": 0.0252694617957,
        "dvar": 0.0125311724842,
        "dvar2": 0.0289443060756,
        "max": 1,
        "mean": 0.045977011323,
        "median": 0,
        "min": 0,
        "var": 0.0438650436699
    },
    "spectral_centroid": {
        "dmean": 226.238586426,
        "dmean2": 356.686065674,
        "dvar": 94037.640625,
        "dvar2": 179984.578125,
        "max": 10736.3652344,
        "mean": 1192.9230957,
        "median": 1113.21435547,
        "min": 192.074569702,
        "var": 392668.25
    },
    "spectral_complexity": {
        "dmean": 3.70302963257,
        "dmean2": 5.9602394104,
        "dvar": 19.4691791534,
        "dvar2": 43.5174064636,
        "max": 55,
        "mean": 18.7705936432,
        "median": 18,
        "min": 0,
        "var": 109.709022522
    },
    "spectral_decrease": {
        "dmean": 2.7917308465e-09,
        "dmean2": 4.49288828364e-09,
        "dvar": 1.21134942793e-17,
        "dvar2": 3.10444225701e-17,
        "max": -1.46528075407e-29,
        "mean": -8.94687524067e-09,
        "median": -7.75799247066e-09,
        "min": -4.40726033446e-08,
        "var": 4.07337813462e-17
    },
    "spectral_energy": {
        "dmean": 0.0109549462795,
        "dmean2": 0.0176500733942,
        "dvar": 0.000185432931175,
        "dvar2": 0.000477245514048,
        "max": 0.16774597764,
        "mean": 0.0357234291732,
        "median": 0.03095331043,
        "min": 1.05706993754e-20,
        "var": 0.00063867715653
    },
    "spectral_energyband_high": {
        "dmean": 0.000367901404388,
        "dmean2": 0.000563878333196,
        "dvar": 6.43372061404e-07,
        "dvar2": 1.48002902733e-06,
        "max": 0.0122627327219,
        "mean": 0.00078981538536,
        "median": 0.000432414875831,
        "min": 7.51604173444e-21,
        "var": 1.37677034218e-06
    },
    "spectral_energyband_low": {
        "dmean": 0.00635660020635,
        "dmean2": 0.0100779542699,
        "dvar": 0.000125597711303,
        "dvar2": 0.000304077955661,
        "max": 0.154050633311,
        "mean": 0.0150711610913,
        "median": 0.0112368697301,
        "min": 2.38421170586e-23,
        "var": 0.000308079266688
    },
    "spectral_energyband_middle_high": {
        "dmean": 0.00190555653535,
        "dmean2": 0.00309049058706,
        "dvar": 1.26864351842e-05,
        "dvar2": 3.46342712874e-05,
        "max": 0.120880059898,
        "mean": 0.005528266076,
        "median": 0.00326404813677,
        "min": 1.6231523226e-21,
        "var": 6.34694370092e-05
    },
    "spectral_energyband_middle_low": {
        "dmean": 0.00647394452244,
        "dmean2": 0.010657556355,
        "dvar": 6.8091074354e-05,
        "dvar2": 0.000184856151463,
        "max": 0.0939495190978,
        "mean": 0.0152437202632,
        "median": 0.0116487666965,
        "min": 3.62804072287e-22,
        "var": 0.000167742487974
    },
    "spectral_entropy": {
        "dmean": 0.159646689892,
        "dmean2": 0.238982126117,
        "dvar": 0.0317747555673,
        "dvar2": 0.060141954571,
        "max": 9.81109428406,
        "mean": 7.54456615448,
        "median": 7.66973733902,
        "min": 5.26481246948,
        "var": 0.341247677803
    },
    "spectral_flux": {
        "dmean": 0.0257360860705,
        "dmean2": 0.0414488129318,
        "dvar": 0.000757510424592,
        "dvar2": 0.00164348469116,
        "max": 0.280208826065,
        "mean": 0.0919254422188,
        "median": 0.0827933549881,
        "min": 1.03997838119e-10,
        "var": 0.00248260167427
    },
    "spectral_kurtosis": {
        "dmean": 1.99712705612,
        "dmean2": 3.35145139694,
        "dvar": 14.3848924637,
        "dvar2": 38.7453842163,
        "max": 89.5257339478,
        "mean": 4.97076272964,
        "median": 3.480219841,
        "min": -1.1983590126,
        "var": 36.0242424011
    },
    "spectral_rms": {
        "dmean": 0.000850021431688,
        "dmean2": 0.00134958478156,
        "dvar": 7.69788869093e-07,
        "dvar2": 1.86757984011e-06,
        "max": 0.0127927558497,
        "mean": 0.00549444044009,
        "median": 0.00549530237913,
        "min": 3.21136693626e-12,
        "var": 4.66320807391e-06
    },
    "spectral_rolloff": {
        "dmean": 380.649505615,
        "dmean2": 636.26373291,
        "dvar": 685625.625,
        "dvar2": 1265514.375,
        "max": 18604.6875,
        "mean": 1059.29638672,
        "median": 710.595703125,
        "min": 43.06640625,
        "var": 1615142.625
    },
    "spectral_skewness": {
        "dmean": 0.234412193298,
        "dmean2": 0.374210715294,
        "dvar": 0.0861928910017,
        "dvar2": 0.21289268136,
        "max": 6.81453084946,
        "mean": 1.61136209965,
        "median": 1.50119102001,
        "min": -0.323549300432,
        "var": 0.415273398161
    },
    "spectral_spread": {
        "dmean": 442833.3125,
        "dmean2": 631424.75,
        "dvar": 597814607872,
        "dvar2": 782540668928,
        "max": 45946884,
        "mean": 4496126.5,
        "median": 4453285,
        "min": 718009.25,
        "var": 2.7921112105e+12
    },
    "spectral_strongpeak": {
        "dmean": 0.523318946362,
        "dmean2": 0.885518074036,
        "dvar": 0.704553365707,
        "dvar2": 1.80196046829,
        "max": 8.79621601105,
        "mean": 1.03869783878,
        "median": 0.439745724201,
        "min": 0,
        "var": 1.65020787716
    },
    "zerocrossingrate": {
        "dmean": 0.00904013216496,
        "dmean2": 0.0108284996822,
        "dvar": 0.00018843181897,
        "dvar2": 0.000197017274331,
        "max": 0.515625,
        "mean": 0.0496007092297,
        "median": 0.044921875,
        "min": 0.00341796875,
        "var": 0.00107600155752
    },
    "barkbands": {
        "dmean": [0.000484898278955, 0.00509694591165, 0.00220255227759, 0.00137359392829, 0.00191545393318, 0.00082746433327, 0.000890688970685, 0.00137804669794, 0.00276155141182, 0.000832355406601, 0.00061260984512, 0.000473617692478, 0.00036962077138, 0.000267267809249, 0.000228046003031, 0.000135907510412, 0.000131468870677, 0.000124505721033, 0.000119488344353, 9.22319595702e-05, 9.23092738958e-05, 9.79576943791e-05, 8.38496416691e-05, 5.27678676008e-05, 4.35622605437e-05, 2.48508149525e-05, 1.42441467688e-06],
        "dmean2": [0.000752549560275, 0.00757308769971, 0.00393721461296, 0.00234345742501, 0.00315738958307, 0.00133811868727, 0.00145297020208, 0.00219785096124, 0.00459835864604, 0.00140808138531, 0.00100970175117, 0.000777737295721, 0.000617484678514, 0.000434840418166, 0.000384071579902, 0.000226118601859, 0.00021800948889, 0.000208167170058, 0.000199517860892, 0.000154001972987, 0.000152813649038, 0.000156357433298, 0.000132058587042, 7.79745168984e-05, 6.8292945798e-05, 4.10850261687e-05, 2.37943640968e-06],
        "dvar": [1.05109916149e-06, 9.69013344729e-05, 3.58619618055e-05, 7.02921306583e-06, 1.20454524222e-05, 2.94515552923e-06, 6.75937189953e-06, 8.49024036143e-06, 3.27754751197e-05, 9.2869204309e-06, 1.88162016457e-06, 1.56965495535e-06, 5.79005700274e-07, 3.85867849673e-07, 1.74550635279e-07, 7.52736823983e-08, 5.96714997414e-08, 4.95216099239e-08, 5.65803190966e-08, 2.99948617055e-08, 3.49510074216e-08, 4.21945252072e-08, 4.14819929517e-08, 2.33310082365e-08, 1.3803227894e-08, 7.2183743427e-09, 3.26347872337e-11],
        "dvar2": [2.40916597249e-06, 0.000202562921913, 9.93913708953e-05, 1.86893612408e-05, 3.07936643367e-05, 7.17918464943e-06, 1.79561902769e-05, 2.05528358492e-05, 9.11952884053e-05, 2.65336293523e-05, 4.96882557854e-06, 4.11741029893e-06, 1.57052534178e-06, 9.48524473188e-07, 4.56437049934e-07, 1.9341067059e-07, 1.56926276418e-07, 1.33276458314e-07, 1.51523963154e-07, 7.90218166458e-08, 8.9875697995e-08, 9.50938883193e-08, 9.20289835449e-08, 4.43919034865e-08, 3.00584801494e-08, 1.9097580406e-08, 8.4476460549e-11],
        "max": [0.0528788082302, 0.11691108346, 0.0655883103609, 0.0306636840105, 0.0491913892329, 0.0307224020362, 0.0494697466493, 0.048671901226, 0.0834953933954, 0.100698143244, 0.0293307602406, 0.0404236763716, 0.0133986193687, 0.0206078104675, 0.00646585132927, 0.0067524658516, 0.00738497357816, 0.00467185722664, 0.00425261585042, 0.00252044340596, 0.00261451397091, 0.00577510613948, 0.00500983232632, 0.00374314375222, 0.00274293427356, 0.00140922062565, 0.000124008860439],
        "mean": [0.00108120206278, 0.0108858058229, 0.00241257995367, 0.0017530634068, 0.00305829476565, 0.00126378540881, 0.00142646965105, 0.00226519745775, 0.00504073686898, 0.00137548171915, 0.000968568143435, 0.000843866961077, 0.000617285142653, 0.000477807538118, 0.000411520013586, 0.000254265411058, 0.000247331248829, 0.000236517022131, 0.000222904316615, 0.000166306155734, 0.000164478420629, 0.000177711466677, 0.000153360728291, 9.84967628028e-05, 7.52100313548e-05, 4.37116032117e-05, 1.43713350553e-06],
        "median": [0.000288121926133, 0.00713683571666, 0.000837866857182, 0.000723483972251, 0.00133145297877, 0.000526723277289, 0.000316639605444, 0.000564205809496, 0.00102624576539, 0.000250820856309, 0.000299269508105, 0.000261635606876, 0.000218971064896, 0.000166171026649, 0.000205214251764, 0.000115970455226, 0.000136605929583, 0.000120509634144, 0.000126399856526, 0.000113281101221, 9.95028094621e-05, 8.91801464604e-05, 7.10884050932e-05, 3.59509285772e-05, 2.2573491151e-05, 4.74670650874e-06, 2.8776088179e-09],
        "min": [5.91165499283e-24, 2.84849113734e-24, 1.4898580095e-23, 2.48092751223e-24, 9.6729127078e-23, 1.61987569732e-23, 7.56903708188e-23, 4.27218856602e-23, 4.37597773314e-23, 6.60669114856e-23, 2.53613905868e-23, 9.01249161081e-23, 1.0401555127e-22, 7.73068036116e-23, 1.35204927895e-22, 1.01479319283e-22, 1.54750502989e-22, 1.34100636224e-22, 2.62128987231e-22, 3.16785486417e-22, 2.7768587964e-22, 5.21091019782e-22, 6.08915447096e-22, 6.05541141906e-22, 1.14495145566e-21, 1.68167191781e-21, 2.45848720731e-21],
        "var": [6.02924183113e-06, 0.000211548307561, 2.64384725597e-05, 8.17621548777e-06, 2.26294123422e-05, 5.39158418178e-06, 1.48523149619e-05, 2.38627180806e-05, 8.08352560853e-05, 2.00337290153e-05, 3.88667967854e-06, 4.61252420791e-06, 1.26753207041e-06, 8.82310985162e-07, 3.49764547991e-07, 2.05275156873e-07, 1.35217604225e-07, 1.10329224867e-07, 9.5124775612e-08, 4.27149267068e-08, 5.0169301602e-08, 7.93041650127e-08, 9.1269839686e-08, 5.93737183863e-08, 2.898132756e-08, 8.64353211227e-09, 2.9786610678e-11]
    },
    "erbbands": {
        "dmean": [0.224229425192, 0.94980019331, 2.22223973274, 3.48212099075, 5.4510641098, 7.38152885437, 7.15577220917, 6.39882946014, 7.71348237991, 19.0659160614, 39.7234535217, 63.1578865051, 32.4559249878, 26.3890705109, 18.0117950439, 17.3322734833, 16.1006011963, 13.7542943954, 11.5011053085, 9.16666889191, 7.04035902023, 7.26586103439, 6.73147726059, 5.84423160553, 5.99082422256, 4.18601226807, 3.73259758949, 3.78599071503, 3.58023810387, 3.19493889809, 2.22948265076, 1.28036105633, 0.829015910625, 0.507956147194, 0.303581774235, 0.148219436407, 0.0411516241729, 0.00564114563167, 0.000173834938323, 1.68347360159e-05],
        "dmean2": [0.33562874794, 1.42905032635, 3.89601492882, 5.9931397438, 9.15842628479, 12.0372362137, 11.5183506012, 10.4053325653, 12.6303167343, 30.9505214691, 64.4964294434, 105.108184814, 54.2546730042, 43.0614967346, 30.0324134827, 28.4514369965, 26.7892475128, 22.4110832214, 19.2381477356, 15.349905014, 11.6184988022, 11.9336128235, 11.2544183731, 9.78887939453, 10.0422401428, 7.05140686035, 6.22409582138, 6.25894117355, 5.74877929688, 5.12902832031, 3.4985294342, 1.91783845425, 1.23936462402, 0.791270554066, 0.473970353603, 0.254123210907, 0.0662891343236, 0.00899663101882, 0.00027579642483, 2.69263200607e-05],
        "dvar": [0.217696517706, 3.10399055481, 33.2199020386, 55.7440223694, 104.346847534, 230.666122437, 269.365356445, 182.396453857, 417.571136475, 2281.57250977, 6495.18896484, 18272.3710938, 11314.3056641, 4576.91796875, 1482.31384277, 2459.65966797, 1099.41101074, 967.030944824, 438.322570801, 331.834960938, 196.407669067, 189.344207764, 142.719985962, 120.746368408, 151.658935547, 67.7059936523, 56.2387695312, 61.9193725586, 52.5436058044, 60.1324691772, 30.1782093048, 13.4201068878, 5.98362159729, 1.88511312008, 0.743507266045, 0.26559779048, 0.0175840947777, 0.000405473198043, 4.14099929458e-07, 8.8381124641e-10],
        "dvar2": [0.459491789341, 6.72753286362, 91.2123184204, 150.608276367, 269.051483154, 578.508361816, 657.012390137, 447.466003418, 1119.52087402, 5676.19580078, 16740.8554688, 50898.9375, 33018.7773438, 12629.3076172, 4039.94677734, 6413.82421875, 2990.7512207, 2518.01831055, 1116.93701172, 864.207824707, 490.867767334, 495.042999268, 378.754638672, 321.834686279, 403.321166992, 181.220443726, 146.6144104, 158.58744812, 124.948867798, 132.474212646, 65.2336349487, 27.4069747925, 11.0526990891, 3.81224966049, 1.7395607233, 0.735429883003, 0.0442900024354, 0.00101091805845, 9.9176202184e-07, 2.10282347091e-09],
        "max": [7.53877067566, 24.8958110809, 63.3188171387, 82.6231002808, 149.338348389, 267.399871826, 357.778289795, 330.509887695, 405.18069458, 774.354370117, 1100.23522949, 2372.20996094, 3070.66601562, 2061.8918457, 736.180603027, 1932.02001953, 627.365356445, 922.178161621, 543.461669922, 332.705047607, 439.090209961, 495.455810547, 317.31149292, 198.272720337, 203.945877075, 124.964241028, 91.7826690674, 100.460014343, 141.601242065, 203.646224976, 132.667068481, 110.033981323, 66.4365081787, 37.4671974182, 20.8206577301, 8.07340049744, 2.14353919029, 0.381243139505, 0.0124828498811, 0.000549489341211],
        "mean": [0.461352527142, 1.85799765587, 2.86648964882, 4.33516979218, 8.12438964844, 11.3537349701, 10.7074756622, 9.88037586212, 12.879532814, 34.1418838501, 69.468208313, 113.248817444, 59.1447906494, 47.5052719116, 32.9058265686, 32.9302330017, 29.3240585327, 25.9695796967, 22.2395591736, 17.8111686707, 14.4815969467, 14.564031601, 13.6358795166, 11.6457033157, 10.6691598892, 7.64611959457, 6.63697242737, 6.61121702194, 6.34223842621, 5.63273668289, 4.16559886932, 2.36098051071, 1.51117920876, 0.901514470577, 0.493244171143, 0.213156312704, 0.0797238722444, 0.0101629020646, 0.000291516422294, 5.24581082573e-05],
        "median": [0.272704005241, 1.07429432869, 1.34392118454, 2.20719337463, 3.59566688538, 3.98398828506, 3.96531677246, 4.47787761688, 4.24170875549, 9.20710754395, 19.1106719971, 24.7613868713, 12.923078537, 12.7776861191, 11.9110298157, 10.5882806778, 11.4109363556, 9.98237228394, 10.8796806335, 8.97122764587, 7.46317863464, 8.06910514832, 7.30711555481, 6.42077970505, 6.36157369614, 5.23332309723, 4.27914428711, 3.55238056183, 3.19959878922, 2.65439176559, 1.94967865944, 0.939340770245, 0.517162442207, 0.282202601433, 0.142475932837, 0.0427827499807, 0.0043165916577, 0.000202776835067, 3.49435322278e-05, 4.26199403591e-05],
        "min": [1.00368931295e-22, 1.07492423524e-21, 1.50540619162e-20, 1.38339365854e-20, 1.15194038059e-19, 4.20458412752e-19, 2.10119708342e-19, 2.25370372673e-19, 9.51386848009e-19, 9.00195638428e-19, 1.19040275396e-18, 9.61421582815e-19, 1.83284984409e-18, 2.31872973885e-18, 1.98270581297e-18, 4.29641787422e-18, 4.70644179129e-18, 4.20949773545e-18, 6.43500814837e-18, 9.09910585209e-18, 7.25857935832e-18, 9.87695589445e-18, 8.2055903175e-18, 9.01786348105e-18, 1.38619539165e-17, 1.35347055498e-17, 1.34406286443e-17, 1.27769212547e-17, 1.89362172836e-17, 1.76689732765e-17, 1.77272382245e-17, 1.20774043892e-17, 1.21196749728e-17, 9.89193365381e-18, 9.40102925722e-18, 5.74315304326e-18, 3.04028083474e-18, 1.32389998545e-18, 3.34624465527e-19, 3.31826216912e-20],
        "var": [0.439696460962, 6.58937549591, 27.351228714, 49.5679702759, 160.229202271, 490.707824707, 543.02545166, 323.560119629, 860.603271484, 6200.33544922, 16444.1425781, 43595.5, 24827.4667969, 11460.0419922, 3809.85229492, 7895.87304688, 2660.39550781, 2189.78979492, 1019.37713623, 686.31463623, 613.527770996, 466.181152344, 353.675415039, 246.397323608, 218.592880249, 90.7694778442, 74.9666595459, 92.018409729, 93.3716125488, 115.618080139, 69.3521575928, 30.6352558136, 15.2898054123, 4.57239866257, 1.26644217968, 0.243624001741, 0.0265098605305, 0.000580835912842, 5.72297153667e-07, 2.14362105844e-09]
    },
    "gfcc": {
        "mean": [-8.25667858124, 106.029472351, -122.805511475, 33.1024017334, -65.0933074951, 20.0659713745, -25.0388393402, 9.32703018188, -14.2702560425, -1.03889071941, -15.1035337448, -4.03014945984, -7.64389419556],
        "cov": [[7378.75292969, -2685.94018555, 870.934082031, 273.395446777, 170.809936523, 798.772216797, -394.75592041, 1073.29870605, -309.035369873, 886.265625, -185.874938965, 504.59362793, -423.184906006], [-2685.94018555, 2529.23291016, -199.692443848, 59.8966827393, 242.74369812, -517.678955078, 481.875518799, -531.350036621, 354.032653809, -465.271362305, 289.062988281, -276.473358154, 210.700820923], [870.934082031, -199.692443848, 1385.20568848, 524.852661133, 250.781921387, 141.821777344, -110.102981567, 94.8367538452, -151.924499512, 255.258743286, -78.8154907227, 182.780487061, -157.092315674], [273.395446777, 59.8966827393, 524.852661133, 727.85369873, 174.644760132, 144.069549561, -41.025062561, 36.9133110046, 2.6638007164, 23.8964767456, 92.4842987061, 28.1565990448, 48.3096847534], [170.809936523, 242.74369812, 250.781921387, 174.644760132, 509.676452637, 41.5618553162, 181.957489014, 107.744255066, 45.0447235107, 140.136016846, 13.0221509933, 84.9635772705, -47.4661331177], [798.772216797, -517.678955078, 141.821777344, 144.069549561, 41.5618553162, 335.325195312, -23.2921161652, 208.343338013, -38.7473640442, 122.799217224, 9.00535011292, 64.289100647, -9.41678714752], [-394.75592041, 481.875518799, -110.102981567, -41.025062561, 181.957489014, -23.2921161652, 389.455444336, 3.52170085907, 122.626495361, -36.2964286804, 84.4730911255, 4.41808748245, 12.653591156], [1073.29870605, -531.350036621, 94.8367538452, 36.9133110046, 107.744255066, 208.343338013, 3.52170085907, 354.691955566, -15.9621229172, 197.071426392, -11.4285469055, 90.6870880127, -55.4669532776], [-309.035369873, 354.032653809, -151.924499512, 2.6638007164, 45.0447235107, -38.7473640442, 122.626495361, -15.9621229172, 201.350036621, -46.6897506714, 88.7448043823, -55.9462127686, 45.9969024658], [886.265625, -465.271362305, 255.258743286, 23.8964767456, 140.136016846, 122.799217224, -36.2964286804, 197.071426392, -46.6897506714, 265.318939209, -52.1941757202, 126.308692932, -100.670471191], [-185.874938965, 289.062988281, -78.8154907227, 92.4842987061, 13.0221509933, 9.00535011292, 84.4730911255, -11.4285469055, 88.7448043823, -52.1941757202, 179.21647644, -16.9232826233, 71.9724655151], [504.59362793, -276.473358154, 182.780487061, 28.1565990448, 84.9635772705, 64.289100647, 4.41808748245, 90.6870880127, -55.9462127686, 126.308692932, -16.9232826233, 163.224899292, -42.8678741455], [-423.184906006, 210.700820923, -157.092315674, 48.3096847534, -47.4661331177, -9.41678714752, 12.653591156, -55.4669532776, 45.9969024658, -100.670471191, 71.9724655151, -42.8678741455, 139.713287354]],
        "icov": [[0.000362258346286, -9.06501918507e-06, 6.76565759932e-05, -0.000144282021211, 0.000180833885679, -0.000224281844567, 0.000255687482422, -0.000661952188239, 2.79610685539e-05, -0.000290533178486, -8.70527874213e-05, -0.000423502613558, 0.000693613139447], [-9.06501918507e-06, 0.00279705086723, -0.00113424530718, 0.00066775205778, -0.0019108671695, 0.00238560908474, -0.00156978843734, 0.00147084426135, -0.00122830865439, 0.00207151914947, -0.00242021214217, 0.00250541232526, -0.0016016921727], [6.76565759932e-05, -0.00113424530718, 0.00214211270213, -0.00159499782603, 0.000736937916372, -0.000975067203399, 0.000698650721461, -7.0826310548e-05, 0.000979660777375, -0.00185156241059, 0.0012899923604, -0.00177874509245, 0.00210184464231], [-0.000144282021211, 0.00066775205778, -0.00159499782603, 0.0032765797805, -0.0016441703774, -0.000434940826381, 0.000481686845887, 0.000561482738703, -0.00053985620616, 0.0018451991491, -0.00199773069471, 0.00118671916425, -0.00187851360533], [0.000180833885679, -0.0019108671695, 0.000736937916372, -0.0016441703774, 0.00512170325965, -0.000930117559619, -0.000903554144315, -0.00152000633534, 0.000523993512616, -0.00374884647317, 0.00240447302349, -0.00211764778942, 0.00122021860443], [-0.000224281844567, 0.00238560908474, -0.000975067203399, -0.000434940826381, -0.000930117559619, 0.00781641714275, -0.00200238078833, -0.00132845202461, 5.04212548549e-05, 0.000760836293921, -0.00212928047404, 0.00253101764247, -0.00295314914547], [0.000255687482422, -0.00156978843734, 0.000698650721461, 0.000481686845887, -0.000903554144315, -0.00200238078833, 0.00583715643734, -0.00149804167449, -0.00127639540005, 0.00118897238281, -0.000192443927517, -0.00306824990548, 0.00263017416], [-0.000661952188239, 0.00147084426135, -7.0826310548e-05, 0.000561482738703, -0.00152000633534, -0.00132845202461, -0.00149804167449, 0.00878999195993, -0.00104043760803, -0.00255317869596, -0.00129649997689, 0.00203423690982, -0.00168268580455], [2.79610685539e-05, -0.00122830865439, 0.000979660777375, -0.00053985620616, 0.000523993512616, 5.04212548549e-05, -0.00127639540005, -0.00104043760803, 0.0093878256157, -0.00272223469801, -0.0019042622298, 0.00220065494068, -0.000286759022856], [-0.000290533178486, 0.00207151914947, -0.00185156241059, 0.0018451991491, -0.00374884647317, 0.000760836293921, 0.00118897238281, -0.00255317869596, -0.00272223469801, 0.0154254781082, -0.00145052396692, -0.00310066249222, 0.00273929419927], [-8.70527874213e-05, -0.00242021214217, 0.0012899923604, -0.00199773069471, 0.00240447302349, -0.00212928047404, -0.000192443927517, -0.00129649997689, -0.0019042622298, -0.00145052396692, 0.0118870669976, -0.00341036310419, -0.00188464636449], [-0.000423502613558, 0.00250541232526, -0.00177874509245, 0.00118671916425, -0.00211764778942, 0.00253101764247, -0.00306824990548, 0.00203423690982, 0.00220065494068, -0.00310066249222, -0.00341036310419, 0.0143438270316, -0.00373566173948], [0.000693613139447, -0.0016016921727, 0.00210184464231, -0.00187851360533, 0.00122021860443, -0.00295314914547, 0.00263017416, -0.00168268580455, -0.000286759022856, 0.00273929419927, -0.00188464636449, -0.00373566173948, 0.0158889144659]]
    },
    "melbands": {
        "dmean": [0.00164041621611, 0.00103367283009, 0.000655770010781, 0.000450970401289, 0.00025882027694, 0.000142912263982, 0.000141645257827, 0.000218190922169, 0.000373041228158, 0.000399444135837, 0.000161148738698, 0.000109996108222, 6.93811161909e-05, 5.3453091823e-05, 4.41877709818e-05, 3.66681488231e-05, 2.67835239356e-05, 1.99806254386e-05, 1.8533299226e-05, 9.74000886345e-06, 8.79039544088e-06, 8.43385714688e-06, 6.87942974764e-06, 5.9723324739e-06, 5.00053283758e-06, 4.93612196806e-06, 4.11573591919e-06, 2.71617818726e-06, 2.46074296228e-06, 2.27493387683e-06, 2.3568306915e-06, 2.18854506784e-06, 1.98136672225e-06, 1.84281941529e-06, 1.4621742821e-06, 9.71146619122e-07, 7.86260045516e-07, 6.20085756964e-07, 5.61736726468e-07, 4.04684357136e-07],
        "dmean2": [0.00243138591759, 0.0017470009625, 0.00111232511699, 0.000753898464609, 0.000413119356381, 0.000232185309869, 0.000231476093177, 0.000354955875082, 0.000610199640505, 0.000665990519337, 0.000269211333944, 0.000179658061825, 0.000114802918688, 8.83190659806e-05, 7.21135074855e-05, 6.11601935816e-05, 4.36941591033e-05, 3.32833187713e-05, 3.11483563564e-05, 1.62164615176e-05, 1.45446620081e-05, 1.39992926051e-05, 1.13991500257e-05, 1.01216219264e-05, 8.37709285406e-06, 8.30192311696e-06, 6.86979046804e-06, 4.62348225483e-06, 4.12320196119e-06, 3.78226218345e-06, 3.91953562939e-06, 3.55597057933e-06, 3.20596018355e-06, 2.97080441669e-06, 2.32861839322e-06, 1.51303186158e-06, 1.19336255011e-06, 9.25721224121e-07, 8.70842256973e-07, 6.31550392427e-07],
        "dvar": [1.0881713024e-05, 4.88928799314e-06, 1.65532935625e-06, 7.40989889891e-07, 2.78769960005e-07, 8.75413164181e-08, 1.5515543339e-07, 2.55034933616e-07, 6.06777462053e-07, 7.57671614338e-07, 2.97070442912e-07, 8.8947395227e-08, 2.36394139819e-08, 2.07361097182e-08, 1.37734872396e-08, 5.99183724859e-09, 4.32319824384e-09, 1.53482293541e-09, 1.19861653936e-09, 4.48282383436e-10, 3.34020672232e-10, 2.8057156598e-10, 1.62130059378e-10, 1.40772463131e-10, 8.57528839604e-11, 1.06608680217e-10, 6.22782866944e-11, 2.72686578179e-11, 2.33813819001e-11, 2.04721708336e-11, 2.41931752409e-11, 1.8744351557e-11, 2.07118176776e-11, 2.11406118306e-11, 1.3184597511e-11, 6.99759477793e-12, 5.22604398992e-12, 3.43402953643e-12, 2.79053212829e-12, 1.08683255538e-12],
        "dvar2": [2.25104340643e-05, 1.29932732307e-05, 4.36986510977e-06, 1.93574601326e-06, 6.62224806547e-07, 2.1311529963e-07, 4.20246522026e-07, 6.35638969015e-07, 1.60802142091e-06, 2.12302666114e-06, 8.63872514856e-07, 2.46477242172e-07, 6.32613179619e-08, 5.55900889765e-08, 3.45563897497e-08, 1.60190261056e-08, 1.10465556702e-08, 3.76351216858e-09, 3.14389780876e-09, 1.13567644178e-09, 8.31086588438e-10, 7.31711358171e-10, 4.1028097586e-10, 3.89806825707e-10, 2.28280547243e-10, 2.87384976927e-10, 1.6361939581e-10, 7.37535102435e-11, 6.19286150139e-11, 5.20689914796e-11, 6.24218385314e-11, 4.60895765997e-11, 4.70338802627e-11, 4.75869239847e-11, 2.91410576225e-11, 1.52493469241e-11, 1.07329952218e-11, 6.61469446925e-12, 5.54542609749e-12, 2.30820007205e-12],
        "max": [0.0474139787257, 0.026331698522, 0.0146139124408, 0.0138786043972, 0.0109073473141, 0.00710349157453, 0.00780032481998, 0.0091662062332, 0.0107962377369, 0.0156112154946, 0.015768583864, 0.0106263253838, 0.0031069596298, 0.00338233099319, 0.00362298614345, 0.00138285930734, 0.00198787613772, 0.00134741642978, 0.00068775867112, 0.00067685166141, 0.000578173727263, 0.000648987363093, 0.000306537520373, 0.000331715476932, 0.000183037671377, 0.000232594611589, 0.000125342907268, 8.01184069132e-05, 7.20464813639e-05, 0.000113938403956, 7.19375166227e-05, 6.52823146083e-05, 0.000172250962351, 0.000126045604702, 0.000103385697003, 8.80135994521e-05, 5.80386840738e-05, 4.75087799714e-05, 5.51417979295e-05, 2.53045254794e-05],
        "mean": [0.00351039646193, 0.00180388265289, 0.000891466799658, 0.000711658911314, 0.000400705757784, 0.000220150090172, 0.000234070539591, 0.000392987480154, 0.000640239974018, 0.000714854686521, 0.000279605505057, 0.000190629041754, 0.000117413903354, 9.40674799494e-05, 7.6406475273e-05, 6.06755784247e-05, 4.69324841106e-05, 3.49559741153e-05, 3.23134190694e-05, 1.76478315552e-05, 1.64079028764e-05, 1.51887188622e-05, 1.32848426802e-05, 1.07412806756e-05, 9.28579902393e-06, 8.31620127428e-06, 6.75461160426e-06, 4.61272929897e-06, 4.11089058616e-06, 3.77266587748e-06, 3.8795801629e-06, 3.69811232304e-06, 3.26046711052e-06, 3.07333425553e-06, 2.57574470197e-06, 1.74429919753e-06, 1.3374599348e-06, 1.08048095626e-06, 9.27056703404e-07, 6.9409986736e-07],
        "median": [0.0022036251612, 0.0010720489081, 0.000455770932604, 0.000299121893477, 0.000160319119459, 9.6558695077e-05, 6.65544212097e-05, 9.83725476544e-05, 0.000139194016811, 0.000147479324369, 5.05213029101e-05, 4.65016782982e-05, 3.99178825319e-05, 2.98814484267e-05, 2.18193818e-05, 2.18330787902e-05, 1.53098990268e-05, 1.5051164155e-05, 1.56920050358e-05, 7.53098902351e-06, 8.0331819845e-06, 8.13690076029e-06, 6.93764832249e-06, 5.36770221515e-06, 4.9178752306e-06, 4.42492319053e-06, 4.19237585447e-06, 2.9802863537e-06, 2.5797348826e-06, 2.18056629819e-06, 1.90809942069e-06, 1.80124538929e-06, 1.55035104399e-06, 1.37978167913e-06, 1.19245464703e-06, 7.56355802878e-07, 4.80047901874e-07, 3.68782764326e-07, 2.88086027922e-07, 2.10701045944e-07],
        "min": [1.42850916465e-24, 5.67953898235e-24, 3.19373926796e-24, 2.18348510189e-23, 9.88361382683e-24, 5.46403164938e-24, 1.42904093579e-23, 9.22780062416e-24, 9.80037322411e-24, 5.79373409256e-24, 9.03570747171e-24, 9.02805157662e-24, 4.71388764295e-24, 5.76797660072e-24, 1.29485735242e-23, 7.15228707214e-24, 7.03134128473e-24, 9.38811214846e-24, 1.3099268834e-23, 7.04598017655e-24, 8.26068082018e-24, 9.98103499318e-24, 9.98810476461e-24, 7.05388456282e-24, 6.47771633487e-24, 1.0647730532e-23, 8.07960016597e-24, 9.84256229418e-24, 9.8160052918e-24, 6.48778298888e-24, 7.00933600978e-24, 1.04263114754e-23, 1.12397990404e-23, 9.79965614954e-24, 9.64567128971e-24, 9.66085686213e-24, 7.65109092226e-24, 8.80954657221e-24, 8.00623452407e-24, 8.06480034653e-24],
        "var": [2.33942555496e-05, 6.44516148895e-06, 1.74533249719e-06, 1.33448804718e-06, 5.9256115037e-07, 1.58090969649e-07, 3.36374711196e-07, 7.94478637545e-07, 1.51001438553e-06, 1.83826034572e-06, 6.41194162654e-07, 2.11436116615e-07, 5.36957109887e-08, 5.6603020937e-08, 3.70466182176e-08, 1.33344011388e-08, 9.18691167584e-09, 3.31737060044e-09, 2.30815189184e-09, 9.71238534042e-10, 8.88489781747e-10, 6.0839283611e-10, 3.78107434251e-10, 2.52699056125e-10, 1.6842720274e-10, 1.63062383041e-10, 8.40431751969e-11, 3.53666540498e-11, 2.9537490509e-11, 2.91729938817e-11, 3.52946595561e-11, 3.17896264868e-11, 3.4374000174e-11, 3.94915697366e-11, 2.78504025397e-11, 1.43734624897e-11, 1.14514647764e-11, 8.22264478728e-12, 6.17673837425e-12, 2.57771690278e-12]
    },
    "mfcc": {
        "mean": [-644.210449219, 126.311691284, 2.9835293293, 16.3357276917, -6.67323875427, 9.4794511795, -0.685010969639, 10.0046958923, 4.49650716782, 5.74398612976, 3.70619440079, -1.28131127357, -3.14481306076],
        "cov": [[6043.93066406, -1723.71179199, -65.6884841919, 29.9826450348, 284.381713867, 26.6252555847, 231.445404053, 202.64251709, 90.823059082, 420.746582031, 249.18119812, 248.827468872, 238.701171875], [-1723.71179199, 1649.98059082, -61.6477546692, 163.373046875, -95.2846755981, -13.6097869873, -4.38790655136, 7.36152362823, -14.1129283905, -98.9695281982, 23.4437770844, -19.9630432129, -20.8220329285], [-65.6884841919, -61.6477546692, 960.799682617, 407.607116699, 242.057296753, 161.552215576, 43.7207756042, -36.3980789185, -54.7114181519, -26.8671779633, -42.2171134949, 21.9564342499, 54.6250686646], [29.9826450348, 163.373046875, 407.607116699, 564.975891113, 267.701843262, 144.422927856, 97.176071167, 34.8477783203, -9.45830821991, 32.1997184753, -5.03496074677, 36.5525970459, 72.9806594849], [284.381713867, -95.2846755981, 242.057296753, 267.701843262, 373.830871582, 115.319915771, 81.1076049805, 17.0742950439, 33.0181007385, 76.2767333984, 20.1807098389, 51.9144096375, 52.9483718872], [26.6252555847, -13.6097869873, 161.552215576, 144.422927856, 115.319915771, 180.538146973, 81.6023330688, 32.5405578613, 21.988910675, 17.4628982544, 11.1725177765, 23.4863014221, 28.7642383575], [231.445404053, -4.38790655136, 43.7207756042, 97.176071167, 81.1076049805, 81.6023330688, 228.532150269, 103.316764832, 53.6031570435, 69.5623092651, 42.0580368042, 57.0499191284, 61.4579429626], [202.64251709, 7.36152362823, -36.3980789185, 34.8477783203, 17.0742950439, 32.5405578613, 103.316764832, 151.591278076, 48.307975769, 69.5496292114, 32.2919120789, 42.5387878418, 38.2911758423], [90.823059082, -14.1129283905, -54.7114181519, -9.45830821991, 33.0181007385, 21.988910675, 53.6031570435, 48.307975769, 118.000991821, 58.7176246643, 42.9796524048, 19.666229248, 5.55231714249], [420.746582031, -98.9695281982, -26.8671779633, 32.1997184753, 76.2767333984, 17.4628982544, 69.5623092651, 69.5496292114, 58.7176246643, 163.775009155, 70.0715942383, 58.3369216919, 35.0489578247], [249.18119812, 23.4437770844, -42.2171134949, -5.03496074677, 20.1807098389, 11.1725177765, 42.0580368042, 32.2919120789, 42.9796524048, 70.0715942383, 116.820121765, 48.0910949707, 22.2526016235], [248.827468872, -19.9630432129, 21.9564342499, 36.5525970459, 51.9144096375, 23.4863014221, 57.0499191284, 42.5387878418, 19.666229248, 58.3369216919, 48.0910949707, 103.455291748, 59.4952812195], [238.701171875, -20.8220329285, 54.6250686646, 72.9806594849, 52.9483718872, 28.7642383575, 61.4579429626, 38.2911758423, 5.55231714249, 35.0489578247, 22.2526016235, 59.4952812195, 111.276535034]],
