{
"lowlevel": {
    "average_loudness": 0.75782597065,
    "barkbands_crest": {
        "dmean": 2.92953062057,
        "dmean2": 4.61579036713,
        "dvar": 6.17851400375,
        "dvar2": 15.1628875732,
        "max": 25.4506244659,
        "mean": 9.72338199615,
        "median": 8.91784667969,
        "min": 2.15208005905,
        "var": 18.4611759186
    },
    "barkbands_flatness_db": {
        "dmean": 0.0238626655191,
        "dmean2": 0.0361068807542,
        "dvar": 0.000448507576948,
        "dvar2": 0.00095073133707,
        "max": 0.396901547909,
        "mean": 0.171307459474,
        "median": 0.16699655354,
        "min": 0.0529170036316,
        "var": 0.00194570200983
    },
    "barkbands_kurtosis": {
        "dmean": 2.77300047874,
        "dmean2": 4.34003400803,
        "dvar": 46.667011261,
        "dvar2": 119.233184814,
        "max": 221.499298096,
        "mean": 3.20415663719,
        "median": 0.636061906815,
        "min": -1.94390463829,
        "var": 89.4781036377
    },
    "barkbands_skewness": {
        "dmean": 0.591592013836,
        "dmean2": 0.895397722721,
        "dvar": 0.437576383352,
        "dvar2": 0.972482681274,
        "max": 11.9738101959,
        "mean": 1.16722512245,
        "median": 1.00636577606,
        "min": -2.54056048393,
        "var": 1.59011149406
    },
    "barkbands_spread": {
        "dmean": 6.81169223785,
        "dmean2": 10.1461448669,
        "dvar": 68.45677948,
        "dvar2": 141.847564697,
        "max": 104.665992737,
        "mean": 24.1305789948,
        "median": 21.3494377136,
        "min": 0.703746140003,
        "var": 216.513412476
    },
    "dissonance": {
        "dmean": 0.0181286819279,
        "dmean2": 0.0300394743681,
        "dvar": 0.000348991074134,
        "dvar2": 0.000869863841217,
        "max": 0.500000119209,
        "mean": 0.462967664003,
        "median": 0.469467580318,
        "min": 0,
        "var": 0.000762813200708
    },
    "dynamic_complexity": 5.0250248909,
    "erbbands_crest": {
        "dmean": 2.79069113731,
        "dmean2": 4.38992500305,
        "dvar": 6.70548963547,
        "dvar2": 15.034693718,
        "max": 31.1084537506,
        "mean": 9.44902133942,
        "median": 8.27369976044,
        "min": 2.57116508484,
        "var": 20.8646717072
    },
    "erbbands_flatness_db": {
        "dmean": 0.0169536098838,
        "dmean2": 0.0231074299663,
        "dvar": 0.000243161222897,
        "dvar2": 0.000433751556557,
        "max": 0.369848519564,
        "mean": 0.20060056448,
        "median": 0.194784119725,
        "min": 0.0918980687857,
        "var": 0.00192314980086
    },
    "erbbands_kurtosis": {
        "dmean": 1.01659572124,
        "dmean2": 1.55195081234,
        "dvar": 2.1300868988,
        "dvar2": 4.87083005905,
        "max": 27.5163822174,
        "mean": 0.486628293991,
        "median": -0.312994718552,
        "min": -1.85225832462,
        "var": 5.66662836075
    },
    "erbbands_skewness": {
        "dmean": 0.413553804159,
        "dmean2": 0.606444776058,
        "dvar": 0.169018834829,
        "dvar2": 0.346547275782,
        "max": 4.3837018013,
        "mean": 0.30533888936,
        "median": 0.282580792904,
        "min": -4.04185056686,
        "var": 0.736930131912
    },
    "erbbands_spread": {
        "dmean": 9.07365226746,
        "dmean2": 13.3969230652,
        "dvar": 104.826179504,
        "dvar2": 243.460525513,
        "max": 120.758255005,
        "mean": 39.1959342957,
        "median": 35.6462020874,
        "min": 3.44434309006,
        "var": 438.418579102
    },
    "hfc": {
        "dmean": 5.89282798767,
        "dmean2": 8.12569713593,
        "dvar": 104.243865967,
        "dvar2": 184.740692139,
        "max": 186.033981323,
        "mean": 17.8570766449,
        "median": 10.6097564697,
        "min": 1.10009198118e-16,
        "var": 428.628845215
    },
    "melbands_crest": {
        "dmean": 3.79420471191,
        "dmean2": 6.11841821671,
        "dvar": 11.3787136078,
        "dvar2": 28.2804317474,
        "max": 30.7989234924,
        "mean": 12.962097168,
        "median": 12.0453767776,
        "min": 1.87764120102,
        "var": 27.3649368286
    },
    "melbands_flatness_db": {
        "dmean": 0.0301501117647,
        "dmean2": 0.0424761176109,
        "dvar": 0.000881583546288,
        "dvar2": 0.00174433842767,
        "max": 0.480041652918,
        "mean": 0.169144615531,
        "median": 0.161958411336,
        "min": 0.00538769457489,
        "var": 0.00400747451931
    },
    "melbands_kurtosis": {
        "dmean": 6.4062628746,
        "dmean2": 10.2476072311,
        "dvar": 184.013397217,
        "dvar2": 457.691802979,
        "max": 331.126983643,
        "mean": 10.4318475723,
        "median": 4.8665895462,
        "min": -1.91886019707,
        "var": 362.039367676
    },
    "melbands_skewness": {
        "dmean": 0.745346009731,
        "dmean2": 1.14324629307,
        "dvar": 0.713918924332,
        "dvar2": 1.70089137554,
        "max": 13.5950098038,
        "mean": 2.15945959091,
        "median": 1.90699183941,
        "min": -1.45253241062,
        "var": 2.56398248672
    },
    "melbands_spread": {
        "dmean": 11.1916246414,
        "dmean2": 17.4055709839,
        "dvar": 281.72769165,
        "dvar2": 633.413330078,
        "max": 285.762268066,
        "mean": 30.4121570587,
        "median": 25.6709499359,
        "min": 0.652212142944,
        "var": 558.849487305
    },
    "pitch_salience": {
        "dmean": 0.0787639915943,
        "dmean2": 0.124017737806,
        "dvar": 0.00505746435374,
        "dvar2": 0.0118682906032,
        "max": 0.988988995552,
        "mean": 0.577138662338,
        "median": 0.588388621807,
        "min": 0.134019985795,
        "var": 0.0137103889138
    },
    "silence_rate_20dB": {
        "dmean": 0,
        "dmean2": 0,
        "dvar": 0,
        "dvar2": 0,
        "max": 1,
        "mean": 1,
        "median": 1,
        "min": 1,
        "var": 0
    },
    "silence_rate_30dB": {
        "dmean": 0,
        "dmean2": 0,
        "dvar": 0,
        "dvar2": 0,
        "max": 1,
        "mean": 1,
        "median": 1,
        "min": 1,
        "var": 0
    },
    "silence_rate_60dB": {
        "dmean": 0.0354194417596,
        "dmean2": 0.0708483159542,
        "dvar": 0.0341622643173,
        "dvar2": 0.0722102150321,
        "max": 1,
        "mean": 0.213686600327,
        "median": 0,
        "min": 0,
        "var": 0.168018087745
    },
    "spectral_centroid": {
        "dmean": 333.913879395,
        "dmean2": 505.030639648,
        "dvar": 167154.75,
        "dvar2": 362014.3125,
        "max": 10935.3085938,
        "mean": 1598.86608887,
        "median": 1560.6583252,
        "min": 250.233947754,
        "var": 498800
    },
    "spectral_complexity": {
        "dmean": 3.20665788651,
        "dmean2": 4.94473314285,
        "dvar": 15.0895986557,
        "dvar2": 32.6368751526,
        "max": 55,
        "mean": 15.2492341995,
        "median": 15,
        "min": 0,
        "var": 95.3347167969
    },
    "spectral_decrease": {
        "dmean": 1.26748456175e-09,
        "dmean2": 1.82994031039e-09,
        "dvar": 2.67193089732e-18,
        "dvar2": 5.61648398093e-18,
        "max": 4.14222512425e-29,
        "mean": -3.8133234348e-09,
        "median": -2.88174573093e-09,
        "min": -2.10920418908e-08,
        "var": 1.1937529802e-17
    },
    "spectral_energy": {
        "dmean": 0.0051761418581,
        "dmean2": 0.00739536713809,
        "dvar": 4.43711651315e-05,
        "dvar2": 9.04543558136e-05,
        "max": 0.0899617150426,
        "mean": 0.0160120557994,
        "median": 0.0121706966311,
        "min": 1.00886000967e-20,
        "var": 0.000211382997804
    },
    "spectral_energyband_high": {
        "dmean": 0.000426123529905,
        "dmean2": 0.000591154908761,
        "dvar": 8.64157300384e-07,
        "dvar2": 1.58029399699e-06,
        "max": 0.0279409885406,
        "mean": 0.000809310411569,
        "median": 0.00031135379686,
        "min": 7.65056763611e-21,
        "var": 2.11224869417e-06
    },
    "spectral_energyband_low": {
        "dmean": 0.00215177377686,
        "dmean2": 0.00346250273287,
        "dvar": 1.82484145625e-05,
        "dvar2": 4.6972760174e-05,
        "max": 0.0393340401351,
        "mean": 0.00264261546545,
        "median": 0.000609841838013,
        "min": 3.58453946157e-23,
        "var": 2.56697694567e-05
    },
    "spectral_energyband_middle_high": {
        "dmean": 0.00215801363811,
        "dmean2": 0.0029957848601,
        "dvar": 1.90827649931e-05,
        "dvar2": 3.2035390177e-05,
        "max": 0.0808780118823,
        "mean": 0.00589812826365,
        "median": 0.00225078570656,
        "min": 1.30993844495e-21,
        "var": 8.71771626407e-05
    },
    "spectral_energyband_middle_low": {
        "dmean": 0.00258346903138,
        "dmean2": 0.00384437246248,
        "dvar": 1.48121844177e-05,
        "dvar2": 3.23180975101e-05,
        "max": 0.0712787434459,
        "mean": 0.00708948960528,
        "median": 0.00491361739114,
        "min": 3.28929501493e-22,
        "var": 5.40245018783e-05
    },
    "spectral_entropy": {
        "dmean": 0.183427065611,
        "dmean2": 0.236141100526,
        "dvar": 0.0305811315775,
        "dvar2": 0.0477210953832,
        "max": 9.80499267578,
        "mean": 7.52991437912,
        "median": 7.51405477524,
        "min": 6.10696268082,
        "var": 0.179708614945
    },
    "spectral_flux": {
        "dmean": 0.0198176372796,
        "dmean2": 0.0297702252865,
        "dvar": 0.00044159180834,
        "dvar2": 0.000999965937808,
        "max": 0.252935111523,
        "mean": 0.0670369639993,
        "median": 0.0603036172688,
        "min": 6.52779011401e-11,
        "var": 0.0018407657044
    },
    "spectral_kurtosis": {
        "dmean": 1.62590432167,
        "dmean2": 2.73634123802,
        "dvar": 2.60711932182,
        "dvar2": 7.58395767212,
        "max": 16.0089359283,
        "mean": 2.6309492588,
        "median": 2.13067674637,
        "min": -1.48650693893,
        "var": 5.74440479279
    },
    "spectral_rms": {
        "dmean": 0.000604411412496,
        "dmean2": 0.000829389609862,
        "dvar": 3.98029186499e-07,
        "dvar2": 7.68395921114e-07,
        "max": 0.00936843268573,
        "mean": 0.00348317436874,
        "median": 0.00344584533013,
        "min": 3.13728188393e-12,
        "var": 3.48909497916e-06
    },
    "spectral_rolloff": {
        "dmean": 779.197998047,
        "dmean2": 1293.99755859,
        "dvar": 1490264,
        "dvar2": 3300546.75,
        "max": 18669.2871094,
        "mean": 2048.94604492,
        "median": 1658.05664062,
        "min": 64.599609375,
        "var": 2978587
    },
    "spectral_skewness": {
        "dmean": 0.242703303695,
        "dmean2": 0.380175292492,
        "dvar": 0.0478007495403,
        "dvar2": 0.113732680678,
        "max": 3.0103468895,
        "mean": 1.06639385223,
        "median": 1.05652856827,
        "min": -0.467177063227,
        "var": 0.191634535789
    },
    "spectral_spread": {
        "dmean": 479188.0625,
        "dmean2": 674339.375,
        "dvar": 481440563200,
        "dvar2": 902566445056,
        "max": 42092876,
        "mean": 4029748.5,
        "median": 3738147,
        "min": 1854447.75,
        "var": 2.08561989222e+12
    },
    "spectral_strongpeak": {
        "dmean": 0.670566320419,
        "dmean2": 1.09296405315,
        "dvar": 1.41057479382,
        "dvar2": 3.29372310638,
        "max": 17.7283363342,
        "mean": 1.21202266216,
        "median": 0.572515070438,
        "min": 0,
        "var": 3.00828671455
    },
    "zerocrossingrate": {
        "dmean": 0.0132334623486,
        "dmean2": 0.0152419963852,
        "dvar": 0.000277109240415,
        "dvar2": 0.000315741926897,
        "max": 0.83837890625,
        "mean": 0.0720126777887,
        "median": 0.0673828125,
        "min": 0.0029296875,
        "var": 0.00161213474348
    },
    "barkbands": {
        "dmean": [2.22916842176e-05, 0.00141859299038, 0.000629332207609, 0.000614111602772, 0.000721309217624, 0.000796246342361, 0.000789968995377, 0.000449896557257, 0.000656989228446, 0.000500846188515, 0.00050972396275, 0.000442648422904, 0.00047642266145, 0.000426076323492, 0.000373644084902, 0.000346364511643, 0.000221575857722, 0.000219323192141, 0.000183687981917, 0.000169882754562, 0.000123260528198, 0.000107022948214, 8.94454788067e-05, 6.25896500424e-05, 2.52092031587e-05, 7.60995710891e-10, 6.50906217814e-10],
        "dmean2": [3.38795216521e-05, 0.00234641483985, 0.00101945747156, 0.00104444031604, 0.00111498730257, 0.00119928934146, 0.00120134861208, 0.00068611826282, 0.000978307449259, 0.000765810022131, 0.000771989580244, 0.000662009231746, 0.000724222220015, 0.000620406586677, 0.00055995665025, 0.000535716244485, 0.000345431064488, 0.000335916760378, 0.000289663294097, 0.000263613241259, 0.000182994466741, 0.000156591937412, 0.000128604791826, 8.9948232926e-05, 3.79099692509e-05, 1.40008760141e-09, 1.20561449712e-09],
        "dvar": [3.39927286319e-09, 1.23105892271e-05, 2.4886301162e-06, 3.80576989301e-06, 1.67231576143e-06, 2.27147938858e-06, 4.34354569734e-06, 2.0342499738e-06, 1.97637496058e-06, 2.93945367957e-06, 3.27790894517e-06, 2.13412636185e-06, 2.83351596408e-06, 2.21339610107e-06, 2.31053832067e-06, 1.74723663804e-06, 1.07540347472e-06, 3.56140361646e-07, 1.69832532038e-07, 1.23480830894e-07, 8.41314573563e-08, 1.07370603075e-07, 7.26958404584e-08, 4.52003945384e-08, 2.80330390012e-08, 2.83341619843e-18, 1.29068475475e-18],
        "dvar2": [7.54191731289e-09, 3.49843066942e-05, 6.15743692833e-06, 9.93492085399e-06, 4.12998224419e-06, 4.88672412757e-06, 9.91313117993e-06, 4.37409198639e-06, 4.21289860242e-06, 6.14929967924e-06, 7.10208269084e-06, 4.55268809674e-06, 5.95502979195e-06, 4.60490946352e-06, 4.66632127427e-06, 3.64113247997e-06, 2.233836085e-06, 7.59274655593e-07, 3.94603148379e-07, 2.76741360494e-07, 1.75343359388e-07, 2.02548577022e-07, 1.54538156494e-07, 9.97488740495e-08, 6.04027690088e-08, 8.46028253682e-18, 4.09730267948e-18],
        "max": [0.000977988005616, 0.0351177230477, 0.0172599591315, 0.0240697674453, 0.0228583607823, 0.028862522915, 0.0488431416452, 0.0400285460055, 0.0321201831102, 0.0556496232748, 0.0550929792225, 0.0331349782646, 0.0410559661686, 0.036967664957, 0.0424032062292, 0.0586410090327, 0.0425652787089, 0.0142171904445, 0.00896700378507, 0.00550134154037, 0.00564591959119, 0.0138149280101, 0.00827684532851, 0.00703818676993, 0.00684698671103, 2.83508931886e-08, 1.70069931471e-08],
        "mean": [2.72224915534e-05, 0.00162776897196, 0.000622540479526, 0.000607916910667, 0.00130579539109, 0.00163789826911, 0.00142786279321, 0.000696441507898, 0.00127758237068, 0.000790967431385, 0.000830223667435, 0.000669757137075, 0.000778535031714, 0.000671494635753, 0.000516014872119, 0.000540839217138, 0.000355172378477, 0.000365822314052, 0.000320504099363, 0.000310051051201, 0.000198887777515, 0.00017387434491, 0.000138627176057, 9.1019908723e-05, 2.92639233521e-05, 6.22026541386e-10, 5.24019438952e-10],
        "median": [2.2095246095e-06, 0.000157759190188, 0.000117081675853, 0.000127284816699, 0.000636755023152, 0.00058750732569, 0.000319548096741, 0.000153034576215, 0.000473393592983, 0.000172016676515, 8.31248180475e-05, 0.000125563936308, 0.000133152527269, 9.29489760892e-05, 8.42497611302e-05, 0.000108229069156, 8.98667931324e-05, 9.94033616735e-05, 0.000116072027595, 9.96751259663e-05, 7.02718607499e-05, 4.17226438003e-05, 3.43087885994e-05, 2.05507603823e-05, 3.69478607354e-06, 1.77617157093e-10, 1.47248310767e-10],
        "min": [1.74754210632e-23, 2.4519182174e-23, 1.93477721665e-24, 8.31414507917e-24, 1.3015394776e-23, 2.35226599464e-23, 1.47005870519e-23, 4.35875374414e-23, 1.15196588061e-22, 4.49152597646e-23, 2.82720017594e-23, 8.98344827664e-23, 6.75707264956e-23, 1.12821599244e-22, 4.18293589657e-23, 1.2788576282e-22, 9.68140463767e-23, 1.78748131354e-22, 1.79738561997e-22, 2.80104312605e-22, 3.53018158095e-22, 4.84855369365e-22, 5.85769283639e-22, 8.06328279903e-22, 1.17371960991e-21, 1.79163867361e-21, 2.31031423917e-21],
        "var": [5.23368859362e-09, 1.5772136976e-05, 2.31356625591e-06, 3.24523216477e-06, 3.51538756149e-06, 8.2102324086e-06, 1.05353337858e-05, 3.92378797187e-06, 5.88327702644e-06, 5.9978506215e-06, 8.42629833642e-06, 3.96058567276e-06, 6.36720096736e-06, 5.13253962708e-06, 3.75972922484e-06, 3.76758907805e-06, 1.51145809468e-06, 7.2780096616e-07, 3.45555463355e-07, 3.04124426975e-07, 1.60893193879e-07, 2.19310038574e-07, 1.23027305676e-07, 6.97394995086e-08, 3.32239693535e-08, 2.03949362318e-18, 1.00115334238e-18]
    },
    "erbbands": {
        "dmean": [0.0274510812014, 0.361852645874, 0.760192751884, 1.52727115154, 1.53508067131, 3.19038033485, 4.18733310699, 7.44781684875, 10.9641857147, 8.87879562378, 11.0942239761, 17.674533844, 11.173573494, 18.3929138184, 20.1172790527, 16.9342899323, 22.4899692535, 16.3813495636, 23.3369255066, 15.490691185, 16.7952346802, 11.9298210144, 10.0882024765, 11.4836320877, 6.93951368332, 8.1409034729, 6.39359951019, 3.76174378395, 3.91422700882, 3.39846491814, 2.40066742897, 1.51968562603, 0.972036540508, 0.528877496719, 0.0286108050495, 0.000849113857839, 6.72349196975e-05, 1.09842821985e-05, 4.75480010209e-06, 6.67523227094e-06],
        "dmean2": [0.0390273779631, 0.609360873699, 1.22895312309, 2.55440139771, 2.60964179039, 4.82098960876, 6.39515304565, 11.1627168655, 16.6673469543, 13.5580892563, 16.9413032532, 26.1201019287, 17.590883255, 27.0389003754, 29.5224266052, 25.0177288055, 33.4632530212, 23.5275020599, 33.7858505249, 24.1437358856, 25.2984218597, 18.4338684082, 15.0045404434, 17.9650020599, 10.581486702, 12.7205705643, 9.47626686096, 5.50003099442, 5.7741522789, 4.9512386322, 3.45895791054, 2.18815994263, 1.41475439072, 0.776475310326, 0.0439945906401, 0.00126346875913, 9.73812639131e-05, 1.56010355568e-05, 6.68309485263e-06, 9.39195524552e-06],
        "dvar": [0.00511828577146, 0.851587414742, 3.92689061165, 21.8251628876, 19.4935436249, 36.3306770325, 63.2252731323, 231.151245117, 759.444702148, 566.515869141, 1189.70849609, 1566.98791504, 1294.98181152, 4746.45068359, 5171.69091797, 3197.18066406, 6525.21142578, 3985.38720703, 7979.48583984, 2190.70751953, 5516.73095703, 3955.32788086, 806.217407227, 819.763366699, 174.105209351, 306.980072021, 251.715377808, 73.2665023804, 118.629776001, 150.170974731, 50.7388038635, 20.4806594849, 17.5314712524, 11.2105674744, 0.0321391895413, 2.50003413385e-05, 1.23609041225e-07, 2.28748553432e-09, 1.16194769084e-10, 7.63813040594e-11],
        "dvar2": [0.0111615685746, 2.39629554749, 9.11810684204, 56.4692993164, 53.0003585815, 86.9999465942, 142.458572388, 484.96975708, 1690.24536133, 1324.10302734, 2516.13110352, 3342.77490234, 3132.6953125, 8950.71191406, 10864.7109375, 6968.50830078, 13884.3564453, 8353.59765625, 15974.2167969, 4713.33007812, 11090.7519531, 8258.54296875, 1589.8026123, 1740.35913086, 363.492156982, 701.457702637, 519.844848633, 146.142242432, 223.881896973, 313.390350342, 107.065406799, 44.3903198242, 38.5685005188, 24.6952114105, 0.073198415339, 5.48315874767e-05, 2.66714607733e-07, 4.8727555324e-09, 2.43236736308e-10, 1.52126519715e-10],
        "max": [1.09218537807, 8.58957767487, 22.4290409088, 61.7807693481, 56.6329917908, 116.961936951, 197.661331177, 331.04296875, 673.255126953, 529.206970215, 991.149414062, 979.319213867, 1021.78491211, 2104.74731445, 2578.56542969, 1495.6282959, 2042.04785156, 1915.09082031, 3058.98120117, 1142.39160156, 3991.1472168, 2621.69702148, 750.143066406, 679.977722168, 305.21194458, 355.376312256, 350.900970459, 180.721832275, 273.422058105, 595.571777344, 204.289337158, 113.677185059, 162.496276855, 134.011260986, 5.24938774109, 0.146537259221, 0.0115100890398, 0.0016377880238, 0.000353245181032, 0.00013115281763],
        "mean": [0.0364325642586, 0.393646389246, 0.794306457043, 1.56472909451, 1.91256046295, 5.73307418823, 8.27561473846, 15.3516378403, 20.1516532898, 16.6474647522, 18.8742160797, 34.2606315613, 19.5309257507, 29.3117427826, 35.8693389893, 29.3828544617, 39.8502044678, 28.7058315277, 36.7562599182, 25.580324173, 27.6295394897, 20.4461593628, 18.4696960449, 20.0354785919, 14.3849802017, 15.0653829575, 11.0921869278, 6.19583702087, 6.35815906525, 5.11106395721, 3.70617580414, 2.29306292534, 1.34222972393, 0.634618401527, 0.0324807055295, 0.00104897888377, 9.5791874628e-05, 1.79408016265e-05, 1.30033222376e-05, 2.09403897315e-05],
        "median": [0.00260679097846, 0.0455437451601, 0.176662385464, 0.349545836449, 0.79707634449, 2.63242888451, 3.68075537682, 5.29397439957, 4.71376562119, 5.13362932205, 6.30425596237, 12.3337049484, 7.46246767044, 5.88675117493, 5.52357530594, 6.37346839905, 7.8588309288, 4.51774406433, 5.91248083115, 6.40679216385, 5.18024253845, 5.29283714294, 5.69146537781, 5.95919084549, 5.60239219666, 4.94139146805, 3.77060770988, 2.26956725121, 1.52827107906, 1.06959414482, 0.909474730492, 0.568618535995, 0.270534187555, 0.0877451896667, 0.00391063746065, 0.000162940370501, 2.55848426605e-05, 6.29663145446e-06, 9.14591964829e-06, 1.60987383424e-05],
        "min": [1.44201885257e-21, 2.72837527894e-21, 2.61587992733e-21, 1.25726057047e-20, 3.20015305611e-20, 4.72267106198e-20, 1.99438066599e-19, 2.80588840313e-19, 1.60553869891e-19, 4.75327706776e-19, 9.04170965054e-19, 2.15288271437e-18, 1.4635002589e-18, 1.72665825821e-18, 1.82156317143e-18, 3.23978149565e-18, 3.57661233621e-18, 4.95661388216e-18, 4.18445649677e-18, 3.98739105559e-18, 5.89082918443e-18, 6.9164136164e-18, 8.46606370212e-18, 8.43729187888e-18, 1.01629047876e-17, 1.29973541346e-17, 1.62647316163e-17, 1.31255100541e-17, 1.8020951862e-17, 1.46914853764e-17, 1.71431047826e-17, 1.67083882834e-17, 1.37533260769e-17, 1.10172599376e-17, 9.47502139019e-18, 5.69599175423e-18, 2.76386126906e-18, 1.37384132513e-18, 2.95252219333e-19, 3.64968015948e-20],
        "var": [0.00922408606857, 0.979975640774, 3.96727275848, 19.8548774719, 16.2787895203, 80.1843109131, 176.748306274, 819.415161133, 1979.61901855, 1218.42419434, 2256.2355957, 4642.91210938, 2268.16796875, 9475.08300781, 14082.7148438, 6509.77978516, 15390.4580078, 9869.33007812, 14594.4287109, 4598.58203125, 12923.1201172, 5385.42578125, 1849.36206055, 1731.89978027, 553.913696289, 731.406066895, 498.444549561, 153.96055603, 255.885696411, 248.256347656, 85.9764251709, 35.3730735779, 23.8687877655, 13.3232498169, 0.037225112319, 3.10294599331e-05, 1.61243136176e-07, 3.20036086521e-09, 2.51204723689e-10, 3.62360863537e-10]
    },
    "gfcc": {
        "mean": [-64.1325912476, 114.235656738, -161.840652466, 54.9262199402, -86.1310882568, 12.2914943695, -35.7101516724, -6.04774713516, -8.253490448, -17.9608440399, 7.62228727341, -19.7188739777, 7.11948060989],
        "cov": [[8657.12890625, -375.112548828, -1151.96520996, -398.399108887, -288.665802002, -111.19657135, -103.075279236, 97.1789779663, -25.7969970703, 27.8979358673, 28.4567089081, -139.135284424, -33.4812507629], [-375.112548828, 955.177185059, 52.1428413391, -105.135620117, 314.406799316, -85.9679870605, 237.255691528, -9.92067146301, 125.7602005, -3.557533741, 174.187942505, 1.90353119373, 102.014572144], [-1151.96520996, 52.1428413391, 976.44720459, 391.864135742, -77.9853210449, 151.802719116, -74.2114868164, 14.185544014, 38.2094650269, -22.954120636, -80.0814819336, 74.7907180786, -37.8078079224], [-398.399108887, -105.135620117, 391.864135742, 469.66583252, 42.1319274902, 31.7104625702, -54.8481674194, 5.97243928909, 59.0025939941, -19.7347679138, -93.9102325439, 36.5484466553, -36.9716491699], [-288.665802002, 314.406799316, -77.9853210449, 42.1319274902, 378.358032227, 12.88194561, 130.62588501, 40.5865707397, 58.6455230713, 38.9322814941, 109.551651001, 4.64745759964, 72.2154006958], [-111.19657135, -85.9679870605, 151.802719116, 31.7104625702, 12.88194561, 263.248352051, 81.4319915771, -21.0327243805, -52.3376045227, 23.8375053406, -4.70492601395, 6.14342451096, -34.2703552246], [-103.075279236, 237.255691528, -74.2114868164, -54.8481674194, 130.62588501, 81.4319915771, 282.625030518, -0.713356733322, -2.00891280174, 20.794588089, 102.567726135, -4.424659729, 17.003988266], [97.1789779663, -9.92067146301, 14.185544014, 5.97243928909, 40.5865707397, -21.0327243805, -0.713356733322, 170.32258606, 72.267868042, 14.6963968277, 5.94903993607, 24.107460022, 30.0211429596], [-25.7969970703, 125.7602005, 38.2094650269, 59.0025939941, 58.6455230713, -52.3376045227, -2.00891280174, 72.267868042, 167.453567505, 33.2287902832, -3.89295840263, 23.2698459625, 17.079252243], [27.8979358673, -3.557533741, -22.954120636, -19.7347679138, 38.9322814941, 23.8375053406, 20.794588089, 14.6963968277, 33.2287902832, 92.2256011963, 57.8314437866, 4.10698413849, 8.46937561035], [28.4567089081, 174.187942505, -80.0814819336, -93.9102325439, 109.551651001, -4.70492601395, 102.567726135, 5.94903993607, -3.89295840263, 57.8314437866, 163.006942749, 29.7273349762, 42.4631309509], [-139.135284424, 1.90353119373, 74.7907180786, 36.5484466553, 4.64745759964, 6.14342451096, -4.424659729, 24.107460022, 23.2698459625, 4.10698413849, 29.7273349762, 84.0386428833, 37.5474052429], [-33.4812507629, 102.014572144, -37.8078079224, -36.9716491699, 72.2154006958, -34.2703552246, 17.003988266, 30.0211429596, 17.079252243, 8.46937561035, 42.4631309509, 37.5474052429, 92.5565414429]],
        "icov": [[0.000167934194906, -0.00010403370834, 0.000354593619704, -0.000274132587947, 0.000424455764005, -0.000331755465595, 0.000251867953921, -0.000245126255322, -0.000111207526061, 0.000179695794941, -0.000444822915597, 0.000425755250035, -0.000174580171006], [-0.00010403370834, 0.00427874131128, -0.00221437215805, 0.00233624898829, -0.00252961739898, 0.00176292983815, -0.00225150003098, 0.00279861711897, -0.00442286580801, 0.00424011191353, -0.00281736510806, 0.00266108335927, -0.00195142161101], [0.000354593619704, -0.00221437215805, 0.00374206481501, -0.00342459930107, 0.00301347509958, -0.00309465662576, 0.00220758421347, -0.00190709950402, 0.000999334966764, -0.000350828981027, -0.00102939305361, -0.00033154792618, -0.000100032324553], [-0.000274132587947, 0.00233624898829, -0.00342459930107, 0.00669503025711, -0.00466541806236, 0.00310917687602, -0.00209849514067, 0.00231321388856, -0.00149387354031, -9.85770384432e-05, 0.00407061865553, -0.00339675694704, 0.00282294908538], [0.000424455764005, -0.00252961739898, 0.00301347509958, -0.00466541806236, 0.00842682924122, -0.00392466504127, 0.00156908971258, -0.00241457484663, -0.000634713564068, 0.000696383591276, -0.00515258079395, 0.004789870698, -0.00474990904331], [-0.000331755465595, 0.00176292983815, -0.00309465662576, 0.00310917687602, -0.00392466504127, 0.00919778738171, -0.00471759121865, 0.00132565898821, 0.00321186333895, -0.00481048692018, 0.00590592715889, -0.00475003942847, 0.00388414412737], [0.000251867953921, -0.00225150003098, 0.00220758421347, -0.00209849514067, 0.00156908971258, -0.00471759121865, 0.0080679114908, -0.00156940100715, -0.0001346537465, 0.00208922801539, -0.00512356311083, 0.00232682027854, -6.76111012581e-05], [-0.000245126255322, 0.00279861711897, -0.00190709950402, 0.00231321388856, -0.00241457484663, 0.00132565898821, -0.00156940100715, 0.00962049793452, -0.0056899250485, 0.00235801306553, -0.000625581073109, 0.000188340593013, -0.00244085979648], [-0.000111207526061, -0.00442286580801, 0.000999334966764, -0.00149387354031, -0.000634713564068, 0.00321186333895, -0.0001346537465, -0.0056899250485, 0.0166373234242, -0.0123176779598, 0.0102228475735, -0.00881789531559, 0.00514502311125], [0.000179695794941, 0.00424011191353, -0.000350828981027, -9.85770384432e-05, 0.000696383591276, -0.00481048692018, 0.00208922801539, 0.00235801306553, -0.0123176779598, 0.0260119214654, -0.0169868580997, 0.0106380907819, -0.00489379884675], [-0.000444822915597, -0.00281736510806, -0.00102939305361, 0.00407061865553, -0.00515258079395, 0.00590592715889, -0.00512356311083, -0.000625581073109, 0.0102228475735, -0.0169868580997, 0.0255306418985, -0.015331203118, 0.00567543227226], [0.000425755250035, 0.00266108335927, -0.00033154792618, -0.00339675694704, 0.004789870698, -0.00475003942847, 0.00232682027854, 0.000188340593013, -0.00881789531559, 0.0106380907819, -0.015331203118, 0.0280420724303, -0.0139442523941], [-0.000174580171006, -0.00195142161101, -0.000100032324553, 0.00282294908538, -0.00474990904331, 0.00388414412737, -6.76111012581e-05, -0.00244085979648, 0.00514502311125, -0.00489379884675, 0.00567543227226, -0.0139442523941, 0.0224783476442]]
    },
    "melbands": {
        "dmean": [0.000321427680319, 0.000426474143751, 0.000252426514635, 0.000150800071424, 0.00014879606897, 0.000162756230566, 0.000165599180036, 9.51965048444e-05, 9.39859746723e-05, 0.000103484133433, 5.68014620512e-05, 7.69258404034e-05, 7.25646968931e-05, 5.01163995068e-05, 5.39923676115e-05, 4.12586086895e-05, 3.28729183821e-05, 4.2448813474e-05, 2.49431886914e-05, 2.15753370867e-05, 2.05162759812e-05, 1.27232415252e-05, 1.1987887774e-05, 1.08084814201e-05, 9.97502957034e-06, 6.66628284307e-06, 5.03834235133e-06, 5.92300602875e-06, 4.70443001177e-06, 2.8398771974e-06, 2.1660046059e-06, 2.32998286265e-06, 2.18486661652e-06, 1.86871943697e-06, 1.44727471252e-06, 1.21850632695e-06, 8.71065367392e-07, 6.76980960179e-07, 6.84887083935e-07, 3.88682110497e-07],
        "dmean2": [0.000512408616487, 0.000699050200637, 0.000420077558374, 0.000234804625507, 0.000225632524234, 0.000243795788265, 0.000251619640039, 0.000144617137266, 0.000142807024531, 0.000154159177328, 8.99526785361e-05, 0.000112501533295, 0.000108392625407, 7.45207944419e-05, 8.06220778031e-05, 6.23898304184e-05, 4.7523615649e-05, 6.22173465672e-05, 3.76454445359e-05, 3.40311926266e-05, 3.08732051053e-05, 1.97721292352e-05, 1.86905672308e-05, 1.60540457728e-05, 1.58415441547e-05, 1.04570435724e-05, 8.01932674221e-06, 9.41329199122e-06, 7.10144695404e-06, 4.29218971476e-06, 3.25689484271e-06, 3.5082107388e-06, 3.28793407789e-06, 2.78053221336e-06, 2.13261637327e-06, 1.80049198661e-06, 1.28986448544e-06, 1.00572276551e-06, 1.04484615804e-06, 5.87460533552e-07],
        "dvar": [6.21577441962e-07, 1.1115110965e-06, 5.61539820865e-07, 8.29464354979e-08, 7.01481752685e-08, 1.03680740438e-07, 1.75189796892e-07, 5.88019659631e-08, 6.09895138837e-08, 5.29503338953e-08, 3.4164933993e-08, 8.36944238358e-08, 6.6487693573e-08, 2.87127388532e-08, 3.42255006558e-08, 2.00744594281e-08, 1.96350828929e-08, 2.63931614342e-08, 1.11313536166e-08, 6.10923001076e-09, 9.48628642305e-09, 5.031592476e-09, 1.99446814619e-09, 1.07485342848e-09, 6.57028653706e-10, 2.0535459444e-10, 9.75893810207e-11, 1.78051268174e-10, 1.26217855612e-10, 5.27126779726e-11, 2.55263796212e-11, 3.94084001543e-11, 5.56119351958e-11, 4.35856455094e-11, 1.7020048565e-11, 1.50482005329e-11, 6.78420557579e-12, 7.33084686705e-12, 1.72574489421e-11, 6.55803536476e-12],
        "dvar2": [1.67721066191e-06, 2.66060715148e-06, 1.44641364841e-06, 2.07026275234e-07, 1.62464729669e-07, 2.20350571567e-07, 3.8727873175e-07, 1.34240323746e-07, 1.29279342787e-07, 1.14288859265e-07, 8.26184987091e-08, 1.5704320333e-07, 1.45748217051e-07, 6.16772908302e-08, 6.70282105375e-08, 4.47030963358e-08, 4.14066860799e-08, 5.42015108351e-08, 2.2249588838e-08, 1.35598261508e-08, 1.83085759886e-08, 1.09097824108e-08, 4.5178474295e-09, 2.24145146888e-09, 1.4320659103e-09, 4.70406325004e-10, 2.27734817115e-10, 4.12567119357e-10, 2.63566807268e-10, 1.12321041357e-10, 5.3610130224e-11, 7.93478199812e-11, 1.10921959118e-10, 9.54071266435e-11, 3.62843713408e-11, 3.31954706778e-11, 1.53154901955e-11, 1.67139340562e-11, 3.70395727978e-11, 1.52871691e-11],
        "max": [0.0101378979161, 0.0108384713531, 0.00950161274523, 0.00479619158432, 0.00546715222299, 0.00674039125443, 0.010501335375, 0.00604216102511, 0.00677560549229, 0.00544695928693, 0.00504933297634, 0.00933282449841, 0.00818260665983, 0.00465431530029, 0.0048940279521, 0.00320057850331, 0.00439570099115, 0.00609689531848, 0.00318899820559, 0.00178025919013, 0.00559093989432, 0.00253864913248, 0.00158446072601, 0.00104895012919, 0.000635550415609, 0.000363578175893, 0.000187795740203, 0.000306787726004, 0.000250449083978, 0.000157073067385, 0.000124132697238, 0.000158933806233, 0.000343683088431, 0.000272875156952, 0.000111026012746, 0.000108965446998, 6.27532863291e-05, 9.46267318795e-05, 0.000162846816238, 8.9943940111e-05],
        "mean": [0.000397051044274, 0.000472961255582, 0.000268958683591, 0.000260080909356, 0.000303007487673, 0.000338145211572, 0.000307344977045, 0.000173983498826, 0.00016515776224, 0.000198153604288, 9.20747697819e-05, 0.000116851326311, 0.000123740057461, 7.68033132772e-05, 9.42233673413e-05, 6.76312483847e-05, 5.14219063916e-05, 6.37875855318e-05, 3.60683661711e-05, 3.30557704729e-05, 3.17620506394e-05, 1.95605662157e-05, 1.9319490093e-05, 1.74129654624e-05, 1.62204742082e-05, 1.19734841064e-05, 9.37584263738e-06, 1.0154809388e-05, 7.73130341258e-06, 4.39196037405e-06, 3.34431888405e-06, 3.67676079804e-06, 3.18530578625e-06, 2.72933220913e-06, 2.18376158045e-06, 1.77739013907e-06, 1.24734651763e-06, 9.28381041376e-07, 8.49480500165e-07, 4.31110152022e-07],
        "median": [3.36329940183e-05, 9.87886305666e-05, 7.07366416464e-05, 0.000120960583445, 0.000145232421346, 0.000115872688184, 7.08581355866e-05, 5.12775513926e-05, 5.59120308026e-05, 6.98174335412e-05, 2.70941709459e-05, 2.11416390812e-05, 1.52075017468e-05, 1.39339135785e-05, 1.84518085007e-05, 1.23631298266e-05, 6.42247550786e-06, 9.01855310076e-06, 6.78759306538e-06, 7.08316929376e-06, 5.00882924825e-06, 4.26805036113e-06, 5.75758667765e-06, 4.03396325055e-06, 4.57179794466e-06, 4.36963500761e-06, 3.28172950503e-06, 3.0210139812e-06, 2.37414656112e-06, 1.4661457044e-06, 1.10397093067e-06, 8.92855325674e-07, 5.9207582126e-07, 5.9179717482e-07, 5.16938769124e-07, 4.44047060455e-07, 2.82306558574e-07, 1.90168108816e-07, 1.36763020464e-07, 4.89611835519e-08],
        "min": [9.77903453662e-24, 1.78357269708e-24, 2.89247210496e-24, 2.83032741779e-24, 8.49232903614e-24, 5.42840826862e-24, 2.23499992781e-24, 5.9339040258e-24, 8.83217189183e-24, 1.60173915402e-23, 6.65100225447e-24, 6.7744053436e-24, 4.50633676107e-24, 8.17670026594e-24, 9.89190396608e-24, 6.23768962723e-24, 1.01237478195e-23, 8.14668174191e-24, 2.19048095706e-24, 9.79173993036e-24, 5.76799474452e-24, 5.25208168465e-24, 9.48225086458e-24, 6.51886765842e-24, 6.44223771008e-24, 6.25154439131e-24, 8.1445833719e-24, 8.67356115165e-24, 1.04258783908e-23, 6.90814803261e-24, 8.17308018324e-24, 1.06324021758e-23, 8.29241590554e-24, 8.07546653483e-24, 1.05014859754e-23, 9.87501603182e-24, 9.86978115085e-24, 9.73794671637e-24, 8.39792289617e-24, 9.02952595766e-24],
        "var": [9.45824126575e-07, 1.27293037622e-06, 5.12348890425e-07, 1.52318591518e-07, 1.9483854885e-07, 3.77274091079e-07, 4.63506722781e-07, 1.3230108209e-07, 1.2445707398e-07, 1.54189649493e-07, 6.02600991328e-08, 1.68840514903e-07, 1.87864870327e-07, 5.50146559419e-08, 8.55843822478e-08, 4.76123993565e-08, 4.45878001187e-08, 4.84247628663e-08, 1.8135143165e-08, 1.13112958999e-08, 2.22341682843e-08, 6.25003515609e-09, 3.32214478149e-09, 2.07104511318e-09, 1.27056765109e-09, 4.76631123458e-10, 2.542020483e-10, 3.85898729638e-10, 2.51184295585e-10, 9.15001546753e-11, 5.06644830256e-11, 8.18395073932e-11, 9.79249667465e-11, 6.71288510889e-11, 2.83481554203e-11, 2.36162721323e-11, 1.09846264029e-11, 9.79232927384e-12, 2.05221881155e-11, 7.27100584602e-12]
    },
    "mfcc": {
        "mean": [-674.741516113, 105.77053833, -6.32911968231, 21.7780056, -9.63225364685, 0.273467928171, -5.88371658325, -0.0777925103903, -8.56974220276, 2.13171863556, -5.07340908051, 0.299225926399, -3.43829631805],
        "cov": [[8418.98144531, -359.191467285, -1055.95117188, -396.139068604, -359.80657959, -336.426055908, -122.405143738, -103.147613525, -108.902656555, 177.903152466, -123.078811646, 41.2823143005, -20.8220767975], [-359.191467285, 1065.30712891, -244.463973999, 24.8058338165, 34.2195014954, -2.54715108871, 167.225280762, 35.0766067505, 3.39682602882, 84.934753418, 40.7231521606, 84.6811676025, 43.8131256104], [-1055.95117188, -244.463973999, 1030.75244141, 164.663726807, 102.745727539, 149.642074585, -113.598396301, 81.9049072266, 55.9081077576, -121.288833618, 57.8927383423, -37.422416687, 18.7190723419], [-396.139068604, 24.8058338165, 164.663726807, 393.686645508, 150.797302246, 27.4320468903, -50.9457550049, 53.6608047485, 62.8495559692, -8.35404682159, 23.3427371979, 24.557384491, 14.2865781784], [-359.80657959, 34.2195014954, 102.745727539, 150.797302246, 268.616912842, 14.4010620117, -21.8760242462, 23.3581638336, 66.6242980957, -5.09048700333, 22.014547348, 17.1079044342, 14.7106285095], [-336.426055908, -2.54715108871, 149.642074585, 27.4320468903, 14.4010620117, 272.94821167, 103.774887085, 29.7451934814, -16.9799079895, 12.3501014709, 36.3029823303, -20.3122386932, -9.78886699677], [-122.405143738, 167.225280762, -113.598396301, -50.9457550049, -21.8760242462, 103.774887085, 295.453460693, 30.751832962, -56.0088005066, 57.0939254761, 0.37675768137, 24.3705711365, 2.35895752907], [-103.147613525, 35.0766067505, 81.9049072266, 53.6608047485, 23.3581638336, 29.7451934814, 30.751832962, 126.712051392, 55.8847961426, 1.1372654438, 21.977689743, 13.1290016174, 13.806593895], [-108.902656555, 3.39682602882, 55.9081077576, 62.8495559692, 66.6242980957, -16.9799079895, -56.0088005066, 55.8847961426, 139.930328369, 7.44250965118, 28.7767562866, 11.316781044, 15.1490802765], [177.903152466, 84.934753418, -121.288833618, -8.35404682159, -5.09048700333, 12.3501014709, 57.0939254761, 1.1372654438, 7.44250965118, 121.571998596, 23.8930664062, 18.5132236481, 1.16695249081], [-123.078811646, 40.7231521606, 57.8927383423, 23.3427371979, 22.014547348, 36.3029823303, 0.37675768137, 21.977689743, 28.7767562866, 23.8930664062, 95.3603057861, 32.6574707031, 12.5808897018], [41.2823143005, 84.6811676025, -37.422416687, 24.557384491, 17.1079044342, -20.3122386932, 24.3705711365, 13.1290016174, 11.316781044, 18.5132236481, 32.6574707031, 95.1195907593, 42.2846603394], [-20.8220767975, 43.8131256104, 18.7190723419, 14.2865781784, 14.7106285095, -9.78886699677, 2.35895752907, 13.806593895, 15.1490802765, 1.16695249081, 12.5808897018, 42.2846603394, 75.825958252]],
