{
"lowlevel": {
    "average_loudness": 0.649723112583,
    "barkbands_crest": {
        "dmean": 2.90579891205,
        "dmean2": 4.77930259705,
        "dvar": 6.65175580978,
        "dvar2": 17.1857395172,
        "max": 26.8935718536,
        "mean": 11.3528556824,
        "median": 10.5094394684,
        "min": 2.72235250473,
        "var": 20.2471904755
    },
    "barkbands_flatness_db": {
        "dmean": 0.0195110030472,
        "dmean2": 0.030707847327,
        "dvar": 0.000426192680607,
        "dvar2": 0.000994526431896,
        "max": 0.68828189373,
        "mean": 0.170123279095,
        "median": 0.167055755854,
        "min": 0.0357002131641,
        "var": 0.00171659886837
    },
    "barkbands_kurtosis": {
        "dmean": 10.032831192,
        "dmean2": 18.4788894653,
        "dvar": 131655.671875,
        "dvar2": 394213.4375,
        "max": 21535.1757812,
        "mean": 10.7780475616,
        "median": 4.09797859192,
        "min": -1.85845971107,
        "var": 66289.6875
    },
    "barkbands_skewness": {
        "dmean": 0.592990756035,
        "dmean2": 0.947178721428,
        "dvar": 4.4196896553,
        "dvar2": 12.6753931046,
        "max": 125.405685425,
        "mean": 1.9692595005,
        "median": 1.74433064461,
        "min": -1.98362779617,
        "var": 3.82086730003
    },
    "barkbands_spread": {
        "dmean": 3.08517718315,
        "dmean2": 4.77641105652,
        "dvar": 13.7042217255,
        "dvar2": 28.3495674133,
        "max": 72.3128509521,
        "mean": 11.33801651,
        "median": 9.58655929565,
        "min": 0.0150091368705,
        "var": 57.5964927673
    },
    "dissonance": {
        "dmean": 0.0243317447603,
        "dmean2": 0.0407485812902,
        "dvar": 0.000486062723212,
        "dvar2": 0.00136870471761,
        "max": 0.500000119209,
        "mean": 0.44754588604,
        "median": 0.454098969698,
        "min": 0.247380673885,
        "var": 0.00128404295538
    },
    "dynamic_complexity": 3.91074490547,
    "erbbands_crest": {
        "dmean": 3.18806004524,
        "dmean2": 5.18175697327,
        "dvar": 8.86655521393,
        "dvar2": 22.4920501709,
        "max": 30.2665500641,
        "mean": 11.5917406082,
        "median": 10.3778381348,
        "min": 2.22532105446,
        "var": 29.0853824615
    },
    "erbbands_flatness_db": {
        "dmean": 0.0153832938522,
        "dmean2": 0.0233930423856,
        "dvar": 0.000207585471799,
        "dvar2": 0.000453137821751,
        "max": 0.332890033722,
        "mean": 0.204846128821,
        "median": 0.207086384296,
        "min": 0.0641260743141,
        "var": 0.00166577799246
    },
    "erbbands_kurtosis": {
        "dmean": 1.26162350178,
        "dmean2": 2.03416347504,
        "dvar": 3.00143551826,
        "dvar2": 7.5918302536,
        "max": 30.7568626404,
        "mean": 1.23976480961,
        "median": 0.35750246048,
        "min": -1.83526206017,
        "var": 8.11375522614
    },
    "erbbands_skewness": {
        "dmean": 0.41619682312,
        "dmean2": 0.647205650806,
        "dvar": 0.149494826794,
        "dvar2": 0.358206570148,
        "max": 4.80190515518,
        "mean": 0.849874317646,
        "median": 0.844071626663,
        "min": -2.93469953537,
        "var": 0.806279242039
    },
    "erbbands_spread": {
        "dmean": 5.73472976685,
        "dmean2": 8.79394626617,
        "dvar": 36.7236404419,
        "dvar2": 81.0191650391,
        "max": 128.809524536,
        "mean": 28.4632568359,
        "median": 26.0009365082,
        "min": 4.32007646561,
        "var": 206.51473999
    },
    "hfc": {
        "dmean": 2.7782971859,
        "dmean2": 3.89504027367,
        "dvar": 14.7666902542,
        "dvar2": 24.7998752594,
        "max": 72.2899551392,
        "mean": 12.5940389633,
        "median": 7.76189374924,
        "min": 1.24036500476e-16,
        "var": 155.03817749
    },
    "melbands_crest": {
        "dmean": 3.70961165428,
        "dmean2": 6.08217191696,
        "dvar": 10.7203598022,
        "dvar2": 27.7184867859,
        "max": 39.9930496216,
        "mean": 14.9310626984,
        "median": 13.9078903198,
        "min": 2.82204055786,
        "var": 34.1530380249
    },
    "melbands_flatness_db": {
        "dmean": 0.0221132151783,
        "dmean2": 0.0342901423573,
        "dvar": 0.000549801741727,
        "dvar2": 0.00122182175983,
        "max": 0.670704603195,
        "mean": 0.239011064172,
        "median": 0.234075695276,
        "min": 0.0114516224712,
        "var": 0.00302293221466
    },
    "melbands_kurtosis": {
        "dmean": 14.1889076233,
        "dmean2": 25.8400192261,
        "dvar": 199830.171875,
        "dvar2": 598659.875,
        "max": 26505.7773438,
        "mean": 18.2910881042,
        "median": 8.42617034912,
        "min": -1.77438271046,
        "var": 100541.921875
    },
    "melbands_skewness": {
        "dmean": 0.717159152031,
        "dmean2": 1.14930784702,
        "dvar": 6.82269763947,
        "dvar2": 19.8589630127,
        "max": 154.67956543,
        "mean": 2.55491757393,
        "median": 2.32655310631,
        "min": -0.60953271389,
        "var": 5.69209003448
    },
    "melbands_spread": {
        "dmean": 4.09906196594,
        "dmean2": 6.42526388168,
        "dvar": 28.8348827362,
        "dvar2": 60.4571418762,
        "max": 156.562469482,
        "mean": 13.6906499863,
        "median": 11.4061098099,
        "min": 0.0247482787818,
        "var": 99.2697677612
    },
    "pitch_salience": {
        "dmean": 0.0775450840592,
        "dmean2": 0.126811847091,
        "dvar": 0.00457772240043,
        "dvar2": 0.0120301451534,
        "max": 0.892210185528,
        "mean": 0.583487808704,
        "median": 0.595960199833,
        "min": 0.0029839258641,
        "var": 0.0164548885077
    },
    "silence_rate_20dB": {
        "dmean": 0,
        "dmean2": 0,
        "dvar": 0,
        "dvar2": 0,
        "max": 1,
        "mean": 1,
        "median": 1,
        "min": 1,
        "var": 0
    },
    "silence_rate_30dB": {
        "dmean": 0,
        "dmean2": 0,
        "dvar": 0,
        "dvar2": 0,
        "max": 1,
        "mean": 1,
        "median": 1,
        "min": 1,
        "var": 0
    },
    "silence_rate_60dB": {
        "dmean": 0.0414167381823,
        "dmean2": 0.0828453078866,
        "dvar": 0.0396976023912,
        "dvar2": 0.0879757031798,
        "max": 1,
        "mean": 0.0992431789637,
        "median": 0,
        "min": 0,
        "var": 0.0893900543451
    },
    "spectral_centroid": {
        "dmean": 164.312637329,
        "dmean2": 250.19480896,
        "dvar": 47499.1796875,
        "dvar2": 86973.171875,
        "max": 11545.1347656,
        "mean": 916.952453613,
        "median": 839.30291748,
        "min": 186.045822144,
        "var": 225728.359375
    },
    "spectral_complexity": {
        "dmean": 2.39417314529,
        "dmean2": 3.74803590775,
        "dvar": 5.79818439484,
        "dvar2": 12.1288280487,
        "max": 47,
        "mean": 13.5451946259,
        "median": 12,
        "min": 0,
        "var": 59.2610473633
    },
    "spectral_decrease": {
        "dmean": 1.26403509881e-09,
        "dmean2": 1.92669258325e-09,
        "dvar": 2.43220878593e-18,
        "dvar2": 4.94512103473e-18,
        "max": 3.98568884856e-29,
        "mean": -4.71772310107e-09,
        "median": -3.6530438674e-09,
        "min": -1.84300787964e-08,
        "var": 1.49300690805e-17
    },
    "spectral_energy": {
        "dmean": 0.00497694453225,
        "dmean2": 0.00755673507228,
        "dvar": 3.74504779757e-05,
        "dvar2": 7.51427869545e-05,
        "max": 0.0731625929475,
        "mean": 0.018948033452,
        "median": 0.0147974789143,
        "min": 1.11000448842e-20,
        "var": 0.000242122565396
    },
    "spectral_energyband_high": {
        "dmean": 3.762207416e-05,
        "dmean2": 5.34692735528e-05,
        "dvar": 6.58018661781e-09,
        "dvar2": 1.30663666553e-08,
        "max": 0.00253831339069,
        "mean": 0.0001030984713,
        "median": 4.29625397373e-05,
        "min": 7.92558580274e-21,
        "var": 2.55614889255e-08
    },
    "spectral_energyband_low": {
        "dmean": 0.00145130802412,
        "dmean2": 0.00240106508136,
        "dvar": 1.25967972053e-05,
        "dvar2": 3.1709241739e-05,
        "max": 0.0389742404222,
        "mean": 0.0018769587623,
        "median": 0.000791031401604,
        "min": 2.18580529958e-23,
        "var": 1.26209633891e-05
    },
    "spectral_energyband_middle_high": {
        "dmean": 0.00110201747157,
        "dmean2": 0.00161655503325,
        "dvar": 4.09547646996e-06,
        "dvar2": 8.73669068824e-06,
        "max": 0.0425894521177,
        "mean": 0.0036060733255,
        "median": 0.00157944764942,
        "min": 1.66333298436e-21,
        "var": 2.28513472393e-05
    },
    "spectral_energyband_middle_low": {
        "dmean": 0.00441778171808,
        "dmean2": 0.00685219047591,
        "dvar": 2.91472006211e-05,
        "dvar2": 6.2044011429e-05,
        "max": 0.0645562410355,
        "mean": 0.0142188966274,
        "median": 0.00948573928326,
        "min": 5.53646413194e-22,
        "var": 0.000175277877133
    },
    "spectral_entropy": {
        "dmean": 0.143773153424,
        "dmean2": 0.223744675517,
        "dvar": 0.0212049856782,
        "dvar2": 0.0467005856335,
        "max": 9.78808403015,
        "mean": 7.14166975021,
        "median": 7.1593375206,
        "min": 5.50297355652,
        "var": 0.128229126334
    },
    "spectral_flux": {
        "dmean": 0.0210385993123,
        "dmean2": 0.0341488867998,
        "dvar": 0.000561441003811,
        "dvar2": 0.00136911508162,
        "max": 0.263202935457,
        "mean": 0.0679044723511,
        "median": 0.0606561601162,
        "min": 1.05356751101e-10,
        "var": 0.00161791453138
    },
    "spectral_kurtosis": {
        "dmean": 2.363478899,
        "dmean2": 4.09313678741,
        "dvar": 4.61691379547,
        "dvar2": 13.3672485352,
        "max": 31.7846031189,
        "mean": 7.17815113068,
        "median": 6.49526977539,
        "min": -1.2097080946,
        "var": 12.7371273041
    },
    "spectral_rms": {
        "dmean": 0.000585556437727,
        "dmean2": 0.000874813937116,
        "dvar": 4.43227776259e-07,
        "dvar2": 8.41882297209e-07,
        "max": 0.00844855885953,
        "mean": 0.00391093455255,
        "median": 0.00379954790697,
        "min": 3.29079211797e-12,
        "var": 3.19048535857e-06
    },
    "spectral_rolloff": {
        "dmean": 252.950317383,
        "dmean2": 425.137634277,
        "dvar": 215814.28125,
        "dvar2": 414043.40625,
        "max": 18647.7539062,
        "mean": 961.706359863,
        "median": 689.0625,
        "min": 21.533203125,
        "var": 564043.3125
    },
    "spectral_skewness": {
        "dmean": 0.264949351549,
        "dmean2": 0.432888180017,
        "dvar": 0.0558217838407,
        "dvar2": 0.138160556555,
        "max": 4.58934116364,
        "mean": 1.86107289791,
        "median": 1.80519282818,
        "min": -0.0730001330376,
        "var": 0.286790639162
    },
    "spectral_spread": {
        "dmean": 247266.8125,
        "dmean2": 381066.0625,
        "dvar": 231571472384,
        "dvar2": 284894494720,
        "max": 41043996,
        "mean": 3267886.75,
        "median": 3107203.75,
        "min": 1897709.125,
        "var": 800716095488
    },
    "spectral_strongpeak": {
        "dmean": 0.510429024696,
        "dmean2": 0.828924417496,
        "dvar": 0.431298136711,
        "dvar2": 1.0608754158,
        "max": 11.3531112671,
        "mean": 1.20625436306,
        "median": 0.726395785809,
        "min": 0,
        "var": 1.61429131031
    },
    "zerocrossingrate": {
        "dmean": 0.0052544279024,
        "dmean2": 0.00635079480708,
        "dvar": 7.20098760212e-05,
        "dvar2": 7.10084204911e-05,
        "max": 0.6572265625,
        "mean": 0.038677200675,
        "median": 0.0361328125,
        "min": 0.00439453125,
        "var": 0.000420361815486
    },
    "barkbands": {
        "dmean": [3.67220018234e-05, 0.00028664706042, 0.000676220399328, 0.00114846299402, 0.00139383459464, 0.00100667658262, 0.00171153340489, 0.00131225970108, 0.00117138563655, 0.000384678627597, 0.000214899366256, 0.000318342645187, 0.000284437119262, 0.00021102084429, 0.000142726421473, 0.000174181666807, 0.000165539197042, 9.17415163713e-05, 7.3196250014e-05, 3.34892538376e-05, 1.84245491255e-05, 7.88374018157e-06, 3.35460254064e-06, 1.42792271163e-06, 5.68930829559e-07, 2.51155967135e-07, 5.31612691645e-08],
        "dmean2": [6.56253832858e-05, 0.000503242306877, 0.00117180868983, 0.00191287219059, 0.00223019672558, 0.00158826517873, 0.00271677551791, 0.00204782839864, 0.00176601298153, 0.000611024908721, 0.000351466238499, 0.000506317883264, 0.000446402846137, 0.000336954632076, 0.000230394784012, 0.000275261438219, 0.000253229023656, 0.000142769611557, 0.000113130568934, 5.21510155522e-05, 2.80045442196e-05, 1.19323813124e-05, 5.04928220835e-06, 2.16618627746e-06, 8.76437979969e-07, 3.81472830213e-07, 8.53523047795e-08],
        "dvar": [5.78701175868e-09, 1.15341595119e-06, 3.44910404237e-06, 5.92167816649e-06, 4.71415160064e-06, 5.62790046388e-06, 1.42696480907e-05, 1.25590449898e-05, 8.65979473019e-06, 1.39891130857e-06, 2.85202588657e-07, 8.35237187857e-07, 7.32989121843e-07, 5.21711228885e-07, 1.25089840708e-07, 2.93250309369e-07, 1.43591719848e-07, 5.42753255672e-08, 2.28237837518e-08, 6.12713835224e-09, 1.5884920046e-09, 2.89790746955e-10, 5.66873908925e-11, 1.16409330092e-11, 1.52497686787e-12, 2.74413196159e-13, 1.09737810879e-14],
        "dvar2": [1.69150364826e-08, 3.19762580148e-06, 9.48222077568e-06, 1.37673705467e-05, 1.17124936878e-05, 1.22436886159e-05, 3.33536736434e-05, 2.95596109936e-05, 1.81047125807e-05, 3.49314132109e-06, 7.47993396999e-07, 1.94467224901e-06, 1.70479995631e-06, 1.23954600895e-06, 3.15930805073e-07, 6.23078790341e-07, 3.28726741827e-07, 1.20203949905e-07, 5.28813188794e-08, 1.50561110246e-08, 3.31597971304e-09, 6.21721119032e-10, 1.19399823362e-10, 2.42322654997e-11, 3.27333190935e-12, 5.21726054286e-13, 2.57548431366e-14],
        "max": [0.0019271641504, 0.0162233151495, 0.0242533776909, 0.0357490628958, 0.0507416129112, 0.0555502511561, 0.0569796003401, 0.0604394301772, 0.057195417583, 0.0307034999132, 0.00985879451036, 0.0224413182586, 0.0282730739564, 0.0237655453384, 0.00859893579036, 0.02570248954, 0.00985269341618, 0.0100961970165, 0.00417741714045, 0.00182159314863, 0.00164459552616, 0.000448568840511, 0.000215548105189, 0.000110644090455, 4.34290705016e-05, 1.6398693333e-05, 3.34512446898e-06],
        "mean": [3.69463487004e-05, 0.000299599865684, 0.000769796373788, 0.00152467109729, 0.00278888596222, 0.00172770570498, 0.00311970012262, 0.00269826198928, 0.00219575641677, 0.000633490388282, 0.000332527270075, 0.000556641956791, 0.000454099179478, 0.000352751842001, 0.000273048324743, 0.000375782168703, 0.000309826718876, 0.000198957714019, 0.000158761074999, 6.59912911942e-05, 4.04207203246e-05, 1.89997062989e-05, 8.33115154819e-06, 4.08639607485e-06, 1.93641358237e-06, 9.6918017789e-07, 1.20238553336e-07],
        "median": [1.76336761797e-05, 8.60308573465e-05, 0.000234115141211, 0.000645195948891, 0.00152556144167, 0.000664575549308, 0.00064939877484, 0.000344795844285, 0.000210761238122, 0.000122175551951, 6.61558442516e-05, 0.000103561833384, 8.42264198582e-05, 6.23195883236e-05, 6.63900427753e-05, 6.03187181696e-05, 0.000100230347016, 6.52781309327e-05, 6.74516122672e-05, 2.58364416368e-05, 1.49031375258e-05, 6.38621168036e-06, 3.10259315484e-06, 2.0756504e-06, 1.16714204523e-06, 6.03382602549e-07, 7.68256143147e-08],
        "min": [8.16257650029e-24, 4.31632856799e-24, 5.93354193864e-24, 3.89091757548e-23, 1.48241668458e-22, 4.37664069184e-23, 8.02334144611e-23, 7.49585855778e-23, 6.61820788669e-23, 2.88069030957e-22, 1.22789153393e-22, 7.439497286e-23, 9.67860828354e-23, 1.03291017238e-22, 1.85602991832e-22, 6.21948476858e-23, 2.77996021882e-22, 1.56851359487e-22, 1.9596907851e-22, 2.59614048178e-22, 3.69496970155e-22, 5.09030560853e-22, 5.54059044246e-22, 7.17404243595e-22, 1.12401253764e-21, 2.31915897288e-21, 2.35571365127e-21],
        "var": [4.78642370183e-09, 8.1511677763e-07, 2.93259586215e-06, 7.42979409551e-06, 1.67296730069e-05, 1.53275850607e-05, 4.70038721687e-05, 5.51237935724e-05, 3.14017270284e-05, 3.02653961626e-06, 5.30889053607e-07, 1.95804250325e-06, 1.41128191444e-06, 9.0996235258e-07, 3.62132084319e-07, 1.09761117528e-06, 3.10957830152e-07, 2.03466200333e-07, 6.59504877376e-08, 1.28510482256e-08, 5.01113994744e-09, 1.10515430141e-09, 1.83322163005e-10, 3.77154661668e-11, 5.69051403221e-12, 1.26431460787e-12, 3.18837736432e-14]
    },
    "erbbands": {
        "dmean": [0.00404721451923, 0.0845095515251, 0.603050768375, 2.65103292465, 3.18011927605, 5.48578262329, 7.09107780457, 9.04874515533, 21.2766170502, 22.6756687164, 32.066192627, 27.8359222412, 11.9603328705, 11.3927497864, 8.23034954071, 12.4650564194, 10.8278341293, 11.2266588211, 8.10286712646, 7.42886638641, 8.37205028534, 8.52631378174, 5.12600803375, 3.96371006966, 2.94542765617, 1.30909502506, 1.02056598663, 0.558931171894, 0.307514220476, 0.163760378957, 0.0853688493371, 0.0417469926178, 0.0194248240441, 0.00821481924504, 0.00363857159391, 0.00140452582855, 0.000448860111646, 9.72024427028e-05, 1.05634835563e-05, 5.708001936e-06],
        "dmean2": [0.00676761986688, 0.147718310356, 1.033436656, 4.44481468201, 5.15996646881, 8.73083877563, 11.3491506577, 14.2465648651, 34.1485824585, 34.6718406677, 49.0012626648, 41.5624313354, 18.5423336029, 18.5019741058, 13.1366329193, 19.941160202, 16.8155612946, 17.5885906219, 12.6776609421, 11.6965379715, 13.0665893555, 13.0682783127, 7.74120092392, 5.86014986038, 4.56114673615, 2.00314044952, 1.55745244026, 0.831303119659, 0.46109110117, 0.24534496665, 0.128196910024, 0.0632311329246, 0.0297165997326, 0.0127994213253, 0.00569193391129, 0.00217176508158, 0.000697723240592, 0.000151007610839, 1.67826419784e-05, 8.6145264504e-06],
        "dvar": [0.000112879446533, 0.0996244475245, 3.05845928192, 34.9489517212, 27.8424549103, 95.5476531982, 213.740219116, 611.588745117, 2611.89086914, 3189.38452148, 7608.27099609, 4763.56396484, 1353.60351562, 1179.88793945, 425.700592041, 1339.77124023, 930.714538574, 1526.54052734, 484.907531738, 426.606872559, 537.688354492, 388.234924316, 170.864151001, 94.4934768677, 34.413482666, 8.47884941101, 5.86079311371, 1.3984079361, 0.432074666023, 0.132524803281, 0.0363055206835, 0.00944789685309, 0.00196924479678, 0.00029854249442, 6.06805187999e-05, 6.79000959281e-06, 9.47206956425e-07, 4.50412933617e-08, 3.43256062463e-10, 4.88418576416e-11],
        "dvar2": [0.000289028947009, 0.274172395468, 8.31774997711, 84.9545440674, 67.9245300293, 232.573532104, 517.225463867, 1357.0201416, 6363.34472656, 6329.22607422, 17769.171875, 10190.1054688, 2798.52734375, 3053.21142578, 1024.7565918, 3162.77246094, 2157.21557617, 3430.50878906, 1206.47937012, 874.644897461, 1265.96630859, 855.927062988, 366.770172119, 195.280136108, 80.4587020874, 19.8260269165, 12.458694458, 2.9734711647, 0.940493226051, 0.275462448597, 0.0763167440891, 0.0193475987762, 0.00408586021513, 0.000628217938356, 0.000140468735481, 1.33150060719e-05, 1.93958544514e-06, 9.73111298208e-08, 7.76623487742e-10, 9.49709408338e-11],
        "max": [0.169374883175, 4.57551908493, 21.6369552612, 77.3648605347, 104.885513306, 267.34487915, 391.285766602, 668.772094727, 1015.58557129, 1297.12792969, 1650.7767334, 1479.23693848, 1388.40234375, 1300.7322998, 588.90020752, 1053.90698242, 944.735595703, 1295.46435547, 704.247131348, 1200.36572266, 968.66986084, 481.673095703, 676.279541016, 368.33581543, 196.610733032, 74.446685791, 93.9815139771, 39.8674049377, 16.1907367706, 8.52360343933, 5.37257385254, 3.03361988068, 1.58443331718, 0.543380320072, 0.293362766504, 0.0684819817543, 0.0312025807798, 0.00712134828791, 0.00059320445871, 8.87620917638e-05],
        "mean": [0.00498362118378, 0.0896667912602, 0.714156866074, 3.37953257561, 5.87984132767, 10.4571113586, 12.7979278564, 15.5651931763, 39.0659332275, 43.6272850037, 71.5268325806, 53.8311080933, 22.6565647125, 19.4326629639, 15.6901302338, 22.5659198761, 20.0259799957, 20.5981998444, 16.6085586548, 15.3341293335, 19.8277778625, 17.7408180237, 12.1658353806, 9.16215229034, 6.63990592957, 2.9271736145, 2.1435353756, 1.24712240696, 0.732501983643, 0.400450915098, 0.213423967361, 0.110388249159, 0.056446980685, 0.0259138271213, 0.0118196951225, 0.00490022823215, 0.00160614936613, 0.000314358127071, 3.16708101309e-05, 2.26919037232e-05],
        "median": [0.00203467113897, 0.027192985639, 0.226688340306, 1.40668666363, 3.20375823975, 5.27036571503, 5.11713409424, 6.09465503693, 8.95050048828, 10.8557043076, 10.2669725418, 6.33308076859, 3.43927836418, 4.94021558762, 3.8710963726, 4.30555582047, 4.61596679688, 3.72767424583, 4.07652568817, 3.54401874542, 3.87517094612, 6.10956478119, 4.18018341064, 3.40455675125, 2.91598844528, 1.20031762123, 0.805182218552, 0.449434876442, 0.245979353786, 0.146083086729, 0.0803050249815, 0.0487867295742, 0.0322352722287, 0.0154172256589, 0.00725614978001, 0.00311872106977, 0.000977745745331, 0.000192700506886, 2.33034697885e-05, 1.76074372575e-05],
        "min": [1.35404036388e-22, 9.37922951155e-22, 5.77113290893e-21, 6.30114072771e-20, 2.19308327855e-19, 5.53345004008e-19, 5.55986553595e-19, 4.02192972357e-19, 1.11396609548e-18, 1.3364457304e-18, 1.63332746969e-18, 1.58816909512e-18, 7.84404621536e-18, 6.35079371739e-18, 3.8727942807e-18, 3.94657258749e-18, 4.1963033775e-18, 4.47857586641e-18, 5.41001970004e-18, 1.10609392099e-17, 6.38632650137e-18, 1.59999378673e-17, 8.23316190167e-18, 7.30932192582e-18, 1.43626049823e-17, 1.27350452362e-17, 1.32065100612e-17, 1.502658286e-17, 1.84584493423e-17, 1.56863983648e-17, 1.60608828805e-17, 1.52900828985e-17, 1.17254770888e-17, 9.87446608081e-18, 9.91948869437e-18, 7.40274866729e-18, 4.37048900294e-18, 1.47762074895e-18, 3.61750225204e-19, 3.64218512764e-20],
        "var": [0.000110624445369, 0.0706024840474, 2.48804664612, 39.2198066711, 76.5752716064, 291.938842773, 684.254394531, 1443.89343262, 8627.02050781, 12241.5048828, 38628.7460938, 17578.3984375, 4259.55664062, 2352.91186523, 1072.73400879, 2876.43774414, 2194.08984375, 2937.82617188, 1374.578125, 1281.37426758, 2429.55541992, 930.385986328, 742.25402832, 284.492126465, 144.6590271, 22.548368454, 15.9097661972, 4.33669710159, 1.66416347027, 0.434982568026, 0.12196405232, 0.0323265045881, 0.00616160267964, 0.00107028323691, 0.000208253157325, 3.00589254039e-05, 3.91650928577e-06, 1.67173965337e-07, 1.21154275501e-09, 3.4490885148e-10]
    },
    "gfcc": {
        "mean": [-57.9570579529, 118.001861572, -131.930923462, 16.4594955444, -61.7102546692, -13.4303827286, -43.9650688171, -0.589125096798, -25.3792057037, -4.63669872284, -16.294178009, -6.11399030685, -15.7337331772],
        "cov": [[3442.16137695, 84.8131790161, -1369.54724121, -311.669830322, -167.667572021, -170.06262207, 190.072052002, 54.7477645874, 193.638534546, 0.552874267101, 17.7290992737, 4.52351617813, -14.6763153076], [84.8131790161, 513.249267578, 318.44039917, -17.4853420258, 43.7331352234, 3.48400998116, 39.1587982178, 0.372537702322, -21.217622757, -48.8554611206, 29.0978565216, -35.0836601257, -17.7595996857], [-1369.54724121, 318.44039917, 1162.70446777, 361.152526855, 128.43711853, 87.1335144043, -89.0533447266, -51.5346908569, -108.98235321, -40.6081161499, -23.5668563843, -70.1393585205, -38.9563865662], [-311.669830322, -17.4853420258, 361.152526855, 440.387969971, 152.855545044, -6.52378606796, -66.4785232544, -47.3572425842, -53.2251014709, -17.3167495728, -41.77318573, -16.9388751984, 7.77475738525], [-167.667572021, 43.7331352234, 128.43711853, 152.855545044, 185.804626465, 40.5483970642, -42.80909729, -11.9033737183, -13.2021074295, -0.363236039877, -12.3463830948, -5.69913864136, 17.4807853699], [-170.06262207, 3.48400998116, 87.1335144043, -6.52378606796, 40.5483970642, 168.430709839, 84.7925872803, 10.0984830856, -17.1651382446, 4.07665586472, -13.7035675049, -11.6877288818, -9.09592819214], [190.072052002, 39.1587982178, -89.0533447266, -66.4785232544, -42.80909729, 84.7925872803, 191.50012207, 68.9150543213, -7.50529146194, -12.5894937515, 0.507368028164, -13.5340032578, -21.3207168579], [54.7477645874, 0.372537702322, -51.5346908569, -47.3572425842, -11.9033737183, 10.0984830856, 68.9150543213, 101.280662537, 32.1006126404, -0.410973668098, 3.98173952103, -1.35221683979, -16.448091507], [193.638534546, -21.217622757, -108.98235321, -53.2251014709, -13.2021074295, -17.1651382446, -7.50529146194, 32.1006126404, 107.937225342, 47.523651123, 5.56841182709, -5.61382865906, -7.46791744232], [0.552874267101, -48.8554611206, -40.6081161499, -17.3167495728, -0.363236039877, 4.07665586472, -12.5894937515, -0.410973668098, 47.523651123, 83.3349380493, 28.5243206024, -11.4691333771, -12.4237575531], [17.7290992737, 29.0978565216, -23.5668563843, -41.77318573, -12.3463830948, -13.7035675049, 0.507368028164, 3.98173952103, 5.56841182709, 28.5243206024, 66.4289245605, 26.9253787994, -8.27948951721], [4.52351617813, -35.0836601257, -70.1393585205, -16.9388751984, -5.69913864136, -11.6877288818, -13.5340032578, -1.35221683979, -5.61382865906, -11.4691333771, 26.9253787994, 79.0396347046, 46.560508728], [-14.6763153076, -17.7595996857, -38.9563865662, 7.77475738525, 17.4807853699, -9.09592819214, -21.3207168579, -16.448091507, -7.46791744232, -12.4237575531, -8.27948951721, 46.560508728, 80.148475647]],
        "icov": [[0.00111270905472, -0.00151065108366, 0.00203322758898, -0.00137612072285, 0.00105656357482, -0.000289902993245, -3.24573629769e-05, 0.000438960763859, -0.00119710108265, 0.000660292280372, -9.46490763454e-06, 0.000538047926966, 0.000486134988023], [-0.00151065108366, 0.00679699517787, -0.00485627539456, 0.00415454432368, -0.00461741397157, 0.0033095786348, -0.00387348304503, 0.00238363700919, -0.00152979360428, 0.00446057412773, -0.00526671204716, 0.00297389458865, -0.00241527799517], [0.00203322758898, -0.00485627539456, 0.00642465380952, -0.00519168144092, 0.00449511036277, -0.0042111617513, 0.00398168899119, -0.00179521553218, -9.17618381209e-05, 0.00072881160304, -0.000610419316217, 0.00255775125697, 0.000710523687303], [-0.00137612072285, 0.00415454432368, -0.00519168144092, 0.00837434735149, -0.00751791568473, 0.00576641317457, -0.00455677788705, 0.00324228801765, 0.00135752907954, -0.00171958329156, 0.00388418440707, -0.00363637832925, 0.0014537962852], [0.00105656357482, -0.00461741397157, 0.00449511036277, -0.00751791568473, 0.0144336847588, -0.00897735729814, 0.00857732445002, -0.00566854141653, 0.00058956455905, 0.000425278529292, -0.00293714483269, 0.00476186349988, -0.00391288474202], [-0.000289902993245, 0.0033095786348, -0.0042111617513, 0.00576641317457, -0.00897735729814, 0.0163869485259, -0.012364228256, 0.00670809904113, -0.000137660012115, -0.00429886532947, 0.0071847694926, -0.0066102151759, 0.00388242024928], [-3.24573629769e-05, -0.00387348304503, 0.00398168899119, -0.00455677788705, 0.00857732445002, -0.012364228256, 0.0184782985598, -0.0121533162892, 0.00497146882117, 0.000888978829607, -0.0035169122275, 0.00568052288145, -0.00240171630867], [0.000438960763859, 0.00238363700919, -0.00179521553218, 0.00324228801765, -0.00566854141653, 0.00670809904113, -0.0121533162892, 0.0206652469933, -0.00888009369373, 0.00411766720936, 0.000568113988265, -0.00393621996045, 0.00458327168599], [-0.00119710108265, -0.00152979360428, -9.17618381209e-05, 0.00135752907954, 0.00058956455905, -0.000137660012115, 0.00497146882117, -0.00888009369373, 0.0209428966045, -0.0154956895858, 0.00948043912649, -0.00481846136972, 0.00194935838226], [0.000660292280372, 0.00446057412773, 0.00072881160304, -0.00171958329156, 0.000425278529292, -0.00429886532947, 0.000888978829607, 0.00411766720936, -0.0154956895858, 0.0342784002423, -0.0262638963759, 0.0193400532007, -0.00794741790742], [-9.46490763454e-06, -0.00526671204716, -0.000610419316217, 0.00388418440707, -0.00293714483269, 0.0071847694926, -0.0035169122275, 0.000568113988265, 0.00948043912649, -0.0262638963759, 0.0462269037962, -0.0317712537944, 0.0188391469419], [0.000538047926966, 0.00297389458865, 0.00255775125697, -0.00363637832925, 0.00476186349988, -0.0066102151759, 0.00568052288145, -0.00393621996045, -0.00481846136972, 0.0193400532007, -0.0317712537944, 0.0435929372907, -0.024789493531], [0.000486134988023, -0.00241527799517, 0.000710523687303, 0.0014537962852, -0.00391288474202, 0.00388242024928, -0.00240171630867, 0.00458327168599, 0.00194935838226, -0.00794741790742, 0.0188391469419, -0.024789493531, 0.029127465561]]
    },
    "melbands": {
        "dmean": [5.69562907913e-05, 0.000241437737714, 0.000449051964097, 0.000296557729598, 0.000246337614954, 0.00020438201318, 0.000331406510668, 0.000251102086622, 0.000271750672255, 0.000163411110407, 6.06432695349e-05, 4.90537640871e-05, 2.74636277027e-05, 3.7723009882e-05, 2.60693668679e-05, 2.86143022095e-05, 2.10266152862e-05, 1.4435340745e-05, 1.0172146176e-05, 1.2567583326e-05, 1.0533582099e-05, 9.59566477832e-06, 7.4819990914e-06, 4.03486228606e-06, 3.48256230609e-06, 2.6096606689e-06, 1.72900809048e-06, 8.08482695902e-07, 7.49586376969e-07, 5.00237774759e-07, 3.08345420308e-07, 2.02570348051e-07, 1.31193758079e-07, 8.69059775255e-08, 5.64905384692e-08, 3.83784808378e-08, 2.42558062524e-08, 1.62965587691e-08, 1.0175469356e-08, 6.91590962276e-09],
        "dmean2": [9.9176511867e-05, 0.000412093970226, 0.000746855395846, 0.000474609521916, 0.000391555251554, 0.000319788174238, 0.000529555429239, 0.000377887801733, 0.000406286126235, 0.000246156996582, 9.39297024161e-05, 7.96000240371e-05, 4.42826458311e-05, 5.97860089329e-05, 4.17628325522e-05, 4.40470212197e-05, 3.35012155119e-05, 2.26946976909e-05, 1.6463933207e-05, 1.99714140763e-05, 1.65405090229e-05, 1.49469178723e-05, 1.14046242743e-05, 6.23368805464e-06, 5.22719346918e-06, 4.09382528233e-06, 2.7352421057e-06, 1.26511167764e-06, 1.16242324566e-06, 7.76826368565e-07, 4.66036055968e-07, 3.10610090537e-07, 2.01474932737e-07, 1.3396689269e-07, 8.69716956231e-08, 5.89065933809e-08, 3.80983316006e-08, 2.56041161606e-08, 1.57394044464e-08, 1.10236690887e-08],
        "dvar": [3.80784932474e-08, 5.12708766109e-07, 8.8266227749e-07, 2.33624774637e-07, 2.20630539616e-07, 2.67572175972e-07, 5.70225665797e-07, 3.51321830294e-07, 5.11351288424e-07, 1.70778932329e-07, 3.63090428834e-08, 2.24713510022e-08, 4.3985086684e-09, 1.38519000714e-08, 4.7379749013e-09, 9.37991551098e-09, 5.47583312027e-09, 1.83259529773e-09, 6.30719365624e-10, 2.12986894788e-09, 8.65388094518e-10, 4.61033988763e-10, 3.97867488955e-10, 1.19828313938e-10, 7.73111435981e-11, 2.59785457035e-11, 1.39241491601e-11, 3.89878407336e-12, 3.35172883371e-12, 1.26862929883e-12, 4.38441275473e-13, 1.90651788519e-13, 8.57981830656e-14, 3.85945039762e-14, 1.63308104697e-14, 7.16136795454e-15, 3.60747054719e-15, 1.3974008633e-15, 4.19969020235e-16, 2.2721309409e-16],
        "dvar2": [1.0375069337e-07, 1.37243637255e-06, 2.11776568904e-06, 5.7955213606e-07, 5.38559447705e-07, 5.87515614825e-07, 1.37060681027e-06, 6.91802938491e-07, 1.12606915081e-06, 3.70592459831e-07, 7.5241437969e-08, 5.87849662281e-08, 1.09775974977e-08, 3.14464152495e-08, 1.18051710629e-08, 2.08963477633e-08, 1.2696676599e-08, 4.57283810817e-09, 1.61370328211e-09, 4.35221059192e-09, 2.03557348755e-09, 1.06799957766e-09, 9.01384078489e-10, 2.59807314551e-10, 1.64219943199e-10, 5.99422109171e-11, 3.38235828234e-11, 9.34853323226e-12, 7.43042519874e-12, 2.78053556742e-12, 9.51610752004e-13, 4.22198165101e-13, 1.96389860754e-13, 8.50671868558e-14, 3.65617976975e-14, 1.49634553473e-14, 7.91169938537e-15, 2.9844113224e-15, 9.34372102632e-16, 5.52017724473e-16],
        "max": [0.00304263597354, 0.00843138340861, 0.0121087916195, 0.0138751203194, 0.0102788712829, 0.0133358081803, 0.0134379239753, 0.0124684786424, 0.0132200010121, 0.0101018510759, 0.00693791732192, 0.00536519242451, 0.00150078418665, 0.00303923920728, 0.00200402410701, 0.0036860271357, 0.00227191136219, 0.00144394196104, 0.000755413493607, 0.00259203859605, 0.00129414105322, 0.000457940477645, 0.000625728745945, 0.000456894311355, 0.000339633261319, 0.000158181370352, 0.000127389183035, 6.13700976828e-05, 6.3935352955e-05, 4.30729196523e-05, 2.21629761654e-05, 1.13711739687e-05, 6.88327600074e-06, 4.73671616419e-06, 3.6385997646e-06, 2.16441844714e-06, 2.16441299017e-06, 1.4040597307e-06, 7.22011691323e-07, 5.22279037796e-07],
        "mean": [6.49600042379e-05, 0.000282419292489, 0.00063856842462, 0.000603480497375, 0.000456870970083, 0.000351324473741, 0.000610493880231, 0.000475371896755, 0.000587353657465, 0.000304743385641, 0.000105104831164, 8.03143411758e-05, 4.72330539196e-05, 6.5542262746e-05, 4.56390516774e-05, 4.74081280117e-05, 3.57920907845e-05, 2.66889728664e-05, 1.91216222447e-05, 2.42131227424e-05, 2.24338291446e-05, 1.83174233825e-05, 1.46289557961e-05, 8.7212129074e-06, 7.35213552616e-06, 5.38964650332e-06, 3.48861567545e-06, 1.59378953413e-06, 1.42988858443e-06, 9.95884079202e-07, 6.36896459127e-07, 4.46229080353e-07, 2.85464409444e-07, 1.95243998746e-07, 1.28227540586e-07, 8.85607676082e-08, 5.89037192356e-08, 4.2606092876e-08, 2.77053153752e-08, 1.96622700344e-08],
        "median": [2.31010926655e-05, 8.73966564541e-05, 0.000298009661492, 0.000327899993863, 0.000203475923627, 0.000132738496177, 0.000140040239785, 0.000103798840428, 7.34811110306e-05, 3.05938374368e-05, 1.45575340866e-05, 1.90977843886e-05, 1.07829546323e-05, 1.27736857394e-05, 9.2728778327e-06, 8.61132775754e-06, 5.85858833801e-06, 5.80517280468e-06, 4.78438869322e-06, 4.01928491556e-06, 4.19443767896e-06, 5.86788473811e-06, 4.46757258032e-06, 2.84103794002e-06, 2.59362673205e-06, 2.34917865782e-06, 1.33583057504e-06, 5.8461205299e-07, 5.16213049195e-07, 3.61817512839e-07, 2.11673224726e-07, 1.44038935446e-07, 9.81429977287e-08, 7.17688379837e-08, 4.75576200643e-08, 3.45048292161e-08, 2.81120353662e-08, 2.47826097421e-08, 1.63625433203e-08, 1.19259677689e-08],
        "min": [1.13858887831e-24, 2.26485062168e-24, 1.59489972997e-23, 2.62767847812e-23, 2.2924755445e-23, 1.0131123669e-23, 1.63291351704e-23, 1.4525033946e-23, 1.29337050738e-23, 9.93877492562e-24, 4.09949019001e-23, 2.75779777122e-23, 1.46774276734e-23, 9.15459038785e-24, 1.09885894406e-23, 9.20097304249e-24, 7.17038827447e-24, 8.70318130091e-24, 1.35982927763e-23, 9.05531934267e-24, 7.53027687462e-24, 1.96737523695e-23, 9.09588178156e-24, 6.2967658427e-24, 5.21370675706e-24, 9.37061600244e-24, 1.02043173392e-23, 7.79427943175e-24, 8.2427460675e-24, 8.40545336237e-24, 8.07362454462e-24, 9.50646337234e-24, 1.17304689457e-23, 7.16656466566e-24, 9.0930963137e-24, 1.0374693151e-23, 8.83973233475e-24, 8.32936772806e-24, 6.74071703864e-24, 9.50602082138e-24],
        "var": [2.89861628033e-08, 4.22996038196e-07, 1.09981033347e-06, 8.83810514551e-07, 6.98898531937e-07, 6.97288896845e-07, 1.87746309166e-06, 1.27978273667e-06, 2.51133701568e-06, 6.17816738213e-07, 1.09600428289e-07, 4.35387512709e-08, 9.44232869671e-09, 3.10419494554e-08, 1.08218252137e-08, 1.83732993264e-08, 9.88972370664e-09, 4.23144230766e-09, 1.52281909305e-09, 5.53343992848e-09, 3.35603833612e-09, 1.06090236596e-09, 9.84334169729e-10, 4.22789608878e-10, 2.06784964152e-10, 8.06745850679e-11, 5.3823077939e-11, 7.88750662006e-12, 7.81168619374e-12, 3.33513642051e-12, 1.22759614973e-12, 6.95600098789e-13, 2.49385988206e-13, 1.06341381556e-13, 4.78944446223e-14, 2.29960534393e-14, 9.8078546356e-15, 3.81404875402e-15, 1.29326335052e-15, 6.41992052289e-16]
    },
    "mfcc": {
        "mean": [-698.340515137, 150.523895264, -17.4924507141, 24.5487689972, -5.78168582916, -10.2891273499, -11.817612648, -5.61421775818, -10.3384933472, -5.01791906357, -3.26404166222, -1.18581843376, -5.42842626572],
        "cov": [[3801.22070312, -108.624488831, -1398.66564941, -289.864624023, -529.300598145, -135.943222046, -198.473526001, 99.685546875, 66.4272155762, 52.8050193787, 137.284667969, 53.9802742004, 21.6416893005], [-108.624488831, 564.281311035, 225.763870239, -57.3863868713, 15.6414136887, -35.6605491638, 58.6337280273, 28.6802158356, -20.2054576874, -7.21468162537, 21.6972808838, 0.464078426361, 4.94054079056], [-1398.66564941, 225.763870239, 896.216125488, 257.385681152, 221.595550537, 94.729095459, 106.456413269, -17.2208652496, -32.9417457581, -9.14529895782, -45.8007583618, -20.0565395355, -23.9997425079], [-289.864624023, -57.3863868713, 257.385681152, 385.626220703, 197.9271698, 41.0624809265, 15.8208961487, -28.7180271149, -7.7433514595, -22.7960166931, -60.8662185669, -24.4988746643, 4.51152706146], [-529.300598145, 15.6414136887, 221.595550537, 197.9271698, 299.672943115, 71.2897796631, -14.7369766235, -45.9167785645, -7.90840339661, -8.69394683838, -51.4080886841, -31.1856880188, 16.3981266022], [-135.943222046, -35.6605491638, 94.729095459, 41.0624809265, 71.2897796631, 149.026901245, 55.8355751038, -6.954205513, 18.1833496094, 12.3330831528, -16.5633487701, -7.50995349884, -8.11447906494], [-198.473526001, 58.6337280273, 106.456413269, 15.8208961487, -14.7369766235, 55.8355751038, 167.905960083, 60.7389450073, 11.6887016296, 6.08762073517, 6.71885204315, 8.8807964325, -25.3045043945], [99.685546875, 28.6802158356, -17.2208652496, -28.7180271149, -45.9167785645, -6.954205513, 60.7389450073, 113.098617554, 36.8879814148, -5.34877824783, 9.02297306061, 1.15742945671, -5.6674580574], [66.4272155762, -20.2054576874, -32.9417457581, -7.7433514595, -7.90840339661, 18.1833496094, 11.6887016296, 36.8879814148, 84.8765411377, 32.4917907715, -5.59634113312, 0.221248760819, -0.0449949912727], [52.8050193787, -7.21468162537, -9.14529895782, -22.7960166931, -8.69394683838, 12.3330831528, 6.08762073517, -5.34877824783, 32.4917907715, 84.1281890869, 51.9584846497, 9.97148132324, -11.7919378281], [137.284667969, 21.6972808838, -45.8007583618, -60.8662185669, -51.4080886841, -16.5633487701, 6.71885204315, 9.02297306061, -5.59634113312, 51.9584846497, 118.771263123, 49.9045906067, -23.242099762], [53.9802742004, 0.464078426361, -20.0565395355, -24.4988746643, -31.1856880188, -7.50995349884, 8.8807964325, 1.15742945671, 0.221248760819, 9.97148132324, 49.9045906067, 79.0007553101, 16.7589836121], [21.6416893005, 4.94054079056, -23.9997425079, 4.51152706146, 16.3981266022, -8.11447906494, -25.3045043945, -5.6674580574, -0.0449949912727, -11.7919378281, -23.242099762, 16.7589836121, 84.6188659668]],
