{
"lowlevel": {
    "average_loudness": 0.861491918564,
    "barkbands_crest": {
        "dmean": 3.04164624214,
        "dmean2": 4.8931851387,
        "dvar": 7.34100437164,
        "dvar2": 17.9694728851,
        "max": 26.9098186493,
        "mean": 11.7899837494,
        "median": 10.7684545517,
        "min": 2.69794440269,
        "var": 24.761548996
    },
    "barkbands_flatness_db": {
        "dmean": 0.0189337730408,
        "dmean2": 0.0291198249906,
        "dvar": 0.000395565322833,
        "dvar2": 0.00090183771681,
        "max": 0.794766664505,
        "mean": 0.163755401969,
        "median": 0.161173060536,
        "min": 0.0411076173186,
        "var": 0.00162396440282
    },
    "barkbands_kurtosis": {
        "dmean": 7.53139019012,
        "dmean2": 13.2404079437,
        "dvar": 71041,
        "dvar2": 201566.171875,
        "max": 17065.9609375,
        "mean": 6.93184804916,
        "median": 2.45599460602,
        "min": -1.75958204269,
        "var": 41394.5273438
    },
    "barkbands_skewness": {
        "dmean": 0.565134882927,
        "dmean2": 0.875083088875,
        "dvar": 1.21152865887,
        "dvar2": 2.69046235085,
        "max": 68.6428604126,
        "mean": 1.36846578121,
        "median": 1.26371109486,
        "min": -1.73024499416,
        "var": 2.05329418182
    },
    "barkbands_spread": {
        "dmean": 3.41957950592,
        "dmean2": 5.3014383316,
        "dvar": 13.378777504,
        "dvar2": 29.5695056915,
        "max": 61.326877594,
        "mean": 12.5003128052,
        "median": 10.7250032425,
        "min": 0.00479129515588,
        "var": 58.6639709473
    },
    "dissonance": {
        "dmean": 0.0275780744851,
        "dmean2": 0.046795912087,
        "dvar": 0.000611369730905,
        "dvar2": 0.00171120872255,
        "max": 0.500000059605,
        "mean": 0.444069743156,
        "median": 0.450532853603,
        "min": 0.278027623892,
        "var": 0.001323455479
    },
    "dynamic_complexity": 3.33295655251,
    "erbbands_crest": {
        "dmean": 3.53280615807,
        "dmean2": 5.70699548721,
        "dvar": 10.3643264771,
        "dvar2": 25.7074337006,
        "max": 32.0671386719,
        "mean": 12.9528121948,
        "median": 11.653550148,
        "min": 2.19050717354,
        "var": 37.1670646667
    },
    "erbbands_flatness_db": {
        "dmean": 0.0169476289302,
        "dmean2": 0.0253800600767,
        "dvar": 0.00023597269319,
        "dvar2": 0.000501288915984,
        "max": 0.379019618034,
        "mean": 0.217125996947,
        "median": 0.217351391912,
        "min": 0.0626164153218,
        "var": 0.00199355604127
    },
    "erbbands_kurtosis": {
        "dmean": 1.29600656033,
        "dmean2": 2.06641578674,
        "dvar": 3.39741635323,
        "dvar2": 8.03945541382,
        "max": 35.8455505371,
        "mean": 1.41534590721,
        "median": 0.479662895203,
        "min": -1.77657091618,
        "var": 9.78169727325
    },
    "erbbands_skewness": {
        "dmean": 0.447587460279,
        "dmean2": 0.699105381966,
        "dvar": 0.167707934976,
        "dvar2": 0.401165992022,
        "max": 4.90150642395,
        "mean": 0.680520534515,
        "median": 0.575062930584,
        "min": -2.29835772514,
        "var": 0.766162753105
    },
    "erbbands_spread": {
        "dmean": 5.57099485397,
        "dmean2": 8.38204860687,
        "dvar": 33.8017921448,
        "dvar2": 72.334274292,
        "max": 105.47933197,
        "mean": 24.8314857483,
        "median": 21.6948165894,
        "min": 2.59364533424,
        "var": 222.027908325
    },
    "hfc": {
        "dmean": 3.90159487724,
        "dmean2": 5.44903326035,
        "dvar": 20.8413581848,
        "dvar2": 37.4986915588,
        "max": 71.0052337646,
        "mean": 17.1452674866,
        "median": 13.0832204819,
        "min": 1.13978765086e-16,
        "var": 189.458496094
    },
    "melbands_crest": {
        "dmean": 3.84770703316,
        "dmean2": 6.1707444191,
        "dvar": 12.0609092712,
        "dvar2": 28.922542572,
        "max": 39.9586296082,
        "mean": 15.2221632004,
        "median": 13.9321203232,
        "min": 1.98151004314,
        "var": 38.7272872925
    },
    "melbands_flatness_db": {
        "dmean": 0.0207682549953,
        "dmean2": 0.0313718542457,
        "dvar": 0.000496013497468,
        "dvar2": 0.00108617474325,
        "max": 0.80265545845,
        "mean": 0.228677600622,
        "median": 0.22609975934,
        "min": 0.0055801612325,
        "var": 0.00222073844634
    },
    "melbands_kurtosis": {
        "dmean": 14.9631967545,
        "dmean2": 27.7131767273,
        "dvar": 356966.3125,
        "dvar2": 1061396.875,
        "max": 36296.4921875,
        "mean": 13.5406198502,
        "median": 5.00745773315,
        "min": -1.60572814941,
        "var": 183543.421875
    },
    "melbands_skewness": {
        "dmean": 0.70277005434,
        "dmean2": 1.08717739582,
        "dvar": 4.01418447495,
        "dvar2": 11.0314512253,
        "max": 125.290061951,
        "mean": 1.85766780376,
        "median": 1.69200503826,
        "min": -1.63196575642,
        "var": 4.24217176437
    },
    "melbands_spread": {
        "dmean": 4.90505218506,
        "dmean2": 7.57120132446,
        "dvar": 29.9729480743,
        "dvar2": 65.0810928345,
        "max": 131.003723145,
        "mean": 16.4625720978,
        "median": 14.267285347,
        "min": 0.00503724720329,
        "var": 105.923080444
    },
    "pitch_salience": {
        "dmean": 0.079569414258,
        "dmean2": 0.129302218556,
        "dvar": 0.00477660866454,
        "dvar2": 0.0117491986603,
        "max": 0.875047326088,
        "mean": 0.543005228043,
        "median": 0.554304301739,
        "min": 0.00817088969052,
        "var": 0.0172492899001
    },
    "silence_rate_20dB": {
        "dmean": 0,
        "dmean2": 0,
        "dvar": 0,
        "dvar2": 0,
        "max": 1,
        "mean": 1,
        "median": 1,
        "min": 1,
        "var": 0
    },
    "silence_rate_30dB": {
        "dmean": 0,
        "dmean2": 0,
        "dvar": 0,
        "dvar2": 0,
        "max": 1,
        "mean": 1,
        "median": 1,
        "min": 1,
        "var": 0
    },
    "silence_rate_60dB": {
        "dmean": 0.0270119737834,
        "dmean2": 0.0540314726532,
        "dvar": 0.0262839179486,
        "dvar2": 0.0611408092082,
        "max": 1,
        "mean": 0.052902687341,
        "median": 0,
        "min": 0,
        "var": 0.0501032285392
    },
    "spectral_centroid": {
        "dmean": 174.63293457,
        "dmean2": 266.18637085,
        "dvar": 49468.9335938,
        "dvar2": 90328.9140625,
        "max": 11502.0253906,
        "mean": 1034.41308594,
        "median": 966.515014648,
        "min": 234.26109314,
        "var": 199006.21875
    },
    "spectral_complexity": {
        "dmean": 2.7092730999,
        "dmean2": 4.1840968132,
        "dvar": 6.69475841522,
        "dvar2": 14.1866035461,
        "max": 46,
        "mean": 15.3328695297,
        "median": 14,
        "min": 0,
        "var": 45.0616073608
    },
    "spectral_decrease": {
        "dmean": 1.47927969874e-09,
        "dmean2": 2.16848405898e-09,
        "dvar": 2.83675263143e-18,
        "dvar2": 5.67792282093e-18,
        "max": 1.83158315031e-29,
        "mean": -5.84419179717e-09,
        "median": -4.96771646041e-09,
        "min": -1.86126172252e-08,
        "var": 1.70789701609e-17
    },
    "spectral_energy": {
        "dmean": 0.00587795674801,
        "dmean2": 0.00858177337795,
        "dvar": 4.42353557446e-05,
        "dvar2": 8.7602827989e-05,
        "max": 0.0752852857113,
        "mean": 0.0236123986542,
        "median": 0.0202457755804,
        "min": 1.07448523982e-20,
        "var": 0.000278852327028
    },
    "spectral_energyband_high": {
        "dmean": 6.90969027346e-05,
        "dmean2": 9.48630186031e-05,
        "dvar": 2.24728307074e-08,
        "dvar2": 3.88463909928e-08,
        "max": 0.00487386854365,
        "mean": 0.00015651799913,
        "median": 6.8200075475e-05,
        "min": 7.69655128491e-21,
        "var": 7.33236404926e-08
    },
    "spectral_energyband_low": {
        "dmean": 0.00149205944035,
        "dmean2": 0.0024124966003,
        "dvar": 1.10937135105e-05,
        "dvar2": 2.79172581941e-05,
        "max": 0.0423892438412,
        "mean": 0.00187847390771,
        "median": 0.000814706552774,
        "min": 2.61903776908e-23,
        "var": 1.09111106212e-05
    },
    "spectral_energyband_middle_high": {
        "dmean": 0.00212892144918,
        "dmean2": 0.00309994141571,
        "dvar": 1.06225215859e-05,
        "dvar2": 2.06932527362e-05,
        "max": 0.0586230643094,
        "mean": 0.00656585162506,
        "median": 0.00342017179355,
        "min": 1.59186365047e-21,
        "var": 6.25480388408e-05
    },
    "spectral_energyband_middle_low": {
        "dmean": 0.00518717104569,
        "dmean2": 0.00776293314993,
        "dvar": 3.97111689381e-05,
        "dvar2": 8.23100708658e-05,
        "max": 0.0688982754946,
        "mean": 0.0158429853618,
        "median": 0.0109963715076,
        "min": 4.73034724152e-22,
        "var": 0.000202440845896
    },
    "spectral_entropy": {
        "dmean": 0.136225193739,
        "dmean2": 0.20400172472,
        "dvar": 0.0172933638096,
        "dvar2": 0.0358993299305,
        "max": 9.80218982697,
        "mean": 7.14315080643,
        "median": 7.14860105515,
        "min": 5.71462631226,
        "var": 0.107589557767
    },
    "spectral_flux": {
        "dmean": 0.0234385598451,
        "dmean2": 0.0372129306197,
        "dvar": 0.000595122226514,
        "dvar2": 0.00142519001383,
        "max": 0.271849930286,
        "mean": 0.0759688466787,
        "median": 0.0690867602825,
        "min": 1.0365738129e-10,
        "var": 0.0015245762188
    },
    "spectral_kurtosis": {
        "dmean": 2.48723387718,
        "dmean2": 4.21548366547,
        "dvar": 4.88628005981,
        "dvar2": 13.7671890259,
        "max": 30.9505996704,
        "mean": 7.51525211334,
        "median": 6.91260623932,
        "min": -1.23424017429,
        "var": 13.3575162888
    },
    "spectral_rms": {
        "dmean": 0.000625321816187,
        "dmean2": 0.000898821162991,
        "dvar": 4.29628016718e-07,
        "dvar2": 8.24989740522e-07,
        "max": 0.00857024267316,
        "mean": 0.00445247301832,
        "median": 0.00444431975484,
        "min": 3.23771261537e-12,
        "var": 3.21205152432e-06
    },
    "spectral_rolloff": {
        "dmean": 292.659362793,
        "dmean2": 493.790466309,
        "dvar": 243151.703125,
        "dvar2": 457349.1875,
        "max": 19293.75,
        "mean": 1113.79846191,
        "median": 990.52734375,
        "min": 21.533203125,
        "var": 512751.75
    },
    "spectral_skewness": {
        "dmean": 0.271068871021,
        "dmean2": 0.437496304512,
        "dvar": 0.0552708767354,
        "dvar2": 0.129022032022,
        "max": 4.35596990585,
        "mean": 1.87781918049,
        "median": 1.86768627167,
        "min": -0.0485560148954,
        "var": 0.274426221848
    },
    "spectral_spread": {
        "dmean": 229853.796875,
        "dmean2": 355198.375,
        "dvar": 319844909056,
        "dvar2": 334399930368,
        "max": 41441072,
        "mean": 3104449.25,
        "median": 2996720,
        "min": 1917547.375,
        "var": 656213606400
    },
    "spectral_strongpeak": {
        "dmean": 0.686913490295,
        "dmean2": 1.09708833694,
        "dvar": 0.702004253864,
        "dvar2": 1.60751032829,
        "max": 9.17468261719,
        "mean": 1.80100226402,
        "median": 1.14417850971,
        "min": 0,
        "var": 2.88910388947
    },
    "zerocrossingrate": {
        "dmean": 0.00534369517118,
        "dmean2": 0.00648963265121,
        "dvar": 5.80189953325e-05,
        "dvar2": 6.90304950695e-05,
        "max": 0.49560546875,
        "mean": 0.0427059493959,
        "median": 0.04052734375,
        "min": 0,
        "var": 0.00034126456012
    },
    "barkbands": {
        "dmean": [4.86941717099e-05, 0.000339480000548, 0.000693592068274, 0.0011420144001, 0.001620219904, 0.000703665602487, 0.00151281559374, 0.00183177588042, 0.00144273322076, 0.00100368761923, 0.000797227839939, 0.000606867833994, 0.000416947266785, 0.000271300028544, 0.000235520012211, 0.000244234397542, 0.000153733693878, 0.000100149358332, 7.35261128284e-05, 3.89441593143e-05, 3.9706206735e-05, 1.15548073154e-05, 4.46696958534e-06, 1.53710141149e-06, 6.20744515345e-07, 2.87764379436e-07, 8.23723524945e-08],
        "dmean2": [8.75063487911e-05, 0.000578002713155, 0.00121640751604, 0.00183013896458, 0.00255232444033, 0.00109248189256, 0.00230029714294, 0.00280296290293, 0.00214304775, 0.00143436482176, 0.0012620711932, 0.000954547314905, 0.000647673325147, 0.000429774576332, 0.00038456285256, 0.000387641310226, 0.000242972848355, 0.000158444585395, 0.000115659611765, 5.85398120165e-05, 5.67500137549e-05, 1.66451300174e-05, 6.46359558232e-06, 2.29542138186e-06, 9.39329481753e-07, 4.34823704154e-07, 1.35183753969e-07],
        "dvar": [7.10271574889e-09, 8.38362609556e-07, 3.2665479921e-06, 6.85351233187e-06, 6.55322719467e-06, 3.56184841621e-06, 1.30942635224e-05, 1.92037296074e-05, 1.52923712449e-05, 5.81116410103e-06, 4.41870543e-06, 3.09838651447e-06, 1.09296638584e-06, 5.08865696247e-07, 2.58705568967e-07, 3.11192025038e-07, 9.55548600245e-08, 2.93298736409e-08, 1.50508849828e-08, 6.88960222206e-09, 9.54625267724e-09, 7.72584662911e-10, 1.44732933971e-10, 6.49991822518e-12, 9.1004222387e-13, 1.98772178188e-13, 8.0307600305e-15],
        "dvar2": [2.01073220296e-08, 2.18960462917e-06, 9.11618190003e-06, 1.54610370373e-05, 1.48747194544e-05, 7.04633612258e-06, 2.84243087663e-05, 4.13702618971e-05, 3.11244621116e-05, 1.03874581328e-05, 1.00845363704e-05, 6.94267464496e-06, 2.60442607214e-06, 1.19003061627e-06, 6.44971180463e-07, 7.66844095779e-07, 2.17206121533e-07, 7.41915400226e-08, 3.51838060908e-08, 1.4988128072e-08, 1.922388293e-08, 1.479793732e-09, 2.79370859779e-10, 1.33632783658e-11, 1.86599737398e-12, 4.03386010575e-13, 2.09058912217e-14],
        "max": [0.00158148107585, 0.0148870004341, 0.0252422094345, 0.0427604019642, 0.053805232048, 0.0581681914628, 0.0586650967598, 0.0680575743318, 0.0645230785012, 0.0534367486835, 0.0429193153977, 0.0447883121669, 0.0216359980404, 0.0155810033903, 0.00982201658189, 0.0130601525307, 0.0108761955053, 0.00309931184165, 0.00372580066323, 0.00265645491891, 0.00244360673241, 0.00134163722396, 0.000416821392719, 7.00409291312e-05, 2.24910418183e-05, 1.02581152532e-05, 2.49881668424e-06],
        "mean": [4.7848741815e-05, 0.000406833132729, 0.000724313547835, 0.00139510480221, 0.00334387784824, 0.00108947942499, 0.00272213295102, 0.00348335481249, 0.0033915292006, 0.00181542674545, 0.00140520592686, 0.000956840754952, 0.000777874141932, 0.000433270208305, 0.000377779389964, 0.000438390183263, 0.000277810031548, 0.000193305269931, 0.000142886899994, 7.48475067667e-05, 7.05217244104e-05, 2.59805674432e-05, 1.01559335235e-05, 4.33710511061e-06, 2.06729873753e-06, 1.06769573449e-06, 2.36324368075e-07],
        "median": [2.41892994381e-05, 0.000177963083843, 0.000243207774474, 0.000496453838423, 0.00160510628484, 0.000374143506633, 0.000583106884733, 0.000552254030481, 0.00026413841988, 0.000380719924578, 0.000214020925341, 0.000193947547814, 0.000140006595757, 0.00012989428069, 0.000160684314324, 0.000147505357745, 0.000128876650706, 9.98758987407e-05, 8.49365533213e-05, 3.14542521664e-05, 2.24554623856e-05, 1.23135741887e-05, 4.19987372879e-06, 2.59081411969e-06, 1.39069538818e-06, 7.54372877054e-07, 2.15594752717e-07],
        "min": [2.00736188627e-24, 5.50129507196e-24, 6.11430547077e-24, 3.40358644505e-23, 6.00525034156e-23, 5.46423123119e-23, 7.47784476124e-23, 5.05910130035e-23, 4.99640957758e-23, 7.28817735608e-23, 2.67370677645e-23, 1.19371239972e-22, 6.45144206024e-23, 6.19719092831e-23, 1.66603586163e-22, 1.29986530965e-22, 1.35878930652e-22, 1.46487494241e-22, 1.98250451627e-22, 2.73155167471e-22, 5.31937516441e-22, 4.6904528416e-22, 6.52036325981e-22, 8.14670818453e-22, 1.03953277959e-21, 1.81623235266e-21, 1.90647177981e-21],
        "var": [6.63518306965e-09, 7.14566397164e-07, 2.4386899895e-06, 8.36056733533e-06, 2.36689411395e-05, 8.03256625659e-06, 4.14212190663e-05, 6.77219431964e-05, 7.80119735282e-05, 1.95196244022e-05, 1.3160765775e-05, 5.69698886466e-06, 3.31773117068e-06, 9.16438636978e-07, 4.51455690609e-07, 7.93013157363e-07, 2.34164247104e-07, 7.23388211554e-08, 3.69891921537e-08, 1.75942691527e-08, 2.16435989131e-08, 2.63827626412e-09, 5.05362363068e-10, 2.05781294782e-11, 3.19331518693e-12, 7.44351954206e-13, 2.18924559064e-14]
    },
    "erbbands": {
        "dmean": [0.0048638782464, 0.0978350117803, 0.622677385807, 2.64688968658, 3.42943787575, 6.65630435944, 7.30379295349, 5.08177947998, 16.3873195648, 28.6222915649, 40.9666099548, 35.3321533203, 26.7362957001, 33.1836891174, 30.2009601593, 23.5221672058, 19.7619609833, 13.1636962891, 14.1412725449, 11.5556907654, 11.0371952057, 7.39466571808, 5.13209152222, 3.7344429493, 3.31653928757, 1.82141983509, 2.32171034813, 0.833295822144, 0.449843913317, 0.237057611346, 0.10866253823, 0.0440451316535, 0.0212674997747, 0.00891852006316, 0.00385848386213, 0.00158827973064, 0.000506502867211, 0.000128607774968, 1.58939874382e-05, 6.79129607306e-06],
        "dmean2": [0.008166144602, 0.164916649461, 1.06514704227, 4.32619667053, 5.5288567543, 10.5116834641, 11.2141218185, 7.95630407333, 24.6676101685, 44.2215270996, 61.2614135742, 52.7712898254, 36.8796424866, 48.4088821411, 46.5572776794, 36.8779067993, 30.5411891937, 20.5332450867, 22.7461395264, 18.7127094269, 17.5273132324, 11.5632715225, 8.01251411438, 5.82261514664, 5.2446937561, 2.73154473305, 3.38178396225, 1.20843398571, 0.65110707283, 0.34065464139, 0.155407980084, 0.0642613843083, 0.0325216986239, 0.0136689739302, 0.00589021435007, 0.0024473501835, 0.000771195685957, 0.000204111434869, 2.56812581938e-05, 9.86677878245e-06],
        "dvar": [9.47933949647e-05, 0.0690624564886, 2.5476038456, 37.7886123657, 35.6155662537, 131.947692871, 346.994354248, 183.329849243, 1911.99108887, 5295.71630859, 11076.3623047, 10668.4375, 6062.30957031, 6293.78710938, 5786.45556641, 5071.33154297, 2480.39672852, 1258.70690918, 894.012451172, 907.420288086, 682.513244629, 173.817123413, 70.6860351562, 43.6943473816, 35.6984634399, 12.3342876434, 38.2070579529, 3.57357358932, 1.12519526482, 0.449650287628, 0.0705994069576, 0.00638539157808, 0.00112181773875, 0.000179951966857, 3.29881586367e-05, 5.60370790481e-06, 5.98863778123e-07, 2.42278357376e-08, 3.18854720405e-10, 5.73823974448e-11],
        "dvar2": [0.000235845131101, 0.178029641509, 6.98127698898, 91.1137924194, 86.6876907349, 291.729858398, 663.461364746, 369.964416504, 3968.12939453, 11619.4980469, 23056.8808594, 22781.7832031, 9696.62597656, 12408.2470703, 12964.8652344, 11741.8857422, 5958.7265625, 2865.05859375, 2266.42553711, 2225.43701172, 1690.90588379, 386.756713867, 175.906616211, 103.401817322, 82.922164917, 26.2531776428, 80.8899078369, 7.17122077942, 2.23460483551, 0.790405988693, 0.123719252646, 0.0124827548862, 0.0024280641228, 0.000375177711248, 6.89016378601e-05, 1.16023511509e-05, 1.27713371967e-06, 5.46462466389e-08, 8.23433821129e-10, 1.1216067658e-10],
        "max": [0.169127166271, 4.16425037384, 22.762544632, 85.6239776611, 121.209777832, 270.053741455, 432.361694336, 614.638244629, 878.84954834, 1353.10656738, 1765.33520508, 2050.05224609, 1850.67944336, 1947.51843262, 1878.27807617, 2298.29394531, 1201.37316895, 909.865539551, 548.047546387, 864.371765137, 782.609924316, 410.253601074, 150.954910278, 168.212463379, 217.65083313, 106.666564941, 151.7474823, 80.8942718506, 50.022731781, 26.7134151459, 8.4161233902, 2.34611940384, 0.798007845879, 0.283910155296, 0.127378046513, 0.052457459271, 0.0181018244475, 0.00304106529802, 0.000462227675598, 9.24894193304e-05],
        "mean": [0.00633809762076, 0.116636686027, 0.712959885597, 3.10581898689, 6.26054334641, 12.9301042557, 13.1512432098, 7.93977022171, 29.2448062897, 55.5011634827, 79.3101730347, 77.1154708862, 65.0023269653, 61.9178695679, 56.8476028442, 40.4513244629, 39.3259925842, 23.2006969452, 24.0708427429, 19.8560085297, 22.6264381409, 15.9059610367, 10.9037618637, 7.79426670074, 6.62721729279, 3.75013184547, 3.97958731651, 1.67403233051, 0.986477077007, 0.550344884396, 0.255897372961, 0.115704402328, 0.0610344111919, 0.0276470817626, 0.0126256337389, 0.00532784173265, 0.00177504250314, 0.000453084125184, 5.14637358719e-05, 2.87655384454e-05],
        "median": [0.00353971705772, 0.0486347302794, 0.266489863396, 1.15365290642, 3.00147557259, 5.47369289398, 3.88679885864, 3.53289532661, 6.90593576431, 12.9744300842, 15.6495132446, 9.22767448425, 9.11244392395, 16.837392807, 13.9870557785, 10.5955085754, 8.12982845306, 6.91142463684, 11.1116104126, 7.80112504959, 7.98954391479, 8.03869533539, 6.0237994194, 4.36123895645, 3.93475198746, 1.83268821239, 1.19218039513, 0.652547895908, 0.448738455772, 0.235131412745, 0.111042380333, 0.0618811510503, 0.0394918322563, 0.0184483639896, 0.00868899095803, 0.00375373172574, 0.00124842359219, 0.000368372624507, 4.60841947643e-05, 2.48810320045e-05],
        "min": [1.75396217191e-22, 1.09438872805e-21, 6.85813022487e-21, 6.28238828473e-20, 1.56136815893e-19, 1.69811261716e-19, 4.19469337384e-19, 3.35588880573e-19, 9.65014648601e-19, 1.08330933441e-18, 1.5661796359e-18, 1.24973011204e-18, 1.46445006904e-18, 1.68435096841e-18, 1.56853213757e-18, 6.19338124682e-18, 3.35113158663e-18, 3.97542671521e-18, 5.72988093034e-18, 7.04315340267e-18, 8.41184863042e-18, 8.06482237521e-18, 9.32767239895e-18, 9.16374918978e-18, 1.2022706244e-17, 1.29381668802e-17, 1.27816097144e-17, 2.16901248816e-17, 1.52236685671e-17, 1.82547379185e-17, 1.67806987582e-17, 1.74478778249e-17, 1.29372925503e-17, 1.16288367507e-17, 7.64631448019e-18, 6.9011988698e-18, 3.60684744196e-18, 1.21172395463e-18, 2.57900827074e-19, 2.54661881832e-20],
        "var": [0.000101424826426, 0.0601633265615, 2.07602334023, 39.8287887573, 91.5740661621, 468.11416626, 1030.8223877, 362.382843018, 5912.74951172, 18385.2226562, 37569.859375, 43698.6757812, 32305.0429688, 20217.453125, 17557.421875, 8507.46289062, 8184.75976562, 2446.55541992, 1516.24182129, 1619.02832031, 2177.76538086, 574.315734863, 201.130325317, 102.353759766, 90.6619720459, 34.2723121643, 78.997215271, 10.227180481, 3.64279532433, 1.65665757656, 0.272084087133, 0.0225044153631, 0.0033120221924, 0.000594178331085, 0.000116086557682, 1.96602049982e-05, 2.13288717532e-06, 9.01770746964e-08, 8.40328195917e-10, 3.82925968712e-10]
    },
    "gfcc": {
        "mean": [-37.0529212952, 116.799224854, -142.289840698, 9.86379718781, -56.8353538513, -6.05470943451, -34.180316925, 0.0293231904507, -24.0256481171, -5.85414409637, -18.5495605469, -4.76938295364, -11.797208786],
        "cov": [[2451.97583008, 136.53414917, -699.418334961, -107.577415466, -132.77305603, 32.9383163452, 200.034729004, -31.183883667, -20.4443359375, -94.7215881348, -63.5734519958, -61.0409469604, -39.8280754089], [136.53414917, 402.798339844, 243.80065918, -6.6492190361, 57.2936973572, -10.2275152206, -8.0353603363, -9.40864849091, -10.8059720993, -42.6606750488, 1.41588783264, -40.9506568909, -34.2463035583], [-699.418334961, 243.80065918, 658.987670898, 263.129058838, 106.996856689, -33.4044685364, -108.721000671, -21.1096687317, -8.07738018036, -6.66085290909, -17.3016986847, -22.0671291351, -18.9846935272], [-107.577415466, -6.6492190361, 263.129058838, 453.790405273, 124.071807861, -45.1138381958, -47.0370140076, -54.4225654602, -33.711391449, -6.55631923676, -48.6874771118, 8.39632320404, 25.039937973], [-132.77305603, 57.2936973572, 106.996856689, 124.071807861, 178.474868774, 46.1603927612, -20.5508136749, 11.6784591675, -17.7845573425, -24.6311588287, -9.93960857391, 11.957485199, 8.48999977112], [32.9383163452, -10.2275152206, -33.4044685364, -45.1138381958, 46.1603927612, 200.398712158, 123.152244568, 21.9204235077, -31.8039169312, -13.8914957047, 0.86883109808, -16.3646011353, -32.0238800049], [200.034729004, -8.0353603363, -108.721000671, -47.0370140076, -20.5508136749, 123.152244568, 199.675872803, 51.188835144, -30.3830184937, -11.6894397736, -5.02451181412, -32.6837501526, -23.640001297], [-31.183883667, -9.40864849091, -21.1096687317, -54.4225654602, 11.6784591675, 21.9204235077, 51.188835144, 110.096893311, 51.2854309082, 2.78956198692, -5.12723827362, -13.5492420197, -13.1486120224], [-20.4443359375, -10.8059720993, -8.07738018036, -33.711391449, -17.7845573425, -31.8039169312, -30.3830184937, 51.2854309082, 120.943260193, 52.4191551208, 2.85900831223, -14.9679641724, -22.1338996887], [-94.7215881348, -42.6606750488, -6.66085290909, -6.55631923676, -24.6311588287, -13.8914957047, -11.6894397736, 2.78956198692, 52.4191551208, 104.284835815, 40.1893692017, -15.8875312805, -19.439907074], [-63.5734519958, 1.41588783264, -17.3016986847, -48.6874771118, -9.93960857391, 0.86883109808, -5.02451181412, -5.12723827362, 2.85900831223, 40.1893692017, 77.2589645386, 34.8224754333, -11.4399223328], [-61.0409469604, -40.9506568909, -22.0671291351, 8.39632320404, 11.957485199, -16.3646011353, -32.6837501526, -13.5492420197, -14.9679641724, -15.8875312805, 34.8224754333, 88.9332046509, 42.6760177612], [-39.8280754089, -34.2463035583, -18.9846935272, 25.039937973, 8.48999977112, -32.0238800049, -23.640001297, -13.1486120224, -22.1338996887, -19.439907074, -11.4399223328, 42.6760177612, 78.5519561768]],
        "icov": [[0.00146163825411, -0.00255472795106, 0.00309794768691, -0.00205806456506, 0.00190559739713, -0.000970628520008, 0.000629601592664, -0.000314525881549, -0.000236197243794, 0.000769399746787, 0.000640770304017, 1.20231834444e-05, 0.000777884968556], [-0.00255472795106, 0.0101261548698, -0.00820297282189, 0.00605514878407, -0.00681792991236, 0.00494054239243, -0.00485942466184, 0.00472274143249, -0.00250982609577, 0.00355776608922, -0.00494493776932, 0.00386371533386, -0.0013601827668], [0.00309794768691, -0.00820297282189, 0.0104920463637, -0.00740641122684, 0.0061087817885, -0.00473924772814, 0.00572753511369, -0.00419897120446, 0.00142066110857, 0.000539373606443, 0.000975834263954, 0.000567201117519, 0.00168743741233], [-0.00205806456506, 0.00605514878407, -0.00740641122684, 0.00959890522063, -0.00851298961788, 0.00640307366848, -0.0063780839555, 0.00593519071117, -0.000150544379721, -0.00351325864904, 0.00506968889385, -0.00369090237655, 0.00118267873768], [0.00190559739713, -0.00681792991236, 0.0061087817885, -0.00851298961788, 0.0160861089826, -0.00978051871061, 0.00948953535408, -0.00873051863164, 0.00271487771533, 0.00174872600473, -0.00181036291178, 0.00100546202157, -0.00175973924343], [-0.000970628520008, 0.00494054239243, -0.00473924772814, 0.00640307366848, -0.00978051871061, 0.015409075655, -0.0121645284817, 0.00668781390414, -0.000626519322395, -0.00107237044722, 0.00327203958295, -0.00356867886148, 0.00524629931897], [0.000629601592664, -0.00485942466184, 0.00572753511369, -0.0063780839555, 0.00948953535408, -0.0121645284817, 0.0192057732493, -0.0129607040435, 0.00732577918097, -0.000458133232314, -0.0029962642584, 0.00506941881031, -0.00199599307962], [-0.000314525881549, 0.00472274143249, -0.00419897120446, 0.00593519071117, -0.00873051863164, 0.00668781390414, -0.0129607040435, 0.0231700297445, -0.0131739322096, 0.00548387877643, -0.000745034602005, 0.00067219772609, -0.000187942539924], [-0.000236197243794, -0.00250982609577, 0.00142066110857, -0.000150544379721, 0.00271487771533, -0.000626519322395, 0.00732577918097, -0.0131739322096, 0.0221796259284, -0.0147176487371, 0.0111618656665, -0.00728512601927, 0.00681884260848], [0.000769399746787, 0.00355776608922, 0.000539373606443, -0.00351325864904, 0.00174872600473, -0.00107237044722, -0.000458133232314, 0.00548387877643, -0.0147176487371, 0.0309800487012, -0.0268941000104, 0.020343163982, -0.00810366496444], [0.000640770304017, -0.00494493776932, 0.000975834263954, 0.00506968889385, -0.00181036291178, 0.00327203958295, -0.0029962642584, -0.000745034602005, 0.0111618656665, -0.0268941000104, 0.047658611089, -0.0329724103212, 0.0186355672777], [1.20231834444e-05, 0.00386371533386, 0.000567201117519, -0.00369090237655, 0.00100546202157, -0.00356867886148, 0.00506941881031, 0.00067219772609, -0.00728512601927, 0.020343163982, -0.0329724103212, 0.0397801138461, -0.0203533135355], [0.000777884968556, -0.0013601827668, 0.00168743741233, 0.00118267873768, -0.00175973924343, 0.00524629931897, -0.00199599307962, -0.000187942539924, 0.00681884260848, -0.00810366496444, 0.0186355672777, -0.0203533135355, 0.0279470216483]]
    },
    "melbands": {
        "dmean": [6.78218057146e-05, 0.000251381745329, 0.00045782077359, 0.000341235601809, 0.000267428375082, 0.000121522105474, 0.000266137358267, 0.000328626629198, 0.000326575303916, 0.000216142652789, 0.000136456583277, 0.00013992577442, 0.00011431708117, 7.35892099328e-05, 5.05360985699e-05, 3.97658259317e-05, 2.50616449193e-05, 2.45992014243e-05, 1.56127243827e-05, 1.55354737217e-05, 1.51219846884e-05, 8.41427754494e-06, 7.25800782675e-06, 4.1806288209e-06, 3.20330264003e-06, 2.99410476146e-06, 1.67667394635e-06, 1.24225050513e-06, 1.81607515515e-06, 8.34234640479e-07, 4.13768134422e-07, 2.9506227861e-07, 1.91137360162e-07, 1.24306467342e-07, 7.37604963774e-08, 4.02348945272e-08, 2.52688447944e-08, 1.77378893795e-08, 1.10442552881e-08, 7.42108374752e-09],
        "dmean2": [0.000115186827315, 0.000422119541327, 0.000738654285669, 0.000538873719051, 0.000411023414927, 0.000188961159438, 0.000401749304729, 0.000509421923198, 0.000487169047119, 0.000318523583701, 0.000188696227269, 0.000202220035135, 0.000178510075784, 0.00011418190843, 7.98760229372e-05, 6.07770707575e-05, 3.95025490434e-05, 3.98196061724e-05, 2.53242087638e-05, 2.51772380579e-05, 2.41591878876e-05, 1.31511287691e-05, 1.16047031042e-05, 6.57903456158e-06, 5.03274441144e-06, 4.79469417769e-06, 2.61180548478e-06, 1.90892046703e-06, 2.69569341071e-06, 1.22558128623e-06, 6.24570702712e-07, 4.39197975766e-07, 2.83691491632e-07, 1.85276817888e-07, 1.0928015115e-07, 5.96171787492e-08, 3.8662513191e-08, 2.78309073565e-08, 1.73148784199e-08, 1.16263532135e-08],
        "dvar": [2.93838020582e-08, 4.07793578461e-07, 9.73557348516e-07, 3.18716985248e-07, 3.37975023967e-07, 1.03088581227e-07, 4.58653914848e-07, 5.8556690874e-07, 6.53507981951e-07, 3.93471111693e-07, 1.5603995962e-07, 1.14438272192e-07, 8.85252688931e-08, 4.2322280791e-08, 1.71958980388e-08, 9.51942613625e-09, 5.12205655667e-09, 2.94541191437e-09, 1.27774346659e-09, 1.70142244738e-09, 1.54706270017e-09, 2.8470104052e-10, 1.64883731668e-10, 6.31171365173e-11, 3.4144340133e-11, 3.02263145069e-11, 9.4935344308e-12, 7.05208330967e-12, 2.74486267049e-11, 3.62739851177e-12, 9.30330899124e-13, 4.64557591614e-13, 2.5575123074e-13, 1.29860247447e-13, 3.38883855331e-14, 7.0166574577e-15, 1.87056574962e-15, 7.61855843474e-16, 2.72764170183e-16, 1.20985593679e-16],
        "dvar2": [7.6176924324e-08, 1.07679466055e-06, 2.29984289035e-06, 7.42414840715e-07, 6.70282304327e-07, 2.06276240533e-07, 9.69964048636e-07, 1.29626175749e-06, 1.35169523219e-06, 8.06409445886e-07, 2.49615027315e-07, 2.18508120042e-07, 2.04966340789e-07, 9.12480544457e-08, 4.11625187269e-08, 2.09763140191e-08, 1.19345981986e-08, 7.40030969837e-09, 3.07081715611e-09, 4.18821777259e-09, 3.86324394697e-09, 6.61941557123e-10, 4.06191691393e-10, 1.57964100134e-10, 8.21325715772e-11, 7.06081720869e-11, 2.21974817e-11, 1.5597667255e-11, 6.01097435715e-11, 7.53528663078e-12, 2.00321204936e-12, 9.86654117782e-13, 5.05484217851e-13, 2.61075286823e-13, 6.59517674305e-14, 1.44943210673e-14, 4.04703363649e-15, 1.74272423156e-15, 6.18934174339e-16, 2.67592822282e-16],
        "max": [0.00269947666675, 0.00957921333611, 0.0142661947757, 0.0144525133073, 0.0114423297346, 0.0126502253115, 0.0135229537264, 0.0135428383946, 0.0146006746218, 0.0125802690163, 0.00890648458153, 0.00771733792499, 0.0070680025965, 0.00496801687405, 0.0029345753137, 0.00205934350379, 0.00176373368595, 0.000842251523864, 0.000962610822171, 0.000994625966996, 0.00116451655049, 0.00048420013627, 0.0002756381582, 0.000156142385094, 0.000141341748531, 0.000242434092797, 8.34425809444e-05, 7.94310253696e-05, 0.000139708252391, 5.77610371693e-05, 4.05256978411e-05, 3.26850713464e-05, 1.80244805961e-05, 1.36141597977e-05, 5.45030889043e-06, 2.85686382995e-06, 1.25909855342e-06, 7.25695599613e-07, 3.1132307754e-07, 2.49191600687e-07],
        "mean": [8.60525033204e-05, 0.000297713355394, 0.000599135702942, 0.000710456224624, 0.000496384047437, 0.000185050870641, 0.00047565359273, 0.000641147606075, 0.00061722972896, 0.000484148797113, 0.000314969802275, 0.000248945463682, 0.000207019547815, 0.000118526775623, 9.06587156351e-05, 7.27624210413e-05, 3.86936590075e-05, 3.95673123421e-05, 2.59890293819e-05, 2.49281238212e-05, 2.83089284494e-05, 1.61603074957e-05, 1.36476228363e-05, 7.83447922004e-06, 6.05800960329e-06, 5.65000891584e-06, 3.13060127155e-06, 2.28031899496e-06, 2.87819034384e-06, 1.46604588735e-06, 7.89170883309e-07, 5.93737127019e-07, 4.09493225106e-07, 2.59725823071e-07, 1.57640172915e-07, 9.14420823506e-08, 6.20340401269e-08, 4.6110834262e-08, 2.98467348614e-08, 2.09123580674e-08],
        "median": [4.430138506e-05, 0.000117831754324, 0.000249372853432, 0.000329325412167, 0.000175095905433, 7.2816706961e-05, 0.000107517305878, 0.000147078928421, 0.000100938123069, 3.82487778552e-05, 3.7145553506e-05, 5.78595463594e-05, 3.82463476853e-05, 2.81850188912e-05, 2.02578521566e-05, 1.43664119605e-05, 9.95812206384e-06, 1.65499986906e-05, 1.08647245725e-05, 8.41602195578e-06, 8.42856206873e-06, 6.87441206537e-06, 6.54304494674e-06, 3.61229172086e-06, 3.19225364365e-06, 3.14369390253e-06, 1.65154267506e-06, 9.70696305558e-07, 7.41814517369e-07, 4.91314381179e-07, 3.13908429916e-07, 2.63710091986e-07, 1.7838154065e-07, 1.02500855803e-07, 6.58195205006e-08, 4.20645598354e-08, 3.5839896384e-08, 3.00672411413e-08, 1.99191223516e-08, 1.41762326322e-08],
        "min": [1.2711992561e-24, 2.67123369751e-24, 1.36342522118e-23, 1.35049405545e-23, 1.35980182527e-23, 9.46631824088e-24, 1.61248217737e-23, 1.13376454028e-23, 1.42816388023e-23, 6.40677604581e-24, 7.15326762624e-24, 7.58440456563e-24, 6.13014343116e-24, 1.15261918366e-23, 1.23762415268e-23, 6.04597039485e-24, 5.76945019289e-24, 8.09301316794e-24, 1.18923250597e-23, 7.91188360436e-24, 9.29223399404e-24, 9.46695011846e-24, 5.93760102243e-24, 7.93186387337e-24, 7.07571786609e-24, 8.52043062817e-24, 1.0542220386e-23, 7.95967200914e-24, 6.54286599044e-24, 1.21661875892e-23, 1.14715884625e-23, 7.23400675103e-24, 9.81781967189e-24, 9.1341588904e-24, 8.81406911178e-24, 1.03377074074e-23, 1.10868113007e-23, 9.12149057313e-24, 8.11488828085e-24, 1.05234383967e-23],
        "var": [2.5919197455e-08, 3.55034586619e-07, 1.15974057735e-06, 1.27981786591e-06, 1.01509635897e-06, 2.1500855496e-07, 1.44887633269e-06, 2.11108340409e-06, 2.23110782827e-06, 1.74779154349e-06, 8.15865064396e-07, 3.72673440552e-07, 2.68582397212e-07, 8.87954243467e-08, 3.78967719428e-08, 2.7806512648e-08, 8.75116068499e-09, 4.87384355097e-09, 2.38892106097e-09, 2.97327429344e-09, 4.36662839221e-09, 7.8653433766e-10, 4.41475661583e-10, 1.36436056897e-10, 7.21338683229e-11, 7.66965796428e-11, 2.14936766302e-11, 1.70042417647e-11, 5.15350435937e-11, 8.37442355045e-12, 2.55420597867e-12, 1.33661137713e-12, 7.9577203117e-13, 4.14988545914e-13, 1.12954323629e-13, 2.29383620253e-14, 5.22807200364e-15, 1.97508093322e-15, 7.54929655064e-16, 3.53545570014e-16]
    },
    "mfcc": {
        "mean": [-677.32220459, 151.528137207, -27.8640232086, 17.1407928467, -9.13611698151, -4.02774572372, -6.91638040543, -0.671841561794, -3.78434109688, -3.18027019501, -4.93823051453, -3.71673250198, -3.6252310276],
        "cov": [[2479.6875, -52.1849098206, -657.471740723, -158.975509644, -372.8175354, 57.0573043823, 37.4537010193, 107.405273438, 21.1466732025, -2.64709544182, 29.493314743, 1.80452096462, -80.4943008423], [-52.1849098206, 464.728485107, 140.528305054, -64.8575897217, 60.9676742554, -46.9935569763, 18.6887512207, 15.9306697845, -18.0259952545, -10.740852356, 29.5583438873, -2.67251729965, -6.43591690063], [-657.471740723, 140.528305054, 489.941833496, 223.693405151, 149.426376343, 32.7204780579, -9.50587081909, -35.4732933044, -0.435892820358, -7.69427919388, -31.3684692383, 10.4464673996, 9.51694583893], [-158.975509644, -64.8575897217, 223.693405151, 407.446014404, 158.252212524, 30.207408905, -36.6010894775, -48.4695358276, 32.0082206726, -41.1374130249, -91.3407058716, 6.87763643265, 25.9491119385], [-372.8175354, 60.9676742554, 149.426376343, 158.252212524, 254.398010254, 15.820098877, -43.5557556152, -5.71921443939, 9.38638305664, -29.1034240723, -35.2540969849, -1.01820600033, 33.4578285217], [57.0573043823, -46.9935569763, 32.7204780579, 30.207408905, 15.820098877, 145.446640015, 85.1498794556, 18.7856082916, -4.03107023239, 5.12311172485, -0.257551670074, -5.34966993332, -12.3203716278], [37.4537010193, 18.6887512207, -9.50587081909, -36.6010894775, -43.5557556152, 85.1498794556, 190.274673462, 71.0770645142, 3.07267165184, 17.3658466339, 9.71525478363, -21.8545570374, -36.9157752991], [107.405273438, 15.9306697845, -35.4732933044, -48.4695358276, -5.71921443939, 18.7856082916, 71.0770645142, 132.283966064, 33.1463546753, -0.474042087793, 7.0901055336, -26.0371856689, -11.1279163361], [21.1466732025, -18.0259952545, -0.435892820358, 32.0082206726, 9.38638305664, -4.03107023239, 3.07267165184, 33.1463546753, 91.5487594604, 43.4194564819, -6.6936416626, -7.15870189667, -9.82980537415], [-2.64709544182, -10.740852356, -7.69427919388, -41.1374130249, -29.1034240723, 5.12311172485, 17.3658466339, -0.474042087793, 43.4194564819, 112.812561035, 60.7540817261, -1.09935879707, -21.7912254333], [29.493314743, 29.5583438873, -31.3684692383, -91.3407058716, -35.2540969849, -0.257551670074, 9.71525478363, 7.0901055336, -6.6936416626, 60.7540817261, 118.879310608, 47.6622886658, -10.2824544907], [1.80452096462, -2.67251729965, 10.4464673996, 6.87763643265, -1.01820600033, -5.34966993332, -21.8545570374, -26.0371856689, -7.15870189667, -1.09935879707, 47.6622886658, 109.726066589, 46.184135437], [-80.4943008423, -6.43591690063, 9.51694583893, 25.9491119385, 33.4578285217, -12.3203716278, -36.9157752991, -11.1279163361, -9.82980537415, -21.7912254333, -10.2824544907, 46.184135437, 108.960845947]],
