{
"lowlevel": {
    "average_loudness": 0.941716313362,
    "barkbands_crest": {
        "dmean": 2.33855652809,
        "dmean2": 3.75702857971,
        "dvar": 4.5612154007,
        "dvar2": 11.02231884,
        "max": 26.2638168335,
        "mean": 8.35470104218,
        "median": 7.43542289734,
        "min": 2.38645172119,
        "var": 14.4929685593
    },
    "barkbands_flatness_db": {
        "dmean": 0.0152985742316,
        "dmean2": 0.0234971251339,
        "dvar": 0.000195167915081,
        "dvar2": 0.000436306145275,
        "max": 0.325899332762,
        "mean": 0.127372741699,
        "median": 0.12329544127,
        "min": 0.0384953431785,
        "var": 0.00117431057151
    },
    "barkbands_kurtosis": {
        "dmean": 1.21236264706,
        "dmean2": 1.88157224655,
        "dvar": 6.51401853561,
        "dvar2": 13.2138309479,
        "max": 121.79800415,
        "mean": 0.782106637955,
        "median": -0.278080940247,
        "min": -1.87190651894,
        "var": 19.5662212372
    },
    "barkbands_skewness": {
        "dmean": 0.417081147432,
        "dmean2": 0.640003442764,
        "dvar": 0.184813708067,
        "dvar2": 0.413600414991,
        "max": 8.84121513367,
        "mean": 0.596685171127,
        "median": 0.501277446747,
        "min": -2.47957396507,
        "var": 1.02229130268
    },
    "barkbands_spread": {
        "dmean": 5.75249195099,
        "dmean2": 8.64504718781,
        "dvar": 36.8111228943,
        "dvar2": 76.6719360352,
        "max": 91.0919647217,
        "mean": 28.0668487549,
        "median": 26.8110809326,
        "min": 0.990134119987,
        "var": 149.600067139
    },
    "dissonance": {
        "dmean": 0.0148292509839,
        "dmean2": 0.0247292090207,
        "dvar": 0.000245034403633,
        "dvar2": 0.000664758379571,
        "max": 0.500000059605,
        "mean": 0.472960144281,
        "median": 0.479001551867,
        "min": 0.255508989096,
        "var": 0.000526238989551
    },
    "dynamic_complexity": 2.32598376274,
    "erbbands_crest": {
        "dmean": 2.73120832443,
        "dmean2": 4.37164640427,
        "dvar": 6.39886713028,
        "dvar2": 15.293428421,
        "max": 29.8775081635,
        "mean": 9.53158855438,
        "median": 8.27981185913,
        "min": 2.38285326958,
        "var": 24.2363414764
    },
    "erbbands_flatness_db": {
        "dmean": 0.0152887860313,
        "dmean2": 0.0218059215695,
        "dvar": 0.000191796687432,
        "dvar2": 0.000362192309694,
        "max": 0.356104195118,
        "mean": 0.18866789341,
        "median": 0.186874657869,
        "min": 0.0811778306961,
        "var": 0.00178047188092
    },
    "erbbands_kurtosis": {
        "dmean": 0.903416514397,
        "dmean2": 1.43708562851,
        "dvar": 2.07332491875,
        "dvar2": 4.44603872299,
        "max": 63.2651596069,
        "mean": 0.274684756994,
        "median": -0.293709993362,
        "min": -1.89327788353,
        "var": 5.65907001495
    },
    "erbbands_skewness": {
        "dmean": 0.376542419195,
        "dmean2": 0.565225064754,
        "dvar": 0.122703067958,
        "dvar2": 0.265773832798,
        "max": 6.96567201614,
        "mean": -0.100315324962,
        "median": -0.115404486656,
        "min": -3.3356013298,
        "var": 0.71864682436
    },
    "erbbands_spread": {
        "dmean": 6.93447685242,
        "dmean2": 10.6043338776,
        "dvar": 51.1550750732,
        "dvar2": 116.724220276,
        "max": 157.563415527,
        "mean": 35.7430801392,
        "median": 33.450012207,
        "min": 3.05109405518,
        "var": 283.203125
    },
    "hfc": {
        "dmean": 6.26843929291,
        "dmean2": 9.18545818329,
        "dvar": 54.0656089783,
        "dvar2": 112.740341187,
        "max": 110.187835693,
        "mean": 23.1694221497,
        "median": 20.3030929565,
        "min": 1.05748602541e-16,
        "var": 253.780639648
    },
    "melbands_crest": {
        "dmean": 3.01587224007,
        "dmean2": 4.93693780899,
        "dvar": 7.54783964157,
        "dvar2": 18.7755775452,
        "max": 39.2535858154,
        "mean": 11.202791214,
        "median": 10.3651351929,
        "min": 1.00079870224,
        "var": 22.4708843231
    },
    "melbands_flatness_db": {
        "dmean": 0.0195296201855,
        "dmean2": 0.0300621204078,
        "dvar": 0.000367810076568,
        "dvar2": 0.0008695955039,
        "max": 0.350091099739,
        "mean": 0.142660871148,
        "median": 0.140292197466,
        "min": 2.76117532394e-07,
        "var": 0.00220198510215
    },
    "melbands_kurtosis": {
        "dmean": 3.00031757355,
        "dmean2": 4.72317028046,
        "dvar": 32.6366424561,
        "dvar2": 76.7569732666,
        "max": 135.044235229,
        "mean": 5.12771463394,
        "median": 1.9938685894,
        "min": -1.76635456085,
        "var": 97.6208724976
    },
    "melbands_skewness": {
        "dmean": 0.510602712631,
        "dmean2": 0.780880510807,
        "dvar": 0.302027583122,
        "dvar2": 0.71235537529,
        "max": 9.52636909485,
        "mean": 1.60387718678,
        "median": 1.39744460583,
        "min": -2.10615849495,
        "var": 1.64659905434
    },
    "melbands_spread": {
        "dmean": 9.95680618286,
        "dmean2": 15.7220592499,
        "dvar": 130.166748047,
        "dvar2": 306.579742432,
        "max": 218.123764038,
        "mean": 40.5007171631,
        "median": 36.3651657104,
        "min": 1.20814466476,
        "var": 518.841491699
    },
    "pitch_salience": {
        "dmean": 0.0630525499582,
        "dmean2": 0.101373292506,
        "dvar": 0.00306011456996,
        "dvar2": 0.00761506613344,
        "max": 0.997746944427,
        "mean": 0.584139883518,
        "median": 0.586606800556,
        "min": 0.0312854163349,
        "var": 0.0107567980886
    },
    "silence_rate_20dB": {
        "dmean": 0,
        "dmean2": 0,
        "dvar": 0,
        "dvar2": 0,
        "max": 1,
        "mean": 1,
        "median": 1,
        "min": 1,
        "var": 0
    },
    "silence_rate_30dB": {
        "dmean": 0,
        "dmean2": 0,
        "dvar": 0,
        "dvar2": 0,
        "max": 1,
        "mean": 1,
        "median": 1,
        "min": 1,
        "var": 0
    },
    "silence_rate_60dB": {
        "dmean": 0.00429130392149,
        "dmean2": 0.00858369097114,
        "dvar": 0.00427307095379,
        "dvar2": 0.00952049251646,
        "max": 1,
        "mean": 0.0413932353258,
        "median": 0,
        "min": 0,
        "var": 0.039675578475
    },
    "spectral_centroid": {
        "dmean": 285.662750244,
        "dmean2": 437.375762939,
        "dvar": 103305.820312,
        "dvar2": 213317.65625,
        "max": 11692.3212891,
        "mean": 2107.12280273,
        "median": 2020.4954834,
        "min": 385.719024658,
        "var": 1375028.75
    },
    "spectral_complexity": {
        "dmean": 4.25621604919,
        "dmean2": 6.62156009674,
        "dvar": 21.4625282288,
        "dvar2": 47.5382881165,
        "max": 56,
        "mean": 21.9834671021,
        "median": 22,
        "min": 0,
        "var": 91.4413223267
    },
    "spectral_decrease": {
        "dmean": 9.73381597547e-10,
        "dmean2": 1.47215750701e-09,
        "dvar": 1.03502245936e-18,
        "dvar2": 2.26526636752e-18,
        "max": 1.74847379635e-28,
        "mean": -4.12776790526e-09,
        "median": -3.93727228598e-09,
        "min": -1.30695294587e-08,
        "var": 4.65739453046e-18
    },
    "spectral_energy": {
        "dmean": 0.00407639984041,
        "dmean2": 0.00612055743113,
        "dvar": 1.79975977517e-05,
        "dvar2": 3.81394966098e-05,
        "max": 0.054064296186,
        "mean": 0.0176807306707,
        "median": 0.0168322082609,
        "min": 9.88957187867e-21,
        "var": 8.55830003275e-05
    },
    "spectral_energyband_high": {
        "dmean": 0.000449164130259,
        "dmean2": 0.000675484770909,
        "dvar": 5.02127306845e-07,
        "dvar2": 1.14705630949e-06,
        "max": 0.0110145220533,
        "mean": 0.000997319933958,
        "median": 0.000712496228516,
        "min": 7.06198420163e-21,
        "var": 9.55756036092e-07
    },
    "spectral_energyband_low": {
        "dmean": 0.00123963528313,
        "dmean2": 0.00199618423358,
        "dvar": 4.82074801766e-06,
        "dvar2": 1.22764395201e-05,
        "max": 0.0253211706877,
        "mean": 0.00234112353064,
        "median": 0.00163158890791,
        "min": 2.07894904126e-23,
        "var": 6.78479636917e-06
    },
    "spectral_energyband_middle_high": {
        "dmean": 0.00237296824344,
        "dmean2": 0.00348090636544,
        "dvar": 9.91267734207e-06,
        "dvar2": 1.95381016965e-05,
        "max": 0.0464588999748,
        "mean": 0.00776320835575,
        "median": 0.00515002384782,
        "min": 1.1648114644e-21,
        "var": 5.4183685279e-05
    },
    "spectral_energyband_middle_low": {
        "dmean": 0.00247828965075,
        "dmean2": 0.00390357687138,
        "dvar": 9.10456947167e-06,
        "dvar2": 2.18447057705e-05,
        "max": 0.0455130375922,
        "mean": 0.00713730789721,
        "median": 0.00539303291589,
        "min": 1.50567937226e-22,
        "var": 3.43389656337e-05
    },
    "spectral_entropy": {
        "dmean": 0.123786099255,
        "dmean2": 0.168738111854,
        "dvar": 0.014323416166,
        "dvar2": 0.0242752768099,
        "max": 9.82235908508,
        "mean": 7.64420986176,
        "median": 7.65882539749,
        "min": 5.8588142395,
        "var": 0.177366644144
    },
    "spectral_flux": {
        "dmean": 0.0181363336742,
        "dmean2": 0.0282010026276,
        "dvar": 0.000302927044686,
        "dvar2": 0.00070806365693,
        "max": 0.208480671048,
        "mean": 0.0746131017804,
        "median": 0.0719761997461,
        "min": 6.35303892826e-11,
        "var": 0.000983434962109
    },
    "spectral_kurtosis": {
        "dmean": 1.40430092812,
        "dmean2": 2.41627192497,
        "dvar": 1.80682373047,
        "dvar2": 5.45834636688,
        "max": 18.4028491974,
        "mean": 2.8327524662,
        "median": 2.46025037766,
        "min": -1.27446842194,
        "var": 3.9930973053
    },
    "spectral_rms": {
        "dmean": 0.000474995817058,
        "dmean2": 0.000705742626451,
        "dvar": 2.13929652659e-07,
        "dvar2": 4.23062232358e-07,
        "max": 0.00726262014359,
        "mean": 0.00396750774235,
        "median": 0.00405236566439,
        "min": 3.10618132777e-12,
        "var": 1.50830373968e-06
    },
    "spectral_rolloff": {
        "dmean": 569.162597656,
        "dmean2": 933.257751465,
        "dvar": 655106.625,
        "dvar2": 1374450.25,
        "max": 19659.8144531,
        "mean": 2630.49609375,
        "median": 2390.18554688,
        "min": 21.533203125,
        "var": 5111755
    },
    "spectral_skewness": {
        "dmean": 0.205648213625,
        "dmean2": 0.332664519548,
        "dvar": 0.0329649634659,
        "dvar2": 0.0854985415936,
        "max": 2.44044184685,
        "mean": 0.981606960297,
        "median": 0.98843818903,
        "min": -0.270224243402,
        "var": 0.11952020973
    },
    "spectral_spread": {
        "dmean": 359668.75,
        "dmean2": 516116.46875,
        "dvar": 675219570688,
        "dvar2": 1.14968874189e+12,
        "max": 45494116,
        "mean": 4148373.25,
        "median": 3480485.5,
        "min": 1836592.875,
        "var": 1.81553447567e+13
    },
    "spectral_strongpeak": {
        "dmean": 0.906255662441,
        "dmean2": 1.4958242178,
        "dvar": 1.92822468281,
        "dvar2": 4.70021057129,
        "max": 17.5037155151,
        "mean": 1.70618355274,
        "median": 0.906950354576,
        "min": 0,
        "var": 4.61016750336
    },
    "zerocrossingrate": {
        "dmean": 0.00939899776131,
        "dmean2": 0.0110916029662,
        "dvar": 0.000141866999911,
        "dvar2": 0.000181828145287,
        "max": 0.859375,
        "mean": 0.0877366364002,
        "median": 0.07861328125,
        "min": 0,
        "var": 0.00338944094256
    },
    "barkbands": {
        "dmean": [9.64814535109e-06, 0.00060149555793, 0.000667884829454, 0.000534272461664, 0.000616799050476, 0.000810268567875, 0.000811742036603, 0.000609566282947, 0.000531541241799, 0.000705436221324, 0.00052821036661, 0.000400615419494, 0.000423707620939, 0.000279593252344, 0.000408224062994, 0.000458510883618, 0.000589759030845, 0.00034456900903, 0.000339047343004, 0.000227190350415, 0.000214988758671, 8.75930854818e-05, 5.59022300877e-05, 3.34789765475e-05, 1.20412796605e-05, 1.01248382123e-07, 1.34053159684e-08],
        "dmean2": [1.63442455232e-05, 0.000962554069702, 0.00116131303366, 0.000911362352781, 0.00100377644412, 0.00128097180277, 0.00127456884366, 0.00096077483613, 0.000832363846712, 0.00107752531767, 0.000833969155792, 0.000594708544668, 0.000653289025649, 0.000450872670626, 0.000643662351649, 0.000712975976057, 0.000917991448659, 0.000543169095181, 0.000535581901204, 0.00035774949356, 0.000336592929671, 0.00013674631191, 8.54302052176e-05, 4.9002639571e-05, 1.64094744832e-05, 1.37278604484e-07, 2.23851994718e-08],
        "dvar": [2.15639950341e-10, 1.05104015802e-06, 2.08614346775e-06, 1.11246163215e-06, 7.30704471152e-07, 2.67326686298e-06, 2.3905274702e-06, 2.59748776443e-06, 2.05627588912e-06, 3.02838179778e-06, 2.10335838347e-06, 1.3060373476e-06, 1.4794757135e-06, 4.78990955344e-07, 9.39441463288e-07, 1.02694809812e-06, 1.98685370378e-06, 3.17567980801e-07, 3.29226054419e-07, 1.36354302072e-07, 1.74476355141e-07, 2.76125007304e-08, 1.96310185885e-08, 8.18049183948e-09, 1.84050397145e-09, 7.96991460458e-14, 3.81748961361e-16],
        "dvar2": [5.82931869442e-10, 2.45814953814e-06, 5.85225370742e-06, 3.08663152282e-06, 1.85471844816e-06, 6.65819698042e-06, 5.32800413566e-06, 6.16664601694e-06, 4.69854376206e-06, 6.2016456468e-06, 4.86072895001e-06, 2.68838039119e-06, 3.20053936775e-06, 1.22792084767e-06, 2.06664003599e-06, 2.22464723265e-06, 4.53664006272e-06, 7.20867205928e-07, 7.89724595052e-07, 3.07573969849e-07, 4.08469418289e-07, 6.74472886431e-08, 4.45695356177e-08, 1.72707519397e-08, 3.22974558209e-09, 1.55892551472e-13, 9.80176573926e-16],
        "max": [0.000224710121984, 0.0133261717856, 0.0163759998977, 0.0125060519204, 0.0130077935755, 0.0377328172326, 0.0354898385704, 0.0287957061082, 0.0398295223713, 0.0376386903226, 0.0322666876018, 0.0326352268457, 0.0335500128567, 0.0187980122864, 0.0293782223016, 0.025766659528, 0.0349388569593, 0.0140697332099, 0.0157457478344, 0.0135359568521, 0.00760558154434, 0.00278889620677, 0.00459619471803, 0.00255609164014, 0.00138588866685, 1.24710632008e-05, 4.03438548346e-07],
        "mean": [1.31973411044e-05, 0.00103200122248, 0.000883603992406, 0.000743380456697, 0.00117195083294, 0.00158657238353, 0.00140984694008, 0.0010215373477, 0.000907048117369, 0.00113944197074, 0.000805398914963, 0.000705751823261, 0.000752627733164, 0.000439092167653, 0.00066015397897, 0.000799374713097, 0.00115883012768, 0.000662173551973, 0.000615534256212, 0.000441082374891, 0.000367444881704, 0.000157575850608, 0.000116468167107, 6.7774366471e-05, 2.25465028052e-05, 2.51817397157e-07, 1.7563889898e-08],
        "median": [6.70212011755e-06, 0.000619560247287, 0.000414979527704, 0.000355238531483, 0.000784187228419, 0.000581056112424, 0.000556578161195, 0.000253134523518, 0.000253518170211, 0.000272880191915, 0.000161919728271, 0.000161860050866, 0.000149220402818, 0.000169179256773, 0.000252831436228, 0.000280699052382, 0.000367972301319, 0.000330013048369, 0.000341216858942, 0.000270403223112, 0.000200014153961, 8.62183733261e-05, 7.0052978117e-05, 3.59942896466e-05, 7.68074460211e-06, 1.21948346532e-07, 1.0240810866e-08],
        "min": [5.08647946748e-25, 1.40285373168e-24, 1.46581064977e-24, 7.65030600566e-25, 4.66726754118e-24, 4.05956144309e-24, 6.44778064123e-24, 4.72534900305e-24, 1.58743253041e-23, 1.4522793581e-23, 1.48999448244e-23, 2.67179678643e-23, 2.37800589489e-23, 4.67228619537e-23, 3.50000986013e-23, 5.493826768e-23, 5.79843246923e-23, 8.79906245301e-23, 8.99887145397e-23, 1.82780775679e-22, 2.1223072032e-22, 2.6397393725e-22, 4.03965395439e-22, 6.05086758025e-22, 8.83843999126e-22, 1.1367690117e-21, 2.04401378072e-21],
        "var": [3.58537227685e-10, 1.62286028171e-06, 2.0027289338e-06, 1.2864384189e-06, 1.54989368184e-06, 8.95016546565e-06, 6.22010020379e-06, 6.49957974019e-06, 5.15756755703e-06, 7.80602113082e-06, 4.55326471638e-06, 3.75729291591e-06, 4.95153790325e-06, 8.97686447843e-07, 1.78015977781e-06, 2.42404234996e-06, 6.89171474733e-06, 9.87678276942e-07, 7.00246516772e-07, 3.03420421233e-07, 2.93959374176e-07, 4.24196500148e-08, 3.11976684486e-08, 1.63362745553e-08, 4.8046286949e-09, 2.33693300171e-13, 5.27742660177e-16]
    },
    "erbbands": {
        "dmean": [0.0104286894202, 0.161099210382, 0.645617961884, 1.41083145142, 1.54998791218, 2.36518883705, 4.07244539261, 8.43134975433, 11.4799394608, 11.2051534653, 12.1032009125, 11.080283165, 17.3334102631, 22.8347034454, 20.1233139038, 14.5434579849, 20.0786972046, 13.057100296, 18.7144317627, 20.3033885956, 24.3797550201, 32.3770179749, 17.4602203369, 17.9446792603, 13.5891723633, 10.838971138, 10.6938514709, 6.58894777298, 3.41868424416, 2.10958981514, 1.59991419315, 0.884671151638, 0.478501260281, 0.177436426282, 0.0643592253327, 0.003104403615, 0.000220830974285, 3.81622776331e-05, 3.99704549636e-06, 5.32546891918e-06],
        "dmean2": [0.0169906057417, 0.258024901152, 1.09912610054, 2.424015522, 2.5693821907, 3.87451314926, 6.4625825882, 13.388092041, 17.9647922516, 17.5516357422, 19.0808563232, 17.1677589417, 25.976228714, 35.475112915, 30.684387207, 21.8336982727, 30.3202285767, 20.7311229706, 29.5541591644, 32.0623283386, 37.6193580627, 49.4306678772, 26.8737030029, 27.9915046692, 21.506187439, 16.9183101654, 16.6433315277, 10.3651981354, 5.37715864182, 3.26266098022, 2.44510269165, 1.31745314598, 0.690657436848, 0.24351491034, 0.0875320062041, 0.0040709101595, 0.000275152764516, 5.4613868997e-05, 5.5810842241e-06, 7.91150796431e-06],
        "dvar": [0.000271355122095, 0.0784735232592, 1.75838899612, 8.81120491028, 6.19967269897, 11.2434387207, 56.4207382202, 352.572265625, 515.40447998, 539.899841309, 1094.05444336, 831.067138672, 2441.38134766, 3321.52709961, 3254.90478516, 1416.74890137, 3625.64990234, 1260.43139648, 1622.19128418, 2599.16137695, 3172.38989258, 6370.77783203, 876.530395508, 829.606018066, 535.516906738, 315.522277832, 383.455230713, 194.824935913, 43.3598709106, 22.0873260498, 16.6421489716, 5.00907945633, 2.05781412125, 0.414441645145, 0.057403460145, 0.000103737213067, 4.66894647388e-07, 3.235006929e-09, 2.83107079446e-11, 3.05262343181e-11],
        "dvar2": [0.000710780732334, 0.180543288589, 4.85328960419, 24.3498287201, 16.3468132019, 29.012424469, 132.376541138, 887.598693848, 1125.54162598, 1257.81958008, 2646.78466797, 1851.55664062, 5021.36523438, 7036.69140625, 7211.54931641, 3063.2956543, 7800.77929688, 3263.83569336, 3554.37011719, 6124.65527344, 6563.77978516, 14425.3369141, 1890.80029297, 1941.22216797, 1261.0814209, 704.326599121, 888.544250488, 471.108551025, 107.141082764, 50.2118453979, 38.0508117676, 11.0343704224, 4.29277801514, 0.718129694462, 0.106565698981, 0.00018944349722, 9.14464692414e-07, 6.16777295903e-09, 5.08315403658e-11, 6.19163401105e-11],
        "max": [0.22761555016, 3.56153702736, 18.32721138, 31.3588981628, 35.0499572754, 57.2658424377, 143.117660522, 396.116119385, 547.236999512, 530.97479248, 612.583068848, 831.104125977, 1324.88500977, 1178.34521484, 1219.69543457, 1046.01745605, 1840.87695312, 1117.02087402, 778.571289062, 1722.63867188, 1560.7364502, 2433.50952148, 985.171691895, 626.026733398, 446.549194336, 645.835388184, 542.98638916, 276.949279785, 102.219970703, 100.69152832, 139.457504272, 70.094581604, 37.9780654907, 21.8900508881, 8.72543621063, 0.369013756514, 0.0340903587639, 0.00155403278768, 0.000131395383505, 7.0442139986e-05],
        "mean": [0.01839119941, 0.274772822857, 0.944810330868, 1.97524225712, 2.5799882412, 4.25969219208, 7.3417930603, 15.5034294128, 20.6719303131, 19.617193222, 21.2044696808, 19.2624969482, 32.0697059631, 37.7680511475, 34.9966697693, 27.7194690704, 37.5433959961, 23.00299263, 32.8950920105, 36.1901855469, 47.2437286377, 68.3170776367, 38.3153457642, 34.2002372742, 26.560667038, 21.9933052063, 19.5774459839, 10.5610942841, 6.00092697144, 4.04275465012, 3.28399825096, 1.8335660696, 0.932271718979, 0.337087720633, 0.117215506732, 0.00682892650366, 0.00058607943356, 0.000114369024232, 1.672793951e-05, 2.35979023273e-05],
        "median": [0.0121331103146, 0.158366680145, 0.513256549835, 0.993483543396, 1.61613190174, 2.69402170181, 3.67564344406, 5.23924350739, 7.89634513855, 7.63688468933, 6.04247236252, 6.69765949249, 7.19711208344, 11.2369632721, 9.42208862305, 8.45499610901, 8.27209281921, 8.99311447144, 14.4747419357, 15.1811475754, 17.8790302277, 22.5266628265, 19.0430717468, 18.7319602966, 15.9392957687, 13.6924228668, 11.1308193207, 5.45434093475, 3.37093639374, 2.24622750282, 1.94393634796, 1.06693530083, 0.436873018742, 0.121752426028, 0.0341227650642, 0.00248578307219, 0.000282154971501, 8.07449978311e-05, 1.532891838e-05, 2.27920609177e-05],
        "min": [5.83223295021e-23, 4.05791841938e-22, 1.78399613868e-21, 3.51557091773e-21, 1.3032499546e-20, 1.00909685474e-20, 1.67489517602e-20, 6.27910799661e-20, 1.16711307022e-19, 1.06475619026e-19, 2.55684319075e-19, 4.95138837543e-19, 5.85294493276e-19, 6.72761605223e-19, 7.96517854426e-19, 1.34234321798e-18, 1.39935322958e-18, 2.47198045696e-18, 2.59209638768e-18, 3.35013690194e-18, 3.72069272326e-18, 4.30434061013e-18, 4.97554763279e-18, 5.31772123293e-18, 6.32282384575e-18, 8.6056926167e-18, 8.46308171602e-18, 9.33205149312e-18, 9.08764609189e-18, 9.42775380845e-18, 1.14017061894e-17, 1.19875427961e-17, 9.49771509029e-18, 7.94844385329e-18, 5.49793286913e-18, 4.25492401315e-18, 2.2888569382e-18, 9.65656850949e-19, 2.42061042127e-19, 2.83585689823e-20],
        "var": [0.000441731564933, 0.120243683457, 1.83716845512, 9.62790298462, 9.35750293732, 23.5165519714, 132.53678894, 997.847900391, 1429.17077637, 1171.1574707, 2791.08862305, 1935.93798828, 8591.640625, 6867.96630859, 8048.14990234, 4336.64599609, 12508.9570312, 2591.15185547, 3541.2121582, 5211.57324219, 7983.02539062, 25204.8339844, 3435.47802734, 1962.078125, 1139.70007324, 734.367736816, 720.20111084, 265.910949707, 61.1686553955, 33.9475212097, 26.6938991547, 9.38463973999, 4.03059148788, 1.03979289532, 0.142880693078, 0.000299066101434, 1.34989147682e-06, 1.4337240728e-08, 1.18710527519e-10, 1.48807161038e-10]
    },
    "gfcc": {
        "mean": [-23.5396766663, 93.6787338257, -158.781784058, 54.4001159668, -71.7544021606, 8.24120521545, -36.7907333374, 3.7534828186, -15.0557069778, -8.25360774994, -4.33030128479, -8.18126487732, -0.673937499523],
        "cov": [[19587.4335938, 1655.58154297, -2588.61865234, 903.710754395, -1078.10949707, 177.154815674, -577.313537598, 112.591270447, -213.165390015, -181.914474487, -27.8417377472, -198.867446899, -17.009431839], [1655.58154297, 871.248046875, 35.5832595825, 188.166534424, 74.1009368896, -76.1464080811, 102.117256165, -34.4094467163, 33.5548553467, -42.6019821167, 48.7803573608, -14.5252962112, 30.4563579559], [-2588.61865234, 35.5832595825, 1111.93334961, 198.198608398, 135.605010986, 48.5843734741, 19.3110389709, 42.2756958008, 34.0162277222, 72.4554519653, -36.2298355103, 67.5804443359, -12.4695444107], [903.710754395, 188.166534424, 198.198608398, 437.924224854, 46.5160369873, -46.4988174438, -25.2502117157, 35.0855178833, 32.3513183594, -1.57851183414, -48.5239257812, 23.2191772461, -1.77049732208], [-1078.10949707, 74.1009368896, 135.605010986, 46.5160369873, 303.658874512, 11.6169967651, 121.4740448, 11.5562753677, 15.030424118, -4.37002897263, 16.8752059937, 6.46731042862, 24.1292915344], [177.154815674, -76.1464080811, 48.5843734741, -46.4988174438, 11.6169967651, 278.364349365, 47.4643440247, -0.929576575756, -74.4342803955, 29.2237129211, -1.55845558643, -13.7167682648, -8.1340675354], [-577.313537598, 102.117256165, 19.3110389709, -25.2502117157, 121.4740448, 47.4643440247, 225.484786987, -11.2565031052, -23.2437038422, -2.29404377937, 7.77928113937, -8.04247188568, 9.4330034256], [112.591270447, -34.4094467163, 42.2756958008, 35.0855178833, 11.5562753677, -0.929576575756, -11.2565031052, 135.540679932, 45.9347000122, -9.06660461426, 1.93494796753, 8.96557331085, 7.27010011673], [-213.165390015, 33.5548553467, 34.0162277222, 32.3513183594, 15.030424118, -74.4342803955, -23.2437038422, 45.9347000122, 145.288955688, 1.15587484837, 11.9689731598, 10.5884284973, -2.76198101044], [-181.914474487, -42.6019821167, 72.4554519653, -1.57851183414, -4.37002897263, 29.2237129211, -2.29404377937, -9.06660461426, 1.15587484837, 101.571899414, 10.7362203598, 6.97488164902, -8.06216812134], [-27.8417377472, 48.7803573608, -36.2298355103, -48.5239257812, 16.8752059937, -1.55845558643, 7.77928113937, 1.93494796753, 11.9689731598, 10.7362203598, 127.171730042, 15.302154541, 11.7371425629], [-198.867446899, -14.5252962112, 67.5804443359, 23.2191772461, 6.46731042862, -13.7167682648, -8.04247188568, 8.96557331085, 10.5884284973, 6.97488164902, 15.302154541, 83.0295562744, 25.5538578033], [-17.009431839, 30.4563579559, -12.4695444107, -1.77049732208, 24.1292915344, -8.1340675354, 9.4330034256, 7.27010011673, -2.76198101044, -8.06216812134, 11.7371425629, 25.5538578033, 84.3065643311]],
        "icov": [[0.000625284621492, -0.00145728420466, 0.0016875929432, -0.00159481004812, 0.00151700538117, -0.00134109437931, 0.00142103189137, -0.00141755805817, 0.00103223056067, -0.000382278696634, 0.000192245803191, 6.35570249869e-05, 0.000219627589104], [-0.00145728420466, 0.00503376405686, -0.00400205375627, 0.00280822697096, -0.0033121262677, 0.00341550982557, -0.00423410721123, 0.00406575994566, -0.00282362569124, 0.00158792885486, -0.00148280418944, 0.000702174496837, -0.00119186984375], [0.0016875929432, -0.00400205375627, 0.00573547463864, -0.00464348169044, 0.00355172809213, -0.0038861783687, 0.00397293129936, -0.00404502172023, 0.00266261119395, -0.00181056174915, 0.000968062377069, -0.000822700036224, 0.00107854325324], [-0.00159481004812, 0.00280822697096, -0.00464348169044, 0.00733432080597, -0.00446793017909, 0.0036899773404, -0.0026997521054, 0.00271608843468, -0.00248687295243, 0.000663854531012, 0.00112648971844, -0.00114531803411, 5.93200002186e-06], [0.00151700538117, -0.0033121262677, 0.00355172809213, -0.00446793017909, 0.00850700587034, -0.00320418016054, 0.000756505934987, -0.00337037956342, 0.00178551033605, -0.000360489357263, -0.000413928559283, 0.000769185251556, -0.000755333749112], [-0.00134109437931, 0.00341550982557, -0.0038861783687, 0.0036899773404, -0.00320418016054, 0.00761909643188, -0.00393065484241, 0.0020981177222, 0.000281650223769, -0.000365820073057, -0.000623342988547, 0.000591599149629, -0.000209006189834], [0.00142103189137, -0.00423410721123, 0.00397293129936, -0.0026997521054, 0.000756505934987, -0.00393065484241, 0.00985450763255, -0.00328263151459, 0.00319007667713, -0.00110272911843, 0.00105237856042, 3.89058986912e-05, 0.000772690575104], [-0.00141755805817, 0.00406575994566, -0.00404502172023, 0.00271608843468, -0.00337037956342, 0.0020981177222, -0.00328263151459, 0.0123536614701, -0.00565146422014, 0.00241466076113, -0.00102252990473, 1.84934306162e-05, -0.00164447305724], [0.00103223056067, -0.00282362569124, 0.00266261119395, -0.00248687295243, 0.00178551033605, 0.000281650223769, 0.00319007667713, -0.00565146422014, 0.011330569163, -0.00165831972845, -0.000246955751209, -0.000416001421399, 0.00158955936786], [-0.000382278696634, 0.00158792885486, -0.00181056174915, 0.000663854531012, -0.000360489357263, -0.000365820073057, -0.00110272911843, 0.00241466076113, -0.00165831972845, 0.0116715095937, -0.00171289918944, -0.000352417118847, 0.000485503696837], [0.000192245803191, -0.00148280418944, 0.000968062377069, 0.00112648971844, -0.000413928559283, -0.000623342988547, 0.00105237856042, -0.00102252990473, -0.000246955751209, -0.00171289918944, 0.00963182747364, -0.00235072034411, -3.02596308757e-05], [6.35570249869e-05, 0.000702174496837, -0.000822700036224, -0.00114531803411, 0.000769185251556, 0.000591599149629, 3.89058986912e-05, 1.84934306162e-05, -0.000416001421399, -0.000352417118847, -0.00235072034411, 0.0153843536973, -0.00493875425309], [0.000219627589104, -0.00119186984375, 0.00107854325324, 5.93200002186e-06, -0.000755333749112, -0.000209006189834, 0.000772690575104, -0.00164447305724, 0.00158955936786, 0.000485503696837, -3.02596308757e-05, -0.00493875425309, 0.0143470605835]]
    },
    "melbands": {
        "dmean": [0.000132239831146, 0.000283235538518, 0.000237748681684, 0.000131560518639, 0.000132692308398, 0.000175867520738, 0.000173921565874, 0.000127623046865, 9.04866319615e-05, 7.50828112359e-05, 8.98354701349e-05, 9.66568404692e-05, 7.00891032466e-05, 5.13726663485e-05, 3.84835293517e-05, 4.21421354986e-05, 2.3985398002e-05, 3.02688240481e-05, 3.06355213979e-05, 2.76241626125e-05, 3.27574816765e-05, 3.73822549591e-05, 2.45701339736e-05, 1.60082072398e-05, 1.59634146257e-05, 1.30297985379e-05, 7.53801759856e-06, 7.90246758697e-06, 7.94774132373e-06, 5.41881900062e-06, 3.40364999829e-06, 2.05497326533e-06, 1.61723755809e-06, 1.15402906431e-06, 1.04298646875e-06, 7.41534506687e-07, 5.23433016042e-07, 3.91384816112e-07, 2.39668139557e-07, 1.4055775921e-07],
        "dmean2": [0.000211660852074, 0.000460598676, 0.000402706733439, 0.000214646599488, 0.000210993835935, 0.000278246356174, 0.00027228766703, 0.000199735921342, 0.000143199038575, 0.000116908035125, 0.000134707443067, 0.00015037234698, 0.000109341919597, 7.54696811782e-05, 5.84543013247e-05, 6.50253787171e-05, 3.85294042644e-05, 4.82198738609e-05, 4.76198074466e-05, 4.39109935542e-05, 5.05426614836e-05, 5.7885368733e-05, 3.75493727915e-05, 2.55153627222e-05, 2.49365730269e-05, 2.08074143302e-05, 1.19227142932e-05, 1.24821572172e-05, 1.25450706037e-05, 8.55660437082e-06, 5.40582368558e-06, 3.29294357471e-06, 2.57302735918e-06, 1.81307507319e-06, 1.62424362316e-06, 1.13345436148e-06, 7.95211519744e-07, 5.79888364882e-07, 3.45237680222e-07, 1.96772148797e-07],
        "dvar": [4.78680242111e-08, 2.81425627691e-07, 2.11986218801e-07, 3.62362193584e-08, 4.98552772399e-08, 1.4093834011e-07, 1.13552175662e-07, 7.65691723359e-08, 5.58280603968e-08, 4.23597441568e-08, 6.38712833734e-08, 6.00915583959e-08, 3.74654014479e-08, 2.21638352116e-08, 1.06104938169e-08, 1.57117874267e-08, 4.80584638751e-09, 4.14215239886e-09, 6.42721698085e-09, 4.32717151e-09, 7.18861903337e-09, 9.93738780153e-09, 2.60816501729e-09, 7.24809601227e-10, 7.28645810355e-10, 5.90177740012e-10, 2.1431101338e-10, 1.71158032192e-10, 2.03466798965e-10, 1.51390872061e-10, 5.27884402857e-11, 1.53094325411e-11, 1.13294382556e-11, 7.80284083873e-12, 7.96559953414e-12, 2.73853726154e-12, 1.89963583058e-12, 1.35776795623e-12, 5.74410202563e-13, 3.31272552792e-13],
        "dvar2": [1.15880332885e-07, 7.3725624361e-07, 5.79600680339e-07, 9.56765333626e-08, 1.17006869971e-07, 3.52759172983e-07, 2.47783816576e-07, 1.77167834181e-07, 1.36604796808e-07, 9.51273335659e-08, 1.3087687023e-07, 1.27026780206e-07, 8.46035419499e-08, 4.54724684573e-08, 2.18524718321e-08, 3.35572423182e-08, 1.24729018225e-08, 9.16934084216e-09, 1.40337599319e-08, 1.0174842302e-08, 1.47638790082e-08, 2.26718821494e-08, 5.30770316587e-09, 1.73257452829e-09, 1.69668323835e-09, 1.43461009738e-09, 4.81219342152e-10, 3.91207621853e-10, 4.81827189258e-10, 3.48022471952e-10, 1.29697128037e-10, 3.87595615325e-11, 2.75089430402e-11, 1.83559886041e-11, 1.91637400393e-11, 5.91075192263e-12, 4.37863937816e-12, 2.94192730073e-12, 1.1790715973e-12, 5.98905528035e-13],
        "max": [0.00303335301578, 0.00770198088139, 0.0046855728142, 0.00356677151285, 0.00424994528294, 0.00846878718585, 0.00821399874985, 0.00652315048501, 0.00420805485919, 0.00612504826859, 0.00681790430099, 0.00466425670311, 0.00461033033207, 0.004715569783, 0.00300095044076, 0.00310241384432, 0.00233833352104, 0.00120051915292, 0.00267233257182, 0.00158884737175, 0.00255309720524, 0.00311981840059, 0.00141005252954, 0.000704289996065, 0.000571608543396, 0.000649153837003, 0.000605174922384, 0.000321697501931, 0.000354274670826, 0.000342823914252, 0.000160232768394, 7.23950797692e-05, 8.95165430848e-05, 6.73650647514e-05, 0.000111464018119, 3.79616758437e-05, 4.21135337092e-05, 2.95582722174e-05, 2.28247663472e-05, 2.24017439905e-05],
        "mean": [0.000231584563153, 0.000465915421955, 0.000356961012585, 0.000241144283791, 0.000249278120464, 0.000333393167239, 0.00031475481228, 0.000220606496441, 0.000155747096869, 0.000128202824271, 0.000160986703122, 0.000153666303959, 0.000115223992907, 9.00828963495e-05, 7.02016477589e-05, 7.29318344384e-05, 3.80335368391e-05, 4.98413137393e-05, 5.00472051499e-05, 4.67987520096e-05, 5.70306146983e-05, 7.29532985133e-05, 4.65671691927e-05, 2.98011291306e-05, 2.76416049019e-05, 2.31916019402e-05, 1.40106731124e-05, 1.47208429553e-05, 1.35112341013e-05, 8.59531974129e-06, 5.08919629283e-06, 3.44641421179e-06, 2.67838368018e-06, 2.08937058233e-06, 1.99205351237e-06, 1.47930097683e-06, 9.85565975498e-07, 7.11970642442e-07, 4.24364515084e-07, 2.43635213337e-07],
        "median": [0.000150219915668, 0.000287830043817, 0.000202430848731, 0.000162679411005, 0.000138812232763, 0.000115360024211, 0.000123231555335, 7.84582080087e-05, 4.44057804998e-05, 3.62808568752e-05, 3.2087235013e-05, 4.02655423386e-05, 2.64089703705e-05, 2.08122419281e-05, 1.7719961761e-05, 1.49910420078e-05, 1.30818680191e-05, 2.00770555239e-05, 1.91355557035e-05, 1.65477977134e-05, 1.7666581698e-05, 2.06380318559e-05, 1.90714326891e-05, 1.45861813508e-05, 1.40363781611e-05, 1.19670667118e-05, 8.32637852e-06, 8.52549783303e-06, 7.32687203708e-06, 4.19633624915e-06, 2.42764440372e-06, 1.85211501957e-06, 1.40272868521e-06, 1.13892929221e-06, 1.14151794151e-06, 8.43103293846e-07, 5.3449070947e-07, 3.22100675021e-07, 1.65063596569e-07, 6.79478020515e-08],
        "min": [8.84509796941e-25, 1.14971250732e-24, 7.94087798971e-25, 9.38632754787e-25, 5.13488150743e-25, 1.2934992692e-24, 1.67306058122e-24, 1.08329742025e-24, 1.68176408359e-24, 2.72592542407e-24, 2.81712839434e-24, 2.72760510615e-24, 1.83343127008e-24, 2.52005323819e-24, 2.68011804624e-24, 2.91149154139e-24, 4.14171144561e-24, 4.06349036483e-24, 4.04634605078e-24, 2.82555047058e-24, 4.18775843994e-24, 3.42071821622e-24, 2.89200845197e-24, 3.62255458971e-24, 3.75243107142e-24, 3.80800750548e-24, 2.82366923453e-24, 5.31103680998e-24, 5.45147692807e-24, 4.67012952854e-24, 4.33895033774e-24, 5.0715780822e-24, 4.94394196545e-24, 4.62710663249e-24, 5.49961203722e-24, 5.46822286737e-24, 6.57311604515e-24, 5.93603197809e-24, 6.34280258184e-24, 6.36723675952e-24],
        "var": [7.49855004756e-08, 3.47074802676e-07, 2.43232847197e-07, 6.54659260135e-08, 1.24558383163e-07, 4.34078316403e-07, 3.17859132792e-07, 1.73369059553e-07, 1.43269232922e-07, 1.04034747039e-07, 2.21782940457e-07, 1.24258122014e-07, 8.93723068884e-08, 6.42863184908e-08, 3.77713007538e-08, 4.53880382167e-08, 8.88152840162e-09, 8.8840685919e-09, 1.16911964554e-08, 9.91558568586e-09, 1.68161378156e-08, 3.47573241299e-08, 7.79845255039e-09, 2.04843675355e-09, 1.5298856626e-09, 1.24068177954e-09, 4.67741623211e-10, 3.66022739895e-10, 3.52116724667e-10, 2.68083694133e-10, 6.49845247058e-11, 2.11537488914e-11, 1.55875885116e-11, 1.08194894016e-11, 1.12228386306e-11, 5.36246090935e-12, 3.2008148302e-12, 2.42091286254e-12, 1.16587609792e-12, 7.66602981182e-13]
    },
    "mfcc": {
        "mean": [-634.309448242, 98.3938751221, -21.4583778381, 32.7281646729, -6.39202737808, 0.879946649075, -7.39087963104, 4.5330748558, -5.87147188187, 2.75919651985, -8.19473648071, 3.83158183098, -1.73913872242],
        "cov": [[5562.84375, 653.096252441, -367.48840332, 172.862823486, -15.2183685303, -32.2646064758, -39.2538032532, 70.421546936, -38.3608818054, 82.2177734375, -76.2272491455, 69.4842910767, -10.5257415771], [653.096252441, 819.213867188, 5.22767782211, 211.604354858, -2.5438284874, 57.7860069275, 66.8791809082, 44.7591056824, -21.6175861359, 51.4600410461, -51.6838912964, 38.9620513916, 13.6183338165], [-367.48840332, 5.22767782211, 747.591186523, 149.159286499, 125.063980103, 52.860332489, -26.7864360809, 1.88408625126, 38.6626853943, -46.1308937073, 87.2454528809, -21.2751083374, 15.3530254364], [172.862823486, 211.604354858, 149.159286499, 530.833496094, 97.1386260986, 5.09774112701, -41.6532363892, 39.5299110413, 70.5895996094, -26.5275821686, 6.38317871094, 35.5296020508, -1.63826406002], [-15.2183685303, -2.5438284874, 125.063980103, 97.1386260986, 223.333435059, -19.0233440399, 2.9947373867, 26.0786819458, 27.6151371002, 11.0844392776, -9.90874195099, 26.9541511536, 38.4001808167], [-32.2646064758, 57.7860069275, 52.860332489, 5.09774112701, -19.0233440399, 237.59312439, 94.0179290771, 4.50237226486, 13.6815252304, 9.30468177795, 16.2547225952, -39.6780700684, -7.24714040756], [-39.2538032532, 66.8791809082, -26.7864360809, -41.6532363892, 2.9947373867, 94.0179290771, 240.854797363, 27.0585594177, -0.731027007103, 25.8971824646, -13.4909801483, -12.631149292, 8.19117736816], [70.421546936, 44.7591056824, 1.88408625126, 39.5299110413, 26.0786819458, 4.50237226486, 27.0585594177, 126.012123108, 30.737329483, 10.5779733658, -8.32917022705, 8.06641197205, 8.38095474243], [-38.3608818054, -21.6175861359, 38.6626853943, 70.5895996094, 27.6151371002, 13.6815252304, -0.731027007103, 30.737329483, 123.530082703, 9.19129753113, 16.9685306549, -14.431429863, -11.1686487198], [82.2177734375, 51.4600410461, -46.1308937073, -26.5275821686, 11.0844392776, 9.30468177795, 25.8971824646, 10.5779733658, 9.19129753113, 100.975967407, -7.8773522377, 10.500585556, -2.14696216583], [-76.2272491455, -51.6838912964, 87.2454528809, 6.38317871094, -9.90874195099, 16.2547225952, -13.4909801483, -8.32917022705, 16.9685306549, -7.8773522377, 108.541641235, 10.6913518906, 9.83927345276], [69.4842910767, 38.9620513916, -21.2751083374, 35.5296020508, 26.9541511536, -39.6780700684, -12.631149292, 8.06641197205, -14.431429863, 10.500585556, 10.6913518906, 108.054679871, 32.1798095703], [-10.5257415771, 13.6183338165, 15.3530254364, -1.63826406002, 38.4001808167, -7.24714040756, 8.19117736816, 8.38095474243, -11.1686487198, -2.14696216583, 9.83927345276, 32.1798095703, 91.8071975708]],
