{
"lowlevel": {
    "average_loudness": 0.33457967639,
    "barkbands_crest": {
        "dmean": 2.61179232597,
        "dmean2": 4.17173290253,
        "dvar": 5.13225221634,
        "dvar2": 12.9199705124,
        "max": 24.5546875,
        "mean": 10.2806854248,
        "median": 9.53479671478,
        "min": 2.4460811615,
        "var": 19.0559806824
    },
    "barkbands_flatness_db": {
        "dmean": 0.0191942751408,
        "dmean2": 0.0304102525115,
        "dvar": 0.000268969248282,
        "dvar2": 0.000641931081191,
        "max": 0.347873240709,
        "mean": 0.175126627088,
        "median": 0.170897036791,
        "min": 0.0525060854852,
        "var": 0.00162101374008
    },
    "barkbands_kurtosis": {
        "dmean": 1.43479382992,
        "dmean2": 2.25100111961,
        "dvar": 5.50683689117,
        "dvar2": 12.5782184601,
        "max": 64.3958053589,
        "mean": 1.66992986202,
        "median": 0.339872360229,
        "min": -1.87487626076,
        "var": 18.6377315521
    },
    "barkbands_skewness": {
        "dmean": 0.388380020857,
        "dmean2": 0.590857625008,
        "dvar": 0.141497060657,
        "dvar2": 0.317032814026,
        "max": 7.24420976639,
        "mean": 0.727452397346,
        "median": 0.556593894958,
        "min": -2.13348221779,
        "var": 1.05486178398
    },
    "barkbands_spread": {
        "dmean": 4.85447692871,
        "dmean2": 7.39192819595,
        "dvar": 27.998046875,
        "dvar2": 57.469959259,
        "max": 100.161758423,
        "mean": 21.565032959,
        "median": 19.7714099884,
        "min": 1.36368978024,
        "var": 129.848220825
    },
    "dissonance": {
        "dmean": 0.0197411645204,
        "dmean2": 0.0333956182003,
        "dvar": 0.000373786460841,
        "dvar2": 0.0010236504022,
        "max": 0.500000119209,
        "mean": 0.463370621204,
        "median": 0.470886051655,
        "min": 0.283696144819,
        "var": 0.000805837393273
    },
    "dynamic_complexity": 4.53368806839,
    "erbbands_crest": {
        "dmean": 2.99252724648,
        "dmean2": 4.67482662201,
        "dvar": 6.74003648758,
        "dvar2": 15.8620576859,
        "max": 33.2115478516,
        "mean": 11.6044206619,
        "median": 10.4847183228,
        "min": 2.375633955,
        "var": 28.0058040619
    },
    "erbbands_flatness_db": {
        "dmean": 0.0170813668519,
        "dmean2": 0.0239408947527,
        "dvar": 0.000241210233071,
        "dvar2": 0.000444306584541,
        "max": 0.379283577204,
        "mean": 0.223399162292,
        "median": 0.224135398865,
        "min": 0.0962239056826,
        "var": 0.00150503590703
    },
    "erbbands_kurtosis": {
        "dmean": 0.933489143848,
        "dmean2": 1.45527529716,
        "dvar": 1.68332958221,
        "dvar2": 3.48949384689,
        "max": 49.4391822815,
        "mean": 0.550781667233,
        "median": -0.0617806911469,
        "min": -1.85721075535,
        "var": 6.60352468491
    },
    "erbbands_skewness": {
        "dmean": 0.348392367363,
        "dmean2": 0.535777807236,
        "dvar": 0.0978798046708,
        "dvar2": 0.219091266394,
        "max": 4.68602132797,
        "mean": 0.339545607567,
        "median": 0.331431865692,
        "min": -3.2428586483,
        "var": 0.725843966007
    },
    "erbbands_spread": {
        "dmean": 6.37379074097,
        "dmean2": 9.60029411316,
        "dvar": 50.4374389648,
        "dvar2": 110.795570374,
        "max": 141.095291138,
        "mean": 31.2631263733,
        "median": 27.903837204,
        "min": 2.08076620102,
        "var": 246.970169067
    },
    "hfc": {
        "dmean": 5.01570367813,
        "dmean2": 6.76134347916,
        "dvar": 41.0105056763,
        "dvar2": 70.871383667,
        "max": 188.693847656,
        "mean": 23.3086223602,
        "median": 18.2880134583,
        "min": 1.22821087606e-16,
        "var": 501.729675293
    },
    "melbands_crest": {
        "dmean": 3.26133561134,
        "dmean2": 5.22763442993,
        "dvar": 8.03401565552,
        "dvar2": 19.5345497131,
        "max": 30.5558490753,
        "mean": 12.7756986618,
        "median": 11.9581413269,
        "min": 1.62772762775,
        "var": 26.3642730713
    },
    "melbands_flatness_db": {
        "dmean": 0.0192835405469,
        "dmean2": 0.0293755680323,
        "dvar": 0.000325302244164,
        "dvar2": 0.00073900737334,
        "max": 0.415864884853,
        "mean": 0.159871086478,
        "median": 0.1447955966,
        "min": 0.00343509227969,
        "var": 0.0038891301956
    },
    "melbands_kurtosis": {
        "dmean": 2.96966934204,
        "dmean2": 4.64035558701,
        "dvar": 27.2088775635,
        "dvar2": 63.65417099,
        "max": 114.042602539,
        "mean": 5.47411394119,
        "median": 2.26350808144,
        "min": -1.76398038864,
        "var": 82.413269043
    },
    "melbands_skewness": {
        "dmean": 0.485810756683,
        "dmean2": 0.733446776867,
        "dvar": 0.254603654146,
        "dvar2": 0.588452160358,
        "max": 9.331199646,
        "mean": 1.45741343498,
        "median": 1.18303930759,
        "min": -1.40317320824,
        "var": 1.67180836201
    },
    "melbands_spread": {
        "dmean": 8.04719161987,
        "dmean2": 12.3988790512,
        "dvar": 89.5223083496,
        "dvar2": 193.880355835,
        "max": 230.480041504,
        "mean": 33.8654098511,
        "median": 30.8627681732,
        "min": 1.5616158247,
        "var": 431.518554688
    },
    "pitch_salience": {
        "dmean": 0.0647904425859,
        "dmean2": 0.104348562658,
        "dvar": 0.00315544288605,
        "dvar2": 0.00792835466564,
        "max": 0.942091226578,
        "mean": 0.553264915943,
        "median": 0.560315966606,
        "min": 0.106334462762,
        "var": 0.0103599010035
    },
    "silence_rate_20dB": {
        "dmean": 0,
        "dmean2": 0,
        "dvar": 0,
        "dvar2": 0,
        "max": 1,
        "mean": 1,
        "median": 1,
        "min": 1,
        "var": 0
    },
    "silence_rate_30dB": {
        "dmean": 0.000536696636118,
        "dmean2": 0.00107353727799,
        "dvar": 0.000536367530003,
        "dvar2": 0.00134060473647,
        "max": 1,
        "mean": 0.999597549438,
        "median": 1,
        "min": 0,
        "var": 0.000402369740186
    },
    "silence_rate_60dB": {
        "dmean": 0.0265664830804,
        "dmean2": 0.0531400963664,
        "dvar": 0.0258604474366,
        "dvar2": 0.0594470612705,
        "max": 1,
        "mean": 0.184464722872,
        "median": 0,
        "min": 0,
        "var": 0.150461703539
    },
    "spectral_centroid": {
        "dmean": 248.648971558,
        "dmean2": 384.347686768,
        "dvar": 71662.1328125,
        "dvar2": 151789.890625,
        "max": 11518.1308594,
        "mean": 1942.01379395,
        "median": 2044.00134277,
        "min": 260.05279541,
        "var": 618732.4375
    },
    "spectral_complexity": {
        "dmean": 3.0084528923,
        "dmean2": 4.73403120041,
        "dvar": 11.0039539337,
        "dvar2": 24.9654045105,
        "max": 56,
        "mean": 16.6911716461,
        "median": 17,
        "min": 0,
        "var": 87.1038284302
    },
    "spectral_decrease": {
        "dmean": 8.26318180547e-10,
        "dmean2": 1.20943199899e-09,
        "dvar": 9.85959688891e-19,
        "dvar2": 2.09402695263e-18,
        "max": 1.73798349668e-28,
        "mean": -3.43688455473e-09,
        "median": -3.09203063154e-09,
        "min": -2.9039764371e-08,
        "var": 7.89491699585e-18
    },
    "spectral_energy": {
        "dmean": 0.00349454162642,
        "dmean2": 0.00504769664258,
        "dvar": 1.73641747097e-05,
        "dvar2": 3.5739314626e-05,
        "max": 0.125408560038,
        "mean": 0.0150857623667,
        "median": 0.0134657472372,
        "min": 1.1075056598e-20,
        "var": 0.000154580382514
    },
    "spectral_energyband_high": {
        "dmean": 0.000465959572466,
        "dmean2": 0.00066930410685,
        "dvar": 4.98742849686e-07,
        "dvar2": 9.90055355032e-07,
        "max": 0.0181940477341,
        "mean": 0.00146810372826,
        "median": 0.000846276292577,
        "min": 7.97660766001e-21,
        "var": 3.50630216417e-06
    },
    "spectral_energyband_low": {
        "dmean": 0.000580176187214,
        "dmean2": 0.000929607485887,
        "dvar": 2.19260823542e-06,
        "dvar2": 5.28274540557e-06,
        "max": 0.032946895808,
        "mean": 0.00082680163905,
        "median": 0.000345019099768,
        "min": 2.99062186325e-23,
        "var": 2.54473093264e-06
    },
    "spectral_energyband_middle_high": {
        "dmean": 0.00232881773263,
        "dmean2": 0.00336358346976,
        "dvar": 1.03528227555e-05,
        "dvar2": 2.21720147238e-05,
        "max": 0.0540989004076,
        "mean": 0.00839705299586,
        "median": 0.00538601959124,
        "min": 1.35158908905e-21,
        "var": 7.77643290348e-05
    },
    "spectral_energyband_middle_low": {
        "dmean": 0.00182528130244,
        "dmean2": 0.00284203630872,
        "dvar": 8.00388806965e-06,
        "dvar2": 1.88505418919e-05,
        "max": 0.0688818618655,
        "mean": 0.00465370202437,
        "median": 0.00307772262022,
        "min": 3.00867156874e-22,
        "var": 3.10112191073e-05
    },
    "spectral_entropy": {
        "dmean": 0.154611453414,
        "dmean2": 0.206386387348,
        "dvar": 0.0208953730762,
        "dvar2": 0.0374954789877,
        "max": 9.81460094452,
        "mean": 7.3918299675,
        "median": 7.43504238129,
        "min": 5.64538192749,
        "var": 0.161437258124
    },
    "spectral_flux": {
        "dmean": 0.0183179620653,
        "dmean2": 0.0292248819023,
        "dvar": 0.000370456196833,
        "dvar2": 0.000949238426983,
        "max": 0.2739405334,
        "mean": 0.0661557838321,
        "median": 0.0641011297703,
        "min": 6.8459321545e-11,
        "var": 0.00153819704428
    },
    "spectral_kurtosis": {
        "dmean": 1.75028979778,
        "dmean2": 3.04540634155,
        "dvar": 3.26770710945,
        "dvar2": 9.67554092407,
        "max": 33.225643158,
        "mean": 3.06978702545,
        "median": 2.36297869682,
        "min": -1.47853434086,
        "var": 7.55793571472
    },
    "spectral_rms": {
        "dmean": 0.000433936918853,
        "dmean2": 0.000621046230663,
        "dvar": 1.99875117346e-07,
        "dvar2": 3.84656971164e-07,
        "max": 0.0110611850396,
        "mean": 0.0034595830366,
        "median": 0.00362454308197,
        "min": 3.28708588127e-12,
        "var": 2.74910621556e-06
    },
    "spectral_rolloff": {
        "dmean": 519.822570801,
        "dmean2": 873.604187012,
        "dvar": 505509.875,
        "dvar2": 1069822.5,
        "max": 19767.4804688,
        "mean": 2345.60473633,
        "median": 2196.38671875,
        "min": 107.666015625,
        "var": 2077769.625
    },
    "spectral_skewness": {
        "dmean": 0.22878459096,
        "dmean2": 0.381694167852,
        "dvar": 0.0428162701428,
        "dvar2": 0.116155490279,
        "max": 4.40516662598,
        "mean": 1.02741575241,
        "median": 0.939452528954,
        "min": -0.460323244333,
        "var": 0.225140690804
    },
    "spectral_spread": {
        "dmean": 332783.28125,
        "dmean2": 463641.46875,
        "dvar": 288583057408,
        "dvar2": 396762316800,
        "max": 42185968,
        "mean": 3549412,
        "median": 3325701.25,
        "min": 1801155.375,
        "var": 1.5734037545e+12
    },
    "spectral_strongpeak": {
        "dmean": 0.897504270077,
        "dmean2": 1.44830679893,
        "dvar": 1.52458631992,
        "dvar2": 3.59742546082,
        "max": 13.8054952621,
        "mean": 2.18831849098,
        "median": 1.28292489052,
        "min": 1.3227745288e-10,
        "var": 5.37443256378
    },
    "zerocrossingrate": {
        "dmean": 0.00811347458512,
        "dmean2": 0.00966334249824,
        "dvar": 9.69635220827e-05,
        "dvar2": 0.000118812291475,
        "max": 0.5556640625,
        "mean": 0.0775148794055,
        "median": 0.07861328125,
        "min": 0.00341796875,
        "var": 0.00111114024185
    },
    "barkbands": {
        "dmean": [7.37558457331e-06, 0.00022720367997, 0.000298240804113, 0.000304787536152, 0.000417368777562, 0.000430922285886, 0.000801682879683, 0.000404918653658, 0.000314036005875, 0.000416690250859, 0.000873574696016, 0.000612064439338, 0.00026817547041, 0.000660142395645, 0.000455050874734, 0.00019386682834, 0.000338139245287, 0.00029271360836, 0.000172751562786, 0.000351365248207, 0.000262723973719, 4.47630445706e-05, 3.50055488525e-05, 2.75665297522e-05, 1.09763323053e-05, 6.97644497727e-10, 5.92381976805e-10],
        "dmean2": [1.22390156321e-05, 0.000381366669899, 0.0005146524054, 0.000508214230649, 0.000690714921802, 0.00068322988227, 0.00121907785069, 0.000642151047941, 0.000494281528518, 0.000654607429169, 0.0012653603917, 0.000851752411108, 0.000417454371927, 0.000989331747405, 0.000690776389092, 0.000298621249385, 0.000512088241521, 0.000445932033472, 0.000277420011116, 0.000523756840266, 0.000401361467084, 6.80304583511e-05, 5.16611507919e-05, 3.87629552279e-05, 1.63200184033e-05, 1.26643950882e-09, 1.0927764249e-09],
        "dvar": [2.41013042857e-10, 3.76189376539e-07, 8.21365404136e-07, 7.1688521075e-07, 9.09456730369e-07, 1.79109883902e-06, 3.85539215131e-06, 1.08492372419e-06, 1.0235856962e-06, 2.11073893297e-06, 4.70916029371e-06, 2.71850649369e-06, 5.92633682572e-07, 3.22083269566e-06, 1.94175754586e-06, 3.0644272897e-07, 1.28093370222e-06, 3.53813135234e-07, 1.02408719727e-07, 3.99228497372e-07, 2.2303778735e-07, 6.64431265562e-09, 5.45051603851e-09, 2.71424704934e-09, 7.5166961544e-10, 2.24286383499e-17, 1.8267229173e-18],
        "dvar2": [6.11058093014e-10, 9.88127226265e-07, 2.21175628212e-06, 1.72716454472e-06, 2.30684167946e-06, 4.5152896746e-06, 8.30232238513e-06, 2.54461519944e-06, 2.36650180341e-06, 5.15004057888e-06, 9.67368032434e-06, 4.64643699161e-06, 1.33154333071e-06, 6.94097661835e-06, 3.97444773625e-06, 6.32615353879e-07, 2.81462757812e-06, 7.53633003114e-07, 2.57880031995e-07, 8.66271193445e-07, 4.97736891703e-07, 1.54690038556e-08, 1.16150618013e-08, 5.08857578296e-09, 1.6697359051e-09, 6.02697889464e-17, 5.10523673154e-18],
        "max": [0.000451193162007, 0.0135231949389, 0.0138083491474, 0.0235372576863, 0.0285448431969, 0.0548763126135, 0.0564316101372, 0.026420103386, 0.0268065296113, 0.0343773327768, 0.0387052595615, 0.0388662740588, 0.0221896935254, 0.035639308393, 0.0317895710468, 0.0143633866683, 0.029523704201, 0.0134149063379, 0.00852807424963, 0.0139549570158, 0.0116043891758, 0.00207333406433, 0.00314865075052, 0.00249100197107, 0.000755164655857, 2.47835004075e-07, 6.00768004233e-08],
        "mean": [8.90814590093e-06, 0.000316278514219, 0.000317384139635, 0.000348549336195, 0.000731710519176, 0.00083493150305, 0.00145568326116, 0.000656438758597, 0.000520216010045, 0.000747744750697, 0.00150030129589, 0.0012046135962, 0.000488448305987, 0.00143245328218, 0.000908387126401, 0.000328763300786, 0.000667329295538, 0.000614506134298, 0.000377892603865, 0.000794811523519, 0.000569139490835, 9.89199106698e-05, 7.85868396633e-05, 6.54176037642e-05, 1.83626234502e-05, 5.61793500609e-10, 4.80739781317e-10],
        "median": [2.12629424823e-06, 0.000141577256727, 8.13945371192e-05, 0.000112194065878, 0.000419851159677, 0.000271031458396, 0.000229185025091, 0.00022383700707, 0.000114345115435, 9.94134315988e-05, 0.000193767016754, 0.000138997624163, 8.13766382635e-05, 0.000146158301504, 0.000173378008185, 8.26320465421e-05, 0.000147322571138, 0.000209686884773, 0.00019322114531, 0.00036918616388, 0.00027933617821, 4.8224494094e-05, 3.14523385896e-05, 3.3306536352e-05, 6.11031555309e-06, 1.58812157869e-10, 1.52141965692e-10],
        "min": [1.97544674341e-24, 6.52694993282e-24, 1.13886563043e-23, 3.75705142974e-24, 3.45655908593e-23, 2.89074260631e-23, 2.85013362464e-23, 2.58932169433e-23, 3.03315598108e-23, 1.88680540172e-23, 5.26897963745e-23, 3.81701992578e-23, 8.76339016287e-23, 8.08150573838e-23, 9.44576872984e-23, 1.1071863491e-22, 1.28872141875e-22, 1.11350215883e-22, 1.93471570128e-22, 2.77717232127e-22, 2.67627107926e-22, 3.2194302115e-22, 6.37381234115e-22, 6.71328253895e-22, 1.25078008697e-21, 1.52322432037e-21, 2.33441132712e-21],
        "var": [3.24884369407e-10, 3.7247971818e-07, 7.2766994208e-07, 7.35394280582e-07, 1.40955694405e-06, 5.32913509232e-06, 1.18110810945e-05, 2.20855145017e-06, 2.11096039493e-06, 6.52312064631e-06, 1.28931296786e-05, 1.00249808384e-05, 1.7241502519e-06, 1.48342951434e-05, 7.31911723051e-06, 6.59713521145e-07, 4.22163657277e-06, 1.3396495433e-06, 3.64339456382e-07, 1.47092794123e-06, 6.65961692903e-07, 2.04945020954e-08, 2.00566034891e-08, 1.13019362757e-08, 1.45730372214e-09, 1.53230410828e-17, 1.1832886905e-18]
    },
    "erbbands": {
        "dmean": [0.00405371002853, 0.0617232397199, 0.276566445827, 0.784866333008, 0.91511118412, 1.71113836765, 2.38982415199, 3.82511568069, 8.46733188629, 12.0412731171, 7.9317073822, 7.66808652878, 6.84359645844, 24.8555431366, 25.9848823547, 18.1998138428, 11.7469997406, 27.6807670593, 33.957157135, 12.6865100861, 11.7876138687, 15.1710195541, 14.892291069, 11.6927776337, 6.22942876816, 13.8695259094, 14.8099060059, 5.38676452637, 1.73041176796, 1.22529947758, 0.942555189133, 0.63530254364, 0.465450048447, 0.217398256063, 0.0121762882918, 0.000349486537743, 2.77724921034e-05, 4.71032399219e-06, 2.7114065233e-06, 4.50444395028e-06],
        "dmean2": [0.00650054682046, 0.103291384876, 0.468493193388, 1.31175494194, 1.54163944721, 2.86097145081, 3.83047437668, 6.0552740097, 13.0761079788, 18.6879844666, 12.4307527542, 12.0371637344, 10.2721252441, 37.9790802002, 38.4447937012, 26.2424888611, 17.7353687286, 42.3089065552, 46.8542633057, 19.3002243042, 17.9735813141, 21.7205791473, 22.2365379333, 18.0482769012, 9.76619815826, 20.6524505615, 22.0724945068, 8.13092136383, 2.62270998955, 1.86148285866, 1.38290810585, 0.917100191116, 0.669343948364, 0.317011624575, 0.0185340717435, 0.000515512074344, 3.93027803511e-05, 6.40063353785e-06, 3.68327050637e-06, 6.35311289443e-06],
        "dvar": [8.38147680042e-05, 0.029684247449, 0.666020274162, 4.90496397018, 4.13117265701, 18.4995498657, 39.1958961487, 152.045379639, 518.936889648, 844.87689209, 523.679138184, 537.241699219, 476.552124023, 5973.02246094, 3655.72900391, 2743.15283203, 849.017822266, 4983.05175781, 7813.91796875, 1253.84570312, 1005.13269043, 2606.00268555, 1107.28137207, 531.365539551, 98.6840591431, 736.238037109, 585.33972168, 87.0889129639, 10.5235013962, 6.81353664398, 3.80093955994, 1.42837750912, 0.845830142498, 0.289827048779, 0.0010835477151, 7.65304150718e-07, 3.80713771619e-09, 7.81516726334e-11, 1.12971012753e-11, 2.84499125647e-11],
        "dvar2": [0.000221928610699, 0.0766846314073, 1.75340247154, 12.3092813492, 10.7641115189, 47.4200592041, 92.0002670288, 389.679931641, 1130.53515625, 1813.52392578, 1160.13964844, 1273.25500488, 1043.9777832, 14125.7666016, 7607.32373047, 5765.81201172, 1898.17358398, 11560.5400391, 13978.3994141, 2551.44262695, 2170.73486328, 4563.73974609, 2311.75463867, 1279.64404297, 241.833221436, 1546.01049805, 1251.50866699, 191.944381714, 24.6085510254, 15.7799701691, 8.39327430725, 2.79344677925, 1.68970811367, 0.623736679554, 0.0025931566488, 1.73814385107e-06, 8.07758304688e-09, 1.53323784224e-10, 1.97000280672e-11, 5.4687039619e-11],
        "max": [0.272751331329, 3.9224357605, 15.287856102, 69.933807373, 39.1793479919, 133.473358154, 222.152053833, 533.162597656, 752.72052002, 1004.96173096, 900.919189453, 667.355651855, 751.908996582, 1865.82495117, 1273.5723877, 1456.71520996, 812.654907227, 1876.70629883, 1941.03833008, 996.062988281, 806.605407715, 1950.14978027, 908.383361816, 607.022338867, 258.935455322, 789.181030273, 736.351745605, 219.014404297, 85.6968765259, 94.7145843506, 74.0980987549, 60.9465408325, 32.7103767395, 16.028924942, 0.924607515335, 0.0238964762539, 0.00183139333967, 0.000277718994766, 0.000105493592855, 0.000170422048541],
        "mean": [0.00657138694078, 0.0810938552022, 0.320911586285, 0.871849060059, 1.40724229813, 2.70874977112, 4.30508327484, 7.61431884766, 16.3085098267, 21.7751903534, 13.774679184, 12.750451088, 12.5098705292, 50.4783744812, 61.3720932007, 41.4870872498, 24.2162685394, 61.1253242493, 66.2716217041, 25.3618297577, 24.6129951477, 33.9388542175, 34.0473861694, 28.0207118988, 15.6950798035, 33.1070899963, 38.4229469299, 13.0186243057, 3.94427227974, 2.6589474678, 2.11442828178, 1.54356896877, 1.00014281273, 0.401943087578, 0.0201203599572, 0.000666909269057, 6.89741500537e-05, 1.52195461851e-05, 1.27577359308e-05, 2.06665663427e-05],
        "median": [0.00258254259825, 0.0368952155113, 0.100011557341, 0.270492553711, 0.764909267426, 1.42246890068, 1.7411506176, 2.45485877991, 3.79923605919, 5.80954647064, 5.19670200348, 3.23228549957, 3.22703671455, 5.93642711639, 10.5645914078, 7.45047616959, 8.01232624054, 12.6979656219, 15.6458930969, 10.5821628571, 7.43552589417, 8.85607528687, 12.4959201813, 12.5714073181, 10.356256485, 16.456161499, 19.4073791504, 6.38924980164, 2.12816476822, 1.0540599823, 0.9215092659, 0.784840345383, 0.462426364422, 0.151012182236, 0.00698116328567, 0.000279747124296, 3.9020596887e-05, 1.01546593214e-05, 1.10107903311e-05, 1.84273121704e-05],
        "min": [2.46594713041e-22, 1.75709499731e-21, 7.3194053932e-21, 1.67411129314e-20, 4.1962190697e-20, 9.87364008927e-20, 1.66740922379e-19, 2.96229559076e-19, 4.48090923952e-19, 3.74827226905e-19, 5.86239909018e-19, 5.79387234631e-19, 1.03062888954e-18, 1.2339243449e-18, 1.6862840895e-18, 1.78137191303e-18, 4.08526058412e-18, 4.32353202752e-18, 4.89426142117e-18, 4.42814597318e-18, 6.63332263228e-18, 6.94972169813e-18, 5.91573435191e-18, 1.15521273294e-17, 1.43831240246e-17, 1.0602532258e-17, 1.39159671562e-17, 1.28998179599e-17, 1.29084479352e-17, 1.2879800189e-17, 1.86249823063e-17, 1.55153903537e-17, 1.07642502037e-17, 9.72930332793e-18, 9.49264364596e-18, 5.66712563239e-18, 3.05195338716e-18, 1.20940764212e-18, 3.24449110017e-19, 3.26795795565e-20],
        "var": [0.000126206257846, 0.027556842193, 0.586596727371, 4.90181350708, 4.91269540787, 25.1286792755, 111.966400146, 521.90612793, 1860.87646484, 2479.75537109, 1287.61608887, 1091.80249023, 1142.10852051, 21326.59375, 17550.6621094, 12153.2490234, 2723.15820312, 21114.8144531, 27297.8085938, 3067.6809082, 3365.69848633, 10416.4287109, 4405.20751953, 2079.59570312, 369.922149658, 2638.86499023, 3064.03833008, 299.177581787, 29.3450565338, 24.2505321503, 12.676568985, 6.35055685043, 2.85646104813, 0.630442261696, 0.00185904360842, 1.60929596404e-06, 1.09989057862e-08, 3.5421054978e-10, 1.24627405618e-10, 2.98728985992e-10]
    },
    "gfcc": {
        "mean": [-61.7782821655, 105.281730652, -175.472351074, 54.3627357483, -79.9454498291, 8.40560817719, -34.7800674438, -6.17898178101, -13.5996084213, -11.6609535217, 7.62237977982, -24.0998668671, 9.09258270264],
        "cov": [[9676.1171875, -1983.17810059, -1790.77966309, 339.866790771, -418.08493042, 466.551147461, 63.3169975281, -41.0985794067, -220.494522095, 272.993865967, 78.4959335327, -87.0350112915, -148.285568237], [-1983.17810059, 1151.69067383, 551.009338379, -56.3819923401, 194.941680908, -188.204864502, 89.2696685791, -8.13351917267, 70.208946228, -134.061325073, -14.4052629471, -7.03274774551, 119.454750061], [-1790.77966309, 551.009338379, 879.580932617, 154.788009644, 58.6082839966, -52.3642425537, -105.078971863, 73.5457000732, 51.8853111267, -71.404045105, -64.3804168701, 37.7639579773, 38.3739967346], [339.866790771, -56.3819923401, 154.788009644, 336.641937256, 72.6557312012, -69.426864624, -64.6584320068, 18.8658866882, 47.4054641724, 30.5263938904, -32.5771598816, 25.2410392761, 6.70670795441], [-418.08493042, 194.941680908, 58.6082839966, 72.6557312012, 223.397109985, 3.95515584946, 42.2332115173, -6.40902376175, 25.733663559, -0.761892318726, 4.80449676514, -5.54877948761, 23.5928153992], [466.551147461, -188.204864502, -52.3642425537, -69.426864624, 3.95515584946, 373.44342041, 96.6388015747, -20.6232013702, -87.8327713013, 2.33556485176, -7.996509552, -28.9672603607, -61.4700050354], [63.3169975281, 89.2696685791, -105.078971863, -64.6584320068, 42.2332115173, 96.6388015747, 207.782669067, -12.122672081, -37.8214569092, -17.1788921356, 25.6261825562, -5.56819105148, 9.08181381226], [-41.0985794067, -8.13351917267, 73.5457000732, 18.8658866882, -6.40902376175, -20.6232013702, -12.122672081, 129.47883606, 45.5177688599, -13.5177745819, -18.094127655, 16.9789848328, 12.9664592743], [-220.494522095, 70.208946228, 51.8853111267, 47.4054641724, 25.733663559, -87.8327713013, -37.8214569092, 45.5177688599, 133.093261719, 25.7295875549, -15.5029668808, 4.00643253326, 4.71513557434], [272.993865967, -134.061325073, -71.404045105, 30.5263938904, -0.761892318726, 2.33556485176, -17.1788921356, -13.5177745819, 25.7295875549, 121.835350037, 45.1779708862, -13.0421733856, -13.8730888367], [78.4959335327, -14.4052629471, -64.3804168701, -32.5771598816, 4.80449676514, -7.996509552, 25.6261825562, -18.094127655, -15.5029668808, 45.1779708862, 109.194206238, 31.7417583466, -3.29542303085], [-87.0350112915, -7.03274774551, 37.7639579773, 25.2410392761, -5.54877948761, -28.9672603607, -5.56819105148, 16.9789848328, 4.00643253326, -13.0421733856, 31.7417583466, 91.1018295288, 42.497505188], [-148.285568237, 119.454750061, 38.3739967346, 6.70670795441, 23.5928153992, -61.4700050354, 9.08181381226, 12.9664592743, 4.71513557434, -13.8730888367, -3.29542303085, 42.497505188, 114.215782166]],
        "icov": [[0.000407392013585, -0.000294679979561, 0.0011754934676, -0.00141462578904, 0.00109517050441, -0.000846776121762, 0.00044101831736, -0.000636229291558, 0.00041158386739, -8.9013541583e-05, -0.000439586612629, 0.000497429689858, -0.000345122418366], [-0.000294679979561, 0.00444376608357, -0.00384625932202, 0.0028808626812, -0.00297288224101, 0.002650012495, -0.00304494146258, 0.00286682951264, -0.00290564261377, 0.00390310352668, -0.0022352039814, 0.0035415624734, -0.00273832143284], [0.0011754934676, -0.00384625932202, 0.00701249018312, -0.00595133891329, 0.00441592372954, -0.0041686957702, 0.004008165095, -0.00402284739539, 0.00270036305301, -0.00184864748735, 0.00046854885295, -0.00137282162905, 0.000712796812877], [-0.00141462578904, 0.0028808626812, -0.00595133891329, 0.0103836534545, -0.00666898861527, 0.0048638000153, -0.00237770029344, 0.00315609853715, -0.00177247158717, -0.00113892718218, 0.00396952219307, -0.00338112213649, 0.00167359691113], [0.00109517050441, -0.00297288224101, 0.00441592372954, -0.00666898861527, 0.0101697929204, -0.00415427517146, 0.00126923574135, -0.00196827785112, 0.000173344087671, -0.000479776179418, -0.00238725892268, 0.00212544458918, -0.00170007976703], [-0.000846776121762, 0.002650012495, -0.0041686957702, 0.0048638000153, -0.00415427517146, 0.00731141073629, -0.00420727627352, 0.00189993658569, 0.00122558174189, -0.00048334535677, 0.00271043647081, -0.000994809321128, 0.00249501946382], [0.00044101831736, -0.00304494146258, 0.004008165095, -0.00237770029344, 0.00126923574135, -0.00420727627352, 0.00937965605408, -0.00257056788541, 0.00202399678528, -0.000197175919311, -0.00158942211419, -0.000381982477847, -0.000441585463705], [-0.000636229291558, 0.00286682951264, -0.00402284739539, 0.00315609853715, -0.00196827785112, 0.00189993658569, -0.00257056788541, 0.0121035855263, -0.00599032780156, 0.00349243218079, -0.000143952216604, 0.000119953416288, -0.00177593051922], [0.00041158386739, -0.00290564261377, 0.00270036305301, -0.00177247158717, 0.000173344087671, 0.00122558174189, 0.00202399678528, -0.00599032780156, 0.0148753803223, -0.00779296457767, 0.00579268019646, -0.00457677710801, 0.00422241259366], [-8.9013541583e-05, 0.00390310352668, -0.00184864748735, -0.00113892718218, -0.000479776179418, -0.00048334535677, -0.000197175919311, 0.00349243218079, -0.00779296457767, 0.0190021377057, -0.0124324215576, 0.0105001162738, -0.00568736251444], [-0.000439586612629, -0.0022352039814, 0.00046854885295, 0.00396952219307, -0.00238725892268, 0.00271043647081, -0.00158942211419, -0.000143952216604, 0.00579268019646, -0.0124324215576, 0.02168636024, -0.0144308572635, 0.00771701335907], [0.000497429689858, 0.0035415624734, -0.00137282162905, -0.00338112213649, 0.00212544458918, -0.000994809321128, -0.000381982477847, 0.000119953416288, -0.00457677710801, 0.0105001162738, -0.0144308572635, 0.025177968666, -0.0116763887927], [-0.000345122418366, -0.00273832143284, 0.000712796812877, 0.00167359691113, -0.00170007976703, 0.00249501946382, -0.000441585463705, -0.00177593051922, 0.00422241259366, -0.00568736251444, 0.00771701335907, -0.0116763887927, 0.0164662506431]]
    },
    "melbands": {
        "dmean": [4.90602251375e-05, 0.000119458469271, 0.000134956659167, 8.36467370391e-05, 8.4605475422e-05, 8.66304690135e-05, 0.000141777607496, 0.000123636607896, 6.41100486973e-05, 4.84662887175e-05, 3.5659835703e-05, 9.60011093412e-05, 9.53389317147e-05, 6.67326385155e-05, 3.12828306051e-05, 2.99720140902e-05, 6.04423876212e-05, 6.52030284982e-05, 3.02481748804e-05, 1.35139644044e-05, 1.67379148479e-05, 2.03556774068e-05, 1.49604629769e-05, 1.4160248611e-05, 1.09285401777e-05, 4.36330947196e-06, 5.77001310376e-06, 1.2452055671e-05, 1.288567546e-05, 7.70835958974e-06, 2.2529634407e-06, 1.11903204925e-06, 7.436898386e-07, 7.48484580981e-07, 6.09191374679e-07, 5.0380964467e-07, 4.01434675723e-07, 3.54570090622e-07, 3.10474064236e-07, 1.63507905881e-07],
        "dmean2": [8.12834186945e-05, 0.00019802954921, 0.000225420706556, 0.000139646610478, 0.000136499365908, 0.000138756775414, 0.000220607718802, 0.000192137478734, 0.000100472119811, 7.59700487833e-05, 5.3250536439e-05, 0.000147911850945, 0.000137668088428, 9.45507708821e-05, 4.50063125754e-05, 4.657071986e-05, 9.31075628614e-05, 8.75195910339e-05, 4.6850695071e-05, 2.03078070626e-05, 2.5764140446e-05, 2.87684815703e-05, 2.25796939048e-05, 2.12020477193e-05, 1.69669383467e-05, 6.90962633598e-06, 8.99227416085e-06, 1.87251098396e-05, 1.9043638531e-05, 1.19367296065e-05, 3.47480727214e-06, 1.73784258095e-06, 1.14862586997e-06, 1.16807939321e-06, 9.25848780753e-07, 7.49323305627e-07, 5.97897212629e-07, 5.26645067112e-07, 4.51026494375e-07, 2.49041761435e-07],
        "dvar": [1.46852565663e-08, 1.13334508001e-07, 1.27809471451e-07, 3.77113948957e-08, 3.96863235608e-08, 7.62124017228e-08, 1.21534412756e-07, 7.9697151989e-08, 4.05957081284e-08, 2.21400160427e-08, 1.45255079076e-08, 9.26587517824e-08, 4.96232139824e-08, 3.4037576313e-08, 1.20381820068e-08, 6.98703228608e-09, 2.69778066553e-08, 2.83209331542e-08, 7.33118055152e-09, 1.42040867956e-09, 3.00338531822e-09, 5.92821836065e-09, 1.45030898402e-09, 1.04453967698e-09, 5.19056853054e-10, 5.58323560995e-11, 1.08852718506e-10, 6.95908664028e-10, 4.95181839977e-10, 2.00366501169e-10, 1.51503497248e-11, 4.4131317524e-12, 2.11815200796e-12, 2.8651399829e-12, 1.75408624258e-12, 8.97779138358e-13, 5.96664102674e-13, 4.70994499912e-13, 5.29656342656e-13, 1.94514868622e-13],
        "dvar2": [3.83643552482e-08, 2.84888756141e-07, 3.19743719501e-07, 9.91489699231e-08, 9.340706697e-08, 2.02624590884e-07, 2.79564090988e-07, 1.74337415615e-07, 8.46247232289e-08, 5.19923446518e-08, 3.01446050344e-08, 2.23438917146e-07, 9.99546685421e-08, 5.69323148625e-08, 2.43652795717e-08, 1.68989569005e-08, 6.2925366251e-08, 4.695218081e-08, 1.53133861147e-08, 2.85267520717e-09, 6.51744569424e-09, 1.02115969014e-08, 3.09572056878e-09, 2.14674877874e-09, 1.26484633878e-09, 1.35448985361e-10, 2.61742405527e-10, 1.48143020073e-09, 1.06914277431e-09, 4.4758100004e-10, 3.59403097561e-11, 1.05955305293e-11, 4.97373496555e-12, 6.82246707046e-12, 4.11178773321e-12, 1.95014794244e-12, 1.24991304199e-12, 9.92209352874e-13, 1.17873950618e-12, 4.37550386548e-13],
        "max": [0.00268433359452, 0.00663847895339, 0.00962295755744, 0.00625678431243, 0.00612384313717, 0.0121852010489, 0.00958492979407, 0.00875159353018, 0.00844932813197, 0.00379164097831, 0.00417298870161, 0.00760618131608, 0.00436375709251, 0.00555525720119, 0.0056998305954, 0.00172287190799, 0.00431228289381, 0.00311132287607, 0.00179652171209, 0.00124238070566, 0.00138554011937, 0.00269277091138, 0.00127836340107, 0.000925110245589, 0.000622664578259, 0.000196692417376, 0.000258423824562, 0.000730902364012, 0.000706195423845, 0.000267578405328, 7.73023421061e-05, 5.21944712091e-05, 4.75963461213e-05, 6.42292288831e-05, 4.64770928374e-05, 3.81546087738e-05, 3.95449424104e-05, 1.99674268515e-05, 2.30538480537e-05, 1.44440155054e-05],
        "mean": [7.36921065254e-05, 0.000151689266204, 0.000165742167155, 0.000139794443385, 0.000150035964907, 0.000175834822585, 0.000272730918368, 0.000217828215682, 0.000107021529402, 7.80210757512e-05, 5.77975079068e-05, 0.000193209780264, 0.000199368747417, 0.000149793879245, 6.51869049761e-05, 5.2857783885e-05, 0.000132032990223, 0.000117707684694, 5.88367256569e-05, 2.32699985645e-05, 3.10603900289e-05, 3.89473279938e-05, 3.15208890243e-05, 2.89794515993e-05, 2.3111306291e-05, 9.26200118556e-06, 1.18446068882e-05, 2.64432055701e-05, 2.92743843602e-05, 1.60238250828e-05, 4.3637910494e-06, 2.2356334739e-06, 1.51884148636e-06, 1.45324838741e-06, 1.21594689517e-06, 1.10813277843e-06, 8.72970360888e-07, 7.22200127257e-07, 5.70558484014e-07, 2.64186155619e-07],
        "median": [3.26427689288e-05, 5.70086158405e-05, 6.41626102151e-05, 8.24974340503e-05, 6.58267817926e-05, 5.31400801265e-05, 5.70141128264e-05, 6.57677301206e-05, 3.19309729093e-05, 1.67407779372e-05, 1.32864324769e-05, 1.53109849634e-05, 2.80914719042e-05, 1.9476570742e-05, 9.46145519265e-06, 9.40504651226e-06, 1.70301063918e-05, 2.00118211069e-05, 1.25878177641e-05, 6.90355409461e-06, 7.5172661127e-06, 7.69113376009e-06, 8.77517959452e-06, 8.77517413755e-06, 8.43109955895e-06, 5.35975050298e-06, 6.78539436194e-06, 1.08421972982e-05, 1.30404378069e-05, 6.54690302326e-06, 1.95653979063e-06, 1.12330678803e-06, 6.60136777242e-07, 4.97874907524e-07, 4.99507905261e-07, 4.96846780607e-07, 4.336147299e-07, 3.26644055804e-07, 2.16027686406e-07, 8.65173177544e-08],
        "min": [1.9146123542e-24, 4.61122922905e-24, 3.92670582817e-24, 5.77235635646e-24, 6.25212223193e-24, 6.42094950969e-24, 7.78203709936e-24, 4.5524018992e-24, 4.48845328435e-24, 3.92993187484e-24, 4.60506349222e-24, 3.94906687939e-24, 6.2374975396e-24, 5.04842383134e-24, 5.17431617105e-24, 9.27397501952e-24, 8.22703195827e-24, 7.11042932365e-24, 6.26079141884e-24, 4.83366631065e-24, 7.10323175675e-24, 7.23656976011e-24, 5.73085477867e-24, 5.17509635448e-24, 8.92885310665e-24, 8.33068907008e-24, 7.47782077987e-24, 6.86970526297e-24, 9.67421701042e-24, 6.2208707183e-24, 7.34249090272e-24, 7.66044839031e-24, 5.92809012093e-24, 6.84697581371e-24, 1.10755984318e-23, 9.91578357454e-24, 9.00874815027e-24, 6.08783958183e-24, 8.65505447481e-24, 7.45512209618e-24],
        "var": [1.72695475698e-08, 1.10043487211e-07, 1.31551686877e-07, 4.92735168223e-08, 1.0324384192e-07, 2.8399588814e-07, 4.20987191774e-07, 2.20372825765e-07, 1.06902852792e-07, 4.61093954129e-08, 3.24230526871e-08, 3.41967620443e-07, 1.82475673682e-07, 1.47301179254e-07, 6.12806161371e-08, 1.72128249432e-08, 1.19179411229e-07, 8.91670453029e-08, 2.4369557039e-08, 3.4920031311e-09, 8.37252045471e-09, 1.99455509886e-08, 5.81736969707e-09, 3.76176156891e-09, 1.82164761053e-09, 1.70908634467e-10, 2.52352416741e-10, 2.09741735091e-09, 2.260498011e-09, 5.55481549647e-10, 3.99127987605e-11, 1.03414360408e-11, 6.46889182845e-12, 8.73043651262e-12, 4.56529562418e-12, 3.43969254121e-12, 2.10429503683e-12, 1.46933691342e-12, 1.20174605944e-12, 3.46022201777e-13]
    },
    "mfcc": {
        "mean": [-671.363525391, 97.7088928223, -21.0589733124, 24.402469635, -8.98124217987, -1.54464125633, 0.264471828938, -10.3743629456, -3.99413347244, 1.2360599041, -8.74461460114, 6.46793842316, -5.42544460297],
        "cov": [[9461.51660156, -1972.86914062, -1448.82824707, -246.760635376, -530.91973877, 242.100280762, 176.28427124, -76.0574188232, -170.226104736, 137.329910278, -6.43770456314, 204.862716675, 88.3675308228], [-1972.86914062, 1134.51708984, 269.31161499, 125.53237915, 105.768043518, -71.8557128906, 34.8744697571, 40.3878440857, 83.5761108398, -13.7471075058, -41.6520271301, -90.2283172607, -74.4715957642], [-1448.82824707, 269.31161499, 707.065124512, 100.158065796, 181.476470947, -10.3672943115, -64.2753219604, 48.8738975525, 38.3832054138, -33.1937294006, 22.0522327423, -52.6159667969, 13.1947078705], [-246.760635376, 125.53237915, 100.158065796, 420.899108887, 131.961914062, -79.2795028687, -90.625617981, -42.3943138123, 55.3864555359, -42.2790260315, -32.8857803345, 79.4200057983, 19.2558174133], [-530.91973877, 105.768043518, 181.476470947, 131.961914062, 226.744857788, -4.23084545135, -48.683807373, 7.9766664505, 42.7115364075, -7.92971801758, 1.88769435883, 9.33320808411, 0.761561393738], [242.100280762, -71.8557128906, -10.3672943115, -79.2795028687, -4.23084545135, 225.879348755, 104.757835388, 22.6848545074, -13.633813858, 30.5979938507, 37.9535636902, -43.0009765625, -9.79545211792], [176.28427124, 34.8744697571, -64.2753219604, -90.625617981, -48.683807373, 104.757835388, 209.022537231, 41.8530235291, -18.705406189, 19.150888443, 3.58127856255, -18.7083892822, -24.9557056427], [-76.0574188232, 40.3878440857, 48.8738975525, -42.3943138123, 7.9766664505, 22.6848545074, 41.8530235291, 152.057556152, 38.1727485657, -9.90260982513, 4.25547981262, -40.4414024353, -7.24090909958], [-170.226104736, 83.5761108398, 38.3832054138, 55.3864555359, 42.7115364075, -13.633813858, -18.705406189, 38.1727485657, 133.007217407, 12.9659738541, -15.6934328079, -6.08182954788, -13.7197217941], [137.329910278, -13.7471075058, -33.1937294006, -42.2790260315, -7.92971801758, 30.5979938507, 19.150888443, -9.90260982513, 12.9659738541, 103.355888367, 34.1406974792, -8.12585544586, -9.96866226196], [-6.43770456314, -41.6520271301, 22.0522327423, -32.8857803345, 1.88769435883, 37.9535636902, 3.58127856255, 4.25547981262, -15.6934328079, 34.1406974792, 101.479797363, 4.16781425476, 2.33341169357], [204.862716675, -90.2283172607, -52.6159667969, 79.4200057983, 9.33320808411, -43.0009765625, -18.7083892822, -40.4414024353, -6.08182954788, -8.12585544586, 4.16781425476, 132.342559814, 37.8022346497], [88.3675308228, -74.4715957642, 13.1947078705, 19.2558174133, 0.761561393738, -9.79545211792, -24.9557056427, -7.24090909958, -13.7197217941, -9.96866226196, 2.33341169357, 37.8022346497, 106.881515503]],
