{
"lowlevel": {
    "average_loudness": 0.813052713871,
    "barkbands_crest": {
        "dmean": 2.40129303932,
        "dmean2": 3.94363117218,
        "dvar": 4.63482522964,
        "dvar2": 11.5908823013,
        "max": 26.3596954346,
        "mean": 7.97786140442,
        "median": 7.15853643417,
        "min": 1.90392148495,
        "var": 12.0293445587
    },
    "barkbands_flatness_db": {
        "dmean": 0.0173054262996,
        "dmean2": 0.0275538936257,
        "dvar": 0.000241344532697,
        "dvar2": 0.000572877936065,
        "max": 0.333262503147,
        "mean": 0.162251129746,
        "median": 0.160599380732,
        "min": 0.00789712555707,
        "var": 0.000852084311191
    },
    "barkbands_kurtosis": {
        "dmean": 0.864637076855,
        "dmean2": 1.41162145138,
        "dvar": 2.03282165527,
        "dvar2": 4.74013185501,
        "max": 49.1552848816,
        "mean": -0.0125619927421,
        "median": -0.550342798233,
        "min": -1.90951395035,
        "var": 3.62523984909
    },
    "barkbands_skewness": {
        "dmean": 0.400876820087,
        "dmean2": 0.628753662109,
        "dvar": 0.134323880076,
        "dvar2": 0.308018475771,
        "max": 7.0808339119,
        "mean": 0.474584281445,
        "median": 0.399266004562,
        "min": -2.73510789871,
        "var": 0.572237193584
    },
    "barkbands_spread": {
        "dmean": 4.11388778687,
        "dmean2": 6.35503005981,
        "dvar": 18.6515083313,
        "dvar2": 40.1297607422,
        "max": 101.770050049,
        "mean": 21.8000049591,
        "median": 21.3011398315,
        "min": 3.58072447777,
        "var": 64.3714828491
    },
    "dissonance": {
        "dmean": 0.0141354184598,
        "dmean2": 0.0239623822272,
        "dvar": 0.000165501565789,
        "dvar2": 0.000453093234682,
        "max": 0.5,
        "mean": 0.474115312099,
        "median": 0.47765186429,
        "min": 0.352239996195,
        "var": 0.000305238820147
    },
    "dynamic_complexity": 3.85272741318,
    "erbbands_crest": {
        "dmean": 2.85496211052,
        "dmean2": 4.70386457443,
        "dvar": 6.92519235611,
        "dvar2": 17.7520294189,
        "max": 31.64494133,
        "mean": 9.09086322784,
        "median": 8.07450294495,
        "min": 2.6429810524,
        "var": 17.7284011841
    },
    "erbbands_flatness_db": {
        "dmean": 0.0163579806685,
        "dmean2": 0.0243740268052,
        "dvar": 0.000235173953115,
        "dvar2": 0.000493584491778,
        "max": 0.357857316732,
        "mean": 0.233265563846,
        "median": 0.233844295144,
        "min": 0.0664068311453,
        "var": 0.00135299458634
    },
    "erbbands_kurtosis": {
        "dmean": 0.696460962296,
        "dmean2": 1.13204026222,
        "dvar": 0.733211159706,
        "dvar2": 1.81500709057,
        "max": 18.5326328278,
        "mean": -0.0956409946084,
        "median": -0.387406110764,
        "min": -1.83826899529,
        "var": 1.48423421383
    },
    "erbbands_skewness": {
        "dmean": 0.332856446505,
        "dmean2": 0.522691130638,
        "dvar": 0.079903408885,
        "dvar2": 0.194124892354,
        "max": 2.60408830643,
        "mean": -0.213084086776,
        "median": -0.207003250718,
        "min": -3.38084030151,
        "var": 0.34358099103
    },
    "erbbands_spread": {
        "dmean": 5.6110868454,
        "dmean2": 8.72502040863,
        "dvar": 27.505147934,
        "dvar2": 63.2905273438,
        "max": 85.1337280273,
        "mean": 28.4200973511,
        "median": 26.6943206787,
        "min": 3.81489419937,
        "var": 124.034294128
    },
    "hfc": {
        "dmean": 3.90776324272,
        "dmean2": 5.55042743683,
        "dvar": 30.1298732758,
        "dvar2": 56.7931251526,
        "max": 95.288482666,
        "mean": 16.2252941132,
        "median": 9.52665424347,
        "min": 1.08956329547e-16,
        "var": 282.667358398
    },
    "melbands_crest": {
        "dmean": 3.15564608574,
        "dmean2": 5.15095329285,
        "dvar": 7.93804502487,
        "dvar2": 20.0376701355,
        "max": 39.3165092468,
        "mean": 10.6952009201,
        "median": 9.65219020844,
        "min": 1.58262932301,
        "var": 21.1002693176
    },
    "melbands_flatness_db": {
        "dmean": 0.0196623690426,
        "dmean2": 0.0305726807564,
        "dvar": 0.000370801950339,
        "dvar2": 0.000831824727356,
        "max": 0.311960220337,
        "mean": 0.159528523684,
        "median": 0.156134575605,
        "min": 0.00418475316837,
        "var": 0.00145086552948
    },
    "melbands_kurtosis": {
        "dmean": 2.02572488785,
        "dmean2": 3.25460600853,
        "dvar": 11.5478963852,
        "dvar2": 27.0961589813,
        "max": 86.9731216431,
        "mean": 2.39786601067,
        "median": 0.925164699554,
        "min": -1.85218310356,
        "var": 22.1281242371
    },
    "melbands_skewness": {
        "dmean": 0.478631913662,
        "dmean2": 0.743784785271,
        "dvar": 0.221530973911,
        "dvar2": 0.509533703327,
        "max": 9.13167858124,
        "mean": 1.25034713745,
        "median": 1.09017884731,
        "min": -1.56641173363,
        "var": 0.919896185398
    },
    "melbands_spread": {
        "dmean": 7.64638376236,
        "dmean2": 11.9687347412,
        "dvar": 57.6675758362,
        "dvar2": 125.742126465,
        "max": 153.077957153,
        "mean": 34.3517074585,
        "median": 33.2879486084,
        "min": 4.13513994217,
        "var": 220.916564941
    },
    "pitch_salience": {
        "dmean": 0.062932126224,
        "dmean2": 0.103145167232,
        "dvar": 0.00301581248641,
        "dvar2": 0.00764314970002,
        "max": 0.879233896732,
        "mean": 0.602218866348,
        "median": 0.60796713829,
        "min": 0.0317543707788,
        "var": 0.0079439021647
    },
    "silence_rate_20dB": {
        "dmean": 0,
        "dmean2": 0,
        "dvar": 0,
        "dvar2": 0,
        "max": 1,
        "mean": 1,
        "median": 1,
        "min": 1,
        "var": 0
    },
    "silence_rate_30dB": {
        "dmean": 0,
        "dmean2": 0,
        "dvar": 0,
        "dvar2": 0,
        "max": 1,
        "mean": 1,
        "median": 1,
        "min": 1,
        "var": 0
    },
    "silence_rate_60dB": {
        "dmean": 0.0565419271588,
        "dmean2": 0.113099306822,
        "dvar": 0.0533505789936,
        "dvar2": 0.112340189517,
        "max": 1,
        "mean": 0.169192954898,
        "median": 0,
        "min": 0,
        "var": 0.140566885471
    },
    "spectral_centroid": {
        "dmean": 233.609039307,
        "dmean2": 359.986907959,
        "dvar": 61892.9414062,
        "dvar2": 121449.53125,
        "max": 11564.1572266,
        "mean": 1802.60998535,
        "median": 1806.22900391,
        "min": 382.524597168,
        "var": 397938.1875
    },
    "spectral_complexity": {
        "dmean": 2.99399065971,
        "dmean2": 4.58735132217,
        "dvar": 8.04481983185,
        "dvar2": 16.6464500427,
        "max": 51,
        "mean": 18.7677173615,
        "median": 18,
        "min": 0,
        "var": 93.1854934692
    },
    "spectral_decrease": {
        "dmean": 7.22714332824e-10,
        "dmean2": 1.06487030305e-09,
        "dvar": 7.8898590966e-19,
        "dvar2": 1.5538538176e-18,
        "max": 1.38582648413e-28,
        "mean": -2.8679101316e-09,
        "median": -2.01013472534e-09,
        "min": -1.53091637145e-08,
        "var": 6.036141657e-18
    },
    "spectral_energy": {
        "dmean": 0.0030196881853,
        "dmean2": 0.00441505387425,
        "dvar": 1.39311314342e-05,
        "dvar2": 2.69740667136e-05,
        "max": 0.0632437467575,
        "mean": 0.0122958300635,
        "median": 0.00846151635051,
        "min": 1.03667476556e-20,
        "var": 0.000114389484224
    },
    "spectral_energyband_high": {
        "dmean": 0.000114674679935,
        "dmean2": 0.000171770894667,
        "dvar": 4.56448745467e-08,
        "dvar2": 9.81971339797e-08,
        "max": 0.00487353373319,
        "mean": 0.000276761653367,
        "median": 0.000153291082825,
        "min": 7.32869178804e-21,
        "var": 1.41025395806e-07
    },
    "spectral_energyband_low": {
        "dmean": 0.000476318033179,
        "dmean2": 0.000781980226748,
        "dvar": 1.11882138754e-06,
        "dvar2": 2.87279294753e-06,
        "max": 0.0124025093392,
        "mean": 0.000639856560156,
        "median": 0.000305777502945,
        "min": 2.04995477424e-23,
        "var": 1.14030251552e-06
    },
    "spectral_energyband_middle_high": {
        "dmean": 0.00201696576551,
        "dmean2": 0.00295408512466,
        "dvar": 9.95315167529e-06,
        "dvar2": 2.00717386178e-05,
        "max": 0.0604914799333,
        "mean": 0.00702609168366,
        "median": 0.00359106971882,
        "min": 1.36440089697e-21,
        "var": 7.33915803721e-05
    },
    "spectral_energyband_middle_low": {
        "dmean": 0.0018344076816,
        "dmean2": 0.00283127906732,
        "dvar": 5.75545345782e-06,
        "dvar2": 1.33202411234e-05,
        "max": 0.0453912429512,
        "mean": 0.00472306227311,
        "median": 0.00342359533533,
        "min": 1.73878120643e-22,
        "var": 1.89273287106e-05
    },
    "spectral_entropy": {
        "dmean": 0.123443819582,
        "dmean2": 0.182559400797,
        "dvar": 0.014068887569,
        "dvar2": 0.027642538771,
        "max": 9.81995296478,
        "mean": 7.47920656204,
        "median": 7.47498226166,
        "min": 6.24085426331,
        "var": 0.0828829631209
    },
    "spectral_flux": {
        "dmean": 0.0138471433893,
        "dmean2": 0.0219870265573,
        "dvar": 0.000236994543229,
        "dvar2": 0.000558595056646,
        "max": 0.192668795586,
        "mean": 0.0606375746429,
        "median": 0.0530001670122,
        "min": 6.73243127913e-11,
        "var": 0.00111396983266
    },
    "spectral_kurtosis": {
        "dmean": 2.74100279808,
        "dmean2": 4.84089803696,
        "dvar": 6.13493490219,
        "dvar2": 18.7440433502,
        "max": 24.0170860291,
        "mean": 4.28948640823,
        "median": 3.61340761185,
        "min": -1.23799049854,
        "var": 9.50887870789
    },
    "spectral_rms": {
        "dmean": 0.000424652243964,
        "dmean2": 0.000609108887147,
        "dvar": 2.00636534942e-07,
        "dvar2": 3.55740695568e-07,
        "max": 0.00785501208156,
        "mean": 0.00313945999369,
        "median": 0.00287317554466,
        "min": 3.18023602244e-12,
        "var": 2.13971179619e-06
    },
    "spectral_rolloff": {
        "dmean": 389.832061768,
        "dmean2": 640.930297852,
        "dvar": 291062.1875,
        "dvar2": 569595.625,
        "max": 19401.4160156,
        "mean": 2205.78295898,
        "median": 2217.91992188,
        "min": 21.533203125,
        "var": 1260873.875
    },
    "spectral_skewness": {
        "dmean": 0.287970006466,
        "dmean2": 0.497507691383,
        "dvar": 0.0596031919122,
        "dvar2": 0.174463406205,
        "max": 3.02771449089,
        "mean": 1.08107352257,
        "median": 1.05187082291,
        "min": -0.19183921814,
        "var": 0.13201841712
    },
    "spectral_spread": {
        "dmean": 273867.375,
        "dmean2": 418732.78125,
        "dvar": 356612538368,
        "dvar2": 563150389248,
        "max": 41788308,
        "mean": 2785539,
        "median": 2576073.75,
        "min": 1491086.875,
        "var": 2.8809387049e+12
    },
    "spectral_strongpeak": {
        "dmean": 0.825672149658,
        "dmean2": 1.37978184223,
        "dvar": 1.53820419312,
        "dvar2": 3.9072227478,
        "max": 15.1273880005,
        "mean": 1.41209816933,
        "median": 0.768835186958,
        "min": 0,
        "var": 3.29142165184
    },
    "zerocrossingrate": {
        "dmean": 0.00740484334528,
        "dmean2": 0.0090072248131,
        "dvar": 0.000108027124952,
        "dvar2": 0.000122368583106,
        "max": 0.73486328125,
        "mean": 0.072179146111,
        "median": 0.0703125,
        "min": 0.0029296875,
        "var": 0.000895931094419
    },
    "barkbands": {
        "dmean": [5.06358992425e-06, 0.000113908397907, 0.000240691690124, 0.000392080255551, 0.000404320831876, 0.00057338445913, 0.000532523321453, 0.000314125703881, 0.000586335081607, 0.000634705123957, 0.00045188650256, 0.000379001372494, 0.0003818635887, 0.000383335922379, 0.000463731063064, 0.000613707350567, 0.000292797863949, 0.000329058355419, 0.000155157482368, 0.000138855684781, 3.81264762837e-05, 2.24904797506e-05, 1.35377977131e-05, 4.10413213103e-06, 3.5976830759e-07, 5.65185620527e-10, 4.83439066556e-10],
        "dmean2": [8.75514979271e-06, 0.000197217348614, 0.000414302252466, 0.000640964950435, 0.000660004152451, 0.000904194894247, 0.000847960414831, 0.000498876092024, 0.000932146620471, 0.00100121030118, 0.00071293610381, 0.000620626960881, 0.000628390465863, 0.000610890856478, 0.000761360337492, 0.000972696579993, 0.000475714565255, 0.000521798967384, 0.000240496374317, 0.000214918516576, 5.94782759435e-05, 3.41504892276e-05, 2.03152103495e-05, 6.26302062301e-06, 5.53523761937e-07, 1.00234398559e-09, 8.91394902336e-10],
        "dvar": [9.18495834945e-11, 9.25895875525e-08, 3.66470374047e-07, 6.17794796653e-07, 4.05019704885e-07, 1.48665537836e-06, 1.29600573473e-06, 4.84894201236e-07, 2.18076525016e-06, 3.57127214556e-06, 1.69854001797e-06, 1.41039686241e-06, 1.06980633063e-06, 1.16386559057e-06, 1.74846593382e-06, 2.08002234103e-06, 3.79429081931e-07, 5.00458952502e-07, 1.10563817657e-07, 8.00866715167e-08, 6.70331923303e-09, 1.84785708957e-09, 6.34968577717e-10, 4.8558351784e-11, 4.96318589525e-13, 6.71198337263e-19, 5.98186051424e-19],
        "dvar2": [2.56797139109e-10, 2.5048916541e-07, 1.02772969512e-06, 1.5493732235e-06, 9.66083234744e-07, 3.39033249475e-06, 3.16150408253e-06, 1.18173102237e-06, 5.42497946299e-06, 8.32579826238e-06, 4.07458264817e-06, 3.60227818419e-06, 2.81124130197e-06, 2.82374253402e-06, 4.70554095955e-06, 4.88244540975e-06, 9.60067040978e-07, 1.17279728329e-06, 2.48084461418e-07, 1.75186002593e-07, 1.54843107225e-08, 3.93880972283e-09, 1.37926281507e-09, 1.09033747309e-10, 1.11987806181e-12, 1.98093295812e-18, 1.84936615938e-18],
        "max": [0.000206732249353, 0.00351415993646, 0.00834396015853, 0.00984005536884, 0.01670024544, 0.0249909963459, 0.0230352450162, 0.0171595700085, 0.0414909869432, 0.0528737343848, 0.0489798896015, 0.0305489059538, 0.0236236713827, 0.0253718774766, 0.0394908264279, 0.0330353602767, 0.0138600785285, 0.0123189883307, 0.00875663384795, 0.00567792262882, 0.00288927252404, 0.00112170958892, 0.000559089530725, 0.000151375366841, 1.96160635824e-05, 1.49351091494e-08, 8.30189250678e-09],
        "mean": [5.42473981113e-06, 0.000133237292175, 0.000279889412923, 0.000460311304778, 0.000706864171661, 0.00102290255018, 0.000851970806252, 0.000468745682156, 0.000965114915743, 0.00108899991028, 0.000694288115483, 0.000600054394454, 0.000604066939559, 0.000619151163846, 0.000734164146706, 0.00106228864752, 0.000568375224248, 0.000658154836856, 0.00031493944698, 0.000294113560813, 7.76544475229e-05, 4.72006395285e-05, 2.88550072582e-05, 8.49531443237e-06, 5.97912276135e-07, 6.36923125352e-10, 4.12692852114e-10],
        "median": [2.11078213397e-06, 5.80342821195e-05, 0.000118418000056, 0.000173719192389, 0.000422505487222, 0.000319334620144, 0.000351993803633, 0.000185689641512, 0.000311138748657, 0.000199883943424, 0.00014676572755, 0.000183647469385, 0.000191584244021, 0.000209052814171, 0.000211475751712, 0.000330414448399, 0.000196170600248, 0.000184117132449, 0.000151056810864, 0.000115068934974, 4.21634395025e-05, 2.47142143053e-05, 1.43555926115e-05, 4.49950175607e-06, 2.65996078497e-07, 3.31010580057e-10, 1.49677797934e-10],
        "min": [2.27713772192e-24, 6.98468962852e-24, 4.87696057485e-24, 4.30188136938e-24, 8.98429346221e-24, 1.63273129017e-23, 8.51158434198e-24, 1.02807721604e-23, 4.87471421454e-23, 2.87719281586e-23, 7.74791807635e-24, 3.68532085983e-23, 4.47740536626e-23, 6.14500178409e-23, 5.89498841294e-23, 7.44054741764e-23, 5.36511180508e-23, 1.59130990798e-22, 1.95877759972e-22, 2.20940249584e-22, 2.99190429864e-22, 2.68021563622e-22, 5.33657763329e-22, 6.86275868006e-22, 9.46358234504e-22, 1.42555198071e-21, 2.09786170379e-21],
        "var": [9.0753023152e-11, 7.76335937758e-08, 3.06935589833e-07, 7.01889746324e-07, 8.60898865085e-07, 3.87973386751e-06, 2.2479848667e-06, 7.56137410463e-07, 4.4246444304e-06, 9.51978654484e-06, 3.4235390558e-06, 2.44032867158e-06, 1.99073974727e-06, 2.50498396781e-06, 3.16630530506e-06, 5.04513036503e-06, 1.11978874884e-06, 1.42994872476e-06, 2.64301462494e-07, 2.56687656019e-07, 1.4356714928e-08, 4.62008964419e-09, 1.80941706063e-09, 1.24198706875e-10, 8.76339419868e-13, 7.44363289624e-19, 4.97312978386e-19]
    },
    "erbbands": {
        "dmean": [0.0014716986334, 0.0335325822234, 0.21908184886, 0.841672599316, 1.15065324306, 1.7023832798, 2.33870816231, 5.5409693718, 7.41771316528, 7.28421211243, 7.13574886322, 12.3516101837, 17.1713695526, 18.5315933228, 17.0725002289, 13.9570140839, 16.8978385925, 15.2334127426, 20.8054161072, 28.0777320862, 29.1450862885, 16.5554542542, 15.7572898865, 11.7135210037, 7.00281047821, 6.34935665131, 2.22813415527, 1.19714677334, 0.804925084114, 0.645625293255, 0.33533141017, 0.130586922169, 0.0475783571601, 0.00784899387509, 0.000440667179646, 2.23577353609e-05, 3.30683951688e-06, 1.15789055144e-06, 1.84168675332e-06, 3.7278889522e-06],
        "dmean2": [0.00243953219615, 0.057545106858, 0.371518462896, 1.38660562038, 1.91485273838, 2.77150082588, 3.69270706177, 8.70253944397, 11.8347053528, 11.579416275, 11.19597435, 19.6880970001, 26.5207214355, 29.6574363708, 26.8061294556, 22.6308135986, 27.6331958771, 24.1546535492, 33.3184661865, 45.5410003662, 45.3583488464, 26.4278793335, 24.9775867462, 18.2500362396, 10.5974264145, 9.83716964722, 3.49714159966, 1.84980213642, 1.22261929512, 0.983602881432, 0.501139998436, 0.198680147529, 0.072619356215, 0.0118179433048, 0.000665016414132, 3.27637899318e-05, 4.71093790111e-06, 1.64606649378e-06, 2.61185073214e-06, 5.38618769497e-06],
        "dvar": [9.38401717576e-06, 0.0078008947894, 0.287388473749, 3.26585698128, 3.82922339439, 7.75313043594, 26.5568313599, 145.309051514, 275.297637939, 227.016174316, 260.326782227, 875.98815918, 2489.51342773, 2419.98706055, 2102.08935547, 1933.2911377, 2033.44921875, 1837.35559082, 4136.36376953, 6085.94384766, 5065.03515625, 1107.20153809, 1206.21386719, 689.267150879, 188.658157349, 166.822006226, 21.2671337128, 6.67784643173, 2.16332864761, 1.7129150629, 0.389878451824, 0.0472234040499, 0.00956208445132, 0.000193572675926, 7.16885438123e-07, 1.4458605424e-09, 1.76475847824e-11, 2.22963704791e-12, 5.24288555279e-12, 2.1512604198e-11],
        "dvar2": [2.39594319282e-05, 0.0208983067423, 0.798496365547, 8.34779262543, 9.7957572937, 19.2711162567, 57.5920333862, 337.917358398, 667.183532715, 558.788513184, 607.855895996, 2190.96435547, 5532.31103516, 6003.15673828, 4994.49414062, 5067.16455078, 5441.76757812, 4495.73339844, 10527.9550781, 15149.8671875, 11164.953125, 2669.13623047, 2833.51025391, 1610.57104492, 400.837585449, 386.617431641, 49.3012275696, 14.6712388992, 4.61168003082, 3.81089496613, 0.819630742073, 0.101444661617, 0.021978456527, 0.000431873777416, 1.67208713719e-06, 3.16628745445e-09, 3.29763195916e-11, 4.12018206011e-12, 9.5715475476e-12, 4.07004846492e-11],
        "max": [0.0369163155556, 1.07086849213, 6.61160945892, 21.0603904724, 44.4282646179, 54.1899414062, 132.421981812, 235.601821899, 375.527801514, 375.654907227, 369.341552734, 535.26184082, 1492.23034668, 1165.63830566, 1236.58947754, 1307.77978516, 1062.90881348, 1021.22180176, 2486.91967773, 2233.97583008, 2257.61645508, 785.034301758, 806.451721191, 634.584899902, 348.425170898, 284.843933105, 133.807296753, 120.88861084, 36.7016296387, 29.667755127, 15.8687267303, 4.48648691177, 4.050157547, 0.258426725864, 0.0171509347856, 0.000722190190572, 6.87992360326e-05, 2.31195153901e-05, 3.56970522262e-05, 7.54250431783e-05],
        "mean": [0.00202958285809, 0.0393698401749, 0.273434996605, 1.01258981228, 1.71963787079, 2.7710082531, 4.1233921051, 9.73470687866, 12.0512142181, 11.9092941284, 11.7621297836, 20.0662574768, 31.2974853516, 31.657081604, 28.5494747162, 24.1532325745, 28.7946949005, 26.763004303, 35.7840576172, 50.93491745, 54.0947799683, 35.6864318848, 34.135181427, 25.1266822815, 16.2278060913, 13.792134285, 4.79197216034, 2.44190573692, 1.70654690266, 1.34052908421, 0.713777244091, 0.276673555374, 0.0941291153431, 0.0152862276882, 0.000933017057832, 6.23883388471e-05, 1.33174025905e-05, 4.71290923088e-06, 8.12148664409e-06, 1.57295235113e-05],
        "median": [0.00105263188016, 0.0175075028092, 0.12216077745, 0.418485760689, 0.890862286091, 1.55270922184, 1.74562609196, 3.09220433235, 4.78669214249, 5.54022216797, 5.13941574097, 6.98656463623, 7.72639894485, 7.77691793442, 9.13730144501, 8.9878282547, 10.0254259109, 9.24327659607, 12.1589603424, 15.3146791458, 16.1640148163, 13.5080461502, 11.2487649918, 9.72305202484, 7.38336849213, 5.60429906845, 2.48399877548, 1.30384540558, 0.908300280571, 0.63102722168, 0.354247421026, 0.150495827198, 0.0469269938767, 0.00753875914961, 0.000533934275154, 4.0667164285e-05, 9.48854176386e-06, 3.12181782647e-06, 5.529088412e-06, 1.06779243652e-05],
        "min": [2.80483142544e-22, 1.1948722903e-21, 4.36217129152e-21, 1.50715377223e-20, 2.31926289553e-20, 2.84973705353e-20, 5.7679594919e-20, 1.6612095051e-19, 6.59231993555e-20, 1.23772676493e-19, 3.65864078733e-19, 6.12277331653e-19, 9.64819640772e-19, 8.70017091152e-19, 6.27071456908e-19, 2.6586583708e-18, 2.02617022505e-18, 2.78553629624e-18, 4.04523207351e-18, 2.93006046569e-18, 4.83538849544e-18, 4.52347647083e-18, 7.56619790197e-18, 7.51918509185e-18, 8.07889933488e-18, 1.16999362331e-17, 1.10631180036e-17, 1.00618332429e-17, 9.2201868958e-18, 1.32564138676e-17, 1.39860078474e-17, 1.39047555501e-17, 1.16850031415e-17, 9.73264265607e-18, 6.67764917336e-18, 4.63073656726e-18, 2.6871847282e-18, 1.0529746568e-18, 2.70719464081e-19, 2.97729993621e-20],
        "var": [1.10838327601e-05, 0.00662793824449, 0.252803057432, 3.38346076012, 5.77039289474, 15.2508811951, 64.3536071777, 365.476043701, 491.944213867, 448.751525879, 433.228302002, 1486.64599609, 8250.22949219, 5323.71582031, 4318.67382812, 3669.57519531, 4106.77636719, 3910.71582031, 9136.05371094, 14493.8359375, 14553.5810547, 3875.73339844, 3548.23999023, 1806.0904541, 592.075866699, 543.701843262, 56.1162147522, 14.0142726898, 5.57095813751, 4.37292718887, 1.10470175743, 0.130541518331, 0.0207804534584, 0.000419064075686, 1.31766137201e-06, 3.8046517048e-09, 1.27454102827e-10, 1.95124732344e-11, 5.19026245593e-11, 1.92783650155e-10]
    },
    "gfcc": {
        "mean": [-71.9357910156, 131.874511719, -196.481506348, 45.7840156555, -69.7038726807, -3.86286950111, -31.8053379059, -14.4790906906, -4.77453756332, -25.9973163605, 2.95636916161, -20.6987857819, 0.886007547379],
        "cov": [[5571.46972656, -13.6275138855, -1059.5012207, 36.7438659668, -279.615020752, -130.061660767, 40.6887969971, 25.2158641815, 123.995407104, -200.865768433, 30.9832859039, -14.6664266586, -16.1284503937], [-13.6275138855, 489.126190186, 98.5273208618, -30.684091568, 114.116638184, -38.0543403625, 0.423569917679, -28.7009811401, -19.239282608, -6.20571660995, 9.40839004517, -32.8937263489, 4.28209543228], [-1059.5012207, 98.5273208618, 521.612243652, 182.6355896, 20.5302906036, 115.922340393, -72.5570831299, -14.9137916565, -19.2883853912, 31.8903656006, -32.4961242676, -13.7137155533, -3.01004910469], [36.7438659668, -30.684091568, 182.6355896, 271.616882324, -13.1889286041, 66.9811477661, -38.0531692505, -12.1832370758, 20.2727088928, 4.19942951202, -43.1531600952, -7.47753334045, -18.7395458221], [-279.615020752, 114.116638184, 20.5302906036, -13.1889286041, 188.010864258, 4.47181558609, 43.0041923523, 35.3399734497, 0.581195354462, 11.2068099976, 6.71636724472, -8.87021636963, 2.11513018608], [-130.061660767, -38.0543403625, 115.922340393, 66.9811477661, 4.47181558609, 217.203079224, 58.8964958191, 0.824088871479, -45.9007492065, 28.9750843048, -13.9122953415, -36.2533035278, -12.1751098633], [40.6887969971, 0.423569917679, -72.5570831299, -38.0531692505, 43.0041923523, 58.8964958191, 160.042861938, 17.1153411865, -17.6076011658, 19.2291851044, 8.43803215027, -11.264134407, -14.8300590515], [25.2158641815, -28.7009811401, -14.9137916565, -12.1832370758, 35.3399734497, 0.824088871479, 17.1153411865, 110.332275391, 43.6380004883, 0.798895359039, 9.32124710083, 4.46398925781, 14.1180210114], [123.995407104, -19.239282608, -19.2883853912, 20.2727088928, 0.581195354462, -45.9007492065, -17.6076011658, 43.6380004883, 107.949638367, 4.46853351593, -5.43015432358, 29.4205360413, 1.02500474453], [-200.865768433, -6.20571660995, 31.8903656006, 4.19942951202, 11.2068099976, 28.9750843048, 19.2291851044, 0.798895359039, 4.46853351593, 69.8882980347, 20.3645610809, -3.82459950447, 1.61331486702], [30.9832859039, 9.40839004517, -32.4961242676, -43.1531600952, 6.71636724472, -13.9122953415, 8.43803215027, 9.32124710083, -5.43015432358, 20.3645610809, 74.9308853149, 23.5852050781, 3.50135326385], [-14.6664266586, -32.8937263489, -13.7137155533, -7.47753334045, -8.87021636963, -36.2533035278, -11.264134407, 4.46398925781, 29.4205360413, -3.82459950447, 23.5852050781, 72.3201751709, 21.120059967], [-16.1284503937, 4.28209543228, -3.01004910469, -18.7395458221, 2.11513018608, -12.1751098633, -14.8300590515, 14.1180210114, 1.02500474453, 1.61331486702, 3.50135326385, 21.120059967, 55.6911125183]],
        "icov": [[0.000696002854966, -0.000762079260312, 0.00202233670279, -0.00141375337262, 0.00117536436301, -0.000806813593954, 0.00018060237926, -0.000177816036739, -0.000880327366758, 0.00162326253485, -0.00110269489232, 0.00075497693615, -0.000481909693917], [-0.000762079260312, 0.00402705324814, -0.00339097878896, 0.00209889747202, -0.00320047303103, 0.00193381821737, -0.000883872387931, 0.00234720529988, -0.000260978442384, -0.000148492646986, -0.000604924047366, 0.00215117074549, -0.00106210215017], [0.00202233670279, -0.00339097878896, 0.00958617962897, -0.00579704064876, 0.00325891631655, -0.00422243308276, 0.00295273587108, -0.00159037427511, -0.00101918145083, 0.00245387828909, -0.00155648239888, 0.0001074228785, -0.000438741757534], [-0.00141375337262, 0.00209889747202, -0.00579704064876, 0.0087980972603, -0.00257853860967, 0.00027800843236, 0.000498257402796, 0.00127158802934, -0.000149208310177, -0.00300516048446, 0.0042371833697, -0.00194011011627, 0.00260454160161], [0.00117536436301, -0.00320047303103, 0.00325891631655, -0.00257853860967, 0.0094626871869, -0.000860230706166, -0.00141491601244, -0.00351449451409, -0.000337424513418, 0.00141704990529, -0.00112906028517, 0.000528813921846, -0.000302724016365], [-0.000806813593954, 0.00193381821737, -0.00422243308276, 0.00027800843236, -0.000860230706166, 0.0093651227653, -0.00389930699021, -0.000727788137738, 0.00384536990896, -0.00346722477116, 0.00143273407593, 0.00176139536779, -1.92066308955e-05], [0.00018060237926, -0.000883872387931, 0.00295273587108, 0.000498257402796, -0.00141491601244, -0.00389930699021, 0.0103397294879, -0.00221409299411, 0.001917619491, -0.00277274404652, 0.00169729243498, -0.00276947207749, 0.00395206036046], [-0.000177816036739, 0.00234720529988, -0.00159037427511, 0.00127158802934, -0.00351449451409, -0.000727788137738, -0.00221409299411, 0.0156134963036, -0.00890799425542, 0.00418565468863, -0.00510885892436, 0.00614614458755, -0.00643032835796], [-0.000880327366758, -0.000260978442384, -0.00101918145083, -0.000149208310177, -0.000337424513418, 0.00384536990896, 0.001917619491, -0.00890799425542, 0.019236240536, -0.00841479003429, 0.00823646038771, -0.010686323978, 0.00670670764521], [0.00162326253485, -0.000148492646986, 0.00245387828909, -0.00300516048446, 0.00141704990529, -0.00346722477116, -0.00277274404652, 0.00418565468863, -0.00841479003429, 0.0245924610645, -0.0120064066723, 0.00857125967741, -0.00606153672561], [-0.00110269489232, -0.000604924047366, -0.00155648239888, 0.0042371833697, -0.00112906028517, 0.00143273407593, 0.00169729243498, -0.00510885892436, 0.00823646038771, -0.0120064066723, 0.024096345529, -0.0130239743739, 0.00679243262857], [0.00075497693615, 0.00215117074549, 0.0001074228785, -0.00194011011627, 0.000528813921846, 0.00176139536779, -0.00276947207749, 0.00614614458755, -0.010686323978, 0.00857125967741, -0.0130239743739, 0.0275253914297, -0.0121957613155], [-0.000481909693917, -0.00106210215017, -0.000438741757534, 0.00260454160161, -0.000302724016365, -1.92066308955e-05, 0.00395206036046, -0.00643032835796, 0.00670670764521, -0.00606153672561, 0.00679243262857, -0.0121957613155, 0.0256909821182]]
    },
    "melbands": {
        "dmean": [2.16089501919e-05, 8.90921874088e-05, 0.000152949578478, 9.41840989981e-05, 7.93782965047e-05, 0.000121768134704, 0.000111225301225, 7.81284106779e-05, 6.17276818957e-05, 8.10875280877e-05, 9.05445413082e-05, 8.13575825305e-05, 6.54767936794e-05, 4.38738206867e-05, 4.35972833657e-05, 3.29155081999e-05, 2.94395122182e-05, 3.74428927898e-05, 3.26717818098e-05, 4.06222206948e-05, 3.60850426659e-05, 1.80818406079e-05, 1.50462610691e-05, 1.91413528228e-05, 9.60806391959e-06, 5.4287625062e-06, 6.06419007454e-06, 4.20792048317e-06, 1.81518282716e-06, 8.53441520121e-07, 7.08513255177e-07, 5.13373436206e-07, 4.3274715722e-07, 3.67315124095e-07, 2.3407123706e-07, 1.29127741388e-07, 6.9462259944e-08, 4.0153164349e-08, 1.81049006898e-08, 3.48815021312e-09],
        "dmean2": [3.7198587961e-05, 0.000149847008288, 0.000250801735092, 0.00015419520787, 0.000124927639263, 0.000191936662304, 0.000177027279278, 0.000124337340822, 9.75308139459e-05, 0.000129139400087, 0.000140300398925, 0.0001301211596, 0.000102413599961, 7.14672787581e-05, 7.29947641958e-05, 5.40342589375e-05, 4.66260571557e-05, 5.97702564846e-05, 5.32699632458e-05, 6.41433434794e-05, 5.61749038752e-05, 2.89346025966e-05, 2.44476323132e-05, 3.05585235765e-05, 1.51024105435e-05, 8.51171444083e-06, 9.46366526478e-06, 6.64280605633e-06, 2.8996664696e-06, 1.33141747938e-06, 1.11602673769e-06, 7.98912878963e-07, 6.63297498704e-07, 5.6943696336e-07, 3.57872295353e-07, 1.98535246909e-07, 1.06947460665e-07, 6.29740668501e-08, 2.77607217214e-08, 5.40305045149e-09],
        "dvar": [3.05738545592e-09, 4.7307462836e-08, 9.26726713146e-08, 2.0467469497e-08, 2.45735645166e-08, 6.7302970308e-08, 5.77030512261e-08, 2.36541648491e-08, 2.00149372631e-08, 3.99357524827e-08, 6.99278785987e-08, 4.92638108085e-08, 3.39274777161e-08, 1.9408577856e-08, 1.65721996126e-08, 8.99153018707e-09, 7.3937602707e-09, 1.40764493395e-08, 7.53105044993e-09, 1.2095365598e-08, 8.26187296354e-09, 1.67091451786e-09, 1.26661670041e-09, 2.13876116817e-09, 5.32586974522e-10, 9.93092899582e-11, 1.97247010392e-10, 8.59547849563e-11, 1.77812695124e-11, 3.1483847647e-12, 2.12460062564e-12, 8.74984275572e-13, 8.05070257421e-13, 4.98547221301e-13, 1.88874821816e-13, 5.23249317681e-14, 1.29117408022e-14, 7.17036429147e-15, 1.28296448867e-15, 4.40682886705e-17],
        "dvar2": [8.21207279955e-09, 1.27969869368e-07, 2.35217271438e-07, 5.1726225081e-08, 5.28527941412e-08, 1.55086027576e-07, 1.39548163247e-07, 5.87077053638e-08, 4.74793822036e-08, 9.97628006871e-08, 1.55998989726e-07, 1.21395871133e-07, 8.02590136573e-08, 4.93382863453e-08, 4.46526335907e-08, 2.42273152651e-08, 1.79153794022e-08, 3.50501530022e-08, 1.90985964821e-08, 2.83970003068e-08, 1.83111374952e-08, 3.94214660915e-09, 3.08633762991e-09, 5.12863085333e-09, 1.2553658113e-09, 2.12452333503e-10, 4.31337104922e-10, 2.04007699622e-10, 4.25392047976e-11, 7.04346043295e-12, 4.74347991442e-12, 1.98958145965e-12, 1.79751710478e-12, 1.15682170874e-12, 4.09360181386e-13, 1.18080282423e-13, 2.87958066138e-14, 1.68269058084e-14, 2.96291489675e-15, 1.0705243771e-16],
        "max": [0.000640739046503, 0.00245963479392, 0.00387759786099, 0.00346224941313, 0.00441491417587, 0.00518021220341, 0.00514635024592, 0.00339316343889, 0.00338735617697, 0.00450269179419, 0.00762439193204, 0.005156500265, 0.00651272013783, 0.004207638558, 0.00334253720939, 0.00222218316048, 0.00230332813226, 0.00382388778962, 0.00247996277176, 0.0028250371106, 0.00300009874627, 0.00103146780748, 0.00108679756522, 0.000885586254299, 0.000592188676819, 0.000248547876254, 0.000301461579511, 0.000225696188863, 0.000129908527015, 8.08342447272e-05, 5.67923671042e-05, 2.08620876947e-05, 2.19876237679e-05, 1.58663933689e-05, 1.15292450573e-05, 6.50351285003e-06, 2.36918617702e-06, 3.02965804622e-06, 1.16904925562e-06, 1.2952547479e-07],
        "mean": [2.70641721727e-05, 0.000111418696179, 0.00019748826162, 0.000160506635439, 0.000143086479511, 0.000216037908103, 0.000182544390555, 0.000125372593175, 9.98688992695e-05, 0.000130560307298, 0.000160737079568, 0.00013340813166, 0.000104151760752, 6.82621757733e-05, 6.98093572282e-05, 5.43900496268e-05, 4.79284353787e-05, 5.89545234106e-05, 5.52682795387e-05, 6.82877653162e-05, 6.16868128418e-05, 3.42625571648e-05, 2.8550011848e-05, 3.6912777432e-05, 1.82520288945e-05, 1.13818141472e-05, 1.24163652799e-05, 8.19932665763e-06, 3.31846536028e-06, 1.63260654062e-06, 1.30379362417e-06, 9.92065793071e-07, 8.28149950394e-07, 7.1046258654e-07, 4.53159714198e-07, 2.4760598194e-07, 1.3388192599e-07, 7.2544615648e-08, 3.21316129259e-08, 5.86524251389e-09],
        "median": [1.3006525478e-05, 5.11124344484e-05, 8.9035333076e-05, 9.19984304346e-05, 6.88753207214e-05, 7.00640957803e-05, 7.43406053516e-05, 5.71172386117e-05, 4.06553299399e-05, 4.10954417021e-05, 3.54146213795e-05, 2.94122401101e-05, 2.72941597359e-05, 1.87393561646e-05, 2.20221754716e-05, 1.90754708456e-05, 1.49080524352e-05, 1.69767408806e-05, 1.66905301739e-05, 1.81194463948e-05, 1.55272828124e-05, 1.13116120701e-05, 1.05500821519e-05, 8.78143055161e-06, 7.12509518053e-06, 5.70612928641e-06, 4.44858642368e-06, 3.04444210997e-06, 1.52893244376e-06, 8.44212308948e-07, 6.74001114476e-07, 5.34858429546e-07, 3.66259030216e-07, 3.38415617307e-07, 2.06207417364e-07, 1.21362290884e-07, 7.04569060872e-08, 3.3618988482e-08, 1.45947280927e-08, 2.76307199343e-09],
        "min": [2.75427905716e-24, 2.20901524402e-24, 3.38380110358e-24, 2.28445184302e-24, 1.84160110805e-24, 3.6710932012e-24, 1.08206452926e-24, 1.28180440628e-24, 3.26676392474e-24, 5.53353621158e-24, 4.59671063852e-24, 2.52442194988e-24, 1.34581593279e-24, 4.89199310826e-24, 4.09412577809e-24, 4.88185703449e-24, 4.28353128143e-24, 6.29936316723e-24, 3.79139606697e-24, 3.20621687811e-24, 5.2355992249e-24, 4.51943500754e-24, 4.16043466477e-24, 6.69400306242e-24, 5.56986522842e-24, 5.84269435021e-24, 6.41906215998e-24, 6.82658218159e-24, 6.42846262096e-24, 5.45956354121e-24, 5.53395628002e-24, 5.02474735456e-24, 5.29254946023e-24, 7.71374146649e-24, 6.40878882441e-24, 8.81728450883e-24, 7.63787198007e-24, 7.72802379318e-24, 8.13843183456e-24, 7.743411314e-24],
        "var": [2.71821964937e-09, 4.30522533179e-08, 1.0487713098e-07, 4.27943831482e-08, 6.05700165579e-08, 1.70179134784e-07, 1.02863729978e-07, 4.46456631664e-08, 3.26544622453e-08, 7.42197201475e-08, 2.24449451025e-07, 1.05173100451e-07, 7.03439368976e-08, 3.14902521836e-08, 2.95688504792e-08, 1.64140949721e-08, 1.49710555064e-08, 3.1028974945e-08, 1.55400083912e-08, 2.68082711585e-08, 2.32708998738e-08, 4.64429117386e-09, 3.10199621545e-09, 5.842762274e-09, 1.19171739144e-09, 2.79701567463e-10, 5.33677213532e-10, 2.37606462283e-10, 3.85213562437e-11, 6.65116659665e-12, 4.18027938653e-12, 1.94681510496e-12, 1.83390737492e-12, 1.23793878794e-12, 4.95129273952e-13, 1.30175072653e-13, 3.18174577397e-14, 1.48322668844e-14, 2.60786579031e-15, 7.0892356346e-17]
    },
    "mfcc": {
        "mean": [-675.223693848, 128.711791992, -51.1915588379, 27.2540988922, -12.8632230759, 0.594354569912, -14.6035680771, 4.12594747543, -12.5891866684, 2.73680377007, -10.0847301483, -2.37939357758, -4.13702344894],
        "cov": [[3640.36987305, -336.73916626, -578.008972168, -43.9881401062, -288.499053955, -115.754898071, -154.647354126, 194.509292603, -45.1745567322, 103.881248474, -71.6631240845, -18.4598369598, -4.74252319336], [-336.73916626, 583.518554688, -73.8428421021, 6.47644519806, 77.7005615234, -38.8610153198, 63.7348060608, -33.3622245789, -3.14285731316, -17.5597114563, 22.093120575, -15.1073207855, 2.8884472847], [-578.008972168, -73.8428421021, 500.796478271, 77.510635376, 101.842353821, 118.440917969, -9.94213962555, -27.1285362244, 24.688911438, -32.6227722168, 1.56995689869, 27.2857208252, -21.657289505], [-43.9881401062, 6.47644519806, 77.510635376, 186.166000366, 65.0129165649, 10.811589241, -50.4184989929, 5.54656028748, 23.6417961121, -12.0149745941, -3.86715698242, 21.7146606445, 15.7563667297], [-288.499053955, 77.7005615234, 101.842353821, 65.0129165649, 181.385253906, -2.42144489288, -8.43507671356, 0.57966697216, 26.840341568, -5.5593214035, 0.421292752028, 15.7491054535, 7.74543094635], [-115.754898071, -38.8610153198, 118.440917969, 10.811589241, -2.42144489288, 183.367263794, 77.8720397949, -9.45143985748, 19.0773906708, -2.41099500656, 20.5954208374, 7.81334066391, -16.9814682007], [-154.647354126, 63.7348060608, -9.94213962555, -50.4184989929, -8.43507671356, 77.8720397949, 199.381088257, -3.16416049004, 7.00590133667, 26.1754627228, 19.7714290619, -2.95079493523, -10.679608345], [194.509292603, -33.3622245789, -27.1285362244, 5.54656028748, 0.57966697216, -9.45143985748, -3.16416049004, 93.5655441284, 21.7847309113, 13.9797334671, 1.76038408279, 8.74827289581, 12.8568706512], [-45.1745567322, -3.14285731316, 24.688911438, 23.6417961121, 26.840341568, 19.0773906708, 7.00590133667, 21.7847309113, 105.883415222, 10.5602531433, 5.3192858696, 15.7567462921, 14.276968956], [103.881248474, -17.5597114563, -32.6227722168, -12.0149745941, -5.5593214035, -2.41099500656, 26.1754627228, 13.9797334671, 10.5602531433, 91.2074279785, 10.7786626816, -9.25587558746, 1.78071796894], [-71.6631240845, 22.093120575, 1.56995689869, -3.86715698242, 0.421292752028, 20.5954208374, 19.7714290619, 1.76038408279, 5.3192858696, 10.7786626816, 68.4310150146, 15.6400289536, 2.20767593384], [-18.4598369598, -15.1073207855, 27.2857208252, 21.7146606445, 15.7491054535, 7.81334066391, -2.95079493523, 8.74827289581, 15.7567462921, -9.25587558746, 15.6400289536, 75.9104156494, 28.0113296509], [-4.74252319336, 2.8884472847, -21.657289505, 15.7563667297, 7.74543094635, -16.9814682007, -10.679608345, 12.8568706512, 14.276968956, 1.78071796894, 2.20767593384, 28.0113296509, 77.2564239502]],
