{
"lowlevel": {
    "average_loudness": 0.836256027222,
    "barkbands_crest": {
        "dmean": 2.1689054966,
        "dmean2": 3.51422929764,
        "dvar": 4.11513280869,
        "dvar2": 10.2286214828,
        "max": 26.2773227692,
        "mean": 9.49382019043,
        "median": 8.67998027802,
        "min": 2.46405863762,
        "var": 16.2529773712
    },
    "barkbands_flatness_db": {
        "dmean": 0.0170089770108,
        "dmean2": 0.0272919237614,
        "dvar": 0.000218402274186,
        "dvar2": 0.000544425740372,
        "max": 0.414628654718,
        "mean": 0.188789919019,
        "median": 0.184074357152,
        "min": 0.0610728189349,
        "var": 0.0017841384979
    },
    "barkbands_kurtosis": {
        "dmean": 1.39558279514,
        "dmean2": 2.19610404968,
        "dvar": 9.30812358856,
        "dvar2": 22.517660141,
        "max": 134.893600464,
        "mean": 2.03131341934,
        "median": 0.301679730415,
        "min": -1.85250651836,
        "var": 28.8448200226
    },
    "barkbands_skewness": {
        "dmean": 0.357059389353,
        "dmean2": 0.550226151943,
        "dvar": 0.129323527217,
        "dvar2": 0.295055449009,
        "max": 10.4738826752,
        "mean": 0.980971336365,
        "median": 0.855020403862,
        "min": -2.66939973831,
        "var": 1.13189792633
    },
    "barkbands_spread": {
        "dmean": 3.31671881676,
        "dmean2": 5.1123456955,
        "dvar": 13.3035163879,
        "dvar2": 27.5431499481,
        "max": 89.883682251,
        "mean": 18.9562683105,
        "median": 17.8345489502,
        "min": 0.809007763863,
        "var": 86.7570648193
    },
    "dissonance": {
        "dmean": 0.0202933810651,
        "dmean2": 0.0339769907296,
        "dvar": 0.00034174558823,
        "dvar2": 0.000945735606365,
        "max": 0.499999940395,
        "mean": 0.451933890581,
        "median": 0.457727998495,
        "min": 0.243319988251,
        "var": 0.000974770518951
    },
    "dynamic_complexity": 4.19201850891,
    "erbbands_crest": {
        "dmean": 2.61018657684,
        "dmean2": 4.23877668381,
        "dvar": 5.79341840744,
        "dvar2": 14.5599784851,
        "max": 30.5599727631,
        "mean": 10.3215017319,
        "median": 9.52305316925,
        "min": 2.57333350182,
        "var": 16.502828598
    },
    "erbbands_flatness_db": {
        "dmean": 0.0129465935752,
        "dmean2": 0.0195591468364,
        "dvar": 0.000140389980515,
        "dvar2": 0.000301836873405,
        "max": 0.384826302528,
        "mean": 0.232180163264,
        "median": 0.231292396784,
        "min": 0.0916775837541,
        "var": 0.0011040745303
    },
    "erbbands_kurtosis": {
        "dmean": 0.763597607613,
        "dmean2": 1.22765159607,
        "dvar": 1.226313591,
        "dvar2": 3.05845522881,
        "max": 29.8193740845,
        "mean": 0.279994606972,
        "median": -0.285236001015,
        "min": -1.79284238815,
        "var": 4.32219552994
    },
    "erbbands_skewness": {
        "dmean": 0.326385945082,
        "dmean2": 0.504344761372,
        "dvar": 0.0865666940808,
        "dvar2": 0.199908152223,
        "max": 4.79974222183,
        "mean": 0.238905861974,
        "median": 0.207288265228,
        "min": -2.78097009659,
        "var": 0.672171533108
    },
    "erbbands_spread": {
        "dmean": 4.94123411179,
        "dmean2": 7.73846483231,
        "dvar": 26.3281612396,
        "dvar2": 62.3633346558,
        "max": 120.951400757,
        "mean": 29.2671375275,
        "median": 27.8466701508,
        "min": 3.30280184746,
        "var": 121.005851746
    },
    "hfc": {
        "dmean": 3.49304485321,
        "dmean2": 5.05174827576,
        "dvar": 31.0199451447,
        "dvar2": 64.1313705444,
        "max": 172.322753906,
        "mean": 17.6818447113,
        "median": 10.7360286713,
        "min": 1.13982113513e-16,
        "var": 330.531219482
    },
    "melbands_crest": {
        "dmean": 2.81801843643,
        "dmean2": 4.53138875961,
        "dvar": 7.05642271042,
        "dvar2": 17.6056365967,
        "max": 33.2285385132,
        "mean": 12.61211586,
        "median": 11.4790592194,
        "min": 1.81712019444,
        "var": 28.7014331818
    },
    "melbands_flatness_db": {
        "dmean": 0.0162532720715,
        "dmean2": 0.0246294941753,
        "dvar": 0.000243459246121,
        "dvar2": 0.000521326321177,
        "max": 0.498814851046,
        "mean": 0.18911755085,
        "median": 0.179284155369,
        "min": 0.00488894199952,
        "var": 0.00442372635007
    },
    "melbands_kurtosis": {
        "dmean": 2.68684649467,
        "dmean2": 4.21165895462,
        "dvar": 27.8192100525,
        "dvar2": 65.9608612061,
        "max": 183.482666016,
        "mean": 6.00265359879,
        "median": 2.86757850647,
        "min": -1.81009483337,
        "var": 104.951225281
    },
    "melbands_skewness": {
        "dmean": 0.414311885834,
        "dmean2": 0.641386508942,
        "dvar": 0.178109869361,
        "dvar2": 0.418185442686,
        "max": 10.3372812271,
        "mean": 1.69745266438,
        "median": 1.52974319458,
        "min": -1.35153329372,
        "var": 1.40917730331
    },
    "melbands_spread": {
        "dmean": 5.7559132576,
        "dmean2": 8.83186626434,
        "dvar": 54.8122291565,
        "dvar2": 109.45375824,
        "max": 208.000793457,
        "mean": 28.1957168579,
        "median": 24.7024097443,
        "min": 0.981647849083,
        "var": 336.490478516
    },
    "pitch_salience": {
        "dmean": 0.0557327643037,
        "dmean2": 0.0897816196084,
        "dvar": 0.00240687280893,
        "dvar2": 0.00605825241655,
        "max": 0.899146854877,
        "mean": 0.562410652637,
        "median": 0.563068687916,
        "min": 0.0848016068339,
        "var": 0.0112513583153
    },
    "silence_rate_20dB": {
        "dmean": 0,
        "dmean2": 0,
        "dvar": 0,
        "dvar2": 0,
        "max": 1,
        "mean": 1,
        "median": 1,
        "min": 1,
        "var": 0
    },
    "silence_rate_30dB": {
        "dmean": 0,
        "dmean2": 0,
        "dvar": 0,
        "dvar2": 0,
        "max": 1,
        "mean": 1,
        "median": 1,
        "min": 1,
        "var": 0
    },
    "silence_rate_60dB": {
        "dmean": 0.0279266927391,
        "dmean2": 0.0557356625795,
        "dvar": 0.0271452665329,
        "dvar2": 0.0608636811376,
        "max": 1,
        "mean": 0.178010478616,
        "median": 0,
        "min": 0,
        "var": 0.146317973733
    },
    "spectral_centroid": {
        "dmean": 179.925201416,
        "dmean2": 277.826080322,
        "dvar": 40593.3242188,
        "dvar2": 81204.609375,
        "max": 11296.8720703,
        "mean": 1504.29174805,
        "median": 1440.98779297,
        "min": 202.281951904,
        "var": 541453.6875
    },
    "spectral_complexity": {
        "dmean": 2.18601179123,
        "dmean2": 3.59152126312,
        "dvar": 4.94254779816,
        "dvar2": 12.5305538177,
        "max": 55,
        "mean": 15.1264028549,
        "median": 15,
        "min": 0,
        "var": 71.6245346069
    },
    "spectral_decrease": {
        "dmean": 6.97816637807e-10,
        "dmean2": 1.05760833424e-09,
        "dvar": 7.93038836167e-19,
        "dvar2": 1.79584012913e-18,
        "max": 1.60743033308e-29,
        "mean": -3.34534577817e-09,
        "median": -3.00273783616e-09,
        "min": -1.88036519688e-08,
        "var": 6.07640260537e-18
    },
    "spectral_energy": {
        "dmean": 0.00288197817281,
        "dmean2": 0.00434945896268,
        "dvar": 1.34351903398e-05,
        "dvar2": 3.01514828607e-05,
        "max": 0.0799228623509,
        "mean": 0.0142299132422,
        "median": 0.0124869868159,
        "min": 1.05232705839e-20,
        "var": 0.000113399641123
    },
    "spectral_energyband_high": {
        "dmean": 0.000153249522555,
        "dmean2": 0.000231928555877,
        "dvar": 1.97452152406e-07,
        "dvar2": 4.15384789676e-07,
        "max": 0.0219887010753,
        "mean": 0.000453129090602,
        "median": 0.000185045602848,
        "min": 7.84787121484e-21,
        "var": 8.08735478586e-07
    },
    "spectral_energyband_low": {
        "dmean": 0.000309202005155,
        "dmean2": 0.000479561800603,
        "dvar": 5.25329426182e-07,
        "dvar2": 1.09488928501e-06,
        "max": 0.0239571854472,
        "mean": 0.00123485946096,
        "median": 0.000481180206407,
        "min": 4.21130806788e-23,
        "var": 4.8580695875e-06
    },
    "spectral_energyband_middle_high": {
        "dmean": 0.00143188866787,
        "dmean2": 0.0021487805061,
        "dvar": 5.49328842681e-06,
        "dvar2": 1.21020802908e-05,
        "max": 0.0681943520904,
        "mean": 0.00604493264109,
        "median": 0.00295738643035,
        "min": 1.29728960938e-21,
        "var": 5.06209216837e-05
    },
    "spectral_energyband_middle_low": {
        "dmean": 0.00220541027375,
        "dmean2": 0.00339385564439,
        "dvar": 9.72939778876e-06,
        "dvar2": 2.2526963221e-05,
        "max": 0.0656151995063,
        "mean": 0.00676017673686,
        "median": 0.00506712822244,
        "min": 1.68244126545e-22,
        "var": 4.07923253078e-05
    },
    "spectral_entropy": {
        "dmean": 0.125801458955,
        "dmean2": 0.188697978854,
        "dvar": 0.015400483273,
        "dvar2": 0.0313749946654,
        "max": 9.80867671967,
        "mean": 7.17833518982,
        "median": 7.1877746582,
        "min": 4.94736480713,
        "var": 0.165225729346
    },
    "spectral_flux": {
        "dmean": 0.0156309548765,
        "dmean2": 0.0259629227221,
        "dvar": 0.000352349423338,
        "dvar2": 0.000952290662099,
        "max": 0.242981120944,
        "mean": 0.0600361712277,
        "median": 0.0534517467022,
        "min": 6.68249136582e-11,
        "var": 0.00154437462334
    },
    "spectral_kurtosis": {
        "dmean": 2.69092416763,
        "dmean2": 4.75057220459,
        "dvar": 8.63455963135,
        "dvar2": 26.2847824097,
        "max": 74.085723877,
        "mean": 5.18322753906,
        "median": 3.98231935501,
        "min": -1.23558783531,
        "var": 24.9034957886
    },
    "spectral_rms": {
        "dmean": 0.000364055420505,
        "dmean2": 0.000541642657481,
        "dvar": 1.50818692646e-07,
        "dvar2": 3.19908849633e-07,
        "max": 0.00883026234806,
        "mean": 0.00340446247719,
        "median": 0.00349033321254,
        "min": 3.20415438973e-12,
        "var": 2.2925266876e-06
    },
    "spectral_rolloff": {
        "dmean": 324.736694336,
        "dmean2": 545.902038574,
        "dvar": 285468.25,
        "dvar2": 565642,
        "max": 18755.4199219,
        "mean": 1834.30151367,
        "median": 1636.5234375,
        "min": 129.19921875,
        "var": 1508537.375
    },
    "spectral_skewness": {
        "dmean": 0.279626071453,
        "dmean2": 0.481375962496,
        "dvar": 0.0664052739739,
        "dvar2": 0.197552457452,
        "max": 7.20186042786,
        "mean": 1.44212758541,
        "median": 1.32882130146,
        "min": -0.25623562932,
        "var": 0.324308753014
    },
    "spectral_spread": {
        "dmean": 285951.625,
        "dmean2": 446762.90625,
        "dvar": 272255205376,
        "dvar2": 429394231296,
        "max": 40871056,
        "mean": 3182427.75,
        "median": 3005042,
        "min": 921095.5,
        "var": 1.3923549184e+12
    },
    "spectral_strongpeak": {
        "dmean": 0.667096734047,
        "dmean2": 1.12032163143,
        "dvar": 1.20492315292,
        "dvar2": 3.09705758095,
        "max": 14.7094554901,
        "mean": 1.45493328571,
        "median": 0.844039142132,
        "min": 0,
        "var": 2.86161994934
    },
    "zerocrossingrate": {
        "dmean": 0.00629646005109,
        "dmean2": 0.00759618310258,
        "dvar": 7.5152827776e-05,
        "dvar2": 8.47369010444e-05,
        "max": 0.60009765625,
        "mean": 0.0633880570531,
        "median": 0.06005859375,
        "min": 0.00390625,
        "var": 0.00106861128006
    },
    "barkbands": {
        "dmean": [5.5160348893e-06, 0.000139342359034, 0.000169312479557, 0.00015759919188, 0.000564468675293, 0.000794341263827, 0.0006089398521, 0.000486128905322, 0.000823094334919, 0.000453170097899, 0.000250172743108, 0.000332383118803, 0.000405110360589, 0.000396859220928, 0.000260100088781, 0.000260838511167, 0.000283655099338, 0.000266565650236, 0.000261320848949, 0.000105998056824, 3.09778515657e-05, 3.35072218149e-05, 6.14268283243e-05, 3.34502547048e-05, 5.46828368897e-06, 5.8181698348e-10, 5.76812597686e-10],
        "dmean2": [9.65516846918e-06, 0.000224166418775, 0.000265647104243, 0.000257743522525, 0.000895486213267, 0.00123863574117, 0.000912779592909, 0.000747260753997, 0.00127731030807, 0.00071749300696, 0.000394629547372, 0.000528247852344, 0.000629431626294, 0.000629399088211, 0.000426045851782, 0.000419717602199, 0.000459401955595, 0.00042618153384, 0.000405727769248, 0.000167906357092, 5.18395863764e-05, 5.42595189472e-05, 9.50990142883e-05, 5.0582257245e-05, 8.27128314995e-06, 1.06758446528e-09, 1.06917774634e-09],
        "dvar": [1.21801971287e-10, 1.29026119566e-07, 2.00763452085e-07, 1.69925939986e-07, 1.23077461467e-06, 2.6953575798e-06, 2.29585702982e-06, 1.51324684339e-06, 4.21431559516e-06, 1.98279622055e-06, 5.45284194686e-07, 1.00567979189e-06, 1.20774336665e-06, 1.23876077396e-06, 3.14125230716e-07, 4.89039166496e-07, 5.82475081501e-07, 4.66239555408e-07, 3.1328050909e-07, 7.7940605081e-08, 8.29699331462e-09, 1.54898565086e-08, 3.01927229884e-08, 2.97870954569e-08, 1.0629799263e-09, 1.12256081224e-18, 9.46877576297e-19],
        "dvar2": [3.45586725903e-10, 2.95635459224e-07, 4.33818485135e-07, 4.47127717962e-07, 2.97148039863e-06, 6.24660196991e-06, 5.32304648004e-06, 3.57418616659e-06, 9.39899473451e-06, 4.99639872942e-06, 1.29213117361e-06, 2.30052864936e-06, 2.94497431241e-06, 2.80380390905e-06, 8.00190662176e-07, 1.21241509987e-06, 1.43989655044e-06, 1.20683785099e-06, 7.53414667543e-07, 1.95630818212e-07, 2.29888819092e-08, 3.80280944512e-08, 6.80964689082e-08, 5.98238187877e-08, 2.36485697691e-09, 3.42380043742e-18, 3.03344046467e-18],
        "max": [0.000196961584152, 0.0137361688539, 0.0147817581892, 0.0125525752082, 0.0256115440279, 0.0510949343443, 0.0364759638906, 0.0395373255014, 0.0555341131985, 0.0496015697718, 0.0182929635048, 0.03113671951, 0.0276172440499, 0.0226438250393, 0.0138438409194, 0.0203052721918, 0.0231038145721, 0.0192909371108, 0.0112540153787, 0.0106761269271, 0.00294297677465, 0.00494640925899, 0.00625991588458, 0.0104697374627, 0.00150983023923, 2.89340231774e-08, 1.92859896941e-08],
        "mean": [6.30582053418e-06, 0.000524028204381, 0.000558083702344, 0.00029443600215, 0.00119359965902, 0.0015732703032, 0.00101236510091, 0.00084319873713, 0.00158029841259, 0.000725983758457, 0.000417051429395, 0.000655046664178, 0.000698741292581, 0.00072502536932, 0.000464922690298, 0.000490255537443, 0.000592696422245, 0.000574855774175, 0.000700510106981, 0.00023969115864, 6.74973853165e-05, 7.38280432415e-05, 0.000137244627695, 7.1692847996e-05, 9.29439556785e-06, 4.91739982067e-10, 4.70383065831e-10],
        "median": [1.9798685571e-06, 0.000175222448888, 0.000126377417473, 7.20781972632e-05, 0.000508274650201, 0.000608915055636, 0.000396937160986, 0.000242889189394, 0.000222492410103, 0.000132722430862, 7.23623015801e-05, 0.000116221046483, 0.000100527206087, 0.000130979373353, 0.000167992824572, 0.000114276059321, 0.000139309588121, 0.000111068511615, 0.000126699189423, 5.92574069742e-05, 2.09449135582e-05, 1.69903687492e-05, 3.41934864991e-05, 1.65724377439e-05, 9.45258705087e-07, 1.69579933429e-10, 1.51158058292e-10],
        "min": [4.33749370608e-24, 6.00952817648e-24, 4.74753926588e-24, 5.56489737687e-24, 1.30190408911e-23, 2.08423693368e-23, 1.33780932987e-23, 2.68905264541e-23, 2.36298298558e-23, 4.30447632732e-23, 3.01047496788e-23, 3.4852752006e-23, 2.81815415017e-23, 3.51883807667e-23, 6.42953065974e-23, 1.64133984524e-22, 9.69233193893e-23, 2.01563730537e-22, 1.41265020478e-22, 3.16651140249e-22, 3.14584652844e-22, 5.6417877913e-22, 6.18752504719e-22, 8.26038140014e-22, 1.16484155471e-21, 1.39999894583e-21, 2.10647904361e-21],
        "var": [1.61469559945e-10, 1.0320088677e-06, 1.61565537837e-06, 4.39900105675e-07, 3.83786527891e-06, 8.53657093103e-06, 4.57196665593e-06, 4.03244666813e-06, 1.19501983136e-05, 4.19027492171e-06, 1.35952927849e-06, 2.86998829324e-06, 3.13247664963e-06, 3.45567741533e-06, 7.3403236911e-07, 1.35280038194e-06, 1.94028098122e-06, 1.63722415891e-06, 1.77924141553e-06, 2.36749343685e-07, 2.68601905162e-08, 4.43295746777e-08, 8.50975752087e-08, 5.7849170787e-08, 2.06488270926e-09, 8.65308830804e-19, 7.49973435334e-19]
    },
    "erbbands": {
        "dmean": [0.00273628742434, 0.0376090221107, 0.168317124248, 0.344235897064, 1.0653219223, 1.9284324646, 5.16164875031, 6.62970733643, 8.30159282684, 7.9386382103, 12.6209917068, 19.1006755829, 16.156879425, 12.5988912582, 9.89601325989, 13.3532781601, 15.4827680588, 20.2604465485, 14.4563179016, 10.6020126343, 14.1090211868, 14.0094108582, 12.2073545456, 12.7992067337, 11.2394933701, 4.83339595795, 1.7761592865, 0.995399832726, 1.0796533823, 1.72674489021, 1.72870051861, 0.999503910542, 0.404995858669, 0.112643197179, 0.00555164692923, 0.000180374772754, 1.74461129063e-05, 3.48640469383e-06, 2.16754733628e-06, 3.62222181138e-06],
        "dmean2": [0.00449646217749, 0.0597914457321, 0.263962268829, 0.551467359066, 1.70052325726, 3.04943990707, 8.12353134155, 10.4440822601, 12.6477241516, 11.7742729187, 19.227766037, 29.2683563232, 24.2260360718, 20.106716156, 14.9923658371, 20.7579917908, 24.0500164032, 31.8579006195, 22.7864189148, 16.641746521, 22.3516540527, 21.9540348053, 18.9866943359, 19.8926563263, 17.3399963379, 7.58711624146, 2.89754390717, 1.65658509731, 1.74787139893, 2.72648787498, 2.64903998375, 1.51435732841, 0.615326702595, 0.16889166832, 0.00838537607342, 0.000267394294497, 2.54180995398e-05, 5.02111379319e-06, 3.16317505167e-06, 5.41844701729e-06],
        "dvar": [6.57364653307e-05, 0.00873785093427, 0.192206636071, 0.825299084187, 5.49424171448, 17.627784729, 162.998703003, 266.800018311, 377.122711182, 418.014221191, 913.895996094, 2955.70727539, 2267.49951172, 1588.77355957, 695.04107666, 1648.19995117, 1454.59460449, 2867.03051758, 1021.27368164, 721.575317383, 1387.54821777, 1638.40856934, 924.961486816, 808.183349609, 748.271789551, 173.552108765, 20.2881374359, 19.2328510284, 15.1673078537, 26.9788284302, 24.3495464325, 25.8128585815, 4.41729354858, 0.440757274628, 0.0011268168455, 1.09517839064e-06, 8.40900415966e-09, 2.48301851302e-10, 2.21750812157e-11, 2.31902847619e-11],
        "dvar2": [0.00015906545741, 0.0198257341981, 0.423797339201, 1.92099320889, 14.493932724, 42.2703094482, 361.546386719, 627.47442627, 880.897644043, 899.337768555, 2127.85693359, 6348.98144531, 5318.04736328, 3850.47460938, 1449.0526123, 3699.37817383, 3619.58300781, 6915.11328125, 2377.95898438, 1568.30297852, 3428.54541016, 3823.66845703, 2239.95239258, 1932.0826416, 1745.31176758, 424.16986084, 51.5683364868, 53.0173339844, 37.6259231567, 62.4233932495, 53.0178031921, 56.3639297485, 8.63367938995, 0.916123867035, 0.00247576646507, 2.27088207794e-06, 1.65964078036e-08, 4.81029438504e-10, 4.47712422691e-11, 5.09463894682e-11],
        "max": [0.235943481326, 3.59865379333, 11.9916124344, 33.5703773499, 75.1492462158, 110.5548172, 361.778167725, 648.519226074, 410.376281738, 626.76385498, 1036.46716309, 1756.33557129, 1541.54406738, 1799.20812988, 777.089904785, 1293.3046875, 1110.0871582, 1301.01489258, 751.69708252, 825.538757324, 1255.97485352, 1254.23828125, 1010.38647461, 660.509460449, 691.616394043, 521.914855957, 177.419586182, 237.018783569, 122.450279236, 202.653900146, 199.969345093, 323.010314941, 98.175201416, 30.8540668488, 1.52743685246, 0.0452314913273, 0.0047074733302, 0.000877246959135, 0.000250778131885, 0.000127374747535],
        "mean": [0.00947158131748, 0.142854109406, 0.577401399612, 0.893583953381, 2.07350993156, 3.93632650375, 10.2553138733, 12.6634082794, 14.4151039124, 13.585770607, 23.092250824, 36.2858772278, 28.4564361572, 22.5108623505, 20.0018672943, 26.6143703461, 30.934223175, 42.1377067566, 28.8007469177, 21.3165855408, 29.5517482758, 33.0069465637, 32.2023963928, 34.3046035767, 29.9255619049, 11.9552221298, 4.23158025742, 2.21681833267, 2.36325907707, 3.75081157684, 3.80356931686, 2.1220459938, 0.845086216927, 0.219633430243, 0.00977945048362, 0.000384734623367, 4.83045077999e-05, 1.14294280138e-05, 1.08646627268e-05, 1.86125071195e-05],
        "median": [0.00209122337401, 0.0495913997293, 0.164181992412, 0.268128991127, 0.789205670357, 1.5421807766, 2.86067676544, 5.1061706543, 6.16938400269, 5.77591514587, 7.42095327377, 7.07736492157, 5.18895292282, 5.91768455505, 4.81614732742, 5.96135520935, 6.86610984802, 8.10766792297, 10.7611885071, 8.12620639801, 8.06066322327, 7.93174600601, 6.3536863327, 7.15968942642, 5.38502407074, 3.19089221954, 1.50458097458, 0.596860766411, 0.52799475193, 0.909821748734, 0.95954310894, 0.489008009434, 0.171513110399, 0.0333739817142, 0.00144678086508, 9.29030793486e-05, 1.81054383575e-05, 4.96401071359e-06, 8.11737299955e-06, 1.58621114679e-05],
        "min": [1.53159894347e-22, 1.95985602938e-21, 6.19699723456e-21, 2.37986195333e-20, 3.68957191387e-20, 3.25365354717e-20, 1.29529310719e-19, 1.37684755797e-19, 1.85716316384e-19, 2.58647693619e-19, 6.40721177787e-19, 4.05823338819e-19, 1.27852168423e-18, 1.61838021263e-18, 1.53656181369e-18, 1.5271067257e-18, 1.36860082575e-18, 3.1091409324e-18, 4.53511614281e-18, 4.98207698295e-18, 8.023804143e-18, 6.18469378244e-18, 8.68862574492e-18, 8.4345431577e-18, 1.01952649203e-17, 1.18629710503e-17, 1.00774884632e-17, 1.44373738378e-17, 1.6780922097e-17, 1.72299140791e-17, 1.68476474483e-17, 1.34644431742e-17, 1.63599334873e-17, 1.0951915978e-17, 8.46953868788e-18, 4.70629413955e-18, 2.83727644356e-18, 1.0567672799e-18, 3.0111633534e-19, 3.30475327574e-20],
        "var": [0.000420722994022, 0.0722932592034, 1.39341831207, 3.78668498993, 13.0773487091, 52.8434257507, 481.936340332, 735.899291992, 758.343261719, 783.510864258, 2655.6105957, 7532.57373047, 5386.70410156, 3132.37792969, 2280.77416992, 4319.65722656, 4682.37109375, 10069.7167969, 2788.66186523, 2012.7043457, 4267.82177734, 6007.11376953, 4932.79003906, 3899.20019531, 3809.19628906, 596.073242188, 70.575088501, 54.3937187195, 43.2063560486, 76.6093292236, 68.0791473389, 41.6787261963, 10.7559041977, 0.995097160339, 0.00215776101686, 2.42241230808e-06, 2.10883825957e-08, 7.00806690457e-10, 1.1976594716e-10, 2.14068915372e-10]
    },
    "gfcc": {
        "mean": [-74.128364563, 128.857208252, -176.765655518, 41.4710197449, -76.2352600098, 3.60663557053, -40.4482383728, -9.00446796417, -2.57955265045, -23.1270008087, 12.0512466431, -21.5702533722, 1.77424895763],
        "cov": [[7244.62695312, -1839.09606934, -950.393127441, 425.520874023, -613.708557129, 364.216003418, -6.28348684311, 632.376464844, -99.6275177002, -311.916229248, 118.973350525, -73.0802536011, -333.081787109], [-1839.09606934, 1443.92565918, 598.590148926, 35.454284668, 495.215698242, -161.872817993, 229.409423828, -214.221542358, 114.53502655, 155.901809692, -18.3651657104, -44.1009368896, 113.64591217], [-950.393127441, 598.590148926, 738.968200684, 176.980606079, 162.828079224, -16.8971500397, 14.5470399857, -28.2256469727, 71.4415817261, 46.6903533936, -26.704158783, 19.594203949, 62.2540740967], [425.520874023, 35.454284668, 176.980606079, 363.833526611, 140.072418213, 24.8834972382, 28.8484840393, 73.8216323853, 48.1052703857, 0.288149565458, -23.8263645172, 27.5244121552, 5.08076000214], [-613.708557129, 495.215698242, 162.828079224, 140.072418213, 415.938262939, -31.5315074921, 116.99445343, -11.8221969604, 51.3662872314, 82.0724716187, -3.65586972237, 2.32664418221, 59.8482017517], [364.216003418, -161.872817993, -16.8971500397, 24.8834972382, -31.5315074921, 223.823364258, 73.7051467896, 36.4105415344, -44.6806259155, 24.7800750732, -0.0474650710821, -22.784910202, -22.3673210144], [-6.28348684311, 229.409423828, 14.5470399857, 28.8484840393, 116.99445343, 73.7051467896, 261.317810059, -10.051115036, -27.1705570221, 78.255607605, 1.09736120701, -49.3848228455, 4.39615631104], [632.376464844, -214.221542358, -28.2256469727, 73.8216323853, -11.8221969604, 36.4105415344, -10.051115036, 240.426437378, 43.1447296143, -58.8356399536, 20.3621959686, -1.45624673367, -22.9390029907], [-99.6275177002, 114.53502655, 71.4415817261, 48.1052703857, 51.3662872314, -44.6806259155, -27.1705570221, 43.1447296143, 159.332443237, 3.54100227356, -7.65441894531, 32.5239868164, -8.56260871887], [-311.916229248, 155.901809692, 46.6903533936, 0.288149565458, 82.0724716187, 24.7800750732, 78.255607605, -58.8356399536, 3.54100227356, 167.040420532, 12.7672309875, -18.8428287506, 39.8447723389], [118.973350525, -18.3651657104, -26.704158783, -23.8263645172, -3.65586972237, -0.0474650710821, 1.09736120701, 20.3621959686, -7.65441894531, 12.7672309875, 108.646903992, 34.9477310181, -11.4484395981], [-73.0802536011, -44.1009368896, 19.594203949, 27.5244121552, 2.32664418221, -22.784910202, -49.3848228455, -1.45624673367, 32.5239868164, -18.8428287506, 34.9477310181, 112.594749451, 41.3576164246], [-333.081787109, 113.64591217, 62.2540740967, 5.08076000214, 59.8482017517, -22.3673210144, 4.39615631104, -22.9390029907, -8.56260871887, 39.8447723389, -11.4484395981, 41.3576164246, 114.208061218]],
        "icov": [[0.000399782176828, -9.33806004468e-05, 0.000559860316571, -0.000907133508008, 0.000670096487738, -0.000299204024486, -8.0494210124e-05, -0.000620441976935, 0.000123694044305, 0.000217569569941, -0.00045618833974, 0.000280359265162, 0.000248891417868], [-9.33806004468e-05, 0.00510217249393, -0.00329510401934, 0.00197142735124, -0.0038572519552, 0.00236309948377, -0.00342391128652, 0.00432777544484, -0.00400406075642, 0.00224153674208, -0.00271163927391, 0.00469373725355, -0.00320957181975], [0.000559860316571, -0.00329510401934, 0.00451685627922, -0.00321361469105, 0.00302205001935, -0.00205926434137, 0.00222873804159, -0.00284573459066, 0.00174244178925, -0.000925097148865, 0.000767276796978, -0.00177417683881, 0.00112101191189], [-0.000907133508008, 0.00197142735124, -0.00321361469105, 0.00698217423633, -0.00419856235385, 0.00118251028471, -0.00111469032709, 0.00112310785335, -0.000959482276812, -0.000301739491988, 0.00230902293697, -0.00176318653394, 0.000437305832747], [0.000670096487738, -0.0038572519552, 0.00302205001935, -0.00419856235385, 0.00783670693636, -0.00130256603006, 0.000750094593968, -0.00367229455151, 0.00181744794827, -0.00173255463596, 0.000395325769205, -0.00190460286103, 0.000673873524647], [-0.000299204024486, 0.00236309948377, -0.00205926434137, 0.00118251028471, -0.00130256603006, 0.00745777087286, -0.0031720129773, 0.000605024921242, 0.000531145371497, -0.0011418024078, 0.000532575359102, 0.000204743832001, 0.000650004367344], [-8.0494210124e-05, -0.00342391128652, 0.00222873804159, -0.00111469032709, 0.000750094593968, -0.0031720129773, 0.0082767624408, -0.00264522968791, 0.00324498233385, -0.00309235998429, 0.00145358941518, -0.00123149796855, 0.00205663894303], [-0.000620441976935, 0.00432777544484, -0.00284573459066, 0.00112310785335, -0.00367229455151, 0.000605024921242, -0.00264522968791, 0.0110018625855, -0.00678389985114, 0.00514093786478, -0.00520686525851, 0.0072232671082, -0.0057001314126], [0.000123694044305, -0.00400406075642, 0.00174244178925, -0.000959482276812, 0.00181744794827, 0.000531145371497, 0.00324498233385, -0.00678389985114, 0.0135774230585, -0.00523843709379, 0.00632863398641, -0.00991621613503, 0.00817298423499], [0.000217569569941, 0.00224153674208, -0.000925097148865, -0.000301739491988, -0.00173255463596, -0.0011418024078, -0.00309235998429, 0.00514093786478, -0.00523843709379, 0.0120819639415, -0.00626574084163, 0.00795132108033, -0.00735774356872], [-0.00045618833974, -0.00271163927391, 0.000767276796978, 0.00230902293697, 0.000395325769205, 0.000532575359102, 0.00145358941518, -0.00520686525851, 0.00632863398641, -0.00626574084163, 0.0171056725085, -0.0127430008724, 0.00863199401647], [0.000280359265162, 0.00469373725355, -0.00177417683881, -0.00176318653394, -0.00190460286103, 0.000204743832001, -0.00123149796855, 0.0072232671082, -0.00991621613503, 0.00795132108033, -0.0127430008724, 0.0245525576174, -0.0139570571482], [0.000248891417868, -0.00320957181975, 0.00112101191189, 0.000437305832747, 0.000673873524647, 0.000650004367344, 0.00205663894303, -0.0057001314126, 0.00817298423499, -0.00735774356872, 0.00863199401647, -0.0139570571482, 0.0196944214404]]
    },
    "melbands": {
        "dmean": [3.09836541419e-05, 7.30674801162e-05, 7.40742470953e-05, 0.000105517494376, 0.000154526293045, 0.000145755155245, 0.000129320324049, 8.83120883373e-05, 0.00010949861462, 0.00012405475718, 8.10019555502e-05, 5.24187344126e-05, 3.29712020175e-05, 3.87321379094e-05, 2.97647802654e-05, 4.54090877611e-05, 3.95372808271e-05, 2.55398554145e-05, 1.68083552126e-05, 1.57582126121e-05, 1.93760224647e-05, 1.57741142175e-05, 1.46906641021e-05, 1.18129337352e-05, 1.17992840387e-05, 1.15183502203e-05, 5.43812893739e-06, 3.13498662763e-06, 1.33890705456e-06, 8.88901467988e-07, 6.20776802407e-07, 6.53348308788e-07, 7.31839577384e-07, 1.17446950298e-06, 1.14960050723e-06, 8.50898686622e-07, 6.03719740866e-07, 3.39980772424e-07, 1.91567721686e-07, 7.4177862075e-08],
        "dmean2": [5.00345267938e-05, 0.000113881360448, 0.000119151263789, 0.000167623788002, 0.000243738395511, 0.000229680925258, 0.000195695989532, 0.00013082564692, 0.000166780082509, 0.000190553444554, 0.000121321369079, 8.40813663672e-05, 5.07825534442e-05, 6.05326276855e-05, 4.5597065764e-05, 6.97400246281e-05, 6.17782425252e-05, 3.99497766921e-05, 2.7325044357e-05, 2.53252674156e-05, 3.09475362883e-05, 2.49034746957e-05, 2.31212088693e-05, 1.85114604392e-05, 1.85991120816e-05, 1.73352927959e-05, 8.70933672559e-06, 5.00451460539e-06, 2.20374772653e-06, 1.48109972997e-06, 1.02591582163e-06, 1.07011294403e-06, 1.1763099792e-06, 1.86552995274e-06, 1.79530854894e-06, 1.30964360778e-06, 9.23593063362e-07, 5.22728896613e-07, 2.94643427878e-07, 1.12939872565e-07],
        "dvar": [7.42303640777e-09, 3.2145496931e-08, 2.98669924348e-08, 5.06742559025e-08, 1.30119744313e-07, 1.08720719538e-07, 9.34448110002e-08, 4.67803005222e-08, 6.3703865294e-08, 1.23624644743e-07, 5.75831364813e-08, 2.89006241161e-08, 7.96738941489e-09, 1.05378106241e-08, 9.17112430443e-09, 1.66784808187e-08, 1.20539969117e-08, 3.92466015242e-09, 1.28418964351e-09, 2.13554440798e-09, 2.86243695413e-09, 2.1735457878e-09, 1.62483326793e-09, 8.3870338452e-10, 7.38780592258e-10, 7.89364962284e-10, 1.95253396784e-10, 7.03009386815e-11, 1.32365333971e-11, 7.31202338261e-12, 1.05445331286e-11, 5.5150424158e-12, 7.07090289098e-12, 1.15117672339e-11, 9.25094376103e-12, 1.16206384793e-11, 1.03594476747e-11, 2.59955663766e-12, 1.15037406684e-12, 2.0168282734e-13],
        "dvar2": [1.71649539027e-08, 7.10870793341e-08, 7.46784039052e-08, 1.25281147234e-07, 2.98741383631e-07, 2.59528690094e-07, 2.1567643671e-07, 9.83385035624e-08, 1.39718579817e-07, 2.67422279876e-07, 1.35106105859e-07, 6.85806824663e-08, 1.81537433974e-08, 2.34135999477e-08, 1.96962126608e-08, 4.12215044321e-08, 2.74643596754e-08, 8.62997318052e-09, 3.2215343726e-09, 5.03421659914e-09, 7.24295379229e-09, 5.12837061706e-09, 3.79730646927e-09, 2.00070471301e-09, 1.80509773795e-09, 1.72664593734e-09, 5.22042242768e-10, 1.62425878303e-10, 3.41859179853e-11, 2.03407932858e-11, 2.85569363295e-11, 1.38521806872e-11, 1.70755128787e-11, 2.75074529127e-11, 2.08456602674e-11, 2.7314822279e-11, 2.29859742351e-11, 5.48431439151e-12, 2.31459187754e-12, 4.5093112187e-13],
        "max": [0.00299372174777, 0.0048099020496, 0.00473945681006, 0.00653791008517, 0.00970183871686, 0.0125052090734, 0.00630568154156, 0.00728162331507, 0.0074438881129, 0.010490829125, 0.00788575503975, 0.00777178583667, 0.00295664416626, 0.00347521342337, 0.00382634205744, 0.00381722487509, 0.00263375253417, 0.00148090324365, 0.000806389609352, 0.00118806620594, 0.00197836640291, 0.00123193382751, 0.00150450924411, 0.000708982814103, 0.000613177311607, 0.000701929151546, 0.000460096576717, 0.000287807837594, 0.000155682588229, 0.000102975449408, 0.000172288244357, 8.87288406375e-05, 8.7102787802e-05, 0.000115074370115, 9.47378430283e-05, 0.000188843681826, 0.000205124131753, 8.30529461382e-05, 5.41154040548e-05, 1.96885393962e-05],
        "mean": [0.000118972398923, 0.000270641234238, 0.000181598006748, 0.000216548956814, 0.000319102982758, 0.000282816210529, 0.000223260969506, 0.000149021143443, 0.000196020890144, 0.000233554994338, 0.000136328715598, 8.96472629393e-05, 5.96708341618e-05, 7.95121159172e-05, 5.16928521392e-05, 8.25725583127e-05, 7.6748066931e-05, 4.58711328974e-05, 3.11366748065e-05, 2.81741449726e-05, 3.65884079656e-05, 3.24840220856e-05, 3.37322344421e-05, 2.73831574304e-05, 2.75230631814e-05, 2.73279310932e-05, 1.3013725038e-05, 6.67490030537e-06, 2.72156194114e-06, 1.81769030405e-06, 1.12157090371e-06, 1.33212131459e-06, 1.40818326599e-06, 2.39652490563e-06, 2.38024517785e-06, 1.66713562066e-06, 1.15673230994e-06, 6.40377606942e-07, 3.61219605338e-07, 1.20750300425e-07],
        "median": [3.47733548551e-05, 9.2783535365e-05, 6.38743804302e-05, 8.61949374666e-05, 9.94637084659e-05, 0.000115055270726, 9.44428902585e-05, 6.00143903284e-05, 5.32504564035e-05, 3.32875279128e-05, 1.99792812055e-05, 1.91599465325e-05, 1.25340438899e-05, 1.4392598132e-05, 1.20037293527e-05, 1.2085997696e-05, 1.21379007396e-05, 1.42492990562e-05, 1.15892325994e-05, 6.45055069981e-06, 9.30311216507e-06, 7.36352285458e-06, 5.47507170268e-06, 4.99841735291e-06, 5.16497948411e-06, 3.92481524614e-06, 2.82182668343e-06, 1.57682438839e-06, 8.10063852441e-07, 4.63151195618e-07, 2.1888018864e-07, 2.319129635e-07, 3.03979902583e-07, 4.7538162562e-07, 5.4376027947e-07, 3.46180684119e-07, 2.3506700586e-07, 1.07510274461e-07, 4.16026040284e-08, 1.17565797098e-08],
        "min": [1.78993584635e-24, 2.74058324855e-24, 5.29507026525e-24, 2.14622605749e-24, 4.87505863121e-24, 3.46795086849e-24, 2.62679933209e-24, 3.62710434498e-24, 5.03528929726e-24, 2.69545488275e-24, 5.98567893916e-24, 5.24589307085e-24, 4.5886812178e-24, 5.16802973849e-24, 3.50134413947e-24, 3.08355374052e-24, 4.95582773271e-24, 6.83036082533e-24, 3.9471124765e-24, 9.61400089094e-24, 8.82554151592e-24, 5.44152544775e-24, 6.03138317343e-24, 8.92815733134e-24, 5.89120259057e-24, 5.72135452679e-24, 7.24308969549e-24, 8.37424050293e-24, 5.60121258864e-24, 7.98428131393e-24, 8.20089068559e-24, 7.98121106729e-24, 1.01820233412e-23, 9.05669984926e-24, 9.02156398454e-24, 7.85835781422e-24, 7.90386088895e-24, 1.22600312714e-23, 9.34549393805e-24, 8.4120995155e-24],
        "var": [5.84687285254e-08, 2.50962727932e-07, 1.10787041763e-07, 1.57233756681e-07, 4.11568464642e-07, 3.20312409485e-07, 1.90302344549e-07, 9.05409507368e-08, 1.83451078328e-07, 3.14652396582e-07, 1.36323322408e-07, 5.78225254344e-08, 2.34887576056e-08, 3.91359371577e-08, 1.89086808433e-08, 4.55660078558e-08, 3.94087074085e-08, 9.5517691534e-09, 3.20483728444e-09, 5.19039522473e-09, 7.82493447815e-09, 5.97717741968e-09, 7.81846765108e-09, 3.81902065527e-09, 2.96028002111e-09, 3.40111849795e-09, 6.81747158726e-10, 2.25403695708e-10, 3.60173314784e-11, 2.3008057265e-11, 2.30033336129e-11, 1.64681497605e-11, 1.52344092202e-11, 3.08781021585e-11, 2.5940839754e-11, 2.02865918508e-11, 1.54562335153e-11, 6.37449294738e-12, 2.49341151025e-12, 3.83771221182e-13]
    },
    "mfcc": {
        "mean": [-685.805236816, 126.588317871, -27.1025409698, 16.0991191864, -2.45185303688, -5.75277996063, -13.4923591614, 1.84845817089, -17.3299484253, 7.75954008102, -6.88000106812, -0.855696558952, -2.06493163109],
        "cov": [[7331.25732422, -2225.18896484, -492.709381104, -189.371673584, -308.701568604, -380.88494873, 69.3837890625, 739.824890137, -451.885742188, 529.161010742, 50.1955680847, -83.3836593628, -91.3356399536], [-2225.18896484, 1480.74621582, 215.746795654, 305.544219971, 158.119903564, 230.780883789, 110.053100586, -234.748916626, 235.550231934, -84.1567611694, 39.7888946533, 77.6869659424, 72.5231323242], [-492.709381104, 215.746795654, 547.07019043, 100.945823669, 85.9905548096, 54.7381362915, -13.2249383926, -2.35258769989, 42.4295806885, -17.6081295013, -17.6605625153, 41.1567764282, 9.5771856308], [-189.371673584, 305.544219971, 100.945823669, 427.199493408, 174.83164978, 63.5129928589, 29.9811592102, 11.5974969864, 128.776473999, -19.6290054321, 15.74908638, 77.2263259888, 28.4549999237], [-308.701568604, 158.119903564, 85.9905548096, 174.83164978, 302.162506104, -29.8149986267, -35.7585296631, 50.4972457886, 60.9549865723, -11.6424512863, -17.3093242645, 50.400062561, 42.2991333008], [-380.88494873, 230.780883789, 54.7381362915, 63.5129928589, -29.8149986267, 302.968261719, 110.660568237, -110.108566284, 109.868774414, -53.1131973267, 45.3225326538, 36.6858940125, 14.7285785675], [69.3837890625, 110.053100586, -13.2249383926, 29.9811592102, -35.7585296631, 110.660568237, 288.847686768, -36.971206665, 63.173324585, 19.782913208, 50.9816665649, -16.9138870239, 11.2820291519], [739.824890137, -234.748916626, -2.35258769989, 11.5974969864, 50.4972457886, -110.108566284, -36.971206665, 278.750671387, -79.7873840332, 99.6845855713, -15.634437561, -11.0471887589, -4.91886377335], [-451.885742188, 235.550231934, 42.4295806885, 128.776473999, 60.9549865723, 109.868774414, 63.173324585, -79.7873840332, 259.185333252, -49.2455673218, 30.1182556152, 45.0491218567, 12.186173439], [529.161010742, -84.1567611694, -17.6081295013, -19.6290054321, -11.6424512863, -53.1131973267, 19.782913208, 99.6845855713, -49.2455673218, 191.189559937, 29.354637146, -25.9287757874, 0.262278318405], [50.1955680847, 39.7888946533, -17.6605625153, 15.74908638, -17.3093242645, 45.3225326538, 50.9816665649, -15.634437561, 30.1182556152, 29.354637146, 112.624176025, 15.2345628738, 7.26721525192], [-83.3836593628, 77.6869659424, 41.1567764282, 77.2263259888, 50.400062561, 36.6858940125, -16.9138870239, -11.0471887589, 45.0491218567, -25.9287757874, 15.2345628738, 125.331695557, 38.6422729492], [-91.3356399536, 72.5231323242, 9.5771856308, 28.4549999237, 42.2991333008, 14.7285785675, 11.2820291519, -4.91886377335, 12.186173439, 0.262278318405, 7.26721525192, 38.6422729492, 104.782722473]],
