{
"lowlevel": {
    "average_loudness": 0.519328176975,
    "barkbands_crest": {
        "dmean": 2.32961201668,
        "dmean2": 3.72626662254,
        "dvar": 5.05277633667,
        "dvar2": 12.0808410645,
        "max": 26.5152606964,
        "mean": 9.02548694611,
        "median": 7.48658895493,
        "min": 1.99257004261,
        "var": 19.9798526764
    },
    "barkbands_flatness_db": {
        "dmean": 0.0181700736284,
        "dmean2": 0.0269984845072,
        "dvar": 0.000305102497805,
        "dvar2": 0.000621545128524,
        "max": 0.364848196507,
        "mean": 0.123540662229,
        "median": 0.115844756365,
        "min": 0.0297374837101,
        "var": 0.00231885164976
    },
    "barkbands_kurtosis": {
        "dmean": 1.60805094242,
        "dmean2": 2.51618075371,
        "dvar": 15.8676691055,
        "dvar2": 34.5654563904,
        "max": 183.923446655,
        "mean": 1.91750442982,
        "median": 0.361686944962,
        "min": -1.90804719925,
        "var": 43.7119865417
    },
    "barkbands_skewness": {
        "dmean": 0.430410265923,
        "dmean2": 0.659042656422,
        "dvar": 0.200456917286,
        "dvar2": 0.436049848795,
        "max": 12.0942354202,
        "mean": 0.663061499596,
        "median": 0.684958398342,
        "min": -3.77378344536,
        "var": 1.82772862911
    },
    "barkbands_spread": {
        "dmean": 5.76094722748,
        "dmean2": 8.35882663727,
        "dvar": 42.1376609802,
        "dvar2": 79.5212783813,
        "max": 103.785652161,
        "mean": 25.7248287201,
        "median": 24.0233039856,
        "min": 0.673678696156,
        "var": 189.189666748
    },
    "dissonance": {
        "dmean": 0.0149275176227,
        "dmean2": 0.0250931121409,
        "dvar": 0.000229997589486,
        "dvar2": 0.000623882981017,
        "max": 0.500000119209,
        "mean": 0.470704287291,
        "median": 0.476967155933,
        "min": 0.265971601009,
        "var": 0.000620195176452
    },
    "dynamic_complexity": 3.94612216949,
    "erbbands_crest": {
        "dmean": 2.49961352348,
        "dmean2": 4.04491186142,
        "dvar": 6.29698896408,
        "dvar2": 15.3437414169,
        "max": 31.060792923,
        "mean": 8.89063835144,
        "median": 7.78004646301,
        "min": 2.12063765526,
        "var": 23.6935272217
    },
    "erbbands_flatness_db": {
        "dmean": 0.018181623891,
        "dmean2": 0.0247803274542,
        "dvar": 0.000333729607519,
        "dvar2": 0.000549817923456,
        "max": 0.416075855494,
        "mean": 0.173370718956,
        "median": 0.175268426538,
        "min": 0.0561591386795,
        "var": 0.00307575869374
    },
    "erbbands_kurtosis": {
        "dmean": 0.805150985718,
        "dmean2": 1.28289246559,
        "dvar": 1.76187825203,
        "dvar2": 4.05873394012,
        "max": 34.0802307129,
        "mean": 0.176845416427,
        "median": -0.301376104355,
        "min": -1.83845949173,
        "var": 4.42955493927
    },
    "erbbands_skewness": {
        "dmean": 0.355471611023,
        "dmean2": 0.54669034481,
        "dvar": 0.11762085557,
        "dvar2": 0.257833093405,
        "max": 4.38466501236,
        "mean": 0.108338952065,
        "median": 0.0151702146977,
        "min": -4.60247612,
        "var": 0.727098941803
    },
    "erbbands_spread": {
        "dmean": 6.99706935883,
        "dmean2": 10.5331697464,
        "dvar": 62.1290626526,
        "dvar2": 121.584632874,
        "max": 143.974014282,
        "mean": 36.9393882751,
        "median": 34.9721183777,
        "min": 2.76785874367,
        "var": 288.111602783
    },
    "hfc": {
        "dmean": 4.54025268555,
        "dmean2": 6.13452291489,
        "dvar": 39.4160346985,
        "dvar2": 69.4184265137,
        "max": 165.214477539,
        "mean": 18.3576011658,
        "median": 13.3679132462,
        "min": 1.05897210501e-16,
        "var": 336.80682373
    },
    "melbands_crest": {
        "dmean": 3.07996296883,
        "dmean2": 4.97063398361,
        "dvar": 8.839179039,
        "dvar2": 21.9939060211,
        "max": 31.8484401703,
        "mean": 11.6548929214,
        "median": 10.7744007111,
        "min": 1.41514217854,
        "var": 38.9469947815
    },
    "melbands_flatness_db": {
        "dmean": 0.0196529105306,
        "dmean2": 0.0296276863664,
        "dvar": 0.000398833682993,
        "dvar2": 0.000852565397508,
        "max": 0.433903157711,
        "mean": 0.135458186269,
        "median": 0.134772107005,
        "min": 0.00195200170856,
        "var": 0.004655551631
    },
    "melbands_kurtosis": {
        "dmean": 3.60823321342,
        "dmean2": 5.63440799713,
        "dvar": 48.4257087708,
        "dvar2": 107.254272461,
        "max": 264.086364746,
        "mean": 6.41136932373,
        "median": 2.62989354134,
        "min": -1.83441197872,
        "var": 194.472122192
    },
    "melbands_skewness": {
        "dmean": 0.532626986504,
        "dmean2": 0.81954151392,
        "dvar": 0.328909993172,
        "dvar2": 0.744203567505,
        "max": 12.8891305923,
        "mean": 1.71625697613,
        "median": 1.48878240585,
        "min": -2.54075145721,
        "var": 2.05359220505
    },
    "melbands_spread": {
        "dmean": 9.49554443359,
        "dmean2": 14.8745584488,
        "dvar": 127.198547363,
        "dvar2": 271.942504883,
        "max": 245.809951782,
        "mean": 43.5046463013,
        "median": 31.2354660034,
        "min": 0.837955415249,
        "var": 1399.25036621
    },
    "pitch_salience": {
        "dmean": 0.0606307163835,
        "dmean2": 0.0979486554861,
        "dvar": 0.00326399086043,
        "dvar2": 0.00809135567397,
        "max": 0.988941848278,
        "mean": 0.597366333008,
        "median": 0.600077986717,
        "min": 0.0875987708569,
        "var": 0.0169846136123
    },
    "silence_rate_20dB": {
        "dmean": 0,
        "dmean2": 0,
        "dvar": 0,
        "dvar2": 0,
        "max": 1,
        "mean": 1,
        "median": 1,
        "min": 1,
        "var": 0
    },
    "silence_rate_30dB": {
        "dmean": 0,
        "dmean2": 0,
        "dvar": 0,
        "dvar2": 0,
        "max": 1,
        "mean": 1,
        "median": 1,
        "min": 1,
        "var": 0
    },
    "silence_rate_60dB": {
        "dmean": 0.0395703800023,
        "dmean2": 0.0791497081518,
        "dvar": 0.038001794368,
        "dvar2": 0.0808078944683,
        "max": 1,
        "mean": 0.243952065706,
        "median": 0,
        "min": 0,
        "var": 0.184464633465
    },
    "spectral_centroid": {
        "dmean": 281.737182617,
        "dmean2": 440.659362793,
        "dvar": 96475.6328125,
        "dvar2": 211996.0625,
        "max": 11914.8076172,
        "mean": 2785.69702148,
        "median": 1901.4621582,
        "min": 267.3409729,
        "var": 8397406
    },
    "spectral_complexity": {
        "dmean": 2.95240259171,
        "dmean2": 4.5253276825,
        "dvar": 11.0687465668,
        "dvar2": 23.628911972,
        "max": 55,
        "mean": 16.7511863708,
        "median": 16,
        "min": 0,
        "var": 138.266433716
    },
    "spectral_decrease": {
        "dmean": 9.03684127529e-10,
        "dmean2": 1.33949418224e-09,
        "dvar": 1.49506050799e-18,
        "dvar2": 3.22188048001e-18,
        "max": 1.99945472743e-28,
        "mean": -3.30690785866e-09,
        "median": -2.5777866508e-09,
        "min": -1.96290326215e-08,
        "var": 9.38853469406e-18
    },
    "spectral_energy": {
        "dmean": 0.00372676784173,
        "dmean2": 0.00546166952699,
        "dvar": 2.42461992457e-05,
        "dvar2": 5.16259133292e-05,
        "max": 0.0772320181131,
        "mean": 0.0141461407766,
        "median": 0.0111464038491,
        "min": 9.89461331832e-21,
        "var": 0.00016502723156
    },
    "spectral_energyband_high": {
        "dmean": 0.000373519869754,
        "dmean2": 0.000506642158143,
        "dvar": 5.88059322126e-07,
        "dvar2": 1.03233730897e-06,
        "max": 0.0285929385573,
        "mean": 0.000944072147831,
        "median": 0.000408668827731,
        "min": 7.06105281565e-21,
        "var": 2.61990999206e-06
    },
    "spectral_energyband_low": {
        "dmean": 0.000689164444339,
        "dmean2": 0.00111377157737,
        "dvar": 2.66921097136e-06,
        "dvar2": 6.67893573336e-06,
        "max": 0.0200567822903,
        "mean": 0.000887152098585,
        "median": 0.000328024674673,
        "min": 1.11656666257e-23,
        "var": 2.82550831798e-06
    },
    "spectral_energyband_middle_high": {
        "dmean": 0.00151754938997,
        "dmean2": 0.00226981588639,
        "dvar": 6.49419143883e-06,
        "dvar2": 1.50178129843e-05,
        "max": 0.0563029684126,
        "mean": 0.00520714977756,
        "median": 0.00275666848756,
        "min": 1.10445110959e-21,
        "var": 4.28818857472e-05
    },
    "spectral_energyband_middle_low": {
        "dmean": 0.00288272113539,
        "dmean2": 0.00438114628196,
        "dvar": 1.92990937649e-05,
        "dvar2": 4.31112821389e-05,
        "max": 0.0735949203372,
        "mean": 0.00765539705753,
        "median": 0.0047707175836,
        "min": 1.27645015094e-22,
        "var": 8.31108918646e-05
    },
    "spectral_entropy": {
        "dmean": 0.136362060905,
        "dmean2": 0.187195822597,
        "dvar": 0.0225790403783,
        "dvar2": 0.0374887958169,
        "max": 9.83153152466,
        "mean": 7.86253595352,
        "median": 7.68335342407,
        "min": 5.50666093826,
        "var": 0.573440134525
    },
    "spectral_flux": {
        "dmean": 0.0144316982478,
        "dmean2": 0.0225659441203,
        "dvar": 0.000277336454019,
        "dvar2": 0.000656086893287,
        "max": 0.236457630992,
        "mean": 0.0595674477518,
        "median": 0.0593176819384,
        "min": 6.17438877804e-11,
        "var": 0.00143676251173
    },
    "spectral_kurtosis": {
        "dmean": 1.18134200573,
        "dmean2": 1.98689770699,
        "dvar": 2.22265553474,
        "dvar2": 6.28287267685,
        "max": 41.9789924622,
        "mean": 3.37093305588,
        "median": 3.30454611778,
        "min": -1.28729748726,
        "var": 8.60713672638
    },
    "spectral_rms": {
        "dmean": 0.000458175869426,
        "dmean2": 0.000653872906696,
        "dvar": 2.65705722313e-07,
        "dvar2": 5.23017945397e-07,
        "max": 0.00868034083396,
        "mean": 0.00319716543891,
        "median": 0.00329765677452,
        "min": 3.1069730122e-12,
        "var": 3.57923795491e-06
    },
    "spectral_rolloff": {
        "dmean": 595.331420898,
        "dmean2": 966.400024414,
        "dvar": 822981.75,
        "dvar2": 1656355.5,
        "max": 19702.8808594,
        "mean": 4159.43017578,
        "median": 2390.18554688,
        "min": 172.265625,
        "var": 27408780
    },
    "spectral_skewness": {
        "dmean": 0.172527104616,
        "dmean2": 0.277045994997,
        "dvar": 0.0301008764654,
        "dvar2": 0.0748625099659,
        "max": 3.89405560493,
        "mean": 1.19682216644,
        "median": 1.27645385265,
        "min": -0.244566306472,
        "var": 0.313718348742
    },
    "spectral_spread": {
        "dmean": 620994.0625,
        "dmean2": 847065.125,
        "dvar": 769034682368,
        "dvar2": 1.45886635622e+12,
        "max": 46403352,
        "mean": 8185642.5,
        "median": 4018742.5,
        "min": 959461.875,
        "var": 1.25840486564e+14
    },
    "spectral_strongpeak": {
        "dmean": 0.595374464989,
        "dmean2": 0.986354827881,
        "dvar": 0.972481489182,
        "dvar2": 2.47416305542,
        "max": 16.4683475494,
        "mean": 1.21554076672,
        "median": 0.761312007904,
        "min": 0,
        "var": 2.08661484718
    },
    "zerocrossingrate": {
        "dmean": 0.0127334035933,
        "dmean2": 0.0144528821111,
        "dvar": 0.000234236111282,
        "dvar2": 0.000250751938438,
        "max": 0.7939453125,
        "mean": 0.128877490759,
        "median": 0.08251953125,
        "min": 0.0107421875,
        "var": 0.0178696457297
    },
    "barkbands": {
        "dmean": [8.22215224616e-06, 0.000299465871649, 0.000336300348863, 0.000390433648136, 0.000540674198419, 0.000859173713252, 0.000882494845428, 0.00076677207835, 0.000575249316171, 0.000658553792164, 0.00049810326891, 0.000272926525213, 0.000146691294503, 0.000210091515328, 0.000235951054492, 0.000234710008954, 0.000333130185027, 0.000203175935894, 0.000193796979147, 0.000178890375537, 0.000133757814183, 6.18749327259e-05, 5.04388954141e-05, 4.29547872045e-05, 4.48912396678e-05, 3.43507308571e-05, 4.46959731448e-08],
        "dmean2": [1.24411253637e-05, 0.000500810041558, 0.000604802975431, 0.000652977614664, 0.000871773634572, 0.00132892513648, 0.00135454209521, 0.00118433265015, 0.000867858645506, 0.00102370115928, 0.000801939051598, 0.000417118630139, 0.00024031403882, 0.000349259062205, 0.000388736836612, 0.000375066272682, 0.000532676582225, 0.000326422654325, 0.000311541371047, 0.000276861159364, 0.000207547578611, 9.27801738726e-05, 7.05898492015e-05, 5.84171939408e-05, 5.84545450693e-05, 4.66064411739e-05, 7.63739720355e-08],
        "dvar": [1.90009466494e-10, 4.98974031871e-07, 9.96725589175e-07, 9.37501113185e-07, 1.49164259255e-06, 5.03440605826e-06, 5.50623872186e-06, 5.87877411817e-06, 3.28619239554e-06, 4.32774095316e-06, 2.09515201277e-06, 6.20605646873e-07, 1.16556833518e-07, 2.5243861046e-07, 3.55166378085e-07, 2.63080750074e-07, 6.6169747015e-07, 2.31796946082e-07, 1.82683479011e-07, 1.49264451466e-07, 1.18863844989e-07, 4.93539324964e-08, 2.36197745807e-08, 1.48256624755e-08, 1.18271055172e-08, 6.68332234e-09, 2.86058035712e-14],
        "dvar2": [4.06723432711e-10, 1.30103308038e-06, 2.8281615414e-06, 2.45275532507e-06, 3.19009564009e-06, 1.08256363092e-05, 1.23059526231e-05, 1.3540810869e-05, 7.04254989614e-06, 1.02465755845e-05, 5.2882496675e-06, 1.30820251343e-06, 2.89539997311e-07, 6.68667894388e-07, 1.01055502455e-06, 6.42382076421e-07, 1.62964727224e-06, 5.85018824495e-07, 4.46758775752e-07, 3.58919550081e-07, 2.67767205742e-07, 9.86297763461e-08, 4.61330031953e-08, 2.75061662336e-08, 1.95696827632e-08, 1.21434373668e-08, 7.42138962046e-14],
        "max": [0.000195746164536, 0.00957492273301, 0.0120279714465, 0.0221267305315, 0.0487517863512, 0.0705156698823, 0.0513613708317, 0.0582697205245, 0.0526747554541, 0.0602363236248, 0.0415316671133, 0.023352721706, 0.0100273797289, 0.0151046868414, 0.0194679666311, 0.0109823402017, 0.0276579409838, 0.014093988575, 0.0195922199637, 0.0118135139346, 0.012382899411, 0.0113934800029, 0.005982152652, 0.00431679515168, 0.00437706848606, 0.00111144769471, 3.83476071875e-06],
        "mean": [1.17656536531e-05, 0.000355475523975, 0.000306603615172, 0.000452558946563, 0.00103849649895, 0.00163289136253, 0.00160840677563, 0.00139828561805, 0.0009662656812, 0.00112277921289, 0.000854075246025, 0.0004515980836, 0.00024583452614, 0.000332847441314, 0.000410526350606, 0.000430722808233, 0.000640197948087, 0.000392698566429, 0.000405805389164, 0.000405254191719, 0.000268552917987, 0.000120163058455, 9.81050252449e-05, 8.20667337393e-05, 7.05838028807e-05, 4.35331712652e-05, 3.49265505406e-08],
        "median": [3.66302583643e-06, 0.000129034335259, 6.25946267974e-05, 0.000116456780233, 0.000390650297049, 0.000373353774194, 0.000292539363727, 0.000174157292349, 0.000204142474104, 0.000173037158675, 0.000136856615427, 9.45802530623e-05, 8.77170823514e-05, 0.000102854333818, 0.000145107100252, 0.000144840305438, 0.000174023705767, 0.000151934233145, 0.000179040478542, 0.000158562499564, 8.8581975433e-05, 3.56935124728e-05, 3.48902249243e-05, 2.46452982537e-05, 1.01944588096e-05, 2.16163198274e-06, 7.26592341849e-10],
        "min": [5.57942952595e-26, 1.20331452115e-24, 4.60380111756e-25, 2.41454176091e-25, 3.13443231067e-24, 3.75706207936e-24, 5.08570736987e-24, 5.15905723456e-24, 7.9879321622e-24, 7.69869788903e-24, 9.63832068379e-24, 1.57051083291e-23, 1.64667093569e-23, 2.30095359043e-23, 2.41004595387e-23, 4.2937818978e-23, 5.39817580552e-23, 6.02179685682e-23, 9.08532997809e-23, 1.40812542484e-22, 2.08601657233e-22, 2.79819868295e-22, 3.28557992183e-22, 4.93338665944e-22, 7.94941419835e-22, 1.03470782861e-21, 1.66994124061e-21],
        "var": [3.88874626944e-10, 4.79392440411e-07, 6.96250253895e-07, 1.01506407191e-06, 5.98137739871e-06, 1.65465462487e-05, 1.68685655808e-05, 1.78545597009e-05, 7.43777400203e-06, 1.10991277325e-05, 5.70488919038e-06, 1.53055475494e-06, 2.77338330079e-07, 4.6969904588e-07, 6.7725596864e-07, 6.68222639888e-07, 2.04952493732e-06, 5.10357267558e-07, 4.08172894595e-07, 4.5785338898e-07, 3.72487392042e-07, 1.60427163109e-07, 6.53384475413e-08, 4.27825632698e-08, 3.51635769391e-08, 1.15618492558e-08, 2.28226234433e-14]
    },
    "erbbands": {
        "dmean": [0.00545585528016, 0.0809578076005, 0.334061384201, 0.89462685585, 1.19902002811, 2.0946726799, 4.17855358124, 8.00668144226, 10.8611698151, 15.3645153046, 14.4545488358, 12.7034749985, 20.9188175201, 17.2960643768, 16.4056720734, 9.52507972717, 6.31122970581, 9.84854125977, 11.2033309937, 11.0593357086, 13.5084629059, 15.347240448, 10.2763395309, 12.1655292511, 6.86380672455, 7.4152097702, 7.64260005951, 3.45714497566, 2.36475753784, 1.86356568336, 1.42273509502, 0.956433475018, 0.710116446018, 0.406758636236, 0.386516392231, 0.247753471136, 0.0357173942029, 0.00114753236994, 3.71422502212e-05, 6.93742958902e-06],
        "dmean2": [0.00867443904281, 0.135684177279, 0.585933506489, 1.51512396336, 2.00374078751, 3.34953975677, 6.49912643433, 12.4185409546, 17.1193561554, 23.6249961853, 22.0983886719, 19.201253891, 31.843460083, 27.594379425, 26.035823822, 15.0679960251, 10.1558685303, 16.2885246277, 18.5922813416, 17.8666210175, 21.3067436218, 23.8984203339, 16.361114502, 19.6971054077, 10.9218273163, 11.3000278473, 11.6609010696, 5.32265090942, 3.57692146301, 2.73647713661, 1.98147022724, 1.30659627914, 0.975458085537, 0.541401386261, 0.510545194149, 0.335486382246, 0.0485953129828, 0.00153357512318, 4.86593708047e-05, 9.42730821407e-06],
        "dvar": [9.66559528024e-05, 0.0408866629004, 0.925294816494, 5.30071163177, 6.20475769043, 25.357635498, 166.201248169, 519.79864502, 874.200439453, 1837.82165527, 2016.60827637, 1687.56066895, 5194.2578125, 2894.05664062, 2299.37768555, 659.452575684, 210.544174194, 544.987426758, 931.035461426, 463.627990723, 845.862548828, 1248.21240234, 557.764221191, 779.493713379, 173.708602905, 226.386978149, 361.702178955, 119.709411621, 72.1261825562, 41.3862953186, 16.4002151489, 6.39549922943, 4.34549379349, 1.22354567051, 0.824864447117, 0.337507754564, 0.00752726849169, 7.62616309657e-06, 6.9759766852e-09, 9.1419989634e-11],
        "dvar2": [0.000239114102442, 0.105870999396, 2.55916619301, 14.1924057007, 16.9412174225, 54.4171142578, 358.887939453, 1176.22106934, 1995.83361816, 4314.75, 4622.46289062, 3714.38037109, 11503.3974609, 7324.07666016, 5822.22998047, 1621.94189453, 510.16809082, 1429.35974121, 2775.89233398, 1172.98376465, 2068.50830078, 2901.54248047, 1401.86743164, 1894.12487793, 405.943511963, 521.828430176, 827.969482422, 265.906768799, 147.60357666, 79.9881362915, 30.4643363953, 11.0429601669, 8.25511074066, 1.98059642315, 1.44734537601, 0.612016737461, 0.0138362022117, 1.34936108225e-05, 1.18901777313e-08, 1.59568164237e-10],
        "max": [0.145327627659, 2.62476301193, 12.3987522125, 46.6293983459, 48.4021987915, 182.152511597, 555.827026367, 901.543395996, 890.059082031, 1264.89221191, 1528.31201172, 1367.45849609, 2213.07763672, 2003.71398926, 1457.98156738, 663.569213867, 437.137145996, 719.743530273, 1054.66711426, 345.496459961, 599.589477539, 1297.38366699, 777.437194824, 975.788574219, 381.84866333, 450.881530762, 588.782714844, 526.677124023, 476.209625244, 283.32711792, 146.677200317, 99.9340667725, 79.2553482056, 54.5716438293, 30.9350242615, 7.59839963913, 1.61389708519, 0.0396962873638, 0.00119574775454, 0.0001304060861],
        "mean": [0.00776137365028, 0.0891439989209, 0.328050404787, 0.99931114912, 1.69053733349, 3.95725369453, 8.46875858307, 14.9883813858, 20.3903827667, 29.6979389191, 26.5099830627, 22.8228912354, 37.165851593, 30.2510871887, 33.70079422, 17.4413108826, 11.7751064301, 16.8934726715, 20.1964244843, 21.6329612732, 27.9771842957, 31.4485607147, 22.1077785492, 25.2389240265, 16.3111991882, 17.7399730682, 16.9299621582, 6.87287044525, 4.47419023514, 3.44284677505, 2.7655069828, 1.88377010822, 1.28278625011, 0.69944858551, 0.556508481503, 0.319619596004, 0.044847086072, 0.00145186600275, 5.70974916627e-05, 2.26599149755e-05],
        "median": [0.00270540360361, 0.0298690982163, 0.0839816480875, 0.274231284857, 0.721887886524, 1.33947086334, 1.94852542877, 3.52120995522, 4.8133225441, 5.31001758575, 4.94125175476, 5.78489685059, 5.9537115097, 6.79125213623, 5.61127519608, 4.27800798416, 4.72215843201, 6.1282453537, 7.70656776428, 8.9531879425, 9.6333732605, 9.53936481476, 9.34790325165, 10.4649372101, 7.81912231445, 7.26618909836, 5.88420057297, 2.23745131493, 1.2757101059, 1.1199542284, 0.991983890533, 0.65195941925, 0.32500448823, 0.128983795643, 0.0629747286439, 0.0190258547664, 0.00180081254803, 5.34458013135e-05, 1.4352508515e-05, 1.75042350747e-05],
        "min": [2.69593119696e-23, 2.8327942095e-22, 1.15191433328e-21, 1.25206124757e-21, 4.2618950293e-21, 1.26880975666e-20, 3.48191888396e-20, 3.15466264606e-20, 7.06417929987e-20, 1.03253013832e-19, 1.59083091063e-19, 1.72367495378e-19, 3.0932736954e-19, 4.7154480304e-19, 6.67493550396e-19, 9.10300683586e-19, 1.3951026586e-18, 1.67810989069e-18, 1.66394618045e-18, 2.05989810094e-18, 2.93063432224e-18, 3.78364034069e-18, 3.11739805607e-18, 5.52873914309e-18, 6.73340031946e-18, 6.75132615052e-18, 6.35073498757e-18, 8.46228183236e-18, 9.23176907873e-18, 9.81559977252e-18, 9.67071908823e-18, 9.61462052627e-18, 8.81257379663e-18, 7.51918591903e-18, 5.45861656103e-18, 3.74385626195e-18, 1.86798454741e-18, 8.04476676088e-19, 2.0969058255e-19, 2.47916886328e-20],
        "var": [0.000156268724822, 0.0362696796656, 0.683455109596, 5.1207985878, 7.81419992447, 109.878479004, 632.61505127, 1717.40759277, 2549.28588867, 5857.02929688, 5942.75732422, 3774.59033203, 14320.4785156, 6093.41210938, 10131.3759766, 1663.74560547, 536.565856934, 1086.2923584, 1618.25024414, 1142.18127441, 2619.39013672, 4076.03344727, 1381.83740234, 1734.59594727, 576.829589844, 814.4140625, 1161.84326172, 328.663909912, 216.893447876, 129.538726807, 47.7844467163, 19.074180603, 12.4893121719, 4.14599895477, 2.07850193977, 0.599787116051, 0.012687811628, 1.33535995701e-05, 1.35250850519e-08, 4.36838815121e-10]
    },
    "gfcc": {
        "mean": [-143.153945923, 66.045425415, -134.670639038, 29.5567760468, -67.9214019775, 4.81923818588, -41.785533905, 12.0419282913, -23.638835907, 1.93749475479, -12.4764471054, -2.06989955902, -4.38347816467],
        "cov": [[122347.234375, 6989.09472656, -15330.6191406, 3573.87915039, -8044.95996094, 682.142150879, -4810.64160156, 1812.00927734, -2977.57495117, 450.040313721, -1710.4239502, -139.014266968, -737.06262207], [6989.09472656, 1424.43078613, -1136.83984375, 297.611755371, -477.484893799, -95.4473800659, -229.761917114, -12.7769088745, -92.9662399292, -88.0742416382, 66.5193405151, -111.855987549, 69.0358963013], [-15330.6191406, -1136.83984375, 3314.46777344, -153.884094238, 1158.76647949, 36.9944458008, 595.083129883, -159.083435059, 227.395782471, 109.1668396, 58.3924446106, 120.973205566, -49.4885597229], [3573.87915039, 297.611755371, -153.884094238, 549.483459473, -155.539520264, -13.9203739166, -139.121627808, 11.2135152817, -82.8115081787, 33.8767814636, -72.3053207397, -24.4334812164, -17.8232364655], [-8044.95996094, -477.484893799, 1158.76647949, -155.539520264, 754.274047852, 42.7214012146, 336.718109131, -75.5057830811, 188.683303833, 3.14623808861, 47.9624443054, 27.7678031921, -0.368314921856], [682.142150879, -95.4473800659, 36.9944458008, -13.9203739166, 42.7214012146, 261.614379883, 49.2389640808, 26.3786048889, -66.0223693848, 21.0072212219, -74.1123199463, 13.3010540009, -61.9323272705], [-4810.64160156, -229.761917114, 595.083129883, -139.121627808, 336.718109131, 49.2389640808, 386.961151123, -29.1390094757, 107.218002319, -19.6731204987, 84.3520126343, -14.8381853104, 31.6635570526], [1812.00927734, -12.7769088745, -159.083435059, 11.2135152817, -75.5057830811, 26.3786048889, -29.1390094757, 160.991531372, -10.3322696686, 30.106803894, -39.376121521, 15.8182220459, -31.9453926086], [-2977.57495117, -92.9662399292, 227.395782471, -82.8115081787, 188.683303833, -66.0223693848, 107.218002319, -10.3322696686, 191.816894531, -7.88585281372, 80.0095596313, -17.9112663269, 40.369468689], [450.040313721, -88.0742416382, 109.1668396, 33.8767814636, 3.14623808861, 21.0072212219, -19.6731204987, 30.106803894, -7.88585281372, 105.082168579, -19.4177303314, 25.9071502686, -38.5003623962], [-1710.4239502, 66.5193405151, 58.3924446106, -72.3053207397, 47.9624443054, -74.1123199463, 84.3520126343, -39.376121521, 80.0095596313, -19.4177303314, 169.343429565, 6.27335071564, 50.5748558044], [-139.014266968, -111.855987549, 120.973205566, -24.4334812164, 27.7678031921, 13.3010540009, -14.8381853104, 15.8182220459, -17.9112663269, 25.9071502686, 6.27335071564, 96.947593689, 1.83238053322], [-737.06262207, 69.0358963013, -49.4885597229, -17.8232364655, -0.368314921856, -61.9323272705, 31.6635570526, -31.9453926086, 40.369468689, -38.5003623962, 50.5748558044, 1.83238053322, 113.279891968]],
        "icov": [[0.00026270354283, -0.000456417677924, 0.000480820221128, -0.000588826020248, 0.000967939908151, -0.000477325578686, 0.000642028753646, -0.00134620873723, 0.00108526879922, -0.000816464133095, 0.000600524013862, -0.000419143034378, 0.000362374616088], [-0.000456417677924, 0.00215021451004, -0.000562075176276, 0.00038992028567, -0.00162153632846, 0.000764253840316, -0.000775528897066, 0.0023000438232, -0.0013690184569, 0.00193070212845, -0.00226404797286, 0.00188936525956, -0.00106205348857], [0.000480820221128, -0.000562075176276, 0.00177941203583, -0.00134431244805, 0.000802147842478, -0.000400276330765, 0.000497267697938, -0.00187227420975, 0.00222607795149, -0.00210004928522, 0.00123037293088, -0.00143981876317, 0.00112060690299], [-0.000588826020248, 0.00038992028567, -0.00134431244805, 0.00384274194948, -0.00206818641163, 0.0012808246538, -0.000964648206718, 0.00296824192628, -0.00194960308727, 0.000769276928622, -0.000383028003853, 0.00151691993233, -0.00114862120245], [0.000967939908151, -0.00162153632846, 0.000802147842478, -0.00206818641163, 0.00818071886897, -0.0023742960766, 0.00063423049869, -0.00369652337395, 0.000615603232291, -0.00194910017308, 0.00360846356489, -0.00296610384248, 0.00237513729371], [-0.000477325578686, 0.000764253840316, -0.000400276330765, 0.0012808246538, -0.0023742960766, 0.00689267506823, -0.00335036870092, 0.00260652462021, -0.0001883366931, 0.00101313332561, 0.00122945162002, -0.000602424785029, 0.0017596159596], [0.000642028753646, -0.000775528897066, 0.000497267697938, -0.000964648206718, 0.00063423049869, -0.00335036870092, 0.0081702824682, -0.00501079205424, 0.00334625458345, -0.00135261355899, -0.00203144480474, 0.00264963926747, -0.00159906211775], [-0.00134620873723, 0.0023000438232, -0.00187227420975, 0.00296824192628, -0.00369652337395, 0.00260652462021, -0.00501079205424, 0.0155484583229, -0.00809985771775, 0.00269670039415, -0.000307381385937, -0.00100432441104, 0.000643067236524], [0.00108526879922, -0.0013690184569, 0.00222607795149, -0.00194960308727, 0.000615603232291, -0.0001883366931, 0.00334625458345, -0.00809985771775, 0.0160039942712, -0.00481747882441, -0.00171194388531, 0.00277180713601, -0.00138021202292], [-0.000816464133095, 0.00193070212845, -0.00210004928522, 0.000769276928622, -0.00194910017308, 0.00101313332561, -0.00135261355899, 0.00269670039415, -0.00481747882441, 0.0158943012357, -0.00226887408644, -0.0013954564929, 0.00255503086373], [0.000600524013862, -0.00226404797286, 0.00123037293088, -0.000383028003853, 0.00360846356489, 0.00122945162002, -0.00203144480474, -0.000307381385937, -0.00171194388531, -0.00226887408644, 0.0131894191727, -0.00542764924467, 0.000967625412159], [-0.000419143034378, 0.00188936525956, -0.00143981876317, 0.00151691993233, -0.00296610384248, -0.000602424785029, 0.00264963926747, -0.00100432441104, 0.00277180713601, -0.0013954564929, -0.00542764924467, 0.01690396294, -0.00494406605139], [0.000362374616088, -0.00106205348857, 0.00112060690299, -0.00114862120245, 0.00237513729371, 0.0017596159596, -0.00159906211775, 0.000643067236524, -0.00138021202292, 0.00255503086373, 0.000967625412159, -0.00494406605139, 0.0147478468716]]
    },
    "melbands": {
        "dmean": [6.51280133752e-05, 0.000147791113704, 0.000163510674611, 0.00010088122508, 0.000136796355946, 0.000177993177203, 0.00017104537983, 0.000170697050635, 0.000114469345135, 8.31857541925e-05, 0.000106192608655, 7.03349069227e-05, 6.02847103437e-05, 3.34782671416e-05, 1.73889820871e-05, 1.56470523507e-05, 2.06936147151e-05, 1.83728261618e-05, 1.7538519387e-05, 1.81191098818e-05, 1.8107568394e-05, 1.97102308448e-05, 1.16916417028e-05, 9.92480181594e-06, 1.13500418593e-05, 5.64255833524e-06, 5.15956162417e-06, 5.84099643675e-06, 6.17299838268e-06, 3.47634704667e-06, 1.76580283551e-06, 1.4090348941e-06, 1.24981238514e-06, 1.05616948076e-06, 8.8044862423e-07, 7.52641540203e-07, 5.70733504901e-07, 5.32436047251e-07, 4.45823218342e-07, 3.40007602517e-07],
        "dmean2": [0.000106936997327, 0.000250583572779, 0.00027391751064, 0.000164296943694, 0.000213137434912, 0.000275754660834, 0.000267049326794, 0.000262606103206, 0.000174213884748, 0.000125599573948, 0.000161318210303, 0.000112327259558, 9.6028255939e-05, 5.26822768734e-05, 2.77088929579e-05, 2.56763578363e-05, 3.44603722624e-05, 3.07678674289e-05, 2.87018101517e-05, 2.91259530059e-05, 2.86802733171e-05, 3.09298811771e-05, 1.8793869458e-05, 1.60420531756e-05, 1.84324107977e-05, 9.05027991394e-06, 8.30944190966e-06, 8.98487178347e-06, 9.49701279751e-06, 5.54542748432e-06, 2.74303829428e-06, 2.1775397272e-06, 1.91118056136e-06, 1.56615158176e-06, 1.26935412936e-06, 1.07002040295e-06, 8.07077867648e-07, 7.51146671973e-07, 6.20862351752e-07, 4.70058949986e-07],
        "dvar": [1.87279862729e-08, 1.60745287303e-07, 1.56430559173e-07, 3.87908833943e-08, 1.44401440139e-07, 2.29904031812e-07, 1.95573647943e-07, 2.32595368743e-07, 1.22865941421e-07, 7.20904580476e-08, 1.31679897208e-07, 4.80342485787e-08, 3.19900799184e-08, 9.34743304981e-09, 1.87843074428e-09, 1.3173482305e-09, 2.63120991661e-09, 2.17722773144e-09, 1.63500424311e-09, 1.51798429382e-09, 1.7991228507e-09, 2.55907428581e-09, 8.21182455368e-10, 7.88429432852e-10, 7.14487136122e-10, 1.58821886198e-10, 1.05552587504e-10, 1.75404218927e-10, 2.56911991681e-10, 8.84868497919e-11, 3.36039425453e-11, 2.28942993036e-11, 2.97128953386e-11, 1.200203565e-11, 7.04749149663e-12, 4.05038329265e-12, 2.41352380789e-12, 2.52911103518e-12, 2.91514707339e-12, 9.64610119211e-13],
        "dvar2": [4.77434731749e-08, 4.26395246222e-07, 4.16101812561e-07, 9.20406151295e-08, 3.1253514976e-07, 5.13311249506e-07, 4.46779267804e-07, 5.50299205315e-07, 2.76369831909e-07, 1.573527868e-07, 2.91795572593e-07, 1.21422232269e-07, 8.19749956804e-08, 2.02377297143e-08, 4.37749081428e-09, 3.30767990775e-09, 6.91786450346e-09, 6.41336095342e-09, 4.29337010388e-09, 3.77043685162e-09, 4.48998527247e-09, 6.00195049216e-09, 2.11545780893e-09, 2.06724259932e-09, 1.74388559149e-09, 3.82867154647e-10, 2.50412190983e-10, 4.122270858e-10, 6.06428574024e-10, 2.11193590394e-10, 7.26156357267e-11, 4.50115465733e-11, 7.0855842027e-11, 2.40192900292e-11, 1.35592734957e-11, 8.58360604816e-12, 4.24084769038e-12, 5.06574469872e-12, 6.55084059914e-12, 1.80151748554e-12],
        "max": [0.00196681381203, 0.00522955786437, 0.00854550581425, 0.0067924153991, 0.0146712595597, 0.0174082517624, 0.0123418634757, 0.0119454432279, 0.0113206906244, 0.00744395563379, 0.0112101007253, 0.00823532789946, 0.00650316849351, 0.00322241522372, 0.0014419144718, 0.000955926196184, 0.00165533227846, 0.00146978115663, 0.00114888034295, 0.000949007633608, 0.00114606390707, 0.00194867746904, 0.000775796885137, 0.00103075476363, 0.000935047573876, 0.000601772160735, 0.00033398452797, 0.000433414446888, 0.000508831581101, 0.000418200186687, 0.000265546957962, 0.00026934343623, 0.000271660857834, 0.000147682541865, 0.000108663640276, 7.88885372458e-05, 6.60603836877e-05, 5.27344127477e-05, 0.000116705523396, 4.21120348619e-05],
        "mean": [8.42481385916e-05, 0.000156278183567, 0.000197349261725, 0.000179111331818, 0.000283847708488, 0.000336736819008, 0.000320972059853, 0.000327833113261, 0.000202131268452, 0.000144147270476, 0.00018397605163, 0.000117664785648, 0.000112873429316, 6.32701485301e-05, 2.932334246e-05, 2.6135774533e-05, 3.25946093653e-05, 3.07213558699e-05, 3.04182995023e-05, 3.18568563671e-05, 3.42618986906e-05, 3.686574928e-05, 2.21146583499e-05, 1.87546283996e-05, 2.14614374272e-05, 1.16374885692e-05, 1.08404792627e-05, 1.24910138766e-05, 1.25172200569e-05, 6.67717631586e-06, 3.00591682389e-06, 2.56608632299e-06, 2.13734483623e-06, 1.80508209269e-06, 1.60567947205e-06, 1.38637187774e-06, 1.05837091269e-06, 9.20335480714e-07, 7.42593897485e-07, 5.42642908385e-07],
        "median": [3.09864335577e-05, 4.6679208026e-05, 6.34064199403e-05, 7.61444171076e-05, 7.21504766261e-05, 7.74486834416e-05, 6.99531519786e-05, 5.0430855481e-05, 3.35686418111e-05, 3.04946752294e-05, 2.54169535765e-05, 2.359778955e-05, 1.82403564395e-05, 1.13826481538e-05, 8.41109977046e-06, 9.08579477255e-06, 1.01534988062e-05, 1.05831131805e-05, 1.07647229015e-05, 1.10037362901e-05, 1.01566820376e-05, 9.54109964368e-06, 7.54796928959e-06, 7.21503147361e-06, 8.12318012322e-06, 5.20258436154e-06, 4.77472531202e-06, 4.55886038253e-06, 3.84887835025e-06, 2.11172391573e-06, 8.07105720924e-07, 7.0496457738e-07, 6.09704102317e-07, 5.62899344914e-07, 5.56399413654e-07, 4.84451447846e-07, 3.43382225765e-07, 2.34963877688e-07, 1.49853121911e-07, 8.75474484019e-08],
        "min": [6.19557155464e-25, 4.82600647126e-25, 4.1291864052e-25, 5.26124223331e-25, 9.00910806806e-25, 7.03725162785e-25, 1.07570128137e-24, 1.22831115665e-24, 1.02256903422e-24, 1.20675671571e-24, 1.44217627844e-24, 1.78937338853e-24, 1.49423597059e-24, 1.57313902162e-24, 2.47798486384e-24, 1.4109724909e-24, 2.19938956326e-24, 2.1350924691e-24, 2.35867517395e-24, 2.68106231274e-24, 2.12012186127e-24, 2.88380114311e-24, 2.572611096e-24, 3.01367289166e-24, 3.27659865364e-24, 3.39573656907e-24, 2.3006134336e-24, 3.83320135621e-24, 3.55224736153e-24, 4.25963589575e-24, 4.32406611018e-24, 3.21365662531e-24, 4.74371841809e-24, 3.38245372915e-24, 4.44425537998e-24, 4.28867702111e-24, 4.96438174594e-24, 5.2971406307e-24, 5.62723237674e-24, 5.12589549426e-24],
        "var": [2.1828382657e-08, 1.31973521889e-07, 1.62965037021e-07, 1.33272934022e-07, 5.91962702856e-07, 7.66882635617e-07, 5.86522162394e-07, 7.54574443818e-07, 3.60763863227e-07, 1.71115985381e-07, 3.61960729833e-07, 1.00131479996e-07, 1.01858582013e-07, 3.16055199789e-08, 4.57265514342e-09, 3.10522052516e-09, 4.88831908285e-09, 3.6955980498e-09, 3.29403504473e-09, 3.34798833102e-09, 5.20878495891e-09, 7.74626052191e-09, 2.02753080991e-09, 1.52378787366e-09, 1.4454214492e-09, 3.62733260095e-10, 3.01714708772e-10, 5.39884692508e-10, 6.69304722756e-10, 2.48130266334e-10, 8.74392711014e-11, 7.02070485081e-11, 6.87113976827e-11, 3.32629999933e-11, 1.90427708324e-11, 9.32800364728e-12, 6.94496803816e-12, 6.4441225793e-12, 5.98671633101e-12, 2.70157117163e-12]
    },
    "mfcc": {
        "mean": [-705.930786133, 86.1865921021, -18.3063831329, 16.8993225098, -6.97544670105, -8.46834850311, -7.11112213135, -1.6615960598, -4.17746114731, 1.62455368042, -7.78779411316, 0.165713131428, -1.81204473972],
        "cov": [[26944.1113281, 3839.12304688, -922.514099121, 907.360656738, -503.533172607, -566.183837891, -201.67048645, 0.95341694355, -69.1351776123, 217.136322021, -409.476959229, 44.7113609314, 14.2138299942], [3839.12304688, 1555.39587402, -217.231048584, 210.999572754, -72.4217910767, -108.264724731, -49.3625984192, -9.40038490295, -95.0648422241, 36.6246833801, -89.9725418091, 4.25310134888, -18.9658794403], [-922.514099121, -217.231048584, 889.06817627, 237.64932251, 147.734695435, 146.973464966, 94.2209091187, -22.7744026184, 2.79914617538, -19.9156093597, 32.3005104065, 10.825170517, -28.3832263947], [907.360656738, 210.999572754, 237.64932251, 506.834472656, 87.9001541138, 15.7266111374, -10.0132522583, -44.0296478271, 9.57797718048, -1.65231740475, -44.584777832, 58.5918922424, 0.682675182819], [-503.533172607, -72.4217910767, 147.734695435, 87.9001541138, 234.884658813, 69.7901000977, -18.258682251, 7.49092245102, 33.8581199646, -17.0317211151, 30.5794906616, 1.94742035866, -0.79819637537], [-566.183837891, -108.264724731, 146.973464966, 15.7266111374, 69.7901000977, 238.770294189, 88.2272720337, 19.6592330933, 37.6203804016, -18.6691627502, 57.3495063782, -28.5673503876, -27.7911701202], [-201.67048645, -49.3625984192, 94.2209091187, -10.0132522583, -18.258682251, 88.2272720337, 172.198516846, 54.2399749756, 22.8641281128, 16.9291954041, 22.2773323059, -9.99007320404, -2.78203105927], [0.95341694355, -9.40038490295, -22.7744026184, -44.0296478271, 7.49092245102, 19.6592330933, 54.2399749756, 108.558334351, 33.6207427979, 11.9332942963, 17.3094463348, -12.5166959763, 18.3669147491], [-69.1351776123, -95.0648422241, 2.79914617538, 9.57797718048, 33.8581199646, 37.6203804016, 22.8641281128, 33.6207427979, 118.132446289, 29.1878051758, 12.196398735, -8.34950256348, -11.5531387329], [217.136322021, 36.6246833801, -19.9156093597, -1.65231740475, -17.0317211151, -18.6691627502, 16.9291954041, 11.9332942963, 29.1878051758, 100.675201416, 16.0367603302, 4.2101855278, -1.05967700481], [-409.476959229, -89.9725418091, 32.3005104065, -44.584777832, 30.5794906616, 57.3495063782, 22.2773323059, 17.3094463348, 12.196398735, 16.0367603302, 100.478218079, 10.8062200546, 8.09094429016], [44.7113609314, 4.25310134888, 10.825170517, 58.5918922424, 1.94742035866, -28.5673503876, -9.99007320404, -12.5166959763, -8.34950256348, 4.2101855278, 10.8062200546, 88.4997634888, 34.0341148376], [14.2138299942, -18.9658794403, -28.3832263947, 0.682675182819, -0.79819637537, -27.7911701202, -2.78203105927, 18.3669147491, -11.5531387329, -1.05967700481, 8.09094429016, 34.0341148376, 98.6489562988]],
