{
"lowlevel": {
    "average_loudness": 0.77264302969,
    "barkbands_crest": {
        "dmean": 2.60296702385,
        "dmean2": 4.11433506012,
        "dvar": 5.6555147171,
        "dvar2": 13.8050041199,
        "max": 26.3869953156,
        "mean": 11.0743131638,
        "median": 10.2545442581,
        "min": 2.73128294945,
        "var": 21.2155456543
    },
    "barkbands_flatness_db": {
        "dmean": 0.0200697630644,
        "dmean2": 0.0304679423571,
        "dvar": 0.000348986795871,
        "dvar2": 0.000758386508096,
        "max": 0.489057391882,
        "mean": 0.190919011831,
        "median": 0.186279386282,
        "min": 0.0510017983615,
        "var": 0.00260206614621
    },
    "barkbands_kurtosis": {
        "dmean": 3.43108201027,
        "dmean2": 5.20517253876,
        "dvar": 113.273361206,
        "dvar2": 242.087646484,
        "max": 528.585571289,
        "mean": 5.62702894211,
        "median": 1.56595420837,
        "min": -1.96223437786,
        "var": 298.202514648
    },
    "barkbands_skewness": {
        "dmean": 0.537002801895,
        "dmean2": 0.785675108433,
        "dvar": 0.347167402506,
        "dvar2": 0.706794977188,
        "max": 15.8490667343,
        "mean": 1.47170948982,
        "median": 1.26678097248,
        "min": -4.84625387192,
        "var": 2.17315530777
    },
    "barkbands_spread": {
        "dmean": 4.01234388351,
        "dmean2": 5.94085264206,
        "dvar": 33.7083625793,
        "dvar2": 60.3620033264,
        "max": 118.627227783,
        "mean": 15.3553266525,
        "median": 13.0973711014,
        "min": 0.117678508162,
        "var": 142.063308716
    },
    "dissonance": {
        "dmean": 0.0237389784306,
        "dmean2": 0.039550229907,
        "dvar": 0.000529218406882,
        "dvar2": 0.00143325689714,
        "max": 0.500000119209,
        "mean": 0.44748494029,
        "median": 0.4556171,
        "min": 0.214245632291,
        "var": 0.00153773953207
    },
    "dynamic_complexity": 3.88632059097,
    "erbbands_crest": {
        "dmean": 3.07412934303,
        "dmean2": 4.8935303688,
        "dvar": 7.9677696228,
        "dvar2": 19.3533039093,
        "max": 32.802318573,
        "mean": 11.1648216248,
        "median": 10.1040802002,
        "min": 2.45720243454,
        "var": 23.9296245575
    },
    "erbbands_flatness_db": {
        "dmean": 0.0172266699374,
        "dmean2": 0.0249955672771,
        "dvar": 0.000254938320722,
        "dvar2": 0.000508906203322,
        "max": 0.445836633444,
        "mean": 0.233362853527,
        "median": 0.232969194651,
        "min": 0.0674236863852,
        "var": 0.00187372916844
    },
    "erbbands_kurtosis": {
        "dmean": 1.42956626415,
        "dmean2": 2.22566699982,
        "dvar": 8.26545333862,
        "dvar2": 17.1382751465,
        "max": 132.798309326,
        "mean": 1.19056117535,
        "median": -0.0328953266144,
        "min": -1.91071629524,
        "var": 24.8187561035
    },
    "erbbands_skewness": {
        "dmean": 0.437655597925,
        "dmean2": 0.646271467209,
        "dvar": 0.174081534147,
        "dvar2": 0.348868072033,
        "max": 8.15959072113,
        "mean": 0.539770245552,
        "median": 0.486522465944,
        "min": -4.17925167084,
        "var": 1.10584175587
    },
    "erbbands_spread": {
        "dmean": 6.32193422318,
        "dmean2": 9.62923812866,
        "dvar": 57.9415473938,
        "dvar2": 120.750457764,
        "max": 137.17779541,
        "mean": 27.7200450897,
        "median": 25.1963977814,
        "min": 0.842478096485,
        "var": 231.576370239
    },
    "hfc": {
        "dmean": 5.39907217026,
        "dmean2": 7.72900724411,
        "dvar": 70.3204956055,
        "dvar2": 141.543563843,
        "max": 157.155670166,
        "mean": 16.9699802399,
        "median": 9.7913274765,
        "min": 1.16400948443e-16,
        "var": 339.42074585
    },
    "melbands_crest": {
        "dmean": 2.86707615852,
        "dmean2": 4.52707242966,
        "dvar": 7.21780490875,
        "dvar2": 17.7597999573,
        "max": 39.4516410828,
        "mean": 13.1169271469,
        "median": 12.4308547974,
        "min": 1.00343060493,
        "var": 24.202671051
    },
    "melbands_flatness_db": {
        "dmean": 0.0220539495349,
        "dmean2": 0.0315086692572,
        "dvar": 0.000457158370409,
        "dvar2": 0.000906855566427,
        "max": 0.585467100143,
        "mean": 0.225746318698,
        "median": 0.219669237733,
        "min": 3.79661855732e-07,
        "var": 0.00493979500607
    },
    "melbands_kurtosis": {
        "dmean": 4.97380447388,
        "dmean2": 7.59018087387,
        "dvar": 91.3681488037,
        "dvar2": 205.113998413,
        "max": 270.361846924,
        "mean": 9.87665367126,
        "median": 4.93246889114,
        "min": -1.83931267262,
        "var": 264.500457764
    },
    "melbands_skewness": {
        "dmean": 0.595111846924,
        "dmean2": 0.884510338306,
        "dvar": 0.39851719141,
        "dvar2": 0.863002061844,
        "max": 13.9646816254,
        "mean": 2.07402467728,
        "median": 1.88491427898,
        "min": -2.26420140266,
        "var": 2.06168794632
    },
    "melbands_spread": {
        "dmean": 6.15590858459,
        "dmean2": 8.89357089996,
        "dvar": 92.2335128784,
        "dvar2": 154.448135376,
        "max": 226.093414307,
        "mean": 21.4553089142,
        "median": 16.9165534973,
        "min": 0.363837510347,
        "var": 404.486999512
    },
    "pitch_salience": {
        "dmean": 0.0635858848691,
        "dmean2": 0.100668236613,
        "dvar": 0.00325622805394,
        "dvar2": 0.00769465137273,
        "max": 0.99765086174,
        "mean": 0.538228869438,
        "median": 0.540436804295,
        "min": 0.0291825179011,
        "var": 0.0126491868868
    },
    "silence_rate_20dB": {
        "dmean": 0,
        "dmean2": 0,
        "dvar": 0,
        "dvar2": 0,
        "max": 1,
        "mean": 1,
        "median": 1,
        "min": 1,
        "var": 0
    },
    "silence_rate_30dB": {
        "dmean": 0,
        "dmean2": 0,
        "dvar": 0,
        "dvar2": 0,
        "max": 1,
        "mean": 1,
        "median": 1,
        "min": 1,
        "var": 0
    },
    "silence_rate_60dB": {
        "dmean": 0.0403649434447,
        "dmean2": 0.0807410478592,
        "dvar": 0.0387373156846,
        "dvar2": 0.0858420282602,
        "max": 1,
        "mean": 0.130753278732,
        "median": 0,
        "min": 0,
        "var": 0.113652586937
    },
    "spectral_centroid": {
        "dmean": 209.333068848,
        "dmean2": 300.333831787,
        "dvar": 69992.328125,
        "dvar2": 119220.070312,
        "max": 11236.4560547,
        "mean": 1185.19824219,
        "median": 1033.93896484,
        "min": 206.978179932,
        "var": 504280.1875
    },
    "spectral_complexity": {
        "dmean": 2.38125514984,
        "dmean2": 3.6778652668,
        "dvar": 6.22199010849,
        "dvar2": 13.0344076157,
        "max": 53,
        "mean": 14.8865242004,
        "median": 14,
        "min": 0,
        "var": 77.9049911499
    },
    "spectral_decrease": {
        "dmean": 1.18206933131e-09,
        "dmean2": 1.77580949945e-09,
        "dvar": 2.40962137853e-18,
        "dvar2": 5.34822310443e-18,
        "max": 5.34311225954e-29,
        "mean": -4.20130019663e-09,
        "median": -3.33452909729e-09,
        "min": -2.39539783564e-08,
        "var": 1.24416318652e-17
    },
    "spectral_energy": {
        "dmean": 0.00486679840833,
        "dmean2": 0.00728970626369,
        "dvar": 4.03996746172e-05,
        "dvar2": 8.95959383342e-05,
        "max": 0.0921475887299,
        "mean": 0.0173958670348,
        "median": 0.0138361379504,
        "min": 1.06833243778e-20,
        "var": 0.000213097126107
    },
    "spectral_energyband_high": {
        "dmean": 0.000172663290869,
        "dmean2": 0.000229187862715,
        "dvar": 4.01096997393e-07,
        "dvar2": 6.09339110724e-07,
        "max": 0.0191895589232,
        "mean": 0.000350257469108,
        "median": 6.60229488858e-05,
        "min": 7.69519015275e-21,
        "var": 1.18174500585e-06
    },
    "spectral_energyband_low": {
        "dmean": 0.000221358495764,
        "dmean2": 0.000332919880748,
        "dvar": 2.44284223072e-07,
        "dvar2": 5.00750957144e-07,
        "max": 0.020015290007,
        "mean": 0.000743599433918,
        "median": 0.000253595702816,
        "min": 7.95566854004e-23,
        "var": 1.71890155798e-06
    },
    "spectral_energyband_middle_high": {
        "dmean": 0.00229837419465,
        "dmean2": 0.00342841609381,
        "dvar": 1.84438267752e-05,
        "dvar2": 4.26067781518e-05,
        "max": 0.0707747638226,
        "mean": 0.00612467667088,
        "median": 0.00242218188941,
        "min": 1.26710882613e-21,
        "var": 7.30422252673e-05
    },
    "spectral_energyband_middle_low": {
        "dmean": 0.00369807030074,
        "dmean2": 0.00549363717437,
        "dvar": 2.67293671641e-05,
        "dvar2": 5.79387051403e-05,
        "max": 0.0920648053288,
        "mean": 0.0107248099521,
        "median": 0.00749068614095,
        "min": 2.88958436918e-22,
        "var": 0.000108549502329
    },
    "spectral_entropy": {
        "dmean": 0.169129535556,
        "dmean2": 0.242586180568,
        "dvar": 0.0298646017909,
        "dvar2": 0.0561365224421,
        "max": 9.81238746643,
        "mean": 6.98713922501,
        "median": 6.9830160141,
        "min": 4.16183757782,
        "var": 0.300863176584
    },
    "spectral_flux": {
        "dmean": 0.016186401248,
        "dmean2": 0.0265955235809,
        "dvar": 0.000301253632642,
        "dvar2": 0.000790765858255,
        "max": 0.226484283805,
        "mean": 0.0600995272398,
        "median": 0.0545416474342,
        "min": 6.74902425613e-11,
        "var": 0.00122919154819
    },
    "spectral_kurtosis": {
        "dmean": 3.9031226635,
        "dmean2": 6.69695854187,
        "dvar": 17.734582901,
        "dvar2": 48.8524551392,
        "max": 88.7260971069,
        "mean": 8.30649471283,
        "median": 6.27241516113,
        "min": -1.32330036163,
        "var": 55.0187416077
    },
    "spectral_rms": {
        "dmean": 0.000542820373084,
        "dmean2": 0.000795565196313,
        "dvar": 3.12050502771e-07,
        "dvar2": 6.51454456602e-07,
        "max": 0.00948156602681,
        "mean": 0.00373612996191,
        "median": 0.00367405381985,
        "min": 3.22842924269e-12,
        "var": 3.01296040561e-06
    },
    "spectral_rolloff": {
        "dmean": 389.844207764,
        "dmean2": 636.118774414,
        "dvar": 657529.1875,
        "dvar2": 1224962.5,
        "max": 18970.7519531,
        "mean": 1506.34411621,
        "median": 1184.32617188,
        "min": 21.533203125,
        "var": 2248210
    },
    "spectral_skewness": {
        "dmean": 0.37276494503,
        "dmean2": 0.611894011497,
        "dvar": 0.119796387851,
        "dvar2": 0.308709263802,
        "max": 8.01115226746,
        "mean": 1.82548332214,
        "median": 1.65996682644,
        "min": -0.281446278095,
        "var": 0.684821486473
    },
    "spectral_spread": {
        "dmean": 364531.28125,
        "dmean2": 529786.5625,
        "dvar": 456331362304,
        "dvar2": 695309565952,
        "max": 41696704,
        "mean": 3066426.75,
        "median": 2740179,
        "min": 1059359.5,
        "var": 2.99774640128e+12
    },
    "spectral_strongpeak": {
        "dmean": 0.719881176949,
        "dmean2": 1.16182148457,
        "dvar": 1.52957201004,
        "dvar2": 3.81418371201,
        "max": 20.3677120209,
        "mean": 1.49616825581,
        "median": 0.90905469656,
        "min": 0,
        "var": 3.18432688713
    },
    "zerocrossingrate": {
        "dmean": 0.00810760166496,
        "dmean2": 0.00876428745687,
        "dvar": 0.000187715661013,
        "dvar2": 0.000154237772222,
        "max": 0.6396484375,
        "mean": 0.0534058883786,
        "median": 0.04541015625,
        "min": 0,
        "var": 0.00161710008979
    },
    "barkbands": {
        "dmean": [7.40995938031e-06, 0.00012118001905, 9.00327431737e-05, 0.000110049397335, 0.000885838118847, 0.0019278593827, 0.000844729365781, 0.000635667645838, 0.000580922234803, 0.000742536678445, 0.000263100722805, 0.00061482709134, 0.00027584360214, 0.000745750206988, 0.000428758154158, 0.00028138703783, 0.000224629344302, 0.000347105407855, 0.00015995533613, 9.44705097936e-05, 3.53387804353e-05, 4.61080744572e-05, 4.01370816689e-05, 2.30265413848e-05, 2.45474184339e-05, 3.85353314414e-06, 4.70473482395e-09],
        "dmean2": [1.29285726871e-05, 0.000192941064597, 0.000136866918183, 0.000169430582901, 0.00137000763789, 0.00291559705511, 0.00124648993369, 0.000948664266616, 0.000849050702527, 0.00111009483226, 0.000397602882003, 0.000956763746217, 0.000439181283582, 0.00117066327948, 0.000643295061309, 0.000434192363173, 0.000354887568392, 0.000529690354597, 0.00025027061929, 0.000142543314723, 5.00678106619e-05, 6.35916803731e-05, 5.50429904251e-05, 3.14641802106e-05, 3.41139384545e-05, 5.94543917032e-06, 7.44707140399e-09],
        "dvar": [1.38414779638e-10, 8.99755434602e-08, 6.10197972151e-08, 6.73936284556e-08, 3.25235760101e-06, 1.26180702864e-05, 3.66934273188e-06, 2.9248028568e-06, 4.00450790039e-06, 4.47936736236e-06, 6.20961827735e-07, 4.27089480581e-06, 1.22627648125e-06, 6.79193090036e-06, 2.38067696046e-06, 1.21734046843e-06, 4.3997948751e-07, 5.44675003766e-07, 1.21209524195e-07, 6.18648314799e-08, 2.06634549471e-08, 4.03586248865e-08, 2.52392347022e-08, 2.43109958831e-08, 3.75037245703e-08, 7.3595960437e-09, 1.27270622088e-14],
        "dvar2": [3.85632581423e-10, 1.99077433649e-07, 1.25109949067e-07, 1.57205676032e-07, 7.11776874596e-06, 2.88398623525e-05, 7.52771302359e-06, 6.45481622996e-06, 7.58389342082e-06, 9.24140931602e-06, 1.30639489271e-06, 1.07708583528e-05, 3.02615808323e-06, 1.67178714037e-05, 4.63007700091e-06, 2.66691085926e-06, 1.05357992197e-06, 1.24872860852e-06, 2.96735521488e-07, 1.31543160364e-07, 3.63429819572e-08, 6.86588350618e-08, 4.56649651426e-08, 4.15969196865e-08, 7.01416311699e-08, 1.89212414625e-08, 3.0480866854e-14],
        "max": [0.000194536230993, 0.0137920565903, 0.0092690596357, 0.010701097548, 0.0798356607556, 0.0555311888456, 0.0469601079822, 0.0593835003674, 0.0716494619846, 0.045950409025, 0.0309101101011, 0.0585161037743, 0.0259776543826, 0.0549125373363, 0.0630278289318, 0.0329700261354, 0.0187364593148, 0.01284795627, 0.00558912474662, 0.00523429550231, 0.00410623895004, 0.00560103310272, 0.00488349888474, 0.008395511657, 0.00742713455111, 0.00634829187766, 8.17897489469e-06],
        "mean": [8.15838393464e-06, 0.000398001109716, 0.000220285117393, 0.000234674764215, 0.0021603780333, 0.00410727644339, 0.00155365397222, 0.00102181115653, 0.000877745391335, 0.00125411921181, 0.000454164546682, 0.000957538315561, 0.00038505368866, 0.000996672548354, 0.000674026203342, 0.000415516173234, 0.000360899954103, 0.000565246678889, 0.000299209990771, 0.000156429508934, 6.44013198325e-05, 8.07327523944e-05, 6.87735519023e-05, 3.58554607374e-05, 4.02536788897e-05, 5.03366391058e-06, 4.15753609317e-09],
        "median": [3.93534082832e-06, 6.14179371041e-05, 5.20266730746e-05, 8.20608620415e-05, 0.00107078242581, 0.0016672750935, 0.000552142853849, 0.000319426268106, 0.000156791953486, 0.000157961709192, 0.000118330004625, 0.000182319723535, 7.58089736337e-05, 0.000143624667544, 9.68416061369e-05, 6.47346823826e-05, 9.5836170658e-05, 0.000125063903397, 6.04259039392e-05, 3.11111107294e-05, 1.05020162664e-05, 1.22839355754e-05, 1.08829772216e-05, 2.62319827016e-06, 5.00850944718e-07, 1.72286561906e-07, 2.10969575143e-10],
        "min": [1.19122000157e-24, 2.85856591662e-23, 3.50758994568e-24, 9.06857930563e-24, 1.23392305397e-23, 1.94444194603e-23, 3.8349986969e-23, 4.23683876222e-23, 2.31141546375e-23, 4.62841227618e-23, 2.53416201548e-23, 6.94884978433e-23, 6.8570636092e-23, 1.03322874597e-22, 7.69529079878e-23, 1.43172322064e-22, 1.35977847499e-22, 1.56759472969e-22, 2.47647722443e-22, 2.39048835653e-22, 3.09843712399e-22, 3.78648816885e-22, 3.25723873696e-22, 7.01537915763e-22, 1.09109000205e-21, 1.44801268084e-21, 2.42058088834e-21],
        "var": [1.47813927764e-10, 7.72019689066e-07, 2.46590786901e-07, 2.38060351876e-07, 1.36582366395e-05, 4.28652092523e-05, 9.09730169951e-06, 5.65545406062e-06, 8.66339632921e-06, 1.27421599245e-05, 1.47076264057e-06, 7.8005314208e-06, 1.71192982634e-06, 1.05603767224e-05, 6.1875598476e-06, 2.2809388156e-06, 7.27483268292e-07, 1.22227459087e-06, 3.16309751724e-07, 1.29429750473e-07, 5.04214483499e-08, 9.4700219222e-08, 5.50331478166e-08, 4.63207001644e-08, 1.00544944814e-07, 7.84142528687e-09, 1.29445540116e-14]
    },
    "erbbands": {
        "dmean": [0.00251084682532, 0.0312018189579, 0.0843715295196, 0.264738947153, 1.29607391357, 3.14416909218, 7.81218528748, 17.0439109802, 18.0859394073, 8.07064819336, 13.3175287247, 13.8702955246, 24.8116016388, 13.5339412689, 9.54770851135, 29.0345573425, 13.2072296143, 33.6182174683, 23.9361000061, 22.0566596985, 11.801609993, 11.3100309372, 17.8540592194, 11.4501047134, 6.36204242706, 4.6816534996, 1.63532555103, 1.42954456806, 1.62417221069, 1.6233663559, 1.0691986084, 0.512774527073, 0.380332618952, 0.301791667938, 0.1642678231, 0.0321274548769, 0.00247522210702, 0.000108628977614, 7.12868404662e-06, 6.36731965642e-06],
        "dmean2": [0.00419568223879, 0.0492972768843, 0.131852835417, 0.39306178689, 1.97436642647, 4.89694261551, 11.9465360641, 25.7917480469, 26.520690918, 12.0622577667, 19.8995323181, 20.0027046204, 36.6947631836, 20.4290561676, 14.4495830536, 45.2115707397, 21.0859832764, 53.3513832092, 36.6484527588, 32.4519844055, 18.0716590881, 17.6198635101, 27.5062446594, 17.6800518036, 9.71829605103, 7.11284685135, 2.35368442535, 1.99931979179, 2.29290556908, 2.23527097702, 1.48507285118, 0.713394284248, 0.515519917011, 0.406604856253, 0.230175554752, 0.0460367053747, 0.00321040116251, 0.000140376738273, 9.75996499619e-06, 9.40080826695e-06],
        "dvar": [3.3011463529e-05, 0.00599928200245, 0.0385166108608, 0.42293509841, 20.2156639099, 35.5758552551, 188.209762573, 1055.95056152, 1650.90649414, 599.31829834, 1220.0300293, 2017.44897461, 5748.65234375, 2452.01660156, 493.077331543, 10772.3154297, 2052.23486328, 14416.4023438, 7770.13818359, 7949.19726562, 1929.0690918, 1101.01965332, 1671.15124512, 613.217285156, 208.474975586, 168.173355103, 43.4772872925, 32.2965049744, 53.6959075928, 50.7892189026, 17.085603714, 5.566883564, 10.3235874176, 4.91280651093, 2.2282845974, 0.295343637466, 0.000487325596623, 8.84107862476e-07, 2.29279262243e-09, 8.64784424626e-11],
        "dvar2": [8.38626656332e-05, 0.0129134329036, 0.0837659239769, 0.875937998295, 44.8074188232, 76.2675476074, 420.17489624, 2469.23339844, 3344.21704102, 1320.45654297, 2654.85327148, 3804.36328125, 11329.0126953, 5185.11865234, 1024.35217285, 27357.015625, 5310.8359375, 36231.1796875, 18676.0214844, 14989.2246094, 4025.88574219, 2547.08740234, 3853.00756836, 1556.15576172, 461.854034424, 366.312896729, 83.7558517456, 52.4657974243, 92.6313095093, 98.3610916138, 31.2688007355, 10.743065834, 17.4336738586, 7.64214038849, 4.37052297592, 0.603719234467, 0.000775816151872, 1.23374866234e-06, 3.78070730278e-09, 1.75342448894e-10],
        "max": [0.244997993112, 3.72448325157, 6.05700588226, 26.9569454193, 312.237487793, 183.249389648, 258.570281982, 539.933288574, 919.428039551, 1033.55773926, 1005.46643066, 1660.81384277, 1791.78063965, 1714.45166016, 966.84979248, 2988.76074219, 1305.05615234, 3035.13452148, 3144.12060547, 4348.19824219, 2168.51757812, 1048.91772461, 800.062988281, 436.251281738, 317.184356689, 258.161621094, 181.238464355, 174.276077271, 200.81060791, 211.007080078, 137.63734436, 89.2102050781, 198.397705078, 84.1681137085, 64.1455078125, 44.2867088318, 1.3824532032, 0.0559830144048, 0.00391647778451, 0.000405456492445],
        "mean": [0.00675017014146, 0.105076432228, 0.234352573752, 0.670877158642, 3.47980904579, 7.16445016861, 15.7088375092, 35.490814209, 35.9144897461, 13.79945755, 22.5492916107, 22.3368053436, 43.6188201904, 22.5547332764, 18.4287986755, 45.6390228271, 21.8889980316, 47.7904243469, 36.4525909424, 36.0743141174, 20.4993133545, 20.2352523804, 30.2106246948, 22.0189628601, 12.3316087723, 7.96187067032, 2.97053170204, 2.63446784019, 2.83361506462, 2.68822574615, 1.82907581329, 0.884039878845, 0.554295301437, 0.478164315224, 0.263050436974, 0.0499221719801, 0.00464016711339, 0.00020827249682, 1.87764999282e-05, 2.23202732741e-05],
        "median": [0.00116854393855, 0.016899894923, 0.0757916122675, 0.238762199879, 1.03848075867, 3.55245399475, 6.97427034378, 13.3561658859, 13.1599235535, 5.82243919373, 7.53444623947, 5.80455207825, 5.6823964119, 4.66176748276, 6.55065870285, 9.00318050385, 6.27439308167, 7.8073554039, 6.60954189301, 5.40302848816, 4.41605234146, 5.48119688034, 7.45074605942, 4.91898775101, 2.76595187187, 1.67178487778, 0.602779090405, 0.4344150424, 0.417900800705, 0.410300374031, 0.300274729729, 0.107477784157, 0.0251952391118, 0.00721731502563, 0.00325217400678, 0.00149031798355, 0.000147966333316, 7.18258934285e-06, 8.57701706991e-06, 1.70667663042e-05],
        "min": [1.09654573883e-21, 3.48828526662e-21, 5.26290675901e-21, 1.77277309915e-20, 3.95277399932e-20, 7.37984176138e-20, 1.38033800166e-19, 2.14824414399e-19, 3.41599950385e-19, 3.74776923984e-19, 9.78850381719e-19, 5.49685763773e-19, 9.24163817062e-19, 1.51845307232e-18, 1.6900514836e-18, 3.01546686393e-18, 3.54236002782e-18, 4.9828727307e-18, 3.97255226258e-18, 6.74834499159e-18, 8.4525823125e-18, 7.20495737512e-18, 8.41619050145e-18, 1.08196059574e-17, 1.32136155427e-17, 1.23445349234e-17, 1.58750931518e-17, 1.03443170764e-17, 1.54074680992e-17, 1.54906427641e-17, 1.11724249585e-17, 1.47991015741e-17, 1.33335277802e-17, 8.96978608949e-18, 8.4233092178e-18, 4.84597888882e-18, 2.64359086236e-18, 1.12427969355e-18, 3.18112777277e-19, 3.23290003796e-20],
        "var": [0.000188876336324, 0.0541325472295, 0.174536839128, 1.84340596199, 119.106842041, 113.630027771, 611.721435547, 3343.50390625, 4614.77392578, 1124.9864502, 2498.88183594, 4279.39990234, 17195.2480469, 4829.50488281, 1328.5859375, 18940.8457031, 3138.42895508, 23076.4160156, 13262.6054688, 21251.0234375, 4752.61962891, 2113.48242188, 3663.56298828, 1672.21166992, 513.925415039, 348.222137451, 94.3447875977, 83.6740264893, 123.023841858, 99.8630752563, 36.5345611572, 11.7542514801, 19.270116806, 13.5400924683, 5.79393434525, 0.582123458385, 0.00186054548249, 3.75849685952e-06, 7.19131509896e-09, 4.25462942655e-10]
    },
    "gfcc": {
        "mean": [-71.1141967773, 125.147514343, -157.779907227, 21.8086566925, -72.9278717041, -6.9186706543, -48.2846450806, -6.91319227219, -18.6619911194, -8.7209815979, 0.136064141989, -1.73835945129, -6.49737691879],
        "cov": [[7023.04833984, -1072.19909668, -1210.43664551, 598.460449219, -42.4998474121, 310.649383545, 244.78213501, 215.180603027, 167.158630371, 10.3400945663, -31.7900867462, 223.569519043, -145.645828247], [-1072.19909668, 1366.43225098, 126.876319885, -267.086639404, 263.484283447, -259.423553467, 104.571022034, -107.853118896, 42.602848053, -116.258018494, 142.421463013, -118.223106384, 29.5514965057], [-1210.43664551, 126.876319885, 988.71484375, 76.6234054565, -70.8004455566, 77.3648452759, -182.854095459, 29.0398750305, -28.8071708679, 56.0578231812, -38.6782226562, 40.3706741333, 20.1427288055], [598.460449219, -267.086639404, 76.6234054565, 465.278198242, 39.115814209, 61.1441841125, 15.8908290863, 57.7568206787, 66.6731491089, 26.9869651794, -36.3350143433, 61.2904548645, -19.6027851105], [-42.4998474121, 263.484283447, -70.8004455566, 39.115814209, 283.832366943, -16.5645256042, 34.5437889099, 24.4150238037, 43.7817687988, -0.898869216442, 4.92841672897, -13.9413633347, 11.1462945938], [310.649383545, -259.423553467, 77.3648452759, 61.1441841125, -16.5645256042, 279.181610107, 54.181022644, 57.6061439514, -11.824877739, 45.5602760315, -28.2540435791, 11.9018602371, -32.5303535461], [244.78213501, 104.571022034, -182.854095459, 15.8908290863, 34.5437889099, 54.181022644, 276.989532471, 49.0935745239, 2.69894886017, -21.5053730011, 70.3758468628, -12.9301300049, -39.6043891907], [215.180603027, -107.853118896, 29.0398750305, 57.7568206787, 24.4150238037, 57.6061439514, 49.0935745239, 163.169891357, 56.5574188232, 39.5477027893, 4.12334918976, 26.0545864105, -7.23451423645], [167.158630371, 42.602848053, -28.8071708679, 66.6731491089, 43.7817687988, -11.824877739, 2.69894886017, 56.5574188232, 182.837280273, 30.7514305115, 28.6463108063, 18.5306625366, 3.51516485214], [10.3400945663, -116.258018494, 56.0578231812, 26.9869651794, -0.898869216442, 45.5602760315, -21.5053730011, 39.5477027893, 30.7514305115, 127.091659546, 1.29506659508, 16.8371562958, 8.87739181519], [-31.7900867462, 142.421463013, -38.6782226562, -36.3350143433, 4.92841672897, -28.2540435791, 70.3758468628, 4.12334918976, 28.6463108063, 1.29506659508, 139.996170044, 22.1817684174, -2.11429977417], [223.569519043, -118.223106384, 40.3706741333, 61.2904548645, -13.9413633347, 11.9018602371, -12.9301300049, 26.0545864105, 18.5306625366, 16.8371562958, 22.1817684174, 116.052947998, 23.9525356293], [-145.645828247, 29.5514965057, 20.1427288055, -19.6027851105, 11.1462945938, -32.5303535461, -39.6043891907, -7.23451423645, 3.51516485214, 8.87739181519, -2.11429977417, 23.9525356293, 115.843833923]],
        "icov": [[0.000295526289847, -0.000163938704645, 0.000555580016226, -0.000399668497266, 0.000310686824378, -0.000439410621766, 0.000273069948889, -0.000335894408636, 2.69964111794e-05, 3.08063972625e-05, 0.000155213696416, -0.000630284484942, 0.000298207858577], [-0.000163938704645, 0.00288569112308, -0.00177032954525, 0.001592663466, -0.00277029466815, 0.00223318580538, -0.00208365358412, 0.0018994261045, -0.0013326741755, 0.00141593150329, -0.00161626015324, 0.00225589051843, -0.000629001064226], [0.000555580016226, -0.00177032954525, 0.00310762436129, -0.00171588710509, 0.00212551746517, -0.00229021697305, 0.00262300949544, -0.00199504802004, 0.00118175998796, -0.00082730333088, 0.00066337530734, -0.00216456619091, 0.000731135311071], [-0.000399668497266, 0.001592663466, -0.00171588710509, 0.00399437779561, -0.00206090067513, 0.00139590352774, -0.0018936743727, 0.00129090459086, -0.00169254827779, 0.000549776479602, 0.000450777006336, 7.37267473596e-05, 9.12087416509e-05], [0.000310686824378, -0.00277029466815, 0.00212551746517, -0.00206090067513, 0.0066393353045, -0.00204962142743, 0.00169024791103, -0.00234841112979, 0.000527003197931, -0.00119762751274, 0.00166787265334, -0.00158352800645, 2.94483361358e-05], [-0.000439410621766, 0.00223318580538, -0.00229021697305, 0.00139590352774, -0.00204962142743, 0.00689611257985, -0.0032861197833, 0.000855691323522, -0.000375068804715, -0.000676232448313, 0.000263844878646, 0.00171715719625, 0.000288976094453], [0.000273069948889, -0.00208365358412, 0.00262300949544, -0.0018936743727, 0.00169024791103, -0.0032861197833, 0.00790023896843, -0.00361648970284, 0.00206401874311, 0.000466149387648, -0.00248999521136, -0.000551053439267, 0.00145811517723], [-0.000335894408636, 0.0018994261045, -0.00199504802004, 0.00129090459086, -0.00234841112979, 0.000855691323522, -0.00361648970284, 0.0101716583595, -0.00328360986896, -0.000943939841818, 0.000187055396964, 0.00023556072847, -0.000349746202119], [2.69964111794e-05, -0.0013326741755, 0.00118175998796, -0.00169254827779, 0.000527003197931, -0.000375068804715, 0.00206401874311, -0.00328360986896, 0.00794680975378, -0.00170970510226, -0.00128478661645, -0.0006814483786, 0.00023389152193], [3.08063972625e-05, 0.00141593150329, -0.00082730333088, 0.000549776479602, -0.00119762751274, -0.000676232448313, 0.000466149387648, -0.000943939841818, -0.00170970510226, 0.0104024689645, -0.0017201427836, 0.00087228132179, -0.00101687130518], [0.000155213696416, -0.00161626015324, 0.00066337530734, 0.000450777006336, 0.00166787265334, 0.000263844878646, -0.00248999521136, 0.000187055396964, -0.00128478661645, -0.0017201427836, 0.011365422979, -0.00447321822867, 0.000945546780713], [-0.000630284484942, 0.00225589051843, -0.00216456619091, 7.37267473596e-05, -0.00158352800645, 0.00171715719625, -0.000551053439267, 0.00023556072847, -0.0006814483786, 0.00087228132179, -0.00447321822867, 0.0139273898676, -0.00352569203824], [0.000298207858577, -0.000629001064226, 0.000731135311071, 9.12087416509e-05, 2.94483361358e-05, 0.000288976094453, 0.00145811517723, -0.000349746202119, 0.00023389152193, -0.00101687130518, 0.000945546780713, -0.00352569203824, 0.010428044945]]
    },
    "melbands": {
        "dmean": [2.84945508611e-05, 4.3416814151e-05, 6.6282467742e-05, 0.000142597433296, 0.000259892491158, 0.000400960154366, 0.000246343755862, 9.58932796493e-05, 0.000107510997623, 8.97323116078e-05, 0.000125094418763, 5.56635859539e-05, 3.29173672071e-05, 6.18695048615e-05, 5.43576425116e-05, 3.01936852338e-05, 7.05146594555e-05, 4.32249617006e-05, 3.05219655274e-05, 2.59214812104e-05, 1.36412018037e-05, 1.19946307677e-05, 1.62543838087e-05, 1.76060584636e-05, 9.53749531618e-06, 5.15475949214e-06, 4.37927837993e-06, 2.99035309581e-06, 1.10132475584e-06, 9.12194025204e-07, 8.8088489747e-07, 9.65438857747e-07, 9.74774252427e-07, 9.0865103175e-07, 7.14067425633e-07, 4.28040493716e-07, 2.98132079024e-07, 2.59904481936e-07, 3.02069764757e-07, 2.74602655281e-07],
        "dmean2": [4.58723880001e-05, 6.75346527714e-05, 9.9509175925e-05, 0.000221250826144, 0.00039649073733, 0.000602497719228, 0.000362396793207, 0.000143192621181, 0.000159579634783, 0.000129268344608, 0.000185681317816, 8.46404072945e-05, 4.90996571898e-05, 9.66403458733e-05, 8.46670809551e-05, 4.88037112518e-05, 0.000111890265543, 6.59449433442e-05, 4.57207461295e-05, 3.87962500099e-05, 2.12860650208e-05, 1.89166767086e-05, 2.54610968113e-05, 2.70881719189e-05, 1.48649078255e-05, 8.00629186415e-06, 6.7506139203e-06, 4.57742316939e-06, 1.6418694031e-06, 1.32680577281e-06, 1.25866233702e-06, 1.38831182994e-06, 1.42630028677e-06, 1.29346256017e-06, 1.01644718598e-06, 6.10655376931e-07, 4.31500552622e-07, 3.66385876305e-07, 4.13244833908e-07, 3.75497847926e-07],
        "dvar": [4.85074780343e-09, 9.2530276774e-09, 3.27034221925e-08, 1.18558290296e-07, 1.95577328554e-07, 5.62242178148e-07, 2.97792979609e-07, 8.89563338546e-08, 7.1908040411e-08, 1.00441575057e-07, 1.4544360738e-07, 4.17403427377e-08, 8.46646841524e-09, 4.70317296219e-08, 2.8396513585e-08, 1.40879503618e-08, 6.78493137229e-08, 3.04210168167e-08, 1.26024666258e-08, 1.00887538323e-08, 2.86571566477e-09, 1.27232901992e-09, 2.18325224566e-09, 1.73700520634e-09, 5.00416763582e-10, 1.40403924598e-10, 1.07779195291e-10, 7.91623155916e-11, 2.2852183687e-11, 1.52582772805e-11, 1.22597132099e-11, 1.82286373496e-11, 2.22517195642e-11, 1.58704507869e-11, 8.07935402608e-12, 2.58907392053e-12, 2.53608657512e-12, 3.62914472779e-12, 9.60217756002e-12, 4.49429989752e-12],
        "dvar2": [1.11501741173e-08, 1.97354506071e-08, 7.26060633838e-08, 2.70877251296e-07, 4.32696197095e-07, 1.28437000058e-06, 6.11968800968e-07, 1.96943389597e-07, 1.54245313411e-07, 1.89054304656e-07, 2.89179922675e-07, 8.92036879918e-08, 1.6634521316e-08, 1.16825390251e-07, 6.87739998284e-08, 3.62029908274e-08, 1.69240351511e-07, 7.38697707447e-08, 2.36202311044e-08, 2.08645030142e-08, 6.24585272391e-09, 2.94904145548e-09, 5.40916378355e-09, 3.89979071258e-09, 1.30469546278e-09, 3.20824339317e-10, 2.39571390503e-10, 1.76732142809e-10, 4.85475167011e-11, 2.98386246267e-11, 2.17381754958e-11, 3.12267434133e-11, 4.64009178303e-11, 3.18602262628e-11, 1.61586508063e-11, 4.84529170258e-12, 5.44243773312e-12, 6.99994662928e-12, 1.56006197544e-11, 7.99111384703e-12],
        "max": [0.0028422405012, 0.00341903651133, 0.010975359939, 0.0199447609484, 0.0108513589948, 0.0130758965388, 0.0117050679401, 0.0133124450222, 0.0078370673582, 0.01223346591, 0.00888004340231, 0.0068647111766, 0.00462081888691, 0.00648095877841, 0.00372605794109, 0.00312050408684, 0.00695433607325, 0.00683010742068, 0.00526300305501, 0.00355408433825, 0.00253127212636, 0.0010846296791, 0.00136081699748, 0.00101567944512, 0.000404186925152, 0.000198672685656, 0.000241647445364, 0.000192584499018, 0.000154306690092, 0.000120197109936, 0.00011313612049, 0.000109595959657, 0.000160515017342, 0.00011622531747, 9.66626248555e-05, 5.45598923054e-05, 5.86481037317e-05, 9.45188876358e-05, 0.000199749687454, 8.05485105957e-05],
        "mean": [9.13540716283e-05, 0.00013733888045, 0.000179569949978, 0.000375350209652, 0.000542256049812, 0.000853700039443, 0.000486925506266, 0.000152270265971, 0.000181588649866, 0.000136993170599, 0.00021719824872, 8.85962072061e-05, 5.94865814492e-05, 9.71922127064e-05, 8.59949504957e-05, 4.37582057202e-05, 9.61314071901e-05, 5.98277547397e-05, 4.91702739964e-05, 3.87662330468e-05, 2.17092947423e-05, 1.9562054149e-05, 2.55326358456e-05, 2.80065996776e-05, 1.69848735823e-05, 9.29474299483e-06, 7.4024173955e-06, 4.6228433348e-06, 1.7993640995e-06, 1.54661086071e-06, 1.50064420268e-06, 1.62029959938e-06, 1.54976760314e-06, 1.45317255829e-06, 1.13615487862e-06, 7.21557626093e-07, 4.66740260663e-07, 3.5857570424e-07, 4.13597632587e-07, 4.10424405572e-07],
        "median": [1.39734720506e-05, 4.43215176347e-05, 6.89960579621e-05, 0.000178296395461, 0.00024872465292, 0.000328597408952, 0.000174231550773, 5.21113688592e-05, 5.97857870162e-05, 2.54320057138e-05, 2.369820686e-05, 1.52056036313e-05, 1.75947352545e-05, 2.10165180761e-05, 1.8968450604e-05, 8.44902569952e-06, 1.34194433485e-05, 9.07875346456e-06, 6.66072764943e-06, 5.55792803425e-06, 4.44489705842e-06, 4.8886586228e-06, 5.31425257577e-06, 5.87160502619e-06, 3.21594438901e-06, 1.82935218618e-06, 1.51774429469e-06, 8.18881972009e-07, 2.88822036509e-07, 2.26659452096e-07, 2.08745845498e-07, 1.98736515244e-07, 2.32313681181e-07, 1.99497449671e-07, 1.75853045903e-07, 9.93008697492e-08, 4.05202982279e-08, 1.58334447775e-08, 6.06239902723e-09, 4.21827373032e-09],
        "min": [1.34721523399e-23, 3.18039982727e-24, 6.25320178807e-24, 3.32321343061e-24, 5.03051984423e-24, 5.01016920503e-24, 6.13647167335e-24, 3.94811354099e-24, 7.69322871637e-24, 3.25027969005e-24, 4.85954331493e-24, 5.94309543864e-24, 5.02491064876e-24, 7.43075102738e-24, 7.48489686219e-24, 7.23026991692e-24, 9.39052527396e-24, 5.72801527384e-24, 4.92241434578e-24, 8.27761214179e-24, 9.39703258757e-24, 7.21146820611e-24, 7.54142269035e-24, 7.06265985153e-24, 9.11794543222e-24, 8.32598193706e-24, 6.60840534331e-24, 8.56266466331e-24, 8.71016981967e-24, 7.43907982081e-24, 5.27254473654e-24, 8.39485738269e-24, 7.06455627315e-24, 8.55441791141e-24, 5.36865481606e-24, 7.66223516027e-24, 9.99263124848e-24, 8.71398711759e-24, 7.74572819847e-24, 7.31460861402e-24],
        "var": [3.85808291981e-08, 6.10824173464e-08, 1.71864272147e-07, 5.98722749601e-07, 6.58361898331e-07, 1.86749730346e-06, 8.36850233554e-07, 1.64518397128e-07, 1.52468217607e-07, 2.07948431807e-07, 4.35281009459e-07, 8.19848580136e-08, 2.298035362e-08, 8.11776317278e-08, 5.44743663511e-08, 2.02557632889e-08, 1.06703836877e-07, 4.87975171382e-08, 3.77304907317e-08, 2.09913757487e-08, 6.70876065811e-09, 2.33908181713e-09, 3.68981267762e-09, 3.81242992731e-09, 1.25423660347e-09, 3.38924194265e-10, 2.24421495276e-10, 1.48169781999e-10, 4.14092614365e-11, 3.23158444449e-11, 2.8596800275e-11, 4.1876783291e-11, 3.86303072863e-11, 2.97119169546e-11, 1.49186097503e-11, 5.83629542264e-12, 4.30520246189e-12, 6.07373309633e-12, 1.87105105715e-11, 1.03957988051e-11]
    },
    "mfcc": {
        "mean": [-699.184509277, 146.840301514, -27.6205368042, 18.3090896606, -9.10955142975, -5.35212564468, -19.9203777313, -0.499340474606, -24.6805286407, -4.02173471451, -5.31249237061, -3.04206037521, -1.79353892803],
        "cov": [[6515.25341797, -1555.2388916, -1023.9083252, 269.121612549, -238.99520874, 320.039367676, -41.4514503479, 560.494995117, -1.66095519066, 347.566467285, 114.920417786, -86.39818573, -60.2140617371], [-1555.2388916, 1556.11523438, -80.1452713013, -17.3204250336, 67.2174377441, -138.159179688, 61.9109344482, -77.4996109009, -83.3352279663, -44.7643241882, -19.9413318634, 11.9602251053, 10.152387619], [-1023.9083252, -80.1452713013, 913.859741211, -13.3409223557, 134.618240356, 12.8337850571, -24.3416309357, -68.0271682739, 38.1854057312, -93.37059021, 1.55094146729, 48.9704208374, 64.2624206543], [269.121612549, -17.3204250336, -13.3409223557, 385.088470459, 65.6148071289, 23.2016181946, -38.7223091125, 66.7735671997, 15.0789747238, 12.9885845184, -0.192446887493, 19.7676372528, 37.9536399841], [-238.99520874, 67.2174377441, 134.618240356, 65.6148071289, 279.097015381, 10.1313858032, -60.4378967285, -37.3690261841, 74.7559280396, -20.0270042419, -16.0571537018, 29.5764827728, 18.9582042694], [320.039367676, -138.159179688, 12.8337850571, 23.2016181946, 10.1313858032, 174.769775391, 41.3206787109, 37.3081245422, 21.2694244385, 14.0312414169, 23.2662982941, 1.15072309971, -4.29847621918], [-41.4514503479, 61.9109344482, -24.3416309357, -38.7223091125, -60.4378967285, 41.3206787109, 228.980819702, 35.9681282043, 6.5128068924, 9.58865261078, 22.9524078369, -5.33295345306, 7.26802539825], [560.494995117, -77.4996109009, -68.0271682739, 66.7735671997, -37.3690261841, 37.3081245422, 35.9681282043, 222.229553223, -21.0787887573, 75.6738891602, 40.4364585876, 0.32883733511, 6.01794052124], [-1.66095519066, -83.3352279663, 38.1854057312, 15.0789747238, 74.7559280396, 21.2694244385, 6.5128068924, -21.0787887573, 170.954406738, 7.19324684143, -3.35171055794, 23.2881393433, 17.320230484], [347.566467285, -44.7643241882, -93.37059021, 12.9885845184, -20.0270042419, 14.0312414169, 9.58865261078, 75.6738891602, 7.19324684143, 169.765579224, 57.5470314026, 0.115327335894, -11.1530942917], [114.920417786, -19.9413318634, 1.55094146729, -0.192446887493, -16.0571537018, 23.2662982941, 22.9524078369, 40.4364585876, -3.35171055794, 57.5470314026, 128.903457642, 32.0448532104, 5.99874258041], [-86.39818573, 11.9602251053, 48.9704208374, 19.7676372528, 29.5764827728, 1.15072309971, -5.33295345306, 0.32883733511, 23.2881393433, 0.115327335894, 32.0448532104, 107.373825073, 52.6970825195], [-60.2140617371, 10.152387619, 64.2624206543, 37.9536399841, 18.9582042694, -4.29847621918, 7.26802539825, 6.01794052124, 17.320230484, -11.1530942917, 5.99874258041, 52.6970825195, 124.629676819]],
