{
"lowlevel": {
    "average_loudness": 0.661370277405,
    "barkbands_crest": {
        "dmean": 2.33552527428,
        "dmean2": 3.86080884933,
        "dvar": 4.40344572067,
        "dvar2": 11.1613483429,
        "max": 26.9139709473,
        "mean": 7.44228935242,
        "median": 6.72862672806,
        "min": 2.41035580635,
        "var": 9.43428325653
    },
    "barkbands_flatness_db": {
        "dmean": 0.0168230663985,
        "dmean2": 0.0263527333736,
        "dvar": 0.000251922174357,
        "dvar2": 0.000596617755946,
        "max": 0.558708906174,
        "mean": 0.141993179917,
        "median": 0.140820905566,
        "min": 0.0555485971272,
        "var": 0.000819957000203
    },
    "barkbands_kurtosis": {
        "dmean": 1.76411044598,
        "dmean2": 2.7512819767,
        "dvar": 1258.90087891,
        "dvar2": 3106.97973633,
        "max": 2583.31176758,
        "mean": 0.826237022877,
        "median": -0.645951747894,
        "min": -1.86110019684,
        "var": 1201.77856445
    },
    "barkbands_skewness": {
        "dmean": 0.454669177532,
        "dmean2": 0.694220483303,
        "dvar": 0.58944606781,
        "dvar2": 1.32167220116,
        "max": 50.0700416565,
        "mean": 0.559642136097,
        "median": 0.42251893878,
        "min": -2.63959050179,
        "var": 1.30305850506
    },
    "barkbands_spread": {
        "dmean": 5.03313779831,
        "dmean2": 7.67560911179,
        "dvar": 25.1204776764,
        "dvar2": 56.059173584,
        "max": 80.0027313232,
        "mean": 24.6444320679,
        "median": 23.3715209961,
        "min": 0.215786755085,
        "var": 104.78364563
    },
    "dissonance": {
        "dmean": 0.0135573660955,
        "dmean2": 0.0228483956307,
        "dvar": 0.000175536813913,
        "dvar2": 0.00049435562687,
        "max": 0.500000059605,
        "mean": 0.475591003895,
        "median": 0.479819208384,
        "min": 0.327907830477,
        "var": 0.000331541261403
    },
    "dynamic_complexity": 3.84624624252,
    "erbbands_crest": {
        "dmean": 2.58349752426,
        "dmean2": 4.26727485657,
        "dvar": 5.75502347946,
        "dvar2": 14.7934017181,
        "max": 26.4122123718,
        "mean": 8.23760986328,
        "median": 7.51715517044,
        "min": 2.06373691559,
        "var": 11.1861972809
    },
    "erbbands_flatness_db": {
        "dmean": 0.0164851713926,
        "dmean2": 0.0239044073969,
        "dvar": 0.000219064895646,
        "dvar2": 0.000434526911704,
        "max": 0.330069482327,
        "mean": 0.214114069939,
        "median": 0.217511862516,
        "min": 0.0267320238054,
        "var": 0.00142016168684
    },
    "erbbands_kurtosis": {
        "dmean": 0.713931798935,
        "dmean2": 1.15723443031,
        "dvar": 0.703655779362,
        "dvar2": 1.73322033882,
        "max": 11.5987911224,
        "mean": -0.181120172143,
        "median": -0.504015207291,
        "min": -1.77332174778,
        "var": 1.41298007965
    },
    "erbbands_skewness": {
        "dmean": 0.362841129303,
        "dmean2": 0.566029727459,
        "dvar": 0.0969292297959,
        "dvar2": 0.233021780849,
        "max": 2.67523574829,
        "mean": -0.209630340338,
        "median": -0.210864305496,
        "min": -2.73664593697,
        "var": 0.433240413666
    },
    "erbbands_spread": {
        "dmean": 6.59216356277,
        "dmean2": 10.0638608932,
        "dvar": 44.191822052,
        "dvar2": 101.664070129,
        "max": 120.678825378,
        "mean": 32.1545791626,
        "median": 30.2094726562,
        "min": 5.70387792587,
        "var": 165.046188354
    },
    "hfc": {
        "dmean": 5.66634941101,
        "dmean2": 7.55927610397,
        "dvar": 46.9131546021,
        "dvar2": 81.0644760132,
        "max": 98.5724334717,
        "mean": 19.3281555176,
        "median": 14.7165756226,
        "min": 1.06873951986e-16,
        "var": 300.139465332
    },
    "melbands_crest": {
        "dmean": 3.27893972397,
        "dmean2": 5.38565826416,
        "dvar": 8.38864994049,
        "dvar2": 21.5580253601,
        "max": 39.9726333618,
        "mean": 10.4720878601,
        "median": 9.64633846283,
        "min": 1.36023259163,
        "var": 17.901506424
    },
    "melbands_flatness_db": {
        "dmean": 0.0208814311773,
        "dmean2": 0.0318069718778,
        "dvar": 0.000420939148171,
        "dvar2": 0.000910969800316,
        "max": 0.535034239292,
        "mean": 0.152244985104,
        "median": 0.150220051408,
        "min": 0.000492864754051,
        "var": 0.00166996114422
    },
    "melbands_kurtosis": {
        "dmean": 3.8850684166,
        "dmean2": 5.96811723709,
        "dvar": 3238.51342773,
        "dvar2": 7576.40039062,
        "max": 4167.05224609,
        "mean": 4.46159172058,
        "median": 1.17650556564,
        "min": -1.75813114643,
        "var": 3341.15991211
    },
    "melbands_skewness": {
        "dmean": 0.554217815399,
        "dmean2": 0.843952715397,
        "dvar": 0.942339003086,
        "dvar2": 2.06597709656,
        "max": 61.8951721191,
        "mean": 1.44171190262,
        "median": 1.22916018963,
        "min": -0.982014238834,
        "var": 2.07562637329
    },
    "melbands_spread": {
        "dmean": 9.88163471222,
        "dmean2": 15.1853513718,
        "dvar": 116.337730408,
        "dvar2": 247.694229126,
        "max": 173.758270264,
        "mean": 37.9473152161,
        "median": 35.0771331787,
        "min": 0.210872143507,
        "var": 379.428009033
    },
    "pitch_salience": {
        "dmean": 0.0656209513545,
        "dmean2": 0.107290558517,
        "dvar": 0.00326798507012,
        "dvar2": 0.00826840847731,
        "max": 0.993942201138,
        "mean": 0.61291205883,
        "median": 0.615688979626,
        "min": 0.00319025246426,
        "var": 0.00784934032708
    },
    "silence_rate_20dB": {
        "dmean": 0,
        "dmean2": 0,
        "dvar": 0,
        "dvar2": 0,
        "max": 1,
        "mean": 1,
        "median": 1,
        "min": 1,
        "var": 0
    },
    "silence_rate_30dB": {
        "dmean": 0,
        "dmean2": 0,
        "dvar": 0,
        "dvar2": 0,
        "max": 1,
        "mean": 1,
        "median": 1,
        "min": 1,
        "var": 0
    },
    "silence_rate_60dB": {
        "dmean": 0.070617556572,
        "dmean2": 0.141254678369,
        "dvar": 0.0656243041158,
        "dvar2": 0.137923881412,
        "max": 1,
        "mean": 0.190917894244,
        "median": 0,
        "min": 0,
        "var": 0.154467850924
    },
    "spectral_centroid": {
        "dmean": 291.476104736,
        "dmean2": 444.403991699,
        "dvar": 91482.140625,
        "dvar2": 183441.640625,
        "max": 10647.7802734,
        "mean": 1985.44750977,
        "median": 2004.95825195,
        "min": 283.451812744,
        "var": 368546.46875
    },
    "spectral_complexity": {
        "dmean": 4.33453321457,
        "dmean2": 6.20578861237,
        "dvar": 21.1689853668,
        "dvar2": 38.9810371399,
        "max": 55,
        "mean": 21.0055370331,
        "median": 21,
        "min": 0,
        "var": 137.821243286
    },
    "spectral_decrease": {
        "dmean": 1.03359165671e-09,
        "dmean2": 1.46807166423e-09,
        "dvar": 1.44208517323e-18,
        "dvar2": 2.76226646484e-18,
        "max": -3.22000681115e-29,
        "mean": -3.32590976981e-09,
        "median": -2.68292588146e-09,
        "min": -1.6750270504e-08,
        "var": 7.74798159492e-18
    },
    "spectral_energy": {
        "dmean": 0.00433049304411,
        "dmean2": 0.00608486216515,
        "dvar": 2.50993689406e-05,
        "dvar2": 4.66601923108e-05,
        "max": 0.072040848434,
        "mean": 0.0143058616668,
        "median": 0.0115128587931,
        "min": 9.81531868621e-21,
        "var": 0.000143017983646
    },
    "spectral_energyband_high": {
        "dmean": 0.000313337368425,
        "dmean2": 0.000439431314589,
        "dvar": 2.26032128126e-07,
        "dvar2": 4.42444587634e-07,
        "max": 0.00911042280495,
        "mean": 0.000694301095791,
        "median": 0.000440183910541,
        "min": 7.02409222099e-21,
        "var": 6.53455856536e-07
    },
    "spectral_energyband_low": {
        "dmean": 0.000807395903394,
        "dmean2": 0.00135569099803,
        "dvar": 3.4612669424e-06,
        "dvar2": 9.14907832339e-06,
        "max": 0.0184576679021,
        "mean": 0.000883550732397,
        "median": 0.000357277021976,
        "min": 1.11468065392e-22,
        "var": 2.80283825305e-06
    },
    "spectral_energyband_middle_high": {
        "dmean": 0.00241810455918,
        "dmean2": 0.00338172470219,
        "dvar": 1.18637308333e-05,
        "dvar2": 2.26121337619e-05,
        "max": 0.0624438151717,
        "mean": 0.00724237784743,
        "median": 0.00432329811156,
        "min": 1.47627081442e-21,
        "var": 6.5186410211e-05
    },
    "spectral_energyband_middle_low": {
        "dmean": 0.00260756304488,
        "dmean2": 0.00398816820234,
        "dvar": 1.06048519228e-05,
        "dvar2": 2.40043755184e-05,
        "max": 0.041533973068,
        "mean": 0.00618684431538,
        "median": 0.00470454012975,
        "min": 2.53727807917e-22,
        "var": 3.15981269523e-05
    },
    "spectral_entropy": {
        "dmean": 0.120203472674,
        "dmean2": 0.17346931994,
        "dvar": 0.0122481379658,
        "dvar2": 0.0239094998688,
        "max": 9.79863834381,
        "mean": 7.57939815521,
        "median": 7.56242752075,
        "min": 6.66516590118,
        "var": 0.057687651366
    },
    "spectral_flux": {
        "dmean": 0.0159638039768,
        "dmean2": 0.0240091290325,
        "dvar": 0.000277803628705,
        "dvar2": 0.000564423040487,
        "max": 0.242030724883,
        "mean": 0.0688799768686,
        "median": 0.0680619031191,
        "min": 9.90722920369e-11,
        "var": 0.00121061911341
    },
    "spectral_kurtosis": {
        "dmean": 2.01633620262,
        "dmean2": 3.517380476,
        "dvar": 3.31739759445,
        "dvar2": 9.66141891479,
        "max": 29.5582809448,
        "mean": 3.86445116997,
        "median": 3.405626297,
        "min": -1.21290922165,
        "var": 5.67905378342
    },
    "spectral_rms": {
        "dmean": 0.000573083932977,
        "dmean2": 0.00078339711763,
        "dvar": 3.49704720293e-07,
        "dvar2": 6.02722479925e-07,
        "max": 0.00838354043663,
        "mean": 0.00337156024761,
        "median": 0.00335142621771,
        "min": 3.09449839885e-12,
        "var": 2.58957084043e-06
    },
    "spectral_rolloff": {
        "dmean": 503.402862549,
        "dmean2": 814.679748535,
        "dvar": 457631.78125,
        "dvar2": 896289.9375,
        "max": 18776.953125,
        "mean": 2443.09716797,
        "median": 2390.18554688,
        "min": 21.533203125,
        "var": 1230673.75
    },
    "spectral_skewness": {
        "dmean": 0.254432082176,
        "dmean2": 0.422312825918,
        "dvar": 0.048247307539,
        "dvar2": 0.126208379865,
        "max": 4.09008550644,
        "mean": 1.02519381046,
        "median": 0.988300323486,
        "min": -0.0244062654674,
        "var": 0.152952283621
    },
    "spectral_spread": {
        "dmean": 289822.46875,
        "dmean2": 426331.0625,
        "dvar": 335456206848,
        "dvar2": 759323688960,
        "max": 40581992,
        "mean": 3073174.25,
        "median": 2857185.5,
        "min": 1597044.25,
        "var": 851814318080
    },
    "spectral_strongpeak": {
        "dmean": 0.818146526814,
        "dmean2": 1.36385011673,
        "dvar": 1.37829947472,
        "dvar2": 3.44765305519,
        "max": 12.5991353989,
        "mean": 1.35128641129,
        "median": 0.762041628361,
        "min": 0,
        "var": 2.42693161964
    },
    "zerocrossingrate": {
        "dmean": 0.00925205741078,
        "dmean2": 0.0106404200196,
        "dvar": 0.000129849242512,
        "dvar2": 0.000133701993036,
        "max": 0.615234375,
        "mean": 0.0788404196501,
        "median": 0.07666015625,
        "min": 0,
        "var": 0.000775552121922
    },
    "barkbands": {
        "dmean": [7.5736393228e-06, 0.000190992606804, 0.000392513000406, 0.000561411259696, 0.000577388214879, 0.000624685781077, 0.000538477674127, 0.000720485521015, 0.000824856921099, 0.000803283124696, 0.0003306910221, 0.000403747020755, 0.000456090463558, 0.000431520165876, 0.00043181219371, 0.000472541840281, 0.000507251010276, 0.000275172031252, 0.000280948908767, 0.000194891748833, 0.00020166640752, 3.62469472748e-05, 1.59014125529e-05, 6.20766013526e-06, 1.50132666477e-06, 4.8430361943e-08, 5.90891946484e-10],
        "dmean2": [1.32075010697e-05, 0.00033138753497, 0.00070602708729, 0.000944865285419, 0.000954827584792, 0.00100602465682, 0.00086671707686, 0.00115658121649, 0.00128816976212, 0.00124388560653, 0.000526192423422, 0.000624278967734, 0.000722065102309, 0.000682568876073, 0.000701499695424, 0.000753692293074, 0.000804174633231, 0.000427165126894, 0.000438418064732, 0.000297749647871, 0.000296929996694, 5.26893054484e-05, 2.27969521802e-05, 8.44790156407e-06, 2.17630440602e-06, 8.19623622306e-08, 1.08867237447e-09],
        "dvar": [1.66103991672e-10, 2.5687188554e-07, 1.14918418603e-06, 1.3759772628e-06, 6.63495825393e-07, 1.69432894381e-06, 1.29348575229e-06, 2.05874039239e-06, 3.27340308104e-06, 3.04149489239e-06, 1.05394860839e-06, 1.34037065891e-06, 1.53323458107e-06, 1.02655508272e-06, 1.03717979982e-06, 1.16854744192e-06, 7.38752760299e-07, 2.19936552526e-07, 2.02060675747e-07, 9.91784219195e-08, 1.10449256852e-07, 4.40058967044e-09, 1.22902377164e-09, 2.60950622222e-10, 6.75434968372e-12, 1.87279598737e-15, 8.6577917604e-18],
        "dvar2": [4.73748762442e-10, 6.96879226325e-07, 3.26438703269e-06, 3.47216791852e-06, 1.72308591573e-06, 3.91167441194e-06, 3.07992104354e-06, 4.92119397677e-06, 7.60955299484e-06, 7.02578472556e-06, 2.5278375233e-06, 2.92409526992e-06, 3.7661038732e-06, 2.32830257119e-06, 2.71876251645e-06, 2.89983859147e-06, 1.84036480277e-06, 4.92940387176e-07, 4.74094662195e-07, 2.28301090033e-07, 2.3036388086e-07, 8.71610428277e-09, 2.42473330303e-09, 4.45722653231e-10, 1.3570438176e-11, 5.07028840029e-15, 2.45312735644e-17],
        "max": [0.000210320358747, 0.00503711123019, 0.0107889026403, 0.0195565056056, 0.0127413617447, 0.0373545065522, 0.033671528101, 0.0275613069534, 0.0327791199088, 0.0295989569277, 0.0249469298869, 0.0510435178876, 0.0251986347139, 0.0359398424625, 0.0268165022135, 0.0255539100617, 0.022212818265, 0.0103678936139, 0.0105727529153, 0.00588843785226, 0.00632468052208, 0.00155399367213, 0.000896965095308, 0.000542378344107, 5.22744921909e-05, 4.92968638355e-07, 1.83451916769e-07],
        "mean": [7.80997106631e-06, 0.000191708852071, 0.000343635911122, 0.000624021980911, 0.00091829901794, 0.000905121094547, 0.000752356310841, 0.0010806445498, 0.00134312408045, 0.00144512788393, 0.00045417677029, 0.000601512147114, 0.000701812910847, 0.000668462307658, 0.000653733906802, 0.000821233144961, 0.000889991992153, 0.000497466244269, 0.000538280466571, 0.000379514181986, 0.000380030862289, 6.63911123411e-05, 2.75259753835e-05, 1.1004962289e-05, 2.78225343209e-06, 1.08202137028e-07, 4.96633012492e-10],
        "median": [3.34506921718e-06, 6.40423531877e-05, 0.000110527253128, 0.000245092494879, 0.000599681108724, 0.000397663738113, 0.000299034873024, 0.000333763862727, 0.000347702909494, 0.000245987903327, 9.83780919341e-05, 0.00013912814029, 0.000129527412355, 0.000228619290283, 0.000272960984148, 0.000264676084043, 0.000385737366742, 0.000261911482085, 0.000291508535156, 0.00022002440528, 0.000197138928343, 3.05950452457e-05, 1.10944356493e-05, 3.70572001884e-06, 1.24034920645e-06, 1.01448627277e-07, 1.65954833209e-10],
        "min": [3.24455902854e-23, 4.64394116087e-23, 3.9208431717e-23, 2.09146621279e-23, 4.85411547858e-23, 2.45745191888e-23, 2.65190297657e-23, 9.37475673333e-23, 3.51818016668e-23, 9.68710273776e-23, 4.50197365029e-23, 1.55691178598e-22, 1.38822732359e-22, 5.14311088468e-23, 1.43417638872e-22, 9.9482264259e-23, 2.30059784571e-22, 1.39970379826e-22, 1.94281092878e-22, 4.31614099265e-22, 2.93133820891e-22, 5.30255134876e-22, 6.56734806776e-22, 6.71299829659e-22, 1.18353611928e-21, 1.59529293611e-21, 2.07367272932e-21],
        "var": [1.61098828722e-10, 1.96524112539e-07, 7.24153608189e-07, 1.34493939186e-06, 1.04694595393e-06, 2.78167044598e-06, 2.10838470593e-06, 4.02007344746e-06, 7.07433036951e-06, 7.7848062574e-06, 1.89138233964e-06, 2.57746114585e-06, 3.12824090543e-06, 1.90951141121e-06, 1.38600387345e-06, 2.22646622206e-06, 1.75404534275e-06, 4.79850712054e-07, 4.87249792513e-07, 2.63848107807e-07, 2.61082618636e-07, 1.06632720431e-08, 2.65592503546e-09, 6.73590572209e-10, 1.5862363506e-11, 2.71523971011e-15, 5.35050653651e-18]
    },
    "erbbands": {
        "dmean": [0.00272103305906, 0.0552813299, 0.352294653654, 1.3429646492, 1.57878923416, 2.20854187012, 3.46751284599, 5.90563297272, 7.18563079834, 9.49481582642, 17.948141098, 17.8274726868, 24.471452713, 18.3426551819, 11.7568035126, 16.9051113129, 18.8366603851, 19.9109745026, 21.3830490112, 21.7647285461, 24.6483364105, 26.7664489746, 14.4097490311, 16.2239704132, 10.6240024567, 7.8894610405, 11.7613916397, 3.89140939713, 1.47136723995, 0.71116566658, 0.415828377008, 0.188836827874, 0.0782497674227, 0.0246264860034, 0.00695546204224, 0.000495780259371, 3.34072428814e-05, 2.48382889367e-06, 2.81268557956e-06, 5.43187570656e-06],
        "dmean2": [0.00453614583239, 0.095945186913, 0.623465836048, 2.27587080002, 2.66831803322, 3.62597155571, 5.64237880707, 9.52016067505, 11.5576343536, 15.2531108856, 28.6502628326, 27.7641010284, 37.3822288513, 28.9043560028, 18.2092685699, 26.2026691437, 29.5780887604, 31.0117797852, 34.4471931458, 34.384513855, 39.1872558594, 41.8996582031, 22.0315170288, 25.1905345917, 16.3480033875, 11.8525018692, 17.138792038, 5.82073402405, 2.13749265671, 1.03502833843, 0.591262340546, 0.25574195385, 0.10807005316, 0.0352730825543, 0.0102818561718, 0.000790078134742, 5.50162731088e-05, 3.34036622007e-06, 3.79892753699e-06, 7.49777655074e-06],
        "dvar": [2.91109045065e-05, 0.0226327497512, 0.946270346642, 8.72723197937, 6.6548743248, 11.8614797592, 30.0394134521, 215.74798584, 220.525650024, 526.711730957, 1205.97937012, 1688.40722656, 2861.55712891, 2707.84790039, 1476.79248047, 2300.60595703, 2573.96923828, 2637.70166016, 2656.95581055, 2549.64526367, 2991.42504883, 2161.88793945, 642.273254395, 692.170776367, 265.450622559, 130.473922729, 419.350524902, 38.7399749756, 6.72153759003, 2.38085126877, 0.862305223942, 0.263006329536, 0.0331805869937, 0.00206286809407, 0.000145039564813, 3.45243279298e-07, 1.38489353319e-09, 1.53811009068e-11, 1.01859458368e-11, 3.87056567352e-11],
        "dvar2": [7.36502770451e-05, 0.0609583482146, 2.64559149742, 22.7891407013, 18.0436306, 29.3900470734, 73.3737182617, 497.70614624, 545.210327148, 1258.75549316, 2907.0378418, 3900.43188477, 6477.91943359, 7174.09228516, 3253.52539062, 5073.71044922, 6337.6796875, 5672.40380859, 6934.46630859, 6224.92285156, 7688.74316406, 5237.79199219, 1448.34606934, 1610.04296875, 610.602783203, 285.549377441, 878.233703613, 85.7232666016, 13.4002246857, 4.78779649734, 1.71435439587, 0.478993952274, 0.0571074783802, 0.00401306664571, 0.000307447044179, 7.71380996412e-07, 3.51424089828e-09, 3.40183818615e-11, 1.74193801744e-11, 6.92574816941e-11],
        "max": [0.0625491961837, 1.40929353237, 10.6407632828, 45.6021461487, 34.3760986328, 76.2886352539, 120.855827332, 408.242370605, 325.380157471, 612.677001953, 578.671203613, 838.871520996, 1080.37988281, 1439.21838379, 1134.05102539, 2356.37475586, 1039.9699707, 2115.98999023, 1767.43017578, 1373.68859863, 1659.07324219, 1408.67211914, 615.579284668, 586.070800781, 310.620147705, 238.282836914, 395.858184814, 89.1944122314, 61.3831634521, 41.0757255554, 20.0541706085, 17.3366241455, 5.20542621613, 1.06711351871, 0.319966077805, 0.0112497825176, 0.000501687987708, 0.000186782315723, 4.56808011222e-05, 9.13950934773e-05],
        "mean": [0.00330875604413, 0.0540785044432, 0.329792380333, 1.43201220036, 2.0889673233, 3.37686920166, 5.32670497894, 8.14419841766, 10.2360200882, 14.0718784332, 29.4999713898, 29.9090175629, 43.2543411255, 31.3151874542, 18.4868869781, 26.322467804, 31.1422977448, 33.8648262024, 34.6012268066, 39.4735641479, 47.0031509399, 48.4048233032, 27.7590179443, 32.6531181335, 21.6946716309, 16.8217430115, 22.1904449463, 7.54473304749, 2.74140119553, 1.281919837, 0.714743793011, 0.329652070999, 0.137815654278, 0.0446641072631, 0.0134123396128, 0.00142013316508, 7.59655740694e-05, 8.25027927931e-06, 9.98321684165e-06, 1.8550970708e-05],
        "median": [0.00135515583679, 0.0177573952824, 0.111854627728, 0.56806397438, 1.23185968399, 1.90814399719, 2.76933765411, 2.96138834953, 4.33867835999, 5.81198310852, 8.70843887329, 9.23620319366, 8.52418041229, 7.67202472687, 4.88968133926, 6.16167163849, 6.7797498703, 11.9873666763, 15.4505243301, 15.9014673233, 18.1139717102, 22.0753765106, 15.6373491287, 17.874162674, 12.3816184998, 10.7291412354, 11.6892442703, 4.20941257477, 1.33377420902, 0.564058542252, 0.291989535093, 0.114967532456, 0.0464659556746, 0.0178195144981, 0.0069878641516, 0.00118407362606, 6.07976289757e-05, 6.62519414618e-06, 8.30531280371e-06, 1.49931265696e-05],
        "min": [2.20068413134e-21, 7.61819530891e-21, 3.96953248466e-20, 5.58551188311e-20, 6.62763214666e-20, 1.80364186402e-19, 2.45503354246e-19, 2.22961105741e-19, 3.60479520686e-19, 1.57588308488e-18, 1.22425698168e-18, 1.1139268044e-18, 1.24608296933e-18, 4.23722317523e-18, 3.59883537055e-18, 5.33905049861e-18, 6.15952433076e-18, 4.24565628157e-18, 5.31750327084e-18, 8.51545382932e-18, 3.84768066372e-18, 1.36343957028e-17, 9.35897539487e-18, 8.81238354508e-18, 1.10494422265e-17, 2.00514403834e-17, 1.51995678328e-17, 1.1724172625e-17, 1.55599241035e-17, 2.00004347725e-17, 1.9066767891e-17, 1.50066229918e-17, 1.12329108864e-17, 9.99034829436e-18, 1.04994804429e-17, 5.91563384946e-18, 3.13756699415e-18, 1.09292024255e-18, 2.81037973536e-19, 3.14709717463e-20],
        "var": [3.32001654897e-05, 0.0168697927147, 0.625407516956, 7.57067298889, 7.03199291229, 19.7593135834, 54.2645645142, 334.559020996, 333.081695557, 841.034790039, 2654.94140625, 3272.29931641, 6657.78320312, 5134.81640625, 2964.78417969, 4504.83105469, 5477.46386719, 5132.71826172, 3727.7890625, 4884.69873047, 5805.16455078, 5034.06640625, 1425.06542969, 1934.70056152, 756.465332031, 382.113372803, 943.550964355, 89.9103622437, 16.403553009, 5.27481794357, 1.82858419418, 0.61237603426, 0.0917175486684, 0.00528068002313, 0.000287844974082, 6.684190339e-07, 2.39182629258e-09, 4.32558225349e-11, 6.3904333214e-11, 2.35543307081e-10]
    },
    "gfcc": {
        "mean": [-50.8328552246, 110.863670349, -182.604751587, 45.3094024658, -70.5165405273, -6.35684585571, -37.3231887817, -1.11925005913, -19.9477558136, -8.23247051239, -13.2678155899, -17.8841896057, 1.80012881756],
        "cov": [[4302.25976562, 123.419403076, -1162.72827148, -15.8769645691, -213.564376831, -255.119415283, 292.164398193, -150.344314575, 242.9609375, -228.560852051, 44.823135376, -234.666702271, 34.0048599243], [123.419403076, 431.538574219, 86.6976013184, -94.966835022, 141.662765503, -59.2759742737, 31.9935188293, 30.1926555634, -12.1145839691, 12.5111045837, -2.92924022675, -19.1596355438, -5.31984996796], [-1162.72827148, 86.6976013184, 804.094299316, 284.56048584, 57.1076087952, 197.105758667, -162.161102295, 56.6019210815, -70.1772689819, 57.8457984924, -22.6656341553, 49.0074501038, -30.168510437], [-15.8769645691, -94.966835022, 284.56048584, 417.248168945, 24.0887699127, 26.2343406677, -74.7537460327, -9.95471000671, 32.4932670593, 1.07387924194, -38.0757064819, 6.31830739975, 2.45189476013], [-213.564376831, 141.662765503, 57.1076087952, 24.0887699127, 217.656677246, 25.5726261139, 22.7072048187, 45.5545654297, -5.49821615219, 18.0428066254, -16.9306983948, 10.7116479874, -2.39310741425], [-255.119415283, -59.2759742737, 197.105758667, 26.2343406677, 25.5726261139, 332.076843262, 45.2556762695, 15.0488805771, -55.7631378174, -4.1240029335, 30.2304916382, 5.94106340408, -42.0787467957], [292.164398193, 31.9935188293, -162.161102295, -74.7537460327, 22.7072048187, 45.2556762695, 197.49307251, 23.9384346008, 2.53664422035, -18.9250164032, 10.4192285538, -26.2293128967, -9.40672492981], [-150.344314575, 30.1926555634, 56.6019210815, -9.95471000671, 45.5545654297, 15.0488805771, 23.9384346008, 116.314186096, 39.3765411377, 7.83858203888, -16.9756355286, 1.78234636784, 1.72976458073], [242.9609375, -12.1145839691, -70.1772689819, 32.4932670593, -5.49821615219, -55.7631378174, 2.53664422035, 39.3765411377, 127.414382935, 7.98826217651, -11.621219635, -16.3291625977, 12.4906606674], [-228.560852051, 12.5111045837, 57.8457984924, 1.07387924194, 18.0428066254, -4.1240029335, -18.9250164032, 7.83858203888, 7.98826217651, 86.6977844238, 17.7771873474, 13.8175344467, 0.0480181202292], [44.823135376, -2.92924022675, -22.6656341553, -38.0757064819, -16.9306983948, 30.2304916382, 10.4192285538, -16.9756355286, -11.621219635, 17.7771873474, 79.4966506958, 23.5567874908, -6.6248793602], [-234.666702271, -19.1596355438, 49.0074501038, 6.31830739975, 10.7116479874, 5.94106340408, -26.2293128967, 1.78234636784, -16.3291625977, 13.8175344467, 23.5567874908, 74.0467300415, 19.1345405579], [34.0048599243, -5.31984996796, -30.168510437, 2.45189476013, -2.39310741425, -42.0787467957, -9.40672492981, 1.72976458073, 12.4906606674, 0.0480181202292, -6.6248793602, 19.1345405579, 56.9121551514]],
        "icov": [[0.00156913010869, -0.00300160213374, 0.00364856142551, -0.00318411691114, 0.00265703373589, -0.0016423856141, 0.00058884563623, -0.000283976231003, -0.000868609873578, 0.0017647849163, -0.00169879943132, 0.00227221543901, -0.000916066986974], [-0.00300160213374, 0.0110772904009, -0.0100639332086, 0.00898978300393, -0.00908023584634, 0.00606748089194, -0.00322944344953, 0.00249941460788, 0.000428213912528, -0.00172726612072, 0.00120481650811, -0.00138459948357, 0.00111456925515], [0.00364856142551, -0.0100639332086, 0.0138569893315, -0.0111540323123, 0.00866760034114, -0.00723199546337, 0.00516538415104, -0.00473022041842, 0.00132765527815, 0.00117872096598, -0.00189786381088, 0.00288303429261, -0.000762438692618], [-0.00318411691114, 0.00898978300393, -0.0111540323123, 0.0121897691861, -0.00810484588146, 0.00517465500161, -0.00275995279662, 0.00435717171058, -0.00181662349496, -0.00149603362661, 0.00351519696414, -0.00327511434443, 0.00111184758134], [0.00265703373589, -0.00908023584634, 0.00866760034114, -0.00810484588146, 0.0129831656814, -0.0051481644623, 0.00181504467037, -0.00409125210717, 0.000562937464565, 0.000285442278255, 0.000201418035431, 0.000459985574707, -0.000583650718909], [-0.0016423856141, 0.00606748089194, -0.00723199546337, 0.00517465500161, -0.0051481644623, 0.00818624999374, -0.00387401599437, 0.0014634616673, 0.000910822011065, 0.000340805505402, -0.0013506350806, -0.000693728099577, 0.00251910998486], [0.00058884563623, -0.00322944344953, 0.00516538415104, -0.00275995279662, 0.00181504467037, -0.00387401599437, 0.00938343629241, -0.00405118521303, 0.00173177267425, 0.000171511361259, -0.000909813505132, 0.00197174097411, -5.96505342401e-05], [-0.000283976231003, 0.00249941460788, -0.00473022041842, 0.00435717171058, -0.00409125210717, 0.0014634616673, -0.00405118521303, 0.0152093339711, -0.00707393232733, 0.00101018312853, 0.00244078086689, -0.0012822796125, -0.000246797368163], [-0.000868609873578, 0.000428213912528, 0.00132765527815, -0.00181662349496, 0.000562937464565, 0.000910822011065, 0.00173177267425, -0.00707393232733, 0.0138152549043, -0.00382362445816, 0.000548434269149, 0.00105042429641, -0.000778772635385], [0.0017647849163, -0.00172726612072, 0.00117872096598, -0.00149603362661, 0.000285442278255, 0.000340805505402, 0.000171511361259, 0.00101018312853, -0.00382362445816, 0.0168154463172, -0.00658484734595, 0.00287856161594, -0.00117432849947], [-0.00169879943132, 0.00120481650811, -0.00189786381088, 0.00351519696414, 0.000201418035431, -0.0013506350806, -0.000909813505132, 0.00244078086689, 0.000548434269149, -0.00658484734595, 0.0211458560079, -0.0110390949994, 0.00481362082064], [0.00227221543901, -0.00138459948357, 0.00288303429261, -0.00327511434443, 0.000459985574707, -0.000693728099577, 0.00197174097411, -0.0012822796125, 0.00105042429641, 0.00287856161594, -0.0110390949994, 0.0252128578722, -0.00994124636054], [-0.000916066986974, 0.00111456925515, -0.000762438692618, 0.00111184758134, -0.000583650718909, 0.00251910998486, -5.96505342401e-05, -0.000246797368163, -0.000778772635385, -0.00117432849947, 0.00481362082064, -0.00994124636054, 0.0236806515604]]
    },
    "melbands": {
        "dmean": [3.80271558242e-05, 0.000143560944707, 0.000232114325627, 0.000123425925267, 0.000115497474326, 0.000129054707941, 0.000109764063382, 0.000111949673737, 0.000154110734002, 0.000113234098535, 0.000126190119772, 7.9222903878e-05, 4.10249158449e-05, 3.72036265617e-05, 5.74256046093e-05, 4.27649611083e-05, 3.89933666156e-05, 3.69129411411e-05, 3.22719133692e-05, 3.45772787114e-05, 3.10064970108e-05, 3.32514573529e-05, 1.5077680473e-05, 1.41747150337e-05, 1.4840111362e-05, 9.25143285713e-06, 6.99903785062e-06, 5.59686714041e-06, 9.08754009288e-06, 4.80749213239e-06, 1.66368090504e-06, 9.56901317295e-07, 5.51101607016e-07, 3.77320787948e-07, 2.67032106649e-07, 1.7792898177e-07, 1.00095654432e-07, 6.12013124623e-08, 3.69829891156e-08, 1.74973866507e-08],
        "dmean2": [6.47387932986e-05, 0.000251540215686, 0.000393434835132, 0.000205225849641, 0.000188145364518, 0.00020792891155, 0.000176340530743, 0.000179071023013, 0.000244906026637, 0.000177294699824, 0.000192589592189, 0.00012525456259, 6.36163240415e-05, 5.71057680645e-05, 9.16479621083e-05, 6.7135624704e-05, 6.13953088759e-05, 5.97191028646e-05, 5.21240763192e-05, 5.52094024897e-05, 4.99345514982e-05, 5.27677984792e-05, 2.35295156017e-05, 2.22125345317e-05, 2.33804075833e-05, 1.44860787259e-05, 1.10095315904e-05, 8.62255365064e-06, 1.33584844662e-05, 7.26826647224e-06, 2.56780481322e-06, 1.42625674471e-06, 8.11321854144e-07, 5.68656957967e-07, 3.92438295194e-07, 2.50966536441e-07, 1.40200882015e-07, 8.58990958363e-08, 5.50532348598e-08, 2.59557033644e-08],
        "dvar": [8.46592929094e-09, 1.53539829739e-07, 2.34980362279e-07, 3.25412621294e-08, 3.05638465647e-08, 9.08185882054e-08, 4.80849493556e-08, 6.54346052897e-08, 9.13947175718e-08, 6.96431925462e-08, 7.50336823785e-08, 4.79698414324e-08, 1.61151110234e-08, 1.16792238103e-08, 3.39259322857e-08, 1.32187736313e-08, 1.02685380199e-08, 8.72282424069e-09, 5.95448756968e-09, 7.221835574e-09, 5.04421260317e-09, 3.34385630296e-09, 8.21483325808e-10, 6.79081069155e-10, 6.23886997619e-10, 2.32172919779e-10, 1.61538907251e-10, 7.66108496086e-11, 2.80896361726e-10, 6.50107120914e-11, 7.43649326146e-12, 2.95649203903e-12, 1.21807511994e-12, 7.10803161122e-13, 3.46307157213e-13, 2.19916790399e-13, 8.35592242642e-14, 2.05216516659e-14, 6.99239038727e-15, 9.87473868645e-16],
        "dvar2": [2.25831922052e-08, 4.19864363721e-07, 6.15425051365e-07, 8.41262703943e-08, 7.58585372296e-08, 2.10663060329e-07, 1.15941709566e-07, 1.53967931737e-07, 2.17377788658e-07, 1.61739649229e-07, 1.70378058328e-07, 1.24972132198e-07, 3.57920804106e-08, 2.44144544581e-08, 8.78260166814e-08, 3.11535615083e-08, 2.29738184032e-08, 2.23423448631e-08, 1.54733630353e-08, 1.76283609932e-08, 1.30553541311e-08, 8.29260216051e-09, 1.88418014524e-09, 1.59335422634e-09, 1.47711520793e-09, 5.53788959134e-10, 3.9650432937e-10, 1.71670525018e-10, 6.06862726737e-10, 1.40753603217e-10, 1.73268274728e-11, 6.30511788613e-12, 2.45484990842e-12, 1.51206130949e-12, 7.31720456795e-13, 4.51579420559e-13, 1.57698059797e-13, 3.56012081252e-14, 1.47250071023e-14, 2.12080998718e-15],
        "max": [0.000931613496505, 0.00432826858014, 0.0070280325599, 0.00326649518684, 0.00320542533882, 0.00852217897773, 0.00438421731815, 0.0067470902577, 0.00594072649255, 0.00519575737417, 0.00546611240134, 0.00561318127438, 0.00355587597005, 0.00329837412573, 0.00515412492678, 0.00199985574, 0.00406121648848, 0.00298253679648, 0.00177850143518, 0.00253500323743, 0.00192326237448, 0.00129473919515, 0.000865941692609, 0.000524478789885, 0.000551717705093, 0.00032481161179, 0.000318887497997, 0.000211951890378, 0.000396040559281, 0.000130406100652, 4.18053568865e-05, 3.68026121578e-05, 3.08089911414e-05, 2.1547646611e-05, 1.15519478641e-05, 1.22491428556e-05, 1.05619265014e-05, 4.62489288111e-06, 2.12874033423e-06, 7.87641226907e-07],
        "mean": [4.14287605963e-05, 0.000137644572533, 0.000264524336671, 0.00018844245642, 0.000183712021681, 0.000181404888281, 0.00015695343609, 0.00016405833594, 0.00025726747117, 0.000181264578714, 0.000219624096644, 0.000133779147291, 5.9677324316e-05, 5.67200222577e-05, 8.36405961309e-05, 6.63225800963e-05, 6.16081742919e-05, 5.52231322217e-05, 4.98055196658e-05, 5.98237238592e-05, 5.41365225217e-05, 5.6936591136e-05, 2.54485421465e-05, 2.51147939707e-05, 2.74460471701e-05, 1.66382742464e-05, 1.33736430143e-05, 1.03610436781e-05, 1.60499839694e-05, 8.52463836054e-06, 2.88582623398e-06, 1.62373805779e-06, 9.45373074046e-07, 6.17408431935e-07, 4.31042849414e-07, 2.89580810886e-07, 1.66230833543e-07, 1.03552103781e-07, 6.00763669922e-08, 3.03055252004e-08],
        "median": [1.54946301336e-05, 4.78998263134e-05, 0.000124279351439, 0.000121561468404, 0.000101639838249, 7.06676219124e-05, 6.69076835038e-05, 6.40283178654e-05, 6.76307026879e-05, 5.11364887643e-05, 3.9654543798e-05, 2.95088211715e-05, 1.44060022649e-05, 1.4571716747e-05, 1.3774789295e-05, 1.46662787301e-05, 2.09622976399e-05, 2.07152406801e-05, 1.99996393349e-05, 1.82862258953e-05, 1.92958723346e-05, 2.34757608268e-05, 1.33212852234e-05, 1.26862669276e-05, 1.38363593578e-05, 8.91689523996e-06, 6.6835218604e-06, 6.1923233261e-06, 7.95732103143e-06, 4.26652150054e-06, 1.47289074448e-06, 7.27947451651e-07, 4.01448119192e-07, 2.46665280201e-07, 1.75970342298e-07, 1.03210332725e-07, 5.32668700259e-08, 3.39121974946e-08, 2.08740651431e-08, 1.28170558611e-08],
        "min": [1.68442029658e-23, 1.70728874314e-23, 1.09787626003e-23, 7.09014455433e-24, 9.69241366492e-24, 4.78123309286e-24, 5.47000372086e-24, 1.8638568069e-23, 9.17714470999e-24, 6.24787461038e-24, 5.71458688908e-24, 1.74761752142e-23, 9.84893629029e-24, 1.67792150267e-23, 9.47801862582e-24, 1.53840403629e-23, 6.76736081571e-24, 6.64828147321e-24, 1.1917521277e-23, 9.75731088501e-24, 2.7969716177e-24, 1.21483987758e-23, 1.63340213749e-23, 4.40107747276e-24, 7.31404221189e-24, 7.01872424341e-24, 1.12772652002e-23, 1.39996052515e-23, 1.17327179882e-23, 5.08970768352e-24, 7.99435980086e-24, 9.12913621302e-24, 9.5057762745e-24, 1.16668189147e-23, 1.08096962976e-23, 1.04536226288e-23, 8.34068867091e-24, 7.74597826738e-24, 6.7660615618e-24, 8.62323024817e-24],
        "var": [7.29643723218e-09, 1.07037870123e-07, 2.09158997677e-07, 4.77346269179e-08, 5.61102559971e-08, 1.42359624533e-07, 7.62398926213e-08, 1.11654799184e-07, 2.22395513561e-07, 1.26095201836e-07, 1.75817021386e-07, 9.58768140435e-08, 3.12657206791e-08, 2.4592543113e-08, 6.22030214004e-08, 2.56917100927e-08, 1.84603070608e-08, 1.20989156471e-08, 8.57368487317e-09, 1.38937901184e-08, 9.00650931612e-09, 7.67995445017e-09, 1.45662781836e-09, 1.33088451371e-09, 1.56962487452e-09, 5.07175690334e-10, 5.08237951724e-10, 1.83784598651e-10, 5.83136872123e-10, 1.38774200464e-10, 1.5357970104e-11, 6.35590668638e-12, 2.71755513058e-12, 1.40063893643e-12, 6.7336262434e-13, 4.31819781755e-13, 1.82962003295e-13, 5.56695667212e-14, 1.46481998487e-14, 2.12298516779e-15]
    },
    "mfcc": {
        "mean": [-664.633605957, 118.665916443, -47.1240463257, 34.4441223145, -14.6183614731, -4.57529640198, -10.2137775421, -6.52249002457, -0.895903170109, 0.1728425771, -7.91196489334, -2.02891421318, -8.8244934082],
        "cov": [[4294.66943359, -234.534011841, -934.067749023, -22.5607624054, -536.717041016, -76.5433502197, -149.88722229, 83.9887771606, 18.7927932739, 155.993331909, -27.817232132, 9.37679481506, -118.59828186], [-234.534011841, 640.224304199, -131.495010376, -37.444683075, 40.1215782166, -68.6308364868, 76.0539093018, -13.388964653, 15.4614706039, 16.2577877045, 38.4577064514, -17.9863166809, 6.52471399307], [-934.067749023, -131.495010376, 759.408569336, 100.361862183, 233.731430054, 130.339385986, 31.6673355103, 12.7605371475, -19.1759986877, -37.7506027222, -0.738155305386, 20.9477539062, 30.2863445282], [-22.5607624054, -37.444683075, 100.361862183, 368.250854492, 108.694076538, -29.8708820343, -85.2860336304, -37.991985321, 59.6492652893, -18.0858154297, -32.9671897888, 24.3343429565, 8.96800327301], [-536.717041016, 40.1215782166, 233.731430054, 108.694076538, 273.606018066, 52.0988197327, -3.4578666687, 8.55405712128, 23.5530109406, -6.68969631195, -1.26736700535, 2.28180336952, 32.8743476868], [-76.5433502197, -68.6308364868, 130.339385986, -29.8708820343, 52.0988197327, 182.43913269, 93.5272674561, 31.0096797943, -16.3001251221, -11.1520786285, 25.0655918121, 2.57521271706, 0.751209914684], [-149.88722229, 76.0539093018, 31.6673355103, -85.2860336304, -3.4578666687, 93.5272674561, 194.352020264, 56.76927948, -15.2748165131, -1.27157330513, 36.5105705261, 0.753795206547, -8.51439762115], [83.9887771606, -13.388964653, 12.7605371475, -37.991985321, 8.55405712128, 31.0096797943, 56.76927948, 122.967826843, 30.3148040771, 18.5322494507, 17.2294883728, -6.62225246429, 0.321808874607], [18.7927932739, 15.4614706039, -19.1759986877, 59.6492652893, 23.5530109406, -16.3001251221, -15.2748165131, 30.3148040771, 114.828788757, 41.6514434814, -2.3236322403, 7.31279706955, -5.79340839386], [155.993331909, 16.2577877045, -37.7506027222, -18.0858154297, -6.68969631195, -11.1520786285, -1.27157330513, 18.5322494507, 41.6514434814, 94.2261505127, 26.523273468, -2.7173178196, -8.74426364899], [-27.817232132, 38.4577064514, -0.738155305386, -32.9671897888, -1.26736700535, 25.0655918121, 36.5105705261, 17.2294883728, -2.3236322403, 26.523273468, 74.7795562744, 20.6313343048, 1.02015960217], [9.37679481506, -17.9863166809, 20.9477539062, 24.3343429565, 2.28180336952, 2.57521271706, 0.753795206547, -6.62225246429, 7.31279706955, -2.7173178196, 20.6313343048, 67.1900863647, 19.3670921326], [-118.59828186, 6.52471399307, 30.2863445282, 8.96800327301, 32.8743476868, 0.751209914684, -8.51439762115, 0.321808874607, -5.79340839386, -8.74426364899, 1.02015960217, 19.3670921326, 62.0770263672]],
