{
"lowlevel": {
    "average_loudness": 0.901434481144,
    "barkbands_crest": {
        "dmean": 2.90252327919,
        "dmean2": 4.78744840622,
        "dvar": 7.61790990829,
        "dvar2": 19.090341568,
        "max": 26.5624008179,
        "mean": 10.1978063583,
        "median": 8.92766952515,
        "min": 2.40196537971,
        "var": 20.9013824463
    },
    "barkbands_flatness_db": {
        "dmean": 0.0196555946022,
        "dmean2": 0.0315410755575,
        "dvar": 0.000356414704584,
        "dvar2": 0.000850294600241,
        "max": 0.392554819584,
        "mean": 0.164426594973,
        "median": 0.16443797946,
        "min": 0.0325693078339,
        "var": 0.00238929339685
    },
    "barkbands_kurtosis": {
        "dmean": 2.30069994926,
        "dmean2": 3.76862168312,
        "dvar": 22.6089630127,
        "dvar2": 56.0911636353,
        "max": 173.465545654,
        "mean": 3.04031801224,
        "median": 1.38751745224,
        "min": -1.73102402687,
        "var": 48.8350906372
    },
    "barkbands_skewness": {
        "dmean": 0.474157303572,
        "dmean2": 0.747282743454,
        "dvar": 0.250904232264,
        "dvar2": 0.603763759136,
        "max": 10.7957429886,
        "mean": 0.796798408031,
        "median": 0.811410367489,
        "min": -2.28776693344,
        "var": 1.93238461018
    },
    "barkbands_spread": {
        "dmean": 3.75689768791,
        "dmean2": 5.95961809158,
        "dvar": 12.2800683975,
        "dvar2": 29.3159694672,
        "max": 50.402797699,
        "mean": 15.9373922348,
        "median": 15.1204948425,
        "min": 0.290528833866,
        "var": 59.0161895752
    },
    "dissonance": {
        "dmean": 0.0214819312096,
        "dmean2": 0.0365761145949,
        "dvar": 0.000467915378977,
        "dvar2": 0.00128353701439,
        "max": 0.500000238419,
        "mean": 0.461927115917,
        "median": 0.469501793385,
        "min": 0.239612981677,
        "var": 0.00098116567824
    },
    "dynamic_complexity": 2.60359239578,
    "erbbands_crest": {
        "dmean": 3.28087592125,
        "dmean2": 5.38702726364,
        "dvar": 10.6608819962,
        "dvar2": 26.0854148865,
        "max": 33.8018951416,
        "mean": 10.9145393372,
        "median": 9.8225851059,
        "min": 2.5236017704,
        "var": 34.3935394287
    },
    "erbbands_flatness_db": {
        "dmean": 0.0176742225885,
        "dmean2": 0.0265143550932,
        "dvar": 0.00027951670927,
        "dvar2": 0.000581819273066,
        "max": 0.471760541201,
        "mean": 0.218682602048,
        "median": 0.224860996008,
        "min": 0.0799120217562,
        "var": 0.00346445082687
    },
    "erbbands_kurtosis": {
        "dmean": 1.15863585472,
        "dmean2": 1.88338792324,
        "dvar": 5.24506235123,
        "dvar2": 12.0149402618,
        "max": 75.8575134277,
        "mean": 0.717719078064,
        "median": -0.0224709510803,
        "min": -1.81109571457,
        "var": 13.8397855759
    },
    "erbbands_skewness": {
        "dmean": 0.419224917889,
        "dmean2": 0.669502735138,
        "dvar": 0.171789497137,
        "dvar2": 0.421664088964,
        "max": 6.89815807343,
        "mean": 0.356113672256,
        "median": 0.258971601725,
        "min": -2.57448959351,
        "var": 0.762964129448
    },
    "erbbands_spread": {
        "dmean": 5.37597751617,
        "dmean2": 8.27722263336,
        "dvar": 26.7337398529,
        "dvar2": 58.628616333,
        "max": 77.8739547729,
        "mean": 26.7960662842,
        "median": 26.6337795258,
        "min": 0.628260135651,
        "var": 135.550064087
    },
    "hfc": {
        "dmean": 5.44463682175,
        "dmean2": 7.74492406845,
        "dvar": 43.8569641113,
        "dvar2": 88.0219039917,
        "max": 106.253517151,
        "mean": 19.2420005798,
        "median": 16.2397346497,
        "min": 1.03417038475e-16,
        "var": 262.632507324
    },
    "melbands_crest": {
        "dmean": 3.57213544846,
        "dmean2": 5.91036558151,
        "dvar": 11.512629509,
        "dvar2": 29.1741504669,
        "max": 34.5784339905,
        "mean": 12.1238145828,
        "median": 11.5095129013,
        "min": 1.0005710125,
        "var": 37.1095733643
    },
    "melbands_flatness_db": {
        "dmean": 0.0208651311696,
        "dmean2": 0.032878164202,
        "dvar": 0.00046469506924,
        "dvar2": 0.00107587175444,
        "max": 0.421226799488,
        "mean": 0.190911129117,
        "median": 0.203020200133,
        "min": 1.59630317853e-07,
        "var": 0.00611110124737
    },
    "melbands_kurtosis": {
        "dmean": 3.68430495262,
        "dmean2": 6.00424957275,
        "dvar": 51.0395317078,
        "dvar2": 129.28187561,
        "max": 213.370330811,
        "mean": 5.80343961716,
        "median": 2.43318080902,
        "min": -1.64161098003,
        "var": 113.46862793
    },
    "melbands_skewness": {
        "dmean": 0.546726047993,
        "dmean2": 0.852147459984,
        "dvar": 0.352440863848,
        "dvar2": 0.83186841011,
        "max": 11.3779277802,
        "mean": 1.46972823143,
        "median": 1.29780137539,
        "min": -2.51889157295,
        "var": 1.74011993408
    },
    "melbands_spread": {
        "dmean": 6.71697807312,
        "dmean2": 10.8365650177,
        "dvar": 48.6357002258,
        "dvar2": 125.063865662,
        "max": 175.132110596,
        "mean": 33.1276931763,
        "median": 21.0036392212,
        "min": 0.664201855659,
        "var": 1356.93066406
    },
    "pitch_salience": {
        "dmean": 0.0723902955651,
        "dmean2": 0.118546456099,
        "dvar": 0.00476256711408,
        "dvar2": 0.0119324941188,
        "max": 0.997746407986,
        "mean": 0.58710616827,
        "median": 0.583911955357,
        "min": 0.0808257907629,
        "var": 0.0177877470851
    },
    "silence_rate_20dB": {
        "dmean": 0,
        "dmean2": 0,
        "dvar": 0,
        "dvar2": 0,
        "max": 1,
        "mean": 1,
        "median": 1,
        "min": 1,
        "var": 0
    },
    "silence_rate_30dB": {
        "dmean": 0.00137488543987,
        "dmean2": 0.00275008589961,
        "dvar": 0.00137301057111,
        "dvar2": 0.00320093031041,
        "max": 1,
        "mean": 0.9987398386,
        "median": 1,
        "min": 0,
        "var": 0.00125884683803
    },
    "silence_rate_60dB": {
        "dmean": 0.0105407880619,
        "dmean2": 0.0210839919746,
        "dvar": 0.0104310223833,
        "dvar2": 0.0243046265095,
        "max": 1,
        "mean": 0.144804671407,
        "median": 0,
        "min": 0,
        "var": 0.123859919608
    },
    "spectral_centroid": {
        "dmean": 229.038391113,
        "dmean2": 363.63293457,
        "dvar": 66363.1328125,
        "dvar2": 157313.109375,
        "max": 11876.7158203,
        "mean": 2342.60375977,
        "median": 1325.1451416,
        "min": 257.366851807,
        "var": 9510022
    },
    "spectral_complexity": {
        "dmean": 2.91888165474,
        "dmean2": 4.38684558868,
        "dvar": 10.4475631714,
        "dvar2": 20.5010032654,
        "max": 53,
        "mean": 17.4970779419,
        "median": 18,
        "min": 0,
        "var": 99.0586929321
    },
    "spectral_decrease": {
        "dmean": 1.84337323184e-09,
        "dmean2": 2.82779155647e-09,
        "dvar": 5.9963431026e-18,
        "dvar2": 1.39932671844e-17,
        "max": 2.66701647215e-28,
        "mean": -5.46899769915e-09,
        "median": -4.90026641486e-09,
        "min": -5.30430455115e-08,
        "var": 1.92285412577e-17
    },
    "spectral_energy": {
        "dmean": 0.00738219730556,
        "dmean2": 0.011262178421,
        "dvar": 9.34840063564e-05,
        "dvar2": 0.000216691565583,
        "max": 0.206921085715,
        "mean": 0.0223865341395,
        "median": 0.0201609823853,
        "min": 9.80628513075e-21,
        "var": 0.000316704274155
    },
    "spectral_energyband_high": {
        "dmean": 0.000105231934867,
        "dmean2": 0.000151504078531,
        "dvar": 3.6485417354e-08,
        "dvar2": 7.62054312986e-08,
        "max": 0.00426010321826,
        "mean": 0.000250192329986,
        "median": 0.000133686553454,
        "min": 6.78035909142e-21,
        "var": 1.14659727046e-07
    },
    "spectral_energyband_low": {
        "dmean": 0.00151333794929,
        "dmean2": 0.00250197388232,
        "dvar": 1.87546283996e-05,
        "dvar2": 4.60364244645e-05,
        "max": 0.117049664259,
        "mean": 0.00179464370012,
        "median": 0.000662517151795,
        "min": 8.71739184126e-24,
        "var": 1.83060546988e-05
    },
    "spectral_energyband_middle_high": {
        "dmean": 0.00345530314371,
        "dmean2": 0.00498198065907,
        "dvar": 3.0208928365e-05,
        "dvar2": 6.53982788208e-05,
        "max": 0.106070525944,
        "mean": 0.00903115049005,
        "median": 0.00476984586567,
        "min": 1.00283189056e-21,
        "var": 0.000121669654618
    },
    "spectral_energyband_middle_low": {
        "dmean": 0.00543429609388,
        "dmean2": 0.0085700750351,
        "dvar": 6.66760170134e-05,
        "dvar2": 0.000162523865583,
        "max": 0.20489089191,
        "mean": 0.0124810580164,
        "median": 0.00893116183579,
        "min": 1.28454310652e-22,
        "var": 0.000167321588378
    },
    "spectral_entropy": {
        "dmean": 0.129923120141,
        "dmean2": 0.1991879493,
        "dvar": 0.0201375298202,
        "dvar2": 0.042663987726,
        "max": 9.83382034302,
        "mean": 7.51421070099,
        "median": 7.30023097992,
        "min": 5.46267271042,
        "var": 0.74051874876
    },
    "spectral_flux": {
        "dmean": 0.0211221631616,
        "dmean2": 0.033723089844,
        "dvar": 0.000574279401917,
        "dvar2": 0.00135174416937,
        "max": 0.373483896255,
        "mean": 0.078608430922,
        "median": 0.0790107026696,
        "min": 6.29900506754e-11,
        "var": 0.0022162143141
    },
    "spectral_kurtosis": {
        "dmean": 2.71263360977,
        "dmean2": 4.74790668488,
        "dvar": 7.37901735306,
        "dvar2": 22.1579284668,
        "max": 31.1019287109,
        "mean": 5.22909450531,
        "median": 4.81274747849,
        "min": -1.27419114113,
        "var": 17.2145748138
    },
    "spectral_rms": {
        "dmean": 0.000709028565325,
        "dmean2": 0.00105988653377,
        "dvar": 6.16140255261e-07,
        "dvar2": 1.34052959311e-06,
        "max": 0.0142082450911,
        "mean": 0.00414005061612,
        "median": 0.0044350028038,
        "min": 3.09307397403e-12,
        "var": 4.70058057545e-06
    },
    "spectral_rolloff": {
        "dmean": 354.340942383,
        "dmean2": 601.883117676,
        "dvar": 210115.578125,
        "dvar2": 469967.46875,
        "max": 19832.0800781,
        "mean": 3319.85424805,
        "median": 1507.32421875,
        "min": 172.265625,
        "var": 30066516
    },
    "spectral_skewness": {
        "dmean": 0.285967558622,
        "dmean2": 0.479167282581,
        "dvar": 0.0720601156354,
        "dvar2": 0.196331292391,
        "max": 4.32994556427,
        "mean": 1.295129776,
        "median": 1.3184312582,
        "min": -0.105279646814,
        "var": 0.422942250967
    },
    "spectral_spread": {
        "dmean": 308486.34375,
        "dmean2": 508866.28125,
        "dvar": 480710033408,
        "dvar2": 1.20144658432e+12,
        "max": 51637052,
        "mean": 6932303,
        "median": 2744579.5,
        "min": 1631034.75,
        "var": 1.40273355063e+14
    },
    "spectral_strongpeak": {
        "dmean": 0.858311355114,
        "dmean2": 1.38567852974,
        "dvar": 1.27446103096,
        "dvar2": 3.07908844948,
        "max": 14.2790870667,
        "mean": 1.66493427753,
        "median": 1.11083185673,
        "min": 0,
        "var": 3.12653017044
    },
    "zerocrossingrate": {
        "dmean": 0.00687839929014,
        "dmean2": 0.00897448323667,
        "dvar": 8.5853105702e-05,
        "dvar2": 0.000125874692458,
        "max": 0.81787109375,
        "mean": 0.101335339248,
        "median": 0.052734375,
        "min": 0.01318359375,
        "var": 0.020319994539
    },
    "barkbands": {
        "dmean": [2.32362344832e-05, 0.000296391459415, 0.000673373229802, 0.00125510059297, 0.000944993458688, 0.00175341789145, 0.00211712345481, 0.000628107052762, 0.000992387998849, 0.00200126692653, 0.000960483099334, 0.000478767877212, 0.000518038868904, 0.000475580221973, 0.000594938406721, 0.00027642812347, 0.000244328781264, 0.000193523490452, 0.000136858609039, 7.02343750163e-05, 6.59831857774e-05, 1.05741328298e-05, 3.62520722774e-06, 1.07960624973e-06, 2.06603985475e-07, 7.19976540609e-08, 8.86881568185e-10],
        "dmean2": [4.19682146457e-05, 0.000519155408256, 0.00117159786168, 0.00207501742989, 0.00157572934404, 0.00283937901258, 0.00340403919108, 0.00101556745358, 0.00154798012227, 0.00315157324076, 0.00149671698455, 0.00074195349589, 0.000826308736578, 0.000742717296816, 0.000927687098738, 0.00043862615712, 0.000380288576707, 0.000296804180834, 0.000214517815039, 0.000107136191218, 9.94969377643e-05, 1.54252466018e-05, 5.33295587957e-06, 1.57035890425e-06, 3.34184363737e-07, 1.2142757555e-07, 1.6413054249e-09],
        "dvar": [1.27521937454e-09, 1.38225334467e-06, 4.82713312522e-06, 1.24240750665e-05, 2.93577681987e-06, 1.84533218999e-05, 1.98749730771e-05, 6.32644969301e-06, 1.36588823807e-05, 2.21586924454e-05, 9.86227951216e-06, 3.06300671582e-06, 2.51247752203e-06, 1.74147317011e-06, 2.00064573619e-06, 3.46693553865e-07, 3.02927531948e-07, 1.50974358348e-07, 7.13498451432e-08, 1.29122668113e-08, 1.97995326801e-08, 7.92469034838e-10, 1.2119939774e-10, 2.20629261388e-11, 9.08558303462e-14, 1.1967606539e-14, 1.71728226936e-18],
        "dvar2": [3.82201426063e-09, 3.67595225725e-06, 1.30735325001e-05, 3.09121896862e-05, 7.96496260591e-06, 4.32214183093e-05, 4.70531413157e-05, 1.61775678862e-05, 3.41047416441e-05, 5.33235142939e-05, 2.49255390372e-05, 6.61898002363e-06, 6.18464673607e-06, 3.71692544832e-06, 4.21654431193e-06, 8.41894177483e-07, 7.19466186183e-07, 3.43744204656e-07, 1.69579266185e-07, 2.82865286749e-08, 4.65159928353e-08, 1.37814482049e-09, 2.73742611911e-10, 4.46592415826e-11, 2.36050437009e-13, 3.48478197524e-14, 5.39454025565e-18],
        "max": [0.00063940603286, 0.039672832936, 0.0655166730285, 0.0782552063465, 0.048692971468, 0.201363652945, 0.0782030373812, 0.0805057510734, 0.120235547423, 0.0968331545591, 0.0961353927851, 0.0651705786586, 0.0344008803368, 0.0495439469814, 0.0379433184862, 0.0134663581848, 0.0133953792974, 0.0116950999945, 0.00740684056655, 0.00287878280506, 0.00365052907728, 0.00120656285435, 0.000562451314181, 0.00034013466211, 8.70106759976e-06, 4.31284843216e-06, 1.43229170746e-08],
        "mean": [2.47016014328e-05, 0.000291558128083, 0.000701891258359, 0.00144217244815, 0.00165241991635, 0.0028226848226, 0.00348492525518, 0.000967561558355, 0.00146320718341, 0.00292011699639, 0.00140283699147, 0.000788764737081, 0.000806328316685, 0.000740277348086, 0.00103492208291, 0.000449973274954, 0.000426922430051, 0.000371486123186, 0.000283782574115, 0.000149735264131, 0.000126928920508, 2.17979450099e-05, 7.72227667767e-06, 2.66004690275e-06, 8.2129082557e-07, 3.73816106958e-07, 8.54175563614e-10],
        "median": [1.48886647366e-05, 9.96177986963e-05, 0.000213186169276, 0.000403484591516, 0.00102593540214, 0.00101084657945, 0.00112170272041, 0.000221761845751, 0.000309691647999, 0.00055561948102, 0.0001680978894, 0.000133198380354, 0.000197034911253, 0.000210323298234, 0.000315825047437, 0.000168819940882, 0.000181793991942, 0.000162221491337, 0.000166340309079, 8.79751823959e-05, 5.32141311851e-05, 9.3045655376e-06, 4.01023362429e-06, 1.59647743203e-06, 6.68237419177e-07, 3.16311684401e-07, 3.73441000345e-10],
        "min": [2.66183917764e-26, 5.96378893651e-25, 7.85762456801e-25, 1.75458208346e-25, 4.09706270724e-24, 4.06606284024e-24, 5.4354630517e-24, 4.72883813483e-24, 1.13774095144e-23, 1.03405252186e-23, 7.13708493363e-24, 1.72329252209e-23, 1.43851515526e-23, 2.3166164237e-23, 2.38096585878e-23, 3.22815861032e-23, 4.94669335452e-23, 6.71242690886e-23, 1.05866484011e-22, 1.33383176697e-22, 2.04542330476e-22, 2.62168165219e-22, 3.14306191255e-22, 4.41716668536e-22, 8.16258132812e-22, 1.19276213156e-21, 1.7551064115e-21],
        "var": [1.12868259183e-09, 1.03725892586e-06, 3.72203908228e-06, 1.30510024974e-05, 4.95367385156e-06, 3.65996020264e-05, 4.57761307189e-05, 1.2148823771e-05, 2.35100560531e-05, 4.12023036915e-05, 1.78825030162e-05, 8.09673565527e-06, 5.17803846378e-06, 3.52420579475e-06, 5.35355320608e-06, 6.29876581115e-07, 6.64435219733e-07, 4.03975462859e-07, 1.64374000633e-07, 3.61382532788e-08, 4.48440928835e-08, 2.38148967213e-09, 1.90299331848e-10, 3.70590259868e-11, 6.59057010355e-13, 1.67705909923e-13, 1.49006009779e-18]
    },
    "erbbands": {
        "dmean": [0.00361060281284, 0.0886157825589, 0.611297667027, 2.82625865936, 2.9049539566, 3.91864466667, 6.88850355148, 16.5512733459, 29.5321731567, 23.9308872223, 12.4924879074, 22.1142597198, 42.3854370117, 65.1612091064, 28.5903282166, 19.4900550842, 24.1907119751, 21.2820186615, 31.335357666, 18.1774749756, 14.73320961, 12.1299753189, 9.50031757355, 8.17688083649, 5.58098554611, 3.20084214211, 4.02253961563, 1.23959708214, 0.42401355505, 0.191744402051, 0.0912727713585, 0.0344652347267, 0.0113927423954, 0.00332697061822, 0.00120048830286, 0.000459131901152, 0.000124929705635, 1.99988771783e-05, 3.79202288059e-06, 8.49596654007e-06],
        "dmean2": [0.00611401489004, 0.154422566295, 1.05640304089, 4.69512844086, 4.86147785187, 6.49507522583, 11.2040596008, 26.7893638611, 47.7994422913, 37.7704124451, 19.8525772095, 34.615737915, 66.3235321045, 101.77192688, 43.6650009155, 29.9191741943, 38.1058044434, 33.0395278931, 48.5854377747, 28.4139041901, 22.9503173828, 18.5851020813, 14.5510253906, 12.4352884293, 8.80352783203, 4.83696603775, 6.02412748337, 1.85443079472, 0.615830004215, 0.276880711317, 0.133110433817, 0.0489664785564, 0.0171524807811, 0.00532905384898, 0.0019786846824, 0.000771565188188, 0.000209942241781, 3.39554571838e-05, 5.66810331293e-06, 1.28563715407e-05],
        "dvar": [0.000116808754683, 0.117029651999, 3.90430307388, 67.3368606567, 46.1548728943, 46.6141357422, 439.733154297, 1714.33679199, 4069.95605469, 3812.3137207, 1984.60913086, 8459.375, 15434.9921875, 24989.0898438, 8208.453125, 4463.60644531, 5415.640625, 3366.92602539, 6168.25, 1391.10717773, 1107.52844238, 674.653808594, 415.390258789, 238.454910278, 162.64642334, 27.9353275299, 74.4574279785, 7.39738512039, 1.24478447437, 0.356559157372, 0.0532631576061, 0.0173850487918, 0.000556598126423, 2.53520465776e-05, 2.88394539893e-06, 4.81778329231e-07, 3.7826886512e-08, 1.06982278592e-09, 2.21192474059e-11, 1.19626974993e-10],
        "dvar2": [0.000307551672449, 0.303907692432, 10.2531480789, 170.718978882, 121.960494995, 123.709693909, 1091.42578125, 3936.00146484, 9902.51464844, 9189.00195312, 5083.57763672, 20996.9824219, 37730.6210938, 59410.9648438, 19777.8847656, 9538.87695312, 13386.0644531, 7174.78955078, 12997.8574219, 3220.24975586, 2673.17822266, 1494.54907227, 962.371154785, 524.910339355, 394.723144531, 58.7760810852, 175.277603149, 16.1911716461, 2.15833950043, 0.742166101933, 0.109355010092, 0.0339129380882, 0.00117260485422, 6.24781823717e-05, 7.87645421951e-06, 1.3730154933e-06, 1.07710228292e-07, 3.10393644121e-09, 4.93622920317e-11, 2.73728040234e-10],
        "max": [0.384370565414, 10.8312587738, 56.7140693665, 197.609954834, 247.340454102, 121.163978577, 699.388305664, 2267.46826172, 1210.93981934, 1699.56408691, 1508.82409668, 3767.43676758, 3223.74267578, 2657.41064453, 3225.08007812, 3306.76660156, 1709.53137207, 2374.30004883, 2420.46801758, 769.137084961, 649.033569336, 681.450561523, 704.314880371, 475.813720703, 495.555206299, 139.208602905, 242.489303589, 75.6295318604, 45.9408302307, 27.9970989227, 7.22982168198, 8.52844047546, 1.18015599251, 0.128811940551, 0.0563916303217, 0.0242978334427, 0.00732666905969, 0.00115730741527, 9.93828944047e-05, 0.00023004943796],
        "mean": [0.00447962572798, 0.0874923765659, 0.662739872932, 3.21908640862, 4.26885890961, 6.35086154938, 11.2810192108, 26.7887687683, 46.2475509644, 41.0805702209, 20.2305450439, 33.1536369324, 63.3762016296, 100.161277771, 45.3664855957, 34.6156959534, 40.6139984131, 36.8047180176, 55.7496376038, 34.1223335266, 26.4227104187, 23.8762989044, 19.7187385559, 17.6260509491, 12.1184043884, 7.43914794922, 7.9919719696, 2.50634789467, 0.889354646206, 0.401787132025, 0.198780402541, 0.078595623374, 0.0323982872069, 0.0117816887796, 0.00482817552984, 0.00199328921735, 0.000602061569225, 7.48186721466e-05, 1.36735370688e-05, 2.67132763838e-05],
        "median": [0.00203021732159, 0.0297095626593, 0.209281206131, 0.992124438286, 2.05891871452, 3.55751895905, 5.33826160431, 9.72357082367, 17.2500972748, 11.479221344, 6.43125247955, 8.65411758423, 13.8287086487, 20.1173057556, 10.1754598618, 8.35438537598, 11.3964805603, 12.8981571198, 18.4455032349, 13.9582004547, 10.9326534271, 10.8590126038, 9.32496452332, 9.5692653656, 7.12716245651, 4.61149978638, 3.56111836433, 1.11250257492, 0.381012678146, 0.182837978005, 0.106132909656, 0.0436806902289, 0.0224020984024, 0.00927604082972, 0.00403273198754, 0.00167979439721, 0.000504764320794, 6.25194370514e-05, 1.28692990984e-05, 2.42408841586e-05],
        "min": [5.01415105933e-23, 1.51648083443e-22, 9.26175310286e-22, 2.82835508093e-21, 3.43161168165e-21, 1.44168178051e-20, 2.56304384648e-20, 2.83282508741e-20, 5.74078208513e-20, 1.08780932619e-19, 1.86748870433e-19, 2.44517018914e-19, 3.60576869505e-19, 4.66229288725e-19, 3.94042503288e-19, 1.06962962824e-18, 9.89033698843e-19, 1.35527411891e-18, 1.90775270292e-18, 2.12072358651e-18, 2.97254115322e-18, 3.64032013263e-18, 4.05817041906e-18, 5.79601567467e-18, 5.69218258751e-18, 6.40606551233e-18, 7.94144921403e-18, 8.09308300084e-18, 8.93931110136e-18, 1.01219692734e-17, 9.15568169727e-18, 9.21474156582e-18, 8.67841999052e-18, 7.73022450871e-18, 5.64639441829e-18, 3.78578273848e-18, 1.90992177728e-18, 8.59152694192e-19, 2.18977998447e-19, 2.28876157979e-20],
        "var": [0.000112911096949, 0.0908725112677, 3.23993492126, 65.5093688965, 56.2527923584, 80.7909011841, 674.744262695, 3354.84594727, 7254.16503906, 10297.9697266, 3495.24145508, 13054.6220703, 27199.3203125, 50152.7070312, 14496.1523438, 13010.6767578, 12199.7119141, 7476.98925781, 17302.1621094, 3522.10327148, 2289.66455078, 1708.95043945, 1178.58300781, 754.639221191, 378.033752441, 85.8701782227, 170.294387817, 17.5519428253, 3.7880256176, 0.743153572083, 0.103444680572, 0.030460704118, 0.00142236275133, 0.000133261521114, 2.37653766817e-05, 4.56269344795e-06, 4.41168538146e-07, 6.8318946056e-09, 9.6088907664e-11, 4.38717090434e-10]
    },
    "gfcc": {
        "mean": [-156.557998657, 114.661468506, -148.794937134, 17.1640491486, -52.5496940613, -12.8639354706, -29.9565734863, -4.9874162674, -21.5526714325, -2.91084289551, -11.1644678116, -5.85881567001, -4.06201553345],
        "cov": [[122490.40625, 14454.9121094, -18472.0722656, 2381.21850586, -6338.90917969, -1657.05065918, -3493.33032227, -736.671936035, -2608.46337891, -466.623168945, -1385.81652832, -841.345275879, -492.099517822], [14454.9121094, 1946.68237305, -1998.03344727, 285.115081787, -698.939025879, -235.038711548, -423.982971191, -90.6723709106, -320.956329346, -73.2582244873, -171.342254639, -143.456268311, -70.8805389404], [-18472.0722656, -1998.03344727, 3399.09326172, -178.948104858, 933.676269531, 267.656066895, 397.654388428, 114.71585083, 365.172607422, 104.670585632, 185.842102051, 111.002250671, 29.4147949219], [2381.21850586, 285.115081787, -178.948104858, 336.318756104, -80.3724060059, -42.8424758911, -81.1267547607, -25.03399086, -41.6432037354, -23.6777267456, -67.0028152466, -25.5186958313, -32.0046081543], [-6338.90917969, -698.939025879, 933.676269531, -80.3724060059, 483.119781494, 125.412841797, 213.995803833, 41.4891853333, 115.744995117, 0.790929019451, 62.322933197, 24.5728874207, 30.4610958099], [-1657.05065918, -235.038711548, 267.656066895, -42.8424758911, 125.412841797, 207.260314941, 97.1846313477, -17.1356124878, -5.38272333145, 11.3777694702, 7.15032577515, 3.89583015442, -11.813741684], [-3493.33032227, -423.982971191, 397.654388428, -81.1267547607, 213.995803833, 97.1846313477, 263.54788208, 13.171713829, 65.0006103516, -11.444355011, 36.6764678955, 0.840204119682, 30.6995124817], [-736.671936035, -90.6723709106, 114.71585083, -25.03399086, 41.4891853333, -17.1356124878, 13.171713829, 111.746452332, 48.1366348267, -9.240899086, -2.72081971169, 21.1549339294, 13.7673997879], [-2608.46337891, -320.956329346, 365.172607422, -41.6432037354, 115.744995117, -5.38272333145, 65.0006103516, 48.1366348267, 149.646072388, 22.5070667267, 33.8357696533, 18.5888614655, 1.73443484306], [-466.623168945, -73.2582244873, 104.670585632, -23.6777267456, 0.790929019451, 11.3777694702, -11.444355011, -9.240899086, 22.5070667267, 94.5392990112, 37.4732513428, 0.317414879799, -8.82615184784], [-1385.81652832, -171.342254639, 185.842102051, -67.0028152466, 62.322933197, 7.15032577515, 36.6764678955, -2.72081971169, 33.8357696533, 37.4732513428, 90.6613235474, 36.7422103882, 2.28843307495], [-841.345275879, -143.456268311, 111.002250671, -25.5186958313, 24.5728874207, 3.89583015442, 0.840204119682, 21.1549339294, 18.5888614655, 0.317414879799, 36.7422103882, 78.6922225952, 28.6010417938], [-492.099517822, -70.8805389404, 29.4147949219, -32.0046081543, 30.4610958099, -11.813741684, 30.6995124817, 13.7673997879, 1.73443484306, -8.82615184784, 2.28843307495, 28.6010417938, 75.1933898926]],
        "icov": [[0.000791959522758, -0.00265733315609, 0.00201664562337, -0.00175493152346, 0.00207279017195, -0.00160756253172, 0.00143212196417, -0.000978964846581, 0.000906139845029, -0.000718439638149, -0.000269559037406, -3.64022089343e-05, -0.000438715855125], [-0.00265733315609, 0.0116074569523, -0.00601359969005, 0.00498498324305, -0.00598511099815, 0.00576972123235, -0.00305947428569, 0.00248168013059, -0.000917961529922, 0.00345756276511, -0.000325963512296, 0.00372718879953, 0.00117016164586], [0.00201664562337, -0.00601359969005, 0.00611615087837, -0.00477936957031, 0.00427904073149, -0.004210841842, 0.00419317698106, -0.00271807517856, 0.00211436883546, -0.00216111727059, -0.000977059011348, 0.000264731323114, -0.000880382547621], [-0.00175493152346, 0.00498498324305, -0.00477936957031, 0.00819904636592, -0.00530379125848, 0.00459542684257, -0.00350051908754, 0.00354643980972, -0.00221932586282, 0.000950428191572, 0.0046634087339, -0.00259349541739, 0.00323112006299], [0.00207279017195, -0.00598511099815, 0.00427904073149, -0.00530379125848, 0.0121114803478, -0.00583725841716, 0.00267314189114, -0.00368701037951, 0.00218234397471, 0.000757418863941, -0.00382445100695, 0.00347198965028, -0.00341339525767], [-0.00160756253172, 0.00576972123235, -0.004210841842, 0.00459542684257, -0.00583725841716, 0.0118034686893, -0.00588771048933, 0.00338832824491, 0.00173832580913, -0.00134235050064, 0.00519168656319, -0.00370528222993, 0.00557763315737], [0.00143212196417, -0.00305947428569, 0.00419317698106, -0.00350051908754, 0.00267314189114, -0.00588771048933, 0.011853678152, -0.00218314211816, 0.000472309737233, 0.0024962532334, -0.00512950029224, 0.00677493028343, -0.00522827729583], [-0.000978964846581, 0.00248168013059, -0.00271807517856, 0.00354643980972, -0.00368701037951, 0.00338832824491, -0.00218314211816, 0.0135387321934, -0.00522955087945, 0.00102998968214, 0.00502532022074, -0.00505326548591, 0.000954418210313], [0.000906139845029, -0.000917961529922, 0.00211436883546, -0.00221932586282, 0.00218234397471, 0.00173832580913, 0.000472309737233, -0.00522955087945, 0.0150372432545, -0.00291557144374, -0.00063953892095, 0.000805992225651, 0.00247065746225], [-0.000718439638149, 0.00345756276511, -0.00216111727059, 0.000950428191572, 0.000757418863941, -0.00134235050064, 0.0024962532334, 0.00102998968214, -0.00291557144374, 0.0171981398016, -0.00972319301218, 0.00753762479872, -0.00240326696075], [-0.000269559037406, -0.000325963512296, -0.000977059011348, 0.0046634087339, -0.00382445100695, 0.00519168656319, -0.00512950029224, 0.00502532022074, -0.00063953892095, -0.00972319301218, 0.0268073491752, -0.0161982066929, 0.00805368088186], [-3.64022089343e-05, 0.00372718879953, 0.000264731323114, -0.00259349541739, 0.00347198965028, -0.00370528222993, 0.00677493028343, -0.00505326548591, 0.000805992225651, 0.00753762479872, -0.0161982066929, 0.029907355085, -0.0117783294991], [-0.000438715855125, 0.00117016164586, -0.000880382547621, 0.00323112006299, -0.00341339525767, 0.00557763315737, -0.00522827729583, 0.000954418210313, 0.00247065746225, -0.00240326696075, 0.00805368088186, -0.0117783294991, 0.0213653948158]]
    },
    "melbands": {
        "dmean": [5.5891872762e-05, 0.000244260620093, 0.00047914267634, 0.000222554517677, 0.0002205765486, 0.00037038064329, 0.000452095147921, 0.000230932215345, 0.000104811711935, 0.00014620811271, 0.000218924455112, 0.000276581122307, 0.000120282762509, 5.3692569054e-05, 5.77509672439e-05, 4.71676285088e-05, 4.19471907662e-05, 5.12088226969e-05, 3.90710811189e-05, 1.80419665412e-05, 1.942471863e-05, 1.44532950799e-05, 1.17872814371e-05, 8.9313771241e-06, 7.22307731849e-06, 4.75958995594e-06, 2.81021380033e-06, 2.3018990305e-06, 3.19734999721e-06, 1.43798570207e-06, 5.64852143725e-07, 2.78924233044e-07, 1.57374216769e-07, 9.92330058125e-08, 6.10598789308e-08, 3.64729366709e-08, 1.76305050559e-08, 9.52477208216e-09, 5.29175014918e-09, 2.68802513581e-09],
        "dmean2": [9.67212763499e-05, 0.000418982031988, 0.000794029969256, 0.00037021577009, 0.000358035526006, 0.000601380772423, 0.000730461557396, 0.000364770443412, 0.000164846816915, 0.000228505683481, 0.000343366584275, 0.000432541331975, 0.000186289937119, 8.21866196929e-05, 8.98646976566e-05, 7.50834660721e-05, 6.5104184614e-05, 7.9826459114e-05, 6.05497698416e-05, 2.84987854684e-05, 3.02469525195e-05, 2.25615567615e-05, 1.83414322237e-05, 1.38854784382e-05, 1.10725359264e-05, 7.58173518989e-06, 4.42890268459e-06, 3.5385130559e-06, 4.85635700898e-06, 2.20658580474e-06, 8.70218855198e-07, 4.21970440811e-07, 2.30139306723e-07, 1.51104018187e-07, 9.17703601999e-08, 5.33492361399e-08, 2.62332751078e-08, 1.48200607342e-08, 8.4495583863e-09, 4.44928272003e-09],
        "dvar": [4.42452154914e-08, 6.3363273739e-07, 1.82983330888e-06, 1.64672982805e-07, 3.50374676827e-07, 7.93866831827e-07, 8.80652237356e-07, 4.0879746166e-07, 1.40906337265e-07, 3.47669725898e-07, 4.09027563819e-07, 4.47199312248e-07, 1.62693410743e-07, 3.94297714479e-08, 3.25540305823e-08, 1.88029254389e-08, 1.43806868635e-08, 1.74204242143e-08, 8.18961254367e-09, 1.44553502501e-09, 2.28904140087e-09, 1.16691623031e-09, 6.91888102367e-10, 3.83340165167e-10, 2.08402933799e-10, 9.48536457712e-11, 3.25256453715e-11, 1.6428304897e-11, 4.60496328569e-11, 8.48819885907e-12, 1.98155077416e-12, 5.61182339747e-13, 1.80645198778e-13, 1.27287029116e-13, 2.1631092032e-14, 2.0161733814e-14, 2.58639964609e-15, 3.13488534905e-16, 9.79771678942e-17, 1.78999039055e-17],
        "dvar2": [1.1791183141e-07, 1.60395893545e-06, 4.6449704314e-06, 4.32729819977e-07, 8.70985331858e-07, 1.85014880572e-06, 2.12178815673e-06, 9.9802036857e-07, 3.60593958249e-07, 8.7817829808e-07, 9.98598352453e-07, 1.06633990526e-06, 4.08327650803e-07, 8.32889881508e-08, 7.5537172961e-08, 4.75863828342e-08, 2.97660349702e-08, 3.71700537016e-08, 1.77471104479e-08, 3.49086048956e-09, 5.4388111792e-09, 2.6553244048e-09, 1.61417923472e-09, 8.83732031998e-10, 4.6331938286e-10, 2.22282109386e-10, 8.05484914879e-11, 3.53710324918e-11, 1.08989178793e-10, 1.96199549662e-11, 4.36004400986e-12, 1.05533756647e-12, 3.41430632681e-13, 3.03454472921e-13, 4.52577869116e-14, 4.06170153663e-14, 5.17083756387e-15, 6.77165942457e-16, 2.29433432143e-16, 4.88886770727e-17],
        "max": [0.00739317992702, 0.0245793554932, 0.0341284461319, 0.0132237970829, 0.0186985731125, 0.0454786419868, 0.0167328771204, 0.0173642449081, 0.0116476304829, 0.0216980855912, 0.016614228487, 0.0109023703262, 0.0132733732462, 0.00817063450813, 0.00707813585177, 0.00434757908806, 0.00547362910584, 0.00414136424661, 0.00244101439603, 0.00119158183224, 0.00107524672057, 0.000830825592857, 0.000781608163379, 0.000481783703435, 0.000469426217023, 0.000297943828627, 0.000263396417722, 0.000128474159283, 0.000173621272552, 5.53632744413e-05, 4.12454210164e-05, 3.01250784105e-05, 1.81157720363e-05, 2.0615352696e-05, 4.25498774348e-06, 8.85799909156e-06, 2.87939974442e-06, 6.54439361369e-07, 3.79051897426e-07, 1.02749567077e-07],
        "mean": [6.11874420429e-05, 0.000263331865426, 0.000583617715165, 0.000374595634639, 0.000377537071472, 0.000597235804889, 0.000726035621483, 0.00039590196684, 0.000158114213264, 0.000213384686504, 0.000318666599924, 0.00041762625915, 0.000181362978765, 8.64111425471e-05, 9.64373102761e-05, 7.40446921554e-05, 6.6810498538e-05, 8.66590344231e-05, 6.66588020977e-05, 3.07711343339e-05, 3.14625794999e-05, 2.46033396252e-05, 2.18303994188e-05, 1.63492422871e-05, 1.41680820889e-05, 9.62635022006e-06, 5.74576324652e-06, 4.69241240353e-06, 5.93492313783e-06, 2.64637469627e-06, 1.0136260471e-06, 5.31476587184e-07, 2.99593068576e-07, 1.89804993056e-07, 1.24131986468e-07, 7.02464078017e-08, 3.81990012954e-08, 2.43627180652e-08, 1.42440512718e-08, 8.31418223157e-09],
        "median": [2.54686892731e-05, 8.74055549502e-05, 0.000209152232856, 0.000213247927604, 0.000195295448066, 0.000207128876355, 0.000270686432486, 0.000102211481135, 4.36338523286e-05, 4.76805798826e-05, 5.92768883507e-05, 7.50113540562e-05, 2.70692562481e-05, 1.64296889125e-05, 2.05378710234e-05, 2.02227056434e-05, 1.84080854524e-05, 2.4098351787e-05, 2.16341868509e-05, 1.15708317026e-05, 1.00346278487e-05, 9.84941016213e-06, 9.10528706299e-06, 7.01829094396e-06, 6.85489021635e-06, 5.1205292948e-06, 3.48150751961e-06, 2.64286268248e-06, 2.44344869316e-06, 1.08407334665e-06, 4.02176397074e-07, 2.16754855842e-07, 1.19838730939e-07, 8.62851905481e-08, 6.39547508285e-08, 3.52725244568e-08, 2.20571667597e-08, 1.68866414185e-08, 1.02647570444e-08, 6.65182087189e-09],
        "min": [5.71612260405e-25, 4.34510010014e-25, 4.8639053213e-25, 6.25229952841e-25, 8.39360822145e-25, 6.76279557905e-25, 9.37118141849e-25, 1.18484511799e-24, 1.26719420928e-24, 1.28178744577e-24, 1.55565342662e-24, 1.7922549002e-24, 1.06482239645e-24, 2.16380325896e-24, 1.87310702931e-24, 1.4349367047e-24, 1.99310638085e-24, 1.50270025089e-24, 2.55979526174e-24, 1.88097729735e-24, 2.6940800954e-24, 2.92526801102e-24, 2.49881670819e-24, 2.79399228728e-24, 3.26473793272e-24, 3.63563666453e-24, 2.66520837792e-24, 3.84888588316e-24, 3.74841853043e-24, 3.39377624972e-24, 3.95917139872e-24, 4.43407631329e-24, 4.25802188634e-24, 5.29038522034e-24, 4.75246451894e-24, 4.6650969904e-24, 5.02148225927e-24, 5.02834140484e-24, 5.1815661972e-24, 5.76576266259e-24],
        "var": [3.46756223735e-08, 5.51956532036e-07, 1.84625559996e-06, 2.7791045909e-07, 5.78982621846e-07, 1.58101840952e-06, 1.7339683609e-06, 1.05150775198e-06, 2.33286542084e-07, 5.41638939922e-07, 7.26341056634e-07, 8.89187845132e-07, 2.84458508304e-07, 9.13680153758e-08, 9.43047311353e-08, 3.62490375494e-08, 3.17075325995e-08, 4.56233912871e-08, 1.89069258028e-08, 3.11959991173e-09, 4.5552961403e-09, 2.58981813772e-09, 1.81650816611e-09, 8.56862358845e-10, 6.07507766315e-10, 2.59689963977e-10, 6.54380924447e-11, 4.30437387122e-11, 1.02166941574e-10, 1.80667737715e-11, 4.27970289416e-12, 1.5260157504e-12, 4.78674391791e-13, 1.79084760801e-13, 4.10805389001e-14, 3.23520710547e-14, 4.85249590076e-15, 8.00381813591e-16, 2.53729275215e-16, 7.35442312154e-17]
    },
    "mfcc": {
        "mean": [-716.05267334, 137.053665161, -41.9581985474, 25.1208267212, -13.166762352, -4.32821798325, -7.38366937637, -7.27283620834, -6.74332332611, -1.47478628159, -8.7517747879, -3.2881026268, -4.89308023453],
        "cov": [[24623.1191406, 7349.02050781, -2633.67211914, 1640.22106934, -852.578735352, -89.4903411865, -378.60559082, -313.733337402, -332.409057617, -37.0678367615, -520.48260498, -201.601867676, -290.469512939], [7349.02050781, 2666.64404297, -657.697265625, 443.180297852, -181.97958374, -115.537963867, -100.676849365, -154.835479736, -126.661376953, -15.2088451385, -151.828536987, -72.0318222046, -99.9373703003], [-2633.67211914, -657.697265625, 791.916931152, -48.14635849, 188.273971558, 40.803024292, 4.41475772858, -14.9696378708, 9.08294677734, -15.8198738098, 65.4847946167, 56.5149459839, 8.79656791687], [1640.22106934, 443.180297852, -48.14635849, 352.082733154, 8.55637454987, -29.2773303986, -51.7917022705, -23.9243068695, 4.48548412323, -21.544757843, -49.9164390564, 9.7707157135, -30.3118801117], [-852.578735352, -181.97958374, 188.273971558, 8.55637454987, 191.841033936, 1.38511455059, 2.69670605659, 14.5446414948, 10.8384094238, -1.70615625381, 9.71279525757, 9.50097942352, 7.26597166061], [-89.4903411865, -115.537963867, 40.803024292, -29.2773303986, 1.38511455059, 178.179397583, 75.5817871094, -0.948694884777, -6.37063837051, 7.88807678223, 13.2979345322, -23.8512363434, -5.91109704971], [-378.60559082, -100.676849365, 4.41475772858, -51.7917022705, 2.69670605659, 75.5817871094, 145.061203003, 22.6867084503, 6.12210130692, 12.8979692459, 0.859005451202, -26.2906188965, -13.9704437256], [-313.733337402, -154.835479736, -14.9696378708, -23.9243068695, 14.5446414948, -0.948694884777, 22.6867084503, 116.623062134, 41.3903923035, -6.93531084061, -5.75162124634, -3.5928299427, 8.36644649506], [-332.409057617, -126.661376953, 9.08294677734, 4.48548412323, 10.8384094238, -6.37063837051, 6.12210130692, 41.3903923035, 92.7003860474, 20.7594013214, -6.6800365448, -6.48347520828, -5.01473617554], [-37.0678367615, -15.2088451385, -15.8198738098, -21.544757843, -1.70615625381, 7.88807678223, 12.8979692459, -6.93531084061, 20.7594013214, 75.8256912231, 21.8197345734, -19.5168647766, -11.1099405289], [-520.48260498, -151.828536987, 65.4847946167, -49.9164390564, 9.71279525757, 13.2979345322, 0.859005451202, -5.75162124634, -6.6800365448, 21.8197345734, 82.2643890381, 27.7737083435, 7.78067970276], [-201.601867676, -72.0318222046, 56.5149459839, 9.7707157135, 9.50097942352, -23.8512363434, -26.2906188965, -3.5928299427, -6.48347520828, -19.5168647766, 27.7737083435, 92.0156402588, 30.5917778015], [-290.469512939, -99.9373703003, 8.79656791687, -30.3118801117, 7.26597166061, -5.91109704971, -13.9704437256, 8.36644649506, -5.01473617554, -11.1099405289, 7.78067970276, 30.5917778015, 70.5284347534]],
