{
"lowlevel": {
    "average_loudness": 0.88773393631,
    "barkbands_crest": {
        "dmean": 2.31264901161,
        "dmean2": 3.78686594963,
        "dvar": 5.02416038513,
        "dvar2": 12.4663877487,
        "max": 26.8337440491,
        "mean": 8.4692401886,
        "median": 7.33684301376,
        "min": 1.9640494585,
        "var": 18.9020709991
    },
    "barkbands_flatness_db": {
        "dmean": 0.01755602099,
        "dmean2": 0.0263188760728,
        "dvar": 0.000286397204036,
        "dvar2": 0.000596277939621,
        "max": 0.490691035986,
        "mean": 0.120086677372,
        "median": 0.112174071372,
        "min": 0.0410604476929,
        "var": 0.00178257457446
    },
    "barkbands_kurtosis": {
        "dmean": 2.36132049561,
        "dmean2": 3.55550742149,
        "dvar": 44.839630127,
        "dvar2": 91.7375106812,
        "max": 343.359893799,
        "mean": 3.1470990181,
        "median": 0.0559434890747,
        "min": -1.91787314415,
        "var": 145.746124268
    },
    "barkbands_skewness": {
        "dmean": 0.518035531044,
        "dmean2": 0.778423845768,
        "dvar": 0.370712399483,
        "dvar2": 0.767773032188,
        "max": 18.4694232941,
        "mean": 0.906666219234,
        "median": 0.646305084229,
        "min": -4.76233577728,
        "var": 2.33818674088
    },
    "barkbands_spread": {
        "dmean": 6.53521442413,
        "dmean2": 9.92958259583,
        "dvar": 61.4699058533,
        "dvar2": 130.774200439,
        "max": 133.503173828,
        "mean": 26.2091331482,
        "median": 23.9148769379,
        "min": 0.798040986061,
        "var": 210.721817017
    },
    "dissonance": {
        "dmean": 0.0151620255783,
        "dmean2": 0.0250854771584,
        "dvar": 0.0002428599837,
        "dvar2": 0.000614563876297,
        "max": 0.500000119209,
        "mean": 0.470853626728,
        "median": 0.477947622538,
        "min": 0.298373878002,
        "var": 0.000680327357259
    },
    "dynamic_complexity": 2.88091564178,
    "erbbands_crest": {
        "dmean": 2.54792785645,
        "dmean2": 4.10052013397,
        "dvar": 6.19721508026,
        "dvar2": 14.7771549225,
        "max": 29.7789478302,
        "mean": 8.99913406372,
        "median": 7.75552511215,
        "min": 2.3952755928,
        "var": 20.4911823273
    },
    "erbbands_flatness_db": {
        "dmean": 0.0170528404415,
        "dmean2": 0.0238254033029,
        "dvar": 0.000239390967181,
        "dvar2": 0.000458074675407,
        "max": 0.309549629688,
        "mean": 0.172226667404,
        "median": 0.172106787562,
        "min": 0.0730248466134,
        "var": 0.00127628224436
    },
    "erbbands_kurtosis": {
        "dmean": 1.06152796745,
        "dmean2": 1.60187697411,
        "dvar": 3.63828158379,
        "dvar2": 7.27761602402,
        "max": 63.56665802,
        "mean": 0.758673191071,
        "median": 0.0462930202484,
        "min": -1.80216646194,
        "var": 9.14186954498
    },
    "erbbands_skewness": {
        "dmean": 0.396652162075,
        "dmean2": 0.58327627182,
        "dvar": 0.177643880248,
        "dvar2": 0.337453901768,
        "max": 7.36112594604,
        "mean": 0.152786403894,
        "median": 0.101783439517,
        "min": -4.75963926315,
        "var": 1.03555619717
    },
    "erbbands_spread": {
        "dmean": 8.74751472473,
        "dmean2": 13.1607408524,
        "dvar": 110.348648071,
        "dvar2": 235.948226929,
        "max": 137.343994141,
        "mean": 37.5120658875,
        "median": 32.3038711548,
        "min": 4.45733451843,
        "var": 379.139984131
    },
    "hfc": {
        "dmean": 7.52410650253,
        "dmean2": 11.0725135803,
        "dvar": 140.871139526,
        "dvar2": 263.800048828,
        "max": 243.096206665,
        "mean": 28.6218852997,
        "median": 22.693069458,
        "min": 1.10988758634e-16,
        "var": 665.741760254
    },
    "melbands_crest": {
        "dmean": 3.21758341789,
        "dmean2": 5.24202442169,
        "dvar": 9.38037776947,
        "dvar2": 22.5552368164,
        "max": 39.9305114746,
        "mean": 11.2400712967,
        "median": 10.0735397339,
        "min": 1.75517010689,
        "var": 31.2722473145
    },
    "melbands_flatness_db": {
        "dmean": 0.0220725145191,
        "dmean2": 0.0334095843136,
        "dvar": 0.000530133314896,
        "dvar2": 0.00115328305401,
        "max": 0.453394532204,
        "mean": 0.137046262622,
        "median": 0.124830327928,
        "min": 0.0041294596158,
        "var": 0.00409372756258
    },
    "melbands_kurtosis": {
        "dmean": 5.85463905334,
        "dmean2": 9.24083518982,
        "dvar": 319.13949585,
        "dvar2": 762.709350586,
        "max": 846.911621094,
        "mean": 10.2550077438,
        "median": 2.60910177231,
        "min": -1.84998321533,
        "var": 745.68560791
    },
    "melbands_skewness": {
        "dmean": 0.656488716602,
        "dmean2": 1.01675784588,
        "dvar": 0.758104801178,
        "dvar2": 1.75392150879,
        "max": 28.3965053558,
        "mean": 1.95341956615,
        "median": 1.46293795109,
        "min": -1.71228253841,
        "var": 3.52749276161
    },
    "melbands_spread": {
        "dmean": 11.1167440414,
        "dmean2": 17.0099639893,
        "dvar": 259.910461426,
        "dvar2": 503.925170898,
        "max": 228.226730347,
        "mean": 41.1555137634,
        "median": 33.6381835938,
        "min": 0.656392037868,
        "var": 1103.6307373
    },
    "pitch_salience": {
        "dmean": 0.064093478024,
        "dmean2": 0.103194735944,
        "dvar": 0.00362720596604,
        "dvar2": 0.00912921503186,
        "max": 0.938749492168,
        "mean": 0.602395176888,
        "median": 0.608972489834,
        "min": 0.00636268639937,
        "var": 0.0135325202718
    },
    "silence_rate_20dB": {
        "dmean": 0,
        "dmean2": 0,
        "dvar": 0,
        "dvar2": 0,
        "max": 1,
        "mean": 1,
        "median": 1,
        "min": 1,
        "var": 0
    },
    "silence_rate_30dB": {
        "dmean": 0,
        "dmean2": 0,
        "dvar": 0,
        "dvar2": 0,
        "max": 1,
        "mean": 1,
        "median": 1,
        "min": 1,
        "var": 0
    },
    "silence_rate_60dB": {
        "dmean": 0.0191972069442,
        "dmean2": 0.0383992008865,
        "dvar": 0.0188270546496,
        "dvar2": 0.0401643924415,
        "max": 1,
        "mean": 0.0486102439463,
        "median": 0,
        "min": 0,
        "var": 0.0462429523468
    },
    "spectral_centroid": {
        "dmean": 313.646881104,
        "dmean2": 478.090179443,
        "dvar": 166097.46875,
        "dvar2": 340278.78125,
        "max": 11612.0947266,
        "mean": 1945.62072754,
        "median": 1891.71716309,
        "min": 288.701141357,
        "var": 1252642.125
    },
    "spectral_complexity": {
        "dmean": 3.72151589394,
        "dmean2": 5.84715127945,
        "dvar": 17.7697277069,
        "dvar2": 40.6586418152,
        "max": 61,
        "mean": 23.7250404358,
        "median": 23,
        "min": 0,
        "var": 178.480041504
    },
    "spectral_decrease": {
        "dmean": 1.11616293985e-09,
        "dmean2": 1.72007097454e-09,
        "dvar": 1.59649870049e-18,
        "dvar2": 3.72373509355e-18,
        "max": 1.50657206014e-28,
        "mean": -4.30139301955e-09,
        "median": -3.91983867587e-09,
        "min": -1.72161076506e-08,
        "var": 7.17725840512e-18
    },
    "spectral_energy": {
        "dmean": 0.00466683320701,
        "dmean2": 0.00716467294842,
        "dvar": 2.62638295681e-05,
        "dvar2": 6.10171809967e-05,
        "max": 0.0694435685873,
        "mean": 0.0188305452466,
        "median": 0.0173613522202,
        "min": 1.04087117236e-20,
        "var": 0.000131615510327
    },
    "spectral_energyband_high": {
        "dmean": 0.00080122903455,
        "dmean2": 0.00117242068518,
        "dvar": 3.02153080156e-06,
        "dvar2": 5.28423288415e-06,
        "max": 0.0337219685316,
        "mean": 0.00184246757999,
        "median": 0.000893830147106,
        "min": 7.32977423142e-21,
        "var": 9.53126618697e-06
    },
    "spectral_energyband_low": {
        "dmean": 0.00112891104072,
        "dmean2": 0.00191450631246,
        "dvar": 6.66132973492e-06,
        "dvar2": 1.78796763066e-05,
        "max": 0.0261898748577,
        "mean": 0.00141926389188,
        "median": 0.000652146001812,
        "min": 2.23779580863e-23,
        "var": 5.54592224944e-06
    },
    "spectral_energyband_middle_high": {
        "dmean": 0.00197234377265,
        "dmean2": 0.00311866705306,
        "dvar": 7.55584505896e-06,
        "dvar2": 1.77538640855e-05,
        "max": 0.0446651317179,
        "mean": 0.00747416075319,
        "median": 0.00528308888897,
        "min": 1.14450393802e-21,
        "var": 5.33402453584e-05
    },
    "spectral_energyband_middle_low": {
        "dmean": 0.00336257577874,
        "dmean2": 0.00525969127193,
        "dvar": 1.74843389686e-05,
        "dvar2": 4.17663322878e-05,
        "max": 0.0612398199737,
        "mean": 0.00892472360283,
        "median": 0.00668877083808,
        "min": 1.41964140566e-22,
        "var": 5.35023136763e-05
    },
    "spectral_entropy": {
        "dmean": 0.140650853515,
        "dmean2": 0.190194278955,
        "dvar": 0.0236902758479,
        "dvar2": 0.0399758182466,
        "max": 9.82067871094,
        "mean": 7.72267007828,
        "median": 7.73151826859,
        "min": 5.71332025528,
        "var": 0.182692751288
    },
    "spectral_flux": {
        "dmean": 0.017113795504,
        "dmean2": 0.026338942349,
        "dvar": 0.000331809656927,
        "dvar2": 0.00069439469371,
        "max": 0.238681703806,
        "mean": 0.0753885433078,
        "median": 0.0738287419081,
        "min": 6.40631575566e-11,
        "var": 0.00126907473896
    },
    "spectral_kurtosis": {
        "dmean": 1.0502166748,
        "dmean2": 1.72114276886,
        "dvar": 1.05706417561,
        "dvar2": 2.9374935627,
        "max": 13.6013507843,
        "mean": 2.71864295006,
        "median": 2.58421707153,
        "min": -1.31885051727,
        "var": 3.04568171501
    },
    "spectral_rms": {
        "dmean": 0.000528271426447,
        "dmean2": 0.000798844674136,
        "dvar": 2.9561692827e-07,
        "dvar2": 6.47279023269e-07,
        "max": 0.00823102798313,
        "mean": 0.00404733605683,
        "median": 0.00411556847394,
        "min": 3.18666599185e-12,
        "var": 1.99028249881e-06
    },
    "spectral_rolloff": {
        "dmean": 654.406860352,
        "dmean2": 1065.2902832,
        "dvar": 1072279.25,
        "dvar2": 2168884.75,
        "max": 19702.8808594,
        "mean": 2759.53442383,
        "median": 2325.5859375,
        "min": 21.533203125,
        "var": 5643542.5
    },
    "spectral_skewness": {
        "dmean": 0.193407550454,
        "dmean2": 0.290238261223,
        "dvar": 0.0305241011083,
        "dvar2": 0.0689603462815,
        "max": 3.08525109291,
        "mean": 1.15345621109,
        "median": 1.16562795639,
        "min": -0.185729369521,
        "var": 0.161819085479
    },
    "spectral_spread": {
        "dmean": 555151.25,
        "dmean2": 748225.375,
        "dvar": 751660695552,
        "dvar2": 1.42214535578e+12,
        "max": 43123940,
        "mean": 4867907.5,
        "median": 4231890,
        "min": 2113435,
        "var": 1.04309802926e+13
    },
    "spectral_strongpeak": {
        "dmean": 0.822792887688,
        "dmean2": 1.3901283741,
        "dvar": 1.55410218239,
        "dvar2": 3.94159293175,
        "max": 14.535738945,
        "mean": 1.54393589497,
        "median": 0.944496631622,
        "min": 0,
        "var": 3.0551006794
    },
    "zerocrossingrate": {
        "dmean": 0.0129033587873,
        "dmean2": 0.0140684777871,
        "dvar": 0.000289351854008,
        "dvar2": 0.000254871265497,
        "max": 0.88427734375,
        "mean": 0.0963977202773,
        "median": 0.0849609375,
        "min": 0,
        "var": 0.00397972017527
    },
    "barkbands": {
        "dmean": [1.27027105918e-05, 0.000347538414644, 0.000546426686924, 0.000715090136509, 0.00103500066325, 0.000985984806903, 0.000671164656524, 0.000882680993527, 0.000863179739099, 0.000739935494494, 0.000330943701556, 0.000367439235561, 0.000438825576566, 0.000384677288821, 0.00045050677727, 0.000360922451364, 0.000368716748198, 0.000225931988098, 0.000278533785604, 0.000254434562521, 0.000254885002505, 0.000231685524341, 0.000169812861714, 0.000114464317448, 6.68508509989e-05, 1.73177409124e-06, 3.07766789831e-08],
        "dmean2": [2.06408931263e-05, 0.00060185341863, 0.000983791192994, 0.00121308560483, 0.0016872275155, 0.00153347162995, 0.00108071847353, 0.00143135827966, 0.00133963581175, 0.00118688994553, 0.000548900279682, 0.000612481031567, 0.000712549895979, 0.00062578957295, 0.000734720204491, 0.000593903008848, 0.000604138127528, 0.000368935056031, 0.000449004903203, 0.000404942053137, 0.000419727177359, 0.000353214127244, 0.000241442015977, 0.000166112324223, 8.9396678959e-05, 2.32953925661e-06, 5.22991605578e-08],
        "dvar": [4.1316663979e-10, 6.95199389611e-07, 2.26075189858e-06, 2.41397765421e-06, 3.97124813389e-06, 3.75034778699e-06, 3.75849390366e-06, 5.22397840541e-06, 3.64617699233e-06, 2.9691555028e-06, 6.79862523612e-07, 9.28476140416e-07, 8.2385645328e-07, 7.28597399302e-07, 9.91922547655e-07, 6.2839342263e-07, 6.24196786703e-07, 1.6470481512e-07, 2.67676313115e-07, 1.58412419182e-07, 2.96250476595e-07, 4.57169107904e-07, 3.17385485005e-07, 7.68684742525e-08, 2.20294680275e-08, 1.85787826096e-11, 2.6029703634e-15],
        "dvar2": [1.03216868386e-09, 1.92562310986e-06, 6.48297918815e-06, 6.19792854195e-06, 9.49482091528e-06, 8.18666831037e-06, 9.28537247091e-06, 1.39116764331e-05, 8.21845060273e-06, 7.20575599189e-06, 1.85709825473e-06, 2.44836132879e-06, 2.0852075977e-06, 1.70648593212e-06, 2.5364602152e-06, 1.62958815508e-06, 1.60726062859e-06, 4.01398892791e-07, 6.63186426664e-07, 3.70212916323e-07, 7.38233666198e-07, 8.79073184024e-07, 5.47028491837e-07, 1.46819246538e-07, 3.87083929354e-08, 3.77852991951e-11, 7.12961353638e-15],
        "max": [0.000298859697068, 0.00821406580508, 0.016029894352, 0.0235667023808, 0.0452731698751, 0.0410115607083, 0.0576389431953, 0.0410014986992, 0.0359451286495, 0.0431504920125, 0.0243172869086, 0.0284774918109, 0.0181032083929, 0.0218002945185, 0.0225957129151, 0.0238086674362, 0.0269207078964, 0.00922616198659, 0.0133807444945, 0.0081378435716, 0.0113450968638, 0.0147216636688, 0.0135189266875, 0.00634965253994, 0.00385689875111, 0.000165551507962, 7.32316379981e-07],
        "mean": [1.59947467182e-05, 0.000438195042079, 0.000525340961758, 0.00080123526277, 0.00207928498276, 0.0017277111765, 0.000993334921077, 0.00131313083693, 0.00140517239925, 0.00135746714659, 0.000548424955923, 0.000642674625851, 0.000788119854406, 0.00070770655293, 0.000924633757677, 0.000697024690453, 0.000733887543902, 0.000453559448943, 0.000608204456512, 0.000554228608962, 0.000446589954663, 0.000418354669819, 0.000312980933813, 0.000211973165278, 0.000122063531308, 3.19997525366e-06, 3.71370205698e-08],
        "median": [6.12183521298e-06, 0.000209228543099, 0.000184608652489, 0.000287339033093, 0.00108802772593, 0.000674352049828, 0.000322817824781, 0.000374315131921, 0.000399267999455, 0.000470838625915, 0.00018063627067, 0.000166177371284, 0.000249371689279, 0.000202496274142, 0.000273688900052, 0.000259171822108, 0.000343535473803, 0.000232981881709, 0.000311874930048, 0.000306419009576, 0.000167190693901, 0.000162626078236, 9.55200230237e-05, 7.08708466846e-05, 3.60554658982e-05, 1.51173651375e-06, 1.83837869372e-08],
        "min": [1.28921052828e-24, 5.41634974082e-24, 7.13940418469e-25, 2.15734564359e-24, 8.63325193711e-24, 1.06715793749e-23, 4.89340319713e-24, 3.7550031524e-24, 1.11782576346e-23, 1.63483565552e-23, 1.8567329196e-23, 2.59344507028e-23, 2.83980743539e-23, 5.22462672191e-23, 5.50332591547e-23, 5.2366524331e-23, 8.30463851641e-23, 7.26366650112e-23, 1.22950207235e-22, 1.82866023144e-22, 2.80861088959e-22, 3.15663789319e-22, 3.8963725802e-22, 4.41554403003e-22, 8.88862416661e-22, 1.27104217496e-21, 1.89995227988e-21],
        "var": [6.10077377505e-10, 5.72772819396e-07, 1.46490197039e-06, 2.20505398829e-06, 1.1859496226e-05, 9.82386427495e-06, 5.61148499401e-06, 8.88393788046e-06, 8.18914941192e-06, 7.86548844189e-06, 1.58246473347e-06, 2.58516843132e-06, 2.08442179428e-06, 2.02018645723e-06, 2.75144680018e-06, 1.45771082316e-06, 1.45093849824e-06, 4.01315048748e-07, 9.56373810368e-07, 5.31941623194e-07, 5.50142317479e-07, 1.00454326457e-06, 8.40628615606e-07, 2.19999336082e-07, 8.25890609235e-08, 5.18406706451e-11, 3.06616080148e-15]
    },
    "erbbands": {
        "dmean": [0.00580912875012, 0.0968662574887, 0.512520849705, 1.71508514881, 2.25143289566, 3.9280500412, 6.56848859787, 9.13266086578, 8.64416122437, 10.1033554077, 21.6863155365, 22.2270412445, 22.258638382, 15.6992511749, 12.21276474, 17.1731967926, 20.6500034332, 17.6505680084, 19.5218772888, 23.4117984772, 16.1901836395, 17.4019145966, 13.1808834076, 15.4008626938, 11.5833778381, 11.3565692902, 11.8104839325, 8.76368141174, 8.13838291168, 7.46868562698, 4.51218700409, 2.97130823135, 1.57034432888, 0.787171781063, 0.472706228495, 0.0330138653517, 0.0029813805595, 0.000234569146414, 1.18166881293e-05, 7.15187343303e-06],
        "dmean2": [0.00976289249957, 0.168706119061, 0.91532766819, 2.9318113327, 3.82505345345, 6.41283750534, 10.1485729218, 14.4611282349, 13.8668832779, 16.1987457275, 35.3877983093, 34.6932067871, 35.1244354248, 24.9946460724, 20.1597862244, 28.4738750458, 33.5276374817, 28.639125824, 31.7063484192, 38.5145187378, 26.5151386261, 28.4653568268, 21.5164642334, 24.883436203, 18.8183612823, 18.2120380402, 19.4846897125, 14.0000705719, 12.6207494736, 11.2265129089, 6.34991645813, 4.25199174881, 2.26482844353, 1.06127023697, 0.658597946167, 0.0442228168249, 0.00387146929279, 0.000316160498187, 1.5110644199e-05, 1.04914224721e-05],
        "dvar": [0.000104643055238, 0.060592956841, 2.01782917976, 14.615609169, 16.191028595, 79.1446609497, 183.610733032, 401.108032227, 580.485534668, 483.629821777, 3594.19311523, 2673.62890625, 3070.19042969, 1400.82434082, 724.991882324, 2119.69482422, 1877.3828125, 1312.29321289, 2330.92456055, 2063.75024414, 1396.58325195, 1447.31152344, 541.338928223, 1100.421875, 345.894683838, 309.559692383, 549.940307617, 379.327972412, 546.96875, 548.849975586, 223.757324219, 65.0567855835, 13.5621938705, 3.74303174019, 1.04612994194, 0.00333555066027, 2.22554790525e-05, 1.00615828558e-07, 3.17850412657e-10, 6.97478116929e-11],
        "dvar2": [0.000286517693894, 0.166066706181, 5.71232366562, 38.813331604, 44.5979118347, 188.304122925, 388.462036133, 900.004943848, 1394.13452148, 1148.8137207, 9667.58398438, 6122.98828125, 7407.82373047, 3415.85644531, 2007.07617188, 5568.06787109, 4711.03515625, 3082.19262695, 5879.88183594, 5296.3515625, 3491.31933594, 3707.6171875, 1300.32666016, 2703.33203125, 852.91998291, 719.353942871, 1408.30175781, 837.663024902, 1117.50891113, 990.22052002, 387.004669189, 121.358169556, 27.7180919647, 6.58146047592, 2.06507873535, 0.00673743709922, 4.56011330243e-05, 2.00921775217e-07, 5.25733290235e-10, 1.42422115768e-10],
        "max": [0.107276052237, 2.4764342308, 14.6319179535, 47.1217422485, 64.1924819946, 251.085479736, 300.39730835, 373.128479004, 609.36730957, 522.398498535, 1082.50305176, 1029.19958496, 1409.90039062, 983.599365234, 597.445068359, 1320.14929199, 967.499206543, 942.034912109, 1285.38049316, 1022.68518066, 1038.77307129, 1523.90332031, 596.308898926, 977.837646484, 337.460906982, 365.098846436, 364.194549561, 480.026397705, 481.224517822, 552.491271973, 365.320037842, 219.449249268, 94.3068084717, 58.8607444763, 24.487531662, 1.47669565678, 0.104009993374, 0.00581374764442, 0.000388084328733, 0.000148798208102],
        "mean": [0.00854643713683, 0.115265145898, 0.52256757021, 1.91869664192, 3.48019337654, 7.40985822678, 13.0628385544, 14.7970991135, 13.7574081421, 16.2291984558, 34.1391639709, 37.316986084, 41.776512146, 29.8687725067, 22.3131141663, 31.7918586731, 38.9579849243, 36.3392448425, 37.8656311035, 55.6601257324, 34.9518585205, 36.1115837097, 29.0990715027, 33.5691642761, 25.497253418, 24.873041153, 22.3050804138, 16.119058609, 14.7206583023, 12.7681026459, 8.38767337799, 5.48903560638, 2.86646747589, 1.40253317356, 0.82360470295, 0.0631730556488, 0.00583925051615, 0.000564588408452, 3.62062964996e-05, 2.87299935735e-05],
        "median": [0.00461017247289, 0.0515602454543, 0.178118407726, 0.737492799759, 2.08570790291, 3.29808449745, 5.04740810394, 5.40258598328, 4.93518733978, 7.31361103058, 8.83024692535, 11.4763946533, 13.6687078476, 10.3013715744, 9.31048774719, 8.54575824738, 14.3253259659, 13.8232517242, 13.4817466736, 23.8881835938, 16.5242424011, 17.9046001434, 16.2634887695, 15.2898826599, 15.21007061, 14.3945074081, 9.9038105011, 6.12059020996, 5.76704931259, 4.24769020081, 2.61933207512, 1.74283432961, 0.968479394913, 0.33972594142, 0.273076534271, 0.0290530901402, 0.00306795467623, 0.000373172777472, 2.59774387814e-05, 2.55889426626e-05],
        "min": [1.15429851075e-22, 3.47198384098e-22, 2.65830383182e-21, 6.54596284379e-21, 1.27117853051e-20, 3.24077020913e-20, 4.25960824649e-20, 7.13051272265e-20, 8.24382351014e-20, 2.13341602678e-19, 1.36219909405e-19, 2.18978463736e-19, 6.08544368946e-19, 6.36098013644e-19, 1.04574499484e-18, 1.42359541179e-18, 1.61303238657e-18, 2.23224717862e-18, 3.24612762531e-18, 3.47362380046e-18, 4.01517481159e-18, 5.41036918385e-18, 4.05533070802e-18, 6.97513847681e-18, 9.86403533329e-18, 9.38568092095e-18, 9.61433018587e-18, 1.1815339509e-17, 8.45689688658e-18, 1.31922329238e-17, 1.17851962203e-17, 9.24983635767e-18, 8.33032667233e-18, 8.938370597e-18, 6.7464201423e-18, 4.0730464352e-18, 2.44187645934e-18, 1.00841547117e-18, 2.49128783473e-19, 2.69774374688e-20],
        "var": [0.000136195129016, 0.0468165241182, 1.3519089222, 12.2707948685, 19.4853229523, 218.7918396, 663.506958008, 871.251464844, 926.532775879, 793.416687012, 6625.90039062, 5817.61572266, 8958.02929688, 3357.4921875, 1761.31958008, 5963.81689453, 4993.90429688, 4072.71411133, 5371.27392578, 7718.34960938, 3212.20141602, 3299.32421875, 1579.92822266, 4102.09277344, 947.559814453, 941.902893066, 1042.61572266, 861.25793457, 1151.69799805, 1254.63549805, 596.689147949, 182.77532959, 37.6450843811, 12.9628391266, 3.43348264694, 0.0115101262927, 6.16485122009e-05, 3.87681467373e-07, 1.56876611701e-09, 3.58597429528e-10]
    },
    "gfcc": {
        "mean": [-7.08534002304, 71.4147109985, -144.796630859, 40.2234725952, -80.9393234253, 11.687962532, -47.7702178955, 4.62560129166, -25.5980453491, -2.19183897972, -16.6924877167, -6.98551559448, -5.83761501312],
        "cov": [[14209.8837891, 383.467987061, -2179.17382812, 317.927825928, -738.811584473, 160.533172607, -412.145050049, 133.676071167, -253.326660156, 8.10888576508, -168.121337891, -136.90083313, -93.0948867798], [383.467987061, 1101.42041016, 40.7709884644, -44.2612304688, 158.726791382, -125.302825928, 152.331100464, -10.805185318, 37.5604019165, -34.9301185608, 36.5925941467, -35.0490722656, -2.97479391098], [-2179.17382812, 40.7709884644, 1397.20666504, 254.684692383, -14.7254228592, 69.6776351929, -103.349113464, 22.3909072876, -44.4147796631, 19.0042209625, -31.0536823273, 39.0142745972, -6.19014406204], [317.927825928, -44.2612304688, 254.684692383, 428.963287354, 67.9792556763, -2.60332655907, -47.4057693481, -11.3055009842, -2.55224323273, 9.18154525757, -20.9022827148, -1.77826750278, 15.4457473755], [-738.811584473, 158.726791382, -14.7254228592, 67.9792556763, 369.097930908, 11.0296115875, 95.2975463867, 41.2183113098, 18.1197624207, 36.2850494385, -7.31530618668, -4.57463312149, 13.2830142975], [160.533172607, -125.302825928, 69.6776351929, -2.60332655907, 11.0296115875, 213.033294678, 42.6207771301, 36.9766540527, -19.5878105164, 10.1414232254, -24.4604072571, -25.6500244141, -27.7725353241], [-412.145050049, 152.331100464, -103.349113464, -47.4057693481, 95.2975463867, 42.6207771301, 249.831741333, 35.5184249878, 35.7862167358, -2.85026693344, 19.8422832489, -31.564239502, -20.5997028351], [133.676071167, -10.805185318, 22.3909072876, -11.3055009842, 41.2183113098, 36.9766540527, 35.5184249878, 125.08039856, 12.054022789, 24.5713176727, -17.5928153992, -6.17117834091, -6.61862516403], [-253.326660156, 37.5604019165, -44.4147796631, -2.55224323273, 18.1197624207, -19.5878105164, 35.7862167358, 12.054022789, 112.799285889, 6.26318502426, 24.4782238007, -6.10812711716, 5.16152477264], [8.10888576508, -34.9301185608, 19.0042209625, 9.18154525757, 36.2850494385, 10.1414232254, -2.85026693344, 24.5713176727, 6.26318502426, 90.2106704712, 7.90589666367, 0.422562539577, -2.76833820343], [-168.121337891, 36.5925941467, -31.0536823273, -20.9022827148, -7.31530618668, -24.4604072571, 19.8422832489, -17.5928153992, 24.4782238007, 7.90589666367, 85.6164398193, 25.1309909821, 4.54753684998], [-136.90083313, -35.0490722656, 39.0142745972, -1.77826750278, -4.57463312149, -25.6500244141, -31.564239502, -6.17117834091, -6.10812711716, 0.422562539577, 25.1309909821, 75.8987808228, 26.7845821381], [-93.0948867798, -2.97479391098, -6.19014406204, 15.4457473755, 13.2830142975, -27.7725353241, -20.5997028351, -6.61862516403, 5.16152477264, -2.76833820343, 4.54753684998, 26.7845821381, 70.0664138794]],
        "icov": [[0.000500595080666, -0.000929538160563, 0.00132506294176, -0.00137676193845, 0.00157899945043, -0.00125922949519, 0.00126270274632, -0.00135131215211, 0.00105925661046, -0.000737591471989, 0.000598265498411, -0.000445541139925, 0.00051565974718], [-0.000929538160563, 0.0029976668302, -0.00269261561334, 0.00281458208337, -0.00346990232356, 0.00333744892851, -0.0029915322084, 0.00259661418386, -0.00189294700976, 0.00197902182117, -0.00161813746672, 0.00175783608574, -0.000968974316493], [0.00132506294176, -0.00269261561334, 0.00442426232621, -0.00421106768772, 0.00436711264774, -0.00382380723022, 0.0036825418938, -0.00378694036044, 0.00292661669664, -0.00214681820944, 0.00183353258763, -0.00198661163449, 0.00168682506774], [-0.00137676193845, 0.00281458208337, -0.00421106768772, 0.00670373672619, -0.0051461327821, 0.00373571319506, -0.00305021880195, 0.0042277565226, -0.00315826502629, 0.00209040404297, -0.00138256757054, 0.00205712392926, -0.00198207446374], [0.00157899945043, -0.00346990232356, 0.00436711264774, -0.0051461327821, 0.00868620257825, -0.00422254996374, 0.00267825229093, -0.00481393560767, 0.00327984569594, -0.00395158724859, 0.00288011180237, -0.00223397230729, 0.000752477673814], [-0.00125922949519, 0.00333744892851, -0.00382380723022, 0.00373571319506, -0.00422254996374, 0.00964936520904, -0.00468855770305, 0.00230809627101, -0.00150610285345, 0.00184278865345, -0.000967759930063, 0.00277052167803, -4.04250386055e-05], [0.00126270274632, -0.0029915322084, 0.0036825418938, -0.00305021880195, 0.00267825229093, -0.00468855770305, 0.00935082044452, -0.00464013637975, 0.00158978754189, -0.000726261758246, -0.000552211829927, 0.00057095522061, 0.00216490146704], [-0.00135131215211, 0.00259661418386, -0.00378694036044, 0.0042277565226, -0.00481393560767, 0.00230809627101, -0.00464013637975, 0.0136014912277, -0.00431442866102, -0.000528987438884, 0.00133712415118, 4.27875347668e-05, -0.00100986298639], [0.00105925661046, -0.00189294700976, 0.00292661669664, -0.00315826502629, 0.00327984569594, -0.00150610285345, 0.00158978754189, -0.00431442866102, 0.0127485636622, -0.00176503974944, -0.00206455239095, 0.0012588504469, -0.000233209953876], [-0.000737591471989, 0.00197902182117, -0.00214681820944, 0.00209040404297, -0.00395158724859, 0.00184278865345, -0.000726261758246, -0.000528987438884, -0.00176503974944, 0.0140902008861, -0.00363101204857, 0.00178985588718, -9.22191538848e-05], [0.000598265498411, -0.00161813746672, 0.00183353258763, -0.00138256757054, 0.00288011180237, -0.000967759930063, -0.000552211829927, 0.00133712415118, -0.00206455239095, -0.00363101204857, 0.0172611102462, -0.00747501803562, 0.00197314703837], [-0.000445541139925, 0.00175783608574, -0.00198661163449, 0.00205712392926, -0.00223397230729, 0.00277052167803, 0.00057095522061, 4.27875347668e-05, 0.0012588504469, 0.00178985588718, -0.00747501803562, 0.0202351585031, -0.00672500021756], [0.00051565974718, -0.000968974316493, 0.00168682506774, -0.00198207446374, 0.000752477673814, -4.04250386055e-05, 0.00216490146704, -0.00100986298639, -0.000233209953876, -9.22191538848e-05, 0.00197314703837, -0.00672500021756, 0.018340818584]]
    },
    "melbands": {
        "dmean": [7.3043644079e-05, 0.000215946143726, 0.000301958061755, 0.000195724380319, 0.000226657532039, 0.000193780186237, 0.000136455637403, 0.00012031692313, 0.000178545844392, 0.00013568221766, 0.000112578658445, 6.74408074701e-05, 4.42867021775e-05, 4.04257662012e-05, 4.53202919743e-05, 4.23294404754e-05, 3.66157873941e-05, 3.3582742617e-05, 3.1275965739e-05, 3.2378375181e-05, 1.94124186237e-05, 2.02512874239e-05, 1.84087184607e-05, 1.10413184302e-05, 1.44898222061e-05, 8.82297899807e-06, 8.27451094665e-06, 8.15586645331e-06, 8.39276708575e-06, 7.02207080394e-06, 4.90544834975e-06, 4.72628607895e-06, 5.06425749336e-06, 4.04500315199e-06, 2.8506790386e-06, 2.06504182643e-06, 1.91560525309e-06, 1.25873259549e-06, 7.99929125606e-07, 6.87513136199e-07],
        "dmean2": [0.000124932048493, 0.000380123208743, 0.000514256185852, 0.000323710090015, 0.000354584946763, 0.000305444147671, 0.000219813417061, 0.000192953855731, 0.00029088021256, 0.00021252661827, 0.000178383997991, 0.000107388041215, 7.32706394047e-05, 6.65630504955e-05, 7.36119036446e-05, 6.8579785875e-05, 5.98058431933e-05, 5.46984520042e-05, 5.10508180014e-05, 5.36143706995e-05, 3.19085993397e-05, 3.34110081894e-05, 3.04442910419e-05, 1.81017221621e-05, 2.35437619267e-05, 1.43479346661e-05, 1.3472401406e-05, 1.32404647957e-05, 1.3879764083e-05, 1.15995762826e-05, 7.79770834924e-06, 7.41976646168e-06, 7.88140187069e-06, 6.10580400462e-06, 4.10175607612e-06, 2.91407627628e-06, 2.85420333057e-06, 1.87003502106e-06, 1.14007843877e-06, 9.52937455168e-07],
        "dvar": [2.43156534907e-08, 3.39915516179e-07, 4.18245548417e-07, 1.3595889925e-07, 2.09189494171e-07, 1.64890010979e-07, 1.48686510215e-07, 6.26114839974e-08, 2.2065621863e-07, 1.03424298459e-07, 8.02352886353e-08, 2.64125308291e-08, 1.20250778224e-08, 9.93892790291e-09, 1.06119522059e-08, 7.43931805047e-09, 6.47703179979e-09, 6.70706112871e-09, 4.63787186433e-09, 4.30307212085e-09, 2.3110076075e-09, 2.67222621808e-09, 1.31323063535e-09, 4.60516541567e-10, 1.11932263458e-09, 2.16729023617e-10, 1.82748913224e-10, 1.68115243948e-10, 2.63115612631e-10, 2.25587312719e-10, 1.3291130696e-10, 1.81889198148e-10, 2.37621783361e-10, 1.73802319758e-10, 9.62448731823e-11, 4.34911377745e-11, 2.44170239583e-11, 9.23419500587e-12, 3.49227135925e-12, 3.79665613184e-12],
        "dvar2": [6.74290134839e-08, 9.43465693126e-07, 1.11829047e-06, 3.22464245528e-07, 4.72313161026e-07, 3.68921547533e-07, 3.62727632819e-07, 1.49479291167e-07, 5.8642234535e-07, 2.3472316002e-07, 1.93719898789e-07, 6.38653148144e-08, 3.35163719001e-08, 2.55342023081e-08, 2.652942932e-08, 1.88577349292e-08, 1.510576908e-08, 1.68122600286e-08, 1.1733094496e-08, 1.14727365386e-08, 5.62262014725e-09, 6.67888722106e-09, 3.44861894597e-09, 1.11288700477e-09, 2.76193690141e-09, 5.40428812812e-10, 4.41221753578e-10, 3.99162813913e-10, 6.75622391366e-10, 5.75636371902e-10, 2.84732765143e-10, 3.91389642918e-10, 4.89236651191e-10, 3.18598619709e-10, 1.75691280968e-10, 8.28197857516e-11, 4.93469536067e-11, 2.00240223708e-11, 7.10857891648e-12, 7.10483451585e-12],
        "max": [0.00166681106202, 0.00583124067634, 0.00841533020139, 0.00904193893075, 0.00928376894444, 0.00748624745756, 0.0108933141455, 0.00456339772791, 0.00780618283898, 0.00697297044098, 0.00726139545441, 0.00394378742203, 0.00258268765174, 0.00380917871371, 0.00198138644919, 0.0020043917466, 0.00214879401028, 0.00180412235204, 0.00141764944419, 0.00198845169507, 0.00145767629147, 0.00219643907622, 0.000983470119536, 0.000569120689761, 0.0010236275848, 0.000337869336363, 0.000243165661232, 0.0002449399326, 0.000259924563579, 0.000304391927784, 0.000267342489678, 0.00025812711101, 0.00035872560693, 0.000339571735822, 0.000216417640331, 0.000194092557649, 0.000147274709889, 7.38682429073e-05, 4.90989550599e-05, 6.9715155405e-05],
        "mean": [9.93433932308e-05, 0.000236222054809, 0.000370351510355, 0.00035929022124, 0.000466752069769, 0.00032419982017, 0.000212406986975, 0.000188687234186, 0.000284155772533, 0.000220231260755, 0.000204933487112, 0.000122742669191, 7.53833955969e-05, 7.0281639637e-05, 8.2423495769e-05, 7.6502605225e-05, 6.89489461365e-05, 5.89490919083e-05, 6.68566790409e-05, 7.00817254256e-05, 3.60519188689e-05, 3.78632175853e-05, 3.51417766069e-05, 2.1587307856e-05, 2.91016331175e-05, 1.74812139448e-05, 1.70463845279e-05, 1.66483496287e-05, 1.49775514728e-05, 1.18475409181e-05, 8.48210129334e-06, 8.23786649562e-06, 8.10418532637e-06, 6.659214705e-06, 5.04249010191e-06, 3.69907525055e-06, 3.29818976752e-06, 2.1782298063e-06, 1.34402841923e-06, 1.14932765882e-06],
        "median": [5.24933093402e-05, 9.07012290554e-05, 0.000179638416739, 0.000199934962438, 0.000197449946427, 0.000123702237033, 7.06200517016e-05, 8.21853609523e-05, 7.16884096619e-05, 6.39499703539e-05, 6.4771338657e-05, 3.97119765694e-05, 2.61355908151e-05, 2.24878549488e-05, 2.47831194429e-05, 2.56670300587e-05, 2.08081837627e-05, 1.6502384824e-05, 2.12096038013e-05, 2.80052881863e-05, 1.52274333232e-05, 1.74526485353e-05, 1.5994781279e-05, 1.0880602531e-05, 1.136073206e-05, 9.85246879281e-06, 1.02411486296e-05, 9.01862222236e-06, 6.73684235153e-06, 3.75005470232e-06, 3.35586719302e-06, 3.19030073115e-06, 2.83763961306e-06, 2.02016371986e-06, 1.49861762111e-06, 1.11590736651e-06, 9.49036689235e-07, 7.1776025834e-07, 3.40137177091e-07, 2.4056186021e-07],
        "min": [2.20928483724e-24, 1.0949383448e-24, 1.03757198534e-24, 1.99400114633e-24, 1.20478702864e-24, 1.90889449314e-24, 1.39151878655e-24, 1.91670993534e-24, 1.2258792957e-24, 1.60159372751e-24, 2.45213803349e-24, 2.32568008051e-24, 2.20419293731e-24, 2.69135852528e-24, 3.85878845411e-24, 2.95786709628e-24, 3.15855508551e-24, 4.57930284493e-24, 3.23135215592e-24, 5.10606589768e-24, 3.5347433269e-24, 5.12655695412e-24, 3.76925905225e-24, 3.0680536098e-24, 5.25496063253e-24, 4.48054022061e-24, 5.57715075331e-24, 4.30211447777e-24, 4.57886699928e-24, 5.54600889136e-24, 5.60405919322e-24, 4.27281894477e-24, 5.78961111104e-24, 7.66772642103e-24, 5.85970495234e-24, 6.34749906524e-24, 5.00167396194e-24, 4.65567720233e-24, 6.69286710271e-24, 7.04223308725e-24],
        "var": [2.30052688011e-08, 2.42352427904e-07, 3.58495327646e-07, 3.09295529632e-07, 7.3692154956e-07, 3.78658683076e-07, 2.35208275967e-07, 1.00937462832e-07, 4.29601044516e-07, 2.20693820552e-07, 2.28448911344e-07, 6.09094428228e-08, 2.81137975122e-08, 2.62833275144e-08, 2.74513585197e-08, 1.81455845905e-08, 1.91088087576e-08, 1.51466199583e-08, 1.35260576073e-08, 1.14241203164e-08, 4.5622763345e-09, 4.81337414371e-09, 3.40849437563e-09, 9.84834547246e-10, 4.00945587842e-09, 4.94972618448e-10, 4.78304784668e-10, 4.80204820352e-10, 4.77547890121e-10, 4.78093065137e-10, 2.8981028688e-10, 3.61546098615e-10, 4.51550685732e-10, 3.8991809781e-10, 2.35568703433e-10, 1.12037976119e-10, 6.13051553966e-11, 2.24445722424e-11, 9.53911168805e-12, 1.15754315855e-11]
    },
    "mfcc": {
        "mean": [-629.074951172, 88.9925918579, -10.0888595581, 19.0840759277, -9.3994102478, 0.128745257854, -11.3357543945, -2.17795228958, -5.66198968887, 0.167139157653, -6.59935474396, -3.64796566963, -6.20740795135],
        "cov": [[6059.02099609, -244.787826538, -1130.68457031, -137.250564575, -222.858566284, -23.522064209, 1.90233206749, 28.522321701, 18.6961231232, 134.281784058, -34.9745445251, 35.3822822571, -10.3726472855], [-244.787826538, 1160.97998047, -83.3945999146, 108.667022705, -38.7636795044, -12.0413188934, 62.8962059021, 63.7139968872, 1.49940133095, 52.0682487488, 16.9568862915, 19.7642784119, 16.4489192963], [-1130.68457031, -83.3945999146, 1204.51135254, 141.703048706, 170.383209229, 19.8458557129, -20.2285881042, -32.3005256653, -19.7748794556, -82.58228302, 23.2185707092, -29.5157814026, -18.1102600098], [-137.250564575, 108.667022705, 141.703048706, 426.43460083, 128.860107422, 38.799571991, 3.57444667816, -13.9655437469, 34.0124778748, -11.2038059235, -25.7136306763, 24.314289093, 22.0371818542], [-222.858566284, -38.7636795044, 170.383209229, 128.860107422, 272.926757812, 26.9718647003, 13.6229343414, -29.8842124939, 49.648311615, -33.2645645142, -1.15822887421, -1.74912416935, 18.5451622009], [-23.522064209, -12.0413188934, 19.8458557129, 38.799571991, 26.9718647003, 148.88343811, 52.4904899597, 21.5870094299, 12.7727441788, 20.319890976, 19.5290660858, -5.07428884506, -11.5170211792], [1.90233206749, 62.8962059021, -20.2285881042, 3.57444667816, 13.6229343414, 52.4904899597, 175.690353394, 33.9675102234, 47.7779121399, 18.2100734711, 29.5158290863, 5.77288484573, 16.1109790802], [28.522321701, 63.7139968872, -32.3005256653, -13.9655437469, -29.8842124939, 21.5870094299, 33.9675102234, 120.234642029, 18.1752262115, 31.2294979095, 9.14767456055, 0.27051499486, -1.98901176453], [18.6961231232, 1.49940133095, -19.7748794556, 34.0124778748, 49.648311615, 12.7727441788, 47.7779121399, 18.1752262115, 116.988349915, 33.4726867676, 12.4553613663, -7.05508565903, 10.9219923019], [134.281784058, 52.0682487488, -82.58228302, -11.2038059235, -33.2645645142, 20.319890976, 18.2100734711, 31.2294979095, 33.4726867676, 116.799407959, 34.2304153442, -1.70464253426, -9.55480098724], [-34.9745445251, 16.9568862915, 23.2185707092, -25.7136306763, -1.15822887421, 19.5290660858, 29.5158290863, 9.14767456055, 12.4553613663, 34.2304153442, 81.8440551758, 13.1618509293, -2.96192955971], [35.3822822571, 19.7642784119, -29.5157814026, 24.314289093, -1.74912416935, -5.07428884506, 5.77288484573, 0.27051499486, -7.05508565903, -1.70464253426, 13.1618509293, 80.6633605957, 28.6709651947], [-10.3726472855, 16.4489192963, -18.1102600098, 22.0371818542, 18.5451622009, -11.5170211792, 16.1109790802, -1.98901176453, 10.9219923019, -9.55480098724, -2.96192955971, 28.6709651947, 79.7315216064]],
