{
"lowlevel": {
    "average_loudness": 0.973638534546,
    "barkbands_crest": {
        "dmean": 2.40645337105,
        "dmean2": 3.92535161972,
        "dvar": 5.2692322731,
        "dvar2": 13.2133512497,
        "max": 23.7514324188,
        "mean": 8.44661712646,
        "median": 7.64146327972,
        "min": 2.48429083824,
        "var": 12.8310489655
    },
    "barkbands_flatness_db": {
        "dmean": 0.0199748910964,
        "dmean2": 0.0310211088508,
        "dvar": 0.000360877544153,
        "dvar2": 0.000883432745468,
        "max": 0.257399141788,
        "mean": 0.11783554405,
        "median": 0.114174470305,
        "min": 0.03982276842,
        "var": 0.00123200123198
    },
    "barkbands_kurtosis": {
        "dmean": 1.70443332195,
        "dmean2": 2.82103848457,
        "dvar": 9.75035762787,
        "dvar2": 25.9708175659,
        "max": 53.2420005798,
        "mean": 1.45100605488,
        "median": 0.173146486282,
        "min": -1.93676865101,
        "var": 15.1125040054
    },
    "barkbands_skewness": {
        "dmean": 0.478329837322,
        "dmean2": 0.747581958771,
        "dvar": 0.298101514578,
        "dvar2": 0.708047628403,
        "max": 6.84050178528,
        "mean": 1.03804433346,
        "median": 0.941857099533,
        "min": -1.95197725296,
        "var": 0.929028391838
    },
    "barkbands_spread": {
        "dmean": 6.40948724747,
        "dmean2": 9.66951942444,
        "dvar": 50.4017944336,
        "dvar2": 102.071060181,
        "max": 108.360824585,
        "mean": 28.9651088715,
        "median": 27.3814525604,
        "min": 4.40337133408,
        "var": 167.13293457
    },
    "dissonance": {
        "dmean": 0.0148508585989,
        "dmean2": 0.0251204129308,
        "dvar": 0.000202774419449,
        "dvar2": 0.000564003828913,
        "max": 0.500000119209,
        "mean": 0.472612738609,
        "median": 0.476899653673,
        "min": 0.348763972521,
        "var": 0.000371445144992
    },
    "dynamic_complexity": 1.8477294445,
    "erbbands_crest": {
        "dmean": 2.42305827141,
        "dmean2": 3.72866892815,
        "dvar": 5.53190946579,
        "dvar2": 11.0816469193,
        "max": 29.1096820831,
        "mean": 8.83905124664,
        "median": 7.32850790024,
        "min": 2.40581583977,
        "var": 23.2031669617
    },
    "erbbands_flatness_db": {
        "dmean": 0.0166238471866,
        "dmean2": 0.0227996818721,
        "dvar": 0.000254733487964,
        "dvar2": 0.000418784475187,
        "max": 0.297790497541,
        "mean": 0.150350213051,
        "median": 0.148071840405,
        "min": 0.0629945248365,
        "var": 0.00140144478064
    },
    "erbbands_kurtosis": {
        "dmean": 0.682124972343,
        "dmean2": 1.03167951107,
        "dvar": 0.653262972832,
        "dvar2": 1.32928884029,
        "max": 14.0249042511,
        "mean": 0.334788620472,
        "median": -0.152300834656,
        "min": -1.78090786934,
        "var": 2.50604557991
    },
    "erbbands_skewness": {
        "dmean": 0.290882110596,
        "dmean2": 0.435285151005,
        "dvar": 0.0673719123006,
        "dvar2": 0.145445168018,
        "max": 3.33188319206,
        "mean": 0.090785227716,
        "median": 0.105555616319,
        "min": -2.75015282631,
        "var": 0.306616336107
    },
    "erbbands_spread": {
        "dmean": 7.83280229568,
        "dmean2": 11.5642843246,
        "dvar": 63.6531410217,
        "dvar2": 128.687744141,
        "max": 130.016708374,
        "mean": 38.5520973206,
        "median": 37.1853713989,
        "min": 4.60388040543,
        "var": 278.562164307
    },
    "hfc": {
        "dmean": 10.1220808029,
        "dmean2": 13.7648677826,
        "dvar": 154.414916992,
        "dvar2": 304.98348999,
        "max": 204.23991394,
        "mean": 31.0189342499,
        "median": 26.7450656891,
        "min": 1.27988398866e-16,
        "var": 475.384094238
    },
    "melbands_crest": {
        "dmean": 3.29264163971,
        "dmean2": 5.54145812988,
        "dvar": 10.3542871475,
        "dvar2": 29.2079620361,
        "max": 29.8154258728,
        "mean": 11.8660068512,
        "median": 10.8919343948,
        "min": 1.40700495243,
        "var": 21.0970096588
    },
    "melbands_flatness_db": {
        "dmean": 0.0255323145539,
        "dmean2": 0.0394502654672,
        "dvar": 0.000726005469915,
        "dvar2": 0.00172371708322,
        "max": 0.347475379705,
        "mean": 0.156231418252,
        "median": 0.149606689811,
        "min": 0.00147408782504,
        "var": 0.00255790026858
    },
    "melbands_kurtosis": {
        "dmean": 4.90284633636,
        "dmean2": 8.13527679443,
        "dvar": 88.6586761475,
        "dvar2": 237.2784729,
        "max": 187.08203125,
        "mean": 7.82514715195,
        "median": 4.452501297,
        "min": -1.74965572357,
        "var": 127.761360168
    },
    "melbands_skewness": {
        "dmean": 0.666340827942,
        "dmean2": 1.05500876904,
        "dvar": 0.659285664558,
        "dvar2": 1.60712659359,
        "max": 11.2528324127,
        "mean": 2.13682341576,
        "median": 1.97821140289,
        "min": -1.354403615,
        "var": 1.76923203468
    },
    "melbands_spread": {
        "dmean": 8.6546459198,
        "dmean2": 13.2211589813,
        "dvar": 109.86428833,
        "dvar2": 227.195297241,
        "max": 193.574630737,
        "mean": 32.9050178528,
        "median": 30.6967449188,
        "min": 2.21465587616,
        "var": 349.766418457
    },
    "pitch_salience": {
        "dmean": 0.0700425878167,
        "dmean2": 0.113737866282,
        "dvar": 0.00462289946154,
        "dvar2": 0.0121132545173,
        "max": 0.973094582558,
        "mean": 0.567202568054,
        "median": 0.579033195972,
        "min": 0.175842940807,
        "var": 0.0119663048536
    },
    "silence_rate_20dB": {
        "dmean": 0,
        "dmean2": 0,
        "dvar": 0,
        "dvar2": 0,
        "max": 1,
        "mean": 1,
        "median": 1,
        "min": 1,
        "var": 0
    },
    "silence_rate_30dB": {
        "dmean": 0.000517330598086,
        "dmean2": 0.00103479495738,
        "dvar": 0.000517037638929,
        "dvar2": 0.00155102007557,
        "max": 1,
        "mean": 0.999741375446,
        "median": 1,
        "min": 0,
        "var": 0.000258591375314
    },
    "silence_rate_60dB": {
        "dmean": 0.00362131395377,
        "dmean2": 0.00724356481805,
        "dvar": 0.00360843678936,
        "dvar2": 0.00926129799336,
        "max": 1,
        "mean": 0.0065951119177,
        "median": 0,
        "min": 0,
        "var": 0.00655072601512
    },
    "spectral_centroid": {
        "dmean": 266.041107178,
        "dmean2": 394.917755127,
        "dvar": 76562.8671875,
        "dvar2": 151858.625,
        "max": 10953.7509766,
        "mean": 1626.08630371,
        "median": 1630.83459473,
        "min": 380.603729248,
        "var": 289581.25
    },
    "spectral_complexity": {
        "dmean": 5.06906366348,
        "dmean2": 7.27616071701,
        "dvar": 24.4802703857,
        "dvar2": 44.4484977722,
        "max": 59,
        "mean": 24.3517398834,
        "median": 23,
        "min": 0,
        "var": 91.0176696777
    },
    "spectral_decrease": {
        "dmean": 2.80767786798e-09,
        "dmean2": 4.47155912298e-09,
        "dvar": 1.70639866113e-17,
        "dvar2": 4.369964405e-17,
        "max": 2.14091885593e-28,
        "mean": -7.62883711758e-09,
        "median": -6.69323974023e-09,
        "min": -3.39320784803e-08,
        "var": 2.45842313215e-17
    },
    "spectral_energy": {
        "dmean": 0.011221235618,
        "dmean2": 0.0176579598337,
        "dvar": 0.000250248704106,
        "dvar2": 0.000632853363641,
        "max": 0.131942629814,
        "mean": 0.0316064581275,
        "median": 0.0282506477088,
        "min": 1.08008825756e-20,
        "var": 0.000383077916922
    },
    "spectral_energyband_high": {
        "dmean": 0.000762239040341,
        "dmean2": 0.00103824574035,
        "dvar": 1.71854026121e-06,
        "dvar2": 3.31801061293e-06,
        "max": 0.0266723036766,
        "mean": 0.00144995877054,
        "median": 0.000798646535259,
        "min": 7.76359491979e-21,
        "var": 4.00224507757e-06
    },
    "spectral_energyband_low": {
        "dmean": 0.00721524050459,
        "dmean2": 0.0125294923782,
        "dvar": 0.000241322006332,
        "dvar2": 0.000677938456647,
        "max": 0.120781376958,
        "mean": 0.0104905320331,
        "median": 0.00650458037853,
        "min": 2.25974980762e-23,
        "var": 0.000226934804232
    },
    "spectral_energyband_middle_high": {
        "dmean": 0.00285833026282,
        "dmean2": 0.00408787745982,
        "dvar": 1.50143305291e-05,
        "dvar2": 2.97338792734e-05,
        "max": 0.0551641173661,
        "mean": 0.00927579775453,
        "median": 0.00716600148007,
        "min": 1.33402664717e-21,
        "var": 6.15282260696e-05
    },
    "spectral_energyband_middle_low": {
        "dmean": 0.00452223746106,
        "dmean2": 0.0071786493063,
        "dvar": 3.57546523446e-05,
        "dvar2": 8.54413810885e-05,
        "max": 0.0705275014043,
        "mean": 0.0113713089377,
        "median": 0.00937600247562,
        "min": 3.19660070312e-22,
        "var": 6.93123874953e-05
    },
    "spectral_entropy": {
        "dmean": 0.143055200577,
        "dmean2": 0.196692705154,
        "dvar": 0.0191635005176,
        "dvar2": 0.0332548618317,
        "max": 9.80208015442,
        "mean": 7.80589962006,
        "median": 7.79326295853,
        "min": 6.77539491653,
        "var": 0.0869056880474
    },
    "spectral_flux": {
        "dmean": 0.0302931834012,
        "dmean2": 0.0454068817198,
        "dvar": 0.00120150041766,
        "dvar2": 0.00255118776113,
        "max": 0.335974425077,
        "mean": 0.101171195507,
        "median": 0.0922263711691,
        "min": 1.03927297324e-10,
        "var": 0.00246058404446
    },
    "spectral_kurtosis": {
        "dmean": 0.969332993031,
        "dmean2": 1.5549441576,
        "dvar": 0.89230465889,
        "dvar2": 2.3228957653,
        "max": 18.8703632355,
        "mean": 3.11586308479,
        "median": 2.96280574799,
        "min": -1.20599400997,
        "var": 2.38450789452
    },
    "spectral_rms": {
        "dmean": 0.000914903765079,
        "dmean2": 0.00138625467662,
        "dvar": 1.17609897643e-06,
        "dvar2": 2.71510975836e-06,
        "max": 0.0113456826657,
        "mean": 0.0053067044355,
        "median": 0.00524991517887,
        "min": 3.24614337147e-12,
        "var": 2.67456084657e-06
    },
    "spectral_rolloff": {
        "dmean": 612.416381836,
        "dmean2": 992.787658691,
        "dvar": 910416,
        "dvar2": 1828923.25,
        "max": 19659.8144531,
        "mean": 1938.22351074,
        "median": 1636.5234375,
        "min": 86.1328125,
        "var": 2208436.25
    },
    "spectral_skewness": {
        "dmean": 0.161379337311,
        "dmean2": 0.244365721941,
        "dvar": 0.0211478341371,
        "dvar2": 0.045809533447,
        "max": 3.09582448006,
        "mean": 1.37540209293,
        "median": 1.38080048561,
        "min": 0.0281248427927,
        "var": 0.0765988752246
    },
    "spectral_spread": {
        "dmean": 524598.9375,
        "dmean2": 721537.9375,
        "dvar": 488158298112,
        "dvar2": 692969406464,
        "max": 40486216,
        "mean": 4910040,
        "median": 4649771.5,
        "min": 2150643.75,
        "var": 1.84296708506e+12
    },
    "spectral_strongpeak": {
        "dmean": 0.790136992931,
        "dmean2": 1.31495428085,
        "dvar": 1.61800909042,
        "dvar2": 3.54769301414,
        "max": 12.9180307388,
        "mean": 1.38001143932,
        "median": 0.54494780302,
        "min": 1.01487538373e-08,
        "var": 3.77442121506
    },
    "zerocrossingrate": {
        "dmean": 0.012512806803,
        "dmean2": 0.0140265123919,
        "dvar": 0.000222525151912,
        "dvar2": 0.000242355949013,
        "max": 0.57861328125,
        "mean": 0.0756504461169,
        "median": 0.0703125,
        "min": 0.00927734375,
        "var": 0.00135381973814
    },
    "barkbands": {
        "dmean": [0.000222842572839, 0.00473337015137, 0.00270630908199, 0.00137883913703, 0.00195376900956, 0.00132579088677, 0.000892781827133, 0.000615125114564, 0.000811982783489, 0.000572562101297, 0.000529246754013, 0.000644702115096, 0.000893780379556, 0.000505860894918, 0.000458503636764, 0.000469582882943, 0.000361253711162, 0.000259477179497, 0.000272550882073, 0.000200636670343, 0.000160538809723, 0.000146772596054, 0.000155585206812, 0.000178239191882, 0.000117898925964, 2.62057928921e-05, 3.24384537009e-08],
        "dmean2": [0.000354358577169, 0.00821795687079, 0.00478521129116, 0.00239028059877, 0.00321055436507, 0.00215293979272, 0.0013981750235, 0.000971077126451, 0.00127077219076, 0.000893370364793, 0.000823660637252, 0.000984264421277, 0.00134744180832, 0.000733136781491, 0.000703829689883, 0.000718462339137, 0.000546384893823, 0.000402196135838, 0.000407117709983, 0.000292591983452, 0.000239972112468, 0.000211800448596, 0.000219948458835, 0.000252759462455, 0.000168908241903, 3.8004545786e-05, 5.67511690974e-08],
        "dvar": [1.44119098877e-07, 0.00010093650053, 4.71530329378e-05, 6.24296990281e-06, 9.21839819057e-06, 4.73822365166e-06, 3.13433724841e-06, 2.00106819648e-06, 2.53340522249e-06, 1.7981091105e-06, 1.11284271043e-06, 2.28690055337e-06, 4.18267700297e-06, 1.69555789853e-06, 9.18277123674e-07, 1.08876008653e-06, 3.01643467537e-07, 1.6218392318e-07, 1.5131190878e-07, 8.96242653425e-08, 6.37505124246e-08, 7.1437995075e-08, 2.12229195995e-07, 2.16696449229e-07, 6.70778632639e-08, 3.41741102083e-09, 1.36430156858e-14],
        "dvar2": [3.50919151515e-07, 0.000279873493128, 0.000130807777168, 1.71126466739e-05, 2.41563102463e-05, 1.12144516606e-05, 7.55432665756e-06, 4.56104862678e-06, 5.66109929423e-06, 4.17485989601e-06, 2.52123982136e-06, 4.37880134996e-06, 8.67577091412e-06, 2.79056644104e-06, 1.76338164692e-06, 2.18093168769e-06, 6.14417956513e-07, 3.78682585733e-07, 3.28660007654e-07, 1.79752589702e-07, 1.41822624755e-07, 1.59184480708e-07, 4.66123111664e-07, 4.46328272119e-07, 1.4313420138e-07, 7.34601712793e-09, 3.52295808899e-14],
        "max": [0.00412332220003, 0.0848564505577, 0.0514295175672, 0.036467500031, 0.0356790870428, 0.0417545102537, 0.0357389263809, 0.0333837680519, 0.0298430472612, 0.0315552726388, 0.0242076981813, 0.0368541181087, 0.0333878882229, 0.0270151793957, 0.0301038883626, 0.0277553796768, 0.0106900185347, 0.00961411558092, 0.00613317033276, 0.00940715707839, 0.00443613342941, 0.00815564673394, 0.0182477943599, 0.0122733786702, 0.00724056130275, 0.00132235197816, 2.9949378586e-06],
        "mean": [0.000312209536787, 0.00654078740627, 0.00281060207635, 0.00177131628152, 0.00312384054996, 0.00235350639559, 0.00153950788081, 0.000937636184972, 0.00135077955201, 0.000902282597963, 0.000963419559412, 0.00105686613824, 0.00193737377413, 0.000943152990658, 0.000760754046496, 0.000869198236614, 0.000746062782127, 0.000491955608595, 0.000538739142939, 0.000390677800169, 0.000262225221377, 0.000248338910751, 0.000253361678915, 0.000290778116323, 0.000177985100891, 3.31273513439e-05, 2.30144845403e-08],
        "median": [0.000148771621753, 0.00324720796198, 0.00121695210692, 0.00100558320992, 0.00192855636124, 0.00140431767795, 0.000726194528397, 0.000329446833348, 0.000565941620152, 0.000262455374468, 0.000412646826589, 0.000331803923473, 0.000447991944384, 0.000196136767045, 0.000328064081259, 0.000354698102456, 0.000408398540458, 0.000292792334221, 0.000326980749378, 0.000214258252527, 0.000141935641295, 0.000121425619, 9.14144693525e-05, 9.90076587186e-05, 6.21278159088e-05, 7.26019334252e-06, 1.15586984428e-09],
        "min": [2.5044588386e-24, 1.21526310146e-23, 6.36340565653e-24, 1.99611675295e-23, 4.33216282074e-23, 3.66259093725e-23, 1.59288333839e-22, 1.13434577299e-23, 2.32141506458e-23, 4.42199482964e-23, 9.97102324388e-23, 6.60255057544e-23, 4.10265383779e-23, 7.77834207488e-23, 1.41362700391e-22, 1.22885911916e-22, 1.26222427514e-22, 2.44838418366e-22, 2.84319101758e-22, 2.25008449449e-22, 5.30391298579e-22, 4.03062812346e-22, 6.93556561912e-22, 5.1202358748e-22, 1.49834771163e-21, 1.65002993697e-21, 2.54916506443e-21],
        "var": [1.94490354488e-07, 0.000104009341158, 3.1967414543e-05, 5.85756197324e-06, 1.28087076519e-05, 9.21805803955e-06, 5.4143597481e-06, 3.54192729901e-06, 4.76918694403e-06, 3.3644028008e-06, 2.73666182693e-06, 5.01094882566e-06, 1.57451468112e-05, 5.77594801143e-06, 1.839112997e-06, 2.81237407762e-06, 9.58273517426e-07, 4.16661180225e-07, 3.70527544646e-07, 2.75882712231e-07, 1.12241053785e-07, 1.22707362493e-07, 3.81310769626e-07, 4.48820202337e-07, 1.13686340342e-07, 5.06541297796e-09, 1.08425943191e-14]
    },
    "erbbands": {
        "dmean": [0.122507825494, 1.20026504993, 3.33708238602, 3.50892162323, 6.02537298203, 7.38425683975, 5.40547561646, 14.035574913, 11.753657341, 13.982219696, 13.0934343338, 18.6355934143, 17.4995498657, 20.5692100525, 18.0046062469, 27.7229824066, 41.137638092, 27.9610462189, 25.6731719971, 18.5535926819, 24.9586715698, 16.6306800842, 13.7447500229, 15.1780529022, 11.7084159851, 8.44662761688, 6.76727056503, 6.3438167572, 5.42059516907, 4.45038890839, 4.65959405899, 4.13982772827, 2.75639486313, 1.62085187435, 0.700559318066, 0.187918648124, 0.0394697189331, 0.00146288285032, 5.07890872541e-05, 1.70199109562e-05],
        "dmean2": [0.204683303833, 2.07432794571, 5.87706184387, 6.06507349014, 10.1697902679, 12.0203905106, 8.80158233643, 22.9148635864, 18.6265640259, 22.1287651062, 20.3197154999, 29.1113815308, 26.9856433868, 31.8534240723, 28.1293964386, 41.4411621094, 61.3708076477, 37.9734687805, 39.147354126, 27.9652729034, 38.0439453125, 25.188337326, 21.0142879486, 22.8772315979, 17.3016757965, 12.2803869247, 10.1636514664, 9.40884017944, 7.83654642105, 6.46614742279, 6.62026119232, 5.98368692398, 3.95166158676, 2.35334062576, 1.02082931995, 0.270778387785, 0.057868424803, 0.00219576968811, 7.31595355319e-05, 2.53195594269e-05],
        "dvar": [0.0585103742778, 7.41418457031, 72.6042633057, 48.5630493164, 98.9489059448, 144.72718811, 86.768989563, 593.285522461, 424.967468262, 1037.0189209, 945.001708984, 1496.31298828, 1455.51306152, 2036.40625, 1135.00146484, 4713.56689453, 9656.8125, 3531.12719727, 3948.50244141, 1310.48193359, 2317.97485352, 599.842773438, 474.762298584, 542.288879395, 284.454345703, 170.911682129, 127.786048889, 105.469390869, 85.2714080811, 133.035140991, 219.67401123, 140.277175903, 49.6036720276, 13.005238533, 2.58380889893, 0.17469188571, 0.00804219208658, 1.78722912096e-05, 1.20940191195e-08, 4.31991165062e-10],
        "dvar2": [0.15640129149, 20.5459041595, 199.306671143, 132.779541016, 263.238891602, 370.592926025, 208.561553955, 1434.4354248, 1011.07617188, 2572.06665039, 2152.2331543, 3346.44384766, 3178.63500977, 4546.47363281, 2576.20581055, 8522.35742188, 20505.9589844, 5069.50488281, 7947.97802734, 2895.41821289, 4837.14648438, 1271.62280273, 1089.37585449, 1169.0982666, 606.755310059, 332.991271973, 285.864501953, 229.747680664, 185.989593506, 303.328765869, 503.913146973, 295.923370361, 106.545944214, 27.9386978149, 5.78922510147, 0.375305861235, 0.0170418489724, 4.21385811933e-05, 2.62804391582e-08, 1.00166375194e-09],
        "max": [2.34460258484, 22.8064079285, 66.4910812378, 95.3763275146, 114.493171692, 141.089447021, 255.487869263, 433.129089355, 540.471496582, 869.912414551, 801.798828125, 859.466796875, 944.684265137, 1177.52758789, 747.580078125, 1851.11682129, 1597.43347168, 1533.46044922, 1883.76904297, 910.690551758, 1012.74084473, 667.220947266, 645.446411133, 579.867248535, 312.883026123, 447.486114502, 251.265167236, 146.443435669, 191.781311035, 430.330932617, 683.635192871, 344.129302979, 195.992843628, 82.0343780518, 52.4337387085, 10.3921413422, 1.7563713789, 0.113377332687, 0.00213820370845, 0.000228022676311],
        "mean": [0.169813081622, 1.50744533539, 3.47086215019, 4.67924594879, 8.58686256409, 11.5557165146, 9.53559017181, 23.256067276, 22.0924167633, 23.1724529266, 20.9320735931, 31.1844482422, 29.6646308899, 37.1487464905, 36.6826095581, 48.3051338196, 91.3597793579, 58.0454864502, 45.167804718, 37.1152496338, 52.3891601562, 36.5879135132, 27.8427352905, 30.0213317871, 24.3243560791, 16.9148597717, 11.7106237411, 10.4794282913, 9.22157669067, 7.15021133423, 7.52535390854, 6.84299564362, 4.3080124855, 2.4974758625, 0.983374834061, 0.25068706274, 0.047201719135, 0.00161863595713, 7.68724858062e-05, 4.56582529296e-05],
        "median": [0.0886037051678, 0.712937712669, 1.61394369602, 2.88631749153, 5.0691280365, 5.92667579651, 5.90377044678, 13.1466779709, 11.9733448029, 11.6094522476, 8.45023536682, 12.7228107452, 11.4815759659, 15.4383163452, 16.658367157, 18.4313907623, 23.3730335236, 19.2333469391, 18.0564308167, 17.8062076569, 23.9589977264, 22.7204456329, 17.4188022614, 18.9063987732, 13.9808921814, 9.44708347321, 6.23915815353, 5.60165596008, 4.51525115967, 3.31417512894, 2.57673549652, 2.29044699669, 1.48968219757, 0.919309735298, 0.304213374853, 0.0655276104808, 0.00722138863057, 0.000196216715267, 3.22457963193e-05, 3.98128540837e-05],
        "min": [4.11341812883e-22, 2.45671046536e-21, 5.56216802227e-21, 3.11702560507e-20, 1.50491553781e-19, 1.18845924141e-19, 3.21565584251e-19, 2.86621882111e-19, 2.35690515809e-18, 1.02807073009e-18, 2.52490884922e-19, 4.05365856241e-19, 1.71555149733e-18, 1.58853109003e-18, 5.05396890435e-18, 1.95082999448e-18, 1.92235016599e-18, 4.40227217721e-18, 4.56850652901e-18, 7.42039739284e-18, 7.15198886459e-18, 7.18783721798e-18, 1.09664702208e-17, 1.46906399978e-17, 1.35562453329e-17, 1.18093143255e-17, 1.31318446032e-17, 2.55872606062e-17, 1.39183031142e-17, 1.7468190072e-17, 1.90538787627e-17, 1.24394853315e-17, 9.12057615207e-18, 1.36885694155e-17, 1.25590948209e-17, 6.74965648645e-18, 3.05443182707e-18, 1.20286588425e-18, 3.28738610179e-19, 4.0511193118e-20],
        "var": [0.0671081990004, 6.62565231323, 50.1742362976, 40.330329895, 114.063018799, 236.387207031, 167.29624939, 1036.0645752, 890.108032227, 1354.28393555, 1613.76135254, 2769.77636719, 2869.3371582, 4451.96875, 3346.81030273, 10662.2724609, 34570.6757812, 12757.4892578, 7618.47705078, 3420.49682617, 6575.43359375, 1796.7598877, 1316.75952148, 1263.51989746, 794.73248291, 522.429016113, 250.934402466, 181.736740112, 158.777877808, 186.108718872, 370.594696045, 292.071136475, 90.8490066528, 22.4942951202, 3.81792068481, 0.265918701887, 0.0116781657562, 1.97509652935e-05, 1.73847904961e-08, 8.24402268673e-10]
    },
    "gfcc": {
        "mean": [35.3236579895, 87.9432983398, -131.647796631, 44.4948272705, -65.0523376465, 25.9381160736, -47.1953048706, 13.1118116379, -26.2874546051, 2.06740736961, -9.49281024933, -2.31558275223, -5.71624422073],
        "cov": [[2271.63061523, -441.638214111, 87.3380889893, 19.5055332184, -71.5108108521, 76.1449432373, -39.8502235413, 94.251991272, -35.3621177673, 80.9781265259, -115.787719727, 67.3070220947, -154.652252197], [-441.638214111, 803.623779297, -100.029350281, 75.3101501465, 213.08644104, -9.68595218658, 162.100158691, -31.2116127014, 119.64692688, -63.3556289673, 116.38192749, -80.3073654175, 92.971496582], [87.3380889893, -100.029350281, 539.750671387, 122.343238831, 1.16376578808, 80.9216918945, -13.9063968658, 82.7754058838, 3.70962786674, 42.1805152893, -39.587890625, 90.2979660034, -30.3635749817], [19.5055332184, 75.3101501465, 122.343238831, 229.182937622, 151.221298218, 49.1385116577, 52.68542099, 27.6046924591, 57.0302314758, 8.64439487457, 35.5356903076, 3.41700577736, 21.0121459961], [-71.5108108521, 213.08644104, 1.16376578808, 151.221298218, 322.867492676, 109.792259216, 116.206962585, 10.1284189224, 49.8888015747, 33.2154350281, 45.9582252502, -14.2713327408, 29.7899208069], [76.1449432373, -9.68595218658, 80.9216918945, 49.1385116577, 109.792259216, 192.835922241, 125.867141724, 26.1366615295, 1.55420601368, 23.3516616821, 18.4853935242, 27.0577888489, -0.351746708155], [-39.8502235413, 162.100158691, -13.9063968658, 52.68542099, 116.206962585, 125.867141724, 244.58505249, 39.6427879333, 10.6618738174, -2.68725681305, 29.7441329956, 3.39120173454, 17.0402984619], [94.251991272, -31.2116127014, 82.7754058838, 27.6046924591, 10.1284189224, 26.1366615295, 39.6427879333, 127.976539612, 41.3432655334, -3.1670050621, 3.7038257122, 21.5942783356, -1.09127628803], [-35.3621177673, 119.64692688, 3.70962786674, 57.0302314758, 49.8888015747, 1.55420601368, 10.6618738174, 41.3432655334, 131.502304077, 0.012043999508, 27.7299251556, -12.2546463013, 12.1795186996], [80.9781265259, -63.3556289673, 42.1805152893, 8.64439487457, 33.2154350281, 23.3516616821, -2.68725681305, -3.1670050621, 0.012043999508, 99.1282730103, -0.314418405294, 15.0914163589, -6.91446447372], [-115.787719727, 116.38192749, -39.587890625, 35.5356903076, 45.9582252502, 18.4853935242, 29.7441329956, 3.7038257122, 27.7299251556, -0.314418405294, 120.959213257, 3.91276097298, 27.225736618], [67.3070220947, -80.3073654175, 90.2979660034, 3.41700577736, -14.2713327408, 27.0577888489, 3.39120173454, 21.5942783356, -12.2546463013, 15.0914163589, 3.91276097298, 88.162940979, 4.04381084442], [-154.652252197, 92.971496582, -30.3635749817, 21.0121459961, 29.7899208069, -0.351746708155, 17.0402984619, -1.09127628803, 12.1795186996, -6.91446447372, 27.225736618, 4.04381084442, 71.5918655396]],
        "icov": [[0.000646276050247, -0.000204627562198, 0.00055816891836, -0.000752062711399, 0.000446232385002, -0.000670261448249, 0.000502502429299, -0.000805526913609, 0.000381952006137, -0.000623301486485, 0.000657410942949, -0.000702901510522, 0.00146293605212], [-0.000204627562198, 0.00436827307567, -0.00225599156693, 0.00312533043325, -0.00322738313116, 0.00392569974065, -0.00400787731633, 0.0034643993713, -0.0036382547114, 0.00304998131469, -0.00296444748528, 0.00317927566357, -0.00375861721113], [0.00055816891836, -0.00225599156693, 0.005119335372, -0.00476116454229, 0.0029430007562, -0.00403932947665, 0.00347671797499, -0.00392373278737, 0.00254751113243, -0.00276082428172, 0.00321938446723, -0.00449160253629, 0.0039016418159], [-0.000752062711399, 0.00312533043325, -0.00476116454229, 0.011726282537, -0.00643946556374, 0.00457729073241, -0.00385449570604, 0.00372961326502, -0.00481042033061, 0.0037848376669, -0.00404136115685, 0.00372076267377, -0.00495727360249], [0.000446232385002, -0.00322738313116, 0.0029430007562, -0.00643946556374, 0.00905643869191, -0.0057065077126, 0.00223005539738, -0.00247791805305, 0.00214632670395, -0.00443583494052, 0.00236826832406, -0.00146036269143, 0.00231652986258], [-0.000670261448249, 0.00392569974065, -0.00403932947665, 0.00457729073241, -0.0057065077126, 0.0142256338149, -0.00838517490774, 0.00406688358635, -0.00299269403331, 0.00238070543855, -0.00383944762871, 0.00156810984481, -0.00298968423158], [0.000502502429299, -0.00400787731633, 0.00347671797499, -0.00385449570604, 0.00223005539738, -0.00838517490774, 0.0113010061905, -0.00575547898188, 0.00434219138697, -0.00209161639214, 0.00278510968201, -0.00285028060898, 0.00331048038788], [-0.000805526913609, 0.0034643993713, -0.00392373278737, 0.00372961326502, -0.00247791805305, 0.00406688358635, -0.00575547898188, 0.0142873032019, -0.0069419904612, 0.00390394614078, -0.00276837265119, 0.00138269655872, -0.00382634671405], [0.000381952006137, -0.0036382547114, 0.00254751113243, -0.00481042033061, 0.00214632670395, -0.00299269403331, 0.00434219138697, -0.0069419904612, 0.0134635455906, -0.00305070914328, 0.00115707644727, -0.00102578883525, 0.0030277937185], [-0.000623301486485, 0.00304998131469, -0.00276082428172, 0.0037848376669, -0.00443583494052, 0.00238070543855, -0.00209161639214, 0.00390394614078, -0.00305070914328, 0.0140588916838, -0.0025940053165, 0.00100371683948, -0.00236757332459], [0.000657410942949, -0.00296444748528, 0.00321938446723, -0.00404136115685, 0.00236826832406, -0.00383944762871, 0.00278510968201, -0.00276837265119, 0.00115707644727, -0.0025940053165, 0.0126994447783, -0.00421823514625, 0.00107337452937], [-0.000702901510522, 0.00317927566357, -0.00449160253629, 0.00372076267377, -0.00146036269143, 0.00156810984481, -0.00285028060898, 0.00138269655872, -0.00102578883525, 0.00100371683948, -0.00421823514625, 0.0184554923326, -0.00649609556422], [0.00146293605212, -0.00375861721113, 0.0039016418159, -0.00495727360249, 0.00231652986258, -0.00298968423158, 0.00331048038788, -0.00382634671405, 0.0030277937185, -0.00236757332459, 0.00107337452937, -0.00649609556422, 0.0225091408938]]
    },
    "melbands": {
        "dmean": [0.00116297439672, 0.00170485931449, 0.000663697777782, 0.000499226443935, 0.000196268083528, 0.000292165845167, 0.000187456651474, 0.00014897393703, 0.000108126107079, 0.000123779682326, 8.88239301275e-05, 8.3970335254e-05, 6.00412204221e-05, 7.55600340199e-05, 6.74304465065e-05, 0.000105179788079, 5.09135716129e-05, 4.64569748146e-05, 3.30277980538e-05, 2.92948952847e-05, 3.27590751112e-05, 2.04832922464e-05, 1.4270718566e-05, 1.23179634102e-05, 1.37207716762e-05, 9.92748391582e-06, 8.25307415653e-06, 5.85159614275e-06, 4.65213361167e-06, 4.03617468692e-06, 3.90403738493e-06, 3.38116728926e-06, 2.66807069238e-06, 2.51143683272e-06, 2.79152823168e-06, 2.75012189377e-06, 2.60530600826e-06, 2.10335588235e-06, 1.6087418544e-06, 1.33603725772e-06],
        "dmean2": [0.00198854785413, 0.0029670202639, 0.00113507127389, 0.000826053204946, 0.000316142366501, 0.000476087705465, 0.000294987403322, 0.000235943953157, 0.000167452933965, 0.000193742322153, 0.000137301962241, 0.000130944608827, 9.37799050007e-05, 0.000116268864076, 9.88506362773e-05, 0.000155761095812, 6.87594874762e-05, 7.09262822056e-05, 5.05747302668e-05, 4.39295472461e-05, 5.06645883434e-05, 3.13318923872e-05, 2.24056548177e-05, 1.91171675397e-05, 2.1066995032e-05, 1.50562445924e-05, 1.23993568195e-05, 8.68632469064e-06, 7.09123514753e-06, 6.16615307081e-06, 5.88091779719e-06, 4.99896896144e-06, 3.93586606151e-06, 3.7141824123e-06, 4.10569191445e-06, 3.99424288844e-06, 3.82517600883e-06, 3.06821834783e-06, 2.37105314227e-06, 1.97424833459e-06],
        "dvar": [5.13467421115e-06, 1.76730081876e-05, 1.44147566061e-06, 6.30115664535e-07, 9.63574606772e-08, 2.4449136049e-07, 1.05382675031e-07, 1.1011969292e-07, 6.46122941816e-08, 6.20566567022e-08, 3.79332973921e-08, 3.56598519602e-08, 1.41610296822e-08, 2.87157959633e-08, 3.45248629685e-08, 6.05008239063e-08, 1.68562568348e-08, 1.50103112162e-08, 3.94571442186e-09, 6.91379353768e-09, 4.7493262656e-09, 9.93657933712e-10, 5.37179856153e-10, 4.51970266768e-10, 4.807018672e-10, 2.2649775111e-10, 1.65278388198e-10, 9.88565063142e-11, 6.48747930376e-11, 4.83165001064e-11, 4.3465727545e-11, 3.3085253287e-11, 2.97292433726e-11, 5.08211146777e-11, 1.01519730122e-10, 6.36019292788e-11, 5.62973279106e-11, 3.25057689099e-11, 1.35406625149e-11, 9.24837290084e-12],
        "dvar2": [1.4072110389e-05, 4.84648335259e-05, 3.89197612094e-06, 1.66289396475e-06, 2.30362601883e-07, 5.86433543504e-07, 2.53228449765e-07, 2.68537093007e-07, 1.45838356502e-07, 1.40190607567e-07, 8.29552035952e-08, 8.07836073591e-08, 3.21810738058e-08, 5.62339721455e-08, 6.0249810474e-08, 1.20231064216e-07, 2.32466224048e-08, 3.15514796512e-08, 8.68313865254e-09, 1.34505411253e-08, 1.01443520251e-08, 2.16954276766e-09, 1.21875021186e-09, 1.06850739368e-09, 1.05872277611e-09, 4.97722141279e-10, 3.5755598482e-10, 1.98065952528e-10, 1.42079709109e-10, 1.11768191924e-10, 9.63519611319e-11, 7.48802062023e-11, 6.76260505927e-11, 1.16675516471e-10, 2.5324806141e-10, 1.32174104994e-10, 1.22535259717e-10, 7.14002815205e-11, 2.95295732311e-11, 2.04572019047e-11],
        "max": [0.0174141414464, 0.0326176658273, 0.0165103450418, 0.00985499192029, 0.00680786091834, 0.00889684259892, 0.00723881181329, 0.00815352611244, 0.00707936380059, 0.00475082360208, 0.00500844372436, 0.00500260153785, 0.00356723018922, 0.00464571546763, 0.00607726862654, 0.00402641110122, 0.00344816362485, 0.00294283404946, 0.0010237073293, 0.00280326814391, 0.00164851546288, 0.000620464386884, 0.000727957522031, 0.000668833963573, 0.00053164944984, 0.000278102379525, 0.000298075843602, 0.000261935492745, 0.000212931918213, 0.000160294395755, 0.000101226869447, 0.000110329172458, 0.000179168913746, 0.000258894695435, 0.000516661966685, 0.000205244039535, 0.000220885965973, 0.000160284194862, 9.12239847821e-05, 7.17404618626e-05],
        "mean": [0.00168604811188, 0.00194791529793, 0.000936157652177, 0.000761263130698, 0.000359484634828, 0.000498633889947, 0.000351486931322, 0.000244663766352, 0.000168188242242, 0.000203581250389, 0.000143937693792, 0.000145114318002, 0.000115886214189, 0.000130860324134, 0.000118184609164, 0.000223381794058, 9.39557576203e-05, 7.34325149097e-05, 5.45653056179e-05, 5.37724663445e-05, 6.56058982713e-05, 4.13648740505e-05, 2.76849859802e-05, 2.22207854677e-05, 2.49327458732e-05, 1.86857614608e-05, 1.54226636369e-05, 1.0476499483e-05, 7.53703852752e-06, 6.32909723208e-06, 6.11712403042e-06, 5.54170128453e-06, 4.1678058551e-06, 3.82433881896e-06, 4.2298875087e-06, 4.4412877287e-06, 4.12017925555e-06, 3.1708593724e-06, 2.45051478487e-06, 1.9571195935e-06],
        "median": [0.000897960388102, 0.00104932091199, 0.000609452312347, 0.0004577608197, 0.000220481859287, 0.000287332863081, 0.000190895283595, 0.000118570816994, 6.2407758378e-05, 8.18321859697e-05, 5.16517320648e-05, 5.49801734451e-05, 5.09427809448e-05, 4.79282280139e-05, 3.43454739777e-05, 4.98947301821e-05, 2.1963413019e-05, 2.24311697821e-05, 2.50888333539e-05, 1.89041293197e-05, 2.78992010863e-05, 2.28581466217e-05, 1.62815595104e-05, 1.30701891976e-05, 1.45792464536e-05, 1.00645047496e-05, 8.05669697002e-06, 5.04190438733e-06, 3.56158534487e-06, 3.25827045344e-06, 2.98313170788e-06, 2.59415651271e-06, 1.99614009944e-06, 1.61103150731e-06, 1.41754287597e-06, 1.44469595398e-06, 1.32335799208e-06, 1.01923569673e-06, 9.09150514872e-07, 6.66098401325e-07],
        "min": [3.62977345585e-24, 3.22063193065e-24, 9.87964822306e-24, 1.02991691856e-23, 8.7303899024e-24, 8.24714160047e-24, 3.37646414495e-23, 8.18733726638e-24, 1.73994336421e-24, 3.03280257139e-24, 8.44598030252e-24, 5.52321869981e-24, 1.53352635154e-23, 9.85937607551e-24, 4.65721626995e-24, 3.70753936389e-24, 8.68602594281e-24, 5.18866318433e-24, 1.24640370124e-23, 7.85699624029e-24, 8.78766041526e-24, 6.9021329682e-24, 9.63080757253e-24, 1.11664057884e-23, 1.18776064929e-23, 1.07119919302e-23, 7.32819674311e-24, 8.01725964408e-24, 6.55646161372e-24, 1.31644200673e-23, 1.37139886944e-23, 6.97648626397e-24, 8.79278012253e-24, 9.72680721153e-24, 9.94013097752e-24, 1.09907848405e-23, 7.2529244244e-24, 6.54832688006e-24, 7.29535725249e-24, 1.27702696603e-23],
        "var": [6.11020914221e-06, 1.3245133232e-05, 1.32449520152e-06, 8.31951126656e-07, 1.96180636181e-07, 4.43051732191e-07, 2.14224726847e-07, 1.5712083723e-07, 1.09764819456e-07, 1.15643793208e-07, 7.39462322485e-08, 7.41787786751e-08, 3.67658721245e-08, 6.6843881541e-08, 8.32531910078e-08, 2.32380259035e-07, 6.11660979644e-08, 2.6638980799e-08, 7.22640791651e-09, 1.8809686253e-08, 1.31758373101e-08, 2.7502156108e-09, 1.5153264199e-09, 8.92018237053e-10, 1.00825170435e-09, 5.38139310891e-10, 4.3317363585e-10, 2.73730232925e-10, 1.2704061414e-10, 8.36857666497e-11, 7.38824001978e-11, 6.15638026669e-11, 4.32373720161e-11, 6.88037751773e-11, 1.30778846086e-10, 1.42942893633e-10, 1.06020449364e-10, 5.56344206815e-11, 2.37777002948e-11, 1.44792155696e-11]
    },
    "mfcc": {
        "mean": [-596.627746582, 104.50655365, -1.75072073936, 17.8561153412, 8.74081516266, 4.00643110275, 1.24605572224, 3.03183054924, -3.11549377441, -1.42926907539, -1.10547292233, 1.63837826252, 0.236504748464],
        "cov": [[1726.65820312, -368.956451416, -1.32923364639, -53.3049659729, -41.5120658875, -21.9108142853, -36.5777168274, 40.0684547424, -18.9010486603, 90.5751724243, 29.2503623962, -24.068775177, -41.6197929382], [-368.956451416, 619.122741699, -115.131607056, 90.5048675537, 31.4524440765, 60.7635307312, 59.9332923889, 44.2994728088, 51.59375, 5.4055891037, 42.3906364441, 26.8027629852, 23.0977210999], [-1.32923364639, -115.131607056, 436.294189453, 25.6326389313, 46.4069023132, -5.16316413879, -23.5055160522, 39.420124054, 6.48026847839, -5.55745649338, -5.14960050583, 19.0978221893, 8.50042724609], [-53.3049659729, 90.5048675537, 25.6326389313, 224.086624146, 110.903305054, 51.0149421692, 28.5822353363, 23.776676178, 41.2516708374, 24.9462375641, 11.3560247421, 22.2162914276, 35.3104057312], [-41.5120658875, 31.4524440765, 46.4069023132, 110.903305054, 220.781845093, 46.4635772705, 5.5529551506, 20.2579154968, 22.5152244568, 40.010799408, 3.01564764977, 33.4496192932, 45.1817817688], [-21.9108142853, 60.7635307312, -5.16316413879, 51.0149421692, 46.4635772705, 218.892730713, 113.837036133, 36.2858390808, 52.699962616, 1.35187256336, 37.5059967041, 35.8125572205, 10.7239608765], [-36.5777168274, 59.9332923889, -23.5055160522, 28.5822353363, 5.5529551506, 113.837036133, 223.060409546, 67.8714065552, 40.283744812, 1.8831551075, 19.0235424042, 40.3619270325, 16.4097499847], [40.0684547424, 44.2994728088, 39.420124054, 23.776676178, 20.2579154968, 36.2858390808, 67.8714065552, 164.925079346, 40.1987457275, 35.4924812317, 17.005897522, 18.4699039459, 5.70292329788], [-18.9010486603, 51.59375, 6.48026847839, 41.2516708374, 22.5152244568, 52.699962616, 40.283744812, 40.1987457275, 113.540664673, 17.3280887604, 23.7252979279, 3.96970272064, 4.49829244614], [90.5751724243, 5.4055891037, -5.55745649338, 24.9462375641, 40.010799408, 1.35187256336, 1.8831551075, 35.4924812317, 17.3280887604, 125.243186951, 20.1072235107, -4.23935651779, -1.97575223446], [29.2503623962, 42.3906364441, -5.14960050583, 11.3560247421, 3.01564764977, 37.5059967041, 19.0235424042, 17.005897522, 23.7252979279, 20.1072235107, 73.6878662109, 16.2586231232, 0.235097944736], [-24.068775177, 26.8027629852, 19.0978221893, 22.2162914276, 33.4496192932, 35.8125572205, 40.3619270325, 18.4699039459, 3.96970272064, -4.23935651779, 16.2586231232, 79.3286514282, 34.9664840698], [-41.6197929382, 23.0977210999, 8.50042724609, 35.3104057312, 45.1817817688, 10.7239608765, 16.4097499847, 5.70292329788, 4.49829244614, -1.97575223446, 0.235097944736, 34.9664840698, 79.3003540039]],
