{
"lowlevel": {
    "average_loudness": 0.870283484459,
    "barkbands_crest": {
        "dmean": 3.37230920792,
        "dmean2": 5.37487602234,
        "dvar": 8.84407520294,
        "dvar2": 19.9303283691,
        "max": 26.1764297485,
        "mean": 12.0045261383,
        "median": 10.9736642838,
        "min": 2.61786794662,
        "var": 29.702331543
    },
    "barkbands_flatness_db": {
        "dmean": 0.0273185949773,
        "dmean2": 0.0398961901665,
        "dvar": 0.000638516212348,
        "dvar2": 0.00136148359161,
        "max": 0.424568265676,
        "mean": 0.149136528373,
        "median": 0.137189283967,
        "min": 0.0392907261848,
        "var": 0.00282143428922
    },
    "barkbands_kurtosis": {
        "dmean": 6.72431135178,
        "dmean2": 10.3128242493,
        "dvar": 316.741546631,
        "dvar2": 754.769348145,
        "max": 474.35256958,
        "mean": 8.60454654694,
        "median": 2.28243780136,
        "min": -1.85047721863,
        "var": 514.133239746
    },
    "barkbands_skewness": {
        "dmean": 0.811926245689,
        "dmean2": 1.21411430836,
        "dvar": 0.937311589718,
        "dvar2": 2.07269597054,
        "max": 18.8843975067,
        "mean": 2.11416387558,
        "median": 1.67000198364,
        "min": -2.80214643478,
        "var": 3.27537488937
    },
    "barkbands_spread": {
        "dmean": 6.79835510254,
        "dmean2": 10.3329296112,
        "dvar": 48.481842041,
        "dvar2": 109.805923462,
        "max": 92.3455429077,
        "mean": 23.4279747009,
        "median": 22.8464336395,
        "min": 0.278345584869,
        "var": 154.053359985
    },
    "dissonance": {
        "dmean": 0.0177931617945,
        "dmean2": 0.0299859680235,
        "dvar": 0.000287028960884,
        "dvar2": 0.000773436622694,
        "max": 0.5,
        "mean": 0.46786943078,
        "median": 0.473318845034,
        "min": 0.311858206987,
        "var": 0.000533551734407
    },
    "dynamic_complexity": 1.74459409714,
    "erbbands_crest": {
        "dmean": 2.57597446442,
        "dmean2": 4.22254133224,
        "dvar": 5.89488124847,
        "dvar2": 14.8243160248,
        "max": 29.7710762024,
        "mean": 7.88737821579,
        "median": 6.98684215546,
        "min": 2.59064126015,
        "var": 12.966791153
    },
    "erbbands_flatness_db": {
        "dmean": 0.0167420208454,
        "dmean2": 0.0241894759238,
        "dvar": 0.00023972170311,
        "dvar2": 0.000466213707114,
        "max": 0.305424869061,
        "mean": 0.142888695002,
        "median": 0.13911318779,
        "min": 0.0633801668882,
        "var": 0.00134447519667
    },
    "erbbands_kurtosis": {
        "dmean": 0.735461592674,
        "dmean2": 1.15183973312,
        "dvar": 0.923043072224,
        "dvar2": 2.10941982269,
        "max": 15.7290382385,
        "mean": -0.0937727987766,
        "median": -0.430423021317,
        "min": -1.8272292614,
        "var": 1.79984426498
    },
    "erbbands_skewness": {
        "dmean": 0.367087125778,
        "dmean2": 0.557055592537,
        "dvar": 0.116638474166,
        "dvar2": 0.261716455221,
        "max": 3.16150140762,
        "mean": 0.232019513845,
        "median": 0.207404047251,
        "min": -3.44556689262,
        "var": 0.418692052364
    },
    "erbbands_spread": {
        "dmean": 10.7431545258,
        "dmean2": 15.952583313,
        "dvar": 117.419883728,
        "dvar2": 245.324295044,
        "max": 160.062805176,
        "mean": 49.0270881653,
        "median": 44.1947212219,
        "min": 8.03746891022,
        "var": 494.269866943
    },
    "hfc": {
        "dmean": 9.07969284058,
        "dmean2": 12.9037494659,
        "dvar": 107.728317261,
        "dvar2": 228.645492554,
        "max": 135.740783691,
        "mean": 26.8029975891,
        "median": 23.6399345398,
        "min": 1.19332529473e-16,
        "var": 311.64251709
    },
    "melbands_crest": {
        "dmean": 4.22912168503,
        "dmean2": 6.76312923431,
        "dvar": 12.9201965332,
        "dvar2": 31.6193580627,
        "max": 35.3905181885,
        "mean": 16.4655132294,
        "median": 15.8786869049,
        "min": 1.78108036518,
        "var": 42.0491676331
    },
    "melbands_flatness_db": {
        "dmean": 0.0351979769766,
        "dmean2": 0.0499256290495,
        "dvar": 0.000963894068263,
        "dvar2": 0.00202381121926,
        "max": 0.542365193367,
        "mean": 0.201867893338,
        "median": 0.189904659986,
        "min": 0.0062072230503,
        "var": 0.00555832171813
    },
    "melbands_kurtosis": {
        "dmean": 17.355474472,
        "dmean2": 26.7754383087,
        "dvar": 1227.73571777,
        "dvar2": 2927.60522461,
        "max": 729.253356934,
        "mean": 28.4622516632,
        "median": 11.2970275879,
        "min": -1.80780470371,
        "var": 2419.30761719
    },
    "melbands_skewness": {
        "dmean": 1.17167925835,
        "dmean2": 1.75902426243,
        "dvar": 1.73827719688,
        "dvar2": 3.83401727676,
        "max": 23.1655693054,
        "mean": 3.68903279305,
        "median": 2.98831605911,
        "min": -0.514872610569,
        "var": 6.67515087128
    },
    "melbands_spread": {
        "dmean": 7.79811239243,
        "dmean2": 11.9236526489,
        "dvar": 101.638153076,
        "dvar2": 225.094314575,
        "max": 237.706497192,
        "mean": 21.8517017365,
        "median": 19.1200447083,
        "min": 0.353548526764,
        "var": 286.385925293
    },
    "pitch_salience": {
        "dmean": 0.0917372629046,
        "dmean2": 0.140439614654,
        "dvar": 0.00624354509637,
        "dvar2": 0.0143293915316,
        "max": 0.938627064228,
        "mean": 0.492839634418,
        "median": 0.503432691097,
        "min": 0.0489399433136,
        "var": 0.0233314409852
    },
    "silence_rate_20dB": {
        "dmean": 0,
        "dmean2": 0,
        "dvar": 0,
        "dvar2": 0,
        "max": 1,
        "mean": 1,
        "median": 1,
        "min": 1,
        "var": 0
    },
    "silence_rate_30dB": {
        "dmean": 0.00520968995988,
        "dmean2": 0.0104207368568,
        "dvar": 0.00518211536109,
        "dvar2": 0.0134366108105,
        "max": 1,
        "mean": 0.993358492851,
        "median": 1,
        "min": 0,
        "var": 0.00659902999178
    },
    "silence_rate_60dB": {
        "dmean": 0.00677259685472,
        "dmean2": 0.0134166991338,
        "dvar": 0.00672663422301,
        "dvar2": 0.0163651518524,
        "max": 1,
        "mean": 0.0093762204051,
        "median": 0,
        "min": 0,
        "var": 0.00928820297122
    },
    "spectral_centroid": {
        "dmean": 321.001251221,
        "dmean2": 484.36618042,
        "dvar": 108626.648438,
        "dvar2": 234027.390625,
        "max": 10435.7197266,
        "mean": 1511.47595215,
        "median": 1471.3293457,
        "min": 182.012878418,
        "var": 400352.1875
    },
    "spectral_complexity": {
        "dmean": 5.25527477264,
        "dmean2": 7.5989317894,
        "dvar": 28.0702457428,
        "dvar2": 53.5451583862,
        "max": 54,
        "mean": 21.8497200012,
        "median": 21,
        "min": 0,
        "var": 101.399360657
    },
    "spectral_decrease": {
        "dmean": 3.72126218728e-09,
        "dmean2": 6.00883209856e-09,
        "dvar": 1.51948926079e-17,
        "dvar2": 3.67336285482e-17,
        "max": 5.08734033698e-29,
        "mean": -1.0748858692e-08,
        "median": -1.00663335445e-08,
        "min": -7.96522741098e-08,
        "var": 3.64360982993e-17
    },
    "spectral_energy": {
        "dmean": 0.0144871212542,
        "dmean2": 0.0233397521079,
        "dvar": 0.000223800321692,
        "dvar2": 0.000537309679203,
        "max": 0.302724987268,
        "mean": 0.0429997593164,
        "median": 0.0406790524721,
        "min": 1.06318016886e-20,
        "var": 0.000538061198313
    },
    "spectral_energyband_high": {
        "dmean": 0.000741475902032,
        "dmean2": 0.00107485137414,
        "dvar": 9.84804046311e-07,
        "dvar2": 2.19856906369e-06,
        "max": 0.0186512693763,
        "mean": 0.00155207095668,
        "median": 0.001061445917,
        "min": 7.56945950743e-21,
        "var": 2.36598611991e-06
    },
    "spectral_energyband_low": {
        "dmean": 0.0120291262865,
        "dmean2": 0.0190984681249,
        "dvar": 0.000226346281124,
        "dvar2": 0.000548777286895,
        "max": 0.297941535711,
        "mean": 0.0236379951239,
        "median": 0.0190839674324,
        "min": 3.17837454522e-23,
        "var": 0.000535055762157
    },
    "spectral_energyband_middle_high": {
        "dmean": 0.00256208260544,
        "dmean2": 0.003826293163,
        "dvar": 1.16712390081e-05,
        "dvar2": 2.53558137047e-05,
        "max": 0.0499242171645,
        "mean": 0.0065348232165,
        "median": 0.00473123183474,
        "min": 1.85508318426e-21,
        "var": 3.94844100811e-05
    },
    "spectral_energyband_middle_low": {
        "dmean": 0.00656679691747,
        "dmean2": 0.0101864803582,
        "dvar": 7.96612948761e-05,
        "dvar2": 0.000164868746651,
        "max": 0.101268179715,
        "mean": 0.0124842151999,
        "median": 0.00905844010413,
        "min": 2.00661462988e-22,
        "var": 0.000120251228509
    },
    "spectral_entropy": {
        "dmean": 0.158732488751,
        "dmean2": 0.226288422942,
        "dvar": 0.0227843876928,
        "dvar2": 0.0439603552222,
        "max": 9.80351352692,
        "mean": 7.74332952499,
        "median": 7.77573251724,
        "min": 6.3329911232,
        "var": 0.0910822600126
    },
    "spectral_flux": {
        "dmean": 0.0332496762276,
        "dmean2": 0.0515196956694,
        "dvar": 0.00089624535758,
        "dvar2": 0.00203194818459,
        "max": 0.410345733166,
        "mean": 0.119899965823,
        "median": 0.11303088814,
        "min": 1.03110631144e-10,
        "var": 0.00249444739893
    },
    "spectral_kurtosis": {
        "dmean": 1.01374018192,
        "dmean2": 1.65612053871,
        "dvar": 1.1116104126,
        "dvar2": 2.86433291435,
        "max": 15.5544261932,
        "mean": 2.384349823,
        "median": 2.11039304733,
        "min": -1.27041590214,
        "var": 2.6740436554
    },
    "spectral_rms": {
        "dmean": 0.00109672511462,
        "dmean2": 0.00174119567964,
        "dvar": 1.09065331344e-06,
        "dvar2": 2.48489118349e-06,
        "max": 0.0171855017543,
        "mean": 0.00622130511329,
        "median": 0.00629975274205,
        "min": 3.22063491327e-12,
        "var": 3.24640996041e-06
    },
    "spectral_rolloff": {
        "dmean": 533.886108398,
        "dmean2": 871.822143555,
        "dvar": 673809.5625,
        "dvar2": 1490326.75,
        "max": 19056.8847656,
        "mean": 1285.13964844,
        "median": 904.39453125,
        "min": 64.599609375,
        "var": 1663561.375
    },
    "spectral_skewness": {
        "dmean": 0.20095191896,
        "dmean2": 0.306804835796,
        "dvar": 0.0361721552908,
        "dvar2": 0.0837364941835,
        "max": 3.12831783295,
        "mean": 1.18411660194,
        "median": 1.16318547726,
        "min": -0.496762812138,
        "var": 0.125467389822
    },
    "spectral_spread": {
        "dmean": 584205.8125,
        "dmean2": 803665.4375,
        "dvar": 490170515456,
        "dvar2": 784804741120,
        "max": 42432392,
        "mean": 5035215.5,
        "median": 4820432,
        "min": 2165285.25,
        "var": 1.87905015808e+12
    },
    "spectral_strongpeak": {
        "dmean": 0.447310477495,
        "dmean2": 0.765142679214,
        "dvar": 0.627941012383,
        "dvar2": 1.53388798237,
        "max": 10.2478942871,
        "mean": 0.759352266788,
        "median": 0.440151244402,
        "min": 0,
        "var": 0.993293941021
    },
    "zerocrossingrate": {
        "dmean": 0.0116365849972,
        "dmean2": 0.0135011002421,
        "dvar": 0.000149769912241,
        "dvar2": 0.000185018856428,
        "max": 0.70458984375,
        "mean": 0.0571499541402,
        "median": 0.0537109375,
        "min": 0.00244140625,
        "var": 0.00106183812022
    },
    "barkbands": {
        "dmean": [0.0007656243979, 0.010236075148, 0.00358891813084, 0.00212542363442, 0.00338924606331, 0.00109106616583, 0.00116026867181, 0.00110817991663, 0.00108829035889, 0.000968997308519, 0.000478886591736, 0.000560055661481, 0.000466745492304, 0.000496299180668, 0.000427761493484, 0.00028816939448, 0.000296371727018, 0.000198500376428, 0.000237762287725, 0.000271995028015, 0.000257332227193, 0.000168632745044, 0.000158423106768, 9.61400874075e-05, 5.7691388065e-05, 1.518566296e-05, 6.77219613721e-09],
        "dmean2": [0.00136529677548, 0.0159328598529, 0.00572317931801, 0.00378024484962, 0.00588003080338, 0.00183626683429, 0.00190351775382, 0.0017976721283, 0.00174075516406, 0.00154520536307, 0.000778558372986, 0.000900298182387, 0.000746002711821, 0.000797708111349, 0.000674023060128, 0.000453780929092, 0.000470546510769, 0.000313878146699, 0.000369634857634, 0.000436083122622, 0.00039861627738, 0.000252901401836, 0.000237937711063, 0.00013971599401, 8.2638085587e-05, 2.27132859436e-05, 1.24353558562e-08],
        "dvar": [1.52224902195e-06, 0.000195990287466, 6.04739725532e-05, 2.59427579294e-05, 4.02063342335e-05, 3.44882278114e-06, 5.60111402592e-06, 5.3987123465e-06, 5.90108129472e-06, 3.49795595866e-06, 1.24678047086e-06, 1.93181631403e-06, 1.41936823184e-06, 1.41298505696e-06, 6.44624833512e-07, 2.71430621979e-07, 2.84893616254e-07, 1.01672739561e-07, 1.52844052081e-07, 2.32482165075e-07, 1.73065132003e-07, 6.40652757511e-08, 7.57875184831e-08, 3.76940256785e-08, 8.82539730185e-09, 6.00632377168e-10, 9.91772666732e-16],
        "dvar2": [4.70877239422e-06, 0.000456462672446, 0.000142242890433, 7.10607273504e-05, 0.000108657077362, 9.02195915842e-06, 1.39511639645e-05, 1.31574588522e-05, 1.39144631248e-05, 8.12642247183e-06, 3.17085255119e-06, 4.62843217974e-06, 3.42651037499e-06, 3.31435194312e-06, 1.52081713622e-06, 6.02893692303e-07, 7.05847867266e-07, 2.3491303125e-07, 3.34753508469e-07, 5.75907677103e-07, 4.10691910702e-07, 1.49336699451e-07, 1.80644036618e-07, 7.80081990115e-08, 1.91153137763e-08, 1.38569000718e-09, 2.8101110001e-15],
        "max": [0.0235132034868, 0.288606196642, 0.137932121754, 0.0571103282273, 0.0585679486394, 0.0346494913101, 0.0420260392129, 0.0387772619724, 0.043225325644, 0.0440307185054, 0.0227787159383, 0.0340198092163, 0.0365544371307, 0.0302530881017, 0.0192772168666, 0.0105324750766, 0.0107298027724, 0.00696744676679, 0.00805005524307, 0.0074640866369, 0.00903715007007, 0.00522704701871, 0.00630030920729, 0.00508956424892, 0.0017700069584, 0.000347526656697, 8.05466584097e-07],
        "mean": [0.000845656206366, 0.0172466896474, 0.0046576061286, 0.0018428832991, 0.0039791315794, 0.00140508229379, 0.00155432487372, 0.00148432736751, 0.00157403480262, 0.0015454555396, 0.00063625787152, 0.000758745823987, 0.00061234034365, 0.00070316932397, 0.000715373666026, 0.000470305007184, 0.000495155865792, 0.000349884881871, 0.000391338864574, 0.000426222453825, 0.000449590443168, 0.000309468916385, 0.000272431469057, 0.000162668118719, 8.94047116162e-05, 2.21924383368e-05, 5.21099297046e-09],
        "median": [0.000374485563952, 0.0116885621101, 0.00202207895927, 0.000637408113107, 0.00212319241837, 0.00077475834405, 0.000703762634657, 0.000500680936966, 0.000520740926731, 0.000546811847016, 0.000187127006939, 0.000247685995419, 0.000203084433451, 0.000241627742071, 0.000257295381743, 0.000191394006833, 0.000254351180047, 0.000197938410565, 0.000191603714484, 0.000201374074095, 0.000246834126301, 0.000191117243958, 0.000146226331708, 7.75462322053e-05, 3.86944630009e-05, 1.00277393358e-05, 1.45102163618e-09],
        "min": [4.3240597993e-24, 1.92600437341e-23, 4.42575895834e-24, 1.24019804804e-23, 4.66804527914e-23, 4.33177848771e-23, 1.48370615662e-23, 1.01387708866e-23, 5.55335610517e-23, 5.41944412661e-23, 6.06645332603e-23, 1.41515108317e-22, 4.79885892761e-23, 1.20524680833e-22, 2.25332021259e-22, 1.52975805766e-22, 2.05034062188e-22, 3.45160952017e-22, 3.77020481759e-22, 3.3446917307e-22, 3.96979041314e-22, 3.90663484016e-22, 7.44229098957e-22, 6.6494835079e-22, 1.04403834918e-21, 1.68993998789e-21, 2.72991473153e-21],
        "var": [1.58018576712e-06, 0.000402537494665, 6.5218177042e-05, 1.76901194209e-05, 3.32979398081e-05, 4.00898807129e-06, 6.8759086389e-06, 8.9289915195e-06, 9.64427817962e-06, 8.26948598842e-06, 1.74857780166e-06, 2.72185707217e-06, 1.78018876795e-06, 2.1499615741e-06, 1.52519533003e-06, 6.04533056503e-07, 5.14643033966e-07, 2.30213004215e-07, 3.28650088477e-07, 4.02422784873e-07, 3.33766024596e-07, 1.27727133759e-07, 1.30127077114e-07, 7.71619852458e-08, 1.63756368465e-08, 1.00807429071e-09, 5.92998713708e-16]
    },
    "erbbands": {
        "dmean": [0.382894068956, 2.13092851639, 3.82073974609, 5.34088945389, 9.77185916901, 11.9393777847, 8.53304004669, 9.15964889526, 14.7142095566, 20.4012260437, 24.5983600616, 23.193069458, 30.6836662292, 23.1480426788, 18.1624202728, 22.7826118469, 20.6191864014, 24.3416633606, 22.1473369598, 18.7815418243, 14.941906929, 13.9404554367, 10.1797676086, 12.4430923462, 10.8564023972, 13.3973398209, 11.5543785095, 9.07559204102, 5.95580434799, 5.7741765976, 4.36303377151, 2.30759143829, 1.51735115051, 0.759314060211, 0.365001618862, 0.129095733166, 0.0124910352752, 0.000308589194901, 1.99967471417e-05, 1.73208900378e-05],
        "dmean2": [0.613079369068, 3.29322576523, 5.87642097473, 8.68625164032, 16.4302005768, 21.1690750122, 14.7711019516, 15.3904094696, 24.2385578156, 33.1881828308, 39.645740509, 36.7592353821, 49.3822746277, 36.1003913879, 29.1733608246, 36.5023155212, 32.6382217407, 38.4520835876, 34.9534225464, 29.2013072968, 23.3514518738, 21.9018802643, 15.7910518646, 19.5424880981, 16.8584823608, 21.5322494507, 18.0462207794, 13.9304914474, 8.99242591858, 8.75476264954, 6.56285524368, 3.35512733459, 2.24858212471, 1.09177386761, 0.533574044704, 0.192010447383, 0.0186310950667, 0.000456657755421, 2.89468753181e-05, 2.7549576771e-05],
        "dvar": [0.301327317953, 9.02320384979, 52.3910102844, 141.99597168, 324.456451416, 580.334838867, 252.381286621, 300.993286133, 1025.328125, 1945.10400391, 3138.02636719, 3233.24267578, 3665.93701172, 2588.05541992, 1864.28234863, 3181.30322266, 3139.07250977, 2788.73828125, 2107.91503906, 1196.91223145, 695.781188965, 658.739013672, 281.501647949, 445.988739014, 338.250183105, 608.286865234, 379.197570801, 224.398498535, 84.5765533447, 84.4378814697, 63.6225204468, 22.360584259, 8.87728023529, 1.64177811146, 0.35067948699, 0.0420016497374, 0.000399458309403, 2.8019425713e-07, 6.61988797113e-10, 3.01491193122e-10],
        "dvar2": [0.76012223959, 20.3944149017, 118.59576416, 345.645324707, 833.352233887, 1611.80273438, 679.807617188, 793.202331543, 2556.09887695, 4879.8515625, 7708.65869141, 7762.44921875, 8641.27636719, 5892.54833984, 4500.19091797, 7541.52929688, 7681.78125, 6546.62841797, 5073.39892578, 2786.69506836, 1666.08093262, 1604.08557129, 662.391174316, 1017.94555664, 789.447937012, 1521.69934082, 917.022155762, 525.667236328, 198.591552734, 198.910675049, 152.462158203, 46.8103485107, 19.5026226044, 3.53430390358, 0.772422432899, 0.0965031832457, 0.000891754287295, 6.4273103817e-07, 1.4271341886e-09, 6.99769131529e-10],
        "max": [9.80285358429, 72.7661590576, 134.178314209, 145.105834961, 233.476379395, 276.821258545, 311.145446777, 381.546051025, 713.530883789, 762.798217773, 1175.22729492, 1168.34411621, 1729.90319824, 1477.4934082, 1067.1541748, 1756.32568359, 1930.07617188, 1271.8170166, 933.028808594, 786.661437988, 605.827758789, 657.418273926, 398.284301758, 472.488708496, 375.526947021, 387.623779297, 453.351531982, 432.582702637, 259.7578125, 160.1900177, 203.594573975, 116.235748291, 82.963142395, 24.0022678375, 11.2978801727, 2.97569060326, 0.297767788172, 0.00990321580321, 0.000334076321451, 0.000327161455061],
        "mean": [0.56688773632, 3.55590319633, 5.85115480423, 5.94270515442, 10.7847127914, 12.9571313858, 10.5525579453, 11.6420993805, 20.1721897125, 27.9645118713, 34.4603843689, 34.0729751587, 49.5218505859, 38.2526741028, 26.955247879, 32.897819519, 29.1023330688, 36.6924095154, 36.5348396301, 33.463809967, 26.9913520813, 25.4730186462, 19.3686656952, 21.6201171875, 17.8367061615, 20.8989162445, 19.4321746826, 16.0224380493, 10.881436348, 10.4601716995, 7.25558328629, 3.82362723351, 2.50716376305, 1.19624865055, 0.54667955637, 0.189867183566, 0.0184046346694, 0.000454721739516, 4.83231779072e-05, 5.42300731468e-05],
        "median": [0.342458605766, 2.29379630089, 3.21243071556, 2.65045261383, 4.60517454147, 6.48592472076, 5.38490915298, 6.13221693039, 9.68607997894, 11.8420610428, 11.8502187729, 12.5246162415, 18.9619445801, 13.166384697, 9.75607204437, 12.2999973297, 10.9967288971, 14.7315359116, 13.0930557251, 13.4558839798, 13.2093400955, 13.632645607, 11.4190969467, 11.9651193619, 9.20638847351, 10.0840110779, 10.2091369629, 9.06937789917, 6.75353097916, 5.79698467255, 3.90424346924, 1.87052130699, 1.19464790821, 0.539350926876, 0.225502595305, 0.0860841348767, 0.00845423527062, 0.000212812417885, 3.70202978957e-05, 5.1913302741e-05],
        "min": [5.62780639927e-22, 4.07378292967e-21, 6.67977909881e-21, 2.33142196585e-20, 5.46578330555e-20, 2.12646577093e-19, 2.2954277508e-19, 4.50555094996e-19, 2.87668343134e-19, 2.28617961306e-19, 3.44949644125e-19, 1.55309643035e-18, 1.57840484837e-18, 1.3017373353e-18, 3.1354911844e-18, 6.28447988845e-18, 2.22723425732e-18, 4.6247192419e-18, 9.79359180514e-18, 1.38218083599e-17, 9.44432802638e-18, 1.13739344275e-17, 1.48339705456e-17, 2.06358765734e-17, 1.88361367013e-17, 1.68926791608e-17, 1.42552634085e-17, 1.61077062662e-17, 1.32588813473e-17, 2.02671525436e-17, 2.30176951708e-17, 1.19151611838e-17, 1.33408963051e-17, 1.08002524126e-17, 8.118607313e-18, 5.2285635706e-18, 3.63650434846e-18, 1.35178341672e-18, 3.5958766489e-19, 4.15531951206e-20],
        "var": [0.504903972149, 18.7677001953, 73.0989227295, 129.4947052, 297.347808838, 452.138671875, 271.478820801, 325.141876221, 1237.21105957, 2523.84277344, 5307.14453125, 4647.09570312, 8233.54101562, 5935.89550781, 2838.47338867, 4716.37597656, 3820.98193359, 4439.53564453, 4010.34619141, 2957.12011719, 1470.78149414, 1328.45666504, 673.580505371, 985.008483887, 629.941711426, 992.83001709, 718.030395508, 418.658996582, 161.003326416, 168.530960083, 100.796943665, 43.064704895, 17.1844501495, 3.10956430435, 0.620094060898, 0.0721606463194, 0.000688030209858, 4.22421408075e-07, 1.41039024903e-09, 7.43587413865e-10]
    },
    "gfcc": {
        "mean": [27.6641407013, 92.1812896729, -120.392539978, 53.30493927, -68.2786407471, 27.436164856, -33.9402084351, 13.7529840469, -18.6178436279, 4.34162998199, -14.0062866211, -3.370033741, -4.62894582748],
        "cov": [[2528.49560547, -382.732421875, -285.625762939, -1.90698230267, -123.95174408, 148.042541504, -132.375167847, 75.5187225342, -108.530380249, 90.6106033325, -168.247894287, 28.0633678436, -93.7667007446], [-382.732421875, 828.430053711, 182.262374878, 60.4601821899, 187.811126709, -51.3333816528, 155.478622437, -53.0150794983, 157.416473389, -33.3895225525, 141.733291626, -29.0071983337, 70.5519180298], [-285.625762939, 182.262374878, 1132.55419922, 368.157104492, 153.538864136, 165.855102539, 6.03391885757, 84.7529220581, -19.2148551941, 75.9694747925, 68.4204788208, 44.1107330322, -8.71762371063], [-1.90698230267, 60.4601821899, 368.157104492, 376.276550293, 162.42489624, 54.1112785339, 39.0552062988, 23.6885566711, 63.7330474854, 38.0490837097, 37.8379898071, 3.72307872772, 31.0488300323], [-123.95174408, 187.811126709, 153.538864136, 162.42489624, 306.162017822, 90.4616928101, 74.3224411011, 63.7409248352, 83.7520217896, 40.8391952515, 54.3271331787, -16.3550834656, 34.5484008789], [148.042541504, -51.3333816528, 165.855102539, 54.1112785339, 90.4616928101, 225.66178894, 96.9930725098, 71.0576324463, 15.1497898102, 34.1148910522, 15.8707828522, 9.92445468903, -2.03793811798], [-132.375167847, 155.478622437, 6.03391885757, 39.0552062988, 74.3224411011, 96.9930725098, 279.69631958, 67.4436798096, 48.9012489319, 1.19573760033, 65.8701858521, 9.29085159302, 44.0995864868], [75.5187225342, -53.0150794983, 84.7529220581, 23.6885566711, 63.7409248352, 71.0576324463, 67.4436798096, 145.637023926, 32.3765449524, 28.9260787964, 17.8881282806, 10.88808918, -2.874366045], [-108.530380249, 157.416473389, -19.2148551941, 63.7330474854, 83.7520217896, 15.1497898102, 48.9012489319, 32.3765449524, 210.244873047, 40.9009780884, 50.1009254456, -7.41252422333, 35.7301139832], [90.6106033325, -33.3895225525, 75.9694747925, 38.0490837097, 40.8391952515, 34.1148910522, 1.19573760033, 28.9260787964, 40.9009780884, 116.988136292, 30.787727356, 15.664850235, 2.27966880798], [-168.247894287, 141.733291626, 68.4204788208, 37.8379898071, 54.3271331787, 15.8707828522, 65.8701858521, 17.8881282806, 50.1009254456, 30.787727356, 125.593284607, 24.9156990051, 26.8515892029], [28.0633678436, -29.0071983337, 44.1107330322, 3.72307872772, -16.3550834656, 9.92445468903, 9.29085159302, 10.88808918, -7.41252422333, 15.664850235, 24.9156990051, 74.6859970093, 15.2191905975], [-93.7667007446, 70.5519180298, -8.71762371063, 31.0488300323, 34.5484008789, -2.03793811798, 44.0995864868, -2.874366045, 35.7301139832, 2.27966880798, 26.8515892029, 15.2191905975, 78.1614837646]],
        "icov": [[0.000894230033737, -0.00117321824655, 0.0012287235586, -0.00161820347421, 0.00139148242306, -0.00186938152183, 0.00135907507502, -0.00174872705247, 0.00130742799956, -0.00154119217768, 0.00143425061833, -0.000935971504077, 0.000553521269467], [-0.00117321824655, 0.00559791363776, -0.00348770897835, 0.00466673308983, -0.00469924136996, 0.00523829413578, -0.00444138702005, 0.00591988209635, -0.00451834406704, 0.00427540205419, -0.00410549994558, 0.00261948700063, -0.000924758031033], [0.0012287235586, -0.00348770897835, 0.00423056678846, -0.00506860343739, 0.00344436848536, -0.00479111261666, 0.00374324782752, -0.00470038689673, 0.00385036296211, -0.00334009248763, 0.0021043533925, -0.00232419464737, 0.00124220270663], [-0.00161820347421, 0.00466673308983, -0.00506860343739, 0.00973524991423, -0.00629694433883, 0.00584756629542, -0.00469723949209, 0.00650057382882, -0.00519183557481, 0.00397155759856, -0.00306395464577, 0.00247736251913, -0.00193340156693], [0.00139148242306, -0.00469924136996, 0.00344436848536, -0.00629694433883, 0.00991113949567, -0.00642232690006, 0.00429819012061, -0.00680278800428, 0.00344634032808, -0.00434710551053, 0.00224841176532, 5.02581351611e-05, -0.000657820666675], [-0.00186938152183, 0.00523829413578, -0.00479111261666, 0.00584756629542, -0.00642232690006, 0.0129020772874, -0.00711929891258, 0.00503637734801, -0.00453176861629, 0.00352708739229, -0.00289193657227, 0.0020583900623, 0.000110421831778], [0.00135907507502, -0.00444138702005, 0.00374324782752, -0.00469723949209, 0.00429819012061, -0.00711929891258, 0.00973330717534, -0.00706741027534, 0.00389219191857, -0.00233536958694, 0.000826362287626, -0.0015786922304, -0.00160181673709], [-0.00174872705247, 0.00591988209635, -0.00470038689673, 0.00650057382882, -0.00680278800428, 0.00503637734801, -0.00706741027534, 0.0163907259703, -0.00625807512552, 0.00386041938327, -0.0036558965221, 0.00133964756969, 0.000923841376789], [0.00130742799956, -0.00451834406704, 0.00385036296211, -0.00519183557481, 0.00344634032808, -0.00453176861629, 0.00389219191857, -0.00625807512552, 0.0105755487457, -0.00553911924362, 0.00174293178134, -0.000626654538792, -0.0010784995975], [-0.00154119217768, 0.00427540205419, -0.00334009248763, 0.00397155759856, -0.00434710551053, 0.00352708739229, -0.00233536958694, 0.00386041938327, -0.00553911924362, 0.0147372400388, -0.00562328426167, 0.000611682073213, -0.000270202726824], [0.00143425061833, -0.00410549994558, 0.0021043533925, -0.00306395464577, 0.00224841176532, -0.00289193657227, 0.000826362287626, -0.0036558965221, 0.00174293178134, -0.00562328426167, 0.0155318658799, -0.00582192884758, 0.000373375893105], [-0.000935971504077, 0.00261948700063, -0.00232419464737, 0.00247736251913, 5.02581351611e-05, 0.0020583900623, -0.0015786922304, 0.00133964756969, -0.000626654538792, 0.000611682073213, -0.00582192884758, 0.018537234515, -0.00509998342022], [0.000553521269467, -0.000924758031033, 0.00124220270663, -0.00193340156693, -0.000657820666675, 0.000110421831778, -0.00160181673709, 0.000923841376789, -0.0010784995975, -0.000270202726824, 0.000373375893105, -0.00509998342022, 0.0177964065224]]
    },
    "melbands": {
        "dmean": [0.00307872495614, 0.00203148368746, 0.00096967513673, 0.000801780726761, 0.000340050028171, 0.000211949081859, 0.000226140444283, 0.000221183159738, 0.000203951174626, 0.000149885803694, 0.000156132387929, 9.91174965748e-05, 6.48273926345e-05, 6.37975244899e-05, 5.30786674062e-05, 4.4819273171e-05, 4.93744919368e-05, 3.89763845305e-05, 2.96120397252e-05, 2.26867978199e-05, 1.94022977666e-05, 1.66728914337e-05, 1.207733294e-05, 9.98762334348e-06, 1.10510400191e-05, 8.90261526365e-06, 8.14333452581e-06, 9.61128171184e-06, 7.76554043114e-06, 6.94382288202e-06, 5.14034900334e-06, 3.50977597918e-06, 3.49568426827e-06, 3.3728820199e-06, 2.88889782496e-06, 1.84168482065e-06, 1.37726306093e-06, 1.20514641822e-06, 8.25270319638e-07, 6.31218370017e-07],
        "dmean2": [0.00480285286903, 0.00315111549571, 0.00152007350698, 0.00138105754741, 0.000591210322455, 0.000355889555067, 0.000371294067008, 0.000360067933798, 0.000329189177137, 0.000238240201725, 0.000251623248914, 0.000154959678184, 0.000105112150777, 0.000102179510577, 8.48946074257e-05, 7.0837289968e-05, 7.87094249972e-05, 6.23128726147e-05, 4.61462623207e-05, 3.56870186806e-05, 3.07871232508e-05, 2.65517846856e-05, 1.90978680621e-05, 1.59099708981e-05, 1.75270470208e-05, 1.38627201522e-05, 1.29516420202e-05, 1.56200130732e-05, 1.23684430946e-05, 1.09514185169e-05, 8.05040872365e-06, 5.41181043445e-06, 5.35674143975e-06, 5.21677884535e-06, 4.42229566033e-06, 2.74615035778e-06, 2.04084517463e-06, 1.8267771793e-06, 1.23807149066e-06, 9.28794349875e-07],
        "dvar": [1.81527739187e-05, 8.91995659913e-06, 3.58073157258e-06, 2.31620970226e-06, 3.9371431626e-07, 1.49769903146e-07, 2.17591093588e-07, 2.21800121381e-07, 2.32596221394e-07, 1.27505686009e-07, 9.3923915756e-08, 4.92795564355e-08, 2.38275532638e-08, 2.76285714307e-08, 1.94513347651e-08, 1.27888686308e-08, 1.31313049323e-08, 7.65674545988e-09, 3.59839646968e-09, 1.87715754052e-09, 1.34973188182e-09, 1.05187680788e-09, 5.72844771618e-10, 2.54851417747e-10, 3.95445814982e-10, 2.2939533606e-10, 2.48736531372e-10, 3.29732796622e-10, 2.00387456628e-10, 1.23772644911e-10, 8.3069398582e-11, 3.16346532303e-11, 3.01610507403e-11, 3.26168050901e-11, 2.77462913756e-11, 1.43645893791e-11, 8.59610820025e-12, 6.00126805889e-12, 2.16960195469e-12, 1.19459769767e-12],
        "dvar2": [4.35057845607e-05, 2.00394842977e-05, 8.25015922601e-06, 6.19711954641e-06, 1.07328094145e-06, 3.89925929767e-07, 5.40916914815e-07, 5.49422225049e-07, 5.69293774788e-07, 3.02382318296e-07, 2.21158202862e-07, 1.11678780002e-07, 6.01538232559e-08, 6.68512853963e-08, 4.85762470248e-08, 3.00729823266e-08, 3.10426067074e-08, 1.87280697617e-08, 8.36862490416e-09, 4.1386769567e-09, 3.34423777559e-09, 2.550079925e-09, 1.37730238325e-09, 6.14712447611e-10, 9.21530796116e-10, 5.19175979985e-10, 6.28564034155e-10, 8.22494350405e-10, 4.89683738003e-10, 2.92004920244e-10, 2.00578748055e-10, 7.57628057513e-11, 7.27108928622e-11, 7.80353698326e-11, 6.79907935508e-11, 3.26524085548e-11, 1.86672257513e-11, 1.36236742374e-11, 4.79414858506e-12, 2.64753670376e-12],
        "max": [0.0871805772185, 0.0713152587414, 0.0222472622991, 0.015522477217, 0.00887172203511, 0.00782502163202, 0.00974616128951, 0.0076720234938, 0.0122338365763, 0.00723184878007, 0.0085617005825, 0.00639485009015, 0.00344443763606, 0.00343983410858, 0.00397757999599, 0.00304253934883, 0.00299600651488, 0.00178522604983, 0.00171298498753, 0.00108327704947, 0.00101477454882, 0.000883049273398, 0.000684241415001, 0.000244141556323, 0.000493547646329, 0.000378928467399, 0.000341797218425, 0.000296657497529, 0.00040308694588, 0.000179442053195, 0.000306458328851, 0.000163424308994, 0.000128742482048, 0.000108407315565, 0.000138094255817, 8.97376667126e-05, 6.68293359922e-05, 6.8224973802e-05, 3.23279709846e-05, 1.90263344848e-05],
        "mean": [0.00495408568531, 0.00369980582036, 0.00118433649186, 0.000894877070095, 0.000415929884184, 0.000273287645541, 0.000313927041134, 0.000302335218294, 0.000282626657281, 0.000217053398956, 0.000247003801633, 0.000156843772857, 8.9795270469e-05, 8.59798528836e-05, 7.33422930352e-05, 6.06750800216e-05, 6.9480673119e-05, 5.79193219892e-05, 4.95703243359e-05, 3.77254727937e-05, 3.16122423101e-05, 2.79673477053e-05, 2.01523071155e-05, 1.69529212144e-05, 1.7631733499e-05, 1.36140924951e-05, 1.22234423543e-05, 1.4152004951e-05, 1.20984177556e-05, 1.15558314064e-05, 8.37700918055e-06, 5.94171342527e-06, 6.04435854257e-06, 5.73766646994e-06, 4.55861663795e-06, 2.83300596493e-06, 2.1280332021e-06, 1.887811095e-06, 1.29991394715e-06, 9.23470736325e-07],
        "median": [0.00329793174751, 0.00259349541739, 0.000565952563193, 0.000450402847491, 0.000210923681152, 0.000142964257975, 0.0001518788049, 0.000125054706587, 8.87726127985e-05, 7.4863237387e-05, 8.92989846761e-05, 4.832646664e-05, 2.80971144093e-05, 2.84812067548e-05, 2.79728174064e-05, 1.93882951862e-05, 2.47458847298e-05, 1.83907013707e-05, 1.74389806489e-05, 1.54033641593e-05, 1.46486918311e-05, 1.39408812174e-05, 9.68701169768e-06, 9.33546198212e-06, 8.71779411682e-06, 6.18745116299e-06, 5.98162296228e-06, 6.25537677479e-06, 5.83500968787e-06, 5.76980573896e-06, 4.61234549221e-06, 3.54180178874e-06, 3.41214376931e-06, 2.95172799269e-06, 2.35720244746e-06, 1.36598930567e-06, 9.67540131569e-07, 8.46017996992e-07, 6.1584296418e-07, 3.90569027786e-07],
        "min": [5.39007120635e-24, 4.40125614976e-24, 5.06476902929e-24, 8.52439623194e-24, 9.48957149378e-24, 9.58296473635e-24, 3.95476876601e-24, 2.33358012805e-24, 3.94282383419e-24, 9.2695282106e-24, 7.93167296903e-24, 5.41611308255e-24, 9.45834837915e-24, 1.46982946221e-23, 9.57882558318e-24, 5.97048942243e-24, 8.06514113444e-24, 1.5786799609e-23, 1.71197268365e-23, 1.34826157909e-23, 1.19986997973e-23, 1.1856247295e-23, 1.3288750068e-23, 1.40185710454e-23, 1.71309886148e-23, 1.42894201263e-23, 1.12081893839e-23, 1.10996705224e-23, 9.18674435835e-24, 6.67987219702e-24, 1.03147373556e-23, 6.62619810103e-24, 8.02387897593e-24, 1.26814052682e-23, 1.38330183387e-23, 8.84785996865e-24, 6.91489594879e-24, 9.53380213588e-24, 7.99851630897e-24, 9.73931933435e-24],
        "var": [3.4657681681e-05, 1.84987657121e-05, 3.81927247872e-06, 1.89515014881e-06, 4.00273677315e-07, 1.74458193669e-07, 2.71120768502e-07, 3.03736953811e-07, 3.94918117763e-07, 1.87202786606e-07, 2.1024442276e-07, 1.11011296156e-07, 3.36400240997e-08, 3.72145763095e-08, 2.50703493521e-08, 1.73615255505e-08, 1.95361771205e-08, 1.24136319002e-08, 8.42242542376e-09, 4.20392343159e-09, 2.29355845427e-09, 1.93549620775e-09, 1.07492814649e-09, 5.57948021118e-10, 7.96224142174e-10, 4.47862885666e-10, 3.86516485484e-10, 5.30091581741e-10, 3.49746787087e-10, 2.47992043567e-10, 1.29429730822e-10, 5.42288852712e-11, 5.94298152357e-11, 5.96484805993e-11, 4.18786359757e-11, 2.32945399081e-11, 1.52440889772e-11, 1.06986138698e-11, 4.17829226079e-12, 1.98266685188e-12]
    },
    "mfcc": {
        "mean": [-606.174316406, 105.943244934, 9.85957527161, 27.0915470123, 0.0457168072462, 12.6370630264, 0.234618723392, 7.47656822205, 4.70521402359, 6.24961805344, 1.42291045189, 1.49139213562, -0.97596937418],
        "cov": [[2423.01245117, -478.192810059, -425.913970947, -223.2628479, -121.644477844, -16.4063014984, -93.7849349976, -41.2461166382, 31.40990448, -16.3561248779, -11.1074781418, -35.2903823853, -51.3219413757], [-478.192810059, 742.098571777, 63.4997138977, 90.4562988281, 48.5219993591, 39.3001823425, 40.8157348633, 34.7150993347, 6.46689653397, 10.5694141388, 61.613079071, 47.7624206543, 33.8987007141], [-425.913970947, 63.4997138977, 885.244384766, 226.262634277, 206.091430664, 102.640144348, 116.404640198, 39.3365516663, -11.3772907257, 23.3996295929, 23.721113205, 35.4564933777, 50.8386802673], [-223.2628479, 90.4562988281, 226.262634277, 359.372833252, 152.933670044, 69.5604171753, 38.9921226501, 11.7198867798, 31.617269516, 38.2651863098, 20.6028404236, 14.6058750153, 41.5608100891], [-121.644477844, 48.5219993591, 206.091430664, 152.933670044, 332.587860107, 70.9169692993, 16.9451465607, 8.15945911407, 28.0592212677, 75.19140625, 33.8721504211, 16.3284187317, 17.6392555237], [-16.4063014984, 39.3001823425, 102.640144348, 69.5604171753, 70.9169692993, 176.096374512, 63.3928985596, 31.9523525238, 45.3082923889, 38.7715606689, 32.2183876038, 25.5347709656, 16.1174449921], [-93.7849349976, 40.8157348633, 116.404640198, 38.9921226501, 16.9451465607, 63.3928985596, 245.127182007, 82.0737609863, 24.0837917328, 27.1556034088, 23.382478714, 23.6518096924, 13.2369623184], [-41.2461166382, 34.7150993347, 39.3365516663, 11.7198867798, 8.15945911407, 31.9523525238, 82.0737609863, 148.455505371, 51.7061080933, 25.3094158173, 36.7681732178, 13.5083580017, 14.1968688965], [31.40990448, 6.46689653397, -11.3772907257, 31.617269516, 28.0592212677, 45.3082923889, 24.0837917328, 51.7061080933, 125.305595398, 54.5734596252, 28.6215553284, 16.015914917, 5.4448132515], [-16.3561248779, 10.5694141388, 23.3996295929, 38.2651863098, 75.19140625, 38.7715606689, 27.1556034088, 25.3094158173, 54.5734596252, 116.376922607, 49.6510009766, 19.885187149, 15.3334436417], [-11.1074781418, 61.613079071, 23.721113205, 20.6028404236, 33.8721504211, 32.2183876038, 23.382478714, 36.7681732178, 28.6215553284, 49.6510009766, 104.871368408, 41.1768608093, 20.1632995605], [-35.2903823853, 47.7624206543, 35.4564933777, 14.6058750153, 16.3284187317, 25.5347709656, 23.6518096924, 13.5083580017, 16.015914917, 19.885187149, 41.1768608093, 90.2241287231, 32.8279495239], [-51.3219413757, 33.8987007141, 50.8386802673, 41.5608100891, 17.6392555237, 16.1174449921, 13.2369623184, 14.1968688965, 5.4448132515, 15.3334436417, 20.1632995605, 32.8279495239, 78.9356689453]],
