{
"lowlevel": {
    "average_loudness": 0.954573512077,
    "barkbands_crest": {
        "dmean": 2.34709095955,
        "dmean2": 3.79314780235,
        "dvar": 5.21415710449,
        "dvar2": 13.0385217667,
        "max": 26.908536911,
        "mean": 10.738152504,
        "median": 9.75843048096,
        "min": 2.68085479736,
        "var": 20.4735717773
    },
    "barkbands_flatness_db": {
        "dmean": 0.0182551052421,
        "dmean2": 0.0281536076218,
        "dvar": 0.000332348630764,
        "dvar2": 0.000740075716749,
        "max": 0.588242709637,
        "mean": 0.170234665275,
        "median": 0.160084024072,
        "min": 0.0220343396068,
        "var": 0.00315542705357
    },
    "barkbands_kurtosis": {
        "dmean": 4.29011917114,
        "dmean2": 6.73240184784,
        "dvar": 743.168395996,
        "dvar2": 1543.59606934,
        "max": 2214.19140625,
        "mean": 9.34718608856,
        "median": 3.5908741951,
        "min": -1.90074980259,
        "var": 3066.13427734
    },
    "barkbands_skewness": {
        "dmean": 0.481479108334,
        "dmean2": 0.74510204792,
        "dvar": 0.543359875679,
        "dvar2": 1.14136588573,
        "max": 46.4479446411,
        "mean": 1.78524267673,
        "median": 1.54971182346,
        "min": -2.25177454948,
        "var": 3.74879860878
    },
    "barkbands_spread": {
        "dmean": 3.69902706146,
        "dmean2": 5.68571996689,
        "dvar": 33.3634223938,
        "dvar2": 63.2707481384,
        "max": 108.553718567,
        "mean": 16.5752639771,
        "median": 13.4176054001,
        "min": 0.257032752037,
        "var": 172.102630615
    },
    "dissonance": {
        "dmean": 0.0239665471017,
        "dmean2": 0.0403266996145,
        "dvar": 0.000482707604533,
        "dvar2": 0.00134807196446,
        "max": 0.500000119209,
        "mean": 0.449262619019,
        "median": 0.456148594618,
        "min": 0.272071301937,
        "var": 0.00117446784861
    },
    "dynamic_complexity": 2.53908634186,
    "erbbands_crest": {
        "dmean": 2.83917427063,
        "dmean2": 4.60309648514,
        "dvar": 7.3151268959,
        "dvar2": 17.7716960907,
        "max": 30.3202095032,
        "mean": 10.9468431473,
        "median": 9.64474201202,
        "min": 2.67807364464,
        "var": 29.2701797485
    },
    "erbbands_flatness_db": {
        "dmean": 0.0167175233364,
        "dmean2": 0.0246787499636,
        "dvar": 0.000270236749202,
        "dvar2": 0.00053871597629,
        "max": 0.33203881979,
        "mean": 0.187048882246,
        "median": 0.186693564057,
        "min": 0.0496177077293,
        "var": 0.00216026999988
    },
    "erbbands_kurtosis": {
        "dmean": 1.46760177612,
        "dmean2": 2.30284190178,
        "dvar": 6.41893386841,
        "dvar2": 15.3022708893,
        "max": 61.1523208618,
        "mean": 2.16521644592,
        "median": 0.786970853806,
        "min": -1.78927958012,
        "var": 19.7205963135
    },
    "erbbands_skewness": {
        "dmean": 0.37444254756,
        "dmean2": 0.578365981579,
        "dvar": 0.152115777135,
        "dvar2": 0.334767967463,
        "max": 6.70088529587,
        "mean": 0.958040416241,
        "median": 0.866194903851,
        "min": -2.39491415024,
        "var": 0.982433795929
    },
    "erbbands_spread": {
        "dmean": 6.36212968826,
        "dmean2": 9.81239318848,
        "dvar": 67.7634658813,
        "dvar2": 137.437408447,
        "max": 140.041656494,
        "mean": 31.1047935486,
        "median": 27.6713199615,
        "min": 3.05359196663,
        "var": 310.787200928
    },
    "hfc": {
        "dmean": 4.34559392929,
        "dmean2": 6.50969934464,
        "dvar": 34.2184028625,
        "dvar2": 68.4116363525,
        "max": 188.336868286,
        "mean": 19.232421875,
        "median": 15.0620470047,
        "min": 1.07002681142e-16,
        "var": 229.069000244
    },
    "melbands_crest": {
        "dmean": 2.6695599556,
        "dmean2": 4.32205343246,
        "dvar": 6.39466428757,
        "dvar2": 15.6683721542,
        "max": 39.9868621826,
        "mean": 12.6909160614,
        "median": 11.732260704,
        "min": 1.50929987431,
        "var": 25.6698493958
    },
    "melbands_flatness_db": {
        "dmean": 0.0197124574333,
        "dmean2": 0.0302375778556,
        "dvar": 0.000444597244496,
        "dvar2": 0.000975882459898,
        "max": 0.569697916508,
        "mean": 0.219269514084,
        "median": 0.213149413466,
        "min": 0.00325471861288,
        "var": 0.00494278455153
    },
    "melbands_kurtosis": {
        "dmean": 7.69378805161,
        "dmean2": 12.5461959839,
        "dvar": 5380.70410156,
        "dvar2": 13710.1582031,
        "max": 5589.25048828,
        "mean": 17.886920929,
        "median": 7.92546749115,
        "min": -1.4522100687,
        "var": 13775.9140625
    },
    "melbands_skewness": {
        "dmean": 0.575524091721,
        "dmean2": 0.896252155304,
        "dvar": 1.09407091141,
        "dvar2": 2.48820233345,
        "max": 72.8137741089,
        "mean": 2.40024352074,
        "median": 2.10488033295,
        "min": -1.22965276241,
        "var": 5.59985589981
    },
    "melbands_spread": {
        "dmean": 4.18729305267,
        "dmean2": 6.42948579788,
        "dvar": 38.88489151,
        "dvar2": 79.0316543579,
        "max": 174.668365479,
        "mean": 20.2144832611,
        "median": 14.2082920074,
        "min": 0.1691583395,
        "var": 425.678497314
    },
    "pitch_salience": {
        "dmean": 0.0612367093563,
        "dmean2": 0.0983502939343,
        "dvar": 0.0031347007025,
        "dvar2": 0.00753662921488,
        "max": 0.89965569973,
        "mean": 0.557919025421,
        "median": 0.563713371754,
        "min": 0.00200193887576,
        "var": 0.0128198135644
    },
    "silence_rate_20dB": {
        "dmean": 0,
        "dmean2": 0,
        "dvar": 0,
        "dvar2": 0,
        "max": 1,
        "mean": 1,
        "median": 1,
        "min": 1,
        "var": 0
    },
    "silence_rate_30dB": {
        "dmean": 0,
        "dmean2": 0,
        "dvar": 0,
        "dvar2": 0,
        "max": 1,
        "mean": 1,
        "median": 1,
        "min": 1,
        "var": 0
    },
    "silence_rate_60dB": {
        "dmean": 0.00185627152678,
        "dmean2": 0.00371303549036,
        "dvar": 0.00185273913667,
        "dvar2": 0.00422970345244,
        "max": 1,
        "mean": 0.0359273515642,
        "median": 0,
        "min": 0,
        "var": 0.034635361284
    },
    "spectral_centroid": {
        "dmean": 161.217636108,
        "dmean2": 250.187332153,
        "dvar": 59945.796875,
        "dvar2": 120955.125,
        "max": 11806.7587891,
        "mean": 1207.51220703,
        "median": 858.292053223,
        "min": 240.124084473,
        "var": 1923562.25
    },
    "spectral_complexity": {
        "dmean": 2.35295677185,
        "dmean2": 3.90266537666,
        "dvar": 5.22677087784,
        "dvar2": 13.35176754,
        "max": 47,
        "mean": 16.6443061829,
        "median": 15,
        "min": 0,
        "var": 53.5471343994
    },
    "spectral_decrease": {
        "dmean": 1.73084990784e-09,
        "dmean2": 2.72093547693e-09,
        "dvar": 4.46884904958e-18,
        "dvar2": 1.0438669433e-17,
        "max": 2.22694533172e-28,
        "mean": -6.92799417834e-09,
        "median": -6.54982024173e-09,
        "min": -2.84526020522e-08,
        "var": 1.56283104335e-17
    },
    "spectral_energy": {
        "dmean": 0.00681837042794,
        "dmean2": 0.0107057271525,
        "dvar": 6.77011776133e-05,
        "dvar2": 0.000158232520334,
        "max": 0.110148027539,
        "mean": 0.027892254293,
        "median": 0.0266007687896,
        "min": 9.85304991592e-21,
        "var": 0.000246181967668
    },
    "spectral_energyband_high": {
        "dmean": 0.000252258469118,
        "dmean2": 0.000376663549105,
        "dvar": 3.81547778261e-07,
        "dvar2": 7.2426269071e-07,
        "max": 0.020898822695,
        "mean": 0.000641540973447,
        "median": 0.000284792564344,
        "min": 7.04268278214e-21,
        "var": 1.42192789099e-06
    },
    "spectral_energyband_low": {
        "dmean": 0.0018768281443,
        "dmean2": 0.00301886489615,
        "dvar": 1.53131368279e-05,
        "dvar2": 3.54975491064e-05,
        "max": 0.0794439390302,
        "mean": 0.00532871345058,
        "median": 0.00443650083616,
        "min": 1.52261908735e-23,
        "var": 3.09435054078e-05
    },
    "spectral_energyband_middle_high": {
        "dmean": 0.00150933454279,
        "dmean2": 0.00227281847037,
        "dvar": 7.48397860661e-06,
        "dvar2": 1.60751587828e-05,
        "max": 0.061978392303,
        "mean": 0.00544848758727,
        "median": 0.00228045438416,
        "min": 1.17693614292e-21,
        "var": 5.28832206328e-05
    },
    "spectral_energyband_middle_low": {
        "dmean": 0.00562873762101,
        "dmean2": 0.00884574279189,
        "dvar": 5.90459749219e-05,
        "dvar2": 0.000137052920763,
        "max": 0.109294243157,
        "mean": 0.0173922460526,
        "median": 0.0130819650367,
        "min": 1.65807543468e-22,
        "var": 0.000203285017051
    },
    "spectral_entropy": {
        "dmean": 0.155504196882,
        "dmean2": 0.23206935823,
        "dvar": 0.0300081372261,
        "dvar2": 0.0593060776591,
        "max": 9.82318878174,
        "mean": 7.28055810928,
        "median": 7.34836816788,
        "min": 5.45688533783,
        "var": 0.364169299603
    },
    "spectral_flux": {
        "dmean": 0.0205729939044,
        "dmean2": 0.0339507460594,
        "dvar": 0.000482442992507,
        "dvar2": 0.00120327051263,
        "max": 0.258275806904,
        "mean": 0.0748364254832,
        "median": 0.0691995173693,
        "min": 6.24486642953e-11,
        "var": 0.00128544564359
    },
    "spectral_kurtosis": {
        "dmean": 2.20217633247,
        "dmean2": 3.66729044914,
        "dvar": 10.9032726288,
        "dvar2": 28.6362056732,
        "max": 83.7648925781,
        "mean": 6.09863185883,
        "median": 4.27414131165,
        "min": -1.26298856735,
        "var": 42.8561553955
    },
    "spectral_rms": {
        "dmean": 0.000610941788182,
        "dmean2": 0.000952428206801,
        "dvar": 4.21156357788e-07,
        "dvar2": 9.6716655662e-07,
        "max": 0.0103663634509,
        "mean": 0.00496321404353,
        "median": 0.00509430747479,
        "min": 3.10044047727e-12,
        "var": 2.57840088125e-06
    },
    "spectral_rolloff": {
        "dmean": 275.64642334,
        "dmean2": 460.768554688,
        "dvar": 494192.40625,
        "dvar2": 958192.75,
        "max": 19724.4140625,
        "mean": 1406.89111328,
        "median": 710.595703125,
        "min": 21.533203125,
        "var": 6327890
    },
    "spectral_skewness": {
        "dmean": 0.248371392488,
        "dmean2": 0.398370623589,
        "dvar": 0.0722209513187,
        "dvar2": 0.170817658305,
        "max": 7.30775785446,
        "mean": 1.79791200161,
        "median": 1.62476539612,
        "min": -0.0818436667323,
        "var": 0.651715755463
    },
    "spectral_spread": {
        "dmean": 507413.03125,
        "dmean2": 737957.0625,
        "dvar": 649545711616,
        "dvar2": 1.2656073769e+12,
        "max": 43088976,
        "mean": 4703580,
        "median": 3874065.5,
        "min": 981955.125,
        "var": 2.21523570852e+13
    },
    "spectral_strongpeak": {
        "dmean": 0.617673933506,
        "dmean2": 1.02117502689,
        "dvar": 0.79114741087,
        "dvar2": 1.96629190445,
        "max": 11.9919672012,
        "mean": 1.40641355515,
        "median": 0.857723414898,
        "min": 0,
        "var": 2.17509770393
    },
    "zerocrossingrate": {
        "dmean": 0.00738507602364,
        "dmean2": 0.00886708684266,
        "dvar": 0.000145208920003,
        "dvar2": 0.000145995349158,
        "max": 0.73046875,
        "mean": 0.055975753814,
        "median": 0.04296875,
        "min": 0,
        "var": 0.00419958587736
    },
    "barkbands": {
        "dmean": [5.02793991473e-05, 0.00128273898736, 0.000760002236348, 0.000580633117352, 0.00231393077411, 0.00263564079069, 0.00100442778785, 0.000470812199637, 0.00124426512048, 0.000873366429005, 0.000526713323779, 0.000249563861871, 0.00020999777189, 0.000322469102684, 0.000168515165569, 9.09902300918e-05, 0.000108569198346, 0.000111445340735, 0.000128572661197, 0.000137188952067, 6.41727820039e-05, 4.69690312457e-05, 4.84982629132e-05, 6.1411607021e-05, 2.96100297419e-05, 6.48129935144e-06, 3.4104505886e-08],
        "dmean2": [8.76990598044e-05, 0.00209202128462, 0.00127345137298, 0.000950781162828, 0.00364462728612, 0.00412019714713, 0.00158451567404, 0.000741242314689, 0.00194355612621, 0.00135923398193, 0.00080191710731, 0.000394150993088, 0.000335912714945, 0.000502605107613, 0.000278648163658, 0.000148248262121, 0.000176791741978, 0.000182557414519, 0.000195804517716, 0.000214323605178, 0.000105618899397, 7.5637944974e-05, 7.46604710002e-05, 9.01536041056e-05, 4.28579514846e-05, 9.55412087933e-06, 5.90659645638e-08],
        "dvar": [1.23861783052e-08, 1.25202195704e-05, 2.13668045035e-06, 9.42823078276e-07, 2.4286664484e-05, 2.38072570937e-05, 9.1926776804e-06, 1.37250572152e-06, 7.58960595704e-06, 5.19204741067e-06, 2.37932499658e-06, 3.30764123646e-07, 2.77078783029e-07, 7.59516979087e-07, 2.38093292637e-07, 6.81424268123e-08, 6.98917332898e-08, 6.47654232466e-08, 1.16448397591e-07, 1.16267713679e-07, 2.82412120356e-08, 3.32346345999e-08, 1.64848863449e-08, 5.32537214326e-08, 1.51159600392e-08, 4.38889868892e-10, 2.15797736939e-14],
        "dvar2": [3.4126319548e-08, 2.92793774861e-05, 6.07099354966e-06, 2.62268849838e-06, 5.970273196e-05, 5.37441119377e-05, 2.13472194446e-05, 2.78450579572e-06, 1.7314847355e-05, 1.23322906802e-05, 4.3730942707e-06, 7.55281689635e-07, 6.61039450733e-07, 1.69368456682e-06, 6.10565962234e-07, 1.68683612856e-07, 1.64386122492e-07, 1.57166468284e-07, 2.21446995852e-07, 2.63970633796e-07, 6.81102179101e-08, 7.31832301426e-08, 3.59112242165e-08, 1.06300035441e-07, 2.7827594451e-08, 9.03039143463e-10, 5.73280911132e-14],
        "max": [0.0020003230311, 0.0751211792231, 0.0242127664387, 0.0240818858147, 0.104739397764, 0.0843769982457, 0.0723209306598, 0.0413138829172, 0.0456963256001, 0.0493026785553, 0.0579441562295, 0.0148360254243, 0.0149865765125, 0.0211799144745, 0.0126738948748, 0.00718323234469, 0.0108235795051, 0.00752283958718, 0.0109894536436, 0.0100211082026, 0.00446652341634, 0.00525984819978, 0.00300249666907, 0.0160261560231, 0.00477144215256, 0.000802640453912, 4.10050097344e-06],
        "mean": [6.42382510705e-05, 0.00291542382911, 0.00174978782889, 0.00122479966376, 0.00531254662201, 0.00521071348339, 0.00172726437449, 0.000816936371848, 0.00246216286905, 0.00174337776843, 0.00114739779383, 0.000435725349234, 0.000350682472344, 0.000637750898022, 0.000290091964416, 0.000173569118488, 0.000241594039835, 0.000257152918493, 0.000297447986668, 0.000348511413904, 0.000122255660244, 8.00560883363e-05, 9.6925010439e-05, 0.000126724044094, 4.96326538268e-05, 9.47435000853e-06, 2.93860402678e-08],
        "median": [1.81481718755e-05, 0.00221199868247, 0.000798833032604, 0.000678726704791, 0.00257090432569, 0.00252169603482, 0.000675356655847, 0.000391323759686, 0.00067679642234, 0.000387512496673, 0.000223288894631, 0.000158751601703, 0.000130514381453, 0.000121132929053, 9.36076321523e-05, 6.11416689935e-05, 6.73843678669e-05, 8.28988413559e-05, 9.2036469141e-05, 8.11327772681e-05, 3.83331207559e-05, 2.11895385291e-05, 2.6903779144e-05, 4.1328388761e-05, 9.2924983619e-06, 1.25870099055e-06, 1.97784300049e-09],
        "min": [1.78876675449e-25, 2.64733318424e-24, 1.47312270011e-24, 1.08279590193e-24, 8.17479201141e-24, 5.13062668753e-24, 8.66692130941e-24, 8.44112407478e-24, 1.91662813047e-23, 1.19531912005e-23, 1.31131188649e-23, 2.01673047726e-23, 1.74927113165e-23, 3.42851508075e-23, 4.48065168665e-23, 5.10527301358e-23, 6.67525452082e-23, 7.95782686348e-23, 1.52046906273e-22, 1.80696655655e-22, 2.29740377946e-22, 2.89561530546e-22, 3.70153277185e-22, 6.18043615377e-22, 8.03906868199e-22, 1.29656138348e-21, 1.88958424945e-21],
        "var": [1.44652130274e-08, 1.68717579072e-05, 6.0895331444e-06, 2.52236259257e-06, 7.49417522456e-05, 6.34086463833e-05, 1.8259839635e-05, 3.12427118843e-06, 2.67658815574e-05, 1.71807241713e-05, 1.34778902066e-05, 8.68675215315e-07, 5.43247494988e-07, 2.62918911176e-06, 4.36072468801e-07, 1.49481920175e-07, 3.21499214806e-07, 2.33388476545e-07, 4.8059217761e-07, 5.03232683968e-07, 7.30762010903e-08, 6.79123601799e-08, 5.04630826015e-08, 1.73865359443e-07, 4.38612275389e-08, 1.09353548439e-09, 1.77648914595e-14]
    },
    "erbbands": {
        "dmean": [0.0350021310151, 0.305804550648, 0.804208040237, 1.36019992828, 3.37673616409, 8.98526954651, 19.7418746948, 21.4518718719, 16.2119827271, 11.1086616516, 12.6831941605, 29.4812431335, 29.3495025635, 20.4671401978, 17.497461319, 8.75104618073, 8.75707817078, 13.7620172501, 11.6324977875, 6.76858615875, 4.28044652939, 5.93313217163, 5.58094978333, 6.55250167847, 6.12426519394, 6.30144500732, 3.71672582626, 1.74596250057, 1.6465998888, 1.67571353912, 1.39919579029, 1.08043301105, 1.20914304256, 0.453477978706, 0.158546224236, 0.0465231053531, 0.00895066931844, 0.000508172612172, 1.72252239281e-05, 8.37697007228e-06],
        "dmean2": [0.0577930212021, 0.499211400747, 1.3604143858, 2.20625972748, 5.40795469284, 14.1384916306, 30.5132198334, 33.9170341492, 25.6445178986, 17.1601104736, 19.6821155548, 45.2375869751, 45.49401474, 30.264081955, 26.4879207611, 13.6192941666, 14.1683692932, 21.2994880676, 18.1114940643, 10.769821167, 6.94387197495, 9.51660728455, 9.03599834442, 10.1284942627, 9.12833309174, 9.92880153656, 5.91763210297, 2.8769364357, 2.65905308723, 2.66583681107, 2.14515161514, 1.68337953091, 1.77144443989, 0.651535153389, 0.227134525776, 0.0686634331942, 0.0130191715434, 0.000744739139918, 2.54768874584e-05, 1.29324089357e-05],
        "dvar": [0.012958494015, 0.631483435631, 2.52493667603, 4.64869022369, 41.8709220886, 466.567199707, 1659.66906738, 2122.23901367, 2359.33642578, 1054.63391113, 816.370910645, 5044.63818359, 5522.77001953, 2577.03710938, 2196.93774414, 376.223846436, 462.829650879, 1266.18371582, 1068.96337891, 337.205444336, 122.677238464, 246.525543213, 146.586486816, 346.888427734, 247.426330566, 227.126220703, 82.2632751465, 41.8614616394, 50.2954063416, 28.8275203705, 14.4685945511, 8.15536022186, 33.2885627747, 3.79895949364, 0.408698648214, 0.0251844394952, 0.000790227612015, 3.14875865115e-06, 2.28053487206e-09, 9.99417978931e-11],
        "dvar2": [0.0321211442351, 1.49056529999, 7.1914396286, 12.7723703384, 100.933135986, 1164.77783203, 3871.41455078, 4667.89160156, 5658.92919922, 2311.92895508, 1743.00671387, 11475.1083984, 13149.2109375, 5040.87841797, 4439.90332031, 835.911621094, 1131.7722168, 2998.80175781, 2568.00585938, 757.626098633, 310.43057251, 544.734436035, 356.551483154, 686.064331055, 506.508178711, 509.459442139, 207.85446167, 94.744140625, 119.073234558, 63.3348388672, 32.5449447632, 17.1644134521, 71.8517303467, 6.91923713684, 0.774249136448, 0.0517528802156, 0.0015172023559, 6.34035359326e-06, 4.70993288815e-09, 2.27006607956e-10],
        "max": [2.65474128723, 14.9249610901, 30.1768379211, 41.7941741943, 266.144805908, 470.910217285, 869.083068848, 1052.52294922, 1343.00634766, 1022.82275391, 922.633972168, 1465.18164062, 1448.7130127, 1437.09069824, 1644.25366211, 758.729370117, 761.105834961, 919.335632324, 1084.36804199, 657.950195312, 327.01965332, 728.029418945, 399.42376709, 688.169128418, 574.37902832, 355.941070557, 231.512710571, 217.537857056, 217.237579346, 129.634155273, 93.7151184082, 110.921043396, 424.221832275, 70.1491928101, 25.3676948547, 5.33903741837, 0.999724447727, 0.0608145184815, 0.00129320134874, 0.000229585493798],
        "mean": [0.0782904326916, 0.682648956776, 1.84366512299, 3.40033221245, 7.61712884903, 19.6594810486, 39.6378669739, 40.1777305603, 28.2472267151, 20.1296882629, 24.9181270599, 58.8337478638, 57.2346191406, 45.5609130859, 38.9311523438, 17.5905647278, 16.5969486237, 27.4807987213, 23.753780365, 13.7496538162, 9.81890106201, 13.9388074875, 13.862660408, 15.6568374634, 15.205329895, 16.5142250061, 8.19685840607, 3.16000032425, 2.7422618866, 3.07989025116, 2.76970744133, 2.24908852577, 2.26848745346, 0.802810072899, 0.249313369393, 0.0708024054766, 0.0123993717134, 0.000706328777596, 3.73833609046e-05, 3.49816509697e-05],
        "median": [0.0340803004801, 0.487138301134, 1.13740158081, 2.14111804962, 4.35099363327, 9.41289043427, 17.2072620392, 18.8547058105, 12.4221391678, 9.41135978699, 11.5831031799, 16.520778656, 17.0442810059, 11.592757225, 9.95467185974, 7.54689693451, 7.05608177185, 7.00686979294, 6.35657119751, 4.65745687485, 3.65452313423, 3.72516703606, 4.81010007858, 5.39434051514, 4.38194227219, 3.80848622322, 2.29935455322, 1.12509524822, 0.764960706234, 0.771955311298, 0.80941092968, 0.801524817944, 0.621617376804, 0.174094557762, 0.0421274192631, 0.0111792469397, 0.00106015638448, 6.71774687362e-05, 2.083714935e-05, 3.35883196385e-05],
        "min": [6.92080861905e-23, 6.18984190012e-22, 2.0762237414e-21, 4.52092211448e-21, 1.97775863313e-20, 3.32582731743e-20, 3.74284977702e-20, 5.96122636461e-20, 9.98328804934e-20, 1.9533976148e-19, 2.54951411203e-19, 3.47791733312e-19, 4.06914183251e-19, 6.55243884404e-19, 7.2491342999e-19, 1.00261124821e-18, 1.29111126975e-18, 1.50781873497e-18, 2.69500799564e-18, 3.3953388069e-18, 2.9401458653e-18, 3.574667221e-18, 4.86466572604e-18, 7.25609698931e-18, 6.85734795758e-18, 8.51220549105e-18, 9.94860462475e-18, 8.18179398563e-18, 1.02920615956e-17, 1.18010003331e-17, 9.75259756116e-18, 1.05688990943e-17, 9.78135863106e-18, 8.04338929836e-18, 5.76105033659e-18, 4.13773816295e-18, 2.30664504369e-18, 8.613880464e-19, 2.5308746309e-19, 2.65591506508e-20],
        "var": [0.0168351512402, 0.852020561695, 5.15700149536, 14.9423007965, 157.048965454, 1279.8503418, 4570.64257812, 5389.55712891, 4553.34765625, 1919.38415527, 2256.46508789, 17918.7773438, 15408.3671875, 11268.6269531, 10947.9179688, 1103.86853027, 968.446838379, 4125.62255859, 3270.77709961, 909.082092285, 356.472015381, 1168.51452637, 637.954040527, 1319.43701172, 1040.6809082, 1063.75964355, 252.413452148, 76.8628540039, 86.3617858887, 73.9045715332, 40.33177948, 25.5488681793, 89.278137207, 11.8687801361, 1.05665624142, 0.061122700572, 0.00207197852433, 7.823757187e-06, 5.92818283351e-09, 4.11705253223e-10]
    },
    "gfcc": {
        "mean": [-33.1752128601, 118.858413696, -120.345939636, 31.2365932465, -74.6091003418, 12.8435487747, -42.0949363708, 7.09703445435, -24.6079483032, -8.25932502747, -3.47221922874, -10.1898908615, -0.12899979949],
        "cov": [[26645.4101562, 1378.28649902, -2422.56201172, 1062.79956055, -1429.1027832, 564.080444336, -707.536315918, 569.224304199, -637.829345703, 220.389556885, -93.4912338257, -19.5298538208, -54.3086471558], [1378.28649902, 1501.55981445, -177.425247192, -102.724990845, -47.039768219, -146.353790283, -89.75756073, -213.732772827, 48.7257194519, -259.241424561, 123.676063538, -209.770568848, 96.6060638428], [-2422.56201172, -177.425247192, 1146.17333984, -106.665725708, -6.4602394104, 25.7912693024, -116.111747742, -91.2865524292, 9.53944206238, 48.2123603821, -76.7322387695, 127.335830688, -88.7266540527], [1062.79956055, -102.724990845, -106.665725708, 329.887634277, 84.0373001099, 57.8559455872, 66.2809677124, 107.124328613, 1.97964036465, 95.681388855, 19.0950946808, 42.0451774597, 19.6353092194], [-1429.1027832, -47.039768219, -6.4602394104, 84.0373001099, 398.12890625, 36.6468696594, 180.314025879, 91.0019607544, 55.5009117126, 78.3087081909, 38.8427810669, 16.276599884, 40.3604469299], [564.080444336, -146.353790283, 25.7912693024, 57.8559455872, 36.6468696594, 198.186813354, 51.7581825256, 69.7544250488, -11.3597517014, 69.6599121094, -3.86584758759, 30.9057350159, -19.0970020294], [-707.536315918, -89.75756073, -116.111747742, 66.2809677124, 180.314025879, 51.7581825256, 222.28805542, 85.6447906494, 48.3505401611, 54.0919075012, 32.5960693359, 5.55964422226, 30.4772968292], [569.224304199, -213.732772827, -91.2865524292, 107.124328613, 91.0019607544, 69.7544250488, 85.6447906494, 212.226242065, 13.4253025055, 111.508956909, -3.8885705471, 57.674823761, 9.74664974213], [-637.829345703, 48.7257194519, 9.53944206238, 1.97964036465, 55.5009117126, -11.3597517014, 48.3505401611, 13.4253025055, 126.991928101, 1.57630312443, 11.985212326, 4.6875667572, 6.66694355011], [220.389556885, -259.241424561, 48.2123603821, 95.681388855, 78.3087081909, 69.6599121094, 54.0919075012, 111.508956909, 1.57630312443, 183.113479614, -3.7955622673, 79.7546386719, -19.8437900543], [-93.4912338257, 123.676063538, -76.7322387695, 19.0950946808, 38.8427810669, -3.86584758759, 32.5960693359, -3.8885705471, 11.985212326, -3.7955622673, 149.509506226, -31.7614345551, 44.5595245361], [-19.5298538208, -209.770568848, 127.335830688, 42.0451774597, 16.276599884, 30.9057350159, 5.55964422226, 57.674823761, 4.6875667572, 79.7546386719, -31.7614345551, 148.560302734, -12.8412742615], [-54.3086471558, 96.6060638428, -88.7266540527, 19.6353092194, 40.3604469299, -19.0970020294, 30.4772968292, 9.74664974213, 6.66694355011, -19.8437900543, 44.5595245361, -12.8412742615, 108.743270874]],
        "icov": [[0.000303962122416, -0.000633013842162, 0.000615295779426, -0.000770359241869, 0.0010391396936, -0.000912282848731, 0.00085231376579, -0.000935740477871, 0.000944236526266, -0.000617496320046, 0.000372075824998, -0.000349586451193, 0.000290086347377], [-0.000633013842162, 0.00242934725247, -0.00122836325318, 0.00147297722287, -0.00237684813328, 0.00198126002215, -0.00123769254424, 0.00238968641497, -0.00250657252036, 0.00214922172017, -0.00131662806962, 0.00149708392564, -0.00111757894047], [0.000615295779426, -0.00122836325318, 0.00250306702219, -0.00119861378334, 0.00161509553436, -0.00218277587555, 0.00252046692185, -0.00100085546728, 0.00157988828141, -0.00160746951587, 0.000918181438465, -0.00178562733345, 0.00108052557334], [-0.000770359241869, 0.00147297722287, -0.00119861378334, 0.00600476423278, -0.00292603578418, 0.00188769970555, -0.00215946394019, 0.00149820803199, -0.00217083515599, 0.000153803353896, -0.00115222088061, 0.000370293768356, -0.00119005178567], [0.0010391396936, -0.00237684813328, 0.00161509553436, -0.00292603578418, 0.0080154184252, -0.00271472055465, -0.000388879998354, -0.00366431148723, 0.00279706320725, -0.00321589875966, 0.001145572518, -0.000756410590839, 0.000145322293974], [-0.000912282848731, 0.00198126002215, -0.00218277587555, 0.00188769970555, -0.00271472055465, 0.00924489181489, -0.00406483700499, 0.00162228173576, -0.00176118756644, 0.000810382538475, -0.00133931345772, 0.00126586784609, 0.000241534595261], [0.00085231376579, -0.00123769254424, 0.00252046692185, -0.00215946394019, -0.000388879998354, -0.00406483700499, 0.0116015560925, -0.00355572835542, 0.000368737615645, -0.00170056230854, 0.000364786974387, -0.000375994422939, -5.75157173444e-05], [-0.000935740477871, 0.00238968641497, -0.00100085546728, 0.00149820803199, -0.00366431148723, 0.00162228173576, -0.00355572835542, 0.0120431007817, -0.00357353896834, -0.00148052338045, -0.000358222634532, -0.00013825923088, -0.00203600712121], [0.000944236526266, -0.00250657252036, 0.00157988828141, -0.00217083515599, 0.00279706320725, -0.00176118756644, 0.000368737615645, -0.00357353896834, 0.0122747477144, -0.00146841164678, 0.000874762597959, -0.00199219142087, 0.00163473223802], [-0.000617496320046, 0.00214922172017, -0.00160746951587, 0.000153803353896, -0.00321589875966, 0.000810382538475, -0.00170056230854, -0.00148052338045, -0.00146841164678, 0.0131905414164, -0.00231956201605, -0.00228554895148, 0.00156580214389], [0.000372075824998, -0.00131662806962, 0.000918181438465, -0.00115222088061, 0.001145572518, -0.00133931345772, 0.000364786974387, -0.000358222634532, 0.000874762597959, -0.00231956201605, 0.00901673920453, 0.000938570825383, -0.0024786493741], [-0.000349586451193, 0.00149708392564, -0.00178562733345, 0.000370293768356, -0.000756410590839, 0.00126586784609, -0.000375994422939, -0.00013825923088, -0.00199219142087, -0.00228554895148, 0.000938570825383, 0.0114528080449, -0.0017346550012], [0.000290086347377, -0.00111757894047, 0.00108052557334, -0.00119005178567, 0.000145322293974, 0.000241534595261, -5.75157173444e-05, -0.00203600712121, 0.00163473223802, 0.00156580214389, -0.0024786493741, -0.0017346550012, 0.0126136271283]]
    },
    "melbands": {
        "dmean": [0.000336691678967, 0.000397081690608, 0.000271355413133, 0.000395552226109, 0.00063924479764, 0.00048054868239, 0.000231420606724, 0.000112100467959, 0.000128425264847, 0.000185662589502, 0.000148738603457, 8.83964385139e-05, 6.9389861892e-05, 2.61602326646e-05, 2.69753527391e-05, 1.86079760169e-05, 2.97927090287e-05, 2.32487818721e-05, 1.10447936095e-05, 8.2121387095e-06, 5.30579427505e-06, 7.32414446247e-06, 5.40171913599e-06, 5.97025564275e-06, 5.94781067775e-06, 5.17551507073e-06, 5.21591437064e-06, 4.50784955319e-06, 3.16848309012e-06, 1.3701634316e-06, 9.86782310974e-07, 9.80637423709e-07, 9.93348066913e-07, 9.93464027488e-07, 9.15482075925e-07, 6.89683361088e-07, 7.51649452013e-07, 9.4016274943e-07, 6.81225401422e-07, 3.30902906853e-07],
        "dmean2": [0.000550432421733, 0.000656914024148, 0.000439939438365, 0.000619681552052, 0.000992785557173, 0.000756932946388, 0.000365722109564, 0.000172336367541, 0.000199304922717, 0.000286036112811, 0.000230933452258, 0.000132240384119, 0.000104246944829, 4.06351318816e-05, 4.37190501543e-05, 2.95141671813e-05, 4.60486699012e-05, 3.58612560376e-05, 1.79396793101e-05, 1.30852686198e-05, 8.63110108185e-06, 1.18780935736e-05, 8.83972279553e-06, 9.72301859292e-06, 9.3139569799e-06, 7.93369235907e-06, 8.13058613858e-06, 7.17116108717e-06, 5.07561253471e-06, 2.23745223593e-06, 1.62867445397e-06, 1.60307092756e-06, 1.60190347742e-06, 1.58303350872e-06, 1.4083283304e-06, 1.0934339798e-06, 1.18442551411e-06, 1.39488190598e-06, 1.00301929251e-06, 4.86179203563e-07],
        "dvar": [1.02647823041e-06, 6.32897581454e-07, 1.81791151022e-07, 6.41835924853e-07, 1.66899792475e-06, 9.08592369342e-07, 4.52466139222e-07, 9.94477034055e-08, 8.36113400737e-08, 1.88058905337e-07, 1.45177537547e-07, 5.09698843132e-08, 4.09833340598e-08, 4.07299394212e-09, 4.20244905541e-09, 2.57827870165e-09, 6.46433928608e-09, 4.58636817413e-09, 8.57987736413e-10, 4.8802484276e-10, 1.99992619687e-10, 4.20282808555e-10, 2.71486527703e-10, 1.50987541914e-10, 3.36383504385e-10, 2.28355945264e-10, 2.12729181492e-10, 1.20856991082e-10, 6.76808609157e-11, 1.53527104224e-11, 1.6192861288e-11, 2.01056827437e-11, 1.33898378496e-11, 8.8700644052e-12, 6.24161703225e-12, 3.29313703043e-12, 4.21871045042e-12, 1.55802575702e-11, 1.10285513361e-11, 2.11391386166e-12],
        "dvar2": [2.45178262048e-06, 1.65537812791e-06, 4.87895079004e-07, 1.58787599958e-06, 3.99523469241e-06, 2.01141438083e-06, 1.07121366e-06, 2.12593590732e-07, 1.82614655841e-07, 4.23582321218e-07, 3.46368636883e-07, 1.03604200774e-07, 7.99264867624e-08, 8.49438830386e-09, 1.06550714918e-08, 6.05939076692e-09, 1.52052272995e-08, 1.04089483699e-08, 2.08762540588e-09, 1.12308118361e-09, 4.96841789932e-10, 9.74946345877e-10, 6.68056721054e-10, 3.62177954294e-10, 6.58885612737e-10, 4.30931207385e-10, 4.87299589569e-10, 2.7656624213e-10, 1.73126540881e-10, 3.57522136896e-11, 3.80276261869e-11, 5.04655900402e-11, 2.90270446568e-11, 2.04176883734e-11, 1.4134550301e-11, 7.93153043244e-12, 9.47316270566e-12, 3.30785017433e-11, 2.19013921582e-11, 4.27438162989e-12],
        "max": [0.0230029318482, 0.0151358451694, 0.0107419798151, 0.017508758232, 0.0248935073614, 0.0203658975661, 0.0171203874052, 0.0117419157177, 0.00797303207219, 0.0087010236457, 0.00710963550955, 0.00588577752933, 0.00822723004967, 0.00168973312248, 0.00154341559391, 0.00160006177612, 0.00215496099554, 0.00205740612, 0.000928546942305, 0.00070932880044, 0.000379677454475, 0.000953514885623, 0.000803587434348, 0.000318331149174, 0.000693124835379, 0.000724710000213, 0.000494898820762, 0.000259118329268, 0.000230455538258, 0.000130168758915, 0.000144116886077, 0.000155151079525, 0.000113801499538, 5.88469774812e-05, 5.76280108362e-05, 5.40747423656e-05, 7.46128207538e-05, 0.000264748232439, 0.000231223093579, 6.18838748778e-05],
        "mean": [0.000770200858824, 0.00096614746144, 0.000695620954502, 0.000911530747544, 0.00135397678241, 0.000923774612602, 0.000404691760195, 0.000199384798179, 0.000246629526373, 0.000362863647752, 0.00028319680132, 0.000188385980437, 0.000153484652401, 5.03971241415e-05, 4.61484305561e-05, 3.22380219586e-05, 5.60324879189e-05, 4.41701376985e-05, 1.952583807e-05, 1.53889195644e-05, 1.03992779259e-05, 1.5590871044e-05, 1.09616885311e-05, 1.35012214741e-05, 1.25070491777e-05, 1.12209381768e-05, 1.17600311569e-05, 1.05189519672e-05, 6.35872584098e-06, 2.37032759287e-06, 1.5472450059e-06, 1.48694414293e-06, 1.63732215697e-06, 1.73390071723e-06, 1.67787823102e-06, 1.29331829157e-06, 1.41507712215e-06, 1.70778469055e-06, 1.18418040529e-06, 5.12298470312e-07],
        "median": [0.000510136014782, 0.000706623308361, 0.00046534233843, 0.000489865313284, 0.000606541172601, 0.000451537576737, 0.000175010238308, 9.15631826501e-05, 9.57055162871e-05, 9.65097569861e-05, 7.27283841115e-05, 3.96311297663e-05, 3.07840673486e-05, 1.69245831785e-05, 1.76848152478e-05, 1.13072292152e-05, 1.17571462397e-05, 9.35802836466e-06, 6.52881635688e-06, 4.95568383485e-06, 3.82218286177e-06, 3.78322806682e-06, 3.75442846234e-06, 4.23526353188e-06, 4.03679450756e-06, 3.13931059281e-06, 2.73293062492e-06, 2.2896426799e-06, 1.53112023327e-06, 8.0910797351e-07, 4.61137801722e-07, 3.81686845685e-07, 3.76756702281e-07, 4.18778029143e-07, 4.35622183659e-07, 4.30527137496e-07, 4.63516045102e-07, 4.63245555693e-07, 2.23484690309e-07, 9.32925630082e-08],
        "min": [6.95271482806e-25, 7.10020864454e-25, 1.6888115697e-24, 2.04611388937e-24, 1.4869517276e-24, 1.34094442088e-24, 1.51870860524e-24, 1.88016772884e-24, 1.99515722199e-24, 2.30229627113e-24, 1.79936431189e-24, 2.34404357909e-24, 2.00937663702e-24, 2.62995023976e-24, 2.38499177096e-24, 1.96806004711e-24, 1.76617121437e-24, 3.07759152979e-24, 3.34843844135e-24, 2.49407723187e-24, 2.70800210987e-24, 3.58093192176e-24, 3.14354483742e-24, 4.21604462542e-24, 5.40929929648e-24, 4.65831318104e-24, 4.0943604642e-24, 5.44620733722e-24, 5.86799154172e-24, 4.76752781793e-24, 3.37475326342e-24, 4.57038201138e-24, 5.52028965926e-24, 5.31384594366e-24, 4.31116429008e-24, 5.38744982156e-24, 6.0177350909e-24, 6.25095590108e-24, 6.21460282398e-24, 5.69578478384e-24],
        "var": [1.34428944421e-06, 1.13843486815e-06, 6.02252782755e-07, 1.94243853002e-06, 4.80977496409e-06, 2.36537107412e-06, 8.92435195965e-07, 1.87771760807e-07, 2.56721364167e-07, 6.38986762169e-07, 4.15514904262e-07, 2.103579817e-07, 2.28523802548e-07, 1.38370852554e-08, 8.60080984211e-09, 5.15138154356e-09, 2.07560280074e-08, 1.45106824334e-08, 1.79587444915e-09, 1.24904031562e-09, 4.94189134059e-10, 1.81060377802e-09, 6.34364727414e-10, 6.30395180501e-10, 1.14273346341e-09, 7.58077600693e-10, 7.24990623091e-10, 4.56653631575e-10, 1.93184551689e-10, 2.91290984389e-11, 2.68378357732e-11, 2.9078647476e-11, 2.83477425561e-11, 2.23863757393e-11, 1.60878463329e-11, 8.04575503444e-12, 1.12265821639e-11, 4.16465056885e-11, 3.41905739831e-11, 5.24981100258e-12]
    },
    "mfcc": {
        "mean": [-656.874694824, 135.916915894, 9.72210979462, 14.6337413788, -1.40997934341, -5.98040962219, 0.568540453911, 0.680006325245, -9.93688774109, 4.62468624115, -8.67663764954, -3.39485740662, -6.42671012878],
        "cov": [[8285.02636719, 18.3083000183, -253.221679688, 422.99810791, 17.0670051575, 17.0977516174, 370.015411377, 121.133712769, 57.2212944031, 359.934326172, -65.888633728, 135.802658081, 28.5265274048], [18.3083000183, 1531.57751465, 134.376815796, -24.1422939301, 72.4479141235, -45.9834289551, -88.301574707, -43.494102478, -117.731628418, -65.7892532349, -67.1127624512, -58.1104354858, -62.0143547058], [-253.221679688, 134.376815796, 841.101501465, -103.350944519, 37.4263267517, 41.927696228, -160.929534912, -46.8488349915, -115.710250854, -94.3257675171, -3.83636760712, -68.8782119751, 2.36162352562], [422.99810791, -24.1422939301, -103.350944519, 289.826660156, 51.5736045837, 19.1454029083, 67.4597854614, 18.3898086548, 73.9343795776, 12.1372470856, 28.7842121124, 58.388710022, 50.6614303589], [17.0670051575, 72.4479141235, 37.4263267517, 51.5736045837, 156.551803589, 18.5517215729, 46.936630249, 5.84457302094, 20.4271888733, 17.9078826904, 1.95834350586, 24.1765365601, 24.3376712799], [17.0977516174, -45.9834289551, 41.927696228, 19.1454029083, 18.5517215729, 155.389282227, 19.6915435791, 32.1803512573, 15.7785263062, 20.4149951935, 39.0648345947, -3.64630627632, 6.46943426132], [370.015411377, -88.301574707, -160.929534912, 67.4597854614, 46.936630249, 19.6915435791, 237.145629883, 10.4583034515, 48.920501709, 82.5681304932, -6.73619794846, 52.0794715881, 28.7124519348], [121.133712769, -43.494102478, -46.8488349915, 18.3898086548, 5.84457302094, 32.1803512573, 10.4583034515, 112.430297852, 41.5677032471, 25.8162918091, 22.4709720612, 14.124089241, 13.9213209152], [57.2212944031, -117.731628418, -115.710250854, 73.9343795776, 20.4271888733, 15.7785263062, 48.920501709, 41.5677032471, 179.160415649, 5.39463376999, 42.470375061, 37.8809661865, 28.246843338], [359.934326172, -65.7892532349, -94.3257675171, 12.1372470856, 17.9078826904, 20.4149951935, 82.5681304932, 25.8162918091, 5.39463376999, 162.505905151, 1.38438117504, 22.7328605652, 1.09152841568], [-65.888633728, -67.1127624512, -3.83636760712, 28.7842121124, 1.95834350586, 39.0648345947, -6.73619794846, 22.4709720612, 42.470375061, 1.38438117504, 113.240737915, 23.266368866, 22.6027412415], [135.802658081, -58.1104354858, -68.8782119751, 58.388710022, 24.1765365601, -3.64630627632, 52.0794715881, 14.124089241, 37.8809661865, 22.7328605652, 23.266368866, 106.87273407, 41.8308677673], [28.5265274048, -62.0143547058, 2.36162352562, 50.6614303589, 24.3376712799, 6.46943426132, 28.7124519348, 13.9213209152, 28.246843338, 1.09152841568, 22.6027412415, 41.8308677673, 98.8430709839]],
