{
"lowlevel": {
    "average_loudness": 0.855030953884,
    "barkbands_crest": {
        "dmean": 2.30858945847,
        "dmean2": 3.63847255707,
        "dvar": 4.4877281189,
        "dvar2": 10.9290657043,
        "max": 26.9155883789,
        "mean": 8.25894927979,
        "median": 7.36640548706,
        "min": 1.94146859646,
        "var": 14.0996580124
    },
    "barkbands_flatness_db": {
        "dmean": 0.0174998734146,
        "dmean2": 0.0263038333505,
        "dvar": 0.000267620227532,
        "dvar2": 0.000568535120692,
        "max": 0.571548759937,
        "mean": 0.109925709665,
        "median": 0.103192746639,
        "min": 0.0317393392324,
        "var": 0.00137692398857
    },
    "barkbands_kurtosis": {
        "dmean": 1.72136974335,
        "dmean2": 2.64783740044,
        "dvar": 1360.54943848,
        "dvar2": 3233.9050293,
        "max": 3078.9230957,
        "mean": 1.08201813698,
        "median": -0.156330347061,
        "min": -1.94822108746,
        "var": 1263.26379395
    },
    "barkbands_skewness": {
        "dmean": 0.413844287395,
        "dmean2": 0.616141855717,
        "dvar": 0.530297100544,
        "dvar2": 1.15127658844,
        "max": 54.5200271606,
        "mean": 0.620672523975,
        "median": 0.538050234318,
        "min": -4.54569196701,
        "var": 1.23199629784
    },
    "barkbands_spread": {
        "dmean": 6.32608318329,
        "dmean2": 9.44368171692,
        "dvar": 41.8306655884,
        "dvar2": 85.8488006592,
        "max": 136.26802063,
        "mean": 29.2644329071,
        "median": 27.2865753174,
        "min": 0.178801223636,
        "var": 202.457641602
    },
    "dissonance": {
        "dmean": 0.0167107768357,
        "dmean2": 0.0278226528317,
        "dvar": 0.000293436110951,
        "dvar2": 0.000758342270274,
        "max": 0.500000059605,
        "mean": 0.471092879772,
        "median": 0.477241754532,
        "min": 0.274988919497,
        "var": 0.00056918268092
    },
    "dynamic_complexity": 3.18210077286,
    "erbbands_crest": {
        "dmean": 2.66110825539,
        "dmean2": 4.32786273956,
        "dvar": 6.45428180695,
        "dvar2": 15.7201385498,
        "max": 32.7344703674,
        "mean": 8.7133398056,
        "median": 7.76240921021,
        "min": 2.298402071,
        "var": 17.0258636475
    },
    "erbbands_flatness_db": {
        "dmean": 0.0181259140372,
        "dmean2": 0.0261069349945,
        "dvar": 0.00027253938606,
        "dvar2": 0.000536886684131,
        "max": 0.400364309549,
        "mean": 0.16398230195,
        "median": 0.15539085865,
        "min": 0.0573601461947,
        "var": 0.0025917571038
    },
    "erbbands_kurtosis": {
        "dmean": 0.928023576736,
        "dmean2": 1.44840693474,
        "dvar": 2.16463804245,
        "dvar2": 4.73075962067,
        "max": 51.3172836304,
        "mean": 0.533611178398,
        "median": 0.005650639534,
        "min": -1.77500367165,
        "var": 4.53270816803
    },
    "erbbands_skewness": {
        "dmean": 0.361442834139,
        "dmean2": 0.543955504894,
        "dvar": 0.11665609479,
        "dvar2": 0.245086699724,
        "max": 3.84023928642,
        "mean": 0.0871815830469,
        "median": 0.123060256243,
        "min": -5.75283813477,
        "var": 0.58553904295
    },
    "erbbands_spread": {
        "dmean": 7.31259059906,
        "dmean2": 11.0787258148,
        "dvar": 52.8737754822,
        "dvar2": 121.356369019,
        "max": 138.420333862,
        "mean": 33.3082618713,
        "median": 30.3452339172,
        "min": 2.58273434639,
        "var": 248.138839722
    },
    "hfc": {
        "dmean": 8.52461338043,
        "dmean2": 12.3793964386,
        "dvar": 140.349136353,
        "dvar2": 288.046539307,
        "max": 204.946182251,
        "mean": 25.666601181,
        "median": 21.2958164215,
        "min": 1.12087936085e-16,
        "var": 466.367828369
    },
    "melbands_crest": {
        "dmean": 2.93903136253,
        "dmean2": 4.67262792587,
        "dvar": 7.13697862625,
        "dvar2": 17.6738815308,
        "max": 39.9818077087,
        "mean": 11.6294956207,
        "median": 10.5142879486,
        "min": 1.71424090862,
        "var": 26.6377506256
    },
    "melbands_flatness_db": {
        "dmean": 0.0212018489838,
        "dmean2": 0.0309357475489,
        "dvar": 0.000404923222959,
        "dvar2": 0.000802893890068,
        "max": 0.554550588131,
        "mean": 0.142099380493,
        "median": 0.133815765381,
        "min": 0.00359126203693,
        "var": 0.00265523022972
    },
    "melbands_kurtosis": {
        "dmean": 3.85734844208,
        "dmean2": 5.9853348732,
        "dvar": 4418.95361328,
        "dvar2": 10618.7822266,
        "max": 5476.91455078,
        "mean": 5.21460914612,
        "median": 1.95211291313,
        "min": -1.91833567619,
        "var": 3946.00610352
    },
    "melbands_skewness": {
        "dmean": 0.526262998581,
        "dmean2": 0.793928325176,
        "dvar": 0.926748692989,
        "dvar2": 2.07143354416,
        "max": 71.6493835449,
        "mean": 1.52966094017,
        "median": 1.30910730362,
        "min": -2.96866822243,
        "var": 2.21140885353
    },
    "melbands_spread": {
        "dmean": 10.0180950165,
        "dmean2": 15.0623874664,
        "dvar": 160.287689209,
        "dvar2": 313.111968994,
        "max": 215.838027954,
        "mean": 39.6601905823,
        "median": 35.4261436462,
        "min": 0.172920390964,
        "var": 541.387084961
    },
    "pitch_salience": {
        "dmean": 0.0657515078783,
        "dmean2": 0.103894911706,
        "dvar": 0.00347713055089,
        "dvar2": 0.00829219166189,
        "max": 0.896859049797,
        "mean": 0.584446012974,
        "median": 0.584955692291,
        "min": 0.00266571878456,
        "var": 0.0132420752198
    },
    "silence_rate_20dB": {
        "dmean": 0,
        "dmean2": 0,
        "dvar": 0,
        "dvar2": 0,
        "max": 1,
        "mean": 1,
        "median": 1,
        "min": 1,
        "var": 0
    },
    "silence_rate_30dB": {
        "dmean": 0,
        "dmean2": 0,
        "dvar": 0,
        "dvar2": 0,
        "max": 1,
        "mean": 1,
        "median": 1,
        "min": 1,
        "var": 0
    },
    "silence_rate_60dB": {
        "dmean": 0.0302438028157,
        "dmean2": 0.0604938268661,
        "dvar": 0.029329970479,
        "dvar2": 0.0669189766049,
        "max": 1,
        "mean": 0.11057395488,
        "median": 0,
        "min": 0,
        "var": 0.0983319208026
    },
    "spectral_centroid": {
        "dmean": 298.631134033,
        "dmean2": 448.842346191,
        "dvar": 105393.34375,
        "dvar2": 205608.265625,
        "max": 11548.2568359,
        "mean": 1954.00634766,
        "median": 1913.84265137,
        "min": 378.650268555,
        "var": 585797.375
    },
    "spectral_complexity": {
        "dmean": 4.41806411743,
        "dmean2": 6.54166650772,
        "dvar": 21.5346775055,
        "dvar2": 41.748249054,
        "max": 53,
        "mean": 20.6667346954,
        "median": 20,
        "min": 0,
        "var": 102.275970459
    },
    "spectral_decrease": {
        "dmean": 1.42839706729e-09,
        "dmean2": 2.11621031809e-09,
        "dvar": 3.90486159151e-18,
        "dvar2": 8.18206364651e-18,
        "max": 2.00667985361e-28,
        "mean": -4.42002523471e-09,
        "median": -3.88135923401e-09,
        "min": -2.41146338453e-08,
        "var": 1.12841365274e-17
    },
    "spectral_energy": {
        "dmean": 0.00598666584119,
        "dmean2": 0.00885259639472,
        "dvar": 6.47706983727e-05,
        "dvar2": 0.000134715039167,
        "max": 0.106678590178,
        "mean": 0.0190102215856,
        "median": 0.0170327201486,
        "min": 1.01835683474e-20,
        "var": 0.000196783468709
    },
    "spectral_energyband_high": {
        "dmean": 0.000645725638606,
        "dmean2": 0.00094860070385,
        "dvar": 1.57639283316e-06,
        "dvar2": 3.18847082781e-06,
        "max": 0.0318220220506,
        "mean": 0.00136147625744,
        "median": 0.000773372943513,
        "min": 7.31290507836e-21,
        "var": 3.54406120096e-06
    },
    "spectral_energyband_low": {
        "dmean": 0.00175578892231,
        "dmean2": 0.0025311796926,
        "dvar": 1.30623811856e-05,
        "dvar2": 2.92742752208e-05,
        "max": 0.0509693473577,
        "mean": 0.00347833614796,
        "median": 0.00159736676142,
        "min": 8.37163568423e-24,
        "var": 2.69773681794e-05
    },
    "spectral_energyband_middle_high": {
        "dmean": 0.00261539872736,
        "dmean2": 0.00392918614671,
        "dvar": 1.46357942867e-05,
        "dvar2": 3.0250639611e-05,
        "max": 0.0770219564438,
        "mean": 0.00769316870719,
        "median": 0.00531806237996,
        "min": 1.27218722234e-21,
        "var": 5.77538303332e-05
    },
    "spectral_energyband_middle_low": {
        "dmean": 0.00381738878787,
        "dmean2": 0.00612823944539,
        "dvar": 4.32465567428e-05,
        "dvar2": 0.000107581443444,
        "max": 0.0848633423448,
        "mean": 0.00699640903622,
        "median": 0.00470638740808,
        "min": 2.05218668262e-22,
        "var": 6.58863718854e-05
    },
    "spectral_entropy": {
        "dmean": 0.146156206727,
        "dmean2": 0.205158576369,
        "dvar": 0.0175174120814,
        "dvar2": 0.032160975039,
        "max": 9.81212234497,
        "mean": 7.78342914581,
        "median": 7.79456043243,
        "min": 6.19934034348,
        "var": 0.10660918057
    },
    "spectral_flux": {
        "dmean": 0.0219401568174,
        "dmean2": 0.0327287092805,
        "dvar": 0.000635129981674,
        "dvar2": 0.00117930292618,
        "max": 0.277785032988,
        "mean": 0.0803730040789,
        "median": 0.0753766521811,
        "min": 6.34966801361e-11,
        "var": 0.00192021741532
    },
    "spectral_kurtosis": {
        "dmean": 1.28887462616,
        "dmean2": 2.15390634537,
        "dvar": 3.28042888641,
        "dvar2": 9.72927951813,
        "max": 32.0910263062,
        "mean": 3.66668128967,
        "median": 3.29288077354,
        "min": -1.24423420429,
        "var": 5.94934272766
    },
    "spectral_rms": {
        "dmean": 0.000655214360449,
        "dmean2": 0.000946826825384,
        "dvar": 5.98677388552e-07,
        "dvar2": 1.13676242108e-06,
        "max": 0.0102017978206,
        "mean": 0.00397964986041,
        "median": 0.00407643057406,
        "min": 3.15201337253e-12,
        "var": 2.70892928711e-06
    },
    "spectral_rolloff": {
        "dmean": 652.476501465,
        "dmean2": 1023.81842041,
        "dvar": 923867.625,
        "dvar2": 1724378.25,
        "max": 19638.28125,
        "mean": 2527.34619141,
        "median": 2217.91992188,
        "min": 21.533203125,
        "var": 3222694.75
    },
    "spectral_skewness": {
        "dmean": 0.191775426269,
        "dmean2": 0.302636355162,
        "dvar": 0.0482977181673,
        "dvar2": 0.118340283632,
        "max": 3.59527659416,
        "mean": 1.33719491959,
        "median": 1.376562953,
        "min": -0.711104989052,
        "var": 0.148544251919
    },
    "spectral_spread": {
        "dmean": 525498.6875,
        "dmean2": 757867.3125,
        "dvar": 508386148352,
        "dvar2": 961661632512,
        "max": 42621640,
        "mean": 4700760,
        "median": 4625744,
        "min": 1306475,
        "var": 5.06373131469e+12
    },
    "spectral_strongpeak": {
        "dmean": 0.78031617403,
        "dmean2": 1.29600691795,
        "dvar": 1.35014045238,
        "dvar2": 3.27967953682,
        "max": 15.373290062,
        "mean": 1.32011377811,
        "median": 0.55318236351,
        "min": 0,
        "var": 2.81851267815
    },
    "zerocrossingrate": {
        "dmean": 0.0133729092777,
        "dmean2": 0.0150825157762,
        "dvar": 0.000248649681453,
        "dvar2": 0.000276498292806,
        "max": 0.64501953125,
        "mean": 0.0901837199926,
        "median": 0.08349609375,
        "min": 0,
        "var": 0.00203250185587
    },
    "barkbands": {
        "dmean": [3.3045100281e-05, 0.00127417198382, 0.000785007665399, 0.00085212639533, 0.00121347396635, 0.000826064613648, 0.00066419079667, 0.000678396376316, 0.000896227895282, 0.000565056689084, 0.000454445631476, 0.000875697471201, 0.000338863494107, 0.000606538786087, 0.000452319654869, 0.000454756082036, 0.000434371293522, 0.000234114122577, 0.000257712061284, 0.00026474436163, 0.000142827426316, 0.000133986526635, 0.000143216049764, 0.00011262177577, 6.76654308336e-05, 3.58567922376e-05, 6.56635492646e-08],
        "dmean2": [4.79289665236e-05, 0.00178070226684, 0.0013908179244, 0.00156464031897, 0.00211838958785, 0.00130383460782, 0.00101702276152, 0.00105481315404, 0.00142442004289, 0.000898768077604, 0.000736457936, 0.00140783586539, 0.000553390360437, 0.000968636421021, 0.000697209208738, 0.000711630564183, 0.000684661674313, 0.000370168709196, 0.000400688702939, 0.000407504412578, 0.000220942572923, 0.000202895855182, 0.000211689359276, 0.000167693171534, 0.000101359706605, 5.50401673536e-05, 1.1327373528e-07],
        "dvar": [3.00372793305e-09, 7.30213560018e-06, 5.92915057496e-06, 7.5324842328e-06, 8.05468243925e-06, 4.07716333939e-06, 3.42015914612e-06, 4.27867462349e-06, 4.28117846241e-06, 1.89562479136e-06, 8.11778079424e-07, 3.76570869776e-06, 6.33629383628e-07, 1.81488474027e-06, 1.31275953663e-06, 1.92617676475e-06, 1.16920023174e-06, 3.94409454429e-07, 4.57445651136e-07, 2.2169537317e-07, 9.98284406251e-08, 1.85056322266e-07, 1.55338256036e-07, 7.04774123506e-08, 2.57973074014e-08, 4.55489379547e-09, 1.78879297713e-14],
        "dvar2": [6.00531624428e-09, 1.63707663887e-05, 1.68221649801e-05, 2.18310069613e-05, 2.28537446674e-05, 9.14097108762e-06, 7.02903935235e-06, 8.65594029165e-06, 1.01065497802e-05, 4.58773183709e-06, 2.01780835596e-06, 9.23961579247e-06, 1.5607727164e-06, 4.29531291957e-06, 2.887731398e-06, 4.04691490985e-06, 2.77759500023e-06, 1.00063414266e-06, 1.10859366487e-06, 5.07298921093e-07, 2.16734662217e-07, 4.12717071185e-07, 3.0990651112e-07, 1.43264443864e-07, 5.49464047594e-08, 1.10987237179e-08, 5.06500698045e-14],
        "max": [0.000779206573498, 0.0322979614139, 0.0337591059506, 0.0334790199995, 0.0299686156213, 0.0689691156149, 0.0550768263638, 0.0680334717035, 0.0402394458652, 0.0446667037904, 0.0205463804305, 0.0494743362069, 0.0256910808384, 0.024349084124, 0.031313996762, 0.0404132045805, 0.0252656675875, 0.0332141183317, 0.029544821009, 0.00820382218808, 0.0113347480074, 0.0165935568511, 0.0119573753327, 0.00895816925913, 0.00529393646866, 0.00112537597306, 3.63234244105e-06],
        "mean": [5.23786438862e-05, 0.00223936536349, 0.00086099508917, 0.000699908938259, 0.0014583322918, 0.00128599465825, 0.000896238023415, 0.00092682352988, 0.00133296090644, 0.00086133077275, 0.000709006679244, 0.00160883704666, 0.000488855701406, 0.000940567231737, 0.000704574340489, 0.000685832521413, 0.000733681488782, 0.000452022999525, 0.000471831503091, 0.000569612486288, 0.000246550858719, 0.000192264473299, 0.00022677128436, 0.000212865212234, 0.00010804606427, 4.45174773631e-05, 7.50654223225e-08],
        "median": [1.69434515556e-05, 0.000812105892692, 0.000171918363776, 0.000163864009664, 0.000659161887597, 0.00057471182663, 0.000313373748213, 0.000294454221148, 0.000346180517226, 0.000248218653724, 0.000234917242778, 0.000459790870082, 0.000190608625417, 0.000259151041973, 0.000237490297877, 0.000250070006587, 0.000292007025564, 0.000207763951039, 0.000236807652982, 0.000240829482209, 0.000118143856525, 7.67647434259e-05, 9.53485432547e-05, 9.9685988971e-05, 4.09421372751e-05, 1.8332109903e-05, 3.59669947159e-08],
        "min": [6.96068873269e-25, 3.25274428873e-24, 2.07845915864e-24, 8.55247001662e-25, 1.25213603789e-23, 9.24559574846e-24, 9.6130211257e-24, 6.91785496605e-24, 2.3224675628e-23, 2.41360340101e-23, 9.51675879602e-24, 1.91786380219e-23, 3.29884528059e-23, 5.20566597674e-23, 6.82146957406e-23, 7.78368613419e-23, 1.09707656017e-22, 1.32639085226e-22, 1.80349115094e-22, 2.20921266435e-22, 2.76516825643e-22, 3.06331173535e-22, 4.2750884187e-22, 5.13137029938e-22, 8.7616612322e-22, 1.477465945e-21, 2.05330239699e-21],
        "var": [7.46699591048e-09, 1.3918469449e-05, 4.45738533017e-06, 4.48416903964e-06, 6.43035400572e-06, 7.04892727299e-06, 5.06081823914e-06, 7.51225434215e-06, 7.78698540671e-06, 3.31699243361e-06, 1.63656466157e-06, 9.93192497845e-06, 8.88960812517e-07, 3.6597180042e-06, 2.46187937591e-06, 3.08700987262e-06, 2.29268243856e-06, 6.62856905365e-07, 7.5557539958e-07, 7.51198172111e-07, 1.75039900796e-07, 2.30759482633e-07, 2.62375351667e-07, 1.81848932357e-07, 5.58536079609e-08, 5.46689493675e-09, 1.83585006192e-14]
    },
    "erbbands": {
        "dmean": [0.0327845513821, 0.32030826807, 0.826945126057, 1.8610470295, 3.57484912872, 4.05300426483, 5.54030275345, 7.4159526825, 8.81971931458, 11.5955457687, 15.0884695053, 18.2671871185, 22.6444473267, 14.8412923813, 19.6728839874, 35.1760597229, 14.0683956146, 29.8392753601, 21.3442935944, 23.2898521423, 27.7226009369, 19.8255195618, 12.1416893005, 12.879992485, 11.398431778, 12.265130043, 7.80673360825, 4.54222679138, 4.81339931488, 4.41033983231, 4.22479724884, 2.71981620789, 1.69152784348, 0.891924321651, 0.438107132912, 0.205265030265, 0.0576550215483, 0.00428858818486, 8.79311337485e-05, 1.16238988994e-05],
        "dmean2": [0.040398042649, 0.471393555403, 1.40536928177, 3.36696314812, 6.49124288559, 6.99056816101, 9.07602214813, 11.6421098709, 13.5102481842, 17.9481716156, 23.3295936584, 28.5600471497, 36.1341362, 24.0629348755, 31.6265945435, 56.2240867615, 22.5167636871, 47.7308540344, 32.9940643311, 35.5678977966, 41.8961410522, 31.0952987671, 18.9704532623, 20.0968151093, 17.5361289978, 18.8513202667, 12.0656604767, 6.84246969223, 7.35356235504, 6.64651441574, 6.32071590424, 4.07970523834, 2.52376413345, 1.32217133045, 0.678532719612, 0.316770881414, 0.0886673629284, 0.006412262097, 0.000131521155708, 1.6933588995e-05],
        "dvar": [0.00417857663706, 0.515487670898, 5.60094261169, 35.2244377136, 121.154174805, 80.3922729492, 116.122093201, 429.725311279, 784.630737305, 994.392272949, 2025.63952637, 1933.96191406, 2782.43066406, 1070.0982666, 1248.07385254, 7776.73144531, 924.174987793, 4664.71533203, 2770.01342773, 4491.57763672, 5633.72119141, 2543.62133789, 804.977294922, 1277.27246094, 630.830200195, 495.477478027, 193.113800049, 161.630523682, 219.179733276, 244.905776978, 123.824951172, 38.8081550598, 17.7973842621, 5.15408945084, 1.00027942657, 0.158939883113, 0.0128011889756, 7.03429323039e-05, 2.58056012115e-08, 2.17833764915e-10],
        "dvar2": [0.0072873653844, 1.19546163082, 15.10222435, 100.726776123, 349.298126221, 225.595031738, 273.652954102, 978.296386719, 1497.50512695, 2087.08666992, 4002.01318359, 4458.74902344, 6861.99267578, 2645.40014648, 2997.43774414, 18539.8828125, 2252.5065918, 11348.9462891, 6155.15722656, 9561.66992188, 11752.8398438, 6115.81347656, 1975.03747559, 2886.51147461, 1430.12194824, 1101.29541016, 444.461120605, 328.981628418, 498.897216797, 512.283935547, 256.06072998, 81.4545211792, 35.7640762329, 10.7967414856, 2.327729702, 0.380787700415, 0.0317989215255, 0.000161960721016, 6.01612129003e-08, 4.84074558216e-10],
        "max": [0.826138019562, 8.78130149841, 29.2448787689, 68.6756591797, 116.946029663, 121.221694946, 259.92678833, 698.89855957, 1043.90563965, 927.154602051, 1495.68127441, 999.365844727, 1618.85021973, 1282.93383789, 1007.64447021, 2291.72875977, 605.840881348, 1351.48608398, 1125.61413574, 2377.03564453, 2556.20727539, 1421.30493164, 1310.61962891, 1748.61303711, 711.558227539, 501.083679199, 247.002120972, 547.358398438, 638.832763672, 519.8515625, 357.49887085, 186.397155762, 156.477035522, 83.5289459229, 21.4194717407, 7.03796768188, 1.62491476536, 0.208751067519, 0.0031427431386, 0.00017957027012],
        "mean": [0.0636946931481, 0.497421592474, 1.04430615902, 1.73007416725, 3.25381207466, 4.98529052734, 8.0277967453, 10.9258928299, 12.2193927765, 16.3586463928, 21.9011173248, 27.7014865875, 36.152256012, 24.977186203, 36.8962287903, 64.9988250732, 24.4433269501, 47.7643699646, 35.7936592102, 37.6828041077, 45.9078292847, 36.4694976807, 25.2859554291, 25.7480945587, 22.6373443604, 27.0347824097, 16.5602836609, 7.24584770203, 7.04672050476, 6.25293779373, 6.70759868622, 5.0761384964, 3.05609369278, 1.49850904942, 0.636384427547, 0.259658634663, 0.0699798986316, 0.00554687669501, 0.000128463158035, 3.20664876199e-05],
        "median": [0.0189683549106, 0.181970968843, 0.255902796984, 0.486340522766, 1.01267910004, 2.09164452553, 3.45043802261, 4.39795589447, 4.20902013779, 6.11981058121, 7.36460590363, 7.98110389709, 11.4350748062, 10.0663728714, 17.1349601746, 18.5102863312, 11.9288539886, 14.9493217468, 12.1509227753, 14.9050121307, 19.2910804749, 15.4516468048, 12.4615459442, 12.8316287994, 11.655002594, 11.5533676147, 7.6415643692, 3.55391550064, 2.9858455658, 2.30717587471, 2.87568855286, 2.57577896118, 1.20818805695, 0.574181675911, 0.227058216929, 0.102601520717, 0.0289148855954, 0.00242097605951, 6.67077183607e-05, 2.89045237878e-05],
        "min": [1.59724883153e-22, 7.11201398743e-22, 2.59870966922e-21, 5.93333947276e-21, 1.67960008887e-20, 5.31003973649e-20, 5.40148455321e-20, 8.34497412812e-20, 1.58200915864e-19, 1.93888602342e-19, 3.07582406188e-19, 7.02714435589e-19, 6.45565819538e-19, 8.81574768864e-19, 9.57159431311e-19, 1.92513073361e-18, 1.76501234847e-18, 3.28478280931e-18, 3.41424898288e-18, 4.07139869142e-18, 5.79031598666e-18, 7.11286901188e-18, 6.10382943294e-18, 6.88838915084e-18, 7.99593311944e-18, 1.04268473677e-17, 1.11675991868e-17, 1.14425862824e-17, 1.1447809928e-17, 9.97590737523e-18, 1.30238867799e-17, 9.92891359027e-18, 1.02360887651e-17, 7.87502082058e-18, 6.51179160232e-18, 4.75971635864e-18, 2.5649900926e-18, 9.90491604672e-19, 2.7155279685e-19, 2.95961022645e-20],
        "var": [0.0123581355438, 0.767713665962, 4.94594955444, 22.3071556091, 73.6404571533, 78.0979003906, 184.094146729, 670.106506348, 1238.62463379, 1549.45922852, 3774.24902344, 3547.46264648, 4867.97167969, 2039.84594727, 3093.08325195, 20055.5976562, 1499.48291016, 8631.05761719, 5304.9453125, 7821.40380859, 9887.39550781, 5014.25878906, 1795.77160645, 2177.40307617, 1336.14538574, 1688.2746582, 601.44543457, 230.787643433, 268.973602295, 333.625976562, 204.76965332, 88.9549789429, 46.6733360291, 12.3216533661, 1.68493902683, 0.207463368773, 0.0140456147492, 9.73126516328e-05, 3.6388634328e-08, 5.75951786264e-10]
    },
    "gfcc": {
        "mean": [-0.264247387648, 67.4729690552, -140.509918213, 28.694940567, -63.0197410583, 14.9903488159, -38.3558349609, 11.6169042587, -26.1944408417, 3.66491794586, -13.9093370438, 3.94865942001, -10.3762130737],
        "cov": [[8536.01757812, -694.627746582, 260.958557129, 354.41506958, -459.565063477, 604.812683105, -458.988464355, 411.674377441, -375.416046143, 195.012985229, -87.0237426758, -17.0512084961, -4.4377207756], [-694.627746582, 1413.4362793, -122.659988403, 8.13245677948, 282.391082764, -310.410980225, 250.835845947, -166.26499939, 214.129684448, -79.7684020996, 92.9284133911, -101.026374817, -34.6871261597], [260.958557129, -122.659988403, 1225.43920898, 300.823364258, 15.659371376, 344.725128174, -78.9477386475, 222.426986694, -73.7311096191, 104.299667358, -0.102238178253, 113.670082092, -5.20067119598], [354.41506958, 8.13245677948, 300.823364258, 440.234069824, 64.741394043, 56.1992416382, 33.1466445923, 45.3897514343, 79.8709335327, 17.6340084076, 23.2026252747, 13.3745632172, 25.5305328369], [-459.565063477, 282.391082764, 15.659371376, 64.741394043, 262.27532959, 0.997047781944, 94.5651626587, 5.94247245789, 67.2521438599, 12.6773061752, 33.0458717346, -14.4845790863, 6.19087743759], [604.812683105, -310.410980225, 344.725128174, 56.1992416382, 0.997047781944, 478.30355835, 76.0207901001, 180.717376709, -71.2379074097, 82.5130615234, 12.1962747574, 45.7331695557, 5.43491458893], [-458.988464355, 250.835845947, -78.9477386475, 33.1466445923, 94.5651626587, 76.0207901001, 297.720703125, 24.5783615112, 97.8821334839, 6.46088647842, 55.0815238953, -15.7261600494, 1.03426229954], [411.674377441, -166.26499939, 222.426986694, 45.3897514343, 5.94247245789, 180.717376709, 24.5783615112, 258.427124023, -2.41254544258, 63.2394447327, 27.7099132538, 28.4994125366, 41.5069389343], [-375.416046143, 214.129684448, -73.7311096191, 79.8709335327, 67.2521438599, -71.2379074097, 97.8821334839, -2.41254544258, 194.806335449, 7.46212863922, 34.7282447815, -17.3067779541, 3.36009979248], [195.012985229, -79.7684020996, 104.299667358, 17.6340084076, 12.6773061752, 82.5130615234, 6.46088647842, 63.2394447327, 7.46212863922, 110.140159607, 40.9150009155, 13.5136756897, 10.7624788284], [-87.0237426758, 92.9284133911, -0.102238178253, 23.2026252747, 33.0458717346, 12.1962747574, 55.0815238953, 27.7099132538, 34.7282447815, 40.9150009155, 112.027442932, 27.3270759583, 21.1032371521], [-17.0512084961, -101.026374817, 113.670082092, 13.3745632172, -14.4845790863, 45.7331695557, -15.7261600494, 28.4994125366, -17.3067779541, 13.5136756897, 27.3270759583, 122.076408386, 34.820930481], [-4.4377207756, -34.6871261597, -5.20067119598, 25.5305328369, 6.19087743759, 5.43491458893, 1.03426229954, 41.5069389343, 3.36009979248, 10.7624788284, 21.1032371521, 34.820930481, 90.6017684937]],
        "icov": [[0.000303451175569, -0.000490485690534, 0.000548501498997, -0.000756738125347, 0.000728264101781, -0.000637091696262, 0.000788935052697, -0.000675154966302, 0.000663691025693, -0.000796841748524, 0.000503398710862, -0.000254702114034, 0.00041123633855], [-0.000490485690534, 0.0026492876932, -0.00171234132722, 0.00194582750555, -0.00246688746847, 0.00217232271098, -0.00247623212636, 0.00190947845113, -0.00187721068505, 0.00269191106781, -0.00243981578387, 0.00186182907782, -0.000862015760504], [0.000548501498997, -0.00171234132722, 0.00299146911129, -0.00277329282835, 0.00163609534502, -0.00219695572741, 0.0024971277453, -0.00241237250157, 0.00203548697755, -0.00273534958251, 0.00210650055669, -0.00239989161491, 0.00210228003561], [-0.000756738125347, 0.00194582750555, -0.00277329282835, 0.0055569941178, -0.00261142267846, 0.00177924882155, -0.00231324788183, 0.00250967266038, -0.00367119815201, 0.00326412380673, -0.00232064817101, 0.00198026536964, -0.00254094810225], [0.000728264101781, -0.00246688746847, 0.00163609534502, -0.00261142267846, 0.00728749111295, -0.00213897996582, 0.00154315680265, -0.0019342644373, 0.00142420839984, -0.00312574696727, 0.00174893008079, -0.000897100544535, 0.000675771210808], [-0.000637091696262, 0.00217232271098, -0.00219695572741, 0.00177924882155, -0.00213897996582, 0.00632084626704, -0.00442383019254, -4.57503156213e-05, 0.000300997198792, 0.000567545823287, -0.000970866938587, 0.000595652440097, -6.9926645665e-05], [0.000788935052697, -0.00247623212636, 0.0024971277453, -0.00231324788183, 0.00154315680265, -0.00442383019254, 0.00847934372723, -0.00215600966476, -0.000373462098651, -0.00134744762909, 9.80840050033e-05, -0.000910561415367, 0.00143767043483], [-0.000675154966302, 0.00190947845113, -0.00241237250157, 0.00250967266038, -0.0019342644373, -4.57503156213e-05, -0.00215600966476, 0.00845456495881, -0.00285797822289, 0.00121126300655, -0.00238675763831, 0.00218113115989, -0.00418164720759], [0.000663691025693, -0.00187721068505, 0.00203548697755, -0.00367119815201, 0.00142420839984, 0.000300997198792, -0.000373462098651, -0.00285797822289, 0.0102665545419, -0.00386656122282, 0.00145373889245, -0.00125878059771, 0.00188708701171], [-0.000796841748524, 0.00269191106781, -0.00273534958251, 0.00326412380673, -0.00312574696727, 0.000567545823287, -0.00134744762909, 0.00121126300655, -0.00386656122282, 0.0167160108685, -0.00764283258468, 0.00305818556808, -0.00168265658431], [0.000503398710862, -0.00243981578387, 0.00210650055669, -0.00232064817101, 0.00174893008079, -0.000970866938587, 9.80840050033e-05, -0.00238675763831, 0.00145373889245, -0.00764283258468, 0.0154944760725, -0.00494299363345, 4.11496075685e-05], [-0.000254702114034, 0.00186182907782, -0.00239989161491, 0.00198026536964, -0.000897100544535, 0.000595652440097, -0.000910561415367, 0.00218113115989, -0.00125878059771, 0.00305818556808, -0.00494299363345, 0.0127848004922, -0.00503754382953], [0.00041123633855, -0.000862015760504, 0.00210228003561, -0.00254094810225, 0.000675771210808, -6.9926645665e-05, 0.00143767043483, -0.00418164720759, 0.00188708701171, -0.00168265658431, 4.11496075685e-05, -0.00503754382953, 0.0154778249562]]
    },
    "melbands": {
        "dmean": [0.000320526276482, 0.000401799246902, 0.000374176743207, 0.000262575485976, 0.000191573984921, 0.000164269906236, 0.000132756540552, 0.000130077300128, 0.000122344354168, 0.000127164312289, 0.000115037961223, 6.05815876042e-05, 6.40210710117e-05, 0.000102017111203, 5.49944234081e-05, 3.56747914338e-05, 6.15148746874e-05, 3.70386260329e-05, 3.44875115843e-05, 2.91525611829e-05, 3.72280737793e-05, 2.53912439803e-05, 1.26053664644e-05, 1.24220769067e-05, 1.13069172585e-05, 9.80515778792e-06, 8.51483946462e-06, 8.84025121195e-06, 6.24939866611e-06, 3.32995273311e-06, 2.64346681433e-06, 2.93308448818e-06, 2.52796212408e-06, 2.59285820903e-06, 2.70478471975e-06, 2.05745004678e-06, 1.56883766067e-06, 1.29502700474e-06, 1.00459647001e-06, 7.000527944e-07],
        "dmean2": [0.00042705447413, 0.000636596814729, 0.000673690228723, 0.000466540019261, 0.000315906654578, 0.000257701205555, 0.000203638031962, 0.000201220769668, 0.000187741417903, 0.000200989918085, 0.000183841722901, 9.84684884315e-05, 0.000103327620309, 0.000164301003679, 8.78576029208e-05, 5.77937244088e-05, 9.87170278677e-05, 5.77524733671e-05, 5.30010765942e-05, 4.43009121227e-05, 5.67059760215e-05, 3.99441705667e-05, 2.00801041501e-05, 1.96215787582e-05, 1.77993442776e-05, 1.52861539391e-05, 1.33058720166e-05, 1.3678139112e-05, 9.82358596957e-06, 5.23231256011e-06, 4.01418037654e-06, 4.56552288597e-06, 3.88019088859e-06, 3.9476776692e-06, 4.10562370234e-06, 3.13521650241e-06, 2.38904590333e-06, 1.96498854166e-06, 1.51000415372e-06, 1.04836749415e-06],
        "dvar": [4.3405333372e-07, 9.919126569e-07, 1.36913581628e-06, 4.93531786105e-07, 1.28322611204e-07, 1.89864692857e-07, 1.56460501444e-07, 1.33919272116e-07, 1.33996948648e-07, 9.02959484961e-08, 7.10086567324e-08, 1.82965518292e-08, 1.42335681019e-08, 4.92349734316e-08, 1.85264816821e-08, 7.11024172872e-09, 2.12890292062e-08, 8.92429596888e-09, 8.72499406057e-09, 8.64892424346e-09, 1.01555404086e-08, 4.84394924172e-09, 7.11594949632e-10, 1.20305720941e-09, 1.10760833838e-09, 5.56478363389e-10, 2.68203265152e-10, 2.88584184327e-10, 1.34722233369e-10, 6.13018386053e-11, 6.00105104498e-11, 7.73297814671e-11, 9.29068905142e-11, 7.91700385805e-11, 5.65939829722e-11, 2.06683177517e-11, 1.52392265473e-11, 1.2253436113e-11, 5.86588980514e-12, 3.73265003975e-12],
        "dvar2": [9.00278848803e-07, 2.43936756306e-06, 3.90064678868e-06, 1.41336067827e-06, 3.19878580513e-07, 4.19875675561e-07, 2.98071313409e-07, 2.7376782441e-07, 2.69642555395e-07, 2.15765808775e-07, 1.74740250714e-07, 4.50411690167e-08, 3.42035164635e-08, 1.2210126954e-07, 4.43882441914e-08, 1.75144414527e-08, 5.20732612586e-08, 2.01886294349e-08, 1.92280804612e-08, 1.78110148852e-08, 2.21322480343e-08, 1.18376437541e-08, 1.71657987824e-09, 2.97937341465e-09, 2.59325938501e-09, 1.31564492634e-09, 6.12906947417e-10, 6.51834919374e-10, 3.23083809706e-10, 1.4149101335e-10, 1.21056539792e-10, 1.83112441876e-10, 2.10956099811e-10, 1.6676389436e-10, 1.18513546199e-10, 4.42327459382e-11, 3.27531231303e-11, 2.57399518366e-11, 1.22232952926e-11, 8.30346642139e-12],
        "max": [0.00852913595736, 0.0118788797408, 0.0137165188789, 0.00749887153506, 0.00717588886619, 0.0157029796392, 0.0133211920038, 0.00966600701213, 0.0131772626191, 0.00539543572813, 0.00824845209718, 0.00512664439157, 0.00342159788124, 0.00468901032582, 0.00456081936136, 0.00276893051341, 0.00283014401793, 0.00200622575358, 0.00283771450631, 0.00302695785649, 0.00355167197995, 0.00196262798272, 0.000728485523723, 0.00178473535925, 0.00164783094078, 0.000894690863788, 0.000374273047782, 0.00042875186773, 0.000230868332437, 0.000287631060928, 0.000329555390636, 0.000425106933108, 0.000356200063834, 0.000285451707896, 0.000255606370047, 0.000123171499581, 0.000152466222062, 0.00011577346595, 0.00011297405581, 8.2724589447e-05],
        "mean": [0.000595963443629, 0.000600436935201, 0.000352285220288, 0.000284018722596, 0.000279381143628, 0.000249293254456, 0.000188184319995, 0.000182778210728, 0.000174858811079, 0.000188641337445, 0.000180018279934, 9.66167790466e-05, 0.000108783788164, 0.000189923113794, 9.00445593288e-05, 5.39995380677e-05, 9.42113838391e-05, 5.73894249101e-05, 5.32308586116e-05, 4.43932585767e-05, 5.80763444304e-05, 4.16323309764e-05, 2.3955179131e-05, 2.3057567887e-05, 2.05110736715e-05, 1.73425960384e-05, 1.59475148394e-05, 1.87426066987e-05, 1.26878348965e-05, 5.24580264027e-06, 3.77731589651e-06, 4.16662396674e-06, 3.37772371495e-06, 3.54367807631e-06, 4.01363877245e-06, 3.56834448212e-06, 2.85977421299e-06, 2.23800520871e-06, 1.68828421465e-06, 1.10330290681e-06],
        "median": [0.000212760700379, 0.000203219446121, 0.000108417487354, 0.000112701578473, 0.000128778454382, 0.000103542843135, 6.89890803187e-05, 6.76913768984e-05, 5.24502174812e-05, 4.93796833325e-05, 5.31287550984e-05, 3.46500091837e-05, 4.380595783e-05, 5.48122188775e-05, 2.66000279225e-05, 2.08423498407e-05, 2.57608298853e-05, 1.60737927217e-05, 1.72557156475e-05, 1.72601030499e-05, 2.22073176701e-05, 1.56126843649e-05, 9.93379399006e-06, 1.02415015135e-05, 9.44976909523e-06, 8.36236904433e-06, 7.47351259633e-06, 7.04974854671e-06, 5.22831669514e-06, 2.41917405219e-06, 1.6297676666e-06, 1.74436297584e-06, 1.18494676826e-06, 1.23431186694e-06, 1.54211670633e-06, 1.81763255114e-06, 1.30891180561e-06, 8.28213160275e-07, 6.19460251983e-07, 3.93112884467e-07],
        "min": [1.69267166332e-24, 1.16975381444e-24, 2.74313915788e-24, 2.82788530164e-24, 1.82157153524e-24, 1.83407399451e-24, 2.66632323559e-24, 1.92326241124e-24, 2.29934198704e-24, 3.62152433736e-24, 3.30862601197e-24, 3.07280728562e-24, 2.42615413857e-24, 2.41767151725e-24, 3.0844938655e-24, 4.20388394013e-24, 6.13802849034e-24, 4.78902782747e-24, 4.90487244583e-24, 4.9827941539e-24, 6.57912953183e-24, 7.42748277665e-24, 3.87582035548e-24, 6.40618558342e-24, 4.47955020017e-24, 4.94348127068e-24, 6.56496987301e-24, 7.23025098426e-24, 6.54847597477e-24, 6.50777232978e-24, 5.9896674199e-24, 5.92507548898e-24, 5.09256454329e-24, 5.57650388737e-24, 6.50516987766e-24, 6.21597228651e-24, 5.44353585977e-24, 6.64695776461e-24, 6.47037401199e-24, 6.13736703047e-24],
        "var": [9.97046754492e-07, 1.18546199701e-06, 8.70203962222e-07, 3.4224706269e-07, 1.90811562106e-07, 3.26952431351e-07, 2.53466737377e-07, 2.16464556502e-07, 2.47997064662e-07, 1.60760549761e-07, 1.24366778209e-07, 3.50395481519e-08, 3.13091454984e-08, 1.3912357133e-07, 3.54076163944e-08, 1.08052633507e-08, 3.88420069442e-08, 1.69795111304e-08, 1.60448703213e-08, 1.40797746795e-08, 1.69768519243e-08, 8.29752533349e-09, 2.08691308679e-09, 2.07922079554e-09, 1.67258773498e-09, 1.04125996714e-09, 5.82723758136e-10, 9.54819778798e-10, 4.3419060014e-10, 8.76614891787e-11, 8.41612127211e-11, 8.95251442423e-11, 1.07299676089e-10, 1.10015649368e-10, 8.62608665053e-11, 4.19728175827e-11, 3.33773841898e-11, 2.89525833863e-11, 1.42548906706e-11, 7.89870165802e-12]
    },
    "mfcc": {
        "mean": [-633.106689453, 97.4293212891, -18.7062854767, 14.3744182587, -3.16616392136, 1.01386582851, -0.577582597733, 4.15247058868, -4.7031826973, 3.22647309303, -6.68134498596, 1.89882361889, 2.02279210091],
        "cov": [[5155.5234375, -920.385681152, 531.354003906, -206.24546814, 206.232055664, -54.9142723083, 228.406921387, -37.7169418335, 7.9695892334, 182.260177612, -135.733612061, 68.2182769775, -115.623703003], [-920.385681152, 1288.8996582, -283.16583252, 213.689941406, -44.866733551, 18.5346260071, -43.7862052917, -1.90460908413, -36.7674102783, 57.5054512024, 56.3824653625, -15.4049854279, 64.205116272], [531.354003906, -283.16583252, 1143.33789062, 36.4520835876, 278.517425537, 71.9968261719, 177.715682983, 98.9415359497, 77.3499908447, 9.19693470001, 7.16377019882, 108.663497925, -9.37973880768], [-206.24546814, 213.689941406, 36.4520835876, 461.926696777, 50.9600486755, 43.6793403625, -91.9129104614, 15.8151950836, 5.28797531128, 46.9400405884, -24.5611610413, 27.6279067993, 63.6853065491], [206.232055664, -44.866733551, 278.517425537, 50.9600486755, 290.937469482, -2.43385982513, 68.568939209, 10.7800283432, 44.1502113342, 17.0707683563, -13.648393631, 50.0820884705, 12.3327674866], [-54.9142723083, 18.5346260071, 71.9968261719, 43.6793403625, -2.43385982513, 252.139358521, 61.7160072327, 66.2428359985, 10.7470359802, 47.6146621704, 43.9169998169, -5.44110012054, -0.812988698483], [228.406921387, -43.7862052917, 177.715682983, -91.9129104614, 68.568939209, 61.7160072327, 277.741485596, 77.8354873657, 51.7221336365, 66.2843551636, 37.4735565186, 37.1375236511, -29.9057064056], [-37.7169418335, -1.90460908413, 98.9415359497, 15.8151950836, 10.7800283432, 66.2428359985, 77.8354873657, 164.845199585, 64.8946533203, 34.1112518311, 30.5248146057, 37.687335968, 6.5943646431], [7.9695892334, -36.7674102783, 77.3499908447, 5.28797531128, 44.1502113342, 10.7470359802, 51.7221336365, 64.8946533203, 128.826263428, 46.8357162476, 14.8093299866, 23.2790584564, -2.41417050362], [182.260177612, 57.5054512024, 9.19693470001, 46.9400405884, 17.0707683563, 47.6146621704, 66.2843551636, 34.1112518311, 46.8357162476, 194.019760132, 53.1176719666, 13.2544565201, -21.8303089142], [-135.733612061, 56.3824653625, 7.16377019882, -24.5611610413, -13.648393631, 43.9169998169, 37.4735565186, 30.5248146057, 14.8093299866, 53.1176719666, 110.580291748, 21.4687995911, -7.4956407547], [68.2182769775, -15.4049854279, 108.663497925, 27.6279067993, 50.0820884705, -5.44110012054, 37.1375236511, 37.687335968, 23.2790584564, 13.2544565201, 21.4687995911, 115.033622742, 39.7981414795], [-115.623703003, 64.205116272, -9.37973880768, 63.6853065491, 12.3327674866, -0.812988698483, -29.9057064056, 6.5943646431, -2.41417050362, -21.8303089142, -7.4956407547, 39.7981414795, 104.344841003]],
