{
"lowlevel": {
    "average_loudness": 0.95267188549,
    "barkbands_crest": {
        "dmean": 2.11797094345,
        "dmean2": 3.41840147972,
        "dvar": 4.14605379105,
        "dvar2": 10.6722831726,
        "max": 23.9031734467,
        "mean": 8.99677848816,
        "median": 8.17457771301,
        "min": 2.73616981506,
        "var": 13.3541259766
    },
    "barkbands_flatness_db": {
        "dmean": 0.0161840002984,
        "dmean2": 0.0259917844087,
        "dvar": 0.000265068840235,
        "dvar2": 0.000612088362686,
        "max": 0.379303961992,
        "mean": 0.16602781415,
        "median": 0.157170176506,
        "min": 0.0537161901593,
        "var": 0.00200590235181
    },
    "barkbands_kurtosis": {
        "dmean": 1.70714235306,
        "dmean2": 2.69801926613,
        "dvar": 8.44843006134,
        "dvar2": 20.4405899048,
        "max": 78.9239883423,
        "mean": 3.1617410183,
        "median": 1.91789698601,
        "min": -1.88676321507,
        "var": 24.295841217
    },
    "barkbands_skewness": {
        "dmean": 0.367904931307,
        "dmean2": 0.56589692831,
        "dvar": 0.149102181196,
        "dvar2": 0.335222363472,
        "max": 7.4683175087,
        "mean": 1.15610814095,
        "median": 1.09826302528,
        "min": -6.72251415253,
        "var": 0.849552333355
    },
    "barkbands_spread": {
        "dmean": 3.42582964897,
        "dmean2": 5.20746707916,
        "dvar": 25.0133266449,
        "dvar2": 47.5224647522,
        "max": 86.8998947144,
        "mean": 16.4665584564,
        "median": 14.3424911499,
        "min": 1.26130378246,
        "var": 103.277664185
    },
    "dissonance": {
        "dmean": 0.0224079955369,
        "dmean2": 0.0375799573958,
        "dvar": 0.00045581557788,
        "dvar2": 0.00123802176677,
        "max": 0.499999821186,
        "mean": 0.450701743364,
        "median": 0.457142084837,
        "min": 0.0432510301471,
        "var": 0.00118450610898
    },
    "dynamic_complexity": 2.00983786583,
    "erbbands_crest": {
        "dmean": 2.56670451164,
        "dmean2": 4.10408210754,
        "dvar": 5.90155696869,
        "dvar2": 14.4759254456,
        "max": 28.4302387238,
        "mean": 10.3254117966,
        "median": 9.23556137085,
        "min": 2.24114751816,
        "var": 21.5811901093
    },
    "erbbands_flatness_db": {
        "dmean": 0.0143673783168,
        "dmean2": 0.0213047415018,
        "dvar": 0.000225576455705,
        "dvar2": 0.000436923175585,
        "max": 0.329269349575,
        "mean": 0.196309089661,
        "median": 0.195383623242,
        "min": 0.0672060996294,
        "var": 0.00162774790078
    },
    "erbbands_kurtosis": {
        "dmean": 1.02196884155,
        "dmean2": 1.60729038715,
        "dvar": 1.71693813801,
        "dvar2": 3.95092821121,
        "max": 34.1886558533,
        "mean": 1.52319860458,
        "median": 0.793170809746,
        "min": -1.74413180351,
        "var": 6.90144348145
    },
    "erbbands_skewness": {
        "dmean": 0.310818552971,
        "dmean2": 0.476889699697,
        "dvar": 0.0884472355247,
        "dvar2": 0.194044396281,
        "max": 4.52631616592,
        "mean": 0.714563012123,
        "median": 0.707100152969,
        "min": -4.51862716675,
        "var": 0.570530951023
    },
    "erbbands_spread": {
        "dmean": 5.59961938858,
        "dmean2": 8.42534732819,
        "dvar": 48.7268600464,
        "dvar2": 98.0033111572,
        "max": 128.350692749,
        "mean": 27.4351234436,
        "median": 23.5557308197,
        "min": 3.33130311966,
        "var": 214.042984009
    },
    "hfc": {
        "dmean": 6.76998615265,
        "dmean2": 9.86152362823,
        "dvar": 196.579177856,
        "dvar2": 396.776367188,
        "max": 327.277648926,
        "mean": 25.0828933716,
        "median": 19.9030342102,
        "min": 1.21882204523e-16,
        "var": 498.104736328
    },
    "melbands_crest": {
        "dmean": 2.55374312401,
        "dmean2": 4.17769432068,
        "dvar": 6.49866342545,
        "dvar2": 17.0518569946,
        "max": 29.8607559204,
        "mean": 11.4114055634,
        "median": 10.3525762558,
        "min": 2.7613902092,
        "var": 20.8978347778
    },
    "melbands_flatness_db": {
        "dmean": 0.0175707694143,
        "dmean2": 0.027114091441,
        "dvar": 0.00040956446901,
        "dvar2": 0.000866504386067,
        "max": 0.457188457251,
        "mean": 0.195293799043,
        "median": 0.184721261263,
        "min": 0.00678675156087,
        "var": 0.00452820258215
    },
    "melbands_kurtosis": {
        "dmean": 3.09718394279,
        "dmean2": 4.87311649323,
        "dvar": 28.1862201691,
        "dvar2": 67.813583374,
        "max": 172.729232788,
        "mean": 6.64486646652,
        "median": 4.13723134995,
        "min": -1.77926981449,
        "var": 78.3948745728
    },
    "melbands_skewness": {
        "dmean": 0.447196394205,
        "dmean2": 0.685341715813,
        "dvar": 0.231566175818,
        "dvar2": 0.535687446594,
        "max": 9.45317745209,
        "mean": 1.64806234837,
        "median": 1.46580672264,
        "min": -2.9345266819,
        "var": 1.22339427471
    },
    "melbands_spread": {
        "dmean": 4.42630958557,
        "dmean2": 6.84652233124,
        "dvar": 41.9687347412,
        "dvar2": 81.964225769,
        "max": 191.499420166,
        "mean": 20.993844986,
        "median": 17.9759941101,
        "min": 1.13031625748,
        "var": 197.297286987
    },
    "pitch_salience": {
        "dmean": 0.057252433151,
        "dmean2": 0.093642398715,
        "dvar": 0.00273139914498,
        "dvar2": 0.00712309964001,
        "max": 0.932875335217,
        "mean": 0.596098899841,
        "median": 0.596428215504,
        "min": 0.19793023169,
        "var": 0.0104854293168
    },
    "silence_rate_20dB": {
        "dmean": 0,
        "dmean2": 0,
        "dvar": 0,
        "dvar2": 0,
        "max": 1,
        "mean": 1,
        "median": 1,
        "min": 1,
        "var": 0
    },
    "silence_rate_30dB": {
        "dmean": 0.00461557134986,
        "dmean2": 0.0092322640121,
        "dvar": 0.00459466874599,
        "dvar2": 0.0120614618063,
        "max": 1,
        "mean": 0.996720910072,
        "median": 1,
        "min": 0,
        "var": 0.00326860742643
    },
    "silence_rate_60dB": {
        "dmean": 0.00194339849986,
        "dmean2": 0.00388726918027,
        "dvar": 0.00193965923972,
        "dvar2": 0.0046011689119,
        "max": 1,
        "mean": 0.00704396422952,
        "median": 0,
        "min": 0,
        "var": 0.00699432147667
    },
    "spectral_centroid": {
        "dmean": 155.074508667,
        "dmean2": 238.903259277,
        "dvar": 55314.484375,
        "dvar2": 99838.578125,
        "max": 10639.7880859,
        "mean": 1121.63146973,
        "median": 1025.0456543,
        "min": 218.385620117,
        "var": 351315.96875
    },
    "spectral_complexity": {
        "dmean": 2.86335468292,
        "dmean2": 4.54300308228,
        "dvar": 10.3495092392,
        "dvar2": 22.5721073151,
        "max": 57,
        "mean": 20.3621578217,
        "median": 19,
        "min": 0,
        "var": 69.0603713989
    },
    "spectral_decrease": {
        "dmean": 1.85868265223e-09,
        "dmean2": 2.93290991493e-09,
        "dvar": 8.71559431443e-18,
        "dvar2": 2.15069573155e-17,
        "max": 2.39274496932e-29,
        "mean": -7.37162730857e-09,
        "median": -6.84149537022e-09,
        "min": -6.0542717506e-08,
        "var": 1.83159807167e-17
    },
    "spectral_energy": {
        "dmean": 0.00750349741429,
        "dmean2": 0.0117770833895,
        "dvar": 0.000135342372232,
        "dvar2": 0.000328132038703,
        "max": 0.231947660446,
        "mean": 0.0300972964615,
        "median": 0.027934409678,
        "min": 1.09647612721e-20,
        "var": 0.000297253282042
    },
    "spectral_energyband_high": {
        "dmean": 0.000405743252486,
        "dmean2": 0.00057367113186,
        "dvar": 2.26233464673e-06,
        "dvar2": 4.25368307333e-06,
        "max": 0.0517596974969,
        "mean": 0.000828854506835,
        "median": 0.00035166752059,
        "min": 7.89366907111e-21,
        "var": 4.5712345127e-06
    },
    "spectral_energyband_low": {
        "dmean": 0.00262797414325,
        "dmean2": 0.00444348203018,
        "dvar": 8.2777296484e-05,
        "dvar2": 0.000227571872529,
        "max": 0.199498474598,
        "mean": 0.00541179068387,
        "median": 0.00297253066674,
        "min": 3.71928857932e-23,
        "var": 8.50153737701e-05
    },
    "spectral_energyband_middle_high": {
        "dmean": 0.00221626553684,
        "dmean2": 0.00333886849694,
        "dvar": 1.04568907773e-05,
        "dvar2": 2.41080215346e-05,
        "max": 0.0513673722744,
        "mean": 0.00753832096234,
        "median": 0.00523217022419,
        "min": 1.63384104707e-21,
        "var": 5.20895810041e-05
    },
    "spectral_energyband_middle_low": {
        "dmean": 0.00505025172606,
        "dmean2": 0.00791736599058,
        "dvar": 4.47567690571e-05,
        "dvar2": 9.95216323645e-05,
        "max": 0.132407546043,
        "mean": 0.0172251407057,
        "median": 0.0152399232611,
        "min": 4.06131721081e-22,
        "var": 0.000131391512696
    },
    "spectral_entropy": {
        "dmean": 0.122637681663,
        "dmean2": 0.184058070183,
        "dvar": 0.0228155292571,
        "dvar2": 0.0444025285542,
        "max": 9.80013656616,
        "mean": 7.39354324341,
        "median": 7.48551559448,
        "min": 5.60342931747,
        "var": 0.194870099425
    },
    "spectral_flux": {
        "dmean": 0.0209782905877,
        "dmean2": 0.0324331335723,
        "dvar": 0.000654352770653,
        "dvar2": 0.00130283471663,
        "max": 0.401381075382,
        "mean": 0.0826907604933,
        "median": 0.0747580230236,
        "min": 1.04712759297e-10,
        "var": 0.00185620388947
    },
    "spectral_kurtosis": {
        "dmean": 1.9611467123,
        "dmean2": 3.298132658,
        "dvar": 8.00945663452,
        "dvar2": 21.8439769745,
        "max": 54.6294326782,
        "mean": 5.54716348648,
        "median": 4.0221581459,
        "min": -1.16325473785,
        "var": 27.2829742432
    },
    "spectral_rms": {
        "dmean": 0.000633605988696,
        "dmean2": 0.000980294891633,
        "dvar": 6.01999090577e-07,
        "dvar2": 1.34958099807e-06,
        "max": 0.0150429522619,
        "mean": 0.00521609885618,
        "median": 0.00522044859827,
        "min": 3.27067691507e-12,
        "var": 2.15554541683e-06
    },
    "spectral_rolloff": {
        "dmean": 302.618225098,
        "dmean2": 494.194274902,
        "dvar": 581064.125,
        "dvar2": 1159809,
        "max": 18690.8203125,
        "mean": 1328.7722168,
        "median": 1033.59375,
        "min": 86.1328125,
        "var": 1368864.75
    },
    "spectral_skewness": {
        "dmean": 0.224850535393,
        "dmean2": 0.361230432987,
        "dvar": 0.06401707232,
        "dvar2": 0.156547173858,
        "max": 5.57918071747,
        "mean": 1.77040719986,
        "median": 1.60916364193,
        "min": -0.506669044495,
        "var": 0.428050518036
    },
    "spectral_spread": {
        "dmean": 383139.5625,
        "dmean2": 547289.25,
        "dvar": 354367766528,
        "dvar2": 534618308608,
        "max": 39252112,
        "mean": 4103346,
        "median": 3968280.5,
        "min": 1151515.75,
        "var": 2.11023809741e+12
    },
    "spectral_strongpeak": {
        "dmean": 0.764727950096,
        "dmean2": 1.2753983736,
        "dvar": 1.28239893913,
        "dvar2": 3.2294716835,
        "max": 33.0104637146,
        "mean": 1.68910229206,
        "median": 1.13605129719,
        "min": 0,
        "var": 2.79537439346
    },
    "zerocrossingrate": {
        "dmean": 0.00722114183009,
        "dmean2": 0.00842569861561,
        "dvar": 0.000127261431771,
        "dvar2": 0.000132776302053,
        "max": 0.51318359375,
        "mean": 0.0547929368913,
        "median": 0.04931640625,
        "min": 0.00390625,
        "var": 0.000989945838228
    },
    "barkbands": {
        "dmean": [0.000119244956295, 0.00149388413411, 0.00116888922639, 0.000773734005634, 0.00202976842411, 0.00130335811991, 0.00108981516678, 0.00151992216706, 0.00147713371553, 0.000675249146298, 0.000698848394677, 0.000627089873888, 0.000627098255791, 0.000454525958048, 0.000305510358885, 0.000266870309133, 0.00019598484505, 0.000160504569067, 0.00013367072097, 8.6202264356e-05, 0.000102613936178, 9.50654648477e-05, 8.71550437296e-05, 5.58057727176e-05, 0.000114373746328, 5.19580453329e-07, 1.51191592579e-09],
        "dmean2": [0.00018605729565, 0.00250727962703, 0.00204511894844, 0.001293662237, 0.0033310179133, 0.00206629745662, 0.00170160701964, 0.00234348932281, 0.00220969808288, 0.0010646446608, 0.00108183303382, 0.000981420860626, 0.000980718876235, 0.000705712242052, 0.000490184407681, 0.000421023461968, 0.000321359693771, 0.000262710207608, 0.000214748768485, 0.000136567105073, 0.000159759496455, 0.000145055048051, 0.000132560555357, 8.18966873339e-05, 0.000172761414433, 8.8542225285e-07, 2.82990209044e-09],
        "dvar": [1.47910654391e-07, 2.50387747656e-05, 2.06108761631e-05, 3.60598460247e-06, 1.24970156321e-05, 7.97753091319e-06, 9.59344833973e-06, 1.55921225087e-05, 7.98622659204e-06, 1.97094868781e-06, 2.83062081508e-06, 1.79170149295e-06, 2.13040061681e-06, 1.7601998934e-06, 6.63031414661e-07, 4.88790931286e-07, 2.00688035079e-07, 1.70016591028e-07, 7.35013756525e-08, 5.24117638179e-08, 1.16875469303e-07, 2.73726612932e-07, 1.82063814691e-07, 4.02075883699e-08, 4.37449955371e-07, 1.35878096968e-11, 4.02185775265e-16],
        "dvar2": [3.42387096453e-07, 6.31703078398e-05, 6.00520834269e-05, 9.61941714195e-06, 3.3494503441e-05, 1.96097134904e-05, 2.04234183911e-05, 3.60806698154e-05, 1.74734050233e-05, 5.15229066878e-06, 7.21347805666e-06, 4.28967950938e-06, 4.98855024489e-06, 4.00030967285e-06, 1.59153591994e-06, 1.07704806851e-06, 4.93525419643e-07, 3.73981009716e-07, 1.7699689181e-07, 1.01429762367e-07, 2.59494896682e-07, 5.85272232456e-07, 3.5763380879e-07, 7.59438947284e-08, 1.05565516151e-06, 3.58241318554e-11, 1.19647554261e-15],
        "max": [0.0152532160282, 0.100405976176, 0.0885771811008, 0.0808436945081, 0.0799114853144, 0.0951445624232, 0.0890326201916, 0.0830719023943, 0.0621265992522, 0.0329430475831, 0.0444663316011, 0.0338388234377, 0.0301762204617, 0.0375879332423, 0.0262522194535, 0.0238439608365, 0.0194973535836, 0.0177273731679, 0.00594862550497, 0.0141319734976, 0.0125343119726, 0.0281300470233, 0.0205293372273, 0.00950276479125, 0.0201950855553, 0.000114162772661, 1.29933448534e-06],
        "mean": [0.000135243972181, 0.00261974101886, 0.0020893109031, 0.00134097784758, 0.00404723966494, 0.00295504555106, 0.00209420453757, 0.00291800498962, 0.00318687525578, 0.00133069895674, 0.00118659634609, 0.00112936645746, 0.0010700885905, 0.000869407784194, 0.000648755813017, 0.00054341671057, 0.000385393970646, 0.000330460636178, 0.000289648567559, 0.000179299429874, 0.000180318718776, 0.000175564433448, 0.000145062163938, 0.000112806461402, 0.000133378183818, 4.28911846484e-07, 1.15469167561e-09],
        "median": [3.387644756e-05, 0.00114416284487, 0.000968643580563, 0.000649476191029, 0.0026245189365, 0.0016503885854, 0.000909805065021, 0.000886689522304, 0.00130445300601, 0.0006096669822, 0.000505834817886, 0.000411217275541, 0.000380672863685, 0.0001894243469, 0.000171888677869, 0.000136754650157, 0.000179713155376, 0.000166522309883, 0.000152594584506, 9.29655361688e-05, 6.97729119565e-05, 6.2101673393e-05, 4.7917052143e-05, 4.18948111474e-05, 1.89669608517e-05, 1.74732157632e-08, 4.15655621033e-10],
        "min": [1.04296925333e-23, 2.78865611657e-23, 1.67152723283e-24, 1.97286637939e-24, 5.66981721833e-23, 1.2906188501e-22, 7.92185228184e-23, 3.39417438782e-23, 1.03271074834e-22, 5.58751125801e-23, 4.97512327045e-23, 8.55993410017e-23, 5.47988349372e-23, 5.69502353306e-23, 1.00321334583e-22, 1.80932455646e-22, 2.39145089306e-22, 1.9931300309e-22, 3.60918202474e-22, 4.46255004256e-22, 4.69527032049e-22, 5.24095759415e-22, 5.31833311071e-22, 9.00829373484e-22, 1.04774087099e-21, 1.83685128345e-21, 2.4964353296e-21],
        "var": [1.66363733456e-07, 2.92414097203e-05, 1.74263695953e-05, 4.87967417939e-06, 2.40237786784e-05, 1.69983941305e-05, 1.64976172528e-05, 3.55076372216e-05, 2.33026294154e-05, 4.73250975119e-06, 4.17508726969e-06, 5.33054981133e-06, 4.73743421026e-06, 4.89186641062e-06, 2.45254091169e-06, 1.81376310593e-06, 5.42537009096e-07, 3.86445066169e-07, 2.06147319659e-07, 1.25497621184e-07, 2.00531189876e-07, 4.64284283908e-07, 3.15835734455e-07, 1.25339568058e-07, 4.29271864277e-07, 1.05323813906e-11, 2.06993411787e-16]
    },
    "erbbands": {
        "dmean": [0.0377342700958, 0.389326244593, 1.34118163586, 1.73997330666, 4.23826980591, 8.86941051483, 9.48530673981, 11.8193826675, 10.7902517319, 22.7056159973, 35.1452102661, 36.370426178, 23.7217922211, 23.8816204071, 21.4039745331, 25.0903835297, 25.2459812164, 25.5170211792, 16.9452533722, 12.3539037704, 12.5413236618, 9.8912191391, 8.94512939453, 7.6153922081, 5.76906013489, 3.59240436554, 4.00832605362, 3.96130490303, 3.37035560608, 3.00660443306, 2.51979112625, 1.28612232208, 0.931679606438, 0.705378115177, 1.23614871502, 0.0886880382895, 0.00208433577791, 0.000119847682072, 1.67696798599e-05, 1.10189075713e-05],
        "dmean2": [0.0599758848548, 0.663131952286, 2.37682080269, 2.93674325943, 7.10085821152, 14.6597223282, 15.3920602798, 18.3276233673, 17.0219593048, 34.2850532532, 53.9586105347, 54.2836914062, 36.643737793, 37.0793533325, 33.4635238647, 39.3108177185, 39.3260803223, 39.1582984924, 26.1331806183, 19.6134204865, 19.6242542267, 16.0497760773, 14.4885644913, 12.2763442993, 9.2650346756, 5.61371612549, 6.27870321274, 6.0183634758, 5.07471179962, 4.6605887413, 3.95005631447, 1.93412399292, 1.34242796898, 1.0149936676, 1.92432773113, 0.137752726674, 0.00322360009886, 0.000183916912647, 2.53235757555e-05, 1.68331953319e-05],
        "dvar": [0.0154096893966, 1.9427819252, 29.9665641785, 24.3394203186, 69.13646698, 287.460357666, 321.207061768, 764.308288574, 1181.98803711, 3878.19604492, 8279.54394531, 4833.14746094, 2061.63574219, 2244.13061523, 3299.4675293, 2887.2434082, 3065.44018555, 3867.0847168, 2422.51098633, 961.721313477, 791.585083008, 602.320922852, 486.503051758, 323.19720459, 154.564849854, 111.707885742, 197.795593262, 165.719619751, 230.513748169, 388.81362915, 145.954086304, 23.5877876282, 15.3688421249, 9.17726230621, 65.2288589478, 0.356413006783, 0.000189904865692, 5.75566275529e-07, 6.841006428e-09, 4.78875716858e-10],
        "dvar2": [0.0342797413468, 5.10104703903, 86.9705734253, 66.9042892456, 191.020812988, 778.626098633, 769.341125488, 1905.43115234, 2782.63818359, 8469.02539062, 20099.9863281, 10876.2128906, 4928.81201172, 5991.14746094, 8003.71142578, 7022.83740234, 7141.22607422, 8623.79589844, 5041.28857422, 2251.75585938, 1739.82531738, 1483.73779297, 1066.38122559, 790.859863281, 365.368438721, 199.841171265, 490.76260376, 323.947753906, 437.966033936, 793.159057617, 321.309387207, 46.9162940979, 28.4475059509, 19.1780986786, 160.526641846, 0.880202114582, 0.000467817706522, 1.4114843907e-06, 1.65575535505e-08, 1.10798559216e-09],
        "max": [3.46732711792, 29.4143867493, 110.399963379, 222.700393677, 177.398925781, 388.537841797, 364.456726074, 898.343383789, 1492.60083008, 2139.94921875, 1569.47802734, 1664.84741211, 1039.0267334, 1328.44787598, 1541.76196289, 1571.82897949, 1232.78637695, 1701.94152832, 1732.5958252, 977.291748047, 697.11328125, 1059.38659668, 1052.93432617, 702.940734863, 416.645782471, 719.289245605, 426.780731201, 618.211120605, 768.586975098, 1048.04711914, 524.763122559, 246.103897095, 211.414657593, 114.120445251, 253.584014893, 20.8712673187, 0.472144126892, 0.0250605028123, 0.00265323021449, 0.000551231554709],
        "mean": [0.0626815706491, 0.637958645821, 2.26208662987, 3.55476617813, 7.64315652847, 16.2544364929, 18.5436706543, 26.9548339844, 22.590675354, 43.7120132446, 72.6520996094, 79.8607559204, 52.8564376831, 46.9884262085, 40.4412193298, 48.7676620483, 47.6761245728, 52.6899642944, 39.245929718, 27.9990539551, 26.9393901825, 21.2722644806, 19.3009433746, 16.5841369629, 13.052737236, 7.81372785568, 7.22873306274, 7.07870197296, 6.30381727219, 5.44441604614, 4.02912759781, 2.51675724983, 1.7979067564, 1.09918653965, 1.23650860786, 0.0870275497437, 0.00211572693661, 0.000132190180011, 3.20342624036e-05, 3.90038621845e-05],
        "median": [0.0265340991318, 0.278399705887, 1.06473815441, 2.04370164871, 4.47958087921, 9.58560371399, 10.4826345444, 13.5437660217, 12.249124527, 20.9072799683, 25.4874038696, 33.7105484009, 24.5820846558, 24.8643379211, 19.4097957611, 19.2650375366, 20.9327659607, 18.258441925, 10.0089273453, 8.03879356384, 9.41106796265, 10.0476989746, 9.73807144165, 8.3480682373, 7.42592144012, 4.0360660553, 3.22728157043, 2.50102996826, 2.12298679352, 1.89192152023, 1.33504080772, 0.971212863922, 0.59027671814, 0.246815547347, 0.103878453374, 0.00595616176724, 0.000197437126189, 2.07602679438e-05, 1.88581216207e-05, 3.43181454809e-05],
        "min": [5.86844103467e-22, 6.89743503646e-21, 4.71480832252e-21, 5.36409259679e-21, 4.66947171637e-20, 2.58744887341e-19, 2.94935460857e-19, 1.39777021268e-18, 1.32916230171e-18, 8.08905866376e-19, 1.36257812371e-18, 2.1230705047e-18, 1.67480592452e-18, 1.8236079619e-18, 2.19501309092e-18, 3.41530239739e-18, 3.4190867487e-18, 2.54452440347e-18, 4.52431109606e-18, 5.90283447025e-18, 1.15103348561e-17, 1.37820433063e-17, 1.2095604017e-17, 2.12562636872e-17, 1.48799799856e-17, 2.15994096382e-17, 1.70886663721e-17, 1.97128389628e-17, 1.63064910023e-17, 1.84849654441e-17, 1.46894488577e-17, 1.98389360297e-17, 1.32542400369e-17, 1.01879336186e-17, 8.28005228906e-18, 6.57018145458e-18, 3.07699359187e-18, 1.5129672105e-18, 4.03776687188e-19, 3.59222503423e-20],
        "var": [0.0199699830264, 1.85964012146, 22.7039604187, 27.818939209, 101.187339783, 499.541809082, 688.977111816, 1642.20288086, 1569.56103516, 6161.29589844, 21021.9492188, 14397.1923828, 6456.62597656, 4220.04736328, 6079.48193359, 9849.93359375, 7064.56689453, 12544.9140625, 9664.91796875, 3562.53295898, 2837.22167969, 1538.24279785, 1262.55603027, 706.805725098, 544.768005371, 284.428863525, 263.702178955, 366.316925049, 461.372833252, 645.73638916, 214.504486084, 47.5462608337, 51.0197181702, 18.5732154846, 58.6825141907, 0.317676097155, 0.000170551735209, 5.26069243278e-07, 6.69001698483e-09, 7.87798659641e-10]
    },
    "gfcc": {
        "mean": [-0.33453643322, 124.220306396, -141.010894775, 32.1315345764, -79.6645736694, 20.9205226898, -40.9077682495, 7.61395692825, -17.3803577423, -10.0992803574, -3.11356186867, -13.8522262573, 0.993756532669],
        "cov": [[3104.7824707, -1259.7487793, -274.801147461, 273.312316895, -320.092071533, 325.78326416, -240.946380615, 127.317932129, -167.978637695, 269.088256836, -111.47869873, 58.5231399536, -131.559127808], [-1259.7487793, 1395.69042969, 531.588439941, -176.564468384, 277.250823975, -167.202011108, 159.529876709, -76.4083709717, 88.4953994751, -181.785430908, 155.491073608, -68.3937606812, 70.7739334106], [-274.801147461, 531.588439941, 1139.75622559, 27.1453475952, -10.4516077042, 83.2160644531, -87.1166152954, 10.5407991409, -130.176605225, 5.36827850342, -29.2786140442, 63.5659790039, 14.0119657516], [273.312316895, -176.564468384, 27.1453475952, 260.115661621, 10.7978801727, 33.3164138794, -38.6297607422, -32.6013031006, -3.8414337635, 14.4788656235, -14.3200845718, 2.69648194313, -7.41169786453], [-320.092071533, 277.250823975, -10.4516077042, 10.7978801727, 252.525436401, -35.4190711975, 18.066028595, -9.1689157486, 35.3991546631, -10.4635314941, 25.8452625275, -30.8660144806, 24.3012752533], [325.78326416, -167.202011108, 83.2160644531, 33.3164138794, -35.4190711975, 169.554901123, 8.37857532501, 34.5299758911, -32.8829956055, 44.0580825806, -16.9924449921, 17.5299282074, -9.68147182465], [-240.946380615, 159.529876709, -87.1166152954, -38.6297607422, 18.066028595, 8.37857532501, 205.811798096, 16.0573883057, 28.0023269653, -42.2145080566, 39.0418548584, -23.4616470337, 2.00209403038], [127.317932129, -76.4083709717, 10.5407991409, -32.6013031006, -9.1689157486, 34.5299758911, 16.0573883057, 132.196105957, -5.5144534111, 18.4808502197, -2.96502280235, -0.944895148277, -16.6385326385], [-167.978637695, 88.4953994751, -130.176605225, -3.8414337635, 35.3991546631, -32.8829956055, 28.0023269653, -5.5144534111, 138.26751709, -13.0281515121, 22.7418041229, -29.7442893982, 4.12608623505], [269.088256836, -181.785430908, 5.36827850342, 14.4788656235, -10.4635314941, 44.0580825806, -42.2145080566, 18.4808502197, -13.0281515121, 126.574195862, -21.7516593933, 6.251039505, -9.83246994019], [-111.47869873, 155.491073608, -29.2786140442, -14.3200845718, 25.8452625275, -16.9924449921, 39.0418548584, -2.96502280235, 22.7418041229, -21.7516593933, 106.149551392, -2.57050061226, 3.67532777786], [58.5231399536, -68.3937606812, 63.5659790039, 2.69648194313, -30.8660144806, 17.5299282074, -23.4616470337, -0.944895148277, -29.7442893982, 6.251039505, -2.57050061226, 92.2743530273, 12.5437097549], [-131.559127808, 70.7739334106, 14.0119657516, -7.41169786453, 24.3012752533, -9.68147182465, 2.00209403038, -16.6385326385, 4.12608623505, -9.83246994019, 3.67532777786, 12.5437097549, 72.1983261108]],
        "icov": [[0.000874586054124, -0.000614532793406, 0.000883088854607, -0.00108479347546, 0.00117777427658, -0.00148677360266, 0.00117196678184, -0.000869356095791, 0.00105087668635, -0.00125929631758, 0.000414561014622, -0.000306048343191, 0.000885190500412], [-0.000614532793406, 0.00657186377794, -0.00479081179947, 0.00438125664368, -0.0054173944518, 0.00446104444563, -0.00404912978411, 0.00357858999632, -0.00378428888507, 0.00491345254704, -0.00540256127715, 0.00338339363225, -0.00225120107643], [0.000883088854607, -0.00479081179947, 0.00477681774646, -0.00355117348954, 0.00413034623489, -0.00428969226778, 0.00378219271079, -0.00295398407616, 0.00393506791443, -0.00367363658734, 0.00389104965143, -0.00279226968996, 0.00182458350901], [-0.00108479347546, 0.00438125664368, -0.00355117348954, 0.00781464297324, -0.00459455419332, 0.00261342828162, -0.00257514440455, 0.00417790142819, -0.00332657410763, 0.00397971831262, -0.00325203617103, 0.00225815991871, -0.00134361267556], [0.00117777427658, -0.0054173944518, 0.00413034623489, -0.00459455419332, 0.00961994472891, -0.00376535509713, 0.00378630775958, -0.00355121633038, 0.00304222502746, -0.00500986073166, 0.00352096720599, -0.00129170541186, 0.000706126505975], [-0.00148677360266, 0.00446104444563, -0.00428969226778, 0.00261342828162, -0.00376535509713, 0.012384051457, -0.00533654494211, 0.00144615198951, -0.00253397133201, 0.00181279017124, -0.00299557880498, 0.00146105326712, -0.00228177267127], [0.00117196678184, -0.00404912978411, 0.00378219271079, -0.00257514440455, 0.00378630775958, -0.00533654494211, 0.00954555720091, -0.00332103157416, 0.00255801249295, -0.00162821728736, 0.00151337194256, -0.000867943628691, 0.00179213064257], [-0.000869356095791, 0.00357858999632, -0.00295398407616, 0.00417790142819, -0.00355121633038, 0.00144615198951, -0.00332103157416, 0.0110649047419, -0.00259508262388, 0.00230892561376, -0.00271402066574, 0.0018237719778, 0.000225415715249], [0.00105087668635, -0.00378428888507, 0.00393506791443, -0.00332657410763, 0.00304222502746, -0.00253397133201, 0.00255801249295, -0.00259508262388, 0.0118726212531, -0.00345572805963, 0.00182847224642, -1.96232140297e-05, 0.00124775292352], [-0.00125929631758, 0.00491345254704, -0.00367363658734, 0.00397971831262, -0.00500986073166, 0.00181279017124, -0.00162821728736, 0.00230892561376, -0.00345572805963, 0.0142824091017, -0.00303930626251, 0.0024984346237, -0.00161985354498], [0.000414561014622, -0.00540256127715, 0.00389104965143, -0.00325203617103, 0.00352096720599, -0.00299557880498, 0.00151337194256, -0.00271402066574, 0.00182847224642, -0.00303930626251, 0.015256498009, -0.00381067581475, 0.00207513989881], [-0.000306048343191, 0.00338339363225, -0.00279226968996, 0.00225815991871, -0.00129170541186, 0.00146105326712, -0.000867943628691, 0.0018237719778, -1.96232140297e-05, 0.0024984346237, -0.00381067581475, 0.0147543288767, -0.00405357731506], [0.000885190500412, -0.00225120107643, 0.00182458350901, -0.00134361267556, 0.000706126505975, -0.00228177267127, 0.00179213064257, 0.000225415715249, 0.00124775292352, -0.00161985354498, 0.00207513989881, -0.00405357731506, 0.0169437900186]]
    },
    "melbands": {
        "dmean": [0.00035599572584, 0.000638388795778, 0.000362749240594, 0.000449573242804, 0.000340483296895, 0.000251173274592, 0.000189668688108, 0.000261013017735, 0.000289493444143, 0.000232086633332, 0.000117194009363, 9.56767980824e-05, 7.76048836997e-05, 6.81404271745e-05, 5.72621684114e-05, 6.87134015607e-05, 4.86731223646e-05, 3.03925808112e-05, 2.01749389817e-05, 2.19540561375e-05, 1.44433597598e-05, 1.18433081298e-05, 9.08325182536e-06, 7.56509280109e-06, 6.81128267388e-06, 4.83874600832e-06, 3.79794460059e-06, 2.3693098683e-06, 2.44816305894e-06, 2.90685261461e-06, 2.2678887035e-06, 1.98988277589e-06, 2.09153540709e-06, 1.61618925176e-06, 1.78683103513e-06, 9.67300934462e-07, 7.64628111938e-07, 6.82822701492e-07, 6.75476655942e-07, 5.25575217125e-07],
        "dmean2": [0.000581872591283, 0.00111080193892, 0.000608388509136, 0.000742077070754, 0.000553566671442, 0.000391510693589, 0.000295237026876, 0.000390548433643, 0.000442944437964, 0.000346517073922, 0.000181069030077, 0.000148971070303, 0.000120247488667, 0.000106810584839, 8.83026150404e-05, 0.000107989806565, 7.46901132516e-05, 4.6740318794e-05, 3.18007660098e-05, 3.45513108186e-05, 2.28510398301e-05, 1.92714887817e-05, 1.49821162267e-05, 1.22387809824e-05, 1.1073279893e-05, 7.89508248999e-06, 6.10616916674e-06, 3.73967600353e-06, 3.8583289097e-06, 4.64688491775e-06, 3.45827561432e-06, 2.99989733321e-06, 3.34875676344e-06, 2.44718148679e-06, 2.85188457383e-06, 1.45605781654e-06, 1.19082801575e-06, 1.00790452962e-06, 9.7560246104e-07, 7.76956539994e-07],
        "dvar": [1.26641032239e-06, 6.37471293885e-06, 7.66224161453e-07, 6.4096349206e-07, 3.77930831519e-07, 3.30228118628e-07, 2.80793784668e-07, 4.55356854445e-07, 5.46340288565e-07, 1.94102668161e-07, 5.2573366105e-08, 3.69023354096e-08, 4.4090974427e-08, 2.27974794598e-08, 1.93737204057e-08, 2.81715095696e-08, 1.63937574627e-08, 9.31422761141e-09, 2.43133024824e-09, 3.85796106173e-09, 9.84163861517e-10, 7.562581672e-10, 6.67977562152e-10, 4.18749840359e-10, 2.51793474959e-10, 1.06323963522e-10, 8.04955338496e-11, 5.25564522458e-11, 5.6941212162e-11, 1.04554469249e-10, 6.04622185651e-11, 6.8467100045e-11, 2.15786014057e-10, 8.68375302221e-11, 7.57256479744e-11, 3.12952719295e-11, 6.01237028913e-12, 7.65731401897e-12, 1.16338171735e-11, 4.76004825833e-12],
        "dvar2": [2.95278232443e-06, 1.80347215064e-05, 2.07530501939e-06, 1.77122308287e-06, 9.25192978229e-07, 8.17806665054e-07, 6.2274608581e-07, 9.58403575169e-07, 1.34423385134e-06, 4.41519546257e-07, 1.25977379639e-07, 9.9160871514e-08, 1.11654571811e-07, 5.58204931167e-08, 4.31106776944e-08, 6.65356196805e-08, 3.65064636298e-08, 1.92583264891e-08, 5.6140905258e-09, 8.42477909657e-09, 2.28890817411e-09, 1.8397435797e-09, 1.69140568218e-09, 8.92167340005e-10, 6.30124674661e-10, 2.54608639727e-10, 1.82424950146e-10, 9.41582714575e-11, 1.35738642548e-10, 2.57999011044e-10, 1.23727195156e-10, 1.26084878649e-10, 5.73606773191e-10, 1.403914901e-10, 1.84807349979e-10, 6.30810612079e-11, 1.34789878911e-11, 1.59000798639e-11, 2.16419070165e-11, 1.04550248667e-11],
        "max": [0.0218265671283, 0.0535709150136, 0.0356767810881, 0.0169674102217, 0.0132698537782, 0.0191896315664, 0.0204025115818, 0.0204215273261, 0.013353170827, 0.0102008199319, 0.00519275292754, 0.00572916259989, 0.00618491554633, 0.00310470140539, 0.00373294227757, 0.00369470915757, 0.00325016863644, 0.00334914494306, 0.00135298795067, 0.00243345182389, 0.000670604757033, 0.000910287082661, 0.00100623629987, 0.00112361146603, 0.000595846329816, 0.000311568961479, 0.000382867903681, 0.000491249025799, 0.000220155125135, 0.000318349717418, 0.000435784488218, 0.000426537968451, 0.000804183771834, 0.000498871901073, 0.000315856595989, 0.000397192750825, 9.95973314275e-05, 0.000141623604577, 0.000235208353843, 5.77052342123e-05],
        "mean": [0.000645930413157, 0.00109980104025, 0.000729274644982, 0.000876287114806, 0.000682675745338, 0.000571745040361, 0.000390727655031, 0.000498370442074, 0.000593107833993, 0.000498994369991, 0.000246834068093, 0.000179267779458, 0.000137118491693, 0.000124649595818, 0.000111418332381, 0.000113260619401, 9.59725366556e-05, 6.2919978518e-05, 4.10440188716e-05, 4.34749308624e-05, 2.76262016996e-05, 2.31876310863e-05, 1.7942611521e-05, 1.52818938659e-05, 1.34500378408e-05, 9.88396095636e-06, 7.76643264544e-06, 4.60368164568e-06, 4.40342091679e-06, 4.58788326796e-06, 3.80528126698e-06, 3.52426854988e-06, 3.42548128174e-06, 2.82220389636e-06, 2.52777977039e-06, 1.73037426521e-06, 1.45074932334e-06, 1.26760187413e-06, 1.1444840311e-06, 7.82072788752e-07],
        "median": [0.000289573305054, 0.000546560855582, 0.000429619365605, 0.00053592864424, 0.000415638001869, 0.000306874891976, 0.000195406173589, 0.000228149467148, 0.000185483455425, 0.000203932926524, 0.00010640041728, 9.04000044102e-05, 6.17052428424e-05, 5.1908322348e-05, 3.82026919397e-05, 3.97613184759e-05, 2.49749882641e-05, 1.36990256578e-05, 1.17585195767e-05, 9.54050301516e-06, 1.02678432086e-05, 1.01964669739e-05, 8.68406095833e-06, 7.4094723459e-06, 6.05392506259e-06, 5.23260814589e-06, 3.6831934267e-06, 2.0514080461e-06, 1.83845395441e-06, 1.71284932549e-06, 1.20987556329e-06, 1.11782298973e-06, 1.15677744361e-06, 9.05142428564e-07, 7.36224990305e-07, 6.12430767433e-07, 5.42531552128e-07, 4.15497765971e-07, 2.5418006544e-07, 1.64380821843e-07],
        "min": [7.93771722128e-24, 5.42075868442e-24, 1.7750257836e-24, 9.85886331592e-24, 1.11932373143e-23, 3.031707948e-23, 2.04242841011e-23, 7.29007661759e-24, 1.34077828677e-23, 1.34829707783e-23, 8.84871824932e-24, 7.90941841403e-24, 7.29366120155e-24, 6.48057516679e-24, 1.05791075219e-23, 5.91544546948e-24, 4.36890456961e-24, 7.05431449201e-24, 6.21127974742e-24, 1.08159259322e-23, 1.41054956285e-23, 1.47718511683e-23, 1.07223291635e-23, 1.0167165146e-23, 1.87312134714e-23, 1.09814139618e-23, 1.32631073554e-23, 1.38609187712e-23, 1.06104434436e-23, 1.0655115059e-23, 1.21253514156e-23, 9.04793402688e-24, 9.93581906381e-24, 1.05634928091e-23, 7.52183448521e-24, 1.05080335209e-23, 1.27211054821e-23, 9.81969637198e-24, 8.9243424e-24, 8.13936584587e-24],
        "var": [1.72343436589e-06, 5.054578196e-06, 9.78807747742e-07, 1.17392073662e-06, 7.66866378399e-07, 6.95461835676e-07, 4.61716069822e-07, 8.04844091817e-07, 1.45279420849e-06, 6.09667495155e-07, 1.60114183245e-07, 6.74941986745e-08, 6.43399502565e-08, 5.48236371856e-08, 7.40166257174e-08, 5.73610243748e-08, 5.59472717043e-08, 2.89428925271e-08, 7.31562010969e-09, 1.41240388274e-08, 2.62179256083e-09, 1.91819604645e-09, 1.48136169997e-09, 9.73819469507e-10, 5.16156839492e-10, 2.82437601085e-10, 2.2011088785e-10, 1.26629026709e-10, 8.76165667796e-11, 1.36898936631e-10, 1.27239691006e-10, 1.41335082526e-10, 2.4901225526e-10, 1.73026343253e-10, 8.74237904291e-11, 5.05720534894e-11, 1.25770470427e-11, 2.1751893689e-11, 3.56485327369e-11, 7.97830378152e-12]
    },
    "mfcc": {
        "mean": [-627.160583496, 135.647537231, -1.1683293581, 7.39523172379, -5.20999908447, -1.08295249939, -4.05736446381, 4.83429002762, -4.24652862549, 0.69237023592, -0.21255877614, -0.482792049646, -4.32012462616],
        "cov": [[3354.3112793, -1615.96057129, -317.980285645, -126.323234558, -118.341506958, 97.8791351318, -56.5980529785, -96.1683731079, -40.1548728943, 87.8395233154, 64.6386489868, 42.8751716614, -24.9660949707], [-1615.96057129, 1540.74536133, 337.330993652, 65.8880157471, 152.527282715, -80.4526443481, 116.364692688, 57.0275382996, -13.8659114838, -36.1384506226, -14.0993814468, -2.80351424217, 27.6968097687], [-317.980285645, 337.330993652, 962.009033203, 38.2799415588, 101.431808472, 40.3360328674, 62.2060127258, -5.03009033203, -17.9430713654, -111.369125366, -27.5916118622, 2.82028317451, 14.3142080307], [-126.323234558, 65.8880157471, 38.2799415588, 208.784408569, 70.6103744507, 29.7828731537, -5.58038663864, -10.7111082077, -7.81949853897, -5.03515577316, -18.0550098419, -10.7310113907, 10.4907560349], [-118.341506958, 152.527282715, 101.431808472, 70.6103744507, 233.746261597, 12.726890564, -8.79717922211, -35.2288818359, -2.32594203949, 15.6402015686, -14.0940275192, -24.1763019562, 4.61331319809], [97.8791351318, -80.4526443481, 40.3360328674, 29.7828731537, 12.726890564, 151.571762085, 5.87535953522, -16.6603240967, 14.0720338821, -4.91756439209, -0.6209897995, -2.95233607292, -6.94259214401], [-56.5980529785, 116.364692688, 62.2060127258, -5.58038663864, -8.79717922211, 5.87535953522, 169.223617554, 34.7785491943, 2.35357069969, 2.57383418083, 8.55774497986, 6.24632024765, 4.88331985474], [-96.1683731079, 57.0275382996, -5.03009033203, -10.7111082077, -35.2288818359, -16.6603240967, 34.7785491943, 126.493560791, 2.73753190041, -6.19691944122, 8.1162481308, 11.5265769958, 10.0623416901], [-40.1548728943, -13.8659114838, -17.9430713654, -7.81949853897, -2.32594203949, 14.0720338821, 2.35357069969, 2.73753190041, 99.646270752, 19.5566520691, 5.03898715973, -4.79746294022, -11.1675462723], [87.8395233154, -36.1384506226, -111.369125366, -5.03515577316, 15.6402015686, -4.91756439209, 2.57383418083, -6.19691944122, 19.5566520691, 113.553665161, 35.0616378784, -2.36746430397, -9.92814064026], [64.6386489868, -14.0993814468, -27.5916118622, -18.0550098419, -14.0940275192, -0.6209897995, 8.55774497986, 8.1162481308, 5.03898715973, 35.0616378784, 72.4103317261, 18.4066772461, -2.03709173203], [42.8751716614, -2.80351424217, 2.82028317451, -10.7310113907, -24.1763019562, -2.95233607292, 6.24632024765, 11.5265769958, -4.79746294022, -2.36746430397, 18.4066772461, 75.8653106689, 17.2833213806], [-24.9660949707, 27.6968097687, 14.3142080307, 10.4907560349, 4.61331319809, -6.94259214401, 4.88331985474, 10.0623416901, -11.1675462723, -9.92814064026, -2.03709173203, 17.2833213806, 68.4819488525]],
