{
"lowlevel": {
    "average_loudness": 0.970810055733,
    "barkbands_crest": {
        "dmean": 3.01686286926,
        "dmean2": 4.97054195404,
        "dvar": 7.14124536514,
        "dvar2": 18.121761322,
        "max": 25.0860061646,
        "mean": 9.26087474823,
        "median": 8.51131820679,
        "min": 2.15711355209,
        "var": 16.6738204956
    },
    "barkbands_flatness_db": {
        "dmean": 0.0210781209171,
        "dmean2": 0.0331842713058,
        "dvar": 0.000360814563464,
        "dvar2": 0.000829922966659,
        "max": 0.312109321356,
        "mean": 0.132310003042,
        "median": 0.128156945109,
        "min": 0.0511713661253,
        "var": 0.00109662453178
    },
    "barkbands_kurtosis": {
        "dmean": 2.04329276085,
        "dmean2": 3.25025749207,
        "dvar": 13.1120595932,
        "dvar2": 29.7840957642,
        "max": 82.0727386475,
        "mean": 1.71861362457,
        "median": 0.214156150818,
        "min": -1.92615377903,
        "var": 22.9345302582
    },
    "barkbands_skewness": {
        "dmean": 0.559480011463,
        "dmean2": 0.847422480583,
        "dvar": 0.330263584852,
        "dvar2": 0.704324305058,
        "max": 7.03538751602,
        "mean": 0.987167239189,
        "median": 0.834537744522,
        "min": -8.34156417847,
        "var": 1.25397670269
    },
    "barkbands_spread": {
        "dmean": 8.36080646515,
        "dmean2": 12.9718732834,
        "dvar": 78.5438308716,
        "dvar2": 177.768966675,
        "max": 110.883628845,
        "mean": 31.6324672699,
        "median": 28.6501274109,
        "min": 2.64383983612,
        "var": 255.861282349
    },
    "dissonance": {
        "dmean": 0.0152597315609,
        "dmean2": 0.0257224068046,
        "dvar": 0.000256972736679,
        "dvar2": 0.000697633484378,
        "max": 0.500000059605,
        "mean": 0.474188864231,
        "median": 0.480126261711,
        "min": 0.266333281994,
        "var": 0.0004858772445
    },
    "dynamic_complexity": 2.1284160614,
    "erbbands_crest": {
        "dmean": 2.61922836304,
        "dmean2": 4.24784803391,
        "dvar": 5.8847951889,
        "dvar2": 14.9295196533,
        "max": 28.5331821442,
        "mean": 8.31612873077,
        "median": 7.3934803009,
        "min": 1.96340954304,
        "var": 15.6967554092
    },
    "erbbands_flatness_db": {
        "dmean": 0.0166430082172,
        "dmean2": 0.0243119373918,
        "dvar": 0.000228785313084,
        "dvar2": 0.000465066113975,
        "max": 0.348021656275,
        "mean": 0.162622898817,
        "median": 0.155940070748,
        "min": 0.0396482497454,
        "var": 0.00161971722264
    },
    "erbbands_kurtosis": {
        "dmean": 0.921277463436,
        "dmean2": 1.44390690327,
        "dvar": 1.58100807667,
        "dvar2": 3.3991355896,
        "max": 49.9249954224,
        "mean": 0.372058540583,
        "median": -0.189581274986,
        "min": -1.75813686848,
        "var": 4.82961988449
    },
    "erbbands_skewness": {
        "dmean": 0.390073031187,
        "dmean2": 0.590012431145,
        "dvar": 0.128374367952,
        "dvar2": 0.284255594015,
        "max": 3.995844841,
        "mean": 0.139067664742,
        "median": 0.105774134398,
        "min": -5.21086835861,
        "var": 0.683726668358
    },
    "erbbands_spread": {
        "dmean": 10.760184288,
        "dmean2": 16.2512397766,
        "dvar": 119.596748352,
        "dvar2": 262.930389404,
        "max": 143.729812622,
        "mean": 44.6753196716,
        "median": 40.3681945801,
        "min": 2.57192635536,
        "var": 509.468505859
    },
    "hfc": {
        "dmean": 11.1128902435,
        "dmean2": 15.685883522,
        "dvar": 194.905166626,
        "dvar2": 374.162078857,
        "max": 348.504394531,
        "mean": 30.5067825317,
        "median": 26.8572902679,
        "min": 1.2148810921e-16,
        "var": 493.569610596
    },
    "melbands_crest": {
        "dmean": 3.85964989662,
        "dmean2": 6.19517993927,
        "dvar": 10.3799543381,
        "dvar2": 25.4734115601,
        "max": 31.0445251465,
        "mean": 12.9704580307,
        "median": 12.0465335846,
        "min": 1.77094972134,
        "var": 29.8856220245
    },
    "melbands_flatness_db": {
        "dmean": 0.0271783489734,
        "dmean2": 0.0408645570278,
        "dvar": 0.000672972004395,
        "dvar2": 0.0013975049369,
        "max": 0.343151062727,
        "mean": 0.138828992844,
        "median": 0.134637862444,
        "min": 0.00389865133911,
        "var": 0.00262083602138
    },
    "melbands_kurtosis": {
        "dmean": 6.66762161255,
        "dmean2": 10.3837957382,
        "dvar": 135.884750366,
        "dvar2": 300.29284668,
        "max": 211.748275757,
        "mean": 10.398938179,
        "median": 4.63603687286,
        "min": -1.83349597454,
        "var": 259.060028076
    },
    "melbands_skewness": {
        "dmean": 0.818310976028,
        "dmean2": 1.2340272665,
        "dvar": 0.747552275658,
        "dvar2": 1.54589474201,
        "max": 12.3172416687,
        "mean": 2.29488158226,
        "median": 1.94175052643,
        "min": -3.55677866936,
        "var": 2.99086999893
    },
    "melbands_spread": {
        "dmean": 12.2538633347,
        "dmean2": 18.9614086151,
        "dvar": 220.897201538,
        "dvar2": 474.051452637,
        "max": 257.31930542,
        "mean": 37.8490028381,
        "median": 32.7059745789,
        "min": 2.21976518631,
        "var": 664.86517334
    },
    "pitch_salience": {
        "dmean": 0.0806520804763,
        "dmean2": 0.127180218697,
        "dvar": 0.0050590634346,
        "dvar2": 0.0117234382778,
        "max": 0.934508264065,
        "mean": 0.590374350548,
        "median": 0.601272881031,
        "min": 0.162677109241,
        "var": 0.0133032677695
    },
    "silence_rate_20dB": {
        "dmean": 0,
        "dmean2": 0,
        "dvar": 0,
        "dvar2": 0,
        "max": 1,
        "mean": 1,
        "median": 1,
        "min": 1,
        "var": 0
    },
    "silence_rate_30dB": {
        "dmean": 0.000505369564053,
        "dmean2": 0.00101086683571,
        "dvar": 0.000505101634189,
        "dvar2": 0.00151522806846,
        "max": 1,
        "mean": 0.999747335911,
        "median": 1,
        "min": 0,
        "var": 0.000252605852438
    },
    "silence_rate_60dB": {
        "dmean": 0.0136449774727,
        "dmean2": 0.0272934045643,
        "dvar": 0.0134577266872,
        "dvar2": 0.0333737805486,
        "max": 1,
        "mean": 0.0162961091846,
        "median": 0,
        "min": 0,
        "var": 0.0160319395363
    },
    "spectral_centroid": {
        "dmean": 345.190490723,
        "dmean2": 522.253540039,
        "dvar": 135449.890625,
        "dvar2": 278324.25,
        "max": 10880.5107422,
        "mean": 1859.17443848,
        "median": 1809.8190918,
        "min": 320.722808838,
        "var": 518641.875
    },
    "spectral_complexity": {
        "dmean": 5.21869850159,
        "dmean2": 7.40207242966,
        "dvar": 25.4388122559,
        "dvar2": 44.005241394,
        "max": 55,
        "mean": 22.7060375214,
        "median": 22,
        "min": 0,
        "var": 101.417030334
    },
    "spectral_decrease": {
        "dmean": 2.47858111813e-09,
        "dmean2": 3.69963992775e-09,
        "dvar": 8.54706619079e-18,
        "dvar2": 1.813258154e-17,
        "max": 3.54702881293e-30,
        "mean": -6.05766237172e-09,
        "median": -5.13534725854e-09,
        "min": -3.15583896793e-08,
        "var": 1.82856695103e-17
    },
    "spectral_energy": {
        "dmean": 0.0101022627205,
        "dmean2": 0.0149776563048,
        "dvar": 0.00013466081873,
        "dvar2": 0.000282009452349,
        "max": 0.122593455017,
        "mean": 0.0256300568581,
        "median": 0.0221104733646,
        "min": 1.10059450116e-20,
        "var": 0.000295421865303
    },
    "spectral_energyband_high": {
        "dmean": 0.000974647060502,
        "dmean2": 0.00138866575435,
        "dvar": 2.56325324699e-06,
        "dvar2": 5.00691248817e-06,
        "max": 0.0527861788869,
        "mean": 0.00199180864729,
        "median": 0.00129887775984,
        "min": 8.27600988325e-21,
        "var": 5.85906855122e-06
    },
    "spectral_energyband_low": {
        "dmean": 0.00415658671409,
        "dmean2": 0.00625832611695,
        "dvar": 5.02397087985e-05,
        "dvar2": 0.000101345111034,
        "max": 0.114643834531,
        "mean": 0.00619818689302,
        "median": 0.00244571920484,
        "min": 4.7283312917e-23,
        "var": 9.00773957255e-05
    },
    "spectral_energyband_middle_high": {
        "dmean": 0.00292075588368,
        "dmean2": 0.00428419327363,
        "dvar": 1.60181098181e-05,
        "dvar2": 3.54132098437e-05,
        "max": 0.0841202512383,
        "mean": 0.00801283400506,
        "median": 0.00572885992005,
        "min": 1.46133148019e-21,
        "var": 5.63219873584e-05
    },
    "spectral_energyband_middle_low": {
        "dmean": 0.00703362328932,
        "dmean2": 0.0112487440929,
        "dvar": 0.000106345716631,
        "dvar2": 0.000255855033174,
        "max": 0.104175426066,
        "mean": 0.0103782191873,
        "median": 0.00560819776729,
        "min": 3.75739018239e-22,
        "var": 0.000141708063893
    },
    "spectral_entropy": {
        "dmean": 0.135466471314,
        "dmean2": 0.202673614025,
        "dvar": 0.0190530885011,
        "dvar2": 0.0410970151424,
        "max": 9.80468559265,
        "mean": 7.94647073746,
        "median": 7.94975471497,
        "min": 6.57942152023,
        "var": 0.0693132355809
    },
    "spectral_flux": {
        "dmean": 0.0282142888755,
        "dmean2": 0.0407582968473,
        "dvar": 0.000793053011876,
        "dvar2": 0.001405006391,
        "max": 0.306278765202,
        "mean": 0.104338429868,
        "median": 0.095644697547,
        "min": 1.049092202e-10,
        "var": 0.00223841331899
    },
    "spectral_kurtosis": {
        "dmean": 0.861440479755,
        "dmean2": 1.4210537672,
        "dvar": 0.923510074615,
        "dvar2": 2.61254620552,
        "max": 14.9068775177,
        "mean": 1.80697834492,
        "median": 1.59625482559,
        "min": -1.28046524525,
        "var": 2.19162082672
    },
    "spectral_rms": {
        "dmean": 0.000961707439274,
        "dmean2": 0.00139754300471,
        "dvar": 9.30228168272e-07,
        "dvar2": 1.80987876774e-06,
        "max": 0.0109363328665,
        "mean": 0.00472010718659,
        "median": 0.00464448006824,
        "min": 3.2768137162e-12,
        "var": 2.72547367786e-06
    },
    "spectral_rolloff": {
        "dmean": 893.57421875,
        "dmean2": 1443.76611328,
        "dvar": 1666505,
        "dvar2": 3539321.75,
        "max": 18626.2207031,
        "mean": 2541.81030273,
        "median": 2045.65429688,
        "min": 86.1328125,
        "var": 3914655.75
    },
    "spectral_skewness": {
        "dmean": 0.161449924111,
        "dmean2": 0.254710614681,
        "dvar": 0.0242892671376,
        "dvar2": 0.0562448985875,
        "max": 2.43919491768,
        "mean": 1.06438112259,
        "median": 1.0823148489,
        "min": -1.05515813828,
        "var": 0.0863890722394
    },
    "spectral_spread": {
        "dmean": 522667.21875,
        "dmean2": 753614.0625,
        "dvar": 409128763392,
        "dvar2": 663413784576,
        "max": 40956972,
        "mean": 5214542.5,
        "median": 5151231,
        "min": 2018914,
        "var": 2.0053631959e+12
    },
    "spectral_strongpeak": {
        "dmean": 0.752534747124,
        "dmean2": 1.27270305157,
        "dvar": 1.15966963768,
        "dvar2": 2.88240742683,
        "max": 16.6237716675,
        "mean": 1.25406360626,
        "median": 0.595506310463,
        "min": 0,
        "var": 2.4363284111
    },
    "zerocrossingrate": {
        "dmean": 0.0152678117156,
        "dmean2": 0.0176489539444,
        "dvar": 0.000259691063548,
        "dvar2": 0.000308130664052,
        "max": 0.53173828125,
        "mean": 0.0934599041939,
        "median": 0.08544921875,
        "min": 0.01171875,
        "var": 0.00182591215707
    },
    "barkbands": {
        "dmean": [0.000111508983537, 0.00256240717135, 0.00219525326975, 0.00228145741858, 0.00354253430851, 0.00134986196645, 0.000618413963821, 0.000722625467461, 0.000865644658916, 0.000955350231379, 0.000751901534386, 0.000636628828943, 0.000631385482848, 0.000424245896284, 0.000457803020254, 0.000316341407597, 0.000333372241585, 0.000249133037869, 0.000233323880821, 0.00025421436294, 0.00016633362975, 0.000236688560108, 0.000306502595777, 0.000216467378777, 9.07119538169e-05, 2.60270127228e-07, 1.03315378475e-09],
        "dmean2": [0.000195041298866, 0.00392396980897, 0.0035996993538, 0.00404952047393, 0.00606115721166, 0.00222613732331, 0.00101919739973, 0.00117842061445, 0.00135521427728, 0.00152846821584, 0.00120551290456, 0.000996178714558, 0.00101433403324, 0.000668694323394, 0.000725596561097, 0.000494292355143, 0.000520021363627, 0.000390116911149, 0.000360510050086, 0.000388706743252, 0.000252878322499, 0.000358491815859, 0.000463615375338, 0.000316554418532, 0.000132339861011, 4.4264919552e-07, 1.9109029914e-09],
        "dvar": [2.75878235811e-08, 2.14096617128e-05, 2.79951254925e-05, 2.86153717752e-05, 4.35776892118e-05, 6.50502306598e-06, 2.58717318502e-06, 5.68839550397e-06, 5.16675663675e-06, 5.62822788197e-06, 2.88090586764e-06, 1.92327524928e-06, 1.86959175608e-06, 7.58986175242e-07, 8.6611265715e-07, 4.27298999739e-07, 4.71975283745e-07, 4.4794188625e-07, 2.13929652659e-07, 2.80857904045e-07, 8.06431685874e-08, 2.10472776985e-07, 3.18240807928e-07, 2.64490722657e-07, 3.67667567502e-08, 4.23844824255e-13, 2.90585447263e-18],
        "dvar2": [8.17999747937e-08, 4.72528554383e-05, 6.6458596848e-05, 7.70882470533e-05, 0.000115412134619, 1.6644165953e-05, 6.77194339005e-06, 1.41408127092e-05, 1.21120492622e-05, 1.39907160701e-05, 7.28711847842e-06, 4.61807803731e-06, 4.74149010188e-06, 1.7550779603e-06, 2.11312158171e-06, 1.02859041817e-06, 1.12969291877e-06, 1.0948108411e-06, 4.88681678235e-07, 5.44671877378e-07, 1.88766989595e-07, 4.57757010963e-07, 5.89837327425e-07, 5.63903086004e-07, 7.91842325043e-08, 1.16115765007e-12, 8.43939374481e-18],
        "max": [0.00229516904801, 0.078654974699, 0.0821513682604, 0.0567676350474, 0.0767782628536, 0.0568996481597, 0.0377877652645, 0.0561844855547, 0.0459463521838, 0.039877679199, 0.0364156961441, 0.0258691161871, 0.034991748631, 0.0173634812236, 0.0188169069588, 0.0139227332547, 0.0213068854064, 0.0448546633124, 0.014023787342, 0.0318445712328, 0.010290610604, 0.0206424128264, 0.0285177137703, 0.0259627141058, 0.00747646298259, 1.78033569682e-05, 7.10215815047e-08],
        "mean": [0.000118961157568, 0.00336623121984, 0.00192882004194, 0.00185712857638, 0.00359226297587, 0.00178079458419, 0.000786115415394, 0.000864804140292, 0.00122519093566, 0.00140034244396, 0.00118701742031, 0.000914316857234, 0.000966035819147, 0.000673762639053, 0.000717687828001, 0.000513226026669, 0.000623137457296, 0.000449762679636, 0.000437592272647, 0.000492712715641, 0.000305797701003, 0.000407827115851, 0.00051623606123, 0.000348273693817, 0.000155779955094, 2.4542842425e-07, 8.42976799476e-10],
        "median": [5.40170731256e-05, 0.00116187799722, 0.000357726035872, 0.000369989895262, 0.00114654784556, 0.000759955379181, 0.00034121342469, 0.000234268954955, 0.000280198291875, 0.000290341675282, 0.000279019848676, 0.00027258368209, 0.000312579708407, 0.000201186892809, 0.000228350414545, 0.000226347969146, 0.000246777199209, 0.000245824689046, 0.000235611325479, 0.000290092779323, 0.000193674408365, 0.000249973440077, 0.000307201000396, 0.000175204128027, 7.77257810114e-05, 7.60764038432e-08, 3.54538398639e-10],
        "min": [2.21376947204e-23, 1.11556875352e-23, 2.21110170223e-23, 1.04431725884e-23, 7.08574555038e-23, 8.76826595436e-23, 6.57159819788e-23, 2.76792990069e-23, 8.42688608208e-23, 6.58250972192e-23, 4.24694975022e-23, 7.18063605094e-23, 4.10622169789e-23, 1.41018630818e-22, 9.50821432801e-23, 1.11395755246e-22, 1.92331508348e-22, 2.48808698504e-22, 2.69434116892e-22, 3.61600358898e-22, 6.16026807276e-22, 6.44887706323e-22, 6.5657607534e-22, 8.65904216669e-22, 1.10826813615e-21, 1.63402653667e-21, 2.72312300517e-21],
        "var": [3.11465626623e-08, 3.18920720019e-05, 2.58679683611e-05, 2.11132683035e-05, 4.10341781389e-05, 1.01522909972e-05, 2.60865431301e-06, 6.57545751892e-06, 8.92952630238e-06, 9.14355860004e-06, 6.74439343129e-06, 3.12124188895e-06, 3.35521599482e-06, 1.66895142684e-06, 1.62150377037e-06, 7.52439063945e-07, 1.67090684045e-06, 6.80663333696e-07, 4.11135488321e-07, 8.02059162197e-07, 1.31519627189e-07, 4.13017602341e-07, 6.99725489994e-07, 4.0972588522e-07, 6.30745446983e-08, 3.37725263337e-13, 2.34777225695e-18]
    },
    "erbbands": {
        "dmean": [0.066049836576, 0.619611978531, 2.10035467148, 4.83259677887, 10.1585702896, 13.2284326553, 11.1291017532, 12.195936203, 8.22311592102, 11.8748817444, 16.6757259369, 19.789932251, 22.415851593, 32.5104980469, 25.3446483612, 23.4629878998, 27.2493553162, 20.0475654602, 25.7150878906, 17.7915325165, 16.9029598236, 17.5631523132, 14.1014738083, 11.0663061142, 12.4729442596, 11.8379907608, 7.94989824295, 6.81590366364, 7.67496871948, 8.37832260132, 8.73043060303, 6.45029973984, 2.88652944565, 1.29480564594, 0.524797022343, 0.0359131544828, 0.000930038630031, 6.82218087604e-05, 1.48833214553e-05, 1.4101277884e-05],
        "dmean2": [0.108219057322, 0.932862877846, 3.2350268364, 8.02821063995, 17.8963737488, 23.1151237488, 18.7092132568, 20.1543903351, 13.3088722229, 19.1902503967, 26.9690761566, 30.7081432343, 35.4552993774, 51.5918693542, 39.7975730896, 36.7707099915, 43.6649665833, 30.8832950592, 40.0253829956, 27.6218948364, 26.0815410614, 27.0184288025, 21.7722015381, 16.8647708893, 19.3406143188, 18.0477638245, 12.2235574722, 10.2496109009, 11.7217884064, 12.629655838, 13.2486658096, 9.6222448349, 4.25953722, 1.91805541515, 0.771283626556, 0.0537323467433, 0.00136868224945, 9.82590863714e-05, 2.10049111047e-05, 2.0417088308e-05],
        "dvar": [0.0138108804822, 1.32302260399, 23.5307922363, 120.491722107, 477.206817627, 691.70703125, 528.006896973, 623.271484375, 375.151641846, 1245.97143555, 2785.66479492, 2921.99609375, 3959.57177734, 4837.83349609, 2855.96191406, 2627.28662109, 3669.2644043, 1983.80212402, 2978.94628906, 1373.67480469, 1068.79309082, 1322.04541016, 1743.11157227, 550.416931152, 645.835998535, 569.311279297, 215.660980225, 121.907463074, 220.370529175, 328.552490234, 244.110031128, 160.1171875, 58.9149703979, 9.15271186829, 0.98848503828, 0.00454717129469, 3.03535875901e-06, 1.61055009329e-08, 5.0927062567e-10, 2.45189174519e-10],
        "dvar2": [0.0353456735611, 2.78695392609, 53.321723938, 300.802337646, 1300.73522949, 1863.98962402, 1335.56506348, 1584.63513184, 967.024597168, 3114.80102539, 6896.54589844, 6664.43115234, 9775.52148438, 12048.9980469, 7062.93994141, 6404.84228516, 9461.27636719, 4600.31933594, 6851.54541016, 3335.86303711, 2494.13574219, 3106.4309082, 4385.64648438, 1231.80517578, 1534.52172852, 1082.32885742, 485.387451172, 269.907287598, 480.985534668, 587.325439453, 466.821990967, 350.005340576, 124.498382568, 19.9300022125, 2.07501387596, 0.0098691759631, 6.38562187305e-06, 3.27353575358e-08, 1.00432884231e-09, 4.893098704e-10],
        "max": [1.73077881336, 19.9851398468, 91.6011505127, 151.119293213, 219.657119751, 346.545135498, 469.335266113, 720.762756348, 476.692138672, 1198.90209961, 1066.89660645, 1041.81298828, 1361.07519531, 1225.71008301, 988.724609375, 1234.06713867, 1918.99194336, 1452.09228516, 1084.76672363, 909.26385498, 1068.91235352, 1473.65551758, 2772.9050293, 1251.33581543, 753.393798828, 1449.59802246, 601.017211914, 209.24331665, 620.606445312, 1072.16687012, 779.833007812, 457.475646973, 410.106628418, 111.515861511, 32.9407806396, 1.94577300549, 0.0543912239373, 0.00399117451161, 0.00069978076499, 0.000279779924313],
        "mean": [0.0851971581578, 0.803805232048, 2.12874102592, 4.38053703308, 8.97516822815, 12.6463766098, 13.3200845718, 15.8059282303, 11.3407344818, 15.0266370773, 21.1967105865, 28.3961544037, 32.6283531189, 52.9950294495, 44.8659515381, 36.4922599792, 43.6129989624, 35.1691894531, 42.9769668579, 30.7305221558, 30.407787323, 34.7189445496, 26.4655265808, 21.9643764496, 23.7757854462, 23.2416782379, 15.1817445755, 11.9931688309, 13.0164890289, 14.8660707474, 14.6205434799, 9.99966430664, 4.68331289291, 2.20659279823, 0.852886855602, 0.0534326769412, 0.00149103498552, 0.000121153156215, 3.45075677615e-05, 3.71763962903e-05],
        "median": [0.0283241011202, 0.27006071806, 0.527824163437, 1.01066935062, 2.19160985947, 3.72587919235, 4.74558162689, 6.4752612114, 5.42588424683, 5.85600185394, 6.24750232697, 6.71981239319, 9.73365974426, 14.8432302475, 15.1887903214, 12.6765556335, 15.509645462, 12.4286708832, 12.9163627625, 12.1436367035, 15.0985126495, 14.7198848724, 14.0220689774, 12.4833030701, 12.9808483124, 13.4644699097, 9.82048034668, 7.29848766327, 7.96402978897, 8.9774723053, 8.63080501556, 5.22742652893, 2.26293087006, 1.07585668564, 0.422840356827, 0.0247150063515, 0.000737834663596, 6.6518150561e-05, 2.63094843831e-05, 3.30752518494e-05],
        "min": [7.93528437425e-22, 1.17660111054e-21, 1.53823233725e-20, 3.82922488131e-20, 2.06973707828e-19, 1.64206789949e-19, 4.07722493806e-19, 7.93568748747e-19, 1.17821021513e-18, 6.4899179484e-19, 8.68982908591e-19, 1.74290822134e-18, 2.24296102871e-18, 1.62860085628e-18, 2.26980593472e-18, 2.87124957849e-18, 2.14320780313e-18, 6.30838747611e-18, 5.11160436789e-18, 4.90415367412e-18, 8.13678129824e-18, 1.14738545368e-17, 1.12297816621e-17, 1.81826722892e-17, 1.24821661968e-17, 1.72352675921e-17, 2.59537479396e-17, 2.0330347488e-17, 2.14482126027e-17, 2.18137635677e-17, 1.89935061585e-17, 1.40815091578e-17, 1.64723390608e-17, 1.28947878746e-17, 7.79209761853e-18, 5.89378759589e-18, 3.38911716792e-18, 1.38903487522e-18, 4.0099136327e-19, 3.94907979778e-20],
        "var": [0.0207737646997, 1.94214653969, 25.4469528198, 104.8022995, 367.326477051, 615.15826416, 814.559570312, 960.29119873, 439.022857666, 1365.52294922, 3128.97949219, 5243.72802734, 5769.26025391, 9228.37402344, 6942.63574219, 4193.04345703, 6269.67041016, 4197.75048828, 6515.92724609, 2721.22949219, 2021.43151855, 5420.21191406, 2461.56103516, 1150.27539062, 1183.73217773, 1806.0234375, 448.269226074, 211.141952515, 431.293884277, 756.105529785, 522.903808594, 255.179321289, 88.1512451172, 14.8643264771, 1.69480538368, 0.00700891017914, 5.05162370246e-06, 2.91268609232e-08, 1.01032615607e-09, 5.57809520796e-10]
    },
    "gfcc": {
        "mean": [16.4928569794, 78.4390563965, -143.752593994, 55.4984855652, -83.0500411987, 31.0193386078, -45.3838806152, 6.99729394913, -21.6513748169, -8.21561717987, -3.28843688965, -7.90039587021, 2.51836037636],
        "cov": [[2445.35253906, -189.668136597, 122.481903076, 88.600730896, -13.3548545837, 221.522842407, -104.152908325, 16.1263656616, -157.048751831, -6.34932279587, -102.953369141, -48.3813095093, -54.8488121033], [-189.668136597, 724.283996582, 110.394821167, -13.2915935516, 132.101776123, -65.1027603149, 107.049407959, -12.8140640259, 39.0356445312, -74.0289230347, 52.9883728027, -39.4091796875, 30.0336799622], [122.481903076, 110.394821167, 1006.94335938, 411.173217773, -39.2216110229, 127.531845093, -71.3293991089, 71.3250961304, -24.1914653778, 73.8234939575, -1.43082284927, 13.9212770462, -33.1228485107], [88.600730896, -13.2915935516, 411.173217773, 443.809844971, 135.55632019, 30.6971111298, -26.3090267181, 56.4480934143, 39.0264205933, 49.4743881226, 2.84161138535, -6.40121173859, 0.526647984982], [-13.3548545837, 132.101776123, -39.2216110229, 135.55632019, 252.226669312, 55.5100479126, 58.8671684265, 44.580947876, 38.7659835815, 15.4665060043, 17.4429092407, -22.0261917114, 20.2871341705], [221.522842407, -65.1027603149, 127.531845093, 30.6971111298, 55.5100479126, 279.7081604, 125.703941345, 42.6241493225, -31.2896499634, 34.5695419312, 20.2128582001, 13.0338382721, -16.7260131836], [-104.152908325, 107.049407959, -71.3293991089, -26.3090267181, 58.8671684265, 125.703941345, 256.132751465, 66.7410049438, 2.2236571312, -23.2476921082, 46.8148612976, 12.8712358475, 9.85835647583], [16.1263656616, -12.8140640259, 71.3250961304, 56.4480934143, 44.580947876, 42.6241493225, 66.7410049438, 137.597335815, 44.8545913696, 23.7646694183, 6.50906705856, 10.0773334503, 11.3434209824], [-157.048751831, 39.0356445312, -24.1914653778, 39.0264205933, 38.7659835815, -31.2896499634, 2.2236571312, 44.8545913696, 140.831512451, 33.0254974365, 8.93906784058, -2.22307944298, 11.2321815491], [-6.34932279587, -74.0289230347, 73.8234939575, 49.4743881226, 15.4665060043, 34.5695419312, -23.2476921082, 23.7646694183, 33.0254974365, 114.920440674, 35.9915924072, 9.44314098358, 1.29167366028], [-102.953369141, 52.9883728027, -1.43082284927, 2.84161138535, 17.4429092407, 20.2128582001, 46.8148612976, 6.50906705856, 8.93906784058, 35.9915924072, 92.9239578247, 37.1628379822, 11.0975456238], [-48.3813095093, -39.4091796875, 13.9212770462, -6.40121173859, -22.0261917114, 13.0338382721, 12.8712358475, 10.0773334503, -2.22307944298, 9.44314098358, 37.1628379822, 78.3879699707, 32.2479782104], [-54.8488121033, 30.0336799622, -33.1228485107, 0.526647984982, 20.2871341705, -16.7260131836, 9.85835647583, 11.3434209824, 11.2321815491, 1.29167366028, 11.0975456238, 32.2479782104, 76.7506713867]],
        "icov": [[0.000635222590063, -0.000588765775319, 0.000776564178523, -0.000942228420172, 0.000952058413532, -0.00135060935281, 0.00114951224532, -0.000917677825782, 0.00096543924883, -0.000221374124521, 0.000669580476824, -6.8859764724e-05, 0.000262493442278], [-0.000588765775319, 0.00557870278135, -0.00471003260463, 0.00540265953168, -0.00625558011234, 0.00499658053741, -0.00417688023299, 0.00380086153746, -0.00320641649887, 0.00406581675634, -0.00472209276631, 0.00404355069622, -0.00257174787112], [0.000776564178523, -0.00471003260463, 0.00667913816869, -0.00752075389028, 0.00758222024888, -0.00615408876911, 0.00500507000834, -0.00467738183215, 0.00365895358846, -0.0031140211504, 0.00328987534158, -0.00275567942299, 0.00223433622159], [-0.000942228420172, 0.00540265953168, -0.00752075389028, 0.0115154115483, -0.0102994507179, 0.00691000558436, -0.00481463316828, 0.00433380808681, -0.00421860534698, 0.00287467497401, -0.00356442318298, 0.0026149651967, -0.00192034640349], [0.000952058413532, -0.00625558011234, 0.00758222024888, -0.0102994507179, 0.0151750594378, -0.00851607788354, 0.00547810550779, -0.00596360396594, 0.00331644690596, -0.00334880012088, 0.00267907464877, 5.29052995262e-05, -5.67065471841e-05], [-0.00135060935281, 0.00499658053741, -0.00615408876911, 0.00691000558436, -0.00851607788354, 0.0128117585555, -0.00903714820743, 0.00488195428625, -0.00190460623708, -0.000462737400085, -0.00138624897227, 0.000224268078455, 0.000251295103226], [0.00114951224532, -0.00417688023299, 0.00500507000834, -0.00481463316828, 0.00547810550779, -0.00903714820743, 0.0127257294953, -0.00755298882723, 0.00289070326835, 0.00221719988622, -0.00222068256699, -0.000142133998452, 0.000633747433312], [-0.000917677825782, 0.00380086153746, -0.00467738183215, 0.00433380808681, -0.00596360396594, 0.00488195428625, -0.00755298882723, 0.0144792338833, -0.00569905946031, -7.94364095782e-05, 0.000303896813421, -9.90408079815e-05, -0.00188799761236], [0.00096543924883, -0.00320641649887, 0.00365895358846, -0.00421860534698, 0.00331644690596, -0.00190460623708, 0.00289070326835, -0.00569905946031, 0.0121526820585, -0.00499015580863, 0.00303616630845, -0.00150357862003, 0.0012302150717], [-0.000221374124521, 0.00406581675634, -0.0031140211504, 0.00287467497401, -0.00334880012088, -0.000462737400085, 0.00221719988622, -7.94364095782e-05, -0.00499015580863, 0.0176959950477, -0.0114407511428, 0.0058511425741, -0.00297329225577], [0.000669580476824, -0.00472209276631, 0.00328987534158, -0.00356442318298, 0.00267907464877, -0.00138624897227, -0.00222068256699, 0.000303896813421, 0.00303616630845, -0.0114407511428, 0.0242345314473, -0.0135906692594, 0.00495507521555], [-6.8859764724e-05, 0.00404355069622, -0.00275567942299, 0.0026149651967, 5.29052995262e-05, 0.000224268078455, -0.000142133998452, -9.90408079815e-05, -0.00150357862003, 0.0058511425741, -0.0135906692594, 0.0259218029678, -0.0115756932646], [0.000262493442278, -0.00257174787112, 0.00223433622159, -0.00192034640349, -5.67065471841e-05, 0.000251295103226, 0.000633747433312, -0.00188799761236, 0.0012302150717, -0.00297329225577, 0.00495507521555, -0.0115756932646, 0.0194852203131]]
    },
    "melbands": {
        "dmean": [0.000645347987302, 0.000914498232305, 0.000981810851954, 0.000819704902824, 0.000433471257566, 0.000259689346422, 0.000127339342725, 0.00013551581651, 0.000141812546644, 0.000122883633594, 0.000117892457638, 0.000138157978654, 9.86644954537e-05, 7.00669042999e-05, 6.76619383739e-05, 5.67277456867e-05, 3.66165513697e-05, 4.50513143733e-05, 2.67907653324e-05, 2.19307512452e-05, 2.1518801077e-05, 1.92906754819e-05, 1.65992805705e-05, 1.20889508253e-05, 9.32184866542e-06, 1.03272213892e-05, 9.28327881411e-06, 8.26207269711e-06, 5.58011333851e-06, 4.57229407402e-06, 4.31447551819e-06, 4.62695061287e-06, 4.63854939881e-06, 4.8298566071e-06, 4.82330096929e-06, 6.23522510068e-06, 3.3270662243e-06, 2.23819893108e-06, 1.5281711967e-06, 1.00204260889e-06],
        "dmean2": [0.00100987986661, 0.00134649837855, 0.00162839563563, 0.00141937867738, 0.000733861757908, 0.000427822233178, 0.000206237338716, 0.00021752914472, 0.000229261990171, 0.000191380284377, 0.000187482888578, 0.00021934430697, 0.00015683658421, 0.000108333631943, 0.000109664179035, 9.01630919543e-05, 5.69336189074e-05, 7.06385399099e-05, 4.22251687269e-05, 3.43973224517e-05, 3.32900053763e-05, 2.99419625662e-05, 2.61631903413e-05, 1.90677401406e-05, 1.43929801197e-05, 1.63002914633e-05, 1.45872418216e-05, 1.26912746055e-05, 8.75081877894e-06, 7.1202421168e-06, 6.67791937303e-06, 7.26380176275e-06, 7.1344038588e-06, 7.37020991437e-06, 7.36490073905e-06, 9.63452112046e-06, 4.989046829e-06, 3.36627863362e-06, 2.28562612392e-06, 1.5108697653e-06],
        "dvar": [1.2926141153e-06, 3.47079458152e-06, 4.35712127e-06, 2.6093514407e-06, 7.18079434137e-07, 2.63519979171e-07, 9.08595580995e-08, 1.63692973842e-07, 1.7654083706e-07, 1.11934717495e-07, 1.05200335554e-07, 9.30917352093e-08, 4.76090740165e-08, 2.51626293135e-08, 2.12639452712e-08, 1.70078102713e-08, 6.7018799399e-09, 9.50129663835e-09, 2.49107667827e-09, 2.49260811991e-09, 2.03413685895e-09, 1.61399216214e-09, 1.30929511677e-09, 1.36822286834e-09, 4.48914794227e-10, 4.26473217852e-10, 4.68971861345e-10, 3.18570919644e-10, 1.39097830476e-10, 5.90819129731e-11, 5.18922925463e-11, 7.3801811884e-11, 1.08587444592e-10, 1.1582730608e-10, 8.66016702794e-11, 1.14403812812e-10, 6.22093210279e-11, 3.96298931171e-11, 1.33616780834e-11, 5.35677188371e-12],
        "dvar2": [3.0134433473e-06, 7.09433561497e-06, 1.09176262413e-05, 6.95493645253e-06, 1.85644341855e-06, 6.69819939958e-07, 2.35327888731e-07, 4.04841728141e-07, 4.39410399622e-07, 2.55894860857e-07, 2.59476394149e-07, 2.3377911873e-07, 1.22368106759e-07, 6.02659753213e-08, 5.36949791297e-08, 4.17870573699e-08, 1.55129455948e-08, 2.1554869889e-08, 6.05101346807e-09, 6.01233551834e-09, 4.7819801452e-09, 3.80957132506e-09, 3.34890604137e-09, 3.34047656203e-09, 1.00902775024e-09, 1.0291347774e-09, 1.09625997169e-09, 5.84692849692e-10, 2.97978974828e-10, 1.38232675306e-10, 1.1957247692e-10, 1.67738226087e-10, 2.31553026753e-10, 2.08621217523e-10, 1.65532448859e-10, 2.53297549602e-10, 1.40007103133e-10, 8.34732977184e-11, 2.9969509513e-11, 1.19406420515e-11],
        "max": [0.0171718206257, 0.0357273221016, 0.0217088609934, 0.0190418586135, 0.0164309516549, 0.0140188839287, 0.00686288252473, 0.0116363959387, 0.00864988286048, 0.00685412064195, 0.00693402718753, 0.00574217829853, 0.00352921755984, 0.002997063566, 0.00288071483374, 0.00338824396022, 0.00247285375372, 0.00211922894232, 0.000984211685136, 0.00134810176678, 0.00175772095099, 0.00161407003179, 0.00134562782478, 0.00253973179497, 0.00110204063822, 0.000420994125307, 0.00079007493332, 0.00132309237961, 0.000645011372399, 0.000248113326961, 0.000147182625369, 0.000295244448353, 0.000568616087548, 0.000678458251059, 0.000528435106389, 0.000284551177174, 0.000365925166989, 0.00033656868618, 0.0001523457031, 8.87785863597e-05],
        "mean": [0.000872499716934, 0.00112185603939, 0.000916633580346, 0.000782631221227, 0.000502714712638, 0.000340637401678, 0.000174306318513, 0.000171506340848, 0.00018166207883, 0.00017315254081, 0.000165912075317, 0.000218429093366, 0.000165138189914, 0.000105390492536, 0.000100204393675, 8.7180029368e-05, 6.00854764343e-05, 7.18852388673e-05, 4.35640540672e-05, 3.61613019777e-05, 3.56039381586e-05, 3.62451428373e-05, 2.88187093247e-05, 2.14251031139e-05, 1.68472288351e-05, 1.7914622731e-05, 1.65805195138e-05, 1.5147204067e-05, 9.88069859886e-06, 7.6682154031e-06, 6.83259167999e-06, 7.27364931663e-06, 7.90010017226e-06, 8.16878582555e-06, 7.98866585683e-06, 8.94601726031e-06, 5.04530817125e-06, 3.43267015523e-06, 2.46606759902e-06, 1.63603283454e-06],
        "median": [0.000302977336105, 0.000360477133654, 0.00021765139536, 0.000235008774325, 0.000180368646397, 0.000142491073348, 8.39671265567e-05, 6.22081861366e-05, 4.83515577798e-05, 3.92509828089e-05, 4.2162828322e-05, 5.61710621696e-05, 4.49737199233e-05, 3.19149185088e-05, 3.15352699545e-05, 2.85603455268e-05, 1.7638089048e-05, 1.84904947673e-05, 1.62903706951e-05, 1.36466969707e-05, 1.67522030097e-05, 1.38983195939e-05, 1.24625785247e-05, 1.1479942259e-05, 9.03113505046e-06, 9.12949872145e-06, 8.77466936799e-06, 8.36859817355e-06, 6.27235385764e-06, 4.53796565125e-06, 3.95028109779e-06, 4.28451494372e-06, 4.80945391246e-06, 4.85962846142e-06, 4.68920597996e-06, 4.62924390376e-06, 2.427039135e-06, 1.54473354996e-06, 1.16278192763e-06, 7.92656408066e-07],
        "min": [6.01492753494e-24, 6.20893406952e-24, 1.10528563608e-23, 1.55584780195e-23, 1.13304628242e-23, 1.77011394117e-23, 1.65752013971e-23, 6.12581810682e-24, 8.42275465974e-24, 1.16633195277e-23, 1.09763999619e-23, 6.37076493992e-24, 6.82035728019e-24, 8.5081354421e-24, 4.70920180918e-24, 6.21380922991e-24, 1.24696608018e-23, 8.4607107022e-24, 7.45765512855e-24, 6.23024988004e-24, 1.0049648537e-23, 1.32602327463e-23, 7.19650903676e-24, 1.30178307785e-23, 1.52636980541e-23, 8.09757278398e-24, 1.16768287707e-23, 1.06372907468e-23, 1.34161558374e-23, 1.85709721557e-23, 1.00581051259e-23, 1.22972252742e-23, 1.29841677171e-23, 1.16774085835e-23, 1.22237105376e-23, 7.82795827037e-24, 8.90666166053e-24, 1.24885461318e-23, 9.56339151957e-24, 1.13731985749e-23],
        "var": [2.02354635803e-06, 4.86597264171e-06, 3.90288550989e-06, 2.23336041927e-06, 9.8790735592e-07, 4.12600570598e-07, 1.02736002816e-07, 1.9239196547e-07, 2.07822296261e-07, 1.92750775341e-07, 1.55687359893e-07, 1.69495351088e-07, 1.15253449451e-07, 4.40326139994e-08, 3.57030636167e-08, 2.89781656448e-08, 1.37699878167e-08, 2.11754827006e-08, 4.66708804936e-09, 4.80275064163e-09, 3.38768457731e-09, 5.98913363348e-09, 3.30587690556e-09, 2.01155159196e-09, 8.16317347052e-10, 7.34240612754e-10, 7.81780140624e-10, 1.08549380595e-09, 2.9707253324e-10, 9.19735190785e-11, 7.98323074314e-11, 1.29742452892e-10, 2.13386100456e-10, 2.54864518379e-10, 1.84188053698e-10, 1.77140552227e-10, 8.95220703123e-11, 5.71067533539e-11, 2.03493697587e-11, 8.31785508526e-12]
    },
    "mfcc": {
        "mean": [-603.505493164, 81.7828826904, 2.96245288849, 15.0978460312, -0.925397872925, 7.59437656403, -1.90918910503, 6.74948406219, -6.90911102295, 0.613545656204, -6.25176715851, -0.276292234659, -0.51561832428],
        "cov": [[2024.8651123, -218.058563232, -50.5732917786, -120.323532104, 72.6667938232, 89.9448394775, 74.6926803589, 6.62007379532, -24.0800571442, 13.8270025253, -30.7785224915, -114.032623291, -59.4881782532], [-218.058563232, 683.077819824, -43.9268951416, 6.15569162369, -13.6667747498, -29.2744636536, 51.38073349, 41.4859237671, 5.35882425308, -23.3871688843, 8.18849945068, 2.00067019463, -3.10801410675], [-50.5732917786, -43.9268951416, 967.624084473, 222.122055054, 146.928039551, 71.2347640991, 46.8259124756, -11.0514345169, 13.2235622406, -14.4809808731, -1.75471949577, 99.9024505615, 17.2138786316], [-120.323532104, 6.15569162369, 222.122055054, 400.558624268, 184.23727417, -5.9050989151, -14.1923007965, -9.09839820862, 47.5691833496, 28.9712715149, -12.9865446091, 45.539150238, 33.8478355408], [72.6667938232, -13.6667747498, 146.928039551, 184.23727417, 260.705383301, 45.1458435059, -8.79650306702, -28.6232433319, 43.3702125549, 43.3767738342, -1.35047078133, 17.1851787567, 26.2651538849], [89.9448394775, -29.2744636536, 71.2347640991, -5.9050989151, 45.1458435059, 182.375656128, 102.728660583, 35.926864624, 5.43799257278, 28.6495132446, 23.4600162506, 2.35033392906, 11.2538709641], [74.6926803589, 51.38073349, 46.8259124756, -14.1923007965, -8.79650306702, 102.728660583, 248.177749634, 95.898727417, 17.1402835846, 20.960849762, 30.6459350586, 0.847834289074, 17.7595100403], [6.62007379532, 41.4859237671, -11.0514345169, -9.09839820862, -28.6232433319, 35.926864624, 95.898727417, 158.337142944, 47.7251396179, 14.2208242416, 21.4002819061, 11.990981102, -2.67431426048], [-24.0800571442, 5.35882425308, 13.2235622406, 47.5691833496, 43.3702125549, 5.43799257278, 17.1402835846, 47.7251396179, 116.781768799, 43.6043357849, 8.89022827148, 8.63609409332, 9.76459026337], [13.8270025253, -23.3871688843, -14.4809808731, 28.9712715149, 43.3767738342, 28.6495132446, 20.960849762, 14.2208242416, 43.6043357849, 114.030670166, 39.805770874, -1.78470945358, 17.7580871582], [-30.7785224915, 8.18849945068, -1.75471949577, -12.9865446091, -1.35047078133, 23.4600162506, 30.6459350586, 21.4002819061, 8.89022827148, 39.805770874, 85.6973342896, 30.3102054596, 8.12968444824], [-114.032623291, 2.00067019463, 99.9024505615, 45.539150238, 17.1851787567, 2.35033392906, 0.847834289074, 11.990981102, 8.63609409332, -1.78470945358, 30.3102054596, 94.3134918213, 29.3094768524], [-59.4881782532, -3.10801410675, 17.2138786316, 33.8478355408, 26.2651538849, 11.2538709641, 17.7595100403, -2.67431426048, 9.76459026337, 17.7580871582, 8.12968444824, 29.3094768524, 81.9833755493]],
