{
"lowlevel": {
    "average_loudness": 0.866305589676,
    "barkbands_crest": {
        "dmean": 2.37501454353,
        "dmean2": 3.84470319748,
        "dvar": 4.90249013901,
        "dvar2": 11.959561348,
        "max": 25.9104347229,
        "mean": 9.14901256561,
        "median": 8.35976886749,
        "min": 2.02003407478,
        "var": 15.4157991409
    },
    "barkbands_flatness_db": {
        "dmean": 0.0221530143172,
        "dmean2": 0.0316981710494,
        "dvar": 0.00045606441563,
        "dvar2": 0.000879950181115,
        "max": 0.375529140234,
        "mean": 0.149284332991,
        "median": 0.143004715443,
        "min": 0.0373001769185,
        "var": 0.00239518820308
    },
    "barkbands_kurtosis": {
        "dmean": 2.5902864933,
        "dmean2": 4.01748085022,
        "dvar": 36.2590675354,
        "dvar2": 80.8177871704,
        "max": 161.858337402,
        "mean": 3.16781783104,
        "median": 0.247567892075,
        "min": -1.95883309841,
        "var": 88.7213516235
    },
    "barkbands_skewness": {
        "dmean": 0.540341973305,
        "dmean2": 0.794046878815,
        "dvar": 0.418831110001,
        "dvar2": 0.833402991295,
        "max": 10.0389118195,
        "mean": 1.16201305389,
        "median": 0.938929796219,
        "min": -5.21475362778,
        "var": 1.95788252354
    },
    "barkbands_spread": {
        "dmean": 7.41109704971,
        "dmean2": 11.2267465591,
        "dvar": 89.8385925293,
        "dvar2": 185.128952026,
        "max": 136.951156616,
        "mean": 29.5372257233,
        "median": 27.1664505005,
        "min": 0.836820840836,
        "var": 316.400817871
    },
    "dissonance": {
        "dmean": 0.0174590144306,
        "dmean2": 0.0289902761579,
        "dvar": 0.000314148579491,
        "dvar2": 0.000803292670753,
        "max": 0.5,
        "mean": 0.467019230127,
        "median": 0.473919779062,
        "min": 0.210545182228,
        "var": 0.000765632954426
    },
    "dynamic_complexity": 3.3412156105,
    "erbbands_crest": {
        "dmean": 2.70391273499,
        "dmean2": 4.40175533295,
        "dvar": 6.80803632736,
        "dvar2": 16.1898937225,
        "max": 29.3141613007,
        "mean": 9.20988750458,
        "median": 8.1672077179,
        "min": 2.2803208828,
        "var": 19.7235660553
    },
    "erbbands_flatness_db": {
        "dmean": 0.0199611522257,
        "dmean2": 0.0280694011599,
        "dvar": 0.000387465639506,
        "dvar2": 0.000733948952984,
        "max": 0.380985796452,
        "mean": 0.175375148654,
        "median": 0.168686926365,
        "min": 0.0523962005973,
        "var": 0.00259446259588
    },
    "erbbands_kurtosis": {
        "dmean": 1.06942737103,
        "dmean2": 1.67246413231,
        "dvar": 3.6750099659,
        "dvar2": 7.87070655823,
        "max": 58.0055541992,
        "mean": 0.549000799656,
        "median": -0.187818050385,
        "min": -1.90640485287,
        "var": 8.28334236145
    },
    "erbbands_skewness": {
        "dmean": 0.414353787899,
        "dmean2": 0.617649495602,
        "dvar": 0.204566448927,
        "dvar2": 0.409036695957,
        "max": 4.98498630524,
        "mean": 0.0701590105891,
        "median": 0.053205858916,
        "min": -5.98181295395,
        "var": 0.861806213856
    },
    "erbbands_spread": {
        "dmean": 9.33966636658,
        "dmean2": 14.1938924789,
        "dvar": 128.857650757,
        "dvar2": 287.545227051,
        "max": 178.306640625,
        "mean": 42.2288017273,
        "median": 38.4046287537,
        "min": 3.72193169594,
        "var": 484.8097229
    },
    "hfc": {
        "dmean": 9.32719898224,
        "dmean2": 13.574924469,
        "dvar": 222.482040405,
        "dvar2": 449.375915527,
        "max": 340.923248291,
        "mean": 26.6010951996,
        "median": 21.691450119,
        "min": 1.13245737479e-16,
        "var": 668.967529297
    },
    "melbands_crest": {
        "dmean": 3.12135267258,
        "dmean2": 5.02510881424,
        "dvar": 8.39947128296,
        "dvar2": 20.504699707,
        "max": 33.661819458,
        "mean": 13.2903795242,
        "median": 12.5714635849,
        "min": 1.00057864189,
        "var": 27.2992095947
    },
    "melbands_flatness_db": {
        "dmean": 0.0268325284123,
        "dmean2": 0.0380334965885,
        "dvar": 0.000760816095863,
        "dvar2": 0.00140268309042,
        "max": 0.489945352077,
        "mean": 0.176755800843,
        "median": 0.165815293789,
        "min": -9.49151583995e-08,
        "var": 0.00493831094354
    },
    "melbands_kurtosis": {
        "dmean": 7.26989889145,
        "dmean2": 11.3368492126,
        "dvar": 285.684875488,
        "dvar2": 683.360778809,
        "max": 374.776275635,
        "mean": 13.3850402832,
        "median": 5.01290988922,
        "min": -1.92891538143,
        "var": 721.442810059
    },
    "melbands_skewness": {
        "dmean": 0.742935061455,
        "dmean2": 1.10956168175,
        "dvar": 0.826608657837,
        "dvar2": 1.77782905102,
        "max": 15.7714662552,
        "mean": 2.48631834984,
        "median": 2.04958176613,
        "min": -2.46826720238,
        "var": 3.82839274406
    },
    "melbands_spread": {
        "dmean": 10.2548418045,
        "dmean2": 15.4499139786,
        "dvar": 242.33430481,
        "dvar2": 471.94152832,
        "max": 269.592315674,
        "mean": 35.077835083,
        "median": 29.6401081085,
        "min": 0.714675843716,
        "var": 807.624755859
    },
    "pitch_salience": {
        "dmean": 0.0668040663004,
        "dmean2": 0.106469117105,
        "dvar": 0.00372278876603,
        "dvar2": 0.00875774770975,
        "max": 0.997745215893,
        "mean": 0.55515307188,
        "median": 0.548251748085,
        "min": 0.103701353073,
        "var": 0.0148603664711
    },
    "silence_rate_20dB": {
        "dmean": 0,
        "dmean2": 0,
        "dvar": 0,
        "dvar2": 0,
        "max": 1,
        "mean": 1,
        "median": 1,
        "min": 1,
        "var": 0
    },
    "silence_rate_30dB": {
        "dmean": 0.000816326530185,
        "dmean2": 0.00163281965069,
        "dvar": 0.000815512263216,
        "dvar2": 0.00244597159326,
        "max": 1,
        "mean": 0.999591886997,
        "median": 1,
        "min": 0,
        "var": 0.000408010469982
    },
    "silence_rate_60dB": {
        "dmean": 0.0291836727411,
        "dmean2": 0.0583733022213,
        "dvar": 0.0283343531191,
        "dvar2": 0.0643620342016,
        "max": 1,
        "mean": 0.0760126486421,
        "median": 0,
        "min": 0,
        "var": 0.0702361762524
    },
    "spectral_centroid": {
        "dmean": 316.769470215,
        "dmean2": 469.714355469,
        "dvar": 151161.734375,
        "dvar2": 277807.3125,
        "max": 11493.0097656,
        "mean": 1776.93640137,
        "median": 1751.86914062,
        "min": 175.859939575,
        "var": 833476.4375
    },
    "spectral_complexity": {
        "dmean": 4.28040838242,
        "dmean2": 6.30227565765,
        "dvar": 27.0277233124,
        "dvar2": 54.1690788269,
        "max": 60,
        "mean": 18.186000824,
        "median": 17,
        "min": 0,
        "var": 119.463577271
    },
    "spectral_decrease": {
        "dmean": 1.74511016748e-09,
        "dmean2": 2.68264210845e-09,
        "dvar": 5.63882819723e-18,
        "dvar2": 1.27639121852e-17,
        "max": 1.12346703856e-28,
        "mean": -5.5312456837e-09,
        "median": -5.00121899449e-09,
        "min": -2.97197590982e-08,
        "var": 1.74060605362e-17
    },
    "spectral_energy": {
        "dmean": 0.00717376964167,
        "dmean2": 0.0110050309449,
        "dvar": 9.34811905609e-05,
        "dvar2": 0.000211962120375,
        "max": 0.119008518755,
        "mean": 0.0232889968902,
        "median": 0.0212910808623,
        "min": 1.01067988779e-20,
        "var": 0.000290665484499
    },
    "spectral_energyband_high": {
        "dmean": 0.000703458150383,
        "dmean2": 0.00102399801835,
        "dvar": 2.61025115833e-06,
        "dvar2": 4.78388119518e-06,
        "max": 0.0572042539716,
        "mean": 0.0015802460257,
        "median": 0.000789842568338,
        "min": 7.32376586287e-21,
        "var": 7.44475164538e-06
    },
    "spectral_energyband_low": {
        "dmean": 0.00304181012325,
        "dmean2": 0.00481113931164,
        "dvar": 3.35505828843e-05,
        "dvar2": 7.99685658421e-05,
        "max": 0.0848440080881,
        "mean": 0.00735115632415,
        "median": 0.00358723220415,
        "min": 9.53776300648e-24,
        "var": 8.94558106665e-05
    },
    "spectral_energyband_middle_high": {
        "dmean": 0.002582896268,
        "dmean2": 0.00387779949233,
        "dvar": 1.89108013728e-05,
        "dvar2": 4.26564220106e-05,
        "max": 0.0851063430309,
        "mean": 0.00673263659701,
        "median": 0.00356576708145,
        "min": 1.24519661783e-21,
        "var": 6.14950840827e-05
    },
    "spectral_energyband_middle_low": {
        "dmean": 0.00372788845561,
        "dmean2": 0.00577758578584,
        "dvar": 3.49994697899e-05,
        "dvar2": 7.6137301221e-05,
        "max": 0.104627899826,
        "mean": 0.00836295355111,
        "median": 0.00590094691142,
        "min": 1.63748692236e-22,
        "var": 7.47937010601e-05
    },
    "spectral_entropy": {
        "dmean": 0.170573204756,
        "dmean2": 0.239456266165,
        "dvar": 0.0330365337431,
        "dvar2": 0.0611146278679,
        "max": 9.81852912903,
        "mean": 7.64266872406,
        "median": 7.65731525421,
        "min": 5.82235050201,
        "var": 0.185398921371
    },
    "spectral_flux": {
        "dmean": 0.0228713266551,
        "dmean2": 0.0349294990301,
        "dvar": 0.000661411846522,
        "dvar2": 0.00140250904951,
        "max": 0.298012584448,
        "mean": 0.0819576978683,
        "median": 0.0766267254949,
        "min": 6.44953118689e-11,
        "var": 0.00200431188568
    },
    "spectral_kurtosis": {
        "dmean": 1.38836848736,
        "dmean2": 2.33024215698,
        "dvar": 3.60488438606,
        "dvar2": 10.4771642685,
        "max": 36.5768623352,
        "mean": 2.78309512138,
        "median": 2.33117485046,
        "min": -1.61446046829,
        "var": 6.34433078766
    },
    "spectral_rms": {
        "dmean": 0.000715131638572,
        "dmean2": 0.00105916243047,
        "dvar": 6.98115570685e-07,
        "dvar2": 1.39955079703e-06,
        "max": 0.0107752438635,
        "mean": 0.00439152214676,
        "median": 0.00455760769546,
        "min": 3.14011013372e-12,
        "var": 3.43538476955e-06
    },
    "spectral_rolloff": {
        "dmean": 722.768066406,
        "dmean2": 1171.06420898,
        "dvar": 1580159,
        "dvar2": 3138664.5,
        "max": 19509.0820312,
        "mean": 2386.44482422,
        "median": 1894.921875,
        "min": 64.599609375,
        "var": 5407476.5
    },
    "spectral_skewness": {
        "dmean": 0.224437683821,
        "dmean2": 0.351256340742,
        "dvar": 0.059841170907,
        "dvar2": 0.142699688673,
        "max": 4.21767425537,
        "mean": 1.19544959068,
        "median": 1.2015235424,
        "min": -1.10787558556,
        "var": 0.199565529823
    },
    "spectral_spread": {
        "dmean": 681993.75,
        "dmean2": 945317.8125,
        "dvar": 1.06911105024e+12,
        "dvar2": 1.91403104666e+12,
        "max": 41822148,
        "mean": 4970090,
        "median": 4493509,
        "min": 1346919.875,
        "var": 7.79198660608e+12
    },
    "spectral_strongpeak": {
        "dmean": 0.664132297039,
        "dmean2": 1.12441265583,
        "dvar": 1.27261388302,
        "dvar2": 3.1240644455,
        "max": 14.5282030106,
        "mean": 1.10022246838,
        "median": 0.430040806532,
        "min": 0,
        "var": 2.21825289726
    },
    "zerocrossingrate": {
        "dmean": 0.0146211832762,
        "dmean2": 0.0158441010863,
        "dvar": 0.000370849651517,
        "dvar2": 0.000354484276613,
        "max": 0.673828125,
        "mean": 0.0842047259212,
        "median": 0.072265625,
        "min": 0.00341796875,
        "var": 0.00326763396151
    },
    "barkbands": {
        "dmean": [0.000126361555886, 0.0019786930643, 0.00134006713051, 0.000653902650811, 0.000943132443354, 0.00113692961168, 0.00101104134228, 0.000707334314939, 0.000864374567755, 0.000801501737442, 0.000366245949408, 0.000407955958508, 0.000466115481686, 0.000386188621633, 0.000469576538308, 0.000460345501779, 0.000347879627952, 0.000263280177023, 0.000306210742565, 0.000236693929764, 0.000183840485988, 0.000150668405695, 0.00015967352374, 0.000139604890137, 0.000113460322609, 2.52461941272e-05, 1.12833982158e-08],
        "dmean2": [0.000192318068002, 0.00315237976611, 0.00214833510108, 0.00107496441342, 0.00153122772463, 0.00182302820031, 0.00164605141617, 0.00112190120853, 0.0013477972243, 0.0012859745184, 0.000577532220632, 0.00062304129824, 0.000727890990674, 0.000615405093413, 0.000727805541828, 0.000728851824533, 0.000553144374862, 0.000423678546213, 0.00048549316125, 0.000373047572793, 0.000292181241093, 0.000229671495617, 0.000240482986555, 0.000212988597923, 0.000166472265846, 3.73739894712e-05, 1.90235684983e-08],
        "dvar": [1.31858868713e-07, 1.54836343427e-05, 9.14506199479e-06, 1.8407083644e-06, 2.70238797384e-06, 7.03942805558e-06, 7.23966149963e-06, 6.05252671448e-06, 5.12493124916e-06, 7.2461284617e-06, 1.35927837164e-06, 1.51593189912e-06, 1.54751785431e-06, 9.93345565803e-07, 1.23777738281e-06, 1.19934099985e-06, 5.61590525194e-07, 3.45557822357e-07, 5.37878975138e-07, 2.79226583189e-07, 2.20078291591e-07, 2.88273298565e-07, 2.20462936795e-07, 1.5304054557e-07, 2.04933328973e-07, 9.79043690563e-09, 5.35545559451e-15],
        "dvar2": [2.67703569534e-07, 3.67776337953e-05, 2.34888666455e-05, 5.02341526953e-06, 6.59734132569e-06, 1.54628833116e-05, 1.74050255737e-05, 1.39053818202e-05, 1.18203370221e-05, 1.84007130883e-05, 3.16043519888e-06, 3.27545399159e-06, 3.42932685271e-06, 2.39482869802e-06, 2.77647973235e-06, 2.68190979114e-06, 1.32367745209e-06, 8.8160300038e-07, 1.22091466892e-06, 6.72281487368e-07, 5.10012228006e-07, 5.10197253334e-07, 4.43773501502e-07, 3.20219612604e-07, 3.99867474243e-07, 1.88364701614e-08, 1.45882383864e-14],
        "max": [0.00752667244524, 0.0678881630301, 0.0489742904902, 0.0350261479616, 0.0321394577622, 0.0986574962735, 0.0435166358948, 0.0750631392002, 0.0623302720487, 0.0759047865868, 0.0338543504477, 0.0319574512541, 0.0339951366186, 0.018308185041, 0.0270905662328, 0.0390595346689, 0.016113711521, 0.0143737830222, 0.0359660945833, 0.0263153072447, 0.0201868098229, 0.03131884709, 0.0179631169885, 0.0131841516122, 0.0232791919261, 0.00498504098505, 3.83769838663e-06],
        "mean": [0.000158196096891, 0.00406168866903, 0.00253600161523, 0.00111522048246, 0.00167408538982, 0.00178907159716, 0.00126567238476, 0.000906719011255, 0.00133589410689, 0.00119047809858, 0.000586931128055, 0.000624591892119, 0.0007722422597, 0.00055598129984, 0.000763855059631, 0.000686220184434, 0.000563543231692, 0.000442463031504, 0.000490056350827, 0.000411400891608, 0.000305207649944, 0.000276153994491, 0.000313132331939, 0.000261541543296, 0.000169476203155, 3.3141575841e-05, 9.94132953736e-09],
        "median": [2.60003725998e-05, 0.00186152453534, 0.000860191998072, 0.000474971515359, 0.00094174197875, 0.000623230822384, 0.000258873216808, 0.000142577759107, 0.000277028389974, 0.000159434028319, 0.000111562192615, 0.000123409030493, 0.000136199872941, 0.000137761016958, 0.000192036124645, 0.000210337355384, 0.000207670818781, 0.000192031744518, 0.000196638909983, 0.000167083257111, 9.49804234551e-05, 7.6653486758e-05, 0.000129480424221, 9.85194274108e-05, 2.55116410699e-05, 2.02918769787e-07, 1.0813936413e-09],
        "min": [1.55283453078e-24, 4.47765851172e-24, 9.30688629649e-25, 2.4404512564e-24, 5.8993408741e-24, 1.40967739823e-23, 1.33398161899e-23, 1.37312757923e-23, 2.92582893057e-23, 1.38769484248e-23, 2.49612692916e-23, 2.17355050319e-23, 5.83694655189e-23, 5.25688671531e-23, 3.17090781898e-23, 8.80829591213e-23, 9.90267128635e-23, 9.81361015232e-23, 1.43950934088e-22, 2.11526412682e-22, 3.05587725774e-22, 3.04957444844e-22, 4.56326120065e-22, 6.67859133935e-22, 9.94024921199e-22, 1.31704086891e-21, 2.22080626909e-21],
        "var": [2.03766134632e-07, 3.4143722587e-05, 1.52967295435e-05, 2.70087434728e-06, 4.80366497868e-06, 1.31791384774e-05, 9.56600615609e-06, 8.76227750268e-06, 8.38559481053e-06, 1.0789436601e-05, 2.88309047392e-06, 2.96920688925e-06, 3.67764346265e-06, 1.714048949e-06, 2.46314129981e-06, 2.10259577216e-06, 1.00542411019e-06, 5.60579849207e-07, 9.03169564026e-07, 5.05656885252e-07, 4.2978649617e-07, 6.98795133758e-07, 4.86367071062e-07, 3.2691067986e-07, 4.54908615666e-07, 2.3054511189e-08, 5.02847715995e-15]
    },
    "erbbands": {
        "dmean": [0.0599610358477, 0.467697411776, 1.42775738239, 1.85459244251, 2.26399326324, 3.40597653389, 7.69901227951, 9.3759355545, 12.4850959778, 15.5505018234, 16.1057815552, 19.0149383545, 22.4601745605, 21.3209266663, 12.7188253403, 15.6689510345, 19.7761516571, 16.3495635986, 21.3595256805, 23.1141319275, 24.6866226196, 18.5894088745, 13.4792375565, 15.3578042984, 13.5872707367, 10.5623836517, 9.09288883209, 5.70812368393, 5.53566837311, 5.44828748703, 4.40040540695, 3.06411623955, 2.30397748947, 1.49008071423, 0.717136979103, 0.198019236326, 0.0290963836014, 0.00158642977476, 4.40400508523e-05, 1.18766374726e-05],
        "dmean2": [0.0890443101525, 0.757471382618, 2.28763270378, 2.98173856735, 3.73580932617, 5.54689359665, 12.3802938461, 15.1929006577, 20.0870265961, 25.1409111023, 25.2881298065, 29.5688018799, 35.816192627, 33.5236206055, 19.6826515198, 23.5932292938, 30.0386581421, 25.5565471649, 32.7975196838, 35.6215286255, 38.3795089722, 29.155828476, 21.4226932526, 24.2776527405, 21.6062850952, 16.426984787, 14.4080371857, 8.95129680634, 8.58601474762, 8.2608537674, 6.58230447769, 4.70300245285, 3.50652813911, 2.23597407341, 1.0340681076, 0.288357198238, 0.0432831794024, 0.00240108673461, 6.36439435766e-05, 1.75614550244e-05],
        "dvar": [0.0225461367518, 0.798021137714, 9.35323810577, 16.2215747833, 18.9121665955, 42.4484825134, 255.652267456, 730.588195801, 1059.32788086, 2197.74804688, 2785.3581543, 3197.27807617, 5475.01513672, 4039.41674805, 1386.00939941, 2054.17236328, 2824.3605957, 1665.578125, 2444.71044922, 3447.30981445, 3090.50097656, 1542.89929199, 854.848876953, 1318.78442383, 1384.30969238, 613.636047363, 405.25567627, 360.073394775, 365.638000488, 403.079833984, 142.559143066, 88.9625473022, 44.6903152466, 29.2889118195, 9.97177600861, 0.672671318054, 0.0152547378093, 8.49776188261e-05, 3.25317195404e-08, 3.57445129051e-10],
        "dvar2": [0.0463055670261, 2.04115605354, 24.5370845795, 42.2596931458, 50.1804656982, 102.764541626, 604.970031738, 1611.84777832, 2462.8815918, 5334.63623047, 6195.28417969, 7441.50195312, 13772.8095703, 10084.2226562, 3240.19238281, 4406.53125, 6032.02734375, 3856.38867188, 5553.3203125, 7445.44287109, 6835.67333984, 3565.76147461, 2197.48291016, 3158.69921875, 3189.88671875, 1416.67138672, 968.827758789, 799.209289551, 715.030334473, 740.203857422, 289.153900146, 190.006134033, 97.3148117065, 61.2461013794, 19.201210022, 1.21415114403, 0.0348814539611, 0.000218221000978, 7.4091538238e-08, 7.25005722124e-10],
        "max": [2.64098763466, 15.6679401398, 41.2585411072, 82.0522613525, 111.598823547, 133.322860718, 327.727142334, 1201.26940918, 704.621459961, 1026.82336426, 1852.28674316, 1874.63256836, 2230.80493164, 1494.61999512, 837.756530762, 1155.42382812, 1806.47009277, 839.54864502, 1002.90637207, 1556.12023926, 1372.54321289, 806.312683105, 682.564880371, 1526.02587891, 2239.09692383, 1179.51831055, 394.569824219, 972.431274414, 1005.74530029, 1095.87890625, 452.661407471, 411.414825439, 266.066802979, 223.416412354, 161.435592651, 47.0896682739, 4.68386936188, 0.507777094841, 0.00819310266525, 0.00070796435466],
        "mean": [0.100183524191, 0.966719925404, 2.95843338966, 3.41305804253, 4.00606775284, 5.72514152527, 12.129658699, 14.0147247314, 16.5061969757, 19.0986309052, 23.2246360779, 28.9645824432, 33.0509300232, 39.0128326416, 21.2093524933, 25.3743286133, 34.3476829529, 26.3227787018, 35.3675689697, 38.553478241, 40.9804344177, 32.0213088989, 24.1724662781, 25.7286090851, 23.2614173889, 18.6991767883, 15.705655098, 9.81459903717, 9.59035968781, 10.708442688, 8.78049755096, 5.86504030228, 4.09991836548, 2.27817058563, 0.995174109936, 0.274573147297, 0.0380504243076, 0.00203876965679, 7.45436846046e-05, 3.6011570046e-05],
        "median": [0.035081345588, 0.44380697608, 1.10192525387, 1.60740876198, 2.01567697525, 2.86014509201, 4.82211494446, 4.64997911453, 4.28633546829, 3.5326397419, 5.42172527313, 6.83387231827, 6.91038370132, 6.6889166832, 5.67955303192, 6.16609477997, 7.29458713531, 8.13740825653, 9.88781929016, 13.0668926239, 15.0305480957, 13.7069702148, 11.5359687805, 10.9822254181, 10.3773431778, 7.64600801468, 5.09055900574, 3.07731938362, 2.79110264778, 3.06447339058, 3.79203629494, 2.53381180763, 1.25803041458, 0.47140237689, 0.075732447207, 0.00725407293066, 0.0004429135588, 4.34919311374e-05, 2.32668589888e-05, 3.15057186526e-05],
        "min": [1.07541570189e-22, 1.28731770072e-21, 1.92707415084e-21, 6.67701967599e-21, 5.34349426473e-21, 2.38472406281e-20, 7.79559566194e-20, 1.39269905269e-19, 1.75208666912e-19, 2.01095646073e-19, 3.5631135758e-19, 5.79010195368e-19, 8.04905620934e-19, 7.73973718915e-19, 1.18925297291e-18, 1.22286587069e-18, 2.71476582496e-18, 2.01922314868e-18, 2.49232413694e-18, 3.20059215977e-18, 5.46979714778e-18, 5.65105640822e-18, 5.26662421854e-18, 7.00276134618e-18, 1.04337386094e-17, 9.59927219e-18, 1.10564583725e-17, 1.05957071908e-17, 1.03070525899e-17, 1.34411696205e-17, 1.08264707293e-17, 1.30376783623e-17, 1.19065618142e-17, 1.04957308332e-17, 7.19668226027e-18, 4.28316520004e-18, 2.61848138127e-18, 1.09647381046e-18, 2.73256814761e-19, 2.6572375847e-20],
        "var": [0.0403469018638, 1.75267875195, 17.891626358, 23.8568935394, 30.9888572693, 71.3340072632, 482.642028809, 1137.3269043, 1432.14575195, 2831.24560547, 4335.61572266, 4683.0078125, 6522.35205078, 9104.1171875, 2651.61767578, 4035.79541016, 7266.83544922, 2864.50463867, 4801.44287109, 6465.14501953, 6027.65185547, 2864.20361328, 1508.44421387, 2061.81860352, 2275.53564453, 1126.92138672, 852.294616699, 659.005432129, 801.94732666, 1021.20843506, 317.888885498, 183.457687378, 90.8389129639, 58.7044258118, 21.7074623108, 1.86296057701, 0.0255300533026, 9.46707295952e-05, 5.4146433115e-08, 1.0748331114e-09]
    },
    "gfcc": {
        "mean": [-17.6893882751, 89.942237854, -137.347991943, 54.135509491, -70.1070404053, 20.409942627, -41.4777526855, 7.10513019562, -13.9952316284, -9.0414352417, -6.07918310165, -9.25792884827, -2.65988683701],
        "cov": [[9051.07617188, -667.115905762, -362.85269165, 292.252410889, -309.278289795, 593.92779541, -366.850524902, 509.199401855, -420.345916748, 139.171661377, -96.8719558716, -87.6602554321, 49.0531806946], [-667.115905762, 2074.93212891, -433.052246094, 152.356842041, 362.04019165, -277.207061768, 360.252319336, -338.966400146, 342.766906738, -335.3934021, 352.994354248, -232.92175293, 146.483032227], [-362.85269165, -433.052246094, 1748.1184082, 242.583007812, 54.2955245972, 297.077972412, -148.197875977, 255.739334106, -200.965438843, 272.599212646, -188.97958374, 205.028381348, -150.614440918], [292.252410889, 152.356842041, 242.583007812, 598.573791504, 154.946121216, 71.9984970093, 110.867462158, -29.5872097015, 96.8624572754, 5.508644104, 31.6475734711, -25.8567848206, 38.5809707642], [-309.278289795, 362.04019165, 54.2955245972, 154.946121216, 395.764251709, 35.283870697, 127.687866211, -33.1126747131, 75.9872894287, -1.48896896839, 16.2284927368, -20.1208553314, 2.37228059769], [593.92779541, -277.207061768, 297.077972412, 71.9984970093, 35.283870697, 504.695037842, 35.5449523926, 148.559387207, -150.911270142, 58.6989173889, 3.06480073929, -32.2525978088, 51.8725662231], [-366.850524902, 360.252319336, -148.197875977, 110.867462158, 127.687866211, 35.5449523926, 366.221832275, -54.7273521423, 119.272323608, -64.7357711792, 57.5228004456, -52.3061485291, 11.8557825089], [509.199401855, -338.966400146, 255.739334106, -29.5872097015, -33.1126747131, 148.559387207, -54.7273521423, 293.524291992, -86.016494751, 76.7648239136, -72.0368652344, 38.9810028076, -7.63110113144], [-420.345916748, 342.766906738, -200.965438843, 96.8624572754, 75.9872894287, -150.911270142, 119.272323608, -86.016494751, 278.132843018, -56.523601532, 45.749912262, -33.9966278076, -4.34010601044], [139.171661377, -335.3934021, 272.599212646, 5.508644104, -1.48896896839, 58.6989173889, -64.7357711792, 76.7648239136, -56.523601532, 230.145812988, -72.5939788818, 75.4429092407, -69.511177063], [-96.8719558716, 352.994354248, -188.97958374, 31.6475734711, 16.2284927368, 3.06480073929, 57.5228004456, -72.0368652344, 45.749912262, -72.5939788818, 219.045196533, -59.733921051, 90.1479492188], [-87.6602554321, -232.92175293, 205.028381348, -25.8567848206, -20.1208553314, -32.2525978088, -52.3061485291, 38.9810028076, -33.9966278076, 75.4429092407, -59.733921051, 181.035949707, -44.0276374817], [49.0531806946, 146.483032227, -150.614440918, 38.5809707642, 2.37228059769, 51.8725662231, 11.8557825089, -7.63110113144, -4.34010601044, -69.511177063, 90.1479492188, -44.0276374817, 173.69430542]],
        "icov": [[0.000205659758649, -0.000226193733397, 0.000317206024192, -0.000374721828848, 0.000275179219898, -0.000338495126925, 0.00033498738776, -0.000437075388618, 0.00032032339368, -0.000196372522623, 0.000233267623116, -0.000146891805343, 0.000317347061355], [-0.000226193733397, 0.00183929328341, -0.000868569535669, 0.000800730253104, -0.00140538916457, 0.00128551234957, -0.00105774460826, 0.00107310374733, -0.000921238854062, 0.00132255931385, -0.0018657320179, 0.00134509336203, -0.000848120660521], [0.000317206024192, -0.000868569535669, 0.00173409585841, -0.0012742417166, 0.000646601605695, -0.00125835556537, 0.00105603551492, -0.00126147526316, 0.00103383674286, -0.000978429685347, 0.000981806777418, -0.0014102460118, 0.00143633515108], [-0.000374721828848, 0.000800730253104, -0.0012742417166, 0.00314467656426, -0.00124697736464, 0.0006244998076, -0.00112040457316, 0.00137892982457, -0.00168213539291, 0.00042639838648, -0.000748359714635, 0.000952028785832, -0.00164696655702], [0.000275179219898, -0.00140538916457, 0.000646601605695, -0.00124697736464, 0.00427194451913, -0.00130611285567, 0.000116651106509, -0.000689569860697, 0.000301356281852, -0.00125450163614, 0.00155323848594, -0.000896303157788, 0.000710783526301], [-0.000338495126925, 0.00128551234957, -0.00125835556537, 0.0006244998076, -0.00130611285567, 0.00462336372584, -0.00195947894827, -0.000146167469211, 0.00100601708982, 0.000297299877275, -0.00162149826065, 0.00221443152986, -0.00190697400831], [0.00033498738776, -0.00105774460826, 0.00105603551492, -0.00112040457316, 0.000116651106509, -0.00195947894827, 0.00483414623886, -0.000796493899543, -0.000642128055915, -4.14594687754e-05, 0.0006498148432, -0.000821803580038, 0.00160244375002], [-0.000437075388618, 0.00107310374733, -0.00126147526316, 0.00137892982457, -0.000689569860697, -0.000146167469211, -0.000796493899543, 0.00607512192801, -0.000996499205939, 0.000191147817532, 0.000168872444192, 0.000526804244146, -0.00170987239107], [0.00032032339368, -0.000921238854062, 0.00103383674286, -0.00168213539291, 0.000301356281852, 0.00100601708982, -0.000642128055915, -0.000996499205939, 0.00680195819587, -0.000554091529921, 0.000331588671543, -0.00024993554689, 0.0013648152817], [-0.000196372522623, 0.00132255931385, -0.000978429685347, 0.00042639838648, -0.00125450163614, 0.000297299877275, -4.14594687754e-05, 0.000191147817532, -0.000554091529921, 0.00751328002661, -0.00107372261118, -0.000630723545328, 0.00132684246637], [0.000233267623116, -0.0018657320179, 0.000981806777418, -0.000748359714635, 0.00155323848594, -0.00162149826065, 0.0006498148432, 0.000168872444192, 0.000331588671543, -0.00107372261118, 0.00871578697115, -0.000607973895967, -0.00214780285023], [-0.000146891805343, 0.00134509336203, -0.0014102460118, 0.000952028785832, -0.000896303157788, 0.00221443152986, -0.000821803580038, 0.000526804244146, -0.00024993554689, -0.000630723545328, -0.000607973895967, 0.00867083668709, -0.00084230286302], [0.000317347061355, -0.000848120660521, 0.00143633515108, -0.00164696655702, 0.000710783526301, -0.00190697400831, 0.00160244375002, -0.00170987239107, 0.0013648152817, 0.00132684246637, -0.00214780285023, -0.00084230286302, 0.00983578059822]]
    },
    "melbands": {
        "dmean": [0.000525494921021, 0.000678616284858, 0.000322702922858, 0.000189707279787, 0.000238965483732, 0.000210410187719, 0.00019777964917, 0.000164545839652, 0.000135919734021, 0.000121433404274, 0.000116493371024, 9.25578424358e-05, 4.38344432041e-05, 4.62528623757e-05, 4.65457123937e-05, 4.17520313931e-05, 3.23787680827e-05, 3.64144980267e-05, 3.8966350985e-05, 2.89942872769e-05, 3.09713614115e-05, 2.2012680347e-05, 1.32201230372e-05, 1.30958251248e-05, 1.34311567308e-05, 1.21705579659e-05, 8.74049783306e-06, 7.34733021091e-06, 7.04429339748e-06, 4.06962226407e-06, 3.22378059536e-06, 3.15797342409e-06, 3.31332785208e-06, 3.34320202455e-06, 2.86383942694e-06, 2.20542688112e-06, 1.9075603177e-06, 1.75229445176e-06, 1.50244773067e-06, 1.27738724132e-06],
        "dmean2": [0.000816587766167, 0.0010778704891, 0.000517853884958, 0.000310953619191, 0.000383670179872, 0.000339288410032, 0.000319757760735, 0.000265904294793, 0.000213881809032, 0.000189354919712, 0.000185751894605, 0.000145825863001, 6.77765128785e-05, 7.04104822944e-05, 7.07859435352e-05, 6.497612776e-05, 5.11689613631e-05, 5.64778129046e-05, 6.10482820775e-05, 4.50409097539e-05, 4.84850279463e-05, 3.46831257048e-05, 2.13198345591e-05, 2.0856716219e-05, 2.1339430532e-05, 1.93948071683e-05, 1.41428827192e-05, 1.14750337161e-05, 1.11619501695e-05, 6.51320942779e-06, 5.04493391418e-06, 4.99307225255e-06, 5.14025668963e-06, 5.13522536494e-06, 4.35412948718e-06, 3.3969715787e-06, 2.98352915706e-06, 2.72847637461e-06, 2.27347754844e-06, 1.95393363356e-06],
        "dvar": [1.30390230879e-06, 1.87306989119e-06, 4.54791859283e-07, 1.13122844425e-07, 2.20750465019e-07, 3.1239349596e-07, 2.5931231562e-07, 2.51769648685e-07, 1.7610172165e-07, 1.25239466797e-07, 1.4845963392e-07, 8.21894801106e-08, 1.74633161265e-08, 2.29980834376e-08, 1.61048419045e-08, 1.28181660841e-08, 7.24854043455e-09, 8.0637576616e-09, 9.66770130617e-09, 5.94193139136e-09, 4.99377694752e-09, 2.48097986599e-09, 9.04914865263e-10, 8.93668361535e-10, 1.08125775e-09, 1.07606834554e-09, 4.91389651192e-10, 3.03267549961e-10, 2.50015508296e-10, 1.26787164101e-10, 1.27530819238e-10, 1.07886838352e-10, 1.71130540294e-10, 1.5079001936e-10, 5.80628843616e-11, 4.60673339753e-11, 3.35082933622e-11, 2.38923845985e-11, 2.55159574025e-11, 2.42704519676e-11],
        "dvar2": [2.91551009468e-06, 4.83433495901e-06, 1.18796094739e-06, 2.89407978471e-07, 5.19183117831e-07, 6.82773475091e-07, 6.10839663295e-07, 6.01957140134e-07, 3.91917950537e-07, 2.94803953693e-07, 3.7240522488e-07, 2.0671379275e-07, 4.09394402823e-08, 5.03624804082e-08, 3.30824470041e-08, 2.97817255301e-08, 1.70859699722e-08, 1.8735324403e-08, 2.19711679961e-08, 1.30717872082e-08, 1.11910276601e-08, 5.72587310899e-09, 2.3676356431e-09, 2.20908735749e-09, 2.61249955003e-09, 2.53837106889e-09, 1.15161813419e-09, 6.87461809701e-10, 6.10998862616e-10, 3.00952512911e-10, 2.86435375418e-10, 2.24256252457e-10, 3.08527620119e-10, 3.08043590636e-10, 1.18950779782e-10, 1.0277208945e-10, 7.2744067714e-11, 5.35014810232e-11, 5.55029078253e-11, 5.34480064374e-11],
        "max": [0.020816186443, 0.0181875862181, 0.0147904083133, 0.00811509322375, 0.00943115446717, 0.0237036328763, 0.00974185857922, 0.0121772661805, 0.012578163296, 0.0116739189252, 0.0118812071159, 0.00667771697044, 0.00348103418946, 0.00442576082423, 0.00423076469451, 0.0030356887728, 0.00191082432866, 0.0018018912524, 0.00228473544121, 0.00303150201216, 0.00167925504502, 0.00115499226376, 0.000734552973881, 0.000765068631154, 0.00137244886719, 0.00186949351337, 0.00123071717098, 0.00065069203265, 0.000311542709824, 0.000496180786286, 0.000524514587596, 0.000473533931654, 0.000818407861516, 0.000675290939398, 0.000284572131932, 0.000317305763019, 0.000225246607442, 0.000149797124323, 0.000262399145868, 0.000202020033612],
        "mean": [0.00100810779259, 0.00149846682325, 0.000624155101832, 0.000333898991812, 0.000392816436943, 0.000321994564729, 0.000259211985394, 0.000203695308301, 0.000196584442165, 0.000184734875802, 0.000167909121956, 0.000164468132425, 7.10833191988e-05, 7.19232484698e-05, 7.53154672566e-05, 6.84413462295e-05, 4.66774290544e-05, 5.45547991351e-05, 6.27298431937e-05, 4.36369118688e-05, 4.82654795633e-05, 3.50249611074e-05, 2.21176851483e-05, 2.13242692553e-05, 2.07392440643e-05, 1.89768725249e-05, 1.40877864396e-05, 1.20280410556e-05, 1.1587319932e-05, 6.36037702861e-06, 5.12141241416e-06, 5.07842605657e-06, 5.78641538596e-06, 6.05623245065e-06, 5.3476451285e-06, 4.05319588026e-06, 3.33798402607e-06, 2.96652660836e-06, 2.37941935666e-06, 1.78720983968e-06],
        "median": [0.000449282408226, 0.000643533072434, 0.0003116511798, 0.000177667257958, 0.000175590437721, 0.00010789056978, 6.50228903396e-05, 3.43743522535e-05, 4.12042027165e-05, 3.70920970454e-05, 2.85105470539e-05, 2.34347535297e-05, 1.61957541422e-05, 1.20022405099e-05, 1.46652337207e-05, 1.26959412228e-05, 1.24816342577e-05, 1.26948116304e-05, 1.53126620717e-05, 1.3660969671e-05, 1.45055237226e-05, 1.24702610265e-05, 9.53133803705e-06, 8.92170737643e-06, 7.95071900939e-06, 7.00394366504e-06, 6.06091225563e-06, 3.99220698455e-06, 2.96021380564e-06, 1.93917458091e-06, 1.27973339659e-06, 1.37262156841e-06, 1.31387707825e-06, 1.63418008015e-06, 2.08655819733e-06, 1.77715196514e-06, 1.28451415549e-06, 8.68213476224e-07, 5.50102470243e-07, 2.73759468428e-07],
        "min": [1.01499261687e-24, 1.60226356903e-24, 1.87616504861e-24, 8.9151113469e-25, 2.85870609721e-24, 2.72147999565e-24, 2.86164026534e-24, 1.7666029185e-24, 2.69155988203e-24, 3.94652990272e-24, 3.66296280628e-24, 2.81625354759e-24, 4.22436592468e-24, 2.22881328616e-24, 4.35764358018e-24, 3.74285824433e-24, 3.10582387552e-24, 4.26127120441e-24, 3.06852870128e-24, 2.87284564007e-24, 5.12589825527e-24, 6.07964292259e-24, 3.72221414888e-24, 5.12554721217e-24, 4.71619308895e-24, 5.84819192186e-24, 4.92404334355e-24, 5.50723322242e-24, 5.73419047701e-24, 5.26200318826e-24, 5.4542892172e-24, 6.33387346525e-24, 4.92955866457e-24, 7.0696239156e-24, 6.24198181942e-24, 5.50625266832e-24, 6.75198355009e-24, 7.16550207002e-24, 8.05514942222e-24, 8.1340867887e-24],
        "var": [2.61988088823e-06, 4.00843327952e-06, 7.21861283637e-07, 1.96865101998e-07, 4.25033533702e-07, 5.15758813435e-07, 3.49175138581e-07, 3.34304274929e-07, 2.80837696209e-07, 1.88677248047e-07, 1.81617778594e-07, 1.75641602596e-07, 3.37564003416e-08, 4.71177727945e-08, 4.2054637106e-08, 2.94221997876e-08, 1.1275584022e-08, 1.50390917497e-08, 1.90688158597e-08, 1.00241290824e-08, 9.47084544123e-09, 4.31312141558e-09, 1.35431177384e-09, 1.4671510673e-09, 1.5872007042e-09, 1.6408663317e-09, 8.44245950926e-10, 5.50158141266e-10, 5.3836496372e-10, 2.24281274108e-10, 2.1544742379e-10, 2.1674800843e-10, 3.92293753038e-10, 3.25137777812e-10, 1.22104007461e-10, 9.04743571728e-11, 6.36985533764e-11, 4.49984806361e-11, 5.09522216086e-11, 4.29627687593e-11]
    },
    "mfcc": {
        "mean": [-643.381164551, 97.5550460815, 0.0264913346618, 24.3314476013, 5.47651767731, 4.52100133896, -5.49622774124, 7.74090242386, -4.63940906525, 6.48522806168, -4.96893072128, -0.580980598927, -1.34823799133],
        "cov": [[6269.54541016, -668.154968262, -321.237182617, -233.700210571, 148.362838745, -124.485725403, 333.39654541, 16.1274700165, 53.1690101624, 177.069671631, -105.245628357, -21.9305973053, -95.9088363647], [-668.154968262, 1523.21203613, -285.412750244, 173.933563232, 51.9848899841, 13.2936830521, 2.5328540802, 50.6489906311, -64.6853027344, 22.1323432922, 9.48660945892, 43.0610733032, 8.03674125671], [-321.237182617, -285.412750244, 1330.01757812, 88.7551651001, 256.432373047, 89.7008056641, 159.52532959, 33.5157470703, 58.2763328552, -31.706987381, 47.824306488, 61.0401420593, 26.7565307617], [-233.700210571, 173.933563232, 88.7551651001, 618.809753418, 59.1887435913, 152.348953247, -94.1675186157, 49.4523010254, 35.4938240051, 37.6609611511, 44.8334388733, 25.8355846405, 67.2300720215], [148.362838745, 51.9848899841, 256.432373047, 59.1887435913, 376.453063965, 43.5564041138, 111.353225708, -3.84154415131, 43.2812004089, 20.1935653687, -3.4238615036, 7.89299917221, -5.91185426712], [-124.485725403, 13.2936830521, 89.7008056641, 152.348953247, 43.5564041138, 345.889251709, 87.7051620483, 40.8865318298, 50.6920928955, 34.3432617188, 51.5785636902, 12.1269006729, 21.003276825], [333.39654541, 2.5328540802, 159.52532959, -94.1675186157, 111.353225708, 87.7051620483, 385.882385254, 46.5170707703, 58.7564849854, 33.1090507507, -6.16214609146, 24.8595848083, -38.0261039734], [16.1274700165, 50.6489906311, 33.5157470703, 49.4523010254, -3.84154415131, 40.8865318298, 46.5170707703, 193.448623657, 51.2531700134, 20.720905304, 16.2834606171, 11.2221240997, 4.02368068695], [53.1690101624, -64.6853027344, 58.2763328552, 35.4938240051, 43.2812004089, 50.6920928955, 58.7564849854, 51.2531700134, 166.574127197, 35.2347946167, 23.8566322327, -1.80302512646, 5.63049936295], [177.069671631, 22.1323432922, -31.706987381, 37.6609611511, 20.1935653687, 34.3432617188, 33.1090507507, 20.720905304, 35.2347946167, 174.694122314, 13.5394439697, -4.66981124878, 10.0931015015], [-105.245628357, 9.48660945892, 47.824306488, 44.8334388733, -3.4238615036, 51.5785636902, -6.16214609146, 16.2834606171, 23.8566322327, 13.5394439697, 141.823028564, 26.7540111542, 12.6091995239], [-21.9305973053, 43.0610733032, 61.0401420593, 25.8355846405, 7.89299917221, 12.1269006729, 24.8595848083, 11.2221240997, -1.80302512646, -4.66981124878, 26.7540111542, 109.481491089, 23.8264102936], [-95.9088363647, 8.03674125671, 26.7565307617, 67.2300720215, -5.91185426712, 21.003276825, -38.0261039734, 4.02368068695, 5.63049936295, 10.0931015015, 12.6091995239, 23.8264102936, 131.744949341]],
