{
"lowlevel": {
    "average_loudness": 0.967370688915,
    "barkbands_crest": {
        "dmean": 2.71686220169,
        "dmean2": 4.36224079132,
        "dvar": 6.19262123108,
        "dvar2": 15.0888814926,
        "max": 26.4286365509,
        "mean": 10.3977184296,
        "median": 9.51234531403,
        "min": 2.28893232346,
        "var": 20.5696086884
    },
    "barkbands_flatness_db": {
        "dmean": 0.0207579433918,
        "dmean2": 0.0314547941089,
        "dvar": 0.000363497238141,
        "dvar2": 0.000767330464441,
        "max": 0.328693032265,
        "mean": 0.156970590353,
        "median": 0.149617761374,
        "min": 0.0492062009871,
        "var": 0.00173432624433
    },
    "barkbands_kurtosis": {
        "dmean": 2.77694773674,
        "dmean2": 4.09282922745,
        "dvar": 24.7516517639,
        "dvar2": 50.2587661743,
        "max": 136.20640564,
        "mean": 4.32503461838,
        "median": 1.52540779114,
        "min": -1.91299915314,
        "var": 62.6237182617
    },
    "barkbands_skewness": {
        "dmean": 0.527023375034,
        "dmean2": 0.758177042007,
        "dvar": 0.303051441908,
        "dvar2": 0.56805151701,
        "max": 10.181265831,
        "mean": 1.57028198242,
        "median": 1.35953688622,
        "min": -3.05239772797,
        "var": 1.56714582443
    },
    "barkbands_spread": {
        "dmean": 5.71922683716,
        "dmean2": 8.53525733948,
        "dvar": 46.2350234985,
        "dvar2": 93.4694061279,
        "max": 104.37071991,
        "mean": 22.1572341919,
        "median": 19.9449882507,
        "min": 1.52589678764,
        "var": 171.261611938
    },
    "dissonance": {
        "dmean": 0.0171762853861,
        "dmean2": 0.0286828167737,
        "dvar": 0.000259973050561,
        "dvar2": 0.000713429937605,
        "max": 0.499999940395,
        "mean": 0.465719461441,
        "median": 0.470238566399,
        "min": 0.290261894464,
        "var": 0.000554644793738
    },
    "dynamic_complexity": 2.18546152115,
    "erbbands_crest": {
        "dmean": 2.58978295326,
        "dmean2": 4.18481206894,
        "dvar": 5.64972352982,
        "dvar2": 13.8975811005,
        "max": 27.0403003693,
        "mean": 9.03520965576,
        "median": 8.21978378296,
        "min": 2.29194927216,
        "var": 15.8967494965
    },
    "erbbands_flatness_db": {
        "dmean": 0.0157724376768,
        "dmean2": 0.0228210370988,
        "dvar": 0.000192984341993,
        "dvar2": 0.000388390268199,
        "max": 0.320612818003,
        "mean": 0.174801155925,
        "median": 0.170934051275,
        "min": 0.0605968572199,
        "var": 0.00142766162753
    },
    "erbbands_kurtosis": {
        "dmean": 0.800428688526,
        "dmean2": 1.257142663,
        "dvar": 1.02915287018,
        "dvar2": 2.32852268219,
        "max": 16.0860004425,
        "mean": 0.250058680773,
        "median": -0.197305321693,
        "min": -1.77055120468,
        "var": 2.57093310356
    },
    "erbbands_skewness": {
        "dmean": 0.360172241926,
        "dmean2": 0.537802875042,
        "dvar": 0.111191742122,
        "dvar2": 0.237038493156,
        "max": 3.82257413864,
        "mean": 0.414225995541,
        "median": 0.446179747581,
        "min": -2.88831377029,
        "var": 0.574888110161
    },
    "erbbands_spread": {
        "dmean": 8.59468650818,
        "dmean2": 12.9326648712,
        "dvar": 81.176322937,
        "dvar2": 175.122711182,
        "max": 147.598937988,
        "mean": 41.4226455688,
        "median": 37.7181091309,
        "min": 8.24386882782,
        "var": 351.320007324
    },
    "hfc": {
        "dmean": 7.37138032913,
        "dmean2": 10.4278259277,
        "dvar": 94.5965499878,
        "dvar2": 201.085144043,
        "max": 205.412719727,
        "mean": 22.5513839722,
        "median": 19.1016540527,
        "min": 1.15547125997e-16,
        "var": 257.098358154
    },
    "melbands_crest": {
        "dmean": 3.43905568123,
        "dmean2": 5.53198099136,
        "dvar": 9.63273143768,
        "dvar2": 23.9847640991,
        "max": 31.89311409,
        "mean": 13.829832077,
        "median": 13.0909404755,
        "min": 2.33061003685,
        "var": 28.5598526001
    },
    "melbands_flatness_db": {
        "dmean": 0.0256118476391,
        "dmean2": 0.0361987799406,
        "dvar": 0.000603783060797,
        "dvar2": 0.00110002374277,
        "max": 0.406121820211,
        "mean": 0.178523913026,
        "median": 0.170049831271,
        "min": 0.00673244614154,
        "var": 0.00393467955291
    },
    "melbands_kurtosis": {
        "dmean": 7.41751003265,
        "dmean2": 10.8526334763,
        "dvar": 203.606643677,
        "dvar2": 371.776031494,
        "max": 379.851287842,
        "mean": 14.7765235901,
        "median": 7.52437114716,
        "min": -1.55390226841,
        "var": 514.862792969
    },
    "melbands_skewness": {
        "dmean": 0.736113727093,
        "dmean2": 1.06500029564,
        "dvar": 0.676696956158,
        "dvar2": 1.23850274086,
        "max": 17.1260871887,
        "mean": 2.6971411705,
        "median": 2.3645465374,
        "min": -1.13677346706,
        "var": 3.19437980652
    },
    "melbands_spread": {
        "dmean": 7.46869421005,
        "dmean2": 11.1526861191,
        "dvar": 115.835472107,
        "dvar2": 235.415924072,
        "max": 230.069915771,
        "mean": 25.0244121552,
        "median": 21.4174919128,
        "min": 0.933414697647,
        "var": 386.210998535
    },
    "pitch_salience": {
        "dmean": 0.0748956650496,
        "dmean2": 0.118289507926,
        "dvar": 0.00454418547451,
        "dvar2": 0.010449020192,
        "max": 0.934160470963,
        "mean": 0.559337258339,
        "median": 0.561987519264,
        "min": 0.0709973350167,
        "var": 0.0154052739963
    },
    "silence_rate_20dB": {
        "dmean": 0,
        "dmean2": 0,
        "dvar": 0,
        "dvar2": 0,
        "max": 1,
        "mean": 1,
        "median": 1,
        "min": 1,
        "var": 0
    },
    "silence_rate_30dB": {
        "dmean": 0.00531174894422,
        "dmean2": 0.0106248417869,
        "dvar": 0.00528286630288,
        "dvar2": 0.0143078500405,
        "max": 1,
        "mean": 0.995953440666,
        "median": 1,
        "min": 0,
        "var": 0.00403053592891
    },
    "silence_rate_60dB": {
        "dmean": 0.0101176174358,
        "dmean2": 0.0202377941459,
        "dvar": 0.0100144501776,
        "dvar2": 0.0243834778666,
        "max": 1,
        "mean": 0.0203591305763,
        "median": 0,
        "min": 0,
        "var": 0.0199421849102
    },
    "spectral_centroid": {
        "dmean": 260.640686035,
        "dmean2": 387.277770996,
        "dvar": 98172.09375,
        "dvar2": 181585.03125,
        "max": 10968.6201172,
        "mean": 1368.32702637,
        "median": 1305.52355957,
        "min": 234.058868408,
        "var": 458170.03125
    },
    "spectral_complexity": {
        "dmean": 4.16921710968,
        "dmean2": 6.13534021378,
        "dvar": 18.5063056946,
        "dvar2": 34.7579612732,
        "max": 54,
        "mean": 19.2388725281,
        "median": 19,
        "min": 0,
        "var": 72.6394042969
    },
    "spectral_decrease": {
        "dmean": 2.41745046203e-09,
        "dmean2": 3.5656679831e-09,
        "dvar": 9.91565140351e-18,
        "dvar2": 2.01376706536e-17,
        "max": -1.60100148864e-29,
        "mean": -7.19046067132e-09,
        "median": -6.25904572615e-09,
        "min": -4.04714093349e-08,
        "var": 2.47551185643e-17
    },
    "spectral_energy": {
        "dmean": 0.00961606577039,
        "dmean2": 0.0141520593315,
        "dvar": 0.000153260130901,
        "dvar2": 0.000312369782478,
        "max": 0.160558566451,
        "mean": 0.0291838590056,
        "median": 0.0257733948529,
        "min": 1.05408974473e-20,
        "var": 0.000379775272449
    },
    "spectral_energyband_high": {
        "dmean": 0.00043402868323,
        "dmean2": 0.000629194837529,
        "dvar": 6.80399921293e-07,
        "dvar2": 1.558299914e-06,
        "max": 0.0303466916084,
        "mean": 0.00092454085825,
        "median": 0.000538513355423,
        "min": 7.56447784451e-21,
        "var": 1.42791725466e-06
    },
    "spectral_energyband_low": {
        "dmean": 0.00436321273446,
        "dmean2": 0.00606811000034,
        "dvar": 7.46622172301e-05,
        "dvar2": 0.00014867655409,
        "max": 0.140301287174,
        "mean": 0.00779665214941,
        "median": 0.00390225625597,
        "min": 3.45244438745e-23,
        "var": 0.000139139403473
    },
    "spectral_energyband_middle_high": {
        "dmean": 0.00221866252832,
        "dmean2": 0.00325765949674,
        "dvar": 1.0450584341e-05,
        "dvar2": 2.27102646022e-05,
        "max": 0.0523785874248,
        "mean": 0.00633942009881,
        "median": 0.00389272160828,
        "min": 1.70534531803e-21,
        "var": 4.06641265727e-05
    },
    "spectral_energyband_middle_low": {
        "dmean": 0.00737939542159,
        "dmean2": 0.0114300930873,
        "dvar": 0.000120154028991,
        "dvar2": 0.00027711072471,
        "max": 0.124931462109,
        "mean": 0.0150284906849,
        "median": 0.0107553973794,
        "min": 2.54245553106e-22,
        "var": 0.000202798517421
    },
    "spectral_entropy": {
        "dmean": 0.147439584136,
        "dmean2": 0.216587856412,
        "dvar": 0.0208690632135,
        "dvar2": 0.0419976040721,
        "max": 9.78942584991,
        "mean": 7.68701505661,
        "median": 7.70406198502,
        "min": 6.29075717926,
        "var": 0.110038846731
    },
    "spectral_flux": {
        "dmean": 0.027732392773,
        "dmean2": 0.0393521338701,
        "dvar": 0.000841833942104,
        "dvar2": 0.00152193102986,
        "max": 0.367655575275,
        "mean": 0.0969392210245,
        "median": 0.0844598710537,
        "min": 1.02668873403e-10,
        "var": 0.00264759617858
    },
    "spectral_kurtosis": {
        "dmean": 1.21694231033,
        "dmean2": 2.0314385891,
        "dvar": 1.64327335358,
        "dvar2": 4.60173654556,
        "max": 15.8249034882,
        "mean": 2.83039283752,
        "median": 2.52080965042,
        "min": -1.20543897152,
        "var": 3.81734848022
    },
    "spectral_rms": {
        "dmean": 0.000853599281982,
        "dmean2": 0.00123424956109,
        "dvar": 8.93123228707e-07,
        "dvar2": 1.71505280377e-06,
        "max": 0.0125156901777,
        "mean": 0.00504115689546,
        "median": 0.00501445680857,
        "min": 3.2068367059e-12,
        "var": 3.05867411043e-06
    },
    "spectral_rolloff": {
        "dmean": 517.529174805,
        "dmean2": 827.963745117,
        "dvar": 833080.1875,
        "dvar2": 1655847.125,
        "max": 19143.0175781,
        "mean": 1592.41442871,
        "median": 1291.9921875,
        "min": 86.1328125,
        "var": 2230173
    },
    "spectral_skewness": {
        "dmean": 0.185607761145,
        "dmean2": 0.294633328915,
        "dvar": 0.0286061838269,
        "dvar2": 0.0688963010907,
        "max": 2.76642417908,
        "mean": 1.30407190323,
        "median": 1.31868505478,
        "min": -0.0778079479933,
        "var": 0.11639457196
    },
    "spectral_spread": {
        "dmean": 508987.28125,
        "dmean2": 727725.8125,
        "dvar": 384731348992,
        "dvar2": 669898113024,
        "max": 40119944,
        "mean": 4676863.5,
        "median": 4575856,
        "min": 1975841.25,
        "var": 1.73774903706e+12
    },
    "spectral_strongpeak": {
        "dmean": 0.572613120079,
        "dmean2": 0.952627778053,
        "dvar": 0.612389922142,
        "dvar2": 1.50774216652,
        "max": 9.74527549744,
        "mean": 1.12781143188,
        "median": 0.730416417122,
        "min": 0,
        "var": 1.29524302483
    },
    "zerocrossingrate": {
        "dmean": 0.011278080754,
        "dmean2": 0.0128397708759,
        "dvar": 0.000167856647749,
        "dvar2": 0.000188157791854,
        "max": 0.48095703125,
        "mean": 0.0650942251086,
        "median": 0.06005859375,
        "min": 0.0078125,
        "var": 0.00133246276528
    },
    "barkbands": {
        "dmean": [0.000153433153173, 0.00248537887819, 0.00246582389809, 0.00166580476798, 0.00434389291331, 0.00153166777454, 0.000647637993097, 0.0010694146622, 0.00106415245682, 0.000710507854819, 0.000550665485207, 0.000387259467971, 0.00038967517321, 0.000490801059641, 0.000335428019753, 0.000258427782683, 0.000265484646661, 0.000237683430896, 0.000199593763682, 0.00012872836669, 8.70504591148e-05, 0.000119896772958, 0.000125060978462, 9.76909504971e-05, 3.67403190467e-05, 8.92517633133e-08, 1.16213016987e-09],
        "dmean2": [0.000257436971879, 0.00389796704985, 0.00400584051386, 0.00279768323526, 0.00733436876908, 0.00242326431908, 0.00105044222437, 0.00169440964237, 0.0016986457631, 0.00112816866022, 0.00085840432439, 0.000616274250206, 0.000624095555395, 0.000774087850004, 0.000525813899003, 0.000394165806938, 0.000412905967096, 0.000362165999832, 0.000301511667203, 0.000199491420062, 0.000131663589855, 0.000183219424798, 0.00018965973868, 0.00014898146037, 5.36103143531e-05, 1.52530375885e-07, 2.1499235725e-09],
        "dvar": [6.25509528618e-08, 1.91026101675e-05, 5.03697519889e-05, 2.60728902504e-05, 7.40224350011e-05, 1.11067984108e-05, 2.78123548014e-06, 7.96020140115e-06, 7.26680809748e-06, 2.46985018748e-06, 1.35918435262e-06, 7.15749649771e-07, 8.12768860214e-07, 1.53909149958e-06, 5.24367919752e-07, 3.94289941141e-07, 2.9959579706e-07, 2.18205201463e-07, 1.82119578085e-07, 5.67228291004e-08, 3.02381657491e-08, 6.45623359219e-08, 8.32215505397e-08, 4.41642065141e-08, 5.22036014416e-09, 4.38393014924e-14, 3.02752777765e-18],
        "dvar2": [1.67428439113e-07, 5.09782330482e-05, 0.000129844469484, 6.97798241163e-05, 0.00019933792646, 2.55976865446e-05, 7.0468395279e-06, 1.96256478375e-05, 1.7735415895e-05, 6.06716821494e-06, 3.31064643433e-06, 1.66678921687e-06, 2.05887317861e-06, 3.75018043997e-06, 1.20712729768e-06, 8.50520507356e-07, 6.45226748475e-07, 4.85798238969e-07, 3.85127066238e-07, 1.31207315235e-07, 6.67404052024e-08, 1.56429265985e-07, 2.00470154255e-07, 1.03993009759e-07, 1.21084209326e-08, 1.17574908685e-13, 9.2193332454e-18],
        "max": [0.00530446739867, 0.0691380724311, 0.101840727031, 0.0743523165584, 0.101513952017, 0.073021993041, 0.0316172875464, 0.0584064647555, 0.0450773499906, 0.0281830597669, 0.0269550122321, 0.0167772080749, 0.0270013548434, 0.0320956595242, 0.0185993388295, 0.0174339432269, 0.0245151687413, 0.0133034167811, 0.010857460089, 0.00862658210099, 0.0056385002099, 0.0110247600824, 0.0116719091311, 0.00469561060891, 0.00221715727821, 3.67342590835e-06, 4.38408420678e-08],
        "mean": [0.000246460811468, 0.00448421388865, 0.00237312261015, 0.00145634508226, 0.00638998812065, 0.00273978593759, 0.000927919580135, 0.0014461124083, 0.00166792818345, 0.00115293962881, 0.000947111984715, 0.000620212231297, 0.000602918677032, 0.000780122703873, 0.000549182004761, 0.000462142343167, 0.0004724082537, 0.000450950785307, 0.000369715242414, 0.000214192536077, 0.000149474741193, 0.000235027153394, 0.000218591652811, 0.000163933887961, 6.29790156381e-05, 8.71727436902e-08, 9.54127221675e-10],
        "median": [7.84624280641e-05, 0.00247252429835, 0.000521085923538, 0.000254335260252, 0.00256142183207, 0.000889741466381, 0.000328468740918, 0.000433509820141, 0.000454619817901, 0.000307969894493, 0.00026784761576, 0.0002144757309, 0.000214422601857, 0.000242949376116, 0.000226974516409, 0.000180642760824, 0.00021901819855, 0.000211222009966, 0.000166862271726, 0.000110365246655, 7.00438395143e-05, 0.000124785627122, 0.000110175140435, 7.72001076257e-05, 3.05339854094e-05, 2.35711024033e-08, 3.95646848617e-10],
        "min": [2.91567629072e-23, 1.30885363814e-23, 6.70754464871e-24, 1.36148951429e-23, 3.38361501129e-23, 3.41197803182e-23, 5.0027103674e-23, 3.18688540776e-23, 7.95038632742e-23, 1.8829038219e-22, 4.96019297342e-23, 1.15091082648e-22, 2.55828449844e-22, 1.07168899676e-22, 1.50486930678e-22, 9.86527927944e-23, 1.20839884407e-22, 1.76559818581e-22, 2.30301390578e-22, 3.7282030862e-22, 5.55302087084e-22, 4.48339667017e-22, 6.05950036912e-22, 8.1244544815e-22, 1.24161183193e-21, 1.48543775679e-21, 2.46352783917e-21],
        "var": [1.36417270369e-07, 3.46335691574e-05, 4.05133941968e-05, 1.95477914531e-05, 9.71538829617e-05, 3.00715528283e-05, 3.94825929106e-06, 9.89127511275e-06, 1.18680336527e-05, 5.63135654374e-06, 3.63677168025e-06, 1.40726149311e-06, 1.25978817778e-06, 2.49873892244e-06, 9.76337901193e-07, 9.41405232879e-07, 6.59792362967e-07, 4.3078674139e-07, 4.34674575445e-07, 9.69743823021e-08, 6.12072241779e-08, 1.1491617613e-07, 1.25100370951e-07, 8.32285991237e-08, 1.0413767626e-08, 4.02676481569e-14, 2.36409956147e-18]
    },
    "erbbands": {
        "dmean": [0.0758893489838, 0.587956488132, 2.38165712357, 4.14083003998, 9.56045627594, 16.1577949524, 16.3605995178, 10.8500547409, 9.07608795166, 13.4176769257, 24.0898323059, 24.9595603943, 19.3208847046, 21.7668056488, 19.1711387634, 15.4959592819, 16.8231716156, 21.1121902466, 20.9617500305, 15.4754505157, 11.9736099243, 13.0065555573, 13.1183567047, 10.3880558014, 8.74334526062, 6.03038978577, 3.9917678833, 3.28113126755, 4.171916008, 4.43251419067, 3.50795531273, 2.50148963928, 1.39917838573, 0.535059988499, 0.214330688119, 0.0136112058535, 0.000362899794709, 2.79391169897e-05, 8.30899170978e-06, 1.17013305498e-05],
        "dmean2": [0.119432963431, 0.926433980465, 3.72700119019, 6.68770933151, 16.271987915, 27.2957382202, 26.1700134277, 17.3239402771, 14.7596216202, 21.1076774597, 38.2060165405, 39.7365112305, 29.9293766022, 34.6005477905, 29.7246952057, 24.5424690247, 26.8103694916, 32.9048461914, 33.0871925354, 23.4271392822, 18.0820446014, 19.7879562378, 19.919342041, 15.5969839096, 13.300775528, 9.24974727631, 6.14284229279, 4.96817016602, 6.3495798111, 6.81609201431, 5.34567546844, 3.84736657143, 2.13408041, 0.800574600697, 0.314656734467, 0.0208472367376, 0.000541838817298, 4.05783721362e-05, 1.17913150461e-05, 1.70695166162e-05],
        "dvar": [0.0153911644593, 1.27033567429, 39.3244056702, 143.361831665, 601.877990723, 1037.90612793, 943.834899902, 741.070678711, 619.728637695, 1096.2845459, 4728.34326172, 4124.30322266, 2057.36401367, 2842.73901367, 1476.88525391, 1129.43188477, 1530.94506836, 2296.53295898, 2622.88232422, 1196.84887695, 932.638793945, 741.698364258, 652.011901855, 444.284729004, 367.298522949, 108.682632446, 60.6803855896, 46.7126731873, 81.9744415283, 94.4784698486, 61.7499694824, 28.8517532349, 11.0678014755, 1.25015366077, 0.178789198399, 0.000816348823719, 5.2853596344e-07, 2.75566947039e-09, 1.23366539206e-10, 2.11910516912e-10],
        "dvar2": [0.0426312237978, 3.22227883339, 95.9532699585, 355.055297852, 1605.89868164, 2738.83813477, 2264.75561523, 1734.47583008, 1605.40429688, 2576.02661133, 11861.0615234, 9962.15136719, 4663.04785156, 7180.80566406, 3382.01489258, 2675.38647461, 3882.16601562, 5242.34765625, 6523.72070312, 2491.93164062, 2073.47363281, 1647.8729248, 1447.8840332, 938.813476562, 783.365661621, 246.008499146, 134.736968994, 105.758110046, 197.935379028, 236.749313354, 144.640625, 65.5422363281, 27.5136737823, 3.05482625961, 0.391323298216, 0.0019199292874, 1.20383788271e-06, 6.10809003376e-09, 2.66908578572e-10, 4.34880770284e-10],
        "max": [1.75784802437, 18.7007083893, 92.4018554688, 164.183135986, 272.948181152, 494.648010254, 539.37097168, 663.326416016, 640.042785645, 697.015258789, 1532.5255127, 1413.79211426, 1021.73718262, 1334.78723145, 932.56262207, 713.201782227, 825.866394043, 974.225646973, 1201.21826172, 1079.06713867, 923.278076172, 1016.50439453, 583.68536377, 481.712097168, 579.317626953, 208.229660034, 306.989013672, 172.424102783, 379.461761475, 428.348571777, 277.562347412, 126.997741699, 94.2015380859, 38.2165718079, 6.62297344208, 0.4079670012, 0.0116734337062, 0.00110396381933, 0.000239266169956, 0.00021457085677],
        "mean": [0.147851899266, 0.933000981808, 2.61537981033, 4.07894992828, 10.1891584396, 24.1918792725, 28.8592014313, 19.71068573, 14.675614357, 19.4611530304, 33.491317749, 40.1912002563, 35.0952606201, 37.5854644775, 37.438835144, 26.616771698, 28.7774486542, 38.2429046631, 34.2421264648, 28.8778514862, 23.1591949463, 25.3230628967, 25.796049118, 20.7422485352, 16.0842685699, 10.2630386353, 6.68859624863, 5.84359550476, 7.89768218994, 8.39198207855, 5.97080373764, 4.02850246429, 2.35275149345, 0.93492680788, 0.346325308084, 0.0203351657838, 0.000595070479903, 5.20524154126e-05, 2.38838802034e-05, 3.67331740563e-05],
        "median": [0.0809036195278, 0.447236180305, 0.750355362892, 0.956421613693, 2.8134803772, 8.3847618103, 10.4453353882, 6.55830097198, 5.09410572052, 7.84715938568, 10.598154068, 11.4070043564, 11.3762760162, 11.0349712372, 13.1940097809, 10.4815883636, 11.2267618179, 13.2375011444, 14.1932983398, 11.9688949585, 10.1433467865, 12.1610860825, 13.1036672592, 10.1110563278, 7.96360015869, 5.52685546875, 3.28160309792, 2.92328000069, 4.21145534515, 4.28213214874, 2.94188928604, 1.92723238468, 1.03942298889, 0.453415513039, 0.157219022512, 0.00874914228916, 0.000281898013782, 2.79517316812e-05, 2.01793263841e-05, 3.31832379743e-05],
        "min": [5.17548087684e-22, 2.78996247023e-21, 5.85898732558e-21, 3.5673918444e-20, 6.3167376059e-20, 1.19421254106e-19, 1.98106939122e-19, 2.91005499917e-19, 6.52869462455e-19, 6.59642675805e-19, 5.98792891801e-19, 1.12791577273e-18, 4.43235094582e-18, 4.86113986868e-18, 3.41500047647e-18, 5.0545429677e-18, 1.04692014966e-17, 6.11222448897e-18, 8.39994301986e-18, 6.59513418494e-18, 6.99909610889e-18, 7.75024889698e-18, 8.63549014391e-18, 9.77028681856e-18, 1.66745086199e-17, 1.46963144568e-17, 2.13941877825e-17, 2.193193459e-17, 1.58100138899e-17, 1.91453384686e-17, 1.67002074672e-17, 1.53308959899e-17, 1.44073786145e-17, 1.44685386946e-17, 8.4093406188e-18, 4.69038290687e-18, 3.12655411827e-18, 1.36107306859e-18, 3.18744794964e-19, 3.86611907533e-20],
        "var": [0.0356042571366, 1.88998436928, 37.075214386, 124.99874115, 514.665771484, 1661.79528809, 2217.26855469, 2010.88781738, 1197.94177246, 1437.32275391, 5827.87548828, 7268.45556641, 5296.50927734, 5754.25830078, 4717.36767578, 2143.93261719, 2496.76025391, 5729.15820312, 3476.68725586, 2959.25927734, 2146.3659668, 1661.16479492, 1311.63928223, 1132.57434082, 706.841430664, 200.892501831, 111.514335632, 91.0391540527, 139.981140137, 157.367950439, 96.2750778198, 52.4134178162, 19.1594047546, 2.41368579865, 0.327906876802, 0.00121770205442, 8.99931535514e-07, 5.49240963821e-09, 2.93583157784e-10, 5.23888821213e-10]
    },
    "gfcc": {
        "mean": [0.82374304533, 102.155807495, -144.226287842, 50.2810974121, -77.8056259155, 25.3813762665, -45.6792640686, 4.85699653625, -15.8434276581, -11.7121477127, -1.5429276228, -10.0840921402, 3.77051997185],
        "cov": [[2500.92724609, -285.323547363, 73.5867996216, 55.1625518799, -133.480331421, 235.843490601, -63.5214996338, 161.379959106, -56.6127929688, 67.6122512817, -57.6955528259, -0.0635672137141, -62.5694465637], [-285.323547363, 1013.0536499, 316.935028076, 98.3382263184, 310.417907715, -122.824493408, 81.4984741211, -98.4560012817, 115.958511353, -80.3918380737, 118.288024902, -32.4671401978, 40.1849403381], [73.5867996216, 316.935028076, 1024.95507812, 457.465118408, 114.852600098, 159.598480225, -76.9162826538, -28.6277809143, 19.0911636353, 76.1482162476, -3.88405656815, 7.86245441437, 22.1198539734], [55.1625518799, 98.3382263184, 457.465118408, 433.684753418, 187.286468506, 67.5792694092, -23.1203727722, 8.03262710571, 61.1806755066, 41.9694023132, -12.6868267059, -5.2307009697, 22.0361919403], [-133.480331421, 310.417907715, 114.852600098, 187.286468506, 344.538299561, 51.5206832886, 72.2447891235, 26.9584999084, 76.6143722534, -19.507610321, 31.4552154541, -16.569190979, 23.2998523712], [235.843490601, -122.824493408, 159.598480225, 67.5792694092, 51.5206832886, 313.961120605, 127.583953857, 85.1777038574, -10.9603395462, 49.1901779175, -12.3685617447, 15.116736412, -19.1715507507], [-63.5214996338, 81.4984741211, -76.9162826538, -23.1203727722, 72.2447891235, 127.583953857, 252.761932373, 74.5012207031, 32.7421913147, 6.52755260468, 31.6346511841, 2.15542030334, -8.31257915497], [161.379959106, -98.4560012817, -28.6277809143, 8.03262710571, 26.9584999084, 85.1777038574, 74.5012207031, 149.855667114, 46.1246414185, 33.306968689, -10.0814609528, -0.175097793341, -15.7267618179], [-56.6127929688, 115.958511353, 19.0911636353, 61.1806755066, 76.6143722534, -10.9603395462, 32.7421913147, 46.1246414185, 146.351867676, 23.6254444122, 24.3244476318, -0.787139296532, 14.1904811859], [67.6122512817, -80.3918380737, 76.1482162476, 41.9694023132, -19.507610321, 49.1901779175, 6.52755260468, 33.306968689, 23.6254444122, 98.006149292, 18.4131202698, 11.3344583511, 3.0545372963], [-57.6955528259, 118.288024902, -3.88405656815, -12.6868267059, 31.4552154541, -12.3685617447, 31.6346511841, -10.0814609528, 24.3244476318, 18.4131202698, 96.6055984497, 29.5031585693, 10.9511070251], [-0.0635672137141, -32.4671401978, 7.86245441437, -5.2307009697, -16.569190979, 15.116736412, 2.15542030334, -0.175097793341, -0.787139296532, 11.3344583511, 29.5031585693, 71.3425445557, 30.8671283722], [-62.5694465637, 40.1849403381, 22.1198539734, 22.0361919403, 23.2998523712, -19.1715507507, -8.31257915497, -15.7267618179, 14.1904811859, 3.0545372963, 10.9511070251, 30.8671283722, 70.6548309326]],
        "icov": [[0.000584558350965, -0.00061202381039, 0.000596761063207, -0.0007839089958, 0.000876367441379, -0.000981304910965, 0.000930186186451, -0.00102984439582, 0.000545016431715, -0.000224660208914, 0.000113160160254, -0.000101372337667, 0.000175352877704], [-0.00061202381039, 0.00559232151136, -0.00426288554445, 0.0046708821319, -0.00512291165069, 0.00432121800259, -0.00390037056059, 0.00362688908353, -0.00321360537782, 0.00330402329564, -0.003408042714, 0.00253466144204, -0.000711006869096], [0.000596761063207, -0.00426288554445, 0.00559444120154, -0.00611550966278, 0.00464778626338, -0.00477614207193, 0.00396144017577, -0.00224008853547, 0.00259835412726, -0.00258967885748, 0.00156487722415, -0.00131940736901, 0.000171628053067], [-0.0007839089958, 0.0046708821319, -0.00611550966278, 0.0106204319745, -0.00758564053103, 0.00459264032543, -0.00336440932006, 0.00363117526285, -0.00380065455101, 0.000551673350856, 0.000109344786324, 0.000888379756361, -0.000254005077295], [0.000876367441379, -0.00512291165069, 0.00464778626338, -0.00758564053103, 0.0107749216259, -0.00556623516604, 0.00335249863565, -0.00432514073327, 0.00166791165248, 0.000631090486422, -0.000439869501861, 0.00104136380833, -0.00178041600157], [-0.000981304910965, 0.00432121800259, -0.00477614207193, 0.00459264032543, -0.00556623516604, 0.0105032995343, -0.00676942709833, 0.00159508397337, -0.000580403779168, -0.000356965494575, 0.000515563064255, -0.00134491489735, 0.00162000278942], [0.000930186186451, -0.00390037056059, 0.00396144017577, -0.00336440932006, 0.00335249863565, -0.00676942709833, 0.0101750167087, -0.00488788308576, 0.00163017562591, -0.000628286448773, -0.00104003481101, 4.49436702183e-05, -0.000140754724271], [-0.00102984439582, 0.00362688908353, -0.00224008853547, 0.00363117526285, -0.00432514073327, 0.00159508397337, -0.00488788308576, 0.0142454626039, -0.00580254103988, -0.00122402096167, 0.0016261220444, -0.000506818585563, 0.00223658257164], [0.000545016431715, -0.00321360537782, 0.00259835412726, -0.00380065455101, 0.00166791165248, -0.000580403779168, 0.00163017562591, -0.00580254103988, 0.0121134128422, -0.00376429641619, 1.35091522679e-05, -0.000307651673211, -0.00126283639111], [-0.000224660208914, 0.00330402329564, -0.00258967885748, 0.000551673350856, 0.000631090486422, -0.000356965494575, -0.000628286448773, -0.00122402096167, -0.00376429641619, 0.0176170375198, -0.00755834812298, 0.00339450105093, -0.00240781414323], [0.000113160160254, -0.003408042714, 0.00156487722415, 0.000109344786324, -0.000439869501861, 0.000515563064255, -0.00104003481101, 0.0016261220444, 1.35091522679e-05, -0.00755834812298, 0.0195833332837, -0.0104786716402, 0.00390563718975], [-0.000101372337667, 0.00253466144204, -0.00131940736901, 0.000888379756361, 0.00104136380833, -0.00134491489735, 4.49436702183e-05, -0.000506818585563, -0.000307651673211, 0.00339450105093, -0.0104786716402, 0.0246448088437, -0.011438687332], [0.000175352877704, -0.000711006869096, 0.000171628053067, -0.000254005077295, -0.00178041600157, 0.00162000278942, -0.000140754724271, 0.00223658257164, -0.00126283639111, -0.00240781414323, 0.00390563718975, -0.011438687332, 0.0209960639477]]
    },
    "melbands": {
        "dmean": [0.000655835377984, 0.00100999604911, 0.000746526638977, 0.000938086828683, 0.000612785690464, 0.000252332305536, 0.000134675210575, 0.000163147022249, 0.00020396700711, 0.000152300475747, 9.77272138698e-05, 9.15249838727e-05, 7.15959613444e-05, 4.77843241242e-05, 3.61535421689e-05, 3.92216206819e-05, 4.2569154175e-05, 3.86959291063e-05, 2.29205015785e-05, 2.13213643292e-05, 1.47548698806e-05, 1.43385886986e-05, 1.551034984e-05, 1.0984797882e-05, 8.96458550415e-06, 7.61249384595e-06, 5.5924147091e-06, 3.90103832615e-06, 2.75264505945e-06, 2.13663861359e-06, 2.03378544938e-06, 2.37844460571e-06, 2.72341685559e-06, 2.55733721133e-06, 2.17481715481e-06, 1.8765765617e-06, 1.47180969634e-06, 1.09342693122e-06, 7.20578952951e-07, 3.95592820723e-07],
        "dmean2": [0.00103034242056, 0.00149349798448, 0.00113593088463, 0.00160623609554, 0.000984017853625, 0.000401542056352, 0.000217905486352, 0.000256662227912, 0.00032299477607, 0.000241829024162, 0.000151060186909, 0.000145565078128, 0.000110589484393, 7.58825772209e-05, 5.7465131249e-05, 6.26423498034e-05, 6.659522478e-05, 6.1931903474e-05, 3.5029323044e-05, 3.2449439459e-05, 2.27684486163e-05, 2.21148729906e-05, 2.4136626962e-05, 1.69270806509e-05, 1.3673333342e-05, 1.1659584743e-05, 8.67595554155e-06, 6.16907573203e-06, 4.35751098848e-06, 3.2863524666e-06, 3.16919795296e-06, 3.67853021999e-06, 4.24280369771e-06, 4.01606848754e-06, 3.34573860528e-06, 2.91541573461e-06, 2.28326985052e-06, 1.69361032931e-06, 1.11514145829e-06, 5.95568053541e-07],
        "dvar": [1.16483681722e-06, 5.5418863667e-06, 3.70881912204e-06, 4.30762520409e-06, 1.09930124381e-06, 3.5720319147e-07, 1.24569510263e-07, 1.67642923543e-07, 3.34125900281e-07, 1.57467042072e-07, 5.29126964466e-08, 5.04273103274e-08, 2.189863757e-08, 1.03614814506e-08, 6.00272409557e-09, 9.58306767274e-09, 9.77964820237e-09, 1.14262084239e-08, 2.58086130245e-09, 2.84968693087e-09, 1.37498668007e-09, 1.11287190574e-09, 9.9058772296e-10, 4.44652342724e-10, 3.66732255674e-10, 3.07671083055e-10, 1.55315010852e-10, 4.90612654669e-11, 2.81898202698e-11, 2.1734516964e-11, 1.96728761753e-11, 2.79463327479e-11, 3.02015877585e-11, 3.60060627147e-11, 2.27429082511e-11, 1.97500158589e-11, 1.05109662293e-11, 7.70923515997e-12, 2.81870165229e-12, 6.26319688387e-13],
        "dvar2": [3.22113237416e-06, 1.24222287923e-05, 8.19608249003e-06, 1.16729088404e-05, 2.65517655862e-06, 8.34188426779e-07, 3.18983154557e-07, 3.94502052359e-07, 8.32245689253e-07, 3.8330185248e-07, 1.20086667721e-07, 1.2816926187e-07, 5.11679516535e-08, 2.42498607861e-08, 1.45270320218e-08, 2.41768702836e-08, 2.24249170344e-08, 2.91889836745e-08, 5.61355806283e-09, 6.07584249579e-09, 3.08886050071e-09, 2.43391884425e-09, 2.26201968268e-09, 9.96571380973e-10, 7.93442311853e-10, 6.68188060438e-10, 3.42102901563e-10, 1.18246523684e-10, 6.58221463445e-11, 4.92732001034e-11, 4.70738344138e-11, 6.84748299729e-11, 7.25672369417e-11, 9.29057733523e-11, 5.41631114959e-11, 4.6995473485e-11, 2.44219262868e-11, 1.93991697706e-11, 7.2339968217e-12, 1.51588268847e-12],
        "max": [0.0135829262435, 0.0355845466256, 0.029318485409, 0.026128007099, 0.016708387062, 0.0144046423957, 0.0084035191685, 0.00753140961751, 0.0120942872018, 0.00854919292033, 0.00520096998662, 0.00505485292524, 0.00412099948153, 0.00237779924646, 0.00207984540612, 0.00334874400869, 0.00191656081006, 0.00281069707125, 0.00121198093984, 0.00170094729401, 0.00112326047383, 0.0015713685425, 0.000788813340478, 0.000574220262934, 0.000461031886516, 0.000517008535098, 0.000573029392399, 0.000120415548736, 0.000158043461852, 0.000167709498783, 0.000123426565551, 0.000204388867132, 0.000223836061195, 0.000257283129031, 0.000166089754202, 0.000150874140672, 9.87193998299e-05, 8.8315056928e-05, 5.45038492419e-05, 2.47380285145e-05],
        "mean": [0.0012612149585, 0.00134134839755, 0.00085100159049, 0.00122736720368, 0.00110085483175, 0.000457634567283, 0.000210851692827, 0.000231130819884, 0.000284310255665, 0.000244371360168, 0.00016956863692, 0.000148937993799, 0.000133503621328, 7.96608874225e-05, 5.67596762266e-05, 6.66926134727e-05, 7.07111103111e-05, 5.71948366996e-05, 3.93201844417e-05, 3.68318032997e-05, 2.57017909462e-05, 2.56208841165e-05, 2.75254769804e-05, 2.04650677915e-05, 1.64305965882e-05, 1.33648391056e-05, 9.21594437386e-06, 6.09733297097e-06, 4.24193558501e-06, 3.40093060913e-06, 3.41167492479e-06, 4.17633737015e-06, 5.062258424e-06, 4.49928029411e-06, 3.53958012056e-06, 2.87573561764e-06, 2.27195891966e-06, 1.74918500306e-06, 1.17980130199e-06, 6.58271744669e-07],
        "median": [0.000723243691027, 0.000490143953357, 0.000229736426263, 0.000434545509052, 0.000435887719505, 0.00014783552615, 7.28222366888e-05, 8.52395241964e-05, 8.3859617007e-05, 6.54948089505e-05, 4.90317870572e-05, 4.02972145821e-05, 4.10429638578e-05, 2.95583849947e-05, 2.38124594034e-05, 2.18562599912e-05, 2.26637093874e-05, 2.09348327189e-05, 1.57436843438e-05, 1.36852377182e-05, 1.07695341285e-05, 1.12760262709e-05, 1.24176367535e-05, 9.60127908911e-06, 7.42285692468e-06, 5.78902881898e-06, 4.53788652521e-06, 3.04642230731e-06, 2.0052484615e-06, 1.49348647938e-06, 1.64990058238e-06, 2.14116289499e-06, 2.4797604965e-06, 2.17713386519e-06, 1.68809629031e-06, 1.30190824166e-06, 1.04721209482e-06, 7.40082839457e-07, 5.10111249241e-07, 3.20264291531e-07],
        "min": [5.08402117968e-24, 3.03128993061e-24, 6.05144824498e-24, 7.06987713995e-24, 6.02538822498e-24, 6.74121007671e-24, 1.07790995386e-23, 7.87523628214e-24, 4.31955540353e-24, 9.48961882544e-24, 2.42727688485e-23, 2.22631520033e-23, 1.02785278512e-23, 1.12125328521e-23, 1.70227553208e-23, 2.40021800917e-23, 9.29401603082e-24, 1.46806730472e-23, 1.01000654263e-23, 5.26462062874e-24, 9.33944653035e-24, 8.20803460995e-24, 6.68689621452e-24, 8.25355109532e-24, 7.59792248611e-24, 1.04292783813e-23, 1.44876245842e-23, 8.18193593576e-24, 1.33870437145e-23, 1.22946441213e-23, 1.30989296238e-23, 9.19684729996e-24, 8.16699806566e-24, 1.17172476369e-23, 1.03244364004e-23, 7.42042010496e-24, 9.95277799555e-24, 7.99725965355e-24, 1.31952463849e-23, 1.17961865812e-23],
        "var": [2.49279787568e-06, 6.73699651088e-06, 4.11683913626e-06, 4.65811081085e-06, 2.74898138741e-06, 1.00491661215e-06, 2.33836104258e-07, 2.22703718578e-07, 4.29162128057e-07, 2.79028057548e-07, 1.34668340479e-07, 1.00168513484e-07, 7.18793131682e-08, 2.20184581678e-08, 9.47553768782e-09, 1.66847122784e-08, 2.09025685649e-08, 1.28835155877e-08, 5.814750903e-09, 6.30767305054e-09, 3.00591795899e-09, 2.29395458184e-09, 1.85566717548e-09, 8.98095986468e-10, 8.85388318217e-10, 6.35428376583e-10, 2.61632160381e-10, 7.86223239291e-11, 4.62327294504e-11, 3.83398209014e-11, 3.36920387423e-11, 4.46036367563e-11, 5.53486631527e-11, 5.18804513239e-11, 3.44270063846e-11, 3.02920258322e-11, 1.81685465284e-11, 1.22791525212e-11, 4.74782973353e-12, 1.18822779307e-12]
    },
    "mfcc": {
        "mean": [-620.490356445, 105.640327454, -0.9794729352, 15.2750968933, 2.93531107903, 5.5882267952, -6.4491724968, 7.60454893112, -7.25445652008, 1.07253623009, -1.63368916512, -4.54408073425, -3.76497745514],
        "cov": [[2276.46484375, -384.222290039, -35.3933181763, -197.656997681, -65.028793335, -42.4907836914, 27.9550895691, 56.5484542847, 1.64530456066, 86.8220672607, 72.1764984131, -57.6860313416, -46.1704406738], [-384.222290039, 919.43951416, 28.7884941101, 173.31539917, 138.379058838, 29.1432533264, 23.2692337036, 30.7785167694, -37.227848053, -23.121383667, 14.7583503723, 20.4796142578, 30.0142784119], [-35.3933181763, 28.7884941101, 906.263916016, 238.140258789, 218.255737305, 181.474868774, 27.0121917725, -53.0759010315, 31.341676712, -6.14047861099, -17.1669578552, 53.5462493896, 36.6799621582], [-197.656997681, 173.31539917, 238.140258789, 401.403808594, 234.881591797, 68.4353408813, -26.1382465363, -20.7073459625, 43.9271354675, 0.1230988428, -18.737859726, 33.8583145142, 43.0053062439], [-65.028793335, 138.379058838, 218.255737305, 234.881591797, 341.834197998, 92.8672027588, -5.37661838531, 9.56723022461, 41.8566246033, 21.9355144501, -3.70984864235, 7.22203636169, 26.7960624695], [-42.4907836914, 29.1432533264, 181.474868774, 68.4353408813, 92.8672027588, 202.591125488, 103.938774109, 48.1378250122, 47.9276199341, 20.5996780396, 20.9444389343, 24.3752346039, 12.2987098694], [27.9550895691, 23.2692337036, 27.0121917725, -26.1382465363, -5.37661838531, 103.938774109, 200.23614502, 80.9925842285, 33.6899833679, 29.2480354309, 40.7665786743, 19.3094806671, -1.59197723866], [56.5484542847, 30.7785167694, -53.0759010315, -20.7073459625, 9.56723022461, 48.1378250122, 80.9925842285, 152.533493042, 54.2928123474, 41.5879707336, 47.7511024475, 2.00903534889, 4.68893671036], [1.64530456066, -37.227848053, 31.341676712, 43.9271354675, 41.8566246033, 47.9276199341, 33.6899833679, 54.2928123474, 129.306030273, 54.4706039429, 15.3189916611, 18.9253101349, 13.5273523331], [86.8220672607, -23.121383667, -6.14047861099, 0.1230988428, 21.9355144501, 20.5996780396, 29.2480354309, 41.5879707336, 54.4706039429, 107.826271057, 49.5775604248, 8.45255184174, 6.16058111191], [72.1764984131, 14.7583503723, -17.1669578552, -18.737859726, -3.70984864235, 20.9444389343, 40.7665786743, 47.7511024475, 15.3189916611, 49.5775604248, 100.947906494, 18.9585418701, 4.49657249451], [-57.6860313416, 20.4796142578, 53.5462493896, 33.8583145142, 7.22203636169, 24.3752346039, 19.3094806671, 2.00903534889, 18.9253101349, 8.45255184174, 18.9585418701, 90.8758163452, 32.9676933289], [-46.1704406738, 30.0142784119, 36.6799621582, 43.0053062439, 26.7960624695, 12.2987098694, -1.59197723866, 4.68893671036, 13.5273523331, 6.16058111191, 4.49657249451, 32.9676933289, 77.1740570068]],
