{
"lowlevel": {
    "average_loudness": 0.960516750813,
    "barkbands_crest": {
        "dmean": 2.02729678154,
        "dmean2": 3.23934650421,
        "dvar": 3.98984456062,
        "dvar2": 10.1147670746,
        "max": 25.7989768982,
        "mean": 9.99706268311,
        "median": 9.1594209671,
        "min": 2.63328576088,
        "var": 16.2236690521
    },
    "barkbands_flatness_db": {
        "dmean": 0.0155594451353,
        "dmean2": 0.0241336803883,
        "dvar": 0.000234485705732,
        "dvar2": 0.000508369063027,
        "max": 0.399974822998,
        "mean": 0.169860169291,
        "median": 0.160998821259,
        "min": 0.0395525544882,
        "var": 0.00190014741383
    },
    "barkbands_kurtosis": {
        "dmean": 2.03404951096,
        "dmean2": 3.13388419151,
        "dvar": 12.9159431458,
        "dvar2": 30.3688392639,
        "max": 102.063667297,
        "mean": 4.68898105621,
        "median": 2.09595632553,
        "min": -1.8169336319,
        "var": 62.713104248
    },
    "barkbands_skewness": {
        "dmean": 0.373935073614,
        "dmean2": 0.554264962673,
        "dvar": 0.164321154356,
        "dvar2": 0.369336724281,
        "max": 7.91167926788,
        "mean": 1.39642989635,
        "median": 1.24589443207,
        "min": -1.95668339729,
        "var": 1.65985512733
    },
    "barkbands_spread": {
        "dmean": 3.17923617363,
        "dmean2": 4.69469928741,
        "dvar": 19.409412384,
        "dvar2": 38.0406761169,
        "max": 84.8740005493,
        "mean": 16.5842933655,
        "median": 14.9028902054,
        "min": 0.771624267101,
        "var": 90.7664794922
    },
    "dissonance": {
        "dmean": 0.0204982534051,
        "dmean2": 0.034401897341,
        "dvar": 0.00039498845581,
        "dvar2": 0.00108547008131,
        "max": 0.500000119209,
        "mean": 0.454043120146,
        "median": 0.460079818964,
        "min": 0.254353553057,
        "var": 0.000887912814505
    },
    "dynamic_complexity": 2.13265514374,
    "erbbands_crest": {
        "dmean": 2.27015781403,
        "dmean2": 3.57819795609,
        "dvar": 4.92732095718,
        "dvar2": 11.8355875015,
        "max": 29.4242324829,
        "mean": 9.86649513245,
        "median": 9.1352481842,
        "min": 2.71754956245,
        "var": 16.6320419312
    },
    "erbbands_flatness_db": {
        "dmean": 0.0127964392304,
        "dmean2": 0.0183741785586,
        "dvar": 0.000179797032615,
        "dvar2": 0.000320948049193,
        "max": 0.36481076479,
        "mean": 0.197203040123,
        "median": 0.198585703969,
        "min": 0.084023758769,
        "var": 0.00158238725271
    },
    "erbbands_kurtosis": {
        "dmean": 0.826703190804,
        "dmean2": 1.26385891438,
        "dvar": 1.06305444241,
        "dvar2": 2.37612771988,
        "max": 26.5108222961,
        "mean": 1.23510491848,
        "median": 0.409689188004,
        "min": -1.83126068115,
        "var": 6.88549375534
    },
    "erbbands_skewness": {
        "dmean": 0.282879829407,
        "dmean2": 0.42997315526,
        "dvar": 0.0735603272915,
        "dvar2": 0.162710756063,
        "max": 4.79800748825,
        "mean": 0.6447224617,
        "median": 0.626685738564,
        "min": -1.61132848263,
        "var": 0.493691951036
    },
    "erbbands_spread": {
        "dmean": 5.40988683701,
        "dmean2": 7.94469881058,
        "dvar": 50.0662651062,
        "dvar2": 94.2977828979,
        "max": 134.130477905,
        "mean": 32.1962966919,
        "median": 28.8625621796,
        "min": 3.39356374741,
        "var": 320.868347168
    },
    "hfc": {
        "dmean": 4.49016237259,
        "dmean2": 6.33843326569,
        "dvar": 38.7981033325,
        "dvar2": 69.5805130005,
        "max": 194.142974854,
        "mean": 21.7214221954,
        "median": 17.5755023956,
        "min": 1.21481663819e-16,
        "var": 246.087295532
    },
    "melbands_crest": {
        "dmean": 2.42614388466,
        "dmean2": 3.82960796356,
        "dvar": 5.61793613434,
        "dvar2": 14.1657590866,
        "max": 32.8176994324,
        "mean": 12.7656526566,
        "median": 11.9948816299,
        "min": 1.8483915329,
        "var": 25.2837772369
    },
    "melbands_flatness_db": {
        "dmean": 0.016105985269,
        "dmean2": 0.0233661327511,
        "dvar": 0.000309933820972,
        "dvar2": 0.000618638587184,
        "max": 0.493808269501,
        "mean": 0.193559169769,
        "median": 0.184230774641,
        "min": 0.00417248997837,
        "var": 0.00324616394937
    },
    "melbands_kurtosis": {
        "dmean": 4.01873970032,
        "dmean2": 6.18616437912,
        "dvar": 51.9978218079,
        "dvar2": 126.645553589,
        "max": 182.736480713,
        "mean": 11.1647310257,
        "median": 5.42871379852,
        "min": -1.41475939751,
        "var": 266.631072998
    },
    "melbands_skewness": {
        "dmean": 0.463885724545,
        "dmean2": 0.686296463013,
        "dvar": 0.272875249386,
        "dvar2": 0.592775523663,
        "max": 9.70684051514,
        "mean": 2.10238242149,
        "median": 1.93877530098,
        "min": -1.49321389198,
        "var": 2.82915377617
    },
    "melbands_spread": {
        "dmean": 4.00742816925,
        "dmean2": 6.0135884285,
        "dvar": 27.3449440002,
        "dvar2": 55.7233772278,
        "max": 166.829788208,
        "mean": 20.7290439606,
        "median": 19.1282920837,
        "min": 0.64977234602,
        "var": 151.627426147
    },
    "pitch_salience": {
        "dmean": 0.051382150501,
        "dmean2": 0.0819136723876,
        "dvar": 0.00226657884195,
        "dvar2": 0.00572950672358,
        "max": 0.931536257267,
        "mean": 0.58075273037,
        "median": 0.582725942135,
        "min": 0.145674794912,
        "var": 0.00981789082289
    },
    "silence_rate_20dB": {
        "dmean": 0,
        "dmean2": 0,
        "dvar": 0,
        "dvar2": 0,
        "max": 1,
        "mean": 1,
        "median": 1,
        "min": 1,
        "var": 0
    },
    "silence_rate_30dB": {
        "dmean": 0.000736015674192,
        "dmean2": 0.00147221202496,
        "dvar": 0.000735422829166,
        "dvar2": 0.0022059455514,
        "max": 1,
        "mean": 0.999632060528,
        "median": 1,
        "min": 0,
        "var": 0.000367830594769
    },
    "silence_rate_60dB": {
        "dmean": 0.00613346416503,
        "dmean2": 0.0122684333473,
        "dvar": 0.00609612092376,
        "dvar2": 0.0155540620908,
        "max": 1,
        "mean": 0.0122654233128,
        "median": 0,
        "min": 0,
        "var": 0.0121145006269
    },
    "spectral_centroid": {
        "dmean": 147.468612671,
        "dmean2": 216.014862061,
        "dvar": 41095.40625,
        "dvar2": 69743.125,
        "max": 10984.7978516,
        "mean": 1151.78149414,
        "median": 1118.10620117,
        "min": 165.454833984,
        "var": 269534.0625
    },
    "spectral_complexity": {
        "dmean": 2.4425907135,
        "dmean2": 3.81253838539,
        "dvar": 5.04586791992,
        "dvar2": 10.9323282242,
        "max": 56,
        "mean": 18.2584323883,
        "median": 17,
        "min": 0,
        "var": 57.0174560547
    },
    "spectral_decrease": {
        "dmean": 1.40510159063e-09,
        "dmean2": 2.05229233607e-09,
        "dvar": 2.75048058868e-18,
        "dvar2": 5.57365918626e-18,
        "max": 2.59835785204e-29,
        "mean": -6.6576770763e-09,
        "median": -6.61730403806e-09,
        "min": -3.08367305024e-08,
        "var": 1.22655317302e-17
    },
    "spectral_energy": {
        "dmean": 0.0056452350691,
        "dmean2": 0.00821852777153,
        "dvar": 4.39030845882e-05,
        "dvar2": 8.77966522239e-05,
        "max": 0.121798679233,
        "mean": 0.0270978435874,
        "median": 0.0269694440067,
        "min": 1.09206824006e-20,
        "var": 0.000201030634344
    },
    "spectral_energyband_high": {
        "dmean": 0.000152632768732,
        "dmean2": 0.000219998502871,
        "dvar": 1.64436329442e-07,
        "dvar2": 3.43853884033e-07,
        "max": 0.0131342858076,
        "mean": 0.000460982730146,
        "median": 0.000320258754073,
        "min": 8.04514409741e-21,
        "var": 3.49606779082e-07
    },
    "spectral_energyband_low": {
        "dmean": 0.000956471834797,
        "dmean2": 0.00155682512559,
        "dvar": 3.00188548863e-06,
        "dvar2": 7.4681197475e-06,
        "max": 0.0586579293013,
        "mean": 0.00361195974983,
        "median": 0.00244762538932,
        "min": 9.41718735261e-23,
        "var": 1.72416839632e-05
    },
    "spectral_energyband_middle_high": {
        "dmean": 0.00221361173317,
        "dmean2": 0.00314120785333,
        "dvar": 1.23349373098e-05,
        "dvar2": 2.2941527277e-05,
        "max": 0.0694752931595,
        "mean": 0.00855713989586,
        "median": 0.0043961214833,
        "min": 1.34467225566e-21,
        "var": 8.96473429748e-05
    },
    "spectral_energyband_middle_low": {
        "dmean": 0.00427323859185,
        "dmean2": 0.0062918998301,
        "dvar": 3.33282005158e-05,
        "dvar2": 7.17829243513e-05,
        "max": 0.102051012218,
        "mean": 0.0156753845513,
        "median": 0.012917230837,
        "min": 3.35013625934e-22,
        "var": 0.000133237423142
    },
    "spectral_entropy": {
        "dmean": 0.119618549943,
        "dmean2": 0.174039199948,
        "dvar": 0.0184122119099,
        "dvar2": 0.0343544147909,
        "max": 9.80889511108,
        "mean": 7.37954998016,
        "median": 7.42307424545,
        "min": 5.54061889648,
        "var": 0.141895532608
    },
    "spectral_flux": {
        "dmean": 0.018954468891,
        "dmean2": 0.0301138870418,
        "dvar": 0.000425589299994,
        "dvar2": 0.000995815498754,
        "max": 0.286234408617,
        "mean": 0.070224635303,
        "median": 0.0635301843286,
        "min": 1.04502066722e-10,
        "var": 0.00121028523427
    },
    "spectral_kurtosis": {
        "dmean": 1.53111243248,
        "dmean2": 2.62683415413,
        "dvar": 2.5181183815,
        "dvar2": 7.10283279419,
        "max": 30.2893867493,
        "mean": 4.39106369019,
        "median": 4.00528764725,
        "min": -1.20765006542,
        "var": 6.30833482742
    },
    "spectral_rms": {
        "dmean": 0.000543772475794,
        "dmean2": 0.000782251649071,
        "dvar": 3.58813906587e-07,
        "dvar2": 6.67332926696e-07,
        "max": 0.0109008243307,
        "mean": 0.00494308350608,
        "median": 0.00512948865071,
        "min": 3.26409624156e-12,
        "var": 2.00277463591e-06
    },
    "spectral_rolloff": {
        "dmean": 236.797851562,
        "dmean2": 386.26171875,
        "dvar": 344176.5625,
        "dvar2": 710105,
        "max": 18712.3535156,
        "mean": 1274.66088867,
        "median": 1098.19335938,
        "min": 107.666015625,
        "var": 913277.5625
    },
    "spectral_skewness": {
        "dmean": 0.190596178174,
        "dmean2": 0.312998563051,
        "dvar": 0.0326930172741,
        "dvar2": 0.0803713947535,
        "max": 4.03457164764,
        "mean": 1.61562526226,
        "median": 1.5969504118,
        "min": 0.00955450627953,
        "var": 0.151059538126
    },
    "spectral_spread": {
        "dmean": 362201.40625,
        "dmean2": 529101.6875,
        "dvar": 412465496064,
        "dvar2": 604892102656,
        "max": 40423692,
        "mean": 4171640.25,
        "median": 3977882.25,
        "min": 1804461.375,
        "var": 1.63876267622e+12
    },
    "spectral_strongpeak": {
        "dmean": 0.628866076469,
        "dmean2": 1.01986944675,
        "dvar": 0.834533274174,
        "dvar2": 1.98595499992,
        "max": 14.9198064804,
        "mean": 1.72238278389,
        "median": 1.09724223614,
        "min": 0,
        "var": 2.77425146103
    },
    "zerocrossingrate": {
        "dmean": 0.00652896473184,
        "dmean2": 0.00773881748319,
        "dvar": 8.74875840964e-05,
        "dvar2": 8.80838706507e-05,
        "max": 0.56103515625,
        "mean": 0.0532809905708,
        "median": 0.05126953125,
        "min": 0.005859375,
        "var": 0.000672492489684
    },
    "barkbands": {
        "dmean": [9.68670210568e-05, 0.000467481004307, 0.00034472005791, 0.000732291315217, 0.00157944392413, 0.00174022617284, 0.000680911471136, 0.000548804120626, 0.00108837673906, 0.000731219886802, 0.000855527818203, 0.00053671898786, 0.000399519136408, 0.000569701311179, 0.000298401166219, 0.000209007805097, 0.000203265619348, 0.000165809105965, 0.000102501173387, 7.87514291005e-05, 4.00270509999e-05, 2.65067810687e-05, 3.5654844396e-05, 4.09173262597e-05, 1.74354227056e-05, 3.77904250115e-08, 1.2248285719e-09],
        "dmean2": [0.000172233543708, 0.000811194709968, 0.000538586755283, 0.00106312450953, 0.00241932738572, 0.00262528541498, 0.00100243603811, 0.000811697158497, 0.00161056825891, 0.00106137886178, 0.00131637556478, 0.000764088938013, 0.000617578742094, 0.000869361450896, 0.000465118821012, 0.00032621822902, 0.000323245389154, 0.000260938046267, 0.000160349241924, 0.000121307217341, 6.2417188019e-05, 4.08540181525e-05, 5.40514083696e-05, 6.05462773819e-05, 2.60747401626e-05, 6.39834709659e-08, 2.28455698803e-09],
        "dvar": [2.1713290721e-08, 1.03702075194e-06, 5.81646645514e-07, 2.64681898443e-06, 1.05449507828e-05, 1.21544908325e-05, 2.16058197111e-06, 2.98429540635e-06, 5.64493302591e-06, 2.72997226602e-06, 3.15200418299e-06, 2.25174881052e-06, 1.07561061213e-06, 1.94897074834e-06, 1.2298985439e-06, 3.44362405258e-07, 3.64015818377e-07, 9.55207966058e-08, 3.8597853802e-08, 1.90169000547e-08, 1.71866325616e-08, 1.29330297582e-08, 2.04114289915e-08, 9.93283766348e-09, 2.45764941731e-09, 1.36716928333e-14, 4.06964357959e-17],
        "dvar2": [6.87910883812e-08, 2.82871906165e-06, 1.14559475151e-06, 7.49042465031e-06, 2.4635633963e-05, 2.68988696916e-05, 4.85522969029e-06, 6.37733637632e-06, 1.16835281005e-05, 5.70414977119e-06, 7.44441422285e-06, 4.01955048801e-06, 2.43086969931e-06, 4.34183675679e-06, 2.8697252219e-06, 7.62025251788e-07, 8.35229684526e-07, 2.1296632724e-07, 8.98813254935e-08, 4.2095720687e-08, 3.58867779937e-08, 2.90260171454e-08, 4.55580710934e-08, 2.15512478974e-08, 5.27616306201e-09, 3.59862591386e-14, 1.21875388555e-16],
        "max": [0.00240455381572, 0.0521446093917, 0.0237764529884, 0.0443589389324, 0.0836386308074, 0.0827227756381, 0.0437105745077, 0.0502916499972, 0.0563382953405, 0.0344221480191, 0.0358745343983, 0.0450215898454, 0.0263713952154, 0.0252300612628, 0.052438929677, 0.0209199581295, 0.0294451396912, 0.0140276867896, 0.00686028273776, 0.00359291164204, 0.00612276280299, 0.00417816033587, 0.00637112976983, 0.00296393618919, 0.00129516446032, 2.79417122329e-06, 3.99395446493e-07],
        "mean": [0.000232019592659, 0.00146831618622, 0.000907947949599, 0.00216836691834, 0.00397344818339, 0.00423834612593, 0.00160415226128, 0.000918589590583, 0.00234644138254, 0.00144820741843, 0.00192407576833, 0.00137559790164, 0.000759554153774, 0.00106608925853, 0.00049092923291, 0.000455812667497, 0.000496711872984, 0.000399829441449, 0.00026458161301, 0.000197648347239, 8.90220035217e-05, 5.6085678807e-05, 7.52987689339e-05, 0.000102640871773, 3.80803066946e-05, 3.97315318423e-08, 1.0044373111e-09],
        "median": [7.51984553062e-05, 0.000859547057189, 0.000310869916575, 0.000727611070033, 0.00171597010922, 0.00192201719619, 0.000662264938001, 0.000289424846414, 0.000960856676102, 0.000322395091644, 0.000360835401807, 0.000205716845812, 0.00019135986804, 0.000209843768971, 0.000143561905134, 0.000124974903883, 0.000138489660458, 0.000168864717125, 0.000147178448969, 0.000123700738186, 4.49018662039e-05, 3.01187828882e-05, 4.14800888393e-05, 5.27553929714e-05, 1.83545380423e-05, 9.21396825504e-09, 4.14188960907e-10],
        "min": [6.24518301697e-24, 4.26363415836e-23, 3.60174073138e-23, 1.44296385745e-23, 3.73426904791e-23, 2.39196115984e-23, 8.26390552579e-23, 9.44000562761e-23, 7.05745636723e-23, 7.05662900991e-23, 7.46083692012e-23, 7.74408594784e-23, 7.37664905323e-23, 7.48326392011e-23, 1.26224484863e-22, 1.98807071881e-22, 1.4043545435e-22, 2.37866200628e-22, 1.93828261475e-22, 2.50030662978e-22, 3.95243067695e-22, 5.72875737107e-22, 5.96196838359e-22, 1.23135820526e-21, 1.34171674095e-21, 1.658266907e-21, 2.2442238007e-21],
        "var": [8.94577851795e-08, 4.18229365096e-06, 3.74915157408e-06, 1.22157262012e-05, 3.74057708541e-05, 4.00731441914e-05, 6.77124944559e-06, 5.13493159815e-06, 1.5064721083e-05, 7.81273502071e-06, 1.57545891852e-05, 1.2787488231e-05, 2.5767860734e-06, 5.02205512021e-06, 1.78511675131e-06, 1.00053125607e-06, 1.4242883708e-06, 4.00838644055e-07, 1.33815632353e-07, 5.69488918245e-08, 3.56522278366e-08, 1.86906845556e-08, 2.81319945117e-08, 2.53244554216e-08, 5.81734660443e-09, 1.60751810084e-14, 2.1357441111e-17]
    },
    "erbbands": {
        "dmean": [0.0190482679754, 0.092304110527, 0.323240906, 1.46750509739, 3.56176567078, 6.14053106308, 9.66855239868, 14.5842552185, 10.8651313782, 11.0180425644, 13.8828830719, 25.1462230682, 22.5387496948, 21.6848297119, 29.6544342041, 20.511472702, 18.6660308838, 21.8528575897, 19.2451572418, 15.8171319962, 9.93162441254, 9.76406574249, 8.11446475983, 6.76473808289, 4.17074775696, 3.7412686348, 2.26745319366, 1.10509729385, 0.928789794445, 1.00191140175, 1.06621539593, 0.936647176743, 0.66617846489, 0.284183591604, 0.0780186578631, 0.00491283275187, 0.000132302186103, 1.06079805846e-05, 3.92569154428e-06, 6.66101277602e-06],
        "dmean2": [0.0327303186059, 0.159419700503, 0.508450448513, 2.17267608643, 5.34046268463, 9.40315914154, 14.6483592987, 21.5854358673, 16.2596073151, 16.2710456848, 20.0504207611, 36.7648735046, 33.0824356079, 31.2889575958, 44.9288711548, 28.7942962646, 28.0460262299, 32.8896636963, 28.7623729706, 24.9602527618, 15.5414390564, 15.4630041122, 12.6461782455, 10.292755127, 6.48268938065, 5.78665447235, 3.47482728958, 1.70333993435, 1.43742454052, 1.51595509052, 1.62531399727, 1.40880978107, 0.998767435551, 0.426687330008, 0.114715509117, 0.0073786820285, 0.000194025080418, 1.53112614498e-05, 5.65809386899e-06, 9.67400319496e-06],
        "dvar": [0.00149210251402, 0.0460555106401, 0.486501693726, 10.227022171, 61.3578109741, 157.713500977, 472.049530029, 986.174499512, 726.825500488, 544.612915039, 2048.24121094, 3585.54296875, 2239.25146484, 2219.12011719, 3605.55126953, 3196.27636719, 2015.80529785, 3254.59960938, 4292.08398438, 2048.21362305, 696.260864258, 1055.59130859, 328.033874512, 184.25213623, 56.8329544067, 43.4170799255, 30.0657444, 27.8593063354, 18.3899707794, 15.4015579224, 17.6103782654, 6.19928216934, 2.63206458092, 0.63989084959, 0.0644596964121, 0.000207927296287, 1.4601056364e-07, 8.1757528525e-10, 2.98827872169e-11, 6.001697056e-11],
        "dvar2": [0.00418219203129, 0.123966425657, 1.02148234844, 27.975358963, 150.082138062, 389.63369751, 1070.25341797, 2185.34082031, 1636.8092041, 1208.18701172, 4267.27001953, 7818.60351562, 4713.8359375, 4805.16162109, 8360.58203125, 5811.77978516, 4369.03710938, 7298.01708984, 8914.78222656, 4796.39697266, 1631.34484863, 2569.73925781, 715.978088379, 407.295135498, 135.261383057, 98.3657226562, 65.4203872681, 55.5779800415, 41.5862731934, 32.9753570557, 41.4811248779, 14.7143974304, 5.5743227005, 1.36664652824, 0.139847233891, 0.000464108015876, 3.15952064511e-07, 1.74424386046e-09, 6.28694180049e-11, 1.1837245073e-10],
        "max": [1.82251179218, 10.3516769409, 19.0912876129, 83.6209640503, 236.690460205, 309.834777832, 503.533966064, 868.940795898, 752.203918457, 457.301330566, 1358.64697266, 1712.68432617, 1038.66845703, 1099.55944824, 1194.76879883, 2217.69726562, 981.650634766, 1231.29418945, 3438.08178711, 1328.83557129, 642.237365723, 1947.56115723, 1037.17199707, 657.63885498, 231.87147522, 177.893066406, 198.747039795, 282.568939209, 156.667724609, 149.28755188, 196.469665527, 88.7539901733, 43.1024856567, 19.194644928, 9.34229183197, 0.493005871773, 0.0127082820982, 0.000820494082291, 0.000111375629785, 0.000141477241414],
        "mean": [0.0635296851397, 0.252078056335, 0.888604521751, 4.5232758522, 9.10307788849, 15.0715646744, 23.6732654572, 34.7326507568, 24.9927711487, 22.7854595184, 27.9595794678, 50.5997772217, 49.659740448, 53.0590858459, 72.3553924561, 54.2308692932, 42.0542945862, 43.3755378723, 37.0616149902, 29.8504543304, 27.2655887604, 26.3051719666, 20.8230743408, 18.0708198547, 11.5717487335, 9.53408813477, 5.73385858536, 2.29033184052, 1.93018770218, 2.09328389168, 2.24954223633, 2.25102090836, 1.56771218777, 0.638489663601, 0.159248366952, 0.0091757979244, 0.000291621516226, 2.85794412775e-05, 1.88373687706e-05, 3.31473711412e-05],
        "median": [0.0234279818833, 0.151200369, 0.433244228363, 1.78515827656, 4.36663627625, 6.12166023254, 10.7735900879, 15.6338291168, 9.44945335388, 9.97784996033, 10.0161705017, 22.2489871979, 17.3702945709, 13.5679359436, 15.368309021, 10.0360622406, 10.8654880524, 10.5444450378, 8.72974300385, 10.4807157516, 6.8932762146, 7.97196626663, 8.41876029968, 9.37525272369, 7.05875396729, 5.84089136124, 3.39358639717, 1.12399792671, 0.992929399014, 1.12882268429, 1.249106884, 1.13709330559, 0.827734947205, 0.313461452723, 0.069880977273, 0.00370650412515, 0.000148130813614, 1.77334295586e-05, 1.7703136109e-05, 3.29698013957e-05],
        "min": [2.2415116338e-21, 6.03814866859e-21, 2.88931667649e-20, 5.8466308305e-20, 8.37144778513e-20, 1.5056777072e-19, 5.94009900855e-20, 2.82690964743e-19, 1.37059484802e-18, 1.10960426871e-18, 1.73449072803e-18, 1.00236257704e-18, 2.49761085503e-18, 3.10163240719e-18, 2.62030965722e-18, 3.29921359548e-18, 3.18834595759e-18, 3.91911515424e-18, 4.50660446787e-18, 8.89231979794e-18, 9.73702340459e-18, 9.70435638784e-18, 1.31928739888e-17, 1.01831434156e-17, 9.95541149401e-18, 9.92964895383e-18, 1.55399873964e-17, 2.00063027918e-17, 2.07161610693e-17, 1.53320920931e-17, 2.04373846593e-17, 2.23721799644e-17, 2.16706861372e-17, 1.20209046446e-17, 1.0027168585e-17, 6.05050854347e-18, 3.28766863567e-18, 1.3533542327e-18, 3.31331201014e-19, 3.07240664273e-20],
        "var": [0.00824939738959, 0.127090841532, 2.30379462242, 52.5787734985, 202.418762207, 552.924865723, 1574.65612793, 2888.03222656, 2014.91796875, 1505.8170166, 4400.80419922, 7554.26220703, 6060.75585938, 10123.7783203, 18356.59375, 16137.1318359, 6307.11279297, 7857.74316406, 8563.70214844, 4112.56396484, 3232.29394531, 3638.05712891, 1333.6862793, 690.739685059, 201.302612305, 131.326156616, 75.090461731, 53.0117721558, 26.178560257, 23.1772861481, 22.73528862, 13.2649412155, 6.28181648254, 1.48582398891, 0.144615054131, 0.000459484610474, 3.50335398025e-07, 2.05674677289e-09, 1.20443197082e-10, 2.90386020785e-10]
    },
    "gfcc": {
        "mean": [-9.94462776184, 117.175003052, -147.198043823, 37.2279396057, -79.3650360107, 16.5536403656, -47.2930526733, 6.97871637344, -22.707025528, -15.9592790604, 3.17170810699, -17.7090091705, 6.86120128632],
        "cov": [[2147.21557617, -298.039245605, -277.000640869, -39.6579856873, -44.9477539062, 262.984436035, -20.7170715332, 229.288864136, 61.1327552795, 157.013702393, 155.613311768, 69.8106613159, 6.50437784195], [-298.039245605, 676.39831543, 293.449768066, 22.7853012085, 118.507972717, -118.587142944, 76.908706665, -75.8600387573, -15.3526344299, -108.378646851, 2.3715877533, -80.8807907104, 12.0652093887], [-277.000640869, 293.449768066, 835.468261719, 273.83291626, 5.28146648407, -10.9953250885, -98.8724594116, 30.2734870911, -29.7696895599, -35.5269241333, -80.8247909546, -3.91343998909, -38.5588340759], [-39.6579856873, 22.7853012085, 273.83291626, 404.488128662, 67.8690719604, -102.749511719, -108.721054077, 19.5351867676, 127.294754028, -14.2389955521, -100.32434082, 33.6576576233, -20.7051486969], [-44.9477539062, 118.507972717, 5.28146648407, 67.8690719604, 168.939361572, 30.1450977325, 26.9980278015, 9.89932346344, 38.8130912781, 3.19256234169, -1.13994824886, 0.0365773700178, 9.0132188797], [262.984436035, -118.587142944, -10.9953250885, -102.749511719, 30.1450977325, 382.962738037, 179.706497192, 52.5173568726, -60.1139373779, 102.143280029, 69.4964370728, 37.8024902344, -11.5820217133], [-20.7170715332, 76.908706665, -98.8724594116, -108.721054077, 26.9980278015, 179.706497192, 254.231033325, -0.580756783485, -56.5471725464, 20.809419632, 48.3978385925, -1.44170975685, 2.03067350388], [229.288864136, -75.8600387573, 30.2734870911, 19.5351867676, 9.89932346344, 52.5173568726, -0.580756783485, 165.51399231, 65.2964935303, 43.724773407, 43.222366333, 39.3852844238, 9.40504169464], [61.1327552795, -15.3526344299, -29.7696895599, 127.294754028, 38.8130912781, -60.1139373779, -56.5471725464, 65.2964935303, 196.537902832, 50.6947631836, 1.99861574173, 45.063709259, 11.1736927032], [157.013702393, -108.378646851, -35.5269241333, -14.2389955521, 3.19256234169, 102.143280029, 20.809419632, 43.724773407, 50.6947631836, 149.357574463, 51.8529129028, 52.104473114, 11.5072994232], [155.613311768, 2.3715877533, -80.8247909546, -100.32434082, -1.13994824886, 69.4964370728, 48.3978385925, 43.222366333, 1.99861574173, 51.8529129028, 164.688095093, 43.5616416931, 36.0601730347], [69.8106613159, -80.8807907104, -3.91343998909, 33.6576576233, 0.0365773700178, 37.8024902344, -1.44170975685, 39.3852844238, 45.063709259, 52.104473114, 43.5616416931, 106.01222229, 24.4101390839], [6.50437784195, 12.0652093887, -38.5588340759, -20.7051486969, 9.0132188797, -11.5820217133, 2.03067350388, 9.40504169464, 11.1736927032, 11.5072994232, 36.0601730347, 24.4101390839, 71.1428985596]],
        "icov": [[0.000880415842403, -0.000985192833468, 0.0012305440614, -0.00116356438957, 0.0012314071646, -0.00145854160655, 0.00155729264952, -0.00157845835201, 0.000974775117356, -0.000540880020708, -0.000261798675638, 0.000121141274576, 0.000211174148717], [-0.000985192833468, 0.007191428449, -0.00538664637133, 0.00430374825373, -0.00603344617411, 0.00539842480794, -0.00649911956862, 0.00485898833722, -0.00457992777228, 0.00282793981023, -0.00211534881964, 0.00243576755747, -0.00111173233017], [0.0012305440614, -0.00538664637133, 0.00630768015981, -0.00544901564717, 0.00510806404054, -0.00493895309046, 0.00592126650736, -0.00497677456588, 0.00526398606598, -0.00216714455746, 0.00106284499634, -0.00111693097278, 0.0010398584418], [-0.00116356438957, 0.00430374825373, -0.00544901564717, 0.00941919535398, -0.00587256299332, 0.00438657728955, -0.00400441326201, 0.00422026496381, -0.0065955305472, 0.00250992155634, 0.00191323261242, -0.0016347138444, 0.000400080927648], [0.0012314071646, -0.00603344617411, 0.00510806404054, -0.00587256299332, 0.0127338236198, -0.00628088787198, 0.00502276374027, -0.00425486173481, 0.00258347205818, -0.00157583667897, 0.000873844546732, 3.70313282474e-05, -0.000853139499668], [-0.00145854160655, 0.00539842480794, -0.00493895309046, 0.00438657728955, -0.00628088787198, 0.0111070126295, -0.00892324745655, 0.00283745164052, -0.00118156336248, -0.00162947177887, -0.00101185403764, -0.00021906659822, 0.00133833603468], [0.00155729264952, -0.00649911956862, 0.00592126650736, -0.00400441326201, 0.00502276374027, -0.00892324745655, 0.0133983567357, -0.00461988244206, 0.00474338140339, -0.0013231288176, 0.000698454503436, -0.00122437358368, 0.000678022159263], [-0.00157845835201, 0.00485898833722, -0.00497677456588, 0.00422026496381, -0.00425486173481, 0.00283745164052, -0.00461988244206, 0.0129467677325, -0.00720642274246, 0.00263663823716, -0.00232849596068, 0.000280058593489, -0.000938024197239], [0.000974775117356, -0.00457992777228, 0.00526398606598, -0.0065955305472, 0.00258347205818, -0.00118156336248, 0.00474338140339, -0.00720642274246, 0.0144137591124, -0.00592031562701, 0.00084437377518, -0.00248880893923, 0.00103846238926], [-0.000540880020708, 0.00282793981023, -0.00216714455746, 0.00250992155634, -0.00157583667897, -0.00162947177887, -0.0013231288176, 0.00263663823716, -0.00592031562701, 0.0129526788369, -0.00210245116614, -0.00157856405713, -0.000808608834632], [-0.000261798675638, -0.00211534881964, 0.00106284499634, 0.00191323261242, 0.000873844546732, -0.00101185403764, 0.000698454503436, -0.00232849596068, 0.00084437377518, -0.00210245116614, 0.0111649958417, -0.00410917121917, -0.0025138258934], [0.000121141274576, 0.00243576755747, -0.00111693097278, -0.0016347138444, 3.70313282474e-05, -0.00021906659822, -0.00122437358368, 0.000280058593489, -0.00248880893923, -0.00157856405713, -0.00410917121917, 0.0161748025566, -0.00436848634854], [0.000211174148717, -0.00111173233017, 0.0010398584418, 0.000400080927648, -0.000853139499668, 0.00133833603468, 0.000678022159263, -0.000938024197239, 0.00103846238926, -0.000808608834632, -0.0025138258934, -0.00436848634854, 0.0180768631399]]
    },
    "melbands": {
        "dmean": [0.000145892219734, 0.000144648685819, 0.000291180127533, 0.000362882448826, 0.000313230993925, 0.000329056201736, 0.000154481269419, 0.000116284223623, 0.000132144952659, 0.000154887122335, 0.00011474188068, 9.0375666332e-05, 0.000123610880109, 5.78676990699e-05, 5.868547305e-05, 3.28946152877e-05, 4.62223251816e-05, 3.88207918149e-05, 2.12596387428e-05, 1.8170921976e-05, 1.32779705382e-05, 1.25678106997e-05, 7.29125713406e-06, 9.7142856248e-06, 5.80182813792e-06, 3.66975473298e-06, 3.03007345792e-06, 2.67143286692e-06, 1.73933597125e-06, 9.90822172753e-07, 6.06221533417e-07, 5.5338381344e-07, 5.71203656818e-07, 6.00429700626e-07, 6.61021033466e-07, 6.3539846451e-07, 6.11356313129e-07, 5.39647487585e-07, 3.81043406605e-07, 2.18268340291e-07],
        "dmean2": [0.000252335972618, 0.00023343594512, 0.000427067978308, 0.000551215780433, 0.000474175205454, 0.000490179285407, 0.000231269645155, 0.000172308515175, 0.000192013409105, 0.000227602213272, 0.000169031933183, 0.000129507767269, 0.00018945823831, 7.90564299677e-05, 8.54191021062e-05, 5.04628587805e-05, 6.97567229508e-05, 5.89808623772e-05, 3.32371746481e-05, 2.87941984425e-05, 2.08372493944e-05, 1.99907844944e-05, 1.14703025247e-05, 1.52970951603e-05, 8.9682835096e-06, 5.7844931689e-06, 4.72497004012e-06, 4.17857609136e-06, 2.71543603958e-06, 1.54087570081e-06, 9.50107335029e-07, 8.74126214967e-07, 8.89363093393e-07, 9.23186519231e-07, 1.02599346974e-06, 9.81205630524e-07, 9.31692511585e-07, 8.24643223041e-07, 5.75860497065e-07, 3.32304693984e-07],
        "dvar": [9.27672374473e-08, 9.22015601645e-08, 3.56888847364e-07, 6.77057073517e-07, 4.05069869203e-07, 4.69405790682e-07, 1.37204168027e-07, 6.76445566228e-08, 1.54253626761e-07, 1.29536232407e-07, 5.86145993964e-08, 4.12662934934e-08, 6.49077946946e-08, 3.05945206946e-08, 2.52099496834e-08, 6.70318289764e-09, 1.51856358599e-08, 1.62841846674e-08, 4.10758582703e-09, 2.87333401516e-09, 1.30646948815e-09, 1.77504144716e-09, 4.63214161472e-10, 3.34003963376e-10, 1.54222287718e-10, 4.13520225007e-11, 3.38215358497e-11, 2.17156587851e-11, 1.470403313e-11, 1.13825069162e-11, 1.09381297422e-11, 7.29948046452e-12, 4.16866671391e-12, 5.93056463313e-12, 6.88545054306e-12, 4.56107330724e-12, 2.21964829329e-12, 1.51343770415e-12, 1.16650948883e-12, 4.08462136727e-13],
        "dvar2": [2.56660797504e-07, 2.0723487637e-07, 1.00022145944e-06, 1.60432250595e-06, 9.15160569548e-07, 1.03146317088e-06, 3.10681315341e-07, 1.49605455135e-07, 3.14414705826e-07, 2.82335975044e-07, 1.23094622495e-07, 8.83546675823e-08, 1.55917859956e-07, 5.10015141231e-08, 4.94343552759e-08, 1.52151287125e-08, 3.40496910667e-08, 3.33356950932e-08, 9.10729713866e-09, 6.58241106066e-09, 3.15356563085e-09, 4.54051107823e-09, 9.60743706813e-10, 7.74288411165e-10, 3.51320167402e-10, 1.01263865349e-10, 7.91610943462e-11, 4.95650985533e-11, 3.38062251803e-11, 2.40487178782e-11, 2.30637436233e-11, 1.65910757355e-11, 9.77753381731e-12, 1.26116651844e-11, 1.60320142578e-11, 1.15473680964e-11, 5.18698148669e-12, 3.25591723721e-12, 2.56450654983e-12, 9.25951914969e-13],
        "max": [0.0156119745225, 0.00808854494244, 0.0167726110667, 0.0236183442175, 0.014573215507, 0.0179477687925, 0.0102059422061, 0.0051788687706, 0.00981167796999, 0.010149050504, 0.00517344707623, 0.00476482184604, 0.0050091445446, 0.00613434100524, 0.00405997084454, 0.00312345428392, 0.00278700818308, 0.00597634166479, 0.00141012342647, 0.00186435680371, 0.000822687929031, 0.0023680771701, 0.0014504439896, 0.000702671415638, 0.000568282033782, 0.000224343762966, 0.000167037695064, 0.000109936961962, 0.000120675875223, 0.000148178063682, 0.00016786888591, 9.12886171136e-05, 8.05374584161e-05, 9.49855311774e-05, 0.000125410486362, 7.34483692213e-05, 4.86708704557e-05, 3.50945992977e-05, 3.4164320823e-05, 1.62632695719e-05],
        "mean": [0.000477704801597, 0.0004071573494, 0.000901325198356, 0.000901190505829, 0.000809777644463, 0.000801715650596, 0.000359159399522, 0.000225300900638, 0.000267711031483, 0.000314795906888, 0.000243919464992, 0.000205996882869, 0.00028423400363, 0.000145177589729, 0.000138198665809, 6.59047436784e-05, 8.51366130519e-05, 6.96089919074e-05, 3.67271604773e-05, 3.40898113791e-05, 3.32947383868e-05, 3.05327012029e-05, 1.63668646564e-05, 2.1724630642e-05, 1.38526875162e-05, 9.2910395324e-06, 7.04277363184e-06, 6.19935462964e-06, 4.0177496885e-06, 2.05220476346e-06, 1.06943480205e-06, 1.05802701e-06, 1.13041164695e-06, 1.15769319109e-06, 1.28409192257e-06, 1.30081400584e-06, 1.42860335473e-06, 1.1969307252e-06, 7.93891672402e-07, 4.48498440164e-07],
        "median": [0.000257802137639, 0.000237222149735, 0.000390431028791, 0.000408696447266, 0.000402985460823, 0.000367905915482, 0.000141453318065, 9.19305020943e-05, 8.98910948308e-05, 0.000130416432512, 7.49748724047e-05, 4.55637054984e-05, 5.49816868443e-05, 2.40790341195e-05, 2.46189010795e-05, 1.88645863091e-05, 1.81802515726e-05, 1.19267497212e-05, 1.07391288111e-05, 1.05412009361e-05, 6.83803409629e-06, 8.37397146825e-06, 5.62894001632e-06, 9.21592891245e-06, 7.0021819738e-06, 5.33955790161e-06, 4.37268818132e-06, 3.54800249625e-06, 2.32427714764e-06, 9.4338395229e-07, 4.47728552899e-07, 4.69613297582e-07, 6.26237067536e-07, 5.68654570543e-07, 6.72891076192e-07, 6.87026215473e-07, 6.69280268539e-07, 6.13761983459e-07, 3.8643892708e-07, 1.89838900155e-07],
        "min": [1.51673339614e-23, 1.27892922522e-23, 1.00459259024e-23, 9.98252672915e-24, 2.54785032991e-24, 7.19026283612e-24, 1.92339639926e-23, 1.55130096546e-23, 1.24795310294e-23, 7.74647288317e-24, 1.25720707245e-23, 1.2362038875e-23, 9.52700688804e-24, 1.05043929278e-23, 5.02862855021e-24, 7.87511243098e-24, 7.24796406703e-24, 7.01345544143e-24, 9.79614729624e-24, 1.54479664952e-23, 9.22577640707e-24, 9.22665440926e-24, 1.11693845271e-23, 1.14616985133e-23, 7.79976832593e-24, 7.41429538889e-24, 6.13762577685e-24, 6.92079347292e-24, 1.02594113849e-23, 9.76016577263e-24, 1.23653560352e-23, 1.28904534081e-23, 8.33749851741e-24, 7.87360018463e-24, 1.2151483222e-23, 1.09560528725e-23, 1.43236140911e-23, 1.66176862901e-23, 1.03916591825e-23, 1.08774823264e-23],
        "var": [4.4856238901e-07, 3.68086062963e-07, 1.69547558926e-06, 2.1759512947e-06, 1.42415171922e-06, 1.44617922615e-06, 3.8196674268e-07, 1.60630165169e-07, 3.92842736119e-07, 2.77341570154e-07, 1.56498430215e-07, 1.7102186689e-07, 3.2784126347e-07, 1.96731306801e-07, 1.08776582408e-07, 1.68571645531e-08, 3.4149014283e-08, 3.50783828651e-08, 7.92421328555e-09, 6.11040684717e-09, 6.19818329994e-09, 5.63074564752e-09, 1.45815071129e-09, 1.24332533158e-09, 4.74742745116e-10, 1.45046571975e-10, 8.46613404382e-11, 6.2872422546e-11, 3.4497120438e-11, 2.2834461752e-11, 1.90178602033e-11, 1.02477505648e-11, 5.48157136002e-12, 8.74884886759e-12, 9.05298145476e-12, 5.76301679989e-12, 5.58786177052e-12, 3.60173913264e-12, 2.30395975735e-12, 8.69447959809e-13]
    },
    "mfcc": {
        "mean": [-633.01361084, 124.413002014, -4.26904630661, 9.9081735611, 0.964015245438, -9.888920784, 0.891811549664, 1.24831163883, -10.5973291397, 2.3755440712, -10.3590211868, -2.87009263039, -5.49744796753],
        "cov": [[2097.76489258, -412.61050415, -320.320648193, -271.624603271, 3.57007479668, -29.3692741394, 48.4358520508, 70.583152771, -39.4136352539, 202.281066895, 102.689407349, 62.1114044189, 94.2177124023], [-412.61050415, 682.881103516, 133.454498291, 65.0467834473, 9.14570331573, -7.51811981201, 103.197021484, -11.4493494034, -6.103992939, -43.3933830261, -16.726940155, -29.1006469727, -50.5062713623], [-320.320648193, 133.454498291, 717.636413574, 200.150344849, 136.457092285, 4.37048101425, -3.13267564774, 16.536233902, 29.9671554565, -53.4177894592, -5.86824464798, 18.616355896, 7.03599691391], [-271.624603271, 65.0467834473, 200.150344849, 485.815460205, 161.158737183, -59.1514549255, -243.608322144, 3.87399840355, 74.3755187988, -61.125629425, -58.9841766357, 29.2475643158, 3.7394194603], [3.57007479668, 9.14570331573, 136.457092285, 161.158737183, 243.170974731, -52.6302604675, -102.832893372, 5.08031320572, 30.071439743, 13.7198534012, -23.7084407806, 31.6965312958, 28.7745933533], [-29.3692741394, -7.51811981201, 4.37048101425, -59.1514549255, -52.6302604675, 254.149291992, 98.4693069458, 24.2547054291, 30.5756473541, 4.57445049286, 63.0372810364, -17.4323139191, -2.46681499481], [48.4358520508, 103.197021484, -3.13267564774, -243.608322144, -102.832893372, 98.4693069458, 349.942260742, 35.4594116211, -38.077709198, 22.6796646118, 26.4735527039, -13.4528827667, -23.5296974182], [70.583152771, -11.4493494034, 16.536233902, 3.87399840355, 5.08031320572, 24.2547054291, 35.4594116211, 125.99344635, 26.7161903381, 21.7164440155, 20.7852630615, 12.7378349304, 23.6990909576], [-39.4136352539, -6.103992939, 29.9671554565, 74.3755187988, 30.071439743, 30.5756473541, -38.077709198, 26.7161903381, 113.710533142, 13.6450233459, 19.1471881866, 3.12277746201, 1.24014627934], [202.281066895, -43.3933830261, -53.4177894592, -61.125629425, 13.7198534012, 4.57445049286, 22.6796646118, 21.7164440155, 13.6450233459, 115.481765747, 37.6991767883, 19.0616378784, 17.9412612915], [102.689407349, -16.726940155, -5.86824464798, -58.9841766357, -23.7084407806, 63.0372810364, 26.4735527039, 20.7852630615, 19.1471881866, 37.6991767883, 113.387947083, 16.5710411072, 25.1806735992], [62.1114044189, -29.1006469727, 18.616355896, 29.2475643158, 31.6965312958, -17.4323139191, -13.4528827667, 12.7378349304, 3.12277746201, 19.0616378784, 16.5710411072, 94.3620071411, 41.6656494141], [94.2177124023, -50.5062713623, 7.03599691391, 3.7394194603, 28.7745933533, -2.46681499481, -23.5296974182, 23.6990909576, 1.24014627934, 17.9412612915, 25.1806735992, 41.6656494141, 100.461677551]],
