{
"lowlevel": {
    "average_loudness": 0.887699902058,
    "barkbands_crest": {
        "dmean": 2.46830439568,
        "dmean2": 4.09317684174,
        "dvar": 5.20772075653,
        "dvar2": 13.8561372757,
        "max": 26.6510448456,
        "mean": 8.6959066391,
        "median": 8.06951332092,
        "min": 2.14955711365,
        "var": 12.0024700165
    },
    "barkbands_flatness_db": {
        "dmean": 0.0207163132727,
        "dmean2": 0.0325117334723,
        "dvar": 0.000353503593942,
        "dvar2": 0.000832008139696,
        "max": 0.364733576775,
        "mean": 0.167960658669,
        "median": 0.163089126348,
        "min": 0.063816331327,
        "var": 0.00140021380503
    },
    "barkbands_kurtosis": {
        "dmean": 2.11611461639,
        "dmean2": 3.32690548897,
        "dvar": 11.3637933731,
        "dvar2": 26.4857730865,
        "max": 110.433959961,
        "mean": 2.43973231316,
        "median": 0.758629083633,
        "min": -1.92692005634,
        "var": 24.0040245056
    },
    "barkbands_skewness": {
        "dmean": 0.510947644711,
        "dmean2": 0.780917465687,
        "dvar": 0.280028045177,
        "dvar2": 0.604929566383,
        "max": 10.5166711807,
        "mean": 1.20472288132,
        "median": 1.14393150806,
        "min": -6.65364313126,
        "var": 1.27271580696
    },
    "barkbands_spread": {
        "dmean": 6.9364528656,
        "dmean2": 10.8027296066,
        "dvar": 60.4019165039,
        "dvar2": 136.242492676,
        "max": 127.104568481,
        "mean": 27.2480869293,
        "median": 24.7413520813,
        "min": 2.14230847359,
        "var": 211.459884644
    },
    "dissonance": {
        "dmean": 0.0174311362207,
        "dmean2": 0.0287437383085,
        "dvar": 0.000318049802445,
        "dvar2": 0.000822244852316,
        "max": 0.500000059605,
        "mean": 0.467163830996,
        "median": 0.474278271198,
        "min": 0.22518876195,
        "var": 0.000725978810806
    },
    "dynamic_complexity": 2.74645018578,
    "erbbands_crest": {
        "dmean": 2.66058897972,
        "dmean2": 4.33419036865,
        "dvar": 6.10837030411,
        "dvar2": 15.2523593903,
        "max": 28.2080860138,
        "mean": 8.62874031067,
        "median": 7.7362279892,
        "min": 2.26325345039,
        "var": 15.1889295578
    },
    "erbbands_flatness_db": {
        "dmean": 0.0168225318193,
        "dmean2": 0.0250307861716,
        "dvar": 0.000280377513263,
        "dvar2": 0.000549721473362,
        "max": 0.418356359005,
        "mean": 0.198121368885,
        "median": 0.188721522689,
        "min": 0.0703366324306,
        "var": 0.00192422512919
    },
    "erbbands_kurtosis": {
        "dmean": 1.00616025925,
        "dmean2": 1.59095215797,
        "dvar": 2.58631944656,
        "dvar2": 5.62420701981,
        "max": 45.941986084,
        "mean": 0.290526151657,
        "median": -0.318814277649,
        "min": -1.83890736103,
        "var": 5.75424337387
    },
    "erbbands_skewness": {
        "dmean": 0.394279539585,
        "dmean2": 0.596187949181,
        "dvar": 0.156204029918,
        "dvar2": 0.323294192553,
        "max": 5.64609861374,
        "mean": 0.114271730185,
        "median": 0.177570939064,
        "min": -4.76948881149,
        "var": 0.80833619833
    },
    "erbbands_spread": {
        "dmean": 9.97352218628,
        "dmean2": 15.385468483,
        "dvar": 104.505264282,
        "dvar2": 231.473831177,
        "max": 133.726638794,
        "mean": 44.3187828064,
        "median": 41.4269790649,
        "min": 3.34571075439,
        "var": 418.086578369
    },
    "hfc": {
        "dmean": 8.9224691391,
        "dmean2": 13.2688884735,
        "dvar": 174.297515869,
        "dvar2": 365.058135986,
        "max": 435.790466309,
        "mean": 24.6083183289,
        "median": 19.8175811768,
        "min": 1.09743699611e-16,
        "var": 491.187408447
    },
    "melbands_crest": {
        "dmean": 3.06003904343,
        "dmean2": 5.04792642593,
        "dvar": 7.40245866776,
        "dvar2": 19.2046909332,
        "max": 39.6413574219,
        "mean": 11.9508275986,
        "median": 11.3179569244,
        "min": 1.01139950752,
        "var": 18.9091205597
    },
    "melbands_flatness_db": {
        "dmean": 0.0269187875092,
        "dmean2": 0.0405127182603,
        "dvar": 0.000655110634398,
        "dvar2": 0.00143458740786,
        "max": 0.430962592363,
        "mean": 0.177167341113,
        "median": 0.172325968742,
        "min": 2.57138526649e-06,
        "var": 0.00324331829324
    },
    "melbands_kurtosis": {
        "dmean": 5.88869094849,
        "dmean2": 9.41149520874,
        "dvar": 92.3880691528,
        "dvar2": 228.436859131,
        "max": 218.609573364,
        "mean": 10.958861351,
        "median": 6.44780254364,
        "min": -1.86232531071,
        "var": 195.751693726
    },
    "melbands_skewness": {
        "dmean": 0.703915953636,
        "dmean2": 1.08637297153,
        "dvar": 0.57094669342,
        "dvar2": 1.31577551365,
        "max": 14.2574396133,
        "mean": 2.43922710419,
        "median": 2.2144305706,
        "min": -3.72455477715,
        "var": 2.27866077423
    },
    "melbands_spread": {
        "dmean": 9.6562795639,
        "dmean2": 14.8791790009,
        "dvar": 150.227386475,
        "dvar2": 321.67791748,
        "max": 237.354263306,
        "mean": 31.7366352081,
        "median": 25.9807891846,
        "min": 1.83643043041,
        "var": 543.563049316
    },
    "pitch_salience": {
        "dmean": 0.067918844521,
        "dmean2": 0.111154079437,
        "dvar": 0.00364611507393,
        "dvar2": 0.00974699202925,
        "max": 0.997723996639,
        "mean": 0.593919873238,
        "median": 0.594620108604,
        "min": 0.017407823354,
        "var": 0.0112610207871
    },
    "silence_rate_20dB": {
        "dmean": 0,
        "dmean2": 0,
        "dvar": 0,
        "dvar2": 0,
        "max": 1,
        "mean": 1,
        "median": 1,
        "min": 1,
        "var": 0
    },
    "silence_rate_30dB": {
        "dmean": 0.00118284870405,
        "dmean2": 0.0023659307044,
        "dvar": 0.00118107150774,
        "dvar2": 0.0025575987529,
        "max": 1,
        "mean": 0.998915851116,
        "median": 1,
        "min": 0,
        "var": 0.00108280708082
    },
    "silence_rate_60dB": {
        "dmean": 0.0203055683523,
        "dmean2": 0.0406151413918,
        "dvar": 0.0198929794133,
        "dvar2": 0.0456673763692,
        "max": 1,
        "mean": 0.0526315793395,
        "median": 0,
        "min": 0,
        "var": 0.0498682484031
    },
    "spectral_centroid": {
        "dmean": 312.005126953,
        "dmean2": 470.629180908,
        "dvar": 118030.585938,
        "dvar2": 236431.546875,
        "max": 11463.1533203,
        "mean": 1650.60949707,
        "median": 1524.08740234,
        "min": 271.777832031,
        "var": 762231.4375
    },
    "spectral_complexity": {
        "dmean": 4.1052737236,
        "dmean2": 6.08418750763,
        "dvar": 17.6800632477,
        "dvar2": 35.3193016052,
        "max": 60,
        "mean": 18.8639850616,
        "median": 18,
        "min": 0,
        "var": 93.1373977661
    },
    "spectral_decrease": {
        "dmean": 1.93312321706e-09,
        "dmean2": 3.00155056365e-09,
        "dvar": 6.91630401497e-18,
        "dvar2": 1.6048203856e-17,
        "max": 1.54453888009e-28,
        "mean": -5.639315237e-09,
        "median": -5.10110043095e-09,
        "min": -3.76935780366e-08,
        "var": 1.62920517375e-17
    },
    "spectral_energy": {
        "dmean": 0.00788919441402,
        "dmean2": 0.0121912723407,
        "dvar": 0.000111805056804,
        "dvar2": 0.000255256978562,
        "max": 0.151127845049,
        "mean": 0.0235160943121,
        "median": 0.0214792750776,
        "min": 1.01931091972e-20,
        "var": 0.000272522331215
    },
    "spectral_energyband_high": {
        "dmean": 0.000720354262739,
        "dmean2": 0.00108577113133,
        "dvar": 1.82847156793e-06,
        "dvar2": 3.98430711357e-06,
        "max": 0.0403502844274,
        "mean": 0.00146063091233,
        "median": 0.00078592216596,
        "min": 7.33421871163e-21,
        "var": 4.20258538725e-06
    },
    "spectral_energyband_low": {
        "dmean": 0.0029086319264,
        "dmean2": 0.00488311657682,
        "dvar": 4.31906846643e-05,
        "dvar2": 0.000117427494843,
        "max": 0.112239927053,
        "mean": 0.00558222550899,
        "median": 0.00326000573114,
        "min": 2.18234582897e-23,
        "var": 5.6686483731e-05
    },
    "spectral_energyband_middle_high": {
        "dmean": 0.00250451546162,
        "dmean2": 0.00374510488473,
        "dvar": 1.68635087903e-05,
        "dvar2": 3.42055354849e-05,
        "max": 0.0963593497872,
        "mean": 0.00615901127458,
        "median": 0.00382161093876,
        "min": 1.18976410671e-21,
        "var": 5.06712494825e-05
    },
    "spectral_energyband_middle_low": {
        "dmean": 0.0048068575561,
        "dmean2": 0.00752026960254,
        "dvar": 4.94585183333e-05,
        "dvar2": 0.000111870125693,
        "max": 0.10573554039,
        "mean": 0.0110309049487,
        "median": 0.00823892652988,
        "min": 1.66774926752e-22,
        "var": 0.000108015061414
    },
    "spectral_entropy": {
        "dmean": 0.158337369561,
        "dmean2": 0.232327699661,
        "dvar": 0.0240673329681,
        "dvar2": 0.0490287952125,
        "max": 9.81597042084,
        "mean": 7.64379262924,
        "median": 7.6974811554,
        "min": 6.02923583984,
        "var": 0.122271813452
    },
    "spectral_flux": {
        "dmean": 0.023453598842,
        "dmean2": 0.0361687093973,
        "dvar": 0.000682895362843,
        "dvar2": 0.00143011356704,
        "max": 0.371887654066,
        "mean": 0.086541056633,
        "median": 0.0808119624853,
        "min": 6.57467830179e-11,
        "var": 0.00197249185294
    },
    "spectral_kurtosis": {
        "dmean": 1.48725640774,
        "dmean2": 2.57416629791,
        "dvar": 3.81651091576,
        "dvar2": 11.258690834,
        "max": 42.5568313599,
        "mean": 1.74791669846,
        "median": 1.06815838814,
        "min": -1.41045534611,
        "var": 6.58105039597
    },
    "spectral_rms": {
        "dmean": 0.000763824093156,
        "dmean2": 0.00115265895147,
        "dvar": 7.31169166102e-07,
        "dvar2": 1.53598591623e-06,
        "max": 0.0121425613761,
        "mean": 0.00448035728186,
        "median": 0.00457770563662,
        "min": 3.15348962221e-12,
        "var": 2.86891918222e-06
    },
    "spectral_rolloff": {
        "dmean": 645.129943848,
        "dmean2": 1079.45776367,
        "dvar": 1004521.5625,
        "dvar2": 2269198.5,
        "max": 19229.1503906,
        "mean": 2006.9822998,
        "median": 1571.92382812,
        "min": 21.533203125,
        "var": 3129110.75
    },
    "spectral_skewness": {
        "dmean": 0.236562281847,
        "dmean2": 0.375861287117,
        "dvar": 0.055908869952,
        "dvar2": 0.139993593097,
        "max": 4.74872207642,
        "mean": 0.887610197067,
        "median": 0.856414735317,
        "min": -0.874572396278,
        "var": 0.179642483592
    },
    "spectral_spread": {
        "dmean": 441178.15625,
        "dmean2": 658495.625,
        "dvar": 476183527424,
        "dvar2": 1.01669050778e+12,
        "max": 51084636,
        "mean": 4225862.5,
        "median": 4107167.5,
        "min": 1154174.25,
        "var": 4.63042982707e+12
    },
    "spectral_strongpeak": {
        "dmean": 0.688288927078,
        "dmean2": 1.16867899895,
        "dvar": 1.23852217197,
        "dvar2": 3.13164377213,
        "max": 12.5368099213,
        "mean": 1.02308833599,
        "median": 0.464757084846,
        "min": 0,
        "var": 1.78981840611
    },
    "zerocrossingrate": {
        "dmean": 0.0116855399683,
        "dmean2": 0.0138017917052,
        "dvar": 0.000173376785824,
        "dvar2": 0.000215670457692,
        "max": 0.62158203125,
        "mean": 0.07424800843,
        "median": 0.068359375,
        "min": 0,
        "var": 0.00165352760814
    },
    "barkbands": {
        "dmean": [6.85014092596e-05, 0.00194570131134, 0.00109365594108, 0.000635263742879, 0.0019158355426, 0.00135127198882, 0.000939071236644, 0.00145389267709, 0.000848652271088, 0.000693543523084, 0.000364686973626, 0.000419280055212, 0.000446180580184, 0.000450908351922, 0.0004136901116, 0.000482787872897, 0.000340796686942, 0.000180502160219, 0.000286004826194, 0.000252121943049, 0.000194605207071, 0.000212912229472, 0.000232008518651, 0.00010046922398, 3.4927136312e-06, 8.5971285646e-10, 8.92595497515e-10],
        "dmean2": [0.000117179100926, 0.00326316407882, 0.00189455982763, 0.00108628068119, 0.00311874365434, 0.00219250959344, 0.00151059753262, 0.0023352727294, 0.00135686690919, 0.00108795636334, 0.000579437997658, 0.000677918782458, 0.000712219858542, 0.000721213640645, 0.000648476823699, 0.000753176049329, 0.000541178684216, 0.000286866619717, 0.000449566025054, 0.000393140828237, 0.000302408618154, 0.000331037183059, 0.000366888561985, 0.000156559704919, 5.81165249969e-06, 1.58875324008e-09, 1.65349545167e-09],
        "dvar": [1.72425806966e-08, 2.30769110203e-05, 5.69851454202e-06, 1.42338615206e-06, 8.91834679351e-06, 8.7906664703e-06, 5.96759537075e-06, 1.50610540004e-05, 5.86036912864e-06, 3.03188608086e-06, 1.0073466683e-06, 1.6176244344e-06, 1.50373341512e-06, 1.3275874835e-06, 1.11040094453e-06, 1.64830385074e-06, 7.4765938507e-07, 4.61611762148e-07, 8.54184634136e-07, 3.37928781846e-07, 1.92073798644e-07, 2.02808664085e-07, 2.5524599323e-07, 7.01089675204e-08, 8.21153076092e-11, 1.65289628824e-18, 1.80684638756e-18],
        "dvar2": [4.65734721899e-08, 6.37074626866e-05, 1.60148429131e-05, 3.90613968193e-06, 2.26738320634e-05, 2.18608311116e-05, 1.38165951284e-05, 3.565348743e-05, 1.34316796903e-05, 7.1844597187e-06, 2.50759626397e-06, 3.94660628444e-06, 3.4344609503e-06, 3.01388263324e-06, 2.38935240304e-06, 3.49868469129e-06, 1.74489071014e-06, 1.02127285118e-06, 1.82700898677e-06, 7.61365583912e-07, 4.40765518306e-07, 4.48601497283e-07, 6.0194128082e-07, 1.59303368719e-07, 2.19227608289e-10, 5.22704445341e-18, 5.70537363674e-18],
        "max": [0.00321195367724, 0.0800652056932, 0.0504362136126, 0.0236605424434, 0.0572632029653, 0.082507841289, 0.0649003237486, 0.0889191105962, 0.0530419126153, 0.0693711489439, 0.0253918319941, 0.0411351472139, 0.0566093511879, 0.0271853655577, 0.0274192355573, 0.0399243049324, 0.0245986059308, 0.0337761417031, 0.0449813827872, 0.0226865187287, 0.0132808834314, 0.0153240617365, 0.0122997742146, 0.0135728921741, 0.000290151627269, 1.55380135425e-08, 1.65841065325e-08],
        "mean": [9.19126759982e-05, 0.00341378641315, 0.00160840305034, 0.000924717343878, 0.00338289397769, 0.00214644125663, 0.00123976310715, 0.0017924309941, 0.00114185898565, 0.00102199788671, 0.000484532822156, 0.000600947474595, 0.000589412113186, 0.000584096997045, 0.000617576995865, 0.000821277208161, 0.000551076198462, 0.000300921179587, 0.000468808517326, 0.000484181422507, 0.000358499470167, 0.000391406443669, 0.000345635169651, 0.000149745217641, 3.83450469599e-06, 8.61359761295e-10, 8.73724981254e-10],
        "median": [2.25066323765e-05, 0.00165189988911, 0.000777540146373, 0.000468012556667, 0.00196358258836, 0.00101305614226, 0.000460063689388, 0.000430345942732, 0.000243453221628, 0.000270698044915, 0.000121275959827, 0.00016522462829, 0.000130870379508, 0.000143742232467, 0.000145692931255, 0.000157254806254, 0.000194758016733, 0.000123560181237, 0.000158420036314, 0.000136519069201, 0.000160223731655, 0.000200600043172, 0.000145355879795, 4.98952067574e-05, 7.55361156735e-07, 4.30469382362e-10, 4.2051978566e-10],
        "min": [7.07054698147e-25, 5.40772118024e-24, 1.76081386275e-24, 1.45053751378e-24, 1.21234478943e-23, 1.29736032918e-23, 1.12138975814e-23, 7.2925402302e-24, 1.29889482141e-23, 1.86651006166e-23, 2.44227076408e-23, 2.88550709426e-23, 2.93661960112e-23, 4.04466940581e-23, 5.25594639312e-23, 9.6306341809e-23, 9.60403316009e-23, 9.75658118868e-23, 1.45123055175e-22, 1.98055748133e-22, 2.50016501347e-22, 2.75128607155e-22, 4.85641352506e-22, 6.5748418677e-22, 8.84818097193e-22, 1.39900515779e-21, 1.93115572979e-21],
        "var": [2.55779415426e-08, 2.7346497518e-05, 6.14702821622e-06, 1.83010195087e-06, 1.76409139385e-05, 1.28807878355e-05, 7.74021827965e-06, 1.93377236428e-05, 8.35890023154e-06, 5.16897853231e-06, 1.37820416057e-06, 2.4323217076e-06, 2.50289213e-06, 2.02359569812e-06, 2.01255625143e-06, 3.5385778574e-06, 1.33990943141e-06, 6.32923388366e-07, 1.51638403167e-06, 9.40896484281e-07, 4.02430202939e-07, 3.78683381541e-07, 4.18449502604e-07, 1.19600571225e-07, 8.33518809529e-11, 1.31659577385e-18, 1.42924681313e-18]
    },
    "erbbands": {
        "dmean": [0.0400539152324, 0.502642273903, 1.3005092144, 1.5761654377, 3.67005991936, 7.08060026169, 11.0574741364, 11.7954006195, 14.0664920807, 19.0712871552, 30.0188446045, 18.8176555634, 20.9874916077, 15.3280248642, 14.5161762238, 16.560382843, 19.1247558594, 20.758928299, 21.6247787476, 22.5669136047, 24.8701763153, 17.1149234772, 9.33671665192, 12.8932771683, 14.3940668106, 11.5649738312, 7.74070215225, 7.99708271027, 7.73937034607, 8.17131614685, 6.10418701172, 3.33681416512, 0.973097205162, 0.108277127147, 0.00374685577117, 0.000231774378335, 3.80109922844e-05, 9.95621758193e-06, 6.44741385258e-06, 1.00617398857e-05],
        "dmean2": [0.0653407722712, 0.852558612823, 2.24894142151, 2.69123649597, 6.18662786484, 11.6398801804, 17.7506732941, 19.2125205994, 22.5464305878, 30.2306632996, 48.4841156006, 29.6838989258, 32.6183815002, 23.8421058655, 22.8825721741, 26.3591461182, 30.0718097687, 32.8204154968, 33.6594314575, 34.3256263733, 38.681388855, 26.927312851, 14.6833438873, 20.3184757233, 22.450056076, 17.9057273865, 12.0960083008, 12.3688020706, 11.9789180756, 13.1342000961, 9.59470653534, 5.11814498901, 1.53346669674, 0.173841014504, 0.00603235978633, 0.000359406956704, 5.77960527153e-05, 1.50460846271e-05, 9.7224738056e-06, 1.53835135279e-05],
        "dvar": [0.00873430073261, 1.56403017044, 8.54473018646, 8.93709087372, 45.2789115906, 150.09866333, 429.417755127, 919.114929199, 1494.84924316, 2451.73681641, 7157.83935547, 2844.59838867, 2347.08496094, 1801.93103027, 1689.9901123, 2501.06616211, 3021.85791016, 2348.70947266, 3743.01196289, 2886.13305664, 4782.84375, 1883.03918457, 775.000366211, 3248.30615234, 1415.11242676, 782.160888672, 360.082183838, 293.125762939, 234.833953857, 395.461517334, 174.007781982, 69.101020813, 6.41914510727, 0.064627237618, 7.33681154088e-05, 2.56789604691e-07, 5.93087134959e-09, 3.60448559888e-10, 8.15972150958e-11, 1.7325778312e-10],
        "dvar2": [0.022698957473, 4.36169433594, 24.1452541351, 24.4778556824, 122.589157104, 385.490631104, 1044.27038574, 2330.2409668, 3460.41040039, 5799.03857422, 16819.0761719, 6541.84375, 5216.36083984, 4285.41894531, 4145.35986328, 6110.49169922, 6664.35253906, 5175.36230469, 8539.54101562, 6075.73730469, 10095.3613281, 4397.31689453, 1781.10705566, 6967.89648438, 3194.37451172, 1754.64111328, 842.227416992, 663.649230957, 521.872741699, 965.131896973, 395.350341797, 155.112670898, 14.3531627655, 0.159661188722, 0.000180990784429, 5.97185646711e-07, 1.33952129389e-08, 8.05419397842e-10, 1.78179401789e-10, 3.85454196339e-10],
        "max": [1.67911100388, 19.4669322968, 59.2796516418, 53.2054328918, 146.331726074, 210.377441406, 359.459960938, 1031.88037109, 1087.06921387, 1205.56494141, 2285.75537109, 1347.55090332, 1666.15771484, 1459.87316895, 1619.86120605, 1868.6394043, 2824.41479492, 1326.17712402, 1810.71459961, 1273.24353027, 2106.18652344, 1486.80627441, 1139.82043457, 3760.95629883, 1612.77246094, 1039.0880127, 547.328796387, 570.786437988, 422.774688721, 658.085083008, 465.010498047, 386.375152588, 118.297149658, 6.58686447144, 0.201948270202, 0.0177976544946, 0.00291187898256, 0.000674872891977, 0.000215545558603, 0.00022187664581],
        "mean": [0.0719604119658, 0.841218113899, 2.0292506218, 2.59995770454, 5.46516370773, 11.6568040848, 18.4412155151, 17.7494697571, 19.7494125366, 25.4052696228, 36.9996414185, 26.6933898926, 32.0966339111, 23.7272701263, 21.659740448, 24.8169193268, 26.8448829651, 29.4091796875, 31.07538414, 39.3806419373, 44.3854751587, 29.6872081757, 16.9232387543, 21.5670776367, 25.6445083618, 22.7092704773, 14.2778406143, 14.7541151047, 14.211388588, 12.3340215683, 9.45166969299, 5.06954574585, 1.4536485672, 0.143934607506, 0.00503486162052, 0.000368076260202, 7.05967177055e-05, 1.95882566913e-05, 1.83679294423e-05, 3.06486290356e-05],
        "median": [0.0291454400867, 0.389276266098, 1.01480650902, 1.45256090164, 2.86777162552, 6.33194684982, 8.56000423431, 8.25431251526, 8.30144882202, 7.37185811996, 9.30114936829, 6.71094894409, 9.70718574524, 6.3439655304, 6.68848705292, 7.9148273468, 7.00464820862, 8.30503749847, 8.6721124649, 8.70008468628, 9.91214942932, 11.1488666534, 7.72101068497, 8.10219764709, 8.33976173401, 6.7029967308, 6.02581453323, 6.81056213379, 7.34285545349, 5.73506450653, 3.89339733124, 1.84536337852, 0.432431399822, 0.0384756028652, 0.00148570444435, 0.00014836488117, 3.80108212994e-05, 1.15854400065e-05, 1.61819771165e-05, 2.8198614018e-05],
        "min": [1.63046303108e-22, 1.2208788003e-21, 1.78027120059e-21, 6.45201927923e-21, 1.21525482031e-20, 4.62055593848e-20, 1.0840726024e-19, 6.23016669245e-20, 1.80070020297e-19, 2.09873053423e-19, 2.1341937058e-19, 4.4524857627e-19, 5.86876889788e-19, 9.30858706747e-19, 1.90824177346e-18, 1.32179905009e-18, 1.85595237822e-18, 2.45484086108e-18, 4.07589069573e-18, 3.17532985707e-18, 5.84247220582e-18, 6.84835236842e-18, 5.87430294297e-18, 6.98333831822e-18, 7.9190723241e-18, 1.01293477245e-17, 1.03716744208e-17, 9.92916753472e-18, 1.02626851033e-17, 1.32346234487e-17, 1.30942583434e-17, 1.46720300884e-17, 9.95155765954e-18, 9.2443868918e-18, 6.92032121761e-18, 4.5646287063e-18, 2.85208855999e-18, 1.07876945702e-18, 2.71795522661e-19, 2.91637549916e-20],
        "var": [0.0127094555646, 1.76927983761, 9.33346652985, 12.309343338, 66.7752227783, 259.49508667, 791.386291504, 1160.06738281, 1924.40234375, 3536.74755859, 8855.99023438, 4221.84326172, 4753.47216797, 3152.76293945, 2483.59570312, 3626.61621094, 4753.4296875, 4477.18115234, 5837.28320312, 6746.20849609, 10061.4541016, 3600.54248047, 1207.31933594, 5239.45654297, 2608.06225586, 2167.53588867, 722.765197754, 605.047424316, 468.584472656, 537.778076172, 319.685302734, 128.208129883, 11.0051279068, 0.0915571004152, 0.000104634746094, 4.41972360932e-07, 1.1379958309e-08, 7.34410032788e-10, 2.0396913325e-10, 4.46034459367e-10]
    },
    "gfcc": {
        "mean": [-27.3746204376, 123.868209839, -160.042510986, 69.0530548096, -83.1570663452, 11.1419734955, -28.1610355377, -18.8421592712, 5.01774120331, -24.20936203, 5.28192615509, -15.7063989639, 1.19768571854],
        "cov": [[6641.68359375, -63.3836326599, -470.121032715, 338.379425049, -481.507598877, 365.559082031, -141.988174438, 151.555328369, 60.9994773865, 69.1943893433, 45.3416633606, -69.5482330322, 118.919113159], [-63.3836326599, 966.719055176, 156.490463257, -128.022827148, 204.249649048, -137.631942749, 83.8160095215, -70.3744812012, 86.345375061, -62.3487052917, 65.9084243774, 13.9648361206, -33.2079963684], [-470.121032715, 156.490463257, 1046.90527344, 351.774505615, -61.3544616699, 307.729766846, -18.8058586121, 29.0734443665, -21.4742603302, 24.9189109802, 50.2488174438, 42.4691886902, 52.4308166504], [338.379425049, -128.022827148, 351.774505615, 557.158996582, 104.133300781, 126.807235718, -47.8866424561, 36.2003097534, 22.5989112854, 45.0586853027, 6.39401769638, 15.6302490234, 69.6206359863], [-481.507598877, 204.249649048, -61.3544616699, 104.133300781, 403.502380371, -83.7557296753, 12.1833105087, -0.0218153912574, 88.1376571655, 17.0755310059, 10.1514673233, 11.4893884659, 0.289423704147], [365.559082031, -137.631942749, 307.729766846, 126.807235718, -83.7557296753, 452.965301514, 82.5984725952, 68.6940383911, -42.9527397156, 26.9200553894, 36.1039505005, -0.162264615297, 29.859752655], [-141.988174438, 83.8160095215, -18.8058586121, -47.8866424561, 12.1833105087, 82.5984725952, 258.562805176, 41.2249565125, -16.6597595215, -4.76980352402, 13.7773962021, 12.9579229355, -32.2047729492], [151.555328369, -70.3744812012, 29.0734443665, 36.2003097534, -0.0218153912574, 68.6940383911, 41.2249565125, 133.088867188, 38.1242408752, 15.8390569687, 12.446434021, -3.48735404015, 23.2076702118], [60.9994773865, 86.345375061, -21.4742603302, 22.5989112854, 88.1376571655, -42.9527397156, -16.6597595215, 38.1242408752, 131.102981567, 34.784992218, -4.32219982147, 8.09581184387, 4.30065059662], [69.1943893433, -62.3487052917, 24.9189109802, 45.0586853027, 17.0755310059, 26.9200553894, -4.76980352402, 15.8390569687, 34.784992218, 96.6770248413, 26.1606712341, -14.7967147827, 10.2873249054], [45.3416633606, 65.9084243774, 50.2488174438, 6.39401769638, 10.1514673233, 36.1039505005, 13.7773962021, 12.446434021, -4.32219982147, 26.1606712341, 87.4916305542, 32.8403549194, 0.35788834095], [-69.5482330322, 13.9648361206, 42.4691886902, 15.6302490234, 11.4893884659, -0.162264615297, 12.9579229355, -3.48735404015, 8.09581184387, -14.7967147827, 32.8403549194, 91.7154006958, 27.649969101], [118.919113159, -33.2079963684, 52.4308166504, 69.6206359863, 0.289423704147, 29.859752655, -32.2047729492, 23.2076702118, 4.30065059662, 10.2873249054, 0.35788834095, 27.649969101, 101.644615173]],
        "icov": [[0.000380889687221, -0.000719524163287, 0.0008602833841, -0.000832688296214, 0.000987832201645, -0.000703619676642, 0.000659121666104, -0.000678067153785, 0.000187391138752, -0.000689489068463, 0.000465604214696, -0.000456061330624, 0.000197705303435], [-0.000719524163287, 0.00464010704309, -0.00307028437965, 0.00273441476747, -0.00292204786092, 0.00252803461626, -0.00354296062142, 0.00490423059091, -0.00500313704833, 0.00661699287593, -0.00669034104794, 0.00552362110466, -0.00284506054595], [0.0008602833841, -0.00307028437965, 0.00410172436386, -0.00324421166442, 0.00303596258163, -0.00294032343663, 0.00270402501337, -0.00281273131259, 0.00222856341861, -0.0036058886908, 0.00307109579444, -0.00347876595333, 0.00165697536431], [-0.000832688296214, 0.00273441476747, -0.00324421166442, 0.005114603322, -0.00359698431566, 0.0016233966453, -0.00165594904684, 0.00215974845923, -0.00142095785122, 0.00217563984916, -0.00197488372214, 0.00219854805619, -0.00219782534987], [0.000987832201645, -0.00292204786092, 0.00303596258163, -0.00359698431566, 0.0064046587795, -0.00168133224361, 0.00162034947425, -0.0018599817995, -0.000705919926986, -0.00256763747893, 0.0016270421911, -0.00194395519793, 0.00101388792973], [-0.000703619676642, 0.00252803461626, -0.00294032343663, 0.0016233966453, -0.00168133224361, 0.0053330687806, -0.00317229819484, 0.00130424613599, -0.000972433132119, 0.00265185208991, -0.00373988505453, 0.00331815541722, -0.00192759372294], [0.000659121666104, -0.00354296062142, 0.00270402501337, -0.00165594904684, 0.00162034947425, -0.00317229819484, 0.00799874123186, -0.00601481320336, 0.00536298658699, -0.00575888296589, 0.00601389678195, -0.006484196987, 0.00474431877956], [-0.000678067153785, 0.00490423059091, -0.00281273131259, 0.00215974845923, -0.0018599817995, 0.00130424613599, -0.00601481320336, 0.0164990667254, -0.01080445759, 0.00924812164158, -0.0104903737083, 0.00962064787745, -0.00674250768498], [0.000187391138752, -0.00500313704833, 0.00222856341861, -0.00142095785122, -0.000705919926986, -0.000972433132119, 0.00536298658699, -0.01080445759, 0.020106529817, -0.0140665611252, 0.0131898801774, -0.0115733388811, 0.00609843526036], [-0.000689489068463, 0.00661699287593, -0.0036058886908, 0.00217563984916, -0.00256763747893, 0.00265185208991, -0.00575888296589, 0.00924812164158, -0.0140665611252, 0.0261078421026, -0.0182164683938, 0.0155202057213, -0.0075745168142], [0.000465604214696, -0.00669034104794, 0.00307109579444, -0.00197488372214, 0.0016270421911, -0.00373988505453, 0.00601389678195, -0.0104903737083, 0.0131898801774, -0.0182164683938, 0.0294925868511, -0.0184380467981, 0.00863001961261], [-0.000456061330624, 0.00552362110466, -0.00347876595333, 0.00219854805619, -0.00194395519793, 0.00331815541722, -0.006484196987, 0.00962064787745, -0.0115733388811, 0.0155202057213, -0.0184380467981, 0.0258169751614, -0.0106326034293], [0.000197705303435, -0.00284506054595, 0.00165697536431, -0.00219782534987, 0.00101388792973, -0.00192759372294, 0.00474431877956, -0.00674250768498, 0.00609843526036, -0.0075745168142, 0.00863001961261, -0.0106326034293, 0.0163046140224]]
    },
    "melbands": {
        "dmean": [0.000450776424259, 0.000673921254929, 0.000310761388391, 0.000361977698049, 0.000385439954698, 0.000262978486717, 0.000203958668862, 0.000238265143707, 0.000241890651523, 0.000111920307972, 0.000107156345621, 6.65392144583e-05, 4.93078878208e-05, 4.7626774176e-05, 4.14504902437e-05, 4.67091595056e-05, 4.03560152336e-05, 3.80520250474e-05, 3.0375622373e-05, 3.31170704158e-05, 3.18016354868e-05, 2.1030429707e-05, 1.04704558908e-05, 8.82237691258e-06, 1.13416381282e-05, 1.13747000796e-05, 1.1038086086e-05, 7.55653809392e-06, 5.06931974087e-06, 5.16056388733e-06, 4.80636936118e-06, 4.63306605525e-06, 4.52789390692e-06, 4.9144514378e-06, 3.74051273866e-06, 2.8615586416e-06, 1.87494083548e-06, 8.1027582155e-07, 2.5248783686e-07, 3.27827329727e-08],
        "dmean2": [0.000748771533836, 0.00115679984447, 0.000528945820406, 0.000602823449299, 0.00061588344397, 0.000427401071647, 0.000326075358316, 0.000376500451239, 0.000390426605009, 0.000177124835318, 0.000167531019542, 0.0001040624702, 7.8315664723e-05, 7.70275000832e-05, 6.55437470414e-05, 7.49559258111e-05, 6.40649886918e-05, 5.98923434154e-05, 4.70089617011e-05, 5.17160260642e-05, 4.96034699609e-05, 3.34051728714e-05, 1.67185989994e-05, 1.40982083394e-05, 1.80979732249e-05, 1.79339931492e-05, 1.7285317881e-05, 1.17862673505e-05, 8.10813799035e-06, 8.17896852823e-06, 7.55909422878e-06, 7.25687596059e-06, 7.15563328413e-06, 8.05724266684e-06, 5.97636380917e-06, 4.43105045633e-06, 2.96075768347e-06, 1.28743795358e-06, 4.1036051357e-07, 5.53545547177e-08],
        "dvar": [1.21312962165e-06, 2.4663104341e-06, 2.98136768606e-07, 3.90028077391e-07, 4.57209466731e-07, 4.04929267006e-07, 2.87992833137e-07, 3.86067000591e-07, 4.60673220459e-07, 1.00311346785e-07, 6.28131857638e-08, 3.66252592698e-08, 1.89959905583e-08, 2.26693739336e-08, 1.35761579756e-08, 1.93019680239e-08, 9.51227541179e-09, 1.32358008997e-08, 5.79418690805e-09, 7.59548335338e-09, 7.92526044791e-09, 3.13969716892e-09, 6.75151712315e-10, 1.13097053944e-09, 2.66526889448e-09, 1.22053789298e-09, 6.40554720377e-10, 3.6645211865e-10, 1.57789267763e-10, 1.46349363184e-10, 1.09179942864e-10, 8.11364031517e-11, 1.04918976285e-10, 1.57210799934e-10, 7.17484266444e-11, 4.389008601e-11, 2.69159642491e-11, 4.89198308598e-12, 3.82174597958e-13, 5.89621582759e-15],
        "dvar2": [3.27389898302e-06, 6.92039657224e-06, 8.09909579402e-07, 1.04778598597e-06, 1.11458791707e-06, 1.01227158211e-06, 6.5908079705e-07, 9.1276939429e-07, 1.07109076453e-06, 2.31254659866e-07, 1.40887536304e-07, 8.88274271915e-08, 4.74710830645e-08, 5.81590917648e-08, 3.04401233109e-08, 4.514484786e-08, 2.08782395816e-08, 3.0737680845e-08, 1.23370327287e-08, 1.66787916811e-08, 1.71814757977e-08, 7.33415017606e-09, 1.6170300654e-09, 2.55328647114e-09, 5.82214632061e-09, 2.75016098783e-09, 1.52024726141e-09, 8.27753976473e-10, 3.76997072449e-10, 3.44752115744e-10, 2.47433934453e-10, 1.87437121379e-10, 2.43120995558e-10, 3.95051408253e-10, 1.67520733396e-10, 9.41096506279e-11, 6.42020811514e-11, 1.10224529157e-11, 9.51747578318e-13, 1.54401248324e-14],
        "max": [0.0195543095469, 0.0300058573484, 0.0125789064914, 0.0133865792304, 0.0127293309197, 0.0199835449457, 0.0155557896942, 0.0132816778496, 0.0164914280176, 0.00745733454823, 0.00810970272869, 0.00732704531401, 0.00370385544375, 0.00530364131555, 0.00413149129599, 0.00719839939848, 0.0030008489266, 0.00332589284517, 0.00231729471125, 0.00289321457967, 0.0024978951551, 0.00188623555005, 0.000767270510551, 0.00158489914611, 0.0033809854649, 0.00170646212064, 0.00079380592797, 0.000693379319273, 0.000380135927116, 0.000320409715641, 0.000404549879022, 0.000224382602028, 0.000355999101885, 0.000391776120523, 0.000255972729065, 0.000312282325467, 0.000266573275439, 0.000101246798295, 1.68312508322e-05, 1.18604816635e-06],
        "mean": [0.000804577022791, 0.00113364029676, 0.000524229428265, 0.000587706803344, 0.000664022692945, 0.000403603509767, 0.000286105903797, 0.000309073715471, 0.000294916098937, 0.000157407586812, 0.000160245908774, 9.85025180853e-05, 6.86784187565e-05, 6.7701068474e-05, 5.94048287894e-05, 6.08302361798e-05, 5.34935134056e-05, 5.02704569953e-05, 4.70684135507e-05, 5.6797376601e-05, 5.10715399287e-05, 3.33102398145e-05, 1.75761433638e-05, 1.4276040929e-05, 1.7628468413e-05, 1.80949937203e-05, 1.94472540898e-05, 1.38202940434e-05, 8.49561001814e-06, 8.65104448167e-06, 8.46005150379e-06, 8.00778980192e-06, 7.5222878877e-06, 6.60101159156e-06, 5.55771021027e-06, 4.43677390649e-06, 2.61811510427e-06, 1.18411844596e-06, 3.26944302742e-07, 3.43181909557e-08],
        "median": [0.000378439639462, 0.000569654570427, 0.000312212505378, 0.000334458542056, 0.000327819492668, 0.00019014350255, 0.000118076568469, 8.03040747996e-05, 6.87791180098e-05, 3.75397867174e-05, 4.49086292065e-05, 2.30777241086e-05, 1.92527695617e-05, 2.06337826967e-05, 1.57845424837e-05, 1.26609966173e-05, 1.40144875331e-05, 1.1854850527e-05, 1.0519675925e-05, 1.07567202576e-05, 1.10825394586e-05, 1.1408712453e-05, 7.11561142452e-06, 5.77210630581e-06, 5.78720892008e-06, 5.62044988328e-06, 5.02968396177e-06, 3.81814061257e-06, 3.48632670466e-06, 3.4000481719e-06, 3.7620054627e-06, 3.95406277676e-06, 3.46561455444e-06, 2.74230524155e-06, 2.24286532102e-06, 1.60484069056e-06, 8.68823917699e-07, 3.37744552326e-07, 8.01640993586e-08, 5.91106097403e-09],
        "min": [1.63752545427e-24, 1.85545370276e-24, 1.5580131068e-24, 1.59172606366e-24, 3.99514148385e-24, 1.9280257506e-24, 2.46720724894e-24, 1.67214412206e-24, 1.30940191619e-24, 2.66162714662e-24, 2.65459228229e-24, 2.79576525216e-24, 5.01916616365e-24, 2.58755172712e-24, 3.48653643141e-24, 3.96757789496e-24, 3.73776851377e-24, 5.74758572961e-24, 4.60962153053e-24, 4.43258931048e-24, 5.75831226577e-24, 6.73302722254e-24, 4.42739387256e-24, 4.56669566437e-24, 4.93422201581e-24, 4.51966574935e-24, 6.43017168811e-24, 4.92346274192e-24, 5.75961940829e-24, 5.67481173338e-24, 5.71732186984e-24, 5.70141567298e-24, 5.98639246385e-24, 6.32791204339e-24, 6.76195790737e-24, 8.09741422293e-24, 8.43969702541e-24, 6.58278156339e-24, 7.54880642843e-24, 6.75169640472e-24],
        "var": [1.51192875819e-06, 2.81715074379e-06, 4.31349405972e-07, 6.12272970102e-07, 8.9642213652e-07, 5.40812095551e-07, 3.8603806729e-07, 5.50321658466e-07, 5.82734458021e-07, 1.51437902218e-07, 1.24099301502e-07, 6.03656928888e-08, 2.61331027929e-08, 2.98163236323e-08, 2.18660076712e-08, 3.04153040531e-08, 1.63710804912e-08, 1.97881337982e-08, 1.14078764213e-08, 1.63145781329e-08, 1.51996424336e-08, 5.43054268221e-09, 1.2260427118e-09, 1.51094270429e-09, 4.19207335511e-09, 1.96181337841e-09, 1.48167655922e-09, 9.51100642688e-10, 2.84338524947e-10, 2.87266099797e-10, 2.09938025297e-10, 1.54737875291e-10, 1.7121017104e-10, 1.91960725093e-10, 1.1636085151e-10, 9.50489201235e-11, 4.08404490781e-11, 8.05025577449e-12, 5.30758976266e-13, 6.36524041686e-15]
    },
    "mfcc": {
        "mean": [-635.588684082, 110.102813721, -5.80329370499, 35.8689880371, -13.9723415375, 18.3800354004, -20.4189586639, 11.290430069, -12.6847038269, 8.50532722473, -11.2781467438, 4.14350891113, -5.52778339386],
        "cov": [[4058.51464844, -466.117340088, -36.1737213135, -146.431030273, -104.66002655, 50.0778160095, -16.7621173859, 27.2501716614, 90.8101730347, 134.867416382, 47.0324287415, 72.5411071777, -32.2714004517], [-466.117340088, 1078.24938965, -127.89276886, -7.24140739441, 33.3243179321, -67.5964889526, -35.2561988831, 27.4113445282, -48.3714370728, -38.8692207336, 47.7005310059, 34.1734428406, 26.6802978516], [-36.1737213135, -127.89276886, 1220.52819824, 12.9599199295, 121.529769897, 206.71534729, 154.672973633, 58.3392066956, 34.4330596924, -40.684135437, 5.14402723312, 64.9510574341, -9.15657615662], [-146.431030273, -7.24140739441, 12.9599199295, 493.667510986, 176.332107544, 37.706401825, -56.7381019592, 0.857505738735, 19.3591079712, 35.9142417908, -37.3144302368, -18.8911552429, 70.2227554321], [-104.66002655, 33.3243179321, 121.529769897, 176.332107544, 384.681488037, 59.420879364, -37.2380180359, -19.7219200134, 34.0716629028, 34.6294784546, -17.2333621979, -4.95781230927, 43.3995628357], [50.0778160095, -67.5964889526, 206.71534729, 37.706401825, 59.420879364, 240.368972778, 97.1125488281, 52.98777771, 22.183719635, 18.9665908813, 26.2944946289, 24.1033763885, -10.0206069946], [-16.7621173859, -35.2561988831, 154.672973633, -56.7381019592, -37.2380180359, 97.1125488281, 241.322006226, 67.4898300171, 18.408706665, 3.89839315414, 38.3928985596, 24.8704280853, -6.86051702499], [27.2501716614, 27.4113445282, 58.3392066956, 0.857505738735, -19.7219200134, 52.98777771, 67.4898300171, 173.520355225, 29.3080368042, -12.3055591583, 34.0939025879, 29.62358284, -19.158864975], [90.8101730347, -48.3714370728, 34.4330596924, 19.3591079712, 34.0716629028, 22.183719635, 18.408706665, 29.3080368042, 126.622772217, 41.7016067505, 2.17173504829, 1.71357369423, 5.05409240723], [134.867416382, -38.8692207336, -40.684135437, 35.9142417908, 34.6294784546, 18.9665908813, 3.89839315414, -12.3055591583, 41.7016067505, 131.954910278, 19.1557197571, -5.99038124084, 7.92568397522], [47.0324287415, 47.7005310059, 5.14402723312, -37.3144302368, -17.2333621979, 26.2944946289, 38.3928985596, 34.0939025879, 2.17173504829, 19.1557197571, 127.257789612, 32.7687454224, -20.2509803772], [72.5411071777, 34.1734428406, 64.9510574341, -18.8911552429, -4.95781230927, 24.1033763885, 24.8704280853, 29.62358284, 1.71357369423, -5.99038124084, 32.7687454224, 100.303764343, 16.8249454498], [-32.2714004517, 26.6802978516, -9.15657615662, 70.2227554321, 43.3995628357, -10.0206069946, -6.86051702499, -19.158864975, 5.05409240723, 7.92568397522, -20.2509803772, 16.8249454498, 105.819801331]],
