{
"lowlevel": {
    "average_loudness": 0.698009312153,
    "barkbands_crest": {
        "dmean": 2.47871732712,
        "dmean2": 4.00329113007,
        "dvar": 4.99386978149,
        "dvar2": 12.3839836121,
        "max": 26.3283252716,
        "mean": 9.36581134796,
        "median": 8.58117103577,
        "min": 2.13832783699,
        "var": 16.225019455
    },
    "barkbands_flatness_db": {
        "dmean": 0.0186552386731,
        "dmean2": 0.0282662957907,
        "dvar": 0.000339055928634,
        "dvar2": 0.000727429927792,
        "max": 0.341686606407,
        "mean": 0.145163297653,
        "median": 0.139213979244,
        "min": 0.0488463975489,
        "var": 0.00177738326602
    },
    "barkbands_kurtosis": {
        "dmean": 1.77687478065,
        "dmean2": 2.75800848007,
        "dvar": 15.2910661697,
        "dvar2": 34.5716781616,
        "max": 163.169403076,
        "mean": 1.68222177029,
        "median": -0.10835814476,
        "min": -1.9188015461,
        "var": 34.8318367004
    },
    "barkbands_skewness": {
        "dmean": 0.483165353537,
        "dmean2": 0.719516575336,
        "dvar": 0.276551812887,
        "dvar2": 0.566260635853,
        "max": 10.703909874,
        "mean": 0.804209768772,
        "median": 0.64286339283,
        "min": -4.58830595016,
        "var": 1.484197855
    },
    "barkbands_spread": {
        "dmean": 6.70777320862,
        "dmean2": 10.2021503448,
        "dvar": 58.3934898376,
        "dvar2": 125.944549561,
        "max": 141.12411499,
        "mean": 29.9005184174,
        "median": 28.2591743469,
        "min": 1.2804889679,
        "var": 233.336730957
    },
    "dissonance": {
        "dmean": 0.0164686180651,
        "dmean2": 0.0274420008063,
        "dvar": 0.000363706843928,
        "dvar2": 0.000942352984566,
        "max": 0.500000059605,
        "mean": 0.468528300524,
        "median": 0.476369321346,
        "min": 9.05027482077e-05,
        "var": 0.000803821196314
    },
    "dynamic_complexity": 3.62865757942,
    "erbbands_crest": {
        "dmean": 2.69854474068,
        "dmean2": 4.35745334625,
        "dvar": 6.41053438187,
        "dvar2": 15.8836946487,
        "max": 30.5189704895,
        "mean": 9.70873069763,
        "median": 8.61873722076,
        "min": 2.44608521461,
        "var": 21.8591423035
    },
    "erbbands_flatness_db": {
        "dmean": 0.0170566383749,
        "dmean2": 0.0249154511839,
        "dvar": 0.000284323352389,
        "dvar2": 0.000546432449482,
        "max": 0.400861591101,
        "mean": 0.198542296886,
        "median": 0.194503813982,
        "min": 0.0694864019752,
        "var": 0.0021731830202
    },
    "erbbands_kurtosis": {
        "dmean": 1.01441442966,
        "dmean2": 1.57994389534,
        "dvar": 2.29258060455,
        "dvar2": 5.00234556198,
        "max": 35.7995796204,
        "mean": 0.633152782917,
        "median": -0.152225255966,
        "min": -1.87853372097,
        "var": 6.64051580429
    },
    "erbbands_skewness": {
        "dmean": 0.385540932417,
        "dmean2": 0.576337218285,
        "dvar": 0.148342013359,
        "dvar2": 0.313334107399,
        "max": 4.60663843155,
        "mean": -0.0313071198761,
        "median": -0.0071414494887,
        "min": -3.9803519249,
        "var": 0.726391792297
    },
    "erbbands_spread": {
        "dmean": 7.8254981041,
        "dmean2": 11.7614850998,
        "dvar": 72.7331390381,
        "dvar2": 156.826004028,
        "max": 153.728668213,
        "mean": 36.5136871338,
        "median": 32.7740821838,
        "min": 2.33110046387,
        "var": 367.361755371
    },
    "hfc": {
        "dmean": 6.12418031693,
        "dmean2": 8.68492412567,
        "dvar": 84.5251693726,
        "dvar2": 162.049575806,
        "max": 178.374404907,
        "mean": 21.7560253143,
        "median": 15.7569770813,
        "min": 1.1412723408e-16,
        "var": 400.41696167
    },
    "melbands_crest": {
        "dmean": 3.40351581573,
        "dmean2": 5.46327972412,
        "dvar": 9.27679729462,
        "dvar2": 21.6455421448,
        "max": 38.8151550293,
        "mean": 13.3204107285,
        "median": 12.3745336533,
        "min": 1.00823616982,
        "var": 32.5849266052
    },
    "melbands_flatness_db": {
        "dmean": 0.0241514984518,
        "dmean2": 0.0353179313242,
        "dvar": 0.000605773588177,
        "dvar2": 0.00115485780407,
        "max": 0.432970106602,
        "mean": 0.161098793149,
        "median": 0.150981515646,
        "min": 1.04407490653e-06,
        "var": 0.00409752270207
    },
    "melbands_kurtosis": {
        "dmean": 4.71456432343,
        "dmean2": 7.2745757103,
        "dvar": 122.123855591,
        "dvar2": 260.635528564,
        "max": 399.100280762,
        "mean": 8.48957633972,
        "median": 2.75592494011,
        "min": -1.82810902596,
        "var": 343.77520752
    },
    "melbands_skewness": {
        "dmean": 0.63105815649,
        "dmean2": 0.953101873398,
        "dvar": 0.510819256306,
        "dvar2": 1.05890321732,
        "max": 15.6057024002,
        "mean": 1.97360658646,
        "median": 1.61202323437,
        "min": -2.81853532791,
        "var": 2.87002396584
    },
    "melbands_spread": {
        "dmean": 10.3599462509,
        "dmean2": 15.6606121063,
        "dvar": 177.350982666,
        "dvar2": 358.183868408,
        "max": 234.553161621,
        "mean": 40.0831718445,
        "median": 35.0410690308,
        "min": 0.759680688381,
        "var": 709.417907715
    },
    "pitch_salience": {
        "dmean": 0.0653915479779,
        "dmean2": 0.103421755135,
        "dvar": 0.00352340587415,
        "dvar2": 0.00824197567999,
        "max": 0.997770726681,
        "mean": 0.562917947769,
        "median": 0.563228130341,
        "min": 0.0363073125482,
        "var": 0.0159165263176
    },
    "silence_rate_20dB": {
        "dmean": 0,
        "dmean2": 0,
        "dvar": 0,
        "dvar2": 0,
        "max": 1,
        "mean": 1,
        "median": 1,
        "min": 1,
        "var": 0
    },
    "silence_rate_30dB": {
        "dmean": 0,
        "dmean2": 0,
        "dvar": 0,
        "dvar2": 0,
        "max": 1,
        "mean": 1,
        "median": 1,
        "min": 1,
        "var": 0
    },
    "silence_rate_60dB": {
        "dmean": 0.0343880355358,
        "dmean2": 0.0687830671668,
        "dvar": 0.0332069247961,
        "dvar2": 0.075264506042,
        "max": 1,
        "mean": 0.126856565475,
        "median": 0,
        "min": 0,
        "var": 0.110779799521
    },
    "spectral_centroid": {
        "dmean": 287.06463623,
        "dmean2": 425.81350708,
        "dvar": 131334.609375,
        "dvar2": 258062.609375,
        "max": 11982.1796875,
        "mean": 1888.70092773,
        "median": 1956.3260498,
        "min": 191.437652588,
        "var": 670974
    },
    "spectral_complexity": {
        "dmean": 3.3028793335,
        "dmean2": 5.02523422241,
        "dvar": 12.0106668472,
        "dvar2": 24.9247112274,
        "max": 54,
        "mean": 17.0990848541,
        "median": 17,
        "min": 0,
        "var": 92.3583526611
    },
    "spectral_decrease": {
        "dmean": 1.21270593567e-09,
        "dmean2": 1.79374581855e-09,
        "dvar": 2.45087701158e-18,
        "dvar2": 4.81819306486e-18,
        "max": 2.50281048138e-27,
        "mean": -3.96442523254e-09,
        "median": -3.39924599579e-09,
        "min": -1.98205967195e-08,
        "var": 9.01812983321e-18
    },
    "spectral_energy": {
        "dmean": 0.00499460427091,
        "dmean2": 0.00734706362709,
        "dvar": 4.04656748287e-05,
        "dvar2": 7.916281902e-05,
        "max": 0.0855707973242,
        "mean": 0.016935992986,
        "median": 0.014523120597,
        "min": 1.02703770752e-20,
        "var": 0.000161547504831
    },
    "spectral_energyband_high": {
        "dmean": 0.000404431048082,
        "dmean2": 0.000579104642384,
        "dvar": 7.33853028123e-07,
        "dvar2": 1.41753491789e-06,
        "max": 0.0228227656335,
        "mean": 0.000988102867268,
        "median": 0.000542732072063,
        "min": 7.40315743022e-21,
        "var": 1.72654893049e-06
    },
    "spectral_energyband_low": {
        "dmean": 0.00219594174996,
        "dmean2": 0.00341218314134,
        "dvar": 1.67290472746e-05,
        "dvar2": 3.76141033485e-05,
        "max": 0.0449601300061,
        "mean": 0.00396433612332,
        "median": 0.00207245629281,
        "min": 4.49597357424e-23,
        "var": 2.97160859191e-05
    },
    "spectral_energyband_middle_high": {
        "dmean": 0.00211996841244,
        "dmean2": 0.00312962476164,
        "dvar": 1.15264692795e-05,
        "dvar2": 2.39135897573e-05,
        "max": 0.0614756643772,
        "mean": 0.00685034273192,
        "median": 0.00398854864761,
        "min": 1.24515784374e-21,
        "var": 5.63482608413e-05
    },
    "spectral_energyband_middle_low": {
        "dmean": 0.00302869896404,
        "dmean2": 0.0046683405526,
        "dvar": 2.60576234723e-05,
        "dvar2": 5.92962023802e-05,
        "max": 0.0603320971131,
        "mean": 0.0059073404409,
        "median": 0.00344897294417,
        "min": 1.85579755145e-22,
        "var": 4.71030034532e-05
    },
    "spectral_entropy": {
        "dmean": 0.159863933921,
        "dmean2": 0.228312075138,
        "dvar": 0.0268154032528,
        "dvar2": 0.0505293384194,
        "max": 9.81461524963,
        "mean": 7.58881282806,
        "median": 7.62783241272,
        "min": 5.62937402725,
        "var": 0.170572027564
    },
    "spectral_flux": {
        "dmean": 0.0204599127173,
        "dmean2": 0.0313668511808,
        "dvar": 0.000484692049213,
        "dvar2": 0.00102483353112,
        "max": 0.253725707531,
        "mean": 0.0759099721909,
        "median": 0.0684798657894,
        "min": 6.51172449295e-11,
        "var": 0.00191666919272
    },
    "spectral_kurtosis": {
        "dmean": 1.73026049137,
        "dmean2": 2.92764902115,
        "dvar": 5.40065097809,
        "dvar2": 14.9201202393,
        "max": 35.9374313354,
        "mean": 3.04111051559,
        "median": 2.11140346527,
        "min": -1.55984866619,
        "var": 11.418223381
    },
    "spectral_rms": {
        "dmean": 0.000579477287829,
        "dmean2": 0.000836595369037,
        "dvar": 4.14581677433e-07,
        "dvar2": 7.57910186167e-07,
        "max": 0.00913694221526,
        "mean": 0.00373249384575,
        "median": 0.00376415997744,
        "min": 3.16541931555e-12,
        "var": 2.59145190284e-06
    },
    "spectral_rolloff": {
        "dmean": 623.341918945,
        "dmean2": 1008.95806885,
        "dvar": 969675.625,
        "dvar2": 2025593.125,
        "max": 20047.4121094,
        "mean": 2350.50390625,
        "median": 2260.98632812,
        "min": 21.533203125,
        "var": 3008717
    },
    "spectral_skewness": {
        "dmean": 0.229310765862,
        "dmean2": 0.365223944187,
        "dvar": 0.0614818073809,
        "dvar2": 0.148587882519,
        "max": 4.44460725784,
        "mean": 1.14589500427,
        "median": 1.08449816704,
        "min": -0.411724150181,
        "var": 0.191527858377
    },
    "spectral_spread": {
        "dmean": 454421.6875,
        "dmean2": 660054.5625,
        "dvar": 795967488000,
        "dvar2": 1.62413504102e+12,
        "max": 46476452,
        "mean": 4102843.25,
        "median": 3924662.5,
        "min": 1188242.625,
        "var": 4.1175440425e+12
    },
    "spectral_strongpeak": {
        "dmean": 0.764859974384,
        "dmean2": 1.29509675503,
        "dvar": 1.67899680138,
        "dvar2": 4.26930522919,
        "max": 17.3097515106,
        "mean": 1.32702386379,
        "median": 0.524922847748,
        "min": 0,
        "var": 3.26698851585
    },
    "zerocrossingrate": {
        "dmean": 0.0118893925101,
        "dmean2": 0.0135074257851,
        "dvar": 0.000271228549536,
        "dvar2": 0.000315108249197,
        "max": 0.7080078125,
        "mean": 0.081962749362,
        "median": 0.07763671875,
        "min": 0,
        "var": 0.00202591111884
    },
    "barkbands": {
        "dmean": [0.000100108714832, 0.00116470211651, 0.00123526575044, 0.000932316994295, 0.0010016746819, 0.000711133587174, 0.000578658538871, 0.000351139518898, 0.000456557667349, 0.000631940551102, 0.000320543476846, 0.000410393753555, 0.000244543567533, 0.000421614182414, 0.000334903597832, 0.000454320281278, 0.000436752219684, 0.000335997872753, 0.000261173670879, 0.000207188903005, 8.48177587613e-05, 9.08371512196e-05, 0.000122850338812, 0.0001006876264, 1.55885500135e-05, 1.16893330571e-08, 8.90092277661e-10],
        "dmean2": [0.000172642845428, 0.00184181972872, 0.00199121539481, 0.00154818233568, 0.00172448321246, 0.00112057186197, 0.000889581744559, 0.000543509027921, 0.000708157080226, 0.000982499215752, 0.000495100044645, 0.000627999950666, 0.000386134313885, 0.000664661987685, 0.000530331628397, 0.000708392472006, 0.000676487339661, 0.000525711278897, 0.000414650130551, 0.000313103286317, 0.00012875070388, 0.00013751500228, 0.000184200005606, 0.000151768021169, 2.43778940785e-05, 1.87557063214e-08, 1.60178359465e-09],
        "dvar": [2.81511258748e-08, 4.20937794843e-06, 1.17906402011e-05, 7.03215482645e-06, 6.06896583122e-06, 3.29539193444e-06, 2.9694301702e-06, 1.05558478936e-06, 1.56391570272e-06, 3.01771228806e-06, 1.0187955013e-06, 1.77825552328e-06, 4.33343899431e-07, 1.21847460832e-06, 1.10267717446e-06, 1.37456629545e-06, 1.0253813798e-06, 4.65522617787e-07, 2.77453551689e-07, 1.78737124656e-07, 5.14085982672e-08, 3.88099401505e-08, 1.58720922627e-07, 4.62109035482e-08, 1.59985680259e-09, 7.5506703322e-16, 1.13686441939e-18],
        "dvar2": [7.77178499334e-08, 1.07259675133e-05, 2.87097464025e-05, 1.73333082785e-05, 1.67719936144e-05, 7.44978933653e-06, 6.17999603492e-06, 2.29900774684e-06, 3.37453184329e-06, 6.85982968207e-06, 2.12755708162e-06, 3.89899150832e-06, 9.78968614618e-07, 2.82717246591e-06, 2.68221401711e-06, 3.10201517095e-06, 2.34738649851e-06, 1.07985397335e-06, 6.37235928025e-07, 3.87557804515e-07, 1.07972667251e-07, 8.11114873045e-08, 3.23226629462e-07, 1.11106167822e-07, 3.80600484462e-09, 1.76892317238e-15, 3.64833551277e-18],
        "max": [0.00203983671963, 0.024769756943, 0.0340039357543, 0.0281481407583, 0.0362162031233, 0.0452380552888, 0.0439080931246, 0.0249388571829, 0.0248335953802, 0.0434476025403, 0.0338114537299, 0.0368728898466, 0.0159468576312, 0.021891836077, 0.0319834500551, 0.0271174293011, 0.0191990323365, 0.0175178665668, 0.0135917831212, 0.00926512572914, 0.00944218412042, 0.00522774457932, 0.0137604959309, 0.00496350508183, 0.00138566980604, 1.01790351437e-06, 1.66041154159e-08],
        "mean": [0.000117662297271, 0.00216952548362, 0.00126614270266, 0.000899820995983, 0.00127469329163, 0.00107139500324, 0.000795742729679, 0.000478082714835, 0.000752826977987, 0.00125639117323, 0.000555135367904, 0.000712377252057, 0.00037430258817, 0.000678336946294, 0.000491038197652, 0.000718911644071, 0.00090445386013, 0.000678466341924, 0.000519948254805, 0.000435941445176, 0.000153579196194, 0.00017317016318, 0.000218079949263, 0.000214497937122, 2.54611641139e-05, 1.93109510604e-08, 2.65140798206e-09],
        "median": [4.23167293775e-05, 0.000670996727422, 0.000323540414684, 0.000192796360352, 0.000492772785947, 0.00036837515654, 0.000195303524379, 0.000117849733215, 0.00017419771757, 0.000187102443306, 0.000113254747703, 0.000138345261803, 0.000115494985948, 0.000179828406544, 0.000129944310174, 0.000214350191527, 0.000232610909734, 0.000253063248238, 0.000204068550374, 0.000162208831171, 5.78793697059e-05, 7.22037657397e-05, 8.99396691239e-05, 0.000103336788015, 8.55267444422e-06, 8.13132583488e-09, 2.45968934109e-09],
        "min": [1.64442995935e-24, 7.962729634e-24, 5.69475058719e-24, 7.83222620509e-25, 1.84208440368e-23, 1.93538172077e-23, 2.34812715701e-23, 2.12732120311e-23, 3.13444761458e-23, 1.43331845516e-23, 2.34969273037e-23, 3.23969081012e-23, 6.68864496137e-23, 3.71221218146e-23, 7.46989682985e-23, 7.82014160544e-23, 1.15282138449e-22, 1.33274528462e-22, 2.00389892889e-22, 2.10422386068e-22, 2.39838352891e-22, 4.02118981294e-22, 5.16129299258e-22, 6.66646484329e-22, 8.92284735081e-22, 1.55034780692e-21, 2.10640856362e-21],
        "var": [3.6438787987e-08, 9.37577442528e-06, 1.0604567251e-05, 6.02958198215e-06, 5.38280346518e-06, 6.2184935814e-06, 4.84274369228e-06, 1.58047407695e-06, 3.87089403375e-06, 1.04093542177e-05, 3.44479781234e-06, 4.61717991129e-06, 8.5070246314e-07, 2.61824516201e-06, 1.55088207521e-06, 2.47211505666e-06, 3.68927999261e-06, 1.33868798002e-06, 6.47502190532e-07, 4.74766835623e-07, 9.91025785879e-08, 8.02203601324e-08, 2.32076914131e-07, 9.5600590555e-08, 2.52106291398e-09, 1.13885962039e-15, 1.11444327529e-18]
    },
    "erbbands": {
        "dmean": [0.0343065336347, 0.277016013861, 1.11786353588, 2.23538994789, 3.87081670761, 2.84922933578, 3.62800335884, 6.924949646, 8.78724002838, 7.27742671967, 7.05625391006, 10.6799182892, 19.6355686188, 12.1293020248, 13.7589054108, 14.8294839859, 10.9331445694, 15.7415733337, 20.996301651, 17.1154117584, 23.2643604279, 23.9855289459, 16.9636592865, 15.907330513, 9.89870643616, 9.54001140594, 4.79164552689, 2.75143837929, 3.04404401779, 3.5794699192, 3.54165649414, 2.61070847511, 1.45253837109, 0.330030590296, 0.0188175328076, 0.000845383503474, 5.77848695684e-05, 1.00893621493e-05, 4.65902803626e-06, 6.52730886941e-06],
        "dmean2": [0.0527298897505, 0.43113180995, 1.72853791714, 3.46817684174, 6.7322678566, 4.80446481705, 5.64871644974, 10.8738231659, 13.56980896, 10.9509925842, 10.8787212372, 16.746049881, 30.566986084, 18.6353969574, 21.6184749603, 22.6140022278, 17.0222301483, 24.797416687, 32.7882843018, 26.5099773407, 36.0643424988, 36.3405532837, 26.2372703552, 24.9327774048, 15.0341215134, 14.4936790466, 7.19425535202, 4.20333337784, 4.648416996, 5.33040142059, 5.33039665222, 3.96066522598, 2.21612620354, 0.500471174717, 0.0295014362782, 0.00130682857707, 8.56633196236e-05, 1.4683379959e-05, 6.64845583742e-06, 9.45008650888e-06],
        "dvar": [0.00419246777892, 0.241385906935, 8.19866466522, 34.2689170837, 144.949981689, 38.1417770386, 71.9878768921, 378.067321777, 667.190734863, 575.738891602, 454.583282471, 979.208862305, 2863.29882812, 1431.20935059, 1554.03259277, 2304.90112305, 842.152954102, 1718.34423828, 3962.68359375, 2021.20788574, 3554.30126953, 3499.48632812, 1253.20288086, 1099.03137207, 460.617706299, 430.152557373, 134.286727905, 49.74376297, 51.6896324158, 66.8497161865, 160.934860229, 35.7552947998, 10.8897724152, 0.663368463516, 0.00457583926618, 7.5702482718e-06, 1.86847266548e-08, 4.19610457492e-10, 4.72263582407e-11, 6.77000816518e-11],
        "dvar2": [0.0103352339938, 0.592253923416, 19.1192150116, 76.0346984863, 397.715393066, 101.203186035, 151.736618042, 856.727844238, 1408.8145752, 1201.50634766, 1015.92004395, 2230.01806641, 6727.75488281, 3072.35644531, 3673.20605469, 5119.49755859, 1870.2244873, 3935.87426758, 9924.54003906, 4667.08935547, 7766.84082031, 7982.42578125, 2775.3371582, 2622.16845703, 1034.89697266, 957.313781738, 272.455474854, 106.321685791, 110.348426819, 134.338241577, 334.407348633, 83.6179580688, 25.9598941803, 1.54742896557, 0.0119371432811, 1.90471018868e-05, 4.4125705756e-08, 9.40702071794e-10, 9.50386228049e-11, 1.30538913012e-10],
        "max": [0.777342617512, 6.28022861481, 31.4841251373, 68.3610229492, 184.656799316, 102.208244324, 226.499359131, 582.168273926, 796.637268066, 624.461914062, 600.440429688, 736.022644043, 1709.25512695, 1403.77392578, 1529.66186523, 1810.52038574, 879.408752441, 1150.14697266, 1646.10791016, 1406.69934082, 1403.99084473, 1307.59960938, 1014.51367188, 920.14050293, 396.734741211, 547.726806641, 439.666046143, 257.304351807, 223.358566284, 314.213043213, 436.943481445, 189.509078979, 75.7460021973, 29.0382652283, 2.83549404144, 0.10732422024, 0.00496392976493, 0.00057433580514, 0.000132934466819, 0.000121313278214],
        "mean": [0.0649229288101, 0.480533778667, 1.29715621471, 2.47611808777, 3.70661950111, 4.01537942886, 5.62906885147, 10.3134183884, 12.6628665924, 10.3133888245, 10.1471843719, 18.189704895, 41.583782196, 21.7081203461, 28.0416965485, 27.4978122711, 19.0344772339, 27.0212135315, 33.6758422852, 30.2741031647, 42.2604103088, 51.9365158081, 38.9325561523, 33.5147705078, 21.6542549133, 20.4039516449, 9.57625198364, 5.05843448639, 5.66889762878, 6.93318843842, 6.16228437424, 5.14575576782, 3.01718091965, 0.633656561375, 0.0275424998254, 0.00140458729584, 0.000131154782139, 2.69666488748e-05, 1.62982432812e-05, 2.33061491599e-05],
        "median": [0.0147263426334, 0.167565971613, 0.426963657141, 0.680549025536, 0.933619320393, 1.48533952236, 2.10747051239, 3.41539096832, 3.54159092903, 2.91724872589, 2.86819005013, 4.59858608246, 7.38745117188, 5.82563400269, 6.60708522797, 6.2512140274, 6.64745903015, 9.11595630646, 9.3755979538, 11.4705228806, 14.3113059998, 14.3389158249, 14.8206539154, 13.5518016815, 9.07615470886, 7.70072841644, 3.88186311722, 2.14770126343, 2.36498498917, 2.86767959595, 2.52137565613, 2.39575076103, 1.37911117077, 0.252165794373, 0.00874384865165, 0.000547748524696, 7.02352044755e-05, 1.61990355991e-05, 1.31761598823e-05, 1.98444940906e-05],
        "min": [1.3782294898e-22, 1.35258903651e-21, 8.01280973651e-21, 1.79228616055e-20, 1.98566192384e-20, 7.71244526957e-20, 4.63025786233e-20, 1.85687235815e-19, 2.18580098723e-19, 3.17510150352e-19, 4.54435502647e-19, 6.08663793147e-19, 7.13248735787e-19, 1.16462201581e-18, 9.46938270675e-19, 1.60232753207e-18, 2.40867177519e-18, 2.89537760978e-18, 3.33015428629e-18, 5.02099665795e-18, 5.32660846143e-18, 6.06682716259e-18, 7.59120770779e-18, 8.28808173126e-18, 9.4643118828e-18, 1.10634141343e-17, 1.01255220142e-17, 1.2362129055e-17, 1.43164896631e-17, 1.40449080701e-17, 1.4518602974e-17, 1.31468620672e-17, 9.52773347472e-18, 8.9038242259e-18, 7.25733610586e-18, 4.7372459973e-18, 2.77579521055e-18, 1.1743714767e-18, 3.08961161173e-19, 3.0012274279e-20],
        "var": [0.0104215126485, 0.495455861092, 8.68626976013, 35.6012458801, 103.513031006, 50.8900146484, 140.327423096, 675.658752441, 1114.57287598, 877.159301758, 687.475402832, 2244.45288086, 11899.8212891, 3249.96240234, 7463.01220703, 6451.57910156, 1929.56811523, 3698.44189453, 6366.73876953, 3708.29858398, 6938.15087891, 12682.4052734, 4508.70410156, 2682.34667969, 1051.45837402, 1087.70141602, 316.443145752, 93.2491073608, 94.3470993042, 139.364257812, 218.188781738, 62.093914032, 22.0283985138, 1.23386776447, 0.00553896976635, 1.02582553154e-05, 3.67378625299e-08, 1.00647457035e-09, 1.78489820146e-10, 3.0411057006e-10]
    },
    "gfcc": {
        "mean": [-42.9413146973, 103.113685608, -161.120040894, 61.1683807373, -71.555480957, 20.7531719208, -36.2930335999, 2.13396167755, -2.84641027451, -22.3609638214, 8.64278316498, -14.7509279251, 3.98494434357],
        "cov": [[8172.27978516, -442.960876465, -764.042541504, 784.39074707, -333.374298096, 582.05291748, -167.644760132, 343.464782715, -115.890403748, -82.1582946777, 126.012893677, -227.99621582, 112.981445312], [-442.960876465, 1277.36645508, 151.012466431, -245.473190308, 162.608627319, -418.097351074, 21.7957248688, -295.466705322, 92.8795623779, -129.251831055, -26.1752300262, -24.3973808289, -95.4799423218], [-764.042541504, 151.012466431, 985.791748047, 254.475296021, -19.2283325195, 164.911361694, -80.9392242432, 66.9720458984, -47.0608062744, 34.226726532, 6.76007604599, 13.5895547867, 14.9355363846], [784.39074707, -245.473190308, 254.475296021, 529.710998535, 33.0171508789, 154.793792725, -33.5890235901, 119.515159607, -21.6214580536, 6.15781354904, 3.90997624397, -12.321975708, 47.6630516052], [-333.374298096, 162.608627319, -19.2283325195, 33.0171508789, 295.860443115, -55.5504875183, 23.0937747955, 10.0799598694, 43.0087432861, -17.05509758, -2.82942938805, 6.25410509109, -5.34157848358], [582.05291748, -418.097351074, 164.911361694, 154.793792725, -55.5504875183, 531.159301758, 106.634063721, 138.268951416, -86.3252334595, 98.3389968872, 50.1791114807, -21.4178905487, 43.296787262], [-167.644760132, 21.7957248688, -80.9392242432, -33.5890235901, 23.0937747955, 106.634063721, 256.455780029, 19.8335800171, -2.99538183212, 17.6294898987, -0.133957147598, -8.37198066711, -2.54906535149], [343.464782715, -295.466705322, 66.9720458984, 119.515159607, 10.0799598694, 138.268951416, 19.8335800171, 323.410339355, 15.2776412964, 33.9231948853, 35.1906433105, -2.71218252182, 85.5026550293], [-115.890403748, 92.8795623779, -47.0608062744, -21.6214580536, 43.0087432861, -86.3252334595, -2.99538183212, 15.2776412964, 143.797454834, 23.0636386871, 12.6491413116, 31.1383495331, -7.49917316437], [-82.1582946777, -129.251831055, 34.226726532, 6.15781354904, -17.05509758, 98.3389968872, 17.6294898987, 33.9231948853, 23.0636386871, 140.082870483, 63.5275650024, 17.6484260559, 15.9507799149], [126.012893677, -26.1752300262, 6.76007604599, 3.90997624397, -2.82942938805, 50.1791114807, -0.133957147598, 35.1906433105, 12.6491413116, 63.5275650024, 120.512123108, 35.6940574646, 12.8954811096], [-227.99621582, -24.3973808289, 13.5895547867, -12.321975708, 6.25410509109, -21.4178905487, -8.37198066711, -2.71218252182, 31.1383495331, 17.6484260559, 35.6940574646, 99.6952590942, 30.0903930664], [112.981445312, -95.4799423218, 14.9355363846, 47.6630516052, -5.34157848358, 43.296787262, -2.54906535149, 85.5026550293, -7.49917316437, 15.9507799149, 12.8954811096, 30.0903930664, 107.378257751]],
        "icov": [[0.000463952863356, -0.000795233820099, 0.00108293793164, -0.00109538272955, 0.000880891573615, -0.00105923949741, 0.000980760087259, -0.000707388157025, 0.000192238294403, 0.000262146786554, -0.00027996575227, 0.000322643871186, 0.000115485891001], [-0.000795233820099, 0.00384422345087, -0.00314700277522, 0.00283445627429, -0.00248873862438, 0.00318706943654, -0.00293040135875, 0.00337710836902, -0.00214245659299, 0.00181959627662, -0.00179936026689, 0.00203409930691, -0.00150684895925], [0.00108293793164, -0.00314700277522, 0.00446691177785, -0.00356107368134, 0.00257240957581, -0.00346946949139, 0.00341243483126, -0.00291502662003, 0.00175480346661, -0.000883568602148, 0.0008881513495, -0.00118311611004, 0.00142940937076], [-0.00109538272955, 0.00283445627429, -0.00356107368134, 0.00549499876797, -0.00288370507769, 0.00235038017854, -0.00230110576376, 0.00208341050893, -0.00138619309291, 0.000778477813583, -0.000192876585061, 0.000708341249265, -0.00146342581138], [0.000880891573615, -0.00248873862438, 0.00257240957581, -0.00288370507769, 0.00579063175246, -0.00213635037653, 0.00175601290539, -0.00233186827973, 0.000101075696875, 0.000135006441269, 0.000141200027429, -0.00042315578321, 0.000918982783332], [-0.00105923949741, 0.00318706943654, -0.00346946949139, 0.00235038017854, -0.00213635037653, 0.00673850858584, -0.00436030561104, 0.00180494703818, 0.000772779749241, -0.00154297635891, -0.000946139276493, 0.00101705209818, -0.000864585686941], [0.000980760087259, -0.00293040135875, 0.00341243483126, -0.00230110576376, 0.00175601290539, -0.00436030561104, 0.00747131183743, -0.00267682690173, 0.000970282009803, -0.000624946667813, 0.00116992124822, -0.0007148795994, 0.00128392572515], [-0.000707388157025, 0.00337710836902, -0.00291502662003, 0.00208341050893, -0.00233186827973, 0.00180494703818, -0.00267682690173, 0.00791082903743, -0.00370601657778, 0.00224107829854, -0.00289705651812, 0.00378022156656, -0.00528178922832], [0.000192238294403, -0.00214245659299, 0.00175480346661, -0.00138619309291, 0.000101075696875, 0.000772779749241, 0.000970282009803, -0.00370601657778, 0.0115406764671, -0.00477461935952, 0.00247117644176, -0.00507725961506, 0.00357263209298], [0.000262146786554, 0.00181959627662, -0.000883568602148, 0.000778477813583, 0.000135006441269, -0.00154297635891, -0.000624946667813, 0.00224107829854, -0.00477461935952, 0.0137678449973, -0.00735159497708, 0.00336783775128, -0.00249050161801], [-0.00027996575227, -0.00179936026689, 0.0008881513495, -0.000192876585061, 0.000141200027429, -0.000946139276493, 0.00116992124822, -0.00289705651812, 0.00247117644176, -0.00735159497708, 0.0147993583232, -0.00704483920708, 0.00284132058732], [0.000322643871186, 0.00203409930691, -0.00118311611004, 0.000708341249265, -0.00042315578321, 0.00101705209818, -0.0007148795994, 0.00378022156656, -0.00507725961506, 0.00336783775128, -0.00704483920708, 0.0174378864467, -0.00703425565735], [0.000115485891001, -0.00150684895925, 0.00142940937076, -0.00146342581138, 0.000918982783332, -0.000864585686941, 0.00128392572515, -0.00528178922832, 0.00357263209298, -0.00249050161801, 0.00284132058732, -0.00703425565735, 0.0151822511107]]
    },
    "melbands": {
        "dmean": [0.000309632800054, 0.000478903588373, 0.000401771365432, 0.000240197245148, 0.000122811616166, 0.000151213695062, 0.000127534687635, 7.90206322563e-05, 5.77048340347e-05, 7.09328014636e-05, 0.000101211771835, 5.32247031515e-05, 4.34739340562e-05, 4.7593992349e-05, 3.2177194953e-05, 2.44573784585e-05, 3.34786382155e-05, 3.93680638808e-05, 2.31293743127e-05, 3.08305570798e-05, 2.96677881124e-05, 3.00773408526e-05, 1.91217768588e-05, 1.62835549418e-05, 1.44045779962e-05, 8.41458040668e-06, 8.19553133624e-06, 6.72099304211e-06, 3.78959703085e-06, 2.0932325242e-06, 1.570776476e-06, 1.73859700681e-06, 2.13659336623e-06, 2.12383474718e-06, 2.14625856643e-06, 2.07834864341e-06, 1.59831597557e-06, 1.21487141769e-06, 6.68560005579e-07, 1.78435925591e-07],
        "dmean2": [0.000483782292577, 0.000727303675376, 0.000615489203483, 0.000417366798501, 0.000192954423255, 0.000237042913795, 0.000196659806534, 0.000119815005746, 8.89293296495e-05, 0.000110633838631, 0.000157702626893, 8.22396104923e-05, 6.8230292527e-05, 7.27791921236e-05, 4.93260777148e-05, 3.85233906854e-05, 5.27751653863e-05, 6.15668832324e-05, 3.62191894965e-05, 4.82706382172e-05, 4.58624417661e-05, 4.59079928987e-05, 2.92455461022e-05, 2.5134482712e-05, 2.27632499445e-05, 1.31719816636e-05, 1.26751156131e-05, 1.0273341104e-05, 5.8168166106e-06, 3.20681806443e-06, 2.45907722274e-06, 2.70672899205e-06, 3.30351076627e-06, 3.19676109939e-06, 3.27424891111e-06, 3.20899312101e-06, 2.47728462455e-06, 1.88321632777e-06, 1.02671401692e-06, 2.80554615983e-07],
        "dvar": [3.03584840822e-07, 1.12604061542e-06, 1.05081562651e-06, 4.27186080287e-07, 6.54743530504e-08, 1.62091623679e-07, 1.35455763939e-07, 5.99799321321e-08, 3.06656318116e-08, 3.98628330345e-08, 7.45172386019e-08, 2.86147034956e-08, 1.84349833177e-08, 2.65202881877e-08, 1.13490692399e-08, 4.49285852966e-09, 8.41720382283e-09, 1.40179592378e-08, 6.07751182713e-09, 7.771658872e-09, 6.11725203825e-09, 5.84643089496e-09, 1.95424987304e-09, 1.33882238629e-09, 9.59029522463e-10, 3.69781039122e-10, 3.39733657873e-10, 2.21563448144e-10, 8.54238138559e-11, 3.60057643423e-11, 1.39921555245e-11, 1.69085544177e-11, 2.31568583753e-11, 2.71839634136e-11, 6.13997255816e-11, 4.71053404616e-11, 1.25931261946e-11, 7.53431431827e-12, 2.86975304631e-12, 2.47734395931e-13],
        "dvar2": [7.77317836764e-07, 2.56402950072e-06, 2.15988620766e-06, 1.17986360237e-06, 1.42766694466e-07, 3.69533410094e-07, 2.8457782264e-07, 1.23303337318e-07, 6.71572806255e-08, 8.9089617461e-08, 1.74464446445e-07, 6.15522708358e-08, 4.19634034188e-08, 6.08926242762e-08, 2.51303617915e-08, 1.03873301072e-08, 1.9170229848e-08, 3.49917712583e-08, 1.47738852263e-08, 1.81715833492e-08, 1.32338859871e-08, 1.32721922341e-08, 4.22038803904e-09, 3.05227398911e-09, 2.31972019371e-09, 8.4920159793e-10, 7.8866896347e-10, 4.94077390112e-10, 1.79802561728e-10, 7.54668896819e-11, 3.11577673384e-11, 3.68564762043e-11, 5.16980382115e-11, 5.63520931307e-11, 1.25094934411e-10, 1.04114807054e-10, 3.16414845714e-11, 1.8374947397e-11, 6.88092118006e-12, 6.03094180499e-13],
        "max": [0.00645485613495, 0.0125259552151, 0.0114172808826, 0.009456503205, 0.00590581167489, 0.0112356133759, 0.0102284131572, 0.00697419326752, 0.00417497567832, 0.00458846939728, 0.00836679525673, 0.00639597419649, 0.00541968783364, 0.00531705841422, 0.00431802868843, 0.00167766609229, 0.00262463255785, 0.00266231340356, 0.00284918164834, 0.00227169203572, 0.00178279075772, 0.00176287046634, 0.00094680354232, 0.00131490640342, 0.000916977995075, 0.000407196872402, 0.000429251347668, 0.000378956756322, 0.00028658012161, 0.00025173035101, 0.000130560962134, 0.000146653226693, 0.000131771812448, 0.000218011948164, 0.000302101805573, 0.000316918682074, 0.000104770697362, 5.84383014939e-05, 5.1183749747e-05, 1.83581887541e-05],
        "mean": [0.000596734520514, 0.000681735575199, 0.000479311042, 0.000273658835795, 0.00020040187519, 0.000229545257753, 0.000183789728908, 0.000111967012344, 8.16836181912e-05, 0.00011927363812, 0.000210560887353, 8.90794908628e-05, 8.29857890494e-05, 8.4969229647e-05, 5.52327437617e-05, 3.73929542548e-05, 5.34904102096e-05, 5.98618717049e-05, 3.46809720213e-05, 4.94552587043e-05, 4.85431773996e-05, 5.80885644013e-05, 3.79969678761e-05, 3.16062942147e-05, 2.74021567748e-05, 1.6000103642e-05, 1.56908045028e-05, 1.30116122818e-05, 6.85826398694e-06, 3.52900610778e-06, 2.63582751359e-06, 2.93312655231e-06, 3.84570603273e-06, 3.83358064937e-06, 3.49219749296e-06, 3.44577938449e-06, 3.08004837279e-06, 2.36961091105e-06, 1.27734779198e-06, 2.63076458396e-07],
        "median": [0.000164567056345, 0.000283356232103, 0.000142620556289, 9.14489501156e-05, 7.89867772255e-05, 7.98162800493e-05, 5.06484429934e-05, 2.77304880001e-05, 2.01246111828e-05, 2.73644109257e-05, 3.47458699252e-05, 2.0358045731e-05, 1.7280342945e-05, 1.74776978383e-05, 1.23772433653e-05, 1.13375272122e-05, 1.53903347382e-05, 1.35267036967e-05, 9.97190545604e-06, 1.50620990098e-05, 1.4304954675e-05, 1.37898350658e-05, 1.23638537843e-05, 1.16728133435e-05, 9.81812627288e-06, 6.09487324255e-06, 5.45746570424e-06, 4.47807815362e-06, 2.37525455304e-06, 1.22242852285e-06, 1.08424274003e-06, 1.16925025395e-06, 1.41448526847e-06, 1.55804173119e-06, 1.33561036364e-06, 1.34604954383e-06, 1.41113514474e-06, 1.0226416407e-06, 5.09718404373e-07, 8.04137414434e-08],
        "min": [2.77611748803e-24, 4.2412443926e-24, 4.12122157246e-24, 2.3795302897e-24, 1.93148056693e-24, 4.24339877174e-24, 3.45569236445e-24, 3.83705257515e-24, 3.37983983854e-24, 4.13758649194e-24, 2.84943875651e-24, 4.38089486093e-24, 3.06359555961e-24, 2.36243212401e-24, 4.2359546858e-24, 5.83274523648e-24, 4.38909112574e-24, 5.38015206933e-24, 4.82462990898e-24, 4.50359744158e-24, 4.93213626758e-24, 5.81934919502e-24, 5.04643353527e-24, 5.32066682948e-24, 6.23265906124e-24, 7.7463269439e-24, 4.31818751872e-24, 6.82297945384e-24, 6.50996378538e-24, 5.0296154152e-24, 7.5179383012e-24, 8.03329324198e-24, 7.60504274464e-24, 7.05810733525e-24, 8.18902306214e-24, 7.71772521406e-24, 7.91483709959e-24, 5.97378370557e-24, 6.66963041589e-24, 7.12318441562e-24],
        "var": [7.35815774533e-07, 1.51159906636e-06, 1.22600624763e-06, 3.38547579304e-07, 1.36373571991e-07, 2.97444699981e-07, 2.29055572731e-07, 9.5416801571e-08, 5.1489589481e-08, 9.58331725087e-08, 3.04824965269e-07, 6.29633163385e-08, 7.48378710114e-08, 6.79896459133e-08, 2.89663049102e-08, 8.09403832847e-09, 1.79299295411e-08, 2.34221957385e-08, 8.19635559424e-09, 1.33118671641e-08, 1.12867848401e-08, 1.8478742092e-08, 6.03188343717e-09, 3.22971516198e-09, 2.14694395595e-09, 7.3208406004e-10, 7.13170966726e-10, 5.2421750274e-10, 2.00112884596e-10, 6.51728254697e-11, 2.48392677954e-11, 2.77007236593e-11, 4.51152067094e-11, 4.99442119606e-11, 8.39618305437e-11, 5.99361532627e-11, 2.22290831575e-11, 1.42875338296e-11, 5.06074609302e-12, 3.46695870797e-13]
    },
    "mfcc": {
        "mean": [-654.022460938, 96.3405380249, -11.8392324448, 23.0492305756, 5.94197511673, 3.14912462234, -5.24603223801, 13.9094686508, -8.23102855682, 7.94765949249, -7.33522844315, 2.19581842422, -2.68695402145],
        "cov": [[6085.34228516, -1164.6887207, -201.410247803, 50.7544250488, 100.786827087, 48.0264549255, 273.564025879, 185.354156494, 61.4499702454, 194.196182251, 18.1732559204, -18.9439620972, 47.8608016968], [-1164.6887207, 1493.02490234, -154.670043945, 78.0149993896, -59.436832428, -63.8439941406, -251.452316284, -97.8903961182, -118.542778015, -109.095329285, -28.75041008, -10.8961248398, -65.9032440186], [-201.410247803, -154.670043945, 999.363342285, 53.9134941101, 173.315216064, 87.868019104, 154.247543335, 1.13370263577, 37.6048355103, -12.617638588, 24.3845615387, 17.6334152222, 15.9765253067], [50.7544250488, 78.0149993896, 53.9134941101, 430.869018555, 104.542152405, -23.823266983, -84.348197937, 28.8981838226, 8.46190357208, -16.4870891571, -51.2415733337, 30.4288768768, -19.4951152802], [100.786827087, -59.436832428, 173.315216064, 104.542152405, 347.57232666, -56.888217926, 42.6354598999, 21.0706386566, 44.5847549438, 3.63333559036, -15.7164449692, 40.4603385925, 38.8718795776], [48.0264549255, -63.8439941406, 87.868019104, -23.823266983, -56.888217926, 313.415527344, 76.1195983887, 3.05210518837, -22.3994503021, 18.102645874, 31.431974411, -17.2167892456, 0.833808243275], [273.564025879, -251.452316284, 154.247543335, -84.348197937, 42.6354598999, 76.1195983887, 327.439605713, 58.5800247192, 74.3688812256, 59.7320175171, 43.0071487427, -13.867682457, 28.732427597], [185.354156494, -97.8903961182, 1.13370263577, 28.8981838226, 21.0706386566, 3.05210518837, 58.5800247192, 152.947128296, 52.525592804, 33.2395210266, 1.41088616848, -0.0443479940295, 7.26447153091], [61.4499702454, -118.542778015, 37.6048355103, 8.46190357208, 44.5847549438, -22.3994503021, 74.3688812256, 52.525592804, 168.566955566, 28.9290180206, 10.4304361343, 2.43975520134, 7.06279087067], [194.196182251, -109.095329285, -12.617638588, -16.4870891571, 3.63333559036, 18.102645874, 59.7320175171, 33.2395210266, 28.9290180206, 142.516921997, 34.1862106323, -8.2200460434, 10.3376712799], [18.1732559204, -28.75041008, 24.3845615387, -51.2415733337, -15.7164449692, 31.431974411, 43.0071487427, 1.41088616848, 10.4304361343, 34.1862106323, 111.426223755, 23.711812973, 13.0891723633], [-18.9439620972, -10.8961248398, 17.6334152222, 30.4288768768, 40.4603385925, -17.2167892456, -13.867682457, -0.0443479940295, 2.43975520134, -8.2200460434, 23.711812973, 125.937759399, 35.720287323], [47.8608016968, -65.9032440186, 15.9765253067, -19.4951152802, 38.8718795776, 0.833808243275, 28.732427597, 7.26447153091, 7.06279087067, 10.3376712799, 13.0891723633, 35.720287323, 99.9169082642]],
