{
"lowlevel": {
    "average_loudness": 0.933788895607,
    "barkbands_crest": {
        "dmean": 2.96869802475,
        "dmean2": 4.72965812683,
        "dvar": 6.87337017059,
        "dvar2": 15.3431425095,
        "max": 25.9123058319,
        "mean": 11.0104436874,
        "median": 9.97708511353,
        "min": 2.59926724434,
        "var": 26.2109642029
    },
    "barkbands_flatness_db": {
        "dmean": 0.0242974795401,
        "dmean2": 0.0357043370605,
        "dvar": 0.000475121138152,
        "dvar2": 0.000970592023805,
        "max": 0.343003362417,
        "mean": 0.130775794387,
        "median": 0.12137349695,
        "min": 0.0203695874661,
        "var": 0.00267110182904
    },
    "barkbands_kurtosis": {
        "dmean": 3.99647593498,
        "dmean2": 6.14967823029,
        "dvar": 59.3637123108,
        "dvar2": 137.857772827,
        "max": 260.608032227,
        "mean": 6.43461751938,
        "median": 1.79744672775,
        "min": -1.90807318687,
        "var": 147.917388916
    },
    "barkbands_skewness": {
        "dmean": 0.626094937325,
        "dmean2": 0.949448049068,
        "dvar": 0.42120590806,
        "dvar2": 0.926875054836,
        "max": 13.7518911362,
        "mean": 1.8173353672,
        "median": 1.48691558838,
        "min": -2.88462543488,
        "var": 2.15728902817
    },
    "barkbands_spread": {
        "dmean": 8.03971290588,
        "dmean2": 11.8141021729,
        "dvar": 77.5782699585,
        "dvar2": 157.191452026,
        "max": 103.356658936,
        "mean": 27.9073524475,
        "median": 24.5963954926,
        "min": 0.692506015301,
        "var": 333.932647705
    },
    "dissonance": {
        "dmean": 0.0175582598895,
        "dmean2": 0.0289732534438,
        "dvar": 0.00028152691084,
        "dvar2": 0.000734263041522,
        "max": 0.500000119209,
        "mean": 0.464349806309,
        "median": 0.470747053623,
        "min": 0.31834512949,
        "var": 0.000681526551489
    },
    "dynamic_complexity": 2.93348240852,
    "erbbands_crest": {
        "dmean": 2.94477343559,
        "dmean2": 4.66013288498,
        "dvar": 8.1589641571,
        "dvar2": 18.7872753143,
        "max": 30.8256225586,
        "mean": 9.39605522156,
        "median": 7.92493629456,
        "min": 2.02998733521,
        "var": 29.1551513672
    },
    "erbbands_flatness_db": {
        "dmean": 0.017686650157,
        "dmean2": 0.0250467918813,
        "dvar": 0.000283976842184,
        "dvar2": 0.00051942380378,
        "max": 0.290121883154,
        "mean": 0.133953183889,
        "median": 0.126263380051,
        "min": 0.0636475235224,
        "var": 0.00152808555868
    },
    "erbbands_kurtosis": {
        "dmean": 1.19000041485,
        "dmean2": 1.82604384422,
        "dvar": 4.56385564804,
        "dvar2": 9.72469425201,
        "max": 56.7090682983,
        "mean": 0.701363146305,
        "median": -0.340632081032,
        "min": -1.79373991489,
        "var": 11.5736875534
    },
    "erbbands_skewness": {
        "dmean": 0.430199980736,
        "dmean2": 0.637588381767,
        "dvar": 0.190353035927,
        "dvar2": 0.38289269805,
        "max": 6.62528133392,
        "mean": 0.469654351473,
        "median": 0.35559669137,
        "min": -3.5986328125,
        "var": 0.987829148769
    },
    "erbbands_spread": {
        "dmean": 11.9125986099,
        "dmean2": 17.7559585571,
        "dvar": 143.369659424,
        "dvar2": 299.069793701,
        "max": 145.49987793,
        "mean": 49.9870262146,
        "median": 48.4351654053,
        "min": 4.01201915741,
        "var": 505.375091553
    },
    "hfc": {
        "dmean": 8.33763027191,
        "dmean2": 11.2862634659,
        "dvar": 100.335449219,
        "dvar2": 211.165390015,
        "max": 146.185455322,
        "mean": 21.8537349701,
        "median": 16.0196037292,
        "min": 1.13243858125e-16,
        "var": 352.482208252
    },
    "melbands_crest": {
        "dmean": 3.56269598007,
        "dmean2": 5.75073862076,
        "dvar": 9.55642414093,
        "dvar2": 23.2873306274,
        "max": 33.0517196655,
        "mean": 14.6017131805,
        "median": 13.7122774124,
        "min": 2.49764657021,
        "var": 31.087644577
    },
    "melbands_flatness_db": {
        "dmean": 0.0289071947336,
        "dmean2": 0.0425159521401,
        "dvar": 0.000705882848706,
        "dvar2": 0.00145400071051,
        "max": 0.409683525562,
        "mean": 0.176215216517,
        "median": 0.163868874311,
        "min": 0.00722241215408,
        "var": 0.00470674131066
    },
    "melbands_kurtosis": {
        "dmean": 10.5311136246,
        "dmean2": 16.2066440582,
        "dvar": 277.309265137,
        "dvar2": 621.411499023,
        "max": 331.441223145,
        "mean": 21.611497879,
        "median": 11.2520475388,
        "min": -1.80106019974,
        "var": 779.04510498
    },
    "melbands_skewness": {
        "dmean": 0.892236232758,
        "dmean2": 1.34975159168,
        "dvar": 0.854342520237,
        "dvar2": 1.84566223621,
        "max": 15.670255661,
        "mean": 3.23343253136,
        "median": 2.87144422531,
        "min": -1.02348601818,
        "var": 3.95792818069
    },
    "melbands_spread": {
        "dmean": 8.95952320099,
        "dmean2": 13.7691955566,
        "dvar": 136.132583618,
        "dvar2": 297.116912842,
        "max": 188.288146973,
        "mean": 26.3180122375,
        "median": 21.4601840973,
        "min": 0.780610501766,
        "var": 457.43145752
    },
    "pitch_salience": {
        "dmean": 0.0791672691703,
        "dmean2": 0.124941945076,
        "dvar": 0.00469553889707,
        "dvar2": 0.0110264858231,
        "max": 0.854286730289,
        "mean": 0.540805280209,
        "median": 0.549494743347,
        "min": 0.0728429555893,
        "var": 0.0149367013946
    },
    "silence_rate_20dB": {
        "dmean": 0,
        "dmean2": 0,
        "dvar": 0,
        "dvar2": 0,
        "max": 1,
        "mean": 1,
        "median": 1,
        "min": 1,
        "var": 0
    },
    "silence_rate_30dB": {
        "dmean": 0,
        "dmean2": 0,
        "dvar": 0,
        "dvar2": 0,
        "max": 1,
        "mean": 1,
        "median": 1,
        "min": 1,
        "var": 0
    },
    "silence_rate_60dB": {
        "dmean": 0.0186180677265,
        "dmean2": 0.0372410193086,
        "dvar": 0.0182706527412,
        "dvar2": 0.0439817085862,
        "max": 1,
        "mean": 0.0259570013732,
        "median": 0,
        "min": 0,
        "var": 0.0252822972834
    },
    "spectral_centroid": {
        "dmean": 297.072998047,
        "dmean2": 447.705322266,
        "dvar": 111699.90625,
        "dvar2": 217381.03125,
        "max": 11160.9179688,
        "mean": 1447.15820312,
        "median": 1437.6730957,
        "min": 245.872436523,
        "var": 555489.4375
    },
    "spectral_complexity": {
        "dmean": 4.33407640457,
        "dmean2": 6.40938901901,
        "dvar": 18.3742294312,
        "dvar2": 36.7548408508,
        "max": 52,
        "mean": 16.635684967,
        "median": 14,
        "min": 0,
        "var": 88.4719619751
    },
    "spectral_decrease": {
        "dmean": 1.82961723549e-09,
        "dmean2": 2.65818211886e-09,
        "dvar": 4.34599122192e-18,
        "dvar2": 8.66847314365e-18,
        "max": -4.24352723377e-29,
        "mean": -5.7268563225e-09,
        "median": -5.02673769276e-09,
        "min": -2.53767211689e-08,
        "var": 1.56815543952e-17
    },
    "spectral_energy": {
        "dmean": 0.00745840836316,
        "dmean2": 0.0107423802838,
        "dvar": 6.9877722126e-05,
        "dvar2": 0.000138088435051,
        "max": 0.101807713509,
        "mean": 0.0235967244953,
        "median": 0.0206397809088,
        "min": 1.04317120298e-20,
        "var": 0.000256119121332
    },
    "spectral_energyband_high": {
        "dmean": 0.000629235408269,
        "dmean2": 0.000892621523235,
        "dvar": 9.02321858121e-07,
        "dvar2": 2.14488704842e-06,
        "max": 0.0181532949209,
        "mean": 0.00119839271065,
        "median": 0.000757647154387,
        "min": 7.64411255772e-21,
        "var": 1.90310481685e-06
    },
    "spectral_energyband_low": {
        "dmean": 0.00277657387778,
        "dmean2": 0.00417548092082,
        "dvar": 1.47251666931e-05,
        "dvar2": 3.32287454512e-05,
        "max": 0.0529460161924,
        "mean": 0.00578471366316,
        "median": 0.00338069559075,
        "min": 5.61395576882e-23,
        "var": 4.15651993535e-05
    },
    "spectral_energyband_middle_high": {
        "dmean": 0.00211386568844,
        "dmean2": 0.00294162053615,
        "dvar": 1.47449409269e-05,
        "dvar2": 2.6172854632e-05,
        "max": 0.0748010799289,
        "mean": 0.00469355005771,
        "median": 0.0018427297473,
        "min": 1.42323815701e-21,
        "var": 4.92687649967e-05
    },
    "spectral_energyband_middle_low": {
        "dmean": 0.0056443749927,
        "dmean2": 0.00846641883254,
        "dvar": 6.00882303843e-05,
        "dvar2": 0.000128126703203,
        "max": 0.0914945676923,
        "mean": 0.0125160887837,
        "median": 0.00792887527496,
        "min": 4.14346981657e-22,
        "var": 0.000154879540787
    },
    "spectral_entropy": {
        "dmean": 0.193787515163,
        "dmean2": 0.276928693056,
        "dvar": 0.0395021624863,
        "dvar2": 0.0754652842879,
        "max": 9.81573963165,
        "mean": 7.78408050537,
        "median": 7.83461952209,
        "min": 5.64501857758,
        "var": 0.178992807865
    },
    "spectral_flux": {
        "dmean": 0.0260864477605,
        "dmean2": 0.0398011691868,
        "dvar": 0.000663147831801,
        "dvar2": 0.00149371835869,
        "max": 0.282941192389,
        "mean": 0.0864555314183,
        "median": 0.0772754400969,
        "min": 1.02135751245e-10,
        "var": 0.00195963517763
    },
    "spectral_kurtosis": {
        "dmean": 0.978135228157,
        "dmean2": 1.51110613346,
        "dvar": 1.2474052906,
        "dvar2": 2.97086191177,
        "max": 18.7870426178,
        "mean": 2.52336359024,
        "median": 2.23094105721,
        "min": -1.22205066681,
        "var": 3.05446434021
    },
    "spectral_rms": {
        "dmean": 0.000773142033722,
        "dmean2": 0.00109965528827,
        "dvar": 5.96566508193e-07,
        "dvar2": 1.11011070203e-06,
        "max": 0.00996617320925,
        "mean": 0.00450037186965,
        "median": 0.00448735663667,
        "min": 3.19018487842e-12,
        "var": 2.76767946161e-06
    },
    "spectral_rolloff": {
        "dmean": 737.037475586,
        "dmean2": 1177.87109375,
        "dvar": 1403568.875,
        "dvar2": 2859145.5,
        "max": 18604.6875,
        "mean": 1853.86523438,
        "median": 1291.9921875,
        "min": 64.599609375,
        "var": 3663358
    },
    "spectral_skewness": {
        "dmean": 0.177355781198,
        "dmean2": 0.264299601316,
        "dvar": 0.0344179868698,
        "dvar2": 0.0706965401769,
        "max": 3.5671646595,
        "mean": 1.31681251526,
        "median": 1.30500626564,
        "min": -0.0137904928997,
        "var": 0.134093433619
    },
    "spectral_spread": {
        "dmean": 791670.8125,
        "dmean2": 1121273.375,
        "dvar": 773171642368,
        "dvar2": 1.37233576755e+12,
        "max": 40766576,
        "mean": 5848245.5,
        "median": 5712336,
        "min": 2252627,
        "var": 2.09584311501e+12
    },
    "spectral_strongpeak": {
        "dmean": 0.561372220516,
        "dmean2": 0.900247693062,
        "dvar": 0.996844947338,
        "dvar2": 2.34242558479,
        "max": 19.0180072784,
        "mean": 1.04119837284,
        "median": 0.487919569016,
        "min": 3.29276117483e-09,
        "var": 1.85210621357
    },
    "zerocrossingrate": {
        "dmean": 0.0152960009873,
        "dmean2": 0.0174311157316,
        "dvar": 0.000256449799053,
        "dvar2": 0.000295739533613,
        "max": 0.49365234375,
        "mean": 0.0765277147293,
        "median": 0.0693359375,
        "min": 0.0068359375,
        "var": 0.00188787479419
    },
    "barkbands": {
        "dmean": [4.30884501839e-05, 0.00213692570105, 0.00126548495609, 0.00100339134224, 0.00247388076968, 0.00159853126388, 0.000745359808207, 0.000538747641258, 0.00138899183366, 0.000695191207342, 0.000378831900889, 0.000398232834414, 0.000308305723593, 0.000361566548236, 0.000385568768252, 0.000351842783857, 0.000241208981606, 0.000222437724005, 0.000140183110489, 0.000145680533024, 0.00012116949074, 0.000103060883703, 0.000150954991113, 0.000151216663653, 0.000115594026283, 2.47974603553e-05, 2.32105648479e-07],
        "dmean2": [6.57152122585e-05, 0.0031452649273, 0.00205999216996, 0.00177592539694, 0.00386032438837, 0.002506156452, 0.00121771229897, 0.000820059969556, 0.00203655823134, 0.00106627179775, 0.000581927248277, 0.000606336223427, 0.000484186602989, 0.000555038335733, 0.00062154821353, 0.000552038662136, 0.000389124703361, 0.000344641826814, 0.000214084677282, 0.000224472489208, 0.000188037447515, 0.000160485695233, 0.000228759177844, 0.000221488633542, 0.000168548838701, 3.68479632016e-05, 3.98186358552e-07],
        "dvar": [4.8050856627e-09, 1.13908263302e-05, 6.62873753754e-06, 5.8687010096e-06, 1.88661597349e-05, 1.2970906937e-05, 1.10473938548e-05, 2.77713115793e-06, 1.74069591594e-05, 6.7669911914e-06, 1.59116473242e-06, 2.32868978856e-06, 9.07179128262e-07, 1.76610194558e-06, 1.38427742513e-06, 1.32348293391e-06, 2.92126799195e-07, 2.23372694563e-07, 5.10286284339e-08, 9.92510678088e-08, 8.78042385466e-08, 3.4593114151e-08, 7.97204577907e-08, 5.14145241937e-08, 3.64436480993e-08, 1.51325296738e-09, 1.97179056936e-12],
        "dvar2": [1.08827249434e-08, 2.47601274168e-05, 1.65788751474e-05, 1.64530883922e-05, 3.77853721147e-05, 2.97928945656e-05, 2.75785496342e-05, 5.19396735399e-06, 3.53341420123e-05, 1.323302331e-05, 3.24579400512e-06, 4.98439021612e-06, 2.03801891985e-06, 3.68244718629e-06, 3.48675689565e-06, 3.05954176838e-06, 7.47689909986e-07, 5.14831413057e-07, 1.20297201534e-07, 2.01368962394e-07, 2.32766339536e-07, 8.90470630566e-08, 2.04400194548e-07, 1.12196026691e-07, 7.97099417582e-08, 3.42701378386e-09, 5.33758714311e-12],
        "max": [0.00181739544496, 0.0431888476014, 0.0324540063739, 0.0311078988016, 0.0781969949603, 0.0849746912718, 0.0771448016167, 0.0467388853431, 0.0786328017712, 0.0700827389956, 0.04785496369, 0.0378599353135, 0.0230210907757, 0.0362738855183, 0.0216963253915, 0.0230402108282, 0.0147042898461, 0.00906862691045, 0.00497011374682, 0.0187176242471, 0.0142328590155, 0.00347395334393, 0.00683299591765, 0.00618945248425, 0.00329503440298, 0.000564012152608, 4.63516953459e-05],
        "mean": [6.03189328103e-05, 0.00363618414849, 0.00166249496397, 0.00102010811679, 0.00474148895591, 0.00274747610092, 0.000839216983877, 0.000774872547481, 0.00200580665842, 0.000841752800625, 0.000539427041076, 0.000554093916435, 0.000413981208112, 0.000465187011287, 0.000500230118632, 0.000476676825201, 0.000361810874892, 0.000360703648767, 0.000252211029874, 0.000269150623353, 0.000209567107959, 0.000171241612406, 0.000251737859799, 0.00025568928686, 0.000152820721269, 3.22609994328e-05, 1.77110976551e-07],
        "median": [2.11944970943e-05, 0.00165457394905, 0.000923808547668, 0.000343557738233, 0.00149494688958, 0.000849372125231, 0.000296269048704, 0.000211815873627, 0.000269113399554, 0.000146393111208, 0.00011348426051, 0.000122008146718, 9.20576276258e-05, 8.86493944563e-05, 0.000110386943561, 0.000105923347292, 0.00011426594574, 0.000131094682729, 0.000135831796797, 0.000150574167492, 0.000111887959065, 9.25909771468e-05, 0.000139746349305, 0.000152798311319, 6.93379042787e-05, 1.42331955431e-05, 2.5727533437e-09],
        "min": [2.90854968186e-24, 2.22061157822e-23, 1.41330284518e-23, 4.69597947489e-23, 4.36280438711e-23, 6.72786523232e-23, 1.38880022593e-22, 7.21509601964e-23, 3.04190381743e-23, 6.89140682648e-23, 2.78011117524e-23, 4.08113339675e-23, 5.99865925093e-23, 1.9098376789e-22, 2.03069659695e-22, 1.0581519543e-22, 1.27710446373e-22, 1.27875917836e-22, 3.57326020213e-22, 2.50837295342e-22, 5.33862084614e-22, 5.61320855977e-22, 5.96243942821e-22, 9.5480139384e-22, 1.18962870031e-21, 1.53479667004e-21, 2.3762471579e-21],
        "var": [8.95685392521e-09, 2.626710193e-05, 6.77370871927e-06, 5.71614191358e-06, 6.57949058223e-05, 2.88034934783e-05, 9.74547219812e-06, 5.39618258699e-06, 3.47647292074e-05, 1.07265723273e-05, 3.6025760437e-06, 3.97455823986e-06, 1.41975908718e-06, 2.70117584478e-06, 1.74945284925e-06, 1.83714075774e-06, 5.24506617694e-07, 3.99446747679e-07, 1.16126408045e-07, 1.99524492928e-07, 1.14582860533e-07, 5.59598412053e-08, 1.1659659549e-07, 1.07907482061e-07, 5.76459555646e-08, 2.03303307522e-09, 1.34707631334e-12]
    },
    "erbbands": {
        "dmean": [0.0515893064439, 0.538587450981, 1.34570550919, 2.26503491402, 5.31454563141, 9.97614574432, 10.5332994461, 16.030500412, 13.1169948578, 10.2462825775, 10.6768054962, 28.885017395, 31.9488143921, 13.4183235168, 16.6793498993, 14.050327301, 13.162563324, 16.6996936798, 14.2726964951, 24.2225456238, 15.4420776367, 11.8612194061, 11.9054584503, 8.06747436523, 7.26189088821, 6.73646831512, 5.17649793625, 4.5510225296, 3.79424834251, 3.65940761566, 4.30110168457, 3.47322058678, 2.49620985985, 1.52486228943, 0.722638785839, 0.217788517475, 0.0197232719511, 0.00114940060303, 5.67427450733e-05, 1.21766670418e-05],
        "dmean2": [0.0710516571999, 0.793766617775, 2.11944389343, 3.85226154327, 8.76898002625, 15.3133001328, 15.5307359695, 25.5768013, 21.4161510468, 15.8930883408, 16.1706237793, 42.3983573914, 46.7213668823, 20.7819194794, 24.3206634521, 21.2481155396, 20.431640625, 25.6347389221, 22.0077629089, 37.9550170898, 23.670167923, 18.619720459, 18.1520462036, 12.3150196075, 10.9842128754, 10.342921257, 7.97442722321, 7.04752206802, 5.87074136734, 5.62105226517, 6.51599597931, 5.16603326797, 3.64874339104, 2.20348501205, 1.07946527004, 0.323452085257, 0.0287408307195, 0.001783227548, 8.80418519955e-05, 1.71820611286e-05],
        "dvar": [0.00698997965083, 0.749044060707, 6.38838005066, 26.2386016846, 110.215576172, 435.206512451, 447.405670166, 1700.19042969, 3542.64013672, 744.33013916, 832.444519043, 8086.67333984, 11642.5595703, 1470.29980469, 3032.99145508, 2996.90356445, 1597.36694336, 3328.88891602, 2123.57543945, 6286.48925781, 1884.2923584, 589.083496094, 730.432495117, 185.668609619, 257.158050537, 118.14440918, 79.6034317017, 160.403335571, 50.5637550354, 47.7872467041, 57.3629417419, 32.5144729614, 14.2742681503, 6.34306144714, 1.52678871155, 0.11824426055, 0.000876250385772, 6.00823204877e-06, 6.50944755876e-08, 1.86439710892e-10],
        "dvar2": [0.0123440492898, 1.64515292645, 15.1066198349, 70.528717041, 279.046417236, 796.53704834, 790.638122559, 4136.21826172, 8845.66699219, 1453.99975586, 1692.37243652, 16155.6367188, 23365.3808594, 2943.65966797, 5448.18408203, 6763.66699219, 3768.48486328, 6974.23632812, 4911.42919922, 15002.9150391, 4317.86132812, 1391.26428223, 1633.70263672, 434.493469238, 532.469665527, 277.371887207, 191.335388184, 430.420013428, 130.082458496, 126.775688171, 142.665237427, 77.1373672485, 30.9690265656, 13.7598581314, 3.51138615608, 0.265842854977, 0.00190248619765, 1.4837964045e-05, 1.73090271005e-07, 3.96200516839e-10],
        "max": [1.03404986858, 10.9822158813, 33.2286834717, 59.5531082153, 182.998504639, 449.371643066, 547.987182617, 954.698364258, 1304.75292969, 662.524414062, 864.308044434, 2382.39331055, 2298.65576172, 930.562011719, 1472.38146973, 1773.75695801, 1248.72045898, 1490.99157715, 1338.54162598, 2053.9152832, 1058.0723877, 489.072692871, 504.113037109, 191.812393188, 850.907226562, 370.351409912, 216.863006592, 669.601257324, 160.956573486, 179.027252197, 131.660614014, 179.740570068, 70.3211364746, 49.7707557678, 17.7455272675, 5.39954662323, 0.27876240015, 0.0666726306081, 0.00847837049514, 0.000230596619076],
        "mean": [0.0918630212545, 0.85817283392, 1.93939697742, 2.75014328957, 7.41080665588, 19.0267982483, 20.9842529297, 23.6329975128, 15.5151376724, 15.3591241837, 16.2631855011, 42.8977394104, 43.052532196, 17.9081420898, 25.6027870178, 21.2139110565, 19.6944084167, 23.4384632111, 20.2500991821, 33.6442108154, 24.5393753052, 19.6697483063, 19.9600772858, 15.015171051, 13.3657636642, 12.7510528564, 9.38226890564, 7.62517309189, 6.27911186218, 5.99028778076, 7.27876234055, 5.90384960175, 3.96097016335, 2.09356594086, 0.897897362709, 0.272130221128, 0.028122689575, 0.00233551161364, 8.75584519235e-05, 3.51029557351e-05],
        "median": [0.0316737852991, 0.417256832123, 1.1299803257, 1.29777669907, 2.26151418686, 4.9551076889, 6.03386497498, 7.37753009796, 5.3890953064, 5.74996948242, 5.19534111023, 5.94398021698, 6.17151355743, 5.22517728806, 5.81514835358, 5.91331911087, 4.77006626129, 4.86298942566, 4.83479881287, 6.91673374176, 6.69705057144, 6.33740901947, 7.30512714386, 6.93949222565, 7.62925481796, 7.23149394989, 5.06873703003, 4.1832280159, 3.44788122177, 3.16998410225, 4.0003285408, 3.49742794037, 2.23328566551, 0.985396265984, 0.384432315826, 0.11454872787, 0.0133228693157, 0.00152209564112, 4.93156330776e-05, 3.14762510243e-05],
        "min": [7.65854338589e-22, 4.5735074562e-21, 1.5783273325e-20, 8.36017292564e-20, 1.99031016189e-19, 1.38651807481e-19, 4.15108544592e-19, 4.21968922099e-19, 1.50047088959e-18, 1.83467398414e-18, 1.37270984545e-18, 5.70352819679e-19, 1.7789794999e-18, 1.85337550381e-18, 1.29117061996e-18, 1.99363638438e-18, 2.86067903745e-18, 6.0194379853e-18, 1.26953025165e-17, 7.82615678025e-18, 7.35309963256e-18, 7.15016989442e-18, 7.48527399546e-18, 9.85384281378e-18, 2.04900082355e-17, 1.2534405134e-17, 2.21094028817e-17, 1.83429071e-17, 2.26137233207e-17, 2.00464210515e-17, 1.63311674543e-17, 1.42869411173e-17, 1.99936055694e-17, 1.08743545606e-17, 9.43242903327e-18, 5.86553110617e-18, 3.15003839625e-18, 1.2355543043e-18, 3.08839203731e-19, 3.51906446334e-20],
        "var": [0.020684523508, 1.50330579281, 7.94950866699, 24.0305728912, 192.78527832, 1604.82910156, 2043.75683594, 2663.0625, 3205.20361328, 1492.80126953, 1784.10180664, 16989.4960938, 20205.5097656, 2266.04199219, 7275.40429688, 4844.96386719, 2660.85351562, 5890.56054688, 2751.52490234, 8423.07324219, 3893.65942383, 1288.85229492, 1296.04614258, 469.451782227, 478.193023682, 273.647003174, 167.23840332, 176.457519531, 78.2025909424, 68.6161727905, 94.1608047485, 61.064994812, 27.7559337616, 10.5503129959, 2.10321903229, 0.163055717945, 0.00126600428484, 6.52373773846e-06, 4.86308593395e-08, 5.31410748739e-10]
    },
    "gfcc": {
        "mean": [11.1606502533, 72.5396499634, -106.397041321, 43.8464622498, -69.3550033569, 21.7229404449, -46.7474632263, 14.6099367142, -26.9407196045, 2.57010555267, -13.1752729416, 1.6652572155, -7.37262964249],
        "cov": [[3172.08081055, -485.492370605, -576.626953125, 64.3498535156, -225.708099365, 173.610961914, -161.776351929, 176.682693481, -0.946715295315, 20.5845737457, -66.9635467529, -55.3339653015, 43.9021034241], [-485.492370605, 615.046325684, 163.027877808, -131.479125977, 153.762619019, -104.669944763, 83.2241897583, -82.0710372925, 28.2050952911, -57.4662590027, 62.9658126831, 4.82518911362, 7.58312416077], [-576.626953125, 163.027877808, 754.726318359, 229.503601074, -1.77788925171, 18.7379817963, -59.5554771423, -91.1520996094, -72.8827819824, -12.5447626114, 20.8485546112, 33.6073112488, -16.4830799103], [64.3498535156, -131.479125977, 229.503601074, 333.148376465, 22.4386844635, 53.5808258057, -33.0007019043, 2.34333229065, 1.13695585728, 20.6337680817, 2.31553864479, 9.73655509949, 3.40781402588], [-225.708099365, 153.762619019, -1.77788925171, 22.4386844635, 204.436218262, 34.3052330017, 67.7078094482, 8.15041065216, 37.2500228882, 2.77799081802, 11.4246635437, 9.6110534668, -3.42619228363], [173.610961914, -104.669944763, 18.7379817963, 53.5808258057, 34.3052330017, 190.045806885, 72.3397445679, 25.4418411255, -23.1417369843, 26.7732582092, -0.566516518593, -4.93240976334, -10.998418808], [-161.776351929, 83.2241897583, -59.5554771423, -33.0007019043, 67.7078094482, 72.3397445679, 179.137313843, 29.0418109894, 16.7368297577, 12.0985221863, 15.5905990601, -11.9183015823, -5.60963010788], [176.682693481, -82.0710372925, -91.1520996094, 2.34333229065, 8.15041065216, 25.4418411255, 29.0418109894, 131.817977905, 68.4630584717, 23.7620029449, -14.5260982513, -10.6459474564, 6.44457149506], [-0.946715295315, 28.2050952911, -72.8827819824, 1.13695585728, 37.2500228882, -23.1417369843, 16.7368297577, 68.4630584717, 133.721084595, 39.2388267517, 16.0609493256, 4.05234098434, 14.5070581436], [20.5845737457, -57.4662590027, -12.5447626114, 20.6337680817, 2.77799081802, 26.7732582092, 12.0985221863, 23.7620029449, 39.2388267517, 96.9050445557, 31.0287647247, 11.3128843307, 2.8164896965], [-66.9635467529, 62.9658126831, 20.8485546112, 2.31553864479, 11.4246635437, -0.566516518593, 15.5905990601, -14.5260982513, 16.0609493256, 31.0287647247, 90.2114334106, 39.0789413452, 13.3374328613], [-55.3339653015, 4.82518911362, 33.6073112488, 9.73655509949, 9.6110534668, -4.93240976334, -11.9183015823, -10.6459474564, 4.05234098434, 11.3128843307, 39.0789413452, 77.6288528442, 28.9199047089], [43.9021034241, 7.58312416077, -16.4830799103, 3.40781402588, -3.42619228363, -10.998418808, -5.60963010788, 6.44457149506, 14.5070581436, 2.8164896965, 13.3374328613, 28.9199047089, 65.6634521484]],
        "icov": [[0.0007369138184, -0.00104938447475, 0.00117441511247, -0.00100230053067, 0.00138553895522, -0.00168322888203, 0.00160915253218, -0.00116365507711, 0.000641505524982, -0.000286611524643, 0.000452625768958, -0.000151698724949, -0.000137205963256], [-0.00104938447475, 0.00829222053289, -0.00455687800422, 0.00523685244843, -0.00680955452845, 0.00604152493179, -0.00524022849277, 0.0046686148271, -0.00356896407902, 0.00422114133835, -0.00541218323633, 0.00417582597584, -0.00205332553014], [0.00117441511247, -0.00455687800422, 0.00506387511268, -0.00457209721208, 0.0042976886034, -0.00417556241155, 0.00397138344124, -0.00222287420183, 0.00265090307221, -0.00184287701268, 0.00248066126369, -0.00266681797802, 0.00149582279846], [-0.00100230053067, 0.00523685244843, -0.00457209721208, 0.00787644367665, -0.00520664127544, 0.00289029907435, -0.00250576040708, 0.00275608175434, -0.00289404345676, 0.00192315899767, -0.00312123796903, 0.00290498021059, -0.00185180082917], [0.00138553895522, -0.00680955452845, 0.0042976886034, -0.00520664127544, 0.0124226808548, -0.00652495631948, 0.00276208040304, -0.00293233501725, 0.000298643077258, -0.00198303489015, 0.00466765323654, -0.00471030455083, 0.00243365252391], [-0.00168322888203, 0.00604152493179, -0.00417556241155, 0.00289029907435, -0.00652495631948, 0.0139981880784, -0.0083962418139, 0.00195969291963, 0.001024446683, -4.1593262722e-05, -0.00291826878674, 0.0020462970715, -0.000208946526982], [0.00160915253218, -0.00524022849277, 0.00397138344124, -0.00250576040708, 0.00276208040304, -0.0083962418139, 0.0133706666529, -0.00497196149081, 0.00236837612465, -0.00177225528751, 0.000479324837215, 0.000332372816047, 0.000333287782269], [-0.00116365507711, 0.0046686148271, -0.00222287420183, 0.00275608175434, -0.00293233501725, 0.00195969291963, -0.00497196149081, 0.0161037705839, -0.0091856000945, 0.00170639925636, 0.000599334132858, 0.00182951544411, -0.00126351579092], [0.000641505524982, -0.00356896407902, 0.00265090307221, -0.00289404345676, 0.000298643077258, 0.001024446683, 0.00236837612465, -0.0091856000945, 0.0160972699523, -0.00609465083107, 0.000163203818374, -0.000653802941088, -0.000950239016674], [-0.000286611524643, 0.00422114133835, -0.00184287701268, 0.00192315899767, -0.00198303489015, -4.1593262722e-05, -0.00177225528751, 0.00170639925636, -0.00609465083107, 0.0167373325676, -0.00745741650462, 0.00192489905749, 7.96104723122e-06], [0.000452625768958, -0.00541218323633, 0.00248066126369, -0.00312123796903, 0.00466765323654, -0.00291826878674, 0.000479324837215, 0.000599334132858, 0.000163203818374, -0.00745741650462, 0.0210675448179, -0.0107476636767, 0.00158213532995], [-0.000151698724949, 0.00417582597584, -0.00266681797802, 0.00290498021059, -0.00471030455083, 0.0020462970715, 0.000332372816047, 0.00182951544411, -0.000653802941088, 0.00192489905749, -0.0107476636767, 0.0228666495532, -0.00908135343343], [-0.000137205963256, -0.00205332553014, 0.00149582279846, -0.00185180082917, 0.00243365252391, -0.000208946526982, 0.000333287782269, -0.00126351579092, -0.000950239016674, 7.96104723122e-06, 0.00158213532995, -0.00908135343343, 0.0201619938016]]
    },
    "melbands": {
        "dmean": [0.000533824088052, 0.00064112333348, 0.000462132680696, 0.000516992935445, 0.000401063938625, 0.000339805992553, 0.000187036624993, 0.000116372102639, 0.000101311503386, 0.000200329130166, 0.000160998504725, 5.8492518292e-05, 5.57746898266e-05, 4.93111801916e-05, 3.18972779496e-05, 3.0011869967e-05, 3.43843603332e-05, 2.46979670919e-05, 3.11179865093e-05, 2.9169876143e-05, 1.87054029084e-05, 1.41653163155e-05, 1.24959560708e-05, 1.07407695396e-05, 6.77077559885e-06, 5.3837352425e-06, 5.85790849073e-06, 4.51657706435e-06, 3.50735990651e-06, 2.82173232335e-06, 2.89910190077e-06, 2.31467925005e-06, 1.93175969798e-06, 2.32315346693e-06, 2.68490657618e-06, 2.49394565799e-06, 2.12057284443e-06, 1.92750985661e-06, 1.4021197785e-06, 1.30924649966e-06],
        "dmean2": [0.000771445804276, 0.000976268551312, 0.000757830101065, 0.000818581494968, 0.000588536728173, 0.000539433793165, 0.000305664958432, 0.000178604386747, 0.000152880849782, 0.000290603755275, 0.000236121792113, 9.23560219235e-05, 8.32758159959e-05, 7.30535903131e-05, 4.99130328535e-05, 4.55816516478e-05, 5.30208126293e-05, 3.85813254979e-05, 4.96814282087e-05, 4.51088344562e-05, 2.95671725326e-05, 2.29294128076e-05, 1.96036198759e-05, 1.67449197761e-05, 1.05930166683e-05, 8.3012128016e-06, 9.11550978344e-06, 7.08337438482e-06, 5.47688750885e-06, 4.41940437668e-06, 4.55703911939e-06, 3.62302967005e-06, 3.05365233544e-06, 3.61754382538e-06, 4.14865735365e-06, 3.81663858207e-06, 3.20721528624e-06, 2.86390036308e-06, 2.08169990401e-06, 1.91941580852e-06],
        "dvar": [7.08586924247e-07, 1.10068810955e-06, 8.95893492725e-07, 8.67369465141e-07, 5.91170874031e-07, 7.22468485037e-07, 6.64171125209e-07, 1.09124229652e-07, 8.49175307849e-08, 3.69142924228e-07, 2.978260909e-07, 3.58883553986e-08, 3.24561746368e-08, 3.57014009467e-08, 9.73905134316e-09, 8.79847750213e-09, 1.57253747801e-08, 9.32459354175e-09, 1.11512816758e-08, 1.04701376458e-08, 3.29388627485e-09, 9.58418566732e-10, 8.70873317904e-10, 5.06187203264e-10, 1.39409789268e-10, 9.27114496285e-11, 3.3520433651e-10, 5.34826662124e-11, 4.00547477131e-11, 2.78157306216e-11, 1.10250315821e-10, 1.88708337151e-11, 1.34884603487e-11, 2.24653941283e-11, 2.3828650858e-11, 2.27925716495e-11, 1.14032099735e-11, 8.72892209902e-12, 4.76994095264e-12, 5.42391478953e-12],
        "dvar2": [1.44190812534e-06, 2.40725944423e-06, 2.3152963422e-06, 1.87514979189e-06, 1.03516629224e-06, 1.74416129539e-06, 1.66511813404e-06, 2.04814000426e-07, 1.79030351433e-07, 7.25025927295e-07, 5.92970081925e-07, 7.1745766661e-08, 6.44514912551e-08, 7.49560200575e-08, 2.18754365733e-08, 1.82222645861e-08, 3.25646460908e-08, 2.14017106259e-08, 2.74921756471e-08, 2.33650538917e-08, 7.65225749433e-09, 2.35968511397e-09, 2.07832484556e-09, 1.16484366597e-09, 3.34977795502e-10, 2.17695625415e-10, 6.50222709009e-10, 1.31339411569e-10, 9.72586733372e-11, 6.60731816482e-11, 3.05102609843e-10, 4.79290114541e-11, 3.60432343693e-11, 6.05922950703e-11, 6.07068353919e-11, 5.71918588876e-11, 2.70098214628e-11, 1.93740665871e-11, 1.05086859353e-11, 1.21126182001e-11],
        "max": [0.010526528582, 0.0146376984194, 0.0135625284165, 0.01601315476, 0.0189201999456, 0.0198324751109, 0.0181292071939, 0.00849062949419, 0.00856985524297, 0.0131947621703, 0.0118397315964, 0.00504165422171, 0.00593377277255, 0.00489103607833, 0.0023170937784, 0.00285834330134, 0.00307033001445, 0.00319952843711, 0.00225653126836, 0.00243106600828, 0.00143964064773, 0.00059302902082, 0.000660585123114, 0.000381477875635, 0.000173732143594, 0.000254448561464, 0.00116112083197, 0.000173014544998, 0.000177442809218, 0.000133666821057, 0.000614384713117, 0.000117655763461, 5.87964095757e-05, 0.000154259818373, 9.80108598014e-05, 0.000145907033584, 8.47325209179e-05, 5.75494086661e-05, 3.85326165997e-05, 5.13174200023e-05],
        "mean": [0.00093366811052, 0.00109151820652, 0.000600486528128, 0.000929218309466, 0.00081352062989, 0.000521400535945, 0.000220594971324, 0.000173173975782, 0.000145862271893, 0.000289251591312, 0.000211238511838, 7.03682962921e-05, 8.31312136143e-05, 6.94750706316e-05, 4.33395071013e-05, 4.08767409681e-05, 4.48800565209e-05, 3.13320742862e-05, 4.10182801716e-05, 3.88917760574e-05, 2.77731633105e-05, 2.03434374271e-05, 1.93219784705e-05, 1.68962815223e-05, 1.15831271614e-05, 9.36385549721e-06, 9.85527822195e-06, 8.04685532785e-06, 6.03396847509e-06, 4.59823922938e-06, 4.51656524092e-06, 3.71388978238e-06, 2.93564653475e-06, 3.57821545549e-06, 4.30913542004e-06, 4.01065972255e-06, 3.46338674717e-06, 2.98299028145e-06, 2.07240645977e-06, 1.67330972545e-06],
        "median": [0.000380958954338, 0.00064458680572, 0.000262454792392, 0.000280769134406, 0.000232880178373, 0.000160050869454, 7.78015964897e-05, 5.92006617808e-05, 3.91982975998e-05, 3.7004625483e-05, 2.77174931398e-05, 1.83905485756e-05, 1.78428927029e-05, 1.39023613883e-05, 1.2573944332e-05, 8.77474030858e-06, 8.42182271299e-06, 6.73772501614e-06, 7.94348852651e-06, 8.15481598693e-06, 7.39293091101e-06, 6.32516821497e-06, 6.16224770056e-06, 6.33609488432e-06, 5.06670858158e-06, 5.16294403496e-06, 5.41072904525e-06, 4.39246923634e-06, 3.11651660923e-06, 2.32162210523e-06, 2.36072855841e-06, 2.01667830879e-06, 1.45491492276e-06, 1.82733219845e-06, 2.27486862059e-06, 2.29781562666e-06, 1.97643430511e-06, 1.68035228398e-06, 1.09090365186e-06, 7.20643583918e-07],
        "min": [6.57198363532e-24, 7.2357911544e-24, 1.93630011263e-23, 1.22755213441e-23, 1.21377854412e-23, 9.9898907457e-24, 2.65002296326e-23, 2.08111067791e-23, 9.36726413245e-24, 3.90818929057e-24, 9.15547470092e-24, 7.89938804762e-24, 3.97851821243e-24, 4.8574977986e-24, 5.24817090672e-24, 6.64152093525e-24, 1.20340289329e-23, 2.1662349227e-23, 1.50969817681e-23, 7.08482842069e-24, 8.84088012736e-24, 6.99322037035e-24, 7.35343398119e-24, 5.90114657671e-24, 7.13372911934e-24, 1.67854375616e-23, 1.02013315007e-23, 7.49119197221e-24, 1.30561583744e-23, 1.30272221675e-23, 9.29238782191e-24, 1.33916112192e-23, 1.06433902193e-23, 1.12231193654e-23, 1.10134780021e-23, 5.37304364371e-24, 1.0128305069e-23, 1.56767819117e-23, 1.03999666766e-23, 8.65784704241e-24],
        "var": [1.84643647572e-06, 1.96998894353e-06, 1.111553388e-06, 2.75266029348e-06, 2.49289678322e-06, 1.19634501061e-06, 5.96534960096e-07, 2.24996938414e-07, 1.75139575731e-07, 7.63314972119e-07, 5.19697948675e-07, 4.94597180989e-08, 7.72782158265e-08, 6.3991386412e-08, 1.37124960276e-08, 1.51480765709e-08, 2.5950937399e-08, 1.08061497528e-08, 1.44344953767e-08, 1.37451268145e-08, 6.46594022768e-09, 1.72433733958e-09, 1.41327460845e-09, 8.80915229651e-10, 3.18393200693e-10, 1.75971071048e-10, 5.62341728738e-10, 1.07644289316e-10, 7.66066862723e-11, 5.16135224837e-11, 9.49145206874e-11, 2.83934924183e-11, 1.94103171036e-11, 2.7390183871e-11, 3.55109171235e-11, 3.38903037578e-11, 2.12363564234e-11, 1.60631802998e-11, 8.58992738051e-12, 8.05518065444e-12]
    },
    "mfcc": {
        "mean": [-629.641662598, 95.3004608154, 18.960193634, 20.9078235626, 7.58180856705, 1.56159317493, -0.0433184951544, 3.81342554092, -3.81396484375, 3.0069258213, -5.87701416016, 0.300770550966, -1.45120811462],
        "cov": [[3293.35131836, -698.831726074, -471.673126221, -216.80027771, -73.098815918, -109.465377808, -96.7932052612, 24.8774280548, 80.6693496704, 73.4187240601, 25.0388679504, 1.64910197258, -72.6474761963], [-698.831726074, 764.159912109, -17.9290924072, -11.4877500534, 18.4536781311, -12.1537380219, 32.7797203064, 12.7173223495, -52.0677032471, 6.50056552887, -20.1242313385, -20.4826068878, -11.0944051743], [-471.673126221, -17.9290924072, 664.575073242, 170.674316406, 86.3250045776, 81.4667739868, 27.9266662598, -33.270072937, -58.6031341553, -84.3843383789, -28.5072345734, -0.971670210361, 32.2226142883], [-216.80027771, -11.4877500534, 170.674316406, 226.885345459, 89.268661499, 29.930688858, -10.2764596939, -1.12903881073, 3.29606509209, -12.7926998138, -11.24751091, 14.2655582428, 32.2921257019], [-73.098815918, 18.4536781311, 86.3250045776, 89.268661499, 158.601501465, 31.304441452, -14.0276298523, 16.2041397095, 5.48659801483, -4.57815074921, -3.98922348022, 12.2774972916, 19.3201389313], [-109.465377808, -12.1537380219, 81.4667739868, 29.930688858, 31.304441452, 161.055435181, 89.4235153198, 10.5776290894, 3.83824515343, -13.5410699844, 18.8537998199, 13.1608276367, 7.13892030716], [-96.7932052612, 32.7797203064, 27.9266662598, -10.2764596939, -14.0276298523, 89.4235153198, 150.335479736, 34.42918396, 5.42970323563, -0.277281165123, 19.8084526062, -0.3170799613, -11.2035140991], [24.8774280548, 12.7173223495, -33.270072937, -1.12903881073, 16.2041397095, 10.5776290894, 34.42918396, 97.1518478394, 36.836566925, 22.6340141296, 8.60908126831, 0.591063678265, -1.26889002323], [80.6693496704, -52.0677032471, -58.6031341553, 3.29606509209, 5.48659801483, 3.83824515343, 5.42970323563, 36.836566925, 107.661903381, 50.5288848877, 20.4714679718, 7.4426651001, -1.71196913719], [73.4187240601, 6.50056552887, -84.3843383789, -12.7926998138, -4.57815074921, -13.5410699844, -0.277281165123, 22.6340141296, 50.5288848877, 123.520950317, 36.5961227417, 2.2303147316, -9.91663837433], [25.0388679504, -20.1242313385, -28.5072345734, -11.24751091, -3.98922348022, 18.8537998199, 19.8084526062, 8.60908126831, 20.4714679718, 36.5961227417, 78.3330764771, 32.7043228149, 4.2755446434], [1.64910197258, -20.4826068878, -0.971670210361, 14.2655582428, 12.2774972916, 13.1608276367, -0.3170799613, 0.591063678265, 7.4426651001, 2.2303147316, 32.7043228149, 75.8257675171, 35.2345237732], [-72.6474761963, -11.0944051743, 32.2226142883, 32.2921257019, 19.3201389313, 7.13892030716, -11.2035140991, -1.26889002323, -1.71196913719, -9.91663837433, 4.2755446434, 35.2345237732, 78.9517211914]],
