{
"lowlevel": {
    "average_loudness": 0.922644436359,
    "barkbands_crest": {
        "dmean": 2.38705253601,
        "dmean2": 3.90442657471,
        "dvar": 5.20354700089,
        "dvar2": 13.4793519974,
        "max": 24.8092727661,
        "mean": 8.15440654755,
        "median": 7.28985500336,
        "min": 1.88875687122,
        "var": 13.1402206421
    },
    "barkbands_flatness_db": {
        "dmean": 0.0171997565776,
        "dmean2": 0.0263899955899,
        "dvar": 0.000286094174953,
        "dvar2": 0.00073149119271,
        "max": 0.29938095808,
        "mean": 0.0948561877012,
        "median": 0.0870120674372,
        "min": 0.0169903282076,
        "var": 0.00160052254796
    },
    "barkbands_kurtosis": {
        "dmean": 1.4672819376,
        "dmean2": 2.41930222511,
        "dvar": 7.34626436234,
        "dvar2": 19.4907054901,
        "max": 64.0872497559,
        "mean": 1.3172249794,
        "median": 0.0913454294205,
        "min": -1.89531564713,
        "var": 14.3033018112
    },
    "barkbands_skewness": {
        "dmean": 0.424966275692,
        "dmean2": 0.675240635872,
        "dvar": 0.223937094212,
        "dvar2": 0.576659500599,
        "max": 7.51122379303,
        "mean": 1.02588486671,
        "median": 0.87804543972,
        "min": -1.84558403492,
        "var": 0.774019181728
    },
    "barkbands_spread": {
        "dmean": 6.5174703598,
        "dmean2": 10.0795822144,
        "dvar": 57.0726547241,
        "dvar2": 126.330284119,
        "max": 105.003555298,
        "mean": 31.4750061035,
        "median": 30.3333244324,
        "min": 1.69746649265,
        "var": 220.089477539
    },
    "dissonance": {
        "dmean": 0.0138475773856,
        "dmean2": 0.0236477423459,
        "dvar": 0.000180311850272,
        "dvar2": 0.0004910058924,
        "max": 0.500000119209,
        "mean": 0.477851718664,
        "median": 0.481878459454,
        "min": 0.239230453968,
        "var": 0.000298944942188
    },
    "dynamic_complexity": 3.1825697422,
    "erbbands_crest": {
        "dmean": 2.32959961891,
        "dmean2": 3.81059765816,
        "dvar": 5.02488517761,
        "dvar2": 12.2289686203,
        "max": 30.0168533325,
        "mean": 7.60224866867,
        "median": 6.67523288727,
        "min": 2.04490613937,
        "var": 13.8808174133
    },
    "erbbands_flatness_db": {
        "dmean": 0.0148671837524,
        "dmean2": 0.0209962651134,
        "dvar": 0.000181543786312,
        "dvar2": 0.000346523360349,
        "max": 0.363700270653,
        "mean": 0.136204585433,
        "median": 0.129089772701,
        "min": 0.0420666337013,
        "var": 0.00202119117603
    },
    "erbbands_kurtosis": {
        "dmean": 0.623662889004,
        "dmean2": 0.989510297775,
        "dvar": 0.677758276463,
        "dvar2": 1.53300690651,
        "max": 21.0532493591,
        "mean": 0.142234459519,
        "median": -0.196144104004,
        "min": -1.78975510597,
        "var": 1.98337352276
    },
    "erbbands_skewness": {
        "dmean": 0.290125787258,
        "dmean2": 0.45064675808,
        "dvar": 0.0671889856458,
        "dvar2": 0.153984025121,
        "max": 3.54783296585,
        "mean": 0.210661247373,
        "median": 0.161252886057,
        "min": -2.84210515022,
        "var": 0.348846286535
    },
    "erbbands_spread": {
        "dmean": 7.71127796173,
        "dmean2": 11.9706392288,
        "dvar": 68.5872039795,
        "dvar2": 155.009872437,
        "max": 152.807113647,
        "mean": 40.5238876343,
        "median": 38.2985153198,
        "min": 3.60267925262,
        "var": 293.594238281
    },
    "hfc": {
        "dmean": 8.48838424683,
        "dmean2": 12.8137159348,
        "dvar": 160.891723633,
        "dvar2": 387.340301514,
        "max": 167.211013794,
        "mean": 32.5855064392,
        "median": 29.0914840698,
        "min": 1.26697123607e-16,
        "var": 575.036132812
    },
    "melbands_crest": {
        "dmean": 3.0985584259,
        "dmean2": 5.05327320099,
        "dvar": 7.72608423233,
        "dvar2": 19.2572307587,
        "max": 34.8614387512,
        "mean": 12.3834609985,
        "median": 11.5548992157,
        "min": 1.69627583027,
        "var": 24.0771503448
    },
    "melbands_flatness_db": {
        "dmean": 0.0214997883886,
        "dmean2": 0.0336294025183,
        "dvar": 0.000520335801411,
        "dvar2": 0.00131635612343,
        "max": 0.400533616543,
        "mean": 0.140595003963,
        "median": 0.133361488581,
        "min": 0.00401046127081,
        "var": 0.00255506508984
    },
    "melbands_kurtosis": {
        "dmean": 4.70925331116,
        "dmean2": 7.81645059586,
        "dvar": 110.95602417,
        "dvar2": 303.243286133,
        "max": 239.119415283,
        "mean": 7.91494417191,
        "median": 4.22732257843,
        "min": -1.6196744442,
        "var": 152.832519531
    },
    "melbands_skewness": {
        "dmean": 0.621273159981,
        "dmean2": 0.992668330669,
        "dvar": 0.630278527737,
        "dvar2": 1.63837826252,
        "max": 14.0359210968,
        "mean": 2.11956787109,
        "median": 1.86366093159,
        "min": -0.797917306423,
        "var": 1.77831113338
    },
    "melbands_spread": {
        "dmean": 8.45078754425,
        "dmean2": 13.1786289215,
        "dvar": 94.2713470459,
        "dvar2": 204.861801147,
        "max": 164.455154419,
        "mean": 34.2392692566,
        "median": 32.1934280396,
        "min": 1.94281411171,
        "var": 349.10256958
    },
    "pitch_salience": {
        "dmean": 0.066780500114,
        "dmean2": 0.10933341831,
        "dvar": 0.003857499687,
        "dvar2": 0.0102775832638,
        "max": 0.984175741673,
        "mean": 0.588678836823,
        "median": 0.599632382393,
        "min": 0.168720886111,
        "var": 0.0106724398211
    },
    "silence_rate_20dB": {
        "dmean": 0,
        "dmean2": 0,
        "dvar": 0,
        "dvar2": 0,
        "max": 1,
        "mean": 1,
        "median": 1,
        "min": 1,
        "var": 0
    },
    "silence_rate_30dB": {
        "dmean": 0.00119460036512,
        "dmean2": 0.00238948618062,
        "dvar": 0.00119313644245,
        "dvar2": 0.00357852899469,
        "max": 1,
        "mean": 0.999402761459,
        "median": 1,
        "min": 0,
        "var": 0.000596868630964
    },
    "silence_rate_60dB": {
        "dmean": 0.0038227213081,
        "dmean2": 0.00764635624364,
        "dvar": 0.00380871351808,
        "dvar2": 0.00926281511784,
        "max": 1,
        "mean": 0.0618729107082,
        "median": 0,
        "min": 0,
        "var": 0.0580323785543
    },
    "spectral_centroid": {
        "dmean": 237.530883789,
        "dmean2": 369.576660156,
        "dvar": 65622.03125,
        "dvar2": 134847.359375,
        "max": 11126.2597656,
        "mean": 1687.48168945,
        "median": 1685.93945312,
        "min": 260.673858643,
        "var": 307840.9375
    },
    "spectral_complexity": {
        "dmean": 3.59837532043,
        "dmean2": 5.78351259232,
        "dvar": 11.9290876389,
        "dvar2": 27.7678413391,
        "max": 57,
        "mean": 26.0415668488,
        "median": 27,
        "min": 0,
        "var": 144.100952148
    },
    "spectral_decrease": {
        "dmean": 2.20723217481e-09,
        "dmean2": 3.63712682194e-09,
        "dvar": 1.77093760863e-17,
        "dvar2": 4.7782375943e-17,
        "max": 1.21381108818e-28,
        "mean": -6.63884724972e-09,
        "median": -5.70175240355e-09,
        "min": -4.50090027471e-08,
        "var": 2.55747404004e-17
    },
    "spectral_energy": {
        "dmean": 0.00878519937396,
        "dmean2": 0.0143898399547,
        "dvar": 0.000264060363406,
        "dvar2": 0.000710301857907,
        "max": 0.17487950623,
        "mean": 0.0280121807009,
        "median": 0.0246201902628,
        "min": 1.10336797959e-20,
        "var": 0.000415181217249
    },
    "spectral_energyband_high": {
        "dmean": 0.000767766032368,
        "dmean2": 0.00115132029168,
        "dvar": 2.18390005102e-06,
        "dvar2": 5.03116416439e-06,
        "max": 0.0213694963604,
        "mean": 0.00195447099395,
        "median": 0.00137398135848,
        "min": 7.81206495719e-21,
        "var": 4.83177609567e-06
    },
    "spectral_energyband_low": {
        "dmean": 0.00598231330514,
        "dmean2": 0.0102259898558,
        "dvar": 0.000233585786191,
        "dvar2": 0.000646864587907,
        "max": 0.148634418845,
        "mean": 0.00935860536993,
        "median": 0.00574675854295,
        "min": 6.41242752422e-23,
        "var": 0.000203370844247
    },
    "spectral_energyband_middle_high": {
        "dmean": 0.00220199045725,
        "dmean2": 0.00336569594219,
        "dvar": 8.04349474492e-06,
        "dvar2": 1.83938554983e-05,
        "max": 0.0509682185948,
        "mean": 0.00803640298545,
        "median": 0.00610777409747,
        "min": 1.62533457692e-21,
        "var": 4.86483986606e-05
    },
    "spectral_energyband_middle_low": {
        "dmean": 0.00373066263273,
        "dmean2": 0.00603865738958,
        "dvar": 2.60946362687e-05,
        "dvar2": 6.55672411085e-05,
        "max": 0.0716238468885,
        "mean": 0.00936523173004,
        "median": 0.00732567626983,
        "min": 3.99516674318e-22,
        "var": 5.91717725911e-05
    },
    "spectral_entropy": {
        "dmean": 0.109912022948,
        "dmean2": 0.162097945809,
        "dvar": 0.0122909937054,
        "dvar2": 0.024855999276,
        "max": 9.80550956726,
        "mean": 7.96756601334,
        "median": 7.99069404602,
        "min": 6.57590723038,
        "var": 0.0709668546915
    },
    "spectral_flux": {
        "dmean": 0.0213702321053,
        "dmean2": 0.0335918553174,
        "dvar": 0.000937619537581,
        "dvar2": 0.00175700697582,
        "max": 0.353142738342,
        "mean": 0.0918307080865,
        "median": 0.0855748951435,
        "min": 1.05041322862e-10,
        "var": 0.00248765782453
    },
    "spectral_kurtosis": {
        "dmean": 0.82873570919,
        "dmean2": 1.35722219944,
        "dvar": 0.791378438473,
        "dvar2": 2.17039060593,
        "max": 18.8263149261,
        "mean": 2.77528643608,
        "median": 2.4724855423,
        "min": -1.22328841686,
        "var": 2.79998064041
    },
    "spectral_rms": {
        "dmean": 0.000710344989784,
        "dmean2": 0.00112416164484,
        "dvar": 1.01738487501e-06,
        "dvar2": 2.59167177319e-06,
        "max": 0.0130619350821,
        "mean": 0.00487006502226,
        "median": 0.00490098912269,
        "min": 3.28093975599e-12,
        "var": 3.61138859262e-06
    },
    "spectral_rolloff": {
        "dmean": 676.026550293,
        "dmean2": 1100.75537109,
        "dvar": 1209865.375,
        "dvar2": 2640280.75,
        "max": 18992.2851562,
        "mean": 2241.47363281,
        "median": 1959.52148438,
        "min": 43.06640625,
        "var": 2861197.25
    },
    "spectral_skewness": {
        "dmean": 0.144648581743,
        "dmean2": 0.224685877562,
        "dvar": 0.0181799139827,
        "dvar2": 0.0418780259788,
        "max": 3.0747115612,
        "mean": 1.32603287697,
        "median": 1.31661510468,
        "min": -0.00737712765113,
        "var": 0.0935246422887
    },
    "spectral_spread": {
        "dmean": 559436.875,
        "dmean2": 766791.5,
        "dvar": 654582087680,
        "dvar2": 1.11999647744e+12,
        "max": 40977976,
        "mean": 5358997.5,
        "median": 5121895,
        "min": 2095770.875,
        "var": 2.77416194867e+12
    },
    "spectral_strongpeak": {
        "dmean": 0.550111413002,
        "dmean2": 0.951007723808,
        "dvar": 0.917193770409,
        "dvar2": 2.40075993538,
        "max": 9.01885509491,
        "mean": 0.87034201622,
        "median": 0.44038772583,
        "min": 0,
        "var": 1.27106559277
    },
    "zerocrossingrate": {
        "dmean": 0.0125456955284,
        "dmean2": 0.0142988236621,
        "dvar": 0.000216976375668,
        "dvar2": 0.000256639730651,
        "max": 0.56884765625,
        "mean": 0.0868825688958,
        "median": 0.0810546875,
        "min": 0.00830078125,
        "var": 0.00149028690066
    },
    "barkbands": {
        "dmean": [9.35954813031e-05, 0.0034791873768, 0.00282981758937, 0.000943725812249, 0.00113246135879, 0.000873151642736, 0.00109695468564, 0.000651710026432, 0.0013137832284, 0.000747804529965, 0.000627569621429, 0.000453358981758, 0.00044389636605, 0.000491007231176, 0.00056975428015, 0.000461290881503, 0.000343730294844, 0.000225165262236, 0.000160989759024, 0.000112922411063, 0.000161434043548, 0.000250661047176, 0.000182866599062, 0.00013170002785, 0.000131363180117, 5.53421486984e-05, 1.06784018499e-05],
        "dmean2": [0.000138505856739, 0.00600488623604, 0.00479328632355, 0.00166766974144, 0.00191961426754, 0.00145266926847, 0.00180134631228, 0.00104985281359, 0.00207865331322, 0.00120192149188, 0.00100351858418, 0.000730307598133, 0.000727735750843, 0.000789893441834, 0.000931196904276, 0.000746911566239, 0.000555292703211, 0.000370869180188, 0.000265057082288, 0.000188275618711, 0.000262077868683, 0.000403200567234, 0.000281820714008, 0.000203891351703, 0.000198091671336, 7.78745234129e-05, 1.5157595044e-05],
        "dvar": [7.41359045264e-08, 0.000110880850116, 3.46536580764e-05, 3.67151756109e-06, 3.55406041308e-06, 4.34063758803e-06, 3.69670374312e-06, 2.26218594435e-06, 5.82973189012e-06, 2.44364605351e-06, 1.60321985732e-06, 8.2728581674e-07, 8.47628825795e-07, 7.89571686255e-07, 1.21430264244e-06, 6.65032700908e-07, 3.60647788966e-07, 1.35782954658e-07, 5.96017173393e-08, 3.02806455466e-08, 9.55871826136e-08, 2.75333235322e-07, 1.57040886961e-07, 1.02196011653e-07, 7.7379546326e-08, 1.27896973012e-08, 8.13947631517e-10],
        "dvar2": [1.46120001432e-07, 0.000305076828226, 9.87071616692e-05, 1.04530254248e-05, 9.51722631726e-06, 1.16075652841e-05, 9.56444819167e-06, 5.1164956858e-06, 1.31844108182e-05, 5.7050142459e-06, 3.77839364774e-06, 2.02138357963e-06, 2.13299676943e-06, 1.85261342267e-06, 3.05009052681e-06, 1.62516926139e-06, 8.65193840127e-07, 3.40630066376e-07, 1.48840115344e-07, 8.38941502934e-08, 2.41943496349e-07, 6.82504548877e-07, 3.35909874138e-07, 2.22603958377e-07, 1.87214411085e-07, 2.79013114834e-08, 1.67252245387e-09],
        "max": [0.0178432594985, 0.101897135377, 0.0598471090198, 0.0268546901643, 0.0394335351884, 0.0404420420527, 0.0244946926832, 0.0462647043169, 0.058241751045, 0.0337453372777, 0.0241864994168, 0.0189690571278, 0.0176852867007, 0.0218893997371, 0.0187930203974, 0.0143845705315, 0.0119902566075, 0.0106845526025, 0.00447693513706, 0.00259961350821, 0.00750470208004, 0.0100629394874, 0.0103542832658, 0.0085621709004, 0.00591927906498, 0.00202612415887, 0.000485991040478],
        "mean": [0.000133629946504, 0.00417133932933, 0.00448200339451, 0.00115399539936, 0.00173516047653, 0.00124374311417, 0.00167571869679, 0.000952819886152, 0.00228764722124, 0.0012060040608, 0.000984825426713, 0.000780081783887, 0.000727906997781, 0.000845633738209, 0.00104057101998, 0.00097151461523, 0.000680943485349, 0.000471415522043, 0.000360624544555, 0.000269916636171, 0.000359735073289, 0.00052038062131, 0.000381621270208, 0.000268528994638, 0.000212615486817, 8.22656147648e-05, 1.14978975034e-05],
        "median": [1.38594650707e-05, 0.0012093258556, 0.00258850120008, 0.000658784469124, 0.00111410894897, 0.000587864662521, 0.00082168658264, 0.000405818282161, 0.00106950313784, 0.000513860257342, 0.000381161109544, 0.000385330815334, 0.000350273912773, 0.00047256576363, 0.000467841455247, 0.000472354935482, 0.000349241541699, 0.000275687954854, 0.000261182227405, 0.000189101177966, 0.000246275332756, 0.00030818709638, 0.000218062923523, 0.000138327130117, 9.52283735387e-05, 2.59401076619e-05, 2.50718812822e-07],
        "min": [1.97973952724e-23, 3.40700631485e-23, 1.46302821903e-23, 3.30323734257e-23, 7.62567098399e-23, 7.82420771009e-23, 5.7306901434e-23, 6.39733566847e-23, 4.46477349435e-23, 1.27101483619e-22, 7.2707138689e-23, 1.13587286571e-22, 9.51070965282e-23, 9.58629010061e-23, 1.09957933184e-22, 1.55843775852e-22, 3.08030947904e-22, 2.6837719474e-22, 1.50935634761e-22, 3.20754049994e-22, 2.61521627442e-22, 4.61385684584e-22, 4.4748542532e-22, 8.90291605429e-22, 1.10481431378e-21, 1.99417998583e-21, 2.87563422866e-21],
        "var": [2.43151873747e-07, 9.29205925786e-05, 3.51497765223e-05, 3.18632487506e-06, 4.65820994577e-06, 4.68332200398e-06, 5.71565760765e-06, 3.86700912713e-06, 1.53356722876e-05, 4.67146310257e-06, 3.42243242812e-06, 1.70348073425e-06, 1.51029848894e-06, 1.50795699483e-06, 2.66717643171e-06, 2.23253823606e-06, 8.57814995925e-07, 3.34841956828e-07, 1.51516374558e-07, 7.31815816835e-08, 1.73337824094e-07, 5.0092745596e-07, 3.2375083947e-07, 2.121137328e-07, 1.20787191804e-07, 2.06349390908e-08, 1.11533893232e-09]
    },
    "erbbands": {
        "dmean": [0.073089197278, 0.907658398151, 3.12516951561, 2.93520593643, 3.83940529823, 4.16398143768, 3.891258955, 8.60352325439, 12.3409757614, 18.5708332062, 14.8085632324, 27.7627124786, 24.6361598969, 23.9410686493, 21.632314682, 16.4297885895, 19.4605522156, 21.7369976044, 26.0770015717, 26.8431606293, 25.640378952, 17.2554168701, 12.1834821701, 8.00996303558, 7.85426521301, 5.25516891479, 4.94643640518, 7.77075004578, 8.78614139557, 8.20588302612, 4.77530384064, 3.09600877762, 2.18650650978, 1.79963445663, 0.731868088245, 0.285504221916, 0.0879059433937, 0.022736068815, 0.001685403171, 4.63369506178e-05],
        "dmean2": [0.116255238652, 1.61313390732, 5.44512605667, 5.0289516449, 6.6530790329, 7.1026301384, 6.56731271744, 14.4301671982, 20.7465496063, 29.5569934845, 23.441614151, 43.9776573181, 38.939743042, 38.6625976562, 34.7709655762, 26.3201236725, 31.6281509399, 34.7896499634, 42.8272132874, 43.2808380127, 41.332862854, 27.7326831818, 19.8740215302, 13.1652574539, 13.0086421967, 8.76560020447, 8.19166946411, 12.5570011139, 14.1831541061, 13.021935463, 7.41695785522, 4.89587783813, 3.39818525314, 2.76937937737, 1.10611903667, 0.411444336176, 0.124008432031, 0.0317976251245, 0.00237965513952, 6.67018903187e-05],
        "dvar": [0.0400184728205, 8.11987304688, 55.4218864441, 30.3813457489, 56.8741798401, 47.9979629517, 110.639907837, 427.564666748, 659.04901123, 1090.57263184, 1257.21813965, 3513.64233398, 2298.7668457, 2552.65014648, 1759.73547363, 1289.85644531, 1654.65124512, 1871.67749023, 2228.56811523, 2655.46142578, 2237.09619141, 853.572387695, 457.093475342, 145.562103271, 140.937255859, 64.2403106689, 69.3357315063, 245.98815918, 305.417694092, 354.579101562, 107.664772034, 53.8343162537, 28.1918792725, 16.4000301361, 2.30420708656, 0.331040561199, 0.0333518981934, 0.0029246180784, 2.28570079344e-05, 1.34669511098e-08],
        "dvar2": [0.0939458087087, 22.9543628693, 159.217575073, 86.2786102295, 159.016143799, 127.184364319, 293.968383789, 1150.63452148, 1762.69226074, 2692.94262695, 2762.85473633, 7946.58447266, 5068.17480469, 6452.39013672, 4238.26660156, 3214.44287109, 4122.66064453, 4399.734375, 5625.56298828, 6610.10888672, 5504.84423828, 2055.07104492, 1146.62145996, 377.838989258, 354.60067749, 177.79548645, 183.622131348, 603.346069336, 750.740844727, 841.105163574, 238.307098389, 119.57736969, 63.3198471069, 39.5844993591, 5.56494760513, 0.736903965473, 0.0734161660075, 0.00630510877818, 4.63697251689e-05, 2.82374212901e-08],
        "max": [2.27641916275, 27.233001709, 75.5171813965, 72.8168258667, 128.851409912, 147.22618103, 211.514526367, 380.278106689, 433.276184082, 681.124938965, 1086.45690918, 1604.66064453, 1147.3951416, 1402.50549316, 1019.67584229, 954.750793457, 937.612426758, 1166.86462402, 749.280090332, 1099.66088867, 930.22668457, 611.811767578, 740.622741699, 213.657394409, 293.054534912, 121.411811829, 154.767974854, 359.805664062, 321.581604004, 336.776702881, 286.796691895, 192.253112793, 136.769699097, 98.8445739746, 21.186788559, 9.12954902649, 3.1671397686, 0.902628421783, 0.0748730227351, 0.00222614011727],
        "mean": [0.0954130664468, 1.06027698517, 4.53143072128, 4.81123876572, 5.11010599136, 6.2633099556, 5.48970222473, 12.2141265869, 17.7881069183, 29.7092189789, 24.5533332825, 48.052154541, 44.2589073181, 41.9923095703, 39.5357704163, 30.9623069763, 34.2586517334, 40.0992774963, 49.2942504883, 53.6006622314, 55.0596961975, 38.6286277771, 27.2926921844, 19.3487472534, 18.7506465912, 12.8438739777, 11.4757909775, 16.7517471313, 18.4506206512, 16.0220546722, 10.0870065689, 6.29320383072, 4.21599245071, 3.00129723549, 1.12063002586, 0.441415756941, 0.124940872192, 0.0273075420409, 0.00183609535452, 7.93673316366e-05],
        "median": [0.0261010415852, 0.351437032223, 2.62469100952, 3.23509693146, 3.0172598362, 3.72173261642, 2.91673564911, 5.77219009399, 8.30930233002, 14.5618810654, 11.7428188324, 20.5212211609, 22.4858608246, 18.6207122803, 18.3807144165, 16.6711750031, 17.6978187561, 22.665512085, 26.6151390076, 24.965927124, 26.1828041077, 21.0036067963, 16.3905735016, 13.4443273544, 14.2887649536, 9.2180891037, 8.68476104736, 10.7757205963, 10.8250999451, 8.98687648773, 5.65702152252, 3.34607076645, 2.15587949753, 1.43169760704, 0.463710576296, 0.163892447948, 0.0344982743263, 0.00310198450461, 0.000106115068775, 4.61835370515e-05],
        "min": [2.00919989746e-21, 4.04351853979e-21, 1.5363319221e-20, 4.98302583666e-20, 2.66329590721e-19, 1.98533402427e-19, 3.44107781057e-19, 7.09692789731e-19, 7.13571387924e-19, 1.61264371508e-18, 1.15074668142e-18, 9.36457995711e-19, 3.31355421897e-18, 3.04268131288e-18, 4.69810960098e-18, 3.79824959108e-18, 4.09595478867e-18, 6.02542635935e-18, 4.2594404193e-18, 6.67976013828e-18, 1.12529559542e-17, 1.51192072362e-17, 1.53254382522e-17, 8.70524214906e-18, 1.0571508022e-17, 1.61809564182e-17, 1.01040748752e-17, 1.18320766816e-17, 1.5721384796e-17, 1.42719344066e-17, 1.35868171012e-17, 1.9343726158e-17, 1.47199618962e-17, 1.08765035759e-17, 8.28218227913e-18, 6.25821897196e-18, 4.23006640857e-18, 1.5099590648e-18, 3.82624153811e-19, 4.11887412814e-20],
        "var": [0.0490675568581, 5.99601411819, 45.0935783386, 32.7355003357, 53.6881446838, 69.8725128174, 112.988800049, 453.987426758, 802.258483887, 2047.45458984, 2518.87939453, 9219.82519531, 5177.72412109, 5100.81152344, 4353.22265625, 2529.94335938, 3009.90869141, 3720.16064453, 4531.57373047, 6892.75439453, 7278.10693359, 2372.77416992, 1091.09814453, 431.97442627, 368.349822998, 158.027770996, 127.842437744, 455.513153076, 602.930297852, 599.492004395, 215.917694092, 102.362731934, 56.1364326477, 26.0109462738, 3.37108016014, 0.537045419216, 0.0519378855824, 0.0041337730363, 3.06077854475e-05, 1.74662417862e-08]
    },
    "gfcc": {
        "mean": [31.6864109039, 67.5993652344, -126.721183777, 32.0572509766, -64.9094772339, 25.3437614441, -38.542098999, 12.467877388, -20.2523841858, 2.06875705719, -23.660238266, -2.4073548317, -14.0171279907],
        "cov": [[7676.85449219, -821.009399414, 1139.94189453, 511.27355957, 115.023406982, 315.7081604, -219.823730469, 218.709259033, 105.122634888, 286.990203857, -231.487747192, 355.97946167, -220.395736694], [-821.009399414, 987.332641602, -159.521575928, 201.047439575, 94.0207061768, 5.51525449753, 113.114227295, -50.3425865173, 71.1845626831, -80.5873718262, 121.699211121, -97.3498382568, 92.5607910156], [1139.94189453, -159.521575928, 1152.93273926, 162.156005859, 173.417907715, 50.8243141174, -35.4357185364, 22.0988845825, -8.27874183655, 144.614273071, -80.6790161133, 99.5562896729, -112.165214539], [511.27355957, 201.047439575, 162.156005859, 399.203979492, 62.4029159546, 80.723236084, -14.6760559082, 8.71172332764, 56.0774803162, 3.20822572708, 34.2053604126, 21.1632575989, 26.0273761749], [115.023406982, 94.0207061768, 173.417907715, 62.4029159546, 232.690490723, 41.3869056702, 64.5236816406, 39.6869392395, 30.730266571, 34.5227890015, -0.171374961734, 21.8115310669, -4.89068078995], [315.7081604, 5.51525449753, 50.8243141174, 80.723236084, 41.3869056702, 150.261062622, 66.2172012329, 36.7235488892, 11.0512075424, 9.62388038635, 12.5568552017, 4.30992507935, 0.514486312866], [-219.823730469, 113.114227295, -35.4357185364, -14.6760559082, 64.5236816406, 66.2172012329, 160.993087769, 39.3728790283, 3.27673864365, -15.6831569672, 27.8258781433, -23.5819473267, 9.08511543274], [218.709259033, -50.3425865173, 22.0988845825, 8.71172332764, 39.6869392395, 36.7235488892, 39.3728790283, 94.4304351807, 29.7766017914, 27.3637828827, -5.67923498154, 18.6930961609, -3.28176307678], [105.122634888, 71.1845626831, -8.27874183655, 56.0774803162, 30.730266571, 11.0512075424, 3.27673864365, 29.7766017914, 108.772323608, 25.9636077881, 12.055434227, 11.9255189896, 15.3547048569], [286.990203857, -80.5873718262, 144.614273071, 3.20822572708, 34.5227890015, 9.62388038635, -15.6831569672, 27.3637828827, 25.9636077881, 96.6971969604, 6.23498344421, 35.4655723572, -19.8995132446], [-231.487747192, 121.699211121, -80.6790161133, 34.2053604126, -0.171374961734, 12.5568552017, 27.8258781433, -5.67923498154, 12.055434227, 6.23498344421, 87.3716812134, 4.42484474182, 32.0681533813], [355.97946167, -97.3498382568, 99.5562896729, 21.1632575989, 21.8115310669, 4.30992507935, -23.5819473267, 18.6930961609, 11.9255189896, 35.4655723572, 4.42484474182, 97.9956283569, 0.180253595114], [-220.395736694, 92.5607910156, -112.165214539, 26.0273761749, -4.89068078995, 0.514486312866, 9.08511543274, -3.28176307678, 15.3547048569, -19.8995132446, 32.0681533813, 0.180253595114, 81.0403060913]],
        "icov": [[0.000260092579992, 6.13245356362e-06, -2.24894392886e-05, -0.000271668948699, 0.000136762930197, -0.000502636015881, 0.000276427599601, -0.000264644389972, -2.07208813663e-05, -0.000314418546623, 0.000645870168228, -0.000662119768094, 0.000398819160182], [6.13245356362e-06, 0.00217852159403, -0.000131157619762, -0.000876667210832, -0.000836765684653, 0.00101037975401, -0.00113884382881, 0.00118377036415, -0.00131331244484, 0.00134171976242, -0.00221936730668, 0.00188232993241, -0.000800491543487], [-2.24894392886e-05, -0.000131157619762, 0.00170043401886, -0.000816574553028, -0.000679436605424, 1.33902985908e-05, -0.000357805402018, 0.000832930207253, 0.000921133032534, -0.00232626008801, 0.00179934396874, -0.00104791997001, 0.00128174235579], [-0.000271668948699, -0.000876667210832, -0.000816574553028, 0.0047234906815, -0.000591302290559, -0.00238161510788, 0.00255756243132, -0.000431665190263, -0.00141505640931, 0.00234074564651, -0.00222793594003, 0.000287098839181, -0.000985662685707], [0.000136762930197, -0.000836765684653, -0.000679436605424, -0.000591302290559, 0.00667162612081, -0.000116434937809, -0.00262975948863, -0.00102574273478, -0.000421949021984, -0.00196885690093, 0.00223981682211, -0.00176423881203, -5.20789108123e-05], [-0.000502636015881, 0.00101037975401, 1.33902985908e-05, -0.00238161510788, -0.000116434937809, 0.0117335245013, -0.00566651159897, -0.000759538146667, 0.000416676717578, -0.00022965631797, -0.00158788473345, 0.00172691908665, -0.000725415768102], [0.000276427599601, -0.00113884382881, -0.000357805402018, 0.00255756243132, -0.00262975948863, -0.00566651159897, 0.0133886616677, -0.00544013176113, 0.000768097292166, 0.00357661000453, -0.00365221733227, 0.00154489907436, 0.0010663747089], [-0.000264644389972, 0.00118377036415, 0.000832930207253, -0.000431665190263, -0.00102574273478, -0.000759538146667, -0.00544013176113, 0.01726257056, -0.00358824594878, -0.00368022127077, 0.00266949180514, -0.00130646023899, -0.000805704738013], [-2.07208813663e-05, -0.00131331244484, 0.000921133032534, -0.00141505640931, -0.000421949021984, 0.000416676717578, 0.000768097292166, -0.00358824594878, 0.0131412772462, -0.00472376914695, 0.00172954169102, -0.000879818515386, -0.00141872675158], [-0.000314418546623, 0.00134171976242, -0.00232626008801, 0.00234074564651, -0.00196885690093, -0.00022965631797, 0.00357661000453, -0.00368022127077, -0.00472376914695, 0.0205088444054, -0.0087974127382, -0.000110789427708, 0.00238605146296], [0.000645870168228, -0.00221936730668, 0.00179934396874, -0.00222793594003, 0.00223981682211, -0.00158788473345, -0.00365221733227, 0.00266949180514, 0.00172954169102, -0.0087974127382, 0.02216286771, -0.00573623925447, -0.00308503187262], [-0.000662119768094, 0.00188232993241, -0.00104791997001, 0.000287098839181, -0.00176423881203, 0.00172691908665, 0.00154489907436, -0.00130646023899, -0.000879818515386, -0.000110789427708, -0.00573623925447, 0.0168325472623, -0.00346481450833], [0.000398819160182, -0.000800491543487, 0.00128174235579, -0.000985662685707, -5.20789108123e-05, -0.000725415768102, 0.0010663747089, -0.000805704738013, -0.00141872675158, 0.00238605146296, -0.00308503187262, -0.00346481450833, 0.0183614902198]]
    },
    "melbands": {
        "dmean": [0.000812139129266, 0.00147532147821, 0.000528205418959, 0.000280271837255, 0.000138331961352, 0.00018440943677, 0.000197203335119, 0.000188102581888, 0.000133024805109, 0.000182568546734, 0.000125910140923, 0.000100753350125, 8.63863169798e-05, 5.40803630429e-05, 4.62865755253e-05, 4.3977626774e-05, 4.1972460167e-05, 4.52841632068e-05, 4.324978363e-05, 3.13670279866e-05, 3.32418749167e-05, 1.98347606783e-05, 1.75053828571e-05, 1.1141086361e-05, 6.70061353958e-06, 7.42701149647e-06, 5.17251419296e-06, 3.54644430445e-06, 3.10559698846e-06, 4.09140739066e-06, 5.1972183428e-06, 5.43737451153e-06, 5.32403464604e-06, 4.57974601886e-06, 3.06377887682e-06, 2.36982805291e-06, 1.90874698092e-06, 1.59142712164e-06, 1.65077562997e-06, 1.57964609571e-06],
        "dmean2": [0.00135844259057, 0.00259690918028, 0.00090817065211, 0.000478072208352, 0.000232927093748, 0.000309328228468, 0.0003293355403, 0.000298991217278, 0.000210222802707, 0.000287896371447, 0.00019861398323, 0.000163491858984, 0.000137982671731, 8.71133233886e-05, 7.4973788287e-05, 7.12123146513e-05, 6.74867987982e-05, 7.43373238947e-05, 7.02924007783e-05, 5.02721049997e-05, 5.39831125934e-05, 3.216053301e-05, 2.86278700514e-05, 1.86028883036e-05, 1.10500459414e-05, 1.22520059449e-05, 8.62713295646e-06, 5.94689390709e-06, 5.22919435753e-06, 6.74133934808e-06, 8.49901971378e-06, 8.89793864189e-06, 8.63595869305e-06, 7.24169694877e-06, 4.80167227579e-06, 3.82410189559e-06, 3.06034417008e-06, 2.51691517406e-06, 2.60564297605e-06, 2.45754563366e-06],
        "dvar": [5.55311089556e-06, 1.50174046212e-05, 9.87138491837e-07, 2.27474274084e-07, 1.08628810835e-07, 1.93571523255e-07, 1.46895303033e-07, 1.09328084363e-07, 9.01227465988e-08, 1.2984868647e-07, 5.89069166779e-08, 4.61585152323e-08, 3.02670883912e-08, 1.30937438669e-08, 8.39698799382e-09, 7.86338905101e-09, 7.07087899343e-09, 6.69158772837e-09, 9.10580411073e-09, 3.22209081638e-09, 4.02615762951e-09, 1.30613941884e-09, 1.0536919115e-09, 3.57078450142e-10, 1.1488373447e-10, 1.22910667755e-10, 6.73773883908e-11, 2.95516701387e-11, 2.46147269234e-11, 5.92904336738e-11, 1.07792386128e-10, 1.14984965993e-10, 1.47185874599e-10, 1.06451313042e-10, 4.66262202459e-11, 2.72793853479e-11, 2.16608883608e-11, 1.68051735722e-11, 1.46460135686e-11, 1.23877193225e-11],
        "dvar2": [1.46812526509e-05, 4.29359606642e-05, 2.7951730317e-06, 6.15842111529e-07, 2.869381035e-07, 5.18346155332e-07, 3.89886309904e-07, 2.679357749e-07, 1.99249839739e-07, 2.94734348927e-07, 1.29784950786e-07, 1.16587891341e-07, 7.12602599151e-08, 3.17329700295e-08, 2.01161487468e-08, 1.97545286795e-08, 1.65413158726e-08, 1.67513753979e-08, 2.29106689176e-08, 7.74610686705e-09, 1.00281729587e-08, 3.15434522946e-09, 2.65322097626e-09, 9.62691704132e-10, 2.93434332388e-10, 3.09055031567e-10, 1.79584971893e-10, 8.27276441795e-11, 6.72842614957e-11, 1.52340806636e-10, 2.65727717608e-10, 2.93453789046e-10, 3.79201670064e-10, 2.41771547227e-10, 1.05462000244e-10, 6.27268723075e-11, 4.87654118475e-11, 3.82936495014e-11, 3.47425803404e-11, 3.03935210333e-11],
        "max": [0.022915225476, 0.0381201207638, 0.012071906589, 0.0110472301021, 0.00641391426325, 0.00809437595308, 0.0059857792221, 0.00678079435602, 0.00874327961355, 0.00888934358954, 0.00592659413815, 0.00564322294667, 0.00371073954739, 0.00216556643136, 0.00270605483092, 0.00175419263542, 0.00202645570971, 0.00154592900071, 0.00184834341053, 0.0012932899408, 0.00118327280506, 0.000809587771073, 0.000564637826756, 0.000429073115811, 0.000207923250855, 0.000234708481003, 0.000165393124917, 8.41073488118e-05, 0.000110870212666, 0.000154653622303, 0.000241622430622, 0.000201099464903, 0.000288202107185, 0.000195823755348, 0.000238758526393, 0.000105559774966, 0.000127109582536, 0.000114737151307, 8.66039845278e-05, 8.51972145028e-05],
        "mean": [0.00101079675369, 0.00210356269963, 0.000881935993675, 0.000419796240749, 0.000210469894228, 0.000263681809884, 0.000294574798318, 0.000301666877931, 0.000215746797039, 0.000314666103804, 0.000217881126446, 0.000168822225532, 0.000143333076267, 9.15510390769e-05, 7.93981307652e-05, 7.20853568055e-05, 7.24670608179e-05, 7.74331783759e-05, 7.72233397583e-05, 6.240192306e-05, 6.44284373266e-05, 3.88214430131e-05, 3.2312458643e-05, 2.18061359192e-05, 1.43673050843e-05, 1.541904021e-05, 1.11404360723e-05, 7.66333050706e-06, 6.52910648569e-06, 8.08414370113e-06, 1.03343136288e-05, 1.05420067484e-05, 1.00087518149e-05, 8.34977709019e-06, 5.98182668909e-06, 4.61073523184e-06, 3.53594123226e-06, 2.92783875011e-06, 2.79668142866e-06, 2.47236016548e-06],
        "median": [0.00029592885403, 0.00123116723262, 0.000629152986221, 0.000266320013907, 0.000121147648315, 0.000125702528749, 0.000147009413922, 0.000149043597048, 9.22010149225e-05, 0.000140427611768, 0.000107928724901, 7.0329362643e-05, 6.04435917921e-05, 4.10416905652e-05, 3.80021883757e-05, 3.70242705685e-05, 3.90987515857e-05, 4.08070154663e-05, 3.16743462463e-05, 3.16713667416e-05, 2.77131166513e-05, 1.98719171749e-05, 1.71368683368e-05, 1.22051878861e-05, 9.32296734391e-06, 1.10193323053e-05, 7.53373024054e-06, 5.32674084752e-06, 4.88825662615e-06, 5.53373138246e-06, 6.20278797214e-06, 5.86921851209e-06, 5.62048217034e-06, 4.51673622592e-06, 3.2418374758e-06, 2.42777991843e-06, 1.78209484147e-06, 1.40302688578e-06, 1.33309231387e-06, 1.11149188342e-06],
        "min": [1.36557313166e-23, 6.42707540905e-24, 1.65594352231e-23, 1.81601933497e-23, 1.00803368039e-23, 1.61969804584e-23, 1.06055659166e-23, 1.69376388069e-23, 9.46865484688e-24, 5.56531507872e-24, 1.71134522368e-23, 1.24943592478e-23, 1.29899058913e-23, 1.3928284337e-23, 7.31635672979e-24, 1.01994153576e-23, 1.1261142461e-23, 5.48178851392e-24, 1.00384759e-23, 9.46062187628e-24, 1.43993620929e-23, 1.48928813638e-23, 1.60701726456e-23, 1.27073824578e-23, 5.88373010564e-24, 7.26227479271e-24, 8.64170379285e-24, 1.13338714922e-23, 6.74201865913e-24, 4.90621035393e-24, 7.55192006242e-24, 8.61809160823e-24, 9.05609400408e-24, 7.15840942162e-24, 5.99763294289e-24, 1.26404050115e-23, 1.11018304235e-23, 9.68054998577e-24, 1.0813874105e-23, 8.83765841943e-24],
        "var": [5.28168538949e-06, 1.13316591523e-05, 1.01756779713e-06, 2.77562833162e-07, 1.23431604493e-07, 2.06856270779e-07, 1.93340056853e-07, 2.07317938816e-07, 2.12523190157e-07, 3.36952268754e-07, 1.3136401833e-07, 9.03207748593e-08, 6.86967567276e-08, 2.79276211046e-08, 1.79092776165e-08, 1.27349215617e-08, 1.32844606426e-08, 1.26068071538e-08, 1.92219378192e-08, 9.21517884223e-09, 1.15961373837e-08, 2.95242719162e-09, 1.93318028252e-09, 7.98273502856e-10, 2.9023247694e-10, 2.90530821623e-10, 1.48699358382e-10, 6.29230278992e-11, 4.14251931369e-11, 9.44508776746e-11, 1.96064747771e-10, 2.12446754633e-10, 2.18112736206e-10, 1.85562953892e-10, 8.47236031332e-11, 5.03718525224e-11, 3.93530069642e-11, 3.19869616905e-11, 2.42547128215e-11, 1.84519673846e-11]
    },
    "mfcc": {
        "mean": [-604.28302002, 95.3189544678, -2.87708353996, 9.65847206116, 0.61626124382, 8.26376819611, -4.28539514542, 6.65609502792, 5.87967729568, 2.90763735771, 1.78105175495, -3.0973610878, -1.90316545963],
        "cov": [[6576.97265625, -697.74407959, 658.539794922, 307.146392822, 331.812347412, 252.022644043, -199.997192383, 197.115600586, 111.817436218, -22.1569156647, 150.886795044, 44.7447814941, 137.405334473], [-697.74407959, 653.141174316, -25.9342060089, 96.2789154053, 31.6404399872, 38.8164749146, 78.5914230347, 8.96625041962, 14.5391559601, 28.0445194244, 18.9929447174, 20.1081142426, 1.85152900219], [658.539794922, -25.9342060089, 742.207519531, 202.046279907, 171.626876831, 110.804336548, 1.11651706696, -17.5027275085, 9.2886095047, -8.8657875061, 44.3923988342, 22.8922290802, 27.9319190979], [307.146392822, 96.2789154053, 202.046279907, 279.722442627, 143.569076538, 77.4077911377, -1.17098867893, 27.5959014893, 16.6312713623, 6.90189313889, 16.1921005249, 20.7654209137, 35.5333137512], [331.812347412, 31.6404399872, 171.626876831, 143.569076538, 191.9193573, 70.1042327881, -5.16149139404, 14.8398075104, 32.9583015442, 13.3583498001, 20.0582180023, 18.8838043213, 30.7056751251], [252.022644043, 38.8164749146, 110.804336548, 77.4077911377, 70.1042327881, 126.310310364, 46.0754203796, 39.6161994934, 19.3008098602, 14.5142173767, 24.8295555115, 18.1559276581, 16.6809444427], [-199.997192383, 78.5914230347, 1.11651706696, -1.17098867893, -5.16149139404, 46.0754203796, 171.354400635, 40.7908210754, 14.4336652756, 27.0361042023, 10.0606937408, 12.4390087128, -4.71228075027], [197.115600586, 8.96625041962, -17.5027275085, 27.5959014893, 14.8398075104, 39.6161994934, 40.7908210754, 110.82283783, 38.2618141174, 13.4824800491, 15.6789808273, 10.5118312836, 12.9432573318], [111.817436218, 14.5391559601, 9.2886095047, 16.6312713623, 32.9583015442, 19.3008098602, 14.4336652756, 38.2618141174, 84.4363250732, 34.4210319519, 16.6364307404, 6.71865320206, 7.72164011002], [-22.1569156647, 28.0445194244, -8.8657875061, 6.90189313889, 13.3583498001, 14.5142173767, 27.0361042023, 13.4824800491, 34.4210319519, 70.6039123535, 22.0558681488, 10.8500976562, 1.1541134119], [150.886795044, 18.9929447174, 44.3923988342, 16.1921005249, 20.0582180023, 24.8295555115, 10.0606937408, 15.6789808273, 16.6364307404, 22.0558681488, 75.3699188232, 23.9133205414, 10.7780380249], [44.7447814941, 20.1081142426, 22.8922290802, 20.7654209137, 18.8838043213, 18.1559276581, 12.4390087128, 10.5118312836, 6.71865320206, 10.8500976562, 23.9133205414, 63.0495452881, 30.3179168701], [137.405334473, 1.85152900219, 27.9319190979, 35.5333137512, 30.7056751251, 16.6809444427, -4.71228075027, 12.9432573318, 7.72164011002, 1.1541134119, 10.7780380249, 30.3179168701, 66.7467880249]],
