{
"lowlevel": {
    "average_loudness": 0.908811271191,
    "barkbands_crest": {
        "dmean": 2.47465848923,
        "dmean2": 3.97707009315,
        "dvar": 5.29074192047,
        "dvar2": 13.102845192,
        "max": 24.3215503693,
        "mean": 10.0172767639,
        "median": 9.2157793045,
        "min": 2.57267022133,
        "var": 17.0525970459
    },
    "barkbands_flatness_db": {
        "dmean": 0.0190254189074,
        "dmean2": 0.0301499143243,
        "dvar": 0.000335855002049,
        "dvar2": 0.000809613789897,
        "max": 0.384949713945,
        "mean": 0.131904572248,
        "median": 0.125320449471,
        "min": 0.020243383944,
        "var": 0.00187863421161
    },
    "barkbands_kurtosis": {
        "dmean": 2.3546962738,
        "dmean2": 3.76209235191,
        "dvar": 42.4700622559,
        "dvar2": 108.35206604,
        "max": 285.062072754,
        "mean": 2.83498716354,
        "median": 0.56999707222,
        "min": -1.91287744045,
        "var": 68.5750961304
    },
    "barkbands_skewness": {
        "dmean": 0.489349544048,
        "dmean2": 0.75958609581,
        "dvar": 0.334410250187,
        "dvar2": 0.751820862293,
        "max": 13.47722435,
        "mean": 1.30610883236,
        "median": 1.07248556614,
        "min": -2.72451472282,
        "var": 1.41837263107
    },
    "barkbands_spread": {
        "dmean": 6.25005865097,
        "dmean2": 9.75168228149,
        "dvar": 49.2415618896,
        "dvar2": 102.900016785,
        "max": 103.574691772,
        "mean": 30.6392402649,
        "median": 29.2492961884,
        "min": 0.706034243107,
        "var": 234.674102783
    },
    "dissonance": {
        "dmean": 0.0177056062967,
        "dmean2": 0.0302050579339,
        "dvar": 0.000320740742609,
        "dvar2": 0.000892157375347,
        "max": 0.500000059605,
        "mean": 0.467422276735,
        "median": 0.474952757359,
        "min": 0.28587436676,
        "var": 0.000753465516027
    },
    "dynamic_complexity": 3.31150484085,
    "erbbands_crest": {
        "dmean": 2.50377655029,
        "dmean2": 4.03178739548,
        "dvar": 5.75490379333,
        "dvar2": 13.791311264,
        "max": 28.8903751373,
        "mean": 9.31088256836,
        "median": 8.14575862885,
        "min": 2.23952555656,
        "var": 21.6579093933
    },
    "erbbands_flatness_db": {
        "dmean": 0.0136404056102,
        "dmean2": 0.0203451942652,
        "dvar": 0.000151094325702,
        "dvar2": 0.000314940378303,
        "max": 0.358325868845,
        "mean": 0.148986771703,
        "median": 0.142820820212,
        "min": 0.0377613939345,
        "var": 0.00156858214177
    },
    "erbbands_kurtosis": {
        "dmean": 0.760847508907,
        "dmean2": 1.20307159424,
        "dvar": 1.04650461674,
        "dvar2": 2.43832540512,
        "max": 19.713558197,
        "mean": 0.465002655983,
        "median": -0.109719753265,
        "min": -1.7455136776,
        "var": 3.70588731766
    },
    "erbbands_skewness": {
        "dmean": 0.312358766794,
        "dmean2": 0.482496976852,
        "dvar": 0.0881289690733,
        "dvar2": 0.189718917012,
        "max": 3.93778276443,
        "mean": 0.134788751602,
        "median": 0.15921831131,
        "min": -3.56010127068,
        "var": 0.643374443054
    },
    "erbbands_spread": {
        "dmean": 7.65084552765,
        "dmean2": 11.841383934,
        "dvar": 61.995223999,
        "dvar2": 144.862365723,
        "max": 127.193115234,
        "mean": 41.9191017151,
        "median": 40.4231452942,
        "min": 2.93629598618,
        "var": 315.588989258
    },
    "hfc": {
        "dmean": 7.03312826157,
        "dmean2": 10.8219203949,
        "dvar": 106.141151428,
        "dvar2": 243.799987793,
        "max": 182.089874268,
        "mean": 33.0969429016,
        "median": 28.4050979614,
        "min": 1.201915797e-16,
        "var": 659.82409668
    },
    "melbands_crest": {
        "dmean": 3.44466090202,
        "dmean2": 5.68699502945,
        "dvar": 11.0291433334,
        "dvar2": 28.5627765656,
        "max": 38.0898780823,
        "mean": 15.0659408569,
        "median": 14.367266655,
        "min": 1.85804188251,
        "var": 33.0502853394
    },
    "melbands_flatness_db": {
        "dmean": 0.0240474585444,
        "dmean2": 0.0372865200043,
        "dvar": 0.000566345697735,
        "dvar2": 0.00127925386187,
        "max": 0.471820741892,
        "mean": 0.173443123698,
        "median": 0.16661606729,
        "min": 0.00662548374385,
        "var": 0.00372305186465
    },
    "melbands_kurtosis": {
        "dmean": 7.20177984238,
        "dmean2": 11.4785547256,
        "dvar": 282.290618896,
        "dvar2": 698.160522461,
        "max": 468.275878906,
        "mean": 13.0918674469,
        "median": 6.05076599121,
        "min": -1.69584333897,
        "var": 573.493591309
    },
    "melbands_skewness": {
        "dmean": 0.737650692463,
        "dmean2": 1.15183830261,
        "dvar": 0.758413612843,
        "dvar2": 1.76057422161,
        "max": 16.2296466827,
        "mean": 2.64022660255,
        "median": 2.22591567039,
        "min": -1.54895401001,
        "var": 3.3617978096
    },
    "melbands_spread": {
        "dmean": 8.24560832977,
        "dmean2": 12.9346284866,
        "dvar": 106.892692566,
        "dvar2": 229.696975708,
        "max": 192.594284058,
        "mean": 31.5218353271,
        "median": 27.7105998993,
        "min": 0.465784698725,
        "var": 455.447052002
    },
    "pitch_salience": {
        "dmean": 0.0660039559007,
        "dmean2": 0.107233949006,
        "dvar": 0.00376130500808,
        "dvar2": 0.0098307672888,
        "max": 0.874425947666,
        "mean": 0.499212950468,
        "median": 0.492357105017,
        "min": 0.100493997335,
        "var": 0.0145847210661
    },
    "silence_rate_20dB": {
        "dmean": 0,
        "dmean2": 0,
        "dvar": 0,
        "dvar2": 0,
        "max": 1,
        "mean": 1,
        "median": 1,
        "min": 1,
        "var": 0
    },
    "silence_rate_30dB": {
        "dmean": 0.032682813704,
        "dmean2": 0.0653733089566,
        "dvar": 0.0316145308316,
        "dvar2": 0.0702700987458,
        "max": 1,
        "mean": 0.969201862812,
        "median": 1,
        "min": 0,
        "var": 0.0298483408988
    },
    "silence_rate_60dB": {
        "dmean": 0.00799435656518,
        "dmean2": 0.015990594402,
        "dvar": 0.00793125294149,
        "dvar2": 0.0192656591535,
        "max": 1,
        "mean": 0.0827553793788,
        "median": 0,
        "min": 0,
        "var": 0.0758952125907
    },
    "spectral_centroid": {
        "dmean": 245.820098877,
        "dmean2": 381.967834473,
        "dvar": 80759.125,
        "dvar2": 164396.78125,
        "max": 10699.4316406,
        "mean": 1750.83374023,
        "median": 1732.82849121,
        "min": 221.150817871,
        "var": 404259.59375
    },
    "spectral_complexity": {
        "dmean": 3.52574658394,
        "dmean2": 5.6660785675,
        "dvar": 13.4281425476,
        "dvar2": 31.2895679474,
        "max": 57,
        "mean": 22.5451984406,
        "median": 23,
        "min": 0,
        "var": 139.366500854
    },
    "spectral_decrease": {
        "dmean": 2.92292079429e-09,
        "dmean2": 4.6944514942e-09,
        "dvar": 2.16186101545e-17,
        "dvar2": 5.09409717295e-17,
        "max": -2.31630480983e-29,
        "mean": -9.21955845001e-09,
        "median": -8.22699863789e-09,
        "min": -5.59239872189e-08,
        "var": 5.38961340248e-17
    },
    "spectral_energy": {
        "dmean": 0.0113648446277,
        "dmean2": 0.0182248633355,
        "dvar": 0.000313960452331,
        "dvar2": 0.000741559255403,
        "max": 0.215153381228,
        "mean": 0.0377987623215,
        "median": 0.0345467925072,
        "min": 1.09891501755e-20,
        "var": 0.000832414662
    },
    "spectral_energyband_high": {
        "dmean": 0.000662254635245,
        "dmean2": 0.00100647390354,
        "dvar": 1.42262615555e-06,
        "dvar2": 3.0641306239e-06,
        "max": 0.0237204320729,
        "mean": 0.00211440771818,
        "median": 0.00131919933483,
        "min": 8.20023642329e-21,
        "var": 6.0913357629e-06
    },
    "spectral_energyband_low": {
        "dmean": 0.00936421006918,
        "dmean2": 0.0151928365231,
        "dvar": 0.000306935806293,
        "dvar2": 0.000725499354303,
        "max": 0.200560957193,
        "mean": 0.0188195593655,
        "median": 0.0120864287019,
        "min": 6.21328747731e-23,
        "var": 0.000566165428609
    },
    "spectral_energyband_middle_high": {
        "dmean": 0.00226605194621,
        "dmean2": 0.00354778161272,
        "dvar": 1.02127314676e-05,
        "dvar2": 2.46600411629e-05,
        "max": 0.0694803521037,
        "mean": 0.00878169108182,
        "median": 0.00612625293434,
        "min": 1.49292994115e-21,
        "var": 7.13520857971e-05
    },
    "spectral_energyband_middle_low": {
        "dmean": 0.00335158151574,
        "dmean2": 0.00540016172454,
        "dvar": 2.09961599467e-05,
        "dvar2": 5.33982056368e-05,
        "max": 0.0762986168265,
        "mean": 0.00913939997554,
        "median": 0.00726776756346,
        "min": 2.44931592305e-22,
        "var": 6.149966066e-05
    },
    "spectral_entropy": {
        "dmean": 0.111770816147,
        "dmean2": 0.166819810867,
        "dvar": 0.0118964537978,
        "dvar2": 0.0238116811961,
        "max": 9.80064105988,
        "mean": 7.7894282341,
        "median": 7.85381507874,
        "min": 6.37516641617,
        "var": 0.132332086563
    },
    "spectral_flux": {
        "dmean": 0.0256874132901,
        "dmean2": 0.0415669754148,
        "dvar": 0.00103841652162,
        "dvar2": 0.00258366833441,
        "max": 0.40207156539,
        "mean": 0.097707413137,
        "median": 0.0904584378004,
        "min": 1.04829145364e-10,
        "var": 0.00322789256461
    },
    "spectral_kurtosis": {
        "dmean": 0.805389940739,
        "dmean2": 1.3664317131,
        "dvar": 0.727748572826,
        "dvar2": 2.16458439827,
        "max": 13.3334274292,
        "mean": 2.43019747734,
        "median": 2.25962018967,
        "min": -1.15066623688,
        "var": 1.99822664261
    },
    "spectral_rms": {
        "dmean": 0.000820471497718,
        "dmean2": 0.00129707122687,
        "dvar": 1.01971397726e-06,
        "dvar2": 2.32947127188e-06,
        "max": 0.0144881233573,
        "mean": 0.00556972855702,
        "median": 0.00580553105101,
        "min": 3.27431246179e-12,
        "var": 5.85495672567e-06
    },
    "spectral_rolloff": {
        "dmean": 596.403991699,
        "dmean2": 986.975769043,
        "dvar": 886711.4375,
        "dvar2": 1868314.75,
        "max": 18626.2207031,
        "mean": 1946.05834961,
        "median": 1485.79101562,
        "min": 21.533203125,
        "var": 3220291.5
    },
    "spectral_skewness": {
        "dmean": 0.149562507868,
        "dmean2": 0.239321276546,
        "dvar": 0.0216268394142,
        "dvar2": 0.0511191375554,
        "max": 2.76726198196,
        "mean": 1.20754480362,
        "median": 1.20446527004,
        "min": -0.28202059865,
        "var": 0.0990876033902
    },
    "spectral_spread": {
        "dmean": 431980.84375,
        "dmean2": 638941.25,
        "dvar": 393136078848,
        "dvar2": 716256968704,
        "max": 39363004,
        "mean": 5199303,
        "median": 5091471,
        "min": 2406821.75,
        "var": 1.73945493914e+12
    },
    "spectral_strongpeak": {
        "dmean": 0.639640688896,
        "dmean2": 1.11933577061,
        "dvar": 1.46419346333,
        "dvar2": 3.76117134094,
        "max": 14.020406723,
        "mean": 1.14311563969,
        "median": 0.479347348213,
        "min": 0,
        "var": 2.72728180885
    },
    "zerocrossingrate": {
        "dmean": 0.01090418268,
        "dmean2": 0.0128406202421,
        "dvar": 0.000156277208589,
        "dvar2": 0.000174973160028,
        "max": 0.58544921875,
        "mean": 0.0770558565855,
        "median": 0.0703125,
        "min": 0.0048828125,
        "var": 0.0020135641098
    },
    "barkbands": {
        "dmean": [0.00067191501148, 0.00686587812379, 0.00378674129024, 0.00122728082351, 0.00123601045925, 0.000696945586242, 0.000282644410618, 0.00065525167156, 0.00105260312557, 0.000987458392046, 0.000573617580812, 0.00068473018473, 0.000420450640377, 0.00033912944491, 0.000312090327498, 0.000434775778558, 0.000405690836487, 0.000177214824362, 0.000198563167942, 0.000170150582562, 0.00017314782599, 0.000286978465738, 0.000166866258951, 9.51488837018e-05, 6.60052901367e-05, 5.13938502991e-05, 1.54598573943e-08],
        "dmean2": [0.00110704870895, 0.0107828723267, 0.00655009876937, 0.0020747249946, 0.00206500780769, 0.00112977344543, 0.000463449134259, 0.00103575375397, 0.00166102917865, 0.0015422453871, 0.000898388214409, 0.00109861115925, 0.0006863696035, 0.000555708014872, 0.000488317222334, 0.000691854045726, 0.000658609846141, 0.000292683223961, 0.000325818837155, 0.000283938017674, 0.000284176552668, 0.000442526070401, 0.000256464001723, 0.000139181531267, 9.79871183517e-05, 8.35488463053e-05, 2.7698400018e-08],
        "dvar": [5.85456882618e-06, 0.000199063069886, 8.79119106685e-05, 3.91576350012e-06, 3.87639875044e-06, 3.29644990416e-06, 3.61463861509e-07, 2.09386575989e-06, 5.27760312252e-06, 6.37820130578e-06, 2.51482038038e-06, 2.0905981728e-06, 1.00129830116e-06, 7.0265383556e-07, 6.37256221125e-07, 1.06919571863e-06, 8.12461223632e-07, 7.01477773646e-08, 1.1397403199e-07, 7.7918208774e-08, 8.44352143758e-08, 3.50655795955e-07, 1.47373455661e-07, 5.44877529762e-08, 2.07679757835e-08, 4.8340886849e-08, 4.74111191523e-15],
        "dvar2": [1.51024087245e-05, 0.000442342861788, 0.000244849099545, 1.04823602669e-05, 1.02812773548e-05, 8.14358554635e-06, 9.29944917516e-07, 4.76361674373e-06, 1.20560753203e-05, 1.54503450176e-05, 5.5926971072e-06, 5.0344592637e-06, 2.32070578932e-06, 1.6467978412e-06, 1.35473692353e-06, 2.38568532041e-06, 2.0471507014e-06, 1.79042103809e-07, 3.05241854903e-07, 2.02803718707e-07, 2.11023433394e-07, 7.83673613114e-07, 3.37147042728e-07, 1.10685434151e-07, 4.47578791807e-08, 1.33526825152e-07, 1.26227492543e-14],
        "max": [0.102217763662, 0.172666549683, 0.111219137907, 0.032346367836, 0.0363768711686, 0.0412405952811, 0.0147733911872, 0.0280332602561, 0.0468292050064, 0.0666591152549, 0.0364250354469, 0.0342572256923, 0.0302454382181, 0.0366180278361, 0.0195573363453, 0.0251511167735, 0.027325656265, 0.00546394940466, 0.00665541645139, 0.00549492053688, 0.00574884936213, 0.0197298619896, 0.00922083109617, 0.0101339221001, 0.00440936069936, 0.00617619650438, 2.16438547795e-06],
        "mean": [0.000635915785097, 0.0119964051992, 0.00527787674218, 0.00191889540292, 0.00225251750089, 0.00111451663543, 0.00045376032358, 0.00110787339509, 0.0019627828151, 0.00210116431117, 0.00113925745245, 0.00125483365264, 0.000692363129929, 0.00052620167844, 0.000541528745089, 0.00090319418814, 0.000816682528239, 0.000365163432434, 0.000429286796134, 0.000367935805116, 0.000397281983169, 0.000703788362443, 0.000373383401893, 0.000241087313043, 0.000156546375365, 6.84945771354e-05, 1.14805498441e-08],
        "median": [7.98457913334e-05, 0.00624304078519, 0.00252936221659, 0.00102532957681, 0.00142072013114, 0.000412956345826, 0.000177969763172, 0.000269770156592, 0.000498439592775, 0.000348929635948, 0.000211416918319, 0.000406997743994, 0.000227393727982, 0.000225322524784, 0.000173009058926, 0.000385521969292, 0.000443200784503, 0.000255208724411, 0.0002955494856, 0.000241515532252, 0.000279608502751, 0.000300415820675, 0.000176906134584, 9.47091539274e-05, 6.51575319353e-05, 1.7366868633e-05, 1.27275756601e-09],
        "min": [1.72051805885e-24, 2.67247773116e-23, 1.40809936088e-23, 3.79430041617e-23, 3.29147290211e-23, 2.74554265929e-23, 9.02234732342e-23, 2.6355142335e-23, 2.92635683629e-23, 9.04092657546e-24, 9.5232538034e-23, 7.98804717812e-23, 7.32226687569e-23, 1.29392726963e-22, 1.81458253527e-22, 1.39443420741e-22, 1.45368144792e-22, 1.95747414907e-22, 3.02572106171e-22, 2.84358128285e-22, 4.18990759681e-22, 8.49319305971e-22, 6.52425531019e-22, 8.91661118447e-22, 1.41806555188e-21, 1.93170967423e-21, 2.13221474081e-21],
        "var": [5.89003047935e-06, 0.000318257894833, 7.68117024563e-05, 6.38464734948e-06, 7.21891910871e-06, 5.9776884882e-06, 7.5841984426e-07, 5.99619806962e-06, 1.63247987075e-05, 2.79197120108e-05, 9.91644083115e-06, 6.97293035046e-06, 2.30266050494e-06, 1.27063856326e-06, 1.52933967001e-06, 3.78289769287e-06, 2.06041841011e-06, 1.59878482009e-07, 2.4381449748e-07, 1.89426387465e-07, 2.12933130683e-07, 1.17330523608e-06, 3.76256480195e-07, 2.19452374495e-07, 7.05244858068e-08, 3.74911337531e-08, 3.76755469203e-15]
    },
    "erbbands": {
        "dmean": [0.241722464561, 1.50117647648, 4.39309263229, 3.68278956413, 4.28412771225, 4.17454338074, 4.93346834183, 6.23979282379, 4.73370075226, 5.16560983658, 19.3882064819, 20.2860774994, 26.3211288452, 28.0778141022, 20.9491233826, 24.3528232574, 17.358833313, 14.5460186005, 14.116774559, 17.0190849304, 24.5237636566, 22.1931266785, 9.73119163513, 9.29326248169, 9.23328018188, 8.18993473053, 6.82746458054, 7.49721097946, 11.0161056519, 7.20195913315, 4.55143356323, 2.37005639076, 1.45304083824, 0.825788736343, 0.467925041914, 0.343497097492, 0.0614506714046, 0.00143494294025, 5.08764969709e-05, 1.57139620569e-05],
        "dmean2": [0.389575272799, 2.39519762993, 7.47571325302, 6.24270296097, 7.31167268753, 6.96237373352, 8.03897285461, 10.2259407043, 7.74196910858, 8.39827919006, 30.2220134735, 31.7393379211, 41.4431877136, 42.4835586548, 32.0308647156, 38.8139190674, 28.0045394897, 23.6107158661, 22.8359146118, 26.0676174164, 38.4971313477, 35.7231407166, 16.0521297455, 15.3106956482, 15.104883194, 13.6609106064, 11.3613643646, 12.0475006104, 17.1419315338, 11.043381691, 6.91612195969, 3.49292588234, 2.1889693737, 1.24057555199, 0.706915736198, 0.552819669247, 0.100211307406, 0.00230586715043, 8.00304333097e-05, 2.49594540946e-05],
        "dvar": [0.509078145027, 7.51777410507, 105.574104309, 49.490486145, 51.2420768738, 53.0338249207, 82.5532302856, 375.72354126, 135.116912842, 99.2120132446, 1818.05517578, 2306.82788086, 3975.96557617, 4390.29003906, 2516.66772461, 2847.63256836, 1683.82861328, 1501.87316895, 1090.0880127, 1778.90039062, 3001.45019531, 2405.13842773, 215.101028442, 260.04309082, 214.195220947, 199.144821167, 155.051208496, 178.676345825, 538.852050781, 235.680435181, 117.623947144, 35.5340614319, 12.2601079941, 2.98016262054, 1.55753064156, 2.02827501297, 0.0650848895311, 3.19029604725e-05, 3.54473996822e-08, 6.58414045507e-10],
        "dvar2": [1.18431997299, 17.6652355194, 289.452667236, 132.986846924, 137.07434082, 136.174072266, 202.252243042, 967.780639648, 332.911651611, 249.330245972, 4160.84716797, 5253.75927734, 9658.96875, 9777.73632812, 5521.87548828, 6830.11914062, 4003.39794922, 3352.73803711, 2690.17993164, 3605.69433594, 6479.44970703, 6002.52929688, 551.377319336, 699.048034668, 557.274536133, 517.292785645, 392.895874023, 443.274353027, 1230.60546875, 508.737670898, 266.125457764, 68.9963378906, 26.9802742004, 6.32679319382, 3.56240344048, 5.54634380341, 0.179410398006, 8.69648356456e-05, 9.62541548688e-08, 1.65073643643e-09],
        "max": [8.33232307434, 33.9537010193, 124.132087708, 86.1549911499, 104.179931641, 171.021942139, 197.623168945, 442.189422607, 263.296783447, 203.388793945, 783.085266113, 1336.58935547, 1218.6640625, 1524.15795898, 1348.87927246, 1383.27746582, 1470.87353516, 2178.39697266, 842.978210449, 1145.57788086, 1657.57971191, 1825.3572998, 306.263793945, 364.601196289, 360.291320801, 331.776153564, 375.828521729, 303.940887451, 756.662353516, 468.466339111, 302.455413818, 207.634933472, 138.552581787, 59.1634597778, 30.2589168549, 41.3711700439, 7.28585338593, 0.163617864251, 0.00475067039952, 0.000474718894111],
        "mean": [0.311183720827, 2.74933958054, 6.86105632782, 5.83213949203, 7.10043621063, 6.97935152054, 8.58328056335, 9.48318195343, 7.78478765488, 9.47171115875, 34.844543457, 37.9656715393, 55.5305175781, 63.8689079285, 41.3653945923, 47.2899284363, 32.8156967163, 25.0155563354, 25.9189071655, 35.9335327148, 54.6191978455, 49.3150100708, 21.7895088196, 20.8887882233, 20.7454948425, 17.873210907, 15.3421516418, 17.3335857391, 25.569152832, 18.0941104889, 10.0916843414, 5.64647531509, 3.72842645645, 2.02704906464, 0.971651315689, 0.490730792284, 0.0786683857441, 0.00195397040807, 9.72039269982e-05, 5.46324336028e-05],
        "median": [0.108709186316, 1.45661318302, 3.4743347168, 3.66394495964, 4.19681596756, 4.04438924789, 4.05238819122, 3.2082965374, 2.83103132248, 4.45595788956, 7.95611047745, 11.4117202759, 15.4066724777, 14.3957424164, 14.2649497986, 17.0455188751, 12.2830295563, 11.4684705734, 11.8659801483, 12.8167133331, 26.6514835358, 27.8359661102, 16.2714157104, 15.197350502, 14.9582166672, 11.6205530167, 9.99923992157, 11.5956220627, 11.1982440948, 7.44682025909, 4.62717247009, 2.37689518929, 1.44817101955, 0.828408360481, 0.374939709902, 0.14570312202, 0.0165364537388, 0.000455034401966, 4.81497663714e-05, 5.07683616888e-05],
        "min": [3.41774454193e-22, 7.38248518505e-21, 2.32994725792e-20, 7.32164314294e-20, 6.90883219589e-20, 1.68442665543e-19, 1.98796846527e-19, 2.22735130337e-19, 8.8884516946e-19, 1.23629814646e-18, 7.03217309703e-19, 7.10696728501e-19, 2.98522788077e-19, 1.47631194242e-18, 4.14221486443e-18, 3.63175674534e-18, 2.91717857521e-18, 7.00451496908e-18, 6.52887991301e-18, 7.42652018373e-18, 8.68821794488e-18, 1.0393795712e-17, 1.19560106712e-17, 1.31062020042e-17, 1.44570259948e-17, 1.28876526146e-17, 1.18750553318e-17, 2.00269922333e-17, 2.9255184583e-17, 2.35274088273e-17, 2.20412365818e-17, 1.8905360138e-17, 1.4094626588e-17, 1.57056832536e-17, 9.93134219255e-18, 6.55782999368e-18, 3.68147236811e-18, 1.20316067074e-18, 2.82630477161e-19, 3.3139824788e-20],
        "var": [0.527337610722, 13.7445201874, 107.478004456, 57.3522491455, 80.7279129028, 92.2325897217, 208.945846558, 556.109619141, 271.004211426, 242.777542114, 4901.12597656, 7059.97070312, 12336.7744141, 19626.6132812, 7923.05078125, 9043.4765625, 4277.42480469, 3213.1809082, 2018.55126953, 6321.51318359, 11064.65625, 7113.09082031, 520.262756348, 566.852111816, 477.278137207, 492.01083374, 378.596832275, 429.32723999, 1529.00292969, 917.566223145, 295.972625732, 124.813194275, 48.9908332825, 11.6298894882, 3.41671395302, 1.68368566036, 0.0512426234782, 2.73290024779e-05, 3.35683054686e-08, 1.67579194965e-09]
    },
    "gfcc": {
        "mean": [20.7950077057, 75.9493789673, -125.569107056, 50.4288635254, -63.8646278381, 31.7060832977, -34.901638031, 16.4397926331, -23.4928283691, -3.24098110199, -23.0098266602, 0.738409519196, -8.06741046906],
        "cov": [[6760.92724609, -217.262268066, 794.765625, 727.730285645, 430.287384033, 480.29083252, 233.940338135, 238.012298584, -107.177055359, 304.756347656, -100.664001465, 430.957580566, -92.1683807373], [-217.262268066, 1046.94726562, 128.798858643, 186.733901978, 168.903900146, -107.615074158, 193.420257568, 7.34575653076, 128.340988159, -146.918365479, 129.333190918, -67.1927185059, 52.2215309143], [794.765625, 128.798858643, 781.244445801, 317.502502441, 194.713485718, 76.9797058105, 49.3914909363, 87.7854919434, -30.5620803833, 78.2730026245, -34.343082428, 94.594871521, -53.4740753174], [727.730285645, 186.733901978, 317.502502441, 458.043640137, 208.096572876, 29.7171611786, 46.2347946167, 19.474647522, 57.6412811279, 6.48210954666, 6.7500910759, 28.6072063446, 28.8074378967], [430.287384033, 168.903900146, 194.713485718, 208.096572876, 341.459197998, 95.2369918823, 94.8133163452, 60.29920578, -8.03729820251, 61.3005142212, 23.9639434814, 29.0037326813, 25.6029224396], [480.29083252, -107.615074158, 76.9797058105, 29.7171611786, 95.2369918823, 283.644348145, 128.890151978, 2.88255047798, -31.217622757, 49.3445739746, 36.2405586243, 63.0815391541, 12.4469261169], [233.940338135, 193.420257568, 49.3914909363, 46.2347946167, 94.8133163452, 128.890151978, 272.249847412, 59.1941757202, -17.9636154175, -4.35794115067, 43.3022422791, 30.2667713165, 16.5531387329], [238.012298584, 7.34575653076, 87.7854919434, 19.474647522, 60.29920578, 2.88255047798, 59.1941757202, 138.421417236, 24.908405304, 27.4770469666, -25.0970115662, 1.52656924725, -8.0278968811], [-107.177055359, 128.340988159, -30.5620803833, 57.6412811279, -8.03729820251, -31.217622757, -17.9636154175, 24.908405304, 167.035354614, -16.5254745483, 6.41977977753, -40.5198249817, 23.2010097504], [304.756347656, -146.918365479, 78.2730026245, 6.48210954666, 61.3005142212, 49.3445739746, -4.35794115067, 27.4770469666, -16.5254745483, 163.089187622, 12.3173599243, 27.0354194641, -13.3974075317], [-100.664001465, 129.333190918, -34.343082428, 6.7500910759, 23.9639434814, 36.2405586243, 43.3022422791, -25.0970115662, 6.41977977753, 12.3173599243, 136.049697876, 17.8066577911, 18.4016933441], [430.957580566, -67.1927185059, 94.594871521, 28.6072063446, 29.0037326813, 63.0815391541, 30.2667713165, 1.52656924725, -40.5198249817, 27.0354194641, 17.8066577911, 130.169723511, 19.177816391], [-92.1683807373, 52.2215309143, -53.4740753174, 28.8074378967, 25.6029224396, 12.4469261169, 16.5531387329, -8.0278968811, 23.2010097504, -13.3974075317, 18.4016933441, 19.177816391, 111.25479126]],
        "icov": [[0.000370235909941, -0.000455699191662, 0.00043953358545, -0.000910976203158, 0.00047210601042, -0.000870888470672, 0.000523309281562, -0.000920155376662, 0.000526902498677, -0.000761713949032, 0.00079086702317, -0.00126296922099, 0.000697580748238], [-0.000455699191662, 0.00406231125817, -0.00206316565163, 0.00211250386201, -0.00286725349724, 0.00427153380588, -0.00403964472935, 0.00347482506186, -0.00333830039017, 0.0038408851251, -0.00391357857734, 0.00302830175497, -0.00150524603669], [0.00043953358545, -0.00206316565163, 0.00371456844732, -0.00327690923586, 0.00146265921649, -0.00270162476227, 0.00239763734862, -0.00339193781838, 0.00242745690048, -0.00258536450565, 0.00267606414855, -0.00350121664815, 0.00267395423725], [-0.000910976203158, 0.00211250386201, -0.00327690923586, 0.00726320967078, -0.00420577591285, 0.00371703179553, -0.00272974232212, 0.00485137617216, -0.0042091216892, 0.003440966364, -0.00253153848462, 0.00333284726366, -0.00275741028599], [0.00047210601042, -0.00286725349724, 0.00146265921649, -0.00420577591285, 0.00763661693782, -0.0042569343932, 0.00247447472066, -0.00473144790158, 0.00386603455991, -0.00421838881448, 0.00216873339377, -0.00157749699429, 0.000137278824695], [-0.000870888470672, 0.00427153380588, -0.00270162476227, 0.00371703179553, -0.0042569343932, 0.0106057822704, -0.00701127760112, 0.00627370132133, -0.00412190053612, 0.00307331723161, -0.0043856529519, 0.00260160141625, -0.00219189189374], [0.000523309281562, -0.00403964472935, 0.00239763734862, -0.00272974232212, 0.00247447472066, -0.00701127760112, 0.0103407362476, -0.00712401606143, 0.00459879823029, -0.00206025294028, 0.00198094639927, -0.00304385391064, 0.00134118075948], [-0.000920155376662, 0.00347482506186, -0.00339193781838, 0.00485137617216, -0.00473144790158, 0.00627370132133, -0.00712401606143, 0.01549221389, -0.00632246257737, 0.00204719649628, -0.00094453204656, 0.00370395742357, -0.00163228239398], [0.000526902498677, -0.00333830039017, 0.00242745690048, -0.0042091216892, 0.00386603455991, -0.00412190053612, 0.00459879823029, -0.00632246257737, 0.0112416315824, -0.00299787335098, 0.00198858603835, -0.000272103497991, -0.000296242767945], [-0.000761713949032, 0.0038408851251, -0.00258536450565, 0.003440966364, -0.00421838881448, 0.00307331723161, -0.00206025294028, 0.00204719649628, -0.00299787335098, 0.0118808038533, -0.00526275392622, 0.00301077519543, -0.00107897410635], [0.00079086702317, -0.00391357857734, 0.00267606414855, -0.00253153848462, 0.00216873339377, -0.0043856529519, 0.00198094639927, -0.00094453204656, 0.00198858603835, -0.00526275392622, 0.0132684642449, -0.00518984533846, 0.00171412760392], [-0.00126296922099, 0.00302830175497, -0.00350121664815, 0.00333284726366, -0.00157749699429, 0.00260160141625, -0.00304385391064, 0.00370395742357, -0.000272103497991, 0.00301077519543, -0.00518984533846, 0.0158293917775, -0.00567236822098], [0.000697580748238, -0.00150524603669, 0.00267395423725, -0.00275741028599, 0.000137278824695, -0.00219189189374, 0.00134118075948, -0.00163228239398, -0.000296242767945, -0.00107897410635, 0.00171412760392, -0.00567236822098, 0.0127944489941]]
    },
    "melbands": {
        "dmean": [0.00196756445803, 0.00208156183362, 0.000645370688289, 0.000288108218228, 0.000173755615833, 0.000135280977702, 6.87908177497e-05, 7.37818991183e-05, 0.000176151501364, 0.000128491534269, 0.000141219483339, 0.000124033816974, 7.55147921154e-05, 7.52379273763e-05, 6.46945045446e-05, 3.49825859303e-05, 2.83614972432e-05, 2.57311294263e-05, 2.60155775322e-05, 2.58517102338e-05, 3.19926693919e-05, 2.91865035251e-05, 1.17069030239e-05, 8.04141018307e-06, 8.36300750962e-06, 8.07033575256e-06, 6.84111137161e-06, 5.75516423851e-06, 4.79820391774e-06, 4.649460152e-06, 4.8919036999e-06, 6.91103878125e-06, 5.91617526879e-06, 3.921105872e-06, 3.08118728753e-06, 1.79379685505e-06, 1.61509467489e-06, 1.19001197163e-06, 9.27230928482e-07, 6.9185097118e-07],
        "dmean2": [0.00309023214504, 0.0034136895556, 0.00109051936306, 0.000484744203277, 0.000283556844806, 0.000220092653763, 0.00011248858209, 0.000118907504657, 0.000275388651062, 0.000200022986974, 0.000221884358325, 0.000188688311027, 0.000114955910249, 0.000118504794955, 0.000103445883724, 5.65405243833e-05, 4.59028378827e-05, 4.24602876592e-05, 4.04793718189e-05, 4.04499041906e-05, 5.00654205098e-05, 4.71796774946e-05, 1.92366605916e-05, 1.33115836434e-05, 1.38555842568e-05, 1.31581837195e-05, 1.13374107968e-05, 9.67633241089e-06, 8.05114450486e-06, 7.73148440203e-06, 7.87548287917e-06, 1.09500424514e-05, 9.08120728127e-06, 6.14422106082e-06, 4.76669629279e-06, 2.74898798125e-06, 2.40124563788e-06, 1.8304230025e-06, 1.41851728586e-06, 1.05974800135e-06],
        "dvar": [2.31676713156e-05, 1.81831310329e-05, 1.34565084409e-06, 2.39544448277e-07, 8.71632863664e-08, 1.57843984994e-07, 2.58242689455e-08, 2.15674731407e-08, 1.57089104391e-07, 8.54590282984e-08, 1.13278467495e-07, 8.91444003059e-08, 3.66516808015e-08, 2.96932984867e-08, 2.21473221984e-08, 7.62066409976e-09, 6.29257090878e-09, 4.20258494671e-09, 5.12891951132e-09, 5.17531217881e-09, 5.15903009202e-09, 4.90262408448e-09, 3.18288423395e-10, 1.55157872661e-10, 2.23800908361e-10, 1.75017680903e-10, 1.18573026398e-10, 1.07932600357e-10, 8.15170361768e-11, 6.36777020002e-11, 8.45649592018e-11, 2.16893419891e-10, 1.76870379454e-10, 7.75492378646e-11, 5.49886906842e-11, 1.91832053714e-11, 1.85708896178e-11, 9.51279766764e-12, 4.28218138032e-12, 2.18469556681e-12],
        "dvar2": [5.22528280271e-05, 4.73814434372e-05, 3.59934938388e-06, 6.33824356555e-07, 2.15707515849e-07, 3.99603180767e-07, 6.36279793298e-08, 5.34231681115e-08, 3.66701300436e-07, 1.90337459571e-07, 2.76108835351e-07, 2.02660928039e-07, 8.13415965695e-08, 6.99720885677e-08, 5.34513695527e-08, 1.69221525681e-08, 1.40244891256e-08, 1.04738520079e-08, 1.01062962443e-08, 1.15410250245e-08, 1.07359667822e-08, 1.22681544923e-08, 7.98427379767e-10, 3.94290516903e-10, 6.04837513407e-10, 4.54149468032e-10, 3.18415765976e-10, 2.79988393581e-10, 2.15095663503e-10, 1.65269020691e-10, 2.12069903305e-10, 5.11654441038e-10, 3.93767407569e-10, 1.7194691504e-10, 1.28298011104e-10, 4.22283041868e-11, 3.79562527242e-11, 2.16892337424e-11, 9.82169380548e-12, 4.949981397e-12],
        "max": [0.0580329075456, 0.0512765794992, 0.014025435783, 0.00914466381073, 0.00563216116279, 0.00915016140789, 0.00359621667303, 0.0029885310214, 0.0069507593289, 0.00822160951793, 0.0059723299928, 0.00778594613075, 0.00482396688312, 0.00378669588827, 0.00455602118745, 0.0018918896094, 0.00450591184199, 0.00184991688002, 0.00195806543343, 0.00213585956953, 0.00230041635223, 0.00252569769509, 0.000371660018573, 0.000350015587173, 0.000346218555933, 0.000189744197996, 0.000221010035602, 0.000257840147242, 0.000265180686256, 0.000219061839744, 0.00023365416564, 0.000365971820429, 0.000507119868416, 0.000328515539877, 0.000192254432477, 0.000115801834909, 0.000181009250809, 0.000126193204778, 6.6451371822e-05, 4.96400498378e-05],
        "mean": [0.00303904875182, 0.00373465241864, 0.00110374041833, 0.000494504813105, 0.000311508221785, 0.000211646067328, 0.000112609443022, 0.000130997446831, 0.000313946133247, 0.00023868115386, 0.000294456986012, 0.000280053442111, 0.000146705468069, 0.000133185414597, 0.0001162606859, 5.64516194572e-05, 4.40838302893e-05, 4.12592817156e-05, 4.60106566607e-05, 5.13322629558e-05, 6.46506159683e-05, 5.76478560106e-05, 2.33687424043e-05, 1.61046791618e-05, 1.69451777765e-05, 1.65470009961e-05, 1.36897406264e-05, 1.12167572297e-05, 9.19253398024e-06, 9.53538346948e-06, 1.01596451714e-05, 1.44620662468e-05, 1.3832042896e-05, 8.57793565956e-06, 6.22879815637e-06, 3.68702285414e-06, 3.48355411006e-06, 2.76219680018e-06, 2.14036390389e-06, 1.53432142724e-06],
        "median": [0.00146411778405, 0.00209302245639, 0.000758172944188, 0.000311411597067, 0.000158361872309, 7.33688066248e-05, 4.27833510912e-05, 4.77257017337e-05, 6.07316251262e-05, 6.63868704578e-05, 6.95404742146e-05, 5.15502106282e-05, 3.7747740862e-05, 3.94019225496e-05, 3.23328276863e-05, 2.00933009182e-05, 1.81860705197e-05, 1.71871815837e-05, 1.23177524074e-05, 1.9202423573e-05, 3.04396344291e-05, 2.82797209366e-05, 1.65258024936e-05, 1.08574959086e-05, 1.15929324238e-05, 1.05495955722e-05, 9.0163321147e-06, 6.71709130984e-06, 5.43133228348e-06, 6.39897598376e-06, 6.09190874457e-06, 6.41820543024e-06, 4.77394769405e-06, 3.58574402526e-06, 2.71659246209e-06, 1.63739434811e-06, 1.29111913338e-06, 1.00837587524e-06, 7.86743328263e-07, 5.86430417115e-07],
        "min": [5.21384125784e-24, 1.12033213233e-23, 1.26069991188e-23, 7.61507705535e-24, 7.18815973294e-24, 5.21228877958e-24, 1.54617147631e-23, 1.19525285574e-23, 5.23501625669e-24, 4.17075848743e-24, 1.26811214755e-24, 5.00166252346e-24, 1.2883875097e-23, 1.02463470594e-23, 6.95700928822e-24, 9.87913546347e-24, 1.269040696e-23, 8.05549967646e-24, 1.68590635276e-23, 6.12524460494e-24, 1.03311393515e-23, 9.34782975519e-24, 1.27194946282e-23, 7.55797614759e-24, 1.13841369202e-23, 1.2059884638e-23, 9.20722792061e-24, 8.93986797147e-24, 5.66441849095e-24, 8.82336978185e-24, 1.36955798363e-23, 1.51573785368e-23, 1.86478135188e-23, 1.08086029364e-23, 1.28022421928e-23, 1.14676260141e-23, 1.22259177704e-23, 8.50688194212e-24, 1.37919533954e-23, 1.24854593191e-23],
        "var": [2.93300199701e-05, 2.48099477176e-05, 1.70121279552e-06, 3.71627237428e-07, 2.28070376806e-07, 2.52522568189e-07, 5.23444967371e-08, 6.12844033299e-08, 4.11555475921e-07, 2.78387403796e-07, 3.79862086675e-07, 4.19505596483e-07, 1.33525972501e-07, 9.60824593221e-08, 7.57942615337e-08, 1.76919812134e-08, 1.23573915545e-08, 7.17140258288e-09, 1.37537545797e-08, 1.80107644354e-08, 1.82884534183e-08, 1.30010313626e-08, 6.77827738382e-10, 3.59604901412e-10, 4.50209869385e-10, 3.85085657806e-10, 2.51291515374e-10, 2.40170078269e-10, 1.63161109623e-10, 1.37783617848e-10, 1.78280126772e-10, 5.05692543395e-10, 6.51835030396e-10, 2.34434638369e-10, 1.25137386564e-10, 4.75951535128e-11, 6.00614488699e-11, 3.24422953779e-11, 1.46892064484e-11, 7.03172112551e-12]
    },
    "mfcc": {
        "mean": [-614.081848145, 93.4802627563, 2.47082948685, 22.7503318787, 3.24867987633, 12.8379364014, 1.419916749, 16.6841640472, 7.78269100189, 0.138730913401, -0.601808190346, -2.84615659714, -1.53042447567],
        "cov": [[5961.59277344, -368.54699707, 430.437469482, 477.754425049, 272.542327881, 453.519836426, 317.372650146, 233.027084351, 188.935073853, -77.4682312012, 77.1903610229, 157.484924316, 237.438400269], [-368.54699707, 800.511962891, 53.6461753845, 206.873703003, 36.0231323242, -36.52759552, 78.548538208, 112.732055664, 13.9929018021, 17.2589187622, 64.0966491699, 9.03176212311, 19.9585838318], [430.437469482, 53.6461753845, 542.009643555, 220.586196899, 119.489234924, 88.3333740234, 30.6303844452, 77.309387207, 16.1934967041, -13.5895929337, 37.617389679, 22.5373439789, 15.2151298523], [477.754425049, 206.873703003, 220.586196899, 495.404876709, 191.155853271, 50.1814842224, 41.3308525085, 62.9109230042, 74.4782485962, 25.3822517395, -1.0842307806, 40.4229812622, 33.1910858154], [272.542327881, 36.0231323242, 119.489234924, 191.155853271, 270.945953369, 74.34375, 19.5944099426, 6.46574258804, 38.3163719177, 39.8434028625, -16.3334369659, 36.9062957764, 35.837600708], [453.519836426, -36.52759552, 88.3333740234, 50.1814842224, 74.34375, 247.354690552, 142.461212158, 47.7373580933, 26.0472640991, -19.3370037079, 25.8642787933, 25.1268444061, 41.2097930908], [317.372650146, 78.548538208, 30.6303844452, 41.3308525085, 19.5944099426, 142.461212158, 316.070465088, 64.6135864258, 36.0133209229, -19.6360473633, 25.6945514679, 51.2399215698, 63.986656189], [233.027084351, 112.732055664, 77.309387207, 62.9109230042, 6.46574258804, 47.7373580933, 64.6135864258, 194.176849365, 37.2530097961, -7.44251585007, 28.179895401, -22.0558567047, 14.5886049271], [188.935073853, 13.9929018021, 16.1934967041, 74.4782485962, 38.3163719177, 26.0472640991, 36.0133209229, 37.2530097961, 143.177719116, 50.5020828247, -0.571248471737, 3.65555810928, 6.64209890366], [-77.4682312012, 17.2589187622, -13.5895929337, 25.3822517395, 39.8434028625, -19.3370037079, -19.6360473633, -7.44251585007, 50.5020828247, 121.601425171, 19.4858760834, 14.7391366959, -9.9830198288], [77.1903610229, 64.0966491699, 37.617389679, -1.0842307806, -16.3334369659, 25.8642787933, 25.6945514679, 28.179895401, -0.571248471737, 19.4858760834, 110.731826782, 21.8754959106, -2.62210798264], [157.484924316, 9.03176212311, 22.5373439789, 40.4229812622, 36.9062957764, 25.1268444061, 51.2399215698, -22.0558567047, 3.65555810928, 14.7391366959, 21.8754959106, 106.377761841, 41.341293335], [237.438400269, 19.9585838318, 15.2151298523, 33.1910858154, 35.837600708, 41.2097930908, 63.986656189, 14.5886049271, 6.64209890366, -9.9830198288, -2.62210798264, 41.341293335, 97.7747879028]],
