{
"lowlevel": {
    "average_loudness": 0.909138977528,
    "barkbands_crest": {
        "dmean": 2.66589403152,
        "dmean2": 4.36458444595,
        "dvar": 6.18543291092,
        "dvar2": 16.5658760071,
        "max": 26.6810588837,
        "mean": 11.0062942505,
        "median": 10.2063617706,
        "min": 2.4564473629,
        "var": 20.1261539459
    },
    "barkbands_flatness_db": {
        "dmean": 0.0213004555553,
        "dmean2": 0.0327477268875,
        "dvar": 0.000423073157435,
        "dvar2": 0.0010473531438,
        "max": 0.540536999702,
        "mean": 0.152783215046,
        "median": 0.146723628044,
        "min": 0.0296003762633,
        "var": 0.00330926640891
    },
    "barkbands_kurtosis": {
        "dmean": 3.85046648979,
        "dmean2": 6.23982286453,
        "dvar": 74.3856735229,
        "dvar2": 194.464797974,
        "max": 275.20602417,
        "mean": 6.44062614441,
        "median": 1.78640937805,
        "min": -1.95153963566,
        "var": 199.465209961
    },
    "barkbands_skewness": {
        "dmean": 0.585180699825,
        "dmean2": 0.912142455578,
        "dvar": 0.463301539421,
        "dvar2": 1.11765909195,
        "max": 14.0647439957,
        "mean": 1.78105270863,
        "median": 1.44846987724,
        "min": -12.0890188217,
        "var": 2.6644089222
    },
    "barkbands_spread": {
        "dmean": 5.59141254425,
        "dmean2": 8.4769487381,
        "dvar": 56.9992446899,
        "dvar2": 112.574211121,
        "max": 109.002914429,
        "mean": 24.970708847,
        "median": 21.1780757904,
        "min": 0.199318811297,
        "var": 303.103027344
    },
    "dissonance": {
        "dmean": 0.0175726916641,
        "dmean2": 0.0296378713101,
        "dvar": 0.000324755674228,
        "dvar2": 0.000901992782019,
        "max": 0.500000119209,
        "mean": 0.466353029013,
        "median": 0.473834693432,
        "min": 0.232245400548,
        "var": 0.000793350976892
    },
    "dynamic_complexity": 3.287971735,
    "erbbands_crest": {
        "dmean": 2.60491418839,
        "dmean2": 4.17867565155,
        "dvar": 5.91144657135,
        "dvar2": 13.7801074982,
        "max": 33.8232650757,
        "mean": 9.63396453857,
        "median": 8.38740158081,
        "min": 2.30990672112,
        "var": 25.1172485352
    },
    "erbbands_flatness_db": {
        "dmean": 0.0149523587897,
        "dmean2": 0.0215571243316,
        "dvar": 0.000211973761907,
        "dvar2": 0.000409751781262,
        "max": 0.604134380817,
        "mean": 0.152222275734,
        "median": 0.144082695246,
        "min": 0.0530730858445,
        "var": 0.00285265245475
    },
    "erbbands_kurtosis": {
        "dmean": 0.942711234093,
        "dmean2": 1.48413908482,
        "dvar": 4.31165790558,
        "dvar2": 10.8011493683,
        "max": 73.9789276123,
        "mean": 0.727394938469,
        "median": -0.0236078500748,
        "min": -1.84062874317,
        "var": 11.1688985825
    },
    "erbbands_skewness": {
        "dmean": 0.331953823566,
        "dmean2": 0.501707017422,
        "dvar": 0.114142991602,
        "dvar2": 0.23573769629,
        "max": 3.91514801979,
        "mean": 0.119114942849,
        "median": 0.207664653659,
        "min": -6.49686002731,
        "var": 0.807865023613
    },
    "erbbands_spread": {
        "dmean": 8.25576496124,
        "dmean2": 12.525642395,
        "dvar": 91.0915985107,
        "dvar2": 199.973648071,
        "max": 173.376663208,
        "mean": 42.7476043701,
        "median": 38.8805160522,
        "min": 0.27837190032,
        "var": 480.398834229
    },
    "hfc": {
        "dmean": 5.68104982376,
        "dmean2": 8.22363948822,
        "dvar": 69.1102218628,
        "dvar2": 136.281280518,
        "max": 176.994812012,
        "mean": 23.9656677246,
        "median": 17.2448806763,
        "min": 1.14520680884e-16,
        "var": 490.669647217
    },
    "melbands_crest": {
        "dmean": 3.21369385719,
        "dmean2": 5.21955442429,
        "dvar": 8.38522434235,
        "dvar2": 22.0616054535,
        "max": 37.8238067627,
        "mean": 16.2467155457,
        "median": 15.9755096436,
        "min": 1.67542016506,
        "var": 30.9849472046
    },
    "melbands_flatness_db": {
        "dmean": 0.0251063685864,
        "dmean2": 0.038956772536,
        "dvar": 0.000605910609011,
        "dvar2": 0.00149059097748,
        "max": 0.556791424751,
        "mean": 0.210508361459,
        "median": 0.203024670482,
        "min": 0.00356052955613,
        "var": 0.00499519519508
    },
    "melbands_kurtosis": {
        "dmean": 10.2329998016,
        "dmean2": 16.528339386,
        "dvar": 392.687103271,
        "dvar2": 1003.45709229,
        "max": 349.180664062,
        "mean": 20.6873989105,
        "median": 9.08708000183,
        "min": -1.78882992268,
        "var": 1044.17468262
    },
    "melbands_skewness": {
        "dmean": 0.842044711113,
        "dmean2": 1.31730103493,
        "dvar": 0.903263986111,
        "dvar2": 2.19067525864,
        "max": 15.154094696,
        "mean": 3.18057346344,
        "median": 2.71965360641,
        "min": -5.81375551224,
        "var": 4.88403272629
    },
    "melbands_spread": {
        "dmean": 6.52042484283,
        "dmean2": 10.0719804764,
        "dvar": 84.8008651733,
        "dvar2": 189.858978271,
        "max": 171.923126221,
        "mean": 23.6878585815,
        "median": 19.5007190704,
        "min": 0.492982059717,
        "var": 349.163543701
    },
    "pitch_salience": {
        "dmean": 0.0744325593114,
        "dmean2": 0.121456362307,
        "dvar": 0.00464966753498,
        "dvar2": 0.0124621381983,
        "max": 0.844388306141,
        "mean": 0.478708595037,
        "median": 0.471384644508,
        "min": 0.0782874599099,
        "var": 0.0147923352197
    },
    "silence_rate_20dB": {
        "dmean": 0,
        "dmean2": 0,
        "dvar": 0,
        "dvar2": 0,
        "max": 1,
        "mean": 1,
        "median": 1,
        "min": 1,
        "var": 0
    },
    "silence_rate_30dB": {
        "dmean": 0.022623905912,
        "dmean2": 0.0452530905604,
        "dvar": 0.0221142675728,
        "dvar2": 0.0611665807664,
        "max": 1,
        "mean": 0.986357271671,
        "median": 1,
        "min": 0,
        "var": 0.0134555026889
    },
    "silence_rate_60dB": {
        "dmean": 0.00513119529933,
        "dmean2": 0.0102635873482,
        "dvar": 0.00510522769764,
        "dvar2": 0.0122590241954,
        "max": 1,
        "mean": 0.0580690316856,
        "median": 0,
        "min": 0,
        "var": 0.0546832941473
    },
    "spectral_centroid": {
        "dmean": 234.001846313,
        "dmean2": 354.70111084,
        "dvar": 80061.671875,
        "dvar2": 160957.484375,
        "max": 11429.7294922,
        "mean": 1457.39807129,
        "median": 1371.35205078,
        "min": 142.564193726,
        "var": 538203.9375
    },
    "spectral_complexity": {
        "dmean": 2.99311947823,
        "dmean2": 4.6566362381,
        "dvar": 10.4676380157,
        "dvar2": 21.8812789917,
        "max": 52,
        "mean": 17.4112644196,
        "median": 16,
        "min": 0,
        "var": 102.538276672
    },
    "spectral_decrease": {
        "dmean": 2.58391530394e-09,
        "dmean2": 4.19293799681e-09,
        "dvar": 2.0068576257e-17,
        "dvar2": 5.0237507558e-17,
        "max": 6.05869273408e-29,
        "mean": -7.77952191555e-09,
        "median": -6.87853596304e-09,
        "min": -5.93088671508e-08,
        "var": 3.43464349312e-17
    },
    "spectral_energy": {
        "dmean": 0.0100389542058,
        "dmean2": 0.0162561051548,
        "dvar": 0.000293085817248,
        "dvar2": 0.00073268066626,
        "max": 0.22725020349,
        "mean": 0.0315355062485,
        "median": 0.0280397795141,
        "min": 1.03870135806e-20,
        "var": 0.000533427635673
    },
    "spectral_energyband_high": {
        "dmean": 0.00046303588897,
        "dmean2": 0.000646713655442,
        "dvar": 9.48022545799e-07,
        "dvar2": 1.63272738973e-06,
        "max": 0.0259578358382,
        "mean": 0.00133429910056,
        "median": 0.000514603918418,
        "min": 7.41887709303e-21,
        "var": 4.93739344165e-06
    },
    "spectral_energyband_low": {
        "dmean": 0.00837631337345,
        "dmean2": 0.0137227158993,
        "dvar": 0.000277266371995,
        "dvar2": 0.000702043005731,
        "max": 0.208363384008,
        "mean": 0.0166186410934,
        "median": 0.0128745362163,
        "min": 1.93179792567e-23,
        "var": 0.000345635926351
    },
    "spectral_energyband_middle_high": {
        "dmean": 0.00169687671587,
        "dmean2": 0.00253563188016,
        "dvar": 7.07723302185e-06,
        "dvar2": 1.56713867909e-05,
        "max": 0.0582398623228,
        "mean": 0.00609895773232,
        "median": 0.00305418903008,
        "min": 1.49053856927e-21,
        "var": 5.05203461216e-05
    },
    "spectral_energyband_middle_low": {
        "dmean": 0.00311364699155,
        "dmean2": 0.00500547979027,
        "dvar": 2.29771776503e-05,
        "dvar2": 5.87995018577e-05,
        "max": 0.0688972398639,
        "mean": 0.00841561332345,
        "median": 0.00660436647013,
        "min": 2.7281985741e-22,
        "var": 5.57069433853e-05
    },
    "spectral_entropy": {
        "dmean": 0.13711053133,
        "dmean2": 0.198783800006,
        "dvar": 0.0188036765903,
        "dvar2": 0.0377735234797,
        "max": 9.80268573761,
        "mean": 7.61783409119,
        "median": 7.67927265167,
        "min": 4.34650373459,
        "var": 0.192172080278
    },
    "spectral_flux": {
        "dmean": 0.0240832865238,
        "dmean2": 0.037938605994,
        "dvar": 0.000868259347044,
        "dvar2": 0.00196944409981,
        "max": 0.401210099459,
        "mean": 0.0871539711952,
        "median": 0.0793002843857,
        "min": 6.7489604183e-11,
        "var": 0.00249483832158
    },
    "spectral_kurtosis": {
        "dmean": 1.29424726963,
        "dmean2": 2.1185104847,
        "dvar": 7.57476234436,
        "dvar2": 19.5648441315,
        "max": 101.152763367,
        "mean": 3.91704916954,
        "median": 3.07182908058,
        "min": -1.38033759594,
        "var": 39.6116790771
    },
    "spectral_rms": {
        "dmean": 0.000798760331236,
        "dmean2": 0.00127258279826,
        "dvar": 1.04706657567e-06,
        "dvar2": 2.54785459219e-06,
        "max": 0.0148898456246,
        "mean": 0.00517253018916,
        "median": 0.0052302852273,
        "min": 3.18334291219e-12,
        "var": 4.01126226279e-06
    },
    "spectral_rolloff": {
        "dmean": 450.677490234,
        "dmean2": 748.384460449,
        "dvar": 841515.375,
        "dvar2": 1759372.125,
        "max": 19143.0175781,
        "mean": 1465.71057129,
        "median": 925.927734375,
        "min": 21.533203125,
        "var": 2522471.25
    },
    "spectral_skewness": {
        "dmean": 0.179990172386,
        "dmean2": 0.282195746899,
        "dvar": 0.0478896610439,
        "dvar2": 0.115057274699,
        "max": 7.82640218735,
        "mean": 1.41081166267,
        "median": 1.38826990128,
        "min": -0.300825983286,
        "var": 0.366268336773
    },
    "spectral_spread": {
        "dmean": 472398.53125,
        "dmean2": 653394.4375,
        "dvar": 432810819584,
        "dvar2": 694575955968,
        "max": 40339164,
        "mean": 4877525.5,
        "median": 4605323,
        "min": 574252.6875,
        "var": 2.86820060365e+12
    },
    "spectral_strongpeak": {
        "dmean": 0.47478967905,
        "dmean2": 0.839029252529,
        "dvar": 1.0340038538,
        "dvar2": 2.67149496078,
        "max": 14.2385492325,
        "mean": 0.852291285992,
        "median": 0.439152687788,
        "min": 0,
        "var": 1.76661539078
    },
    "zerocrossingrate": {
        "dmean": 0.00954389106482,
        "dmean2": 0.0111456718296,
        "dvar": 0.000161037314683,
        "dvar2": 0.000171968305949,
        "max": 0.6513671875,
        "mean": 0.0593598783016,
        "median": 0.0517578125,
        "min": 0.0029296875,
        "var": 0.00146226969082
    },
    "barkbands": {
        "dmean": [0.000181083902135, 0.00608468055725, 0.00313474237919, 0.000997176859528, 0.00125061708968, 0.000757290632464, 0.000324505264871, 0.000477893423522, 0.000854932994116, 0.000737631635275, 0.000380397133995, 0.000420395022957, 0.00027512802626, 0.000366611435311, 0.000304362591123, 0.000223249342525, 0.000195548840566, 0.000291401869617, 0.000184404998436, 0.000145534897456, 0.00011660157179, 0.00012385804439, 0.000132353685331, 0.000102186088043, 4.66919263999e-05, 2.34901690419e-05, 5.62855632324e-07],
        "dmean2": [0.000297676364426, 0.00996962189674, 0.00516642211005, 0.00171385274734, 0.00209506019019, 0.00121244008187, 0.000515773834195, 0.000736196583603, 0.00131473864894, 0.0011346237734, 0.000579409708735, 0.000647244916763, 0.00043173355516, 0.000566207396332, 0.000472500745673, 0.000348685192876, 0.000297246529954, 0.000449352723081, 0.000284933048533, 0.000225078532821, 0.000183346972335, 0.000184410106158, 0.000192817940842, 0.000147521379404, 6.70451627229e-05, 3.13740456477e-05, 9.00099337287e-07],
        "dvar": [1.00824399851e-06, 0.000214278392377, 2.19233043026e-05, 2.51451115219e-06, 5.89947831031e-06, 1.55438863203e-06, 6.15207511601e-07, 1.57198905981e-06, 4.05686159866e-06, 3.6399687815e-06, 1.45347587477e-06, 1.20029005757e-06, 5.64032063721e-07, 1.06615323148e-06, 6.00426517394e-07, 3.02733781155e-07, 3.09996607939e-07, 4.41672256102e-07, 1.56282624175e-07, 1.01214453707e-07, 6.21059612627e-08, 1.54948892828e-07, 1.3975471802e-07, 8.73847483263e-08, 1.90399394029e-08, 3.89086851627e-09, 3.6425168437e-12],
        "dvar2": [2.8255349207e-06, 0.000542624562513, 6.1816215748e-05, 6.95894232194e-06, 1.64113316714e-05, 3.80444294024e-06, 1.51495748923e-06, 3.47676518686e-06, 9.13442090678e-06, 7.57644465921e-06, 2.72929855782e-06, 2.66730285148e-06, 1.27174644149e-06, 2.48974151873e-06, 1.34474805691e-06, 6.67281540245e-07, 6.41283691039e-07, 9.68727590589e-07, 3.61194224752e-07, 2.47552122801e-07, 1.42312501339e-07, 3.19179974895e-07, 2.6019932875e-07, 1.75174449168e-07, 3.89091354691e-08, 7.08199721089e-09, 8.68693571937e-12],
        "max": [0.065003708005, 0.183487027884, 0.0705120489001, 0.0206793174148, 0.04279146716, 0.0255438126624, 0.0200381185859, 0.0340096205473, 0.039257530123, 0.042761720717, 0.0334682613611, 0.0350792966783, 0.0209497362375, 0.0369320996106, 0.0161536224186, 0.0136320246384, 0.022785384208, 0.0221190396696, 0.00804920773953, 0.00912283640355, 0.00651229871437, 0.0101155964658, 0.0123664774001, 0.00930128805339, 0.00568979419768, 0.00128345901612, 3.78690674552e-05],
        "mean": [0.000180695133167, 0.0091502815485, 0.00655215326697, 0.00142645416781, 0.00223626173101, 0.00142034085002, 0.000525693350937, 0.00082067999756, 0.00154192768969, 0.00132557773031, 0.00065482390346, 0.000806175929029, 0.000493744795676, 0.000661645724904, 0.000519585097209, 0.000389213848393, 0.000387296575354, 0.000568664690945, 0.000363013386959, 0.000356604345143, 0.000257564883213, 0.000259903841652, 0.000292514509056, 0.000216801519855, 8.72806704137e-05, 4.00707504014e-05, 5.54178825496e-07],
        "median": [2.0183462766e-05, 0.00483763962984, 0.00433752685785, 0.000826552102808, 0.00147741322871, 0.00080876913853, 0.000185254437383, 0.00023115343356, 0.000382456521038, 0.000269259558991, 0.000126128390548, 0.000222382223001, 0.000133870897116, 0.000142037810292, 0.000126775790704, 0.000117357812996, 0.000111107234261, 0.000167356338352, 0.00012774640345, 0.000119055795949, 8.28153351904e-05, 5.74638906983e-05, 8.01630085334e-05, 5.91595089645e-05, 2.02550600079e-05, 5.81645463171e-06, 6.16112849627e-09],
        "min": [4.70184370908e-24, 6.70981183496e-24, 8.36177097861e-24, 7.43375658743e-24, 2.6674100887e-23, 3.82300801114e-23, 3.1143701579e-23, 2.10437544819e-23, 3.99551642944e-23, 7.50222498083e-23, 6.49901794589e-23, 7.02222836355e-23, 6.46918953734e-23, 1.05947048797e-22, 7.30979719359e-23, 1.09664098274e-22, 1.64271700706e-22, 1.2118602395e-22, 2.07667204159e-22, 2.77043860459e-22, 4.09954705111e-22, 4.82970585025e-22, 5.17476799902e-22, 6.95480322292e-22, 1.02564398089e-21, 1.49074314299e-21, 2.19467697447e-21],
        "var": [1.22837900562e-06, 0.000229599900194, 4.89033773192e-05, 3.34629794452e-06, 7.27823271518e-06, 3.56910527444e-06, 1.1296485809e-06, 4.03875810662e-06, 1.21121374832e-05, 1.0919475244e-05, 4.4335702114e-06, 4.00513818022e-06, 1.65029643995e-06, 2.93803145723e-06, 1.60406636951e-06, 7.17209502454e-07, 1.16367687042e-06, 1.18345917599e-06, 4.17768404759e-07, 4.11793848798e-07, 2.13193473542e-07, 5.12114979756e-07, 5.12471672209e-07, 2.40009796926e-07, 4.62948683833e-08, 9.22891718602e-09, 4.08227358167e-12]
    },
    "erbbands": {
        "dmean": [0.140611305833, 1.532533288, 3.71709227562, 3.05406689644, 3.84537410736, 4.48407506943, 5.91019058228, 6.46202802658, 4.46695518494, 6.21679210663, 11.7214040756, 17.5553836823, 24.3524665833, 17.384054184, 15.4886894226, 15.3811769485, 12.0435504913, 15.0241928101, 16.2213859558, 12.7761631012, 11.22701931, 9.90474891663, 12.7336835861, 13.4929513931, 5.69887495041, 7.68561935425, 5.4033241272, 3.81550312042, 4.41736793518, 4.48364591599, 3.86777687073, 2.4532148838, 1.55719542503, 0.731560945511, 0.225832119584, 0.139703050256, 0.0327012091875, 0.00384456128813, 9.54875504249e-05, 1.37503084261e-05],
        "dmean2": [0.227365463972, 2.56846547127, 6.21496534348, 5.13133525848, 6.60207891464, 7.48296260834, 9.65141010284, 10.266078949, 7.21270799637, 9.45802021027, 17.9206161499, 26.8400058746, 37.2750091553, 26.1060009003, 23.1125831604, 23.5463352203, 18.6397151947, 22.8808269501, 25.2389774323, 19.7456684113, 17.2497901917, 14.5228338242, 19.0272445679, 20.6223258972, 8.68572044373, 11.9421405792, 8.42905235291, 5.97334480286, 6.67325019836, 6.47591781616, 5.70342159271, 3.59369659424, 2.27328276634, 1.07874524593, 0.325535982847, 0.190032184124, 0.0449365116656, 0.00547118950635, 0.000134301575599, 2.13139082916e-05],
        "dvar": [0.180431231856, 12.7170448303, 36.6811408997, 18.8264961243, 75.8270797729, 65.6058883667, 93.1375656128, 144.34147644, 127.16078949, 234.377059937, 825.655151367, 1940.11633301, 4106.23632812, 2191.80419922, 1645.37219238, 1418.73840332, 1192.70849609, 1875.01208496, 1911.42175293, 904.613586426, 804.805358887, 814.258239746, 1021.89935303, 791.593933105, 146.508926392, 323.499145508, 148.588607788, 89.3045501709, 209.902954102, 196.453857422, 122.352874756, 60.2302055359, 22.1719379425, 6.15505933762, 0.375826060772, 0.159758731723, 0.0067968792282, 0.00010987832502, 7.5189014126e-08, 4.98004415483e-10],
        "dvar2": [0.415534168482, 34.7860984802, 105.652259827, 52.9005661011, 216.715591431, 177.634567261, 238.420761108, 337.444519043, 336.477478027, 498.660675049, 1812.75561523, 4251.37451172, 9484.23339844, 4618.21435547, 3325.42871094, 3212.83520508, 2755.33984375, 4362.58154297, 4867.24072266, 2010.67016602, 1785.99609375, 1595.2109375, 2152.43847656, 1783.45678711, 343.033050537, 798.444091797, 347.883758545, 207.530471802, 469.669219971, 360.037567139, 250.335754395, 131.563323975, 45.6809959412, 12.7204828262, 0.792619347572, 0.305402636528, 0.0130078587681, 0.000219365538214, 1.5442620338e-07, 1.13208531438e-09],
        "max": [5.23643112183, 44.2679367065, 86.5731887817, 53.7210388184, 175.241989136, 152.449737549, 183.838394165, 271.586303711, 196.026855469, 401.934906006, 723.516601562, 1227.13110352, 1835.30187988, 1209.29858398, 1126.21179199, 881.196289062, 1124.38024902, 2026.45556641, 1244.34020996, 753.468261719, 678.450195312, 960.544921875, 1288.88000488, 543.816223145, 379.08480835, 572.49822998, 336.683349609, 246.970901489, 407.981292725, 424.610931396, 357.5418396, 340.228607178, 129.78453064, 122.041030884, 18.0358905792, 8.24982643127, 1.73225188255, 0.189442828298, 0.00662693707272, 0.000328844849719],
        "mean": [0.188020601869, 2.36370611191, 7.53795671463, 5.92072629929, 5.67201948166, 7.7865562439, 10.6883869171, 11.5217514038, 7.33320617676, 11.3626689911, 20.9279632568, 32.4566268921, 45.7786369324, 35.139881134, 29.9180698395, 30.8875236511, 24.1995010376, 28.6864700317, 33.8320617676, 23.7101192474, 21.6660022736, 22.0456638336, 28.2709026337, 28.7768039703, 14.1319885254, 18.1770496368, 12.7272424698, 8.56087493896, 9.10769557953, 9.41675567627, 8.25077152252, 5.27403259277, 3.11395072937, 1.37119650841, 0.414764940739, 0.238588839769, 0.0544863417745, 0.0054782400839, 0.000150386724272, 4.48415048595e-05],
        "median": [0.0780369192362, 1.40358054638, 5.24442529678, 4.16451835632, 3.40360450745, 4.61420536041, 6.14743995667, 5.82680511475, 3.1938419342, 4.20949459076, 7.01707458496, 9.13067436218, 10.740026474, 9.56209564209, 8.650806427, 9.8371591568, 7.49280118942, 7.96276378632, 7.32574367523, 7.53014373779, 7.12010860443, 6.85299015045, 9.15209770203, 9.53570556641, 5.70595359802, 5.94537448883, 4.37224531174, 2.74539160728, 2.0739235878, 2.3105764389, 2.18640971184, 1.38762533665, 0.817363500595, 0.329846769571, 0.0864523053169, 0.0380555838346, 0.00732125341892, 0.000433707900811, 3.27197922161e-05, 3.79658340535e-05],
        "min": [1.93988936664e-22, 1.60601609279e-21, 6.63542678912e-21, 1.71394100899e-20, 9.39034430675e-20, 9.23042250624e-20, 1.59469009593e-19, 3.71884247533e-19, 4.38677039894e-19, 4.50008845599e-19, 4.55972404226e-19, 8.99062711181e-19, 2.1770856055e-18, 2.85882243056e-18, 2.97313010582e-18, 2.38861988316e-18, 3.1108219702e-18, 4.82529482401e-18, 5.22241720506e-18, 4.48643739095e-18, 6.20289423746e-18, 9.96995498354e-18, 7.00180347103e-18, 8.68178165253e-18, 1.350713562e-17, 1.06044554529e-17, 1.13571228087e-17, 1.95218297244e-17, 1.53316288719e-17, 1.56545668005e-17, 1.59207833001e-17, 1.41819272298e-17, 1.33115429739e-17, 9.93240842836e-18, 8.39642088481e-18, 4.69294923473e-18, 2.95148278919e-18, 1.36736532811e-18, 2.70536140178e-19, 3.11860984982e-20],
        "var": [0.193236663938, 12.2791852951, 61.0867271423, 35.0677452087, 70.0908966064, 100.526611328, 201.668685913, 314.046539307, 177.926849365, 618.770812988, 2263.07836914, 6195.61962891, 12099.1123047, 7948.65087891, 5831.97460938, 4615.07324219, 3665.94067383, 4604.81787109, 8162.2109375, 2404.04443359, 2097.37280273, 3176.76757812, 3388.34985352, 2260.56054688, 565.647521973, 1117.29223633, 509.906433105, 307.373260498, 612.770141602, 683.547546387, 399.971710205, 144.759643555, 56.8834533691, 14.4107904434, 0.83163946867, 0.351773262024, 0.0155596872792, 0.000201992108487, 1.31412392079e-07, 1.23088994552e-09]
    },
    "gfcc": {
        "mean": [-2.20713543892, 92.0625915527, -115.55140686, 45.511806488, -57.7829589844, 26.6790771484, -33.0055236816, 13.1582784653, -23.0961952209, -3.50245833397, -14.5056200027, -2.61106967926, -10.1233272552],
        "cov": [[8145.12255859, -1023.11126709, 592.19732666, 764.408630371, -93.0648803711, 291.119110107, -198.011230469, 400.619354248, -309.733825684, 162.656021118, -113.437400818, 119.159362793, -194.207855225], [-1023.11126709, 1252.43200684, 156.329940796, 16.7641773224, 254.36579895, -110.962623596, 147.284637451, -111.754447937, 100.284378052, -112.385162354, 160.682891846, -95.5820159912, 82.911239624], [592.19732666, 156.329940796, 1152.02038574, 454.585510254, 88.9657974243, 123.897918701, -63.0754585266, -19.9463005066, -2.33428263664, 29.2054538727, -42.0256347656, 131.915283203, -48.7986907959], [764.408630371, 16.7641773224, 454.585510254, 607.20501709, 94.3072814941, 99.9812469482, -4.04086685181, 38.0654907227, 42.6784248352, -26.6570148468, 21.6947517395, 33.3621711731, 31.651971817], [-93.0648803711, 254.36579895, 88.9657974243, 94.3072814941, 312.071624756, 18.8469772339, 60.7547912598, 8.71564388275, -11.7976961136, 16.3073139191, 25.7693977356, -22.5334453583, 21.8950099945], [291.119110107, -110.962623596, 123.897918701, 99.9812469482, 18.8469772339, 201.412216187, 58.8065834045, -10.4770689011, -12.2563438416, 11.5413427353, -8.54120349884, 8.16644477844, -0.00626253988594], [-198.011230469, 147.284637451, -63.0754585266, -4.04086685181, 60.7547912598, 58.8065834045, 209.614715576, 9.97315216064, -8.30774879456, -9.11907958984, 20.5463466644, -42.8584365845, 14.6853380203], [400.619354248, -111.754447937, -19.9463005066, 38.0654907227, 8.71564388275, -10.4770689011, 9.97315216064, 165.385269165, 20.5134620667, -17.7776107788, -15.1169595718, 0.198546946049, 4.49350452423], [-309.733825684, 100.284378052, -2.33428263664, 42.6784248352, -11.7976961136, -12.2563438416, -8.30774879456, 20.5134620667, 146.518341064, -22.315694809, 12.1920623779, -0.564780175686, 19.6760997772], [162.656021118, -112.385162354, 29.2054538727, -26.6570148468, 16.3073139191, 11.5413427353, -9.11907958984, -17.7776107788, -22.315694809, 136.209838867, -2.65790486336, 20.0805187225, -23.5108146667], [-113.437400818, 160.682891846, -42.0256347656, 21.6947517395, 25.7693977356, -8.54120349884, 20.5463466644, -15.1169595718, 12.1920623779, -2.65790486336, 109.656280518, -6.41020965576, 19.7322635651], [119.159362793, -95.5820159912, 131.915283203, 33.3621711731, -22.5334453583, 8.16644477844, -42.8584365845, 0.198546946049, -0.564780175686, 20.0805187225, -6.41020965576, 120.178993225, 5.7544131279], [-194.207855225, 82.911239624, -48.7986907959, 31.651971817, 21.8950099945, -0.00626253988594, 14.6853380203, 4.49350452423, 19.6760997772, -23.5108146667, 19.7322635651, 5.7544131279, 98.2962799072]],
        "icov": [[0.000258735235548, -0.00023417302873, 0.00019714665541, -0.000477234541904, 0.000300547602819, -0.000500948808622, 0.000461133779027, -0.000867915980052, 0.000814623897895, -0.000449464045232, 0.000251783378189, -0.000204637806746, 0.000554932281375], [-0.00023417302873, 0.00326041644439, -0.00171233108267, 0.00155593664385, -0.00214642751962, 0.00290382513776, -0.00236412906088, 0.00300069293007, -0.00269818562083, 0.00267352163792, -0.00351764261723, 0.00227943900973, -0.00211729365401], [0.00019714665541, -0.00171233108267, 0.00257986364886, -0.00208044843748, 0.000767945603002, -0.00197586906143, 0.00155216013081, -0.00129840394948, 0.00163579464424, -0.0014649820514, 0.00249806884676, -0.00270783551969, 0.0024200049229], [-0.000477234541904, 0.00155593664385, -0.00208044843748, 0.00420099217445, -0.00165577733424, 0.000850165553857, -0.00116165354848, 0.00161431077868, -0.00277449772693, 0.00216926843859, -0.0025663045235, 0.00165885000024, -0.00267996289767], [0.000300547602819, -0.00214642751962, 0.000767945603002, -0.00165577733424, 0.00539111346006, -0.00170640554279, 0.000712638080586, -0.00262944842689, 0.00265098572709, -0.00277031911537, 0.00167983828578, -0.000468280253699, 0.0006284074625], [-0.000500948808622, 0.00290382513776, -0.00197586906143, 0.000850165553857, -0.00170640554279, 0.00938121788204, -0.00469817779958, 0.00412397133186, -0.00269083958119, 0.00205824174918, -0.00223148940131, 0.00173972698394, -0.00242263521068], [0.000461133779027, -0.00236412906088, 0.00155216013081, -0.00116165354848, 0.000712638080586, -0.00469817779958, 0.00839442387223, -0.00357467052527, 0.00298767047934, -0.00189749721903, 0.00153494917322, 7.78951725806e-05, 0.00143547868356], [-0.000867915980052, 0.00300069293007, -0.00129840394948, 0.00161431077868, -0.00262944842689, 0.00412397133186, -0.00357467052527, 0.0111905112863, -0.00493415957317, 0.00376612017862, -0.00175327912439, 0.00153858587146, -0.00265140715055], [0.000814623897895, -0.00269818562083, 0.00163579464424, -0.00277449772693, 0.00265098572709, -0.00269083958119, 0.00298767047934, -0.00493415957317, 0.0113338874653, -0.00218004593626, 0.00218553934246, -0.00177057122346, 0.00165415543597], [-0.000449464045232, 0.00267352163792, -0.0014649820514, 0.00216926843859, -0.00277031911537, 0.00205824174918, -0.00189749721903, 0.00376612017862, -0.00218004593626, 0.0108555452898, -0.00313192326576, 0.000253767473623, -0.000193667015992], [0.000251783378189, -0.00351764261723, 0.00249806884676, -0.0025663045235, 0.00167983828578, -0.00223148940131, 0.00153494917322, -0.00175327912439, 0.00218553934246, -0.00313192326576, 0.0142138395458, -0.00282256142236, 0.00113288685679], [-0.000204637806746, 0.00227943900973, -0.00270783551969, 0.00165885000024, -0.000468280253699, 0.00173972698394, 7.78951725806e-05, 0.00153858587146, -0.00177057122346, 0.000253767473623, -0.00282256142236, 0.0126551995054, -0.00394211523235], [0.000554932281375, -0.00211729365401, 0.0024200049229, -0.00267996289767, 0.0006284074625, -0.00242263521068, 0.00143547868356, -0.00265140715055, 0.00165415543597, -0.000193667015992, 0.00113288685679, -0.00394211523235, 0.0145125314593]]
    },
    "melbands": {
        "dmean": [0.00148196250666, 0.00193809170742, 0.000533914950211, 0.000282214343315, 0.000198276393348, 0.000141167343827, 6.7559616582e-05, 7.49727842049e-05, 0.000100537414255, 0.000119503660244, 0.000123912846902, 7.4996103649e-05, 5.37124651601e-05, 5.3028070397e-05, 3.38530044246e-05, 2.72575216513e-05, 3.08527123707e-05, 3.009494867e-05, 2.19615685637e-05, 1.55463294504e-05, 1.44891610034e-05, 1.08651283881e-05, 1.34662996061e-05, 1.41473474287e-05, 1.2304683878e-05, 5.67700317333e-06, 4.92201070301e-06, 5.60722810405e-06, 3.77173205379e-06, 3.07383652398e-06, 2.3006380161e-06, 2.80918129647e-06, 2.52815402746e-06, 2.72336069429e-06, 2.76690411738e-06, 1.60978231634e-06, 1.58862178523e-06, 1.19930507481e-06, 9.56886196946e-07, 5.49766639324e-07],
        "dmean2": [0.0024130793754, 0.00327662983909, 0.000901589111891, 0.00047981145326, 0.000325122877257, 0.000224541930947, 0.000108312589873, 0.000114501322969, 0.000152816021, 0.00018253273447, 0.000189230355318, 0.000113562098704, 8.04826631793e-05, 7.98150213086e-05, 5.21290676261e-05, 4.16217735619e-05, 4.69157057523e-05, 4.72480824101e-05, 3.38425415976e-05, 2.40469889832e-05, 2.23982460739e-05, 1.62944397744e-05, 1.97078861675e-05, 2.17320739466e-05, 1.89740912901e-05, 8.94501408766e-06, 7.71012582845e-06, 8.80362404132e-06, 5.96148220211e-06, 4.84009524371e-06, 3.63777371604e-06, 4.38578899775e-06, 3.80046344617e-06, 3.97802341467e-06, 4.19520847572e-06, 2.3775878617e-06, 2.39610835706e-06, 1.78885204605e-06, 1.43429360833e-06, 8.33844296722e-07],
        "dvar": [1.51026733874e-05, 1.27910461742e-05, 5.87920908401e-07, 3.69512179077e-07, 9.45040312672e-08, 6.48407905146e-08, 2.60999222235e-08, 3.52318920704e-08, 5.53177557094e-08, 8.4073874973e-08, 1.03249682581e-07, 4.2120277044e-08, 2.39731221541e-08, 2.11862012378e-08, 7.78702879956e-09, 5.78695491527e-09, 8.94862406398e-09, 7.37568273124e-09, 3.20411341903e-09, 1.53291568328e-09, 1.46844358895e-09, 1.1182803572e-09, 2.02368988234e-09, 1.05138098228e-09, 7.22852999679e-10, 1.76203607261e-10, 1.5739613779e-10, 1.70873717953e-10, 7.18334489114e-11, 5.67037389265e-11, 4.11791260813e-11, 8.91768117683e-11, 7.94171534091e-11, 6.80493508765e-11, 6.7961025696e-11, 1.80142099154e-11, 2.90596088859e-11, 1.46042501009e-11, 8.46222571182e-12, 4.81253535287e-12],
        "dvar2": [3.6201927287e-05, 3.65723353752e-05, 1.64084269727e-06, 1.04256355371e-06, 2.4286080702e-07, 1.54358943405e-07, 6.74912215004e-08, 7.60061453775e-08, 1.20393977454e-07, 1.84940404324e-07, 2.38028732724e-07, 8.77666934684e-08, 4.70303334055e-08, 4.58583215845e-08, 1.71732068566e-08, 1.25821664199e-08, 2.09014796582e-08, 1.87716100442e-08, 7.1780981159e-09, 3.35910743665e-09, 3.33577676592e-09, 2.2958146495e-09, 3.84682774524e-09, 2.37538699821e-09, 1.6495370625e-09, 4.21521956229e-10, 3.92843146901e-10, 4.24913548791e-10, 1.67539038198e-10, 1.28164007185e-10, 9.7350447148e-11, 2.19185891659e-10, 1.59153842882e-10, 1.29281571559e-10, 1.47075546186e-10, 3.9092784565e-11, 6.49177170353e-11, 3.15774732751e-11, 1.90097538405e-11, 1.06872019914e-11],
        "max": [0.0499409362674, 0.0460802577436, 0.0106939561665, 0.0111188655719, 0.0052415295504, 0.00536546902731, 0.00340707297437, 0.00560977077112, 0.00501350685954, 0.00707223871723, 0.00897748395801, 0.00480707501993, 0.00516174221411, 0.0045474586077, 0.00248227198608, 0.00199122261256, 0.00451948773116, 0.00246665091254, 0.00147518154699, 0.00109497876838, 0.00103183672763, 0.0011407264974, 0.00171248742845, 0.000855095218867, 0.000541137065738, 0.000410442909924, 0.000396839546738, 0.000411985587562, 0.000266800372628, 0.000242018752033, 0.000163792676176, 0.00028798673884, 0.000248616444878, 0.000263852241915, 0.000255074963206, 0.000157271657372, 0.000191048369743, 0.000128726562252, 7.60131297284e-05, 0.000111384193588],
        "mean": [0.00217136414722, 0.00376175902784, 0.00107422529254, 0.000470966595458, 0.000377141259378, 0.000256372528384, 0.000112806999823, 0.000136390081025, 0.000173043285031, 0.000217643086216, 0.000229076875257, 0.00014520600962, 9.81149423751e-05, 9.88965985016e-05, 5.9415022406e-05, 4.92157669214e-05, 5.31836376467e-05, 5.83716282563e-05, 3.63863946404e-05, 2.5789544452e-05, 2.5256013032e-05, 2.05228043342e-05, 2.61569202848e-05, 2.76787704934e-05, 2.35666138906e-05, 1.11818371806e-05, 1.05946692202e-05, 1.20262347991e-05, 8.18935222924e-06, 5.99060194872e-06, 4.6312466111e-06, 5.29721592102e-06, 4.85368127556e-06, 5.39557686352e-06, 5.33862021257e-06, 3.36865900863e-06, 3.10578207063e-06, 2.25891562877e-06, 1.71467036125e-06, 9.4946955187e-07],
        "median": [0.0010542627424, 0.00285129179247, 0.000803822185844, 0.000301582884276, 0.000231963902479, 0.000136723858304, 4.78772744827e-05, 4.71724633826e-05, 5.46065421076e-05, 5.30983052158e-05, 4.82849754917e-05, 3.28903006448e-05, 2.26837146329e-05, 2.64479567704e-05, 1.68786827999e-05, 1.44915265992e-05, 1.28355231936e-05, 1.0126491361e-05, 9.41836151469e-06, 8.04682713351e-06, 7.42644169804e-06, 6.32230239717e-06, 6.53123788652e-06, 8.1850494098e-06, 7.10363565304e-06, 4.03580042985e-06, 3.4700717606e-06, 3.68028076991e-06, 2.53759958468e-06, 1.81311543201e-06, 1.28723297621e-06, 1.11551958071e-06, 1.00499664768e-06, 1.30764510686e-06, 1.34498554871e-06, 8.57882980654e-07, 7.91945922174e-07, 5.70786482967e-07, 4.14973214902e-07, 2.02735009225e-07],
        "min": [2.26858824465e-24, 3.32650534717e-24, 4.59935095597e-24, 6.94603307758e-24, 5.16169124112e-24, 8.54961848166e-24, 6.80300391799e-24, 4.93584588598e-24, 3.43607970463e-24, 6.0218564947e-24, 1.07712716718e-23, 1.33394154485e-23, 1.05958700273e-23, 8.43603907739e-24, 5.28867181445e-24, 8.15559508128e-24, 9.67303371906e-24, 9.43277666405e-24, 5.46344828674e-24, 7.04148524711e-24, 6.53966992049e-24, 1.07871490753e-23, 7.32560139074e-24, 5.69825983493e-24, 7.00387314801e-24, 9.20199540623e-24, 1.08473446844e-23, 6.14743841765e-24, 5.63491745968e-24, 9.50468764645e-24, 1.07431046043e-23, 7.89028774822e-24, 9.24958738464e-24, 7.77718244935e-24, 9.03337086571e-24, 9.78991766167e-24, 7.65702788943e-24, 8.83562158057e-24, 5.60384501748e-24, 9.25460059569e-24],
        "var": [1.64793145814e-05, 1.52531056301e-05, 1.04206390006e-06, 3.90801460526e-07, 2.0607285478e-07, 1.41099803841e-07, 4.06198061853e-08, 8.84645885435e-08, 1.45010147889e-07, 2.68306934004e-07, 3.10994352049e-07, 1.53897659061e-07, 8.54683364082e-08, 6.99456492725e-08, 1.99464604833e-08, 1.57944697321e-08, 1.9259729811e-08, 3.03209937158e-08, 7.52828643868e-09, 3.31215299632e-09, 3.55627549631e-09, 3.14547277114e-09, 6.85757983732e-09, 2.62827515307e-09, 1.80996784227e-09, 4.36150809913e-10, 4.91738538777e-10, 5.21066079173e-10, 2.43472242367e-10, 1.39677894251e-10, 1.22699836402e-10, 2.14135292831e-10, 2.22195289945e-10, 2.23024917978e-10, 1.93692353823e-10, 5.06476215134e-11, 6.03530003751e-11, 3.28333089883e-11, 1.89025288477e-11, 8.89327327058e-12]
    },
    "mfcc": {
        "mean": [-640.567565918, 111.737632751, 8.09567546844, 23.213640213, 7.64147186279, 10.097325325, 6.39274072647, 12.9465723038, -0.0225631613284, 5.9289431572, -1.54708623886, -0.369780480862, -4.87546157837],
        "cov": [[7019.98095703, -1016.26611328, 264.559051514, 428.212005615, 152.433868408, -28.3137454987, 191.420898438, 98.1980056763, -73.9203872681, 203.154647827, -95.0167312622, -3.25376701355, 67.7866439819], [-1016.26611328, 1089.7668457, -10.3026027679, 105.406890869, 80.4779052734, 15.776175499, 76.767074585, 5.8904466629, -36.7373847961, 17.3806991577, 20.9351959229, -13.0548753738, 11.4821634293], [264.559051514, -10.3026027679, 940.328063965, 297.4453125, 189.658920288, 188.957138062, -52.0546073914, 77.1193313599, -16.2877864838, -74.8045120239, 15.5294332504, 18.6754264832, 46.7128067017], [428.212005615, 105.406890869, 297.4453125, 473.652099609, 201.296585083, 82.3045806885, 56.2531089783, 69.2060623169, 23.4447231293, 17.9810333252, -12.4884901047, 29.9132804871, 29.6204013824], [152.433868408, 80.4779052734, 189.658920288, 201.296585083, 281.068695068, 41.7064704895, 9.74201774597, 37.0598373413, 15.8100566864, -1.51047646999, -17.0247020721, 24.2593574524, 16.0615253448], [-28.3137454987, 15.776175499, 188.957138062, 82.3045806885, 41.7064704895, 267.577392578, 68.5058517456, 8.51181602478, 9.84398460388, -10.817615509, 34.8710441589, -12.6832952499, 9.37320232391], [191.420898438, 76.767074585, -52.0546073914, 56.2531089783, 9.74201774597, 68.5058517456, 227.246856689, 14.7428274155, 3.49793219566, 46.9827842712, 0.820835113525, -10.4453010559, -7.10736989975], [98.1980056763, 5.8904466629, 77.1193313599, 69.2060623169, 37.0598373413, 8.51181602478, 14.7428274155, 158.888092041, 34.5715293884, 11.2996683121, -2.05676484108, -1.09180176258, -2.26994967461], [-73.9203872681, -36.7373847961, -16.2877864838, 23.4447231293, 15.8100566864, 9.84398460388, 3.49793219566, 34.5715293884, 129.702651978, 10.2060022354, 1.33048200607, 3.02321314812, -7.18297719955], [203.154647827, 17.3806991577, -74.8045120239, 17.9810333252, -1.51047646999, -10.817615509, 46.9827842712, 11.2996683121, 10.2060022354, 132.231002808, 11.972779274, -22.1164150238, -3.89325213432], [-95.0167312622, 20.9351959229, 15.5294332504, -12.4884901047, -17.0247020721, 34.8710441589, 0.820835113525, -2.05676484108, 1.33048200607, 11.972779274, 94.8487014771, 16.0533046722, -7.93223953247], [-3.25376701355, -13.0548753738, 18.6754264832, 29.9132804871, 24.2593574524, -12.6832952499, -10.4453010559, -1.09180176258, 3.02321314812, -22.1164150238, 16.0533046722, 100.817100525, 17.7766132355], [67.7866439819, 11.4821634293, 46.7128067017, 29.6204013824, 16.0615253448, 9.37320232391, -7.10736989975, -2.26994967461, -7.18297719955, -3.89325213432, -7.93223953247, 17.7766132355, 79.7968521118]],
