{
"lowlevel": {
    "average_loudness": 0.931188881397,
    "barkbands_crest": {
        "dmean": 3.75578975677,
        "dmean2": 6.3544754982,
        "dvar": 9.57204532623,
        "dvar2": 26.8538475037,
        "max": 25.3966693878,
        "mean": 11.2544574738,
        "median": 10.5410518646,
        "min": 2.01137590408,
        "var": 23.9018745422
    },
    "barkbands_flatness_db": {
        "dmean": 0.0269126407802,
        "dmean2": 0.0445939823985,
        "dvar": 0.000537044892553,
        "dvar2": 0.00150245754048,
        "max": 0.386585742235,
        "mean": 0.12117896229,
        "median": 0.118095174432,
        "min": 0.0171841569245,
        "var": 0.0016485163942
    },
    "barkbands_kurtosis": {
        "dmean": 3.23190927505,
        "dmean2": 5.50325775146,
        "dvar": 42.5036659241,
        "dvar2": 119.26940918,
        "max": 169.988433838,
        "mean": 2.95589900017,
        "median": 0.638915061951,
        "min": -1.94996511936,
        "var": 56.24010849
    },
    "barkbands_skewness": {
        "dmean": 0.705678105354,
        "dmean2": 1.15184617043,
        "dvar": 0.514657974243,
        "dvar2": 1.38196277618,
        "max": 11.4404020309,
        "mean": 1.29178345203,
        "median": 1.04737603664,
        "min": -2.81908202171,
        "var": 1.6396394968
    },
    "barkbands_spread": {
        "dmean": 9.17301559448,
        "dmean2": 14.7301130295,
        "dvar": 89.747428894,
        "dvar2": 200.073791504,
        "max": 127.972930908,
        "mean": 31.4772262573,
        "median": 28.5297546387,
        "min": 0.902403771877,
        "var": 308.519836426
    },
    "dissonance": {
        "dmean": 0.016912901774,
        "dmean2": 0.0289308670908,
        "dvar": 0.00035972558544,
        "dvar2": 0.000958730583079,
        "max": 0.500000119209,
        "mean": 0.476215153933,
        "median": 0.483867406845,
        "min": 0,
        "var": 0.000594199169427
    },
    "dynamic_complexity": 3.22374248505,
    "erbbands_crest": {
        "dmean": 3.04115533829,
        "dmean2": 4.94596290588,
        "dvar": 8.34679985046,
        "dvar2": 20.339881897,
        "max": 30.8541088104,
        "mean": 9.3012342453,
        "median": 7.74020767212,
        "min": 2.13051462173,
        "var": 30.099521637
    },
    "erbbands_flatness_db": {
        "dmean": 0.01792328991,
        "dmean2": 0.0269629303366,
        "dvar": 0.00026905364939,
        "dvar2": 0.000565788941458,
        "max": 0.348382771015,
        "mean": 0.137269571424,
        "median": 0.126520350575,
        "min": 0.0518047064543,
        "var": 0.00229390384629
    },
    "erbbands_kurtosis": {
        "dmean": 1.13383567333,
        "dmean2": 1.76885223389,
        "dvar": 2.34351086617,
        "dvar2": 5.40087795258,
        "max": 33.54454422,
        "mean": 1.05870807171,
        "median": 0.219656229019,
        "min": -1.57868897915,
        "var": 6.88936424255
    },
    "erbbands_skewness": {
        "dmean": 0.394185185432,
        "dmean2": 0.605685532093,
        "dvar": 0.125395819545,
        "dvar2": 0.293281435966,
        "max": 4.85194540024,
        "mean": 0.235575556755,
        "median": 0.148154437542,
        "min": -2.8929772377,
        "var": 0.660639822483
    },
    "erbbands_spread": {
        "dmean": 9.16012382507,
        "dmean2": 14.1742506027,
        "dvar": 83.9643249512,
        "dvar2": 187.537719727,
        "max": 171.990707397,
        "mean": 38.3348960876,
        "median": 35.5676040649,
        "min": 3.12591457367,
        "var": 402.805297852
    },
    "hfc": {
        "dmean": 11.2059993744,
        "dmean2": 16.8630180359,
        "dvar": 211.66796875,
        "dvar2": 487.157348633,
        "max": 165.559951782,
        "mean": 30.6505031586,
        "median": 25.5694656372,
        "min": 1.18954130739e-16,
        "var": 537.109191895
    },
    "melbands_crest": {
        "dmean": 5.02921009064,
        "dmean2": 8.56893825531,
        "dvar": 16.7584877014,
        "dvar2": 46.6400642395,
        "max": 37.9010353088,
        "mean": 16.8950767517,
        "median": 16.3624019623,
        "min": 2.39428806305,
        "var": 46.6695327759
    },
    "melbands_flatness_db": {
        "dmean": 0.0347327031195,
        "dmean2": 0.0571166314185,
        "dvar": 0.000864749716129,
        "dvar2": 0.0023465405684,
        "max": 0.424260258675,
        "mean": 0.16821283102,
        "median": 0.165599659085,
        "min": 0.00711764674634,
        "var": 0.00313509930857
    },
    "melbands_kurtosis": {
        "dmean": 10.6763753891,
        "dmean2": 18.1285057068,
        "dvar": 442.954071045,
        "dvar2": 1258.0925293,
        "max": 370.958190918,
        "mean": 14.2437591553,
        "median": 5.53303813934,
        "min": -1.73045110703,
        "var": 627.252685547
    },
    "melbands_skewness": {
        "dmean": 1.07764291763,
        "dmean2": 1.77071762085,
        "dvar": 1.34143590927,
        "dvar2": 3.65613222122,
        "max": 16.9144020081,
        "mean": 2.67307329178,
        "median": 2.19307875633,
        "min": -1.70116686821,
        "var": 4.50797128677
    },
    "melbands_spread": {
        "dmean": 11.3086013794,
        "dmean2": 18.5042591095,
        "dvar": 184.667541504,
        "dvar2": 441.136657715,
        "max": 238.107467651,
        "mean": 31.3626785278,
        "median": 27.7025966644,
        "min": 1.0429712534,
        "var": 467.033813477
    },
    "pitch_salience": {
        "dmean": 0.0960587486625,
        "dmean2": 0.163149669766,
        "dvar": 0.00679980963469,
        "dvar2": 0.0192880742252,
        "max": 0.99841940403,
        "mean": 0.508979976177,
        "median": 0.505305230618,
        "min": 0.0913232192397,
        "var": 0.0178536940366
    },
    "silence_rate_20dB": {
        "dmean": 0,
        "dmean2": 0,
        "dvar": 0,
        "dvar2": 0,
        "max": 1,
        "mean": 1,
        "median": 1,
        "min": 1,
        "var": 0
    },
    "silence_rate_30dB": {
        "dmean": 0.0264222808182,
        "dmean2": 0.0528508499265,
        "dvar": 0.0257266275585,
        "dvar2": 0.0664907544851,
        "max": 1,
        "mean": 0.980840146542,
        "median": 1,
        "min": 0,
        "var": 0.0187920425087
    },
    "silence_rate_60dB": {
        "dmean": 0.0116638895124,
        "dmean2": 0.0233305562288,
        "dvar": 0.0115290805697,
        "dvar2": 0.0299305710942,
        "max": 1,
        "mean": 0.0474830418825,
        "median": 0,
        "min": 0,
        "var": 0.0452318228781
    },
    "spectral_centroid": {
        "dmean": 304.061920166,
        "dmean2": 468.479858398,
        "dvar": 102125.546875,
        "dvar2": 208907.921875,
        "max": 11082.1308594,
        "mean": 1832.02624512,
        "median": 1782.15917969,
        "min": 311.401611328,
        "var": 365970.1875
    },
    "spectral_complexity": {
        "dmean": 5.47726726532,
        "dmean2": 7.97845506668,
        "dvar": 33.9703216553,
        "dvar2": 61.8864364624,
        "max": 60,
        "mean": 22.7648468018,
        "median": 22,
        "min": 0,
        "var": 137.305160522
    },
    "spectral_decrease": {
        "dmean": 4.48057191349e-09,
        "dmean2": 7.64076446558e-09,
        "dvar": 3.26879510379e-17,
        "dvar2": 9.20878933957e-17,
        "max": 3.59189425376e-29,
        "mean": -9.17319642468e-09,
        "median": -6.83642298327e-09,
        "min": -4.63575027254e-08,
        "var": 6.37642432226e-17
    },
    "spectral_energy": {
        "dmean": 0.0175153501332,
        "dmean2": 0.0297776143998,
        "dvar": 0.000490005826578,
        "dvar2": 0.00136899738573,
        "max": 0.180273085833,
        "mean": 0.037401843816,
        "median": 0.0285376999527,
        "min": 1.06539223076e-20,
        "var": 0.000982789439149
    },
    "spectral_energyband_high": {
        "dmean": 0.000791286642198,
        "dmean2": 0.00117765390314,
        "dvar": 1.36841993026e-06,
        "dvar2": 3.10912832902e-06,
        "max": 0.0158990416676,
        "mean": 0.00161684281193,
        "median": 0.0010831077816,
        "min": 7.96685597607e-21,
        "var": 2.99394150716e-06
    },
    "spectral_energyband_low": {
        "dmean": 0.0140268336982,
        "dmean2": 0.0248488616198,
        "dvar": 0.000412262306781,
        "dvar2": 0.00121307582594,
        "max": 0.167605176568,
        "mean": 0.0203031469136,
        "median": 0.0099627347663,
        "min": 3.78663426589e-23,
        "var": 0.000621011888143
    },
    "spectral_energyband_middle_high": {
        "dmean": 0.00380183872767,
        "dmean2": 0.0058648744598,
        "dvar": 2.78595125565e-05,
        "dvar2": 6.58970966469e-05,
        "max": 0.0849407911301,
        "mean": 0.00975539814681,
        "median": 0.00578856421635,
        "min": 1.50953100772e-21,
        "var": 0.00010521231161
    },
    "spectral_energyband_middle_low": {
        "dmean": 0.00368837383576,
        "dmean2": 0.00584551133215,
        "dvar": 3.173893856e-05,
        "dvar2": 7.61512565077e-05,
        "max": 0.081683203578,
        "mean": 0.00652563432232,
        "median": 0.00417281500995,
        "min": 1.71876736351e-22,
        "var": 5.18832348462e-05
    },
    "spectral_entropy": {
        "dmean": 0.133723676205,
        "dmean2": 0.193971678615,
        "dvar": 0.0157706458122,
        "dvar2": 0.0299447067082,
        "max": 9.82431030273,
        "mean": 7.98652267456,
        "median": 8.00241947174,
        "min": 6.56915378571,
        "var": 0.0938977226615
    },
    "spectral_flux": {
        "dmean": 0.0321778543293,
        "dmean2": 0.0518878251314,
        "dvar": 0.0012821231503,
        "dvar2": 0.00290099927224,
        "max": 0.385358840227,
        "mean": 0.114313080907,
        "median": 0.104586616158,
        "min": 1.03217837055e-10,
        "var": 0.00351517391391
    },
    "spectral_kurtosis": {
        "dmean": 0.778682112694,
        "dmean2": 1.24325203896,
        "dvar": 0.610183238983,
        "dvar2": 1.53117108345,
        "max": 18.1758213043,
        "mean": 2.75681114197,
        "median": 2.58105802536,
        "min": -1.38683307171,
        "var": 2.20843338966
    },
    "spectral_rms": {
        "dmean": 0.00129759276751,
        "dmean2": 0.0021328649018,
        "dvar": 1.84320072094e-06,
        "dvar2": 4.76410605188e-06,
        "max": 0.0132618313655,
        "mean": 0.00549408607185,
        "median": 0.00527651980519,
        "min": 3.2239835801e-12,
        "var": 6.30463682683e-06
    },
    "spectral_rolloff": {
        "dmean": 776.31036377,
        "dmean2": 1274.5378418,
        "dvar": 1536466.375,
        "dvar2": 3042343.25,
        "max": 18669.2871094,
        "mean": 1934.21484375,
        "median": 1485.79101562,
        "min": 21.533203125,
        "var": 3939519.5
    },
    "spectral_skewness": {
        "dmean": 0.145016074181,
        "dmean2": 0.223738342524,
        "dvar": 0.0184643771499,
        "dvar2": 0.0404350347817,
        "max": 3.10706186295,
        "mean": 1.36180365086,
        "median": 1.35179698467,
        "min": -0.0199751798064,
        "var": 0.0889573842287
    },
    "spectral_spread": {
        "dmean": 632522.9375,
        "dmean2": 905607.125,
        "dvar": 751824535552,
        "dvar2": 1.13638807962e+12,
        "max": 40311192,
        "mean": 5706441.5,
        "median": 5498457,
        "min": 2595538.25,
        "var": 2.95870031462e+12
    },
    "spectral_strongpeak": {
        "dmean": 0.679639875889,
        "dmean2": 1.19106781483,
        "dvar": 1.52035713196,
        "dvar2": 4.02957105637,
        "max": 16.54429245,
        "mean": 1.00544643402,
        "median": 0.329997748137,
        "min": 0,
        "var": 2.71591281891
    },
    "zerocrossingrate": {
        "dmean": 0.0149530759081,
        "dmean2": 0.0171649362892,
        "dvar": 0.000353202049155,
        "dvar2": 0.000374583731173,
        "max": 0.509765625,
        "mean": 0.0802804008126,
        "median": 0.06982421875,
        "min": 0.0068359375,
        "var": 0.00220431433991
    },
    "barkbands": {
        "dmean": [0.00116806710139, 0.0109530156478, 0.00433333264664, 0.000866691232659, 0.00114635680802, 0.000758118869271, 0.000749527767766, 0.000451574713225, 0.00089491403196, 0.00146936171222, 0.00131597218569, 0.000648360757623, 0.000563272333238, 0.000575897807721, 0.000550545053557, 0.000495567393955, 0.000409890402807, 0.00026917172363, 0.000174355925992, 0.000214942687307, 0.000154228371684, 0.000131092223455, 0.000142190445331, 0.000147352053318, 0.000173310094397, 8.48366325954e-05, 6.12129369415e-08],
        "dmean2": [0.00187798263505, 0.0191895756871, 0.00757847353816, 0.00150511262473, 0.00192507763859, 0.00126071891282, 0.00124166288879, 0.000758125970606, 0.00146604073234, 0.0023608841002, 0.00209494424053, 0.00101059162989, 0.000887475267518, 0.000920686637983, 0.000894234050065, 0.000789779238403, 0.000648520363029, 0.000443834753241, 0.000289792427793, 0.000342610670486, 0.000249091797741, 0.000204221360036, 0.000223473238293, 0.000220904970774, 0.0002590661461, 0.000131704407977, 1.07923078474e-07],
        "dvar": [5.62329751119e-06, 0.000254043319728, 0.000107610794657, 3.04905393023e-06, 4.82199129692e-06, 3.31654950969e-06, 3.84565873901e-06, 1.70199746208e-06, 4.93625111631e-06, 1.16341707326e-05, 1.15613038361e-05, 2.27529767471e-06, 1.90514413134e-06, 1.42130022596e-06, 1.14162344289e-06, 1.05516608073e-06, 7.44929934626e-07, 2.4528060294e-07, 9.76732863478e-08, 1.183068008e-07, 6.41417656766e-08, 4.3899095914e-08, 4.87761724344e-08, 6.07155641319e-08, 1.50349535488e-07, 2.70280242631e-08, 4.51631021806e-14],
        "dvar2": [1.4616014596e-05, 0.000738403527066, 0.000290721101919, 8.33465492178e-06, 1.2457127923e-05, 8.53538858792e-06, 9.57847441896e-06, 4.52162248621e-06, 1.26993263621e-05, 2.85939440801e-05, 2.80464319076e-05, 4.92898470839e-06, 4.14421811001e-06, 3.34291348736e-06, 2.71944486485e-06, 2.50087737186e-06, 1.74032959421e-06, 6.29156488685e-07, 2.60665672158e-07, 2.8684831932e-07, 1.63705777823e-07, 1.06067574279e-07, 1.16885168211e-07, 1.34155826004e-07, 3.10981960183e-07, 6.05530487974e-08, 1.24247454773e-13],
        "max": [0.104047521949, 0.148277044296, 0.111484885216, 0.0254635773599, 0.0340824574232, 0.034919783473, 0.0553847141564, 0.0274083986878, 0.0559431239963, 0.058881316334, 0.0686221420765, 0.0348750203848, 0.0363450907171, 0.028420696035, 0.0196641124785, 0.0181800685823, 0.0164589677006, 0.00889185350388, 0.00542598636821, 0.00542117608711, 0.00451102433726, 0.00362998130731, 0.00305421440862, 0.00475974241272, 0.00749737164006, 0.00435188179836, 5.37888809049e-06],
        "mean": [0.0016502761282, 0.0141465505585, 0.00408706115559, 0.000949651119299, 0.00139789970126, 0.000924980966374, 0.000852253229823, 0.000501733622514, 0.00118721218314, 0.0020239027217, 0.00234509934671, 0.0010129888542, 0.00083600950893, 0.000874394027051, 0.00077748199692, 0.000720910495147, 0.000625876476988, 0.000405066122767, 0.000282759428956, 0.000388229062082, 0.000283706904156, 0.000235261468333, 0.000239840548602, 0.000260957342107, 0.000275928352494, 0.000115744478535, 4.63767726444e-08],
        "median": [0.000436943257228, 0.00640266668051, 0.00110965641215, 0.000370950088836, 0.000534024613444, 0.000334800977726, 0.000251400575507, 0.000147873070091, 0.000360447535058, 0.000459026690805, 0.000334741664119, 0.000283626490273, 0.000280478474451, 0.000325114786392, 0.000354002375389, 0.000267834460828, 0.000241109373746, 0.000227431388339, 0.000175107794348, 0.000241924833972, 0.000190157094039, 0.000149108251208, 0.000149998944835, 0.000147904996993, 0.00012368086027, 4.71794046462e-05, 2.00947525286e-09],
        "min": [8.22604036011e-24, 2.32094048586e-23, 8.67304444775e-24, 7.52977515909e-24, 2.34114700018e-23, 5.20451455536e-23, 1.45079535297e-23, 1.17898401952e-23, 5.81675549925e-23, 3.00538744613e-23, 3.29320208522e-23, 6.21114114456e-23, 8.61215353666e-23, 1.82410869334e-22, 7.77666968976e-23, 1.52384967881e-22, 2.75178816574e-22, 1.98414824996e-22, 2.5781499093e-22, 4.11084682093e-22, 3.76572534982e-22, 4.31194955378e-22, 7.36699503658e-22, 1.16525544794e-21, 1.08153299636e-21, 1.71446369182e-21, 2.40164580323e-21],
        "var": [9.9498884083e-06, 0.000350504706148, 8.36637336761e-05, 2.88261867354e-06, 5.78049957767e-06, 3.83672977478e-06, 4.05276477977e-06, 1.97623035092e-06, 7.41452640796e-06, 2.07103621506e-05, 3.63898143405e-05, 5.45928378415e-06, 4.33524064647e-06, 2.63999800154e-06, 1.65901610671e-06, 1.84084899502e-06, 1.4930569705e-06, 3.14405070867e-07, 1.13665400647e-07, 2.06518009804e-07, 9.30438233127e-08, 7.49636797082e-08, 8.02333133265e-08, 1.36309509458e-07, 3.11648051365e-07, 4.7744887155e-08, 3.27934666997e-14]
    },
    "erbbands": {
        "dmean": [0.470623850822, 2.05825829506, 4.51625967026, 3.99415493011, 2.9209356308, 4.767557621, 4.81492614746, 6.68665266037, 9.34275150299, 12.1561727524, 8.16360855103, 17.9258785248, 41.8270454407, 46.2616081238, 44.12134552, 23.9933433533, 23.8635635376, 28.2616329193, 22.9447994232, 29.6879329681, 24.2699146271, 21.1742115021, 15.6238489151, 9.38058567047, 8.47520256042, 10.9394903183, 7.10720014572, 5.59600400925, 4.89793682098, 4.1618180275, 4.10836267471, 2.97936081886, 2.67374253273, 2.14024853706, 1.17124783993, 0.536853909492, 0.133705705404, 0.0034298687242, 0.000108908621769, 2.58914569713e-05],
        "dmean2": [0.793272018433, 3.68636798859, 8.02058410645, 6.77027893066, 5.06024694443, 7.96194934845, 8.22401428223, 11.1015043259, 15.4655389786, 20.2095794678, 13.6642036438, 29.2980976105, 67.2197494507, 73.1078643799, 68.8346099854, 36.7632713318, 37.4524536133, 44.9382171631, 36.6422729492, 47.5904006958, 37.9495506287, 33.2849998474, 25.5260372162, 15.4886732101, 13.7981958389, 17.4875526428, 11.3974094391, 9.01847076416, 7.73153829575, 6.55672645569, 6.51647758484, 4.54721736908, 4.04952859879, 3.24141097069, 1.77676916122, 0.819156527519, 0.211905345321, 0.00539796613157, 0.000168279642821, 4.27202248829e-05],
        "dvar": [0.536456763744, 8.89591026306, 112.44631958, 73.1735992432, 29.960735321, 101.473815918, 127.233963013, 279.38104248, 625.477355957, 1028.60632324, 455.79385376, 2399.14868164, 9972.46289062, 13692.9951172, 11720.6826172, 2755.39331055, 3578.16943359, 3824.96826172, 1756.26086426, 3437.3347168, 2614.10571289, 2095.54199219, 869.049377441, 307.380371094, 195.990188599, 351.515716553, 135.226226807, 85.3522262573, 62.4744186401, 44.5464744568, 40.358001709, 24.1479263306, 21.8910942078, 23.4833011627, 7.48863506317, 1.19112694263, 0.0746476352215, 4.87596335006e-05, 4.16649399426e-08, 1.00648023249e-09],
        "dvar2": [1.46600306034, 26.8938293457, 312.520996094, 188.413360596, 84.3234939575, 252.409927368, 333.892578125, 721.599609375, 1540.36987305, 2648.77709961, 1212.86828613, 6505.97558594, 24899.2910156, 34461.3085938, 28104.3554688, 5996.61425781, 7878.57666016, 8912.7421875, 4205.16845703, 7992.55419922, 5990.82373047, 4823.20263672, 2191.52001953, 817.777404785, 509.48147583, 863.503295898, 342.796691895, 216.985519409, 152.150085449, 108.855751038, 96.9217758179, 54.525932312, 48.1922683716, 49.9606819153, 16.1126022339, 2.56270575523, 0.180251896381, 0.000120106829854, 9.67859392631e-08, 2.57407228865e-09],
        "max": [6.20877122879, 26.9535579681, 115.393447876, 87.8214645386, 78.9387741089, 188.08366394, 268.526611328, 398.023468018, 557.262512207, 602.131469727, 659.368652344, 1462.70068359, 1793.92834473, 2563.75439453, 2389.47167969, 1338.33740234, 1771.07434082, 1611.97790527, 786.521057129, 1160.74438477, 1026.6171875, 1111.33996582, 631.965148926, 294.341796875, 232.899047852, 330.646728516, 215.664154053, 138.699615479, 140.00479126, 86.5570755005, 102.198623657, 80.294921875, 81.5823669434, 98.474937439, 68.7889022827, 25.4387302399, 10.2465572357, 0.256713062525, 0.00660032220185, 0.000548276817426],
        "mean": [0.583425819874, 2.47518539429, 4.50718021393, 4.35511016846, 3.44644737244, 5.45390367508, 5.64222240448, 8.02371692657, 11.0204181671, 14.0579338074, 10.1534423828, 24.6637802124, 58.9470558167, 72.8215408325, 85.4063491821, 40.8268356323, 38.4702682495, 46.7585945129, 36.045753479, 45.4292373657, 39.6868209839, 34.267993927, 24.5555877686, 15.3151512146, 15.1414718628, 19.1889915466, 13.4322195053, 10.0976467133, 8.64756202698, 7.31478786469, 6.84881925583, 5.32964277267, 4.49539661407, 3.39833593369, 1.76521503925, 0.772116780281, 0.165604770184, 0.00450957659632, 0.000168432685314, 5.90100462432e-05],
        "median": [0.225169375539, 1.14562952518, 1.5653604269, 1.51052629948, 1.48463213444, 1.62168347836, 2.10515785217, 2.8446996212, 3.35155177116, 4.12211942673, 4.05130815506, 8.3755235672, 16.1316566467, 16.2515010834, 15.8519449234, 14.2313909531, 14.7043170929, 17.5151252747, 18.4966926575, 21.1099300385, 14.8892335892, 14.1373748779, 13.1950130463, 9.61180686951, 10.2035837173, 11.6920204163, 8.92839813232, 6.63658714294, 5.48682451248, 4.6811580658, 4.26205348969, 3.15127801895, 2.43375229836, 1.5647649765, 0.755506753922, 0.32800590992, 0.0638156458735, 0.00187010853551, 8.66783811944e-05, 4.71482017019e-05],
        "min": [9.32594441865e-22, 4.35101889354e-21, 6.98364761268e-21, 2.48985354879e-20, 4.3457723551e-20, 9.83269917259e-20, 2.28661052246e-19, 4.16470497471e-19, 2.53160746122e-19, 2.54966739893e-19, 4.89282088614e-19, 1.27184861143e-18, 9.31640495824e-19, 1.05811951341e-18, 2.00664069758e-18, 2.89540697469e-18, 3.8156563663e-18, 8.64526411003e-18, 4.79883000749e-18, 6.3557555603e-18, 7.38442082645e-18, 1.84090848577e-17, 1.15426966432e-17, 9.05967828819e-18, 1.51252373829e-17, 2.21558887778e-17, 1.76565225539e-17, 1.35580882913e-17, 1.84149230985e-17, 1.88501375604e-17, 2.17271246704e-17, 2.19232061802e-17, 1.9083635758e-17, 1.30311767227e-17, 7.80330508865e-18, 6.00253413589e-18, 3.32061627344e-18, 1.44213842298e-18, 3.22951758011e-19, 3.3308996148e-20],
        "var": [0.744925498962, 10.8844194412, 85.4976501465, 70.3648376465, 30.020942688, 122.583343506, 140.608032227, 297.237060547, 704.202636719, 1115.53100586, 568.122802734, 3442.14746094, 15388.1494141, 30063.0390625, 43317.25, 6348.40966797, 8365.6875, 8170.81152344, 2718.35327148, 5458.35595703, 5645.890625, 4129.02587891, 1206.57995605, 351.073883057, 269.852722168, 586.24786377, 205.612472534, 123.410385132, 102.27495575, 71.7174682617, 66.2887268066, 50.7885780334, 46.7950210571, 45.790397644, 14.2168188095, 2.26516437531, 0.103013172746, 7.22076147213e-05, 7.26171478505e-08, 2.20519824623e-09]
    },
    "gfcc": {
        "mean": [27.5909252167, 62.1690940857, -120.751327515, 40.059463501, -55.436542511, 39.8185997009, -34.6389389038, 23.0492324829, -25.5417690277, 9.21304893494, -17.4660015106, 3.96766495705, -4.78642225266],
        "cov": [[5158.75537109, -271.617248535, 751.348205566, 275.350494385, 313.467071533, 200.96875, -31.3345813751, 210.688110352, -134.084503174, 231.874099731, -121.457336426, 282.535064697, -159.666122437], [-271.617248535, 707.639465332, 46.2241477966, 82.5338363647, 114.227386475, -3.0389623642, 117.538200378, -58.6821708679, 40.6908950806, -43.1005897522, 81.811164856, -22.7489471436, 71.6133270264], [751.348205566, 46.2241477966, 1010.39715576, 383.106079102, 185.681167603, 100.788604736, -56.819644928, 70.0853652954, -22.0280437469, 136.619537354, 7.16010046005, 129.723068237, -38.091632843], [275.350494385, 82.5338363647, 383.106079102, 398.512054443, 153.032684326, 24.4287128448, -3.96954035759, 27.1308879852, 41.1013832092, 42.3464012146, 20.2555351257, 37.5319595337, 6.74003648758], [313.467071533, 114.227386475, 185.681167603, 153.032684326, 227.190872192, 99.103187561, 74.231552124, 43.5892524719, 13.0391798019, 33.3095474243, 7.28928661346, 31.0521469116, 7.1822104454], [200.96875, -3.0389623642, 100.788604736, 24.4287128448, 99.103187561, 195.214630127, 131.323944092, 22.3241157532, -20.2265987396, 19.3220157623, 13.6233520508, 14.0075893402, -3.22949099541], [-31.3345813751, 117.538200378, -56.819644928, -3.96954035759, 74.231552124, 131.323944092, 208.129089355, 36.303943634, 6.18081951141, -15.0513706207, 25.1649913788, -4.62321901321, 18.1391735077], [210.688110352, -58.6821708679, 70.0853652954, 27.1308879852, 43.5892524719, 22.3241157532, 36.303943634, 118.092636108, 44.6316184998, 23.1078853607, -12.2668714523, 25.0655059814, 5.5871295929], [-134.084503174, 40.6908950806, -22.0280437469, 41.1013832092, 13.0391798019, -20.2265987396, 6.18081951141, 44.6316184998, 102.636764526, 15.7852630615, 11.4503011703, -4.67544794083, 23.8130779266], [231.874099731, -43.1005897522, 136.619537354, 42.3464012146, 33.3095474243, 19.3220157623, -15.0513706207, 23.1078853607, 15.7852630615, 105.506599426, 38.0454673767, 32.2140579224, -21.3991451263], [-121.457336426, 81.811164856, 7.16010046005, 20.2555351257, 7.28928661346, 13.6233520508, 25.1649913788, -12.2668714523, 11.4503011703, 38.0454673767, 100.73235321, 22.3226051331, 15.7373762131], [282.535064697, -22.7489471436, 129.723068237, 37.5319595337, 31.0521469116, 14.0075893402, -4.62321901321, 25.0655059814, -4.67544794083, 32.2140579224, 22.3226051331, 102.471443176, 26.8947963715], [-159.666122437, 71.6133270264, -38.091632843, 6.74003648758, 7.1822104454, -3.22949099541, 18.1391735077, 5.5871295929, 23.8130779266, -21.3991451263, 15.7373762131, 26.8947963715, 93.2235946655]],
        "icov": [[0.000381157296943, -0.000344325148035, 0.000328725320287, -0.000384394137654, 8.58133571455e-05, -0.000631017668638, 0.000550987722818, -0.000869006908033, 0.000856167869642, -0.000857735285535, 0.00100584467873, -0.00121519039385, 0.000761024479289], [-0.000344325148035, 0.00391838233918, -0.00198269053362, 0.00178096478339, -0.00300457677804, 0.00450407108292, -0.00429104175419, 0.00449973531067, -0.00295859854668, 0.00313865509816, -0.00373098067939, 0.0029827770777, -0.0023403938394], [0.000328725320287, -0.00198269053362, 0.00370600214228, -0.00326486257836, 0.00159570307005, -0.00404150923714, 0.00376835651696, -0.00356154050678, 0.00322298216633, -0.00347589096054, 0.00289871077985, -0.00364762358367, 0.00199553905986], [-0.000384394137654, 0.00178096478339, -0.00326486257836, 0.0067148450762, -0.0042825662531, 0.00388180254959, -0.00244509521872, 0.00374678103253, -0.00444456003606, 0.00329522648826, -0.00329131213948, 0.00273378635757, -0.00147172308061], [8.58133571455e-05, -0.00300457677804, 0.00159570307005, -0.0042825662531, 0.0108739994466, -0.00623078783974, 0.00194194086362, -0.00432694423944, 0.00232876231894, -0.00363569729961, 0.00385454692878, -0.00247346400283, 0.000878020538948], [-0.000631017668638, 0.00450407108292, -0.00404150923714, 0.00388180254959, -0.00623078783974, 0.0181399807334, -0.0130764776841, 0.00686908233911, -0.00181494362187, 0.00183560757432, -0.00383382011205, 0.00453743850812, -0.00300849182531], [0.000550987722818, -0.00429104175419, 0.00376835651696, -0.00244509521872, 0.00194194086362, -0.0130764776841, 0.0170007850975, -0.00909718312323, 0.00361017556861, -8.81824234966e-05, 0.000498802051879, -0.00268565746956, 0.00233938475139], [-0.000869006908033, 0.00449973531067, -0.00356154050678, 0.00374678103253, -0.00432694423944, 0.00686908233911, -0.00909718312323, 0.0202278513461, -0.0112328827381, 0.00232008821331, -0.000545254792087, 0.00103827798739, -0.00234764465131], [0.000856167869642, -0.00295859854668, 0.00322298216633, -0.00444456003606, 0.00232876231894, -0.00181494362187, 0.00361017556861, -0.0112328827381, 0.0198571644723, -0.0073545021005, 0.00272689806297, 0.000175731867785, -0.00216568098404], [-0.000857735285535, 0.00313865509816, -0.00347589096054, 0.00329522648826, -0.00363569729961, 0.00183560757432, -8.81824234966e-05, 0.00232008821331, -0.0073545021005, 0.0218175332993, -0.0118282120675, 0.00106094498187, 0.00326060433872], [0.00100584467873, -0.00373098067939, 0.00289871077985, -0.00329131213948, 0.00385454692878, -0.00383382011205, 0.000498802051879, -0.000545254792087, 0.00272689806297, -0.0118282120675, 0.0203368011862, -0.00734915351495, 0.000792472797912], [-0.00121519039385, 0.0029827770777, -0.00364762358367, 0.00273378635757, -0.00247346400283, 0.00453743850812, -0.00268565746956, 0.00103827798739, 0.000175731867785, 0.00106094498187, -0.00734915351495, 0.021009163931, -0.00987443234771], [0.000761024479289, -0.0023403938394, 0.00199553905986, -0.00147172308061, 0.000878020538948, -0.00300849182531, 0.00233938475139, -0.00234764465131, -0.00216568098404, 0.00326060433872, 0.000792472797912, -0.00987443234771, 0.0182802565396]]
    },
    "melbands": {
        "dmean": [0.00348232826218, 0.00229037413374, 0.000654921866953, 0.000262146553723, 0.000173623513547, 0.000149256651639, 0.000145733793033, 0.000127992359921, 6.7558765295e-05, 0.000128971529193, 0.000214406143641, 0.000191828396055, 0.000171890336787, 7.60300899856e-05, 6.19160418864e-05, 5.39091161045e-05, 5.61051965633e-05, 3.86275314668e-05, 4.37634589616e-05, 3.75482413801e-05, 3.03473134409e-05, 2.51346045843e-05, 1.8957120119e-05, 1.20543372759e-05, 7.83318682807e-06, 6.69228393235e-06, 7.06389164407e-06, 7.78127196099e-06, 5.01257591168e-06, 3.8930293158e-06, 3.37816095453e-06, 3.09114807351e-06, 2.3982508992e-06, 2.50353241427e-06, 2.58554314314e-06, 2.04269031201e-06, 1.83548593213e-06, 1.93885352928e-06, 1.87518992334e-06, 1.90889636542e-06],
        "dmean2": [0.00597607670352, 0.00410818401724, 0.00110433949158, 0.000441995711299, 0.000291775679216, 0.000246653216891, 0.000241081026616, 0.000213362203795, 0.000113086214697, 0.000210850354051, 0.000344431377016, 0.000303282227833, 0.000270990654826, 0.00011844788969, 9.77489471552e-05, 8.473147318e-05, 8.95567063708e-05, 6.21432482149e-05, 7.07137878635e-05, 5.99898448854e-05, 4.75927736261e-05, 3.96239629481e-05, 3.09887145704e-05, 1.97932331503e-05, 1.30669695864e-05, 1.11093086161e-05, 1.15841312436e-05, 1.24718771985e-05, 8.09294760984e-06, 6.40518965156e-06, 5.47916579308e-06, 4.95642325404e-06, 3.80020014745e-06, 4.00352473662e-06, 4.16738112108e-06, 3.23043491335e-06, 2.82172118204e-06, 2.99184171126e-06, 2.86425051854e-06, 2.93773564408e-06],
        "dvar": [2.72886736639e-05, 2.00512422452e-05, 1.82368444257e-06, 2.71740447033e-07, 1.3224854456e-07, 1.32290551846e-07, 1.48694553559e-07, 1.16356645208e-07, 2.85052745852e-08, 1.13330031581e-07, 2.60089734638e-07, 2.34410634903e-07, 1.93537786686e-07, 2.99600735332e-08, 2.37628068334e-08, 1.79457497751e-08, 1.5237661799e-08, 5.34750910219e-09, 7.97519472684e-09, 6.2654437194e-09, 4.84100493026e-09, 3.26135518591e-09, 1.40617095745e-09, 4.75849748494e-10, 2.29567032051e-10, 1.20881998855e-10, 1.43883960302e-10, 1.9717606714e-10, 6.71495498095e-11, 4.26616311722e-11, 3.275575991e-11, 2.69445073892e-11, 1.33281927162e-11, 1.71339435695e-11, 1.61564719936e-11, 1.08589127273e-11, 9.96928060937e-12, 1.16483697687e-11, 1.33324375845e-11, 2.1825605559e-11],
        "dvar2": [7.69990947447e-05, 5.75627382204e-05, 4.70004897579e-06, 7.06195066869e-07, 3.38833700653e-07, 3.40842660762e-07, 3.67096589571e-07, 3.00803947084e-07, 7.60537943734e-08, 2.98862858017e-07, 6.4625834284e-07, 5.85286556998e-07, 4.69270560188e-07, 6.90032777584e-08, 5.00923924562e-08, 3.96290857907e-08, 3.50760451795e-08, 1.30193926751e-08, 1.87742070779e-08, 1.46158685155e-08, 1.12022888743e-08, 7.25153492809e-09, 3.49829498703e-09, 1.18236342939e-09, 6.19655882161e-10, 3.15789616678e-10, 3.71322389503e-10, 4.84464524053e-10, 1.6890203125e-10, 1.11010561854e-10, 8.48926345887e-11, 6.60946783415e-11, 3.23563918714e-11, 4.30572522081e-11, 4.00875131701e-11, 2.4834828638e-11, 2.29655339884e-11, 2.66920305303e-11, 2.85581679832e-11, 4.83026431353e-11],
        "max": [0.0474019274116, 0.0460790917277, 0.0141677763313, 0.00668160710484, 0.00782130565494, 0.00792880170047, 0.0101964082569, 0.00703076412901, 0.00580002600327, 0.00966810528189, 0.00911944918334, 0.0107816234231, 0.0103016383946, 0.0040202094242, 0.00392272649333, 0.00388707825914, 0.00315529573709, 0.00145581015386, 0.0019735454116, 0.00166022556368, 0.00150495942216, 0.00133224343881, 0.000728608982172, 0.000393249676563, 0.000273224810371, 0.000148694642121, 0.000207984354347, 0.000286586204311, 0.000128384126583, 0.000131001885165, 0.000105885606899, 0.000104007929622, 4.42771197413e-05, 6.04471752013e-05, 6.72805836075e-05, 6.14463206148e-05, 5.51727353013e-05, 6.4854430093e-05, 6.39831341687e-05, 0.000100179873698],
        "mean": [0.00450936099514, 0.00270069600083, 0.000749306345824, 0.000313412339892, 0.000213096078369, 0.000182152216439, 0.000171018342371, 0.000147300408571, 8.2171500253e-05, 0.000172469037352, 0.000295891542919, 0.000283427943941, 0.000326339679305, 0.000127661900478, 9.24361811485e-05, 8.2503502199e-05, 8.74030374689e-05, 5.59963191336e-05, 6.17483819951e-05, 5.39249085705e-05, 4.5755001338e-05, 3.73139882868e-05, 2.69575721177e-05, 1.81067371159e-05, 1.15603943414e-05, 1.09353841253e-05, 1.17256913654e-05, 1.28602277982e-05, 8.78857099451e-06, 6.65842253511e-06, 5.60338457944e-06, 5.05123762196e-06, 4.23540177508e-06, 4.03139711125e-06, 4.03455942433e-06, 3.51688890987e-06, 3.13564123644e-06, 3.13570990329e-06, 3.02021862808e-06, 2.84702264253e-06],
        "median": [0.00199366896413, 0.0012081990717, 0.000288889626972, 0.000119587886729, 7.72990533733e-05, 6.44802639727e-05, 5.2648865676e-05, 4.14745954913e-05, 3.13129676215e-05, 5.42019115528e-05, 7.61797928135e-05, 5.7395965996e-05, 4.98358640471e-05, 3.4896114812e-05, 3.01096170006e-05, 2.79836476693e-05, 2.98787017528e-05, 2.50547200267e-05, 2.70195359917e-05, 2.23349961743e-05, 1.5284102119e-05, 1.41132068165e-05, 1.14703116196e-05, 1.03910479083e-05, 6.5488279688e-06, 6.88800309945e-06, 7.37313484933e-06, 7.38355538488e-06, 5.53093104827e-06, 4.34497997048e-06, 3.5204204778e-06, 3.02588932755e-06, 2.70695591098e-06, 2.47960974775e-06, 2.47682351073e-06, 2.11239603232e-06, 1.77476431418e-06, 1.69045267739e-06, 1.49955644702e-06, 1.22883807308e-06],
        "min": [7.43459593543e-24, 4.30973526855e-24, 4.35471887838e-24, 5.20162456343e-24, 6.93787941126e-24, 9.66357448795e-24, 3.80430183138e-24, 2.74008034972e-24, 4.92366232373e-24, 8.26630066527e-24, 4.50866429517e-24, 4.27202811171e-24, 6.19754449577e-24, 6.14892068729e-24, 1.21900624645e-23, 7.38745676318e-24, 1.72398182875e-23, 7.66175001081e-24, 6.71741172092e-24, 1.08217201156e-23, 7.52574881303e-24, 2.18626662544e-23, 9.303877581e-24, 9.95270384263e-24, 6.30082532092e-24, 1.25595238918e-23, 8.45248840498e-24, 1.62974639828e-23, 1.15927117436e-23, 7.19775307041e-24, 8.23896032402e-24, 1.09341122842e-23, 7.75576014261e-24, 1.22191280446e-23, 1.32483998327e-23, 1.02039434192e-23, 1.45812686845e-23, 1.18623980435e-23, 1.46656121148e-23, 9.70982066966e-24],
        "var": [3.82049001928e-05, 1.81865743798e-05, 1.79382459464e-06, 3.1118725019e-07, 1.6043149742e-07, 1.47268437445e-07, 1.6376841927e-07, 1.29765624024e-07, 3.67406123303e-08, 1.65015407561e-07, 4.03226351864e-07, 4.9669603186e-07, 7.07337619588e-07, 8.5991366916e-08, 5.250623758e-08, 3.76965090254e-08, 3.0818942065e-08, 8.17931056218e-09, 1.17372209729e-08, 9.48278344737e-09, 9.68316093974e-09, 6.22347284818e-09, 2.0502703979e-09, 6.44027664531e-10, 2.40265640716e-10, 1.6303823569e-10, 1.96545751896e-10, 3.1355354424e-10, 1.00733268948e-10, 5.65671363917e-11, 4.33665325872e-11, 4.08186644207e-11, 2.31867199052e-11, 2.44674766559e-11, 2.36632258926e-11, 2.04118510289e-11, 1.98790428563e-11, 2.26778925499e-11, 2.696987772e-11, 3.85103685052e-11]
    },
    "mfcc": {
        "mean": [-611.284790039, 88.826965332, -0.10086465627, 11.7415037155, 9.80741214752, 13.4783735275, 10.746049881, 10.4816122055, 9.19646644592, 6.97373914719, -1.69114470482, 1.26011109352, 2.00483512878],
        "cov": [[4305.36376953, -165.147064209, 251.375808716, 215.560806274, 229.481811523, 128.479736328, 106.863746643, 107.095779419, 50.8421897888, -34.0322380066, 27.1872825623, 47.3244819641, 95.1079101562], [-165.147064209, 551.593200684, 14.7016811371, 52.9108505249, 15.0895643234, 61.6362113953, 71.8993988037, 26.5956096649, -2.08597588539, 4.65046215057, -0.893948256969, 5.8830370903, 8.50690078735], [251.375808716, 14.7016811371, 682.617675781, 278.805419922, 226.339050293, 97.9502029419, 42.8061485291, -0.966355025768, 0.843641281128, -25.7123565674, 46.6820030212, 39.1941490173, 55.5882339478], [215.560806274, 52.9108505249, 278.805419922, 358.837493896, 193.440429688, 58.6143913269, 7.66286420822, 15.6321411133, 26.145242691, -4.10626268387, 12.9027910233, 43.8834991455, 44.3854026794], [229.481811523, 15.0895643234, 226.339050293, 193.440429688, 226.672744751, 59.6793632507, 14.5387115479, 9.22578620911, 30.5631389618, 3.71200966835, 8.5467376709, 32.4805526733, 40.2114982605], [128.479736328, 61.6362113953, 97.9502029419, 58.6143913269, 59.6793632507, 183.342102051, 121.214424133, 43.9929847717, 10.9024410248, 14.0802659988, 35.1861686707, -3.00502300262, 3.9615008831], [106.863746643, 71.8993988037, 42.8061485291, 7.66286420822, 14.5387115479, 121.214424133, 185.35925293, 72.9039154053, 12.6148147583, 25.3122253418, 31.1491546631, 2.17843151093, 7.53564929962], [107.095779419, 26.5956096649, -0.966355025768, 15.6321411133, 9.22578620911, 43.9929847717, 72.9039154053, 120.705451965, 67.456741333, 13.1016750336, 4.53480577469, -0.540782928467, 5.09463357925], [50.8421897888, -2.08597588539, 0.843641281128, 26.145242691, 30.5631389618, 10.9024410248, 12.6148147583, 67.456741333, 115.503829956, 29.5461139679, -9.30150318146, -1.35385501385, 8.48691558838], [-34.0322380066, 4.65046215057, -25.7123565674, -4.10626268387, 3.71200966835, 14.0802659988, 25.3122253418, 13.1016750336, 29.5461139679, 83.2581481934, 35.7225112915, 2.37114071846, -5.3454990387], [27.1872825623, -0.893948256969, 46.6820030212, 12.9027910233, 8.5467376709, 35.1861686707, 31.1491546631, 4.53480577469, -9.30150318146, 35.7225112915, 85.6388473511, 25.2809448242, -1.66487836838], [47.3244819641, 5.8830370903, 39.1941490173, 43.8834991455, 32.4805526733, -3.00502300262, 2.17843151093, -0.540782928467, -1.35385501385, 2.37114071846, 25.2809448242, 80.6527252197, 44.5808868408], [95.1079101562, 8.50690078735, 55.5882339478, 44.3854026794, 40.2114982605, 3.9615008831, 7.53564929962, 5.09463357925, 8.48691558838, -5.3454990387, -1.66487836838, 44.5808868408, 81.1736679077]],
