{
"lowlevel": {
    "average_loudness": 0.838835895061,
    "barkbands_crest": {
        "dmean": 2.52558588982,
        "dmean2": 4.02037858963,
        "dvar": 5.40289735794,
        "dvar2": 12.914639473,
        "max": 26.0982608795,
        "mean": 10.8767824173,
        "median": 9.65599060059,
        "min": 2.06359100342,
        "var": 28.5269622803
    },
    "barkbands_flatness_db": {
        "dmean": 0.01742663607,
        "dmean2": 0.0269188638777,
        "dvar": 0.000282482476905,
        "dvar2": 0.000645536754746,
        "max": 0.364298254251,
        "mean": 0.130336523056,
        "median": 0.118854179978,
        "min": 0.0296165682375,
        "var": 0.00262447795831
    },
    "barkbands_kurtosis": {
        "dmean": 2.15812206268,
        "dmean2": 3.3229393959,
        "dvar": 26.9851608276,
        "dvar2": 55.4943504333,
        "max": 173.737594604,
        "mean": 3.50193405151,
        "median": 0.528835773468,
        "min": -1.8612909317,
        "var": 118.900306702
    },
    "barkbands_skewness": {
        "dmean": 0.445283532143,
        "dmean2": 0.679911732674,
        "dvar": 0.255058169365,
        "dvar2": 0.53214687109,
        "max": 12.4748125076,
        "mean": 1.39204573631,
        "median": 1.11456227303,
        "min": -3.02913856506,
        "var": 1.89531612396
    },
    "barkbands_spread": {
        "dmean": 5.9638299942,
        "dmean2": 9.01323604584,
        "dvar": 41.1823959351,
        "dvar2": 84.8108596802,
        "max": 106.897323608,
        "mean": 31.306055069,
        "median": 29.5465545654,
        "min": 1.26856434345,
        "var": 286.354034424
    },
    "dissonance": {
        "dmean": 0.0157906096429,
        "dmean2": 0.0270293410867,
        "dvar": 0.000255102437222,
        "dvar2": 0.000707937288098,
        "max": 0.500000059605,
        "mean": 0.472801536322,
        "median": 0.479585111141,
        "min": 0.29581657052,
        "var": 0.000574736390263
    },
    "dynamic_complexity": 3.44019460678,
    "erbbands_crest": {
        "dmean": 2.23950648308,
        "dmean2": 3.64806580544,
        "dvar": 4.55758428574,
        "dvar2": 11.5044317245,
        "max": 29.2819461823,
        "mean": 7.74511623383,
        "median": 6.93661308289,
        "min": 2.28271770477,
        "var": 13.3289346695
    },
    "erbbands_flatness_db": {
        "dmean": 0.0124237220734,
        "dmean2": 0.01877957955,
        "dvar": 0.000129760082928,
        "dvar2": 0.000278772524325,
        "max": 0.349387615919,
        "mean": 0.147218301892,
        "median": 0.137264415622,
        "min": 0.042157959193,
        "var": 0.00261551467702
    },
    "erbbands_kurtosis": {
        "dmean": 0.633414804935,
        "dmean2": 1.00071406364,
        "dvar": 0.836845636368,
        "dvar2": 1.85573625565,
        "max": 39.1690292358,
        "mean": 0.0951880142093,
        "median": -0.230482578278,
        "min": -1.84814810753,
        "var": 2.15177822113
    },
    "erbbands_skewness": {
        "dmean": 0.289236009121,
        "dmean2": 0.442160218954,
        "dvar": 0.0694890022278,
        "dvar2": 0.152994588017,
        "max": 4.60152864456,
        "mean": 0.228086575866,
        "median": 0.215996459126,
        "min": -3.44303774834,
        "var": 0.461690276861
    },
    "erbbands_spread": {
        "dmean": 7.30214691162,
        "dmean2": 11.1778306961,
        "dvar": 54.902557373,
        "dvar2": 120.486663818,
        "max": 173.815124512,
        "mean": 43.8250389099,
        "median": 41.3939704895,
        "min": 3.82626318932,
        "var": 379.526580811
    },
    "hfc": {
        "dmean": 6.75566101074,
        "dmean2": 9.854180336,
        "dvar": 78.0617523193,
        "dvar2": 165.077819824,
        "max": 212.209716797,
        "mean": 32.3962554932,
        "median": 25.9427947998,
        "min": 1.19376707535e-16,
        "var": 733.758605957
    },
    "melbands_crest": {
        "dmean": 3.3249361515,
        "dmean2": 5.27566719055,
        "dvar": 9.31517982483,
        "dvar2": 22.2272930145,
        "max": 37.6860046387,
        "mean": 15.8313846588,
        "median": 14.540353775,
        "min": 2.20815730095,
        "var": 47.201461792
    },
    "melbands_flatness_db": {
        "dmean": 0.0209823809564,
        "dmean2": 0.0319773256779,
        "dvar": 0.000447055528639,
        "dvar2": 0.000966478255577,
        "max": 0.433245331049,
        "mean": 0.167099297047,
        "median": 0.15754057467,
        "min": 0.0102366404608,
        "var": 0.00410785106942
    },
    "melbands_kurtosis": {
        "dmean": 6.58154344559,
        "dmean2": 10.0875463486,
        "dvar": 196.701324463,
        "dvar2": 399.512634277,
        "max": 421.020843506,
        "mean": 15.4715127945,
        "median": 6.29725551605,
        "min": -1.75131523609,
        "var": 997.466491699
    },
    "melbands_skewness": {
        "dmean": 0.662766158581,
        "dmean2": 1.01772677898,
        "dvar": 0.573758602142,
        "dvar2": 1.19484949112,
        "max": 17.4258918762,
        "mean": 2.78655838966,
        "median": 2.28603625298,
        "min": -1.06812298298,
        "var": 4.31255245209
    },
    "melbands_spread": {
        "dmean": 7.53768396378,
        "dmean2": 11.5813179016,
        "dvar": 81.3326644897,
        "dvar2": 162.411712646,
        "max": 177.68145752,
        "mean": 31.7405586243,
        "median": 27.6931686401,
        "min": 0.844158113003,
        "var": 490.396881104
    },
    "pitch_salience": {
        "dmean": 0.0664540454745,
        "dmean2": 0.105465017259,
        "dvar": 0.0037007976789,
        "dvar2": 0.00876619294286,
        "max": 0.918896615505,
        "mean": 0.515645086765,
        "median": 0.529230237007,
        "min": 0.059773683548,
        "var": 0.0208221189678
    },
    "silence_rate_20dB": {
        "dmean": 0,
        "dmean2": 0,
        "dvar": 0,
        "dvar2": 0,
        "max": 1,
        "mean": 1,
        "median": 1,
        "min": 1,
        "var": 0
    },
    "silence_rate_30dB": {
        "dmean": 0.0136038735509,
        "dmean2": 0.0272108837962,
        "dvar": 0.0134181128815,
        "dvar2": 0.0331589318812,
        "max": 1,
        "mean": 0.98524492979,
        "median": 1,
        "min": 0,
        "var": 0.0145390704274
    },
    "silence_rate_60dB": {
        "dmean": 0.0202905237675,
        "dmean2": 0.0405857264996,
        "dvar": 0.0198790635914,
        "dvar2": 0.0472407601774,
        "max": 1,
        "mean": 0.0798847228289,
        "median": 0,
        "min": 0,
        "var": 0.0735237374902
    },
    "spectral_centroid": {
        "dmean": 263.567169189,
        "dmean2": 398.764434814,
        "dvar": 74967.953125,
        "dvar2": 147238.71875,
        "max": 11481.6738281,
        "mean": 1834.47924805,
        "median": 1824.6472168,
        "min": 217.573867798,
        "var": 506641.75
    },
    "spectral_complexity": {
        "dmean": 3.31611704826,
        "dmean2": 5.36100530624,
        "dvar": 10.0118837357,
        "dvar2": 24.5680484772,
        "max": 55,
        "mean": 22.7653026581,
        "median": 23,
        "min": 0,
        "var": 153.802017212
    },
    "spectral_decrease": {
        "dmean": 2.03165417823e-09,
        "dmean2": 3.09295811185e-09,
        "dvar": 7.12860529585e-18,
        "dvar2": 1.68364672751e-17,
        "max": -6.54257962334e-29,
        "mean": -8.32204349877e-09,
        "median": -6.26067508946e-09,
        "min": -4.29402007285e-08,
        "var": 5.17622164939e-17
    },
    "spectral_energy": {
        "dmean": 0.0079351188615,
        "dmean2": 0.0120671037585,
        "dvar": 0.00010464956722,
        "dvar2": 0.000247097952524,
        "max": 0.164541184902,
        "mean": 0.0343477725983,
        "median": 0.0270228218287,
        "min": 1.10747480208e-20,
        "var": 0.000810654251836
    },
    "spectral_energyband_high": {
        "dmean": 0.000692625588272,
        "dmean2": 0.00100396270864,
        "dvar": 1.07644632408e-06,
        "dvar2": 2.2463316327e-06,
        "max": 0.0243071094155,
        "mean": 0.00249568116851,
        "median": 0.00163636775687,
        "min": 8.53211921807e-21,
        "var": 7.22921186025e-06
    },
    "spectral_energyband_low": {
        "dmean": 0.00589888403192,
        "dmean2": 0.00910387095064,
        "dvar": 9.65549843386e-05,
        "dvar2": 0.000216961227125,
        "max": 0.135933429003,
        "mean": 0.0175304133445,
        "median": 0.00638903537765,
        "min": 1.95591734785e-23,
        "var": 0.000543733651284
    },
    "spectral_energyband_middle_high": {
        "dmean": 0.00204525771551,
        "dmean2": 0.00321773672476,
        "dvar": 8.45615795697e-06,
        "dvar2": 2.05483356694e-05,
        "max": 0.0535424724221,
        "mean": 0.00702045299113,
        "median": 0.00531139085069,
        "min": 1.33953044766e-21,
        "var": 4.65618868475e-05
    },
    "spectral_energyband_middle_low": {
        "dmean": 0.00355107127689,
        "dmean2": 0.00573318218812,
        "dvar": 3.82379730581e-05,
        "dvar2": 9.91137640085e-05,
        "max": 0.0764025300741,
        "mean": 0.00801221467555,
        "median": 0.0058757038787,
        "min": 4.22391671572e-22,
        "var": 6.48061541142e-05
    },
    "spectral_entropy": {
        "dmean": 0.10669067502,
        "dmean2": 0.158140540123,
        "dvar": 0.0116087337956,
        "dvar2": 0.0238049086183,
        "max": 9.81065940857,
        "mean": 7.88721179962,
        "median": 7.91161870956,
        "min": 6.32627487183,
        "var": 0.125801861286
    },
    "spectral_flux": {
        "dmean": 0.0184240210801,
        "dmean2": 0.0278952755034,
        "dvar": 0.000474335771287,
        "dvar2": 0.000928091234528,
        "max": 0.304411381483,
        "mean": 0.0866463556886,
        "median": 0.0817616656423,
        "min": 1.05236631909e-10,
        "var": 0.00233786250465
    },
    "spectral_kurtosis": {
        "dmean": 0.769713044167,
        "dmean2": 1.30541872978,
        "dvar": 1.06367182732,
        "dvar2": 3.16051578522,
        "max": 24.5252094269,
        "mean": 2.16513156891,
        "median": 1.78708839417,
        "min": -1.27383852005,
        "var": 3.12439846992
    },
    "spectral_rms": {
        "dmean": 0.000623832864221,
        "dmean2": 0.000935939489864,
        "dvar": 4.26327289915e-07,
        "dvar2": 9.41661198794e-07,
        "max": 0.0126699637622,
        "mean": 0.0052187545225,
        "median": 0.00513456203043,
        "min": 3.28704012793e-12,
        "var": 6.2746344156e-06
    },
    "spectral_rolloff": {
        "dmean": 598.805603027,
        "dmean2": 949.59197998,
        "dvar": 825624.4375,
        "dvar2": 1600278.625,
        "max": 18174.0234375,
        "mean": 2139.4375,
        "median": 1636.5234375,
        "min": 21.533203125,
        "var": 3818691.25
    },
    "spectral_skewness": {
        "dmean": 0.137807354331,
        "dmean2": 0.218853637576,
        "dvar": 0.0179041959345,
        "dvar2": 0.0439459681511,
        "max": 3.4531981945,
        "mean": 1.15912210941,
        "median": 1.12896978855,
        "min": -0.211335778236,
        "var": 0.106877170503
    },
    "spectral_spread": {
        "dmean": 423967.3125,
        "dmean2": 595979.25,
        "dvar": 389420515328,
        "dvar2": 554592960512,
        "max": 43322772,
        "mean": 5489499.5,
        "median": 5373368.5,
        "min": 1912789,
        "var": 2.77597546086e+12
    },
    "spectral_strongpeak": {
        "dmean": 0.461121410131,
        "dmean2": 0.783360958099,
        "dvar": 0.96534216404,
        "dvar2": 2.49603128433,
        "max": 21.523645401,
        "mean": 0.868825137615,
        "median": 0.466137707233,
        "min": 0,
        "var": 1.5193297863
    },
    "zerocrossingrate": {
        "dmean": 0.0110306302086,
        "dmean2": 0.0122357998043,
        "dvar": 0.00017214876425,
        "dvar2": 0.000165853707585,
        "max": 0.53759765625,
        "mean": 0.0811462104321,
        "median": 0.07470703125,
        "min": 0.00244140625,
        "var": 0.00214710016735
    },
    "barkbands": {
        "dmean": [0.000259402033407, 0.00506269419566, 0.00251811370254, 0.00124217895791, 0.00121730251703, 0.000583453278523, 0.000300088315271, 0.000726908096112, 0.00108043837827, 0.000612838717643, 0.000503483228385, 0.000699898751918, 0.000498744833749, 0.000469994323794, 0.000300046871416, 0.000368285458535, 0.000211240942008, 0.000150086823851, 0.000110165747174, 0.000286269583739, 0.00020098213281, 0.000196518114535, 0.00013611211034, 0.000120705728477, 9.89637774182e-05, 4.26030164817e-05, 4.5541511895e-08],
        "dmean2": [0.000422565615736, 0.00710227806121, 0.00401479424909, 0.00225829565898, 0.00199693767354, 0.00094667886151, 0.000493958825245, 0.00113875442185, 0.0017148264451, 0.00100733665749, 0.000825957395136, 0.00110268685967, 0.000816970714368, 0.000769358302932, 0.000497179746162, 0.000600891711656, 0.000346786808223, 0.000249687203905, 0.000181268944289, 0.000452456471976, 0.000322928157402, 0.000311076582875, 0.000207737510209, 0.000173472377355, 0.000139533352922, 6.33264862699e-05, 8.22607617579e-08],
        "dvar": [5.99727457029e-07, 7.35767971491e-05, 5.46043193026e-05, 1.61535481311e-05, 6.72954547554e-06, 1.34369383886e-06, 5.76240552164e-07, 3.89461820305e-06, 6.28934003544e-06, 1.28980718728e-06, 1.63777019679e-06, 2.22780704462e-06, 1.02451451767e-06, 1.47123716943e-06, 3.92629658563e-07, 9.14340489544e-07, 2.3658232351e-07, 5.42871418929e-08, 2.93568298559e-08, 3.77041203592e-07, 1.09235195112e-07, 8.52073682722e-08, 4.73693511083e-08, 5.78227812298e-08, 3.92960259887e-08, 8.4118259025e-09, 4.92051806743e-14],
        "dvar2": [1.58810587436e-06, 0.000136640795972, 0.000126942773932, 4.73810978292e-05, 1.7436892449e-05, 3.29470435645e-06, 1.45372371207e-06, 8.53366145748e-06, 1.42946737469e-05, 3.30609282173e-06, 4.34663070337e-06, 4.86390808874e-06, 2.5729243589e-06, 3.65777850675e-06, 1.01170564903e-06, 2.28560520554e-06, 6.11684015439e-07, 1.44840498706e-07, 7.67976473526e-08, 8.43996076583e-07, 2.79808745063e-07, 2.06594975793e-07, 1.05720559418e-07, 1.06844076697e-07, 7.98641082156e-08, 1.87749922276e-08, 1.43367969948e-13],
        "max": [0.0461544468999, 0.131266057491, 0.0753465816379, 0.0515017881989, 0.0509468652308, 0.0294763576239, 0.0184940677136, 0.0649893656373, 0.050032004714, 0.0297264158726, 0.0295366980135, 0.0434224233031, 0.0215305108577, 0.035525906831, 0.0134874945506, 0.0265985317528, 0.0148445852101, 0.0045094336383, 0.00288070412353, 0.0204784199595, 0.00701660802588, 0.00621283147484, 0.00448298593983, 0.00757059035823, 0.00633186195046, 0.00271630077623, 1.07143641799e-05],
        "mean": [0.000411130429711, 0.013674961403, 0.00285733886994, 0.00121862720698, 0.00203470583074, 0.000967645144556, 0.000404469232308, 0.00125814776402, 0.0019179492956, 0.00108308694325, 0.000767489429563, 0.00124185276218, 0.000856743077748, 0.000786346034147, 0.000507208576892, 0.000670381938107, 0.000411518092733, 0.000316930381814, 0.000241851666942, 0.000635643838905, 0.00050322705647, 0.000539903063327, 0.000378880678909, 0.000320201535942, 0.00024856388336, 9.28759473027e-05, 3.41317587527e-08],
        "median": [6.073440818e-05, 0.00347809493542, 0.000729046878405, 0.000420038151788, 0.000966098159552, 0.000511895515956, 0.000170982879354, 0.000429097359302, 0.000569647469092, 0.000408512743888, 0.000226148375077, 0.000461294170236, 0.000344059662893, 0.000335231015924, 0.000241379369982, 0.000258056126768, 0.000178603047971, 0.000207011951716, 0.000157082060468, 0.000261204142589, 0.000303204666125, 0.000396396120777, 0.000220059620915, 0.000126681145048, 7.10243402864e-05, 2.51505152846e-05, 1.76203140967e-09],
        "min": [8.51912742995e-24, 9.46731141676e-24, 6.00829913119e-24, 1.04411515268e-23, 2.12643247241e-23, 7.61489703729e-23, 1.82696689418e-22, 6.62253526207e-23, 2.70933110384e-23, 4.84103269378e-23, 4.86506707676e-23, 6.73129393735e-23, 9.52364886494e-23, 1.21269516989e-22, 1.04928799762e-22, 1.21358071358e-22, 7.195402896e-23, 1.83140508874e-22, 2.70296840421e-22, 4.82476972669e-22, 5.5436464265e-22, 5.98935460499e-22, 9.29007232583e-22, 7.61610898008e-22, 1.40230994225e-21, 1.74625077257e-21, 2.46291209852e-21],
        "var": [1.27236432945e-06, 0.000434257526649, 5.55667975277e-05, 1.02162075564e-05, 1.06104826045e-05, 2.4236524041e-06, 8.32841067222e-07, 7.99629833637e-06, 1.68957431015e-05, 3.99301734433e-06, 2.81182542494e-06, 5.78642357141e-06, 2.16305511458e-06, 3.08353537548e-06, 6.88771365276e-07, 2.32442562265e-06, 7.83093241807e-07, 1.39832678769e-07, 8.07266857805e-08, 1.06303798475e-06, 3.8564550664e-07, 3.14802122148e-07, 2.16227462602e-07, 2.87123270937e-07, 1.95718357077e-07, 4.01253927862e-08, 3.94589722496e-14]
    },
    "erbbands": {
        "dmean": [0.18247179687, 1.11675906181, 2.58269023895, 3.44112253189, 4.20674753189, 3.7375767231, 5.65893936157, 5.00074672699, 4.0472407341, 6.88574314117, 17.5345821381, 23.4389343262, 21.140953064, 19.4485168457, 20.346780777, 21.1039714813, 20.8537654877, 22.0345859528, 17.5589580536, 15.898765564, 16.6587181091, 13.0620203018, 8.71518039703, 4.93976688385, 6.90278863907, 13.9324226379, 9.87568187714, 7.46386623383, 7.68228340149, 5.31808376312, 3.91163301468, 2.59044098854, 2.12194490433, 1.3561425209, 0.623089790344, 0.300406128168, 0.0568307265639, 0.00151662807912, 4.91023856739e-05, 1.16352766781e-05],
        "dmean2": [0.226277947426, 1.6169012785, 3.90355753899, 5.93867683411, 7.33059883118, 6.10407686234, 9.06346416473, 7.99181556702, 6.64472579956, 11.0043420792, 27.0271949768, 37.0542984009, 33.4891662598, 31.6015720367, 32.6875991821, 34.0422439575, 34.3865203857, 35.3896369934, 28.9884605408, 26.0879020691, 27.353345871, 21.4554653168, 14.4389762878, 8.22079849243, 11.1267824173, 22.3324699402, 15.862953186, 11.9419231415, 12.2238903046, 8.37257671356, 5.97772026062, 3.91591143608, 3.05120038986, 1.97137665749, 0.897262990475, 0.438790798187, 0.0866948515177, 0.00233678310178, 7.20881289453e-05, 1.71471656358e-05],
        "dvar": [0.105577349663, 3.712444067, 48.0272445679, 108.532554626, 159.627166748, 63.9146652222, 159.011108398, 86.7423629761, 107.142494202, 277.273284912, 2005.46508789, 3509.09521484, 1888.49438477, 1964.7442627, 1944.76647949, 1822.43151855, 1555.3293457, 3772.30908203, 1643.16296387, 1275.26696777, 1239.4909668, 1027.55236816, 195.442367554, 58.2330513, 148.123962402, 911.568664551, 351.13394165, 159.907165527, 133.912612915, 69.266166687, 40.4355506897, 23.1899681091, 20.648355484, 8.56283283234, 1.5666218996, 0.397476643324, 0.017628127709, 1.40577194543e-05, 1.11916769185e-08, 2.12991707604e-10],
        "dvar2": [0.153930857778, 7.5626783371, 103.42301178, 297.87399292, 444.274291992, 163.742797852, 388.661071777, 198.892623901, 265.90411377, 640.192565918, 4409.13085938, 8058.38232422, 4451.33349609, 5228.86669922, 4921.45214844, 4316.25195312, 3919.09228516, 8861.52148438, 4310.58984375, 3182.875, 3089.57470703, 2611.82397461, 514.59185791, 154.729431152, 362.253387451, 2142.12304688, 846.507385254, 402.658660889, 332.580383301, 167.341339111, 89.0379180908, 50.856880188, 37.9483985901, 17.5267333984, 3.34687447548, 0.848522484303, 0.0430353544652, 3.46208435076e-05, 2.5732008524e-08, 4.77992256886e-10],
        "max": [5.52003383636, 26.7541923523, 73.4144058228, 126.864768982, 190.672714233, 169.927597046, 335.736785889, 213.004821777, 328.149475098, 471.270782471, 1480.53222656, 1522.62817383, 1020.83416748, 1095.42529297, 1390.42932129, 1041.95959473, 937.613952637, 1984.56347656, 1406.32324219, 1022.66015625, 732.229431152, 1048.66357422, 276.315979004, 169.387084961, 318.622894287, 692.378601074, 589.930297852, 360.008148193, 258.941192627, 119.151847839, 146.493286133, 124.234977722, 159.463821411, 91.3818664551, 34.0208282471, 18.0390605927, 4.43179655075, 0.13467399776, 0.00335273519158, 0.000363514205674],
        "mean": [0.470099568367, 2.76193451881, 3.61413574219, 3.8092110157, 4.86898612976, 6.29238843918, 10.0435562134, 8.13862323761, 6.11631393433, 11.6121578217, 31.3970680237, 40.9246368408, 39.8757781982, 34.427898407, 37.320941925, 40.1337013245, 38.968536377, 40.5328102112, 32.815864563, 30.5313587189, 32.404006958, 27.0305271149, 18.7889976501, 11.9246330261, 15.8932561874, 30.5040454865, 24.2249717712, 18.8604717255, 20.1088485718, 14.6176939011, 10.6150608063, 6.93945741653, 5.23523283005, 3.17649912834, 1.54003751278, 0.679628670216, 0.11439409852, 0.00312970578671, 0.000133322566398, 5.4493353673e-05],
        "median": [0.0848818048835, 0.734680533409, 1.35210931301, 1.36480820179, 1.87494957447, 2.79523015022, 4.43779087067, 4.2282500267, 3.02444911003, 5.04094982147, 12.3838691711, 13.3037567139, 15.4381637573, 13.4786310196, 15.7572669983, 17.8019618988, 17.7777271271, 17.0657730103, 16.9856739044, 14.5965270996, 15.485294342, 12.473947525, 12.4598932266, 8.36787700653, 8.94878101349, 12.2068433762, 13.7356653214, 12.0546379089, 14.5747375488, 10.0063743591, 6.24525690079, 3.05463814735, 1.87214064598, 0.904325008392, 0.449305564165, 0.199775502086, 0.0268732625991, 0.000733317574486, 5.63805406273e-05, 4.48123901151e-05],
        "min": [1.15950638112e-22, 2.60142870236e-21, 5.23443930591e-21, 1.91583123959e-20, 4.92091232748e-20, 8.08102596453e-20, 2.61378811357e-19, 8.11531130845e-19, 1.89979005555e-18, 2.82391065242e-18, 1.16284616243e-18, 6.69928459927e-19, 2.08371759386e-18, 9.66740871142e-19, 1.93602635664e-18, 3.37299500419e-18, 4.53406934575e-18, 5.89049128115e-18, 5.31675343161e-18, 5.35388391495e-18, 7.74106057474e-18, 5.03574652905e-18, 8.46947995805e-18, 1.28267878379e-17, 1.43381948824e-17, 2.43024853331e-17, 1.98940527283e-17, 2.47461883224e-17, 1.84335727126e-17, 3.03402040099e-17, 2.22955648417e-17, 1.73918578451e-17, 1.45897901375e-17, 1.44590277719e-17, 1.06502051582e-17, 6.04328849749e-18, 3.40652787225e-18, 1.51961825961e-18, 3.33573248215e-19, 3.38557302211e-20],
        "var": [0.654083907604, 16.987247467, 62.4649772644, 82.528968811, 132.438308716, 114.389923096, 351.383789062, 183.582962036, 183.882873535, 514.588989258, 4127.96923828, 8252.1015625, 5372.81005859, 3901.59033203, 4588.10058594, 4765.40039062, 3502.84570312, 8204.29394531, 3566.11791992, 2961.63549805, 3241.73632812, 3501.69262695, 499.092803955, 180.287902832, 431.345428467, 2486.66723633, 1110.20178223, 548.203491211, 452.253234863, 258.499938965, 180.924057007, 105.969139099, 92.6610412598, 34.9839668274, 7.65339326859, 1.84995770454, 0.080110155046, 5.62143977731e-05, 5.93969637919e-08, 2.04979655472e-09]
    },
    "gfcc": {
        "mean": [15.5047836304, 70.0697021484, -129.606155396, 41.744720459, -71.0348434448, 33.5150413513, -33.3216056824, 12.0970163345, -21.4729804993, 5.75281047821, -20.1942176819, -0.312903165817, -4.9461388588],
        "cov": [[6981.46972656, -1207.25366211, 1329.19714355, 619.824401855, 402.539276123, 749.109558105, -42.2087974548, 468.5184021, -296.629150391, 640.178100586, -129.031845093, 480.745422363, -282.308349609], [-1207.25366211, 1452.0423584, 173.611785889, 176.380355835, 201.39743042, -139.414474487, 178.15083313, -152.502655029, 179.029327393, -125.700271606, 180.572540283, -78.2211685181, 126.522132874], [1329.19714355, 173.611785889, 1609.58435059, 561.750366211, 267.412780762, 260.325195312, -96.490447998, 83.9913711548, -56.7568130493, 282.1144104, -50.6540298462, 288.514404297, -73.1399917603], [619.824401855, 176.380355835, 561.750366211, 480.572692871, 242.789367676, 136.178009033, 21.7632637024, 40.6613388062, 48.3842124939, 120.927856445, 51.8181533813, 107.457565308, 28.5350780487], [402.539276123, 201.39743042, 267.412780762, 242.789367676, 375.047515869, 165.471694946, 107.563964844, 100.672386169, 35.2247276306, 91.1936187744, 90.9475021362, 50.636341095, 16.6970348358], [749.109558105, -139.414474487, 260.325195312, 136.178009033, 165.471694946, 275.577362061, 93.8633804321, 108.464935303, -10.3221197128, 119.516197205, 29.2001171112, 69.8707427979, -22.4264240265], [-42.2087974548, 178.15083313, -96.490447998, 21.7632637024, 107.563964844, 93.8633804321, 247.606719971, 72.5227966309, 44.4068527222, 16.8522663116, 85.6573028564, -27.485868454, 24.8240585327], [468.5184021, -152.502655029, 83.9913711548, 40.6613388062, 100.672386169, 108.464935303, 72.5227966309, 164.898895264, 19.0639152527, 76.6204833984, 15.4429540634, 35.7081985474, -17.6927890778], [-296.629150391, 179.029327393, -56.7568130493, 48.3842124939, 35.2247276306, -10.3221197128, 44.4068527222, 19.0639152527, 171.248397827, 13.7421417236, 42.9932289124, -11.9688549042, 51.2191505432], [640.178100586, -125.700271606, 282.1144104, 120.927856445, 91.1936187744, 119.516197205, 16.8522663116, 76.6204833984, 13.7421417236, 186.990692139, 20.3229560852, 93.8763427734, -22.2968273163], [-129.031845093, 180.572540283, -50.6540298462, 51.8181533813, 90.9475021362, 29.2001171112, 85.6573028564, 15.4429540634, 42.9932289124, 20.3229560852, 145.034881592, -1.86769282818, 41.6878013611], [480.745422363, -78.2211685181, 288.514404297, 107.457565308, 50.636341095, 69.8707427979, -27.485868454, 35.7081985474, -11.9688549042, 93.8763427734, -1.86769282818, 146.480667114, 7.50836753845], [-282.308349609, 126.522132874, -73.1399917603, 28.5350780487, 16.6970348358, -22.4264240265, 24.8240585327, -17.6927890778, 51.2191505432, -22.2968273163, 41.6878013611, 7.50836753845, 101.172233582]],
        "icov": [[0.000368802488083, -0.000121939607197, 0.000270230666501, -0.000491624174174, 0.000206318203709, -0.000577269005589, 0.000311737239826, -0.000684186990838, 0.00066337332828, -0.000639814359602, 0.000343830848578, -0.000579000508878, 0.000581909611356], [-0.000121939607197, 0.00260340631939, -0.00161216082051, 0.00091003725538, -0.00181809905916, 0.00226428150199, -0.00253818929195, 0.00324431690387, -0.00235028518364, 0.0021003044676, -0.00177745416295, 0.00105561956298, -0.000719237141311], [0.000270230666501, -0.00161216082051, 0.00285603269003, -0.0023605057504, 0.00101752229966, -0.00193119782489, 0.00199290458113, -0.00196398957632, 0.00205496232957, -0.00220098416321, 0.00198019924574, -0.00271466420963, 0.00193228980061], [-0.000491624174174, 0.00091003725538, -0.0023605057504, 0.00620900467038, -0.00298117077909, 0.00103423791006, -0.000907667039428, 0.00290952902287, -0.00268827658147, 0.00103667576332, -0.00135718984529, 0.00107557931915, -0.00244595156983], [0.000206318203709, -0.00181809905916, 0.00101752229966, -0.00298117077909, 0.00715270545334, -0.00321442377754, 0.0013524213573, -0.00440786685795, 0.00206934846938, -0.0011887938017, -0.000893408549018, -0.00018238373741, 0.000502159819007], [-0.000577269005589, 0.00226428150199, -0.00193119782489, 0.00103423791006, -0.00321442377754, 0.0102404113859, -0.00473321042955, 0.00168967968784, -0.00144742720295, 0.000255065911915, -0.00121892301831, 0.000810890400317, -0.000641882885247], [0.000311737239826, -0.00253818929195, 0.00199290458113, -0.000907667039428, 0.0013524213573, -0.00473321042955, 0.00973154883832, -0.00544571736827, 0.00205212039873, -0.00183536671102, -0.000957085052505, 0.000635897158645, 3.20362196362e-05], [-0.000684186990838, 0.00324431690387, -0.00196398957632, 0.00290952902287, -0.00440786685795, 0.00168967968784, -0.00544571736827, 0.0153439687565, -0.00519242323935, 0.00115360179916, -0.00103784655221, 0.000480816932395, 0.000189610771486], [0.00066337332828, -0.00235028518364, 0.00205496232957, -0.00268827658147, 0.00206934846938, -0.00144742720295, 0.00205212039873, -0.00519242323935, 0.0111282337457, -0.00472813751549, 0.00158005021513, 0.000199914356926, -0.002381532453], [-0.000639814359602, 0.0021003044676, -0.00220098416321, 0.00103667576332, -0.0011887938017, 0.000255065911915, -0.00183536671102, 0.00115360179916, -0.00472813751549, 0.0143771264702, -0.00390557269566, -0.0032941934187, 0.00202529830858], [0.000343830848578, -0.00177745416295, 0.00198019924574, -0.00135718984529, -0.000893408549018, -0.00121892301831, -0.000957085052505, -0.00103784655221, 0.00158005021513, -0.00390557269566, 0.0126740932465, -0.00112893036567, -0.00187204487156], [-0.000579000508878, 0.00105561956298, -0.00271466420963, 0.00107557931915, -0.00018238373741, 0.000810890400317, 0.000635897158645, 0.000480816932395, 0.000199914356926, -0.0032941934187, -0.00112893036567, 0.0159790664911, -0.00661159353331], [0.000581909611356, -0.000719237141311, 0.00193228980061, -0.00244595156983, 0.000502159819007, -0.000641882885247, 3.20362196362e-05, 0.000189610771486, -0.002381532453, 0.00202529830858, -0.00187204487156, -0.00661159353331, 0.017208294943]]
    },
    "melbands": {
        "dmean": [0.00149983796291, 0.00117400812451, 0.000612467818428, 0.000268864270765, 0.0001901727519, 0.000107228406705, 6.09385424468e-05, 0.000100757963082, 0.000146005055285, 0.000157315778779, 0.000110302324174, 8.33765370771e-05, 6.10071074334e-05, 8.30319622764e-05, 5.19668101333e-05, 5.78951839998e-05, 4.08350861107e-05, 3.2915158954e-05, 2.32180027524e-05, 2.82461605821e-05, 1.77617257577e-05, 1.58688199008e-05, 9.09696791496e-06, 7.27819406166e-06, 4.22416724177e-06, 4.89121612191e-06, 7.27605811335e-06, 1.13869837151e-05, 7.66947050579e-06, 4.86512089992e-06, 4.85210148327e-06, 4.89203421239e-06, 4.30323188993e-06, 2.99927523884e-06, 2.62654270955e-06, 1.92460902326e-06, 1.71250849235e-06, 1.64782329648e-06, 1.44708701555e-06, 1.15512375487e-06],
        "dmean2": [0.00198086840101, 0.00177346088458, 0.00104637409095, 0.000451525993412, 0.000303531560348, 0.000172035666765, 9.99550320557e-05, 0.00015843003348, 0.000223954004468, 0.000249729433563, 0.000175456894794, 0.000135343158036, 9.94304573396e-05, 0.000131219014293, 8.50539654493e-05, 9.45872670854e-05, 6.57995115034e-05, 5.47711752006e-05, 3.85288949474e-05, 4.57783717138e-05, 2.92710628855e-05, 2.60557644651e-05, 1.49641764438e-05, 1.21287785078e-05, 7.08687684892e-06, 8.06414573162e-06, 1.16905766845e-05, 1.8251768779e-05, 1.23049685499e-05, 7.94206061983e-06, 7.81707603892e-06, 7.85747670307e-06, 6.94197706252e-06, 4.78831088913e-06, 4.08592723034e-06, 2.99737462228e-06, 2.64421100837e-06, 2.44950865635e-06, 2.13279986383e-06, 1.71789849901e-06],
        "dvar": [6.56878501104e-06, 6.10931374467e-06, 3.25603150486e-06, 4.37362587036e-07, 1.63194513902e-07, 3.91141021794e-08, 2.30891679109e-08, 6.53747278534e-08, 1.292355023e-07, 1.50275596411e-07, 5.03037647093e-08, 3.08700833784e-08, 1.80245507408e-08, 3.53309381751e-08, 1.51251580149e-08, 1.64895386234e-08, 1.25032357801e-08, 6.41194874973e-09, 2.44018072415e-09, 7.87327447682e-09, 1.25627819259e-09, 1.57010560109e-09, 2.92574298122e-10, 1.58294710673e-10, 4.53963949765e-11, 6.59259868918e-11, 2.47271064735e-10, 6.62136290241e-10, 2.56938331722e-10, 7.00035723833e-11, 6.89040144386e-11, 5.53837878337e-11, 4.31964117253e-11, 2.40754430281e-11, 1.76405834384e-11, 1.31976469683e-11, 1.18406968258e-11, 1.27227828967e-11, 9.49432546471e-12, 6.58054079977e-12],
        "dvar2": [1.09205484478e-05, 1.24855223476e-05, 8.87513942871e-06, 1.16680996598e-06, 3.89520323552e-07, 9.14254201234e-08, 5.74629090977e-08, 1.45287117448e-07, 2.82713216393e-07, 3.42706698575e-07, 1.1887723872e-07, 8.19069896352e-08, 4.7934793912e-08, 7.73527517595e-08, 3.78517306387e-08, 4.11512637299e-08, 2.98992333114e-08, 1.69599854161e-08, 6.25136076238e-09, 1.95399572078e-08, 3.14227843745e-09, 4.01860145161e-09, 7.39415195739e-10, 4.22661988742e-10, 1.2256723414e-10, 1.70268396604e-10, 5.82949910566e-10, 1.5775906137e-09, 6.0099702992e-10, 1.81591991444e-10, 1.78215497915e-10, 1.40467637522e-10, 1.08878087102e-10, 6.04624406098e-11, 4.04576754043e-11, 3.16085387031e-11, 2.78222549166e-11, 2.47491003386e-11, 1.91325236903e-11, 1.44767774157e-11],
        "max": [0.0426292158663, 0.0297895465046, 0.0207203216851, 0.0134534426033, 0.011764543131, 0.00428681261837, 0.00433091865852, 0.0064490698278, 0.00976030994207, 0.00976330414414, 0.00498876860365, 0.00405447464436, 0.00417002523318, 0.00611490616575, 0.00297123217024, 0.00256819278002, 0.00340706249699, 0.00291182356887, 0.00119825091679, 0.0027413633652, 0.000807508768048, 0.00129846890923, 0.000599542923737, 0.000262760848273, 0.000144368590554, 0.000162617710885, 0.000420701078838, 0.000677173724398, 0.000652199611068, 0.000198857800569, 0.000194027365069, 0.000154956054757, 0.000193048050278, 7.1471069532e-05, 7.79548936407e-05, 0.000105382663605, 9.0333778644e-05, 0.000114323513117, 8.51914082887e-05, 7.67045494285e-05],
        "mean": [0.00402694940567, 0.00251085869968, 0.000712010485586, 0.000381888792617, 0.000354655028787, 0.000177030859049, 8.86710040504e-05, 0.000172929285327, 0.000256053346675, 0.000271919649094, 0.000201406030101, 0.000143862620462, 0.000107203930384, 0.000142879711348, 8.47315532155e-05, 9.823597793e-05, 6.98562798789e-05, 5.56371196581e-05, 3.87088293792e-05, 4.99539128214e-05, 3.17662197631e-05, 2.97901024169e-05, 1.74501892616e-05, 1.4734287106e-05, 8.79404433363e-06, 9.85721180768e-06, 1.44912492033e-05, 2.24611430895e-05, 1.67284306372e-05, 1.10717146526e-05, 1.07521300379e-05, 1.15218899737e-05, 1.02589947346e-05, 7.36849096938e-06, 6.50277615932e-06, 4.67669542559e-06, 4.06654680773e-06, 3.82978669222e-06, 3.15038687404e-06, 2.50812149716e-06],
        "median": [0.000929196481593, 0.001007566927, 0.000284267356619, 0.000165555247804, 0.000164088429301, 9.28478475544e-05, 4.23177807534e-05, 6.22262741672e-05, 9.63855345617e-05, 7.856234879e-05, 7.34714121791e-05, 5.41346598766e-05, 4.27971936006e-05, 5.39465545444e-05, 2.97347396554e-05, 3.47396126017e-05, 2.76986665995e-05, 2.55389913946e-05, 1.8492262825e-05, 1.61875905178e-05, 1.5937786884e-05, 1.16858218462e-05, 1.06125917227e-05, 8.63339937496e-06, 5.71417513129e-06, 5.96670861341e-06, 6.38352184978e-06, 7.74002546677e-06, 8.29088548926e-06, 6.23891946816e-06, 6.63158834868e-06, 7.850278962e-06, 7.33646766093e-06, 4.44888519269e-06, 3.78351410291e-06, 2.15294448935e-06, 1.70129885646e-06, 1.38076450185e-06, 9.36055585044e-07, 6.56862368942e-07],
        "min": [2.30008608009e-24, 3.54660542833e-24, 4.70263454214e-24, 4.61337059198e-24, 7.7928981363e-24, 1.65676709309e-23, 3.24174311065e-23, 2.68295033299e-23, 8.07658356187e-24, 4.30105385429e-24, 1.0104468059e-23, 3.21136754818e-24, 6.81264064281e-24, 8.03437792572e-24, 6.08024442903e-24, 1.14934351764e-23, 1.12061217795e-23, 9.09752497883e-24, 7.17952328375e-24, 6.33462682742e-24, 9.5452003871e-24, 4.94099280896e-24, 5.03428034417e-24, 9.90665250956e-24, 1.06238943109e-23, 1.008047801e-23, 1.39193970301e-23, 1.62913881761e-23, 1.16007652245e-23, 1.33537948051e-23, 1.49673040794e-23, 9.40056037354e-24, 1.27357688286e-23, 1.7641225426e-23, 1.17834204451e-23, 1.3775355762e-23, 9.13597484821e-24, 8.97778457088e-24, 1.2916843172e-23, 1.14275763348e-23],
        "var": [4.1408209654e-05, 1.49951065396e-05, 2.56171006185e-06, 4.98695783335e-07, 4.03621555733e-07, 8.01985038379e-08, 3.75778945738e-08, 1.40633162005e-07, 2.9036897331e-07, 3.85510361411e-07, 1.42923454405e-07, 6.48947349191e-08, 3.68190775646e-08, 8.69423004701e-08, 3.15190646916e-08, 3.55289948573e-08, 2.61265391543e-08, 1.40540468152e-08, 4.11232337072e-09, 1.89339850465e-08, 2.61888044584e-09, 5.21175236301e-09, 5.78114334182e-10, 3.87633869448e-10, 1.1625106433e-10, 1.5572185208e-10, 6.13854189702e-10, 1.61548430189e-09, 6.92699286819e-10, 2.05522127095e-10, 1.89872215173e-10, 1.62440838558e-10, 1.28231925078e-10, 7.66805299812e-11, 6.78792230757e-11, 4.65217690759e-11, 4.2060729899e-11, 5.1108048349e-11, 3.63423180438e-11, 2.28948318637e-11]
    },
    "mfcc": {
        "mean": [-617.769042969, 90.5710144043, 1.47152233124, 11.9125862122, -5.38565158844, 16.9680919647, 0.410228192806, 7.2963347435, 8.15900993347, 3.57184290886, -1.05704259872, 1.53356099129, -1.79295051098],
        "cov": [[5864.22851562, -1079.01330566, 590.58972168, 173.764648438, 412.762237549, 352.941894531, 435.189208984, 142.450073242, 66.504486084, 140.860809326, 168.348709106, 161.938522339, 221.159469604], [-1079.01330566, 1124.54772949, 130.823852539, 237.26423645, 56.6012229919, 64.1070556641, 22.2539024353, 29.8172626495, -11.247792244, -8.79228019714, 19.0739154816, 16.6997966766, 40.508895874], [590.58972168, 130.823852539, 1147.76293945, 394.422790527, 340.81842041, 265.26260376, 14.043182373, 7.61135721207, 41.3176803589, -82.3729400635, 46.097240448, 110.491584778, 94.4112625122], [173.764648438, 237.26423645, 394.422790527, 422.731048584, 243.833007812, 152.399978638, 62.724407196, 24.4416046143, 41.4042549133, -2.4782230854, 31.258523941, 75.6925964355, 93.9106750488], [412.762237549, 56.6012229919, 340.81842041, 243.833007812, 369.004486084, 147.156234741, 90.5606689453, 36.7099113464, 42.2432632446, 22.5843658447, 40.907371521, 68.7896728516, 78.3630828857], [352.941894531, 64.1070556641, 265.26260376, 152.399978638, 147.156234741, 230.979446411, 93.8466186523, 41.5659217834, 42.885597229, 30.7589054108, 43.6422271729, 60.6331710815, 60.8919906616], [435.189208984, 22.2539024353, 14.043182373, 62.724407196, 90.5606689453, 93.8466186523, 300.36895752, 85.968963623, 4.16529607773, 94.9864959717, 61.1480941772, 15.7549352646, 64.2275161743], [142.450073242, 29.8172626495, 7.61135721207, 24.4416046143, 36.7099113464, 41.5659217834, 85.968963623, 114.577224731, 43.9504890442, 39.9450454712, 33.5409240723, 14.8781337738, 25.6318912506], [66.504486084, -11.247792244, 41.3176803589, 41.4042549133, 42.2432632446, 42.885597229, 4.16529607773, 43.9504890442, 115.353683472, 34.4473457336, 21.6406402588, 33.7970352173, 16.0449981689], [140.860809326, -8.79228019714, -82.3729400635, -2.4782230854, 22.5843658447, 30.7589054108, 94.9864959717, 39.9450454712, 34.4473457336, 143.053359985, 57.2581939697, 14.4509592056, 36.5654296875], [168.348709106, 19.0739154816, 46.097240448, 31.258523941, 40.907371521, 43.6422271729, 61.1480941772, 33.5409240723, 21.6406402588, 57.2581939697, 96.1021957397, 37.684967041, 25.4729785919], [161.938522339, 16.6997966766, 110.491584778, 75.6925964355, 68.7896728516, 60.6331710815, 15.7549352646, 14.8781337738, 33.7970352173, 14.4509592056, 37.684967041, 95.6172180176, 54.7669029236], [221.159469604, 40.508895874, 94.4112625122, 93.9106750488, 78.3630828857, 60.8919906616, 64.2275161743, 25.6318912506, 16.0449981689, 36.5654296875, 25.4729785919, 54.7669029236, 118.40839386]],
