{
"lowlevel": {
    "average_loudness": 0.809545040131,
    "barkbands_crest": {
        "dmean": 3.25978374481,
        "dmean2": 5.12401103973,
        "dvar": 8.08272361755,
        "dvar2": 19.63580513,
        "max": 26.1781349182,
        "mean": 11.8875732422,
        "median": 11.1147041321,
        "min": 2.22443175316,
        "var": 26.7011451721
    },
    "barkbands_flatness_db": {
        "dmean": 0.0263501219451,
        "dmean2": 0.0381789393723,
        "dvar": 0.000565172871575,
        "dvar2": 0.00121015647892,
        "max": 0.397272646427,
        "mean": 0.114361263812,
        "median": 0.10652525723,
        "min": 0.0146930981427,
        "var": 0.00274208164774
    },
    "barkbands_kurtosis": {
        "dmean": 3.35908937454,
        "dmean2": 5.22320890427,
        "dvar": 69.5530853271,
        "dvar2": 160.16859436,
        "max": 253.855194092,
        "mean": 3.86365270615,
        "median": 0.461322069168,
        "min": -1.93449115753,
        "var": 143.175308228
    },
    "barkbands_skewness": {
        "dmean": 0.632634937763,
        "dmean2": 0.957837641239,
        "dvar": 0.496179491282,
        "dvar2": 1.11950135231,
        "max": 13.9934501648,
        "mean": 1.43781590462,
        "median": 1.08917975426,
        "min": -2.85674667358,
        "var": 2.08250617981
    },
    "barkbands_spread": {
        "dmean": 7.70049142838,
        "dmean2": 11.8685026169,
        "dvar": 64.9710083008,
        "dvar2": 147.710906982,
        "max": 113.893013,
        "mean": 31.3984336853,
        "median": 30.2267932892,
        "min": 0.517430961132,
        "var": 266.357940674
    },
    "dissonance": {
        "dmean": 0.015164504759,
        "dmean2": 0.0263112466782,
        "dvar": 0.000242695692577,
        "dvar2": 0.000683107122313,
        "max": 0.500000119209,
        "mean": 0.478077530861,
        "median": 0.483765244484,
        "min": 0.330495029688,
        "var": 0.000409984902944
    },
    "dynamic_complexity": 2.91689538956,
    "erbbands_crest": {
        "dmean": 2.61226344109,
        "dmean2": 4.21594333649,
        "dvar": 5.98064804077,
        "dvar2": 14.2403917313,
        "max": 31.6201591492,
        "mean": 9.21661376953,
        "median": 7.65768861771,
        "min": 2.07397699356,
        "var": 25.7408561707
    },
    "erbbands_flatness_db": {
        "dmean": 0.0172515306622,
        "dmean2": 0.0250865444541,
        "dvar": 0.000245416129474,
        "dvar2": 0.000483749550767,
        "max": 0.33425411582,
        "mean": 0.132642507553,
        "median": 0.122112929821,
        "min": 0.0332988239825,
        "var": 0.00258669327013
    },
    "erbbands_kurtosis": {
        "dmean": 0.897557973862,
        "dmean2": 1.42011773586,
        "dvar": 1.56203556061,
        "dvar2": 3.6584880352,
        "max": 28.0941162109,
        "mean": 0.852755963802,
        "median": 0.151986837387,
        "min": -1.65523374081,
        "var": 5.05667209625
    },
    "erbbands_skewness": {
        "dmean": 0.339108139277,
        "dmean2": 0.521372556686,
        "dvar": 0.092688664794,
        "dvar2": 0.21215762198,
        "max": 3.54280781746,
        "mean": 0.140400826931,
        "median": 0.154776349664,
        "min": -4.10758304596,
        "var": 0.552955567837
    },
    "erbbands_spread": {
        "dmean": 7.60645532608,
        "dmean2": 11.5282783508,
        "dvar": 64.3128128052,
        "dvar2": 132.284317017,
        "max": 139.141616821,
        "mean": 36.8445091248,
        "median": 34.1824913025,
        "min": 4.30227088928,
        "var": 346.640869141
    },
    "hfc": {
        "dmean": 9.57194709778,
        "dmean2": 14.2763700485,
        "dvar": 141.348983765,
        "dvar2": 309.534088135,
        "max": 145.627410889,
        "mean": 32.2441062927,
        "median": 29.0358486176,
        "min": 1.19275394454e-16,
        "var": 543.413757324
    },
    "melbands_crest": {
        "dmean": 3.94693231583,
        "dmean2": 6.21017169952,
        "dvar": 11.9470081329,
        "dvar2": 28.4626178741,
        "max": 37.9111785889,
        "mean": 17.1090717316,
        "median": 16.9551124573,
        "min": 2.23436760902,
        "var": 40.8422050476
    },
    "melbands_flatness_db": {
        "dmean": 0.032081015408,
        "dmean2": 0.046593979001,
        "dvar": 0.000827710202429,
        "dvar2": 0.00179321411997,
        "max": 0.495791107416,
        "mean": 0.18192987144,
        "median": 0.175535336137,
        "min": 0.0058187963441,
        "var": 0.00398886483163
    },
    "melbands_kurtosis": {
        "dmean": 9.8213968277,
        "dmean2": 15.0164041519,
        "dvar": 395.881286621,
        "dvar2": 879.039733887,
        "max": 541.7890625,
        "mean": 15.802406311,
        "median": 5.80402565002,
        "min": -1.67568349838,
        "var": 915.671020508
    },
    "melbands_skewness": {
        "dmean": 0.952192187309,
        "dmean2": 1.42815482616,
        "dvar": 1.06377410889,
        "dvar2": 2.29800057411,
        "max": 18.6530075073,
        "mean": 2.82789254189,
        "median": 2.27620148659,
        "min": -0.828616738319,
        "var": 4.73342657089
    },
    "melbands_spread": {
        "dmean": 9.2444896698,
        "dmean2": 14.2619962692,
        "dvar": 104.242584229,
        "dvar2": 229.557220459,
        "max": 164.24369812,
        "mean": 29.9629230499,
        "median": 27.6233711243,
        "min": 0.520201385021,
        "var": 342.935882568
    },
    "pitch_salience": {
        "dmean": 0.0857636556029,
        "dmean2": 0.132821589708,
        "dvar": 0.00615955144167,
        "dvar2": 0.0142194032669,
        "max": 0.951357424259,
        "mean": 0.48058873415,
        "median": 0.475183010101,
        "min": 0.0803272947669,
        "var": 0.0215391535312
    },
    "silence_rate_20dB": {
        "dmean": 0,
        "dmean2": 0,
        "dvar": 0,
        "dvar2": 0,
        "max": 1,
        "mean": 1,
        "median": 1,
        "min": 1,
        "var": 0
    },
    "silence_rate_30dB": {
        "dmean": 0.00825569033623,
        "dmean2": 0.0165133289993,
        "dvar": 0.00818767491728,
        "dvar2": 0.0207234695554,
        "max": 1,
        "mean": 0.992217004299,
        "median": 1,
        "min": 0,
        "var": 0.00772262597457
    },
    "silence_rate_60dB": {
        "dmean": 0.00872744433582,
        "dmean2": 0.0174569468945,
        "dvar": 0.00865139625967,
        "dvar2": 0.0204553063959,
        "max": 1,
        "mean": 0.0617924518883,
        "median": 0,
        "min": 0,
        "var": 0.0579703636467
    },
    "spectral_centroid": {
        "dmean": 264.509552002,
        "dmean2": 407.753234863,
        "dvar": 70828.1328125,
        "dvar2": 145662.234375,
        "max": 11012.8359375,
        "mean": 1810.03894043,
        "median": 1810.79931641,
        "min": 180.514083862,
        "var": 392548.15625
    },
    "spectral_complexity": {
        "dmean": 4.6208281517,
        "dmean2": 6.74357175827,
        "dvar": 19.9202289581,
        "dvar2": 37.052318573,
        "max": 56,
        "mean": 22.3856124878,
        "median": 22,
        "min": 0,
        "var": 107.21056366
    },
    "spectral_decrease": {
        "dmean": 2.95537416761e-09,
        "dmean2": 4.63123095429e-09,
        "dvar": 1.15243580491e-17,
        "dvar2": 2.91653560772e-17,
        "max": -1.92060324346e-29,
        "mean": -8.8802201148e-09,
        "median": -8.0119946233e-09,
        "min": -6.17336581854e-08,
        "var": 3.51707998209e-17
    },
    "spectral_energy": {
        "dmean": 0.0115766618401,
        "dmean2": 0.0181120634079,
        "dvar": 0.000168573984411,
        "dvar2": 0.000426023296313,
        "max": 0.235749185085,
        "mean": 0.0364407151937,
        "median": 0.0333324223757,
        "min": 1.08911292729e-20,
        "var": 0.00054809008725
    },
    "spectral_energyband_high": {
        "dmean": 0.000653259106912,
        "dmean2": 0.00098172260914,
        "dvar": 9.71176291387e-07,
        "dvar2": 2.10516827792e-06,
        "max": 0.0156869981438,
        "mean": 0.00157445541117,
        "median": 0.00108136562631,
        "min": 7.73578985742e-21,
        "var": 2.62696448772e-06
    },
    "spectral_energyband_low": {
        "dmean": 0.00962243136019,
        "dmean2": 0.0147653399035,
        "dvar": 0.000162622542121,
        "dvar2": 0.000408189313021,
        "max": 0.226071670651,
        "mean": 0.0193176921457,
        "median": 0.0147612262517,
        "min": 1.23297949744e-22,
        "var": 0.000353726412868
    },
    "spectral_energyband_middle_high": {
        "dmean": 0.00313483900391,
        "dmean2": 0.00474542332813,
        "dvar": 1.71630526893e-05,
        "dvar2": 4.08517917094e-05,
        "max": 0.0757767409086,
        "mean": 0.0102092474699,
        "median": 0.00647656153888,
        "min": 1.54509260489e-21,
        "var": 0.000106910440081
    },
    "spectral_energyband_middle_low": {
        "dmean": 0.00345619767904,
        "dmean2": 0.00552052911371,
        "dvar": 2.67664363491e-05,
        "dvar2": 6.57709751977e-05,
        "max": 0.0727325603366,
        "mean": 0.00622275238857,
        "median": 0.00405808817595,
        "min": 4.86812703665e-22,
        "var": 4.68676735181e-05
    },
    "spectral_entropy": {
        "dmean": 0.13541957736,
        "dmean2": 0.198861286044,
        "dvar": 0.0152157787234,
        "dvar2": 0.0308001954108,
        "max": 9.80118274689,
        "mean": 7.87869262695,
        "median": 7.9009513855,
        "min": 6.40779161453,
        "var": 0.0899438261986
    },
    "spectral_flux": {
        "dmean": 0.0275040213019,
        "dmean2": 0.042828258127,
        "dvar": 0.000669658125844,
        "dvar2": 0.00156245136168,
        "max": 0.312898755074,
        "mean": 0.101624369621,
        "median": 0.0977360978723,
        "min": 1.04360575737e-10,
        "var": 0.00222790730186
    },
    "spectral_kurtosis": {
        "dmean": 0.899425208569,
        "dmean2": 1.43682551384,
        "dvar": 0.70262658596,
        "dvar2": 1.89267575741,
        "max": 12.7487926483,
        "mean": 3.70795965195,
        "median": 3.54411816597,
        "min": -1.22089016438,
        "var": 3.04625272751
    },
    "spectral_rms": {
        "dmean": 0.000919778016396,
        "dmean2": 0.00141888030339,
        "dvar": 7.80536765888e-07,
        "dvar2": 1.88458295725e-06,
        "max": 0.0151657247916,
        "mean": 0.00559902843088,
        "median": 0.00570258125663,
        "min": 3.25967659982e-12,
        "var": 4.20269861934e-06
    },
    "spectral_rolloff": {
        "dmean": 673.760742188,
        "dmean2": 1108.96594238,
        "dvar": 1190955.25,
        "dvar2": 2754273.75,
        "max": 18626.2207031,
        "mean": 1785.84899902,
        "median": 1550.390625,
        "min": 21.533203125,
        "var": 2233628
    },
    "spectral_skewness": {
        "dmean": 0.158770799637,
        "dmean2": 0.243355736136,
        "dvar": 0.019532866776,
        "dvar2": 0.0447111427784,
        "max": 2.59763216972,
        "mean": 1.48198461533,
        "median": 1.49592351913,
        "min": 0.00687314476818,
        "var": 0.0947557762265
    },
    "spectral_spread": {
        "dmean": 616138.25,
        "dmean2": 869223.9375,
        "dvar": 590212104192,
        "dvar2": 1.03439538586e+12,
        "max": 40339236,
        "mean": 5332813,
        "median": 5133418.5,
        "min": 2373934.5,
        "var": 2.60356230349e+12
    },
    "spectral_strongpeak": {
        "dmean": 0.592857897282,
        "dmean2": 1.03959083557,
        "dvar": 1.6007194519,
        "dvar2": 4.17098665237,
        "max": 12.1630764008,
        "mean": 0.931497573853,
        "median": 0.371334075928,
        "min": 0,
        "var": 2.40552663803
    },
    "zerocrossingrate": {
        "dmean": 0.0146535625681,
        "dmean2": 0.0171848163009,
        "dvar": 0.000211966937059,
        "dvar2": 0.000258845248027,
        "max": 0.55908203125,
        "mean": 0.0756234228611,
        "median": 0.0712890625,
        "min": 0.00341796875,
        "var": 0.00143549067434
    },
    "barkbands": {
        "dmean": [0.000356090517016, 0.00821559969336, 0.00295279501006, 0.00122974871192, 0.00134954310488, 0.00057695718715, 0.000411377608543, 0.000265715323621, 0.000881650892552, 0.000943937455304, 0.000871031836141, 0.000880318402778, 0.000553100311663, 0.000543613394257, 0.000489178055432, 0.000435397349065, 0.00035133617348, 0.00032041297527, 0.000253272941336, 0.00011875974451, 0.000168861151906, 0.000167664897162, 0.000118514799397, 7.89390178397e-05, 8.94086333574e-05, 0.000117275347293, 6.97269861121e-05],
        "dmean2": [0.000566133181565, 0.012958179228, 0.00469577638432, 0.00212750793435, 0.00234788144007, 0.000979022006504, 0.000662996782921, 0.000434794288594, 0.00142734928522, 0.00149334280286, 0.00135059526656, 0.00140353874303, 0.00089080206817, 0.000876286125276, 0.000781640119385, 0.000709066051058, 0.000565977941733, 0.000492057472002, 0.000400103861466, 0.000188955076737, 0.000264947651885, 0.000260232685832, 0.000186077377293, 0.000121229983051, 0.000135763810249, 0.00018240402278, 0.000108751053631],
        "dvar": [1.43960471632e-06, 0.0001468436094, 3.42888233718e-05, 8.33532430988e-06, 9.31778322411e-06, 1.18293087326e-06, 6.65731590743e-07, 5.39379357178e-07, 3.85929388358e-06, 3.70716770703e-06, 4.83416033603e-06, 5.31932346348e-06, 1.63090498972e-06, 1.20943059301e-06, 1.27903638258e-06, 7.1244562605e-07, 5.67658446471e-07, 5.41765757589e-07, 1.60751042699e-07, 3.25939879531e-08, 1.04693278047e-07, 1.20560130767e-07, 4.8859398305e-08, 1.86908142297e-08, 3.38626833241e-08, 5.17031075731e-08, 2.87231145535e-08],
        "dvar2": [3.83177803087e-06, 0.000381492456654, 8.19354463601e-05, 2.30498353631e-05, 2.593733916e-05, 3.20657227348e-06, 1.58660407124e-06, 1.2793083215e-06, 9.23867355596e-06, 8.90762930794e-06, 1.10781957119e-05, 1.30745338538e-05, 3.74486671717e-06, 2.96356461149e-06, 3.20633921547e-06, 1.86715385553e-06, 1.39878852679e-06, 1.17612580652e-06, 3.79223934033e-07, 7.60414806678e-08, 2.36601110259e-07, 2.72874842722e-07, 1.10871894776e-07, 4.14403089621e-08, 7.26765279069e-08, 1.22920667422e-07, 6.98687614431e-08],
        "max": [0.0682350024581, 0.215519040823, 0.0708122327924, 0.0504159927368, 0.0414148420095, 0.0165514945984, 0.0135617693886, 0.0307266060263, 0.0707726106048, 0.048875361681, 0.0465577803552, 0.0494533739984, 0.0424339026213, 0.0291491262615, 0.0366755649447, 0.0161844342947, 0.0171498972923, 0.0161657202989, 0.00676134321839, 0.00308337947354, 0.00701057771221, 0.00642552785575, 0.0060637104325, 0.00385378417559, 0.00507900118828, 0.00321175926365, 0.00254356628284],
        "mean": [0.000507181975991, 0.0148211074993, 0.00330665591173, 0.00128542713355, 0.0014147470938, 0.00070172525011, 0.000582742854021, 0.00038571661571, 0.00150023994502, 0.00164624117315, 0.00169041904155, 0.00166585331317, 0.000885456276592, 0.000948756118305, 0.000867144728545, 0.000714601774234, 0.000620096921921, 0.000629991758615, 0.000575779995415, 0.000241851754254, 0.000325836299453, 0.000345336447936, 0.000244619237492, 0.000157506350661, 0.00015038435231, 0.000151186672156, 7.40248360671e-05],
        "median": [0.000170634535607, 0.0105367247015, 0.00112494663335, 0.000416981813032, 0.000580064253882, 0.000346187094692, 0.000256662606262, 0.00014283710334, 0.000515388208441, 0.000542402151041, 0.000312355987262, 0.000326152425259, 0.000331308750901, 0.000308924034471, 0.000318899925333, 0.00027970894007, 0.000258998712525, 0.000228267424973, 0.000280228006886, 0.000155388144776, 0.000160327355843, 0.00014918364468, 0.000148610852193, 9.68889944488e-05, 7.58647365728e-05, 5.51083649043e-05, 1.33657758852e-05],
        "min": [2.58974310382e-23, 6.83736038814e-23, 2.74871324904e-23, 8.36382832785e-24, 5.56537708319e-23, 1.26272485471e-22, 4.73838832161e-23, 1.26984959397e-22, 9.24312740269e-23, 9.35599509665e-23, 8.93735103187e-23, 1.06231909625e-22, 1.03376933657e-22, 6.96891777467e-23, 9.75632307339e-23, 7.87786792212e-23, 1.30669204882e-22, 1.70523265607e-22, 4.52951057568e-22, 3.70092919859e-22, 3.76898176764e-22, 4.00007964268e-22, 7.0059279729e-22, 9.90403784587e-22, 1.08689927e-21, 1.62142828918e-21, 2.5586423005e-21],
        "var": [2.19080379793e-06, 0.000258377607679, 3.76769639843e-05, 7.10881295163e-06, 7.43909549783e-06, 1.27895555124e-06, 1.01429270671e-06, 9.54226948124e-07, 1.51661315613e-05, 8.8095503088e-06, 1.78563932423e-05, 2.14006395254e-05, 3.87203181162e-06, 3.31713272317e-06, 3.5459938772e-06, 1.50552625655e-06, 1.14763963666e-06, 1.56539385898e-06, 5.13220925313e-07, 7.69301493619e-08, 2.19135344537e-07, 3.01962671756e-07, 1.03759553838e-07, 3.90132726125e-08, 6.841173672e-08, 6.71707667266e-08, 2.90976078787e-08]
    },
    "erbbands": {
        "dmean": [0.215819761157, 1.98632419109, 3.50512862206, 3.66390347481, 4.547955513, 4.36672306061, 4.04345083237, 4.48253536224, 5.28096199036, 5.9966378212, 6.87752389908, 21.3954868317, 20.5933322906, 33.2589416504, 34.3812294006, 37.1529541016, 26.4425907135, 25.7850112915, 25.3199825287, 24.273235321, 20.2086486816, 16.8168354034, 17.7256088257, 11.7578878403, 12.2691860199, 5.25200939178, 8.21500682831, 5.51307296753, 5.12604570389, 4.29315233231, 3.56144618988, 1.9147644043, 1.27198755741, 1.00949549675, 0.665539562702, 0.577658414841, 0.174997672439, 0.0783086419106, 0.0133420126513, 0.000305054825731],
        "dmean2": [0.330866605043, 3.12867212296, 5.37467718124, 6.05606651306, 7.90027332306, 7.53890514374, 6.95534467697, 7.56086444855, 8.57577228546, 9.65772724152, 10.9605493546, 34.5184326172, 33.4774360657, 52.3312225342, 52.7509002686, 59.3321685791, 41.9875068665, 41.5008277893, 40.4345245361, 39.4625205994, 32.556438446, 26.5350189209, 26.961183548, 18.1843166351, 19.2428092957, 8.21961307526, 12.9184093475, 8.67227840424, 8.02535915375, 6.62873601913, 5.61368083954, 2.98332595825, 1.93231701851, 1.52505099773, 1.04154098034, 0.91108751297, 0.269375950098, 0.124670907855, 0.0207547470927, 0.00046946835937],
        "dvar": [0.108497194946, 9.14025020599, 38.4035224915, 68.5799636841, 111.207572937, 92.7644577026, 58.4407997131, 68.9666061401, 113.651054382, 168.385467529, 294.328491211, 2719.99365234, 1963.07141113, 4988.87304688, 7081.43994141, 10846.3300781, 3760.97607422, 2986.4621582, 3402.65429688, 2649.69287109, 1736.03283691, 1360.4161377, 1910.42456055, 355.139129639, 457.058654785, 54.7414131165, 299.33480835, 122.206031799, 98.948348999, 75.2010192871, 42.2789955139, 10.7538995743, 5.38663768768, 4.82381439209, 2.0272500515, 1.30999350548, 0.120201513171, 0.0341464579105, 0.00111585087143, 6.56011025058e-07],
        "dvar2": [0.264421612024, 23.429775238, 87.5080184937, 183.659484863, 306.792633057, 254.105239868, 159.317489624, 185.782119751, 272.247894287, 381.399749756, 710.079833984, 6416.23291016, 5019.13232422, 11787.7900391, 16106.3330078, 27319.4453125, 8572.2734375, 7282.95605469, 8670.52734375, 6839.44384766, 4547.52490234, 3341.60205078, 4077.69946289, 815.786743164, 1049.09729004, 124.265602112, 670.169128418, 284.671020508, 225.778747559, 167.663574219, 96.5689697266, 24.3746337891, 11.662106514, 10.1176919937, 4.76813220978, 3.17496657372, 0.280106723309, 0.0847278088331, 0.00270499894395, 1.57199838213e-06],
        "max": [7.68769884109, 41.9459877014, 62.5744171143, 126.822380066, 149.498138428, 121.195487976, 173.524673462, 142.149749756, 155.00567627, 349.94631958, 730.588256836, 2001.51916504, 1301.48327637, 1269.38623047, 1757.57275391, 2534.23657227, 2352.73413086, 1675.85095215, 1789.46374512, 1454.89318848, 889.300842285, 1203.50683594, 966.373779297, 388.094177246, 349.656097412, 154.282775879, 447.321380615, 248.642333984, 231.255096436, 212.170181274, 211.398956299, 88.2548294067, 55.6610984802, 60.2244224548, 36.3211936951, 23.0265350342, 5.27353048325, 2.46959137917, 0.462021023035, 0.0122830467299],
        "mean": [0.4356533885, 3.2150812149, 4.58503675461, 4.22383785248, 4.70373487473, 4.57166051865, 4.7107334137, 5.63936948776, 7.5512881279, 8.96668624878, 11.7477245331, 37.5224647522, 35.7014122009, 62.5767250061, 76.1977462769, 70.783493042, 47.1605186462, 48.1516304016, 48.5572319031, 44.6371879578, 36.7235145569, 33.2253341675, 36.0296440125, 27.3288154602, 27.8319187164, 12.5209369659, 15.6446084976, 11.3895435333, 10.7522249222, 8.94664001465, 7.33863735199, 3.89295220375, 2.46756148338, 1.81257557869, 0.974771380424, 0.710502624512, 0.23786342144, 0.0893809422851, 0.0140749868006, 0.000354949268512],
        "median": [0.288728713989, 2.01916384697, 1.98688662052, 1.66862773895, 1.64708423615, 1.95033717155, 2.37586593628, 2.81411671638, 3.35989904404, 4.06788730621, 5.02406311035, 12.5837802887, 15.9454755783, 20.5540885925, 17.6760559082, 16.6150436401, 18.9131698608, 17.6270942688, 18.6521759033, 17.7325401306, 16.4566612244, 14.8157300949, 13.7617797852, 13.8161678314, 13.1763381958, 8.84526729584, 7.33370494843, 5.72698497772, 5.29665088654, 4.55758666992, 4.5011715889, 2.51572608948, 1.45192635059, 0.979875743389, 0.436067759991, 0.25996914506, 0.0872975811362, 0.0241395104676, 0.00228153727949, 0.000100789984572],
        "min": [3.62222471016e-21, 9.40035189969e-21, 2.85382448898e-20, 3.22142484567e-20, 6.0021265685e-20, 2.46267048747e-19, 5.53587367927e-19, 1.08310863972e-18, 8.22702515211e-19, 1.5826787872e-18, 2.35581906995e-18, 2.43959406123e-18, 2.91932697006e-18, 2.92370668461e-18, 4.31771446627e-18, 4.27655644053e-18, 4.76730780871e-18, 3.36140082714e-18, 4.05247403977e-18, 5.39121623035e-18, 5.01227279762e-18, 7.31386811047e-18, 9.37072218675e-18, 1.47100655073e-17, 2.25023302163e-17, 1.96304997502e-17, 1.62887099279e-17, 1.38986129069e-17, 1.41619905227e-17, 1.67107904159e-17, 2.1836499454e-17, 2.14197344286e-17, 1.55399410743e-17, 9.8795052651e-18, 9.08122799751e-18, 7.77827129459e-18, 2.64260424268e-18, 1.18453731963e-18, 3.79568548628e-19, 3.59540677153e-20],
        "var": [0.25644788146, 14.4099369049, 52.2421531677, 63.1253967285, 94.6869277954, 73.9304504395, 58.4634857178, 80.5120925903, 174.154296875, 293.707580566, 681.966430664, 11818.1376953, 3761.29492188, 13773.4707031, 31911.7089844, 40117.6132812, 9905.10351562, 8246.76367188, 9963.20117188, 8182.84130859, 4183.29785156, 2997.77319336, 5423.53662109, 1348.796875, 1347.74926758, 163.505630493, 598.028625488, 271.673492432, 260.941741943, 177.403152466, 92.5743637085, 21.5220661163, 11.5104761124, 10.2285728455, 3.23533606529, 1.62420725822, 0.166682288051, 0.03450903669, 0.0011242540786, 6.72048997785e-07]
    },
    "gfcc": {
        "mean": [35.4528160095, 56.3181114197, -112.84185791, 28.9462604523, -42.3127250671, 29.1099834442, -22.0373668671, 15.2709064484, -19.2013473511, 3.92157459259, -15.7694978714, 5.20222473145, -10.3345422745],
        "cov": [[5280.13525391, -717.237121582, 1249.46520996, 61.2454071045, 648.757080078, -33.7755355835, 128.84475708, 45.4460144043, -72.6632232666, 161.520904541, 14.1858711243, 398.657684326, -218.845321655], [-717.237121582, 1012.59844971, 73.3253479004, 250.711639404, 62.9672203064, 110.575500488, 51.6391792297, 13.2836456299, 56.6520576477, -37.5215950012, 60.6343002319, -82.7143249512, 50.8091850281], [1249.46520996, 73.3253479004, 1421.15063477, 338.133789062, 445.821258545, 63.2615966797, 60.6245765686, 24.6499919891, 21.9258708954, 140.442611694, -1.61973333359, 204.676635742, -69.9632644653], [61.2454071045, 250.711639404, 338.133789062, 459.639801025, 130.148330688, 69.0263442993, 54.1526756287, 45.7325134277, 51.3934631348, 21.871131897, 14.5875434875, 53.1873474121, 13.8153562546], [648.757080078, 62.9672203064, 445.821258545, 130.148330688, 402.454376221, 45.3368606567, 119.624778748, 54.233505249, 30.1920375824, 51.0464172363, 44.1827735901, 97.5641708374, -19.6962528229], [-33.7755355835, 110.575500488, 63.2615966797, 69.0263442993, 45.3368606567, 233.315078735, 75.2630157471, -31.0680389404, 12.0548048019, 24.4491615295, 9.8897485733, -6.37944793701, -0.186250582337], [128.84475708, 51.6391792297, 60.6245765686, 54.1526756287, 119.624778748, 75.2630157471, 201.684173584, 49.6542854309, 41.0622024536, 26.4488792419, 46.0644035339, 34.1218261719, 18.0419521332], [45.4460144043, 13.2836456299, 24.6499919891, 45.7325134277, 54.233505249, -31.0680389404, 49.6542854309, 155.820510864, 48.211315155, 8.41549968719, 12.4388570786, 23.9634132385, 13.7710695267], [-72.6632232666, 56.6520576477, 21.9258708954, 51.3934631348, 30.1920375824, 12.0548048019, 41.0622024536, 48.211315155, 120.819778442, 34.4178352356, 14.8430042267, 4.67494010925, 28.8817501068], [161.520904541, -37.5215950012, 140.442611694, 21.871131897, 51.0464172363, 24.4491615295, 26.4488792419, 8.41549968719, 34.4178352356, 106.710906982, 37.9299316406, 45.4701080322, -9.00745868683], [14.1858711243, 60.6343002319, -1.61973333359, 14.5875434875, 44.1827735901, 9.8897485733, 46.0644035339, 12.4388570786, 14.8430042267, 37.9299316406, 128.79284668, 33.1967964172, 7.4655418396], [398.657684326, -82.7143249512, 204.676635742, 53.1873474121, 97.5641708374, -6.37944793701, 34.1218261719, 23.9634132385, 4.67494010925, 45.4701080322, 33.1967964172, 130.074417114, 10.2649755478], [-218.845321655, 50.8091850281, -69.9632644653, 13.8153562546, -19.6962528229, -0.186250582337, 18.0419521332, 13.7710695267, 28.8817501068, -9.00745868683, 7.4655418396, 10.2649755478, 85.2622680664]],
        "icov": [[0.000360260542948, 0.000160182404215, -0.000123472389532, 9.31277972995e-05, -0.00029410442221, 3.52834613295e-05, -9.37002478167e-05, 4.39037285105e-05, 1.56075248015e-06, 0.000150783409481, 0.000104299026134, -0.000746125471778, 0.000753799220547], [0.000160182404215, 0.00162948085926, -0.000277189712506, -0.000695632887073, -0.000333713047439, -0.000425772683229, 0.000114328031486, 7.53027848077e-07, -0.00022485286172, 0.000847576477099, -0.00118204206228, 0.00153326394502, -0.000692346773576], [-0.000123472389532, -0.000277189712506, 0.00172639987431, -0.000705640472006, -0.00123120914213, 3.1707011658e-05, 0.000502866343595, 0.000340012222296, 0.000169393766555, -0.00142842403147, 0.00115904165432, -0.00136007508263, 0.000787520199083], [9.31277972995e-05, -0.000695632887073, -0.000705640472006, 0.00340079632588, 5.33747261215e-05, -0.000645887805149, 9.79731885309e-06, -0.000607990950812, -0.000879159255419, 0.000781885755714, 0.000200816444703, -0.00127484812401, 0.0001468580449], [-0.00029410442221, -0.000333713047439, -0.00123120914213, 5.33747261215e-05, 0.00532552693039, -7.35078720027e-05, -0.00207557994872, -0.000692674075253, -0.000397889205487, 0.000808871525805, -0.000860497530084, -0.000817514955997, 0.000600201950874], [3.52834613295e-05, -0.000425772683229, 3.1707011658e-05, -0.000645887805149, -7.35078720027e-05, 0.00595664000139, -0.0026182658039, 0.00204965821467, 0.000266680959612, -0.00166192522738, 0.000804348266684, 0.000837661034893, 0.000256797269685], [-9.37002478167e-05, 0.000114328031486, 0.000502866343595, 9.79731885309e-06, -0.00207557994872, -0.0026182658039, 0.00823956169188, -0.00189849257004, -0.000987719628029, 0.000152580716531, -0.00166549813002, -0.000309996976284, -0.0012858309783], [4.39037285105e-05, 7.53027848077e-07, 0.000340012222296, -0.000607990950812, -0.000692674075253, 0.00204965821467, -0.00189849257004, 0.00876867212355, -0.00295367510989, 0.000592827214859, 0.000417957955506, -0.00116396485828, 0.000486381439259], [1.56075248015e-06, -0.00022485286172, 0.000169393766555, -0.000879159255419, -0.000397889205487, 0.000266680959612, -0.000987719628029, -0.00295367510989, 0.0126466630027, -0.0052938987501, 0.000629964051768, 0.00262671546079, -0.00420041289181], [0.000150783409481, 0.000847576477099, -0.00142842403147, 0.000781885755714, 0.000808871525805, -0.00166192522738, 0.000152580716531, 0.000592827214859, -0.0052938987501, 0.0159416683018, -0.00416477117687, -0.00338005810045, 0.00288731814362], [0.000104299026134, -0.00118204206228, 0.00115904165432, 0.000200816444703, -0.000860497530084, 0.000804348266684, -0.00166549813002, 0.000417957955506, 0.000629964051768, -0.00416477117687, 0.0110722463578, -0.00338523136452, 0.000763231015299], [-0.000746125471778, 0.00153326394502, -0.00136007508263, -0.00127484812401, -0.000817514955997, 0.000837661034893, -0.000309996976284, -0.00116396485828, 0.00262671546079, -0.00338005810045, -0.00338523136452, 0.0170388706028, -0.00667349854484], [0.000753799220547, -0.000692346773576, 0.000787520199083, 0.0001468580449, 0.000600201950874, 0.000256797269685, -0.0012858309783, 0.000486381439259, -0.00420041289181, 0.00288731814362, 0.000763231015299, -0.00667349854484, 0.0174955483526]]
    },
    "melbands": {
        "dmean": [0.00212387903593, 0.00198558275588, 0.000598065322265, 0.00034350855276, 0.000137501992867, 0.000102005164081, 8.26470204629e-05, 6.33435047348e-05, 7.10097519914e-05, 0.000134890316986, 0.000105875253212, 0.00013861793559, 0.000123945719679, 0.000104185681266, 7.36821602914e-05, 5.62310924579e-05, 5.09770143253e-05, 4.39324321633e-05, 3.31152587023e-05, 3.26722220052e-05, 2.46762883762e-05, 1.76692265086e-05, 2.36962478084e-05, 1.41361915666e-05, 1.01933446786e-05, 1.09805259854e-05, 6.15794988335e-06, 3.44898398907e-06, 6.35542392047e-06, 3.61850811714e-06, 3.90807281292e-06, 3.54338635589e-06, 2.82767314275e-06, 2.30288446801e-06, 2.34257595366e-06, 1.62474100307e-06, 1.12556426757e-06, 9.58373107096e-07, 8.44483736273e-07, 9.24465211938e-07],
        "dmean2": [0.00333383772522, 0.00301879597828, 0.000962221703958, 0.000598108512349, 0.000234273509705, 0.000171732666786, 0.000133638226544, 0.000101947814983, 0.000112890156743, 0.000218057422899, 0.000172174273757, 0.000218447079533, 0.000192327162949, 0.000162298674695, 0.000116837909445, 9.07556022867e-05, 8.18022308522e-05, 7.05205238773e-05, 5.30245961272e-05, 5.35601466254e-05, 3.97218864236e-05, 2.81299162452e-05, 3.71742717107e-05, 2.16096323129e-05, 1.61058669619e-05, 1.74163942575e-05, 9.61972546065e-06, 5.52663277631e-06, 1.01214900496e-05, 5.75101785216e-06, 6.1732866925e-06, 5.65581967749e-06, 4.39898713012e-06, 3.62246260011e-06, 3.72403451365e-06, 2.57270698967e-06, 1.78401228368e-06, 1.48988988258e-06, 1.29297040985e-06, 1.41560587963e-06],
        "dvar": [9.7371666925e-06, 8.93068408914e-06, 1.62362562151e-06, 6.45625618745e-07, 5.88424811099e-08, 3.5408415755e-08, 2.74638338738e-08, 2.00309333565e-08, 3.06646796844e-08, 9.48138563217e-08, 5.29818997563e-08, 8.75352768048e-08, 1.05551492879e-07, 7.72757431378e-08, 3.10170840123e-08, 1.44546561387e-08, 1.19861995884e-08, 9.04692498693e-09, 5.87315174272e-09, 4.27862856256e-09, 3.07829850499e-09, 1.64790026069e-09, 3.40608474758e-09, 1.19277587807e-09, 2.86708073949e-10, 3.86306209244e-10, 1.06024578006e-10, 2.45754597228e-11, 2.2077598083e-10, 5.512974105e-11, 7.96883323217e-11, 5.24711975258e-11, 3.54402930614e-11, 2.18806379265e-11, 2.01723932697e-11, 7.43227875077e-12, 3.99539776264e-12, 2.91126671381e-12, 2.81036673967e-12, 4.73767206022e-12],
        "dvar2": [2.52976133197e-05, 2.01102284336e-05, 4.1490861804e-06, 1.78310710908e-06, 1.59179606385e-07, 9.57263921464e-08, 6.6067094906e-08, 4.53014905588e-08, 7.26350251057e-08, 2.26972403539e-07, 1.35597545636e-07, 2.06286244975e-07, 2.46905472068e-07, 1.82926640946e-07, 7.26756113067e-08, 3.3989259407e-08, 2.86025532148e-08, 2.29146639441e-08, 1.46562335601e-08, 1.14474794088e-08, 8.06131339459e-09, 4.0264009904e-09, 7.50650652748e-09, 2.68478661525e-09, 6.79316380925e-10, 9.24345600062e-10, 2.48319559359e-10, 5.81896059115e-11, 4.91733709307e-10, 1.26863727856e-10, 1.8638658672e-10, 1.25658747296e-10, 8.05899721956e-11, 5.09319704467e-11, 4.76356315504e-11, 1.73362817157e-11, 9.29189798021e-12, 6.56678184052e-12, 6.02776726102e-12, 1.04563198378e-11],
        "max": [0.0649518370628, 0.031604167074, 0.0199965201318, 0.0109829474241, 0.00475828070194, 0.00334871560335, 0.00254593649879, 0.00389883690514, 0.00575243216008, 0.0109297819436, 0.00663388939574, 0.00516607472673, 0.00742280716076, 0.00536483433098, 0.00349429319613, 0.004100673832, 0.0035434695892, 0.0023067756556, 0.00232945615426, 0.00150374649093, 0.00115626212209, 0.00133884651586, 0.00118555047084, 0.000974998401944, 0.000354405114194, 0.00036972592352, 0.000175341076101, 0.000121783290524, 0.000374182069208, 0.000166321231518, 0.000183611526154, 0.000157605172717, 0.000170028652065, 0.000119863536383, 0.000168104015756, 6.13905358477e-05, 6.21251165285e-05, 3.8904723624e-05, 4.75087435916e-05, 6.31944203633e-05],
        "mean": [0.00405806582421, 0.00315170479007, 0.000751823827159, 0.000353109906428, 0.000165587625816, 0.00012763866107, 0.000118051357276, 9.44635321503e-05, 0.000123154022731, 0.000228438744671, 0.000174087981577, 0.000247707968811, 0.000256475264905, 0.000202965340577, 0.000127150822664, 9.16774952202e-05, 8.89810544322e-05, 7.79046458774e-05, 5.93735203438e-05, 5.3345807828e-05, 4.20870856033e-05, 3.10965515382e-05, 4.23133606091e-05, 2.59924727288e-05, 2.10510188481e-05, 2.30071109399e-05, 1.25459173432e-05, 7.0289524956e-06, 1.10510118247e-05, 6.63229320708e-06, 7.04718195266e-06, 6.7229693741e-06, 5.36553079655e-06, 4.4806392907e-06, 4.51633150078e-06, 3.13949612973e-06, 2.08095048038e-06, 1.76673995611e-06, 1.51039569118e-06, 1.55928205459e-06],
        "median": [0.00293825985864, 0.0017528461758, 0.000311390554998, 0.000132736255182, 8.85989575181e-05, 6.34345487924e-05, 5.23160415469e-05, 4.13528832723e-05, 4.70553641208e-05, 7.73805295466e-05, 7.05574639142e-05, 7.45581783121e-05, 5.0829097745e-05, 4.19132229581e-05, 3.81662903237e-05, 3.36811717716e-05, 2.82740438706e-05, 2.77302060567e-05, 2.27976179303e-05, 2.02884148166e-05, 1.473496377e-05, 1.36972657856e-05, 1.29095133161e-05, 1.0036625099e-05, 9.80051481747e-06, 1.02470448837e-05, 6.78155947753e-06, 4.52229869552e-06, 4.49118124379e-06, 3.43870851793e-06, 2.96761004392e-06, 3.0004096061e-06, 2.46796730607e-06, 2.37935637415e-06, 2.63814445134e-06, 1.92443189917e-06, 1.28931014842e-06, 1.00775832834e-06, 8.06191053471e-07, 8.23803816274e-07],
        "min": [2.61484828659e-23, 1.36568546545e-23, 6.43448754612e-24, 9.29137413565e-24, 1.8694504618e-23, 2.437725032e-23, 1.23805526516e-23, 1.94350430596e-23, 1.84297928749e-23, 1.54274119355e-23, 1.43767864715e-23, 1.17651046726e-23, 1.29861327696e-23, 1.39299015019e-23, 1.16390305005e-23, 7.50617717397e-24, 6.54949676078e-24, 5.92082037325e-24, 7.65446961351e-24, 7.23274694017e-24, 5.64112816159e-24, 6.74985520337e-24, 1.10799182342e-23, 5.76200216265e-24, 1.16952644501e-23, 2.00477639465e-23, 1.1870266931e-23, 1.25834121777e-23, 1.05432056732e-23, 9.46435082178e-24, 6.46913471151e-24, 6.94198937658e-24, 9.58971817456e-24, 9.48615257062e-24, 1.20566645078e-23, 1.38807665116e-23, 1.24020349118e-23, 1.12667204965e-23, 8.94274652492e-24, 7.80473104988e-24],
        "var": [1.911590698e-05, 1.56993355631e-05, 1.74268234332e-06, 5.17149203461e-07, 5.96903291239e-08, 4.08671496643e-08, 4.24312140979e-08, 3.6159530481e-08, 9.69330571365e-08, 3.78437306381e-07, 9.95597702058e-08, 2.3797828419e-07, 4.15777492435e-07, 3.15224752967e-07, 9.63730997228e-08, 3.60560861168e-08, 3.26397149308e-08, 2.62875339274e-08, 1.50800207877e-08, 1.02930144408e-08, 7.39719574483e-09, 3.24437676724e-09, 8.16049361418e-09, 2.83394396838e-09, 9.02032781802e-10, 1.02174779748e-09, 2.66108440838e-10, 6.11492176339e-11, 4.05921546376e-10, 1.00947659953e-10, 1.48688172885e-10, 1.19293450118e-10, 7.70903896274e-11, 4.40079916952e-11, 4.05802058623e-11, 1.5052296215e-11, 7.1634599294e-12, 5.83746505994e-12, 5.80452960003e-12, 8.97682188999e-12]
    },
    "mfcc": {
        "mean": [-611.946777344, 95.5484161377, -5.23733472824, 14.3301820755, 7.13787841797, 15.8862028122, 10.1049537659, 15.4250621796, 6.72437000275, 7.63853168488, 2.4696803093, 0.248898804188, 1.02015006542],
        "cov": [[3788.64233398, -271.515625, 321.960296631, 241.144805908, 263.962890625, 103.917152405, 119.090744019, 128.185546875, -98.0783157349, -54.9081306458, 76.9393844604, -5.17387914658, 115.138954163], [-271.515625, 677.652282715, 161.329284668, 127.655517578, 139.721511841, 75.989692688, 87.7656555176, 40.8322753906, 5.54150867462, 56.6461677551, 22.8300609589, 6.30831956863, 46.8367958069], [321.960296631, 161.329284668, 792.917297363, 317.568969727, 269.652832031, 201.841567993, 58.8574943542, 36.5727157593, 46.1269187927, -37.1049346924, 69.2276992798, 54.5832138062, 29.6105232239], [241.144805908, 127.655517578, 317.568969727, 457.736053467, 211.481826782, 59.0542640686, 71.344833374, 96.3435974121, 60.1457977295, -12.5687656403, 48.5534858704, 69.6299285889, 32.0464820862], [263.962890625, 139.721511841, 269.652832031, 211.481826782, 280.809875488, 88.4755020142, 60.1637191772, 53.146194458, 16.7696323395, 11.2831258774, 32.3520812988, 22.0063228607, 39.4081954956], [103.917152405, 75.989692688, 201.841567993, 59.0542640686, 88.4755020142, 277.264984131, 79.0344238281, 30.9407978058, 18.768163681, 16.013507843, 46.8920211792, -16.3464031219, 26.3787117004], [119.090744019, 87.7656555176, 58.8574943542, 71.344833374, 60.1637191772, 79.0344238281, 164.718704224, 69.3292236328, -10.4654102325, 34.9602012634, 28.559841156, 8.899974823, 38.4340934753], [128.185546875, 40.8322753906, 36.5727157593, 96.3435974121, 53.146194458, 30.9407978058, 69.3292236328, 128.757873535, 48.68699646, 21.4086589813, 20.843503952, 8.16055870056, 22.0987625122], [-98.0783157349, 5.54150867462, 46.1269187927, 60.1457977295, 16.7696323395, 18.768163681, -10.4654102325, 48.68699646, 145.249771118, 20.4616031647, 11.8667392731, 11.0442686081, -16.2089576721], [-54.9081306458, 56.6461677551, -37.1049346924, -12.5687656403, 11.2831258774, 16.013507843, 34.9602012634, 21.4086589813, 20.4616031647, 103.204872131, 35.0294723511, -7.59782266617, 15.4505968094], [76.9393844604, 22.8300609589, 69.2276992798, 48.5534858704, 32.3520812988, 46.8920211792, 28.559841156, 20.843503952, 11.8667392731, 35.0294723511, 85.0311279297, 32.8050804138, 18.2789134979], [-5.17387914658, 6.30831956863, 54.5832138062, 69.6299285889, 22.0063228607, -16.3464031219, 8.899974823, 8.16055870056, 11.0442686081, -7.59782266617, 32.8050804138, 94.9361114502, 28.0258350372], [115.138954163, 46.8367958069, 29.6105232239, 32.0464820862, 39.4081954956, 26.3787117004, 38.4340934753, 22.0987625122, -16.2089576721, 15.4505968094, 18.2789134979, 28.0258350372, 86.4434127808]],
