{
"lowlevel": {
    "average_loudness": 0.774102210999,
    "barkbands_crest": {
        "dmean": 2.61100673676,
        "dmean2": 4.2945151329,
        "dvar": 5.51413297653,
        "dvar2": 14.9396495819,
        "max": 24.6471099854,
        "mean": 10.7626838684,
        "median": 10.174118042,
        "min": 2.65499782562,
        "var": 18.3174114227
    },
    "barkbands_flatness_db": {
        "dmean": 0.01827208139,
        "dmean2": 0.0285033043474,
        "dvar": 0.000279005937045,
        "dvar2": 0.000715952541213,
        "max": 0.36980882287,
        "mean": 0.149208769202,
        "median": 0.146277263761,
        "min": 0.0294576417655,
        "var": 0.00181523500942
    },
    "barkbands_kurtosis": {
        "dmean": 2.09336304665,
        "dmean2": 3.35209178925,
        "dvar": 14.475985527,
        "dvar2": 37.8972015381,
        "max": 122.345504761,
        "mean": 3.30787611008,
        "median": 1.3405547142,
        "min": -1.9110686779,
        "var": 40.5710983276
    },
    "barkbands_skewness": {
        "dmean": 0.451696753502,
        "dmean2": 0.708466768265,
        "dvar": 0.227160930634,
        "dvar2": 0.57065820694,
        "max": 10.1051311493,
        "mean": 1.31916093826,
        "median": 1.23925876617,
        "min": -2.56282806396,
        "var": 1.39985466003
    },
    "barkbands_spread": {
        "dmean": 4.09850597382,
        "dmean2": 6.34779691696,
        "dvar": 23.6509189606,
        "dvar2": 49.5521812439,
        "max": 89.2868423462,
        "mean": 21.0198745728,
        "median": 18.8582038879,
        "min": 1.32542467117,
        "var": 135.430786133
    },
    "dissonance": {
        "dmean": 0.0177804268897,
        "dmean2": 0.0298492070287,
        "dvar": 0.000313929398544,
        "dvar2": 0.000866803573444,
        "max": 0.500000119209,
        "mean": 0.463454455137,
        "median": 0.471498638391,
        "min": 0.29726216197,
        "var": 0.000875423080288
    },
    "dynamic_complexity": 3.67513847351,
    "erbbands_crest": {
        "dmean": 2.22566342354,
        "dmean2": 3.64766216278,
        "dvar": 4.03913831711,
        "dvar2": 10.1297740936,
        "max": 29.3173942566,
        "mean": 8.66348552704,
        "median": 7.9223742485,
        "min": 2.22850394249,
        "var": 12.6167201996
    },
    "erbbands_flatness_db": {
        "dmean": 0.0143728852272,
        "dmean2": 0.0207968633622,
        "dvar": 0.000154636218213,
        "dvar2": 0.000303097418509,
        "max": 0.332816660404,
        "mean": 0.17377859354,
        "median": 0.168658584356,
        "min": 0.0542489849031,
        "var": 0.00218588346615
    },
    "erbbands_kurtosis": {
        "dmean": 0.778096199036,
        "dmean2": 1.21412324905,
        "dvar": 0.972068071365,
        "dvar2": 2.17601108551,
        "max": 20.4872627258,
        "mean": 0.582110285759,
        "median": -0.12047791481,
        "min": -1.82861864567,
        "var": 4.70672035217
    },
    "erbbands_skewness": {
        "dmean": 0.305770426989,
        "dmean2": 0.465680807829,
        "dvar": 0.0712355598807,
        "dvar2": 0.156688898802,
        "max": 3.06558966637,
        "mean": 0.149802222848,
        "median": 0.219055980444,
        "min": -3.58866596222,
        "var": 0.779790222645
    },
    "erbbands_spread": {
        "dmean": 5.45935964584,
        "dmean2": 8.4027671814,
        "dvar": 37.4071617126,
        "dvar2": 77.6579818726,
        "max": 126.594314575,
        "mean": 32.1382293701,
        "median": 30.2410335541,
        "min": 3.96298789978,
        "var": 214.238861084
    },
    "hfc": {
        "dmean": 3.48399066925,
        "dmean2": 5.25281667709,
        "dvar": 21.7623119354,
        "dvar2": 50.5116157532,
        "max": 81.806892395,
        "mean": 17.9279918671,
        "median": 12.9222402573,
        "min": 1.26267320561e-16,
        "var": 265.353515625
    },
    "melbands_crest": {
        "dmean": 3.40189051628,
        "dmean2": 5.61898088455,
        "dvar": 9.47499084473,
        "dvar2": 25.0077857971,
        "max": 37.8793640137,
        "mean": 14.9832429886,
        "median": 14.3705396652,
        "min": 1.61805200577,
        "var": 35.6764602661
    },
    "melbands_flatness_db": {
        "dmean": 0.0210009887815,
        "dmean2": 0.0331537611783,
        "dvar": 0.000413116853451,
        "dvar2": 0.00103453022894,
        "max": 0.443922311068,
        "mean": 0.202973723412,
        "median": 0.198421791196,
        "min": 0.00391279952601,
        "var": 0.00327276275493
    },
    "melbands_kurtosis": {
        "dmean": 4.75772809982,
        "dmean2": 7.69180393219,
        "dvar": 72.396446228,
        "dvar2": 184.169586182,
        "max": 168.111846924,
        "mean": 9.56982040405,
        "median": 5.37544155121,
        "min": -1.8340985775,
        "var": 182.821166992
    },
    "melbands_skewness": {
        "dmean": 0.601320624352,
        "dmean2": 0.955217719078,
        "dvar": 0.425780534744,
        "dvar2": 1.04495358467,
        "max": 12.0411481857,
        "mean": 2.22580766678,
        "median": 2.02198648453,
        "min": -1.63259792328,
        "var": 2.14262986183
    },
    "melbands_spread": {
        "dmean": 5.64579391479,
        "dmean2": 8.86113166809,
        "dvar": 54.0224075317,
        "dvar2": 114.607780457,
        "max": 204.87197876,
        "mean": 24.5921287537,
        "median": 20.5578517914,
        "min": 1.58785939217,
        "var": 303.218780518
    },
    "pitch_salience": {
        "dmean": 0.0672344267368,
        "dmean2": 0.110311903059,
        "dvar": 0.00359882460907,
        "dvar2": 0.00976587459445,
        "max": 0.95010226965,
        "mean": 0.525476872921,
        "median": 0.526171267033,
        "min": 0.0920374244452,
        "var": 0.0133454976603
    },
    "silence_rate_20dB": {
        "dmean": 0,
        "dmean2": 0,
        "dvar": 0,
        "dvar2": 0,
        "max": 1,
        "mean": 1,
        "median": 1,
        "min": 1,
        "var": 0
    },
    "silence_rate_30dB": {
        "dmean": 0.000484613527078,
        "dmean2": 0.000969344459008,
        "dvar": 0.000484380696435,
        "dvar2": 0.00145308498759,
        "max": 1,
        "mean": 0.999757707119,
        "median": 1,
        "min": 0,
        "var": 0.000242186230025
    },
    "silence_rate_60dB": {
        "dmean": 0.0208383817226,
        "dmean2": 0.0416818112135,
        "dvar": 0.020403990522,
        "dvar2": 0.0481854937971,
        "max": 1,
        "mean": 0.0883101150393,
        "median": 0,
        "min": 0,
        "var": 0.0805236920714
    },
    "spectral_centroid": {
        "dmean": 179.774047852,
        "dmean2": 270.139556885,
        "dvar": 44151.7109375,
        "dvar2": 75745.9140625,
        "max": 11132.6123047,
        "mean": 1408.28515625,
        "median": 1395.60632324,
        "min": 255.633972168,
        "var": 381278.65625
    },
    "spectral_complexity": {
        "dmean": 2.40029072762,
        "dmean2": 3.91239547729,
        "dvar": 5.16704893112,
        "dvar2": 12.3667402267,
        "max": 49,
        "mean": 18.3457298279,
        "median": 18,
        "min": 0,
        "var": 105.671333313
    },
    "spectral_decrease": {
        "dmean": 1.58181179266e-09,
        "dmean2": 2.58530641339e-09,
        "dvar": 5.44996259746e-18,
        "dvar2": 1.49118826875e-17,
        "max": 1.39292115865e-29,
        "mean": -6.14137185551e-09,
        "median": -5.62252466807e-09,
        "min": -3.87280465475e-08,
        "var": 2.26713381047e-17
    },
    "spectral_energy": {
        "dmean": 0.00616992963478,
        "dmean2": 0.0100641222671,
        "dvar": 7.98149194452e-05,
        "dvar2": 0.000217357737711,
        "max": 0.148866176605,
        "mean": 0.0248050075024,
        "median": 0.0228071697056,
        "min": 1.14002532854e-20,
        "var": 0.00035777312587
    },
    "spectral_energyband_high": {
        "dmean": 0.000110637702164,
        "dmean2": 0.000150277584908,
        "dvar": 7.27652462729e-08,
        "dvar2": 1.21880674442e-07,
        "max": 0.00936323404312,
        "mean": 0.000339064281434,
        "median": 0.000198643552721,
        "min": 8.08529143768e-21,
        "var": 3.01841083683e-07
    },
    "spectral_energyband_low": {
        "dmean": 0.00463655265048,
        "dmean2": 0.00776696298271,
        "dvar": 7.15635251254e-05,
        "dvar2": 0.00019937750767,
        "max": 0.126819640398,
        "mean": 0.0105791995302,
        "median": 0.00565551640466,
        "min": 7.54165351105e-23,
        "var": 0.000173721942701
    },
    "spectral_energyband_middle_high": {
        "dmean": 0.00148011720739,
        "dmean2": 0.00227219820954,
        "dvar": 4.76396871818e-06,
        "dvar2": 1.09836873889e-05,
        "max": 0.0401609502733,
        "mean": 0.00603306060657,
        "median": 0.00353758269921,
        "min": 1.59594169532e-21,
        "var": 4.41086740466e-05
    },
    "spectral_energyband_middle_low": {
        "dmean": 0.00246299128048,
        "dmean2": 0.00385456602089,
        "dvar": 8.45390513859e-06,
        "dvar2": 2.14589472307e-05,
        "max": 0.0480808056891,
        "mean": 0.00815220363438,
        "median": 0.00718022184446,
        "min": 3.5374307709e-22,
        "var": 3.73373841285e-05
    },
    "spectral_entropy": {
        "dmean": 0.112045004964,
        "dmean2": 0.165087297559,
        "dvar": 0.011667557992,
        "dvar2": 0.0235300529748,
        "max": 9.80614280701,
        "mean": 7.51204109192,
        "median": 7.5469083786,
        "min": 6.19900274277,
        "var": 0.126755416393
    },
    "spectral_flux": {
        "dmean": 0.0162935368717,
        "dmean2": 0.0265034623444,
        "dvar": 0.000342700514011,
        "dvar2": 0.000834860315081,
        "max": 0.332253187895,
        "mean": 0.0729851424694,
        "median": 0.0683171451092,
        "min": 1.06771966268e-10,
        "var": 0.001508032321
    },
    "spectral_kurtosis": {
        "dmean": 1.61115038395,
        "dmean2": 2.77687478065,
        "dvar": 2.86462259293,
        "dvar2": 8.68326377869,
        "max": 32.7447280884,
        "mean": 5.24799346924,
        "median": 4.71515512466,
        "min": -1.2084043026,
        "var": 8.61398124695
    },
    "spectral_rms": {
        "dmean": 0.000574116187636,
        "dmean2": 0.000919813464861,
        "dvar": 4.20681288915e-07,
        "dvar2": 1.10064058845e-06,
        "max": 0.0120513606817,
        "mean": 0.00450098654255,
        "median": 0.00471708551049,
        "min": 3.33499590791e-12,
        "var": 3.94122162106e-06
    },
    "spectral_rolloff": {
        "dmean": 310.285491943,
        "dmean2": 517.71484375,
        "dvar": 344432.375,
        "dvar2": 701443.25,
        "max": 18949.21875,
        "mean": 1394.81530762,
        "median": 1055.12695312,
        "min": 21.533203125,
        "var": 1307640.875
    },
    "spectral_skewness": {
        "dmean": 0.191022619605,
        "dmean2": 0.31175711751,
        "dvar": 0.0294833220541,
        "dvar2": 0.0757086127996,
        "max": 4.42228984833,
        "mean": 1.62798714638,
        "median": 1.59485888481,
        "min": -0.0221404470503,
        "var": 0.172353610396
    },
    "spectral_spread": {
        "dmean": 363178.8125,
        "dmean2": 514564.9375,
        "dvar": 279149576192,
        "dvar2": 409374031872,
        "max": 40790156,
        "mean": 3844256.75,
        "median": 3635590.75,
        "min": 1622112.875,
        "var": 1.50638677197e+12
    },
    "spectral_strongpeak": {
        "dmean": 0.406214594841,
        "dmean2": 0.697513282299,
        "dvar": 0.671613812447,
        "dvar2": 1.73515117168,
        "max": 13.1568527222,
        "mean": 0.796736180782,
        "median": 0.348255366087,
        "min": 0,
        "var": 1.49944233894
    },
    "zerocrossingrate": {
        "dmean": 0.00689651397988,
        "dmean2": 0.00838065240532,
        "dvar": 7.77092573117e-05,
        "dvar2": 8.38669293444e-05,
        "max": 0.58203125,
        "mean": 0.0525593496859,
        "median": 0.04736328125,
        "min": 0.00341796875,
        "var": 0.000872197793797
    },
    "barkbands": {
        "dmean": [0.000437214359408, 0.00409184675664, 0.000820236979052, 0.000415413815062, 0.000839150568936, 0.000745696190279, 0.000488284102175, 0.000749665661715, 0.000911484065, 0.000368564913515, 0.000303695851471, 0.000351508351741, 0.000272760808002, 0.000319998158375, 0.000332278199494, 0.000358884746674, 0.000401845638407, 0.000326445151586, 9.1043591965e-05, 4.3300602556e-05, 3.52481474692e-05, 4.02102341468e-05, 2.25841686188e-05, 1.91086801351e-05, 1.04268501673e-05, 5.07515414938e-06, 3.94110628577e-07],
        "dmean2": [0.000736036919989, 0.00689549650997, 0.00142550759483, 0.000701273558661, 0.00134008633904, 0.00116925127804, 0.000758456881158, 0.00118620018475, 0.00144401029684, 0.000570586591493, 0.000467745529022, 0.000561450666282, 0.000430922838859, 0.000517168897204, 0.000529575976543, 0.000566356407944, 0.000661428901367, 0.000527588592377, 0.000145458994666, 7.03416080796e-05, 5.52707133465e-05, 5.86027090321e-05, 3.23171661876e-05, 2.72745055554e-05, 1.44340056067e-05, 7.02192119206e-06, 6.36168863366e-07],
        "dvar": [2.18295645027e-06, 5.72080934944e-05, 3.36150515068e-06, 5.92671995037e-07, 1.529138558e-06, 1.35894947562e-06, 7.46473801883e-07, 2.12308236769e-06, 2.8809822652e-06, 7.18237743058e-07, 6.07463505276e-07, 9.46105672028e-07, 4.65939706373e-07, 5.03182036482e-07, 6.43186297111e-07, 5.929024951e-07, 6.87529052357e-07, 5.02909983879e-07, 2.47174849477e-08, 6.62001164997e-09, 5.23092946736e-09, 1.40840121787e-08, 5.05544894835e-09, 3.45851347561e-09, 1.11233300348e-09, 1.80330403388e-10, 2.96767233184e-12],
        "dvar2": [6.19277625447e-06, 0.000160369367222, 9.50853791437e-06, 1.64863786267e-06, 4.0164272832e-06, 3.3914868709e-06, 1.78384834726e-06, 5.30901934326e-06, 7.26353209757e-06, 1.58388343152e-06, 1.24814198443e-06, 2.18977402255e-06, 1.09683958271e-06, 1.22895903587e-06, 1.5227789163e-06, 1.44779528455e-06, 1.81382529263e-06, 1.27313728626e-06, 6.05131518228e-08, 1.68221667707e-08, 1.06218873697e-08, 2.85098877839e-08, 1.02885824305e-08, 5.87185411405e-09, 1.97199900853e-09, 3.54106632905e-10, 7.27487037624e-12],
        "max": [0.0775727927685, 0.110932320356, 0.0292880348861, 0.0121086351573, 0.0231739394367, 0.016669601202, 0.0178779903799, 0.0288137719035, 0.035130482167, 0.0183320753276, 0.0344011932611, 0.0278585422784, 0.0156754758209, 0.0128440465778, 0.0243846494704, 0.0178642403334, 0.0171319525689, 0.0147946821526, 0.00345971342176, 0.00306104752235, 0.00180055352394, 0.00409908872098, 0.00310890236869, 0.00286447582766, 0.00144193251617, 0.000347760040313, 4.00463104597e-05],
        "mean": [0.000659103563521, 0.00864600110799, 0.00104609841947, 0.000605200242717, 0.00175708101597, 0.00151953625027, 0.000891868665349, 0.00134452898055, 0.00181517621968, 0.000643673120067, 0.000511284859385, 0.000607101013884, 0.000474784115795, 0.000541086716112, 0.000677017436828, 0.00076982419705, 0.000880414212588, 0.000780918227974, 0.000229005119763, 0.000101309502497, 8.82605600054e-05, 9.57072115852e-05, 5.30913021066e-05, 3.83531587431e-05, 2.04381685762e-05, 7.77988407208e-06, 3.53014115717e-07],
        "median": [9.20031961869e-05, 0.00368424551561, 0.000458263966721, 0.000301353516988, 0.00113158719614, 0.000798319000751, 0.00039220196777, 0.000446910358733, 0.000655555806588, 0.000204230149393, 0.000159475210239, 0.000219323090278, 0.000136219328851, 0.000164896380738, 0.000156096750288, 0.000213184626773, 0.000238979206188, 0.000174988381332, 0.000119857453683, 5.58983447263e-05, 4.76928071294e-05, 4.74333828606e-05, 2.67393115791e-05, 1.54636745719e-05, 6.73475778967e-06, 1.75536160896e-06, 3.1893394592e-09],
        "min": [3.93378506593e-25, 3.45844635676e-23, 3.75627132519e-23, 7.03621013424e-24, 3.57558462812e-23, 8.20548501151e-23, 4.15415951292e-23, 9.39918112913e-23, 8.59488884243e-23, 5.27432937656e-23, 4.76742029619e-23, 5.99263046034e-23, 5.55721205727e-23, 1.99019723538e-22, 1.37163284559e-22, 1.40762913667e-22, 1.59813689958e-22, 2.28510638458e-22, 2.94376687025e-22, 5.0716026631e-22, 4.96609674532e-22, 6.49575382879e-22, 5.76762637803e-22, 7.87377341848e-22, 1.2175475606e-21, 2.13072456362e-21, 2.19002327574e-21],
        "var": [3.40475389748e-06, 0.000131300170324, 3.28427108798e-06, 7.99497399839e-07, 3.84810846299e-06, 3.85501380151e-06, 1.91645904124e-06, 5.63491357752e-06, 8.24301787361e-06, 1.66921984146e-06, 1.4954883909e-06, 2.12752934203e-06, 1.0357850897e-06, 1.09038148821e-06, 2.27858004109e-06, 2.07490643334e-06, 2.18412355935e-06, 1.7704298898e-06, 9.09866813004e-08, 1.97057179463e-08, 1.80889898616e-08, 3.89896293029e-08, 1.37462947691e-08, 1.15782903265e-08, 3.93643961871e-09, 3.44622552717e-10, 2.89675813718e-12]
    },
    "erbbands": {
        "dmean": [0.148927569389, 0.855459213257, 1.05708634853, 1.10061299801, 1.90131127834, 3.11006379128, 4.93344116211, 7.3537774086, 6.2826166153, 9.33951282501, 17.348947525, 18.0628566742, 17.2615451813, 10.6826953888, 11.6092758179, 11.0420293808, 10.4478197098, 15.3219833374, 13.734459877, 16.1094512939, 20.014377594, 21.6909637451, 17.8630466461, 7.32396841049, 3.54056739807, 1.79820454121, 1.5361713171, 1.3030667305, 1.50027441978, 1.0642812252, 0.614317059517, 0.446811407804, 0.289774060249, 0.162514433265, 0.0535149909556, 0.024498546496, 0.00875686295331, 0.0013926953543, 5.11286889378e-05, 7.65313870943e-06],
        "dmean2": [0.24787902832, 1.45829856396, 1.83945322037, 1.85542154312, 3.15934967995, 4.96326494217, 7.82653236389, 11.3910341263, 9.72729682922, 14.6366863251, 27.164560318, 28.5806121826, 26.3265514374, 16.3940982819, 17.7737865448, 17.8431167603, 16.3851127625, 24.7432384491, 21.927312851, 24.7239093781, 31.8062076569, 35.6476097107, 28.5000133514, 11.8372516632, 5.61042165756, 2.89193725586, 2.4526553154, 1.96550226212, 2.22955298424, 1.53870081902, 0.890347003937, 0.65471303463, 0.413397401571, 0.229019731283, 0.0743845775723, 0.034176748246, 0.0122692026198, 0.00198490498587, 7.70019469201e-05, 1.21946104628e-05],
        "dvar": [0.07142277807, 2.91971588135, 6.62483692169, 3.95399045944, 11.3232727051, 24.5283412933, 63.2046318054, 150.82824707, 131.14402771, 305.796875, 1193.38903809, 1339.42480469, 1277.52783203, 501.649078369, 1243.54260254, 722.709899902, 672.53503418, 1234.34729004, 930.009521484, 1616.98498535, 1774.27062988, 1975.58581543, 1452.11987305, 191.565338135, 34.9913978577, 9.44389152527, 8.60241889954, 10.1452074051, 17.2832775116, 13.678360939, 3.6900832653, 1.71386134624, 1.00909674168, 0.334150761366, 0.0233214851469, 0.0043368935585, 0.000523590540979, 1.81386312761e-05, 5.12406295172e-08, 1.23600865654e-10],
        "dvar2": [0.191091179848, 8.28879833221, 18.8411884308, 11.0512523651, 31.2746601105, 62.4916687012, 159.091827393, 374.665649414, 305.468353271, 762.256347656, 2886.66943359, 3348.44262695, 2816.20849609, 1130.59155273, 2239.90771484, 1838.61450195, 1549.09436035, 3035.45556641, 2214.55957031, 3673.92822266, 4444.56982422, 5418.61230469, 3715.94067383, 513.579162598, 83.1946563721, 24.0465679169, 20.1496238708, 19.6872768402, 35.0961303711, 29.1260986328, 7.50624990463, 2.96093440056, 1.9270209074, 0.61754155159, 0.0431134514511, 0.00877773109823, 0.00104639644269, 3.68530090782e-05, 1.17898245833e-07, 3.19271248328e-10],
        "max": [4.18222045898, 26.3125991821, 43.957447052, 31.2118301392, 60.3810424805, 99.3996124268, 117.506286621, 194.116165161, 275.633605957, 377.631713867, 766.756774902, 673.050476074, 893.104003906, 565.658630371, 1709.53295898, 656.859191895, 672.226989746, 678.605285645, 615.077514648, 1130.5567627, 721.90814209, 743.36932373, 732.627380371, 271.32913208, 145.647842407, 67.732170105, 48.3984642029, 98.6414337158, 111.717880249, 172.713562012, 83.6731719971, 52.1816864014, 49.4111785889, 26.9441642761, 7.43069839478, 1.98346328735, 0.488517671824, 0.0831990838051, 0.00676793279126, 0.000164853787282],
        "mean": [0.313658237457, 1.66221690178, 1.55396342278, 1.72891664505, 3.31538534164, 6.04598855972, 9.33842086792, 14.4576454163, 12.7791452408, 17.5992355347, 33.3804893494, 36.3483314514, 33.4005279541, 21.2725543976, 21.2138519287, 21.576499939, 20.4584980011, 28.6365947723, 28.4745864868, 36.8661003113, 46.2319221497, 51.8971786499, 46.8796768188, 20.5555801392, 9.49646568298, 4.64570713043, 3.71995973587, 3.17655539513, 3.51756167412, 2.4744310379, 1.4306191206, 0.899996638298, 0.58286345005, 0.31559073925, 0.100147172809, 0.0407574176788, 0.0125150978565, 0.00171260535717, 6.68281354592e-05, 3.11870971927e-05],
        "median": [0.117682300508, 0.650296747684, 0.795857191086, 0.919771969318, 1.87677371502, 3.46574878693, 5.17411470413, 6.83512783051, 6.61785936356, 8.47843456268, 11.7230129242, 13.0611848831, 13.1405601501, 9.00558280945, 9.07820224762, 8.60809898376, 7.27423715591, 8.63463973999, 8.71769714355, 9.83338832855, 14.2630634308, 14.9642753601, 10.6015996933, 7.35410118103, 5.91299295425, 2.71019768715, 1.81421530247, 1.78851509094, 1.78149199486, 1.17555332184, 0.702981233597, 0.395472437143, 0.219659402966, 0.103724069893, 0.0332752279937, 0.0113838799298, 0.00224653072655, 0.000136337650474, 1.9895067453e-05, 2.84837660729e-05],
        "min": [2.49908080305e-22, 1.05408893694e-20, 4.71519638655e-20, 2.68204492515e-20, 8.05128559034e-20, 1.13335867286e-19, 2.11838357011e-19, 8.70580401149e-19, 8.78242781959e-19, 7.670539912e-19, 2.19734057036e-18, 1.92083146238e-18, 1.45005392106e-18, 2.05710905471e-18, 2.11528239244e-18, 2.04304595032e-18, 3.17467845233e-18, 6.45617942256e-18, 1.07164499176e-17, 7.21417547586e-18, 8.72187923272e-18, 7.86528904067e-18, 8.77138020212e-18, 1.37928950887e-17, 2.36702563017e-17, 1.99299043904e-17, 1.99200030385e-17, 2.33309865191e-17, 2.26610744477e-17, 1.65666128352e-17, 1.65630708478e-17, 1.44958819769e-17, 1.54261607267e-17, 1.24566609098e-17, 8.89619100321e-18, 7.95084019553e-18, 3.58629489887e-18, 1.47113058646e-18, 3.29681751174e-19, 3.20220679047e-20],
        "var": [0.210320129991, 5.34913539886, 6.40435600281, 5.70595550537, 20.000793457, 58.9660224915, 151.661499023, 420.411346436, 347.895935059, 666.806091309, 3272.15527344, 3592.62573242, 3341.70922852, 1485.4888916, 2807.4309082, 1784.48962402, 1618.07568359, 3151.68823242, 2758.68164062, 5568.18164062, 6369.91113281, 6891.69628906, 6216.76708984, 908.666442871, 133.208938599, 32.0413398743, 26.9729747772, 32.4194145203, 49.0004348755, 30.9817657471, 10.3126382828, 5.53818511963, 3.00809717178, 1.12604224682, 0.073734626174, 0.0088194636628, 0.000945144682191, 2.811604827e-05, 5.49711600684e-08, 5.54771839578e-10]
    },
    "gfcc": {
        "mean": [-22.9738006592, 105.807617188, -133.051361084, 35.0027313232, -58.4146499634, 14.5355405807, -37.5464439392, 15.4282112122, -13.0725927353, -1.14020502567, -12.2833423615, 2.63442778587, -5.32336854935],
        "cov": [[5677.32958984, -70.7487792969, -215.239746094, 329.464782715, 356.030731201, 24.6580715179, 127.550201416, 397.520721436, 287.821502686, 167.828765869, 140.503662109, 259.122344971, -194.037246704], [-70.7487792969, 1068.79052734, 339.421905518, 96.1891937256, 159.163391113, -61.6712875366, 132.768218994, -19.3343296051, 124.407058716, -42.3515319824, 180.397720337, 6.39660406113, 77.6312484741], [-215.239746094, 339.421905518, 1256.61303711, 250.579055786, 65.2327804565, 111.344078064, 89.5880508423, -12.6253452301, -149.65536499, 158.418121338, 12.1946754456, 136.505432129, 20.1143875122], [329.464782715, 96.1891937256, 250.579055786, 358.444671631, 132.706985474, 28.4892425537, 7.58593130112, 9.18537807465, 52.018245697, 64.5774459839, 31.4701709747, 24.2428417206, 37.747844696], [356.030731201, 159.163391113, 65.2327804565, 132.706985474, 337.47467041, 21.9363021851, 24.8044071198, 86.0792922974, 87.8217391968, 71.0478210449, 39.1301803589, 21.8146953583, 5.62199687958], [24.6580715179, -61.6712875366, 111.344078064, 28.4892425537, 21.9363021851, 193.102905273, 137.985214233, 38.2038421631, -15.1030435562, 47.7374839783, 10.1642742157, 19.857673645, -10.779176712], [127.550201416, 132.768218994, 89.5880508423, 7.58593130112, 24.8044071198, 137.985214233, 300.369232178, 93.983001709, 16.1560077667, 52.2874794006, 67.2617340088, 55.0658760071, 1.76047670841], [397.520721436, -19.3343296051, -12.6253452301, 9.18537807465, 86.0792922974, 38.2038421631, 93.983001709, 153.757507324, 57.0018730164, 39.7585105896, 25.4343929291, 37.758808136, -18.2538356781], [287.821502686, 124.407058716, -149.65536499, 52.018245697, 87.8217391968, -15.1030435562, 16.1560077667, 57.0018730164, 174.534881592, 25.6408653259, 55.2726554871, -9.65626811981, 17.1160526276], [167.828765869, -42.3515319824, 158.418121338, 64.5774459839, 71.0478210449, 47.7374839783, 52.2874794006, 39.7585105896, 25.6408653259, 169.996383667, 32.632522583, 44.1631202698, 14.2931871414], [140.503662109, 180.397720337, 12.1946754456, 31.4701709747, 39.1301803589, 10.1642742157, 67.2617340088, 25.4343929291, 55.2726554871, 32.632522583, 120.423599243, 34.4762115479, 25.1538887024], [259.122344971, 6.39660406113, 136.505432129, 24.2428417206, 21.8146953583, 19.857673645, 55.0658760071, 37.758808136, -9.65626811981, 44.1631202698, 34.4762115479, 120.826210022, 13.4407901764], [-194.037246704, 77.6312484741, 20.1143875122, 37.747844696, 5.62199687958, -10.779176712, 1.76047670841, -18.2538356781, 17.1160526276, 14.2931871414, 25.1538887024, 13.4407901764, 110.153411865]],
        "icov": [[0.000310422066832, -0.00014706190268, 0.000253425299888, -0.000424246769398, 9.46800937527e-05, -6.62044913042e-05, 0.000255629944149, -0.000612667237874, -4.49015569757e-05, -0.000232505102758, 6.29573041806e-05, -0.000810869329143, 0.00075435108738], [-0.00014706190268, 0.0035942834802, -0.00216633081436, 0.001312180073, -0.00197561294772, 0.00273674516939, -0.00293052988127, 0.00291071156971, -0.00305446144193, 0.00354081694968, -0.00385444401763, 0.00235272618011, -0.00134014640935], [0.000253425299888, -0.00216633081436, 0.00280604767613, -0.00194154668134, 0.00110226508696, -0.00179904687684, 0.00169978418853, -0.00176213367376, 0.00328588625416, -0.00305327703245, 0.00222288095392, -0.00273552443832, 0.00128640630282], [-0.000424246769398, 0.001312180073, -0.00194154668134, 0.00519666215405, -0.00195688125677, 0.000405160622904, -0.000866928836331, 0.00243832473643, -0.00261649233289, 0.00133476150222, -0.00127758667804, 0.00182763719931, -0.00223882636055], [9.46800937527e-05, -0.00197561294772, 0.00110226508696, -0.00195688125677, 0.00554778939113, -0.00175349565689, 0.00235519139096, -0.00380705087446, 0.000584515917581, -0.00273544737138, 0.0016733140219, -0.00108137517236, 0.000919125566725], [-6.62044913042e-05, 0.00273674516939, -0.00179904687684, 0.000405160622904, -0.00175349565689, 0.0107808774337, -0.00648048706353, 0.00242111459374, -0.00140869314782, 0.00125760980882, -0.00159028207418, 0.00258284946904, -0.000102743309981], [0.000255629944149, -0.00293052988127, 0.00169978418853, -0.000866928836331, 0.00235519139096, -0.00648048706353, 0.00951512716711, -0.00590758863837, 0.00286733917892, -0.00269602611661, -9.53453418333e-05, -0.00284723215736, 0.000890386581887], [-0.000612667237874, 0.00291071156971, -0.00176213367376, 0.00243832473643, -0.00380705087446, 0.00242111459374, -0.00590758863837, 0.0149657744914, -0.00554804457352, 0.00230661360547, -0.00103341322392, -4.37049493485e-05, 0.000165384495631], [-4.49015569757e-05, -0.00305446144193, 0.00328588625416, -0.00261649233289, 0.000584515917581, -0.00140869314782, 0.00286733917892, -0.00554804457352, 0.0136057231575, -0.00424192100763, -0.000710303895175, 0.000489092373755, -0.000223886105232], [-0.000232505102758, 0.00354081694968, -0.00305327703245, 0.00133476150222, -0.00273544737138, 0.00125760980882, -0.00269602611661, 0.00230661360547, -0.00424192100763, 0.0117800552398, -0.00439817877486, 0.00113401014823, -0.00212028855458], [6.29573041806e-05, -0.00385444401763, 0.00222288095392, -0.00127758667804, 0.0016733140219, -0.00159028207418, -9.53453418333e-05, -0.00103341322392, -0.000710303895175, -0.00439817877486, 0.016991654411, -0.00514418492094, -0.000122849349282], [-0.000810869329143, 0.00235272618011, -0.00273552443832, 0.00182763719931, -0.00108137517236, 0.00258284946904, -0.00284723215736, -4.37049493485e-05, 0.000489092373755, 0.00113401014823, -0.00514418492094, 0.0152085330337, -0.00377122312784], [0.00075435108738, -0.00134014640935, 0.00128640630282, -0.00223882636055, 0.000919125566725, -0.000102743309981, 0.000890386581887, 0.000165384495631, -0.000223886105232, -0.00212028855458, -0.000122849349282, -0.00377122312784, 0.0126381712034]]
    },
    "melbands": {
        "dmean": [0.00121534720529, 0.000711932370905, 0.000200992421014, 0.000167050995515, 0.000167423670064, 0.000155405563419, 9.52400368988e-05, 0.000120204196719, 0.000138732168125, 0.000124817001051, 8.7947868451e-05, 4.46404264949e-05, 3.91429057345e-05, 4.2975989345e-05, 2.47025254794e-05, 2.9000100767e-05, 2.95115132758e-05, 2.31171834457e-05, 2.79593841697e-05, 2.15772342926e-05, 2.68418807536e-05, 2.47772004514e-05, 2.12345657928e-05, 1.58277962328e-05, 5.87744898439e-06, 3.41884924637e-06, 2.27082409765e-06, 1.10412372578e-06, 1.09315124064e-06, 8.99026019852e-07, 7.64045637425e-07, 9.10497362838e-07, 9.31751060307e-07, 5.42728002983e-07, 4.01081848622e-07, 3.4545362837e-07, 2.61674557578e-07, 2.26298510597e-07, 1.71878895117e-07, 1.33000611413e-07],
        "dmean2": [0.00203767535277, 0.00121464638505, 0.000336810509907, 0.000268883886747, 0.000265311129624, 0.000240659835981, 0.000147253318573, 0.000187814759556, 0.000216585423914, 0.000197357047, 0.000133979920065, 6.83990219841e-05, 6.04246015428e-05, 6.78661381244e-05, 3.95495226257e-05, 4.65287921543e-05, 4.7522582463e-05, 3.72647446056e-05, 4.41214579041e-05, 3.34279175149e-05, 4.32794004155e-05, 4.11964683735e-05, 3.38945537806e-05, 2.57018709817e-05, 9.62554713624e-06, 5.46127057532e-06, 3.67975394511e-06, 1.80827930762e-06, 1.77774131771e-06, 1.41587099733e-06, 1.16880357837e-06, 1.38457573939e-06, 1.39772998864e-06, 7.96743165665e-07, 5.95334427089e-07, 5.2931142136e-07, 3.88272212604e-07, 3.31467703063e-07, 2.49887193604e-07, 1.91296422258e-07],
        "dvar": [4.71579687655e-06, 2.55582426689e-06, 1.2232723634e-07, 6.86036827346e-08, 6.76349145579e-08, 6.31121324091e-08, 2.66274646776e-08, 4.62985418892e-08, 7.41579384567e-08, 6.04912102631e-08, 3.18539221666e-08, 8.54293791264e-09, 1.1117486487e-08, 1.54363153371e-08, 4.10434264353e-09, 4.86656359655e-09, 4.90179452584e-09, 2.83883827557e-09, 5.45435430155e-09, 3.22731530389e-09, 3.34039174099e-09, 2.67737765292e-09, 2.32634933539e-09, 1.12367748439e-09, 1.33466626639e-10, 3.47848624904e-11, 2.09619717417e-11, 3.95638643375e-12, 4.35067650309e-12, 3.86997248483e-12, 4.06751975851e-12, 5.82219342182e-12, 1.0464398445e-11, 3.63382436121e-12, 1.73578827093e-12, 8.87489246589e-13, 7.01053906767e-13, 7.25108395636e-13, 3.19539560827e-13, 2.57726565783e-13],
        "dvar2": [1.29900872707e-05, 7.24081019143e-06, 3.39549472983e-07, 1.83608136695e-07, 1.68825195601e-07, 1.56594154532e-07, 6.25487928119e-08, 1.14653069261e-07, 1.78086622782e-07, 1.52028519551e-07, 6.99163891227e-08, 1.929277893e-08, 2.09417549968e-08, 3.51206601579e-08, 9.39413791201e-09, 1.22392149748e-08, 1.18302390106e-08, 6.91376955686e-09, 1.27798598371e-08, 7.44944772535e-09, 8.55049453463e-09, 7.36793914768e-09, 5.71502845048e-09, 2.97342128697e-09, 3.52518014779e-10, 8.50743989145e-11, 5.35142520575e-11, 9.97182891815e-12, 1.08817425556e-11, 8.6280704803e-12, 7.98961678067e-12, 1.20304807782e-11, 2.41376467425e-11, 7.97833847599e-12, 3.88185837641e-12, 1.7975252363e-12, 1.30996938557e-12, 1.48529398416e-12, 6.13196776342e-13, 5.04827191335e-13],
        "max": [0.029666768387, 0.0289193913341, 0.005112179555, 0.00542090600356, 0.00406024325639, 0.00390656385571, 0.00357215967961, 0.00397719070315, 0.00539847789332, 0.00537943979725, 0.00433694105595, 0.00216421252117, 0.00461912434548, 0.00341721088625, 0.00194992101751, 0.00208180421032, 0.00150186300743, 0.00115593080409, 0.00253548636101, 0.00170101958793, 0.00104687642306, 0.000797766435426, 0.00136736384593, 0.000547237461433, 0.000249058124609, 0.000148150284076, 0.000201114351512, 3.93624359276e-05, 3.43078827427e-05, 4.49300569016e-05, 6.85595878167e-05, 7.0118730946e-05, 0.000120394448459, 8.62091110321e-05, 5.93284530623e-05, 3.76462958229e-05, 3.30539296556e-05, 4.90569400426e-05, 2.2691252525e-05, 2.47341904469e-05],
        "mean": [0.00263254554011, 0.00131027563475, 0.00034277047962, 0.000325233617332, 0.000328106776578, 0.000313124677632, 0.000194716601982, 0.000221518886974, 0.000264216098003, 0.000246663345024, 0.000165271019796, 8.44672977109e-05, 6.90403248882e-05, 7.46114455978e-05, 4.33557652286e-05, 5.20034554938e-05, 5.14323583047e-05, 4.0751623601e-05, 5.7735505834e-05, 4.45529985882e-05, 5.50032673345e-05, 5.13422965014e-05, 5.04764466314e-05, 3.62578139175e-05, 1.44228642966e-05, 7.97292341304e-06, 5.0514963732e-06, 2.45661340159e-06, 2.34301410273e-06, 2.00377735382e-06, 1.71623992173e-06, 1.96304586098e-06, 1.93763162315e-06, 1.16173225706e-06, 8.62305000737e-07, 6.50142681025e-07, 5.00361011291e-07, 4.30003154861e-07, 3.26531733208e-07, 2.44261343596e-07],
        "median": [0.00106830487493, 0.000662190257572, 0.000204741983907, 0.000202077862923, 0.000196222157683, 0.000158419556101, 0.000104068130895, 9.70472756308e-05, 8.6650295998e-05, 8.66375339683e-05, 6.14733435214e-05, 3.2274168916e-05, 2.6766123483e-05, 2.42552941927e-05, 1.28603314806e-05, 1.62281085068e-05, 1.41546115628e-05, 1.20312697618e-05, 1.24880716612e-05, 1.20565428006e-05, 1.60276231327e-05, 1.47019109136e-05, 1.01363857539e-05, 7.7905915532e-06, 5.06352489538e-06, 4.46886360805e-06, 2.82866017187e-06, 1.2791260815e-06, 9.81068296824e-07, 1.09059465103e-06, 9.0485372084e-07, 9.55652353696e-07, 8.33684509871e-07, 5.42514385415e-07, 4.00545758339e-07, 2.98626588346e-07, 1.95636147282e-07, 1.5742310211e-07, 1.08551539313e-07, 7.66647332284e-08],
        "min": [5.81965566748e-24, 2.15687966346e-23, 5.75999411722e-24, 8.62317739449e-24, 6.37555805878e-24, 1.80335070215e-23, 1.24513868389e-23, 1.01794185225e-23, 1.7820503533e-23, 1.26417602746e-23, 7.6540381066e-24, 8.48188057345e-24, 7.57667609535e-24, 4.88039014764e-24, 7.00369249886e-24, 6.87106999234e-24, 1.25583824101e-23, 1.99680590183e-23, 8.62158705091e-24, 9.29978654834e-24, 1.1157617089e-23, 7.4059374076e-24, 9.09242972624e-24, 9.56022660962e-24, 1.10137746138e-23, 1.38927287983e-23, 1.72895149468e-23, 1.36499757874e-23, 1.23693027063e-23, 1.37838297058e-23, 1.24884183364e-23, 1.21497500946e-23, 1.39514137388e-23, 8.066935793e-24, 9.87536628606e-24, 8.21196077068e-24, 9.02718777393e-24, 1.21336423437e-23, 8.56901341588e-24, 1.10367344105e-23],
        "var": [1.25419192045e-05, 3.4044981021e-06, 1.85527824215e-07, 1.49354207224e-07, 1.69868968669e-07, 1.79175415838e-07, 7.32175067242e-08, 1.05650016735e-07, 2.06760148558e-07, 1.66620097275e-07, 8.31052844319e-08, 2.51473135648e-08, 2.6585421864e-08, 3.77068154478e-08, 8.49929548963e-09, 1.18113554493e-08, 1.16199450062e-08, 6.18556095233e-09, 2.02099794677e-08, 9.21989862235e-09, 9.55009493708e-09, 7.19049220166e-09, 9.55407131187e-09, 3.86098664151e-09, 5.02374031264e-10, 1.11498067723e-10, 5.56730217482e-11, 1.09876413523e-11, 1.17358544757e-11, 1.04822626273e-11, 1.1825210082e-11, 1.54852641127e-11, 2.25913211749e-11, 7.36528806694e-12, 4.07885877851e-12, 2.37190280437e-12, 2.0371740319e-12, 1.78487790953e-12, 1.03866318758e-12, 7.71330915805e-13]
    },
    "mfcc": {
        "mean": [-657.389465332, 128.335784912, -10.4688930511, 20.6455078125, 4.71116065979, 0.623099327087, -7.33249664307, 11.3348035812, 3.20515918732, 1.70541679859, 3.43164229393, 0.484700798988, -0.892559409142],
        "cov": [[5530.86083984, -293.412994385, -636.305603027, 264.071868896, 185.726455688, -90.9261550903, -105.822433472, 345.368988037, 57.5898361206, 90.0269241333, 380.758911133, 283.94039917, 55.2970275879], [-293.412994385, 951.170288086, 264.134246826, 155.289520264, 81.881690979, 9.3310546875, 80.0512313843, 63.9086112976, -17.1900424957, -0.481418073177, 58.6178359985, 35.1895141602, 61.8846931458], [-636.305603027, 264.134246826, 1002.00714111, 211.48677063, 8.19891643524, 164.465942383, 182.686645508, -50.2470359802, -10.7407426834, -52.9579734802, -73.4154510498, -3.15226435661, 98.3176879883], [264.071868896, 155.289520264, 211.48677063, 353.769958496, 175.770217896, 61.2260169983, 25.3583374023, -6.84112691879, 34.6894683838, 20.7365894318, 16.6975917816, 25.2454853058, 76.8578338623], [185.726455688, 81.881690979, 8.19891643524, 175.770217896, 321.592041016, 16.9232997894, -50.9097480774, -26.0907688141, 18.6014194489, 46.2930335999, 5.18052148819, -10.8781833649, 29.4175662994], [-90.9261550903, 9.3310546875, 164.465942383, 61.2260169983, 16.9232997894, 183.993286133, 102.432266235, -0.26046821475, 33.2935562134, 24.2165470123, 10.1019716263, 34.2830505371, 29.7529830933], [-105.822433472, 80.0512313843, 182.686645508, 25.3583374023, -50.9097480774, 102.432266235, 243.664276123, 62.0274848938, 38.4491424561, 31.4120769501, 5.96273946762, 55.0253868103, 45.2164764404], [345.368988037, 63.9086112976, -50.2470359802, -6.84112691879, -26.0907688141, -0.26046821475, 62.0274848938, 182.412261963, 28.3931674957, -1.57016813755, 73.290435791, 46.0679130554, -7.90366744995], [57.5898361206, -17.1900424957, -10.7407426834, 34.6894683838, 18.6014194489, 33.2935562134, 38.4491424561, 28.3931674957, 106.073883057, 49.1903762817, 15.0405397415, 19.5438213348, 21.4109077454], [90.0269241333, -0.481418073177, -52.9579734802, 20.7365894318, 46.2930335999, 24.2165470123, 31.4120769501, -1.57016813755, 49.1903762817, 123.169631958, 35.9278335571, 21.1956138611, 15.4311943054], [380.758911133, 58.6178359985, -73.4154510498, 16.6975917816, 5.18052148819, 10.1019716263, 5.96273946762, 73.290435791, 15.0405397415, 35.9278335571, 143.568328857, 71.3253250122, -6.20135879517], [283.94039917, 35.1895141602, -3.15226435661, 25.2454853058, -10.8781833649, 34.2830505371, 55.0253868103, 46.0679130554, 19.5438213348, 21.1956138611, 71.3253250122, 123.905326843, 39.4352264404], [55.2970275879, 61.8846931458, 98.3176879883, 76.8578338623, 29.4175662994, 29.7529830933, 45.2164764404, -7.90366744995, 21.4109077454, 15.4311943054, -6.20135879517, 39.4352264404, 107.820884705]],
