{
"lowlevel": {
    "average_loudness": 0.767150521278,
    "barkbands_crest": {
        "dmean": 2.61083126068,
        "dmean2": 4.16265773773,
        "dvar": 5.25038528442,
        "dvar2": 12.963517189,
        "max": 25.1177349091,
        "mean": 9.6507062912,
        "median": 8.84613895416,
        "min": 1.94051992893,
        "var": 18.2916889191
    },
    "barkbands_flatness_db": {
        "dmean": 0.0179512910545,
        "dmean2": 0.0277776774019,
        "dvar": 0.000253122620052,
        "dvar2": 0.000611927825958,
        "max": 0.334728777409,
        "mean": 0.120061382651,
        "median": 0.113682024181,
        "min": 0.0263496246189,
        "var": 0.00206405785866
    },
    "barkbands_kurtosis": {
        "dmean": 1.35786509514,
        "dmean2": 2.19654250145,
        "dvar": 7.72007226944,
        "dvar2": 20.2966480255,
        "max": 125.190490723,
        "mean": 1.24761068821,
        "median": 0.231759428978,
        "min": -1.94872164726,
        "var": 14.0827035904
    },
    "barkbands_skewness": {
        "dmean": 0.428874671459,
        "dmean2": 0.64667481184,
        "dvar": 0.194889172912,
        "dvar2": 0.40935960412,
        "max": 8.66885757446,
        "mean": 0.817674338818,
        "median": 0.749427914619,
        "min": -5.74529695511,
        "var": 0.92257630825
    },
    "barkbands_spread": {
        "dmean": 6.41116189957,
        "dmean2": 9.80990791321,
        "dvar": 50.5750007629,
        "dvar2": 108.273658752,
        "max": 105.975021362,
        "mean": 31.7384128571,
        "median": 30.0756454468,
        "min": 1.01784837246,
        "var": 292.669586182
    },
    "dissonance": {
        "dmean": 0.0187043678015,
        "dmean2": 0.0320446826518,
        "dvar": 0.000346754328348,
        "dvar2": 0.000949085340835,
        "max": 0.500000059605,
        "mean": 0.470458298922,
        "median": 0.478094130754,
        "min": 0.290242791176,
        "var": 0.000717238697689
    },
    "dynamic_complexity": 3.684653759,
    "erbbands_crest": {
        "dmean": 2.99848413467,
        "dmean2": 4.87812280655,
        "dvar": 7.67999315262,
        "dvar2": 18.6421508789,
        "max": 32.2625274658,
        "mean": 10.5569877625,
        "median": 9.33386802673,
        "min": 2.39668107033,
        "var": 30.2197246552
    },
    "erbbands_flatness_db": {
        "dmean": 0.015838554129,
        "dmean2": 0.0240178164095,
        "dvar": 0.000201676302822,
        "dvar2": 0.000432423141319,
        "max": 0.369576394558,
        "mean": 0.164372697473,
        "median": 0.149534270167,
        "min": 0.0717924311757,
        "var": 0.00299217249267
    },
    "erbbands_kurtosis": {
        "dmean": 1.20671617985,
        "dmean2": 1.88162446022,
        "dvar": 3.73398470879,
        "dvar2": 8.18278026581,
        "max": 46.0492477417,
        "mean": 1.42440056801,
        "median": 0.329943180084,
        "min": -1.7318366766,
        "var": 12.5026569366
    },
    "erbbands_skewness": {
        "dmean": 0.370226979256,
        "dmean2": 0.549022316933,
        "dvar": 0.137278601527,
        "dvar2": 0.25851854682,
        "max": 5.17908477783,
        "mean": 0.427224546671,
        "median": 0.451562166214,
        "min": -5.93950939178,
        "var": 1.04932320118
    },
    "erbbands_spread": {
        "dmean": 7.09134340286,
        "dmean2": 10.9692192078,
        "dvar": 54.9125823975,
        "dvar2": 118.675140381,
        "max": 112.632362366,
        "mean": 35.4199790955,
        "median": 34.1449699402,
        "min": 2.36530804634,
        "var": 308.844390869
    },
    "hfc": {
        "dmean": 9.41880702972,
        "dmean2": 13.9785661697,
        "dvar": 209.496520996,
        "dvar2": 437.657928467,
        "max": 264.194244385,
        "mean": 34.6525611877,
        "median": 26.7692604065,
        "min": 1.13919658068e-16,
        "var": 967.088317871
    },
    "melbands_crest": {
        "dmean": 3.35246372223,
        "dmean2": 5.29059696198,
        "dvar": 8.42014694214,
        "dvar2": 20.2427940369,
        "max": 36.1731681824,
        "mean": 13.3974113464,
        "median": 12.484003067,
        "min": 2.28614282608,
        "var": 30.724111557
    },
    "melbands_flatness_db": {
        "dmean": 0.0217577647418,
        "dmean2": 0.0326484329998,
        "dvar": 0.000391746783862,
        "dvar2": 0.000876809237525,
        "max": 0.443094193935,
        "mean": 0.143210798502,
        "median": 0.142051160336,
        "min": 0.00510798813775,
        "var": 0.00241420278326
    },
    "melbands_kurtosis": {
        "dmean": 3.66562581062,
        "dmean2": 5.81943702698,
        "dvar": 45.9934883118,
        "dvar2": 115.546722412,
        "max": 205.823120117,
        "mean": 6.47274303436,
        "median": 3.74550795555,
        "min": -1.9253436327,
        "var": 91.0243606567
    },
    "melbands_skewness": {
        "dmean": 0.583283901215,
        "dmean2": 0.893111288548,
        "dvar": 0.350726008415,
        "dvar2": 0.801620304585,
        "max": 10.3108634949,
        "mean": 1.82283091545,
        "median": 1.68564605713,
        "min": -2.25628304482,
        "var": 1.66793966293
    },
    "melbands_spread": {
        "dmean": 10.2361764908,
        "dmean2": 15.2074022293,
        "dvar": 224.141967773,
        "dvar2": 386.965515137,
        "max": 246.385437012,
        "mean": 39.4720954895,
        "median": 33.1028442383,
        "min": 0.757295310497,
        "var": 869.460021973
    },
    "pitch_salience": {
        "dmean": 0.0671663358808,
        "dmean2": 0.106921896338,
        "dvar": 0.00338851287961,
        "dvar2": 0.00834551174194,
        "max": 0.87131279707,
        "mean": 0.563740611076,
        "median": 0.570886850357,
        "min": 0.152153074741,
        "var": 0.0146175902337
    },
    "silence_rate_20dB": {
        "dmean": 0,
        "dmean2": 0,
        "dvar": 0,
        "dvar2": 0,
        "max": 1,
        "mean": 1,
        "median": 1,
        "min": 1,
        "var": 0
    },
    "silence_rate_30dB": {
        "dmean": 0.00046441424638,
        "dmean2": 0.000928936351556,
        "dvar": 0.000464206328616,
        "dvar2": 0.00139257265255,
        "max": 1,
        "mean": 0.999767839909,
        "median": 1,
        "min": 0,
        "var": 0.000232112055528
    },
    "silence_rate_60dB": {
        "dmean": 0.01787994802,
        "dmean2": 0.0357640497386,
        "dvar": 0.0175609663129,
        "dvar2": 0.0405255109072,
        "max": 1,
        "mean": 0.0941490605474,
        "median": 0,
        "min": 0,
        "var": 0.0852723494172
    },
    "spectral_centroid": {
        "dmean": 270.57510376,
        "dmean2": 400.866790771,
        "dvar": 111143.375,
        "dvar2": 176867.234375,
        "max": 11156.8603516,
        "mean": 1868.15234375,
        "median": 1776.4732666,
        "min": 348.533813477,
        "var": 587109.625
    },
    "spectral_complexity": {
        "dmean": 3.80866122246,
        "dmean2": 5.98873662949,
        "dvar": 15.2472438812,
        "dvar2": 33.0256271362,
        "max": 57,
        "mean": 22.4883918762,
        "median": 21,
        "min": 0,
        "var": 156.116073608
    },
    "spectral_decrease": {
        "dmean": 1.65351188297e-09,
        "dmean2": 2.6121220742e-09,
        "dvar": 4.21390081785e-18,
        "dvar2": 1.07212442564e-17,
        "max": -4.88226882113e-29,
        "mean": -6.13589534737e-09,
        "median": -4.90242468842e-09,
        "min": -3.08723926423e-08,
        "var": 2.58871780983e-17
    },
    "spectral_energy": {
        "dmean": 0.00677024340257,
        "dmean2": 0.0107057532296,
        "dvar": 6.67640779284e-05,
        "dvar2": 0.000170605009771,
        "max": 0.120750553906,
        "mean": 0.026301369071,
        "median": 0.0217068232596,
        "min": 1.05171063112e-20,
        "var": 0.000445167213911
    },
    "spectral_energyband_high": {
        "dmean": 0.000944383267779,
        "dmean2": 0.00135249411687,
        "dvar": 3.58980969395e-06,
        "dvar2": 6.74500643072e-06,
        "max": 0.0313413515687,
        "mean": 0.00263883545995,
        "median": 0.00148796499707,
        "min": 7.78313544617e-21,
        "var": 1.217155841e-05
    },
    "spectral_energyband_low": {
        "dmean": 0.00379616767168,
        "dmean2": 0.00591380335391,
        "dvar": 3.92106594518e-05,
        "dvar2": 0.000102230318589,
        "max": 0.0941279679537,
        "mean": 0.00824455078691,
        "median": 0.00314318318851,
        "min": 1.27039977712e-22,
        "var": 0.000125229315017
    },
    "spectral_energyband_middle_high": {
        "dmean": 0.00304439803585,
        "dmean2": 0.00473471917212,
        "dvar": 2.23460010602e-05,
        "dvar2": 5.25286268385e-05,
        "max": 0.066774122417,
        "mean": 0.00961733050644,
        "median": 0.00574775785208,
        "min": 1.39121116156e-21,
        "var": 0.000110878085252
    },
    "spectral_energyband_middle_low": {
        "dmean": 0.00277828518301,
        "dmean2": 0.00452236412093,
        "dvar": 2.05598098546e-05,
        "dvar2": 5.29678618477e-05,
        "max": 0.0630354583263,
        "mean": 0.00640341732651,
        "median": 0.0046861032024,
        "min": 4.52674034862e-22,
        "var": 4.18520648964e-05
    },
    "spectral_entropy": {
        "dmean": 0.105996005237,
        "dmean2": 0.158567517996,
        "dvar": 0.00975356157869,
        "dvar2": 0.0201699994504,
        "max": 9.78908920288,
        "mean": 7.95088768005,
        "median": 8.00244903564,
        "min": 6.28944778442,
        "var": 0.111087948084
    },
    "spectral_flux": {
        "dmean": 0.0179433654994,
        "dmean2": 0.028307871893,
        "dvar": 0.000391091452911,
        "dvar2": 0.00091766321566,
        "max": 0.293214857578,
        "mean": 0.0869264602661,
        "median": 0.0847912505269,
        "min": 1.02552945302e-10,
        "var": 0.00203698594123
    },
    "spectral_kurtosis": {
        "dmean": 0.757765829563,
        "dmean2": 1.27101957798,
        "dvar": 1.0508685112,
        "dvar2": 3.26391673088,
        "max": 28.8108024597,
        "mean": 2.12247371674,
        "median": 1.64948105812,
        "min": -1.19735658169,
        "var": 4.27101516724
    },
    "spectral_rms": {
        "dmean": 0.000617083453108,
        "dmean2": 0.000959297583904,
        "dvar": 3.76908303679e-07,
        "dvar2": 9.11685219762e-07,
        "max": 0.0108538204804,
        "mean": 0.00459938589483,
        "median": 0.00460188928992,
        "min": 3.20321590433e-12,
        "var": 4.50548486697e-06
    },
    "spectral_rolloff": {
        "dmean": 668.140136719,
        "dmean2": 1039.20251465,
        "dvar": 1051280.625,
        "dvar2": 1992280.5,
        "max": 18217.0898438,
        "mean": 2449.31958008,
        "median": 1722.65625,
        "min": 43.06640625,
        "var": 3697554.75
    },
    "spectral_skewness": {
        "dmean": 0.145733952522,
        "dmean2": 0.224075242877,
        "dvar": 0.0209586285055,
        "dvar2": 0.0448088608682,
        "max": 3.73790574074,
        "mean": 1.15389025211,
        "median": 1.14497756958,
        "min": -0.467846035957,
        "var": 0.173018187284
    },
    "spectral_spread": {
        "dmean": 425269.96875,
        "dmean2": 629120,
        "dvar": 339593691136,
        "dvar2": 516092526592,
        "max": 40574220,
        "mean": 5403677,
        "median": 5550955,
        "min": 1801040.25,
        "var": 2.02459303117e+12
    },
    "spectral_strongpeak": {
        "dmean": 0.768613278866,
        "dmean2": 1.31503498554,
        "dvar": 1.48001194,
        "dvar2": 3.69547557831,
        "max": 15.3267278671,
        "mean": 1.30131602287,
        "median": 0.480933666229,
        "min": 0,
        "var": 2.817101717
    },
    "zerocrossingrate": {
        "dmean": 0.0127803497016,
        "dmean2": 0.0139551367611,
        "dvar": 0.000238140244619,
        "dvar2": 0.000228024087846,
        "max": 0.50048828125,
        "mean": 0.0927036032081,
        "median": 0.0810546875,
        "min": 0.00634765625,
        "var": 0.00214742147364
    },
    "barkbands": {
        "dmean": [0.000175884444616, 0.00314005999826, 0.00116434856318, 0.000610612798482, 0.000867547525559, 0.000607151014265, 0.000488442834467, 0.000467165169539, 0.00108172534965, 0.00123646401335, 0.00134128623176, 0.00068309676135, 0.000731063308194, 0.000552654848434, 0.000412719266023, 0.000317824422382, 0.000172418483999, 0.000141394411912, 0.000121507939184, 0.000164152559591, 0.000195700078621, 0.000308873830363, 0.00031584649696, 0.000196477965801, 0.000102305988548, 3.26870394929e-05, 3.65436783056e-08],
        "dmean2": [0.000291159725748, 0.00465420493856, 0.001980970148, 0.00104135845322, 0.00149645458441, 0.000978010706604, 0.00079846958397, 0.000770637823734, 0.00176927039865, 0.00199515558779, 0.00215177144855, 0.00108596321661, 0.00117837544531, 0.000908576126676, 0.0006842581206, 0.000515707652085, 0.000278280873317, 0.000228244665777, 0.000200015856535, 0.000263117719442, 0.000309649214614, 0.000464423792437, 0.000459866860183, 0.000295823730994, 0.000157869173563, 5.30638171767e-05, 6.54036114156e-08],
        "dvar": [5.74749549287e-07, 3.22047708323e-05, 6.87670899424e-06, 1.58458283295e-06, 3.005554845e-06, 1.9783967673e-06, 2.54314386439e-06, 1.31588001295e-06, 7.62029958423e-06, 8.3468394223e-06, 1.00037168522e-05, 3.6324672692e-06, 2.84923135041e-06, 2.35165452978e-06, 7.69421262703e-07, 8.24533117338e-07, 1.53794374569e-07, 9.15555915526e-08, 3.93573635904e-08, 6.55110810044e-08, 1.16505297854e-07, 6.3633552827e-07, 5.08403672939e-07, 2.08889971987e-07, 5.3351207896e-08, 7.62589014158e-09, 1.7421822787e-14],
        "dvar2": [1.37827839808e-06, 7.36137008062e-05, 1.89017882803e-05, 4.35375250163e-06, 8.29888995213e-06, 5.17059197591e-06, 6.25919574304e-06, 3.40404653798e-06, 1.98750276468e-05, 1.96694691112e-05, 2.43914892053e-05, 8.04615501693e-06, 6.78920605424e-06, 6.21893559583e-06, 1.99932537726e-06, 2.03533204512e-06, 3.74578206674e-07, 2.24089603762e-07, 1.02126897161e-07, 1.64883374509e-07, 2.82917255845e-07, 1.31244826207e-06, 9.8198950127e-07, 4.69241285828e-07, 1.21976057699e-07, 1.97876719454e-08, 4.95870570083e-14],
        "max": [0.0403029285371, 0.0906635522842, 0.034805059433, 0.0171137563884, 0.0261864420027, 0.0333634205163, 0.0386041663587, 0.0266000442207, 0.0515370965004, 0.0528251901269, 0.0518995821476, 0.0417762808502, 0.0335485823452, 0.0403887182474, 0.0182730741799, 0.0260701533407, 0.00990636460483, 0.00751108024269, 0.00409415597096, 0.00471673812717, 0.00762888602912, 0.0146550135687, 0.0162719842046, 0.0121122542769, 0.00583103299141, 0.00172120530624, 3.8163402678e-06],
        "mean": [0.000233081838815, 0.00621001236141, 0.00143052474596, 0.000787278288044, 0.00125425239094, 0.000991114764474, 0.000632878742181, 0.000647226814181, 0.00164852116723, 0.00199973746203, 0.0023077914957, 0.00107864150777, 0.0012263051467, 0.000976357143372, 0.000730101193767, 0.000526555115357, 0.000317166792229, 0.000270576798357, 0.000243653543293, 0.000373666960513, 0.000471597770229, 0.000622068590019, 0.000680382130668, 0.000396634539356, 0.000195192347746, 4.99857414979e-05, 2.78311116375e-08],
        "median": [4.10874963563e-05, 0.0014328607358, 0.000372844631784, 0.000253645383054, 0.000612390926108, 0.000442175019998, 0.000218286731979, 0.000243842892814, 0.000560950138606, 0.000597638892941, 0.000630035297945, 0.000269620679319, 0.000371385045582, 0.000262430286966, 0.000301191757899, 0.000201872593607, 0.000145329366205, 0.000134096160764, 0.000139795010909, 0.000221913011046, 0.000284839741653, 0.000271420431091, 0.000316861231113, 0.000206885873922, 8.66519840201e-05, 1.97239605768e-05, 1.19987153546e-09],
        "min": [1.35031561512e-23, 3.8218319773e-23, 4.63649652273e-23, 5.95381219292e-23, 6.33806444659e-23, 1.10361981428e-22, 7.39235874484e-23, 8.1051400111e-23, 5.30114212764e-23, 6.1453589803e-23, 6.59621886228e-23, 1.07913268826e-22, 7.0667712368e-23, 1.11354116012e-22, 9.70035749424e-23, 7.89052251322e-23, 1.12020836005e-22, 1.31822557391e-22, 3.28851751362e-22, 3.1439257468e-22, 3.81742918682e-22, 5.72808892189e-22, 7.10194786985e-22, 8.72674233579e-22, 1.43225333516e-21, 1.58539655615e-21, 2.33815282497e-21],
        "var": [1.20493120903e-06, 0.000100246470538, 7.90808735474e-06, 1.98025441023e-06, 3.80201845473e-06, 3.66410154129e-06, 2.92837989946e-06, 1.81093628271e-06, 1.09674965643e-05, 1.55344696395e-05, 2.37437943724e-05, 7.23611310605e-06, 6.44977399133e-06, 6.37142193227e-06, 1.61756588568e-06, 1.49995935317e-06, 3.61353443168e-07, 2.15379202473e-07, 8.66746745487e-08, 1.85702589306e-07, 3.08961347173e-07, 1.41994223668e-06, 1.39401981869e-06, 4.25752119781e-07, 1.12225016835e-07, 9.43948652576e-09, 1.15315573659e-14]
    },
    "erbbands": {
        "dmean": [0.0948939397931, 0.722530007362, 1.30721032619, 1.57398426533, 2.61104035378, 3.01154732704, 3.80523490906, 5.23163461685, 6.40969657898, 8.58847999573, 10.1340694427, 26.7159862518, 26.4083843231, 44.1649856567, 52.4231987, 25.1593017578, 34.464427948, 27.6968860626, 23.8992710114, 16.6567935944, 13.0831251144, 8.52892017365, 7.37514638901, 6.54837608337, 6.34418296814, 7.70254993439, 7.97026109695, 8.36100673676, 10.916475296, 10.755033493, 9.19765090942, 4.6079826355, 3.21915340424, 1.48867678642, 0.598097085953, 0.236871019006, 0.0405802316964, 0.00114312279038, 4.09476997447e-05, 1.15145112431e-05],
        "dmean2": [0.13848978281, 1.07754600048, 2.17929005623, 2.68146538734, 4.58419752121, 5.16521596909, 6.16497373581, 8.51188659668, 10.4329452515, 14.2598781586, 16.5496292114, 43.2471809387, 43.3532905579, 69.253112793, 83.6068344116, 39.7296638489, 54.8757286072, 45.3636398315, 39.2663040161, 27.0238075256, 21.0796813965, 13.5277147293, 11.8266248703, 10.6578855515, 10.4999570847, 12.3660440445, 12.6784534454, 13.2632484436, 16.5201797485, 15.6395349503, 13.5339288712, 6.91042137146, 4.92843055725, 2.31217765808, 0.931051790714, 0.379664957523, 0.0668962076306, 0.00184586574323, 6.41601000098e-05, 1.79223989107e-05],
        "dvar": [0.0280866138637, 1.8668602705, 8.08233833313, 10.1307487488, 30.56300354, 42.1097373962, 79.9145965576, 148.228225708, 413.275238037, 545.865783691, 613.269836426, 4921.78125, 3958.70385742, 11795.5742188, 15233.8896484, 5051.12060547, 6433.78613281, 5851.27050781, 2551.21777344, 1933.84692383, 1483.51635742, 395.783172607, 249.748931885, 133.119628906, 112.428825378, 143.318481445, 160.011001587, 322.088378906, 828.698547363, 726.264831543, 426.143737793, 126.069923401, 50.6765022278, 11.2222299576, 1.90485990047, 0.371222317219, 0.0123739382252, 8.35884839034e-06, 9.4715257859e-09, 2.5756266564e-10],
        "dvar2": [0.0576820708811, 4.32083940506, 22.1895427704, 27.5298023224, 87.2393112183, 116.234817505, 196.115905762, 379.760406494, 991.925231934, 1409.02893066, 1566.58911133, 12512.0048828, 10751.8271484, 26621.2285156, 37331.7695312, 11451.3955078, 15551.6630859, 15218.5078125, 6701.87402344, 4906.45019531, 3561.09619141, 922.583984375, 613.24822998, 337.1378479, 291.176940918, 359.315948486, 401.555908203, 755.606323242, 1769.94140625, 1412.25976562, 847.887695312, 268.631500244, 121.327331543, 25.1359596252, 4.52057123184, 0.934359312057, 0.0328683070838, 2.16228872887e-05, 2.38708359745e-08, 6.2859223382e-10],
        "max": [2.32926940918, 21.1066627502, 40.4695777893, 39.1307907104, 71.2930297852, 125.723052979, 293.483795166, 295.525970459, 511.898681641, 678.321105957, 675.950927734, 1573.10974121, 1690.47009277, 2500.46899414, 2428.62084961, 1924.8092041, 1819.82678223, 2077.56176758, 1290.92053223, 1062.12719727, 1135.6463623, 575.184631348, 403.716796875, 259.08001709, 219.948486328, 223.954330444, 242.892807007, 454.344024658, 690.56628418, 577.756469727, 594.524230957, 291.470428467, 201.384170532, 108.504295349, 34.3829879761, 12.7987117767, 2.11397480965, 0.0524975173175, 0.00183842680417, 0.000322045671055],
        "mean": [0.19165584445, 1.32807421684, 1.83557200432, 2.29745483398, 3.3420381546, 4.18238162994, 6.44676160812, 8.20393276215, 8.61360549927, 11.6491498947, 16.4987697601, 41.108921051, 42.8876647949, 76.1575241089, 99.149055481, 47.9028663635, 61.5055999756, 52.2294425964, 46.1678581238, 31.3124847412, 23.7925281525, 17.0614528656, 15.060174942, 13.4796237946, 13.4523420334, 17.7117996216, 19.6454715729, 18.8409729004, 21.4997253418, 22.7359046936, 18.9259490967, 9.44343566895, 6.18543577194, 2.81265640259, 1.08757901192, 0.388912826777, 0.0582637824118, 0.00176441576332, 8.71910669957e-05, 4.3198455387e-05],
        "median": [0.0393806248903, 0.291865408421, 0.578899383545, 0.798794388771, 1.48187828064, 1.81777572632, 2.75855922699, 3.62976884842, 3.31938362122, 4.36632490158, 7.48006772995, 14.2543497086, 16.6784553528, 23.6193771362, 29.3557014465, 15.7157459259, 19.2830314636, 16.0231323242, 19.0242385864, 14.5231304169, 10.3519382477, 7.98259353638, 7.70940589905, 6.88482236862, 8.37122058868, 10.5664081573, 11.4993019104, 10.9488515854, 9.76794242859, 9.18136310577, 8.94519615173, 4.75961017609, 3.13413453102, 1.27528774738, 0.445135295391, 0.15845631063, 0.0218169018626, 0.000642980507109, 4.91189857712e-05, 3.56997261406e-05],
        "min": [1.60487084346e-21, 7.20165090156e-21, 3.80882809374e-20, 1.54304584986e-19, 1.20780932238e-19, 2.21459953875e-19, 6.02953403487e-19, 1.07100305825e-18, 4.66134111256e-19, 1.45313785718e-18, 2.39227271275e-18, 1.4067975449e-18, 1.13040672374e-18, 2.62991012221e-18, 2.73690614123e-18, 4.35934067624e-18, 3.1007913713e-18, 5.02241651348e-18, 5.19086729573e-18, 5.62394432288e-18, 5.82421508893e-18, 5.27661945547e-18, 6.66994812185e-18, 1.26776248396e-17, 1.69045078436e-17, 1.55410164091e-17, 1.7028220976e-17, 1.53287800619e-17, 2.1492913443e-17, 1.83314423767e-17, 2.1718975287e-17, 1.58763537751e-17, 1.45643361357e-17, 1.42977556766e-17, 1.1429243032e-17, 5.11677714185e-18, 3.40731224627e-18, 1.42987505681e-18, 3.27587329863e-19, 3.20172760733e-20],
        "var": [0.0979406088591, 5.11049604416, 10.6794319153, 15.5447473526, 29.3052940369, 53.455909729, 213.181503296, 245.615966797, 473.357818604, 670.8515625, 1032.12915039, 7240.26220703, 6479.26757812, 23919.6738281, 42207.5195312, 11341.0029297, 15718.265625, 16704.2089844, 5845.90673828, 3857.65478516, 3135.48901367, 1037.15368652, 612.893920898, 350.490814209, 250.428222656, 404.476501465, 522.368835449, 657.440185547, 1678.12963867, 1925.63122559, 1097.30187988, 268.162719727, 95.7178039551, 23.5962772369, 3.70053195953, 0.53449100256, 0.0135413445532, 1.06909983515e-05, 1.58529687155e-08, 1.27986199416e-09]
    },
    "gfcc": {
        "mean": [10.0361118317, 67.1323318481, -138.154724121, 35.6454849243, -77.8987960815, 38.7227554321, -34.1306762695, 9.01554107666, -24.1757488251, 2.48651027679, -15.7973194122, -1.66157615185, -4.05611896515],
        "cov": [[7066.25634766, -1093.02514648, 1367.76147461, 757.109924316, 306.298339844, 741.551635742, 25.4395828247, 477.27532959, -193.193084717, 515.461853027, -93.9548187256, 420.38848877, -311.934570312], [-1093.02514648, 1073.20068359, -0.48816639185, 29.9948406219, 258.214935303, -59.4861564636, 92.7065658569, -92.6420822144, 99.2444076538, -68.6896286011, 131.911529541, -105.37109375, 127.994544983], [1367.76147461, -0.48816639185, 1266.65783691, 550.198547363, 156.340103149, 237.153411865, -109.842506409, 69.6335906982, -67.8286437988, 256.038970947, -0.85206758976, 202.818527222, -103.738121033], [757.109924316, 29.9948406219, 550.198547363, 475.921020508, 158.962814331, 127.178375244, -9.01841068268, 35.388004303, 28.5258541107, 114.98651886, 10.8265352249, 99.9437942505, -29.9907474518], [306.298339844, 258.214935303, 156.340103149, 158.962814331, 359.159545898, 129.234405518, 87.9777832031, 88.1196289062, 28.0909481049, 74.9023208618, 27.7423114777, 31.6367340088, 8.50679779053], [741.551635742, -59.4861564636, 237.153411865, 127.178375244, 129.234405518, 278.27923584, 141.35118103, 70.2611312866, -3.4760928154, 82.3499984741, 34.2777404785, 55.1528396606, -28.4070014954], [25.4395828247, 92.7065658569, -109.842506409, -9.01841068268, 87.9777832031, 141.35118103, 241.03968811, 73.1931686401, 42.6975975037, -6.3407201767, 42.0819778442, -9.72930049896, 22.9090270996], [477.27532959, -92.6420822144, 69.6335906982, 35.388004303, 88.1196289062, 70.2611312866, 73.1931686401, 194.35194397, 37.9885635376, 53.7175292969, 2.96776509285, 48.7475013733, -2.02292346954], [-193.193084717, 99.2444076538, -67.8286437988, 28.5258541107, 28.0909481049, -3.4760928154, 42.6975975037, 37.9885635376, 129.392120361, 7.73537111282, 29.7339897156, -12.2502212524, 42.2480583191], [515.461853027, -68.6896286011, 256.038970947, 114.98651886, 74.9023208618, 82.3499984741, -6.3407201767, 53.7175292969, 7.73537111282, 152.10067749, 24.2799930573, 68.2830123901, -32.2543983459], [-93.9548187256, 131.911529541, -0.85206758976, 10.8265352249, 27.7423114777, 34.2777404785, 42.0819778442, 2.96776509285, 29.7339897156, 24.2799930573, 111.116424561, 17.1998271942, 26.6870918274], [420.38848877, -105.37109375, 202.818527222, 99.9437942505, 31.6367340088, 55.1528396606, -9.72930049896, 48.7475013733, -12.2502212524, 68.2830123901, 17.1998271942, 113.349365234, -7.00315332413], [-311.934570312, 127.994544983, -103.738121033, -29.9907474518, 8.50679779053, -28.4070014954, 22.9090270996, -2.02292346954, 42.2480583191, -32.2543983459, 26.6870918274, -7.00315332413, 96.6591949463]],
        "icov": [[0.000390216242522, -0.000170367959072, 0.000394467584556, -0.000577610859182, 0.000432369328337, -0.00121489481535, 0.000738502247259, -0.000960391946137, 0.00068730826024, -0.000631352420896, 0.000519810360856, -0.000451626605354, 0.000451476051239], [-0.000170367959072, 0.00448428234085, -0.00319783808663, 0.00210351822898, -0.00477230874822, 0.00471769412979, -0.00343898311257, 0.00364541169256, -0.00235626241192, 0.00312586827204, -0.00477722892538, 0.00425117695704, -0.0028694185894], [0.000394467584556, -0.00319783808663, 0.00528376270086, -0.0042542819865, 0.00398706598207, -0.00569358840585, 0.00465284194797, -0.00364351621829, 0.00353654520586, -0.00438419450074, 0.00373898632824, -0.00391519302502, 0.00233037071303], [-0.000577610859182, 0.00210351822898, -0.0042542819865, 0.00728374440223, -0.00420103780925, 0.00374237122014, -0.00297024683096, 0.00432668952271, -0.00501114362851, 0.00321883591823, -0.00202989764512, 0.000298741098959, -0.000844824768137], [0.000432369328337, -0.00477230874822, 0.00398706598207, -0.00420103780925, 0.0095473267138, -0.00668520806357, 0.00366282183677, -0.00586783513427, 0.00382616254501, -0.00521290116012, 0.00507614715025, -0.00314580881968, 0.00185319164302], [-0.00121489481535, 0.00471769412979, -0.00569358840585, 0.00374237122014, -0.00668520806357, 0.017138781026, -0.0116471145302, 0.00659860065207, -0.00303371646442, 0.00305470288731, -0.0063905720599, 0.00413509598002, -0.00218404619955], [0.000738502247259, -0.00343898311257, 0.00465284194797, -0.00297024683096, 0.00366282183677, -0.0116471145302, 0.013923319988, -0.00675945961848, 0.00187984784134, -0.00129265116993, 0.00230394955724, -0.00215330440551, 0.00177728896961], [-0.000960391946137, 0.00364541169256, -0.00364351621829, 0.00432668952271, -0.00586783513427, 0.00659860065207, -0.00675945961848, 0.0131570901722, -0.00625103199854, 0.00246108230203, -0.00233019585721, -8.27047188068e-05, -0.0019705328159], [0.00068730826024, -0.00235626241192, 0.00353654520586, -0.00501114362851, 0.00382616254501, -0.00303371646442, 0.00187984784134, -0.00625103199854, 0.0149676762521, -0.0056143226102, 0.00103401450906, 0.00127663789317, -0.00283432612196], [-0.000631352420896, 0.00312586827204, -0.00438419450074, 0.00321883591823, -0.00521290116012, 0.00305470288731, -0.00129265116993, 0.00246108230203, -0.0056143226102, 0.0170523971319, -0.00631366902962, -0.000765307806432, 0.00166303268634], [0.000519810360856, -0.00477722892538, 0.00373898632824, -0.00202989764512, 0.00507614715025, -0.0063905720599, 0.00230394955724, -0.00233019585721, 0.00103401450906, -0.00631366902962, 0.0172727350146, -0.00704364990816, 0.000628745066933], [-0.000451626605354, 0.00425117695704, -0.00391519302502, 0.000298741098959, -0.00314580881968, 0.00413509598002, -0.00215330440551, -8.27047188068e-05, 0.00127663789317, -0.000765307806432, -0.00704364990816, 0.0211724545807, -0.0065299840644], [0.000451476051239, -0.0028694185894, 0.00233037071303, -0.000844824768137, 0.00185319164302, -0.00218404619955, 0.00177728896961, -0.0019705328159, -0.00283432612196, 0.00166303268634, 0.000628745066933, -0.0065299840644, 0.0177207998931]]
    },
    "melbands": {
        "dmean": [0.000863404129632, 0.000714455032721, 0.000290365511319, 0.00020215191762, 0.000127684048493, 0.000114909365948, 9.90093903965e-05, 9.62563790381e-05, 9.76890733e-05, 0.000169383813045, 0.000137415045174, 0.000184782184078, 0.000185280412552, 9.32462280616e-05, 7.0608475653e-05, 6.38610435999e-05, 5.71243144805e-05, 4.1872033762e-05, 2.46499184868e-05, 2.57694246102e-05, 1.44048672155e-05, 9.44808653003e-06, 9.2595228125e-06, 7.29851808501e-06, 5.65855361856e-06, 4.93699735671e-06, 5.06358537677e-06, 5.6628209677e-06, 5.89022874919e-06, 5.03362298332e-06, 5.5887230701e-06, 6.53223469271e-06, 6.81193478158e-06, 6.38824303678e-06, 6.18017202214e-06, 3.69276745005e-06, 2.91541459774e-06, 2.59993362306e-06, 1.74090678229e-06, 1.15893578823e-06],
        "dmean2": [0.00127335637808, 0.00116393109784, 0.000493509636726, 0.000351067603333, 0.000208639510674, 0.000186252291314, 0.000160702911671, 0.000159828414326, 0.000159680334036, 0.000274502235698, 0.000225843818043, 0.000290098425467, 0.00029655941762, 0.000149030485773, 0.000112553781946, 0.000101854369859, 9.43600171013e-05, 6.83047546772e-05, 4.03488520533e-05, 4.2300853238e-05, 2.31980047829e-05, 1.52392522068e-05, 1.49565321408e-05, 1.19013939184e-05, 9.29773887037e-06, 8.25436018204e-06, 8.29157124826e-06, 9.19960530155e-06, 9.51381662162e-06, 8.16329884401e-06, 8.95515495358e-06, 1.01581181298e-05, 1.02762969618e-05, 9.46685122472e-06, 9.25165113586e-06, 5.6471390053e-06, 4.48629498351e-06, 4.05386936109e-06, 2.708646889e-06, 1.8212328996e-06],
        "dvar": [2.42881947088e-06, 1.83567306067e-06, 3.39902925361e-07, 1.8187175499e-07, 7.5187301718e-08, 6.94745878604e-08, 1.02577637051e-07, 6.17506685785e-08, 5.03290102927e-08, 2.09346168845e-07, 1.06800136734e-07, 2.11893436131e-07, 1.93197223552e-07, 5.67089806225e-08, 3.18669037824e-08, 2.14272670718e-08, 2.71081965764e-08, 8.43865688438e-09, 2.77475065147e-09, 5.70344038664e-09, 1.97658667211e-09, 5.81664549859e-10, 4.1868628009e-10, 3.37431610431e-10, 1.00015135063e-10, 7.42131564535e-11, 6.65908161945e-11, 8.15721795666e-11, 1.01100995631e-10, 6.29951438236e-11, 1.76779590966e-10, 2.90887341992e-10, 3.5770592044e-10, 2.34800789922e-10, 1.92073273952e-10, 7.18421641621e-11, 5.45611750224e-11, 3.51287783584e-11, 1.4989870456e-11, 6.7909766352e-12],
        "dvar2": [5.23795415575e-06, 5.05699563291e-06, 9.31492991185e-07, 5.14298278631e-07, 1.85042054568e-07, 1.79129159505e-07, 2.46920279778e-07, 1.58529488203e-07, 1.28125805077e-07, 5.35893207143e-07, 2.8833423471e-07, 4.76954198803e-07, 4.69072915621e-07, 1.30217074457e-07, 7.54083160359e-08, 5.02842887329e-08, 7.17983681398e-08, 2.21533245082e-08, 7.02180846801e-09, 1.45131728857e-08, 4.6561550171e-09, 1.39269784594e-09, 1.03463548839e-09, 8.57686088818e-10, 2.597065063e-10, 1.93624949407e-10, 1.71929498416e-10, 2.09613063018e-10, 2.59680860148e-10, 1.60637156355e-10, 4.21556206609e-10, 6.49936271468e-10, 7.72065134047e-10, 4.78100559143e-10, 3.9119904538e-10, 1.56131330087e-10, 1.21143720055e-10, 8.75412867196e-11, 3.52033853457e-11, 1.5396243308e-11],
        "max": [0.0247831679881, 0.0170534159988, 0.00769790634513, 0.00653432775289, 0.00789383985102, 0.006448013708, 0.00834107398987, 0.00667668320239, 0.00516657205299, 0.00986504368484, 0.00821788981557, 0.0103499833494, 0.00768775120378, 0.00533504085615, 0.00385277485475, 0.00276105478406, 0.00475241104141, 0.00240910495631, 0.0011235793354, 0.00259252567776, 0.00136232585646, 0.000774385349359, 0.000734587898478, 0.000471295061288, 0.000210757629247, 0.000225280527957, 0.000189565849723, 0.000160095834872, 0.000244471739279, 0.000134816407808, 0.00037026865175, 0.000459242961369, 0.000384185928851, 0.000292361393804, 0.000391487934394, 0.000188767546206, 0.000178092945134, 0.000192711609998, 0.0001423433132, 7.34139612177e-05],
        "mean": [0.00175381219015, 0.00126703060232, 0.000433270790381, 0.000274026300758, 0.000223040755372, 0.000184361313586, 0.000131157488795, 0.000129289866891, 0.000155012021423, 0.000255509658018, 0.000211641090573, 0.000301213643979, 0.000340240512742, 0.000156397087267, 0.000126909988467, 0.000107759529783, 9.94828878902e-05, 7.56837034714e-05, 4.43291355623e-05, 4.22614248237e-05, 2.41724519583e-05, 1.66438494489e-05, 1.70337480085e-05, 1.26304803416e-05, 1.05803346742e-05, 9.08961010282e-06, 1.02680114651e-05, 1.19678288684e-05, 1.26950753838e-05, 1.12524267024e-05, 1.08059994091e-05, 1.19043525046e-05, 1.25225760712e-05, 1.27951598188e-05, 1.19797832667e-05, 7.15729765943e-06, 5.37660480404e-06, 4.70297482025e-06, 3.19102809954e-06, 2.05281367016e-06],
        "median": [0.000397093768697, 0.000418521754909, 0.000167776859598, 0.000128557207063, 0.000103776605101, 8.22094880277e-05, 4.87886318297e-05, 4.79502959934e-05, 6.56222400721e-05, 8.42465597088e-05, 7.41628828109e-05, 8.21006760816e-05, 9.26588691073e-05, 4.30355830758e-05, 3.77457545255e-05, 3.38100362569e-05, 2.50509583566e-05, 2.85406877083e-05, 2.02105038625e-05, 1.60420458997e-05, 1.007062383e-05, 7.66106859373e-06, 7.47687408875e-06, 6.14654936726e-06, 5.13791292178e-06, 5.23848211742e-06, 5.97230973653e-06, 6.94944992574e-06, 6.81261280988e-06, 6.62241473037e-06, 5.85828820476e-06, 5.45055354451e-06, 4.59339753434e-06, 5.0673052101e-06, 5.41235294804e-06, 3.52224628841e-06, 2.52565087067e-06, 2.30064893003e-06, 1.54382701112e-06, 8.24393225685e-07],
        "min": [1.26543134182e-23, 1.64898371809e-23, 2.53874119526e-23, 1.1160577684e-23, 2.11286201381e-23, 2.26326134306e-23, 9.1624569088e-24, 1.4719761105e-23, 1.89161871542e-23, 7.82701242615e-24, 5.27696630191e-24, 1.04853727025e-23, 9.64954459675e-24, 8.72923106573e-24, 1.21715731426e-23, 6.82540125681e-24, 9.71596905155e-24, 8.92766429327e-24, 8.26739087104e-24, 6.04753746704e-24, 7.22030818141e-24, 5.76901079736e-24, 5.40597030346e-24, 6.33717839802e-24, 1.03988378167e-23, 1.33443742282e-23, 1.36102203532e-23, 8.47433038573e-24, 9.6852468636e-24, 9.4044999449e-24, 8.9482717067e-24, 1.35660772747e-23, 9.1812144434e-24, 1.10968684884e-23, 1.28428716849e-23, 1.03130452489e-23, 9.36476344338e-24, 9.30484945763e-24, 1.07064454492e-23, 1.30465508374e-23],
        "var": [8.00939960754e-06, 3.8283142203e-06, 4.80583082663e-07, 1.91064856381e-07, 2.03397533483e-07, 1.19609765648e-07, 1.18348651768e-07, 7.71557751023e-08, 8.60573052819e-08, 2.9143654956e-07, 1.70307515646e-07, 4.24507248908e-07, 5.25674920482e-07, 1.22033526395e-07, 7.60680549661e-08, 4.92337761671e-08, 7.42733377024e-08, 1.7810043218e-08, 5.46649481237e-09, 9.57691526082e-09, 4.07899225507e-09, 1.11517572954e-09, 1.15481513241e-09, 5.7162735656e-10, 2.30594737749e-10, 1.35486802333e-10, 1.48171044878e-10, 2.03118077913e-10, 2.64092636648e-10, 1.78830492081e-10, 2.91471402569e-10, 5.29076116251e-10, 7.28085314261e-10, 6.01516003673e-10, 4.73660222156e-10, 1.49942183669e-10, 1.00787801716e-10, 5.81378244158e-11, 2.87734471666e-11, 1.373146475e-11]
    },
    "mfcc": {
        "mean": [-618.851318359, 85.7534408569, -0.908410847187, 1.40887176991, -9.18299293518, 16.3113193512, 2.46940970421, 6.91451215744, 2.33959102631, 4.4054069519, -4.14007377625, -1.42778110504, -2.29692864418],
        "cov": [[6096.45263672, -1055.42297363, 805.499694824, 275.497711182, 420.404693604, 366.259216309, 355.12600708, 257.705688477, 120.058570862, 149.253723145, 104.074180603, 258.057403564, 250.519622803], [-1055.42297363, 917.78326416, -140.700790405, 73.3845901489, 111.894065857, 21.8278007507, 82.2282485962, -28.896024704, 12.4043292999, 28.9188117981, 25.1982250214, -25.6710681915, -30.3135261536], [805.499694824, -140.700790405, 1032.05517578, 341.078643799, 274.972076416, 219.156066895, 33.4382286072, -26.4621067047, -46.5274276733, -12.1418743134, 31.3777217865, 107.699234009, 104.19732666], [275.497711182, 73.3845901489, 341.078643799, 369.590087891, 226.782714844, 112.219177246, 16.9679584503, 7.56109952927, 29.25066185, 2.11408400536, 27.0583820343, 53.6390228271, 65.9317855835], [420.404693604, 111.894065857, 274.972076416, 226.782714844, 314.569549561, 110.490272522, 69.7462081909, 13.1628084183, 31.2214050293, 30.6988449097, 31.9337406158, 50.7071342468, 65.584526062], [366.259216309, 21.8278007507, 219.156066895, 112.219177246, 110.490272522, 260.311859131, 114.075431824, 45.7627906799, 19.4016666412, 26.3071689606, 50.2765007019, 34.521446228, 46.2238502502], [355.12600708, 82.2282485962, 33.4382286072, 16.9679584503, 69.7462081909, 114.075431824, 221.886459351, 90.114692688, 40.5823631287, 50.6493988037, 45.9277496338, 41.9499931335, 31.4827194214], [257.705688477, -28.896024704, -26.4621067047, 7.56109952927, 13.1628084183, 45.7627906799, 90.114692688, 148.585006714, 67.2500534058, 43.4420661926, 25.5950679779, 24.4939060211, 23.4356937408], [120.058570862, 12.4043292999, -46.5274276733, 29.25066185, 31.2214050293, 19.4016666412, 40.5823631287, 67.2500534058, 120.346176147, 56.2356376648, 18.1549034119, 4.22691202164, 16.641828537], [149.253723145, 28.9188117981, -12.1418743134, 2.11408400536, 30.6988449097, 26.3071689606, 50.6493988037, 43.4420661926, 56.2356376648, 108.142196655, 36.4870262146, 13.2292909622, 13.545838356], [104.074180603, 25.1982250214, 31.3777217865, 27.0583820343, 31.9337406158, 50.2765007019, 45.9277496338, 25.5950679779, 18.1549034119, 36.4870262146, 88.5410919189, 39.0670585632, 19.5011959076], [258.057403564, -25.6710681915, 107.699234009, 53.6390228271, 50.7071342468, 34.521446228, 41.9499931335, 24.4939060211, 4.22691202164, 13.2292909622, 39.0670585632, 106.06262207, 51.6619644165], [250.519622803, -30.3135261536, 104.19732666, 65.9317855835, 65.584526062, 46.2238502502, 31.4827194214, 23.4356937408, 16.641828537, 13.545838356, 19.5011959076, 51.6619644165, 88.6251296997]],
