{
"lowlevel": {
    "average_loudness": 0.958586990833,
    "barkbands_crest": {
        "dmean": 3.26554512978,
        "dmean2": 4.71922016144,
        "dvar": 7.73229408264,
        "dvar2": 15.2725429535,
        "max": 26.4155654907,
        "mean": 11.1451587677,
        "median": 9.72829437256,
        "min": 1.93882465363,
        "var": 33.3519668579
    },
    "barkbands_flatness_db": {
        "dmean": 0.0256997346878,
        "dmean2": 0.0370435528457,
        "dvar": 0.00056251953356,
        "dvar2": 0.00103493058123,
        "max": 0.394340962172,
        "mean": 0.132639989257,
        "median": 0.121942594647,
        "min": 0.0240148883313,
        "var": 0.00327581190504
    },
    "barkbands_kurtosis": {
        "dmean": 2.73110556602,
        "dmean2": 4.1365480423,
        "dvar": 51.0490722656,
        "dvar2": 113.754402161,
        "max": 383.602508545,
        "mean": 2.44022774696,
        "median": -0.0110297203064,
        "min": -1.93671786785,
        "var": 78.4085998535
    },
    "barkbands_skewness": {
        "dmean": 0.659632623196,
        "dmean2": 0.929982662201,
        "dvar": 0.463331699371,
        "dvar2": 0.873021125793,
        "max": 18.8205928802,
        "mean": 1.10522246361,
        "median": 0.862948715687,
        "min": -4.72670507431,
        "var": 1.98549723625
    },
    "barkbands_spread": {
        "dmean": 8.92805767059,
        "dmean2": 13.5384159088,
        "dvar": 81.7386779785,
        "dvar2": 174.586608887,
        "max": 118.742164612,
        "mean": 35.3731956482,
        "median": 34.6312446594,
        "min": 0.727083981037,
        "var": 324.922058105
    },
    "dissonance": {
        "dmean": 0.0122149903327,
        "dmean2": 0.0207895170897,
        "dvar": 0.00020236443379,
        "dvar2": 0.000548107433133,
        "max": 0.500000119209,
        "mean": 0.482695400715,
        "median": 0.487960606813,
        "min": 0.277187347412,
        "var": 0.000317947793519
    },
    "dynamic_complexity": 2.70227193832,
    "erbbands_crest": {
        "dmean": 2.62242221832,
        "dmean2": 4.30075645447,
        "dvar": 6.23044729233,
        "dvar2": 15.5919361115,
        "max": 32.4784584045,
        "mean": 8.6276845932,
        "median": 7.48447322845,
        "min": 2.3575284481,
        "var": 21.4554710388
    },
    "erbbands_flatness_db": {
        "dmean": 0.0156467538327,
        "dmean2": 0.0236488450319,
        "dvar": 0.0002058136306,
        "dvar2": 0.000443516852101,
        "max": 0.417978107929,
        "mean": 0.158106908202,
        "median": 0.143192395568,
        "min": 0.0642308071256,
        "var": 0.00339033687487
    },
    "erbbands_kurtosis": {
        "dmean": 1.06753849983,
        "dmean2": 1.6998295784,
        "dvar": 3.30540394783,
        "dvar2": 8.02560520172,
        "max": 49.0714454651,
        "mean": 0.917605757713,
        "median": 0.308832406998,
        "min": -1.64494764805,
        "var": 7.52733039856
    },
    "erbbands_skewness": {
        "dmean": 0.360308170319,
        "dmean2": 0.543121159077,
        "dvar": 0.110972374678,
        "dvar2": 0.245144948363,
        "max": 5.28631591797,
        "mean": -0.138130947948,
        "median": -0.265149533749,
        "min": -5.44907426834,
        "var": 0.843081116676
    },
    "erbbands_spread": {
        "dmean": 8.51789855957,
        "dmean2": 13.0373191833,
        "dvar": 77.7846221924,
        "dvar2": 168.188598633,
        "max": 129.296905518,
        "mean": 38.1787338257,
        "median": 36.0687332153,
        "min": 1.81479477882,
        "var": 326.978851318
    },
    "hfc": {
        "dmean": 9.82604885101,
        "dmean2": 14.4066667557,
        "dvar": 188.876037598,
        "dvar2": 428.675537109,
        "max": 178.327941895,
        "mean": 33.8217315674,
        "median": 30.0066986084,
        "min": 1.18236085028e-16,
        "var": 560.008850098
    },
    "melbands_crest": {
        "dmean": 4.26476764679,
        "dmean2": 6.65610694885,
        "dvar": 13.7151460648,
        "dvar2": 30.7939014435,
        "max": 36.5830307007,
        "mean": 16.7529411316,
        "median": 16.1628513336,
        "min": 2.2659804821,
        "var": 53.3061637878
    },
    "melbands_flatness_db": {
        "dmean": 0.0336062014103,
        "dmean2": 0.0462819747627,
        "dvar": 0.000964862585533,
        "dvar2": 0.00166533072479,
        "max": 0.484723746777,
        "mean": 0.159401491284,
        "median": 0.154258087277,
        "min": 0.00969731248915,
        "var": 0.00508297095075
    },
    "melbands_kurtosis": {
        "dmean": 10.1677951813,
        "dmean2": 14.888915062,
        "dvar": 449.550811768,
        "dvar2": 858.223144531,
        "max": 624.265808105,
        "mean": 15.1741914749,
        "median": 4.97729969025,
        "min": -1.90762090683,
        "var": 988.82220459
    },
    "melbands_skewness": {
        "dmean": 1.02258348465,
        "dmean2": 1.45443558693,
        "dvar": 1.28711998463,
        "dvar2": 2.30951857567,
        "max": 20.5062217712,
        "mean": 2.76064682007,
        "median": 2.1216275692,
        "min": -1.99605214596,
        "var": 5.64003944397
    },
    "melbands_spread": {
        "dmean": 14.1500225067,
        "dmean2": 21.0595035553,
        "dvar": 292.407165527,
        "dvar2": 592.53704834,
        "max": 266.680511475,
        "mean": 41.0621871948,
        "median": 33.6696281433,
        "min": 0.497413635254,
        "var": 1010.73388672
    },
    "pitch_salience": {
        "dmean": 0.0885835886002,
        "dmean2": 0.133486703038,
        "dvar": 0.00709832739085,
        "dvar2": 0.0135692562908,
        "max": 0.945124447346,
        "mean": 0.493446528912,
        "median": 0.509294271469,
        "min": 0.0332057289779,
        "var": 0.0283519756049
    },
    "silence_rate_20dB": {
        "dmean": 0,
        "dmean2": 0,
        "dvar": 0,
        "dvar2": 0,
        "max": 1,
        "mean": 1,
        "median": 1,
        "min": 1,
        "var": 0
    },
    "silence_rate_30dB": {
        "dmean": 0.0499413833022,
        "dmean2": 0.0998944789171,
        "dvar": 0.0474491491914,
        "dvar2": 0.11264834553,
        "max": 1,
        "mean": 0.960497021675,
        "median": 1,
        "min": 0,
        "var": 0.0379410609603
    },
    "silence_rate_60dB": {
        "dmean": 0.0128956623375,
        "dmean2": 0.0257943496108,
        "dvar": 0.0127307381481,
        "dvar2": 0.0288857948035,
        "max": 1,
        "mean": 0.0505216270685,
        "median": 0,
        "min": 0,
        "var": 0.0479792095721
    },
    "spectral_centroid": {
        "dmean": 310.078826904,
        "dmean2": 462.473510742,
        "dvar": 101492.203125,
        "dvar2": 188302.5625,
        "max": 10826.8427734,
        "mean": 2234.61572266,
        "median": 2237.74194336,
        "min": 281.100372314,
        "var": 444765.75
    },
    "spectral_complexity": {
        "dmean": 5.03024625778,
        "dmean2": 7.44237327576,
        "dvar": 28.9842319489,
        "dvar2": 51.5686798096,
        "max": 59,
        "mean": 24.3627948761,
        "median": 25,
        "min": 0,
        "var": 146.742095947
    },
    "spectral_decrease": {
        "dmean": 3.48480999612e-09,
        "dmean2": 4.863499381e-09,
        "dvar": 2.40583131968e-17,
        "dvar2": 4.64281323877e-17,
        "max": -5.18933638313e-29,
        "mean": -8.16990208818e-09,
        "median": -5.68121460987e-09,
        "min": -5.1339078766e-08,
        "var": 6.45811998828e-17
    },
    "spectral_energy": {
        "dmean": 0.0135793080553,
        "dmean2": 0.0189434252679,
        "dvar": 0.00034302379936,
        "dvar2": 0.00066620594589,
        "max": 0.199368521571,
        "mean": 0.0339028090239,
        "median": 0.024763982743,
        "min": 1.09202211505e-20,
        "var": 0.000970268331002
    },
    "spectral_energyband_high": {
        "dmean": 0.000865388195962,
        "dmean2": 0.00128189008683,
        "dvar": 2.11662018046e-06,
        "dvar2": 4.85036389364e-06,
        "max": 0.0201974287629,
        "mean": 0.00229874555953,
        "median": 0.00172350823414,
        "min": 7.89671041389e-21,
        "var": 4.96187158205e-06
    },
    "spectral_energyband_low": {
        "dmean": 0.0113691948354,
        "dmean2": 0.0161650888622,
        "dvar": 0.000376438925741,
        "dvar2": 0.00072092883056,
        "max": 0.18150152266,
        "mean": 0.0192456953228,
        "median": 0.00702564837411,
        "min": 4.53142245897e-23,
        "var": 0.000838880485389
    },
    "spectral_energyband_middle_high": {
        "dmean": 0.00293581048027,
        "dmean2": 0.00440987665206,
        "dvar": 1.79954513442e-05,
        "dvar2": 4.12089757447e-05,
        "max": 0.0799203664064,
        "mean": 0.00857915822417,
        "median": 0.00572169525549,
        "min": 1.64927212563e-21,
        "var": 7.65027361922e-05
    },
    "spectral_energyband_middle_low": {
        "dmean": 0.00250517646782,
        "dmean2": 0.00404913816601,
        "dvar": 1.46369602589e-05,
        "dvar2": 3.64486004401e-05,
        "max": 0.0591416694224,
        "mean": 0.00429895194247,
        "median": 0.0027170823887,
        "min": 2.95479931089e-22,
        "var": 2.29515644605e-05
    },
    "spectral_entropy": {
        "dmean": 0.118724524975,
        "dmean2": 0.169091790915,
        "dvar": 0.01178142149,
        "dvar2": 0.0226201750338,
        "max": 9.79026794434,
        "mean": 7.98242616653,
        "median": 7.99726057053,
        "min": 6.11658143997,
        "var": 0.0947632715106
    },
    "spectral_flux": {
        "dmean": 0.0288645196706,
        "dmean2": 0.0440193191171,
        "dvar": 0.00103229621891,
        "dvar2": 0.00226697977632,
        "max": 0.328671634197,
        "mean": 0.10482467711,
        "median": 0.0942893177271,
        "min": 1.04499860154e-10,
        "var": 0.00298344460316
    },
    "spectral_kurtosis": {
        "dmean": 0.795947134495,
        "dmean2": 1.31194126606,
        "dvar": 1.14502096176,
        "dvar2": 3.48936367035,
        "max": 33.724155426,
        "mean": 2.44928503036,
        "median": 2.14686107635,
        "min": -1.24350953102,
        "var": 3.53259348869
    },
    "spectral_rms": {
        "dmean": 0.00104561005719,
        "dmean2": 0.00140999874566,
        "dvar": 1.17886679618e-06,
        "dvar2": 2.08974779525e-06,
        "max": 0.0139465359971,
        "mean": 0.00520948832855,
        "median": 0.00491528073326,
        "min": 3.2640272863e-12,
        "var": 5.93713548369e-06
    },
    "spectral_rolloff": {
        "dmean": 936.600769043,
        "dmean2": 1419.51806641,
        "dvar": 1573315.375,
        "dvar2": 2889915.75,
        "max": 18733.8867188,
        "mean": 2690.28515625,
        "median": 2282.51953125,
        "min": 43.06640625,
        "var": 4847916
    },
    "spectral_skewness": {
        "dmean": 0.138542890549,
        "dmean2": 0.218465730548,
        "dvar": 0.0173230487853,
        "dvar2": 0.0433500297368,
        "max": 3.71086668968,
        "mean": 1.17138206959,
        "median": 1.16542160511,
        "min": -0.358036011457,
        "var": 0.0966631919146
    },
    "spectral_spread": {
        "dmean": 449627.40625,
        "dmean2": 639091.5,
        "dvar": 332211814400,
        "dvar2": 458926751744,
        "max": 39014136,
        "mean": 5091461,
        "median": 5059761,
        "min": 1172561.75,
        "var": 1.9684318249e+12
    },
    "spectral_strongpeak": {
        "dmean": 0.663026988506,
        "dmean2": 1.13205170631,
        "dvar": 1.44584822655,
        "dvar2": 3.83189201355,
        "max": 15.4370718002,
        "mean": 0.986664354801,
        "median": 0.448485344648,
        "min": 0,
        "var": 2.26236271858
    },
    "zerocrossingrate": {
        "dmean": 0.0173943191767,
        "dmean2": 0.0179496165365,
        "dvar": 0.000394394359319,
        "dvar2": 0.000350775691913,
        "max": 0.54931640625,
        "mean": 0.0948543697596,
        "median": 0.08544921875,
        "min": 0.0048828125,
        "var": 0.00288961804472
    },
    "barkbands": {
        "dmean": [0.000441763811978, 0.0100455414504, 0.00343236513436, 0.000681315141264, 0.00052965071518, 0.00048699931358, 0.000437296897871, 0.000342483253917, 0.000774036219809, 0.00113418709952, 0.000639415229671, 0.000338414683938, 0.000571266224142, 0.000359719968401, 0.000465183024062, 0.0004684846499, 0.000460196431959, 0.000531553348992, 0.000244436814683, 0.000281168264337, 0.000189053753274, 0.000200358888833, 0.000265466864221, 0.000162559619639, 0.000107889987703, 3.74960472982e-05, 3.61519383318e-08],
        "dmean2": [0.000600266561378, 0.0138353994116, 0.00586123252288, 0.00123255618382, 0.000899271632079, 0.000778663903475, 0.000712962821126, 0.000573463330511, 0.00127534347121, 0.00184355059173, 0.00103993155062, 0.00055221671937, 0.000928958703298, 0.000587455870118, 0.000740190094803, 0.000749097322114, 0.000735555600841, 0.000845227565151, 0.000389236345654, 0.000441648386186, 0.000297014950775, 0.000311332667479, 0.000407296261983, 0.00024674195447, 0.000166862853803, 5.78947547183e-05, 6.49203357739e-08],
        "dvar": [1.08613971861e-06, 0.00032539354288, 6.53721945127e-05, 2.92706272376e-06, 1.54438032496e-06, 1.29182535602e-06, 1.61596938142e-06, 1.87177533917e-06, 4.88269688503e-06, 8.32768455439e-06, 2.86256795334e-06, 7.04213789504e-07, 2.34040021496e-06, 9.73000055637e-07, 9.53647258939e-07, 9.26225311559e-07, 8.07077185527e-07, 1.09849906949e-06, 1.27847002318e-07, 2.03882905225e-07, 1.0601088718e-07, 1.56766674309e-07, 2.40265904949e-07, 8.55672510625e-08, 7.1886624653e-08, 8.23769763514e-09, 1.26338894316e-14],
        "dvar2": [2.73415025731e-06, 0.000659938552417, 0.000173464912223, 8.21257526695e-06, 4.08850155509e-06, 3.06095512315e-06, 3.84672921427e-06, 4.72578676636e-06, 1.25747874336e-05, 2.13851399167e-05, 6.88986983732e-06, 1.75519232926e-06, 5.6886378843e-06, 2.38524739871e-06, 2.30995919992e-06, 2.1429032131e-06, 2.02919613912e-06, 2.70390046353e-06, 3.14926637657e-07, 4.8024452326e-07, 2.47348197036e-07, 3.64369697081e-07, 5.46727676465e-07, 1.92173899904e-07, 1.78172527399e-07, 1.95784295443e-08, 3.54115134026e-14],
        "max": [0.0551540479064, 0.16913819313, 0.065588131547, 0.0203172750771, 0.0261019058526, 0.0220882259309, 0.0291649457067, 0.0322017297149, 0.0572170242667, 0.0765961557627, 0.0543294548988, 0.0155361294746, 0.0383053459227, 0.0360917896032, 0.0194914005697, 0.0369975864887, 0.0200770497322, 0.0172975324094, 0.00501753902063, 0.00679337093607, 0.0144220599905, 0.00815123878419, 0.0113657247275, 0.00566479144618, 0.00431716162711, 0.00170697283465, 3.19111450153e-06],
        "mean": [0.000556210870855, 0.0149727202952, 0.00339659955353, 0.000591587217059, 0.000673684407957, 0.000691667199135, 0.00051967689069, 0.000398643926019, 0.00107007718179, 0.0018726416165, 0.000964663107879, 0.000494342064485, 0.000859053048771, 0.000535430910531, 0.000722704164218, 0.000838808366098, 0.000842953159008, 0.000941166013945, 0.000465715391329, 0.000548592943233, 0.000387483974919, 0.00039834540803, 0.000572949706111, 0.000334722251864, 0.000190309772734, 6.20257051196e-05, 2.84132379846e-08],
        "median": [7.58438254707e-05, 0.00332274986431, 0.00107635604218, 0.000192158244317, 0.000239608081756, 0.000175149267307, 7.95115338406e-05, 9.01737294043e-05, 0.000235928979237, 0.00032899910002, 0.000239554443397, 0.000188949896256, 0.000261561479419, 0.000209833495319, 0.000306862144498, 0.000430253945524, 0.000421232252847, 0.000446217542049, 0.000320282415487, 0.000335388584062, 0.000245728006121, 0.000236015417613, 0.000349109759554, 0.00021112561808, 9.83109493973e-05, 3.0682367651e-05, 2.24172014285e-09],
        "min": [2.0347755127e-23, 3.15027342651e-23, 1.09256140829e-24, 2.33683615143e-24, 3.74536200996e-23, 9.08456383638e-23, 3.47762135655e-23, 2.80929492666e-23, 7.28730140493e-23, 8.64283707043e-23, 5.6028246259e-23, 1.39558973086e-22, 1.17771127133e-22, 1.22954877292e-22, 8.57848810867e-23, 4.15754460973e-22, 8.3617659299e-23, 2.37572365718e-22, 2.54728386467e-22, 2.70477659963e-22, 5.29098576437e-22, 6.92543588779e-22, 5.25113932719e-22, 8.03793373203e-22, 1.37577210604e-21, 1.7457004632e-21, 2.26367748927e-21],
        "var": [1.77324204742e-06, 0.00064577430021, 5.1280730986e-05, 1.95757934307e-06, 1.75138359282e-06, 2.40190297518e-06, 2.30411455959e-06, 2.31186118071e-06, 7.06794025973e-06, 2.5695644581e-05, 5.34757555215e-06, 1.12801160412e-06, 4.55751160189e-06, 1.45104093008e-06, 1.61859918535e-06, 2.28936755775e-06, 1.86200520602e-06, 2.04716297958e-06, 2.40462412648e-07, 4.53524620525e-07, 2.14187721781e-07, 3.37020935604e-07, 5.53492895961e-07, 1.79524178634e-07, 1.05976646125e-07, 1.31267201553e-08, 9.6403081305e-15]
    },
    "erbbands": {
        "dmean": [0.256416290998, 2.48497891426, 4.61700248718, 2.42756938934, 1.6306681633, 1.95945310593, 2.27752327919, 5.09381961823, 6.15626430511, 6.37217521667, 7.95723819733, 18.4769039154, 23.7392406464, 38.7744789124, 22.172618866, 13.0232868195, 25.5935821533, 18.3900814056, 23.7975769043, 20.3418731689, 22.9943752289, 24.7536659241, 30.6871299744, 12.6328477859, 12.8687992096, 12.7936983109, 10.4086351395, 6.05442380905, 7.05610227585, 7.5995464325, 8.00970554352, 3.9231095314, 2.63829660416, 1.46090626717, 0.664698660374, 0.288813412189, 0.0423102788627, 0.00112469668966, 4.29151259596e-05, 1.71726242115e-05],
        "dmean2": [0.34085521102, 3.54421591759, 7.40272760391, 4.10617637634, 2.80915522575, 3.35002279282, 3.76088881493, 8.09943675995, 9.91745853424, 10.5583953857, 12.9909009933, 30.5176067352, 38.5279197693, 62.292766571, 35.4280014038, 20.9401607513, 41.6786003113, 29.9145088196, 37.9095649719, 31.9158248901, 36.2391967773, 38.9205856323, 48.6504707336, 19.7300949097, 20.6070804596, 20.1379394531, 16.2336292267, 9.48700428009, 11.0247774124, 11.7135105133, 12.2855243683, 6.04244041443, 4.00634479523, 2.26334142685, 1.03600120544, 0.449074596167, 0.0650412961841, 0.00171268451959, 6.39178324491e-05, 2.5313522201e-05],
        "dvar": [0.180675804615, 23.4610939026, 104.449333191, 28.7658405304, 12.6983222961, 23.8637580872, 31.8342247009, 170.014343262, 300.148376465, 449.29284668, 950.534484863, 2858.44750977, 3411.30371094, 12237.4101562, 3869.84936523, 1016.98944092, 5028.27050781, 2042.18151855, 2813.89501953, 1579.54760742, 2331.08496094, 2133.94262695, 3402.65014648, 514.551879883, 380.822143555, 425.240661621, 391.78326416, 95.3291778564, 204.154891968, 219.030593872, 232.272521973, 49.2273139954, 23.4623374939, 13.0524578094, 2.77819728851, 0.520959556103, 0.00948606058955, 6.04299884799e-06, 8.72210215164e-09, 4.75730344007e-10],
        "dvar2": [0.318231165409, 46.863117218, 252.541183472, 73.9405517578, 33.9817008972, 64.2508087158, 78.3944015503, 401.642791748, 720.08013916, 1153.19592285, 2301.47998047, 7376.86181641, 8582.07324219, 31883.578125, 9324.35644531, 2572.76855469, 12236.2460938, 5106.64941406, 7021.74511719, 3607.3737793, 5511.64257812, 5186.21240234, 8302.62207031, 1252.72998047, 918.709472656, 990.990600586, 916.907592773, 226.43800354, 485.945648193, 485.494415283, 548.990905762, 114.75705719, 51.9370803833, 32.5557746887, 6.82644891739, 1.24881076813, 0.0229116156697, 1.4496094991e-05, 2.11656026039e-08, 1.04201702822e-09],
        "max": [4.0297665596, 44.018989563, 85.9411468506, 55.4010505676, 50.7498168945, 112.379302979, 158.20085144, 272.403808594, 372.937957764, 521.557250977, 850.524902344, 1403.89160156, 1552.87341309, 3116.41259766, 2594.09033203, 794.691162109, 1831.1151123, 1587.28295898, 1180.9185791, 1042.35388184, 2007.33813477, 1162.40075684, 978.620056152, 791.258605957, 254.988082886, 286.80557251, 956.737792969, 196.175994873, 299.603393555, 341.160644531, 433.202362061, 139.571136475, 87.7794876099, 58.8167724609, 33.5058403015, 15.3135814667, 1.47494792938, 0.0657639428973, 0.00168567860965, 0.000233107552049],
        "mean": [0.414496541023, 3.30147147179, 5.15728235245, 2.54562687874, 1.88519656658, 2.44657969475, 2.94952058792, 7.18381547928, 7.77373313904, 7.39622020721, 10.1373815536, 25.2710075378, 36.9987602234, 65.9166717529, 37.8380775452, 21.8481616974, 39.7214431763, 30.60272789, 38.0055427551, 37.7891921997, 44.3115577698, 48.9678688049, 56.5493621826, 25.0517616272, 25.0800228119, 25.5682640076, 21.7393989563, 12.9350728989, 13.7240982056, 15.4941205978, 16.9092063904, 8.23478317261, 5.17962503433, 2.56986093521, 1.12832415104, 0.476814210415, 0.0695628672838, 0.00198122230358, 9.75928633125e-05, 5.14277344337e-05],
        "median": [0.0854699835181, 0.716678082943, 1.90493488312, 1.03476464748, 0.770774006844, 0.749579071999, 1.06115043163, 1.57012557983, 1.39458692074, 1.86193811893, 2.52129840851, 6.02911996841, 9.98774909973, 11.1195077896, 11.3125171661, 9.4426240921, 12.6936006546, 12.8601675034, 16.765707016, 20.2013835907, 24.7012138367, 24.9760608673, 26.725320816, 16.6014385223, 16.6747894287, 15.9725570679, 13.1670913696, 8.29650878906, 8.02399539948, 9.17542362213, 10.2171497345, 5.39392566681, 3.07634520531, 1.3597625494, 0.563661277294, 0.234721377492, 0.0348963923752, 0.00103286479134, 6.67555941618e-05, 4.19853931817e-05],
        "min": [1.45152072635e-21, 5.01108801972e-21, 2.94186704075e-21, 3.92815148204e-21, 2.42079139934e-20, 1.13527023555e-19, 5.51058366602e-19, 7.43474794249e-19, 7.26080943726e-19, 4.98866630371e-19, 5.85901747244e-19, 1.28881160425e-18, 2.90178019452e-18, 2.61775532349e-18, 2.96017831858e-18, 5.64019345883e-18, 5.80418821912e-18, 7.13489931314e-18, 3.16825084538e-18, 1.00886173511e-17, 2.2150306963e-17, 7.84847163164e-18, 1.30638106522e-17, 8.80736504031e-18, 1.33385975701e-17, 9.22867459606e-18, 2.35694527635e-17, 2.13124838447e-17, 2.42923838035e-17, 1.84333096692e-17, 1.80069427311e-17, 1.7544801886e-17, 1.36216091449e-17, 1.4383112444e-17, 8.81065721915e-18, 6.09294332248e-18, 3.33796245769e-18, 1.23472495233e-18, 3.30186202101e-19, 3.47828865967e-20],
        "var": [0.493319749832, 37.7521095276, 102.925270081, 24.3903236389, 11.4880046844, 28.1272525787, 42.64270401, 317.589202881, 439.970214844, 503.34777832, 1328.04846191, 3929.84912109, 6898.30029297, 36592.0664062, 7914.42431641, 1821.6763916, 9755.61425781, 3609.03417969, 4321.62597656, 3484.26293945, 6573.80908203, 5401.21435547, 6986.31982422, 932.239135742, 761.080932617, 937.238098145, 793.363342285, 204.049346924, 412.439605713, 496.953460693, 501.322296143, 99.2521972656, 48.7329521179, 18.8953037262, 4.14236736298, 0.811169087887, 0.0145728066564, 1.03207175925e-05, 1.557571494e-08, 1.53576829032e-09]
    },
    "gfcc": {
        "mean": [16.4578723907, 48.4235343933, -139.829864502, 50.5431900024, -59.3462181091, 38.9259033203, -33.6058578491, 21.4168739319, -20.1424217224, 0.397676318884, -15.2179956436, 1.33303511143, -6.94459962845],
        "cov": [[4422.92138672, -326.763671875, 1188.05407715, 817.020568848, 471.49697876, 216.073455811, -234.867645264, 269.177032471, -175.675384521, 329.419708252, -100.325683594, 351.766723633, -215.348617554], [-326.763671875, 1040.75976562, 276.379272461, 278.709503174, 280.35244751, 58.2723884583, 184.969421387, 16.4403610229, 142.811416626, -41.5327262878, 136.885604858, -30.8518104553, 125.881019592], [1188.05407715, 276.379272461, 1733.66137695, 989.371520996, 513.698913574, 276.265228271, -148.922775269, 145.554550171, -49.5674972534, 253.627487183, 21.6144523621, 261.878570557, -82.054725647], [817.020568848, 278.709503174, 989.371520996, 863.536071777, 447.382385254, 200.724777222, -9.00700759888, 120.031410217, 59.2789573669, 130.836486816, 65.5001678467, 164.75617981, -2.94609260559], [471.49697876, 280.35244751, 513.698913574, 447.382385254, 470.468017578, 215.40512085, 105.236579895, 128.176330566, 41.7982749939, 68.87890625, 30.7152290344, 89.8228988647, 18.8796291351], [216.073455811, 58.2723884583, 276.265228271, 200.724777222, 215.40512085, 293.07409668, 151.801193237, 59.2235221863, 18.9593639374, 32.8916282654, 14.4332351685, 21.700378418, 10.4651880264], [-234.867645264, 184.969421387, -148.922775269, -9.00700759888, 105.236579895, 151.801193237, 296.300720215, 67.2002258301, 91.8926620483, -39.8172302246, 30.850069046, -53.400554657, 56.9947929382], [269.177032471, 16.4403610229, 145.554550171, 120.031410217, 128.176330566, 59.2235221863, 67.2002258301, 155.103897095, 64.0707778931, 35.0836601257, 0.239678293467, 32.6807479858, -2.43480229378], [-175.675384521, 142.811416626, -49.5674972534, 59.2789573669, 41.7982749939, 18.9593639374, 91.8926620483, 64.0707778931, 172.364730835, 5.40061092377, 60.1468658447, -9.99352550507, 41.7686157227], [329.419708252, -41.5327262878, 253.627487183, 130.836486816, 68.87890625, 32.8916282654, -39.8172302246, 35.0836601257, 5.40061092377, 146.485839844, 36.3560180664, 72.7604751587, -22.6537780762], [-100.325683594, 136.885604858, 21.6144523621, 65.5001678467, 30.7152290344, 14.4332351685, 30.850069046, 0.239678293467, 60.1468658447, 36.3560180664, 136.287063599, 32.1907539368, 38.9520606995], [351.766723633, -30.8518104553, 261.878570557, 164.75617981, 89.8228988647, 21.700378418, -53.400554657, 32.6807479858, -9.99352550507, 72.7604751587, 32.1907539368, 144.101715088, 8.92812824249], [-215.348617554, 125.881019592, -82.054725647, -2.94609260559, 18.8796291351, 10.4651880264, 56.9947929382, -2.43480229378, 41.7686157227, -22.6537780762, 38.9520606995, 8.92812824249, 109.261657715]],
        "icov": [[0.000460368930362, -0.000200999245862, 0.000410029955674, -0.000557809602469, 0.000223177441512, -0.00047327511129, 0.000421704782639, -0.000879468279891, 0.000676450319588, -0.0006367363967, 0.000506318756379, -0.00077385851182, 0.00069113454083], [-0.000200999245862, 0.00284312688746, -0.00187498878222, 0.00116523657925, -0.00240540876985, 0.00284804496914, -0.00215557054617, 0.00240569328889, -0.00155976240057, 0.00185724149924, -0.00233600428328, 0.00250779627822, -0.00211833626963], [0.000410029955674, -0.00187498878222, 0.00415398739278, -0.00361507269554, 0.00177801994141, -0.00345032592304, 0.00292531214654, -0.00275531504303, 0.00241040065885, -0.00300043844618, 0.00228430423886, -0.00266781356186, 0.00228646048345], [-0.000557809602469, 0.00116523657925, -0.00361507269554, 0.00634279521182, -0.00366940395907, 0.00194417173043, -0.00100307248067, 0.00267938990146, -0.00345034594648, 0.00249737082049, -0.00219132960774, 0.00102131546009, -0.00142042548396], [0.000223177441512, -0.00240540876985, 0.00177801994141, -0.00366940395907, 0.0083317393437, -0.00439415825531, 0.000857489008922, -0.00466503016651, 0.00264973961748, -0.00165999890305, 0.00210465188138, -0.00276153720915, 0.000995675218292], [-0.00047327511129, 0.00284804496914, -0.00345032592304, 0.00194417173043, -0.00439415825531, 0.011102700606, -0.00723785627633, 0.0041544912383, -0.000936784315854, 0.00150181818753, -0.00230556144379, 0.00306771765463, -0.00194808165543], [0.000421704782639, -0.00215557054617, 0.00292531214654, -0.00100307248067, 0.000857489008922, -0.00723785627633, 0.0110066179186, -0.00498874718323, -0.000242373906076, -0.000684064696543, 0.000872443488333, 0.000251659919741, -0.000203858682653], [-0.000879468279891, 0.00240569328889, -0.00275531504303, 0.00267938990146, -0.00466503016651, 0.0041544912383, -0.00498874718323, 0.0152238374576, -0.00704697193578, 0.0011048411252, 0.00065690028714, 0.000424228288466, -0.000498108856846], [0.000676450319588, -0.00155976240057, 0.00241040065885, -0.00345034594648, 0.00264973961748, -0.000936784315854, -0.000242373906076, -0.00704697193578, 0.0127269793302, -0.0026007196866, -0.00199288292788, 0.000234340608586, -0.000264496309683], [-0.0006367363967, 0.00185724149924, -0.00300043844618, 0.00249737082049, -0.00165999890305, 0.00150181818753, -0.000684064696543, 0.0011048411252, -0.0026007196866, 0.013832077384, -0.00516096735373, -0.0012038188288, 0.000744108809158], [0.000506318756379, -0.00233600428328, 0.00228430423886, -0.00219132960774, 0.00210465188138, -0.00230556144379, 0.000872443488333, 0.00065690028714, -0.00199288292788, -0.00516096735373, 0.013713250868, -0.00476525817066, -4.5271604904e-05], [-0.00077385851182, 0.00250779627822, -0.00266781356186, 0.00102131546009, -0.00276153720915, 0.00306771765463, 0.000251659919741, 0.000424228288466, 0.000234340608586, -0.0012038188288, -0.00476525817066, 0.0163819249719, -0.00630789808929], [0.00069113454083, -0.00211833626963, 0.00228646048345, -0.00142042548396, 0.000995675218292, -0.00194808165543, -0.000203858682653, -0.000498108856846, -0.000264496309683, 0.000744108809158, -4.5271604904e-05, -0.00630789808929, 0.0155306467786]]
    },
    "melbands": {
        "dmean": [0.00259012030438, 0.00255931052379, 0.000396480842028, 0.000122910088976, 8.10636702226e-05, 0.000107571671833, 9.37234581215e-05, 7.09796877345e-05, 7.0313049946e-05, 0.000122379846289, 0.000122762052342, 0.000165112840477, 7.86168602644e-05, 4.31863481936e-05, 4.54220898973e-05, 5.64431684325e-05, 3.52811111952e-05, 3.92886286136e-05, 3.22340783896e-05, 3.40784863511e-05, 2.8635322451e-05, 2.66189235845e-05, 3.65462547052e-05, 2.01370821742e-05, 1.03394113466e-05, 1.10794326247e-05, 8.50260767038e-06, 9.89378622762e-06, 8.53558958624e-06, 4.24622658102e-06, 3.77191713596e-06, 4.36889013145e-06, 4.23863730248e-06, 4.73790942124e-06, 5.38844551556e-06, 3.38711765835e-06, 2.41980478677e-06, 2.11322026189e-06, 1.53061660058e-06, 1.21053687963e-06],
        "dmean2": [0.00353679177351, 0.00387870124541, 0.000662455509882, 0.00020977279928, 0.000134294707095, 0.00017121154815, 0.000151058440679, 0.00011809667194, 0.000115781280329, 0.000202391762286, 0.000199222762603, 0.000265931914328, 0.000126349521452, 7.02830438968e-05, 7.27928709239e-05, 9.21678074519e-05, 5.79604056838e-05, 6.33318486507e-05, 5.11608704983e-05, 5.44342292415e-05, 4.58600370621e-05, 4.2183091864e-05, 5.81481363042e-05, 3.20607505273e-05, 1.63185177371e-05, 1.78090213012e-05, 1.36176095111e-05, 1.57489030244e-05, 1.33895809995e-05, 6.82765903548e-06, 5.99016584601e-06, 6.95890321367e-06, 6.60682371745e-06, 7.39961524232e-06, 8.34342517919e-06, 5.3652902352e-06, 3.77587161893e-06, 3.24669781548e-06, 2.38397910834e-06, 1.89962304376e-06],
        "dvar": [1.96277705982e-05, 2.67395189439e-05, 7.08677134753e-07, 8.36772500179e-08, 3.69273394085e-08, 6.84215351043e-08, 6.81701592953e-08, 5.9750817627e-08, 6.99076849742e-08, 1.23554983134e-07, 9.07201851419e-08, 2.22111722792e-07, 4.41419487629e-08, 1.16608971368e-08, 1.57444706161e-08, 2.20719371669e-08, 9.19857257031e-09, 8.38952640692e-09, 4.68502747708e-09, 5.07844433173e-09, 4.14170742147e-09, 2.91150192844e-09, 6.36111652241e-09, 1.22425680704e-09, 3.58268470446e-10, 2.99094138345e-10, 1.8789017564e-10, 2.73880640389e-10, 2.76620615303e-10, 4.56214128974e-11, 3.84994987279e-11, 7.69056970884e-11, 8.20562714998e-11, 8.14608658306e-11, 1.04220840291e-10, 4.00868782613e-11, 1.9810075455e-11, 1.43183876214e-11, 1.0049110849e-11, 9.64000147069e-12],
        "dvar2": [4.0305305447e-05, 5.37920859642e-05, 1.78281140961e-06, 2.23376645181e-07, 9.22429705952e-08, 1.61544647881e-07, 1.62658679415e-07, 1.5630315886e-07, 1.71254640691e-07, 3.19694919426e-07, 2.26035155038e-07, 5.79915365506e-07, 1.05433279884e-07, 2.91834307831e-08, 3.87840515259e-08, 5.32557464794e-08, 2.30136194546e-08, 2.10387600674e-08, 1.0973392861e-08, 1.11986500073e-08, 9.90373205667e-09, 7.36315231009e-09, 1.54791468532e-08, 2.91237944872e-09, 8.84303352766e-10, 7.3994854688e-10, 4.51364723375e-10, 6.45773934327e-10, 6.7234273704e-10, 1.08420078471e-10, 9.31403426607e-11, 1.86731172191e-10, 1.93171437179e-10, 1.85812878972e-10, 2.48425002791e-10, 9.89291079612e-11, 4.69509361944e-11, 3.18485932072e-11, 2.39904207611e-11, 2.4207691407e-11],
        "max": [0.0380056723952, 0.0459648668766, 0.00879061128944, 0.00619979202747, 0.00532864779234, 0.0053531662561, 0.00579954497516, 0.00536770187318, 0.00673585524783, 0.00856423564255, 0.00770890014246, 0.0134371165186, 0.0081313084811, 0.00263796723448, 0.00308105745353, 0.00496396236122, 0.00372675666586, 0.0020766837988, 0.00209703715518, 0.00237462669611, 0.00262225163169, 0.00159649492707, 0.00146112870425, 0.000763083051424, 0.000662575534079, 0.000270032411208, 0.000228018441703, 0.000261645560386, 0.00068233726779, 0.000184630145668, 0.000151989239384, 0.000235899366089, 0.000212788567296, 0.000205620424822, 0.000260195462033, 0.000155590983923, 0.000104065817141, 6.61636877339e-05, 6.49348221486e-05, 5.32322846993e-05],
        "mean": [0.00394642772153, 0.00343103171326, 0.00044143514242, 0.00015160368639, 0.000107917025161, 0.000152064560098, 0.00011688372615, 8.11010831967e-05, 8.6699561507e-05, 0.00016734469682, 0.000185889191926, 0.000275169615634, 0.000127770152176, 6.77073112456e-05, 6.62346938043e-05, 8.44121459522e-05, 5.31723017048e-05, 5.83506698604e-05, 5.05083626194e-05, 5.77381142648e-05, 4.99967864016e-05, 4.69318802061e-05, 6.43541352474e-05, 3.55714037141e-05, 1.79327817023e-05, 1.940704351e-05, 1.51751637532e-05, 1.795051503e-05, 1.61130465131e-05, 8.3485729192e-06, 7.16389104127e-06, 7.75302851252e-06, 7.73680494603e-06, 9.00705799722e-06, 1.07483720058e-05, 6.66635196467e-06, 4.53839584225e-06, 3.94129665438e-06, 2.69494216809e-06, 1.97693520931e-06],
        "median": [0.00085310311988, 0.00121085322462, 0.000188137593796, 5.63342218811e-05, 3.90354507545e-05, 3.37705896527e-05, 2.05847845791e-05, 1.96778091777e-05, 1.92964689631e-05, 3.78548866138e-05, 4.6196510084e-05, 4.07525549235e-05, 3.33994248649e-05, 2.52922891377e-05, 2.12086888496e-05, 2.74333197012e-05, 1.96589444386e-05, 2.44656148425e-05, 2.1751924578e-05, 2.8187121643e-05, 2.53817379416e-05, 2.25033327297e-05, 2.68496314675e-05, 1.87796467799e-05, 1.09461407192e-05, 1.2027795492e-05, 9.76655974227e-06, 1.00754950836e-05, 8.79022354638e-06, 5.2020682233e-06, 4.24560812462e-06, 4.35726633441e-06, 4.29621923104e-06, 5.08673474542e-06, 6.18579360889e-06, 4.17648016082e-06, 2.73471982837e-06, 2.24954624173e-06, 1.53276164383e-06, 9.60913212111e-07],
        "min": [1.19265758225e-23, 3.33002406124e-24, 1.25664063088e-24, 3.43745902792e-24, 1.62418587553e-23, 1.7280241098e-23, 9.92856627665e-24, 5.48281363867e-24, 4.95215479634e-24, 9.97789374905e-24, 1.49844065838e-23, 1.0629162324e-23, 8.66000299927e-24, 1.30120050407e-23, 1.62180320005e-23, 1.025228166e-23, 1.41716353045e-23, 3.8082705906e-24, 8.77978442798e-24, 1.97259292075e-23, 2.74485950575e-23, 5.30806793196e-24, 1.40173293783e-23, 7.88248828045e-24, 6.42361940943e-24, 1.10441433921e-23, 6.9529718981e-24, 5.99468181424e-24, 1.60618044091e-23, 1.15388704091e-23, 1.33383063101e-23, 1.29642931554e-23, 1.45566167812e-23, 8.43858157609e-24, 1.06667610125e-23, 1.00468804241e-23, 1.06625208851e-23, 6.8625857933e-24, 1.5250773357e-23, 1.0551254421e-23],
        "var": [4.35670990555e-05, 3.78533768526e-05, 6.3803673811e-07, 8.39072811232e-08, 5.27099182079e-08, 1.27896512936e-07, 1.0039141074e-07, 6.5554104367e-08, 9.6153236484e-08, 1.74374633843e-07, 1.86000008284e-07, 6.78039441482e-07, 9.14736588697e-08, 2.07215933301e-08, 2.46554083816e-08, 4.77015156264e-08, 1.48707197667e-08, 1.16209717405e-08, 8.15232947815e-09, 1.04908295384e-08, 9.77189351659e-09, 5.92415805301e-09, 1.29858390707e-08, 2.50708143135e-09, 5.8306437456e-10, 5.39436939562e-10, 3.36699973458e-10, 5.68304292514e-10, 5.38448563514e-10, 9.41432973245e-11, 7.52963247308e-11, 1.37592534588e-10, 1.63865629399e-10, 1.7468346214e-10, 2.23495930096e-10, 7.18785170273e-11, 3.64468108471e-11, 2.95718866061e-11, 1.7141042058e-11, 1.31060934674e-11]
    },
    "mfcc": {
        "mean": [-613.137329102, 66.9124298096, -11.5673103333, 15.657781601, 7.89776992798, 13.6480331421, 5.9439663887, 18.304567337, 5.53977394104, 8.87964725494, -2.97525405884, 2.12693881989, 0.334005564451],
        "cov": [[3457.80981445, -383.132324219, 492.951416016, 522.488098145, 478.617279053, 128.199142456, 85.4095535278, 54.5991325378, 11.1215515137, -49.584602356, 44.3358345032, 127.814888, 76.2097854614], [-383.132324219, 747.939697266, 50.9560317993, 146.919204712, 93.7947692871, 66.3079605103, 96.5090484619, 63.3265457153, 59.3905754089, 48.9703369141, 24.4604797363, 23.8678894043, -2.83955669403], [492.951416016, 50.9560317993, 1159.07116699, 656.866638184, 593.963745117, 275.231384277, 115.491004944, 34.1078643799, -4.55606651306, -21.5945854187, 70.5242233276, 98.3856887817, 97.7510223389], [522.488098145, 146.919204712, 656.866638184, 717.436645508, 518.485412598, 208.717269897, 105.725166321, 100.920143127, 57.9358253479, 0.61763638258, 58.3493766785, 117.677383423, 91.8039016724], [478.617279053, 93.7947692871, 593.963745117, 518.485412598, 567.44543457, 217.971801758, 133.853256226, 94.355758667, 51.9425506592, 10.650686264, 49.3744659424, 87.4714279175, 77.2313308716], [128.199142456, 66.3079605103, 275.231384277, 208.717269897, 217.971801758, 285.23739624, 159.352005005, 96.8471069336, 56.076007843, 56.4159317017, 33.4639396667, 16.6051502228, 38.4507293701], [85.4095535278, 96.5090484619, 115.491004944, 105.725166321, 133.853256226, 159.352005005, 216.845153809, 100.777458191, 66.3926696777, 62.706073761, 25.4590244293, 10.616071701, 22.3774452209], [54.5991325378, 63.3265457153, 34.1078643799, 100.920143127, 94.355758667, 96.8471069336, 100.777458191, 189.157684326, 94.3279800415, 79.671836853, 20.6595993042, 18.7787876129, 14.1458702087], [11.1215515137, 59.3905754089, -4.55606651306, 57.9358253479, 51.9425506592, 56.076007843, 66.3926696777, 94.3279800415, 147.088806152, 62.5219154358, 27.7924346924, 7.52535152435, 2.00064635277], [-49.584602356, 48.9703369141, -21.5945854187, 0.61763638258, 10.650686264, 56.4159317017, 62.706073761, 79.671836853, 62.5219154358, 142.838256836, 23.6406650543, 20.0187358856, 9.41373920441], [44.3358345032, 24.4604797363, 70.5242233276, 58.3493766785, 49.3744659424, 33.4639396667, 25.4590244293, 20.6595993042, 27.7924346924, 23.6406650543, 93.1190032959, 39.011882782, 18.5183525085], [127.814888, 23.8678894043, 98.3856887817, 117.677383423, 87.4714279175, 16.6051502228, 10.616071701, 18.7787876129, 7.52535152435, 20.0187358856, 39.011882782, 114.968315125, 49.8495635986], [76.2097854614, -2.83955669403, 97.7510223389, 91.8039016724, 77.2313308716, 38.4507293701, 22.3774452209, 14.1458702087, 2.00064635277, 9.41373920441, 18.5183525085, 49.8495635986, 82.7957000732]],
