{
"lowlevel": {
    "average_loudness": 0.888275623322,
    "barkbands_crest": {
        "dmean": 2.85096931458,
        "dmean2": 4.69430017471,
        "dvar": 5.98154687881,
        "dvar2": 15.6919651031,
        "max": 24.712228775,
        "mean": 10.3672561646,
        "median": 9.61911869049,
        "min": 2.54569458961,
        "var": 18.6036968231
    },
    "barkbands_flatness_db": {
        "dmean": 0.022290866822,
        "dmean2": 0.0361659005284,
        "dvar": 0.000462138676085,
        "dvar2": 0.0012216840405,
        "max": 0.390520632267,
        "mean": 0.15534928441,
        "median": 0.14744758606,
        "min": 0.0174064319581,
        "var": 0.00276166689582
    },
    "barkbands_kurtosis": {
        "dmean": 3.2038860321,
        "dmean2": 5.36303949356,
        "dvar": 50.714756012,
        "dvar2": 137.090576172,
        "max": 167.016052246,
        "mean": 4.40448141098,
        "median": 0.687531471252,
        "min": -1.92760694027,
        "var": 146.451629639
    },
    "barkbands_skewness": {
        "dmean": 0.602910637856,
        "dmean2": 0.966470956802,
        "dvar": 0.476208895445,
        "dvar2": 1.18738925457,
        "max": 11.3984384537,
        "mean": 1.41552662849,
        "median": 1.08058977127,
        "min": -4.94834280014,
        "var": 2.28539586067
    },
    "barkbands_spread": {
        "dmean": 6.07602071762,
        "dmean2": 9.59496974945,
        "dvar": 60.8766975403,
        "dvar2": 136.977325439,
        "max": 107.116249084,
        "mean": 23.9158172607,
        "median": 22.3564338684,
        "min": 0.966675460339,
        "var": 201.196548462
    },
    "dissonance": {
        "dmean": 0.0176384598017,
        "dmean2": 0.0297572407871,
        "dvar": 0.000310324394377,
        "dvar2": 0.000816667627078,
        "max": 0.500000059605,
        "mean": 0.469055056572,
        "median": 0.475747346878,
        "min": 0.224579676986,
        "var": 0.00066001835512
    },
    "dynamic_complexity": 3.50424575806,
    "erbbands_crest": {
        "dmean": 2.82045078278,
        "dmean2": 4.53832387924,
        "dvar": 7.47857427597,
        "dvar2": 17.7829837799,
        "max": 32.8730049133,
        "mean": 9.55986785889,
        "median": 7.99348735809,
        "min": 2.47527217865,
        "var": 26.2256298065
    },
    "erbbands_flatness_db": {
        "dmean": 0.0159340389073,
        "dmean2": 0.0236971881241,
        "dvar": 0.000235254730796,
        "dvar2": 0.000460003881017,
        "max": 0.365577697754,
        "mean": 0.177038922906,
        "median": 0.170608356595,
        "min": 0.0603767558932,
        "var": 0.00211011827923
    },
    "erbbands_kurtosis": {
        "dmean": 0.922450184822,
        "dmean2": 1.45236682892,
        "dvar": 1.88993990421,
        "dvar2": 4.07659006119,
        "max": 32.4349021912,
        "mean": 0.753751158714,
        "median": 0.0245823860168,
        "min": -1.68564283848,
        "var": 6.50783491135
    },
    "erbbands_skewness": {
        "dmean": 0.356174767017,
        "dmean2": 0.555789172649,
        "dvar": 0.120177321136,
        "dvar2": 0.270130187273,
        "max": 4.09526062012,
        "mean": 0.236643373966,
        "median": 0.21222037077,
        "min": -3.79227209091,
        "var": 0.566122949123
    },
    "erbbands_spread": {
        "dmean": 7.69397163391,
        "dmean2": 11.9553623199,
        "dvar": 74.787399292,
        "dvar2": 172.450241089,
        "max": 136.516082764,
        "mean": 36.1387405396,
        "median": 32.799331665,
        "min": 2.88703656197,
        "var": 359.874420166
    },
    "hfc": {
        "dmean": 6.02418613434,
        "dmean2": 9.0619020462,
        "dvar": 69.4359130859,
        "dvar2": 148.839584351,
        "max": 151.228286743,
        "mean": 23.7779788971,
        "median": 18.4614181519,
        "min": 1.16466580261e-16,
        "var": 427.952636719
    },
    "melbands_crest": {
        "dmean": 3.68685102463,
        "dmean2": 6.15980625153,
        "dvar": 10.0900220871,
        "dvar2": 27.512140274,
        "max": 37.9763870239,
        "mean": 14.6187162399,
        "median": 14.0713882446,
        "min": 2.3502073288,
        "var": 26.8271598816
    },
    "melbands_flatness_db": {
        "dmean": 0.0274652913213,
        "dmean2": 0.0440985262394,
        "dvar": 0.000717165996321,
        "dvar2": 0.00177264213562,
        "max": 0.463545382023,
        "mean": 0.197702363133,
        "median": 0.189892619848,
        "min": 0.00520261796191,
        "var": 0.00441475911066
    },
    "melbands_kurtosis": {
        "dmean": 8.65088939667,
        "dmean2": 14.4345264435,
        "dvar": 324.189300537,
        "dvar2": 871.243835449,
        "max": 336.796417236,
        "mean": 15.245092392,
        "median": 4.94576931,
        "min": -1.81882023811,
        "var": 945.207519531
    },
    "melbands_skewness": {
        "dmean": 0.859419226646,
        "dmean2": 1.37787461281,
        "dvar": 1.00524234772,
        "dvar2": 2.51653647423,
        "max": 15.1219587326,
        "mean": 2.61533308029,
        "median": 2.04326534271,
        "min": -1.98743963242,
        "var": 4.67486572266
    },
    "melbands_spread": {
        "dmean": 7.94416093826,
        "dmean2": 12.5713844299,
        "dvar": 134.312042236,
        "dvar2": 287.695648193,
        "max": 230.36177063,
        "mean": 26.6033439636,
        "median": 23.7319545746,
        "min": 0.696148276329,
        "var": 401.824127197
    },
    "pitch_salience": {
        "dmean": 0.0739335864782,
        "dmean2": 0.122569836676,
        "dvar": 0.00441555259749,
        "dvar2": 0.0120929526165,
        "max": 0.92155700922,
        "mean": 0.520403206348,
        "median": 0.519923388958,
        "min": 0.0673863366246,
        "var": 0.0128822438419
    },
    "silence_rate_20dB": {
        "dmean": 0,
        "dmean2": 0,
        "dvar": 0,
        "dvar2": 0,
        "max": 1,
        "mean": 1,
        "median": 1,
        "min": 1,
        "var": 0
    },
    "silence_rate_30dB": {
        "dmean": 0.015453338623,
        "dmean2": 0.0309104081243,
        "dvar": 0.0152138508856,
        "dvar2": 0.0429929122329,
        "max": 1,
        "mean": 0.991067111492,
        "median": 1,
        "min": 0,
        "var": 0.00885244738311
    },
    "silence_rate_60dB": {
        "dmean": 0.0140045881271,
        "dmean2": 0.0280125569552,
        "dvar": 0.0138104250655,
        "dvar2": 0.0327770635486,
        "max": 1,
        "mean": 0.0604780316353,
        "median": 0,
        "min": 0,
        "var": 0.0568243525922
    },
    "spectral_centroid": {
        "dmean": 262.262207031,
        "dmean2": 413.368103027,
        "dvar": 97603.5078125,
        "dvar2": 194206.140625,
        "max": 11077.5458984,
        "mean": 1483.24951172,
        "median": 1431.22192383,
        "min": 196.814651489,
        "var": 385693.9375
    },
    "spectral_complexity": {
        "dmean": 3.53664135933,
        "dmean2": 5.41825628281,
        "dvar": 14.7625408173,
        "dvar2": 29.4746589661,
        "max": 57,
        "mean": 20.5538387299,
        "median": 20,
        "min": 0,
        "var": 141.134170532
    },
    "spectral_decrease": {
        "dmean": 3.23723492457e-09,
        "dmean2": 5.43243539042e-09,
        "dvar": 3.44213675685e-17,
        "dvar2": 9.32211308349e-17,
        "max": -9.10619219455e-29,
        "mean": -7.74794095548e-09,
        "median": -6.56058585236e-09,
        "min": -5.81569246094e-08,
        "var": 4.26485555718e-17
    },
    "spectral_energy": {
        "dmean": 0.0125621436164,
        "dmean2": 0.0210126247257,
        "dvar": 0.000504443538375,
        "dvar2": 0.00136278313585,
        "max": 0.223464384675,
        "mean": 0.0313992984593,
        "median": 0.0267223119736,
        "min": 1.09075557551e-20,
        "var": 0.000661775353365
    },
    "spectral_energyband_high": {
        "dmean": 0.000397452851757,
        "dmean2": 0.000557605118956,
        "dvar": 7.42295981127e-07,
        "dvar2": 1.38092343605e-06,
        "max": 0.0177471730858,
        "mean": 0.00101199955679,
        "median": 0.000472771527711,
        "min": 7.71414018203e-21,
        "var": 2.37692461269e-06
    },
    "spectral_energyband_low": {
        "dmean": 0.00993528775871,
        "dmean2": 0.0170841496438,
        "dvar": 0.000430715852417,
        "dvar2": 0.00118970882613,
        "max": 0.203844025731,
        "mean": 0.0142896119505,
        "median": 0.00977481063455,
        "min": 5.48256309645e-23,
        "var": 0.000372155423975
    },
    "spectral_energyband_middle_high": {
        "dmean": 0.00235632993281,
        "dmean2": 0.00363092543557,
        "dvar": 1.31674396471e-05,
        "dvar2": 3.13929231197e-05,
        "max": 0.0828378200531,
        "mean": 0.00829548761249,
        "median": 0.00475479476154,
        "min": 1.80518577563e-21,
        "var": 9.55959403655e-05
    },
    "spectral_energyband_middle_low": {
        "dmean": 0.0043098940514,
        "dmean2": 0.00708504440263,
        "dvar": 3.96858631575e-05,
        "dvar2": 0.000100721677882,
        "max": 0.0863687247038,
        "mean": 0.00936417840421,
        "median": 0.00682415580377,
        "min": 3.60195807834e-22,
        "var": 8.2580059825e-05
    },
    "spectral_entropy": {
        "dmean": 0.124985910952,
        "dmean2": 0.188431411982,
        "dvar": 0.0169738866389,
        "dvar2": 0.0363021492958,
        "max": 9.78843212128,
        "mean": 7.70052480698,
        "median": 7.71289730072,
        "min": 6.21191835403,
        "var": 0.100544497371
    },
    "spectral_flux": {
        "dmean": 0.0289163589478,
        "dmean2": 0.0463435389102,
        "dvar": 0.00149033893831,
        "dvar2": 0.00311756785959,
        "max": 0.431954860687,
        "mean": 0.0975664630532,
        "median": 0.089895889163,
        "min": 1.04439241977e-10,
        "var": 0.00307037262246
    },
    "spectral_kurtosis": {
        "dmean": 1.32739567757,
        "dmean2": 2.29010033607,
        "dvar": 1.76618528366,
        "dvar2": 5.45028352737,
        "max": 19.5296592712,
        "mean": 2.92786359787,
        "median": 2.71081447601,
        "min": -1.19955253601,
        "var": 3.34823870659
    },
    "spectral_rms": {
        "dmean": 0.000982425641268,
        "dmean2": 0.00159086438362,
        "dvar": 1.75283753379e-06,
        "dvar2": 4.47124648417e-06,
        "max": 0.014765297994,
        "mean": 0.00510035455227,
        "median": 0.00510593224317,
        "min": 3.26213383563e-12,
        "var": 4.61986201117e-06
    },
    "spectral_rolloff": {
        "dmean": 509.457672119,
        "dmean2": 835.235778809,
        "dvar": 930411.0625,
        "dvar2": 1913705.875,
        "max": 18647.7539062,
        "mean": 1502.20166016,
        "median": 1162.79296875,
        "min": 21.533203125,
        "var": 2334684.25
    },
    "spectral_skewness": {
        "dmean": 0.189137727022,
        "dmean2": 0.311429798603,
        "dvar": 0.027466122061,
        "dvar2": 0.0739706382155,
        "max": 2.86595511436,
        "mean": 1.22153115273,
        "median": 1.2378923893,
        "min": 0.0179734192789,
        "var": 0.117633014917
    },
    "spectral_spread": {
        "dmean": 389926.03125,
        "dmean2": 557145.3125,
        "dvar": 450654240768,
        "dvar2": 626777980928,
        "max": 39937684,
        "mean": 4156100,
        "median": 3840513.25,
        "min": 2011510.5,
        "var": 2.0290610135e+12
    },
    "spectral_strongpeak": {
        "dmean": 0.673384845257,
        "dmean2": 1.16925537586,
        "dvar": 1.28970563412,
        "dvar2": 3.29844045639,
        "max": 11.9269809723,
        "mean": 1.14831888676,
        "median": 0.369165658951,
        "min": 0,
        "var": 2.99299526215
    },
    "zerocrossingrate": {
        "dmean": 0.00959195848554,
        "dmean2": 0.0113140102476,
        "dvar": 0.000211743856198,
        "dvar2": 0.000231198151596,
        "max": 0.54541015625,
        "mean": 0.0590972974896,
        "median": 0.05224609375,
        "min": 0.00390625,
        "var": 0.00145784800407
    },
    "barkbands": {
        "dmean": [0.000341236416716, 0.00600577052683, 0.00383679312654, 0.00222717737779, 0.000892271753401, 0.000725567224436, 0.000447043421445, 0.00108938722406, 0.000989431049675, 0.000809947610833, 0.000592812721152, 0.00103123171721, 0.000379769393476, 0.000565773923881, 0.000372035749024, 0.000305529189063, 0.00021953691612, 0.000170293496922, 0.00010838239541, 0.000108119944343, 0.000133784211357, 0.000127301304019, 8.35756145534e-05, 6.08022783126e-05, 4.82186915178e-05, 1.1916987205e-05, 3.07337755245e-09],
        "dmean2": [0.000594021228608, 0.0101087763906, 0.00687190517783, 0.00387890823185, 0.00148648570757, 0.00119902868755, 0.000746382516809, 0.00177389173768, 0.00159686990082, 0.00130344368517, 0.000937802426051, 0.00158656365238, 0.000610210292507, 0.000924551626667, 0.000590255833231, 0.00049397413386, 0.000361609912943, 0.000276452192338, 0.000177501220605, 0.000171697785845, 0.000208623314393, 0.000189232974662, 0.000124587211758, 8.55733378557e-05, 6.86314233462e-05, 1.77107212949e-05, 5.64689051075e-09],
        "dvar": [1.59506828368e-06, 0.000147456725244, 7.82865536166e-05, 1.88119411177e-05, 2.49798949881e-06, 2.98127565657e-06, 2.123779268e-06, 7.80102800491e-06, 4.88486966788e-06, 3.19303580909e-06, 3.21641937262e-06, 5.96914969719e-06, 1.38197901833e-06, 1.53544772274e-06, 7.82400036314e-07, 4.27811073678e-07, 1.35815710678e-07, 1.03055796785e-07, 4.35585079117e-08, 4.37374829687e-08, 6.33379784176e-08, 1.17797497978e-07, 4.84053934713e-08, 4.55768542906e-08, 3.95542940623e-08, 4.12439282726e-09, 1.02469736679e-15],
        "dvar2": [4.52251197203e-06, 0.000404671911383, 0.00022243494459, 5.03623923578e-05, 6.45081036055e-06, 7.81488506618e-06, 5.58649753657e-06, 1.94376079889e-05, 1.15345228551e-05, 7.93576873548e-06, 7.3412970778e-06, 1.32690820465e-05, 3.10728978548e-06, 3.78006234314e-06, 1.84382952284e-06, 1.00559009297e-06, 3.45828368609e-07, 2.61894200548e-07, 1.12580003986e-07, 1.12489196624e-07, 1.48384131649e-07, 2.48473838838e-07, 1.05075912415e-07, 9.22053047248e-08, 7.52287121486e-08, 8.65530047633e-09, 2.75093410203e-15],
        "max": [0.0783492475748, 0.134893596172, 0.0889830887318, 0.0556748732924, 0.0296131074429, 0.0302871055901, 0.0407036170363, 0.0505760125816, 0.056028265506, 0.0409043207765, 0.0517301857471, 0.0535584054887, 0.0750198662281, 0.0293042846024, 0.032059814781, 0.018469216302, 0.00956687889993, 0.00631601503119, 0.00507531967014, 0.00481254467741, 0.00673198606819, 0.0102245891467, 0.00645732926205, 0.00484624458477, 0.00459661474451, 0.00368894287385, 1.47373737036e-06],
        "mean": [0.000399144919356, 0.00857570953667, 0.00391267146915, 0.00218291580677, 0.00145861157216, 0.00112848076969, 0.000687117048074, 0.00189006025903, 0.00167100701947, 0.00128636299632, 0.000882785243448, 0.00235632341355, 0.000695183814969, 0.000979249831289, 0.000638825644273, 0.000552526500542, 0.000407383486163, 0.000319139275234, 0.000224966002861, 0.000232871709159, 0.000292259792332, 0.000260082219029, 0.000166336845723, 0.000102849378891, 7.96071617515e-05, 1.6781321392e-05, 2.38586794765e-09],
        "median": [0.000185281285667, 0.00548368180171, 0.00158180936705, 0.000824158254545, 0.000740628398489, 0.000517988810316, 0.00028357753763, 0.00037419248838, 0.000629654503427, 0.00042933144141, 0.000179821770871, 0.00035699547152, 0.000248860247666, 0.000362190010492, 0.000279366882751, 0.000271122000413, 0.000263288675342, 0.000173393986188, 0.000127732608235, 0.000111881483463, 0.000166583820828, 0.000107535299321, 5.04899580847e-05, 1.41542986967e-05, 8.80435709405e-06, 1.19476999316e-06, 5.35348709807e-10],
        "min": [1.63619817608e-23, 2.8036148126e-23, 1.60273611643e-23, 5.42445646992e-24, 3.34507000528e-23, 5.5208815416e-23, 6.4462002373e-23, 1.04585821973e-22, 9.41424206154e-23, 3.76992114321e-23, 1.05145136977e-22, 1.82426331008e-22, 1.03247093463e-22, 6.96907996447e-23, 1.71438306392e-22, 1.08076140204e-22, 3.00055071904e-22, 3.08944234263e-22, 3.06266651024e-22, 3.16341326173e-22, 4.02900698274e-22, 4.85595459734e-22, 5.96519198479e-22, 9.04640947429e-22, 1.44884157801e-21, 1.55826630433e-21, 2.34149406111e-21],
        "var": [2.19315211325e-06, 0.000141455151606, 5.61400629522e-05, 1.6209007299e-05, 4.41105339632e-06, 4.41284282715e-06, 2.51618007496e-06, 2.1849760742e-05, 1.03827360363e-05, 5.24526740264e-06, 6.33433091934e-06, 3.05683388433e-05, 6.18263584329e-06, 3.86180863643e-06, 1.73882961008e-06, 9.01555495147e-07, 2.56405996879e-07, 2.02575861863e-07, 9.48244220922e-08, 1.32359204486e-07, 1.63508588003e-07, 2.71312558198e-07, 1.10444631218e-07, 9.29736430066e-08, 9.36109501026e-08, 6.6002017185e-09, 7.05517035174e-16]
    },
    "erbbands": {
        "dmean": [0.144608065486, 1.4989798069, 4.15333127975, 6.63241434097, 3.54438209534, 2.9604306221, 6.11526632309, 5.49804401398, 6.41197729111, 10.5610780716, 25.0961151123, 23.5170783997, 24.4564208984, 18.4490356445, 32.872882843, 34.3752975464, 16.5238704681, 18.744966507, 25.3672409058, 17.5005626678, 15.7481746674, 12.3026895523, 9.6228094101, 6.46684837341, 4.49004602432, 5.44023752213, 4.48281526566, 5.90711164474, 4.8404507637, 3.45735692978, 2.06211066246, 1.23239648342, 1.08988249302, 0.666292667389, 0.295100033283, 0.0917354598641, 0.0132977357134, 0.000330284819938, 1.7757729438e-05, 1.48515528053e-05],
        "dmean2": [0.23942258954, 2.55256605148, 7.38994216919, 11.6274766922, 6.14191293716, 4.90738630295, 10.0024623871, 9.13593959808, 10.5681524277, 16.9929714203, 40.4633102417, 37.7068481445, 38.8634147644, 29.2716274261, 48.9536628723, 51.5745124817, 26.3997268677, 29.7231712341, 41.2125015259, 28.1106433868, 25.3766555786, 20.2489852905, 15.466219902, 10.4519996643, 7.15692806244, 8.72067165375, 7.12493658066, 9.13265037537, 7.24499225616, 5.20372486115, 3.05411219597, 1.74036157131, 1.57671093941, 0.964656770229, 0.419753909111, 0.133372917771, 0.0195470843464, 0.00047700383584, 2.55532631854e-05, 2.43272461375e-05],
        "dvar": [0.0441230759025, 11.1100559235, 104.965744019, 158.60975647, 48.2611694336, 35.1329994202, 173.35508728, 214.539093018, 322.529022217, 1251.89001465, 4222.38574219, 2987.56542969, 3334.74121094, 1737.87402344, 6992.97460938, 6394.06884766, 2256.14135742, 1956.81005859, 3038.01098633, 1936.49438477, 1054.48254395, 429.623718262, 338.276489258, 144.38130188, 60.0824317932, 117.617050171, 60.1966514587, 167.355163574, 181.463043213, 82.9163513184, 32.2050323486, 15.2841358185, 17.0880718231, 7.29165697098, 1.63506162167, 0.223453089595, 0.00492456136271, 3.31703245138e-06, 4.15116208075e-09, 6.36187880154e-10],
        "dvar2": [0.114374637604, 31.1429634094, 297.990112305, 427.888122559, 129.912124634, 89.5615921021, 427.100402832, 561.531311035, 798.133972168, 3194.62402344, 10571.2392578, 7074.75976562, 7967.62207031, 4073.109375, 15550.2402344, 13619.6533203, 5069.10839844, 4317.34814453, 7593.37353516, 4662.06787109, 2483.2800293, 1090.18823242, 858.712890625, 357.95199585, 150.009613037, 305.949890137, 144.220336914, 387.050231934, 398.312286377, 179.501953125, 67.4285507202, 30.9128017426, 35.5958404541, 14.4828519821, 3.21760678291, 0.466421246529, 0.00997798796743, 6.78008609611e-06, 8.02642752262e-09, 1.67937375117e-09],
        "max": [2.09510397911, 37.0415840149, 104.742759705, 144.279220581, 99.8034515381, 149.216552734, 218.066085815, 289.536254883, 615.83380127, 977.81628418, 1537.7376709, 1558.46862793, 1667.24584961, 875.250488281, 2416.61230469, 1611.44348145, 2815.79296875, 1491.32019043, 1518.92028809, 1897.71887207, 1006.6807251, 456.483764648, 410.753936768, 231.701004028, 135.677993774, 233.05557251, 168.031997681, 408.374267578, 381.003509521, 299.060821533, 146.690719604, 107.972366333, 97.7540740967, 60.8228683472, 37.9386138916, 25.3282871246, 4.12020635605, 0.103768981993, 0.00362254399806, 0.000377583812224],
        "mean": [0.209100052714, 2.04478096962, 4.64872646332, 6.76863479614, 4.17669868469, 4.67787981033, 9.70271682739, 9.04073524475, 10.9169054031, 16.6033287048, 44.3063545227, 39.5735473633, 42.6869735718, 31.3174552917, 67.1626205444, 75.6962890625, 34.0598335266, 35.8849258423, 47.2563705444, 32.9902687073, 30.2903270721, 24.4740772247, 19.0529155731, 13.4028539658, 10.5587081909, 11.6005487442, 9.65777015686, 12.4750938416, 9.7984380722, 7.08986520767, 4.15997171402, 2.25040769577, 1.73129606247, 1.07233047485, 0.460897743702, 0.13511903584, 0.0178424753249, 0.00045492281788, 3.84183113056e-05, 4.02518671763e-05],
        "median": [0.135489806533, 1.17598330975, 2.08682394028, 2.81153392792, 2.07192206383, 2.1418261528, 4.6450920105, 4.16959857941, 4.50745487213, 4.99273967743, 12.6039905548, 17.3667297363, 14.812417984, 13.2747974396, 13.2485466003, 15.2497940063, 14.3509149551, 15.4460048676, 20.4798583984, 16.5888442993, 15.4600353241, 16.5099067688, 10.8415489197, 7.72257709503, 6.08458709717, 5.4745965004, 5.98948764801, 6.17487192154, 4.11314344406, 2.63252878189, 1.12917494774, 0.395038306713, 0.20593431592, 0.115199610591, 0.0499175339937, 0.012525158003, 0.000741953204852, 3.00309329759e-05, 1.90880382434e-05, 3.41045379173e-05],
        "min": [8.00936055895e-22, 6.39769879692e-21, 1.95588713763e-20, 1.73226903723e-20, 8.85175796263e-20, 8.19243685329e-20, 4.11432812444e-19, 3.7283708205e-19, 8.07101992255e-19, 2.28485627917e-18, 1.33065712048e-18, 2.18612462164e-18, 1.02482900927e-18, 2.22627100549e-18, 5.17132680812e-18, 7.8223790464e-18, 4.75818938323e-18, 4.01812867356e-18, 5.76453359415e-18, 6.92870014363e-18, 8.40267933333e-18, 1.80873000189e-17, 1.88953859942e-17, 1.47421932023e-17, 1.42058492931e-17, 1.7703663577e-17, 1.51272126902e-17, 1.61443619479e-17, 1.81296450488e-17, 1.70747101808e-17, 1.75020201047e-17, 1.55975029188e-17, 1.82072163923e-17, 1.57361764397e-17, 9.85318437801e-18, 6.74064311291e-18, 3.02508263176e-18, 1.21657319758e-18, 3.20994235092e-19, 3.17956304432e-20],
        "var": [0.0607238486409, 9.70231056213, 75.1479797363, 135.323944092, 45.3061218262, 63.3707466125, 266.940032959, 344.855987549, 593.655944824, 1786.96948242, 11188.1611328, 5713.87011719, 6299.01416016, 2973.24755859, 23407.6894531, 27515.8417969, 10241.4033203, 5140.23632812, 7245.92626953, 4638.12158203, 2551.81420898, 877.128295898, 697.082275391, 324.455169678, 175.296356201, 342.814208984, 138.848922729, 398.47354126, 383.445709229, 194.773971558, 76.0728683472, 33.8664550781, 32.5018806458, 16.1973133087, 3.59682893753, 0.377310872078, 0.00792838167399, 5.19431614521e-06, 8.16530310033e-09, 1.02890407305e-09]
    },
    "gfcc": {
        "mean": [-11.3242387772, 107.926643372, -145.419754028, 49.5516662598, -60.7592964172, 27.2819499969, -25.5461616516, 7.69096422195, -11.6681079865, -1.85427153111, -13.7985048294, -7.27504777908, -1.06950330734],
        "cov": [[6326.24560547, -644.892944336, 540.40802002, -124.402824402, -204.806411743, 233.531600952, -357.079864502, 249.301544189, -258.747894287, 518.108642578, -261.012054443, 462.43838501, -354.312225342], [-644.892944336, 1751.22814941, 310.318634033, 531.925109863, 564.411010742, -132.750244141, 345.568847656, -176.513793945, 246.147064209, -138.314331055, 252.789169312, -148.993392944, 196.078948975], [540.40802002, 310.318634033, 1159.93200684, 520.438781738, 220.639297485, 147.60508728, -75.4831390381, 76.6417007446, 9.97670841217, 113.680221558, -25.6511383057, 80.3887557983, -43.3990058899], [-124.402824402, 531.925109863, 520.438781738, 650.606567383, 312.313751221, -8.67881202698, 59.1772575378, -37.2637329102, 103.454185486, -43.893573761, 67.4589233398, -76.8656387329, 61.3171882629], [-204.806411743, 564.411010742, 220.639297485, 312.313751221, 394.760101318, 36.4013061523, 147.924682617, -31.3662834167, 62.9603767395, -37.2011299133, 63.0745010376, -53.5408287048, 41.0474243164], [233.531600952, -132.750244141, 147.60508728, -8.67881202698, 36.4013061523, 225.881561279, 33.6571121216, 33.7363891602, -46.8874206543, 34.8923225403, -21.4549865723, 47.1226959229, -44.4654426575], [-357.079864502, 345.568847656, -75.4831390381, 59.1772575378, 147.924682617, 33.6571121216, 241.449035645, -22.6944541931, 67.114364624, -56.1876335144, 63.7897338867, -45.876953125, 42.4942970276], [249.301544189, -176.513793945, 76.6417007446, -37.2637329102, -31.3662834167, 33.7363891602, -22.6944541931, 149.586868286, 15.9509420395, 56.9365272522, -44.5106468201, 24.1142997742, -33.6689224243], [-258.747894287, 246.147064209, 9.97670841217, 103.454185486, 62.9603767395, -46.8874206543, 67.114364624, 15.9509420395, 161.682128906, -3.26780390739, 49.5415802002, -46.6112213135, 42.9752159119], [518.108642578, -138.314331055, 113.680221558, -43.893573761, -37.2011299133, 34.8923225403, -56.1876335144, 56.9365272522, -3.26780390739, 148.797119141, -10.6154146194, 82.0280380249, -47.3376235962], [-261.012054443, 252.789169312, -25.6511383057, 67.4589233398, 63.0745010376, -21.4549865723, 63.7897338867, -44.5106468201, 49.5415802002, -10.6154146194, 140.267303467, -25.8550624847, 53.5407218933], [462.43838501, -148.993392944, 80.3887557983, -76.8656387329, -53.5408287048, 47.1226959229, -45.876953125, 24.1142997742, -46.6112213135, 82.0280380249, -25.8550624847, 170.030776978, -18.4928474426], [-354.312225342, 196.078948975, -43.3990058899, 61.3171882629, 41.0474243164, -44.4654426575, 42.4942970276, -33.6689224243, 42.9752159119, -47.3376235962, 53.5407218933, -18.4928474426, 107.455757141]],
        "icov": [[0.000334629963618, -0.00039782145177, 0.000314577948302, -0.000437067938037, 0.000391630019294, -0.000294444267638, 0.000315545883495, -0.000439848721726, 0.000572544522583, -0.000884071283508, 0.000457326852484, -0.0005195303238, 0.000735983427148], [-0.00039782145177, 0.003120778827, -0.00166632898618, 0.00146227504592, -0.00293047446758, 0.00230858870782, -0.00213162996806, 0.00252886954695, -0.00236379122362, 0.00170081946999, -0.00208407384343, 0.000772943603806, -0.00193763885181], [0.000314577948302, -0.00166632898618, 0.00317508704029, -0.00298145762645, 0.00138772733044, -0.00228955689818, 0.00197429675609, -0.00210759160109, 0.00160881795455, -0.00207808706909, 0.00145920878276, -0.00142076273914, 0.0016124175163], [-0.000437067938037, 0.00146227504592, -0.00298145762645, 0.00584016088396, -0.00369229516946, 0.0017739556497, -0.000264821108431, 0.00224848627113, -0.00295721692964, 0.00264745811, -0.00159310852177, 0.00190336431842, -0.00222204718739], [0.000391630019294, -0.00293047446758, 0.00138772733044, -0.00369229516946, 0.00834265630692, -0.00256299111061, -0.000981668708846, -0.00203777290881, 0.00284414389171, -0.00225166976452, 0.00181106990203, -0.000267275841907, 0.00173059466761], [-0.000294444267638, 0.00230858870782, -0.00228955689818, 0.0017739556497, -0.00256299111061, 0.00835270062089, -0.0038820146583, 0.000961449113674, 0.000328813301167, 0.00115718855523, -0.00168275239412, -0.00028686891892, 0.000318775943015], [0.000315545883495, -0.00213162996806, 0.00197429675609, -0.000264821108431, -0.000981668708846, -0.0038820146583, 0.00963069032878, -0.00202653557062, -0.0012380243279, 0.00134252465796, -0.000412679743022, -0.00103301508352, 0.00131809583399], [-0.000439848721726, 0.00252886954695, -0.00210759160109, 0.00224848627113, -0.00203777290881, 0.000961449113674, -0.00202653557062, 0.0118686044589, -0.00464916974306, -0.00134191359393, 0.0013842418557, 0.00169278960675, -0.00163282931317], [0.000572544522583, -0.00236379122362, 0.00160881795455, -0.00295721692964, 0.00284414389171, 0.000328813301167, -0.0012380243279, -0.00464916974306, 0.0127547476441, -0.00497369328514, 0.000531514699105, 0.00130316673312, -0.000711811415385], [-0.000884071283508, 0.00170081946999, -0.00207808706909, 0.00264745811, -0.00225166976452, 0.00115718855523, 0.00134252465796, -0.00134191359393, -0.00497369328514, 0.0169125981629, -0.00524577312171, -0.00436204392463, 0.00332173518836], [0.000457326852484, -0.00208407384343, 0.00145920878276, -0.00159310852177, 0.00181106990203, -0.00168275239412, -0.000412679743022, 0.0013842418557, 0.000531514699105, -0.00524577312171, 0.0129348486662, 0.000582188251428, -0.00285017956048], [-0.0005195303238, 0.000772943603806, -0.00142076273914, 0.00190336431842, -0.000267275841907, -0.00028686891892, -0.00103301508352, 0.00169278960675, 0.00130316673312, -0.00436204392463, 0.000582188251428, 0.0110195381567, -0.00469752820209], [0.000735983427148, -0.00193763885181, 0.0016124175163, -0.00222204718739, 0.00173059466761, 0.000318775943015, 0.00131809583399, -0.00163282931317, -0.000711811415385, 0.00332173518836, -0.00285017956048, -0.00469752820209, 0.0179854426533]]
    },
    "melbands": {
        "dmean": [0.00148433621507, 0.00209388392977, 0.00102229847107, 0.000194684500457, 0.000197516637854, 0.00012743328989, 9.20519087231e-05, 0.000152071399498, 0.000198270237888, 0.000144087724038, 0.000127468520077, 8.24484013719e-05, 9.68588647083e-05, 0.000134188652737, 5.52341625735e-05, 3.3106727642e-05, 4.06448634749e-05, 5.03797273268e-05, 2.58631534962e-05, 2.2622589313e-05, 1.94622061827e-05, 1.40625807035e-05, 1.14886288429e-05, 7.78274534241e-06, 5.66761991649e-06, 4.08370033256e-06, 4.09237372878e-06, 3.67040706806e-06, 2.56666999121e-06, 3.72313184016e-06, 3.64205197911e-06, 3.13944565278e-06, 2.33016953644e-06, 2.07017706089e-06, 1.37756876484e-06, 8.98622147361e-07, 7.60844159231e-07, 8.25277481908e-07, 7.28507018266e-07, 5.20434639384e-07],
        "dmean2": [0.00246492563747, 0.0036837849766, 0.00178854062688, 0.000329458445776, 0.000321869942127, 0.000212078157347, 0.000153046727064, 0.000243791888352, 0.000320734776324, 0.000230119621847, 0.000203001705813, 0.000131015302031, 0.000145574726048, 0.000205064512556, 8.64735920914e-05, 5.33018537681e-05, 6.46976186545e-05, 8.25290335342e-05, 4.13732814195e-05, 3.65595951735e-05, 3.15196666634e-05, 2.32654729189e-05, 1.8597660528e-05, 1.26582808662e-05, 9.21042101254e-06, 6.72688611303e-06, 6.52885182717e-06, 5.93918503e-06, 4.13451653003e-06, 5.93907316215e-06, 5.64212723475e-06, 4.81695451526e-06, 3.51721928382e-06, 3.21747870657e-06, 2.08601341001e-06, 1.34387676098e-06, 1.09490952127e-06, 1.22058179386e-06, 1.05105721104e-06, 7.79784159022e-07],
        "dvar": [6.77962316331e-06, 2.62654702965e-05, 3.88737225876e-06, 1.31756152655e-07, 1.56040414367e-07, 1.06737424233e-07, 6.852030765e-08, 1.88375423704e-07, 2.48617567422e-07, 1.08695438428e-07, 8.71141452308e-08, 3.27965601343e-08, 6.81024445726e-08, 1.08608631422e-07, 2.35308057484e-08, 6.55694698537e-09, 9.60341228762e-09, 1.32138300302e-08, 5.07383157711e-09, 2.89047985547e-09, 1.63165148059e-09, 5.61743651595e-10, 4.87769880042e-10, 2.40343439595e-10, 1.20369214596e-10, 6.35500888024e-11, 7.35225907933e-11, 5.20504646329e-11, 2.0858861513e-11, 4.97197838456e-11, 6.80202491554e-11, 8.11315459259e-11, 3.91765543617e-11, 2.97316164743e-11, 1.47230908021e-11, 7.23731925084e-12, 6.87469916064e-12, 9.80844051812e-12, 8.43887633384e-12, 4.7486012518e-12],
        "dvar2": [1.82043349923e-05, 7.43619675632e-05, 1.04201644717e-05, 3.48634131342e-07, 3.84398788356e-07, 2.81491423948e-07, 1.73539248749e-07, 4.58092387134e-07, 6.17690886884e-07, 2.58085009364e-07, 2.08664829415e-07, 7.73180985902e-08, 1.54978735623e-07, 2.43418156742e-07, 5.19934992838e-08, 1.46958116787e-08, 2.09889421399e-08, 3.35297016818e-08, 1.21408056941e-08, 6.76381661791e-09, 3.75129038943e-09, 1.46515699573e-09, 1.21369247985e-09, 5.95410276638e-10, 3.01695696203e-10, 1.70050820647e-10, 1.89721072186e-10, 1.36144873153e-10, 5.11661615854e-11, 1.16291955232e-10, 1.58078994339e-10, 1.89063487088e-10, 7.95760055072e-11, 7.09002578869e-11, 3.26554235042e-11, 1.58057577443e-11, 1.44125163193e-11, 2.13879504385e-11, 1.71987632469e-11, 9.85833290001e-12],
        "max": [0.0270601734519, 0.0512303523719, 0.0227825343609, 0.00698391441256, 0.00757729075849, 0.00689089857042, 0.00804478116333, 0.00914701540023, 0.0150461057201, 0.00854370743036, 0.0082426443696, 0.0033588623628, 0.00812975410372, 0.0075572328642, 0.00932451430708, 0.00257214112207, 0.00342387170531, 0.00315314345062, 0.00262219691649, 0.00185458560009, 0.00153755501378, 0.000512847851496, 0.000543783593457, 0.000454154418549, 0.000229258002946, 0.000211399208638, 0.000214415209484, 0.000155074798386, 9.81675475487e-05, 0.000202474955586, 0.000247780117206, 0.000262882414972, 0.000225786323426, 0.000156755806529, 0.000106350868009, 7.57325979066e-05, 8.03639632068e-05, 7.05560159986e-05, 8.18679400254e-05, 4.95342756039e-05],
        "mean": [0.00219224626198, 0.00262156664394, 0.00109244638588, 0.000276210339507, 0.000329817907186, 0.000213520528632, 0.000150779567775, 0.000248054537224, 0.000351436377969, 0.000237209023908, 0.000215492938878, 0.000130765707581, 0.000170972154592, 0.000311831274303, 0.000102180754766, 5.67069037061e-05, 7.0504960604e-05, 8.7556312792e-05, 4.52779386251e-05, 3.87440923078e-05, 3.41210361512e-05, 2.50516841334e-05, 2.08153087442e-05, 1.39933545142e-05, 1.06047464214e-05, 8.00822454039e-06, 8.58286239236e-06, 7.08250900061e-06, 5.04417585034e-06, 7.45184343032e-06, 7.03867044649e-06, 5.78841809329e-06, 4.48135097031e-06, 3.82663620258e-06, 2.59714488493e-06, 1.61555431077e-06, 1.26822430957e-06, 1.24232690268e-06, 1.10925213903e-06, 8.15424641587e-07],
        "median": [0.00147687329445, 0.00144132308196, 0.000487588113174, 0.000139891111758, 0.00016188956215, 0.000101901488961, 6.2232313212e-05, 5.84020162933e-05, 0.000115665461635, 9.23416519072e-05, 6.81468955008e-05, 4.87923825858e-05, 3.40255282936e-05, 3.98866650357e-05, 3.02450735035e-05, 2.32821184909e-05, 2.71140052064e-05, 3.21000188706e-05, 1.93570522242e-05, 1.95544889721e-05, 1.62344713317e-05, 1.60151721502e-05, 1.15663924589e-05, 7.53013864596e-06, 5.67569622945e-06, 4.48092941951e-06, 3.9647147787e-06, 3.34287642545e-06, 2.92645017907e-06, 4.24293466494e-06, 3.14465705742e-06, 2.3127743134e-06, 1.62851642926e-06, 1.33282708248e-06, 6.79084166677e-07, 3.2432228636e-07, 1.89399756323e-07, 1.41419803867e-07, 1.14207288959e-07, 8.31164328474e-08],
        "min": [8.45603196817e-24, 9.97557055369e-24, 5.2421025942e-24, 6.00124316482e-24, 1.18573311899e-23, 9.6820787982e-24, 1.11132594403e-23, 2.66838101871e-23, 1.11766696576e-23, 1.33716593492e-23, 5.06262056662e-24, 8.27961900394e-24, 1.59831612878e-23, 2.16101818554e-23, 1.78007646554e-23, 6.55466932174e-24, 7.86518146105e-24, 7.26480309191e-24, 1.4372785369e-23, 4.92414155673e-24, 1.05782437192e-23, 1.74172473046e-23, 1.92384005463e-23, 1.48854581827e-23, 1.11812647724e-23, 1.22904308152e-23, 7.95679661114e-24, 1.24251067267e-23, 9.18078766965e-24, 7.81228991507e-24, 1.07897144509e-23, 1.0598786446e-23, 9.1978775523e-24, 9.75825988468e-24, 1.05524692668e-23, 8.96776209308e-24, 9.20847589856e-24, 1.32198856664e-23, 1.12030294447e-23, 1.44125060933e-23],
        "var": [7.52732285036e-06, 1.95646134671e-05, 3.35889899361e-06, 1.76055635848e-07, 2.74656230204e-07, 1.76210789959e-07, 1.12746896264e-07, 3.64731931768e-07, 6.18725096047e-07, 2.12115352838e-07, 1.63305188039e-07, 5.45724994083e-08, 1.69263259409e-07, 5.87975648614e-07, 1.12588004697e-07, 1.67859592892e-08, 2.39501201094e-08, 3.05697476222e-08, 1.14793641259e-08, 5.13638376276e-09, 3.94487997823e-09, 1.00024366567e-09, 8.8256041364e-10, 4.37927472063e-10, 2.47197429193e-10, 1.22343482567e-10, 2.1727057653e-10, 1.27230101454e-10, 4.25031156104e-11, 1.25966834186e-10, 1.45677914176e-10, 1.48757603458e-10, 9.43701367051e-11, 5.74197460412e-11, 3.14076716024e-11, 1.51634278051e-11, 1.32772664391e-11, 1.70288488172e-11, 1.66591410805e-11, 1.01706360348e-11]
    },
    "mfcc": {
        "mean": [-637.065856934, 117.959091187, -14.6553411484, 24.3434467316, -3.00480794907, 18.1639595032, -0.482183277607, 10.5886516571, 9.61139774323, 4.07071590424, 3.49952340126, 0.904495596886, -2.11658096313],
        "cov": [[5479.30957031, -391.045349121, 187.556106567, -210.435806274, -96.9626235962, 8.70773124695, -185.34022522, -54.0598068237, -139.208343506, -17.5499076843, 25.5865688324, 81.5554885864, 175.886505127], [-391.045349121, 1213.44494629, 47.2698020935, 484.566864014, 194.96711731, 204.262954712, 148.969573975, 58.2890739441, 64.5844116211, 18.7350635529, 52.2609443665, 73.7252197266, 68.9200668335], [187.556106567, 47.2698020935, 878.527648926, 323.015472412, 309.899871826, 132.911056519, 25.4334964752, 17.2349090576, 27.7725543976, -4.27626800537, 67.9272689819, 44.5425987244, 21.7231655121], [-210.435806274, 484.566864014, 323.015472412, 680.784484863, 319.15927124, 152.644546509, 77.6351242065, 23.8742866516, 78.3953475952, 11.3433914185, 44.333820343, 57.6834411621, 20.7145652771], [-96.9626235962, 194.96711731, 309.899871826, 319.15927124, 331.357696533, 112.955093384, 72.5415496826, 18.0618915558, 45.7876586914, 24.2414188385, 23.7995014191, 34.8404045105, 10.5017337799], [8.70773124695, 204.262954712, 132.911056519, 152.644546509, 112.955093384, 228.654312134, 96.6599349976, 57.7385253906, 16.4111766815, -9.661693573, 25.678686142, 16.3772315979, 28.8154430389], [-185.34022522, 148.969573975, 25.4334964752, 77.6351242065, 72.5415496826, 96.6599349976, 185.648757935, 50.8566436768, 14.0551280975, 18.7762622833, -5.3265953064, 14.1360855103, 14.1104183197], [-54.0598068237, 58.2890739441, 17.2349090576, 23.8742866516, 18.0618915558, 57.7385253906, 50.8566436768, 110.49597168, 46.5484237671, 9.63254833221, 10.3222827911, -0.412531286478, 7.71945238113], [-139.208343506, 64.5844116211, 27.7725543976, 78.3953475952, 45.7876586914, 16.4111766815, 14.0551280975, 46.5484237671, 115.09589386, 27.9503688812, 27.0040435791, 6.58351993561, -6.01726675034], [-17.5499076843, 18.7350635529, -4.27626800537, 11.3433914185, 24.2414188385, -9.661693573, 18.7762622833, 9.63254833221, 27.9503688812, 106.575584412, 21.3568973541, 17.8017959595, 2.03917598724], [25.5865688324, 52.2609443665, 67.9272689819, 44.333820343, 23.7995014191, 25.678686142, -5.3265953064, 10.3222827911, 27.0040435791, 21.3568973541, 94.7798233032, 30.7062911987, 15.8640537262], [81.5554885864, 73.7252197266, 44.5425987244, 57.6834411621, 34.8404045105, 16.3772315979, 14.1360855103, -0.412531286478, 6.58351993561, 17.8017959595, 30.7062911987, 79.8406677246, 36.7611503601], [175.886505127, 68.9200668335, 21.7231655121, 20.7145652771, 10.5017337799, 28.8154430389, 14.1104183197, 7.71945238113, -6.01726675034, 2.03917598724, 15.8640537262, 36.7611503601, 92.3356170654]],
