{
"lowlevel": {
    "average_loudness": 0.790407240391,
    "barkbands_crest": {
        "dmean": 2.34473609924,
        "dmean2": 3.86571860313,
        "dvar": 4.59369516373,
        "dvar2": 12.5038642883,
        "max": 26.0566692352,
        "mean": 10.5600538254,
        "median": 9.5488910675,
        "min": 2.50292873383,
        "var": 21.9032173157
    },
    "barkbands_flatness_db": {
        "dmean": 0.0172336474061,
        "dmean2": 0.0278676189482,
        "dvar": 0.000258652464254,
        "dvar2": 0.000685954233631,
        "max": 0.388449877501,
        "mean": 0.138542190194,
        "median": 0.128254532814,
        "min": 0.0392853468657,
        "var": 0.00243830750696
    },
    "barkbands_kurtosis": {
        "dmean": 1.92081773281,
        "dmean2": 3.09724545479,
        "dvar": 17.5383281708,
        "dvar2": 44.2615890503,
        "max": 133.055145264,
        "mean": 3.17305469513,
        "median": 0.639437675476,
        "min": -1.94977688789,
        "var": 57.9412994385
    },
    "barkbands_skewness": {
        "dmean": 0.412136882544,
        "dmean2": 0.655367612839,
        "dvar": 0.242163106799,
        "dvar2": 0.58035337925,
        "max": 10.5242452621,
        "mean": 1.23214113712,
        "median": 0.863396584988,
        "min": -4.37255811691,
        "var": 1.58173191547
    },
    "barkbands_spread": {
        "dmean": 5.18057918549,
        "dmean2": 8.11665153503,
        "dvar": 35.9747467041,
        "dvar2": 77.4866638184,
        "max": 110.001419067,
        "mean": 27.4956588745,
        "median": 25.5454483032,
        "min": 1.06688129902,
        "var": 268.548706055
    },
    "dissonance": {
        "dmean": 0.0196116175503,
        "dmean2": 0.033509530127,
        "dvar": 0.000368849374354,
        "dvar2": 0.0010387689108,
        "max": 0.500000119209,
        "mean": 0.462263435125,
        "median": 0.469940364361,
        "min": 0.279482424259,
        "var": 0.000861759239342
    },
    "dynamic_complexity": 4.18221616745,
    "erbbands_crest": {
        "dmean": 2.53672933578,
        "dmean2": 4.04957199097,
        "dvar": 5.52773761749,
        "dvar2": 13.3499946594,
        "max": 31.530040741,
        "mean": 11.1585597992,
        "median": 9.86962127686,
        "min": 2.27444791794,
        "var": 33.1347007751
    },
    "erbbands_flatness_db": {
        "dmean": 0.0132561419159,
        "dmean2": 0.0201320592314,
        "dvar": 0.000136529415613,
        "dvar2": 0.00030008945032,
        "max": 0.353601396084,
        "mean": 0.172620400786,
        "median": 0.167451202869,
        "min": 0.065738350153,
        "var": 0.00239313510247
    },
    "erbbands_kurtosis": {
        "dmean": 0.917976617813,
        "dmean2": 1.4313775301,
        "dvar": 1.64115762711,
        "dvar2": 3.68773794174,
        "max": 36.9001808167,
        "mean": 1.0931289196,
        "median": 0.282956123352,
        "min": -1.76187098026,
        "var": 7.90177154541
    },
    "erbbands_skewness": {
        "dmean": 0.318144649267,
        "dmean2": 0.486207395792,
        "dvar": 0.0878513604403,
        "dvar2": 0.184908360243,
        "max": 5.61024093628,
        "mean": 0.614926218987,
        "median": 0.644414305687,
        "min": -4.7526268959,
        "var": 0.923856258392
    },
    "erbbands_spread": {
        "dmean": 6.10527133942,
        "dmean2": 9.52713298798,
        "dvar": 41.15782547,
        "dvar2": 94.9405288696,
        "max": 120.488975525,
        "mean": 35.8020362854,
        "median": 33.4484672546,
        "min": 4.20694541931,
        "var": 268.322143555
    },
    "hfc": {
        "dmean": 5.38062429428,
        "dmean2": 8.16820907593,
        "dvar": 57.8295669556,
        "dvar2": 127.136192322,
        "max": 166.462036133,
        "mean": 29.824344635,
        "median": 26.1959648132,
        "min": 1.14470653e-16,
        "var": 625.119384766
    },
    "melbands_crest": {
        "dmean": 3.14651870728,
        "dmean2": 5.23719978333,
        "dvar": 8.68619728088,
        "dvar2": 24.0666179657,
        "max": 37.8054084778,
        "mean": 14.8382577896,
        "median": 13.5673046112,
        "min": 2.26865386963,
        "var": 35.5916213989
    },
    "melbands_flatness_db": {
        "dmean": 0.0207758788019,
        "dmean2": 0.0337805896997,
        "dvar": 0.00040132025606,
        "dvar2": 0.00106057454832,
        "max": 0.427918314934,
        "mean": 0.16608953476,
        "median": 0.156761452556,
        "min": 0.0051985103637,
        "var": 0.00300888880156
    },
    "melbands_kurtosis": {
        "dmean": 4.96901988983,
        "dmean2": 8.09660339355,
        "dvar": 88.3115310669,
        "dvar2": 224.538024902,
        "max": 250.639282227,
        "mean": 10.8107147217,
        "median": 4.41238594055,
        "min": -1.84015965462,
        "var": 295.730682373
    },
    "melbands_skewness": {
        "dmean": 0.609696447849,
        "dmean2": 0.983468830585,
        "dvar": 0.470917493105,
        "dvar2": 1.20296943188,
        "max": 13.6562976837,
        "mean": 2.25313854218,
        "median": 1.88076281548,
        "min": -1.58762824535,
        "var": 2.82984805107
    },
    "melbands_spread": {
        "dmean": 7.1835808754,
        "dmean2": 11.5454902649,
        "dvar": 112.892562866,
        "dvar2": 242.090805054,
        "max": 206.950866699,
        "mean": 31.5849628448,
        "median": 29.9805698395,
        "min": 1.11146950722,
        "var": 492.106384277
    },
    "pitch_salience": {
        "dmean": 0.0614320151508,
        "dmean2": 0.100800342858,
        "dvar": 0.00325123686343,
        "dvar2": 0.00890587083995,
        "max": 0.833349704742,
        "mean": 0.499692261219,
        "median": 0.495935320854,
        "min": 0.0660219937563,
        "var": 0.0135522959754
    },
    "silence_rate_20dB": {
        "dmean": 0,
        "dmean2": 0,
        "dvar": 0,
        "dvar2": 0,
        "max": 1,
        "mean": 1,
        "median": 1,
        "min": 1,
        "var": 0
    },
    "silence_rate_30dB": {
        "dmean": 0,
        "dmean2": 0,
        "dvar": 0,
        "dvar2": 0,
        "max": 1,
        "mean": 1,
        "median": 1,
        "min": 1,
        "var": 0
    },
    "silence_rate_60dB": {
        "dmean": 0.0190719850361,
        "dmean2": 0.038148406893,
        "dvar": 0.0187103506178,
        "dvar2": 0.0436788238585,
        "max": 1,
        "mean": 0.108720928431,
        "median": 0,
        "min": 0,
        "var": 0.0969172418118
    },
    "spectral_centroid": {
        "dmean": 217.833129883,
        "dmean2": 332.673736572,
        "dvar": 71712.3359375,
        "dvar2": 128871.242188,
        "max": 11407.5742188,
        "mean": 1675.56225586,
        "median": 1654.73999023,
        "min": 223.248016357,
        "var": 497087.40625
    },
    "spectral_complexity": {
        "dmean": 2.93569016457,
        "dmean2": 4.82042312622,
        "dvar": 9.4594745636,
        "dvar2": 23.7072181702,
        "max": 57,
        "mean": 20.483953476,
        "median": 21,
        "min": 0,
        "var": 143.586700439
    },
    "spectral_decrease": {
        "dmean": 1.72623837447e-09,
        "dmean2": 2.88970070095e-09,
        "dvar": 5.92612870348e-18,
        "dvar2": 1.71729544221e-17,
        "max": 6.64880368757e-29,
        "mean": -6.63471544371e-09,
        "median": -5.9234954719e-09,
        "min": -3.20810435994e-08,
        "var": 2.50018003666e-17
    },
    "spectral_energy": {
        "dmean": 0.00682046776637,
        "dmean2": 0.0113762654364,
        "dvar": 8.94590993994e-05,
        "dvar2": 0.000257633451838,
        "max": 0.127704247832,
        "mean": 0.0277460888028,
        "median": 0.0250756386667,
        "min": 1.04789404885e-20,
        "var": 0.000426401762525
    },
    "spectral_energyband_high": {
        "dmean": 0.00039841956459,
        "dmean2": 0.000598622660618,
        "dvar": 7.14799853085e-07,
        "dvar2": 1.39054043302e-06,
        "max": 0.0241301320493,
        "mean": 0.00160296889953,
        "median": 0.00111328228377,
        "min": 7.47985823719e-21,
        "var": 3.92289075535e-06
    },
    "spectral_energyband_low": {
        "dmean": 0.00454889656976,
        "dmean2": 0.00801802705973,
        "dvar": 6.872863014e-05,
        "dvar2": 0.000207913239137,
        "max": 0.100073851645,
        "mean": 0.00854986533523,
        "median": 0.00683572376147,
        "min": 8.39050823475e-23,
        "var": 9.56388830673e-05
    },
    "spectral_energyband_middle_high": {
        "dmean": 0.0026844823733,
        "dmean2": 0.00414383411407,
        "dvar": 1.70075873029e-05,
        "dvar2": 4.16467919422e-05,
        "max": 0.0682207345963,
        "mean": 0.0110106961802,
        "median": 0.00545391999185,
        "min": 1.5370202228e-21,
        "var": 0.000156869951752
    },
    "spectral_energyband_middle_low": {
        "dmean": 0.00250176643021,
        "dmean2": 0.00390471797436,
        "dvar": 1.14182194011e-05,
        "dvar2": 2.71808257821e-05,
        "max": 0.0799004733562,
        "mean": 0.0075681055896,
        "median": 0.0060020359233,
        "min": 2.8384204917e-22,
        "var": 4.46667145297e-05
    },
    "spectral_entropy": {
        "dmean": 0.104881577194,
        "dmean2": 0.15649586916,
        "dvar": 0.0101828612387,
        "dvar2": 0.0203781947494,
        "max": 9.80869197845,
        "mean": 7.73780870438,
        "median": 7.78768253326,
        "min": 5.96229791641,
        "var": 0.144253179431
    },
    "spectral_flux": {
        "dmean": 0.0161145757884,
        "dmean2": 0.025936640799,
        "dvar": 0.00033822923433,
        "dvar2": 0.000773991283495,
        "max": 0.256217777729,
        "mean": 0.0784496068954,
        "median": 0.0768702328205,
        "min": 1.04374432708e-10,
        "var": 0.00190160202328
    },
    "spectral_kurtosis": {
        "dmean": 0.830443382263,
        "dmean2": 1.42234122753,
        "dvar": 0.753437042236,
        "dvar2": 2.25149202347,
        "max": 14.0820064545,
        "mean": 2.45567631721,
        "median": 2.19296193123,
        "min": -1.32603764534,
        "var": 2.50970482826
    },
    "spectral_rms": {
        "dmean": 0.000596273108386,
        "dmean2": 0.000977525953203,
        "dvar": 4.53978231008e-07,
        "dvar2": 1.2844967614e-06,
        "max": 0.0111619671807,
        "mean": 0.0047373031266,
        "median": 0.00494611356407,
        "min": 3.19739829231e-12,
        "var": 4.62729622086e-06
    },
    "spectral_rolloff": {
        "dmean": 498.269805908,
        "dmean2": 827.089233398,
        "dvar": 751529.9375,
        "dvar2": 1541908.125,
        "max": 19035.3515625,
        "mean": 1874.93859863,
        "median": 1485.79101562,
        "min": 21.533203125,
        "var": 2783433.5
    },
    "spectral_skewness": {
        "dmean": 0.138991564512,
        "dmean2": 0.225475206971,
        "dvar": 0.0169202275574,
        "dvar2": 0.0416174307466,
        "max": 2.73510551453,
        "mean": 1.23574674129,
        "median": 1.21395492554,
        "min": -0.423625439405,
        "var": 0.11323286593
    },
    "spectral_spread": {
        "dmean": 361331.9375,
        "dmean2": 541400.6875,
        "dvar": 408554962944,
        "dvar2": 514730131456,
        "max": 40645292,
        "mean": 4984411,
        "median": 4832399,
        "min": 2064290.625,
        "var": 1.57183311872e+12
    },
    "spectral_strongpeak": {
        "dmean": 0.688276171684,
        "dmean2": 1.16266703606,
        "dvar": 1.2403857708,
        "dvar2": 3.24168539047,
        "max": 10.8225078583,
        "mean": 1.66315102577,
        "median": 0.511927127838,
        "min": 0,
        "var": 4.19450378418
    },
    "zerocrossingrate": {
        "dmean": 0.00904362276196,
        "dmean2": 0.010734804906,
        "dvar": 0.000169909340912,
        "dvar2": 0.000163804215845,
        "max": 0.509765625,
        "mean": 0.0750738084316,
        "median": 0.0693359375,
        "min": 0.0048828125,
        "var": 0.00171200861223
    },
    "barkbands": {
        "dmean": [0.00038718097494, 0.00323829427361, 0.0015429899795, 0.000780204194598, 0.00076970102964, 0.000485727156047, 0.000347515800968, 0.000443979050033, 0.000820680405013, 0.00117654283531, 0.00149770604912, 0.000376171723474, 0.000358474615496, 0.00040344678564, 0.00033189743408, 0.000209274410736, 0.000159234390594, 0.000153969100211, 0.000213638879359, 0.000153311557369, 0.000101511039247, 0.000138147253892, 0.00015008210903, 8.71502779773e-05, 4.6674926125e-05, 1.15176553663e-05, 1.35512880917e-08],
        "dmean2": [0.000606202345807, 0.00574846519157, 0.00270023522899, 0.0012997596059, 0.00126952363644, 0.000781470851507, 0.000561306485906, 0.000706584483851, 0.00126308749896, 0.00180028099567, 0.00226826732978, 0.000590072479099, 0.000585410452913, 0.000653306138702, 0.000535010593012, 0.000336848548613, 0.000265236070845, 0.000252236583037, 0.000345891749021, 0.000254316226346, 0.000166621306562, 0.000220631976845, 0.000232787046116, 0.000131044464069, 6.90979140927e-05, 1.68592105183e-05, 2.27828458321e-08],
        "dvar": [2.71225053439e-06, 3.7361845898e-05, 8.84810560819e-06, 2.95664403893e-06, 2.17074602915e-06, 7.64663582231e-07, 4.80800963487e-07, 1.18073739941e-06, 2.97412771033e-06, 5.15528472533e-06, 1.21312341435e-05, 1.22912922507e-06, 1.17888896511e-06, 8.74460511113e-07, 4.50374585625e-07, 2.27330659186e-07, 8.68533405196e-08, 7.31879623572e-08, 1.31543799853e-07, 6.76510225617e-08, 3.23230793242e-08, 1.27240355141e-07, 9.6831925589e-08, 5.65992621659e-08, 3.10413916793e-08, 3.11718162394e-09, 9.0802736627e-15],
        "dvar2": [7.16989279681e-06, 0.000114389025839, 2.62860812654e-05, 6.83700227455e-06, 5.16086311109e-06, 1.93131336346e-06, 1.18365437629e-06, 2.7546018373e-06, 6.8994954745e-06, 1.18848320199e-05, 2.78798343061e-05, 2.76891228168e-06, 3.10318068841e-06, 2.10781468013e-06, 1.09311292817e-06, 5.27764257185e-07, 2.33645138792e-07, 1.86781292655e-07, 3.21037020967e-07, 1.68599086692e-07, 8.42693097525e-08, 2.92070922114e-07, 1.99365558728e-07, 1.12910541361e-07, 6.76175275771e-08, 5.73836844708e-09, 1.87125095692e-14],
        "max": [0.0962947010994, 0.0815566182137, 0.0396160632372, 0.0589999593794, 0.0406398773193, 0.0189974252135, 0.0201199445873, 0.0370755232871, 0.0399874821305, 0.0504941418767, 0.058271817863, 0.040375597775, 0.045092381537, 0.0227674301714, 0.0147918816656, 0.01175718382, 0.00832690205425, 0.00580124510452, 0.00927522126585, 0.0064960885793, 0.00379906129092, 0.01399135869, 0.0102748991922, 0.00921572186053, 0.00800837483257, 0.00419132784009, 7.01916496837e-06],
        "mean": [0.000566709670238, 0.00532618397847, 0.00223254295997, 0.000973987160251, 0.00136725627817, 0.000976258423179, 0.000646002532449, 0.000742123986129, 0.0017613300588, 0.00303248269483, 0.00399544835091, 0.000643149134703, 0.000585850211792, 0.000861505337525, 0.000607114518061, 0.00041416627937, 0.000320323277265, 0.000331486953655, 0.000558858504519, 0.000364086270565, 0.000252679747064, 0.000353266310412, 0.00045904685976, 0.000240446766838, 0.000110260138172, 2.35480274569e-05, 1.09347926269e-08],
        "median": [4.3397751142e-05, 0.00336900819093, 0.00112316105515, 0.000303662003716, 0.000667720218189, 0.000421567820013, 0.000253990117926, 0.000269651674898, 0.000459800066892, 0.00057039258536, 0.000244063965511, 0.000221865542699, 0.000191740953596, 0.000225833326112, 0.0002453236375, 0.000161607356858, 0.000170016806806, 0.000187193872989, 0.000270945834927, 0.000220733025344, 0.000147339640534, 0.00019304844318, 0.000246617477387, 0.000133699941216, 4.12194494857e-05, 4.79098389405e-06, 7.92101495506e-10],
        "min": [6.15107427756e-24, 4.51112822332e-23, 2.3451310633e-23, 1.04807239452e-23, 1.22888743927e-23, 4.7907443888e-23, 3.97046978015e-23, 7.9469399519e-23, 5.78077902435e-23, 3.01702535329e-23, 2.80812646589e-23, 5.50209024375e-23, 4.28254978069e-23, 1.11393205647e-22, 8.78194732681e-23, 1.12058259566e-22, 1.27650884219e-22, 2.00690783371e-22, 2.88678687908e-22, 2.47877186303e-22, 2.86056817182e-22, 4.54990736324e-22, 6.26226867133e-22, 8.08179389349e-22, 1.06226398959e-21, 1.6860906496e-21, 2.32438438752e-21],
        "var": [4.47413231086e-06, 4.80752059957e-05, 1.04163700598e-05, 5.31307841811e-06, 5.28149166712e-06, 2.66400138571e-06, 1.51998006004e-06, 2.47246475737e-06, 1.07669193312e-05, 2.9661845474e-05, 7.03687983332e-05, 2.49494814852e-06, 2.18455738832e-06, 3.19267087434e-06, 1.09470613552e-06, 7.01239514456e-07, 2.28182770456e-07, 2.05635942052e-07, 6.11944471984e-07, 1.95190708041e-07, 1.05264213346e-07, 3.14857146577e-07, 4.10247338323e-07, 2.02127750981e-07, 8.96579308574e-08, 9.06433061942e-09, 1.17326607753e-14]
    },
    "erbbands": {
        "dmean": [0.0900649353862, 0.77240395546, 1.89565312862, 2.00226163864, 2.48485851288, 2.57020020485, 3.88118577003, 3.83174920082, 4.68763303757, 5.34550476074, 12.1396474838, 17.5068073273, 28.8482646942, 57.4323539734, 35.9176025391, 13.5391235352, 14.9386463165, 20.6162624359, 13.8315010071, 15.7942152023, 9.57909202576, 7.97492980957, 8.58040809631, 7.32634830475, 12.0460720062, 6.87787818909, 4.66250276566, 3.78964853287, 4.52209854126, 5.63796186447, 4.04223442078, 2.24608898163, 1.31258749962, 0.646234989166, 0.30362790823, 0.0902928709984, 0.0131169017404, 0.00036212138366, 1.5092708054e-05, 8.78226728673e-06],
        "dmean2": [0.159410715103, 1.37002873421, 3.31485486031, 3.38451862335, 4.12355470657, 4.23870992661, 6.4035115242, 6.18455266953, 7.54458618164, 8.5304441452, 19.0469837189, 27.2695083618, 43.1965103149, 85.924949646, 54.9888381958, 21.2465248108, 24.3756561279, 33.1309127808, 22.3127403259, 25.2754192352, 15.4908514023, 13.2200098038, 13.9856967926, 12.2610712051, 19.1871471405, 11.3496465683, 7.67820549011, 6.23267126083, 7.21335935593, 8.83084487915, 6.24545621872, 3.44400572777, 1.94219589233, 0.978250443935, 0.452875494957, 0.130093023181, 0.0193315353245, 0.000520819448866, 2.15126838157e-05, 1.41523323691e-05],
        "dvar": [0.0362498424947, 2.34234571457, 14.1411075592, 16.1816215515, 33.9624099731, 22.3342704773, 58.5723419189, 53.559589386, 91.2190551758, 136.593292236, 857.655944824, 1551.23852539, 3264.5090332, 15241.3837891, 8877.39355469, 953.418334961, 2344.60473633, 2260.45458984, 859.956420898, 1111.80249023, 485.96585083, 217.731338501, 261.633392334, 144.127807617, 483.20880127, 130.501998901, 63.2685050964, 50.3860855103, 133.115875244, 179.247543335, 82.8397445679, 34.1410255432, 16.5444278717, 4.43217802048, 2.76211380959, 0.195793479681, 0.00266551133245, 1.68644896803e-06, 2.15822471006e-09, 1.45998338419e-10],
        "dvar2": [0.111257106066, 7.05905532837, 42.1984901428, 41.0281639099, 80.1338348389, 53.5193443298, 149.104705811, 131.926895142, 218.914520264, 336.628143311, 1993.38867188, 3613.32177734, 7427.0546875, 34784.7539062, 21735.671875, 2256.46044922, 6241.48730469, 5438.72021484, 2080.42871094, 2724.12353516, 1087.49609375, 570.878295898, 671.687805176, 387.445739746, 1130.86950684, 335.119873047, 166.058349609, 130.884536743, 307.189910889, 401.649902344, 172.350357056, 76.1603393555, 32.5515441895, 10.0542497635, 6.45730543137, 0.351190775633, 0.00554528506473, 3.2166285564e-06, 3.70716302101e-09, 3.84648729534e-10],
        "max": [2.70930528641, 21.2352046967, 46.8732337952, 80.3558197021, 208.645828247, 123.015777588, 251.477355957, 144.61781311, 285.261901855, 363.3309021, 1020.96606445, 798.111877441, 1594.32312012, 2105.41088867, 2573.89404297, 689.539001465, 2175.21044922, 1289.8112793, 911.043151855, 893.183776855, 709.020141602, 504.852539062, 409.183135986, 171.756668091, 641.054931641, 229.194656372, 129.867721558, 212.10093689, 480.035400391, 479.634155273, 300.407928467, 188.68901062, 176.939743042, 66.7396469116, 99.2534713745, 32.6143760681, 2.40388727188, 0.0700275525451, 0.00269723730162, 0.000370054360246],
        "mean": [0.14424867928, 1.21609401703, 2.84911847115, 2.86430025101, 3.64358925819, 4.42702388763, 7.09564876556, 7.63381099701, 9.60843276978, 9.4935760498, 24.2875823975, 37.628692627, 76.9917221069, 151.768295288, 101.253555298, 28.3241119385, 27.6622905731, 46.7877960205, 28.9748668671, 32.3497619629, 21.4078044891, 18.1961917877, 19.3646087646, 18.5854320526, 31.2726097107, 17.1821269989, 11.8146266937, 9.07015800476, 11.2126283646, 16.1556243896, 12.1834726334, 6.39851760864, 3.35678339005, 1.55762648582, 0.636573493481, 0.193646430969, 0.0259918682277, 0.000756491150241, 5.07246368215e-05, 3.9468108298e-05],
        "median": [0.0705590844154, 0.739078044891, 1.76448845863, 1.46255660057, 1.55429136753, 2.0507349968, 2.84155845642, 3.05353498459, 3.67843079567, 4.7678103447, 8.59220504761, 12.6712226868, 18.8680667877, 19.6288032532, 12.7123413086, 11.522026062, 10.6156673431, 13.5001087189, 14.7645015717, 13.0873126984, 9.90385818481, 10.0908660889, 11.2806119919, 10.577507019, 15.4767313004, 11.6605052948, 7.28512191772, 5.22571468353, 6.2698431015, 8.59590911865, 6.51389217377, 3.49224686623, 1.59718120098, 0.659226477146, 0.197948560119, 0.0430356524885, 0.0046292305924, 0.000150796520757, 3.09436909447e-05, 3.65324885934e-05],
        "min": [8.81840065235e-22, 1.12913021281e-20, 2.83674870233e-20, 4.02692007836e-20, 2.61581441527e-20, 5.87807920342e-20, 3.45525801271e-19, 2.73399891157e-19, 4.48684632836e-19, 1.0684448988e-18, 1.79465539969e-18, 1.33256666692e-18, 9.99010634404e-19, 8.84541141938e-19, 2.46033644227e-18, 2.00330074907e-18, 2.08065164892e-18, 4.18181282753e-18, 4.66585286581e-18, 5.34797164152e-18, 6.8197798957e-18, 8.98529820751e-18, 7.60926836928e-18, 1.13185141536e-17, 1.52797299059e-17, 1.25857862849e-17, 1.26486495299e-17, 1.52377935032e-17, 1.68419183954e-17, 1.33353235893e-17, 1.81710206231e-17, 1.31587875301e-17, 1.39564013989e-17, 1.18727764492e-17, 7.54575578749e-18, 5.91689860862e-18, 3.0079674377e-18, 1.22130704882e-18, 3.51177745451e-19, 3.2960937287e-20],
        "var": [0.0508994162083, 2.70848059654, 15.7191171646, 23.1328353882, 76.321937561, 52.5425796509, 171.910263062, 184.967254639, 444.257415771, 254.824508667, 2399.79150391, 4747.09863281, 20311.9785156, 79582.4140625, 55247.9570312, 2596.93920898, 4718.75, 9239.33789062, 1848.66320801, 3714.73510742, 1756.36743164, 683.255981445, 739.038330078, 505.20703125, 2039.3795166, 383.809143066, 205.901519775, 149.597061157, 305.512573242, 593.805664062, 310.843292236, 110.073692322, 52.274772644, 12.1179075241, 6.32216691971, 0.708750665188, 0.00737031269819, 5.61185834158e-06, 1.02390256274e-08, 9.43772504591e-10]
    },
    "gfcc": {
        "mean": [-3.12603735924, 75.7883453369, -141.605010986, 40.10546875, -76.9746627808, 33.0638198853, -34.7122459412, 12.6685361862, -22.3194236755, -5.05207824707, -12.9757223129, -5.54998636246, -4.63222265244],
        "cov": [[7898.63867188, -237.813995361, 862.68939209, 931.352600098, 530.573669434, 827.209899902, 661.607727051, 888.28918457, 220.294174194, 286.566802979, -86.9259033203, 290.422149658, -299.109436035], [-237.813995361, 1065.57714844, 310.225097656, 240.857345581, 311.533996582, -40.2596168518, 106.763938904, -11.3479061127, 106.040878296, -37.5850868225, 131.945953369, -63.2194023132, 86.4752731323], [862.68939209, 310.225097656, 973.041259766, 492.60244751, 260.833129883, 107.674118042, -33.1398925781, 93.0142440796, 29.5185279846, 135.138305664, 2.75805425644, 136.221954346, -61.7486343384], [931.352600098, 240.857345581, 492.60244751, 547.55090332, 291.07925415, 142.894393921, 79.712059021, 140.045333862, 123.299407959, 70.3294067383, 47.2656326294, 64.0796661377, -32.0242042542], [530.573669434, 311.533996582, 260.833129883, 291.07925415, 416.691864014, 192.754959106, 186.105667114, 173.726638794, 86.2787704468, 64.2839736938, 19.081161499, 30.4343242645, -7.59205627441], [827.209899902, -40.2596168518, 107.674118042, 142.894393921, 192.754959106, 346.04296875, 271.528747559, 182.196090698, 55.4205513, 33.9798355103, 2.76024341583, 19.5395355225, -18.597951889], [661.607727051, 106.763938904, -33.1398925781, 79.712059021, 186.105667114, 271.528747559, 380.154937744, 216.305023193, 69.8211746216, 12.4802808762, 20.998550415, -12.7928657532, -6.20909976959], [888.28918457, -11.3479061127, 93.0142440796, 140.045333862, 173.726638794, 182.196090698, 216.305023193, 297.933227539, 117.636123657, 70.7643203735, -1.55458927155, 32.9181518555, -48.0390319824], [220.294174194, 106.040878296, 29.5185279846, 123.299407959, 86.2787704468, 55.4205513, 69.8211746216, 117.636123657, 170.162246704, 36.15051651, 39.1748275757, -2.82433128357, 0.824139118195], [286.566802979, -37.5850868225, 135.138305664, 70.3294067383, 64.2839736938, 33.9798355103, 12.4802808762, 70.7643203735, 36.15051651, 132.974868774, 8.00965595245, 37.7065162659, -34.8600234985], [-86.9259033203, 131.945953369, 2.75805425644, 47.2656326294, 19.081161499, 2.76024341583, 20.998550415, -1.55458927155, 39.1748275757, 8.00965595245, 113.363723755, 6.54461526871, 20.9242038727], [290.422149658, -63.2194023132, 136.221954346, 64.0796661377, 30.4343242645, 19.5395355225, -12.7928657532, 32.9181518555, -2.82433128357, 37.7065162659, 6.54461526871, 127.264274597, 1.31745374203], [-299.109436035, 86.4752731323, -61.7486343384, -32.0242042542, -7.59205627441, -18.597951889, -6.20909976959, -48.0390319824, 0.824139118195, -34.8600234985, 20.9242038727, 1.31745374203, 109.99936676]],
        "icov": [[0.000305934430799, -0.000314406875987, 0.000285494810669, -0.000657121127006, 0.000652741757222, -0.000716148002539, 0.000263467867626, -0.000848007330205, 0.000545033311937, -0.000305228779325, 0.000501260219608, -0.000557039224077, 0.000427025894169], [-0.000314406875987, 0.00422947574407, -0.0027909334749, 0.00205375743099, -0.00422423006967, 0.00491232518107, -0.00372057803907, 0.00295867351815, -0.00289364531636, 0.00276180682704, -0.00364720169455, 0.00321398465894, -0.00197539897636], [0.000285494810669, -0.0027909334749, 0.00448932033032, -0.00373463169672, 0.00261610373855, -0.00380262453109, 0.00338523765095, -0.0021519747097, 0.00324917864054, -0.00315352086909, 0.0028936592862, -0.00326716317795, 0.00165710086003], [-0.000657121127006, 0.00205375743099, -0.00373463169672, 0.00754764815792, -0.00480269547552, 0.00245909765363, -0.00130442983937, 0.00279573141597, -0.0048182848841, 0.00302020320669, -0.00349520845339, 0.0018160805339, -0.000432524597272], [0.000652741757222, -0.00422423006967, 0.00261610373855, -0.00480269547552, 0.00989122502506, -0.00584092736244, 0.00234822416678, -0.00458149658516, 0.00369327538647, -0.00396694801748, 0.00434287870303, -0.00299305794761, 0.000917881727219], [-0.000716148002539, 0.00491232518107, -0.00380262453109, 0.00245909765363, -0.00584092736244, 0.0139410691336, -0.00958241242915, 0.00406161043793, -0.00349298887886, 0.00306431134231, -0.00348197692074, 0.00336784683168, -0.00242172158323], [0.000263467867626, -0.00372057803907, 0.00338523765095, -0.00130442983937, 0.00234822416678, -0.00958241242915, 0.0128896767274, -0.00737041141838, 0.0040594348684, -0.00105470581912, 0.000944930128753, -0.00095742137637, 0.00067965395283], [-0.000848007330205, 0.00295867351815, -0.0021519747097, 0.00279573141597, -0.00458149658516, 0.00406161043793, -0.00737041141838, 0.0142935933545, -0.00821440946311, 0.000228593620704, -0.000411568733398, 9.14702832233e-05, 0.00138202356175], [0.000545033311937, -0.00289364531636, 0.00324917864054, -0.0048182848841, 0.00369327538647, -0.00349298887886, 0.0040594348684, -0.00821440946311, 0.0139692630619, -0.00358584686182, -0.000114752656373, -0.00016120087821, -0.000733163964469], [-0.000305228779325, 0.00276180682704, -0.00315352086909, 0.00302020320669, -0.00396694801748, 0.00306431134231, -0.00105470581912, 0.000228593620704, -0.00358584686182, 0.0130864260718, -0.00378810754046, 0.000460936687887, 0.00128163164482], [0.000501260219608, -0.00364720169455, 0.0028936592862, -0.00349520845339, 0.00434287870303, -0.00348197692074, 0.000944930128753, -0.000411568733398, -0.000114752656373, -0.00378810754046, 0.0144656300545, -0.00422510644421, 0.000520983303431], [-0.000557039224077, 0.00321398465894, -0.00326716317795, 0.0018160805339, -0.00299305794761, 0.00336784683168, -0.00095742137637, 9.14702832233e-05, -0.00016120087821, 0.000460936687887, -0.00422510644421, 0.013507604599, -0.00420872168615], [0.000427025894169, -0.00197539897636, 0.00165710086003, -0.000432524597272, 0.000917881727219, -0.00242172158323, 0.00067965395283, 0.00138202356175, -0.000733163964469, 0.00128163164482, 0.000520983303431, -0.00420872168615, 0.0132681615651]]
    },
    "melbands": {
        "dmean": [0.000836257939227, 0.000983850215562, 0.000346647429978, 0.000176822431968, 0.000123691454064, 8.66149566718e-05, 7.20625539543e-05, 6.29347850918e-05, 0.000109526052256, 0.000115781760542, 0.000148346123751, 0.000228502147365, 0.000156454916578, 5.04699419253e-05, 3.12716911139e-05, 3.77385586035e-05, 4.19930911448e-05, 2.39496366703e-05, 2.53214438999e-05, 1.81964314834e-05, 1.17197296277e-05, 9.16139197216e-06, 1.00733395811e-05, 6.88013687977e-06, 6.57436930851e-06, 1.05147564682e-05, 7.4296508501e-06, 4.72622423331e-06, 3.52007805304e-06, 2.79202504316e-06, 2.24167251872e-06, 2.58991531155e-06, 3.41588111041e-06, 3.57907970283e-06, 2.83029044112e-06, 1.91320646081e-06, 1.40781889968e-06, 1.0867211131e-06, 7.33809599751e-07, 5.43997714431e-07],
        "dmean2": [0.00148255401291, 0.00172859220766, 0.000582170614507, 0.000289488118142, 0.000203913179575, 0.000139809839311, 0.000116160881589, 0.000100033546914, 0.00017083583225, 0.000180122107849, 0.000222170885536, 0.000342648505466, 0.000235394618358, 7.80780464993e-05, 5.06281794515e-05, 6.15055760136e-05, 6.75066985423e-05, 3.84016384487e-05, 4.10660322814e-05, 2.95587487926e-05, 1.89877446246e-05, 1.53222299559e-05, 1.6680556655e-05, 1.11513463708e-05, 1.1104701116e-05, 1.69805589394e-05, 1.19342857943e-05, 7.90035755927e-06, 5.78508297622e-06, 4.71159228255e-06, 3.72299837181e-06, 4.17343062509e-06, 5.52760047867e-06, 5.69695384911e-06, 4.4988364607e-06, 2.98467739412e-06, 2.20305742005e-06, 1.65305971223e-06, 1.11790996016e-06, 8.41571363708e-07],
        "dvar": [2.54292035606e-06, 3.82804091714e-06, 4.80485255139e-07, 1.3596356041e-07, 5.30818446975e-08, 2.55546286354e-08, 2.05849204349e-08, 1.89259168337e-08, 6.77832474594e-08, 6.57230074808e-08, 8.66382023901e-08, 2.31215267377e-07, 1.3444456215e-07, 2.02893417622e-08, 9.54626422356e-09, 1.08341318139e-08, 1.00178638718e-08, 2.9481126429e-09, 2.5856539132e-09, 1.71934622095e-09, 8.69682381666e-10, 3.26615928747e-10, 3.48660239569e-10, 1.65167449162e-10, 1.24103727295e-10, 3.78369502396e-10, 1.71656994175e-10, 6.65432500768e-11, 3.49808654265e-11, 2.80862017671e-11, 1.71283646988e-11, 3.52237267132e-11, 1.00108400736e-10, 5.71384051185e-11, 3.65434453531e-11, 1.98567221693e-11, 1.54839960298e-11, 1.13907711388e-11, 5.48515052823e-12, 3.3583507069e-12],
        "dvar2": [7.79376387072e-06, 1.14813756227e-05, 1.1856391211e-06, 3.16589051863e-07, 1.36985860877e-07, 6.29424334875e-08, 4.96014820328e-08, 4.58118556423e-08, 1.5714361723e-07, 1.53988494844e-07, 1.95512512846e-07, 5.28725252025e-07, 3.13375409178e-07, 4.55522801701e-08, 2.32667662914e-08, 2.83319270267e-08, 2.41350033292e-08, 7.07368119635e-09, 6.65300969871e-09, 4.35567137913e-09, 1.81824855172e-09, 8.6145307554e-10, 8.89830154005e-10, 3.95629334848e-10, 3.3992664239e-10, 9.37348865193e-10, 4.10972034182e-10, 1.74791334184e-10, 9.10745645566e-11, 7.54261861302e-11, 4.45968817431e-11, 8.441786159e-11, 2.33551677997e-10, 1.33818650605e-10, 8.29395371826e-11, 4.21077270274e-11, 3.68308196441e-11, 2.23479394712e-11, 1.29814648614e-11, 7.87155757243e-12],
        "max": [0.0213302187622, 0.0234051905572, 0.0205064173788, 0.010679022409, 0.00726339407265, 0.00393859623, 0.00418226141483, 0.00376416207291, 0.00819769874215, 0.00523620052263, 0.00793435424566, 0.00834943074733, 0.00884137675166, 0.00486815208569, 0.00438000494614, 0.00306029780768, 0.00285235163756, 0.00142829923425, 0.00102246087044, 0.00118854769971, 0.000933602452278, 0.000605278357398, 0.000479239271954, 0.000325191853335, 0.000152898923261, 0.00050079554785, 0.000394984992454, 0.000161246949574, 0.00012643255468, 0.000114091628348, 0.000118731739349, 0.000198294859729, 0.000392812362406, 0.00028701373958, 0.000199965099455, 0.00013465709344, 0.000142254764796, 0.000153016895638, 8.1030128058e-05, 5.29811259184e-05],
        "mean": [0.00142845860682, 0.00157598941587, 0.000531487399712, 0.000289233197691, 0.000238640524913, 0.000178238376975, 0.000145623038406, 0.000107558436866, 0.000223936585826, 0.000243638423854, 0.000377446936909, 0.000588571128901, 0.000433342764154, 0.000100835459307, 5.51854682271e-05, 6.33900053799e-05, 9.22004401218e-05, 4.47909405921e-05, 4.65662014904e-05, 3.5634941014e-05, 2.31318390433e-05, 1.7993763322e-05, 2.05388387258e-05, 1.39933008541e-05, 1.37763408929e-05, 2.56690964306e-05, 1.67619618878e-05, 1.0131637282e-05, 7.868045941e-06, 6.02029058427e-06, 4.7932844609e-06, 5.61884053241e-06, 8.07216929388e-06, 9.4507349786e-06, 7.63986645325e-06, 5.0227254178e-06, 3.43890292243e-06, 2.53453731602e-06, 1.68394365119e-06, 1.16328089916e-06],
        "median": [0.000828670570627, 0.00115620507859, 0.00028316656244, 0.000138815172249, 0.000102287740447, 7.24203564459e-05, 5.66089584026e-05, 4.99622474308e-05, 6.95993221598e-05, 7.65799486544e-05, 7.76137094363e-05, 6.97924260749e-05, 3.77959586331e-05, 2.49360291491e-05, 2.04955977097e-05, 2.09537665796e-05, 2.22729468078e-05, 1.96338842215e-05, 1.74944580067e-05, 1.32356344693e-05, 9.88602005236e-06, 8.94751428859e-06, 1.06504858195e-05, 8.10683650343e-06, 7.01131011738e-06, 1.11697236207e-05, 9.15821328817e-06, 6.13019346929e-06, 4.6039440349e-06, 3.17623334922e-06, 2.33203172684e-06, 2.88973524221e-06, 4.1777284423e-06, 4.76642708236e-06, 4.02625846618e-06, 2.52729955719e-06, 1.79275161827e-06, 1.12987947887e-06, 6.93467541169e-07, 4.47155173333e-07],
        "min": [1.10095037209e-23, 1.64774520647e-23, 6.31309920775e-24, 2.39711202713e-24, 9.80736963148e-24, 7.40724849443e-24, 7.523945477e-24, 1.41524659845e-23, 1.47830593041e-23, 7.83672014845e-24, 5.07193938049e-24, 3.6075039125e-24, 4.63199678124e-24, 7.14281048608e-24, 4.08927112807e-24, 6.04255817701e-24, 8.16565305782e-24, 8.41935388038e-24, 6.8367900417e-24, 4.91355819883e-24, 9.31560636494e-24, 7.6821523204e-24, 7.67010483666e-24, 8.44663505707e-24, 7.71767946013e-24, 8.9721142387e-24, 1.01228761282e-23, 7.95850922816e-24, 8.23960166794e-24, 6.45023557637e-24, 9.66996505014e-24, 1.07852289878e-23, 6.75944459653e-24, 7.75830421902e-24, 9.99226600588e-24, 8.76071056015e-24, 7.35411161271e-24, 8.7019506779e-24, 1.10583081785e-23, 9.04806418893e-24],
        "var": [3.71508917851e-06, 4.15343220084e-06, 8.62419426539e-07, 3.09347456096e-07, 1.69934551764e-07, 1.04971796588e-07, 9.04734136498e-08, 3.43430244243e-08, 2.15657692593e-07, 2.0097668596e-07, 5.1582406968e-07, 1.21412654153e-06, 8.87141482053e-07, 7.12968954986e-08, 1.84701622885e-08, 2.01496046515e-08, 4.17234637951e-08, 6.03101257823e-09, 6.78503431217e-09, 4.71099115273e-09, 2.76739120508e-09, 8.12119704818e-10, 9.21954013133e-10, 4.08161809906e-10, 3.27897958785e-10, 1.65667024543e-09, 5.50054113369e-10, 1.55416721159e-10, 1.00738424547e-10, 7.33041405354e-11, 4.85289794461e-11, 7.66575691813e-11, 2.08934189394e-10, 1.95786817314e-10, 1.21765875161e-10, 6.38009714504e-11, 4.01875026312e-11, 3.22924430252e-11, 1.44404141422e-11, 7.64811304566e-12]
    },
    "mfcc": {
        "mean": [-630.843811035, 90.3802566528, -3.29075956345, 7.6726899147, -6.50720500946, 8.401263237, 1.3216984272, 12.3013458252, -1.31454217434, 8.95976066589, -3.89816188812, -7.62217950821, -0.824200212955],
        "cov": [[7284.16943359, -477.740936279, 516.788330078, 493.719726562, 313.992675781, 350.424835205, 540.28302002, 812.508056641, 451.648956299, 557.910949707, 265.090301514, 251.721969604, 231.382843018], [-477.740936279, 861.292175293, 96.234413147, 227.243865967, 164.939178467, 41.7773933411, 87.4223175049, 0.942901015282, 22.7287006378, 9.34277057648, 36.7419395447, 41.6979408264, -5.94001960754], [516.788330078, 96.234413147, 682.342651367, 329.753570557, 244.523864746, 118.894737244, 12.5243692398, 38.1306762695, -13.3512125015, -6.23168230057, 72.2668457031, 31.0680828094, 67.5138549805], [493.719726562, 227.243865967, 329.753570557, 457.588378906, 292.490570068, 100.438499451, 48.8834609985, 78.0734405518, 57.5307502747, 31.9589080811, 76.0246505737, 77.3022842407, 100.335845947], [313.992675781, 164.939178467, 244.523864746, 292.490570068, 337.758758545, 107.223083496, 47.3897514343, 74.8139953613, 70.6731185913, 38.8339080811, 59.5756340027, 67.7923736572, 83.2013549805], [350.424835205, 41.7773933411, 118.894737244, 100.438499451, 107.223083496, 203.657516479, 141.942886353, 103.117706299, 74.9824142456, 57.4539794922, 34.2049674988, 36.4257392883, 12.8279275894], [540.28302002, 87.4223175049, 12.5243692398, 48.8834609985, 47.3897514343, 141.942886353, 295.346130371, 179.666900635, 123.334953308, 120.297935486, 50.5331306458, 67.3547439575, 2.24192690849], [812.508056641, 0.942901015282, 38.1306762695, 78.0734405518, 74.8139953613, 103.117706299, 179.666900635, 292.489654541, 143.148101807, 137.26121521, 63.6472854614, 62.4517250061, 64.1122970581], [451.648956299, 22.7287006378, -13.3512125015, 57.5307502747, 70.6731185913, 74.9824142456, 123.334953308, 143.148101807, 212.256698608, 111.978157043, 42.7581329346, 61.667881012, 19.0631847382], [557.910949707, 9.34277057648, -6.23168230057, 31.9589080811, 38.8339080811, 57.4539794922, 120.297935486, 137.26121521, 111.978157043, 195.531021118, 82.8469238281, 58.8826179504, 11.8318338394], [265.090301514, 36.7419395447, 72.2668457031, 76.0246505737, 59.5756340027, 34.2049674988, 50.5331306458, 63.6472854614, 42.7581329346, 82.8469238281, 125.033042908, 65.3363571167, 25.1805076599], [251.721969604, 41.6979408264, 31.0680828094, 77.3022842407, 67.7923736572, 36.4257392883, 67.3547439575, 62.4517250061, 61.667881012, 58.8826179504, 65.3363571167, 131.148544312, 49.0527877808], [231.382843018, -5.94001960754, 67.5138549805, 100.335845947, 83.2013549805, 12.8279275894, 2.24192690849, 64.1122970581, 19.0631847382, 11.8318338394, 25.1805076599, 49.0527877808, 136.413238525]],
