{
"lowlevel": {
    "average_loudness": 0.869693160057,
    "barkbands_crest": {
        "dmean": 2.65923690796,
        "dmean2": 4.10886001587,
        "dvar": 5.97754859924,
        "dvar2": 13.864159584,
        "max": 26.018661499,
        "mean": 10.810292244,
        "median": 9.65600776672,
        "min": 1.83545899391,
        "var": 26.1659736633
    },
    "barkbands_flatness_db": {
        "dmean": 0.0197982881218,
        "dmean2": 0.0308406706899,
        "dvar": 0.000354881922249,
        "dvar2": 0.000807390257251,
        "max": 0.438048690557,
        "mean": 0.124085187912,
        "median": 0.113593272865,
        "min": 0.028080990538,
        "var": 0.00253165722825
    },
    "barkbands_kurtosis": {
        "dmean": 1.94962728024,
        "dmean2": 3.07543325424,
        "dvar": 21.7937984467,
        "dvar2": 47.7836761475,
        "max": 176.362045288,
        "mean": 2.40374612808,
        "median": 0.421985626221,
        "min": -1.92697656155,
        "var": 62.6268730164
    },
    "barkbands_skewness": {
        "dmean": 0.455347537994,
        "dmean2": 0.711418271065,
        "dvar": 0.258182615042,
        "dvar2": 0.575120806694,
        "max": 12.5085544586,
        "mean": 1.16775870323,
        "median": 0.924213051796,
        "min": -1.91817367077,
        "var": 1.40550637245
    },
    "barkbands_spread": {
        "dmean": 6.22498750687,
        "dmean2": 9.8407535553,
        "dvar": 47.2471160889,
        "dvar2": 105.622894287,
        "max": 117.953201294,
        "mean": 30.1649894714,
        "median": 29.0651512146,
        "min": 0.506097376347,
        "var": 236.395904541
    },
    "dissonance": {
        "dmean": 0.0177178625017,
        "dmean2": 0.030379569158,
        "dvar": 0.000312789779855,
        "dvar2": 0.000886054884177,
        "max": 0.5,
        "mean": 0.473644763231,
        "median": 0.480260848999,
        "min": 0.252626925707,
        "var": 0.000550245633349
    },
    "dynamic_complexity": 2.96347689629,
    "erbbands_crest": {
        "dmean": 2.93489861488,
        "dmean2": 4.80381536484,
        "dvar": 6.91870737076,
        "dvar2": 17.3452396393,
        "max": 32.9672775269,
        "mean": 9.49353790283,
        "median": 8.45336723328,
        "min": 2.21497392654,
        "var": 22.4469337463
    },
    "erbbands_flatness_db": {
        "dmean": 0.0149040678516,
        "dmean2": 0.0224632844329,
        "dvar": 0.000181003008038,
        "dvar2": 0.000387667998439,
        "max": 0.502101480961,
        "mean": 0.15354642272,
        "median": 0.13894431293,
        "min": 0.0435641780496,
        "var": 0.00379288196564
    },
    "erbbands_kurtosis": {
        "dmean": 0.919210553169,
        "dmean2": 1.46789741516,
        "dvar": 1.62835097313,
        "dvar2": 3.81522679329,
        "max": 42.6362228394,
        "mean": 0.964831531048,
        "median": 0.406364679337,
        "min": -1.77855587006,
        "var": 4.25394821167
    },
    "erbbands_skewness": {
        "dmean": 0.335101395845,
        "dmean2": 0.527698755264,
        "dvar": 0.0889630392194,
        "dvar2": 0.207151889801,
        "max": 5.93261575699,
        "mean": 0.408358722925,
        "median": 0.375051051378,
        "min": -3.72850131989,
        "var": 0.505119085312
    },
    "erbbands_spread": {
        "dmean": 6.68266248703,
        "dmean2": 10.1818094254,
        "dvar": 46.4784545898,
        "dvar2": 101.637184143,
        "max": 132.695022583,
        "mean": 35.1196975708,
        "median": 31.1850070953,
        "min": 1.44411671162,
        "var": 328.345825195
    },
    "hfc": {
        "dmean": 8.77716732025,
        "dmean2": 13.6783332825,
        "dvar": 142.613006592,
        "dvar2": 341.083953857,
        "max": 195.691574097,
        "mean": 35.3493003845,
        "median": 32.4621315002,
        "min": 1.21833169257e-16,
        "var": 659.869934082
    },
    "melbands_crest": {
        "dmean": 3.51394104958,
        "dmean2": 5.70135974884,
        "dvar": 11.8245992661,
        "dvar2": 29.2659378052,
        "max": 37.4549713135,
        "mean": 16.2880840302,
        "median": 14.7737340927,
        "min": 2.66322565079,
        "var": 52.5514717102
    },
    "melbands_flatness_db": {
        "dmean": 0.0235641300678,
        "dmean2": 0.0365160703659,
        "dvar": 0.000576917431317,
        "dvar2": 0.00130426383112,
        "max": 0.506524026394,
        "mean": 0.163268953562,
        "median": 0.156357675791,
        "min": 0.0112928841263,
        "var": 0.00315412483178
    },
    "melbands_kurtosis": {
        "dmean": 6.33399105072,
        "dmean2": 10.004119873,
        "dvar": 206.885803223,
        "dvar2": 455.522705078,
        "max": 443.787719727,
        "mean": 12.0622835159,
        "median": 4.36995315552,
        "min": -1.67908716202,
        "var": 701.047119141
    },
    "melbands_skewness": {
        "dmean": 0.69465893507,
        "dmean2": 1.08725202084,
        "dvar": 0.680904686451,
        "dvar2": 1.49660623074,
        "max": 18.4841537476,
        "mean": 2.37765574455,
        "median": 1.8814355135,
        "min": -0.93403750658,
        "var": 4.16912555695
    },
    "melbands_spread": {
        "dmean": 7.74327659607,
        "dmean2": 12.3000497818,
        "dvar": 83.9556274414,
        "dvar2": 194.485244751,
        "max": 238.320571899,
        "mean": 31.0212001801,
        "median": 29.2335395813,
        "min": 0.662738442421,
        "var": 323.781860352
    },
    "pitch_salience": {
        "dmean": 0.0732883289456,
        "dmean2": 0.118982449174,
        "dvar": 0.00546220690012,
        "dvar2": 0.0134384576231,
        "max": 0.888304531574,
        "mean": 0.505737066269,
        "median": 0.513234376907,
        "min": 0.0492929592729,
        "var": 0.0213187206537
    },
    "silence_rate_20dB": {
        "dmean": 0,
        "dmean2": 0,
        "dvar": 0,
        "dvar2": 0,
        "max": 1,
        "mean": 1,
        "median": 1,
        "min": 1,
        "var": 0
    },
    "silence_rate_30dB": {
        "dmean": 0.0123603520915,
        "dmean2": 0.0247236415744,
        "dvar": 0.0122074205428,
        "dvar2": 0.0329074934125,
        "max": 1,
        "mean": 0.991562664509,
        "median": 1,
        "min": 0,
        "var": 0.00836627185345
    },
    "silence_rate_60dB": {
        "dmean": 0.00736867124215,
        "dmean2": 0.0147390943021,
        "dvar": 0.00731350900605,
        "dvar2": 0.0168956927955,
        "max": 1,
        "mean": 0.0552584677935,
        "median": 0,
        "min": 0,
        "var": 0.0522035136819
    },
    "spectral_centroid": {
        "dmean": 232.267044067,
        "dmean2": 367.571075439,
        "dvar": 61105.1484375,
        "dvar2": 130120.859375,
        "max": 11182.1103516,
        "mean": 1786.20996094,
        "median": 1766.65332031,
        "min": 322.411804199,
        "var": 265692.6875
    },
    "spectral_complexity": {
        "dmean": 4.10601377487,
        "dmean2": 6.45762491226,
        "dvar": 17.7413101196,
        "dvar2": 38.4786529541,
        "max": 55,
        "mean": 24.8149738312,
        "median": 25,
        "min": 0,
        "var": 133.087051392
    },
    "spectral_decrease": {
        "dmean": 2.46396503201e-09,
        "dmean2": 3.92517573999e-09,
        "dvar": 1.12031952501e-17,
        "dvar2": 3.0198865313e-17,
        "max": 5.38805443664e-29,
        "mean": -8.71701200111e-09,
        "median": -7.47131423395e-09,
        "min": -4.32348983281e-08,
        "var": 4.53206434266e-17
    },
    "spectral_energy": {
        "dmean": 0.0097289942205,
        "dmean2": 0.0154182948172,
        "dvar": 0.000163338336279,
        "dvar2": 0.000435760273831,
        "max": 0.168338447809,
        "mean": 0.0361062847078,
        "median": 0.0318212844431,
        "min": 1.08472620433e-20,
        "var": 0.000717667047866
    },
    "spectral_energyband_high": {
        "dmean": 0.000643111416139,
        "dmean2": 0.000989377265796,
        "dvar": 1.26075690332e-06,
        "dvar2": 2.94074447993e-06,
        "max": 0.020156731829,
        "mean": 0.00187867018394,
        "median": 0.00129552010912,
        "min": 7.86141710516e-21,
        "var": 3.87528871215e-06
    },
    "spectral_energyband_low": {
        "dmean": 0.00730816554278,
        "dmean2": 0.0119486600161,
        "dvar": 0.000176071815076,
        "dvar2": 0.000480172631796,
        "max": 0.139328598976,
        "mean": 0.0177454333752,
        "median": 0.00774433929473,
        "min": 7.60816079625e-23,
        "var": 0.000503759481944
    },
    "spectral_energyband_middle_high": {
        "dmean": 0.00332365301438,
        "dmean2": 0.00533268321306,
        "dvar": 1.85825847439e-05,
        "dvar2": 4.80979142594e-05,
        "max": 0.0937837287784,
        "mean": 0.0111140282825,
        "median": 0.0080583691597,
        "min": 1.55662133371e-21,
        "var": 9.74953145487e-05
    },
    "spectral_energyband_middle_low": {
        "dmean": 0.00303347269073,
        "dmean2": 0.00504620792344,
        "dvar": 2.2537784389e-05,
        "dvar2": 6.0336846218e-05,
        "max": 0.0649466216564,
        "mean": 0.00629028165713,
        "median": 0.00465699611232,
        "min": 3.68024715893e-22,
        "var": 3.3651234844e-05
    },
    "spectral_entropy": {
        "dmean": 0.109347783029,
        "dmean2": 0.16424523294,
        "dvar": 0.0110526364297,
        "dvar2": 0.0215749964118,
        "max": 9.80023574829,
        "mean": 7.91737890244,
        "median": 7.96660137177,
        "min": 4.74148750305,
        "var": 0.14158923924
    },
    "spectral_flux": {
        "dmean": 0.0232643559575,
        "dmean2": 0.0356202311814,
        "dvar": 0.000727160018869,
        "dvar2": 0.00138582207728,
        "max": 0.333869844675,
        "mean": 0.0969866588712,
        "median": 0.0908792093396,
        "min": 1.04150188474e-10,
        "var": 0.00254716794007
    },
    "spectral_kurtosis": {
        "dmean": 0.913720965385,
        "dmean2": 1.53042221069,
        "dvar": 4.52578306198,
        "dvar2": 12.3750228882,
        "max": 96.1628036499,
        "mean": 3.11605358124,
        "median": 2.59251737595,
        "min": -1.4258877039,
        "var": 12.7961902618
    },
    "spectral_rms": {
        "dmean": 0.000738906383049,
        "dmean2": 0.00114606763236,
        "dvar": 6.16664522113e-07,
        "dvar2": 1.50250946263e-06,
        "max": 0.0128153283149,
        "mean": 0.00547653948888,
        "median": 0.00557181797922,
        "min": 3.25310525046e-12,
        "var": 5.23323069501e-06
    },
    "spectral_rolloff": {
        "dmean": 579.46887207,
        "dmean2": 960.67388916,
        "dvar": 1012866,
        "dvar2": 2115147.5,
        "max": 18970.7519531,
        "mean": 1942.47485352,
        "median": 1636.5234375,
        "min": 21.533203125,
        "var": 2592177.5
    },
    "spectral_skewness": {
        "dmean": 0.139605998993,
        "dmean2": 0.224883630872,
        "dvar": 0.0310267694294,
        "dvar2": 0.0776539519429,
        "max": 7.86340761185,
        "mean": 1.43425321579,
        "median": 1.40628492832,
        "min": -0.198130637407,
        "var": 0.155198872089
    },
    "spectral_spread": {
        "dmean": 462771.5625,
        "dmean2": 668970.4375,
        "dvar": 477312876544,
        "dvar2": 729044549632,
        "max": 40735120,
        "mean": 5513702.5,
        "median": 5566606,
        "min": 1075779.375,
        "var": 2.83252568883e+12
    },
    "spectral_strongpeak": {
        "dmean": 0.595923841,
        "dmean2": 1.01152956486,
        "dvar": 1.20350587368,
        "dvar2": 3.06880569458,
        "max": 13.4443073273,
        "mean": 1.12264430523,
        "median": 0.541122853756,
        "min": 0,
        "var": 2.1748278141
    },
    "zerocrossingrate": {
        "dmean": 0.0113372476771,
        "dmean2": 0.0131038483232,
        "dvar": 0.000192304156371,
        "dvar2": 0.000211191349081,
        "max": 0.53564453125,
        "mean": 0.0800305455923,
        "median": 0.0732421875,
        "min": 0.0048828125,
        "var": 0.00151195155922
    },
    "barkbands": {
        "dmean": [0.000419764284743, 0.00546005228534, 0.00293325004168, 0.00085563812172, 0.000685769307893, 0.000517159351148, 0.000533310580067, 0.000430270039942, 0.00087773182895, 0.00157293747179, 0.00135355838574, 0.000718812108971, 0.000581079744734, 0.000447999394964, 0.0006700810045, 0.000408825610066, 0.000308795861201, 0.000267196912318, 0.000251298770308, 0.000161547694006, 0.000122563331388, 0.000127765524667, 0.00015069913934, 0.000151612461195, 0.000150087493239, 5.88662551309e-05, 1.89217828961e-07],
        "dmean2": [0.000643756415229, 0.00795274786651, 0.00517522636801, 0.00151691713836, 0.00118793395814, 0.000862203130964, 0.000880061241332, 0.000702244928107, 0.00146785541438, 0.00260186591186, 0.0021992479451, 0.00116567476653, 0.000946715299506, 0.000743170967326, 0.001080612652, 0.000662398117129, 0.000515916617587, 0.000429260166129, 0.000406647479394, 0.000272048608167, 0.000202251889277, 0.000206104145036, 0.000241698289756, 0.000245251896558, 0.000233996513998, 8.98305661394e-05, 3.31644741891e-07],
        "dvar": [3.26122608385e-06, 0.000102573554614, 6.89860025886e-05, 5.46517594557e-06, 2.25355597649e-06, 9.8622126643e-07, 1.19866274417e-06, 1.06289860469e-06, 3.25851533489e-06, 9.05077467905e-06, 7.40261702958e-06, 2.60833076027e-06, 1.42574253914e-06, 9.64982632468e-07, 1.6436201804e-06, 8.54418033214e-07, 4.46894262041e-07, 1.93671084503e-07, 1.9628804182e-07, 6.87810057798e-08, 4.03397386606e-08, 5.9034668709e-08, 7.69172956439e-08, 8.85322393174e-08, 1.42753719956e-07, 1.44917322586e-08, 2.33691158872e-13],
        "dvar2": [8.97577956493e-06, 0.000210884958506, 0.000194189371541, 1.54904319061e-05, 6.34974367131e-06, 2.54834276348e-06, 2.94396431855e-06, 2.62662501882e-06, 9.04310309124e-06, 2.31998001254e-05, 1.82772491826e-05, 6.48073955745e-06, 3.3465018987e-06, 2.43246518039e-06, 3.96596760766e-06, 2.12188729165e-06, 1.19244032248e-06, 4.64560145019e-07, 4.68649375307e-07, 1.85512348594e-07, 1.06167370006e-07, 1.40055732345e-07, 1.83433229495e-07, 2.18114990957e-07, 3.2025030805e-07, 3.16748050011e-08, 6.29766150253e-13],
        "max": [0.1051761657, 0.12948051095, 0.0753803104162, 0.0354143641889, 0.026081584394, 0.0214551780373, 0.0239217672497, 0.0313233286142, 0.0445818826556, 0.0791994854808, 0.0451271049678, 0.0377421118319, 0.0314949825406, 0.0265931449831, 0.0337988436222, 0.0180926732719, 0.0172293614596, 0.00960962194949, 0.0185666140169, 0.00503907958046, 0.00335094868205, 0.00643061846495, 0.0068974182941, 0.00730563746765, 0.00896117463708, 0.00223231851123, 1.62100550369e-05],
        "mean": [0.000686801155098, 0.0130432210863, 0.00356964278035, 0.000892952259164, 0.000970370485447, 0.000823919544928, 0.00073388509918, 0.000634473282844, 0.00131247763056, 0.00253750314005, 0.00229387101717, 0.00121506804135, 0.00105361908209, 0.000714708818123, 0.00122112105601, 0.000704903155565, 0.00056290574139, 0.000552564917598, 0.000523646245711, 0.000336995813996, 0.000262475456111, 0.000291650008876, 0.000353266863385, 0.000362620077794, 0.000322498817695, 0.000128997038701, 1.550046278e-07],
        "median": [5.91632451687e-05, 0.00344473076984, 0.00101447664201, 0.000296119542327, 0.0004862495407, 0.000379258213798, 0.000310939532937, 0.000231476791669, 0.000567230163142, 0.00102353049442, 0.000691384193487, 0.000417175295297, 0.00044924984104, 0.000322007224895, 0.000511867750902, 0.000292386073852, 0.000263551482931, 0.000327799934894, 0.000332559167873, 0.000230805351748, 0.000172007203219, 0.000184126300155, 0.000222205970204, 0.000241122412262, 0.000172562387888, 5.97809448664e-05, 4.15783185659e-09],
        "min": [9.19098764115e-24, 1.17590809308e-23, 2.09908266483e-23, 1.07277409071e-22, 8.09655720445e-23, 2.28719838059e-23, 2.35166630258e-23, 2.72785134908e-23, 9.81744086088e-23, 7.30611668415e-23, 6.15669901359e-23, 5.89430115732e-23, 6.87134199158e-23, 9.13915364211e-23, 1.15593896278e-22, 1.92957384279e-22, 1.84870449285e-22, 2.33538219401e-22, 4.07635731728e-22, 3.13415068733e-22, 3.28360108002e-22, 4.53319158999e-22, 7.22625265854e-22, 8.95132409353e-22, 1.00564967647e-21, 1.91903458537e-21, 2.58866738154e-21],
        "var": [5.16516320204e-06, 0.00037706817966, 5.3797790315e-05, 3.8650669012e-06, 2.27428358812e-06, 1.81341590633e-06, 1.74799754404e-06, 1.89656213934e-06, 5.5710347624e-06, 1.75072964339e-05, 1.79939906957e-05, 6.98199210092e-06, 4.38188999397e-06, 1.66742063357e-06, 3.82792404707e-06, 1.78778645932e-06, 9.86379177448e-07, 5.43238684259e-07, 4.5653740699e-07, 1.42176872941e-07, 8.62560725068e-08, 1.37424123636e-07, 1.82493153034e-07, 1.95529239022e-07, 2.85626299501e-07, 3.70634545277e-08, 1.98153830584e-13]
    },
    "erbbands": {
        "dmean": [0.201476305723, 1.16380143166, 3.23427510262, 3.0814306736, 2.21652317047, 2.55667424202, 3.13446140289, 4.72506141663, 6.72141933441, 7.97417974472, 10.2679653168, 19.7169017792, 40.3052749634, 58.8891220093, 34.9784355164, 28.2664985657, 25.6865768433, 22.3460903168, 28.7107200623, 25.7867336273, 21.6776733398, 13.5923252106, 14.5971078873, 14.5338373184, 8.99612808228, 7.88157749176, 4.78217411041, 5.06680059433, 4.7432756424, 4.69076728821, 4.33935546875, 3.47427678108, 2.45851278305, 1.81322979927, 1.08607542515, 0.403059661388, 0.0879047140479, 0.00324616767466, 8.49172211019e-05, 1.54146473506e-05],
        "dmean2": [0.285078376532, 1.78991758823, 5.44429588318, 5.42952251434, 3.86231589317, 4.43157958984, 5.28629541397, 7.91728591919, 11.0299406052, 13.2139787674, 16.7031784058, 32.934879303, 67.2471542358, 96.5947113037, 56.9905281067, 45.8974952698, 41.5405349731, 36.5613212585, 46.1659355164, 41.573551178, 35.2901077271, 22.2445678711, 23.5142021179, 23.315574646, 14.8300533295, 13.3039493561, 8.02035427094, 8.2483625412, 7.63700962067, 7.56400966644, 6.95882797241, 5.64341831207, 3.92201113701, 2.87976408005, 1.69130575657, 0.617309391499, 0.135301366448, 0.00492673879489, 0.000127381208586, 2.37281183217e-05],
        "dvar": [0.225060731173, 4.78039169312, 71.1685791016, 69.953994751, 27.6109619141, 32.5973205566, 43.9975700378, 94.2619247437, 190.738449097, 348.469024658, 510.727294922, 1705.92712402, 7087.33007812, 12431.3974609, 5681.48388672, 4414.76025391, 2829.37353516, 1774.25354004, 2953.65893555, 2822.77319336, 2511.484375, 696.528564453, 695.238830566, 632.144104004, 208.403274536, 177.980270386, 64.6769485474, 69.5184555054, 82.1368026733, 77.6626434326, 66.5505599976, 42.7308044434, 25.2870960236, 18.6670055389, 10.032992363, 0.769987881184, 0.0497078336775, 5.94452285441e-05, 3.30719736041e-08, 4.2161968361e-10],
        "dvar2": [0.425338178873, 10.5045051575, 196.224060059, 194.82824707, 77.9866943359, 91.4432525635, 118.382881165, 239.251953125, 474.568084717, 900.408447266, 1217.6920166, 4745.81982422, 18553.7324219, 31063.5996094, 14790.2919922, 11176.8330078, 6542.30175781, 4396.29785156, 7040.96923828, 6753.8515625, 6230.01318359, 1760.70910645, 1672.67919922, 1521.5345459, 528.040039062, 481.648406982, 174.484222412, 176.444854736, 195.43963623, 186.417617798, 159.721160889, 110.718452454, 60.226398468, 43.6089668274, 22.9537963867, 1.68979310989, 0.100317962468, 0.000119097843708, 6.62761863168e-08, 9.30170607205e-10],
        "max": [4.96724128723, 29.8428020477, 79.8020248413, 99.1926879883, 111.261444092, 78.487953186, 144.894042969, 218.20664978, 350.597564697, 406.525299072, 862.971618652, 939.108154297, 1485.4354248, 2663.41918945, 1451.08276367, 1945.64746094, 1570.43041992, 997.839599609, 1007.93847656, 1291.28869629, 1048.15026855, 735.017578125, 600.039001465, 1102.20129395, 436.462768555, 231.585128784, 128.174728394, 163.614624023, 233.904724121, 226.309692383, 194.738189697, 170.442260742, 140.771209717, 144.210128784, 80.6276092529, 16.7838306427, 9.43455219269, 0.314611524343, 0.00646326504648, 0.000344218366081],
        "mean": [0.442101836205, 2.59442806244, 4.71375226974, 3.37987041473, 2.8215098381, 3.46799349785, 4.62876033783, 7.272564888, 9.77710056305, 11.2674427032, 16.2669029236, 30.7975292206, 66.0415725708, 105.25933075, 66.2153320312, 50.405582428, 49.7634506226, 41.7403907776, 54.0146369934, 50.1011161804, 41.7320137024, 28.6556282043, 31.6181526184, 31.6389369965, 19.6817340851, 16.0490112305, 10.0894823074, 11.074631691, 10.4344758987, 10.6823835373, 10.0250349045, 8.01236724854, 5.70329713821, 3.85349416733, 2.17871785164, 0.894223749638, 0.175430521369, 0.00630844477564, 0.000207626464544, 6.10756032984e-05],
        "median": [0.0626920387149, 0.908317625523, 1.77073872089, 1.25403523445, 1.3149702549, 1.5368527174, 1.97328794003, 3.41142773628, 4.21607255936, 4.83112955093, 6.47939538956, 14.5384721756, 27.3027114868, 39.0620880127, 24.6340408325, 19.9138526917, 23.2993049622, 23.300693512, 26.7446594238, 25.2721881866, 19.0104408264, 15.3740940094, 18.4070186615, 19.6785697937, 13.7100477219, 11.0356559753, 6.74838924408, 7.17122220993, 6.59547376633, 6.63436508179, 6.38341665268, 5.3204536438, 3.67304968834, 2.15684127808, 1.0718511343, 0.4343316257, 0.0727451443672, 0.00253486307338, 0.00011294077558, 5.32588237547e-05],
        "min": [6.86160252552e-22, 1.69659408642e-21, 1.53130776923e-20, 1.86412763685e-19, 4.79574555439e-19, 1.39169066782e-19, 1.28447526499e-19, 2.01556463223e-19, 3.04018498519e-19, 6.90342760457e-19, 3.08908092367e-19, 1.77489053934e-18, 2.7945531853e-18, 2.46812951762e-18, 2.197262195e-18, 2.16348179315e-18, 3.43435567562e-18, 2.75376015301e-18, 8.02625838787e-18, 4.26272101761e-18, 1.4100759305e-17, 1.04203233942e-17, 1.45149815773e-17, 2.12551916611e-17, 1.46761329042e-17, 1.42701344616e-17, 1.71942543229e-17, 1.18718260187e-17, 1.7475426248e-17, 1.59084351479e-17, 2.17754667597e-17, 1.53236763575e-17, 1.69260426637e-17, 1.002749863e-17, 8.48217304455e-18, 6.59333299916e-18, 3.64261762678e-18, 1.32384146242e-18, 3.35603666426e-19, 4.07996335825e-20],
        "var": [0.756381869316, 13.0621871948, 67.0327148438, 50.5053863525, 23.6623325348, 35.2635650635, 73.1609573364, 157.108581543, 280.663085938, 448.167449951, 1171.9901123, 2879.44433594, 13098.1503906, 29802.4101562, 14324.9707031, 11378.8564453, 9024.11523438, 3686.5065918, 6440.98046875, 6093.77539062, 5709.05566406, 1732.39331055, 1931.95507812, 1608.04052734, 471.897705078, 335.964813232, 123.16153717, 164.771591187, 178.647750854, 187.684921265, 149.955032349, 88.5027694702, 55.7329826355, 35.2495346069, 17.5694446564, 1.87238681316, 0.106166176498, 0.000125555452541, 8.52701305121e-08, 2.11483786039e-09]
    },
    "gfcc": {
        "mean": [28.1830482483, 62.3018226624, -134.380462646, 31.2103462219, -62.3837509155, 39.1640281677, -35.8373451233, 22.9484710693, -23.6902065277, 1.82242047787, -14.9905366898, 0.659218013287, -7.52034568787],
        "cov": [[6064.47705078, -974.914428711, 1651.01977539, 784.578552246, 592.599304199, 526.888122559, -207.960037231, 395.868164062, -396.924041748, 423.466491699, -294.38760376, 415.262634277, -350.977905273], [-974.914428711, 1008.97644043, 60.1432304382, 109.465873718, 85.3833465576, -33.9707069397, 76.696144104, -89.7669906616, 133.036727905, -75.5142593384, 175.339126587, -99.330291748, 115.454933167], [1651.01977539, 60.1432304382, 1603.15612793, 700.30291748, 484.808441162, 318.503631592, -48.5633125305, 211.181274414, -51.2036933899, 314.341583252, -41.758102417, 274.893798828, -122.722160339], [784.578552246, 109.465873718, 700.30291748, 557.553527832, 297.170440674, 178.218215942, 25.9584999084, 126.468414307, 41.2765235901, 125.868728638, 19.3508052826, 109.414833069, -16.0935325623], [592.599304199, 85.3833465576, 484.808441162, 297.170440674, 374.873504639, 198.067489624, 80.7751464844, 109.904685974, 13.4918498993, 128.652252197, 20.7835292816, 99.5133056641, -16.8923568726], [526.888122559, -33.9707069397, 318.503631592, 178.218215942, 198.067489624, 264.588134766, 116.917228699, 78.9919815063, -4.11696767807, 91.0958251953, 8.01848220825, 58.4546012878, -5.39010381699], [-207.960037231, 76.696144104, -48.5633125305, 25.9584999084, 80.7751464844, 116.917228699, 226.929153442, 39.3475036621, 52.3111495972, 23.5369853973, 18.0141925812, -15.1472082138, 35.5472450256], [395.868164062, -89.7669906616, 211.181274414, 126.468414307, 109.904685974, 78.9919815063, 39.3475036621, 166.450164795, 39.3357467651, 54.8509521484, -0.0516543351114, 60.4609375, -10.4409809113], [-396.924041748, 133.036727905, -51.2036933899, 41.2765235901, 13.4918498993, -4.11696767807, 52.3111495972, 39.3357467651, 149.264572144, 9.21362781525, 58.9453277588, -9.56314659119, 50.6209449768], [423.466491699, -75.5142593384, 314.341583252, 125.868728638, 128.652252197, 91.0958251953, 23.5369853973, 54.8509521484, 9.21362781525, 153.448272705, 5.54280090332, 82.7689666748, -28.5065631866], [-294.38760376, 175.339126587, -41.758102417, 19.3508052826, 20.7835292816, 8.01848220825, 18.0141925812, -0.0516543351114, 58.9453277588, 5.54280090332, 133.108413696, 4.55018043518, 51.8372955322], [415.262634277, -99.330291748, 274.893798828, 109.414833069, 99.5133056641, 58.4546012878, -15.1472082138, 60.4609375, -9.56314659119, 82.7689666748, 4.55018043518, 134.330566406, -1.01274323463], [-350.977905273, 115.454933167, -122.722160339, -16.0935325623, -16.8923568726, -5.39010381699, 35.5472450256, -10.4409809113, 50.6209449768, -28.5065631866, 51.8372955322, -1.01274323463, 109.050750732]],
        "icov": [[0.000530867255293, -0.000141925105709, 0.000414651702158, -0.000618699821644, 0.000140734147863, -0.000893946911674, 0.000870919611771, -0.0010074620368, 0.00127377314493, -0.000868306786288, 0.000732267682906, -0.000648377288599, 0.000659071432892], [-0.000141925105709, 0.00322001310997, -0.00223051197827, 0.000824621529318, -0.00177885720041, 0.00227986834943, -0.00185851671267, 0.00278983730823, -0.00197183410637, 0.0032565954607, -0.00356720504351, 0.00353148858994, -0.00204919744283], [0.000414651702158, -0.00223051197827, 0.00451051676646, -0.0031537276227, 0.000880007224623, -0.00301860342734, 0.00302085466683, -0.0026803323999, 0.0026781228371, -0.00472682435066, 0.0033849759493, -0.00437353085726, 0.0029239365831], [-0.000618699821644, 0.000824621529318, -0.0031537276227, 0.0062095541507, -0.00238767662086, 0.00122242199723, -0.00114009378012, 0.0013149875449, -0.00355721823871, 0.00313028437085, -0.0017534479266, 0.00229724682868, -0.00198456994258], [0.000140734147863, -0.00177885720041, 0.000880007224623, -0.00238767662086, 0.00791255477816, -0.00335708935745, -9.36920769163e-05, -0.00246192538179, 0.00184839777648, -0.00316199869849, 0.00103337294422, -0.0028526361566, 0.00162652030122], [-0.000893946911674, 0.00227986834943, -0.00301860342734, 0.00122242199723, -0.00335708935745, 0.0119061693549, -0.0067135617137, 0.00218377448618, -0.000550498603843, 0.00226034061052, -0.00412630150095, 0.00388067564927, -0.00319769163616], [0.000870919611771, -0.00185851671267, 0.00302085466683, -0.00114009378012, -9.36920769163e-05, -0.0067135617137, 0.0105986632407, -0.00373612716794, 0.000927632150706, -0.00458662724122, 0.00419157696888, -0.000700510165188, 0.000214565036003], [-0.0010074620368, 0.00278983730823, -0.0026803323999, 0.0013149875449, -0.00246192538179, 0.00218377448618, -0.00373612716794, 0.013696141541, -0.0074822679162, 0.00541564123705, -0.00289320992306, 0.000103723345092, -0.000497525557876], [0.00127377314493, -0.00197183410637, 0.0026781228371, -0.00355721823871, 0.00184839777648, -0.000550498603843, 0.000927632150706, -0.0074822679162, 0.016022304073, -0.0067836176604, 0.000112507143058, -0.000329846749082, -0.00135081459302], [-0.000868306786288, 0.0032565954607, -0.00472682435066, 0.00313028437085, -0.00316199869849, 0.00226034061052, -0.00458662724122, 0.00541564123705, -0.0067836176604, 0.0194533970207, -0.0054389629513, -0.00165525858756, 0.00133982207626], [0.000732267682906, -0.00356720504351, 0.0033849759493, -0.0017534479266, 0.00103337294422, -0.00412630150095, 0.00419157696888, -0.00289320992306, 0.000112507143058, -0.0054389629513, 0.0153190419078, -0.00476102670655, -0.000803288479801], [-0.000648377288599, 0.00353148858994, -0.00437353085726, 0.00229724682868, -0.0028526361566, 0.00388067564927, -0.000700510165188, 0.000103723345092, -0.000329846749082, -0.00165525858756, -0.00476102670655, 0.0205332729965, -0.00824600830674], [0.000659071432892, -0.00204919744283, 0.0029239365831, -0.00198456994258, 0.00162652030122, -0.00319769163616, 0.000214565036003, -0.000497525557876, -0.00135081459302, 0.00133982207626, -0.000803288479801, -0.00824600830674, 0.0177172832191]]
    },
    "melbands": {
        "dmean": [0.00163247413002, 0.00152377760969, 0.000504638650455, 0.000162027979968, 0.000106315375888, 0.000104671198642, 0.000105476727185, 8.51030345075e-05, 8.75299301697e-05, 0.000137633440318, 0.000204539785045, 0.000239832370426, 0.000141727097798, 8.60146610648e-05, 5.66036324017e-05, 6.5883359639e-05, 4.44921352027e-05, 4.5504883019e-05, 5.33375969098e-05, 2.95987374557e-05, 2.80110580206e-05, 1.74185424839e-05, 1.42999560921e-05, 1.23547006297e-05, 1.34621486723e-05, 8.90285991773e-06, 6.22565357844e-06, 5.49973719899e-06, 3.15715101351e-06, 3.35052277478e-06, 3.15078204949e-06, 2.87710963676e-06, 2.80938593278e-06, 2.90791422231e-06, 2.82790165329e-06, 2.37001131609e-06, 2.28984254136e-06, 1.90678861145e-06, 1.67913958649e-06, 1.63496940786e-06],
        "dmean2": [0.00231277314015, 0.00247515877709, 0.000882523134351, 0.000283187779132, 0.00017943191051, 0.000175075867446, 0.000173030857695, 0.000140491261845, 0.00014294659195, 0.000229574434343, 0.000340866507031, 0.000393731927034, 0.000230448451475, 0.000139201263664, 9.01266175788e-05, 0.000106776504254, 7.34324130462e-05, 7.32409462216e-05, 8.59647479956e-05, 4.85902237415e-05, 4.5767184929e-05, 2.87630591629e-05, 2.31700832956e-05, 1.99856294785e-05, 2.17122178583e-05, 1.45867552419e-05, 1.04914961412e-05, 9.33419778448e-06, 5.34456967216e-06, 5.59817999601e-06, 5.16330601386e-06, 4.71785278933e-06, 4.59737157144e-06, 4.73802992929e-06, 4.58909744339e-06, 3.82396501664e-06, 3.77964056497e-06, 3.0812584555e-06, 2.70669261226e-06, 2.61621948994e-06],
        "dvar": [1.10396858872e-05, 1.18308907986e-05, 1.7563769461e-06, 1.36625317282e-07, 4.7690303262e-08, 4.26414779042e-08, 4.47025456651e-08, 4.1765328973e-08, 3.57313112431e-08, 8.19448047196e-08, 1.81472870509e-07, 2.0781131127e-07, 8.46918482011e-08, 3.61013441363e-08, 1.67468545698e-08, 1.98151806075e-08, 8.22476575735e-09, 8.53012860347e-09, 1.31354029875e-08, 4.41116299044e-09, 4.52512871618e-09, 1.40117339953e-09, 6.95702329079e-10, 5.41687639188e-10, 5.85827442112e-10, 2.79948730864e-10, 1.0289084168e-10, 8.64606580775e-11, 2.66649671093e-11, 3.09559392009e-11, 2.79977117879e-11, 3.06843196685e-11, 2.80154718868e-11, 2.82197130247e-11, 3.01690998572e-11, 1.71666725973e-11, 2.15025722922e-11, 1.50573789548e-11, 1.43759535526e-11, 1.47912290055e-11],
        "dvar2": [2.18867353396e-05, 3.17842313962e-05, 4.86247381559e-06, 3.85977443784e-07, 1.29701703599e-07, 1.08331455806e-07, 1.10306785928e-07, 1.08754967698e-07, 8.70068106451e-08, 2.28254009471e-07, 4.73005769663e-07, 5.22718437423e-07, 2.15920607616e-07, 9.16600981782e-08, 3.86197953617e-08, 4.57212721017e-08, 2.04730703501e-08, 2.032461488e-08, 3.16937125433e-08, 1.11742828324e-08, 1.12792655216e-08, 3.51659190656e-09, 1.6789601931e-09, 1.25132848527e-09, 1.40975509044e-09, 6.67830513112e-10, 2.73449790589e-10, 2.35754415989e-10, 7.28552218554e-11, 8.28819304854e-11, 7.12421163729e-11, 7.51811113364e-11, 6.79766590239e-11, 6.93353499615e-11, 7.48297951381e-11, 4.28725180357e-11, 5.82243211977e-11, 3.60903459895e-11, 3.63609177489e-11, 3.44276135378e-11],
        "max": [0.0403588376939, 0.0369652733207, 0.017451968044, 0.0074257440865, 0.00410784455016, 0.00439019314945, 0.00541141582653, 0.00505347270519, 0.0066687213257, 0.00707624154165, 0.00755348056555, 0.0121295200661, 0.00587957911193, 0.00469702854753, 0.00335312471725, 0.00430760951713, 0.00238931481726, 0.00167122029234, 0.00372588052414, 0.00140522851143, 0.00135464058258, 0.00108133524191, 0.000735822832212, 0.000677600794006, 0.00106693094131, 0.000637751421891, 0.000225048119319, 0.000151747386553, 7.77432142058e-05, 8.58172570588e-05, 0.000111666493467, 0.000149351079017, 0.00013163893891, 0.000134546557092, 0.000152705630171, 9.36033247854e-05, 0.000149137209519, 8.80140505615e-05, 0.000163165997947, 9.38551238505e-05],
        "mean": [0.00370252714492, 0.00287288334221, 0.000594423792791, 0.000218115732423, 0.000161578995176, 0.000163454737049, 0.000154208042659, 0.000121570723422, 0.000133314155391, 0.000207369041163, 0.000325009634253, 0.000415654212702, 0.000251320161624, 0.000149490122567, 9.80318291113e-05, 0.000115865332191, 7.21380420146e-05, 7.70447732066e-05, 9.54876159085e-05, 4.98234294355e-05, 5.00037240272e-05, 3.11818439513e-05, 2.8395177651e-05, 2.47387979471e-05, 2.66685947281e-05, 1.63774384419e-05, 1.22518285934e-05, 1.01576333691e-05, 6.00062821832e-06, 6.39408608549e-06, 6.3614015744e-06, 5.76787397222e-06, 5.76328829993e-06, 6.04883234701e-06, 5.89956744079e-06, 5.26662506672e-06, 4.73898126074e-06, 4.06341132475e-06, 3.57760995939e-06, 3.1387467061e-06],
        "median": [0.00078561482951, 0.00143721909262, 0.000242464710027, 0.000108060041384, 7.32368644094e-05, 7.52485357225e-05, 6.81610836182e-05, 5.11026955792e-05, 4.92645413033e-05, 9.34717099881e-05, 0.000124035650515, 0.000148018123582, 8.40465945657e-05, 5.06318028783e-05, 4.04496749979e-05, 4.64160693809e-05, 3.44161926478e-05, 3.49101028405e-05, 3.77298092644e-05, 2.23415336222e-05, 1.99890910153e-05, 1.49297648022e-05, 1.54774825205e-05, 1.44791429193e-05, 1.52326401803e-05, 9.949424566e-06, 8.10607525636e-06, 6.56120391795e-06, 3.86701731259e-06, 3.95811093767e-06, 3.91443836634e-06, 3.50942127625e-06, 3.49957781509e-06, 3.61123011317e-06, 3.62737455362e-06, 3.41254076375e-06, 3.06351853396e-06, 2.55439863395e-06, 2.13323187381e-06, 1.65281414866e-06],
        "min": [5.55274497463e-24, 5.72512725407e-24, 4.60380265583e-23, 2.17515757063e-23, 4.54404983437e-24, 4.64177116229e-24, 4.39406252716e-24, 7.63066889114e-24, 1.75649701866e-24, 1.43599884674e-23, 1.51370464358e-23, 1.06829413385e-23, 8.59786915893e-24, 5.62777629634e-24, 6.26940262448e-24, 6.92209824886e-24, 4.70408644064e-24, 1.39231725184e-23, 7.55478441637e-24, 5.20936526107e-24, 1.94416805353e-23, 1.09580944446e-23, 9.22138008525e-24, 1.41307044676e-23, 1.83262817024e-23, 1.0981163104e-23, 7.34966717037e-24, 1.09746344912e-23, 1.15943068203e-23, 8.29565970158e-24, 6.35601245213e-24, 1.13102553633e-23, 7.72880239889e-24, 9.03968017523e-24, 1.24156672171e-23, 1.1462692478e-23, 8.69631978876e-24, 1.2374498933e-23, 1.00810278461e-23, 8.11153246656e-24],
        "var": [3.89705019188e-05, 1.60842937476e-05, 1.32239574668e-06, 1.26508908238e-07, 7.34596312668e-08, 7.48981037191e-08, 6.77089744272e-08, 5.34415072195e-08, 8.24717574233e-08, 1.36538531592e-07, 3.37766209668e-07, 4.81233144001e-07, 1.96428175059e-07, 9.72695701762e-08, 4.20353032382e-08, 5.98637370786e-08, 1.51931001113e-08, 1.62039359708e-08, 2.92236048693e-08, 8.63476135038e-09, 1.01847978939e-08, 2.88073365162e-09, 1.92950455613e-09, 1.30658039943e-09, 1.37925670884e-09, 5.15542608603e-10, 2.24324947506e-10, 1.48688505952e-10, 4.73817547697e-11, 5.61960096512e-11, 6.27005738996e-11, 5.99109789556e-11, 5.8194515179e-11, 6.40571345967e-11, 5.89899240566e-11, 3.81683122608e-11, 3.58043768245e-11, 2.99757683953e-11, 2.60793105861e-11, 2.64462705207e-11]
    },
    "mfcc": {
        "mean": [-605.946960449, 88.7706298828, -7.6949763298, 0.913967192173, 5.27070379257, 7.84107637405, 7.60636568069, 14.9657087326, 4.43606090546, 7.31622266769, 0.543376266956, -2.53033995628, -0.553005337715],
        "cov": [[4675.70556641, -741.74786377, 754.581115723, 487.481933594, 577.071105957, 290.838287354, 298.387634277, 135.024963379, 50.245426178, 19.1746673584, -22.3870010376, 14.9153385162, 127.610588074], [-741.74786377, 697.496154785, 97.5404281616, 65.7149505615, 67.7424316406, 32.9374580383, 33.2174568176, -17.544336319, -25.1819076538, 32.8899917603, 9.0009765625, 21.359003067, 9.19030761719], [754.581115723, 97.5404281616, 962.264587402, 471.559173584, 468.396362305, 244.580718994, 138.14352417, 60.9129371643, 57.2817878723, 18.3057289124, 94.6830749512, 99.2843704224, 112.202232361], [487.481933594, 65.7149505615, 471.559173584, 461.953948975, 332.717651367, 154.998809814, 94.861038208, 70.0893783569, 69.4704971313, 32.5070610046, 58.5431556702, 81.2730407715, 69.6429367065], [577.071105957, 67.7424316406, 468.396362305, 332.717651367, 436.279724121, 153.507553101, 113.061531067, 73.2621307373, 36.6938323975, 39.0178642273, 41.949848175, 75.4870834351, 103.714813232], [290.838287354, 32.9374580383, 244.580718994, 154.998809814, 153.507553101, 270.982940674, 158.052978516, 51.6366157532, 69.6232147217, 47.2454605103, 45.4661102295, 36.1225662231, 54.5849342346], [298.387634277, 33.2174568176, 138.14352417, 94.861038208, 113.061531067, 158.052978516, 207.411849976, 75.0325012207, 50.4876060486, 56.3496398926, 28.0163898468, 21.3831100464, 40.7075843811], [135.024963379, -17.544336319, 60.9129371643, 70.0893783569, 73.2621307373, 51.6366157532, 75.0325012207, 126.60307312, 66.3437652588, 35.8275184631, 30.7007446289, 19.6516590118, 21.0417900085], [50.245426178, -25.1819076538, 57.2817878723, 69.4704971313, 36.6938323975, 69.6232147217, 50.4876060486, 66.3437652588, 131.625289917, 41.5492095947, 38.2655563354, 26.8167457581, 12.7721385956], [19.1746673584, 32.8899917603, 18.3057289124, 32.5070610046, 39.0178642273, 47.2454605103, 56.3496398926, 35.8275184631, 41.5492095947, 92.0335159302, 36.6150817871, 17.1808605194, 16.3949623108], [-22.3870010376, 9.0009765625, 94.6830749512, 58.5431556702, 41.949848175, 45.4661102295, 28.0163898468, 30.7007446289, 38.2655563354, 36.6150817871, 92.1442108154, 44.9126396179, 15.4516153336], [14.9153385162, 21.359003067, 99.2843704224, 81.2730407715, 75.4870834351, 36.1225662231, 21.3831100464, 19.6516590118, 26.8167457581, 17.1808605194, 44.9126396179, 95.0614318848, 48.6346511841], [127.610588074, 9.19030761719, 112.202232361, 69.6429367065, 103.714813232, 54.5849342346, 40.7075843811, 21.0417900085, 12.7721385956, 16.3949623108, 15.4516153336, 48.6346511841, 101.081161499]],
