{
"lowlevel": {
    "average_loudness": 0.808762550354,
    "barkbands_crest": {
        "dmean": 3.00414633751,
        "dmean2": 4.93042469025,
        "dvar": 8.03487968445,
        "dvar2": 18.9496154785,
        "max": 25.1030693054,
        "mean": 9.56740665436,
        "median": 8.44162082672,
        "min": 2.00232243538,
        "var": 19.4134750366
    },
    "barkbands_flatness_db": {
        "dmean": 0.0211337320507,
        "dmean2": 0.0332083664834,
        "dvar": 0.000404288060963,
        "dvar2": 0.000924862280954,
        "max": 0.32915648818,
        "mean": 0.122218936682,
        "median": 0.116471864283,
        "min": 0.0235984623432,
        "var": 0.0015125721693
    },
    "barkbands_kurtosis": {
        "dmean": 2.22259879112,
        "dmean2": 3.5504488945,
        "dvar": 23.2197380066,
        "dvar2": 54.8453025818,
        "max": 141.903625488,
        "mean": 2.05986642838,
        "median": 0.523712158203,
        "min": -1.94205534458,
        "var": 35.3833084106
    },
    "barkbands_skewness": {
        "dmean": 0.559901595116,
        "dmean2": 0.852747380733,
        "dvar": 0.374877810478,
        "dvar2": 0.814020335674,
        "max": 11.5082845688,
        "mean": 1.15575993061,
        "median": 0.983101904392,
        "min": -3.44463896751,
        "var": 1.15692996979
    },
    "barkbands_spread": {
        "dmean": 7.31388044357,
        "dmean2": 11.3167066574,
        "dvar": 62.9552268982,
        "dvar2": 134.740768433,
        "max": 110.965484619,
        "mean": 29.3450813293,
        "median": 27.473033905,
        "min": 2.13214063644,
        "var": 220.250015259
    },
    "dissonance": {
        "dmean": 0.0163239575922,
        "dmean2": 0.0276737995446,
        "dvar": 0.000275391794275,
        "dvar2": 0.000748253485654,
        "max": 0.500000119209,
        "mean": 0.473380237818,
        "median": 0.480204969645,
        "min": 0.281310975552,
        "var": 0.000531023368239
    },
    "dynamic_complexity": 3.63492131233,
    "erbbands_crest": {
        "dmean": 2.76802635193,
        "dmean2": 4.512570858,
        "dvar": 6.84415626526,
        "dvar2": 17.0804386139,
        "max": 29.1793575287,
        "mean": 8.725938797,
        "median": 7.59855270386,
        "min": 2.26612925529,
        "var": 20.4912586212
    },
    "erbbands_flatness_db": {
        "dmean": 0.0170357618481,
        "dmean2": 0.0254186857492,
        "dvar": 0.000238904598518,
        "dvar2": 0.000501510628965,
        "max": 0.327134728432,
        "mean": 0.15106678009,
        "median": 0.142661437392,
        "min": 0.0288837458938,
        "var": 0.00228352495469
    },
    "erbbands_kurtosis": {
        "dmean": 0.973602354527,
        "dmean2": 1.54837405682,
        "dvar": 1.80703043938,
        "dvar2": 4.25927305222,
        "max": 22.2155323029,
        "mean": 0.663080513477,
        "median": 0.0823802947998,
        "min": -1.65270268917,
        "var": 4.31960391998
    },
    "erbbands_skewness": {
        "dmean": 0.356203407049,
        "dmean2": 0.546437144279,
        "dvar": 0.116829834878,
        "dvar2": 0.261099725962,
        "max": 4.24924612045,
        "mean": 0.154098555446,
        "median": 0.139574721456,
        "min": -3.7361266613,
        "var": 0.698660969734
    },
    "erbbands_spread": {
        "dmean": 8.93440055847,
        "dmean2": 13.7816944122,
        "dvar": 83.2534866333,
        "dvar2": 187.077590942,
        "max": 129.160095215,
        "mean": 38.2949523926,
        "median": 34.7562179565,
        "min": 5.17650651932,
        "var": 343.003479004
    },
    "hfc": {
        "dmean": 7.75544977188,
        "dmean2": 11.9161119461,
        "dvar": 96.5659942627,
        "dvar2": 235.839126587,
        "max": 149.321640015,
        "mean": 26.76745224,
        "median": 24.6668758392,
        "min": 1.20288432624e-16,
        "var": 389.490936279
    },
    "melbands_crest": {
        "dmean": 4.08623886108,
        "dmean2": 6.56441068649,
        "dvar": 14.9407196045,
        "dvar2": 34.6606216431,
        "max": 37.3754806519,
        "mean": 14.0841856003,
        "median": 12.7500505447,
        "min": 2.3629784584,
        "var": 37.2326278687
    },
    "melbands_flatness_db": {
        "dmean": 0.0264090467244,
        "dmean2": 0.0407027341425,
        "dvar": 0.000691176683176,
        "dvar2": 0.00145721575245,
        "max": 0.402815908194,
        "mean": 0.155755311251,
        "median": 0.147288396955,
        "min": 0.00898515619338,
        "var": 0.00252352724783
    },
    "melbands_kurtosis": {
        "dmean": 7.19820356369,
        "dmean2": 11.3655290604,
        "dvar": 275.312988281,
        "dvar2": 636.808959961,
        "max": 521.883056641,
        "mean": 10.4806404114,
        "median": 4.57987546921,
        "min": -1.81612813473,
        "var": 429.528869629
    },
    "melbands_skewness": {
        "dmean": 0.832207679749,
        "dmean2": 1.27179813385,
        "dvar": 0.947369217873,
        "dvar2": 2.04653477669,
        "max": 19.3079299927,
        "mean": 2.33035635948,
        "median": 1.8773086071,
        "min": -1.42650151253,
        "var": 3.12489271164
    },
    "melbands_spread": {
        "dmean": 9.82088088989,
        "dmean2": 15.12225914,
        "dvar": 151.630081177,
        "dvar2": 303.751831055,
        "max": 234.82510376,
        "mean": 32.0053291321,
        "median": 28.2590236664,
        "min": 1.0072478056,
        "var": 441.262237549
    },
    "pitch_salience": {
        "dmean": 0.0791324079037,
        "dmean2": 0.128206834197,
        "dvar": 0.00529748294502,
        "dvar2": 0.0128083974123,
        "max": 0.886859178543,
        "mean": 0.551651120186,
        "median": 0.562770485878,
        "min": 0.0791655555367,
        "var": 0.0144990319386
    },
    "silence_rate_20dB": {
        "dmean": 0,
        "dmean2": 0,
        "dvar": 0,
        "dvar2": 0,
        "max": 1,
        "mean": 1,
        "median": 1,
        "min": 1,
        "var": 0
    },
    "silence_rate_30dB": {
        "dmean": 0.0509302318096,
        "dmean2": 0.101872310042,
        "dvar": 0.0483361892402,
        "dvar2": 0.129637524486,
        "max": 1,
        "mean": 0.968026995659,
        "median": 1,
        "min": 0,
        "var": 0.0309494584799
    },
    "silence_rate_60dB": {
        "dmean": 0.0260465107858,
        "dmean2": 0.052099082619,
        "dvar": 0.0253662988544,
        "dvar2": 0.0579922907054,
        "max": 1,
        "mean": 0.107429370284,
        "median": 0,
        "min": 0,
        "var": 0.095884077251
    },
    "spectral_centroid": {
        "dmean": 282.811584473,
        "dmean2": 437.808074951,
        "dvar": 87597.359375,
        "dvar2": 179196.609375,
        "max": 10706.5234375,
        "mean": 1782.44042969,
        "median": 1725.02050781,
        "min": 256.629058838,
        "var": 331345.65625
    },
    "spectral_complexity": {
        "dmean": 4.38372087479,
        "dmean2": 6.73915576935,
        "dvar": 19.5865955353,
        "dvar2": 43.985080719,
        "max": 56,
        "mean": 21.9869785309,
        "median": 22,
        "min": 0,
        "var": 144.532562256
    },
    "spectral_decrease": {
        "dmean": 3.40788841591e-09,
        "dmean2": 5.13712095085e-09,
        "dvar": 3.52741709277e-17,
        "dvar2": 7.57125429161e-17,
        "max": 5.08415412663e-29,
        "mean": -7.39909733483e-09,
        "median": -5.395456526e-09,
        "min": -5.34535296026e-08,
        "var": 5.97737915988e-17
    },
    "spectral_energy": {
        "dmean": 0.0133296186104,
        "dmean2": 0.0200634989887,
        "dvar": 0.000519617518876,
        "dvar2": 0.00111760268919,
        "max": 0.206507980824,
        "mean": 0.030353827402,
        "median": 0.0228151697665,
        "min": 1.07186209177e-20,
        "var": 0.000919049954973
    },
    "spectral_energyband_high": {
        "dmean": 0.000513661711011,
        "dmean2": 0.000785758660641,
        "dvar": 7.75118166985e-07,
        "dvar2": 1.71903877799e-06,
        "max": 0.0209879726171,
        "mean": 0.00131518172566,
        "median": 0.000973118992988,
        "min": 7.58259180745e-21,
        "var": 2.13102907765e-06
    },
    "spectral_energyband_low": {
        "dmean": 0.00922320503742,
        "dmean2": 0.0142619917169,
        "dvar": 0.000437779992353,
        "dvar2": 0.000931889750063,
        "max": 0.179850369692,
        "mean": 0.0127650778741,
        "median": 0.0061140274629,
        "min": 1.80538580551e-23,
        "var": 0.000550578290131
    },
    "spectral_energyband_middle_high": {
        "dmean": 0.00258178077638,
        "dmean2": 0.00394075643271,
        "dvar": 1.0866437151e-05,
        "dvar2": 2.52552108577e-05,
        "max": 0.0695971921086,
        "mean": 0.00768760545179,
        "median": 0.00555563438684,
        "min": 1.68272083776e-21,
        "var": 5.89580522501e-05
    },
    "spectral_energyband_middle_low": {
        "dmean": 0.00475647160783,
        "dmean2": 0.00771211227402,
        "dvar": 4.88639489049e-05,
        "dvar2": 0.000127548570163,
        "max": 0.092614993453,
        "mean": 0.00935392361134,
        "median": 0.00634638266638,
        "min": 2.94262661914e-22,
        "var": 9.52148693614e-05
    },
    "spectral_entropy": {
        "dmean": 0.124290645123,
        "dmean2": 0.183965608478,
        "dvar": 0.0131300855428,
        "dvar2": 0.0274619925767,
        "max": 9.80565547943,
        "mean": 7.8909945488,
        "median": 7.91247701645,
        "min": 6.19303226471,
        "var": 0.0806436240673
    },
    "spectral_flux": {
        "dmean": 0.0310225579888,
        "dmean2": 0.0498305000365,
        "dvar": 0.00167200202122,
        "dvar2": 0.00385384866968,
        "max": 0.419275730848,
        "mean": 0.100188367069,
        "median": 0.0899134799838,
        "min": 1.03530774231e-10,
        "var": 0.00393737759441
    },
    "spectral_kurtosis": {
        "dmean": 0.870162546635,
        "dmean2": 1.44253242016,
        "dvar": 0.73537749052,
        "dvar2": 2.03731799126,
        "max": 14.4861297607,
        "mean": 2.85373616219,
        "median": 2.66482686996,
        "min": -1.27162802219,
        "var": 2.28604507446
    },
    "spectral_rms": {
        "dmean": 0.00102266401518,
        "dmean2": 0.0015005832538,
        "dvar": 1.85519786555e-06,
        "dvar2": 3.6946162254e-06,
        "max": 0.0141940545291,
        "mean": 0.00483764754608,
        "median": 0.0047179129906,
        "min": 3.23375809637e-12,
        "var": 6.21068602413e-06
    },
    "spectral_rolloff": {
        "dmean": 680.524658203,
        "dmean2": 1094.89746094,
        "dvar": 1090244.75,
        "dvar2": 2222465,
        "max": 18884.6191406,
        "mean": 2017.11865234,
        "median": 1701.12304688,
        "min": 21.533203125,
        "var": 2513403.5
    },
    "spectral_skewness": {
        "dmean": 0.158098518848,
        "dmean2": 0.247676357627,
        "dvar": 0.0199732407928,
        "dvar2": 0.0460108891129,
        "max": 2.55561900139,
        "mean": 1.3097499609,
        "median": 1.31761837006,
        "min": -0.137121856213,
        "var": 0.10174510628
    },
    "spectral_spread": {
        "dmean": 525564,
        "dmean2": 768519.375,
        "dvar": 515018260480,
        "dvar2": 941510295552,
        "max": 43169360,
        "mean": 5078274,
        "median": 4965908,
        "min": 2244744,
        "var": 1.75231900058e+12
    },
    "spectral_strongpeak": {
        "dmean": 0.61631411314,
        "dmean2": 1.04578173161,
        "dvar": 0.972664415836,
        "dvar2": 2.44807291031,
        "max": 14.6074752808,
        "mean": 0.964190661907,
        "median": 0.409323960543,
        "min": 0,
        "var": 1.70521366596
    },
    "zerocrossingrate": {
        "dmean": 0.0131582710892,
        "dmean2": 0.0152567587793,
        "dvar": 0.000235989311477,
        "dvar2": 0.000262359157205,
        "max": 0.56005859375,
        "mean": 0.0802084133029,
        "median": 0.0751953125,
        "min": 0.0068359375,
        "var": 0.00137606251519
    },
    "barkbands": {
        "dmean": [0.000730772735551, 0.00716664455831, 0.00233048945665, 0.00100898463279, 0.00166359485593, 0.000756754190661, 0.000870999065228, 0.00138918706216, 0.0013144396944, 0.000900438579265, 0.000423766148742, 0.000558633997571, 0.000620553386398, 0.000419278047048, 0.000401179218898, 0.000471573090181, 0.000330846291035, 0.000254143407801, 0.000225459676585, 0.000140284580993, 0.000121684322949, 0.000138035800774, 0.00013163035328, 8.93912438187e-05, 8.5357685748e-05, 3.40054066328e-05, 2.85488503948e-08],
        "dmean2": [0.0011792780133, 0.0111662885174, 0.00418807193637, 0.00176019582432, 0.00287399580702, 0.00124608876649, 0.00141410308424, 0.00228158128448, 0.00214328779839, 0.00142762344331, 0.000689071894158, 0.000888853392098, 0.000994438072667, 0.000681326549966, 0.000647428445518, 0.000742775970139, 0.000542013032828, 0.000418534735218, 0.000357383396477, 0.000233298662351, 0.00020302181656, 0.000223002571147, 0.000202781942789, 0.000139242809382, 0.000133559049573, 5.1535313105e-05, 5.08021180678e-08],
        "dvar": [4.34302683061e-06, 0.000299639330478, 3.21197076119e-05, 3.34698870574e-06, 1.44582872963e-05, 2.20826404984e-06, 2.71433077614e-06, 1.12286033982e-05, 9.52265327214e-06, 4.34032290286e-06, 1.03502839011e-06, 1.53674784542e-06, 1.63614083704e-06, 7.8191413877e-07, 6.94312063843e-07, 1.03751540337e-06, 3.40983092428e-07, 1.69180125908e-07, 1.49294834273e-07, 6.62690879949e-08, 3.44388872975e-08, 5.7174204926e-08, 9.53395655756e-08, 3.56307303662e-08, 3.24008304631e-08, 5.42264455561e-09, 2.07535523462e-14],
        "dvar2": [1.07809491965e-05, 0.000637914927211, 9.27032961044e-05, 9.35143179959e-06, 4.07518455177e-05, 5.64485571886e-06, 6.61080775899e-06, 2.82252804027e-05, 2.47881653195e-05, 1.06724401121e-05, 2.62135972662e-06, 3.80856704396e-06, 4.03953481509e-06, 1.88198578144e-06, 1.58799002747e-06, 2.44430657403e-06, 8.76127899119e-07, 4.3439101205e-07, 3.27475163431e-07, 1.66640376165e-07, 9.16451057265e-08, 1.35625612074e-07, 1.80316590104e-07, 7.61918599324e-08, 8.02375907938e-08, 1.29515491665e-08, 5.63410605605e-14],
        "max": [0.0723171904683, 0.165832951665, 0.0621122382581, 0.0221427865326, 0.0519469343126, 0.0332579053938, 0.02732626535, 0.0719966441393, 0.0606320947409, 0.0607986301184, 0.0226511377841, 0.0268205869943, 0.0335215851665, 0.0152328582481, 0.0176924318075, 0.0277560949326, 0.0123197380453, 0.0067670866847, 0.0117009924725, 0.00755385681987, 0.00287221861072, 0.00517562357709, 0.0124811343849, 0.00620938464999, 0.0040248632431, 0.00204203207977, 8.08034656075e-06],
        "mean": [0.00064898194978, 0.00873052980751, 0.00274147209711, 0.00116828887258, 0.00206627184525, 0.0010623827111, 0.00123504712246, 0.00183725194074, 0.00176705257036, 0.00160286820028, 0.000683174934238, 0.00081492762547, 0.000975147006102, 0.000639751320705, 0.000628785695881, 0.000860149448272, 0.000543748377822, 0.000437535432866, 0.000456507696072, 0.000269862735877, 0.000274069112493, 0.00028651021421, 0.000248245603871, 0.000177396155777, 0.000143517638207, 5.4331831052e-05, 2.08366532917e-08],
        "median": [2.6595320378e-05, 0.00267250114121, 0.000929259927943, 0.000507773715071, 0.000965990766417, 0.00040405234904, 0.000388218759326, 0.000284450594336, 0.00043406613986, 0.000293065386359, 0.00015629940026, 0.000213289182284, 0.000302090455079, 0.000220867121243, 0.00026505094138, 0.000300820334814, 0.000285837042611, 0.000250375276664, 0.000266581686446, 0.000177269044798, 0.000195281856577, 0.00019918216276, 0.000140000949614, 0.000107167041278, 7.19042436685e-05, 2.36744890572e-05, 1.13131404245e-09],
        "min": [9.17709895606e-24, 3.4282187057e-24, 5.91139466873e-24, 1.51917255406e-23, 1.59508101021e-23, 4.88381514503e-23, 6.05738079453e-23, 6.95555447093e-23, 5.64907017652e-23, 1.05936055231e-22, 1.07715005993e-22, 1.02815510817e-22, 1.4364666097e-22, 2.56814387136e-22, 1.37771792928e-22, 1.62423595242e-22, 1.49305923861e-22, 1.65943972229e-22, 2.25643400436e-22, 3.55946864159e-22, 5.15256730745e-22, 4.66314285572e-22, 5.17053162663e-22, 8.34895192579e-22, 9.02217162832e-22, 1.89349376837e-21, 2.40201052203e-21],
        "var": [4.77299636259e-06, 0.000351823196979, 2.53785074165e-05, 3.51342600879e-06, 1.3179207599e-05, 3.62971809409e-06, 5.05985235577e-06, 1.8674047169e-05, 1.28445235532e-05, 1.70891489688e-05, 2.63363085651e-06, 2.60906676885e-06, 3.27381599163e-06, 1.39157350532e-06, 1.33592754992e-06, 3.02406010633e-06, 6.15847739027e-07, 3.28069006628e-07, 4.0155899228e-07, 1.17698256474e-07, 7.45381711909e-08, 1.17703606861e-07, 2.34265229437e-07, 7.75151534071e-08, 5.18052871712e-08, 8.5994562582e-09, 1.41401444048e-14]
    },
    "erbbands": {
        "dmean": [0.307553499937, 1.41550731659, 2.60554552078, 3.23562502861, 3.8673582077, 6.47911024094, 6.57451057434, 6.18780136108, 11.342581749, 12.8898210526, 36.7095565796, 31.001083374, 20.0907878876, 31.0387248993, 14.1050281525, 24.2612133026, 26.6587657928, 22.1677322388, 21.4479026794, 18.4477443695, 24.7291622162, 14.9517259598, 14.7157459259, 10.2861299515, 11.3902273178, 6.24785995483, 4.99615526199, 5.12550926208, 5.06833124161, 4.25936079025, 3.66812419891, 2.22275948524, 1.4065015316, 0.919620752335, 0.654779136181, 0.255294412374, 0.0463925153017, 0.00120362383313, 4.30982690887e-05, 1.72916061274e-05],
        "dmean2": [0.480124861002, 2.36066603661, 4.72995376587, 5.69308614731, 6.63947105408, 11.3984594345, 10.9292268753, 10.230670929, 18.2858638763, 20.8609733582, 59.3656921387, 50.2788314819, 31.8476676941, 49.2578468323, 22.5865116119, 38.5473976135, 42.6454620361, 34.8782615662, 34.4411430359, 28.7722434998, 38.6711845398, 24.2407951355, 24.319683075, 16.6004772186, 17.9357967377, 10.3952112198, 8.44444847107, 8.45648860931, 8.21086025238, 6.69565343857, 5.65842103958, 3.49952483177, 2.19509243965, 1.44547641277, 1.03813111782, 0.392232090235, 0.0705981701612, 0.00180025945883, 6.33092713542e-05, 2.56143739534e-05],
        "dvar": [0.62654531002, 11.7271661758, 42.579334259, 43.2051925659, 62.9561042786, 257.370452881, 160.108917236, 182.215515137, 442.249694824, 763.675415039, 8179.19335938, 5248.67382812, 2176.44506836, 5879.16552734, 843.713562012, 2957.15771484, 3164.97021484, 2146.35058594, 1871.11108398, 1605.00769043, 2756.34179688, 680.432067871, 587.686645508, 248.494857788, 512.114868164, 113.444442749, 61.5311393738, 65.1668167114, 75.871673584, 85.9037246704, 78.1451187134, 22.8974533081, 8.79354095459, 4.42009305954, 1.97859239578, 0.290237694979, 0.0098926872015, 6.26191786068e-06, 6.67265487309e-09, 6.9848460349e-10],
        "dvar2": [1.31298267841, 30.1744747162, 124.150726318, 121.198890686, 174.170898438, 737.044311523, 418.973388672, 449.294921875, 1090.1418457, 1833.29614258, 20475.3007812, 13562.3222656, 5449.63378906, 14991.9257812, 2091.05786133, 7421.42382812, 7922.02636719, 4942.73828125, 4396.67333984, 3683.26586914, 6376.35498047, 1751.5592041, 1534.8536377, 628.88269043, 1046.93188477, 285.843475342, 170.741287231, 170.033660889, 183.470626831, 178.318832397, 142.245727539, 50.3910713196, 18.8472576141, 10.9177761078, 4.96723604202, 0.705431103706, 0.0231712237, 1.39686962939e-05, 1.50383172581e-08, 1.51058143771e-09],
        "max": [6.84910917282, 30.8862361908, 70.6614990234, 77.8258972168, 105.484230042, 203.240158081, 193.877700806, 273.267669678, 375.183074951, 571.192993164, 2028.52990723, 1242.66394043, 1055.02587891, 2286.98754883, 621.85534668, 1197.57495117, 1851.08850098, 978.976257324, 979.811584473, 1073.6595459, 1358.4074707, 628.047058105, 418.343109131, 257.033569336, 788.276184082, 243.525497437, 114.601051331, 147.601928711, 213.737167358, 417.145446777, 367.68737793, 118.7889328, 88.2763137817, 46.1315040588, 25.873046875, 14.7135438919, 2.44056773186, 0.0696354880929, 0.00234693405218, 0.000261955952737],
        "mean": [0.310817599297, 1.71234977245, 3.19217729568, 3.94030952454, 4.77251529694, 7.3385720253, 8.94387340546, 8.66192626953, 16.4562835693, 18.415391922, 49.6214981079, 43.5656471252, 32.9386901855, 58.3062820435, 25.8970031738, 36.591003418, 44.4136428833, 37.920425415, 35.5942802429, 34.1612510681, 47.8168830872, 28.3312263489, 25.8661460876, 20.3431682587, 22.7370033264, 12.7946538925, 10.9481258392, 11.155620575, 10.4645051956, 8.5288143158, 6.78171253204, 4.20869112015, 2.72256684303, 1.61583065987, 1.01247644424, 0.409346789122, 0.0711303129792, 0.00194518652279, 8.64253524924e-05, 4.4103275286e-05],
        "median": [0.0547437556088, 0.637551605701, 1.46972548962, 1.97675013542, 2.32507205009, 2.94590115547, 3.57297158241, 3.09120965004, 5.47064065933, 6.09198331833, 9.24904632568, 11.553404808, 9.43858909607, 10.8130149841, 8.53196525574, 10.8044528961, 15.5571680069, 13.4287118912, 16.4890518188, 13.9561796188, 18.5478305817, 16.0543823242, 15.3748636246, 11.9142427444, 13.6428833008, 8.69564437866, 7.65684843063, 7.8917350769, 7.27954816818, 5.12706518173, 3.71037197113, 2.47902703285, 1.59113776684, 0.806152701378, 0.466795116663, 0.189446389675, 0.0295824687928, 0.000834766949993, 5.1622508181e-05, 3.53658651875e-05],
        "min": [7.64734004642e-23, 9.02392252087e-22, 6.70935969144e-21, 3.05976176535e-20, 3.13332138626e-20, 1.00126574847e-19, 2.27538257962e-19, 3.63890218996e-19, 7.70091191614e-19, 9.34101358146e-19, 1.70668360417e-18, 1.36643640428e-18, 3.05174948714e-18, 1.93566239717e-18, 6.74888017745e-18, 3.72799466012e-18, 7.10172109877e-18, 1.17559098908e-17, 1.15003582308e-17, 6.7295588927e-18, 8.28796675316e-18, 8.74906783228e-18, 7.40450311737e-18, 1.2823225171e-17, 1.10424864648e-17, 1.84602211632e-17, 2.03061954685e-17, 1.99650562577e-17, 1.7342678649e-17, 1.11621910799e-17, 1.44125666913e-17, 1.30920687963e-17, 1.56885093298e-17, 9.21313435389e-18, 7.4533026376e-18, 6.73827448122e-18, 3.64711169905e-18, 1.59489138516e-18, 3.47709273745e-19, 3.10725421097e-20],
        "var": [0.673806965351, 11.4146976471, 32.0695610046, 39.0307769775, 62.6945037842, 215.145980835, 229.726470947, 327.274475098, 873.626098633, 1276.58544922, 13562.4384766, 7593.10498047, 4540.85839844, 25651.5761719, 2014.92297363, 4931.34082031, 6322.75732422, 4747.75537109, 3295.91650391, 4105.17041016, 8396.25390625, 1460.36877441, 1067.08544922, 599.390136719, 1317.94335938, 221.52822876, 121.439285278, 134.415222168, 148.694122314, 197.507507324, 195.548614502, 48.8659934998, 18.2879123688, 7.19845962524, 2.80023813248, 0.448877185583, 0.0157670453191, 1.09774773591e-05, 1.29576136487e-08, 1.49680889905e-09]
    },
    "gfcc": {
        "mean": [12.2737255096, 67.8851242065, -133.032409668, 39.5171737671, -67.1546401978, 26.9708213806, -41.7654647827, 15.0181875229, -25.2594261169, 3.93184065819, -21.0812416077, -2.97981071472, -12.1765975952],
        "cov": [[6518.9296875, -59.204750061, 1179.11303711, 445.199066162, 348.16305542, 66.4869766235, -186.027191162, 389.579498291, -70.8123855591, 412.055877686, -40.0843811035, 447.996154785, -273.658355713], [-59.204750061, 728.290527344, 79.5617980957, 50.8276405334, 136.426101685, -2.1695098877, 149.0859375, 36.1636428833, 100.26739502, -42.5958747864, 106.89289856, -7.12964296341, 69.6229324341], [1179.11303711, 79.5617980957, 1149.75402832, 535.694396973, 318.300964355, 138.55027771, -34.3935394287, 153.624267578, 15.3865261078, 231.810806274, 25.5896129608, 234.583694458, -10.1138372421], [445.199066162, 50.8276405334, 535.694396973, 643.711608887, 304.272857666, 104.613471985, -29.1229438782, 39.7726898193, 106.636856079, 90.453956604, 36.1234359741, 85.9429397583, 50.567741394], [348.16305542, 136.426101685, 318.300964355, 304.272857666, 393.87701416, 152.00692749, 57.5185775757, 113.364448547, 86.196685791, 87.4943771362, 27.1656246185, 88.084777832, 34.5525932312], [66.4869766235, -2.1695098877, 138.55027771, 104.613471985, 152.00692749, 250.008377075, 169.188339233, 82.4649887085, 26.3398284912, 34.9894752502, 18.8406028748, 19.4152107239, 3.39127731323], [-186.027191162, 149.0859375, -34.3935394287, -29.1229438782, 57.5185775757, 169.188339233, 295.336853027, 111.9974823, 27.8359031677, -18.1589984894, 41.2225608826, -11.7370643616, 14.3110790253], [389.579498291, 36.1636428833, 153.624267578, 39.7726898193, 113.364448547, 82.4649887085, 111.9974823, 188.688766479, 56.1020736694, 61.9169464111, 19.7030067444, 56.8152923584, -1.17505788803], [-70.8123855591, 100.26739502, 15.3865261078, 106.636856079, 86.196685791, 26.3398284912, 27.8359031677, 56.1020736694, 152.637054443, 30.508687973, 35.6377830505, -3.04480195045, 32.7939682007], [412.055877686, -42.5958747864, 231.810806274, 90.453956604, 87.4943771362, 34.9894752502, -18.1589984894, 61.9169464111, 30.508687973, 149.883590698, 23.1922912598, 65.0896453857, -18.9502716064], [-40.0843811035, 106.89289856, 25.5896129608, 36.1234359741, 27.1656246185, 18.8406028748, 41.2225608826, 19.7030067444, 35.6377830505, 23.1922912598, 92.2484741211, 27.244890213, 20.7979202271], [447.996154785, -7.12964296341, 234.583694458, 85.9429397583, 88.084777832, 19.4152107239, -11.7370643616, 56.8152923584, -3.04480195045, 65.0896453857, 27.244890213, 141.539169312, 18.1461200714], [-273.658355713, 69.6229324341, -10.1138372421, 50.567741394, 34.5525932312, 3.39127731323, 14.3110790253, -1.17505788803, 32.7939682007, -18.9502716064, 20.7979202271, 18.1461200714, 112.619926453]],
        "icov": [[0.000346665037796, -0.000466393190436, 0.000304357527057, -0.000485573429614, 0.000455607631011, -0.000464323587948, 0.000731370528229, -0.00100610172376, 0.000566508097108, -0.000553205434699, 0.000669934554026, -0.00106819940265, 0.000937172502745], [-0.000466393190436, 0.0041433381848, -0.00226025166921, 0.002371288836, -0.00334173603915, 0.00402673240751, -0.00406501069665, 0.00339291850105, -0.00283387908712, 0.00318564707413, -0.00432694330812, 0.00336856557988, -0.00188896234613], [0.000304357527057, -0.00226025166921, 0.00404782034457, -0.00341571890749, 0.00218878872693, -0.00266869366169, 0.00258636916988, -0.00319003360346, 0.00314585422166, -0.00377261568792, 0.00299233756959, -0.00419849250466, 0.00165400642436], [-0.000485573429614, 0.002371288836, -0.00341571890749, 0.0059427828528, -0.00406449148431, 0.00195698370226, -0.00200180429965, 0.00434252573177, -0.00415825052187, 0.00313488859683, -0.00324623240158, 0.00345627963543, -0.00235228682868], [0.000455607631011, -0.00334173603915, 0.00218878872693, -0.00406449148431, 0.00874770246446, -0.00590409804136, 0.00418310845271, -0.00482068397105, 0.00143840664532, -0.00317456619814, 0.0041880402714, -0.00458095222712, 0.00111829943489], [-0.000464323587948, 0.00402673240751, -0.00266869366169, 0.00195698370226, -0.00590409804136, 0.0134741114452, -0.00985782779753, 0.00468247337267, -0.00213857670315, 0.00153183401562, -0.00296595529653, 0.00401669181883, -0.00124777853489], [0.000731370528229, -0.00406501069665, 0.00258636916988, -0.00200180429965, 0.00418310845271, -0.00985782779753, 0.0136961070821, -0.00921611115336, 0.00395113602281, -0.000436308910139, 0.000546549097635, -0.00203142641112, 0.00160060590133], [-0.00100610172376, 0.00339291850105, -0.00319003360346, 0.00434252573177, -0.00482068397105, 0.00468247337267, -0.00921611115336, 0.0164730884135, -0.0073572373949, 0.00096884573577, -0.00140128971543, 0.0008671861724, -0.00167315534782], [0.000566508097108, -0.00283387908712, 0.00314585422166, -0.00415825052187, 0.00143840664532, -0.00213857670315, 0.00395113602281, -0.0073572373949, 0.0139144361019, -0.00469394121319, -0.000138797389809, 0.000614924530964, -0.000592688797042], [-0.000553205434699, 0.00318564707413, -0.00377261568792, 0.00313488859683, -0.00317456619814, 0.00153183401562, -0.000436308910139, 0.00096884573577, -0.00469394121319, 0.0154559416696, -0.00619445415214, 0.00148133607581, 0.000806184310932], [0.000669934554026, -0.00432694330812, 0.00299233756959, -0.00324623240158, 0.0041880402714, -0.00296595529653, 0.000546549097635, -0.00140128971543, -0.000138797389809, -0.00619445415214, 0.0196824278682, -0.00804202910513, 0.00140856008511], [-0.00106819940265, 0.00336856557988, -0.00419849250466, 0.00345627963543, -0.00458095222712, 0.00401669181883, -0.00203142641112, 0.0008671861724, 0.000614924530964, 0.00148133607581, -0.00804202910513, 0.01897989586, -0.00655821198598], [0.000937172502745, -0.00188896234613, 0.00165400642436, -0.00235228682868, 0.00111829943489, -0.00124777853489, 0.00160060590133, -0.00167315534782, -0.000592688797042, 0.000806184310932, 0.00140856008511, -0.00655821198598, 0.0141076482832]]
    },
    "melbands": {
        "dmean": [0.00226173945703, 0.0014910363825, 0.000536017003469, 0.00040271593025, 0.000225387004321, 0.000136257207487, 0.000176679212018, 0.000160582087119, 0.000304378423607, 0.000191553743207, 0.000103895399661, 0.00013363843027, 4.94743762829e-05, 6.26268811175e-05, 5.47133495274e-05, 6.6217915446e-05, 4.1289262299e-05, 3.67202410416e-05, 2.6365294616e-05, 3.23871936416e-05, 3.0897808756e-05, 1.83626489161e-05, 1.51130761878e-05, 1.23935669762e-05, 8.72566670296e-06, 9.94650781649e-06, 6.58580393065e-06, 4.11885275753e-06, 3.49192146132e-06, 3.27039629155e-06, 3.30052830577e-06, 3.25054361383e-06, 2.56691691902e-06, 2.56058046944e-06, 2.28913722822e-06, 1.89415027307e-06, 1.28872704863e-06, 1.05033257114e-06, 9.53819494498e-07, 7.66351718084e-07],
        "dmean2": [0.00350621598773, 0.00263790902682, 0.000939442310482, 0.000698371848557, 0.000378408993129, 0.000225462194066, 0.000285236776108, 0.000261191715254, 0.000488708959892, 0.000312769232551, 0.000164796161698, 0.000212369661313, 7.93851286289e-05, 9.94800138869e-05, 8.80516308825e-05, 0.000104848157207, 6.58995268168e-05, 5.95008023083e-05, 4.20812575612e-05, 5.12471560796e-05, 4.85162854602e-05, 2.98975719488e-05, 2.5078003091e-05, 2.06355889532e-05, 1.42488388519e-05, 1.58850743901e-05, 1.05644385258e-05, 6.93454467182e-06, 5.96131440034e-06, 5.47536546947e-06, 5.5030745898e-06, 5.33624006493e-06, 4.12813142248e-06, 4.05514037993e-06, 3.53273344444e-06, 3.06053607346e-06, 2.03963008971e-06, 1.65805010965e-06, 1.51408119109e-06, 1.2217639096e-06],
        "dvar": [3.14371136483e-05, 1.32996901812e-05, 1.0961263115e-06, 9.23479319681e-07, 1.89672746842e-07, 8.17897287675e-08, 1.07084105139e-07, 1.14902967141e-07, 5.49760386548e-07, 2.19777888333e-07, 5.87567612342e-08, 1.08497012263e-07, 1.15469704909e-08, 1.92798381704e-08, 1.29838904073e-08, 1.99142551338e-08, 7.86302933875e-09, 5.37761790653e-09, 3.39489703016e-09, 5.29172305974e-09, 4.27319379881e-09, 1.27842769704e-09, 6.87018386625e-10, 4.37172215095e-10, 1.95361893329e-10, 3.36427302683e-10, 2.13562639795e-10, 4.44134069799e-11, 3.17535650551e-11, 2.32696240748e-11, 2.73953065094e-11, 2.91236305905e-11, 2.45208124638e-11, 3.40169836743e-11, 3.23301350968e-11, 1.79360883784e-11, 8.32059768308e-12, 5.34242008271e-12, 4.33885739837e-12, 3.21530475855e-12],
        "dvar2": [6.43394305371e-05, 3.77677060897e-05, 3.07686832457e-06, 2.60450406131e-06, 5.10555878463e-07, 2.04194719799e-07, 2.63596660943e-07, 2.78434725942e-07, 1.36769324399e-06, 5.73919237468e-07, 1.4581337382e-07, 2.74796803978e-07, 2.88283139582e-08, 4.77958188583e-08, 3.26283604579e-08, 4.7732068964e-08, 1.84889046295e-08, 1.27893420299e-08, 7.61619745049e-09, 1.25405881235e-08, 1.00226325017e-08, 3.33555405518e-09, 1.81843329283e-09, 1.13765785681e-09, 5.04370267773e-10, 7.18607950922e-10, 4.41255698647e-10, 1.17859347282e-10, 8.92783139084e-11, 6.20492129899e-11, 7.16345940899e-11, 7.33137023312e-11, 5.73169393892e-11, 6.97168642261e-11, 5.69365006531e-11, 4.24688062495e-11, 1.87500570625e-11, 1.19152526387e-11, 1.0328716181e-11, 8.15719193581e-12],
        "max": [0.0522361323237, 0.0369595400989, 0.0116032185033, 0.0137391705066, 0.0057189585641, 0.00567536009476, 0.00577643606812, 0.00666662119329, 0.0169564299285, 0.00825554504991, 0.00578528363258, 0.00967600662261, 0.0023974548094, 0.00251249992289, 0.00269209616818, 0.00300069130026, 0.00160018540919, 0.00160253967624, 0.00161284918431, 0.00205211597495, 0.00150416849647, 0.000927805085666, 0.000712575798389, 0.000466449273517, 0.000222545946599, 0.000496201624628, 0.000604209897574, 0.00011928807362, 8.92237439984e-05, 8.95522316569e-05, 8.87972855708e-05, 0.000116585113574, 0.000142770179082, 0.000301767140627, 0.00025387579808, 0.000122559751617, 8.04335286375e-05, 7.16134381946e-05, 5.24377974216e-05, 4.40143339802e-05],
        "mean": [0.00258871819824, 0.00190708634909, 0.000686650921125, 0.000469483638881, 0.000305400055367, 0.000190678954823, 0.000255752616795, 0.000224925053772, 0.000407406769227, 0.000259935972281, 0.000162676442415, 0.000246605864959, 8.6613217718e-05, 9.32131297304e-05, 8.29402342788e-05, 0.000104755992652, 6.43918974674e-05, 5.65301779716e-05, 4.2765881517e-05, 5.55328952032e-05, 5.57491985091e-05, 3.06498222926e-05, 2.48472624662e-05, 2.01754246518e-05, 1.54486624524e-05, 1.89602851606e-05, 1.18318785098e-05, 7.72589555709e-06, 6.81171559336e-06, 6.66046162223e-06, 6.43121211397e-06, 6.21597291683e-06, 4.94215146318e-06, 4.68854977953e-06, 4.05051241614e-06, 3.19220839629e-06, 2.31995636568e-06, 1.93147889149e-06, 1.64901905464e-06, 1.26217378238e-06],
        "median": [0.000703896512277, 0.00110653589945, 0.000381108315196, 0.000192394014448, 0.000136816932354, 7.07251674612e-05, 8.37374245748e-05, 6.4238854975e-05, 7.34064233257e-05, 6.37962148176e-05, 4.18695490225e-05, 4.21220502176e-05, 2.33085993386e-05, 2.55768809438e-05, 2.80533458863e-05, 3.11974472424e-05, 2.05543019547e-05, 2.40155713982e-05, 1.76624234882e-05, 1.87654150068e-05, 2.12619488593e-05, 1.5750159946e-05, 1.37815013659e-05, 1.10211758511e-05, 8.11032805359e-06, 1.09140873974e-05, 6.7769733505e-06, 4.95851963933e-06, 4.5391243475e-06, 4.5807605602e-06, 4.41077008873e-06, 4.2052279241e-06, 3.03294245896e-06, 2.64100344793e-06, 2.11742712963e-06, 1.73239186552e-06, 1.32585819301e-06, 1.11460167318e-06, 8.57403733789e-07, 5.97214068421e-07],
        "min": [8.13467399703e-25, 2.60331632345e-24, 5.33990083607e-24, 4.36990208422e-24, 7.41922734727e-24, 8.3606673622e-24, 1.26649362191e-23, 1.00023097829e-23, 1.51424438221e-23, 7.58363937056e-24, 1.59525992386e-23, 7.95658204097e-24, 1.80274517252e-23, 1.5153656691e-23, 1.07695827206e-23, 1.43168125324e-23, 2.41280365382e-23, 2.0726127527e-23, 8.88262112444e-24, 8.45985952128e-24, 1.0755425034e-23, 1.00530011958e-23, 6.35450848881e-24, 6.80572075495e-24, 1.10231305042e-23, 8.5236444475e-24, 8.07020325487e-24, 1.37414773415e-23, 1.07024806343e-23, 1.5372952134e-23, 1.03630874293e-23, 1.02186596194e-23, 7.84254351965e-24, 6.14908989796e-24, 9.17356722578e-24, 7.9580524777e-24, 7.95404979746e-24, 1.02442021466e-23, 1.26189164405e-23, 5.83647615413e-24],
        "var": [3.65472078556e-05, 1.08938165795e-05, 1.0274103488e-06, 8.32938439999e-07, 2.3929626991e-07, 1.42625651733e-07, 2.09914091442e-07, 2.01932294885e-07, 9.04343266939e-07, 3.00044831647e-07, 1.29141639604e-07, 4.66747991368e-07, 3.25166702453e-08, 3.36451826399e-08, 2.22712941422e-08, 3.98792536771e-08, 1.57521196087e-08, 8.93553675496e-09, 6.9277654724e-09, 1.35349740304e-08, 1.17907905661e-08, 2.27265695152e-09, 1.09206299559e-09, 7.63671348381e-10, 4.07390760016e-10, 8.24915802333e-10, 4.79083439586e-10, 7.9697665134e-11, 5.39954261858e-11, 4.88461424086e-11, 5.00898766909e-11, 5.18700915553e-11, 4.91934964986e-11, 7.51131587484e-11, 8.12566403052e-11, 3.37642101778e-11, 1.57742638396e-11, 9.91192371236e-12, 7.43553309202e-12, 4.80641004427e-12]
    },
    "mfcc": {
        "mean": [-621.223205566, 90.5910797119, -6.19357156754, 14.1350069046, 1.06488239765, 7.83729553223, -1.76137912273, 5.76911830902, 2.52478170395, 3.44550251961, 1.05781197548, -0.898403644562, -3.6894402504],
        "cov": [[5384.96826172, 28.8547458649, 552.774108887, 471.396118164, 380.455810547, -2.88729953766, 1.74161267281, 118.519104004, -38.1895294189, -9.48452472687, 155.590072632, 199.924057007, 218.748046875], [28.8547458649, 654.125610352, -11.2257242203, 0.0779413282871, -10.188501358, -34.7215118408, 80.2206192017, 79.1095581055, 26.7504940033, 17.7258872986, 45.0816116333, 48.3079452515, 26.8371448517], [552.774108887, -11.2257242203, 738.841552734, 389.077575684, 273.362976074, 135.485580444, 66.5430679321, 19.7504863739, 35.8661460876, -1.00768816471, 36.4817771912, 77.5687408447, 113.723709106], [471.396118164, 0.0779413282871, 389.077575684, 522.827575684, 360.246154785, 132.895477295, 1.02680277824, 33.0248603821, 53.874786377, 30.1361675262, 19.4309825897, 39.8053817749, 122.07068634], [380.455810547, -10.188501358, 273.362976074, 360.246154785, 442.9347229, 149.452987671, 1.30473744869, 31.0706768036, 70.7554244995, 41.8208427429, 27.2969913483, 40.9782943726, 96.7532119751], [-2.88729953766, -34.7215118408, 135.485580444, 132.895477295, 149.452987671, 219.732299805, 101.712409973, 61.5354156494, 57.3657989502, 37.3468513489, 39.4258728027, 26.8917255402, 12.5724163055], [1.74161267281, 80.2206192017, 66.5430679321, 1.02680277824, 1.30473744869, 101.712409973, 240.881484985, 123.941337585, 72.2976455688, 41.420135498, 49.8800048828, 47.1342277527, 5.49661397934], [118.519104004, 79.1095581055, 19.7504863739, 33.0248603821, 31.0706768036, 61.5354156494, 123.941337585, 189.634033203, 79.6524429321, 48.7500152588, 43.268032074, 34.3392028809, 31.7781829834], [-38.1895294189, 26.7504940033, 35.8661460876, 53.874786377, 70.7554244995, 57.3657989502, 72.2976455688, 79.6524429321, 144.61505127, 64.1360092163, 23.0876636505, 29.7495803833, 30.2354831696], [-9.48452472687, 17.7258872986, -1.00768816471, 30.1361675262, 41.8208427429, 37.3468513489, 41.420135498, 48.7500152588, 64.1360092163, 117.760871887, 50.7661132812, 24.3329353333, 19.1452121735], [155.590072632, 45.0816116333, 36.4817771912, 19.4309825897, 27.2969913483, 39.4258728027, 49.8800048828, 43.268032074, 23.0876636505, 50.7661132812, 112.605865479, 55.3676795959, 8.69753360748], [199.924057007, 48.3079452515, 77.5687408447, 39.8053817749, 40.9782943726, 26.8917255402, 47.1342277527, 34.3392028809, 29.7495803833, 24.3329353333, 55.3676795959, 106.851570129, 45.8821601868], [218.748046875, 26.8371448517, 113.723709106, 122.07068634, 96.7532119751, 12.5724163055, 5.49661397934, 31.7781829834, 30.2354831696, 19.1452121735, 8.69753360748, 45.8821601868, 126.232818604]],
