{
"lowlevel": {
    "average_loudness": 0.804771661758,
    "barkbands_crest": {
        "dmean": 2.83483481407,
        "dmean2": 4.64412784576,
        "dvar": 6.50850200653,
        "dvar2": 16.0985031128,
        "max": 26.6235580444,
        "mean": 11.4011363983,
        "median": 10.7593832016,
        "min": 2.69769001007,
        "var": 18.0539951324
    },
    "barkbands_flatness_db": {
        "dmean": 0.02517542243,
        "dmean2": 0.0383792966604,
        "dvar": 0.00053026212845,
        "dvar2": 0.00121299631428,
        "max": 0.429794162512,
        "mean": 0.177878990769,
        "median": 0.169672876596,
        "min": 0.0512696877122,
        "var": 0.00289889401756
    },
    "barkbands_kurtosis": {
        "dmean": 6.1379699707,
        "dmean2": 9.81012248993,
        "dvar": 152.378768921,
        "dvar2": 390.571411133,
        "max": 474.6925354,
        "mean": 12.0881681442,
        "median": 7.39936494827,
        "min": -1.95265471935,
        "var": 312.477233887
    },
    "barkbands_skewness": {
        "dmean": 0.718185663223,
        "dmean2": 1.11552715302,
        "dvar": 0.608114957809,
        "dvar2": 1.43859744072,
        "max": 18.9471759796,
        "mean": 2.52959251404,
        "median": 2.42360544205,
        "min": -9.1980009079,
        "var": 2.80690002441
    },
    "barkbands_spread": {
        "dmean": 5.08721733093,
        "dmean2": 7.7719540596,
        "dvar": 60.7465019226,
        "dvar2": 107.726043701,
        "max": 107.875183105,
        "mean": 15.1995687485,
        "median": 12.1831188202,
        "min": 0.345336258411,
        "var": 179.896057129
    },
    "dissonance": {
        "dmean": 0.0225620474666,
        "dmean2": 0.0382116399705,
        "dvar": 0.000542826601304,
        "dvar2": 0.00144368119072,
        "max": 0.500000059605,
        "mean": 0.458567470312,
        "median": 0.465280681849,
        "min": 0,
        "var": 0.000976229144726
    },
    "dynamic_complexity": 3.5935382843,
    "erbbands_crest": {
        "dmean": 2.5417740345,
        "dmean2": 4.16663169861,
        "dvar": 6.14777517319,
        "dvar2": 14.7876024246,
        "max": 33.8686141968,
        "mean": 9.14358520508,
        "median": 7.68345737457,
        "min": 2.1473968029,
        "var": 26.2392311096
    },
    "erbbands_flatness_db": {
        "dmean": 0.0174500234425,
        "dmean2": 0.0248211473227,
        "dvar": 0.000274135265499,
        "dvar2": 0.00054283766076,
        "max": 0.519144356251,
        "mean": 0.155913487077,
        "median": 0.142414599657,
        "min": 0.0538486354053,
        "var": 0.00319010484964
    },
    "erbbands_kurtosis": {
        "dmean": 1.34687399864,
        "dmean2": 2.105427742,
        "dvar": 8.06508827209,
        "dvar2": 18.3215312958,
        "max": 96.0236358643,
        "mean": 1.59371197224,
        "median": 0.523023962975,
        "min": -1.82238352299,
        "var": 29.6534538269
    },
    "erbbands_skewness": {
        "dmean": 0.403856754303,
        "dmean2": 0.612426996231,
        "dvar": 0.188847646117,
        "dvar2": 0.385021060705,
        "max": 4.08878898621,
        "mean": 0.698824524879,
        "median": 0.786366760731,
        "min": -5.50196695328,
        "var": 0.804807543755
    },
    "erbbands_spread": {
        "dmean": 9.16278362274,
        "dmean2": 13.9428701401,
        "dvar": 103.721565247,
        "dvar2": 240.467880249,
        "max": 155.41116333,
        "mean": 42.71616745,
        "median": 39.3279495239,
        "min": 0.321725726128,
        "var": 464.588348389
    },
    "hfc": {
        "dmean": 6.40083408356,
        "dmean2": 8.77484989166,
        "dvar": 121.119338989,
        "dvar2": 211.145309448,
        "max": 176.324493408,
        "mean": 17.1800575256,
        "median": 10.4381866455,
        "min": 1.11926496899e-16,
        "var": 409.565643311
    },
    "melbands_crest": {
        "dmean": 3.58198928833,
        "dmean2": 5.79544401169,
        "dvar": 9.84337234497,
        "dvar2": 24.2489318848,
        "max": 37.9863166809,
        "mean": 15.8538780212,
        "median": 15.1381149292,
        "min": 2.26529479027,
        "var": 28.4774684906
    },
    "melbands_flatness_db": {
        "dmean": 0.0296532977372,
        "dmean2": 0.0447779484093,
        "dvar": 0.000788042496424,
        "dvar2": 0.00170648924541,
        "max": 0.508497595787,
        "mean": 0.242597788572,
        "median": 0.235898643732,
        "min": 0.00973320193589,
        "var": 0.00474972091615
    },
    "melbands_kurtosis": {
        "dmean": 12.5813245773,
        "dmean2": 20.3209686279,
        "dvar": 425.735412598,
        "dvar2": 1118.19580078,
        "max": 511.089660645,
        "mean": 27.4125480652,
        "median": 18.0996513367,
        "min": -1.86580979824,
        "var": 1005.58233643
    },
    "melbands_skewness": {
        "dmean": 0.92314106226,
        "dmean2": 1.4453163147,
        "dvar": 0.88162958622,
        "dvar2": 2.11965847015,
        "max": 15.3952579498,
        "mean": 3.59262228012,
        "median": 3.41734981537,
        "min": -8.3414773941,
        "var": 4.21140909195
    },
    "melbands_spread": {
        "dmean": 5.37905406952,
        "dmean2": 8.13068294525,
        "dvar": 118.037963867,
        "dvar2": 224.351989746,
        "max": 214.238693237,
        "mean": 13.7566823959,
        "median": 10.0392227173,
        "min": 0.37916636467,
        "var": 244.220428467
    },
    "pitch_salience": {
        "dmean": 0.0820140093565,
        "dmean2": 0.13413028419,
        "dvar": 0.00539174769074,
        "dvar2": 0.0135093266144,
        "max": 0.9890832901,
        "mean": 0.539720058441,
        "median": 0.545091032982,
        "min": 0.0523126535118,
        "var": 0.0155732966959
    },
    "silence_rate_20dB": {
        "dmean": 0,
        "dmean2": 0,
        "dvar": 0,
        "dvar2": 0,
        "max": 1,
        "mean": 1,
        "median": 1,
        "min": 1,
        "var": 0
    },
    "silence_rate_30dB": {
        "dmean": 0.0505267940462,
        "dmean2": 0.101065032184,
        "dvar": 0.047974653542,
        "dvar2": 0.11554633826,
        "max": 1,
        "mean": 0.949478924274,
        "median": 1,
        "min": 0,
        "var": 0.0479698292911
    },
    "silence_rate_60dB": {
        "dmean": 0.0140478080139,
        "dmean2": 0.0280987992883,
        "dvar": 0.0138514293358,
        "dvar2": 0.0307109318674,
        "max": 1,
        "mean": 0.0564114190638,
        "median": 0,
        "min": 0,
        "var": 0.0532213672996
    },
    "spectral_centroid": {
        "dmean": 196.221679688,
        "dmean2": 295.984375,
        "dvar": 98312.390625,
        "dvar2": 160367.921875,
        "max": 11082.8886719,
        "mean": 862.284240723,
        "median": 704.836181641,
        "min": 185.477661133,
        "var": 340745.46875
    },
    "spectral_complexity": {
        "dmean": 2.95366477966,
        "dmean2": 4.53467035294,
        "dvar": 11.8117647171,
        "dvar2": 23.261800766,
        "max": 52,
        "mean": 13.5737428665,
        "median": 12,
        "min": 0,
        "var": 63.6143226624
    },
    "spectral_decrease": {
        "dmean": 3.7251695062e-09,
        "dmean2": 5.6529425585e-09,
        "dvar": 2.85933739185e-17,
        "dvar2": 6.56884903205e-17,
        "max": -1.56315275227e-28,
        "mean": -9.12995457014e-09,
        "median": -6.31126084727e-09,
        "min": -5.93264637416e-08,
        "var": 7.75697089751e-17
    },
    "spectral_energy": {
        "dmean": 0.0144187025726,
        "dmean2": 0.0218126438558,
        "dvar": 0.000421627220931,
        "dvar2": 0.000965085870121,
        "max": 0.230546846986,
        "mean": 0.0360168851912,
        "median": 0.0252646598965,
        "min": 1.0742024313e-20,
        "var": 0.0011701262556
    },
    "spectral_energyband_high": {
        "dmean": 0.00051765027456,
        "dmean2": 0.000667916843668,
        "dvar": 2.14670944843e-06,
        "dvar2": 3.36515927302e-06,
        "max": 0.0273289009929,
        "mean": 0.000945498002693,
        "median": 0.000287649105303,
        "min": 8.13519934763e-21,
        "var": 5.52452229385e-06
    },
    "spectral_energyband_low": {
        "dmean": 0.0107464762405,
        "dmean2": 0.0169710051268,
        "dvar": 0.000325411820086,
        "dvar2": 0.000782997114584,
        "max": 0.190851345658,
        "mean": 0.0195659995079,
        "median": 0.00931749120355,
        "min": 6.02274033446e-23,
        "var": 0.000679904595017
    },
    "spectral_energyband_middle_high": {
        "dmean": 0.00113596220035,
        "dmean2": 0.0017487492878,
        "dvar": 3.84540771847e-06,
        "dvar2": 9.51623042056e-06,
        "max": 0.062714330852,
        "mean": 0.00294382800348,
        "median": 0.00168153760023,
        "min": 1.56554371658e-21,
        "var": 1.55688721861e-05
    },
    "spectral_energyband_middle_low": {
        "dmean": 0.00646289996803,
        "dmean2": 0.0100860605016,
        "dvar": 0.000109938860987,
        "dvar2": 0.000265151582425,
        "max": 0.156503349543,
        "mean": 0.0146890133619,
        "median": 0.00927013531327,
        "min": 2.49775046802e-22,
        "var": 0.000250777200563
    },
    "spectral_entropy": {
        "dmean": 0.17615903914,
        "dmean2": 0.256542950869,
        "dvar": 0.0287317447364,
        "dvar2": 0.055556666106,
        "max": 9.76560306549,
        "mean": 7.47881746292,
        "median": 7.5363612175,
        "min": 4.79317712784,
        "var": 0.225140094757
    },
    "spectral_flux": {
        "dmean": 0.0304131601006,
        "dmean2": 0.0467976294458,
        "dvar": 0.00124010466971,
        "dvar2": 0.00270530348644,
        "max": 0.386806935072,
        "mean": 0.0907274708152,
        "median": 0.0816736370325,
        "min": 1.03643739424e-10,
        "var": 0.00343022705056
    },
    "spectral_kurtosis": {
        "dmean": 1.3792746067,
        "dmean2": 2.23520088196,
        "dvar": 5.48050498962,
        "dvar2": 14.4363708496,
        "max": 81.8546295166,
        "mean": 4.0337562561,
        "median": 3.17063474655,
        "min": -1.23930728436,
        "var": 16.6556663513
    },
    "spectral_rms": {
        "dmean": 0.00108475156594,
        "dmean2": 0.0015895437682,
        "dvar": 1.41500424888e-06,
        "dvar2": 2.95525660476e-06,
        "max": 0.0149974580854,
        "mean": 0.00530066853389,
        "median": 0.00496472045779,
        "min": 3.23728652392e-12,
        "var": 7.04124704498e-06
    },
    "spectral_rolloff": {
        "dmean": 343.7472229,
        "dmean2": 580.43762207,
        "dvar": 818346.5625,
        "dvar2": 1487842.625,
        "max": 18044.8242188,
        "mean": 883.696838379,
        "median": 495.263671875,
        "min": 21.533203125,
        "var": 1703208.875
    },
    "spectral_skewness": {
        "dmean": 0.217067137361,
        "dmean2": 0.327450931072,
        "dvar": 0.0582875497639,
        "dvar2": 0.127103701234,
        "max": 7.89054250717,
        "mean": 1.66107344627,
        "median": 1.61205101013,
        "min": -0.352812170982,
        "var": 0.324781447649
    },
    "spectral_spread": {
        "dmean": 641832.3125,
        "dmean2": 934532.75,
        "dvar": 663603904512,
        "dvar2": 1.2308578304e+12,
        "max": 41199360,
        "mean": 5321348,
        "median": 5276194.5,
        "min": 782373.8125,
        "var": 2.82488471552e+12
    },
    "spectral_strongpeak": {
        "dmean": 0.333190143108,
        "dmean2": 0.56935441494,
        "dvar": 0.252367079258,
        "dvar2": 0.632249772549,
        "max": 9.1646938324,
        "mean": 0.608893990517,
        "median": 0.416807353497,
        "min": 0,
        "var": 0.40141543746
    },
    "zerocrossingrate": {
        "dmean": 0.0105416644365,
        "dmean2": 0.0122567117214,
        "dvar": 0.000213084567804,
        "dvar2": 0.000234064180404,
        "max": 0.54296875,
        "mean": 0.0464886575937,
        "median": 0.0400390625,
        "min": 0.00244140625,
        "var": 0.00111936684698
    },
    "barkbands": {
        "dmean": [0.000508856959641, 0.00735990563408, 0.00374794448726, 0.00275204028003, 0.00282400101423, 0.0014134143712, 0.000939569086768, 0.000763757852837, 0.000712619221304, 0.000525996030774, 0.000270950840786, 0.000210185346077, 0.000254677259363, 0.000243520524236, 0.000138038754812, 0.000110003027658, 9.0539593657e-05, 5.19798595633e-05, 5.73936740693e-05, 4.24136778747e-05, 8.35302125779e-05, 0.000176445842953, 0.000118398063933, 9.11696479307e-05, 7.44966237107e-05, 4.03808080591e-05, 8.88848905589e-09],
        "dmean2": [0.000845517206471, 0.011853531003, 0.00630985666066, 0.00458474084735, 0.00458310171962, 0.00234761228785, 0.00150893104728, 0.0012192154536, 0.00113351503387, 0.000835658691358, 0.000439345923951, 0.000345564330928, 0.000424890662543, 0.000394869712181, 0.000226995281992, 0.000175427936483, 0.000143903438584, 8.28532720334e-05, 8.99295409909e-05, 6.30343274679e-05, 0.000124795085867, 0.000240943394601, 0.000165512217791, 0.000127277977299, 0.000106964173028, 6.10321367276e-05, 1.60374042935e-08],
        "dvar": [5.72302860746e-06, 0.000236419509747, 5.01775684825e-05, 2.97409587802e-05, 2.93485281873e-05, 7.54900975153e-06, 4.57248779639e-06, 3.07891286866e-06, 2.85933947453e-06, 2.31431909015e-06, 3.97922349293e-07, 2.29738162716e-07, 3.02986535416e-07, 2.66063238996e-07, 1.00659299562e-07, 6.17082349663e-08, 4.57557831623e-08, 1.62207189902e-08, 1.95516083323e-08, 1.00434709438e-08, 7.70110943904e-08, 5.58844135412e-07, 1.56229319259e-07, 7.56960290005e-08, 3.52364359912e-08, 9.48353839902e-09, 2.56691090028e-15],
        "dvar2": [1.65445308085e-05, 0.00058797042584, 0.00013504124945, 7.78218600317e-05, 7.58801179472e-05, 2.06015338335e-05, 1.12428178909e-05, 7.2944162639e-06, 6.8810677476e-06, 6.27817507848e-06, 9.51361187163e-07, 5.53611357645e-07, 7.48173079046e-07, 6.59385761992e-07, 2.51094434134e-07, 1.46492197928e-07, 1.06406815803e-07, 4.18582217776e-08, 4.57409186083e-08, 2.05303845036e-08, 1.58607136314e-07, 9.88496935861e-07, 3.04112745653e-07, 1.35780013011e-07, 6.6843881541e-08, 2.19915161637e-08, 7.04527615988e-15],
        "max": [0.158997178078, 0.153359025717, 0.132402345538, 0.0865307599306, 0.0816867351532, 0.0650351047516, 0.0535809546709, 0.0288206152618, 0.0567961148918, 0.0564847700298, 0.0176522731781, 0.0117711033672, 0.0148590980098, 0.0130697200075, 0.00658371578902, 0.00544064911082, 0.00630495231599, 0.00403737276793, 0.00338964420371, 0.00248441076837, 0.00584596395493, 0.0186708252877, 0.00823909603059, 0.00648652669042, 0.00614028284326, 0.00118391169235, 1.62978983553e-06],
        "mean": [0.000627943139989, 0.0104238558561, 0.00658213114366, 0.00358146382496, 0.00469109090045, 0.00239297561347, 0.001451217453, 0.00114520930219, 0.00103837426286, 0.000819955545012, 0.000434133893577, 0.000307165377308, 0.0004095887125, 0.000380366109312, 0.000223489754717, 0.000180926319445, 0.000158085516887, 8.61665321281e-05, 9.77173403953e-05, 7.21329925e-05, 0.0001371132239, 0.000292099604849, 0.000190348830074, 0.00014526717132, 0.000106214713014, 4.17761912104e-05, 6.3831113728e-09],
        "median": [0.000145027035614, 0.00270519289188, 0.00282296072692, 0.0017727848608, 0.00222459575161, 0.00112357060425, 0.000399117474444, 0.000247657299042, 0.000291097298032, 0.000230628997087, 0.00017935843789, 9.81510820566e-05, 0.000127725608763, 0.000112867688586, 7.21268661437e-05, 6.06539906585e-05, 4.9300291721e-05, 2.79593823507e-05, 3.18190468533e-05, 2.3648761271e-05, 3.94817470806e-05, 6.60139994579e-05, 4.37562994193e-05, 3.73474831576e-05, 2.59004482359e-05, 6.11511723037e-06, 8.19623813264e-10],
        "min": [9.6749459179e-24, 9.09008207619e-24, 1.80036013046e-23, 5.85674443625e-23, 3.60196255907e-23, 5.59819913999e-24, 2.92062591958e-23, 3.64502489816e-23, 7.67999068375e-23, 6.51901083667e-23, 1.29980788058e-22, 5.40251264723e-23, 2.26095285206e-22, 4.7787555963e-23, 1.47559751848e-22, 1.46599411515e-22, 2.04347223086e-22, 1.64300150185e-22, 1.91677940243e-22, 4.62846528763e-22, 5.30493635927e-22, 5.2928936718e-22, 7.91852972593e-22, 1.01832708774e-21, 1.26654841934e-21, 2.21815912957e-21, 1.69382587885e-21],
        "var": [6.97170253261e-06, 0.000345100008417, 0.000119648684631, 3.24418324453e-05, 4.97825531056e-05, 1.29161608129e-05, 8.64497360453e-06, 6.2259355218e-06, 4.92909248351e-06, 4.23100891567e-06, 7.40373650387e-07, 4.42270390977e-07, 7.26704001863e-07, 5.70313318349e-07, 2.20369216208e-07, 1.34373706828e-07, 1.31968434403e-07, 3.54318601126e-08, 3.87475900254e-08, 2.2229661667e-08, 1.60107049396e-07, 1.20484639865e-06, 2.91919320716e-07, 1.44064571828e-07, 6.47011901833e-08, 1.09735163178e-08, 1.64893312034e-15]
    },
    "erbbands": {
        "dmean": [0.243654638529, 1.62122762203, 3.66214585304, 7.41946697235, 10.0031194687, 8.69890022278, 7.79523134232, 12.7047805786, 15.46367836, 13.780090332, 13.9429397583, 17.1234722137, 17.8819046021, 9.78093147278, 10.3399591446, 9.02366447449, 11.6011295319, 12.0380964279, 7.86903905869, 6.80714559555, 5.04487991333, 4.5990858078, 3.07476806641, 2.14365553856, 3.12497019768, 2.06089091301, 2.39762115479, 4.14333486557, 6.19052934647, 5.34370708466, 3.30964708328, 2.21808791161, 1.39368259907, 0.903236806393, 0.519923210144, 0.241799071431, 0.0646131783724, 0.00147738785017, 5.24271308677e-05, 1.91051276488e-05],
        "dmean2": [0.377818018198, 2.64910578728, 6.14894723892, 12.3069543839, 16.2705173492, 14.284740448, 12.9762573242, 21.2403488159, 24.5439014435, 22.2851829529, 21.7801856995, 27.1057891846, 28.3841362, 15.6516523361, 16.5028953552, 14.6639080048, 19.1499881744, 19.5273990631, 12.5900068283, 11.0244913101, 7.98150777817, 7.25141334534, 4.92796564102, 3.36182665825, 4.8155579567, 3.05650424957, 3.62261223793, 6.03800296783, 8.62777900696, 7.53807973862, 4.5839509964, 3.09367060661, 1.98581004143, 1.32283627987, 0.755772590637, 0.361293286085, 0.100436873734, 0.00226103886962, 7.77696914156e-05, 2.8124126402e-05],
        "dvar": [0.207388758659, 13.1988801956, 55.8361968994, 174.751464844, 487.512573242, 289.179840088, 249.626800537, 612.73840332, 1153.62719727, 1042.79919434, 1162.95898438, 1884.84448242, 2637.29418945, 676.842590332, 507.443237305, 408.201782227, 572.901916504, 806.476074219, 261.260559082, 272.946136475, 103.518829346, 108.811386108, 53.5044059753, 20.9615325928, 61.9397392273, 25.460817337, 50.9714660645, 218.362762451, 756.994934082, 435.516021729, 132.907852173, 46.2157249451, 18.4114818573, 7.21789121628, 1.34958183765, 0.286502063274, 0.0334203913808, 1.61022635439e-05, 1.51334909049e-08, 7.40312977587e-10],
        "dvar2": [0.483559310436, 33.4474334717, 150.339202881, 460.048706055, 1279.11071777, 755.380493164, 694.106018066, 1615.90478516, 2845.83569336, 2535.39282227, 2612.81958008, 4622.24658203, 7165.97119141, 1795.86804199, 1184.12402344, 995.456237793, 1451.28015137, 1918.59436035, 644.420349121, 644.257873535, 246.176300049, 244.797195435, 130.862289429, 49.1786956787, 141.624511719, 52.4859275818, 105.996734619, 419.527008057, 1409.47473145, 859.243530273, 260.141601562, 86.0479431152, 33.8271255493, 14.0592737198, 2.62658286095, 0.623738348484, 0.0826559066772, 3.90654677176e-05, 3.48386635096e-08, 1.59154012191e-09],
        "max": [5.32564687729, 37.1859359741, 135.677154541, 217.265991211, 410.251159668, 385.472595215, 376.651977539, 795.629089355, 957.320739746, 693.327636719, 810.054626465, 1545.91430664, 1666.92871094, 774.416259766, 733.739685059, 561.761901855, 476.727844238, 1164.77978516, 422.418121338, 467.229064941, 230.215805054, 331.724945068, 254.214263916, 130.575027466, 171.189666748, 131.606246948, 146.520446777, 330.817962646, 763.842712402, 574.912231445, 270.424804688, 154.743728638, 92.5841522217, 99.1833267212, 30.5263309479, 6.8016462326, 2.76808953285, 0.0539402216673, 0.00163229729515, 0.00033660363988],
        "mean": [0.371672332287, 2.12125229836, 6.19139575958, 11.6229000092, 14.5270462036, 14.6884250641, 13.6313591003, 21.1773605347, 24.8223648071, 21.2199897766, 23.0434093475, 25.5416526794, 28.3592357635, 17.1617431641, 17.624704361, 14.522644043, 19.8611545563, 19.5290756226, 13.3659992218, 12.325170517, 9.34568500519, 8.49825763702, 5.69295310974, 3.64082598686, 5.48268795013, 3.58332538605, 4.04571008682, 6.77726697922, 10.053771019, 8.5771074295, 5.23320102692, 3.50163531303, 2.16331171989, 1.31989562511, 0.687794327736, 0.276326268911, 0.0605260767043, 0.00144074065611, 7.02257384546e-05, 4.67893696623e-05],
        "median": [0.0810568779707, 0.583927631378, 2.48564958572, 6.66601705551, 5.79505348206, 7.25690841675, 7.54635047913, 9.94029808044, 8.47956085205, 5.81823158264, 5.44368505478, 7.40302753448, 8.14826774597, 5.60554075241, 7.75018882751, 5.44425678253, 6.65463495255, 6.17100906372, 4.82507610321, 3.96130037308, 3.39341306686, 2.77646398544, 1.89946246147, 1.29640436172, 1.75821495056, 1.16404223442, 1.28813576698, 1.8335609436, 2.31507253647, 1.88814556599, 1.19769358635, 0.862254142761, 0.542727589607, 0.311059236526, 0.158745855093, 0.0496112145483, 0.00654351012781, 0.000188577221707, 2.53094531217e-05, 3.27817469952e-05],
        "min": [4.18369137288e-22, 1.82546987599e-21, 1.59922543675e-20, 1.22960346357e-19, 1.77652171366e-19, 9.85993280179e-20, 5.70791199554e-20, 4.40479783104e-20, 2.30160885793e-19, 5.72468075602e-19, 1.52910033437e-18, 1.19100349388e-18, 9.65992789675e-19, 3.64913787796e-18, 5.27083580863e-18, 2.84622798535e-18, 8.4442666658e-18, 4.54499143856e-18, 4.37117556285e-18, 8.75015888351e-18, 9.61422265239e-18, 1.11711428285e-17, 7.52237635465e-18, 8.97057439261e-18, 1.33797249902e-17, 2.04267868213e-17, 2.11047721755e-17, 2.27315651251e-17, 1.8412324097e-17, 2.48073037348e-17, 1.98165012371e-17, 1.61523574757e-17, 1.82152268094e-17, 1.38900003024e-17, 9.88889376505e-18, 6.65490997832e-18, 4.61619307773e-18, 1.26696617787e-18, 2.54642226599e-19, 2.44524541087e-20],
        "var": [0.404621869326, 16.2233486176, 119.342987061, 248.735351562, 656.025390625, 525.452575684, 410.622802734, 1028.52966309, 2120.51831055, 1900.79174805, 3117.93554688, 2992.15454102, 4853.32421875, 1423.43029785, 1056.9675293, 828.907409668, 1582.05957031, 1746.51159668, 590.991699219, 822.08001709, 274.527526855, 335.562286377, 158.473434448, 38.65102005, 137.829940796, 56.433681488, 108.050559998, 473.70489502, 1510.61865234, 831.257751465, 235.977920532, 84.5261917114, 34.4226036072, 12.3127336502, 2.40509343147, 0.399769335985, 0.031724229455, 1.61757980095e-05, 1.88252471389e-08, 2.03393679676e-09]
    },
    "gfcc": {
        "mean": [-22.0106964111, 105.09122467, -103.951477051, 37.1221885681, -69.2213287354, 28.3407745361, -44.1118583679, 1.8451782465, -23.2118587494, 0.101931393147, -16.7161083221, -4.70501899719, -7.41698169708],
        "cov": [[7276.74169922, -1096.04418945, 1344.35839844, 343.432800293, -283.624359131, 262.555328369, -422.936553955, 600.192932129, -83.1694946289, 472.483856201, -364.003326416, 514.041809082, -465.871185303], [-1096.04418945, 1210.90246582, 309.758850098, 86.4154891968, 301.525848389, -44.8315429688, 140.255310059, -184.831268311, 110.363082886, -72.2425994873, 214.082458496, -73.181930542, 121.943244934], [1344.35839844, 309.758850098, 1622.76025391, 536.46887207, 305.024291992, 157.236862183, -147.13923645, 78.6059341431, -32.1253051758, 298.619384766, 28.0252227783, 296.012878418, -98.254737854], [343.432800293, 86.4154891968, 536.46887207, 545.660827637, 134.713012695, 60.387462616, -24.1104660034, -24.1870956421, 50.7489509583, 51.09897995, 50.4070739746, 87.3457565308, 28.9190425873], [-283.624359131, 301.525848389, 305.024291992, 134.713012695, 361.423980713, 81.8034820557, 58.7646102905, 8.01970386505, 34.7788658142, 85.6008682251, 73.4290618896, 40.5714225769, 39.2930908203], [262.555328369, -44.8315429688, 157.236862183, 60.387462616, 81.8034820557, 210.02734375, 74.38671875, 78.649848938, 39.9280700684, 75.4096908569, 31.7932872772, 52.851776123, 16.8224830627], [-422.936553955, 140.255310059, -147.13923645, -24.1104660034, 58.7646102905, 74.38671875, 246.120025635, 35.375213623, 49.787727356, -16.2541370392, 74.7084197998, -13.7047863007, 57.1104049683], [600.192932129, -184.831268311, 78.6059341431, -24.1870956421, 8.01970386505, 78.649848938, 35.375213623, 229.034423828, 51.3184585571, 84.664680481, -30.2149085999, 84.2477874756, -10.5653467178], [-83.1694946289, 110.363082886, -32.1253051758, 50.7489509583, 34.7788658142, 39.9280700684, 49.787727356, 51.3184585571, 147.40473938, 12.7989826202, 52.7845230103, -2.54933714867, 59.7145423889], [472.483856201, -72.2425994873, 298.619384766, 51.09897995, 85.6008682251, 75.4096908569, -16.2541370392, 84.664680481, 12.7989826202, 191.526672363, 22.7789516449, 103.323875427, -36.7187690735], [-364.003326416, 214.082458496, 28.0252227783, 50.4070739746, 73.4290618896, 31.7932872772, 74.7084197998, -30.2149085999, 52.7845230103, 22.7789516449, 145.240249634, 10.3671655655, 51.092716217], [514.041809082, -73.181930542, 296.012878418, 87.3457565308, 40.5714225769, 52.851776123, -13.7047863007, 84.2477874756, -2.54933714867, 103.323875427, 10.3671655655, 157.42767334, -13.0849571228], [-465.871185303, 121.943244934, -98.254737854, 28.9190425873, 39.2930908203, 16.8224830627, 57.1104049683, -10.5653467178, 59.7145423889, -36.7187690735, 51.092716217, -13.0849571228, 126.124404907]],
        "icov": [[0.000390479603084, -0.000230459161685, 0.000104816732346, -0.000372902519302, 0.00050776131684, -0.000513007282279, 0.000479641690617, -0.000729334249627, 2.75196689472e-05, -0.000290320109343, 0.000595370132942, -0.000659259036183, 0.00105713272933], [-0.000230459161685, 0.00345188099891, -0.00227566459216, 0.00215198285878, -0.00205659167841, 0.0023017283529, -0.00195116805844, 0.00239321799017, -0.00282169529237, 0.00287861423567, -0.00298369396478, 0.00188905315008, -0.00145856861491], [0.000104816732346, -0.00227566459216, 0.00337896356359, -0.0026313343551, 0.000413340894738, -0.00194422784261, 0.00207074964419, -0.00126708694734, 0.00229775090702, -0.0027485776227, 0.00189386110287, -0.00301125086844, 0.00194210198242], [-0.000372902519302, 0.00215198285878, -0.0026313343551, 0.00485039968044, -0.0016639403766, 0.00139543146361, -0.00142465962563, 0.00295093283057, -0.00328786880709, 0.00300803710707, -0.00198904122226, 0.000661572441459, -0.00208873022348], [0.00050776131684, -0.00205659167841, 0.000413340894738, -0.0016639403766, 0.00590867409483, -0.00203153281473, 0.000511849240866, -0.00179234030657, 0.00180906336755, -0.00344645720907, 0.00145844521467, -9.68598760664e-05, 0.000154985391418], [-0.000513007282279, 0.0023017283529, -0.00194422784261, 0.00139543146361, -0.00203153281473, 0.00912289880216, -0.00377601734363, 0.000715549802408, -0.00200604298152, 0.000209572070162, -0.00218988442793, 0.00212966720574, -0.00265020458028], [0.000479641690617, -0.00195116805844, 0.00207074964419, -0.00142465962563, 0.000511849240866, -0.00377601734363, 0.00825221836567, -0.00367309665307, 0.00200357614085, -0.000136128321174, -0.00132903328631, -0.0014392954763, 0.00129862455651], [-0.000729334249627, 0.00239321799017, -0.00126708694734, 0.00295093283057, -0.00179234030657, 0.000715549802408, -0.00367309665307, 0.01185182482, -0.00627010362223, 0.000183575597475, 0.0019776772242, -0.00268749799579, -0.00161048723385], [2.75196689472e-05, -0.00282169529237, 0.00229775090702, -0.00328786880709, 0.00180906336755, -0.00200604298152, 0.00200357614085, -0.00627010362223, 0.0144277103245, -0.00353206903674, -0.00155172648374, 0.00221440009773, -0.00335568515584], [-0.000290320109343, 0.00287861423567, -0.0027485776227, 0.00300803710707, -0.00344645720907, 0.000209572070162, -0.000136128321174, 0.000183575597475, -0.00353206903674, 0.0145527981222, -0.00527228228748, -0.00258433376439, 0.00221302686259], [0.000595370132942, -0.00298369396478, 0.00189386110287, -0.00198904122226, 0.00145844521467, -0.00218988442793, -0.00132903328631, 0.0019776772242, -0.00155172648374, -0.00527228228748, 0.0156044876203, -0.00419029640034, 6.42342638457e-05], [-0.000659259036183, 0.00188905315008, -0.00301125086844, 0.000661572441459, -9.68598760664e-05, 0.00212966720574, -0.0014392954763, -0.00268749799579, 0.00221440009773, -0.00258433376439, -0.00419029640034, 0.0168985147029, -0.00493655633181], [0.00105713272933, -0.00145856861491, 0.00194210198242, -0.00208873022348, 0.000154985391418, -0.00265020458028, 0.00129862455651, -0.00161048723385, -0.00335568515584, 0.00221302686259, 6.42342638457e-05, -0.00493655633181, 0.0165126975626]]
    },
    "melbands": {
        "dmean": [0.00210138550028, 0.00188088777941, 0.00128554424737, 0.000684850092512, 0.000289101037197, 0.000285831221845, 0.000222530390602, 0.000156653884915, 0.000116188311949, 0.000106227242213, 8.95329212653e-05, 4.20973810833e-05, 3.76520329155e-05, 2.45989194809e-05, 2.6464504117e-05, 2.26858210226e-05, 2.47102525464e-05, 1.4328727957e-05, 9.77351010079e-06, 9.03807631403e-06, 5.92849801251e-06, 5.17118451171e-06, 4.24131440013e-06, 2.23833376367e-06, 1.73984415142e-06, 2.62716594079e-06, 1.88865885775e-06, 1.35143682201e-06, 1.34076367431e-06, 2.08258484236e-06, 2.61918171418e-06, 3.53105360773e-06, 4.0291647565e-06, 2.68483177024e-06, 2.15090517486e-06, 1.45108526795e-06, 1.39491953632e-06, 1.03420632058e-06, 9.14184397516e-07, 7.2336354151e-07],
        "dmean2": [0.00332670845091, 0.0030971148517, 0.00210715574212, 0.00111635809299, 0.000477333553135, 0.000474298838526, 0.000352292408934, 0.000253188220086, 0.000181299241376, 0.000168670027051, 0.000142343225889, 6.79040167597e-05, 6.0745904193e-05, 4.02251243941e-05, 4.32540182373e-05, 3.77096039301e-05, 4.0249338781e-05, 2.3004347895e-05, 1.60541112564e-05, 1.45715966937e-05, 9.45588180912e-06, 8.23431946628e-06, 6.79583354213e-06, 3.60050353265e-06, 2.77111143987e-06, 4.20501510234e-06, 2.89768195216e-06, 2.05627225114e-06, 2.08404344448e-06, 3.18773368235e-06, 3.83698898077e-06, 5.09724077347e-06, 5.77794480705e-06, 3.89868819184e-06, 3.08251446768e-06, 2.05375818041e-06, 2.0013555968e-06, 1.50322318859e-06, 1.35488755859e-06, 1.07736263999e-06],
        "dvar": [1.72557301994e-05, 1.46697029777e-05, 5.24402867086e-06, 2.03813760891e-06, 2.79729306385e-07, 2.93326735346e-07, 2.3407289973e-07, 1.36187196631e-07, 8.18721943574e-08, 7.4560119856e-08, 6.81438478978e-08, 1.35171163151e-08, 7.95329935244e-09, 2.91971424815e-09, 3.05957614799e-09, 2.52472176498e-09, 3.35265148976e-09, 8.96898000313e-10, 5.51234780044e-10, 4.64893623597e-10, 1.61070892735e-10, 1.29857999354e-10, 1.39226005724e-10, 2.38289735166e-11, 1.46315806693e-11, 4.76587692921e-11, 2.17217771548e-11, 1.23199714319e-11, 1.36063209311e-11, 4.88671325627e-11, 9.04941399593e-11, 2.57215360122e-10, 3.15791059968e-10, 9.985762911e-11, 6.79409931093e-11, 1.98877095348e-11, 1.85020471166e-11, 9.98168041277e-12, 8.69342792198e-12, 4.64857015728e-12],
        "dvar2": [4.16640759795e-05, 3.79317680199e-05, 1.37344368341e-05, 5.25755604031e-06, 7.61021851758e-07, 7.76796809987e-07, 5.77019079628e-07, 3.30918282998e-07, 1.82118284897e-07, 1.84143146953e-07, 1.85547577303e-07, 3.58946401491e-08, 1.86402306923e-08, 6.9130599023e-09, 7.51357909223e-09, 6.02032690367e-09, 8.20661050227e-09, 2.1888437729e-09, 1.38694356e-09, 1.10183351332e-09, 3.87307630412e-10, 3.04788833061e-10, 3.32433774952e-10, 5.80620621027e-11, 3.48121080573e-11, 1.15266164669e-10, 4.82916970301e-11, 2.70715273115e-11, 2.99503581658e-11, 1.05953128215e-10, 1.75446865369e-10, 5.21552523391e-10, 6.18087581117e-10, 2.09824227437e-10, 1.42578102102e-10, 3.84961958144e-11, 3.52955997762e-11, 1.8906008703e-11, 1.75093758936e-11, 9.48318940736e-12],
        "max": [0.0380654856563, 0.0514291748405, 0.0340025983751, 0.0224741697311, 0.010493433103, 0.0155294137076, 0.0124472249299, 0.00690929265693, 0.00673234649003, 0.0105605674908, 0.00864088255912, 0.00360511569306, 0.00253314198926, 0.00143776345067, 0.00149148551282, 0.00207171798684, 0.00193752907217, 0.000817747903056, 0.000489420082886, 0.000571742013562, 0.000345348991686, 0.000312325253617, 0.000385193707189, 0.000145885976963, 0.000114415634016, 0.000161179283168, 9.11161187105e-05, 9.89707987173e-05, 7.97824322945e-05, 0.000160937401233, 0.000234899416682, 0.000437277485617, 0.000427862687502, 0.000284426787402, 0.000194119929802, 9.39541059779e-05, 9.90438711597e-05, 7.64860087656e-05, 7.39115057513e-05, 8.92386015039e-05],
        "mean": [0.00310095446184, 0.00313512259163, 0.00211013364606, 0.00109276734293, 0.000530870165676, 0.000484741321998, 0.000358576042345, 0.000233710859902, 0.000188501377124, 0.000154506153194, 0.000139425494126, 6.94862683304e-05, 6.15022581769e-05, 3.79250268452e-05, 4.30086984125e-05, 3.65575360775e-05, 3.77684227715e-05, 2.27502332564e-05, 1.55730285769e-05, 1.53419823619e-05, 1.02290478026e-05, 8.85752524482e-06, 7.45062379792e-06, 3.5178707094e-06, 2.67246014118e-06, 4.25610096499e-06, 3.2375921819e-06, 2.1212701995e-06, 2.08925484912e-06, 3.31405317411e-06, 4.08636879001e-06, 5.40060636922e-06, 6.2555200202e-06, 4.15722706748e-06, 3.22309711009e-06, 2.23709503189e-06, 2.09657014238e-06, 1.54873544034e-06, 1.31914987378e-06, 1.00943964298e-06],
        "median": [0.000786614487879, 0.00125987757929, 0.00126594700851, 0.000443630269729, 0.000314017059281, 0.00022810108203, 0.000117839415907, 6.01101783104e-05, 4.44606484962e-05, 4.36085319961e-05, 3.83371589123e-05, 1.98181842279e-05, 2.57539541053e-05, 1.39591556945e-05, 1.40389593071e-05, 1.19779651868e-05, 1.05779736259e-05, 7.51554762246e-06, 5.12134829478e-06, 4.71221665066e-06, 3.44994168699e-06, 2.71160047305e-06, 2.17458364205e-06, 1.20858135233e-06, 9.23431457522e-07, 1.31891624733e-06, 1.04637410914e-06, 6.523043794e-07, 6.51392383588e-07, 9.631788771e-07, 1.04499258669e-06, 1.22905021271e-06, 1.2823123825e-06, 9.14619192827e-07, 6.9197767516e-07, 5.0525216011e-07, 5.04786498823e-07, 3.82567691304e-07, 2.83322208361e-07, 2.26177974127e-07],
        "min": [3.30297224586e-24, 5.73071830573e-24, 2.37411002642e-23, 9.20273299117e-24, 2.74494821315e-24, 9.92774941118e-25, 4.58412357392e-24, 6.70203051099e-24, 1.49973265477e-23, 7.20603058789e-24, 4.58127302504e-24, 1.37657553247e-23, 1.93072286603e-23, 7.18786075466e-24, 1.41817658563e-23, 1.91264753834e-23, 6.76122978876e-24, 5.34329451568e-24, 1.36032042243e-23, 8.92444021875e-24, 1.2260090436e-23, 1.21221573178e-23, 8.51546790421e-24, 6.89718049944e-24, 6.97704477749e-24, 9.19648600166e-24, 1.16329523272e-23, 1.43596366355e-23, 1.35829541649e-23, 1.3298363127e-23, 1.2503523445e-23, 9.53528282779e-24, 1.06065441042e-23, 1.6535819883e-23, 1.18999975208e-23, 9.10332941737e-24, 1.09128154063e-23, 1.12700053133e-23, 1.52321215298e-23, 1.07853496835e-23],
        "var": [2.87860802928e-05, 2.58914478763e-05, 7.2898419603e-06, 3.33487400894e-06, 4.92470064728e-07, 5.12897031513e-07, 4.46712448365e-07, 2.39737232732e-07, 2.18913697836e-07, 1.15543826951e-07, 1.23987192069e-07, 2.7105571121e-08, 1.50124197518e-08, 5.70633273966e-09, 7.68548957808e-09, 5.44393152779e-09, 6.8316103885e-09, 1.88808391144e-09, 1.0597307476e-09, 1.23200127877e-09, 3.97523736151e-10, 3.57644081017e-10, 3.96647076295e-10, 4.5307084473e-11, 2.36067363574e-11, 8.73792774247e-11, 4.80577661e-11, 2.20476761847e-11, 2.59341333131e-11, 9.28498944397e-11, 1.90978413639e-10, 4.60019022874e-10, 6.0377830513e-10, 1.74328468328e-10, 1.05891323487e-10, 3.6175108048e-11, 3.18853485282e-11, 1.80522125026e-11, 1.41520363137e-11, 7.37310039411e-12]
    },
    "mfcc": {
        "mean": [-663.607299805, 125.9715271, 22.5480461121, 13.0582885742, 4.29578256607, 15.3963985443, -4.71581268311, 1.11998522282, -1.78330373764, -1.89414811134, -1.67589092255, -3.80700969696, -3.07843065262],
        "cov": [[6274.02246094, -986.492370605, 831.238952637, 42.3666725159, 84.5719985962, -139.353347778, -259.792053223, 233.221557617, 58.6799240112, 118.769081116, 213.261108398, 91.720451355, 69.3391723633], [-986.492370605, 1095.70043945, 164.42074585, 126.434646606, 171.785369873, 108.057922363, 108.518630981, -34.025352478, -37.7205123901, -5.66009235382, 17.9435558319, 36.917755127, 65.9929656982], [831.238952637, 164.42074585, 1108.36938477, 443.624633789, 377.174804688, 214.095901489, 8.2377204895, 21.5688362122, -23.2838668823, -56.3202590942, 93.7718429565, 87.1973953247, 142.229064941], [42.3666725159, 126.434646606, 443.624633789, 486.837371826, 243.181976318, 151.942230225, 24.6862277985, -0.97342646122, -22.9723548889, -41.3881454468, 15.2754049301, 45.5509262085, 65.3284835815], [84.5719985962, 171.785369873, 377.174804688, 243.181976318, 364.352783203, 134.171279907, 29.3974590302, -3.18067955971, 21.2933158875, 0.262989670038, 42.0966377258, 54.3779220581, 78.8929672241], [-139.353347778, 108.057922363, 214.095901489, 151.942230225, 134.171279907, 216.749862671, 87.1203613281, 9.38701438904, 3.78180718422, -3.93722701073, 43.2892303467, 36.1296424866, 43.8143196106], [-259.792053223, 108.518630981, 8.2377204895, 24.6862277985, 29.3974590302, 87.1203613281, 174.52734375, 46.3415107727, 27.0882053375, 30.5171279907, 32.303401947, 36.6618080139, 27.2942295074], [233.221557617, -34.025352478, 21.5688362122, -0.97342646122, -3.18067955971, 9.38701438904, 46.3415107727, 140.676193237, 64.4611816406, 44.5670776367, 28.9411869049, 18.8225631714, 21.9310646057], [58.6799240112, -37.7205123901, -23.2838668823, -22.9723548889, 21.2933158875, 3.78180718422, 27.0882053375, 64.4611816406, 128.907272339, 60.7283744812, 19.9925575256, 4.40831375122, 17.9232597351], [118.769081116, -5.66009235382, -56.3202590942, -41.3881454468, 0.262989670038, -3.93722701073, 30.5171279907, 44.5670776367, 60.7283744812, 117.491744995, 47.7906723022, 22.0688896179, 9.68932247162], [213.261108398, 17.9435558319, 93.7718429565, 15.2754049301, 42.0966377258, 43.2892303467, 32.303401947, 28.9411869049, 19.9925575256, 47.7906723022, 108.301803589, 51.2214393616, 28.0664863586], [91.720451355, 36.917755127, 87.1973953247, 45.5509262085, 54.3779220581, 36.1296424866, 36.6618080139, 18.8225631714, 4.40831375122, 22.0688896179, 51.2214393616, 100.382705688, 57.8696136475], [69.3391723633, 65.9929656982, 142.229064941, 65.3284835815, 78.8929672241, 43.8143196106, 27.2942295074, 21.9310646057, 17.9232597351, 9.68932247162, 28.0664863586, 57.8696136475, 104.55960083]],
