{
"lowlevel": {
    "average_loudness": 0.838317394257,
    "barkbands_crest": {
        "dmean": 3.27850294113,
        "dmean2": 5.3032245636,
        "dvar": 8.24155521393,
        "dvar2": 20.8437271118,
        "max": 25.3988456726,
        "mean": 11.272854805,
        "median": 10.5079660416,
        "min": 2.25294947624,
        "var": 22.2800712585
    },
    "barkbands_flatness_db": {
        "dmean": 0.0242386665195,
        "dmean2": 0.0387247018516,
        "dvar": 0.000521012174431,
        "dvar2": 0.00125403061975,
        "max": 0.363966971636,
        "mean": 0.139016568661,
        "median": 0.133173391223,
        "min": 0.0259655416012,
        "var": 0.00205424032174
    },
    "barkbands_kurtosis": {
        "dmean": 3.19390892982,
        "dmean2": 5.1529507637,
        "dvar": 41.2507743835,
        "dvar2": 98.1841278076,
        "max": 150.227233887,
        "mean": 3.97021079063,
        "median": 1.41678857803,
        "min": -1.94552648067,
        "var": 74.1367263794
    },
    "barkbands_skewness": {
        "dmean": 0.617545485497,
        "dmean2": 0.971730291843,
        "dvar": 0.475175321102,
        "dvar2": 1.08324754238,
        "max": 11.5847043991,
        "mean": 1.54460215569,
        "median": 1.32957613468,
        "min": -2.90810751915,
        "var": 1.67271173
    },
    "barkbands_spread": {
        "dmean": 7.97658109665,
        "dmean2": 12.7005205154,
        "dvar": 85.0221633911,
        "dvar2": 194.067657471,
        "max": 114.644599915,
        "mean": 31.3081512451,
        "median": 28.0410308838,
        "min": 1.5430059433,
        "var": 356.287475586
    },
    "dissonance": {
        "dmean": 0.0203513298184,
        "dmean2": 0.0347443185747,
        "dvar": 0.00036727314,
        "dvar2": 0.00102015293669,
        "max": 0.500000119209,
        "mean": 0.464432299137,
        "median": 0.471587091684,
        "min": 0.277967870235,
        "var": 0.000794212217443
    },
    "dynamic_complexity": 3.02892804146,
    "erbbands_crest": {
        "dmean": 2.69024348259,
        "dmean2": 4.3586730957,
        "dvar": 6.44065904617,
        "dvar2": 15.3120746613,
        "max": 30.8924465179,
        "mean": 9.43314552307,
        "median": 8.15693092346,
        "min": 2.19548940659,
        "var": 24.6012630463
    },
    "erbbands_flatness_db": {
        "dmean": 0.0148941446096,
        "dmean2": 0.0225790739059,
        "dvar": 0.000191762039321,
        "dvar2": 0.000400378543418,
        "max": 0.36751011014,
        "mean": 0.148802921176,
        "median": 0.137227669358,
        "min": 0.056605938822,
        "var": 0.00282220239751
    },
    "erbbands_kurtosis": {
        "dmean": 0.808221876621,
        "dmean2": 1.27768599987,
        "dvar": 1.27198123932,
        "dvar2": 2.81267738342,
        "max": 31.6098098755,
        "mean": 0.299652516842,
        "median": -0.245623350143,
        "min": -1.77722942829,
        "var": 4.01178359985
    },
    "erbbands_skewness": {
        "dmean": 0.354796111584,
        "dmean2": 0.546707034111,
        "dvar": 0.108747795224,
        "dvar2": 0.231071069837,
        "max": 5.14630556107,
        "mean": 0.387450218201,
        "median": 0.389998078346,
        "min": -4.06801557541,
        "var": 0.689624488354
    },
    "erbbands_spread": {
        "dmean": 8.67091751099,
        "dmean2": 13.5145654678,
        "dvar": 82.7737350464,
        "dvar2": 191.206680298,
        "max": 142.500137329,
        "mean": 47.1914863586,
        "median": 45.2919120789,
        "min": 3.98136687279,
        "var": 460.257659912
    },
    "hfc": {
        "dmean": 10.0706338882,
        "dmean2": 16.2089672089,
        "dvar": 244.136795044,
        "dvar2": 630.713317871,
        "max": 204.648208618,
        "mean": 36.8050613403,
        "median": 30.6123466492,
        "min": 1.2880573272e-16,
        "var": 834.710571289
    },
    "melbands_crest": {
        "dmean": 4.07419109344,
        "dmean2": 6.68475675583,
        "dvar": 12.1036052704,
        "dvar2": 32.4954147339,
        "max": 38.0985946655,
        "mean": 16.1423969269,
        "median": 15.5922813416,
        "min": 2.03520154953,
        "var": 33.9483261108
    },
    "melbands_flatness_db": {
        "dmean": 0.031155500561,
        "dmean2": 0.0492489002645,
        "dvar": 0.000922495790292,
        "dvar2": 0.00211864337325,
        "max": 0.42583501339,
        "mean": 0.177654191852,
        "median": 0.171812400222,
        "min": 0.00370587152429,
        "var": 0.00352860055864
    },
    "melbands_kurtosis": {
        "dmean": 9.96166610718,
        "dmean2": 16.0550365448,
        "dvar": 368.855102539,
        "dvar2": 881.426330566,
        "max": 456.645233154,
        "mean": 16.8321704865,
        "median": 8.53134155273,
        "min": -1.8799072504,
        "var": 685.422485352
    },
    "melbands_skewness": {
        "dmean": 0.930238008499,
        "dmean2": 1.46480226517,
        "dvar": 1.09438371658,
        "dvar2": 2.55173540115,
        "max": 16.9543075562,
        "mean": 2.96059393883,
        "median": 2.54135370255,
        "min": -1.16639721394,
        "var": 3.8060259819
    },
    "melbands_spread": {
        "dmean": 10.1501331329,
        "dmean2": 16.0698413849,
        "dvar": 182.095046997,
        "dvar2": 382.893768311,
        "max": 249.513809204,
        "mean": 30.7334651947,
        "median": 23.7435722351,
        "min": 0.910481393337,
        "var": 697.194824219
    },
    "pitch_salience": {
        "dmean": 0.0843482390046,
        "dmean2": 0.135941073298,
        "dvar": 0.00588019331917,
        "dvar2": 0.0149141447619,
        "max": 0.891037344933,
        "mean": 0.504871606827,
        "median": 0.502445936203,
        "min": 0.0962277650833,
        "var": 0.0177448671311
    },
    "silence_rate_20dB": {
        "dmean": 0,
        "dmean2": 0,
        "dvar": 0,
        "dvar2": 0,
        "max": 1,
        "mean": 1,
        "median": 1,
        "min": 1,
        "var": 0
    },
    "silence_rate_30dB": {
        "dmean": 0.0331215970218,
        "dmean2": 0.0662507116795,
        "dvar": 0.0320255607367,
        "dvar2": 0.0743431225419,
        "max": 1,
        "mean": 0.967222392559,
        "median": 1,
        "min": 0,
        "var": 0.0317000187933
    },
    "silence_rate_60dB": {
        "dmean": 0.00975499115884,
        "dmean2": 0.0195121951401,
        "dvar": 0.00965727027506,
        "dvar2": 0.0234429985285,
        "max": 1,
        "mean": 0.0401497110724,
        "median": 0,
        "min": 0,
        "var": 0.0385428965092
    },
    "spectral_centroid": {
        "dmean": 302.496063232,
        "dmean2": 472.150024414,
        "dvar": 113663.507812,
        "dvar2": 235701.5,
        "max": 10531.2080078,
        "mean": 1708.06237793,
        "median": 1617.86474609,
        "min": 176.275588989,
        "var": 595153.0625
    },
    "spectral_complexity": {
        "dmean": 4.1061706543,
        "dmean2": 6.62075996399,
        "dvar": 19.8312854767,
        "dvar2": 47.2310562134,
        "max": 57,
        "mean": 20.3435401917,
        "median": 20,
        "min": 0,
        "var": 98.18384552
    },
    "spectral_decrease": {
        "dmean": 3.63181462681e-09,
        "dmean2": 5.91636517555e-09,
        "dvar": 2.5649646568e-17,
        "dvar2": 6.60399825239e-17,
        "max": 1.76061991428e-28,
        "mean": -9.5575805048e-09,
        "median": -7.40299821445e-09,
        "min": -5.65878046643e-08,
        "var": 6.25500942846e-17
    },
    "spectral_energy": {
        "dmean": 0.0141127072275,
        "dmean2": 0.0229696389288,
        "dvar": 0.000374018884031,
        "dvar2": 0.000966372608673,
        "max": 0.215724647045,
        "mean": 0.0394109226763,
        "median": 0.0313889756799,
        "min": 1.10185595159e-20,
        "var": 0.000972955254838
    },
    "spectral_energyband_high": {
        "dmean": 0.00102293631062,
        "dmean2": 0.00161612208467,
        "dvar": 3.08270682581e-06,
        "dvar2": 7.70586939325e-06,
        "max": 0.0239133741707,
        "mean": 0.00303069292568,
        "median": 0.00195035641082,
        "min": 8.1142952657e-21,
        "var": 1.05543613245e-05
    },
    "spectral_energyband_low": {
        "dmean": 0.0115869902074,
        "dmean2": 0.0189818609506,
        "dvar": 0.000341664679581,
        "dvar2": 0.000869638868608,
        "max": 0.209453597665,
        "mean": 0.0198324844241,
        "median": 0.0105288177729,
        "min": 8.54643637454e-23,
        "var": 0.000621969928034
    },
    "spectral_energyband_middle_high": {
        "dmean": 0.00204234360717,
        "dmean2": 0.00328883551992,
        "dvar": 8.47463161335e-06,
        "dvar2": 2.06468175747e-05,
        "max": 0.0487714745104,
        "mean": 0.00648763263598,
        "median": 0.00457596546039,
        "min": 1.48397464069e-21,
        "var": 4.1734885599e-05
    },
    "spectral_energyband_middle_low": {
        "dmean": 0.00532246567309,
        "dmean2": 0.00876685418189,
        "dvar": 7.59363974794e-05,
        "dvar2": 0.000207071105251,
        "max": 0.119047731161,
        "mean": 0.0112576289102,
        "median": 0.00710349902511,
        "min": 2.75291705725e-22,
        "var": 0.000155397501658
    },
    "spectral_entropy": {
        "dmean": 0.1370690763,
        "dmean2": 0.209672987461,
        "dvar": 0.018167771399,
        "dvar2": 0.0411917753518,
        "max": 9.80886459351,
        "mean": 7.85579252243,
        "median": 7.88453149796,
        "min": 6.36024999619,
        "var": 0.131767481565
    },
    "spectral_flux": {
        "dmean": 0.0301354918629,
        "dmean2": 0.0474733375013,
        "dvar": 0.0011592246592,
        "dvar2": 0.00234447023831,
        "max": 0.407264739275,
        "mean": 0.106840528548,
        "median": 0.0983985587955,
        "min": 1.04969324899e-10,
        "var": 0.00333981914446
    },
    "spectral_kurtosis": {
        "dmean": 0.74770206213,
        "dmean2": 1.25162982941,
        "dvar": 0.878702223301,
        "dvar2": 2.51555657387,
        "max": 15.9221687317,
        "mean": 1.91543722153,
        "median": 1.38411140442,
        "min": -1.24422967434,
        "var": 3.6563205719
    },
    "spectral_rms": {
        "dmean": 0.00103013031185,
        "dmean2": 0.00163814681582,
        "dvar": 1.29886439026e-06,
        "dvar2": 3.14923272526e-06,
        "max": 0.0145073449239,
        "mean": 0.00569674232975,
        "median": 0.00553384050727,
        "min": 3.27869090384e-12,
        "var": 5.99687564318e-06
    },
    "spectral_rolloff": {
        "dmean": 831.166259766,
        "dmean2": 1418.94763184,
        "dvar": 1739389.5,
        "dvar2": 3969401.75,
        "max": 19272.2167969,
        "mean": 2081.57177734,
        "median": 1335.05859375,
        "min": 21.533203125,
        "var": 4400990
    },
    "spectral_skewness": {
        "dmean": 0.149089813232,
        "dmean2": 0.235947310925,
        "dvar": 0.0226761382073,
        "dvar2": 0.0529668182135,
        "max": 3.33531951904,
        "mean": 1.13639831543,
        "median": 1.08214080334,
        "min": -0.294427782297,
        "var": 0.173827037215
    },
    "spectral_spread": {
        "dmean": 485980.3125,
        "dmean2": 726884.75,
        "dvar": 433511301120,
        "dvar2": 760230772736,
        "max": 41098444,
        "mean": 5848724,
        "median": 5827515,
        "min": 2095247.5,
        "var": 2.50942403379e+12
    },
    "spectral_strongpeak": {
        "dmean": 0.649621486664,
        "dmean2": 1.11387467384,
        "dvar": 1.44526588917,
        "dvar2": 3.6046795845,
        "max": 18.4611740112,
        "mean": 1.11212325096,
        "median": 0.44394031167,
        "min": 0,
        "var": 2.52259850502
    },
    "zerocrossingrate": {
        "dmean": 0.013185698539,
        "dmean2": 0.0157579407096,
        "dvar": 0.000227451106184,
        "dvar2": 0.000280358770397,
        "max": 0.53662109375,
        "mean": 0.0793449580669,
        "median": 0.07080078125,
        "min": 0.00341796875,
        "var": 0.0019704985898
    },
    "barkbands": {
        "dmean": [0.00067997170845, 0.00931474007666, 0.00391326472163, 0.00209892052226, 0.00139038439374, 0.000691254332196, 0.000465914461529, 0.00128648139071, 0.00123940524645, 0.00114086759277, 0.000352777104126, 0.000452389096608, 0.000316967023537, 0.000370040826965, 0.000371863075998, 0.000215179199586, 0.000189400831005, 0.000169983963133, 0.000151699117851, 0.000141850774526, 0.000201019065571, 0.000394109170884, 0.00029600597918, 0.000212454164284, 0.000115798800834, 4.90065212944e-05, 2.45824853806e-08],
        "dmean2": [0.00116534414701, 0.0152453389019, 0.00670225545764, 0.00376640353352, 0.00237444113009, 0.00112155964598, 0.000742468517274, 0.00202533346601, 0.0019672261551, 0.00181537074968, 0.000575687328819, 0.000738521863241, 0.000508954748511, 0.000599572493229, 0.000619499187451, 0.000356616423232, 0.00032139531686, 0.000278166204225, 0.000263509922661, 0.000237509972067, 0.00033059445559, 0.000626288354397, 0.000464406766696, 0.000349833368091, 0.000190183680388, 8.06585012469e-05, 4.48017196675e-08],
        "dvar": [2.36335404225e-06, 0.000272947567282, 9.1464506113e-05, 3.38121026289e-05, 6.25067150395e-06, 1.57189742822e-06, 1.26314660065e-06, 1.37470824484e-05, 7.77662444307e-06, 5.4964471019e-06, 9.14189854484e-07, 9.89488626146e-07, 5.64048093565e-07, 5.83093139994e-07, 5.91518414694e-07, 1.9591693956e-07, 1.43918711615e-07, 8.48845118639e-08, 1.14454401512e-07, 5.16932665562e-08, 1.79973895342e-07, 4.20423532432e-07, 3.12195282959e-07, 2.03283192945e-07, 7.01908504652e-08, 1.36005411377e-08, 1.15641215476e-14],
        "dvar2": [7.1069553087e-06, 0.000748896971345, 0.000243156871875, 9.55318319029e-05, 1.67893867911e-05, 4.02193518312e-06, 2.87293551082e-06, 3.37214914907e-05, 1.79412963917e-05, 1.32792010845e-05, 2.17473143493e-06, 2.49047457146e-06, 1.22365406696e-06, 1.3923224742e-06, 1.53967232563e-06, 5.22052005181e-07, 3.83458655051e-07, 2.15326380726e-07, 3.2540981465e-07, 1.34324366741e-07, 4.30437523846e-07, 1.02895046439e-06, 6.8684857979e-07, 5.33542220182e-07, 1.85966428035e-07, 3.63891743405e-08, 3.32932466318e-14],
        "max": [0.0727051720023, 0.189808562398, 0.112751148641, 0.0669056624174, 0.0372865572572, 0.0185120776296, 0.0391464047134, 0.113538123667, 0.0653981566429, 0.0383841954172, 0.0288008134812, 0.0317867286503, 0.0353988036513, 0.0180003549904, 0.0182810537517, 0.0109673356637, 0.00833935104311, 0.00604607583955, 0.00559373944998, 0.00564004015177, 0.0134263085201, 0.0122413188219, 0.0127155845985, 0.00583307398483, 0.00451871193945, 0.00189076492097, 2.49930394602e-06],
        "mean": [0.00109876645729, 0.0137979798019, 0.0039730835706, 0.00178089924157, 0.00195953180082, 0.00106015615165, 0.000714775000233, 0.00274920091033, 0.00242867460474, 0.00201035104692, 0.000570102303755, 0.000866400951054, 0.000584990368225, 0.000689154840074, 0.000651393493172, 0.000397658179281, 0.00032160023693, 0.000312560237944, 0.000267129216809, 0.000324472988723, 0.000429635343608, 0.00105984159745, 0.00070280599175, 0.000386317144148, 0.000201706963708, 7.16820140951e-05, 1.71717697839e-08],
        "median": [0.000158200084115, 0.00517767341807, 0.00153188710101, 0.000471395935165, 0.000966695602983, 0.000501582864672, 0.000210451107705, 0.000445199548267, 0.000599927152507, 0.000589427014347, 0.000168487647898, 0.00029290895327, 0.000205620817724, 0.000217905457248, 0.000256188388448, 0.000184332762728, 0.000167931008036, 0.000184067801456, 0.000165942474268, 0.000196436521946, 0.000253479811363, 0.000541166926268, 0.000364838226233, 0.000198753623408, 8.40561915538e-05, 2.52288064075e-05, 1.21445953294e-09],
        "min": [3.92573347822e-23, 5.18244569822e-23, 1.85064748881e-23, 3.94281673444e-24, 7.78768534344e-23, 6.78407441171e-23, 1.93581638312e-23, 2.34564271848e-23, 6.27462109714e-23, 7.32789429384e-23, 1.03664293597e-22, 5.70651944526e-23, 1.0640670858e-22, 9.75525968889e-23, 7.30361567954e-23, 1.5653820064e-22, 1.95699199728e-22, 2.638813944e-22, 2.19703214711e-22, 2.26400227277e-22, 4.78877595996e-22, 4.52599162495e-22, 4.89874796642e-22, 8.79453944012e-22, 1.16233264887e-21, 1.73189264582e-21, 3.0648180684e-21],
        "var": [4.27461372965e-06, 0.000411628658185, 7.29616003809e-05, 2.17772485485e-05, 8.41972450871e-06, 2.61306877292e-06, 3.60837179869e-06, 6.08611480857e-05, 3.08825656248e-05, 1.40701713462e-05, 2.24334689847e-06, 3.50992240783e-06, 2.41390966949e-06, 1.73730484221e-06, 1.30499267925e-06, 6.43764337838e-07, 2.63613088691e-07, 1.55028857307e-07, 1.24485353581e-07, 1.45790338024e-07, 4.57037117485e-07, 1.8589762476e-06, 9.29468683353e-07, 3.01150180348e-07, 1.07719642983e-07, 1.48515804099e-08, 7.2571063945e-15]
    },
    "erbbands": {
        "dmean": [0.318690538406, 2.00677657127, 3.90532565117, 6.49044275284, 5.31983661652, 4.47077608109, 6.38748121262, 5.1701169014, 5.72235441208, 10.5449123383, 32.1004829407, 24.5275096893, 35.6202812195, 29.9963665009, 14.1950283051, 16.8733615875, 12.6955051422, 18.5362758636, 20.6008987427, 11.6534852982, 11.8632564545, 9.61861228943, 8.93523693085, 6.85050821304, 7.93307781219, 6.53573703766, 7.03493356705, 9.24963569641, 12.7034235001, 12.7235536575, 8.50635433197, 5.04700613022, 3.32827544212, 1.5738941431, 0.725114285946, 0.338506281376, 0.0684539303184, 0.00166454992723, 6.03568223596e-05, 1.94318017748e-05],
        "dmean2": [0.537330031395, 3.26526165009, 6.4179444313, 11.5602121353, 9.31107521057, 7.55970096588, 10.2821445465, 8.5468416214, 9.25707817078, 16.5258693695, 50.2931289673, 38.4834709167, 56.3791847229, 47.5490226746, 22.9212646484, 27.5023612976, 20.4201259613, 30.0804634094, 33.9239997864, 19.2010250092, 19.8520011902, 16.3245944977, 14.6008872986, 11.8066587448, 13.5800695419, 10.9324703217, 11.5771532059, 15.0864238739, 20.1689147949, 20.1231403351, 13.353228569, 8.31181144714, 5.45081233978, 2.5780184269, 1.20356893539, 0.561344206333, 0.111851297319, 0.00270670675673, 9.73908681772e-05, 3.16119985655e-05],
        "dvar": [0.328589230776, 12.9302492142, 70.0442123413, 311.971740723, 152.009368896, 70.9896621704, 138.323654175, 115.59185791, 183.227279663, 649.331970215, 8282.29199219, 3434.44897461, 5983.19580078, 4545.16552734, 894.049743652, 1623.92468262, 1081.06164551, 1546.78686523, 1823.34863281, 514.076538086, 678.90637207, 375.072723389, 236.396255493, 202.097763062, 248.481201172, 101.995025635, 317.710601807, 294.993469238, 450.601013184, 471.411956787, 286.776306152, 115.033355713, 48.2611083984, 13.3766880035, 2.75346302986, 0.674067556858, 0.026028579101, 1.49539037011e-05, 1.79026535818e-08, 6.93877511004e-10],
        "dvar2": [0.981745004654, 33.761302948, 169.757614136, 880.711242676, 424.730865479, 184.970352173, 330.905303955, 301.523132324, 418.450653076, 1440.45776367, 19946.9726562, 7680.00097656, 14704.7392578, 10455.9199219, 2016.89819336, 4228.5625, 2327.6484375, 3826.61645508, 4757.75390625, 1282.98364258, 1835.91247559, 1010.91265869, 605.540283203, 573.46697998, 695.45916748, 276.638031006, 756.83026123, 730.944030762, 1115.53100586, 1106.62512207, 627.192749023, 301.371551514, 124.409744263, 34.8574371338, 7.47921943665, 1.83890640736, 0.0677808150649, 3.8874506572e-05, 4.6888327887e-08, 1.79999992689e-09],
        "max": [6.14722824097, 42.0884857178, 103.651489258, 222.542282104, 144.246780396, 140.030685425, 219.48475647, 201.279556274, 489.624420166, 692.698242188, 2657.84643555, 1690.24841309, 1177.44506836, 1458.48474121, 894.809082031, 1173.4185791, 1766.35449219, 1070.30383301, 1061.10632324, 477.30368042, 697.51940918, 461.413818359, 325.264221191, 225.291564941, 307.587219238, 205.45930481, 756.583618164, 551.536804199, 515.499511719, 388.073181152, 401.460845947, 157.618453979, 98.3872909546, 75.5364532471, 25.3257751465, 13.469250679, 2.63130879402, 0.0628160089254, 0.00214878935367, 0.000306838715915],
        "mean": [0.453637897968, 2.86756205559, 4.64181661606, 6.00769853592, 5.47925138474, 6.44034385681, 10.0242824554, 7.36146783829, 8.68696308136, 19.9048233032, 68.9114761353, 49.0382499695, 67.8460464478, 57.2321166992, 27.7321968079, 34.7082290649, 27.1598014832, 38.1851997375, 39.0369033813, 21.5337409973, 23.265537262, 17.6809120178, 17.453704834, 12.7421064377, 15.8522434235, 15.8163967133, 14.7124938965, 20.9540538788, 33.1310272217, 33.7529449463, 20.1973495483, 9.39669513702, 5.98751497269, 2.74592351913, 1.19927966595, 0.508923649788, 0.0965408906341, 0.00246658292599, 0.000116861097922, 5.97926591581e-05],
        "median": [0.141124159098, 0.990684688091, 2.12654995918, 2.23399162292, 1.8681179285, 2.81712722778, 4.09317302704, 3.36868405342, 3.05515885353, 5.64709854126, 12.9617376328, 15.0793170929, 21.0698795319, 18.6345672607, 12.2774677277, 12.5353746414, 10.9616374969, 14.171913147, 15.1015720367, 12.7332267761, 10.8616924286, 9.67801189423, 10.4625120163, 9.39772415161, 9.55300807953, 9.66791248322, 7.93766927719, 13.0373811722, 17.2819385529, 16.928194046, 9.806432724, 4.90622758865, 2.91293001175, 1.19556927681, 0.471005827188, 0.191778704524, 0.0309712458402, 0.000832535384689, 6.59272263874e-05, 5.14874591317e-05],
        "min": [1.96119131214e-21, 9.82899624688e-21, 1.97463974217e-20, 2.13282171689e-20, 1.2279360484e-19, 1.70730194753e-19, 6.6781935616e-19, 5.00359794775e-19, 2.99644057247e-19, 3.80636076907e-19, 5.59366361879e-19, 1.23472733048e-18, 2.36879815414e-18, 2.50164274013e-18, 4.26365366375e-18, 3.05265359555e-18, 4.2472804507e-18, 5.20736996254e-18, 3.93791903751e-18, 5.81991954001e-18, 9.21223686293e-18, 1.05307735127e-17, 1.45900647615e-17, 1.2158631871e-17, 1.17252570588e-17, 9.95534449238e-18, 1.59626882699e-17, 1.90094095329e-17, 1.47933245447e-17, 1.62381394139e-17, 1.56875713069e-17, 1.87852634393e-17, 1.41652777384e-17, 1.29156228998e-17, 7.62029964993e-18, 5.28709404357e-18, 3.20067735937e-18, 1.51128089942e-18, 4.41591662481e-19, 4.57654508313e-20],
        "var": [0.482045471668, 19.0267696381, 71.6429214478, 203.902679443, 121.873779297, 116.84009552, 266.273132324, 164.598876953, 499.201934814, 2315.21508789, 36708.1835938, 11735.3105469, 16687.3574219, 13056.8583984, 2780.31079102, 6179.93115234, 5509.53662109, 5322.14453125, 4475.89404297, 921.471618652, 2486.03222656, 724.383178711, 492.536590576, 208.648895264, 397.012695312, 336.040893555, 722.52166748, 768.306884766, 1705.03417969, 1951.53662109, 860.815673828, 172.510421753, 78.6876983643, 21.1769657135, 3.83353543282, 0.726223528385, 0.0294189490378, 1.78641967068e-05, 2.4005458954e-08, 2.018978984e-09]
    },
    "gfcc": {
        "mean": [22.9889316559, 68.1510848999, -122.590560913, 43.3564147949, -73.7360305786, 37.7644386292, -32.0446128845, 14.6740999222, -17.3410110474, 1.68548023701, -20.9085540771, -0.645948588848, -9.1056060791],
        "cov": [[6073.27539062, -723.333007812, 1268.06359863, 805.213134766, 23.8068218231, 445.36630249, 6.88635015488, 272.694580078, -75.5163040161, 469.548980713, -135.130508423, 418.782745361, -232.460281372], [-723.333007812, 1141.74365234, 326.000671387, 165.963928223, 233.773071289, -73.504196167, 133.660369873, -50.4318847656, 107.782798767, -55.3269424438, 124.88458252, -69.8403930664, 42.3554039001], [1268.06359863, 326.000671387, 1644.07287598, 696.071411133, 290.489044189, 200.899261475, -52.0103683472, 140.54725647, 7.25520467758, 246.610168457, -32.5367546082, 233.866424561, -110.644798279], [805.213134766, 165.963928223, 696.071411133, 685.621459961, 236.564605713, 181.163253784, 68.8592834473, 30.3976612091, 129.356643677, 94.6414794922, 30.589723587, 125.847198486, 4.52837562561], [23.8068218231, 233.773071289, 290.489044189, 236.564605713, 293.785064697, 103.312828064, 78.6079406738, 51.7152442932, 22.8787631989, 49.1557426453, 20.0893630981, 38.8001365662, 29.7684402466], [445.36630249, -73.504196167, 200.899261475, 181.163253784, 103.312828064, 254.449356079, 126.150550842, 32.022403717, 27.2263698578, 66.4025039673, 25.252790451, 50.442615509, 16.6914863586], [6.88635015488, 133.660369873, -52.0103683472, 68.8592834473, 78.6079406738, 126.150550842, 249.411071777, 54.0698394775, 56.8805389404, 28.9507369995, 62.5183258057, -20.3321113586, 35.7369270325], [272.694580078, -50.4318847656, 140.54725647, 30.3976612091, 51.7152442932, 32.022403717, 54.0698394775, 164.150985718, 25.8751983643, 71.9435577393, -8.9770822525, 20.793844223, -7.57090711594], [-75.5163040161, 107.782798767, 7.25520467758, 129.356643677, 22.8787631989, 27.2263698578, 56.8805389404, 25.8751983643, 181.883331299, 12.9093074799, 39.7756462097, 6.37491941452, 29.1941642761], [469.548980713, -55.3269424438, 246.610168457, 94.6414794922, 49.1557426453, 66.4025039673, 28.9507369995, 71.9435577393, 12.9093074799, 159.516769409, 27.8347644806, 63.8216018677, -19.5731678009], [-135.130508423, 124.88458252, -32.5367546082, 30.589723587, 20.0893630981, 25.252790451, 62.5183258057, -8.9770822525, 39.7756462097, 27.8347644806, 118.03629303, 10.616314888, 33.1905441284], [418.782745361, -69.8403930664, 233.866424561, 125.847198486, 38.8001365662, 50.442615509, -20.3321113586, 20.793844223, 6.37491941452, 63.8216018677, 10.616314888, 143.609939575, 10.9013595581], [-232.460281372, 42.3554039001, -110.644798279, 4.52837562561, 29.7684402466, 16.6914863586, 35.7369270325, -7.57090711594, 29.1941642761, -19.5731678009, 33.1905441284, 10.9013595581, 116.567352295]],
        "icov": [[0.000429817853728, -0.000355267722625, 0.000471750390716, -0.000899499282241, 0.000939010002185, -0.000825151219033, 0.000373944436433, -0.000819896522444, 0.00082936877152, -0.00100220949389, 0.000843208632432, -0.000901294115465, 0.000647624430712], [-0.000355267722625, 0.00373406079598, -0.00282191694714, 0.00246722088195, -0.00366624537855, 0.00426426855847, -0.00342010846362, 0.0036027492024, -0.00295935384929, 0.00318254344165, -0.00365473655984, 0.00284908595495, -0.00118174124509], [0.000471750390716, -0.00282191694714, 0.00411372026429, -0.00380758359097, 0.00258153746836, -0.00367818376981, 0.00354595319368, -0.00387798156589, 0.00337540707551, -0.00382465589792, 0.00319227273576, -0.0033254805021, 0.0024616792798], [-0.000899499282241, 0.00246722088195, -0.00380758359097, 0.00728038325906, -0.00507726240903, 0.00262468704022, -0.00287188892253, 0.0049328673631, -0.00583133473992, 0.00389545387588, -0.00303044938482, 0.00185040361248, -0.00166124512907], [0.000939010002185, -0.00366624537855, 0.00258153746836, -0.00507726240903, 0.0102657936513, -0.00519393244758, 0.00251096137799, -0.00546381669119, 0.00503299990669, -0.00399438571185, 0.00409558182582, -0.00283089396544, 1.71572246472e-05], [-0.000825151219033, 0.00426426855847, -0.00367818376981, 0.00262468704022, -0.00519393244758, 0.0125461965799, -0.00787030905485, 0.00581672787666, -0.00332819973119, 0.0027575425338, -0.00341355218552, 0.00256960582919, -0.00243948819116], [0.000373944436433, -0.00342010846362, 0.00354595319368, -0.00287188892253, 0.00251096137799, -0.00787030905485, 0.0115312067792, -0.00628370745108, 0.00226517789997, -0.00276332884096, 8.08431577752e-05, -0.000336424214765, 0.000985329505056], [-0.000819896522444, 0.0036027492024, -0.00387798156589, 0.0049328673631, -0.00546381669119, 0.00581672787666, -0.00628370745108, 0.0140261296183, -0.00563665153459, -0.00012507752399, -0.000783214578405, 0.00317113450728, -0.00209973403253], [0.00082936877152, -0.00295935384929, 0.00337540707551, -0.00583133473992, 0.00503299990669, -0.00332819973119, 0.00226517789997, -0.00563665153459, 0.011417417787, -0.00344275333919, 0.00177156948484, -0.00245001213625, 0.000577538798098], [-0.00100220949389, 0.00318254344165, -0.00382465589792, 0.00389545387588, -0.00399438571185, 0.0027575425338, -0.00276332884096, -0.00012507752399, -0.00344275333919, 0.0159716010094, -0.00776001112536, 0.000634249707218, 0.000221870272071], [0.000843208632432, -0.00365473655984, 0.00319227273576, -0.00303044938482, 0.00409558182582, -0.00341355218552, 8.08431577752e-05, -0.000783214578405, 0.00177156948484, -0.00776001112536, 0.0166857540607, -0.00438263779506, -0.000563269772101], [-0.000901294115465, 0.00284908595495, -0.0033254805021, 0.00185040361248, -0.00283089396544, 0.00256960582919, -0.000336424214765, 0.00317113450728, -0.00245001213625, 0.000634249707218, -0.00438263779506, 0.0146416984499, -0.00479822000489], [0.000647624430712, -0.00118174124509, 0.0024616792798, -0.00166124512907, 1.71572246472e-05, -0.00243948819116, 0.000985329505056, -0.00209973403253, 0.000577538798098, 0.000221870272071, -0.000563269772101, -0.00479822000489, 0.0131089668721]]
    },
    "melbands": {
        "dmean": [0.00268472614698, 0.00199900381267, 0.00106458738446, 0.000329847476678, 0.000209135978366, 0.000116641058412, 9.05049382709e-05, 0.000144027566421, 0.000250318291364, 0.000169153689058, 0.0001818582532, 0.00013076212781, 4.94792948302e-05, 5.5799340771e-05, 3.10101531795e-05, 3.40796432283e-05, 3.58081633749e-05, 3.45075604855e-05, 2.25715830311e-05, 1.45571802932e-05, 1.4423063476e-05, 1.05056706161e-05, 1.05278286355e-05, 8.58383828017e-06, 5.63576941204e-06, 6.69113023832e-06, 5.10677909915e-06, 4.74246598969e-06, 5.09366282131e-06, 4.65493394586e-06, 6.43798193778e-06, 7.39742836231e-06, 9.6690346254e-06, 6.68317306918e-06, 5.69325538891e-06, 3.90501463698e-06, 3.13297732646e-06, 2.63266679212e-06, 1.77347521912e-06, 1.25498684156e-06],
        "dmean2": [0.00442257151008, 0.0032647671178, 0.00188245007303, 0.000569300667848, 0.000338284531608, 0.000191917206394, 0.000145558340591, 0.000225342562771, 0.00039016403025, 0.000267743627774, 0.000288191367872, 0.000207043471164, 8.05010422482e-05, 9.02139727259e-05, 4.99007874168e-05, 5.47406234546e-05, 5.75879057578e-05, 5.65403424844e-05, 3.74770679628e-05, 2.37896820181e-05, 2.41870602622e-05, 1.79861326615e-05, 1.73213102244e-05, 1.42077606142e-05, 9.77185027295e-06, 1.16315941341e-05, 8.49076604936e-06, 7.98873497843e-06, 8.37613606564e-06, 7.65689492255e-06, 1.05953686216e-05, 1.19295118566e-05, 1.54084573296e-05, 1.05874978544e-05, 8.98140388017e-06, 6.37657376501e-06, 5.25209998159e-06, 4.35324864156e-06, 2.91037667921e-06, 2.08152368941e-06],
        "dvar": [2.24721388804e-05, 1.27720923047e-05, 7.99623376224e-06, 4.41498286818e-07, 1.31916934265e-07, 5.38661879546e-08, 4.5980499408e-08, 1.46451142768e-07, 4.47681401283e-07, 1.64063891361e-07, 1.5237017692e-07, 8.77467272176e-08, 1.44039793426e-08, 1.54760488869e-08, 6.24105078728e-09, 5.03879027391e-09, 6.30167207305e-09, 4.98105467983e-09, 2.20758966663e-09, 8.14280032291e-10, 9.4297680775e-10, 5.06818476076e-10, 4.7303549966e-10, 2.02110245207e-10, 1.40601641441e-10, 2.20568813214e-10, 7.04162630982e-11, 5.60277275963e-11, 2.07783679151e-10, 9.65410459908e-11, 1.35408503854e-10, 1.60518071057e-10, 2.99330810138e-10, 1.36882088997e-10, 1.36480146629e-10, 6.56287107992e-11, 4.89758754385e-11, 2.93490197423e-11, 1.50434213697e-11, 8.6937358354e-12],
        "dvar2": [6.38268538751e-05, 2.80735184788e-05, 2.24303967116e-05, 1.20591482755e-06, 3.21095910749e-07, 1.40670081805e-07, 1.04919877231e-07, 3.44907562067e-07, 1.05983122012e-06, 3.72588914388e-07, 3.73384125396e-07, 2.03189031822e-07, 3.42188144486e-08, 3.7068364378e-08, 1.40144322813e-08, 1.13863034557e-08, 1.52844243928e-08, 1.28068746719e-08, 5.72385605579e-09, 2.02070760125e-09, 2.52272203127e-09, 1.36471878243e-09, 1.20565757378e-09, 5.20321286057e-10, 3.99289684649e-10, 6.23612050887e-10, 1.89553081564e-10, 1.52036425116e-10, 4.89345730603e-10, 2.31460517419e-10, 3.46525141914e-10, 3.96003729808e-10, 7.37728655942e-10, 3.20638599005e-10, 3.06326963795e-10, 1.60990692999e-10, 1.32150929089e-10, 7.71267008592e-11, 3.79154416197e-11, 2.30970277626e-11],
        "max": [0.0502499267459, 0.0394772961736, 0.0346553511918, 0.0105721419677, 0.00680020730942, 0.00416459143162, 0.00823959987611, 0.0125379245728, 0.018895374611, 0.00923836696893, 0.006063638255, 0.00628332048655, 0.00397015735507, 0.00434426264837, 0.00326993828639, 0.00230301264673, 0.00231045857072, 0.00158778298646, 0.00122374692, 0.000571117911022, 0.000822216854431, 0.000663565006107, 0.000437140377471, 0.000205979769817, 0.000199799600523, 0.000271948345471, 0.000178032816621, 0.000145338577568, 0.000709889165591, 0.000331141840434, 0.000309428723995, 0.000345801236108, 0.000418699928559, 0.000232433987549, 0.000287242903141, 0.000127890802105, 0.000105737577542, 7.93863364379e-05, 8.76308477018e-05, 6.279363879e-05],
        "mean": [0.00404735421762, 0.00296933180653, 0.00103280576877, 0.000413950096117, 0.000334722077241, 0.000169541643118, 0.000138607909321, 0.00028696571826, 0.000522759044543, 0.00033224868821, 0.000342660961905, 0.000240898982156, 8.71038937476e-05, 0.000104491125967, 6.1190512497e-05, 6.53650131426e-05, 6.84554106556e-05, 6.1773287598e-05, 3.90966742998e-05, 2.4942391974e-05, 2.64356276602e-05, 1.68357782968e-05, 1.85048465937e-05, 1.54685803864e-05, 9.1368547146e-06, 1.14029744509e-05, 1.08032409116e-05, 1.03766578832e-05, 9.39665915212e-06, 8.85603185452e-06, 1.33581525006e-05, 1.69986979017e-05, 2.40492136072e-05, 1.57953891176e-05, 1.28572683025e-05, 7.1076246968e-06, 5.27768270331e-06, 4.58576232631e-06, 2.98180816571e-06, 2.06765389521e-06],
        "median": [0.00152680161409, 0.00140032218769, 0.000410033826483, 0.000164234195836, 0.000154040812049, 7.96710810391e-05, 4.63985961687e-05, 6.88874424668e-05, 0.000101230580185, 8.34850361571e-05, 0.000101811310742, 6.71924717608e-05, 3.24517750414e-05, 3.46922533936e-05, 2.18881850742e-05, 2.39979508478e-05, 2.21467071242e-05, 2.05313954211e-05, 1.75992518052e-05, 1.26167369672e-05, 1.15755474326e-05, 8.89076000021e-06, 8.78820992511e-06, 8.61284115672e-06, 6.34311209069e-06, 6.50135098113e-06, 6.14305554336e-06, 5.8765895119e-06, 4.28291878052e-06, 4.94634105053e-06, 7.65854747442e-06, 9.16853787203e-06, 1.05699245978e-05, 8.11640984466e-06, 5.80379037274e-06, 3.43084298038e-06, 2.60526803686e-06, 2.14074111682e-06, 1.35674531521e-06, 8.19406466235e-07],
        "min": [1.70751341072e-23, 1.18832705142e-23, 5.9794209056e-24, 1.05896885132e-23, 2.00243631766e-23, 1.11258812148e-23, 4.4683467976e-24, 4.73944831401e-24, 4.49878460119e-24, 8.54606150784e-24, 1.21139697305e-23, 9.96059245168e-24, 1.38453703227e-23, 8.12198566241e-24, 9.06506019713e-24, 1.05672335875e-23, 9.68056576299e-24, 6.54594846443e-24, 5.72178287826e-24, 9.41461471943e-24, 1.18422544803e-23, 1.12736064633e-23, 1.21687419209e-23, 1.28311397455e-23, 9.60810257796e-24, 7.77970917083e-24, 9.8437140311e-24, 5.35438274457e-24, 8.53374660025e-24, 1.22028357003e-23, 1.07918601526e-23, 8.13894380529e-24, 9.07817106538e-24, 8.57348310177e-24, 9.45614430178e-24, 8.9434430891e-24, 1.21811317702e-23, 1.03167205519e-23, 8.94935481272e-24, 1.17252916516e-23],
        "var": [3.49991350959e-05, 1.9018756575e-05, 5.36092829861e-06, 5.2718706911e-07, 2.49888756798e-07, 7.91696024294e-08, 1.25536715245e-07, 5.58037015708e-07, 1.98493285097e-06, 5.99687439262e-07, 4.31292050962e-07, 2.55341035427e-07, 4.13910825614e-08, 5.09976452179e-08, 2.69993432056e-08, 1.84196320419e-08, 1.98857232903e-08, 1.22310863659e-08, 4.20547818791e-09, 1.80192616384e-09, 3.30754135192e-09, 7.31500970907e-10, 1.07580211406e-09, 4.06830624744e-10, 1.29835905915e-10, 2.59640642319e-10, 1.80775075465e-10, 1.66492597486e-10, 4.30589536249e-10, 2.18437143373e-10, 3.28749638623e-10, 4.80081807641e-10, 1.22774912459e-09, 4.31651908661e-10, 4.03271888105e-10, 1.14261343442e-10, 6.14900491636e-11, 4.74559280761e-11, 2.3851825029e-11, 1.31338820028e-11]
    },
    "mfcc": {
        "mean": [-611.666015625, 86.870223999, 10.364812851, 10.6122350693, -4.16506624222, 16.5202407837, -2.13970589638, 14.5377578735, 6.53366470337, 7.61694288254, 3.8358373642, -3.6945233345, -3.34175920486],
        "cov": [[5122.27636719, -882.885375977, 815.859130859, 404.253173828, 129.354125977, 336.929656982, 73.8401641846, 145.203277588, 34.3383293152, 123.07384491, 168.114151001, 53.6160545349, 171.438308716], [-882.885375977, 994.784606934, 123.68371582, 162.884170532, 96.514289856, -22.7360057831, 87.0762634277, -10.6809711456, -0.862842619419, -2.26008200645, 27.2639427185, 33.3823852539, 30.7426548004], [815.859130859, 123.68371582, 1201.55187988, 544.462463379, 391.496063232, 271.280914307, 47.7751350403, 84.2438278198, 47.7028427124, 0.0827597230673, 108.27973938, 111.978599548, 126.623397827], [404.253173828, 162.884170532, 544.462463379, 542.764038086, 290.954071045, 197.037963867, 43.3678855896, 88.9187469482, 71.9609909058, 21.3293743134, 70.5099868774, 72.8544616699, 90.1200790405], [129.354125977, 96.514289856, 391.496063232, 290.954071045, 323.955810547, 134.28717041, 31.5314655304, 46.1693534851, 54.4219741821, -9.58095550537, 20.3634414673, 41.767250061, 53.4222450256], [336.929656982, -22.7360057831, 271.280914307, 197.037963867, 134.28717041, 294.779205322, 92.5567169189, 85.8394393921, 39.3602905273, 40.8503494263, 58.5724334717, 6.37920856476, 46.8849449158], [73.8401641846, 87.0762634277, 47.7751350403, 43.3678855896, 31.5314655304, 92.5567169189, 240.866943359, 34.5506973267, 34.718624115, 65.4795150757, 35.550113678, 8.17097949982, 16.8092498779], [145.203277588, -10.6809711456, 84.2438278198, 88.9187469482, 46.1693534851, 85.8394393921, 34.5506973267, 131.215835571, 52.9087409973, 33.9099121094, 29.1973056793, 10.4171695709, 24.0088005066], [34.3383293152, -0.862842619419, 47.7028427124, 71.9609909058, 54.4219741821, 39.3602905273, 34.718624115, 52.9087409973, 123.72857666, 55.9243392944, 14.0847587585, 21.3184280396, 10.3676900864], [123.07384491, -2.26008200645, 0.0827597230673, 21.3293743134, -9.58095550537, 40.8503494263, 65.4795150757, 33.9099121094, 55.9243392944, 128.909408569, 52.6590232849, 13.0421485901, 9.31485462189], [168.114151001, 27.2639427185, 108.27973938, 70.5099868774, 20.3634414673, 58.5724334717, 35.550113678, 29.1973056793, 14.0847587585, 52.6590232849, 113.784942627, 47.7046699524, 26.5431995392], [53.6160545349, 33.3823852539, 111.978599548, 72.8544616699, 41.767250061, 6.37920856476, 8.17097949982, 10.4171695709, 21.3184280396, 13.0421485901, 47.7046699524, 106.467384338, 49.188999176], [171.438308716, 30.7426548004, 126.623397827, 90.1200790405, 53.4222450256, 46.8849449158, 16.8092498779, 24.0088005066, 10.3676900864, 9.31485462189, 26.5431995392, 49.188999176, 95.3098297119]],
