{
"lowlevel": {
    "average_loudness": 0.717225372791,
    "barkbands_crest": {
        "dmean": 2.54122066498,
        "dmean2": 4.11463832855,
        "dvar": 5.33531427383,
        "dvar2": 13.1563816071,
        "max": 25.8677082062,
        "mean": 9.46213150024,
        "median": 8.67011833191,
        "min": 1.95987415314,
        "var": 15.6352853775
    },
    "barkbands_flatness_db": {
        "dmean": 0.0169824510813,
        "dmean2": 0.0259989649057,
        "dvar": 0.000257621635683,
        "dvar2": 0.000574522244278,
        "max": 0.426168084145,
        "mean": 0.127444893122,
        "median": 0.115343138576,
        "min": 0.0174857974052,
        "var": 0.00321719190106
    },
    "barkbands_kurtosis": {
        "dmean": 1.54614841938,
        "dmean2": 2.46540117264,
        "dvar": 8.4750328064,
        "dvar2": 19.6512317657,
        "max": 81.0230102539,
        "mean": 1.76853656769,
        "median": 0.588572859764,
        "min": -1.89893496037,
        "var": 19.6077480316
    },
    "barkbands_skewness": {
        "dmean": 0.42158228159,
        "dmean2": 0.64868748188,
        "dvar": 0.189960122108,
        "dvar2": 0.426644235849,
        "max": 8.26101303101,
        "mean": 0.842665970325,
        "median": 0.688590407372,
        "min": -1.82256317139,
        "var": 0.810911417007
    },
    "barkbands_spread": {
        "dmean": 5.35674476624,
        "dmean2": 8.18066501617,
        "dvar": 46.1688346863,
        "dvar2": 89.3329467773,
        "max": 101.915306091,
        "mean": 24.5237922668,
        "median": 22.1242866516,
        "min": 0.661727249622,
        "var": 211.030303955
    },
    "dissonance": {
        "dmean": 0.0242472309619,
        "dmean2": 0.0411034114659,
        "dvar": 0.000611025607213,
        "dvar2": 0.00164072972257,
        "max": 0.500000059605,
        "mean": 0.45461884141,
        "median": 0.467137873173,
        "min": 0.185429692268,
        "var": 0.00172830850352
    },
    "dynamic_complexity": 3.6891374588,
    "erbbands_crest": {
        "dmean": 2.72945618629,
        "dmean2": 4.34712982178,
        "dvar": 5.71191930771,
        "dvar2": 13.8649206161,
        "max": 32.7881011963,
        "mean": 10.6399116516,
        "median": 9.91006660461,
        "min": 2.60123491287,
        "var": 22.4980258942
    },
    "erbbands_flatness_db": {
        "dmean": 0.0158676467836,
        "dmean2": 0.0232879053801,
        "dvar": 0.000200360344024,
        "dvar2": 0.000394604343455,
        "max": 0.489557057619,
        "mean": 0.174106031656,
        "median": 0.16852222383,
        "min": 0.0557043887675,
        "var": 0.00259140785784
    },
    "erbbands_kurtosis": {
        "dmean": 1.19998753071,
        "dmean2": 1.88524973392,
        "dvar": 2.78210186958,
        "dvar2": 6.8202009201,
        "max": 38.048614502,
        "mean": 1.84346413612,
        "median": 0.985073447227,
        "min": -1.87856280804,
        "var": 9.58029651642
    },
    "erbbands_skewness": {
        "dmean": 0.349990308285,
        "dmean2": 0.53630656004,
        "dvar": 0.107496611774,
        "dvar2": 0.233181387186,
        "max": 5.62877130508,
        "mean": 0.745280265808,
        "median": 0.739441335201,
        "min": -2.86424398422,
        "var": 0.601853847504
    },
    "erbbands_spread": {
        "dmean": 6.25321769714,
        "dmean2": 9.28207683563,
        "dvar": 57.5684814453,
        "dvar2": 112.358337402,
        "max": 119.083267212,
        "mean": 29.5470218658,
        "median": 25.3081169128,
        "min": 1.61548495293,
        "var": 291.646514893
    },
    "hfc": {
        "dmean": 5.79999351501,
        "dmean2": 8.62801933289,
        "dvar": 57.5852966309,
        "dvar2": 117.997695923,
        "max": 164.694656372,
        "mean": 27.0424995422,
        "median": 21.5842285156,
        "min": 1.15760247427e-16,
        "var": 485.022979736
    },
    "melbands_crest": {
        "dmean": 3.38940119743,
        "dmean2": 5.52792787552,
        "dvar": 9.29361438751,
        "dvar2": 23.1722679138,
        "max": 37.9364776611,
        "mean": 12.8938245773,
        "median": 11.7650947571,
        "min": 1.61986982822,
        "var": 27.3093700409
    },
    "melbands_flatness_db": {
        "dmean": 0.0208295285702,
        "dmean2": 0.0320769958198,
        "dvar": 0.000420279015088,
        "dvar2": 0.000891505274922,
        "max": 0.532258927822,
        "mean": 0.175714462996,
        "median": 0.160791188478,
        "min": 0.00686134910211,
        "var": 0.00461546238512
    },
    "melbands_kurtosis": {
        "dmean": 3.41098618507,
        "dmean2": 5.38414478302,
        "dvar": 44.5503921509,
        "dvar2": 102.014808655,
        "max": 177.724746704,
        "mean": 5.49891805649,
        "median": 2.71448397636,
        "min": -1.69837832451,
        "var": 89.3089828491
    },
    "melbands_skewness": {
        "dmean": 0.558567404747,
        "dmean2": 0.861082851887,
        "dvar": 0.358355402946,
        "dvar2": 0.790713846684,
        "max": 11.0842170715,
        "mean": 1.52686131001,
        "median": 1.29644703865,
        "min": -1.72027933598,
        "var": 1.49584436417
    },
    "melbands_spread": {
        "dmean": 7.19162797928,
        "dmean2": 11.0197582245,
        "dvar": 100.43837738,
        "dvar2": 190.752410889,
        "max": 234.45640564,
        "mean": 30.2106304169,
        "median": 27.676815033,
        "min": 0.7731513381,
        "var": 371.729614258
    },
    "pitch_salience": {
        "dmean": 0.0652188882232,
        "dmean2": 0.105561099946,
        "dvar": 0.00318888272159,
        "dvar2": 0.00790044479072,
        "max": 0.884360432625,
        "mean": 0.544995486736,
        "median": 0.545656085014,
        "min": 0.0749397873878,
        "var": 0.0117982374504
    },
    "silence_rate_20dB": {
        "dmean": 0,
        "dmean2": 0,
        "dvar": 0,
        "dvar2": 0,
        "max": 1,
        "mean": 1,
        "median": 1,
        "min": 1,
        "var": 0
    },
    "silence_rate_30dB": {
        "dmean": 0.0138157121837,
        "dmean2": 0.0276346597821,
        "dvar": 0.013624753803,
        "dvar2": 0.0331938229501,
        "max": 1,
        "mean": 0.988995552063,
        "median": 1,
        "min": 0,
        "var": 0.0108836004511
    },
    "silence_rate_60dB": {
        "dmean": 0.0142840417102,
        "dmean2": 0.0285714287311,
        "dvar": 0.0140813477337,
        "dvar2": 0.0340722203255,
        "max": 1,
        "mean": 0.0682509914041,
        "median": 0,
        "min": 0,
        "var": 0.0636029988527
    },
    "spectral_centroid": {
        "dmean": 206.282348633,
        "dmean2": 311.939147949,
        "dvar": 68063.8203125,
        "dvar2": 121435.351562,
        "max": 10873.7324219,
        "mean": 1490.22290039,
        "median": 1448.84692383,
        "min": 183.563766479,
        "var": 381323.3125
    },
    "spectral_complexity": {
        "dmean": 2.72239780426,
        "dmean2": 4.38641691208,
        "dvar": 7.03275203705,
        "dvar2": 16.8730258942,
        "max": 55,
        "mean": 19.914188385,
        "median": 18,
        "min": 0,
        "var": 119.435089111
    },
    "spectral_decrease": {
        "dmean": 2.06413397486e-09,
        "dmean2": 3.20940118925e-09,
        "dvar": 1.07508333341e-17,
        "dvar2": 2.37236342666e-17,
        "max": -5.38938332831e-29,
        "mean": -6.89497436923e-09,
        "median": -5.52472601001e-09,
        "min": -4.62297933268e-08,
        "var": 3.51270585101e-17
    },
    "spectral_energy": {
        "dmean": 0.00812417641282,
        "dmean2": 0.0126077579334,
        "dvar": 0.000158350623678,
        "dvar2": 0.000349663343513,
        "max": 0.178668826818,
        "mean": 0.0284760799259,
        "median": 0.023002833128,
        "min": 1.07032049853e-20,
        "var": 0.000564962800127
    },
    "spectral_energyband_high": {
        "dmean": 0.000383555074222,
        "dmean2": 0.00052313588094,
        "dvar": 7.09168375579e-07,
        "dvar2": 1.12538612029e-06,
        "max": 0.0250957794487,
        "mean": 0.00125026202295,
        "median": 0.000639022095129,
        "min": 7.35424552974e-21,
        "var": 3.34614128406e-06
    },
    "spectral_energyband_low": {
        "dmean": 0.00539104733616,
        "dmean2": 0.00859623588622,
        "dvar": 0.000137702736538,
        "dvar2": 0.00030594447162,
        "max": 0.151237726212,
        "mean": 0.0091398935765,
        "median": 0.00492115039378,
        "min": 5.95187475054e-23,
        "var": 0.00022778759012
    },
    "spectral_energyband_middle_high": {
        "dmean": 0.00283432519063,
        "dmean2": 0.00430167000741,
        "dvar": 1.50142732309e-05,
        "dvar2": 3.54920521204e-05,
        "max": 0.0684689879417,
        "mean": 0.0100021194667,
        "median": 0.00621633883566,
        "min": 1.92245094631e-21,
        "var": 0.000101298959635
    },
    "spectral_energyband_middle_low": {
        "dmean": 0.00321124866605,
        "dmean2": 0.00507316039875,
        "dvar": 1.90639093489e-05,
        "dvar2": 4.68011312478e-05,
        "max": 0.0759125053883,
        "mean": 0.00884559657425,
        "median": 0.00708681158721,
        "min": 2.38790089277e-22,
        "var": 6.01370120421e-05
    },
    "spectral_entropy": {
        "dmean": 0.126740604639,
        "dmean2": 0.180454194546,
        "dvar": 0.0180498044938,
        "dvar2": 0.0315855070949,
        "max": 9.79910182953,
        "mean": 7.64268493652,
        "median": 7.76517295837,
        "min": 4.80624485016,
        "var": 0.24120041728
    },
    "spectral_flux": {
        "dmean": 0.0221193227917,
        "dmean2": 0.0352914333344,
        "dvar": 0.00059791241074,
        "dvar2": 0.00143144198228,
        "max": 0.350948512554,
        "mean": 0.0877462625504,
        "median": 0.0815491080284,
        "min": 1.03456292144e-10,
        "var": 0.00243182573467
    },
    "spectral_kurtosis": {
        "dmean": 1.19129991531,
        "dmean2": 1.9641238451,
        "dvar": 3.94597101212,
        "dvar2": 10.3520383835,
        "max": 75.5348968506,
        "mean": 3.65170907974,
        "median": 2.89430689812,
        "min": -1.33395886421,
        "var": 17.5244560242
    },
    "spectral_rms": {
        "dmean": 0.000680190860294,
        "dmean2": 0.00103858904913,
        "dvar": 6.23370965513e-07,
        "dvar2": 1.29210127398e-06,
        "max": 0.0132026905194,
        "mean": 0.00481437472627,
        "median": 0.00473727658391,
        "min": 3.23143183219e-12,
        "var": 4.60331420982e-06
    },
    "spectral_rolloff": {
        "dmean": 454.28527832,
        "dmean2": 741.777893066,
        "dvar": 895958.8125,
        "dvar2": 1724424.625,
        "max": 18863.0859375,
        "mean": 1736.65576172,
        "median": 1399.65820312,
        "min": 21.533203125,
        "var": 2357668.75
    },
    "spectral_skewness": {
        "dmean": 0.176628798246,
        "dmean2": 0.272852569818,
        "dvar": 0.0379507020116,
        "dvar2": 0.0857200175524,
        "max": 6.90010499954,
        "mean": 1.47551953793,
        "median": 1.40925264359,
        "min": -0.248933941126,
        "var": 0.305785059929
    },
    "spectral_spread": {
        "dmean": 445826.4375,
        "dmean2": 622126.4375,
        "dvar": 448230490112,
        "dvar2": 644798611456,
        "max": 40109084,
        "mean": 4810402,
        "median": 4580576,
        "min": 1027307.875,
        "var": 2.16334139392e+12
    },
    "spectral_strongpeak": {
        "dmean": 0.84453445673,
        "dmean2": 1.4101088047,
        "dvar": 1.40996718407,
        "dvar2": 3.50417160988,
        "max": 14.1253061295,
        "mean": 1.51655685902,
        "median": 0.695378422737,
        "min": 0,
        "var": 3.03103876114
    },
    "zerocrossingrate": {
        "dmean": 0.00978923588991,
        "dmean2": 0.0111346421763,
        "dvar": 0.000192801948288,
        "dvar2": 0.000195854343474,
        "max": 0.67333984375,
        "mean": 0.0688783526421,
        "median": 0.0625,
        "min": 0.00341796875,
        "var": 0.00147031224333
    },
    "barkbands": {
        "dmean": [0.000472367421025, 0.00421272823587, 0.00178444886114, 0.000781029346399, 0.000484618125483, 0.000763932126574, 0.000817253021523, 0.000531366444193, 0.0013730020728, 0.00129299296532, 0.00116249686107, 0.000720943498891, 0.000664153834805, 0.000594230077695, 0.000303840119159, 0.000281375978375, 0.000188469857676, 0.000100874305645, 0.00012699382205, 0.000140058298712, 0.000104419763375, 0.000142168835737, 0.000108990861918, 7.22367985873e-05, 5.06438445882e-05, 1.35516347655e-05, 1.06463812699e-06],
        "dmean2": [0.000793629442342, 0.006748882588, 0.00310485879891, 0.00134356087074, 0.000804729119409, 0.00122221384663, 0.00132350483909, 0.000843991176225, 0.00215784902684, 0.00203191698529, 0.00180226517841, 0.00112356536556, 0.001013525296, 0.000950165267568, 0.000491650484037, 0.000449129875051, 0.000302412285237, 0.000164754019352, 0.000209035439184, 0.000226327014389, 0.000161626157933, 0.000205258984352, 0.000161840100191, 0.000104223167, 7.18928786227e-05, 1.84605269169e-05, 1.58703812758e-06],
        "dvar": [3.43788792634e-06, 0.000107689666038, 2.33569244301e-05, 4.32136812378e-06, 8.61514536155e-07, 1.67856637745e-06, 2.79423488792e-06, 1.53116991441e-06, 6.14100235907e-06, 6.46359421808e-06, 5.62718832953e-06, 2.56718817582e-06, 2.0533955194e-06, 1.90869218386e-06, 5.99913164478e-07, 6.63079845253e-07, 2.18952138198e-07, 4.81935380492e-08, 5.11283602123e-08, 6.09678565411e-08, 5.61567787827e-08, 1.70838447389e-07, 4.83481876756e-08, 3.3312147707e-08, 4.34317328768e-08, 1.74092695815e-09, 1.11017028903e-11],
        "dvar2": [9.7295624073e-06, 0.000248900178121, 6.4517626015e-05, 1.16250630526e-05, 2.2474700927e-06, 3.96639461542e-06, 7.04494004822e-06, 3.55270117325e-06, 1.4637554159e-05, 1.47132668644e-05, 1.30943753902e-05, 5.88883085584e-06, 4.41125439465e-06, 4.34912908531e-06, 1.46543175106e-06, 1.41374096074e-06, 4.78947129068e-07, 1.21706122513e-07, 1.36418705665e-07, 1.52488851768e-07, 1.24515892708e-07, 3.0941487239e-07, 9.27068626311e-08, 6.09898407333e-08, 8.47298977646e-08, 3.22994031521e-09, 2.33030938296e-11],
        "max": [0.112167745829, 0.140143796802, 0.0769954025745, 0.0340020135045, 0.0155834238976, 0.0232397094369, 0.0305549018085, 0.0360434763134, 0.0478846095502, 0.059529222548, 0.0382495857775, 0.0397178791463, 0.0353983230889, 0.0330466516316, 0.0229301732033, 0.0262399744242, 0.0164046138525, 0.00677622528747, 0.00483991857618, 0.00541323563084, 0.00765368156135, 0.0126400068402, 0.00658683106303, 0.0049777366221, 0.00697071524337, 0.00149780756328, 6.08242189628e-05],
        "mean": [0.00064260099316, 0.00608789082617, 0.00202278769575, 0.000906328088604, 0.000808420882095, 0.00140744575765, 0.00148622575216, 0.000885989051312, 0.00263431831263, 0.00226168939844, 0.00234957993962, 0.00135428144131, 0.00119618140161, 0.00113114819396, 0.0005054816138, 0.000509808247443, 0.000367318862118, 0.000199640708161, 0.000282430672087, 0.000300000188872, 0.000250137527473, 0.000329296832206, 0.000281372165773, 0.000159648086992, 8.96403071238e-05, 2.51725596172e-05, 1.2218943084e-06],
        "median": [0.000220643734792, 0.00271122832783, 0.000551225501113, 0.000215303909499, 0.000366938591469, 0.000710386317223, 0.000669886590913, 0.000266065937467, 0.000993763329461, 0.000618735561147, 0.000513351638801, 0.000370002817363, 0.000358221266652, 0.000308724294882, 0.000192250867258, 0.000185418917681, 0.000156066991622, 0.000100712335552, 0.000164700788446, 0.000157991802553, 0.000105144419649, 0.000140883494169, 0.000144388119224, 6.71838133712e-05, 2.45417977567e-05, 7.16632075637e-06, 7.398624291e-08],
        "min": [2.02990871423e-23, 3.55495970198e-23, 1.99833633143e-24, 6.39925267936e-24, 3.08650538192e-23, 2.94427060527e-23, 4.75249189242e-23, 5.88300466916e-23, 5.26776447611e-23, 8.01209165851e-23, 5.44152718325e-23, 1.30509160782e-22, 1.0638096016e-22, 1.2167062436e-22, 1.42450874056e-22, 1.62540296169e-22, 2.31837107123e-22, 3.38490520908e-22, 4.05089591649e-22, 4.00685450635e-22, 4.81670289818e-22, 5.2593505488e-22, 5.21219660907e-22, 9.96677210402e-22, 9.66637791028e-22, 1.52322613791e-21, 2.38083360782e-21],
        "var": [4.8234537644e-06, 0.000145768892253, 2.1903664674e-05, 4.57976511825e-06, 1.59669298228e-06, 3.88849866795e-06, 5.26949088453e-06, 3.06681340589e-06, 1.63310996868e-05, 1.69721115526e-05, 1.96321871044e-05, 7.93834260548e-06, 5.8355190049e-06, 6.1731589085e-06, 1.18633067814e-06, 1.81785935638e-06, 5.54169673705e-07, 9.68569935367e-08, 1.29351789724e-07, 1.58845878673e-07, 1.9673312579e-07, 5.27193492417e-07, 1.72016413558e-07, 8.35913382957e-08, 7.38455128158e-08, 3.55022833354e-09, 1.50959609396e-11]
    },
    "erbbands": {
        "dmean": [0.149929746985, 0.88671708107, 1.90175461769, 2.29451799393, 1.90861868858, 1.70682489872, 2.92067837715, 7.99558115005, 10.8694887161, 11.8707370758, 12.6304244995, 29.4070739746, 40.786567688, 39.2033042908, 36.3822097778, 23.4230384827, 27.0097675323, 29.0572471619, 19.7492427826, 14.3203020096, 12.9541463852, 10.3271303177, 5.68019914627, 5.77332258224, 7.11955022812, 5.46517372131, 3.72623586655, 4.55067205429, 5.33182382584, 4.51136159897, 2.86560440063, 1.67871296406, 1.15505886078, 0.783748328686, 0.239385962486, 0.0781332924962, 0.0209616906941, 0.00308902864344, 0.000149226034409, 1.21479370137e-05],
        "dmean2": [0.243094563484, 1.423204422, 3.27008581161, 3.93106651306, 3.25402259827, 2.82387399673, 4.72276306152, 12.7963638306, 17.4083156586, 19.0042972565, 19.7647686005, 46.2868881226, 64.4016799927, 61.4886779785, 55.818862915, 35.8231925964, 40.7540245056, 45.2202033997, 30.9153060913, 22.4188556671, 20.0379619598, 16.4347038269, 9.12971878052, 9.61057949066, 11.4145097733, 8.79662799835, 5.83767747879, 7.01887893677, 7.82752943039, 6.7072019577, 4.24200820923, 2.44471955299, 1.67958271503, 1.1287728548, 0.338648855686, 0.107399687171, 0.0291087795049, 0.0042984909378, 0.000215152234887, 1.80415408977e-05],
        "dvar": [0.150258287787, 4.45420026779, 24.2797412872, 31.1994609833, 20.4849452972, 13.1259679794, 34.8325958252, 200.560546875, 508.090911865, 689.388977051, 662.908081055, 3122.87597656, 5781.30175781, 5882.1953125, 5688.41210938, 2597.39990234, 3378.09863281, 3745.13232422, 2273.61499023, 1160.3527832, 1530.42382812, 600.653137207, 147.160461426, 189.809677124, 163.84588623, 84.6960067749, 71.7177505493, 119.491950989, 236.422805786, 142.350021362, 31.0509262085, 18.1998023987, 8.72556018829, 10.2646551132, 1.04864132404, 0.0650459080935, 0.00413450459018, 7.44527569623e-05, 2.60028514276e-07, 4.06118388918e-10],
        "dvar2": [0.350461095572, 10.5268039703, 66.0167388916, 84.9624557495, 55.5210456848, 31.791513443, 86.424079895, 476.155456543, 1277.99633789, 1717.59643555, 1544.43859863, 7428.75878906, 14385.9326172, 14003.9697266, 13543.8173828, 5700.12304688, 7144.79980469, 8293.26074219, 5082.984375, 2663.42456055, 3077.64404297, 1350.36157227, 368.321655273, 531.537902832, 398.306213379, 216.756500244, 168.215835571, 255.057403564, 456.048370361, 268.734375, 58.7491569519, 35.2980880737, 15.7908992767, 19.8538532257, 2.17819714546, 0.121996343136, 0.00785233173519, 0.000140786753036, 5.17538467193e-07, 8.25892465528e-10],
        "max": [4.96716165543, 30.6366634369, 76.7701644897, 115.090377808, 77.1916275024, 94.1159820557, 126.298171997, 285.934234619, 492.595275879, 563.469299316, 566.78112793, 1041.15246582, 2210.14697266, 1446.20898438, 1475.78198242, 1230.46557617, 1541.0480957, 1726.25439453, 1409.31652832, 965.720825195, 1689.33544922, 1143.59423828, 349.082733154, 686.639770508, 344.879730225, 230.233642578, 248.263916016, 414.146484375, 458.727752686, 336.650024414, 162.545074463, 128.602371216, 75.5793914795, 96.6243286133, 38.5458106995, 8.4157371521, 2.45482754707, 0.241922393441, 0.01356950216, 0.000521245237906],
        "mean": [0.200830027461, 1.25691568851, 2.41430044174, 2.8526198864, 2.6022336483, 2.75326180458, 5.04035902023, 14.5433282852, 20.2109718323, 21.5626583099, 23.1278858185, 55.336139679, 79.3468017578, 81.7725372314, 80.2520065308, 48.9144897461, 54.25182724, 59.7119560242, 37.926235199, 27.6938152313, 25.9376316071, 21.3018493652, 12.4827251434, 12.5417070389, 16.2462081909, 12.7913589478, 9.24994659424, 10.7093257904, 11.8946065903, 10.9108982086, 7.47791957855, 3.87011194229, 2.42511677742, 1.39481055737, 0.4175555408, 0.145736053586, 0.0376507081091, 0.00489638652653, 0.000205644624657, 4.18732888647e-05],
        "median": [0.0775431245565, 0.490016907454, 0.872089385986, 0.893371939659, 0.969243049622, 1.17083346844, 2.6157708168, 7.24283313751, 10.1728849411, 8.63068199158, 9.55298995972, 22.6993103027, 30.8267097473, 26.9225006104, 22.2441558838, 16.2478637695, 19.5539970398, 20.9686508179, 14.6935977936, 11.78008461, 10.9571037292, 9.88621902466, 6.46479463577, 6.95297241211, 9.55555915833, 6.8832526207, 4.1976017952, 4.53993368149, 5.06094646454, 5.30638122559, 3.6237578392, 1.61833536625, 1.00099468231, 0.410616964102, 0.105686068535, 0.0401139184833, 0.0108318720013, 0.00105615903158, 4.54176552012e-05, 3.20958315569e-05],
        "min": [2.27575481089e-21, 3.14877124602e-21, 3.38304430513e-21, 1.36100194398e-20, 1.35319655786e-20, 9.84512433012e-20, 2.76883097018e-19, 3.19488042594e-19, 7.1388432069e-19, 1.08594855755e-18, 8.30906544225e-19, 1.3952096751e-18, 1.20134139038e-18, 3.35474409116e-18, 4.27099944118e-18, 4.40511933288e-18, 3.88185480354e-18, 4.29181295975e-18, 6.39522861913e-18, 1.21106520867e-17, 7.65779740146e-18, 1.31563986325e-17, 1.6558693408e-17, 2.1320151809e-17, 1.7783082842e-17, 2.15674490336e-17, 1.53169679227e-17, 2.31482904459e-17, 1.85853570463e-17, 1.68718739141e-17, 1.5901359445e-17, 2.0344998511e-17, 1.63713518885e-17, 8.73112793915e-18, 8.09091661482e-18, 5.76836509474e-18, 2.75943585278e-18, 1.19209102959e-18, 3.50405158759e-19, 3.24620019748e-20],
        "var": [0.184193685651, 6.2349858284, 24.928691864, 32.5834388733, 23.3101654053, 27.0212039948, 67.016998291, 455.535827637, 942.309204102, 1353.17297363, 1513.95849609, 7426.11621094, 17483.5253906, 20191.4238281, 22238.7089844, 8836.16601562, 10364.3173828, 13083.4404297, 5886.85693359, 2830.20629883, 4819.7421875, 1638.70397949, 349.553619385, 359.131286621, 439.384338379, 260.829528809, 233.166503906, 387.215087891, 672.544189453, 439.609558105, 117.456924438, 46.2846107483, 20.9218177795, 17.4515113831, 1.63253748417, 0.133150160313, 0.00779576040804, 0.000137896335218, 3.68569146758e-07, 1.36443567555e-09]
    },
    "gfcc": {
        "mean": [0.789025068283, 85.1542129517, -131.915863037, 25.878288269, -71.9890899658, 32.131401062, -25.8845748901, 12.4928321838, -14.4942617416, 5.68588972092, -10.574051857, 2.31250023842, -7.73007106781],
        "cov": [[7712.86083984, -985.883972168, 306.304779053, 664.306091309, 318.714874268, 345.24395752, -92.2914505005, 267.328735352, -202.631057739, 63.6737365723, -267.112548828, 78.1734848022, -397.786895752], [-985.883972168, 1311.8112793, 378.310791016, -14.550160408, 155.561950684, -10.6438331604, 227.584228516, -71.4397964478, 150.495788574, -31.4177284241, 283.649841309, 45.7933158875, 126.317352295], [306.304779053, 378.310791016, 1058.80859375, 287.058074951, 115.560882568, 105.789207458, -32.1003684998, 45.4517097473, 66.8751068115, 120.120613098, 58.980922699, 130.557373047, 27.6046142578], [664.306091309, -14.550160408, 287.058074951, 383.173553467, 98.6294326782, 76.7986602783, -22.8359737396, 19.9204483032, 22.4697666168, 42.5990447998, -18.374786377, 31.7648868561, 0.0430419147015], [318.714874268, 155.561950684, 115.560882568, 98.6294326782, 287.41229248, 48.3492736816, 58.6646881104, 40.0837211609, 2.6277859211, 0.591295301914, -22.2510757446, 7.84107065201, -12.0306110382], [345.24395752, -10.6438331604, 105.789207458, 76.7986602783, 48.3492736816, 197.970336914, 88.6456832886, 7.66153287888, 3.14420628548, 17.1300792694, 20.1872177124, 8.81320381165, -8.3264503479], [-92.2914505005, 227.584228516, -32.1003684998, -22.8359737396, 58.6646881104, 88.6456832886, 253.444213867, 15.5248250961, 2.08417391777, -13.8464460373, 72.8286209106, -5.52087783813, 5.85865879059], [267.328735352, -71.4397964478, 45.4517097473, 19.9204483032, 40.0837211609, 7.66153287888, 15.5248250961, 124.76197052, 25.3283977509, 3.51506543159, -38.6858215332, 3.31264686584, -3.11149549484], [-202.631057739, 150.495788574, 66.8751068115, 22.4697666168, 2.6277859211, 3.14420628548, 2.08417391777, 25.3283977509, 140.857650757, 28.7320404053, 40.0165405273, 21.4947223663, 45.0504341125], [63.6737365723, -31.4177284241, 120.120613098, 42.5990447998, 0.591295301914, 17.1300792694, -13.8464460373, 3.51506543159, 28.7320404053, 105.727867126, 35.0161476135, 28.598197937, -0.36903822422], [-267.112548828, 283.649841309, 58.980922699, -18.374786377, -22.2510757446, 20.1872177124, 72.8286209106, -38.6858215332, 40.0165405273, 35.0161476135, 178.938598633, 41.7895812988, 29.6524772644], [78.1734848022, 45.7933158875, 130.557373047, 31.7648868561, 7.84107065201, 8.81320381165, -5.52087783813, 3.31264686584, 21.4947223663, 28.598197937, 41.7895812988, 97.8347244263, 31.4733562469], [-397.786895752, 126.317352295, 27.6046142578, 0.0430419147015, -12.0306110382, -8.3264503479, 5.85865879059, -3.11149549484, 45.0504341125, -0.36903822422, 29.6524772644, 31.4733562469, 109.530540466]],
        "icov": [[0.000256666593486, -6.37136035948e-05, 0.000155829722644, -0.000389876280678, -1.64650246006e-05, -0.000414403271861, 0.000234949955484, -0.000552053446881, 0.000295154488413, -4.31878543168e-05, 0.000153058805154, -0.000597555830609, 0.00091367069399], [-6.37136035948e-05, 0.00357386493124, -0.0019214268541, 0.00080282217823, -0.00214363122359, 0.00245630647987, -0.00231605186127, 0.00254338677041, -0.00277769379318, 0.0037280083634, -0.00444364501163, 0.002503992524, -0.00208312622271], [0.000155829722644, -0.0019214268541, 0.0026213619858, -0.00135809928179, 0.000829221389722, -0.00195375480689, 0.00174254621379, -0.0020082811825, 0.00154421257321, -0.00280558830127, 0.00208314671181, -0.00291151972488, 0.00154208869208], [-0.000389876280678, 0.00080282217823, -0.00135809928179, 0.00450291112065, -0.00131093943492, -5.38105596206e-05, -0.000167150981724, 0.00154058693442, -0.00128456728999, 0.000288404815365, -0.000476801185869, 0.00132077117451, -0.00181778264232], [-1.64650246006e-05, -0.00214363122359, 0.000829221389722, -0.00131093943492, 0.00567991426215, -0.00140829209704, 2.33117134485e-06, -0.00209460197948, 0.00152541953139, -0.00189365947153, 0.0035497576464, -0.00172176782507, 0.00156103621703], [-0.000414403271861, 0.00245630647987, -0.00195375480689, -5.38105596206e-05, -0.00140829209704, 0.00927459169179, -0.00474375626072, 0.00298109953292, -0.00229566521011, 0.00182375009172, -0.00260185496882, 0.00244202441536, -0.00200352654792], [0.000234949955484, -0.00231605186127, 0.00174254621379, -0.000167150981724, 2.33117134485e-06, -0.00474375626072, 0.00828327424824, -0.00387020921335, 0.00276469020173, -0.00105193478521, -0.000705166021362, -0.000816470652353, 0.00145666324534], [-0.000552053446881, 0.00254338677041, -0.0020082811825, 0.00154058693442, -0.00209460197948, 0.00298109953292, -0.00387020921335, 0.0131792677566, -0.00524317938834, 0.00210609310307, 0.000536574225407, 0.00172213930637, -0.00233108876273], [0.000295154488413, -0.00277769379318, 0.00154421257321, -0.00128456728999, 0.00152541953139, -0.00229566521011, 0.00276469020173, -0.00524317938834, 0.0121521241963, -0.00460767792538, 0.00115604477469, -0.00156136380974, -0.00129520241171], [-4.31878543168e-05, 0.0037280083634, -0.00280558830127, 0.000288404815365, -0.00189365947153, 0.00182375009172, -0.00105193478521, 0.00210609310307, -0.00460767792538, 0.0164554733783, -0.00698192650452, 0.00103211216629, -0.000158306866069], [0.000153058805154, -0.00444364501163, 0.00208314671181, -0.000476801185869, 0.0035497576464, -0.00260185496882, -0.000705166021362, 0.000536574225407, 0.00115604477469, -0.00698192650452, 0.015443299897, -0.00640957150608, 0.00256270519458], [-0.000597555830609, 0.002503992524, -0.00291151972488, 0.00132077117451, -0.00172176782507, 0.00244202441536, -0.000816470652353, 0.00172213930637, -0.00156136380974, 0.00103211216629, -0.00640957150608, 0.0178199410439, -0.00697517208755], [0.00091367069399, -0.00208312622271, 0.00154208869208, -0.00181778264232, 0.00156103621703, -0.00200352654792, 0.00145666324534, -0.00233108876273, -0.00129520241171, -0.000158306866069, 0.00256270519458, -0.00697517208755, 0.0161802712828]]
    },
    "melbands": {
        "dmean": [0.0012485148618, 0.000958346878178, 0.000388274755096, 0.000115427770652, 9.45558567764e-05, 0.000172008381924, 0.000165711564478, 0.000126442668261, 0.000116950977826, 0.000203999195946, 0.000210013720789, 0.000164542943821, 0.000134490401251, 8.26754403533e-05, 6.07762049185e-05, 7.21283868188e-05, 5.79060033488e-05, 3.85377534258e-05, 2.4660363124e-05, 2.17942488234e-05, 1.49471961777e-05, 1.25099195429e-05, 7.34929335522e-06, 4.17218552684e-06, 5.29221279066e-06, 4.98591134601e-06, 6.93342417435e-06, 3.39607208844e-06, 2.50175685323e-06, 3.08906987811e-06, 2.77866456599e-06, 3.37580604537e-06, 2.99679027194e-06, 2.68931717073e-06, 1.99711189453e-06, 1.26673819523e-06, 1.07326798116e-06, 8.79678168531e-07, 7.86216105553e-07, 6.70912697842e-07],
        "dmean2": [0.00200417591259, 0.00159253389575, 0.000664789113216, 0.00019245587464, 0.00015329249436, 0.000274819525657, 0.000265510781901, 0.000201424569241, 0.000182375661097, 0.000321050989442, 0.000331621733494, 0.000258588057477, 0.000205920921871, 0.000127160863485, 9.50602989178e-05, 0.000109996581159, 9.07840876607e-05, 6.05767017987e-05, 3.96203104174e-05, 3.47149943991e-05, 2.3510754545e-05, 1.99560599867e-05, 1.19789820019e-05, 6.8423673838e-06, 8.84663313627e-06, 8.13575206848e-06, 1.11402287075e-05, 5.56504801352e-06, 3.98803285862e-06, 4.92820936415e-06, 4.30199088441e-06, 5.10365089212e-06, 4.42520968136e-06, 4.10083248426e-06, 3.01147724713e-06, 1.898916139e-06, 1.5987164943e-06, 1.30359512696e-06, 1.15890463803e-06, 9.76295041255e-07],
        "dvar": [1.00627848951e-05, 4.87058969156e-06, 8.70486132953e-07, 5.4643837899e-08, 3.26461062627e-08, 8.76464909538e-08, 1.09876424403e-07, 8.08658597862e-08, 6.18470181735e-08, 1.44855803796e-07, 1.52786768126e-07, 9.92846196368e-08, 7.1579435712e-08, 3.78429731995e-08, 2.26454552887e-08, 2.70347602083e-08, 1.74357310812e-08, 1.04367350318e-08, 4.36484981492e-09, 3.90975785081e-09, 2.27760166283e-09, 9.93679916128e-10, 2.59167132199e-10, 7.24652490791e-11, 1.64351379728e-10, 7.42169659063e-11, 1.96694119325e-10, 3.46670539497e-11, 3.45900426357e-11, 6.77481057365e-11, 4.36882786892e-11, 8.43317082833e-11, 8.98708052421e-11, 3.94055656161e-11, 1.47646495724e-11, 6.98800175711e-12, 8.82105152811e-12, 4.60694633483e-12, 6.82260801674e-12, 8.81506066058e-12],
        "dvar2": [2.33951905102e-05, 1.2193197108e-05, 2.35781317315e-06, 1.42919489576e-07, 8.08833391375e-08, 2.08626886433e-07, 2.75702291219e-07, 1.96946047026e-07, 1.44200427599e-07, 3.48747562384e-07, 3.77353728709e-07, 2.33743676858e-07, 1.62657471492e-07, 8.80597355035e-08, 5.09488344846e-08, 5.8115176671e-08, 3.86762053495e-08, 2.34658852349e-08, 1.10340954151e-08, 8.44461478522e-09, 4.65515448411e-09, 2.15966000638e-09, 6.23740836758e-10, 1.86533025137e-10, 4.62138105561e-10, 1.93441915264e-10, 4.75814165846e-10, 8.85749043555e-11, 8.34273691797e-11, 1.65017832732e-10, 9.3359618647e-11, 1.7263766805e-10, 1.76737499635e-10, 7.99568258825e-11, 3.03295617787e-11, 1.39785171285e-11, 1.8309610772e-11, 8.71076041159e-12, 1.37721509544e-11, 1.72337179249e-11],
        "max": [0.0419865846634, 0.0311990790069, 0.0166509672999, 0.00381720322184, 0.00350880692713, 0.00566057534888, 0.0064455261454, 0.00755157042295, 0.00618030317128, 0.00673304172233, 0.010804769583, 0.00581680377945, 0.0044546443969, 0.00567465461791, 0.00292706652544, 0.00441860035062, 0.00394404772669, 0.0025781178847, 0.00199329154566, 0.0017584572779, 0.0018416835228, 0.0014713924611, 0.000369693123503, 0.000242676629568, 0.00062121002702, 0.000176864268724, 0.000315492972732, 0.000191764833289, 0.000165800127434, 0.000290037569357, 0.000277545128483, 0.000333244679496, 0.000313262513373, 0.000169412887772, 0.000117597315693, 6.72050227877e-05, 8.89023576747e-05, 6.03684529779e-05, 8.66435584612e-05, 0.000113035632239],
        "mean": [0.00177286670078, 0.00143563479651, 0.000503063609358, 0.000182678253623, 0.000165741104865, 0.000319673883496, 0.00031069573015, 0.000224609844736, 0.00020348430553, 0.000380533194402, 0.000398493401008, 0.000326005450916, 0.000285714340862, 0.000165538367582, 0.000108935790195, 0.000134174362756, 0.000109811437142, 6.67348067509e-05, 4.03322228522e-05, 3.80515448342e-05, 2.72574470728e-05, 2.31503581745e-05, 1.45205358422e-05, 8.47758383316e-06, 1.02451140265e-05, 1.06288271127e-05, 1.3246589333e-05, 7.291610018e-06, 5.4422125686e-06, 6.44022884444e-06, 5.8931982494e-06, 6.78358037476e-06, 6.30370550425e-06, 6.04486285738e-06, 4.7442936193e-06, 2.85970190816e-06, 2.15790828406e-06, 1.75723971552e-06, 1.41219356919e-06, 1.10470841719e-06],
        "median": [0.000793106388301, 0.000616427510977, 0.000169923645444, 7.91947240941e-05, 8.5710111307e-05, 0.000166153506143, 0.000159089409863, 7.86203308962e-05, 7.09135347279e-05, 0.000145971644088, 0.000142066142871, 9.61163677857e-05, 7.19451127225e-05, 4.11944165535e-05, 2.90991083602e-05, 3.82040525437e-05, 3.19232094625e-05, 1.94430140255e-05, 1.4227542124e-05, 1.25466685859e-05, 1.06663283077e-05, 9.60068609857e-06, 6.82132849761e-06, 4.29166357208e-06, 5.0724565881e-06, 6.20473474555e-06, 6.40765392745e-06, 3.4525846786e-06, 2.2981521397e-06, 2.28459430218e-06, 2.53588905252e-06, 2.7502537705e-06, 2.50785296885e-06, 3.04264654005e-06, 2.22129074245e-06, 1.18813568406e-06, 8.24097583063e-07, 7.14573275218e-07, 4.6146897148e-07, 2.86459339804e-07],
        "min": [1.55053750588e-23, 2.26893534345e-24, 2.20661986789e-24, 2.72580867266e-24, 9.58569971711e-24, 7.26135103659e-24, 9.90028088003e-24, 1.2474650347e-23, 6.98737964421e-24, 8.39766493865e-24, 5.68261869533e-24, 1.35576916833e-23, 1.19339232729e-23, 1.43275741728e-23, 1.51659424107e-23, 5.14008039662e-24, 9.06008721799e-24, 1.12487652334e-23, 1.20826756184e-23, 1.45938084175e-23, 8.97853398874e-24, 1.44539244463e-23, 1.18851629915e-23, 1.7122774995e-23, 1.69276328952e-23, 1.61531403025e-23, 9.98688045248e-24, 1.54680572048e-23, 9.50772002777e-24, 9.24905411467e-24, 1.43547094102e-23, 1.03559198391e-23, 1.05106509614e-23, 8.8515920696e-24, 9.67089038399e-24, 9.17505975062e-24, 1.29517368564e-23, 1.18574660851e-23, 8.69833138407e-24, 6.55229090611e-24],
        "var": [1.29104992084e-05, 6.68113079882e-06, 9.30589578729e-07, 8.97769254493e-08, 6.66916477599e-08, 2.01236801445e-07, 2.06323477414e-07, 1.66034325844e-07, 1.49098127622e-07, 3.54528594926e-07, 4.61764670945e-07, 3.25291750869e-07, 2.74908302345e-07, 1.26681825918e-07, 6.55196785715e-08, 7.98392960633e-08, 5.88239252863e-08, 2.53212171231e-08, 7.61943930172e-09, 9.67279678576e-09, 6.60406662689e-09, 2.52171616921e-09, 5.74091496564e-10, 1.58864130184e-10, 2.89176765866e-10, 1.81776788066e-10, 4.20881662855e-10, 1.06020067725e-10, 8.97647095544e-11, 1.82993370457e-10, 1.21040455436e-10, 2.15948800508e-10, 2.38208452963e-10, 1.13554866898e-10, 4.91227301891e-11, 2.06790088525e-11, 1.84558705124e-11, 1.07339866162e-11, 1.20276731283e-11, 1.40387241762e-11]
    },
    "mfcc": {
        "mean": [-634.575805664, 109.150428772, -0.208914607763, 1.79323530197, -10.898563385, 12.3397636414, 0.814340770245, 10.8514108658, 2.47836208344, 9.06021595001, 2.78508329391, -1.19366538525, 4.2340965271],
        "cov": [[7285.42285156, -1171.01086426, -123.963340759, 348.749237061, 325.815246582, 158.534469604, 168.276809692, 227.738037109, 44.7570304871, 57.5692749023, 4.38869953156, 58.8431015015, -32.1527442932], [-1171.01086426, 1174.86779785, 259.783081055, 74.766746521, 42.5554771423, 45.1115951538, 103.483909607, 85.6201019287, -61.723815918, 27.94024086, 57.5158081055, 9.53474617004, 103.566566467], [-123.963340759, 259.783081055, 872.994934082, 203.912582397, 175.517578125, 129.205062866, -4.32476234436, 1.36030817032, -5.46067905426, -5.80420923233, 60.4340324402, 37.2218132019, 106.002052307], [348.749237061, 74.766746521, 203.912582397, 308.124023438, 149.038482666, 67.6853256226, 21.6104030609, 18.5617465973, 36.9171676636, -6.02678442001, 7.72812318802, 31.5515460968, 26.3475284576], [325.815246582, 42.5554771423, 175.517578125, 149.038482666, 274.511260986, 41.9997787476, -15.4774179459, 8.57776260376, 56.8545150757, -6.40711927414, -2.55916953087, 34.5666618347, 6.48135232925], [158.534469604, 45.1115951538, 129.205062866, 67.6853256226, 41.9997787476, 198.631057739, 81.8415603638, 39.0166435242, -0.168174132705, 15.2628517151, 27.7826843262, 7.20621585846, 22.2040328979], [168.276809692, 103.483909607, -4.32476234436, 21.6104030609, -15.4774179459, 81.8415603638, 202.388977051, 67.0152206421, -3.89609122276, 24.6345348358, 25.9158535004, -1.85281670094, 5.19049024582], [227.738037109, 85.6201019287, 1.36030817032, 18.5617465973, 8.57776260376, 39.0166435242, 67.0152206421, 135.988006592, 26.3656826019, 23.5871124268, 11.9687309265, -7.09488725662, 9.04444694519], [44.7570304871, -61.723815918, -5.46067905426, 36.9171676636, 56.8545150757, -0.168174132705, -3.89609122276, 26.3656826019, 152.463348389, 11.2703723907, -5.21982860565, 17.3860397339, -29.0328655243], [57.5692749023, 27.94024086, -5.80420923233, -6.02678442001, -6.40711927414, 15.2628517151, 24.6345348358, 23.5871124268, 11.2703723907, 89.7192230225, 27.8572902679, -7.4108581543, 3.53121352196], [4.38869953156, 57.5158081055, 60.4340324402, 7.72812318802, -2.55916953087, 27.7826843262, 25.9158535004, 11.9687309265, -5.21982860565, 27.8572902679, 84.4721298218, 24.2145175934, 19.6241569519], [58.8431015015, 9.53474617004, 37.2218132019, 31.5515460968, 34.5666618347, 7.20621585846, -1.85281670094, -7.09488725662, 17.3860397339, -7.4108581543, 24.2145175934, 88.5103302002, 23.4702625275], [-32.1527442932, 103.566566467, 106.002052307, 26.3475284576, 6.48135232925, 22.2040328979, 5.19049024582, 9.04444694519, -29.0328655243, 3.53121352196, 19.6241569519, 23.4702625275, 101.84223175]],
