{
"lowlevel": {
    "average_loudness": 0.767963945866,
    "barkbands_crest": {
        "dmean": 2.76443386078,
        "dmean2": 4.52106904984,
        "dvar": 7.60473251343,
        "dvar2": 19.5446147919,
        "max": 25.289308548,
        "mean": 10.6557321548,
        "median": 9.65966320038,
        "min": 2.64252781868,
        "var": 19.4040737152
    },
    "barkbands_flatness_db": {
        "dmean": 0.0208640508354,
        "dmean2": 0.032727625221,
        "dvar": 0.00050321884919,
        "dvar2": 0.00124300539028,
        "max": 0.378525882959,
        "mean": 0.157659545541,
        "median": 0.151425287127,
        "min": 0.035937987268,
        "var": 0.00283571449108
    },
    "barkbands_kurtosis": {
        "dmean": 2.91991949081,
        "dmean2": 4.79490280151,
        "dvar": 57.2630310059,
        "dvar2": 152.342056274,
        "max": 187.421661377,
        "mean": 3.95820069313,
        "median": 1.98694992065,
        "min": -1.92654073238,
        "var": 59.9812469482
    },
    "barkbands_skewness": {
        "dmean": 0.526773929596,
        "dmean2": 0.824476063251,
        "dvar": 0.492971688509,
        "dvar2": 1.19016087055,
        "max": 12.4297571182,
        "mean": 1.50835824013,
        "median": 1.36533796787,
        "min": -3.1585547924,
        "var": 1.24197256565
    },
    "barkbands_spread": {
        "dmean": 5.49119997025,
        "dmean2": 8.4104347229,
        "dvar": 56.0453453064,
        "dvar2": 117.314529419,
        "max": 108.71169281,
        "mean": 22.6283721924,
        "median": 18.0840454102,
        "min": 0.871052861214,
        "var": 269.926940918
    },
    "dissonance": {
        "dmean": 0.0219699218869,
        "dmean2": 0.0370527543128,
        "dvar": 0.000489913567435,
        "dvar2": 0.00134073162917,
        "max": 0.499999910593,
        "mean": 0.455075055361,
        "median": 0.46489071846,
        "min": 0.220098257065,
        "var": 0.00137454504147
    },
    "dynamic_complexity": 3.51842856407,
    "erbbands_crest": {
        "dmean": 2.70595669746,
        "dmean2": 4.33940458298,
        "dvar": 6.89336156845,
        "dvar2": 16.1902580261,
        "max": 33.3741226196,
        "mean": 9.73906326294,
        "median": 8.41853237152,
        "min": 2.28857374191,
        "var": 24.9986763
    },
    "erbbands_flatness_db": {
        "dmean": 0.0159319713712,
        "dmean2": 0.0228634532541,
        "dvar": 0.00022453526617,
        "dvar2": 0.000438585062511,
        "max": 0.390414088964,
        "mean": 0.173608541489,
        "median": 0.165710911155,
        "min": 0.057422824204,
        "var": 0.00292966375127
    },
    "erbbands_kurtosis": {
        "dmean": 0.98359388113,
        "dmean2": 1.5163475275,
        "dvar": 2.57320570946,
        "dvar2": 5.59040594101,
        "max": 79.4989242554,
        "mean": 0.942150473595,
        "median": -0.00137066841125,
        "min": -1.86763072014,
        "var": 10.3086490631
    },
    "erbbands_skewness": {
        "dmean": 0.351733773947,
        "dmean2": 0.528563916683,
        "dvar": 0.120219402015,
        "dvar2": 0.241842746735,
        "max": 5.76137876511,
        "mean": 0.497454792261,
        "median": 0.490879565477,
        "min": -5.26535511017,
        "var": 0.760876178741
    },
    "erbbands_spread": {
        "dmean": 7.37224912643,
        "dmean2": 11.1790914536,
        "dvar": 69.6323547363,
        "dvar2": 150.699035645,
        "max": 113.064651489,
        "mean": 37.4736022949,
        "median": 35.6883506775,
        "min": 1.30602574348,
        "var": 342.500549316
    },
    "hfc": {
        "dmean": 6.15350627899,
        "dmean2": 8.8875541687,
        "dvar": 81.7415466309,
        "dvar2": 162.634857178,
        "max": 162.600387573,
        "mean": 24.1161403656,
        "median": 16.5383415222,
        "min": 1.171020932e-16,
        "var": 524.677490234
    },
    "melbands_crest": {
        "dmean": 3.22260928154,
        "dmean2": 5.26765394211,
        "dvar": 8.81122779846,
        "dvar2": 22.2930831909,
        "max": 36.9174385071,
        "mean": 14.1414937973,
        "median": 13.2607164383,
        "min": 1.94376158714,
        "var": 26.549331665
    },
    "melbands_flatness_db": {
        "dmean": 0.0248109083623,
        "dmean2": 0.0386094488204,
        "dvar": 0.000763940333854,
        "dvar2": 0.00180840026587,
        "max": 0.476264297962,
        "mean": 0.202396214008,
        "median": 0.192201897502,
        "min": 0.00497388094664,
        "var": 0.00451333494857
    },
    "melbands_kurtosis": {
        "dmean": 7.15200567245,
        "dmean2": 11.6916265488,
        "dvar": 293.991760254,
        "dvar2": 748.181396484,
        "max": 351.589660645,
        "mean": 12.1189880371,
        "median": 7.32642936707,
        "min": -1.81431496143,
        "var": 329.691253662
    },
    "melbands_skewness": {
        "dmean": 0.719544947147,
        "dmean2": 1.12745904922,
        "dvar": 0.906262338161,
        "dvar2": 2.13574528694,
        "max": 14.3461532593,
        "mean": 2.48429584503,
        "median": 2.27009248734,
        "min": -1.6319539547,
        "var": 2.38019657135
    },
    "melbands_spread": {
        "dmean": 6.60877227783,
        "dmean2": 10.1546754837,
        "dvar": 101.803382874,
        "dvar2": 197.773727417,
        "max": 210.17364502,
        "mean": 23.1610889435,
        "median": 18.7583446503,
        "min": 0.723150312901,
        "var": 372.23614502
    },
    "pitch_salience": {
        "dmean": 0.0716906934977,
        "dmean2": 0.116955198348,
        "dvar": 0.00499344896525,
        "dvar2": 0.0127979414538,
        "max": 0.851827025414,
        "mean": 0.531592011452,
        "median": 0.533390581608,
        "min": 0.0889296680689,
        "var": 0.0155909843743
    },
    "silence_rate_20dB": {
        "dmean": 0,
        "dmean2": 0,
        "dvar": 0,
        "dvar2": 0,
        "max": 1,
        "mean": 1,
        "median": 1,
        "min": 1,
        "var": 0
    },
    "silence_rate_30dB": {
        "dmean": 0.03861092031,
        "dmean2": 0.0772306621075,
        "dvar": 0.0371212251484,
        "dvar2": 0.0845204442739,
        "max": 1,
        "mean": 0.967218756676,
        "median": 1,
        "min": 0,
        "var": 0.0317048914731
    },
    "silence_rate_60dB": {
        "dmean": 0.0111948819831,
        "dmean2": 0.0223923232406,
        "dvar": 0.0110668353736,
        "dvar2": 0.025091715157,
        "max": 1,
        "mean": 0.0575671046972,
        "median": 0,
        "min": 0,
        "var": 0.0542643144727
    },
    "spectral_centroid": {
        "dmean": 222.037857056,
        "dmean2": 337.397918701,
        "dvar": 87344.6640625,
        "dvar2": 160501.390625,
        "max": 10853.8828125,
        "mean": 1294.08129883,
        "median": 1163.2520752,
        "min": 188.104537964,
        "var": 467022.9375
    },
    "spectral_complexity": {
        "dmean": 2.8672606945,
        "dmean2": 4.57009029388,
        "dvar": 8.91841411591,
        "dvar2": 19.6961078644,
        "max": 54,
        "mean": 18.03175354,
        "median": 17,
        "min": 0,
        "var": 78.1572036743
    },
    "spectral_decrease": {
        "dmean": 3.23249116363e-09,
        "dmean2": 5.30021182499e-09,
        "dvar": 5.13395404358e-17,
        "dvar2": 1.31590472648e-16,
        "max": 8.86013297745e-29,
        "mean": -7.76416264614e-09,
        "median": -5.99322902417e-09,
        "min": -8.22333490191e-08,
        "var": 6.44917320277e-17
    },
    "spectral_energy": {
        "dmean": 0.0125639652833,
        "dmean2": 0.0205029509962,
        "dvar": 0.000744321267121,
        "dvar2": 0.00190421426669,
        "max": 0.313497364521,
        "mean": 0.0314912162721,
        "median": 0.0247422326356,
        "min": 1.03810140978e-20,
        "var": 0.000985959428363
    },
    "spectral_energyband_high": {
        "dmean": 0.000490385282319,
        "dmean2": 0.000684686179738,
        "dvar": 1.12432041988e-06,
        "dvar2": 2.04748857868e-06,
        "max": 0.022913351655,
        "mean": 0.00144586130045,
        "median": 0.000433049135609,
        "min": 7.66944577177e-21,
        "var": 5.70448582948e-06
    },
    "spectral_energyband_low": {
        "dmean": 0.00919324625283,
        "dmean2": 0.01559158694,
        "dvar": 0.000716653536074,
        "dvar2": 0.0018517448334,
        "max": 0.276703894138,
        "mean": 0.0127402087674,
        "median": 0.00744436634704,
        "min": 4.02482860741e-23,
        "var": 0.000644310901407
    },
    "spectral_energyband_middle_high": {
        "dmean": 0.00190568249673,
        "dmean2": 0.00276873144321,
        "dvar": 1.05112376332e-05,
        "dvar2": 2.04218540603e-05,
        "max": 0.0626623928547,
        "mean": 0.00583125045523,
        "median": 0.00319722783752,
        "min": 1.21892212233e-21,
        "var": 5.84776171308e-05
    },
    "spectral_energyband_middle_low": {
        "dmean": 0.00452355574816,
        "dmean2": 0.00716722104698,
        "dvar": 5.85888883506e-05,
        "dvar2": 0.000151047672261,
        "max": 0.127390772104,
        "mean": 0.0121858697385,
        "median": 0.00873805396259,
        "min": 2.21350760178e-22,
        "var": 0.000144049874507
    },
    "spectral_entropy": {
        "dmean": 0.137272685766,
        "dmean2": 0.202862679958,
        "dvar": 0.0179916918278,
        "dvar2": 0.0356656871736,
        "max": 9.7943277359,
        "mean": 7.57004737854,
        "median": 7.63044500351,
        "min": 5.76586055756,
        "var": 0.191417858005
    },
    "spectral_flux": {
        "dmean": 0.0282629560679,
        "dmean2": 0.0452648662031,
        "dvar": 0.00167448329739,
        "dvar2": 0.00371732772328,
        "max": 0.456054896116,
        "mean": 0.0909087434411,
        "median": 0.077804736793,
        "min": 1.01887262516e-10,
        "var": 0.00400144886225
    },
    "spectral_kurtosis": {
        "dmean": 1.46225142479,
        "dmean2": 2.4929459095,
        "dvar": 4.25438642502,
        "dvar2": 12.8436517715,
        "max": 42.3910369873,
        "mean": 3.53056931496,
        "median": 2.63990736008,
        "min": -1.19478285313,
        "var": 13.2866401672
    },
    "spectral_rms": {
        "dmean": 0.00089184375247,
        "dmean2": 0.0014035719214,
        "dvar": 1.92057109416e-06,
        "dvar2": 4.64797358291e-06,
        "max": 0.0174885988235,
        "mean": 0.00502695143223,
        "median": 0.00491312146187,
        "min": 3.18242329191e-12,
        "var": 5.45281545783e-06
    },
    "spectral_rolloff": {
        "dmean": 458.877166748,
        "dmean2": 753.371826172,
        "dvar": 802706.75,
        "dvar2": 1640341.75,
        "max": 19056.8847656,
        "mean": 1424.12756348,
        "median": 947.4609375,
        "min": 21.533203125,
        "var": 2197244
    },
    "spectral_skewness": {
        "dmean": 0.206113442779,
        "dmean2": 0.328800857067,
        "dvar": 0.042949013412,
        "dvar2": 0.105584353209,
        "max": 4.76580095291,
        "mean": 1.41696822643,
        "median": 1.37348508835,
        "min": -0.399937480688,
        "var": 0.299016475677
    },
    "spectral_spread": {
        "dmean": 469024.53125,
        "dmean2": 659012.0625,
        "dvar": 536102043648,
        "dvar2": 719714910208,
        "max": 46889792,
        "mean": 4691266,
        "median": 4425993,
        "min": 1382872.5,
        "var": 2.9182436311e+12
    },
    "spectral_strongpeak": {
        "dmean": 0.588907897472,
        "dmean2": 0.989710211754,
        "dvar": 1.01263570786,
        "dvar2": 2.47805809975,
        "max": 17.3725070953,
        "mean": 1.10578787327,
        "median": 0.425771176815,
        "min": 0,
        "var": 2.21540975571
    },
    "zerocrossingrate": {
        "dmean": 0.00962121598423,
        "dmean2": 0.0112474272028,
        "dvar": 0.000179381022463,
        "dvar2": 0.000197220593691,
        "max": 0.51904296875,
        "mean": 0.0589884445071,
        "median": 0.05029296875,
        "min": 0.0029296875,
        "var": 0.00144885794725
    },
    "barkbands": {
        "dmean": [0.000302564760204, 0.00773597927764, 0.00207294756547, 0.0007748947246, 0.00185112806503, 0.000877745798789, 0.000660301826429, 0.00137782644015, 0.00118138443213, 0.00101775024086, 0.000486282049678, 0.000378923665266, 0.000294464669423, 0.000280874693999, 0.000356783944881, 0.000288938957965, 0.000220786925638, 0.00011161823204, 8.13026781543e-05, 0.000100344776001, 0.000142793709529, 0.000196043562028, 0.000108916297904, 8.32635632833e-05, 5.43082787772e-05, 2.18052664422e-05, 1.79431491887e-08],
        "dmean2": [0.000511947786435, 0.0133179714903, 0.00365679198876, 0.00132277084049, 0.00311455177143, 0.00141713628545, 0.00105068436824, 0.00211606617086, 0.00184352800716, 0.00150034471881, 0.000727522186935, 0.000571652548388, 0.000469177844934, 0.000454413035186, 0.000562922388781, 0.000466321886051, 0.000348820554791, 0.000184469172382, 0.00013102410594, 0.000158269569511, 0.000219911918975, 0.000294098659651, 0.000163329372299, 0.000117578099889, 7.60581242503e-05, 3.08190028591e-05, 3.19977431218e-08],
        "dvar": [1.5300074665e-06, 0.000578838924412, 3.25063883793e-05, 3.38779977938e-06, 1.91766412172e-05, 2.87851617031e-06, 2.55729128185e-06, 1.25205815493e-05, 1.10179826152e-05, 7.15008081897e-06, 2.743237701e-06, 1.27230885028e-06, 6.15298631601e-07, 5.00378916968e-07, 8.01187923116e-07, 6.04203876264e-07, 2.87228800744e-07, 5.04057844353e-08, 2.81462657625e-08, 5.66518778555e-08, 1.28727265292e-07, 1.87993535405e-07, 1.02196509033e-07, 6.7017992933e-08, 2.45779308017e-08, 4.48488268745e-09, 8.20292540626e-15],
        "dvar2": [4.14576788899e-06, 0.00153226300608, 9.23507104744e-05, 9.03101408767e-06, 5.24989955011e-05, 7.2629004535e-06, 5.99962459091e-06, 2.763316661e-05, 2.5303406801e-05, 1.39965113704e-05, 5.37141158929e-06, 2.34562799051e-06, 1.41706038903e-06, 1.23568668187e-06, 1.92196716853e-06, 1.50636947183e-06, 6.45892100692e-07, 1.31132864567e-07, 6.76050362358e-08, 1.31090772015e-07, 2.66912536517e-07, 4.04189819392e-07, 2.11532437788e-07, 1.19168589663e-07, 4.7680277504e-08, 9.10802100407e-09, 2.27404764941e-14],
        "max": [0.0801188349724, 0.250206232071, 0.0746995583177, 0.046189032495, 0.0874476805329, 0.0319552458823, 0.0447150096297, 0.0793617293239, 0.0637412890792, 0.0577021427453, 0.055387377739, 0.0407295264304, 0.0186586473137, 0.015448378399, 0.0185984410346, 0.0198766738176, 0.0152138378471, 0.0040794480592, 0.00474665267393, 0.00762800360098, 0.0151163768023, 0.0111489184201, 0.0107594495639, 0.00844139512628, 0.00417119497433, 0.00181161181536, 2.4771381959e-06],
        "mean": [0.00039207059308, 0.00929927639663, 0.0025895696599, 0.00109961151611, 0.00326300389133, 0.00173174485099, 0.00122186774388, 0.00228949566372, 0.00206200755201, 0.00186280685011, 0.000802567577921, 0.000613848271314, 0.000473072577734, 0.000456783775007, 0.000549511285499, 0.000477521767607, 0.000415164191509, 0.000196847759071, 0.000165150559042, 0.000189491765923, 0.000315941026201, 0.000453269691207, 0.000240305234911, 0.000191827726667, 0.000104009879578, 3.43427709595e-05, 1.31339410459e-08],
        "median": [0.000108351130621, 0.00509191863239, 0.0010789007647, 0.000437235168647, 0.00188244017772, 0.000762669660617, 0.000488528050482, 0.000457565765828, 0.000417643168475, 0.000364937557606, 0.000154404973728, 0.000195658256416, 0.000188926700503, 0.000174402477569, 0.000204124400625, 0.000159272865858, 0.000169344377355, 9.32152979658e-05, 7.92873179307e-05, 7.99807312433e-05, 8.90738374437e-05, 0.000124952872284, 5.63845096622e-05, 3.29931062879e-05, 1.07970745375e-05, 1.37128506594e-06, 8.45053471643e-10],
        "min": [6.8833754336e-24, 2.36089629071e-23, 5.54973862572e-24, 8.10398148997e-24, 4.40069400748e-23, 3.70548666892e-23, 1.26182040991e-23, 5.23619552486e-23, 5.04822890381e-23, 3.29167548159e-23, 4.85357084901e-23, 1.24065303146e-22, 3.6524581767e-23, 4.9863030072e-23, 1.35085248229e-22, 1.05967811616e-22, 1.41011991765e-22, 1.69721934389e-22, 1.2881776727e-22, 3.02970297912e-22, 3.20941079448e-22, 4.64347459698e-22, 6.6133604942e-22, 7.32570416354e-22, 1.15590028967e-21, 1.55781000194e-21, 2.2453038207e-21],
        "var": [2.52642666965e-06, 0.000465528952191, 2.87034145003e-05, 4.22941775469e-06, 2.24045179493e-05, 7.84837902756e-06, 6.32309820503e-06, 3.30827497237e-05, 2.96298530884e-05, 2.55435679719e-05, 8.05274157756e-06, 3.28741884914e-06, 1.16158605579e-06, 9.57513179856e-07, 1.27361499835e-06, 1.05661899852e-06, 7.32140904347e-07, 8.79272121779e-08, 7.45878239172e-08, 1.18465642629e-07, 5.01671024722e-07, 6.17398939085e-07, 3.41765201028e-07, 2.53766984315e-07, 6.42706154963e-08, 8.97753693607e-09, 5.52903636232e-15]
    },
    "erbbands": {
        "dmean": [0.199511483312, 1.84340441227, 2.86717271805, 2.02514958382, 4.407807827, 7.09059000015, 8.06452560425, 6.69816684723, 8.63482761383, 14.6874732971, 31.9845790863, 25.2513656616, 29.6165943146, 25.7740001678, 16.7327404022, 13.1762657166, 12.3364305496, 12.7143316269, 15.25710392, 17.827539444, 13.6534337997, 11.3687286377, 6.48972940445, 4.23250722885, 3.52801442146, 4.73276042938, 5.17862606049, 6.33333826065, 7.4484038353, 5.13382101059, 2.83567905426, 1.9071034193, 1.34984779358, 0.724141836166, 0.355044066906, 0.150257855654, 0.0310470834374, 0.000802733004093, 2.9757127777e-05, 1.53255750774e-05],
        "dmean2": [0.336062520742, 3.21126484871, 4.98772859573, 3.4744207859, 7.45918416977, 11.9814310074, 13.1760635376, 10.8934030533, 14.0687732697, 22.6123905182, 48.8041687012, 38.2812538147, 43.4152908325, 37.5800056458, 24.474899292, 19.8327407837, 19.4113998413, 20.3952121735, 24.1892414093, 28.0794277191, 21.9129314423, 17.7817001343, 10.4520521164, 6.80904960632, 5.68810892105, 7.45170402527, 7.98610639572, 9.69797039032, 11.1705446243, 7.66322088242, 4.2316775322, 2.72642493248, 1.94316697121, 1.01186871529, 0.514944076538, 0.213019192219, 0.0446322783828, 0.00114667601883, 4.09825297538e-05, 2.40332574322e-05],
        "dvar": [0.345682263374, 34.1925735474, 64.4451751709, 19.968416214, 146.846572876, 298.944335938, 239.036315918, 211.768981934, 465.324401855, 1275.25146484, 7225.73925781, 5557.04492188, 6207.47119141, 5622.62890625, 2339.35449219, 1751.36645508, 1092.3560791, 1141.13098145, 1558.29956055, 2337.89770508, 1162.04174805, 731.829528809, 169.514877319, 79.6473693848, 47.063243866, 128.914428711, 212.320800781, 242.243682861, 259.554870605, 206.253509521, 67.640838623, 34.4910354614, 19.2643260956, 4.97495508194, 1.12784314156, 0.205291673541, 0.0104014845565, 6.60643172523e-06, 6.26810159332e-09, 9.11796305125e-10],
        "dvar2": [0.88942360878, 92.0079269409, 179.393692017, 54.4074287415, 407.723327637, 821.450561523, 601.522521973, 566.108398438, 1163.20812988, 2816.02441406, 16096.0673828, 12500.8105469, 12462.3388672, 10696.4394531, 4862.01513672, 3268.2824707, 2399.94116211, 2807.82519531, 3657.74438477, 5626.48730469, 2776.11621094, 1591.50842285, 420.842559814, 198.189483643, 115.495651245, 301.04901123, 440.721740723, 539.300842285, 563.363647461, 446.72454834, 142.707168579, 64.2413330078, 35.4355659485, 9.30939483643, 2.43651986122, 0.425009310246, 0.0217858143151, 1.39781795951e-05, 1.24983206007e-08, 2.25639840146e-09],
        "max": [6.64072322845, 62.7488861084, 98.5821380615, 75.7619171143, 233.647399902, 428.698150635, 268.379302979, 334.510192871, 630.927429199, 822.95501709, 1831.80993652, 1753.19189453, 2474.34838867, 1974.00817871, 1268.45666504, 1567.14880371, 972.556030273, 896.442321777, 830.558837891, 1102.39245605, 878.68157959, 918.523010254, 260.441955566, 232.409408569, 139.72315979, 329.722869873, 912.534851074, 426.098052979, 520.974304199, 405.519561768, 334.546966553, 244.191436768, 144.828018188, 75.8049926758, 23.0855388641, 10.5789585114, 2.9579949379, 0.0650856643915, 0.0021200242918, 0.000340182101354],
        "mean": [0.255343735218, 2.08299064636, 3.64061713219, 3.11985135078, 6.61096811295, 11.7110548019, 15.0445652008, 13.3577375412, 17.4516410828, 26.2285957336, 53.9052886963, 43.6812210083, 58.2061920166, 48.9107170105, 30.7377605438, 23.4451751709, 21.727602005, 22.6072731018, 26.2379837036, 30.2897663116, 26.0542297363, 23.2625026703, 13.1195068359, 8.89319610596, 7.68856525421, 9.05113315582, 10.9157743454, 14.1096010208, 16.9707336426, 11.2827529907, 6.36923503876, 4.33150959015, 2.89729380608, 1.444663167, 0.618425250053, 0.243219003081, 0.0471232421696, 0.00126801012084, 6.37103730696e-05, 4.29224819527e-05],
        "median": [0.124656960368, 0.983736693859, 1.61877298355, 1.56477940083, 3.00760674477, 6.004529953, 7.26286935806, 5.60236644745, 7.4857301712, 8.49735641479, 13.0459842682, 11.7855997086, 12.3722295761, 11.2491369247, 8.77587604523, 8.45627880096, 8.6417131424, 10.1717662811, 10.321023941, 10.9236516953, 10.2992773056, 9.82573986053, 6.50183200836, 4.65983819962, 3.86703395844, 3.87443161011, 3.1578207016, 3.98139429092, 4.61181974411, 2.96672797203, 1.49374580383, 0.819782018661, 0.449331969023, 0.16718198359, 0.0546431168914, 0.0131949428469, 0.000931537942961, 3.71202222595e-05, 1.94671501959e-05, 3.23697458953e-05],
        "min": [1.02458092456e-21, 4.36346497292e-21, 7.1170498735e-21, 1.60264870433e-20, 1.36456172867e-19, 9.39282003247e-20, 6.16908974397e-20, 3.33343266155e-19, 3.17653924682e-19, 5.56184663352e-19, 1.08497103686e-18, 1.29530786719e-18, 1.04377599479e-18, 1.64100329219e-18, 2.35149332893e-18, 4.20278309683e-18, 2.48495871397e-18, 2.49293728457e-18, 2.97673247739e-18, 5.19061955514e-18, 6.48043070376e-18, 7.53873302409e-18, 9.16292862661e-18, 7.36380665841e-18, 8.36645874866e-18, 1.17814548824e-17, 1.26773129925e-17, 1.62033151101e-17, 1.40835059718e-17, 1.76481713384e-17, 1.91309405629e-17, 1.70127345006e-17, 1.17655184208e-17, 1.10452459393e-17, 7.68856934743e-18, 5.12718803704e-18, 2.77004692568e-18, 1.14106267119e-18, 3.28394347948e-19, 3.37813259713e-20],
        "var": [0.312681913376, 26.1205329895, 56.1663131714, 24.0430774689, 145.116897583, 360.378143311, 561.541748047, 506.775054932, 1187.75097656, 3406.21655273, 17897.1679688, 12487.8798828, 24141.9882812, 18958.7070312, 6762.67480469, 4252.30908203, 2456.97509766, 1913.27441406, 2913.91870117, 3834.28442383, 2711.00952148, 2074.0090332, 379.772155762, 187.48034668, 133.519561768, 277.262634277, 844.78338623, 767.100952148, 853.260681152, 571.120239258, 239.255508423, 129.814163208, 61.879032135, 13.904129982, 2.28887867928, 0.410184502602, 0.0195139274001, 1.2486214473e-05, 1.48836853953e-08, 1.65553915021e-09]
    },
    "gfcc": {
        "mean": [-11.2461004257, 106.602035522, -131.493469238, 41.0668525696, -71.8442840576, 24.7355690002, -35.6402397156, 4.95684194565, -11.370762825, -2.7936103344, -13.8620300293, -4.41704750061, -1.19962346554],
        "cov": [[7166.61669922, -1798.8951416, 1230.83642578, 803.575256348, -114.520828247, 482.605316162, -405.611022949, 632.49395752, -265.314117432, 574.111999512, -556.59387207, 563.078796387, -226.995758057], [-1798.8951416, 1922.35961914, 118.462654114, 74.1734313965, 408.541442871, -215.975296021, 278.522094727, -288.042785645, 332.776855469, -222.602279663, 395.684020996, -125.097366333, 152.858566284], [1230.83642578, 118.462654114, 1405.66748047, 489.200927734, 287.775909424, 174.404464722, -89.1656341553, 173.389694214, -51.4897422791, 263.329467773, -38.3526649475, 264.394348145, -98.9793624878], [803.575256348, 74.1734313965, 489.200927734, 611.47052002, 170.129623413, 57.0505371094, -10.8144235611, 40.2100410461, 81.4262390137, 94.185508728, 30.8991241455, 109.901306152, 40.20054245], [-114.520828247, 408.541442871, 287.775909424, 170.129623413, 410.879669189, 49.672203064, 109.048995972, 75.2796707153, 47.5862541199, 60.7218704224, 81.998046875, 54.0241508484, 27.5523262024], [482.605316162, -215.975296021, 174.404464722, 57.0505371094, 49.672203064, 238.274200439, 67.8742523193, 102.22718811, -33.143497467, 72.1418304443, -36.6983642578, 56.4166412354, -9.4125213623], [-405.611022949, 278.522094727, -89.1656341553, -10.8144235611, 109.048995972, 67.8742523193, 269.789276123, 20.6139202118, 59.8548088074, -34.4067764282, 83.1622467041, -28.8216991425, 60.8162536621], [632.49395752, -288.042785645, 173.389694214, 40.2100410461, 75.2796707153, 102.22718811, 20.6139202118, 246.790206909, -27.5450744629, 107.942260742, -74.8619155884, 74.507850647, -26.564868927], [-265.314117432, 332.776855469, -51.4897422791, 81.4262390137, 47.5862541199, -33.143497467, 59.8548088074, -27.5450744629, 262.677032471, -20.636516571, 65.4203567505, -30.7869472504, 52.0362663269], [574.111999512, -222.602279663, 263.329467773, 94.185508728, 60.7218704224, 72.1418304443, -34.4067764282, 107.942260742, -20.636516571, 182.113418579, -44.2028236389, 74.8053512573, -45.3068695068], [-556.59387207, 395.684020996, -38.3526649475, 30.8991241455, 81.998046875, -36.6983642578, 83.1622467041, -74.8619155884, 65.4203567505, -44.2028236389, 193.895462036, -26.4254283905, 51.1958045959], [563.078796387, -125.097366333, 264.394348145, 109.901306152, 54.0241508484, 56.4166412354, -28.8216991425, 74.507850647, -30.7869472504, 74.8053512573, -26.4254283905, 158.422286987, -11.8097143173], [-226.995758057, 152.858566284, -98.9793624878, 40.20054245, 27.5523262024, -9.4125213623, 60.8162536621, -26.564868927, 52.0362663269, -45.3068695068, 51.1958045959, -11.8097143173, 108.552871704]],
        "icov": [[0.000405149185099, -0.00030802024412, 0.00027505934122, -0.000631033384707, 0.000552783079911, -0.00056339049479, 0.000429228181019, -0.000668825639877, 0.000319620099617, -0.000573276949581, 0.000720959273167, -0.00082057720283, 0.000350363610778], [-0.00030802024412, 0.00371573446319, -0.00212399172597, 0.00175514130387, -0.00305148633197, 0.00276321871206, -0.00216505932622, 0.00289797666483, -0.00280818529427, 0.00333432224579, -0.00302991434, 0.00194465368986, -0.00114847847726], [0.00027505934122, -0.00212399172597, 0.00297461007722, -0.00201436388306, 0.00112259120215, -0.00215568393469, 0.00169431779068, -0.00159540795721, 0.00177913089283, -0.00272800354287, 0.00164920056704, -0.00270921736956, 0.00214884243906], [-0.000631033384707, 0.00175514130387, -0.00201436388306, 0.00427807215601, -0.00220980402082, 0.00156197103206, -0.000883908825926, 0.00229716068134, -0.00224401149899, 0.00147997727618, -0.0019960727077, 0.00131124432664, -0.00268095475622], [0.000552783079911, -0.00305148633197, 0.00112259120215, -0.00220980402082, 0.00670274812728, -0.00203413749114, 0.000582552049309, -0.00378365954384, 0.00232065632008, -0.00339702190831, 0.00142688245978, -0.00204256689176, 0.000739464245271], [-0.00056339049479, 0.00276321871206, -0.00215568393469, 0.00156197103206, -0.00203413749114, 0.00883956532925, -0.00440285447985, 0.00136209232733, -0.00139545451384, 0.00153339956887, -0.00162440002896, 0.00143963936716, -0.00129872665275], [0.000429228181019, -0.00216505932622, 0.00169431779068, -0.000883908825926, 0.000582552049309, -0.00440285447985, 0.00800564792007, -0.00306958449073, 0.00100369309075, -0.000975610921159, 2.77268736681e-05, -0.00058802642161, -0.000912795367185], [-0.000668825639877, 0.00289797666483, -0.00159540795721, 0.00229716068134, -0.00378365954384, 0.00136209232733, -0.00306958449073, 0.0100536104292, -0.00238996325061, 7.59456306696e-05, -0.000242469948716, 0.000625306216534, -0.00116656639148], [0.000319620099617, -0.00280818529427, 0.00177913089283, -0.00224401149899, 0.00232065632008, -0.00139545451384, 0.00100369309075, -0.00238996325061, 0.00696648843586, -0.00304601946846, 0.00168851995841, -0.00069973844802, -0.000264510250418], [-0.000573276949581, 0.00333432224579, -0.00272800354287, 0.00147997727618, -0.00339702190831, 0.00153339956887, -0.000975610921159, 7.59456306696e-05, -0.00304601946846, 0.0136110493913, -0.00312451017089, 0.00115791405551, 0.00137140892912], [0.000720959273167, -0.00302991434, 0.00164920056704, -0.0019960727077, 0.00142688245978, -0.00162440002896, 2.77268736681e-05, -0.000242469948716, 0.00168851995841, -0.00312451017089, 0.0115254987031, -0.00241352152079, -0.000372483802494], [-0.00082057720283, 0.00194465368986, -0.00270921736956, 0.00131124432664, -0.00204256689176, 0.00143963936716, -0.00058802642161, 0.000625306216534, -0.00069973844802, 0.00115791405551, -0.00241352152079, 0.0128553658724, -0.00292888982221], [0.000350363610778, -0.00114847847726, 0.00214884243906, -0.00268095475622, 0.000739464245271, -0.00129872665275, -0.000912795367185, -0.00116656639148, -0.000264510250418, 0.00137140892912, -0.000372483802494, -0.00292888982221, 0.0149959754199]]
    },
    "melbands": {
        "dmean": [0.0020078860689, 0.00181298656389, 0.000401200726628, 0.000413436995586, 0.000279852596577, 0.000154045628733, 0.000129445397761, 0.000192697174498, 0.00025989417918, 0.000159017843544, 0.000153490589582, 0.000113613830763, 6.14954915363e-05, 4.57060268673e-05, 3.13090167765e-05, 2.83687168121e-05, 2.50768352998e-05, 2.67086215899e-05, 2.67973355221e-05, 2.17062697629e-05, 1.71657065948e-05, 1.33809035106e-05, 1.00008073787e-05, 4.27131362812e-06, 3.7779154809e-06, 3.21926336255e-06, 2.98930081044e-06, 3.51343169314e-06, 3.36531525136e-06, 3.80771643904e-06, 4.17407363784e-06, 4.68381222163e-06, 3.94337848775e-06, 2.78863217318e-06, 1.93579262486e-06, 1.29275326799e-06, 1.27662235627e-06, 1.10185578706e-06, 7.9889503013e-07, 6.08946095326e-07],
        "dmean2": [0.00343289878219, 0.00312304939143, 0.00068488100078, 0.000698568532243, 0.000460577255581, 0.000249321688898, 0.000210193960811, 0.000296198093565, 0.000398470117943, 0.000243222471909, 0.000225943455007, 0.000165362624102, 9.16338321986e-05, 6.79027216393e-05, 4.93704792461e-05, 4.51057967439e-05, 4.05726968893e-05, 4.25385551353e-05, 4.20581854996e-05, 3.45420230587e-05, 2.77888866549e-05, 2.10069065361e-05, 1.60961990332e-05, 6.99774545865e-06, 6.12907433606e-06, 5.21780748386e-06, 4.86740373162e-06, 5.53377867618e-06, 5.35900426257e-06, 5.93277763983e-06, 6.48911191092e-06, 7.15071519153e-06, 5.94864786763e-06, 4.27168060924e-06, 3.0074343158e-06, 1.88133992651e-06, 1.85868827884e-06, 1.61958109857e-06, 1.15303896564e-06, 8.7667126536e-07],
        "dvar": [3.83998994948e-05, 2.81190168607e-05, 8.05644447155e-07, 1.23084225834e-06, 2.57343231169e-07, 9.90635200537e-08, 1.01109328909e-07, 2.18603560143e-07, 4.59003786091e-07, 2.29454201417e-07, 1.64922383306e-07, 1.05899466973e-07, 3.62577168289e-08, 2.0317939331e-08, 1.011834172e-08, 6.19515860834e-09, 4.46465397985e-09, 4.87870055466e-09, 5.11347852949e-09, 4.12107636905e-09, 2.00802641181e-09, 1.16560938679e-09, 5.22060228381e-10, 6.66708216412e-11, 6.89214102456e-11, 4.4146464262e-11, 3.70942200567e-11, 8.64391683231e-11, 1.11508996481e-10, 1.03075561975e-10, 1.19893581174e-10, 1.12690606846e-10, 8.28975291189e-11, 7.12670131242e-11, 3.45684592062e-11, 1.47332250566e-11, 1.91049641385e-11, 1.45605420082e-11, 6.30323874692e-12, 3.78706658047e-12],
        "dvar2": [0.000100870376627, 7.57139496272e-05, 2.18785430661e-06, 3.40125666298e-06, 6.65893082896e-07, 2.59072578501e-07, 2.51283637454e-07, 4.78257391023e-07, 1.02889180198e-06, 5.22457867191e-07, 3.28831106344e-07, 2.04778274338e-07, 7.33038021394e-08, 3.72377648716e-08, 1.99674783374e-08, 1.37506068754e-08, 1.09588436104e-08, 1.13369562627e-08, 1.22083614329e-08, 9.92486359763e-09, 4.77501904683e-09, 2.49356757465e-09, 1.28496568941e-09, 1.73569783546e-10, 1.72608066729e-10, 1.05952448204e-10, 9.49504780356e-11, 2.04085637279e-10, 2.40914510563e-10, 2.37878522436e-10, 2.91940083219e-10, 2.60127835938e-10, 1.7949333686e-10, 1.58527080352e-10, 7.84524736841e-11, 2.81889095399e-11, 3.94483057331e-11, 2.83853687083e-11, 1.24033413748e-11, 7.5375348324e-12],
        "max": [0.060279071331, 0.0577578321099, 0.0155904488638, 0.0235052574426, 0.00848209671676, 0.00662646116689, 0.00925543904305, 0.00826631952077, 0.0148578211665, 0.0118051301688, 0.0120331244543, 0.00806465093046, 0.00641715945676, 0.00598590215668, 0.00530120264739, 0.00186861958355, 0.00172341917641, 0.00172511755954, 0.00176504359115, 0.00185056275222, 0.0013498167973, 0.00134814239573, 0.00081988790771, 0.000152042732225, 0.000219236142584, 0.000179193273652, 0.000157785558258, 0.00031465824577, 0.000624487467576, 0.000320703053148, 0.000314480013913, 0.000348586472683, 0.000235197614529, 0.000213960986002, 0.000237044834648, 0.000192682724446, 0.000187959201867, 0.000138304123539, 0.000108863583591, 7.48279489926e-05],
        "mean": [0.00246412446722, 0.0022748883348, 0.000642915838398, 0.000667807064019, 0.000537867541425, 0.000310955190798, 0.000257300853264, 0.000335991528118, 0.000434212532127, 0.000273396406556, 0.000296057289233, 0.000208991972613, 0.000107404273876, 7.47396916267e-05, 5.17602566106e-05, 4.51803171018e-05, 4.14450514654e-05, 4.16479269916e-05, 4.17664450652e-05, 3.51832131855e-05, 2.95532117889e-05, 2.47054158535e-05, 1.77023048309e-05, 7.9040419223e-06, 7.11113762009e-06, 6.23783716946e-06, 5.39552502232e-06, 6.02710406383e-06, 6.3915190367e-06, 7.36425499781e-06, 8.44398982736e-06, 9.84049711406e-06, 8.4189541667e-06, 5.46168985238e-06, 3.87369846067e-06, 2.76156720247e-06, 2.59125863522e-06, 2.16212265514e-06, 1.55328143592e-06, 1.10628150196e-06],
        "median": [0.00134908233304, 0.00110983056948, 0.000333029020112, 0.000345010397723, 0.000281649758108, 0.000135552807478, 0.000108759602881, 8.98266152944e-05, 0.000102183934359, 5.94542361796e-05, 5.5239215726e-05, 4.24453537562e-05, 2.54841979768e-05, 2.24294162763e-05, 1.94371477846e-05, 1.74245014932e-05, 1.73529024323e-05, 1.43620645758e-05, 1.50922614921e-05, 1.16119927043e-05, 1.09404763862e-05, 9.70689052338e-06, 7.07991694071e-06, 3.94251401303e-06, 3.34656192535e-06, 2.94190294881e-06, 2.35173365581e-06, 2.27381588047e-06, 1.79248570475e-06, 1.8820473997e-06, 2.24684345085e-06, 2.56486305261e-06, 2.17784327106e-06, 1.30561841161e-06, 8.85637746251e-07, 5.4974378827e-07, 4.60267756353e-07, 3.31729268055e-07, 2.01392140298e-07, 1.1196132732e-07],
        "min": [8.69170100816e-24, 5.17461317718e-24, 6.58376448408e-24, 1.08277138807e-23, 2.05369365938e-24, 7.56494021166e-24, 4.85234811461e-24, 7.02686607682e-24, 9.44148411072e-24, 6.99175703337e-24, 4.66898173593e-24, 5.89025004103e-24, 7.13095075123e-24, 8.73365184224e-24, 8.94968219e-24, 2.63935582833e-24, 4.42490738299e-24, 3.71426203652e-24, 9.40278101699e-24, 7.3956183181e-24, 6.89348310838e-24, 7.74829278528e-24, 7.17372121179e-24, 6.28261249477e-24, 5.88950614519e-24, 5.15487863834e-24, 7.91649055204e-24, 7.35888422119e-24, 7.08679741751e-24, 5.80763697716e-24, 1.11040400229e-23, 7.36809417226e-24, 7.95454046895e-24, 9.57104978124e-24, 8.81213876914e-24, 8.44613491925e-24, 1.21483877318e-23, 8.56842808109e-24, 7.76644368584e-24, 9.64717959176e-24],
        "var": [3.1762119761e-05, 2.36442592723e-05, 9.71636950453e-07, 1.24803557355e-06, 5.86285239024e-07, 2.56745920524e-07, 2.59600142272e-07, 6.00051123456e-07, 1.11193571684e-06, 5.61474450933e-07, 6.43298960767e-07, 3.63936607073e-07, 1.15629283926e-07, 5.03870367652e-08, 2.48677949344e-08, 1.13383906708e-08, 7.33779303985e-09, 9.38242550319e-09, 8.04445843272e-09, 6.35162455964e-09, 4.58787496882e-09, 2.90285151472e-09, 1.071879141e-09, 1.27873739375e-10, 1.43810130471e-10, 1.09545400528e-10, 7.51114934139e-11, 1.57812568569e-10, 3.84857923308e-10, 3.12442516304e-10, 2.86652368509e-10, 3.14232084797e-10, 2.42383335625e-10, 1.75247302781e-10, 9.86222006838e-11, 5.19080819994e-11, 5.50576979841e-11, 3.99265759343e-11, 1.67427981201e-11, 8.94981224547e-12]
    },
    "mfcc": {
        "mean": [-641.651428223, 119.868301392, 2.87225818634, 15.1654338837, -2.85465955734, 13.1123075485, -8.60910511017, 6.79216909409, 4.94837331772, 1.15599119663, 0.700523734093, -0.605244874954, -2.1720328331],
        "cov": [[6090.96289062, -1715.3190918, 747.343139648, 410.929504395, 203.989196777, 120.585830688, -170.651184082, 148.429443359, 234.601135254, 3.05915236473, 72.5394897461, 22.2746829987, 40.0736885071], [-1715.3190918, 1589.93164062, -4.33418703079, 165.125518799, 173.208343506, 68.5236968994, 99.6448059082, 45.5876426697, -79.4258575439, -4.02924537659, 78.5475158691, 35.6810379028, 72.7295379639], [747.343139648, -4.33418703079, 970.073547363, 373.63470459, 299.457794189, 172.228149414, 9.88780879974, 39.4228363037, 13.294175148, -13.6020803452, 54.3551826477, 77.1956253052, 90.8259124756], [410.929504395, 165.125518799, 373.63470459, 552.274475098, 265.459503174, 119.024757385, 18.1988658905, 41.2777061462, 35.9696502686, 7.87112522125, 30.852399826, 77.5646743774, 76.9095306396], [203.989196777, 173.208343506, 299.457794189, 265.459503174, 350.024780273, 82.8784484863, 43.0924377441, 34.9608383179, 31.4227352142, 29.6964511871, 37.0041847229, 62.7902526855, 59.2617034912], [120.585830688, 68.5236968994, 172.228149414, 119.024757385, 82.8784484863, 200.345901489, 41.3514022827, 39.2626495361, 34.8714065552, 7.13222789764, 35.4463577271, 25.0141792297, 30.3306388855], [-170.651184082, 99.6448059082, 9.88780879974, 18.1988658905, 43.0924377441, 41.3514022827, 303.308502197, 48.9385681152, 7.62251901627, 40.4950866699, 10.5884580612, -8.34475803375, 10.8429460526], [148.429443359, 45.5876426697, 39.4228363037, 41.2777061462, 34.9608383179, 39.2626495361, 48.9385681152, 150.444702148, 60.7619743347, 19.0505847931, 24.6571502686, 10.4966659546, 22.7073574066], [234.601135254, -79.4258575439, 13.294175148, 35.9696502686, 31.4227352142, 34.8714065552, 7.62251901627, 60.7619743347, 163.755096436, 57.5721359253, 25.5476646423, 17.0437011719, 3.42930293083], [3.05915236473, -4.02924537659, -13.6020803452, 7.87112522125, 29.6964511871, 7.13222789764, 40.4950866699, 19.0505847931, 57.5721359253, 120.060844421, 38.0559539795, 10.9356117249, 0.13718368113], [72.5394897461, 78.5475158691, 54.3551826477, 30.852399826, 37.0041847229, 35.4463577271, 10.5884580612, 24.6571502686, 25.5476646423, 38.0559539795, 99.2456207275, 31.4421367645, 17.9786491394], [22.2746829987, 35.6810379028, 77.1956253052, 77.5646743774, 62.7902526855, 25.0141792297, -8.34475803375, 10.4966659546, 17.0437011719, 10.9356117249, 31.4421367645, 96.463973999, 40.8815422058], [40.0736885071, 72.7295379639, 90.8259124756, 76.9095306396, 59.2617034912, 30.3306388855, 10.8429460526, 22.7073574066, 3.42930293083, 0.13718368113, 17.9786491394, 40.8815422058, 86.9660720825]],
