{
"lowlevel": {
    "average_loudness": 0.906155228615,
    "barkbands_crest": {
        "dmean": 2.68595433235,
        "dmean2": 4.44590711594,
        "dvar": 6.19333314896,
        "dvar2": 16.5183525085,
        "max": 24.7965164185,
        "mean": 10.3437137604,
        "median": 9.68696117401,
        "min": 2.07849025726,
        "var": 19.2298431396
    },
    "barkbands_flatness_db": {
        "dmean": 0.019104257226,
        "dmean2": 0.0300378035754,
        "dvar": 0.000337290082825,
        "dvar2": 0.000848422350828,
        "max": 0.370024114847,
        "mean": 0.114620454609,
        "median": 0.10834158957,
        "min": 0.0193703304976,
        "var": 0.00209499732591
    },
    "barkbands_kurtosis": {
        "dmean": 1.7648011446,
        "dmean2": 2.94396257401,
        "dvar": 12.7615747452,
        "dvar2": 35.7939567566,
        "max": 104.793037415,
        "mean": 1.84298968315,
        "median": 0.361496686935,
        "min": -1.87664997578,
        "var": 23.1631889343
    },
    "barkbands_skewness": {
        "dmean": 0.464188545942,
        "dmean2": 0.740856051445,
        "dvar": 0.259643822908,
        "dvar2": 0.66890591383,
        "max": 9.15276527405,
        "mean": 1.1609224081,
        "median": 0.985682845116,
        "min": -3.69339466095,
        "var": 0.905425727367
    },
    "barkbands_spread": {
        "dmean": 6.60139131546,
        "dmean2": 10.439034462,
        "dvar": 54.2546653748,
        "dvar2": 121.433502197,
        "max": 104.018577576,
        "mean": 30.3463535309,
        "median": 29.2922172546,
        "min": 1.22222852707,
        "var": 231.072631836
    },
    "dissonance": {
        "dmean": 0.0158998593688,
        "dmean2": 0.0272361114621,
        "dvar": 0.000237558822846,
        "dvar2": 0.000652153044939,
        "max": 0.500000119209,
        "mean": 0.47365707159,
        "median": 0.48008620739,
        "min": 0.097991257906,
        "var": 0.000608589733019
    },
    "dynamic_complexity": 3.02078342438,
    "erbbands_crest": {
        "dmean": 2.73212909698,
        "dmean2": 4.49994421005,
        "dvar": 6.52867794037,
        "dvar2": 17.2164325714,
        "max": 31.3227310181,
        "mean": 8.9014749527,
        "median": 7.72352647781,
        "min": 2.37788391113,
        "var": 20.1639442444
    },
    "erbbands_flatness_db": {
        "dmean": 0.0151340579614,
        "dmean2": 0.0230300184339,
        "dvar": 0.000179508046131,
        "dvar2": 0.000400073447963,
        "max": 0.408903568983,
        "mean": 0.150855123997,
        "median": 0.139338240027,
        "min": 0.0599588900805,
        "var": 0.00270280404948
    },
    "erbbands_kurtosis": {
        "dmean": 0.764287233353,
        "dmean2": 1.23275220394,
        "dvar": 1.14087224007,
        "dvar2": 2.90173268318,
        "max": 39.7548332214,
        "mean": 0.408020585775,
        "median": -0.0781545639038,
        "min": -1.8776062727,
        "var": 4.04394817352
    },
    "erbbands_skewness": {
        "dmean": 0.342083752155,
        "dmean2": 0.532166361809,
        "dvar": 0.0937273651361,
        "dvar2": 0.228455841541,
        "max": 4.95532798767,
        "mean": 0.31029638648,
        "median": 0.285786658525,
        "min": -3.67030334473,
        "var": 0.54759478569
    },
    "erbbands_spread": {
        "dmean": 7.56945228577,
        "dmean2": 11.9309968948,
        "dvar": 59.8783950806,
        "dvar2": 146.240493774,
        "max": 147.196212769,
        "mean": 38.724822998,
        "median": 36.2856636047,
        "min": 2.709171772,
        "var": 306.23840332
    },
    "hfc": {
        "dmean": 8.25682258606,
        "dmean2": 12.4383659363,
        "dvar": 98.1527175903,
        "dvar2": 214.362228394,
        "max": 133.55166626,
        "mean": 32.3866195679,
        "median": 30.8275794983,
        "min": 1.18690081452e-16,
        "var": 434.319885254
    },
    "melbands_crest": {
        "dmean": 3.4429731369,
        "dmean2": 5.66416788101,
        "dvar": 10.2339038849,
        "dvar2": 26.979675293,
        "max": 37.66822052,
        "mean": 15.2659816742,
        "median": 14.9183607101,
        "min": 1.91558516026,
        "var": 34.6395454407
    },
    "melbands_flatness_db": {
        "dmean": 0.0236209817231,
        "dmean2": 0.037395849824,
        "dvar": 0.000589582836255,
        "dvar2": 0.00142524030525,
        "max": 0.422083228827,
        "mean": 0.159302800894,
        "median": 0.15605507791,
        "min": 0.00359981344081,
        "var": 0.0029197873082
    },
    "melbands_kurtosis": {
        "dmean": 5.41246414185,
        "dmean2": 9.04523086548,
        "dvar": 110.910202026,
        "dvar2": 313.944152832,
        "max": 199.191955566,
        "mean": 9.42326545715,
        "median": 5.00064182281,
        "min": -1.76273739338,
        "var": 188.759933472
    },
    "melbands_skewness": {
        "dmean": 0.694743335247,
        "dmean2": 1.11557877064,
        "dvar": 0.600587069988,
        "dvar2": 1.57202196121,
        "max": 12.3276166916,
        "mean": 2.32022547722,
        "median": 2.01926422119,
        "min": -1.30859839916,
        "var": 2.19742083549
    },
    "melbands_spread": {
        "dmean": 8.61944007874,
        "dmean2": 13.6525621414,
        "dvar": 110.982414246,
        "dvar2": 258.525695801,
        "max": 182.975418091,
        "mean": 31.7492389679,
        "median": 29.4405860901,
        "min": 1.62123548985,
        "var": 349.836975098
    },
    "pitch_salience": {
        "dmean": 0.0705976039171,
        "dmean2": 0.116074480116,
        "dvar": 0.00410267803818,
        "dvar2": 0.0107771484181,
        "max": 0.950949251652,
        "mean": 0.540727496147,
        "median": 0.531504392624,
        "min": 0.0871487557888,
        "var": 0.0154027519748
    },
    "silence_rate_20dB": {
        "dmean": 0,
        "dmean2": 0,
        "dvar": 0,
        "dvar2": 0,
        "max": 1,
        "mean": 1,
        "median": 1,
        "min": 1,
        "var": 0
    },
    "silence_rate_30dB": {
        "dmean": 0.0009182736394,
        "dmean2": 0.00183675810695,
        "dvar": 0.000917486846447,
        "dvar2": 0.00252239429392,
        "max": 1,
        "mean": 0.99942612648,
        "median": 1,
        "min": 0,
        "var": 0.000573581201024
    },
    "silence_rate_60dB": {
        "dmean": 0.0061983470805,
        "dmean2": 0.0123981172219,
        "dvar": 0.00615965714678,
        "dvar2": 0.014309653081,
        "max": 1,
        "mean": 0.072190977633,
        "median": 0,
        "min": 0,
        "var": 0.0669861510396
    },
    "spectral_centroid": {
        "dmean": 282.05682373,
        "dmean2": 439.299682617,
        "dvar": 85777.5625,
        "dvar2": 184439.984375,
        "max": 10815.4755859,
        "mean": 1839.89599609,
        "median": 1811.17175293,
        "min": 403.97555542,
        "var": 370254.09375
    },
    "spectral_complexity": {
        "dmean": 4.36409568787,
        "dmean2": 6.76753520966,
        "dvar": 17.8076839447,
        "dvar2": 38.1667289734,
        "max": 54,
        "mean": 24.9422702789,
        "median": 26,
        "min": 0,
        "var": 107.048042297
    },
    "spectral_decrease": {
        "dmean": 2.59659915791e-09,
        "dmean2": 4.31278657231e-09,
        "dvar": 1.38864665868e-17,
        "dvar2": 3.83924300788e-17,
        "max": 2.5750619238e-29,
        "mean": -8.04653588204e-09,
        "median": -7.70298758113e-09,
        "min": -4.17650980467e-08,
        "var": 2.8974512275e-17
    },
    "spectral_energy": {
        "dmean": 0.0102692851797,
        "dmean2": 0.0169699117541,
        "dvar": 0.0002060609404,
        "dvar2": 0.000567553506698,
        "max": 0.164476856589,
        "mean": 0.0333070755005,
        "median": 0.0321622081101,
        "min": 1.06683527319e-20,
        "var": 0.000456273410236
    },
    "spectral_energyband_high": {
        "dmean": 0.00069098075619,
        "dmean2": 0.00101425754838,
        "dvar": 1.16610272016e-06,
        "dvar2": 2.35583956965e-06,
        "max": 0.0179606229067,
        "mean": 0.00205931416713,
        "median": 0.0014883071417,
        "min": 7.72375777224e-21,
        "var": 4.26672022513e-06
    },
    "spectral_energyband_low": {
        "dmean": 0.00659243576229,
        "dmean2": 0.0112600559369,
        "dvar": 0.000159242074005,
        "dvar2": 0.000449640851002,
        "max": 0.141348779202,
        "mean": 0.0137386443093,
        "median": 0.0108859539032,
        "min": 6.83399163653e-23,
        "var": 0.000228479111684
    },
    "spectral_energyband_middle_high": {
        "dmean": 0.00261438405141,
        "dmean2": 0.00412404770032,
        "dvar": 1.03977063191e-05,
        "dvar2": 2.59229345829e-05,
        "max": 0.0665578469634,
        "mean": 0.00807609502226,
        "median": 0.00672523025423,
        "min": 1.46857314757e-21,
        "var": 4.45335317636e-05
    },
    "spectral_energyband_middle_low": {
        "dmean": 0.00489618536085,
        "dmean2": 0.00797688681632,
        "dvar": 4.96833017678e-05,
        "dvar2": 0.000130501823151,
        "max": 0.0929297581315,
        "mean": 0.0106358369812,
        "median": 0.00724436203018,
        "min": 4.15919074156e-22,
        "var": 0.00012075532868
    },
    "spectral_entropy": {
        "dmean": 0.107225239277,
        "dmean2": 0.1630089432,
        "dvar": 0.0119056301191,
        "dvar2": 0.0243537146598,
        "max": 9.78797245026,
        "mean": 7.91829299927,
        "median": 7.95766544342,
        "min": 5.49967241287,
        "var": 0.116111733019
    },
    "spectral_flux": {
        "dmean": 0.023122087121,
        "dmean2": 0.0359394103289,
        "dvar": 0.000717394519597,
        "dvar2": 0.0014917984372,
        "max": 0.336016237736,
        "mean": 0.096809245646,
        "median": 0.0938446670771,
        "min": 1.03287718656e-10,
        "var": 0.00212594564073
    },
    "spectral_kurtosis": {
        "dmean": 0.857768833637,
        "dmean2": 1.42620885372,
        "dvar": 1.75985944271,
        "dvar2": 4.58179569244,
        "max": 62.2157974243,
        "mean": 2.96697402,
        "median": 2.31796121597,
        "min": -1.19199240208,
        "var": 14.7420034409
    },
    "spectral_rms": {
        "dmean": 0.000816011510324,
        "dmean2": 0.00132066162769,
        "dvar": 9.03595946511e-07,
        "dvar2": 2.3833222258e-06,
        "max": 0.0126674864441,
        "mean": 0.00532549293712,
        "median": 0.00560158584267,
        "min": 3.22616629592e-12,
        "var": 4.13398583987e-06
    },
    "spectral_rolloff": {
        "dmean": 628.154968262,
        "dmean2": 1026.07556152,
        "dvar": 942342.375,
        "dvar2": 2008967.625,
        "max": 18884.6191406,
        "mean": 2028.28234863,
        "median": 1528.85742188,
        "min": 21.533203125,
        "var": 2732877
    },
    "spectral_skewness": {
        "dmean": 0.143509984016,
        "dmean2": 0.229521930218,
        "dvar": 0.0220937617123,
        "dvar2": 0.0498433038592,
        "max": 6.51632404327,
        "mean": 1.24787163734,
        "median": 1.19466769695,
        "min": 0.0139389270917,
        "var": 0.25571334362
    },
    "spectral_spread": {
        "dmean": 443860.6875,
        "dmean2": 653157.4375,
        "dvar": 459646435328,
        "dvar2": 766107058176,
        "max": 39514180,
        "mean": 4947915,
        "median": 4915500.5,
        "min": 1223484.875,
        "var": 1.69578292838e+12
    },
    "spectral_strongpeak": {
        "dmean": 0.583368003368,
        "dmean2": 1.01222419739,
        "dvar": 1.00843119621,
        "dvar2": 2.64467167854,
        "max": 10.823381424,
        "mean": 0.971352517605,
        "median": 0.3952652812,
        "min": 0,
        "var": 1.81346559525
    },
    "zerocrossingrate": {
        "dmean": 0.011103018187,
        "dmean2": 0.0131153771654,
        "dvar": 0.00017988232139,
        "dvar2": 0.000200893133297,
        "max": 0.54736328125,
        "mean": 0.0768547877669,
        "median": 0.07080078125,
        "min": 0.0068359375,
        "var": 0.00140075059608
    },
    "barkbands": {
        "dmean": [0.000421824603109, 0.00456757564098, 0.00228616711684, 0.00127704488114, 0.00103866157588, 0.000996287562884, 0.000563004694413, 0.000871723634191, 0.00217566313222, 0.000895606644917, 0.000758063863032, 0.000405630242312, 0.000937374366913, 0.000440320523921, 0.000318033678923, 0.000288026145427, 0.000273891608231, 0.000257231964497, 0.000208051438676, 0.000270928663667, 0.000198947469471, 0.000220143934712, 0.000169978331542, 0.0001231579663, 6.79606382619e-05, 2.78589977825e-05, 1.6708165731e-06],
        "dmean2": [0.000693153066095, 0.00783819332719, 0.00383409438655, 0.00223491387442, 0.00176365475636, 0.00167076522484, 0.000921389844734, 0.00138524116483, 0.00349730346352, 0.00144831836224, 0.0012466723565, 0.00067240576027, 0.00156319758389, 0.000716328795534, 0.000517546082847, 0.000463637406938, 0.000443628174253, 0.000417442410253, 0.000335773656843, 0.000432008702774, 0.000317080673994, 0.000337656063493, 0.000257850595517, 0.000183656346053, 0.000103013553598, 4.0849121433e-05, 2.6489622087e-06],
        "dvar": [2.14918964048e-06, 7.94891966507e-05, 3.86238971259e-05, 8.27013082016e-06, 4.91582204631e-06, 5.48599518879e-06, 2.37360995925e-06, 8.06832213129e-06, 2.13381681533e-05, 4.06313074564e-06, 2.13375255953e-06, 8.64525759425e-07, 3.10740165332e-06, 1.00727982044e-06, 3.98849749672e-07, 3.57174712917e-07, 2.38040072986e-07, 2.33715255149e-07, 1.2185870446e-07, 2.44692017759e-07, 1.07130880167e-07, 1.20674627624e-07, 1.12864256607e-07, 7.88630529769e-08, 2.76735612204e-08, 4.01059319088e-09, 5.20770787604e-11],
        "dvar2": [5.99113809585e-06, 0.000224930365221, 0.00010221129196, 2.32925613091e-05, 1.3366238818e-05, 1.48638546307e-05, 5.46024284631e-06, 1.92039115063e-05, 5.46397459402e-05, 9.39211804507e-06, 5.68027735426e-06, 2.29645615946e-06, 8.69723407959e-06, 2.42606415668e-06, 9.76146793619e-07, 8.48801050779e-07, 5.77176649585e-07, 5.60001240046e-07, 2.87159025447e-07, 5.7835819689e-07, 2.52545419244e-07, 2.73886143987e-07, 2.35373903479e-07, 1.6242998413e-07, 6.39285033799e-08, 8.75914274445e-09, 1.07576239583e-10],
        "max": [0.0814201682806, 0.100637100637, 0.100567728281, 0.065673686564, 0.048174791038, 0.0315633863211, 0.0515177845955, 0.0709163174033, 0.0873734503984, 0.0681585073471, 0.0220668222755, 0.0255516562611, 0.0259626153857, 0.0290408674628, 0.0134746069089, 0.0166631732136, 0.0135395415127, 0.0197428129613, 0.00711722392589, 0.00984029751271, 0.00679621333256, 0.00577884074301, 0.00839790329337, 0.00596524914727, 0.0040853288956, 0.00163058808539, 0.000412973371567],
        "mean": [0.000602833577432, 0.00922516081482, 0.00300772534683, 0.00169381638989, 0.00154503516387, 0.00124609179329, 0.000804192037322, 0.00129651022144, 0.00344889308326, 0.00146735401358, 0.00121726561338, 0.000617911457084, 0.00160152930766, 0.000719341507647, 0.000532405218109, 0.00054065475706, 0.000511170830578, 0.000485616852529, 0.000410078995628, 0.00055042427266, 0.000438987714006, 0.000539736414794, 0.000380515295547, 0.000242582318606, 0.000124222118757, 5.47752897546e-05, 2.20840706788e-06],
        "median": [6.96093629813e-05, 0.00434262212366, 0.00082839850802, 0.000626388587989, 0.000803962466307, 0.000455294502899, 0.000290676136501, 0.000273919373285, 0.00108324887697, 0.000489912170451, 0.000477251916891, 0.000264155532932, 0.000417939794715, 0.000294826750178, 0.000270512478892, 0.000278733699815, 0.000317220721627, 0.000284293288132, 0.000274026533589, 0.000290439871605, 0.000285930960672, 0.000345006614225, 0.000230271587498, 0.000121162353025, 5.593788228e-05, 2.68621879513e-05, 1.11545062964e-07],
        "min": [4.52281377768e-23, 3.30353300763e-23, 6.37537504305e-24, 7.888564876e-24, 5.15651268482e-23, 7.54359537106e-23, 5.95504407811e-23, 5.22492554242e-23, 1.0388026478e-22, 1.40647739975e-22, 6.03891261411e-23, 5.27202495609e-23, 5.5197619902e-23, 1.22929091007e-22, 1.92991753371e-22, 1.19111004225e-22, 1.85338956932e-22, 8.4403673994e-23, 3.51811163044e-22, 2.39474770055e-22, 3.42762082802e-22, 6.32836486533e-22, 7.06626611338e-22, 7.08224275552e-22, 1.33836015673e-21, 1.60415715784e-21, 2.43723496636e-21],
        "var": [3.14104022436e-06, 0.000134664122015, 4.23330857302e-05, 1.31949045681e-05, 6.00184012001e-06, 5.47600529899e-06, 4.59648254036e-06, 2.4032602596e-05, 4.60197916254e-05, 1.19004052976e-05, 4.14049100073e-06, 1.17986610348e-06, 7.23833090888e-06, 2.19831531467e-06, 7.34772811484e-07, 8.51911522659e-07, 4.60955448034e-07, 5.49873846012e-07, 2.5574743745e-07, 5.89529804529e-07, 2.61565077153e-07, 3.45242852973e-07, 3.12524122137e-07, 1.94085899352e-07, 4.90173306389e-08, 8.5754452428e-09, 1.91471033473e-10]
    },
    "erbbands": {
        "dmean": [0.150511056185, 1.01123476028, 2.28283405304, 3.80115485191, 3.57529854774, 3.44470596313, 5.55156803131, 9.16700744629, 6.40249347687, 15.5749254227, 19.1101016998, 55.7382698059, 31.862279892, 25.8337802887, 28.5163078308, 16.2751617432, 41.5417060852, 24.942987442, 19.2487506866, 14.2929000854, 14.4374723434, 13.6583747864, 14.4684047699, 9.9864282608, 11.3219661713, 12.6277389526, 8.60760784149, 8.03786849976, 8.53539466858, 5.80392503738, 5.04365539551, 2.89938807487, 2.02488160133, 1.03452408314, 0.343355953693, 0.163792192936, 0.042088855058, 0.00575074972585, 0.000221661335672, 1.62485248438e-05],
        "dmean2": [0.254670083523, 1.75179064274, 3.89306211472, 6.52573299408, 6.12617349625, 5.86120843887, 9.36038780212, 15.4080972672, 10.5697984695, 24.6273860931, 30.4893379211, 89.2330551147, 50.6909141541, 42.244556427, 46.817489624, 26.7885150909, 68.9395828247, 40.8971557617, 30.9623565674, 22.6475162506, 23.1687545776, 21.8351650238, 23.3926029205, 15.6289081573, 18.3283805847, 19.9838256836, 13.7655582428, 12.6969327927, 13.1841278076, 8.90509033203, 7.67144346237, 4.39815187454, 3.06882762909, 1.58940410614, 0.519358634949, 0.243843987584, 0.06170938164, 0.0085924975574, 0.000312182848575, 2.51334222412e-05],
        "dvar": [0.0778973698616, 4.22135210037, 38.3573646545, 61.8269348145, 69.7790222168, 63.0652542114, 178.012908936, 492.136932373, 288.378204346, 2626.87792969, 2500.5, 16301.3886719, 4655.95849609, 3311.50317383, 3001.37084961, 1290.35925293, 6539.52978516, 2423.01733398, 1371.14465332, 936.214355469, 797.447753906, 715.901672363, 623.938903809, 355.850463867, 339.495422363, 548.814941406, 274.897766113, 190.111694336, 197.441543579, 103.660865784, 103.283363342, 42.46509552, 22.3033504486, 6.86453390121, 0.663193881512, 0.141864523292, 0.0091209448874, 0.000272664998192, 9.59994736149e-07, 6.32635943631e-10],
        "dvar2": [0.213195323944, 12.1590337753, 104.245025635, 167.067489624, 190.955444336, 170.967559814, 473.166351318, 1337.29760742, 655.553833008, 6658.63232422, 5664.5546875, 42140.3476562, 11139.7675781, 8572.43164062, 8061.75537109, 3442.84399414, 18238.4746094, 6052.61816406, 3299.75537109, 2214.92382812, 1913.58898926, 1742.97961426, 1542.4909668, 788.321166992, 851.023986816, 1265.55981445, 642.77947998, 448.16998291, 452.736724854, 233.086242676, 217.739349365, 87.4499740601, 47.8965034485, 15.7403783798, 1.58132374287, 0.307029813528, 0.0203583035618, 0.000581531610806, 1.35690572733e-06, 1.30365296336e-09],
        "max": [3.32262611389, 23.2882671356, 98.4793167114, 119.719726562, 211.717376709, 181.357315063, 284.90411377, 353.757202148, 513.501403809, 1377.59985352, 1796.40881348, 2748.05078125, 2670.77856445, 968.147644043, 1006.25708008, 976.459594727, 1280.19580078, 1718.6496582, 884.289367676, 865.440734863, 797.413146973, 926.198059082, 866.916931152, 718.279418945, 408.626708984, 449.279510498, 467.453552246, 328.949615479, 246.151168823, 203.226211548, 252.392700195, 144.622039795, 134.511260986, 65.0011672974, 19.6500301361, 11.5164661407, 2.60824155807, 0.776456654072, 0.0822261720896, 0.00146444537677],
        "mean": [0.31734508276, 1.87552547455, 3.17274475098, 5.36112213135, 5.17142057419, 4.89045572281, 7.04126214981, 11.5135173798, 9.1113319397, 24.7661571503, 28.8348312378, 87.7267913818, 56.9934654236, 43.9848175049, 47.0270042419, 28.9751758575, 72.0069656372, 44.8861961365, 34.9123649597, 27.7612228394, 28.5446414948, 27.5965843201, 28.7751560211, 20.3553447723, 22.7907295227, 26.0718955994, 18.5036144257, 18.6230220795, 20.2702159882, 13.8550720215, 10.8523950577, 5.83551836014, 3.81167459488, 1.85156786442, 0.628788709641, 0.319335281849, 0.0797386020422, 0.00955411605537, 0.000374799943529, 5.36891820957e-05],
        "median": [0.0986824706197, 0.826283335686, 1.38298094273, 2.07504296303, 2.55873250961, 2.16698336601, 2.56122255325, 4.13183403015, 3.93793702126, 6.45092964172, 9.4062461853, 26.7955722809, 22.2124156952, 16.0520458221, 20.6385974884, 15.5765981674, 20.8804588318, 22.3721218109, 18.4037094116, 13.8812084198, 17.0036487579, 17.8315067291, 17.5824584961, 13.1055078506, 14.884560585, 13.7657737732, 11.4146280289, 11.8194761276, 12.4923038483, 9.26240348816, 6.35850572586, 3.0924217701, 1.79751551151, 0.798406779766, 0.31067815423, 0.170547023416, 0.0348857678473, 0.00246992940083, 8.79680374055e-05, 4.97801775055e-05],
        "min": [1.6407350603e-21, 4.93669386728e-21, 1.02504552703e-20, 1.76703437209e-20, 2.0383977575e-20, 1.14254813247e-19, 9.79724504832e-19, 3.09929479477e-19, 5.56821954315e-19, 1.43321593591e-18, 1.08059266649e-18, 2.2186888612e-18, 4.34570584461e-18, 3.42001422496e-18, 2.52504678159e-18, 2.4744659279e-18, 2.39674445114e-18, 5.44507437363e-18, 1.02529963368e-17, 7.13010662867e-18, 6.01481032336e-18, 1.13654252205e-17, 5.84159167206e-18, 1.23961584382e-17, 1.6116274203e-17, 1.24332988477e-17, 1.17529576832e-17, 1.82056149707e-17, 2.29407839174e-17, 1.93169370867e-17, 1.83659755129e-17, 1.73214846273e-17, 1.2627367e-17, 1.70286196771e-17, 7.81260259874e-18, 5.0057033292e-18, 2.85624183385e-18, 1.4230359275e-18, 3.59925619869e-19, 3.58676855025e-20],
        "var": [0.169162273407, 6.28052949905, 37.7243270874, 90.0001525879, 86.09324646, 79.1800308228, 201.801742554, 504.891815186, 451.967407227, 7355.16162109, 6402.11279297, 33115.5859375, 17579.09375, 6903.640625, 5420.93603516, 1935.47412109, 14621.5859375, 4534.12646484, 3079.96679688, 2100.97021484, 1728.95202637, 1295.09265137, 1673.56188965, 800.54284668, 694.863342285, 1366.45202637, 611.549621582, 467.917755127, 530.298095703, 254.427001953, 280.037719727, 108.980766296, 49.128452301, 12.2144908905, 1.08380222321, 0.282339215279, 0.0208668522537, 0.000822709815111, 5.08125594934e-06, 2.42504549774e-09]
    },
    "gfcc": {
        "mean": [25.498664856, 65.9976043701, -132.109298706, 35.8393821716, -66.9397583008, 28.0507717133, -29.8267631531, 14.5514545441, -21.2857017517, 3.69474554062, -20.6151599884, 0.362565994263, -12.0900678635],
        "cov": [[7362.42675781, -550.385437012, 898.401916504, 1223.66418457, 343.461364746, 475.419403076, 182.483963013, 158.101531982, -137.656280518, 168.852844238, 33.357421875, 196.400161743, -320.566925049], [-550.385437012, 1055.65283203, 245.711257935, 191.101791382, 198.697067261, -7.89831542969, 137.424346924, -24.2312030792, 74.8647689819, -31.7281951904, 98.1692352295, -11.7349319458, 86.2258682251], [898.401916504, 245.711257935, 1217.734375, 579.547729492, 288.200256348, 175.497375488, 42.8072471619, 125.868728638, 30.1518306732, 157.730758667, 7.29312992096, 153.108978271, -45.6898040771], [1223.66418457, 191.101791382, 579.547729492, 719.186462402, 250.513549805, 166.702896118, 81.1167526245, 52.7439689636, 3.06262350082, 54.0186042786, 37.5475654602, 52.3221168518, -22.4800205231], [343.461364746, 198.697067261, 288.200256348, 250.513549805, 372.761047363, 164.833068848, 101.534965515, 78.0373687744, 20.251203537, 48.2215080261, 30.8600959778, 40.0547790527, -3.31096363068], [475.419403076, -7.89831542969, 175.497375488, 166.702896118, 164.833068848, 282.260772705, 164.201812744, 60.4317398071, 10.9535112381, 52.8313789368, 19.0952568054, 24.1259479523, -19.2595024109], [182.483963013, 137.424346924, 42.8072471619, 81.1167526245, 101.534965515, 164.201812744, 254.129623413, 65.5302886963, 20.9571914673, 30.9001121521, 28.2786750793, -13.4130849838, -7.75123310089], [158.101531982, -24.2312030792, 125.868728638, 52.7439689636, 78.0373687744, 60.4317398071, 65.5302886963, 122.333145142, 48.9528198242, 49.2824935913, 5.90952253342, 15.2353057861, -5.91309738159], [-137.656280518, 74.8647689819, 30.1518306732, 3.06262350082, 20.251203537, 10.9535112381, 20.9571914673, 48.9528198242, 113.370994568, 47.2915878296, 15.9944972992, 7.67374134064, 22.5933647156], [168.852844238, -31.7281951904, 157.730758667, 54.0186042786, 48.2215080261, 52.8313789368, 30.9001121521, 49.2824935913, 47.2915878296, 122.391014099, 30.3153152466, 45.0541229248, -9.17670249939], [33.357421875, 98.1692352295, 7.29312992096, 37.5475654602, 30.8600959778, 19.0952568054, 28.2786750793, 5.90952253342, 15.9944972992, 30.3153152466, 86.7766952515, 32.6703338623, 21.7535743713], [196.400161743, -11.7349319458, 153.108978271, 52.3221168518, 40.0547790527, 24.1259479523, -13.4130849838, 15.2353057861, 7.67374134064, 45.0541229248, 32.6703338623, 108.83089447, 21.9188919067], [-320.566925049, 86.2258682251, -45.6898040771, -22.4800205231, -3.31096363068, -19.2595024109, -7.75123310089, -5.91309738159, 22.5933647156, -9.17670249939, 21.7535743713, 21.9188919067, 99.0370254517]],
        "icov": [[0.000280183274299, 8.79132931004e-05, 0.000156993381097, -0.000544787850231, 0.000124399419292, -0.000157929345733, -1.42632270581e-05, -0.000238885419094, 0.000237581043621, -1.55762154463e-05, 1.52017828441e-05, -0.000612977775745, 0.000813885359094], [8.79132931004e-05, 0.00247796624899, -0.00119159417227, 0.00012910051737, -0.00141910335515, 0.00182382948697, -0.00227753329091, 0.00269826618023, -0.00229375972413, 0.00220227357931, -0.00276047340594, 0.00148218357936, -0.00109756563324], [0.000156993381097, -0.00119159417227, 0.00274120015092, -0.00176980555989, 0.000431464257417, -0.000926311186049, 0.00139994407073, -0.00235463189892, 0.00157418940216, -0.00249603204429, 0.00292995246127, -0.00316389184445, 0.00167805573437], [-0.000544787850231, 0.00012910051737, -0.00176980555989, 0.00386402173899, -0.00120606203564, -8.60495565576e-05, -0.000246336130658, 0.00139804196078, -0.000763490621466, 0.00112089328468, -0.00173109653406, 0.00231013190933, -0.00166106340475], [0.000124399419292, -0.00141910335515, 0.000431464257417, -0.00120606203564, 0.00551466969773, -0.00289834593423, 0.00134679791518, -0.00336259114556, 0.00164057477377, -0.000742167641874, 0.000782739138231, -0.00135432463139, 0.000773633189965], [-0.000157929345733, 0.00182382948697, -0.000926311186049, -8.60495565576e-05, -0.00289834593423, 0.00905073434114, -0.00585709838197, 0.00249703368172, -0.00134424527641, 0.000224026560318, -0.000838851206936, 0.000215629246668, -0.000728164741304], [-1.42632270581e-05, -0.00227753329091, 0.00139994407073, -0.000246336130658, 0.00134679791518, -0.00585709838197, 0.00971103738993, -0.0052355309017, 0.00244435924105, -0.00192457425874, 0.00017825717805, 0.00105702760629, 0.000871088937856], [-0.000238885419094, 0.00269826618023, -0.00235463189892, 0.00139804196078, -0.00336259114556, 0.00249703368172, -0.0052355309017, 0.0170671567321, -0.00742207001895, 0.000527814670932, -0.00142355938442, 0.00200568232685, -0.00129809346981], [0.000237581043621, -0.00229375972413, 0.00157418940216, -0.000763490621466, 0.00164057477377, -0.00134424527641, 0.00244435924105, -0.00742207001895, 0.0158709026873, -0.00714944954962, 0.00213924469426, 9.46465806919e-05, -0.00191333773546], [-1.55762154463e-05, 0.00220227357931, -0.00249603204429, 0.00112089328468, -0.000742167641874, 0.000224026560318, -0.00192457425874, 0.000527814670932, -0.00714944954962, 0.0171865317971, -0.00643325876445, -0.00195259856991, 0.00210345420055], [1.52017828441e-05, -0.00276047340594, 0.00292995246127, -0.00173109653406, 0.000782739138231, -0.000838851206936, 0.00017825717805, -0.00142355938442, 0.00213924469426, -0.00643325876445, 0.0196572411805, -0.00674201268703, -0.000706357532181], [-0.000612977775745, 0.00148218357936, -0.00316389184445, 0.00231013190933, -0.00135432463139, 0.000215629246668, 0.00105702760629, 0.00200568232685, 9.46465806919e-05, -0.00195259856991, -0.00674201268703, 0.0182862132788, -0.00677942764014], [0.000813885359094, -0.00109756563324, 0.00167805573437, -0.00166106340475, 0.000773633189965, -0.000728164741304, 0.000871088937856, -0.00129809346981, -0.00191333773546, 0.00210345420055, -0.000706357532181, -0.00677942764014, 0.0162462573498]]
    },
    "melbands": {
        "dmean": [0.00129515305161, 0.00119068636559, 0.000629187910818, 0.000236085892539, 0.000185334924026, 0.000197095578187, 0.000102306592453, 0.000179667607881, 0.000181351104402, 0.000354834279278, 0.000155981208081, 0.000107479201688, 9.81853809208e-05, 5.3370520618e-05, 5.55978040211e-05, 0.000102537487692, 4.47067432106e-05, 3.54542462446e-05, 2.17942742893e-05, 2.21463287744e-05, 1.77496931428e-05, 1.54114550242e-05, 1.60076033353e-05, 1.21008542919e-05, 8.44998339744e-06, 8.81723462953e-06, 9.93469348032e-06, 8.7451426225e-06, 6.09182961853e-06, 5.27632573721e-06, 5.13584700457e-06, 5.49336664335e-06, 4.2790597945e-06, 3.32267359227e-06, 3.22195069202e-06, 2.30811747315e-06, 1.8441623979e-06, 1.59888702456e-06, 1.1871610468e-06, 8.1937247387e-07],
        "dmean2": [0.00219593965448, 0.00206686556339, 0.00107887852937, 0.000402616075007, 0.000311425246764, 0.000330540933646, 0.000167773032445, 0.000282655470073, 0.000291162112262, 0.000568897055928, 0.000247640098678, 0.000175734137883, 0.000161791933351, 8.82820313564e-05, 9.08482979867e-05, 0.000170161118149, 7.2852250014e-05, 5.73761972191e-05, 3.53303876182e-05, 3.53003415512e-05, 2.90179068543e-05, 2.49725471804e-05, 2.61496443272e-05, 1.96595847228e-05, 1.33840703711e-05, 1.43252527778e-05, 1.61506704899e-05, 1.38256946229e-05, 9.8444206742e-06, 8.64235880726e-06, 8.20643708721e-06, 8.64120556798e-06, 6.66798905513e-06, 5.18037677466e-06, 4.96732627653e-06, 3.56979239768e-06, 2.83813892565e-06, 2.45496812568e-06, 1.84630391686e-06, 1.28044882786e-06],
        "dvar": [5.96571999267e-06, 7.88543275121e-06, 1.74411661646e-06, 2.76469194205e-07, 1.75709075734e-07, 2.20289777531e-07, 7.24353768078e-08, 3.7071964698e-07, 2.05936601105e-07, 6.21466142547e-07, 1.17183645898e-07, 5.8595272634e-08, 3.74383475332e-08, 1.34357405202e-08, 1.30018866784e-08, 4.24600514748e-08, 9.92907001063e-09, 5.43681899501e-09, 2.26509455636e-09, 2.37900232847e-09, 1.08472619775e-09, 1.03088737546e-09, 6.37613961629e-10, 6.84035050824e-10, 2.70572536598e-10, 2.39179676065e-10, 3.27049692883e-10, 2.92002227953e-10, 1.86099580191e-10, 8.02758554075e-11, 7.98156055137e-11, 8.61070520441e-11, 4.62458751849e-11, 3.94739553544e-11, 4.27829160987e-11, 2.26521336411e-11, 1.97821412029e-11, 1.40882357863e-11, 8.76690126744e-12, 4.39231290228e-12],
        "dvar2": [1.65080236911e-05, 2.2290250854e-05, 4.72542524221e-06, 7.56823908432e-07, 4.67804738946e-07, 5.97473501784e-07, 1.62575844342e-07, 9.39161225233e-07, 4.91716150464e-07, 1.60062847954e-06, 2.79203362652e-07, 1.51077358623e-07, 1.00417878457e-07, 3.59912242232e-08, 3.43051986817e-08, 1.19320660019e-07, 2.43911788544e-08, 1.29881767563e-08, 5.60205526412e-09, 5.57480328567e-09, 2.68747935017e-09, 2.4951314348e-09, 1.57324298034e-09, 1.68412173096e-09, 6.04458594289e-10, 5.85749004856e-10, 7.99938837392e-10, 6.72076783115e-10, 4.40193881346e-10, 2.00930036498e-10, 1.91536675409e-10, 2.03354708073e-10, 1.06082240214e-10, 9.18893572344e-11, 9.34772606542e-11, 4.72989807043e-11, 4.26433818812e-11, 3.08326697507e-11, 2.04665139003e-11, 1.03202620061e-11],
        "max": [0.028069069609, 0.0395715683699, 0.0249774623662, 0.0123472623527, 0.00812872778624, 0.00713815866038, 0.00891146063805, 0.0169211421162, 0.0137638328597, 0.0162723641843, 0.0132031748071, 0.00425275880843, 0.00345256598666, 0.00344554544427, 0.0022019664757, 0.00304895197041, 0.00351740629412, 0.00206046854146, 0.00123742700089, 0.00113062199671, 0.000786796677858, 0.00111108494457, 0.000470233440865, 0.00115795759484, 0.000537033192813, 0.000474424799904, 0.000486327189719, 0.000377642951207, 0.000435841764556, 0.000250181066804, 0.000182286588824, 0.000161410716828, 0.000104186183307, 0.0001463732915, 0.000159504081239, 0.000109041277028, 9.28136360017e-05, 9.70416003838e-05, 9.64958162513e-05, 5.155265535e-05],
        "mean": [0.00274884793907, 0.00198358437046, 0.000943245308008, 0.000345295178704, 0.000251427496551, 0.000248962343903, 0.000145583035192, 0.000284335401375, 0.000260373053607, 0.000559728185181, 0.000268441130174, 0.000171633902937, 0.000160376905114, 8.50544820423e-05, 9.23458646866e-05, 0.00017173474771, 7.26122307242e-05, 5.92338292336e-05, 3.6731336877e-05, 4.02176519856e-05, 3.180416752e-05, 2.84976686089e-05, 2.88942519546e-05, 2.21729515033e-05, 1.54859517352e-05, 1.60752661031e-05, 1.80882725545e-05, 1.70072689798e-05, 1.16801757031e-05, 1.05448962131e-05, 1.08452195491e-05, 1.19927590276e-05, 9.52116897679e-06, 6.99120073477e-06, 6.53855113342e-06, 4.54859537058e-06, 3.29477666128e-06, 2.86625800072e-06, 2.05144419851e-06, 1.3814670865e-06],
        "median": [0.00116139336023, 0.00117015384603, 0.000426005746704, 0.000188053381862, 9.45489446167e-05, 9.17073339224e-05, 6.17218465777e-05, 6.83278194629e-05, 7.52474588808e-05, 0.000168530503288, 9.32352850214e-05, 5.55966507818e-05, 6.5394116973e-05, 3.89975466533e-05, 3.39006874128e-05, 4.21506701969e-05, 3.17196281685e-05, 2.8454043786e-05, 1.89705224329e-05, 1.79334365384e-05, 1.89652710105e-05, 1.76262892637e-05, 1.7601694708e-05, 1.24339858303e-05, 9.53704329731e-06, 1.02157027868e-05, 9.9690978459e-06, 8.39035328681e-06, 6.37154653305e-06, 6.6893917392e-06, 6.35524611425e-06, 6.93485890224e-06, 6.16574743617e-06, 4.32120395999e-06, 3.63985486729e-06, 2.49437948696e-06, 1.50574078361e-06, 1.30963860556e-06, 9.01257351416e-07, 5.7421124211e-07],
        "min": [1.40182633896e-23, 5.8433857868e-24, 3.06328179019e-24, 1.93981665733e-24, 2.79616449467e-23, 8.77926377978e-24, 9.10713409351e-24, 1.51245698117e-23, 8.34602373722e-24, 1.56068415038e-23, 2.15081505859e-23, 1.37054342868e-23, 8.72448606738e-24, 7.39823970289e-24, 5.0422995097e-24, 7.09324319996e-24, 9.62776414716e-24, 1.54473906268e-23, 1.31809096268e-23, 9.3336846903e-24, 6.15157323208e-24, 1.24585907167e-23, 6.60696370001e-24, 4.13916934134e-24, 1.05941242781e-23, 1.38392755834e-23, 9.38896648482e-24, 7.94992168835e-24, 5.77555163756e-24, 9.32938460951e-24, 1.12705835484e-23, 1.45685995784e-23, 9.56384827003e-24, 1.15132198079e-23, 8.97137902033e-24, 1.27673500861e-23, 9.91628529008e-24, 6.88809597726e-24, 1.25900622751e-23, 1.54691963199e-23],
        "var": [1.1779072338e-05, 8.16866486275e-06, 2.53872099165e-06, 3.08644700908e-07, 2.20929109673e-07, 2.2467980898e-07, 1.25048941868e-07, 1.08825349798e-06, 4.66830641699e-07, 1.3130785419e-06, 4.37027381395e-07, 1.18443523434e-07, 6.96682604939e-08, 1.90536635358e-08, 2.5544322213e-08, 9.70173843484e-08, 1.80187118559e-08, 1.22468346575e-08, 3.87542620217e-09, 5.96911853279e-09, 2.0734067796e-09, 1.77049297445e-09, 1.26033572467e-09, 1.78272918649e-09, 5.6333077092e-10, 4.46480907801e-10, 6.24157336926e-10, 7.03997804496e-10, 3.72100322776e-10, 1.75428074844e-10, 1.80028297825e-10, 2.12317913251e-10, 1.13096483567e-10, 8.31595764472e-11, 1.06015377033e-10, 5.9114421691e-11, 4.35081172478e-11, 2.97838559371e-11, 1.53429213778e-11, 7.16277384627e-12]
    },
    "mfcc": {
        "mean": [-608.502380371, 90.4747695923, -5.70198822021, 12.9540700912, -6.01828765869, 11.0130968094, 1.10447049141, 10.6329984665, 5.37781333923, 5.83238649368, 1.58754479885, -0.372912824154, -3.40059614182],
        "cov": [[6587.22070312, -855.973266602, 521.012695312, 800.887878418, 328.680450439, 476.899810791, 336.867034912, 305.489654541, -80.7695007324, -27.9284305573, 221.658111572, 118.563667297, 43.1585655212], [-855.973266602, 833.491027832, 85.4644393921, 100.076652527, 73.7455749512, 33.3175201416, 52.3973274231, 27.6763877869, 39.0971374512, 12.2250957489, 12.763915062, 24.1494064331, 46.4463653564], [521.012695312, 85.4644393921, 881.319091797, 439.337249756, 264.402648926, 176.834243774, 78.8984375, 66.0760421753, 58.5195159912, 14.1699581146, 65.8140182495, 100.266845703, 75.0493392944], [800.887878418, 100.076652527, 439.337249756, 567.049377441, 269.038879395, 168.790847778, 114.81489563, 82.2252807617, 28.2814483643, 20.0749263763, 39.7989387512, 58.4761543274, 58.379611969], [328.680450439, 73.7455749512, 264.402648926, 269.038879395, 348.433807373, 127.391990662, 81.07396698, 61.7239227295, 42.4863510132, 28.3438739777, 25.1704921722, 36.7726173401, 43.4418067932], [476.899810791, 33.3175201416, 176.834243774, 168.790847778, 127.391990662, 263.70135498, 163.504455566, 102.355934143, 52.3127174377, 33.4301223755, 71.8738021851, 43.7050514221, 12.63230896], [336.867034912, 52.3973274231, 78.8984375, 114.81489563, 81.07396698, 163.504455566, 243.445617676, 108.282714844, 49.6001205444, 42.8262481689, 59.5507659912, 41.2954521179, 9.88968467712], [305.489654541, 27.6763877869, 66.0760421753, 82.2252807617, 61.7239227295, 102.355934143, 108.282714844, 130.578216553, 46.9898071289, 31.3635177612, 43.6565208435, 17.7073898315, 8.29536342621], [-80.7695007324, 39.0971374512, 58.5195159912, 28.2814483643, 42.4863510132, 52.3127174377, 49.6001205444, 46.9898071289, 115.38344574, 60.1619529724, 30.7837924957, 26.1376476288, 9.29086971283], [-27.9284305573, 12.2250957489, 14.1699581146, 20.0749263763, 28.3438739777, 33.4301223755, 42.8262481689, 31.3635177612, 60.1619529724, 104.93611908, 48.8626480103, 23.3694591522, 4.34064149857], [221.658111572, 12.763915062, 65.8140182495, 39.7989387512, 25.1704921722, 71.8738021851, 59.5507659912, 43.6565208435, 30.7837924957, 48.8626480103, 116.545372009, 51.2356491089, 6.76713037491], [118.563667297, 24.1494064331, 100.266845703, 58.4761543274, 36.7726173401, 43.7050514221, 41.2954521179, 17.7073898315, 26.1376476288, 23.3694591522, 51.2356491089, 91.2550964355, 38.5267982483], [43.1585655212, 46.4463653564, 75.0493392944, 58.379611969, 43.4418067932, 12.63230896, 9.88968467712, 8.29536342621, 9.29086971283, 4.34064149857, 6.76713037491, 38.5267982483, 77.5560913086]],
