{
"lowlevel": {
    "average_loudness": 0.924850225449,
    "barkbands_crest": {
        "dmean": 2.82546925545,
        "dmean2": 4.77396154404,
        "dvar": 7.23929166794,
        "dvar2": 20.6320667267,
        "max": 26.92045784,
        "mean": 11.0581579208,
        "median": 10.3160333633,
        "min": 2.35567855835,
        "var": 20.4308300018
    },
    "barkbands_flatness_db": {
        "dmean": 0.0240526404232,
        "dmean2": 0.0398801118135,
        "dvar": 0.000648994697258,
        "dvar2": 0.00195431197062,
        "max": 0.589227676392,
        "mean": 0.160817056894,
        "median": 0.147889107466,
        "min": 0.0350351557136,
        "var": 0.00402502762154
    },
    "barkbands_kurtosis": {
        "dmean": 5.94442033768,
        "dmean2": 10.0146551132,
        "dvar": 221.193756104,
        "dvar2": 645.518005371,
        "max": 479.639343262,
        "mean": 10.0824050903,
        "median": 3.55929923058,
        "min": -1.94835317135,
        "var": 392.365844727
    },
    "barkbands_skewness": {
        "dmean": 0.70761269331,
        "dmean2": 1.16012060642,
        "dvar": 0.78325599432,
        "dvar2": 2.21650648117,
        "max": 13.9882116318,
        "mean": 2.23149681091,
        "median": 1.95378565788,
        "min": -17.1468296051,
        "var": 3.59804964066
    },
    "barkbands_spread": {
        "dmean": 5.81873369217,
        "dmean2": 9.32248973846,
        "dvar": 50.2225761414,
        "dvar2": 124.354736328,
        "max": 96.7811889648,
        "mean": 21.5985527039,
        "median": 19.2281837463,
        "min": 0.0535327419639,
        "var": 210.069915771
    },
    "dissonance": {
        "dmean": 0.0148048698902,
        "dmean2": 0.0251341667026,
        "dvar": 0.000315611192491,
        "dvar2": 0.000895395409316,
        "max": 0.500000119209,
        "mean": 0.47310757637,
        "median": 0.479588001966,
        "min": 0.0863511934876,
        "var": 0.000715540081728
    },
    "dynamic_complexity": 3.27022147179,
    "erbbands_crest": {
        "dmean": 2.08574151993,
        "dmean2": 3.39004516602,
        "dvar": 3.85113143921,
        "dvar2": 9.72500991821,
        "max": 33.1936683655,
        "mean": 7.50933074951,
        "median": 6.58288383484,
        "min": 2.30826354027,
        "var": 15.0341243744
    },
    "erbbands_flatness_db": {
        "dmean": 0.0135536976159,
        "dmean2": 0.0199589170516,
        "dvar": 0.000189737649634,
        "dvar2": 0.00041604420403,
        "max": 0.630680322647,
        "mean": 0.149954125285,
        "median": 0.137646853924,
        "min": 0.0661676377058,
        "var": 0.00357162812725
    },
    "erbbands_kurtosis": {
        "dmean": 0.762192606926,
        "dmean2": 1.2037088871,
        "dvar": 2.33861970901,
        "dvar2": 5.64632511139,
        "max": 56.4151229858,
        "mean": 0.179077476263,
        "median": -0.508213281631,
        "min": -1.77893722057,
        "var": 9.72583007812
    },
    "erbbands_skewness": {
        "dmean": 0.321833461523,
        "dmean2": 0.494162201881,
        "dvar": 0.0932334512472,
        "dvar2": 0.209445789456,
        "max": 3.59958028793,
        "mean": 0.12967531383,
        "median": 0.182114511728,
        "min": -4.5023560524,
        "var": 0.618395447731
    },
    "erbbands_spread": {
        "dmean": 8.66878032684,
        "dmean2": 13.5984611511,
        "dvar": 88.0628356934,
        "dvar2": 217.05255127,
        "max": 145.451126099,
        "mean": 48.6551971436,
        "median": 48.9744873047,
        "min": 0.286753356457,
        "var": 408.036071777
    },
    "hfc": {
        "dmean": 5.61483287811,
        "dmean2": 8.45837974548,
        "dvar": 78.9475021362,
        "dvar2": 175.44859314,
        "max": 147.902801514,
        "mean": 20.621723175,
        "median": 14.8257818222,
        "min": 1.16026493706e-16,
        "var": 375.58493042
    },
    "melbands_crest": {
        "dmean": 3.46537041664,
        "dmean2": 5.90646886826,
        "dvar": 10.3847513199,
        "dvar2": 30.1830635071,
        "max": 37.9024620056,
        "mean": 15.5340261459,
        "median": 15.1696643829,
        "min": 2.16063785553,
        "var": 26.9220237732
    },
    "melbands_flatness_db": {
        "dmean": 0.028805963695,
        "dmean2": 0.047444678843,
        "dvar": 0.000917310186196,
        "dvar2": 0.00271473661996,
        "max": 0.617734372616,
        "mean": 0.217141076922,
        "median": 0.205644577742,
        "min": 0.00504900515079,
        "var": 0.00561336195096
    },
    "melbands_kurtosis": {
        "dmean": 14.6150360107,
        "dmean2": 24.6229915619,
        "dvar": 759.051147461,
        "dvar2": 2159.60644531,
        "max": 428.247070312,
        "mean": 29.4699668884,
        "median": 15.9536657333,
        "min": -1.78950512409,
        "var": 1631.64648438
    },
    "melbands_skewness": {
        "dmean": 0.992113828659,
        "dmean2": 1.62104058266,
        "dvar": 1.39037132263,
        "dvar2": 3.73886752129,
        "max": 14.9149389267,
        "mean": 3.78630852699,
        "median": 3.48791122437,
        "min": -7.70523786545,
        "var": 5.8432226181
    },
    "melbands_spread": {
        "dmean": 6.17605304718,
        "dmean2": 9.91752815247,
        "dvar": 68.7606735229,
        "dvar2": 165.574523926,
        "max": 156.159820557,
        "mean": 19.4268093109,
        "median": 15.2767868042,
        "min": 0.305379420519,
        "var": 270.944641113
    },
    "pitch_salience": {
        "dmean": 0.0816187933087,
        "dmean2": 0.138980418444,
        "dvar": 0.00633977120742,
        "dvar2": 0.0184678267688,
        "max": 0.884660661221,
        "mean": 0.522180497646,
        "median": 0.528322339058,
        "min": 0.048393830657,
        "var": 0.0151052726433
    },
    "silence_rate_20dB": {
        "dmean": 0,
        "dmean2": 0,
        "dvar": 0,
        "dvar2": 0,
        "max": 1,
        "mean": 1,
        "median": 1,
        "min": 1,
        "var": 0
    },
    "silence_rate_30dB": {
        "dmean": 0.0636598840356,
        "dmean2": 0.127334088087,
        "dvar": 0.0596082061529,
        "dvar2": 0.143975511193,
        "max": 1,
        "mean": 0.952766537666,
        "median": 1,
        "min": 0,
        "var": 0.0450003780425
    },
    "silence_rate_60dB": {
        "dmean": 0.0134967947379,
        "dmean2": 0.0269966255873,
        "dvar": 0.0133155696094,
        "dvar2": 0.0314455889165,
        "max": 1,
        "mean": 0.0662393197417,
        "median": 0,
        "min": 0,
        "var": 0.0618580803275
    },
    "spectral_centroid": {
        "dmean": 257.651641846,
        "dmean2": 400.889556885,
        "dvar": 82456.8203125,
        "dvar2": 181886.15625,
        "max": 11112.3759766,
        "mean": 1364.94384766,
        "median": 1316.38793945,
        "min": 181.261413574,
        "var": 421593.09375
    },
    "spectral_complexity": {
        "dmean": 3.51164102554,
        "dmean2": 5.57806539536,
        "dvar": 14.7219543457,
        "dvar2": 32.9259147644,
        "max": 51,
        "mean": 18.6177463531,
        "median": 18,
        "min": 0,
        "var": 117.786575317
    },
    "spectral_decrease": {
        "dmean": 4.23245438697e-09,
        "dmean2": 7.3354615715e-09,
        "dvar": 7.1139220128e-17,
        "dvar2": 1.99457028784e-16,
        "max": 2.17051763065e-29,
        "mean": -9.22367604517e-09,
        "median": -7.6057471432e-09,
        "min": -7.10522343184e-08,
        "var": 7.28190320462e-17
    },
    "spectral_energy": {
        "dmean": 0.0162896160036,
        "dmean2": 0.0281470492482,
        "dvar": 0.00103707774542,
        "dvar2": 0.00289717153646,
        "max": 0.270738631487,
        "mean": 0.0366826765239,
        "median": 0.0306534860283,
        "min": 1.04420291692e-20,
        "var": 0.00109485525172
    },
    "spectral_energyband_high": {
        "dmean": 0.000376372277969,
        "dmean2": 0.000550868047867,
        "dvar": 7.59287502206e-07,
        "dvar2": 1.34532388074e-06,
        "max": 0.0188712086529,
        "mean": 0.00101658247877,
        "median": 0.000467202655273,
        "min": 7.37977019087e-21,
        "var": 3.00726628666e-06
    },
    "spectral_energyband_low": {
        "dmean": 0.0141429156065,
        "dmean2": 0.025202980265,
        "dvar": 0.000977371120825,
        "dvar2": 0.00280583440326,
        "max": 0.266039967537,
        "mean": 0.0222267508507,
        "median": 0.0155240166932,
        "min": 4.94188508953e-23,
        "var": 0.000833037600387
    },
    "spectral_energyband_middle_high": {
        "dmean": 0.00138240866363,
        "dmean2": 0.00209527066909,
        "dvar": 4.28747989645e-06,
        "dvar2": 9.53068229137e-06,
        "max": 0.0443419776857,
        "mean": 0.00456580985337,
        "median": 0.00261670909822,
        "min": 1.63592111551e-21,
        "var": 2.69577103609e-05
    },
    "spectral_energyband_middle_low": {
        "dmean": 0.00467002624646,
        "dmean2": 0.00775644602254,
        "dvar": 5.00177993672e-05,
        "dvar2": 0.00013445969671,
        "max": 0.0960450023413,
        "mean": 0.0108630312607,
        "median": 0.00823969952762,
        "min": 3.28767968023e-22,
        "var": 9.84123398666e-05
    },
    "spectral_entropy": {
        "dmean": 0.13357539475,
        "dmean2": 0.204309329391,
        "dvar": 0.0209648199379,
        "dvar2": 0.051955409348,
        "max": 9.80540561676,
        "mean": 7.67128181458,
        "median": 7.74154996872,
        "min": 3.57754802704,
        "var": 0.186476111412
    },
    "spectral_flux": {
        "dmean": 0.0308486074209,
        "dmean2": 0.0501129701734,
        "dvar": 0.00220475392416,
        "dvar2": 0.00404842291027,
        "max": 0.425264000893,
        "mean": 0.0953211784363,
        "median": 0.0804176926613,
        "min": 1.02186245576e-10,
        "var": 0.00460084015504
    },
    "spectral_kurtosis": {
        "dmean": 1.43194925785,
        "dmean2": 2.36861276627,
        "dvar": 15.6892290115,
        "dvar2": 42.5026664734,
        "max": 170.829864502,
        "mean": 3.84981012344,
        "median": 2.54615855217,
        "min": -1.20943284035,
        "var": 87.0302886963
    },
    "spectral_rms": {
        "dmean": 0.00109171203803,
        "dmean2": 0.0018237879267,
        "dvar": 2.67960695055e-06,
        "dvar2": 7.25545396563e-06,
        "max": 0.0162522383034,
        "mean": 0.00546575570479,
        "median": 0.005468623247,
        "min": 3.19176217574e-12,
        "var": 5.91348361922e-06
    },
    "spectral_rolloff": {
        "dmean": 412.135620117,
        "dmean2": 689.659729004,
        "dvar": 567133.125,
        "dvar2": 1305690.375,
        "max": 18906.1523438,
        "mean": 1129.91296387,
        "median": 689.0625,
        "min": 21.533203125,
        "var": 1562125
    },
    "spectral_skewness": {
        "dmean": 0.186789140105,
        "dmean2": 0.299083024263,
        "dvar": 0.066252335906,
        "dvar2": 0.172433197498,
        "max": 10.5449743271,
        "mean": 1.33030653,
        "median": 1.25692129135,
        "min": -0.208766534925,
        "var": 0.49721416831
    },
    "spectral_spread": {
        "dmean": 438829.25,
        "dmean2": 632465.875,
        "dvar": 422158401536,
        "dvar2": 622162345984,
        "max": 39977096,
        "mean": 4625462.5,
        "median": 4512694,
        "min": 512266.71875,
        "var": 1.78457529549e+12
    },
    "spectral_strongpeak": {
        "dmean": 0.353449821472,
        "dmean2": 0.614188611507,
        "dvar": 0.544659256935,
        "dvar2": 1.52731871605,
        "max": 10.7078285217,
        "mean": 0.577126741409,
        "median": 0.367031872272,
        "min": 0,
        "var": 0.644416630268
    },
    "zerocrossingrate": {
        "dmean": 0.00840259995311,
        "dmean2": 0.0105056269094,
        "dvar": 0.000100264995126,
        "dvar2": 0.000135532434797,
        "max": 0.55126953125,
        "mean": 0.0519509389997,
        "median": 0.04736328125,
        "min": 0.0029296875,
        "var": 0.000906074768864
    },
    "barkbands": {
        "dmean": [0.000417297822423, 0.00938859302551, 0.00536144617945, 0.00228130700998, 0.0017552357167, 0.00102077459451, 0.000528298260178, 0.000756851572078, 0.000584027147852, 0.000451238214737, 0.000251872639637, 0.00026462553069, 0.000230287085287, 0.00019162085664, 0.00020505291468, 0.000293155695545, 0.000339836638886, 0.000228527496802, 0.000155329966219, 8.85140834725e-05, 0.000101760517282, 0.000109060980321, 9.82076671789e-05, 6.91782697686e-05, 5.0160830142e-05, 1.2546043763e-05, 1.790289339e-08],
        "dmean2": [0.000660067889839, 0.0169387124479, 0.00965185277164, 0.00389502313919, 0.00300667993724, 0.00160466402303, 0.00085113174282, 0.00118427968118, 0.000955190742388, 0.000722194497939, 0.000402964098612, 0.000416967028286, 0.000363675615517, 0.000310972798616, 0.000329199101543, 0.000465480348794, 0.000529608863872, 0.000358863762813, 0.000247452408075, 0.000145357713336, 0.000162303753314, 0.000168701662915, 0.000148172213812, 0.000105653911305, 7.82998686191e-05, 1.79532380571e-05, 3.11849142065e-08],
        "dvar": [2.97017777484e-06, 0.000447951490059, 0.000159072384122, 2.07091507036e-05, 1.09605452963e-05, 3.56618920705e-06, 1.21479308746e-06, 2.73504019788e-06, 1.59250760134e-06, 9.30092198814e-07, 3.55350039172e-07, 4.78353229028e-07, 3.87007645486e-07, 2.40942995333e-07, 2.15135500525e-07, 4.85352359192e-07, 5.39714505976e-07, 1.93532983417e-07, 8.59696882571e-08, 2.33428494312e-08, 4.61111753225e-08, 7.87312757211e-08, 8.04214010941e-08, 4.82747033459e-08, 1.57058437367e-08, 9.59730295236e-10, 3.5765199633e-15],
        "dvar2": [8.13510996522e-06, 0.00130579061806, 0.000455352768768, 5.73168108531e-05, 3.09188217216e-05, 8.31241050037e-06, 2.86979957309e-06, 6.37147422822e-06, 4.03744707e-06, 2.15172053686e-06, 7.5995728821e-07, 1.1144270502e-06, 8.83091615833e-07, 6.0103729993e-07, 5.11784094215e-07, 1.14015665531e-06, 1.27481746404e-06, 4.40823640702e-07, 2.02265979965e-07, 6.1009586716e-08, 1.06211167861e-07, 1.66375002664e-07, 1.59335300509e-07, 8.98304222119e-08, 3.48022375363e-08, 1.84106441203e-09, 9.4427131316e-15],
        "max": [0.115015983582, 0.196662962437, 0.103195674717, 0.0811781063676, 0.0528618879616, 0.0345985367894, 0.0236542169005, 0.0367895066738, 0.0372844189405, 0.0304731111974, 0.0174894221127, 0.0191166419536, 0.0160062760115, 0.0110559426248, 0.012925542891, 0.0143979331478, 0.0316829197109, 0.00979633256793, 0.006578956265, 0.00283936900087, 0.00516060041264, 0.00925797224045, 0.00857322383672, 0.00601543160155, 0.00308123556897, 0.000819288368803, 1.37840902426e-06],
        "mean": [0.000521286798175, 0.0132862403989, 0.00659551192075, 0.00326139642857, 0.00249216379598, 0.00176781381015, 0.000823545269668, 0.00125707418192, 0.000964439415839, 0.000752553925849, 0.000400306162192, 0.000424000434577, 0.000339800928487, 0.000284538575215, 0.000335981225362, 0.000560737622436, 0.000675322371535, 0.00048743042862, 0.000342972925864, 0.000192418679944, 0.000218924775254, 0.000258796237176, 0.000211487698834, 0.000126767088659, 7.96756285126e-05, 2.1484474928e-05, 1.50007437583e-08],
        "median": [9.06404748093e-05, 0.00821893569082, 0.00313712330535, 0.00176332320552, 0.00137422117405, 0.00079244049266, 0.000340310158208, 0.000380185549147, 0.000358232966391, 0.000280430016574, 0.00014698159066, 0.000140388860018, 0.000109891334432, 9.94486181298e-05, 0.000108017935418, 0.000163586402778, 0.000244591908995, 0.000160278199473, 0.000159483664902, 0.000102631092886, 0.000114682203275, 0.000103714613942, 6.56494012219e-05, 3.36716257152e-05, 2.07309803955e-05, 4.73489944852e-06, 1.38729827626e-09],
        "min": [3.46104833557e-24, 3.23733527146e-23, 1.26994875379e-23, 4.86089581695e-24, 5.62947739599e-23, 8.2212799001e-23, 3.12951691837e-23, 7.54262412551e-23, 7.01452971221e-23, 3.583521831e-23, 7.42216190984e-23, 2.01019593218e-22, 1.32866845146e-22, 6.56862766325e-23, 1.35548593571e-22, 1.23261889334e-22, 1.88497858919e-22, 3.11992493775e-22, 2.55787530051e-22, 2.99848251507e-22, 3.74763632751e-22, 3.47720370203e-22, 5.27598806706e-22, 9.82224470825e-22, 1.0781816628e-21, 1.8023954547e-21, 2.28021362943e-21],
        "var": [4.23223536927e-06, 0.000376583455363, 0.00012175849406, 2.36910982494e-05, 1.17784247777e-05, 8.25000915938e-06, 2.27892337534e-06, 5.96522932028e-06, 3.55574638888e-06, 2.35048901231e-06, 8.11202198747e-07, 9.47579337662e-07, 6.57239240809e-07, 3.67675994539e-07, 4.46134663434e-07, 1.46922707245e-06, 1.69566249042e-06, 6.86165606112e-07, 3.04800749973e-07, 6.49540652375e-08, 1.18720556941e-07, 2.38612187786e-07, 2.5447934604e-07, 1.22447517015e-07, 3.15275734408e-08, 2.20830220776e-09, 3.04357149157e-15]
    },
    "erbbands": {
        "dmean": [0.214592471719, 2.36957550049, 6.1524348259, 6.96987438202, 6.36843490601, 5.8702249527, 6.39463615417, 9.97650241852, 7.13361501694, 12.1726741791, 13.6096773148, 14.3409805298, 13.4682979584, 11.2371520996, 11.0146980286, 9.85751533508, 10.2434558868, 9.14461231232, 9.50234699249, 10.7369375229, 14.9340763092, 16.3081550598, 13.7657938004, 8.00298213959, 6.71633195877, 4.20170354843, 3.93931007385, 4.15887832642, 4.17467737198, 3.12838602066, 2.93053936958, 1.56165707111, 1.16233277321, 0.697801887989, 0.295458883047, 0.0957987159491, 0.0135099757463, 0.00041401424096, 1.99137393793e-05, 1.89113488887e-05],
        "dmean2": [0.382468998432, 4.28257989883, 11.2075281143, 11.9598016739, 10.9542074203, 10.0876674652, 10.3050708771, 15.7158308029, 11.3990192413, 19.1492424011, 21.5095596313, 23.3019008636, 21.4485416412, 18.1994838715, 17.2370738983, 15.3862342834, 15.976764679, 14.8115758896, 15.4231777191, 17.0419845581, 23.2056598663, 25.4296875, 21.2203807831, 12.5901727676, 10.7848501205, 6.928358078, 6.33647298813, 6.5999917984, 6.43247127533, 4.73238563538, 4.41172599792, 2.35037326813, 1.80875682831, 1.11230146885, 0.452886223793, 0.138029962778, 0.0198539681733, 0.000601330248173, 2.92202457786e-05, 3.19172104355e-05],
        "dvar": [0.15152798593, 33.5200271606, 253.735961914, 165.04234314, 137.922637939, 147.682449341, 177.609725952, 366.742492676, 217.83013916, 660.626281738, 984.528991699, 1005.44909668, 859.238647461, 727.424072266, 598.016113281, 687.365722656, 828.698303223, 542.111450195, 456.095214844, 647.671264648, 1208.08312988, 1425.02111816, 730.413696289, 195.738616943, 157.641815186, 55.6478691101, 52.4887275696, 107.17779541, 121.742111206, 67.7400741577, 79.0363388062, 25.2669143677, 14.3688173294, 3.38673686981, 0.523394525051, 0.054808806628, 0.00129535829183, 1.001047508e-06, 1.67111480209e-09, 1.3043705005e-09],
        "dvar2": [0.45365190506, 96.8647766113, 726.886901855, 466.000396729, 378.47052002, 418.81930542, 409.172668457, 830.280700684, 519.793884277, 1576.51635742, 2353.0534668, 2597.03662109, 1975.25378418, 1806.11010742, 1198.64538574, 1580.9342041, 1848.28479004, 1387.24572754, 1164.86035156, 1506.29443359, 2740.09423828, 3404.48022461, 1722.39648438, 455.43057251, 382.829833984, 146.898239136, 124.635429382, 243.083358765, 260.76461792, 141.861877441, 158.572860718, 45.1517944336, 29.7114868164, 7.67637252808, 1.13566541672, 0.10284409672, 0.00273259566166, 2.0490742827e-06, 3.30742611077e-09, 3.54394513735e-09],
        "max": [3.56238508224, 51.5350036621, 127.217918396, 229.046127319, 167.613632202, 254.570449829, 308.944885254, 339.047729492, 418.365203857, 539.229431152, 679.480163574, 1001.83239746, 1153.00646973, 645.815429688, 835.067626953, 968.055114746, 581.637817383, 481.479675293, 587.996826172, 652.221435547, 908.812866211, 1852.56311035, 585.338500977, 349.222869873, 283.244384766, 133.821151733, 129.230545044, 257.691375732, 368.481292725, 302.631256104, 259.919006348, 167.07472229, 98.9167861938, 45.8672981262, 14.9136857986, 5.85440397263, 1.06387639046, 0.0231388043612, 0.000958174059633, 0.000294676428894],
        "mean": [0.321306943893, 3.18744397163, 7.3206281662, 10.5303888321, 9.34494590759, 7.72464466095, 10.1003627777, 16.8742389679, 12.1034355164, 20.3958015442, 22.8232879639, 24.2032699585, 23.6660766602, 19.4521961212, 18.938829422, 17.0580368042, 16.3676280975, 14.9103250504, 16.5857543945, 21.007932663, 32.664264679, 35.9194068909, 30.7515182495, 18.8686847687, 14.6441135406, 9.22413825989, 8.38065242767, 9.20428752899, 9.63677692413, 7.25461244583, 6.04837179184, 3.07872772217, 1.9454164505, 1.08116137981, 0.460775017738, 0.16652713716, 0.022322261706, 0.000722619937733, 4.71288440167e-05, 4.60726841993e-05],
        "median": [0.185526043177, 1.83773589134, 3.73134231567, 6.54001712799, 4.8579492569, 3.85329890251, 4.14287471771, 7.30323410034, 6.05194473267, 7.73127985001, 7.99133300781, 9.15545272827, 9.49972343445, 6.92365074158, 7.20792961121, 6.0826253891, 5.73705768585, 5.63205432892, 6.47669219971, 6.18774271011, 10.9261493683, 13.3914823532, 10.5991592407, 7.59509181976, 7.80141735077, 4.90022563934, 4.65886306763, 4.46041679382, 3.93415641785, 2.51461863518, 1.80999159813, 0.908288359642, 0.462078481913, 0.268061578274, 0.123231932521, 0.0404262878001, 0.00420910678804, 0.000148479419295, 2.59202042798e-05, 3.85701314372e-05],
        "min": [8.83895495966e-22, 7.4079694565e-21, 1.9048576871e-20, 1.01931560492e-20, 8.19368796396e-20, 1.89272921599e-19, 7.24899884907e-19, 4.26149544613e-19, 3.62003678513e-19, 7.78325981407e-19, 1.97527173401e-18, 1.86707795745e-18, 8.79497614948e-19, 2.45142046924e-18, 4.44035309107e-18, 7.86112170475e-18, 5.46691938642e-18, 4.97424192819e-18, 4.57048638581e-18, 7.60629630934e-18, 7.5938993535e-18, 1.10524291757e-17, 1.39067523641e-17, 1.75462362172e-17, 1.16889330766e-17, 1.62441315103e-17, 9.81171036928e-18, 1.98289089463e-17, 1.02770524034e-17, 1.55844533174e-17, 1.36478655119e-17, 2.04675916409e-17, 1.5825736939e-17, 1.18389629602e-17, 8.33024974453e-18, 6.14934918204e-18, 3.8641887072e-18, 1.22687852384e-18, 3.108373102e-19, 3.35683043453e-20],
        "var": [0.174604102969, 25.587972641, 173.186599731, 179.56854248, 178.815551758, 143.659606934, 425.651702881, 802.07824707, 416.064300537, 1464.26501465, 1982.59362793, 2247.25048828, 2396.51855469, 1613.18432617, 1538.81359863, 1469.43518066, 1483.40026855, 888.574523926, 878.114868164, 1753.92297363, 4555.71191406, 4523.72021484, 2652.06030273, 884.747802734, 448.052154541, 150.690658569, 133.620513916, 274.984436035, 345.374572754, 218.236099243, 234.350311279, 69.5616760254, 31.0551624298, 6.75414466858, 0.989983201027, 0.131420850754, 0.00256211985834, 2.27460327551e-06, 4.24925250542e-09, 1.62868107889e-09]
    },
    "gfcc": {
        "mean": [-7.39280557632, 103.663383484, -121.261627197, 55.9223518372, -61.7999343872, 21.6947231293, -33.8261299133, 12.9893989563, -16.328453064, -4.28936386108, -13.8205423355, -3.97264647484, -6.61640834808],
        "cov": [[7815.49365234, -1126.2401123, 1129.51696777, 800.28894043, -77.8795089722, 262.371246338, -457.700378418, 795.58026123, -180.206832886, 469.987731934, -391.927764893, 548.617675781, -336.424957275], [-1126.2401123, 1143.9498291, 107.708259583, 128.215911865, 195.317703247, -162.185150146, 221.649429321, -218.548400879, 151.217910767, -226.207839966, 204.866775513, -148.896774292, 99.7282409668], [1129.51696777, 107.708259583, 1216.11682129, 526.318847656, 176.098617554, 160.406646729, 35.7951889038, 185.946426392, -51.7665634155, 200.12097168, -36.4763336182, 149.712753296, 3.76533198357], [800.28894043, 128.215911865, 526.318847656, 683.409301758, 129.835067749, 29.8365097046, -18.3440170288, 17.1177845001, 55.604637146, 19.2918052673, -11.4588127136, 4.8843870163, 58.3037109375], [-77.8795089722, 195.317703247, 176.098617554, 129.835067749, 283.075256348, 19.1786899567, 23.5828781128, 43.1601142883, 61.367351532, 31.6806812286, 25.4876537323, 1.48990690708, 4.08519268036], [262.371246338, -162.185150146, 160.406646729, 29.8365097046, 19.1786899567, 207.074996948, 71.1632461548, 81.9574661255, -31.1889858246, 62.8677787781, -24.6257705688, 37.0538482666, -9.70957660675], [-457.700378418, 221.649429321, 35.7951889038, -18.3440170288, 23.5828781128, 71.1632461548, 245.083312988, 0.490600198507, 18.3772068024, -38.0028152466, 56.2807312012, -28.651052475, 31.7916812897], [795.58026123, -218.548400879, 185.946426392, 17.1177845001, 43.1601142883, 81.9574661255, 0.490600198507, 264.647888184, -6.76287174225, 124.266166687, -60.4062309265, 110.493423462, -50.9005813599], [-180.206832886, 151.217910767, -51.7665634155, 55.604637146, 61.367351532, -31.1889858246, 18.3772068024, -6.76287174225, 152.815628052, -19.6539211273, 45.6996002197, -31.4091033936, 8.42505073547], [469.987731934, -226.207839966, 200.12097168, 19.2918052673, 31.6806812286, 62.8677787781, -38.0028152466, 124.266166687, -19.6539211273, 214.037445068, -38.2415542603, 85.3350982666, -26.4262218475], [-391.927764893, 204.866775513, -36.4763336182, -11.4588127136, 25.4876537323, -24.6257705688, 56.2807312012, -60.4062309265, 45.6996002197, -38.2415542603, 106.122291565, -13.6514015198, 29.5128650665], [548.617675781, -148.896774292, 149.712753296, 4.8843870163, 1.48990690708, 37.0538482666, -28.651052475, 110.493423462, -31.4091033936, 85.3350982666, -13.6514015198, 149.598815918, -18.994556427], [-336.424957275, 99.7282409668, 3.76533198357, 58.3037109375, 4.08519268036, -9.70957660675, 31.7916812897, -50.9005813599, 8.42505073547, -26.4262218475, 29.5128650665, -18.994556427, 105.786170959]],
        "icov": [[0.000410169974202, -0.000336938741384, 0.000190313498024, -0.000697229173966, 0.000535290455446, -0.000436498725321, 0.00066812406294, -0.000802383408882, 0.000301513908198, -0.00014817637566, 0.000546895666048, -0.00086123024812, 0.000983734265901], [-0.000336938741384, 0.00406714808196, -0.00169127818663, 0.00117372057866, -0.00226677511819, 0.00352839636616, -0.00307920598425, 0.00163922377396, -0.00150797958486, 0.00260655232705, -0.00341782486066, 0.00200805370696, -0.00128164305352], [0.000190313498024, -0.00169127818663, 0.00268471543677, -0.0020817941986, 0.000445127690909, -0.00183173897676, 0.000747313199099, -0.000936378026381, 0.00182990438771, -0.00213235290721, 0.00111010251567, -0.00187892094254, 0.00106553500518], [-0.000697229173966, 0.00117372057866, -0.0020817941986, 0.00424880767241, -0.00154774717521, 0.00111257773824, -0.00075708393706, 0.0017797810724, -0.00230320030823, 0.00154135306366, -0.000311193347443, 0.00213909382001, -0.00330631667748], [0.000535290455446, -0.00226677511819, 0.000445127690909, -0.00154774717521, 0.00620331102982, -0.00217431550846, 0.0021818226669, -0.00241632713005, -0.000428721192293, -0.00172423163895, 0.000816510349978, -0.000756118854042, 0.00165888969786], [-0.000436498725321, 0.00352839636616, -0.00183173897676, 0.00111257773824, -0.00217431550846, 0.0102716265246, -0.00553323654458, 0.000827542447951, -0.00032843981171, 0.000968313601334, -0.00158176268451, 0.00180540815927, -0.00114116922487], [0.00066812406294, -0.00307920598425, 0.000747313199099, -0.00075708393706, 0.0021818226669, -0.00553323654458, 0.00942769739777, -0.00374263059348, 0.00135051587131, -0.000256323866779, -0.00111320160795, 5.1969778724e-05, 0.000340407859767], [-0.000802383408882, 0.00163922377396, -0.000936378026381, 0.0017797810724, -0.00241632713005, 0.000827542447951, -0.00374263059348, 0.0106360809878, -0.00319148646668, -0.00100705749355, 0.00318653858267, -0.00311525515281, -7.87281387602e-05], [0.000301513908198, -0.00150797958486, 0.00182990438771, -0.00230320030823, -0.000428721192293, -0.00032843981171, 0.00135051587131, -0.00319148646668, 0.010694286786, -0.00147554511204, -0.003522120649, 0.00131100416183, 0.00162739050575], [-0.00014817637566, 0.00260655232705, -0.00213235290721, 0.00154135306366, -0.00172423163895, 0.000968313601334, -0.000256323866779, -0.00100705749355, -0.00147554511204, 0.00975533202291, -0.00156109943055, -0.000456355483038, -0.00104614289012], [0.000546895666048, -0.00341782486066, 0.00111010251567, -0.000311193347443, 0.000816510349978, -0.00158176268451, -0.00111320160795, 0.00318653858267, -0.003522120649, -0.00156109943055, 0.0203811489046, -0.00670781126246, -0.000215507679968], [-0.00086123024812, 0.00200805370696, -0.00187892094254, 0.00213909382001, -0.000756118854042, 0.00180540815927, 5.1969778724e-05, -0.00311525515281, 0.00131100416183, -0.000456355483038, -0.00670781126246, 0.0151040721685, -0.00269871181808], [0.000983734265901, -0.00128164305352, 0.00106553500518, -0.00330631667748, 0.00165888969786, -0.00114116922487, 0.000340407859767, -7.87281387602e-05, 0.00162739050575, -0.00104614289012, -0.000215507679968, -0.00269871181808, 0.0144497482106]]
    },
    "melbands": {
        "dmean": [0.00226425100118, 0.00318706338294, 0.00115618272685, 0.000424089404987, 0.000227280863328, 0.000208884157473, 0.000108083891973, 0.000145241123391, 0.000106948202301, 9.12743344088e-05, 6.80380471749e-05, 4.82163231936e-05, 3.50371483364e-05, 3.17609847116e-05, 2.42714013439e-05, 2.11698679777e-05, 1.86673223652e-05, 1.5869472918e-05, 1.56483274623e-05, 2.01219827431e-05, 1.84969594557e-05, 1.90013324755e-05, 1.71178435266e-05, 1.05244916995e-05, 6.86339444655e-06, 6.63978744342e-06, 3.71178907699e-06, 2.90943034997e-06, 2.51161441156e-06, 2.79744426734e-06, 2.66709321295e-06, 2.67928612629e-06, 2.14649321606e-06, 1.84356008504e-06, 1.95616325982e-06, 1.21617847526e-06, 9.99915755528e-07, 8.82632321009e-07, 7.65731329011e-07, 5.59721513582e-07],
        "dmean2": [0.00404158094898, 0.00577376689762, 0.00197835289873, 0.00072933989577, 0.000370064255549, 0.00032928379369, 0.000172563246451, 0.000227663884289, 0.000170284693013, 0.000148294973769, 0.000108175772766, 7.8251476225e-05, 5.51728844584e-05, 4.98818662891e-05, 3.73517505068e-05, 3.39823927789e-05, 3.05039702653e-05, 2.60882607108e-05, 2.50060311373e-05, 3.21068546327e-05, 2.89893960144e-05, 3.0127050195e-05, 2.65799699264e-05, 1.66487843671e-05, 1.095321295e-05, 1.06776651592e-05, 6.07045694778e-06, 4.84095926367e-06, 4.09118229072e-06, 4.55512827102e-06, 4.29652027378e-06, 4.21640788772e-06, 3.36812831847e-06, 2.86370232061e-06, 2.96551479551e-06, 1.84808175163e-06, 1.54177382683e-06, 1.40092799938e-06, 1.21728066915e-06, 9.06684761048e-07],
        "dvar": [2.10332618735e-05, 6.78287906339e-05, 4.42694317826e-06, 6.60441628497e-07, 1.95905755618e-07, 1.53648187506e-07, 4.79639581386e-08, 9.60637507319e-08, 6.00380118954e-08, 3.93372836527e-08, 2.2077363937e-08, 1.37538398448e-08, 6.50392850687e-09, 7.09299063928e-09, 4.15717904545e-09, 3.13227754845e-09, 2.36912267582e-09, 1.55161017368e-09, 1.67825253694e-09, 2.31100849568e-09, 1.85823878507e-09, 2.33393948612e-09, 1.26756949381e-09, 4.13426848311e-10, 1.56351404046e-10, 1.92561439016e-10, 4.12756356871e-11, 2.92011831382e-11, 2.11232836778e-11, 3.16380602272e-11, 5.05342261092e-11, 4.96485838553e-11, 3.05929552524e-11, 2.37678366571e-11, 3.45495576592e-11, 1.56234070819e-11, 1.03124982512e-11, 8.52837245269e-12, 5.82983184297e-12, 2.03362673923e-12],
        "dvar2": [6.19034763076e-05, 0.000194252541405, 1.23959243865e-05, 1.8634063963e-06, 4.82352049858e-07, 3.53773884854e-07, 1.13049203776e-07, 2.260421752e-07, 1.45776041904e-07, 1.00579484297e-07, 5.07506143776e-08, 3.41700854278e-08, 1.33308288852e-08, 1.65848437206e-08, 8.78494255119e-09, 7.55265272545e-09, 5.99940586099e-09, 3.96334165487e-09, 3.88557319653e-09, 5.38868150102e-09, 4.1966670139e-09, 5.68835023529e-09, 2.88377943747e-09, 9.7864727433e-10, 3.802967663e-10, 4.60600640961e-10, 1.05585304389e-10, 7.79026496089e-11, 5.29156857221e-11, 7.38816785528e-11, 1.19108806151e-10, 1.10053473279e-10, 6.88667872728e-11, 5.16336036427e-11, 7.05010008706e-11, 3.19373139046e-11, 2.00750648743e-11, 1.83248624608e-11, 1.29913076824e-11, 4.82456175704e-12],
        "max": [0.0433683842421, 0.0670931115746, 0.0345729887486, 0.00988415256143, 0.00876601226628, 0.00650522718206, 0.00559110194445, 0.00732473749667, 0.00509411748499, 0.00546146463603, 0.00575016345829, 0.00273237610236, 0.00243706558831, 0.00259489146993, 0.00211288314313, 0.00105144316331, 0.00112717878073, 0.00109780998901, 0.00139597197995, 0.00123138295021, 0.00142464705277, 0.00267126155086, 0.00103681045584, 0.000557837251108, 0.000317728641676, 0.00031598994974, 0.0001320795418, 0.000113191417768, 9.00432060007e-05, 0.000121969271277, 0.000178238333319, 0.000237341635511, 0.000194909618585, 0.000167767109815, 0.000186291144928, 0.000142814242281, 0.000116030292702, 7.92121500126e-05, 6.44676401862e-05, 2.74785525107e-05],
        "mean": [0.00339878653176, 0.00415020808578, 0.00183314096648, 0.000593676930293, 0.00035421398934, 0.000358122837497, 0.000180286675459, 0.000244238122832, 0.000177441266715, 0.000149931845954, 0.000115976683446, 7.89332625573e-05, 5.8406352764e-05, 5.31500372745e-05, 3.83780425182e-05, 3.16138575727e-05, 2.75501424767e-05, 2.53180405707e-05, 2.56235580309e-05, 3.7047706428e-05, 3.80250021408e-05, 3.78550757887e-05, 3.45201369782e-05, 2.18941258936e-05, 1.43994166137e-05, 1.324160894e-05, 7.34023979021e-06, 5.7830006881e-06, 4.89958347316e-06, 5.4717806961e-06, 5.36588731848e-06, 5.665988283e-06, 4.61185709355e-06, 3.84564646083e-06, 3.83089945899e-06, 2.30170462601e-06, 1.74773481376e-06, 1.39502958518e-06, 1.16809474093e-06, 8.21708511012e-07],
        "median": [0.00214941380545, 0.00250767543912, 0.00118902861141, 0.000322966865497, 0.000161206771736, 0.000161849689903, 8.56819751789e-05, 8.61520456965e-05, 6.10318165855e-05, 5.52339515707e-05, 4.48630926257e-05, 2.61342847807e-05, 2.12493432628e-05, 1.88430294656e-05, 1.29090949486e-05, 1.09987659016e-05, 9.60852412391e-06, 9.76408591669e-06, 7.29393195797e-06, 9.52778918872e-06, 1.27943858388e-05, 1.35349382617e-05, 1.16040782814e-05, 6.99139491189e-06, 5.52738219994e-06, 6.17819750914e-06, 4.11963628721e-06, 2.74778494713e-06, 2.5743745482e-06, 2.78858487945e-06, 2.40009853769e-06, 2.29925694839e-06, 1.56772807713e-06, 1.27436715047e-06, 1.10711016532e-06, 6.6551422151e-07, 4.75553804336e-07, 3.15251838856e-07, 2.68568101092e-07, 2.01559231527e-07],
        "min": [8.68676116117e-24, 9.93218557048e-24, 3.80877980031e-24, 8.75830137895e-24, 2.13787190217e-23, 1.09193148313e-23, 5.89223363177e-24, 1.03440482714e-23, 1.60077122169e-23, 1.0753910421e-23, 3.56940824166e-24, 8.97317446775e-24, 1.18118218043e-23, 2.23388605621e-23, 1.35347547636e-23, 1.2984474584e-23, 8.81059023519e-24, 5.98908997371e-24, 1.18497210488e-23, 9.28346422735e-24, 8.96768557357e-24, 1.17481717733e-23, 1.10160607327e-23, 1.43307469714e-23, 1.43649314699e-23, 9.45558026624e-24, 8.19813046129e-24, 1.11717014116e-23, 5.00510235143e-24, 9.35004329889e-24, 1.09028741812e-23, 5.43245354734e-24, 6.80315143498e-24, 9.31683146592e-24, 6.39898722766e-24, 1.14284780028e-23, 1.28489538025e-23, 1.02512064426e-23, 1.08735837758e-23, 1.00684068605e-23],
        "var": [2.0697239961e-05, 4.72631836601e-05, 4.96982738696e-06, 7.0775098493e-07, 3.92269953409e-07, 3.35739542834e-07, 9.38793505156e-08, 2.21122675725e-07, 1.2354078649e-07, 9.12864734914e-08, 6.05313132951e-08, 2.93750179736e-08, 1.63782871709e-08, 1.41283766908e-08, 8.34298585772e-09, 4.95191043726e-09, 3.54470541808e-09, 2.43106401676e-09, 3.26707261245e-09, 6.7299406048e-09, 6.61807364466e-09, 6.33147045903e-09, 3.86316933998e-09, 1.40290168371e-09, 5.79117087618e-10, 5.26606647178e-10, 9.5727301086e-11, 7.41149780437e-11, 4.85456431998e-11, 7.20789816722e-11, 1.14255958861e-10, 1.26336885398e-10, 8.16915979307e-11, 6.97729443666e-11, 9.76547176457e-11, 3.9580033695e-11, 2.43495328067e-11, 1.71532822668e-11, 1.11181428647e-11, 3.61682233642e-12]
    },
    "mfcc": {
        "mean": [-639.453796387, 114.671409607, 6.33089113235, 32.8400268555, 5.18013000488, 9.31246471405, -1.35897910595, 13.0527114868, 4.62565755844, 1.40775537491, 1.7042696476, 1.44854819775, -1.10245621204],
        "cov": [[6564.62646484, -845.549194336, 518.31463623, 493.003875732, 320.537994385, -135.748855591, -205.616012573, 246.792037964, 96.0958099365, 13.3495092392, 133.239425659, 63.4337615967, 124.550666809], [-845.549194336, 849.936340332, 57.1054382324, 155.74446106, 40.4915313721, 28.2562122345, 76.3742980957, 60.2236251831, -27.3363952637, -27.575220108, 36.3177490234, 24.4053039551, 1.63384389877], [518.31463623, 57.1054382324, 850.731872559, 387.210266113, 165.964569092, 154.496109009, 141.192199707, 32.4702301025, 90.6431808472, 2.19640755653, 11.7260875702, 61.5262336731, 69.0869598389], [493.003875732, 155.74446106, 387.210266113, 608.721984863, 245.71232605, 102.179229736, 8.31836700439, 24.7724609375, 66.1424026489, 8.47434711456, -10.5502338409, 10.7955350876, 46.3507194519], [320.537994385, 40.4915313721, 165.964569092, 245.71232605, 325.271911621, 49.0229454041, -25.5071487427, 12.4976806641, 37.2371253967, 39.849407196, 25.6150760651, 12.5456514359, 31.4423294067], [-135.748855591, 28.2562122345, 154.496109009, 102.179229736, 49.0229454041, 181.975875854, 73.4944076538, 0.590772390366, 27.1353588104, 17.0393638611, 0.340112298727, 8.17136383057, -2.39529561996], [-205.616012573, 76.3742980957, 141.192199707, 8.31836700439, -25.5071487427, 73.4944076538, 211.391723633, 37.7651100159, 56.7806549072, 0.835886776447, 13.5088605881, 29.7345867157, 4.88074731827], [246.792037964, 60.2236251831, 32.4702301025, 24.7724609375, 12.4976806641, 0.590772390366, 37.7651100159, 173.08190918, 26.5219974518, 3.56592702866, 44.1092796326, 11.6482086182, 14.3497209549], [96.0958099365, -27.3363952637, 90.6431808472, 66.1424026489, 37.2371253967, 27.1353588104, 56.7806549072, 26.5219974518, 121.708259583, 46.7789535522, 11.1902036667, 18.015417099, 23.5884685516], [13.3495092392, -27.575220108, 2.19640755653, 8.47434711456, 39.849407196, 17.0393638611, 0.835886776447, 3.56592702866, 46.7789535522, 92.3976669312, 36.5649147034, 9.20091342926, 7.02295637131], [133.239425659, 36.3177490234, 11.7260875702, -10.5502338409, 25.6150760651, 0.340112298727, 13.5088605881, 44.1092796326, 11.1902036667, 36.5649147034, 107.758621216, 40.570400238, 8.61081695557], [63.4337615967, 24.4053039551, 61.5262336731, 10.7955350876, 12.5456514359, 8.17136383057, 29.7345867157, 11.6482086182, 18.015417099, 9.20091342926, 40.570400238, 76.6011352539, 30.9217529297], [124.550666809, 1.63384389877, 69.0869598389, 46.3507194519, 31.4423294067, -2.39529561996, 4.88074731827, 14.3497209549, 23.5884685516, 7.02295637131, 8.61081695557, 30.9217529297, 82.4886627197]],
