{
"lowlevel": {
    "average_loudness": 0.84705978632,
    "barkbands_crest": {
        "dmean": 2.50382876396,
        "dmean2": 4.0714058876,
        "dvar": 5.23401594162,
        "dvar2": 13.070725441,
        "max": 26.2115936279,
        "mean": 9.68471336365,
        "median": 8.71897506714,
        "min": 2.27675080299,
        "var": 17.8751506805
    },
    "barkbands_flatness_db": {
        "dmean": 0.0193644035608,
        "dmean2": 0.0306394901127,
        "dvar": 0.000317266298225,
        "dvar2": 0.00078002770897,
        "max": 0.346390426159,
        "mean": 0.140422537923,
        "median": 0.134326696396,
        "min": 0.047538779676,
        "var": 0.00166220450774
    },
    "barkbands_kurtosis": {
        "dmean": 2.87015843391,
        "dmean2": 4.53155565262,
        "dvar": 26.5508766174,
        "dvar2": 63.2328414917,
        "max": 125.605117798,
        "mean": 4.3564119339,
        "median": 2.04230594635,
        "min": -1.96161973476,
        "var": 59.0749931335
    },
    "barkbands_skewness": {
        "dmean": 0.559549033642,
        "dmean2": 0.853964865208,
        "dvar": 0.384642511606,
        "dvar2": 0.828171253204,
        "max": 10.0009613037,
        "mean": 1.6221228838,
        "median": 1.46694040298,
        "min": -4.95456838608,
        "var": 1.50212574005
    },
    "barkbands_spread": {
        "dmean": 7.30566358566,
        "dmean2": 11.1549119949,
        "dvar": 85.8439865112,
        "dvar2": 175.510040283,
        "max": 107.577903748,
        "mean": 26.7792358398,
        "median": 22.1750297546,
        "min": 1.02033281326,
        "var": 306.553649902
    },
    "dissonance": {
        "dmean": 0.0207662284374,
        "dmean2": 0.0347596555948,
        "dvar": 0.000380725832656,
        "dvar2": 0.00101693952456,
        "max": 0.5,
        "mean": 0.453648477793,
        "median": 0.461126834154,
        "min": 0.241820767522,
        "var": 0.00113259430509
    },
    "dynamic_complexity": 3.27857279778,
    "erbbands_crest": {
        "dmean": 2.76564955711,
        "dmean2": 4.41891622543,
        "dvar": 6.91376161575,
        "dvar2": 16.3847332001,
        "max": 31.1135730743,
        "mean": 9.67865848541,
        "median": 8.25665378571,
        "min": 2.36665248871,
        "var": 26.1534042358
    },
    "erbbands_flatness_db": {
        "dmean": 0.0163578409702,
        "dmean2": 0.0240426454693,
        "dvar": 0.000238164764596,
        "dvar2": 0.000480259332107,
        "max": 0.333626300097,
        "mean": 0.157918170094,
        "median": 0.14859367907,
        "min": 0.0565501898527,
        "var": 0.00190052785911
    },
    "erbbands_kurtosis": {
        "dmean": 1.27866995335,
        "dmean2": 1.97187924385,
        "dvar": 4.6238617897,
        "dvar2": 9.77405357361,
        "max": 38.6812362671,
        "mean": 1.03282630444,
        "median": -0.0145442485809,
        "min": -1.88610494137,
        "var": 12.0465202332
    },
    "erbbands_skewness": {
        "dmean": 0.423569113016,
        "dmean2": 0.623229026794,
        "dvar": 0.211017802358,
        "dvar2": 0.389904558659,
        "max": 5.6130490303,
        "mean": 0.59596145153,
        "median": 0.648548185825,
        "min": -5.37968826294,
        "var": 1.2069081068
    },
    "erbbands_spread": {
        "dmean": 10.3866147995,
        "dmean2": 15.8904418945,
        "dvar": 131.577590942,
        "dvar2": 293.888397217,
        "max": 149.006271362,
        "mean": 48.8809928894,
        "median": 46.2230834961,
        "min": 5.08344507217,
        "var": 585.126525879
    },
    "hfc": {
        "dmean": 8.0467710495,
        "dmean2": 11.7109298706,
        "dvar": 157.296325684,
        "dvar2": 310.05368042,
        "max": 206.048370361,
        "mean": 25.4708042145,
        "median": 20.2646999359,
        "min": 1.21092293361e-16,
        "var": 526.261047363
    },
    "melbands_crest": {
        "dmean": 3.23397541046,
        "dmean2": 5.27920913696,
        "dvar": 7.98010540009,
        "dvar2": 20.5177001953,
        "max": 35.4732627869,
        "mean": 13.5368270874,
        "median": 12.7415790558,
        "min": 1.76508200169,
        "var": 24.5121936798
    },
    "melbands_flatness_db": {
        "dmean": 0.0236218664795,
        "dmean2": 0.036465279758,
        "dvar": 0.000523661612533,
        "dvar2": 0.00126721139532,
        "max": 0.37942942977,
        "mean": 0.171432033181,
        "median": 0.167127281427,
        "min": 0.0054198037833,
        "var": 0.00244778720662
    },
    "melbands_kurtosis": {
        "dmean": 7.69692373276,
        "dmean2": 12.2500286102,
        "dvar": 167.736541748,
        "dvar2": 414.11819458,
        "max": 195.432739258,
        "mean": 15.8634395599,
        "median": 9.75564861298,
        "min": -1.94165384769,
        "var": 363.386688232
    },
    "melbands_skewness": {
        "dmean": 0.761715292931,
        "dmean2": 1.18454277515,
        "dvar": 0.718121170998,
        "dvar2": 1.66862428188,
        "max": 12.497171402,
        "mean": 2.86899256706,
        "median": 2.59437799454,
        "min": -1.81213080883,
        "var": 2.77665615082
    },
    "melbands_spread": {
        "dmean": 9.55114746094,
        "dmean2": 14.5303535461,
        "dvar": 256.861816406,
        "dvar2": 478.253753662,
        "max": 245.089706421,
        "mean": 27.807510376,
        "median": 21.5634498596,
        "min": 1.07357728481,
        "var": 724.347351074
    },
    "pitch_salience": {
        "dmean": 0.0672067850828,
        "dmean2": 0.108517713845,
        "dvar": 0.00343636912294,
        "dvar2": 0.00861264392734,
        "max": 0.938640773296,
        "mean": 0.579111874104,
        "median": 0.588373184204,
        "min": 0.0802010223269,
        "var": 0.0122872227803
    },
    "silence_rate_20dB": {
        "dmean": 0,
        "dmean2": 0,
        "dvar": 0,
        "dvar2": 0,
        "max": 1,
        "mean": 1,
        "median": 1,
        "min": 1,
        "var": 0
    },
    "silence_rate_30dB": {
        "dmean": 0.000731350563001,
        "dmean2": 0.00146287947427,
        "dvar": 0.00073078047717,
        "dvar2": 0.00194822472986,
        "max": 1,
        "mean": 0.99951249361,
        "median": 1,
        "min": 0,
        "var": 0.000487270415761
    },
    "silence_rate_60dB": {
        "dmean": 0.021940516308,
        "dmean2": 0.043764475733,
        "dvar": 0.0214644949883,
        "dvar2": 0.0472193136811,
        "max": 1,
        "mean": 0.0790981128812,
        "median": 0,
        "min": 0,
        "var": 0.0728646591306
    },
    "spectral_centroid": {
        "dmean": 305.484161377,
        "dmean2": 457.644104004,
        "dvar": 151789.578125,
        "dvar2": 284435.21875,
        "max": 11411.9658203,
        "mean": 1440.02709961,
        "median": 1256.99560547,
        "min": 268.087738037,
        "var": 613595.6875
    },
    "spectral_complexity": {
        "dmean": 3.08361768723,
        "dmean2": 4.68548107147,
        "dvar": 12.2076177597,
        "dvar2": 25.2385807037,
        "max": 51,
        "mean": 15.7764778137,
        "median": 15,
        "min": 0,
        "var": 74.5001525879
    },
    "spectral_decrease": {
        "dmean": 2.12571649172e-09,
        "dmean2": 3.49513906706e-09,
        "dvar": 1.03655698279e-17,
        "dvar2": 2.78029565211e-17,
        "max": 1.39098821054e-21,
        "mean": -5.99878724472e-09,
        "median": -4.85378581772e-09,
        "min": -3.74190385344e-08,
        "var": 2.37598631231e-17
    },
    "spectral_energy": {
        "dmean": 0.00851236470044,
        "dmean2": 0.0138931712136,
        "dvar": 0.000154754612595,
        "dvar2": 0.000412959780078,
        "max": 0.149608105421,
        "mean": 0.0249510612339,
        "median": 0.0205389708281,
        "min": 1.08415291323e-20,
        "var": 0.000382897444069
    },
    "spectral_energyband_high": {
        "dmean": 0.000804987503216,
        "dmean2": 0.00114252243657,
        "dvar": 2.61573859461e-06,
        "dvar2": 4.76984496345e-06,
        "max": 0.0242304634303,
        "mean": 0.00188384891953,
        "median": 0.00108152232133,
        "min": 7.82810450625e-21,
        "var": 7.19223271517e-06
    },
    "spectral_energyband_low": {
        "dmean": 0.0037334212102,
        "dmean2": 0.00664810696617,
        "dvar": 7.74196450948e-05,
        "dvar2": 0.000224355826504,
        "max": 0.0909306257963,
        "mean": 0.00557943433523,
        "median": 0.00345948315226,
        "min": 2.86466128707e-23,
        "var": 6.53781462461e-05
    },
    "spectral_energyband_middle_high": {
        "dmean": 0.00157786835916,
        "dmean2": 0.00236592697911,
        "dvar": 7.41837993701e-06,
        "dvar2": 1.71848350874e-05,
        "max": 0.0578183084726,
        "mean": 0.00467296643183,
        "median": 0.00224091019481,
        "min": 1.44609477696e-21,
        "var": 3.80933561246e-05
    },
    "spectral_energyband_middle_low": {
        "dmean": 0.00563023937866,
        "dmean2": 0.0090016098693,
        "dvar": 6.03854532528e-05,
        "dvar2": 0.000149115745444,
        "max": 0.130372747779,
        "mean": 0.0139318350703,
        "median": 0.00995001476258,
        "min": 2.40686763328e-22,
        "var": 0.000180859831744
    },
    "spectral_entropy": {
        "dmean": 0.14700807631,
        "dmean2": 0.212928965688,
        "dvar": 0.0203701816499,
        "dvar2": 0.0400005653501,
        "max": 9.82526874542,
        "mean": 7.75744104385,
        "median": 7.78513479233,
        "min": 6.02025747299,
        "var": 0.12454008311
    },
    "spectral_flux": {
        "dmean": 0.0232525933534,
        "dmean2": 0.0364548973739,
        "dvar": 0.000782150367741,
        "dvar2": 0.00158162554726,
        "max": 0.318159848452,
        "mean": 0.0820922031999,
        "median": 0.0766074284911,
        "min": 7.21459350594e-11,
        "var": 0.00201546959579
    },
    "spectral_kurtosis": {
        "dmean": 0.745802164078,
        "dmean2": 1.22608423233,
        "dvar": 0.588432490826,
        "dvar2": 1.66852116585,
        "max": 14.3224601746,
        "mean": 1.80797243118,
        "median": 1.57127809525,
        "min": -1.39797663689,
        "var": 2.39490175247
    },
    "spectral_rms": {
        "dmean": 0.000778278626967,
        "dmean2": 0.00123106793035,
        "dvar": 8.25434710805e-07,
        "dvar2": 2.11108613257e-06,
        "max": 0.0120813548565,
        "mean": 0.00454322155565,
        "median": 0.00447638472542,
        "min": 3.25224569497e-12,
        "var": 3.70162820218e-06
    },
    "spectral_rolloff": {
        "dmean": 740.720458984,
        "dmean2": 1208.83825684,
        "dvar": 1732547.125,
        "dvar2": 3582284,
        "max": 18863.0859375,
        "mean": 1952.44946289,
        "median": 1162.79296875,
        "min": 43.06640625,
        "var": 4202959
    },
    "spectral_skewness": {
        "dmean": 0.168520659208,
        "dmean2": 0.255098521709,
        "dvar": 0.0259301736951,
        "dvar2": 0.0519951023161,
        "max": 2.73954939842,
        "mean": 1.11952161789,
        "median": 1.15163743496,
        "min": -0.435197860003,
        "var": 0.173612698913
    },
    "spectral_spread": {
        "dmean": 571035.8125,
        "dmean2": 824465.4375,
        "dvar": 657133797376,
        "dvar2": 1.29258186342e+12,
        "max": 41913976,
        "mean": 5892092.5,
        "median": 5748979,
        "min": 2542691,
        "var": 2.57325164134e+12
    },
    "spectral_strongpeak": {
        "dmean": 0.598691940308,
        "dmean2": 0.997025966644,
        "dvar": 0.924968779087,
        "dvar2": 2.3662250042,
        "max": 15.7066040039,
        "mean": 1.15749204159,
        "median": 0.531972050667,
        "min": 0,
        "var": 2.16887402534
    },
    "zerocrossingrate": {
        "dmean": 0.0139789255336,
        "dmean2": 0.0159897673875,
        "dvar": 0.000328172085574,
        "dvar2": 0.000357378565241,
        "max": 0.72314453125,
        "mean": 0.0803159847856,
        "median": 0.06982421875,
        "min": 0.01220703125,
        "var": 0.00215410022065
    },
    "barkbands": {
        "dmean": [8.23536538519e-05, 0.00158062728588, 0.00181195675395, 0.00154793239199, 0.00153017113917, 0.00158518122043, 0.000971695757471, 0.00149799592327, 0.00117645761929, 0.000680346100125, 0.000316335674142, 0.000427390012192, 0.000413594592828, 0.000279027182842, 0.000212323764572, 0.000142789824167, 8.01181740826e-05, 8.73412864166e-05, 0.000101548183011, 0.000133540917886, 0.000199995061848, 0.00024230319832, 0.000226113610552, 0.000196055349079, 0.000103538332041, 1.97457993636e-05, 6.0996141471e-09],
        "dmean2": [0.000139484749525, 0.00285935401917, 0.00321259070188, 0.0026746452786, 0.00261155306362, 0.00255529140122, 0.00152925972361, 0.00233998172916, 0.00182586652227, 0.00106502475683, 0.000509588746354, 0.000679432007018, 0.000668062712066, 0.000444099452579, 0.000339510908816, 0.000223246315727, 0.00012563506607, 0.000139630865306, 0.000156151960255, 0.000207068005693, 0.000301335181575, 0.000365578918718, 0.000342466402799, 0.000287795788608, 0.000156604684889, 3.03980214085e-05, 1.10046789459e-08],
        "dvar": [5.05715547661e-07, 1.33900221044e-05, 1.78496775334e-05, 1.2369493561e-05, 7.30293686502e-06, 9.28203007788e-06, 4.10474513046e-06, 1.81291197805e-05, 8.53427900438e-06, 2.5897516025e-06, 1.07806499727e-06, 1.81418886314e-06, 1.59221019658e-06, 6.30453200756e-07, 5.49848550691e-07, 2.14141408605e-07, 3.14107921895e-08, 3.32058327501e-08, 5.45070406588e-08, 9.29559789142e-08, 2.30339807672e-07, 2.37183186869e-07, 2.487425661e-07, 4.48470473202e-07, 1.09709333174e-07, 1.7841240707e-09, 1.36678475155e-15],
        "dvar2": [1.40303609442e-06, 3.93529735447e-05, 5.14472340001e-05, 3.34452088282e-05, 2.00872909772e-05, 2.31584144785e-05, 9.80564436759e-06, 4.02459845645e-05, 1.86351608136e-05, 5.88999364481e-06, 2.36038249568e-06, 4.45171417596e-06, 4.06868912251e-06, 1.49263382809e-06, 1.28317458348e-06, 5.07056938659e-07, 7.37924708005e-08, 8.4614981688e-08, 1.2098381319e-07, 2.06999658303e-07, 4.90493277994e-07, 5.08355185502e-07, 5.38452695764e-07, 9.12419523047e-07, 2.29739185897e-07, 4.17237000505e-09, 3.75433928398e-15],
        "max": [0.0499118193984, 0.0365599691868, 0.0476121343672, 0.0650510489941, 0.0571670904756, 0.0400217063725, 0.0585266649723, 0.126430854201, 0.072663500905, 0.0428096875548, 0.0452186278999, 0.0422644130886, 0.0505474954844, 0.0190730690956, 0.0270008035004, 0.0118852453306, 0.00589677318931, 0.0039925868623, 0.00797644816339, 0.0127524929121, 0.0130522940308, 0.00895445793867, 0.00859054271132, 0.0186697524041, 0.00989032443613, 0.00107582041528, 1.73181865648e-06],
        "mean": [9.28296940401e-05, 0.00177513842937, 0.00270207296126, 0.00214855046943, 0.00241051078774, 0.00239714933559, 0.00168187369127, 0.00281804776751, 0.00224851560779, 0.00126467971131, 0.000481763447169, 0.000676270166878, 0.000782102870289, 0.000441778101958, 0.000324734923197, 0.000224309012992, 0.000140655931318, 0.000157614078489, 0.000193231986486, 0.000249925942626, 0.000407534331316, 0.000461902207462, 0.000401577213779, 0.000293018325465, 0.000148289953358, 2.69892989309e-05, 4.51875781238e-09],
        "median": [6.52521157463e-06, 0.000747852725908, 0.000932222232223, 0.000721927790437, 0.00152085453738, 0.00110814825166, 0.000681448087562, 0.000362772203516, 0.0005289564142, 0.000264216621872, 0.000105144797999, 0.000167836740729, 0.00017010763986, 0.000129837892018, 9.03192703845e-05, 6.70611480018e-05, 6.05187015026e-05, 7.09979940439e-05, 8.25549795991e-05, 0.000124603349832, 0.000198549838387, 0.000240822279011, 0.000194327905774, 9.66626466834e-05, 5.07837394252e-05, 1.02813173726e-05, 6.60112520201e-10],
        "min": [4.57009881032e-24, 1.57046003027e-23, 9.7167429241e-24, 3.94938163489e-24, 1.67169675904e-23, 4.51457018122e-23, 1.86421384534e-23, 3.41664840392e-23, 5.98941821874e-23, 8.68614300977e-23, 4.58675537167e-23, 7.32641439079e-23, 5.96729351024e-23, 7.10582679358e-23, 6.3040519198e-23, 1.30426753216e-22, 1.38023433246e-22, 2.29827417703e-22, 2.52991882734e-22, 3.48427972125e-22, 3.5346211639e-22, 4.06434618425e-22, 5.1198688336e-22, 6.57537804068e-22, 1.27731035011e-21, 1.76355795169e-21, 2.4184382159e-21],
        "var": [9.04883336261e-07, 1.06928773675e-05, 1.78458976734e-05, 1.53493911057e-05, 8.77337788552e-06, 1.27312650875e-05, 1.01674822872e-05, 7.05376223777e-05, 3.17858321068e-05, 6.55035773889e-06, 1.84948601145e-06, 3.0694036468e-06, 7.31264799469e-06, 1.09789721137e-06, 9.93967205432e-07, 3.68071908952e-07, 6.3333395417e-08, 6.65873827188e-08, 1.22402738612e-07, 1.96305194322e-07, 6.06948731274e-07, 5.06825529101e-07, 4.62223567865e-07, 6.78833146139e-07, 1.65440340538e-07, 2.51733633938e-09, 8.75565357962e-16]
    },
    "erbbands": {
        "dmean": [0.0248858612031, 0.440938353539, 1.9074075222, 3.64094305038, 5.19095849991, 5.29228973389, 9.79504489899, 12.8922176361, 12.5133056641, 17.489408493, 34.1809539795, 28.6328372955, 18.8775291443, 18.7576465607, 14.7797880173, 14.8996114731, 19.3142681122, 12.6263465881, 12.7366600037, 9.84582996368, 6.23156261444, 4.28932189941, 5.00687456131, 3.13457345963, 6.03050422668, 6.09107160568, 7.08461856842, 9.1817779541, 9.56485462189, 7.92380571365, 5.66676521301, 4.37501335144, 3.04356527328, 1.51822555065, 0.571678459644, 0.152008771896, 0.0243717506528, 0.000609606446233, 2.86327976937e-05, 1.2700447769e-05],
        "dmean2": [0.0431334599853, 0.802549779415, 3.38805580139, 6.41254758835, 8.97454833984, 9.00219726562, 15.8002996445, 20.966463089, 19.7491817474, 27.1583576202, 52.8246459961, 44.2324333191, 29.0090675354, 29.4428634644, 23.4216060638, 23.6181640625, 30.951341629, 20.0773010254, 20.4327983856, 15.0558767319, 9.66185474396, 6.58376407623, 7.9940533638, 4.79351806641, 9.24410152435, 9.39754962921, 10.8036956787, 13.8020191193, 14.475112915, 11.9679470062, 8.55252933502, 6.42873954773, 4.53136062622, 2.28830981255, 0.874170005322, 0.234667688608, 0.0373786501586, 0.000925521948375, 4.25120160799e-05, 1.98460875254e-05],
        "dvar": [0.00329332659021, 1.06668114662, 19.5841732025, 76.6199417114, 102.855903625, 88.8119659424, 295.610198975, 691.089904785, 589.877075195, 1854.80871582, 8495.62988281, 5674.11083984, 2665.65527344, 2114.49291992, 1920.50939941, 2266.04003906, 4036.42944336, 1477.71606445, 1344.78234863, 1308.64990234, 324.455169678, 77.5093536377, 111.641845703, 37.9922332764, 175.32850647, 260.321105957, 333.625823975, 467.858856201, 410.328125, 267.223754883, 171.332931519, 208.349578857, 110.790458679, 27.4620437622, 2.93357300758, 0.118763580918, 0.00243138638325, 1.56714122568e-06, 3.34913075051e-09, 3.0403848883e-10],
        "dvar2": [0.00894345343113, 3.16819500923, 56.5804023743, 213.743850708, 283.843353271, 243.133377075, 732.811706543, 1783.64416504, 1405.50292969, 4350.26953125, 18706.8671875, 12131.2539062, 5680.23828125, 5083.3359375, 4055.74023438, 5592.07568359, 10454.0107422, 3380.33349609, 3392.45263672, 2750.48095703, 678.629699707, 169.494140625, 285.01651001, 87.225227356, 381.390228271, 558.008056641, 751.937316895, 988.349060059, 895.98223877, 590.836791992, 368.140533447, 446.8203125, 223.828613281, 57.4856185913, 6.21264696121, 0.272906750441, 0.00570000614971, 3.61184424946e-06, 7.21981008311e-09, 7.24736826108e-10],
        "max": [1.57876253128, 9.98298740387, 49.8089256287, 127.861221313, 166.56942749, 205.355682373, 227.571868896, 325.375579834, 588.227661133, 1439.65307617, 2510.17724609, 2237.44189453, 2189.56665039, 1053.87976074, 1898.03076172, 1483.7434082, 2790.62768555, 1013.14886475, 1044.14733887, 1473.03442383, 685.018798828, 335.954345703, 206.839157104, 192.78956604, 392.939239502, 810.322509766, 601.915405273, 809.931884766, 352.516296387, 321.102874756, 229.606155396, 473.482971191, 228.354019165, 126.957687378, 60.7379837036, 9.62139701843, 0.942468881607, 0.0231021493673, 0.00147612078581, 0.000285279355012],
        "mean": [0.0292024519295, 0.508416116238, 2.86207389832, 5.28995990753, 7.40280628204, 8.28740787506, 14.785369873, 19.4486808777, 23.2597427368, 32.2808151245, 65.2533416748, 56.4316101074, 35.6632843018, 36.4264030457, 25.3324298859, 26.2713851929, 38.1016769409, 22.3859939575, 21.1007823944, 15.7360515594, 11.1281776428, 8.43143463135, 9.46415424347, 6.3640832901, 11.9444990158, 11.9528274536, 14.3706893921, 18.3756027222, 18.1705436707, 14.2603931427, 9.99628162384, 6.58349847794, 4.47504758835, 2.17204260826, 0.79852193594, 0.213322430849, 0.0316516645253, 0.000824768678285, 5.39286156709e-05, 3.6742494558e-05],
        "median": [0.00916999951005, 0.229725122452, 1.13198518753, 2.68266630173, 3.83036804199, 4.83487415314, 7.65536117554, 7.79238605499, 10.8857460022, 9.81524753571, 11.6810483932, 14.626657486, 10.1031455994, 8.7069644928, 7.19021606445, 7.17196464539, 8.69973278046, 7.54950809479, 6.68023443222, 4.37662696838, 3.7728292942, 3.86037564278, 4.43645811081, 3.01490736008, 5.48557424545, 6.08841896057, 7.27213668823, 8.66841697693, 9.15376567841, 7.21716213226, 4.68807029724, 2.33024549484, 1.39459729195, 0.702969431877, 0.284005373716, 0.0826180204749, 0.0108711626381, 0.00029427750269, 3.21534644172e-05, 3.10341238219e-05],
        "min": [3.94060104504e-22, 3.62238828836e-21, 1.2496044646e-20, 1.16129251367e-20, 1.06960325862e-20, 7.3316733541e-20, 9.51710133457e-20, 2.91326084104e-19, 1.9846478521e-19, 5.21979400855e-19, 7.8975006945e-19, 1.6993013274e-18, 2.21631051015e-18, 2.20912913486e-18, 2.00041471591e-18, 3.06266434212e-18, 3.22238609416e-18, 3.48174216458e-18, 2.44747709247e-18, 6.98043739581e-18, 9.38178820899e-18, 7.15232304556e-18, 9.74161094827e-18, 1.2546285102e-17, 1.39480204049e-17, 1.6215721165e-17, 1.55425814348e-17, 1.38867825698e-17, 1.57148235994e-17, 1.56250149459e-17, 1.38623890135e-17, 1.23740619625e-17, 1.21109490446e-17, 1.32017388834e-17, 8.40153368818e-18, 5.42809814592e-18, 3.19238756207e-18, 1.23855562575e-18, 3.08257799158e-19, 3.55395274438e-20],
        "var": [0.00365959131159, 0.816885650158, 19.4781761169, 74.8198394775, 114.082611084, 119.249671936, 443.679077148, 944.761169434, 1532.85668945, 5217.04785156, 31113.5820312, 22851.5097656, 6483.73632812, 5346.89355469, 3533.17919922, 4040.88110352, 18779.6601562, 3018.16259766, 2132.87133789, 2652.65527344, 817.780090332, 199.152694702, 233.8306427, 90.654045105, 439.172546387, 534.68536377, 818.685974121, 1143.00427246, 848.236755371, 503.992523193, 313.379333496, 304.448730469, 168.105239868, 40.5278244019, 4.17136096954, 0.169279113412, 0.00331692420878, 2.29178272093e-06, 5.83918025043e-09, 8.13920930653e-10]
    },
    "gfcc": {
        "mean": [1.0830065012, 76.0118789673, -120.183479309, 38.7794952393, -92.8528213501, 21.6456813812, -44.4544258118, 2.69478845596, -26.6384315491, 2.84529542923, -20.4167022705, -6.0216755867, -10.1559410095],
        "cov": [[5474.03271484, -59.2054328918, 645.703491211, 282.066314697, 171.375778198, 483.385559082, 165.63369751, 200.875045776, -103.615715027, 197.663513184, -162.267684937, 105.722251892, -367.581359863], [-59.2054328918, 889.264404297, -14.5151262283, 5.59571170807, 242.79460144, 26.469379425, 199.205581665, 29.1071624756, 53.74269104, -31.7058792114, 106.416091919, -44.6227035522, 1.70772302151], [645.703491211, -14.5151262283, 984.005371094, 430.139953613, 61.4974136353, 139.603912354, -107.982872009, -28.8605918884, -33.1954841614, 93.4781951904, -59.7855873108, 72.0422134399, -71.9442138672], [282.066314697, 5.59571170807, 430.139953613, 539.264953613, 149.061462402, 93.1412734985, -38.6537246704, -30.6989059448, 55.865776062, 41.0363426208, -23.3830547333, 12.7017917633, 23.1510810852], [171.375778198, 242.79460144, 61.4974136353, 149.061462402, 362.746490479, 179.868041992, 125.329330444, 94.7306747437, 29.678232193, 17.8301181793, -1.38201570511, -11.5402736664, -14.0436534882], [483.385559082, 26.469379425, 139.603912354, 93.1412734985, 179.868041992, 329.61428833, 172.742416382, 74.5223617554, 11.4128837585, 6.9073138237, -16.2257823944, -2.92963719368, -43.8321266174], [165.63369751, 199.205581665, -107.982872009, -38.6537246704, 125.329330444, 172.742416382, 318.045471191, 120.723320007, 12.9453468323, -13.1330270767, 28.5881652832, -28.2739982605, -46.6850280762], [200.875045776, 29.1071624756, -28.8605918884, -30.6989059448, 94.7306747437, 74.5223617554, 120.723320007, 166.589172363, 38.2902870178, 6.71608781815, 4.0257973671, -15.5437669754, -40.4300231934], [-103.615715027, 53.74269104, -33.1954841614, 55.865776062, 29.678232193, 11.4128837585, 12.9453468323, 38.2902870178, 133.881347656, 15.4370059967, 11.9111032486, -19.9886646271, 27.2784118652], [197.663513184, -31.7058792114, 93.4781951904, 41.0363426208, 17.8301181793, 6.9073138237, -13.1330270767, 6.71608781815, 15.4370059967, 93.6145095825, 7.38014268875, 16.8635501862, -12.2332391739], [-162.267684937, 106.416091919, -59.7855873108, -23.3830547333, -1.38201570511, -16.2257823944, 28.5881652832, 4.0257973671, 11.9111032486, 7.38014268875, 111.966636658, 12.8195514679, 12.7650175095], [105.722251892, -44.6227035522, 72.0422134399, 12.7017917633, -11.5402736664, -2.92963719368, -28.2739982605, -15.5437669754, -19.9886646271, 16.8635501862, 12.8195514679, 90.6526794434, 17.893447876], [-367.581359863, 1.70772302151, -71.9442138672, 23.1510810852, -14.0436534882, -43.8321266174, -46.6850280762, -40.4300231934, 27.2784118652, -12.2332391739, 12.7650175095, 17.893447876, 130.836929321]],
        "icov": [[0.000374451978132, -0.000461868243292, 0.000387352221878, -0.000535076193046, 0.000759563117754, -0.000915080716368, 0.000605099892709, -0.00084031332517, 0.00062403222546, -0.000941943842918, 0.000809424964245, -0.000765308155678, 0.000904439017177], [-0.000461868243292, 0.00362414447591, -0.00203476310708, 0.00223680725321, -0.00429421197623, 0.00372298643924, -0.00371014606208, 0.00396837200969, -0.00286150793545, 0.00317069957964, -0.00346077792346, 0.00223773019388, -0.00124615081586], [0.000387352221878, -0.00203476310708, 0.00366687355563, -0.00330758327618, 0.00321423006244, -0.00343054020777, 0.00328802573495, -0.00300281541422, 0.00278582121246, -0.00325955124572, 0.00252855778672, -0.00270473072305, 0.00239507504739], [-0.000535076193046, 0.00223680725321, -0.00330758327618, 0.00571716297418, -0.00455904472619, 0.00295481458306, -0.00272069592029, 0.00447570439428, -0.0040237060748, 0.00272269267589, -0.00231426837854, 0.00240563089028, -0.00245979730971], [0.000759563117754, -0.00429421197623, 0.00321423006244, -0.00455904472619, 0.0101723391563, -0.00676330411807, 0.00447249086574, -0.00726258009672, 0.00446903007105, -0.00494892103598, 0.00419635605067, -0.00267331069335, 0.00150358397514], [-0.000915080716368, 0.00372298643924, -0.00343054020777, 0.00295481458306, -0.00676330411807, 0.0106535535306, -0.00724902749062, 0.0053121112287, -0.00405317358673, 0.00464949058369, -0.00288973073475, 0.00236892816611, -0.00189291627612], [0.000605099892709, -0.00371014606208, 0.00328802573495, -0.00272069592029, 0.00447249086574, -0.00724902749062, 0.0107209561393, -0.00748221948743, 0.0040766778402, -0.00309038395062, 0.00179879297502, -0.00164448807482, 0.00251324824058], [-0.00084031332517, 0.00396837200969, -0.00300281541422, 0.00447570439428, -0.00726258009672, 0.0053121112287, -0.00748221948743, 0.0156818907708, -0.00731805572286, 0.00405237078667, -0.00341753545217, 0.00236442801543, 0.000235119179706], [0.00062403222546, -0.00286150793545, 0.00278582121246, -0.0040237060748, 0.00446903007105, -0.00405317358673, 0.0040766778402, -0.00731805572286, 0.013292373158, -0.00536266993731, 0.0019732164219, 0.000552829529624, -0.00119139731396], [-0.000941943842918, 0.00317069957964, -0.00325955124572, 0.00272269267589, -0.00494892103598, 0.00464949058369, -0.00309038395062, 0.00405237078667, -0.00536266993731, 0.0167346298695, -0.00481889164075, 0.000647775828838, -0.0007215833175], [0.000809424964245, -0.00346077792346, 0.00252855778672, -0.00231426837854, 0.00419635605067, -0.00288973073475, 0.00179879297502, -0.00341753545217, 0.0019732164219, -0.00481889164075, 0.0140395183116, -0.00489134993404, 0.00162445590831], [-0.000765308155678, 0.00223773019388, -0.00270473072305, 0.00240563089028, -0.00267331069335, 0.00236892816611, -0.00164448807482, 0.00236442801543, 0.000552829529624, 0.000647775828838, -0.00489134993404, 0.0161924399436, -0.00523369386792], [0.000904439017177, -0.00124615081586, 0.00239507504739, -0.00245979730971, 0.00150358397514, -0.00189291627612, 0.00251324824058, 0.000235119179706, -0.00119139731396, -0.0007215833175, 0.00162445590831, -0.00523369386792, 0.0131874745712]]
    },
    "melbands": {
        "dmean": [0.000331989460392, 0.000850878946949, 0.000665958505124, 0.00037417456042, 0.000299777049804, 0.000286711001536, 0.000195636355784, 0.000229718294577, 0.000270687189186, 0.000170628991327, 9.69374814304e-05, 8.34930833662e-05, 4.81722272525e-05, 5.27011688973e-05, 3.77285541617e-05, 4.1269344365e-05, 2.33235441556e-05, 2.32845686696e-05, 1.46610218508e-05, 1.14175900308e-05, 7.28692202756e-06, 4.47778393209e-06, 5.70771817365e-06, 3.9810825001e-06, 2.54423480328e-06, 4.82759242004e-06, 4.53399525213e-06, 4.40818939751e-06, 4.84332485939e-06, 4.82363157062e-06, 6.19150705461e-06, 6.47262595521e-06, 3.68688893104e-06, 5.21206266058e-06, 3.82816597266e-06, 2.46909121415e-06, 2.96367625197e-06, 2.45344972427e-06, 1.61452840075e-06, 1.2034605561e-06],
        "dmean2": [0.000594961107709, 0.00152123847511, 0.00117012544069, 0.000641109305434, 0.000484366551973, 0.000462689204141, 0.000307476439048, 0.00035711255623, 0.000418463838287, 0.000264265778242, 0.000149808853166, 0.000131490378408, 7.70251572249e-05, 8.33213271108e-05, 6.06195535511e-05, 6.62938473397e-05, 3.72098766093e-05, 3.73606198991e-05, 2.3170698114e-05, 1.7808719349e-05, 1.14589774967e-05, 6.94068103257e-06, 9.08997571969e-06, 6.37822904537e-06, 3.9785604713e-06, 7.50914250602e-06, 7.04574267729e-06, 6.87446117809e-06, 7.55657492846e-06, 7.36667107049e-06, 9.51731999521e-06, 9.93528556137e-06, 5.61917204323e-06, 8.02771774033e-06, 5.85039697398e-06, 3.70514999304e-06, 4.43159115093e-06, 3.70111047232e-06, 2.45601449933e-06, 1.83966858458e-06],
        "dvar": [5.74018883981e-07, 3.94124754166e-06, 2.34384378928e-06, 4.87994554987e-07, 2.52784900567e-07, 3.27133534483e-07, 1.44498272903e-07, 3.43375432976e-07, 4.66536590693e-07, 1.98096387294e-07, 6.81649439116e-08, 4.21513490778e-08, 2.44914524217e-08, 3.00888451932e-08, 1.54086610138e-08, 1.53365036226e-08, 5.3546003187e-09, 4.5034052043e-09, 3.59267793293e-09, 1.67803237971e-09, 5.19950527078e-10, 1.01254657436e-10, 1.42663991731e-10, 7.59650953253e-11, 2.83849055371e-11, 1.43557207788e-10, 1.1472169742e-10, 1.55053109241e-10, 1.64070798614e-10, 1.53787066415e-10, 2.02865987897e-10, 1.95212263021e-10, 5.34620646364e-11, 1.23598437041e-10, 8.00567945269e-11, 3.95052775215e-11, 1.29426053208e-10, 7.65684043946e-11, 3.08989223097e-11, 1.77616775454e-11],
        "dvar2": [1.65489905157e-06, 1.14695158118e-05, 6.50429456073e-06, 1.34472600166e-06, 6.31943350982e-07, 8.34191610011e-07, 3.43242874123e-07, 7.88478700997e-07, 1.0311736105e-06, 4.26556283628e-07, 1.45992004263e-07, 1.00489565114e-07, 5.11237310263e-08, 7.14906391863e-08, 3.88765144521e-08, 3.83749174659e-08, 1.23751453529e-08, 1.11424478533e-08, 7.79024400543e-09, 3.93449051117e-09, 1.05432373942e-09, 2.24334176235e-10, 3.47563450243e-10, 1.88608795249e-10, 6.83037792992e-11, 3.31681238031e-10, 2.50860526796e-10, 3.4307898189e-10, 3.85288856375e-10, 3.32537025693e-10, 4.42796577182e-10, 4.38771102784e-10, 1.19327325798e-10, 2.79207212905e-10, 1.77712927707e-10, 8.60145982218e-11, 2.9359911724e-10, 1.585021836e-10, 6.62050414491e-11, 3.79057479849e-11],
        "max": [0.0129654193297, 0.0216409806162, 0.0253731794655, 0.0152803063393, 0.00636397255585, 0.00729692354798, 0.00938119739294, 0.015307684429, 0.0164080485702, 0.0125799356028, 0.0106006190181, 0.00486257812008, 0.00760166253895, 0.00606654305011, 0.00650484347716, 0.00426374329254, 0.0017151691718, 0.00219767191447, 0.00265170214698, 0.0010652395431, 0.000909673864953, 0.000485542230308, 0.000325438712025, 0.000220722387894, 0.000149254905409, 0.000454085064121, 0.000341002567438, 0.000519530673046, 0.000465016812086, 0.000364729407011, 0.000473179097753, 0.000264445639914, 0.000150766965817, 0.000219845562242, 0.000156562047778, 0.000145091951708, 0.000461160874693, 0.000195324741071, 0.000148986480781, 0.000120320743008],
        "mean": [0.000379883451387, 0.00121983094141, 0.00101100734901, 0.00056916748872, 0.000478076108266, 0.00043362219003, 0.000358799064998, 0.000436404923676, 0.000514249608386, 0.000326609238982, 0.000174479093403, 0.000156756985234, 7.81131384429e-05, 8.28570409794e-05, 7.13893095963e-05, 7.39850511309e-05, 3.74171468138e-05, 3.63804138033e-05, 2.29060879064e-05, 1.66978843481e-05, 1.22772980831e-05, 7.8025050243e-06, 1.00685720099e-05, 6.85737586537e-06, 4.48623222837e-06, 8.81828600541e-06, 8.12118560134e-06, 7.83029190643e-06, 8.73235876497e-06, 9.15195869311e-06, 1.13659507406e-05, 1.16086985145e-05, 6.44773626846e-06, 8.80711468199e-06, 6.40013058728e-06, 3.83559790862e-06, 4.11338851336e-06, 3.42871317116e-06, 2.28345811593e-06, 1.65544429365e-06],
        "median": [0.000149419618538, 0.000575854559429, 0.000544348789845, 0.000337202975061, 0.000276718346868, 0.000179406662937, 0.000159792936756, 0.000104049395304, 9.76804512902e-05, 7.45771176298e-05, 4.33157983935e-05, 3.36910015903e-05, 2.03782001336e-05, 1.91961044038e-05, 1.72126528923e-05, 1.65386445588e-05, 1.17127301564e-05, 1.01797750176e-05, 6.07714582657e-06, 4.64158119939e-06, 4.05833998229e-06, 3.28320197696e-06, 4.46362446382e-06, 3.01195359498e-06, 1.86656620826e-06, 3.64818697562e-06, 3.59486057278e-06, 3.64025140698e-06, 4.13218776885e-06, 4.32028355135e-06, 4.98412236993e-06, 5.48312254978e-06, 3.25705286741e-06, 4.14965961681e-06, 2.8530732834e-06, 1.54020369791e-06, 1.24095754472e-06, 9.75735247266e-07, 7.05128798018e-07, 5.12897770477e-07],
        "min": [3.74307123678e-24, 6.10803757645e-24, 1.909643911e-24, 1.83576866495e-24, 3.37777893942e-24, 6.87225565028e-24, 3.39871925215e-24, 6.67369226069e-24, 5.85267975155e-24, 9.11313574728e-24, 1.08544460102e-23, 8.69923936297e-24, 6.48204205364e-24, 9.26580399827e-24, 4.57094525807e-24, 7.49746026097e-24, 6.62843688828e-24, 3.72989370979e-24, 6.97635136875e-24, 6.22476335244e-24, 1.28038183369e-23, 8.09636819337e-24, 5.26806361216e-24, 9.53224886875e-24, 1.01460615391e-23, 9.52352327828e-24, 8.50765660353e-24, 9.27849913681e-24, 8.29892716345e-24, 1.00946727732e-23, 8.01256118853e-24, 8.71869898378e-24, 7.2814180803e-24, 9.35382588693e-24, 8.15728008817e-24, 7.54266199083e-24, 7.49040626675e-24, 7.96716224343e-24, 7.38996455199e-24, 1.2993616693e-23],
        "var": [5.18849958553e-07, 3.54039411832e-06, 2.4537457648e-06, 5.54631867544e-07, 3.85529006053e-07, 4.49751524911e-07, 3.77918894401e-07, 1.19318792713e-06, 1.61924754138e-06, 7.49299829295e-07, 1.64466683827e-07, 1.05735431077e-07, 4.35906990504e-08, 5.38307851627e-08, 5.82166990171e-08, 5.09393665027e-08, 9.90445769844e-09, 7.17613390933e-09, 7.4187838095e-09, 2.45918752029e-09, 1.24795296319e-09, 2.24436649821e-10, 2.7475274833e-10, 1.58841079179e-10, 5.59996909955e-11, 2.78544021182e-10, 2.55841237085e-10, 2.81124318269e-10, 3.37716382637e-10, 3.83850007335e-10, 4.4138340205e-10, 3.87189197371e-10, 9.55748397091e-11, 2.17977802475e-10, 1.38609845823e-10, 6.38426186916e-11, 1.62495711331e-10, 1.09238347534e-10, 4.4816768352e-11, 2.49972629401e-11]
    },
    "mfcc": {
        "mean": [-632.897155762, 93.6359634399, 19.7011165619, 11.631567955, -15.6134548187, 7.84702968597, -9.34615898132, -3.58327364922, -3.0893266201, -1.43977844715, -1.93746316433, -2.48421120644, -4.86964511871],
        "cov": [[4505.44042969, -65.5584793091, 355.797393799, 71.8457717896, 123.744003296, 323.780670166, 258.10836792, 250.528533936, 58.2806053162, 170.404891968, 193.774230957, 47.3765144348, 30.5826778412], [-65.5584793091, 840.524658203, -189.912109375, 2.05244088173, 1.97397494316, 13.6815824509, 167.198120117, 105.045051575, -7.28957891464, 50.0889282227, 98.3991699219, 20.2099342346, 16.0642223358], [355.797393799, -189.912109375, 890.945495605, 272.718383789, 188.158309937, 164.626251221, -56.905796051, -54.4083442688, -12.7962646484, -65.4236831665, -21.4705200195, 49.2076454163, 31.0870456696], [71.8457717896, 2.05244088173, 272.718383789, 393.086669922, 181.987213135, 97.1415786743, -17.2327346802, -26.0109882355, 35.0701293945, -8.20208930969, -10.964556694, 40.902797699, 36.4574813843], [123.744003296, 1.97397494316, 188.158309937, 181.987213135, 325.171661377, 128.837051392, 15.2055549622, 22.3748245239, 57.9754943848, 37.516368866, -6.76427316666, 12.838180542, 18.7478961945], [323.780670166, 13.6815824509, 164.626251221, 97.1415786743, 128.837051392, 269.135345459, 115.133087158, 82.501335144, 65.671913147, 40.1291389465, 35.1175498962, 9.53303432465, -3.79071927071], [258.10836792, 167.198120117, -56.905796051, -17.2327346802, 15.2055549622, 115.133087158, 287.409210205, 161.517593384, 42.6740875244, 76.591003418, 77.0739746094, 23.4357509613, 4.70485210419], [250.528533936, 105.045051575, -54.4083442688, -26.0109882355, 22.3748245239, 82.501335144, 161.517593384, 215.401351929, 69.3261184692, 69.5575027466, 68.6824493408, 24.9875106812, 6.04675245285], [58.2806053162, -7.28957891464, -12.7962646484, 35.0701293945, 57.9754943848, 65.671913147, 42.6740875244, 69.3261184692, 146.106964111, 64.1055221558, 10.6954898834, 8.77341938019, -6.3069229126], [170.404891968, 50.0889282227, -65.4236831665, -8.20208930969, 37.516368866, 40.1291389465, 76.591003418, 69.5575027466, 64.1055221558, 140.992248535, 59.7575569153, 6.66857719421, 2.34250664711], [193.774230957, 98.3991699219, -21.4705200195, -10.964556694, -6.76427316666, 35.1175498962, 77.0739746094, 68.6824493408, 10.6954898834, 59.7575569153, 121.954689026, 34.0445213318, 3.76816701889], [47.3765144348, 20.2099342346, 49.2076454163, 40.902797699, 12.838180542, 9.53303432465, 23.4357509613, 24.9875106812, 8.77341938019, 6.66857719421, 34.0445213318, 92.7326660156, 29.7862949371], [30.5826778412, 16.0642223358, 31.0870456696, 36.4574813843, 18.7478961945, -3.79071927071, 4.70485210419, 6.04675245285, -6.3069229126, 2.34250664711, 3.76816701889, 29.7862949371, 71.4983291626]],
