{
"lowlevel": {
    "average_loudness": 0.780963897705,
    "barkbands_crest": {
        "dmean": 2.52322745323,
        "dmean2": 4.1315984726,
        "dvar": 5.01113796234,
        "dvar2": 12.8378515244,
        "max": 25.3136577606,
        "mean": 9.38712120056,
        "median": 8.60494709015,
        "min": 2.196413517,
        "var": 15.2636241913
    },
    "barkbands_flatness_db": {
        "dmean": 0.0172174796462,
        "dmean2": 0.0270865205675,
        "dvar": 0.000230369230849,
        "dvar2": 0.000571835436858,
        "max": 0.326893806458,
        "mean": 0.139309793711,
        "median": 0.132324635983,
        "min": 0.0310398694128,
        "var": 0.00214855954982
    },
    "barkbands_kurtosis": {
        "dmean": 1.55998814106,
        "dmean2": 2.47242474556,
        "dvar": 7.09049129486,
        "dvar2": 17.2205142975,
        "max": 81.6017837524,
        "mean": 1.97000980377,
        "median": 0.580522179604,
        "min": -1.87800204754,
        "var": 18.9799575806
    },
    "barkbands_skewness": {
        "dmean": 0.408390581608,
        "dmean2": 0.627490758896,
        "dvar": 0.168962791562,
        "dvar2": 0.380765944719,
        "max": 8.67486190796,
        "mean": 1.00405466557,
        "median": 0.858489155769,
        "min": -3.1753923893,
        "var": 0.894587934017
    },
    "barkbands_spread": {
        "dmean": 5.16278219223,
        "dmean2": 7.85718011856,
        "dvar": 38.8213920593,
        "dvar2": 75.346824646,
        "max": 98.5613174438,
        "mean": 24.0684909821,
        "median": 21.8783588409,
        "min": 2.09170079231,
        "var": 191.576004028
    },
    "dissonance": {
        "dmean": 0.0221031773835,
        "dmean2": 0.0378553941846,
        "dvar": 0.000498354842421,
        "dvar2": 0.00140960002318,
        "max": 0.500000059605,
        "mean": 0.462261140347,
        "median": 0.470349013805,
        "min": 0.21832460165,
        "var": 0.000967214757111
    },
    "dynamic_complexity": 3.56792140007,
    "erbbands_crest": {
        "dmean": 2.90173387527,
        "dmean2": 4.67603111267,
        "dvar": 7.15159845352,
        "dvar2": 16.9826049805,
        "max": 33.0091056824,
        "mean": 10.6814184189,
        "median": 9.20463180542,
        "min": 2.35107851028,
        "var": 32.9037971497
    },
    "erbbands_flatness_db": {
        "dmean": 0.0157455969602,
        "dmean2": 0.0232916809618,
        "dvar": 0.000196426350158,
        "dvar2": 0.000400150980568,
        "max": 0.368588417768,
        "mean": 0.177704170346,
        "median": 0.169667229056,
        "min": 0.0671225041151,
        "var": 0.00293336180039
    },
    "erbbands_kurtosis": {
        "dmean": 0.93749910593,
        "dmean2": 1.46272170544,
        "dvar": 2.14386248589,
        "dvar2": 4.80176353455,
        "max": 82.5381164551,
        "mean": 1.01234817505,
        "median": 0.0796064138412,
        "min": -1.74527299404,
        "var": 13.9151859283
    },
    "erbbands_skewness": {
        "dmean": 0.341676682234,
        "dmean2": 0.532511174679,
        "dvar": 0.098533205688,
        "dvar2": 0.217217594385,
        "max": 5.76783370972,
        "mean": 0.489282101393,
        "median": 0.437030524015,
        "min": -4.77668046951,
        "var": 0.4958306849
    },
    "erbbands_spread": {
        "dmean": 6.70400428772,
        "dmean2": 10.1718912125,
        "dvar": 53.9626579285,
        "dvar2": 116.317314148,
        "max": 129.639297485,
        "mean": 33.6513519287,
        "median": 30.4534091949,
        "min": 1.35646700859,
        "var": 309.546447754
    },
    "hfc": {
        "dmean": 5.89950609207,
        "dmean2": 8.74847698212,
        "dvar": 60.6165122986,
        "dvar2": 129.852783203,
        "max": 128.126541138,
        "mean": 24.5739536285,
        "median": 18.51329422,
        "min": 1.17622462597e-16,
        "var": 446.451507568
    },
    "melbands_crest": {
        "dmean": 3.24429488182,
        "dmean2": 5.3636674881,
        "dvar": 8.15571689606,
        "dvar2": 21.8010368347,
        "max": 37.8202476501,
        "mean": 12.8318223953,
        "median": 11.9058303833,
        "min": 2.00798249245,
        "var": 24.2699928284
    },
    "melbands_flatness_db": {
        "dmean": 0.0198799297214,
        "dmean2": 0.0311897620559,
        "dvar": 0.000329136382788,
        "dvar2": 0.00079136819113,
        "max": 0.404761731625,
        "mean": 0.168543800712,
        "median": 0.159929633141,
        "min": 0.00361599354073,
        "var": 0.00287355226465
    },
    "melbands_kurtosis": {
        "dmean": 3.61590838432,
        "dmean2": 5.77098608017,
        "dvar": 43.5044021606,
        "dvar2": 106.643692017,
        "max": 262.121826172,
        "mean": 6.81025075912,
        "median": 3.63897705078,
        "min": -1.84469377995,
        "var": 100.623962402
    },
    "melbands_skewness": {
        "dmean": 0.543855011463,
        "dmean2": 0.849297046661,
        "dvar": 0.315434396267,
        "dvar2": 0.743162572384,
        "max": 13.6271295547,
        "mean": 1.81027925014,
        "median": 1.66847527027,
        "min": -2.70834946632,
        "var": 1.66156697273
    },
    "melbands_spread": {
        "dmean": 6.92776966095,
        "dmean2": 10.6340093613,
        "dvar": 92.4443206787,
        "dvar2": 184.648010254,
        "max": 239.670913696,
        "mean": 28.9441204071,
        "median": 26.5638465881,
        "min": 1.65834367275,
        "var": 313.219909668
    },
    "pitch_salience": {
        "dmean": 0.0644356906414,
        "dmean2": 0.105161912739,
        "dvar": 0.00316468672827,
        "dvar2": 0.00823993049562,
        "max": 0.885531067848,
        "mean": 0.553669452667,
        "median": 0.551987528801,
        "min": 0.126992240548,
        "var": 0.0119196614251
    },
    "silence_rate_20dB": {
        "dmean": 0,
        "dmean2": 0,
        "dvar": 0,
        "dvar2": 0,
        "max": 1,
        "mean": 1,
        "median": 1,
        "min": 1,
        "var": 0
    },
    "silence_rate_30dB": {
        "dmean": 0,
        "dmean2": 0,
        "dvar": 0,
        "dvar2": 0,
        "max": 1,
        "mean": 1,
        "median": 1,
        "min": 1,
        "var": 0
    },
    "silence_rate_60dB": {
        "dmean": 0.0166217964143,
        "dmean2": 0.033130414784,
        "dvar": 0.0163440108299,
        "dvar2": 0.040696837008,
        "max": 1,
        "mean": 0.0807584300637,
        "median": 0,
        "min": 0,
        "var": 0.0742446705699
    },
    "spectral_centroid": {
        "dmean": 228.807434082,
        "dmean2": 349.510986328,
        "dvar": 68852.6328125,
        "dvar2": 131769.203125,
        "max": 11250.1298828,
        "mean": 1556.73046875,
        "median": 1565.6427002,
        "min": 262.494995117,
        "var": 383257.84375
    },
    "spectral_complexity": {
        "dmean": 3.02563500404,
        "dmean2": 4.81994867325,
        "dvar": 8.33564662933,
        "dvar2": 19.6200256348,
        "max": 54,
        "mean": 19.4405422211,
        "median": 19,
        "min": 0,
        "var": 97.2129592896
    },
    "spectral_decrease": {
        "dmean": 1.65586588885e-09,
        "dmean2": 2.66453947795e-09,
        "dvar": 4.94622780239e-18,
        "dvar2": 1.28682701185e-17,
        "max": -5.73955109597e-29,
        "mean": -5.72644776042e-09,
        "median": -4.72350514258e-09,
        "min": -2.8636753413e-08,
        "var": 2.02225311126e-17
    },
    "spectral_energy": {
        "dmean": 0.00661728996783,
        "dmean2": 0.0106174154207,
        "dvar": 7.66158482293e-05,
        "dvar2": 0.000197480607312,
        "max": 0.114020168781,
        "mean": 0.0238419044763,
        "median": 0.019768724218,
        "min": 1.08853204294e-20,
        "var": 0.000342822750099
    },
    "spectral_energyband_high": {
        "dmean": 0.000382445025025,
        "dmean2": 0.000540732580703,
        "dvar": 5.33443881068e-07,
        "dvar2": 1.00402087355e-06,
        "max": 0.0162686835974,
        "mean": 0.00113407173194,
        "median": 0.000540785084013,
        "min": 8.09879209157e-21,
        "var": 2.24116433856e-06
    },
    "spectral_energyband_low": {
        "dmean": 0.00327805313282,
        "dmean2": 0.00559410825372,
        "dvar": 4.24714089604e-05,
        "dvar2": 0.000120485674415,
        "max": 0.0908809304237,
        "mean": 0.00626527657732,
        "median": 0.00327165401541,
        "min": 6.63429370718e-23,
        "var": 7.42418487789e-05
    },
    "spectral_energyband_middle_high": {
        "dmean": 0.00291587994434,
        "dmean2": 0.00441927090287,
        "dvar": 1.97359586309e-05,
        "dvar2": 4.65321209049e-05,
        "max": 0.0819679498672,
        "mean": 0.00944407377392,
        "median": 0.00509153585881,
        "min": 1.59956343778e-21,
        "var": 0.00011298093159
    },
    "spectral_energyband_middle_low": {
        "dmean": 0.00322257401422,
        "dmean2": 0.00519547611475,
        "dvar": 2.32314359891e-05,
        "dvar2": 5.82719076192e-05,
        "max": 0.0616199448705,
        "mean": 0.00781821459532,
        "median": 0.00600570533425,
        "min": 3.75825931778e-22,
        "var": 4.92170584039e-05
    },
    "spectral_entropy": {
        "dmean": 0.123072311282,
        "dmean2": 0.180710017681,
        "dvar": 0.0130225680768,
        "dvar2": 0.0245908871293,
        "max": 9.81032180786,
        "mean": 7.62632846832,
        "median": 7.68121528625,
        "min": 5.99990558624,
        "var": 0.164350822568
    },
    "spectral_flux": {
        "dmean": 0.0205490346998,
        "dmean2": 0.0328779965639,
        "dvar": 0.000486997712869,
        "dvar2": 0.0011640987359,
        "max": 0.284124195576,
        "mean": 0.0826756507158,
        "median": 0.0761876106262,
        "min": 1.04332736894e-10,
        "var": 0.00209751585498
    },
    "spectral_kurtosis": {
        "dmean": 1.20474350452,
        "dmean2": 2.05135297775,
        "dvar": 2.19422793388,
        "dvar2": 6.76778888702,
        "max": 26.4469203949,
        "mean": 3.38936567307,
        "median": 2.88385605812,
        "min": -1.51984894276,
        "var": 6.96172046661
    },
    "spectral_rms": {
        "dmean": 0.00062052445719,
        "dmean2": 0.00098077498842,
        "dvar": 4.387951833e-07,
        "dvar2": 1.0591455748e-06,
        "max": 0.0105469990522,
        "mean": 0.00442122854292,
        "median": 0.00439164647833,
        "min": 3.25880728652e-12,
        "var": 3.71308760805e-06
    },
    "spectral_rolloff": {
        "dmean": 501.462371826,
        "dmean2": 816.069641113,
        "dvar": 809096.625,
        "dvar2": 1540040.5,
        "max": 18174.0234375,
        "mean": 1804.46362305,
        "median": 1421.19140625,
        "min": 21.533203125,
        "var": 2230503
    },
    "spectral_skewness": {
        "dmean": 0.175923347473,
        "dmean2": 0.28635686636,
        "dvar": 0.0276731327176,
        "dvar2": 0.0720863267779,
        "max": 3.78524661064,
        "mean": 1.38110387325,
        "median": 1.33406937122,
        "min": -0.3169696033,
        "var": 0.177630156279
    },
    "spectral_spread": {
        "dmean": 444271.4375,
        "dmean2": 630726.875,
        "dvar": 510326439936,
        "dvar2": 689053302784,
        "max": 40501376,
        "mean": 4659958.5,
        "median": 4427327,
        "min": 1658482.125,
        "var": 2.40254608998e+12
    },
    "spectral_strongpeak": {
        "dmean": 0.801973640919,
        "dmean2": 1.33901226521,
        "dvar": 1.43907296658,
        "dvar2": 3.59526801109,
        "max": 14.3051652908,
        "mean": 1.62955987453,
        "median": 0.629641115665,
        "min": 0,
        "var": 4.13833045959
    },
    "zerocrossingrate": {
        "dmean": 0.00926379766315,
        "dmean2": 0.0106679908931,
        "dvar": 0.000168405240402,
        "dvar2": 0.000165312259924,
        "max": 0.48046875,
        "mean": 0.0700211524963,
        "median": 0.06494140625,
        "min": 0.0048828125,
        "var": 0.00128123513423
    },
    "barkbands": {
        "dmean": [0.000142850636621, 0.00180385494605, 0.00168128719088, 0.000800999579951, 0.000972173002083, 0.00100761733484, 0.00077494798461, 0.000720486510545, 0.000651331793051, 0.000890069350135, 0.00135067861993, 0.000930777634494, 0.000603029795457, 0.000428212049883, 0.000348089757608, 0.000258256448433, 0.000210152458749, 0.000127286359202, 0.000187796889804, 0.000163657619851, 0.000148191989865, 0.000102125290141, 8.21957728476e-05, 6.92251051078e-05, 5.42334928468e-05, 1.716155748e-05, 1.54126240659e-08],
        "dmean2": [0.000238670458202, 0.00303415488452, 0.00287000834942, 0.00141066149808, 0.00161984981969, 0.00160531059373, 0.00126422278117, 0.00115515850484, 0.00105839478783, 0.00140915543307, 0.00200277683325, 0.00138155266177, 0.000915046839509, 0.000660481338855, 0.000567138718907, 0.000423663150286, 0.00034077744931, 0.000206604512641, 0.000297105667414, 0.000260796863586, 0.000230766949244, 0.000154119203216, 0.000119647149404, 9.86422819551e-05, 7.79620822868e-05, 2.58347772615e-05, 2.76266050037e-08],
        "dvar": [7.92126456872e-07, 1.61495154316e-05, 1.57900267368e-05, 3.2564500998e-06, 4.33597642768e-06, 4.29014380643e-06, 3.38678410117e-06, 3.39604844157e-06, 3.21247125612e-06, 4.49688423032e-06, 1.15251332318e-05, 6.61123385726e-06, 2.75159800367e-06, 1.30882824578e-06, 6.2591226424e-07, 4.21434236841e-07, 4.21404848794e-07, 5.83630495044e-08, 1.29033779217e-07, 9.43479605553e-08, 1.00198128905e-07, 5.30547481503e-08, 6.14638722141e-08, 3.07853014192e-08, 4.37699121392e-08, 3.32929794844e-09, 7.86248168893e-15],
        "dvar2": [2.19259300138e-06, 4.34865214629e-05, 4.42919663328e-05, 9.21375249163e-06, 1.15959473987e-05, 1.06360866994e-05, 8.43599900691e-06, 8.55350026541e-06, 7.92173432274e-06, 1.0209226275e-05, 2.47313455475e-05, 1.37196366268e-05, 5.97323059992e-06, 2.86216891254e-06, 1.51337985699e-06, 1.03529248463e-06, 1.00185707197e-06, 1.42244786616e-07, 3.11670106612e-07, 2.20755609348e-07, 2.17908180389e-07, 1.09471059773e-07, 1.18624257084e-07, 6.17909776679e-08, 8.62270113089e-08, 7.8375554935e-09, 2.09632777039e-14],
        "max": [0.0428681001067, 0.0693759992719, 0.0652333274484, 0.0277577713132, 0.0350257828832, 0.0390918180346, 0.0375923663378, 0.0362087823451, 0.0417185164988, 0.0465046428144, 0.0749270021915, 0.0598865374923, 0.0480851754546, 0.0287014916539, 0.0209006480873, 0.0164594352245, 0.0260897837579, 0.00526464544237, 0.00751663092524, 0.00921355187893, 0.00934473797679, 0.00581332249567, 0.0110118174925, 0.0046734791249, 0.00913259387016, 0.00234250561334, 4.39594532509e-06],
        "mean": [0.000181788287591, 0.00290271663107, 0.00252752099186, 0.00104572763667, 0.00160588067956, 0.00174229126424, 0.00110891158693, 0.00108331092633, 0.000940354599152, 0.00144975050353, 0.00241492758505, 0.00177471025381, 0.00111808266956, 0.000680267869029, 0.000508915865794, 0.000373714719899, 0.000367992179235, 0.000253012083704, 0.000390661181882, 0.000371366855688, 0.000340332713677, 0.000217188178794, 0.000165130171808, 0.000146261576447, 0.000100279095932, 3.07224690914e-05, 1.10838058731e-08],
        "median": [1.14927106551e-05, 0.000788724981248, 0.00115177896805, 0.000405471131671, 0.000906251661945, 0.00080774188973, 0.000418050622102, 0.000402643083362, 0.000308652059175, 0.000406770064728, 0.000367107684724, 0.000238266904489, 0.00022432275, 0.000184880249435, 0.000208648678381, 0.000144406119944, 0.000149594969116, 0.00013218758977, 0.000197715940885, 0.000170410043211, 0.000138421790325, 7.34205386834e-05, 6.16500037722e-05, 6.07250549365e-05, 2.18234017666e-05, 3.07946856992e-06, 5.94759019812e-10],
        "min": [4.68155499546e-24, 3.20417345227e-23, 1.62911041862e-23, 1.57755962064e-23, 1.01316170226e-22, 4.56964876517e-23, 3.22809076828e-23, 4.50454754565e-23, 9.36330562843e-23, 6.49611556885e-23, 8.13901369837e-23, 1.32370607461e-22, 1.39984869623e-22, 6.94963927632e-23, 6.95379815101e-23, 9.94183097277e-23, 1.4128864844e-22, 2.82837557869e-22, 3.64148543705e-22, 2.88651349145e-22, 4.55656610659e-22, 5.31350149543e-22, 7.18348705736e-22, 7.77917069437e-22, 1.41102048126e-21, 2.05310287198e-21, 2.24649067139e-21],
        "var": [1.51391691361e-06, 2.86755202978e-05, 1.81238374353e-05, 3.41589088748e-06, 5.4886113503e-06, 7.90523699834e-06, 4.81414917886e-06, 4.82551013192e-06, 4.70889062854e-06, 1.03732272692e-05, 3.75713498215e-05, 2.39884648181e-05, 9.13067287911e-06, 2.84598331746e-06, 9.94777110463e-07, 6.36277093236e-07, 1.08884455585e-06, 1.60854071396e-07, 3.32897002409e-07, 3.14929422984e-07, 2.73380351246e-07, 1.7064809299e-07, 1.44364022958e-07, 7.14034413818e-08, 7.87469929264e-08, 5.33357136234e-09, 5.82576767386e-15]
    },
    "erbbands": {
        "dmean": [0.0497381724417, 0.432750016451, 1.59714281559, 2.60868358612, 2.48541259766, 3.5876095295, 6.16234207153, 8.78700351715, 9.38676929474, 14.6286039352, 13.1935682297, 15.859910965, 17.9087371826, 43.1591949463, 43.5980567932, 34.4890556335, 26.8189907074, 20.0122394562, 19.7138080597, 14.6331291199, 12.4229736328, 9.61222743988, 7.05033397675, 6.87215995789, 10.2252073288, 7.08275032043, 5.94698286057, 5.30770921707, 3.80159020424, 2.88890099525, 2.24438452721, 1.66032373905, 1.11600124836, 0.730594873428, 0.344866901636, 0.126001149416, 0.022421002388, 0.000593820936047, 2.17564775085e-05, 8.90839055501e-06],
        "dmean2": [0.0808365270495, 0.732625901699, 2.7091178894, 4.52750682831, 4.29102420807, 5.96849012375, 9.70422840118, 14.1215276718, 15.2287826538, 23.7628116608, 21.1891822815, 25.5304260254, 28.6396694183, 65.2425842285, 62.6951446533, 50.578994751, 40.1755065918, 30.4476108551, 31.2280063629, 23.6608467102, 19.9444770813, 15.3981981277, 11.337433815, 11.146194458, 15.9546070099, 11.2408027649, 9.38323116302, 8.22915363312, 5.86588382721, 4.25251483917, 3.26802277565, 2.39124107361, 1.62220728397, 1.04175746441, 0.522813618183, 0.190907508135, 0.0339825451374, 0.000894371012691, 3.19308455801e-05, 1.39711683005e-05],
        "dvar": [0.0172885041684, 0.914178192616, 14.8779687881, 33.0552520752, 37.3748207092, 59.759311676, 164.905914307, 412.647460938, 438.966522217, 1550.56652832, 838.893615723, 2154.32202148, 1810.8371582, 12330.7236328, 10286.0673828, 9894.71191406, 4612.34472656, 2516.78198242, 1905.32910156, 1182.63012695, 1088.07873535, 788.538757324, 200.634002686, 200.610870361, 409.101470947, 157.765548706, 173.384567261, 127.025299072, 75.8386611938, 66.2134246826, 40.7961273193, 18.7092494965, 9.30834388733, 9.63784599304, 1.36947154999, 0.194981098175, 0.0036601445172, 2.58365844275e-06, 3.28632188129e-09, 1.51169202156e-10],
        "dvar2": [0.0426567010581, 2.50059533119, 41.6955909729, 93.3982925415, 104.676345825, 159.806213379, 382.114990234, 1043.74133301, 1109.02990723, 3920.70751953, 2117.77514648, 5340.54541016, 4261.13476562, 28324.296875, 20721.2363281, 20772.6386719, 9795.57714844, 5480.35546875, 4516.25, 2910.55029297, 2512.11865234, 1764.18518066, 488.683929443, 527.007141113, 949.065124512, 375.377624512, 381.067169189, 294.756774902, 166.460845947, 122.0938797, 77.0235290527, 38.182723999, 19.2833061218, 17.6849021912, 3.2112429142, 0.455989420414, 0.00844642799348, 5.71647387915e-06, 7.0661223539e-09, 3.59356044921e-10],
        "max": [2.19537448883, 14.6599969864, 63.0364532471, 81.4632110596, 90.1901473999, 136.481689453, 272.001678467, 434.1378479, 401.191040039, 757.598144531, 637.014526367, 1171.70129395, 989.984619141, 2525.97485352, 2426.93896484, 2877.23486328, 1666.72387695, 1179.72070312, 1128.55725098, 888.909179688, 1083.45568848, 1732.72070312, 353.147674561, 631.981750488, 410.616546631, 354.830718994, 481.887451172, 339.669921875, 217.221633911, 282.642791748, 244.167251587, 111.820068359, 105.185997009, 131.772079468, 36.6513938904, 17.955997467, 1.97879934311, 0.0448062866926, 0.00199429062195, 0.00024216278689],
        "mean": [0.0760907754302, 0.699606180191, 2.51633095741, 3.81595015526, 3.44453716278, 5.68430995941, 11.3915328979, 14.2074222565, 14.5053243637, 21.2136497498, 21.1552581787, 23.7528438568, 29.3438529968, 81.6172943115, 89.4163894653, 69.8559265137, 53.7773780823, 36.0176315308, 32.1657676697, 23.2886142731, 21.101808548, 18.7301807404, 15.0500268936, 15.1294374466, 23.5795707703, 16.8163394928, 13.5961484909, 12.1867036819, 8.39220714569, 5.90461444855, 4.47921943665, 3.36232376099, 2.27616596222, 1.31817507744, 0.60191398859, 0.223416030407, 0.0402137823403, 0.00107762007974, 5.41023036931e-05, 3.39344915119e-05],
        "median": [0.0156702212989, 0.225182652473, 1.18910622597, 1.83059668541, 1.72950553894, 3.10000419617, 5.05157184601, 6.34520483017, 6.91031742096, 7.07148981094, 10.1393623352, 9.10990142822, 11.4569921494, 17.3983383179, 18.0537567139, 13.9087314606, 13.0554561615, 12.6966609955, 14.2584705353, 11.4235639572, 9.60429573059, 7.93052530289, 7.74114608765, 8.58902549744, 11.116147995, 8.27779006958, 6.04432296753, 4.7981300354, 2.83499956131, 1.94018220901, 1.76293802261, 1.34231328964, 0.943487942219, 0.365585267544, 0.0894141346216, 0.0251193642616, 0.00295600574464, 8.93780234037e-05, 1.97351691895e-05, 2.67344148597e-05],
        "min": [1.00710925847e-21, 7.09447931345e-21, 1.41309396617e-20, 5.59937038954e-20, 1.66192915223e-19, 3.61652100903e-19, 3.73898509872e-19, 3.678217309e-19, 4.27668610109e-19, 9.88584746565e-19, 6.33214255234e-19, 1.9091870341e-18, 3.14884477462e-18, 2.68209094999e-18, 2.85535468264e-18, 5.96481594073e-18, 6.42819466167e-18, 3.77089266027e-18, 4.46197311074e-18, 4.04882162378e-18, 6.23234186726e-18, 8.22704407386e-18, 1.57850363442e-17, 1.90167118834e-17, 1.68260034404e-17, 1.11738154491e-17, 1.64452025736e-17, 1.81617462741e-17, 1.93864748521e-17, 2.03303871927e-17, 1.86901790279e-17, 1.68570326395e-17, 1.40376338437e-17, 1.24854252884e-17, 1.17626505856e-17, 7.44724271244e-18, 3.96406538949e-18, 1.22180614893e-18, 3.18911265062e-19, 3.45187348692e-20],
        "var": [0.0312162563205, 1.47973680496, 17.2600574493, 35.6877288818, 36.0723495483, 77.4609375, 394.315490723, 670.63269043, 608.32800293, 2091.25415039, 1241.49328613, 3124.88793945, 3194.18286133, 38033.28125, 45417.40625, 35029.5, 17273.7285156, 6029.95214844, 3340.73168945, 1871.20800781, 2073.29785156, 2787.98217773, 620.118896484, 397.133880615, 1318.69287109, 574.597229004, 435.561248779, 350.723205566, 253.00541687, 185.630493164, 97.2255783081, 42.9663581848, 19.2558937073, 16.8920211792, 2.1310749054, 0.300028979778, 0.00756980059668, 5.46873070562e-06, 7.90456944344e-09, 7.54145801363e-10]
    },
    "gfcc": {
        "mean": [-7.86419677734, 91.0445022583, -142.433410645, 35.168964386, -74.5472640991, 24.1339073181, -36.70545578, 7.14526081085, -27.0415267944, -0.968513965607, -9.52093029022, -7.57866287231, -3.263859272],
        "cov": [[6816.22265625, -1098.13171387, 1145.09265137, 633.765014648, 315.148529053, 337.100799561, -102.548080444, 533.47088623, -434.774108887, 727.429138184, -225.952575684, 531.254211426, -403.734680176], [-1098.13171387, 1606.23010254, 292.774688721, 178.233200073, 230.218032837, -95.912727356, 204.902236938, -259.181762695, 136.867034912, -248.276626587, 247.562393188, -206.354827881, 167.705993652], [1145.09265137, 292.774688721, 1350.57067871, 445.359649658, 242.760986328, 186.265869141, -66.3819885254, 133.546813965, -59.1031608582, 165.905075073, -46.4373664856, 221.598068237, -147.163543701], [633.765014648, 178.233200073, 445.359649658, 417.495666504, 157.777893066, 62.7514839172, 18.751033783, 48.5622711182, 30.2587718964, 49.5118865967, 6.5352602005, 66.2245864868, -34.8372077942], [315.148529053, 230.218032837, 242.760986328, 157.777893066, 270.665130615, 83.6177444458, 93.2041015625, 40.3481788635, -23.3092155457, 66.8577041626, 15.5770330429, 26.0683841705, -18.8917751312], [337.100799561, -95.912727356, 186.265869141, 62.7514839172, 83.6177444458, 205.899200439, 76.4566040039, 31.2079696655, -46.0287475586, 79.6455917358, -0.829051017761, 37.88514328, -33.0226974487], [-102.548080444, 204.902236938, -66.3819885254, 18.751033783, 93.2041015625, 76.4566040039, 225.612121582, -21.9358043671, -8.83904933929, 3.82246756554, 57.7799606323, -38.8206176758, 33.0369186401], [533.47088623, -259.181762695, 133.546813965, 48.5622711182, 40.3481788635, 31.2079696655, -21.9358043671, 190.543258667, -6.30627346039, 95.8201293945, -62.2482147217, 85.3346710205, -49.339176178], [-434.774108887, 136.867034912, -59.1031608582, 30.2587718964, -23.3092155457, -46.0287475586, -8.83904933929, -6.30627346039, 160.118942261, -49.5614204407, 11.7338228226, -34.6428604126, 27.1195468903], [727.429138184, -248.276626587, 165.905075073, 49.5118865967, 66.8577041626, 79.6455917358, 3.82246756554, 95.8201293945, -49.5614204407, 207.924972534, -23.4926128387, 96.0020294189, -63.9590950012], [-225.952575684, 247.562393188, -46.4373664856, 6.5352602005, 15.5770330429, -0.829051017761, 57.7799606323, -62.2482147217, 11.7338228226, -23.4926128387, 151.986724854, -34.767539978, 54.6251869202], [531.254211426, -206.354827881, 221.598068237, 66.2245864868, 26.0683841705, 37.88514328, -38.8206176758, 85.3346710205, -34.6428604126, 96.0020294189, -34.767539978, 160.68536377, -43.6529273987], [-403.734680176, 167.705993652, -147.163543701, -34.8372077942, -18.8917751312, -33.0226974487, 33.0369186401, -49.339176178, 27.1195468903, -63.9590950012, 54.6251869202, -43.6529273987, 120.133743286]],
        "icov": [[0.000414545385865, -0.000342958490364, 0.00033993012039, -0.000738674250897, 0.000420020602178, -0.000304741610307, 0.000336509663612, -0.000693894980941, 0.00112577527761, -0.000946553831454, 0.000289255083771, -0.000484411546495, 0.000613273005001], [-0.000342958490364, 0.00472561689094, -0.0032916450873, 0.00158201274462, -0.00377668440342, 0.00431738421321, -0.00332047394477, 0.00373311713338, -0.00328386505134, 0.00319383502938, -0.00342360697687, 0.00374904996715, -0.00292308651842], [0.00033993012039, -0.0032916450873, 0.00404513161629, -0.00250649824739, 0.00193129887339, -0.00395954539999, 0.0032924041152, -0.00262201507576, 0.0027585872449, -0.00201715552248, 0.00211753277108, -0.00399118103087, 0.00308917462826], [-0.000738674250897, 0.00158201274462, -0.00250649824739, 0.00600462779403, -0.0030845485162, 0.00158078572713, -0.00146973633673, 0.00189749419224, -0.00404045544565, 0.00243964861147, -0.00152531976346, 0.00113545113709, -0.00157005747315], [0.000420020602178, -0.00377668440342, 0.00193129887339, -0.0030845485162, 0.00957317277789, -0.00355077511631, 0.00019140689983, -0.00387792871334, 0.00368488603272, -0.00400375854224, 0.00273081404157, -0.00187934841961, 0.0021511898376], [-0.000304741610307, 0.00431738421321, -0.00395954539999, 0.00158078572713, -0.00355077511631, 0.0117427036166, -0.00598834222183, 0.00362634961493, -0.001959631918, 0.000986647908576, -0.00267205317505, 0.0036250250414, -0.0021377003286], [0.000336509663612, -0.00332047394477, 0.0032924041152, -0.00146973633673, 0.00019140689983, -0.00598834222183, 0.00988154206425, -0.00285046827048, 0.00269277719781, -0.00220362772234, 0.000643920968287, -0.00167031912133, 0.00118831009604], [-0.000693894980941, 0.00373311713338, -0.00262201507576, 0.00189749419224, -0.00387792871334, 0.00362634961493, -0.00285046827048, 0.012174657546, -0.00488113099709, 0.000750505423639, -8.01194910309e-05, 0.000383817299735, -0.00235671550035], [0.00112577527761, -0.00328386505134, 0.0027585872449, -0.00404045544565, 0.00368488603272, -0.001959631918, 0.00269277719781, -0.00488113099709, 0.0120844505727, -0.00280462251976, 0.00213529216126, -0.00166495784651, 0.00207374175079], [-0.000946553831454, 0.00319383502938, -0.00201715552248, 0.00243964861147, -0.00400375854224, 0.000986647908576, -0.00220362772234, 0.000750505423639, -0.00280462251976, 0.012734638527, -0.00372828566469, -0.000505345524289, 7.72931525717e-05], [0.000289255083771, -0.00342360697687, 0.00211753277108, -0.00152531976346, 0.00273081404157, -0.00267205317505, 0.000643920968287, -8.01194910309e-05, 0.00213529216126, -0.00372828566469, 0.0119357407093, -0.00235955603421, -0.00136353657581], [-0.000484411546495, 0.00374904996715, -0.00399118103087, 0.00113545113709, -0.00187934841961, 0.0036250250414, -0.00167031912133, 0.000383817299735, -0.00166495784651, -0.000505345524289, -0.00235955603421, 0.015008145012, -0.00347043946385], [0.000613273005001, -0.00292308651842, 0.00308917462826, -0.00157005747315, 0.0021511898376, -0.0021377003286, 0.00118831009604, -0.00235671550035, 0.00207374175079, 7.72931525717e-05, -0.00136353657581, -0.00347043946385, 0.0151825789362]]
    },
    "melbands": {
        "dmean": [0.000473771302495, 0.000705852522515, 0.000414746318711, 0.000218334360397, 0.000194063220988, 0.000192384235561, 0.000149503204739, 0.000163090429851, 0.000105998777144, 0.000100947116152, 9.25819695112e-05, 0.000172851752723, 0.000160128474818, 0.000109026150312, 7.98032633611e-05, 5.5220334616e-05, 4.0717288357e-05, 3.59440891771e-05, 2.52007830568e-05, 2.00941740331e-05, 1.54108365678e-05, 1.2062042515e-05, 8.09455468698e-06, 6.25956272415e-06, 6.17786463408e-06, 8.5094698079e-06, 8.12549933471e-06, 4.71046951134e-06, 3.78940171686e-06, 4.62297839476e-06, 3.00379656437e-06, 2.52069639828e-06, 1.82639848845e-06, 1.70864257143e-06, 1.42555904858e-06, 1.2427914271e-06, 1.01733246538e-06, 8.5042978526e-07, 7.86106511441e-07, 6.14343207417e-07],
        "dmean2": [0.000786462565884, 0.00119538826402, 0.000715791538823, 0.000371529837139, 0.000307188456645, 0.000307885784423, 0.000242065754719, 0.000264214584604, 0.000170571540366, 0.00016310979845, 0.000147879691212, 0.00026220473228, 0.000228640783462, 0.000160954281455, 0.000118898606161, 8.27762341942e-05, 6.23266751063e-05, 5.64082183701e-05, 4.11788350902e-05, 3.31315459334e-05, 2.47350944846e-05, 1.95580232685e-05, 1.30266362248e-05, 1.01758187157e-05, 1.01257674032e-05, 1.35508607855e-05, 1.27216308101e-05, 7.62877425586e-06, 6.08039636063e-06, 7.30665578885e-06, 4.70240911454e-06, 4.00561202696e-06, 2.76307355307e-06, 2.58088357441e-06, 2.13266503124e-06, 1.88320791494e-06, 1.47758419189e-06, 1.26258748878e-06, 1.16712340059e-06, 8.88193994797e-07],
        "dvar": [1.26569318581e-06, 2.56072121374e-06, 8.42093754727e-07, 2.88640507051e-07, 1.3492257267e-07, 1.77619043029e-07, 1.10737168768e-07, 1.92491853568e-07, 5.14537461527e-08, 8.73260574963e-08, 4.99915557839e-08, 1.91403344729e-07, 1.36845329735e-07, 8.30429343068e-08, 6.78235991813e-08, 2.39026647364e-08, 1.2143289041e-08, 7.07035496816e-09, 3.78820885771e-09, 2.65593147475e-09, 2.18711182498e-09, 1.51058954234e-09, 3.75175224221e-10, 1.62707194939e-10, 1.7666489105e-10, 3.29920174513e-10, 2.67299793411e-10, 7.30114649294e-11, 7.33374125317e-11, 1.25146906726e-10, 3.87248254297e-11, 3.42289183108e-11, 2.37880982273e-11, 2.6460772809e-11, 1.62429202033e-11, 1.26644259316e-11, 6.60539635142e-12, 4.12950663248e-12, 1.71119195203e-11, 6.99200679993e-12],
        "dvar2": [3.30832244799e-06, 7.17308876119e-06, 2.37163999373e-06, 7.86955411058e-07, 3.16236651088e-07, 4.47109016477e-07, 2.7830250815e-07, 4.84896816033e-07, 1.29584051933e-07, 2.16222659333e-07, 1.16966212715e-07, 4.39675147845e-07, 2.72044104577e-07, 1.72211699123e-07, 1.48029656089e-07, 5.39792566201e-08, 2.64546518025e-08, 1.63240585493e-08, 9.14318309952e-09, 6.83994016981e-09, 4.91314322559e-09, 3.44119976958e-09, 8.69414096272e-10, 3.9819009201e-10, 4.68469540937e-10, 7.93022703061e-10, 6.12441097836e-10, 1.82122414372e-10, 1.74859335345e-10, 2.8590696477e-10, 9.16494310998e-11, 7.94475804589e-11, 4.80948995907e-11, 5.18552908946e-11, 3.20149358413e-11, 2.6098526118e-11, 1.40344003779e-11, 8.3423094821e-12, 4.25062589293e-11, 1.36559799926e-11],
        "max": [0.0203191079199, 0.0278864521533, 0.0131033044308, 0.00924225989729, 0.00846542790532, 0.00848220288754, 0.00619771750644, 0.00875345803797, 0.00458211731166, 0.00770195480436, 0.00487883761525, 0.00928212422878, 0.00716011226177, 0.00596619956195, 0.00862761214375, 0.00599790737033, 0.00271244347095, 0.00191544229165, 0.00222166627645, 0.00115874328185, 0.00191229302436, 0.00204024859704, 0.00075991009362, 0.00029922981048, 0.000602768035606, 0.00036733597517, 0.000549576245248, 0.000182164192665, 0.000329815724399, 0.000263776513748, 0.000148777980939, 0.000135600217618, 0.00014246799401, 0.000205172822461, 0.000136082293466, 0.000147014608956, 6.06368776062e-05, 4.65230950795e-05, 0.000234031118453, 0.000116872215585],
        "mean": [0.000762440089602, 0.00121405173559, 0.000637271732558, 0.000327134970576, 0.000368428591173, 0.000318882026477, 0.000226479169214, 0.000238691703998, 0.000165935969562, 0.000145511992741, 0.000141831274959, 0.00031694577774, 0.000303817738313, 0.000222880742513, 0.000148765189806, 9.92221393972e-05, 6.47648848826e-05, 5.44093127246e-05, 3.67322936654e-05, 2.84335437755e-05, 2.42229198193e-05, 2.07270859391e-05, 1.54613917402e-05, 1.17460067486e-05, 1.16586843433e-05, 1.65191413544e-05, 1.7097358068e-05, 9.45993724599e-06, 7.69464895711e-06, 9.18987007026e-06, 6.20839455223e-06, 5.15019746672e-06, 3.38458767146e-06, 3.2111274777e-06, 2.60940441876e-06, 2.29878924074e-06, 1.95793609237e-06, 1.66147378877e-06, 1.34875199365e-06, 1.01450109469e-06],
        "median": [0.000190381586435, 0.000596011523157, 0.000329443137161, 0.000166017620359, 0.000181214360055, 0.000147978105815, 0.000100339209894, 7.93094441178e-05, 7.72152634454e-05, 4.86224598717e-05, 4.62736607005e-05, 5.76573293074e-05, 5.34578139195e-05, 3.18797392538e-05, 2.43854337896e-05, 2.15294057853e-05, 1.83698066394e-05, 1.95021621039e-05, 1.4239562006e-05, 1.08371750684e-05, 1.01796058516e-05, 7.91131424194e-06, 6.2338481257e-06, 6.22965580988e-06, 5.90925219512e-06, 7.49429818825e-06, 7.08802508598e-06, 4.27571103501e-06, 3.16414661938e-06, 3.61501042789e-06, 2.31140302276e-06, 1.60977674568e-06, 1.05755088953e-06, 9.96408743958e-07, 9.84627831713e-07, 8.90109788543e-07, 7.48539378037e-07, 6.74938235079e-07, 4.72458651757e-07, 2.21996288019e-07],
        "min": [9.87272833519e-24, 8.31642488719e-24, 1.01577579797e-23, 2.13254898433e-23, 1.39345668253e-23, 8.21031678455e-24, 6.69779432793e-24, 1.17136338651e-23, 5.79580406358e-24, 1.29276379446e-23, 1.51553827187e-23, 9.81592403913e-24, 9.57863467884e-24, 1.4978977643e-23, 1.48520041695e-23, 1.27109662529e-23, 5.99734343094e-24, 7.44159865368e-24, 4.64020487896e-24, 6.41688214287e-24, 7.39094983926e-24, 8.32545734456e-24, 1.0596415919e-23, 1.41422975675e-23, 1.58761049743e-23, 1.29034782905e-23, 1.2911432375e-23, 5.99025472684e-24, 8.63798115824e-24, 1.32261784099e-23, 9.09363826115e-24, 1.04907653557e-23, 1.07113269205e-23, 1.23350456326e-23, 1.12017230911e-23, 1.12743527258e-23, 8.94595876652e-24, 1.08621634365e-23, 8.05667823465e-24, 1.13020377992e-23],
        "var": [2.30544014812e-06, 3.37972596753e-06, 9.18353407542e-07, 3.12932797897e-07, 3.25693719105e-07, 2.98529528209e-07, 1.58931115379e-07, 2.6654180374e-07, 7.76004824843e-08, 1.26601136685e-07, 8.75315038229e-08, 5.88610646446e-07, 5.22241123235e-07, 3.59165909458e-07, 2.3776630087e-07, 7.7525392328e-08, 2.66133444171e-08, 1.27468426925e-08, 6.3007399298e-09, 3.46480399926e-09, 4.23908108615e-09, 4.50747350556e-09, 1.24877186369e-09, 3.94008964344e-10, 2.99173963381e-10, 8.05186028963e-10, 8.36119562475e-10, 1.96290331211e-10, 1.54951163012e-10, 2.56435345181e-10, 9.9968554268e-11, 1.10013290144e-10, 6.32058502759e-11, 6.32509114529e-11, 3.53118853602e-11, 2.67480950583e-11, 1.3974581041e-11, 9.14360687859e-12, 1.83285001759e-11, 1.16143327594e-11]
    },
    "mfcc": {
        "mean": [-637.192016602, 107.354537964, -6.71206569672, 10.6891689301, -6.95351552963, 5.07288789749, 4.16916275024, 0.320481985807, -2.37515377998, 1.76254856586, -5.83965682983, -0.517343103886, -1.59009242058],
        "cov": [[5686.64697266, -927.25, 451.973907471, 529.887817383, 238.765579224, 139.297042847, 270.064849854, 26.843919754, 37.2491378784, 30.0670909882, 106.753479004, 237.461730957, 227.621078491], [-927.25, 1182.84436035, 236.31086731, 200.105667114, 134.100769043, 90.2036972046, 138.153503418, -12.2417554855, -31.3675746918, -15.3841342926, -23.1881446838, 1.1742579937, -16.5012569427], [451.973907471, 236.31086731, 938.148742676, 316.550445557, 313.981536865, 151.726257324, 53.8360404968, 86.3958969116, -18.8428039551, -16.4524021149, 46.8903999329, 64.9580078125, 92.0868225098], [529.887817383, 200.105667114, 316.550445557, 403.927154541, 194.262985229, 93.1405258179, 73.7570877075, 55.8416404724, 28.730922699, 8.09812831879, 26.6466751099, 70.7697601318, 61.3238334656], [238.765579224, 134.100769043, 313.981536865, 194.262985229, 265.3621521, 62.2112541199, 33.5969963074, 46.5329055786, 14.2177152634, 13.1853246689, 21.8112430573, 46.1622467041, 39.7432594299], [139.297042847, 90.2036972046, 151.726257324, 93.1405258179, 62.2112541199, 222.988693237, 118.195045471, 24.5950145721, 16.4571628571, 13.9599914551, 38.6399841309, 13.6505775452, 35.7261276245], [270.064849854, 138.153503418, 53.8360404968, 73.7570877075, 33.5969963074, 118.195045471, 276.192199707, -2.67191624641, 10.5669441223, 22.3873882294, 9.75703811646, 32.0690193176, 34.1132621765], [26.843919754, -12.2417554855, 86.3958969116, 55.8416404724, 46.5329055786, 24.5950145721, -2.67191624641, 117.328620911, 34.8677825928, 4.60174560547, 16.4940338135, 8.69213104248, 17.4676475525], [37.2491378784, -31.3675746918, -18.8428039551, 28.730922699, 14.2177152634, 16.4571628571, 10.5669441223, 34.8677825928, 108.919815063, 31.7330303192, 13.6212339401, 10.367020607, 7.16084861755], [30.0670909882, -15.3841342926, -16.4524021149, 8.09812831879, 13.1853246689, 13.9599914551, 22.3873882294, 4.60174560547, 31.7330303192, 90.9719772339, 15.0515108109, 4.51651000977, 4.18136119843], [106.753479004, -23.1881446838, 46.8903999329, 26.6466751099, 21.8112430573, 38.6399841309, 9.75703811646, 16.4940338135, 13.6212339401, 15.0515108109, 87.8369750977, 30.3187427521, 17.4795188904], [237.461730957, 1.1742579937, 64.9580078125, 70.7697601318, 46.1622467041, 13.6505775452, 32.0690193176, 8.69213104248, 10.367020607, 4.51651000977, 30.3187427521, 98.9080429077, 45.1738510132], [227.621078491, -16.5012569427, 92.0868225098, 61.3238334656, 39.7432594299, 35.7261276245, 34.1132621765, 17.4676475525, 7.16084861755, 4.18136119843, 17.4795188904, 45.1738510132, 102.745697021]],
