{
"lowlevel": {
    "average_loudness": 0.860177993774,
    "barkbands_crest": {
        "dmean": 3.01034379005,
        "dmean2": 4.93519067764,
        "dvar": 7.6543545723,
        "dvar2": 19.9426498413,
        "max": 24.948392868,
        "mean": 11.7756738663,
        "median": 11.2263908386,
        "min": 2.25949001312,
        "var": 21.7793502808
    },
    "barkbands_flatness_db": {
        "dmean": 0.0211272481829,
        "dmean2": 0.0328531712294,
        "dvar": 0.000379106495529,
        "dvar2": 0.000936134310905,
        "max": 0.356711596251,
        "mean": 0.129876494408,
        "median": 0.125056952238,
        "min": 0.00903736520559,
        "var": 0.00270015210845
    },
    "barkbands_kurtosis": {
        "dmean": 2.31115865707,
        "dmean2": 3.66402864456,
        "dvar": 19.2264499664,
        "dvar2": 49.2604751587,
        "max": 114.747428894,
        "mean": 2.98525428772,
        "median": 1.09782195091,
        "min": -1.90324497223,
        "var": 36.1077346802
    },
    "barkbands_skewness": {
        "dmean": 0.51189249754,
        "dmean2": 0.780404686928,
        "dvar": 0.301070570946,
        "dvar2": 0.693663299084,
        "max": 9.87547397614,
        "mean": 1.32982444763,
        "median": 1.16061925888,
        "min": -3.66054773331,
        "var": 1.24408006668
    },
    "barkbands_spread": {
        "dmean": 6.4740114212,
        "dmean2": 9.76364707947,
        "dvar": 53.3092346191,
        "dvar2": 110.211975098,
        "max": 106.115898132,
        "mean": 27.5283985138,
        "median": 25.2818145752,
        "min": 1.3691958189,
        "var": 257.203979492
    },
    "dissonance": {
        "dmean": 0.0214524846524,
        "dmean2": 0.0365006700158,
        "dvar": 0.000455950357718,
        "dvar2": 0.00124733231496,
        "max": 0.499999880791,
        "mean": 0.463136076927,
        "median": 0.472730636597,
        "min": 0.283864438534,
        "var": 0.000997903523967
    },
    "dynamic_complexity": 3.49669098854,
    "erbbands_crest": {
        "dmean": 3.19769287109,
        "dmean2": 5.0700211525,
        "dvar": 8.64032554626,
        "dvar2": 19.5405902863,
        "max": 31.0466423035,
        "mean": 11.2825317383,
        "median": 10.0508365631,
        "min": 2.09127616882,
        "var": 33.1836242676
    },
    "erbbands_flatness_db": {
        "dmean": 0.0178936924785,
        "dmean2": 0.025328071788,
        "dvar": 0.000268150150077,
        "dvar2": 0.000500034017023,
        "max": 0.382899880409,
        "mean": 0.15306687355,
        "median": 0.146124124527,
        "min": 0.0432187728584,
        "var": 0.00335074029863
    },
    "erbbands_kurtosis": {
        "dmean": 1.10754513741,
        "dmean2": 1.69996535778,
        "dvar": 2.05141305923,
        "dvar2": 4.62973070145,
        "max": 31.7611923218,
        "mean": 1.26989459991,
        "median": 0.454876899719,
        "min": -1.76841330528,
        "var": 6.87102937698
    },
    "erbbands_skewness": {
        "dmean": 0.365331381559,
        "dmean2": 0.546196699142,
        "dvar": 0.107815533876,
        "dvar2": 0.22714522481,
        "max": 4.26397705078,
        "mean": 0.484372675419,
        "median": 0.491782844067,
        "min": -3.61411738396,
        "var": 0.790062069893
    },
    "erbbands_spread": {
        "dmean": 7.57388782501,
        "dmean2": 11.3503894806,
        "dvar": 63.4507408142,
        "dvar2": 135.781234741,
        "max": 122.309890747,
        "mean": 35.7512130737,
        "median": 32.1082763672,
        "min": 2.27211475372,
        "var": 348.961303711
    },
    "hfc": {
        "dmean": 9.1396894455,
        "dmean2": 13.2056941986,
        "dvar": 150.662567139,
        "dvar2": 302.975616455,
        "max": 196.380767822,
        "mean": 34.4214515686,
        "median": 28.3299407959,
        "min": 1.19020649295e-16,
        "var": 814.898498535
    },
    "melbands_crest": {
        "dmean": 3.81907057762,
        "dmean2": 6.20885181427,
        "dvar": 11.2614088058,
        "dvar2": 29.707775116,
        "max": 37.7626495361,
        "mean": 16.9423923492,
        "median": 16.7333679199,
        "min": 2.90703010559,
        "var": 35.4508666992
    },
    "melbands_flatness_db": {
        "dmean": 0.02528992109,
        "dmean2": 0.0387907736003,
        "dvar": 0.000563105335459,
        "dvar2": 0.00129935320001,
        "max": 0.410769611597,
        "mean": 0.190814778209,
        "median": 0.189567267895,
        "min": 0.00957648456097,
        "var": 0.00386087247171
    },
    "melbands_kurtosis": {
        "dmean": 6.83802652359,
        "dmean2": 10.8532552719,
        "dvar": 200.620117188,
        "dvar2": 507.498718262,
        "max": 330.21270752,
        "mean": 11.7044973373,
        "median": 5.7127122879,
        "min": -1.64739203453,
        "var": 341.504669189
    },
    "melbands_skewness": {
        "dmean": 0.766250729561,
        "dmean2": 1.17051565647,
        "dvar": 0.738646328449,
        "dvar2": 1.67248308659,
        "max": 15.1208744049,
        "mean": 2.43732333183,
        "median": 2.07611680031,
        "min": -1.72091913223,
        "var": 3.04911780357
    },
    "melbands_spread": {
        "dmean": 7.61710500717,
        "dmean2": 11.6916389465,
        "dvar": 94.4375686646,
        "dvar2": 196.991897583,
        "max": 217.692672729,
        "mean": 27.7394390106,
        "median": 24.004858017,
        "min": 1.59394729137,
        "var": 388.78338623
    },
    "pitch_salience": {
        "dmean": 0.074944473803,
        "dmean2": 0.123350948095,
        "dvar": 0.00514648901299,
        "dvar2": 0.0135703468695,
        "max": 0.842016816139,
        "mean": 0.490597426891,
        "median": 0.480022341013,
        "min": 0.093397565186,
        "var": 0.0154814133421
    },
    "silence_rate_20dB": {
        "dmean": 0,
        "dmean2": 0,
        "dvar": 0,
        "dvar2": 0,
        "max": 1,
        "mean": 1,
        "median": 1,
        "min": 1,
        "var": 0
    },
    "silence_rate_30dB": {
        "dmean": 0.0263797286898,
        "dmean2": 0.0527655631304,
        "dvar": 0.0256850346923,
        "dvar2": 0.0678007677197,
        "max": 1,
        "mean": 0.982415556908,
        "median": 1,
        "min": 0,
        "var": 0.0172754433006
    },
    "silence_rate_60dB": {
        "dmean": 0.0108758537099,
        "dmean2": 0.0217542238533,
        "dvar": 0.0107609359547,
        "dvar2": 0.0259093418717,
        "max": 1,
        "mean": 0.0703378096223,
        "median": 0,
        "min": 0,
        "var": 0.0653866305947
    },
    "spectral_centroid": {
        "dmean": 239.539337158,
        "dmean2": 367.081756592,
        "dvar": 78012.890625,
        "dvar2": 154102.265625,
        "max": 11096.140625,
        "mean": 1528.64233398,
        "median": 1484.02929688,
        "min": 253.966720581,
        "var": 408007.125
    },
    "spectral_complexity": {
        "dmean": 3.403216362,
        "dmean2": 5.31867599487,
        "dvar": 12.3729801178,
        "dvar2": 26.8705234528,
        "max": 53,
        "mean": 18.6292228699,
        "median": 18,
        "min": 0,
        "var": 77.1794433594
    },
    "spectral_decrease": {
        "dmean": 3.03122238421e-09,
        "dmean2": 4.68974148404e-09,
        "dvar": 1.73099884711e-17,
        "dvar2": 3.91545678254e-17,
        "max": 3.92756006987e-29,
        "mean": -9.42201339171e-09,
        "median": -8.17838952116e-09,
        "min": -5.67289468734e-08,
        "var": 4.97515356394e-17
    },
    "spectral_energy": {
        "dmean": 0.011890411377,
        "dmean2": 0.0183449517936,
        "dvar": 0.000255602994002,
        "dvar2": 0.000572221295442,
        "max": 0.217184856534,
        "mean": 0.0386829562485,
        "median": 0.0337384194136,
        "min": 1.06472870912e-20,
        "var": 0.000789474986959
    },
    "spectral_energyband_high": {
        "dmean": 0.000693662790582,
        "dmean2": 0.000987792038359,
        "dvar": 1.43222985116e-06,
        "dvar2": 2.67257655651e-06,
        "max": 0.0228486992419,
        "mean": 0.00197196891531,
        "median": 0.00108807696961,
        "min": 7.76615239422e-21,
        "var": 6.12744815953e-06
    },
    "spectral_energyband_low": {
        "dmean": 0.00928983278573,
        "dmean2": 0.0147196073085,
        "dvar": 0.0002490975603,
        "dvar2": 0.000594869721681,
        "max": 0.209215402603,
        "mean": 0.0184689760208,
        "median": 0.0141714252532,
        "min": 1.20369849525e-22,
        "var": 0.000442315620603
    },
    "spectral_energyband_middle_high": {
        "dmean": 0.00328188063577,
        "dmean2": 0.00492495577782,
        "dvar": 2.31944177358e-05,
        "dvar2": 5.12208061991e-05,
        "max": 0.0869459360838,
        "mean": 0.0102205229923,
        "median": 0.0057821450755,
        "min": 1.55777930578e-21,
        "var": 0.000129872001708
    },
    "spectral_energyband_middle_low": {
        "dmean": 0.00459215557203,
        "dmean2": 0.00756959524006,
        "dvar": 5.36025218025e-05,
        "dvar2": 0.000141192198498,
        "max": 0.0696840658784,
        "mean": 0.00929127354175,
        "median": 0.00588992238045,
        "min": 1.95765514532e-22,
        "var": 9.87633611658e-05
    },
    "spectral_entropy": {
        "dmean": 0.130229651928,
        "dmean2": 0.191611766815,
        "dvar": 0.014445528388,
        "dvar2": 0.0295874476433,
        "max": 9.81463050842,
        "mean": 7.79525279999,
        "median": 7.86651468277,
        "min": 5.91446876526,
        "var": 0.205123886466
    },
    "spectral_flux": {
        "dmean": 0.0273261275142,
        "dmean2": 0.0417522825301,
        "dvar": 0.000858370447531,
        "dvar2": 0.00175165350083,
        "max": 0.358141541481,
        "mean": 0.102505102754,
        "median": 0.0951833128929,
        "min": 1.0318568916e-10,
        "var": 0.00324898539111
    },
    "spectral_kurtosis": {
        "dmean": 0.96704095602,
        "dmean2": 1.5963640213,
        "dvar": 1.93632102013,
        "dvar2": 5.49044847488,
        "max": 30.1351928711,
        "mean": 3.24356889725,
        "median": 2.56249952316,
        "min": -1.22806024551,
        "var": 7.47400999069
    },
    "spectral_rms": {
        "dmean": 0.00087235996034,
        "dmean2": 0.00132668926381,
        "dvar": 9.20967806906e-07,
        "dvar2": 1.96327050617e-06,
        "max": 0.0145563613623,
        "mean": 0.00566114159301,
        "median": 0.00573720596731,
        "min": 3.22297960889e-12,
        "var": 5.69096118852e-06
    },
    "spectral_rolloff": {
        "dmean": 581.707275391,
        "dmean2": 945.696228027,
        "dvar": 1075385,
        "dvar2": 2188506.5,
        "max": 18733.8867188,
        "mean": 1706.37854004,
        "median": 1313.52539062,
        "min": 21.533203125,
        "var": 2956340.25
    },
    "spectral_skewness": {
        "dmean": 0.156881809235,
        "dmean2": 0.243010938168,
        "dvar": 0.0237995646894,
        "dvar2": 0.0570171885192,
        "max": 3.95895433426,
        "mean": 1.43355453014,
        "median": 1.38823509216,
        "min": -0.127020329237,
        "var": 0.192376285791
    },
    "spectral_spread": {
        "dmean": 479191.65625,
        "dmean2": 672644.125,
        "dvar": 408259985408,
        "dvar2": 634618183680,
        "max": 41054928,
        "mean": 5596192.5,
        "median": 5542853,
        "min": 1820444.875,
        "var": 3.19077456282e+12
    },
    "spectral_strongpeak": {
        "dmean": 0.729114055634,
        "dmean2": 1.25513660908,
        "dvar": 1.8390879631,
        "dvar2": 4.56967830658,
        "max": 12.5985145569,
        "mean": 1.2390986681,
        "median": 0.439126104116,
        "min": 0,
        "var": 3.24542737007
    },
    "zerocrossingrate": {
        "dmean": 0.011402098462,
        "dmean2": 0.0133149018511,
        "dvar": 0.00021969624504,
        "dvar2": 0.000254891579971,
        "max": 0.8056640625,
        "mean": 0.0715734809637,
        "median": 0.06298828125,
        "min": 0.00537109375,
        "var": 0.00190396711696
    },
    "barkbands": {
        "dmean": [0.000586586946156, 0.00814435537905, 0.00187576073222, 0.00149884750135, 0.00108445028309, 0.000825828174129, 0.000617486657575, 0.000865345762577, 0.00108995079063, 0.00198660977185, 0.000915851909667, 0.000367279775674, 0.000625204876997, 0.000541714369319, 0.000710739172064, 0.000379904464353, 0.000134385074489, 0.000133621841087, 0.000143321158248, 8.62107699504e-05, 0.000114434667921, 0.000207660355954, 0.000191328130313, 0.000139832874993, 9.99225012492e-05, 7.83193172538e-05, 4.10796928918e-05],
        "dmean2": [0.0009360005497, 0.0136543679982, 0.00317466817796, 0.00272919447161, 0.00183863507118, 0.00133907585405, 0.000997202703729, 0.00133622984868, 0.00167542311829, 0.00297026778571, 0.00142178114038, 0.000590352516156, 0.00097818498034, 0.000866269983817, 0.00110713264439, 0.000593258882873, 0.00021974738047, 0.000211792255868, 0.000228374410653, 0.000138718052767, 0.00017758141621, 0.000317225320032, 0.000290555239189, 0.000201766393729, 0.000143961107824, 0.000113671048894, 5.94998491579e-05],
        "dvar": [1.95318989427e-06, 0.000233660612139, 1.96833316295e-05, 1.96263026737e-05, 3.97161011279e-06, 2.56576709035e-06, 3.21429865835e-06, 5.69033454667e-06, 6.21917888566e-06, 1.94241583813e-05, 5.70458496441e-06, 7.09477205874e-07, 2.23347115025e-06, 1.43557485899e-06, 2.71802491625e-06, 9.32651914809e-07, 8.30851973888e-08, 7.02418390119e-08, 5.82816959138e-08, 2.3026499818e-08, 4.82270472446e-08, 1.69570327557e-07, 1.39800079069e-07, 9.20029066265e-08, 3.96886967735e-08, 3.21977751128e-08, 1.37319631222e-08],
        "dvar2": [5.33755428478e-06, 0.000625902088359, 5.21141118952e-05, 5.54928519705e-05, 1.06193583633e-05, 6.28074531051e-06, 7.69074631535e-06, 1.17134477478e-05, 1.36838098115e-05, 4.16202019551e-05, 1.30555863507e-05, 1.51145400196e-06, 4.99969610246e-06, 3.41259169545e-06, 6.16542547505e-06, 2.09140102925e-06, 2.05586275115e-07, 1.67275729268e-07, 1.39896016549e-07, 5.49823262475e-08, 1.07249526593e-07, 3.64200815284e-07, 3.14975608262e-07, 1.7258324192e-07, 7.94326666664e-08, 6.7491264133e-08, 2.87485839578e-08],
        "max": [0.0775645971298, 0.197402000427, 0.0584608577192, 0.0438527651131, 0.0336149893701, 0.0283194892108, 0.0474629215896, 0.0535896793008, 0.0472416654229, 0.0747466236353, 0.0467696152627, 0.0228571407497, 0.0338604487479, 0.0288952961564, 0.0351217985153, 0.0187065023929, 0.0097167622298, 0.00843504723161, 0.00455113500357, 0.00333042978309, 0.00679124193266, 0.0109801879153, 0.00848663784564, 0.00989215169102, 0.0058463444002, 0.00227580755018, 0.00135147629771],
        "mean": [0.000835132901557, 0.0147955771536, 0.00221673049964, 0.00122081849258, 0.00155701267067, 0.00128139019944, 0.000903694250155, 0.00147984898649, 0.00174633855931, 0.00365108344704, 0.00149635458365, 0.000564201211091, 0.00116253725719, 0.000883429427631, 0.00127452344168, 0.000766681390814, 0.000247001327807, 0.000251697580097, 0.000282822875306, 0.00017522140115, 0.000263325870037, 0.000478748814203, 0.000455367262475, 0.000305200141156, 0.000208814832149, 0.00013511753059, 4.42861346528e-05],
        "median": [0.000288654060569, 0.0104041425511, 0.000667341344524, 0.000334122334607, 0.000712748849764, 0.000500330235809, 0.000312140851747, 0.000289919582428, 0.000378316326533, 0.000485756347189, 0.000230674719205, 0.000250143522862, 0.000356602453394, 0.000282128923573, 0.000361448095646, 0.000189070211491, 0.000113870686619, 0.000137083319714, 0.000158571870998, 0.000110151362605, 0.000152488413732, 0.000240409455728, 0.000205768592423, 0.000118412659504, 7.16182912583e-05, 3.2264048059e-05, 9.06982052129e-07],
        "min": [8.83689716865e-24, 1.79568108088e-23, 6.26019756435e-23, 6.83384711721e-23, 2.06133283062e-23, 2.05978145676e-23, 2.92398173387e-23, 3.09398883201e-23, 2.22154101414e-23, 7.96674793368e-23, 4.66977351562e-23, 6.80522850575e-23, 7.45470463099e-23, 1.31447892637e-22, 1.93520896023e-22, 9.39270805209e-23, 7.23684396816e-23, 2.53090383062e-22, 4.26302099256e-22, 4.01158161333e-22, 3.4985599969e-22, 5.45860898796e-22, 6.59276226312e-22, 8.30779029971e-22, 1.16646734024e-21, 1.71840673416e-21, 2.45511547696e-21],
        "var": [2.91987407763e-06, 0.000330349255819, 1.98798461497e-05, 1.21802222566e-05, 5.13851546202e-06, 4.75726938021e-06, 5.22259233549e-06, 1.93384621525e-05, 1.5362034901e-05, 6.14324089838e-05, 1.39889098136e-05, 1.35615005092e-06, 6.76894660501e-06, 3.83963379136e-06, 8.31381385069e-06, 3.03788601741e-06, 1.88069748219e-07, 1.45571931398e-07, 1.33477200848e-07, 5.1892257602e-08, 1.3442810598e-07, 4.9679363201e-07, 4.522592576e-07, 3.19920587799e-07, 1.15744953177e-07, 6.03597030135e-08, 1.69134430905e-08]
    },
    "erbbands": {
        "dmean": [0.276278197765, 1.72922599316, 2.0912694931, 4.17367696762, 4.04729270935, 3.18950676918, 7.27354574203, 5.39651918411, 7.4419965744, 10.0855464935, 22.8606758118, 22.9064292908, 46.0866661072, 59.0844841003, 19.4051609039, 15.4483013153, 26.8043632507, 28.0697822571, 28.9698104858, 31.010055542, 13.4925804138, 6.54527425766, 7.61075162888, 5.52167510986, 7.42723941803, 3.67015814781, 3.86817145348, 5.48166370392, 7.30078601837, 7.47916793823, 5.02411222458, 3.04513001442, 2.39242219925, 1.37222611904, 0.610331892967, 0.352732807398, 0.136768043041, 0.0413323268294, 0.00841974373907, 0.000297310674796],
        "dmean2": [0.458841085434, 2.92311286926, 3.42724967003, 7.53164386749, 7.17629766464, 5.31438398361, 12.0410928726, 8.63836097717, 12.089348793, 15.6335048676, 35.3782310486, 35.1172866821, 68.7681503296, 90.7376480103, 29.830745697, 24.4080715179, 41.6293678284, 43.7810249329, 45.6840324402, 46.090549469, 21.0310325623, 10.5888900757, 11.9892940521, 8.71864509583, 11.8448152542, 5.88909482956, 6.10094881058, 8.50052928925, 11.0932846069, 11.3491353989, 7.61853742599, 4.50274324417, 3.48297095299, 1.98712074757, 0.888572394848, 0.514623522758, 0.199731037021, 0.0599743574858, 0.0122236944735, 0.000439918570919],
        "dvar": [0.207998767495, 13.1851234436, 18.9025096893, 154.574203491, 95.7029037476, 34.3648338318, 177.410202026, 177.952072144, 474.67364502, 1086.33093262, 3595.32885742, 3158.79101562, 13380.7128906, 18925.5429688, 1972.51599121, 1290.2088623, 4373.4609375, 3178.60449219, 3834.79980469, 5911.23974609, 1250.65258789, 190.992630005, 260.735656738, 89.7029800415, 172.660751343, 45.3087997437, 58.9035873413, 115.415992737, 231.354690552, 204.229705811, 106.393959045, 39.9451179504, 30.7199859619, 8.31191730499, 1.39605998993, 0.578771293163, 0.104777127504, 0.0111933136359, 0.000603115768172, 8.03805619398e-07],
        "dvar2": [0.577353715897, 35.4435119629, 46.1645584106, 434.716766357, 267.317352295, 87.6706619263, 450.669891357, 430.51550293, 1100.16113281, 2372.6574707, 7326.68017578, 7215.03369141, 28726.7871094, 44626.5820312, 4506.90478516, 2679.02124023, 9864.51074219, 7341.93505859, 9038.96972656, 12051.3339844, 2995.60351562, 456.52835083, 628.569335938, 206.011611938, 419.07434082, 108.201843262, 136.78805542, 257.548461914, 506.099731445, 454.15914917, 238.833007812, 81.7746505737, 62.3724250793, 17.151927948, 2.80332255363, 1.1938918829, 0.227071449161, 0.0239854156971, 0.00126349623315, 1.71973385932e-06],
        "max": [5.15173721313, 48.9677429199, 60.801525116, 121.978752136, 126.928588867, 99.8583145142, 274.874511719, 310.151184082, 610.243713379, 1001.97735596, 1510.54797363, 1326.33789062, 2726.67626953, 2787.99975586, 1174.46728516, 1168.32507324, 1817.29040527, 1447.52331543, 1589.69885254, 2222.69775391, 1257.2364502, 462.541168213, 595.87701416, 263.96472168, 245.26713562, 171.471923828, 172.109359741, 297.384796143, 500.424499512, 264.078430176, 292.793182373, 195.288269043, 219.560272217, 98.9368438721, 20.1948318481, 8.81409835815, 4.16082525253, 1.46994531155, 0.326706111431, 0.0107428384945],
        "mean": [0.483686298132, 3.04200363159, 3.23568844795, 3.64901471138, 4.26911020279, 4.84315872192, 11.2924995422, 8.05311393738, 11.1124792099, 15.3501005173, 42.4692230225, 40.0647010803, 87.5953140259, 113.439888, 36.9748916626, 27.1376533508, 52.2407684326, 50.9698677063, 55.5364456177, 63.194694519, 32.975189209, 14.2476930618, 15.3442611694, 11.4323911667, 14.7833976746, 8.06782150269, 8.68360137939, 12.561870575, 16.8418712616, 17.125535965, 11.8768510818, 6.6036939621, 5.12728738785, 2.90197277069, 1.19142878056, 0.635367572308, 0.226480260491, 0.0555385164917, 0.00878649950027, 0.000332080904627],
        "median": [0.299014747143, 1.7973870039, 1.32624650002, 1.23109698296, 1.57869052887, 2.08439254761, 4.4675951004, 2.85027122498, 4.20462417603, 5.38409233093, 9.52589988708, 10.3003025055, 12.4712715149, 20.2030410767, 10.6598625183, 13.9766101837, 18.1983184814, 21.1886482239, 22.1225090027, 16.5415897369, 9.95866775513, 7.20488643646, 8.43130779266, 6.55570220947, 8.88500785828, 5.30034351349, 5.25552463531, 6.97974491119, 8.42530441284, 7.36629390717, 5.37563848495, 2.87096881866, 1.92763221264, 1.02579402924, 0.378756821156, 0.171415910125, 0.0510483272374, 0.00581436185166, 0.000194544627448, 5.88262992096e-05],
        "min": [3.8056230314e-22, 5.40478156265e-21, 5.67140231126e-20, 1.70304817123e-19, 1.44481634267e-19, 5.82524950414e-20, 6.18317184766e-20, 2.0844496487e-19, 3.36956261824e-19, 6.3527688179e-19, 5.67298817159e-19, 6.9747677965e-19, 9.19769523456e-19, 3.37084350742e-18, 2.10156753109e-18, 3.41722538552e-18, 3.79822270771e-18, 6.60191665238e-18, 5.29260678876e-18, 1.08466506276e-17, 5.1310852985e-18, 5.51119960539e-18, 1.17603758389e-17, 1.36292415404e-17, 2.60377679832e-17, 2.00192845643e-17, 1.56855893822e-17, 1.36631749707e-17, 1.9074260493e-17, 1.82323047803e-17, 1.81459322351e-17, 1.98459654106e-17, 1.33865649467e-17, 1.27908054813e-17, 8.57766194729e-18, 7.14170370085e-18, 2.76900591888e-18, 1.18410056827e-18, 3.51925439177e-19, 3.68598304861e-20],
        "var": [0.338095247746, 17.102016449, 26.7065086365, 99.2813339233, 73.725692749, 56.6147346497, 355.443878174, 289.889984131, 684.575805664, 2198.35742188, 13551.3398438, 7739.46679688, 46676.2890625, 58566.0976562, 5760.17089844, 2721.97875977, 12635.2226562, 9459.86621094, 10272.4238281, 21662.9199219, 5320.98144531, 531.457458496, 561.312194824, 217.354125977, 351.399047852, 101.656524658, 148.867950439, 318.839660645, 638.4296875, 655.985229492, 321.588378906, 125.982345581, 96.7830200195, 24.3356533051, 3.76138663292, 1.24450302124, 0.177905142307, 0.0156952533871, 0.000726693717297, 9.18157695651e-07]
    },
    "gfcc": {
        "mean": [18.3657493591, 67.0652084351, -116.230857849, 27.1158103943, -57.5405387878, 32.5140571594, -29.4514160156, 11.4081020355, -15.3957929611, 6.43669176102, -15.8478822708, 2.02038502693, -8.29097747803],
        "cov": [[8387.8125, -1921.38427734, 1593.72827148, 341.783111572, 539.708007812, 796.679138184, 234.303787231, 234.763137817, 113.124580383, 379.368408203, -96.8579330444, 534.019836426, -199.259109497], [-1921.38427734, 1912.125, 32.1640930176, 192.004882812, 82.5495758057, -246.865585327, -29.2365703583, -113.926643372, 70.6112976074, -86.5722885132, 165.585586548, -199.125732422, 98.4156112671], [1593.72827148, 32.1640930176, 1516.29382324, 395.899108887, 444.308197021, 211.242050171, 69.4526519775, 65.6964111328, 31.4241657257, 193.089492798, 29.1715888977, 175.152694702, -86.105682373], [341.783111572, 192.004882812, 395.899108887, 459.556365967, 195.987945557, 145.273239136, -6.18339347839, 18.5356254578, 71.4956359863, 80.3293151855, 32.2037467957, 64.2328872681, 24.6092185974], [539.708007812, 82.5495758057, 444.308197021, 195.987945557, 400.016357422, 111.971633911, 15.4914360046, 41.4865150452, 73.8890609741, 87.6666183472, 15.8363342285, 83.1585540771, 32.8748435974], [796.679138184, -246.865585327, 211.242050171, 145.273239136, 111.971633911, 346.600463867, 171.084487915, 74.3536529541, 16.1453895569, 61.392414093, -3.13061141968, 107.548652649, -8.4001789093], [234.303787231, -29.2365703583, 69.4526519775, -6.18339347839, 15.4914360046, 171.084487915, 288.033782959, 64.5546340942, 2.08487486839, -20.2725791931, 8.82679653168, 19.8121414185, -28.3894538879], [234.763137817, -113.926643372, 65.6964111328, 18.5356254578, 41.4865150452, 74.3536529541, 64.5546340942, 133.293899536, 51.8268814087, 41.516544342, -12.3421163559, 26.354227066, -9.07740402222], [113.124580383, 70.6112976074, 31.4241657257, 71.4956359863, 73.8890609741, 16.1453895569, 2.08487486839, 51.8268814087, 143.510360718, 59.0350532532, 24.1993503571, 12.6399517059, 22.4839134216], [379.368408203, -86.5722885132, 193.089492798, 80.3293151855, 87.6666183472, 61.392414093, -20.2725791931, 41.516544342, 59.0350532532, 158.770187378, 35.2660522461, 76.3620986938, -4.00474119186], [-96.8579330444, 165.585586548, 29.1715888977, 32.2037467957, 15.8363342285, -3.13061141968, 8.82679653168, -12.3421163559, 24.1993503571, 35.2660522461, 103.532897949, 26.9490528107, 19.4175357819], [534.019836426, -199.125732422, 175.152694702, 64.2328872681, 83.1585540771, 107.548652649, 19.8121414185, 26.354227066, 12.6399517059, 76.3620986938, 26.9490528107, 171.74407959, 35.1513061523], [-199.259109497, 98.4156112671, -86.105682373, 24.6092185974, 32.8748435974, -8.4001789093, -28.3894538879, -9.07740402222, 22.4839134216, -4.00474119186, 19.4175357819, 35.1513061523, 128.904006958]],
        "icov": [[0.000245745148277, 0.000187698635273, -0.000197038374608, 7.75224907557e-05, -4.40691983385e-05, -0.000304645014694, 6.50717847748e-05, 0.000140970470966, -0.000324549822835, 6.56438278384e-05, 4.62146017526e-05, -0.000250322016655, 0.000225742376642], [0.000187698635273, 0.00123687530868, -0.000295584701234, -0.000527529395185, -0.000287808681605, 0.000551985285711, -0.000472630985314, 0.00050696299877, -0.000432967295637, 0.000464102107799, -0.0016654265346, 0.00135779252741, -0.00073938962305], [-0.000197038374608, -0.000295584701234, 0.00164192728698, -0.00083970639389, -0.00119305006228, 0.000654531060718, -0.000436835864093, -0.000276140868664, 0.00119386683218, -0.000912246236112, 0.000288105278742, -0.000835186976474, 0.00135721999686], [7.75224907557e-05, -0.000527529395185, -0.00083970639389, 0.00420819409192, -0.00024540926097, -0.00259418645874, 0.00160663493443, 0.00052401132416, -0.00155176094268, 0.000183022362762, 8.69166542543e-05, -1.39735111588e-05, -0.0002903653658], [-4.40691983385e-05, -0.000287808681605, -0.00119305006228, -0.00024540926097, 0.00478550046682, -0.000792285834905, 0.000344021391356, -2.81269713014e-05, -0.00158077955712, -0.000247083982686, 0.000878143880982, -0.000334840355208, -0.00156970112585], [-0.000304645014694, 0.000551985285711, 0.000654531060718, -0.00259418645874, -0.000792285834905, 0.0079941060394, -0.00448560575023, -0.000820147513878, 0.00166317471303, -0.00147169071715, 0.000686219660565, -0.00160682888236, -0.000283536675852], [6.50717847748e-05, -0.000472630985314, -0.000436835864093, 0.00160663493443, 0.000344021391356, -0.00448560575023, 0.00708748260513, -0.00233619008213, -0.000614863354713, 0.0030332969036, -0.00176766118966, -2.56279217865e-05, 0.00135401985608], [0.000140970470966, 0.00050696299877, -0.000276140868664, 0.00052401132416, -2.81269713014e-05, -0.000820147513878, -0.00233619008213, 0.0119022130966, -0.00433854479343, -0.0020041638054, 0.00250509753823, -6.45843510938e-06, 0.000142606906593], [-0.000324549822835, -0.000432967295637, 0.00119386683218, -0.00155176094268, -0.00158077955712, 0.00166317471303, -0.000614863354713, -0.00433854479343, 0.0120508829132, -0.00388024793938, -0.00128909782507, 0.00167661358137, -0.00149232288823], [6.56438278384e-05, 0.000464102107799, -0.000912246236112, 0.000183022362762, -0.000247083982686, -0.00147169071715, 0.0030332969036, -0.0020041638054, -0.00388024793938, 0.0128954621032, -0.00407470390201, -0.00304771820083, 0.00211918284185], [4.62146017526e-05, -0.0016654265346, 0.000288105278742, 8.69166542543e-05, 0.000878143880982, 0.000686219660565, -0.00176766118966, 0.00250509753823, -0.00128909782507, -0.00407470390201, 0.015307052061, -0.00392979755998, -9.21847640711e-06], [-0.000250322016655, 0.00135779252741, -0.000835186976474, -1.39735111588e-05, -0.000334840355208, -0.00160682888236, -2.56279217865e-05, -6.45843510938e-06, 0.00167661358137, -0.00304771820083, -0.00392979755998, 0.0131553933024, -0.00538678234443], [0.000225742376642, -0.00073938962305, 0.00135721999686, -0.0002903653658, -0.00156970112585, -0.000283536675852, 0.00135401985608, 0.000142606906593, -0.00149232288823, 0.00211918284185, -9.21847640711e-06, -0.00538678234443, 0.0121197672561]]
    },
    "melbands": {
        "dmean": [0.00235292920843, 0.00143135001417, 0.000696564093232, 0.000251050980296, 0.000215319232666, 0.000127879611682, 0.000119409713079, 0.000117574854812, 0.000197711153305, 0.000149825995322, 0.000241426518187, 0.000253971084021, 8.82744134287e-05, 4.12771769334e-05, 4.83350704599e-05, 6.67708518449e-05, 5.63020585105e-05, 4.847341188e-05, 5.52089586563e-05, 3.41481645592e-05, 1.5930580048e-05, 7.03553905623e-06, 8.85841654963e-06, 5.82211487199e-06, 4.77058483739e-06, 6.73806425766e-06, 4.31260104961e-06, 2.39038672589e-06, 2.44355783252e-06, 2.93675543617e-06, 3.7792801777e-06, 4.53873235529e-06, 4.38681081505e-06, 4.62241177956e-06, 3.33315460921e-06, 2.19435605686e-06, 1.9850008357e-06, 1.87176658528e-06, 1.39278608913e-06, 1.2015914308e-06],
        "dmean2": [0.00392205407843, 0.00232635112479, 0.00124832172878, 0.000429707113653, 0.00035665082396, 0.000204839496291, 0.000193899701117, 0.000180691058631, 0.000306426925818, 0.000228255230468, 0.000360215286491, 0.000386313389754, 0.000134697067551, 6.58084827592e-05, 7.51770785428e-05, 0.000104218044726, 8.87841524673e-05, 7.73288193159e-05, 8.39198837639e-05, 5.07777294843e-05, 2.48950709647e-05, 1.14842932817e-05, 1.41263581099e-05, 9.31737940846e-06, 7.62552690503e-06, 1.08974363684e-05, 6.98176609149e-06, 3.89931437894e-06, 3.91573348679e-06, 4.66798155685e-06, 5.97308098804e-06, 6.99794327375e-06, 6.85051873006e-06, 7.12641940481e-06, 5.17038415637e-06, 3.40340648108e-06, 2.95973677567e-06, 2.77197250398e-06, 2.05380797524e-06, 1.78692971531e-06],
        "dvar": [1.70682033058e-05, 8.58557359606e-06, 3.93483560401e-06, 2.61153871861e-07, 1.44063037055e-07, 8.26602715165e-08, 1.12319007428e-07, 1.33393839974e-07, 2.51252970429e-07, 1.37204494877e-07, 3.62544483323e-07, 3.38445147463e-07, 4.44334169458e-08, 8.65884342005e-09, 1.45217207148e-08, 2.82782011141e-08, 1.4805340065e-08, 1.10677031984e-08, 2.08922372735e-08, 7.03999658569e-09, 1.91089322144e-09, 2.29018304321e-10, 3.73688635591e-10, 1.33463351482e-10, 7.55728396529e-11, 1.5622020344e-10, 6.64071853063e-11, 2.16526952618e-11, 2.38083927573e-11, 3.72875445798e-11, 5.43195904923e-11, 9.30598514914e-11, 8.03200769783e-11, 7.75637470918e-11, 4.79395412256e-11, 1.99593761657e-11, 1.85560126292e-11, 2.12002481542e-11, 1.01045187842e-11, 6.08475075881e-12],
        "dvar2": [4.59384791611e-05, 2.13195726246e-05, 1.10033233796e-05, 6.98973394719e-07, 3.68575797438e-07, 1.9816249619e-07, 2.63510997911e-07, 2.80579314449e-07, 5.27134716322e-07, 3.06392564653e-07, 7.76323076934e-07, 7.82850690939e-07, 1.00000413283e-07, 1.8982134975e-08, 3.22091153748e-08, 6.2280676616e-08, 3.42982637846e-08, 2.59397676672e-08, 4.57490045846e-08, 1.38286893048e-08, 4.568108114e-09, 5.32857424851e-10, 9.08466413208e-10, 3.23111953859e-10, 1.74378678164e-10, 3.82361198259e-10, 1.58989044152e-10, 5.33845745387e-11, 5.70149621959e-11, 8.84728748596e-11, 1.25077170843e-10, 2.08903783161e-10, 1.85338716596e-10, 1.81681128475e-10, 1.10723007152e-10, 4.52207229995e-11, 3.84280177124e-11, 4.64950473955e-11, 2.03550613864e-11, 1.31486661836e-11],
        "max": [0.0494278594851, 0.0375506021082, 0.018262360245, 0.00905858445913, 0.00773494364694, 0.00688407151029, 0.00804323889315, 0.0116433603689, 0.0125247929245, 0.00884638540447, 0.0138326995075, 0.0108281215653, 0.00439654756337, 0.00297374650836, 0.00377249182202, 0.00419817399234, 0.00304046785459, 0.00211750320159, 0.00363256363198, 0.00193097640295, 0.00167887075804, 0.000379539385904, 0.000604408269282, 0.000360891659511, 0.000254806829616, 0.000247955846135, 0.000184873249964, 0.00011473797349, 0.000130830216222, 0.00022174519836, 0.000154059307533, 0.000282883615, 0.000193236832274, 0.00017646708875, 0.000203544579563, 0.000120455479191, 0.000126684550196, 0.000187407509657, 0.000124781159684, 7.61724222684e-05],
        "mean": [0.00430342415348, 0.00256504071876, 0.000646788685117, 0.000324335618643, 0.000345673208358, 0.000194003761862, 0.000178922549821, 0.000178350470378, 0.000360508769518, 0.000247284595389, 0.000443935306976, 0.000474128319183, 0.000154142704559, 6.50916335871e-05, 7.94149018475e-05, 0.00012502358004, 9.10728267627e-05, 8.16229876364e-05, 9.82559067779e-05, 6.82039317326e-05, 3.130875848e-05, 1.28708607008e-05, 1.68053284142e-05, 1.06444367702e-05, 8.65940910444e-06, 1.20904924188e-05, 8.0622103269e-06, 4.68396638098e-06, 4.97673136124e-06, 5.98278484176e-06, 7.81673861638e-06, 9.57934480539e-06, 9.31200975174e-06, 9.71691224549e-06, 7.29559678803e-06, 4.70593158752e-06, 3.8282537389e-06, 3.7513582356e-06, 2.91496780847e-06, 2.32594743466e-06],
        "median": [0.00305138528347, 0.00141985458322, 0.000236539519392, 0.000125585356727, 0.000151337182615, 7.01399694663e-05, 6.70369772706e-05, 5.50087788724e-05, 7.57698871894e-05, 5.30317483936e-05, 5.1110448112e-05, 7.81363705755e-05, 3.0385233913e-05, 2.79287014564e-05, 3.24509419443e-05, 3.85259263567e-05, 3.06093170366e-05, 2.78676379821e-05, 2.56473085756e-05, 1.5212361177e-05, 9.62169451668e-06, 6.15728049524e-06, 7.47368630982e-06, 5.81479525863e-06, 4.3384707169e-06, 6.54878658679e-06, 4.90860475111e-06, 2.82572682408e-06, 2.81878783426e-06, 3.32908848577e-06, 3.96872064812e-06, 4.73603995488e-06, 3.96791529056e-06, 3.83343103749e-06, 3.17009335049e-06, 2.12435043068e-06, 1.45904948567e-06, 1.3908083929e-06, 1.04674427348e-06, 7.71309828451e-07],
        "min": [4.15490751083e-24, 2.19619428216e-23, 3.00282554145e-23, 6.32259590975e-24, 2.23815596308e-24, 4.84650423302e-24, 5.44590362578e-24, 7.44260366248e-24, 3.95828314135e-24, 4.07301704355e-24, 4.4134136796e-24, 1.40303992258e-23, 5.40956948134e-24, 9.69878608332e-24, 7.64985556608e-24, 9.08784959982e-24, 1.24616783183e-23, 7.17985854964e-24, 1.55601377828e-23, 1.03558385865e-23, 4.72942149747e-24, 4.73979265179e-24, 9.86050887977e-24, 1.0653901002e-23, 9.66250163712e-24, 2.09518521864e-23, 1.16708918036e-23, 1.48673522472e-23, 9.4871134032e-24, 9.23656644654e-24, 7.00059621981e-24, 1.07077573249e-23, 1.14843593316e-23, 9.30856972566e-24, 8.58556450653e-24, 1.46127237242e-23, 1.12035871694e-23, 1.02801150393e-23, 7.51566480408e-24, 1.23825216485e-23],
        "var": [2.61118002527e-05, 1.23755407913e-05, 2.60063279711e-06, 2.96577724157e-07, 2.90310197215e-07, 1.43006914755e-07, 1.71180872144e-07, 2.94069479878e-07, 9.3409261126e-07, 3.47997854533e-07, 1.24633231735e-06, 1.04044988802e-06, 1.24535930013e-07, 1.72487784056e-08, 2.80724350432e-08, 8.86296831482e-08, 4.31901376885e-08, 2.47123530528e-08, 6.28232754707e-08, 2.51117420191e-08, 6.21966966818e-09, 5.08048492165e-10, 9.49869849443e-10, 2.54258419874e-10, 1.61086755046e-10, 2.94855501126e-10, 1.21307547341e-10, 4.5480109262e-11, 5.59723344062e-11, 8.0621800902e-11, 1.37657760191e-10, 2.25824414724e-10, 2.14646078689e-10, 2.25668581044e-10, 1.30607427651e-10, 5.36266898943e-11, 5.34146338271e-11, 5.78875072876e-11, 3.12002264302e-11, 1.51828532385e-11]
    },
    "mfcc": {
        "mean": [-624.917602539, 99.1965866089, 3.20468449593, 5.67712783813, 2.74335503578, 16.7585029602, 1.57089209557, 8.997174263, 5.39028358459, 8.79714298248, 4.53084468842, -3.18122529984, 0.0376848913729],
        "cov": [[6709.55908203, -1453.11816406, 740.739074707, 1.02911412716, 334.904266357, 609.288024902, 176.180236816, 384.93536377, 140.206039429, 122.823554993, 247.693618774, -47.5322227478, 129.110565186], [-1453.11816406, 1413.0111084, 121.737792969, 273.570281982, 115.417228699, -88.9749450684, -2.50863242149, -114.261138916, -64.395614624, 7.41703748703, -8.10665035248, 69.3552322388, -2.00202059746], [740.739074707, 121.737792969, 880.653137207, 320.723693848, 296.947937012, 242.756164551, 146.603500366, 65.08543396, 14.5478429794, 28.1883487701, 109.01764679, 75.0736618042, 61.1927642822], [1.02911412716, 273.570281982, 320.723693848, 370.000305176, 261.466339111, 105.714897156, 9.77299118042, -11.7557649612, 22.8553657532, 17.3977622986, 25.2335643768, 48.0601425171, 59.3715209961], [334.904266357, 115.417228699, 296.947937012, 261.466339111, 435.868041992, 134.327362061, 2.71106100082, -17.5535411835, 56.7643737793, 38.0993003845, -4.4625711441, 46.8679962158, 93.3850479126], [609.288024902, -88.9749450684, 242.756164551, 105.714897156, 134.327362061, 287.664916992, 122.788108826, 107.134407043, 50.6158752441, 25.3529338837, 59.7900886536, 10.720911026, 44.5546455383], [176.180236816, -2.50863242149, 146.603500366, 9.77299118042, 2.71106100082, 122.788108826, 203.818511963, 105.998687744, 28.9749698639, 18.9934577942, 36.4759674072, 5.58941078186, -1.30569648743], [384.93536377, -114.261138916, 65.08543396, -11.7557649612, -17.5535411835, 107.134407043, 105.998687744, 188.45425415, 55.5039787292, 39.8715629578, 46.1382026672, -26.6748085022, 7.58817815781], [140.206039429, -64.395614624, 14.5478429794, 22.8553657532, 56.7643737793, 50.6158752441, 28.9749698639, 55.5039787292, 128.407409668, 46.760925293, 7.36244535446, -0.198067992926, 15.0862979889], [122.823554993, 7.41703748703, 28.1883487701, 17.3977622986, 38.0993003845, 25.3529338837, 18.9934577942, 39.8715629578, 46.760925293, 120.063446045, 52.1673698425, -7.10913944244, 4.55588531494], [247.693618774, -8.10665035248, 109.01764679, 25.2335643768, -4.4625711441, 59.7900886536, 36.4759674072, 46.1382026672, 7.36244535446, 52.1673698425, 142.79083252, 37.6420478821, 2.50630688667], [-47.5322227478, 69.3552322388, 75.0736618042, 48.0601425171, 46.8679962158, 10.720911026, 5.58941078186, -26.6748085022, -0.198067992926, -7.10913944244, 37.6420478821, 107.766479492, 39.7404060364], [129.110565186, -2.00202059746, 61.1927642822, 59.3715209961, 93.3850479126, 44.5546455383, -1.30569648743, 7.58817815781, 15.0862979889, 4.55588531494, 2.50630688667, 39.7404060364, 101.497207642]],
