{
"lowlevel": {
    "average_loudness": 0.880688905716,
    "barkbands_crest": {
        "dmean": 2.56859350204,
        "dmean2": 4.04962873459,
        "dvar": 5.33443498611,
        "dvar2": 12.7726888657,
        "max": 25.4292201996,
        "mean": 9.47178649902,
        "median": 8.6341381073,
        "min": 2.25042915344,
        "var": 16.0432300568
    },
    "barkbands_flatness_db": {
        "dmean": 0.0176521204412,
        "dmean2": 0.0265514366329,
        "dvar": 0.000255087623373,
        "dvar2": 0.000572717981413,
        "max": 0.317631185055,
        "mean": 0.104943454266,
        "median": 0.0982704237103,
        "min": 0.022450344637,
        "var": 0.00176459655631
    },
    "barkbands_kurtosis": {
        "dmean": 1.31153571606,
        "dmean2": 2.07348155975,
        "dvar": 4.67616796494,
        "dvar2": 10.7202196121,
        "max": 43.5963630676,
        "mean": 1.31462693214,
        "median": 0.230550289154,
        "min": -1.9107336998,
        "var": 13.2142810822
    },
    "barkbands_skewness": {
        "dmean": 0.400743573904,
        "dmean2": 0.607031226158,
        "dvar": 0.157604441047,
        "dvar2": 0.344703525305,
        "max": 5.60832023621,
        "mean": 0.890690505505,
        "median": 0.777346074581,
        "min": -2.80523204803,
        "var": 0.842634677887
    },
    "barkbands_spread": {
        "dmean": 5.90834856033,
        "dmean2": 8.92424106598,
        "dvar": 40.9140205383,
        "dvar2": 81.131942749,
        "max": 111.10974884,
        "mean": 30.5181427002,
        "median": 29.1730632782,
        "min": 1.77788579464,
        "var": 260.313995361
    },
    "dissonance": {
        "dmean": 0.0175368431956,
        "dmean2": 0.0299240574241,
        "dvar": 0.000289207702735,
        "dvar2": 0.000787289987784,
        "max": 0.5,
        "mean": 0.470727294683,
        "median": 0.477378070354,
        "min": 0.204006135464,
        "var": 0.000613971613348
    },
    "dynamic_complexity": 3.44206953049,
    "erbbands_crest": {
        "dmean": 2.94734406471,
        "dmean2": 4.77848815918,
        "dvar": 7.14616107941,
        "dvar2": 17.6756973267,
        "max": 27.995885849,
        "mean": 9.89657115936,
        "median": 9.0605134964,
        "min": 2.41691994667,
        "var": 21.8082199097
    },
    "erbbands_flatness_db": {
        "dmean": 0.0154414381832,
        "dmean2": 0.023063197732,
        "dvar": 0.000203263087315,
        "dvar2": 0.000421011500293,
        "max": 0.346589744091,
        "mean": 0.152407541871,
        "median": 0.145026773214,
        "min": 0.0516861304641,
        "var": 0.00223199022003
    },
    "erbbands_kurtosis": {
        "dmean": 0.901657819748,
        "dmean2": 1.41923356056,
        "dvar": 1.276668787,
        "dvar2": 2.85368776321,
        "max": 25.4511547089,
        "mean": 0.807976424694,
        "median": 0.221188545227,
        "min": -1.73138463497,
        "var": 4.07255315781
    },
    "erbbands_skewness": {
        "dmean": 0.339646995068,
        "dmean2": 0.514710068703,
        "dvar": 0.08972158283,
        "dvar2": 0.194140762091,
        "max": 4.35569524765,
        "mean": 0.370908051729,
        "median": 0.393646299839,
        "min": -3.83311629295,
        "var": 0.615955710411
    },
    "erbbands_spread": {
        "dmean": 6.67207050323,
        "dmean2": 10.062787056,
        "dvar": 46.0529899597,
        "dvar2": 95.3427581787,
        "max": 135.443908691,
        "mean": 35.2904777527,
        "median": 32.1588516235,
        "min": 3.73489832878,
        "var": 320.985717773
    },
    "hfc": {
        "dmean": 7.23041439056,
        "dmean2": 10.5933523178,
        "dvar": 79.9736328125,
        "dvar2": 172.483963013,
        "max": 148.996154785,
        "mean": 31.5990886688,
        "median": 28.2429046631,
        "min": 1.11866079627e-16,
        "var": 557.815917969
    },
    "melbands_crest": {
        "dmean": 3.37834310532,
        "dmean2": 5.40652227402,
        "dvar": 9.06198978424,
        "dvar2": 22.4061813354,
        "max": 36.954624176,
        "mean": 13.7967681885,
        "median": 12.6682071686,
        "min": 1.94162046909,
        "var": 30.9677448273
    },
    "melbands_flatness_db": {
        "dmean": 0.0214482098818,
        "dmean2": 0.0320378951728,
        "dvar": 0.000393985741539,
        "dvar2": 0.000852613709867,
        "max": 0.348390311003,
        "mean": 0.147435516119,
        "median": 0.14084084332,
        "min": 0.00880951620638,
        "var": 0.00244057667442
    },
    "melbands_kurtosis": {
        "dmean": 3.50558710098,
        "dmean2": 5.47620773315,
        "dvar": 33.5160064697,
        "dvar2": 78.3670959473,
        "max": 123.336662292,
        "mean": 6.54194164276,
        "median": 3.50445461273,
        "min": -1.89055585861,
        "var": 93.4284133911
    },
    "melbands_skewness": {
        "dmean": 0.550563693047,
        "dmean2": 0.835367262363,
        "dvar": 0.315878599882,
        "dvar2": 0.716920018196,
        "max": 10.3101301193,
        "mean": 1.84701550007,
        "median": 1.63406014442,
        "min": -1.39541852474,
        "var": 1.70720303059
    },
    "melbands_spread": {
        "dmean": 8.71469306946,
        "dmean2": 13.1114559174,
        "dvar": 123.451507568,
        "dvar2": 229.899032593,
        "max": 257.718811035,
        "mean": 36.5190124512,
        "median": 31.8704090118,
        "min": 2.51531624794,
        "var": 567.304504395
    },
    "pitch_salience": {
        "dmean": 0.0649616867304,
        "dmean2": 0.103074207902,
        "dvar": 0.0032973473426,
        "dvar2": 0.00805399660021,
        "max": 0.954371571541,
        "mean": 0.549668192863,
        "median": 0.550022661686,
        "min": 0.131013795733,
        "var": 0.0121248932555
    },
    "silence_rate_20dB": {
        "dmean": 0,
        "dmean2": 0,
        "dvar": 0,
        "dvar2": 0,
        "max": 1,
        "mean": 1,
        "median": 1,
        "min": 1,
        "var": 0
    },
    "silence_rate_30dB": {
        "dmean": 0.000724287761841,
        "dmean2": 0.00144875049591,
        "dvar": 0.000723759585526,
        "dvar2": 0.00217101280577,
        "max": 1,
        "mean": 0.999637901783,
        "median": 1,
        "min": 0,
        "var": 0.000361972255632
    },
    "silence_rate_60dB": {
        "dmean": 0.0144857559353,
        "dmean2": 0.0289750099182,
        "dvar": 0.0142786838114,
        "dvar2": 0.0320012122393,
        "max": 1,
        "mean": 0.09873265028,
        "median": 0,
        "min": 0,
        "var": 0.0889990031719
    },
    "spectral_centroid": {
        "dmean": 234.032348633,
        "dmean2": 360.337219238,
        "dvar": 66152.8125,
        "dvar2": 122883.96875,
        "max": 10946.6757812,
        "mean": 1791.54125977,
        "median": 1815.61523438,
        "min": 311.885009766,
        "var": 405690.40625
    },
    "spectral_complexity": {
        "dmean": 3.77571225166,
        "dmean2": 5.7807559967,
        "dvar": 15.7739162445,
        "dvar2": 31.0169124603,
        "max": 54,
        "mean": 21.8409175873,
        "median": 22,
        "min": 0,
        "var": 126.027229309
    },
    "spectral_decrease": {
        "dmean": 1.78995540612e-09,
        "dmean2": 2.63665689282e-09,
        "dvar": 4.54501501321e-18,
        "dvar2": 9.07856861184e-18,
        "max": -3.52876858964e-29,
        "mean": -6.49136033815e-09,
        "median": -5.5362172624e-09,
        "min": -3.20329078818e-08,
        "var": 2.60535787134e-17
    },
    "spectral_energy": {
        "dmean": 0.00718248076737,
        "dmean2": 0.0105748483911,
        "dvar": 7.07512299414e-05,
        "dvar2": 0.000141817974509,
        "max": 0.127602159977,
        "mean": 0.0273660495877,
        "median": 0.023865615949,
        "min": 1.02797725222e-20,
        "var": 0.000432734901551
    },
    "spectral_energyband_high": {
        "dmean": 0.000503805989865,
        "dmean2": 0.000726086553186,
        "dvar": 6.89473552029e-07,
        "dvar2": 1.43196291447e-06,
        "max": 0.0185541920364,
        "mean": 0.00174470653292,
        "median": 0.001224728534,
        "min": 7.4434550201e-21,
        "var": 3.27422662849e-06
    },
    "spectral_energyband_low": {
        "dmean": 0.00383203662932,
        "dmean2": 0.00564088206738,
        "dvar": 4.54269684269e-05,
        "dvar2": 8.95402554306e-05,
        "max": 0.0818886309862,
        "mean": 0.00886089913547,
        "median": 0.00328364758752,
        "min": 5.49583363014e-23,
        "var": 0.000171876163222
    },
    "spectral_energyband_middle_high": {
        "dmean": 0.00312695349567,
        "dmean2": 0.0047559812665,
        "dvar": 1.80062088475e-05,
        "dvar2": 4.36490117863e-05,
        "max": 0.0684823468328,
        "mean": 0.00998174864799,
        "median": 0.00682072993368,
        "min": 1.61897774642e-21,
        "var": 9.20693128137e-05
    },
    "spectral_energyband_middle_low": {
        "dmean": 0.00324060721323,
        "dmean2": 0.00504612457007,
        "dvar": 2.14238061744e-05,
        "dvar2": 4.95531603519e-05,
        "max": 0.0611242949963,
        "mean": 0.00764340069145,
        "median": 0.00544437812641,
        "min": 2.46381581757e-22,
        "var": 5.63570283703e-05
    },
    "spectral_entropy": {
        "dmean": 0.114352084696,
        "dmean2": 0.169158399105,
        "dvar": 0.0125395944342,
        "dvar2": 0.0238591879606,
        "max": 9.80116462708,
        "mean": 7.8814330101,
        "median": 7.92583179474,
        "min": 6.42889547348,
        "var": 0.127644151449
    },
    "spectral_flux": {
        "dmean": 0.0205862503499,
        "dmean2": 0.0318796895444,
        "dvar": 0.000434329966083,
        "dvar2": 0.000958802062087,
        "max": 0.260333180428,
        "mean": 0.086327008903,
        "median": 0.083237811923,
        "min": 1.01389216467e-10,
        "var": 0.00191337382421
    },
    "spectral_kurtosis": {
        "dmean": 0.841907441616,
        "dmean2": 1.38016855717,
        "dvar": 1.18101489544,
        "dvar2": 3.36447715759,
        "max": 22.8080844879,
        "mean": 3.09800004959,
        "median": 2.68696737289,
        "min": -1.34657609463,
        "var": 4.61221027374
    },
    "spectral_rms": {
        "dmean": 0.000650769972708,
        "dmean2": 0.000952988222707,
        "dvar": 4.30129489359e-07,
        "dvar2": 8.45318595566e-07,
        "max": 0.0111575052142,
        "mean": 0.00473094824702,
        "median": 0.00482530100271,
        "min": 3.16686694229e-12,
        "var": 4.31675107393e-06
    },
    "spectral_rolloff": {
        "dmean": 590.945495605,
        "dmean2": 939.971496582,
        "dvar": 944287.6875,
        "dvar2": 1824069,
        "max": 18712.3535156,
        "mean": 2289.81567383,
        "median": 1808.7890625,
        "min": 43.06640625,
        "var": 3603162
    },
    "spectral_skewness": {
        "dmean": 0.138200610876,
        "dmean2": 0.212224662304,
        "dvar": 0.0184691939503,
        "dvar2": 0.0424407012761,
        "max": 3.69357681274,
        "mean": 1.3565557003,
        "median": 1.32393860817,
        "min": -0.186936825514,
        "var": 0.135965034366
    },
    "spectral_spread": {
        "dmean": 405150.65625,
        "dmean2": 579762.4375,
        "dvar": 364357484544,
        "dvar2": 575166021632,
        "max": 39768760,
        "mean": 5220424,
        "median": 5119799,
        "min": 1759824.5,
        "var": 2.66819416883e+12
    },
    "spectral_strongpeak": {
        "dmean": 0.816542029381,
        "dmean2": 1.38147878647,
        "dvar": 1.76756751537,
        "dvar2": 4.45457792282,
        "max": 13.2125425339,
        "mean": 1.4515556097,
        "median": 0.528176426888,
        "min": 0,
        "var": 3.57036232948
    },
    "zerocrossingrate": {
        "dmean": 0.0116059333086,
        "dmean2": 0.0128988660872,
        "dvar": 0.000204720432521,
        "dvar2": 0.000188633581274,
        "max": 0.57421875,
        "mean": 0.0871509835124,
        "median": 0.08056640625,
        "min": 0.0078125,
        "var": 0.00213967962191
    },
    "barkbands": {
        "dmean": [0.000167242949829, 0.00301271514036, 0.00144463242032, 0.000747683632653, 0.000608508125879, 0.000773746403866, 0.000780417525675, 0.000768507132307, 0.000927947694436, 0.00105735601392, 0.00123990408611, 0.000803790753707, 0.0004382134357, 0.000621652114205, 0.000470036815386, 0.000399458978791, 0.000303681794321, 0.000289010058623, 0.000211327846046, 0.000134949761559, 0.000160725365276, 0.000135237161885, 0.000125218153698, 0.000100525016023, 6.47566266707e-05, 2.56056591752e-05, 5.93864706389e-06],
        "dmean2": [0.000261345412582, 0.00427044648677, 0.00245355814695, 0.0012809804175, 0.000957313750405, 0.00122630491387, 0.00126301648561, 0.00123071286362, 0.00147988880053, 0.00169296201784, 0.00196699006483, 0.00122357613873, 0.000705982500222, 0.000992933521047, 0.000750675622839, 0.000642874336336, 0.000489202560857, 0.000466056721052, 0.000333761912771, 0.000219806752284, 0.000256140803685, 0.000208708137507, 0.000189396989299, 0.000149508356117, 9.27379151108e-05, 3.61657257599e-05, 8.59999272507e-06],
        "dvar": [9.14177292088e-07, 4.06508333981e-05, 1.25776050481e-05, 2.90752450383e-06, 1.18816808481e-06, 3.0872906791e-06, 3.75631589122e-06, 3.44429236065e-06, 5.61081833439e-06, 6.1438809098e-06, 7.72888779466e-06, 3.47737363882e-06, 1.16234321013e-06, 2.19324033424e-06, 1.18632135582e-06, 6.0869825802e-07, 5.46217222563e-07, 3.71972646462e-07, 1.54227024041e-07, 5.05206898538e-08, 6.50182059303e-08, 6.79983713781e-08, 5.46685470226e-08, 2.99944531434e-08, 1.84520168034e-08, 1.99213956442e-09, 3.05072966889e-10],
        "dvar2": [2.573443453e-06, 7.01728422428e-05, 3.34683827532e-05, 8.04145383881e-06, 2.89532499664e-06, 7.29755447537e-06, 9.0467674454e-06, 8.553826774e-06, 1.34530773721e-05, 1.4878908587e-05, 1.93650175788e-05, 7.48959655539e-06, 2.76413265965e-06, 5.61447859582e-06, 2.87402372123e-06, 1.47230787206e-06, 1.35396692258e-06, 9.13001599656e-07, 3.395577437e-07, 1.30148492872e-07, 1.58199100042e-07, 1.48292471636e-07, 1.10376461748e-07, 6.46445244001e-08, 3.22589173152e-08, 4.15807477339e-09, 5.77130288004e-10],
        "max": [0.0660181194544, 0.0777621865273, 0.0391111969948, 0.0308812968433, 0.0320291481912, 0.0393075831234, 0.0555524230003, 0.0502290651202, 0.0493094958365, 0.0445529483259, 0.0513597503304, 0.0303513947874, 0.0208643432707, 0.0314409546554, 0.0246215201914, 0.0146754095331, 0.0200256407261, 0.0140038589016, 0.0107606695965, 0.00370347034186, 0.00549582950771, 0.00670326733962, 0.00634489161894, 0.00426460942253, 0.00425109965727, 0.00120409589726, 0.000779863388743],
        "mean": [0.000263637455646, 0.00635956041515, 0.00166506739333, 0.000957853975706, 0.00102800456807, 0.00125648849644, 0.0011458521476, 0.00127753498964, 0.00139026320539, 0.00170350330882, 0.00204771081917, 0.00132330169436, 0.000766203505918, 0.00116171338595, 0.000801000627689, 0.000734742672648, 0.000611820607446, 0.000591110612731, 0.000438072805991, 0.000302570872009, 0.000380508834496, 0.000319793703966, 0.000320889492286, 0.000270694028586, 0.000166348894709, 6.83222315274e-05, 1.34816054924e-05],
        "median": [9.74827798927e-06, 0.000895579927601, 0.000539091648534, 0.000402519945055, 0.00049353344366, 0.000443102908321, 0.000364310923032, 0.000349866139004, 0.000402028788812, 0.000447828439064, 0.00041591306217, 0.000285455811536, 0.000247360556386, 0.000216679400182, 0.00024486600887, 0.000267923081992, 0.000234884137171, 0.000262081215624, 0.000232905862504, 0.000180278002517, 0.000223792681936, 0.000181824507308, 0.000196029955987, 0.000160472263815, 8.19309570943e-05, 2.8392940294e-05, 7.50752690237e-07],
        "min": [2.24423670015e-23, 7.84867927977e-24, 2.83106180785e-23, 4.30418981304e-23, 6.16280605917e-23, 4.34653018664e-23, 2.28258527979e-23, 6.40575880967e-24, 6.16065720207e-23, 1.18807564145e-22, 7.89827038949e-23, 1.94338181164e-22, 8.08931798569e-23, 5.99962860321e-23, 1.09473358018e-22, 1.33648107743e-22, 2.19851040933e-22, 1.85278650093e-22, 2.34186398008e-22, 3.48227109205e-22, 3.44781238554e-22, 7.32855214073e-22, 5.85085486384e-22, 7.85700362403e-22, 1.26957905886e-21, 1.38381560951e-21, 2.34746648285e-21],
        "var": [1.3616211163e-06, 0.000137423339766, 1.11685421871e-05, 2.94041069537e-06, 2.40228018811e-06, 6.43529028821e-06, 5.80943651585e-06, 7.50980871089e-06, 9.95632217382e-06, 1.27338053062e-05, 1.73346979864e-05, 8.355045793e-06, 3.03300976157e-06, 6.73107433613e-06, 2.75189177046e-06, 1.49896357016e-06, 2.19475509766e-06, 1.1343818187e-06, 3.87963325466e-07, 1.25101053072e-07, 2.00888678137e-07, 2.0575279791e-07, 1.86236675859e-07, 1.13703379157e-07, 7.92894923052e-08, 1.21612186987e-08, 3.22235638173e-09]
    },
    "erbbands": {
        "dmean": [0.0969584360719, 0.701059341431, 1.49229621887, 2.16943860054, 2.00746035576, 2.12372708321, 3.2841155529, 7.94288015366, 10.71002388, 12.2895526886, 15.9953584671, 22.7162475586, 28.9000720978, 34.8398895264, 51.1330909729, 28.9589614868, 20.219707489, 29.9345054626, 27.9837436676, 18.5907783508, 18.4066047668, 13.5539684296, 13.7801866531, 14.9717473984, 6.96445798874, 6.04355144501, 7.25428247452, 5.5286231041, 4.81246995926, 4.24083995819, 3.54601025581, 2.36067891121, 1.61764061451, 1.01193058491, 0.344792515039, 0.134820759296, 0.0426223836839, 0.0102941440418, 0.00104639981873, 3.23320964526e-05],
        "dmean2": [0.130436226726, 0.989221394062, 2.41591119766, 3.65208482742, 3.31376075745, 3.32275295258, 5.21269989014, 12.6156835556, 17.1276721954, 19.6817855835, 25.3473739624, 36.5023880005, 46.0885848999, 54.9432449341, 80.6429519653, 44.3650779724, 31.8719177246, 48.1275520325, 44.5039863586, 29.1552658081, 29.5674571991, 21.5762424469, 21.999168396, 23.7177410126, 11.2240171432, 9.80201721191, 11.6077413559, 8.75945949554, 7.44231128693, 6.51313018799, 5.38821315765, 3.61157917976, 2.40748333931, 1.4756320715, 0.494187891483, 0.192953065038, 0.0615880787373, 0.0153108751401, 0.00147250748705, 4.53922184533e-05],
        "dvar": [0.0454148985445, 2.32564330101, 12.6166400909, 23.3038578033, 18.3973388672, 15.5065164566, 44.3240242004, 384.312896729, 741.612548828, 886.816711426, 1676.05053711, 3440.56420898, 5290.06298828, 6618.32763672, 13746.5322266, 4752.65917969, 2272.54516602, 5066.98828125, 3723.66503906, 1388.49377441, 1360.37121582, 984.622192383, 972.31640625, 861.828613281, 125.577407837, 90.5773162842, 149.929260254, 88.0506896973, 83.9325180054, 71.6753845215, 39.8933067322, 15.2919454575, 9.60158061981, 4.71457147598, 0.644167840481, 0.0585415065289, 0.00575316976756, 0.000499002402648, 1.47702085087e-05, 1.45536374063e-08],
        "dvar2": [0.0760406702757, 3.95933318138, 31.5513343811, 63.4360198975, 47.4159088135, 36.9588050842, 110.395820618, 893.690490723, 1736.58764648, 2182.15112305, 4203.36474609, 8238.70507812, 12822.8720703, 15548.4824219, 35602.8476562, 10923.1503906, 5185.28271484, 13437.9785156, 9101.39648438, 3225.19213867, 3264.67651367, 2332.52514648, 2302.8605957, 2148.6315918, 307.947601318, 229.335220337, 359.176300049, 215.839706421, 187.277648926, 140.265884399, 81.5094528198, 34.1493988037, 20.7977333069, 8.97497081757, 1.21239507198, 0.119708172977, 0.0122582716867, 0.00111021916382, 2.80631265923e-05, 2.79650915758e-08],
        "max": [2.86884117126, 17.6011886597, 39.9154167175, 90.374671936, 140.179672241, 77.2343826294, 158.348083496, 496.931488037, 770.974731445, 729.854919434, 890.574645996, 1362.16931152, 1614.50866699, 1792.39465332, 2550.47363281, 1544.88635254, 1038.05126953, 1250.84460449, 1410.00488281, 932.800109863, 907.657165527, 763.181396484, 749.359130859, 832.422058105, 225.632324219, 136.442932129, 280.376983643, 242.247741699, 243.114944458, 252.69392395, 189.600280762, 92.9429473877, 82.4049072266, 80.9298706055, 28.4471168518, 5.6546254158, 2.35762190819, 0.839638710022, 0.182380586863, 0.00633505312726],
        "mean": [0.205509543419, 1.32695782185, 1.96876418591, 3.01285219193, 2.92585039139, 3.52593159676, 5.30664968491, 12.4332456589, 16.6332454681, 19.8963832855, 27.2963237762, 35.5714607239, 44.2456283569, 62.8716659546, 91.5910110474, 54.2770843506, 39.338760376, 58.3714752197, 51.7962532043, 36.7093238831, 37.7801246643, 30.0708942413, 30.7842235565, 32.5474090576, 15.8125152588, 14.4621763229, 17.4013004303, 13.2896337509, 11.1536006927, 10.4372615814, 9.09190273285, 6.23461580276, 4.11731672287, 2.496083498, 0.850596547127, 0.338671892881, 0.111419424415, 0.024522067979, 0.00247051287442, 0.000100412587926],
        "median": [0.0138708846644, 0.244517594576, 0.735315859318, 1.35410153866, 1.19657301903, 1.51513433456, 2.44820928574, 4.0009098053, 5.50506448746, 7.20677375793, 8.26550960541, 11.0972595215, 14.4889822006, 18.5242366791, 22.4130859375, 14.8578987122, 15.029507637, 14.5233259201, 16.7796897888, 16.3937263489, 15.8041934967, 13.0996379852, 14.7441453934, 15.519651413, 9.66781997681, 9.08146953583, 10.0949821472, 7.7561917305, 6.45118379593, 6.03987693787, 5.64917421341, 3.75264143944, 2.31699585915, 1.24490392208, 0.388303756714, 0.149176955223, 0.0453233756125, 0.0053807743825, 0.00016660754045, 4.58478825749e-05],
        "min": [2.24993404293e-22, 2.54270009056e-21, 3.03331848138e-20, 7.15926435752e-20, 1.32722628549e-19, 2.29997905362e-19, 4.55858460096e-19, 3.06632415104e-19, 4.41344852466e-19, 1.27414856127e-19, 2.59921991202e-19, 1.02852609302e-18, 2.76581320851e-18, 4.48684849971e-18, 3.1383796991e-18, 8.68861995465e-18, 3.65273900876e-18, 3.39960230257e-18, 5.40598595378e-18, 5.2831971957e-18, 9.86762612432e-18, 1.17335760142e-17, 7.97456208113e-18, 1.18140011308e-17, 1.47340802148e-17, 1.57798681197e-17, 1.74318602995e-17, 1.11890033123e-17, 2.23775500209e-17, 2.59715902255e-17, 1.4951234978e-17, 1.71542121638e-17, 1.43392470561e-17, 1.34940330791e-17, 8.45506633588e-18, 5.2094453587e-18, 2.98325024702e-18, 1.07457316977e-18, 3.66636510329e-19, 3.20303138615e-20],
        "var": [0.158393353224, 6.59300374985, 14.0953292847, 24.3260059357, 27.1814632416, 33.7819328308, 73.7565155029, 768.140930176, 1246.2557373, 1590.5234375, 3942.5949707, 6263.13964844, 8061.18310547, 18316.0761719, 31508.5097656, 13902.8007812, 6915.16210938, 14692.2041016, 9279.3359375, 3508.13891602, 4054.47436523, 3891.16552734, 3043.47192383, 3070.23779297, 350.596679688, 249.029754639, 437.16619873, 271.703674316, 240.630950928, 240.961120605, 137.392501831, 55.4655418396, 32.8726844788, 17.6835231781, 2.35301971436, 0.278168320656, 0.0373444743454, 0.00356343551539, 0.000138828792842, 1.29444728714e-07]
    },
    "gfcc": {
        "mean": [20.347661972, 60.7098999023, -129.88848877, 27.6768264771, -64.6287460327, 24.5766181946, -36.4094314575, 12.7318401337, -22.392118454, 1.51351606846, -17.2216396332, 1.28514575958, -12.4022130966],
        "cov": [[6620.21240234, -1246.05761719, 879.747741699, 353.472625732, 334.287689209, 548.420410156, 387.244598389, 387.946868896, 44.1669578552, 490.315002441, 120.654701233, 352.78314209, -56.3993377686], [-1246.05761719, 1210.12475586, -138.233795166, 13.4872045517, 4.23946332932, -186.542144775, -7.56714630127, -102.317382812, 26.2662353516, -168.221893311, 32.9430236816, -104.600608826, 37.322719574], [879.747741699, -138.233795166, 929.051940918, 283.344512939, 131.389556885, 122.671684265, 13.9237060547, 82.1179885864, 16.4741249084, 145.306655884, 0.565796077251, 111.284690857, -26.0484466553], [353.472625732, 13.4872045517, 283.344512939, 396.861053467, 126.602775574, 76.8929748535, 38.7065200806, 54.8635101318, 61.615524292, 69.1345748901, 24.8188209534, 63.0422859192, 14.9519395828], [334.287689209, 4.23946332932, 131.389556885, 126.602775574, 348.110778809, 154.532943726, 167.18057251, 48.5156173706, 59.1742706299, 78.6321640015, 44.0584754944, 49.2618598938, 14.5543079376], [548.420410156, -186.542144775, 122.671684265, 76.8929748535, 154.532943726, 325.221832275, 186.154663086, 73.6877365112, 16.4268798828, 108.370864868, 34.9884300232, 36.6276397705, 34.6501541138], [387.244598389, -7.56714630127, 13.9237060547, 38.7065200806, 167.18057251, 186.154663086, 279.010498047, 90.7208786011, 51.8165473938, 73.7553634644, 49.4014892578, 40.9048843384, 41.4861297607], [387.946868896, -102.317382812, 82.1179885864, 54.8635101318, 48.5156173706, 73.6877365112, 90.7208786011, 179.820907593, 73.7624435425, 56.6337776184, 25.7855892181, 42.907661438, 27.976808548], [44.1669578552, 26.2662353516, 16.4741249084, 61.615524292, 59.1742706299, 16.4268798828, 51.8165473938, 73.7624435425, 118.197715759, 40.8664855957, 30.0902767181, 21.1832733154, 18.3558273315], [490.315002441, -168.221893311, 145.306655884, 69.1345748901, 78.6321640015, 108.370864868, 73.7553634644, 56.6337776184, 40.8664855957, 145.87298584, 54.0656661987, 54.1971321106, 5.62807846069], [120.654701233, 32.9430236816, 0.565796077251, 24.8188209534, 44.0584754944, 34.9884300232, 49.4014892578, 25.7855892181, 30.0902767181, 54.0656661987, 106.396766663, 43.9767341614, 19.3942584991], [352.78314209, -104.600608826, 111.284690857, 63.0422859192, 49.2618598938, 36.6276397705, 40.9048843384, 42.907661438, 21.1832733154, 54.1971321106, 43.9767341614, 110.167480469, 33.0999031067], [-56.3993377686, 37.322719574, -26.0484466553, 14.9519395828, 14.5543079376, 34.6501541138, 41.4861297607, 27.976808548, 18.3558273315, 5.62807846069, 19.3942584991, 33.0999031067, 89.4598007202]],
        "icov": [[0.000276165810646, 0.000113233742013, -5.52808778593e-05, -6.27508052276e-05, 2.22845137614e-05, -7.7806354966e-05, -0.000186610297533, -0.00034693616908, 0.00034387834603, -0.000393008638639, 8.21002031444e-05, -0.000511010526679, 0.000468244426884], [0.000113233742013, 0.00165503250901, -0.000474454078358, -0.000355888216291, -0.000217183041968, 0.00103361904621, -0.00103307398967, 0.000793718616478, -0.000583303975873, 0.00191387382802, -0.00194770121016, 0.0020150418859, -0.00115594977979], [-5.52808778593e-05, -0.000474454078358, 0.00199795560911, -0.000844485417474, -0.000240079330979, -0.00050617067609, 0.000936671101954, -0.000781561248004, 0.000921386061236, -0.00183639465831, 0.0016419198364, -0.00186318811029, 0.00119104166515], [-6.27508052276e-05, -0.000355888216291, -0.000844485417474, 0.00387910543941, -0.000780055241194, -0.000656470074318, 0.000899561156984, 6.53068127576e-05, -0.00160607974976, -4.84521406179e-05, 0.000329192407662, -0.00103552371729, -0.000197357891011], [2.22845137614e-05, -0.000217183041968, -0.000240079330979, -0.000780055241194, 0.00506018847227, -0.00116342806723, -0.00225564045832, 0.00118549354374, -0.00160333688837, -9.02084502741e-05, 6.85380427967e-06, -0.00110198091716, 0.001208699774], [-7.7806354966e-05, 0.00103361904621, -0.00050617067609, -0.000656470074318, -0.00116342806723, 0.00756487017497, -0.00382417766377, -0.000172272208147, 0.00231965375133, -0.00229363678955, -0.000640226353426, 0.00341520621441, -0.00288792164065], [-0.000186610297533, -0.00103307398967, 0.000936671101954, 0.000899561156984, -0.00225564045832, -0.00382417766377, 0.00886050891131, -0.00233845133334, -0.000502082868479, -0.000839705870021, 0.000179244292667, -0.00136328837834, -0.000472353363875], [-0.00034693616908, 0.000793718616478, -0.000781561248004, 6.53068127576e-05, 0.00118549354374, -0.000172272208147, -0.00233845133334, 0.0104277711362, -0.00611339649186, 0.00131115491968, -0.00042034155922, 0.000223092793021, -0.00191066623665], [0.00034387834603, -0.000583303975873, 0.000921386061236, -0.00160607974976, -0.00160333688837, 0.00231965375133, -0.000502082868479, -0.00611339649186, 0.0153308007866, -0.00450829835609, -0.000349833542714, 0.000383604550734, -0.000424183701398], [-0.000393008638639, 0.00191387382802, -0.00183639465831, -4.84521406179e-05, -9.02084502741e-05, -0.00229363678955, -0.000839705870021, 0.00131115491968, -0.00450829835609, 0.0176552720368, -0.00725279795006, 0.000483497424284, 0.000517350097653], [8.21002031444e-05, -0.00194770121016, 0.0016419198364, 0.000329192407662, 6.85380427967e-06, -0.000640226353426, 0.000179244292667, -0.00042034155922, -0.000349833542714, -0.00725279795006, 0.0164994243532, -0.00693334033713, 0.0010990271112], [-0.000511010526679, 0.0020150418859, -0.00186318811029, -0.00103552371729, -0.00110198091716, 0.00341520621441, -0.00136328837834, 0.000223092793021, 0.000383604550734, 0.000483497424284, -0.00693334033713, 0.0197450909764, -0.00802501663566], [0.000468244426884, -0.00115594977979, 0.00119104166515, -0.000197357891011, 0.001208699774, -0.00288792164065, -0.000472353363875, -0.00191066623665, -0.000424183701398, 0.000517350097653, 0.0010990271112, -0.00802501663566, 0.0168594177812]]
    },
    "melbands": {
        "dmean": [0.000847022107337, 0.00074390147347, 0.000361739599612, 0.000141403550515, 0.000108035776066, 0.000170025479747, 0.000165100296726, 0.000138049057568, 0.000128769432195, 0.000150702297105, 0.00014598533744, 0.000141465992783, 0.000159139832249, 0.000112738314783, 5.11953403475e-05, 4.73260770377e-05, 6.38668134343e-05, 4.99049092468e-05, 3.18005077133e-05, 3.19011851388e-05, 2.15170075535e-05, 1.62698597705e-05, 1.51687236212e-05, 1.33191351779e-05, 1.38203176903e-05, 6.67695394441e-06, 3.79108860216e-06, 4.8323199735e-06, 5.12728911417e-06, 4.30561976827e-06, 3.65837649952e-06, 3.11728490487e-06, 2.54262931776e-06, 2.60347360381e-06, 2.38714392253e-06, 1.79061612471e-06, 1.46800766743e-06, 1.24273049096e-06, 1.09317954866e-06, 8.87158421392e-07],
        "dmean2": [0.00116924708709, 0.00112773629371, 0.000601841369644, 0.00022628561419, 0.000170298357261, 0.000269574375125, 0.000264583301032, 0.000221538270125, 0.000204482450499, 0.000241155416006, 0.000232979931752, 0.000224098446779, 0.000251405959716, 0.000169099977938, 7.89404439274e-05, 7.41818439565e-05, 0.000103219070297, 7.83683208283e-05, 4.95782005601e-05, 5.18017914146e-05, 3.47905152012e-05, 2.61235727521e-05, 2.43126560235e-05, 2.1370149625e-05, 2.19667854253e-05, 1.08187450678e-05, 6.26209157417e-06, 7.8654356912e-06, 8.27735493658e-06, 6.97396080795e-06, 5.89461478739e-06, 4.91150603921e-06, 3.99269083573e-06, 4.09945278079e-06, 3.71168312086e-06, 2.8021684102e-06, 2.26010570259e-06, 1.88628996511e-06, 1.66208644714e-06, 1.31426020289e-06],
        "dvar": [3.27272255163e-06, 2.3576892545e-06, 5.86197529628e-07, 7.31370803919e-08, 4.02940898425e-08, 1.62817798355e-07, 1.68054057781e-07, 1.11844656203e-07, 1.06316292658e-07, 1.56551152486e-07, 1.35849546723e-07, 1.16129982075e-07, 1.294140759e-07, 5.31039461293e-08, 1.65059148571e-08, 1.50419534606e-08, 2.60679282604e-08, 1.21172600842e-08, 6.02242922199e-09, 4.10255074357e-09, 2.41530262457e-09, 1.89891813385e-09, 1.20161380845e-09, 8.36928637504e-10, 7.84168896484e-10, 1.2699845342e-10, 4.06385584906e-11, 5.77265076018e-11, 9.2147983688e-11, 4.95467555872e-11, 4.62304049209e-11, 3.63191178521e-11, 2.57119915636e-11, 2.84655476274e-11, 1.84969799893e-11, 9.30914460101e-12, 6.00915714757e-12, 5.84565208739e-12, 4.56434412835e-12, 4.03979844368e-12],
        "dvar2": [5.46920273337e-06, 5.10543804921e-06, 1.57108490839e-06, 1.79156202762e-07, 9.98665186103e-08, 3.78518365096e-07, 3.97822475406e-07, 2.74065740768e-07, 2.65890207629e-07, 3.7251413687e-07, 3.30173890006e-07, 2.73758956837e-07, 3.30651232616e-07, 1.15222583474e-07, 3.72000350524e-08, 3.39543113625e-08, 6.9083178289e-08, 2.79468537201e-08, 1.34102551286e-08, 1.02781951838e-08, 5.95380278412e-09, 4.60109372824e-09, 2.73949596341e-09, 2.03988803626e-09, 1.90517157606e-09, 3.11361075811e-10, 1.03454432521e-10, 1.47560061392e-10, 2.13439599328e-10, 1.25815510787e-10, 1.18542620164e-10, 8.69734492759e-11, 5.4931868082e-11, 6.0895191667e-11, 3.9531013879e-11, 2.10696321501e-11, 1.36421316951e-11, 1.2902580046e-11, 1.01446776327e-11, 7.98117127943e-12],
        "max": [0.023965626955, 0.0190486498177, 0.0133516350761, 0.00794002134353, 0.00457076076418, 0.00963054597378, 0.0122792338952, 0.00894385483116, 0.00678163394332, 0.00940309185535, 0.007952417247, 0.00666757393628, 0.00727193430066, 0.003493871307, 0.00332675920799, 0.00266967597418, 0.00287151709199, 0.00243645487353, 0.00155602046289, 0.00131494388916, 0.00128991529346, 0.0011764082592, 0.00113169336691, 0.00075219059363, 0.000821025576442, 0.000182318472071, 0.000164740515174, 0.000116728660942, 0.000288274284685, 0.000124562851852, 0.000190121674677, 0.000146405771375, 0.00015066828928, 0.000139047042467, 0.000129226827994, 8.60290674609e-05, 5.28232521901e-05, 7.10139720468e-05, 5.97016733082e-05, 7.41851981729e-05],
        "mean": [0.00182616885286, 0.00131267332472, 0.000516459753271, 0.000224819261348, 0.000182265343028, 0.000270199176157, 0.00025316484971, 0.000226818781812, 0.000212508777622, 0.000228789343964, 0.000216529311729, 0.000242688765866, 0.000281399319647, 0.000192493884242, 9.33864430408e-05, 7.79419351602e-05, 0.000118119060062, 8.52042139741e-05, 5.30458855792e-05, 5.76120000915e-05, 4.12529625464e-05, 3.21086736221e-05, 2.97773112834e-05, 2.71072312898e-05, 2.71427743428e-05, 1.28318197312e-05, 7.73283409217e-06, 1.02926742329e-05, 1.12810203063e-05, 9.22082926991e-06, 7.61709043218e-06, 6.50802758173e-06, 5.66038806937e-06, 5.83352993999e-06, 5.49991682419e-06, 4.36054369857e-06, 3.55419228981e-06, 2.91667538477e-06, 2.52950189861e-06, 1.99633768716e-06],
        "median": [0.000196639259229, 0.000480982591398, 0.000252240599366, 0.00010012427083, 8.84609107743e-05, 8.7473235908e-05, 8.29967248137e-05, 7.79403344495e-05, 5.88285147387e-05, 6.6892716859e-05, 6.38827041257e-05, 5.69433177589e-05, 6.20932332822e-05, 4.55278495792e-05, 2.42917849391e-05, 2.5859062589e-05, 2.1414431103e-05, 2.45469564106e-05, 1.70384155354e-05, 1.95126885956e-05, 1.63237127708e-05, 1.25531742015e-05, 1.23314403027e-05, 1.19881287901e-05, 1.13913120003e-05, 7.05792308509e-06, 4.84269912704e-06, 5.8459995671e-06, 5.98556198383e-06, 5.07847653353e-06, 3.80203618988e-06, 3.57202361556e-06, 3.19819241668e-06, 3.182516366e-06, 3.31576643475e-06, 2.56788098341e-06, 2.04407638194e-06, 1.5770635855e-06, 1.31388048885e-06, 9.19888407225e-07],
        "min": [2.9936648153e-24, 1.10210983985e-23, 1.68393120282e-23, 1.071121648e-23, 1.59713425737e-23, 7.36256504617e-24, 5.92388233686e-24, 1.06433123193e-24, 2.54475148706e-24, 7.84108018267e-24, 1.5242447719e-23, 1.94870226824e-23, 9.74326994976e-24, 1.98824818096e-23, 1.71342513435e-23, 6.41187879258e-24, 6.08067120278e-24, 8.61777133071e-24, 6.69270144192e-24, 8.09318435076e-24, 1.2245685047e-23, 1.37059533572e-23, 6.65963002619e-24, 9.05566170831e-24, 9.17715338746e-24, 1.09055705078e-23, 1.10386268878e-23, 9.74759764069e-24, 1.20087333191e-23, 7.34616541681e-24, 5.49136962405e-24, 1.00268828001e-23, 1.93055578529e-23, 1.24634161788e-23, 7.26346045065e-24, 1.15579750425e-23, 9.8532119164e-24, 9.0160017263e-24, 1.24746156371e-23, 1.06037042049e-23],
        "var": [1.15499651656e-05, 4.95056156069e-06, 6.19739637386e-07, 1.31914887902e-07, 7.45387112033e-08, 3.36146570135e-07, 2.78117028074e-07, 2.14588112613e-07, 2.49518194551e-07, 2.88581247787e-07, 2.05472574066e-07, 3.14188469019e-07, 3.02393601714e-07, 1.29870230126e-07, 4.538505749e-08, 3.17713855225e-08, 7.54964091243e-08, 2.80357070892e-08, 1.24294468051e-08, 1.02971986493e-08, 7.42589234548e-09, 7.04197100632e-09, 3.58350438212e-09, 2.62020161124e-09, 2.55795074011e-09, 2.78192247016e-10, 9.27522364469e-11, 1.4825164707e-10, 2.31991759136e-10, 1.38447753262e-10, 1.22139562353e-10, 8.94912477456e-11, 7.19146894812e-11, 8.28205837244e-11, 5.50274582845e-11, 3.03161454274e-11, 1.94125271413e-11, 1.73934859571e-11, 1.51156951539e-11, 1.33768603833e-11]
    },
    "mfcc": {
        "mean": [-616.800476074, 90.2262573242, -5.78365039825, 6.84074115753, -0.414156615734, 5.5761475563, -0.444220542908, 7.69196557999, 2.17637324333, 1.54536271095, -1.50774300098, 1.00471067429, -1.73673927784],
        "cov": [[5452.25683594, -942.472839355, 438.443634033, 180.948059082, 115.600387573, 344.996673584, 387.473083496, 221.27746582, 155.839645386, 269.497955322, 175.490097046, 214.662490845, 227.27947998], [-942.472839355, 911.19329834, -80.5552749634, 39.651309967, -15.9629898071, -84.3096618652, -28.8286933899, -15.7126874924, -30.1596069336, -67.7874679565, -29.2691802979, -23.8830795288, -40.9623069763], [438.443634033, -80.5552749634, 675.936096191, 195.419219971, 138.443054199, 69.3566665649, 20.6575183868, -5.13098192215, 30.8255634308, -18.9313907623, 38.3267669678, 57.4279632568, 47.5300865173], [180.948059082, 39.651309967, 195.419219971, 328.927093506, 132.166793823, 48.9650192261, 0.337239533663, 34.4955825806, 35.2422103882, -19.1891765594, 35.351020813, 61.8523254395, 39.6930198669], [115.600387573, -15.9629898071, 138.443054199, 132.166793823, 214.109405518, 81.3932266235, 37.2134666443, 24.982749939, 34.7656745911, 16.9861621857, 33.4328269958, 33.5735397339, 33.0825119019], [344.996673584, -84.3096618652, 69.3566665649, 48.9650192261, 81.3932266235, 278.857574463, 163.410217285, 52.6689834595, 47.2195281982, 82.0029830933, 39.1029434204, 3.60379076004, 41.8343162537], [387.473083496, -28.8286933899, 20.6575183868, 0.337239533663, 37.2134666443, 163.410217285, 224.641616821, 79.9712142944, 62.1483726501, 92.2062606812, 39.8628501892, 24.7943992615, 43.9986305237], [221.27746582, -15.7126874924, -5.13098192215, 34.4955825806, 24.982749939, 52.6689834595, 79.9712142944, 132.830215454, 75.7715759277, 56.7483100891, 23.8037052155, 27.8349647522, 30.7472667694], [155.839645386, -30.1596069336, 30.8255634308, 35.2422103882, 34.7656745911, 47.2195281982, 62.1483726501, 75.7715759277, 139.734741211, 65.4206008911, 21.0174560547, 31.3706073761, 28.0118560791], [269.497955322, -67.7874679565, -18.9313907623, -19.1891765594, 16.9861621857, 82.0029830933, 92.2062606812, 56.7483100891, 65.4206008911, 142.827285767, 46.2732543945, 17.1967926025, 30.8308887482], [175.490097046, -29.2691802979, 38.3267669678, 35.351020813, 33.4328269958, 39.1029434204, 39.8628501892, 23.8037052155, 21.0174560547, 46.2732543945, 83.3604736328, 47.8678512573, 24.920841217], [214.662490845, -23.8830795288, 57.4279632568, 61.8523254395, 33.5735397339, 3.60379076004, 24.7943992615, 27.8349647522, 31.3706073761, 17.1967926025, 47.8678512573, 115.882568359, 53.1835670471], [227.27947998, -40.9623069763, 47.5300865173, 39.6930198669, 33.0825119019, 41.8343162537, 43.9986305237, 30.7472667694, 28.0118560791, 30.8308887482, 24.920841217, 53.1835670471, 87.1517333984]],
