{
"lowlevel": {
    "average_loudness": 0.842205286026,
    "barkbands_crest": {
        "dmean": 2.86281013489,
        "dmean2": 4.29042625427,
        "dvar": 8.11917209625,
        "dvar2": 17.0765781403,
        "max": 26.6036052704,
        "mean": 12.0925760269,
        "median": 10.9458599091,
        "min": 2.07117938995,
        "var": 31.7689323425
    },
    "barkbands_flatness_db": {
        "dmean": 0.0242973249406,
        "dmean2": 0.033234026283,
        "dvar": 0.000616886129137,
        "dvar2": 0.00116098695435,
        "max": 0.375117212534,
        "mean": 0.135472387075,
        "median": 0.12462477386,
        "min": 0.01600657776,
        "var": 0.0034297213424
    },
    "barkbands_kurtosis": {
        "dmean": 3.70993447304,
        "dmean2": 5.2370057106,
        "dvar": 113.474525452,
        "dvar2": 258.220367432,
        "max": 302.687957764,
        "mean": 5.10288333893,
        "median": 1.03700828552,
        "min": -1.95845091343,
        "var": 228.847549438
    },
    "barkbands_skewness": {
        "dmean": 0.613669812679,
        "dmean2": 0.837322175503,
        "dvar": 0.583814799786,
        "dvar2": 1.17666101456,
        "max": 16.9237499237,
        "mean": 1.57969641685,
        "median": 1.20635104179,
        "min": -5.80248975754,
        "var": 2.7370159626
    },
    "barkbands_spread": {
        "dmean": 7.76444005966,
        "dmean2": 11.3643035889,
        "dvar": 77.9083709717,
        "dvar2": 166.233856201,
        "max": 122.415252686,
        "mean": 31.539812088,
        "median": 28.433719635,
        "min": 0.940944492817,
        "var": 345.383239746
    },
    "dissonance": {
        "dmean": 0.0200662072748,
        "dmean2": 0.0341259688139,
        "dvar": 0.000488370540552,
        "dvar2": 0.0013761438895,
        "max": 0.5,
        "mean": 0.467181414366,
        "median": 0.477972388268,
        "min": 0.239308997989,
        "var": 0.00104543950874
    },
    "dynamic_complexity": 3.35951209068,
    "erbbands_crest": {
        "dmean": 2.92218255997,
        "dmean2": 4.64173173904,
        "dvar": 8.03499603271,
        "dvar2": 18.5744533539,
        "max": 32.5653152466,
        "mean": 11.1535339355,
        "median": 9.06986045837,
        "min": 2.20134353638,
        "var": 46.8862075806
    },
    "erbbands_flatness_db": {
        "dmean": 0.0158078130335,
        "dmean2": 0.0232730507851,
        "dvar": 0.000245782226557,
        "dvar2": 0.000504756637383,
        "max": 0.426511198282,
        "mean": 0.144504666328,
        "median": 0.139114111662,
        "min": 0.0512542687356,
        "var": 0.00261318893172
    },
    "erbbands_kurtosis": {
        "dmean": 1.18587076664,
        "dmean2": 1.86312282085,
        "dvar": 4.81008148193,
        "dvar2": 11.0390701294,
        "max": 66.1591720581,
        "mean": 1.09391510487,
        "median": 0.0868005752563,
        "min": -1.80421674252,
        "var": 15.1605300903
    },
    "erbbands_skewness": {
        "dmean": 0.38094612956,
        "dmean2": 0.579020619392,
        "dvar": 0.143576353788,
        "dvar2": 0.330177277327,
        "max": 5.19893550873,
        "mean": 0.294045090675,
        "median": 0.284413009882,
        "min": -3.71481442451,
        "var": 0.913593888283
    },
    "erbbands_spread": {
        "dmean": 9.09808444977,
        "dmean2": 13.8190126419,
        "dvar": 94.514251709,
        "dvar2": 210.42364502,
        "max": 179.116256714,
        "mean": 45.2099113464,
        "median": 40.7594299316,
        "min": 0.662803828716,
        "var": 581.585510254
    },
    "hfc": {
        "dmean": 10.1842889786,
        "dmean2": 15.8817996979,
        "dvar": 214.868118286,
        "dvar2": 535.571960449,
        "max": 189.686248779,
        "mean": 38.241065979,
        "median": 32.859828949,
        "min": 1.30453833843e-16,
        "var": 899.161987305
    },
    "melbands_crest": {
        "dmean": 3.4137237072,
        "dmean2": 5.15546321869,
        "dvar": 11.1252012253,
        "dvar2": 26.3095264435,
        "max": 36.3200302124,
        "mean": 17.443157196,
        "median": 16.676651001,
        "min": 2.67649006844,
        "var": 45.6003417969
    },
    "melbands_flatness_db": {
        "dmean": 0.0295551493764,
        "dmean2": 0.0399851948023,
        "dvar": 0.000932439055759,
        "dvar2": 0.00181965855882,
        "max": 0.481061547995,
        "mean": 0.191927596927,
        "median": 0.182054355741,
        "min": 0.00601572403684,
        "var": 0.00543229235336
    },
    "melbands_kurtosis": {
        "dmean": 12.491558075,
        "dmean2": 17.4622554779,
        "dvar": 1247.99560547,
        "dvar2": 2670.83325195,
        "max": 1483.40966797,
        "mean": 23.8623390198,
        "median": 7.72701644897,
        "min": -1.77162289619,
        "var": 3266.26977539
    },
    "melbands_skewness": {
        "dmean": 0.949016273022,
        "dmean2": 1.32640397549,
        "dvar": 1.42581343651,
        "dvar2": 2.76425409317,
        "max": 32.3175964355,
        "mean": 3.25471425056,
        "median": 2.50606894493,
        "min": -4.31421089172,
        "var": 8.36481189728
    },
    "melbands_spread": {
        "dmean": 9.37493228912,
        "dmean2": 13.8113222122,
        "dvar": 171.109573364,
        "dvar2": 371.314941406,
        "max": 261.812408447,
        "mean": 30.4463768005,
        "median": 26.0226860046,
        "min": 0.500567436218,
        "var": 552.445922852
    },
    "pitch_salience": {
        "dmean": 0.071217186749,
        "dmean2": 0.109214827418,
        "dvar": 0.00581191573292,
        "dvar2": 0.0127289416268,
        "max": 0.928734779358,
        "mean": 0.471418917179,
        "median": 0.472983598709,
        "min": 0.024734210223,
        "var": 0.0205882713199
    },
    "silence_rate_20dB": {
        "dmean": 0,
        "dmean2": 0,
        "dvar": 0,
        "dvar2": 0,
        "max": 1,
        "mean": 1,
        "median": 1,
        "min": 1,
        "var": 0
    },
    "silence_rate_30dB": {
        "dmean": 0.0508515238762,
        "dmean2": 0.101715244353,
        "dvar": 0.0482654459774,
        "dvar2": 0.0956949740648,
        "max": 1,
        "mean": 0.912939190865,
        "median": 1,
        "min": 0,
        "var": 0.0794757083058
    },
    "silence_rate_60dB": {
        "dmean": 0.00755576882511,
        "dmean2": 0.015113350004,
        "dvar": 0.00749881286174,
        "dvar2": 0.0182439144701,
        "max": 1,
        "mean": 0.0413718670607,
        "median": 0,
        "min": 0,
        "var": 0.0396576486528
    },
    "spectral_centroid": {
        "dmean": 284.7996521,
        "dmean2": 429.417144775,
        "dvar": 103092.09375,
        "dvar2": 212850.140625,
        "max": 10841.3339844,
        "mean": 1811.01989746,
        "median": 1795.45239258,
        "min": 246.819015503,
        "var": 571138.6875
    },
    "spectral_complexity": {
        "dmean": 3.96629881859,
        "dmean2": 6.35336446762,
        "dvar": 21.3329334259,
        "dvar2": 49.9219551086,
        "max": 53,
        "mean": 18.832233429,
        "median": 18,
        "min": 0,
        "var": 99.5776062012
    },
    "spectral_decrease": {
        "dmean": 3.52611473353e-09,
        "dmean2": 4.31886704177e-09,
        "dvar": 2.45898942e-17,
        "dvar2": 3.89474682698e-17,
        "max": 1.42490227862e-28,
        "mean": -1.09943734117e-08,
        "median": -8.27363155764e-09,
        "min": -6.56124683474e-08,
        "var": 1.10441873135e-16
    },
    "spectral_energy": {
        "dmean": 0.0136578306556,
        "dmean2": 0.0168705563992,
        "dvar": 0.000352588307578,
        "dvar2": 0.00056697713444,
        "max": 0.251493811607,
        "mean": 0.0449637882411,
        "median": 0.0351473577321,
        "min": 1.12947578689e-20,
        "var": 0.0016554936301
    },
    "spectral_energyband_high": {
        "dmean": 0.001010697335,
        "dmean2": 0.00157322140876,
        "dvar": 3.09296751766e-06,
        "dvar2": 7.74302679929e-06,
        "max": 0.0211523640901,
        "mean": 0.00280574848875,
        "median": 0.00198202417232,
        "min": 8.35526897245e-21,
        "var": 8.82356380316e-06
    },
    "spectral_energyband_low": {
        "dmean": 0.0115245161578,
        "dmean2": 0.0133864209056,
        "dvar": 0.000374638068024,
        "dvar2": 0.0005651403917,
        "max": 0.245500534773,
        "mean": 0.0263606924564,
        "median": 0.0136382775381,
        "min": 9.18361194946e-23,
        "var": 0.00138524861541
    },
    "spectral_energyband_middle_high": {
        "dmean": 0.00353479105979,
        "dmean2": 0.00550726894289,
        "dvar": 3.60791709682e-05,
        "dvar2": 9.29938323679e-05,
        "max": 0.146208003163,
        "mean": 0.0105973584577,
        "median": 0.00505614141002,
        "min": 1.48911079414e-21,
        "var": 0.000156519934535
    },
    "spectral_energyband_middle_low": {
        "dmean": 0.00270648533478,
        "dmean2": 0.004386913497,
        "dvar": 2.56200528383e-05,
        "dvar2": 6.30280992482e-05,
        "max": 0.0824226513505,
        "mean": 0.00595015333965,
        "median": 0.00374359311536,
        "min": 4.16639903697e-22,
        "var": 5.47544696019e-05
    },
    "spectral_entropy": {
        "dmean": 0.135665133595,
        "dmean2": 0.199442088604,
        "dvar": 0.020229626447,
        "dvar2": 0.0421049110591,
        "max": 9.8060874939,
        "mean": 7.89662742615,
        "median": 7.97514009476,
        "min": 5.6239233017,
        "var": 0.179288163781
    },
    "spectral_flux": {
        "dmean": 0.027111120522,
        "dmean2": 0.0409205183387,
        "dvar": 0.000894145574421,
        "dvar2": 0.00186582223978,
        "max": 0.373160690069,
        "mean": 0.0953406020999,
        "median": 0.0860865041614,
        "min": 1.06276799861e-10,
        "var": 0.00275716092438
    },
    "spectral_kurtosis": {
        "dmean": 0.693310916424,
        "dmean2": 1.13297653198,
        "dvar": 1.13005554676,
        "dvar2": 2.79315066338,
        "max": 47.0957527161,
        "mean": 2.16416168213,
        "median": 1.56480312347,
        "min": -1.30459988117,
        "var": 5.14462995529
    },
    "spectral_rms": {
        "dmean": 0.00091952708317,
        "dmean2": 0.00115069095045,
        "dvar": 9.82256779025e-07,
        "dvar2": 1.64547043369e-06,
        "max": 0.0156639646739,
        "mean": 0.00600238889456,
        "median": 0.00585577543825,
        "min": 3.31952954707e-12,
        "var": 7.83848736319e-06
    },
    "spectral_rolloff": {
        "dmean": 801.948669434,
        "dmean2": 1317.58752441,
        "dvar": 1652947.5,
        "dvar2": 3640340.25,
        "max": 19121.484375,
        "mean": 2001.03637695,
        "median": 1141.25976562,
        "min": 21.533203125,
        "var": 4196589
    },
    "spectral_skewness": {
        "dmean": 0.136414065957,
        "dmean2": 0.210528895259,
        "dvar": 0.0214139167219,
        "dvar2": 0.0444228090346,
        "max": 5.07680702209,
        "mean": 1.18158423901,
        "median": 1.08780407906,
        "min": -0.347724795341,
        "var": 0.185711532831
    },
    "spectral_spread": {
        "dmean": 469194.90625,
        "dmean2": 693210.8125,
        "dvar": 423779041280,
        "dvar2": 826373177344,
        "max": 38838532,
        "mean": 6027933,
        "median": 6084665,
        "min": 1404475.25,
        "var": 2.38830826291e+12
    },
    "spectral_strongpeak": {
        "dmean": 0.799856543541,
        "dmean2": 1.36127471924,
        "dvar": 2.14157319069,
        "dvar2": 5.25501060486,
        "max": 17.1460876465,
        "mean": 1.43961417675,
        "median": 0.550486028194,
        "min": 0,
        "var": 4.47173881531
    },
    "zerocrossingrate": {
        "dmean": 0.0140837337822,
        "dmean2": 0.0158035159111,
        "dvar": 0.00025407873909,
        "dvar2": 0.000288070150418,
        "max": 0.6787109375,
        "mean": 0.0804893523455,
        "median": 0.0751953125,
        "min": 0.00439453125,
        "var": 0.00213553663343
    },
    "barkbands": {
        "dmean": [0.000381975027267, 0.0103304535151, 0.00265166372992, 0.000763651099987, 0.00107625767123, 0.000476926070405, 0.000370276306057, 0.000290895579383, 0.000605731096584, 0.00111297052354, 0.00181412685197, 0.000707077677362, 0.000223615003051, 0.000322663167026, 0.000430971005699, 0.000255176622886, 0.000204435113119, 0.000176166227902, 0.000228473014431, 0.000174600630999, 0.000218177345232, 0.000264687463641, 0.00031964055961, 0.000219343390199, 0.000122902740259, 5.00903079228e-05, 4.49361868959e-06],
        "dmean2": [0.000540388922673, 0.0117440028116, 0.00414390349761, 0.00129691069014, 0.00174823030829, 0.00079313502647, 0.000583196000662, 0.000459079135908, 0.000980330980383, 0.00173090747558, 0.00289265043102, 0.00110968516674, 0.000360311532859, 0.000517027336173, 0.000690316257533, 0.000396885967348, 0.000331969204126, 0.000289582792902, 0.000360736972652, 0.000288791663479, 0.00035236866097, 0.000424939004006, 0.00051139673451, 0.000351404974936, 0.000195198779693, 7.83868890721e-05, 7.10264293957e-06],
        "dvar": [4.35129413745e-06, 0.000385061255656, 3.13298187393e-05, 2.89605122816e-06, 1.25075675896e-05, 1.20133120163e-06, 8.38877610931e-07, 5.98589338097e-07, 3.12691713589e-06, 8.09723405837e-06, 2.81596076093e-05, 4.55155623058e-06, 3.44089983173e-07, 8.87404496552e-07, 8.27793201097e-07, 6.05369052664e-07, 4.08542319974e-07, 2.54467238392e-07, 2.41725331307e-07, 1.02723063833e-07, 1.37756202889e-07, 2.12219859463e-07, 2.81383364609e-07, 1.90647384102e-07, 6.61519052869e-08, 1.17908474095e-08, 1.8179370509e-10],
        "dvar2": [1.20244540085e-05, 0.000582205655519, 7.35406720196e-05, 7.85128031566e-06, 2.8975038731e-05, 3.13320515488e-06, 1.97026679416e-06, 1.40009149163e-06, 7.73839656176e-06, 1.94883032236e-05, 7.30998581275e-05, 1.11789113362e-05, 7.58361295539e-07, 2.01020293389e-06, 2.05772062145e-06, 1.15471368645e-06, 8.89405214366e-07, 6.27546455689e-07, 5.24687834513e-07, 2.59543440961e-07, 3.43582598816e-07, 5.27943768702e-07, 6.90848310114e-07, 4.6094839945e-07, 1.55460227802e-07, 2.80306959866e-08, 3.91626925333e-10],
        "max": [0.138729453087, 0.243416264653, 0.0840661376715, 0.0306534804404, 0.0795169770718, 0.0242987591773, 0.0191455222666, 0.0200106427073, 0.0407597981393, 0.0568022169173, 0.143840491772, 0.0513736903667, 0.0154467625543, 0.020404342562, 0.0174458473921, 0.0256993733346, 0.0297327153385, 0.0146416220814, 0.0237325560302, 0.00659991614521, 0.00677215401083, 0.0110115800053, 0.0126290814951, 0.00965203996748, 0.00575798004866, 0.00271231937222, 0.000646902597509],
        "mean": [0.000599416845944, 0.0199089739472, 0.00521027483046, 0.00114699057303, 0.00169135711621, 0.000738250964787, 0.000587594637182, 0.00044860894559, 0.00108378694858, 0.00224201148376, 0.00373235554434, 0.00147729320452, 0.000343795545632, 0.000500215275679, 0.000779559311923, 0.000421757227741, 0.000353891577106, 0.000295676407404, 0.000437387323473, 0.000334534386639, 0.000466615660116, 0.000645644206088, 0.000747267680708, 0.000422373967012, 0.000239044849877, 0.000101843099401, 7.2466864367e-06],
        "median": [0.000161770323757, 0.0063712997362, 0.00145453994628, 0.000305479363305, 0.000624855805654, 0.000211148595554, 0.0001762421889, 0.000156673093443, 0.000235089304624, 0.000334808166372, 0.00024829438189, 0.000211244288948, 0.00012720527593, 0.000159430899657, 0.000240089575527, 0.000176334317075, 0.000149312880239, 0.000148413688294, 0.000234998951782, 0.000204300231417, 0.000271181081189, 0.000327276589815, 0.000453129090602, 0.000230428704526, 0.000112769303087, 4.7577515943e-05, 8.38718449359e-07],
        "min": [3.46740907882e-23, 3.48339013858e-23, 1.60101624188e-23, 7.09289578562e-23, 4.52566377436e-23, 3.18985499575e-23, 5.54131367014e-23, 5.2355890486e-23, 1.39375553459e-22, 1.00130278783e-22, 5.94844730767e-23, 5.65963775721e-23, 1.27488795391e-22, 8.30295477169e-23, 7.88067563586e-23, 7.68589830529e-23, 2.34215327115e-22, 1.89030232745e-22, 3.40831456177e-22, 2.8156513154e-22, 3.41227350756e-22, 3.39670833527e-22, 7.15787242823e-22, 8.94485871577e-22, 1.12005283455e-21, 1.96250498643e-21, 3.02432923339e-21],
        "var": [5.86258511248e-06, 0.00130477000494, 6.42237937427e-05, 4.13133557231e-06, 1.74458509719e-05, 2.59395164903e-06, 1.61810794452e-06, 9.93568505692e-07, 8.50786909723e-06, 2.71190347121e-05, 9.55084033194e-05, 1.92272127606e-05, 7.22489630789e-07, 1.67023063113e-06, 1.93692699213e-06, 1.22212566112e-06, 1.15001955692e-06, 4.2711263859e-07, 7.1470532248e-07, 1.90295736502e-07, 3.41770800105e-07, 7.48399884287e-07, 8.42834822379e-07, 3.84963868783e-07, 1.40367532708e-07, 2.14017674693e-08, 7.17782500104e-10]
    },
    "erbbands": {
        "dmean": [0.351122051477, 2.19036149979, 3.2016658783, 2.47627449036, 3.15338492393, 3.92535328865, 3.154296875, 4.34644556046, 4.79927825928, 5.7268371582, 6.74819087982, 11.036034584, 20.9385223389, 51.5377578735, 68.4282073975, 27.6982288361, 10.8240442276, 14.5176639557, 23.1782951355, 12.8765764236, 14.4360599518, 9.79743671417, 9.13178539276, 7.45915842056, 13.0704154968, 8.05309867859, 9.90698337555, 8.08298873901, 9.71377468109, 9.85365009308, 9.22360801697, 5.20948410034, 3.31281614304, 1.85985398293, 0.631775557995, 0.28994345665, 0.077884837985, 0.0113773010671, 0.00064188730903, 2.81469674519e-05],
        "dmean2": [0.407313168049, 2.58639931679, 4.91777944565, 3.82632946968, 5.32497501373, 6.34841632843, 5.18010282516, 7.25801229477, 7.80334424973, 8.88043403625, 10.4859056473, 17.2902126312, 32.7988014221, 78.9360580444, 107.69732666, 42.7064552307, 17.040222168, 23.0860366821, 36.9176025391, 20.3781890869, 22.1801986694, 15.4479398727, 14.8455123901, 12.0224943161, 20.6162204742, 13.075296402, 16.1486816406, 13.2310800552, 15.5680837631, 15.7832927704, 14.7718610764, 8.35151576996, 5.30957841873, 2.96670603752, 1.00238752365, 0.455061882734, 0.122529998422, 0.0174780674279, 0.00100988917984, 4.07609659305e-05],
        "dvar": [0.502593398094, 18.1066551208, 44.7155761719, 24.9153022766, 67.8252334595, 251.82901001, 69.7567138672, 112.366340637, 128.646484375, 254.503448486, 360.819946289, 1026.35510254, 3669.43237305, 14081.2871094, 40538.1015625, 7132.6015625, 723.232543945, 1693.13037109, 3132.3605957, 791.137939453, 1981.09277344, 731.495666504, 740.648254395, 217.378097534, 945.242492676, 188.918884277, 340.160461426, 195.336547852, 327.926055908, 290.919372559, 243.944320679, 95.792678833, 49.3324623108, 16.6149082184, 1.58793997765, 0.421097934246, 0.0266633015126, 0.000539370987099, 8.1335356299e-06, 5.54282841847e-09],
        "dvar2": [0.746041893959, 28.6439495087, 104.484306335, 62.415599823, 172.735580444, 592.888793945, 170.76789856, 296.586456299, 324.862640381, 567.687133789, 834.119689941, 2314.18164062, 9139.2109375, 31859.8339844, 103207.40625, 17063.8300781, 1555.8807373, 3747.53076172, 7638.84423828, 1888.35583496, 3811.57421875, 1585.96069336, 1818.35131836, 487.901184082, 2061.88574219, 460.294250488, 842.957336426, 509.058105469, 791.002441406, 724.309143066, 593.422668457, 237.763366699, 116.013496399, 39.1187057495, 3.78554797173, 0.989058196545, 0.0652580186725, 0.001251051086, 1.8087312128e-05, 1.20116627755e-08],
        "max": [9.01489067078, 49.1000595093, 105.768806458, 109.383399963, 139.933502197, 437.902893066, 262.059631348, 293.518005371, 307.559539795, 447.856170654, 515.863647461, 956.214477539, 1628.1842041, 2273.1640625, 5841.36621094, 2597.77905273, 756.097045898, 1184.51977539, 1223.23181152, 1096.67150879, 1655.96557617, 1119.28088379, 769.781738281, 652.492004395, 1679.95788574, 328.861175537, 398.359893799, 285.335906982, 594.141540527, 274.580963135, 448.816802979, 204.693481445, 182.704299927, 95.0677719116, 22.334438324, 22.4231204987, 2.34227132797, 0.720251619816, 0.148384168744, 0.00409406563267],
        "mean": [0.677055597305, 4.08327150345, 6.22475147247, 5.10279798508, 4.48544645309, 6.01244688034, 5.35686063766, 6.3371462822, 7.35307073593, 9.81466007233, 10.9793157578, 20.1575984955, 38.5075874329, 116.057044983, 147.177764893, 61.2529296875, 20.0034198761, 24.9195404053, 42.3240814209, 25.0978736877, 25.9233951569, 18.9092826843, 16.2835445404, 15.0712976456, 25.4362716675, 17.2558116913, 19.8507976532, 18.5843868256, 22.9780311584, 22.2817993164, 21.2584381104, 10.2650852203, 6.25799322128, 3.50122666359, 1.24616277218, 0.552571415901, 0.158506155014, 0.0239492114633, 0.00114010472316, 8.71532247402e-05],
        "median": [0.187496677041, 1.34474730492, 2.78580856323, 1.63614797592, 1.98867332935, 1.76488220692, 1.61039423943, 1.75563931465, 2.36186242104, 3.35352659225, 4.1730017662, 5.31351900101, 10.8358335495, 17.8251552582, 15.5685653687, 11.6434612274, 7.86689329147, 9.74092769623, 12.2759895325, 11.4580659866, 11.2846298218, 8.89684104919, 8.33672714233, 9.18859672546, 13.7936010361, 10.999206543, 11.2608003616, 10.0897541046, 11.4059686661, 13.0794715881, 12.721570015, 6.2162899971, 3.24091506004, 1.62099063396, 0.59323066473, 0.257623553276, 0.0745222717524, 0.00828879326582, 0.000238479173277, 6.91187306074e-05],
        "min": [1.28116079913e-21, 6.63359471331e-21, 2.25123908393e-20, 1.12346843616e-19, 2.61988676113e-19, 9.35031070381e-20, 2.9473137989e-19, 2.35325749839e-19, 8.19209021291e-19, 4.29879146899e-19, 1.65704139369e-18, 2.44302603359e-18, 3.81598599778e-18, 3.52183891759e-18, 1.92961715446e-18, 3.1987390684e-18, 4.73334377276e-18, 5.37886601022e-18, 4.48203348137e-18, 2.87901556368e-18, 6.04706871289e-18, 1.36154929715e-17, 7.95418035084e-18, 2.15096059478e-17, 1.19122701876e-17, 1.3965186057e-17, 1.23466351349e-17, 1.42109960109e-17, 1.25246328222e-17, 1.72507193259e-17, 1.9880591191e-17, 1.61478741568e-17, 1.56865323681e-17, 1.06811309598e-17, 9.5330208132e-18, 6.81577716872e-18, 4.02852633386e-18, 1.52253748339e-18, 4.14962107774e-19, 4.54941258968e-20],
        "var": [1.67867791653, 54.2424964905, 78.3659057617, 50.964466095, 75.6118927002, 366.943115234, 183.875915527, 208.173324585, 214.825744629, 565.463500977, 583.237609863, 2959.26660156, 7944.02441406, 55078.2539062, 136191.21875, 32276.1914062, 1874.35266113, 3541.81494141, 6809.21337891, 1643.93566895, 4714.01318359, 2391.95336914, 1384.14123535, 529.996276855, 2618.63305664, 480.470123291, 720.494445801, 613.346679688, 1021.53448486, 747.911010742, 734.772705078, 190.351928711, 100.50012207, 34.5092277527, 3.21531176567, 0.745887696743, 0.0481451451778, 0.00168153189588, 2.88728570013e-05, 1.86963724502e-08]
    },
    "gfcc": {
        "mean": [25.8938331604, 54.0148887634, -109.335357666, 43.4398345947, -58.1981315613, 42.6900100708, -24.4374294281, 15.9756507874, -21.4998817444, 2.1168358326, -17.4799423218, 4.62982320786, -9.55699920654],
        "cov": [[5258.40869141, -1145.97851562, 490.309143066, 440.14151001, 152.130386353, 381.971679688, 222.765197754, 136.915710449, -182.361663818, 100.086738586, -189.472671509, 163.532150269, -177.478210449], [-1145.97851562, 1448.50378418, 159.009613037, -118.55141449, -37.5620040894, -174.926467896, -92.6730422974, -128.768463135, 83.2895965576, -64.0493927002, 200.025039673, -67.0402908325, 114.830101013], [490.309143066, 159.009613037, 1164.56591797, 355.150268555, 135.126525879, 86.2878265381, -11.6060152054, -26.0765075684, -67.8476257324, 102.48009491, 7.18766450882, 119.258575439, -29.7230682373], [440.14151001, -118.55141449, 355.150268555, 433.905700684, 178.954086304, 132.771789551, 64.8185577393, 53.9572868347, 38.0237579346, 58.1390151978, 3.74605131149, 37.2991104126, -7.31497859955], [152.130386353, -37.5620040894, 135.126525879, 178.954086304, 334.127288818, 171.481460571, 192.97769165, 77.1039199829, 31.6558685303, 52.5250740051, 5.54810619354, 41.3194274902, 17.758058548], [381.971679688, -174.926467896, 86.2878265381, 132.771789551, 171.481460571, 387.960510254, 273.084625244, 62.7400779724, 35.1172981262, 36.9164199829, -9.03744125366, 72.2482299805, 57.6028747559], [222.765197754, -92.6730422974, -11.6060152054, 64.8185577393, 192.97769165, 273.084625244, 361.370147705, 89.9734344482, 39.9883575439, 31.5298175812, -16.718164444, 60.0576477051, 47.2958068848], [136.915710449, -128.768463135, -26.0765075684, 53.9572868347, 77.1039199829, 62.7400779724, 89.9734344482, 153.249481201, 60.6863327026, 24.4834213257, -4.95204162598, 0.569799125195, 8.55491447449], [-182.361663818, 83.2895965576, -67.8476257324, 38.0237579346, 31.6558685303, 35.1172981262, 39.9883575439, 60.6863327026, 146.96585083, 36.3896827698, 40.2152404785, -1.05426061153, 29.4305057526], [100.086738586, -64.0493927002, 102.48009491, 58.1390151978, 52.5250740051, 36.9164199829, 31.5298175812, 24.4834213257, 36.3896827698, 128.658660889, 39.6508026123, 18.3585014343, -12.1214561462], [-189.472671509, 200.025039673, 7.18766450882, 3.74605131149, 5.54810619354, -9.03744125366, -16.718164444, -4.95204162598, 40.2152404785, 39.6508026123, 139.838729858, 19.8872375488, 22.0766448975], [163.532150269, -67.0402908325, 119.258575439, 37.2991104126, 41.3194274902, 72.2482299805, 60.0576477051, 0.569799125195, -1.05426061153, 18.3585014343, 19.8872375488, 131.532928467, 38.6867980957], [-177.478210449, 114.830101013, -29.7230682373, -7.31497859955, 17.758058548, 57.6028747559, 47.2958068848, 8.55491447449, 29.4305057526, -12.1214561462, 22.0766448975, 38.6867980957, 117.446212769]],
        "icov": [[0.000289688876364, 4.32178057963e-05, 2.43732774834e-05, -0.000246435694862, 0.000181485258508, -0.000255678023677, 2.19528174057e-05, -0.000297772989143, 0.000439765077317, -0.000154977213242, 0.000201132133952, -0.000353106996045, 0.000449446961284], [4.32178057963e-05, 0.00203911960125, -0.00113677384797, 0.000865114445332, -0.000581311702263, 0.00129220320377, -0.00112247071229, 0.0020133908838, -0.00188941252418, 0.00214089988731, -0.00287968921475, 0.00244957837276, -0.00197388534434], [2.43732774834e-05, -0.00113677384797, 0.00210926379077, -0.0016291749198, 0.000262671412202, -0.000830235308968, 0.00105602142867, -0.000944127154071, 0.00206497777253, -0.00212163524702, 0.00177557766438, -0.00251779542305, 0.00135078793392], [-0.000246435694862, 0.000865114445332, -0.0016291749198, 0.00489475764334, -0.00218258239329, -0.000446272897534, 0.000734094006475, 0.000586712965742, -0.00250829593278, 0.00122215843294, -0.0012022710871, 0.00161676679272, -0.000667042797431], [0.000181485258508, -0.000581311702263, 0.000262671412202, -0.00218258239329, 0.00598941836506, -0.000493352243211, -0.00224102847278, -0.00169139367063, 0.00143004744314, -0.00145785650238, 0.000517548702192, -0.000819412874989, 0.000798995781224], [-0.000255678023677, 0.00129220320377, -0.000830235308968, -0.000446272897534, -0.000493352243211, 0.00751242507249, -0.00520095974207, 0.00214376230724, -0.00165681866929, 0.00114217505325, -0.00171449314803, 0.00125308032148, -0.00311680301093], [2.19528174057e-05, -0.00112247071229, 0.00105602142867, 0.000734094006475, -0.00224102847278, -0.00520095974207, 0.00868791528046, -0.00300415675156, 0.00100152555387, -0.00151087949052, 0.00259950524196, -0.00263392669149, 0.00102560047526], [-0.000297772989143, 0.0020133908838, -0.000944127154071, 0.000586712965742, -0.00169139367063, 0.00214376230724, -0.00300415675156, 0.0119012687355, -0.00579335773364, 0.00182346242946, -0.00197245390154, 0.00339928013273, -0.00218274910003], [0.000439765077317, -0.00188941252418, 0.00206497777253, -0.00250829593278, 0.00143004744314, -0.00165681866929, 0.00100152555387, -0.00579335773364, 0.0130968596786, -0.00468273600563, 0.000827182549983, -0.00208492507227, 0.000259393273154], [-0.000154977213242, 0.00214089988731, -0.00212163524702, 0.00122215843294, -0.00145785650238, 0.00114217505325, -0.00151087949052, 0.00182346242946, -0.00468273600563, 0.0132395476103, -0.0059557533823, 0.00231684651226, 0.000243840302574], [0.000201132133952, -0.00287968921475, 0.00177557766438, -0.0012022710871, 0.000517548702192, -0.00171449314803, 0.00259950524196, -0.00197245390154, 0.000827182549983, -0.0059557533823, 0.0135034462437, -0.00507991714403, 0.00166653550696], [-0.000353106996045, 0.00244957837276, -0.00251779542305, 0.00161676679272, -0.000819412874989, 0.00125308032148, -0.00263392669149, 0.00339928013273, -0.00208492507227, 0.00231684651226, -0.00507991714403, 0.0140835363418, -0.00606538308784], [0.000449446961284, -0.00197388534434, 0.00135078793392, -0.000667042797431, 0.000798995781224, -0.00311680301093, 0.00102560047526, -0.00218274910003, 0.000259393273154, 0.000243840302574, 0.00166653550696, -0.00606538308784, 0.014222628437]]
    },
    "melbands": {
        "dmean": [0.00303502799943, 0.00184171181172, 0.000432814093074, 0.000265289359959, 0.000116730523587, 9.43534687394e-05, 7.56691151764e-05, 6.15345852566e-05, 5.50963632122e-05, 8.13395090518e-05, 0.000107660911453, 0.000202761904802, 0.00027467077598, 9.51837137109e-05, 4.00976896344e-05, 2.45301798714e-05, 2.82577839243e-05, 3.76693897124e-05, 2.6942761906e-05, 1.501090901e-05, 1.90423779713e-05, 1.13742680696e-05, 1.0733052477e-05, 8.50240394357e-06, 6.14471946392e-06, 1.10353385026e-05, 7.1569679676e-06, 5.63359526495e-06, 7.49783521314e-06, 4.99948146171e-06, 5.41413783139e-06, 5.92263177168e-06, 5.63056755709e-06, 6.64461958877e-06, 6.56590373183e-06, 3.54143890036e-06, 3.27155748892e-06, 2.62917228611e-06, 2.01765442398e-06, 1.49676770889e-06],
        "dmean2": [0.00347942346707, 0.00259779044427, 0.000673660309985, 0.00043583769002, 0.000192396153579, 0.000158060604008, 0.000121786491945, 9.57818265306e-05, 8.53992096381e-05, 0.000129772306536, 0.000168411672348, 0.00030844801222, 0.000434668909293, 0.000146257414599, 6.11581999692e-05, 3.96693903895e-05, 4.47327765869e-05, 5.98058213654e-05, 4.27403247159e-05, 2.3824377422e-05, 2.92431159323e-05, 1.79439539352e-05, 1.72372383531e-05, 1.40727624967e-05, 9.95076970867e-06, 1.75294935616e-05, 1.13664991659e-05, 9.32575676416e-06, 1.23753061416e-05, 8.26297127787e-06, 8.91064519237e-06, 9.59790486377e-06, 9.11836104933e-06, 1.06668294393e-05, 1.05564722617e-05, 5.75831336391e-06, 5.27262182004e-06, 4.2856172513e-06, 3.25473752127e-06, 2.41246198129e-06],
        "dvar": [3.55073170795e-05, 1.1954844922e-05, 7.20198613635e-07, 8.63129912432e-07, 1.11293985583e-07, 5.0475211566e-08, 3.09574765822e-08, 2.66063935328e-08, 2.72688680525e-08, 5.52338441651e-08, 9.60538386607e-08, 2.35012322491e-07, 7.00327916547e-07, 6.556712151e-08, 1.94370617379e-08, 4.07054390195e-09, 7.38056105121e-09, 9.58550483432e-09, 3.15089487835e-09, 2.11164685737e-09, 3.89481114027e-09, 1.19565468637e-09, 1.59221547058e-09, 5.25595400536e-10, 1.68579636362e-10, 6.54016285573e-10, 2.38178393674e-10, 1.02171458793e-10, 2.34538333199e-10, 7.22101337058e-11, 9.49129663752e-11, 1.31221575272e-10, 9.50338141514e-11, 1.39374303765e-10, 1.30178950952e-10, 3.70003472305e-11, 4.09919598265e-11, 3.18316033254e-11, 1.94553817501e-11, 1.07449934367e-11],
        "dvar2": [5.25627765455e-05, 2.30775985983e-05, 1.78927598427e-06, 2.0422714897e-06, 2.68436878059e-07, 1.33423299076e-07, 7.63230758594e-08, 6.04083325584e-08, 6.22270306394e-08, 1.30721986125e-07, 2.39965856963e-07, 5.28470138761e-07, 1.81922996489e-06, 1.6123038904e-07, 4.35716422942e-08, 9.39634769992e-09, 1.61763740181e-08, 2.3059678611e-08, 7.53786100205e-09, 4.46630377127e-09, 7.64058860625e-09, 2.35791319803e-09, 4.22134194267e-09, 1.34195365931e-09, 3.69262342925e-10, 1.4530682213e-09, 4.97174690306e-10, 2.59421095716e-10, 5.88943172009e-10, 1.87140386521e-10, 2.47060844005e-10, 3.14326509265e-10, 2.41083486507e-10, 3.49322654136e-10, 3.16805304212e-10, 9.45331452007e-11, 1.00588926077e-10, 7.71189015425e-11, 4.65424747353e-11, 2.53247180171e-11],
        "max": [0.0753005817533, 0.0459293834865, 0.0168234128505, 0.0214760117233, 0.00928105134517, 0.00571763981134, 0.00460184318945, 0.00426011858508, 0.0057347654365, 0.0063081048429, 0.00819977279752, 0.00971869565547, 0.0237903371453, 0.00600590091199, 0.0045151039958, 0.00181704119314, 0.00251401634887, 0.00252700736746, 0.00100823701359, 0.00154777755961, 0.00240654801019, 0.00156692776363, 0.0017885605339, 0.000713629706297, 0.000554743630346, 0.00108942342922, 0.000623210449703, 0.000217699591303, 0.000373236864107, 0.000150643973029, 0.000236697873333, 0.000354959454853, 0.000235920073465, 0.000219781300984, 0.000326017179759, 9.5478782896e-05, 0.000156517955475, 0.000163190532476, 0.000118755044241, 8.08894037618e-05],
        "mean": [0.0058512808755, 0.00400953134522, 0.000884889333975, 0.000390250090277, 0.000202673225431, 0.00013813842088, 0.000118669217045, 0.000104834165541, 8.76845151652e-05, 0.000145933969179, 0.000187753714272, 0.000440588744823, 0.000574136560317, 0.000193967993255, 7.69058460719e-05, 3.86771207559e-05, 4.45872137789e-05, 6.43053062959e-05, 4.93787956657e-05, 2.52263725997e-05, 3.18228994729e-05, 1.95322299987e-05, 1.71297160705e-05, 1.36322023536e-05, 1.08828371594e-05, 1.97880235646e-05, 1.3742513147e-05, 1.06275920189e-05, 1.30319413074e-05, 1.00201314126e-05, 1.15021157399e-05, 1.33063158501e-05, 1.18159259728e-05, 1.31836231958e-05, 1.42552444231e-05, 7.09379582986e-06, 5.84392500969e-06, 4.56233783552e-06, 3.63806566384e-06, 2.70763212029e-06],
        "median": [0.00171500095166, 0.00198005721904, 0.000339181482559, 0.000139879528433, 6.12027361058e-05, 3.81367499358e-05, 3.78657750844e-05, 3.72990289179e-05, 3.10018003802e-05, 3.2426265534e-05, 4.68104990432e-05, 6.09909729974e-05, 4.4982345571e-05, 3.10045215883e-05, 1.5245133909e-05, 1.56149308168e-05, 1.45045341924e-05, 1.67803536897e-05, 1.62898049894e-05, 1.05451417767e-05, 1.17457084343e-05, 8.34497041069e-06, 7.05997081241e-06, 7.08530660631e-06, 6.16209626969e-06, 9.83335758065e-06, 8.19305478217e-06, 5.98173483013e-06, 6.86082285029e-06, 5.51452194486e-06, 5.50127333554e-06, 6.05239119977e-06, 6.26182600172e-06, 7.183078651e-06, 7.74215641286e-06, 4.33770310337e-06, 3.13632608595e-06, 2.28796329793e-06, 1.74723584223e-06, 1.24297707771e-06],
        "min": [1.2058721857e-23, 1.08380724133e-23, 2.78766562282e-23, 1.09638341965e-23, 8.73685461752e-24, 6.09260509056e-24, 1.17310984567e-23, 4.97931212186e-24, 1.50267747253e-23, 1.6806039453e-23, 1.92701159102e-23, 1.4404999293e-23, 7.02681085655e-24, 5.38816255739e-24, 1.30204000984e-23, 8.72505956926e-24, 1.0507726654e-23, 6.64371081312e-24, 5.72127445741e-24, 3.67826591898e-24, 7.57924857076e-24, 1.37802261892e-23, 1.06772481294e-23, 6.81467905939e-24, 1.95030728464e-23, 1.07460241785e-23, 7.87376032339e-24, 9.32036871822e-24, 7.89883268954e-24, 7.92125448305e-24, 8.05494905155e-24, 6.37067777079e-24, 7.59014747302e-24, 1.11836636984e-23, 1.34619555238e-23, 7.04899520293e-24, 1.1708473926e-23, 1.03997568396e-23, 1.08162596204e-23, 8.36904190957e-24],
        "var": [0.000120028344099, 2.79167707049e-05, 1.38362963753e-06, 1.06317475002e-06, 2.59394909108e-07, 9.56711971867e-08, 5.53297141437e-08, 5.68031204295e-08, 4.47593748731e-08, 1.55941052071e-07, 2.07488412229e-07, 9.25782671857e-07, 2.33921628023e-06, 2.58461284375e-07, 7.27305078385e-08, 7.67713004279e-09, 1.46655700917e-08, 1.89695725794e-08, 7.56372386945e-09, 3.89686327651e-09, 9.24495502375e-09, 3.74026809524e-09, 2.93080826275e-09, 7.54445173001e-10, 3.51378093288e-10, 1.6855287166e-09, 5.80563985775e-10, 2.18235110538e-10, 4.09962008785e-10, 1.7253942719e-10, 3.06119990467e-10, 3.97321009427e-10, 2.48792014768e-10, 3.19872905941e-10, 3.7459702007e-10, 7.76885639153e-11, 7.63870425247e-11, 5.80047711252e-11, 3.91781156128e-11, 2.13706673885e-11]
    },
    "mfcc": {
        "mean": [-617.057250977, 79.6400146484, 13.5746383667, 13.4175224304, 4.0354552269, 20.9573783875, 10.3556509018, 18.3915596008, 6.99865436554, 8.86970233917, -1.97904098034, -2.09919810295, 3.81888246536],
        "cov": [[4649.78564453, -1132.5802002, 105.76020813, 179.113876343, -4.84124279022, 264.570159912, 223.804397583, 208.257263184, 128.862548828, 55.4917869568, -62.4434013367, -33.482509613, 154.226379395], [-1132.5802002, 1265.26855469, 172.931869507, -17.4507980347, 19.0481014252, -130.923431396, -84.0142745972, -119.158409119, -170.91494751, 6.5018453598, -8.46722507477, -26.0820999146, -54.8067169189], [105.76020813, 172.931869507, 886.229614258, 253.704879761, 177.621047974, 121.191307068, 30.5207252502, -36.189037323, -54.9523468018, -66.9911727905, 12.1412782669, 12.50893116, 24.395242691], [179.113876343, -17.4507980347, 253.704879761, 335.096893311, 168.827819824, 70.9072570801, 51.1249351501, 12.7615261078, 20.4456291199, -2.47903490067, 35.043182373, 50.0971565247, 31.6683712006], [-4.84124279022, 19.0481014252, 177.621047974, 168.827819824, 223.480987549, 58.1888618469, 46.554725647, 18.5918064117, 9.96916007996, 13.6867513657, 23.8031997681, 42.1132164001, 24.2937107086], [264.570159912, -130.923431396, 121.191307068, 70.9072570801, 58.1888618469, 347.293334961, 181.113647461, 130.468383789, 128.52432251, 25.9885654449, 28.4633769989, 8.24735832214, 82.9560470581], [223.804397583, -84.0142745972, 30.5207252502, 51.1249351501, 46.554725647, 181.113647461, 246.205810547, 113.083572388, 106.039855957, 47.2902069092, 19.5856571198, 9.70821094513, 51.8009376526], [208.257263184, -119.158409119, -36.189037323, 12.7615261078, 18.5918064117, 130.468383789, 113.083572388, 201.622299194, 129.071426392, 34.2970237732, 4.84469223022, 1.80225217342, 63.156578064], [128.862548828, -170.91494751, -54.9523468018, 20.4456291199, 9.96916007996, 128.52432251, 106.039855957, 129.071426392, 212.258163452, 52.3529434204, 21.0434169769, 4.74846410751, 25.8425254822], [55.4917869568, 6.5018453598, -66.9911727905, -2.47903490067, 13.6867513657, 25.9885654449, 47.2902069092, 34.2970237732, 52.3529434204, 137.356719971, 43.7400474548, 6.70382261276, 11.5708646774], [-62.4434013367, -8.46722507477, 12.1412782669, 35.043182373, 23.8031997681, 28.4633769989, 19.5856571198, 4.84469223022, 21.0434169769, 43.7400474548, 110.727996826, 57.6781806946, 0.410800904036], [-33.482509613, -26.0820999146, 12.50893116, 50.0971565247, 42.1132164001, 8.24735832214, 9.70821094513, 1.80225217342, 4.74846410751, 6.70382261276, 57.6781806946, 122.619392395, 36.0840110779], [154.226379395, -54.8067169189, 24.395242691, 31.6683712006, 24.2937107086, 82.9560470581, 51.8009376526, 63.156578064, 25.8425254822, 11.5708646774, 0.410800904036, 36.0840110779, 126.892524719]],
