{
"lowlevel": {
    "average_loudness": 0.759155154228,
    "barkbands_crest": {
        "dmean": 2.42495393753,
        "dmean2": 4.00466299057,
        "dvar": 5.5825176239,
        "dvar2": 14.6935129166,
        "max": 26.8159694672,
        "mean": 11.0875406265,
        "median": 9.99075126648,
        "min": 2.49255847931,
        "var": 25.4870243073
    },
    "barkbands_flatness_db": {
        "dmean": 0.0203275717795,
        "dmean2": 0.0315666943789,
        "dvar": 0.000391763227526,
        "dvar2": 0.000943954510149,
        "max": 0.468117266893,
        "mean": 0.147011980414,
        "median": 0.136129617691,
        "min": 0.0388252288103,
        "var": 0.00307288719341
    },
    "barkbands_kurtosis": {
        "dmean": 3.6200363636,
        "dmean2": 5.68251943588,
        "dvar": 71.8928146362,
        "dvar2": 155.659759521,
        "max": 343.583770752,
        "mean": 6.59003543854,
        "median": 1.03794050217,
        "min": -1.93635165691,
        "var": 278.355926514
    },
    "barkbands_skewness": {
        "dmean": 0.56486338377,
        "dmean2": 0.880970954895,
        "dvar": 0.419455707073,
        "dvar2": 0.960352420807,
        "max": 12.8924684525,
        "mean": 1.67668795586,
        "median": 1.24897587299,
        "min": -12.0093889236,
        "var": 3.17222046852
    },
    "barkbands_spread": {
        "dmean": 5.52193784714,
        "dmean2": 8.62690734863,
        "dvar": 49.1253547668,
        "dvar2": 107.158943176,
        "max": 106.903335571,
        "mean": 25.5663986206,
        "median": 24.2641086578,
        "min": 0.107748456299,
        "var": 240.893753052
    },
    "dissonance": {
        "dmean": 0.0163257941604,
        "dmean2": 0.0277983937413,
        "dvar": 0.000330455397489,
        "dvar2": 0.000888773938641,
        "max": 0.500000119209,
        "mean": 0.470462441444,
        "median": 0.478020578623,
        "min": 0.00807259883732,
        "var": 0.000748328573536
    },
    "dynamic_complexity": 3.69135427475,
    "erbbands_crest": {
        "dmean": 2.29973912239,
        "dmean2": 3.80371260643,
        "dvar": 4.6854224205,
        "dvar2": 12.0011425018,
        "max": 31.3500080109,
        "mean": 8.32112693787,
        "median": 7.39685726166,
        "min": 2.17033648491,
        "var": 16.1769618988
    },
    "erbbands_flatness_db": {
        "dmean": 0.0146294524893,
        "dmean2": 0.021716600284,
        "dvar": 0.000192880092072,
        "dvar2": 0.000398114760173,
        "max": 0.531791746616,
        "mean": 0.150461271405,
        "median": 0.142875090241,
        "min": 0.0284391120076,
        "var": 0.0029802902136
    },
    "erbbands_kurtosis": {
        "dmean": 0.855721414089,
        "dmean2": 1.37469565868,
        "dvar": 4.1168346405,
        "dvar2": 9.63290214539,
        "max": 68.0878295898,
        "mean": 0.753696382046,
        "median": 0.184604167938,
        "min": -1.88055181503,
        "var": 12.7487945557
    },
    "erbbands_skewness": {
        "dmean": 0.307275950909,
        "dmean2": 0.480785757303,
        "dvar": 0.0915363505483,
        "dvar2": 0.191794395447,
        "max": 3.35894727707,
        "mean": 0.0531091690063,
        "median": 0.0509266331792,
        "min": -6.97714948654,
        "var": 0.608573555946
    },
    "erbbands_spread": {
        "dmean": 7.58521509171,
        "dmean2": 11.8309707642,
        "dvar": 78.3789825439,
        "dvar2": 180.856430054,
        "max": 179.045303345,
        "mean": 39.465007782,
        "median": 33.7749099731,
        "min": 0.324139773846,
        "var": 448.160797119
    },
    "hfc": {
        "dmean": 5.09558582306,
        "dmean2": 7.91443061829,
        "dvar": 56.7377166748,
        "dvar2": 133.152877808,
        "max": 113.886955261,
        "mean": 21.8789196014,
        "median": 15.0794649124,
        "min": 1.19500797862e-16,
        "var": 401.057952881
    },
    "melbands_crest": {
        "dmean": 3.09996891022,
        "dmean2": 5.07129144669,
        "dvar": 8.66410255432,
        "dvar2": 22.9306678772,
        "max": 37.8783493042,
        "mean": 16.2363319397,
        "median": 16.2089004517,
        "min": 1.93278753757,
        "var": 31.3135318756
    },
    "melbands_flatness_db": {
        "dmean": 0.024369424209,
        "dmean2": 0.0374417454004,
        "dvar": 0.000593501958065,
        "dvar2": 0.00140659837052,
        "max": 0.497742980719,
        "mean": 0.19745734334,
        "median": 0.184629201889,
        "min": 0.00934826862067,
        "var": 0.00510629732162
    },
    "melbands_kurtosis": {
        "dmean": 9.6418800354,
        "dmean2": 15.3421583176,
        "dvar": 318.668823242,
        "dvar2": 752.055297852,
        "max": 358.630340576,
        "mean": 21.3524532318,
        "median": 7.02920246124,
        "min": -1.88496732712,
        "var": 1358.44042969
    },
    "melbands_skewness": {
        "dmean": 0.818258166313,
        "dmean2": 1.28770196438,
        "dvar": 0.879658102989,
        "dvar2": 2.11613368988,
        "max": 14.3762321472,
        "mean": 3.097458601,
        "median": 2.43301796913,
        "min": -7.48188734055,
        "var": 6.1379904747
    },
    "melbands_spread": {
        "dmean": 6.94246006012,
        "dmean2": 10.9857950211,
        "dvar": 93.4066772461,
        "dvar2": 201.471710205,
        "max": 228.891189575,
        "mean": 26.2603664398,
        "median": 22.688117981,
        "min": 0.452503472567,
        "var": 409.158447266
    },
    "pitch_salience": {
        "dmean": 0.070976510644,
        "dmean2": 0.116620466113,
        "dvar": 0.00421251356602,
        "dvar2": 0.0113718090579,
        "max": 0.969159841537,
        "mean": 0.484406173229,
        "median": 0.48474663496,
        "min": 0.06033975631,
        "var": 0.0168948955834
    },
    "silence_rate_20dB": {
        "dmean": 0,
        "dmean2": 0,
        "dvar": 0,
        "dvar2": 0,
        "max": 1,
        "mean": 1,
        "median": 1,
        "min": 1,
        "var": 0
    },
    "silence_rate_30dB": {
        "dmean": 0.00499772839248,
        "dmean2": 0.00999659206718,
        "dvar": 0.00497321551666,
        "dvar2": 0.0135313943028,
        "max": 1,
        "mean": 0.996592819691,
        "median": 1,
        "min": 0,
        "var": 0.00339547148906
    },
    "silence_rate_60dB": {
        "dmean": 0.0131758293137,
        "dmean2": 0.0263546518981,
        "dvar": 0.0130036976188,
        "dvar2": 0.0320269912481,
        "max": 1,
        "mean": 0.0864281654358,
        "median": 0,
        "min": 0,
        "var": 0.0789429694414
    },
    "spectral_centroid": {
        "dmean": 218.980117798,
        "dmean2": 341.810150146,
        "dvar": 67321.4453125,
        "dvar2": 127974.726562,
        "max": 11589.2441406,
        "mean": 1594.66760254,
        "median": 1640.52038574,
        "min": 205.02444458,
        "var": 457965.125
    },
    "spectral_complexity": {
        "dmean": 2.97728300095,
        "dmean2": 4.8165397644,
        "dvar": 9.94604873657,
        "dvar2": 23.3901596069,
        "max": 60,
        "mean": 19.3016471863,
        "median": 17,
        "min": 0,
        "var": 159.154571533
    },
    "spectral_decrease": {
        "dmean": 2.39017450276e-09,
        "dmean2": 4.00337807349e-09,
        "dvar": 2.03237515498e-17,
        "dvar2": 5.66801758125e-17,
        "max": 9.91277120387e-30,
        "mean": -7.45463335505e-09,
        "median": -5.92212767714e-09,
        "min": -5.35453494876e-08,
        "var": 4.27396976404e-17
    },
    "spectral_energy": {
        "dmean": 0.00928755197674,
        "dmean2": 0.0155404359102,
        "dvar": 0.000297828519251,
        "dvar2": 0.000829954689834,
        "max": 0.206307217479,
        "mean": 0.0301199667156,
        "median": 0.0245242957026,
        "min": 1.08016653276e-20,
        "var": 0.000662885024212
    },
    "spectral_energyband_high": {
        "dmean": 0.000326161389239,
        "dmean2": 0.000480284914374,
        "dvar": 4.21393536953e-07,
        "dvar2": 8.57239399465e-07,
        "max": 0.0134808253497,
        "mean": 0.00094903819263,
        "median": 0.000458228663774,
        "min": 7.88265157465e-21,
        "var": 1.67016514752e-06
    },
    "spectral_energyband_low": {
        "dmean": 0.00777816865593,
        "dmean2": 0.0131551166996,
        "dvar": 0.000280897540506,
        "dvar2": 0.000784545321949,
        "max": 0.196976289153,
        "mean": 0.0176089070737,
        "median": 0.00949005130678,
        "min": 2.1069689073e-23,
        "var": 0.000462992145913
    },
    "spectral_energyband_middle_high": {
        "dmean": 0.00189032335766,
        "dmean2": 0.0029977094382,
        "dvar": 8.32578916743e-06,
        "dvar2": 2.06850218092e-05,
        "max": 0.057205915451,
        "mean": 0.00693812826648,
        "median": 0.00379750784487,
        "min": 1.60360573776e-21,
        "var": 6.04273300269e-05
    },
    "spectral_energyband_middle_low": {
        "dmean": 0.0023861208465,
        "dmean2": 0.00395155139267,
        "dvar": 1.45172161865e-05,
        "dvar2": 3.94315720769e-05,
        "max": 0.053241495043,
        "mean": 0.00562654528767,
        "median": 0.00417092209682,
        "min": 3.5028726048e-22,
        "var": 2.82816672552e-05
    },
    "spectral_entropy": {
        "dmean": 0.122086495161,
        "dmean2": 0.178065419197,
        "dvar": 0.015827383846,
        "dvar2": 0.0293473638594,
        "max": 9.7980890274,
        "mean": 7.69253778458,
        "median": 7.74420022964,
        "min": 4.60105085373,
        "var": 0.152149751782
    },
    "spectral_flux": {
        "dmean": 0.0205550007522,
        "dmean2": 0.0326460935175,
        "dvar": 0.00085912423674,
        "dvar2": 0.00169768335763,
        "max": 0.40804746747,
        "mean": 0.0778316259384,
        "median": 0.0680510997772,
        "min": 1.03931058204e-10,
        "var": 0.00248380820267
    },
    "spectral_kurtosis": {
        "dmean": 1.13321697712,
        "dmean2": 1.87761271,
        "dvar": 5.86588287354,
        "dvar2": 16.6008338928,
        "max": 78.4762039185,
        "mean": 3.96578383446,
        "median": 3.47606706619,
        "min": -1.43861413002,
        "var": 22.5458240509
    },
    "spectral_rms": {
        "dmean": 0.000731334614102,
        "dmean2": 0.00119166285731,
        "dvar": 1.02752301245e-06,
        "dvar2": 2.76205673799e-06,
        "max": 0.0141871543601,
        "mean": 0.00489295599982,
        "median": 0.00489143561572,
        "min": 3.24626089898e-12,
        "var": 5.4443494264e-06
    },
    "spectral_rolloff": {
        "dmean": 441.685028076,
        "dmean2": 741.69140625,
        "dvar": 778224.5,
        "dvar2": 1685553.125,
        "max": 19035.3515625,
        "mean": 1507.40014648,
        "median": 1356.59179688,
        "min": 21.533203125,
        "var": 1882652.625
    },
    "spectral_skewness": {
        "dmean": 0.160642519593,
        "dmean2": 0.257210403681,
        "dvar": 0.037625670433,
        "dvar2": 0.0955289229751,
        "max": 6.62776231766,
        "mean": 1.49577796459,
        "median": 1.4706646204,
        "min": -0.351399153471,
        "var": 0.215418502688
    },
    "spectral_spread": {
        "dmean": 503485.53125,
        "dmean2": 715620.4375,
        "dvar": 501593571328,
        "dvar2": 725543616512,
        "max": 41506504,
        "mean": 4962375,
        "median": 4731059,
        "min": 739712.8125,
        "var": 2.4719762391e+12
    },
    "spectral_strongpeak": {
        "dmean": 0.398499786854,
        "dmean2": 0.697813034058,
        "dvar": 0.720113873482,
        "dvar2": 1.94373273849,
        "max": 12.2917814255,
        "mean": 0.694615721703,
        "median": 0.365078002214,
        "min": 0,
        "var": 1.01958012581
    },
    "zerocrossingrate": {
        "dmean": 0.00937495566905,
        "dmean2": 0.0113402949646,
        "dvar": 0.000147694401676,
        "dvar2": 0.000172039319295,
        "max": 0.525390625,
        "mean": 0.06210405007,
        "median": 0.060546875,
        "min": 0.0029296875,
        "var": 0.00116810284089
    },
    "barkbands": {
        "dmean": [0.000319093785947, 0.00542193790898, 0.00282732094638, 0.000955896335654, 0.00088832405163, 0.000371473841369, 0.000376352691092, 0.00036945976899, 0.000398463889724, 0.000766226032283, 0.000553936464712, 0.000357294193236, 0.000312257936457, 0.000441445299657, 0.000272777338978, 0.000385554420063, 0.000262565707089, 0.000236944339122, 0.000241046218434, 0.000127147650346, 8.20361237857e-05, 7.00345117366e-05, 5.99393133598e-05, 7.26988364477e-05, 5.53907557332e-05, 2.90771513392e-05, 1.78952550556e-08],
        "dmean2": [0.000536896928679, 0.00905364193022, 0.00494974013418, 0.00165151571855, 0.00148314621765, 0.000617139739916, 0.000602237763815, 0.000606182031333, 0.000649288063869, 0.00124943431001, 0.00087849755073, 0.000580223102588, 0.000499666144606, 0.000735504378099, 0.000452960142866, 0.000635315023828, 0.000433408742538, 0.000386548606912, 0.000388932152418, 0.000208610130358, 0.000135644862894, 0.000109584725578, 8.83695465745e-05, 0.000108851156256, 8.15740568214e-05, 4.5147837227e-05, 3.23237081545e-08],
        "dvar": [2.47634261541e-06, 0.000111235211079, 6.21006984147e-05, 4.27682425652e-06, 2.43359590968e-06, 8.00912459908e-07, 9.28114900489e-07, 8.2973372173e-07, 7.14379098099e-07, 3.34590549755e-06, 1.71143881289e-06, 7.04403475993e-07, 6.0302880911e-07, 9.02925989976e-07, 3.06093198787e-07, 5.07784477577e-07, 3.30455947051e-07, 2.42361409164e-07, 2.07644916372e-07, 5.77150451875e-08, 2.52052849703e-08, 3.08403684812e-08, 2.64158348529e-08, 5.39823048484e-08, 1.78690306996e-08, 5.04843988836e-09, 5.99054988693e-15],
        "dvar2": [7.17736429579e-06, 0.000304298242554, 0.000180353614269, 1.21339489851e-05, 6.61444300931e-06, 2.06969707506e-06, 2.31447984333e-06, 2.19362300413e-06, 1.96086034521e-06, 8.59393003338e-06, 4.03327976528e-06, 1.71486919953e-06, 1.39178075642e-06, 2.45937758336e-06, 7.89404452917e-07, 1.33048729367e-06, 8.6789651732e-07, 6.10587278516e-07, 5.1038273341e-07, 1.47188160327e-07, 6.67190960257e-08, 6.74982914006e-08, 5.1314572147e-08, 1.17009776091e-07, 3.5655908448e-08, 1.16139222683e-08, 1.67882370603e-14],
        "max": [0.101319462061, 0.119644485414, 0.089269772172, 0.0330043286085, 0.0241844430566, 0.0211346466094, 0.0287113077939, 0.0206232722849, 0.0236998610198, 0.046680893749, 0.0276950113475, 0.0159162823111, 0.0211309455335, 0.0208087936044, 0.0101019060239, 0.0154897775501, 0.0155386421829, 0.010281663388, 0.0127883329988, 0.00425230572, 0.00272426614538, 0.00460694311187, 0.00586053775623, 0.00885113049299, 0.00369716621935, 0.00194388162345, 1.94212839233e-06],
        "mean": [0.000454830413219, 0.0121291605756, 0.00427047815174, 0.00128965533804, 0.00154704484157, 0.000533265934791, 0.000611308962107, 0.000546518887859, 0.000682829879224, 0.00134211755358, 0.000971878820565, 0.000589505303651, 0.000540251086932, 0.000773299776483, 0.000446576974355, 0.000733173510525, 0.000516736530699, 0.000480774469906, 0.00057193741668, 0.000310385337798, 0.000182260060683, 0.000153532731929, 0.000127784558572, 0.000156473310199, 0.000113637499453, 4.45634686912e-05, 1.26586767735e-08],
        "median": [5.09589153808e-05, 0.00478558894247, 0.001942319097, 0.000534545222763, 0.000846292823553, 0.000206100259675, 0.00021445719176, 0.000150198684423, 0.000258848071098, 0.000372727110516, 0.000179184164153, 0.000171365463757, 0.000136638962431, 0.000234519393416, 0.000151942367665, 0.000278643652564, 0.000158878712682, 0.000169513179571, 0.000182821779163, 9.97727911454e-05, 8.82581589394e-05, 6.97760769981e-05, 4.73262116429e-05, 6.97119248798e-05, 5.17583503097e-05, 1.14584972835e-05, 8.96844487563e-10],
        "min": [1.11160780403e-23, 5.74516905422e-24, 3.39846681666e-24, 5.77150556998e-24, 2.58136666319e-23, 8.77208341005e-23, 2.58313260721e-23, 4.69435158152e-23, 1.29277086265e-22, 7.12868167173e-23, 4.56791295563e-23, 3.38104584909e-23, 1.16836901251e-22, 8.4598838182e-23, 8.05685288845e-23, 2.68620921205e-22, 9.0760050111e-23, 2.26600610569e-22, 3.08245543314e-22, 5.61813963463e-22, 5.42137071427e-22, 5.30691141454e-22, 5.05396852954e-22, 6.29677357354e-22, 1.45775345956e-21, 1.58361012067e-21, 2.61502507978e-21],
        "var": [3.26601343659e-06, 0.00027082109591, 5.33192833245e-05, 4.910941243e-06, 4.34618323197e-06, 1.2511497971e-06, 1.61311140801e-06, 1.24195332774e-06, 1.53641008183e-06, 8.59805095388e-06, 4.43426097263e-06, 1.42147769111e-06, 1.4592021671e-06, 2.07892662729e-06, 5.7297688727e-07, 1.27907571823e-06, 8.56379188008e-07, 6.47471267712e-07, 7.97075983883e-07, 2.29382479233e-07, 5.78575161114e-08, 8.12629465941e-08, 7.56065645646e-08, 1.18267863058e-07, 4.85585900378e-08, 7.95757681971e-09, 4.09574607777e-15]
    },
    "erbbands": {
        "dmean": [0.137232661247, 1.35562372208, 3.34127640724, 3.09414863586, 2.99017357826, 2.97176551819, 3.26842617989, 2.76466631889, 4.6980881691, 6.46594905853, 8.08228111267, 8.60583972931, 20.1841773987, 19.5763759613, 20.2921447754, 12.2381467819, 12.4024019241, 15.5844945908, 18.6024436951, 16.0231208801, 18.2023220062, 14.4802055359, 12.5893793106, 14.3445472717, 8.04502677917, 5.47601032257, 4.15135765076, 2.81408762932, 2.50878500938, 2.28108286858, 1.64577436447, 1.6164175272, 1.22613871098, 0.769852221012, 0.334689944983, 0.209050953388, 0.0326512642205, 0.000810281722806, 2.98084160022e-05, 1.18192310765e-05],
        "dmean2": [0.227045238018, 2.26320886612, 5.7965426445, 5.41393136978, 5.09189558029, 4.95924806595, 5.37025356293, 4.60353660583, 7.54821777344, 10.6141366959, 12.9837741852, 13.9983997345, 32.8383255005, 31.4648170471, 32.3708457947, 19.7272701263, 19.9884757996, 26.0150051117, 30.7597732544, 26.4431228638, 29.6666259766, 23.9655437469, 20.3256149292, 23.1604175568, 13.0786237717, 8.92032241821, 6.77120780945, 4.65424013138, 3.98605680466, 3.43822383881, 2.43076586723, 2.40168476105, 1.86117076874, 1.14014625549, 0.498635828495, 0.326233655214, 0.0498782321811, 0.00122362584807, 4.48039500043e-05, 1.93849809875e-05],
        "dvar": [0.0593849122524, 7.86023759842, 78.3978424072, 55.9163398743, 38.0062599182, 32.7571754456, 43.0215148926, 60.9671096802, 143.807418823, 285.996459961, 313.284973145, 379.385162354, 3031.43041992, 2177.17578125, 2563.2043457, 781.22265625, 935.625854492, 971.86541748, 1752.9720459, 955.801879883, 1267.96655273, 983.540344238, 682.796508789, 823.532287598, 224.375640869, 109.245056152, 60.7327156067, 32.2493400574, 41.0660858154, 39.0291976929, 21.0802345276, 27.6755466461, 19.8695907593, 3.94939923286, 0.719428002834, 0.271162718534, 0.00608401931822, 3.62494142792e-06, 4.30646895921e-09, 4.20498968978e-10],
        "dvar2": [0.159842640162, 21.6403465271, 226.377700806, 160.532196045, 107.075668335, 86.139831543, 108.939476013, 155.865692139, 359.479309082, 740.961120605, 797.501953125, 1049.71691895, 7684.36572266, 5446.35498047, 6324.61572266, 1884.79406738, 2187.87744141, 2533.8347168, 4778.90429688, 2455.80737305, 3301.33227539, 2625.42163086, 1687.08520508, 2051.55053711, 584.202819824, 281.429595947, 156.813613892, 84.257522583, 94.4841308594, 82.9506988525, 42.014377594, 55.1214866638, 49.8610954285, 8.33889007568, 1.5237288475, 0.642635762691, 0.0131548661739, 7.77879722591e-06, 9.16249387473e-09, 1.1316637627e-09],
        "max": [3.73259758949, 32.0649642944, 102.447174072, 100.370422363, 91.954864502, 126.75920105, 132.528442383, 207.699996948, 342.297241211, 494.258972168, 454.278503418, 521.129333496, 1642.8984375, 1206.90246582, 1067.42687988, 722.12689209, 970.06842041, 670.393310547, 969.741699219, 645.353820801, 954.01361084, 762.422912598, 702.506652832, 869.168884277, 341.330596924, 183.253326416, 141.668609619, 115.238090515, 194.263549805, 193.397033691, 153.167678833, 198.492767334, 243.421859741, 51.7885818481, 30.9622249603, 13.4059762955, 2.37188410759, 0.0531610250473, 0.00171181908809, 0.000253661186434],
        "mean": [0.298701375723, 2.85339260101, 5.75670099258, 4.53117656708, 4.52703809738, 4.95762252808, 5.47292757034, 3.82438564301, 7.67270803452, 10.1923551559, 13.1693172455, 14.864783287, 36.5025215149, 35.3564109802, 37.8504066467, 23.7044773102, 23.9326248169, 29.1490268707, 34.2257614136, 32.2922935486, 36.6218261719, 30.1536655426, 28.0708713531, 33.5010261536, 20.1397647858, 13.7123422623, 10.0182132721, 6.02384376526, 5.40383911133, 4.75866508484, 3.52479410172, 3.28393316269, 2.56242418289, 1.55811035633, 0.657292723656, 0.317948311567, 0.0524699725211, 0.00135781697463, 6.68219290674e-05, 4.12117260566e-05],
        "median": [0.0933202803135, 1.11544501781, 2.91814017296, 2.244566679, 2.45775556564, 2.34355401993, 2.23317980766, 1.50520920753, 2.98479247093, 3.24873948097, 5.13411808014, 6.15827322006, 11.4822587967, 12.3949718475, 8.57684230804, 7.79672765732, 7.07744884491, 11.0300245285, 12.0054273605, 14.6939744949, 14.5653619766, 11.388381958, 11.0714559555, 11.4891166687, 7.11301755905, 4.78308534622, 3.96190285683, 3.16542029381, 2.53212666512, 1.87670838833, 1.35289168358, 1.23725068569, 1.20207357407, 0.748566865921, 0.262828886509, 0.0865718796849, 0.0134914144874, 0.000366831372958, 3.18946113111e-05, 3.35965050908e-05],
        "min": [5.09783474945e-22, 2.90783848431e-22, 3.9171820493e-21, 9.38931097722e-21, 5.01351778199e-20, 8.41431512791e-20, 2.30649258396e-19, 8.81318963259e-19, 5.50507877904e-19, 5.79073371287e-19, 1.41875433726e-18, 2.12828215615e-18, 3.43722413119e-18, 1.81464215124e-18, 1.57881481976e-18, 2.15359698483e-18, 4.24790662643e-18, 5.15829954065e-18, 4.21419570774e-18, 5.35470571889e-18, 1.62887628674e-17, 5.76173855086e-18, 1.22989341106e-17, 1.28135835538e-17, 2.05395728978e-17, 2.35927362434e-17, 2.2550275259e-17, 2.03721780116e-17, 1.87164701364e-17, 1.63432542174e-17, 1.453416555e-17, 1.50654057548e-17, 1.08066564449e-17, 1.56244607349e-17, 9.9592049443e-18, 6.66696944447e-18, 2.60594711345e-18, 1.27056617129e-18, 3.42400506122e-19, 4.11746630551e-20],
        "var": [0.172652721405, 16.7367553711, 76.0994720459, 53.8261260986, 44.8329925537, 65.7323684692, 92.7168121338, 79.5341339111, 266.617004395, 430.046417236, 522.18359375, 725.915588379, 8371.28320312, 4297.39306641, 7320.67578125, 2109.71313477, 2501.49926758, 2233.24462891, 3990.09057617, 2230.37866211, 3233.0378418, 2668.13085938, 2071.78442383, 2854.24072266, 832.301269531, 425.493499756, 191.919174194, 65.9665145874, 102.166061401, 100.669242859, 58.3763160706, 68.1276092529, 30.4724731445, 9.26045703888, 1.84246599674, 0.406240224838, 0.0109338015318, 6.90822116667e-06, 9.77259961843e-09, 1.18825571604e-09]
    },
    "gfcc": {
        "mean": [-7.33621644974, 82.657623291, -124.934608459, 43.4190216064, -54.0455284119, 32.1677246094, -36.6079330444, 22.0454063416, -25.4867115021, 0.311467975378, -17.6511764526, -5.12069654465, -6.26653242111],
        "cov": [[7992.64599609, -1034.85656738, 635.283081055, 911.544555664, 610.7890625, 323.044342041, -130.348602295, 684.208068848, -225.910644531, 468.598297119, -156.473983765, 422.333892822, -191.516281128], [-1034.85656738, 1014.54553223, 356.758087158, 76.1987915039, 176.678482056, -84.4836730957, 96.6070404053, -100.293617249, 38.7321357727, -103.952613831, 140.043182373, -97.5367584229, 93.2872467041], [635.283081055, 356.758087158, 1508.94372559, 615.209655762, 264.762237549, 145.012237549, -69.5518417358, 90.8815689087, -3.64053940773, 107.061408997, -41.963508606, 138.862594604, -35.1077194214], [911.544555664, 76.1987915039, 615.209655762, 544.40625, 249.257049561, 119.743156433, 0.342002511024, 104.939506531, 27.7494163513, 75.3288421631, -8.16886806488, 87.6839447021, 5.49112224579], [610.7890625, 176.678482056, 264.762237549, 249.257049561, 379.341064453, 100.132011414, 83.6873321533, 81.1221160889, -11.4069490433, 66.3672943115, 39.1989784241, 68.0652084351, -0.258002996445], [323.044342041, -84.4836730957, 145.012237549, 119.743156433, 100.132011414, 198.227355957, 80.4040908813, 30.5090694427, 3.08963108063, 28.7189102173, -5.60302734375, 38.840171814, -7.04992437363], [-130.348602295, 96.6070404053, -69.5518417358, 0.342002511024, 83.6873321533, 80.4040908813, 189.432907104, 15.1940546036, 24.0847530365, -1.30038547516, 38.0403556824, -3.98709750175, 7.56177520752], [684.208068848, -100.293617249, 90.8815689087, 104.939506531, 81.1221160889, 30.5090694427, 15.1940546036, 182.553024292, 12.7696180344, 48.6700973511, -14.3986330032, 44.659526825, 6.7208237648], [-225.910644531, 38.7321357727, -3.64053940773, 27.7494163513, -11.4069490433, 3.08963108063, 24.0847530365, 12.7696180344, 120.994903564, 12.5075206757, 15.9306135178, -9.24714565277, 19.1700515747], [468.598297119, -103.952613831, 107.061408997, 75.3288421631, 66.3672943115, 28.7189102173, -1.30038547516, 48.6700973511, 12.5075206757, 125.91558075, 9.29602432251, 58.0380210876, -34.971736908], [-156.473983765, 140.043182373, -41.963508606, -8.16886806488, 39.1989784241, -5.60302734375, 38.0403556824, -14.3986330032, 15.9306135178, 9.29602432251, 130.909194946, 4.94450902939, 34.3770179749], [422.333892822, -97.5367584229, 138.862594604, 87.6839447021, 68.0652084351, 38.840171814, -3.98709750175, 44.659526825, -9.24714565277, 58.0380210876, 4.94450902939, 125.170532227, -6.17442274094], [-191.516281128, 93.2872467041, -35.1077194214, 5.49112224579, -0.258002996445, -7.04992437363, 7.56177520752, 6.7208237648, 19.1700515747, -34.971736908, 34.3770179749, -6.17442274094, 103.568969727]],
        "icov": [[0.000350288988557, -4.90125676151e-05, 0.000288364506559, -0.00054345105309, -1.03196853161e-05, -0.000340006110491, 0.000443428463768, -0.000955786672421, 0.000781774171628, -0.000633145566098, 0.00014137083781, -0.000327576533891, 0.000399982760428], [-4.90125676151e-05, 0.00381103460677, -0.00197811541148, 0.00102187821176, -0.00252158171497, 0.003412385704, -0.00239203777164, 0.00196631974541, -0.00108082452789, 0.0026253759861, -0.00256628217176, 0.00286043668166, -0.00186610594392], [0.000288364506559, -0.00197811541148, 0.0025606751442, -0.00235942401923, 0.00125255214516, -0.00224593048915, 0.00207576854154, -0.0014527910389, 0.00127737352159, -0.00184921245091, 0.00153558398597, -0.00213185185567, 0.00160340033472], [-0.00054345105309, 0.00102187821176, -0.00235942401923, 0.00599442655221, -0.00261336844414, 0.000222653805395, -0.000234090577578, 0.00103382207453, -0.00283332983963, 0.00155051739421, -0.000478232046589, 0.00102497858461, -0.00181649392471], [-1.03196853161e-05, -0.00252158171497, 0.00125255214516, -0.00261336844414, 0.00674456031993, -0.00243394752033, -0.000540284032468, -0.00191320874728, 0.00228454917669, -0.00267591932788, 0.000422357319621, -0.00228245742619, 0.00122735311743], [-0.000340006110491, 0.003412385704, -0.00224593048915, 0.000222653805395, -0.00243394752033, 0.0111429877579, -0.00622798781842, 0.00296780001372, -0.00109450856689, 0.00227764318697, -0.000962525140494, 0.00154910760466, -0.00207740347832], [0.000443428463768, -0.00239203777164, 0.00207576854154, -0.000234090577578, -0.000540284032468, -0.00622798781842, 0.0106556881219, -0.00299529405311, -0.00034272542689, -0.000933260016609, -0.000274072517641, -0.00132582942024, 0.00244192732498], [-0.000955786672421, 0.00196631974541, -0.0014527910389, 0.00103382207453, -0.00191320874728, 0.00296780001372, -0.00299529405311, 0.0107910502702, -0.00294761080295, 0.000679654360283, 0.000335412099957, 0.00109276548028, -0.00364121492021], [0.000781774171628, -0.00108082452789, 0.00127737352159, -0.00283332983963, 0.00228454917669, -0.00109450856689, -0.00034272542689, -0.00294761080295, 0.0119103314355, -0.00447958055884, 0.00041456517647, 0.000131999404402, -0.000697006296832], [-0.000633145566098, 0.0026253759861, -0.00184921245091, 0.00155051739421, -0.00267591932788, 0.00227764318697, -0.000933260016609, 0.000679654360283, -0.00447958055884, 0.0163986328989, -0.00430923933163, -0.0019628147129, 0.00360755366273], [0.00014137083781, -0.00256628217176, 0.00153558398597, -0.000478232046589, 0.000422357319621, -0.000962525140494, -0.000274072517641, 0.000335412099957, 0.00041456517647, -0.00430923933163, 0.011998962611, -0.00247869081795, -0.00260973232798], [-0.000327576533891, 0.00286043668166, -0.00213185185567, 0.00102497858461, -0.00228245742619, 0.00154910760466, -0.00132582942024, 0.00109276548028, 0.000131999404402, -0.0019628147129, -0.00247869081795, 0.0141757307574, -0.00285292230546], [0.000399982760428, -0.00186610594392, 0.00160340033472, -0.00181649392471, 0.00122735311743, -0.00207740347832, 0.00244192732498, -0.00364121492021, -0.000697006296832, 0.00360755366273, -0.00260973232798, -0.00285292230546, 0.0146786719561]]
    },
    "melbands": {
        "dmean": [0.00135292985942, 0.00175806810148, 0.000515815161634, 0.0002164360194, 0.000111550427391, 6.55397161609e-05, 7.16005888535e-05, 7.47313752072e-05, 6.9726142101e-05, 5.48032985535e-05, 0.000106826577394, 8.62672459334e-05, 6.76705676597e-05, 4.10106913478e-05, 4.06268518418e-05, 2.6132682251e-05, 3.30989241775e-05, 3.69151057384e-05, 2.21274331125e-05, 2.91925971396e-05, 2.02049923246e-05, 1.61404423125e-05, 1.34254105433e-05, 1.20220320241e-05, 1.33575413201e-05, 8.25669303595e-06, 5.35507115274e-06, 4.21318918598e-06, 3.2936450225e-06, 2.1020314307e-06, 1.66040263139e-06, 1.52487973537e-06, 1.5230630197e-06, 1.28831663915e-06, 9.88323790807e-07, 1.07220830614e-06, 1.02555077319e-06, 9.33332387376e-07, 8.89040279617e-07, 6.174048508e-07],
        "dmean2": [0.00224951445125, 0.00300165382214, 0.000900673796423, 0.000363881554222, 0.000182988296729, 0.000108599459054, 0.000114857590233, 0.000122841767734, 0.000111493864097, 8.94854747457e-05, 0.00017431708693, 0.000138813513331, 0.00010754034156, 6.63640603307e-05, 6.6304775828e-05, 4.24131612817e-05, 5.53890313313e-05, 6.13728261669e-05, 3.65917476302e-05, 4.80021335534e-05, 3.29409704136e-05, 2.66417937382e-05, 2.19947596634e-05, 1.95722896024e-05, 2.16526350414e-05, 1.34290285132e-05, 8.9242876129e-06, 6.93626407156e-06, 5.4023521443e-06, 3.51543985744e-06, 2.77191384157e-06, 2.49245090345e-06, 2.37473250309e-06, 1.96823202714e-06, 1.4991169337e-06, 1.6377796328e-06, 1.56293515374e-06, 1.44207933772e-06, 1.36356857183e-06, 9.33235696721e-07],
        "dvar": [6.23213463768e-06, 1.79582802957e-05, 1.43450233736e-06, 1.65114002471e-07, 4.51464465812e-08, 2.96405389122e-08, 3.37128298611e-08, 3.51738620452e-08, 2.00671301798e-08, 1.56219162051e-08, 8.04157238576e-08, 3.96363191157e-08, 2.46041782503e-08, 9.37163946446e-09, 1.43137173225e-08, 4.69694727556e-09, 4.65460248122e-09, 8.1225133286e-09, 2.36411734633e-09, 2.93302404586e-09, 1.87114168604e-09, 1.35008382252e-09, 8.47183101449e-10, 6.91854185053e-10, 7.64812047027e-10, 2.49028769828e-10, 1.24204979635e-10, 7.04226121861e-11, 3.910812299e-11, 1.97824031462e-11, 1.1994532971e-11, 1.5675280518e-11, 1.53426663735e-11, 1.39748030856e-11, 7.68502188969e-12, 1.1233334575e-11, 1.12507321168e-11, 1.10364122355e-11, 6.62002614185e-12, 2.53532893464e-12],
        "dvar2": [1.68866317836e-05, 5.12101178174e-05, 4.11642986364e-06, 4.55213410078e-07, 1.13886429176e-07, 7.65064456232e-08, 8.41590974687e-08, 9.19980962522e-08, 4.98795564852e-08, 4.34184457276e-08, 2.04452902608e-07, 1.00420862736e-07, 5.89383546412e-08, 2.36974013745e-08, 3.63886307753e-08, 1.11640936495e-08, 1.21551586574e-08, 2.21907772158e-08, 6.2144627222e-09, 7.77238273741e-09, 4.88262852372e-09, 3.58889185037e-09, 2.07471684277e-09, 1.73019654159e-09, 1.89105131554e-09, 6.17099427114e-10, 3.38910122188e-10, 1.83034420953e-10, 9.89905796223e-11, 5.24029708515e-11, 3.1668681566e-11, 3.80436515623e-11, 3.28260751914e-11, 3.12642862987e-11, 1.63704518691e-11, 2.24787688463e-11, 2.33469840683e-11, 2.7439824718e-11, 1.59814574768e-11, 5.53426228456e-12],
        "max": [0.0312576070428, 0.0489804446697, 0.0160311795771, 0.00625140126795, 0.00462124915794, 0.00477143237367, 0.00538813136518, 0.00443938281387, 0.003243887797, 0.00309195392765, 0.00845408625901, 0.00478368159384, 0.00330966431648, 0.00187717878725, 0.00304169440642, 0.00195453013293, 0.00165467883926, 0.0021237405017, 0.000992394750938, 0.000867445312906, 0.00142238545232, 0.000897074758541, 0.000776545959525, 0.000580134917982, 0.000858800660353, 0.000334525597282, 0.000252954603638, 0.000144488352817, 0.000109584070742, 8.81326777744e-05, 7.51839324948e-05, 0.000124654805404, 9.98672403512e-05, 0.00016347989731, 9.68948443187e-05, 9.34754425543e-05, 0.000116083516332, 0.000162954529515, 0.000112814341264, 4.06310136896e-05],
        "mean": [0.00308180321008, 0.00339983729646, 0.00079153367551, 0.000353193434421, 0.000196070875973, 9.38857265282e-05, 0.000116627859825, 0.000115569746413, 0.000113167327072, 9.17401557672e-05, 0.000190379229025, 0.00014906245633, 0.000122361045214, 7.13549743523e-05, 7.35791545594e-05, 4.47051424999e-05, 5.70572883589e-05, 6.29703499726e-05, 3.64371408068e-05, 5.40778673894e-05, 3.71443093172e-05, 3.04356544802e-05, 2.67608229478e-05, 2.39857072302e-05, 2.84702309727e-05, 1.80456154339e-05, 1.09438760774e-05, 8.97458085092e-06, 7.22565255273e-06, 4.23419487561e-06, 3.15507759296e-06, 2.99989528685e-06, 3.02171224575e-06, 2.47947082244e-06, 1.98172165256e-06, 2.06871050068e-06, 1.94672793441e-06, 1.80145013928e-06, 1.7047525489e-06, 1.16262594929e-06],
        "median": [0.00116337591317, 0.00172918837052, 0.000440685194917, 0.000189154670807, 8.05690360721e-05, 3.79974298994e-05, 4.359104787e-05, 3.17905141856e-05, 4.33193490608e-05, 3.46296728821e-05, 5.65758055018e-05, 4.72773608635e-05, 2.56648363575e-05, 1.85496865015e-05, 1.54251156346e-05, 1.2305808923e-05, 1.92389215954e-05, 1.78269838216e-05, 1.18070884128e-05, 2.11801798287e-05, 1.2227012121e-05, 9.78117623163e-06, 8.57307804836e-06, 8.25462757348e-06, 9.01844578038e-06, 5.7251072576e-06, 3.51339986082e-06, 2.78751303995e-06, 2.51271717389e-06, 2.01262241717e-06, 1.63386562235e-06, 1.32963259603e-06, 1.14707449939e-06, 9.2528409823e-07, 7.73462318193e-07, 7.05917898358e-07, 7.37984692023e-07, 8.26177881663e-07, 7.83944813065e-07, 5.44244926459e-07],
        "min": [4.11993494032e-24, 1.24020076961e-24, 2.78821348672e-24, 5.01109335558e-24, 7.48258707746e-24, 1.9183838193e-23, 7.75896922877e-24, 6.23719777246e-24, 1.31692660399e-23, 1.53868423969e-23, 1.75701080376e-23, 7.22397954007e-24, 6.08379154209e-24, 3.16180795345e-24, 1.06908930565e-23, 9.0968938901e-24, 9.61725573104e-24, 6.58965372516e-24, 5.50597498928e-24, 1.33352928614e-23, 1.85867714619e-23, 5.19197245583e-24, 7.10702933314e-24, 1.25467025355e-23, 9.54848441504e-24, 1.42637931909e-23, 1.74192399672e-23, 1.54354425395e-23, 1.3718068683e-23, 1.53121009815e-23, 9.55509191399e-24, 9.80496755002e-24, 1.14408986178e-23, 8.40845103381e-24, 8.21070411526e-24, 8.80206738197e-24, 9.48259401907e-24, 6.33117319438e-24, 1.02763797829e-23, 1.43233758551e-23],
        "var": [1.7336822566e-05, 2.15112850128e-05, 1.39710664371e-06, 2.47329751346e-07, 1.08426398526e-07, 4.09321216921e-08, 5.90052557925e-08, 5.36298863096e-08, 3.76467710339e-08, 3.04661114114e-08, 2.20135291329e-07, 7.64875167647e-08, 6.80115661567e-08, 2.07640500349e-08, 3.91138534894e-08, 1.19821619293e-08, 9.80090231195e-09, 1.76420265063e-08, 4.25266355464e-09, 7.33531946295e-09, 4.14680201288e-09, 3.22983728651e-09, 2.17293760763e-09, 1.83965209732e-09, 2.4508712837e-09, 7.72249431069e-10, 3.28315152842e-10, 2.09562506237e-10, 1.18339824051e-10, 3.66059682566e-11, 2.13422595569e-11, 3.35006571095e-11, 3.8451488521e-11, 3.13444409317e-11, 1.86582745781e-11, 2.75067538191e-11, 2.5456232608e-11, 1.65266186153e-11, 1.14442318469e-11, 5.55578760081e-12]
    },
    "mfcc": {
        "mean": [-643.679870605, 103.693374634, -2.14625525475, 18.0115909576, 12.1470537186, 7.08033180237, 10.6595649719, 11.1007118225, 8.30086708069, 5.99555301666, 0.247192785144, -2.47103285789, -3.31533932686],
        "cov": [[6991.40380859, -932.694396973, -212.168395996, 623.014770508, 495.453033447, 36.2985725403, 278.967132568, 196.497497559, 141.598205566, 141.463363647, 30.882358551, 96.5456314087, 303.538635254], [-932.694396973, 812.664672852, 242.930252075, 144.643386841, 114.680435181, 2.31056451797, 105.318252563, -14.3950395584, -15.209608078, -13.9664535522, 13.2644271851, 7.94983386993, -40.1404075623], [-212.168395996, 242.930252075, 1085.98876953, 399.014770508, 329.067596436, 166.046096802, 11.6621990204, 45.3900604248, 34.8497924805, -20.2665939331, 28.4703712463, 36.332901001, 37.6525382996], [623.014770508, 144.643386841, 399.014770508, 497.432861328, 312.482727051, 104.86504364, 92.9295120239, 67.9286651611, 66.3549346924, 22.3588695526, 17.8127117157, 53.4674720764, 76.7111358643], [495.453033447, 114.680435181, 329.067596436, 312.482727051, 358.159942627, 87.6909255981, 93.2223358154, 54.3396377563, 47.1569862366, 14.7735328674, 2.46659040451, 35.7635421753, 59.7130584717], [36.2985725403, 2.31056451797, 166.046096802, 104.86504364, 87.6909255981, 243.51473999, 73.0782852173, 63.5807571411, 14.7856149673, 18.1636714935, 36.3153648376, 3.32215166092, 33.3780441284], [278.967132568, 105.318252563, 11.6621990204, 92.9295120239, 93.2223358154, 73.0782852173, 200.5103302, 63.2882270813, 8.16128635406, 28.770986557, 8.59405994415, 8.76209068298, 27.2592258453], [196.497497559, -14.3950395584, 45.3900604248, 67.9286651611, 54.3396377563, 63.5807571411, 63.2882270813, 124.114082336, 55.1013374329, 17.8329372406, 11.9033250809, 8.07264518738, 28.6816806793], [141.598205566, -15.209608078, 34.8497924805, 66.3549346924, 47.1569862366, 14.7856149673, 8.16128635406, 55.1013374329, 116.535499573, 39.2026977539, -1.23464167118, 5.83841276169, 14.645450592], [141.463363647, -13.9664535522, -20.2665939331, 22.3588695526, 14.7735328674, 18.1636714935, 28.770986557, 17.8329372406, 39.2026977539, 93.0545043945, 22.1634483337, 5.25057220459, 2.19105195999], [30.882358551, 13.2644271851, 28.4703712463, 17.8127117157, 2.46659040451, 36.3153648376, 8.59405994415, 11.9033250809, -1.23464167118, 22.1634483337, 83.2294235229, 29.9607563019, 8.82517814636], [96.5456314087, 7.94983386993, 36.332901001, 53.4674720764, 35.7635421753, 3.32215166092, 8.76209068298, 8.07264518738, 5.83841276169, 5.25057220459, 29.9607563019, 92.822013855, 49.0683937073], [303.538635254, -40.1404075623, 37.6525382996, 76.7111358643, 59.7130584717, 33.3780441284, 27.2592258453, 28.6816806793, 14.645450592, 2.19105195999, 8.82517814636, 49.0683937073, 114.502372742]],
