{
"lowlevel": {
    "average_loudness": 0.69466984272,
    "barkbands_crest": {
        "dmean": 2.96649861336,
        "dmean2": 4.92460155487,
        "dvar": 7.32089662552,
        "dvar2": 19.1159706116,
        "max": 25.3558597565,
        "mean": 10.4839162827,
        "median": 9.67819023132,
        "min": 2.52568268776,
        "var": 18.5679168701
    },
    "barkbands_flatness_db": {
        "dmean": 0.0208836756647,
        "dmean2": 0.0336817577481,
        "dvar": 0.000352715898771,
        "dvar2": 0.00091485993471,
        "max": 0.311372548342,
        "mean": 0.144725456834,
        "median": 0.138280659914,
        "min": 0.0432707741857,
        "var": 0.00198788312264
    },
    "barkbands_kurtosis": {
        "dmean": 2.20561313629,
        "dmean2": 3.59860301018,
        "dvar": 14.1684131622,
        "dvar2": 36.3292999268,
        "max": 62.1840057373,
        "mean": 3.00618553162,
        "median": 1.07695198059,
        "min": -1.90447616577,
        "var": 32.9629516602
    },
    "barkbands_skewness": {
        "dmean": 0.506410419941,
        "dmean2": 0.806237637997,
        "dvar": 0.27202090621,
        "dvar2": 0.661549150944,
        "max": 7.36832237244,
        "mean": 1.35612905025,
        "median": 1.22243201733,
        "min": -2.23912620544,
        "var": 1.16661727428
    },
    "barkbands_spread": {
        "dmean": 5.49273347855,
        "dmean2": 8.71270847321,
        "dvar": 45.3750343323,
        "dvar2": 97.9417953491,
        "max": 103.344711304,
        "mean": 24.2824993134,
        "median": 21.9041633606,
        "min": 1.54743719101,
        "var": 206.102890015
    },
    "dissonance": {
        "dmean": 0.0167594086379,
        "dmean2": 0.0286570191383,
        "dvar": 0.000288239505608,
        "dvar2": 0.000795991974883,
        "max": 0.500000059605,
        "mean": 0.470682293177,
        "median": 0.477537512779,
        "min": 0.293062388897,
        "var": 0.000665062223561
    },
    "dynamic_complexity": 3.29035401344,
    "erbbands_crest": {
        "dmean": 2.59346532822,
        "dmean2": 4.17853784561,
        "dvar": 5.6616191864,
        "dvar2": 13.4857025146,
        "max": 30.3849964142,
        "mean": 9.5883769989,
        "median": 8.28587627411,
        "min": 2.41674995422,
        "var": 25.1905212402
    },
    "erbbands_flatness_db": {
        "dmean": 0.0147975496948,
        "dmean2": 0.0221056938171,
        "dvar": 0.000174559099833,
        "dvar2": 0.000361455604434,
        "max": 0.373538136482,
        "mean": 0.169791281223,
        "median": 0.157236754894,
        "min": 0.0645901784301,
        "var": 0.00310555449687
    },
    "erbbands_kurtosis": {
        "dmean": 0.840211331844,
        "dmean2": 1.33152091503,
        "dvar": 1.30841052532,
        "dvar2": 2.99315953255,
        "max": 32.7439842224,
        "mean": 0.670977294445,
        "median": 0.0646619796753,
        "min": -1.67151069641,
        "var": 5.04868030548
    },
    "erbbands_skewness": {
        "dmean": 0.329036146402,
        "dmean2": 0.508419334888,
        "dvar": 0.0944028422236,
        "dvar2": 0.202326640487,
        "max": 5.13582277298,
        "mean": 0.379476249218,
        "median": 0.363150089979,
        "min": -3.8667318821,
        "var": 0.608488559723
    },
    "erbbands_spread": {
        "dmean": 6.81424283981,
        "dmean2": 10.5821886063,
        "dvar": 53.0472602844,
        "dvar2": 119.498832703,
        "max": 119.913520813,
        "mean": 36.067741394,
        "median": 33.3874092102,
        "min": 4.11058855057,
        "var": 301.390655518
    },
    "hfc": {
        "dmean": 6.02081394196,
        "dmean2": 9.18978977203,
        "dvar": 65.1108932495,
        "dvar2": 148.88861084,
        "max": 154.282928467,
        "mean": 26.7095088959,
        "median": 21.585319519,
        "min": 1.17662154031e-16,
        "var": 482.764862061
    },
    "melbands_crest": {
        "dmean": 3.33493638039,
        "dmean2": 5.53824186325,
        "dvar": 8.4075717926,
        "dvar2": 21.853477478,
        "max": 36.3839797974,
        "mean": 14.5311832428,
        "median": 14.0669221878,
        "min": 1.0016130209,
        "var": 27.0338230133
    },
    "melbands_flatness_db": {
        "dmean": 0.0256884749979,
        "dmean2": 0.041406236589,
        "dvar": 0.000584499386605,
        "dvar2": 0.00149877369404,
        "max": 0.38791641593,
        "mean": 0.184350162745,
        "median": 0.182122558355,
        "min": -1.55315632355e-07,
        "var": 0.00266098720022
    },
    "melbands_kurtosis": {
        "dmean": 6.25207805634,
        "dmean2": 10.2304086685,
        "dvar": 116.176635742,
        "dvar2": 297.56930542,
        "max": 184.331878662,
        "mean": 11.2909059525,
        "median": 6.0301361084,
        "min": -1.83617520332,
        "var": 240.579406738
    },
    "melbands_skewness": {
        "dmean": 0.734269738197,
        "dmean2": 1.17133080959,
        "dvar": 0.600593388081,
        "dvar2": 1.47287344933,
        "max": 11.4454135895,
        "mean": 2.45057559013,
        "median": 2.13585019112,
        "min": -1.59288585186,
        "var": 2.56252193451
    },
    "melbands_spread": {
        "dmean": 7.40246200562,
        "dmean2": 11.7031164169,
        "dvar": 107.300498962,
        "dvar2": 220.306427002,
        "max": 223.935745239,
        "mean": 26.0680294037,
        "median": 21.8718605042,
        "min": 1.70196270943,
        "var": 375.457214355
    },
    "pitch_salience": {
        "dmean": 0.0739533081651,
        "dmean2": 0.122604295611,
        "dvar": 0.00462561333552,
        "dvar2": 0.0119720790535,
        "max": 0.997746348381,
        "mean": 0.53120726347,
        "median": 0.522069096565,
        "min": 0.119083032012,
        "var": 0.017739912495
    },
    "silence_rate_20dB": {
        "dmean": 0,
        "dmean2": 0,
        "dvar": 0,
        "dvar2": 0,
        "max": 1,
        "mean": 1,
        "median": 1,
        "min": 1,
        "var": 0
    },
    "silence_rate_30dB": {
        "dmean": 0.0231111105531,
        "dmean2": 0.0462273582816,
        "dvar": 0.0225769840181,
        "dvar2": 0.058091212064,
        "max": 1,
        "mean": 0.982557475567,
        "median": 1,
        "min": 0,
        "var": 0.0171389095485
    },
    "silence_rate_60dB": {
        "dmean": 0.0182222221047,
        "dmean2": 0.0364484935999,
        "dvar": 0.0178933516145,
        "dvar2": 0.0413523092866,
        "max": 1,
        "mean": 0.0686590373516,
        "median": 0,
        "min": 0,
        "var": 0.0639325454831
    },
    "spectral_centroid": {
        "dmean": 229.66343689,
        "dmean2": 357.155639648,
        "dvar": 73942.640625,
        "dvar2": 140822.4375,
        "max": 10969.5185547,
        "mean": 1526.35144043,
        "median": 1531.32067871,
        "min": 255.451965332,
        "var": 401428.28125
    },
    "spectral_complexity": {
        "dmean": 3.66977787018,
        "dmean2": 5.85242795944,
        "dvar": 13.7004652023,
        "dvar2": 32.6978416443,
        "max": 56,
        "mean": 21.9223423004,
        "median": 20,
        "min": 0,
        "var": 121.676330566
    },
    "spectral_decrease": {
        "dmean": 2.82457657264e-09,
        "dmean2": 4.60026106097e-09,
        "dvar": 1.58564650444e-17,
        "dvar2": 3.95479583811e-17,
        "max": 8.5590258677e-29,
        "mean": -8.55261994559e-09,
        "median": -6.83453649231e-09,
        "min": -4.47586181451e-08,
        "var": 5.08536578527e-17
    },
    "spectral_energy": {
        "dmean": 0.0109533956274,
        "dmean2": 0.0177900176495,
        "dvar": 0.000231074998737,
        "dvar2": 0.000574358098675,
        "max": 0.173034742475,
        "mean": 0.0347021371126,
        "median": 0.0283054448664,
        "min": 1.03492718495e-20,
        "var": 0.000797559565399
    },
    "spectral_energyband_high": {
        "dmean": 0.000435278634541,
        "dmean2": 0.000643245934043,
        "dvar": 7.4663188343e-07,
        "dvar2": 1.46485308505e-06,
        "max": 0.0161116532981,
        "mean": 0.00123965309467,
        "median": 0.000642350176349,
        "min": 7.47733226671e-21,
        "var": 3.0153660191e-06
    },
    "spectral_energyband_low": {
        "dmean": 0.00872284639627,
        "dmean2": 0.0145032526925,
        "dvar": 0.000221197478822,
        "dvar2": 0.000561409862712,
        "max": 0.147801831365,
        "mean": 0.0158240459859,
        "median": 0.00824277382344,
        "min": 8.2960197377e-23,
        "var": 0.000425231031841
    },
    "spectral_energyband_middle_high": {
        "dmean": 0.00248480588198,
        "dmean2": 0.00390284555033,
        "dvar": 1.55749712576e-05,
        "dvar2": 3.90251261706e-05,
        "max": 0.0855213403702,
        "mean": 0.00864967517555,
        "median": 0.00456608971581,
        "min": 1.41296595109e-21,
        "var": 0.000100548000773
    },
    "spectral_energyband_middle_low": {
        "dmean": 0.00361176254228,
        "dmean2": 0.0058190911077,
        "dvar": 2.47568204941e-05,
        "dvar2": 6.27721165074e-05,
        "max": 0.0759911611676,
        "mean": 0.00963353738189,
        "median": 0.00675666192546,
        "min": 3.24985348428e-22,
        "var": 8.68666684255e-05
    },
    "spectral_entropy": {
        "dmean": 0.116995975375,
        "dmean2": 0.174368932843,
        "dvar": 0.0133249191567,
        "dvar2": 0.0261280853301,
        "max": 9.80519294739,
        "mean": 7.7491979599,
        "median": 7.76458978653,
        "min": 6.41263484955,
        "var": 0.0949536710978
    },
    "spectral_flux": {
        "dmean": 0.0229193530977,
        "dmean2": 0.035898078233,
        "dvar": 0.000656088755932,
        "dvar2": 0.0014859494986,
        "max": 0.323157548904,
        "mean": 0.0930893644691,
        "median": 0.088386118412,
        "min": 1.01731373325e-10,
        "var": 0.00240558502264
    },
    "spectral_kurtosis": {
        "dmean": 1.05856466293,
        "dmean2": 1.81080555916,
        "dvar": 1.10367977619,
        "dvar2": 3.33059024811,
        "max": 13.0121517181,
        "mean": 3.05240225792,
        "median": 2.83439874649,
        "min": -1.21306467056,
        "var": 2.89011025429
    },
    "spectral_rms": {
        "dmean": 0.000830862147268,
        "dmean2": 0.00133016495965,
        "dvar": 8.32384557725e-07,
        "dvar2": 2.008982392e-06,
        "max": 0.0129928588867,
        "mean": 0.0053070220165,
        "median": 0.00525500392541,
        "min": 3.17755413995e-12,
        "var": 5.69126268601e-06
    },
    "spectral_rolloff": {
        "dmean": 454.30355835,
        "dmean2": 753.858459473,
        "dvar": 630729.1875,
        "dvar2": 1287721.25,
        "max": 19078.4179688,
        "mean": 1558.81555176,
        "median": 1313.52539062,
        "min": 21.533203125,
        "var": 1884031.75
    },
    "spectral_skewness": {
        "dmean": 0.165719762444,
        "dmean2": 0.268632471561,
        "dvar": 0.0224479157478,
        "dvar2": 0.0558808222413,
        "max": 2.97792983055,
        "mean": 1.31950414181,
        "median": 1.32427310944,
        "min": -0.341248214245,
        "var": 0.105892457068
    },
    "spectral_spread": {
        "dmean": 355551.1875,
        "dmean2": 517448.6875,
        "dvar": 277455798272,
        "dvar2": 364932268032,
        "max": 39950416,
        "mean": 4484902.5,
        "median": 4407980,
        "min": 2300617.75,
        "var": 1.53501184819e+12
    },
    "spectral_strongpeak": {
        "dmean": 0.674875855446,
        "dmean2": 1.17320156097,
        "dvar": 1.60223698616,
        "dvar2": 4.16572237015,
        "max": 16.7236347198,
        "mean": 1.19545304775,
        "median": 0.521216273308,
        "min": 0,
        "var": 3.07452607155
    },
    "zerocrossingrate": {
        "dmean": 0.0089316945523,
        "dmean2": 0.0107696969062,
        "dvar": 0.000140626929351,
        "dvar2": 0.000163769582286,
        "max": 0.51904296875,
        "mean": 0.0622491054237,
        "median": 0.05810546875,
        "min": 0.00634765625,
        "var": 0.00112475140486
    },
    "barkbands": {
        "dmean": [0.000240950132138, 0.00767461210489, 0.0023268298246, 0.000848642317578, 0.00115737633314, 0.000621119572315, 0.000865086854901, 0.000601903942879, 0.00125311105512, 0.00104189128615, 0.000669488159474, 0.000442634627689, 0.000609929615166, 0.000653250666801, 0.000401334633352, 0.000223994022235, 0.000258482701611, 0.000198689973331, 0.000144023841131, 0.00012184616935, 0.000129904859932, 0.000165095218108, 0.000123334539239, 6.28014313406e-05, 3.10807772621e-05, 1.12273655759e-05, 1.61347841754e-08],
        "dmean2": [0.000411266111769, 0.0128813488409, 0.00406708521768, 0.00145078380592, 0.00193346571177, 0.0010146262357, 0.00134494702797, 0.00095767370658, 0.00199652649462, 0.0016417283332, 0.00109679542948, 0.000705811893567, 0.000965818879195, 0.00102774635889, 0.000638191471808, 0.000370690104319, 0.000420048017986, 0.000325061817421, 0.000237270753132, 0.000202523355256, 0.000216710526729, 0.000253995938692, 0.000181238225196, 9.10058952286e-05, 4.61430172436e-05, 1.71587489604e-05, 2.85120123067e-08],
        "dvar": [6.80782363816e-07, 0.000195112414076, 1.83780612133e-05, 2.10315147342e-06, 3.61579645869e-06, 1.60621095802e-06, 6.03619400863e-06, 4.50013158115e-06, 8.71692918736e-06, 7.50956041884e-06, 2.95645531878e-06, 1.22716380702e-06, 2.91163587463e-06, 3.29069075633e-06, 1.05931769667e-06, 2.1360877156e-07, 2.15742289811e-07, 1.26192432504e-07, 6.94478714536e-08, 6.89939696485e-08, 7.37220773317e-08, 1.14374635984e-07, 1.1271259126e-07, 2.93573094723e-08, 7.62315632841e-09, 1.02605690611e-09, 4.17767745717e-15],
        "dvar2": [1.90402863609e-06, 0.000502193055581, 5.29987264599e-05, 5.85299812883e-06, 9.82939127425e-06, 3.93727123082e-06, 1.38524483191e-05, 1.0196875337e-05, 2.17343294935e-05, 1.75268869498e-05, 7.00832197253e-06, 2.66191955234e-06, 7.0816954576e-06, 7.48348747948e-06, 2.33376863434e-06, 5.12564611199e-07, 5.22932396052e-07, 3.30019844341e-07, 1.74275626819e-07, 1.8943229918e-07, 1.8843570615e-07, 2.45263123588e-07, 2.19815333935e-07, 5.19022016476e-08, 1.35036408722e-08, 2.10981498938e-09, 1.14842268589e-14],
        "max": [0.0529693253338, 0.141927793622, 0.0761214494705, 0.0238920990378, 0.0309798717499, 0.0227287281305, 0.0520846396685, 0.0595054663718, 0.0666530281305, 0.0626884251833, 0.0527882985771, 0.0299402084202, 0.0373747684062, 0.0670571401715, 0.0254740305245, 0.0140690011904, 0.0101202027872, 0.00982156116515, 0.00611397344619, 0.00981467682868, 0.00535852089524, 0.00750262709334, 0.0113032376394, 0.00731812417507, 0.00371940131299, 0.0010319739813, 2.09755125979e-06],
        "mean": [0.000268052070169, 0.0114389099181, 0.0036478091497, 0.0011569133494, 0.00210842886008, 0.00107523694169, 0.00160685973242, 0.000895971665159, 0.00229156622663, 0.00195151241496, 0.00145978596993, 0.000755770539399, 0.00111117889173, 0.0011766894022, 0.000717906514183, 0.00043095741421, 0.000489929574542, 0.000411144312238, 0.000310108094709, 0.000244607013883, 0.000258075102465, 0.000401921191951, 0.000265107286396, 0.000139389085234, 6.71549787512e-05, 2.11288788705e-05, 1.31642448054e-08],
        "median": [5.80357991566e-05, 0.00431867036968, 0.00181586819235, 0.000601893174462, 0.00112635374535, 0.000424995843787, 0.000320005841786, 0.000227118769544, 0.000528752454557, 0.000361258309567, 0.000306166388327, 0.000286167836748, 0.000281776679913, 0.000269449374173, 0.000261872657575, 0.000206815035199, 0.000252679310506, 0.000214044281165, 0.000152465421706, 0.000100325363746, 0.000124562808196, 0.000176946574356, 9.75402799668e-05, 4.53499014839e-05, 1.91694052774e-05, 4.72989540867e-06, 1.09207420884e-09],
        "min": [5.18713200531e-24, 2.09501876899e-23, 2.54654208298e-23, 4.47472103037e-23, 3.29516571778e-23, 3.05655990641e-23, 4.5045365016e-23, 1.01087552025e-22, 6.2771757443e-23, 1.93750012784e-23, 7.44392311123e-23, 9.68541709978e-23, 1.07893137096e-22, 9.66641060068e-23, 1.02993572501e-22, 1.90605038925e-22, 2.01614596289e-22, 1.49970397179e-22, 2.74755457014e-22, 2.61615407227e-22, 3.95345606991e-22, 3.38473860165e-22, 7.17834242209e-22, 1.01139904621e-21, 1.06675915884e-21, 1.54261762638e-21, 2.40291646251e-21],
        "var": [1.07127607407e-06, 0.000301085005049, 3.03483793687e-05, 2.74979265669e-06, 8.012068065e-06, 3.50230220647e-06, 1.89423153643e-05, 9.11145889404e-06, 2.56013317994e-05, 2.54303831753e-05, 1.71389438037e-05, 2.90099592348e-06, 7.82149891165e-06, 1.11441968329e-05, 2.54526821664e-06, 5.26893813912e-07, 4.85118619054e-07, 3.27200211814e-07, 1.86087902421e-07, 1.43373128481e-07, 1.38617110679e-07, 3.86435743849e-07, 3.36865355166e-07, 1.01603404801e-07, 2.6581444601e-08, 2.52485854446e-09, 3.2075248829e-15]
    },
    "erbbands": {
        "dmean": [0.183513045311, 1.90806269646, 3.16122221947, 2.10137462616, 3.93902254105, 3.88464236259, 4.10325193405, 5.9789390564, 8.74862575531, 13.4303369522, 14.3021593094, 21.0745639801, 37.7041816711, 30.6429195404, 18.2770271301, 15.5863819122, 22.336019516, 34.8818244934, 18.0971832275, 16.7793903351, 12.1796064377, 14.162405014, 11.819609642, 6.73196029663, 7.50996780396, 4.85673856735, 4.35358572006, 6.00437498093, 6.85404968262, 3.99648427963, 3.69045090675, 1.65939176083, 0.980717420578, 0.445158094168, 0.185822471976, 0.0822538211942, 0.0133247403428, 0.000388431217289, 1.57572630997e-05, 1.27390212583e-05],
        "dmean2": [0.31113743782, 3.20902681351, 5.44426488876, 3.6234896183, 6.69374656677, 6.45659446716, 6.65231180191, 9.75859069824, 13.7757177353, 21.0568962097, 22.280254364, 33.6849937439, 59.5924415588, 49.3423728943, 29.6233024597, 24.5030536652, 35.5996017456, 54.6611595154, 28.7090969086, 26.4741725922, 19.9768695831, 22.9691734314, 19.335729599, 11.1420383453, 12.1750822067, 8.09149646759, 7.51080656052, 9.76373291016, 10.6728162766, 5.91782617569, 5.49958086014, 2.48125982285, 1.44436991215, 0.66081058979, 0.280611813068, 0.124584332108, 0.0206335801631, 0.000596008845605, 2.31467147387e-05, 2.03155250347e-05],
        "dvar": [0.133495718241, 11.9115352631, 32.1312255859, 10.8218717575, 49.6733856201, 47.1536560059, 99.3917770386, 164.866073608, 571.69354248, 1530.66723633, 2246.33154297, 2221.65478516, 8761.37109375, 4999.48632812, 1683.60974121, 1752.67822266, 3958.88574219, 10408.8837891, 1708.74658203, 1754.47302246, 555.826660156, 715.708984375, 450.655456543, 121.067848206, 240.941772461, 94.134727478, 83.7038574219, 170.946502686, 196.999862671, 97.742477417, 115.65587616, 18.1563282013, 8.9797410965, 1.7864574194, 0.282776147127, 0.0558841452003, 0.00135546096135, 1.10856865376e-06, 1.23769050564e-09, 2.88491203149e-10],
        "dvar2": [0.36203238368, 30.8902282715, 89.7805709839, 30.8740234375, 136.353759766, 123.14617157, 241.509994507, 413.988037109, 1383.38586426, 3537.54956055, 5137.72705078, 5563.05322266, 21699.4335938, 11773.7998047, 3923.19458008, 3683.41503906, 9462.14941406, 24704.5058594, 3902.26025391, 3768.60546875, 1325.96057129, 1715.40185547, 1167.85168457, 332.080413818, 602.110961914, 254.683410645, 230.150543213, 420.425628662, 435.780273438, 197.43699646, 239.970825195, 36.5478973389, 15.8469495773, 3.18412423134, 0.590506017208, 0.109106115997, 0.00314856693149, 2.59457306129e-06, 2.51415022134e-09, 6.95618895818e-10],
        "max": [4.34585142136, 32.9815139771, 84.6840286255, 52.8847084045, 145.768096924, 131.396255493, 229.280303955, 244.844055176, 539.213562012, 1137.41381836, 1557.41015625, 1139.10864258, 2062.89111328, 1605.5078125, 1484.98742676, 1482.15515137, 1892.0625, 3744.33203125, 1268.21899414, 1512.69421387, 700.53302002, 593.086486816, 542.5390625, 286.208892822, 322.065887451, 312.91192627, 167.506835938, 278.427337646, 309.090576172, 308.389129639, 402.723571777, 108.320083618, 134.017425537, 62.6915245056, 18.2178592682, 7.32356309891, 1.11741018295, 0.035774640739, 0.00119622598868, 0.000212306520552],
        "mean": [0.228089213371, 2.84917473793, 5.48879384995, 3.385004282, 6.02339458466, 6.81724739075, 6.97908115387, 10.2034358978, 17.0809707642, 24.7630462646, 24.5632400513, 39.2730941772, 73.403793335, 68.3369216919, 40.3009223938, 29.3173370361, 45.2297668457, 70.7881851196, 35.6204719543, 32.6370658875, 25.9753074646, 28.6585597992, 25.2498340607, 15.9227590561, 16.7339267731, 10.4435787201, 8.19568824768, 12.4774866104, 16.1214523315, 9.44176483154, 7.54782009125, 3.60285878181, 2.06652092934, 0.938604831696, 0.384242326021, 0.161988690495, 0.0225428510457, 0.000691376975738, 4.64104305138e-05, 4.48598439107e-05],
        "median": [0.0727453157306, 1.04292476177, 2.79489636421, 2.34562945366, 3.08269333839, 3.28902506828, 2.97474479675, 3.54052495956, 4.67585277557, 5.93947410583, 7.00039100647, 11.4269294739, 17.5572452545, 16.0804367065, 13.7076539993, 12.2637033463, 13.9102602005, 15.7794704437, 15.1584644318, 13.9311761856, 13.388343811, 15.1773118973, 13.164855957, 9.28039550781, 6.92381429672, 4.7171087265, 3.8894340992, 5.93906593323, 6.80498790741, 4.29431676865, 2.58823084831, 1.31007611752, 0.586171746254, 0.27251008153, 0.0993184000254, 0.0385397337377, 0.00416137650609, 0.000120266078738, 2.56879375229e-05, 3.74256815121e-05],
        "min": [4.8447030427e-22, 4.75027490297e-21, 2.09865317992e-20, 1.25241826809e-19, 6.67874221499e-20, 1.32094087606e-19, 3.11736610622e-19, 1.71428606609e-19, 5.38996780801e-19, 9.22310829092e-19, 2.52610060969e-18, 1.40897882018e-18, 8.07266394402e-19, 1.53233791929e-18, 2.69191061784e-18, 4.414577316e-18, 5.08235774297e-18, 4.02393506787e-18, 5.14918649184e-18, 8.66154137012e-18, 1.02252088585e-17, 1.21895659443e-17, 9.56980884376e-18, 1.18923053563e-17, 1.1210357807e-17, 1.28256587364e-17, 1.75849218001e-17, 1.26378101552e-17, 1.20900552895e-17, 1.37655021756e-17, 2.2943960291e-17, 1.97751322803e-17, 1.78356468612e-17, 1.25271135369e-17, 7.78540324583e-18, 5.4937403042e-18, 2.83391643591e-18, 1.247061007e-18, 3.26759683961e-19, 3.88567737318e-20],
        "var": [0.155637010932, 18.8106060028, 60.450214386, 15.1263370514, 87.4227294922, 109.741172791, 208.842575073, 347.981018066, 1852.56298828, 4673.53857422, 5662.48242188, 6219.35400391, 26636.6523438, 23953.0371094, 8239.28027344, 4101.52197266, 10571.9746094, 41907.1210938, 4198.32714844, 4294.375, 1562.36328125, 1641.91467285, 1193.11645508, 336.82800293, 705.714904785, 206.301544189, 127.662124634, 358.8203125, 645.261657715, 303.889984131, 303.302825928, 53.8461456299, 29.6112270355, 6.07052993774, 0.811124205589, 0.151001527905, 0.002707144944, 2.32819184021e-06, 4.19230161697e-09, 1.25208410306e-09]
    },
    "gfcc": {
        "mean": [4.52451133728, 88.672203064, -142.031051636, 42.6388626099, -66.022277832, 30.6058940887, -33.0636329651, 11.1893978119, -16.9227581024, -3.5395731926, -16.2729949951, -2.45261192322, -7.54702854156],
        "cov": [[4856.30371094, -260.165161133, 1302.21240234, 689.659423828, 365.576568604, 437.952667236, -70.0327835083, 255.64755249, 3.6119530201, 571.998840332, -54.1224937439, 329.459655762, -234.940032959], [-260.165161133, 1503.05810547, 840.101257324, 467.769348145, 291.594787598, -78.998336792, -16.9113330841, -162.670715332, 137.499267578, -25.7005062103, 190.890991211, -45.2157707214, 48.7953491211], [1302.21240234, 840.101257324, 1920.46508789, 890.561706543, 394.768829346, 191.710708618, -203.508605957, -11.3469467163, 38.2667427063, 327.010437012, 65.3793716431, 213.275253296, -102.197563171], [689.659423828, 467.769348145, 890.561706543, 615.698181152, 267.745117188, 110.497406006, -78.5397720337, -35.5162467957, 53.3621330261, 150.162719727, 54.8074493408, 88.2733306885, -15.2190122604], [365.576568604, 291.594787598, 394.768829346, 267.745117188, 305.226654053, 114.545524597, 48.8419113159, 43.1128463745, 12.0338726044, 110.43699646, 34.2014122009, 43.0736427307, 6.81988477707], [437.952667236, -78.998336792, 191.710708618, 110.497406006, 114.545524597, 195.685028076, 70.9020690918, 53.2954978943, -5.4937620163, 69.6988601685, -12.907201767, 57.6221351624, -2.65344262123], [-70.0327835083, -16.9113330841, -203.508605957, -78.5397720337, 48.8419113159, 70.9020690918, 220.419082642, 75.3979644775, 0.876517474651, -16.9079360962, 6.33694410324, -22.3368091583, 34.3893661499], [255.64755249, -162.670715332, -11.3469467163, -35.5162467957, 43.1128463745, 53.2954978943, 75.3979644775, 164.661636353, 7.19284439087, 71.0963592529, -8.32033920288, 21.6427230835, -5.68026399612], [3.6119530201, 137.499267578, 38.2667427063, 53.3621330261, 12.0338726044, -5.4937620163, 0.876517474651, 7.19284439087, 134.711090088, 17.555015564, 46.78647995, -7.82831335068, 13.5769491196], [571.998840332, -25.7005062103, 327.010437012, 150.162719727, 110.43699646, 69.6988601685, -16.9079360962, 71.0963592529, 17.555015564, 210.679702759, 35.2535133362, 69.4499511719, -40.3263130188], [-54.1224937439, 190.890991211, 65.3793716431, 54.8074493408, 34.2014122009, -12.907201767, 6.33694410324, -8.32033920288, 46.78647995, 35.2535133362, 121.81867981, 1.55182087421, 11.2423210144], [329.459655762, -45.2157707214, 213.275253296, 88.2733306885, 43.0736427307, 57.6221351624, -22.3368091583, 21.6427230835, -7.82831335068, 69.4499511719, 1.55182087421, 119.144554138, -2.24387931824], [-234.940032959, 48.7953491211, -102.197563171, -15.2190122604, 6.81988477707, -2.65344262123, 34.3893661499, -5.68026399612, 13.5769491196, -40.3263130188, 11.2423210144, -2.24387931824, 102.52696991]],
        "icov": [[0.000431886146544, -0.000184529300896, 0.000251308025327, -0.000489424099214, 0.000330695824232, -0.000685337465256, 0.000245178496698, -0.000465524964966, 9.31897593546e-05, -0.000777848123107, 0.000485742610181, -0.000542258552741, 0.000724158424418], [-0.000184529300896, 0.00383838289417, -0.00295425462537, 0.00153459561989, -0.00353995524347, 0.00396765209734, -0.00269264378585, 0.00316626392305, -0.00233952188864, 0.00347370118834, -0.00343265524134, 0.00223805801943, -0.0014483948471], [0.000251308025327, -0.00295425462537, 0.00447999220341, -0.0038741233293, 0.00253430893645, -0.00343345827423, 0.00308611127548, -0.00282147340477, 0.0021443949081, -0.00338449166156, 0.00261857383884, -0.00300390506163, 0.00245547294617], [-0.000489424099214, 0.00153459561989, -0.0038741233293, 0.00800415500998, -0.00437111407518, 0.00143017433584, -0.000756498309784, 0.00369407166727, -0.00263363914564, 0.00179988902528, -0.00177965161856, 0.00177100242581, -0.00244864239357], [0.000330695824232, -0.00353995524347, 0.00253430893645, -0.00437111407518, 0.0107886539772, -0.00536078587174, 0.000670376059134, -0.00390022411011, 0.00331456074491, -0.00499818800017, 0.00255824974738, -0.000925547094084, 0.000316946505336], [-0.000685337465256, 0.00396765209734, -0.00343345827423, 0.00143017433584, -0.00536078587174, 0.014079795219, -0.00654792459682, 0.0034530533012, -0.00243402086198, 0.00338558084331, -0.0016290366184, -0.000383786013117, -0.00173613580409], [0.000245178496698, -0.00269264378585, 0.00308611127548, -0.000756498309784, 0.000670376059134, -0.00654792459682, 0.0107675576583, -0.00561248045415, 0.00194413820282, -0.000953475770075, 0.000720363110304, -2.76941864286e-05, -4.14717578678e-05], [-0.000465524964966, 0.00316626392305, -0.00282147340477, 0.00369407166727, -0.00390022411011, 0.0034530533012, -0.00561248045415, 0.0132786054164, -0.00335691776127, -0.000980490585789, -0.00094649347011, 0.00141001027077, -0.00167719763704], [9.31897593546e-05, -0.00233952188864, 0.0021443949081, -0.00263363914564, 0.00331456074491, -0.00243402086198, 0.00194413820282, -0.00335691776127, 0.010772369802, -0.00239709485322, -0.00119512854144, 3.5517688957e-05, -0.000285516958684], [-0.000777848123107, 0.00347370118834, -0.00338449166156, 0.00179988902528, -0.00499818800017, 0.00338558084331, -0.000953475770075, -0.000980490585789, -0.00239709485322, 0.0144844939932, -0.00638587400317, -0.000138264862471, 0.000855203077663], [0.000485742610181, -0.00343265524134, 0.00261857383884, -0.00177965161856, 0.00255824974738, -0.0016290366184, 0.000720363110304, -0.00094649347011, -0.00119512854144, -0.00638587400317, 0.0144887659699, -0.0023785030935, 0.000592133379541], [-0.000542258552741, 0.00223805801943, -0.00300390506163, 0.00177100242581, -0.000925547094084, -0.000383786013117, -2.76941864286e-05, 0.00141001027077, 3.5517688957e-05, -0.000138264862471, -0.0023785030935, 0.0150975491852, -0.00436791917309], [0.000724158424418, -0.0014483948471, 0.00245547294617, -0.00244864239357, 0.000316946505336, -0.00173613580409, -4.14717578678e-05, -0.00167719763704, -0.000285516958684, 0.000855203077663, 0.000592133379541, -0.00436791917309, 0.0142550077289]]
    },
    "melbands": {
        "dmean": [0.00192545447499, 0.00190098851454, 0.000410860666307, 0.000272672739811, 0.000143638069858, 0.00012837909162, 0.000150800740812, 0.000142053366289, 0.000119324562547, 0.000158565133461, 0.000194964144612, 0.000131001332193, 7.39729439374e-05, 5.23840280948e-05, 3.87836225855e-05, 7.37665468478e-05, 6.38892888674e-05, 3.04548102577e-05, 3.51811795554e-05, 1.59478786372e-05, 1.56819387485e-05, 1.55526322487e-05, 1.42907319969e-05, 9.24489449972e-06, 5.85369480177e-06, 6.0783245317e-06, 6.13041402175e-06, 3.06074957734e-06, 2.91243259198e-06, 3.15218244396e-06, 3.88727539757e-06, 4.47118964075e-06, 3.15762258651e-06, 2.31112494475e-06, 2.4614018912e-06, 1.53030032379e-06, 9.81643097475e-07, 8.06462821856e-07, 5.37786888799e-07, 3.52320284946e-07],
        "dmean2": [0.00321728596464, 0.00320380134508, 0.000704105535988, 0.000458260590676, 0.000233550133999, 0.000208768367884, 0.000235646075453, 0.000222479633521, 0.000188057645573, 0.000253399193753, 0.000308529648464, 0.000210604339372, 0.000120241027616, 8.34695747471e-05, 6.14314994891e-05, 0.000117318828416, 9.97317110887e-05, 4.8928643082e-05, 5.59363979846e-05, 2.61301465798e-05, 2.58101208601e-05, 2.55510367424e-05, 2.32151051023e-05, 1.51525619003e-05, 9.82092205959e-06, 9.98124323814e-06, 1.01082587207e-05, 5.18734213983e-06, 5.12314181833e-06, 5.24510005562e-06, 6.30761905995e-06, 7.02942179487e-06, 4.91040873385e-06, 3.51356061401e-06, 3.68947303286e-06, 2.36487107941e-06, 1.50513051267e-06, 1.21362154459e-06, 8.12012274309e-07, 5.36935488071e-07],
        "dvar": [1.30003572849e-05, 1.07910873339e-05, 4.18670083491e-07, 2.19204594032e-07, 9.73605622789e-08, 7.00603592918e-08, 1.64785660672e-07, 1.65525079865e-07, 1.58034154651e-07, 1.22024545135e-07, 2.30426437042e-07, 9.55404146907e-08, 3.11384198426e-08, 1.84123560842e-08, 1.47149368246e-08, 4.53114097354e-08, 3.33784697659e-08, 6.13799278071e-09, 9.52211820504e-09, 1.31109911816e-09, 8.72851679823e-10, 8.83573825217e-10, 8.07140743131e-10, 2.34613717343e-10, 9.84608852783e-11, 1.74962669353e-10, 2.21812471168e-10, 3.50142657923e-11, 4.01577208986e-11, 4.77638727181e-11, 7.11837255807e-11, 9.04615479747e-11, 4.21040355358e-11, 3.89557795744e-11, 4.96520637105e-11, 1.88558196834e-11, 6.76937282271e-12, 6.95205915405e-12, 2.74018676673e-12, 1.09391781657e-12],
        "dvar2": [3.38719546562e-05, 2.88162718789e-05, 1.16588569199e-06, 5.99728082307e-07, 2.37352608679e-07, 1.75119552637e-07, 3.92511935843e-07, 3.95926974761e-07, 3.7249051843e-07, 3.05436600456e-07, 5.71408747874e-07, 2.24460123377e-07, 7.32772562628e-08, 3.85065099806e-08, 3.17913055881e-08, 1.1470933714e-07, 7.74446249352e-08, 1.42866465325e-08, 2.03581933533e-08, 3.08078029754e-09, 2.08741357532e-09, 2.13780260161e-09, 2.03903782747e-09, 6.04647998337e-10, 2.74038569614e-10, 4.31955554658e-10, 6.02887628709e-10, 9.51359477308e-11, 1.13300750726e-10, 1.23456189716e-10, 1.75329820107e-10, 2.08053921313e-10, 9.22555573601e-11, 8.39741262637e-11, 1.0259863098e-10, 4.2668445166e-11, 1.41869380826e-11, 1.3166113165e-11, 5.3692762042e-12, 2.09369479219e-12],
        "max": [0.0399210564792, 0.0403884127736, 0.00963264610618, 0.0085510769859, 0.00670466944575, 0.00486180046573, 0.00875618681312, 0.0124330511317, 0.0115273091942, 0.00620709499344, 0.00999222882092, 0.00619897665456, 0.00713718915358, 0.0040474999696, 0.00428592320532, 0.00452883169055, 0.00644007883966, 0.00263414345682, 0.00235078879632, 0.00114617880899, 0.000678790092934, 0.000740512507036, 0.000739497307222, 0.000309055350954, 0.000253707316006, 0.00037819184945, 0.000572338642087, 0.00014475529315, 0.000109202272142, 0.000141990050906, 0.000182954085176, 0.000226858377573, 0.000153375513037, 0.000217529741349, 0.000238577718846, 0.000150620893692, 8.07045871625e-05, 0.000128872619825, 6.83758407831e-05, 5.05397292727e-05],
        "mean": [0.00267397309653, 0.00335545395501, 0.000699676689692, 0.000469933904242, 0.000255566672422, 0.000221440277528, 0.000293702207273, 0.000258016021689, 0.000203724455787, 0.000288496812573, 0.000374202296371, 0.000281297194306, 0.00016371892707, 8.93062606337e-05, 6.62372040097e-05, 0.000143899960676, 0.000121742137708, 5.21316178492e-05, 6.13896991126e-05, 2.9359554901e-05, 2.9830416679e-05, 2.9064125556e-05, 2.67213508778e-05, 1.86923462024e-05, 1.20521235658e-05, 1.21571356431e-05, 1.19212991194e-05, 5.62781497138e-06, 4.67483687316e-06, 5.74091245653e-06, 7.60736065786e-06, 9.71190183918e-06, 6.86945850248e-06, 4.76469176647e-06, 4.77376079289e-06, 2.87314855996e-06, 1.97124495571e-06, 1.56253975092e-06, 1.05040487597e-06, 6.8730548719e-07],
        "median": [0.000966834486462, 0.00162183505017, 0.000497103785165, 0.000252236961387, 0.000115557777463, 7.78395260568e-05, 7.87888129707e-05, 6.29265778116e-05, 4.66445817437e-05, 7.13758417987e-05, 7.78308312874e-05, 5.74356599827e-05, 4.2862866394e-05, 3.34955257131e-05, 2.21056106966e-05, 3.11242365569e-05, 2.58743293671e-05, 1.87771638593e-05, 2.09171248571e-05, 1.38040104503e-05, 1.42830840559e-05, 1.48142216858e-05, 1.27657576741e-05, 9.98023188004e-06, 6.75902629155e-06, 5.35140361535e-06, 4.14087116951e-06, 2.66173401542e-06, 2.00948011297e-06, 2.80838003164e-06, 3.34969581672e-06, 3.866602583e-06, 2.94622259389e-06, 1.93750088329e-06, 1.53577752826e-06, 9.72848056335e-07, 6.70875351716e-07, 4.08515802519e-07, 2.83800687839e-07, 1.93568197915e-07],
        "min": [4.85277488836e-24, 1.03189001746e-23, 1.87814796883e-23, 5.78173512376e-24, 1.04263714289e-23, 4.41680183719e-24, 8.53602009738e-24, 1.34799841509e-23, 1.97281206631e-23, 8.18856867825e-24, 3.70956870856e-24, 5.59292047724e-24, 1.04078615966e-23, 6.63419241744e-24, 1.79221451052e-23, 7.66090435192e-24, 7.63341728254e-24, 9.00924513264e-24, 7.24297373294e-24, 1.37424129306e-23, 1.1962779016e-23, 1.33128276806e-23, 8.56234754123e-24, 7.77654504974e-24, 9.95384532436e-24, 1.02052008634e-23, 6.48463109513e-24, 8.58551638601e-24, 1.282506315e-23, 7.54738332335e-24, 7.22703243177e-24, 7.16852498501e-24, 5.48896004841e-24, 8.26639375086e-24, 1.37657853015e-23, 1.31724404161e-23, 1.11365403033e-23, 1.1536483316e-23, 1.36233974858e-23, 9.35130705406e-24],
        "var": [1.80588594958e-05, 2.07515404327e-05, 6.63567732317e-07, 4.44848382131e-07, 2.19739391127e-07, 1.54903830207e-07, 5.26107044152e-07, 4.85544148887e-07, 4.76151569728e-07, 3.34923242917e-07, 7.1914939781e-07, 4.23691204787e-07, 1.88700042258e-07, 4.49126495994e-08, 3.32524976443e-08, 1.47434093378e-07, 1.2635315727e-07, 1.35218458652e-08, 2.27475815961e-08, 3.02982194889e-09, 2.25432450485e-09, 1.90115723164e-09, 1.758518553e-09, 5.67373981131e-10, 2.25450741409e-10, 3.81633502577e-10, 4.79727257918e-10, 5.9541302444e-11, 4.86741827399e-11, 7.93172125202e-11, 1.51065285281e-10, 2.73845390808e-10, 1.22674315151e-10, 1.01675085018e-10, 1.26294419367e-10, 4.28233490335e-11, 1.7883044004e-11, 1.91551670359e-11, 8.13920632281e-12, 3.34756918366e-12]
    },
    "mfcc": {
        "mean": [-623.707580566, 104.333068848, -10.4121866226, 14.8224420547, -1.5683119297, 13.9008684158, -2.44178199768, 14.930721283, 3.4579603672, 2.82687830925, 3.36467909813, -2.4489235878, -4.27130651474],
        "cov": [[3727.390625, -455.561187744, 623.918273926, 330.793914795, 355.936096191, 285.802185059, 125.457580566, 23.993303299, 91.3927993774, 126.758460999, 202.642562866, 169.720306396, 111.626045227], [-455.561187744, 1088.11474609, 533.896362305, 435.570495605, 289.497070312, 128.867111206, 27.4983654022, -23.2308502197, -58.1266288757, -10.3176870346, 55.0979499817, 68.4798355103, 59.5405960083], [623.918273926, 533.896362305, 1420.37390137, 693.608764648, 595.5625, 336.344818115, -14.3639259338, -60.408416748, -62.4097633362, -6.18409442902, 97.1563873291, 154.134048462, 119.680389404], [330.793914795, 435.570495605, 693.608764648, 565.84173584, 385.756988525, 214.536727905, 46.4323654175, -45.9743690491, -3.25072789192, 9.56036567688, 61.7492294312, 95.7664718628, 90.5219192505], [355.936096191, 289.497070312, 595.5625, 385.756988525, 422.248779297, 193.528503418, 27.572221756, -31.1147575378, -4.53874015808, 18.6769886017, 54.9933433533, 80.5376968384, 68.7604141235], [285.802185059, 128.867111206, 336.344818115, 214.536727905, 193.528503418, 232.281356812, 58.2158088684, 18.3889255524, 19.416513443, 1.75988984108, 40.1053581238, 23.8134479523, 26.6820659637], [125.457580566, 27.4983654022, -14.3639259338, 46.4323654175, 27.572221756, 58.2158088684, 215.083358765, 38.6441192627, 63.282119751, 43.714515686, 17.3446617126, 23.6689605713, 9.66738319397], [23.993303299, -23.2308502197, -60.408416748, -45.9743690491, -31.1147575378, 18.3889255524, 38.6441192627, 121.741943359, 40.8258743286, 12.2866134644, 3.97754859924, -23.8082733154, -17.1347637177], [91.3927993774, -58.1266288757, -62.4097633362, -3.25072789192, -4.53874015808, 19.416513443, 63.282119751, 40.8258743286, 119.244987488, 43.5969619751, 3.46280431747, -11.4579114914, -2.88420009613], [126.758460999, -10.3176870346, -6.18409442902, 9.56036567688, 18.6769886017, 1.75988984108, 43.714515686, 12.2866134644, 43.5969619751, 99.5433044434, 39.6198425293, 26.3643074036, 6.32748031616], [202.642562866, 55.0979499817, 97.1563873291, 61.7492294312, 54.9933433533, 40.1053581238, 17.3446617126, 3.97754859924, 3.46280431747, 39.6198425293, 100.616149902, 55.6652603149, 22.7548809052], [169.720306396, 68.4798355103, 154.134048462, 95.7664718628, 80.5376968384, 23.8134479523, 23.6689605713, -23.8082733154, -11.4579114914, 26.3643074036, 55.6652603149, 109.7212677, 52.143371582], [111.626045227, 59.5405960083, 119.680389404, 90.5219192505, 68.7604141235, 26.6820659637, 9.66738319397, -17.1347637177, -2.88420009613, 6.32748031616, 22.7548809052, 52.143371582, 98.7623519897]],
