{
"lowlevel": {
    "average_loudness": 0.965720891953,
    "barkbands_crest": {
        "dmean": 2.64018917084,
        "dmean2": 4.40310335159,
        "dvar": 5.93754243851,
        "dvar2": 16.1835079193,
        "max": 25.8704795837,
        "mean": 11.2461175919,
        "median": 10.7962608337,
        "min": 2.0820376873,
        "var": 14.6611852646
    },
    "barkbands_flatness_db": {
        "dmean": 0.0186502952129,
        "dmean2": 0.029218332842,
        "dvar": 0.000310400355374,
        "dvar2": 0.000734230445232,
        "max": 0.388935685158,
        "mean": 0.122005395591,
        "median": 0.115645430982,
        "min": 0.0246588941664,
        "var": 0.00159888376947
    },
    "barkbands_kurtosis": {
        "dmean": 2.08010029793,
        "dmean2": 3.28373289108,
        "dvar": 12.4552221298,
        "dvar2": 29.104347229,
        "max": 78.3789749146,
        "mean": 3.12875151634,
        "median": 1.18062472343,
        "min": -1.92763185501,
        "var": 35.7127876282
    },
    "barkbands_skewness": {
        "dmean": 0.493036985397,
        "dmean2": 0.773746907711,
        "dvar": 0.246762529016,
        "dvar2": 0.566147387028,
        "max": 7.84155082703,
        "mean": 1.54766643047,
        "median": 1.35922241211,
        "min": -5.20108413696,
        "var": 1.24868071079
    },
    "barkbands_spread": {
        "dmean": 5.78211069107,
        "dmean2": 8.92369651794,
        "dvar": 50.6276741028,
        "dvar2": 102.656105042,
        "max": 110.439804077,
        "mean": 28.4408054352,
        "median": 26.4629096985,
        "min": 1.0683529377,
        "var": 202.69883728
    },
    "dissonance": {
        "dmean": 0.0157072898,
        "dmean2": 0.0265742093325,
        "dvar": 0.00027265335666,
        "dvar2": 0.000761072791647,
        "max": 0.499999940395,
        "mean": 0.470187932253,
        "median": 0.476913392544,
        "min": 0.265361458063,
        "var": 0.000584426743444
    },
    "dynamic_complexity": 1.89510428905,
    "erbbands_crest": {
        "dmean": 2.36527919769,
        "dmean2": 3.84872698784,
        "dvar": 5.40304279327,
        "dvar2": 13.7460689545,
        "max": 28.0307350159,
        "mean": 8.11896705627,
        "median": 6.96055412292,
        "min": 2.33732819557,
        "var": 17.5000267029
    },
    "erbbands_flatness_db": {
        "dmean": 0.01363575086,
        "dmean2": 0.0208429582417,
        "dvar": 0.000183934753295,
        "dvar2": 0.000406372739235,
        "max": 0.352065831423,
        "mean": 0.135023370385,
        "median": 0.12797743082,
        "min": 0.0560496598482,
        "var": 0.00155880628154
    },
    "erbbands_kurtosis": {
        "dmean": 0.762522637844,
        "dmean2": 1.22607672215,
        "dvar": 1.42554736137,
        "dvar2": 3.39582157135,
        "max": 35.5564575195,
        "mean": 0.513157606125,
        "median": -0.14083302021,
        "min": -1.7936848402,
        "var": 4.10694265366
    },
    "erbbands_skewness": {
        "dmean": 0.300168991089,
        "dmean2": 0.46257430315,
        "dvar": 0.0848282650113,
        "dvar2": 0.186458230019,
        "max": 3.9925467968,
        "mean": 0.137510761619,
        "median": 0.0851483866572,
        "min": -4.95319414139,
        "var": 0.54284542799
    },
    "erbbands_spread": {
        "dmean": 7.41083526611,
        "dmean2": 11.5728254318,
        "dvar": 61.5538711548,
        "dvar2": 139.451385498,
        "max": 157.930709839,
        "mean": 42.7111816406,
        "median": 41.1685676575,
        "min": 6.55143976212,
        "var": 405.966583252
    },
    "hfc": {
        "dmean": 7.94777679443,
        "dmean2": 11.8723735809,
        "dvar": 95.6940155029,
        "dvar2": 200.351608276,
        "max": 252.284683228,
        "mean": 34.975227356,
        "median": 33.1019020081,
        "min": 1.18813099753e-16,
        "var": 389.255523682
    },
    "melbands_crest": {
        "dmean": 3.36708807945,
        "dmean2": 5.69673490524,
        "dvar": 8.46373558044,
        "dvar2": 23.252696991,
        "max": 32.9829902649,
        "mean": 16.5525245667,
        "median": 16.5446166992,
        "min": 2.06008243561,
        "var": 20.8826236725
    },
    "melbands_flatness_db": {
        "dmean": 0.0232075173408,
        "dmean2": 0.0368206575513,
        "dvar": 0.000505765143316,
        "dvar2": 0.00122305587865,
        "max": 0.440572142601,
        "mean": 0.186147466302,
        "median": 0.181225046515,
        "min": 0.00639790156856,
        "var": 0.0022386489436
    },
    "melbands_kurtosis": {
        "dmean": 7.66874647141,
        "dmean2": 12.1518888474,
        "dvar": 161.838668823,
        "dvar2": 377.358886719,
        "max": 262.326385498,
        "mean": 16.4513568878,
        "median": 8.64871501923,
        "min": -1.55640423298,
        "var": 523.475341797
    },
    "melbands_skewness": {
        "dmean": 0.800870835781,
        "dmean2": 1.26194989681,
        "dvar": 0.693599104881,
        "dvar2": 1.63696956635,
        "max": 14.2358427048,
        "mean": 3.10850095749,
        "median": 2.68855857849,
        "min": -2.17255377769,
        "var": 3.88495564461
    },
    "melbands_spread": {
        "dmean": 7.04320573807,
        "dmean2": 11.2539310455,
        "dvar": 97.8193283081,
        "dvar2": 220.661514282,
        "max": 203.613449097,
        "mean": 25.271156311,
        "median": 23.0396728516,
        "min": 1.14616203308,
        "var": 259.329711914
    },
    "pitch_salience": {
        "dmean": 0.0686021745205,
        "dmean2": 0.113203033805,
        "dvar": 0.00407998729497,
        "dvar2": 0.0109256599098,
        "max": 0.891171872616,
        "mean": 0.467071861029,
        "median": 0.458874166012,
        "min": 0.113133497536,
        "var": 0.0103556457907
    },
    "silence_rate_20dB": {
        "dmean": 0,
        "dmean2": 0,
        "dvar": 0,
        "dvar2": 0,
        "max": 1,
        "mean": 1,
        "median": 1,
        "min": 1,
        "var": 0
    },
    "silence_rate_30dB": {
        "dmean": 0.011966493912,
        "dmean2": 0.0239361710846,
        "dvar": 0.0118249328807,
        "dvar2": 0.0300180409104,
        "max": 1,
        "mean": 0.989763379097,
        "median": 1,
        "min": 0,
        "var": 0.0101325726137
    },
    "silence_rate_60dB": {
        "dmean": 0.00372290913947,
        "dmean2": 0.00731382984668,
        "dvar": 0.0037088659592,
        "dvar2": 0.00832407642156,
        "max": 1,
        "mean": 0.00864131841809,
        "median": 0,
        "min": 0,
        "var": 0.0085679506883
    },
    "spectral_centroid": {
        "dmean": 229.963470459,
        "dmean2": 354.148345947,
        "dvar": 70386.6953125,
        "dvar2": 134187.703125,
        "max": 10844.8994141,
        "mean": 1684.35375977,
        "median": 1629.27075195,
        "min": 306.1121521,
        "var": 296164.03125
    },
    "spectral_complexity": {
        "dmean": 4.29224824905,
        "dmean2": 6.5514626503,
        "dvar": 18.6704711914,
        "dvar2": 37.4058418274,
        "max": 60,
        "mean": 26.7277317047,
        "median": 27,
        "min": 0,
        "var": 92.2612686157
    },
    "spectral_decrease": {
        "dmean": 3.51617934768e-09,
        "dmean2": 5.68339997287e-09,
        "dvar": 1.63966387998e-17,
        "dvar2": 4.11070019299e-17,
        "max": 1.53663675944e-29,
        "mean": -1.25624302072e-08,
        "median": -1.21631824612e-08,
        "min": -5.11201285747e-08,
        "var": 3.5817142208e-17
    },
    "spectral_energy": {
        "dmean": 0.0136669082567,
        "dmean2": 0.0220375973731,
        "dvar": 0.000243531423621,
        "dvar2": 0.000608687871136,
        "max": 0.196385338902,
        "mean": 0.0505858547986,
        "median": 0.0489974170923,
        "min": 1.07187105828e-20,
        "var": 0.000545219285414
    },
    "spectral_energyband_high": {
        "dmean": 0.000553012650926,
        "dmean2": 0.000808095966931,
        "dvar": 1.18969342111e-06,
        "dvar2": 2.19107187149e-06,
        "max": 0.0381564497948,
        "mean": 0.0016828229418,
        "median": 0.00119083491154,
        "min": 7.84452856506e-21,
        "var": 3.43844135386e-06
    },
    "spectral_energyband_low": {
        "dmean": 0.0115027055144,
        "dmean2": 0.0190323218703,
        "dvar": 0.000205496136914,
        "dvar2": 0.000549894291908,
        "max": 0.171425059438,
        "mean": 0.028274141252,
        "median": 0.0260963067412,
        "min": 3.25277738145e-23,
        "var": 0.000365164363757
    },
    "spectral_energyband_middle_high": {
        "dmean": 0.00308966101147,
        "dmean2": 0.00482450379059,
        "dvar": 1.92586248886e-05,
        "dvar2": 5.04173076479e-05,
        "max": 0.0686149150133,
        "mean": 0.0105013484135,
        "median": 0.00704870512709,
        "min": 1.39216769012e-21,
        "var": 9.78746757028e-05
    },
    "spectral_energyband_middle_low": {
        "dmean": 0.00378253450617,
        "dmean2": 0.00587894907221,
        "dvar": 2.86180329567e-05,
        "dvar2": 6.14036107436e-05,
        "max": 0.137218549848,
        "mean": 0.0109337288886,
        "median": 0.00824309512973,
        "min": 3.33469831453e-22,
        "var": 8.67105263751e-05
    },
    "spectral_entropy": {
        "dmean": 0.104158461094,
        "dmean2": 0.153408765793,
        "dvar": 0.0116324527189,
        "dvar2": 0.0215179715306,
        "max": 9.80707168579,
        "mean": 7.89385652542,
        "median": 7.90392446518,
        "min": 5.66135931015,
        "var": 0.0762126520276
    },
    "spectral_flux": {
        "dmean": 0.0261875577271,
        "dmean2": 0.0398888736963,
        "dvar": 0.000723924487829,
        "dvar2": 0.00151911342982,
        "max": 0.348849833012,
        "mean": 0.107510611415,
        "median": 0.100984886289,
        "min": 1.03531204443e-10,
        "var": 0.00186268333346
    },
    "spectral_kurtosis": {
        "dmean": 0.725398957729,
        "dmean2": 1.21534013748,
        "dvar": 0.497859656811,
        "dvar2": 1.40961003304,
        "max": 16.7200279236,
        "mean": 2.48829507828,
        "median": 2.43621325493,
        "min": -1.18789863586,
        "var": 1.5196608305
    },
    "spectral_rms": {
        "dmean": 0.00093759741867,
        "dmean2": 0.00148471212015,
        "dvar": 9.37641402743e-07,
        "dvar2": 2.22567450692e-06,
        "max": 0.0138418003917,
        "mean": 0.00681207561865,
        "median": 0.00691392458975,
        "min": 3.23377154048e-12,
        "var": 2.94761980513e-06
    },
    "spectral_rolloff": {
        "dmean": 498.274078369,
        "dmean2": 822.389770508,
        "dvar": 944968.0625,
        "dvar2": 1921735.75,
        "max": 18863.0859375,
        "mean": 1413.61450195,
        "median": 1141.25976562,
        "min": 86.1328125,
        "var": 2121218.75
    },
    "spectral_skewness": {
        "dmean": 0.125545278192,
        "dmean2": 0.200382441282,
        "dvar": 0.0135481869802,
        "dvar2": 0.0311289802194,
        "max": 2.96858739853,
        "mean": 1.19919991493,
        "median": 1.21095180511,
        "min": -0.559377491474,
        "var": 0.0754491984844
    },
    "spectral_spread": {
        "dmean": 404359.90625,
        "dmean2": 600080.875,
        "dvar": 452441767936,
        "dvar2": 631475273728,
        "max": 40135412,
        "mean": 4938657,
        "median": 4684670.5,
        "min": 2564084.5,
        "var": 1.66426548634e+12
    },
    "spectral_strongpeak": {
        "dmean": 0.536220669746,
        "dmean2": 0.958677470684,
        "dvar": 1.28624761105,
        "dvar2": 3.47823619843,
        "max": 10.215508461,
        "mean": 0.794104218483,
        "median": 0.358547270298,
        "min": 3.16948400858e-09,
        "var": 1.57775557041
    },
    "zerocrossingrate": {
        "dmean": 0.0094233546406,
        "dmean2": 0.0113136451691,
        "dvar": 0.000150849184138,
        "dvar2": 0.000160796087584,
        "max": 0.49560546875,
        "mean": 0.060605622828,
        "median": 0.054931640625,
        "min": 0.00830078125,
        "var": 0.000945659761783
    },
    "barkbands": {
        "dmean": [0.000544725218788, 0.00903071928769, 0.00414573773742, 0.000924297142774, 0.000991988345049, 0.000899942882825, 0.00102931633592, 0.00106976123061, 0.0012064325856, 0.000809095392469, 0.00122078845743, 0.000846438750159, 0.000600171275437, 0.000661247351673, 0.000469329388579, 0.000330321374349, 0.000300370302284, 0.000226000571274, 0.000236600157223, 0.000180278831976, 0.00014438002836, 0.00015911430819, 0.000156673893798, 0.000112746165541, 6.6891516326e-05, 1.94934527826e-05, 3.24637198901e-06],
        "dmean2": [0.000884627865162, 0.015134611167, 0.00688970740885, 0.00156312249601, 0.00159299804363, 0.00145465414971, 0.00162663601805, 0.00167292309925, 0.00186275993474, 0.00129290600307, 0.00202626152895, 0.00138145778328, 0.000974586931989, 0.00105771142989, 0.000767958059441, 0.00053060927894, 0.000491276732646, 0.000367858301615, 0.000384145096177, 0.000297155085718, 0.000234683102462, 0.000246616516961, 0.000239655259065, 0.000167961436091, 9.67314990703e-05, 3.09556453431e-05, 5.77150331083e-06],
        "dvar": [6.62451952849e-07, 0.000153833054355, 2.45161263592e-05, 3.36698303727e-06, 4.80397329738e-06, 3.24395864482e-06, 4.59173770651e-06, 7.02230045135e-06, 4.38955066784e-06, 4.55777126263e-06, 1.00909692264e-05, 4.15742215409e-06, 1.70956991496e-06, 1.50831328938e-06, 1.00210820619e-06, 4.18098210275e-07, 1.75943100089e-07, 8.08885545212e-08, 1.25079864688e-07, 8.73997052508e-08, 6.20601880996e-08, 8.90545166499e-08, 2.05776785833e-07, 7.16802617262e-08, 3.70227333235e-08, 3.16283177426e-09, 4.20044249383e-10],
        "dvar2": [1.63955280641e-06, 0.000422039272962, 6.66643318255e-05, 8.97979407455e-06, 9.46376258071e-06, 7.96415861259e-06, 1.10392247734e-05, 1.72841064341e-05, 1.00743773146e-05, 1.23227246149e-05, 2.74041576631e-05, 1.10191776912e-05, 4.28997600466e-06, 3.717622576e-06, 2.54948986367e-06, 1.02252340639e-06, 4.67825742589e-07, 1.99790321176e-07, 2.84515522253e-07, 2.09943252116e-07, 1.42597528452e-07, 1.81527568088e-07, 4.03110448133e-07, 1.33273758252e-07, 6.76291236346e-08, 7.56619389364e-09, 1.18568976859e-09],
        "max": [0.0105153135955, 0.157911926508, 0.0705110430717, 0.0414733439684, 0.11017781496, 0.0577063933015, 0.0430998131633, 0.0614615231752, 0.0387458652258, 0.0475646667182, 0.0538698099554, 0.0397785007954, 0.034503120929, 0.0220092777163, 0.0213463231921, 0.017633644864, 0.00787164922804, 0.00659240502864, 0.0127253429964, 0.0107748601586, 0.00738506624475, 0.0114077636972, 0.0234448257834, 0.005503422115, 0.00453266175464, 0.00204440345988, 0.000501470349263],
        "mean": [0.000787738710642, 0.0197798609734, 0.0070373499766, 0.00121842080262, 0.00187898275908, 0.00173731183168, 0.00165950437076, 0.00173268141225, 0.0023313772399, 0.00136520469096, 0.00221554958262, 0.00157478125766, 0.00103056419175, 0.00116980983876, 0.000842915498652, 0.000632818555459, 0.000604970206041, 0.000505463976879, 0.000541448127478, 0.000407839979744, 0.000350991671439, 0.000403678975999, 0.000348712375853, 0.000265095994109, 0.000127263003378, 3.32594208885e-05, 2.34114145314e-06],
        "median": [0.000506297685206, 0.0177586600184, 0.00516980420798, 0.00061715231277, 0.00100627006032, 0.000870356278028, 0.000759851245675, 0.000428740051575, 0.000846422975883, 0.000443659519078, 0.000440022558905, 0.000438908289652, 0.000322842941387, 0.000482014904264, 0.000388094049413, 0.000327395682689, 0.000413612578996, 0.000389787950553, 0.000399048352847, 0.000293969467748, 0.000268903124379, 0.000287227769149, 0.000202457245905, 0.000153421860887, 4.79087539134e-05, 1.41890268424e-05, 2.63031211034e-07],
        "min": [7.74319674383e-24, 6.9033296702e-24, 2.02129719304e-23, 1.35815105494e-23, 5.44291494735e-23, 2.93103635918e-23, 9.38696830014e-23, 4.22047936477e-23, 7.36478142977e-23, 1.05469024332e-22, 4.83663305874e-23, 5.41250783044e-23, 9.77808995457e-23, 1.85731254304e-22, 1.61047758715e-22, 8.78532743801e-23, 1.72154970747e-22, 9.31790068799e-23, 3.01531718544e-22, 2.96917475472e-22, 3.48796124043e-22, 5.38281472732e-22, 8.07704457218e-22, 1.1383569319e-21, 1.27074308939e-21, 1.59898192738e-21, 2.19841342362e-21],
        "var": [9.4801657724e-07, 0.000219916837523, 4.76643035654e-05, 4.59853208667e-06, 1.22028304759e-05, 7.21399692338e-06, 7.69179769122e-06, 1.37459692269e-05, 1.44605510286e-05, 1.02364119812e-05, 2.58705458691e-05, 1.21059401863e-05, 4.11742576034e-06, 3.75405033992e-06, 2.02264118343e-06, 9.09206335109e-07, 3.9225167825e-07, 1.88408478152e-07, 3.19210926136e-07, 1.91198537891e-07, 1.2723069176e-07, 2.07700296073e-07, 4.1861304112e-07, 2.08356382814e-07, 1.13616692943e-07, 6.67354083106e-09, 2.52390858213e-10]
    },
    "erbbands": {
        "dmean": [0.304275691509, 2.05246067047, 5.05915784836, 3.16535425186, 2.90879297256, 3.58626294136, 6.34639644623, 7.43466615677, 10.3546257019, 21.0812072754, 24.0999946594, 22.2171764374, 28.559633255, 36.0786895752, 35.8493690491, 31.3974285126, 22.8641109467, 31.0842704773, 23.8816795349, 22.2655296326, 16.8503799438, 16.8273468018, 12.3506784439, 9.8174200058, 12.3355922699, 7.47920942307, 5.62530326843, 6.21985673904, 6.06034183502, 4.71073198318, 4.61394119263, 2.81028437614, 1.74297475815, 0.872632741928, 0.463650226593, 0.133800312877, 0.0249001476914, 0.00524441339076, 0.000621331855655, 2.81869342871e-05],
        "dmean2": [0.509400904179, 3.4690926075, 8.42248630524, 5.32519626617, 4.82263946533, 5.79094457626, 10.0065851212, 11.9598255157, 16.472492218, 32.9572715759, 37.4048805237, 34.3138504028, 44.6226234436, 58.4447174072, 58.9549980164, 50.3603210449, 37.0491065979, 50.3488769531, 37.745059967, 35.7674674988, 27.2944812775, 27.6254253387, 20.0071697235, 16.0524368286, 19.8592338562, 12.1860389709, 9.23955154419, 9.95148944855, 9.41222381592, 7.22914123535, 7.05611658096, 4.29358959198, 2.59695196152, 1.28036415577, 0.679235458374, 0.205931454897, 0.04026510939, 0.00888231117278, 0.00111176283099, 4.6855679102e-05],
        "dvar": [0.182145580649, 8.50962257385, 36.8740959167, 23.0944728851, 36.7411231995, 77.4117355347, 262.868682861, 287.157928467, 658.756103516, 2129.11181641, 3107.56396484, 1878.01721191, 3991.35791016, 7258.1640625, 7145.29150391, 5692.27490234, 2242.04833984, 3444.08349609, 2610.8894043, 2241.15112305, 795.505371094, 580.032958984, 230.100738525, 197.162521362, 385.829376221, 170.208892822, 99.9532775879, 110.236656189, 117.4164505, 144.819656372, 187.849258423, 38.459602356, 21.6842536926, 6.10686731339, 2.4868183136, 0.214914217591, 0.00267666671425, 0.000248493102845, 3.1421543099e-05, 1.09726761011e-08],
        "dvar2": [0.495159596205, 24.0141830444, 100.371109009, 63.563117981, 89.6715698242, 142.91784668, 558.692871094, 724.713256836, 1664.14831543, 5013.70947266, 7521.23095703, 4418.27490234, 9662.32324219, 19176.2109375, 19062.2363281, 14127.5839844, 5649.52441406, 9000.28515625, 6030.49511719, 5509.59082031, 2039.38049316, 1559.66931152, 571.765930176, 474.980560303, 817.146728516, 377.222137451, 223.886001587, 250.615661621, 240.563110352, 282.516448975, 381.596435547, 74.9266204834, 40.6822052002, 11.4399909973, 5.2026257515, 0.48738977313, 0.00663749221712, 0.000681001110934, 9.03673644643e-05, 3.10118331015e-08],
        "max": [6.38444566727, 36.71434021, 75.5331573486, 89.7271270752, 237.961181641, 446.190826416, 763.840270996, 713.784790039, 545.815246582, 1023.90985107, 1011.09881592, 961.370849609, 1497.72680664, 1500.0020752, 1686.81811523, 1333.84631348, 1251.54956055, 981.420410156, 1201.00195312, 1079.22412109, 610.565490723, 570.730957031, 256.537017822, 404.656616211, 837.087402344, 544.969787598, 396.65524292, 313.308807373, 320.811004639, 668.477783203, 692.302246094, 136.798126221, 107.953132629, 82.8369216919, 53.8259010315, 16.2117156982, 1.10228478909, 0.439596921206, 0.162685960531, 0.00291390926577],
        "mean": [0.612322986126, 4.21288013458, 9.25307750702, 5.0885310173, 4.57946395874, 6.38120412827, 11.515827179, 14.3755521774, 18.4925994873, 33.4141921997, 42.0384063721, 42.28490448, 55.9795379639, 68.5656814575, 68.8036117554, 61.7006034851, 45.1334114075, 59.172870636, 46.3843650818, 44.9349250793, 35.5825004578, 36.6289825439, 29.6740837097, 23.7372722626, 29.2709732056, 17.9518222809, 13.3139247894, 15.1283826828, 14.9544391632, 11.4171333313, 9.87807559967, 6.47804927826, 3.80389356613, 1.6793936491, 0.837599098682, 0.232984289527, 0.0416119582951, 0.00650047138333, 0.000489053141791, 7.46678342693e-05],
        "median": [0.518888473511, 3.60900068283, 6.99564504623, 3.64585781097, 2.37647819519, 3.32145738602, 5.64070796967, 6.86937046051, 9.72552680969, 13.6293258667, 12.7058916092, 16.4197368622, 20.054107666, 20.0493850708, 18.3689956665, 17.6172523499, 16.2617492676, 24.2657356262, 22.3290729523, 22.3977241516, 20.1415710449, 25.725479126, 22.6732330322, 18.7678184509, 21.0583515167, 13.1885223389, 10.2870426178, 11.0647802353, 10.5650062561, 7.83887672424, 5.42517375946, 3.76069545746, 2.00992250443, 0.718178391457, 0.282950490713, 0.0814494788647, 0.0212680213153, 0.0030798567459, 9.7414580523e-05, 6.57258788124e-05],
        "min": [1.06147621415e-22, 2.23257763889e-21, 1.66514139182e-20, 3.20452192684e-20, 9.63038759687e-20, 2.3929787114e-19, 1.21675075706e-19, 3.44500459203e-19, 1.33052156626e-18, 1.16263078528e-18, 8.68722760289e-19, 1.79199911595e-18, 2.51212415247e-18, 3.03217260358e-18, 1.78081046419e-18, 2.22255696454e-18, 2.72248197251e-18, 9.18798227301e-18, 8.05614855931e-18, 8.15533247784e-18, 9.31055224181e-18, 6.10910767242e-18, 5.49311454206e-18, 8.67220703694e-18, 1.66847689682e-17, 1.43224585984e-17, 1.07220548934e-17, 1.87305818377e-17, 2.01167347123e-17, 1.63206424082e-17, 2.23868673833e-17, 1.97827009829e-17, 2.20066703584e-17, 1.37720377296e-17, 9.69944789808e-18, 7.29580744897e-18, 2.76373036773e-18, 1.01983035683e-18, 2.71031492118e-19, 3.65393206169e-20],
        "var": [0.269125461578, 11.2446746826, 72.4812545776, 31.8246898651, 60.2026252747, 195.649200439, 480.931854248, 656.921386719, 1061.12719727, 3808.13208008, 6347.05029297, 5151.19238281, 10544.6523438, 18329.4082031, 18534.921875, 17170.6191406, 6273.26757812, 8721.64453125, 5811.7734375, 5480.8125, 1971.75427246, 1320.22424316, 603.85748291, 436.677154541, 1062.90637207, 361.607788086, 187.541992188, 253.273681641, 283.354614258, 275.705505371, 380.813446045, 105.706466675, 59.178981781, 16.4188804626, 6.57652616501, 0.494067758322, 0.0050017060712, 0.000186734876479, 1.79290382221e-05, 7.39984917786e-09]
    },
    "gfcc": {
        "mean": [54.1489105225, 81.0601959229, -119.40007782, 49.3877906799, -56.8961029053, 30.7980823517, -28.4639377594, 17.4233512878, -14.021478653, 6.06484699249, -11.3615045547, 3.05278801918, -10.4815130234],
        "cov": [[1884.35620117, -45.5208930969, 126.493240356, -17.7790527344, 140.033340454, 163.351318359, 100.607185364, 179.036758423, 72.7182540894, 134.005264282, 11.7821483612, 58.0927124023, -33.7464332581], [-45.5208930969, 575.895751953, 53.7531318665, 54.5980529785, 81.5230407715, -54.4994773865, 82.009437561, -33.2972755432, 39.3692054749, -14.6915712357, 72.4054260254, -12.0649776459, 15.6723432541], [126.493240356, 53.7531318665, 664.208679199, 365.760223389, 117.136398315, 25.3078994751, -86.8408126831, 39.8308296204, 29.8599376678, 62.7899627686, 26.7010669708, 58.9302978516, -4.24205780029], [-17.7790527344, 54.5980529785, 365.760223389, 433.311157227, 136.913696289, -40.3034820557, -86.4770736694, 5.8349776268, 51.1807670593, 26.3205757141, 12.4648723602, 25.928899765, 26.6701545715], [140.033340454, 81.5230407715, 117.136398315, 136.913696289, 207.965774536, 66.8695907593, 54.9121589661, 37.4282798767, 13.4950885773, 32.3319358826, 15.5120306015, 17.4060325623, 13.1205997467], [163.351318359, -54.4994773865, 25.3078994751, -40.3034820557, 66.8695907593, 234.8309021, 133.020065308, 30.1068992615, -36.5926208496, 26.0399169922, 18.8951416016, 12.7205047607, -7.51454114914], [100.607185364, 82.009437561, -86.8408126831, -86.4770736694, 54.9121589661, 133.020065308, 225.028381348, 38.8083953857, -29.0799388885, 5.54015159607, 23.8667182922, -1.3839110136, -7.99242782593], [179.036758423, -33.2972755432, 39.8308296204, 5.8349776268, 37.4282798767, 30.1068992615, 38.8083953857, 129.651092529, 60.781665802, 30.5273838043, -11.3356838226, -2.12763190269, -1.22055768967], [72.7182540894, 39.3692054749, 29.8599376678, 51.1807670593, 13.4950885773, -36.5926208496, -29.0799388885, 60.781665802, 134.916107178, 36.1090812683, -9.57698917389, -19.0995025635, 2.02125477791], [134.005264282, -14.6915712357, 62.7899627686, 26.3205757141, 32.3319358826, 26.0399169922, 5.54015159607, 30.5273838043, 36.1090812683, 81.0354919434, 15.8426408768, 6.19498157501, -11.0326461792], [11.7821483612, 72.4054260254, 26.7010669708, 12.4648723602, 15.5120306015, 18.8951416016, 23.8667182922, -11.3356838226, -9.57698917389, 15.8426408768, 71.9755401611, 24.4934272766, 2.48738408089], [58.0927124023, -12.0649776459, 58.9302978516, 25.928899765, 17.4060325623, 12.7205047607, -1.3839110136, -2.12763190269, -19.0995025635, 6.19498157501, 24.4934272766, 66.0825271606, 16.5637207031], [-33.7464332581, 15.6723432541, -4.24205780029, 26.6701545715, 13.1205997467, -7.51454114914, -7.99242782593, -1.22055768967, 2.02125477791, -11.0326461792, 2.48738408089, 16.5637207031, 49.6799964905]],
        "icov": [[0.000723306497093, -0.000126822415041, 5.68886098335e-05, 0.000140704738442, -0.000239721484832, -0.00033110260847, 0.000177561174496, -0.000756726134568, -1.04555556391e-05, -0.000753567379434, 0.000365970423445, -0.000874685472809, 0.000590239127632], [-0.000126822415041, 0.00360976043157, -0.00135189690627, 0.00110901740845, -0.00182984489948, 0.00259281578474, -0.00291030085646, 0.0026370822452, -0.00250923028216, 0.00212178309448, -0.00377213349566, 0.00239804247394, -0.00150104612112], [5.68886098335e-05, -0.00135189690627, 0.00427640695125, -0.00360957044177, 0.0011143675074, -0.00212653982453, 0.00238824938424, -0.00245787901804, 0.00182521191891, -0.00187657470815, 0.00112356524915, -0.00305949291214, 0.00294870347716], [0.000140704738442, 0.00110901740845, -0.00360957044177, 0.00696744443849, -0.00403916928917, 0.00201298692264, -0.000112913505291, 0.00236412789673, -0.00259770615958, 0.00148503563832, -0.00139693345409, 0.00168034818489, -0.00294655724429], [-0.000239721484832, -0.00182984489948, 0.0011143675074, -0.00403916928917, 0.00945894233882, -0.00261362735182, -0.000643721024971, -0.00233009946533, 0.00189213396516, -0.00272430852056, 0.00200328673236, -0.0013737604022, -0.000700575939845], [-0.00033110260847, 0.00259281578474, -0.00212653982453, 0.00201298692264, -0.00261362735182, 0.00965467002243, -0.00600564293563, 0.00182570831385, 0.000112472029286, -0.000299649051158, -0.00234293728136, 0.00198709964752, -0.00169211684261], [0.000177561174496, -0.00291030085646, 0.00238824938424, -0.000112913505291, -0.000643721024971, -0.00600564293563, 0.0114090293646, -0.00503383204341, 0.00337727181613, -0.00043620535871, -4.96326538268e-05, -0.000924869906157, 0.00235321745276], [-0.000756726134568, 0.0026370822452, -0.00245787901804, 0.00236412789673, -0.00233009946533, 0.00182570831385, -0.00503383204341, 0.0154626863077, -0.00803893152624, 0.000816748477519, 0.000586166745052, 0.00100464257412, -0.00221922271885], [-1.04555556391e-05, -0.00250923028216, 0.00182521191891, -0.00259770615958, 0.00189213396516, 0.000112472029286, 0.00337727181613, -0.00803893152624, 0.0152010573074, -0.00649813842028, 0.00204017874785, 0.00269786408171, -0.000865173584316], [-0.000753567379434, 0.00212178309448, -0.00187657470815, 0.00148503563832, -0.00272430852056, -0.000299649051158, -0.00043620535871, 0.000816748477519, -0.00649813842028, 0.0203909222037, -0.00632001040503, 0.000638228026219, 0.00338168884628], [0.000365970423445, -0.00377213349566, 0.00112356524915, -0.00139693345409, 0.00200328673236, -0.00234293728136, -4.96326538268e-05, 0.000586166745052, 0.00204017874785, -0.00632001040503, 0.0224490035325, -0.00912244897336, 0.001838398166], [-0.000874685472809, 0.00239804247394, -0.00305949291214, 0.00168034818489, -0.0013737604022, 0.00198709964752, -0.000924869906157, 0.00100464257412, 0.00269786408171, 0.000638228026219, -0.00912244897336, 0.024960225448, -0.00980793312192], [0.000590239127632, -0.00150104612112, 0.00294870347716, -0.00294655724429, -0.000700575939845, -0.00169211684261, 0.00235321745276, -0.00221922271885, -0.000865173584316, 0.00338168884628, 0.001838398166, -0.00980793312192, 0.027054220438]]
    },
    "melbands": {
        "dmean": [0.00251072645187, 0.00253929197788, 0.000536759267561, 0.000216898668441, 0.000201839968213, 0.000167954392964, 0.000170395956957, 0.000235522049479, 0.000196534703718, 0.000152549997438, 0.000146791382576, 0.000145694328239, 0.000149567524204, 9.70593537204e-05, 7.07385697751e-05, 6.20365972281e-05, 5.94046650804e-05, 4.47500242444e-05, 3.75615418307e-05, 2.42055903072e-05, 2.10531870835e-05, 1.92255702132e-05, 1.5761155737e-05, 9.78721345746e-06, 8.60761792865e-06, 1.09247366709e-05, 8.89172679308e-06, 4.73637692266e-06, 3.71467331206e-06, 3.78892946173e-06, 4.09141557611e-06, 4.01094530389e-06, 3.01074237541e-06, 2.82661335405e-06, 3.03024671666e-06, 2.23837173507e-06, 1.71852150288e-06, 1.40389590797e-06, 9.54914185058e-07, 7.10386245828e-07],
        "dmean2": [0.0041956207715, 0.00425956770778, 0.000900313141756, 0.000352213683072, 0.000316933786962, 0.000270570628345, 0.000269680138445, 0.000366884662071, 0.000305894383928, 0.00023535064247, 0.000229905257584, 0.000235825646087, 0.000248443655437, 0.000158070688485, 0.000114180242235, 0.000101588688267, 9.58581294981e-05, 7.03508485458e-05, 6.08998598182e-05, 3.8168465835e-05, 3.44053732988e-05, 3.18869460898e-05, 2.56602397712e-05, 1.59861647262e-05, 1.42573007906e-05, 1.77711008291e-05, 1.46197462527e-05, 7.79616493674e-06, 6.19910588284e-06, 6.23722053206e-06, 6.57031205265e-06, 6.33063837086e-06, 4.69845235784e-06, 4.42542841483e-06, 4.70964096166e-06, 3.48939420292e-06, 2.66639153779e-06, 2.13140265259e-06, 1.44167779581e-06, 1.07017035589e-06],
        "dvar": [1.2026001059e-05, 9.99736221274e-06, 6.7733611786e-07, 1.8012498515e-07, 2.8603412261e-07, 1.31031541173e-07, 1.47985190324e-07, 2.5759314326e-07, 1.79509797249e-07, 8.1479555547e-08, 1.07019751283e-07, 1.14648450733e-07, 1.50224664708e-07, 7.7208376581e-08, 2.97224538315e-08, 1.76596248735e-08, 1.30945814192e-08, 9.68050528627e-09, 7.16414749746e-09, 2.88294099704e-09, 1.22450527495e-09, 8.00408128665e-10, 4.46147147004e-10, 1.73314834706e-10, 1.5438256229e-10, 3.1841473902e-10, 1.83858844816e-10, 9.73428837536e-11, 4.33138074019e-11, 4.43085533541e-11, 4.72892766612e-11, 4.54343125622e-11, 4.1439181947e-11, 5.36248129235e-11, 7.53676079879e-11, 3.357279732e-11, 1.45299562312e-11, 1.4623878497e-11, 7.13352293902e-12, 3.88295558901e-12],
        "dvar2": [3.26765220962e-05, 2.79237083305e-05, 1.84061991604e-06, 3.93084633288e-07, 5.64020638194e-07, 3.28120989934e-07, 3.71288734868e-07, 6.14184102687e-07, 4.29313928407e-07, 1.92341147454e-07, 2.64585395371e-07, 3.04167912191e-07, 4.08860614698e-07, 2.07773325656e-07, 7.04555915831e-08, 4.65510900938e-08, 3.3265219912e-08, 2.18219788906e-08, 1.81947967803e-08, 6.63536026124e-09, 3.21488569099e-09, 2.19965912152e-09, 1.10952358412e-09, 4.15592588121e-10, 3.8386471779e-10, 7.04301728049e-10, 4.6707659962e-10, 2.10632622455e-10, 9.39858052496e-11, 1.08461406523e-10, 1.11544329329e-10, 1.00095272348e-10, 8.46590506032e-11, 1.0633959685e-10, 1.54768864391e-10, 7.12533296254e-11, 3.03481684227e-11, 2.96416120815e-11, 1.32792761162e-11, 7.84079311894e-12],
        "max": [0.0495479367673, 0.0330238342285, 0.016529193148, 0.0186898000538, 0.028315031901, 0.0140886493027, 0.00824743323028, 0.0092016980052, 0.00683483667672, 0.00638847239316, 0.00724400905892, 0.00555642647669, 0.00773761747405, 0.00589715503156, 0.00530201662332, 0.00278845033608, 0.00204051518813, 0.00226659490727, 0.00210334314033, 0.0016152189346, 0.000773536798079, 0.000653902883641, 0.00039895719965, 0.000343124178471, 0.000359290832421, 0.000741154362913, 0.000375590345357, 0.000500669179019, 0.000301188701997, 0.000172193642356, 0.00020612035587, 0.000187894271221, 0.000279272149783, 0.000375516829081, 0.0004035916063, 0.000243878428591, 9.48664091993e-05, 8.80469451658e-05, 7.04676567693e-05, 6.67980712024e-05],
        "mean": [0.00542078679428, 0.00517072016373, 0.000921556784306, 0.000377843156457, 0.000383005244657, 0.000330268376274, 0.000297830294585, 0.000377196032787, 0.000341428123647, 0.000287920382107, 0.00028038455639, 0.000266765156994, 0.000276782317087, 0.000179683658644, 0.000126232771436, 0.000107520412712, 0.000107022096927, 7.69148464315e-05, 6.64650069666e-05, 4.71637758892e-05, 3.929542072e-05, 3.70889465557e-05, 3.36359153152e-05, 2.14389092434e-05, 1.82484818652e-05, 2.32066558965e-05, 1.89027214219e-05, 9.95810114546e-06, 8.03069542599e-06, 8.02251179266e-06, 9.07169669517e-06, 9.05720025912e-06, 6.74590546623e-06, 6.21543313173e-06, 6.02746331424e-06, 4.57599026049e-06, 3.7237266497e-06, 2.8727595236e-06, 1.88558385616e-06, 1.22753999676e-06],
        "median": [0.00483662914485, 0.00436193030328, 0.000669518020004, 0.000200890630367, 0.000189687358215, 0.000166628728039, 0.000157393369591, 0.00014288748207, 0.000102317477285, 0.000103261321783, 9.34265990509e-05, 7.73547653807e-05, 6.13519514445e-05, 4.31017833762e-05, 3.6685669329e-05, 3.43581414199e-05, 4.24026075052e-05, 3.0599279853e-05, 3.08413145831e-05, 2.3554533982e-05, 2.15215350181e-05, 2.46501822403e-05, 2.39925193455e-05, 1.62329270097e-05, 1.38422956297e-05, 1.62065261975e-05, 1.29159589051e-05, 7.03141449776e-06, 6.10097595199e-06, 5.90289482716e-06, 6.30118665867e-06, 6.13331030763e-06, 4.62728257844e-06, 4.05095033784e-06, 3.24977736454e-06, 2.44326633947e-06, 2.16897069549e-06, 1.47703633502e-06, 9.04573823846e-07, 4.74926025618e-07],
        "min": [2.07987121966e-24, 7.18824414106e-24, 7.94461344332e-24, 1.22157083326e-23, 6.05830305182e-24, 7.38471941583e-24, 2.08365790978e-23, 1.24962817019e-23, 8.66286025347e-24, 1.03661963302e-23, 1.30537807476e-23, 1.32139471215e-23, 6.13116895034e-24, 6.13358878117e-24, 4.33363144309e-24, 1.14177108403e-23, 1.7001004848e-23, 1.32146184422e-23, 1.33992331932e-23, 6.23216129001e-24, 1.39528920641e-23, 7.10850765848e-24, 6.16841935672e-24, 3.59965514092e-24, 6.76886911776e-24, 1.33544795364e-23, 9.56442098305e-24, 1.03297604227e-23, 6.23484815025e-24, 6.67684454887e-24, 1.36252781302e-23, 1.1638868784e-23, 9.70673306807e-24, 9.12500968162e-24, 1.28058685864e-23, 1.31545340625e-23, 1.18973177603e-23, 1.64898371809e-23, 1.18241737883e-23, 1.11870053132e-23],
        "var": [1.76110588654e-05, 1.65960846061e-05, 1.00314628071e-06, 4.39213067693e-07, 5.73374791202e-07, 3.00150304611e-07, 2.31770002301e-07, 4.83129952045e-07, 4.0477203811e-07, 2.3451383413e-07, 2.82086034531e-07, 2.86175350084e-07, 3.85269515846e-07, 2.08851062666e-07, 9.19387730391e-08, 3.7732931446e-08, 3.27268949718e-08, 2.2054136295e-08, 1.46956766756e-08, 6.65291688406e-09, 2.6156246058e-09, 1.58720792065e-09, 1.04166442139e-09, 3.86585069512e-10, 2.95525381944e-10, 7.73317743175e-10, 4.65224914148e-10, 1.56448715094e-10, 7.65481011911e-11, 7.81181785925e-11, 1.01929104046e-10, 1.09298022022e-10, 7.97729868274e-11, 9.71781405346e-11, 1.51319581865e-10, 7.20533632759e-11, 3.59234655911e-11, 3.59111872184e-11, 1.82157015166e-11, 9.56750477454e-12]
    },
    "mfcc": {
        "mean": [-582.221191406, 100.438873291, 3.40599942207, 24.4357280731, 4.90106105804, 14.4586772919, 3.2430729866, 14.2152671814, 3.93434000015, 9.15481853485, 4.90176534653, 4.1883764267, 1.98158419132],
        "cov": [[1575.67211914, 0.283295840025, -68.7018203735, -105.607917786, 31.9777946472, 15.870965004, 84.991645813, 77.6254425049, 112.996704102, 122.589515686, 89.0119628906, 65.0867767334, 31.3093185425], [0.283295840025, 480.207580566, -37.3748931885, 27.0292415619, -36.6538772583, 12.6842813492, 51.440158844, 18.2812519073, -13.2942857742, 4.88026762009, 38.3698577881, 16.9460544586, 10.8256368637], [-68.7018203735, -37.3748931885, 519.05871582, 246.587417603, 197.910079956, 49.6671943665, -26.3803730011, -6.39257907867, -8.64368534088, -9.20484924316, 14.9159870148, 32.344455719, 60.1908569336], [-105.607917786, 27.0292415619, 246.587417603, 428.459747314, 217.503173828, 10.2988767624, -62.1182022095, -25.0131015778, 9.82386016846, -1.97071325779, -19.1039237976, 17.1907234192, 50.1391868591], [31.9777946472, -36.6538772583, 197.910079956, 217.503173828, 260.441345215, 30.3923034668, -31.7339687347, -6.85278558731, 29.2760276794, 21.6950950623, -6.17428588867, 18.8329200745, 45.313659668], [15.870965004, 12.6842813492, 49.6671943665, 10.2988767624, 30.3923034668, 171.120956421, 116.262924194, 27.8406848907, 2.14294099808, -8.91633224487, 18.4807109833, 11.491812706, 6.33004999161], [84.991645813, 51.440158844, -26.3803730011, -62.1182022095, -31.7339687347, 116.262924194, 235.865112305, 71.6435241699, 11.0629053116, -7.58116865158, 21.6199550629, 22.0496768951, -4.45141506195], [77.6254425049, 18.2812519073, -6.39257907867, -25.0131015778, -6.85278558731, 27.8406848907, 71.6435241699, 94.3916168213, 40.9739151001, 15.7584257126, 10.6565799713, 13.4715833664, 2.87610697746], [112.996704102, -13.2942857742, -8.64368534088, 9.82386016846, 29.2760276794, 2.14294099808, 11.0629053116, 40.9739151001, 114.190849304, 54.7253112793, 25.5815887451, 10.5246105194, 3.13634109497], [122.589515686, 4.88026762009, -9.20484924316, -1.97071325779, 21.6950950623, -8.91633224487, -7.58116865158, 15.7584257126, 54.7253112793, 116.145179749, 38.1303634644, 12.0941305161, 0.933320939541], [89.0119628906, 38.3698577881, 14.9159870148, -19.1039237976, -6.17428588867, 18.4807109833, 21.6199550629, 10.6565799713, 25.5815887451, 38.1303634644, 75.5728912354, 29.968875885, 8.14508342743], [65.0867767334, 16.9460544586, 32.344455719, 17.1907234192, 18.8329200745, 11.491812706, 22.0496768951, 13.4715833664, 10.5246105194, 12.0941305161, 29.968875885, 64.991394043, 27.2276248932], [31.3093185425, 10.8256368637, 60.1908569336, 50.1391868591, 45.313659668, 6.33004999161, -4.45141506195, 2.87610697746, 3.13634109497, 0.933320939541, 8.14508342743, 27.2276248932, 62.0452957153]],
