{
"lowlevel": {
    "average_loudness": 0.748124778271,
    "barkbands_crest": {
        "dmean": 2.76826620102,
        "dmean2": 4.48646640778,
        "dvar": 6.0960650444,
        "dvar2": 15.2202386856,
        "max": 25.8888778687,
        "mean": 10.0938959122,
        "median": 9.28941440582,
        "min": 2.18536114693,
        "var": 20.2474517822
    },
    "barkbands_flatness_db": {
        "dmean": 0.0194893609732,
        "dmean2": 0.0304020028561,
        "dvar": 0.000319555809256,
        "dvar2": 0.00075311854016,
        "max": 0.38549259305,
        "mean": 0.140114501119,
        "median": 0.131823465228,
        "min": 0.0169378891587,
        "var": 0.00241563702002
    },
    "barkbands_kurtosis": {
        "dmean": 2.03299951553,
        "dmean2": 3.27206921577,
        "dvar": 26.7683334351,
        "dvar2": 71.9042892456,
        "max": 253.06628418,
        "mean": 3.11155438423,
        "median": 0.480115890503,
        "min": -1.89874076843,
        "var": 96.3467330933
    },
    "barkbands_skewness": {
        "dmean": 0.450315088034,
        "dmean2": 0.702309846878,
        "dvar": 0.237625077367,
        "dvar2": 0.556624829769,
        "max": 10.094833374,
        "mean": 1.05990219116,
        "median": 0.785234689713,
        "min": -4.45209026337,
        "var": 1.53118789196
    },
    "barkbands_spread": {
        "dmean": 5.31787967682,
        "dmean2": 8.17073917389,
        "dvar": 34.9278335571,
        "dvar2": 76.0526504517,
        "max": 99.5014953613,
        "mean": 24.2111415863,
        "median": 22.3687610626,
        "min": 0.511779427528,
        "var": 188.054138184
    },
    "dissonance": {
        "dmean": 0.0196580495685,
        "dmean2": 0.0336103476584,
        "dvar": 0.000381442747312,
        "dvar2": 0.00108370522503,
        "max": 0.5,
        "mean": 0.465423434973,
        "median": 0.473975092173,
        "min": 0.251640856266,
        "var": 0.000897460908163
    },
    "dynamic_complexity": 4.13714694977,
    "erbbands_crest": {
        "dmean": 2.97199368477,
        "dmean2": 4.82845211029,
        "dvar": 7.51055288315,
        "dvar2": 18.6960544586,
        "max": 32.9495315552,
        "mean": 11.0322828293,
        "median": 9.56922054291,
        "min": 2.53089499474,
        "var": 34.3824615479
    },
    "erbbands_flatness_db": {
        "dmean": 0.0163131412119,
        "dmean2": 0.0244644917548,
        "dvar": 0.000212059574551,
        "dvar2": 0.000446639693109,
        "max": 0.356440871954,
        "mean": 0.182528793812,
        "median": 0.177780821919,
        "min": 0.0654394626617,
        "var": 0.00209614797495
    },
    "erbbands_kurtosis": {
        "dmean": 1.09416818619,
        "dmean2": 1.74049079418,
        "dvar": 3.61182641983,
        "dvar2": 8.61174297333,
        "max": 71.6305389404,
        "mean": 1.17703962326,
        "median": 0.252064943314,
        "min": -1.86656415462,
        "var": 11.6799659729
    },
    "erbbands_skewness": {
        "dmean": 0.351889789104,
        "dmean2": 0.545802354813,
        "dvar": 0.115841984749,
        "dvar2": 0.258487164974,
        "max": 7.39770889282,
        "mean": 0.533195912838,
        "median": 0.46349811554,
        "min": -6.95388841629,
        "var": 0.798346459866
    },
    "erbbands_spread": {
        "dmean": 6.27030515671,
        "dmean2": 9.81067371368,
        "dvar": 45.0921020508,
        "dvar2": 103.578895569,
        "max": 123.494689941,
        "mean": 31.3957042694,
        "median": 28.9187717438,
        "min": 2.79940342903,
        "var": 217.740829468
    },
    "hfc": {
        "dmean": 6.36934423447,
        "dmean2": 9.80504512787,
        "dvar": 88.404083252,
        "dvar2": 211.101486206,
        "max": 182.163070679,
        "mean": 25.5025596619,
        "median": 19.5654983521,
        "min": 1.18809063112e-16,
        "var": 516.370544434
    },
    "melbands_crest": {
        "dmean": 3.66664218903,
        "dmean2": 5.89352893829,
        "dvar": 10.5883827209,
        "dvar2": 26.2078647614,
        "max": 38.0187683105,
        "mean": 14.3679590225,
        "median": 13.2619428635,
        "min": 2.0687482357,
        "var": 38.3872909546
    },
    "melbands_flatness_db": {
        "dmean": 0.0226931218058,
        "dmean2": 0.0349648594856,
        "dvar": 0.000490841048304,
        "dvar2": 0.00110927538481,
        "max": 0.467626690865,
        "mean": 0.163589045405,
        "median": 0.152406588197,
        "min": 0.00490833073854,
        "var": 0.00418236618862
    },
    "melbands_kurtosis": {
        "dmean": 4.61554145813,
        "dmean2": 7.34654855728,
        "dvar": 106.167869568,
        "dvar2": 264.249328613,
        "max": 285.353912354,
        "mean": 9.18263149261,
        "median": 3.18232631683,
        "min": -1.85343325138,
        "var": 423.757537842
    },
    "melbands_skewness": {
        "dmean": 0.593616425991,
        "dmean2": 0.927871882915,
        "dvar": 0.441122114658,
        "dvar2": 1.02087295055,
        "max": 13.6718406677,
        "mean": 1.87908577919,
        "median": 1.48028683662,
        "min": -1.0504437685,
        "var": 2.60479593277
    },
    "melbands_spread": {
        "dmean": 8.1881313324,
        "dmean2": 12.6987543106,
        "dvar": 127.551712036,
        "dvar2": 270.18838501,
        "max": 260.968719482,
        "mean": 31.6734771729,
        "median": 28.1075992584,
        "min": 0.540635108948,
        "var": 496.394134521
    },
    "pitch_salience": {
        "dmean": 0.070845477283,
        "dmean2": 0.114481255412,
        "dvar": 0.00397302629426,
        "dvar2": 0.00986550468951,
        "max": 0.868161320686,
        "mean": 0.535560846329,
        "median": 0.538468658924,
        "min": 0.0993511229753,
        "var": 0.0150316152722
    },
    "silence_rate_20dB": {
        "dmean": 0,
        "dmean2": 0,
        "dvar": 0,
        "dvar2": 0,
        "max": 1,
        "mean": 1,
        "median": 1,
        "min": 1,
        "var": 0
    },
    "silence_rate_30dB": {
        "dmean": 0.000464576063678,
        "dmean2": 0.000929260102566,
        "dvar": 0.000464381009806,
        "dvar2": 0.0013931094436,
        "max": 1,
        "mean": 0.999767720699,
        "median": 1,
        "min": 0,
        "var": 0.000232157952269
    },
    "silence_rate_60dB": {
        "dmean": 0.0213705003262,
        "dmean2": 0.042745962739,
        "dvar": 0.0209147464484,
        "dvar2": 0.0481231808662,
        "max": 1,
        "mean": 0.104052953422,
        "median": 0,
        "min": 0,
        "var": 0.0932082161307
    },
    "spectral_centroid": {
        "dmean": 242.699905396,
        "dmean2": 373.565551758,
        "dvar": 76691.7109375,
        "dvar2": 156247.359375,
        "max": 10543.9277344,
        "mean": 1694.16430664,
        "median": 1674.4375,
        "min": 225.075500488,
        "var": 507493.625
    },
    "spectral_complexity": {
        "dmean": 3.64506387711,
        "dmean2": 5.69346046448,
        "dvar": 19.1780586243,
        "dvar2": 39.9789276123,
        "max": 57,
        "mean": 19.6367435455,
        "median": 19,
        "min": 0,
        "var": 134.446212769
    },
    "spectral_decrease": {
        "dmean": 1.67740055179e-09,
        "dmean2": 2.61272781188e-09,
        "dvar": 5.09772799953e-18,
        "dvar2": 1.23332124751e-17,
        "max": -1.39488329006e-28,
        "mean": -5.51689138817e-09,
        "median": -4.59248994389e-09,
        "min": -3.67392303247e-08,
        "var": 1.99970863454e-17
    },
    "spectral_energy": {
        "dmean": 0.00674872100353,
        "dmean2": 0.010495910421,
        "dvar": 8.03094008006e-05,
        "dvar2": 0.000194029169506,
        "max": 0.140882968903,
        "mean": 0.0231351796538,
        "median": 0.0195717196912,
        "min": 1.13028018773e-20,
        "var": 0.000338764541084
    },
    "spectral_energyband_high": {
        "dmean": 0.000452158274129,
        "dmean2": 0.000686420011334,
        "dvar": 7.59991337418e-07,
        "dvar2": 1.7154213765e-06,
        "max": 0.0260564740747,
        "mean": 0.00137101300061,
        "median": 0.000786242831964,
        "min": 8.00826751328e-21,
        "var": 3.04940044771e-06
    },
    "spectral_energyband_low": {
        "dmean": 0.00328667717986,
        "dmean2": 0.00516565330327,
        "dvar": 4.36084774265e-05,
        "dvar2": 0.000106500425318,
        "max": 0.121314026415,
        "mean": 0.00601340970024,
        "median": 0.00171447079629,
        "min": 6.34795991778e-23,
        "var": 9.12016475922e-05
    },
    "spectral_energyband_middle_high": {
        "dmean": 0.00288548506796,
        "dmean2": 0.00458355527371,
        "dvar": 2.0991126803e-05,
        "dvar2": 5.69482472201e-05,
        "max": 0.0812612473965,
        "mean": 0.00874957442284,
        "median": 0.00547572271898,
        "min": 1.83541664208e-21,
        "var": 9.04218686628e-05
    },
    "spectral_energyband_middle_low": {
        "dmean": 0.00335761345923,
        "dmean2": 0.00534474151209,
        "dvar": 2.84782927338e-05,
        "dvar2": 7.48479869799e-05,
        "max": 0.0672554671764,
        "mean": 0.00747082429007,
        "median": 0.00494518969208,
        "min": 3.9227124565e-22,
        "var": 6.15127864876e-05
    },
    "spectral_entropy": {
        "dmean": 0.122104719281,
        "dmean2": 0.181784108281,
        "dvar": 0.0140399551019,
        "dvar2": 0.0294223800302,
        "max": 9.7986240387,
        "mean": 7.67897701263,
        "median": 7.75994062424,
        "min": 5.06875705719,
        "var": 0.181107208133
    },
    "spectral_flux": {
        "dmean": 0.0191962290555,
        "dmean2": 0.0298987086862,
        "dvar": 0.000446029560408,
        "dvar2": 0.00094231730327,
        "max": 0.291279375553,
        "mean": 0.0813609063625,
        "median": 0.0773403719068,
        "min": 1.06314637649e-10,
        "var": 0.00214492669329
    },
    "spectral_kurtosis": {
        "dmean": 1.06755244732,
        "dmean2": 1.86671590805,
        "dvar": 1.27286720276,
        "dvar2": 3.83353352547,
        "max": 23.2531585693,
        "mean": 3.00648403168,
        "median": 2.5391292572,
        "min": -1.18041992188,
        "var": 4.13710403442
    },
    "spectral_rms": {
        "dmean": 0.00064467912307,
        "dmean2": 0.000984607380815,
        "dvar": 4.77407468225e-07,
        "dvar2": 1.09293841888e-06,
        "max": 0.01172377076,
        "mean": 0.00431550014764,
        "median": 0.00436970964074,
        "min": 3.32071132744e-12,
        "var": 3.94741800847e-06
    },
    "spectral_rolloff": {
        "dmean": 525.219421387,
        "dmean2": 850.692687988,
        "dvar": 670357.25,
        "dvar2": 1355493.25,
        "max": 18755.4199219,
        "mean": 1981.98461914,
        "median": 1571.92382812,
        "min": 21.533203125,
        "var": 2485739.5
    },
    "spectral_skewness": {
        "dmean": 0.158338576555,
        "dmean2": 0.262878954411,
        "dvar": 0.0211976543069,
        "dvar2": 0.0550241358578,
        "max": 3.53490829468,
        "mean": 1.29119598866,
        "median": 1.2317097187,
        "min": -0.684682190418,
        "var": 0.162044405937
    },
    "spectral_spread": {
        "dmean": 354773.28125,
        "dmean2": 526816.25,
        "dvar": 341311422464,
        "dvar2": 461819215872,
        "max": 39646156,
        "mean": 4429322.5,
        "median": 4308634,
        "min": 2096358.375,
        "var": 1.31738907443e+12
    },
    "spectral_strongpeak": {
        "dmean": 0.791448414326,
        "dmean2": 1.3371284008,
        "dvar": 1.63757252693,
        "dvar2": 4.26618385315,
        "max": 17.5708713531,
        "mean": 1.52806901932,
        "median": 0.661629498005,
        "min": 0,
        "var": 3.61117815971
    },
    "zerocrossingrate": {
        "dmean": 0.0095534697175,
        "dmean2": 0.0110464207828,
        "dvar": 0.000149480445543,
        "dvar2": 0.000155057132361,
        "max": 0.49853515625,
        "mean": 0.0733156204224,
        "median": 0.06787109375,
        "min": 0.00537109375,
        "var": 0.00154593400657
    },
    "barkbands": {
        "dmean": [0.000254357757512, 0.00231135054491, 0.00128463481087, 0.000820631918032, 0.000831142067909, 0.000629356596619, 0.000612554140389, 0.000649311637972, 0.00122111546807, 0.000663335027639, 0.00109126232564, 0.000810554658528, 0.000691757770255, 0.000547789444681, 0.000446220132289, 0.000309080031002, 0.000202344337595, 0.000193482090253, 0.000140055082738, 0.000209112389712, 0.000154155874043, 0.00011039013043, 0.000127266845084, 5.72084645682e-05, 3.4378208511e-05, 1.29758691401e-05, 1.12535696317e-08],
        "dmean2": [0.000418513111072, 0.00369745632634, 0.00213357736357, 0.00147342856508, 0.00136721390299, 0.000983219477348, 0.000960674078669, 0.00101994385477, 0.00192360091023, 0.00105079775676, 0.00175564177334, 0.00127568840981, 0.00114445609506, 0.000884847308043, 0.000737573893275, 0.000504774856381, 0.000327759131324, 0.000316723657306, 0.000229690514971, 0.000334374781232, 0.000249946286203, 0.000173561144038, 0.000197445595404, 8.66762275109e-05, 5.19918648934e-05, 2.00682516152e-05, 1.99826146741e-08],
        "dvar": [1.66929874013e-06, 2.58498257608e-05, 1.16559940579e-05, 7.14928637535e-06, 2.48055084739e-06, 1.86231306998e-06, 1.5480085267e-06, 1.86045190276e-06, 8.66506161401e-06, 2.50657035394e-06, 8.75089881447e-06, 4.07789957535e-06, 4.11745622841e-06, 3.05218486574e-06, 1.08673634713e-06, 8.9553111593e-07, 2.52931499745e-07, 1.51405828319e-07, 6.12000690126e-08, 1.74934484676e-07, 9.12272284381e-08, 6.0111062794e-08, 7.48444932697e-08, 2.3681494099e-08, 1.49887693368e-08, 2.54950260903e-09, 1.07128805406e-14],
        "dvar2": [4.78146739624e-06, 6.24538952252e-05, 3.07876434817e-05, 2.06198783417e-05, 6.43764496999e-06, 4.30922318628e-06, 3.5308232782e-06, 4.42655527877e-06, 2.1551599275e-05, 6.11094992564e-06, 2.43644699367e-05, 1.01098939922e-05, 1.11649796963e-05, 7.58036048865e-06, 2.86195859189e-06, 2.63514652943e-06, 5.63515925478e-07, 3.82017560696e-07, 1.56940473062e-07, 4.24495908646e-07, 2.31388767702e-07, 1.31843179929e-07, 1.70643204456e-07, 5.03891683934e-08, 2.97858591125e-08, 5.72023584056e-09, 2.97787781846e-14],
        "max": [0.068929694593, 0.0948108956218, 0.0504792481661, 0.0335735455155, 0.0308930948377, 0.0365498401225, 0.0273484364152, 0.0274051707238, 0.0602134987712, 0.0324253812432, 0.0766391307116, 0.0494837611914, 0.050828743726, 0.054050758481, 0.0217756386846, 0.0420270971954, 0.0207093134522, 0.0126037634909, 0.00552309025079, 0.0100426292047, 0.00603054324165, 0.013590679504, 0.0087376255542, 0.00467144232243, 0.00477371970192, 0.00233523617499, 4.22624452767e-06],
        "mean": [0.000358552002581, 0.00372553640045, 0.00160458916798, 0.000748741906136, 0.00129586586263, 0.0012040497968, 0.000943628139794, 0.00102245411836, 0.00196843524463, 0.00106159143616, 0.00190942746121, 0.00142710644286, 0.00107970170211, 0.000914663076401, 0.0007684204611, 0.00054322212236, 0.000351673399564, 0.000374660972739, 0.000272951467196, 0.000449074694188, 0.000330536509864, 0.000248348165769, 0.000334945390932, 0.000119515389088, 5.95171186433e-05, 1.7954966097e-05, 8.284943398e-09],
        "median": [1.15219863801e-05, 0.000638043216895, 0.000296403799439, 0.000148243503645, 0.000557299004868, 0.000332860770868, 0.000345062930137, 0.000316883175401, 0.000452595879324, 0.000308602349833, 0.000310081377393, 0.000309496477712, 0.000252275611274, 0.00023273457191, 0.000273366720648, 0.000190634207684, 0.000163411299582, 0.000167893449543, 0.000143232173286, 0.000181794166565, 0.000166277721291, 0.000126676415675, 0.000137389695738, 5.14985986229e-05, 1.67080743267e-05, 3.47797390532e-06, 5.77032033267e-10],
        "min": [1.89523485381e-23, 3.93751842905e-23, 1.5742482981e-23, 9.897967151e-24, 1.15922895452e-22, 3.5737664615e-23, 8.54547207097e-23, 7.569948374e-23, 4.29672245571e-23, 1.00077141112e-22, 1.60377504624e-23, 1.79497902623e-22, 2.32163228532e-22, 1.2339522576e-22, 1.25686216668e-22, 1.52724897511e-22, 2.28948285867e-22, 1.77530079629e-22, 3.26041084133e-22, 4.0484313888e-22, 4.21367136894e-22, 6.5238741326e-22, 8.45385906658e-22, 9.71686298873e-22, 1.30075393307e-21, 1.55131655335e-21, 2.30360086878e-21],
        "var": [2.77064123111e-06, 4.90675593028e-05, 1.2854340639e-05, 4.80431253891e-06, 4.68323332825e-06, 6.34375419395e-06, 3.11409007736e-06, 3.77219885195e-06, 1.87289042515e-05, 5.08554740009e-06, 2.45224418904e-05, 1.05378412627e-05, 7.35761159376e-06, 7.71107352193e-06, 2.21439472625e-06, 2.10451412386e-06, 6.22587435828e-07, 3.54214677145e-07, 1.29120820702e-07, 5.65092989291e-07, 2.2434129221e-07, 1.91616635448e-07, 3.05026219394e-07, 6.44473914235e-08, 3.66028167775e-08, 4.16788159541e-09, 7.62985594843e-15]
    },
    "erbbands": {
        "dmean": [0.0722180306911, 0.54289150238, 1.41887819767, 2.1270236969, 2.66360068321, 2.72810530663, 4.60888433456, 4.97006082535, 7.11335277557, 11.2220115662, 15.5987081528, 26.451461792, 22.2266731262, 28.0993385315, 41.2431411743, 28.7950325012, 27.9610424042, 27.7483119965, 22.9536380768, 18.675491333, 15.2027301788, 10.7276239395, 9.98895168304, 8.08815383911, 6.64648103714, 9.83942699432, 7.60514450073, 5.11691331863, 3.97527456284, 3.75012326241, 4.05762195587, 1.48661899567, 0.880465269089, 0.476741760969, 0.198790416121, 0.0953662097454, 0.0154022974893, 0.000394944247091, 1.6434063582e-05, 8.73151839187e-06],
        "dmean2": [0.110776141286, 0.861752033234, 2.29276752472, 3.733897686, 4.64464521408, 4.49496984482, 7.19832038879, 7.79001808167, 11.0440416336, 17.5493278503, 24.3990707397, 41.7501335144, 35.5808372498, 44.7589797974, 65.8502731323, 44.9152526855, 45.7779693604, 45.150188446, 36.4906768799, 30.8235740662, 24.6158084869, 17.2806968689, 16.0511245728, 13.2835559845, 10.844420433, 15.764043808, 12.2571487427, 8.23348426819, 6.27378702164, 5.97503900528, 6.32426071167, 2.31190276146, 1.32120072842, 0.729323923588, 0.302560329437, 0.146075099707, 0.0237284172326, 0.000598271668423, 2.4353943445e-05, 1.35656300699e-05],
        "dvar": [0.0348710492253, 1.37776279449, 12.8107032776, 42.683265686, 47.7812614441, 26.6667480469, 155.626998901, 111.46988678, 240.274581909, 667.196228027, 1075.46313477, 4373.78955078, 3416.60449219, 4619.36035156, 11967.1914062, 4314.65722656, 5421.12109375, 10144.9726562, 3217.25268555, 1828.94482422, 3286.68041992, 693.159667969, 447.817993164, 211.718612671, 143.857955933, 413.774291992, 244.608703613, 119.317405701, 83.6588668823, 64.0833969116, 83.1677703857, 14.7570362091, 6.42505311966, 3.11000919342, 0.533211112022, 0.144672885537, 0.00237428070977, 1.72421835032e-06, 2.15782058888e-09, 1.41018391409e-10],
        "dvar2": [0.0828078612685, 3.36540842056, 32.9807624817, 120.448028564, 134.285644531, 69.9910049438, 355.592346191, 255.787811279, 538.102111816, 1599.09326172, 2619.24462891, 10680.1533203, 8947.11035156, 11966.1582031, 32347.6953125, 10385.6455078, 15046.171875, 26077.2128906, 7849.17529297, 4918.06347656, 9975.11230469, 1545.45739746, 1080.93591309, 551.086914062, 367.244354248, 981.552124023, 602.995544434, 301.187652588, 196.089782715, 152.677688599, 192.540878296, 34.5429115295, 13.6686019897, 6.75130081177, 1.05809724331, 0.303984373808, 0.00541901495308, 3.62289915756e-06, 4.38798419822e-09, 3.25182797356e-10],
        "max": [4.93871974945, 18.0300197601, 52.9981613159, 91.4149627686, 90.6710205078, 102.319892883, 457.687286377, 221.06602478, 498.997650146, 578.897827148, 689.434143066, 1690.48742676, 1562.72619629, 1815.10803223, 3740.83837891, 1171.01574707, 1793.54553223, 2979.75219727, 1396.61022949, 1252.16809082, 2887.24291992, 1254.75476074, 762.792236328, 370.004882812, 324.059204102, 597.951660156, 355.441436768, 394.770965576, 524.351257324, 302.827056885, 304.436798096, 141.40562439, 84.982711792, 58.3802566528, 29.2599830627, 17.6946487427, 1.58728384972, 0.0560182146728, 0.00193263473921, 0.000224484043429],
        "mean": [0.117360822856, 0.794071316719, 1.89745175838, 2.23568177223, 3.09569883347, 4.16214609146, 9.30956459045, 8.80187606812, 11.688788414, 18.0119762421, 25.7018527985, 43.5296707153, 37.1732177734, 49.8479995728, 80.5670928955, 56.3924484253, 49.5751495361, 51.3904533386, 41.1549491882, 34.4967956543, 29.2855949402, 20.767993927, 20.3157634735, 16.7768783569, 14.5953674316, 21.3763942719, 16.9310684204, 10.8864364624, 9.09378528595, 9.36543655396, 9.7589302063, 3.38534522057, 1.79324030876, 0.852204859257, 0.325592428446, 0.138072580099, 0.0199459288269, 0.000547540781554, 3.72292633983e-05, 3.20119142998e-05],
        "median": [0.011179452762, 0.15485535562, 0.432337641716, 0.551502645016, 0.992129027843, 1.78394734859, 2.12394833565, 2.80852222443, 4.14939069748, 7.11424684525, 9.54428672791, 11.4327421188, 11.414601326, 15.8494100571, 16.9625549316, 15.8657140732, 14.8457298279, 14.6709928513, 16.1105480194, 15.1485948563, 11.5536365509, 9.83265304565, 9.62858963013, 8.79916477203, 7.58647346497, 8.7388715744, 7.51466083527, 5.93337059021, 4.76029682159, 4.00092697144, 3.90192103386, 1.58206820488, 0.709628582001, 0.249164059758, 0.0887778103352, 0.0289404522628, 0.00320066115819, 9.9950346339e-05, 2.22551243496e-05, 2.78081843135e-05],
        "min": [6.19475177039e-22, 1.06168817414e-20, 2.41449707187e-20, 1.95419238673e-20, 1.73687106949e-19, 4.17503284164e-19, 5.26406988481e-19, 2.19485215259e-19, 9.78994000953e-19, 1.33393926975e-18, 1.47617173531e-18, 8.84969104507e-19, 2.78833878416e-18, 1.89110300476e-18, 2.43961536113e-18, 7.40648090621e-18, 8.01077025809e-18, 8.75641733202e-18, 5.96002904653e-18, 1.00204022476e-17, 6.95998783671e-18, 1.23789712795e-17, 1.13957430443e-17, 1.40324738911e-17, 1.64178841067e-17, 1.71386694401e-17, 2.09793947557e-17, 1.56199095872e-17, 2.20698074002e-17, 2.53584889185e-17, 2.39361088418e-17, 1.70322973221e-17, 1.92449525211e-17, 1.31514355488e-17, 9.8927575257e-18, 5.15566042091e-18, 3.2560434529e-18, 1.25566926884e-18, 2.85636865097e-19, 3.47077165586e-20],
        "var": [0.072363063693, 2.20496058464, 15.8221101761, 31.3139038086, 42.2017021179, 51.0194282532, 640.071899414, 307.97479248, 553.433410645, 1227.63574219, 2209.97412109, 9785.40917969, 6471.06494141, 10644.7910156, 41487.921875, 12931.0830078, 12077.4208984, 28356.1347656, 6535.47119141, 3752.80908203, 8254.77441406, 2110.22094727, 1105.05810547, 502.010559082, 416.894561768, 1338.875, 689.258300781, 268.980102539, 245.870452881, 246.991439819, 288.930267334, 39.145488739, 16.4656162262, 6.82685089111, 1.23025000095, 0.264349788427, 0.00399980135262, 3.4808563214e-06, 5.15729015049e-09, 6.44976350106e-10]
    },
    "gfcc": {
        "mean": [-16.0319404602, 83.3495635986, -149.054595947, 37.1427001953, -75.2774276733, 27.408164978, -33.6165008545, 8.62159156799, -19.2250614166, -0.551274776459, -11.7823514938, -5.69406318665, -5.85602998734],
        "cov": [[7650.51757812, -879.927246094, 137.211395264, 355.396514893, 143.100326538, 442.710266113, 23.8248004913, 260.10836792, -182.81489563, 334.511688232, -288.274993896, 247.912017822, -486.271209717], [-879.927246094, 1406.71166992, 427.751098633, 186.093048096, 236.467895508, -137.783569336, 104.35295105, -83.64112854, 189.12411499, -65.8799667358, 250.874130249, -38.9128227234, 187.920578003], [137.211395264, 427.751098633, 1060.36486816, 367.980102539, 136.28137207, -1.20664215088, -86.6883010864, 19.9242553711, -10.8559265137, 77.6909332275, 39.8182678223, 159.598266602, 12.9522323608], [355.396514893, 186.093048096, 367.980102539, 489.99697876, 180.466629028, 80.8190689087, 69.4465637207, 31.5736637115, 87.7797012329, 27.2660446167, 32.3450660706, 37.4946098328, 22.8806781769], [143.100326538, 236.467895508, 136.28137207, 180.466629028, 317.445587158, 122.576889038, 123.385498047, 81.7735519409, 60.7184562683, 64.5901947021, 28.517583847, 13.5952606201, 9.07412433624], [442.710266113, -137.783569336, -1.20664215088, 80.8190689087, 122.576889038, 263.314361572, 142.377349854, 59.8170700073, 12.7469463348, 59.8443641663, -5.93419361115, 2.80175685883, -46.374206543], [23.8248004913, 104.35295105, -86.6883010864, 69.4465637207, 123.385498047, 142.377349854, 238.563339233, 74.182762146, 76.6595001221, 29.1789169312, 34.7395057678, -31.8330898285, 7.85568284988], [260.10836792, -83.64112854, 19.9242553711, 31.5736637115, 81.7735519409, 59.8170700073, 74.182762146, 166.559799194, 50.4845237732, 53.2995910645, -24.1976947784, 21.3170909882, -9.18047237396], [-182.81489563, 189.12411499, -10.8559265137, 87.7797012329, 60.7184562683, 12.7469463348, 76.6595001221, 50.4845237732, 180.412948608, 18.3715496063, 58.5118713379, -13.6201372147, 46.6467323303], [334.511688232, -65.8799667358, 77.6909332275, 27.2660446167, 64.5901947021, 59.8443641663, 29.1789169312, 53.2995910645, 18.3715496063, 144.877716064, 15.0200862885, 44.0846214294, -32.2743530273], [-288.274993896, 250.874130249, 39.8182678223, 32.3450660706, 28.517583847, -5.93419361115, 34.7395057678, -24.1976947784, 58.5118713379, 15.0200862885, 165.959609985, 18.0138931274, 68.2522735596], [247.912017822, -38.9128227234, 159.598266602, 37.4946098328, 13.5952606201, 2.80175685883, -31.8330898285, 21.3170909882, -13.6201372147, 44.0846214294, 18.0138931274, 138.671813965, 19.5715255737], [-486.271209717, 187.920578003, 12.9522323608, 22.8806781769, 9.07412433624, -46.374206543, 7.85568284988, -9.18047237396, 46.6467323303, -32.2743530273, 68.2522735596, 19.5715255737, 167.536743164]],
        "icov": [[0.000253869453445, -0.000312757387292, 0.000361933896784, -0.000477767986013, 0.000395080161979, -0.000522544665728, 0.000404197751777, -0.000508068711497, 0.000426157464972, -0.00044514311594, 0.000375422096113, -0.000640533049591, 0.000629574351478], [-0.000312757387292, 0.00343478866853, -0.00228990381584, 0.00189832830802, -0.00328636216, 0.00334023497999, -0.00277006300166, 0.00302619952708, -0.0025376684498, 0.00224955822341, -0.00283191702329, 0.00240432308055, -0.00143167574424], [0.000361933896784, -0.00228990381584, 0.0033670598641, -0.00277415034361, 0.00193260377273, -0.00215634750202, 0.00282849790528, -0.00240548024885, 0.00239151786081, -0.00202540704049, 0.00155115197413, -0.00306776864454, 0.00144200515933], [-0.000477767986013, 0.00189832830802, -0.00277415034361, 0.00532460585237, -0.00325891678222, 0.00151627662126, -0.00217366591096, 0.002869366901, -0.00346899451688, 0.00235226680525, -0.00115192716476, 0.00176023377571, -0.00149069912732], [0.000395080161979, -0.00328636216, 0.00193260377273, -0.00325891678222, 0.00868726987392, -0.00428102212027, 0.001360786031, -0.00429571885616, 0.00272126332857, -0.00343893375248, 0.00241628475487, -0.0018565938808, 0.000986248953268], [-0.000522544665728, 0.00334023497999, -0.00215634750202, 0.00151627662126, -0.00428102212027, 0.0105891786516, -0.00682656094432, 0.0032279570587, -0.00129182718229, 0.00106250378303, -0.00244819698855, 0.00198338064365, -0.00031372308149], [0.000404197751777, -0.00277006300166, 0.00282849790528, -0.00217366591096, 0.001360786031, -0.00682656094432, 0.0117379184812, -0.00495715765283, 0.000669259228744, -0.00144124065991, 0.000526493240613, -0.000383536913432, 0.000939475314226], [-0.000508068711497, 0.00302619952708, -0.00240548024885, 0.002869366901, -0.00429571885616, 0.0032279570587, -0.00495715765283, 0.012677337043, -0.00518875429407, 0.000154745561304, 0.000857918406837, 0.000627074565273, -0.00196993420832], [0.000426157464972, -0.0025376684498, 0.00239151786081, -0.00346899451688, 0.00272126332857, -0.00129182718229, 0.000669259228744, -0.00518875429407, 0.0111577808857, -0.00285580288619, -0.000397972064093, -0.000539288041182, 0.000119892545626], [-0.00044514311594, 0.00224955822341, -0.00202540704049, 0.00235226680525, -0.00343893375248, 0.00106250378303, -0.00144124065991, 0.000154745561304, -0.00285580288619, 0.0122146150097, -0.00376134552062, -0.000782133662142, 0.00134832959156], [0.000375422096113, -0.00283191702329, 0.00155115197413, -0.00115192716476, 0.00241628475487, -0.00244819698855, 0.000526493240613, 0.000857918406837, -0.000397972064093, -0.00376134552062, 0.0117834731936, -0.00329875876196, -0.00151153886691], [-0.000640533049591, 0.00240432308055, -0.00306776864454, 0.00176023377571, -0.0018565938808, 0.00198338064365, -0.000383536913432, 0.000627074565273, -0.000539288041182, -0.000782133662142, -0.00329875876196, 0.0132406605408, -0.00406072102487], [0.000629574351478, -0.00143167574424, 0.00144200515933, -0.00149069912732, 0.000986248953268, -0.00031372308149, 0.000939475314226, -0.00196993420832, 0.000119892545626, 0.00134832959156, -0.00151153886691, -0.00406072102487, 0.0105183934793]]
    },
    "melbands": {
        "dmean": [0.000629688554909, 0.00069782580249, 0.000377339893021, 0.000185371129191, 0.000148329709191, 0.000113907277409, 0.000112806985271, 0.000125604012283, 0.000136920716614, 0.000177085821633, 0.00011267678201, 0.000111884772195, 0.000146563514136, 9.70302135102e-05, 6.75005285302e-05, 6.87790816301e-05, 5.12325095769e-05, 3.91918074456e-05, 3.24816755892e-05, 2.19167905016e-05, 1.8703416572e-05, 1.29099453261e-05, 9.39874735195e-06, 1.03273487184e-05, 6.95161088515e-06, 5.1835636441e-06, 6.15302315055e-06, 7.5626448961e-06, 5.98390761297e-06, 3.59491764357e-06, 3.21515426549e-06, 2.49658023677e-06, 2.27018858823e-06, 2.38437110056e-06, 2.83294957626e-06, 1.57333010975e-06, 8.52786229188e-07, 6.87716010361e-07, 5.69220105717e-07, 3.70154594975e-07],
        "dmean2": [0.000999508542009, 0.00110653112642, 0.000654993287753, 0.000313004624331, 0.000232014223002, 0.000178385642357, 0.000175382301677, 0.000196903012693, 0.000215208958252, 0.000279271771433, 0.000181051495019, 0.000178132861038, 0.00023432787566, 0.00015223378432, 0.0001090446749, 0.000113323199912, 8.27963231131e-05, 6.24464082648e-05, 5.39912944078e-05, 3.59447585652e-05, 3.01905038214e-05, 2.08674791793e-05, 1.52005377458e-05, 1.70054554474e-05, 1.14653130368e-05, 8.5222245616e-06, 9.95328900899e-06, 1.22176197692e-05, 9.66918469203e-06, 5.81784752285e-06, 5.22252685187e-06, 3.99668397222e-06, 3.68845053345e-06, 3.82009466193e-06, 4.43662884209e-06, 2.48357832788e-06, 1.35392144784e-06, 1.06038123704e-06, 8.7099334678e-07, 5.74256887376e-07],
        "dvar": [2.1876505798e-06, 2.48621677201e-06, 1.23371182781e-06, 1.54120158413e-07, 1.28366195895e-07, 5.38636228953e-08, 5.33639621381e-08, 7.87871528019e-08, 9.0241911721e-08, 2.03398727194e-07, 8.75790675536e-08, 7.15792509709e-08, 1.73594742137e-07, 5.81159476098e-08, 4.06859612667e-08, 4.57430893164e-08, 3.26342117773e-08, 1.07306883379e-08, 6.21899687303e-09, 2.5574633522e-09, 5.56612800295e-09, 1.20235199574e-09, 5.31664823278e-10, 5.04036867799e-10, 1.7211534975e-10, 8.78663947157e-11, 1.47391043814e-10, 2.85022089264e-10, 1.63915644946e-10, 5.26389487554e-11, 5.37504103726e-11, 3.25848445448e-11, 3.06821096308e-11, 2.60788387413e-11, 4.31136445989e-11, 1.22231868724e-11, 5.43019969268e-12, 3.65726112589e-12, 4.42581171364e-12, 2.05648996096e-12],
        "dvar2": [5.26878329765e-06, 6.13238626102e-06, 3.45584749084e-06, 4.17806120367e-07, 2.94562340741e-07, 1.23766923821e-07, 1.198507249e-07, 1.88111755506e-07, 2.21930875455e-07, 5.00060423292e-07, 2.28472146091e-07, 1.81402015187e-07, 4.99845327795e-07, 1.46559429481e-07, 1.11615925391e-07, 1.26006028722e-07, 8.15184009184e-08, 2.60634784865e-08, 1.72709011537e-08, 6.6504912688e-09, 1.66884372987e-08, 2.60904720051e-09, 1.28407096067e-09, 1.33232103128e-09, 4.4662815113e-10, 2.23120022458e-10, 3.5347111349e-10, 6.90664525571e-10, 3.9743836e-10, 1.33330818608e-10, 1.3691468792e-10, 7.86628193139e-11, 7.08221953305e-11, 6.44086242674e-11, 1.01566491328e-10, 3.04479080837e-11, 1.23901141083e-11, 8.11996563738e-12, 1.03012286201e-11, 4.53938319225e-12],
        "max": [0.0332212336361, 0.0230138786137, 0.0142176430672, 0.00685501331463, 0.0129448454827, 0.00485733244568, 0.00637414073572, 0.00574462162331, 0.00768592022359, 0.0116381170228, 0.00770289404318, 0.00669532082975, 0.0104883890599, 0.00637406110764, 0.00641609774902, 0.00635201344267, 0.0055962447077, 0.00314521882683, 0.00221530324779, 0.00146903586574, 0.00378299411386, 0.00181018107105, 0.000848007912282, 0.000480227929074, 0.000366385240341, 0.000186314777238, 0.000420783588197, 0.000509314239025, 0.000307323323796, 0.000176563000423, 0.000295338919386, 0.000310863775667, 0.000278925697785, 0.000127628110931, 0.000224393632379, 0.000104043749161, 8.91430536285e-05, 6.88076106599e-05, 8.97824866115e-05, 6.12359581282e-05],
        "mean": [0.00105259544216, 0.00103176559787, 0.000421440781793, 0.000252754543908, 0.000295973062748, 0.000206851313123, 0.000182836316526, 0.00020152842626, 0.000217891807551, 0.000287089438643, 0.000180637609446, 0.000188366801012, 0.000266410002951, 0.000184533768333, 0.000122120880405, 0.000111220411782, 8.92977259355e-05, 6.41602164251e-05, 5.62869863643e-05, 3.72806716769e-05, 3.29659160343e-05, 2.16704174818e-05, 1.73187709152e-05, 1.87553469004e-05, 1.30127245939e-05, 9.67861069512e-06, 1.2292079191e-05, 1.47577320604e-05, 1.18747339002e-05, 7.07826893631e-06, 6.08023492532e-06, 5.16313502885e-06, 4.68162079414e-06, 5.48085881746e-06, 6.3215920818e-06, 3.3464432363e-06, 1.64456093898e-06, 1.31825174776e-06, 9.97224219645e-07, 6.05854324931e-07],
        "median": [0.000148659601109, 0.000267422670731, 0.000121801756904, 0.000101003221062, 8.1337573647e-05, 6.45432955935e-05, 6.71132147545e-05, 7.6618292951e-05, 7.46291552787e-05, 6.44746032776e-05, 5.03465125803e-05, 5.09337805852e-05, 4.81653150928e-05, 3.77154137823e-05, 2.83894223685e-05, 2.58535837929e-05, 2.15336040128e-05, 2.07302546187e-05, 1.94879103219e-05, 1.52131060531e-05, 1.08794638436e-05, 9.50366847974e-06, 8.19914748718e-06, 7.71807663114e-06, 6.25662414677e-06, 4.82767927679e-06, 5.07434060637e-06, 5.44496742805e-06, 4.55032568425e-06, 3.6119113247e-06, 2.92078834718e-06, 2.59716716755e-06, 2.17704268834e-06, 2.05040896617e-06, 2.31539979723e-06, 1.39699830015e-06, 6.89647890795e-07, 4.92472111091e-07, 2.9464993645e-07, 1.55639227728e-07],
        "min": [9.52483594283e-24, 1.38037279333e-23, 7.22364979621e-24, 2.15585761527e-23, 1.97603819187e-23, 5.36110817821e-24, 1.60807670476e-23, 1.62172841604e-23, 1.10650576724e-23, 5.53612485865e-24, 1.47162301636e-23, 8.47966624089e-24, 3.91094241513e-24, 2.25549579631e-23, 1.07501696426e-23, 2.55696340886e-23, 1.53430905933e-23, 1.00870926087e-23, 1.11474131732e-23, 1.29859552759e-23, 6.38438699003e-24, 1.20084303966e-23, 1.33505841412e-23, 9.49792474191e-24, 1.16630142386e-23, 9.68907757215e-24, 1.30243846349e-23, 1.1110913368e-23, 1.50050747395e-23, 1.02056915349e-23, 8.17207754103e-24, 1.13664427701e-23, 1.3987193314e-23, 1.47673136404e-23, 1.46464238621e-23, 1.10984525211e-23, 9.72175771288e-24, 1.45580083319e-23, 1.15595843187e-23, 1.09047926909e-23],
        "var": [4.49795106761e-06, 3.56884356734e-06, 9.42719850627e-07, 2.05896327543e-07, 5.2026831554e-07, 1.5897768435e-07, 1.19240823437e-07, 1.49887227963e-07, 1.81068173788e-07, 4.60667166635e-07, 1.64862512975e-07, 1.64639729405e-07, 4.66777436259e-07, 1.79218901053e-07, 1.03965739129e-07, 9.28057772853e-08, 9.07797570449e-08, 2.10984261173e-08, 1.28969821489e-08, 5.19459320003e-09, 1.36315581045e-08, 3.25944893298e-09, 1.04248354393e-09, 1.0634348957e-09, 3.68777980375e-10, 1.80161996433e-10, 4.80112449797e-10, 7.73122288411e-10, 4.2940631606e-10, 1.10051301405e-10, 1.11836560845e-10, 8.5223807178e-11, 7.89995291406e-11, 9.67333366186e-11, 1.34606006896e-10, 3.42182913948e-11, 1.29368139465e-11, 8.53692810887e-12, 8.8605546511e-12, 4.04576415772e-12]
    },
    "mfcc": {
        "mean": [-642.359191895, 99.2514343262, -11.6722316742, 10.0802307129, -9.91101837158, 9.78222846985, -1.88870823383, 7.15054559708, -0.855721056461, 7.187022686, -3.38053822517, 1.76074886322, -0.682204723358],
        "cov": [[7297.99853516, -959.127441406, -185.128097534, 74.4380187988, -6.48840761185, 312.195770264, 102.17792511, 231.466171265, 19.1991958618, 119.006858826, 128.311767578, 55.828250885, 156.697875977], [-959.127441406, 1159.69177246, 266.18939209, 237.575164795, 160.033065796, -5.59245681763, 17.0503501892, -18.6997566223, -33.6798629761, -3.6535141468, 29.0812263489, 51.3362388611, 28.4595050812], [-185.128097534, 266.18939209, 798.937561035, 331.080505371, 203.932357788, 69.9584732056, -24.6030921936, 8.05583190918, -61.118270874, -49.896396637, -28.9896450043, 53.4866523743, 32.0093727112], [74.4380187988, 237.575164795, 331.080505371, 429.21585083, 203.265487671, 93.1278152466, 25.2161560059, 47.0381774902, 40.663066864, 1.36448061466, 18.8035888672, 70.7221908569, 35.3171539307], [-6.48840761185, 160.033065796, 203.932357788, 203.265487671, 247.594192505, 74.2244644165, 44.6408653259, 35.6911697388, 37.366065979, 10.2494859695, 16.17237854, 51.0354003906, 38.6741065979], [312.195770264, -5.59245681763, 69.9584732056, 93.1278152466, 74.2244644165, 231.444854736, 102.491882324, 64.0780792236, 40.6133499146, 31.787733078, 74.571144104, 25.0678958893, 26.8726024628], [102.17792511, 17.0503501892, -24.6030921936, 25.2161560059, 44.6408653259, 102.491882324, 201.109024048, 56.1942481995, 50.3420677185, 53.8627204895, 41.0804862976, 15.5497531891, 26.985294342], [231.466171265, -18.6997566223, 8.05583190918, 47.0381774902, 35.6911697388, 64.0780792236, 56.1942481995, 142.686477661, 66.0559844971, 37.4761123657, 38.9769134521, 19.7393188477, 13.2542829514], [19.1991958618, -33.6798629761, -61.118270874, 40.663066864, 37.366065979, 40.6133499146, 50.3420677185, 66.0559844971, 179.562286377, 44.9569854736, 53.3336257935, 16.0408935547, 11.1306533813], [119.006858826, -3.6535141468, -49.896396637, 1.36448061466, 10.2494859695, 31.787733078, 53.8627204895, 37.4761123657, 44.9569854736, 136.617050171, 41.2978782654, 16.2979259491, 2.38608360291], [128.311767578, 29.0812263489, -28.9896450043, 18.8035888672, 16.17237854, 74.571144104, 41.0804862976, 38.9769134521, 53.3336257935, 41.2978782654, 153.537994385, 43.3622817993, 19.8362579346], [55.828250885, 51.3362388611, 53.4866523743, 70.7221908569, 51.0354003906, 25.0678958893, 15.5497531891, 19.7393188477, 16.0408935547, 16.2979259491, 43.3622817993, 107.019805908, 55.2323646545], [156.697875977, 28.4595050812, 32.0093727112, 35.3171539307, 38.6741065979, 26.8726024628, 26.985294342, 13.2542829514, 11.1306533813, 2.38608360291, 19.8362579346, 55.2323646545, 120.782196045]],
