{
"lowlevel": {
    "average_loudness": 0.819705605507,
    "barkbands_crest": {
        "dmean": 2.67399740219,
        "dmean2": 4.46401834488,
        "dvar": 6.71907234192,
        "dvar2": 17.9292011261,
        "max": 25.4718036652,
        "mean": 9.29470443726,
        "median": 8.37974357605,
        "min": 2.34957098961,
        "var": 16.0020503998
    },
    "barkbands_flatness_db": {
        "dmean": 0.0196875222027,
        "dmean2": 0.0318973883986,
        "dvar": 0.000410276232287,
        "dvar2": 0.00110256473999,
        "max": 0.321448296309,
        "mean": 0.129955768585,
        "median": 0.121350765228,
        "min": 0.0448153205216,
        "var": 0.00183655391447
    },
    "barkbands_kurtosis": {
        "dmean": 2.51684379578,
        "dmean2": 4.2729549408,
        "dvar": 52.4478607178,
        "dvar2": 146.278274536,
        "max": 188.156921387,
        "mean": 2.67470765114,
        "median": 0.766627311707,
        "min": -1.95582997799,
        "var": 57.1040306091
    },
    "barkbands_skewness": {
        "dmean": 0.518150985241,
        "dmean2": 0.825017809868,
        "dvar": 0.432737052441,
        "dvar2": 1.10886740685,
        "max": 12.8025922775,
        "mean": 1.30275416374,
        "median": 1.13115692139,
        "min": -2.80121803284,
        "var": 1.25820469856
    },
    "barkbands_spread": {
        "dmean": 5.93018484116,
        "dmean2": 9.23245620728,
        "dvar": 49.1770896912,
        "dvar2": 104.790481567,
        "max": 113.654396057,
        "mean": 27.9175376892,
        "median": 25.4938602448,
        "min": 1.57332587242,
        "var": 246.239318848
    },
    "dissonance": {
        "dmean": 0.0150060309097,
        "dmean2": 0.0255382489413,
        "dvar": 0.00022067844111,
        "dvar2": 0.000601617619395,
        "max": 0.500000119209,
        "mean": 0.474165558815,
        "median": 0.479779213667,
        "min": 0.30226790905,
        "var": 0.000446863094112
    },
    "dynamic_complexity": 3.08022165298,
    "erbbands_crest": {
        "dmean": 2.6498260498,
        "dmean2": 4.3983130455,
        "dvar": 6.31293964386,
        "dvar2": 16.0707111359,
        "max": 28.6294803619,
        "mean": 8.43733596802,
        "median": 7.44785404205,
        "min": 2.07944464684,
        "var": 16.806344986
    },
    "erbbands_flatness_db": {
        "dmean": 0.0154361873865,
        "dmean2": 0.022452544421,
        "dvar": 0.000194088861463,
        "dvar2": 0.000383224833058,
        "max": 0.37481033802,
        "mean": 0.152300208807,
        "median": 0.145087733865,
        "min": 0.0647119581699,
        "var": 0.0022277161479
    },
    "erbbands_kurtosis": {
        "dmean": 0.831513285637,
        "dmean2": 1.33952820301,
        "dvar": 1.28097522259,
        "dvar2": 3.02672076225,
        "max": 26.4889717102,
        "mean": 0.500415444374,
        "median": 0.024564743042,
        "min": -1.81528878212,
        "var": 3.14972782135
    },
    "erbbands_skewness": {
        "dmean": 0.324228465557,
        "dmean2": 0.503689169884,
        "dvar": 0.0882161408663,
        "dvar2": 0.193264335394,
        "max": 3.45953702927,
        "mean": 0.0912719592452,
        "median": 0.110120750964,
        "min": -4.75687408447,
        "var": 0.65838766098
    },
    "erbbands_spread": {
        "dmean": 7.81149196625,
        "dmean2": 11.9739332199,
        "dvar": 72.7123413086,
        "dvar2": 161.149581909,
        "max": 146.309341431,
        "mean": 38.5547714233,
        "median": 35.2984580994,
        "min": 3.41311621666,
        "var": 327.616333008
    },
    "hfc": {
        "dmean": 5.36054468155,
        "dmean2": 8.12324142456,
        "dvar": 53.1839256287,
        "dvar2": 117.468856812,
        "max": 153.199996948,
        "mean": 23.1762390137,
        "median": 17.6689758301,
        "min": 1.09939450249e-16,
        "var": 406.384429932
    },
    "melbands_crest": {
        "dmean": 3.26357269287,
        "dmean2": 5.39664506912,
        "dvar": 8.29546356201,
        "dvar2": 21.8105220795,
        "max": 37.33385849,
        "mean": 13.4486513138,
        "median": 12.6989097595,
        "min": 2.65777015686,
        "var": 23.7225990295
    },
    "melbands_flatness_db": {
        "dmean": 0.0242408812046,
        "dmean2": 0.0388971492648,
        "dvar": 0.000640148180537,
        "dvar2": 0.00165517581627,
        "max": 0.415732502937,
        "mean": 0.172882780433,
        "median": 0.16596879065,
        "min": 0.00761447288096,
        "var": 0.00282080541365
    },
    "melbands_kurtosis": {
        "dmean": 7.30425453186,
        "dmean2": 12.2287044525,
        "dvar": 373.446258545,
        "dvar2": 1004.04626465,
        "max": 533.877197266,
        "mean": 11.389667511,
        "median": 5.76020145416,
        "min": -1.90099406242,
        "var": 427.7003479
    },
    "melbands_skewness": {
        "dmean": 0.747988045216,
        "dmean2": 1.19212818146,
        "dvar": 0.946413516998,
        "dvar2": 2.361951828,
        "max": 17.4428405762,
        "mean": 2.50432538986,
        "median": 2.20262265205,
        "min": -1.20357763767,
        "var": 2.60551714897
    },
    "melbands_spread": {
        "dmean": 7.68105649948,
        "dmean2": 11.9233198166,
        "dvar": 93.8942565918,
        "dvar2": 193.841156006,
        "max": 241.137435913,
        "mean": 29.0382137299,
        "median": 24.5207176208,
        "min": 0.805432140827,
        "var": 404.052520752
    },
    "pitch_salience": {
        "dmean": 0.0750081986189,
        "dmean2": 0.125153705478,
        "dvar": 0.00488538481295,
        "dvar2": 0.0131741939113,
        "max": 0.868191361427,
        "mean": 0.56263256073,
        "median": 0.570724189281,
        "min": 0.118465736508,
        "var": 0.0119629418477
    },
    "silence_rate_20dB": {
        "dmean": 0,
        "dmean2": 0,
        "dvar": 0,
        "dvar2": 0,
        "max": 1,
        "mean": 1,
        "median": 1,
        "min": 1,
        "var": 0
    },
    "silence_rate_30dB": {
        "dmean": 0.00447374628857,
        "dmean2": 0.00894854590297,
        "dvar": 0.00445333728567,
        "dvar2": 0.0128706041723,
        "max": 1,
        "mean": 0.997527956963,
        "median": 1,
        "min": 0,
        "var": 0.00246578408405
    },
    "silence_rate_60dB": {
        "dmean": 0.0113020958379,
        "dmean2": 0.0226068533957,
        "dvar": 0.0111759724095,
        "dvar2": 0.0253861397505,
        "max": 1,
        "mean": 0.0583872869611,
        "median": 0,
        "min": 0,
        "var": 0.0549852885306
    },
    "spectral_centroid": {
        "dmean": 240.133712769,
        "dmean2": 367.452301025,
        "dvar": 70040.875,
        "dvar2": 132403.609375,
        "max": 10973.2880859,
        "mean": 1562.12304688,
        "median": 1502.31323242,
        "min": 218.466323853,
        "var": 392807.53125
    },
    "spectral_complexity": {
        "dmean": 3.25853538513,
        "dmean2": 5.23796081543,
        "dvar": 9.60655975342,
        "dvar2": 23.7942466736,
        "max": 59,
        "mean": 21.9783401489,
        "median": 22,
        "min": 0,
        "var": 120.869911194
    },
    "spectral_decrease": {
        "dmean": 2.29459362622e-09,
        "dmean2": 3.8287244486e-09,
        "dvar": 2.17042961398e-17,
        "dvar2": 5.93555029066e-17,
        "max": -9.30223598902e-31,
        "mean": -6.18067819147e-09,
        "median": -5.32398036768e-09,
        "min": -4.98088184031e-08,
        "var": 2.72473310319e-17
    },
    "spectral_energy": {
        "dmean": 0.00894835684448,
        "dmean2": 0.0148840304464,
        "dvar": 0.000315454177326,
        "dvar2": 0.000860861211549,
        "max": 0.189990088344,
        "mean": 0.025429405272,
        "median": 0.0222145933658,
        "min": 9.97534824637e-21,
        "var": 0.000427926046541
    },
    "spectral_energyband_high": {
        "dmean": 0.000344513246091,
        "dmean2": 0.000490740290843,
        "dvar": 5.6100054735e-07,
        "dvar2": 1.03758065961e-06,
        "max": 0.020836956799,
        "mean": 0.00104683905374,
        "median": 0.000579221814405,
        "min": 7.02061063072e-21,
        "var": 2.54161705016e-06
    },
    "spectral_energyband_low": {
        "dmean": 0.00680834706873,
        "dmean2": 0.0117332106456,
        "dvar": 0.000318232137943,
        "dvar2": 0.000879846920725,
        "max": 0.1853851825,
        "mean": 0.0102609395981,
        "median": 0.00635423092172,
        "min": 6.3234673644e-23,
        "var": 0.00026817759499
    },
    "spectral_energyband_middle_high": {
        "dmean": 0.00201585888863,
        "dmean2": 0.00314841093495,
        "dvar": 1.11041435957e-05,
        "dvar2": 2.72347242571e-05,
        "max": 0.0663387700915,
        "mean": 0.00681451894343,
        "median": 0.00392369786277,
        "min": 1.27503853168e-21,
        "var": 5.54958023713e-05
    },
    "spectral_energyband_middle_low": {
        "dmean": 0.00324042164721,
        "dmean2": 0.00525126839057,
        "dvar": 1.78060236067e-05,
        "dvar2": 4.52338717878e-05,
        "max": 0.0578749477863,
        "mean": 0.00847893487662,
        "median": 0.00705932406709,
        "min": 4.97815760815e-22,
        "var": 4.49275612482e-05
    },
    "spectral_entropy": {
        "dmean": 0.119236499071,
        "dmean2": 0.178403228521,
        "dvar": 0.0140345804393,
        "dvar2": 0.027154635638,
        "max": 9.79553508759,
        "mean": 7.78100347519,
        "median": 7.77800035477,
        "min": 6.522397995,
        "var": 0.0828123018146
    },
    "spectral_flux": {
        "dmean": 0.0217226464301,
        "dmean2": 0.0344767645001,
        "dvar": 0.00101998366881,
        "dvar2": 0.00215408043005,
        "max": 0.3934918046,
        "mean": 0.0867092162371,
        "median": 0.0819292739034,
        "min": 1.07270019256e-10,
        "var": 0.00238818582147
    },
    "spectral_kurtosis": {
        "dmean": 1.0071593523,
        "dmean2": 1.67794537544,
        "dvar": 0.976979494095,
        "dvar2": 2.75805592537,
        "max": 13.7028083801,
        "mean": 3.32927942276,
        "median": 3.20766830444,
        "min": -1.28391087055,
        "var": 3.08489894867
    },
    "spectral_rms": {
        "dmean": 0.000757986912504,
        "dmean2": 0.00122534984257,
        "dvar": 1.18391346859e-06,
        "dvar2": 3.05818139168e-06,
        "max": 0.0136145576835,
        "mean": 0.00462406082079,
        "median": 0.00465540261939,
        "min": 3.11962283263e-12,
        "var": 3.42723024005e-06
    },
    "spectral_rolloff": {
        "dmean": 498.563995361,
        "dmean2": 812.823425293,
        "dvar": 741610.0625,
        "dvar2": 1484702,
        "max": 19013.8183594,
        "mean": 1725.44396973,
        "median": 1421.19140625,
        "min": 43.06640625,
        "var": 2167571.5
    },
    "spectral_skewness": {
        "dmean": 0.157620370388,
        "dmean2": 0.251480698586,
        "dvar": 0.0218343678862,
        "dvar2": 0.0517558865249,
        "max": 3.02555465698,
        "mean": 1.39795970917,
        "median": 1.41473829746,
        "min": -0.416904419661,
        "var": 0.117664083838
    },
    "spectral_spread": {
        "dmean": 493983.71875,
        "dmean2": 674375.125,
        "dvar": 656990404608,
        "dvar2": 837487493120,
        "max": 48840492,
        "mean": 4741939.5,
        "median": 4464974,
        "min": 2394872.75,
        "var": 2.37900084019e+12
    },
    "spectral_strongpeak": {
        "dmean": 0.57035535574,
        "dmean2": 0.998917162418,
        "dvar": 1.35849702358,
        "dvar2": 3.56738495827,
        "max": 11.3904104233,
        "mean": 0.779446125031,
        "median": 0.314552813768,
        "min": 0,
        "var": 1.68151068687
    },
    "zerocrossingrate": {
        "dmean": 0.00988260749727,
        "dmean2": 0.0116442972794,
        "dvar": 0.00017006068083,
        "dvar2": 0.000190966558876,
        "max": 0.50341796875,
        "mean": 0.0682084932923,
        "median": 0.0634765625,
        "min": 0.00732421875,
        "var": 0.00127192924265
    },
    "barkbands": {
        "dmean": [0.00020868597494, 0.00508315348998, 0.00188502366655, 0.00118599459529, 0.00131116341799, 0.000719919684343, 0.000514101644512, 0.000584164110478, 0.000661323138047, 0.00104924873449, 0.000426792801591, 0.000269043492153, 0.000278024934232, 0.000282424967736, 0.000363893108442, 0.000491031038109, 0.000389832886867, 0.000228822755162, 0.000200320995646, 0.000151326617924, 7.64046926633e-05, 9.27853834582e-05, 9.88661122392e-05, 8.37434708956e-05, 4.68861762783e-05, 1.5221974536e-05, 9.04932129231e-09],
        "dmean2": [0.000355729483999, 0.00888612680137, 0.00329524697736, 0.00198421510868, 0.00219860277139, 0.00116806966253, 0.000849928939715, 0.000938015349675, 0.00108979910146, 0.00171467510518, 0.000683432561345, 0.00043536213343, 0.000457390560769, 0.000468167621875, 0.000597777427174, 0.000784440373536, 0.00063720374601, 0.000366449909052, 0.0003163938527, 0.000243088114075, 0.000124997648527, 0.000144662422827, 0.000146199367009, 0.000120719501865, 6.70801236993e-05, 2.34553845075e-05, 1.62328266384e-08],
        "dvar": [7.41657345316e-07, 0.00022086239187, 1.97473200387e-05, 5.8156592786e-06, 4.29137207902e-06, 1.64226173638e-06, 1.20867184705e-06, 1.88563410575e-06, 2.5751000976e-06, 7.43023656469e-06, 1.53048142693e-06, 4.70684540232e-07, 5.31052478436e-07, 5.77727689688e-07, 7.33127876629e-07, 1.31926015001e-06, 8.10511608051e-07, 2.00430278596e-07, 1.54097747895e-07, 7.17391586136e-08, 2.33146071338e-08, 6.32663201827e-08, 6.27183069923e-08, 6.4025570623e-08, 1.40370817192e-08, 1.68439684423e-09, 1.86526268809e-15],
        "dvar2": [2.09618883673e-06, 0.000616444624029, 5.68647737964e-05, 1.48552699102e-05, 1.18182288134e-05, 4.16354032495e-06, 2.95788163385e-06, 4.35303263657e-06, 7.09525966158e-06, 1.91083290701e-05, 3.57332260137e-06, 1.15806255963e-06, 1.37642359732e-06, 1.53987048179e-06, 1.82014593975e-06, 3.17238891512e-06, 2.02418254958e-06, 4.73875019225e-07, 3.59633702374e-07, 1.7942069519e-07, 6.01902812036e-08, 1.38615249057e-07, 1.24285250536e-07, 1.33487844778e-07, 2.44464306576e-08, 3.81652975889e-09, 4.97283133048e-15],
        "max": [0.0482822470367, 0.162722557783, 0.0509527549148, 0.0406338386238, 0.0475265756249, 0.0306703839451, 0.0307142268866, 0.0315791517496, 0.04713492468, 0.0612127408385, 0.0320093147457, 0.0248470045626, 0.0254262425005, 0.0218627657741, 0.0172146037221, 0.023055292666, 0.0219445098191, 0.00896938703954, 0.00817771628499, 0.00527883926407, 0.00409200415015, 0.00641197757795, 0.00770555343479, 0.00950258597732, 0.0043209171854, 0.00149990734644, 2.17462616092e-06],
        "mean": [0.000250940473052, 0.00665775639936, 0.00247443467379, 0.0016122572124, 0.00224404409528, 0.0013310686918, 0.000808884156868, 0.000856368453242, 0.00104098604061, 0.00171493017115, 0.000672261463478, 0.000446974707302, 0.000442381424364, 0.000459363422124, 0.000596844824031, 0.000901461346075, 0.000775451306254, 0.000471392413601, 0.000420701282565, 0.000335904856911, 0.000168041195138, 0.000203154966584, 0.000227230368182, 0.000184784003068, 0.000106695530121, 2.51214260061e-05, 6.84985757005e-09],
        "median": [4.37688649981e-05, 0.00350769236684, 0.00122321781237, 0.000700988806784, 0.00141810497735, 0.000759339192882, 0.00040079318569, 0.000336350727594, 0.000375461124349, 0.000520198256709, 0.000218719185796, 0.000208041004953, 0.000202989307581, 0.00021186892991, 0.000269895215752, 0.000260172790149, 0.000244651397225, 0.000189221580513, 0.000184643125976, 0.000147952931002, 9.21452883631e-05, 9.14415359148e-05, 9.79535034276e-05, 7.05818602e-05, 4.11991604778e-05, 9.46501586441e-06, 7.14895087572e-10],
        "min": [3.1320765748e-24, 1.39683805591e-23, 1.54386248044e-23, 2.37900711715e-23, 3.86383156299e-23, 3.01170937742e-23, 9.98683517187e-23, 5.21267390148e-23, 6.14904327628e-23, 5.90521141918e-23, 7.15881615831e-23, 8.68588426339e-23, 4.42582332939e-23, 3.63348701856e-23, 1.08420638917e-22, 8.48848980789e-23, 1.04236230375e-22, 1.29545513543e-22, 1.29531200451e-22, 3.03011848794e-22, 4.91405817887e-22, 5.60554512318e-22, 5.38900242604e-22, 7.88434188269e-22, 9.85696266601e-22, 1.45874421837e-21, 2.32662379324e-21],
        "var": [1.1614692994e-06, 0.000172183994437, 1.70309485839e-05, 7.33621254767e-06, 7.54961865823e-06, 3.39522193826e-06, 2.10610755857e-06, 3.12157021654e-06, 4.40952453573e-06, 1.52910834004e-05, 3.21134803016e-06, 9.14698375709e-07, 7.57766713377e-07, 8.81204528014e-07, 1.19872026971e-06, 3.22224605043e-06, 2.52922336585e-06, 5.50711831693e-07, 4.08910295846e-07, 2.32049927718e-07, 5.31240971213e-08, 1.54322535195e-07, 1.89428192243e-07, 2.13491631484e-07, 5.5605394067e-08, 3.34415806158e-09, 1.43317889972e-15]
    },
    "erbbands": {
        "dmean": [0.124352358282, 1.23035883904, 2.30612301826, 3.1520755291, 3.97750163078, 4.30672550201, 6.93952608109, 5.05425643921, 7.35209083557, 8.82270812988, 13.3470420837, 13.7510490417, 27.5705299377, 28.0028934479, 12.4532060623, 11.4588565826, 12.511089325, 13.4256210327, 16.7079219818, 18.367225647, 27.2123279572, 16.32122612, 11.6066551208, 12.304265976, 8.28372192383, 6.88478326797, 3.5113902092, 2.9070224762, 3.33611011505, 3.54815578461, 2.60786771774, 1.96753823757, 1.30291008949, 0.609496295452, 0.334542125463, 0.116742379963, 0.0180510766804, 0.000455305416835, 1.88273115782e-05, 1.10549690362e-05],
        "dmean2": [0.214240148664, 2.15988230705, 4.07270002365, 5.23752403259, 6.7352232933, 7.26564216614, 11.3113155365, 8.33110141754, 12.0538167953, 14.4223194122, 21.2801151276, 22.7567310333, 45.3194351196, 45.0596351624, 20.0298423767, 18.6113090515, 20.4563980103, 22.0478878021, 27.5907478333, 29.7483901978, 43.2475509644, 26.3805084229, 18.6139564514, 19.0424613953, 13.1590576172, 11.0238876343, 5.69403934479, 4.75654315948, 5.27305603027, 5.35019683838, 3.89836621284, 2.86358761787, 1.92738103867, 0.881513893604, 0.490332633257, 0.175711646676, 0.0281434636563, 0.000691447756253, 2.77671460935e-05, 1.78608370334e-05],
        "dvar": [0.125129565597, 13.0042772293, 35.0958709717, 44.2315216064, 37.9753875732, 57.6434898376, 217.122116089, 69.1458816528, 206.604049683, 518.912536621, 964.264343262, 1152.80078125, 4753.72949219, 8568.66015625, 1045.50744629, 911.189331055, 1096.18884277, 1011.21405029, 1542.21643066, 1597.04772949, 4089.00170898, 1475.60766602, 526.764770508, 773.131225586, 208.63331604, 131.677642822, 41.165184021, 47.2639083862, 90.8166809082, 93.3615112305, 43.9429397583, 44.6531791687, 15.5449934006, 2.78937292099, 0.659725248814, 0.0939327478409, 0.00190499960445, 1.12247585093e-06, 1.57681023794e-09, 4.00711852588e-10],
        "dvar2": [0.341344028711, 36.4989776611, 101.704269409, 112.065597534, 102.531211853, 160.78666687, 551.565246582, 178.849868774, 508.171508789, 1159.22265625, 2282.5690918, 3213.71606445, 12656.4648438, 21780.4003906, 2608.73022461, 2261.60571289, 2827.07495117, 2655.75073242, 3810.85473633, 3939.39257812, 9943.57910156, 3753.0859375, 1282.26318359, 1668.21264648, 517.521362305, 330.930969238, 109.087532043, 119.896873474, 211.970474243, 187.835693359, 87.9082717896, 94.7475357056, 34.2493171692, 5.38653707504, 1.21093046665, 0.198859617114, 0.00460119126365, 2.50466405305e-06, 3.16427328784e-09, 1.05517272697e-09],
        "max": [3.88646125793, 39.3186302185, 64.7651290894, 119.500198364, 106.913848877, 185.405578613, 405.442199707, 153.018615723, 355.48526001, 776.435302734, 835.214660645, 1043.72570801, 1844.10632324, 2342.40332031, 973.26361084, 1232.90759277, 1187.73999023, 849.788696289, 963.975463867, 934.776000977, 1468.35571289, 1009.62011719, 397.350341797, 686.478942871, 256.593841553, 201.004257202, 130.754516602, 188.201293945, 266.12298584, 304.764221191, 201.305221558, 291.282196045, 174.014801025, 56.1158828735, 36.9253501892, 9.82894897461, 1.63113152981, 0.0331851989031, 0.00139066961128, 0.000285171088763],
        "mean": [0.158663734794, 1.58819282055, 3.14496159554, 4.48925828934, 6.16314220428, 6.86878585815, 11.504940033, 9.05867099762, 12.0713100433, 13.2796897888, 20.4329376221, 22.4407234192, 46.3171157837, 48.8808555603, 22.6965293884, 20.2888584137, 21.3040924072, 23.6546573639, 29.0355091095, 34.708656311, 55.7449302673, 38.5086784363, 26.5729465485, 25.3347663879, 19.3381404877, 16.1229496002, 8.01099300385, 6.42044734955, 7.11599111557, 7.76601934433, 6.02380466461, 4.15677452087, 2.82438325882, 1.27748310566, 0.73135972023, 0.220138058066, 0.0278340708464, 0.000763247953728, 4.83541152789e-05, 3.54303701897e-05],
        "median": [0.0770928859711, 0.830576717854, 1.72833776474, 2.28146147728, 3.65263032913, 3.91241192818, 5.05466890335, 5.50922012329, 6.40718412399, 5.68422079086, 8.4819393158, 9.17675304413, 16.0607757568, 12.69896698, 9.7140750885, 10.2069740295, 10.2688856125, 11.456401825, 14.0357551575, 15.2738904953, 16.5851554871, 12.5320549011, 10.7510137558, 10.4667606354, 8.77079963684, 7.15215349197, 4.65472412109, 3.30844473839, 3.24210190773, 3.40253686905, 2.58301281929, 1.4982509613, 1.09869408607, 0.511733651161, 0.245980218053, 0.083858422935, 0.0100681018084, 0.000278398802038, 2.97479709843e-05, 3.04842233163e-05],
        "min": [8.93750476508e-22, 2.81607318559e-21, 2.14674210032e-20, 4.3926227664e-20, 1.16217829163e-19, 1.16471269548e-19, 8.69490577768e-20, 2.84016056386e-19, 1.26379828291e-18, 2.98786157214e-18, 1.32136426328e-18, 1.25916079821e-18, 1.61666153811e-18, 2.26432379521e-18, 2.9491656495e-18, 3.1131986669e-18, 2.08275041293e-18, 2.11005626533e-18, 3.65941642425e-18, 6.04519225367e-18, 7.005073316e-18, 6.37897576086e-18, 7.76948001904e-18, 7.78403674346e-18, 9.09230394591e-18, 1.34192038393e-17, 1.59810847668e-17, 1.89717281473e-17, 2.00147516145e-17, 1.63148372547e-17, 1.63940679225e-17, 1.22014566656e-17, 1.51298729031e-17, 1.23439079205e-17, 7.33006596122e-18, 4.18973887216e-18, 2.41016070029e-18, 1.30132839788e-18, 3.31109904351e-19, 3.09658455042e-20],
        "var": [0.111225828528, 9.77851009369, 27.9667797089, 50.0360527039, 59.6401672363, 88.8766708374, 419.065551758, 133.630874634, 348.109924316, 883.93536377, 1544.5769043, 1873.01525879, 9556.74902344, 19402.1210938, 1970.23864746, 1729.06237793, 1607.71496582, 1837.12475586, 2645.54492188, 3402.06347656, 11563.0605469, 5656.68212891, 1744.99780273, 1915.90246582, 717.77154541, 490.880401611, 104.419219971, 100.484848022, 195.865783691, 240.1612854, 135.157241821, 118.196014404, 46.2467269897, 9.61002254486, 2.46698617935, 0.226202681661, 0.00344466627575, 2.5663323413e-06, 5.08981612413e-09, 7.83684173111e-10]
    },
    "gfcc": {
        "mean": [5.75839757919, 89.8001785278, -130.743255615, 44.3341293335, -64.0704040527, 27.4064006805, -40.7672309875, 16.30128479, -22.2801990509, -1.59852743149, -15.2277736664, -3.11095809937, -4.77108716965],
        "cov": [[4865.22265625, -690.016174316, 742.422241211, 575.100402832, 222.079696655, -0.619631111622, -454.023803711, 292.100585938, -173.005111694, 296.676727295, -181.76902771, 307.939788818, -216.421585083], [-690.016174316, 1116.14318848, 216.221542358, 155.54069519, 208.377044678, -28.6503677368, 139.443557739, -105.980995178, 94.5040588379, -81.3162994385, 171.184753418, -84.1856079102, 96.7373809814], [742.422241211, 216.221542358, 1267.19934082, 542.182067871, 221.902877808, 127.909408569, -174.984893799, -0.850482225418, -75.1241912842, 162.111557007, -15.4620466232, 175.308349609, -102.230911255], [575.100402832, 155.54069519, 542.182067871, 510.335662842, 188.573074341, 3.04774451256, -118.153015137, -0.227495744824, 18.8197822571, 53.1399650574, 39.1706352234, 93.7675247192, -7.3604259491], [222.079696655, 208.377044678, 221.902877808, 188.573074341, 251.676528931, 21.1271686554, -7.27377271652, 60.0680885315, 20.3136138916, 45.8415412903, 23.3206233978, 49.67212677, 10.4817047119], [-0.619631111622, -28.6503677368, 127.909408569, 3.04774451256, 21.1271686554, 193.226226807, 96.2710189819, 0.266736596823, 15.3716087341, 28.3100643158, -7.15953683853, 13.6907835007, -0.610814630985], [-454.023803711, 139.443557739, -174.984893799, -118.153015137, -7.27377271652, 96.2710189819, 236.904281616, 12.3314218521, 46.1308517456, -32.7360420227, 26.1994419098, -63.4564628601, 33.7293281555], [292.100585938, -105.980995178, -0.850482225418, -0.227495744824, 60.0680885315, 0.266736596823, 12.3314218521, 144.419830322, 21.6135044098, 41.9741134644, -19.5338611603, 20.45844841, -13.9166307449], [-173.005111694, 94.5040588379, -75.1241912842, 18.8197822571, 20.3136138916, 15.3716087341, 46.1308517456, 21.6135044098, 130.694961548, 3.96574568748, 36.6814498901, -19.2759609222, 39.76379776], [296.676727295, -81.3162994385, 162.111557007, 53.1399650574, 45.8415412903, 28.3100643158, -32.7360420227, 41.9741134644, 3.96574568748, 114.876953125, -0.406344950199, 50.7789459229, -36.6088867188], [-181.76902771, 171.184753418, -15.4620466232, 39.1706352234, 23.3206233978, -7.15953683853, 26.1994419098, -19.5338611603, 36.6814498901, -0.406344950199, 102.73223114, -5.41337108612, 27.8290290833], [307.939788818, -84.1856079102, 175.308349609, 93.7675247192, 49.67212677, 13.6907835007, -63.4564628601, 20.45844841, -19.2759609222, 50.7789459229, -5.41337108612, 117.075447083, 0.252858787775], [-216.421585083, 96.7373809814, -102.230911255, -7.3604259491, 10.4817047119, -0.610814630985, 33.7293281555, -13.9166307449, 39.76379776, -36.6088867188, 27.8290290833, 0.252858787775, 90.135597229]],
        "icov": [[0.000468671496492, -0.000379685894586, 0.000567302748095, -0.000886130612344, 0.000531779835001, -0.000807380420156, 0.000918668287341, -0.0011663842015, 0.000754714768846, -0.000756191497203, 0.000776801200118, -0.000588178809267, 0.000634445867036], [-0.000379685894586, 0.00415294058621, -0.00290714111179, 0.00250978954136, -0.00432040682063, 0.00409043580294, -0.00352623243816, 0.00413712533191, -0.00249053956941, 0.00300351204351, -0.0043387147598, 0.00314008072019, -0.00232328381389], [0.000567302748095, -0.00290714111179, 0.00467766355723, -0.00429377891123, 0.00273611140437, -0.00484707346186, 0.00349111761898, -0.00285436888225, 0.00317733758129, -0.00366412987933, 0.00357761140913, -0.00308043486439, 0.00335297337733], [-0.000886130612344, 0.00250978954136, -0.00429377891123, 0.0080023445189, -0.00510645238683, 0.00394489616156, -0.00172668718733, 0.00428932718933, -0.00442301761359, 0.00432379310951, -0.00454685138538, 0.00136606115848, -0.00200146622956], [0.000531779835001, -0.00432040682063, 0.00273611140437, -0.00510645238683, 0.0115254651755, -0.0042637558654, 0.00280629447661, -0.00744792725891, 0.00346098723821, -0.00437128916383, 0.00387241528369, -0.00343775493093, 0.000542530149687], [-0.000807380420156, 0.00409043580294, -0.00484707346186, 0.00394489616156, -0.0042637558654, 0.0140686091036, -0.00960665754974, 0.00652526831254, -0.00430970778689, 0.00165212911088, -0.00240482040681, 0.0014491599286, -0.00299977231771], [0.000918668287341, -0.00352623243816, 0.00349111761898, -0.00172668718733, 0.00280629447661, -0.00960665754974, 0.0131916860119, -0.00633214274421, 0.00237675732933, -0.00157214479987, 0.00162839016411, 0.000538401829544, 0.00131204165518], [-0.0011663842015, 0.00413712533191, -0.00285436888225, 0.00428932718933, -0.00744792725891, 0.00652526831254, -0.00633214274421, 0.0159846972674, -0.00581839354709, 0.000894750119187, -0.00181394524407, 0.00162506708875, -0.000894290686119], [0.000754714768846, -0.00249053956941, 0.00317733758129, -0.00442301761359, 0.00346098723821, -0.00430970778689, 0.00237675732933, -0.00581839354709, 0.0141570735723, -0.00573672261089, 0.000730616331566, 0.00120927533135, -0.00329624325968], [-0.000756191497203, 0.00300351204351, -0.00366412987933, 0.00432379310951, -0.00437128916383, 0.00165212911088, -0.00157214479987, 0.000894750119187, -0.00573672261089, 0.0194753408432, -0.00617943797261, -0.00286220619455, 0.00476074405015], [0.000776801200118, -0.0043387147598, 0.00357761140913, -0.00454685138538, 0.00387241528369, -0.00240482040681, 0.00162839016411, -0.00181394524407, 0.000730616331566, -0.00617943797261, 0.0182304885238, -0.00339808757417, 0.00040083238855], [-0.000588178809267, 0.00314008072019, -0.00308043486439, 0.00136606115848, -0.00343775493093, 0.0014491599286, 0.000538401829544, 0.00162506708875, 0.00120927533135, -0.00286220619455, -0.00339808757417, 0.0184635296464, -0.00840417295694], [0.000634445867036, -0.00232328381389, 0.00335297337733, -0.00200146622956, 0.000542530149687, -0.00299977231771, 0.00131204165518, -0.000894290686119, -0.00329624325968, 0.00476074405015, 0.00040083238855, -0.00840417295694, 0.0213257614523]]
    },
    "melbands": {
        "dmean": [0.00128699676134, 0.00135337130632, 0.000529094249941, 0.000289344985504, 0.000224374758545, 0.000121336808661, 0.000110449371277, 9.99983094516e-05, 0.00010969878349, 9.31492468226e-05, 0.000140597330756, 0.000121027434943, 5.04064955749e-05, 3.16978548653e-05, 2.85414917016e-05, 2.63386500592e-05, 2.75258116744e-05, 2.72713841696e-05, 2.67982832156e-05, 3.02132011711e-05, 3.74557639589e-05, 2.2210937459e-05, 1.2035873624e-05, 1.13293453978e-05, 1.12265524876e-05, 6.54884024698e-06, 6.78468404658e-06, 4.45110799774e-06, 2.59640091826e-06, 1.85004603281e-06, 1.83917859431e-06, 2.03154331757e-06, 2.06421441362e-06, 2.24602035814e-06, 1.7654894009e-06, 1.27505199998e-06, 1.29104660118e-06, 1.05965625607e-06, 7.22243441942e-07, 4.93727952744e-07],
        "dmean2": [0.00223982916214, 0.00237974687479, 0.00087925477419, 0.000491101061925, 0.000368621083908, 0.000198255933356, 0.000181385141332, 0.000162669588462, 0.000176298141014, 0.000154013207066, 0.000230677891523, 0.000194491018192, 8.07521864772e-05, 5.17198132002e-05, 4.6022098104e-05, 4.31155349361e-05, 4.54962791991e-05, 4.52230051451e-05, 4.36341142631e-05, 4.79263580928e-05, 5.96650279476e-05, 3.61471575161e-05, 1.98841498786e-05, 1.79286198545e-05, 1.74770138983e-05, 1.060757495e-05, 1.0916735846e-05, 7.25184145267e-06, 4.2951191972e-06, 3.06842753162e-06, 3.0298197089e-06, 3.28250303028e-06, 3.25917403643e-06, 3.44693830812e-06, 2.70474106401e-06, 1.95143638848e-06, 1.9308422452e-06, 1.59848787007e-06, 1.09124403025e-06, 7.30970214136e-07],
        "dvar": [1.40586598718e-05, 1.34570245791e-05, 1.01856107904e-06, 2.07606930758e-07, 2.05575659606e-07, 3.93014545352e-08, 4.66319356462e-08, 6.47461888548e-08, 6.42254605054e-08, 5.35329931495e-08, 1.24307518945e-07, 1.53820707283e-07, 1.78752497249e-08, 7.2702279752e-09, 4.22429513591e-09, 6.03307448444e-09, 4.65000660199e-09, 4.29841273686e-09, 4.45333636634e-09, 5.28089483254e-09, 8.02692046165e-09, 3.1720144289e-09, 5.58750989921e-10, 4.81650386241e-10, 6.87243983943e-10, 1.30589539182e-10, 1.87020537945e-10, 5.50407462663e-11, 2.31215966512e-11, 1.49711128911e-11, 2.01313601206e-11, 3.30848751173e-11, 3.19874127186e-11, 3.61548811723e-11, 2.05291460914e-11, 1.25409274979e-11, 2.1648955198e-11, 1.1432610067e-11, 4.17878362122e-12, 1.87622660464e-12],
        "dvar2": [3.89018532587e-05, 3.82234175049e-05, 2.57436227002e-06, 5.83303005897e-07, 5.34276750841e-07, 1.00336499997e-07, 1.14169090182e-07, 1.45313904909e-07, 1.55563796511e-07, 1.50815282041e-07, 3.2936640082e-07, 3.87764856669e-07, 4.34795239812e-08, 1.83532193887e-08, 1.00516652779e-08, 1.57346597973e-08, 1.22629106869e-08, 1.07903517232e-08, 1.1076418005e-08, 1.19060556969e-08, 1.93214617639e-08, 7.87207987685e-09, 1.48584422544e-09, 1.13410059122e-09, 1.4914482982e-09, 3.22908616512e-10, 4.60457311169e-10, 1.42026307381e-10, 6.11368247694e-11, 3.92182120112e-11, 5.12142064868e-11, 8.07749908627e-11, 7.09025060885e-11, 7.55173007461e-11, 4.38430854122e-11, 2.68296738992e-11, 4.7545994919e-11, 2.62730011358e-11, 9.32090342409e-12, 3.80115253509e-12],
        "max": [0.0399770066142, 0.0394248738885, 0.0185234621167, 0.00816142372787, 0.0117503069341, 0.00410945620388, 0.00553975440562, 0.00722960196435, 0.00627951603383, 0.00698945904151, 0.00976862479001, 0.00928330607712, 0.0040012570098, 0.00326101155952, 0.00201042601839, 0.00330850714818, 0.00162665185053, 0.00193370692432, 0.00153898238204, 0.0017008385621, 0.00189646927174, 0.00145797862206, 0.000482716597617, 0.000382376951165, 0.00061265291879, 0.000244779686909, 0.000290231313556, 0.000127945109853, 9.31177710299e-05, 0.00010589267913, 0.000117962787044, 0.000162652228028, 0.000151618922246, 0.000203325340408, 0.000130979926325, 9.39682868193e-05, 0.000215571199078, 0.00015319067461, 7.84933581599e-05, 4.70146951557e-05],
        "mean": [0.00168577861041, 0.00187980977353, 0.000828140473459, 0.000465027202154, 0.000380903540645, 0.000219939349336, 0.000182429183042, 0.000149422936374, 0.000164346332895, 0.000147828934132, 0.00023260297894, 0.000202922354219, 8.4123450506e-05, 5.31852601853e-05, 4.80680537294e-05, 4.27530685556e-05, 4.44442157459e-05, 4.40139410784e-05, 4.39356772404e-05, 5.28255222889e-05, 7.0376052463e-05, 4.50469087809e-05, 2.52662375715e-05, 2.20573965635e-05, 2.07188259083e-05, 1.36395810841e-05, 1.41012787935e-05, 9.61421028478e-06, 5.22775962963e-06, 3.71016585632e-06, 3.71760324924e-06, 3.95943243348e-06, 4.05202308684e-06, 4.54516430182e-06, 3.74046021534e-06, 2.66502638624e-06, 2.48039418693e-06, 2.14785268327e-06, 1.43545025821e-06, 9.28730116811e-07],
        "median": [0.000892448297236, 0.00111503782682, 0.000477905239677, 0.000293877383228, 0.000183586307685, 0.000133235822432, 9.57713709795e-05, 6.21988874627e-05, 6.79313525325e-05, 5.45930815861e-05, 7.84681396908e-05, 4.89116428071e-05, 3.11400908686e-05, 2.55317409028e-05, 2.50343819062e-05, 1.9613027689e-05, 1.99709356821e-05, 2.04137813853e-05, 1.90631071746e-05, 1.91991166503e-05, 1.88002486539e-05, 1.3057853721e-05, 9.32686998567e-06, 9.24710457184e-06, 7.71215673012e-06, 6.34534762867e-06, 5.20841740581e-06, 4.37856624558e-06, 2.77494586953e-06, 1.94850304069e-06, 1.78085997504e-06, 1.77278457159e-06, 1.69848840414e-06, 1.92351581063e-06, 1.57070758178e-06, 1.00631780242e-06, 8.10612220903e-07, 7.82693462043e-07, 5.68853977256e-07, 3.44519861528e-07],
        "min": [8.12012395067e-24, 9.36362432824e-24, 1.05600778303e-23, 8.70099852279e-24, 2.51806353377e-24, 6.08886352328e-24, 1.89893682026e-23, 2.9121317809e-23, 1.00888359913e-23, 7.96002857426e-24, 8.24689389814e-24, 8.62212663176e-24, 1.01481259881e-23, 9.52114880696e-24, 5.35603028057e-24, 5.18037817267e-24, 3.4087772287e-24, 5.40717765508e-24, 7.64179182991e-24, 7.85168010665e-24, 7.94839445363e-24, 6.8368081855e-24, 6.34961479019e-24, 4.55164064843e-24, 5.9163964413e-24, 5.49439924435e-24, 8.38963749008e-24, 7.65391031113e-24, 8.94880576553e-24, 9.5795615904e-24, 8.88337921977e-24, 1.19349622027e-23, 9.4393052769e-24, 8.5096145563e-24, 9.68533442716e-24, 8.74406165075e-24, 6.73214369832e-24, 8.92492300162e-24, 1.11511421187e-23, 9.80443901321e-24],
        "var": [1.14308304546e-05, 1.03688034869e-05, 1.2978526911e-06, 3.16606730166e-07, 4.00937040013e-07, 7.92050656173e-08, 8.16283005634e-08, 1.10019698241e-07, 9.78758905035e-08, 8.90649118901e-08, 2.53103110026e-07, 3.42865916991e-07, 3.53587736868e-08, 1.25594912248e-08, 7.39245331616e-09, 8.29807866864e-09, 7.91085508212e-09, 6.65298793834e-09, 6.82797818286e-09, 1.14552136665e-08, 2.11923119053e-08, 9.9185060165e-09, 1.81399362198e-09, 1.19461407433e-09, 1.56989055089e-09, 3.56740109675e-10, 5.30530119836e-10, 1.72946240662e-10, 5.27646780435e-11, 2.79921606727e-11, 4.00694928626e-11, 6.35223956769e-11, 7.0189527801e-11, 8.49892309307e-11, 5.32781527229e-11, 3.38634571773e-11, 5.21555749977e-11, 2.94102416032e-11, 1.16890325544e-11, 5.552668568e-12]
    },
    "mfcc": {
        "mean": [-626.065734863, 107.448165894, -2.77316999435, 18.2650737762, 6.20531749725, 6.600669384, 0.0947374030948, 10.3305568695, 2.1238451004, 5.1615447998, -2.76694226265, -2.99200725555, -0.0791689455509],
        "cov": [[4114.35498047, -697.441101074, 224.347946167, 405.957855225, 402.268310547, -115.004890442, -124.760299683, -0.658669769764, -68.4986724854, 62.7970123291, -75.0504989624, 7.45091342926, 155.947357178], [-697.441101074, 877.477539062, 87.3871688843, 133.049789429, 76.6775436401, 73.8120880127, 108.578712463, 16.6108818054, 0.518878221512, 11.5779905319, 41.8519935608, 13.9115371704, 17.2465171814], [224.347946167, 87.3871688843, 948.641418457, 374.710540771, 334.386993408, 210.941711426, 24.5810680389, -20.1218719482, -54.8469047546, -59.4771080017, 21.1902751923, 55.6805419922, 71.665473938], [405.957855225, 133.049789429, 374.710540771, 508.41494751, 333.091705322, 42.9276237488, -14.015838623, -2.17802596092, -40.2811203003, -31.0923042297, -19.0849552155, 56.5142059326, 109.492446899], [402.268310547, 76.6775436401, 334.386993408, 333.091705322, 370.449371338, 52.2236366272, -15.7958192825, 0.81616127491, -15.4005308151, -19.2021942139, -9.04482746124, 49.1199836731, 99.7715072632], [-115.004890442, 73.8120880127, 210.941711426, 42.9276237488, 52.2236366272, 207.663009644, 55.3679351807, 24.4249248505, 18.0021095276, -7.05806255341, 28.5462245941, 12.442445755, -0.0685534179211], [-124.760299683, 108.578712463, 24.5810680389, -14.015838623, -15.7958192825, 55.3679351807, 147.803741455, 37.5015029907, 18.0697174072, 27.5547790527, 26.2819690704, 0.328395426273, -18.2286090851], [-0.658669769764, 16.6108818054, -20.1218719482, -2.17802596092, 0.81616127491, 24.4249248505, 37.5015029907, 91.2506561279, 46.6239433289, 21.1427936554, 6.51577663422, 3.37051606178, 4.52714586258], [-68.4986724854, 0.518878221512, -54.8469047546, -40.2811203003, -15.4005308151, 18.0021095276, 18.0697174072, 46.6239433289, 110.389823914, 38.7823295593, 12.5823793411, 5.63488674164, -1.9117577076], [62.7970123291, 11.5779905319, -59.4771080017, -31.0923042297, -19.2021942139, -7.05806255341, 27.5547790527, 21.1427936554, 38.7823295593, 100.088264465, 38.0105667114, -2.22762298584, -9.17992973328], [-75.0504989624, 41.8519935608, 21.1902751923, -19.0849552155, -9.04482746124, 28.5462245941, 26.2819690704, 6.51577663422, 12.5823793411, 38.0105667114, 82.6380615234, 24.3959331512, -4.22565078735], [7.45091342926, 13.9115371704, 55.6805419922, 56.5142059326, 49.1199836731, 12.442445755, 0.328395426273, 3.37051606178, 5.63488674164, -2.22762298584, 24.3959331512, 79.8221740723, 38.5214118958], [155.947357178, 17.2465171814, 71.665473938, 109.492446899, 99.7715072632, -0.0685534179211, -18.2286090851, 4.52714586258, -1.9117577076, -9.17992973328, -4.22565078735, 38.5214118958, 93.9730148315]],
