{
"lowlevel": {
    "average_loudness": 0.961218297482,
    "barkbands_crest": {
        "dmean": 2.24786496162,
        "dmean2": 3.67593574524,
        "dvar": 4.6378493309,
        "dvar2": 12.0927610397,
        "max": 22.8253574371,
        "mean": 7.22598361969,
        "median": 6.48062610626,
        "min": 1.87671339512,
        "var": 10.8916730881
    },
    "barkbands_flatness_db": {
        "dmean": 0.0165567342192,
        "dmean2": 0.0257891733199,
        "dvar": 0.000241882546106,
        "dvar2": 0.000545705086552,
        "max": 0.280919849873,
        "mean": 0.100229151547,
        "median": 0.093179449439,
        "min": 0.0367066264153,
        "var": 0.00108407926746
    },
    "barkbands_kurtosis": {
        "dmean": 1.64009428024,
        "dmean2": 2.43737745285,
        "dvar": 10.2579126358,
        "dvar2": 19.9621677399,
        "max": 98.1313323975,
        "mean": 1.1112459898,
        "median": -0.711522817612,
        "min": -1.94027745724,
        "var": 29.0996761322
    },
    "barkbands_skewness": {
        "dmean": 0.546589493752,
        "dmean2": 0.804744303226,
        "dvar": 0.311003863811,
        "dvar2": 0.645377457142,
        "max": 8.21098136902,
        "mean": 0.784883201122,
        "median": 0.582046747208,
        "min": -3.72924542427,
        "var": 1.550989151
    },
    "barkbands_spread": {
        "dmean": 9.17163276672,
        "dmean2": 13.8853845596,
        "dvar": 89.9944839478,
        "dvar2": 190.295837402,
        "max": 119.596221924,
        "mean": 44.269329071,
        "median": 42.9657592773,
        "min": 1.86438882351,
        "var": 354.326202393
    },
    "dissonance": {
        "dmean": 0.010691463016,
        "dmean2": 0.0180659368634,
        "dvar": 0.000132527027745,
        "dvar2": 0.000322050618706,
        "max": 0.500000119209,
        "mean": 0.482620865107,
        "median": 0.486501812935,
        "min": 0,
        "var": 0.000233480503084
    },
    "dynamic_complexity": 2.47295880318,
    "erbbands_crest": {
        "dmean": 1.96295821667,
        "dmean2": 3.22054934502,
        "dvar": 4.73559188843,
        "dvar2": 12.4416007996,
        "max": 28.9074745178,
        "mean": 6.28448677063,
        "median": 5.59484529495,
        "min": 2.26136779785,
        "var": 8.22866535187
    },
    "erbbands_flatness_db": {
        "dmean": 0.0133396880701,
        "dmean2": 0.0201775692403,
        "dvar": 0.000166615718626,
        "dvar2": 0.000368591630831,
        "max": 0.300739228725,
        "mean": 0.126420617104,
        "median": 0.120589330792,
        "min": 0.0669959262013,
        "var": 0.000892049632967
    },
    "erbbands_kurtosis": {
        "dmean": 0.779584944248,
        "dmean2": 1.23790729046,
        "dvar": 1.32591331005,
        "dvar2": 3.00641870499,
        "max": 23.0332775116,
        "mean": 0.00786591693759,
        "median": -0.462190628052,
        "min": -1.74086558819,
        "var": 2.95770573616
    },
    "erbbands_skewness": {
        "dmean": 0.356471955776,
        "dmean2": 0.531288325787,
        "dvar": 0.117738217115,
        "dvar2": 0.250736892223,
        "max": 2.80267000198,
        "mean": -0.354591041803,
        "median": -0.322032630444,
        "min": -3.96009111404,
        "var": 0.544617533684
    },
    "erbbands_spread": {
        "dmean": 10.5543994904,
        "dmean2": 16.2288017273,
        "dvar": 107.898429871,
        "dvar2": 248.060272217,
        "max": 147.506317139,
        "mean": 52.7433013916,
        "median": 50.4935150146,
        "min": 7.52532720566,
        "var": 391.694244385
    },
    "hfc": {
        "dmean": 16.3305110931,
        "dmean2": 20.6993999481,
        "dvar": 532.703125,
        "dvar2": 886.544128418,
        "max": 375.65335083,
        "mean": 44.449432373,
        "median": 30.7358989716,
        "min": 1.18253899189e-16,
        "var": 1994.1439209
    },
    "melbands_crest": {
        "dmean": 3.46244573593,
        "dmean2": 5.65694236755,
        "dvar": 9.0433588028,
        "dvar2": 23.4425125122,
        "max": 30.381942749,
        "mean": 12.4757347107,
        "median": 12.1182537079,
        "min": 2.11871242523,
        "var": 24.4591274261
    },
    "melbands_flatness_db": {
        "dmean": 0.025867363438,
        "dmean2": 0.0385888963938,
        "dvar": 0.000616266508587,
        "dvar2": 0.00134207017254,
        "max": 0.387549579144,
        "mean": 0.118828959763,
        "median": 0.108263969421,
        "min": 0.00659127114341,
        "var": 0.00348653201945
    },
    "melbands_kurtosis": {
        "dmean": 6.48608255386,
        "dmean2": 9.77939891815,
        "dvar": 122.904067993,
        "dvar2": 249.896636963,
        "max": 269.140533447,
        "mean": 11.3340387344,
        "median": 4.2934679985,
        "min": -1.82214820385,
        "var": 386.722473145
    },
    "melbands_skewness": {
        "dmean": 0.789941072464,
        "dmean2": 1.19284904003,
        "dvar": 0.683857917786,
        "dvar2": 1.45331692696,
        "max": 12.8297805786,
        "mean": 2.56892824173,
        "median": 2.10964822769,
        "min": -1.67582011223,
        "var": 3.13184595108
    },
    "melbands_spread": {
        "dmean": 17.3422451019,
        "dmean2": 26.7543830872,
        "dvar": 434.408721924,
        "dvar2": 987.894958496,
        "max": 267.171691895,
        "mean": 54.7922592163,
        "median": 47.0215873718,
        "min": 1.11593127251,
        "var": 1518.61950684
    },
    "pitch_salience": {
        "dmean": 0.0694559440017,
        "dmean2": 0.114387050271,
        "dvar": 0.00422544497997,
        "dvar2": 0.0108802122995,
        "max": 0.926047563553,
        "mean": 0.616724073887,
        "median": 0.628721415997,
        "min": 0.181820839643,
        "var": 0.011650194414
    },
    "silence_rate_20dB": {
        "dmean": 0,
        "dmean2": 0,
        "dvar": 0,
        "dvar2": 0,
        "max": 1,
        "mean": 1,
        "median": 1,
        "min": 1,
        "var": 0
    },
    "silence_rate_30dB": {
        "dmean": 0,
        "dmean2": 0,
        "dvar": 0,
        "dvar2": 0,
        "max": 1,
        "mean": 1,
        "median": 1,
        "min": 1,
        "var": 0
    },
    "silence_rate_60dB": {
        "dmean": 0.0285578295588,
        "dmean2": 0.0571224577725,
        "dvar": 0.027738744393,
        "dvar2": 0.0593355298042,
        "max": 1,
        "mean": 0.0720999389887,
        "median": 0,
        "min": 0,
        "var": 0.0668940618634
    },
    "spectral_centroid": {
        "dmean": 381.448944092,
        "dmean2": 577.009033203,
        "dvar": 160926.390625,
        "dvar2": 331050.28125,
        "max": 11169.5908203,
        "mean": 2344.88378906,
        "median": 2351.85229492,
        "min": 253.462463379,
        "var": 703986.6875
    },
    "spectral_complexity": {
        "dmean": 5.3722038269,
        "dmean2": 7.70772361755,
        "dvar": 31.0228557587,
        "dvar2": 56.7123794556,
        "max": 60,
        "mean": 23.5519332886,
        "median": 23,
        "min": 0,
        "var": 166.255722046
    },
    "spectral_decrease": {
        "dmean": 1.50849077674e-09,
        "dmean2": 2.28920660206e-09,
        "dvar": 3.44874324161e-18,
        "dvar2": 7.99378741293e-18,
        "max": 3.2936360157e-29,
        "mean": -4.78532991011e-09,
        "median": -4.51300197213e-09,
        "min": -1.96895264537e-08,
        "var": 9.89877857337e-18
    },
    "spectral_energy": {
        "dmean": 0.00657142931595,
        "dmean2": 0.00955072697252,
        "dvar": 5.81367748964e-05,
        "dvar2": 0.000124680009321,
        "max": 0.0854733213782,
        "mean": 0.0220926869661,
        "median": 0.0207788217813,
        "min": 1.06016717963e-20,
        "var": 0.000195868415176
    },
    "spectral_energyband_high": {
        "dmean": 0.00193283346016,
        "dmean2": 0.00250463071279,
        "dvar": 9.01563544176e-06,
        "dvar2": 1.5283419998e-05,
        "max": 0.0415614172816,
        "mean": 0.00440859887749,
        "median": 0.00206260429695,
        "min": 7.65323335488e-21,
        "var": 3.14940953103e-05
    },
    "spectral_energyband_low": {
        "dmean": 0.00328486342914,
        "dmean2": 0.00519764469936,
        "dvar": 2.76470855169e-05,
        "dvar2": 6.48961213301e-05,
        "max": 0.0592042542994,
        "mean": 0.00691360142082,
        "median": 0.00422921823338,
        "min": 8.73110113939e-23,
        "var": 6.21336948825e-05
    },
    "spectral_energyband_middle_high": {
        "dmean": 0.0017801662907,
        "dmean2": 0.00259684585035,
        "dvar": 5.91925800109e-06,
        "dvar2": 1.11063964141e-05,
        "max": 0.037358880043,
        "mean": 0.00505121517926,
        "median": 0.00358063960448,
        "min": 1.54602045678e-21,
        "var": 2.42034366238e-05
    },
    "spectral_energyband_middle_low": {
        "dmean": 0.0032336639706,
        "dmean2": 0.00524368137121,
        "dvar": 2.6255422199e-05,
        "dvar2": 6.84940096107e-05,
        "max": 0.0588523261249,
        "mean": 0.00669596763328,
        "median": 0.00522148516029,
        "min": 3.49150240548e-22,
        "var": 3.79490702471e-05
    },
    "spectral_entropy": {
        "dmean": 0.120392948389,
        "dmean2": 0.174918740988,
        "dvar": 0.0148479249328,
        "dvar2": 0.0299709588289,
        "max": 9.80630874634,
        "mean": 8.14681911469,
        "median": 8.18090724945,
        "min": 7.08826637268,
        "var": 0.0745381116867
    },
    "spectral_flux": {
        "dmean": 0.0193456914276,
        "dmean2": 0.0279559250921,
        "dvar": 0.000435856898548,
        "dvar2": 0.000796298147179,
        "max": 0.242510795593,
        "mean": 0.0858736783266,
        "median": 0.0799797475338,
        "min": 1.02964421711e-10,
        "var": 0.00150033587124
    },
    "spectral_kurtosis": {
        "dmean": 0.596381902695,
        "dmean2": 0.938904762268,
        "dvar": 0.458899766207,
        "dvar2": 1.1415579319,
        "max": 13.5585479736,
        "mean": 1.50244140625,
        "median": 1.27017068863,
        "min": -1.35074365139,
        "var": 1.46103775501
    },
    "spectral_rms": {
        "dmean": 0.000679893768393,
        "dmean2": 0.000963449303526,
        "dvar": 4.79386585539e-07,
        "dvar2": 9.28629788177e-07,
        "max": 0.00913173612207,
        "mean": 0.00436912104487,
        "median": 0.00450244639069,
        "min": 3.21606825372e-12,
        "var": 2.46463491749e-06
    },
    "spectral_rolloff": {
        "dmean": 1136.97753906,
        "dmean2": 1765.6307373,
        "dvar": 2002166.5,
        "dvar2": 3948704.5,
        "max": 19078.4179688,
        "mean": 4161.02587891,
        "median": 3660.64453125,
        "min": 107.666015625,
        "var": 7916429.5
    },
    "spectral_skewness": {
        "dmean": 0.141342282295,
        "dmean2": 0.214868620038,
        "dvar": 0.0202713925391,
        "dvar2": 0.0446220263839,
        "max": 2.27261519432,
        "mean": 0.984327852726,
        "median": 0.982753396034,
        "min": -0.000275795988273,
        "var": 0.0869532525539
    },
    "spectral_spread": {
        "dmean": 614994.0625,
        "dmean2": 903608.3125,
        "dvar": 508159819776,
        "dvar2": 840321859584,
        "max": 40402356,
        "mean": 6080075,
        "median": 5919686,
        "min": 2026272.5,
        "var": 2.08542289101e+12
    },
    "spectral_strongpeak": {
        "dmean": 0.588929116726,
        "dmean2": 1.02945244312,
        "dvar": 1.7076420784,
        "dvar2": 4.44338464737,
        "max": 15.7773885727,
        "mean": 0.777190804482,
        "median": 0.322564303875,
        "min": 0,
        "var": 2.06864953041
    },
    "zerocrossingrate": {
        "dmean": 0.0196584332734,
        "dmean2": 0.0205254200846,
        "dvar": 0.000412374938605,
        "dvar2": 0.000431404652772,
        "max": 0.783203125,
        "mean": 0.130376905203,
        "median": 0.11865234375,
        "min": 0.01416015625,
        "var": 0.00410588318482
    },
    "barkbands": {
        "dmean": [5.48198950128e-05, 0.00188194902148, 0.00165850156918, 0.00126187223941, 0.00127705943305, 0.000582714506891, 0.000594604178332, 0.000386218220228, 0.000556177343242, 0.000429975625593, 0.000290785625111, 0.000256656785496, 0.000276472448604, 0.000288458104478, 0.000246571406024, 0.000241611589445, 0.000335367483785, 0.000250537588727, 0.000315617857268, 0.00033482327126, 0.000448613893241, 0.000506495183799, 0.000431123218732, 0.000398622563807, 0.000250140961725, 0.000129171661683, 1.18425225182e-09],
        "dmean2": [9.73010537564e-05, 0.00301721342839, 0.00274494313635, 0.00215590791777, 0.00218926812522, 0.000944687635638, 0.000939509249292, 0.00062785850605, 0.000895353674423, 0.000706615741365, 0.000463820091682, 0.000417914619902, 0.000440907810116, 0.000459811621113, 0.000395022914745, 0.000373418617528, 0.000537438376341, 0.000389954744605, 0.000482015457237, 0.000515031104442, 0.000683608348481, 0.000728889252059, 0.000604217406362, 0.000559131731279, 0.000353191135218, 0.000186474935617, 2.18658380291e-09],
        "dvar": [4.86967932645e-09, 1.36400994961e-05, 7.58386113375e-06, 4.65777338832e-06, 1.01630239442e-05, 1.37320307658e-06, 2.22463290811e-06, 1.26449651816e-06, 1.38544339734e-06, 1.10309929369e-06, 5.13929251156e-07, 3.76724074158e-07, 3.7996858282e-07, 4.16100135681e-07, 3.13290257736e-07, 2.93440052701e-07, 3.30808859417e-07, 2.04600382858e-07, 2.90758805477e-07, 3.1137943779e-07, 5.42733744169e-07, 8.19011518161e-07, 5.55453766538e-07, 4.05083994792e-07, 3.17882950185e-07, 8.12748268686e-08, 1.27865711437e-17],
        "dvar2": [1.41635689843e-08, 3.39518956025e-05, 1.99203605007e-05, 1.25909164126e-05, 2.80314397969e-05, 3.31822843691e-06, 5.23324479218e-06, 2.89670879283e-06, 3.34434275828e-06, 2.82955875264e-06, 1.2626771877e-06, 9.35025582294e-07, 8.85768599801e-07, 9.6608118838e-07, 7.53133406306e-07, 6.55769099467e-07, 7.6079493283e-07, 4.70374203587e-07, 6.44958277007e-07, 7.06011689999e-07, 1.22640597056e-06, 1.56987016453e-06, 1.07755192857e-06, 7.81818357609e-07, 6.17027524186e-07, 1.53932035118e-07, 3.63406912874e-17],
        "max": [0.000769452482928, 0.0409210845828, 0.0349897630513, 0.0470755845308, 0.038144364953, 0.0397936962545, 0.0404860638082, 0.0326591134071, 0.0350393876433, 0.0281918644905, 0.0157088842243, 0.0136095546186, 0.0113111352548, 0.0161874331534, 0.0143211195245, 0.0151382647455, 0.0119472555816, 0.0102677978575, 0.011257538572, 0.0117780165747, 0.0111407162622, 0.0170448813587, 0.0164486560971, 0.0110824313015, 0.0160389766097, 0.00706095108762, 1.78733557732e-07],
        "mean": [6.5288208134e-05, 0.00325398519635, 0.00274582556449, 0.00169892481063, 0.00162295938935, 0.000914762204047, 0.000853602366988, 0.000519108900335, 0.00088171614334, 0.00065570656443, 0.000434886314906, 0.000383347913157, 0.000448203907581, 0.000453905697213, 0.000384728686186, 0.000419765274273, 0.000558827014174, 0.000473453488667, 0.000579819898121, 0.000637890887447, 0.000829918135423, 0.000955674389843, 0.000826928648166, 0.000801598071121, 0.000456129928352, 0.00023571010388, 9.41947964073e-10],
        "median": [4.04273851018e-05, 0.00127484463155, 0.00123503885698, 0.000846784678288, 0.000775442633312, 0.000444676377811, 0.00032219151035, 0.000213452061871, 0.000355445052264, 0.000204224459594, 0.000145277546835, 0.00014485749125, 0.000170766186784, 0.000183471827768, 0.000168610567925, 0.000173964930582, 0.000251589517575, 0.00023385892564, 0.000317556812661, 0.000322715059156, 0.000358708755812, 0.000331764284056, 0.000331928895321, 0.000393504771637, 0.000133570938488, 7.97339016572e-05, 3.21940779591e-10],
        "min": [3.13994502845e-23, 3.36636230775e-23, 3.03468510906e-23, 7.73076192938e-24, 8.23533172163e-23, 8.25993597772e-23, 7.38415269816e-23, 5.57766248738e-23, 3.22413131762e-23, 6.70129008614e-23, 2.74880696571e-23, 8.14869838593e-23, 1.37063610406e-22, 9.73826194519e-23, 1.06722454891e-22, 2.12515921936e-22, 9.97055560714e-23, 3.42731538108e-22, 2.23995249124e-22, 3.40528937487e-22, 4.01705088065e-22, 3.22395183599e-22, 8.1537839513e-22, 7.22106813845e-22, 1.2758331986e-21, 1.44947216186e-21, 2.68423764039e-21],
        "var": [5.12462916546e-09, 2.24561808864e-05, 1.31516417241e-05, 5.84092413192e-06, 8.69908035384e-06, 2.21856339522e-06, 3.13189639201e-06, 1.75829165983e-06, 2.73837554232e-06, 1.89204786238e-06, 9.51070148858e-07, 5.70255963339e-07, 7.75694445565e-07, 7.17801810879e-07, 5.05459979649e-07, 6.4227282337e-07, 6.38626374894e-07, 4.59780977735e-07, 6.21670665168e-07, 7.06725984401e-07, 1.25650376503e-06, 2.24596033149e-06, 1.47919354276e-06, 1.14975750876e-06, 7.37667562589e-07, 1.9444865984e-07, 8.35263573345e-18]
    },
    "erbbands": {
        "dmean": [0.0358477123082, 0.496245741844, 1.65005660057, 3.04497337341, 5.09528255463, 3.66834998131, 3.84277915955, 5.19491863251, 7.09960746765, 9.8782043457, 8.57266902924, 11.9684000015, 13.5218992233, 12.0317840576, 10.2077093124, 9.98978042603, 11.9327821732, 13.6517066956, 12.3807754517, 12.3367004395, 12.8875846863, 18.5452404022, 13.8982915878, 12.7777662277, 17.2936172485, 15.5143566132, 15.6879072189, 19.6070785522, 17.7338371277, 16.0972423553, 11.843214035, 9.32116031647, 6.30868244171, 3.43924093246, 1.44294095039, 1.12391901016, 0.0586910098791, 0.00136948132422, 8.80692095961e-05, 1.92164297914e-05],
        "dmean2": [0.0567064210773, 0.805699944496, 2.71993398666, 5.11022043228, 8.89141178131, 6.18634843826, 6.29795074463, 8.35793018341, 11.2886066437, 15.4724273682, 13.6572637558, 19.707326889, 21.9371643066, 19.410320282, 16.1711063385, 16.0394439697, 18.7877464294, 21.3384113312, 19.7148475647, 18.9741649628, 19.8089828491, 29.5406417847, 21.4629230499, 19.7559280396, 25.7928218842, 23.9260044098, 24.2970333099, 29.3520774841, 25.3663387299, 22.9692630768, 16.7901306152, 13.1407966614, 9.01401615143, 4.86541461945, 2.04543018341, 1.59294009209, 0.0849834680557, 0.00194857420865, 0.00012100537424, 2.52917543548e-05],
        "dvar": [0.00519136991352, 0.954280376434, 7.71478128433, 23.0781612396, 161.733779907, 71.9663543701, 55.9382324219, 149.95930481, 312.234375, 696.962768555, 580.864379883, 700.029296875, 1245.35095215, 816.857727051, 659.568969727, 597.915405273, 709.323791504, 894.74005127, 688.539245605, 828.215759277, 761.64074707, 1041.60717773, 586.471496582, 510.674682617, 851.371826172, 680.20715332, 752.461547852, 1016.37243652, 1051.88769531, 878.420349121, 403.766082764, 195.421020508, 135.184799194, 61.1641960144, 10.0230579376, 6.10914087296, 0.0152963912115, 8.35114497022e-06, 3.25309628124e-08, 9.08915609443e-10],
        "dvar2": [0.0122375758365, 2.40348863602, 20.1374092102, 61.1630172729, 461.302490234, 191.118881226, 140.798538208, 352.36038208, 729.616271973, 1626.78625488, 1251.02844238, 1798.20080566, 3034.04711914, 2019.74645996, 1628.49499512, 1465.29406738, 1634.24499512, 1969.64648438, 1666.48999023, 1948.72485352, 1643.73571777, 2412.21899414, 1335.45007324, 1156.03796387, 1757.91125488, 1558.02722168, 1796.49267578, 2179.31079102, 2028.13757324, 1760.42687988, 802.506896973, 396.324157715, 256.252624512, 118.082641602, 19.9162807465, 11.3926439285, 0.0294856224209, 1.5632413124e-05, 5.90464885875e-08, 1.54716994771e-09],
        "max": [0.996845126152, 10.4743452072, 33.4960441589, 98.9758224487, 165.161849976, 132.963439941, 211.321365356, 445.478881836, 524.306213379, 757.735473633, 899.020629883, 572.635314941, 1200.9543457, 745.148742676, 754.74395752, 503.773223877, 536.275817871, 936.159545898, 452.974731445, 909.094665527, 671.182739258, 713.855895996, 528.051696777, 556.81463623, 524.147521973, 599.269226074, 399.150543213, 422.296478271, 713.496887207, 582.34185791, 527.813049316, 260.816253662, 268.961181641, 246.859344482, 66.7708282471, 63.5291481018, 2.82883024216, 0.0693714246154, 0.00452990503982, 0.000708611099981],
        "mean": [0.0612007379532, 0.852962017059, 2.86881899834, 4.87435102463, 6.18275880814, 4.64721775055, 5.88622760773, 7.98201799393, 10.1698074341, 14.3296937943, 12.7726993561, 18.8539581299, 21.6206207275, 19.9785652161, 16.7331409454, 16.0827102661, 20.5538768768, 23.1607551575, 20.4175453186, 21.7962436676, 24.3100166321, 32.2711639404, 27.4392356873, 24.7277355194, 33.4302940369, 30.1009788513, 28.0324497223, 36.8270111084, 32.8566513062, 29.9758300781, 22.6903781891, 18.0804634094, 12.4936981201, 6.33763456345, 2.60109496117, 2.09002065659, 0.105925746262, 0.00255756964907, 0.000181015086127, 5.51494158572e-05],
        "median": [0.0223235152662, 0.329123109579, 1.44520127773, 2.84121656418, 2.85029101372, 2.17904233932, 2.67167234421, 3.60919237137, 4.34933567047, 5.16696596146, 6.04223680496, 7.84952259064, 7.72598075867, 7.14291763306, 6.73494195938, 6.50996589661, 8.33791255951, 9.11841487885, 9.77794742584, 9.68114566803, 11.0231294632, 15.3365192413, 14.2695074081, 13.8990116119, 17.5348758698, 16.0261917114, 12.8832654953, 14.5592832565, 11.6130189896, 10.8414697647, 9.37942028046, 9.18045330048, 5.48647928238, 2.03406953812, 0.714472293854, 0.697811365128, 0.0370382480323, 0.000895124976523, 7.34145432943e-05, 3.91125795431e-05],
        "min": [7.24244488059e-22, 8.47853584739e-21, 2.14984354294e-20, 5.6359408199e-20, 1.41290668731e-19, 3.66477148814e-19, 1.06726403386e-19, 8.23553890856e-19, 9.68728379359e-19, 1.87531233366e-18, 8.20420323901e-19, 7.36705510007e-19, 1.08370007385e-18, 2.5357382978e-18, 9.21245420463e-19, 3.59720127525e-18, 7.07311140292e-18, 4.9049990527e-18, 3.91089421972e-18, 1.01571815249e-17, 9.40844327705e-18, 6.93438370162e-18, 1.63824410718e-17, 1.23439492795e-17, 1.5536106265e-17, 1.66621141456e-17, 1.60138345016e-17, 1.43483890563e-17, 1.38687955274e-17, 1.69053399873e-17, 2.42237178865e-17, 1.69963745224e-17, 1.14711752988e-17, 1.23070570242e-17, 9.62873140034e-18, 5.85664015535e-18, 2.59009399022e-18, 1.45489179027e-18, 3.53239880869e-19, 4.00146036383e-20],
        "var": [0.00849506538361, 1.56203305721, 13.3638477325, 35.4130973816, 127.687950134, 70.4228210449, 113.692047119, 226.721298218, 442.631378174, 1036.57849121, 877.237426758, 1286.0267334, 2232.69604492, 1568.64685059, 1231.45715332, 956.003540039, 1541.06848145, 1845.78417969, 1053.53649902, 1727.25, 1889.08984375, 2053.08447266, 1390.56518555, 1092.29711914, 2075.7734375, 1468.54443359, 1401.35986328, 2721.08740234, 2742.99682617, 2205.49267578, 1078.20300293, 524.794006348, 360.924468994, 140.250564575, 23.4072303772, 15.0724449158, 0.0373093634844, 2.11479400605e-05, 8.69688321359e-08, 2.96086599683e-09]
    },
    "gfcc": {
        "mean": [32.1540756226, 43.7846488953, -118.101959229, 52.4148750305, -76.5191345215, 30.3846092224, -45.3382034302, 17.5683917999, -28.4189472198, 5.12143659592, -20.5399341583, -1.76536405087, -13.2941064835],
        "cov": [[2979.94580078, -431.94317627, 95.3206329346, 221.854187012, -68.8018112183, 9.41126441956, -35.1490020752, -8.50033283234, -129.127029419, 32.3740921021, -38.0433197021, 46.8909187317, -37.723449707], [-431.94317627, 1111.11779785, 137.729797363, 187.251663208, 340.844360352, -19.42552948, 51.5414466858, -37.1833610535, 70.6422424316, -62.765914917, 62.3867797852, -72.5528259277, -8.43724632263], [95.3206329346, 137.729797363, 758.920715332, 352.859863281, 104.383636475, 94.5927200317, -37.6332435608, -76.164680481, -42.1903457642, 29.4946269989, -18.7172584534, -15.2225637436, -41.8954849243], [221.854187012, 187.251663208, 352.859863281, 395.995056152, 184.576828003, 26.0953712463, 1.38527369499, -56.4539108276, -2.34427165985, 5.78371810913, -6.16754055023, -8.51412773132, -18.2196903229], [-68.8018112183, 340.844360352, 104.383636475, 184.576828003, 311.042419434, 75.6273727417, 23.5259742737, 11.9123344421, 20.8255310059, -19.7128543854, 14.872918129, -31.0549049377, -2.48405432701], [9.41126441956, -19.42552948, 94.5927200317, 26.0953712463, 75.6273727417, 197.245681763, 106.716545105, 2.99118828773, -17.7566814423, 11.5927419662, -5.5939950943, -9.77607250214, -7.73228120804], [-35.1490020752, 51.5414466858, -37.6332435608, 1.38527369499, 23.5259742737, 106.716545105, 173.709533691, 39.9126968384, 4.51778268814, 5.95096063614, 12.0838890076, -12.0045375824, -0.198947384953], [-8.50033283234, -37.1833610535, -76.164680481, -56.4539108276, 11.9123344421, 2.99118828773, 39.9126968384, 109.887657166, 46.4520263672, 2.65096402168, 6.68582725525, -4.69210481644, 6.2567024231], [-129.127029419, 70.6422424316, -42.1903457642, -2.34427165985, 20.8255310059, -17.7566814423, 4.51778268814, 46.4520263672, 92.406791687, 18.3284778595, 2.92761921883, -7.69681501389, 6.12487602234], [32.3740921021, -62.765914917, 29.4946269989, 5.78371810913, -19.7128543854, 11.5927419662, 5.95096063614, 2.65096402168, 18.3284778595, 64.8248519897, 16.5146121979, 2.97103023529, -2.99702644348], [-38.0433197021, 62.3867797852, -18.7172584534, -6.16754055023, 14.872918129, -5.5939950943, 12.0838890076, 6.68582725525, 2.92761921883, 16.5146121979, 63.1232528687, 17.6542606354, -1.01612246037], [46.8909187317, -72.5528259277, -15.2225637436, -8.51412773132, -31.0549049377, -9.77607250214, -12.0045375824, -4.69210481644, -7.69681501389, 2.97103023529, 17.6542606354, 56.9232063293, 21.6612758636], [-37.723449707, -8.43724632263, -41.8954849243, -18.2196903229, -2.48405432701, -7.73228120804, -0.198947384953, 6.2567024231, 6.12487602234, -2.99702644348, -1.01612246037, 21.6612758636, 45.760974884]],
        "icov": [[0.00047732584062, -0.000159492701641, 0.000464464188553, -0.000991994864307, 0.000642864906695, -0.000563792476896, 0.000692766509019, -0.00112541718408, 0.00130523706321, -0.000696629285812, 0.000527760130353, -0.000453331158496, 0.000496849417686], [-0.000159492701641, 0.00343003333546, -0.00197288906202, 0.00279539474286, -0.0046935682185, 0.00431169662625, -0.00434393389151, 0.00549232261255, -0.00474428758025, 0.00414026575163, -0.00371604878455, 0.00277796993032, -0.000979700242169], [0.000464464188553, -0.00197288906202, 0.00473287049681, -0.00594958709553, 0.00477375648916, -0.00584048684686, 0.00567702343687, -0.00489017507061, 0.00462649483234, -0.00322552490979, 0.00158003810793, -0.000318404112477, 0.00130426336545], [-0.000991994864307, 0.00279539474286, -0.00594958709553, 0.0127426721156, -0.0104447361082, 0.00953355617821, -0.00931290909648, 0.01036660932, -0.00721982726827, 0.00240005971864, 0.000422749115387, -0.0021032509394, 0.00103866239078], [0.000642864906695, -0.0046935682185, 0.00477375648916, -0.0104447361082, 0.0155200278386, -0.0123715158552, 0.010879162699, -0.0112340496853, 0.00636266591027, -0.00149484386202, -0.000999681535177, 0.00298914988525, -0.00217479863204], [-0.000563792476896, 0.00431169662625, -0.00584048684686, 0.00953355617821, -0.0123715158552, 0.0196310020983, -0.015703946352, 0.0106224697083, -0.00505936611444, 0.00117697485257, 0.00159584241919, -0.00182270654477, 0.00155619974248], [0.000692766509019, -0.00434393389151, 0.00567702343687, -0.00931290909648, 0.010879162699, -0.015703946352, 0.0198623538017, -0.0132437832654, 0.00790797919035, -0.0036277056206, -0.00099444843363, 0.00244616391137, -0.00138214079197], [-0.00112541718408, 0.00549232261255, -0.00489017507061, 0.01036660932, -0.0112340496853, 0.0106224697083, -0.0132437832654, 0.0258892010897, -0.0166204553097, 0.00786632392555, -0.00521654682234, 0.00266741774976, -0.00131568021607], [0.00130523706321, -0.00474428758025, 0.00462649483234, -0.00721982726827, 0.00636266591027, -0.00505936611444, 0.00790797919035, -0.0166204553097, 0.0259027536958, -0.0129723791033, 0.00726392166689, -0.00223864428699, 0.000264112226432], [-0.000696629285812, 0.00414026575163, -0.00322552490979, 0.00240005971864, -0.00149484386202, 0.00117697485257, -0.0036277056206, 0.00786632392555, -0.0129723791033, 0.027003409341, -0.0132662765682, 0.00659286323935, -0.0026924861595], [0.000527760130353, -0.00371604878455, 0.00158003810793, 0.000422749115387, -0.000999681535177, 0.00159584241919, -0.00099444843363, -0.00521654682234, 0.00726392166689, -0.0132662765682, 0.0293215345591, -0.0163853242993, 0.00885520037264], [-0.000453331158496, 0.00277796993032, -0.000318404112477, -0.0021032509394, 0.00298914988525, -0.00182270654477, 0.00244616391137, 0.00266741774976, -0.00223864428699, 0.00659286323935, -0.0163853242993, 0.0341487750411, -0.0172872021794], [0.000496849417686, -0.000979700242169, 0.00130426336545, 0.00103866239078, -0.00217479863204, 0.00155619974248, -0.00138214079197, -0.00131568021607, 0.000264112226432, -0.0026924861595, 0.00885520037264, -0.0172872021794, 0.0321759954095]]
    },
    "melbands": {
        "dmean": [0.00042829386075, 0.000766907294746, 0.000572611927055, 0.000322644860717, 0.000128635860165, 0.000114490954729, 0.000110157212475, 0.00010174189083, 7.44143399061e-05, 7.74535146775e-05, 6.92470493959e-05, 5.11887592438e-05, 3.779304825e-05, 2.81075026578e-05, 2.96601865557e-05, 2.68781022896e-05, 2.69257761829e-05, 2.19931935135e-05, 1.85295593838e-05, 1.60556137416e-05, 1.63606382557e-05, 1.98522557184e-05, 1.79000526259e-05, 1.16072214951e-05, 1.08638478196e-05, 1.34309339046e-05, 1.27850607896e-05, 1.04111722976e-05, 9.80408549367e-06, 1.22372020996e-05, 1.23436129797e-05, 1.08757567432e-05, 1.00445222415e-05, 9.12486029847e-06, 7.23923449186e-06, 6.6626894295e-06, 5.76719457968e-06, 4.59501143268e-06, 4.21051663579e-06, 2.63880156126e-06],
        "dmean2": [0.000680293305777, 0.00124022644013, 0.000965361832641, 0.000559959851671, 0.00020938704256, 0.00018455364625, 0.000174348548171, 0.000160052339197, 0.000118451811431, 0.000126986618852, 0.000112576512038, 8.28294141684e-05, 6.0182686866e-05, 4.53861757705e-05, 4.83187650389e-05, 4.2724339437e-05, 4.23374222009e-05, 3.55389383913e-05, 2.9447273846e-05, 2.49084914685e-05, 2.53575653915e-05, 3.1784089515e-05, 2.83449408016e-05, 1.82832809514e-05, 1.71177962329e-05, 2.04926018341e-05, 1.93638006749e-05, 1.63515560416e-05, 1.55342786456e-05, 1.92652096302e-05, 1.85892822628e-05, 1.60751860676e-05, 1.47932378241e-05, 1.33905559778e-05, 1.06681109173e-05, 9.55588620855e-06, 8.42982899485e-06, 6.77797106619e-06, 6.05066315984e-06, 3.83429278372e-06],
        "dvar": [7.22492018213e-07, 1.69849261056e-06, 8.81276719156e-07, 7.33613035209e-07, 5.55378889544e-08, 6.32779730836e-08, 7.31083389383e-08, 6.92473065556e-08, 3.86113505613e-08, 2.83188867911e-08, 3.17710622255e-08, 1.49140060302e-08, 8.97306939862e-09, 4.69715866203e-09, 5.32618216198e-09, 3.83059584053e-09, 3.6655904978e-09, 2.51410514629e-09, 2.08989248129e-09, 1.23057652957e-09, 1.33432176419e-09, 1.21301113598e-09, 9.51806522487e-10, 5.2079396351e-10, 3.9405340102e-10, 5.4291537932e-10, 5.11614473009e-10, 3.32278593529e-10, 3.12875114705e-10, 4.57561932787e-10, 4.34308061736e-10, 4.08366507276e-10, 3.56536355994e-10, 2.98260166565e-10, 1.61788679676e-10, 1.14441116306e-10, 7.50312173503e-11, 6.49667403207e-11, 8.72301952892e-11, 3.80748176043e-11],
        "dvar2": [1.77572781013e-06, 4.24919653597e-06, 2.40385702455e-06, 2.05071228265e-06, 1.39483262274e-07, 1.49340863231e-07, 1.70243779962e-07, 1.60389632242e-07, 8.2945987856e-08, 7.04937193063e-08, 7.79177611321e-08, 3.73278119525e-08, 2.20231903825e-08, 1.1575321146e-08, 1.33047732831e-08, 8.8609795057e-09, 8.15666201248e-09, 6.24859319842e-09, 4.99444796631e-09, 2.77879719235e-09, 2.85609003114e-09, 2.81590084583e-09, 2.15286721783e-09, 1.23628485227e-09, 9.14303577293e-10, 1.17829723756e-09, 1.0509599857e-09, 7.89154297465e-10, 7.72636121749e-10, 1.08974251845e-09, 9.37093180831e-10, 8.5098134095e-10, 7.27329252381e-10, 6.29507168615e-10, 3.41373568302e-10, 2.32007926759e-10, 1.62472771348e-10, 1.31393187996e-10, 1.6632595301e-10, 7.85413956095e-11],
        "max": [0.0104308947921, 0.014861272648, 0.0167758911848, 0.0102948723361, 0.00613418454304, 0.00892185606062, 0.008624214679, 0.00732143037021, 0.00690500484779, 0.00386469555087, 0.00587013596669, 0.00298981997184, 0.00232915813103, 0.00199776864611, 0.00179033598397, 0.00124993361533, 0.00204719603062, 0.0010658511892, 0.00119226973038, 0.000729273247998, 0.000967527274042, 0.000757967180107, 0.000660190766212, 0.000709678744897, 0.000501978851389, 0.000540284265298, 0.000603619962931, 0.000427076913184, 0.000254271843005, 0.000306974252453, 0.000342005281709, 0.000410284701502, 0.000322758482071, 0.00034768669866, 0.000282309629256, 0.00028565627872, 0.000135751994094, 0.000166723402799, 0.000230361998547, 0.00019928481197],
        "mean": [0.000744417891838, 0.00143795937765, 0.000919037207495, 0.000387249834603, 0.000201965027372, 0.000178213580512, 0.000160662282724, 0.000146303267684, 0.00010872277926, 0.000121503981063, 0.000107790867332, 8.14983723103e-05, 5.91896532569e-05, 4.21545264544e-05, 4.59250295535e-05, 4.4615688239e-05, 4.24938334618e-05, 3.30635775754e-05, 2.92326731142e-05, 2.75088132184e-05, 2.86692029476e-05, 3.26735134877e-05, 3.05043304252e-05, 2.14526644413e-05, 1.90700302483e-05, 2.40038789343e-05, 2.39691653405e-05, 1.8606075173e-05, 1.62452652148e-05, 1.96989167307e-05, 2.24851446546e-05, 1.88196136151e-05, 1.78596146725e-05, 1.60235067597e-05, 1.28616939037e-05, 1.23904628708e-05, 1.04849423224e-05, 8.73833596415e-06, 7.69331654737e-06, 4.53917982668e-06],
        "median": [0.000291646749247, 0.000745749392081, 0.000566646456718, 0.000185073673492, 9.84547659755e-05, 8.34225356812e-05, 6.83754260535e-05, 5.30055658601e-05, 4.76474306197e-05, 4.77391113236e-05, 3.65559644706e-05, 2.74566791632e-05, 2.18419354496e-05, 1.54522258526e-05, 1.77097444976e-05, 1.69777376868e-05, 1.59074934345e-05, 1.50173482325e-05, 1.25094338728e-05, 1.15618040581e-05, 1.19368760352e-05, 1.45535659613e-05, 1.40297343023e-05, 1.07048672362e-05, 9.8398550108e-06, 1.25012038552e-05, 1.1607147826e-05, 9.18816658668e-06, 7.23156836102e-06, 7.88262423157e-06, 8.30290809972e-06, 6.22231527814e-06, 6.18500553173e-06, 5.72959743295e-06, 5.00396845382e-06, 5.6226099332e-06, 5.35450089956e-06, 4.00568524128e-06, 2.62631192527e-06, 1.32785646656e-06],
        "min": [1.03937985732e-23, 1.34552296957e-23, 9.44368739923e-24, 2.22371637697e-23, 4.82588419782e-24, 1.7619146787e-23, 1.63760834383e-23, 1.93826232525e-23, 6.09874637271e-24, 4.34535904374e-24, 5.44676308973e-24, 1.05017218448e-23, 3.12938083987e-24, 4.21370999157e-24, 1.72417131314e-23, 1.30753403162e-23, 8.8820286899e-24, 5.82404410069e-24, 1.00788987105e-23, 1.65802422183e-23, 9.60359660447e-24, 6.18998918045e-24, 1.12010841137e-23, 1.55624160131e-23, 9.14557765201e-24, 1.01188300607e-23, 1.16385532396e-23, 1.11843310747e-23, 9.11619810531e-24, 1.04362140464e-23, 7.33721184554e-24, 8.17481883268e-24, 5.78593423036e-24, 1.143817547e-23, 1.39476492945e-23, 1.23896521622e-23, 9.71615995589e-24, 6.89221383118e-24, 1.10734353752e-23, 9.72043400428e-24],
        "var": [1.16165165309e-06, 3.22961727761e-06, 1.21375603612e-06, 5.71441830743e-07, 1.10893324745e-07, 9.77018999038e-08, 1.04777669208e-07, 1.05886712731e-07, 6.12469577277e-08, 5.41548068611e-08, 5.66364128929e-08, 2.77275571392e-08, 1.73426482064e-08, 7.09053615822e-09, 9.06275587909e-09, 7.82286502243e-09, 6.79983136465e-09, 3.34495631193e-09, 3.41178663099e-09, 2.80998424529e-09, 3.20892357131e-09, 2.34885999539e-09, 1.955827722e-09, 1.04395447842e-09, 7.5574413394e-10, 1.18462595289e-09, 1.26796462219e-09, 6.32498164954e-10, 5.21749365934e-10, 8.17117096208e-10, 1.20141530058e-09, 9.59487711505e-10, 8.4075413298e-10, 6.64339860901e-10, 3.79608011691e-10, 2.99746644172e-10, 1.78660850003e-10, 1.62775709578e-10, 2.06698810845e-10, 7.7900942641e-11]
    },
    "mfcc": {
        "mean": [-601.823913574, 63.3566627502, 13.8593149185, 19.181022644, 1.45590424538, 7.29000520706, -0.281398832798, 6.10645723343, 0.0300041437149, 4.32576942444, -1.04118812084, 1.23794841766, -4.37745523453],
        "cov": [[2617.24487305, -494.623077393, -20.939573288, 96.9404754639, -75.1962509155, -5.77631664276, 34.417678833, -13.2324981689, -32.1832199097, -79.3596115112, 12.8890199661, -26.7688846588, 6.88304758072], [-494.623077393, 860.066162109, -43.5680923462, 158.498550415, 201.542007446, 48.5732879639, 53.5776519775, 45.8826828003, -7.96312856674, 51.8705215454, 2.35135531425, 20.757434845, 1.82159984112], [-20.939573288, -43.5680923462, 627.861206055, 209.23475647, 104.211875916, 148.976013184, 34.7778167725, -44.9036941528, -15.1454458237, -41.8165435791, -12.145904541, 19.2756519318, 24.2051525116], [96.9404754639, 158.498550415, 209.23475647, 388.696380615, 203.819839478, 87.4551620483, 13.1509647369, -8.87815380096, -3.52988004684, -20.1542568207, -9.18523025513, 14.4574251175, 31.6420536041], [-75.1962509155, 201.542007446, 104.211875916, 203.819839478, 299.683746338, 80.9066925049, 24.3439331055, 8.39066505432, 8.6791267395, 5.17377758026, -16.8815555573, 11.7104768753, 15.7335863113], [-5.77631664276, 48.5732879639, 148.976013184, 87.4551620483, 80.9066925049, 216.565048218, 104.887443542, 17.5624370575, 16.6878376007, 2.8542881012, 7.44666337967, 9.60068130493, -7.19945430756], [34.417678833, 53.5776519775, 34.7778167725, 13.1509647369, 24.3439331055, 104.887443542, 166.374923706, 55.5939712524, 11.2692060471, 25.0790081024, 15.4619550705, 6.93905544281, -5.00977039337], [-13.2324981689, 45.8826828003, -44.9036941528, -8.87815380096, 8.39066505432, 17.5624370575, 55.5939712524, 94.7643737793, 36.7548141479, 24.2419433594, 8.7618637085, 5.56755208969, -4.73360729218], [-32.1832199097, -7.96312856674, -15.1454458237, -3.52988004684, 8.6791267395, 16.6878376007, 11.2692060471, 36.7548141479, 88.5651397705, 37.6577262878, 11.217792511, 3.16515421867, -3.64052581787], [-79.3596115112, 51.8705215454, -41.8165435791, -20.1542568207, 5.17377758026, 2.8542881012, 25.0790081024, 24.2419433594, 37.6577262878, 95.8793869019, 27.361207962, 1.98442518711, -3.00715708733], [12.8890199661, 2.35135531425, -12.145904541, -9.18523025513, -16.8815555573, 7.44666337967, 15.4619550705, 8.7618637085, 11.217792511, 27.361207962, 62.0703315735, 19.4965343475, -0.939517736435], [-26.7688846588, 20.757434845, 19.2756519318, 14.4574251175, 11.7104768753, 9.60068130493, 6.93905544281, 5.56755208969, 3.16515421867, 1.98442518711, 19.4965343475, 58.3067245483, 19.2017822266], [6.88304758072, 1.82159984112, 24.2051525116, 31.6420536041, 15.7335863113, -7.19945430756, -5.00977039337, -4.73360729218, -3.64052581787, -3.00715708733, -0.939517736435, 19.2017822266, 55.1853981018]],
