{
"lowlevel": {
    "average_loudness": 0.947356641293,
    "barkbands_crest": {
        "dmean": 2.48121738434,
        "dmean2": 4.07641220093,
        "dvar": 5.06534767151,
        "dvar2": 13.5966262817,
        "max": 24.3105545044,
        "mean": 9.67553520203,
        "median": 8.98161315918,
        "min": 2.57489061356,
        "var": 15.1964101791
    },
    "barkbands_flatness_db": {
        "dmean": 0.0218402910978,
        "dmean2": 0.0327031798661,
        "dvar": 0.000382133701351,
        "dvar2": 0.000827055133414,
        "max": 0.354759842157,
        "mean": 0.141118064523,
        "median": 0.137682825327,
        "min": 0.0448339395225,
        "var": 0.00167548225727
    },
    "barkbands_kurtosis": {
        "dmean": 1.77774047852,
        "dmean2": 2.82512593269,
        "dvar": 6.7916932106,
        "dvar2": 15.8865699768,
        "max": 56.37940979,
        "mean": 2.48159122467,
        "median": 0.713458538055,
        "min": -1.80365860462,
        "var": 23.1613769531
    },
    "barkbands_skewness": {
        "dmean": 0.449381440878,
        "dmean2": 0.691734373569,
        "dvar": 0.193107932806,
        "dvar2": 0.447440385818,
        "max": 5.57682466507,
        "mean": 1.16562592983,
        "median": 1.01624917984,
        "min": -1.78982484341,
        "var": 0.91491740942
    },
    "barkbands_spread": {
        "dmean": 5.41660737991,
        "dmean2": 8.32081699371,
        "dvar": 33.7924385071,
        "dvar2": 79.6130981445,
        "max": 89.7116317749,
        "mean": 21.1596088409,
        "median": 20.8292541504,
        "min": 1.56485176086,
        "var": 103.728675842
    },
    "dissonance": {
        "dmean": 0.0216351486742,
        "dmean2": 0.0365934893489,
        "dvar": 0.000394392962335,
        "dvar2": 0.00106837740168,
        "max": 0.500000059605,
        "mean": 0.457956939936,
        "median": 0.465217918158,
        "min": 0.268317729235,
        "var": 0.000957352633122
    },
    "dynamic_complexity": 1.46832919121,
    "erbbands_crest": {
        "dmean": 2.73167276382,
        "dmean2": 4.41805744171,
        "dvar": 6.52537059784,
        "dvar2": 16.62109375,
        "max": 32.2437705994,
        "mean": 10.6995506287,
        "median": 9.34773826599,
        "min": 2.4531493187,
        "var": 30.555896759
    },
    "erbbands_flatness_db": {
        "dmean": 0.0202430356294,
        "dmean2": 0.0271743312478,
        "dvar": 0.000315480632707,
        "dvar2": 0.000573125551455,
        "max": 0.35638153553,
        "mean": 0.179154530168,
        "median": 0.176980510354,
        "min": 0.0647487267852,
        "var": 0.00218758778647
    },
    "erbbands_kurtosis": {
        "dmean": 0.963383078575,
        "dmean2": 1.47562849522,
        "dvar": 2.16511797905,
        "dvar2": 4.70208072662,
        "max": 48.0004844666,
        "mean": 1.00383841991,
        "median": -0.05326795578,
        "min": -1.76404452324,
        "var": 11.4865865707
    },
    "erbbands_skewness": {
        "dmean": 0.347309559584,
        "dmean2": 0.546520709991,
        "dvar": 0.0966734215617,
        "dvar2": 0.246952936053,
        "max": 5.08017063141,
        "mean": 0.451940745115,
        "median": 0.26500838995,
        "min": -1.9650374651,
        "var": 0.6983923316
    },
    "erbbands_spread": {
        "dmean": 8.03717517853,
        "dmean2": 11.7329320908,
        "dvar": 81.6244735718,
        "dvar2": 162.101318359,
        "max": 123.617424011,
        "mean": 33.4794883728,
        "median": 30.2839374542,
        "min": 2.47144603729,
        "var": 329.24508667
    },
    "hfc": {
        "dmean": 7.01362800598,
        "dmean2": 10.4049196243,
        "dvar": 51.0980644226,
        "dvar2": 110.969932556,
        "max": 87.8020629883,
        "mean": 27.9650020599,
        "median": 25.7056922913,
        "min": 1.21653029172e-16,
        "var": 210.043212891
    },
    "melbands_crest": {
        "dmean": 3.17163777351,
        "dmean2": 5.19854450226,
        "dvar": 8.71975135803,
        "dvar2": 22.4553394318,
        "max": 32.8720359802,
        "mean": 13.1609554291,
        "median": 12.182598114,
        "min": 1.93310856819,
        "var": 27.0268497467
    },
    "melbands_flatness_db": {
        "dmean": 0.0259132701904,
        "dmean2": 0.0388478413224,
        "dvar": 0.000611739524174,
        "dvar2": 0.00131830270402,
        "max": 0.451155304909,
        "mean": 0.173587784171,
        "median": 0.165975630283,
        "min": 0.0042841010727,
        "var": 0.00271113961935
    },
    "melbands_kurtosis": {
        "dmean": 4.48713588715,
        "dmean2": 7.06490135193,
        "dvar": 57.6503677368,
        "dvar2": 135.110855103,
        "max": 118.424720764,
        "mean": 8.36272144318,
        "median": 4.43626499176,
        "min": -1.41633009911,
        "var": 135.061096191
    },
    "melbands_skewness": {
        "dmean": 0.620795309544,
        "dmean2": 0.946718096733,
        "dvar": 0.449033796787,
        "dvar2": 0.984626054764,
        "max": 9.26811790466,
        "mean": 1.99122667313,
        "median": 1.76292192936,
        "min": -1.50720155239,
        "var": 1.93717110157
    },
    "melbands_spread": {
        "dmean": 6.77370357513,
        "dmean2": 10.7451019287,
        "dvar": 50.861946106,
        "dvar2": 122.868377686,
        "max": 142.993835449,
        "mean": 25.2869358063,
        "median": 24.2057914734,
        "min": 1.5820274353,
        "var": 170.402282715
    },
    "pitch_salience": {
        "dmean": 0.066094070673,
        "dmean2": 0.107677340508,
        "dvar": 0.00336737814359,
        "dvar2": 0.00886130519211,
        "max": 0.846429824829,
        "mean": 0.560394883156,
        "median": 0.56424176693,
        "min": 0.146969586611,
        "var": 0.010875178501
    },
    "silence_rate_20dB": {
        "dmean": 0,
        "dmean2": 0,
        "dvar": 0,
        "dvar2": 0,
        "max": 1,
        "mean": 1,
        "median": 1,
        "min": 1,
        "var": 0
    },
    "silence_rate_30dB": {
        "dmean": 0,
        "dmean2": 0,
        "dvar": 0,
        "dvar2": 0,
        "max": 1,
        "mean": 1,
        "median": 1,
        "min": 1,
        "var": 0
    },
    "silence_rate_60dB": {
        "dmean": 0.000255427847151,
        "dmean2": 0.000383190694265,
        "dvar": 0.000255356979324,
        "dvar2": 0.000383016245905,
        "max": 1,
        "mean": 0.000383092847187,
        "median": 0,
        "min": 0,
        "var": 0.000382918544346
    },
    "spectral_centroid": {
        "dmean": 252.962356567,
        "dmean2": 397.342315674,
        "dvar": 74928.1015625,
        "dvar2": 166578.015625,
        "max": 11092.6669922,
        "mean": 1434.98718262,
        "median": 1461.99230957,
        "min": 212.364852905,
        "var": 228408.09375
    },
    "spectral_complexity": {
        "dmean": 3.92567038536,
        "dmean2": 6.13922595978,
        "dvar": 18.9840183258,
        "dvar2": 39.7571105957,
        "max": 50,
        "mean": 21.4992980957,
        "median": 21,
        "min": 0,
        "var": 53.5794296265
    },
    "spectral_decrease": {
        "dmean": 2.22839702246e-09,
        "dmean2": 3.53056917035e-09,
        "dvar": 6.56721187619e-18,
        "dvar2": 1.6400010388e-17,
        "max": -7.88870294129e-29,
        "mean": -8.01905830627e-09,
        "median": -7.43547312609e-09,
        "min": -2.83834307169e-08,
        "var": 1.54761455967e-17
    },
    "spectral_energy": {
        "dmean": 0.00882031209767,
        "dmean2": 0.01390987169,
        "dvar": 9.87104940577e-05,
        "dvar2": 0.000244101363933,
        "max": 0.109276674688,
        "mean": 0.0328023135662,
        "median": 0.0306201335043,
        "min": 1.13320286563e-20,
        "var": 0.00024160798057
    },
    "spectral_energyband_high": {
        "dmean": 0.00050611543702,
        "dmean2": 0.0007207270246,
        "dvar": 4.53258905964e-07,
        "dvar2": 1.04231810383e-06,
        "max": 0.0060607669875,
        "mean": 0.000866627669893,
        "median": 0.000603941327427,
        "min": 8.38074597376e-21,
        "var": 6.6758587991e-07
    },
    "spectral_energyband_low": {
        "dmean": 0.00431901309639,
        "dmean2": 0.00707487761974,
        "dvar": 6.31004149909e-05,
        "dvar2": 0.000164320357726,
        "max": 0.0890952721238,
        "mean": 0.00798683799803,
        "median": 0.00252333492972,
        "min": 1.08494602515e-22,
        "var": 0.000123551653815
    },
    "spectral_energyband_middle_high": {
        "dmean": 0.00331609440036,
        "dmean2": 0.0049654180184,
        "dvar": 2.13117727981e-05,
        "dvar2": 5.13909726578e-05,
        "max": 0.0697749257088,
        "mean": 0.0108806863427,
        "median": 0.00796571653336,
        "min": 1.4144931858e-21,
        "var": 8.79482468008e-05
    },
    "spectral_energyband_middle_low": {
        "dmean": 0.00548462895676,
        "dmean2": 0.0089521324262,
        "dvar": 5.67457609577e-05,
        "dvar2": 0.000152358712512,
        "max": 0.0790475532413,
        "mean": 0.0152640920132,
        "median": 0.0125059532002,
        "min": 5.47118582893e-22,
        "var": 0.000117635638162
    },
    "spectral_entropy": {
        "dmean": 0.194045990705,
        "dmean2": 0.264589697123,
        "dvar": 0.0344106666744,
        "dvar2": 0.0655931383371,
        "max": 9.78479480743,
        "mean": 7.53840827942,
        "median": 7.54085826874,
        "min": 5.74529695511,
        "var": 0.123734802008
    },
    "spectral_flux": {
        "dmean": 0.0243542138487,
        "dmean2": 0.0378115661442,
        "dvar": 0.000627633708064,
        "dvar2": 0.00128643237986,
        "max": 0.292092472315,
        "mean": 0.0901492536068,
        "median": 0.0820442959666,
        "min": 1.06451999993e-10,
        "var": 0.00163156667259
    },
    "spectral_kurtosis": {
        "dmean": 1.4021499157,
        "dmean2": 2.28381800652,
        "dvar": 1.91643321514,
        "dvar2": 4.92619895935,
        "max": 21.8241786957,
        "mean": 3.55651140213,
        "median": 3.24296331406,
        "min": -1.21507811546,
        "var": 4.05348777771
    },
    "spectral_rms": {
        "dmean": 0.000743426033296,
        "dmean2": 0.00115268665832,
        "dvar": 5.60558930829e-07,
        "dvar2": 1.31550950755e-06,
        "max": 0.0103252790868,
        "mean": 0.00549568654969,
        "median": 0.00546564720571,
        "min": 3.32500194912e-12,
        "var": 1.79964422387e-06
    },
    "spectral_rolloff": {
        "dmean": 452.51171875,
        "dmean2": 782.569274902,
        "dvar": 593917.9375,
        "dvar2": 1364386.625,
        "max": 18367.8222656,
        "mean": 1562.18713379,
        "median": 1550.390625,
        "min": 129.19921875,
        "var": 948623.8125
    },
    "spectral_skewness": {
        "dmean": 0.216769486666,
        "dmean2": 0.331518799067,
        "dvar": 0.04061171785,
        "dvar2": 0.09349411726,
        "max": 3.70219087601,
        "mean": 1.39826583862,
        "median": 1.37635397911,
        "min": -0.00245262868702,
        "var": 0.111193552613
    },
    "spectral_spread": {
        "dmean": 541874.25,
        "dmean2": 714388.25,
        "dvar": 546413543424,
        "dvar2": 786245681152,
        "max": 40524892,
        "mean": 4334652.5,
        "median": 4072354,
        "min": 1897474.625,
        "var": 1.43782300877e+12
    },
    "spectral_strongpeak": {
        "dmean": 0.80788642168,
        "dmean2": 1.36074185371,
        "dvar": 1.26822638512,
        "dvar2": 3.12811374664,
        "max": 11.4829587936,
        "mean": 1.75331902504,
        "median": 0.951194286346,
        "min": 2.31277974549e-09,
        "var": 3.22630023956
    },
    "zerocrossingrate": {
        "dmean": 0.00930266175419,
        "dmean2": 0.0113450391218,
        "dvar": 0.00011597876437,
        "dvar2": 0.000148057282786,
        "max": 0.51513671875,
        "mean": 0.0611725188792,
        "median": 0.06005859375,
        "min": 0.005859375,
        "var": 0.000547612493392
    },
    "barkbands": {
        "dmean": [0.000140210482641, 0.0026467309799, 0.00185813347343, 0.00164422916714, 0.00244291359559, 0.00111334014218, 0.000608168484177, 0.000805269926786, 0.000834386388306, 0.0020346485544, 0.000716562324669, 0.000707552128006, 0.000284061417915, 0.000521663750987, 0.000519780034665, 0.000502273032907, 0.000259082124103, 0.000240856621531, 0.00019843816699, 0.000132821674924, 0.000167575621163, 0.000143148907227, 7.69135804148e-05, 5.48531024833e-05, 3.45826301782e-05, 1.47987111632e-05, 8.95917384724e-09],
        "dmean2": [0.000218193468754, 0.00438198307529, 0.00316292024218, 0.00292152073234, 0.00404434697703, 0.00180115853436, 0.000965864921454, 0.00123142777011, 0.00133897794876, 0.00325054558925, 0.00108906475361, 0.00112165452447, 0.000440833799075, 0.000837588158902, 0.000813330232631, 0.000820894725621, 0.000411467830418, 0.000385019171517, 0.000312586373184, 0.000206190219615, 0.000252584199188, 0.000222598726396, 0.000116960109153, 7.96285457909e-05, 4.95965614391e-05, 2.28087556025e-05, 1.59270605593e-08],
        "dvar": [9.21740834769e-08, 2.94860565191e-05, 2.07977900573e-05, 1.76425946847e-05, 1.65027977346e-05, 3.81864856536e-06, 1.7036401232e-06, 2.40158533416e-06, 2.72596639661e-06, 1.49465840877e-05, 2.48962101068e-06, 3.46651995642e-06, 2.65608122163e-07, 1.78996072009e-06, 1.09733412046e-06, 1.3227091813e-06, 2.84598883127e-07, 1.46579665738e-07, 6.03479577421e-08, 2.62867327905e-08, 5.37819353497e-08, 4.89161884332e-08, 1.15458673733e-08, 6.08238037714e-09, 6.2645586496e-09, 1.01271158126e-09, 7.64313297812e-16],
        "dvar2": [2.08215581665e-07, 8.17245745566e-05, 5.56959748792e-05, 4.9201757065e-05, 4.52359672636e-05, 9.15708369575e-06, 3.93022264689e-06, 5.41271356269e-06, 6.59216175336e-06, 4.0388731577e-05, 5.47691615793e-06, 8.74381748872e-06, 5.66404082747e-07, 4.63318474431e-06, 2.58763770944e-06, 3.54535563929e-06, 6.83008522628e-07, 3.64188849744e-07, 1.42975196127e-07, 6.33758645563e-08, 1.20261603342e-07, 1.2490150425e-07, 2.71572329069e-08, 1.30754047589e-08, 1.23895338433e-08, 2.37762964872e-09, 2.09989208503e-15],
        "max": [0.00444223405793, 0.0532249845564, 0.0583892464638, 0.0413679182529, 0.0469661429524, 0.0380395650864, 0.0238575153053, 0.0331627689302, 0.0465897396207, 0.0566580891609, 0.034466702491, 0.0400335080922, 0.0134719442576, 0.0347599126399, 0.0226741377264, 0.0205665379763, 0.0101715475321, 0.00715829478577, 0.00403337972239, 0.00377106689848, 0.00251049431972, 0.00226356182247, 0.00166512816213, 0.00221439846791, 0.00253724493086, 0.000392572837882, 6.04777994795e-07],
        "mean": [0.000204808500712, 0.00417715450749, 0.00261179613881, 0.0017755337758, 0.00440997630358, 0.0021397494711, 0.00119628233369, 0.00174301909283, 0.00165067997295, 0.00438284967095, 0.00141640030779, 0.00122132129036, 0.00049903721083, 0.000870808842592, 0.00100760802161, 0.000961424899288, 0.000509058358148, 0.000548554235138, 0.000468427897431, 0.000289281713776, 0.000241572721279, 0.000194949403522, 0.000123854508274, 8.9606626716e-05, 5.38577660336e-05, 1.46667734953e-05, 6.59893428789e-09],
        "median": [2.79303549178e-05, 0.000879519619048, 0.000755496323109, 0.000620328355581, 0.0029042805545, 0.00106551637873, 0.000427065533586, 0.000614242278971, 0.000554184895009, 0.00135493883863, 0.000431276828749, 0.000326898996718, 0.000241254616412, 0.000260107655777, 0.000394252041588, 0.00024331251916, 0.000255461083725, 0.000287191971438, 0.000340975471772, 0.000208861427382, 0.000140253672726, 0.000112177345727, 8.64249523147e-05, 5.57211969863e-05, 2.41855996137e-05, 2.41872294282e-06, 1.20699006345e-09],
        "min": [2.97365409626e-23, 4.39688096941e-23, 3.02591897113e-23, 2.73896482152e-23, 8.22061662585e-23, 9.43249062308e-23, 9.12780603576e-23, 6.53453435711e-23, 1.56714640426e-22, 5.98338753489e-23, 1.14640308594e-22, 1.08461230544e-22, 1.06067978018e-22, 1.08531647423e-22, 8.75102334823e-23, 1.94255293971e-22, 1.58363082038e-22, 2.02474290592e-22, 1.9550019221e-22, 3.35042933694e-22, 5.4344978646e-22, 7.13723986592e-22, 6.58935185965e-22, 7.18796677756e-22, 1.35017545031e-21, 1.91283517364e-21, 2.44363592258e-21],
        "var": [1.71581092445e-07, 5.24395072716e-05, 2.13822258956e-05, 1.2910310943e-05, 2.28876015171e-05, 1.01102032204e-05, 5.26592839378e-06, 1.06562747533e-05, 1.32800150823e-05, 5.53440695512e-05, 7.12208884579e-06, 8.27314852359e-06, 6.64060337385e-07, 3.35762479153e-06, 2.74966328107e-06, 3.60908052244e-06, 6.67754761707e-07, 5.32345325155e-07, 1.91859697907e-07, 8.24259700494e-08, 7.24486071135e-08, 5.23419885212e-08, 1.54968535782e-08, 1.20921610502e-08, 1.68031828451e-08, 1.18642451419e-09, 5.28127636651e-16]
    },
    "erbbands": {
        "dmean": [0.0916464328766, 0.569844663143, 1.63948917389, 4.20745372772, 7.30939817429, 8.39377498627, 9.96975517273, 8.33930206299, 8.75631332397, 12.8449115753, 16.4799232483, 18.5867404938, 47.8518066406, 55.3313331604, 21.7039051056, 31.6250267029, 13.5755138397, 25.1215553284, 23.150062561, 23.3249797821, 24.4322605133, 12.8219261169, 11.4098682404, 14.1219120026, 7.02976131439, 6.18862819672, 6.67535352707, 6.37520742416, 5.16152763367, 3.39553618431, 2.09577465057, 1.29742026329, 0.977914452553, 0.467692255974, 0.216184407473, 0.0824196413159, 0.0272302012891, 0.00197464693338, 4.16239563492e-05, 1.13334008347e-05],
        "dmean2": [0.138068586588, 0.977661669254, 2.77951836586, 7.21351861954, 12.7127857208, 13.7115888596, 16.2790470123, 13.3108758926, 13.7638835907, 19.5479812622, 25.799943924, 29.6726722717, 75.0638275146, 88.9480667114, 32.9158630371, 49.8152236938, 20.9491500854, 39.7706031799, 36.5002098083, 36.4033241272, 39.7319526672, 19.9661636353, 17.9088478088, 22.3305625916, 11.1839084625, 9.590716362, 10.3904676437, 9.50298881531, 7.96986103058, 5.14146566391, 3.18262815475, 1.90552282333, 1.43892586231, 0.674262404442, 0.320401400328, 0.125002428889, 0.0431727804244, 0.00315863569267, 6.45924228593e-05, 1.75986788236e-05],
        "dvar": [0.0356263928115, 1.44885444641, 14.8015155792, 108.688537598, 263.976196289, 174.286819458, 303.770507812, 231.053161621, 397.895294189, 578.264709473, 1341.53039551, 1274.2232666, 7443.02294922, 19069.1425781, 1783.07678223, 8201.25, 551.668273926, 3170.30541992, 2552.99829102, 2348.24975586, 4249.36816406, 782.974609375, 382.810302734, 353.136749268, 82.2003097534, 60.1979789734, 85.919921875, 83.8019714355, 63.5755958557, 22.7673206329, 8.37441730499, 3.27619504929, 2.20580196381, 1.12844908237, 0.29515182972, 0.0327040851116, 0.00378275290132, 2.19784869842e-05, 7.77344677516e-09, 1.5149451138e-10],
        "dvar2": [0.080430701375, 4.1729092598, 38.5153846741, 294.094055176, 728.655639648, 477.535705566, 767.787658691, 554.565673828, 915.856567383, 1259.85302734, 3186.38378906, 3135.14135742, 18774.6582031, 51942.4921875, 3925.65771484, 20841.9648438, 1151.60314941, 8016.06640625, 6249.73242188, 5358.22363281, 11748.3037109, 1836.75170898, 909.503234863, 884.27746582, 212.155487061, 142.729110718, 197.045196533, 187.507202148, 159.46534729, 55.1642799377, 19.3501358032, 7.31978225708, 4.82112264633, 2.31121706963, 0.61215698719, 0.0737865716219, 0.00921901129186, 5.3973566537e-05, 1.8830643711e-08, 3.50807494165e-10],
        "max": [2.08346533775, 13.9545888901, 48.7227897644, 112.043212891, 183.62437439, 190.742141724, 292.142181396, 341.534179688, 449.178497314, 636.371826172, 807.863220215, 1353.9119873, 2129.82568359, 1849.76062012, 983.15020752, 2019.66809082, 628.941711426, 1408.13208008, 1184.02514648, 1232.53027344, 1398.09631348, 619.353027344, 481.392852783, 289.471282959, 231.669311523, 150.681930542, 152.159606934, 81.9091644287, 66.9829864502, 55.7393188477, 52.2349052429, 41.8935928345, 46.6290359497, 47.3202667236, 17.4790382385, 3.60874390602, 0.543940603733, 0.0529978945851, 0.000998427625746, 0.000124088008306],
        "mean": [0.158006548882, 0.803786635399, 2.24053239822, 5.63683366776, 9.50187015533, 15.0312900543, 17.6110363007, 16.7332401276, 18.916677475, 29.7201976776, 33.3181838989, 42.2799568176, 121.074455261, 102.261909485, 47.2575073242, 57.0761528015, 27.937877655, 44.9788398743, 46.7420959473, 49.2434768677, 51.1994476318, 28.6838150024, 28.2578601837, 33.1093215942, 17.6884899139, 13.5258331299, 11.0537061691, 8.46386623383, 6.94514560699, 5.27444791794, 3.40366315842, 2.06763839722, 1.50007808208, 0.773412168026, 0.292749047279, 0.0921636894345, 0.0237940698862, 0.00162375764921, 5.41587251064e-05, 4.21854783781e-05],
        "median": [0.0279153902084, 0.190249964595, 0.653879523277, 1.90909647942, 4.56064367294, 9.52983856201, 10.6399698257, 8.2750043869, 7.20977735519, 11.0669307709, 12.6979722977, 17.0019607544, 35.6549797058, 32.9186096191, 21.4478263855, 16.1431980133, 15.026927948, 16.4282875061, 20.8500137329, 23.4523067474, 16.6919822693, 14.3962488174, 15.6547222137, 23.0748538971, 13.6175928116, 9.93751621246, 7.48703241348, 4.24660778046, 3.91182899475, 3.51818108559, 2.38019227982, 1.3194937706, 0.868534088135, 0.409610658884, 0.09939879179, 0.0199504978955, 0.00287691131234, 0.000114387039503, 2.61617842625e-05, 3.95180104533e-05],
        "min": [1.48175926684e-21, 9.28243261817e-21, 3.15227610075e-20, 7.76178206947e-20, 1.67114420275e-19, 3.10146510991e-19, 2.97737224989e-19, 9.2766165368e-19, 1.6762405659e-18, 1.18011469509e-18, 1.53122505117e-18, 4.13217413256e-18, 2.11279981663e-18, 1.69241980509e-18, 5.88221988862e-18, 4.58755608493e-18, 5.5738407524e-18, 6.09289079652e-18, 4.21332013706e-18, 8.88785550417e-18, 8.54184585394e-18, 9.35048438589e-18, 8.68405391767e-18, 1.2354549599e-17, 1.01568878758e-17, 1.58138023771e-17, 2.17510219183e-17, 2.33275388303e-17, 2.80956560352e-17, 2.18390322811e-17, 1.77640742315e-17, 1.47725143348e-17, 1.27266692053e-17, 1.6244730389e-17, 9.03033819187e-18, 5.5074528908e-18, 4.139075714e-18, 1.42916585283e-18, 3.23697280388e-19, 3.59283507993e-20],
        "var": [0.0889928117394, 1.96844923496, 15.6101350784, 99.1730728149, 225.251647949, 296.853424072, 541.718444824, 668.411071777, 1324.58935547, 3138.34277344, 3743.5949707, 9177.03320312, 58590.671875, 41290.09375, 5813.96044922, 19421.0175781, 1733.16015625, 6869.23193359, 6167.32666016, 6533.72460938, 12575.2880859, 2062.33740234, 1490.31335449, 1146.19274902, 267.266662598, 175.366790771, 128.949356079, 103.239654541, 68.5318527222, 29.5331439972, 11.7041788101, 5.37365674973, 4.29710435867, 3.01813435555, 0.646019458771, 0.0510573275387, 0.0034653833136, 1.92028164747e-05, 7.48769490855e-09, 3.66023822362e-10]
    },
    "gfcc": {
        "mean": [24.2468757629, 96.9030380249, -142.420379639, 37.0043869019, -72.1899185181, 16.7989292145, -39.6194267273, 7.52990579605, -25.4336071014, -7.56511974335, -14.5897598267, -5.1988363266, -2.61344099045],
        "cov": [[1718.87854004, -469.14050293, 155.655456543, 234.40071106, 176.308486938, 170.648117065, -117.439788818, 41.5533447266, -113.359359741, 119.067504883, -137.132614136, 126.831214905, -74.4260406494], [-469.14050293, 812.93951416, 98.3681716919, 133.232849121, 176.646408081, -5.00588750839, 146.609237671, -20.2085399628, 119.20639801, -93.0883178711, 149.306945801, -107.311470032, 78.32787323], [155.655456543, 98.3681716919, 752.977844238, 302.309539795, 130.977966309, 66.061126709, -3.14482712746, 27.5972728729, -6.40171098709, 97.5236282349, -41.3043556213, 66.6543807983, -48.3792915344], [234.40071106, 133.232849121, 302.309539795, 394.663024902, 257.621459961, 60.9058837891, -22.8994731903, 28.2238883972, 39.5136756897, 20.6038742065, 13.3193798065, 31.6739997864, 18.6069889069], [176.308486938, 176.646408081, 130.977966309, 257.621459961, 406.692565918, 145.753189087, 3.32361960411, 33.2327766418, 24.7140808105, 6.07766532898, 17.3987350464, 15.6708459854, 31.499048233], [170.648117065, -5.00588750839, 66.061126709, 60.9058837891, 145.753189087, 208.430725098, 83.0857009888, 15.5442533493, -10.6610269547, 32.9084854126, 1.39277231693, 3.10174179077, -0.673268020153], [-117.439788818, 146.609237671, -3.14482712746, -22.8994731903, 3.32361960411, 83.0857009888, 198.151443481, 37.723400116, 33.944152832, -7.35161828995, 31.5874195099, -26.1109275818, 15.9984865189], [41.5533447266, -20.2085399628, 27.5972728729, 28.2238883972, 33.2327766418, 15.5442533493, 37.723400116, 147.266815186, 61.7248382568, -13.8916912079, 2.80225110054, 30.484664917, 26.1539325714], [-113.359359741, 119.20639801, -6.40171098709, 39.5136756897, 24.7140808105, -10.6610269547, 33.944152832, 61.7248382568, 114.874694824, -5.06018018723, 29.9370956421, -2.42271828651, 35.0259857178], [119.067504883, -93.0883178711, 97.5236282349, 20.6038742065, 6.07766532898, 32.9084854126, -7.35161828995, -13.8916912079, -5.06018018723, 119.49760437, 6.84163570404, 23.1476802826, -32.7843284607], [-137.132614136, 149.306945801, -41.3043556213, 13.3193798065, 17.3987350464, 1.39277231693, 31.5874195099, 2.80225110054, 29.9370956421, 6.84163570404, 114.93888092, 4.15466117859, 23.6266441345], [126.831214905, -107.311470032, 66.6543807983, 31.6739997864, 15.6708459854, 3.10174179077, -26.1109275818, 30.484664917, -2.42271828651, 23.1476802826, 4.15466117859, 103.37172699, 15.5186576843], [-74.4260406494, 78.32787323, -48.3792915344, 18.6069889069, 31.499048233, -0.673268020153, 15.9984865189, 26.1539325714, 35.0259857178, -32.7843284607, 23.6266441345, 15.5186576843, 91.5761413574]],
        "icov": [[0.00118648831267, -0.000608379428741, 0.000953300157562, -0.00145113340113, 0.000767489487771, -0.0013248664327, 0.000859303749166, -0.00124392635189, 0.00161622255109, -0.00145534914918, 0.00196139700711, -0.00159107986838, 0.000838935666252], [-0.000608379428741, 0.007475994993, -0.00397916417569, 0.00290579744615, -0.00503613054752, 0.00465343426913, -0.00468941126019, 0.00559981772676, -0.006080373656, 0.00660227518529, -0.0088298311457, 0.00713041890413, -0.00283606420271], [0.000953300157562, -0.00397916417569, 0.00505210738629, -0.00460140407085, 0.00347497034818, -0.00296890456229, 0.0020349631086, -0.00376225961372, 0.00441106036305, -0.00540340412408, 0.00646739639342, -0.00534424604848, 0.00289959576912], [-0.00145113340113, 0.00290579744615, -0.00460140407085, 0.00933532323688, -0.00610531959683, 0.00359403318726, -0.00145369500387, 0.00363780767657, -0.00538141978905, 0.00424621254206, -0.00556974345818, 0.00376962847076, -0.00227442430332], [0.000767489487771, -0.00503613054752, 0.00347497034818, -0.00610531959683, 0.00975714903325, -0.007613199763, 0.00491333287209, -0.00461936695501, 0.00433458434418, -0.00402318546548, 0.00581388315186, -0.00460417289287, 0.00123851455282], [-0.0013248664327, 0.00465343426913, -0.00296890456229, 0.00359403318726, -0.007613199763, 0.0137119758874, -0.00809753499925, 0.00370989996009, -0.00195076805539, 0.00191481760703, -0.00529523380101, 0.00495988409966, -0.00232379487716], [0.000859303749166, -0.00468941126019, 0.0020349631086, -0.00145369500387, 0.00491333287209, -0.00809753499925, 0.0117014721036, -0.00536159193143, 0.00243076658808, -0.00317487958819, 0.00368001568131, -0.0023133661598, 0.00119350431487], [-0.00124392635189, 0.00559981772676, -0.00376225961372, 0.00363780767657, -0.00461936695501, 0.00370989996009, -0.00536159193143, 0.0155193032697, -0.0113510489464, 0.00764185609296, -0.00591251580045, 0.00188794615678, -0.00212399405427], [0.00161622255109, -0.006080373656, 0.00441106036305, -0.00538141978905, 0.00433458434418, -0.00195076805539, 0.00243076658808, -0.0113510489464, 0.0211580768228, -0.00890373438597, 0.00638037314638, -0.00373780773953, -0.0010428634705], [-0.00145534914918, 0.00660227518529, -0.00540340412408, 0.00424621254206, -0.00402318546548, 0.00191481760703, -0.00317487958819, 0.00764185609296, -0.00890373438597, 0.0188486855477, -0.0107233328745, 0.00410378631204, 0.00144730869215], [0.00196139700711, -0.0088298311457, 0.00646739639342, -0.00556974345818, 0.00581388315186, -0.00529523380101, 0.00368001568131, -0.00591251580045, 0.00638037314638, -0.0107233328745, 0.0226696077734, -0.0108072012663, 0.00240520527586], [-0.00159107986838, 0.00713041890413, -0.00534424604848, 0.00376962847076, -0.00460417289287, 0.00495988409966, -0.0023133661598, 0.00188794615678, -0.00373780773953, 0.00410378631204, -0.0108072012663, 0.0212678685784, -0.00741319358349], [0.000838935666252, -0.00283606420271, 0.00289959576912, -0.00227442430332, 0.00123851455282, -0.00232379487716, 0.00119350431487, -0.00212399405427, -0.0010428634705, 0.00144730869215, 0.00240520527586, -0.00741319358349, 0.0175291765481]]
    },
    "melbands": {
        "dmean": [0.000762307026889, 0.000766011711676, 0.000791068654507, 0.000527025782503, 0.000360845791874, 0.000195128086489, 0.000132161163492, 0.000149454484927, 0.000143426266732, 0.000119287862617, 0.000241992078372, 0.000232180944295, 7.70439655753e-05, 7.41723488318e-05, 6.0273501731e-05, 2.83121535176e-05, 5.42209418199e-05, 3.820366328e-05, 4.17961782659e-05, 3.39000544045e-05, 2.88501469186e-05, 1.62186752277e-05, 1.12609641292e-05, 1.12098932732e-05, 1.30055677801e-05, 5.92108744968e-06, 4.84959673486e-06, 4.34972434959e-06, 4.50095785709e-06, 3.96838140659e-06, 3.8479856812e-06, 2.96816347145e-06, 2.89069907922e-06, 1.49685718043e-06, 1.18678724448e-06, 1.28309557113e-06, 6.46257262815e-07, 6.85111444909e-07, 6.00700161613e-07, 3.50247347569e-07],
        "dmean2": [0.00121367198881, 0.00128527893685, 0.00135765899904, 0.000888215494342, 0.000583397923037, 0.000311710406095, 0.000207248522202, 0.000225725598284, 0.000225810697884, 0.000189637590665, 0.000379367207643, 0.000374260765966, 0.000116813942441, 0.00011631315283, 9.51363399508e-05, 4.38769238826e-05, 8.65846959641e-05, 6.10076167504e-05, 6.54966206639e-05, 5.42376947124e-05, 4.68760626973e-05, 2.54332499026e-05, 1.80667702807e-05, 1.78382142622e-05, 2.07117445825e-05, 9.48422075453e-06, 7.73783995101e-06, 6.7911946644e-06, 7.09886444383e-06, 6.14440205027e-06, 5.79179231863e-06, 4.77194998894e-06, 4.4403850552e-06, 2.30469186135e-06, 1.8286834802e-06, 2.01242551157e-06, 9.52381810748e-07, 1.0268713595e-06, 8.88570923507e-07, 5.15023032222e-07],
        "dvar": [2.39811492975e-06, 2.57932993009e-06, 3.45153443959e-06, 9.28795316213e-07, 3.30450717456e-07, 1.21313561863e-07, 8.23738304234e-08, 7.76855841877e-08, 1.04986639826e-07, 5.31574038121e-08, 1.96268615582e-07, 3.49419707391e-07, 2.50505802768e-08, 3.20526005737e-08, 2.28703580518e-08, 3.21163562411e-09, 1.6752267129e-08, 8.20586887329e-09, 6.99334501419e-09, 4.90774576534e-09, 6.56816778744e-09, 1.6016817872e-09, 3.80349390872e-10, 3.57822910191e-10, 3.07696951252e-10, 6.7409224036e-11, 4.38547947956e-11, 3.1406877099e-11, 3.78937575762e-11, 3.19209103594e-11, 3.22479647152e-11, 2.59582407652e-11, 2.10573086745e-11, 4.05084949959e-12, 2.52225844377e-12, 4.37153221608e-12, 8.02542006375e-13, 1.18058286671e-12, 1.03886951125e-12, 9.84718383223e-13],
        "dvar2": [6.20778382654e-06, 6.63987475491e-06, 9.27236942516e-06, 2.57349438471e-06, 8.521137147e-07, 2.89675256226e-07, 1.88757724118e-07, 1.66818679759e-07, 2.52891567243e-07, 1.2822262363e-07, 4.95133747336e-07, 9.56227381721e-07, 5.68611362439e-08, 8.0939479119e-08, 5.6855874675e-08, 6.94827484438e-09, 4.29308713024e-08, 2.06340811104e-08, 1.63313789159e-08, 1.19676846211e-08, 1.81247656883e-08, 3.82548970279e-09, 9.4795737926e-10, 8.94843865673e-10, 7.66240848549e-10, 1.72645925334e-10, 1.1508962533e-10, 7.25738982799e-11, 8.78140130056e-11, 7.56041965144e-11, 7.22276127796e-11, 6.72138247837e-11, 5.31273532112e-11, 9.50342408934e-12, 5.731211946e-12, 1.08409626762e-11, 1.72895400254e-12, 2.76326075736e-12, 2.23496806999e-12, 2.04150975638e-12],
        "max": [0.0161528326571, 0.0183737277985, 0.016947183758, 0.0124318115413, 0.0102381659672, 0.00698910746723, 0.00587403774261, 0.00784733425826, 0.00666775228456, 0.00918008293957, 0.0105229923502, 0.00783525127918, 0.00350013491698, 0.00330918794498, 0.00333261676133, 0.0016545667313, 0.00330383027904, 0.00172263488639, 0.00152886821888, 0.00137093081139, 0.00168488314375, 0.000855616584886, 0.000420072785346, 0.000427130900789, 0.000251676363405, 0.000227580341743, 0.000236051855609, 0.000129346750327, 9.74093491095e-05, 6.75958217471e-05, 4.92377075716e-05, 4.33741588495e-05, 7.56428926252e-05, 3.46393753716e-05, 3.1520925404e-05, 3.02876378555e-05, 2.55549421126e-05, 4.15471331507e-05, 3.52757306246e-05, 4.06068538723e-05],
        "mean": [0.00126545096282, 0.00117206515279, 0.00108099123463, 0.000858737621456, 0.000679890683386, 0.000394013040932, 0.000281032407656, 0.00034389476059, 0.000271186872851, 0.000270748831099, 0.000597320380621, 0.000410205335356, 0.000158355149324, 0.000134532703669, 0.000110258290078, 5.00551032019e-05, 9.16772914934e-05, 6.7772816692e-05, 7.95623054728e-05, 6.33802992525e-05, 5.75335943722e-05, 3.01573272736e-05, 2.46418894676e-05, 2.49484364758e-05, 2.80973545159e-05, 1.29812588057e-05, 1.06769120976e-05, 8.57961913425e-06, 7.36725587558e-06, 5.5106875152e-06, 4.76519699077e-06, 3.77473179469e-06, 3.92721040043e-06, 2.46416902883e-06, 1.9834651539e-06, 1.73998068931e-06, 1.0535192132e-06, 1.03188301637e-06, 9.04034379801e-07, 5.78402193696e-07],
        "median": [0.000263375026407, 0.000351576134562, 0.000421566190198, 0.000537260319106, 0.000439083058154, 0.000191174534848, 0.000101462675957, 0.000124502228573, 9.30964088184e-05, 9.81735793175e-05, 0.000167302117916, 0.000110481807496, 5.69582989556e-05, 4.44632423751e-05, 3.24699103658e-05, 2.22772505367e-05, 2.83670542558e-05, 2.54721107922e-05, 3.11313560815e-05, 2.06337754207e-05, 1.57686190505e-05, 1.32092000058e-05, 1.23335594253e-05, 1.41805567182e-05, 1.81815285032e-05, 8.89238526725e-06, 7.45265151636e-06, 5.91190791965e-06, 4.97536166222e-06, 3.12368933919e-06, 2.11665314964e-06, 2.07836546906e-06, 2.20214405999e-06, 1.72661316356e-06, 1.42275155213e-06, 1.04432706394e-06, 6.76912748077e-07, 6.01940996603e-07, 4.99773705087e-07, 2.87382960096e-07],
        "min": [1.44343070533e-23, 1.5565399485e-23, 1.45096196039e-23, 1.88784212272e-23, 1.05656669098e-23, 2.21541109158e-23, 2.36472763036e-23, 1.44861083935e-23, 1.58410101304e-23, 2.41289216402e-23, 9.78098302306e-24, 5.70246722456e-24, 1.84227783238e-23, 1.47725217001e-23, 9.38733512046e-24, 1.13367042917e-23, 1.15756786589e-23, 6.09297940506e-24, 8.41956450624e-24, 1.32416329839e-23, 9.83282696175e-24, 1.02307236692e-23, 7.82313990796e-24, 8.94245464638e-24, 1.01533876903e-23, 6.7995210971e-24, 7.23107928821e-24, 1.16332836488e-23, 1.35293684213e-23, 1.12623715063e-23, 1.52317854751e-23, 1.55845624941e-23, 1.34890260746e-23, 1.18348573316e-23, 1.06408051221e-23, 9.43729604817e-24, 8.6543665881e-24, 8.00421898445e-24, 1.32134580278e-23, 1.28051459898e-23],
        "var": [5.06732067151e-06, 3.43719602824e-06, 3.1576598758e-06, 1.04960008684e-06, 6.36861329895e-07, 3.75967687205e-07, 2.83974628701e-07, 4.50466245638e-07, 2.76481813444e-07, 4.18662267521e-07, 1.45988758504e-06, 7.46748355596e-07, 7.01627342892e-08, 7.00728932657e-08, 5.90941695577e-08, 7.29528526477e-09, 3.48852751131e-08, 1.56667656626e-08, 1.6090442756e-08, 1.18315348629e-08, 2.00350616097e-08, 3.48867712496e-09, 1.34110467176e-09, 1.00605579423e-09, 9.30010124467e-10, 1.86544793501e-10, 1.47713175025e-10, 8.57063101045e-11, 5.97158017479e-11, 4.15565706846e-11, 3.86476718683e-11, 2.45902517099e-11, 2.34115747622e-11, 5.82635242136e-12, 3.78562762735e-12, 4.70806943778e-12, 1.54939982285e-12, 2.11531681928e-12, 2.16208865048e-12, 2.43102738461e-12]
    },
    "mfcc": {
        "mean": [-605.104064941, 112.443328857, -8.66751766205, 16.9714756012, -4.3862862587, 1.35015320778, -2.44455742836, 5.11734104156, -1.98534631729, 0.290865182877, -6.56103467941, -8.36762332916, -5.26644659042],
        "cov": [[1357.98168945, -462.718811035, -78.7002639771, 54.2719116211, 174.126831055, 125.173469543, 28.4030513763, -2.99026298523, 6.36729192734, 13.7192754745, -30.1972999573, -60.6073074341, -0.183720931411], [-462.718811035, 595.080932617, 47.7031784058, 90.8834686279, 47.8161354065, 33.9260597229, 74.9221878052, 50.7235641479, 5.83330249786, 42.0810852051, 35.4340400696, 28.5159511566, 26.2182006836], [-78.7002639771, 47.7031784058, 538.198425293, 194.336029053, 58.3556900024, 68.488319397, 18.7973937988, -7.82139921188, 32.4352035522, -31.3055858612, 45.6066017151, 70.452003479, 10.1388816833], [54.2719116211, 90.8834686279, 194.336029053, 341.301605225, 231.445831299, 63.5788879395, 16.5240345001, 35.7844352722, 26.9346389771, 5.96147298813, 13.7688961029, 17.1500453949, 15.3522071838], [174.126831055, 47.8161354065, 58.3556900024, 231.445831299, 401.917236328, 117.643295288, 47.3832702637, 55.7085800171, 29.9723529816, 27.2867088318, 5.43183851242, -25.8256721497, 21.4180488586], [125.173469543, 33.9260597229, 68.488319397, 63.5788879395, 117.643295288, 235.133224487, 110.9973526, -4.25611639023, 11.1125125885, 34.2050094604, 15.3878793716, -5.92760276794, 16.4979934692], [28.4030513763, 74.9221878052, 18.7973937988, 16.5240345001, 47.3832702637, 110.9973526, 158.424621582, 44.9709892273, 10.8638391495, 37.3308372498, 18.452539444, 3.81122159958, 24.2864608765], [-2.99026298523, 50.7235641479, -7.82139921188, 35.7844352722, 55.7085800171, -4.25611639023, 44.9709892273, 144.797515869, 67.5483322144, 17.8993530273, 5.7847943306, 7.48094177246, 12.9139156342], [6.36729192734, 5.83330249786, 32.4352035522, 26.9346389771, 29.9723529816, 11.1125125885, 10.8638391495, 67.5483322144, 114.732719421, 39.3191146851, 0.893465638161, 0.821233868599, -1.2460975647], [13.7192754745, 42.0810852051, -31.3055858612, 5.96147298813, 27.2867088318, 34.2050094604, 37.3308372498, 17.8993530273, 39.3191146851, 91.9360122681, 23.9011039734, -15.0125341415, 4.8288230896], [-30.1972999573, 35.4340400696, 45.6066017151, 13.7688961029, 5.43183851242, 15.3878793716, 18.452539444, 5.7847943306, 0.893465638161, 23.9011039734, 77.5487594604, 42.890209198, 4.18671560287], [-60.6073074341, 28.5159511566, 70.452003479, 17.1500453949, -25.8256721497, -5.92760276794, 3.81122159958, 7.48094177246, 0.821233868599, -15.0125341415, 42.890209198, 97.6783370972, 28.5195484161], [-0.183720931411, 26.2182006836, 10.1388816833, 15.3522071838, 21.4180488586, 16.4979934692, 24.2864608765, 12.9139156342, -1.2460975647, 4.8288230896, 4.18671560287, 28.5195484161, 73.4711914062]],
