{
"lowlevel": {
    "average_loudness": 0.96234869957,
    "barkbands_crest": {
        "dmean": 2.58810377121,
        "dmean2": 4.24555301666,
        "dvar": 6.04176664352,
        "dvar2": 14.817647934,
        "max": 24.9441928864,
        "mean": 8.25922870636,
        "median": 7.34375762939,
        "min": 2.47224569321,
        "var": 13.4538421631
    },
    "barkbands_flatness_db": {
        "dmean": 0.0173025242984,
        "dmean2": 0.0279721170664,
        "dvar": 0.000229719982599,
        "dvar2": 0.00056598673109,
        "max": 0.312062472105,
        "mean": 0.146118804812,
        "median": 0.140602484345,
        "min": 0.0313053093851,
        "var": 0.00112527504098
    },
    "barkbands_kurtosis": {
        "dmean": 1.39821112156,
        "dmean2": 2.21552801132,
        "dvar": 10.8079824448,
        "dvar2": 25.7142848969,
        "max": 116.315002441,
        "mean": 0.862802326679,
        "median": -0.550850152969,
        "min": -1.90246808529,
        "var": 24.1809158325
    },
    "barkbands_skewness": {
        "dmean": 0.490807503462,
        "dmean2": 0.724772751331,
        "dvar": 0.249732911587,
        "dvar2": 0.509986102581,
        "max": 9.47251701355,
        "mean": 0.494702905416,
        "median": 0.289383620024,
        "min": -3.4574239254,
        "var": 1.41247832775
    },
    "barkbands_spread": {
        "dmean": 6.34837055206,
        "dmean2": 9.59774398804,
        "dvar": 40.0204086304,
        "dvar2": 81.8049087524,
        "max": 98.3501434326,
        "mean": 31.9227104187,
        "median": 31.6802883148,
        "min": 2.00788426399,
        "var": 225.508911133
    },
    "dissonance": {
        "dmean": 0.0112680485472,
        "dmean2": 0.0191243905574,
        "dvar": 0.000177100620931,
        "dvar2": 0.000453436136013,
        "max": 0.500000178814,
        "mean": 0.481806218624,
        "median": 0.487072885036,
        "min": 0.000870658375788,
        "var": 0.000330234703142
    },
    "dynamic_complexity": 1.75494992733,
    "erbbands_crest": {
        "dmean": 2.54470539093,
        "dmean2": 4.15267515182,
        "dvar": 5.37482643127,
        "dvar2": 13.8983869553,
        "max": 29.3107585907,
        "mean": 9.00511741638,
        "median": 8.27842903137,
        "min": 2.28107762337,
        "var": 13.4835729599
    },
    "erbbands_flatness_db": {
        "dmean": 0.0175640601665,
        "dmean2": 0.0251003839076,
        "dvar": 0.000247199088335,
        "dvar2": 0.000451089465059,
        "max": 0.393841147423,
        "mean": 0.195737212896,
        "median": 0.197811022401,
        "min": 0.0539427176118,
        "var": 0.00171574600972
    },
    "erbbands_kurtosis": {
        "dmean": 1.30942308903,
        "dmean2": 2.05371308327,
        "dvar": 2.34825158119,
        "dvar2": 5.41771888733,
        "max": 24.8829803467,
        "mean": 1.61037945747,
        "median": 0.900922775269,
        "min": -1.84970295429,
        "var": 6.96892547607
    },
    "erbbands_skewness": {
        "dmean": 0.362570345402,
        "dmean2": 0.547241568565,
        "dvar": 0.105766758323,
        "dvar2": 0.227055102587,
        "max": 3.81048774719,
        "mean": -0.534553766251,
        "median": -0.604125082493,
        "min": -3.6096508503,
        "var": 1.00872635841
    },
    "erbbands_spread": {
        "dmean": 7.05163812637,
        "dmean2": 10.8068599701,
        "dvar": 63.720539093,
        "dvar2": 135.480453491,
        "max": 130.628982544,
        "mean": 28.7501220703,
        "median": 24.243057251,
        "min": 3.07448649406,
        "var": 249.075408936
    },
    "hfc": {
        "dmean": 7.34634590149,
        "dmean2": 10.61947155,
        "dvar": 75.5132904053,
        "dvar2": 148.530334473,
        "max": 130.853393555,
        "mean": 26.6473121643,
        "median": 25.2283725739,
        "min": 1.16373975737e-16,
        "var": 284.11151123
    },
    "melbands_crest": {
        "dmean": 3.39352083206,
        "dmean2": 5.38494253159,
        "dvar": 9.94396591187,
        "dvar2": 21.9230155945,
        "max": 33.6675453186,
        "mean": 12.0332956314,
        "median": 10.7357206345,
        "min": 1.28915643692,
        "var": 27.7638759613
    },
    "melbands_flatness_db": {
        "dmean": 0.021648561582,
        "dmean2": 0.0330048725009,
        "dvar": 0.000422949902713,
        "dvar2": 0.000923133862671,
        "max": 0.37654197216,
        "mean": 0.149641737342,
        "median": 0.142089098692,
        "min": 0.00709255086258,
        "var": 0.00220355228521
    },
    "melbands_kurtosis": {
        "dmean": 4.04498195648,
        "dmean2": 6.2714381218,
        "dvar": 80.0440368652,
        "dvar2": 182.561355591,
        "max": 297.382507324,
        "mean": 5.67958927155,
        "median": 1.24561834335,
        "min": -1.83188676834,
        "var": 162.636917114
    },
    "melbands_skewness": {
        "dmean": 0.674873232841,
        "dmean2": 0.991468608379,
        "dvar": 0.525637865067,
        "dvar2": 1.06868588924,
        "max": 15.3347244263,
        "mean": 1.68684780598,
        "median": 1.35821354389,
        "min": -1.47769403458,
        "var": 2.4198448658
    },
    "melbands_spread": {
        "dmean": 11.0783834457,
        "dmean2": 16.703950882,
        "dvar": 146.24331665,
        "dvar2": 286.087585449,
        "max": 247.640396118,
        "mean": 45.8780593872,
        "median": 45.2045402527,
        "min": 1.51927185059,
        "var": 649.349243164
    },
    "pitch_salience": {
        "dmean": 0.072099275887,
        "dmean2": 0.115552224219,
        "dvar": 0.00428027566522,
        "dvar2": 0.0102232890204,
        "max": 0.994753479958,
        "mean": 0.590496838093,
        "median": 0.597901523113,
        "min": 0.119223304093,
        "var": 0.0111663844436
    },
    "silence_rate_20dB": {
        "dmean": 0,
        "dmean2": 0,
        "dvar": 0,
        "dvar2": 0,
        "max": 1,
        "mean": 1,
        "median": 1,
        "min": 1,
        "var": 0
    },
    "silence_rate_30dB": {
        "dmean": 0,
        "dmean2": 0,
        "dvar": 0,
        "dvar2": 0,
        "max": 1,
        "mean": 1,
        "median": 1,
        "min": 1,
        "var": 0
    },
    "silence_rate_60dB": {
        "dmean": 0.00637567415833,
        "dmean2": 0.0127529120073,
        "dvar": 0.00633602868766,
        "dvar2": 0.014795367606,
        "max": 1,
        "mean": 0.0126271909103,
        "median": 0,
        "min": 0,
        "var": 0.0124684628099
    },
    "spectral_centroid": {
        "dmean": 235.283737183,
        "dmean2": 356.380767822,
        "dvar": 65527.65625,
        "dvar2": 125139.328125,
        "max": 10656.1074219,
        "mean": 2162.6418457,
        "median": 2277.08349609,
        "min": 337.485046387,
        "var": 392807
    },
    "spectral_complexity": {
        "dmean": 4.38229513168,
        "dmean2": 6.53954648972,
        "dvar": 17.0329780579,
        "dvar2": 33.2689552307,
        "max": 56,
        "mean": 24.5616035461,
        "median": 25,
        "min": 0,
        "var": 87.6396026611
    },
    "spectral_decrease": {
        "dmean": 1.42734779551e-09,
        "dmean2": 2.15470863374e-09,
        "dvar": 3.0701786576e-18,
        "dvar2": 6.82437736554e-18,
        "max": 6.50746600841e-30,
        "mean": -4.68953453847e-09,
        "median": -4.44722703108e-09,
        "min": -2.25699352541e-08,
        "var": 6.46244903801e-18
    },
    "spectral_energy": {
        "dmean": 0.00588013837114,
        "dmean2": 0.00882849190384,
        "dvar": 4.86204844492e-05,
        "dvar2": 0.000107263040263,
        "max": 0.0887599810958,
        "mean": 0.0201163776219,
        "median": 0.0192916933447,
        "min": 1.05309034253e-20,
        "var": 0.000109639506263
    },
    "spectral_energyband_high": {
        "dmean": 0.000378816301236,
        "dmean2": 0.000533854938112,
        "dvar": 5.21963841038e-07,
        "dvar2": 8.54745223933e-07,
        "max": 0.019469236955,
        "mean": 0.000937103002798,
        "median": 0.000573101337068,
        "min": 7.92996485166e-21,
        "var": 1.76146215836e-06
    },
    "spectral_energyband_low": {
        "dmean": 0.00304023479111,
        "dmean2": 0.00470223557204,
        "dvar": 3.30105722242e-05,
        "dvar2": 7.30052706786e-05,
        "max": 0.0761380195618,
        "mean": 0.00539066782221,
        "median": 0.00304071139544,
        "min": 9.70184875689e-23,
        "var": 5.48138923477e-05
    },
    "spectral_energyband_middle_high": {
        "dmean": 0.00278908782639,
        "dmean2": 0.00407359981909,
        "dvar": 1.15350285341e-05,
        "dvar2": 2.33235659834e-05,
        "max": 0.0728451982141,
        "mean": 0.00904287211597,
        "median": 0.00760219339281,
        "min": 1.37617095411e-21,
        "var": 4.80079943372e-05
    },
    "spectral_energyband_middle_low": {
        "dmean": 0.00251557352021,
        "dmean2": 0.00414509000257,
        "dvar": 1.62515425473e-05,
        "dvar2": 4.20452161052e-05,
        "max": 0.0548538081348,
        "mean": 0.0053278459236,
        "median": 0.00382113154046,
        "min": 1.64033414225e-22,
        "var": 2.58450818365e-05
    },
    "spectral_entropy": {
        "dmean": 0.115992508829,
        "dmean2": 0.161719277501,
        "dvar": 0.0115318922326,
        "dvar2": 0.0205958895385,
        "max": 9.79274654388,
        "mean": 7.69002580643,
        "median": 7.68208885193,
        "min": 6.35968637466,
        "var": 0.0853552743793
    },
    "spectral_flux": {
        "dmean": 0.0215931646526,
        "dmean2": 0.0330289378762,
        "dvar": 0.000493121217005,
        "dvar2": 0.00096241076244,
        "max": 0.250971078873,
        "mean": 0.0868998393416,
        "median": 0.0813725441694,
        "min": 1.02620190123e-10,
        "var": 0.00119173026178
    },
    "spectral_kurtosis": {
        "dmean": 1.58115267754,
        "dmean2": 2.70376181602,
        "dvar": 2.40597224236,
        "dvar2": 7.19009494781,
        "max": 17.1498031616,
        "mean": 4.14132165909,
        "median": 3.8213057518,
        "min": -1.33805394173,
        "var": 5.35329151154
    },
    "spectral_rms": {
        "dmean": 0.000634619849734,
        "dmean2": 0.000936133787036,
        "dvar": 4.39904084715e-07,
        "dvar2": 9.01692430944e-07,
        "max": 0.00930564850569,
        "mean": 0.00427267514169,
        "median": 0.00433833664283,
        "min": 3.20531622078e-12,
        "var": 1.36989035582e-06
    },
    "spectral_rolloff": {
        "dmean": 497.792510986,
        "dmean2": 796.733276367,
        "dvar": 572339.75,
        "dvar2": 1067255.25,
        "max": 18626.2207031,
        "mean": 2520.64477539,
        "median": 2627.05078125,
        "min": 43.06640625,
        "var": 1818745.5
    },
    "spectral_skewness": {
        "dmean": 0.20828127861,
        "dmean2": 0.339214622974,
        "dvar": 0.0331501960754,
        "dvar2": 0.0903568416834,
        "max": 2.77470946312,
        "mean": 1.2414894104,
        "median": 1.2524574995,
        "min": -0.118982151151,
        "var": 0.141676142812
    },
    "spectral_spread": {
        "dmean": 398124.625,
        "dmean2": 554049,
        "dvar": 381076242432,
        "dvar2": 414700175360,
        "max": 41670540,
        "mean": 3592831.5,
        "median": 3350760.75,
        "min": 1375470,
        "var": 1.52811667456e+12
    },
    "spectral_strongpeak": {
        "dmean": 0.941248238087,
        "dmean2": 1.59291994572,
        "dvar": 2.08433008194,
        "dvar2": 4.9845867157,
        "max": 12.5700769424,
        "mean": 1.43963694572,
        "median": 0.474533975124,
        "min": 0,
        "var": 3.60769033432
    },
    "zerocrossingrate": {
        "dmean": 0.0100545464084,
        "dmean2": 0.0113493204117,
        "dvar": 0.0001678198023,
        "dvar2": 0.000182136602234,
        "max": 0.62451171875,
        "mean": 0.0831143036485,
        "median": 0.0810546875,
        "min": 0.0107421875,
        "var": 0.00109986192547
    },
    "barkbands": {
        "dmean": [0.00011549374176, 0.00229376461357, 0.00128580792807, 0.000565698661376, 0.00114532012958, 0.000636247219518, 0.000440355623141, 0.00029091045144, 0.000468889484182, 0.000508378434461, 0.000380384299206, 0.000329787784722, 0.00037068137317, 0.000436837959569, 0.000705139536876, 0.000660469813738, 0.000553052639589, 0.000636979239061, 0.000410406384617, 0.000279088504612, 0.000111368550279, 8.06987154647e-05, 7.30913525331e-05, 5.10744939675e-05, 2.97101723845e-05, 8.98830734286e-08, 8.52798442974e-10],
        "dmean2": [0.000167661477462, 0.00360849127173, 0.00230803061277, 0.000964420789387, 0.00197217101231, 0.00101523566991, 0.000699378782883, 0.000466711324407, 0.000772880390286, 0.000807213247754, 0.000593144213781, 0.000499635585584, 0.000583888380788, 0.000693520298228, 0.00112083996646, 0.00103268923704, 0.000871332944371, 0.000998392584734, 0.000644616840873, 0.000437553098891, 0.00017254256818, 0.000116472270747, 0.000104402308352, 7.0679547207e-05, 3.9969698264e-05, 1.48808169342e-07, 1.58634805292e-09],
        "dvar": [5.94460765058e-08, 2.21777372644e-05, 8.4204302766e-06, 1.30130922571e-06, 8.49522075441e-06, 1.50629500695e-06, 9.01403950593e-07, 4.21781663817e-07, 1.02406613678e-06, 1.2626097714e-06, 8.70096471317e-07, 6.733284863e-07, 9.19874821648e-07, 1.08391702724e-06, 2.26812039728e-06, 1.67138625784e-06, 8.96590620414e-07, 8.88061890691e-07, 4.20771840481e-07, 1.9001737428e-07, 4.82535291724e-08, 4.44403731592e-08, 4.6555541644e-08, 2.50896459164e-08, 1.21757919302e-08, 1.92201777497e-13, 1.64298077084e-18],
        "dvar2": [1.21576022138e-07, 5.02649600094e-05, 2.47512289206e-05, 3.47031846104e-06, 2.35585503106e-05, 3.50883715328e-06, 2.1725231818e-06, 1.08531980914e-06, 2.60774436356e-06, 2.93412540486e-06, 2.03539684662e-06, 1.45168542076e-06, 2.11954579754e-06, 2.5088743314e-06, 5.42492034583e-06, 3.8965922613e-06, 2.1471432774e-06, 2.06521281143e-06, 1.0369113852e-06, 4.50263996754e-07, 1.10158232758e-07, 7.46555031128e-08, 8.10764220205e-08, 4.56644251301e-08, 2.01580085957e-08, 4.74506230749e-13, 5.07920825279e-18],
        "max": [0.00310876010917, 0.0735241919756, 0.0386934801936, 0.0226563327014, 0.0491040572524, 0.0332665704191, 0.0204896517098, 0.0187287721783, 0.0178242493421, 0.0324737690389, 0.0239205956459, 0.0169243682176, 0.0236131064594, 0.0308737102896, 0.0384451858699, 0.0222153346986, 0.019828857854, 0.0124265709892, 0.0155017627403, 0.00907175708562, 0.00559297110885, 0.0089713903144, 0.00778619851917, 0.00459517445415, 0.00576486671343, 1.79740036401e-05, 4.06767703964e-08],
        "mean": [0.000143623416079, 0.00330524216406, 0.00151480152272, 0.000792932638433, 0.00155298446771, 0.00104619888589, 0.000612587900832, 0.000399013515562, 0.000689109263476, 0.000755439919885, 0.000617765588686, 0.000586240319535, 0.000640761340037, 0.000695388065651, 0.00118130072951, 0.00115210795775, 0.00107819354162, 0.00127835280728, 0.000846163951792, 0.000547365809325, 0.0002123209415, 0.000157480870257, 0.000151518222992, 0.000103552956716, 5.58141910005e-05, 9.40974445029e-08, 6.87114365405e-10],
        "median": [3.47647073795e-05, 0.00142748537473, 0.000650339527056, 0.00036261335481, 0.000746234145481, 0.000430268264608, 0.000207707169466, 0.0001461480133, 0.000263493566308, 0.000231175261433, 0.000120259079267, 0.000139640382258, 0.000203987889108, 0.0001981939713, 0.000388105225284, 0.000413578847656, 0.000594723562244, 0.000824684626423, 0.000605911656749, 0.000355920084985, 9.998279711e-05, 7.15171045158e-05, 6.70753870509e-05, 4.31237531302e-05, 1.87873720279e-05, 1.41068889903e-08, 2.80804629549e-10],
        "min": [9.46430664557e-24, 2.45799781063e-23, 4.97473104881e-23, 2.5205607913e-23, 1.09667703368e-23, 2.90060305209e-23, 3.35013796328e-23, 2.78856271544e-23, 3.33225795755e-23, 8.69336140259e-23, 5.42373048122e-23, 1.15120743818e-22, 5.63272434748e-23, 8.55741226963e-23, 1.21151440288e-22, 9.11037347193e-23, 1.14196590112e-22, 2.48012214047e-22, 2.2985478171e-22, 3.94884306377e-22, 4.94353759535e-22, 8.80760752055e-22, 6.32327526099e-22, 7.70014323998e-22, 1.22829434524e-21, 1.5504879591e-21, 2.29941084355e-21],
        "var": [9.08642192599e-08, 3.12726115226e-05, 6.71141106068e-06, 1.638872277e-06, 7.85558404459e-06, 3.46970523424e-06, 1.50948392275e-06, 6.80420498611e-07, 1.54461656621e-06, 2.33398850469e-06, 2.00005592887e-06, 1.96810833586e-06, 1.90612615825e-06, 2.19761318476e-06, 4.23090705226e-06, 3.61515799341e-06, 2.09518725569e-06, 2.09791755879e-06, 8.07648575574e-07, 4.17320535462e-07, 1.0276549034e-07, 1.28651109321e-07, 1.17400269062e-07, 6.94048125638e-08, 3.25657261158e-08, 2.28977156246e-13, 1.2674000341e-18]
    },
    "erbbands": {
        "dmean": [0.0669247359037, 0.559296250343, 1.42541980743, 1.6908698082, 2.59658145905, 4.40789794922, 5.17487859726, 5.2062625885, 6.00082159042, 5.61852884293, 7.06903123856, 10.2979927063, 15.0278539658, 15.8409585953, 12.3485689163, 11.796163559, 15.932261467, 17.5065975189, 31.5965576172, 32.0536193848, 33.6383476257, 30.1939468384, 33.8323707581, 27.056016922, 15.4557714462, 13.2446098328, 6.06413221359, 3.7366797924, 2.96991300583, 2.51106715202, 2.10909748077, 1.35624790192, 0.713488340378, 0.393987327814, 0.1876591295, 0.0127444397658, 0.000320644612657, 2.22390481213e-05, 5.79319930694e-06, 7.59162276154e-06],
        "dmean2": [0.102404244244, 0.917629718781, 2.53808689117, 2.96197557449, 4.50910902023, 7.57587194443, 8.15942573547, 8.37315273285, 9.62038707733, 8.90457630157, 11.3139657974, 16.9615821838, 23.8600978851, 24.6058006287, 18.7378845215, 17.8643245697, 24.7840976715, 27.0802783966, 50.0153923035, 50.2918281555, 51.8597221375, 47.1464118958, 52.3238220215, 42.3685798645, 23.9459648132, 20.7454662323, 9.47879123688, 5.65420198441, 4.3583073616, 3.5776052475, 3.03739571571, 1.91033101082, 0.99497538805, 0.535203158855, 0.256624251604, 0.0178406648338, 0.000437406968558, 2.92741224257e-05, 7.88486613601e-06, 1.11918907351e-05],
        "dvar": [0.0205600224435, 1.43603742123, 10.3778238297, 11.8237113953, 45.7386016846, 123.829452515, 160.086730957, 102.538330078, 186.794403076, 145.966949463, 244.494125366, 526.550048828, 1105.71472168, 1273.26672363, 806.953796387, 887.48046875, 1686.18579102, 1595.84008789, 4913.08447266, 4557.68798828, 4729.48193359, 2919.01318359, 2436.29907227, 2247.68701172, 478.397796631, 457.801361084, 110.930084229, 75.8583374023, 58.0609855652, 56.0146141052, 41.1123275757, 15.8402557373, 6.10365629196, 2.05264878273, 0.55547785759, 0.00197645672597, 1.26743680084e-06, 5.47743139734e-09, 1.17421156132e-10, 7.50123574367e-11],
        "dvar2": [0.0408134236932, 3.54953217506, 29.7689838409, 33.3585739136, 127.924758911, 342.111083984, 366.967224121, 235.431503296, 466.969177246, 370.085449219, 603.960632324, 1358.05212402, 2628.78051758, 2879.77880859, 1779.14282227, 1903.74169922, 3854.546875, 3727.01269531, 11540.5791016, 11040.2304688, 10795.4140625, 6857.53515625, 5519.61376953, 5461.48144531, 1146.40185547, 1059.21582031, 264.229492188, 162.129501343, 99.8502044678, 93.3929367065, 77.9733810425, 29.9498577118, 11.0280532837, 3.57798099518, 0.955022633076, 0.00340366223827, 2.07588459489e-06, 8.54610249235e-09, 1.86472726149e-10, 1.58299540143e-10],
        "max": [2.28035116196, 16.0781230927, 42.0576400757, 44.8017044067, 103.426696777, 195.772445679, 466.027557373, 295.182556152, 312.17868042, 219.513320923, 338.867431641, 436.509155273, 928.210693359, 1092.01525879, 608.345336914, 805.020385742, 1016.50244141, 1039.80566406, 1342.27197266, 1459.12768555, 1500.52563477, 1168.09057617, 823.403625488, 1368.30700684, 447.989868164, 499.486541748, 189.984771729, 306.732452393, 311.224731445, 309.1796875, 271.316650391, 135.774642944, 90.5190582275, 65.041595459, 37.7780685425, 1.94111073017, 0.0530630834401, 0.00366628332995, 0.000502420996781, 0.000131546112243],
        "mean": [0.0964391976595, 0.730295598507, 1.75897097588, 2.35234856606, 3.33963370323, 5.68316078186, 8.23767375946, 8.15508651733, 8.67376804352, 7.98336219788, 10.4808511734, 15.2873191833, 22.7090396881, 27.3497600555, 22.8661384583, 21.8736228943, 29.3435077667, 32.1632919312, 56.7418022156, 59.0844993591, 63.5257644653, 63.1731071472, 70.7491378784, 56.5594596863, 34.1245155334, 26.2553863525, 11.9861221313, 7.18782520294, 5.80320215225, 4.97750806808, 4.27025699615, 2.6991083622, 1.42236685753, 0.762800037861, 0.324358463287, 0.0204368941486, 0.000567220791709, 4.75375854876e-05, 1.94887234102e-05, 2.74348039966e-05],
        "median": [0.0327338688076, 0.319929152727, 0.845349609852, 1.20834481716, 1.64496743679, 2.52765321732, 3.06996822357, 3.47752213478, 3.10371232033, 3.32189202309, 3.99341440201, 6.00141572952, 8.09501266479, 7.47479057312, 6.2298822403, 6.57023954391, 10.2548427582, 12.4566240311, 20.1150188446, 27.1855831146, 27.1912059784, 36.2090263367, 45.7999801636, 40.9442367554, 25.894317627, 16.8694820404, 6.93983507156, 3.02904438972, 2.65449023247, 2.08781194687, 1.86044073105, 1.17417943478, 0.565319120884, 0.279351294041, 0.0887555405498, 0.00479260412976, 0.000167948077433, 2.09635309147e-05, 1.65103956533e-05, 2.6383659133e-05],
        "min": [5.30778686082e-22, 6.91427349336e-21, 3.55875750052e-20, 1.04024857354e-19, 3.65529432477e-20, 4.6065297341e-20, 7.05010107359e-20, 2.58550654994e-19, 4.65128052836e-19, 4.4136005191e-19, 8.16497833436e-19, 8.41016500768e-19, 1.44804418236e-18, 3.58457767192e-18, 1.83031577629e-18, 4.9532968879e-18, 2.6872703414e-18, 3.53641714871e-18, 6.37043263949e-18, 5.73876154139e-18, 5.24741749831e-18, 8.76071949839e-18, 1.38242849386e-17, 1.17248145172e-17, 1.28839683521e-17, 1.71329420416e-17, 1.86501914627e-17, 2.06764961046e-17, 2.27700389498e-17, 3.02657048153e-17, 1.97110572157e-17, 1.4033494632e-17, 1.58065480032e-17, 1.31555342288e-17, 8.01854079276e-18, 5.242728625e-18, 3.07897675739e-18, 1.40180788805e-18, 3.19582289485e-19, 3.26146555719e-20],
        "var": [0.0320078954101, 1.61866116524, 8.50526332855, 11.9229230881, 37.5088005066, 110.502700806, 373.893005371, 201.480102539, 308.230377197, 215.525146484, 435.073303223, 756.630310059, 1956.14416504, 3097.6574707, 2201.74267578, 2342.40698242, 3858.25585938, 3213.82006836, 10721.4130859, 8347.47363281, 9999.98242188, 7091.63085938, 6445.85644531, 4047.25805664, 1108.92614746, 1022.5814209, 222.952835083, 169.602005005, 167.679763794, 141.464508057, 94.7361450195, 41.627155304, 16.0926628113, 5.49976205826, 1.33318591118, 0.00472903531045, 3.27092720909e-06, 1.56665471707e-08, 3.83712644991e-10, 2.00799682437e-10]
    },
    "gfcc": {
        "mean": [-5.95349121094, 91.8533401489, -162.513763428, 62.5044364929, -61.5702857971, 17.9938545227, -43.9704666138, 13.4029846191, -16.9105415344, -11.6154670715, -1.58029818535, -12.9588470459, 3.73844051361],
        "cov": [[2024.31799316, -157.454925537, 65.6137466431, 479.345550537, 294.572296143, 209.045288086, 21.0886421204, 130.982879639, -28.6642570496, 53.0658798218, -79.6503295898, 5.04733133316, -5.63633871078], [-157.454925537, 728.374633789, 78.3361358643, 58.7181091309, 180.932220459, -153.565292358, 53.3885192871, -69.9987106323, 26.3354244232, -85.589630127, 48.3130989075, -63.9956626892, 8.60047626495], [65.6137466431, 78.3361358643, 852.865539551, 439.79586792, 16.1925792694, 43.2645339966, -104.056915283, 33.3892593384, -39.7019119263, 62.9676933289, -63.3787345886, 88.4361343384, -16.3876876831], [479.345550537, 58.7181091309, 439.79586792, 756.916564941, 347.097991943, -8.07357406616, 28.3301506042, 80.6854400635, 70.1733398438, 19.5922584534, -95.512588501, 50.4364814758, 21.3054046631], [294.572296143, 180.932220459, 16.1925792694, 347.097991943, 507.224731445, 112.482704163, 126.852973938, 102.638908386, 39.9954566956, -3.97811222076, -25.0652980804, 3.49328422546, 28.265171051], [209.045288086, -153.565292358, 43.2645339966, -8.07357406616, 112.482704163, 353.363769531, 119.56678772, 52.5710525513, -46.9292793274, 39.3420791626, -3.83008313179, 23.5171966553, -27.7939949036], [21.0886421204, 53.3885192871, -104.056915283, 28.3301506042, 126.852973938, 119.56678772, 215.377502441, 58.8126945496, 15.187163353, -2.44779515266, -10.0411071777, -29.969789505, -12.535736084], [130.982879639, -69.9987106323, 33.3892593384, 80.6854400635, 102.638908386, 52.5710525513, 58.8126945496, 202.985153198, 71.5792007446, 17.1602649689, -41.8527603149, 8.86012744904, 5.33939838409], [-28.6642570496, 26.3354244232, -39.7019119263, 70.1733398438, 39.9954566956, -46.9292793274, 15.187163353, 71.5792007446, 135.949951172, 7.39888429642, -15.5336532593, -11.8740701675, 8.09080696106], [53.0658798218, -85.589630127, 62.9676933289, 19.5922584534, -3.97811222076, 39.3420791626, -2.44779515266, 17.1602649689, 7.39888429642, 108.500450134, 14.8663244247, 20.2164173126, -9.08695411682], [-79.6503295898, 48.3130989075, -63.3787345886, -95.512588501, -25.0652980804, -3.83008313179, -10.0411071777, -41.8527603149, -15.5336532593, 14.8663244247, 123.773452759, 25.4841556549, -6.75874662399], [5.04733133316, -63.9956626892, 88.4361343384, 50.4364814758, 3.49328422546, 23.5171966553, -29.969789505, 8.86012744904, -11.8740701675, 20.2164173126, 25.4841556549, 84.6071777344, 23.6737937927], [-5.63633871078, 8.60047626495, -16.3876876831, 21.3054046631, 28.265171051, -27.7939949036, -12.535736084, 5.33939838409, 8.09080696106, -9.08695411682, -6.75874662399, 23.6737937927, 68.0999298096]],
        "icov": [[0.000964549544733, -0.000722014869098, 0.00135023368057, -0.0018832788337, 0.00104459328577, -0.00145985593554, 0.00152747693937, -0.00141777482349, 0.00159107428044, -0.000895501230843, 0.000139558309456, 0.000567349954508, -4.38156275777e-05], [-0.000722014869098, 0.00513134431094, -0.00434659281746, 0.0043155127205, -0.00480220094323, 0.00449324492365, -0.00414118310437, 0.00401293532923, -0.00357562513091, 0.00369570497423, -0.00261854892597, 0.00252121360973, -0.000572209828533], [0.00135023368057, -0.00434659281746, 0.00708855129778, -0.00698193022981, 0.00565715087578, -0.00523110479116, 0.0056664980948, -0.00498988525942, 0.0055443206802, -0.00410400144756, 0.00226248940453, -0.00214197742753, 0.00126495654695], [-0.0018832788337, 0.0043155127205, -0.00698193022981, 0.0102292457595, -0.00785597506911, 0.00659020710737, -0.00597275840119, 0.00612278375775, -0.0068472311832, 0.00354528706521, 0.000786585442256, -0.00196729088202, 0.000838072039187], [0.00104459328577, -0.00480220094323, 0.00565715087578, -0.00785597506911, 0.00958985462785, -0.00621661823243, 0.00380794331431, -0.00583307351917, 0.00487444689497, -0.00312627479434, 0.000302164757159, 0.000237683692831, -0.00189608079381], [-0.00145985593554, 0.00449324492365, -0.00523110479116, 0.00659020710737, -0.00621661823243, 0.00996797066182, -0.00728843035176, 0.00405318196863, -0.00263347104192, 0.00223775068298, -0.000559303036425, -0.00183982413728, 0.00217574019916], [0.00152747693937, -0.00414118310437, 0.0056664980948, -0.00597275840119, 0.00380794331431, -0.00728843035176, 0.0124731566757, -0.00580310169607, 0.00432873470709, -0.00304249092005, 0.000965636689216, 0.00221746787429, 0.00048219654127], [-0.00141777482349, 0.00401293532923, -0.00498988525942, 0.00612278375775, -0.00583307351917, 0.00405318196863, -0.00580310169607, 0.0123641258106, -0.00863032788038, 0.00268600322306, 0.00136898364872, -0.00195472245105, 0.000496340217069], [0.00159107428044, -0.00357562513091, 0.0055443206802, -0.0068472311832, 0.00487444689497, -0.00263347104192, 0.00432873470709, -0.00863032788038, 0.0157403685153, -0.00449896464124, 0.000428979139542, 0.00178098829929, -0.000611794297583], [-0.000895501230843, 0.00369570497423, -0.00410400144756, 0.00354528706521, -0.00312627479434, 0.00223775068298, -0.00304249092005, 0.00268600322306, -0.00449896464124, 0.013725085184, -0.00347460107878, 8.67740382091e-05, 0.000793531362433], [0.000139558309456, -0.00261854892597, 0.00226248940453, 0.000786585442256, 0.000302164757159, -0.000559303036425, 0.000965636689216, 0.00136898364872, 0.000428979139542, -0.00347460107878, 0.0141217103228, -0.00907506234944, 0.00439908122644], [0.000567349954508, 0.00252121360973, -0.00214197742753, -0.00196729088202, 0.000237683692831, -0.00183982413728, 0.00221746787429, -0.00195472245105, 0.00178098829929, 8.67740382091e-05, -0.00907506234944, 0.0243651680648, -0.0100303590298], [-4.38156275777e-05, -0.000572209828533, 0.00126495654695, 0.000838072039187, -0.00189608079381, 0.00217574019916, 0.00048219654127, 0.000496340217069, -0.000611794297583, 0.000793531362433, 0.00439908122644, -0.0100303590298, 0.02062202245]]
    },
    "melbands": {
        "dmean": [0.000612988136709, 0.000692229368724, 0.00029921202804, 0.000262833898887, 0.000174513232196, 0.000115411668958, 9.14316551643e-05, 6.00050916546e-05, 6.10285533185e-05, 6.8484005169e-05, 7.76455999585e-05, 6.65604457026e-05, 4.47728489235e-05, 3.68731452909e-05, 3.15391807817e-05, 4.04344391427e-05, 3.46471679222e-05, 5.1929957408e-05, 5.56300328753e-05, 4.5519482228e-05, 4.06613471569e-05, 3.52129463863e-05, 3.16023142659e-05, 3.23005042446e-05, 2.37596286752e-05, 1.37902761708e-05, 1.13871046779e-05, 9.07331377675e-06, 4.60630099042e-06, 2.68722783403e-06, 2.23719689529e-06, 1.83663598818e-06, 1.56067460466e-06, 1.4527638541e-06, 1.35475602292e-06, 1.07711480268e-06, 7.90680815044e-07, 5.51690732209e-07, 4.22669586442e-07, 3.29341503402e-07],
        "dmean2": [0.000956866424531, 0.00116133573465, 0.000517926120665, 0.000459455302916, 0.000278177438304, 0.000185601646081, 0.000145870450069, 9.47977096075e-05, 9.83725476544e-05, 0.000112684516353, 0.000123543271911, 0.000103761725768, 6.87439896865e-05, 5.54740836378e-05, 4.8805573897e-05, 6.34423267911e-05, 5.37789856025e-05, 8.19687629701e-05, 8.77719867276e-05, 7.11902030162e-05, 6.32104056422e-05, 5.5830423662e-05, 4.98668778164e-05, 5.03070550621e-05, 3.78218574042e-05, 2.17755405174e-05, 1.7975056835e-05, 1.42947155837e-05, 7.30692863726e-06, 4.22889752372e-06, 3.42046473634e-06, 2.775745088e-06, 2.31350554714e-06, 2.11885185308e-06, 2.01968327929e-06, 1.59823093782e-06, 1.14676311114e-06, 7.96142728632e-07, 6.03838088864e-07, 4.63751320012e-07],
        "dvar": [1.62386720604e-06, 2.21164918912e-06, 3.51646036734e-07, 5.32619424121e-07, 1.54864068236e-07, 4.73085535191e-08, 4.08058973278e-08, 1.60824242812e-08, 1.83193193948e-08, 2.37388277924e-08, 2.96764302021e-08, 2.20543370233e-08, 1.06161568425e-08, 8.87872353417e-09, 9.08507491459e-09, 1.22225420895e-08, 6.67172672664e-09, 1.5235769979e-08, 1.58585873322e-08, 8.54834603103e-09, 7.25027859971e-09, 4.58471394182e-09, 2.53314325072e-09, 2.48668241554e-09, 1.93643745483e-09, 4.09757672237e-10, 3.33567229394e-10, 2.2887615414e-10, 6.66240673741e-11, 2.96595248361e-11, 2.9703513954e-11, 2.18810577296e-11, 1.87669966373e-11, 1.97497244253e-11, 1.70136786604e-11, 1.0023205356e-11, 5.54270908684e-12, 3.59420284334e-12, 2.66768898638e-12, 1.38537174354e-12],
        "dvar2": [3.53099039785e-06, 5.8560240177e-06, 9.70734504335e-07, 1.50363825924e-06, 3.6509442225e-07, 1.09736866705e-07, 1.00167930839e-07, 4.20103809518e-08, 4.55958861778e-08, 6.1024302056e-08, 7.04103513272e-08, 4.96369345626e-08, 2.44478357558e-08, 1.96198985947e-08, 2.17506919142e-08, 2.85121117827e-08, 1.53811843262e-08, 3.57968978904e-08, 3.78794240419e-08, 2.01655208087e-08, 1.69425184993e-08, 1.10291500377e-08, 6.20080164992e-09, 5.61727553361e-09, 4.77824801948e-09, 9.87341541858e-10, 8.10262246187e-10, 5.21880871851e-10, 1.61874832982e-10, 6.95450017019e-11, 6.38885264137e-11, 3.92204949073e-11, 3.52249271418e-11, 3.61457530573e-11, 3.40167581603e-11, 1.99696734843e-11, 1.11423214405e-11, 6.87326107487e-12, 5.3120233906e-12, 2.42504996119e-12],
        "max": [0.0214779525995, 0.0193873066455, 0.00811794027686, 0.013059347868, 0.0128480503336, 0.00578276719898, 0.00473799929023, 0.00288995774463, 0.00300770392641, 0.00312305381522, 0.00488442741334, 0.00430424883962, 0.00275869434699, 0.00198724470101, 0.0041684107855, 0.00305693969131, 0.00200946163386, 0.00308214873075, 0.0040535996668, 0.00144786096644, 0.00170579645783, 0.00163729314227, 0.00107692729216, 0.000927500776015, 0.00129997427575, 0.000526100280695, 0.000516167958267, 0.000321804138366, 0.00015296197671, 0.000151881933562, 0.000172005136847, 0.000198579131393, 0.000139365627547, 0.000172463463969, 0.000163351898664, 9.89908949123e-05, 8.55577964103e-05, 6.15108947386e-05, 6.94477712386e-05, 5.5018463172e-05],
        "mean": [0.000891936593689, 0.000960265344474, 0.000433142500697, 0.000328486668877, 0.000281118031126, 0.000185614204383, 0.000132579501951, 8.41204964672e-05, 8.85931222001e-05, 9.92491768557e-05, 0.0001136500141, 0.000109810949652, 7.71015111241e-05, 6.73353497405e-05, 5.18678789376e-05, 7.10414315108e-05, 5.64608599234e-05, 8.60242580529e-05, 9.22654216993e-05, 7.79247784521e-05, 7.09758678568e-05, 6.59110592096e-05, 6.16769466433e-05, 6.1280632508e-05, 4.51401392638e-05, 2.76300670521e-05, 2.12413197005e-05, 1.65259498317e-05, 8.21614594315e-06, 4.7547637223e-06, 3.92697120333e-06, 3.32319427798e-06, 2.87037687485e-06, 2.72981606031e-06, 2.59091734733e-06, 2.02320120479e-06, 1.4868639937e-06, 1.02716569472e-06, 7.84967539857e-07, 5.98427163823e-07],
        "median": [0.000358562800102, 0.000505000469275, 0.000223422946874, 0.000159111717949, 0.000116092072858, 8.02190625109e-05, 4.67710851808e-05, 3.51919152308e-05, 3.13970049319e-05, 3.74419942091e-05, 3.67874308722e-05, 2.79838350252e-05, 1.86833367479e-05, 1.57923659572e-05, 1.52379652718e-05, 2.19276444113e-05, 1.83125139301e-05, 2.53597754636e-05, 2.99426610582e-05, 2.69637639576e-05, 2.83128447336e-05, 3.4199852962e-05, 3.81945901609e-05, 3.8287780626e-05, 3.07125155814e-05, 1.98512370844e-05, 1.40532547448e-05, 9.63102775131e-06, 4.61193758383e-06, 1.99406326828e-06, 1.54481108439e-06, 1.48429376168e-06, 1.20291599615e-06, 1.11158806249e-06, 1.07150879103e-06, 9.12104042072e-07, 6.13276370132e-07, 3.9343365188e-07, 2.91113281037e-07, 2.05514453455e-07],
        "min": [6.85253807195e-24, 1.65704587654e-23, 1.55588850717e-23, 2.5495988401e-24, 2.56229910625e-24, 6.41809856638e-24, 7.25515374532e-24, 4.50766756942e-24, 7.62072451057e-24, 4.66527921727e-24, 8.04458341925e-24, 1.54809613915e-23, 5.46724862415e-24, 1.37605425319e-23, 6.99267132316e-24, 6.70651202979e-24, 6.33936117614e-24, 1.0952295528e-23, 6.98378322734e-24, 6.34595487002e-24, 6.09443998102e-24, 6.40752349152e-24, 1.56128794452e-23, 9.28045708958e-24, 9.47663023063e-24, 8.5253049997e-24, 1.06613210277e-23, 1.1779167696e-23, 9.66945307942e-24, 1.56386089325e-23, 1.07371542265e-23, 1.00169723406e-23, 2.30809625261e-23, 1.30913336822e-23, 1.16449556347e-23, 8.48216140793e-24, 8.27201911797e-24, 1.12077957423e-23, 1.02153992572e-23, 1.19394042785e-23],
        "var": [2.41302200266e-06, 2.23353140427e-06, 3.88765073467e-07, 3.96732161789e-07, 3.55230184823e-07, 9.88972459481e-08, 7.05467328999e-08, 2.35815615923e-08, 3.25141726876e-08, 3.33966383437e-08, 5.23192511537e-08, 5.02925843193e-08, 2.47835085787e-08, 2.81341137054e-08, 1.69365730329e-08, 2.48173730455e-08, 1.28321628878e-08, 3.24988995715e-08, 2.69060773661e-08, 1.85738517899e-08, 1.42481324517e-08, 9.63642676766e-09, 5.53384715829e-09, 5.58953017205e-09, 3.11877901282e-09, 8.50884807058e-10, 6.42193520584e-10, 4.87554385753e-10, 1.17448370474e-10, 5.93917137692e-11, 6.26041371521e-11, 5.77566848514e-11, 4.7778395823e-11, 4.40033079419e-11, 3.61883613353e-11, 2.31612923285e-11, 1.36192368147e-11, 8.7119617076e-12, 5.87665593271e-12, 3.6064924918e-12]
    },
    "mfcc": {
        "mean": [-622.731201172, 93.1893920898, -25.2801094055, 32.0174560547, 11.4930286407, -1.72264063358, -0.946408689022, 9.27807712555, -3.96643185616, 5.35110855103, -3.31240820885, -3.22620868683, -2.38155293465],
        "cov": [[1652.10852051, -317.900360107, -134.186462402, 269.147674561, 244.508087158, 162.178634644, 133.668243408, 110.773635864, 130.529190063, 100.003860474, 31.2096538544, -23.7342987061, 11.1654815674], [-317.900360107, 690.097595215, -92.1608963013, 12.8408670425, 6.10201215744, -57.0147857666, 28.1913528442, -24.7865772247, -62.8411598206, -9.5387802124, -9.13486671448, -5.86566257477, -13.4995164871], [-134.186462402, -92.1608963013, 790.359619141, 209.770446777, 67.9390716553, 53.6969223022, -65.155166626, -40.490398407, -17.0398311615, -99.3868942261, 7.07083177567, 44.3952522278, -0.3103941679], [269.147674561, 12.8408670425, 209.770446777, 792.741271973, 325.241119385, 76.9561538696, -13.010020256, 65.6433258057, 163.329544067, -19.3473587036, -1.83285844326, 58.9007530212, 20.1863002777], [244.508087158, 6.10201215744, 67.9390716553, 325.241119385, 361.501556396, 93.3731002808, 56.0032501221, 93.7876586914, 88.449256897, 20.715057373, 7.07886838913, 11.0846538544, 36.4050865173], [162.178634644, -57.0147857666, 53.6969223022, 76.9561538696, 93.3731002808, 273.712921143, 142.799179077, 54.0098075867, 27.532125473, 17.035030365, 30.6561031342, -9.86237430573, -7.25456762314], [133.668243408, 28.1913528442, -65.155166626, -13.010020256, 56.0032501221, 142.799179077, 228.672088623, 88.0759429932, 22.0871982574, 37.5286369324, 35.6624641418, -8.83403015137, 1.95931911469], [110.773635864, -24.7865772247, -40.490398407, 65.6433258057, 93.7876586914, 54.0098075867, 88.0759429932, 175.30569458, 95.739440918, 48.3810653687, 24.3864650726, 1.00874698162, 12.993144989], [130.529190063, -62.8411598206, -17.0398311615, 163.329544067, 88.449256897, 27.532125473, 22.0871982574, 95.739440918, 215.94758606, 61.9052391052, 27.8826904297, 8.72373580933, -4.55905914307], [100.003860474, -9.5387802124, -99.3868942261, -19.3473587036, 20.715057373, 17.035030365, 37.5286369324, 48.3810653687, 61.9052391052, 117.582824707, 35.6326446533, -6.38786220551, 2.25489759445], [31.2096538544, -9.13486671448, 7.07083177567, -1.83285844326, 7.07886838913, 30.6561031342, 35.6624641418, 24.3864650726, 27.8826904297, 35.6326446533, 97.9940567017, 32.7980918884, 0.56550270319], [-23.7342987061, -5.86566257477, 44.3952522278, 58.9007530212, 11.0846538544, -9.86237430573, -8.83403015137, 1.00874698162, 8.72373580933, -6.38786220551, 32.7980918884, 82.8580245972, 27.5968360901], [11.1654815674, -13.4995164871, -0.3103941679, 20.1863002777, 36.4050865173, -7.25456762314, 1.95931911469, 12.993144989, -4.55905914307, 2.25489759445, 0.56550270319, 27.5968360901, 69.3452529907]],
