{
"lowlevel": {
    "average_loudness": 0.956724762917,
    "barkbands_crest": {
        "dmean": 2.44067692757,
        "dmean2": 3.88574099541,
        "dvar": 4.93738412857,
        "dvar2": 11.5879211426,
        "max": 25.7985725403,
        "mean": 8.18059921265,
        "median": 7.35570144653,
        "min": 2.29643058777,
        "var": 12.8066635132
    },
    "barkbands_flatness_db": {
        "dmean": 0.0176433380693,
        "dmean2": 0.0269148163497,
        "dvar": 0.000252362107858,
        "dvar2": 0.000544555019587,
        "max": 0.387642890215,
        "mean": 0.138918578625,
        "median": 0.137101739645,
        "min": 0.036326341331,
        "var": 0.000971864326857
    },
    "barkbands_kurtosis": {
        "dmean": 1.20959746838,
        "dmean2": 1.83689022064,
        "dvar": 16.6840705872,
        "dvar2": 32.4749946594,
        "max": 241.022613525,
        "mean": 0.760147213936,
        "median": -0.039585351944,
        "min": -1.8723025322,
        "var": 27.988286972
    },
    "barkbands_skewness": {
        "dmean": 0.401650518179,
        "dmean2": 0.594233870506,
        "dvar": 0.190875515342,
        "dvar2": 0.362081885338,
        "max": 14.9670276642,
        "mean": 0.579878926277,
        "median": 0.530042290688,
        "min": -4.38405132294,
        "var": 0.875777482986
    },
    "barkbands_spread": {
        "dmean": 5.66712188721,
        "dmean2": 8.51633548737,
        "dvar": 38.8037071228,
        "dvar2": 75.5870361328,
        "max": 100.351516724,
        "mean": 26.163646698,
        "median": 23.5438842773,
        "min": 1.3209631443,
        "var": 175.051376343
    },
    "dissonance": {
        "dmean": 0.0135578550398,
        "dmean2": 0.0232580024749,
        "dvar": 0.000169609193108,
        "dvar2": 0.000478755071526,
        "max": 0.500000119209,
        "mean": 0.479557007551,
        "median": 0.483806401491,
        "min": 0.360146015882,
        "var": 0.000263200810878
    },
    "dynamic_complexity": 1.99251019955,
    "erbbands_crest": {
        "dmean": 2.65023493767,
        "dmean2": 4.31543731689,
        "dvar": 6.19307661057,
        "dvar2": 15.4984388351,
        "max": 27.824010849,
        "mean": 8.61153888702,
        "median": 7.62537145615,
        "min": 2.24945306778,
        "var": 16.6012115479
    },
    "erbbands_flatness_db": {
        "dmean": 0.0167170278728,
        "dmean2": 0.024051560089,
        "dvar": 0.000248628261033,
        "dvar2": 0.000469936116133,
        "max": 0.353304445744,
        "mean": 0.191455423832,
        "median": 0.191754281521,
        "min": 0.0621918030083,
        "var": 0.0018390561454
    },
    "erbbands_kurtosis": {
        "dmean": 0.862178206444,
        "dmean2": 1.3436126709,
        "dvar": 1.18929815292,
        "dvar2": 2.74712085724,
        "max": 23.6968250275,
        "mean": 0.506312668324,
        "median": -0.059966802597,
        "min": -1.7486218214,
        "var": 3.7882027626
    },
    "erbbands_skewness": {
        "dmean": 0.335608363152,
        "dmean2": 0.501789033413,
        "dvar": 0.0878440514207,
        "dvar2": 0.191063001752,
        "max": 3.20734548569,
        "mean": 0.0797194615006,
        "median": 0.150272786617,
        "min": -3.57299685478,
        "var": 0.575727105141
    },
    "erbbands_spread": {
        "dmean": 6.85468101501,
        "dmean2": 10.2552614212,
        "dvar": 58.0262184143,
        "dvar2": 114.961662292,
        "max": 142.710876465,
        "mean": 31.9849586487,
        "median": 27.8339633942,
        "min": 2.76437234879,
        "var": 303.291412354
    },
    "hfc": {
        "dmean": 8.58621883392,
        "dmean2": 12.4038324356,
        "dvar": 142.148071289,
        "dvar2": 292.22543335,
        "max": 362.651000977,
        "mean": 27.8839626312,
        "median": 23.5276699066,
        "min": 1.2045046738e-16,
        "var": 423.972076416
    },
    "melbands_crest": {
        "dmean": 2.992177248,
        "dmean2": 4.88299608231,
        "dvar": 7.49731874466,
        "dvar2": 18.4436779022,
        "max": 30.9290561676,
        "mean": 10.7215194702,
        "median": 9.85292053223,
        "min": 1.95456421375,
        "var": 19.1855964661
    },
    "melbands_flatness_db": {
        "dmean": 0.0209872517735,
        "dmean2": 0.0304226521403,
        "dvar": 0.000422924320446,
        "dvar2": 0.000833597208839,
        "max": 0.456247329712,
        "mean": 0.134928897023,
        "median": 0.129919439554,
        "min": 0.00771792512387,
        "var": 0.00190807064064
    },
    "melbands_kurtosis": {
        "dmean": 3.07311463356,
        "dmean2": 4.54955911636,
        "dvar": 111.777442932,
        "dvar2": 182.800079346,
        "max": 631.408996582,
        "mean": 4.83336400986,
        "median": 1.97518348694,
        "min": -1.78818261623,
        "var": 263.106689453
    },
    "melbands_skewness": {
        "dmean": 0.525774598122,
        "dmean2": 0.78086990118,
        "dvar": 0.371213257313,
        "dvar2": 0.672559797764,
        "max": 18.9396724701,
        "mean": 1.45298838615,
        "median": 1.23077046871,
        "min": -2.58150100708,
        "var": 1.77879858017
    },
    "melbands_spread": {
        "dmean": 9.00361919403,
        "dmean2": 13.6066503525,
        "dvar": 104.728385925,
        "dvar2": 222.329986572,
        "max": 179.802459717,
        "mean": 36.9866065979,
        "median": 33.8664970398,
        "min": 0.694847822189,
        "var": 366.444335938
    },
    "pitch_salience": {
        "dmean": 0.067896656692,
        "dmean2": 0.107384994626,
        "dvar": 0.00386938615702,
        "dvar2": 0.00859660468996,
        "max": 0.908681154251,
        "mean": 0.615179955959,
        "median": 0.629089772701,
        "min": 0.0757799819112,
        "var": 0.0114829335362
    },
    "silence_rate_20dB": {
        "dmean": 0,
        "dmean2": 0,
        "dvar": 0,
        "dvar2": 0,
        "max": 1,
        "mean": 1,
        "median": 1,
        "min": 1,
        "var": 0
    },
    "silence_rate_30dB": {
        "dmean": 0.000749250757508,
        "dmean2": 0.00149868859444,
        "dvar": 0.000748675083742,
        "dvar2": 0.00199594767764,
        "max": 1,
        "mean": 0.999500572681,
        "median": 1,
        "min": 0,
        "var": 0.000499178131577
    },
    "silence_rate_60dB": {
        "dmean": 0.0162337664515,
        "dmean2": 0.0324715860188,
        "dvar": 0.0159723758698,
        "dvar2": 0.0379124730825,
        "max": 1,
        "mean": 0.0397053323686,
        "median": 0,
        "min": 0,
        "var": 0.0381296686828
    },
    "spectral_centroid": {
        "dmean": 254.016815186,
        "dmean2": 377.021789551,
        "dvar": 73334.3359375,
        "dvar2": 139290.328125,
        "max": 10932.3916016,
        "mean": 1947.35644531,
        "median": 1945.71166992,
        "min": 366.530761719,
        "var": 315904.21875
    },
    "spectral_complexity": {
        "dmean": 4.82242774963,
        "dmean2": 7.07106304169,
        "dvar": 23.9793052673,
        "dvar2": 45.643535614,
        "max": 60,
        "mean": 25.9955043793,
        "median": 26,
        "min": 0,
        "var": 110.23690033
    },
    "spectral_decrease": {
        "dmean": 1.42144473969e-09,
        "dmean2": 2.16716733448e-09,
        "dvar": 3.5547809719e-18,
        "dvar2": 7.33112806113e-18,
        "max": 5.85619323749e-29,
        "mean": -4.92725416024e-09,
        "median": -4.49251702506e-09,
        "min": -3.48360487124e-08,
        "var": 9.37372319801e-18
    },
    "spectral_energy": {
        "dmean": 0.00594586646184,
        "dmean2": 0.0090309092775,
        "dvar": 6.04456181463e-05,
        "dvar2": 0.000124948885059,
        "max": 0.132794320583,
        "mean": 0.0211257785559,
        "median": 0.0194628722966,
        "min": 1.07041896857e-20,
        "var": 0.000160785770277
    },
    "spectral_energyband_high": {
        "dmean": 0.000615609285887,
        "dmean2": 0.000897128891665,
        "dvar": 1.71378110281e-06,
        "dvar2": 3.5029152059e-06,
        "max": 0.0564388856292,
        "mean": 0.00127122562844,
        "median": 0.000677177740727,
        "min": 8.16994981909e-21,
        "var": 4.0397394514e-06
    },
    "spectral_energyband_low": {
        "dmean": 0.00215514842421,
        "dmean2": 0.00310826604255,
        "dvar": 2.39216369664e-05,
        "dvar2": 4.04605452786e-05,
        "max": 0.12790364027,
        "mean": 0.00420139171183,
        "median": 0.00103810918517,
        "min": 3.78406920577e-23,
        "var": 6.37110715616e-05
    },
    "spectral_energyband_middle_high": {
        "dmean": 0.00322355167009,
        "dmean2": 0.00483419233933,
        "dvar": 2.08833116631e-05,
        "dvar2": 4.66801211587e-05,
        "max": 0.0977590233088,
        "mean": 0.00978871993721,
        "median": 0.00758991856128,
        "min": 1.27997455427e-21,
        "var": 6.83037796989e-05
    },
    "spectral_energyband_middle_low": {
        "dmean": 0.00277095823549,
        "dmean2": 0.00449989177287,
        "dvar": 1.85234312085e-05,
        "dvar2": 4.77629982925e-05,
        "max": 0.0612745694816,
        "mean": 0.0063538136892,
        "median": 0.00501985521987,
        "min": 3.0458050817e-22,
        "var": 2.81310731225e-05
    },
    "spectral_entropy": {
        "dmean": 0.116804279387,
        "dmean2": 0.165996775031,
        "dvar": 0.0129913873971,
        "dvar2": 0.0250338483602,
        "max": 9.81407737732,
        "mean": 7.79962396622,
        "median": 7.78324222565,
        "min": 6.7760925293,
        "var": 0.0694227814674
    },
    "spectral_flux": {
        "dmean": 0.0215587578714,
        "dmean2": 0.0334446392953,
        "dvar": 0.00057490542531,
        "dvar2": 0.00122386612929,
        "max": 0.305787622929,
        "mean": 0.087522931397,
        "median": 0.0812233909965,
        "min": 1.03461052225e-10,
        "var": 0.00140331697185
    },
    "spectral_kurtosis": {
        "dmean": 1.33627903461,
        "dmean2": 2.27259731293,
        "dvar": 1.76851546764,
        "dvar2": 5.08397006989,
        "max": 22.0980510712,
        "mean": 3.16349864006,
        "median": 2.87808799744,
        "min": -1.26179540157,
        "var": 4.11199522018
    },
    "spectral_rms": {
        "dmean": 0.000630824419204,
        "dmean2": 0.000932435330469,
        "dvar": 5.22665402514e-07,
        "dvar2": 9.65431127042e-07,
        "max": 0.0113822426647,
        "mean": 0.00432175118476,
        "median": 0.00435754144564,
        "min": 3.23158036789e-12,
        "var": 1.93296909856e-06
    },
    "spectral_rolloff": {
        "dmean": 578.906616211,
        "dmean2": 912.384033203,
        "dvar": 770910.3125,
        "dvar2": 1482339.375,
        "max": 18604.6875,
        "mean": 2371.62084961,
        "median": 2131.78710938,
        "min": 86.1328125,
        "var": 2116604.75
    },
    "spectral_skewness": {
        "dmean": 0.186744570732,
        "dmean2": 0.305498331785,
        "dvar": 0.0280037783086,
        "dvar2": 0.0708544626832,
        "max": 2.56680107117,
        "mean": 1.19785952568,
        "median": 1.20389449596,
        "min": -0.497034400702,
        "var": 0.0935878902674
    },
    "spectral_spread": {
        "dmean": 421622.375,
        "dmean2": 582509.875,
        "dvar": 376481742848,
        "dvar2": 513047232512,
        "max": 39948376,
        "mean": 3944720.5,
        "median": 3600666.25,
        "min": 1465776.25,
        "var": 1.80657677926e+12
    },
    "spectral_strongpeak": {
        "dmean": 0.866582751274,
        "dmean2": 1.45004582405,
        "dvar": 1.63637661934,
        "dvar2": 4.10130167007,
        "max": 18.8045043945,
        "mean": 1.46714675426,
        "median": 0.717092096806,
        "min": 0,
        "var": 3.3141207695
    },
    "zerocrossingrate": {
        "dmean": 0.0108667574823,
        "dmean2": 0.0122050801292,
        "dvar": 0.000174739732756,
        "dvar2": 0.000192823194084,
        "max": 0.64306640625,
        "mean": 0.0829312354326,
        "median": 0.078125,
        "min": 0.0078125,
        "var": 0.00120957533363
    },
    "barkbands": {
        "dmean": [2.4323730031e-05, 0.00164683558978, 0.000867637689225, 0.00056126707932, 0.00102950015571, 0.000785537413321, 0.000447465950856, 0.000421177101089, 0.00078333314741, 0.000869285024237, 0.000902708037756, 0.000602240266744, 0.000659520737827, 0.000546333845705, 0.000679751799908, 0.000546193274204, 0.000428378203651, 0.000412666995544, 0.000264452188276, 0.000301370659145, 0.000147515485878, 0.000129800624563, 0.000136897317134, 0.000105525570689, 4.59563052573e-05, 1.04500237796e-07, 8.87026896379e-10],
        "dmean2": [4.11163018725e-05, 0.00231792824343, 0.00139223551378, 0.000991588342004, 0.00175487063825, 0.00127834803425, 0.000729718594812, 0.000679488060996, 0.00125782401301, 0.00140424666461, 0.00148155004717, 0.000961408484727, 0.00105541362427, 0.000872153730597, 0.00106687506195, 0.000842435634695, 0.00066987919854, 0.000650114554446, 0.00042082183063, 0.000463072501589, 0.000229455865338, 0.000194757798454, 0.000204345400562, 0.000157203889103, 6.80295197526e-05, 1.76573152544e-07, 1.63539082276e-09],
        "dvar": [2.32547558987e-09, 1.76314188138e-05, 7.77067270974e-06, 2.36323285208e-06, 4.83593885292e-06, 1.90181640392e-06, 8.0728938201e-07, 5.84827489547e-07, 2.11359724744e-06, 2.33355717683e-06, 4.26886617788e-06, 1.50416155975e-06, 2.10158600567e-06, 1.54373515215e-06, 2.09141967389e-06, 1.88066610463e-06, 1.17278148082e-06, 4.94418657127e-07, 1.68226947039e-07, 2.09678191254e-07, 1.83660702646e-07, 1.52156999889e-07, 1.26646582999e-07, 8.82432971139e-08, 1.96576728229e-08, 1.40765911839e-13, 2.17398781411e-18],
        "dvar2": [6.21194029549e-09, 2.77979743259e-05, 1.82732837857e-05, 6.63833861836e-06, 1.34165056807e-05, 4.79998061564e-06, 2.06067193176e-06, 1.40594534059e-06, 4.88954856337e-06, 5.85883890381e-06, 1.09081220216e-05, 3.43705914929e-06, 5.10410836796e-06, 3.61268575944e-06, 4.87943998451e-06, 4.18118497691e-06, 2.77493813883e-06, 1.15812144941e-06, 3.98691867076e-07, 4.65865184651e-07, 4.4700996682e-07, 2.85743880113e-07, 2.77332588894e-07, 1.94627475025e-07, 4.44319958604e-08, 3.86008797626e-13, 6.25769619381e-18],
        "max": [0.000871509255376, 0.118289031088, 0.0599959082901, 0.0244630444795, 0.0287014711648, 0.0287585742772, 0.0188802536577, 0.0202911924571, 0.037632919848, 0.0279360767454, 0.0398374609649, 0.0268678851426, 0.0350292921066, 0.0235212761909, 0.0231628529727, 0.0241994392127, 0.0278442502022, 0.0131046390161, 0.0119196996093, 0.00989975221455, 0.0194584652781, 0.0231316518039, 0.01125845965, 0.00847302563488, 0.00348317134194, 9.1844212875e-06, 6.57178134134e-08],
        "mean": [3.08013550239e-05, 0.00288550485857, 0.00099394726567, 0.000589281436987, 0.0014350276906, 0.00131112476811, 0.000680613622535, 0.000670775945764, 0.00131952401716, 0.00138392182998, 0.00137169798836, 0.00098277151119, 0.00101220945362, 0.000817569496576, 0.00110698596109, 0.000899255101103, 0.000786140968557, 0.000767985882703, 0.000517143402249, 0.00061481713783, 0.000246049428824, 0.000201814022148, 0.000247129006311, 0.000183131545782, 7.04562771716e-05, 9.76292326982e-08, 7.3482531171e-10],
        "median": [7.08849347575e-06, 0.000393057591282, 0.000201130649657, 0.000160883922945, 0.000752750784159, 0.000692172150593, 0.000345818203641, 0.000337096047588, 0.000718475726899, 0.000650587491691, 0.000533204060048, 0.000433666165918, 0.000390306347981, 0.00027405336732, 0.000390770816011, 0.000274726102361, 0.000276242761174, 0.000445546815172, 0.000355756026693, 0.000373541726731, 0.000110820619739, 6.49729554425e-05, 9.80206750683e-05, 5.36203187949e-05, 1.43715733429e-05, 1.1087085916e-08, 3.05089092878e-10],
        "min": [3.61144427272e-24, 3.26562634787e-23, 3.40950219187e-24, 2.9547562233e-24, 6.79976643284e-23, 2.11943227851e-23, 3.37949715736e-23, 1.08908104469e-22, 4.58207111562e-23, 5.3154665795e-23, 5.17348013626e-23, 7.62810887973e-23, 2.94350225474e-23, 8.93064697635e-23, 1.06786434666e-22, 1.04559385667e-22, 1.57301944214e-22, 3.35725923155e-22, 1.80228842205e-22, 2.74750862688e-22, 4.74929101041e-22, 4.28320926841e-22, 6.30504689428e-22, 1.22033030846e-21, 1.31626952703e-21, 1.69599955036e-21, 2.48776124228e-21],
        "var": [3.87830345616e-09, 3.97293260903e-05, 7.90836929809e-06, 1.92938227883e-06, 4.72398778584e-06, 3.72304089069e-06, 1.25615474644e-06, 1.05342041934e-06, 4.06452954849e-06, 4.56563975604e-06, 6.64401522954e-06, 3.1433391996e-06, 3.57522981176e-06, 2.67314271696e-06, 4.25569260187e-06, 4.20153446612e-06, 3.1562467484e-06, 1.04078537788e-06, 3.25366102061e-07, 5.26050541794e-07, 2.44803658234e-07, 3.07819334466e-07, 2.67225601647e-07, 2.02233039204e-07, 3.72786637115e-08, 1.24639732671e-13, 1.79477637486e-18]
    },
    "erbbands": {
        "dmean": [0.0294778756797, 0.432350486517, 0.937254965305, 1.45331823826, 2.07011580467, 4.17531871796, 6.7549905777, 5.83774709702, 5.64824056625, 7.00593566895, 11.4208593369, 15.6283102036, 23.8196811676, 32.8483047485, 26.1065750122, 23.37541008, 27.2125911713, 25.9125576019, 29.6558742523, 30.6587734222, 27.972869873, 21.2996921539, 21.7781791687, 15.3181772232, 12.6507501602, 15.0125675201, 7.72409343719, 5.15554523468, 4.55179262161, 4.6006770134, 3.94041633606, 2.69405555725, 1.50704944134, 0.703302323818, 0.23663303256, 0.0148934749886, 0.000404969323426, 3.20410035783e-05, 7.95219511929e-06, 8.28844986245e-06],
        "dmean2": [0.0422147959471, 0.605789721012, 1.38722801208, 2.53595852852, 3.58267807961, 7.18296575546, 10.9732093811, 9.54499721527, 9.2221031189, 11.4788694382, 18.1158294678, 25.3646659851, 38.8186607361, 53.1715507507, 42.0911865234, 36.969833374, 43.4620132446, 40.6958999634, 45.897026062, 47.162361145, 42.1716308594, 32.4448699951, 33.9203491211, 23.7987232208, 19.7725639343, 23.1031341553, 12.0764846802, 7.80960941315, 6.74427700043, 6.99928617477, 5.92493677139, 4.01097249985, 2.27998495102, 1.04757297039, 0.355454444885, 0.0230101887137, 0.000611091556493, 4.67740355816e-05, 1.14956128527e-05, 1.24053667605e-05],
        "dvar": [0.00497754989192, 1.23155534267, 6.72254943848, 18.4371452332, 30.1888542175, 80.6908798218, 158.253952026, 121.368247986, 140.17199707, 243.335891724, 394.519073486, 1077.99511719, 1845.99475098, 3242.43798828, 3706.54516602, 2031.28515625, 3762.24658203, 3112.41308594, 4058.08251953, 4906.23242188, 5488.82666016, 2099.22314453, 1541.28063965, 629.739074707, 400.324584961, 614.251037598, 283.302276611, 263.286437988, 232.889877319, 147.889251709, 107.101150513, 58.098526001, 17.2161483765, 4.88790607452, 0.517045259476, 0.00213061855175, 1.47379125792e-06, 7.86729703606e-09, 2.35567287898e-10, 1.19437487678e-10],
        "dvar2": [0.00938800163567, 1.93702840805, 13.6446199417, 51.1214752197, 82.523475647, 224.217102051, 419.389831543, 299.253417969, 354.267791748, 611.754333496, 943.176086426, 2452.36157227, 4677.64990234, 8135.67919922, 9181.27148438, 4403.22070312, 9093.45117188, 6949.24902344, 9306.62011719, 11462.2548828, 11322.6728516, 4544.51513672, 3608.21630859, 1431.5526123, 937.015808105, 1349.79858398, 668.230285645, 626.816223145, 444.956420898, 335.256958008, 234.389282227, 125.935119629, 38.9971351624, 11.1017026901, 1.23125505447, 0.0052906894125, 3.5597643091e-06, 1.82699775308e-08, 5.22349719034e-10, 2.49269743735e-10],
        "max": [1.93250322342, 31.3061752319, 68.9320907593, 87.7803497314, 76.2530212402, 148.172805786, 285.131347656, 337.87789917, 353.506866455, 408.766174316, 499.328704834, 1179.21520996, 917.678894043, 839.729858398, 1197.13366699, 970.328430176, 1478.23669434, 1409.20300293, 1396.85571289, 1558.19897461, 1448.15441895, 1214.33557129, 868.471618652, 655.589111328, 820.890625, 594.998596191, 561.373901367, 777.34161377, 990.492919922, 387.603210449, 354.660217285, 234.053344727, 117.11504364, 59.905582428, 16.8153114319, 1.41921031475, 0.0348718203604, 0.00230765412562, 0.000376756041078, 0.000220491856453],
        "mean": [0.0521046929061, 0.743258476257, 1.34503650665, 1.62196886539, 2.48874020576, 5.43910551071, 10.6592445374, 9.42155647278, 8.8850069046, 10.9744319916, 19.7958889008, 26.364276886, 40.2917404175, 58.1930427551, 42.2127227783, 40.8683204651, 45.6478042603, 45.0485229492, 50.5176124573, 52.7454490662, 52.5962600708, 44.7350654602, 43.0741882324, 30.9575538635, 26.4427604675, 29.8532371521, 14.5249738693, 8.39530944824, 7.10574293137, 7.23595762253, 7.0407910347, 4.75231933594, 2.51938962936, 1.08741104603, 0.34794574976, 0.0205904077739, 0.000613041454926, 5.61698398087e-05, 2.21035497816e-05, 2.93098637485e-05],
        "median": [0.00624130945653, 0.107482425869, 0.305805116892, 0.533061563969, 0.919766128063, 2.83048248291, 5.29499006271, 5.0090265274, 4.74709224701, 6.00074958801, 10.4279813766, 14.756272316, 20.8956394196, 28.0300579071, 19.856754303, 19.0998268127, 19.2842445374, 18.5987682343, 18.975725174, 22.1795578003, 15.8808059692, 17.2166233063, 24.7327728271, 19.4224967957, 19.1148395538, 17.6128311157, 8.19425964355, 3.47568058968, 2.32477259636, 2.34307980537, 2.85759425163, 1.54270148277, 0.675603091717, 0.238861501217, 0.0617996230721, 0.00343372952193, 0.000130265805637, 1.85183143913e-05, 1.6556972696e-05, 2.6893496397e-05],
        "min": [8.37444033718e-22, 7.33693774477e-21, 7.25843555814e-21, 7.44077718442e-21, 4.49999501043e-20, 3.28359373718e-19, 2.08828556954e-19, 2.40139010425e-19, 1.84774868524e-19, 1.633920248e-18, 2.10600101238e-18, 9.95270020276e-19, 2.08511015242e-18, 1.75164304182e-18, 2.24845185362e-18, 2.80927410508e-18, 1.73699263919e-18, 4.86967844055e-18, 5.01271492566e-18, 6.51216548796e-18, 4.55264492718e-18, 9.55070758906e-18, 1.52078065517e-17, 1.65179316018e-17, 7.73705205749e-18, 1.22618383688e-17, 2.15332699307e-17, 1.54704446679e-17, 1.401849123e-17, 2.29272578601e-17, 1.65440440393e-17, 2.03686509135e-17, 2.1063143484e-17, 1.29166254427e-17, 1.0156155821e-17, 5.65654764672e-18, 2.93521959117e-18, 1.53889404942e-18, 3.37316214638e-19, 3.7356739852e-20],
        "var": [0.0106544615701, 2.77764391899, 10.5335531235, 14.043255806, 25.9481735229, 75.3679656982, 254.578994751, 228.509292603, 253.345672607, 335.419006348, 804.271057129, 1913.57507324, 3456.1418457, 7853.68359375, 5514.55078125, 4745.44042969, 6598.42626953, 6898.85351562, 8594.5078125, 9513.64160156, 14889.9990234, 8497.31933594, 3473.36279297, 1363.88879395, 771.967285156, 1432.69311523, 476.21484375, 352.682617188, 447.377258301, 271.793945312, 224.637710571, 137.926040649, 36.4725189209, 9.12284183502, 0.866641163826, 0.00309755979106, 2.3992381557e-06, 1.48465959526e-08, 5.37501709807e-10, 3.21089904665e-10]
    },
    "gfcc": {
        "mean": [-1.23516273499, 94.3231735229, -170.15234375, 46.1901779175, -77.7625961304, 22.0680408478, -38.8586540222, 8.22029685974, -18.5261135101, -12.5727729797, 1.21628284454, -13.5719194412, 5.97905397415],
        "cov": [[2762.89013672, -437.618652344, 166.299041748, 255.289230347, -60.8042945862, 195.420532227, -136.685791016, 87.3029785156, -112.561073303, 55.9841651917, -81.8182296753, 32.2063598633, -53.1887702942], [-437.618652344, 865.758178711, 144.364532471, 99.7019042969, 220.011016846, -96.1098327637, 153.149337769, -34.9614181519, 74.0997619629, -43.2781410217, 88.8079452515, -42.6436691284, 32.1575164795], [166.299041748, 144.364532471, 920.884460449, 396.859771729, 17.8565616608, 194.760772705, -18.0186290741, 97.7993621826, 4.28286409378, 77.677772522, -32.981010437, 86.1527709961, -23.169380188], [255.289230347, 99.7019042969, 396.859771729, 402.78805542, 150.809616089, 66.0760421753, 9.9000415802, 58.2887306213, 65.5727005005, 43.8710861206, 11.437125206, 39.9694786072, 14.3084363937], [-60.8042945862, 220.011016846, 17.8565616608, 150.809616089, 299.0887146, 35.0498008728, 51.9121017456, 38.6526603699, 54.6674766541, 0.339834272861, 36.8018226624, -10.7248306274, 32.0583114624], [195.420532227, -96.1098327637, 194.760772705, 66.0760421753, 35.0498008728, 294.560241699, 95.2316436768, 26.4260845184, -20.0768547058, 32.8369674683, -14.0613603592, 17.5852890015, -34.3427085876], [-136.685791016, 153.149337769, -18.0186290741, 9.9000415802, 51.9121017456, 95.2316436768, 194.750839233, 10.7121725082, 24.4074897766, -1.59539341927, 32.0894699097, -23.2271194458, -6.93469619751], [87.3029785156, -34.9614181519, 97.7993621826, 58.2887306213, 38.6526603699, 26.4260845184, 10.7121725082, 138.256118774, 47.335067749, 12.1812381744, -17.5171737671, 5.47263288498, -0.387498795986], [-112.561073303, 74.0997619629, 4.28286409378, 65.5727005005, 54.6674766541, -20.0768547058, 24.4074897766, 47.335067749, 122.253097534, 12.7086076736, 11.7874088287, -1.66037130356, 16.6037807465], [55.9841651917, -43.2781410217, 77.677772522, 43.8710861206, 0.339834272861, 32.8369674683, -1.59539341927, 12.1812381744, 12.7086076736, 77.6641235352, 19.1775951385, 11.5712795258, -7.53746891022], [-81.8182296753, 88.8079452515, -32.981010437, 11.437125206, 36.8018226624, -14.0613603592, 32.0894699097, -17.5171737671, 11.7874088287, 19.1775951385, 104.787780762, 10.2972984314, 9.72505569458], [32.2063598633, -42.6436691284, 86.1527709961, 39.9694786072, -10.7248306274, 17.5852890015, -23.2271194458, 5.47263288498, -1.66037130356, 11.5712795258, 10.2972984314, 72.9599685669, 27.4480342865], [-53.1887702942, 32.1575164795, -23.169380188, 14.3084363937, 32.0583114624, -34.3427085876, -6.93469619751, -0.387498795986, 16.6037807465, -7.53746891022, 9.72505569458, 27.4480342865, 70.4076766968]],
        "icov": [[0.000611668103375, -0.000397915748181, 0.000921844504774, -0.00138521671761, 0.000881890999153, -0.00103473092895, 0.00103304535151, -0.00100090820342, 0.00114077073522, -0.000433471024735, 0.000270072865533, -2.04909592867e-05, 7.3925126344e-05], [-0.000397915748181, 0.00447197211906, -0.00399638945237, 0.0035239639692, -0.00429119030014, 0.00455183442682, -0.00473404349759, 0.00379342702217, -0.002743616933, 0.00281288824044, -0.00191715336405, 0.00188317184802, -0.000166820915183], [0.000921844504774, -0.00399638945237, 0.00704597681761, -0.00719125336036, 0.00549891917035, -0.00576768955216, 0.00517851021141, -0.00519874459133, 0.00441791815683, -0.00329915108159, 0.00225959555246, -0.0029186939355, 0.000896795769222], [-0.00138521671761, 0.0035239639692, -0.00719125336036, 0.0116977645084, -0.00747693516314, 0.00553945079446, -0.00494148023427, 0.00511586433277, -0.00621128175408, 0.00170353869908, -0.00150229537394, 0.000146597303683, 4.56783491245e-05], [0.000881890999153, -0.00429119030014, 0.00549891917035, -0.00747693516314, 0.0104601364583, -0.00637007085606, 0.00515725277364, -0.00549770053476, 0.00318766082637, -0.00165352248587, -6.92740213708e-05, 0.0012463463936, -0.00284205237404], [-0.00103473092895, 0.00455183442682, -0.00576768955216, 0.00553945079446, -0.00637007085606, 0.0116528915241, -0.00920065771788, 0.00458597624674, -0.00220173713751, 0.00092304154532, 0.000246934039751, -0.00147687410936, 0.00297869276255], [0.00103304535151, -0.00473404349759, 0.00517851021141, -0.00494148023427, 0.00515725277364, -0.00920065771788, 0.0138405328616, -0.00501973787323, 0.00207333243452, -0.00126036128495, -0.00123086420354, 0.0019482873613, -0.00106289377436], [-0.00100090820342, 0.00379342702217, -0.00519874459133, 0.00511586433277, -0.00549770053476, 0.00458597624674, -0.00501973787323, 0.0137330908328, -0.00722668366507, 0.00199995026924, 0.000508599274326, 0.000644719460979, 0.000678895507008], [0.00114077073522, -0.002743616933, 0.00441791815683, -0.00621128175408, 0.00318766082637, -0.00220173713751, 0.00207333243452, -0.00722668366507, 0.0151835028082, -0.00406957278028, 0.00124140863772, -0.000302211061353, -0.00159988668747], [-0.000433471024735, 0.00281288824044, -0.00329915108159, 0.00170353869908, -0.00165352248587, 0.00092304154532, -0.00126036128495, 0.00199995026924, -0.00406957278028, 0.0184068419039, -0.00566189922392, 0.00106270785909, 0.00134392199107], [0.000270072865533, -0.00191715336405, 0.00225959555246, -0.00150229537394, -6.92740213708e-05, 0.000246934039751, -0.00123086420354, 0.000508599274326, 0.00124140863772, -0.00566189922392, 0.0140519673005, -0.00514063611627, 0.00132631836459], [-2.04909592867e-05, 0.00188317184802, -0.0029186939355, 0.000146597303683, 0.0012463463936, -0.00147687410936, 0.0019482873613, 0.000644719460979, -0.000302211061353, 0.00106270785909, -0.00514063611627, 0.0241631958634, -0.0114830695093], [7.3925126344e-05, -0.000166820915183, 0.000896795769222, 4.56783491245e-05, -0.00284205237404, 0.00297869276255, -0.00106289377436, 0.000678895507008, -0.00159988668747, 0.00134392199107, 0.00132631836459, -0.0114830695093, 0.0220814589411]]
    },
    "melbands": {
        "dmean": [0.000376019743271, 0.000492126506288, 0.000271366501693, 0.000209365825867, 0.000222237591515, 0.000132987246616, 8.72576783877e-05, 7.55481087253e-05, 0.000102691970824, 0.000106773622974, 0.000123615725897, 0.000134571469971, 0.000105605402496, 6.85114937369e-05, 6.79750810377e-05, 6.34561438346e-05, 5.00962923979e-05, 4.90256788908e-05, 5.43160131201e-05, 3.72172835341e-05, 3.60463454854e-05, 2.60118231381e-05, 2.21976588364e-05, 2.06483946386e-05, 1.30386797537e-05, 1.03224956547e-05, 1.02813955891e-05, 1.08839212771e-05, 5.97499411015e-06, 3.46464776158e-06, 3.02761736748e-06, 2.58891691374e-06, 2.76367040897e-06, 2.64704863184e-06, 2.50499851973e-06, 2.00293698072e-06, 1.63030745171e-06, 1.22734434171e-06, 7.49541186451e-07, 5.69045141674e-07],
        "dmean2": [0.000523602298927, 0.000687315070536, 0.000471370789455, 0.000359815894626, 0.000363743165508, 0.00021687784465, 0.000142495933687, 0.000123270001495, 0.000162768832524, 0.000172854415723, 0.000201540693524, 0.000217249922571, 0.000171923224116, 0.000108800348244, 0.000107592451968, 0.00010165511776, 7.84261064837e-05, 7.71632985561e-05, 8.46114708111e-05, 5.75940721319e-05, 5.45656948816e-05, 4.00449571316e-05, 3.50378868461e-05, 3.22634223267e-05, 2.05373617064e-05, 1.65916299011e-05, 1.60353065439e-05, 1.70462935785e-05, 9.51410675043e-06, 5.55839505978e-06, 4.64619643026e-06, 3.92147967432e-06, 4.30034378951e-06, 4.09657377531e-06, 3.83493170375e-06, 3.00908686768e-06, 2.4819621558e-06, 1.89424918062e-06, 1.14719762223e-06, 8.59435431266e-07],
        "dvar": [8.64897742758e-07, 1.42636076816e-06, 5.76533864205e-07, 2.15066762621e-07, 1.68907590137e-07, 5.75975853678e-08, 3.04324281331e-08, 2.5317383745e-08, 3.23828963644e-08, 4.66369556307e-08, 4.93794125589e-08, 5.22861398622e-08, 6.53590177535e-08, 2.20820641772e-08, 2.61046064765e-08, 1.77023427028e-08, 1.3385436759e-08, 1.26147874369e-08, 1.49094834256e-08, 7.74743202925e-09, 1.11039470951e-08, 3.86378662398e-09, 2.13775441793e-09, 1.34603128643e-09, 5.01335972736e-10, 2.93318730415e-10, 2.56933169185e-10, 3.47927603395e-10, 1.31500685341e-10, 1.53674892256e-10, 7.64677973719e-11, 7.90185902821e-11, 6.62803492646e-11, 4.87501740365e-11, 4.5912579294e-11, 2.62548784796e-11, 2.38642439143e-11, 1.11434464087e-11, 5.31157366354e-12, 3.60058142156e-12],
        "dvar2": [1.42477699683e-06, 2.39806013269e-06, 1.58693023877e-06, 5.96229710936e-07, 4.54662881566e-07, 1.43608261283e-07, 7.73592248038e-08, 6.29709262512e-08, 7.81742244271e-08, 1.06187492577e-07, 1.25657138028e-07, 1.30521101482e-07, 1.686718889e-07, 5.41366347306e-08, 5.83751464944e-08, 4.25962056738e-08, 2.99990858821e-08, 2.95313551391e-08, 3.52029800865e-08, 1.72901923889e-08, 2.18945519492e-08, 8.57065973747e-09, 5.06936181921e-09, 3.06219583024e-09, 1.17025189539e-09, 7.08490099921e-10, 5.97054017337e-10, 7.81026021635e-10, 3.09989173219e-10, 3.90934035144e-10, 1.79837048031e-10, 1.59335267202e-10, 1.32710051282e-10, 1.16785123239e-10, 1.07336403654e-10, 5.31845817386e-11, 5.44255959745e-11, 2.61637690679e-11, 1.23332221172e-11, 8.50964264332e-12],
        "max": [0.0257122702897, 0.0298339817673, 0.0139939868823, 0.00551689695567, 0.00932613760233, 0.00667089084163, 0.00450179772452, 0.00440360698849, 0.0046570263803, 0.00743724219501, 0.00478874379769, 0.00327120698057, 0.00533918151632, 0.00316591514274, 0.00435425993055, 0.00243898900226, 0.00294917123392, 0.00241574272513, 0.00241354014724, 0.00239562569186, 0.0021199574694, 0.00178526900709, 0.000943343853578, 0.000843976449687, 0.000603829044849, 0.000665048661176, 0.000274772493867, 0.000386911124224, 0.000250715238508, 0.000569772149902, 0.00039391106111, 0.000578968785703, 0.000418450159486, 0.000232977705309, 0.000227758195251, 0.000187104902579, 0.000157030372065, 0.000108607964648, 7.31111213099e-05, 4.4182252168e-05],
        "mean": [0.00066731980769, 0.00085190217942, 0.000307830137899, 0.000266701186774, 0.000352976552676, 0.000220806556172, 0.000137252514833, 0.00011807311239, 0.000172663436388, 0.000175042383489, 0.000202616793104, 0.000234038991039, 0.000161789095728, 0.000107575688162, 0.000106538624095, 0.000100064826256, 7.94323714217e-05, 7.54795910325e-05, 8.52621524245e-05, 5.89622541156e-05, 6.24217937002e-05, 4.76541063108e-05, 3.9020596887e-05, 3.69134795619e-05, 2.3657172278e-05, 1.91967301362e-05, 1.96997625608e-05, 1.99727892323e-05, 1.04860919237e-05, 5.29123553861e-06, 4.62960815639e-06, 3.91232833863e-06, 3.96539508074e-06, 4.10528036809e-06, 4.22111270382e-06, 3.51057497028e-06, 2.68530220637e-06, 1.94231643036e-06, 1.17136971767e-06, 8.27451174246e-07],
        "median": [8.6620930233e-05, 0.000179467984708, 0.000100429853774, 0.000132307570311, 0.000187851212104, 0.000119286298286, 7.43762138882e-05, 6.63713217364e-05, 8.8453060016e-05, 9.49419481913e-05, 9.82824130915e-05, 0.000110192268039, 6.82792306179e-05, 4.5805118134e-05, 4.3773863581e-05, 3.90928071283e-05, 2.84414472844e-05, 2.38656703004e-05, 2.94000255963e-05, 2.16079843085e-05, 1.61531843332e-05, 1.65860110428e-05, 1.83827269211e-05, 2.08404526347e-05, 1.40813381222e-05, 1.32169452627e-05, 1.2132606571e-05, 1.10503924589e-05, 5.56036684429e-06, 2.1592657049e-06, 1.7800804244e-06, 1.28493456941e-06, 1.154446295e-06, 1.34250569772e-06, 1.7227881699e-06, 1.27258124394e-06, 7.65954382587e-07, 5.00730550357e-07, 2.87987774072e-07, 1.62535712889e-07],
        "min": [8.34913737121e-24, 6.27604167786e-24, 1.55729524338e-24, 1.28925620333e-23, 1.04298432057e-23, 4.78350658999e-24, 3.41191097864e-24, 1.83029393082e-23, 1.72729425569e-23, 5.78531813e-24, 1.01527266249e-23, 6.72660352818e-24, 6.84797766706e-24, 7.38772813133e-24, 6.43704858305e-24, 3.79110655502e-24, 9.45833970168e-24, 7.4495243392e-24, 6.55140659304e-24, 9.79885230028e-24, 4.23122230923e-24, 8.70421786414e-24, 1.31082373937e-23, 1.53050059666e-23, 1.35181665965e-23, 5.66937450959e-24, 6.51811587397e-24, 7.97288069613e-24, 1.35866602334e-23, 1.17588269175e-23, 8.05629958142e-24, 6.40482045963e-24, 1.16866516667e-23, 1.29204474774e-23, 1.00104413611e-23, 7.11570522538e-24, 1.52794279406e-23, 1.59602937879e-23, 1.39367488146e-23, 9.16186447426e-24],
        "var": [1.95015468307e-06, 3.39685948347e-06, 4.5917801117e-07, 1.89690197772e-07, 2.5113411084e-07, 1.11271106107e-07, 5.15198088635e-08, 3.58473428719e-08, 6.48853415441e-08, 8.45739691613e-08, 9.31576025209e-08, 1.271133101e-07, 8.96633025604e-08, 3.9857230405e-08, 4.91184835028e-08, 3.56954608094e-08, 2.64582791232e-08, 2.42963853481e-08, 2.86646244518e-08, 1.64920770374e-08, 2.84801089379e-08, 1.30810580146e-08, 4.51535919765e-09, 2.69302247169e-09, 9.65302615619e-10, 4.99076002747e-10, 5.55064161301e-10, 7.30480453903e-10, 2.45542142174e-10, 1.64086147447e-10, 1.09179339181e-10, 1.39202135929e-10, 1.27448912535e-10, 8.13186254445e-11, 8.13324615989e-11, 6.74475683637e-11, 5.00868686804e-11, 2.19213345393e-11, 9.70662005634e-12, 6.04299162793e-12]
    },
    "mfcc": {
        "mean": [-614.106079102, 97.9900817871, -23.9882164001, 12.5066785812, -5.79310560226, -0.860649526119, 0.539718031883, 7.4489607811, -6.99367141724, 6.03325080872, -7.77255964279, -1.61016249657, -2.34235501289],
        "cov": [[2332.35009766, -517.670959473, 72.894859314, -6.3288526535, 69.9639129639, 39.298286438, 30.1544055939, 1.61677587032, -1.72993779182, -12.1755781174, -9.80096626282, -21.0924415588, -1.21241855621], [-517.670959473, 756.401672363, -61.3467483521, 150.390762329, 32.5083122253, 6.41712713242, 65.139251709, 24.8234386444, 0.0660241618752, 19.712928772, 19.5485610962, 7.82166576385, 6.55954217911], [72.894859314, -61.3467483521, 868.389221191, 190.630905151, 129.789169312, 145.308547974, 45.093044281, 61.1871070862, 66.4117584229, -34.8417472839, 84.8710479736, 44.4905128479, 3.39673089981], [-6.3288526535, 150.390762329, 190.630905151, 387.08203125, 190.497436523, 19.9030838013, -3.70015883446, 24.5595245361, 54.7366752625, 14.3529472351, 4.57900667191, 65.6308517456, 56.5500297546], [69.9639129639, 32.5083122253, 129.789169312, 190.497436523, 281.139038086, 38.6375846863, 17.8561668396, 43.5477180481, 52.2453269958, 24.7949829102, -4.13808917999, 35.7382049561, 46.4737052917], [39.298286438, 6.41712713242, 145.308547974, 19.9030838013, 38.6375846863, 239.11239624, 102.882064819, 49.6373634338, 19.3847846985, 17.2539253235, 43.6090049744, -0.65442866087, -4.81407308578], [30.1544055939, 65.139251709, 45.093044281, -3.70015883446, 17.8561668396, 102.882064819, 171.424438477, 52.6492195129, -0.754772365093, 33.5884895325, 31.032793045, 10.0122556686, -4.84463644028], [1.61677587032, 24.8234386444, 61.1871070862, 24.5595245361, 43.5477180481, 49.6373634338, 52.6492195129, 117.620185852, 57.1457328796, 27.4280033112, 19.7674369812, 10.8543424606, 10.6400661469], [-1.72993779182, 0.0660241618752, 66.4117584229, 54.7366752625, 52.2453269958, 19.3847846985, -0.754772365093, 57.1457328796, 126.62853241, 24.0927391052, 16.2303771973, 13.5803346634, 11.6315927505], [-12.1755781174, 19.712928772, -34.8417472839, 14.3529472351, 24.7949829102, 17.2539253235, 33.5884895325, 27.4280033112, 24.0927391052, 101.86113739, 28.9994049072, 15.6028299332, 2.57266020775], [-9.80096626282, 19.5485610962, 84.8710479736, 4.57900667191, -4.13808917999, 43.6090049744, 31.032793045, 19.7674369812, 16.2303771973, 28.9994049072, 91.2018890381, 19.4247169495, -8.03801727295], [-21.0924415588, 7.82166576385, 44.4905128479, 65.6308517456, 35.7382049561, -0.65442866087, 10.0122556686, 10.8543424606, 13.5803346634, 15.6028299332, 19.4247169495, 79.424156189, 34.1338195801], [-1.21241855621, 6.55954217911, 3.39673089981, 56.5500297546, 46.4737052917, -4.81407308578, -4.84463644028, 10.6400661469, 11.6315927505, 2.57266020775, -8.03801727295, 34.1338195801, 75.0838165283]],
