{
"lowlevel": {
    "average_loudness": 0.931134581566,
    "barkbands_crest": {
        "dmean": 2.38543224335,
        "dmean2": 3.85374426842,
        "dvar": 5.63843488693,
        "dvar2": 13.6422758102,
        "max": 26.5034160614,
        "mean": 11.2645301819,
        "median": 9.81767940521,
        "min": 2.37738513947,
        "var": 28.0814151764
    },
    "barkbands_flatness_db": {
        "dmean": 0.0196960512549,
        "dmean2": 0.0302372910082,
        "dvar": 0.000356090225978,
        "dvar2": 0.000778913788963,
        "max": 0.434111624956,
        "mean": 0.180689781904,
        "median": 0.162931740284,
        "min": 0.0378946065903,
        "var": 0.00413487898186
    },
    "barkbands_kurtosis": {
        "dmean": 4.06254243851,
        "dmean2": 6.4198307991,
        "dvar": 85.0977401733,
        "dvar2": 211.719970703,
        "max": 327.48638916,
        "mean": 8.49508571625,
        "median": 1.98867702484,
        "min": -1.94786226749,
        "var": 325.574768066
    },
    "barkbands_skewness": {
        "dmean": 0.539020061493,
        "dmean2": 0.811208248138,
        "dvar": 0.442864000797,
        "dvar2": 0.952130317688,
        "max": 15.4231557846,
        "mean": 1.91787791252,
        "median": 1.4955933094,
        "min": -3.40629315376,
        "var": 3.02597475052
    },
    "barkbands_spread": {
        "dmean": 4.75255203247,
        "dmean2": 7.06125497818,
        "dvar": 44.0560493469,
        "dvar2": 83.3292160034,
        "max": 105.092086792,
        "mean": 20.7611656189,
        "median": 18.1322917938,
        "min": 0.254054635763,
        "var": 254.456817627
    },
    "dissonance": {
        "dmean": 0.0176765285432,
        "dmean2": 0.0294944792986,
        "dvar": 0.000266439077677,
        "dvar2": 0.000720359443221,
        "max": 0.500000119209,
        "mean": 0.458340376616,
        "median": 0.465366959572,
        "min": 0.320236444473,
        "var": 0.000881215266418
    },
    "dynamic_complexity": 2.09989118576,
    "erbbands_crest": {
        "dmean": 2.6385447979,
        "dmean2": 4.21444892883,
        "dvar": 6.02697229385,
        "dvar2": 14.2328186035,
        "max": 31.1975650787,
        "mean": 10.904176712,
        "median": 9.69613838196,
        "min": 2.0257537365,
        "var": 29.9463634491
    },
    "erbbands_flatness_db": {
        "dmean": 0.0158195588738,
        "dmean2": 0.0224699620157,
        "dvar": 0.000210633399547,
        "dvar2": 0.000399098062189,
        "max": 0.374148964882,
        "mean": 0.19295591116,
        "median": 0.188287645578,
        "min": 0.0756390914321,
        "var": 0.00272475671954
    },
    "erbbands_kurtosis": {
        "dmean": 1.22406446934,
        "dmean2": 1.86835551262,
        "dvar": 5.6128153801,
        "dvar2": 12.328543663,
        "max": 75.6430969238,
        "mean": 1.31303465366,
        "median": -0.0301535129547,
        "min": -1.88274681568,
        "var": 18.9557781219
    },
    "erbbands_skewness": {
        "dmean": 0.379780113697,
        "dmean2": 0.560598552227,
        "dvar": 0.168564066291,
        "dvar2": 0.317119956017,
        "max": 8.04897403717,
        "mean": 0.640697896481,
        "median": 0.535868227482,
        "min": -5.80936288834,
        "var": 1.2970790863
    },
    "erbbands_spread": {
        "dmean": 7.0248875618,
        "dmean2": 10.4537715912,
        "dvar": 67.8912277222,
        "dvar2": 145.730957031,
        "max": 121.407661438,
        "mean": 35.6145858765,
        "median": 32.8765525818,
        "min": 2.66489243507,
        "var": 299.97265625
    },
    "hfc": {
        "dmean": 6.24296522141,
        "dmean2": 8.90149211884,
        "dvar": 110.999320984,
        "dvar2": 200.029953003,
        "max": 329.796508789,
        "mean": 22.0845718384,
        "median": 16.9151535034,
        "min": 1.12285744748e-16,
        "var": 451.158782959
    },
    "melbands_crest": {
        "dmean": 2.94404268265,
        "dmean2": 4.69344472885,
        "dvar": 8.0136089325,
        "dvar2": 19.082151413,
        "max": 34.8409538269,
        "mean": 15.0866308212,
        "median": 13.4347076416,
        "min": 2.18508195877,
        "var": 40.5176963806
    },
    "melbands_flatness_db": {
        "dmean": 0.0233300477266,
        "dmean2": 0.0340579003096,
        "dvar": 0.000569889205508,
        "dvar2": 0.00110823963769,
        "max": 0.497890084982,
        "mean": 0.20753030479,
        "median": 0.190633371472,
        "min": 0.00536639243364,
        "var": 0.00633732415736
    },
    "melbands_kurtosis": {
        "dmean": 7.91920423508,
        "dmean2": 12.3499116898,
        "dvar": 262.660095215,
        "dvar2": 607.275085449,
        "max": 391.750762939,
        "mean": 18.0730781555,
        "median": 8.12332057953,
        "min": -1.90248692036,
        "var": 889.624328613
    },
    "melbands_skewness": {
        "dmean": 0.694175302982,
        "dmean2": 1.04389381409,
        "dvar": 0.695799171925,
        "dvar2": 1.48915612698,
        "max": 16.5407886505,
        "mean": 2.83638143539,
        "median": 2.40479469299,
        "min": -0.950293540955,
        "var": 3.64451336861
    },
    "melbands_spread": {
        "dmean": 6.54597806931,
        "dmean2": 9.63110256195,
        "dvar": 118.883056641,
        "dvar2": 212.666870117,
        "max": 215.605056763,
        "mean": 23.3205375671,
        "median": 18.7303504944,
        "min": 0.447843164206,
        "var": 500.637054443
    },
    "pitch_salience": {
        "dmean": 0.0633412897587,
        "dmean2": 0.101903520525,
        "dvar": 0.00367243448272,
        "dvar2": 0.00859733857214,
        "max": 0.877097845078,
        "mean": 0.526947081089,
        "median": 0.535260021687,
        "min": 0.0579412840307,
        "var": 0.0177608262748
    },
    "silence_rate_20dB": {
        "dmean": 0,
        "dmean2": 0,
        "dvar": 0,
        "dvar2": 0,
        "max": 1,
        "mean": 1,
        "median": 1,
        "min": 1,
        "var": 0
    },
    "silence_rate_30dB": {
        "dmean": 0.00313630886376,
        "dmean2": 0.00627337442711,
        "dvar": 0.00312635116279,
        "dvar2": 0.00792249571532,
        "max": 1,
        "mean": 0.997467160225,
        "median": 1,
        "min": 0,
        "var": 0.00252618757077
    },
    "silence_rate_60dB": {
        "dmean": 0.0130277443677,
        "dmean2": 0.0260586310178,
        "dvar": 0.0128562906757,
        "dvar2": 0.0290055070072,
        "max": 1,
        "mean": 0.0260523464531,
        "median": 0,
        "min": 0,
        "var": 0.0253670923412
    },
    "spectral_centroid": {
        "dmean": 230.471313477,
        "dmean2": 341.632598877,
        "dvar": 103326.671875,
        "dvar2": 175132.96875,
        "max": 11505.2441406,
        "mean": 1326.0838623,
        "median": 1277.91564941,
        "min": 232.834701538,
        "var": 660021.5625
    },
    "spectral_complexity": {
        "dmean": 3.41230392456,
        "dmean2": 5.2549161911,
        "dvar": 14.4117078781,
        "dvar2": 31.0021038055,
        "max": 56,
        "mean": 18.7819328308,
        "median": 18,
        "min": 0,
        "var": 87.3439178467
    },
    "spectral_decrease": {
        "dmean": 1.96531457775e-09,
        "dmean2": 3.0175297816e-09,
        "dvar": 7.3202324381e-18,
        "dvar2": 1.67571952483e-17,
        "max": -3.93195450034e-30,
        "mean": -7.13971992639e-09,
        "median": -6.83465772866e-09,
        "min": -5.56634951465e-08,
        "var": 2.00180868068e-17
    },
    "spectral_energy": {
        "dmean": 0.00777398329228,
        "dmean2": 0.0119231343269,
        "dvar": 0.000108307118353,
        "dvar2": 0.000248089432716,
        "max": 0.214352220297,
        "mean": 0.0289501398802,
        "median": 0.0279886331409,
        "min": 1.01994859196e-20,
        "var": 0.000306919100694
    },
    "spectral_energyband_high": {
        "dmean": 0.000529563520104,
        "dmean2": 0.000721185933799,
        "dvar": 2.24957352657e-06,
        "dvar2": 3.80882465834e-06,
        "max": 0.0497995764017,
        "mean": 0.00115020386875,
        "median": 0.000375810021069,
        "min": 7.36446007939e-21,
        "var": 7.64184642321e-06
    },
    "spectral_energyband_low": {
        "dmean": 0.00358145777136,
        "dmean2": 0.00561474170536,
        "dvar": 7.97868124209e-05,
        "dvar2": 0.000194019390619,
        "max": 0.145373597741,
        "mean": 0.00774665689096,
        "median": 0.00529550667852,
        "min": 5.38711660671e-23,
        "var": 0.000118245159683
    },
    "spectral_energyband_middle_high": {
        "dmean": 0.00147165358067,
        "dmean2": 0.00217108498327,
        "dvar": 5.2723889894e-06,
        "dvar2": 1.04539140011e-05,
        "max": 0.0508680269122,
        "mean": 0.00467109959573,
        "median": 0.00327797723003,
        "min": 1.58488562672e-21,
        "var": 2.64992395387e-05
    },
    "spectral_energyband_middle_low": {
        "dmean": 0.00514462403953,
        "dmean2": 0.00796886533499,
        "dvar": 4.61291310785e-05,
        "dvar2": 9.95715308818e-05,
        "max": 0.169813990593,
        "mean": 0.0161631908268,
        "median": 0.0126755889505,
        "min": 2.72833463683e-22,
        "var": 0.000193279018276
    },
    "spectral_entropy": {
        "dmean": 0.15531770885,
        "dmean2": 0.220453098416,
        "dvar": 0.0267172660679,
        "dvar2": 0.0482865907252,
        "max": 9.78534412384,
        "mean": 7.4336938858,
        "median": 7.56437921524,
        "min": 4.87757301331,
        "var": 0.329291164875
    },
    "spectral_flux": {
        "dmean": 0.0225307326764,
        "dmean2": 0.0352001450956,
        "dvar": 0.000635927834082,
        "dvar2": 0.00138745922595,
        "max": 0.446554273367,
        "mean": 0.07942635566,
        "median": 0.0706878975034,
        "min": 1.00992506025e-10,
        "var": 0.00175023614429
    },
    "spectral_kurtosis": {
        "dmean": 1.80121517181,
        "dmean2": 2.98334860802,
        "dvar": 4.72016525269,
        "dvar2": 13.0757732391,
        "max": 35.5779304504,
        "mean": 4.39839220047,
        "median": 3.29740095139,
        "min": -1.14547753334,
        "var": 15.52942276
    },
    "spectral_rms": {
        "dmean": 0.00069044175325,
        "dmean2": 0.00103950267658,
        "dvar": 5.82832399232e-07,
        "dvar2": 1.24606299323e-06,
        "max": 0.0144611243159,
        "mean": 0.0050529493019,
        "median": 0.00522551266477,
        "min": 3.15447581251e-12,
        "var": 2.71186809186e-06
    },
    "spectral_rolloff": {
        "dmean": 435.717224121,
        "dmean2": 690.449829102,
        "dvar": 679192.1875,
        "dvar2": 1238677.75,
        "max": 18755.4199219,
        "mean": 1479.89038086,
        "median": 968.994140625,
        "min": 64.599609375,
        "var": 2287451.25
    },
    "spectral_skewness": {
        "dmean": 0.235920414329,
        "dmean2": 0.368007540703,
        "dvar": 0.0552527680993,
        "dvar2": 0.127148464322,
        "max": 4.58091688156,
        "mean": 1.47830665112,
        "median": 1.38594031334,
        "min": -0.637617886066,
        "var": 0.372966825962
    },
    "spectral_spread": {
        "dmean": 453007.375,
        "dmean2": 627591.75,
        "dvar": 388380426240,
        "dvar2": 543197265920,
        "max": 38911784,
        "mean": 4176327.25,
        "median": 3936883,
        "min": 1701728.125,
        "var": 1.83206923469e+12
    },
    "spectral_strongpeak": {
        "dmean": 0.510736227036,
        "dmean2": 0.854906320572,
        "dvar": 0.766076028347,
        "dvar2": 1.93998205662,
        "max": 15.4762525558,
        "mean": 1.13434100151,
        "median": 0.856939256191,
        "min": 0,
        "var": 1.3269276619
    },
    "zerocrossingrate": {
        "dmean": 0.00960288383067,
        "dmean2": 0.0105572193861,
        "dvar": 0.000197877423489,
        "dvar2": 0.000187938640011,
        "max": 0.62255859375,
        "mean": 0.0568707771599,
        "median": 0.05029296875,
        "min": 0.0048828125,
        "var": 0.00157011509873
    },
    "barkbands": {
        "dmean": [0.000149586689076, 0.00251835072413, 0.00138202868402, 0.000852870172821, 0.0023558314424, 0.00201902003027, 0.000541533983778, 0.000720867596101, 0.00102865265217, 0.000511686899699, 0.000320327410009, 0.000230064237257, 0.000184492077096, 0.000248042313615, 0.00034379560384, 0.00025593463215, 0.000251210847637, 0.000214634463191, 0.000185368757229, 0.000192303952645, 0.000166093435837, 0.00013151364692, 0.000123695092043, 8.71576412464e-05, 3.96983305109e-05, 1.2431441121e-07, 1.34912481187e-09],
        "dmean2": [0.000233444894548, 0.00406374363229, 0.00236340169795, 0.00141963688657, 0.00370669271797, 0.00307427765802, 0.000842297042254, 0.00112958159298, 0.00160573073663, 0.000792985782027, 0.000484431395307, 0.00037169267307, 0.00030019209953, 0.000396731338697, 0.000545850081835, 0.000408594234614, 0.000403311511036, 0.000341767794453, 0.000287330331048, 0.000298365863273, 0.000256950705079, 0.000192916093511, 0.000174858272658, 0.00012337177759, 5.21631554875e-05, 2.08218963849e-07, 2.50991316619e-09],
        "dvar": [1.6451410545e-07, 5.15910141985e-05, 1.27087887449e-05, 4.47245929536e-06, 2.14796400542e-05, 1.72776690306e-05, 3.57834164788e-06, 2.75616412182e-06, 4.7530052143e-06, 1.50743278482e-06, 8.75281727986e-07, 2.68759634992e-07, 1.45044509736e-07, 3.85743845754e-07, 7.72406679062e-07, 7.75156308919e-07, 5.78228650738e-07, 2.50321676276e-07, 1.97113578793e-07, 2.20898058956e-07, 4.45319273013e-07, 2.58201794168e-07, 2.63387931909e-07, 9.10135256049e-08, 1.3749240857e-08, 1.59067718849e-13, 1.96466301031e-16],
        "dvar2": [3.76124319246e-07, 0.000128724743263, 3.5074641346e-05, 1.12404859465e-05, 4.92439139634e-05, 3.64306688425e-05, 8.6810969151e-06, 6.47999695502e-06, 1.06224915726e-05, 3.09851270686e-06, 1.53591145136e-06, 6.82832819621e-07, 3.3238160313e-07, 9.05169429188e-07, 1.82286055406e-06, 1.87752254988e-06, 1.49181425968e-06, 5.54968892175e-07, 4.06890620752e-07, 4.90241973239e-07, 1.03886850411e-06, 5.23307392086e-07, 5.35513379418e-07, 1.62227962619e-07, 2.2219357021e-08, 4.50003857962e-13, 5.88972342593e-16],
        "max": [0.00932294875383, 0.138745069504, 0.071846678853, 0.0861598402262, 0.125957146287, 0.147336423397, 0.0856146961451, 0.0302060097456, 0.0384812057018, 0.0306008309126, 0.039898045361, 0.0118283974007, 0.00798297021538, 0.0206346195191, 0.0248874090612, 0.0301044490188, 0.0271259732544, 0.014505263418, 0.0114752883092, 0.0106152007356, 0.0286219473928, 0.020570056513, 0.0160651002079, 0.0103197004646, 0.0049651991576, 1.25312981254e-05, 8.99754923012e-07],
        "mean": [0.000215503168874, 0.00493287062272, 0.00193766143639, 0.00131898769177, 0.0056768222712, 0.00471560144797, 0.000935361953452, 0.00122913485393, 0.00198244000785, 0.000868291826919, 0.000545983901247, 0.000375631236238, 0.000292914948659, 0.000435695517808, 0.000560162356123, 0.000430885964306, 0.000473543623229, 0.000376207724912, 0.000344780070009, 0.000352377013769, 0.000273443642072, 0.000229851910262, 0.000208783807466, 0.000166232610354, 7.08356383257e-05, 1.23961299892e-07, 1.06551556467e-09],
        "median": [3.59856894647e-05, 0.00269651296549, 0.000807907897979, 0.000434539339039, 0.00150310387835, 0.00185927690472, 0.000367190426914, 0.000534200749826, 0.0005552272778, 0.000311626761686, 0.000133686073241, 0.000162291835295, 0.000125084552565, 0.000164893528563, 0.000203875883017, 0.000165738223586, 0.000182171323104, 0.000165927616763, 0.000143432916957, 0.000116325405543, 7.86890668678e-05, 4.68419020763e-05, 3.8087448047e-05, 5.0154645578e-05, 1.35120872073e-05, 1.17685496903e-08, 3.84777903983e-10],
        "min": [1.91399112623e-23, 3.04434865515e-23, 9.42805375381e-24, 7.91178815219e-24, 6.8261686607e-23, 1.48920088837e-23, 8.61197430746e-23, 4.91584542214e-23, 3.95371121908e-23, 4.15463251392e-23, 7.32809182461e-23, 1.3028359705e-22, 1.58036455758e-22, 1.53524903443e-22, 8.05227118432e-23, 1.36341657527e-22, 2.45495104048e-22, 2.07973648222e-22, 2.19403624271e-22, 3.32765637411e-22, 3.00602453019e-22, 5.74827517826e-22, 4.56605111768e-22, 1.0250902384e-21, 1.21346547678e-21, 1.47389549744e-21, 2.28469284476e-21],
        "var": [2.33690627738e-07, 6.34455136606e-05, 1.27885668917e-05, 6.91635659678e-06, 0.000101563993667, 6.61809099256e-05, 5.01128124597e-06, 5.05855632582e-06, 1.40629308589e-05, 3.21447396345e-06, 3.10490054289e-06, 4.49492546295e-07, 2.70016926152e-07, 9.49885532009e-07, 1.54244332862e-06, 1.37300435199e-06, 1.2459034906e-06, 4.54884798273e-07, 4.45539939165e-07, 4.87426859763e-07, 6.92012633863e-07, 7.09217715666e-07, 5.9917880435e-07, 2.49663315799e-07, 4.365611872e-08, 1.67330667551e-13, 9.95912685845e-17]
    },
    "erbbands": {
        "dmean": [0.0729781985283, 0.605574429035, 1.47028505802, 2.23882555962, 4.36474180222, 9.25091838837, 16.0446949005, 14.8992557526, 8.50035095215, 8.12634563446, 19.0931777954, 23.3908939362, 17.3317718506, 15.5541877747, 11.616481781, 9.20195770264, 8.28364467621, 10.9784822464, 16.8700141907, 13.2720441818, 14.4133701324, 11.434510231, 10.1446800232, 9.93670272827, 8.96643161774, 8.99305915833, 7.93522500992, 5.29637527466, 4.82684373856, 4.0695400238, 3.53056502342, 2.33029198647, 1.21458005905, 0.56550848484, 0.234341666102, 0.0161695573479, 0.00041265663458, 2.98435152217e-05, 7.52216601541e-06, 9.61470686889e-06],
        "dmean2": [0.114140711725, 1.01438713074, 2.50638008118, 3.73283267021, 7.20278644562, 14.4040756226, 23.9356079102, 23.0792198181, 13.4538602829, 12.2084741592, 29.6048755646, 36.4718132019, 26.8211288452, 23.4561290741, 17.2492675781, 14.8196277618, 13.2828245163, 17.6858577728, 26.6158885956, 20.861951828, 22.7781295776, 17.7207641602, 15.9546070099, 15.3573865891, 13.6692905426, 13.8694829941, 12.2058000565, 8.0410194397, 7.10496091843, 5.97282266617, 5.03044843674, 3.32377409935, 1.73237001896, 0.7553191185, 0.313922077417, 0.0223621688783, 0.000556542421691, 3.9137663407e-05, 1.03277188828e-05, 1.4443308828e-05],
        "dvar": [0.0479446798563, 3.03101730347, 14.2431306839, 29.585609436, 82.1879425049, 478.649536133, 1551.5435791, 901.653259277, 984.373718262, 436.763397217, 1820.52893066, 2833.79003906, 1694.23498535, 1789.64794922, 1198.13391113, 451.186981201, 314.75793457, 748.739685059, 1776.65478516, 1157.38818359, 2533.23950195, 1009.60321045, 523.690612793, 715.473693848, 502.078643799, 490.359741211, 679.503051758, 498.445892334, 354.987884521, 302.984954834, 232.27154541, 65.3798217773, 20.1927566528, 3.63359379768, 0.385204941034, 0.00153851800133, 9.91053980215e-07, 5.39880584682e-09, 1.80898324098e-10, 1.4951283267e-10],
        "dvar2": [0.107372350991, 8.160405159, 39.6342811584, 75.4557723999, 209.983474731, 1038.22473145, 3142.51904297, 2005.74536133, 2405.45825195, 985.395202637, 4228.68212891, 6060.89306641, 3919.50708008, 3339.86743164, 1824.1204834, 1139.72314453, 703.021118164, 1680.83227539, 4123.96777344, 2654.29736328, 5494.62109375, 2422.24023438, 1139.32458496, 1579.27880859, 1078.36401367, 1079.64733887, 1521.04528809, 1115.5715332, 711.269348145, 638.397766113, 485.637329102, 116.44708252, 37.9213638306, 6.01959133148, 0.698475182056, 0.00296747917309, 1.76266087237e-06, 8.9461371644e-09, 3.02497693561e-10, 3.31308064316e-10],
        "max": [4.0600733757, 31.0384101868, 75.4214553833, 193.821502686, 258.44442749, 580.993408203, 1272.2109375, 763.329650879, 1599.65600586, 773.316711426, 865.978210449, 1052.97424316, 850.659423828, 1346.65136719, 1649.98120117, 553.248291016, 444.088012695, 1224.65808105, 1219.85827637, 1044.7989502, 1978.67590332, 1040.03759766, 690.992858887, 1080.13525391, 620.015014648, 481.290771484, 1109.68664551, 895.327270508, 751.749084473, 673.553649902, 611.382629395, 244.786056519, 157.793136597, 80.6198272705, 21.145280838, 1.06755924225, 0.0293701495975, 0.00234051328152, 0.000386234401958, 0.000236697611399],
        "mean": [0.145801648498, 1.08451259136, 2.26701807976, 3.61394143105, 8.3168964386, 22.4767608643, 36.8355827332, 34.6618843079, 17.3045768738, 15.0381231308, 34.1860847473, 45.0761299133, 35.7546348572, 27.2256374359, 21.6546421051, 15.997885704, 14.5157337189, 20.2314414978, 28.2209758759, 24.637922287, 27.5153179169, 24.0384578705, 20.2180805206, 18.5817909241, 17.2638454437, 16.9500789642, 14.377163887, 8.73026275635, 8.38692092896, 6.75960969925, 5.91831684113, 4.30719423294, 2.24465966225, 1.00158846378, 0.401104658842, 0.0260733254254, 0.000723279372323, 5.90530617046e-05, 2.45816754614e-05, 3.6624045606e-05],
        "median": [0.0539435558021, 0.574419558048, 1.13461899757, 1.68445062637, 2.81509971619, 4.59500360489, 8.71762943268, 14.5825576782, 8.8455324173, 6.19069671631, 16.3051280975, 14.0418376923, 10.4167718887, 11.2869949341, 8.4004535675, 7.76774930954, 6.83788156509, 8.82598590851, 11.6114673615, 9.84907531738, 10.4207334518, 9.93369102478, 9.68684482574, 9.2551908493, 6.85149765015, 5.77751636505, 4.50255584717, 2.29868459702, 1.7761746645, 1.12425374985, 1.0595266819, 1.08006215096, 0.708256006241, 0.211950048804, 0.0697290748358, 0.00427062483504, 0.0001480171195, 1.64041339303e-05, 1.88924750546e-05, 3.48594548996e-05],
        "min": [5.5223873193e-22, 8.08859369779e-21, 1.19360983013e-20, 2.74548612384e-20, 8.23925075231e-20, 3.40397617516e-19, 1.49255797645e-19, 1.24338248312e-19, 8.38759900358e-19, 1.6457897728e-18, 9.01444164165e-19, 7.44337750423e-19, 1.36814866815e-18, 1.97599820538e-18, 3.06974107905e-18, 5.82253094921e-18, 7.19116579276e-18, 6.98689436767e-18, 6.46789230004e-18, 5.1977548151e-18, 7.24723209468e-18, 1.49539663284e-17, 1.07281545233e-17, 1.0358100387e-17, 1.41442474985e-17, 1.55829131071e-17, 1.17963987274e-17, 1.54103417246e-17, 1.84193270081e-17, 1.7212212414e-17, 1.37871230224e-17, 1.65621344793e-17, 1.91877364381e-17, 1.24521627016e-17, 8.98760355988e-18, 4.80060637786e-18, 3.15486272037e-18, 1.26095391898e-18, 2.96288133803e-19, 3.46010102595e-20],
        "var": [0.0672866478562, 3.15856051445, 14.3222436905, 41.2700080872, 259.942352295, 2302.40283203, 6572.76025391, 3149.76782227, 1387.93823242, 924.195739746, 3387.38305664, 8108.05859375, 6271.85351562, 4252.89550781, 3690.14990234, 743.608703613, 631.944519043, 1901.60229492, 3155.48193359, 2869.93969727, 5560.67724609, 2817.66210938, 1165.41223145, 1176.63500977, 1169.45483398, 1094.45703125, 1236.19677734, 943.485717773, 964.658813477, 696.149658203, 495.278106689, 186.377853394, 47.5190048218, 10.9140901566, 1.10634863377, 0.00402594404295, 2.97416795547e-06, 1.84123223335e-08, 7.21756321376e-10, 5.02704267102e-10]
    },
    "gfcc": {
        "mean": [-15.1200065613, 113.846847534, -141.665054321, 45.4461708069, -77.6488265991, 13.6256151199, -45.028137207, 6.21754741669, -16.0513057709, -10.4906110764, -1.84615540504, -16.3443946838, 7.03611755371],
        "cov": [[4184.43115234, -958.557006836, 134.61618042, 921.190063477, 190.746917725, 775.849243164, 256.313018799, 701.291015625, 7.64544439316, 369.779907227, -92.1962509155, 197.090698242, -9.42304801941], [-958.557006836, 1154.87280273, 141.370727539, -214.854171753, 267.072296143, -324.978759766, -23.0049514771, -214.755722046, 57.7636985779, -193.016784668, 114.164520264, -94.6769332886, 41.4092636108], [134.61618042, 141.370727539, 920.641845703, 377.161804199, 117.849952698, 157.787078857, -45.3362846375, 13.9285335541, 15.1674232483, 63.3600349426, -46.3027801514, 105.415565491, -30.039024353], [921.190063477, -214.854171753, 377.161804199, 579.503723145, 167.58366394, 281.327789307, 112.210540771, 188.75302124, 48.9596710205, 120.028457642, -35.2484664917, 92.7402496338, -10.9576940536], [190.746917725, 267.072296143, 117.849952698, 167.58366394, 353.445373535, 120.923423767, 87.9699783325, 142.401916504, 30.6676864624, 29.5438518524, 10.1811122894, 4.06652641296, 24.2145900726], [775.849243164, -324.978759766, 157.787078857, 281.327789307, 120.923423767, 464.57611084, 180.127227783, 255.483139038, 29.73254776, 143.85067749, -65.2107772827, 49.2806854248, -41.4589538574], [256.313018799, -23.0049514771, -45.3362846375, 112.210540771, 87.9699783325, 180.127227783, 213.965591431, 134.748794556, 33.8788261414, 53.8303833008, 4.20051670074, -10.8469562531, -8.36531639099], [701.291015625, -214.755722046, 13.9285335541, 188.75302124, 142.401916504, 255.483139038, 134.748794556, 338.529693604, 43.8557090759, 135.293243408, -25.0867996216, 37.7356872559, -4.33165884018], [7.64544439316, 57.7636985779, 15.1674232483, 48.9596710205, 30.6676864624, 29.73254776, 33.8788261414, 43.8557090759, 119.769592285, 19.1170921326, 9.78209400177, 5.26495695114, 6.97993564606], [369.779907227, -193.016784668, 63.3600349426, 120.028457642, 29.5438518524, 143.85067749, 53.8303833008, 135.293243408, 19.1170921326, 156.441970825, 6.40860414505, 36.3819885254, -4.03369522095], [-92.1962509155, 114.164520264, -46.3027801514, -35.2484664917, 10.1811122894, -65.2107772827, 4.20051670074, -25.0867996216, 9.78209400177, 6.40860414505, 127.901885986, 19.6548976898, 34.9808883667], [197.090698242, -94.6769332886, 105.415565491, 92.7402496338, 4.06652641296, 49.2806854248, -10.8469562531, 37.7356872559, 5.26495695114, 36.3819885254, 19.6548976898, 116.800689697, 22.9154682159], [-9.42304801941, 41.4092636108, -30.039024353, -10.9576940536, 24.2145900726, -41.4589538574, -8.36531639099, -4.33165884018, 6.97993564606, -4.03369522095, 34.9808883667, 22.9154682159, 90.4118041992]],
        "icov": [[0.000660526915453, -0.000475800043205, 0.00061823456781, -0.00128695368767, 0.000855922931805, -0.000794416293502, 0.000850565033033, -0.00102904590312, 0.000814377272036, -0.000305712223053, 0.000136795002618, -0.000225133975619, -0.000300309329759], [-0.000475800043205, 0.00513522652909, -0.00266521354206, 0.0034641046077, -0.00567160500214, 0.00356207462028, -0.00348419323564, 0.00238728197291, -0.00324268941768, 0.00294836470857, -0.00251965713687, 0.00167370983399, 0.00100972759537], [0.00061823456781, -0.00266521354206, 0.00352610088885, -0.00348158855923, 0.00248646293767, -0.00258270930499, 0.00320154451765, -0.000661050435156, 0.00182637921534, -0.00198752805591, 0.00161997857504, -0.00185575743672, 6.28920606687e-05], [-0.00128695368767, 0.0034641046077, -0.00348158855923, 0.00757317757234, -0.00505718169734, 0.0024804067798, -0.0041798776947, 0.00260251690634, -0.00352137139998, 0.00134104921017, -0.000911907467525, -0.000298479368212, 0.00103034463245], [0.000855922931805, -0.00567160500214, 0.00248646293767, -0.00505718169734, 0.0108251962811, -0.00434577185661, 0.00361419236287, -0.0051469001919, 0.00389626179822, -0.00155119178817, 0.00156597385649, -0.000216812870349, -0.00282512675039], [-0.000794416293502, 0.00356207462028, -0.00258270930499, 0.0024804067798, -0.00434577185661, 0.00926338136196, -0.00641322089359, 0.000480736256577, -0.00208638049662, -0.000109061016701, 0.000923994055483, -0.00043224071851, 0.00247787823901], [0.000850565033033, -0.00348419323564, 0.00320154451765, -0.0041798776947, 0.00361419236287, -0.00641322089359, 0.0122689306736, -0.00339758605696, 0.00159245124087, -0.00100984645542, -0.000966194784269, 0.00156616931781, -0.000885977642611], [-0.00102904590312, 0.00238728197291, -0.000661050435156, 0.00260251690634, -0.0051469001919, 0.000480736256577, -0.00339758605696, 0.00996051542461, -0.00317905237898, -0.00274623022415, 0.000607263413258, -0.000595437013544, 0.000695780152455], [0.000814377272036, -0.00324268941768, 0.00182637921534, -0.00352137139998, 0.00389626179822, -0.00208638049662, 0.00159245124087, -0.00317905237898, 0.0116524035111, -0.00190075708088, 0.000813795777503, -0.000737263762858, -0.00136751576792], [-0.000305712223053, 0.00294836470857, -0.00198752805591, 0.00134104921017, -0.00155119178817, -0.000109061016701, -0.00100984645542, -0.00274623022415, -0.00190075708088, 0.0138518530875, -0.00447549344972, 0.000951202237047, 0.000515622436069], [0.000136795002618, -0.00251965713687, 0.00161997857504, -0.000911907467525, 0.00156597385649, 0.000923994055483, -0.000966194784269, 0.000607263413258, 0.000813795777503, -0.00447549344972, 0.0124664548784, -0.00398443406448, -0.00253598322161], [-0.000225133975619, 0.00167370983399, -0.00185575743672, -0.000298479368212, -0.000216812870349, -0.00043224071851, 0.00156616931781, -0.000595437013544, -0.000737263762858, 0.000951202237047, -0.00398443406448, 0.0137970643118, -0.00332253612578], [-0.000300309329759, 0.00100972759537, 6.28920606687e-05, 0.00103034463245, -0.00282512675039, 0.00247787823901, -0.000885977642611, 0.000695780152455, -0.00136751576792, 0.000515622436069, -0.00253598322161, -0.00332253612578, 0.0145086459816]]
    },
    "melbands": {
        "dmean": [0.000661961268634, 0.000744605087675, 0.000419411750045, 0.00047322671162, 0.000516658066772, 0.000336728844559, 0.000126107610413, 9.46405052673e-05, 0.000164667697391, 0.000149022569531, 8.61019871081e-05, 6.55842668493e-05, 4.50471998192e-05, 2.93534212688e-05, 1.86964352906e-05, 1.88942522072e-05, 2.1733896574e-05, 2.73668483715e-05, 2.46875079029e-05, 1.55207217176e-05, 2.02845876629e-05, 1.35343343572e-05, 1.28155124912e-05, 1.02386738945e-05, 8.52320863487e-06, 7.51002880861e-06, 6.19904631094e-06, 6.5159724727e-06, 5.66438438909e-06, 4.3025679588e-06, 2.93213406621e-06, 3.01686691273e-06, 2.46731474363e-06, 2.34490585171e-06, 2.20883407565e-06, 1.82699034212e-06, 1.43844772538e-06, 9.9483008853e-07, 6.29504540939e-07, 4.64833107117e-07],
        "dmean2": [0.00104901741724, 0.00125112500973, 0.000696968811098, 0.000761378498282, 0.000776830944233, 0.00051965174498, 0.000198357767658, 0.0001432565914, 0.000254240439972, 0.00023214846442, 0.000133609079057, 9.87034218269e-05, 6.62651727907e-05, 4.67990612378e-05, 3.0306609915e-05, 3.05461762764e-05, 3.50122572854e-05, 4.33808745584e-05, 3.91065223084e-05, 2.43696267717e-05, 3.22082814819e-05, 2.14175815927e-05, 2.03569616133e-05, 1.63758995768e-05, 1.33414796437e-05, 1.17233385026e-05, 9.67879805103e-06, 1.02153480839e-05, 8.8881524789e-06, 6.82281006448e-06, 4.4830517254e-06, 4.51444338978e-06, 3.71178771275e-06, 3.50481082023e-06, 3.2590196497e-06, 2.62337880486e-06, 2.11841756936e-06, 1.47455534716e-06, 8.72227985838e-07, 6.4648230591e-07],
        "dvar": [3.83605811294e-06, 3.64721768165e-06, 8.82681376879e-07, 1.06103732378e-06, 1.32519051022e-06, 4.39021732745e-07, 1.80238956204e-07, 5.16830986896e-08, 1.25395018813e-07, 1.16081373847e-07, 4.29390638601e-08, 3.2123633531e-08, 1.74337682068e-08, 4.3421937157e-09, 1.60189017606e-09, 1.42156031391e-09, 3.14613224361e-09, 5.09715647468e-09, 5.22429433047e-09, 2.34562724799e-09, 5.8398854641e-09, 1.95128846414e-09, 1.12002729313e-09, 5.37491939845e-10, 6.05431926815e-10, 3.79332232292e-10, 2.84385764937e-10, 2.87202039928e-10, 2.33764813062e-10, 6.48133824388e-10, 1.32428706889e-10, 1.35585653815e-10, 1.07730900589e-10, 1.06606640182e-10, 9.80970651931e-11, 5.15849654659e-11, 2.61857098505e-11, 1.55595970136e-11, 4.4053879468e-12, 2.90125302255e-12],
        "dvar2": [9.12463929126e-06, 9.92802142719e-06, 2.25666576625e-06, 2.47960770139e-06, 2.7184114515e-06, 9.72477323558e-07, 4.35135149246e-07, 1.17137638256e-07, 2.8753532888e-07, 2.50978445138e-07, 9.8959809236e-08, 5.95358677913e-08, 2.64542308059e-08, 1.08031219526e-08, 4.00579613924e-09, 3.05942493561e-09, 7.02944413788e-09, 1.19112790742e-08, 1.23453745005e-08, 5.1062798434e-09, 1.18661800386e-08, 4.90846296941e-09, 2.63552024649e-09, 1.25712218413e-09, 1.36523126137e-09, 8.55052417759e-10, 6.20708651144e-10, 6.53293419361e-10, 5.24438437122e-10, 1.69916947179e-09, 2.77578598995e-10, 2.81170559058e-10, 2.31409835738e-10, 2.35865216247e-10, 2.19148879599e-10, 1.0147012397e-10, 5.15081033381e-11, 3.13922221551e-11, 7.92568788377e-12, 5.49533422239e-12],
        "max": [0.0391725450754, 0.0320907905698, 0.0374400280416, 0.0359030552208, 0.0335975028574, 0.0197295993567, 0.021506421268, 0.00681817065924, 0.00700888829306, 0.00722929323092, 0.00430323695764, 0.00570045365021, 0.00663770362735, 0.00174179067835, 0.00113019801211, 0.000932733295485, 0.00249656033702, 0.00234293425456, 0.00182092282921, 0.00140541023575, 0.00280069932342, 0.00122264085803, 0.000872740929481, 0.00058322789846, 0.000983034726232, 0.000551356934011, 0.000528553850017, 0.000408073334256, 0.000468136131531, 0.00119686499238, 0.000477859284729, 0.000484362739371, 0.000382039870601, 0.000381334451959, 0.000398931035306, 0.000312628690153, 0.000174216809683, 0.000124874903122, 8.12974321889e-05, 7.37352529541e-05],
        "mean": [0.00135451625101, 0.00130215263925, 0.000704670441337, 0.00112166255713, 0.00123176327907, 0.000786247721408, 0.000255227088928, 0.000170715473359, 0.000290042487904, 0.000284248992102, 0.000170189363416, 0.00010754140385, 7.96647364041e-05, 4.83744624944e-05, 3.07181107928e-05, 3.14634598908e-05, 3.74691044271e-05, 4.31235130236e-05, 4.1361352487e-05, 2.50849716394e-05, 3.5667380871e-05, 2.54567712545e-05, 2.203258191e-05, 1.73726693902e-05, 1.45801805047e-05, 1.34299816636e-05, 1.11410699901e-05, 1.13067735583e-05, 9.99215535558e-06, 6.19650109002e-06, 4.70218901683e-06, 4.95190170113e-06, 4.03963395001e-06, 3.64549032383e-06, 3.46225283465e-06, 3.05139155898e-06, 2.49773779615e-06, 1.73204830389e-06, 1.06599463834e-06, 7.60816533329e-07],
        "median": [0.000710545456968, 0.000766657351051, 0.000353735813405, 0.000259774096776, 0.000333390926244, 0.000338317011483, 0.00012879978749, 7.16929571354e-05, 0.000130540254759, 7.74318687036e-05, 4.2452084017e-05, 3.9026952436e-05, 2.39575238083e-05, 2.07697612495e-05, 1.42397011587e-05, 1.50298756125e-05, 1.46438405864e-05, 1.59372611961e-05, 1.37400857056e-05, 1.08394897325e-05, 1.16053943202e-05, 9.42371298152e-06, 8.18168791739e-06, 7.57341967983e-06, 6.85922123012e-06, 5.2124191825e-06, 3.82873531635e-06, 3.49402421307e-06, 2.96905227515e-06, 1.56945782237e-06, 1.12024201826e-06, 1.07435312202e-06, 6.512229902e-07, 5.92693709223e-07, 5.72859107706e-07, 6.08158586601e-07, 6.78128060372e-07, 5.59348904972e-07, 2.563401722e-07, 1.359505859e-07],
        "min": [8.35246320878e-24, 8.37012422673e-24, 3.74148996509e-24, 1.8323056839e-23, 6.28879164224e-24, 3.49260001076e-24, 1.3168000707e-23, 1.61729391335e-23, 6.40208902874e-24, 5.09554288764e-24, 7.05201496248e-24, 7.41740113428e-24, 1.0905228931e-23, 9.34154253378e-24, 2.18585846881e-23, 1.28855001505e-23, 1.36323526348e-23, 1.18414443201e-23, 5.41272650269e-24, 9.46539685134e-24, 8.05268028758e-24, 1.77373828372e-23, 9.06079088191e-24, 1.01232035055e-23, 7.77630050286e-24, 9.74510010706e-24, 1.01367829571e-23, 1.09585914269e-23, 8.24216073271e-24, 5.52725648435e-24, 1.04239938021e-23, 1.04538561317e-23, 1.12282745714e-23, 8.35433359799e-24, 7.4643028594e-24, 8.34559696347e-24, 1.06989709921e-23, 1.29223020894e-23, 1.49796024209e-23, 8.69137599747e-24],
        "var": [5.03445698996e-06, 3.94148082705e-06, 1.33227126753e-06, 5.54011148779e-06, 5.58066631129e-06, 1.55558507231e-06, 2.78360488437e-07, 1.05835347597e-07, 2.40608272861e-07, 3.21469286746e-07, 1.55235369448e-07, 7.31028961809e-08, 6.25665208531e-08, 7.56639195743e-09, 2.48337261866e-09, 2.86798562676e-09, 7.98521693213e-09, 9.08538488886e-09, 1.11950120285e-08, 3.92267907046e-09, 1.1717906645e-08, 3.9590148937e-09, 2.56762855422e-09, 8.74670558204e-10, 9.00694518968e-10, 7.5514283715e-10, 6.04688299433e-10, 5.63575075496e-10, 5.29190191667e-10, 6.37023267469e-10, 2.93787216776e-10, 3.41600914222e-10, 2.5463528508e-10, 2.1255618099e-10, 1.85317913792e-10, 1.17624215923e-10, 6.29907376259e-11, 3.05472244722e-11, 1.15615052254e-11, 7.1990798739e-12]
    },
    "mfcc": {
        "mean": [-639.490478516, 119.952377319, -1.85820257664, 20.4538555145, -0.0560034699738, -4.00274991989, -6.32927846909, -0.127284213901, -4.6103105545, 4.45896816254, -7.11320161819, -0.1571393013, -6.26040887833],
        "cov": [[4077.796875, -1385.26330566, 101.747772217, 277.25088501, 232.370681763, 263.436553955, 471.522644043, 379.035644531, 458.851318359, 235.172683716, 249.440658569, 166.528289795, 206.879486084], [-1385.26330566, 1334.63122559, -142.557342529, 36.2897491455, 102.00402832, -146.399551392, -105.112464905, -101.3853302, -172.085464478, -81.8832092285, -105.165237427, -33.2508087158, -67.4372329712], [101.747772217, -142.557342529, 766.108398438, 217.679718018, 152.529464722, 206.982955933, -15.9082784653, 59.2172698975, 52.003742218, -65.7560119629, 69.2967453003, 36.9757766724, 42.1821174622], [277.25088501, 36.2897491455, 217.679718018, 353.620910645, 174.235198975, 81.5071411133, 55.4408950806, 58.5153579712, 66.5313339233, -20.6535549164, 22.9017333984, 62.8593521118, 45.576259613], [232.370681763, 102.00402832, 152.529464722, 174.235198975, 304.881011963, 73.7723999023, 91.3455734253, 80.9539031982, 108.695358276, 10.0899066925, 38.0367965698, 56.5665283203, 48.5087242126], [263.436553955, -146.399551392, 206.982955933, 81.5071411133, 73.7723999023, 239.989608765, 89.7907333374, 93.5181274414, 94.6414489746, 18.3812217712, 79.5388946533, 16.2286834717, 22.3793697357], [471.522644043, -105.112464905, -15.9082784653, 55.4408950806, 91.3455734253, 89.7907333374, 272.658691406, 104.24521637, 118.481140137, 99.5811004639, 73.3856124878, 32.0667037964, 46.1469726562], [379.035644531, -101.3853302, 59.2172698975, 58.5153579712, 80.9539031982, 93.5181274414, 104.24521637, 180.572433472, 121.996154785, 38.2887039185, 76.5466995239, 31.207660675, 34.2116622925], [458.851318359, -172.085464478, 52.003742218, 66.5313339233, 108.695358276, 94.6414489746, 118.481140137, 121.996154785, 231.27583313, 74.3663406372, 80.1717224121, 53.8830833435, 40.113445282], [235.172683716, -81.8832092285, -65.7560119629, -20.6535549164, 10.0899066925, 18.3812217712, 99.5811004639, 38.2887039185, 74.3663406372, 161.989608765, 53.8134269714, 5.55432796478, 13.8842811584], [249.440658569, -105.165237427, 69.2967453003, 22.9017333984, 38.0367965698, 79.5388946533, 73.3856124878, 76.5466995239, 80.1717224121, 53.8134269714, 145.547821045, 27.2608776093, 26.7090072632], [166.528289795, -33.2508087158, 36.9757766724, 62.8593521118, 56.5665283203, 16.2286834717, 32.0667037964, 31.207660675, 53.8830833435, 5.55432796478, 27.2608776093, 113.0625, 46.5821151733], [206.879486084, -67.4372329712, 42.1821174622, 45.576259613, 48.5087242126, 22.3793697357, 46.1469726562, 34.2116622925, 40.113445282, 13.8842811584, 26.7090072632, 46.5821151733, 93.6053619385]],
