{
"lowlevel": {
    "average_loudness": 0.964086174965,
    "barkbands_crest": {
        "dmean": 2.83361744881,
        "dmean2": 4.60398578644,
        "dvar": 6.30999231339,
        "dvar2": 15.0562343597,
        "max": 24.1713047028,
        "mean": 8.4012298584,
        "median": 7.63063526154,
        "min": 2.08478546143,
        "var": 13.3430042267
    },
    "barkbands_flatness_db": {
        "dmean": 0.0208097845316,
        "dmean2": 0.0321873575449,
        "dvar": 0.000357183336746,
        "dvar2": 0.00079760706285,
        "max": 0.381146043539,
        "mean": 0.137785568833,
        "median": 0.130847468972,
        "min": 0.0232967082411,
        "var": 0.0016030932311
    },
    "barkbands_kurtosis": {
        "dmean": 1.47028267384,
        "dmean2": 2.39658784866,
        "dvar": 11.3056259155,
        "dvar2": 25.422990799,
        "max": 79.5175552368,
        "mean": 0.601778149605,
        "median": -0.516760349274,
        "min": -1.93194258213,
        "var": 19.4632205963
    },
    "barkbands_skewness": {
        "dmean": 0.532286345959,
        "dmean2": 0.831144332886,
        "dvar": 0.30543088913,
        "dvar2": 0.664786875248,
        "max": 7.19637107849,
        "mean": 0.560192763805,
        "median": 0.485447943211,
        "min": -7.30902719498,
        "var": 1.00941669941
    },
    "barkbands_spread": {
        "dmean": 7.16304826736,
        "dmean2": 11.3204421997,
        "dvar": 53.8176460266,
        "dvar2": 136.734710693,
        "max": 88.5097045898,
        "mean": 31.3152103424,
        "median": 31.625995636,
        "min": 1.03664660454,
        "var": 176.777572632
    },
    "dissonance": {
        "dmean": 0.0131034702063,
        "dmean2": 0.0221862215549,
        "dvar": 0.000191154409549,
        "dvar2": 0.000500257941894,
        "max": 0.500000059605,
        "mean": 0.47941082716,
        "median": 0.484629362822,
        "min": 0.303512692451,
        "var": 0.000360026548151
    },
    "dynamic_complexity": 2.03015756607,
    "erbbands_crest": {
        "dmean": 2.47593569756,
        "dmean2": 4.04454374313,
        "dvar": 5.28538179398,
        "dvar2": 13.1695556641,
        "max": 29.8755187988,
        "mean": 8.31955337524,
        "median": 7.50278663635,
        "min": 2.34314703941,
        "var": 14.2363185883
    },
    "erbbands_flatness_db": {
        "dmean": 0.0196756087244,
        "dmean2": 0.0282926782966,
        "dvar": 0.000344718166161,
        "dvar2": 0.000681787380017,
        "max": 0.355818003416,
        "mean": 0.198085159063,
        "median": 0.193742141128,
        "min": 0.0700549632311,
        "var": 0.00205495860428
    },
    "erbbands_kurtosis": {
        "dmean": 1.16166138649,
        "dmean2": 1.83184492588,
        "dvar": 5.4846534729,
        "dvar2": 11.9581336975,
        "max": 78.3899002075,
        "mean": 0.736382246017,
        "median": 0.051301240921,
        "min": -1.86895179749,
        "var": 8.89856433868
    },
    "erbbands_skewness": {
        "dmean": 0.391863167286,
        "dmean2": 0.601013660431,
        "dvar": 0.179001241922,
        "dvar2": 0.360289633274,
        "max": 5.55780935287,
        "mean": -0.234345242381,
        "median": -0.26737344265,
        "min": -7.14114189148,
        "var": 0.720245063305
    },
    "erbbands_spread": {
        "dmean": 8.13386154175,
        "dmean2": 12.6322650909,
        "dvar": 86.2280273438,
        "dvar2": 211.364196777,
        "max": 134.227432251,
        "mean": 31.5435352325,
        "median": 29.0022773743,
        "min": 2.7458615303,
        "var": 214.892288208
    },
    "hfc": {
        "dmean": 8.59977626801,
        "dmean2": 12.9639568329,
        "dvar": 170.670639038,
        "dvar2": 368.247528076,
        "max": 348.027740479,
        "mean": 25.7966938019,
        "median": 23.0360984802,
        "min": 1.10027038749e-16,
        "var": 364.963165283
    },
    "melbands_crest": {
        "dmean": 3.36224842072,
        "dmean2": 5.43597841263,
        "dvar": 7.99784374237,
        "dvar2": 20.4239292145,
        "max": 31.4088840485,
        "mean": 12.1520986557,
        "median": 11.6856460571,
        "min": 1.75594985485,
        "var": 19.3841552734
    },
    "melbands_flatness_db": {
        "dmean": 0.0274723209441,
        "dmean2": 0.0416868217289,
        "dvar": 0.000640065874904,
        "dvar2": 0.001368750236,
        "max": 0.435243040323,
        "mean": 0.149064078927,
        "median": 0.141909316182,
        "min": 0.0047286003828,
        "var": 0.00278970994987
    },
    "melbands_kurtosis": {
        "dmean": 3.9163646698,
        "dmean2": 6.42001914978,
        "dvar": 44.4423828125,
        "dvar2": 109.555244446,
        "max": 166.893249512,
        "mean": 4.97781038284,
        "median": 2.03572893143,
        "min": -1.90293443203,
        "var": 80.4593811035
    },
    "melbands_skewness": {
        "dmean": 0.715142607689,
        "dmean2": 1.12383031845,
        "dvar": 0.512128472328,
        "dvar2": 1.18957209587,
        "max": 10.9044294357,
        "mean": 1.69041693211,
        "median": 1.48776698112,
        "min": -2.8217587471,
        "var": 1.68274486065
    },
    "melbands_spread": {
        "dmean": 12.4868373871,
        "dmean2": 19.9316616058,
        "dvar": 228.160232544,
        "dvar2": 501.031768799,
        "max": 246.175262451,
        "mean": 42.4348335266,
        "median": 40.1965065002,
        "min": 1.16713953018,
        "var": 550.625732422
    },
    "pitch_salience": {
        "dmean": 0.0738793388009,
        "dmean2": 0.115930855274,
        "dvar": 0.0039518577978,
        "dvar2": 0.00932729616761,
        "max": 0.869231820107,
        "mean": 0.579969286919,
        "median": 0.582521080971,
        "min": 0.163956344128,
        "var": 0.0121887102723
    },
    "silence_rate_20dB": {
        "dmean": 0,
        "dmean2": 0,
        "dvar": 0,
        "dvar2": 0,
        "max": 1,
        "mean": 1,
        "median": 1,
        "min": 1,
        "var": 0
    },
    "silence_rate_30dB": {
        "dmean": 0,
        "dmean2": 0,
        "dvar": 0,
        "dvar2": 0,
        "max": 1,
        "mean": 1,
        "median": 1,
        "min": 1,
        "var": 0
    },
    "silence_rate_60dB": {
        "dmean": 0.0198181625456,
        "dmean2": 0.0396403744817,
        "dvar": 0.0194287076592,
        "dvar2": 0.0472510047257,
        "max": 1,
        "mean": 0.0373850874603,
        "median": 0,
        "min": 0,
        "var": 0.0359928682446
    },
    "spectral_centroid": {
        "dmean": 306.2605896,
        "dmean2": 477.643737793,
        "dvar": 130633.460938,
        "dvar2": 272943.71875,
        "max": 11962.7617188,
        "mean": 2095.89648438,
        "median": 2138.68139648,
        "min": 237.677032471,
        "var": 469617.75
    },
    "spectral_complexity": {
        "dmean": 4.4274187088,
        "dmean2": 6.62607288361,
        "dvar": 15.0127134323,
        "dvar2": 30.4381027222,
        "max": 50,
        "mean": 24.0364665985,
        "median": 25,
        "min": 0,
        "var": 79.3360366821
    },
    "spectral_decrease": {
        "dmean": 1.76704462174e-09,
        "dmean2": 2.83270429335e-09,
        "dvar": 4.30693423494e-18,
        "dvar2": 1.04344872078e-17,
        "max": 1.04222360979e-28,
        "mean": -4.84159601299e-09,
        "median": -4.47698500494e-09,
        "min": -2.7046501927e-08,
        "var": 8.11464925377e-18
    },
    "spectral_energy": {
        "dmean": 0.00723831262439,
        "dmean2": 0.0115327108651,
        "dvar": 6.91386740073e-05,
        "dvar2": 0.00016562595556,
        "max": 0.104672595859,
        "mean": 0.0206131562591,
        "median": 0.0192704051733,
        "min": 1.01182283491e-20,
        "var": 0.000137507668114
    },
    "spectral_energyband_high": {
        "dmean": 0.000576226040721,
        "dmean2": 0.000877933576703,
        "dvar": 2.74109584097e-06,
        "dvar2": 6.01258216193e-06,
        "max": 0.0520033761859,
        "mean": 0.0010234285146,
        "median": 0.000617271056399,
        "min": 7.38265562949e-21,
        "var": 3.77510673388e-06
    },
    "spectral_energyband_low": {
        "dmean": 0.00325465598144,
        "dmean2": 0.00503130769357,
        "dvar": 2.21665577556e-05,
        "dvar2": 5.00764217577e-05,
        "max": 0.0613074600697,
        "mean": 0.0053442036733,
        "median": 0.00361571786925,
        "min": 3.40059823994e-23,
        "var": 3.84049126296e-05
    },
    "spectral_energyband_middle_high": {
        "dmean": 0.00278003583662,
        "dmean2": 0.00416414672509,
        "dvar": 1.27213634187e-05,
        "dvar2": 2.6161707865e-05,
        "max": 0.059098944068,
        "mean": 0.00851404387504,
        "median": 0.00664411019534,
        "min": 1.27509659184e-21,
        "var": 5.1938019169e-05
    },
    "spectral_energyband_middle_low": {
        "dmean": 0.00401882361621,
        "dmean2": 0.00669230474159,
        "dvar": 4.57522000943e-05,
        "dvar2": 0.000118217205454,
        "max": 0.0977248996496,
        "mean": 0.00653265556321,
        "median": 0.00415921676904,
        "min": 1.29877655539e-22,
        "var": 5.58854444535e-05
    },
    "spectral_entropy": {
        "dmean": 0.144791588187,
        "dmean2": 0.20619559288,
        "dvar": 0.0253355745226,
        "dvar2": 0.0480631440878,
        "max": 9.81573009491,
        "mean": 7.7005033493,
        "median": 7.74791717529,
        "min": 5.4492020607,
        "var": 0.127638787031
    },
    "spectral_flux": {
        "dmean": 0.0234639365226,
        "dmean2": 0.0372741892934,
        "dvar": 0.000587417569477,
        "dvar2": 0.00128144770861,
        "max": 0.297774165869,
        "mean": 0.0885922685266,
        "median": 0.0837836563587,
        "min": 6.45705086622e-11,
        "var": 0.00131228496321
    },
    "spectral_kurtosis": {
        "dmean": 1.80755209923,
        "dmean2": 3.09290266037,
        "dvar": 4.40837621689,
        "dvar2": 12.4349317551,
        "max": 33.5616455078,
        "mean": 3.03715395927,
        "median": 2.36127281189,
        "min": -1.23188650608,
        "var": 7.32377672195
    },
    "spectral_rms": {
        "dmean": 0.000775607884862,
        "dmean2": 0.00119957735296,
        "dvar": 6.47046306312e-07,
        "dvar2": 1.40239990287e-06,
        "max": 0.0101054245606,
        "mean": 0.0042791957967,
        "median": 0.00433594221249,
        "min": 3.14188518952e-12,
        "var": 1.79894993835e-06
    },
    "spectral_rolloff": {
        "dmean": 648.096923828,
        "dmean2": 1079.52941895,
        "dvar": 801831.3125,
        "dvar2": 1855104.5,
        "max": 19207.6171875,
        "mean": 2475.04394531,
        "median": 2433.25195312,
        "min": 86.1328125,
        "var": 1959867.75
    },
    "spectral_skewness": {
        "dmean": 0.234832003713,
        "dmean2": 0.383730441332,
        "dvar": 0.062619715929,
        "dvar2": 0.158312007785,
        "max": 4.13771915436,
        "mean": 1.02182340622,
        "median": 0.99179816246,
        "min": -0.838916778564,
        "var": 0.148738503456
    },
    "spectral_spread": {
        "dmean": 443944,
        "dmean2": 651247.875,
        "dvar": 422290817024,
        "dvar2": 786453364736,
        "max": 41623348,
        "mean": 3515849,
        "median": 3343824,
        "min": 1386484.25,
        "var": 2.47435021517e+12
    },
    "spectral_strongpeak": {
        "dmean": 0.870717525482,
        "dmean2": 1.48702478409,
        "dvar": 2.09678149223,
        "dvar2": 5.23908090591,
        "max": 18.0362758636,
        "mean": 1.22261750698,
        "median": 0.406488656998,
        "min": 0,
        "var": 3.19294691086
    },
    "zerocrossingrate": {
        "dmean": 0.0113875428215,
        "dmean2": 0.0133424801752,
        "dvar": 0.000190992184798,
        "dvar2": 0.000231755911955,
        "max": 0.515625,
        "mean": 0.0819857120514,
        "median": 0.07958984375,
        "min": 0.01123046875,
        "var": 0.00120486447122
    },
    "barkbands": {
        "dmean": [3.48717294401e-05, 0.00242732022889, 0.00111910386477, 0.0012369469041, 0.00141775107477, 0.000647533219308, 0.000398992968258, 0.000366164720617, 0.00102182873525, 0.000751203799155, 0.000514501880389, 0.000472231244203, 0.000422527955379, 0.000487724581035, 0.000594124023337, 0.000465911609353, 0.000415121001424, 0.00052957306616, 0.000508999684826, 0.000200561611564, 0.00014053468476, 0.000153523345944, 0.000176368048415, 0.00010855797882, 6.60862451696e-06, 3.71958066125e-07, 8.28955792898e-10],
        "dmean2": [6.15977187408e-05, 0.00368599058129, 0.00182554509956, 0.00215726718307, 0.00246947468258, 0.00105093093589, 0.000670684094075, 0.000598999962676, 0.00166229775641, 0.00122378254309, 0.000802817055956, 0.000756832130719, 0.000674145878293, 0.00078317837324, 0.000946987012867, 0.000739501963835, 0.000666377716698, 0.000835372426081, 0.000800445559435, 0.000318723847158, 0.000220400557737, 0.000243587448495, 0.000275519269053, 0.000175538501935, 1.05516655822e-05, 5.95925996549e-07, 1.53896506649e-09],
        "dvar": [4.67630822953e-09, 1.95363973035e-05, 3.41899590239e-06, 7.72234943724e-06, 1.09540424091e-05, 3.75512695427e-06, 1.10731207315e-06, 8.35211608319e-07, 3.76368757316e-06, 2.81062079921e-06, 1.53048688389e-06, 1.00483475762e-06, 9.5198862482e-07, 1.19304161217e-06, 1.75637273969e-06, 8.35674939026e-07, 6.75501496517e-07, 8.69395478276e-07, 9.80631057246e-07, 1.93948892502e-07, 1.96146757503e-07, 2.21667065148e-07, 5.17169382874e-07, 1.02000690561e-07, 1.3729341275e-10, 4.55310160234e-13, 1.17180535564e-18],
        "dvar2": [1.29371340307e-08, 4.27766281064e-05, 8.14344366518e-06, 2.06341719604e-05, 2.87870225293e-05, 9.05742399482e-06, 2.75939055427e-06, 1.93552568817e-06, 9.39871006267e-06, 7.09191454007e-06, 3.54699136551e-06, 2.33615514844e-06, 2.2544948024e-06, 2.87323132397e-06, 4.16267130277e-06, 1.89667878203e-06, 1.60364345447e-06, 1.92670336219e-06, 2.24296468332e-06, 4.696042879e-07, 4.68833235345e-07, 5.13296640747e-07, 1.07927064619e-06, 2.5931132086e-07, 3.36031841242e-10, 1.15693554997e-12, 3.67408150933e-18],
        "max": [0.000843474990688, 0.0567214265466, 0.026493743062, 0.0441661328077, 0.0436920374632, 0.0562620870769, 0.0298548992723, 0.0449634827673, 0.0328427739441, 0.0365788526833, 0.0331088453531, 0.030806446448, 0.0304800979793, 0.0260798335075, 0.0479071103036, 0.0251968484372, 0.0200260467827, 0.0256936699152, 0.023361036554, 0.0159379187971, 0.019014980644, 0.0167157333344, 0.0329491533339, 0.00922789052129, 0.000281537941191, 1.12691959657e-05, 1.07516697767e-08],
        "mean": [3.18717065966e-05, 0.00323156872764, 0.00148579350207, 0.00132015743293, 0.00144828681368, 0.000818159605842, 0.000466657686047, 0.000480098591652, 0.00158188107889, 0.00112194917165, 0.000800874782726, 0.00073253310984, 0.00068361707963, 0.000780870846938, 0.000964132195804, 0.00079144036863, 0.000721614109352, 0.00096091319574, 0.000957922893576, 0.000369545217836, 0.000242223541136, 0.000218574728933, 0.000245311472099, 0.000146779420902, 9.79781725619e-06, 5.80884261581e-07, 6.72714051131e-10],
        "median": [1.10650762508e-05, 0.00126896158326, 0.000809284916613, 0.000567782495636, 0.000488163292175, 0.000282687542494, 0.000179506168934, 0.000151598622324, 0.000489963684231, 0.000302433938487, 0.00023122082348, 0.000311340088956, 0.000282663822873, 0.000299703795463, 0.000402348174248, 0.000344212341588, 0.000372914335458, 0.000531344092451, 0.000494147534482, 0.000250952900387, 0.000155426794663, 0.000111249377369, 0.000104811013443, 5.95445671934e-05, 4.7991120482e-06, 2.92580438099e-07, 2.85896584185e-10],
        "min": [1.03428756296e-24, 1.52457329303e-24, 1.32128166839e-24, 4.72187919836e-24, 9.46890412692e-24, 1.55576938917e-23, 1.55322136845e-23, 1.02707039287e-23, 3.13698932441e-23, 2.47329729457e-23, 3.59699305091e-23, 4.4321916457e-23, 2.77003868366e-23, 6.08013848501e-23, 5.94186631446e-23, 7.05354740367e-23, 8.70690709097e-23, 9.78835271941e-23, 1.28190528187e-22, 2.20345839737e-22, 3.10409925203e-22, 3.00588720529e-22, 4.83423504781e-22, 6.63086285644e-22, 9.54743131729e-22, 1.41146648428e-21, 2.09769327883e-21],
        "var": [3.81653819659e-09, 2.74998419627e-05, 4.2318965825e-06, 6.50774745736e-06, 1.04255250335e-05, 4.90881438964e-06, 1.17598108318e-06, 1.16610522127e-06, 7.46340401747e-06, 4.89393505632e-06, 3.37496112479e-06, 1.92895572582e-06, 1.95389225155e-06, 2.53033590525e-06, 3.54569942829e-06, 1.93170694729e-06, 1.38871348554e-06, 1.79540575118e-06, 2.06362324207e-06, 2.61331081219e-07, 2.04769122547e-07, 2.59982442685e-07, 7.59771126013e-07, 1.06440609215e-07, 2.16996892677e-10, 6.82655863261e-13, 9.73123086555e-19]
    },
    "erbbands": {
        "dmean": [0.0472270399332, 0.622194826603, 1.24180531502, 2.59181451797, 5.12872648239, 4.43493080139, 4.99144124985, 5.14880180359, 5.35737419128, 5.92159175873, 10.8610897064, 20.9964427948, 26.3000888824, 21.493265152, 14.4899044037, 18.986530304, 18.1455230713, 20.9527873993, 26.5729541779, 27.1309947968, 23.6280860901, 22.4748821259, 25.540063858, 32.2193489075, 16.6507415771, 8.36895751953, 5.94830703735, 5.76695346832, 5.46524620056, 5.85728406906, 4.67727994919, 3.05797505379, 1.29598701, 0.174194693565, 0.00754514057189, 0.00312061165459, 0.00024675912573, 1.42099306686e-05, 6.3253269218e-06, 9.39378514886e-06],
        "dmean2": [0.0738787427545, 0.942952334881, 2.00184106827, 4.35736083984, 9.09181404114, 7.62225341797, 8.01485824585, 8.3891658783, 9.00799179077, 9.89217948914, 17.6875362396, 33.9043655396, 42.8462715149, 34.1067581177, 22.529586792, 30.3830070496, 28.5422267914, 33.7912597656, 41.804145813, 43.1953544617, 37.1945037842, 35.7570648193, 39.9757270813, 50.045753479, 25.8671150208, 13.2222146988, 9.41965579987, 9.03847026825, 8.66049766541, 9.30323505402, 7.40079927444, 4.91421461105, 2.10831260681, 0.277190029621, 0.012103359215, 0.00494157895446, 0.000400517135859, 2.21936952585e-05, 9.81368702924e-06, 1.48037361214e-05],
        "dvar": [0.00902010127902, 1.20175862312, 3.66403460503, 28.2229537964, 156.914962769, 114.808570862, 352.111022949, 214.662612915, 225.271942139, 238.237121582, 606.793457031, 1649.21557617, 3645.63623047, 2250.96240234, 1050.57250977, 1711.44628906, 1654.96850586, 2344.58544922, 3060.28271484, 3912.88061523, 1890.08300781, 1978.34899902, 1927.39196777, 3876.33837891, 915.143432617, 428.615753174, 338.66116333, 266.864562988, 260.102264404, 499.746032715, 328.414520264, 127.302467346, 9.2331237793, 0.101514093578, 0.000292892887956, 3.18093407259e-05, 3.06708443532e-07, 1.1214289497e-09, 1.14106675497e-10, 1.26643473486e-10],
        "dvar2": [0.0209839921445, 2.61303806305, 8.99365329742, 72.6931991577, 429.731506348, 286.363555908, 845.611999512, 498.613311768, 550.837524414, 600.309204102, 1449.42321777, 4155.66601562, 9334.28710938, 5438.37988281, 2422.85913086, 4084.61010742, 3729.20385742, 5944.37695312, 6963.02636719, 9412.50585938, 4161.96630859, 4755.17480469, 4251.08300781, 8547.71875, 1984.27160645, 1067.61828613, 798.814086914, 650.531921387, 596.903686523, 1066.73498535, 724.304931641, 303.645874023, 24.3390655518, 0.254314243793, 0.000730097293854, 7.9314559116e-05, 8.0765516941e-07, 2.74120570687e-09, 2.6545055043e-10, 2.97694618956e-10],
        "max": [1.13011455536, 14.628528595, 31.0864810944, 101.811317444, 178.049880981, 259.962585449, 549.015625, 488.405609131, 498.398529053, 398.189178467, 964.397155762, 745.563476562, 1337.17932129, 1246.80664062, 898.460327148, 1367.7376709, 1604.74645996, 1319.75756836, 2082.97314453, 2714.86791992, 1509.18859863, 1269.92260742, 1215.79833984, 1604.15869141, 1085.67773438, 917.4765625, 549.250061035, 653.853942871, 442.372070312, 887.760314941, 781.047607422, 450.492797852, 46.5058746338, 5.03804826736, 0.36108070612, 0.0913994833827, 0.00822472572327, 0.00084060896188, 0.00031299359398, 0.000206481665373],
        "mean": [0.0536244548857, 0.85637396574, 1.85156643391, 3.1713244915, 5.05176353455, 4.62017250061, 5.89781856537, 6.42555189133, 6.21133708954, 7.63353538513, 16.034412384, 32.7454109192, 40.5205230713, 37.6454658508, 24.6187934875, 31.3036518097, 32.0736198425, 36.015789032, 48.2900428772, 46.2832374573, 44.6716499329, 41.9188041687, 49.2821426392, 62.4557380676, 33.1802330017, 16.2503643036, 10.8889141083, 9.23022937775, 7.94534063339, 7.86818265915, 6.5961856842, 4.21475410461, 1.73495876789, 0.274386495352, 0.0108495187014, 0.00491056824103, 0.000347558554495, 2.51438959822e-05, 1.70871753653e-05, 2.74976737273e-05],
        "median": [0.0195889081806, 0.353304922581, 1.21790647507, 1.71724390984, 1.70996022224, 1.49963867664, 1.72305345535, 2.26659107208, 2.46358108521, 3.04327464104, 5.53961658478, 10.9166889191, 11.810333252, 12.1994056702, 9.83637428284, 14.1891822815, 15.1148643494, 17.6943740845, 22.0855484009, 22.9100151062, 21.033159256, 22.8963317871, 28.593996048, 30.7232627869, 21.5636558533, 11.4901771545, 7.11441135406, 5.5428276062, 4.03522205353, 3.50436306, 2.84364795685, 1.66380929947, 0.73404443264, 0.137030333281, 0.00496757030487, 0.00247616157867, 0.000162173833814, 1.59313094628e-05, 1.55242050823e-05, 2.59329808614e-05],
        "min": [4.06876027122e-23, 5.37231997427e-22, 3.7981431659e-21, 8.88156021381e-21, 1.81746799409e-20, 2.44248841143e-20, 8.21620795614e-20, 1.13648528632e-19, 2.00147593694e-19, 1.95761959634e-19, 3.06446713056e-19, 9.41105096393e-19, 9.45263953717e-19, 1.27639448588e-18, 1.37341863583e-18, 1.67073123283e-18, 1.81848213044e-18, 3.18318559134e-18, 3.25714070798e-18, 4.13896611257e-18, 3.32320493517e-18, 6.42842916737e-18, 5.53979647993e-18, 6.52361242687e-18, 7.35578962391e-18, 9.27142659884e-18, 1.14045922225e-17, 1.50598636447e-17, 1.335956329e-17, 1.02275621873e-17, 1.50910185753e-17, 1.29081137542e-17, 1.13579557796e-17, 9.00578912565e-18, 6.61083159143e-18, 4.75836391834e-18, 2.26060996106e-18, 1.05381734704e-18, 2.78951643086e-19, 2.98687067439e-20],
        "var": [0.00999553408474, 1.78139817715, 4.93470478058, 27.2836017609, 119.773925781, 132.555389404, 461.272369385, 278.617340088, 227.944992065, 294.73135376, 980.775085449, 3200.25219727, 6242.79785156, 6093.74658203, 2227.68505859, 3355.76977539, 3791.56811523, 4077.91552734, 8322.08007812, 6317.45019531, 5009.75683594, 4140.24121094, 4338.92236328, 8779.31738281, 1850.24719238, 511.596923828, 375.012817383, 278.62991333, 318.067260742, 686.94744873, 465.960174561, 145.857772827, 9.37306022644, 0.152965351939, 0.000372776819859, 4.94533051096e-05, 3.21792668956e-07, 1.38113431802e-09, 1.72627731554e-10, 2.47297682332e-10]
    },
    "gfcc": {
        "mean": [-13.158323288, 103.428634644, -170.844528198, 62.9955444336, -64.6811141968, 22.4310016632, -29.5695858002, 2.42120361328, -7.52445793152, -21.2441482544, -1.04048752785, -17.1102199554, -4.25267696381],
        "cov": [[4603.22070312, -291.616149902, -249.942230225, 426.759765625, -85.3849639893, 412.160064697, -34.8741607666, 258.866546631, -56.2276916504, 35.3694190979, -43.4015045166, 27.3183135986, -35.0099334717], [-291.616149902, 843.249572754, 95.1374435425, -67.0564956665, 174.12902832, -238.243484497, 24.6674518585, -115.222549438, 21.8777256012, -80.0394363403, 84.5459823608, -66.411781311, 0.564896643162], [-249.942230225, 95.1374435425, 759.891723633, 348.05255127, 31.5842494965, 98.1402664185, -140.757522583, -63.8020591736, -45.8294372559, 67.3616638184, -27.5578670502, 23.7058258057, -12.1241521835], [426.759765625, -67.0564956665, 348.05255127, 433.63381958, 124.206687927, 106.438781738, -74.0321960449, 12.9734830856, -6.8828587532, 58.2327690125, -20.2519397736, 37.8484954834, 6.05497646332], [-85.3849639893, 174.12902832, 31.5842494965, 124.206687927, 347.448822021, 77.5766601562, 47.028553009, 47.8551521301, 26.1971340179, 3.73621106148, 59.5064086914, 15.3104248047, 23.0186424255], [412.160064697, -238.243484497, 98.1402664185, 106.438781738, 77.5766601562, 399.385650635, 76.2507553101, 85.054725647, -20.6293621063, 83.6691131592, -7.76298236847, 42.8722686768, 9.37706279755], [-34.8741607666, 24.6674518585, -140.757522583, -74.0321960449, 47.028553009, 76.2507553101, 207.831192017, 74.7176132202, 24.7223472595, -1.32553160191, 29.313741684, -10.7932128906, 2.93620443344], [258.866546631, -115.222549438, -63.8020591736, 12.9734830856, 47.8551521301, 85.054725647, 74.7176132202, 212.599899292, 52.0888061523, 20.9692993164, -3.25846791267, 16.0015621185, 5.28839492798], [-56.2276916504, 21.8777256012, -45.8294372559, -6.8828587532, 26.1971340179, -20.6293621063, 24.7223472595, 52.0888061523, 105.676330566, 22.2259788513, 6.39319324493, 5.45702648163, 8.1719751358], [35.3694190979, -80.0394363403, 67.3616638184, 58.2327690125, 3.73621106148, 83.6691131592, -1.32553160191, 20.9692993164, 22.2259788513, 111.668571472, 19.6770038605, 9.49088859558, 1.03822278976], [-43.4015045166, 84.5459823608, -27.5578670502, -20.2519397736, 59.5064086914, -7.76298236847, 29.313741684, -3.25846791267, 6.39319324493, 19.6770038605, 86.9925003052, 20.5740852356, -8.16780757904], [27.3183135986, -66.411781311, 23.7058258057, 37.8484954834, 15.3104248047, 42.8722686768, -10.7932128906, 16.0015621185, 5.45702648163, 9.49088859558, 20.5740852356, 71.6629943848, 27.6379127502], [-35.0099334717, 0.564896643162, -12.1241521835, 6.05497646332, 23.0186424255, 9.37706279755, 2.93620443344, 5.28839492798, 8.1719751358, 1.03822278976, -8.16780757904, 27.6379127502, 61.2932815552]],
        "icov": [[0.000580811698455, -0.00070641428465, 0.00117745413445, -0.0016318007838, 0.00130576523952, -0.00126890011597, 0.000991517794318, -0.000981664517894, 0.000433845067164, 0.00054237205768, -0.000671289686579, 0.000497051223647, 9.27055298234e-05], [-0.00070641428465, 0.00394831737503, -0.00287349103019, 0.00281468708999, -0.00300786504522, 0.0027786558494, -0.00191705708858, 0.00228188280016, -0.0017838771455, 0.00144722999539, -0.00254537607543, 0.00310215190984, -0.00221154093742], [0.00117745413445, -0.00287349103019, 0.00548435281962, -0.00544483913109, 0.003553312039, -0.00352129712701, 0.00320561043918, -0.001947678742, 0.0018565930659, -0.000346394022927, 0.000165573670529, -0.000529741635546, 0.00155976344831], [-0.0016318007838, 0.00281468708999, -0.00544483913109, 0.0098988423124, -0.00642572203651, 0.00429468369111, -0.00265337247401, 0.0028140838258, -0.000997629133053, -0.00321304891258, 0.00456989975646, -0.0036426607985, 0.00106648309156], [0.00130576523952, -0.00300786504522, 0.003553312039, -0.00642572203651, 0.00904448330402, -0.0051918909885, 0.00301631120965, -0.00342885078862, -0.000198609661311, 0.00381157570519, -0.00664797751233, 0.00391363119707, -0.00302849314176], [-0.00126890011597, 0.0027786558494, -0.00352129712701, 0.00429468369111, -0.0051918909885, 0.00855406932533, -0.00521234376356, 0.00179611996282, 0.00170904689003, -0.00519093265757, 0.00498969247565, -0.00469527114183, 0.00150683452375], [0.000991517794318, -0.00191705708858, 0.00320561043918, -0.00265337247401, 0.00301631120965, -0.00521234376356, 0.010179689154, -0.0038771587424, -0.000518832588568, 0.00305812177248, -0.00536507833749, 0.00498789967969, -0.00195493665524], [-0.000981664517894, 0.00228188280016, -0.001947678742, 0.0028140838258, -0.00342885078862, 0.00179611996282, -0.0038771587424, 0.00900301989168, -0.00393748749048, -0.000813477206975, 0.00250490591861, -0.00196089525707, 0.000933606759645], [0.000433845067164, -0.0017838771455, 0.0018565930659, -0.000997629133053, -0.000198609661311, 0.00170904689003, -0.000518832588568, -0.00393748749048, 0.0143188228831, -0.00577251520008, 0.00399247417226, -0.00413213251159, 0.0014917209046], [0.00054237205768, 0.00144722999539, -0.000346394022927, -0.00321304891258, 0.00381157570519, -0.00519093265757, 0.00305812177248, -0.000813477206975, -0.00577251520008, 0.0182637218386, -0.0126918936148, 0.00978519208729, -0.00581155065447], [-0.000671289686579, -0.00254537607543, 0.000165573670529, 0.00456989975646, -0.00664797751233, 0.00498969247565, -0.00536507833749, 0.00250490591861, 0.00399247417226, -0.0126918936148, 0.0302807260305, -0.020140176639, 0.0137947881594], [0.000497051223647, 0.00310215190984, -0.000529741635546, -0.0036426607985, 0.00391363119707, -0.00469527114183, 0.00498789967969, -0.00196089525707, -0.00413213251159, 0.00978519208729, -0.020140176639, 0.0335405394435, -0.017733335495], [9.27055298234e-05, -0.00221154093742, 0.00155976344831, 0.00106648309156, -0.00302849314176, 0.00150683452375, -0.00195493665524, 0.000933606759645, 0.0014917209046, -0.00581155065447, 0.0137947881594, -0.017733335495, 0.0272454340011]]
    },
    "melbands": {
        "dmean": [0.000584479887038, 0.000677711272147, 0.000531003868673, 0.000347507098923, 0.000167665697518, 0.000116132716357, 8.24377275421e-05, 6.36791592115e-05, 0.00010445152293, 0.000141960452311, 0.00013372056128, 8.90365190571e-05, 5.62393543078e-05, 4.63773722004e-05, 5.39084830962e-05, 4.18266754423e-05, 4.25443140557e-05, 4.4898402848e-05, 4.87215256726e-05, 3.46031010849e-05, 2.87879011012e-05, 2.69047777692e-05, 2.0572788344e-05, 2.71186454484e-05, 2.95592344628e-05, 1.61466305144e-05, 9.58996042755e-06, 5.52442998014e-06, 4.0683635234e-06, 3.69182089344e-06, 3.49178549186e-06, 3.39111124958e-06, 2.83932854472e-06, 3.64116931451e-06, 3.05808725898e-06, 2.12443637793e-06, 1.89324248367e-06, 1.12780128347e-06, 3.84874141446e-07, 6.54274501244e-08],
        "dmean2": [0.000890275812708, 0.00105589884333, 0.00090585811995, 0.000611528463196, 0.00027006783057, 0.000188242353033, 0.000138345945743, 0.000106252125988, 0.000170877625351, 0.000229416546063, 0.000217644002987, 0.000141848518979, 8.764352242e-05, 7.36128058634e-05, 8.67325288709e-05, 6.56553165754e-05, 6.91693421686e-05, 7.04820849933e-05, 7.76360320742e-05, 5.49625583517e-05, 4.55534536741e-05, 4.33764471381e-05, 3.27325760736e-05, 4.25034413638e-05, 4.63169926661e-05, 2.53609323408e-05, 1.53536711878e-05, 8.85664212547e-06, 6.54338191453e-06, 5.92185369896e-06, 5.57668317924e-06, 5.4679871937e-06, 4.52633958048e-06, 5.85300676903e-06, 4.93793322676e-06, 3.34132005264e-06, 3.11732446789e-06, 1.86742749975e-06, 6.14259022313e-07, 1.06031222913e-07],
        "dvar": [1.24054997741e-06, 9.43518273289e-07, 1.28207250327e-06, 6.78869753301e-07, 3.07517552756e-07, 1.03140820329e-07, 4.88725966363e-08, 2.72932325629e-08, 5.39414664047e-08, 7.53490496663e-08, 9.38048927424e-08, 3.72962496442e-08, 1.66045079908e-08, 1.11504467881e-08, 1.62529634196e-08, 1.03202664192e-08, 1.04940243162e-08, 1.00972483708e-08, 1.42168774531e-08, 5.60144330919e-09, 3.3359031093e-09, 3.30364158252e-09, 1.37435851588e-09, 2.9815441227e-09, 3.66519103956e-09, 9.3953833602e-10, 2.97436936192e-10, 2.41739489537e-10, 1.4681994509e-10, 1.91886770362e-10, 7.36780150778e-11, 8.21211154634e-11, 1.14792661488e-10, 2.08783060285e-10, 1.18800178028e-10, 1.11896172883e-10, 4.19240579752e-11, 7.38658613442e-12, 5.19396374868e-13, 1.62726752104e-14],
        "dvar2": [2.75267962024e-06, 2.19853336603e-06, 3.41010240845e-06, 1.84390285085e-06, 7.17187276678e-07, 2.40324254719e-07, 1.19949618238e-07, 6.88983163855e-08, 1.32364036176e-07, 1.91475422184e-07, 2.39603821228e-07, 9.0464389757e-08, 3.86587259982e-08, 2.52058232064e-08, 4.19138537211e-08, 2.30897878595e-08, 2.64519091075e-08, 2.28338361552e-08, 3.44701547306e-08, 1.30672894727e-08, 7.46588213474e-09, 8.19103185279e-09, 3.21588622398e-09, 6.39670982849e-09, 8.26940294019e-09, 2.10513206866e-09, 6.91999901825e-10, 6.19286733006e-10, 3.46510264926e-10, 4.87534346227e-10, 1.81180209724e-10, 1.94523355757e-10, 2.60997834456e-10, 4.38864639074e-10, 2.74835876279e-10, 2.49267301244e-10, 1.08498175722e-10, 1.98397461654e-11, 1.31477261803e-12, 4.10621921665e-14],
        "max": [0.0136526953429, 0.0143162608147, 0.0163856744766, 0.0107646072283, 0.0151637764648, 0.00946433376521, 0.00641539786011, 0.00488970289007, 0.00641638599336, 0.00413170363754, 0.00678717019036, 0.00483235763386, 0.00306034483947, 0.00337573094293, 0.00526399025694, 0.00356520572677, 0.00301952823065, 0.00318650482222, 0.00444729346782, 0.00207348819822, 0.00214029313065, 0.00168159231544, 0.00134937593248, 0.00183729594573, 0.00166595366318, 0.000767610094044, 0.000467623292934, 0.00070063280873, 0.000463652657345, 0.000709979562089, 0.000244565337198, 0.000224739400437, 0.000405126600526, 0.000681608915329, 0.000465741817607, 0.000497049535625, 0.000192403385881, 4.76005297969e-05, 1.00123825177e-05, 2.78152037936e-06],
        "mean": [0.000729335879441, 0.00108275574166, 0.000632424314972, 0.000346304062987, 0.000202494033147, 0.000146548263729, 9.65605504462e-05, 8.19542183308e-05, 0.000150551015395, 0.000220050074859, 0.000200868584216, 0.000150716092321, 8.98175130715e-05, 7.33220440452e-05, 8.53117235238e-05, 6.69117289362e-05, 6.69420114718e-05, 7.54742286517e-05, 7.63032294344e-05, 5.57264465897e-05, 5.04057752551e-05, 4.49535509688e-05, 3.69444824173e-05, 4.82288342027e-05, 5.28329655936e-05, 2.90815878543e-05, 1.65915735124e-05, 9.43631039263e-06, 7.00529380993e-06, 5.86674286751e-06, 5.09524033987e-06, 4.6370741984e-06, 3.88409443985e-06, 4.6209811444e-06, 4.04498041462e-06, 3.10074574372e-06, 2.39328437601e-06, 1.41612281368e-06, 5.72691135403e-07, 9.36314847877e-08],
        "median": [0.000274569960311, 0.000709952320904, 0.000316760619171, 0.000120130745927, 6.43924649921e-05, 5.35056606168e-05, 3.88083644793e-05, 3.05877110804e-05, 4.47780548711e-05, 6.76667114021e-05, 5.17448570463e-05, 4.42988566647e-05, 3.00092833641e-05, 3.02665048366e-05, 3.36652738042e-05, 2.77873023151e-05, 2.78592233371e-05, 2.90909338219e-05, 3.05474604829e-05, 2.41595007537e-05, 2.1586613002e-05, 2.26662705245e-05, 2.12456106965e-05, 2.5219454983e-05, 2.36127525568e-05, 1.63642325788e-05, 1.08729955173e-05, 5.96948939346e-06, 4.35348101746e-06, 3.58508123099e-06, 2.8984270557e-06, 2.25252961172e-06, 1.90972150449e-06, 1.86503325494e-06, 1.69868803823e-06, 1.31157264605e-06, 8.74992394984e-07, 5.57399403078e-07, 2.7552871984e-07, 4.19417816033e-08],
        "min": [5.64999436652e-25, 3.0660913183e-24, 2.49440559523e-24, 1.06153856572e-24, 2.76742542414e-24, 2.95653727401e-24, 3.75569813886e-24, 2.79751119856e-24, 2.15831258985e-24, 5.58029830832e-24, 4.04557770026e-24, 4.77927592896e-24, 4.52159530313e-24, 4.02357518632e-24, 3.52957826013e-24, 3.75448684294e-24, 5.1457286407e-24, 4.41776503635e-24, 4.17964027236e-24, 6.45544994695e-24, 2.62862653116e-24, 3.93810131838e-24, 5.54920851119e-24, 3.61196334319e-24, 4.05455967052e-24, 5.06566951402e-24, 5.19130902381e-24, 6.17920426858e-24, 7.64760257933e-24, 3.90038548407e-24, 7.93318758196e-24, 5.88379005907e-24, 4.3555325884e-24, 6.54766344804e-24, 7.23124889331e-24, 7.56520290234e-24, 6.99390589047e-24, 6.98750191765e-24, 8.17612281975e-24, 6.68030370393e-24],
        "var": [1.58882062351e-06, 1.60964521001e-06, 1.1171348433e-06, 5.55935912416e-07, 4.32939003758e-07, 1.3781873065e-07, 5.02865020735e-08, 3.38843371139e-08, 8.99029473089e-08, 1.51267329329e-07, 1.60386576908e-07, 9.78743486257e-08, 3.37665575501e-08, 2.18200231217e-08, 3.13375601024e-08, 2.11124948635e-08, 1.89410869211e-08, 2.67828372813e-08, 2.57806966886e-08, 1.134049743e-08, 8.21423906672e-09, 5.82184078723e-09, 2.78777778639e-09, 5.95301941075e-09, 7.55849161038e-09, 1.81896986362e-09, 4.84351114771e-10, 2.57567855932e-10, 1.65459909662e-10, 1.72230826823e-10, 7.8163010786e-11, 1.00680644377e-10, 1.3363976592e-10, 2.95216462387e-10, 1.59917579179e-10, 1.38772576763e-10, 4.03148521511e-11, 6.90012240054e-12, 7.07618750921e-13, 2.42600773183e-14]
    },
    "mfcc": {
        "mean": [-622.565490723, 97.8506240845, -26.216999054, 27.8428974152, 1.62161946297, 9.96423244476, -2.07672595978, 17.384935379, -5.8222117424, 10.8044261932, -4.20484256744, 0.21403542161, -9.09832382202],
        "cov": [[2887.46582031, -603.393920898, -23.808216095, -10.0092735291, 95.3791656494, 119.33366394, 161.930557251, 195.535064697, 122.033210754, 97.5928878784, 77.1532287598, 14.5902767181, 47.1735038757], [-603.393920898, 903.885498047, -114.793899536, 90.4837799072, 13.4668359756, -115.822265625, -8.13556957245, -45.6570243835, -95.4255218506, -18.0553321838, -0.939951837063, -22.4468288422, -27.1759986877], [-23.808216095, -114.793899536, 719.067626953, 168.734802246, 142.927246094, 151.542922974, -21.4761600494, -87.0347900391, -1.26314365864, -59.729549408, -37.6169128418, 49.8379592896, 18.5779247284], [-10.0092735291, 90.4837799072, 168.734802246, 366.093261719, 178.026657104, 11.0669002533, -25.6175098419, -28.1412944794, -12.0312213898, -23.597951889, -25.8479290009, 17.5312614441, 31.7037391663], [95.3791656494, 13.4668359756, 142.927246094, 178.026657104, 347.526062012, 103.584289551, 50.2985534668, 25.0028324127, 27.2756309509, -9.26745319366, 4.46539306641, 18.7417354584, 51.1511383057], [119.33366394, -115.822265625, 151.542922974, 11.0669002533, 103.584289551, 252.005981445, 96.5715026855, 2.92185759544, 27.081861496, 3.41955447197, 3.6184489727, 28.8194789886, 22.8418064117], [161.930557251, -8.13556957245, -21.4761600494, -25.6175098419, 50.2985534668, 96.5715026855, 204.315246582, 74.9856567383, 33.7418556213, 36.1259994507, 43.7278747559, 15.3430175781, 18.0211009979], [195.535064697, -45.6570243835, -87.0347900391, -28.1412944794, 25.0028324127, 2.92185759544, 74.9856567383, 157.172485352, 59.2986450195, 32.110874176, 28.552652359, 7.2528834343, 12.5603895187], [122.033210754, -95.4255218506, -1.26314365864, -12.0312213898, 27.2756309509, 27.081861496, 33.7418556213, 59.2986450195, 143.268203735, 41.4489364624, 23.3558349609, 20.2087841034, 17.2408714294], [97.5928878784, -18.0553321838, -59.729549408, -23.597951889, -9.26745319366, 3.41955447197, 36.1259994507, 32.110874176, 41.4489364624, 100.75919342, 41.8042564392, 4.23237752914, -0.903709888458], [77.1532287598, -0.939951837063, -37.6169128418, -25.8479290009, 4.46539306641, 3.6184489727, 43.7278747559, 28.552652359, 23.3558349609, 41.8042564392, 105.946762085, 33.1878051758, 5.67004394531], [14.5902767181, -22.4468288422, 49.8379592896, 17.5312614441, 18.7417354584, 28.8194789886, 15.3430175781, 7.2528834343, 20.2087841034, 4.23237752914, 33.1878051758, 89.0501937866, 33.1547470093], [47.1735038757, -27.1759986877, 18.5779247284, 31.7037391663, 51.1511383057, 22.8418064117, 18.0211009979, 12.5603895187, 17.2408714294, -0.903709888458, 5.67004394531, 33.1547470093, 79.4201965332]],
