{
"lowlevel": {
    "average_loudness": 0.933054983616,
    "barkbands_crest": {
        "dmean": 2.15805101395,
        "dmean2": 3.53380155563,
        "dvar": 4.09018039703,
        "dvar2": 10.221362114,
        "max": 26.8791065216,
        "mean": 9.14210605621,
        "median": 8.22757053375,
        "min": 2.24020290375,
        "var": 17.4952068329
    },
    "barkbands_flatness_db": {
        "dmean": 0.0208459664136,
        "dmean2": 0.0310198292136,
        "dvar": 0.000313280848786,
        "dvar2": 0.000709371000994,
        "max": 0.535162091255,
        "mean": 0.18248526752,
        "median": 0.176127895713,
        "min": 0.0534368045628,
        "var": 0.00243934779428
    },
    "barkbands_kurtosis": {
        "dmean": 2.00064539909,
        "dmean2": 3.20933222771,
        "dvar": 477.081268311,
        "dvar2": 1396.10424805,
        "max": 1318.56018066,
        "mean": 2.39109539986,
        "median": 0.0377948284149,
        "min": -1.88194978237,
        "var": 526.674438477
    },
    "barkbands_skewness": {
        "dmean": 0.399235010147,
        "dmean2": 0.610148072243,
        "dvar": 0.441713482141,
        "dvar2": 1.14545023441,
        "max": 35.7767372131,
        "mean": 0.901384353638,
        "median": 0.758603692055,
        "min": -3.74147748947,
        "var": 1.89339625835
    },
    "barkbands_spread": {
        "dmean": 4.87350749969,
        "dmean2": 7.38835859299,
        "dvar": 29.2033863068,
        "dvar2": 60.9291763306,
        "max": 100.829307556,
        "mean": 24.6949691772,
        "median": 24.0677719116,
        "min": 0.41437536478,
        "var": 140.040023804
    },
    "dissonance": {
        "dmean": 0.0148165822029,
        "dmean2": 0.025411689654,
        "dvar": 0.000210482714465,
        "dvar2": 0.000572914839722,
        "max": 0.500000119209,
        "mean": 0.474985331297,
        "median": 0.479424357414,
        "min": 0.289734840393,
        "var": 0.00037656063796
    },
    "dynamic_complexity": 1.64042782784,
    "erbbands_crest": {
        "dmean": 2.54307246208,
        "dmean2": 4.14866876602,
        "dvar": 5.31039810181,
        "dvar2": 13.1592559814,
        "max": 33.8557167053,
        "mean": 8.8868598938,
        "median": 7.85247278214,
        "min": 2.09475803375,
        "var": 18.8840103149
    },
    "erbbands_flatness_db": {
        "dmean": 0.0177226141095,
        "dmean2": 0.0229588616639,
        "dvar": 0.000228626828175,
        "dvar2": 0.000382176949643,
        "max": 0.401121020317,
        "mean": 0.216891422868,
        "median": 0.215403228998,
        "min": 0.0244833845645,
        "var": 0.00310015468858
    },
    "erbbands_kurtosis": {
        "dmean": 0.739057898521,
        "dmean2": 1.19093167782,
        "dvar": 1.65715110302,
        "dvar2": 4.11590194702,
        "max": 61.0502166748,
        "mean": 0.161186352372,
        "median": -0.324033737183,
        "min": -1.72882914543,
        "var": 5.86509418488
    },
    "erbbands_skewness": {
        "dmean": 0.322202324867,
        "dmean2": 0.49304625392,
        "dvar": 0.0836288630962,
        "dvar2": 0.188133522868,
        "max": 4.7568397522,
        "mean": 0.0841590240598,
        "median": 0.0776406154037,
        "min": -3.11160230637,
        "var": 0.486430466175
    },
    "erbbands_spread": {
        "dmean": 6.20736932755,
        "dmean2": 9.52405548096,
        "dvar": 46.1427764893,
        "dvar2": 104.873512268,
        "max": 136.980102539,
        "mean": 32.9332733154,
        "median": 30.3279056549,
        "min": 1.16343653202,
        "var": 226.154373169
    },
    "hfc": {
        "dmean": 7.40016746521,
        "dmean2": 11.2021417618,
        "dvar": 101.922622681,
        "dvar2": 229.695175171,
        "max": 166.115997314,
        "mean": 25.7817516327,
        "median": 22.2675628662,
        "min": 1.19885284646e-16,
        "var": 309.017913818
    },
    "melbands_crest": {
        "dmean": 2.52691531181,
        "dmean2": 4.14323711395,
        "dvar": 5.88538408279,
        "dvar2": 15.3092718124,
        "max": 39.9744529724,
        "mean": 11.7590932846,
        "median": 10.947681427,
        "min": 2.20285511017,
        "var": 24.1057510376
    },
    "melbands_flatness_db": {
        "dmean": 0.0242446940392,
        "dmean2": 0.0314472317696,
        "dvar": 0.000477637862787,
        "dvar2": 0.000905824475922,
        "max": 0.518254637718,
        "mean": 0.199263140559,
        "median": 0.191191375256,
        "min": 0.00882815662771,
        "var": 0.0048959273845
    },
    "melbands_kurtosis": {
        "dmean": 4.68315649033,
        "dmean2": 7.67269849777,
        "dvar": 1814.04272461,
        "dvar2": 5050.36035156,
        "max": 2639.14599609,
        "mean": 8.5406332016,
        "median": 2.91345500946,
        "min": -1.8310431242,
        "var": 2881.45751953
    },
    "melbands_skewness": {
        "dmean": 0.518253982067,
        "dmean2": 0.810222804546,
        "dvar": 0.817248702049,
        "dvar2": 2.12315416336,
        "max": 49.9927253723,
        "mean": 1.86164176464,
        "median": 1.58752429485,
        "min": -2.78091859818,
        "var": 3.45703744888
    },
    "melbands_spread": {
        "dmean": 7.21935462952,
        "dmean2": 11.0180835724,
        "dvar": 81.6097259521,
        "dvar2": 160.336898804,
        "max": 224.011520386,
        "mean": 33.0353851318,
        "median": 29.4736061096,
        "min": 0.385728031397,
        "var": 421.868377686
    },
    "pitch_salience": {
        "dmean": 0.059101883322,
        "dmean2": 0.0958625674248,
        "dvar": 0.00276129879057,
        "dvar2": 0.00709045678377,
        "max": 0.965960502625,
        "mean": 0.56844329834,
        "median": 0.574075877666,
        "min": 0.00371839362197,
        "var": 0.0115835154429
    },
    "silence_rate_20dB": {
        "dmean": 0,
        "dmean2": 0,
        "dvar": 0,
        "dvar2": 0,
        "max": 1,
        "mean": 1,
        "median": 1,
        "min": 1,
        "var": 0
    },
    "silence_rate_30dB": {
        "dmean": 0,
        "dmean2": 0,
        "dvar": 0,
        "dvar2": 0,
        "max": 1,
        "mean": 1,
        "median": 1,
        "min": 1,
        "var": 0
    },
    "silence_rate_60dB": {
        "dmean": 0.00485672662035,
        "dmean2": 0.00971463229507,
        "dvar": 0.0048325303942,
        "dvar2": 0.0115608107299,
        "max": 1,
        "mean": 0.0116547290236,
        "median": 0,
        "min": 0,
        "var": 0.0115202059969
    },
    "spectral_centroid": {
        "dmean": 244.788284302,
        "dmean2": 370.837188721,
        "dvar": 69287.46875,
        "dvar2": 134956.328125,
        "max": 11453.0537109,
        "mean": 1791.97265625,
        "median": 1782.19262695,
        "min": 276.046966553,
        "var": 482958.3125
    },
    "spectral_complexity": {
        "dmean": 4.39776611328,
        "dmean2": 6.69556760788,
        "dvar": 21.6701507568,
        "dvar2": 41.2411499023,
        "max": 59,
        "mean": 25.1958236694,
        "median": 24,
        "min": 0,
        "var": 99.5546340942
    },
    "spectral_decrease": {
        "dmean": 1.44067702212e-09,
        "dmean2": 2.29343455338e-09,
        "dvar": 2.63601864423e-18,
        "dvar2": 6.59492780338e-18,
        "max": 4.90616840804e-29,
        "mean": -6.11707129394e-09,
        "median": -5.97484417497e-09,
        "min": -2.50143887826e-08,
        "var": 7.7158936046e-18
    },
    "spectral_energy": {
        "dmean": 0.0059488308616,
        "dmean2": 0.00944436434656,
        "dvar": 4.41077972937e-05,
        "dvar2": 0.000109837019409,
        "max": 0.0986327454448,
        "mean": 0.0254257358611,
        "median": 0.0250402037054,
        "min": 1.08513648268e-20,
        "var": 0.000125676728203
    },
    "spectral_energyband_high": {
        "dmean": 0.000474811240565,
        "dmean2": 0.000696898496244,
        "dvar": 1.13641021926e-06,
        "dvar2": 2.45446335612e-06,
        "max": 0.0287535805255,
        "mean": 0.000925973872654,
        "median": 0.000462101394078,
        "min": 7.79367311325e-21,
        "var": 2.76174387182e-06
    },
    "spectral_energyband_low": {
        "dmean": 0.00198631477542,
        "dmean2": 0.00319249858148,
        "dvar": 1.28393448904e-05,
        "dvar2": 3.33994430548e-05,
        "max": 0.0571918934584,
        "mean": 0.00709628360346,
        "median": 0.00445452332497,
        "min": 1.63464885326e-23,
        "var": 6.23936502961e-05
    },
    "spectral_energyband_middle_high": {
        "dmean": 0.00277490238659,
        "dmean2": 0.00433802418411,
        "dvar": 1.22902874864e-05,
        "dvar2": 2.90848183795e-05,
        "max": 0.0472804047167,
        "mean": 0.00923519581556,
        "median": 0.00709501979873,
        "min": 1.42209149404e-21,
        "var": 5.43227433809e-05
    },
    "spectral_energyband_middle_low": {
        "dmean": 0.00350831937976,
        "dmean2": 0.00569867575541,
        "dvar": 2.1842388378e-05,
        "dvar2": 5.5433720263e-05,
        "max": 0.0917089283466,
        "mean": 0.00909109227359,
        "median": 0.00727884843946,
        "min": 3.27117191382e-22,
        "var": 4.94136875204e-05
    },
    "spectral_entropy": {
        "dmean": 0.122383616865,
        "dmean2": 0.161900281906,
        "dvar": 0.0128573169932,
        "dvar2": 0.0218324940652,
        "max": 9.80326843262,
        "mean": 7.5177359581,
        "median": 7.53194189072,
        "min": 5.88875102997,
        "var": 0.121968895197
    },
    "spectral_flux": {
        "dmean": 0.0205945372581,
        "dmean2": 0.0328453630209,
        "dvar": 0.000437974435044,
        "dvar2": 0.000975356379058,
        "max": 0.266293048859,
        "mean": 0.0868236720562,
        "median": 0.0829528570175,
        "min": 6.5545659178e-11,
        "var": 0.00110034411773
    },
    "spectral_kurtosis": {
        "dmean": 2.5725748539,
        "dmean2": 4.51846265793,
        "dvar": 7.08932685852,
        "dvar2": 22.4595355988,
        "max": 34.0439682007,
        "mean": 3.64309549332,
        "median": 2.76735496521,
        "min": -1.30650174618,
        "var": 11.1693992615
    },
    "spectral_rms": {
        "dmean": 0.000579362851568,
        "dmean2": 0.000907470122911,
        "dvar": 3.4555537809e-07,
        "dvar2": 8.23534094252e-07,
        "max": 0.00980953965336,
        "mean": 0.00483871204779,
        "median": 0.00494261737913,
        "min": 3.25372042677e-12,
        "var": 1.39246878916e-06
    },
    "spectral_rolloff": {
        "dmean": 441.847747803,
        "dmean2": 723.453796387,
        "dvar": 449453.96875,
        "dvar2": 978466.5,
        "max": 19056.8847656,
        "mean": 1934.22119141,
        "median": 1744.18945312,
        "min": 21.533203125,
        "var": 1637315.75
    },
    "spectral_skewness": {
        "dmean": 0.293925702572,
        "dmean2": 0.490337282419,
        "dvar": 0.0714098140597,
        "dvar2": 0.217131331563,
        "max": 3.96516633034,
        "mean": 0.967302381992,
        "median": 0.940278410912,
        "min": -0.61868172884,
        "var": 0.215442940593
    },
    "spectral_spread": {
        "dmean": 367324.5625,
        "dmean2": 466853.75,
        "dvar": 303863201792,
        "dvar2": 485520506880,
        "max": 41642532,
        "mean": 3111673,
        "median": 2777786,
        "min": 1329146.75,
        "var": 1.83149238682e+12
    },
    "spectral_strongpeak": {
        "dmean": 0.73784327507,
        "dmean2": 1.25378882885,
        "dvar": 1.47321856022,
        "dvar2": 3.80425095558,
        "max": 15.895690918,
        "mean": 1.29202830791,
        "median": 0.550903439522,
        "min": 0,
        "var": 2.70653128624
    },
    "zerocrossingrate": {
        "dmean": 0.00841449201107,
        "dmean2": 0.00968682393432,
        "dvar": 0.000125341393868,
        "dvar2": 0.000123156540212,
        "max": 0.71826171875,
        "mean": 0.0670644268394,
        "median": 0.06591796875,
        "min": 0,
        "var": 0.00105473108124
    },
    "barkbands": {
        "dmean": [4.95758758916e-05, 0.00139842939097, 0.000728370039724, 0.000698015850503, 0.00111221417319, 0.00140992878005, 0.000749776663724, 0.000474964792375, 0.000820227374788, 0.000782229180913, 0.000733823922928, 0.000664174207486, 0.000771688704845, 0.000439205410657, 0.000433859910117, 0.000328120193444, 0.000306971604005, 0.000357125303708, 0.000444730219897, 0.000346464919858, 0.000119036834803, 8.51514560054e-05, 8.27164112707e-05, 6.26252294751e-05, 3.15429824695e-05, 1.83200343784e-09, 1.02646779965e-09],
        "dmean2": [8.60418658704e-05, 0.00224250298925, 0.00124763220083, 0.00121435604524, 0.00183532736264, 0.00227836100385, 0.00123599555809, 0.000770936836489, 0.00132214964833, 0.00125865824521, 0.00116133049596, 0.00107744603883, 0.00124953407794, 0.000706464226823, 0.000700454344042, 0.000524661911186, 0.000502509996295, 0.00057315354934, 0.000708653999027, 0.000539521628525, 0.000184003336472, 0.000126448125229, 0.000120390119264, 8.94589102245e-05, 4.75804736197e-05, 3.3089391227e-09, 1.8999817275e-09],
        "dvar": [7.29244753472e-09, 6.09232120041e-06, 4.0672130126e-06, 2.16137868847e-06, 4.77007915833e-06, 6.47996102998e-06, 3.11730286739e-06, 1.21412824683e-06, 3.03739966512e-06, 1.69756606283e-06, 2.18702643906e-06, 1.61070386184e-06, 2.87852572001e-06, 7.91822799329e-07, 6.30215083675e-07, 5.10263589604e-07, 3.77265820362e-07, 3.59523653515e-07, 6.89227192652e-07, 5.80740220357e-07, 9.09467772203e-08, 6.216984616e-08, 9.35701933713e-08, 4.71799168622e-08, 1.9259729811e-08, 1.13509402954e-16, 1.75358546869e-18],
        "dvar2": [2.07603001456e-08, 1.54074095917e-05, 1.14517206384e-05, 6.17763544142e-06, 1.20512277135e-05, 1.56492769747e-05, 7.38504650144e-06, 2.8422939522e-06, 7.43513191992e-06, 4.03081321565e-06, 4.64565755465e-06, 3.85675275538e-06, 7.38319113225e-06, 1.87950638519e-06, 1.55486020503e-06, 1.20010179216e-06, 9.20498166579e-07, 8.65265462835e-07, 1.67570237863e-06, 1.43885472426e-06, 1.97848009975e-07, 1.33723176532e-07, 1.94494674588e-07, 1.01083976745e-07, 4.81932751484e-08, 2.95307131511e-16, 5.49954090824e-18],
        "max": [0.00122393504716, 0.046138651669, 0.0383501462638, 0.0228361207992, 0.0404804944992, 0.0584041699767, 0.0555916205049, 0.0265644174069, 0.0513574592769, 0.0256498437375, 0.0318645089865, 0.0256449934095, 0.0458385571837, 0.0158462226391, 0.0169091150165, 0.0158331412822, 0.0131632359698, 0.0124271530658, 0.0169766396284, 0.0280259661376, 0.00945069920272, 0.00826029386371, 0.011370559223, 0.0098406355828, 0.00403094477952, 4.48046165502e-07, 1.57234918419e-08],
        "mean": [6.68808497721e-05, 0.00501226168126, 0.00128991820384, 0.00125285587274, 0.00181277992669, 0.00246620108373, 0.00117077340838, 0.00071670016041, 0.00133281759918, 0.00126136769541, 0.00112317234743, 0.00106804061215, 0.00139879668131, 0.000747343932744, 0.000743188196793, 0.000566881266423, 0.000552442623302, 0.000656864896882, 0.000903951004148, 0.00067648984259, 0.000215085354284, 0.000142156786751, 0.00012578786118, 8.85310946614e-05, 3.44437503372e-05, 1.45988454658e-09, 8.42781122667e-10],
        "median": [2.6137153327e-05, 0.00291134021245, 0.000734331086278, 0.000731357489713, 0.000904482381884, 0.00110993953422, 0.000520351808518, 0.000277991290204, 0.000548727752175, 0.000537845655344, 0.000465700140921, 0.000397890282329, 0.000455257948488, 0.000280333450064, 0.000324035208905, 0.000213774459553, 0.00022272154456, 0.000375024450477, 0.000374851602828, 0.000343897088896, 0.000104506201751, 4.89880658279e-05, 2.86009126285e-05, 1.45757030623e-05, 3.92769749169e-07, 4.13157036361e-10, 3.81652237591e-10],
        "min": [4.74064619929e-24, 1.17424769864e-23, 2.1383084578e-24, 4.97325327568e-24, 7.2043858129e-23, 6.26001770407e-23, 6.42405154743e-23, 1.64275282134e-23, 7.26644960239e-23, 6.54145424497e-23, 4.57909237684e-23, 7.83276022448e-23, 1.62491752824e-22, 7.5681573442e-23, 9.75371793913e-23, 3.89233594739e-23, 1.46900756381e-22, 9.86782067373e-23, 2.52368770971e-22, 2.50659934167e-22, 4.14483599744e-22, 4.45833487475e-22, 6.05316676269e-22, 8.42394748054e-22, 1.01150991588e-21, 1.6601506816e-21, 2.44303734755e-21],
        "var": [1.27566366359e-08, 3.56349082722e-05, 4.15117710872e-06, 2.67058089776e-06, 9.52927803155e-06, 1.55126926984e-05, 4.96462371302e-06, 2.21701566261e-06, 5.9541880546e-06, 3.68934684047e-06, 4.30369846072e-06, 3.40967858392e-06, 9.02465399122e-06, 1.780803359e-06, 1.35450636662e-06, 1.22650396861e-06, 9.07521155113e-07, 6.94956725056e-07, 1.88268279544e-06, 1.12923703455e-06, 1.98010837948e-07, 1.43100194805e-07, 1.74772864625e-07, 1.00808286163e-07, 2.46746498789e-08, 8.60442934647e-17, 1.44659030904e-18]
    },
    "erbbands": {
        "dmean": [0.0337488949299, 0.344245940447, 0.754405677319, 1.71777939796, 2.65838623047, 3.98590517044, 9.86874580383, 11.2507696152, 10.5303173065, 10.1596422195, 10.8079175949, 17.4571762085, 22.004026413, 26.6198730469, 22.1640396118, 25.3711204529, 32.6947822571, 24.8002929688, 20.6547451019, 18.7727165222, 16.2946529388, 15.9992618561, 16.9124221802, 23.7276172638, 18.2502288818, 15.3699378967, 6.85509538651, 3.83106255531, 3.00377130508, 3.02124166489, 2.21506047249, 1.63194954395, 0.889464378357, 0.444481819868, 0.163825258613, 0.00735781015828, 0.000228459321079, 2.04942625714e-05, 6.29474016023e-06, 7.89565274317e-06],
        "dmean2": [0.0547600165009, 0.55237609148, 1.27773559093, 2.96120047569, 4.53161334991, 6.66216659546, 15.7440433502, 18.2498397827, 17.348077774, 16.8390274048, 17.4338912964, 28.027923584, 34.8983917236, 42.8657569885, 35.7058563232, 40.6750869751, 53.1568107605, 39.5643386841, 32.9282188416, 30.144241333, 25.6143875122, 25.7871665955, 27.0703773499, 36.8564567566, 28.4490604401, 23.9287433624, 10.6064147949, 5.8382601738, 4.44413805008, 4.49981117249, 3.20016860962, 2.30458521843, 1.28325664997, 0.654881477356, 0.246502757072, 0.0109054055065, 0.000335935968906, 2.98503928207e-05, 9.48904744291e-06, 1.23887075461e-05],
        "dvar": [0.00383430020884, 0.369491577148, 3.54594016075, 15.776922226, 36.0071525574, 71.89453125, 398.925262451, 448.103088379, 690.556945801, 658.064697266, 555.948852539, 1377.33007812, 1883.15209961, 2317.0246582, 1659.47802734, 2427.25, 5431.97753906, 2303.48754883, 1510.27563477, 1281.7734375, 1196.8840332, 882.398132324, 757.145690918, 1995.69677734, 1225.31628418, 1251.82849121, 232.791259766, 131.051620483, 81.0355911255, 101.325279236, 61.9568634033, 28.7110347748, 11.3516149521, 3.80863261223, 0.602212250233, 0.00155274861027, 1.16922035431e-06, 6.63513466392e-09, 1.91435978181e-10, 8.71461375285e-11],
        "dvar2": [0.0100184250623, 0.925710737705, 9.90865802765, 45.1030654907, 95.71118927, 186.850967407, 979.773986816, 1071.82202148, 1679.15905762, 1691.68774414, 1318.6875, 3275.73901367, 4440.58789062, 5477.70263672, 3948.29931641, 5830.94726562, 14243.2324219, 5586.59570312, 3531.90185547, 3111.02758789, 2739.95141602, 2160.73950195, 1793.52209473, 4656.27392578, 2880.1003418, 3396.66674805, 548.108459473, 278.158599854, 173.903381348, 216.160797119, 128.540664673, 57.4388427734, 25.7596969604, 9.36878967285, 1.52395498753, 0.003910779953, 2.91105743599e-06, 1.62072115728e-08, 4.56303439478e-10, 2.12602824234e-10],
        "max": [1.08184623718, 11.6302623749, 33.6660614014, 62.5244064331, 116.590354919, 167.267654419, 520.066101074, 488.773406982, 991.013366699, 860.589233398, 513.640197754, 756.465026855, 1395.24536133, 1361.59533691, 897.334411621, 1001.59283447, 1929.37597656, 903.688964844, 953.899169922, 824.659423828, 774.968566895, 701.183898926, 586.893188477, 966.818847656, 783.298583984, 1575.93994141, 384.401885986, 420.524627686, 341.672576904, 329.681976318, 292.698760986, 200.043792725, 138.043441772, 67.0313491821, 17.6626300812, 1.02186143398, 0.0246382076293, 0.00209608674049, 0.000353985553375, 0.00013990959269],
        "mean": [0.117530398071, 1.20140135288, 1.64369261265, 3.36529946327, 4.02266216278, 6.15787315369, 16.7714099884, 18.9348564148, 16.8428649902, 16.6063137054, 17.7671737671, 28.5171127319, 36.7873497009, 49.9793014526, 38.2236671448, 43.8773269653, 64.3507080078, 45.6420402527, 38.076965332, 35.9664726257, 31.0034427643, 31.6400260925, 34.4207992554, 48.6167182922, 40.1821174622, 31.3261165619, 13.2604198456, 7.00248241425, 5.15202474594, 4.56613969803, 3.37187838554, 2.3343629837, 1.19800138474, 0.519899487495, 0.16860589385, 0.00763613078743, 0.000262736342847, 2.90010593744e-05, 1.9262844944e-05, 3.23930071318e-05],
        "median": [0.0611122101545, 0.669338583946, 1.08255398273, 1.97287678719, 2.39443898201, 2.92655897141, 6.46124076843, 8.85078716278, 7.70953226089, 7.23949956894, 8.31462287903, 11.6822090149, 17.2523097992, 22.8836135864, 17.9279918671, 18.3546066284, 23.4453048706, 19.4650554657, 17.3784103394, 16.8059272766, 13.3711280823, 14.1244544983, 21.3256282806, 22.816860199, 17.4549732208, 16.1981525421, 7.09726476669, 3.07672166824, 1.92014181614, 1.20591747761, 0.743124186993, 0.435608148575, 0.156078159809, 0.0255914684385, 0.00141067930963, 0.000106978288386, 2.77631988865e-05, 8.98873531696e-06, 1.62328942679e-05, 3.14050048473e-05],
        "min": [5.0663974433e-22, 1.67988558331e-21, 2.16775886944e-21, 1.02485181813e-20, 7.19291316011e-20, 2.59344877629e-19, 5.13022585784e-19, 4.85531961909e-19, 9.03324966083e-19, 4.8210029974e-19, 5.03334026065e-19, 1.42764104877e-18, 3.26012538243e-18, 9.38434853978e-19, 2.575144355e-18, 3.9598881274e-18, 7.41646414902e-18, 3.29835043251e-18, 6.43155053341e-18, 5.13314208309e-18, 2.90952281185e-18, 8.63605510827e-18, 7.85858143308e-18, 7.65394356698e-18, 1.71211795332e-17, 9.52483089795e-18, 1.58896432588e-17, 1.62140717668e-17, 1.41136616682e-17, 2.04842345148e-17, 1.61312130849e-17, 1.60621832084e-17, 1.39204504751e-17, 9.78253322753e-18, 8.78015658842e-18, 5.41718101619e-18, 3.14273294387e-18, 1.55905647346e-18, 3.5168721116e-19, 3.18772983729e-20],
        "var": [0.022562129423, 2.18664932251, 4.5246963501, 20.089756012, 36.6416130066, 119.241577148, 954.121520996, 1051.86437988, 968.847900391, 1088.74975586, 1009.80444336, 2778.33276367, 3662.38916016, 7511.64013672, 3436.49853516, 5397.52978516, 16664.0527344, 5372.34765625, 3168.98510742, 3014.89453125, 3231.50488281, 2609.35009766, 1681.38684082, 5185.86962891, 3883.58422852, 2350.37304688, 479.088897705, 285.845397949, 186.38168335, 186.663482666, 124.413848877, 65.509147644, 20.4427814484, 5.43719625473, 0.679312705994, 0.00172863295302, 1.41871657888e-06, 9.18899267788e-09, 3.3759478546e-10, 2.28213170583e-10]
    },
    "gfcc": {
        "mean": [-19.8366165161, 135.670227051, -175.328994751, 53.2657203674, -61.0193405151, 5.5201125145, -18.9006576538, -7.43293857574, -10.3926868439, -15.9717702866, 8.10361194611, -15.8291387558, 3.03991603851],
        "cov": [[4966.63916016, -320.943023682, 176.191329956, 580.259643555, -424.353088379, 616.979797363, -423.491333008, 340.517669678, -60.3843612671, 53.0018844604, 59.4409332275, -16.8265304565, 55.1933860779], [-320.943023682, 1447.51245117, -231.965759277, -22.6737861633, 553.614624023, -524.392822266, 478.083129883, -297.515594482, 188.014068604, -63.9192047119, 63.2609786987, -7.56161165237, -19.504699707], [176.191329956, -231.965759277, 1170.17956543, 337.782623291, -128.320617676, 512.427612305, -338.468658447, 264.774749756, -42.4960021973, 109.239517212, -27.5541133881, 35.3973731995, 104.330444336], [580.259643555, -22.6737861633, 337.782623291, 447.440032959, 54.4969329834, 213.374191284, -20.6970329285, 59.707649231, 110.546646118, 24.621339798, 14.8854942322, 47.405834198, 28.2894897461], [-424.353088379, 553.614624023, -128.320617676, 54.4969329834, 575.656433105, -204.44291687, 315.97567749, -53.7187080383, 11.6423406601, 85.0999145508, 29.1704292297, 14.4534187317, -0.448249995708], [616.979797363, -524.392822266, 512.427612305, 213.374191284, -204.44291687, 615.708984375, -219.515258789, 233.345565796, -56.3684768677, 41.2393760681, 19.1784172058, -15.6847963333, 32.5277252197], [-423.491333008, 478.083129883, -338.468658447, -20.6970329285, 315.97567749, -219.515258789, 512.586914062, -138.128570557, 64.3631668091, -4.45205783844, 7.55475234985, 5.30207920074, -79.0841217041], [340.517669678, -297.515594482, 264.774749756, 59.707649231, -53.7187080383, 233.345565796, -138.128570557, 303.989685059, -61.3609466553, 70.895942688, -8.79020690918, -32.427280426, 56.5393600464], [-60.3843612671, 188.014068604, -42.4960021973, 110.546646118, 11.6423406601, -56.3684768677, 64.3631668091, -61.3609466553, 268.452850342, -51.1284217834, -10.2972517014, 56.5833854675, -35.4604072571], [53.0018844604, -63.9192047119, 109.239517212, 24.621339798, 85.0999145508, 41.2393760681, -4.45205783844, 70.895942688, -51.1284217834, 163.271759033, -2.81401705742, 22.5328979492, 23.3392486572], [59.4409332275, 63.2609786987, -27.5541133881, 14.8854942322, 29.1704292297, 19.1784172058, 7.55475234985, -8.79020690918, -10.2972517014, -2.81401705742, 142.237915039, -23.8044719696, 13.8689012527], [-16.8265304565, -7.56161165237, 35.3973731995, 47.405834198, 14.4534187317, -15.6847963333, 5.30207920074, -32.427280426, 56.5833854675, 22.5328979492, -23.8044719696, 132.898147583, -6.20180511475], [55.1933860779, -19.504699707, 104.330444336, 28.2894897461, -0.448249995708, 32.5277252197, -79.0841217041, 56.5393600464, -35.4604072571, 23.3392486572, 13.8689012527, -6.20180511475, 111.563682556]],
        "icov": [[0.00068050425034, -0.00130234844983, 0.00135542964563, -0.0017319440376, 0.00132189888973, -0.000970246910583, 0.000998542294838, -0.0011617206037, 0.00129365467001, -0.000894152792171, 0.000378091732273, -0.000611097493675, 0.000709325599018], [-0.00130234844983, 0.00512764416635, -0.0038759089075, 0.00396118499339, -0.00422880984843, 0.00337129901163, -0.00309846410528, 0.00348409009166, -0.00402380898595, 0.00289736641571, -0.0017160550924, 0.00238310289569, -0.00234039546922], [0.00135542964563, -0.0038759089075, 0.00520156044513, -0.00459755724296, 0.0032173646614, -0.00362188927829, 0.00334951817058, -0.00312134926207, 0.00345831993036, -0.00285046757199, 0.00182191724889, -0.00206758454442, 0.00133259757422], [-0.0017319440376, 0.00396118499339, -0.00459755724296, 0.00875554513186, -0.00466933753341, 0.0014080820838, -0.00304369442165, 0.00368427671492, -0.00563683174551, 0.00270572514273, -0.00153490051161, 0.00133198034018, -0.00291821034625], [0.00132189888973, -0.00422880984843, 0.0032173646614, -0.00466933753341, 0.00729578826576, -0.00156328640878, 0.000564302376006, -0.0034346987959, 0.00394532410428, -0.00411517592147, 0.000668229651637, -0.00190325535368, 0.00133379036561], [-0.000970246910583, 0.00337129901163, -0.00362188927829, 0.0014080820838, -0.00156328640878, 0.00632534874603, -0.00227189739235, 0.000425793405157, -0.00176771834958, 0.0020261912141, -0.00211762590334, 0.00166256993543, -0.000207432924071], [0.000998542294838, -0.00309846410528, 0.00334951817058, -0.00304369442165, 0.000564302376006, -0.00227189739235, 0.00620715692639, -0.00165077322163, 0.00219352194108, -0.00177418754902, 0.00130331749097, -0.0010795010021, 0.00335140479729], [-0.0011617206037, 0.00348409009166, -0.00312134926207, 0.00368427671492, -0.0034346987959, 0.000425793405157, -0.00165077322163, 0.00859005469829, -0.00322573282756, 0.000191663464648, -0.000136622082209, 0.00331371976063, -0.00335707981139], [0.00129365467001, -0.00402380898595, 0.00345831993036, -0.00563683174551, 0.00394532410428, -0.00176771834958, 0.00219352194108, -0.00322573282756, 0.00905259232968, -0.000680542550981, 0.00130744243506, -0.00384248490445, 0.00321629270911], [-0.000894152792171, 0.00289736641571, -0.00285046757199, 0.00270572514273, -0.00411517592147, 0.0020261912141, -0.00177418754902, 0.000191663464648, -0.000680542550981, 0.0106772193685, -0.000958007003646, -0.00110878166743, -0.00142616848461], [0.000378091732273, -0.0017160550924, 0.00182191724889, -0.00153490051161, 0.000668229651637, -0.00211762590334, 0.00130331749097, -0.000136622082209, 0.00130744243506, -0.000958007003646, 0.00847013108432, 0.000700096949004, -0.000586479320191], [-0.000611097493675, 0.00238310289569, -0.00206758454442, 0.00133198034018, -0.00190325535368, 0.00166256993543, -0.0010795010021, 0.00331371976063, -0.00384248490445, -0.00110878166743, 0.000700096949004, 0.0108113475144, -0.00109763478395], [0.000709325599018, -0.00234039546922, 0.00133259757422, -0.00291821034625, 0.00133379036561, -0.000207432924071, 0.00335140479729, -0.00335707981139, 0.00321629270911, -0.00142616848461, -0.000586479320191, -0.00109763478395, 0.0131726013497]]
    },
    "melbands": {
        "dmean": [0.000349778158125, 0.000397553259972, 0.000307980168145, 0.000222182861762, 0.000297475780826, 0.000252586061833, 0.000157694230438, 0.00010830762767, 9.64493301581e-05, 0.000116451468784, 0.000112894747872, 0.000109869404696, 8.36275430629e-05, 6.89360240358e-05, 7.43945056456e-05, 8.29119599075e-05, 4.59490256617e-05, 3.61003330909e-05, 3.53718060069e-05, 2.42336445808e-05, 2.02344945137e-05, 1.8611914129e-05, 1.60549807333e-05, 1.68598144228e-05, 2.21301979764e-05, 1.57481499627e-05, 1.41532409543e-05, 1.0784719052e-05, 5.40220935363e-06, 2.86492490886e-06, 2.18271816266e-06, 1.76221738002e-06, 1.78996970135e-06, 1.74508943473e-06, 1.27746375256e-06, 1.26180316329e-06, 9.54330516834e-07, 5.83857854508e-07, 6.53687891372e-07, 3.05844821469e-07],
        "dmean2": [0.000560326792765, 0.000651385867968, 0.000529224344064, 0.000371619564248, 0.000477636727737, 0.000408911379054, 0.0002587736235, 0.00017830307479, 0.000155092362547, 0.0001877660834, 0.000179030379513, 0.000177599882591, 0.000132827699417, 0.00011059758981, 0.000119486561744, 0.000132936489535, 7.34741115593e-05, 5.76044985792e-05, 5.68631367059e-05, 3.90393252019e-05, 3.20503859257e-05, 3.03087053908e-05, 2.61381937889e-05, 2.68174917437e-05, 3.4676730138e-05, 2.52675999945e-05, 2.20582733164e-05, 1.70803450601e-05, 8.48959007271e-06, 4.4659800551e-06, 3.37798974215e-06, 2.65649123321e-06, 2.73215550806e-06, 2.63937977252e-06, 1.87888292658e-06, 1.83446377378e-06, 1.38273821904e-06, 8.26980283364e-07, 1.0128426311e-06, 4.45549886763e-07],
        "dvar": [3.93130250131e-07, 6.54851533e-07, 4.74053592825e-07, 2.29024010423e-07, 3.25084840824e-07, 2.11196720556e-07, 1.35902723741e-07, 7.02160960486e-08, 4.45411778571e-08, 6.17882989218e-08, 4.80357655874e-08, 3.7490018201e-08, 2.52402259093e-08, 1.81272952204e-08, 1.800410665e-08, 4.38589964347e-08, 9.14432174426e-09, 5.19820630984e-09, 4.59404825293e-09, 3.12591352802e-09, 2.26388374713e-09, 1.29172061936e-09, 8.3706297449e-10, 8.03690114459e-10, 1.88095894416e-09, 9.91429827124e-10, 9.09871289423e-10, 8.38591751595e-10, 1.50290807577e-10, 6.49643394635e-11, 4.26933835507e-11, 2.70244902845e-11, 3.18271693722e-11, 4.17251858065e-11, 2.29980270938e-11, 1.82699862183e-11, 1.11354900995e-11, 4.8465697601e-12, 7.89009396013e-12, 2.02606442908e-12],
        "dvar2": [1.00299428141e-06, 1.7578470306e-06, 1.34558456466e-06, 5.91567015817e-07, 8.03286866358e-07, 5.11723385443e-07, 3.22800445929e-07, 1.77344773533e-07, 1.06348629458e-07, 1.49564570506e-07, 1.1341795414e-07, 8.94257397022e-08, 5.58851489529e-08, 4.12367953118e-08, 4.43806413841e-08, 1.1296447866e-07, 2.2035219871e-08, 1.19194361048e-08, 1.14042491006e-08, 7.81489717383e-09, 5.14061548884e-09, 3.17143644679e-09, 2.07645745043e-09, 1.87515536432e-09, 4.42536229883e-09, 2.34618013906e-09, 2.04555883343e-09, 2.36057351444e-09, 3.58691187863e-10, 1.42428457917e-10, 9.34456123591e-11, 5.94998217363e-11, 7.2285399888e-11, 9.25403365049e-11, 4.85414625162e-11, 3.74602467101e-11, 2.29467313206e-11, 1.02278593581e-11, 2.05133791897e-11, 4.9194029926e-12],
        "max": [0.0117823118344, 0.0150956092402, 0.010996947065, 0.00782678090036, 0.0134719163179, 0.00969994906336, 0.012703416869, 0.00793465320021, 0.00573830539361, 0.00602070009336, 0.00695074535906, 0.00509120896459, 0.00376166473143, 0.00344753894024, 0.00327242794447, 0.00633699772879, 0.00188185181469, 0.0019548041746, 0.00117978057824, 0.0014085653238, 0.00126860814635, 0.000896490353625, 0.000561062712222, 0.000681855541188, 0.000891995325219, 0.000672946858685, 0.00096920679789, 0.0014994146768, 0.0003278524091, 0.000306867557811, 0.000232203674386, 0.000195289307158, 0.000167023652466, 0.000257101433817, 0.000168410362676, 0.00018067000201, 0.000163064396475, 9.210256394e-05, 7.9698387708e-05, 5.36213810847e-05],
        "mean": [0.00128562992904, 0.00117493886501, 0.000595116056502, 0.000336786702974, 0.000525390321855, 0.000436459988123, 0.000254105689237, 0.000174611675902, 0.000152720822371, 0.000187619880307, 0.000182437041076, 0.000200419526664, 0.000134411006002, 0.000110093496914, 0.000121978038806, 0.000151648753672, 7.50348044676e-05, 5.84333502047e-05, 6.00126768404e-05, 4.1336119466e-05, 3.46956439898e-05, 3.33746065735e-05, 2.93390367005e-05, 3.11077237711e-05, 4.13846682932e-05, 3.02309508697e-05, 2.70664277195e-05, 1.97758436116e-05, 9.45169176703e-06, 4.72244482808e-06, 3.73729471903e-06, 2.91199762614e-06, 2.65480457529e-06, 2.48406649916e-06, 1.91898175217e-06, 1.77883237029e-06, 1.29630450374e-06, 8.21449646082e-07, 7.1534094559e-07, 3.52570651785e-07],
        "median": [0.000705493497662, 0.000749237835407, 0.000381920457585, 0.000185495882761, 0.000217241627979, 0.000208321202081, 0.000116268543934, 7.22803451936e-05, 6.57504278934e-05, 7.30399042368e-05, 7.88061297499e-05, 8.77332131495e-05, 6.0266636865e-05, 4.3107826059e-05, 4.85657001263e-05, 4.54697765235e-05, 2.83731205855e-05, 2.29483594012e-05, 2.50770644925e-05, 1.53901783051e-05, 1.35597119879e-05, 1.32765117087e-05, 1.50377891259e-05, 1.75443219632e-05, 1.73995813384e-05, 1.20088643598e-05, 1.16396695375e-05, 9.50852518145e-06, 4.6848472266e-06, 2.1580651719e-06, 1.49359573243e-06, 1.09198094833e-06, 7.69595942529e-07, 6.06308333317e-07, 3.99346646418e-07, 3.68733793721e-07, 2.14388535369e-07, 1.07496099133e-07, 4.35093667761e-08, 2.38997888147e-09],
        "min": [4.16280519179e-24, 1.39355473794e-24, 3.15946523378e-24, 1.12763311889e-23, 1.80297394218e-23, 1.18937781415e-23, 1.46194937285e-23, 4.83147682721e-24, 4.17986154785e-24, 1.04120149492e-23, 1.58268232559e-23, 2.89495465023e-24, 6.84980230234e-24, 9.20314950973e-24, 1.43462133783e-23, 1.61684284268e-23, 4.38645988019e-24, 1.19168373346e-23, 6.72323035895e-24, 4.91144996806e-24, 3.18635257166e-24, 9.16636650344e-24, 7.924538511e-24, 4.83704736849e-24, 5.17529672515e-24, 1.35049421323e-23, 1.09585575059e-23, 4.73832221506e-24, 8.02576198691e-24, 1.21492531122e-23, 8.21547672373e-24, 7.78862803222e-24, 8.94668372969e-24, 1.2504583674e-23, 1.00897834133e-23, 8.84569927863e-24, 9.60115823541e-24, 9.77123585771e-24, 9.77556591522e-24, 7.5093625943e-24],
        "var": [2.43120757659e-06, 1.87444265976e-06, 5.41206816251e-07, 2.80343925851e-07, 8.67541018579e-07, 4.98688677908e-07, 2.10780243037e-07, 1.23092021909e-07, 8.22344219387e-08, 1.26804593492e-07, 9.52606242777e-08, 1.193660637e-07, 4.95661112154e-08, 3.74078332754e-08, 4.09334290907e-08, 1.36095636094e-07, 1.85212449821e-08, 1.00149950555e-08, 9.88355530751e-09, 7.01439706319e-09, 5.78856118594e-09, 3.60417162781e-09, 1.84104886891e-09, 1.58438451248e-09, 4.57834881118e-09, 2.35227659573e-09, 2.37923636348e-09, 1.27569643738e-09, 2.70000494185e-10, 1.27830121488e-10, 9.13308803585e-11, 5.9392255003e-11, 5.95973825845e-11, 6.5287913964e-11, 4.39201244817e-11, 3.71361726093e-11, 2.29711440841e-11, 1.00233476033e-11, 9.1014400877e-12, 2.93677582253e-12]
    },
    "mfcc": {
        "mean": [-632.272277832, 135.818481445, -38.2229881287, 35.5507698059, -10.7308206558, 7.32768678665, 4.52287340164, 5.89765977859, -9.83379077911, 6.92958402634, -6.63918685913, 1.56225323677, -3.3764603138],
        "cov": [[2976.44726562, -806.748168945, 469.881744385, -12.2508573532, 126.197853088, 210.053665161, -120.183738708, 252.287490845, -13.8810253143, 97.5030899048, 89.4462585449, 38.0485305786, 75.3882064819], [-806.748168945, 1475.81384277, -670.881469727, 419.610473633, -40.3257713318, -56.213973999, 200.984069824, -117.65460968, 43.2394981384, 10.5287837982, -10.7560930252, 38.878326416, 3.81942391396], [469.881744385, -670.881469727, 1445.75219727, -243.376296997, 378.901062012, 136.263397217, -108.823631287, 105.616470337, 71.2693710327, -31.3192615509, 29.5888938904, 32.3531188965, 26.3897953033], [-12.2508573532, 419.610473633, -243.376296997, 506.922576904, 19.7306632996, 119.681632996, 35.8846092224, 28.4622573853, 64.205947876, 31.2840480804, 24.859910965, 35.9706344604, 56.9599876404], [126.197853088, -40.3257713318, 378.901062012, 19.7306632996, 404.280853271, -5.45098733902, 88.9357681274, -23.0417423248, 74.5685958862, 8.97289466858, -4.26017284393, 50.5785865784, 40.7990379333], [210.053665161, -56.213973999, 136.263397217, 119.681632996, -5.45098733902, 335.503875732, -38.9540100098, 136.171401978, 7.02164125443, 12.9207038879, 74.2242889404, 13.6532840729, 36.4882888794], [-120.183738708, 200.984069824, -108.823631287, 35.8846092224, 88.9357681274, -38.9540100098, 465.987884521, -95.3774337769, 47.2549705505, 49.8436775208, 24.9095973969, -2.35030555725, -15.2338314056], [252.287490845, -117.65460968, 105.616470337, 28.4622573853, -23.0417423248, 136.171401978, -95.3774337769, 243.631912231, -1.51047873497, 50.5408363342, 40.4247322083, 8.38397026062, 16.1836585999], [-13.8810253143, 43.2394981384, 71.2693710327, 64.205947876, 74.5685958862, 7.02164125443, 47.2549705505, -1.51047873497, 210.226364136, -20.7912654877, 62.0194015503, 2.32267332077, 18.7909431458], [97.5030899048, 10.5287837982, -31.3192615509, 31.2840480804, 8.97289466858, 12.9207038879, 49.8436775208, 50.5408363342, -20.7912654877, 166.476287842, -18.6539974213, 25.310377121, -22.9581813812], [89.4462585449, -10.7560930252, 29.5888938904, 24.859910965, -4.26017284393, 74.2242889404, 24.9095973969, 40.4247322083, 62.0194015503, -18.6539974213, 159.907348633, -10.3666248322, 41.2121810913], [38.0485305786, 38.878326416, 32.3531188965, 35.9706344604, 50.5785865784, 13.6532840729, -2.35030555725, 8.38397026062, 2.32267332077, 25.310377121, -10.3666248322, 119.640937805, 4.23952007294], [75.3882064819, 3.81942391396, 26.3897953033, 56.9599876404, 40.7990379333, 36.4882888794, -15.2338314056, 16.1836585999, 18.7909431458, -22.9581813812, 41.2121810913, 4.23952007294, 122.343490601]],
