{
"lowlevel": {
    "average_loudness": 0.975228190422,
    "barkbands_crest": {
        "dmean": 2.30112338066,
        "dmean2": 3.79128026962,
        "dvar": 4.33985280991,
        "dvar2": 11.2083368301,
        "max": 23.5130577087,
        "mean": 8.25774860382,
        "median": 7.62353134155,
        "min": 2.15825796127,
        "var": 11.3077735901
    },
    "barkbands_flatness_db": {
        "dmean": 0.0157748386264,
        "dmean2": 0.0253892149776,
        "dvar": 0.000199252506718,
        "dvar2": 0.000490483245812,
        "max": 0.377972960472,
        "mean": 0.132089436054,
        "median": 0.128449261189,
        "min": 0.0383105352521,
        "var": 0.000933116883971
    },
    "barkbands_kurtosis": {
        "dmean": 1.01986992359,
        "dmean2": 1.65941393375,
        "dvar": 3.21480679512,
        "dvar2": 7.84447622299,
        "max": 64.8832397461,
        "mean": 0.460491001606,
        "median": -0.30483341217,
        "min": -1.90104997158,
        "var": 7.79701709747
    },
    "barkbands_skewness": {
        "dmean": 0.378809034824,
        "dmean2": 0.594847023487,
        "dvar": 0.148970991373,
        "dvar2": 0.344809085131,
        "max": 5.83118057251,
        "mean": 0.643021643162,
        "median": 0.588620781898,
        "min": -3.05426955223,
        "var": 0.677962303162
    },
    "barkbands_spread": {
        "dmean": 5.14418935776,
        "dmean2": 7.90476799011,
        "dvar": 32.3194885254,
        "dvar2": 68.8403320312,
        "max": 97.1334762573,
        "mean": 28.5706710815,
        "median": 28.1967105865,
        "min": 1.31062316895,
        "var": 152.056442261
    },
    "dissonance": {
        "dmean": 0.0128643019125,
        "dmean2": 0.0217228792608,
        "dvar": 0.000169046135852,
        "dvar2": 0.000464587268652,
        "max": 0.500000059605,
        "mean": 0.476867139339,
        "median": 0.481493711472,
        "min": 0.245325401425,
        "var": 0.000330627110088
    },
    "dynamic_complexity": 1.36751782894,
    "erbbands_crest": {
        "dmean": 2.4666466713,
        "dmean2": 4.01227807999,
        "dvar": 5.54196357727,
        "dvar2": 13.1908121109,
        "max": 27.715051651,
        "mean": 8.90094280243,
        "median": 7.79318761826,
        "min": 2.28978323936,
        "var": 18.2054672241
    },
    "erbbands_flatness_db": {
        "dmean": 0.0144516164437,
        "dmean2": 0.0216208249331,
        "dvar": 0.000178757778485,
        "dvar2": 0.000366120453691,
        "max": 0.361269623041,
        "mean": 0.178674012423,
        "median": 0.172768995166,
        "min": 0.0669599547982,
        "var": 0.00156723102555
    },
    "erbbands_kurtosis": {
        "dmean": 0.766687095165,
        "dmean2": 1.22851145267,
        "dvar": 1.15418815613,
        "dvar2": 2.79884886742,
        "max": 36.4569168091,
        "mean": 0.419779360294,
        "median": -0.0966489315033,
        "min": -1.75238406658,
        "var": 3.34448194504
    },
    "erbbands_skewness": {
        "dmean": 0.308905631304,
        "dmean2": 0.473243325949,
        "dvar": 0.0828665718436,
        "dvar2": 0.181692391634,
        "max": 4.40342950821,
        "mean": -0.0809544175863,
        "median": -0.136203438044,
        "min": -3.39042758942,
        "var": 0.591344773769
    },
    "erbbands_spread": {
        "dmean": 5.98604726791,
        "dmean2": 9.26637268066,
        "dvar": 36.6463623047,
        "dvar2": 83.6779556274,
        "max": 105.910652161,
        "mean": 33.4093742371,
        "median": 32.7141113281,
        "min": 4.99895620346,
        "var": 202.326705933
    },
    "hfc": {
        "dmean": 6.96305704117,
        "dmean2": 10.5046491623,
        "dvar": 80.206451416,
        "dvar2": 177.172424316,
        "max": 162.401596069,
        "mean": 30.077955246,
        "median": 27.4452114105,
        "min": 1.11792625988e-16,
        "var": 250.85345459
    },
    "melbands_crest": {
        "dmean": 3.04641413689,
        "dmean2": 5.07328271866,
        "dvar": 7.16480588913,
        "dvar2": 18.903553009,
        "max": 29.0869598389,
        "mean": 11.5029659271,
        "median": 10.7676830292,
        "min": 2.10815787315,
        "var": 17.6553058624
    },
    "melbands_flatness_db": {
        "dmean": 0.0190008878708,
        "dmean2": 0.029942387715,
        "dvar": 0.000349710899172,
        "dvar2": 0.000791665515862,
        "max": 0.450174301863,
        "mean": 0.137128263712,
        "median": 0.132429510355,
        "min": 0.00454038055614,
        "var": 0.00150137743913
    },
    "melbands_kurtosis": {
        "dmean": 2.71760797501,
        "dmean2": 4.45705842972,
        "dvar": 20.7579593658,
        "dvar2": 56.3705215454,
        "max": 87.856300354,
        "mean": 4.36891126633,
        "median": 2.37832832336,
        "min": -1.75980889797,
        "var": 48.4306297302
    },
    "melbands_skewness": {
        "dmean": 0.496981322765,
        "dmean2": 0.788376629353,
        "dvar": 0.265692830086,
        "dvar2": 0.672466516495,
        "max": 8.217212677,
        "mean": 1.61075460911,
        "median": 1.54484546185,
        "min": -1.20119142532,
        "var": 1.25518429279
    },
    "melbands_spread": {
        "dmean": 8.52984619141,
        "dmean2": 13.3976697922,
        "dvar": 97.5761947632,
        "dvar2": 218.371246338,
        "max": 185.637207031,
        "mean": 37.750377655,
        "median": 36.1329078674,
        "min": 1.95717203617,
        "var": 326.114624023
    },
    "pitch_salience": {
        "dmean": 0.0618188008666,
        "dmean2": 0.101600818336,
        "dvar": 0.00291836843826,
        "dvar2": 0.00766086066142,
        "max": 0.890788793564,
        "mean": 0.59324324131,
        "median": 0.592782795429,
        "min": 0.244156807661,
        "var": 0.00938959419727
    },
    "silence_rate_20dB": {
        "dmean": 0,
        "dmean2": 0,
        "dvar": 0,
        "dvar2": 0,
        "max": 1,
        "mean": 1,
        "median": 1,
        "min": 1,
        "var": 0
    },
    "silence_rate_30dB": {
        "dmean": 0.000233481201576,
        "dmean2": 0.00046701694373,
        "dvar": 0.000233426544582,
        "dvar2": 0.000466798926936,
        "max": 1,
        "mean": 0.999766528606,
        "median": 1,
        "min": 0,
        "var": 0.000233399288845
    },
    "silence_rate_60dB": {
        "dmean": 0.00210133078508,
        "dmean2": 0.00420315237716,
        "dvar": 0.0020968047902,
        "dvar2": 0.00465288665146,
        "max": 1,
        "mean": 0.00536944065243,
        "median": 0,
        "min": 0,
        "var": 0.00534042203799
    },
    "spectral_centroid": {
        "dmean": 227.389465332,
        "dmean2": 350.27130127,
        "dvar": 63493.15625,
        "dvar2": 122748.164062,
        "max": 10992.59375,
        "mean": 1871.91040039,
        "median": 1896.6229248,
        "min": 285.146881104,
        "var": 243296.296875
    },
    "spectral_complexity": {
        "dmean": 3.8718187809,
        "dmean2": 6.19451236725,
        "dvar": 12.6750812531,
        "dvar2": 28.2257080078,
        "max": 63,
        "mean": 28.6271743774,
        "median": 29,
        "min": 0,
        "var": 69.8908920288
    },
    "spectral_decrease": {
        "dmean": 1.58831248154e-09,
        "dmean2": 2.53273069184e-09,
        "dvar": 3.35357838688e-18,
        "dvar2": 8.29383642678e-18,
        "max": 1.44537202503e-28,
        "mean": -5.98073812696e-09,
        "median": -5.71503955271e-09,
        "min": -3.4946733507e-08,
        "var": 6.70679570942e-18
    },
    "spectral_energy": {
        "dmean": 0.00644101714715,
        "dmean2": 0.0102223977447,
        "dvar": 5.23031703779e-05,
        "dvar2": 0.000129081614432,
        "max": 0.136602804065,
        "mean": 0.0253008473665,
        "median": 0.02427203767,
        "min": 1.0439267323e-20,
        "var": 0.000110988294182
    },
    "spectral_energyband_high": {
        "dmean": 0.000437648821389,
        "dmean2": 0.0006542649935,
        "dvar": 1.06068011974e-06,
        "dvar2": 2.240272579e-06,
        "max": 0.0227527413517,
        "mean": 0.00115314533468,
        "median": 0.000816938874777,
        "min": 7.64506979309e-21,
        "var": 1.97480198949e-06
    },
    "spectral_energyband_low": {
        "dmean": 0.0029105138965,
        "dmean2": 0.00491350376979,
        "dvar": 2.86705962935e-05,
        "dvar2": 7.97659522505e-05,
        "max": 0.096985116601,
        "mean": 0.00487547693774,
        "median": 0.00321422284469,
        "min": 5.61001588192e-23,
        "var": 3.41376435244e-05
    },
    "spectral_energyband_middle_high": {
        "dmean": 0.00270265247673,
        "dmean2": 0.00413761101663,
        "dvar": 1.0598130757e-05,
        "dvar2": 2.30748883041e-05,
        "max": 0.0616483688354,
        "mean": 0.0102185960859,
        "median": 0.00784770864993,
        "min": 1.52314142056e-21,
        "var": 5.57672065042e-05
    },
    "spectral_energyband_middle_low": {
        "dmean": 0.00359847513027,
        "dmean2": 0.00562112033367,
        "dvar": 2.26328575081e-05,
        "dvar2": 5.08431367052e-05,
        "max": 0.135089322925,
        "mean": 0.00985297933221,
        "median": 0.00796271581203,
        "min": 2.2876799644e-22,
        "var": 5.68868708797e-05
    },
    "spectral_entropy": {
        "dmean": 0.10158560425,
        "dmean2": 0.147086903453,
        "dvar": 0.0114107085392,
        "dvar2": 0.0195213947445,
        "max": 9.78910255432,
        "mean": 7.7926235199,
        "median": 7.8056974411,
        "min": 5.39370155334,
        "var": 0.0640758499503
    },
    "spectral_flux": {
        "dmean": 0.0188960656524,
        "dmean2": 0.0298838056624,
        "dvar": 0.000380959681934,
        "dvar2": 0.000829747354146,
        "max": 0.35024663806,
        "mean": 0.0878159701824,
        "median": 0.0819732323289,
        "min": 1.05842098974e-10,
        "var": 0.000838580017444
    },
    "spectral_kurtosis": {
        "dmean": 1.11075639725,
        "dmean2": 1.89083731174,
        "dvar": 1.04052841663,
        "dvar2": 3.02099657059,
        "max": 17.2843494415,
        "mean": 3.23461556435,
        "median": 3.03615427017,
        "min": -1.1683306694,
        "var": 2.38639426231
    },
    "spectral_rms": {
        "dmean": 0.000621704442892,
        "dmean2": 0.000973587797489,
        "dvar": 3.86249695339e-07,
        "dvar2": 9.17289128211e-07,
        "max": 0.0115443067625,
        "mean": 0.0048568174243,
        "median": 0.00486621400341,
        "min": 3.19133998741e-12,
        "var": 1.09514223823e-06
    },
    "spectral_rolloff": {
        "dmean": 458.442169189,
        "dmean2": 749.799133301,
        "dvar": 571454.5625,
        "dvar2": 1109172.125,
        "max": 19315.2832031,
        "mean": 2250.5222168,
        "median": 2217.91992188,
        "min": 129.19921875,
        "var": 1334008.25
    },
    "spectral_skewness": {
        "dmean": 0.159881919622,
        "dmean2": 0.262823283672,
        "dvar": 0.0206003896892,
        "dvar2": 0.0514181926847,
        "max": 3.20171642303,
        "mean": 1.25742816925,
        "median": 1.26224005222,
        "min": -0.172987565398,
        "var": 0.0669966638088
    },
    "spectral_spread": {
        "dmean": 361172.75,
        "dmean2": 516698.6875,
        "dvar": 328764620800,
        "dvar2": 385048576000,
        "max": 40612728,
        "mean": 4053335.5,
        "median": 3918326.75,
        "min": 2002058.75,
        "var": 1.02493526426e+12
    },
    "spectral_strongpeak": {
        "dmean": 0.878744006157,
        "dmean2": 1.45374238491,
        "dvar": 1.7314773798,
        "dvar2": 4.14940214157,
        "max": 19.5838375092,
        "mean": 1.75498342514,
        "median": 0.860194444656,
        "min": 0,
        "var": 4.53011751175
    },
    "zerocrossingrate": {
        "dmean": 0.00907384604216,
        "dmean2": 0.0108066080138,
        "dvar": 0.000157495756866,
        "dvar2": 0.000185749304364,
        "max": 0.6298828125,
        "mean": 0.0794446766376,
        "median": 0.07666015625,
        "min": 0.01171875,
        "var": 0.000764169730246
    },
    "barkbands": {
        "dmean": [2.52140562225e-05, 0.00170277385041, 0.00141795445234, 0.000831431883853, 0.00113506172784, 0.00125050032511, 0.00100382079836, 0.000357009441359, 0.000827262236271, 0.000700398813933, 0.000457073998405, 0.000737959577236, 0.000417043105699, 0.000644088897388, 0.000527334283106, 0.000554818485398, 0.000579319603276, 0.00040469688247, 0.000253017118666, 0.000191769257071, 0.000146288337419, 0.00010790117085, 0.000101403988083, 7.42778720451e-05, 4.7403107601e-05, 1.46607632701e-07, 1.03010044938e-09],
        "dmean2": [4.2712661525e-05, 0.00290156668052, 0.00247072800994, 0.00136487709824, 0.00186609628145, 0.00195310160052, 0.00156627327669, 0.000574551115278, 0.00129059620667, 0.00111150811426, 0.00071639806265, 0.00113649526611, 0.000656198186334, 0.00101824977901, 0.000841315835714, 0.000885485089384, 0.00092324236175, 0.000651284470223, 0.000413196336012, 0.000313244934659, 0.000234739243751, 0.000171836625668, 0.000155261193868, 0.000110911641968, 6.82169265929e-05, 2.46509813451e-07, 1.90387994259e-09],
        "dvar": [2.29154939468e-09, 1.2123327906e-05, 8.51478034747e-06, 2.13425482798e-06, 4.40179110228e-06, 7.631841072e-06, 6.16080797045e-06, 1.25206395296e-06, 2.68983035312e-06, 2.83047097582e-06, 1.46388276789e-06, 3.16616637974e-06, 9.79404831014e-07, 1.92334050553e-06, 1.15570276193e-06, 1.00084332644e-06, 1.24517248423e-06, 4.90832633204e-07, 1.61390090625e-07, 1.0618795443e-07, 8.80125270442e-08, 9.88345192354e-08, 8.71250662726e-08, 8.18486824983e-08, 3.03388496548e-08, 1.41571623131e-13, 1.80645699229e-18],
        "dvar2": [6.24572571439e-09, 3.34085525537e-05, 2.41968918999e-05, 5.46291175851e-06, 1.08472668217e-05, 1.84852378879e-05, 1.44296054714e-05, 2.97513156511e-06, 6.15346743871e-06, 6.84222641212e-06, 3.18914499076e-06, 7.12175824447e-06, 2.21894106289e-06, 4.33162358604e-06, 2.51293226938e-06, 2.28004773817e-06, 2.88884257316e-06, 1.14386978112e-06, 4.00958128921e-07, 2.69268156217e-07, 2.10125065792e-07, 2.26636274192e-07, 1.85500496741e-07, 1.74801272124e-07, 7.1995245321e-08, 3.80480125487e-13, 5.66771499858e-18],
        "max": [0.00105182046536, 0.0732986181974, 0.0569026917219, 0.0283898916095, 0.0446793846786, 0.10941208154, 0.0569908097386, 0.0342919006944, 0.0307239014655, 0.0375115014613, 0.0584163889289, 0.0353765562177, 0.0259511005133, 0.0336338728666, 0.0300962403417, 0.0236241519451, 0.026250930503, 0.0185911729932, 0.0115590840578, 0.00859814602882, 0.00880082510412, 0.00956666748971, 0.00760842394084, 0.00917659886181, 0.00517329899594, 1.28345081976e-05, 1.60087676448e-08],
        "mean": [3.21789993905e-05, 0.00244230520912, 0.00174300058279, 0.00140607426874, 0.00196932279505, 0.00226686173119, 0.00176672800444, 0.000551541976165, 0.00158206839114, 0.00126530160196, 0.000794989056885, 0.00157745648175, 0.000698846706655, 0.00113302387763, 0.000943382852711, 0.00107785419095, 0.0012730989838, 0.000827993673738, 0.000567985058296, 0.000424880621722, 0.000320277933497, 0.000204293246497, 0.000197890767595, 0.000144740391988, 8.85915724211e-05, 1.47560456298e-07, 8.51603232377e-10],
        "median": [1.28424417198e-05, 0.00130369712133, 0.000875865633134, 0.000685274600983, 0.00102670141496, 0.00101262540556, 0.000668403226882, 0.000267439521849, 0.000660060555674, 0.000385017163353, 0.00026496881037, 0.000384164508432, 0.000312032032525, 0.000503705174197, 0.000482379837194, 0.000618147547357, 0.000561046297662, 0.000556718790904, 0.000427486462286, 0.000322228705045, 0.000221022157348, 0.000117809118819, 0.000112251611426, 7.48228849261e-05, 4.50589432148e-05, 4.45666650251e-08, 3.85644904899e-10],
        "min": [2.38253151101e-24, 2.22670978856e-23, 1.27735678878e-23, 2.28591340506e-24, 3.50224896292e-23, 3.54049798832e-23, 2.06541392362e-23, 3.07431432549e-23, 6.47283407472e-23, 8.12865437696e-23, 9.77948466065e-23, 3.70017605731e-23, 7.94064610405e-23, 7.24044243607e-23, 7.08208712904e-23, 9.97725019633e-23, 2.77728919891e-22, 1.80101968128e-22, 2.18559505238e-22, 2.01032189749e-22, 3.92006491308e-22, 3.73703277476e-22, 4.34956244174e-22, 8.71798080481e-22, 1.0316861758e-21, 1.63090067849e-21, 2.18258995933e-21],
        "var": [3.34085004106e-09, 1.33693674798e-05, 7.96893982624e-06, 4.108000212e-06, 8.87836085894e-06, 1.37582655952e-05, 1.16442915896e-05, 1.58942350481e-06, 6.98072244631e-06, 7.66703578847e-06, 3.9415936044e-06, 1.31177257572e-05, 1.98345264835e-06, 4.3390641622e-06, 2.561663905e-06, 2.41107386501e-06, 4.99590123582e-06, 1.0140267932e-06, 3.04099842197e-07, 1.73776996348e-07, 1.39158473189e-07, 1.25051073496e-07, 1.35927493261e-07, 1.57384292265e-07, 4.02771824781e-08, 1.27331494957e-13, 1.46360024436e-18]
    },
    "erbbands": {
        "dmean": [0.0288109257817, 0.456850081682, 1.48830473423, 2.15026068687, 2.95071125031, 4.46538639069, 6.31152582169, 12.0088500977, 15.0079164505, 11.615773201, 7.7593536377, 15.2907562256, 24.9611110687, 17.7310066223, 19.8631496429, 25.9930076599, 17.6369113922, 23.1851577759, 29.8538799286, 25.6441421509, 31.1152305603, 32.2369651794, 21.3526573181, 15.330537796, 10.7743358612, 8.93594360352, 6.7611579895, 5.15583658218, 3.95118331909, 3.49599266052, 2.85940885544, 1.80818843842, 1.17499494553, 0.66678160429, 0.279725909233, 0.0182774011046, 0.000467697769636, 3.26850022248e-05, 7.15911210136e-06, 8.25097868073e-06],
        "dmean2": [0.0485369116068, 0.779657423496, 2.58320641518, 3.58775210381, 4.75195550919, 7.44058132172, 10.0762453079, 18.8774433136, 23.4860706329, 17.8314819336, 12.3861351013, 23.9905452728, 39.3050231934, 27.6133136749, 30.571849823, 39.2724113464, 27.606880188, 36.5224151611, 46.7640647888, 41.1138687134, 48.8937644958, 51.1156311035, 33.7269020081, 24.7982177734, 17.4843120575, 14.561123848, 10.8772764206, 8.35062217712, 6.34063577652, 5.53878641129, 4.32528114319, 2.72543311119, 1.74493789673, 0.968571782112, 0.406498759985, 0.027005540207, 0.000680656987242, 4.64682016172e-05, 1.0405617104e-05, 1.28731753648e-05],
        "dvar": [0.00408645207062, 0.842173039913, 8.87051963806, 13.8715867996, 28.8975162506, 75.6264038086, 244.757278442, 894.614318848, 1504.64892578, 798.465087891, 447.069549561, 960.185974121, 3087.35961914, 1734.26391602, 1839.23754883, 4187.90722656, 1700.63806152, 2730.23754883, 4498.60742188, 2264.44799805, 3449.34838867, 4251.77978516, 1384.26428223, 630.835205078, 364.468933105, 246.889389038, 145.334365845, 150.133621216, 155.034637451, 108.295700073, 69.6184082031, 40.8602714539, 25.4645385742, 7.54936075211, 0.69182318449, 0.00205882266164, 1.53066173425e-06, 8.68531113696e-09, 2.36013847354e-10, 8.9446748619e-11],
        "dvar2": [0.0111199365929, 2.33082985878, 25.4059810638, 37.0867080688, 68.0074539185, 192.565231323, 547.813354492, 2218.99926758, 3479.18041992, 1854.85290527, 1001.74780273, 2246.6394043, 7481.51806641, 4042.31738281, 4033.59106445, 8842.74414062, 3912.0324707, 6133.23242188, 10134.0068359, 4976.13720703, 7907.38671875, 9883.48046875, 3247.12695312, 1508.25744629, 909.153015137, 633.293640137, 341.245544434, 372.812866211, 365.035003662, 243.837753296, 145.820114136, 88.6018600464, 54.3773460388, 18.0388755798, 1.58227133751, 0.00472108460963, 3.45645321431e-06, 1.92197120441e-08, 5.25340160262e-10, 2.19483972663e-10],
        "max": [1.40478885174, 18.4235839844, 56.5541191101, 59.7083320618, 137.011749268, 171.324234009, 389.050933838, 1249.01452637, 929.94317627, 718.698059082, 783.294799805, 724.69519043, 1370.42260742, 937.272888184, 1979.15075684, 1451.18945312, 1219.47485352, 1885.84020996, 1902.50939941, 1728.22619629, 1568.02368164, 1809.05981445, 1095.0489502, 724.87322998, 572.209838867, 392.904144287, 309.178894043, 413.992706299, 383.254211426, 279.467773438, 237.939285278, 173.724731445, 190.868682861, 93.2446212769, 36.3473777771, 1.85143625736, 0.0499916262925, 0.00338878808543, 0.000462748052087, 0.000163451259141],
        "mean": [0.0405956543982, 0.649186491966, 1.96361470222, 3.55835318565, 5.44265985489, 6.53582811356, 11.4635190964, 21.2876625061, 26.151720047, 20.6879997253, 14.0063753128, 29.086681366, 47.3256568909, 35.7107200623, 42.20495224, 55.0496711731, 34.7556419373, 43.6527481079, 57.8715171814, 50.7219161987, 64.5251693726, 73.7235488892, 50.2775421143, 35.8975868225, 25.6723499298, 20.0119571686, 15.2734651566, 10.4772396088, 7.37863540649, 6.48438930511, 5.58735990524, 3.49196887016, 2.20505571365, 1.22247731686, 0.503747999668, 0.0306808389723, 0.000853324541822, 6.91256282153e-05, 2.52070421993e-05, 3.4132750443e-05],
        "median": [0.0218900162727, 0.332924664021, 1.0885733366, 2.07561445236, 2.70966601372, 3.34331274033, 5.3760342598, 9.23869800568, 9.10250663757, 8.82375812531, 7.18062829971, 12.0238304138, 18.0625305176, 13.3134555817, 15.6162786484, 16.2003631592, 17.2324085236, 22.1019630432, 26.7917690277, 31.5643348694, 36.9613227844, 34.5340690613, 32.8265113831, 28.0498008728, 19.7744235992, 15.3414964676, 11.1304636002, 6.84343004227, 4.31935548782, 3.59144997597, 3.19211649895, 1.92779290676, 1.07929325104, 0.614481031895, 0.247469738126, 0.0141754150391, 0.000424077210482, 3.93130067096e-05, 2.1537340217e-05, 3.27642883349e-05],
        "min": [2.82625259622e-22, 2.45924451378e-21, 8.85247318305e-21, 4.64101734953e-20, 9.78929480865e-20, 1.06069324711e-19, 9.13328694541e-20, 3.86825249046e-19, 2.96352964084e-19, 5.35706825011e-19, 1.07125596872e-18, 1.77084955525e-18, 2.43837789893e-18, 3.68837064082e-18, 3.16971929777e-18, 1.71721702549e-18, 2.87026854229e-18, 3.98350826979e-18, 4.66323442558e-18, 3.30519059579e-18, 7.02677191782e-18, 1.67743708265e-17, 1.20788660173e-17, 9.19661638424e-18, 1.09621324857e-17, 1.09216560568e-17, 1.64512856598e-17, 1.58598267064e-17, 1.33118126347e-17, 1.33867502351e-17, 1.43289800904e-17, 1.6737898779e-17, 1.51740840524e-17, 1.14747081872e-17, 7.36753641579e-18, 5.52661452969e-18, 3.21715169525e-18, 1.04461547972e-18, 3.07710179743e-19, 3.30424145774e-20],
        "var": [0.00425040815026, 0.938123106956, 8.44841480255, 20.3744354248, 77.5612106323, 113.313713074, 493.992767334, 1442.80273438, 3039.14794922, 1383.05126953, 741.913757324, 2399.81542969, 7477.85351562, 4636.34667969, 6381.48974609, 14952.875, 4145.88916016, 5878.70654297, 11140.8359375, 5135.19726562, 8690.40429688, 16218.8173828, 3789.80615234, 1189.7109375, 628.83795166, 390.680999756, 264.461578369, 194.963760376, 178.688934326, 141.991012573, 113.348861694, 70.1742858887, 46.1886978149, 10.1241121292, 0.984300792217, 0.00306215835735, 2.34805565924e-06, 1.41508724738e-08, 4.44714987058e-10, 2.08226422216e-10]
    },
    "gfcc": {
        "mean": [22.2981052399, 92.9082336426, -159.291046143, 52.8514328003, -70.9015808105, 22.0898990631, -46.2090339661, 10.9746589661, -19.369802475, -7.65948438644, -5.34259128571, -11.6545143127, 2.82829332352],
        "cov": [[1607.58825684, -55.1976203918, 302.782806396, 315.184143066, 72.5240249634, 83.7709350586, -172.194229126, 58.8914833069, -66.8447113037, 110.596115112, -4.53742790222, 96.0428619385, 1.97342216969], [-55.1976203918, 479.376373291, 154.205551147, 77.0939865112, 116.449775696, -89.9226379395, 18.6461486816, -31.4350299835, 8.20118141174, -33.8206214905, 44.610042572, -33.0156059265, 17.1395339966], [302.782806396, 154.205551147, 635.355651855, 341.308105469, 84.6508712769, 19.3167266846, -144.365264893, 30.7801303864, -10.2916440964, 51.6956672668, -16.1572208405, 73.7608413696, -15.7214260101], [315.184143066, 77.0939865112, 341.308105469, 352.538818359, 122.31980896, -7.15773963928, -86.1843032837, 25.3132419586, 18.3378810883, 31.742609024, -7.81322526932, 51.7250137329, 1.25157380104], [72.5240249634, 116.449775696, 84.6508712769, 122.31980896, 180.516235352, 45.7980194092, 3.28408527374, 9.01366329193, -7.37964963913, 15.5147161484, 19.6862449646, 11.3692617416, 17.4112663269], [83.7709350586, -89.9226379395, 19.3167266846, -7.15773963928, 45.7980194092, 223.191696167, 85.756477356, -21.7038326263, -43.434928894, 34.7231521606, 9.32718467712, 2.0644903183, -4.77130270004], [-172.194229126, 18.6461486816, -144.365264893, -86.1843032837, 3.28408527374, 85.756477356, 170.674133301, -2.76299405098, -6.71937322617, -15.7063522339, 13.9613275528, -43.3372917175, 1.70179319382], [58.8914833069, -31.4350299835, 30.7801303864, 25.3132419586, 9.01366329193, -21.7038326263, -2.76299405098, 127.928642273, 57.2048225403, 5.84736919403, -15.8424987793, 19.1220569611, 0.883532583714], [-66.8447113037, 8.20118141174, -10.2916440964, 18.3378810883, -7.37964963913, -43.434928894, -6.71937322617, 57.2048225403, 104.939300537, 14.74604702, 6.03858184814, 5.52543592453, 4.73943471909], [110.596115112, -33.8206214905, 51.6956672668, 31.742609024, 15.5147161484, 34.7231521606, -15.7063522339, 5.84736919403, 14.74604702, 96.5063476562, 36.1337547302, 25.6647224426, -3.69934463501], [-4.53742790222, 44.610042572, -16.1572208405, -7.81322526932, 19.6862449646, 9.32718467712, 13.9613275528, -15.8424987793, 6.03858184814, 36.1337547302, 86.6857223511, 19.4277381897, 8.40866374969], [96.0428619385, -33.0156059265, 73.7608413696, 51.7250137329, 11.3692617416, 2.0644903183, -43.3372917175, 19.1220569611, 5.52543592453, 25.6647224426, 19.4277381897, 78.4966201782, 23.3943386078], [1.97342216969, 17.1395339966, -15.7214260101, 1.25157380104, 17.4112663269, -4.77130270004, 1.70179319382, 0.883532583714, 4.73943471909, -3.69934463501, 8.40866374969, 23.3943386078, 61.5904502869]],
        "icov": [[0.00134162127506, -0.00132916180883, 0.00167476513889, -0.00245461030863, 0.00206107459962, -0.00224292092025, 0.00265620043501, -0.00229591061361, 0.00240247696638, -0.00152041332331, 0.000271006399998, -2.09162262763e-05, -0.000297843391309], [-0.00132916180883, 0.00816113874316, -0.0063835689798, 0.00565782887861, -0.00799753610045, 0.00820222869515, -0.00735815055668, 0.00564133888111, -0.00426471978426, 0.00392209040001, -0.00372747704387, 0.00308999745175, -0.0010553363245], [0.00167476513889, -0.0063835689798, 0.00951434858143, -0.00911922194064, 0.00772609515116, -0.00823831837624, 0.00878439098597, -0.00629614759237, 0.00568567309529, -0.0038664820604, 0.00250391708687, -0.0023052780889, 0.00122599280439], [-0.00245461030863, 0.00565782887861, -0.00911922194064, 0.0145634608343, -0.0112655237317, 0.00839170254767, -0.00762572418898, 0.00736017385498, -0.00774728227407, 0.00351801118813, 3.30339426e-05, -0.00116762774996, 0.00106685434002], [0.00206107459962, -0.00799753610045, 0.00772609515116, -0.0112655237317, 0.0177846122533, -0.010985259898, 0.00893165543675, -0.00859965290874, 0.00726465787739, -0.00390436430462, 3.34784490406e-05, 0.000564770190977, -0.00265405979007], [-0.00224292092025, 0.00820222869515, -0.00823831837624, 0.00839170254767, -0.010985259898, 0.0175610873848, -0.0145483855158, 0.00828293524683, -0.00335298571736, 0.000611857161857, -0.000630798807833, -0.000580990454182, 0.000866535876412], [0.00265620043501, -0.00735815055668, 0.00878439098597, -0.00762572418898, 0.00893165543675, -0.0145483855158, 0.0212916024029, -0.00966323632747, 0.00585030624643, -0.00166514795274, -0.00135647307616, 0.0046502603218, -0.00187321682461], [-0.00229591061361, 0.00564133888111, -0.00629614759237, 0.00736017385498, -0.00859965290874, 0.00828293524683, -0.00966323632747, 0.0182652063668, -0.0120567763224, 0.00330871366896, 0.00257666409016, -0.00401222379878, 0.00212341709994], [0.00240247696638, -0.00426471978426, 0.00568567309529, -0.00774728227407, 0.00726465787739, -0.00335298571736, 0.00585030624643, -0.0120567763224, 0.0203183442354, -0.00640305131674, -0.000674475566484, 0.00168173701968, -0.00207836297341], [-0.00152041332331, 0.00392209040001, -0.0038664820604, 0.00351801118813, -0.00390436430462, 0.000611857161857, -0.00166514795274, 0.00330871366896, -0.00640305131674, 0.0185914598405, -0.00818157475442, -0.000544502341654, 0.00198172056116], [0.000271006399998, -0.00372747704387, 0.00250391708687, 3.30339426e-05, 3.34784490406e-05, -0.000630798807833, -0.00135647307616, 0.00257666409016, -0.000674475566484, -0.00818157475442, 0.0198508929461, -0.00831116270274, 0.00161648914218], [-2.09162262763e-05, 0.00308999745175, -0.0023052780889, -0.00116762774996, 0.000564770190977, -0.000580990454182, 0.0046502603218, -0.00401222379878, 0.00168173701968, -0.000544502341654, -0.00831116270274, 0.0257237907499, -0.0104978140444], [-0.000297843391309, -0.0010553363245, 0.00122599280439, 0.00106685434002, -0.00265405979007, 0.000866535876412, -0.00187321682461, 0.00212341709994, -0.00207836297341, 0.00198172056116, 0.00161648914218, -0.0104978140444, 0.021715214476]]
    },
    "melbands": {
        "dmean": [0.000372169044567, 0.000710053485818, 0.000384326500352, 0.000245796720264, 0.000214267449337, 0.000264650996542, 0.000216787462705, 0.000113935035188, 6.9313122367e-05, 0.000109535976662, 0.000129295454826, 7.74750878918e-05, 6.7266599217e-05, 9.05968699954e-05, 5.62280692975e-05, 3.77273972845e-05, 4.64408876724e-05, 5.6012715504e-05, 3.95602291974e-05, 3.21738152707e-05, 4.08716623497e-05, 3.64859333786e-05, 2.77495764749e-05, 2.16985772568e-05, 1.28630254039e-05, 1.02866579255e-05, 7.69819325797e-06, 6.15257840764e-06, 5.01090880789e-06, 3.68385894944e-06, 2.90263324132e-06, 2.2943067961e-06, 2.35699758377e-06, 2.02570868169e-06, 1.85790747764e-06, 1.38635255098e-06, 1.09844052076e-06, 8.76391595739e-07, 7.7608575566e-07, 5.3776744835e-07],
        "dmean2": [0.000633802323136, 0.00121391285211, 0.000631532107946, 0.000405951810535, 0.000345048174495, 0.000413932546508, 0.000340283178957, 0.000177109366632, 0.000110447042971, 0.000171757259523, 0.000203442250495, 0.000120328717458, 0.000103545957245, 0.000137852228363, 8.55526013765e-05, 5.99290833634e-05, 7.2817405453e-05, 8.79528306541e-05, 6.28663474345e-05, 5.15837782586e-05, 6.42423765385e-05, 5.78887338634e-05, 4.38723400293e-05, 3.53212599293e-05, 2.09580593946e-05, 1.6814628907e-05, 1.26703416754e-05, 1.009920652e-05, 8.15840303403e-06, 5.96489644522e-06, 4.7391258704e-06, 3.74190767616e-06, 3.80016672352e-06, 3.24068332702e-06, 2.86534032057e-06, 2.10871075979e-06, 1.67735811374e-06, 1.3176226048e-06, 1.19104038276e-06, 7.87375824984e-07],
        "dvar": [6.1794770545e-07, 1.85593000879e-06, 4.13415222056e-07, 2.03099801865e-07, 2.34822962852e-07, 3.76162745397e-07, 3.01527506963e-07, 8.19968093424e-08, 3.09573842117e-08, 4.81998227997e-08, 8.09903610843e-08, 3.4401544724e-08, 2.65089266094e-08, 5.88555479908e-08, 1.93484055444e-08, 8.70927063801e-09, 1.09848610208e-08, 1.83734680803e-08, 6.85264911482e-09, 3.8124303714e-09, 6.97215840617e-09, 6.08020389592e-09, 2.86480705824e-09, 1.65487956671e-09, 4.80266493241e-10, 2.72196126749e-10, 1.93419585903e-10, 1.27186705612e-10, 7.66782609629e-11, 5.05777225657e-11, 5.4651363296e-11, 4.77278876143e-11, 4.74395800421e-11, 3.58718887927e-11, 2.74991245053e-11, 1.89117506377e-11, 1.74723291391e-11, 1.28835917629e-11, 1.60134579208e-11, 3.89134644646e-12],
        "dvar2": [1.70271812294e-06, 5.25566065335e-06, 1.08022629774e-06, 5.15152294156e-07, 5.27320366928e-07, 9.27376959226e-07, 6.9335084163e-07, 1.91445039377e-07, 6.98447379932e-08, 1.12153564658e-07, 1.96229947846e-07, 8.01768109682e-08, 5.65243816197e-08, 1.30422421307e-07, 4.00720203686e-08, 2.03458707659e-08, 2.44142341899e-08, 4.16601473319e-08, 1.50474477323e-08, 8.60603144304e-09, 1.59937414423e-08, 1.41306149004e-08, 6.73587052802e-09, 3.92588406228e-09, 1.15566711756e-09, 6.59188981178e-10, 5.07979214248e-10, 3.26845550624e-10, 1.84453619045e-10, 1.20349605282e-10, 1.3941385546e-10, 1.14530072926e-10, 1.09325333508e-10, 8.18850820483e-11, 6.0282702441e-11, 3.94647509117e-11, 4.04366644335e-11, 2.64081135432e-11, 3.99165804577e-11, 9.13709299194e-12],
        "max": [0.0168749764562, 0.0247592739761, 0.00987180508673, 0.0124739427119, 0.0112467641011, 0.0250749997795, 0.0134954685345, 0.00711412262172, 0.00589792849496, 0.00439455872402, 0.00664534745738, 0.00434876186773, 0.00911729969084, 0.00536525202915, 0.00439891219139, 0.00286283856258, 0.0032479991205, 0.0029955287464, 0.00304315728135, 0.00155777914915, 0.00225408445112, 0.00230496819131, 0.00124752067495, 0.00140921131242, 0.00066944322316, 0.000472922954941, 0.000371268950403, 0.000362442078767, 0.00024530623341, 0.000183577809366, 0.000282638909994, 0.00019692335627, 0.00022995044128, 0.000183397773071, 0.000144695848576, 0.000138749426696, 0.000126883227495, 0.000150024978211, 0.000158736002049, 5.30888719368e-05],
        "mean": [0.000532685779035, 0.00101922976319, 0.000699090247508, 0.000410239357734, 0.000388591783121, 0.000475858425489, 0.00038377798046, 0.00019597071514, 0.000119824355352, 0.000205270422157, 0.000242237030761, 0.000149599960423, 0.000126273400383, 0.000187890123925, 0.000107451625809, 6.55703624943e-05, 8.16053507151e-05, 0.00010033500439, 7.11858883733e-05, 6.15640237811e-05, 7.65404474805e-05, 7.44471108192e-05, 5.97962934989e-05, 4.1813163989e-05, 2.72401375696e-05, 2.19281591853e-05, 1.57717113325e-05, 1.23528625409e-05, 1.01370114862e-05, 7.4685481195e-06, 5.36408288099e-06, 4.00287353841e-06, 4.0664763219e-06, 3.47291279468e-06, 3.42357407135e-06, 2.59158673543e-06, 1.94043900592e-06, 1.58540251505e-06, 1.29412978822e-06, 9.4701732678e-07],
        "median": [0.000294720724924, 0.000588664086536, 0.000407569226809, 0.000223574199481, 0.000191772764083, 0.000213839652133, 0.000142303601024, 8.28333286336e-05, 5.33663151145e-05, 8.24524395284e-05, 8.85888293851e-05, 4.83166331833e-05, 4.8120986321e-05, 3.81160643883e-05, 3.78385739168e-05, 3.26900735672e-05, 3.7975009036e-05, 3.91360481444e-05, 3.63824437954e-05, 3.62665559805e-05, 3.9225553337e-05, 3.29667927872e-05, 2.82350938505e-05, 2.76704031421e-05, 2.04079642572e-05, 1.62228916452e-05, 1.13737351057e-05, 8.98686448636e-06, 7.16087743058e-06, 5.01430395161e-06, 3.30513239533e-06, 2.21706545744e-06, 2.25187636715e-06, 1.83504630513e-06, 1.90330672467e-06, 1.45882950164e-06, 9.99238068289e-07, 7.52660014314e-07, 6.08875552643e-07, 4.67863145559e-07],
        "min": [3.76848281312e-24, 4.63483628607e-24, 9.70700601395e-24, 8.56275301573e-24, 3.23733862411e-24, 8.03817313554e-24, 4.63641755776e-24, 5.94134456186e-24, 8.21240805481e-24, 1.16569857635e-23, 1.23305388702e-23, 1.47831176798e-23, 1.17691988607e-23, 6.23983730105e-24, 3.6953877505e-24, 8.59314545983e-24, 6.99669451377e-24, 8.04502044819e-24, 3.83080637451e-24, 7.11777361867e-24, 8.54652693577e-24, 1.64500091715e-23, 1.23591074679e-23, 5.33103995595e-24, 7.48899105029e-24, 8.33564469429e-24, 7.55427402336e-24, 6.83820999133e-24, 9.0146961615e-24, 1.02339485326e-23, 8.67663455373e-24, 6.5192987709e-24, 8.60103485774e-24, 6.50793167969e-24, 7.97731882758e-24, 9.10752615738e-24, 1.04498431962e-23, 1.02624910978e-23, 9.78444770015e-24, 9.56681280932e-24],
        "var": [6.49825494747e-07, 1.97567351279e-06, 7.59298814046e-07, 3.61987389397e-07, 4.91742127906e-07, 6.40851510525e-07, 5.97107430167e-07, 1.3391053244e-07, 5.72997649328e-08, 1.20304775919e-07, 2.03138441179e-07, 9.25657985817e-08, 7.34954213044e-08, 2.36452436297e-07, 7.55032090183e-08, 1.70652025844e-08, 2.26550422866e-08, 4.4866929727e-08, 1.59241224651e-08, 8.95047236327e-09, 1.63220885696e-08, 1.95151006466e-08, 1.11356897037e-08, 3.24259263884e-09, 8.25878143651e-10, 5.38434796749e-10, 2.98237823326e-10, 1.82721532349e-10, 1.30411181853e-10, 8.44935094113e-11, 6.29057639312e-11, 5.41888235672e-11, 5.74743169723e-11, 4.5694035361e-11, 4.14206446919e-11, 3.1968483416e-11, 2.70951299591e-11, 2.48794231744e-11, 1.8950060271e-11, 5.30764971904e-12]
    },
    "mfcc": {
        "mean": [-595.319335938, 97.3790512085, -18.6889076233, 20.9740142822, 4.62966012955, 0.950170397758, -2.77767944336, 4.57859563828, -2.02310013771, 1.08761072159, -4.04839515686, -0.748169720173, -1.82568228245],
        "cov": [[1093.36535645, -166.982345581, 171.663299561, 164.132324219, 173.721725464, 54.7611083984, 11.7683553696, -21.471868515, -10.3228130341, -10.7821521759, -7.06936979294, 19.7149963379, 66.6379318237], [-166.982345581, 427.241455078, 16.9626407623, 93.4712219238, 40.7507820129, -25.0858440399, 28.0544261932, -12.285607338, -27.0179729462, 2.59497451782, -4.89557552338, -9.5535326004, -6.69101476669], [171.663299561, 16.9626407623, 506.830963135, 226.36618042, 189.035095215, 53.2578964233, -33.5639686584, -6.65343570709, -5.1264591217, -43.1508750916, 7.85520505905, 25.3563156128, 38.6131019592], [164.132324219, 93.4712219238, 226.36618042, 355.347412109, 204.491897583, -16.0386314392, -46.7710723877, -4.87868738174, 17.9522838593, -41.1450004578, -6.2693734169, 45.1616210938, 37.5025939941], [173.721725464, 40.7507820129, 189.035095215, 204.491897583, 254.563354492, 29.8991565704, -12.6803073883, 3.1606361866, 13.620344162, -26.8501205444, -8.80601882935, 36.4537582397, 43.3064918518], [54.7611083984, -25.0858440399, 53.2578964233, -16.0386314392, 29.8991565704, 199.008911133, 106.133605957, -4.83848381042, -15.4203100204, 13.0791358948, 0.442422837019, -12.7980031967, 10.980840683], [11.7683553696, 28.0544261932, -33.5639686584, -46.7710723877, -12.6803073883, 106.133605957, 160.430984497, 21.6221008301, -13.9507255554, 33.1953887939, -3.73982715607, -20.0454368591, -2.30750870705], [-21.471868515, -12.285607338, -6.65343570709, -4.87868738174, 3.1606361866, -4.83848381042, 21.6221008301, 91.4563140869, 42.0748901367, 12.5604801178, 9.81713676453, -4.38640785217, -5.95106077194], [-10.3228130341, -27.0179729462, -5.1264591217, 17.9522838593, 13.620344162, -15.4203100204, -13.9507255554, 42.0748901367, 90.8357620239, 20.7328624725, 6.66132068634, 8.94838237762, -4.30695390701], [-10.7821521759, 2.59497451782, -43.1508750916, -41.1450004578, -26.8501205444, 13.0791358948, 33.1953887939, 12.5604801178, 20.7328624725, 84.9982070923, 26.9905586243, -10.6283941269, -5.10129022598], [-7.06936979294, -4.89557552338, 7.85520505905, -6.2693734169, -8.80601882935, 0.442422837019, -3.73982715607, 9.81713676453, 6.66132068634, 26.9905586243, 67.9808044434, 23.6044025421, 6.88325548172], [19.7149963379, -9.5535326004, 25.3563156128, 45.1616210938, 36.4537582397, -12.7980031967, -20.0454368591, -4.38640785217, 8.94838237762, -10.6283941269, 23.6044025421, 87.1138076782, 36.3877601624], [66.6379318237, -6.69101476669, 38.6131019592, 37.5025939941, 43.3064918518, 10.980840683, -2.30750870705, -5.95106077194, -4.30695390701, -5.10129022598, 6.88325548172, 36.3877601624, 74.4671936035]],
