{
"lowlevel": {
    "average_loudness": 0.96063542366,
    "barkbands_crest": {
        "dmean": 2.43165969849,
        "dmean2": 4.0141916275,
        "dvar": 4.91989564896,
        "dvar2": 12.5997409821,
        "max": 23.7760906219,
        "mean": 8.39789295197,
        "median": 7.68516159058,
        "min": 2.05450630188,
        "var": 11.6843652725
    },
    "barkbands_flatness_db": {
        "dmean": 0.0169070847332,
        "dmean2": 0.0276509989053,
        "dvar": 0.000228001648793,
        "dvar2": 0.000578293344006,
        "max": 0.289149433374,
        "mean": 0.141363605857,
        "median": 0.137473195791,
        "min": 0.0358048938215,
        "var": 0.000909851223696
    },
    "barkbands_kurtosis": {
        "dmean": 1.47346425056,
        "dmean2": 2.41961193085,
        "dvar": 7.2383980751,
        "dvar2": 17.3466091156,
        "max": 60.6507644653,
        "mean": 1.38167417049,
        "median": 0.362460851669,
        "min": -1.90485465527,
        "var": 13.8721895218
    },
    "barkbands_skewness": {
        "dmean": 0.424137443304,
        "dmean2": 0.668107271194,
        "dvar": 0.207531541586,
        "dvar2": 0.461885690689,
        "max": 7.20631551743,
        "mean": 1.03418195248,
        "median": 0.943838059902,
        "min": -2.64080166817,
        "var": 0.774410903454
    },
    "barkbands_spread": {
        "dmean": 5.1252040863,
        "dmean2": 7.93613529205,
        "dvar": 32.8505401611,
        "dvar2": 68.7059249878,
        "max": 105.972564697,
        "mean": 24.3337783813,
        "median": 23.1986179352,
        "min": 3.31259775162,
        "var": 130.77571106
    },
    "dissonance": {
        "dmean": 0.0151268970221,
        "dmean2": 0.0258621685207,
        "dvar": 0.000184412696399,
        "dvar2": 0.000520708912518,
        "max": 0.5,
        "mean": 0.473560154438,
        "median": 0.477454304695,
        "min": 0.352131336927,
        "var": 0.000336641969625
    },
    "dynamic_complexity": 1.37628078461,
    "erbbands_crest": {
        "dmean": 2.44729137421,
        "dmean2": 4.01412248611,
        "dvar": 5.11582326889,
        "dvar2": 13.1649599075,
        "max": 25.9178733826,
        "mean": 8.15576457977,
        "median": 7.20229959488,
        "min": 2.21965837479,
        "var": 14.1230459213
    },
    "erbbands_flatness_db": {
        "dmean": 0.0139823937789,
        "dmean2": 0.0208693854511,
        "dvar": 0.000155171772349,
        "dvar2": 0.000324813590851,
        "max": 0.328710198402,
        "mean": 0.178847908974,
        "median": 0.174136593938,
        "min": 0.0639312192798,
        "var": 0.00175013171975
    },
    "erbbands_kurtosis": {
        "dmean": 0.609093487263,
        "dmean2": 0.989487290382,
        "dvar": 0.563950359821,
        "dvar2": 1.38252854347,
        "max": 15.5828113556,
        "mean": -0.0553570911288,
        "median": -0.334630966187,
        "min": -1.79177474976,
        "var": 1.2287954092
    },
    "erbbands_skewness": {
        "dmean": 0.315084964037,
        "dmean2": 0.495717853308,
        "dvar": 0.0761873349547,
        "dvar2": 0.177827119827,
        "max": 3.3933429718,
        "mean": 0.175339147449,
        "median": 0.1931027174,
        "min": -2.71460199356,
        "var": 0.342105895281
    },
    "erbbands_spread": {
        "dmean": 6.73090553284,
        "dmean2": 10.3809223175,
        "dvar": 48.3091621399,
        "dvar2": 110.197158813,
        "max": 130.699798584,
        "mean": 35.9504890442,
        "median": 34.0655593872,
        "min": 7.23511219025,
        "var": 220.9090271
    },
    "hfc": {
        "dmean": 7.91086864471,
        "dmean2": 11.4216051102,
        "dvar": 171.423141479,
        "dvar2": 299.342376709,
        "max": 351.366821289,
        "mean": 29.7747306824,
        "median": 25.539888382,
        "min": 1.1465023722e-16,
        "var": 511.560791016
    },
    "melbands_crest": {
        "dmean": 3.1905772686,
        "dmean2": 5.26344347,
        "dvar": 7.76074647903,
        "dvar2": 19.8960819244,
        "max": 31.8911037445,
        "mean": 12.1492338181,
        "median": 11.4046020508,
        "min": 2.28963398933,
        "var": 20.9267616272
    },
    "melbands_flatness_db": {
        "dmean": 0.0200506914407,
        "dmean2": 0.0313379503787,
        "dvar": 0.000377256510546,
        "dvar2": 0.000839761865791,
        "max": 0.361844956875,
        "mean": 0.15462911129,
        "median": 0.150199100375,
        "min": 0.00689787231386,
        "var": 0.00174501095898
    },
    "melbands_kurtosis": {
        "dmean": 4.01299571991,
        "dmean2": 6.54732179642,
        "dvar": 66.5017852783,
        "dvar2": 163.968414307,
        "max": 209.093383789,
        "mean": 6.89832830429,
        "median": 3.86767864227,
        "min": -1.74459850788,
        "var": 115.871246338
    },
    "melbands_skewness": {
        "dmean": 0.56291025877,
        "dmean2": 0.89349001646,
        "dvar": 0.419614195824,
        "dvar2": 0.97645765543,
        "max": 11.7436361313,
        "mean": 1.97662901878,
        "median": 1.76135706902,
        "min": -1.04932653904,
        "var": 1.54172682762
    },
    "melbands_spread": {
        "dmean": 7.82727622986,
        "dmean2": 12.2146997452,
        "dvar": 117.203025818,
        "dvar2": 219.744277954,
        "max": 217.574279785,
        "mean": 29.96925354,
        "median": 27.171661377,
        "min": 1.99403226376,
        "var": 366.863372803
    },
    "pitch_salience": {
        "dmean": 0.0656855329871,
        "dmean2": 0.107139199972,
        "dvar": 0.00333933508955,
        "dvar2": 0.00860642176121,
        "max": 0.889803230762,
        "mean": 0.596597731113,
        "median": 0.598847687244,
        "min": 0.163671597838,
        "var": 0.0108253732324
    },
    "silence_rate_20dB": {
        "dmean": 0,
        "dmean2": 0,
        "dvar": 0,
        "dvar2": 0,
        "max": 1,
        "mean": 1,
        "median": 1,
        "min": 1,
        "var": 0
    },
    "silence_rate_30dB": {
        "dmean": 0.000942729180679,
        "dmean2": 0.00188568059821,
        "dvar": 0.00094189576339,
        "dvar2": 0.00258949398994,
        "max": 1,
        "mean": 0.999293029308,
        "median": 1,
        "min": 0,
        "var": 0.000706440943759
    },
    "silence_rate_60dB": {
        "dmean": 0.00141409377102,
        "dmean2": 0.00271066580899,
        "dvar": 0.0014120019041,
        "dvar2": 0.0031750202179,
        "max": 1,
        "mean": 0.00271002715454,
        "median": 0,
        "min": 0,
        "var": 0.00270296656527
    },
    "spectral_centroid": {
        "dmean": 257.446166992,
        "dmean2": 398.861419678,
        "dvar": 74949.3203125,
        "dvar2": 141488.15625,
        "max": 11210.7119141,
        "mean": 1598.90649414,
        "median": 1582.70532227,
        "min": 291.103912354,
        "var": 301429.03125
    },
    "spectral_complexity": {
        "dmean": 3.84421396255,
        "dmean2": 6.02734231949,
        "dvar": 11.0855693817,
        "dvar2": 24.4296550751,
        "max": 57,
        "mean": 27.4266529083,
        "median": 27,
        "min": 0,
        "var": 48.5811233521
    },
    "spectral_decrease": {
        "dmean": 2.23436291691e-09,
        "dmean2": 3.62142671406e-09,
        "dvar": 8.59516095314e-18,
        "dvar2": 2.20086754442e-17,
        "max": 1.91307992915e-29,
        "mean": -7.38676853018e-09,
        "median": -6.87789913911e-09,
        "min": -4.33482334472e-08,
        "var": 1.42708739611e-17
    },
    "spectral_energy": {
        "dmean": 0.00889631547034,
        "dmean2": 0.0143430121243,
        "dvar": 0.000128522937302,
        "dvar2": 0.000328053138219,
        "max": 0.167023211718,
        "mean": 0.0305800270289,
        "median": 0.0288438908756,
        "min": 1.03269088924e-20,
        "var": 0.000220669651753
    },
    "spectral_energyband_high": {
        "dmean": 0.000523686641827,
        "dmean2": 0.000693573907483,
        "dvar": 2.37228209699e-06,
        "dvar2": 3.74253681912e-06,
        "max": 0.0435526780784,
        "mean": 0.0011908209417,
        "median": 0.000654001603834,
        "min": 7.49882765353e-21,
        "var": 6.55269332128e-06
    },
    "spectral_energyband_low": {
        "dmean": 0.00392606109381,
        "dmean2": 0.00648325309157,
        "dvar": 6.21136568952e-05,
        "dvar2": 0.000163024102221,
        "max": 0.137771636248,
        "mean": 0.00764019647613,
        "median": 0.00444918591529,
        "min": 3.23835858182e-23,
        "var": 0.000102578662336
    },
    "spectral_energyband_middle_high": {
        "dmean": 0.00258997571655,
        "dmean2": 0.00404575373977,
        "dvar": 1.0291106264e-05,
        "dvar2": 2.35793086176e-05,
        "max": 0.0631524249911,
        "mean": 0.00915433932096,
        "median": 0.00726292375475,
        "min": 1.66164136365e-21,
        "var": 4.43365315732e-05
    },
    "spectral_energyband_middle_low": {
        "dmean": 0.00609556119889,
        "dmean2": 0.0100454585627,
        "dvar": 7.21332107787e-05,
        "dvar2": 0.000189872720512,
        "max": 0.0913034155965,
        "mean": 0.0137341180816,
        "median": 0.0110281705856,
        "min": 3.12646225962e-22,
        "var": 0.000104410341009
    },
    "spectral_entropy": {
        "dmean": 0.107752777636,
        "dmean2": 0.161144658923,
        "dvar": 0.010287172161,
        "dvar2": 0.0210988465697,
        "max": 9.79393291473,
        "mean": 7.76912498474,
        "median": 7.76037168503,
        "min": 6.69163179398,
        "var": 0.0584889277816
    },
    "spectral_flux": {
        "dmean": 0.0243342909962,
        "dmean2": 0.038200058043,
        "dvar": 0.00072515651118,
        "dvar2": 0.00143790629227,
        "max": 0.367594987154,
        "mean": 0.0985983833671,
        "median": 0.0893224924803,
        "min": 1.01621398796e-10,
        "var": 0.00146155024413
    },
    "spectral_kurtosis": {
        "dmean": 1.2210547924,
        "dmean2": 2.08899664879,
        "dvar": 1.3355768919,
        "dvar2": 3.98771095276,
        "max": 14.6025066376,
        "mean": 3.08310103416,
        "median": 2.79182195663,
        "min": -1.11670780182,
        "var": 3.0722823143
    },
    "spectral_rms": {
        "dmean": 0.000762393639889,
        "dmean2": 0.00120894762222,
        "dvar": 6.71319469348e-07,
        "dvar2": 1.61808009125e-06,
        "max": 0.0127651663497,
        "mean": 0.00531055172905,
        "median": 0.0053047509864,
        "min": 3.17411938747e-12,
        "var": 1.63225820415e-06
    },
    "spectral_rolloff": {
        "dmean": 494.581787109,
        "dmean2": 802.010803223,
        "dvar": 673034.125,
        "dvar2": 1233014.75,
        "max": 18518.5546875,
        "mean": 1843.06726074,
        "median": 1636.5234375,
        "min": 64.599609375,
        "var": 1816842
    },
    "spectral_skewness": {
        "dmean": 0.17087675631,
        "dmean2": 0.27948141098,
        "dvar": 0.0219964087009,
        "dvar2": 0.0553372725844,
        "max": 2.53705000877,
        "mean": 1.26040685177,
        "median": 1.25590765476,
        "min": -0.054315276444,
        "var": 0.0740895047784
    },
    "spectral_spread": {
        "dmean": 393288.09375,
        "dmean2": 548053.125,
        "dvar": 298948820992,
        "dvar2": 367433711616,
        "max": 38857636,
        "mean": 4100682.75,
        "median": 3924581.25,
        "min": 1785141.125,
        "var": 1.51089761485e+12
    },
    "spectral_strongpeak": {
        "dmean": 0.731440424919,
        "dmean2": 1.2334086895,
        "dvar": 1.17333173752,
        "dvar2": 3.06339168549,
        "max": 16.0843467712,
        "mean": 1.27513074875,
        "median": 0.704976737499,
        "min": 0,
        "var": 2.03715467453
    },
    "zerocrossingrate": {
        "dmean": 0.00967522989959,
        "dmean2": 0.0112672988325,
        "dvar": 0.000198716414161,
        "dvar2": 0.000208425160963,
        "max": 0.6494140625,
        "mean": 0.0698883086443,
        "median": 0.06640625,
        "min": 0.00927734375,
        "var": 0.00110795395449
    },
    "barkbands": {
        "dmean": [8.59132196638e-05, 0.00190745783038, 0.00214672950096, 0.00160667765886, 0.00255115423352, 0.00144970219117, 0.000826261180919, 0.000938322220463, 0.00147522019688, 0.000904076092411, 0.000627199129667, 0.000577131344471, 0.00060115812812, 0.000689433247317, 0.000469232181786, 0.000402283360017, 0.000327475514496, 0.000326724548358, 0.000266485527391, 0.000208376164665, 0.000114263908472, 0.000123334495584, 0.00011980918498, 0.000141792552313, 7.13937333785e-05, 1.45976699173e-07, 1.34850530742e-09],
        "dmean2": [0.000126834100229, 0.00298525765538, 0.00368482316844, 0.00284457206726, 0.00427117291838, 0.00229321490042, 0.00132162030786, 0.00148274621461, 0.00239073554985, 0.00145757454447, 0.00102856033482, 0.000944550847635, 0.000984298065305, 0.00111071649007, 0.000768339203205, 0.000661928905174, 0.000530000659637, 0.000530606193934, 0.000421542936238, 0.000329751434037, 0.000172581989318, 0.000182741379831, 0.00017068303714, 0.000194765132619, 9.90821063169e-05, 2.45157622203e-07, 2.46033549089e-09],
        "dvar": [4.37973071143e-08, 1.94496951735e-05, 2.82787677861e-05, 1.81702998816e-05, 2.22319395107e-05, 6.32710134596e-06, 2.57590295405e-06, 4.8123297347e-06, 7.97650955064e-06, 3.17597300636e-06, 1.52657037233e-06, 1.22236099287e-06, 1.51778328927e-06, 1.95025700123e-06, 9.15229634302e-07, 1.06506195152e-06, 3.70915046233e-07, 3.28388694015e-07, 2.80713265965e-07, 1.66545433444e-07, 1.03091352344e-07, 8.97468552807e-08, 1.2487090828e-07, 4.17876549363e-07, 1.76937120955e-07, 5.07933647399e-13, 2.61237964212e-17],
        "dvar2": [8.43581346999e-08, 4.76291570521e-05, 7.76793749537e-05, 5.2216633776e-05, 5.91298303334e-05, 1.47740156535e-05, 6.3366123868e-06, 1.19676360555e-05, 2.02817318495e-05, 7.59738031775e-06, 3.66174140254e-06, 2.96353437079e-06, 3.82755570172e-06, 4.63410651719e-06, 2.30689329328e-06, 2.66914980784e-06, 8.67604228461e-07, 7.8738156617e-07, 6.41646977328e-07, 3.7355627569e-07, 2.09519896543e-07, 1.75760249022e-07, 2.31004605666e-07, 7.37874472634e-07, 3.82490867423e-07, 1.32630050605e-12, 6.34668353964e-17],
        "max": [0.0051925284788, 0.116274468601, 0.100533947349, 0.0610836371779, 0.0730282440782, 0.0584686510265, 0.0458746440709, 0.0618539974093, 0.0438285805285, 0.0401858240366, 0.029952775687, 0.0245159659535, 0.0238658487797, 0.0299263484776, 0.0254371855408, 0.0311749726534, 0.0152673991397, 0.0139282001182, 0.0139189679176, 0.0121651021764, 0.0130588654429, 0.00938758160919, 0.0111126257107, 0.0226974524558, 0.0181327331811, 2.42976329901e-05, 3.65693921367e-07],
        "mean": [0.000107482759631, 0.00338193564676, 0.0032091352623, 0.00189142976888, 0.00373444519937, 0.0024341957178, 0.00136123620905, 0.00138561218046, 0.00250762957148, 0.00154240475968, 0.00104874046519, 0.000974050257355, 0.000964562408626, 0.00115570612252, 0.000829453987535, 0.00073612347478, 0.000631298345979, 0.000672246038448, 0.000549315998796, 0.000420268217567, 0.000237804619246, 0.000237695203396, 0.000212321436265, 0.000244885479333, 0.000109939341201, 1.38807564554e-07, 1.0968335129e-09],
        "median": [2.20560814341e-05, 0.00114945555106, 0.00139914441388, 0.000810146913864, 0.00193776539527, 0.00122136750724, 0.000613208161667, 0.000467962352559, 0.000978483585641, 0.000641535385512, 0.000423214951297, 0.000478843052406, 0.000469802354928, 0.000515980704222, 0.000466803263407, 0.000390869943658, 0.000374868046492, 0.000411096494645, 0.000325108965626, 0.000243745016633, 0.000146001664689, 0.000130624335725, 9.22811595956e-05, 7.72299245e-05, 2.31920766964e-05, 2.26151932736e-08, 4.63676153029e-10],
        "min": [5.11043263722e-24, 1.39031796276e-23, 1.16831893562e-23, 2.18432291161e-24, 1.35055795319e-23, 3.43467703105e-23, 8.68057491395e-23, 4.77053913666e-23, 1.03521244716e-22, 7.27543315038e-23, 1.53693050723e-22, 1.17477292223e-22, 8.94333880168e-23, 7.81680693262e-23, 1.79182345639e-22, 1.94240097355e-22, 1.32619117578e-22, 2.17770720063e-22, 2.43675321847e-22, 4.81190409952e-22, 3.96676118727e-22, 3.1526006924e-22, 5.99280539814e-22, 7.78929992083e-22, 9.61880896661e-22, 1.7014069205e-21, 2.64636060394e-21],
        "var": [7.53040794166e-08, 3.51308699464e-05, 3.01847667288e-05, 1.34211331897e-05, 2.74594949587e-05, 1.25252099679e-05, 4.69781343782e-06, 8.43382804305e-06, 1.73465850821e-05, 7.69896269048e-06, 3.86380406781e-06, 2.4017413125e-06, 2.65505673269e-06, 3.89322258343e-06, 1.68009171375e-06, 2.00213003154e-06, 8.1608874325e-07, 6.69086830385e-07, 6.09043468103e-07, 3.45879357155e-07, 1.96889601511e-07, 1.79443190973e-07, 2.83592186179e-07, 9.77418835646e-07, 2.62098637904e-07, 4.58857236062e-13, 2.03121164273e-17]
    },
    "erbbands": {
        "dmean": [0.0573584213853, 0.461979269981, 2.10020637512, 3.9982278347, 6.55998039246, 9.490234375, 12.7239112854, 10.8965578079, 11.0256462097, 14.3110103607, 22.7032585144, 33.2563171387, 28.9243774414, 25.5505104065, 23.6643276215, 21.9975070953, 25.1600666046, 31.6962795258, 27.5113563538, 22.352268219, 19.9213733673, 15.7468547821, 17.2682170868, 12.0300731659, 14.4802074432, 8.49282550812, 4.879550457, 4.4621014595, 4.4653968811, 3.87913274765, 3.34412622452, 3.39201307297, 2.138215065, 1.03581058979, 0.409025251865, 0.0225513186306, 0.000624026288278, 4.76041350339e-05, 1.09365182652e-05, 1.16254686873e-05],
        "dmean2": [0.0799182653427, 0.745288193226, 3.52984476089, 7.07265424728, 11.1846923828, 16.0259571075, 20.6170082092, 17.4326992035, 17.6582794189, 22.941783905, 35.8940086365, 53.987953186, 46.8085441589, 40.8468551636, 38.9786338806, 35.661441803, 40.8367996216, 51.1628112793, 44.5379829407, 36.1997947693, 32.6836624146, 25.0425872803, 27.9776763916, 19.2914161682, 22.987909317, 13.3927602768, 7.50454235077, 6.70170164108, 6.67136192322, 5.67172336578, 4.79682254791, 4.75182247162, 2.93269920349, 1.41286540031, 0.582592368126, 0.0326612442732, 0.000880542502273, 6.54115865473e-05, 1.5419207557e-05, 1.8065684344e-05],
        "dvar": [0.0244345534593, 1.00283741951, 23.8788948059, 117.954460144, 208.319442749, 378.39932251, 518.229125977, 440.79196167, 492.485198975, 1299.35571289, 2454.11865234, 4752.18408203, 3728.19433594, 3026.94213867, 1936.47387695, 1798.13354492, 2598.63330078, 4884.63037109, 2850.05639648, 2215.66967773, 2509.43969727, 804.684997559, 979.680847168, 552.351745605, 817.967773438, 248.346191406, 161.069000244, 144.845474243, 127.873100281, 105.5807724, 110.942550659, 193.6953125, 116.397354126, 31.2059936523, 7.41837835312, 0.0157748591155, 1.25931474031e-05, 6.83239704813e-08, 1.48344536655e-09, 2.56570320545e-10],
        "dvar2": [0.0492544658482, 2.59828710556, 64.3742523193, 338.461975098, 562.647827148, 1011.78045654, 1287.55029297, 1015.71881104, 1213.20092773, 3212.42675781, 6171.16015625, 12001.9658203, 9081.19140625, 7090.62109375, 4897.52148438, 4353.54785156, 6667.359375, 11678.546875, 7073.36376953, 5206.62158203, 6331.30322266, 1830.19299316, 2317.63037109, 1290.50952148, 1836.45678711, 538.958251953, 331.705230713, 295.419281006, 247.99230957, 197.305725098, 213.393569946, 370.442504883, 208.271652222, 62.8415298462, 16.8607082367, 0.0350183323026, 2.75556831184e-05, 1.43897068483e-07, 2.95621060964e-09, 5.81849346482e-10],
        "max": [3.98589229584, 23.2118110657, 89.7999954224, 164.372833252, 183.11706543, 327.206298828, 398.427825928, 624.21270752, 656.12890625, 942.084899902, 1441.82702637, 1088.36669922, 1345.57507324, 2107.28710938, 1252.7376709, 994.721740723, 1241.98120117, 1747.42785645, 1349.75354004, 1094.99279785, 1552.91784668, 704.217407227, 704.859313965, 816.119750977, 726.215881348, 353.001281738, 502.209106445, 475.326477051, 391.788330078, 283.073730469, 386.494873047, 594.087890625, 300.518432617, 192.710601807, 129.277267456, 5.12462186813, 0.151749834418, 0.0110771432519, 0.0015283342218, 0.000396301387809],
        "mean": [0.0856553539634, 0.824672102928, 3.40941572189, 5.27747774124, 8.73390579224, 12.8241968155, 19.6644535065, 18.3244972229, 18.5322780609, 22.652097702, 36.6311569214, 56.5586471558, 51.4416503906, 48.7021636963, 43.8081054688, 40.1405181885, 44.7745170593, 56.4698143005, 52.6726989746, 42.5083045959, 39.807434082, 34.3475151062, 36.8494262695, 27.5437889099, 31.6845912933, 18.8828792572, 10.4701356888, 9.33845710754, 8.66100311279, 6.7864575386, 5.93434047699, 5.80932378769, 3.54931116104, 1.59691643715, 0.607756793499, 0.0332042239606, 0.00097497459501, 8.28484044177e-05, 2.99727544188e-05, 4.03860758524e-05],
        "median": [0.017369909212, 0.329583585262, 1.59181118011, 2.69709134102, 3.96651315689, 5.88324451447, 9.8724193573, 8.73571586609, 8.97311687469, 9.44742774963, 14.9956741333, 22.6327171326, 21.5456409454, 23.5022506714, 22.3517017365, 21.5052967072, 24.0449314117, 26.7193164825, 28.8136768341, 23.9784603119, 21.8788852692, 22.043264389, 23.1817378998, 18.4645557404, 17.6815414429, 11.5215816498, 6.73500347137, 5.57874107361, 4.807949543, 3.12308192253, 2.51932954788, 2.00626349449, 0.960381805897, 0.34593975544, 0.124041423202, 0.00780123891309, 0.000248170341365, 2.66772767645e-05, 2.15133768506e-05, 3.71980167984e-05],
        "min": [2.48183037142e-22, 3.73789065153e-21, 1.38907567849e-20, 1.0878786995e-20, 1.40108869974e-20, 4.3498329718e-20, 2.07870268215e-19, 2.73269972102e-19, 1.28511627826e-18, 1.07726057618e-18, 1.12650284484e-18, 2.32800967134e-18, 2.19595132053e-18, 2.39748684574e-18, 7.13579845846e-18, 5.64306129401e-18, 3.63308271586e-18, 4.05973627196e-18, 7.44330285118e-18, 1.31349779634e-17, 7.84381956787e-18, 7.05312258342e-18, 1.23065789138e-17, 1.10730929746e-17, 1.39631098336e-17, 1.84043285692e-17, 1.97578177358e-17, 1.76552404239e-17, 1.1601825995e-17, 1.34960414736e-17, 1.79232188183e-17, 1.28901341564e-17, 1.48020132498e-17, 8.45233746704e-18, 8.22424654903e-18, 6.66529192219e-18, 3.22627218868e-18, 1.37695379898e-18, 3.72065193291e-19, 3.55739943797e-20],
        "var": [0.040480595082, 1.77668452263, 28.9907779694, 88.3737411499, 214.984466553, 433.573120117, 909.733825684, 842.934814453, 873.788146973, 2045.48486328, 4560.81347656, 9677.21777344, 8369.67285156, 7174.01708984, 4669.515625, 3766.8918457, 4966.17236328, 9191.07226562, 6800.18896484, 4197.07177734, 5249.71484375, 1940.72839355, 1946.1550293, 1105.85900879, 2032.61621094, 597.474121094, 340.647186279, 269.009429932, 242.589675903, 219.251541138, 244.386367798, 458.971252441, 241.307922363, 51.993221283, 9.49976539612, 0.0212480742484, 1.77614292625e-05, 1.06506654163e-07, 2.7281599202e-09, 5.35372857158e-10]
    },
    "gfcc": {
        "mean": [21.9588356018, 104.920410156, -158.825378418, 47.973236084, -74.8113555908, 22.5467720032, -42.0391426086, 5.38418054581, -19.0286808014, -12.3860788345, -4.89460945129, -16.3991127014, 1.10999321938],
        "cov": [[1515.8248291, -110.490562439, 497.824310303, 339.901184082, -47.388168335, 146.954437256, -163.035064697, 55.6248207092, -56.1116752625, 96.2848892212, -22.5413990021, 26.7028598785, -34.6189079285], [-110.490562439, 744.04876709, 178.350479126, 106.290153503, 189.566635132, -91.1651306152, 58.7931213379, -77.3155822754, 69.4744491577, -26.3283596039, 75.8138122559, -23.8113613129, 17.8537120819], [497.824310303, 178.350479126, 938.265197754, 410.194488525, 67.2341690063, 153.29598999, -186.933547974, 18.0763969421, -8.1255531311, 111.346000671, -9.90464401245, 65.526184082, -14.1662940979], [339.901184082, 106.290153503, 410.194488525, 351.684783936, 114.397224426, 73.8131027222, -59.5785560608, 12.1727237701, 32.0103912354, 56.5431976318, 7.36921453476, 32.7586250305, 14.609746933], [-47.388168335, 189.566635132, 67.2341690063, 114.397224426, 192.220504761, 30.246931076, 36.3470993042, 18.7048072815, 39.3585548401, 19.1443119049, 21.451374054, -0.441492348909, 27.0083045959], [146.954437256, -91.1651306152, 153.29598999, 73.8131027222, 30.246931076, 201.664749146, 58.3045425415, 42.7792320251, 0.377918630838, 41.8668251038, 2.56862783432, 23.2208881378, -9.74010658264], [-163.035064697, 58.7931213379, -186.933547974, -59.5785560608, 36.3470993042, 58.3045425415, 211.511001587, 31.6137599945, 27.4231071472, -20.3156490326, 37.3804931641, -13.3552885056, 2.65849351883], [55.6248207092, -77.3155822754, 18.0763969421, 12.1727237701, 18.7048072815, 42.7792320251, 31.6137599945, 106.891662598, 33.0295333862, 31.7339706421, -3.00463366508, -1.71932673454, -3.33080172539], [-56.1116752625, 69.4744491577, -8.1255531311, 32.0103912354, 39.3585548401, 0.377918630838, 27.4231071472, 33.0295333862, 109.237464905, 30.5602416992, 13.1578350067, -6.45712852478, 8.03685665131], [96.2848892212, -26.3283596039, 111.346000671, 56.5431976318, 19.1443119049, 41.8668251038, -20.3156490326, 31.7339706421, 30.5602416992, 96.92628479, 24.2095069885, 12.2117805481, 0.680595934391], [-22.5413990021, 75.8138122559, -9.90464401245, 7.36921453476, 21.451374054, 2.56862783432, 37.3804931641, -3.00463366508, 13.1578350067, 24.2095069885, 80.4139785767, 28.5901851654, 7.28916215897], [26.7028598785, -23.8113613129, 65.526184082, 32.7586250305, -0.441492348909, 23.2208881378, -13.3552885056, -1.71932673454, -6.45712852478, 12.2117805481, 28.5901851654, 91.9257125854, 32.2283477783], [-34.6189079285, 17.8537120819, -14.1662940979, 14.609746933, 27.0083045959, -9.74010658264, 2.65849351883, -3.33080172539, 8.03685665131, 0.680595934391, 7.28916215897, 32.2283477783, 63.6918373108]],
        "icov": [[0.00132867251523, -0.000979409203865, 0.00104562751949, -0.00224689766765, 0.00209016678855, -0.00162291771267, 0.00160255574156, -0.00173993885983, 0.00162904907484, -0.000876664358657, 0.00025046497467, 0.000132800079882, 0.000160242503625], [-0.000979409203865, 0.00626800907776, -0.00484479870647, 0.00430951267481, -0.00678291264921, 0.00592651916668, -0.00511266896501, 0.00594415701926, -0.00460609281436, 0.00368621805683, -0.00407030852512, 0.00216510426253, -0.000136520626256], [0.00104562751949, -0.00484479870647, 0.00715992460027, -0.00687002483755, 0.00584613857791, -0.00649656867608, 0.00645206775516, -0.00496039772406, 0.00443022185937, -0.00379706546664, 0.00294118840247, -0.00228932243772, 0.00139688374475], [-0.00224689766765, 0.00430951267481, -0.00687002483755, 0.0128290299326, -0.00921303126961, 0.00488189747557, -0.00455880723894, 0.00587008194998, -0.00598224904388, 0.00299715925939, -0.00206362642348, 0.000443601951702, -0.00101493741386], [0.00209016678855, -0.00678291264921, 0.00584613857791, -0.00921303126961, 0.0164500065148, -0.0075109009631, 0.00522254221141, -0.00775082642213, 0.00474169524387, -0.00371430418454, 0.00207345699891, 0.000738719187211, -0.00346619798802], [-0.00162291771267, 0.00592651916668, -0.00649656867608, 0.00488189747557, -0.0075109009631, 0.0155444899574, -0.0108713796362, 0.00502464920282, -0.00288296327926, -0.000317046098644, 0.000401897181291, -0.00165179942269, 0.00232746801339], [0.00160255574156, -0.00511266896501, 0.00645206775516, -0.00455880723894, 0.00522254221141, -0.0108713796362, 0.0155624384061, -0.00762257352471, 0.00256673013791, 0.00155470205937, -0.00341152143665, 0.00144872907549, -0.000823467271402], [-0.00173993885983, 0.00594415701926, -0.00496039772406, 0.00587008194998, -0.00775082642213, 0.00502464920282, -0.00762257352471, 0.0188847444952, -0.00769101316109, -0.00046396633843, 9.68270251178e-06, 0.00060824357206, 0.000965686806012], [0.00162904907484, -0.00460609281436, 0.00443022185937, -0.00598224904388, 0.00474169524387, -0.00288296327926, 0.00256673013791, -0.00769101316109, 0.0166452862322, -0.00700908806175, 0.00277318712324, -0.000248858763371, -0.00064364616992], [-0.000876664358657, 0.00368621805683, -0.00379706546664, 0.00299715925939, -0.00371430418454, -0.000317046098644, 0.00155470205937, -0.00046396633843, -0.00700908806175, 0.0205022506416, -0.010402305983, 0.00371829234064, -0.00163007550873], [0.00025046497467, -0.00407030852512, 0.00294118840247, -0.00206362642348, 0.00207345699891, 0.000401897181291, -0.00341152143665, 9.68270251178e-06, 0.00277318712324, -0.010402305983, 0.0239043813199, -0.010329159908, 0.00398186594248], [0.000132800079882, 0.00216510426253, -0.00228932243772, 0.000443601951702, 0.000738719187211, -0.00165179942269, 0.00144872907549, 0.00060824357206, -0.000248858763371, 0.00371829234064, -0.010329159908, 0.019957093522, -0.0106647806242], [0.000160242503625, -0.000136520626256, 0.00139688374475, -0.00101493741386, -0.00346619798802, 0.00232746801339, -0.000823467271402, 0.000965686806012, -0.00064364616992, -0.00163007550873, 0.00398186594248, -0.0106647806242, 0.023319458589]]
    },
    "melbands": {
        "dmean": [0.000502579030581, 0.000889010145329, 0.00074939255137, 0.000561360211577, 0.000431039341493, 0.000247325602686, 0.000167096790392, 0.000162605923833, 0.000198489447939, 0.000210636266274, 0.000146701015183, 0.000108781918243, 8.80617590155e-05, 6.85396080371e-05, 5.45850634808e-05, 6.14070886513e-05, 6.22834850219e-05, 5.0419181207e-05, 3.25470864482e-05, 3.01379768644e-05, 2.49766453635e-05, 1.77758010977e-05, 1.89517286344e-05, 1.68495716935e-05, 1.00314628071e-05, 1.09215934572e-05, 1.08964532046e-05, 5.13214581588e-06, 3.32808349413e-06, 2.94876281259e-06, 2.76803052657e-06, 2.71299177257e-06, 2.49684876508e-06, 2.17637671085e-06, 1.90541004486e-06, 2.41084967456e-06, 2.04641992241e-06, 1.65006338193e-06, 1.22010806081e-06, 8.16822193883e-07],
        "dmean2": [0.000747832120396, 0.00146446679719, 0.00130794593133, 0.000942098035011, 0.000702845631167, 0.000393994385377, 0.000266498886049, 0.000259745953372, 0.000316808524076, 0.000341821461916, 0.000237027241383, 0.000173911103047, 0.000145688609337, 0.000112296896987, 8.79598446772e-05, 9.98937830445e-05, 0.000100305849628, 8.16115352791e-05, 5.30127217644e-05, 4.93218976771e-05, 4.09954081988e-05, 2.84991710942e-05, 3.10440991598e-05, 2.75023303402e-05, 1.62381566042e-05, 1.748496652e-05, 1.73623338924e-05, 8.16369720269e-06, 5.22054915564e-06, 4.64090771857e-06, 4.24638574259e-06, 4.10050051869e-06, 3.78412528335e-06, 3.23404606206e-06, 2.82151768261e-06, 3.4882646105e-06, 2.90971661343e-06, 2.3578343189e-06, 1.68948713508e-06, 1.14302929433e-06],
        "dvar": [1.61856007708e-06, 3.6026710859e-06, 3.70987208953e-06, 1.27641146719e-06, 5.4709420283e-07, 2.03372849228e-07, 1.07727089471e-07, 1.64816555071e-07, 1.61076869176e-07, 1.85487266435e-07, 9.6898780555e-08, 5.48332721451e-08, 2.92011534953e-08, 1.83718125157e-08, 1.2204085742e-08, 1.67391860373e-08, 1.91826909912e-08, 1.02776338551e-08, 5.39107025688e-09, 7.08170189156e-09, 3.57457841105e-09, 1.13944409463e-09, 1.17608101036e-09, 9.35523103429e-10, 4.05002975601e-10, 5.84375603463e-10, 4.66376604003e-10, 1.01358844928e-10, 6.31385499439e-11, 8.10056258183e-11, 4.79939837872e-11, 4.12147815876e-11, 4.63610989876e-11, 3.6289301425e-11, 3.72263539439e-11, 6.70075037124e-11, 8.5411969164e-11, 7.31695953826e-11, 3.80646104914e-11, 2.30660386624e-11],
        "dvar2": [3.70808425032e-06, 9.42169663176e-06, 1.0534010471e-05, 3.39977987096e-06, 1.38836242058e-06, 4.70013532095e-07, 2.64948738504e-07, 4.07875575092e-07, 4.06178571666e-07, 4.70479136538e-07, 2.36054077618e-07, 1.28148784029e-07, 7.32092431122e-08, 4.48328627556e-08, 2.97564799467e-08, 4.13681959799e-08, 4.5333091947e-08, 2.5017039107e-08, 1.31501813883e-08, 1.66540186086e-08, 8.69497451816e-09, 2.60010390996e-09, 2.84419865437e-09, 2.27287344501e-09, 9.55042378514e-10, 1.35014288638e-09, 1.05578035203e-09, 2.26387353308e-10, 1.27491586732e-10, 1.87144966191e-10, 1.02049375894e-10, 8.35694916046e-11, 9.59194390582e-11, 7.02078672976e-11, 7.696170784e-11, 1.3492792994e-10, 1.68846381321e-10, 1.38817624062e-10, 7.4272116235e-11, 5.01660345209e-11],
        "max": [0.0347275286913, 0.0346015803516, 0.0282701179385, 0.0201484728605, 0.0118486564606, 0.0127039011568, 0.0101280687377, 0.00929574947804, 0.0100110378116, 0.00784065295011, 0.00660612666979, 0.00853665918112, 0.00477327778935, 0.00337777938694, 0.00281748804264, 0.00227545131929, 0.00360998813994, 0.00212061568163, 0.00280688982457, 0.00321087334305, 0.00187237665523, 0.000760703987908, 0.000794158724602, 0.000764013791922, 0.000690555840265, 0.000699709518813, 0.000717276590876, 0.000223943017772, 0.000357509125024, 0.000356279459083, 0.000251915975241, 0.000202351759071, 0.000217604887439, 0.000179718670552, 0.000171550767845, 0.00036473266664, 0.000367972097592, 0.000247449381277, 0.000171556253918, 0.000203509829589],
        "mean": [0.000845021568239, 0.00156513380352, 0.00102569488809, 0.000781074457336, 0.00067254237365, 0.000420672848122, 0.00028167210985, 0.000252087018453, 0.000318325357512, 0.000356571166776, 0.000252615951467, 0.000198280438781, 0.000153475702973, 0.000114384994959, 9.29457892198e-05, 0.000103418831713, 0.000103208061773, 8.89168804861e-05, 5.77320170123e-05, 5.19835411978e-05, 4.61191120849e-05, 3.43259234796e-05, 3.58059878636e-05, 3.24348802678e-05, 2.05766973522e-05, 2.17487431655e-05, 2.20393267227e-05, 1.02203148344e-05, 6.53115921523e-06, 5.52124174646e-06, 5.43510759599e-06, 5.08277707922e-06, 4.18064246333e-06, 3.59057867172e-06, 3.19416403727e-06, 3.92999663745e-06, 3.36829930347e-06, 2.6344221169e-06, 1.82504390978e-06, 1.20044740015e-06],
        "median": [0.000240514578763, 0.000814463593997, 0.000543314148672, 0.000382737984182, 0.000351635564584, 0.000205835196539, 0.000137007329613, 0.000102144877019, 0.000127539562527, 0.000135686845169, 9.49462119024e-05, 8.63210079842e-05, 6.87946667313e-05, 5.72550088691e-05, 4.78072215628e-05, 4.78510046378e-05, 4.5809243602e-05, 4.4045944378e-05, 3.23591193592e-05, 2.64789687208e-05, 2.37711246882e-05, 2.03021008929e-05, 2.16062289837e-05, 1.86033212231e-05, 1.31406741275e-05, 1.21022121675e-05, 1.14423501145e-05, 6.02470254307e-06, 4.09336189477e-06, 3.18485558637e-06, 3.13470059154e-06, 2.82077348857e-06, 1.97487543119e-06, 1.57135661993e-06, 1.36226321956e-06, 1.43638351346e-06, 1.08391668618e-06, 6.87536555688e-07, 4.26691059374e-07, 2.33141506101e-07],
        "min": [3.69326650353e-24, 6.80723931219e-24, 1.86361584933e-24, 1.84183283594e-24, 6.21995563965e-24, 6.4834028387e-24, 1.92916234139e-23, 1.23687647031e-23, 1.16564106839e-23, 1.400989042e-23, 1.08148002277e-23, 8.11012671642e-24, 2.2712078545e-23, 1.64304769755e-23, 7.52206246602e-24, 1.16147454175e-23, 5.98803250567e-24, 1.02231939918e-23, 1.72119146996e-23, 1.63661516795e-23, 8.08880143957e-24, 7.40381221632e-24, 8.64447269463e-24, 1.12172691729e-23, 8.8295978387e-24, 8.2611123271e-24, 1.26006408999e-23, 1.21623560918e-23, 1.48757551936e-23, 9.9137948562e-24, 9.74260572888e-24, 6.44116367596e-24, 5.56170880109e-24, 8.35598468387e-24, 1.01278293859e-23, 9.9178022696e-24, 7.41999648666e-24, 1.08739198305e-23, 8.17567238018e-24, 6.93705662934e-24],
        "var": [2.79870550912e-06, 5.14134626428e-06, 2.923609145e-06, 1.48016385992e-06, 9.13576457151e-07, 4.04095260365e-07, 1.95195639208e-07, 2.58761872374e-07, 3.06899096358e-07, 3.85997623198e-07, 2.19447116478e-07, 1.33090878762e-07, 7.57810454388e-08, 3.3838748692e-08, 2.30068337714e-08, 3.11308383516e-08, 3.47338264817e-08, 2.48529179459e-08, 8.20313683647e-09, 1.14506208959e-08, 7.53029638645e-09, 2.47367437645e-09, 2.21525509048e-09, 1.96526217522e-09, 7.49910245013e-10, 1.23403043339e-09, 1.09338560428e-09, 2.19590942652e-10, 1.40696551632e-10, 1.25877780421e-10, 8.70287383825e-11, 7.77667791274e-11, 7.81154724239e-11, 7.00085545091e-11, 6.94292540127e-11, 1.49527862314e-10, 1.89238402726e-10, 1.42018508065e-10, 6.64319085852e-11, 3.33757362025e-11]
    },
    "mfcc": {
        "mean": [-595.187316895, 108.52053833, -16.3044719696, 16.1298713684, -0.970922887325, 3.75690484047, -2.70457863808, 5.32265043259, -5.17126321793, 3.02766895294, -3.57110667229, -3.25230789185, -6.36839389801],
        "cov": [[1053.43457031, -252.111038208, 345.010681152, 120.688545227, 122.102478027, 51.2106895447, 13.2088718414, -18.9785747528, -13.6062240601, 20.5626869202, 13.2355957031, 15.8595352173, 1.84206569195], [-252.111038208, 646.176757812, -9.27361011505, 145.725540161, 58.8206672668, 24.1307220459, 5.18207073212, 0.264881908894, -33.3036003113, 3.03947591782, 10.6703968048, 15.0031795502, 11.9623613358], [345.010681152, -9.27361011505, 833.905822754, 226.744827271, 275.450286865, 136.41696167, -12.8473796844, -33.949508667, -6.90329933167, -14.0474071503, 2.43514823914, 48.6167526245, 45.7430648804], [120.688545227, 145.725540161, 226.744827271, 299.067687988, 184.093109131, 57.0435295105, -16.485502243, -16.1831245422, 7.46260070801, 14.6456069946, -14.3951358795, 27.3356399536, 36.3952064514], [122.102478027, 58.8206672668, 275.450286865, 184.093109131, 264.608673096, 67.2271499634, -16.0293331146, -24.4630279541, 26.2013759613, 19.6962985992, -6.19903945923, 21.8326282501, 32.983165741], [51.2106895447, 24.1307220459, 136.41696167, 57.0435295105, 67.2271499634, 152.385559082, 54.9181938171, 29.776052475, 19.0567111969, 12.4736652374, 19.1716270447, 17.47697258, 14.667429924], [13.2088718414, 5.18207073212, -12.8473796844, -16.485502243, -16.0293331146, 54.9181938171, 139.842651367, 50.0079040527, 9.97476959229, 18.902879715, 28.7259159088, 4.96991300583, -1.22622191906], [-18.9785747528, 0.264881908894, -33.949508667, -16.1831245422, -24.4630279541, 29.776052475, 50.0079040527, 107.858604431, 29.9081420898, 8.81981182098, 18.0186271667, 2.70603680611, 8.31093025208], [-13.6062240601, -33.3036003113, -6.90329933167, 7.46260070801, 26.2013759613, 19.0567111969, 9.97476959229, 29.9081420898, 94.5853271484, 39.2986373901, 15.0833044052, 3.30839776993, 4.91583156586], [20.5626869202, 3.03947591782, -14.0474071503, 14.6456069946, 19.6962985992, 12.4736652374, 18.902879715, 8.81981182098, 39.2986373901, 108.209350586, 41.5329704285, 8.16433048248, -1.60121107101], [13.2355957031, 10.6703968048, 2.43514823914, -14.3951358795, -6.19903945923, 19.1716270447, 28.7259159088, 18.0186271667, 15.0833044052, 41.5329704285, 86.1660232544, 31.3645820618, -4.51692485809], [15.8595352173, 15.0031795502, 48.6167526245, 27.3356399536, 21.8326282501, 17.47697258, 4.96991300583, 2.70603680611, 3.30839776993, 8.16433048248, 31.3645820618, 75.3199462891, 28.6192684174], [1.84206569195, 11.9623613358, 45.7430648804, 36.3952064514, 32.983165741, 14.667429924, -1.22622191906, 8.31093025208, 4.91583156586, -1.60121107101, -4.51692485809, 28.6192684174, 75.6915740967]],
