{
"lowlevel": {
    "average_loudness": 0.965539991856,
    "barkbands_crest": {
        "dmean": 2.5511431694,
        "dmean2": 4.19817972183,
        "dvar": 5.47627735138,
        "dvar2": 14.3586387634,
        "max": 22.7872695923,
        "mean": 8.98399829865,
        "median": 8.35507488251,
        "min": 2.11443686485,
        "var": 13.0081949234
    },
    "barkbands_flatness_db": {
        "dmean": 0.0177997816354,
        "dmean2": 0.0289554819465,
        "dvar": 0.000250784272794,
        "dvar2": 0.000622500665486,
        "max": 0.271651774645,
        "mean": 0.137642502785,
        "median": 0.133523494005,
        "min": 0.0611667409539,
        "var": 0.000911115203053
    },
    "barkbands_kurtosis": {
        "dmean": 1.35150456429,
        "dmean2": 2.15263056755,
        "dvar": 3.77388262749,
        "dvar2": 9.05358695984,
        "max": 59.6281890869,
        "mean": 1.1097048521,
        "median": 0.240831375122,
        "min": -1.9049975872,
        "var": 8.72189426422
    },
    "barkbands_skewness": {
        "dmean": 0.426491767168,
        "dmean2": 0.659862935543,
        "dvar": 0.171501517296,
        "dvar2": 0.408504188061,
        "max": 7.1997218132,
        "mean": 1.07561230659,
        "median": 0.989413022995,
        "min": -1.86942493916,
        "var": 0.634690880775
    },
    "barkbands_spread": {
        "dmean": 5.85916376114,
        "dmean2": 8.99683952332,
        "dvar": 36.6323661804,
        "dvar2": 73.3245697021,
        "max": 103.90776062,
        "mean": 28.1793994904,
        "median": 26.9485664368,
        "min": 3.37268686295,
        "var": 144.679290771
    },
    "dissonance": {
        "dmean": 0.0143800498918,
        "dmean2": 0.0242780633271,
        "dvar": 0.000174025335582,
        "dvar2": 0.000465583085315,
        "max": 0.5,
        "mean": 0.473520159721,
        "median": 0.477718919516,
        "min": 0.358955800533,
        "var": 0.000337307021255
    },
    "dynamic_complexity": 1.48272514343,
    "erbbands_crest": {
        "dmean": 2.6194729805,
        "dmean2": 4.30369091034,
        "dvar": 6.25873804092,
        "dvar2": 15.769197464,
        "max": 31.5525054932,
        "mean": 8.11688995361,
        "median": 7.05897951126,
        "min": 2.19357037544,
        "var": 15.7732973099
    },
    "erbbands_flatness_db": {
        "dmean": 0.0150459203869,
        "dmean2": 0.02197785303,
        "dvar": 0.000192348394194,
        "dvar2": 0.000375208182959,
        "max": 0.303545624018,
        "mean": 0.166906163096,
        "median": 0.162855237722,
        "min": 0.0669875070453,
        "var": 0.00125841679983
    },
    "erbbands_kurtosis": {
        "dmean": 0.653137147427,
        "dmean2": 1.04617130756,
        "dvar": 0.701257526875,
        "dvar2": 1.6413795948,
        "max": 20.4147472382,
        "mean": -0.16260035336,
        "median": -0.514175653458,
        "min": -1.79234564304,
        "var": 1.77686095238
    },
    "erbbands_skewness": {
        "dmean": 0.335209041834,
        "dmean2": 0.520657837391,
        "dvar": 0.0858154147863,
        "dvar2": 0.200623288751,
        "max": 3.18396306038,
        "mean": 0.0844457373023,
        "median": 0.081516303122,
        "min": -3.26536726952,
        "var": 0.383076637983
    },
    "erbbands_spread": {
        "dmean": 7.15386247635,
        "dmean2": 10.9952363968,
        "dvar": 45.1764144897,
        "dvar2": 101.522079468,
        "max": 113.645774841,
        "mean": 39.5690612793,
        "median": 38.3665924072,
        "min": 3.69071412086,
        "var": 214.38104248
    },
    "hfc": {
        "dmean": 7.22654819489,
        "dmean2": 10.1224756241,
        "dvar": 57.4606895447,
        "dvar2": 107.36630249,
        "max": 140.74786377,
        "mean": 28.3370399475,
        "median": 26.5214481354,
        "min": 1.20268037659e-16,
        "var": 228.562744141
    },
    "melbands_crest": {
        "dmean": 3.349599123,
        "dmean2": 5.54297971725,
        "dvar": 9.22875595093,
        "dvar2": 24.5209732056,
        "max": 29.914899826,
        "mean": 12.7628831863,
        "median": 12.0504350662,
        "min": 2.06216335297,
        "var": 21.5465984344
    },
    "melbands_flatness_db": {
        "dmean": 0.0222421418875,
        "dmean2": 0.0343951657414,
        "dvar": 0.000456804147689,
        "dvar2": 0.00105729908682,
        "max": 0.348943114281,
        "mean": 0.156417891383,
        "median": 0.15276055038,
        "min": 0.00622315984219,
        "var": 0.0018854587106
    },
    "melbands_kurtosis": {
        "dmean": 4.01729869843,
        "dmean2": 6.39245986938,
        "dvar": 36.4070472717,
        "dvar2": 87.7141571045,
        "max": 158.632980347,
        "mean": 7.55957746506,
        "median": 4.79172801971,
        "min": -1.63596284389,
        "var": 88.5695419312
    },
    "melbands_skewness": {
        "dmean": 0.600008428097,
        "dmean2": 0.931437730789,
        "dvar": 0.374854177237,
        "dvar2": 0.875608980656,
        "max": 10.4220819473,
        "mean": 2.19269323349,
        "median": 2.00665187836,
        "min": -1.07357096672,
        "var": 1.46192622185
    },
    "melbands_spread": {
        "dmean": 8.11665534973,
        "dmean2": 12.5634937286,
        "dvar": 85.4485168457,
        "dvar2": 183.453399658,
        "max": 168.801696777,
        "mean": 30.724445343,
        "median": 28.5409107208,
        "min": 1.96453201771,
        "var": 249.834136963
    },
    "pitch_salience": {
        "dmean": 0.0671733766794,
        "dmean2": 0.109130807221,
        "dvar": 0.00341943814419,
        "dvar2": 0.00862827152014,
        "max": 0.928183376789,
        "mean": 0.557901024818,
        "median": 0.561390995979,
        "min": 0.201297804713,
        "var": 0.0102904913947
    },
    "silence_rate_20dB": {
        "dmean": 0,
        "dmean2": 0,
        "dvar": 0,
        "dvar2": 0,
        "max": 1,
        "mean": 1,
        "median": 1,
        "min": 1,
        "var": 0
    },
    "silence_rate_30dB": {
        "dmean": 0,
        "dmean2": 0,
        "dvar": 0,
        "dvar2": 0,
        "max": 1,
        "mean": 1,
        "median": 1,
        "min": 1,
        "var": 0
    },
    "silence_rate_60dB": {
        "dmean": 0.0025510203559,
        "dmean2": 0.00497512426227,
        "dvar": 0.00254429038614,
        "dvar2": 0.00622519012541,
        "max": 1,
        "mean": 0.0021680907812,
        "median": 0,
        "min": 0,
        "var": 0.00216345791705
    },
    "spectral_centroid": {
        "dmean": 285.597564697,
        "dmean2": 443.535217285,
        "dvar": 85679.2734375,
        "dvar2": 173975.859375,
        "max": 11191.4541016,
        "mean": 1776.20568848,
        "median": 1750.3560791,
        "min": 531.753967285,
        "var": 262122.4375
    },
    "spectral_complexity": {
        "dmean": 4.60255098343,
        "dmean2": 6.56716394424,
        "dvar": 16.9293823242,
        "dvar2": 31.8454246521,
        "max": 57,
        "mean": 27.3549289703,
        "median": 27,
        "min": 0,
        "var": 72.7928314209
    },
    "spectral_decrease": {
        "dmean": 2.43694997515e-09,
        "dmean2": 3.76143960423e-09,
        "dvar": 7.58288957955e-18,
        "dvar2": 1.8079986088e-17,
        "max": 3.5486071727e-30,
        "mean": -7.59991891641e-09,
        "median": -7.16006498536e-09,
        "min": -3.55888154502e-08,
        "var": 1.48162473738e-17
    },
    "spectral_energy": {
        "dmean": 0.00965582858771,
        "dmean2": 0.0148172285408,
        "dvar": 0.000114415088319,
        "dvar2": 0.000270148535492,
        "max": 0.138530224562,
        "mean": 0.0312541760504,
        "median": 0.0295143332332,
        "min": 1.08952643682e-20,
        "var": 0.00023209171195
    },
    "spectral_energyband_high": {
        "dmean": 0.000427770341048,
        "dmean2": 0.00058534310665,
        "dvar": 5.71503278479e-07,
        "dvar2": 8.66725258675e-07,
        "max": 0.0220873709768,
        "mean": 0.00124070188031,
        "median": 0.000847673160024,
        "min": 7.95781030371e-21,
        "var": 2.1904577352e-06
    },
    "spectral_energyband_low": {
        "dmean": 0.00472388835624,
        "dmean2": 0.00761070055887,
        "dvar": 6.62778402329e-05,
        "dvar2": 0.000172597137862,
        "max": 0.120567664504,
        "mean": 0.00978173408657,
        "median": 0.00740111572668,
        "min": 8.2799288685e-23,
        "var": 0.000105527731648
    },
    "spectral_energyband_middle_high": {
        "dmean": 0.00256653502584,
        "dmean2": 0.00383606902324,
        "dvar": 8.04887076811e-06,
        "dvar2": 1.81748400792e-05,
        "max": 0.0424418784678,
        "mean": 0.00813208799809,
        "median": 0.00670679844916,
        "min": 1.44631833383e-21,
        "var": 3.22047962982e-05
    },
    "spectral_energyband_middle_low": {
        "dmean": 0.00597199983895,
        "dmean2": 0.00940896011889,
        "dvar": 5.59849468118e-05,
        "dvar2": 0.000135439113365,
        "max": 0.0722257643938,
        "mean": 0.0129489535466,
        "median": 0.0104085756466,
        "min": 4.27948433032e-22,
        "var": 9.25554413698e-05
    },
    "spectral_entropy": {
        "dmean": 0.107275590301,
        "dmean2": 0.162413239479,
        "dvar": 0.0110243540257,
        "dvar2": 0.0223360117525,
        "max": 9.80117988586,
        "mean": 7.79218053818,
        "median": 7.80267286301,
        "min": 6.65458869934,
        "var": 0.049739703536
    },
    "spectral_flux": {
        "dmean": 0.0258725099266,
        "dmean2": 0.0396049357951,
        "dvar": 0.000703736732248,
        "dvar2": 0.00143975915853,
        "max": 0.331498414278,
        "mean": 0.0988944172859,
        "median": 0.0916986465454,
        "min": 1.04380386279e-10,
        "var": 0.00142843136564
    },
    "spectral_kurtosis": {
        "dmean": 1.01905453205,
        "dmean2": 1.75111186504,
        "dvar": 0.975237190723,
        "dvar2": 2.83793091774,
        "max": 23.2839317322,
        "mean": 2.736536026,
        "median": 2.50448131561,
        "min": -1.21368980408,
        "var": 2.02253389359
    },
    "spectral_rms": {
        "dmean": 0.000836509803776,
        "dmean2": 0.00125205889344,
        "dvar": 7.0168084676e-07,
        "dvar2": 1.54569647748e-06,
        "max": 0.0116254650056,
        "mean": 0.0053500616923,
        "median": 0.00536604784429,
        "min": 3.26029546242e-12,
        "var": 1.86875467989e-06
    },
    "spectral_rolloff": {
        "dmean": 580.394470215,
        "dmean2": 945.896850586,
        "dvar": 687846.1875,
        "dvar2": 1344536.5,
        "max": 18733.8867188,
        "mean": 1880.34802246,
        "median": 1658.05664062,
        "min": 107.666015625,
        "var": 1745880.75
    },
    "spectral_skewness": {
        "dmean": 0.153075456619,
        "dmean2": 0.247355595231,
        "dvar": 0.0181901566684,
        "dvar2": 0.0439139641821,
        "max": 2.95514988899,
        "mean": 1.15454018116,
        "median": 1.15281414986,
        "min": -0.076189391315,
        "var": 0.0686206817627
    },
    "spectral_spread": {
        "dmean": 381310.0625,
        "dmean2": 542479.875,
        "dvar": 276945174528,
        "dvar2": 348989652992,
        "max": 41376440,
        "mean": 4229299.5,
        "median": 4107494.5,
        "min": 1880133.625,
        "var": 1.15725238272e+12
    },
    "spectral_strongpeak": {
        "dmean": 0.667732536793,
        "dmean2": 1.13538515568,
        "dvar": 1.01542818546,
        "dvar2": 2.56255364418,
        "max": 14.3068780899,
        "mean": 1.03404533863,
        "median": 0.482503980398,
        "min": 0,
        "var": 1.48786115646
    },
    "zerocrossingrate": {
        "dmean": 0.009745570831,
        "dmean2": 0.011179080233,
        "dvar": 0.000127661347506,
        "dvar2": 0.000131304579554,
        "max": 0.50634765625,
        "mean": 0.0705458968878,
        "median": 0.06689453125,
        "min": 0.0107421875,
        "var": 0.000836233433802
    },
    "barkbands": {
        "dmean": [0.000128670129925, 0.00326078641228, 0.00180264469236, 0.000786221702583, 0.00274207233451, 0.00138883700129, 0.00119536416605, 0.0010925992392, 0.00146620254964, 0.000863367051352, 0.000593690550886, 0.00050691596698, 0.000490330741741, 0.000595948542468, 0.0004836814187, 0.000339307531249, 0.00036948241177, 0.00036327802809, 0.000305140012642, 0.000258764688624, 0.000140109783388, 0.000110166831291, 8.74380275491e-05, 6.48971908959e-05, 5.31509067514e-05, 1.53696603888e-07, 1.26869625916e-09],
        "dmean2": [0.000192452498595, 0.00516780512407, 0.00314088957384, 0.00134784809779, 0.00454873638228, 0.00224707857706, 0.00191271631047, 0.0017158674309, 0.0023183748126, 0.00138282927219, 0.00093247363111, 0.000821362424176, 0.000782425573561, 0.00096493185265, 0.000788044708315, 0.000531306723133, 0.000591922202148, 0.000582133070566, 0.000484069314552, 0.000401498749852, 0.000207890218007, 0.000165662815562, 0.000124154234072, 9.15062773856e-05, 7.39284951123e-05, 2.6592479685e-07, 2.36519404062e-09],
        "dvar": [6.72822224601e-08, 3.10257710225e-05, 1.74514680111e-05, 2.06127992897e-06, 2.50718694588e-05, 7.03598743712e-06, 5.50484446649e-06, 6.170454526e-06, 9.33466162678e-06, 2.6689938295e-06, 1.35873858653e-06, 1.02074068309e-06, 1.11587416995e-06, 2.09872860069e-06, 7.01765998201e-07, 4.69897429412e-07, 5.06656249399e-07, 3.19293405937e-07, 2.05754545846e-07, 1.30095870077e-07, 5.7118207053e-08, 5.74127376751e-08, 5.06310513515e-08, 2.84316303834e-08, 2.93231430248e-08, 2.16166345349e-13, 2.6357642862e-18],
        "dvar2": [1.41508564866e-07, 7.93892832007e-05, 4.89177291456e-05, 5.79666175327e-06, 6.58590142848e-05, 1.71939318534e-05, 1.30708376673e-05, 1.39570611282e-05, 2.18104269152e-05, 6.52816879665e-06, 3.2404252579e-06, 2.32837965086e-06, 2.79281425719e-06, 5.34570108357e-06, 1.83925180863e-06, 1.06678351131e-06, 1.21618381854e-06, 7.74645343427e-07, 5.05157231601e-07, 3.05672472223e-07, 1.13469489804e-07, 1.08882339589e-07, 8.13137432942e-08, 4.93615246455e-08, 4.98973200536e-08, 5.98891216567e-13, 8.24482349395e-18],
        "max": [0.00533235166222, 0.0902071744204, 0.0634372979403, 0.0260667297989, 0.0649921447039, 0.0406508892775, 0.0469393059611, 0.0587237291038, 0.0475027784705, 0.0307534132153, 0.0225614495575, 0.0257782004774, 0.0241738054901, 0.0349696539342, 0.0126170087606, 0.0157348159701, 0.0255226120353, 0.0173260569572, 0.0110863624141, 0.00727956509218, 0.00733995391056, 0.00861282460392, 0.00776835996658, 0.00407599983737, 0.00491383019835, 1.50316445797e-05, 1.6439098971e-08],
        "mean": [0.000203589559533, 0.00669102929533, 0.0023384548258, 0.00107072712854, 0.00360460975207, 0.00205291155726, 0.00180854881182, 0.00158249435481, 0.00225071678869, 0.00136323086917, 0.000899937469512, 0.000772102794144, 0.000772695348132, 0.000943091930822, 0.000795698666479, 0.000567198498175, 0.000644017534796, 0.000702127232216, 0.000631818489637, 0.000560441054404, 0.000322506850353, 0.000247873016633, 0.000194738735445, 0.000134024186991, 9.93973008008e-05, 1.56164333021e-07, 1.04276220991e-09],
        "median": [5.90307718085e-05, 0.00466145062819, 0.00119235774036, 0.000532228092197, 0.00184048654046, 0.00101500027813, 0.000694924790878, 0.000607392343227, 0.000793084094767, 0.000507870980073, 0.000326717592543, 0.000365572544979, 0.000326398818288, 0.000347683671862, 0.000397969473852, 0.000273963669315, 0.000386040046578, 0.000499313056935, 0.000452402542578, 0.000415375834564, 0.000205492469831, 0.000153581131599, 0.000111117937195, 7.14513880666e-05, 3.86679239455e-05, 4.02314270787e-08, 4.670028253e-10],
        "min": [6.96604190335e-23, 2.80455955242e-23, 1.85309674415e-23, 4.27635106947e-24, 7.3042335154e-23, 1.02710914172e-22, 5.46131244584e-23, 5.34744889387e-23, 8.45834396171e-23, 1.16839930477e-22, 1.50824462171e-22, 1.04683217896e-22, 1.0617824184e-22, 8.96226452143e-23, 4.46312382843e-23, 1.7521347914e-22, 1.15227927927e-22, 1.5661843726e-22, 3.07789821525e-22, 2.8194133615e-22, 4.15317570871e-22, 5.92955263749e-22, 5.94090112736e-22, 8.57250324186e-22, 1.17974352849e-21, 1.86639491953e-21, 2.46342201821e-21],
        "var": [1.23078180536e-07, 5.59864893148e-05, 1.38842378874e-05, 2.6194829843e-06, 2.69896045211e-05, 9.67015330389e-06, 1.00695606307e-05, 1.06708475869e-05, 1.62398810062e-05, 5.1970550885e-06, 2.49832442023e-06, 1.78701725417e-06, 1.89110858173e-06, 4.07676134273e-06, 1.24039934235e-06, 8.53867049955e-07, 8.35267371713e-07, 5.57097791898e-07, 4.28907497962e-07, 3.10679155291e-07, 1.68143529322e-07, 1.61389962727e-07, 1.36120618777e-07, 7.47776169874e-08, 8.14975607e-08, 2.19234041186e-13, 2.18501392488e-18]
    },
    "erbbands": {
        "dmean": [0.0926638618112, 0.777729153633, 2.04340791702, 2.2112185955, 6.08296489716, 10.7065486908, 10.629447937, 10.8086328506, 15.1827220917, 18.3878974915, 28.7250595093, 31.6959056854, 27.6014404297, 23.7730236053, 17.5802955627, 21.4333248138, 20.4462032318, 30.0523319244, 23.7510108948, 19.8265419006, 18.191078186, 18.1201457977, 19.9281005859, 16.2884025574, 14.9271478653, 11.6090688705, 6.79620409012, 4.97286748886, 4.01717424393, 3.43855309486, 2.35137438774, 1.5396065712, 1.01722228527, 0.71245443821, 0.337543457747, 0.0210158172995, 0.000535388942808, 3.65501946362e-05, 8.56085080159e-06, 1.15956827358e-05],
        "dmean2": [0.139453217387, 1.26313006878, 3.50792431831, 3.78603124619, 10.224562645, 18.0127410889, 17.5218143463, 17.4442672729, 24.4898223877, 28.7538490295, 44.8238639832, 50.0470695496, 44.1006774902, 37.9913482666, 27.6458339691, 34.6242828369, 32.5258827209, 48.0852012634, 38.331199646, 31.2023048401, 28.3699302673, 28.4974346161, 31.7881221771, 25.8459625244, 23.484369278, 18.072555542, 10.3268985748, 7.31292390823, 6.02966022491, 5.10169696808, 3.36227178574, 2.21329140663, 1.43474841118, 1.02073597908, 0.479859739542, 0.0309949796647, 0.000770345563069, 5.08237644681e-05, 1.1815977814e-05, 1.74327033164e-05],
        "dvar": [0.0273868814111, 1.92217504978, 20.4438285828, 17.8802547455, 126.769241333, 431.75579834, 483.741607666, 516.713867188, 920.20324707, 1776.7298584, 4163.55761719, 4628.02587891, 2936.65185547, 1865.18469238, 1481.18469238, 1767.79064941, 1738.61486816, 5436.10498047, 1952.51818848, 1196.71887207, 1466.13378906, 1131.15759277, 1051.58947754, 656.789428711, 481.21774292, 282.047607422, 110.566596985, 86.7459106445, 71.1643676758, 67.8844680786, 42.7217712402, 12.9941911697, 9.49880218506, 6.48823165894, 0.892059922218, 0.00297827809118, 2.01352190743e-06, 9.56572776545e-09, 2.07610637015e-10, 1.51369181078e-10],
        "dvar2": [0.0635001286864, 5.07255983353, 56.8845977783, 49.0220451355, 334.834655762, 1150.47766113, 1247.01159668, 1257.50866699, 2241.89428711, 3819.05688477, 9580.94824219, 10854.7236328, 7238.29248047, 4688.59228516, 3548.89404297, 4089.19726562, 4193.32519531, 13692.7939453, 5131.08886719, 2851.66333008, 3476.31762695, 2558.85864258, 2535.28808594, 1622.5246582, 1198.26708984, 656.800842285, 229.23979187, 169.283920288, 132.755661011, 121.438720703, 71.2403182983, 22.437335968, 16.6653347015, 11.4702234268, 1.60679638386, 0.00595371285453, 3.72676254301e-06, 1.6358116639e-08, 3.58911678155e-10, 3.45602602092e-10],
        "max": [2.37877011299, 22.7223148346, 67.6641464233, 61.8958625793, 120.954536438, 291.075683594, 396.664215088, 458.850189209, 792.541992188, 923.081237793, 1373.73754883, 1183.64233398, 853.311523438, 739.66204834, 929.067199707, 1166.60302734, 1148.53259277, 2071.0300293, 917.380065918, 608.448730469, 1016.86120605, 1071.43139648, 1124.02685547, 733.018859863, 571.753356934, 359.643249512, 342.501983643, 256.036987305, 299.260253906, 265.003326416, 255.608718872, 93.5045166016, 71.8844070435, 73.9358139038, 29.4934329987, 1.62067365646, 0.0430481545627, 0.00288296956569, 0.000383040460292, 0.000157302391017],
        "mean": [0.183707982302, 1.50127387047, 3.03275585175, 3.18663072586, 7.28707933426, 13.3872117996, 15.3008127213, 15.4236068726, 23.2214946747, 28.5276184082, 45.2373046875, 49.4713935852, 45.9577865601, 40.5998764038, 29.8124351501, 34.6035842896, 35.9295005798, 50.9227561951, 41.7133598328, 35.7110862732, 34.1098937988, 34.2556266785, 38.8930854797, 34.3665351868, 32.1462669373, 25.5431919098, 15.8433799744, 11.2430276871, 8.86997413635, 7.7047829628, 5.18693113327, 3.27370715141, 1.97959458828, 1.29889810085, 0.603555858135, 0.0356635525823, 0.000982129597105, 7.65864751884e-05, 2.83802546619e-05, 4.03860467486e-05],
        "median": [0.102958604693, 1.03560471535, 1.73650026321, 1.87353801727, 3.42238116264, 6.0791592598, 7.47970056534, 7.46748685837, 10.0153312683, 11.3555393219, 17.5318183899, 18.7932186127, 18.1288146973, 18.7809200287, 13.1595783234, 17.4856815338, 17.3906135559, 20.6695690155, 22.4863529205, 19.9755592346, 18.5342140198, 21.5602397919, 27.6367149353, 25.1587467194, 23.6892757416, 18.918586731, 11.1989345551, 6.67280769348, 5.4392747879, 4.54007959366, 2.88456511497, 1.8524736166, 0.935729801655, 0.484148234129, 0.238509386778, 0.014141314663, 0.000411995337345, 3.71736241505e-05, 2.3650312869e-05, 3.8441074139e-05],
        "min": [1.6835596304e-21, 3.84648355243e-21, 1.81490809627e-20, 2.15016585257e-20, 3.66198673291e-20, 2.68845770747e-19, 6.70784229969e-19, 8.60660489352e-19, 9.78350144244e-19, 1.11495374913e-18, 1.09991674297e-18, 2.02074743575e-18, 3.5208442329e-18, 3.68789501197e-18, 5.69508681864e-18, 3.58561330205e-18, 3.60239100641e-18, 5.95998892827e-18, 3.23688987902e-18, 2.78408583504e-18, 1.0966260117e-17, 7.39208465483e-18, 7.39666971696e-18, 1.21176425901e-17, 1.49479113663e-17, 1.47933361252e-17, 2.01231205466e-17, 1.22171813691e-17, 1.85611735939e-17, 1.97602380662e-17, 1.68996638739e-17, 1.98311009749e-17, 1.42568400148e-17, 1.14192250476e-17, 8.96781078218e-18, 6.63861410666e-18, 3.46635639839e-18, 1.4672505924e-18, 3.39753450614e-19, 3.52896575065e-20],
        "var": [0.0585106648505, 3.02702260017, 18.2390117645, 19.2417030334, 124.2706604, 465.606628418, 674.171020508, 662.761291504, 1433.66845703, 3331.77978516, 7535.96240234, 7731.82275391, 5803.43505859, 3787.57202148, 2821.56396484, 3256.18383789, 3275.6875, 11213.7021484, 3720.91796875, 2219.14599609, 2790.94018555, 2181.77148438, 1775.53625488, 1223.07763672, 1068.7713623, 655.082336426, 294.893951416, 254.519470215, 201.483184814, 178.891326904, 110.384384155, 34.9843292236, 23.6752243042, 16.7605381012, 2.36676645279, 0.0070701437071, 5.32263948116e-06, 2.78446936619e-08, 6.73155031716e-10, 3.59802548866e-10]
    },
    "gfcc": {
        "mean": [26.5940608978, 101.796630859, -150.081161499, 56.453830719, -73.621421814, 21.165599823, -38.883605957, 12.0710926056, -17.9410018921, -4.38143396378, -3.09343218803, -12.9857702255, 1.89605736732],
        "cov": [[1479.35437012, -121.327827454, 201.458282471, 179.594696045, 27.7072715759, 156.668228149, -46.4708518982, 98.9203186035, -47.449180603, 84.6254196167, -22.805644989, 41.5288772583, -26.7159690857], [-121.327827454, 553.656616211, 34.8646888733, 57.7526245117, 179.03868103, -59.3339729309, 123.841110229, -27.8315429688, 88.369972229, -38.33934021, 71.2462844849, -40.384967804, 25.7760124207], [201.458282471, 34.8646888733, 582.43737793, 307.021240234, 123.412590027, 118.694854736, -31.2828197479, 86.6222763062, 2.12204003334, 105.729751587, 2.11735844612, 65.8623123169, -3.32120013237], [179.594696045, 57.7526245117, 307.021240234, 363.417572021, 167.845001221, 58.4793548584, 9.38198184967, 25.1774749756, 55.3598213196, 64.2011947632, 25.3532390594, 45.1692810059, 14.0157804489], [27.7072715759, 179.03868103, 123.412590027, 167.845001221, 256.747650146, 94.2958297729, 62.063369751, 38.0698852539, 51.5013237, 26.6723327637, 39.7948875427, 5.11722373962, 11.4126739502], [156.668228149, -59.3339729309, 118.694854736, 58.4793548584, 94.2958297729, 248.402694702, 99.0037231445, 53.4289627075, -4.97765398026, 36.7221450806, 20.3799915314, 16.0596828461, -25.6255836487], [-46.4708518982, 123.841110229, -31.2828197479, 9.38198184967, 62.063369751, 99.0037231445, 192.561782837, 43.984413147, 38.965461731, -7.63354349136, 46.5462913513, -19.6066017151, -15.6234540939], [98.9203186035, -27.8315429688, 86.6222763062, 25.1774749756, 38.0698852539, 53.4289627075, 43.984413147, 131.384140015, 33.3747406006, 35.4034576416, -0.649675488472, 8.42641162872, -10.9680376053], [-47.449180603, 88.369972229, 2.12204003334, 55.3598213196, 51.5013237, -4.97765398026, 38.965461731, 33.3747406006, 124.087402344, 20.3337917328, 15.433839798, -10.9043712616, 5.82944726944], [84.6254196167, -38.33934021, 105.729751587, 64.2011947632, 26.6723327637, 36.7221450806, -7.63354349136, 35.4034576416, 20.3337917328, 98.5937652588, 19.0990848541, 18.7513084412, -8.06784725189], [-22.805644989, 71.2462844849, 2.11735844612, 25.3532390594, 39.7948875427, 20.3799915314, 46.5462913513, -0.649675488472, 15.433839798, 19.0990848541, 86.3934555054, 18.3206863403, -4.1179189682], [41.5288772583, -40.384967804, 65.8623123169, 45.1692810059, 5.11722373962, 16.0596828461, -19.6066017151, 8.42641162872, -10.9043712616, 18.7513084412, 18.3206863403, 72.6422729492, 26.2757606506], [-26.7159690857, 25.7760124207, -3.32120013237, 14.0157804489, 11.4126739502, -25.6255836487, -15.6234540939, -10.9680376053, 5.82944726944, -8.06784725189, -4.1179189682, 26.2757606506, 64.5032501221]],
        "icov": [[0.00111955497414, -0.00135246897116, 0.00136162631679, -0.00198569823988, 0.00176553276833, -0.00209563598037, 0.00202858448029, -0.00209459615871, 0.00140551372897, -0.000780305650551, 0.000491101818625, -9.76773808361e-05, 0.000342513725627], [-0.00135246897116, 0.00917688757181, -0.00625590188429, 0.0069998591207, -0.00883063673973, 0.00894871167839, -0.00899637211114, 0.00765738170594, -0.00511151272804, 0.00356615660712, -0.00347065716051, 0.00248969555832, -0.0021576359868], [0.00136162631679, -0.00625590188429, 0.00907955504954, -0.00895805004984, 0.00668653799221, -0.00774810137227, 0.00792700983584, -0.0080593014136, 0.00545610161498, -0.00404034322128, 0.00278952065855, -0.00209429813549, 0.001799032907], [-0.00198569823988, 0.0069998591207, -0.00895805004984, 0.0143675701693, -0.0108776334673, 0.00906362384558, -0.00888019613922, 0.0099086407572, -0.00726015074179, 0.00201221182942, -0.00140857417136, -0.00157551048324, -0.000683775288053], [0.00176553276833, -0.00883063673973, 0.00668653799221, -0.0108776334673, 0.0165132693946, -0.0117505369708, 0.00969865918159, -0.00951086729765, 0.00448153400794, -0.00229639210738, -6.42726226943e-05, 0.001679437235, -0.00127057998907], [-0.00209563598037, 0.00894871167839, -0.00774810137227, 0.00906362384558, -0.0117505369708, 0.0172325335443, -0.0140716833994, 0.00870090443641, -0.00379361887462, 0.00153506675269, -0.00069564016303, -0.00147933734115, 0.00127702078316], [0.00202858448029, -0.00899637211114, 0.00792700983584, -0.00888019613922, 0.00969865918159, -0.0140716833994, 0.0202580802143, -0.011870386079, 0.00382296578027, -0.000144233577885, -0.0029325322248, 0.00251447129995, 0.00077988114208], [-0.00209459615871, 0.00765738170594, -0.0080593014136, 0.0099086407572, -0.00951086729765, 0.00870090443641, -0.011870386079, 0.0196301508695, -0.00818680878729, 0.000234662031289, 0.00116291979793, -0.00199253135361, 0.000761822680943], [0.00140551372897, -0.00511151272804, 0.00545610161498, -0.00726015074179, 0.00448153400794, -0.00379361887462, 0.00382296578027, -0.00818680878729, 0.015221234411, -0.00470156548545, 0.00114296248648, 0.00199358025566, -0.00098573055584], [-0.000780305650551, 0.00356615660712, -0.00404034322128, 0.00201221182942, -0.00229639210738, 0.00153506675269, -0.000144233577885, 0.000234662031289, -0.00470156548545, 0.0171951707453, -0.0059644873254, 0.000773302977905, 0.000507432094309], [0.000491101818625, -0.00347065716051, 0.00278952065855, -0.00140857417136, -6.42726226943e-05, -0.00069564016303, -0.0029325322248, 0.00116291979793, 0.00114296248648, -0.0059644873254, 0.0202355701476, -0.0101338466629, 0.00583307584748], [-9.76773808361e-05, 0.00248969555832, -0.00209429813549, -0.00157551048324, 0.001679437235, -0.00147933734115, 0.00251447129995, -0.00199253135361, 0.00199358025566, 0.000773302977905, -0.0101338466629, 0.0265462193638, -0.012959622778], [0.000342513725627, -0.0021576359868, 0.001799032907, -0.000683775288053, -0.00127057998907, 0.00127702078316, 0.00077988114208, 0.000761822680943, -0.00098573055584, 0.000507432094309, 0.00583307584748, -0.012959622778, 0.0236030574888]]
    },
    "melbands": {
        "dmean": [0.000849682081025, 0.0010391875403, 0.000449373852462, 0.000651637557894, 0.000368496373994, 0.000250172277447, 0.000240460431087, 0.000198545661988, 0.000261685112491, 0.000194379797904, 0.000138866322231, 9.90028711385e-05, 6.93590554874e-05, 5.35089020559e-05, 5.42707311979e-05, 5.07182485308e-05, 6.08887203271e-05, 3.95548522647e-05, 3.68154978787e-05, 2.52908193943e-05, 2.34105773416e-05, 2.12153554457e-05, 1.9360351871e-05, 1.80971201189e-05, 1.430701559e-05, 1.19859669212e-05, 1.13754003905e-05, 7.75985517976e-06, 4.84941301693e-06, 3.905869562e-06, 2.98030590784e-06, 2.58984391621e-06, 2.12889335671e-06, 2.01219086193e-06, 1.55273619384e-06, 1.16279045415e-06, 9.28777069475e-07, 7.46383079786e-07, 7.08633763224e-07, 6.1108863747e-07],
        "dmean2": [0.00131916452665, 0.0017360340571, 0.000762699404731, 0.00109480461106, 0.00060653424589, 0.000403211277444, 0.000385066086892, 0.000309486495098, 0.000409339147154, 0.000308110320475, 0.000222325848881, 0.000158224254847, 0.000108231070044, 8.64708272275e-05, 8.77919519553e-05, 8.08585609775e-05, 9.78920579655e-05, 6.37396879029e-05, 5.97976068093e-05, 3.95778479287e-05, 3.71964670194e-05, 3.37589190167e-05, 3.1284049328e-05, 2.89187755698e-05, 2.3117483579e-05, 1.89765469258e-05, 1.80954939424e-05, 1.22503679449e-05, 7.56949202696e-06, 6.01169858783e-06, 4.53064740213e-06, 4.00512681153e-06, 3.27286488755e-06, 3.00532565234e-06, 2.29426632359e-06, 1.68336623574e-06, 1.36705943987e-06, 1.08435813218e-06, 1.02300566596e-06, 8.86166901637e-07],
        "dvar": [2.1311918772e-06, 4.34734783994e-06, 5.83787709729e-07, 1.54044744249e-06, 5.26328506112e-07, 2.50242948141e-07, 2.10667479905e-07, 2.0252659283e-07, 3.52555844074e-07, 1.61979471613e-07, 7.56100604349e-08, 3.36123235911e-08, 2.09888657565e-08, 1.34201849633e-08, 1.30683686095e-08, 1.2309784303e-08, 2.38590782686e-08, 6.76569689162e-09, 4.66682514855e-09, 2.34272246047e-09, 3.09071745974e-09, 1.82937309745e-09, 9.36989708045e-10, 1.0110690063e-09, 5.7794785624e-10, 3.54515777845e-10, 3.0303118348e-10, 1.32636179817e-10, 4.87567833329e-11, 5.83706902257e-11, 3.27579387227e-11, 2.85445278525e-11, 2.83426580816e-11, 2.32821973506e-11, 2.06912525308e-11, 7.88290006187e-12, 4.57354466799e-12, 4.64182988921e-12, 6.59509903286e-12, 4.73303340964e-12],
        "dvar2": [5.26092344444e-06, 1.18491207104e-05, 1.5838318177e-06, 4.08900950788e-06, 1.35450943617e-06, 6.05407592502e-07, 5.07653737714e-07, 4.36237314716e-07, 8.09115363154e-07, 3.80703994551e-07, 1.86379807587e-07, 8.47258760928e-08, 4.9764906862e-08, 3.09020542488e-08, 3.05753182772e-08, 3.06370608882e-08, 6.03958554279e-08, 1.74993086688e-08, 1.17415828171e-08, 5.25394572293e-09, 7.59262608341e-09, 4.18918144618e-09, 2.32421393243e-09, 2.41052955374e-09, 1.43961798038e-09, 8.71716643314e-10, 7.34327543217e-10, 3.07312147951e-10, 1.0915757187e-10, 1.26771884656e-10, 6.70762542732e-11, 5.91142412798e-11, 5.76033977462e-11, 4.23651703996e-11, 3.78361716957e-11, 1.33973587432e-11, 8.58333976811e-12, 8.51925040929e-12, 1.24567222856e-11, 8.6566673968e-12],
        "max": [0.0226876884699, 0.0311036333442, 0.00988709740341, 0.0142106655985, 0.0115902302787, 0.00933925248682, 0.0110018569976, 0.00987152475864, 0.0105727398768, 0.00634497962892, 0.00415217457339, 0.00317974761128, 0.00321412808262, 0.00392212765291, 0.00285261194222, 0.00283144600689, 0.00397204887122, 0.00230082706548, 0.00113475346006, 0.00114929489791, 0.00158493907657, 0.00129084871151, 0.000539543572813, 0.00117105455138, 0.000686643936206, 0.000521411129739, 0.000402815523557, 0.000251952878898, 0.000181338866241, 0.000302502623526, 0.000172208136064, 0.000186508346815, 0.000259234628174, 0.000139427284012, 0.000186698191101, 6.89556400175e-05, 6.07876791037e-05, 6.21682338533e-05, 8.67485941853e-05, 6.05072673352e-05],
        "mean": [0.00175508938264, 0.00178326619789, 0.000640768965241, 0.000796810316388, 0.000536042498425, 0.000362213555491, 0.000372860115021, 0.000303821550915, 0.000407413317589, 0.000298487517284, 0.000223437717068, 0.000161746051162, 0.000109603846795, 8.32359874039e-05, 8.53310484672e-05, 8.1512836914e-05, 9.6511823358e-05, 6.38550627627e-05, 6.00014318479e-05, 4.09587228205e-05, 4.04563943448e-05, 3.64919142157e-05, 3.40788756148e-05, 3.37235906045e-05, 2.70040181931e-05, 2.33736191149e-05, 2.24741306738e-05, 1.55125417223e-05, 1.02774856714e-05, 7.91488582763e-06, 6.06461617281e-06, 5.16517593496e-06, 4.43389581051e-06, 4.17577803091e-06, 3.13886062031e-06, 2.36258460973e-06, 1.82683288585e-06, 1.39376072639e-06, 1.22548351555e-06, 1.05575225007e-06],
        "median": [0.00117782980669, 0.00122914230451, 0.000388427230064, 0.000360346137313, 0.000274418940535, 0.0001755994017, 0.000155729838298, 0.000122463257867, 0.000141050346429, 0.00011208968499, 8.04300580057e-05, 6.86383064021e-05, 4.15375143348e-05, 3.89388478652e-05, 3.89970991819e-05, 3.2673808164e-05, 3.42946368619e-05, 3.05038029182e-05, 2.92796285066e-05, 2.0046300051e-05, 2.05801334232e-05, 2.09412773984e-05, 2.29157521972e-05, 2.29340275837e-05, 1.85647204489e-05, 1.62373507919e-05, 1.53198925545e-05, 1.08656095108e-05, 7.27045198801e-06, 4.5838933147e-06, 3.42601447301e-06, 3.03659044221e-06, 2.6612815418e-06, 2.36988353208e-06, 1.69475720213e-06, 1.24367056742e-06, 1.02759008769e-06, 6.66304572405e-07, 4.6584088409e-07, 3.77113735794e-07],
        "min": [1.48769179746e-23, 7.96929295674e-24, 3.54349889409e-24, 9.17344889665e-24, 2.25700425613e-23, 2.00814893279e-23, 1.39402971109e-23, 1.30779830002e-23, 1.1258341216e-23, 1.13860577965e-23, 1.76248439404e-23, 1.4310649951e-23, 2.11265280789e-23, 1.22787067645e-23, 6.43640250597e-24, 1.15119670967e-23, 1.11270203299e-23, 5.3793434869e-24, 3.77732909931e-24, 4.42871521458e-24, 1.56749738425e-23, 7.01819965091e-24, 7.13947833762e-24, 6.72207862203e-24, 9.60712517929e-24, 1.38732455117e-23, 7.97395118038e-24, 1.0175922291e-23, 1.21933843578e-23, 1.20740281251e-23, 5.38532818016e-24, 9.75086510256e-24, 1.31263567398e-23, 9.34081125972e-24, 9.5090934346e-24, 1.05084800162e-23, 1.28437078774e-23, 1.13681293547e-23, 7.48143218509e-24, 1.01479540164e-23],
        "var": [4.16313378082e-06, 4.73513955512e-06, 6.50820766168e-07, 1.56729061018e-06, 6.89564558343e-07, 3.3477081729e-07, 3.59130638117e-07, 3.76815194159e-07, 6.53052154576e-07, 2.72992565442e-07, 1.48903296804e-07, 6.65907933239e-08, 3.98035631122e-08, 2.34394743615e-08, 2.18927205253e-08, 2.24934808557e-08, 4.63475586798e-08, 1.19636709428e-08, 7.82509790298e-09, 4.13466683113e-09, 5.13245135281e-09, 3.24424109799e-09, 1.52710499801e-09, 1.60416313566e-09, 9.5820917867e-10, 7.30593696652e-10, 6.82526757334e-10, 2.78180811719e-10, 1.16506859715e-10, 1.34088420922e-10, 8.63966745368e-11, 6.94241678034e-11, 6.55035886643e-11, 5.62520967307e-11, 4.66818909917e-11, 2.11781876758e-11, 1.09153519556e-11, 1.09073453394e-11, 1.43069766104e-11, 1.21489389729e-11]
    },
    "mfcc": {
        "mean": [-593.573913574, 104.538917542, -9.75418949127, 26.6822395325, -1.08699858189, 2.65097355843, -0.101851716638, 4.88762664795, -2.30489182472, 5.44758987427, 0.919136047363, -0.611215353012, -1.77078127861],
        "cov": [[1176.26245117, -151.764266968, 94.6953811646, 24.4726200104, 57.6514015198, 51.0968399048, 45.0676956177, 20.2422943115, 6.95185661316, 30.5238857269, 7.90523004532, 6.10535383224, 4.98189973831], [-151.764266968, 489.546020508, -85.7597503662, 69.4736557007, 23.9100589752, 1.98416304588, 38.7654533386, 30.6494197845, 9.02356338501, 31.7838726044, 19.2424602509, 6.70271635056, 7.78143215179], [94.6953811646, -85.7597503662, 447.31930542, 164.302886963, 139.423919678, 78.8837738037, 41.2397842407, 4.14361619949, 47.5225296021, -25.280921936, 39.6266403198, 64.9441452026, 46.4336128235], [24.4726200104, 69.4736557007, 164.302886963, 337.380828857, 163.499450684, 53.4697532654, -9.44219112396, -2.97126722336, 45.3554573059, -3.14348196983, 12.8053951263, 56.9376411438, 68.3043670654], [57.6514015198, 23.9100589752, 139.423919678, 163.499450684, 251.614395142, 82.8310852051, 31.4951305389, 17.3395767212, 44.5725364685, 11.2852363586, 24.5035018921, 36.1866035461, 43.7259407043], [51.0968399048, 1.98416304588, 78.8837738037, 53.4697532654, 82.8310852051, 185.348403931, 88.049041748, 46.8394622803, 13.823343277, 29.2800426483, 37.4302597046, 24.9469966888, 12.4062328339], [45.0676956177, 38.7654533386, 41.2397842407, -9.44219112396, 31.4951305389, 88.049041748, 177.730056763, 72.260307312, 3.46134114265, 30.1858024597, 42.986946106, 20.2087745667, 4.53825902939], [20.2422943115, 30.6494197845, 4.14361619949, -2.97126722336, 17.3395767212, 46.8394622803, 72.260307312, 123.894691467, 31.9007492065, 38.8709259033, 26.6894035339, 13.607793808, 6.77623033524], [6.95185661316, 9.02356338501, 47.5225296021, 45.3554573059, 44.5725364685, 13.823343277, 3.46134114265, 31.9007492065, 98.9640274048, 32.9602508545, 12.9375591278, 10.217918396, 14.4795341492], [30.5238857269, 31.7838726044, -25.280921936, -3.14348196983, 11.2852363586, 29.2800426483, 30.1858024597, 38.8709259033, 32.9602508545, 108.500205994, 47.4291801453, 4.01760339737, -5.03867530823], [7.90523004532, 19.2424602509, 39.6266403198, 12.8053951263, 24.5035018921, 37.4302597046, 42.986946106, 26.6894035339, 12.9375591278, 47.4291801453, 98.8675613403, 44.6709747314, 2.72374010086], [6.10535383224, 6.70271635056, 64.9441452026, 56.9376411438, 36.1866035461, 24.9469966888, 20.2087745667, 13.607793808, 10.217918396, 4.01760339737, 44.6709747314, 87.8674240112, 39.0159759521], [4.98189973831, 7.78143215179, 46.4336128235, 68.3043670654, 43.7259407043, 12.4062328339, 4.53825902939, 6.77623033524, 14.4795341492, -5.03867530823, 2.72374010086, 39.0159759521, 84.5827102661]],
