{
"lowlevel": {
    "average_loudness": 0.92168211937,
    "barkbands_crest": {
        "dmean": 2.53332090378,
        "dmean2": 4.03323125839,
        "dvar": 5.39994621277,
        "dvar2": 12.7345294952,
        "max": 24.5694408417,
        "mean": 8.63840579987,
        "median": 7.81925439835,
        "min": 2.4962477684,
        "var": 13.4647111893
    },
    "barkbands_flatness_db": {
        "dmean": 0.0182204376906,
        "dmean2": 0.0287203397602,
        "dvar": 0.000267246738076,
        "dvar2": 0.000604499829933,
        "max": 0.318846046925,
        "mean": 0.143721193075,
        "median": 0.139582693577,
        "min": 0.0373003743589,
        "var": 0.00112209352665
    },
    "barkbands_kurtosis": {
        "dmean": 1.6688170433,
        "dmean2": 2.57115602493,
        "dvar": 11.9561357498,
        "dvar2": 24.3320007324,
        "max": 80.5975341797,
        "mean": 1.64378416538,
        "median": 0.142849683762,
        "min": -1.90258860588,
        "var": 26.5014610291
    },
    "barkbands_skewness": {
        "dmean": 0.453299164772,
        "dmean2": 0.667226016521,
        "dvar": 0.225053533912,
        "dvar2": 0.436891287565,
        "max": 8.29538536072,
        "mean": 1.011703372,
        "median": 0.880908966064,
        "min": -2.50963640213,
        "var": 1.10827422142
    },
    "barkbands_spread": {
        "dmean": 5.67534923553,
        "dmean2": 8.71439552307,
        "dvar": 37.8280296326,
        "dvar2": 83.4750518799,
        "max": 99.1703720093,
        "mean": 27.1165142059,
        "median": 26.0432834625,
        "min": 2.79900860786,
        "var": 164.431549072
    },
    "dissonance": {
        "dmean": 0.0132257789373,
        "dmean2": 0.0225493628532,
        "dvar": 0.000152955690282,
        "dvar2": 0.000426923070336,
        "max": 0.500000059605,
        "mean": 0.47611105442,
        "median": 0.479259520769,
        "min": 0.365792542696,
        "var": 0.000266414339421
    },
    "dynamic_complexity": 1.66009032726,
    "erbbands_crest": {
        "dmean": 2.43141531944,
        "dmean2": 3.94981598854,
        "dvar": 4.90320110321,
        "dvar2": 12.0771417618,
        "max": 28.273891449,
        "mean": 8.34898281097,
        "median": 7.55076313019,
        "min": 2.30975747108,
        "var": 13.7125768661
    },
    "erbbands_flatness_db": {
        "dmean": 0.0157809909433,
        "dmean2": 0.0221951082349,
        "dvar": 0.000212863291381,
        "dvar2": 0.000387116830098,
        "max": 0.348896622658,
        "mean": 0.17412404716,
        "median": 0.172290071845,
        "min": 0.076045319438,
        "var": 0.0016083434457
    },
    "erbbands_kurtosis": {
        "dmean": 0.708941757679,
        "dmean2": 1.12594795227,
        "dvar": 0.799557745457,
        "dvar2": 1.94309961796,
        "max": 17.3191509247,
        "mean": 0.184847474098,
        "median": -0.192200422287,
        "min": -1.84398758411,
        "var": 2.00891828537
    },
    "erbbands_skewness": {
        "dmean": 0.299714922905,
        "dmean2": 0.45943531394,
        "dvar": 0.0710234642029,
        "dvar2": 0.159600153565,
        "max": 2.99754047394,
        "mean": 0.0341171398759,
        "median": 0.0439623743296,
        "min": -3.94646048546,
        "var": 0.428866356611
    },
    "erbbands_spread": {
        "dmean": 7.78759860992,
        "dmean2": 11.4117507935,
        "dvar": 69.4598693848,
        "dvar2": 142.773452759,
        "max": 140.153991699,
        "mean": 37.1752967834,
        "median": 34.4738578796,
        "min": 3.07686805725,
        "var": 315.00668335
    },
    "hfc": {
        "dmean": 8.59836483002,
        "dmean2": 13.0313005447,
        "dvar": 182.6431427,
        "dvar2": 405.801452637,
        "max": 313.148712158,
        "mean": 28.2093353271,
        "median": 23.8166542053,
        "min": 1.11025862648e-16,
        "var": 433.369018555
    },
    "melbands_crest": {
        "dmean": 3.17801451683,
        "dmean2": 5.09062576294,
        "dvar": 8.28940963745,
        "dvar2": 19.9836387634,
        "max": 30.5762424469,
        "mean": 11.9736747742,
        "median": 11.1106090546,
        "min": 2.03407216072,
        "var": 22.054397583
    },
    "melbands_flatness_db": {
        "dmean": 0.0225709509104,
        "dmean2": 0.0342911295593,
        "dvar": 0.000474353553727,
        "dvar2": 0.000992847490124,
        "max": 0.396810680628,
        "mean": 0.160409092903,
        "median": 0.153245478868,
        "min": 0.00362729211338,
        "var": 0.00241754250601
    },
    "melbands_kurtosis": {
        "dmean": 5.08955574036,
        "dmean2": 7.6531829834,
        "dvar": 120.028518677,
        "dvar2": 250.397949219,
        "max": 254.616882324,
        "mean": 8.58031177521,
        "median": 3.88898992538,
        "min": -1.7127686739,
        "var": 251.241271973
    },
    "melbands_skewness": {
        "dmean": 0.653719067574,
        "dmean2": 0.953636050224,
        "dvar": 0.550212681293,
        "dvar2": 1.05584609509,
        "max": 12.6154270172,
        "mean": 2.12300944328,
        "median": 1.83358073235,
        "min": -2.0668053627,
        "var": 2.40545988083
    },
    "melbands_spread": {
        "dmean": 8.17383575439,
        "dmean2": 12.5108289719,
        "dvar": 90.5380020142,
        "dvar2": 187.157272339,
        "max": 234.618927002,
        "mean": 32.0936660767,
        "median": 29.9462566376,
        "min": 1.49056684971,
        "var": 359.611877441
    },
    "pitch_salience": {
        "dmean": 0.0682040378451,
        "dmean2": 0.107394836843,
        "dvar": 0.00364293716848,
        "dvar2": 0.00853774137795,
        "max": 0.876241326332,
        "mean": 0.572562515736,
        "median": 0.580520272255,
        "min": 0.095975920558,
        "var": 0.0122042037547
    },
    "silence_rate_20dB": {
        "dmean": 0,
        "dmean2": 0,
        "dvar": 0,
        "dvar2": 0,
        "max": 1,
        "mean": 1,
        "median": 1,
        "min": 1,
        "var": 0
    },
    "silence_rate_30dB": {
        "dmean": 0.00825242698193,
        "dmean2": 0.01650685817,
        "dvar": 0.00818480923772,
        "dvar2": 0.0213331263512,
        "max": 1,
        "mean": 0.993083357811,
        "median": 1,
        "min": 0,
        "var": 0.00686987955123
    },
    "silence_rate_60dB": {
        "dmean": 0.000485436903546,
        "dmean2": 0.000970991619397,
        "dvar": 0.000485204043798,
        "dvar2": 0.000970059540123,
        "max": 1,
        "mean": 0.00084941147361,
        "median": 0,
        "min": 0,
        "var": 0.000848690862767
    },
    "spectral_centroid": {
        "dmean": 256.500915527,
        "dmean2": 396.100311279,
        "dvar": 71613.4921875,
        "dvar2": 149674.40625,
        "max": 11306.8134766,
        "mean": 1714.17504883,
        "median": 1733.41589355,
        "min": 317.880218506,
        "var": 317718.21875
    },
    "spectral_complexity": {
        "dmean": 4.11747550964,
        "dmean2": 6.36048078537,
        "dvar": 17.3377037048,
        "dvar2": 35.7023162842,
        "max": 58,
        "mean": 25.1879634857,
        "median": 24,
        "min": 0,
        "var": 78.9148254395
    },
    "spectral_decrease": {
        "dmean": 2.23778839903e-09,
        "dmean2": 3.37364225445e-09,
        "dvar": 9.44827533226e-18,
        "dvar2": 1.9467569985e-17,
        "max": -2.813213092e-29,
        "mean": -7.1321792916e-09,
        "median": -6.17219964028e-09,
        "min": -5.40076818822e-08,
        "var": 2.21950954845e-17
    },
    "spectral_energy": {
        "dmean": 0.00897806230932,
        "dmean2": 0.0135160796344,
        "dvar": 0.000144848585478,
        "dvar2": 0.000300141487969,
        "max": 0.208345487714,
        "mean": 0.0294772069901,
        "median": 0.0259606484324,
        "min": 1.01765453901e-20,
        "var": 0.000344517524354
    },
    "spectral_energyband_high": {
        "dmean": 0.000625110522378,
        "dmean2": 0.000965718936641,
        "dvar": 2.30442537941e-06,
        "dvar2": 5.08471430294e-06,
        "max": 0.039592359215,
        "mean": 0.00121291447431,
        "median": 0.000661635887809,
        "min": 7.26829629422e-21,
        "var": 4.10088432545e-06
    },
    "spectral_energyband_low": {
        "dmean": 0.00543956784531,
        "dmean2": 0.00829243473709,
        "dvar": 0.000118994779768,
        "dvar2": 0.00024084103643,
        "max": 0.169304609299,
        "mean": 0.0101760691032,
        "median": 0.00536096794531,
        "min": 1.13203420544e-22,
        "var": 0.000244441500399
    },
    "spectral_energyband_middle_high": {
        "dmean": 0.00277968426235,
        "dmean2": 0.00419095577672,
        "dvar": 1.29162062876e-05,
        "dvar2": 2.88485080091e-05,
        "max": 0.0505823418498,
        "mean": 0.00888808257878,
        "median": 0.00673526665196,
        "min": 1.45330191116e-21,
        "var": 5.44571012142e-05
    },
    "spectral_energyband_middle_low": {
        "dmean": 0.00442741345614,
        "dmean2": 0.00720408279449,
        "dvar": 4.73297623103e-05,
        "dvar2": 0.000121749057143,
        "max": 0.0948695912957,
        "mean": 0.0103732682765,
        "median": 0.00808619800955,
        "min": 3.8668176855e-22,
        "var": 7.18470109859e-05
    },
    "spectral_entropy": {
        "dmean": 0.117983467877,
        "dmean2": 0.172001942992,
        "dvar": 0.0134374331683,
        "dvar2": 0.0269105378538,
        "max": 9.78762626648,
        "mean": 7.74275493622,
        "median": 7.73670196533,
        "min": 6.66790819168,
        "var": 0.076494127512
    },
    "spectral_flux": {
        "dmean": 0.0239698309451,
        "dmean2": 0.0373055301607,
        "dvar": 0.000803979462944,
        "dvar2": 0.00155085406732,
        "max": 0.39494562149,
        "mean": 0.0949006825686,
        "median": 0.0848863422871,
        "min": 1.00878867759e-10,
        "var": 0.00194682180882
    },
    "spectral_kurtosis": {
        "dmean": 1.24315989017,
        "dmean2": 2.1011390686,
        "dvar": 1.37477326393,
        "dvar2": 4.04325485229,
        "max": 14.2789173126,
        "mean": 3.08860969543,
        "median": 2.85494184494,
        "min": -1.21323776245,
        "var": 3.21915221214
    },
    "spectral_rms": {
        "dmean": 0.000773843785282,
        "dmean2": 0.00114661362022,
        "dvar": 7.38124072086e-07,
        "dvar2": 1.42568865158e-06,
        "max": 0.0142570640892,
        "mean": 0.00514178257436,
        "median": 0.00503263948485,
        "min": 3.15092635143e-12,
        "var": 2.32034994951e-06
    },
    "spectral_rolloff": {
        "dmean": 535.47479248,
        "dmean2": 867.929504395,
        "dvar": 733196.0625,
        "dvar2": 1511864.375,
        "max": 18712.3535156,
        "mean": 1911.67553711,
        "median": 1701.12304688,
        "min": 86.1328125,
        "var": 1958645.375
    },
    "spectral_skewness": {
        "dmean": 0.176371946931,
        "dmean2": 0.288223266602,
        "dvar": 0.0250709597021,
        "dvar2": 0.0650390312076,
        "max": 2.49316167831,
        "mean": 1.24019622803,
        "median": 1.2352514267,
        "min": -0.231862872839,
        "var": 0.0855924934149
    },
    "spectral_spread": {
        "dmean": 483479.375,
        "dmean2": 655244.3125,
        "dvar": 408101289984,
        "dvar2": 550778568704,
        "max": 41258136,
        "mean": 4217711.5,
        "median": 3903922,
        "min": 1807254.75,
        "var": 1.83272040038e+12
    },
    "spectral_strongpeak": {
        "dmean": 0.722590088844,
        "dmean2": 1.22317028046,
        "dvar": 1.40044915676,
        "dvar2": 3.38682150841,
        "max": 15.1302843094,
        "mean": 1.18122720718,
        "median": 0.600646078587,
        "min": 0,
        "var": 2.33989191055
    },
    "zerocrossingrate": {
        "dmean": 0.0100806374103,
        "dmean2": 0.0117535386235,
        "dvar": 0.000161421703524,
        "dvar2": 0.000174612650881,
        "max": 0.64990234375,
        "mean": 0.0705970823765,
        "median": 0.06787109375,
        "min": 0.00537109375,
        "var": 0.00111722922884
    },
    "barkbands": {
        "dmean": [5.0849008403e-05, 0.00367500586435, 0.00298910355195, 0.0015987175284, 0.00171071069781, 0.00116348138545, 0.000547010044102, 0.000496118154842, 0.000847950635944, 0.000599027727731, 0.000609998824075, 0.000678581360262, 0.000615684140939, 0.000591887393966, 0.000535924802534, 0.00044320183224, 0.000379937991966, 0.000303573906422, 0.000291041011224, 0.000242076202994, 0.000141977099702, 0.000151748608914, 0.000116460367281, 0.000156578520546, 7.10305976099e-05, 1.9613240454e-07, 1.18310605757e-09],
        "dmean2": [8.53342135088e-05, 0.0053219771944, 0.00508128991351, 0.00288259121589, 0.0027523569297, 0.00182051444426, 0.000847336486913, 0.000793139566667, 0.00135251868051, 0.000975209346507, 0.000978207448497, 0.00106286362279, 0.000985094229691, 0.000922689388972, 0.000838473439217, 0.000697582494467, 0.000601841078606, 0.000471648032544, 0.000469786464237, 0.000383403355954, 0.000227592230658, 0.000240005480009, 0.000184346572496, 0.000241793648456, 0.000103226964711, 3.39629508517e-07, 2.18857332257e-09],
        "dvar": [7.63492113975e-09, 6.31115035503e-05, 6.72150636092e-05, 2.21348345804e-05, 1.16964301924e-05, 5.28425880475e-06, 1.37800975608e-06, 9.95057916953e-07, 2.09995164369e-06, 1.58471004852e-06, 2.03707986657e-06, 2.1086605102e-06, 1.78895948011e-06, 1.63269589848e-06, 1.15838543024e-06, 7.72544296979e-07, 6.14680402578e-07, 3.52870728193e-07, 3.1487797969e-07, 1.56743539037e-07, 1.67751991853e-07, 1.98768617565e-07, 1.35054847306e-07, 2.05651986107e-07, 7.26136164531e-08, 5.12552977491e-12, 2.51839583588e-18],
        "dvar2": [2.02496419632e-08, 0.000121505792777, 0.000174736022018, 6.31168441032e-05, 2.82042256003e-05, 1.20664099086e-05, 3.11121470986e-06, 2.34659751186e-06, 5.14202565682e-06, 4.12784811488e-06, 5.07304594066e-06, 4.7357702897e-06, 4.24023255619e-06, 3.62297623724e-06, 2.76258219856e-06, 1.80105780601e-06, 1.45643264204e-06, 7.85104532497e-07, 7.19062541066e-07, 3.53227989081e-07, 4.02614119821e-07, 4.65878713385e-07, 2.81785872858e-07, 4.50608837355e-07, 1.41570879464e-07, 1.49548897571e-11, 7.88254402825e-18],
        "max": [0.0015837844694, 0.133246660233, 0.120712272823, 0.0833740010858, 0.0519850701094, 0.0588213130832, 0.0349909737706, 0.0258700326085, 0.0250795502216, 0.0301067754626, 0.0332320593297, 0.0289370156825, 0.0404943227768, 0.0299735032022, 0.0337552577257, 0.0192790534347, 0.0150592494756, 0.0177769865841, 0.0242216493934, 0.0113695366308, 0.0123252552003, 0.0122497361153, 0.0173551049083, 0.015572199598, 0.0145650142804, 0.000147328450112, 2.19763283127e-08],
        "mean": [8.77174679772e-05, 0.00565094640478, 0.00339940725826, 0.00175210402813, 0.00274822395295, 0.00217456230894, 0.00108685600571, 0.000819326902274, 0.00153779715765, 0.000991061329842, 0.000933900999371, 0.00117342430167, 0.00106776389293, 0.00099635659717, 0.000952474249061, 0.000760303111747, 0.000670186593197, 0.000589137664065, 0.000599603168666, 0.000516063708346, 0.000240462599322, 0.000215085077798, 0.000175101464265, 0.000228618446272, 0.000110556880827, 1.68473420104e-07, 9.75601488484e-10],
        "median": [3.13298442052e-05, 0.00259884912521, 0.00133023480885, 0.000719655712601, 0.00134239462204, 0.000938312383369, 0.00047285380424, 0.000391633337131, 0.000724397250451, 0.000404914229875, 0.00024122245668, 0.000399369717343, 0.00040578993503, 0.000378095253836, 0.000389455643017, 0.000296428886941, 0.000265659356955, 0.000258886022493, 0.000366593827493, 0.00030129015795, 0.000127597813844, 7.71998456912e-05, 7.2187060141e-05, 7.00779273757e-05, 2.30939840549e-05, 2.11227408897e-08, 4.34619645828e-10],
        "min": [1.6814702329e-24, 6.6353002937e-23, 2.70299781295e-23, 3.28973803921e-23, 5.53165927483e-23, 3.65035822897e-23, 1.07816838469e-22, 8.93551456368e-23, 5.25913938652e-23, 3.73821177472e-23, 5.68275264391e-23, 8.48908808e-23, 1.26079864571e-22, 1.23235484582e-22, 1.13394425857e-22, 1.70968776381e-22, 1.50447449767e-22, 1.68138583267e-22, 2.78467293698e-22, 2.60141158724e-22, 4.93975005327e-22, 4.12352665558e-22, 3.96252077591e-22, 1.09946197458e-21, 1.1875712501e-21, 1.71934841952e-21, 2.06082780186e-21],
        "var": [1.61622519812e-08, 0.000110158143798, 5.6933677115e-05, 1.43959432535e-05, 1.84555774467e-05, 1.33377634484e-05, 4.01517399951e-06, 1.73735145381e-06, 4.76946161143e-06, 2.83515214505e-06, 3.71332612303e-06, 5.14120483786e-06, 4.77874118587e-06, 3.7042502754e-06, 3.02292073684e-06, 1.71718806996e-06, 1.39358303386e-06, 9.42161193507e-07, 6.38217329652e-07, 3.65614084785e-07, 1.86016478665e-07, 2.27600111202e-07, 2.17851521711e-07, 4.07822966508e-07, 1.71157424234e-07, 2.95103936947e-12, 2.03627092751e-18]
    },
    "erbbands": {
        "dmean": [0.0720726698637, 0.945455729961, 3.03288650513, 4.68185186386, 5.66574287415, 5.15712738037, 8.76537322998, 9.54053878784, 7.38661956787, 8.74602890015, 12.7251491547, 18.675075531, 17.7620925903, 20.1265182495, 24.1789417267, 26.5146217346, 26.6238269806, 27.2256507874, 26.9077110291, 24.3432312012, 24.1845111847, 19.5447597504, 15.8836011887, 14.3513813019, 14.298825264, 11.4577465057, 6.77294635773, 5.11392974854, 5.40782308578, 4.9132809639, 3.25223302841, 4.15565347672, 1.822016716, 0.968884885311, 0.423241436481, 0.0258190892637, 0.000684733327944, 5.0219361583e-05, 1.11883991849e-05, 1.17524114103e-05],
        "dmean2": [0.111395195127, 1.35581302643, 4.9404873848, 8.12350749969, 9.47183036804, 8.54285144806, 13.9690465927, 14.6759119034, 11.6053991318, 13.3513240814, 20.2070503235, 29.8851394653, 28.6204948425, 32.3861465454, 38.2618408203, 41.5731163025, 42.5538711548, 42.9999847412, 41.5775566101, 38.0367012024, 37.4201393127, 30.6809425354, 24.6235656738, 22.4224872589, 22.8841342926, 18.214717865, 10.4279909134, 8.34119033813, 8.54228591919, 8.08459186554, 5.08538293839, 6.60638475418, 2.70954370499, 1.39575374126, 0.627293229103, 0.039722468704, 0.00102911528666, 7.38234593882e-05, 1.6384788978e-05, 1.76339053723e-05],
        "dvar": [0.0250350870192, 4.06998825073, 61.3505935669, 173.67364502, 169.517028809, 102.67111969, 316.457061768, 457.50302124, 285.09173584, 306.155426025, 530.518066406, 1177.78369141, 1580.13342285, 1553.65429688, 2963.16357422, 3308.17041016, 3123.33447266, 4078.61743164, 3111.57006836, 2243.96020508, 2524.51538086, 1515.53161621, 833.021972656, 770.363525391, 734.371032715, 345.279144287, 283.167938232, 265.059814453, 251.613525391, 226.657394409, 114.715621948, 151.228561401, 31.7443065643, 15.4453582764, 1.95764756203, 0.00852568633854, 5.57561725145e-06, 2.58278980425e-08, 6.28343099773e-10, 2.54995469184e-10],
        "dvar2": [0.0569062158465, 7.5192027092, 155.773620605, 470.119812012, 425.762084961, 259.574645996, 704.875244141, 1075.31298828, 634.188598633, 685.268615723, 1248.15783691, 2921.42724609, 4011.59204102, 3943.47387695, 7306.58447266, 7525.51757812, 7280.58447266, 9423.41210938, 7128.83203125, 5344.55810547, 5808.42041016, 3559.31787109, 1889.60449219, 1645.69689941, 1721.0480957, 781.270751953, 662.343444824, 664.312683105, 582.580871582, 561.424255371, 230.184692383, 344.390197754, 60.7604103088, 29.5915870667, 4.11581611633, 0.0197878591716, 1.23612926473e-05, 5.38365192426e-08, 1.28473975902e-09, 5.3529486399e-10],
        "max": [2.34021759033, 34.8466415405, 117.480285645, 262.745269775, 165.424224854, 245.928039551, 840.627746582, 477.679138184, 522.234191895, 586.227172852, 549.621032715, 660.425842285, 1054.25585938, 690.843811035, 1387.92663574, 1229.15014648, 1630.28173828, 1708.25476074, 2163.75708008, 1016.18505859, 1096.86291504, 791.502319336, 821.747314453, 782.409484863, 1067.88647461, 480.528656006, 663.85357666, 560.084960938, 430.098571777, 379.643981934, 503.138183594, 356.785400391, 239.133895874, 213.344894409, 70.2894210815, 5.40744018555, 0.1368637532, 0.00878102146089, 0.00119282107335, 0.000329577393131],
        "mean": [0.120933495462, 1.41935122013, 3.81430530548, 5.53002309799, 7.53297710419, 8.03176212311, 14.8075313568, 17.7177619934, 14.3274621964, 18.0166187286, 22.7888889313, 33.274066925, 31.2100582123, 35.6867332458, 41.4239311218, 48.198261261, 49.8439979553, 48.818611145, 51.4978065491, 44.1275863647, 44.893371582, 37.8099327087, 32.9840927124, 30.3442554474, 30.0800476074, 24.8348445892, 13.8538446426, 7.62260818481, 7.65131378174, 6.75286388397, 4.94342660904, 5.69028902054, 2.919257164, 1.55632090569, 0.604568243027, 0.0348358973861, 0.000993610243313, 8.14043669379e-05, 2.88429928332e-05, 3.885426122e-05],
        "median": [0.0661782920361, 0.579994142056, 1.64547598362, 2.4576022625, 3.3100810051, 4.10240745544, 6.84685373306, 6.91034412384, 6.13282489777, 8.575548172, 12.4125566483, 15.6538467407, 15.5789747238, 15.7713565826, 14.3439769745, 19.0021839142, 20.7919845581, 20.128736496, 21.2274627686, 21.7812595367, 17.5087451935, 15.0982151031, 15.093793869, 17.671585083, 17.8773593903, 14.6739788055, 8.02144145966, 3.59532141685, 2.79645442963, 2.52096986771, 2.0069360733, 1.73198866844, 0.899398207664, 0.345583379269, 0.122528702021, 0.00688879657537, 0.00022357396665, 2.46281979344e-05, 2.01335606107e-05, 3.38696045219e-05],
        "min": [1.16748980495e-21, 1.74926372141e-20, 3.9086135406e-20, 7.33466154406e-20, 6.56117141561e-20, 2.46188647534e-19, 3.02683609956e-19, 3.10653081568e-19, 1.08032445317e-18, 1.83702627901e-18, 1.90991743458e-18, 1.1083418877e-18, 1.31574832731e-18, 1.88779345512e-18, 2.14625679087e-18, 3.74142476454e-18, 6.82033989697e-18, 6.36324692151e-18, 5.22031244399e-18, 7.52963817325e-18, 9.39141245541e-18, 8.44538170527e-18, 9.98950126142e-18, 1.21734243419e-17, 1.44038300096e-17, 1.19451506169e-17, 1.63807966367e-17, 2.04312618684e-17, 1.63771239548e-17, 1.13398107457e-17, 1.20097749295e-17, 1.85911803978e-17, 1.75951705679e-17, 1.38335989923e-17, 8.78707264552e-18, 7.05951999827e-18, 3.1189624614e-18, 1.06518508341e-18, 2.85735894126e-19, 3.18207819037e-20],
        "var": [0.0380805544555, 7.48378562927, 60.6367645264, 129.820266724, 190.3722229, 152.657669067, 705.102966309, 1058.7043457, 768.055114746, 1037.95349121, 981.181335449, 2422.51879883, 2573.12548828, 3067.6809082, 5719.56396484, 8030.83691406, 8751.44921875, 8710.50878906, 9238.14160156, 4742.86523438, 6279.51123047, 3955.60058594, 2602.23193359, 1620.09594727, 1613.62902832, 822.320739746, 391.573913574, 264.608764648, 290.565765381, 241.485992432, 202.089935303, 250.12399292, 82.4557876587, 37.9994316101, 4.03155994415, 0.013786688447, 1.03508573375e-05, 5.69459110977e-08, 1.54517698636e-09, 6.21729279171e-10]
    },
    "gfcc": {
        "mean": [16.672454834, 104.656433105, -151.538253784, 53.5557556152, -69.4838104248, 25.7579517365, -40.0625, 9.85144996643, -19.1636314392, -7.85887241364, -0.964122354984, -16.910243988, 2.56583762169],
        "cov": [[1819.06799316, -322.408691406, 214.418151855, 273.051696777, -3.51654267311, 190.603210449, -121.070175171, 76.6733093262, -72.2515335083, 71.3840637207, -62.3640975952, 50.9764175415, -11.6510810852], [-322.408691406, 726.561340332, 51.3754615784, 44.0533638, 175.013000488, -139.283477783, 103.338996887, -67.3456497192, 76.6387481689, -66.5766525269, 82.9649505615, -65.8765029907, 43.8928833008], [214.418151855, 51.3754615784, 783.794250488, 361.78604126, 77.3379058838, 124.61138916, -102.951408386, 61.0410728455, 28.935968399, 50.2541389465, -46.5345497131, 63.0149421692, -15.8544168472], [273.051696777, 44.0533638, 361.78604126, 369.262268066, 123.400535583, 28.3319797516, -43.3631820679, 42.0495872498, 48.4039726257, 6.34011936188, -12.727399826, 35.7574768066, 12.4895162582], [-3.51654267311, 175.013000488, 77.3379058838, 123.400535583, 230.714294434, 56.9948005676, 51.7187156677, 28.8040904999, 24.6332683563, 9.57985782623, 32.1615447998, -10.2723321915, 28.3230667114], [190.603210449, -139.283477783, 124.61138916, 28.3319797516, 56.9948005676, 269.817749023, 68.3968200684, 2.26060676575, -39.1163673401, 63.8565826416, -4.97986364365, 8.97162818909, -27.8632602692], [-121.070175171, 103.338996887, -102.951408386, -43.3631820679, 51.7187156677, 68.3968200684, 187.675094604, 3.99615573883, -7.12580442429, -3.73855471611, 36.7290763855, -33.7953872681, -2.90685629845], [76.6733093262, -67.3456497192, 61.0410728455, 42.0495872498, 28.8040904999, 2.26060676575, 3.99615573883, 150.264266968, 53.9062652588, 8.57912254333, -17.6917190552, 28.4089241028, 15.6578092575], [-72.2515335083, 76.6387481689, 28.935968399, 48.4039726257, 24.6332683563, -39.1163673401, -7.12580442429, 53.9062652588, 134.604232788, -0.302467793226, -5.15246486664, 7.89213085175, 14.111618042], [71.3840637207, -66.5766525269, 50.2541389465, 6.34011936188, 9.57985782623, 63.8565826416, -3.73855471611, 8.57912254333, -0.302467793226, 104.512786865, 30.5339164734, 8.93290901184, 2.3987762928], [-62.3640975952, 82.9649505615, -46.5345497131, -12.727399826, 32.1615447998, -4.97986364365, 36.7290763855, -17.6917190552, -5.15246486664, 30.5339164734, 103.739624023, 4.82916641235, 13.999879837], [50.9764175415, -65.8765029907, 63.0149421692, 35.7574768066, -10.2723321915, 8.97162818909, -33.7953872681, 28.4089241028, 7.89213085175, 8.93290901184, 4.82916641235, 71.4040145874, 22.6449947357], [-11.6510810852, 43.8928833008, -15.8544168472, 12.4895162582, 28.3230667114, -27.8632602692, -2.90685629845, 15.6578092575, 14.111618042, 2.3987762928, 13.999879837, 22.6449947357, 75.2571792603]],
        "icov": [[0.000983047531918, -0.000697382085491, 0.00103513116483, -0.00177662877832, 0.0012392954668, -0.001636724337, 0.00144542567432, -0.00139627221506, 0.00127940415405, -0.000582483655307, 0.000409950647736, 0.000158081995323, 6.26606151855e-07], [-0.000697382085491, 0.00609825085849, -0.00399096589535, 0.00410948088393, -0.00539110507816, 0.00566439703107, -0.00481292977929, 0.00534845143557, -0.00429455749691, 0.00314886285923, -0.00303103751503, 0.00257228850387, -0.00186526821926], [0.00103513116483, -0.00399096589535, 0.0059997276403, -0.00630019372329, 0.00433969125152, -0.00557325547561, 0.00491546886042, -0.00449214922264, 0.00346117932349, -0.0027863162104, 0.00245312904008, -0.00188571482431, 0.00177613226697], [-0.00177662877832, 0.00410948088393, -0.00630019372329, 0.0112539771944, -0.00755027728155, 0.00628405669704, -0.00451426301152, 0.0052697933279, -0.0050843283534, 0.00297993444838, -0.00167862698436, -0.00062903604703, -0.000609492009971], [0.0012392954668, -0.00539110507816, 0.00433969125152, -0.00755027728155, 0.0128705240786, -0.0080121345818, 0.00441481173038, -0.00664819404483, 0.00380731071346, -0.00156328838784, -0.000171126448549, 0.00211280304939, -0.00202107825316], [-0.001636724337, 0.00566439703107, -0.00557325547561, 0.00628405669704, -0.0080121345818, 0.0139562673867, -0.00940463226289, 0.00687932781875, -0.00293767708354, -0.00173579202965, 0.000641922932118, -0.0019667732995, 0.00169246597216], [0.00144542567432, -0.00481292977929, 0.00491546886042, -0.00451426301152, 0.00441481173038, -0.00940463226289, 0.013995022513, -0.0069259381853, 0.00377331930213, 0.000506672484335, -0.00173689052463, 0.00319068273529, 0.000292982440442], [-0.00139627221506, 0.00534845143557, -0.00449214922264, 0.0052697933279, -0.00664819404483, 0.00687932781875, -0.0069259381853, 0.0147750731558, -0.0074728387408, 0.00125213840511, 0.000446886464488, -0.00264554214664, -0.00137478800025], [0.00127940415405, -0.00429455749691, 0.00346117932349, -0.0050843283534, 0.00380731071346, -0.00293767708354, 0.00377331930213, -0.0074728387408, 0.0133647471666, -0.0034725451842, 0.00282165128738, -0.0012286772253, 0.00090521335369], [-0.000582483655307, 0.00314886285923, -0.0027863162104, 0.00297993444838, -0.00156328838784, -0.00173579202965, 0.000506672484335, 0.00125213840511, -0.0034725451842, 0.0163457617164, -0.00809842534363, 0.00380033953115, -0.00281038298272], [0.000409950647736, -0.00303103751503, 0.00245312904008, -0.00167862698436, -0.000171126448549, 0.000641922932118, -0.00173689052463, 0.000446886464488, 0.00282165128738, -0.00809842534363, 0.0166212692857, -0.00635978253558, 0.00131936860271], [0.000158081995323, 0.00257228850387, -0.00188571482431, -0.00062903604703, 0.00211280304939, -0.0019667732995, 0.00319068273529, -0.00264554214664, -0.0012286772253, 0.00380033953115, -0.00635978253558, 0.0241761449724, -0.00860060658306], [6.26606151855e-07, -0.00186526821926, 0.00177613226697, -0.000609492009971, -0.00202107825316, 0.00169246597216, 0.000292982440442, -0.00137478800025, 0.00090521335369, -0.00281038298272, 0.00131936860271, -0.00860060658306, 0.0187980309129]]
    },
    "melbands": {
        "dmean": [0.000868893112056, 0.00133799389005, 0.00079530646326, 0.000388904969441, 0.000279122497886, 0.000211097460124, 0.000112574423838, 9.55302821239e-05, 0.000114144575491, 0.000117436626169, 9.09205846256e-05, 8.35655009723e-05, 8.85225672391e-05, 7.72864295868e-05, 7.45224315324e-05, 5.26147632627e-05, 5.38333551958e-05, 4.77434041386e-05, 3.7962821807e-05, 2.79003106698e-05, 3.20736180583e-05, 2.19003632083e-05, 1.79073795152e-05, 1.599787538e-05, 1.21697185023e-05, 1.2798120224e-05, 9.54289043875e-06, 7.84110761742e-06, 5.29101498614e-06, 3.19432842844e-06, 2.97139308714e-06, 3.08111566483e-06, 3.1481069982e-06, 2.69818247034e-06, 1.90593607385e-06, 2.02462047127e-06, 2.94497203868e-06, 1.42479427723e-06, 9.59602630246e-07, 8.09995981399e-07],
        "dmean2": [0.00129154825117, 0.00202119653113, 0.00135366013274, 0.000638084893581, 0.00044780416647, 0.000325332803186, 0.00017537556414, 0.000147261132952, 0.000180818606168, 0.000187803932931, 0.000146706210217, 0.000134547284688, 0.000140725809615, 0.000121298835438, 0.000117455572763, 8.41440123622e-05, 8.4706414782e-05, 7.37683440093e-05, 5.91633433942e-05, 4.37001908722e-05, 4.97850305692e-05, 3.4665921703e-05, 2.82158180198e-05, 2.50195753324e-05, 1.92362495e-05, 2.08980309253e-05, 1.53714991029e-05, 1.25263131849e-05, 8.22643141873e-06, 5.16843510923e-06, 4.9009236136e-06, 4.95829499414e-06, 5.0031731007e-06, 4.51470623375e-06, 3.02992793877e-06, 3.18168895319e-06, 4.73694490211e-06, 2.18208674596e-06, 1.3866711015e-06, 1.193316848e-06],
        "dvar": [3.69411895917e-06, 8.78462924447e-06, 4.25067264587e-06, 7.28067675482e-07, 2.75798726079e-07, 2.02287324669e-07, 6.23804083943e-08, 3.44144304165e-08, 3.7900392158e-08, 4.35473381799e-08, 4.03986781805e-08, 2.74166946923e-08, 4.51550654645e-08, 3.17304547082e-08, 3.51047830804e-08, 1.1497230723e-08, 1.55625823339e-08, 1.03551434094e-08, 6.33934149619e-09, 2.96837865399e-09, 5.14704012744e-09, 2.14313233826e-09, 1.41010969568e-09, 9.01991037416e-10, 5.99409466506e-10, 7.28732740818e-10, 2.87764340134e-10, 1.66867172857e-10, 1.43111703044e-10, 1.17436366187e-10, 8.43709130338e-11, 7.23463303154e-11, 9.80062142553e-11, 6.5799359017e-11, 4.0823913694e-11, 4.38747337073e-11, 7.80905756725e-11, 1.82386310915e-11, 1.89531428746e-11, 9.55944177983e-12],
        "dvar2": [7.65234653954e-06, 1.93868982024e-05, 1.13003316073e-05, 1.79574806225e-06, 6.11770076375e-07, 4.71008405611e-07, 1.39125305054e-07, 7.83567912777e-08, 8.94465586043e-08, 1.07257910997e-07, 1.02968037652e-07, 7.02850755374e-08, 1.12501425065e-07, 7.25270368207e-08, 7.94120964542e-08, 2.75280331863e-08, 3.5312996971e-08, 2.36132837728e-08, 1.51366563728e-08, 6.73736355594e-09, 1.18173257846e-08, 5.04652808431e-09, 3.34952821035e-09, 2.04046290975e-09, 1.30091004635e-09, 1.74875802728e-09, 6.75722089394e-10, 3.87482657072e-10, 3.46701556353e-10, 2.84650969462e-10, 2.13430037532e-10, 1.73025344052e-10, 2.24711166341e-10, 1.65627497828e-10, 8.36829980311e-11, 9.02324534535e-11, 1.88947760216e-10, 3.75840226996e-11, 3.89725821059e-11, 1.86220691645e-11],
        "max": [0.0316286794841, 0.0449303761125, 0.0401818603277, 0.0131311556324, 0.0229132343084, 0.00965249538422, 0.00692877359688, 0.00525883818045, 0.00436882674694, 0.00392571790144, 0.00541372597218, 0.00322731514461, 0.00549582159147, 0.00422966992483, 0.00535762915388, 0.00268111145124, 0.00306576257572, 0.00358908786438, 0.00188117695507, 0.00126504327636, 0.0017706862418, 0.00095428241184, 0.00140982854646, 0.000761293165851, 0.000666383828502, 0.00110715033952, 0.000522968475707, 0.000327841698891, 0.000437727809185, 0.000388073327485, 0.00031753059011, 0.000204723590286, 0.000306463276502, 0.000234334322158, 0.00031673401827, 0.000241312925937, 0.000243507922278, 0.000201685266802, 0.00022144507966, 0.000153996632434],
        "mean": [0.00136439444032, 0.00203430489637, 0.00101120665204, 0.000571142940316, 0.000485173542984, 0.000396614108467, 0.000221816779231, 0.000189498940017, 0.000200983922696, 0.000208212135476, 0.000154805034981, 0.000143281125929, 0.000140897929668, 0.000131434862851, 0.000131705804961, 9.31424583541e-05, 8.97417703527e-05, 8.49339558044e-05, 6.59383658785e-05, 4.71094426757e-05, 5.47655799892e-05, 3.82845391869e-05, 3.24091670336e-05, 2.96930174954e-05, 2.32729726122e-05, 2.473177301e-05, 1.86963334272e-05, 1.57024605869e-05, 1.01687064671e-05, 4.95372114528e-06, 4.08303731092e-06, 4.19110483563e-06, 4.32559727415e-06, 3.52285496774e-06, 2.77408594229e-06, 2.95140398521e-06, 3.7331076328e-06, 2.13314410757e-06, 1.56635485382e-06, 1.2175730717e-06],
        "median": [0.000676629832014, 0.000929592002649, 0.000490567064844, 0.000265864509856, 0.0002417916985, 0.000161329880939, 9.86884624581e-05, 9.59018871072e-05, 0.000104018996353, 9.73203350441e-05, 7.4552532169e-05, 6.13301599515e-05, 4.21033219027e-05, 4.13030575146e-05, 4.53930733784e-05, 4.00616518164e-05, 3.28497771989e-05, 3.12229640258e-05, 2.84143770841e-05, 2.12948380067e-05, 1.89362126548e-05, 1.4494125935e-05, 1.31219412651e-05, 1.31307642732e-05, 1.26185595946e-05, 1.37740371429e-05, 1.06661036625e-05, 8.98168127605e-06, 5.4395773077e-06, 2.43979593506e-06, 1.7151622842e-06, 1.53364101152e-06, 1.46160300574e-06, 1.32166621825e-06, 1.12882128178e-06, 1.04898128939e-06, 1.01542150333e-06, 6.62410172936e-07, 3.75551820753e-07, 2.46725079478e-07],
        "min": [1.52319716462e-23, 2.17524892072e-23, 1.24030793636e-23, 9.43916091535e-24, 1.22908307677e-23, 8.03835694013e-24, 1.82299917626e-23, 2.12389297139e-23, 1.27980099541e-23, 7.4178365855e-24, 6.24293949656e-24, 7.2623718226e-24, 8.07927988845e-24, 6.41874188245e-24, 1.3048612131e-23, 1.3410889402e-23, 1.24796611915e-23, 8.20732384628e-24, 9.57612846775e-24, 9.82642851095e-24, 1.15583024197e-23, 8.53360697187e-24, 8.89984353573e-24, 8.32800930958e-24, 9.99150554397e-24, 1.10114585182e-23, 8.81206146078e-24, 7.61330369604e-24, 8.26347259893e-24, 1.31013892921e-23, 1.13327773421e-23, 8.61304447616e-24, 8.05100553588e-24, 6.0994547698e-24, 5.99201467552e-24, 1.15457453318e-23, 1.02857269958e-23, 1.26379950415e-23, 1.21796834216e-23, 1.15188909289e-23],
        "var": [5.94706898482e-06, 1.3419021343e-05, 3.35311028721e-06, 9.63757543104e-07, 6.56686893308e-07, 4.90854461077e-07, 1.70706883296e-07, 1.01488559778e-07, 7.71851631498e-08, 9.1903473276e-08, 6.57791972003e-08, 5.25254009176e-08, 8.00240300691e-08, 7.25527726786e-08, 9.04829988713e-08, 2.66015991457e-08, 3.30215925715e-08, 2.91642425765e-08, 1.36843114618e-08, 6.00161698117e-09, 1.16928067229e-08, 4.91830354221e-09, 3.36847238991e-09, 2.31141017437e-09, 1.14011489138e-09, 1.49897028123e-09, 5.88806614576e-10, 3.56655233125e-10, 2.11130779526e-10, 1.16918849602e-10, 8.38488098398e-11, 8.12378636583e-11, 1.11797675284e-10, 6.86160087082e-11, 6.67515070996e-11, 7.81323478138e-11, 1.12141240738e-10, 3.95181144752e-11, 4.43933050043e-11, 2.23509249303e-11]
    },
    "mfcc": {
        "mean": [-603.114440918, 107.994697571, -11.4531011581, 20.5327377319, 4.02153110504, 4.13206577301, 3.64895582199, 4.60969829559, -4.16010332108, 7.69401216507, -3.35715103149, -0.235100612044, -1.69146943092],
        "cov": [[1404.03674316, -408.014038086, 100.170150757, 44.6617927551, 89.1000366211, 70.4019546509, 22.6852760315, 16.6833381653, 3.52245354652, 25.251783371, -31.6268405914, -7.57273864746, 5.02381324768], [-408.014038086, 644.770812988, -97.1893844604, 96.9617919922, 10.7358264923, -13.7530660629, 37.9686050415, -7.96425580978, -15.5218486786, 20.9898319244, -3.51745080948, 13.5736474991, 2.56493067741], [100.170150757, -97.1893844604, 670.41619873, 201.01574707, 207.625030518, 101.508140564, -32.2586135864, 24.389169693, 56.2350959778, -51.0318336487, 49.8405761719, 53.973072052, 3.45546722412], [44.6617927551, 96.9617919922, 201.01574707, 353.309814453, 182.617355347, -16.0680770874, -30.3283138275, 31.2393360138, 46.2220191956, -16.8399753571, -13.6923952103, 56.0833473206, 13.2355527878], [89.1000366211, 10.7358264923, 207.625030518, 182.617355347, 274.022338867, 41.7133331299, -8.38385391235, 27.7533321381, 53.2361106873, 4.30408430099, 3.83889174461, 44.8165054321, 25.5240898132], [70.4019546509, -13.7530660629, 101.508140564, -16.0680770874, 41.7133331299, 237.335266113, 103.210380554, 3.62371635437, -11.9229278564, 31.9305934906, 33.3282089233, -16.5231571198, 6.04285669327], [22.6852760315, 37.9686050415, -32.2586135864, -30.3283138275, -8.38385391235, 103.210380554, 208.257659912, 14.9996538162, -24.9651603699, 48.9794425964, 10.4055948257, -16.897195816, 19.0416412354], [16.6833381653, -7.96425580978, 24.389169693, 31.2393360138, 27.7533321381, 3.62371635437, 14.9996538162, 121.955612183, 55.4892463684, -0.79799669981, 11.8936262131, 17.6195068359, 3.93086957932], [3.52245354652, -15.5218486786, 56.2350959778, 46.2220191956, 53.2361106873, -11.9229278564, -24.9651603699, 55.4892463684, 126.675285339, 13.1732492447, 10.8285312653, 17.4317474365, 5.11292982101], [25.251783371, 20.9898319244, -51.0318336487, -16.8399753571, 4.30408430099, 31.9305934906, 48.9794425964, -0.79799669981, 13.1732492447, 104.412475586, 15.8811912537, -7.58151674271, 12.7874593735], [-31.6268405914, -3.51745080948, 49.8405761719, -13.6923952103, 3.83889174461, 33.3282089233, 10.4055948257, 11.8936262131, 10.8285312653, 15.8811912537, 85.0553207397, 21.0842323303, 3.49215841293], [-7.57273864746, 13.5736474991, 53.973072052, 56.0833473206, 44.8165054321, -16.5231571198, -16.897195816, 17.6195068359, 17.4317474365, -7.58151674271, 21.0842323303, 88.3140487671, 22.902261734], [5.02381324768, 2.56493067741, 3.45546722412, 13.2355527878, 25.5240898132, 6.04285669327, 19.0416412354, 3.93086957932, 5.11292982101, 12.7874593735, 3.49215841293, 22.902261734, 67.2588424683]],
