{
"lowlevel": {
    "average_loudness": 0.973340034485,
    "barkbands_crest": {
        "dmean": 2.55973649025,
        "dmean2": 4.27025032043,
        "dvar": 5.76619005203,
        "dvar2": 15.1581487656,
        "max": 26.9047584534,
        "mean": 7.96988677979,
        "median": 7.17616176605,
        "min": 2.26826930046,
        "var": 11.8565158844
    },
    "barkbands_flatness_db": {
        "dmean": 0.0177234821022,
        "dmean2": 0.0279712975025,
        "dvar": 0.000303901382722,
        "dvar2": 0.000709255458787,
        "max": 0.703838229179,
        "mean": 0.101660460234,
        "median": 0.0974596515298,
        "min": 0.0259997323155,
        "var": 0.00103502953425
    },
    "barkbands_kurtosis": {
        "dmean": 6.64538145065,
        "dmean2": 12.6914615631,
        "dvar": 121671.734375,
        "dvar2": 360637.15625,
        "max": 22815.4414062,
        "mean": 3.12686395645,
        "median": -0.519024610519,
        "min": -1.92261707783,
        "var": 63068.859375
    },
    "barkbands_skewness": {
        "dmean": 0.489174216986,
        "dmean2": 0.769637227058,
        "dvar": 3.76912617683,
        "dvar2": 10.182387352,
        "max": 136.736968994,
        "mean": 0.681233823299,
        "median": 0.575062334538,
        "min": -4.12268352509,
        "var": 3.06058597565
    },
    "barkbands_spread": {
        "dmean": 6.56846380234,
        "dmean2": 10.3540344238,
        "dvar": 44.5201187134,
        "dvar2": 103.126937866,
        "max": 107.605697632,
        "mean": 33.090297699,
        "median": 33.156211853,
        "min": 0.0196343194693,
        "var": 169.094512939
    },
    "dissonance": {
        "dmean": 0.0117197763175,
        "dmean2": 0.0199302211404,
        "dvar": 0.000143521901919,
        "dvar2": 0.000381546706194,
        "max": 0.500000059605,
        "mean": 0.480644315481,
        "median": 0.483979523182,
        "min": 0.1691981107,
        "var": 0.000217681008507
    },
    "dynamic_complexity": 1.53657889366,
    "erbbands_crest": {
        "dmean": 2.46881556511,
        "dmean2": 4.03604888916,
        "dvar": 5.13434028625,
        "dvar2": 12.9180669785,
        "max": 26.4734973907,
        "mean": 8.04747962952,
        "median": 7.38077640533,
        "min": 2.13648867607,
        "var": 11.7989692688
    },
    "erbbands_flatness_db": {
        "dmean": 0.0183530058712,
        "dmean2": 0.0265027545393,
        "dvar": 0.000274283986073,
        "dvar2": 0.000528138189111,
        "max": 0.305478185415,
        "mean": 0.154734790325,
        "median": 0.153938800097,
        "min": 0.0585780255497,
        "var": 0.00170738529414
    },
    "erbbands_kurtosis": {
        "dmean": 0.823417842388,
        "dmean2": 1.3159031868,
        "dvar": 1.14757740498,
        "dvar2": 2.74201083183,
        "max": 17.0955581665,
        "mean": 0.272908270359,
        "median": -0.132629156113,
        "min": -1.7178248167,
        "var": 2.49077701569
    },
    "erbbands_skewness": {
        "dmean": 0.3250477314,
        "dmean2": 0.501103878021,
        "dvar": 0.0851559937,
        "dvar2": 0.192793875933,
        "max": 2.75163650513,
        "mean": -0.2735234797,
        "median": -0.288077384233,
        "min": -3.90789151192,
        "var": 0.466863036156
    },
    "erbbands_spread": {
        "dmean": 7.53749513626,
        "dmean2": 11.5522546768,
        "dvar": 62.6206092834,
        "dvar2": 140.292129517,
        "max": 139.343414307,
        "mean": 34.944519043,
        "median": 32.2178611755,
        "min": 5.45125579834,
        "var": 229.203659058
    },
    "hfc": {
        "dmean": 8.50852775574,
        "dmean2": 12.3424139023,
        "dvar": 148.767150879,
        "dvar2": 290.003387451,
        "max": 269.917999268,
        "mean": 29.7026882172,
        "median": 26.5772647858,
        "min": 1.23603904868e-16,
        "var": 403.422088623
    },
    "melbands_crest": {
        "dmean": 3.21684336662,
        "dmean2": 5.36322259903,
        "dvar": 7.69796133041,
        "dvar2": 20.4385185242,
        "max": 39.9969444275,
        "mean": 11.6871261597,
        "median": 10.9405632019,
        "min": 2.720911026,
        "var": 19.7572345734
    },
    "melbands_flatness_db": {
        "dmean": 0.0224350467324,
        "dmean2": 0.0364183709025,
        "dvar": 0.000482788542286,
        "dvar2": 0.00119393807836,
        "max": 0.692308843136,
        "mean": 0.140457123518,
        "median": 0.133843839169,
        "min": 0.00978277437389,
        "var": 0.00167073577177
    },
    "melbands_kurtosis": {
        "dmean": 14.7754545212,
        "dmean2": 28.0732841492,
        "dvar": 495319.75,
        "dvar2": 1483114.25,
        "max": 45370.8125,
        "mean": 10.7469987869,
        "median": 2.4578127861,
        "min": -1.78886711597,
        "var": 249187.0625
    },
    "melbands_skewness": {
        "dmean": 0.684030413628,
        "dmean2": 1.09712970257,
        "dvar": 9.59301185608,
        "dvar2": 27.7751197815,
        "max": 204.565719604,
        "mean": 1.8417737484,
        "median": 1.63209676743,
        "min": -1.49664604664,
        "var": 6.54843425751
    },
    "melbands_spread": {
        "dmean": 10.9688339233,
        "dmean2": 17.3201885223,
        "dvar": 178.280288696,
        "dvar2": 414.775726318,
        "max": 267.624908447,
        "mean": 41.5351867676,
        "median": 39.8577651978,
        "min": 0.0190726928413,
        "var": 470.153991699
    },
    "pitch_salience": {
        "dmean": 0.0714102461934,
        "dmean2": 0.116292014718,
        "dvar": 0.00391345238313,
        "dvar2": 0.0100850090384,
        "max": 0.956022202969,
        "mean": 0.585201144218,
        "median": 0.590539515018,
        "min": 0.00147701438982,
        "var": 0.0103649552912
    },
    "silence_rate_20dB": {
        "dmean": 0,
        "dmean2": 0,
        "dvar": 0,
        "dvar2": 0,
        "max": 1,
        "mean": 1,
        "median": 1,
        "min": 1,
        "var": 0
    },
    "silence_rate_30dB": {
        "dmean": 0,
        "dmean2": 0,
        "dvar": 0,
        "dvar2": 0,
        "max": 1,
        "mean": 1,
        "median": 1,
        "min": 1,
        "var": 0
    },
    "silence_rate_60dB": {
        "dmean": 0.00314769987017,
        "dmean2": 0.0062961615622,
        "dvar": 0.00313742342405,
        "dvar2": 0.00891903042793,
        "max": 1,
        "mean": 0.00399467395619,
        "median": 0,
        "min": 0,
        "var": 0.00397802237421
    },
    "spectral_centroid": {
        "dmean": 264.783050537,
        "dmean2": 404.539245605,
        "dvar": 79231.421875,
        "dvar2": 160024.296875,
        "max": 11333.7695312,
        "mean": 2055.82373047,
        "median": 2101.39550781,
        "min": 256.381500244,
        "var": 303299.1875
    },
    "spectral_complexity": {
        "dmean": 4.41452789307,
        "dmean2": 6.8352098465,
        "dvar": 15.5445270538,
        "dvar2": 33.7222595215,
        "max": 57,
        "mean": 26.9048538208,
        "median": 27,
        "min": 0,
        "var": 71.7660827637
    },
    "spectral_decrease": {
        "dmean": 1.59238444652e-09,
        "dmean2": 2.56864840509e-09,
        "dvar": 2.60241008915e-18,
        "dvar2": 6.61534551603e-18,
        "max": 9.6787085743e-29,
        "mean": -5.46002976165e-09,
        "median": -5.325535124e-09,
        "min": -1.53932191438e-08,
        "var": 5.41986397651e-18
    },
    "spectral_energy": {
        "dmean": 0.00649771932513,
        "dmean2": 0.0103704715148,
        "dvar": 4.16233669966e-05,
        "dvar2": 0.000103070437035,
        "max": 0.0614543892443,
        "mean": 0.0233015548438,
        "median": 0.022825377062,
        "min": 1.08459485709e-20,
        "var": 9.42436672631e-05
    },
    "spectral_energyband_high": {
        "dmean": 0.000606764049735,
        "dmean2": 0.000890008639544,
        "dvar": 1.93839537133e-06,
        "dvar2": 3.80262645194e-06,
        "max": 0.0325342938304,
        "mean": 0.00127049232833,
        "median": 0.000821743917186,
        "min": 7.80109673613e-21,
        "var": 3.84781787943e-06
    },
    "spectral_energyband_low": {
        "dmean": 0.0035229655914,
        "dmean2": 0.00596903217956,
        "dvar": 2.47744192166e-05,
        "dvar2": 7.05726852175e-05,
        "max": 0.0516479276121,
        "mean": 0.00625657662749,
        "median": 0.00436019757763,
        "min": 4.15757244074e-23,
        "var": 3.89190536225e-05
    },
    "spectral_energyband_middle_high": {
        "dmean": 0.00276486715302,
        "dmean2": 0.00406479043886,
        "dvar": 1.04164491859e-05,
        "dvar2": 2.07253488043e-05,
        "max": 0.0477307364345,
        "mean": 0.00911264307797,
        "median": 0.00755489012226,
        "min": 1.61796790348e-21,
        "var": 4.45748410129e-05
    },
    "spectral_energyband_middle_low": {
        "dmean": 0.00322932749987,
        "dmean2": 0.00518119195476,
        "dvar": 1.52599641297e-05,
        "dvar2": 3.65194646292e-05,
        "max": 0.053041357547,
        "mean": 0.00743592856452,
        "median": 0.00594713911414,
        "min": 4.12447808494e-22,
        "var": 2.95237587125e-05
    },
    "spectral_entropy": {
        "dmean": 0.126885697246,
        "dmean2": 0.182400465012,
        "dvar": 0.0141814537346,
        "dvar2": 0.0263116192073,
        "max": 9.79934692383,
        "mean": 7.81425666809,
        "median": 7.81191587448,
        "min": 6.67541360855,
        "var": 0.0728502199054
    },
    "spectral_flux": {
        "dmean": 0.0214442424476,
        "dmean2": 0.0340781845152,
        "dvar": 0.000406234175898,
        "dvar2": 0.000963645929005,
        "max": 0.223022446036,
        "mean": 0.0954518914223,
        "median": 0.0926997214556,
        "min": 1.04143881019e-10,
        "var": 0.00106525083538
    },
    "spectral_kurtosis": {
        "dmean": 1.14433419704,
        "dmean2": 1.89573645592,
        "dvar": 1.14849829674,
        "dvar2": 3.24709248543,
        "max": 13.5348129272,
        "mean": 3.87163448334,
        "median": 3.72815179825,
        "min": -1.22966527939,
        "var": 2.8162586689
    },
    "spectral_rms": {
        "dmean": 0.000666798034217,
        "dmean2": 0.00105297844857,
        "dvar": 3.99900102366e-07,
        "dvar2": 9.53731046138e-07,
        "max": 0.00774309365079,
        "mean": 0.00465197535232,
        "median": 0.00471896817908,
        "min": 3.25290835934e-12,
        "var": 1.09233417334e-06
    },
    "spectral_rolloff": {
        "dmean": 590.045837402,
        "dmean2": 975.705383301,
        "dvar": 756159.75,
        "dvar2": 1580516.25,
        "max": 19207.6171875,
        "mean": 2435.76806641,
        "median": 2411.71875,
        "min": 21.533203125,
        "var": 1626660.75
    },
    "spectral_skewness": {
        "dmean": 0.160578086972,
        "dmean2": 0.256992846727,
        "dvar": 0.0215290598571,
        "dvar2": 0.0539431273937,
        "max": 3.02646875381,
        "mean": 1.34270560741,
        "median": 1.35938727856,
        "min": -0.140893384814,
        "var": 0.0750628709793
    },
    "spectral_spread": {
        "dmean": 589479.3125,
        "dmean2": 820513.375,
        "dvar": 665620316160,
        "dvar2": 1.14699940659e+12,
        "max": 40984980,
        "mean": 4303647,
        "median": 3987277.25,
        "min": 1965242,
        "var": 1.9731653591e+12
    },
    "spectral_strongpeak": {
        "dmean": 0.829044699669,
        "dmean2": 1.43032324314,
        "dvar": 1.88633859158,
        "dvar2": 4.86857175827,
        "max": 16.6611003876,
        "mean": 1.14427435398,
        "median": 0.443502873182,
        "min": 0,
        "var": 2.63138461113
    },
    "zerocrossingrate": {
        "dmean": 0.0112200649455,
        "dmean2": 0.01377569139,
        "dvar": 0.000210012163734,
        "dvar2": 0.000247189920628,
        "max": 0.5703125,
        "mean": 0.0836653783917,
        "median": 0.08154296875,
        "min": 0.0029296875,
        "var": 0.000977042247541
    },
    "barkbands": {
        "dmean": [6.40881771687e-05, 0.00259432871826, 0.00137522583827, 0.000926592503674, 0.00133203016594, 0.000812627666164, 0.000501941947732, 0.000406422273954, 0.000892762327567, 0.000744685821701, 0.000450708874268, 0.000430865824455, 0.000410577427829, 0.000615550554357, 0.000636713986751, 0.000628396286629, 0.000436283036834, 0.000499364221469, 0.000429818057455, 0.000309327908326, 0.000127541730762, 0.000104275466583, 0.000115026028652, 0.00012727639114, 0.000100717872556, 2.89791059913e-05, 5.96860331825e-07],
        "dmean2": [0.000105494713353, 0.00440265145153, 0.00234431424178, 0.00160349416547, 0.00224195723422, 0.00132511230186, 0.000809162331279, 0.000666275329422, 0.0014385530958, 0.00117138226051, 0.000708403647877, 0.000682329584379, 0.000653826049529, 0.00098918331787, 0.00101312983315, 0.000983346952125, 0.000695828464814, 0.000787731725723, 0.000680150580592, 0.0004804006021, 0.000202537601581, 0.000163000077009, 0.000175789173227, 0.000190236925846, 0.000147783619468, 4.34237808804e-05, 1.00828231098e-06],
        "dvar": [9.09671626914e-09, 1.78631416929e-05, 5.33178399564e-06, 4.47941965831e-06, 5.26474286744e-06, 2.43335898631e-06, 7.73267970544e-07, 6.65444531478e-07, 2.43770614361e-06, 2.24125733439e-06, 1.22505218769e-06, 1.04529340206e-06, 1.3533397123e-06, 1.46872105233e-06, 1.45005628838e-06, 1.57949057211e-06, 8.31999557249e-07, 5.60263345051e-07, 6.05517072927e-07, 2.62421963271e-07, 8.16105583112e-08, 9.03585259948e-08, 1.3871306237e-07, 2.4524885589e-07, 1.25625433611e-07, 3.13479442404e-09, 4.24588706208e-12],
        "dvar2": [2.30916583632e-08, 4.94543819514e-05, 1.44133391586e-05, 1.20309450722e-05, 1.37378719955e-05, 6.15557792116e-06, 1.86061402019e-06, 1.6553885871e-06, 6.17671412328e-06, 5.19257264386e-06, 2.75693946605e-06, 2.4309492801e-06, 3.00734245684e-06, 3.49821675627e-06, 3.26603003487e-06, 3.6271621866e-06, 1.91745039047e-06, 1.22697178995e-06, 1.40724341691e-06, 5.84822601013e-07, 1.92604503013e-07, 2.12420133039e-07, 2.79909670553e-07, 4.85178304643e-07, 2.5611339538e-07, 7.00920699259e-09, 1.08837444265e-11],
        "max": [0.00196303892881, 0.0488965660334, 0.0287478193641, 0.0288732182235, 0.041113011539, 0.0353439860046, 0.0245338119566, 0.0127585791051, 0.0237094070762, 0.0364383868873, 0.0304262097925, 0.0261496286839, 0.0267657935619, 0.0293991845101, 0.0217868890613, 0.0307568795979, 0.0256082806736, 0.0171176735312, 0.020718453452, 0.0113511011004, 0.00847790110856, 0.0112584428862, 0.0147881750017, 0.0130290621892, 0.0121293636039, 0.00166035222355, 5.3767915233e-05],
        "mean": [8.58150087879e-05, 0.0037047683727, 0.00188998132944, 0.000976972398348, 0.00201093312353, 0.00130463717505, 0.000828642456327, 0.000551503326278, 0.00142375798896, 0.0012436863035, 0.000736759684514, 0.000671122339554, 0.000576851773076, 0.000977692077868, 0.00100309913978, 0.00106380123179, 0.000773202860728, 0.000970541790593, 0.000870359130204, 0.000658087956253, 0.000242185633397, 0.000172290776391, 0.000192122359294, 0.000196529639652, 0.000138947638334, 3.67796710634e-05, 5.02874058839e-07],
        "median": [4.62301650259e-05, 0.00225602206774, 0.00104905082844, 0.000396249408368, 0.00105861807242, 0.000644082843792, 0.000450625637313, 0.000261612265604, 0.000594418612309, 0.000427175138611, 0.000229601195315, 0.000245535629801, 0.000196366279852, 0.000474092725199, 0.000455600529676, 0.00044418888865, 0.000365364801837, 0.000589705596212, 0.000520989007782, 0.000406381761422, 0.000149899686221, 8.52113080327e-05, 9.87555613392e-05, 7.99798581284e-05, 4.47795573564e-05, 1.13303922262e-05, 5.81545194223e-08],
        "min": [6.16752044971e-24, 3.14279723394e-23, 5.46297181475e-24, 1.30664100163e-24, 1.70307142963e-22, 4.48982456126e-23, 2.12866352883e-23, 4.91020916874e-23, 8.95288906735e-23, 1.45266400668e-22, 1.3419677628e-22, 1.03638235943e-22, 1.77794177638e-22, 5.02246912426e-23, 1.12309458122e-22, 1.6907658306e-22, 2.4103545247e-22, 1.80662412781e-22, 2.2340434813e-22, 2.29785437681e-22, 4.31807363876e-22, 3.92138717018e-22, 4.96437765964e-22, 8.92796068409e-22, 1.36840149461e-21, 1.31253317886e-21, 2.99339114368e-21],
        "var": [1.33210651398e-08, 2.13906496356e-05, 6.40069129076e-06, 3.51256562681e-06, 7.96216136223e-06, 4.06927074437e-06, 1.48988988258e-06, 8.44744477035e-07, 4.60767887489e-06, 4.79687605548e-06, 2.59696344074e-06, 2.2174458536e-06, 2.03379545383e-06, 2.58861814473e-06, 2.66521897174e-06, 2.9472175811e-06, 1.71802332716e-06, 1.20734011944e-06, 1.45725721268e-06, 6.3207318135e-07, 1.18929534665e-07, 1.18818782369e-07, 2.25787147201e-07, 4.49739246733e-07, 2.08550218872e-07, 4.5141184124e-09, 3.79862200722e-12]
    },
    "erbbands": {
        "dmean": [0.0575751774013, 0.650715649128, 1.45421683788, 2.39153337479, 3.04679131508, 4.6564116478, 8.11974430084, 5.90076637268, 7.15621709824, 6.21270942688, 11.0481338501, 20.1375904083, 21.0884914398, 21.9998321533, 13.9407634735, 16.449640274, 17.3212890625, 19.9822654724, 32.5036201477, 33.3109016418, 30.5726604462, 23.1597518921, 25.8898220062, 23.1320724487, 17.8425502777, 13.7393255234, 7.05191373825, 4.20251846313, 3.7949385643, 3.3329603672, 3.36200046539, 2.73736643791, 2.20308279991, 1.46257865429, 0.548142790794, 0.171981155872, 0.0442897044122, 0.00591461686417, 0.000159273346071, 1.40579886647e-05],
        "dmean2": [0.0976587757468, 1.10577225685, 2.47452712059, 3.90165376663, 5.1572022438, 7.8171710968, 13.2869291306, 9.58622264862, 11.5484132767, 10.2818384171, 17.7957077026, 32.4287757874, 33.6471481323, 34.2316398621, 21.67852211, 25.7408924103, 27.2849216461, 31.9297618866, 50.8161468506, 51.679901123, 47.6207962036, 36.3884239197, 40.693145752, 36.4568367004, 27.3783664703, 21.2746524811, 11.0877771378, 6.57131385803, 5.93564462662, 5.15218019485, 5.17373800278, 4.14945220947, 3.25497746468, 2.13999986649, 0.821982443333, 0.254773080349, 0.0676045566797, 0.00975876860321, 0.000257376144873, 2.16998996621e-05],
        "dvar": [0.00715306447819, 1.18177199364, 4.77758836746, 21.8906917572, 40.3985900879, 73.5538711548, 271.47946167, 133.702865601, 178.202682495, 143.08265686, 446.413879395, 1387.19897461, 1589.92468262, 2069.55810547, 1197.51062012, 1734.9296875, 2215.57373047, 1872.0098877, 3728.84716797, 3848.06420898, 3872.7043457, 2495.84716797, 1677.97851562, 1467.33374023, 1185.65344238, 501.772766113, 153.90007019, 144.180114746, 111.373085022, 104.63747406, 119.448219299, 115.826805115, 78.214515686, 29.985704422, 2.98453164101, 0.151586517692, 0.00691305426881, 0.000173474531039, 1.58807850426e-07, 5.2702964215e-10],
        "dvar2": [0.0204747207463, 3.22955036163, 13.4301490784, 52.0940284729, 103.89377594, 191.523406982, 711.699523926, 330.893005371, 429.122619629, 366.053771973, 1102.65698242, 3543.01049805, 3954.63476562, 4625.34472656, 2561.89941406, 4098.30957031, 5001.76220703, 4602.06005859, 8400.41796875, 8551.05761719, 9017.09082031, 5732.45654297, 3710.63525391, 3592.49975586, 2661.3918457, 1097.47058105, 356.66897583, 342.400695801, 262.304107666, 229.98046875, 242.049346924, 236.507278442, 157.601196289, 58.3772735596, 6.95262956619, 0.34097841382, 0.0157889593393, 0.000452463893453, 3.875974528e-07, 1.20860410568e-09],
        "max": [1.00704419613, 12.1697273254, 28.1620330811, 66.0882644653, 115.686981201, 189.263000488, 335.852203369, 231.261001587, 371.627716064, 205.829238892, 369.792572021, 540.875, 776.601623535, 1045.41503906, 1305.03027344, 1161.58679199, 1082.64709473, 1590.40881348, 1229.23022461, 1065.04272461, 1953.62097168, 1577.9552002, 761.338745117, 854.573547363, 1028.89038086, 514.319763184, 229.160476685, 409.283233643, 367.71673584, 334.039703369, 434.902587891, 343.849060059, 338.901702881, 207.570373535, 71.9668045044, 17.1955661774, 1.5228883028, 0.189450725913, 0.0106210364029, 0.000690204265993],
        "mean": [0.0872325673699, 0.897195518017, 2.22402787209, 2.98480343819, 3.71405792236, 6.76012516022, 12.7097148895, 9.84966182709, 12.2457666397, 9.6620721817, 16.7890720367, 31.7534809113, 36.9387130737, 39.1374053955, 25.0945625305, 27.6581497192, 26.9399490356, 34.9288406372, 57.5579032898, 58.00598526, 56.3631629944, 45.3569564819, 52.2115478516, 50.1265678406, 39.3499107361, 30.5056266785, 14.5601329803, 7.74208879471, 6.21232175827, 5.54449796677, 5.53938817978, 4.31725978851, 3.19383621216, 2.00996088982, 0.734379708767, 0.226342722774, 0.0549589730799, 0.00586743000895, 0.000179420327186, 3.88833213947e-05],
        "median": [0.0562762357295, 0.504415333271, 1.30800390244, 1.47953271866, 1.81838679314, 3.45143985748, 5.88361787796, 5.06194114685, 6.62202167511, 5.13836860657, 8.61340713501, 12.988530159, 15.5139970779, 14.1658420563, 10.4030256271, 10.1729221344, 10.1316804886, 19.0145988464, 31.3624839783, 28.8603229523, 25.9792346954, 22.865234375, 32.024269104, 32.7379989624, 24.0308494568, 18.9260520935, 9.5073633194, 4.49435901642, 3.08880662918, 2.88462018967, 2.791929245, 1.92741787434, 1.18163347244, 0.652301609516, 0.230589464307, 0.0745625793934, 0.0164983011782, 0.00136989087332, 5.99228551437e-05, 3.4301658161e-05],
        "min": [3.44883525414e-22, 8.74865636162e-21, 1.23384408899e-20, 4.58410893897e-21, 7.60947937788e-20, 8.16027271065e-19, 5.92559568898e-19, 3.72217058482e-19, 4.23894986306e-19, 5.21140381219e-19, 1.03482496999e-18, 2.25815137348e-18, 3.34438489476e-18, 4.5937268523e-18, 5.83804678955e-18, 4.78109815029e-18, 7.88416199353e-18, 3.65952188978e-18, 5.121882087e-18, 7.17523925725e-18, 9.85198744766e-18, 1.39710474588e-17, 1.00517631461e-17, 1.12455262179e-17, 1.12053409566e-17, 1.03047811519e-17, 1.24883320011e-17, 1.8779413618e-17, 1.29178480157e-17, 1.67596403942e-17, 1.29561762565e-17, 1.42932855926e-17, 1.70101156468e-17, 1.25172543712e-17, 1.00684664042e-17, 5.68731132088e-18, 2.40274688725e-18, 1.16577179686e-18, 3.79376280834e-19, 5.03740068348e-20],
        "var": [0.00982653908432, 1.3946659565, 7.17004489899, 22.6720275879, 40.4544219971, 103.020439148, 442.327362061, 222.403564453, 354.575500488, 213.511444092, 644.935424805, 2430.29248047, 3383.1472168, 4953.65332031, 2543.21923828, 3718.72827148, 3515.42358398, 3102.54174805, 7397.57470703, 6984.921875, 7368.890625, 5367.29980469, 3670.59912109, 3131.69458008, 2802.71899414, 1449.96704102, 282.006988525, 184.952987671, 144.368728638, 154.733673096, 196.80015564, 198.589813232, 137.438919067, 52.3356704712, 4.2185716629, 0.210939630866, 0.00969942379743, 0.000164793658769, 1.75573902084e-07, 8.52228010384e-10]
    },
    "gfcc": {
        "mean": [31.5044879913, 74.1667404175, -137.381973267, 43.8150863647, -55.0143280029, 16.8660373688, -41.3930549622, 19.6473960876, -24.9093971252, 2.28096199036, -14.5697221756, -2.12474942207, -6.71125936508],
        "cov": [[1999.67529297, -448.118225098, 335.95211792, 119.456809998, 47.2364273071, 113.675758362, -100.520957947, 105.739845276, -76.5099029541, 97.8848495483, -71.1055603027, 73.4479675293, -98.1368026733], [-448.118225098, 755.911682129, -141.589141846, 72.2429733276, 84.955078125, -151.149642944, 62.6131515503, -66.4223175049, 46.0013656616, -65.3648223877, 98.3081970215, -55.3360824585, 78.4614868164], [335.95211792, -141.589141846, 795.211547852, 254.055908203, 100.709655762, 101.981552124, -148.861724854, 18.8805942535, -58.1182746887, 97.6125259399, -48.7273101807, 100.95174408, -39.2905502319], [119.456809998, 72.2429733276, 254.055908203, 344.641784668, 151.103515625, 4.64653921127, -38.2844734192, 13.7702293396, 41.4362106323, 29.1592826843, 9.64156341553, 28.4146747589, 35.7303085327], [47.2364273071, 84.955078125, 100.709655762, 151.103515625, 235.129760742, 36.3550338745, 0.97803902626, 35.6614952087, 13.6938457489, 26.2881660461, 17.3225383759, 9.35822486877, 21.7998981476], [113.675758362, -151.149642944, 101.981552124, 4.64653921127, 36.3550338745, 213.519958496, 59.0679244995, 17.140171051, -30.5189285278, 36.45054245, -3.6973092556, 12.673119545, -24.6311149597], [-100.520957947, 62.6131515503, -148.861724854, -38.2844734192, 0.97803902626, 59.0679244995, 175.521087646, 29.1708488464, -1.15665531158, -18.2571716309, 29.7997283936, -30.2913990021, -3.15991711617], [105.739845276, -66.4223175049, 18.8805942535, 13.7702293396, 35.6614952087, 17.140171051, 29.1708488464, 128.44934082, 41.289024353, 4.11041402817, -18.1078357697, 5.12531423569, -2.90956735611], [-76.5099029541, 46.0013656616, -58.1182746887, 41.4362106323, 13.6938457489, -30.5189285278, -1.15665531158, 41.289024353, 125.177604675, 9.56999111176, -11.3500070572, -5.2717590332, 25.5909538269], [97.8848495483, -65.3648223877, 97.6125259399, 29.1592826843, 26.2881660461, 36.45054245, -18.2571716309, 4.11041402817, 9.56999111176, 97.4626922607, 23.018409729, 23.0743408203, -9.39367198944], [-71.1055603027, 98.3081970215, -48.7273101807, 9.64156341553, 17.3225383759, -3.6973092556, 29.7997283936, -18.1078357697, -11.3500070572, 23.018409729, 121.469245911, 12.7958946228, 16.6328887939], [73.4479675293, -55.3360824585, 100.95174408, 28.4146747589, 9.35822486877, 12.673119545, -30.2913990021, 5.12531423569, -5.2717590332, 23.0743408203, 12.7958946228, 80.6815032959, 17.1885738373], [-98.1368026733, 78.4614868164, -39.2905502319, 35.7303085327, 21.7998981476, -24.6311149597, -3.15991711617, -2.90956735611, 25.5909538269, -9.39367198944, 16.6328887939, 17.1885738373, 79.7908859253]],
        "icov": [[0.000706211023498, 0.000116115530545, 0.000221401554882, -0.00049635587493, 0.000122992976685, -0.000158471739269, 0.000455045286799, -0.000768170517404, 0.000769144447986, -0.000541939982213, 0.000322172796587, -0.000432016851846, 0.000708603009116], [0.000116115530545, 0.00301836244762, -0.00104610051494, 0.000547499977984, -0.00157710677013, 0.00229591759853, -0.00200878735632, 0.00217502284795, -0.00162887212355, 0.00192701548804, -0.00223137647845, 0.0020639852155, -0.00167635979597], [0.000221401554882, -0.00104610051494, 0.00392329506576, -0.00296559580602, 0.00102037156466, -0.00209134654142, 0.00307511980645, -0.00210957182571, 0.00317224580795, -0.00263239745982, 0.00229117437266, -0.00323641696014, 0.00257361680269], [-0.00049635587493, 0.000547499977984, -0.00296559580602, 0.00689223269001, -0.00350430817343, 0.00147215707693, -0.00168988970108, 0.00237569282763, -0.00387826282531, 0.00188495626207, -0.0016596314963, 0.00156554055866, -0.00278945406899], [0.000122992976685, -0.00157710677013, 0.00102037156466, -0.00350430817343, 0.00758588220924, -0.00238303514197, 0.00171714369208, -0.00344290351495, 0.00228133425117, -0.00219050957821, 0.000616426812485, -0.000163354518008, -0.000174831060576], [-0.000158471739269, 0.00229591759853, -0.00209134654142, 0.00147215707693, -0.00238303514197, 0.00901915319264, -0.00562504446134, 0.00227598077618, -0.000532728561666, -0.000636160490103, -0.000475281383842, 0.000819305307232, -0.00082759920042], [0.000455045286799, -0.00200878735632, 0.00307511980645, -0.00168988970108, 0.00171714369208, -0.00562504446134, 0.0118751833215, -0.00507401442155, 0.00276512419805, -0.000261256820522, -0.00083955260925, 0.000369578017853, 0.00206345156766], [-0.000768170517404, 0.00217502284795, -0.00210957182571, 0.00237569282763, -0.00344290351495, 0.00227598077618, -0.00507401442155, 0.0133471852168, -0.00665647024289, 0.00284053082578, -0.000538839958608, 0.000277724087937, -0.000735404901206], [0.000769144447986, -0.00162887212355, 0.00317224580795, -0.00387826282531, 0.00228133425117, -0.000532728561666, 0.00276512419805, -0.00665647024289, 0.0146484654397, -0.00577649939805, 0.00404897797853, -0.000940561643802, -0.00109409168363], [-0.000541939982213, 0.00192701548804, -0.00263239745982, 0.00188495626207, -0.00219050957821, -0.000636160490103, -0.000261256820522, 0.00284053082578, -0.00577649939805, 0.0169229973108, -0.00618233531713, 9.01813618839e-05, 0.000907857494894], [0.000322172796587, -0.00223137647845, 0.00229117437266, -0.0016596314963, 0.000616426812485, -0.000475281383842, -0.00083955260925, -0.000538839958608, 0.00404897797853, -0.00618233531713, 0.0132898315787, -0.0045164055191, 0.000269949872745], [-0.000432016851846, 0.0020639852155, -0.00323641696014, 0.00156554055866, -0.000163354518008, 0.000819305307232, 0.000369578017853, 0.000277724087937, -0.000940561643802, 9.01813618839e-05, -0.0045164055191, 0.0199564490467, -0.00757862953469], [0.000708603009116, -0.00167635979597, 0.00257361680269, -0.00278945406899, -0.000174831060576, -0.00082759920042, 0.00206345156766, -0.000735404901206, -0.00109409168363, 0.000907857494894, 0.000269949872745, -0.00757862953469, 0.019450424239]]
    },
    "melbands": {
        "dmean": [0.000635663047433, 0.000745933677536, 0.000405758531997, 0.000264141854132, 0.000265621987637, 0.000136299640872, 0.00010464310617, 6.99184602126e-05, 0.000103704900539, 0.000130698928842, 0.000109182539745, 9.54083079705e-05, 5.29538992851e-05, 4.57578425994e-05, 4.6570552513e-05, 3.68884902855e-05, 4.32359083788e-05, 6.07926449447e-05, 5.19201348652e-05, 4.68776961497e-05, 3.76049611077e-05, 2.79784362647e-05, 2.20698093472e-05, 2.59982625721e-05, 2.0807441615e-05, 1.64839802892e-05, 1.31714641611e-05, 9.29827092477e-06, 5.49122614757e-06, 3.10253926727e-06, 2.46448348662e-06, 2.34380740949e-06, 1.99202804652e-06, 1.90043988368e-06, 2.00301701625e-06, 2.03281069844e-06, 1.62544108662e-06, 1.64992127338e-06, 1.48716958392e-06, 1.19766878015e-06],
        "dmean2": [0.00108387984801, 0.00127436418552, 0.000652889895719, 0.000446009042207, 0.00043596958858, 0.000221645488637, 0.000169368533534, 0.000115828275739, 0.000167275313288, 0.000209992154851, 0.000174648768734, 0.000148250794155, 8.19278720883e-05, 7.17229922884e-05, 7.32831613277e-05, 5.95003766648e-05, 6.9312089181e-05, 9.509184747e-05, 8.21194043965e-05, 7.33453925932e-05, 5.97160105826e-05, 4.45944206149e-05, 3.50434202119e-05, 4.11100227211e-05, 3.33471325575e-05, 2.59944226855e-05, 2.05169890251e-05, 1.46641114043e-05, 8.73275985214e-06, 4.95023095937e-06, 3.88063835999e-06, 3.72648628399e-06, 3.1539811971e-06, 2.98409668176e-06, 3.13969462695e-06, 3.1228678381e-06, 2.50147718361e-06, 2.50467041951e-06, 2.23680922318e-06, 1.78325592515e-06],
        "dvar": [1.02304875327e-06, 1.16196042654e-06, 6.04844331065e-07, 2.44865077548e-07, 2.65618780304e-07, 6.48239293355e-08, 3.60372531816e-08, 1.81427655122e-08, 3.71535904264e-08, 5.8030032335e-08, 4.30044693189e-08, 3.93660748443e-08, 1.65184896872e-08, 1.18208536293e-08, 1.63512687834e-08, 1.05693027663e-08, 9.02925556545e-09, 1.42334908304e-08, 1.07579394282e-08, 9.72602798299e-09, 6.24425755547e-09, 3.82763953866e-09, 1.77891379405e-09, 2.01068051098e-09, 1.32684796483e-09, 1.39468903093e-09, 5.94158444667e-10, 2.31983363075e-10, 9.22264417613e-11, 5.52148222976e-11, 5.30227979578e-11, 4.20058779427e-11, 3.38393341126e-11, 3.51967344159e-11, 3.79499660863e-11, 5.28123447752e-11, 4.51702703019e-11, 4.2840321568e-11, 3.88543051899e-11, 1.98128093792e-11],
        "dvar2": [2.89607487503e-06, 3.29981003233e-06, 1.41978739521e-06, 6.31039767995e-07, 6.94826781e-07, 1.60761800316e-07, 8.66827249979e-08, 4.66280454248e-08, 9.26991390315e-08, 1.49028579699e-07, 1.06544050027e-07, 8.71582557238e-08, 3.6380196633e-08, 2.7278652226e-08, 3.73873092485e-08, 2.40406077268e-08, 2.20857163669e-08, 3.24459534795e-08, 2.45240521224e-08, 2.1880149248e-08, 1.48428904723e-08, 8.98886565182e-09, 3.8440428618e-09, 4.39118430506e-09, 3.36673866563e-09, 3.12062287122e-09, 1.42822598193e-09, 5.16479470303e-10, 2.16088077987e-10, 1.34978764277e-10, 1.25605803536e-10, 1.0252040189e-10, 7.8059218811e-11, 7.78982087168e-11, 8.02111432829e-11, 1.08176467783e-10, 9.47105519011e-11, 8.80818473714e-11, 8.02481761597e-11, 4.01800537286e-11],
        "max": [0.0121317291632, 0.0118918567896, 0.0105941146612, 0.00941308680922, 0.00935832690448, 0.00455131335184, 0.00566666712984, 0.00243090558797, 0.00353710353374, 0.00331201218069, 0.00384444440715, 0.00464812060818, 0.00383579661138, 0.00367122562602, 0.00282139889896, 0.0027581055183, 0.00365169928409, 0.00231639971025, 0.00197737314738, 0.00190061796457, 0.00223511224613, 0.00185458711348, 0.00150669994764, 0.00134216016158, 0.000826956296805, 0.000992225948721, 0.000719172647223, 0.000312356627546, 0.000225712210522, 0.000193451836822, 0.000222390139243, 0.000254470476648, 0.000162475465913, 0.000196575943846, 0.000239240252995, 0.000293246470392, 0.00019370309019, 0.000231611833442, 0.000203341915039, 0.000177877765964],
        "mean": [0.000924050516915, 0.00121244252659, 0.000533102196641, 0.000356129661668, 0.000433820503531, 0.000231719779549, 0.000177320791408, 0.000103951904748, 0.00015440279094, 0.000203435978619, 0.000185633194633, 0.000163112039445, 8.88300128281e-05, 7.38759772503e-05, 6.99807351339e-05, 5.40285691386e-05, 6.83839607518e-05, 9.83053105301e-05, 8.07866526884e-05, 7.50801482354e-05, 6.31446673651e-05, 4.83859585074e-05, 4.03463709517e-05, 4.84772899654e-05, 4.01022007281e-05, 3.18330276059e-05, 2.57336214418e-05, 1.88323956536e-05, 1.03272896013e-05, 5.42513407709e-06, 4.09157746617e-06, 3.61104025615e-06, 3.06667175209e-06, 3.05395087707e-06, 3.17900162372e-06, 3.09466304316e-06, 2.44728948928e-06, 2.28786393563e-06, 2.04789216696e-06, 1.57412284807e-06],
        "median": [0.000580366759095, 0.000746094447095, 0.000280104781268, 0.000185956669156, 0.000211074613617, 0.000122670375276, 9.83717764029e-05, 5.29721146449e-05, 7.22215554561e-05, 8.10546189314e-05, 7.1910682891e-05, 5.61123961234e-05, 3.15528741339e-05, 2.7829546525e-05, 2.07600423892e-05, 2.03284762392e-05, 3.47509449057e-05, 4.57865971839e-05, 3.5843680962e-05, 3.05504654534e-05, 2.68221265287e-05, 2.21234186029e-05, 2.24509003601e-05, 2.85387432086e-05, 2.40925546677e-05, 1.79351300176e-05, 1.47456321429e-05, 1.0937249499e-05, 6.29936266705e-06, 3.27525299326e-06, 2.1422329155e-06, 1.73982482465e-06, 1.51820177052e-06, 1.55701968652e-06, 1.58424040819e-06, 1.46824334024e-06, 1.0114520137e-06, 8.01857879651e-07, 7.15993508038e-07, 4.76887066725e-07],
        "min": [6.90495156822e-24, 9.07823338539e-24, 7.25654805697e-25, 3.0117021199e-23, 2.75118333031e-23, 8.41596098963e-24, 6.52003753914e-24, 7.29229568332e-24, 8.00323843035e-24, 1.53616903558e-23, 1.76370665513e-23, 1.88140927758e-23, 2.00773414973e-23, 1.48153552695e-23, 1.13866944073e-23, 1.81258826335e-23, 5.12032889728e-24, 7.53461797618e-24, 8.55124116854e-24, 1.22375006151e-23, 1.08494998523e-23, 1.53693375734e-23, 8.44088268335e-24, 1.01096595526e-23, 8.88555963131e-24, 9.03341583078e-24, 6.82188609262e-24, 7.09629609167e-24, 5.72489217352e-24, 1.24048708668e-23, 1.02971126252e-23, 6.69631836917e-24, 8.39056203506e-24, 1.00544503333e-23, 6.92386056412e-24, 7.67768736768e-24, 9.69594855064e-24, 1.13382102272e-23, 1.22950945609e-23, 1.04125103539e-23],
        "var": [1.23743086533e-06, 1.8215663431e-06, 6.51086736525e-07, 2.89900015105e-07, 4.57450965996e-07, 1.12741425085e-07, 6.93360959758e-08, 2.56397001408e-08, 5.80183083798e-08, 1.03087252512e-07, 9.16774496318e-08, 8.90826044042e-08, 3.41658292768e-08, 2.84273404816e-08, 2.88959896011e-08, 1.7718607026e-08, 1.41990366131e-08, 2.70776627787e-08, 1.89926296912e-08, 1.7179182521e-08, 1.15532969858e-08, 7.7778983254e-09, 3.18906634433e-09, 3.80168696523e-09, 2.4202773119e-09, 2.88506041279e-09, 1.13380571598e-09, 6.28309071438e-10, 1.64111543799e-10, 7.00353386396e-11, 6.78836362122e-11, 5.07375912118e-11, 4.46246130326e-11, 5.06407554779e-11, 5.93560478546e-11, 8.46643380403e-11, 7.55067952607e-11, 7.10353512123e-11, 6.26748306032e-11, 3.31620668426e-11]
    },
    "mfcc": {
        "mean": [-601.385131836, 96.6309661865, -16.6208209991, 25.3774642944, 9.51908779144, -1.67954027653, 3.26413941383, 5.87200069427, 0.244128853083, 8.56163311005, -3.39445209503, -4.59851551056, -2.01689743996],
        "cov": [[1291.84985352, -313.961730957, 119.833396912, 12.5205488205, 76.8329086304, -0.311610370874, 29.757314682, 19.5311870575, 18.5491542816, 40.3256645203, 10.4429864883, 10.2816429138, 45.8537788391], [-313.961730957, 575.481811523, -135.533950806, 94.5315170288, -25.844171524, -40.1090621948, 9.15738964081, -16.9579772949, -43.0235099792, -6.99453496933, -12.8920087814, -9.31819248199, -2.67215561867], [119.833396912, -135.533950806, 584.468994141, 117.100914001, 176.11529541, 94.6408081055, 2.27749538422, -30.0000782013, 1.45989882946, -63.3296089172, 19.9185371399, 16.7753868103, 31.5652236938], [12.5205488205, 94.5315170288, 117.100914001, 353.445098877, 182.997299194, 12.9002733231, -19.5853118896, -6.27865695953, 25.8476257324, -1.76784455776, -20.9148082733, 21.4317932129, 46.0314826965], [76.8329086304, -25.844171524, 176.11529541, 182.997299194, 297.783111572, 47.8419036865, 0.881762802601, -4.44336938858, 29.4675445557, 7.1688785553, -14.8862543106, 17.4737854004, 41.6038856506], [-0.311610370874, -40.1090621948, 94.6408081055, 12.9002733231, 47.8419036865, 172.745544434, 65.0987243652, -2.81042766571, 2.44377064705, -3.63632392883, 23.4893302917, -0.629095554352, 1.92042398453], [29.757314682, 9.15738964081, 2.27749538422, -19.5853118896, 0.881762802601, 65.0987243652, 189.029602051, 34.0552825928, -32.9618453979, 26.3967666626, 20.0719451904, -9.4175157547, 10.1088542938], [19.5311870575, -16.9579772949, -30.0000782013, -6.27865695953, -4.44336938858, -2.81042766571, 34.0552825928, 106.276199341, 47.7425498962, 16.7575206757, 2.4475069046, 5.87331104279, 2.79094076157], [18.5491542816, -43.0235099792, 1.45989882946, 25.8476257324, 29.4675445557, 2.44377064705, -32.9618453979, 47.7425498962, 128.872772217, 26.5073242188, 1.71239960194, 10.1335306168, -2.21618461609], [40.3256645203, -6.99453496933, -63.3296089172, -1.76784455776, 7.1688785553, -3.63632392883, 26.3967666626, 16.7575206757, 26.5073242188, 97.7021942139, 21.6951141357, -0.695542633533, -1.91374492645], [10.4429864883, -12.8920087814, 19.9185371399, -20.9148082733, -14.8862543106, 23.4893302917, 20.0719451904, 2.4475069046, 1.71239960194, 21.6951141357, 76.2093811035, 21.0924987793, -1.83384084702], [10.2816429138, -9.31819248199, 16.7753868103, 21.4317932129, 17.4737854004, -0.629095554352, -9.4175157547, 5.87331104279, 10.1335306168, -0.695542633533, 21.0924987793, 65.9881286621, 27.3683757782], [45.8537788391, -2.67215561867, 31.5652236938, 46.0314826965, 41.6038856506, 1.92042398453, 10.1088542938, 2.79094076157, -2.21618461609, -1.91374492645, -1.83384084702, 27.3683757782, 70.2448654175]],
