{
"lowlevel": {
    "average_loudness": 0.952702760696,
    "barkbands_crest": {
        "dmean": 2.02074861526,
        "dmean2": 3.29385757446,
        "dvar": 3.34754490852,
        "dvar2": 8.77770042419,
        "max": 21.9886035919,
        "mean": 8.60280513763,
        "median": 7.93737983704,
        "min": 2.37522912025,
        "var": 10.8518476486
    },
    "barkbands_flatness_db": {
        "dmean": 0.0156281311065,
        "dmean2": 0.0248620286584,
        "dvar": 0.000189368598512,
        "dvar2": 0.000451008643722,
        "max": 0.324922710657,
        "mean": 0.162825658917,
        "median": 0.159183338284,
        "min": 0.0376317165792,
        "var": 0.001234712312
    },
    "barkbands_kurtosis": {
        "dmean": 1.26492679119,
        "dmean2": 2.03434967995,
        "dvar": 4.35676813126,
        "dvar2": 10.7263593674,
        "max": 37.4599685669,
        "mean": 1.64464879036,
        "median": 0.481568455696,
        "min": -1.91054439545,
        "var": 14.5907068253
    },
    "barkbands_skewness": {
        "dmean": 0.36049169302,
        "dmean2": 0.553295373917,
        "dvar": 0.136418744922,
        "dvar2": 0.290413707495,
        "max": 5.48417663574,
        "mean": 0.928721547127,
        "median": 0.882268965244,
        "min": -4.00635623932,
        "var": 1.07678413391
    },
    "barkbands_spread": {
        "dmean": 4.0668592453,
        "dmean2": 6.20683526993,
        "dvar": 32.0254554749,
        "dvar2": 60.1346359253,
        "max": 103.645172119,
        "mean": 21.2716999054,
        "median": 19.1102676392,
        "min": 2.34684252739,
        "var": 145.544464111
    },
    "dissonance": {
        "dmean": 0.0159447528422,
        "dmean2": 0.0270311608911,
        "dvar": 0.000237982996623,
        "dvar2": 0.000657725031488,
        "max": 0.500000178814,
        "mean": 0.469649910927,
        "median": 0.474565804005,
        "min": 0.305692523718,
        "var": 0.000497208500747
    },
    "dynamic_complexity": 1.68284237385,
    "erbbands_crest": {
        "dmean": 2.30325889587,
        "dmean2": 3.67690443993,
        "dvar": 4.78538799286,
        "dvar2": 11.5248775482,
        "max": 28.319103241,
        "mean": 9.27292442322,
        "median": 8.2761516571,
        "min": 2.60553693771,
        "var": 17.6962776184
    },
    "erbbands_flatness_db": {
        "dmean": 0.0128189399838,
        "dmean2": 0.0187405403703,
        "dvar": 0.000152605935,
        "dvar2": 0.00029559401446,
        "max": 0.339749902487,
        "mean": 0.201128020883,
        "median": 0.199843943119,
        "min": 0.0738467276096,
        "var": 0.00161366048269
    },
    "erbbands_kurtosis": {
        "dmean": 0.700635910034,
        "dmean2": 1.08385550976,
        "dvar": 0.902898848057,
        "dvar2": 1.90675055981,
        "max": 21.6141834259,
        "mean": 0.413119763136,
        "median": -0.142723083496,
        "min": -1.72277581692,
        "var": 3.81141281128
    },
    "erbbands_skewness": {
        "dmean": 0.274474740028,
        "dmean2": 0.422837525606,
        "dvar": 0.0698634758592,
        "dvar2": 0.145829752088,
        "max": 2.78175878525,
        "mean": 0.101630061865,
        "median": 0.203633457422,
        "min": -3.38176012039,
        "var": 0.52288454771
    },
    "erbbands_spread": {
        "dmean": 5.34935474396,
        "dmean2": 8.06217765808,
        "dvar": 36.7764511108,
        "dvar2": 77.6837463379,
        "max": 106.326148987,
        "mean": 31.3205337524,
        "median": 29.0755233765,
        "min": 4.14197778702,
        "var": 215.631668091
    },
    "hfc": {
        "dmean": 6.45817565918,
        "dmean2": 9.04924297333,
        "dvar": 148.121047974,
        "dvar2": 239.80821228,
        "max": 497.868164062,
        "mean": 26.4676456451,
        "median": 21.8780174255,
        "min": 1.2006910403e-16,
        "var": 633.600463867
    },
    "melbands_crest": {
        "dmean": 2.64961528778,
        "dmean2": 4.36393785477,
        "dvar": 6.0548415184,
        "dvar2": 16.0846767426,
        "max": 30.6553688049,
        "mean": 12.0026760101,
        "median": 10.9366416931,
        "min": 2.26329421997,
        "var": 24.9380760193
    },
    "melbands_flatness_db": {
        "dmean": 0.0173298101872,
        "dmean2": 0.0262836720794,
        "dvar": 0.000310367962811,
        "dvar2": 0.0006400172133,
        "max": 0.381639927626,
        "mean": 0.176772266626,
        "median": 0.169875472784,
        "min": 0.00765232276171,
        "var": 0.00260005285963
    },
    "melbands_kurtosis": {
        "dmean": 2.82607579231,
        "dmean2": 4.55094575882,
        "dvar": 23.6554927826,
        "dvar2": 59.4504585266,
        "max": 99.0786361694,
        "mean": 6.08166980743,
        "median": 3.26678562164,
        "min": -1.88209545612,
        "var": 82.7637252808
    },
    "melbands_skewness": {
        "dmean": 0.451451689005,
        "dmean2": 0.701391398907,
        "dvar": 0.222481667995,
        "dvar2": 0.51856815815,
        "max": 8.49421691895,
        "mean": 1.77913618088,
        "median": 1.62231361866,
        "min": -2.0504117012,
        "var": 1.69343829155
    },
    "melbands_spread": {
        "dmean": 6.1623711586,
        "dmean2": 9.32015991211,
        "dvar": 98.0337677002,
        "dvar2": 173.87928772,
        "max": 216.894622803,
        "mean": 29.1269207001,
        "median": 24.9052219391,
        "min": 2.13919949532,
        "var": 443.131011963
    },
    "pitch_salience": {
        "dmean": 0.0563770495355,
        "dmean2": 0.0910245105624,
        "dvar": 0.00242674537003,
        "dvar2": 0.00632007652894,
        "max": 0.903509140015,
        "mean": 0.587332248688,
        "median": 0.590301930904,
        "min": 0.159181311727,
        "var": 0.0115497438237
    },
    "silence_rate_20dB": {
        "dmean": 0,
        "dmean2": 0,
        "dvar": 0,
        "dvar2": 0,
        "max": 1,
        "mean": 1,
        "median": 1,
        "min": 1,
        "var": 0
    },
    "silence_rate_30dB": {
        "dmean": 0,
        "dmean2": 0,
        "dvar": 0,
        "dvar2": 0,
        "max": 1,
        "mean": 1,
        "median": 1,
        "min": 1,
        "var": 0
    },
    "silence_rate_60dB": {
        "dmean": 0.00334728043526,
        "dmean2": 0.00669536087662,
        "dvar": 0.0033362833783,
        "dvar2": 0.00760785629973,
        "max": 1,
        "mean": 0.00621563475579,
        "median": 0,
        "min": 0,
        "var": 0.00617655739188
    },
    "spectral_centroid": {
        "dmean": 210.515213013,
        "dmean2": 312.885894775,
        "dvar": 68556.8828125,
        "dvar2": 113366.445312,
        "max": 11096.5205078,
        "mean": 1505.91259766,
        "median": 1488.52026367,
        "min": 253.843322754,
        "var": 416248.75
    },
    "spectral_complexity": {
        "dmean": 3.17800354958,
        "dmean2": 4.87924432755,
        "dvar": 9.13888072968,
        "dvar2": 18.3689136505,
        "max": 56,
        "mean": 22.9650974274,
        "median": 23,
        "min": 0,
        "var": 54.8256263733
    },
    "spectral_decrease": {
        "dmean": 1.45765788329e-09,
        "dmean2": 2.31622920843e-09,
        "dvar": 2.8207158741e-18,
        "dvar2": 6.91471210588e-18,
        "max": 3.79545240997e-29,
        "mean": -6.39375885569e-09,
        "median": -6.13469541833e-09,
        "min": -3.05118774691e-08,
        "var": 9.36328748741e-18
    },
    "spectral_energy": {
        "dmean": 0.00592420529574,
        "dmean2": 0.0093305343762,
        "dvar": 4.44980360044e-05,
        "dvar2": 0.000107549763925,
        "max": 0.11845690757,
        "mean": 0.0265321917832,
        "median": 0.0257128607482,
        "min": 1.07473719064e-20,
        "var": 0.000154158027726
    },
    "spectral_energyband_high": {
        "dmean": 0.000413395086071,
        "dmean2": 0.000542009598576,
        "dvar": 2.71655289907e-06,
        "dvar2": 4.05771788792e-06,
        "max": 0.0734807252884,
        "mean": 0.000939423160162,
        "median": 0.000324952939991,
        "min": 7.72152664641e-21,
        "var": 1.01189225461e-05
    },
    "spectral_energyband_low": {
        "dmean": 0.00227476446889,
        "dmean2": 0.00380284315906,
        "dvar": 1.73424650711e-05,
        "dvar2": 4.85284508613e-05,
        "max": 0.0821465626359,
        "mean": 0.00596088683233,
        "median": 0.00351806171238,
        "min": 2.44802282225e-23,
        "var": 5.08557677676e-05
    },
    "spectral_energyband_middle_high": {
        "dmean": 0.00222597247921,
        "dmean2": 0.00328693329357,
        "dvar": 8.6244317572e-06,
        "dvar2": 1.81622872333e-05,
        "max": 0.0487546399236,
        "mean": 0.00882214400917,
        "median": 0.00662721972913,
        "min": 1.72710020853e-21,
        "var": 5.28399614268e-05
    },
    "spectral_energyband_middle_low": {
        "dmean": 0.00400167424232,
        "dmean2": 0.00638814410195,
        "dvar": 2.57298506767e-05,
        "dvar2": 6.38486308162e-05,
        "max": 0.0846673548222,
        "mean": 0.0126593410969,
        "median": 0.0105812046677,
        "min": 2.71089765538e-22,
        "var": 7.24555866327e-05
    },
    "spectral_entropy": {
        "dmean": 0.105391345918,
        "dmean2": 0.152760967612,
        "dvar": 0.0124638080597,
        "dvar2": 0.0215882901102,
        "max": 9.81179046631,
        "mean": 7.5330080986,
        "median": 7.53183269501,
        "min": 6.33105325699,
        "var": 0.0969320237637
    },
    "spectral_flux": {
        "dmean": 0.0176568217576,
        "dmean2": 0.0277182906866,
        "dvar": 0.000347761175362,
        "dvar2": 0.00077462871559,
        "max": 0.287480771542,
        "mean": 0.0781443417072,
        "median": 0.0727597549558,
        "min": 1.03669531293e-10,
        "var": 0.00111673038919
    },
    "spectral_kurtosis": {
        "dmean": 1.69610214233,
        "dmean2": 2.91057395935,
        "dvar": 2.58928918839,
        "dvar2": 7.70816278458,
        "max": 20.894493103,
        "mean": 4.21719408035,
        "median": 3.80455303192,
        "min": -1.21290791035,
        "var": 5.99290561676
    },
    "spectral_rms": {
        "dmean": 0.000559838081244,
        "dmean2": 0.00087318662554,
        "dvar": 3.22223286275e-07,
        "dvar2": 7.40245013731e-07,
        "max": 0.0107502425089,
        "mean": 0.00494065321982,
        "median": 0.00500856433064,
        "min": 3.23809208613e-12,
        "var": 1.47498462866e-06
    },
    "spectral_rolloff": {
        "dmean": 384.987823486,
        "dmean2": 627.50378418,
        "dvar": 549453.0625,
        "dvar2": 1008963.125,
        "max": 18906.1523438,
        "mean": 1727.59631348,
        "median": 1485.79101562,
        "min": 107.666015625,
        "var": 1915433.75
    },
    "spectral_skewness": {
        "dmean": 0.207973480225,
        "dmean2": 0.338988929987,
        "dvar": 0.0331585519016,
        "dvar2": 0.0853475481272,
        "max": 3.14136052132,
        "mean": 1.37969458103,
        "median": 1.36730492115,
        "min": -0.245494678617,
        "var": 0.148116692901
    },
    "spectral_spread": {
        "dmean": 327889.375,
        "dmean2": 465355.03125,
        "dvar": 310216556544,
        "dvar2": 399131869184,
        "max": 40839912,
        "mean": 3568508.25,
        "median": 3321274.5,
        "min": 1801327,
        "var": 1.30858981786e+12
    },
    "spectral_strongpeak": {
        "dmean": 0.755406975746,
        "dmean2": 1.26059758663,
        "dvar": 1.36281001568,
        "dvar2": 3.32617330551,
        "max": 20.4791049957,
        "mean": 1.66137135029,
        "median": 0.820380151272,
        "min": 0,
        "var": 3.67736077309
    },
    "zerocrossingrate": {
        "dmean": 0.00789375416934,
        "dmean2": 0.00890173390508,
        "dvar": 0.000162966025528,
        "dvar2": 0.000156480135047,
        "max": 0.638671875,
        "mean": 0.0622901767492,
        "median": 0.05859375,
        "min": 0.00634765625,
        "var": 0.0012690454023
    },
    "barkbands": {
        "dmean": [2.28903900279e-05, 0.000855070829857, 0.00104121549521, 0.00157906569075, 0.00134077016264, 0.000891553645488, 0.000699149328284, 0.00106668518856, 0.000738637521863, 0.000496148772072, 0.00045924357255, 0.00054367253324, 0.000643309729639, 0.000576671387535, 0.000425351696322, 0.00030867831083, 0.000336820521625, 0.000248579628533, 0.00023934894125, 0.000174605142092, 0.000117307783512, 9.16355420486e-05, 8.41283690534e-05, 8.86923007783e-05, 4.6368506446e-05, 7.56874953822e-08, 1.047038789e-09],
        "dmean2": [3.93924674427e-05, 0.00144811242353, 0.00173750612885, 0.00261586182751, 0.00218851515092, 0.00141883094329, 0.00110686162952, 0.00165047834162, 0.0011448051082, 0.000772522820625, 0.000724523095414, 0.000829027441796, 0.000964833481703, 0.000880754785612, 0.00065561599331, 0.000481321389088, 0.000532431527972, 0.000383031234378, 0.000360656849807, 0.000268190458883, 0.00017388969718, 0.000129670472234, 0.00011925400031, 0.000116310089652, 6.46685002721e-05, 1.30212285399e-07, 1.92783145003e-09],
        "dvar": [3.35116534522e-09, 6.27623285254e-06, 3.75123067897e-06, 8.77259572007e-06, 5.70681640966e-06, 3.31712590196e-06, 2.85163969238e-06, 4.14450187236e-06, 1.91196636479e-06, 7.64109586271e-07, 7.13701865607e-07, 1.79032087999e-06, 2.22306721298e-06, 2.0517509256e-06, 1.25599785861e-06, 7.27220253793e-07, 4.99859311276e-07, 2.59745490894e-07, 2.81119071133e-07, 1.40982606922e-07, 3.0374192761e-07, 1.57356211616e-07, 1.48935967559e-07, 2.03303073931e-07, 7.39905416935e-08, 4.68209347161e-13, 3.7942084002e-18],
        "dvar2": [9.20136056237e-09, 1.7551903511e-05, 1.07788991954e-05, 2.40967783611e-05, 1.42246135511e-05, 7.9116989582e-06, 7.10438189344e-06, 9.89296131593e-06, 4.48545279141e-06, 1.8419045773e-06, 1.67234713899e-06, 3.68752080249e-06, 4.6976701924e-06, 4.72773854199e-06, 2.75440788755e-06, 1.61383400155e-06, 1.19698472645e-06, 5.94810899202e-07, 5.86798478253e-07, 3.03645265376e-07, 6.89248906838e-07, 2.82144100083e-07, 2.86845562414e-07, 3.47730576777e-07, 1.30126167619e-07, 1.16580009535e-12, 1.07337297206e-17],
        "max": [0.00105666334275, 0.0614942498505, 0.0368889197707, 0.057062022388, 0.0642644688487, 0.0399126708508, 0.0451125055552, 0.0462966971099, 0.0281704831868, 0.015194201842, 0.0267045479268, 0.0320757329464, 0.0354365706444, 0.0300890132785, 0.0288315024227, 0.0211882758886, 0.0187894254923, 0.0161243434995, 0.0148066710681, 0.011460820213, 0.0267248041928, 0.0149542065337, 0.00999182742089, 0.0177365206182, 0.013797134161, 3.28666319547e-05, 8.78870380916e-08],
        "mean": [3.40486149071e-05, 0.00210845540278, 0.00220665452071, 0.00283607747406, 0.00267817056738, 0.00170122098643, 0.00124031084124, 0.0021969715599, 0.00153862673324, 0.00109470577445, 0.000882482388988, 0.00111763458699, 0.00137809209991, 0.00113665766548, 0.00079331942834, 0.000634698255453, 0.000728295766748, 0.000537878833711, 0.000545416143723, 0.000366388383554, 0.000214477127884, 0.000169587990968, 0.000154043591465, 0.000157036934979, 8.08457116364e-05, 7.56048947892e-08, 8.494528414e-10],
        "median": [6.53379356663e-06, 0.000803232309408, 0.00100864516571, 0.00104838830885, 0.00147401215509, 0.000927871908061, 0.000574361474719, 0.00120393373072, 0.000499571673572, 0.000475711451145, 0.000416523602325, 0.000292513228487, 0.000371614645701, 0.000278978055576, 0.000294593977742, 0.000257759122178, 0.000343275256455, 0.000273853191175, 0.000246047973633, 0.000171690597199, 6.8026020017e-05, 4.34205794591e-05, 3.8325881178e-05, 2.3589380362e-05, 7.61537648941e-06, 5.00073049636e-09, 3.63340024734e-10],
        "min": [5.58899116107e-24, 9.29828929034e-24, 6.38464100324e-24, 1.25102800386e-23, 3.98258889247e-23, 2.13667551572e-23, 3.93025049576e-23, 5.30192657093e-23, 7.58470449055e-23, 1.34487619829e-22, 6.78473894814e-23, 3.71019269754e-23, 4.22795019309e-23, 9.31412614633e-23, 1.47870096039e-22, 7.48155366967e-23, 1.36203991833e-22, 3.53890751852e-22, 4.12425266005e-22, 3.61806901616e-22, 5.1524532066e-22, 5.84670028055e-22, 5.46294229558e-22, 8.01191823533e-22, 1.05423977219e-21, 1.83726770104e-21, 2.48509693715e-21],
        "var": [7.65623120458e-09, 1.47183909576e-05, 1.00193919934e-05, 2.17488413909e-05, 1.33800231197e-05, 6.17323712504e-06, 4.70719533041e-06, 8.8653914645e-06, 5.77515311306e-06, 2.76586843029e-06, 2.04516868507e-06, 6.05034483669e-06, 9.55859650276e-06, 6.26277551419e-06, 3.00564374811e-06, 2.11504470826e-06, 1.43463250879e-06, 8.45630381718e-07, 8.33458329907e-07, 3.38383500775e-07, 6.31530838291e-07, 4.34979966712e-07, 3.60811498012e-07, 6.36757704342e-07, 2.52730728789e-07, 4.72273424795e-13, 2.5005603743e-18]
    },
    "erbbands": {
        "dmean": [0.0151868341491, 0.233156695962, 0.972232401371, 3.57204532623, 4.71137905121, 4.40009737015, 5.56515693665, 7.76975917816, 9.13036060333, 15.8587884903, 21.652469635, 17.7899112701, 15.1352291107, 13.9315824509, 18.3847618103, 23.1951408386, 28.0477924347, 28.3161506653, 22.1446342468, 18.9126815796, 13.9757070541, 16.149766922, 14.4191207886, 9.59057426453, 12.5969276428, 7.65538740158, 5.45249128342, 4.07842588425, 3.19839525223, 3.21894192696, 2.27226543427, 2.14102458954, 1.32801353931, 0.787134051323, 0.172327294946, 0.0102554578334, 0.000295402453048, 2.50921093539e-05, 6.81733354213e-06, 7.86913551565e-06],
        "dmean2": [0.0248963925987, 0.396829336882, 1.63800883293, 5.92291069031, 7.77421379089, 7.07082366943, 8.69294452667, 12.4496736526, 14.3879566193, 24.8330383301, 33.4275093079, 27.2645015717, 23.1758327484, 21.8648395538, 28.7754154205, 35.0964012146, 41.2710533142, 42.8075523376, 33.7720680237, 29.1743011475, 21.6655216217, 25.1917209625, 22.0574436188, 14.7646102905, 18.8128166199, 11.7678842545, 8.25083732605, 5.95332622528, 4.50669622421, 4.669734478, 3.22345256805, 2.95782732964, 1.78461432457, 1.10292589664, 0.238829791546, 0.0147076966241, 0.000406138628023, 3.32480412908e-05, 9.37378717936e-06, 1.19451033243e-05],
        "dvar": [0.00209473562427, 0.44847202301, 3.63640904427, 43.8871955872, 81.8865203857, 69.070350647, 181.935806274, 277.15246582, 513.116638184, 948.91595459, 2084.77832031, 1127.26782227, 762.603271484, 775.677612305, 1147.89331055, 3219.33398438, 4141.80273438, 4452.671875, 3483.140625, 2662.92724609, 1171.11303711, 1263.03210449, 790.721557617, 351.073120117, 877.40637207, 280.470916748, 407.559051514, 430.840881348, 202.701416016, 227.489562988, 113.998809814, 110.667053223, 54.8368225098, 22.4617118835, 0.885110676289, 0.0038694483228, 2.7847054298e-06, 1.69014349183e-08, 5.03022234977e-10, 1.11552135584e-10],
        "dvar2": [0.00546141155064, 1.28354847431, 10.5898704529, 120.483886719, 224.335708618, 162.042388916, 396.941101074, 663.997192383, 1260.95715332, 2291.67480469, 4970.05566406, 2573.38427734, 1823.04833984, 1906.62145996, 2667.44140625, 6752.03710938, 8490.27539062, 9935.34277344, 8079.77832031, 5957.38330078, 2515.1262207, 3016.9675293, 1773.33117676, 777.277587891, 1868.19641113, 603.375732422, 947.754821777, 908.408935547, 359.28213501, 478.932098389, 212.895263672, 212.402648926, 94.7549362183, 40.3446159363, 1.45773589611, 0.00732411909848, 4.7506696319e-06, 2.61717811867e-08, 7.49473483275e-10, 2.13683154504e-10],
        "max": [0.862020075321, 16.9369258881, 29.7759532928, 154.678405762, 279.546051025, 213.549163818, 541.051330566, 477.196594238, 810.093505859, 525.872131348, 1148.4576416, 852.475402832, 505.580230713, 620.266967773, 791.287536621, 1589.09130859, 1629.84313965, 1344.65283203, 1961.60778809, 1631.65734863, 1371.90527344, 815.124328613, 905.998779297, 458.5909729, 887.804321289, 495.527832031, 843.774963379, 878.478027344, 516.420715332, 508.18737793, 303.897216797, 406.400909424, 304.306518555, 236.121017456, 49.2134666443, 3.20217633247, 0.0832455381751, 0.00612733652815, 0.00109302985948, 0.000384637765819],
        "mean": [0.0366419255733, 0.565621316433, 2.2344353199, 7.01034021378, 8.72069835663, 8.69858551025, 10.2797803879, 14.5377025604, 17.4607772827, 31.4491100311, 45.6921539307, 38.3898391724, 35.146686554, 31.9576663971, 39.1270675659, 53.2026748657, 65.0403366089, 61.7323799133, 46.4577789307, 39.8686408997, 34.2313194275, 37.759437561, 34.5705413818, 23.3214092255, 29.1637134552, 17.2169857025, 10.8092222214, 7.15952253342, 5.90468788147, 5.75285482407, 4.13886737823, 3.6903822422, 2.33474493027, 1.35463738441, 0.306981742382, 0.017168475315, 0.000541881192476, 5.14455059601e-05, 2.32601869357e-05, 3.44624422723e-05],
        "median": [0.0130775365978, 0.220818683505, 1.11000394821, 3.13155126572, 4.36346912384, 4.48963451385, 4.86538600922, 7.96458816528, 9.17198944092, 16.5642547607, 23.772102356, 15.8637676239, 17.3579711914, 13.3310050964, 20.7566642761, 15.6279335022, 19.5375823975, 18.6675834656, 16.0989570618, 16.4539718628, 14.850435257, 18.5377960205, 18.4346504211, 12.9355678558, 12.3005886078, 8.53433704376, 4.58103370667, 1.87327432632, 1.47283530235, 1.56030476093, 0.96531611681, 0.627280473709, 0.29151019454, 0.119495630264, 0.0350457504392, 0.00190203136299, 7.68690370023e-05, 1.13240403152e-05, 1.65838391695e-05, 3.19405517075e-05],
        "min": [4.73328660036e-22, 1.4813716269e-21, 6.19872348941e-21, 2.50212635645e-20, 4.40451284147e-20, 1.656179213e-19, 1.97416669826e-19, 2.05429284076e-19, 3.77244377902e-19, 1.011537561e-18, 9.47099364099e-19, 1.78483221633e-18, 4.10274263278e-18, 2.5436744754e-18, 2.83213013938e-18, 1.48545559691e-18, 1.86921394459e-18, 3.74665709551e-18, 7.57184010092e-18, 5.57145474993e-18, 4.47720150582e-18, 8.64693170614e-18, 1.54741090781e-17, 1.99435611423e-17, 2.29873492228e-17, 1.75358931508e-17, 2.02268903544e-17, 1.77162979337e-17, 2.56071278301e-17, 1.43115762103e-17, 1.59885839862e-17, 1.52714415562e-17, 1.23055738893e-17, 1.17721218036e-17, 8.3901450655e-18, 6.27059566187e-18, 3.84135149126e-18, 1.16886276401e-18, 3.66877168188e-19, 3.62108426721e-20],
        "var": [0.00429493328556, 1.04838776588, 9.38683986664, 120.055229187, 173.505905151, 171.176879883, 409.825622559, 452.256500244, 823.461303711, 1929.35180664, 4530.74804688, 3460.13330078, 2748.77197266, 2770.68481445, 3003.4309082, 12596.3828125, 19241.9179688, 13975.6708984, 9027.97070312, 7821.33886719, 4916.26806641, 3549.30200195, 3208.078125, 1057.57470703, 2574.14233398, 686.36126709, 813.195800781, 986.774230957, 566.84564209, 511.913818359, 274.495178223, 284.331787109, 178.592880249, 74.9643707275, 3.03708910942, 0.0102996602654, 9.05796150619e-06, 6.41088533371e-08, 2.06821404447e-09, 4.63054788957e-10]
    },
    "gfcc": {
        "mean": [-3.14832401276, 120.373710632, -162.252426147, 43.3877944946, -72.0782394409, 14.1150789261, -40.1507720947, 3.8298971653, -16.1238327026, -14.7696943283, -0.892902433872, -21.6996631622, -3.14189934731],
        "cov": [[1876.82226562, -399.294158936, 136.115737915, 336.860778809, -51.7250976562, 197.014282227, -82.6561737061, 91.6311798096, -73.2251052856, 120.271728516, -0.61070638895, 39.7124099731, -16.788728714], [-399.294158936, 1090.92114258, 176.52166748, -36.835849762, 299.562255859, -130.074188232, 143.680053711, -67.2238235474, 75.9220123291, -85.7151412964, 118.866386414, -70.3433990479, -19.452589035], [136.115737915, 176.52166748, 780.750671387, 353.544830322, 61.9173774719, 115.803215027, -90.1260452271, 21.1455230713, 8.42174911499, 36.1533126831, -18.692276001, 29.4379310608, -17.5744361877], [336.860778809, -36.835849762, 353.544830322, 417.859832764, 103.01210022, 35.7611656189, -76.9638214111, 33.0215301514, 40.1113929749, 20.3247337341, -4.7382645607, 23.6452617645, 6.47204113007], [-51.7250976562, 299.562255859, 61.9173774719, 103.01210022, 272.758178711, 13.3908195496, 13.7500715256, 9.02005290985, 52.2196044922, 5.51537322998, 26.6590442657, -31.2641277313, 11.5313978195], [197.014282227, -130.074188232, 115.803215027, 35.7611656189, 13.3908195496, 228.242446899, 59.5538825989, 28.1968078613, -16.0498428345, 76.7891540527, -17.0845508575, 16.3500328064, -1.31627070904], [-82.6561737061, 143.680053711, -90.1260452271, -76.9638214111, 13.7500715256, 59.5538825989, 250.437088013, 22.6382465363, -21.2881202698, 8.66875457764, 44.1885452271, -13.4668073654, -16.4529914856], [91.6311798096, -67.2238235474, 21.1455230713, 33.0215301514, 9.02005290985, 28.1968078613, 22.6382465363, 115.450271606, 27.4200630188, 19.9522705078, -3.38143396378, 13.9845113754, 5.11147737503], [-73.2251052856, 75.9220123291, 8.42174911499, 40.1113929749, 52.2196044922, -16.0498428345, -21.2881202698, 27.4200630188, 127.76600647, 16.2742786407, 3.21443867683, -6.8057923317, 13.8515748978], [120.271728516, -85.7151412964, 36.1533126831, 20.3247337341, 5.51537322998, 76.7891540527, 8.66875457764, 19.9522705078, 16.2742786407, 121.009277344, 3.38393831253, 12.031504631, 18.2015132904], [-0.61070638895, 118.866386414, -18.692276001, -4.7382645607, 26.6590442657, -17.0845508575, 44.1885452271, -3.38143396378, 3.21443867683, 3.38393831253, 93.3459854126, 21.6706943512, -6.22243928909], [39.7124099731, -70.3433990479, 29.4379310608, 23.6452617645, -31.2641277313, 16.3500328064, -13.4668073654, 13.9845113754, -6.8057923317, 12.031504631, 21.6706943512, 88.5367889404, 25.8258018494], [-16.788728714, -19.452589035, -17.5744361877, 6.47204113007, 11.5313978195, -1.31627070904, -16.4529914856, 5.11147737503, 13.8515748978, 18.2015132904, -6.22243928909, 25.8258018494, 65.9394836426]],
        "icov": [[0.00103886623401, -0.00076262129005, 0.00115736189764, -0.00187248655129, 0.0013236583909, -0.00153558561578, 0.00125453877263, -0.00115886365529, 0.00136460515205, -0.000868885370437, -0.000235086059547, 0.000307875394356, 0.000482924340758], [-0.00076262129005, 0.00513271521777, -0.00417431630194, 0.00469365902245, -0.00573427928612, 0.00464038085192, -0.00424690777436, 0.00336386170238, -0.00327084306628, 0.0025121208746, -0.0027811944019, 0.000904520507902, -0.00110128091183], [0.00115736189764, -0.00417431630194, 0.00606761267409, -0.00635044882074, 0.00500243948773, -0.0053264410235, 0.00438686786219, -0.00294232438318, 0.00336376088671, -0.00226735440083, 0.0019114529714, -0.000773518870119, 0.00204781279899], [-0.00187248655129, 0.00469365902245, -0.00635044882074, 0.0103576760739, -0.00722357816994, 0.0056438241154, -0.00398826831952, 0.00309838331304, -0.0045799780637, 0.00279687391594, -0.00149431056343, -0.000757546862587, -0.00131491257343], [0.0013236583909, -0.00573427928612, 0.00500243948773, -0.00722357816994, 0.0118784019724, -0.00654995022342, 0.00492588477209, -0.00405042525381, 0.00263528362848, -0.00220992043614, 0.000190293329069, 0.00263880100101, -0.000936443044338], [-0.00153558561578, 0.00464038085192, -0.0053264410235, 0.0056438241154, -0.00654995022342, 0.0126188518479, -0.0067713460885, 0.003233095631, -0.00256739975885, -0.00186351861339, 0.00144371204078, -0.00196482799947, 0.000421049626311], [0.00125453877263, -0.00424690777436, 0.00438686786219, -0.00398826831952, 0.00492588477209, -0.0067713460885, 0.0098574673757, -0.00481041613966, 0.00420808466151, -0.00159393250942, -0.00175067514647, 0.0015201412607, 0.00125852774363], [-0.00115886365529, 0.00336386170238, -0.00294232438318, 0.00309838331304, -0.00405042525381, 0.003233095631, -0.00481041613966, 0.0129685364664, -0.00520826084539, 0.00115821813233, 0.000372025649995, -0.00205151201226, -0.000210736689041], [0.00136460515205, -0.00327084306628, 0.00336376088671, -0.0045799780637, 0.00263528362848, -0.00256739975885, 0.00420808466151, -0.00520826084539, 0.0127459289506, -0.00363005860709, 0.000594804470893, 0.00121251714882, -0.000424032739829], [-0.000868885370437, 0.0025121208746, -0.00226735440083, 0.00279687391594, -0.00220992043614, -0.00186351861339, -0.00159393250942, 0.00115821813233, -0.00363005860709, 0.0134084029123, -0.00344100082293, 0.00154553318862, -0.00436583673581], [-0.000235086059547, -0.0027811944019, 0.0019114529714, -0.00149431056343, 0.000190293329069, 0.00144371204078, -0.00175067514647, 0.000372025649995, 0.000594804470893, -0.00344100082293, 0.017960594967, -0.0082194628194, 0.00504465028644], [0.000307875394356, 0.000904520507902, -0.000773518870119, -0.000757546862587, 0.00263880100101, -0.00196482799947, 0.0015201412607, -0.00205151201226, 0.00121251714882, 0.00154553318862, -0.0082194628194, 0.0185508355498, -0.00847151037306], [0.000482924340758, -0.00110128091183, 0.00204781279899, -0.00131491257343, -0.000936443044338, 0.000421049626311, 0.00125852774363, -0.000210736689041, -0.000424032739829, -0.00436583673581, 0.00504465028644, -0.00847151037306, 0.0212290510535]]
    },
    "melbands": {
        "dmean": [0.000185626922757, 0.000431700405898, 0.000623603642453, 0.000314473145409, 0.000190642414964, 0.000174782195245, 0.000139939787914, 0.000185650773346, 0.000176148780156, 0.00010779636068, 7.61193223298e-05, 5.75999401917e-05, 6.22009320068e-05, 6.07642105024e-05, 6.43154489808e-05, 6.25949032838e-05, 5.69569601794e-05, 3.90649875044e-05, 2.94281726383e-05, 2.50394223258e-05, 1.76330213435e-05, 1.80394126801e-05, 1.86169854715e-05, 1.1218930922e-05, 8.10976143839e-06, 1.04965874925e-05, 7.97011853138e-06, 4.99857469549e-06, 3.89214937968e-06, 2.96876805805e-06, 2.35837546825e-06, 1.85055171187e-06, 1.91955132323e-06, 1.80896927304e-06, 1.34086587877e-06, 1.4531050283e-06, 1.32623154059e-06, 9.48806587076e-07, 9.51354195422e-07, 5.98465419444e-07],
        "dmean2": [0.000311810581479, 0.000730164640117, 0.00103525619488, 0.000516786123626, 0.000298308237689, 0.000278724968666, 0.000220415444346, 0.000290291354759, 0.000272219709586, 0.00016576051712, 0.000116927767522, 9.07144276425e-05, 9.74682552624e-05, 9.28858862608e-05, 9.46211366681e-05, 9.28718000068e-05, 8.62193046487e-05, 5.99053528276e-05, 4.52169624623e-05, 3.93952832383e-05, 2.74864523817e-05, 2.83824392682e-05, 2.92410550173e-05, 1.75242403202e-05, 1.26990689751e-05, 1.57614067575e-05, 1.22436213132e-05, 7.8257307905e-06, 6.00708199272e-06, 4.42992859462e-06, 3.50831192009e-06, 2.68150802185e-06, 2.87404191113e-06, 2.68675239568e-06, 1.94771337192e-06, 2.1415808078e-06, 1.80514962267e-06, 1.29786883463e-06, 1.37750782869e-06, 8.61370494931e-07],
        "dvar": [3.14719898142e-07, 8.29305577099e-07, 1.19177718716e-06, 3.23070253216e-07, 1.77490065312e-07, 1.30591544689e-07, 1.1240740605e-07, 1.23061354884e-07, 1.31856396024e-07, 4.12899048285e-08, 1.93334983578e-08, 1.35494939713e-08, 1.28829800161e-08, 1.90248776732e-08, 2.61349590858e-08, 2.19614388897e-08, 2.0003895429e-08, 1.19717524782e-08, 5.79866066275e-09, 5.02705121974e-09, 2.00454408628e-09, 1.84702253492e-09, 1.38795130944e-09, 5.21588161551e-10, 2.56873217142e-10, 7.19399984028e-10, 2.93551849495e-10, 1.33689365134e-10, 1.48115866794e-10, 2.84764212211e-10, 1.37907324449e-10, 7.02105526496e-11, 7.37578748078e-11, 7.5579500991e-11, 3.83736653564e-11, 5.49530178307e-11, 4.24754953432e-11, 2.63343478968e-11, 3.67708571924e-11, 1.37394704988e-11],
        "dvar2": [8.65772904035e-07, 2.41748944063e-06, 3.28721080223e-06, 8.39769029426e-07, 3.86318902201e-07, 3.11126711949e-07, 2.76559433132e-07, 2.95621703117e-07, 3.16985193649e-07, 9.44810238934e-08, 4.62253666456e-08, 3.34707443983e-08, 2.98629991846e-08, 3.94796302317e-08, 5.05167818687e-08, 4.66389842302e-08, 4.52163497755e-08, 2.81490244447e-08, 1.19036700497e-08, 1.10334266168e-08, 4.25638457813e-09, 4.44634773444e-09, 3.16611359352e-09, 1.21613985549e-09, 5.94077231852e-10, 1.52952750465e-09, 6.61330934459e-10, 2.91410062747e-10, 3.37699229691e-10, 7.11198655523e-10, 2.88375628932e-10, 1.29725993836e-10, 1.54082288595e-10, 1.62575272689e-10, 7.56007478842e-11, 1.19580137459e-10, 8.01075109025e-11, 4.5541549698e-11, 7.30400323556e-11, 2.58738776931e-11],
        "max": [0.0117112006992, 0.0180274061859, 0.0231343600899, 0.0159137099981, 0.0160060618073, 0.00954740680754, 0.0108417952433, 0.00744416657835, 0.00923679023981, 0.00531570613384, 0.00254206219688, 0.00253725470975, 0.00385614717379, 0.00365827302448, 0.00476707052439, 0.00354530173354, 0.00307533331215, 0.00339899002574, 0.0022273065988, 0.00208430620842, 0.00192675727885, 0.00101715477649, 0.00115269783419, 0.00085882138228, 0.000346102693584, 0.000803637842182, 0.000351617345586, 0.000331133313011, 0.000343812862411, 0.000931982765906, 0.000377287447918, 0.000251985940849, 0.000327185203787, 0.000305977242533, 0.000187099722098, 0.000279920292087, 0.000223858543904, 0.000168431302882, 0.000286306050839, 0.000194033316802],
        "mean": [0.000463877164293, 0.0010579880327, 0.00126140879001, 0.000628961250186, 0.000369227200281, 0.000331677292706, 0.000264828529907, 0.000372394599253, 0.000363117782399, 0.000228027798585, 0.000170319064637, 0.000125386068248, 0.000124818718177, 0.000127621344291, 0.000142232747748, 0.00013413868146, 0.000114435017167, 7.61704650358e-05, 5.64952169952e-05, 4.91311293445e-05, 3.89917149732e-05, 3.7738638639e-05, 4.08574342146e-05, 2.40056706389e-05, 1.74549440999e-05, 2.23313618335e-05, 1.70497223735e-05, 1.01886053017e-05, 7.35884668757e-06, 4.89376634505e-06, 3.82316875402e-06, 3.25552809954e-06, 3.35416984854e-06, 3.08875269184e-06, 2.29702141041e-06, 2.41438942794e-06, 2.18060722545e-06, 1.62715309671e-06, 1.53095186306e-06, 1.00111560641e-06],
        "median": [0.000185024124221, 0.000534174148925, 0.000638470344711, 0.000344788830262, 0.000190938764717, 0.000183147669304, 0.000132979927002, 0.000200106747798, 0.000181786541361, 8.18397820694e-05, 7.7452903497e-05, 4.55339977634e-05, 6.15831086179e-05, 4.42960881628e-05, 3.58652141585e-05, 3.76529060304e-05, 3.06144429487e-05, 2.24560608331e-05, 2.08645396924e-05, 2.0427556592e-05, 1.58842958626e-05, 1.78620393854e-05, 1.7625379769e-05, 1.29219715745e-05, 8.85647023097e-06, 8.81475443748e-06, 7.11166831024e-06, 4.68380540042e-06, 3.1114864214e-06, 1.31851606966e-06, 8.33634373976e-07, 7.48551656216e-07, 8.39904998884e-07, 8.2306951299e-07, 5.43824512533e-07, 4.38016996895e-07, 3.4360044765e-07, 2.06337489317e-07, 1.34090811343e-07, 8.15300182921e-08],
        "min": [3.65760565188e-24, 2.60753396828e-24, 4.97905574207e-24, 6.60955431922e-24, 7.85594626643e-24, 4.15842425275e-24, 6.99905557446e-24, 1.23928604595e-23, 7.3627843495e-24, 1.17661846232e-23, 2.1715297571e-23, 1.16738926305e-23, 9.11813160339e-24, 5.40972330922e-24, 3.42642049727e-24, 4.12550863705e-24, 7.9594708496e-24, 1.18999643887e-23, 1.03682197584e-23, 6.21494795063e-24, 4.57701790932e-24, 8.92212017883e-24, 9.98812054183e-24, 1.86210569346e-23, 1.51645019507e-23, 1.71900553639e-23, 1.48407771011e-23, 1.03118682685e-23, 1.16564154171e-23, 1.43391877831e-23, 8.94648257016e-24, 1.47456956961e-23, 1.0142795655e-23, 8.23176591256e-24, 1.02809638536e-23, 6.84348431535e-24, 1.08518348806e-23, 7.99933751317e-24, 9.73124455412e-24, 1.0096924971e-23],
        "var": [6.6382216346e-07, 2.05105948226e-06, 3.12604356623e-06, 7.92699495378e-07, 4.04613530236e-07, 2.25488818728e-07, 1.8792860601e-07, 2.53051609889e-07, 2.81013910808e-07, 1.28014335132e-07, 6.92184656259e-08, 4.88828071354e-08, 3.67076786745e-08, 6.45239595087e-08, 1.0478427015e-07, 9.70410312107e-08, 6.03077339179e-08, 3.08193932597e-08, 1.62062807618e-08, 1.3651482611e-08, 7.95853072333e-09, 4.25531387904e-09, 4.8729287272e-09, 1.71690950346e-09, 6.89248935704e-10, 1.9324897238e-09, 7.99766530779e-10, 2.96623420271e-10, 2.95087371205e-10, 4.53761361818e-10, 3.13422843234e-10, 1.86624951604e-10, 1.6668899594e-10, 1.57673249457e-10, 8.5338652811e-11, 1.09534381565e-10, 1.10682484011e-10, 8.40706254612e-11, 1.00163023709e-10, 4.35515894182e-11]
    },
    "mfcc": {
        "mean": [-620.843688965, 124.941680908, -21.7193336487, 18.0748023987, -1.55352926254, -1.69922447205, -3.68312978745, 4.02449607849, -8.72171115875, 5.14099550247, -3.04199051857, 0.164671093225, -1.87626516819],
        "cov": [[1664.11791992, -598.794128418, 94.8674850464, 64.5978164673, 57.0778121948, 62.1005821228, 65.3291015625, -4.84049987793, 0.51208627224, 50.678730011, 30.003282547, 21.488193512, 18.3490924835], [-598.794128418, 1105.52734375, -100.3409729, 96.6804199219, 57.8849945068, 7.22205400467, 82.0179214478, 40.0489959717, -52.2497367859, 31.2808265686, 13.7350683212, 30.58319664, 46.7742271423], [94.8674850464, -100.3409729, 723.089782715, 196.496948242, 174.146774292, 106.547538757, 2.06018257141, 7.78505182266, 31.0185642242, -43.5277671814, -14.2430295944, 32.9663124084, 61.6448249817], [64.5978164673, 96.6804199219, 196.496948242, 356.458496094, 192.929916382, 13.1469135284, -12.9712324142, 27.0781402588, 0.673489630222, 13.7765045166, -29.4378299713, 15.7113866806, 62.7353858948], [57.0778121948, 57.8849945068, 174.146774292, 192.929916382, 352.47253418, 44.0808143616, -60.9682121277, -10.1608314514, 34.0078163147, 21.4286136627, -17.649641037, 11.9564399719, 26.6869010925], [62.1005821228, 7.22205400467, 106.547538757, 13.1469135284, 44.0808143616, 185.652633667, 74.3849334717, -9.46956920624, 40.5030288696, 11.2797937393, 38.3810920715, 30.0419254303, -2.08730125427], [65.3291015625, 82.0179214478, 2.06018257141, -12.9712324142, -60.9682121277, 74.3849334717, 201.178543091, 39.1022834778, 3.03175902367, 14.7244186401, 36.3144378662, 29.4589691162, 4.36080551147], [-4.84049987793, 40.0489959717, 7.78505182266, 27.0781402588, -10.1608314514, -9.46956920624, 39.1022834778, 123.233093262, 2.05221867561, 8.528881073, 15.205737114, 1.02621948719, 19.2397594452], [0.51208627224, -52.2497367859, 31.0185642242, 0.673489630222, 34.0078163147, 40.5030288696, 3.03175902367, 2.05221867561, 128.165100098, 31.2805995941, 15.704126358, 8.26502513885, -10.1754627228], [50.678730011, 31.2808265686, -43.5277671814, 13.7765045166, 21.4286136627, 11.2797937393, 14.7244186401, 8.528881073, 31.2805995941, 121.045417786, 20.2909431458, 3.70597553253, 2.69368195534], [30.003282547, 13.7350683212, -14.2430295944, -29.4378299713, -17.649641037, 38.3810920715, 36.3144378662, 15.205737114, 15.704126358, 20.2909431458, 93.0313415527, 21.1341266632, -8.89162445068], [21.488193512, 30.58319664, 32.9663124084, 15.7113866806, 11.9564399719, 30.0419254303, 29.4589691162, 1.02621948719, 8.26502513885, 3.70597553253, 21.1341266632, 85.2728729248, 28.8191394806], [18.3490924835, 46.7742271423, 61.6448249817, 62.7353858948, 26.6869010925, -2.08730125427, 4.36080551147, 19.2397594452, -10.1754627228, 2.69368195534, -8.89162445068, 28.8191394806, 87.6844329834]],
