{
"lowlevel": {
    "average_loudness": 0.922832608223,
    "barkbands_crest": {
        "dmean": 2.85841202736,
        "dmean2": 4.5342335701,
        "dvar": 6.07137870789,
        "dvar2": 13.9588508606,
        "max": 26.9099826813,
        "mean": 9.26894187927,
        "median": 8.3593006134,
        "min": 2.08352255821,
        "var": 17.2768726349
    },
    "barkbands_flatness_db": {
        "dmean": 0.0197428334504,
        "dmean2": 0.029427383095,
        "dvar": 0.000321195984725,
        "dvar2": 0.000644913059659,
        "max": 0.690038025379,
        "mean": 0.0887512713671,
        "median": 0.0846757441759,
        "min": 0.0172475036234,
        "var": 0.00139099883381
    },
    "barkbands_kurtosis": {
        "dmean": 7.69399881363,
        "dmean2": 11.1718387604,
        "dvar": 86622.1484375,
        "dvar2": 199675.765625,
        "max": 23342.2128906,
        "mean": 7.65091896057,
        "median": 1.20348119736,
        "min": -1.94262564182,
        "var": 90777.453125
    },
    "barkbands_skewness": {
        "dmean": 0.540920078754,
        "dmean2": 0.802391767502,
        "dvar": 2.68549633026,
        "dvar2": 5.23845052719,
        "max": 137.951309204,
        "mean": 1.26003241539,
        "median": 1.10945105553,
        "min": -4.04622793198,
        "var": 5.46070623398
    },
    "barkbands_spread": {
        "dmean": 9.17778301239,
        "dmean2": 13.572303772,
        "dvar": 103.331108093,
        "dvar2": 211.46232605,
        "max": 122.582878113,
        "mean": 32.5116081238,
        "median": 27.3188476562,
        "min": 0.0197822358459,
        "var": 385.743530273
    },
    "dissonance": {
        "dmean": 0.0180916450918,
        "dmean2": 0.0307911392301,
        "dvar": 0.000310807663482,
        "dvar2": 0.000849374802783,
        "max": 0.500000119209,
        "mean": 0.470108985901,
        "median": 0.476678550243,
        "min": 0.311857253313,
        "var": 0.000583723711316
    },
    "dynamic_complexity": 2.23414754868,
    "erbbands_crest": {
        "dmean": 2.84525775909,
        "dmean2": 4.62049913406,
        "dvar": 7.13476467133,
        "dvar2": 18.0205345154,
        "max": 30.8034076691,
        "mean": 9.13049793243,
        "median": 7.96345424652,
        "min": 2.02145981789,
        "var": 24.6781272888
    },
    "erbbands_flatness_db": {
        "dmean": 0.0178332440555,
        "dmean2": 0.0265495218337,
        "dvar": 0.000282990396954,
        "dvar2": 0.000563650857657,
        "max": 0.340733379126,
        "mean": 0.121800489724,
        "median": 0.111850261688,
        "min": 0.028719605878,
        "var": 0.00238089892082
    },
    "erbbands_kurtosis": {
        "dmean": 1.10665309429,
        "dmean2": 1.7352861166,
        "dvar": 2.42424702644,
        "dvar2": 5.89197158813,
        "max": 38.4232749939,
        "mean": 0.984109520912,
        "median": 0.166861653328,
        "min": -1.79286456108,
        "var": 6.53825950623
    },
    "erbbands_skewness": {
        "dmean": 0.388887256384,
        "dmean2": 0.587610006332,
        "dvar": 0.125929564238,
        "dvar2": 0.27832403779,
        "max": 4.57738399506,
        "mean": 0.544767439365,
        "median": 0.559938073158,
        "min": -3.74002242088,
        "var": 0.690951764584
    },
    "erbbands_spread": {
        "dmean": 10.0957107544,
        "dmean2": 15.1707448959,
        "dvar": 114.231307983,
        "dvar2": 232.559371948,
        "max": 166.248687744,
        "mean": 45.579082489,
        "median": 41.506149292,
        "min": 3.30082917213,
        "var": 679.830566406
    },
    "hfc": {
        "dmean": 15.2388658524,
        "dmean2": 20.7772388458,
        "dvar": 469.039459229,
        "dvar2": 802.686584473,
        "max": 501.497375488,
        "mean": 43.711730957,
        "median": 34.2493896484,
        "min": 1.14400534554e-16,
        "var": 1695.6854248
    },
    "melbands_crest": {
        "dmean": 3.84330940247,
        "dmean2": 6.184694767,
        "dvar": 10.4113349915,
        "dvar2": 25.356924057,
        "max": 39.995880127,
        "mean": 13.2677574158,
        "median": 12.0824317932,
        "min": 3.22831010818,
        "var": 29.3773822784
    },
    "melbands_flatness_db": {
        "dmean": 0.0248716082424,
        "dmean2": 0.0366931222379,
        "dvar": 0.000487461074954,
        "dvar2": 0.00102929153945,
        "max": 0.686780393124,
        "mean": 0.147820234299,
        "median": 0.143097758293,
        "min": 0.00700429687276,
        "var": 0.00253472756594
    },
    "melbands_kurtosis": {
        "dmean": 16.954536438,
        "dmean2": 25.3925228119,
        "dvar": 330986.84375,
        "dvar2": 793462.6875,
        "max": 45248.1132812,
        "mean": 21.170375824,
        "median": 5.75289106369,
        "min": -1.90155100822,
        "var": 326180.84375
    },
    "melbands_skewness": {
        "dmean": 0.754256248474,
        "dmean2": 1.1467936039,
        "dvar": 5.501121521,
        "dvar2": 11.3693342209,
        "max": 191.980438232,
        "mean": 2.40043926239,
        "median": 1.98688733578,
        "min": -1.49470233917,
        "var": 10.9961919785
    },
    "melbands_spread": {
        "dmean": 10.1688747406,
        "dmean2": 15.3281402588,
        "dvar": 214.224304199,
        "dvar2": 413.433074951,
        "max": 283.55065918,
        "mean": 31.7911739349,
        "median": 25.4335823059,
        "min": 0.0175081342459,
        "var": 741.527282715
    },
    "pitch_salience": {
        "dmean": 0.0709324255586,
        "dmean2": 0.113844275475,
        "dvar": 0.00367853790522,
        "dvar2": 0.00887515023351,
        "max": 0.920257747173,
        "mean": 0.590593755245,
        "median": 0.601659297943,
        "min": 0.00165958958678,
        "var": 0.0131410257891
    },
    "silence_rate_20dB": {
        "dmean": 0,
        "dmean2": 0,
        "dvar": 0,
        "dvar2": 0,
        "max": 1,
        "mean": 1,
        "median": 1,
        "min": 1,
        "var": 0
    },
    "silence_rate_30dB": {
        "dmean": 0.00168289453723,
        "dmean2": 0.00336619373411,
        "dvar": 0.00168008822948,
        "dvar2": 0.00455717276782,
        "max": 1,
        "mean": 0.998918294907,
        "median": 1,
        "min": 0,
        "var": 0.00108039402403
    },
    "silence_rate_60dB": {
        "dmean": 0.00288496213034,
        "dmean2": 0.00577061809599,
        "dvar": 0.0028763175942,
        "dvar2": 0.00718084722757,
        "max": 1,
        "mean": 0.00600961549208,
        "median": 0,
        "min": 0,
        "var": 0.00597362359986
    },
    "spectral_centroid": {
        "dmean": 289.393951416,
        "dmean2": 445.431671143,
        "dvar": 105350.75,
        "dvar2": 202884.375,
        "max": 11252.6943359,
        "mean": 1589.96276855,
        "median": 1487.23974609,
        "min": 278.654937744,
        "var": 420015.6875
    },
    "spectral_complexity": {
        "dmean": 4.23175859451,
        "dmean2": 6.43544101715,
        "dvar": 17.4022426605,
        "dvar2": 34.6673774719,
        "max": 56,
        "mean": 22.8155040741,
        "median": 22,
        "min": 0,
        "var": 70.2343902588
    },
    "spectral_decrease": {
        "dmean": 2.34268071608e-09,
        "dmean2": 3.52097284662e-09,
        "dvar": 6.92429954277e-18,
        "dvar2": 1.46514928481e-17,
        "max": 2.68210195038e-30,
        "mean": -7.54565654404e-09,
        "median": -6.31842578258e-09,
        "min": -3.52630067368e-08,
        "var": 2.66958050497e-17
    },
    "spectral_energy": {
        "dmean": 0.00946168601513,
        "dmean2": 0.0141651965678,
        "dvar": 0.000105088212877,
        "dvar2": 0.000224527699174,
        "max": 0.139406830072,
        "mean": 0.0324439033866,
        "median": 0.0287913493812,
        "min": 1.03663574913e-20,
        "var": 0.000415688002249
    },
    "spectral_energyband_high": {
        "dmean": 0.00133209966589,
        "dmean2": 0.00178184174001,
        "dvar": 5.30697434442e-06,
        "dvar2": 8.88249360287e-06,
        "max": 0.0513673014939,
        "mean": 0.00281947175972,
        "median": 0.00151611166075,
        "min": 7.2865314262e-21,
        "var": 1.88382637134e-05
    },
    "spectral_energyband_low": {
        "dmean": 0.00457662483677,
        "dmean2": 0.00661216350272,
        "dvar": 5.73465877096e-05,
        "dvar2": 0.000107119667518,
        "max": 0.116570234299,
        "mean": 0.00882235635072,
        "median": 0.00331830140203,
        "min": 2.12367540355e-22,
        "var": 0.000187973957509
    },
    "spectral_energyband_middle_high": {
        "dmean": 0.00306749669835,
        "dmean2": 0.00465729413554,
        "dvar": 2.13244347833e-05,
        "dvar2": 4.75209635624e-05,
        "max": 0.094551473856,
        "mean": 0.009222288616,
        "median": 0.00530960876495,
        "min": 1.58834712312e-21,
        "var": 9.70750770648e-05
    },
    "spectral_energyband_middle_low": {
        "dmean": 0.00605187145993,
        "dmean2": 0.00977294705808,
        "dvar": 6.41145816189e-05,
        "dvar2": 0.000154041932547,
        "max": 0.125992715359,
        "mean": 0.0134431701154,
        "median": 0.0100932335481,
        "min": 2.85900231448e-22,
        "var": 0.000137995084515
    },
    "spectral_entropy": {
        "dmean": 0.150255843997,
        "dmean2": 0.217834532261,
        "dvar": 0.0207912772894,
        "dvar2": 0.040053665638,
        "max": 9.81707954407,
        "mean": 7.9865527153,
        "median": 7.97320747375,
        "min": 6.73054790497,
        "var": 0.102574132383
    },
    "spectral_flux": {
        "dmean": 0.0233415085822,
        "dmean2": 0.0363722369075,
        "dvar": 0.00053343194304,
        "dvar2": 0.0011795044411,
        "max": 0.329595655203,
        "mean": 0.103979580104,
        "median": 0.099631100893,
        "min": 1.01815313125e-10,
        "var": 0.00161744002253
    },
    "spectral_kurtosis": {
        "dmean": 0.739123165607,
        "dmean2": 1.1229531765,
        "dvar": 0.535079419613,
        "dvar2": 1.24298286438,
        "max": 15.3476257324,
        "mean": 2.91170096397,
        "median": 2.73935699463,
        "min": -1.49634933472,
        "var": 3.10952591896
    },
    "spectral_rms": {
        "dmean": 0.000812942627817,
        "dmean2": 0.0012041721493,
        "dvar": 6.21390995548e-07,
        "dvar2": 1.29571151319e-06,
        "max": 0.0116621898487,
        "mean": 0.00533014535904,
        "median": 0.00529991742224,
        "min": 3.18017595764e-12,
        "var": 3.24202028423e-06
    },
    "spectral_rolloff": {
        "dmean": 1066.64050293,
        "dmean2": 1712.99194336,
        "dvar": 3033096.75,
        "dvar2": 6227011,
        "max": 18906.1523438,
        "mean": 2714.84912109,
        "median": 1679.58984375,
        "min": 21.533203125,
        "var": 7567003
    },
    "spectral_skewness": {
        "dmean": 0.150031134486,
        "dmean2": 0.22338399291,
        "dvar": 0.0202074218541,
        "dvar2": 0.0404789447784,
        "max": 2.88188958168,
        "mean": 1.46887409687,
        "median": 1.48253178596,
        "min": -0.0812957957387,
        "var": 0.135122910142
    },
    "spectral_spread": {
        "dmean": 790727.0625,
        "dmean2": 1092367.5,
        "dvar": 744832172032,
        "dvar2": 1.19391833293e+12,
        "max": 41346812,
        "mean": 6883272.5,
        "median": 6601397.5,
        "min": 2301339.25,
        "var": 4.65166139392e+12
    },
    "spectral_strongpeak": {
        "dmean": 0.758526027203,
        "dmean2": 1.27290737629,
        "dvar": 1.39392948151,
        "dvar2": 3.4859521389,
        "max": 20.9828128815,
        "mean": 1.41820907593,
        "median": 0.615747869015,
        "min": 0,
        "var": 2.97277832031
    },
    "zerocrossingrate": {
        "dmean": 0.0206973962486,
        "dmean2": 0.0227006170899,
        "dvar": 0.000475712382467,
        "dvar2": 0.00048859877279,
        "max": 0.5517578125,
        "mean": 0.109081506729,
        "median": 0.0927734375,
        "min": 0,
        "var": 0.00375482416712
    },
    "barkbands": {
        "dmean": [0.000170975356014, 0.00324032874778, 0.00170897168573, 0.00188519083895, 0.00210606073961, 0.00135153310839, 0.00108896987513, 0.00107960344758, 0.0013021157356, 0.00170834071469, 0.000941783073358, 0.000745701952837, 0.000440223433543, 0.000570865347981, 0.000344064494129, 0.000227295749937, 0.000197999528609, 0.000203028903343, 0.00017221023154, 0.000142748147482, 0.000151877000462, 0.00016880784824, 0.000196495006094, 0.000298278901028, 0.000368688401068, 0.00021959458536, 8.79544095369e-05],
        "dmean2": [0.00025835915585, 0.00397568987682, 0.00287087727338, 0.00324813625775, 0.00360110308975, 0.00217847735621, 0.00179825222585, 0.00176797888707, 0.00208585429937, 0.00275206030346, 0.00145835673902, 0.00119656207971, 0.00070102722384, 0.000913598982152, 0.000548123556655, 0.000370971800294, 0.000320450752042, 0.000321496889228, 0.000272231147392, 0.000221260663238, 0.000237571599428, 0.000246683630394, 0.000281852408079, 0.000410184409702, 0.000518341956194, 0.00031097891042, 0.000124848229461],
        "dvar": [1.76889599857e-07, 4.63460128231e-05, 1.15407265184e-05, 1.2004707969e-05, 1.59526844072e-05, 8.98494454304e-06, 8.65319088916e-06, 1.01018467831e-05, 9.15576038096e-06, 1.32537052195e-05, 5.48338130102e-06, 3.67284724234e-06, 1.14773149562e-06, 2.40755866798e-06, 5.73523436742e-07, 1.78709612442e-07, 1.67760148884e-07, 2.48334174557e-07, 1.05969142794e-07, 4.26511377327e-08, 8.16007386106e-08, 1.74993772362e-07, 2.44977258035e-07, 4.42417814384e-07, 7.93551691913e-07, 1.24208909824e-07, 3.42743220472e-08],
        "dvar2": [3.95594241809e-07, 6.18976919213e-05, 3.02824882965e-05, 3.24934007949e-05, 4.17377304984e-05, 2.15308937186e-05, 2.21153022721e-05, 2.46109848376e-05, 2.31107933359e-05, 3.26463559759e-05, 1.16501914817e-05, 8.75787372934e-06, 2.6376110327e-06, 5.3347434914e-06, 1.39094436236e-06, 4.39140336539e-07, 4.17854323587e-07, 5.0867072332e-07, 2.28529017932e-07, 9.65158335475e-08, 2.00280581453e-07, 3.71184484038e-07, 5.2612995205e-07, 7.91235493125e-07, 1.44175578498e-06, 2.42616181367e-07, 7.48031538933e-08],
        "max": [0.00998509023339, 0.0914917439222, 0.0651411563158, 0.0588757917285, 0.0819537192583, 0.0567514225841, 0.0606473460793, 0.0875305607915, 0.061542045325, 0.0535348020494, 0.0906111672521, 0.0399610176682, 0.0268255304545, 0.0843667984009, 0.0202499963343, 0.01092131529, 0.00944155175239, 0.020508415997, 0.0155285047367, 0.00560877425596, 0.00693006580696, 0.0158903077245, 0.020473016426, 0.0188812464476, 0.0237365439534, 0.00791566818953, 0.00335822720081],
        "mean": [0.000207661825698, 0.00561298755929, 0.00189506239258, 0.00226069567725, 0.00295496941544, 0.00199238327332, 0.00145053095184, 0.00145142257679, 0.00207804655656, 0.00293380743824, 0.00168392306659, 0.0012383806752, 0.000742734991945, 0.000910183356609, 0.000588101916946, 0.000403083133278, 0.000349818204995, 0.000403430691222, 0.000335604796419, 0.000292308686767, 0.000283370551188, 0.000315985729685, 0.000353810406523, 0.000569344847463, 0.000682261830661, 0.000352260220097, 0.000101676567283],
        "median": [3.52931383532e-05, 0.00105243804865, 0.000809369434137, 0.00104130106047, 0.00155390240252, 0.000794555642642, 0.000455531000625, 0.00042262225179, 0.000655086885672, 0.000691905501299, 0.000423159828642, 0.000352023809683, 0.000274096848443, 0.000313930213451, 0.000256381114013, 0.000192542443983, 0.000182078059879, 0.000208151614061, 0.000210806814721, 0.000193551124539, 0.000175081280759, 0.000166406447534, 0.00016091800353, 0.00024454476079, 0.000264294096269, 0.00015535930288, 2.22020735237e-05],
        "min": [1.81813868868e-23, 7.99599132298e-23, 9.55979005399e-23, 2.20379700802e-23, 3.33545031986e-23, 8.49721650277e-23, 4.83728087132e-23, 5.0696089276e-23, 4.19450406843e-23, 1.24066249779e-22, 9.17981468861e-23, 8.74083694514e-23, 1.42396600426e-22, 1.38824499407e-22, 1.83652271342e-22, 1.58015074472e-22, 1.9750546401e-22, 2.08409616934e-22, 1.85869954984e-22, 2.08196725464e-22, 3.24293447994e-22, 5.29168854477e-22, 4.57274974583e-22, 9.30102196763e-22, 1.02865583921e-21, 1.7193320617e-21, 2.50057628137e-21],
        "var": [2.53819166574e-07, 0.000149989835336, 1.13393489301e-05, 1.34367610372e-05, 1.93310934264e-05, 1.53017754201e-05, 1.16328083095e-05, 1.40524061862e-05, 1.72107320395e-05, 3.15665529342e-05, 1.53558048623e-05, 7.94693005446e-06, 2.67582208835e-06, 4.5939964366e-06, 1.18382195069e-06, 3.84461770864e-07, 3.13508508043e-07, 7.7391882769e-07, 2.33474935385e-07, 9.79401164614e-08, 1.29553541228e-07, 3.39543191785e-07, 5.04183333305e-07, 1.44455191275e-06, 2.63623496721e-06, 3.11664820174e-07, 4.61494771287e-08]
    },
    "erbbands": {
        "dmean": [0.126883551478, 0.643589437008, 1.50855457783, 4.3723988533, 7.29273319244, 7.07416820526, 6.92038965225, 13.0035238266, 15.5005970001, 17.233537674, 24.1495170593, 28.5970554352, 50.8132781982, 41.8337974548, 33.0031814575, 26.5385894775, 19.0568389893, 26.9030628204, 20.8958702087, 13.7578001022, 11.3140687943, 10.3194046021, 11.0605916977, 10.0701990128, 7.30196475983, 6.63107347488, 6.94125699997, 5.29763174057, 5.66987943649, 6.82106208801, 5.38472604752, 5.94715356827, 5.34323310852, 4.42633724213, 2.49696421623, 1.11212527752, 0.396569520235, 0.0929188877344, 0.0173494722694, 0.00059798307484],
        "dmean2": [0.152627244592, 0.833494544029, 2.47213816643, 7.48767995834, 12.6377639771, 12.0581331253, 11.3835115433, 21.1068210602, 25.5144271851, 28.211889267, 39.2699813843, 46.1890602112, 80.4709243774, 66.5905303955, 52.491519928, 42.5354042053, 30.1363220215, 42.8398551941, 33.35729599, 21.7957649231, 18.2522087097, 16.577047348, 17.5046100616, 15.6640806198, 11.4020452499, 10.4224624634, 11.0658931732, 8.06839752197, 8.41764068604, 9.93414592743, 7.7542924881, 8.58650875092, 7.44901514053, 6.31796121597, 3.50331783295, 1.59555959702, 0.564597427845, 0.131187468767, 0.0248065833002, 0.000872067641467],
        "dvar": [0.0914088636637, 1.62988221645, 7.87685966492, 71.746963501, 206.599807739, 195.348022461, 293.631866455, 992.875488281, 1590.05383301, 2762.12182617, 4751.27832031, 4946.10351562, 13101.1015625, 9842.63769531, 7237.91796875, 4725.59423828, 2026.7467041, 5879.71435547, 2299.6340332, 765.556640625, 515.468383789, 422.697875977, 641.971374512, 550.247192383, 141.239456177, 92.9108963013, 185.328338623, 99.9189682007, 223.899032593, 349.294281006, 154.463165283, 184.619567871, 162.233520508, 121.437301636, 38.1441078186, 4.31307697296, 0.379365622997, 0.0235446579754, 0.00146764458623, 2.25072130888e-06],
        "dvar2": [0.116473726928, 2.4684138298, 20.1326675415, 193.942886353, 556.023620605, 492.803985596, 695.870788574, 2385.52587891, 4078.93774414, 6838.17626953, 12111.2236328, 12821.2910156, 32474.0917969, 23939.9570312, 17459.171875, 11244.2324219, 4508.59472656, 12389.9472656, 5703.78076172, 1868.41784668, 1244.75073242, 1033.25463867, 1386.60229492, 1202.63720703, 338.481964111, 217.432418823, 479.606842041, 219.270492554, 493.126953125, 744.230773926, 325.868011475, 364.668762207, 296.914276123, 223.856842041, 73.2743301392, 8.32074832916, 0.75559848547, 0.0487948991358, 0.00320798228495, 5.14146586283e-06],
        "max": [3.80065059662, 19.0624790192, 43.6559448242, 201.202148438, 338.156219482, 365.344696045, 590.564147949, 628.237243652, 1087.5480957, 1176.91015625, 1918.20849609, 1542.95227051, 1821.12866211, 2687.04394531, 2683.9375, 2002.23486328, 1009.5145874, 4870.49462891, 1576.11914062, 661.865905762, 620.649230957, 476.859161377, 908.048461914, 1674.41040039, 322.175964355, 186.273345947, 266.464782715, 288.329193115, 635.906921387, 979.141296387, 342.359680176, 419.380218506, 341.883361816, 255.865844727, 206.831069946, 50.6120796204, 11.3895177841, 2.25019550323, 0.731935203075, 0.0285295601934],
        "mean": [0.204097136855, 1.10314655304, 1.97205758095, 5.45848083496, 9.41956329346, 9.57218647003, 9.96920108795, 18.9125061035, 21.6128253937, 23.9552631378, 34.2503890991, 47.3657951355, 89.8256378174, 78.2147598267, 66.569480896, 48.3056106567, 35.533241272, 46.2008323669, 36.6804733276, 26.4754238129, 21.5784015656, 20.1112976074, 22.518611908, 19.9391956329, 14.9125375748, 13.7750482559, 12.8273801804, 10.2428102493, 10.6706991196, 12.0153484344, 9.81011676788, 10.6183700562, 10.0582933426, 8.16694355011, 4.42427349091, 1.9045753479, 0.586779773235, 0.119174614549, 0.0203257650137, 0.000719951814972],
        "median": [0.028721543029, 0.251967430115, 0.952039361, 2.70121717453, 4.70680522919, 4.83808088303, 4.51138401031, 6.92572927475, 7.98612976074, 7.77000045776, 11.6228265762, 16.0774974823, 24.3156356812, 22.9195098877, 19.0533332825, 15.0084400177, 14.6430473328, 18.3437137604, 16.6658344269, 13.3916301727, 11.3284912109, 10.9111604691, 11.7463722229, 11.7511873245, 10.0484771729, 9.21735477448, 8.16317272186, 6.08117485046, 5.70873212814, 5.60611248016, 4.48676633835, 4.59750127792, 4.12029218674, 3.12328004837, 1.68310570717, 0.827917456627, 0.239517062902, 0.0382253676653, 0.0045273443684, 0.000183244148502],
        "min": [4.09771421799e-21, 1.1610329696e-20, 9.30056095984e-20, 1.08329886541e-19, 4.94392604308e-20, 1.86815083656e-19, 2.73014140649e-19, 7.94190530074e-19, 4.81485135859e-19, 8.77339604127e-19, 1.48394464813e-18, 1.22770332631e-18, 1.31216859981e-18, 4.51972437957e-18, 4.56513907674e-18, 4.97086496334e-18, 6.25118090571e-18, 6.15132614371e-18, 5.97923576676e-18, 1.25441087898e-17, 9.71823316979e-18, 9.79566802848e-18, 1.16624657785e-17, 7.98526083517e-18, 1.06544750646e-17, 1.08029845902e-17, 8.91654047346e-18, 1.63156197675e-17, 2.29848974595e-17, 9.66467984258e-18, 1.41890128589e-17, 1.65342750363e-17, 1.76841586582e-17, 1.15761072954e-17, 7.82271736327e-18, 5.28300487621e-18, 3.14834412356e-18, 1.47396781596e-18, 3.35545091699e-19, 3.53754968821e-20],
        "var": [0.252105474472, 5.10702514648, 9.59933948517, 73.972328186, 224.717346191, 247.430740356, 415.208953857, 1672.70178223, 2212.97583008, 3702.40307617, 6584.09375, 8617.68847656, 31989.6914062, 24110.7167969, 25317.9160156, 10932.8193359, 5125.71435547, 11252.2216797, 4413.85351562, 1613.46838379, 1119.99963379, 924.80871582, 2076.65917969, 1715.16271973, 262.715026855, 202.272766113, 251.388137817, 197.512268066, 403.880737305, 637.951477051, 352.169158936, 460.756591797, 532.878662109, 397.305664062, 113.929397583, 11.9460735321, 0.817737281322, 0.0372442267835, 0.00196066848002, 2.70408668257e-06]
    },
    "gfcc": {
        "mean": [56.8381729126, 38.8314628601, -99.9622802734, 11.6987762451, -59.6082649231, 18.8793907166, -36.763923645, 13.0679311752, -29.4118938446, 2.24583268166, -20.6364059448, -0.0867250263691, -12.9785938263],
        "cov": [[2990.43652344, -16.8762378693, 731.222595215, 110.491386414, 20.6290798187, -80.2066345215, -24.488035202, -112.23110199, -46.9344062805, -23.1699886322, 7.09442949295, -19.7320423126, -43.7915840149], [-16.8762378693, 933.267333984, 65.6293411255, 149.497421265, 94.4772109985, 46.5877037048, 94.708442688, 64.4309844971, 26.7685699463, 27.6911296844, 79.5906219482, 9.79554367065, 45.5901832581], [731.222595215, 65.6293411255, 1410.61804199, 465.565948486, 130.935821533, -44.1233634949, -103.535041809, -90.0075073242, -6.83660745621, 6.59179115295, 34.929271698, 1.32923531532, -41.8734512329], [110.491386414, 149.497421265, 465.565948486, 447.854553223, 90.9892578125, -3.80154561996, -80.9777755737, 6.15698337555, 26.5137939453, 15.5151500702, 18.8377933502, 19.980298996, 1.99664521217], [20.6290798187, 94.4772109985, 130.935821533, 90.9892578125, 208.646697998, 47.9344596863, 57.4493522644, 18.1273097992, 29.6556930542, 15.7833089828, 22.7248859406, 13.7708597183, 13.238948822], [-80.2066345215, 46.5877037048, -44.1233634949, -3.80154561996, 47.9344596863, 184.266464233, 98.0749359131, 33.6087722778, -17.2370796204, 29.2282981873, 18.3605251312, 3.02696251869, 12.6963577271], [-24.488035202, 94.708442688, -103.535041809, -80.9777755737, 57.4493522644, 98.0749359131, 205.569274902, 46.2560577393, 0.936622023582, 8.84821987152, 28.9276924133, 7.15342521667, 11.8482246399], [-112.23110199, 64.4309844971, -90.0075073242, 6.15698337555, 18.1273097992, 33.6087722778, 46.2560577393, 139.209411621, 59.0961036682, 18.7658805847, 4.24191904068, 21.7544670105, 9.24682807922], [-46.9344062805, 26.7685699463, -6.83660745621, 26.5137939453, 29.6556930542, -17.2370796204, 0.936622023582, 59.0961036682, 113.794174194, 36.8750991821, 10.7537555695, 9.80983352661, 10.0767202377], [-23.1699886322, 27.6911296844, 6.59179115295, 15.5151500702, 15.7833089828, 29.2282981873, 8.84821987152, 18.7658805847, 36.8750991821, 81.3327026367, 39.3465309143, 11.0009307861, 6.20736217499], [7.09442949295, 79.5906219482, 34.929271698, 18.8377933502, 22.7248859406, 18.3605251312, 28.9276924133, 4.24191904068, 10.7537555695, 39.3465309143, 88.2461090088, 36.6118659973, 14.0356884003], [-19.7320423126, 9.79554367065, 1.32923531532, 19.980298996, 13.7708597183, 3.02696251869, 7.15342521667, 21.7544670105, 9.80983352661, 11.0009307861, 36.6118659973, 75.9055862427, 26.3366565704], [-43.7915840149, 45.5901832581, -41.8734512329, 1.99664521217, 13.238948822, 12.6963577271, 11.8482246399, 9.24682807922, 10.0767202377, 6.20736217499, 14.0356884003, 26.3366565704, 74.2527084351]],
        "icov": [[0.00039990854566, -8.09470202512e-06, -0.000245974224526, 0.000116275259643, 4.51229534519e-05, 0.00016987248091, -0.000159958726726, 0.000138791525387, 6.77234129398e-05, -2.49858403549e-05, 4.30620639236e-05, -6.73464228385e-06, 5.7278037275e-05], [-8.09470202512e-06, 0.00141727132723, 0.00010587619181, -0.000651114038192, -0.000198728492251, 0.000314330623951, -0.000600809056778, -0.000660070974845, 0.000297296064673, 0.000256088533206, -0.00147242820822, 0.00117994274478, -0.000839930551592], [-0.000245974224526, 0.00010587619181, 0.00138510856777, -0.00132569123525, -0.000411117682233, 0.000136739268783, 2.52227528108e-05, 0.000658168282825, 5.84234521739e-06, 8.24653252494e-05, -0.000496043125167, 0.00014131309581, 0.000606568879448], [0.000116275259643, -0.000651114038192, -0.00132569123525, 0.00450319657102, -0.00115007371642, -0.000861310050823, 0.00233048875816, -0.000820816901978, -0.000338750804076, 0.000127854364109, 0.000242211943259, -0.0008746306994, -1.7940199541e-05], [4.51229534519e-05, -0.000198728492251, -0.000411117682233, -0.00115007371642, 0.00671757105738, -0.00110913452227, -0.00211457978003, 0.000989853055216, -0.00218646181747, 0.000487862416776, 9.43284030654e-05, -0.000609195965808, -0.000392024754547], [0.00016987248091, 0.000314330623951, 0.000136739268783, -0.000861310050823, -0.00110913452227, 0.00936025660485, -0.00398972304538, -0.00205927481875, 0.00444544805214, -0.00461293151602, 0.000811394187622, 0.00117192824837, -0.001288908883], [-0.000159958726726, -0.000600809056778, 2.52227528108e-05, 0.00233048875816, -0.00211457978003, -0.00398972304538, 0.00929075479507, -0.00210583396256, -6.5407686634e-05, 0.00234464462847, -0.00287242978811, 0.000685148930643, 0.000177896377863], [0.000138791525387, -0.000660070974845, 0.000658168282825, -0.000820816901978, 0.000989853055216, -0.00205927481875, -0.00210583396256, 0.012411441654, -0.00672807404771, 0.00035930267768, 0.00294992444105, -0.00432794773951, 0.00170687329955], [6.77234129398e-05, 0.000297296064673, 5.84234521739e-06, -0.000338750804076, -0.00218646181747, 0.00444544805214, -6.5407686634e-05, -0.00672807404771, 0.0158790387213, -0.00725529855117, 0.000751243147533, 0.00151087669656, -0.00187846785411], [-2.49858403549e-05, 0.000256088533206, 8.24653252494e-05, 0.000127854364109, 0.000487862416776, -0.00461293151602, 0.00234464462847, 0.00035930267768, -0.00725529855117, 0.0210510268807, -0.00968523696065, 0.00209304597229, 0.00046716540237], [4.30620639236e-05, -0.00147242820822, -0.000496043125167, 0.000242211943259, 9.43284030654e-05, 0.000811394187622, -0.00287242978811, 0.00294992444105, 0.000751243147533, -0.00968523696065, 0.0216036718339, -0.00983095820993, 0.000689623702783], [-6.73464228385e-06, 0.00117994274478, 0.00014131309581, -0.0008746306994, -0.000609195965808, 0.00117192824837, 0.000685148930643, -0.00432794773951, 0.00151087669656, 0.00209304597229, -0.00983095820993, 0.0208881925792, -0.00621788948774], [5.7278037275e-05, -0.000839930551592, 0.000606568879448, -1.7940199541e-05, -0.000392024754547, -0.001288908883, 0.000177896377863, 0.00170687329955, -0.00187846785411, 0.00046716540237, 0.000689623702783, -0.00621788948774, 0.0166998263448]]
    },
    "melbands": {
        "dmean": [0.000996690592729, 0.000690101762302, 0.000807168427855, 0.00050762842875, 0.000247158051934, 0.000284699548502, 0.000232065009186, 0.000196876804694, 0.00019802962197, 0.000190994411241, 0.000259371619904, 0.000177288166014, 0.000114025016956, 8.51221921039e-05, 5.67327770113e-05, 4.34763605881e-05, 5.64164765819e-05, 3.86901010643e-05, 2.43896683969e-05, 1.75315490196e-05, 1.35329137265e-05, 1.20633603728e-05, 1.05150093077e-05, 1.00510824268e-05, 8.93290052772e-06, 6.17121304458e-06, 5.1374213399e-06, 4.70066515845e-06, 4.78786841995e-06, 3.9846445361e-06, 3.1466308883e-06, 3.31438423018e-06, 3.74767319045e-06, 4.07767174693e-06, 3.21053198604e-06, 3.32669492309e-06, 3.97214080294e-06, 3.86074452763e-06, 4.028865078e-06, 3.91474941352e-06],
        "dmean2": [0.00120171695016, 0.00107995758299, 0.00136501167435, 0.00087235996034, 0.000405880680773, 0.000461541843833, 0.000382643833291, 0.000320794526488, 0.000321744271787, 0.000307055161102, 0.000410321721574, 0.000282863882603, 0.000179359529284, 0.000138307179441, 9.16987628443e-05, 6.85027043801e-05, 9.01896564756e-05, 6.20247228653e-05, 3.87208528991e-05, 2.82119217445e-05, 2.19850044232e-05, 1.95640695893e-05, 1.69233499037e-05, 1.56144651555e-05, 1.40368038046e-05, 9.82073743216e-06, 8.11966674519e-06, 7.52657251724e-06, 7.72905968915e-06, 6.35340984445e-06, 4.85494183522e-06, 5.08151333634e-06, 5.5330451687e-06, 6.04237129664e-06, 4.77419143863e-06, 4.89681588078e-06, 5.8589848777e-06, 5.52658229935e-06, 5.7825964177e-06, 5.71557848161e-06],
        "dvar": [5.00619853483e-06, 1.31987940222e-06, 2.11675751416e-06, 9.12276163945e-07, 3.21310153595e-07, 4.3126226501e-07, 3.50089862877e-07, 3.44950109366e-07, 2.88728926989e-07, 2.23227843321e-07, 3.38591831905e-07, 1.74442448042e-07, 7.76426745119e-08, 4.59224374083e-08, 2.45180107328e-08, 1.06014770296e-08, 2.94124173905e-08, 8.81687345355e-09, 3.10773051737e-09, 1.03556196951e-09, 8.78030592677e-10, 6.22522866589e-10, 4.91726714902e-10, 7.05725367034e-10, 4.76544748107e-10, 1.17125462107e-10, 6.15876100118e-11, 4.76857373033e-11, 9.25772514204e-11, 5.0714654698e-11, 3.60417702627e-11, 6.68245458968e-11, 1.15405067447e-10, 1.42998141106e-10, 5.85726675495e-11, 5.68612310015e-11, 9.03318184142e-11, 9.12474124037e-11, 1.0026031394e-10, 1.01770966654e-10],
        "dvar2": [6.41758879283e-06, 3.19484411193e-06, 5.58501869818e-06, 2.42770556724e-06, 7.59518457016e-07, 1.03925879102e-06, 8.97067991446e-07, 8.31624959119e-07, 7.33771912564e-07, 5.76422735321e-07, 8.35438299873e-07, 4.27544023296e-07, 1.78000675533e-07, 1.14708832655e-07, 5.99156777525e-08, 2.26306138273e-08, 6.16237940676e-08, 2.19865619044e-08, 7.1998167428e-09, 2.60453747458e-09, 2.18481610581e-09, 1.54864865376e-09, 1.12532749785e-09, 1.40295941531e-09, 1.00376429391e-09, 2.87324997128e-10, 1.47344955681e-10, 1.13859567608e-10, 2.37318137364e-10, 1.26484558938e-10, 7.89438306392e-11, 1.48376214093e-10, 2.63676858125e-10, 3.20807630461e-10, 1.30461239034e-10, 1.17011719758e-10, 1.87399873397e-10, 1.78693629338e-10, 1.92266313981e-10, 1.97492189269e-10],
        "max": [0.0282782465219, 0.0163481365889, 0.0279912557453, 0.0180654078722, 0.0207499600947, 0.0130122657865, 0.0145679619163, 0.0150103420019, 0.0134671153501, 0.0105913430452, 0.00928307976574, 0.0107320798561, 0.00760702090338, 0.00556735927239, 0.00341803394258, 0.00336271570995, 0.0110694412142, 0.00293238298036, 0.00177157681901, 0.000720673997421, 0.000954095623456, 0.00057655677665, 0.000730311265215, 0.00141082995106, 0.00153672799934, 0.000317062396789, 0.000144927384099, 0.000123468940728, 0.000219510126044, 0.000196431967197, 0.000179894268513, 0.000344817322912, 0.000476062414236, 0.000626016990282, 0.000180293835001, 0.000210464801057, 0.000302482018014, 0.000319247075822, 0.000286076305201, 0.000235649451497],
        "mean": [0.00168953544926, 0.00117481010966, 0.00107938144356, 0.00069505686406, 0.000364854146028, 0.000416925235186, 0.000324851687765, 0.000270697462838, 0.000280956737697, 0.000308718415909, 0.000449922139524, 0.000315374723868, 0.000219176567043, 0.000154124034452, 9.39767051022e-05, 7.42991978768e-05, 9.02734973351e-05, 6.21658909949e-05, 4.24175668741e-05, 3.06981200993e-05, 2.35560437432e-05, 2.08262845263e-05, 2.01485527214e-05, 1.90959653992e-05, 1.6082161892e-05, 1.1215412087e-05, 9.62412104855e-06, 9.05501929083e-06, 8.26608084026e-06, 6.91099057804e-06, 5.64441188544e-06, 5.86560236115e-06, 6.41395354251e-06, 6.76252602716e-06, 5.56696295462e-06, 5.66105700273e-06, 6.78611650073e-06, 6.86270550432e-06, 7.28436953068e-06, 6.83042344463e-06],
        "median": [0.000280375068542, 0.00047978159273, 0.000597364269197, 0.000366776599549, 0.000179274982656, 0.000158725742949, 0.000117848365335, 8.29753116705e-05, 9.21803075471e-05, 9.68665262917e-05, 0.00011190008081, 8.20583591121e-05, 5.77546124987e-05, 4.22806624556e-05, 2.97124752251e-05, 2.85195528704e-05, 3.12074371323e-05, 2.50850316661e-05, 1.86689394468e-05, 1.44384684972e-05, 1.16737064673e-05, 1.09053889901e-05, 9.9473827504e-06, 9.48483739194e-06, 9.01767634787e-06, 7.09156120138e-06, 6.18459398538e-06, 5.81856056669e-06, 5.00067653775e-06, 4.09303993365e-06, 3.14429144055e-06, 3.05155049318e-06, 3.08604307975e-06, 2.9446755434e-06, 2.51687379205e-06, 2.46096146839e-06, 2.83812028101e-06, 2.78064408121e-06, 2.91437481792e-06, 2.42893611357e-06],
        "min": [2.67980593342e-23, 3.72894013473e-23, 1.62226815467e-23, 8.91042058274e-24, 8.8225596217e-24, 1.71183841952e-23, 8.71266025355e-24, 8.67713311382e-24, 1.2867212777e-23, 6.51707299986e-24, 7.16066398609e-24, 1.90206686256e-23, 1.46055245796e-23, 1.06969483528e-23, 1.75413493245e-23, 1.22713892907e-23, 1.0314939304e-23, 9.04516670282e-24, 1.36402223112e-23, 1.66153370623e-23, 1.09768448794e-23, 1.05434107771e-23, 1.04932179242e-23, 1.03560831333e-23, 5.76371951284e-24, 7.62227383339e-24, 6.72715494196e-24, 7.61828140835e-24, 5.0554020949e-24, 7.18750024522e-24, 9.63986369572e-24, 1.44206502933e-23, 8.27591530199e-24, 4.62461738191e-24, 7.51196741301e-24, 1.06425248389e-23, 9.29513384672e-24, 1.31522085005e-23, 9.50582518387e-24, 9.76959818247e-24],
        "var": [1.51926396939e-05, 2.93605557999e-06, 2.47716957347e-06, 1.03101024251e-06, 4.74465196021e-07, 7.30831743567e-07, 4.91574041916e-07, 4.84567181047e-07, 4.2643327447e-07, 4.05570034445e-07, 8.31686236324e-07, 4.12697801266e-07, 2.44883182177e-07, 1.20314354035e-07, 4.533039899e-08, 2.79598602049e-08, 5.5035439317e-08, 1.55447708039e-08, 6.52917142574e-09, 2.12899675667e-09, 1.72036751511e-09, 1.13032372351e-09, 1.46950085433e-09, 2.41392927869e-09, 1.40277578442e-09, 1.86505269562e-10, 1.18029752638e-10, 9.93043910991e-11, 1.20303281226e-10, 7.90031026709e-11, 7.06944225382e-11, 1.23509313887e-10, 1.79425876934e-10, 2.34255115306e-10, 1.17801088328e-10, 1.30928295983e-10, 2.04555983263e-10, 2.55636900537e-10, 3.1720179261e-10, 2.98290198097e-10]
    },
    "mfcc": {
        "mean": [-596.233947754, 87.6265411377, 9.08473682404, 1.92892682552, 1.25712049007, 0.374259829521, 4.53674697876, 3.09350037575, 1.4690682888, 1.41701281071, -1.90421891212, -4.45047855377, -4.2691116333],
        "cov": [[1712.2677002, 29.3467922211, 315.851104736, 114.214202881, 23.8500709534, 27.251159668, 19.1426525116, -29.4506282806, -43.0140647888, -8.81687545776, -23.4718990326, -15.9490795135, -21.9289340973], [29.3467922211, 682.662231445, 44.2258491516, 80.1652755737, 22.8348865509, 30.0291576385, 104.917411804, 46.7028694153, 19.8908996582, 41.8642349243, 28.0439815521, 30.8668689728, 13.9980716705], [315.851104736, 44.2258491516, 1062.33825684, 426.721679688, 277.773895264, 89.7785949707, 0.44363924861, -51.7539329529, -67.8066329956, -37.3728942871, 3.05699300766, 23.4791431427, 3.51660704613], [114.214202881, 80.1652755737, 426.721679688, 413.940582275, 216.54460144, 33.6648254395, -29.8200092316, -2.52079415321, -12.3287754059, -15.6621217728, 3.25640463829, 24.9950275421, 23.9848423004], [23.8500709534, 22.8348865509, 277.773895264, 216.54460144, 247.645095825, 45.2461967468, -21.6608638763, -5.48386335373, 7.58389949799, 0.0109825609252, 3.18920326233, 18.8913288116, 19.5467205048], [27.251159668, 30.0291576385, 89.7785949707, 33.6648254395, 45.2461967468, 147.464294434, 89.0592269897, 5.75567388535, 0.712936401367, 11.0810613632, 5.52806186676, 4.14886808395, 5.10467147827], [19.1426525116, 104.917411804, 0.44363924861, -29.8200092316, -21.6608638763, 89.0592269897, 180.391921997, 51.2900619507, 9.66191959381, 18.2239055634, 10.7528400421, 4.89697504044, 6.96661806107], [-29.4506282806, 46.7028694153, -51.7539329529, -2.52079415321, -5.48386335373, 5.75567388535, 51.2900619507, 115.348640442, 43.8141708374, 15.1826248169, 24.5419902802, 10.1481132507, 4.64860582352], [-43.0140647888, 19.8908996582, -67.8066329956, -12.3287754059, 7.58389949799, 0.712936401367, 9.66191959381, 43.8141708374, 95.5292892456, 44.6655387878, 10.2239542007, 4.7910823822, 3.32565259933], [-8.81687545776, 41.8642349243, -37.3728942871, -15.6621217728, 0.0109825609252, 11.0810613632, 18.2239055634, 15.1826248169, 44.6655387878, 87.5610046387, 29.1483612061, 3.73083329201, 3.26553583145], [-23.4718990326, 28.0439815521, 3.05699300766, 3.25640463829, 3.18920326233, 5.52806186676, 10.7528400421, 24.5419902802, 10.2239542007, 29.1483612061, 83.3868103027, 34.664024353, 1.13242471218], [-15.9490795135, 30.8668689728, 23.4791431427, 24.9950275421, 18.8913288116, 4.14886808395, 4.89697504044, 10.1481132507, 4.7910823822, 3.73083329201, 34.664024353, 78.8503875732, 33.2668113708], [-21.9289340973, 13.9980716705, 3.51660704613, 23.9848423004, 19.5467205048, 5.10467147827, 6.96661806107, 4.64860582352, 3.32565259933, 3.26553583145, 1.13242471218, 33.2668113708, 78.7657012939]],
