{
"lowlevel": {
    "average_loudness": 0.971896111965,
    "barkbands_crest": {
        "dmean": 2.3853828907,
        "dmean2": 3.91003894806,
        "dvar": 4.67165994644,
        "dvar2": 11.9178380966,
        "max": 26.9204406738,
        "mean": 10.1507577896,
        "median": 9.26731395721,
        "min": 2.66061544418,
        "var": 20.4931278229
    },
    "barkbands_flatness_db": {
        "dmean": 0.0166844241321,
        "dmean2": 0.0263282991946,
        "dvar": 0.0002844176488,
        "dvar2": 0.000637822493445,
        "max": 0.714950561523,
        "mean": 0.132423073053,
        "median": 0.126495808363,
        "min": 0.0393259190023,
        "var": 0.00190380413551
    },
    "barkbands_kurtosis": {
        "dmean": 8.69821739197,
        "dmean2": 12.812371254,
        "dvar": 125885.226562,
        "dvar2": 252079.84375,
        "max": 28062.0546875,
        "mean": 10.0750656128,
        "median": 0.472321271896,
        "min": -1.93542528152,
        "var": 167193.359375
    },
    "barkbands_skewness": {
        "dmean": 0.420810848475,
        "dmean2": 0.651692211628,
        "dvar": 3.44285058975,
        "dvar2": 6.45849895477,
        "max": 146.992843628,
        "mean": 1.08355784416,
        "median": 0.835209190845,
        "min": -4.25458097458,
        "var": 7.63464450836
    },
    "barkbands_spread": {
        "dmean": 4.49081802368,
        "dmean2": 6.98903417587,
        "dvar": 27.0583190918,
        "dvar2": 58.0612678528,
        "max": 98.4933929443,
        "mean": 23.6045665741,
        "median": 21.9422988892,
        "min": 0.0140751721337,
        "var": 146.807189941
    },
    "dissonance": {
        "dmean": 0.0170982778072,
        "dmean2": 0.0289652869105,
        "dvar": 0.000256517232629,
        "dvar2": 0.000687214313075,
        "max": 0.499989777803,
        "mean": 0.464987367392,
        "median": 0.470077097416,
        "min": 0.205036848783,
        "var": 0.000615716504399
    },
    "dynamic_complexity": 1.54565548897,
    "erbbands_crest": {
        "dmean": 2.67125511169,
        "dmean2": 4.29493427277,
        "dvar": 5.80306816101,
        "dvar2": 14.2849464417,
        "max": 29.3864269257,
        "mean": 10.2794771194,
        "median": 9.27597999573,
        "min": 2.23006081581,
        "var": 23.3920974731
    },
    "erbbands_flatness_db": {
        "dmean": 0.0142512628809,
        "dmean2": 0.021026737988,
        "dvar": 0.000185653625522,
        "dvar2": 0.000358044431778,
        "max": 0.354641586542,
        "mean": 0.174399569631,
        "median": 0.17463465035,
        "min": 0.0261810142547,
        "var": 0.0013729671482
    },
    "erbbands_kurtosis": {
        "dmean": 0.719866454601,
        "dmean2": 1.15683948994,
        "dvar": 1.23173964024,
        "dvar2": 2.85055041313,
        "max": 50.1516876221,
        "mean": 0.240177705884,
        "median": -0.260572552681,
        "min": -1.78315329552,
        "var": 3.59759807587
    },
    "erbbands_skewness": {
        "dmean": 0.314119756222,
        "dmean2": 0.491292029619,
        "dvar": 0.0838771611452,
        "dvar2": 0.188762307167,
        "max": 6.20002174377,
        "mean": 0.336448520422,
        "median": 0.301027595997,
        "min": -3.72582221031,
        "var": 0.572659194469
    },
    "erbbands_spread": {
        "dmean": 5.94849967957,
        "dmean2": 9.42035865784,
        "dvar": 43.9269638062,
        "dvar2": 99.896522522,
        "max": 193.853012085,
        "mean": 34.6357917786,
        "median": 32.277130127,
        "min": 2.87628436089,
        "var": 232.133010864
    },
    "hfc": {
        "dmean": 6.44315719604,
        "dmean2": 9.76990890503,
        "dvar": 75.9505844116,
        "dvar2": 144.273574829,
        "max": 269.331604004,
        "mean": 30.4642696381,
        "median": 29.1144924164,
        "min": 1.07190669516e-16,
        "var": 345.497802734
    },
    "melbands_crest": {
        "dmean": 3.0437567234,
        "dmean2": 5.00016403198,
        "dvar": 7.79361057281,
        "dvar2": 20.0657463074,
        "max": 39.9963378906,
        "mean": 13.2464609146,
        "median": 12.2367887497,
        "min": 1.59304285049,
        "var": 29.6294956207
    },
    "melbands_flatness_db": {
        "dmean": 0.0180482231081,
        "dmean2": 0.0284370873123,
        "dvar": 0.000380884070182,
        "dvar2": 0.000868334376719,
        "max": 0.708310246468,
        "mean": 0.157889649272,
        "median": 0.149069353938,
        "min": 0.0025777281262,
        "var": 0.00293738790788
    },
    "melbands_kurtosis": {
        "dmean": 18.1743755341,
        "dmean2": 24.4045181274,
        "dvar": 427638,
        "dvar2": 655475.5,
        "max": 58514.0039062,
        "mean": 23.1783924103,
        "median": 3.32532048225,
        "min": -1.86901068687,
        "var": 689427.75
    },
    "melbands_skewness": {
        "dmean": 0.538934350014,
        "dmean2": 0.83283406496,
        "dvar": 6.55517482758,
        "dvar2": 9.54015731812,
        "max": 232.174423218,
        "mean": 1.91968464851,
        "median": 1.52474546432,
        "min": -1.89281392097,
        "var": 16.106054306
    },
    "melbands_spread": {
        "dmean": 6.87554883957,
        "dmean2": 10.8649311066,
        "dvar": 85.6416320801,
        "dvar2": 182.244888306,
        "max": 249.487609863,
        "mean": 30.8946781158,
        "median": 28.0897293091,
        "min": 0.0157122351229,
        "var": 407.464447021
    },
    "pitch_salience": {
        "dmean": 0.0593085438013,
        "dmean2": 0.0972043052316,
        "dvar": 0.00292101455852,
        "dvar2": 0.00750003801659,
        "max": 0.929016411304,
        "mean": 0.542793393135,
        "median": 0.544041633606,
        "min": 0.00165395019576,
        "var": 0.0111673185602
    },
    "silence_rate_20dB": {
        "dmean": 0,
        "dmean2": 0,
        "dvar": 0,
        "dvar2": 0,
        "max": 1,
        "mean": 1,
        "median": 1,
        "min": 1,
        "var": 0
    },
    "silence_rate_30dB": {
        "dmean": 0,
        "dmean2": 0,
        "dvar": 0,
        "dvar2": 0,
        "max": 1,
        "mean": 1,
        "median": 1,
        "min": 1,
        "var": 0
    },
    "silence_rate_60dB": {
        "dmean": 0.00196102471091,
        "dmean2": 0.00392252998427,
        "dvar": 0.001957150409,
        "dvar2": 0.00439733965322,
        "max": 1,
        "mean": 0.0172794125974,
        "median": 0,
        "min": 0,
        "var": 0.0169798023999
    },
    "spectral_centroid": {
        "dmean": 225.287353516,
        "dmean2": 356.880645752,
        "dvar": 59181.2734375,
        "dvar2": 128472.859375,
        "max": 11683.046875,
        "mean": 1726.01757812,
        "median": 1693.71923828,
        "min": 249.552459717,
        "var": 948024.4375
    },
    "spectral_complexity": {
        "dmean": 3.36830496788,
        "dmean2": 5.42559432983,
        "dvar": 9.78140163422,
        "dvar2": 22.7198829651,
        "max": 54,
        "mean": 25.0061283112,
        "median": 26,
        "min": 0,
        "var": 74.0272445679
    },
    "spectral_decrease": {
        "dmean": 1.64109814627e-09,
        "dmean2": 2.66177480057e-09,
        "dvar": 3.16811022468e-18,
        "dvar2": 8.20334204059e-18,
        "max": 2.16800850504e-28,
        "mean": -6.71294753118e-09,
        "median": -6.66130617333e-09,
        "min": -2.37709922857e-08,
        "var": 7.82311606432e-18
    },
    "spectral_energy": {
        "dmean": 0.00658851349726,
        "dmean2": 0.0106623591855,
        "dvar": 4.90501697641e-05,
        "dvar2": 0.000126379192807,
        "max": 0.0933999493718,
        "mean": 0.0280995313078,
        "median": 0.0280462130904,
        "min": 9.87744285827e-21,
        "var": 0.000129075648147
    },
    "spectral_energyband_high": {
        "dmean": 0.000448535487521,
        "dmean2": 0.000666403560899,
        "dvar": 1.07920902792e-06,
        "dvar2": 1.85051010249e-06,
        "max": 0.0377283655107,
        "mean": 0.00120263232384,
        "median": 0.00076891790377,
        "min": 7.19658118914e-21,
        "var": 3.77439437216e-06
    },
    "spectral_energyband_low": {
        "dmean": 0.00190617947374,
        "dmean2": 0.00323352892883,
        "dvar": 2.54655406025e-05,
        "dvar2": 6.79047516314e-05,
        "max": 0.0773355662823,
        "mean": 0.00361307128333,
        "median": 0.00237404229119,
        "min": 1.4056202866e-23,
        "var": 2.55074846791e-05
    },
    "spectral_energyband_middle_high": {
        "dmean": 0.00257609249093,
        "dmean2": 0.00397598417476,
        "dvar": 1.11595045382e-05,
        "dvar2": 2.56575822277e-05,
        "max": 0.0584340654314,
        "mean": 0.00988107360899,
        "median": 0.00767923891544,
        "min": 1.09917318838e-21,
        "var": 6.56187839922e-05
    },
    "spectral_energyband_middle_low": {
        "dmean": 0.00477858167142,
        "dmean2": 0.00772707164288,
        "dvar": 2.78653878922e-05,
        "dvar2": 7.13960325811e-05,
        "max": 0.0661850646138,
        "mean": 0.0145736411214,
        "median": 0.0129316048697,
        "min": 1.76422291726e-22,
        "var": 8.74631368788e-05
    },
    "spectral_entropy": {
        "dmean": 0.113652899861,
        "dmean2": 0.168594181538,
        "dvar": 0.0145200248808,
        "dvar2": 0.0265945829451,
        "max": 9.82281970978,
        "mean": 7.62646245956,
        "median": 7.64858627319,
        "min": 5.18665409088,
        "var": 0.150876238942
    },
    "spectral_flux": {
        "dmean": 0.0199441891164,
        "dmean2": 0.0319348983467,
        "dvar": 0.000418740150053,
        "dvar2": 0.000959492637776,
        "max": 0.269939631224,
        "mean": 0.0873345658183,
        "median": 0.0829824507236,
        "min": 6.29539476105e-11,
        "var": 0.00110960553866
    },
    "spectral_kurtosis": {
        "dmean": 1.16597950459,
        "dmean2": 1.99970650673,
        "dvar": 1.27146339417,
        "dvar2": 3.61088562012,
        "max": 25.6116485596,
        "mean": 3.78456664085,
        "median": 3.57745218277,
        "min": -1.24984431267,
        "var": 3.55619239807
    },
    "spectral_rms": {
        "dmean": 0.00060361775104,
        "dmean2": 0.00096663122531,
        "dvar": 3.4957915318e-07,
        "dvar2": 8.67621793077e-07,
        "max": 0.009545779787,
        "mean": 0.00509724905714,
        "median": 0.00523088499904,
        "min": 3.10427616772e-12,
        "var": 1.43217209825e-06
    },
    "spectral_rolloff": {
        "dmean": 459.772460938,
        "dmean2": 759.576477051,
        "dvar": 545825.125,
        "dvar2": 1053277.375,
        "max": 19530.6152344,
        "mean": 2063.48657227,
        "median": 1765.72265625,
        "min": 21.533203125,
        "var": 3742480.5
    },
    "spectral_skewness": {
        "dmean": 0.164021149278,
        "dmean2": 0.272244930267,
        "dvar": 0.0218969173729,
        "dvar2": 0.0560006536543,
        "max": 3.85590648651,
        "mean": 1.34475600719,
        "median": 1.32733178139,
        "min": -0.103803038597,
        "var": 0.127920404077
    },
    "spectral_spread": {
        "dmean": 355329.3125,
        "dmean2": 516133.6875,
        "dvar": 331472109568,
        "dvar2": 586645569536,
        "max": 42415476,
        "mean": 4383388.5,
        "median": 3902681,
        "min": 2024093.625,
        "var": 1.02624992952e+13
    },
    "spectral_strongpeak": {
        "dmean": 0.779677331448,
        "dmean2": 1.29597604275,
        "dvar": 1.15812075138,
        "dvar2": 2.94588828087,
        "max": 14.6735477448,
        "mean": 1.87946593761,
        "median": 1.36094141006,
        "min": 0,
        "var": 2.8871254921
    },
    "zerocrossingrate": {
        "dmean": 0.00842879153788,
        "dmean2": 0.00999911222607,
        "dvar": 0.000161304327776,
        "dvar2": 0.000154140521772,
        "max": 0.73388671875,
        "mean": 0.0741319209337,
        "median": 0.068359375,
        "min": 0,
        "var": 0.00249903067015
    },
    "barkbands": {
        "dmean": [2.51020228461e-05, 0.000909046502784, 0.000995088950731, 0.000639947829768, 0.00194569292944, 0.00136635056697, 0.000489787897095, 0.000640657090116, 0.00164597143885, 0.00121230434161, 0.000601323146839, 0.000434115238022, 0.000618966412731, 0.000504111056216, 0.000522989605088, 0.000398556119762, 0.000300445768517, 0.000311024399707, 0.000307457288727, 0.00027113899705, 0.000110144326754, 9.18414370972e-05, 8.33924568724e-05, 6.53677561786e-05, 4.9422349548e-05, 2.12466638914e-05, 5.43596243574e-08],
        "dmean2": [4.36125228589e-05, 0.00153591367416, 0.00174189987592, 0.00109482288826, 0.0032118789386, 0.00217942055315, 0.000786661403254, 0.00100421498064, 0.00263382890262, 0.00186946010217, 0.000964465842117, 0.000664849649183, 0.000975138449576, 0.000789157755207, 0.000846593698952, 0.000629987800494, 0.000487833749503, 0.000502912211232, 0.00049566332018, 0.000444113829872, 0.000176796718733, 0.000144700374221, 0.000124557889649, 9.85376755125e-05, 6.80629964336e-05, 3.03697652271e-05, 9.49167144881e-08],
        "dvar": [2.74918510179e-09, 7.85701377026e-06, 7.68359495851e-06, 2.35805009652e-06, 1.26733857542e-05, 6.63921309751e-06, 1.71123531345e-06, 1.68506949194e-06, 9.22479739529e-06, 6.28393718216e-06, 1.61899367868e-06, 1.33920912049e-06, 2.43886802309e-06, 1.50112418851e-06, 1.04328296402e-06, 7.98040218797e-07, 2.91158613663e-07, 2.91276904818e-07, 2.10798390299e-07, 1.49137804328e-07, 5.280559634e-08, 7.16045676086e-08, 7.43102361866e-08, 6.87567336399e-08, 5.03922201744e-08, 5.69995028954e-09, 4.96272348303e-13],
        "dvar2": [7.43163219852e-09, 2.084127118e-05, 2.18616551138e-05, 6.28667476121e-06, 3.27617235598e-05, 1.56745118147e-05, 4.33704826719e-06, 3.77226911041e-06, 2.39538385358e-05, 1.43492716234e-05, 4.10717893828e-06, 2.87488410322e-06, 5.37822052138e-06, 3.3378930766e-06, 2.57062879427e-06, 1.84520365565e-06, 6.92938044722e-07, 6.60390696794e-07, 4.84361009967e-07, 3.64522747986e-07, 1.19911973684e-07, 1.5752503657e-07, 1.35909431265e-07, 1.3687551359e-07, 8.75590160376e-08, 1.10219602334e-08, 1.36559199278e-12],
        "max": [0.000983532750979, 0.0477581247687, 0.0434281788766, 0.0350724570453, 0.0591141805053, 0.0644970312715, 0.0361060127616, 0.0358257554471, 0.0502813085914, 0.055106703192, 0.0273193530738, 0.0337410457432, 0.0504993908107, 0.0278665181249, 0.018827361986, 0.0275111030787, 0.0128166181967, 0.0147050237283, 0.0138883730397, 0.00861111655831, 0.00563689274713, 0.00796504784375, 0.0140043888241, 0.0101335626096, 0.00821107067168, 0.0023722560145, 4.25889520557e-05],
        "mean": [2.46855433943e-05, 0.00145453342702, 0.00167876563501, 0.00093402346829, 0.00407139770687, 0.00283461087383, 0.000811664445791, 0.00120593002066, 0.0035522764083, 0.00279660685919, 0.00106213137042, 0.000696037546732, 0.00106469262391, 0.000866083195433, 0.000871426018421, 0.000709093292244, 0.00059974740725, 0.000664879917167, 0.000718671246432, 0.000609125068877, 0.000237154512433, 0.000184236312634, 0.000182976102224, 0.00014079126413, 9.45189385675e-05, 3.33568204951e-05, 4.5035395857e-08],
        "median": [8.51485492603e-06, 0.000525314360857, 0.000961251556873, 0.000442044052761, 0.00155679113232, 0.00124325137585, 0.000325978006003, 0.000447138620075, 0.00101761019323, 0.000693964539096, 0.000395008159103, 0.000256595463725, 0.000367032771464, 0.000302284082863, 0.000384061742807, 0.000371347297914, 0.000316955440212, 0.000429039413575, 0.000521447102074, 0.000464671873488, 0.000141259690281, 8.97710051504e-05, 9.19125450309e-05, 6.39768331894e-05, 2.71875815088e-05, 7.34667310098e-06, 1.26564614344e-09],
        "min": [6.10456215112e-25, 5.18322319953e-24, 2.49667120375e-24, 9.44301509252e-25, 9.41749958376e-24, 9.79223770159e-24, 2.4214322144e-24, 1.00148952698e-23, 2.10380778388e-23, 1.98246062405e-23, 2.18626804539e-23, 4.32665878043e-23, 1.55520677357e-23, 4.1160603711e-23, 5.43474171728e-23, 4.19248931767e-23, 7.13699058587e-23, 1.07106232566e-22, 1.65351114859e-22, 2.11888215847e-22, 2.45923487074e-22, 3.18982558701e-22, 4.21533845291e-22, 6.17052200235e-22, 8.82350287846e-22, 1.4068332833e-21, 2.00470775744e-21],
        "var": [2.71373079563e-09, 7.83934592619e-06, 6.9799521043e-06, 2.84139923679e-06, 3.96968571295e-05, 2.09174631891e-05, 2.8234153433e-06, 5.0619337344e-06, 3.56720374839e-05, 2.93665252684e-05, 4.22399989475e-06, 2.69932388619e-06, 6.67287758915e-06, 3.1272288652e-06, 1.99045439331e-06, 1.70435532709e-06, 8.75383193488e-07, 9.42742246934e-07, 6.8839750611e-07, 3.86280078146e-07, 1.26211716633e-07, 1.65770529748e-07, 2.11229249203e-07, 1.78468951617e-07, 1.29392176973e-07, 1.28946755495e-08, 4.73975405365e-13]
    },
    "erbbands": {
        "dmean": [0.0166077800095, 0.244768291712, 0.986064970493, 1.71198177338, 3.42757034302, 8.23253154755, 8.8956785202, 13.4999799728, 7.83477163315, 9.46635437012, 13.3664321899, 44.2949867249, 39.9418640137, 26.8867740631, 25.2638568878, 16.2432823181, 25.0863456726, 26.3924179077, 28.3624629974, 19.5869903564, 18.2194271088, 13.5620641708, 16.8987808228, 17.6681728363, 11.9767360687, 13.0487508774, 6.44307422638, 3.83570313454, 3.41613340378, 2.83100700378, 2.41317820549, 1.7515052557, 0.908466041088, 0.601981759071, 0.339808344841, 0.138147413731, 0.0328251756728, 0.00198034127243, 4.38812603534e-05, 9.56336498348e-06],
        "dmean2": [0.0276586413383, 0.418090939522, 1.72684109211, 2.92242217064, 5.85698890686, 13.455663681, 14.0265474319, 21.5946044922, 12.4915189743, 15.078125, 20.7915248871, 70.7601699829, 60.6606445312, 40.9188308716, 41.4403762817, 25.1166877747, 39.621635437, 40.4685096741, 45.7454452515, 31.2997665405, 28.6950740814, 21.6968383789, 27.0962028503, 28.6693973541, 19.2096061707, 21.4067192078, 10.6176376343, 6.11008358002, 5.4520316124, 4.36250591278, 3.62253546715, 2.64843726158, 1.36038863659, 0.841431081295, 0.483991920948, 0.197635263205, 0.0472659282386, 0.00285207363777, 6.21476501692e-05, 1.47912942339e-05],
        "dvar": [0.00225828541443, 0.584199786186, 7.74708032608, 18.5101261139, 49.9804725647, 263.985473633, 330.010864258, 761.043823242, 546.901672363, 362.76361084, 813.98651123, 7300.56787109, 6257.93261719, 4032.44824219, 2812.19702148, 2002.97229004, 3685.16235352, 3691.17236328, 3204.70458984, 2019.12109375, 1645.35070801, 552.395568848, 1018.11010742, 842.362060547, 333.865234375, 371.247589111, 120.130653381, 92.2266769409, 106.464530945, 81.7607574463, 59.8887443542, 54.9585266113, 11.2185945511, 7.38914680481, 2.6250243187, 0.297840297222, 0.013393943198, 6.14199016127e-05, 2.62046722099e-08, 1.87201795732e-10],
        "dvar2": [0.00572480540723, 1.57489609718, 22.0056533813, 49.3561058044, 138.437820435, 677.69934082, 777.664916992, 1810.68530273, 1397.3581543, 855.168395996, 1785.67358398, 18606.203125, 14375.2509766, 8964.26757812, 8117.0078125, 4298.96191406, 8085.01123047, 7830.99902344, 8021.65771484, 4571.07568359, 3673.30371094, 1251.82543945, 2317.50805664, 1987.81713867, 757.926940918, 913.913085938, 289.767181396, 205.664611816, 245.700515747, 157.756072998, 110.169692993, 112.721549988, 20.9391689301, 12.942615509, 5.26186656952, 0.585032165051, 0.0280735082924, 0.000125866034068, 5.09630559975e-08, 3.77867570567e-10],
        "max": [0.777137815952, 12.3084974289, 41.588558197, 87.8803787231, 135.17779541, 298.113220215, 476.654815674, 664.239929199, 674.115661621, 507.07333374, 666.694152832, 1560.1505127, 1584.88806152, 1895.67285156, 1581.98376465, 1587.92297363, 1676.85705566, 1538.1932373, 1125.12268066, 1172.90393066, 1556.28686523, 651.655761719, 841.519958496, 1002.23669434, 563.751098633, 441.597320557, 249.866470337, 218.229736328, 267.259643555, 388.10748291, 381.00189209, 352.904693604, 141.313186646, 91.6555023193, 58.4340858459, 17.2392711639, 3.90883755684, 0.359698176384, 0.00638352753595, 0.000413129338995],
        "mean": [0.0234411582351, 0.402389645576, 1.67575383186, 2.844810009, 5.94615840912, 16.091178894, 18.9241008759, 27.1349163055, 14.312505722, 17.5674991608, 27.6334190369, 94.6920776367, 89.7468032837, 61.8182907104, 50.5365028381, 30.7253608704, 46.5391387939, 49.7735748291, 52.6910514832, 38.6169242859, 37.5664825439, 30.8498249054, 37.0349845886, 40.1471138, 30.5902194977, 29.6603050232, 14.3562555313, 8.22648048401, 6.58008146286, 5.94770431519, 5.206802845, 3.61669659615, 1.96969652176, 1.15122783184, 0.608653843403, 0.227644652128, 0.0481968931854, 0.00282713118941, 8.37534025777e-05, 4.01462821173e-05],
        "median": [0.011558316648, 0.156355679035, 1.0272872448, 1.66672110558, 2.599609375, 5.62320327759, 7.1714758873, 11.7157402039, 5.85398674011, 8.43275928497, 11.7200269699, 30.3188934326, 31.7028045654, 19.4660301208, 20.312461853, 13.5825481415, 19.421333313, 20.8861923218, 23.6295204163, 22.4351768494, 21.4294319153, 17.6105575562, 23.1921482086, 29.0022544861, 22.2581996918, 22.5164642334, 10.4783411026, 4.44487667084, 3.07241201401, 3.05516195297, 2.58148407936, 1.63995814323, 0.829251468182, 0.341934025288, 0.172842651606, 0.0577078908682, 0.00959769450128, 0.000315841753036, 3.0304378015e-05, 3.78369222744e-05],
        "min": [1.74492422407e-22, 9.65037148075e-22, 2.93762248945e-21, 9.77140541232e-21, 1.54349495078e-20, 2.70750318564e-20, 8.10505297639e-20, 9.63292406867e-20, 7.31269279021e-20, 2.0577748834e-19, 3.08239187594e-19, 2.66204686448e-19, 4.11503562236e-19, 4.12943528586e-19, 9.02181078693e-19, 1.58405076964e-18, 1.15888913717e-18, 3.07152530764e-18, 2.3867920208e-18, 3.46630201126e-18, 4.45307016581e-18, 5.0117318215e-18, 5.53995074912e-18, 7.42793548976e-18, 7.05231608232e-18, 9.62990682399e-18, 9.22361307789e-18, 1.06306398552e-17, 1.1797491433e-17, 1.21720826549e-17, 1.15033327723e-17, 9.55857986695e-18, 9.30531205263e-18, 8.36326500432e-18, 6.28445590022e-18, 3.76085606431e-18, 2.39351575841e-18, 9.65593881825e-19, 2.70857086256e-19, 2.81436958935e-20],
        "var": [0.00224588112906, 0.564270615578, 6.79450035095, 18.971818924, 111.143363953, 757.454467773, 1071.63244629, 2320.15551758, 832.311767578, 815.377319336, 2594.05493164, 26230.3300781, 24760.8457031, 19038.9882812, 9179.23632812, 4920.02441406, 10191.7255859, 8440.04492188, 7011.36816406, 4490.86962891, 4188.47119141, 1856.12487793, 3188.62353516, 2359.32788086, 1153.79650879, 966.809570312, 267.405700684, 217.124694824, 219.177185059, 208.784194946, 168.259536743, 117.213317871, 36.1541595459, 18.9792194366, 5.60176706314, 0.633073747158, 0.0285898875445, 0.000166968122358, 7.26994429101e-08, 5.97212113096e-10]
    },
    "gfcc": {
        "mean": [17.4635829926, 83.6977386475, -142.342559814, 34.5516433716, -69.365776062, 12.4212760925, -42.6283569336, 11.8449544907, -30.4348964691, -2.41026067734, -16.5563564301, -5.65171432495, -8.09666538239],
        "cov": [[13667.2539062, 429.563903809, -1433.75585938, 420.584838867, -615.29083252, 265.716918945, -333.031799316, 307.054656982, -353.486297607, 82.8261795044, -256.217895508, 25.0254421234, -126.847854614], [429.563903809, 811.880981445, -116.382484436, 68.2436904907, 15.9542970657, -122.044830322, -35.2182159424, -89.9192657471, -1.2197072506, -98.5266036987, 84.5330657959, -106.404663086, 12.1295337677], [-1433.75585938, -116.382484436, 695.610107422, 173.901123047, 118.01084137, -8.4257440567, -44.1951370239, -53.5030403137, 19.7316646576, 48.13697052, -6.05031061172, 77.682510376, -6.32880592346], [420.584838867, 68.2436904907, 173.901123047, 380.694396973, 77.6382827759, -27.8867988586, -58.081943512, 3.03407406807, 34.5942726135, 31.3186092377, 9.24706363678, 40.8218841553, 27.7680034637], [-615.29083252, 15.9542970657, 118.01084137, 77.6382827759, 237.316680908, 49.9663734436, 65.9478759766, 36.5248908997, 23.8913269043, 28.0774555206, 25.7939834595, 22.4121646881, 0.231281220913], [265.716918945, -122.044830322, -8.4257440567, -27.8867988586, 49.9663734436, 229.285354614, 128.938095093, 56.515422821, -21.0591964722, 16.3756103516, -10.5406990051, -0.816325306892, -34.0542564392], [-333.031799316, -35.2182159424, -44.1951370239, -58.081943512, 65.9478759766, 128.938095093, 224.308654785, 80.7750701904, -0.825392663479, 1.30573856831, 15.446267128, -20.6953449249, -25.6299629211], [307.054656982, -89.9192657471, -53.5030403137, 3.03407406807, 36.5248908997, 56.515422821, 80.7750701904, 147.437271118, 40.3050689697, 26.6522045135, -14.3490362167, 11.9086370468, -2.99236345291], [-353.486297607, -1.2197072506, 19.7316646576, 34.5942726135, 23.8913269043, -21.0591964722, -0.825392663479, 40.3050689697, 115.152008057, 22.263469696, 1.77138698101, 5.02484273911, 24.853269577], [82.8261795044, -98.5266036987, 48.13697052, 31.3186092377, 28.0774555206, 16.3756103516, 1.30573856831, 26.6522045135, 22.263469696, 102.580963135, 18.7473640442, 28.5214672089, -7.94517326355], [-256.217895508, 84.5330657959, -6.05031061172, 9.24706363678, 25.7939834595, -10.5406990051, 15.446267128, -14.3490362167, 1.77138698101, 18.7473640442, 101.358047485, 17.9943180084, 12.2797527313], [25.0254421234, -106.404663086, 77.682510376, 40.8218841553, 22.4121646881, -0.816325306892, -20.6953449249, 11.9086370468, 5.02484273911, 28.5214672089, 17.9943180084, 114.931564331, 37.7773094177], [-126.847854614, 12.1295337677, -6.32880592346, 27.7680034637, 0.231281220913, -34.0542564392, -25.6299629211, -2.99236345291, 24.853269577, -7.94517326355, 12.2797527313, 37.7773094177, 90.8472747803]],
        "icov": [[0.000504032941535, -0.000925517000724, 0.0010884013027, -0.00100274721626, 0.00123101333156, -0.00135299924295, 0.00146833539475, -0.00176491681486, 0.00193476548884, -0.00146608590148, 0.00166609685402, -0.00137479347177, 0.000744429184124], [-0.000925517000724, 0.00399212725461, -0.00167268502992, 0.00113966607023, -0.00279190554284, 0.00331178493798, -0.002678924473, 0.00388845265843, -0.0037633322645, 0.00467032706365, -0.0053025810048, 0.00461256830022, -0.00143264827784], [0.0010884013027, -0.00167268502992, 0.00449116760865, -0.00291845947504, 0.00171487557236, -0.00272060954012, 0.00297898543067, -0.00217560492456, 0.00357103883289, -0.00338019500487, 0.00419356720522, -0.00420558173209, 0.00260196323507], [-0.00100274721626, 0.00113966607023, -0.00291845947504, 0.00561637524515, -0.00322215724736, 0.00236643105745, -0.00167967425659, 0.00266386056319, -0.00406959978864, 0.00203596637584, -0.00289776618592, 0.00216025416739, -0.0021783602424], [0.00123101333156, -0.00279190554284, 0.00171487557236, -0.00322215724736, 0.00894799083471, -0.00398896960542, 0.00202470668592, -0.00506489537656, 0.00419883383438, -0.00429998431355, 0.00333246518858, -0.00396693171933, 0.00175665633287], [-0.00135299924295, 0.00331178493798, -0.00272060954012, 0.00236643105745, -0.00398896960542, 0.0111891692504, -0.00785697437823, 0.00455043418333, -0.00376337231137, 0.00353014701977, -0.00364999519661, 0.00341901276261, -0.000696565257385], [0.00146833539475, -0.002678924473, 0.00297898543067, -0.00167967425659, 0.00202470668592, -0.00785697437823, 0.0136337960139, -0.00930417235941, 0.00602225773036, -0.00264414399862, 0.00199132645503, -0.0019500098424, 0.00238132220693], [-0.00176491681486, 0.00388845265843, -0.00217560492456, 0.00266386056319, -0.00506489537656, 0.00455043418333, -0.00930417235941, 0.0183926597238, -0.0107896747068, 0.00340504385531, -0.00299222976901, 0.00259288377129, -0.00167392019648], [0.00193476548884, -0.0037633322645, 0.00357103883289, -0.00406959978864, 0.00419883383438, -0.00376337231137, 0.00602225773036, -0.0107896747068, 0.0192431695759, -0.00801699794829, 0.00651643285528, -0.00307725532912, -0.000947907741647], [-0.00146608590148, 0.00467032706365, -0.00338019500487, 0.00203596637584, -0.00429998431355, 0.00353014701977, -0.00264414399862, 0.00340504385531, -0.00801699794829, 0.018877113238, -0.00966614391655, 0.00307548651472, 0.00104383530561], [0.00166609685402, -0.0053025810048, 0.00419356720522, -0.00289776618592, 0.00333246518858, -0.00364999519661, 0.00199132645503, -0.00299222976901, 0.00651643285528, -0.00966614391655, 0.0200776830316, -0.00862061139196, 0.00154148752335], [-0.00137479347177, 0.00461256830022, -0.00420558173209, 0.00216025416739, -0.00396693171933, 0.00341901276261, -0.0019500098424, 0.00259288377129, -0.00307725532912, 0.00307548651472, -0.00862061139196, 0.0189636368304, -0.00827137194574], [0.000744429184124, -0.00143264827784, 0.00260196323507, -0.0021783602424, 0.00175665633287, -0.000696565257385, 0.00238132220693, -0.00167392019648, -0.000947907741647, 0.00104383530561, 0.00154148752335, -0.00827137194574, 0.0170181524009]]
    },
    "melbands": {
        "dmean": [0.00020274722192, 0.000447236117907, 0.000319537561154, 0.00040385153261, 0.000335406453814, 0.000284106063191, 0.00011325073865, 0.000111739645945, 0.000118726093206, 0.000291473988909, 0.00020203301392, 0.00011550354975, 8.18434054963e-05, 5.32376179763e-05, 4.10980937886e-05, 6.76700874465e-05, 5.18107481184e-05, 4.92668696097e-05, 3.01968375425e-05, 3.39031248586e-05, 2.16626467591e-05, 1.68659134943e-05, 1.73075222847e-05, 1.40023466884e-05, 1.66338340932e-05, 1.05242343125e-05, 8.88805971044e-06, 9.89872751234e-06, 5.33110005563e-06, 2.72223132924e-06, 2.39745759245e-06, 2.15129671233e-06, 1.8123407699e-06, 1.62920559887e-06, 1.49898073687e-06, 1.39434166613e-06, 1.04890034436e-06, 6.91586762969e-07, 6.27102735962e-07, 5.11335315423e-07],
        "dmean2": [0.000340637314366, 0.000776899571065, 0.000545669172425, 0.00067292782478, 0.000534748774953, 0.000453377491795, 0.000179948983714, 0.000177092981176, 0.000183070878848, 0.000467630889034, 0.000304799614241, 0.000176027984708, 0.000131130596856, 8.24578528409e-05, 6.51744121569e-05, 0.000105842809717, 7.98321925686e-05, 7.91502025095e-05, 4.81662464153e-05, 5.41010704183e-05, 3.4500779293e-05, 2.70424043265e-05, 2.79971791315e-05, 2.25510339078e-05, 2.71285134659e-05, 1.71143346961e-05, 1.42865765156e-05, 1.6544259779e-05, 8.91157469596e-06, 4.43625640401e-06, 3.85712837669e-06, 3.49145125256e-06, 2.89014224109e-06, 2.53535336014e-06, 2.31441526921e-06, 2.13375687963e-06, 1.60499484991e-06, 1.06008178591e-06, 9.10174037472e-07, 7.30908482183e-07],
        "dvar": [3.71875586325e-07, 1.59373269071e-06, 5.01896806782e-07, 5.96473455516e-07, 4.15521611785e-07, 3.16075301043e-07, 1.03360733306e-07, 5.02141546121e-08, 5.68304692194e-08, 3.15303083198e-07, 1.62821223171e-07, 7.63216689847e-08, 2.98218552075e-08, 1.41225573458e-08, 1.35747244556e-08, 3.16774126929e-08, 1.55611150632e-08, 1.02212265318e-08, 3.86768483907e-09, 6.28026697314e-09, 2.40872299884e-09, 9.70796665278e-10, 1.1697700586e-09, 5.85818116239e-10, 8.05953137561e-10, 2.59502475064e-10, 2.0293798586e-10, 2.18250376105e-10, 7.77027331367e-11, 3.58540766521e-11, 4.0821134667e-11, 4.24194325499e-11, 3.05427350078e-11, 2.75821327583e-11, 2.0803700776e-11, 2.43228596986e-11, 2.1533061792e-11, 6.62673171545e-12, 5.84557142275e-12, 5.79665569017e-12],
        "dvar2": [9.71683107309e-07, 4.42473492512e-06, 1.34355695991e-06, 1.56980036081e-06, 1.00554086657e-06, 7.55211374326e-07, 2.6385581009e-07, 1.16909930625e-07, 1.25706080212e-07, 8.16816452698e-07, 3.69643942122e-07, 1.68733834016e-07, 7.82625306783e-08, 3.17563468855e-08, 3.07540055644e-08, 6.94936446166e-08, 3.33610294945e-08, 2.51036809118e-08, 9.10348507688e-09, 1.48689860424e-08, 5.38760502877e-09, 2.19198303952e-09, 2.62299093556e-09, 1.39794220644e-09, 1.90159177293e-09, 6.09423900233e-10, 4.75579742254e-10, 5.54416457188e-10, 1.9603338397e-10, 8.22678175583e-11, 9.73483099687e-11, 9.97783591861e-11, 7.08038350172e-11, 5.34964503252e-11, 3.99393781936e-11, 4.84172354986e-11, 4.72984082456e-11, 1.37502674177e-11, 1.06499652847e-11, 1.07273469621e-11],
        "max": [0.0108286933973, 0.0182412024587, 0.0140088275075, 0.0166188590229, 0.0132204312831, 0.0137081798166, 0.00875895190984, 0.00578222610056, 0.00553939351812, 0.0100657828152, 0.00813156459481, 0.00858072564006, 0.00445568142459, 0.00272008730099, 0.00346560869366, 0.00648012664169, 0.00330687547103, 0.00216867239214, 0.00166905904189, 0.00231845420785, 0.00189073174261, 0.000978943309747, 0.00102377845906, 0.000783047697041, 0.0010204523569, 0.000522367772646, 0.000408807391068, 0.000350698188413, 0.000220068308408, 0.000139940078952, 0.000146660400787, 0.000160662224516, 0.000168931612279, 0.000224994451855, 0.000219548106543, 0.00022119039204, 0.0002055712539, 0.000126387370983, 8.36460967548e-05, 8.41201181174e-05],
        "mean": [0.000314865144901, 0.000793113315012, 0.00056118768407, 0.000781864044257, 0.000737543858122, 0.00057758128969, 0.000202380062547, 0.000206029959372, 0.000229336146731, 0.00062012457056, 0.000438186980318, 0.000254227139521, 0.000156017398695, 9.49371096794e-05, 7.16087597539e-05, 0.000117604875413, 8.90212395461e-05, 8.62047745613e-05, 5.16990075994e-05, 5.7134177041e-05, 4.17290175392e-05, 3.34520809702e-05, 3.31642768288e-05, 3.01664840663e-05, 3.35625736625e-05, 2.31490084843e-05, 1.96401397261e-05, 2.01246875804e-05, 1.05448980321e-05, 5.27739712197e-06, 4.57917576568e-06, 3.7889781197e-06, 3.33505204253e-06, 3.24043003275e-06, 3.02838793687e-06, 2.72158831649e-06, 1.99935084311e-06, 1.39523183407e-06, 1.17781701192e-06, 8.98651592252e-07],
        "median": [0.000132962595671, 0.000507802469656, 0.000333303818479, 0.000301507650875, 0.000293374207104, 0.00025182205718, 8.30889039207e-05, 9.0998444648e-05, 8.26430114103e-05, 0.000182044474059, 0.000134514382808, 6.42291270196e-05, 5.63410976611e-05, 4.15998656536e-05, 2.98963641399e-05, 3.71993955923e-05, 3.088475205e-05, 3.475878475e-05, 2.61551103904e-05, 2.9609836929e-05, 2.20083238673e-05, 1.69360519067e-05, 1.8624958102e-05, 2.02665723918e-05, 2.24198920478e-05, 1.54889185069e-05, 1.31942560984e-05, 1.46063575812e-05, 7.51301104174e-06, 2.90773868983e-06, 2.2989684112e-06, 1.70891678408e-06, 1.54848839884e-06, 1.66727272699e-06, 1.47607352119e-06, 1.22058168017e-06, 8.81613573256e-07, 6.10179313298e-07, 3.7608515413e-07, 2.41309692228e-07],
        "min": [1.36746119135e-24, 2.24450432121e-24, 1.62019289829e-24, 1.93874676473e-24, 3.50212826721e-24, 2.45498463807e-24, 1.08314733946e-24, 2.50975446186e-24, 1.77803193529e-24, 2.23775482731e-24, 2.00824225504e-24, 1.01909429914e-24, 3.32783378893e-24, 4.84363948465e-24, 3.20865721932e-24, 1.88704284885e-24, 4.31456467501e-24, 3.19167363568e-24, 4.74191153218e-24, 4.01451117452e-24, 3.83468362585e-24, 4.73012752798e-24, 3.54425777828e-24, 4.94182308506e-24, 5.37878970654e-24, 5.33555500134e-24, 4.04723904132e-24, 6.04062152349e-24, 4.95046545071e-24, 5.30469160728e-24, 4.41011702988e-24, 4.66779686685e-24, 5.81372146132e-24, 6.35525317351e-24, 6.33701313166e-24, 5.94756827997e-24, 5.80820377372e-24, 5.85146924449e-24, 7.26936428566e-24, 6.00089922147e-24],
        "var": [3.70046421949e-07, 1.43828356158e-06, 6.14674888766e-07, 1.67416999375e-06, 1.41972145684e-06, 9.60726765697e-07, 1.6385637025e-07, 1.24662378198e-07, 1.83770765716e-07, 1.16748367418e-06, 6.48357797672e-07, 3.66126869267e-07, 9.54805585707e-08, 3.27062110728e-08, 3.09574730295e-08, 9.06517882981e-08, 3.33809140329e-08, 2.22131593119e-08, 6.96474566908e-09, 1.08316768888e-08, 6.39467412356e-09, 2.94844992865e-09, 3.25460813855e-09, 1.8910530919e-09, 2.04847760976e-09, 7.95549903732e-10, 5.59187141036e-10, 4.96926721993e-10, 1.49831494434e-10, 7.92475668421e-11, 8.24697185542e-11, 7.76328376584e-11, 6.3747632173e-11, 6.75262623595e-11, 5.58756443891e-11, 5.69533309402e-11, 4.17394244168e-11, 1.84272232889e-11, 1.71404088839e-11, 1.3270331882e-11]
    },
    "mfcc": {
        "mean": [-608.492980957, 105.258369446, -15.5770950317, 19.2529735565, -3.53184962273, -2.88388895988, -1.34823930264, 2.86218571663, -6.14759778976, 4.86732244492, -7.65619039536, -6.93924331665, -6.15300941467],
        "cov": [[4380.35839844, -4.74242353439, -231.69708252, 99.1474075317, -9.18321895599, 32.3402366638, 145.347595215, 130.378585815, 96.2593231201, 171.250198364, -32.469669342, -21.2523975372, 1.31867539883], [-4.74242353439, 700.75592041, -68.5615768433, 54.6851081848, 8.09951019287, -32.6695709229, 6.16650629044, -16.6263923645, -98.0336761475, -2.1802585125, 1.56880629063, -26.0608654022, -21.3845825195], [-231.69708252, -68.5615768433, 440.192565918, 142.443222046, 90.3748703003, 65.1812210083, -52.8550262451, -36.0097885132, -7.50767469406, -80.5111312866, 6.03122711182, 26.4600982666, 23.2990016937], [99.1474075317, 54.6851081848, 142.443222046, 375.48046875, 151.280471802, 7.36139583588, -53.1531791687, -33.6231918335, 14.3162126541, -56.4628868103, -8.58026409149, 56.6617927551, 62.0546684265], [-9.18321895599, 8.09951019287, 90.3748703003, 151.280471802, 196.868942261, 36.098361969, -24.7097568512, -10.7547464371, 19.3687744141, -23.4841041565, -8.34825325012, 23.4528961182, 40.5168075562], [32.3402366638, -32.6695709229, 65.1812210083, 7.36139583588, 36.098361969, 142.640762329, 74.2048034668, 28.1268901825, 10.429561615, 9.7734041214, 14.0530843735, 6.58969402313, 1.18517875671], [145.347595215, 6.16650629044, -52.8550262451, -53.1531791687, -24.7097568512, 74.2048034668, 211.290756226, 81.5988769531, 2.49465703964, 68.3417739868, 29.9123058319, -5.92722892761, -11.3785877228], [130.378585815, -16.6263923645, -36.0097885132, -33.6231918335, -10.7547464371, 28.1268901825, 81.5988769531, 138.15322876, 51.5680274963, 47.464931488, 3.38060617447, -0.672355115414, -4.49623966217], [96.2593231201, -98.0336761475, -7.50767469406, 14.3162126541, 19.3687744141, 10.429561615, 2.49465703964, 51.5680274963, 132.495025635, 38.0306892395, 1.22806608677, 14.0077495575, 13.9226608276], [171.250198364, -2.1802585125, -80.5111312866, -56.4628868103, -23.4841041565, 9.7734041214, 68.3417739868, 47.464931488, 38.0306892395, 143.703979492, 34.4061851501, -16.4821376801, -20.6599941254], [-32.469669342, 1.56880629063, 6.03122711182, -8.58026409149, -8.34825325012, 14.0530843735, 29.9123058319, 3.38060617447, 1.22806608677, 34.4061851501, 98.0724334717, 25.8004646301, -11.936542511], [-21.2523975372, -26.0608654022, 26.4600982666, 56.6617927551, 23.4528961182, 6.58969402313, -5.92722892761, -0.672355115414, 14.0077495575, -16.4821376801, 25.8004646301, 90.2000274658, 42.3578338623], [1.31867539883, -21.3845825195, 23.2990016937, 62.0546684265, 40.5168075562, 1.18517875671, -11.3785877228, -4.49623966217, 13.9226608276, -20.6599941254, -11.936542511, 42.3578338623, 93.6344528198]],
