{
"lowlevel": {
    "average_loudness": 0.957019031048,
    "barkbands_crest": {
        "dmean": 2.57532954216,
        "dmean2": 4.08972072601,
        "dvar": 5.65312147141,
        "dvar2": 12.9996175766,
        "max": 25.7295875549,
        "mean": 9.40578365326,
        "median": 8.49956130981,
        "min": 2.24251580238,
        "var": 19.196105957
    },
    "barkbands_flatness_db": {
        "dmean": 0.021125216037,
        "dmean2": 0.0317688323557,
        "dvar": 0.000380146608222,
        "dvar2": 0.000821850844659,
        "max": 0.329279929399,
        "mean": 0.109692335129,
        "median": 0.102368719876,
        "min": 0.0206737928092,
        "var": 0.0023158476688
    },
    "barkbands_kurtosis": {
        "dmean": 1.89884901047,
        "dmean2": 2.92012643814,
        "dvar": 23.0031204224,
        "dvar2": 45.7509994507,
        "max": 190.692977905,
        "mean": 1.8894380331,
        "median": -0.0329681634903,
        "min": -1.90572702885,
        "var": 61.7640037537
    },
    "barkbands_skewness": {
        "dmean": 0.504045069218,
        "dmean2": 0.749683737755,
        "dvar": 0.299324721098,
        "dvar2": 0.589521229267,
        "max": 12.7351694107,
        "mean": 0.831610202789,
        "median": 0.598035573959,
        "min": -2.64893078804,
        "var": 1.43496572971
    },
    "barkbands_spread": {
        "dmean": 6.94997024536,
        "dmean2": 10.746427536,
        "dvar": 54.6630020142,
        "dvar2": 126.482902527,
        "max": 91.2333755493,
        "mean": 29.5806217194,
        "median": 28.2666530609,
        "min": 1.12655925751,
        "var": 235.641784668
    },
    "dissonance": {
        "dmean": 0.0204062573612,
        "dmean2": 0.0345208607614,
        "dvar": 0.000464898446808,
        "dvar2": 0.00126483244821,
        "max": 0.500000059605,
        "mean": 0.466369658709,
        "median": 0.474759340286,
        "min": 0.245091944933,
        "var": 0.000813754624687
    },
    "dynamic_complexity": 2.19848060608,
    "erbbands_crest": {
        "dmean": 3.21569991112,
        "dmean2": 5.0752453804,
        "dvar": 9.05333614349,
        "dvar2": 20.2182044983,
        "max": 31.4702682495,
        "mean": 10.925573349,
        "median": 9.66144180298,
        "min": 2.16007518768,
        "var": 34.2110023499
    },
    "erbbands_flatness_db": {
        "dmean": 0.0205598119646,
        "dmean2": 0.0305182095617,
        "dvar": 0.000355384807335,
        "dvar2": 0.000758274109103,
        "max": 0.370012015104,
        "mean": 0.156028792262,
        "median": 0.151353269815,
        "min": 0.0213206019253,
        "var": 0.00230290554464
    },
    "erbbands_kurtosis": {
        "dmean": 1.22679531574,
        "dmean2": 1.87170350552,
        "dvar": 2.71790313721,
        "dvar2": 6.10668039322,
        "max": 56.1017189026,
        "mean": 1.13355386257,
        "median": 0.262632131577,
        "min": -1.79094946384,
        "var": 8.4256067276
    },
    "erbbands_skewness": {
        "dmean": 0.399679422379,
        "dmean2": 0.591143846512,
        "dvar": 0.132348433137,
        "dvar2": 0.283394902945,
        "max": 6.1941447258,
        "mean": 0.181372433901,
        "median": 0.125554591417,
        "min": -2.89156198502,
        "var": 0.781852781773
    },
    "erbbands_spread": {
        "dmean": 8.81357192993,
        "dmean2": 13.2455654144,
        "dvar": 89.8307647705,
        "dvar2": 196.876525879,
        "max": 132.280807495,
        "mean": 35.712272644,
        "median": 31.7125854492,
        "min": 2.10025048256,
        "var": 394.220001221
    },
    "hfc": {
        "dmean": 11.4748125076,
        "dmean2": 16.694475174,
        "dvar": 308.1847229,
        "dvar2": 641.528991699,
        "max": 182.878311157,
        "mean": 29.1636829376,
        "median": 24.6103610992,
        "min": 1.2069658339e-16,
        "var": 597.133972168
    },
    "melbands_crest": {
        "dmean": 3.16752457619,
        "dmean2": 4.81522321701,
        "dvar": 8.90315818787,
        "dvar2": 19.7498035431,
        "max": 33.1483001709,
        "mean": 12.2440347672,
        "median": 10.8716068268,
        "min": 1.58725917339,
        "var": 30.2350215912
    },
    "melbands_flatness_db": {
        "dmean": 0.0266412999481,
        "dmean2": 0.039151288569,
        "dvar": 0.000676761381328,
        "dvar2": 0.00135031132959,
        "max": 0.46018627286,
        "mean": 0.152087956667,
        "median": 0.143524214625,
        "min": 0.00515149766579,
        "var": 0.00406900607049
    },
    "melbands_kurtosis": {
        "dmean": 5.05419635773,
        "dmean2": 7.63468647003,
        "dvar": 160.940689087,
        "dvar2": 312.195983887,
        "max": 491.718231201,
        "mean": 7.95951223373,
        "median": 2.55982995033,
        "min": -1.78137242794,
        "var": 397.647979736
    },
    "melbands_skewness": {
        "dmean": 0.66530919075,
        "dmean2": 0.983805775642,
        "dvar": 0.60709631443,
        "dvar2": 1.15414917469,
        "max": 18.4799308777,
        "mean": 1.84582138062,
        "median": 1.49130129814,
        "min": -1.26372790337,
        "var": 2.73232126236
    },
    "melbands_spread": {
        "dmean": 10.3492050171,
        "dmean2": 15.7851772308,
        "dvar": 145.563522339,
        "dvar2": 300.049346924,
        "max": 171.47895813,
        "mean": 38.2874641418,
        "median": 36.3792457581,
        "min": 0.792115390301,
        "var": 499.909515381
    },
    "pitch_salience": {
        "dmean": 0.0728476494551,
        "dmean2": 0.110543869436,
        "dvar": 0.00431227684021,
        "dvar2": 0.0093722352758,
        "max": 0.98966050148,
        "mean": 0.562851011753,
        "median": 0.578526079655,
        "min": 0.0724053531885,
        "var": 0.0171353407204
    },
    "silence_rate_20dB": {
        "dmean": 0,
        "dmean2": 0,
        "dvar": 0,
        "dvar2": 0,
        "max": 1,
        "mean": 1,
        "median": 1,
        "min": 1,
        "var": 0
    },
    "silence_rate_30dB": {
        "dmean": 0,
        "dmean2": 0,
        "dvar": 0,
        "dvar2": 0,
        "max": 1,
        "mean": 1,
        "median": 1,
        "min": 1,
        "var": 0
    },
    "silence_rate_60dB": {
        "dmean": 0.021023651585,
        "dmean2": 0.0420525670052,
        "dvar": 0.0205821003765,
        "dvar2": 0.0455421283841,
        "max": 1,
        "mean": 0.0440440438688,
        "median": 0,
        "min": 0,
        "var": 0.0421050600708
    },
    "spectral_centroid": {
        "dmean": 300.27355957,
        "dmean2": 446.913726807,
        "dvar": 111671.789062,
        "dvar2": 218025.8125,
        "max": 11368.9316406,
        "mean": 1876.17041016,
        "median": 1896.24145508,
        "min": 215.353042603,
        "var": 491055.96875
    },
    "spectral_complexity": {
        "dmean": 4.96308326721,
        "dmean2": 7.48585748672,
        "dvar": 41.4688949585,
        "dvar2": 77.1066741943,
        "max": 60,
        "mean": 18.5768260956,
        "median": 16,
        "min": 0,
        "var": 107.798751831
    },
    "spectral_decrease": {
        "dmean": 1.37113342902e-09,
        "dmean2": 2.07000483421e-09,
        "dvar": 2.45850651196e-18,
        "dvar2": 5.2741734824e-18,
        "max": 6.74739111744e-23,
        "mean": -4.61766846982e-09,
        "median": -4.44477699091e-09,
        "min": -1.55613850694e-08,
        "var": 6.63261167055e-18
    },
    "spectral_energy": {
        "dmean": 0.00603136327118,
        "dmean2": 0.00902224238962,
        "dvar": 5.00266287418e-05,
        "dvar2": 0.00010720903083,
        "max": 0.0674958527088,
        "mean": 0.0200733486563,
        "median": 0.0193149000406,
        "min": 1.07198188756e-20,
        "var": 0.000126507686218
    },
    "spectral_energyband_high": {
        "dmean": 0.00102437951136,
        "dmean2": 0.00151263247244,
        "dvar": 3.79985272048e-06,
        "dvar2": 7.83628638601e-06,
        "max": 0.0244223494083,
        "mean": 0.00171409896575,
        "median": 0.000878594641108,
        "min": 7.62366003239e-21,
        "var": 5.85988573221e-06
    },
    "spectral_energyband_low": {
        "dmean": 0.00175991223659,
        "dmean2": 0.00258350954391,
        "dvar": 1.48746785271e-05,
        "dvar2": 2.53406797128e-05,
        "max": 0.0542988963425,
        "mean": 0.00421448191628,
        "median": 0.00217212736607,
        "min": 3.66827231349e-23,
        "var": 3.80885066988e-05
    },
    "spectral_energyband_middle_high": {
        "dmean": 0.00304298754781,
        "dmean2": 0.00443525519222,
        "dvar": 1.58297862072e-05,
        "dvar2": 3.31316659867e-05,
        "max": 0.0486564300954,
        "mean": 0.00841758865863,
        "median": 0.00619820039719,
        "min": 1.55110279098e-21,
        "var": 5.50060831301e-05
    },
    "spectral_energyband_middle_low": {
        "dmean": 0.00269058044069,
        "dmean2": 0.00416181283072,
        "dvar": 1.15511438707e-05,
        "dvar2": 2.74651483778e-05,
        "max": 0.0410673953593,
        "mean": 0.00643096817657,
        "median": 0.00516511593014,
        "min": 3.84525590815e-22,
        "var": 2.5377721613e-05
    },
    "spectral_entropy": {
        "dmean": 0.206377223134,
        "dmean2": 0.310370951891,
        "dvar": 0.0404117181897,
        "dvar2": 0.0856833606958,
        "max": 9.79528617859,
        "mean": 7.6921710968,
        "median": 7.72358226776,
        "min": 6.07250261307,
        "var": 0.188791841269
    },
    "spectral_flux": {
        "dmean": 0.0245422311127,
        "dmean2": 0.0381532870233,
        "dvar": 0.000571069598664,
        "dvar2": 0.00136207242031,
        "max": 0.236458361149,
        "mean": 0.0846827179193,
        "median": 0.0809408724308,
        "min": 1.03536561269e-10,
        "var": 0.00151846755762
    },
    "spectral_kurtosis": {
        "dmean": 1.11677324772,
        "dmean2": 1.79297435284,
        "dvar": 1.51650857925,
        "dvar2": 3.78691196442,
        "max": 34.319229126,
        "mean": 3.57640171051,
        "median": 3.14122724533,
        "min": -1.18109214306,
        "var": 5.68850946426
    },
    "spectral_rms": {
        "dmean": 0.000660168705508,
        "dmean2": 0.00096079276409,
        "dvar": 4.98177882946e-07,
        "dvar2": 9.82239271252e-07,
        "max": 0.0081147775054,
        "mean": 0.00421678787097,
        "median": 0.0043409448117,
        "min": 3.23393872445e-12,
        "var": 1.80248468951e-06
    },
    "spectral_rolloff": {
        "dmean": 755.969848633,
        "dmean2": 1233.84936523,
        "dvar": 1226767.25,
        "dvar2": 2614605.25,
        "max": 19056.8847656,
        "mean": 2488.04077148,
        "median": 2067.1875,
        "min": 64.599609375,
        "var": 2876491
    },
    "spectral_skewness": {
        "dmean": 0.195335417986,
        "dmean2": 0.29760876298,
        "dvar": 0.0335665978491,
        "dvar2": 0.0759760513902,
        "max": 4.39284515381,
        "mean": 1.41440427303,
        "median": 1.38527560234,
        "min": -0.00897000264376,
        "var": 0.177340507507
    },
    "spectral_spread": {
        "dmean": 716216.3125,
        "dmean2": 1090889.625,
        "dvar": 658140430336,
        "dvar2": 1.36149060813e+12,
        "max": 40780380,
        "mean": 5206604.5,
        "median": 5036528,
        "min": 1642619,
        "var": 1.94197782528e+12
    },
    "spectral_strongpeak": {
        "dmean": 0.894984006882,
        "dmean2": 1.46503973007,
        "dvar": 1.61061573029,
        "dvar2": 3.55543088913,
        "max": 13.6994276047,
        "mean": 1.79857695103,
        "median": 0.819354534149,
        "min": 0,
        "var": 4.20970106125
    },
    "zerocrossingrate": {
        "dmean": 0.0140428980812,
        "dmean2": 0.0167294684798,
        "dvar": 0.000207477089134,
        "dvar2": 0.000293765449896,
        "max": 0.638671875,
        "mean": 0.0898005515337,
        "median": 0.08447265625,
        "min": 0.00439453125,
        "var": 0.00168319884688
    },
    "barkbands": {
        "dmean": [3.09601491608e-05, 0.00121435604524, 0.000965460843872, 0.000466150348075, 0.000781348440796, 0.000774660205934, 0.00044058682397, 0.000522619695403, 0.000675892457366, 0.00104551448021, 0.000604688131716, 0.000589639472309, 0.000655664072838, 0.000542642723303, 0.000459194532596, 0.000346305867424, 0.000403451733291, 0.000422311422881, 0.000363255385309, 0.000228992867051, 0.000314852542942, 0.000254061975284, 0.000162267184351, 0.000143349083373, 0.000102005571534, 7.37294976716e-05, 2.89445051749e-06],
        "dmean2": [4.98743393109e-05, 0.00176163495053, 0.00145890354179, 0.000747065350879, 0.00126769801136, 0.00123684725258, 0.0007106148405, 0.000818876316771, 0.00111345376354, 0.0016747827176, 0.000941992329899, 0.000872254255228, 0.000958345131949, 0.000781965383794, 0.00067524361657, 0.000522903981619, 0.000599777791649, 0.000635386793874, 0.00054465350695, 0.000350362155586, 0.000468536250992, 0.000376370793674, 0.000245862815063, 0.000226533375098, 0.000164639990544, 0.000125178819872, 4.78656602354e-06],
        "dvar": [4.69379646262e-09, 8.7309463197e-06, 6.79761205902e-06, 1.21628056604e-06, 2.31659100791e-06, 2.12442841985e-06, 8.83811082986e-07, 1.63994741342e-06, 2.00704084818e-06, 4.90980528411e-06, 2.10566736314e-06, 2.29933311857e-06, 2.43897056862e-06, 2.06720551432e-06, 9.0143731768e-07, 5.63378989682e-07, 6.85584723215e-07, 5.39188818038e-07, 3.97915556505e-07, 1.48489590401e-07, 4.08239458238e-07, 2.59167137528e-07, 8.57086277506e-08, 6.26780405355e-08, 2.96554141244e-08, 2.23230109953e-08, 6.28086332943e-11],
        "dvar2": [1.05316759758e-08, 1.61947209563e-05, 1.60325216711e-05, 2.89262629849e-06, 6.10467941442e-06, 5.24556435266e-06, 2.19755656872e-06, 3.84752092941e-06, 4.62650268673e-06, 1.1835629266e-05, 4.86968701807e-06, 4.37583730672e-06, 4.7059352255e-06, 4.15869635617e-06, 1.86539648439e-06, 1.20276831694e-06, 1.39700114232e-06, 1.12024997634e-06, 8.10157985143e-07, 3.13289774567e-07, 8.5457310206e-07, 5.17408750511e-07, 1.74155985633e-07, 1.51797024728e-07, 7.17004979833e-08, 5.99987401984e-08, 1.47654874438e-10],
        "max": [0.00197423063219, 0.0372694507241, 0.033116389066, 0.0173598602414, 0.0219216048717, 0.0308264754713, 0.0172656141222, 0.0379250310361, 0.0286424737424, 0.0373895019293, 0.0310883633792, 0.0358376577497, 0.0292526911944, 0.0266278330237, 0.0203314889222, 0.0172999892384, 0.014975676313, 0.016304589808, 0.0185826681554, 0.0051247626543, 0.00685157300904, 0.00665774988011, 0.00584809202701, 0.00279848021455, 0.0025250739418, 0.00368775846437, 0.000211951395613],
        "mean": [6.87070496497e-05, 0.00241425563581, 0.00129512639251, 0.000844122318085, 0.00164506409783, 0.00131725054234, 0.000628543552011, 0.000618096557446, 0.000846858660225, 0.00133235589601, 0.000934649491683, 0.000897400546819, 0.00117415341083, 0.000896248733625, 0.000729428022169, 0.000505064672325, 0.000651554670185, 0.000776575529017, 0.000616085832007, 0.000358068093192, 0.00046132368152, 0.000367601111066, 0.000236729189055, 0.000214050553041, 0.000152061431436, 8.85070112417e-05, 3.51112248609e-06],
        "median": [1.10162200144e-05, 0.00109819951467, 0.000342364830431, 0.00024916435359, 0.000781831447966, 0.000674481852911, 0.000278105027974, 0.00018838988035, 0.000273374898825, 0.000339368125424, 0.000151586835273, 0.000122279452626, 0.000170454848558, 0.000144981298945, 0.000201453032787, 0.000137091497891, 0.000205348580494, 0.000297027116176, 0.000283635745291, 0.000163044285728, 0.000194948865101, 0.000145733749378, 9.60879624472e-05, 8.66915943334e-05, 6.49793000775e-05, 3.45913795172e-05, 8.9205070708e-07],
        "min": [4.55914863209e-24, 1.47307783364e-23, 1.43195293693e-23, 7.90265866493e-24, 6.84601892543e-23, 9.03220745365e-23, 1.09229732527e-22, 1.62487502442e-23, 4.4774255611e-23, 1.21631673564e-22, 1.0997882222e-22, 3.46435240058e-23, 1.06897682986e-22, 1.03623209721e-22, 2.06526183124e-22, 9.13559114626e-23, 1.92526363302e-22, 2.67237196069e-22, 1.94452054814e-22, 3.62900502644e-22, 5.44023521841e-22, 3.30618143457e-22, 6.75675092053e-22, 8.17818184138e-22, 1.18041722832e-21, 1.54982334694e-21, 2.60899914172e-21],
        "var": [1.59806372579e-08, 1.82637286343e-05, 8.47882347443e-06, 2.65526637122e-06, 5.10487643623e-06, 3.71580836145e-06, 1.1558188362e-06, 1.86994896012e-06, 3.11877283821e-06, 6.82906102156e-06, 5.71693317397e-06, 6.28089537713e-06, 8.28311840451e-06, 5.65490154258e-06, 2.15382351598e-06, 1.17881063488e-06, 1.58411455686e-06, 1.74464446445e-06, 9.10725930225e-07, 2.55307185171e-07, 5.89450962707e-07, 3.85754191257e-07, 1.32961076815e-07, 9.80946737172e-08, 4.91193432595e-08, 2.12761346319e-08, 7.89850407301e-11]
    },
    "erbbands": {
        "dmean": [0.0188762266189, 0.324419409037, 1.05980467796, 1.18145525455, 1.7575160265, 3.04680418968, 4.69343900681, 6.87708282471, 6.48984670639, 7.38705253601, 12.362994194, 14.8632602692, 27.1400756836, 27.7772045135, 24.577123642, 24.4085865021, 29.4600105286, 26.6531658173, 17.7473201752, 23.6521072388, 17.4165973663, 19.8945007324, 19.6291332245, 20.4810810089, 14.7543430328, 10.5186576843, 12.2982730865, 11.8070077896, 9.0775680542, 7.06401491165, 4.37257528305, 3.0825741291, 2.36980390549, 1.2719296217, 0.694977641106, 0.33351367712, 0.144608736038, 0.0190825797617, 0.000565797730815, 2.6683204851e-05],
        "dmean2": [0.0299478955567, 0.457228809595, 1.46360170841, 1.85355448723, 2.80015563965, 5.05762004852, 7.72177600861, 10.9711780548, 10.4564962387, 11.7112150192, 19.4300804138, 23.9658660889, 43.5209197998, 43.5537452698, 37.3154678345, 34.368019104, 41.6013145447, 38.4500389099, 25.6665439606, 34.2585678101, 26.012512207, 28.6851234436, 28.6393699646, 30.4003772736, 21.9087505341, 15.925321579, 18.2643146515, 17.9043273926, 13.3794546127, 10.8031778336, 6.63325643539, 4.7396030426, 3.82812523842, 2.0635163784, 1.12905716896, 0.56111395359, 0.248787075281, 0.0319365300238, 0.000931652670261, 4.24212266807e-05],
        "dvar": [0.00139853800647, 0.647814869881, 7.74756717682, 7.13751840591, 13.8213977814, 40.5699806213, 74.5037918091, 224.920669556, 189.49697876, 253.785461426, 949.359375, 1077.97106934, 3839.99829102, 3323.50561523, 3325.16186523, 4092.6171875, 4687.09716797, 4459.92675781, 1884.08544922, 2318.58422852, 1438.95788574, 1789.16137695, 1306.99438477, 1333.52429199, 703.717712402, 291.032714844, 703.622009277, 511.103057861, 325.731781006, 210.757888794, 61.9258117676, 28.4952831268, 17.8533706665, 4.57866621017, 1.44044244289, 0.431698411703, 0.0902607887983, 0.00179328036029, 1.96676091946e-06, 2.33426233898e-09],
        "dvar2": [0.00338621577248, 1.14223885536, 15.4199199677, 17.029132843, 34.54712677, 109.335029602, 190.265151978, 563.745239258, 468.366729736, 628.352111816, 2244.59985352, 2402.30419922, 9427.87890625, 7664.58691406, 7617.31591797, 7054.80810547, 9216.04003906, 9179.80371094, 3948.92333984, 4754.93701172, 3008.66992188, 3357.15771484, 2541.55957031, 2731.29370117, 1385.69677734, 613.057373047, 1582.51220703, 973.503967285, 666.482055664, 412.675079346, 130.468704224, 66.8998947144, 43.8389282227, 11.1986093521, 3.50896763802, 1.14827752113, 0.246072083712, 0.00465095322579, 4.72878855362e-06, 5.61918112041e-09],
        "max": [0.895886719227, 10.5546779633, 37.1969909668, 54.6993293762, 94.9445343018, 76.258934021, 161.822265625, 371.615234375, 261.095245361, 271.556091309, 757.000671387, 702.748657227, 1099.75756836, 997.802612305, 1330.21777344, 1728.15991211, 1342.54003906, 1313.81079102, 952.138244629, 1113.58093262, 747.922363281, 956.555541992, 850.501098633, 1216.28051758, 649.34375, 278.988922119, 271.496368408, 290.104492188, 249.457809448, 177.718566895, 199.763748169, 75.5400543213, 54.820980072, 31.083896637, 18.2549514771, 16.3843517303, 7.05197429657, 0.748576760292, 0.0265523977578, 0.000813690654468],
        "mean": [0.053748048842, 0.59260571003, 1.55314397812, 2.27984070778, 3.75319218636, 5.7657327652, 8.06778526306, 11.1385612488, 9.8042974472, 10.6868495941, 14.5388698578, 19.4706439972, 37.8068237305, 37.7370452881, 37.8506393433, 42.9374923706, 56.5292167664, 53.6834945679, 30.6445980072, 41.1251106262, 29.5751571655, 35.6893692017, 39.200340271, 38.7212677002, 25.5494403839, 17.4560527802, 17.4751377106, 18.7305259705, 13.3387174606, 9.86506748199, 6.44643497467, 4.59094905853, 3.41624236107, 1.9004099369, 0.979589521885, 0.419060230255, 0.163512289524, 0.0235198363662, 0.000767466553953, 5.41260378668e-05],
        "median": [0.0292633827776, 0.218090593815, 0.464865833521, 0.862291634083, 1.46732783318, 2.59996700287, 4.02504491806, 5.27774906158, 4.42642450333, 4.67748737335, 4.61859893799, 7.12398147583, 10.0302181244, 11.5668296814, 9.05198669434, 8.66096496582, 10.9375143051, 10.7027854919, 10.0513706207, 12.8054618835, 10.4029426575, 11.406080246, 15.1987705231, 19.8706283569, 11.8304615021, 8.68890571594, 7.09033346176, 8.14313316345, 5.24493980408, 3.50798106194, 2.77283430099, 1.96503138542, 1.29426407814, 0.819931089878, 0.401968687773, 0.173556387424, 0.0605433061719, 0.00722332857549, 0.000243375980062, 3.84406303056e-05],
        "min": [6.33911811232e-22, 2.8474636397e-21, 1.26434984759e-20, 2.66374161539e-20, 1.52300584856e-19, 2.22506621693e-19, 4.95509207663e-19, 7.21768851192e-19, 9.19397912565e-19, 1.76880890068e-18, 5.65815061935e-19, 7.73259138264e-19, 2.98014025472e-18, 4.04372908634e-18, 3.85978066172e-18, 1.44694516952e-18, 4.19899750476e-18, 5.92632888119e-18, 9.12885374846e-18, 8.112745084e-18, 6.85047450028e-18, 1.15053866617e-17, 1.32558786817e-17, 1.17836030705e-17, 1.08030730985e-17, 1.77539032187e-17, 2.16484465592e-17, 1.94436595022e-17, 1.37363986529e-17, 1.25184256589e-17, 2.19290708908e-17, 1.85319244874e-17, 1.27436892736e-17, 1.28221738245e-17, 8.07060519487e-18, 5.66107894212e-18, 2.95146624558e-18, 1.0332072115e-18, 3.72034820253e-19, 4.20103028819e-20],
        "var": [0.00864085461944, 1.26523661613, 12.0319852829, 13.3434209824, 46.0502052307, 71.4090118408, 135.525482178, 339.026855469, 260.965118408, 377.411560059, 1032.54382324, 1678.13793945, 6198.40771484, 5480.12890625, 8292.84179688, 13007.1425781, 17539.1875, 18284.2910156, 4254.328125, 6492.70068359, 3394.94433594, 4782.0390625, 4710.55664062, 3039.64257812, 1677.66381836, 535.114868164, 909.334228516, 872.852416992, 490.431518555, 304.731781006, 91.5470733643, 42.2445907593, 28.6065654755, 7.67843770981, 2.19757819176, 0.436340153217, 0.0782415941358, 0.00209369393997, 2.7568976293e-06, 3.67802099888e-09]
    },
    "gfcc": {
        "mean": [16.0074634552, 52.2793426514, -122.740699768, 28.6612071991, -61.0440750122, 15.5973653793, -37.7489967346, 11.7119665146, -29.0245571136, 5.34172773361, -17.0659141541, 6.70958995819, -12.0807685852],
        "cov": [[4171.03564453, -858.356018066, 55.2809104919, 541.359313965, 47.9068336487, 167.944946289, -168.267410278, 118.888763428, -175.271850586, 60.0361938477, -120.003074646, 119.735694885, -90.2975997925], [-858.356018066, 1077.87280273, 202.660949707, -12.3866949081, 191.805725098, -16.3243350983, 88.9735183716, -102.689781189, 42.5514068604, -43.9227256775, 79.9040908813, -105.785247803, 20.3016242981], [55.2809104919, 202.660949707, 934.412475586, 330.855133057, 92.3484573364, 59.9969100952, -19.2146606445, 28.925151825, -7.09943771362, 0.0148703139275, -14.3215379715, 5.3460278511, -46.3694496155], [541.359313965, -12.3866949081, 330.855133057, 558.290893555, 184.741882324, 37.515335083, -16.4939613342, 47.2118377686, 11.8918809891, -6.36573457718, -19.0918292999, 13.5112123489, -3.59009838104], [47.9068336487, 191.805725098, 92.3484573364, 184.741882324, 412.842163086, 149.393447876, 22.6274967194, 12.0542325974, 7.04109287262, 32.1580924988, 31.5672569275, 8.84305667877, -27.7114143372], [167.944946289, -16.3243350983, 59.9969100952, 37.515335083, 149.393447876, 334.217987061, 147.193908691, -16.6429138184, -6.19892072678, 53.266910553, 35.8585739136, 1.71849668026, -66.2590942383], [-168.267410278, 88.9735183716, -19.2146606445, -16.4939613342, 22.6274967194, 147.193908691, 239.221206665, 34.7316970825, 11.0327892303, 23.9124259949, 38.7047996521, -15.0484485626, -23.4473075867], [118.888763428, -102.689781189, 28.925151825, 47.2118377686, 12.0542325974, -16.6429138184, 34.7316970825, 188.080947876, 75.2536849976, -5.34895181656, -23.7897224426, 26.8455696106, 27.354183197], [-175.271850586, 42.5514068604, -7.09943771362, 11.8918809891, 7.04109287262, -6.19892072678, 11.0327892303, 75.2536849976, 171.691726685, 42.4638633728, -2.871270895, 3.2025949955, 36.3703155518], [60.0361938477, -43.9227256775, 0.0148703139275, -6.36573457718, 32.1580924988, 53.266910553, 23.9124259949, -5.34895181656, 42.4638633728, 138.343536377, 66.4213943481, 15.0814838409, -10.9175386429], [-120.003074646, 79.9040908813, -14.3215379715, -19.0918292999, 31.5672569275, 35.8585739136, 38.7047996521, -23.7897224426, -2.871270895, 66.4213943481, 130.617965698, 38.4159240723, -4.93312597275], [119.735694885, -105.785247803, 5.3460278511, 13.5112123489, 8.84305667877, 1.71849668026, -15.0484485626, 26.8455696106, 3.2025949955, 15.0814838409, 38.4159240723, 113.153747559, 30.9858455658], [-90.2975997925, 20.3016242981, -46.3694496155, -3.59009838104, -27.7114143372, -66.2590942383, -23.4473075867, 27.354183197, 36.3703155518, -10.9175386429, -4.93312597275, 30.9858455658, 104.798240662]],
        "icov": [[0.000466801313451, -0.000103928810859, 0.000297077174764, -0.000642425846308, 0.000450876599643, -0.000618719030172, 0.000707144325133, -0.000727632839698, 0.000943090883084, -0.000857114326209, 0.000791695318185, -0.000578272389248, 0.000399612588808], [-0.000103928810859, 0.00255440478213, -0.0010701980209, 0.00100640906021, -0.00206085294485, 0.00162541971076, -0.00185759447049, 0.00234287069179, -0.00208648038097, 0.00280017335899, -0.00297460216098, 0.00288035464473, -0.00154368090443], [0.000297077174764, -0.0010701980209, 0.00199903990142, -0.00160678732209, 0.00125542271417, -0.00123699789401, 0.00140099448618, -0.00151298299897, 0.00137753575109, -0.00156333681662, 0.00158108724281, -0.00151082198136, 0.00143118540291], [-0.000642425846308, 0.00100640906021, -0.00160678732209, 0.00389083963819, -0.00244060950354, 0.00158879626542, -0.00154258799739, 0.00140452373307, -0.00189771060832, 0.00211631320417, -0.00156326137949, 0.00152521859854, -0.00132421089802], [0.000450876599643, -0.00206085294485, 0.00125542271417, -0.00244060950354, 0.00556323910132, -0.00366470054723, 0.00304958573543, -0.00292762415484, 0.00234641577117, -0.00272000883706, 0.00181229831651, -0.00217828364111, 0.00149178423453], [-0.000618719030172, 0.00162541971076, -0.00123699789401, 0.00158879626542, -0.00366470054723, 0.0079171480611, -0.00575984455645, 0.00375548307784, -0.00262620369904, 0.00119488802738, -0.00112976401579, 0.000505785224959, 0.00125995615963], [0.000707144325133, -0.00185759447049, 0.00140099448618, -0.00154258799739, 0.00304958573543, -0.00575984455645, 0.00953574012965, -0.00513141602278, 0.00298299849965, -0.00214503286406, 1.8273403839e-05, -9.54485003604e-05, 0.000944165920373], [-0.000727632839698, 0.00234287069179, -0.00151298299897, 0.00140452373307, -0.00292762415484, 0.00375548307784, -0.00513141602278, 0.0111782019958, -0.00649191997945, 0.00408254237846, -0.00115855061449, 0.000170894432813, -0.00159439374693], [0.000943090883084, -0.00208648038097, 0.00137753575109, -0.00189771060832, 0.00234641577117, -0.00262620369904, 0.00298299849965, -0.00649191997945, 0.0121058821678, -0.0072459122166, 0.0044677304104, -0.00155815575272, -0.00120196840726], [-0.000857114326209, 0.00280017335899, -0.00156333681662, 0.00211631320417, -0.00272000883706, 0.00119488802738, -0.00214503286406, 0.00408254237846, -0.0072459122166, 0.0158458314836, -0.0101001672447, 0.00406061671674, -0.0009200834902], [0.000791695318185, -0.00297460216098, 0.00158108724281, -0.00156326137949, 0.00181229831651, -0.00112976401579, 1.8273403839e-05, -0.00115855061449, 0.0044677304104, -0.0101001672447, 0.0177787486464, -0.00895239505917, 0.00285695446655], [-0.000578272389248, 0.00288035464473, -0.00151082198136, 0.00152521859854, -0.00217828364111, 0.000505785224959, -9.54485003604e-05, 0.000170894432813, -0.00155815575272, 0.00406061671674, -0.00895239505917, 0.0164093431085, -0.00630405638367], [0.000399612588808, -0.00154368090443, 0.00143118540291, -0.00132421089802, 0.00149178423453, 0.00125995615963, 0.000944165920373, -0.00159439374693, -0.00120196840726, -0.0009200834902, 0.00285695446655, -0.00630405638367, 0.0149115873501]]
    },
    "melbands": {
        "dmean": [0.000252848461969, 0.00046947071678, 0.000208542973269, 0.000161138916155, 0.000159483548487, 0.000152134656673, 9.61927726166e-05, 9.01760649867e-05, 0.000101814228401, 9.61191326496e-05, 0.000140162854223, 0.000119450392958, 8.64160610945e-05, 6.88580330461e-05, 6.92139801686e-05, 6.36905242573e-05, 5.28891832801e-05, 3.02442185784e-05, 3.35613258358e-05, 2.7527265047e-05, 2.31776830333e-05, 2.23526949412e-05, 2.40693516389e-05, 1.94761250896e-05, 1.81768173206e-05, 1.35576574394e-05, 8.23900427349e-06, 7.07941535438e-06, 7.93910930952e-06, 7.71494796936e-06, 7.14548559699e-06, 4.91156879434e-06, 5.49186324861e-06, 3.60035505764e-06, 2.72288275482e-06, 2.00567978936e-06, 1.90298419511e-06, 1.87630246273e-06, 1.28252247578e-06, 1.05687456653e-06],
        "dmean2": [0.000380172132282, 0.000655601907056, 0.000324408174492, 0.000261284527369, 0.000262278073933, 0.00024184785434, 0.000154067369294, 0.000142516553751, 0.000160914481967, 0.000155724846991, 0.000224698567763, 0.000189579077414, 0.000131770779262, 0.00010085577378, 9.70962501015e-05, 9.09300506464e-05, 7.60403636377e-05, 4.39360956079e-05, 4.89550402563e-05, 4.04682286899e-05, 3.48793109879e-05, 3.30956681864e-05, 3.48667490471e-05, 2.97633705486e-05, 2.72201468761e-05, 2.00124413823e-05, 1.26721197375e-05, 1.08416588773e-05, 1.19785736388e-05, 1.18849166029e-05, 1.09159063868e-05, 7.41707390262e-06, 8.45652721182e-06, 5.6150133787e-06, 4.19673551733e-06, 3.0547410006e-06, 3.00448255075e-06, 3.05473395201e-06, 2.06878235076e-06, 1.73995340447e-06],
        "dvar": [3.30428377993e-07, 1.38320012866e-06, 1.99773978693e-07, 1.10021183275e-07, 8.11858100747e-08, 9.74169509504e-08, 3.87991399009e-08, 3.66021168929e-08, 5.79113219601e-08, 4.6546645649e-08, 1.02032458926e-07, 6.46583444563e-08, 4.30775308757e-08, 2.71667328633e-08, 3.01453972895e-08, 2.3207267219e-08, 1.95728961927e-08, 6.40353725601e-09, 5.13794384815e-09, 3.46077144719e-09, 2.75568323715e-09, 2.69583355639e-09, 2.71381983552e-09, 1.12561571175e-09, 1.15229203956e-09, 6.66173394226e-10, 2.01805100408e-10, 1.36288078045e-10, 2.78738365722e-10, 2.48730036567e-10, 1.76487491288e-10, 7.92351323442e-11, 1.70299996327e-10, 4.92655360951e-11, 2.47497907585e-11, 1.26960473384e-11, 1.10276007076e-11, 1.17044351641e-11, 4.78634926832e-12, 3.11758453254e-12],
        "dvar2": [6.72964802106e-07, 2.29251963901e-06, 4.76789807635e-07, 2.89778427032e-07, 2.1156621699e-07, 2.41519359179e-07, 9.62510569025e-08, 9.02324330809e-08, 1.39636682661e-07, 1.03010307839e-07, 2.50230158372e-07, 1.5101245765e-07, 9.8085507716e-08, 5.30233705831e-08, 5.82234847002e-08, 4.57140352239e-08, 3.97005841535e-08, 1.35306299498e-08, 1.05908339876e-08, 7.16468884221e-09, 5.72354652562e-09, 5.26025489833e-09, 4.99730790082e-09, 2.48127518532e-09, 2.41177167126e-09, 1.25087873393e-09, 4.34909219749e-10, 2.9849764327e-10, 6.37659591796e-10, 4.97669461197e-10, 3.54406837211e-10, 1.58414878437e-10, 3.75605629932e-10, 9.79166608905e-11, 5.26628428366e-11, 2.83983912774e-11, 2.69814968978e-11, 2.94173296833e-11, 1.16455248222e-11, 7.7858578959e-12],
        "max": [0.00728104636073, 0.0154711399227, 0.0083853630349, 0.00577997555956, 0.00447308365256, 0.00740034226328, 0.00355547247455, 0.00464735971764, 0.00497554801404, 0.0044078854844, 0.00586123624817, 0.00381261203438, 0.00487360730767, 0.00338447559625, 0.0047648451291, 0.00394931342453, 0.00301120034419, 0.00184922339395, 0.00172348343767, 0.00172969698906, 0.00103807460982, 0.00124922976829, 0.00135744933505, 0.00055496499408, 0.00110435578972, 0.000762010808103, 0.00021058897255, 0.000227524738875, 0.00017907829897, 0.000207326433156, 0.000158601047588, 0.000103862272226, 0.00018562033074, 0.000125155085698, 0.000140572345117, 6.55627954984e-05, 3.94954331568e-05, 4.87424258608e-05, 3.50705959136e-05, 2.2216256184e-05],
        "mean": [0.000585238449275, 0.000832870893646, 0.000441916316049, 0.000335867953254, 0.000292876124149, 0.000253839214565, 0.000145952450112, 0.000122010955238, 0.000118042014947, 0.000125048027257, 0.00018926266057, 0.000151006359374, 0.000134302477818, 0.00010195314826, 0.000120070370031, 0.000114181864774, 9.75027287495e-05, 4.53876673419e-05, 5.28472482983e-05, 4.30080472142e-05, 3.47375971614e-05, 3.47068562405e-05, 4.2681069317e-05, 3.35395779985e-05, 3.11706644425e-05, 2.23288443522e-05, 1.25015449157e-05, 1.11233139251e-05, 1.07827654574e-05, 1.10263854367e-05, 1.09598468043e-05, 7.51176048652e-06, 6.65405241307e-06, 5.05227535541e-06, 3.86949477615e-06, 2.96396115118e-06, 2.69267638942e-06, 2.56078942584e-06, 1.87553064279e-06, 1.52068582793e-06],
        "median": [0.000311625364702, 0.000298129860312, 0.000183326978004, 0.000164308177773, 0.000150452411617, 0.000122516095871, 6.65050611133e-05, 4.93486513733e-05, 3.7712539779e-05, 4.21507356805e-05, 4.59516231786e-05, 3.6954836105e-05, 2.33257414948e-05, 1.59589853865e-05, 2.06363929465e-05, 1.66737772815e-05, 1.45819230966e-05, 1.04618065961e-05, 1.4781493519e-05, 1.26720033222e-05, 9.26194115891e-06, 9.94046604319e-06, 1.18469070003e-05, 1.3880962797e-05, 1.45545436681e-05, 8.47302271723e-06, 5.86041915085e-06, 5.07684490003e-06, 3.93470145355e-06, 4.15495605921e-06, 4.60491082777e-06, 2.87656803266e-06, 2.03944432542e-06, 1.67158214026e-06, 1.58176112564e-06, 1.3248883306e-06, 1.09394136416e-06, 8.74028046383e-07, 7.81703874964e-07, 6.2092533426e-07],
        "min": [5.28170853924e-24, 5.57154392443e-24, 6.78266235069e-24, 1.62141476494e-23, 1.51841619422e-23, 1.68868061879e-23, 1.57571368612e-23, 1.56130877045e-23, 4.88606757957e-24, 5.42625586164e-24, 1.52841579506e-23, 1.65316641638e-23, 1.47495169384e-23, 4.99765471563e-24, 4.5120323368e-24, 1.18342136211e-23, 1.01361155808e-23, 1.42284301343e-23, 1.33242566974e-23, 6.66694513337e-24, 8.82511947534e-24, 1.24528367652e-23, 9.72553477889e-24, 1.3127750657e-23, 9.14225418101e-24, 7.02792236157e-24, 9.59588627798e-24, 1.18585917896e-23, 1.42343891895e-23, 1.27539820492e-23, 1.10416221926e-23, 8.09182119912e-24, 5.47510015674e-24, 7.31645454854e-24, 1.20010427142e-23, 1.3202522049e-23, 1.04931532377e-23, 7.85308270134e-24, 1.05150788377e-23, 1.09561648908e-23],
        "var": [9.45347096604e-07, 2.68951862381e-06, 4.69368671929e-07, 2.40123654294e-07, 1.56742515856e-07, 1.57889033403e-07, 5.42809210913e-08, 4.95591585548e-08, 6.22541165285e-08, 7.52481668087e-08, 1.61197036164e-07, 9.87046178125e-08, 1.18127317705e-07, 6.82093244109e-08, 8.75970656011e-08, 7.42457970659e-08, 7.03176752381e-08, 1.24477512742e-08, 1.15966747316e-08, 7.75035058354e-09, 5.97337601604e-09, 6.00390626104e-09, 8.48507042406e-09, 2.7881810194e-09, 2.34609376371e-09, 1.8471951746e-09, 3.31655314323e-10, 2.38975034206e-10, 3.59452051457e-10, 3.63974489437e-10, 3.00562297273e-10, 1.38790659521e-10, 1.92895990847e-10, 7.55745743763e-11, 3.5019844663e-11, 1.83715525431e-11, 1.54824694731e-11, 1.82776693086e-11, 7.53007812354e-12, 5.17528511365e-12]
    },
    "mfcc": {
        "mean": [-628.236633301, 87.0902938843, -4.67896556854, 17.4380054474, -1.04311585426, 1.97404372692, 0.749469220638, 3.98495841026, -2.15781283379, -1.8057115078, 0.0418234318495, -1.95744597912, -4.35690927505],
        "cov": [[3786.50097656, -1077.26477051, -15.0200185776, 265.55758667, 129.473724365, 28.8576946259, 28.9354553223, 52.6204986572, 35.2616233826, -99.170539856, -50.2796363831, 47.3054695129, 17.4460697174], [-1077.26477051, 1054.05529785, 55.3043327332, -31.135011673, 63.2841033936, 69.762588501, 62.7675361633, -36.0814323425, -54.6143951416, 62.0087547302, 39.6092453003, -35.4218330383, -21.8132343292], [-15.0200185776, 55.3043327332, 739.993713379, 215.460952759, 100.060714722, 74.4429092407, 38.9240112305, 34.4654846191, -6.94062519073, 33.3040924072, 2.89460587502, 3.64312744141, 31.6749668121], [265.55758667, -31.135011673, 215.460952759, 486.19039917, 232.212799072, 15.7591438293, 26.5200710297, 27.3804016113, 41.2515258789, -24.1986103058, -6.28566074371, 27.3263721466, 3.08120560646], [129.473724365, 63.2841033936, 100.060714722, 232.212799072, 394.737762451, 96.1356430054, 27.3180027008, 41.592010498, 25.9060878754, -1.94866800308, 13.3567972183, 16.8660907745, 6.80534315109], [28.8576946259, 69.762588501, 74.4429092407, 15.7591438293, 96.1356430054, 330.450744629, 149.04927063, 39.3157119751, -35.4145889282, 53.2912597656, 76.5368041992, 8.54417991638, 13.2379617691], [28.9354553223, 62.7675361633, 38.9240112305, 26.5200710297, 27.3180027008, 149.04927063, 232.85005188, 59.8258399963, -33.0633583069, 30.979221344, 56.4006652832, -1.22555375099, 11.5306138992], [52.6204986572, -36.0814323425, 34.4654846191, 27.3804016113, 41.592010498, 39.3157119751, 59.8258399963, 171.164398193, 66.3890609741, 13.2308692932, 17.0903491974, 18.0732078552, 11.0435657501], [35.2616233826, -54.6143951416, -6.94062519073, 41.2515258789, 25.9060878754, -35.4145889282, -33.0633583069, 66.3890609741, 167.927185059, 44.1209182739, -2.52543616295, 14.4063282013, -2.00278258324], [-99.170539856, 62.0087547302, 33.3040924072, -24.1986103058, -1.94866800308, 53.2912597656, 30.979221344, 13.2308692932, 44.1209182739, 131.753128052, 57.5880889893, 1.29377937317, 9.79412460327], [-50.2796363831, 39.6092453003, 2.89460587502, -6.28566074371, 13.3567972183, 76.5368041992, 56.4006652832, 17.0903491974, -2.52543616295, 57.5880889893, 116.661804199, 37.3949584961, 18.5997695923], [47.3054695129, -35.4218330383, 3.64312744141, 27.3263721466, 16.8660907745, 8.54417991638, -1.22555375099, 18.0732078552, 14.4063282013, 1.29377937317, 37.3949584961, 107.474807739, 34.5164985657], [17.4460697174, -21.8132343292, 31.6749668121, 3.08120560646, 6.80534315109, 13.2379617691, 11.5306138992, 11.0435657501, -2.00278258324, 9.79412460327, 18.5997695923, 34.5164985657, 101.888549805]],
