{
"lowlevel": {
    "average_loudness": 0.562455713749,
    "barkbands_crest": {
        "dmean": 2.79149127007,
        "dmean2": 4.57222080231,
        "dvar": 6.12960767746,
        "dvar2": 16.3705253601,
        "max": 26.077709198,
        "mean": 8.71305274963,
        "median": 7.87342786789,
        "min": 1.84256601334,
        "var": 15.6823797226
    },
    "barkbands_flatness_db": {
        "dmean": 0.0209377259016,
        "dmean2": 0.0327241010964,
        "dvar": 0.000346046261257,
        "dvar2": 0.000817160354927,
        "max": 0.340910971165,
        "mean": 0.112468443811,
        "median": 0.105620108545,
        "min": 0.0247132852674,
        "var": 0.00200741947629
    },
    "barkbands_kurtosis": {
        "dmean": 1.6882879734,
        "dmean2": 2.75313735008,
        "dvar": 8.9479637146,
        "dvar2": 23.6293640137,
        "max": 59.0796966553,
        "mean": 1.14964818954,
        "median": -0.326249599457,
        "min": -1.9028955698,
        "var": 17.2274646759
    },
    "barkbands_skewness": {
        "dmean": 0.534484326839,
        "dmean2": 0.830207645893,
        "dvar": 0.255073070526,
        "dvar2": 0.62370800972,
        "max": 6.97977542877,
        "mean": 0.792080521584,
        "median": 0.650889277458,
        "min": -2.59768104553,
        "var": 1.25513708591
    },
    "barkbands_spread": {
        "dmean": 9.0948638916,
        "dmean2": 14.0287179947,
        "dvar": 88.7840118408,
        "dvar2": 198.195175171,
        "max": 115.281997681,
        "mean": 36.8850784302,
        "median": 36.058380127,
        "min": 1.77112472057,
        "var": 339.41003418
    },
    "dissonance": {
        "dmean": 0.0139786964282,
        "dmean2": 0.0235339161009,
        "dvar": 0.000298172992188,
        "dvar2": 0.000791865750216,
        "max": 0.500000119209,
        "mean": 0.477247178555,
        "median": 0.483351916075,
        "min": 0.190920546651,
        "var": 0.000533131766133
    },
    "dynamic_complexity": 2.45318889618,
    "erbbands_crest": {
        "dmean": 2.51370334625,
        "dmean2": 4.08481025696,
        "dvar": 5.86715555191,
        "dvar2": 14.4985227585,
        "max": 28.9398479462,
        "mean": 8.15819549561,
        "median": 7.33856582642,
        "min": 2.13274002075,
        "var": 15.2477617264
    },
    "erbbands_flatness_db": {
        "dmean": 0.0189599189907,
        "dmean2": 0.0271756071597,
        "dvar": 0.000311511044856,
        "dvar2": 0.000554600555915,
        "max": 0.423730105162,
        "mean": 0.14604754746,
        "median": 0.132813557982,
        "min": 0.0386885292828,
        "var": 0.00328276609071
    },
    "erbbands_kurtosis": {
        "dmean": 0.968865513802,
        "dmean2": 1.54869496822,
        "dvar": 1.63249623775,
        "dvar2": 3.92109799385,
        "max": 20.0398960114,
        "mean": 0.470322579145,
        "median": -0.108789920807,
        "min": -1.82867217064,
        "var": 3.64721536636
    },
    "erbbands_skewness": {
        "dmean": 0.373295277357,
        "dmean2": 0.572413802147,
        "dvar": 0.108825385571,
        "dvar2": 0.249100208282,
        "max": 3.0909371376,
        "mean": -0.247888877988,
        "median": -0.271264970303,
        "min": -3.51660346985,
        "var": 0.604275882244
    },
    "erbbands_spread": {
        "dmean": 9.43346309662,
        "dmean2": 14.1349124908,
        "dvar": 96.0102386475,
        "dvar2": 192.935760498,
        "max": 152.183563232,
        "mean": 39.9093399048,
        "median": 36.8661079407,
        "min": 2.38534903526,
        "var": 446.29888916
    },
    "hfc": {
        "dmean": 9.56489086151,
        "dmean2": 13.7309923172,
        "dvar": 141.306640625,
        "dvar2": 292.093109131,
        "max": 194.146316528,
        "mean": 24.6316566467,
        "median": 20.0418891907,
        "min": 1.20669716564e-16,
        "var": 391.92855835
    },
    "melbands_crest": {
        "dmean": 3.67191839218,
        "dmean2": 6.09621477127,
        "dvar": 9.78178977966,
        "dvar2": 26.6830673218,
        "max": 38.5216140747,
        "mean": 13.1223888397,
        "median": 12.2074861526,
        "min": 1.86645770073,
        "var": 26.2839412689
    },
    "melbands_flatness_db": {
        "dmean": 0.0274165347219,
        "dmean2": 0.0427414774895,
        "dvar": 0.000593840028159,
        "dvar2": 0.00139579444658,
        "max": 0.398614317179,
        "mean": 0.152946010232,
        "median": 0.146812051535,
        "min": 0.00481452746317,
        "var": 0.00337623013183
    },
    "melbands_kurtosis": {
        "dmean": 5.8098487854,
        "dmean2": 9.46025753021,
        "dvar": 124.050827026,
        "dvar2": 323.055664062,
        "max": 230.905410767,
        "mean": 8.72250843048,
        "median": 3.76431727409,
        "min": -1.81616604328,
        "var": 235.263671875
    },
    "melbands_skewness": {
        "dmean": 0.774158060551,
        "dmean2": 1.20817685127,
        "dvar": 0.639586806297,
        "dvar2": 1.58168017864,
        "max": 13.3745441437,
        "mean": 2.16732335091,
        "median": 1.90077495575,
        "min": -1.55606734753,
        "var": 2.77735209465
    },
    "melbands_spread": {
        "dmean": 12.8909320831,
        "dmean2": 20.1960086823,
        "dvar": 193.315765381,
        "dvar2": 438.407836914,
        "max": 271.57333374,
        "mean": 43.0518836975,
        "median": 39.5461425781,
        "min": 2.07008862495,
        "var": 739.17590332
    },
    "pitch_salience": {
        "dmean": 0.0762612745166,
        "dmean2": 0.12494187057,
        "dvar": 0.00463727768511,
        "dvar2": 0.0123597970232,
        "max": 0.947433769703,
        "mean": 0.567603647709,
        "median": 0.576607525349,
        "min": 0.0569976940751,
        "var": 0.0138169676065
    },
    "silence_rate_20dB": {
        "dmean": 0,
        "dmean2": 0,
        "dvar": 0,
        "dvar2": 0,
        "max": 1,
        "mean": 1,
        "median": 1,
        "min": 1,
        "var": 0
    },
    "silence_rate_30dB": {
        "dmean": 0.00216268165968,
        "dmean2": 0.00432588299736,
        "dvar": 0.00215719267726,
        "dvar2": 0.00550915626809,
        "max": 1,
        "mean": 0.998438239098,
        "median": 1,
        "min": 0,
        "var": 0.00155971071217
    },
    "silence_rate_60dB": {
        "dmean": 0.00937162060291,
        "dmean2": 0.0186253301799,
        "dvar": 0.00928508769721,
        "dvar2": 0.0221253465861,
        "max": 1,
        "mean": 0.0204228740185,
        "median": 0,
        "min": 0,
        "var": 0.0200031753629
    },
    "spectral_centroid": {
        "dmean": 300.427581787,
        "dmean2": 455.26348877,
        "dvar": 97483.1484375,
        "dvar2": 196752.21875,
        "max": 10884.5888672,
        "mean": 2151.72387695,
        "median": 2268.50195312,
        "min": 280.909515381,
        "var": 518800.3125
    },
    "spectral_complexity": {
        "dmean": 4.52529144287,
        "dmean2": 6.45433807373,
        "dvar": 22.3399372101,
        "dvar2": 41.2225189209,
        "max": 59,
        "mean": 19.0079288483,
        "median": 17,
        "min": 0,
        "var": 99.161605835
    },
    "spectral_decrease": {
        "dmean": 1.50877954574e-09,
        "dmean2": 2.31371144466e-09,
        "dvar": 3.79144851209e-18,
        "dvar2": 8.06983922563e-18,
        "max": 2.62902497621e-29,
        "mean": -4.20789003641e-09,
        "median": -3.41034489537e-09,
        "min": -3.39909895786e-08,
        "var": 1.22109932309e-17
    },
    "spectral_energy": {
        "dmean": 0.00631943438202,
        "dmean2": 0.00955347623676,
        "dvar": 6.17935147602e-05,
        "dvar2": 0.000129440522869,
        "max": 0.137449428439,
        "mean": 0.018115716055,
        "median": 0.0150130297989,
        "min": 1.08458726383e-20,
        "var": 0.000203497140319
    },
    "spectral_energyband_high": {
        "dmean": 0.000735113513656,
        "dmean2": 0.0010675045196,
        "dvar": 1.42210024023e-06,
        "dvar2": 3.1119934647e-06,
        "max": 0.0235774982721,
        "mean": 0.00131508312188,
        "median": 0.000677495729178,
        "min": 7.57897450786e-21,
        "var": 2.73086334346e-06
    },
    "spectral_energyband_low": {
        "dmean": 0.00308697344735,
        "dmean2": 0.00513863004744,
        "dvar": 2.46411946137e-05,
        "dvar2": 6.6537031671e-05,
        "max": 0.0639211907983,
        "mean": 0.00509085133672,
        "median": 0.00312797725201,
        "min": 3.24352909174e-23,
        "var": 3.97420226363e-05
    },
    "spectral_energyband_middle_high": {
        "dmean": 0.00247532688081,
        "dmean2": 0.00366405840032,
        "dvar": 1.43936313179e-05,
        "dvar2": 3.14274911943e-05,
        "max": 0.0857915431261,
        "mean": 0.00640609720722,
        "median": 0.00371202547103,
        "min": 1.76740062569e-21,
        "var": 5.23017988598e-05
    },
    "spectral_energyband_middle_low": {
        "dmean": 0.00256697321311,
        "dmean2": 0.00399964116514,
        "dvar": 2.75803777186e-05,
        "dvar2": 5.62802451896e-05,
        "max": 0.102670542896,
        "mean": 0.00571697438136,
        "median": 0.00324846990407,
        "min": 3.01411559251e-22,
        "var": 8.84014662006e-05
    },
    "spectral_entropy": {
        "dmean": 0.167859658599,
        "dmean2": 0.231719538569,
        "dvar": 0.0264106336981,
        "dvar2": 0.0440428219736,
        "max": 9.80178642273,
        "mean": 7.81504487991,
        "median": 7.89002513885,
        "min": 6.00732660294,
        "var": 0.178148239851
    },
    "spectral_flux": {
        "dmean": 0.020358370617,
        "dmean2": 0.0313045196235,
        "dvar": 0.000435625843238,
        "dvar2": 0.00100064405706,
        "max": 0.31088206172,
        "mean": 0.0796557217836,
        "median": 0.0736293047667,
        "min": 1.04143520196e-10,
        "var": 0.00132190773729
    },
    "spectral_kurtosis": {
        "dmean": 1.29334151745,
        "dmean2": 2.06082224846,
        "dvar": 3.41856503487,
        "dvar2": 9.55661678314,
        "max": 40.9419746399,
        "mean": 3.79489183426,
        "median": 3.09105420113,
        "min": -1.24422037601,
        "var": 8.52956008911
    },
    "spectral_rms": {
        "dmean": 0.000704295700416,
        "dmean2": 0.00104675022885,
        "dvar": 4.81982169731e-07,
        "dvar2": 1.00035811101e-06,
        "max": 0.0115800257772,
        "mean": 0.00396283250302,
        "median": 0.00382712157443,
        "min": 3.25289708364e-12,
        "var": 1.96982477974e-06
    },
    "spectral_rolloff": {
        "dmean": 875.017089844,
        "dmean2": 1415.68823242,
        "dvar": 1575114.625,
        "dvar2": 3298651,
        "max": 19336.8164062,
        "mean": 2804.08618164,
        "median": 2799.31640625,
        "min": 21.533203125,
        "var": 3872809.75
    },
    "spectral_skewness": {
        "dmean": 0.186987504363,
        "dmean2": 0.289302915335,
        "dvar": 0.0390710532665,
        "dvar2": 0.0926199182868,
        "max": 4.67526006699,
        "mean": 1.34752070904,
        "median": 1.30534946918,
        "min": -0.189690098166,
        "var": 0.161409035325
    },
    "spectral_spread": {
        "dmean": 747667,
        "dmean2": 1038084.75,
        "dvar": 997060706304,
        "dvar2": 1.6124617687e+12,
        "max": 40128728,
        "mean": 5033662.5,
        "median": 4757732,
        "min": 1162622.375,
        "var": 3.3551393751e+12
    },
    "spectral_strongpeak": {
        "dmean": 0.766469240189,
        "dmean2": 1.31533825397,
        "dvar": 1.81673121452,
        "dvar2": 4.67980146408,
        "max": 14.7955465317,
        "mean": 1.07662320137,
        "median": 0.285678237677,
        "min": 0,
        "var": 3.01751708984
    },
    "zerocrossingrate": {
        "dmean": 0.0162784866989,
        "dmean2": 0.0185061637312,
        "dvar": 0.000297591817798,
        "dvar2": 0.000353904819349,
        "max": 0.55224609375,
        "mean": 0.0964334383607,
        "median": 0.091796875,
        "min": 0.0029296875,
        "var": 0.00201218412258
    },
    "barkbands": {
        "dmean": [0.000120630393212, 0.0022497868631, 0.00109553406946, 0.000532825884875, 0.000588591210544, 0.000469060294563, 0.000544966605958, 0.000945205509197, 0.000682291749399, 0.000382836937206, 0.000476776040159, 0.000694226357155, 0.000244621973252, 0.000485065655084, 0.00025248984457, 0.000551647390239, 0.000271985889412, 0.000275638274616, 0.000472377083497, 0.00020134820079, 0.000171045088791, 0.000156926733325, 0.000128779676743, 0.000114267255412, 0.000119804688438, 6.62278980599e-05, 1.23674880115e-07],
        "dmean2": [0.000202341456315, 0.00374773610383, 0.00190531520639, 0.000899943930563, 0.000965080573224, 0.000756836903747, 0.000812095182482, 0.00151724007446, 0.00108514341991, 0.000616159697529, 0.000760383438319, 0.00110694149043, 0.000394457863877, 0.000787927594502, 0.00039578016731, 0.000829865224659, 0.000421916338382, 0.000430409243563, 0.000729014223907, 0.000316985533573, 0.00026665115729, 0.000240014443989, 0.000198176378035, 0.000170159502886, 0.000174986023922, 9.78339085123e-05, 2.1256879279e-07],
        "dvar": [5.06046831106e-08, 1.37232782436e-05, 6.56869133309e-06, 8.2655708411e-07, 1.22353469578e-06, 2.15880072574e-06, 7.76675642555e-06, 7.38940207157e-06, 7.59086606195e-06, 2.94127858069e-06, 2.99175690088e-06, 3.27949555867e-06, 1.05926199012e-06, 1.49473373767e-06, 5.57926398415e-07, 1.38358439017e-06, 6.07713616319e-07, 3.00723428381e-07, 7.15050475719e-07, 1.38457124876e-07, 1.04568577797e-07, 9.19141456279e-08, 9.31138472993e-08, 5.70183829041e-08, 6.29488354775e-08, 1.21804539788e-08, 1.39709018009e-13],
        "dvar2": [1.34892403025e-07, 3.71978640032e-05, 1.76761077455e-05, 2.22517314796e-06, 2.92877621177e-06, 5.28739246874e-06, 1.40919455589e-05, 1.60196359502e-05, 1.74683409568e-05, 7.12175688022e-06, 7.61212913858e-06, 7.79127367423e-06, 2.35080392486e-06, 3.77639366889e-06, 1.30270848331e-06, 2.99614521282e-06, 1.41595819514e-06, 7.01894521171e-07, 1.62688013461e-06, 3.34658835754e-07, 2.63664304612e-07, 2.19648910615e-07, 2.13924707282e-07, 1.1880218409e-07, 1.26055667238e-07, 2.49207516845e-08, 3.6870373833e-13],
        "max": [0.00261025875807, 0.0504021421075, 0.0312055479735, 0.0174823496491, 0.031569223851, 0.0431778952479, 0.0931990146637, 0.0638770982623, 0.0781291276217, 0.0525070875883, 0.0550545044243, 0.0721665322781, 0.0316584929824, 0.0258805267513, 0.0281305350363, 0.0240088552237, 0.0206945575774, 0.0117048276588, 0.0205343104899, 0.00767765520141, 0.00543902814388, 0.0048298323527, 0.0123256333172, 0.00876410491765, 0.00612050341442, 0.00192628230434, 9.07477078727e-06],
        "mean": [0.000160245414008, 0.0034482695628, 0.00116824626457, 0.000689221080393, 0.00097048736643, 0.000760543451179, 0.000831064593513, 0.00122039974667, 0.00104231911246, 0.000600198225584, 0.000647579028737, 0.0010146779241, 0.00031083781505, 0.000702119781636, 0.000348654924892, 0.000838872278109, 0.00038668650086, 0.000477981608128, 0.00097440101672, 0.000386400235584, 0.000297279621009, 0.000252587313298, 0.000178146336111, 0.000157196380314, 0.000165577657754, 8.56325059431e-05, 1.04388512057e-07],
        "median": [3.48669636878e-05, 0.0018962334143, 0.000553148856852, 0.000377429358196, 0.000570375588723, 0.000332426017849, 0.000151055937749, 0.000437520153355, 0.00014730609837, 6.52266462566e-05, 0.000130810862174, 0.000257906271145, 6.69138971716e-05, 0.000197867950192, 0.000100548830233, 0.000255196762737, 0.000118446536362, 0.000226002215641, 0.000378323777113, 0.000218208428123, 0.000145537458593, 9.07626235858e-05, 6.83800462866e-05, 5.91297794017e-05, 5.40387336514e-05, 2.32522907027e-05, 1.44116398815e-08],
        "min": [1.31953489368e-23, 1.11387349144e-23, 1.06906453541e-23, 4.30552156802e-24, 9.0578100921e-23, 4.95218729741e-23, 4.122809865e-23, 1.8699109988e-23, 7.40688640727e-23, 4.5593964133e-23, 5.23601124695e-23, 1.30952588963e-22, 1.19284263324e-22, 1.67734497157e-22, 1.14046933732e-22, 1.84082787448e-22, 2.3709296548e-22, 2.4211597734e-22, 3.57017897454e-22, 2.48886145712e-22, 4.08593270028e-22, 5.29787220453e-22, 4.49125902593e-22, 9.7932883381e-22, 1.34779831579e-21, 1.680235055e-21, 2.24564834465e-21],
        "var": [9.16078519708e-08, 2.26135289267e-05, 5.20145704286e-06, 9.60948796092e-07, 1.93650930669e-06, 2.85736928163e-06, 2.12208506127e-05, 1.1718550013e-05, 1.56622227223e-05, 5.92859259996e-06, 3.96002315028e-06, 6.27337522019e-06, 1.61143645983e-06, 2.21461959882e-06, 9.04220314624e-07, 2.5203446512e-06, 8.95246841992e-07, 5.64483514154e-07, 2.05785477192e-06, 2.62901750148e-07, 1.72322742742e-07, 1.5967016509e-07, 1.13747418595e-07, 8.6068148164e-08, 1.11484503407e-07, 1.98251157713e-08, 1.26839456906e-13]
    },
    "erbbands": {
        "dmean": [0.0678965300322, 0.527198791504, 1.29614901543, 1.43956756592, 1.85624802113, 1.91436183453, 2.83203744888, 4.4208521843, 7.21828603745, 11.2708492279, 20.3730430603, 15.1182403564, 12.4197092056, 12.7979631424, 24.654417038, 21.8415641785, 10.9659757614, 14.9603996277, 22.874256134, 14.1670637131, 29.821521759, 14.7704458237, 14.7681827545, 22.7018680573, 16.8970279694, 9.50249767303, 6.97331237793, 6.70044660568, 6.11114168167, 4.33930301666, 3.58780479431, 2.36061835289, 2.02391672134, 1.33886361122, 0.862121582031, 0.376913696527, 0.113885834813, 0.00816871318966, 0.000163654447533, 1.59040446306e-05],
        "dmean2": [0.113457269967, 0.868125259876, 2.19667935371, 2.47745776176, 3.08946537971, 3.11965370178, 4.54269838333, 7.07950592041, 10.7763166428, 17.7495174408, 32.4771499634, 23.79322052, 20.0104160309, 20.2421836853, 39.34923172, 34.3600196838, 17.4074115753, 23.9067249298, 36.6356239319, 21.3764801025, 44.8102111816, 22.2356204987, 22.6414699554, 34.6464920044, 25.8117733002, 14.9242229462, 10.8531532288, 10.51516819, 9.4922952652, 6.51397323608, 5.52141952515, 3.56007313728, 3.00949788094, 1.9608130455, 1.27052879333, 0.562943220139, 0.168224319816, 0.0117504457012, 0.000234659280977, 2.27428736252e-05],
        "dvar": [0.0180574953556, 0.6995896101, 8.7286233902, 6.99789190292, 13.2949571609, 14.6169090271, 37.3221168518, 220.558578491, 1956.3828125, 1203.45617676, 3907.83764648, 3765.11035156, 3014.92163086, 2576.44042969, 5854.12060547, 4860.51660156, 1768.6373291, 2232.97436523, 3216.53686523, 1297.66748047, 4439.77099609, 1735.5111084, 828.315246582, 1780.99072266, 991.434326172, 331.003417969, 176.189361572, 181.705291748, 147.536499023, 77.7874755859, 77.5663146973, 25.0892467499, 18.5831699371, 9.17186737061, 3.00738549232, 0.423829227686, 0.0371151342988, 0.00018876811373, 7.0987567824e-08, 3.5822861344e-10],
        "dvar2": [0.0493706874549, 1.80286252499, 23.093706131, 19.5431652069, 32.8825263977, 35.4190444946, 85.1303863525, 534.736938477, 3750.17138672, 2363.71972656, 8412.56738281, 8432.46289062, 7099.19628906, 6266.57324219, 14202.1220703, 10940.7373047, 3776.87866211, 5356.14550781, 8136.05664062, 2884.13891602, 9593.36230469, 3992.03613281, 1862.66552734, 3958.01879883, 2244.08666992, 820.756408691, 434.067504883, 461.639770508, 367.134216309, 172.746032715, 183.559341431, 56.599571228, 38.0301399231, 18.6165046692, 6.04226732254, 0.857803404331, 0.0783906206489, 0.000395837967517, 1.45377015315e-07, 6.94232449305e-10],
        "max": [2.10903692245, 9.4727640152, 37.7799263, 48.970741272, 71.5256500244, 107.176490784, 117.051422119, 460.654876709, 1596.57531738, 1286.11608887, 1834.36242676, 2168.05004883, 2196.47436523, 2084.52026367, 2470.57348633, 3700.2121582, 1273.36437988, 1494.60437012, 1401.46459961, 1588.1138916, 1625.0246582, 1430.96374512, 667.317260742, 1036.38574219, 689.519592285, 419.799407959, 296.683685303, 300.656890869, 175.054855347, 228.819854736, 358.352752686, 166.328964233, 158.754211426, 100.176544189, 38.0087471008, 13.9814863205, 2.63250160217, 0.185828402638, 0.00400151917711, 0.000274883204838],
        "mean": [0.0867722406983, 0.796368122101, 1.54740071297, 1.83430075645, 2.58476686478, 3.26203107834, 4.82277536392, 7.12263965607, 10.9601202011, 16.5574493408, 27.267742157, 23.3482112885, 21.5082263947, 20.5441856384, 37.4648742676, 33.1029930115, 15.2840213776, 22.4857139587, 35.1330375671, 22.1184864044, 47.8434295654, 24.149930954, 27.2415981293, 44.141746521, 34.9757385254, 18.7551937103, 13.1358308792, 11.1887025833, 9.5547170639, 6.62263679504, 4.84418821335, 3.1901743412, 2.75295853615, 1.89613437653, 1.13922715187, 0.478710740805, 0.14533546567, 0.0111005539075, 0.000232999664149, 3.63557519449e-05],
        "median": [0.0340058654547, 0.439021945, 0.830358803272, 1.06499934196, 1.36644339561, 1.78079760075, 2.11484837532, 2.96298933029, 2.13339042664, 6.53780221939, 9.2648639679, 4.02208805084, 2.80664539337, 3.90807914734, 10.4812717438, 9.16698265076, 4.43738651276, 8.24801921844, 9.57514190674, 8.35776901245, 15.0573644638, 9.14573097229, 12.7814464569, 20.0623664856, 16.2561798096, 10.8955593109, 7.18777036667, 4.67273426056, 3.41289997101, 2.46557807922, 1.84660494328, 1.26780188084, 1.01278567314, 0.68687582016, 0.328871190548, 0.134057939053, 0.0370510481298, 0.00301969377324, 7.40806062822e-05, 2.78758780041e-05],
        "min": [4.8708245623e-22, 2.0411780214e-21, 1.34913472947e-20, 1.59154477396e-20, 9.8997395763e-20, 4.39270541984e-19, 2.39497764505e-19, 4.0519907595e-19, 7.40340813703e-19, 4.06602232763e-19, 1.06468970562e-18, 1.31088957179e-18, 1.3678990664e-18, 2.22798657808e-18, 3.55576779837e-18, 3.98454927659e-18, 6.21834845284e-18, 6.81245893369e-18, 6.2608965556e-18, 7.69541343981e-18, 1.29448041775e-17, 1.28239423366e-17, 1.58502694616e-17, 1.19912618002e-17, 1.93922105225e-17, 1.44460939759e-17, 1.50037857623e-17, 1.63147214494e-17, 2.16452685313e-17, 1.15717554982e-17, 1.49533227818e-17, 2.26641052374e-17, 1.54856432845e-17, 1.3525326976e-17, 9.52195230942e-18, 5.79533035553e-18, 2.92148301632e-18, 1.31904515904e-18, 3.03337056791e-19, 3.7178631064e-20],
        "var": [0.0237535461783, 1.20953142643, 7.82630205154, 6.44194364548, 17.6920394897, 22.6819496155, 79.2057952881, 297.584564209, 4497.66943359, 2895.42285156, 6336.99658203, 8102.01513672, 7437.49072266, 5077.11230469, 8197.4453125, 9532.78613281, 2982.57763672, 2909.43847656, 5656.56494141, 2252.0847168, 8489.1328125, 2609.90014648, 1787.47131348, 4057.43969727, 2623.00561523, 607.824523926, 313.12701416, 282.7527771, 235.504669189, 120.534385681, 88.9675064087, 33.1104698181, 29.1593799591, 15.9520978928, 5.24405622482, 0.68651843071, 0.0580341182649, 0.000326220557326, 1.25179951738e-07, 8.06205047166e-10]
    },
    "gfcc": {
        "mean": [9.89685726166, 60.4684371948, -122.037155151, 43.7428131104, -55.1229782104, 16.9251270294, -37.8446426392, 20.2286529541, -27.1896686554, 9.05438709259, -15.5463142395, 2.27119469643, -15.3086309433],
        "cov": [[2498.1105957, -866.856018066, 110.65499115, 155.606231689, 17.7670040131, 168.841934204, -81.773979187, 49.8590812683, -87.4758148193, 187.228607178, -143.025588989, 87.4770736694, -138.257156372], [-866.856018066, 1239.01281738, -339.15032959, -274.652404785, -18.9245681763, -182.24697876, 201.712966919, -127.553451538, 130.816619873, -178.943222046, 164.988372803, -97.7607421875, 100.694732666], [110.65499115, -339.15032959, 1112.06506348, 394.870849609, 46.701499939, 211.250732422, -151.450302124, 72.0561904907, -115.809829712, 112.593849182, -98.9718170166, 105.878791809, -59.3704605103], [155.606231689, -274.652404785, 394.870849609, 552.536987305, 146.138076782, 87.6801376343, -67.4056472778, 38.836479187, -32.9939651489, 81.1797180176, -46.5109214783, 35.1079444885, -8.81721782684], [17.7670040131, -18.9245681763, 46.701499939, 146.138076782, 275.291229248, 67.815322876, -13.3095321655, 62.5743598938, -24.649679184, 62.0623817444, 26.3269100189, 1.02849984169, -17.7084770203], [168.841934204, -182.24697876, 211.250732422, 87.6801376343, 67.815322876, 219.758789062, 41.4286346436, 30.7350120544, -41.2573699951, 70.9734802246, -7.16302871704, 36.6185913086, -8.65180301666], [-81.773979187, 201.712966919, -151.450302124, -67.4056472778, -13.3095321655, 41.4286346436, 216.887176514, -11.9921760559, 53.1349067688, -12.0942516327, 41.6689453125, -5.42247533798, 16.7758560181], [49.8590812683, -127.553451538, 72.0561904907, 38.836479187, 62.5743598938, 30.7350120544, -11.9921760559, 181.238220215, 18.3892421722, 36.3425102234, 8.42185497284, 12.2235507965, -4.65034914017], [-87.4758148193, 130.816619873, -115.809829712, -32.9939651489, -24.649679184, -41.2573699951, 53.1349067688, 18.3892421722, 140.989013672, -13.3642578125, 6.04935789108, -11.9792451859, 19.767583847], [187.228607178, -178.943222046, 112.593849182, 81.1797180176, 62.0623817444, 70.9734802246, -12.0942516327, 36.3425102234, -13.3642578125, 128.191818237, 4.85389757156, 20.7654457092, -21.8662319183], [-143.025588989, 164.988372803, -98.9718170166, -46.5109214783, 26.3269100189, -7.16302871704, 41.6689453125, 8.42185497284, 6.04935789108, 4.85389757156, 121.59967041, -6.19172620773, 11.3173351288], [87.4770736694, -97.7607421875, 105.878791809, 35.1079444885, 1.02849984169, 36.6185913086, -5.42247533798, 12.2235507965, -11.9792451859, 20.7654457092, -6.19172620773, 83.0854873657, 12.5695819855], [-138.257156372, 100.694732666, -59.3704605103, -8.81721782684, -17.7084770203, -8.65180301666, 16.7758560181, -4.65034914017, 19.767583847, -21.8662319183, 11.3173351288, 12.5695819855, 92.7768859863]],
        "icov": [[0.000612055009697, 0.00012298519141, 0.000330873037456, -0.000141953220009, 0.000240596316871, -0.000347055814927, 0.000121815464809, -6.28714624327e-05, 0.000162883050507, -0.000587565766182, 0.000567874172702, -0.000603233987931, 0.000804504263215], [0.00012298519141, 0.00315049849451, -0.00152219145093, 0.00136315613054, -0.00209397287108, 0.00244808476418, -0.00253849360161, 0.00220739212818, -0.00177984626498, 0.00252676312812, -0.00315886363387, 0.00268053659238, -0.00268545793369], [0.000330873037456, -0.00152219145093, 0.00294647691771, -0.00184607598931, 0.00204041553661, -0.00296124210581, 0.00241445680149, -0.0016330574872, 0.00147781113628, -0.00163239811081, 0.00238361302763, -0.00307287997566, 0.0028760812711], [-0.000141953220009, 0.00136315613054, -0.00184607598931, 0.00369110330939, -0.002609817544, 0.00159426650498, -0.00115343707148, 0.00138258782681, -0.00119469501078, 0.000526129209902, -0.000812759797554, 0.00158542161807, -0.00233030179515], [0.000240596316871, -0.00209397287108, 0.00204041553661, -0.002609817544, 0.00707161566243, -0.00329051399603, 0.0023988224566, -0.00298552704044, 0.0020152030047, -0.00298534682952, 0.00109513499774, -0.00160666648299, 0.00309953326359], [-0.000347055814927, 0.00244808476418, -0.00296124210581, 0.00159426650498, -0.00329051399603, 0.0107292309403, -0.00563245872036, 0.00152593851089, 0.000638277095277, -0.000567966490053, -0.00193709530868, 0.0017176194815, -0.00371651118621], [0.000121815464809, -0.00253849360161, 0.00241445680149, -0.00115343707148, 0.0023988224566, -0.00563245872036, 0.00927470158786, -0.00122209137771, -0.00119218509644, -0.00117428589147, 0.0008744156803, -0.00270408857614, 0.00280338246375], [-6.28714624327e-05, 0.00220739212818, -0.0016330574872, 0.00138258782681, -0.00298552704044, 0.00152593851089, -0.00122209137771, 0.00820956286043, -0.00312672648579, 0.00103981292341, -0.00288466690108, 0.00163784634788, -0.00215693493374], [0.000162883050507, -0.00177984626498, 0.00147781113628, -0.00119469501078, 0.0020152030047, 0.000638277095277, -0.00119218509644, -0.00312672648579, 0.0106368185952, -0.00255041476339, 0.00304767535999, -0.00123627006542, 0.000437921436969], [-0.000587565766182, 0.00252676312812, -0.00163239811081, 0.000526129209902, -0.00298534682952, -0.000567966490053, -0.00117428589147, 0.00103981292341, -0.00255041476339, 0.0142117673531, -0.0046102530323, 0.00134971074294, -0.000698504387401], [0.000567874172702, -0.00315886363387, 0.00238361302763, -0.000812759797554, 0.00109513499774, -0.00193709530868, 0.0008744156803, -0.00288466690108, 0.00304767535999, -0.0046102530323, 0.01398367621, -0.00342723587528, 0.00247109495103], [-0.000603233987931, 0.00268053659238, -0.00307287997566, 0.00158542161807, -0.00160666648299, 0.0017176194815, -0.00270408857614, 0.00163784634788, -0.00123627006542, 0.00134971074294, -0.00342723587528, 0.0181527622044, -0.00665922416374], [0.000804504263215, -0.00268545793369, 0.0028760812711, -0.00233030179515, 0.00309953326359, -0.00371651118621, 0.00280338246375, -0.00215693493374, 0.000437921436969, -0.000698504387401, 0.00247109495103, -0.00665922416374, 0.0164839383215]]
    },
    "melbands": {
        "dmean": [0.000602586951572, 0.000663495098706, 0.000253531034105, 0.000127063045511, 9.51285328483e-05, 9.89193795249e-05, 0.000109530898044, 0.000146149046486, 0.000160776689881, 9.42510960158e-05, 6.28441484878e-05, 5.23368362337e-05, 7.08529405529e-05, 9.17658107937e-05, 3.38665849995e-05, 2.2444908609e-05, 3.08854796458e-05, 4.58364411315e-05, 1.69505674421e-05, 2.95167192235e-05, 3.63876570191e-05, 1.65289202414e-05, 1.53274759214e-05, 1.30419102788e-05, 2.10053494811e-05, 1.90535702131e-05, 8.43597354105e-06, 6.31230750514e-06, 4.77852017866e-06, 4.24398422183e-06, 4.01433135266e-06, 3.72779550162e-06, 2.87451939585e-06, 2.45271689892e-06, 2.29233023674e-06, 1.67895905179e-06, 1.36974324505e-06, 1.43906777339e-06, 1.32883917559e-06, 1.12390284812e-06],
        "dmean2": [0.00100600754377, 0.00109295581933, 0.00042540684808, 0.000209370075027, 0.000152246080688, 0.000159490984515, 0.000163077696925, 0.000231696467381, 0.000258325861068, 0.000149113606312, 0.00010187207954, 8.29260534374e-05, 0.000113178888569, 0.000146835256601, 5.41237895959e-05, 3.56592790922e-05, 4.97190303577e-05, 7.430826372e-05, 2.60911383521e-05, 4.46070662292e-05, 5.52902856725e-05, 2.54697097262e-05, 2.30831756198e-05, 2.05899432331e-05, 3.22305022564e-05, 2.94365090667e-05, 1.32696213768e-05, 1.00765628304e-05, 7.61586761655e-06, 6.63584887661e-06, 6.41078622721e-06, 5.8436044128e-06, 4.44051920567e-06, 3.74067963094e-06, 3.5822740756e-06, 2.56041903413e-06, 2.09415043173e-06, 2.16975809053e-06, 1.9936312583e-06, 1.66435631854e-06],
        "dvar": [1.14247620786e-06, 1.60235674684e-06, 1.71427885221e-07, 6.68388366876e-08, 3.80467319872e-08, 1.25968057318e-07, 3.98867882723e-07, 1.73226254674e-07, 2.67009653498e-07, 1.46648076793e-07, 7.65924710322e-08, 4.84597215689e-08, 6.44798348048e-08, 5.14506837135e-08, 2.69543640741e-08, 7.18597403804e-09, 9.73202229915e-09, 1.37735431949e-08, 3.32344751719e-09, 4.77553996348e-09, 7.32004457049e-09, 2.72621947239e-09, 1.18930032489e-09, 7.9199080627e-10, 1.62363877898e-09, 1.46024736747e-09, 2.63280064416e-10, 1.65229177562e-10, 8.27522148028e-11, 7.24494145232e-11, 7.8888777455e-11, 5.61499527429e-11, 3.33752539494e-11, 2.86302422742e-11, 3.33596136826e-11, 1.55605146823e-11, 8.77935484728e-12, 1.11417802068e-11, 7.36503132787e-12, 7.32582657731e-12],
        "dvar2": [3.15646047966e-06, 4.1571888687e-06, 4.46688630973e-07, 1.6040006301e-07, 8.6380175901e-08, 2.98676837929e-07, 7.488912388e-07, 3.56956377345e-07, 5.77779985633e-07, 3.26035575426e-07, 1.8307318328e-07, 1.17613943473e-07, 1.58880666845e-07, 1.22442187944e-07, 6.54259153521e-08, 1.63565747613e-08, 2.42557103292e-08, 3.55649376615e-08, 8.00515831401e-09, 1.03323847256e-08, 1.60212501044e-08, 6.6089600459e-09, 2.57282151139e-09, 1.84632953371e-09, 3.62946184218e-09, 3.36690231251e-09, 6.20226536796e-10, 4.19378504146e-10, 2.05119574104e-10, 1.83150383748e-10, 2.05327727043e-10, 1.41904765716e-10, 7.91907650566e-11, 6.47172107571e-11, 8.01509830728e-11, 3.65782577838e-11, 1.96961041227e-11, 2.3599273577e-11, 1.55693027915e-11, 1.5084898608e-11],
        "max": [0.0161221586168, 0.0178850647062, 0.00695545645431, 0.00889468472451, 0.00388896791264, 0.010005668737, 0.0223098564893, 0.0137967988849, 0.0166252702475, 0.0124271092936, 0.0106044001877, 0.00905011221766, 0.0086978841573, 0.00924120936543, 0.00524910259992, 0.00212161755189, 0.00264929025434, 0.00238692667335, 0.00240118219517, 0.00150303519331, 0.00212337332778, 0.00183953670785, 0.000789878482465, 0.000617413141299, 0.000996361719444, 0.000958824646659, 0.000456053734524, 0.000310573930619, 0.000191358543816, 0.000172446714714, 0.000240987050347, 0.000112467940198, 0.000130777145387, 0.000171610183315, 0.000232158243307, 0.000141256183269, 0.000115211267257, 0.000133335808641, 6.89388180035e-05, 9.36528667808e-05],
        "mean": [0.00087945983978, 0.000938448123634, 0.000353967567207, 0.000200825277716, 0.000169347957126, 0.000157023561769, 0.000169611987076, 0.000207358694752, 0.000213714578422, 0.000146228296217, 0.000105557890492, 7.95049927547e-05, 0.000103630198282, 0.000138087532832, 4.38247298007e-05, 2.88064402412e-05, 4.37436210632e-05, 6.79469885654e-05, 2.32241054618e-05, 4.25371472375e-05, 5.67036368011e-05, 2.31761750911e-05, 2.44181155722e-05, 2.19008270506e-05, 3.77686119464e-05, 3.84858067264e-05, 1.4545628801e-05, 1.14171980385e-05, 8.35676928546e-06, 7.07051503923e-06, 6.24271342531e-06, 5.67743609281e-06, 4.29546525993e-06, 3.48340995515e-06, 2.93522907668e-06, 2.25457915803e-06, 1.78117318228e-06, 1.89422132735e-06, 1.83302995538e-06, 1.54305791966e-06],
        "median": [0.000437062670244, 0.000545749324374, 0.00021711368754, 0.000119631149573, 8.16140745883e-05, 6.30978902336e-05, 3.31377232214e-05, 8.53811870911e-05, 6.55104595353e-05, 2.11516071431e-05, 1.240707752e-05, 1.23521576825e-05, 2.80119693343e-05, 3.47336062987e-05, 9.00906616152e-06, 7.31658019504e-06, 1.48013787111e-05, 1.53324726853e-05, 6.9568040999e-06, 1.23114850794e-05, 1.6225501895e-05, 7.08853804099e-06, 9.81771700026e-06, 1.01352698039e-05, 1.59458468261e-05, 1.26344548335e-05, 7.60313741921e-06, 6.21049639449e-06, 4.44456100013e-06, 3.01279965242e-06, 2.40609460889e-06, 1.94834501599e-06, 1.51653534886e-06, 1.25714473143e-06, 1.05071103462e-06, 9.2409698027e-07, 6.73564670706e-07, 6.65033439873e-07, 6.92591470397e-07, 5.29899580215e-07],
        "min": [4.08541596483e-24, 5.37806474337e-24, 3.78149625704e-24, 1.9462978202e-23, 1.17932480743e-23, 1.05381183093e-23, 1.05376931132e-23, 3.54473188368e-24, 1.13992609615e-23, 8.15071124341e-24, 6.30107933413e-24, 8.1758837949e-24, 8.91206535773e-24, 1.71269117816e-23, 7.23154471615e-24, 1.44102641506e-23, 1.23653079146e-23, 1.17693171899e-23, 8.15336733808e-24, 9.23806922656e-24, 1.67167183104e-23, 1.25088711331e-23, 1.56659382297e-23, 1.09471363777e-23, 9.14187789436e-24, 1.44697679287e-23, 1.12709054036e-23, 8.69131919948e-24, 9.59009130577e-24, 7.86709997077e-24, 1.03134964774e-23, 1.42879197128e-23, 7.74217122465e-24, 6.171383896e-24, 9.24083260631e-24, 9.25278542675e-24, 1.49114022402e-23, 9.59707588022e-24, 1.2098387361e-23, 1.10614667776e-23],
        "var": [1.71130182025e-06, 1.96268297259e-06, 1.97176120764e-07, 9.14222866299e-08, 8.34390903037e-08, 1.74531336938e-07, 9.77768763732e-07, 3.54749090548e-07, 4.34842888808e-07, 3.17524808224e-07, 1.86518121836e-07, 8.90962326139e-08, 8.50314805234e-08, 1.05354125424e-07, 3.82649112396e-08, 9.97438753814e-09, 1.19616760941e-08, 2.38231656624e-08, 5.05744957024e-09, 8.63365468007e-09, 1.42965550509e-08, 3.67988017835e-09, 2.07353001436e-09, 1.4036338758e-09, 3.45877770869e-09, 4.41082947944e-09, 4.85264495254e-10, 2.67171534896e-10, 1.38200159649e-10, 1.16346363099e-10, 1.04814129598e-10, 8.77034278535e-11, 5.1532701717e-11, 3.9181539957e-11, 3.65673880065e-11, 1.84448428753e-11, 1.14279939678e-11, 1.59294782226e-11, 1.19551911773e-11, 1.23417777734e-11]
    },
    "mfcc": {
        "mean": [-631.453613281, 88.9937973022, -4.63925504684, 29.1213989258, 5.94973564148, 1.39046323299, 5.35195493698, 5.43484687805, -0.276223987341, 4.70083999634, 3.25192570686, 0.976104319096, 4.3271355629],
        "cov": [[2009.72961426, -724.20880127, -114.187652588, -6.37975597382, -35.8468017578, 124.255973816, -33.1488990784, -34.9943199158, 56.217502594, -4.96391677856, 31.9767780304, 23.5065517426, 68.6260452271], [-724.20880127, 1151.31506348, -298.042572021, -192.473510742, -235.881134033, -104.442237854, -28.0468826294, 50.1151008606, -79.3697738647, 35.6076583862, -40.9133224487, -8.58252716064, -8.99432563782], [-114.187652588, -298.042572021, 885.152954102, 189.00894165, 238.419647217, 137.882598877, 57.2349395752, -1.78397929668, 28.3304767609, -34.3228874207, 21.5724163055, -2.44862556458, -39.7551040649], [-6.37975597382, -192.473510742, 189.00894165, 387.827728271, 191.189697266, 74.0526351929, 29.8239707947, -7.68349170685, 26.2921829224, 1.87389039993, 16.5202026367, 18.6025352478, 13.9359645844], [-35.8468017578, -235.881134033, 238.419647217, 191.189697266, 383.900787354, 16.4018955231, 80.431427002, -27.0230865479, 25.6500720978, -1.80417072773, 29.0145530701, 6.13968753815, 25.7782993317], [124.255973816, -104.442237854, 137.882598877, 74.0526351929, 16.4018955231, 247.591033936, 49.4280891418, 0.726784110069, 15.1766023636, 10.5685863495, 7.58227825165, -12.9264793396, 0.466937810183], [-33.1488990784, -28.0468826294, 57.2349395752, 29.8239707947, 80.431427002, 49.4280891418, 196.125320435, 13.3984937668, -5.53113079071, 23.6875991821, 31.1780567169, 9.05200004578, 26.318277359], [-34.9943199158, 50.1151008606, -1.78397929668, -7.68349170685, -27.0230865479, 0.726784110069, 13.3984937668, 112.188316345, 33.9220962524, 7.2172369957, 11.6539487839, 15.4460325241, 4.17578601837], [56.217502594, -79.3697738647, 28.3304767609, 26.2921829224, 25.6500720978, 15.1766023636, -5.53113079071, 33.9220962524, 127.284240723, 10.2664461136, 13.9881811142, 17.0842227936, -2.67709088326], [-4.96391677856, 35.6076583862, -34.3228874207, 1.87389039993, -1.80417072773, 10.5685863495, 23.6875991821, 7.2172369957, 10.2664461136, 93.6983184814, 25.7976093292, 2.90512824059, 15.9832801819], [31.9767780304, -40.9133224487, 21.5724163055, 16.5202026367, 29.0145530701, 7.58227825165, 31.1780567169, 11.6539487839, 13.9881811142, 25.7976093292, 87.4354782104, 33.671207428, 11.9180383682], [23.5065517426, -8.58252716064, -2.44862556458, 18.6025352478, 6.13968753815, -12.9264793396, 9.05200004578, 15.4460325241, 17.0842227936, 2.90512824059, 33.671207428, 84.5239562988, 31.7052707672], [68.6260452271, -8.99432563782, -39.7551040649, 13.9359645844, 25.7782993317, 0.466937810183, 26.318277359, 4.17578601837, -2.67709088326, 15.9832801819, 11.9180383682, 31.7052707672, 96.2908477783]],
