{
"lowlevel": {
    "average_loudness": 0.973499000072,
    "barkbands_crest": {
        "dmean": 2.54737520218,
        "dmean2": 4.27802419662,
        "dvar": 5.24423599243,
        "dvar2": 14.3863964081,
        "max": 24.2108573914,
        "mean": 8.31547927856,
        "median": 7.65182876587,
        "min": 1.85459637642,
        "var": 12.7249946594
    },
    "barkbands_flatness_db": {
        "dmean": 0.0204484015703,
        "dmean2": 0.0326700285077,
        "dvar": 0.000379153905669,
        "dvar2": 0.00092396128457,
        "max": 0.281882494688,
        "mean": 0.100181296468,
        "median": 0.0946573913097,
        "min": 0.0261842720211,
        "var": 0.00141534779686
    },
    "barkbands_kurtosis": {
        "dmean": 1.79702723026,
        "dmean2": 2.88268923759,
        "dvar": 8.82544136047,
        "dvar2": 20.7394428253,
        "max": 53.0798110962,
        "mean": 1.6271802187,
        "median": -0.117761850357,
        "min": -1.93917906284,
        "var": 22.92304039
    },
    "barkbands_skewness": {
        "dmean": 0.546005308628,
        "dmean2": 0.85692358017,
        "dvar": 0.325217694044,
        "dvar2": 0.770115315914,
        "max": 6.83146381378,
        "mean": 1.04366481304,
        "median": 0.833836019039,
        "min": -2.65992975235,
        "var": 1.29289722443
    },
    "barkbands_spread": {
        "dmean": 9.55927276611,
        "dmean2": 14.8381261826,
        "dvar": 120.13659668,
        "dvar2": 266.07989502,
        "max": 122.386772156,
        "mean": 37.6678276062,
        "median": 35.2868652344,
        "min": 3.48962688446,
        "var": 345.417938232
    },
    "dissonance": {
        "dmean": 0.011359360069,
        "dmean2": 0.0191449262202,
        "dvar": 0.000131953085656,
        "dvar2": 0.000354867108399,
        "max": 0.500000059605,
        "mean": 0.481286436319,
        "median": 0.485402405262,
        "min": 0.315307527781,
        "var": 0.000233961749473
    },
    "dynamic_complexity": 2.34574079514,
    "erbbands_crest": {
        "dmean": 2.29394578934,
        "dmean2": 3.78793048859,
        "dvar": 5.4144449234,
        "dvar2": 13.8267726898,
        "max": 30.0493755341,
        "mean": 7.23654127121,
        "median": 6.25168466568,
        "min": 2.25702786446,
        "var": 13.416185379
    },
    "erbbands_flatness_db": {
        "dmean": 0.0158833377063,
        "dmean2": 0.0234346278012,
        "dvar": 0.000235622021137,
        "dvar2": 0.000457808491774,
        "max": 0.291254788637,
        "mean": 0.121736578643,
        "median": 0.113701447845,
        "min": 0.0533516220748,
        "var": 0.00147058151197
    },
    "erbbands_kurtosis": {
        "dmean": 0.858137905598,
        "dmean2": 1.3590130806,
        "dvar": 1.60610055923,
        "dvar2": 3.5689227581,
        "max": 33.135761261,
        "mean": 0.529039978981,
        "median": -0.0254511833191,
        "min": -1.63077354431,
        "var": 3.69786262512
    },
    "erbbands_skewness": {
        "dmean": 0.320377796888,
        "dmean2": 0.486602842808,
        "dvar": 0.0970272198319,
        "dvar2": 0.204135090113,
        "max": 3.65277075768,
        "mean": -0.134725496173,
        "median": -0.152502954006,
        "min": -4.86137533188,
        "var": 0.513049542904
    },
    "erbbands_spread": {
        "dmean": 9.60847663879,
        "dmean2": 14.7343912125,
        "dvar": 100.563316345,
        "dvar2": 236.165939331,
        "max": 145.120040894,
        "mean": 44.3354759216,
        "median": 42.8965263367,
        "min": 6.01811504364,
        "var": 437.175994873
    },
    "hfc": {
        "dmean": 15.0053091049,
        "dmean2": 21.1873207092,
        "dvar": 426.081420898,
        "dvar2": 900.927490234,
        "max": 275.578063965,
        "mean": 35.8040313721,
        "median": 27.9508514404,
        "min": 1.13367286707e-16,
        "var": 971.916137695
    },
    "melbands_crest": {
        "dmean": 3.41285347939,
        "dmean2": 5.77885580063,
        "dvar": 9.15146064758,
        "dvar2": 25.3697986603,
        "max": 33.1780815125,
        "mean": 13.171546936,
        "median": 12.5508956909,
        "min": 1.77600884438,
        "var": 24.7658519745
    },
    "melbands_flatness_db": {
        "dmean": 0.0284538883716,
        "dmean2": 0.045818772167,
        "dvar": 0.00084447232075,
        "dvar2": 0.00213738624007,
        "max": 0.368346512318,
        "mean": 0.145267784595,
        "median": 0.136036098003,
        "min": 0.00503605371341,
        "var": 0.00290356134064
    },
    "melbands_kurtosis": {
        "dmean": 6.83835172653,
        "dmean2": 11.0861711502,
        "dvar": 129.70513916,
        "dvar2": 320.738464355,
        "max": 187.484359741,
        "mean": 11.7851896286,
        "median": 5.46596622467,
        "min": -1.88796436787,
        "var": 302.270751953
    },
    "melbands_skewness": {
        "dmean": 0.826370418072,
        "dmean2": 1.31066155434,
        "dvar": 0.795797467232,
        "dvar2": 1.9454562664,
        "max": 12.2027177811,
        "mean": 2.60088205338,
        "median": 2.28269577026,
        "min": -0.948300719261,
        "var": 3.27138519287
    },
    "melbands_spread": {
        "dmean": 12.8242006302,
        "dmean2": 20.738401413,
        "dvar": 270.197540283,
        "dvar2": 640.672607422,
        "max": 260.496643066,
        "mean": 38.7280540466,
        "median": 35.9976806641,
        "min": 2.08661222458,
        "var": 646.614624023
    },
    "pitch_salience": {
        "dmean": 0.072419218719,
        "dmean2": 0.121745988727,
        "dvar": 0.00446600280702,
        "dvar2": 0.0122033283114,
        "max": 0.998417675495,
        "mean": 0.582472264767,
        "median": 0.593552947044,
        "min": 0.163982361555,
        "var": 0.0111139155924
    },
    "silence_rate_20dB": {
        "dmean": 0,
        "dmean2": 0,
        "dvar": 0,
        "dvar2": 0,
        "max": 1,
        "mean": 1,
        "median": 1,
        "min": 1,
        "var": 0
    },
    "silence_rate_30dB": {
        "dmean": 0,
        "dmean2": 0,
        "dvar": 0,
        "dvar2": 0,
        "max": 1,
        "mean": 1,
        "median": 1,
        "min": 1,
        "var": 0
    },
    "silence_rate_60dB": {
        "dmean": 0.010222335346,
        "dmean2": 0.0204472839832,
        "dvar": 0.0101187145337,
        "dvar2": 0.0236024465412,
        "max": 1,
        "mean": 0.0150760188699,
        "median": 0,
        "min": 0,
        "var": 0.0148501396179
    },
    "spectral_centroid": {
        "dmean": 332.863586426,
        "dmean2": 522.092346191,
        "dvar": 140734.640625,
        "dvar2": 325989.75,
        "max": 11109.4453125,
        "mean": 1919.70263672,
        "median": 1923.63452148,
        "min": 310.667602539,
        "var": 428818.8125
    },
    "spectral_complexity": {
        "dmean": 5.62586259842,
        "dmean2": 8.12089443207,
        "dvar": 36.7332496643,
        "dvar2": 67.5388946533,
        "max": 60,
        "mean": 24.398109436,
        "median": 24,
        "min": 0,
        "var": 135.813018799
    },
    "spectral_decrease": {
        "dmean": 2.03185379632e-09,
        "dmean2": 3.09832692835e-09,
        "dvar": 5.59554224936e-18,
        "dvar2": 1.29374894193e-17,
        "max": 6.65350295664e-29,
        "mean": -5.90661564104e-09,
        "median": -5.39400923927e-09,
        "min": -2.19184919104e-08,
        "var": 1.18724513673e-17
    },
    "spectral_energy": {
        "dmean": 0.0084670195356,
        "dmean2": 0.0125649478287,
        "dvar": 8.96743076737e-05,
        "dvar2": 0.00019487622194,
        "max": 0.0922743007541,
        "mean": 0.0255405511707,
        "median": 0.0234000310302,
        "min": 1.0139465242e-20,
        "var": 0.000214339641389
    },
    "spectral_energyband_high": {
        "dmean": 0.00132777926046,
        "dmean2": 0.00191721390001,
        "dvar": 4.85173541165e-06,
        "dvar2": 1.00208371805e-05,
        "max": 0.0383762530982,
        "mean": 0.0022932337597,
        "median": 0.00117802375462,
        "min": 7.35796057235e-21,
        "var": 1.00167389974e-05
    },
    "spectral_energyband_low": {
        "dmean": 0.00471612717956,
        "dmean2": 0.00789759494364,
        "dvar": 5.08943630848e-05,
        "dvar2": 0.000129652835312,
        "max": 0.0745483338833,
        "mean": 0.00885429792106,
        "median": 0.00686222640797,
        "min": 3.4614575966e-23,
        "var": 7.0620488259e-05
    },
    "spectral_energyband_middle_high": {
        "dmean": 0.00302682793699,
        "dmean2": 0.0043531563133,
        "dvar": 1.76574703801e-05,
        "dvar2": 3.36567172781e-05,
        "max": 0.0617550946772,
        "mean": 0.00822454504669,
        "median": 0.00469310907647,
        "min": 1.41851125198e-21,
        "var": 7.36148867873e-05
    },
    "spectral_energyband_middle_low": {
        "dmean": 0.00339223188348,
        "dmean2": 0.00550419371575,
        "dvar": 3.08021335513e-05,
        "dvar2": 7.8152421338e-05,
        "max": 0.0606508031487,
        "mean": 0.00720126181841,
        "median": 0.00553763424978,
        "min": 2.18221342656e-22,
        "var": 4.1124287236e-05
    },
    "spectral_entropy": {
        "dmean": 0.142392978072,
        "dmean2": 0.210433512926,
        "dvar": 0.02156724222,
        "dvar2": 0.0438214838505,
        "max": 9.80647754669,
        "mean": 8.01350307465,
        "median": 8.02033424377,
        "min": 6.73973464966,
        "var": 0.0904708728194
    },
    "spectral_flux": {
        "dmean": 0.0238338150084,
        "dmean2": 0.0346131213009,
        "dvar": 0.000583203160204,
        "dvar2": 0.0011644839542,
        "max": 0.253283113241,
        "mean": 0.0929519161582,
        "median": 0.0879069715738,
        "min": 6.75567310426e-11,
        "var": 0.00173129583709
    },
    "spectral_kurtosis": {
        "dmean": 0.799842596054,
        "dmean2": 1.24761211872,
        "dvar": 0.61382073164,
        "dvar2": 1.47459113598,
        "max": 20.9628391266,
        "mean": 2.84161329269,
        "median": 2.69575166702,
        "min": -1.41806912422,
        "var": 2.34065008163
    },
    "spectral_rms": {
        "dmean": 0.000801328744274,
        "dmean2": 0.00116251665168,
        "dvar": 6.18252329332e-07,
        "dvar2": 1.25465385281e-06,
        "max": 0.00948808249086,
        "mean": 0.00477392459288,
        "median": 0.00477800145745,
        "min": 3.1451805136e-12,
        "var": 2.12722011383e-06
    },
    "spectral_rolloff": {
        "dmean": 1080.62902832,
        "dmean2": 1805.40515137,
        "dvar": 2663052.75,
        "dvar2": 6254382.5,
        "max": 19444.4824219,
        "mean": 2641.42089844,
        "median": 2067.1875,
        "min": 86.1328125,
        "var": 4992898.5
    },
    "spectral_skewness": {
        "dmean": 0.146210461855,
        "dmean2": 0.220954149961,
        "dvar": 0.0191951114684,
        "dvar2": 0.0378972701728,
        "max": 3.32957792282,
        "mean": 1.35678362846,
        "median": 1.37258076668,
        "min": -0.0978104770184,
        "var": 0.0976316034794
    },
    "spectral_spread": {
        "dmean": 741107.4375,
        "dmean2": 1071519.375,
        "dvar": 834953543680,
        "dvar2": 1.55064899994e+12,
        "max": 41039428,
        "mean": 5840296.5,
        "median": 5581104.5,
        "min": 2660367.25,
        "var": 3.16150330163e+12
    },
    "spectral_strongpeak": {
        "dmean": 0.666598618031,
        "dmean2": 1.15644955635,
        "dvar": 1.61811375618,
        "dvar2": 4.16495132446,
        "max": 14.610912323,
        "mean": 0.895082652569,
        "median": 0.312803119421,
        "min": 3.47176221105e-09,
        "var": 2.15954446793
    },
    "zerocrossingrate": {
        "dmean": 0.0185414608568,
        "dmean2": 0.0221435073763,
        "dvar": 0.000413770292653,
        "dvar2": 0.000513614329975,
        "max": 0.51904296875,
        "mean": 0.0989313870668,
        "median": 0.09130859375,
        "min": 0.0068359375,
        "var": 0.00232087587938
    },
    "barkbands": {
        "dmean": [8.46774419188e-05, 0.00310281571001, 0.00196358491667, 0.00147194135934, 0.00125094898976, 0.000523405557033, 0.000387352076359, 0.000258361716988, 0.000706892227754, 0.000789837678894, 0.000455919856904, 0.00064655567985, 0.000425256119343, 0.000706623191945, 0.000625094922725, 0.00043447886128, 0.000500353053212, 0.000414785958128, 0.000268065748969, 0.00026684984914, 0.000226078424021, 0.000225399373448, 0.000244436087087, 0.000243262809818, 0.000273050012765, 0.000177377150976, 2.22473858003e-07],
        "dmean2": [0.000139974799822, 0.00524107925594, 0.00332460459322, 0.00252409698442, 0.00215866020881, 0.000841972418129, 0.000624757318292, 0.000425941863796, 0.00113434484228, 0.0012786105508, 0.000709442188963, 0.000988561776467, 0.000669515749905, 0.00112353847362, 0.000994259375148, 0.000687405583449, 0.000781608512625, 0.000663483981043, 0.000421070464654, 0.000428843428381, 0.000355834548827, 0.000348587840563, 0.000368385692127, 0.000355112279067, 0.000397181109292, 0.000266995164566, 3.85034724104e-07],
        "dvar": [2.18590230361e-08, 2.68519997917e-05, 8.60683940118e-06, 1.09746706585e-05, 6.06401727055e-06, 7.45718125472e-07, 8.02550971457e-07, 3.76946275082e-07, 2.79793766822e-06, 4.75495107821e-06, 9.81239622888e-07, 2.5008571356e-06, 8.82798360635e-07, 2.33121795645e-06, 1.93868481801e-06, 9.18130467653e-07, 1.58866862421e-06, 4.77797982512e-07, 1.70506424979e-07, 1.77742677465e-07, 1.60203569521e-07, 1.96050137902e-07, 2.86924858983e-07, 2.85578295234e-07, 3.23285945569e-07, 1.03718221567e-07, 2.43350316027e-13],
        "dvar2": [6.04238863389e-08, 7.15682472219e-05, 2.26795946219e-05, 2.89110575977e-05, 1.70890016307e-05, 1.82630014933e-06, 1.81475184036e-06, 9.35584921535e-07, 6.8861318141e-06, 1.11218378152e-05, 2.19742742047e-06, 5.43874011782e-06, 2.05041760637e-06, 5.65624122828e-06, 4.4929829528e-06, 2.11822930396e-06, 3.74555247618e-06, 1.14525209938e-06, 3.97449611e-07, 4.4534084509e-07, 3.95888861249e-07, 4.55526958376e-07, 5.93005154315e-07, 5.10169911649e-07, 6.57274711102e-07, 2.46984996011e-07, 6.54250687914e-13],
        "max": [0.00308819324709, 0.0507902950048, 0.0314811170101, 0.0352471396327, 0.0370388031006, 0.0169332604855, 0.0333536230028, 0.0157582350075, 0.033016435802, 0.064077667892, 0.018374344334, 0.0318620800972, 0.0203152224422, 0.0307142361999, 0.0227060224861, 0.0183315332979, 0.0319487676024, 0.0136965904385, 0.00904244277626, 0.00685207080096, 0.00946602690965, 0.00880381930619, 0.0170851517469, 0.0154866818339, 0.0124102802947, 0.00876923277974, 6.37919765722e-06],
        "mean": [0.00010571146413, 0.00492373621091, 0.00304645905271, 0.00187247223221, 0.00201243488118, 0.000884253124241, 0.000549038348254, 0.000342407787684, 0.00108635856304, 0.00110851123463, 0.000672408379614, 0.00101994478609, 0.000670505105518, 0.00112498516683, 0.000947599008214, 0.000687052321155, 0.000822513597086, 0.000687484745868, 0.000468231795821, 0.000424915691838, 0.000340072350809, 0.00034940711339, 0.000387366890209, 0.000395332986955, 0.000399161595851, 0.000211976002902, 1.89602076262e-07],
        "median": [3.42904495483e-05, 0.00283360970207, 0.00197711726651, 0.000978922471404, 0.00132990465499, 0.000503079325426, 0.000232528007473, 0.000152957843966, 0.000352112110704, 0.000311216514092, 0.000216781510971, 0.000270518357866, 0.000242464870098, 0.000307277892716, 0.000338252924848, 0.000299147650367, 0.000328042980982, 0.000339868100127, 0.000278134131804, 0.000247583229793, 0.000178153917659, 0.000179896291229, 0.000181155570317, 0.000165272169397, 0.000150936946739, 6.10783390584e-05, 1.93558289396e-08],
        "min": [5.33369683948e-24, 1.65597902105e-23, 4.2572598467e-24, 3.8208667271e-24, 1.82711277034e-23, 3.38029422242e-23, 2.11495217966e-23, 3.68920394875e-23, 2.19307244402e-23, 3.52117152723e-23, 7.14608015676e-23, 6.9995363063e-23, 5.32733357187e-23, 5.89301562959e-23, 1.00625563524e-22, 5.75260659261e-23, 1.58847303795e-22, 1.92389151992e-22, 2.18459742732e-22, 2.41519876175e-22, 3.65748378864e-22, 4.21397100987e-22, 4.82302893155e-22, 6.93614824023e-22, 1.11398539609e-21, 1.48930325096e-21, 2.43385212885e-21],
        "var": [3.17428607843e-08, 3.57323297067e-05, 1.12563166113e-05, 9.76758292381e-06, 6.67409540256e-06, 1.52121685915e-06, 1.17738204608e-06, 4.69755462973e-07, 6.15441740592e-06, 6.96868937666e-06, 1.85088515536e-06, 5.36323432243e-06, 1.65997971635e-06, 4.90623688165e-06, 3.00089595839e-06, 1.61736397786e-06, 3.14411204272e-06, 9.66073912423e-07, 3.1808670542e-07, 2.64997993327e-07, 2.59368192701e-07, 3.23361859955e-07, 5.46126784684e-07, 6.15268220372e-07, 5.96532174768e-07, 1.40737981269e-07, 2.23754744117e-13]
    },
    "erbbands": {
        "dmean": [0.075408257544, 0.783088803291, 2.30671048164, 3.06909894943, 5.61506605148, 3.6739821434, 3.58437299728, 4.30591678619, 5.42761230469, 5.14745855331, 7.02776145935, 14.2674884796, 26.2191886902, 17.1254959106, 19.1364688873, 24.7524299622, 18.2468700409, 29.5411472321, 31.8390731812, 29.2209701538, 21.6321716309, 26.5508842468, 23.1032600403, 16.4654636383, 12.5876865387, 11.3021030426, 9.77005004883, 9.00254440308, 8.16899108887, 7.31880617142, 7.48204040527, 5.38754749298, 4.06085348129, 3.01935100555, 2.04704999924, 0.999716222286, 0.297879517078, 0.0226982440799, 0.000440296833403, 3.17240192089e-05],
        "dmean2": [0.124048680067, 1.33486998081, 3.9397187233, 5.19534826279, 9.863322258, 6.15852499008, 5.75278997421, 6.98753356934, 8.84711933136, 8.27049732208, 11.4661483765, 22.5595684052, 41.8135070801, 27.2826786041, 29.3189811707, 37.6108436584, 28.0830879211, 46.3884277344, 49.862159729, 44.9632759094, 33.2717781067, 41.2794570923, 36.7173576355, 25.8763446808, 19.572511673, 17.9478588104, 15.4571752548, 14.1715135574, 12.6904087067, 11.3537578583, 11.383852005, 7.85122394562, 5.89289999008, 4.40982437134, 3.0471997261, 1.50209677219, 0.457739502192, 0.0359276905656, 0.000678799347952, 4.52534222859e-05],
        "dvar": [0.0168158784509, 1.820317626, 13.6351356506, 30.7905139923, 194.726287842, 42.5154151917, 36.2106552124, 69.1094741821, 154.551452637, 148.100769043, 236.593597412, 1232.19567871, 5421.31884766, 1603.56359863, 2208.15722656, 3766.37841797, 1577.06994629, 4007.44311523, 4936.41113281, 4945.32080078, 1891.66381836, 4604.97851562, 1610.71325684, 643.298706055, 380.674316406, 301.827758789, 300.219299316, 280.243682861, 238.181655884, 230.041687012, 289.200775146, 164.824981689, 70.6364364624, 56.6549682617, 15.2722835541, 4.05116319656, 0.259781360626, 0.00168843136635, 5.85072655213e-07, 2.08797312773e-09],
        "dvar2": [0.044621322304, 4.88740730286, 36.7486610413, 78.9188842773, 539.309814453, 111.379806519, 84.2157363892, 170.965377808, 350.220153809, 341.460174561, 599.805053711, 3055.45605469, 12478.1923828, 3876.06542969, 4957.90722656, 8133.78027344, 3622.43017578, 9400.99023438, 11813.2744141, 10872.4873047, 4217.98388672, 11083.7753906, 3827.17700195, 1483.5513916, 885.33782959, 734.453552246, 753.086303711, 678.507202148, 541.892333984, 519.76171875, 609.231811523, 296.659790039, 132.360992432, 116.775985718, 33.0883407593, 9.57823753357, 0.622012019157, 0.00428125308827, 1.44339162489e-06, 4.53274306977e-09],
        "max": [1.27242231369, 13.5041923523, 38.3726997375, 78.3025436401, 161.295684814, 115.0131073, 235.761322021, 180.613937378, 484.82611084, 271.236907959, 410.229034424, 878.329956055, 2277.16918945, 1315.32739258, 994.882873535, 1591.92724609, 895.841430664, 1189.34509277, 1386.42431641, 1458.28356934, 858.310668945, 1994.0670166, 723.710510254, 729.455566406, 335.878448486, 199.974960327, 353.773895264, 461.702575684, 358.651733398, 353.307739258, 609.408508301, 521.172485352, 189.970169067, 183.192581177, 81.2008285522, 70.8924560547, 11.3412494659, 0.65949678421, 0.0115955267102, 0.000739058014005],
        "mean": [0.109598815441, 1.22084343433, 3.5394961834, 4.7715177536, 7.49013519287, 6.19522714615, 6.6624789238, 6.90148878098, 7.82283735275, 7.30970001221, 10.2300300598, 23.2534694672, 37.8408279419, 28.0729694366, 31.1061306, 41.5811653137, 32.4799156189, 50.5724411011, 54.0542602539, 47.5905189514, 39.1606292725, 45.2630462646, 38.9105911255, 29.5390663147, 22.2546424866, 18.904094696, 14.9042577744, 13.4445886612, 12.4467105865, 11.8739366531, 11.0739564896, 8.57110881805, 6.5045042038, 4.62689638138, 2.73888230324, 1.24292063713, 0.339461147785, 0.0243370700628, 0.000514488841873, 6.37888151687e-05],
        "median": [0.0583539642394, 0.705080509186, 2.37090492249, 3.40973043442, 4.31537389755, 3.75180983543, 3.81366705894, 3.8143491745, 3.41172409058, 3.36919999123, 4.76058721542, 7.61952209473, 10.648308754, 10.3898954391, 9.66289901733, 11.9129705429, 12.7459287643, 15.6786651611, 19.4513759613, 19.0173015594, 17.6751060486, 18.882598877, 18.9339294434, 17.3397789001, 13.7202758789, 11.1617050171, 8.00218582153, 6.8098154068, 6.19893550873, 6.09226083755, 4.90870571136, 3.534927845, 2.72957348824, 1.83186507225, 0.923030614853, 0.356854081154, 0.0976491421461, 0.00705250585452, 0.000164573415532, 4.4035125029e-05],
        "min": [4.50945861499e-22, 3.89319219595e-21, 6.07651684353e-21, 1.96880553391e-20, 5.61499570206e-20, 4.95346350017e-20, 1.29887079259e-19, 3.22606151612e-19, 2.36691993717e-19, 4.03250807114e-19, 6.91535865093e-19, 4.98792235815e-19, 1.07559308347e-18, 1.41020066934e-18, 3.35357942086e-18, 3.26751127812e-18, 2.66223634054e-18, 2.94230439311e-18, 5.1705380914e-18, 4.65431535063e-18, 4.30072334931e-18, 1.02908555663e-17, 1.00104529192e-17, 7.99718629807e-18, 1.27136733707e-17, 1.28053051302e-17, 1.32722262522e-17, 1.57298319644e-17, 1.52829757626e-17, 1.35368065885e-17, 1.43054037886e-17, 1.3100086658e-17, 1.25727846601e-17, 1.02264818895e-17, 8.85787847878e-18, 5.23258904506e-18, 2.68687825779e-18, 1.07122629361e-18, 2.98684424339e-19, 3.63836684901e-20],
        "var": [0.0223805978894, 2.26253461838, 15.5390415192, 31.9568023682, 154.251831055, 73.4929046631, 117.22442627, 107.922035217, 224.57862854, 206.875106812, 322.862518311, 3052.71850586, 8522.16503906, 2691.01171875, 4744.72998047, 8885.14355469, 3406.90063477, 9011.29589844, 9410.05273438, 8171.62402344, 4518.66455078, 8532.92773438, 3262.87866211, 1331.8314209, 675.799987793, 509.912994385, 415.204193115, 467.244415283, 407.383728027, 388.690155029, 528.36907959, 356.335113525, 144.944015503, 95.6475982666, 25.3004894257, 5.63473749161, 0.323140412569, 0.00176781730261, 6.84314954924e-07, 3.59659901861e-09]
    },
    "gfcc": {
        "mean": [41.5603370667, 54.234828949, -112.418769836, 43.0149421692, -51.5224647522, 30.4140510559, -42.746307373, 17.2226371765, -30.5862884521, 4.2201795578, -22.8862533569, 2.67070221901, -14.1768159866],
        "cov": [[3207.71484375, -616.35748291, 3.30644655228, -85.178817749, -24.3267192841, 132.532485962, -108.363632202, 75.0943984985, -118.037712097, 120.028999329, -71.4575805664, 95.0236206055, -92.5107269287], [-616.35748291, 841.56048584, -102.360618591, 79.5058059692, 105.717658997, -55.4641685486, 43.5434112549, -66.4132995605, 44.8179283142, -83.4006652832, 72.2499694824, -66.4295120239, 63.310546875], [3.30644655228, -102.360618591, 761.142822266, 315.809234619, 91.7434844971, 33.7591400146, -59.4485435486, -13.9804458618, -44.0092391968, 40.6210365295, -39.2024497986, 45.9921989441, -35.6023788452], [-85.178817749, 79.5058059692, 315.809234619, 389.31842041, 117.521987915, -6.4801864624, -34.9469108582, -29.3634777069, 6.80300474167, -21.5151062012, 3.27165198326, 9.85156822205, -1.84891486168], [-24.3267192841, 105.717658997, 91.7434844971, 117.521987915, 219.057449341, 49.9860420227, 20.1759910583, 14.4715194702, -4.86458730698, -3.54988670349, 4.21607398987, 11.7729558945, -2.28478693962], [132.532485962, -55.4641685486, 33.7591400146, -6.4801864624, 49.9860420227, 169.895202637, 68.6879425049, -15.9876260757, -25.4528083801, 19.8630504608, 6.93143033981, -8.32613182068, -9.30595016479], [-108.363632202, 43.5434112549, -59.4485435486, -34.9469108582, 20.1759910583, 68.6879425049, 144.767181396, 18.7247238159, -1.51283228397, 10.605638504, 9.20317554474, -12.9844512939, -5.48433017731], [75.0943984985, -66.4132995605, -13.9804458618, -29.3634777069, 14.4715194702, -15.9876260757, 18.7247238159, 109.804832458, 41.0132446289, 8.32272052765, -1.72972154617, 16.8262329102, 2.36643838882], [-118.037712097, 44.8179283142, -44.0092391968, 6.80300474167, -4.86458730698, -25.4528083801, -1.51283228397, 41.0132446289, 91.8328018188, 12.7221088409, 8.72597694397, -1.35333144665, 8.54760742188], [120.028999329, -83.4006652832, 40.6210365295, -21.5151062012, -3.54988670349, 19.8630504608, 10.605638504, 8.32272052765, 12.7221088409, 88.6547546387, 16.6927776337, 14.0442056656, -13.6918420792], [-71.4575805664, 72.2499694824, -39.2024497986, 3.27165198326, 4.21607398987, 6.93143033981, 9.20317554474, -1.72972154617, 8.72597694397, 16.6927776337, 73.1726760864, 12.6791629791, 11.1738166809], [95.0236206055, -66.4295120239, 45.9921989441, 9.85156822205, 11.7729558945, -8.32613182068, -12.9844512939, 16.8262329102, -1.35333144665, 14.0442056656, 12.6791629791, 59.2286453247, 6.85108423233], [-92.5107269287, 63.310546875, -35.6023788452, -1.84891486168, -2.28478693962, -9.30595016479, -5.48433017731, 2.36643838882, 8.54760742188, -13.6918420792, 11.1738166809, 6.85108423233, 55.585811615]],
        "icov": [[0.000548053125385, -0.000208233759622, 0.0005315108574, -0.000482637260575, 0.000472332671052, -0.00104026379995, 0.00111909478437, -0.00120988942217, 0.00134446378797, -0.00114839302842, 0.00110887596384, -0.00113576231524, 0.000908312678803], [-0.000208233759622, 0.00315028452314, -0.000930366455577, 0.00111210159957, -0.00261532212608, 0.002895379439, -0.00243857316673, 0.00366424419917, -0.0030647162348, 0.00327113782987, -0.00425126776099, 0.00415523117408, -0.00289344647899], [0.0005315108574, -0.000930366455577, 0.00355051388033, -0.0032456011977, 0.00143954018131, -0.00247920537367, 0.00253604189493, -0.00286140735261, 0.00367714976892, -0.00379573251121, 0.00393821764737, -0.00350030162372, 0.0022658733651], [-0.000482637260575, 0.00111210159957, -0.0032456011977, 0.00645652785897, -0.00358750158921, 0.0028262657579, -0.00182397267781, 0.0044588460587, -0.00466805696487, 0.00449972972274, -0.00401928927749, 0.00279386737384, -0.00168821483385], [0.000472332671052, -0.00261532212608, 0.00143954018131, -0.00358750158921, 0.00874118693173, -0.00498037366197, 0.00239254813641, -0.00550343189389, 0.00410088011995, -0.00305466540158, 0.00412897532806, -0.00497044762596, 0.00296300277114], [-0.00104026379995, 0.002895379439, -0.00247920537367, 0.0028262657579, -0.00498037366197, 0.0129649825394, -0.00777751626447, 0.00680419476703, -0.00339095061645, 0.00312147964723, -0.0059592789039, 0.0064576016739, -0.00392182543874], [0.00111909478437, -0.00243857316673, 0.00253604189493, -0.00182397267781, 0.00239254813641, -0.00777751626447, 0.0134618189186, -0.00737176230177, 0.00534136826172, -0.00493811815977, 0.00400884309784, -0.00276383524761, 0.00413898658007], [-0.00120988942217, 0.00366424419917, -0.00286140735261, 0.0044588460587, -0.00550343189389, 0.00680419476703, -0.00737176230177, 0.0197675526142, -0.012385442853, 0.0065260133706, -0.00519808288664, 0.00212155934423, -0.00423197913915], [0.00134446378797, -0.0030647162348, 0.00367714976892, -0.00466805696487, 0.00410088011995, -0.00339095061645, 0.00534136826172, -0.012385442853, 0.0216558966786, -0.00937793124467, 0.00536816008389, -0.00296407961287, 0.0022294272203], [-0.00114839302842, 0.00327113782987, -0.00379573251121, 0.00449972972274, -0.00305466540158, 0.00312147964723, -0.00493811815977, 0.0065260133706, -0.00937793124467, 0.020661432296, -0.0100063951686, 0.0028594348114, -9.60487232078e-05], [0.00110887596384, -0.00425126776099, 0.00393821764737, -0.00401928927749, 0.00412897532806, -0.0059592789039, 0.00400884309784, -0.00519808288664, 0.00536816008389, -0.0100063951686, 0.0241944529116, -0.011165057309, 0.0020874554757], [-0.00113576231524, 0.00415523117408, -0.00350030162372, 0.00279386737384, -0.00497044762596, 0.0064576016739, -0.00276383524761, 0.00212155934423, -0.00296407961287, 0.0028594348114, -0.011165057309, 0.028924966231, -0.00841866992414], [0.000908312678803, -0.00289344647899, 0.0022658733651, -0.00168821483385, 0.00296300277114, -0.00392182543874, 0.00413898658007, -0.00423197913915, 0.0022294272203, -9.60487232078e-05, 0.0020874554757, -0.00841866992414, 0.0244978368282]]
    },
    "melbands": {
        "dmean": [0.000766162294894, 0.00110729027074, 0.00063159893034, 0.000325214874465, 0.00012217098265, 9.80063487077e-05, 8.10494893813e-05, 5.41070585314e-05, 6.57465716358e-05, 9.90196422208e-05, 0.000134300396894, 7.34731074772e-05, 6.07051515544e-05, 7.19589734217e-05, 5.69050571357e-05, 4.20363467128e-05, 6.2699051341e-05, 5.76818274567e-05, 4.79493064631e-05, 3.46385131706e-05, 2.76888604276e-05, 3.2479474612e-05, 2.19798057515e-05, 2.13684470509e-05, 1.38304521897e-05, 9.99013536784e-06, 9.31182330532e-06, 7.83407449489e-06, 6.90514161761e-06, 5.54590678803e-06, 5.33432694283e-06, 4.75809156342e-06, 4.73299587611e-06, 4.06643357564e-06, 4.68714870294e-06, 3.7778593196e-06, 3.34475316777e-06, 2.95328914035e-06, 2.7867879453e-06, 2.61942386715e-06],
        "dmean2": [0.0012757309014, 0.00187983165961, 0.00107684894465, 0.000563387817238, 0.000196004722966, 0.000158076974913, 0.000131456326926, 8.73158569448e-05, 0.000107379775727, 0.000157181726536, 0.000214247003896, 0.000117787909403, 9.26725333557e-05, 0.000109836124466, 8.81359665073e-05, 6.52449234622e-05, 9.92320274236e-05, 9.12131508812e-05, 7.51597617636e-05, 5.45946022612e-05, 4.31041662523e-05, 5.13185223099e-05, 3.45373555319e-05, 3.4200205846e-05, 2.20449674089e-05, 1.58213370014e-05, 1.48472445289e-05, 1.26426757561e-05, 1.10589571705e-05, 8.84462315298e-06, 8.50565356814e-06, 7.44781755202e-06, 7.53064205128e-06, 6.39564314042e-06, 7.36206357033e-06, 5.72199587623e-06, 4.96060374644e-06, 4.37664675701e-06, 4.10528446082e-06, 3.9186338654e-06],
        "dvar": [1.62681863003e-06, 3.35310301125e-06, 1.7152780174e-06, 4.75366363162e-07, 4.06807600939e-08, 3.20788942076e-08, 3.38198162808e-08, 1.56737485213e-08, 1.95062863639e-08, 6.00881477908e-08, 1.40101988677e-07, 3.2152705387e-08, 1.9454097e-08, 3.58220546559e-08, 1.73134218073e-08, 8.70920136009e-09, 1.92683682343e-08, 1.79793513411e-08, 1.23740315772e-08, 7.19566450869e-09, 3.97181354472e-09, 8.1541919883e-09, 1.93060767373e-09, 1.38713152076e-09, 4.94547236496e-10, 2.61561938775e-10, 2.30055932637e-10, 1.60546367867e-10, 1.55953819303e-10, 1.14607677515e-10, 9.966692055e-11, 8.06610125914e-11, 1.04371566945e-10, 7.17166881437e-11, 1.15976034332e-10, 8.21190337952e-11, 6.87129797505e-11, 3.66608549074e-11, 4.65525881732e-11, 4.66551693112e-11],
        "dvar2": [4.28058228863e-06, 8.98240523384e-06, 4.49945446235e-06, 1.3188050616e-06, 9.91207969037e-08, 7.98350754394e-08, 7.65717445006e-08, 3.69135904066e-08, 5.09565190043e-08, 1.45251760841e-07, 3.22618603832e-07, 7.8149682281e-08, 4.27875264108e-08, 7.77956756792e-08, 3.95409891496e-08, 1.99378860088e-08, 4.55481270478e-08, 4.36486331523e-08, 2.80820025012e-08, 1.60148001527e-08, 9.00469387943e-09, 1.97976177674e-08, 4.42646896914e-09, 3.32564176198e-09, 1.16262377503e-09, 6.14585549119e-10, 5.56895585202e-10, 3.94921401137e-10, 3.96802979363e-10, 2.90465068664e-10, 2.42822206786e-10, 1.83720941238e-10, 2.54258197829e-10, 1.63927454944e-10, 2.57743326681e-10, 1.64788543922e-10, 1.27900579017e-10, 7.21191578679e-11, 9.63974039481e-11, 9.84415673977e-11],
        "max": [0.013657880947, 0.0198099054396, 0.0126313716173, 0.00980189815164, 0.00660940539092, 0.00422731973231, 0.007319602184, 0.00249869655818, 0.00315819634125, 0.00560501078144, 0.0116684539244, 0.00556597812101, 0.00274724094197, 0.00411887327209, 0.00272383377887, 0.00236455956474, 0.00261834636331, 0.0031429277733, 0.0024455494713, 0.00182577944361, 0.00140081287827, 0.00247700093314, 0.00121659680735, 0.000655201321933, 0.000674931390677, 0.000314285774948, 0.000443398399511, 0.000145381316543, 0.000165372402989, 0.000240666602622, 0.000292763579637, 0.00026617734693, 0.000287523609586, 0.000223487950279, 0.000389673106838, 0.000317134923534, 0.000317147758324, 0.000153203465743, 0.000153013170348, 0.000199987756787],
        "mean": [0.0011908892775, 0.00182636792306, 0.000970026827417, 0.000495191430673, 0.00023820673232, 0.000161236705026, 0.000117521150969, 7.52009727876e-05, 9.17378856684e-05, 0.000157558897627, 0.000190220816876, 0.000113466936455, 9.41064863582e-05, 0.000112072673801, 9.29664820433e-05, 6.64436447551e-05, 0.000100116652902, 9.04348416952e-05, 7.17240764061e-05, 5.32490703335e-05, 4.55707886431e-05, 5.05724237883e-05, 3.58504730684e-05, 3.28307542077e-05, 2.31124886341e-05, 1.64462962857e-05, 1.51233307406e-05, 1.1959819858e-05, 9.85695805866e-06, 7.88961006037e-06, 7.68968493503e-06, 7.05585853211e-06, 6.681143077e-06, 6.51209529678e-06, 6.50063702778e-06, 5.77826904191e-06, 5.0405355978e-06, 4.51386040368e-06, 4.32833076047e-06, 3.77078845304e-06],
        "median": [0.000680182827637, 0.00129779521376, 0.000659710960463, 0.000320279825246, 0.000148090315633, 9.17261859286e-05, 5.19270615769e-05, 3.40162368957e-05, 3.89951092075e-05, 4.72977990285e-05, 5.17230400874e-05, 3.85431449104e-05, 3.02020762319e-05, 2.81330321741e-05, 2.77854833257e-05, 2.40415920416e-05, 2.71108256129e-05, 2.85505429929e-05, 2.60431061179e-05, 2.13254497794e-05, 1.8744092813e-05, 1.93982414203e-05, 1.64245302585e-05, 1.5694542526e-05, 1.30141888803e-05, 9.58180226007e-06, 8.62167235027e-06, 6.52397648082e-06, 4.88868499815e-06, 3.99423061026e-06, 3.63164440387e-06, 3.45621833731e-06, 3.17539752359e-06, 3.28650685333e-06, 2.80527069663e-06, 2.47602588388e-06, 1.95300185624e-06, 1.86165630112e-06, 1.7714560272e-06, 1.4233659158e-06],
        "min": [5.53073733309e-24, 4.25484317132e-24, 4.83980207077e-24, 3.4002831689e-24, 3.9002718881e-24, 7.24651492954e-24, 4.58462371173e-24, 5.2512636359e-24, 4.5415530896e-24, 3.34858832492e-24, 5.23132990968e-24, 5.12899256217e-24, 1.06111778731e-23, 9.02992906558e-24, 6.76010013994e-24, 5.59575919321e-24, 5.10212435417e-24, 8.48144669995e-24, 7.06392281784e-24, 4.38410158051e-24, 5.17361369041e-24, 1.20561856692e-23, 9.08284269966e-24, 7.50225337983e-24, 5.69278316809e-24, 8.11527166725e-24, 1.09601044621e-23, 7.81970599644e-24, 7.75858742009e-24, 8.17545938773e-24, 8.73723090417e-24, 8.50818277375e-24, 7.66553654315e-24, 7.54386894802e-24, 8.09509418301e-24, 7.82927724581e-24, 7.74883078841e-24, 7.95498065333e-24, 7.85139375015e-24, 8.90663168382e-24],
        "var": [2.20296010411e-06, 3.89494698538e-06, 1.59762191743e-06, 4.66581553837e-07, 1.227698192e-07, 5.24298187088e-08, 4.93663492307e-08, 2.14184794345e-08, 2.75150515705e-08, 1.49661971705e-07, 2.19686526748e-07, 5.07735720134e-08, 4.0581742411e-08, 7.29203293304e-08, 3.88549388219e-08, 1.58074779932e-08, 4.11752481e-08, 3.29382494613e-08, 1.86132957936e-08, 1.24208936469e-08, 8.62703064541e-09, 1.35897453291e-08, 3.84376086515e-09, 2.33835617536e-09, 9.35088784182e-10, 4.25576796026e-10, 3.78082981589e-10, 2.39117337042e-10, 1.93902047196e-10, 1.62428445694e-10, 1.67434038856e-10, 1.35657665656e-10, 1.43320133539e-10, 1.20318463526e-10, 1.89962837127e-10, 1.61426441658e-10, 1.34427621812e-10, 7.08963582285e-11, 7.82534384514e-11, 7.41485275957e-11]
    },
    "mfcc": {
        "mean": [-600.899414062, 84.2820587158, 2.24408173561, 19.4716567993, 15.6756753922, 11.1186628342, 6.00888967514, 8.83691883087, 2.12221574783, 2.78876590729, -1.0897539854, -3.58191823959, -3.74179840088],
        "cov": [[2419.08056641, -426.207885742, -150.938980103, -206.156921387, -11.2245616913, -10.1923694611, 21.6677951813, -20.1769657135, -22.5149879456, -13.9501914978, 26.2897052765, 1.45701217651, 27.1881885529], [-426.207885742, 622.915405273, -116.977912903, 39.4880943298, 21.3769874573, 6.31786108017, 24.4892425537, 8.68297958374, -12.8740415573, 24.4522190094, -5.9349899292, -33.3542366028, -2.49167943001], [-150.938980103, -116.977912903, 571.868896484, 227.571228027, 127.831108093, 87.2974700928, 6.83988857269, -20.7553634644, -1.50269138813, -41.0463256836, -18.9982128143, 42.8700256348, -0.292086809874], [-206.156921387, 39.4880943298, 227.571228027, 370.322235107, 169.291687012, 34.9273910522, -13.4026165009, 17.6301994324, 4.8147482872, -31.408290863, -29.0097885132, 33.0935173035, 27.4035491943], [-11.2245616913, 21.3769874573, 127.831108093, 169.291687012, 236.247940063, 42.5454826355, 6.66698646545, 22.3892745972, 3.88743877411, -18.5549106598, -14.7043113708, 5.32052278519, 22.1484603882], [-10.1923694611, 6.31786108017, 87.2974700928, 34.9273910522, 42.5454826355, 189.08581543, 85.5733184814, 1.38555598259, -6.92889976501, 8.14503574371, 9.53961658478, -0.835748493671, -10.5478239059], [21.6677951813, 24.4892425537, 6.83988857269, -13.4026165009, 6.66698646545, 85.5733184814, 143.195175171, 30.4099750519, -2.48024439812, 13.0321559906, 14.8316698074, -7.91107988358, -0.535672128201], [-20.1769657135, 8.68297958374, -20.7553634644, 17.6301994324, 22.3892745972, 1.38555598259, 30.4099750519, 88.0421829224, 27.5220584869, 6.27892446518, 4.50346136093, -0.115488305688, 2.94222855568], [-22.5149879456, -12.8740415573, -1.50269138813, 4.8147482872, 3.88743877411, -6.92889976501, -2.48024439812, 27.5220584869, 76.8072280884, 23.3760814667, 4.53002977371, 8.65031909943, -0.741801679134], [-13.9501914978, 24.4522190094, -41.0463256836, -31.408290863, -18.5549106598, 8.14503574371, 13.0321559906, 6.27892446518, 23.3760814667, 68.5590896606, 24.6422958374, -4.97937107086, -3.56174302101], [26.2897052765, -5.9349899292, -18.9982128143, -29.0097885132, -14.7043113708, 9.53961658478, 14.8316698074, 4.50346136093, 4.53002977371, 24.6422958374, 66.8278427124, 21.5339660645, 2.24426460266], [1.45701217651, -33.3542366028, 42.8700256348, 33.0935173035, 5.32052278519, -0.835748493671, -7.91107988358, -0.115488305688, 8.65031909943, -4.97937107086, 21.5339660645, 74.1981658936, 25.1803512573], [27.1881885529, -2.49167943001, -0.292086809874, 27.4035491943, 22.1484603882, -10.5478239059, -0.535672128201, 2.94222855568, -0.741801679134, -3.56174302101, 2.24426460266, 25.1803512573, 61.4489326477]],
