{
"lowlevel": {
    "average_loudness": 0.966544926167,
    "barkbands_crest": {
        "dmean": 2.53804469109,
        "dmean2": 4.27393102646,
        "dvar": 5.20257425308,
        "dvar2": 13.9998197556,
        "max": 26.7961158752,
        "mean": 8.99858188629,
        "median": 8.27600669861,
        "min": 2.09349012375,
        "var": 12.8243560791
    },
    "barkbands_flatness_db": {
        "dmean": 0.0196316055954,
        "dmean2": 0.0312443617731,
        "dvar": 0.000351249036612,
        "dvar2": 0.000864732079208,
        "max": 0.511305034161,
        "mean": 0.127288550138,
        "median": 0.121640190482,
        "min": 0.0427194200456,
        "var": 0.00134374783374
    },
    "barkbands_kurtosis": {
        "dmean": 2.59345269203,
        "dmean2": 4.49887275696,
        "dvar": 4140.2109375,
        "dvar2": 11947.1083984,
        "max": 4321.34912109,
        "mean": 2.01790070534,
        "median": 0.316926002502,
        "min": -1.86314153671,
        "var": 2320.44482422
    },
    "barkbands_skewness": {
        "dmean": 0.443848967552,
        "dmean2": 0.700345277786,
        "dvar": 0.796344459057,
        "dvar2": 1.89170897007,
        "max": 60.2569351196,
        "mean": 1.0498944521,
        "median": 0.924621999264,
        "min": -2.01360368729,
        "var": 1.23472929001
    },
    "barkbands_spread": {
        "dmean": 5.72544431686,
        "dmean2": 9.07660675049,
        "dvar": 41.5309181213,
        "dvar2": 91.0527114868,
        "max": 100.667800903,
        "mean": 25.5961856842,
        "median": 24.517282486,
        "min": 0.0993699207902,
        "var": 145.97795105
    },
    "dissonance": {
        "dmean": 0.0176246464252,
        "dmean2": 0.0296903830022,
        "dvar": 0.000295093370369,
        "dvar2": 0.000796089705545,
        "max": 0.499999940395,
        "mean": 0.467809051275,
        "median": 0.474380195141,
        "min": 0.287585318089,
        "var": 0.000617383862846
    },
    "dynamic_complexity": 1.67763769627,
    "erbbands_crest": {
        "dmean": 2.74897813797,
        "dmean2": 4.52700614929,
        "dvar": 6.2809176445,
        "dvar2": 16.1588764191,
        "max": 31.9538440704,
        "mean": 9.35140705109,
        "median": 8.45844268799,
        "min": 2.15495944023,
        "var": 17.6004962921
    },
    "erbbands_flatness_db": {
        "dmean": 0.0157059133053,
        "dmean2": 0.0235495604575,
        "dvar": 0.000199988222448,
        "dvar2": 0.000417843402829,
        "max": 0.309771895409,
        "mean": 0.165490105748,
        "median": 0.160311982036,
        "min": 0.033281698823,
        "var": 0.00170079618692
    },
    "erbbands_kurtosis": {
        "dmean": 0.84749853611,
        "dmean2": 1.34039580822,
        "dvar": 1.14981341362,
        "dvar2": 2.78258347511,
        "max": 22.8981285095,
        "mean": 0.431704461575,
        "median": -0.0154328346252,
        "min": -1.83119130135,
        "var": 2.93840193748
    },
    "erbbands_skewness": {
        "dmean": 0.357085317373,
        "dmean2": 0.556786298752,
        "dvar": 0.101682670414,
        "dvar2": 0.235493004322,
        "max": 4.00320577621,
        "mean": 0.212562635541,
        "median": 0.223109126091,
        "min": -3.23291420937,
        "var": 0.592004716396
    },
    "erbbands_spread": {
        "dmean": 6.72073459625,
        "dmean2": 10.1666498184,
        "dvar": 46.4488792419,
        "dvar2": 98.8564529419,
        "max": 130.280227661,
        "mean": 34.5221405029,
        "median": 31.9122104645,
        "min": 4.74645090103,
        "var": 254.240615845
    },
    "hfc": {
        "dmean": 7.39970588684,
        "dmean2": 11.1810340881,
        "dvar": 66.4662704468,
        "dvar2": 139.453872681,
        "max": 115.312683105,
        "mean": 28.177274704,
        "median": 26.7112789154,
        "min": 1.15974626172e-16,
        "var": 240.483001709
    },
    "melbands_crest": {
        "dmean": 3.35743331909,
        "dmean2": 5.47910833359,
        "dvar": 9.20835494995,
        "dvar2": 23.627790451,
        "max": 39.6993484497,
        "mean": 12.8415184021,
        "median": 12.1085577011,
        "min": 1.10012352467,
        "var": 21.3901233673
    },
    "melbands_flatness_db": {
        "dmean": 0.024805624038,
        "dmean2": 0.0391041263938,
        "dvar": 0.000584827328566,
        "dvar2": 0.00141073740087,
        "max": 0.515894949436,
        "mean": 0.171197593212,
        "median": 0.166981041431,
        "min": 3.25330292981e-05,
        "var": 0.0019393999828
    },
    "melbands_kurtosis": {
        "dmean": 4.85563087463,
        "dmean2": 7.99675941467,
        "dvar": 2214.72436523,
        "dvar2": 6311.87304688,
        "max": 3161.83251953,
        "mean": 7.56318664551,
        "median": 3.96859502792,
        "min": -1.79825353622,
        "var": 1343.3079834
    },
    "melbands_skewness": {
        "dmean": 0.593199551105,
        "dmean2": 0.931789755821,
        "dvar": 0.717771828175,
        "dvar2": 1.6791703701,
        "max": 46.9742698669,
        "mean": 2.02454662323,
        "median": 1.81067538261,
        "min": -0.585192143917,
        "var": 1.92899549007
    },
    "melbands_spread": {
        "dmean": 7.60158967972,
        "dmean2": 12.0784931183,
        "dvar": 86.2596588135,
        "dvar2": 177.892837524,
        "max": 213.894485474,
        "mean": 29.1304244995,
        "median": 27.2525463104,
        "min": 0.147194549441,
        "var": 266.343292236
    },
    "pitch_salience": {
        "dmean": 0.0680629462004,
        "dmean2": 0.110923253,
        "dvar": 0.00394542189315,
        "dvar2": 0.0100934263319,
        "max": 0.984769523144,
        "mean": 0.542304813862,
        "median": 0.542083621025,
        "min": 0.0136888986453,
        "var": 0.0109234116971
    },
    "silence_rate_20dB": {
        "dmean": 0,
        "dmean2": 0,
        "dvar": 0,
        "dvar2": 0,
        "max": 1,
        "mean": 1,
        "median": 1,
        "min": 1,
        "var": 0
    },
    "silence_rate_30dB": {
        "dmean": 0,
        "dmean2": 0,
        "dvar": 0,
        "dvar2": 0,
        "max": 1,
        "mean": 1,
        "median": 1,
        "min": 1,
        "var": 0
    },
    "silence_rate_60dB": {
        "dmean": 0.00196126499213,
        "dmean2": 0.00392301101238,
        "dvar": 0.0019573867321,
        "dvar2": 0.00415267702192,
        "max": 1,
        "mean": 0.00637333001941,
        "median": 0,
        "min": 0,
        "var": 0.00633298326284
    },
    "spectral_centroid": {
        "dmean": 264.298187256,
        "dmean2": 412.934936523,
        "dvar": 82650.734375,
        "dvar2": 180048,
        "max": 10828.0576172,
        "mean": 1594.90222168,
        "median": 1570.15344238,
        "min": 392.683776855,
        "var": 276599.3125
    },
    "spectral_complexity": {
        "dmean": 4.20127487183,
        "dmean2": 6.60536956787,
        "dvar": 17.2048282623,
        "dvar2": 40.3536682129,
        "max": 54,
        "mean": 24.7906608582,
        "median": 25,
        "min": 0,
        "var": 68.9482040405
    },
    "spectral_decrease": {
        "dmean": 2.34532349097e-09,
        "dmean2": 3.6688276861e-09,
        "dvar": 6.69939492448e-18,
        "dvar2": 1.52844034764e-17,
        "max": -8.72848362869e-29,
        "mean": -7.96826160609e-09,
        "median": -7.61243867942e-09,
        "min": -3.12903800648e-08,
        "var": 1.52428492311e-17
    },
    "spectral_energy": {
        "dmean": 0.00925294216722,
        "dmean2": 0.0144136603922,
        "dvar": 0.000100333192677,
        "dvar2": 0.000227268130402,
        "max": 0.12000990659,
        "mean": 0.0326299183071,
        "median": 0.0313566811383,
        "min": 1.08486772976e-20,
        "var": 0.000240135210333
    },
    "spectral_energyband_high": {
        "dmean": 0.000457125599496,
        "dmean2": 0.000691931229085,
        "dvar": 6.28829297966e-07,
        "dvar2": 1.25297924569e-06,
        "max": 0.0151376696303,
        "mean": 0.000997768598609,
        "median": 0.000652433838695,
        "min": 7.76831243422e-21,
        "var": 1.5995387912e-06
    },
    "spectral_energyband_low": {
        "dmean": 0.00543468957767,
        "dmean2": 0.0089283362031,
        "dvar": 7.97113243607e-05,
        "dvar2": 0.000196073786356,
        "max": 0.111211150885,
        "mean": 0.010404933244,
        "median": 0.00779327889904,
        "min": 1.14386661414e-22,
        "var": 0.000115634677059
    },
    "spectral_energyband_middle_high": {
        "dmean": 0.00277967029251,
        "dmean2": 0.00430465303361,
        "dvar": 1.22986457427e-05,
        "dvar2": 2.82442288153e-05,
        "max": 0.0553737021983,
        "mean": 0.00915303267539,
        "median": 0.00706502795219,
        "min": 1.7101648164e-21,
        "var": 5.39844149898e-05
    },
    "spectral_energyband_middle_low": {
        "dmean": 0.00525522278622,
        "dmean2": 0.0083405636251,
        "dvar": 4.36511872977e-05,
        "dvar2": 0.000104457292764,
        "max": 0.0857430174947,
        "mean": 0.0132676968351,
        "median": 0.0105826901272,
        "min": 3.55648611628e-22,
        "var": 9.58240343607e-05
    },
    "spectral_entropy": {
        "dmean": 0.136103197932,
        "dmean2": 0.205519303679,
        "dvar": 0.0193424709141,
        "dvar2": 0.0412394702435,
        "max": 9.80035400391,
        "mean": 7.68492269516,
        "median": 7.70753288269,
        "min": 6.47582674026,
        "var": 0.0909386277199
    },
    "spectral_flux": {
        "dmean": 0.0237959995866,
        "dmean2": 0.0364473834634,
        "dvar": 0.000555955979507,
        "dvar2": 0.00119587639347,
        "max": 0.317597299814,
        "mean": 0.0997088253498,
        "median": 0.0941972360015,
        "min": 1.04156981651e-10,
        "var": 0.00147260015365
    },
    "spectral_kurtosis": {
        "dmean": 1.19005274773,
        "dmean2": 2.00039672852,
        "dvar": 1.48127198219,
        "dvar2": 4.18961334229,
        "max": 19.1761112213,
        "mean": 3.66771578789,
        "median": 3.36456251144,
        "min": -1.22415876389,
        "var": 3.3635032177
    },
    "spectral_rms": {
        "dmean": 0.000777662207838,
        "dmean2": 0.00119842891581,
        "dvar": 5.50962909074e-07,
        "dvar2": 1.20733818676e-06,
        "max": 0.0108204819262,
        "mean": 0.00547470338643,
        "median": 0.0055309929885,
        "min": 3.25331775408e-12,
        "var": 1.86174133887e-06
    },
    "spectral_rolloff": {
        "dmean": 486.900543213,
        "dmean2": 817.729492188,
        "dvar": 660035.8125,
        "dvar2": 1339575.5,
        "max": 18195.5566406,
        "mean": 1663.44543457,
        "median": 1507.32421875,
        "min": 21.533203125,
        "var": 1525024.75
    },
    "spectral_skewness": {
        "dmean": 0.178308188915,
        "dmean2": 0.286031633615,
        "dvar": 0.0290913190693,
        "dvar2": 0.0702227726579,
        "max": 3.01715445518,
        "mean": 1.35539376736,
        "median": 1.34137892723,
        "min": -0.187951385975,
        "var": 0.103156648576
    },
    "spectral_spread": {
        "dmean": 394434.5,
        "dmean2": 555319.9375,
        "dvar": 317644865536,
        "dvar2": 445624320000,
        "max": 40968104,
        "mean": 4191737.75,
        "median": 4029596,
        "min": 2143148.75,
        "var": 1.25785905562e+12
    },
    "spectral_strongpeak": {
        "dmean": 0.746942043304,
        "dmean2": 1.27525365353,
        "dvar": 1.23650240898,
        "dvar2": 3.10238075256,
        "max": 17.2225513458,
        "mean": 1.19386029243,
        "median": 0.554616689682,
        "min": 0,
        "var": 2.04987955093
    },
    "zerocrossingrate": {
        "dmean": 0.00924484338611,
        "dmean2": 0.0113570736721,
        "dvar": 0.000165817924426,
        "dvar2": 0.000182972988114,
        "max": 0.69580078125,
        "mean": 0.0637560412288,
        "median": 0.06005859375,
        "min": 0.00439453125,
        "var": 0.000906517787371
    },
    "barkbands": {
        "dmean": [5.10026075062e-05, 0.00338489701971, 0.00284257158637, 0.000973152229562, 0.00121414742898, 0.00201181718148, 0.000803835107945, 0.000811981852166, 0.00181444582995, 0.00114918814506, 0.00061344000278, 0.000585172732826, 0.000513396691531, 0.000738594331779, 0.000549485732336, 0.000440374744358, 0.000379470846383, 0.000252143217949, 0.000223718976486, 0.000218186236452, 0.00013627660519, 0.000107022591692, 9.33049232117e-05, 6.79181903251e-05, 4.18982963311e-05, 8.02822705737e-06, 3.81747824463e-08],
        "dmean2": [8.4811981651e-05, 0.00567097356543, 0.00478786602616, 0.00170189747587, 0.00195919186808, 0.00318739772774, 0.00131198158488, 0.00130017800257, 0.00288297794759, 0.001817781711, 0.000996278249659, 0.000932669034228, 0.000837826868519, 0.00118881894741, 0.000881999440026, 0.000710264663212, 0.000607307185419, 0.000408763444284, 0.000358820048859, 0.000353014969733, 0.000219222871237, 0.000172101586941, 0.000142615434015, 0.000104117840237, 6.15983371972e-05, 1.1786110008e-05, 6.62153283315e-08],
        "dvar": [5.79262948719e-09, 2.89864419756e-05, 4.08950909332e-05, 4.66678648081e-06, 4.64159211333e-06, 1.39021722134e-05, 4.94634150527e-06, 4.26738643e-06, 1.2113883713e-05, 5.21182255397e-06, 2.03301601687e-06, 1.92014385902e-06, 1.05452966181e-06, 2.60635761151e-06, 1.08166557311e-06, 1.08826168344e-06, 5.89102455706e-07, 1.51188359609e-07, 1.13617304009e-07, 1.08999230974e-07, 4.39751239867e-08, 3.9431036214e-08, 6.73332891665e-08, 5.23043013345e-08, 2.03557917189e-08, 3.15661968786e-10, 1.47968100853e-14],
        "dvar2": [1.49905829971e-08, 7.84937146818e-05, 0.000107544125058, 1.31658625833e-05, 1.14846752695e-05, 3.39112157235e-05, 1.24517637232e-05, 1.04902073872e-05, 2.86602953565e-05, 1.26812410599e-05, 5.24340930497e-06, 4.76519471704e-06, 2.73193768408e-06, 6.35582091491e-06, 2.45855108005e-06, 2.70090276899e-06, 1.37855602134e-06, 3.73944516241e-07, 2.59169098626e-07, 2.57949011484e-07, 1.02118889345e-07, 9.53101775281e-08, 1.31464076958e-07, 1.06526840682e-07, 3.82921179209e-08, 6.47718434443e-10, 4.2353788662e-14],
        "max": [0.00235641933978, 0.0782461762428, 0.0737253576517, 0.0269150175154, 0.0532641261816, 0.0635504499078, 0.048821657896, 0.033413451165, 0.0837316885591, 0.053724873811, 0.0323748029768, 0.0353126972914, 0.0204622317106, 0.0358164794743, 0.0300416182727, 0.035054191947, 0.0185835827142, 0.00692928908393, 0.0120101543143, 0.0121045988053, 0.00626172404736, 0.00476057175547, 0.0116581767797, 0.00635090842843, 0.00589780090377, 0.00048556207912, 6.38662913843e-06],
        "mean": [7.07364815753e-05, 0.00570017378777, 0.00377805228345, 0.00134738045745, 0.00214449176565, 0.00346548762172, 0.00121351005509, 0.00123324722517, 0.00310034700669, 0.00190300936811, 0.0010328409262, 0.00102495122701, 0.00081980752293, 0.00119400525, 0.000912541698199, 0.000759123067837, 0.000722853525076, 0.000493101077154, 0.000465825374704, 0.000443696102593, 0.0002683585044, 0.000188034697203, 0.000148913110024, 0.000118220181321, 6.87210194883e-05, 1.2442107618e-05, 3.689273953e-08],
        "median": [3.94957387471e-05, 0.00378054170869, 0.00196802383289, 0.000668780703563, 0.00124409352429, 0.0015258686617, 0.000534102495294, 0.000326285313349, 0.00112399109639, 0.000701730954461, 0.000237131956965, 0.000331655581249, 0.000334361626301, 0.000428198865848, 0.000411379733123, 0.000260019936832, 0.000315282552037, 0.000321443454595, 0.000332940515364, 0.000315273617161, 0.000177171838004, 0.000110196931928, 7.04935519025e-05, 5.01875110785e-05, 2.60901470028e-05, 5.70676093048e-06, 1.42684788429e-08],
        "min": [2.53576971401e-23, 4.05796171206e-23, 8.06539041449e-24, 8.95160227744e-23, 5.31600742254e-23, 2.33727795298e-23, 3.80285987253e-23, 8.38496727575e-23, 4.87435070743e-23, 7.42376108867e-23, 4.76999135165e-23, 1.03913460047e-22, 2.0452955724e-22, 2.4911851258e-22, 2.2089135283e-22, 1.01693958869e-22, 1.12026654643e-22, 2.19846598069e-22, 1.57515883292e-22, 4.37219732236e-22, 4.46173366619e-22, 3.12481309857e-22, 6.52967106118e-22, 9.76882027096e-22, 1.50467071578e-21, 1.64101213349e-21, 2.19536137757e-21],
        "var": [8.30972890498e-09, 4.13179332099e-05, 3.70734196622e-05, 4.5665306061e-06, 8.30721819511e-06, 2.67972300207e-05, 5.93902859691e-06, 8.02022350399e-06, 2.78691477433e-05, 9.94737820292e-06, 4.3112295316e-06, 4.47174079454e-06, 2.00981958187e-06, 4.67362588097e-06, 2.60269416685e-06, 2.41686143454e-06, 1.64303332895e-06, 3.11084363602e-07, 2.39103428612e-07, 2.17262211777e-07, 8.59992681512e-08, 7.16586896488e-08, 1.17157888724e-07, 1.22144939496e-07, 5.08262196774e-08, 5.83183890068e-10, 9.75807874445e-15]
    },
    "erbbands": {
        "dmean": [0.0667331144214, 0.882556974888, 3.06418538094, 3.17629766464, 2.62184739113, 4.44305515289, 11.3172531128, 17.7771530151, 13.7598972321, 10.410487175, 22.1405982971, 37.9972572327, 44.9945449829, 27.4516849518, 21.9518165588, 22.6923141479, 21.5862293243, 34.3366699219, 27.492521286, 26.5453052521, 22.0384292603, 18.7464447021, 13.1742343903, 11.5059242249, 10.7545919418, 11.0528364182, 6.89934206009, 4.44154977798, 3.81204080582, 3.18811011314, 2.61105823517, 1.69074308872, 1.0386288166, 0.647190392017, 0.204337596893, 0.0556357204914, 0.0117321508005, 0.000815653533209, 2.18238237721e-05, 1.1299356629e-05],
        "dmean2": [0.109838657081, 1.47186970711, 5.03295230865, 5.44431972504, 4.49019813538, 7.16405010223, 18.1693248749, 28.1507606506, 22.2165660858, 16.8576564789, 35.2214050293, 60.0614089966, 71.0614318848, 43.4403953552, 34.9354934692, 36.0782852173, 34.7983322144, 55.1356086731, 43.8224258423, 42.9191589355, 34.7895240784, 29.854845047, 21.2366924286, 18.3686656952, 17.3704624176, 17.8478946686, 11.1732807159, 7.07374620438, 6.12073564529, 5.05192947388, 3.97351861, 2.59502363205, 1.57458078861, 0.98089236021, 0.294960379601, 0.0813790410757, 0.0173384658992, 0.00118895980995, 3.12573065457e-05, 1.72397340066e-05],
        "dvar": [0.0121862972155, 2.07078480721, 42.8732719421, 50.1822776794, 26.832698822, 84.4697265625, 456.82244873, 1481.12243652, 1328.23181152, 1055.63989258, 2827.24487305, 6721.16113281, 8332.109375, 3132.57617188, 2069.76049805, 2674.52539062, 1904.31286621, 6391.71582031, 2746.45214844, 3489.60595703, 2326.73681641, 1637.6529541, 428.504364014, 286.476348877, 289.714904785, 288.563568115, 114.763504028, 53.2837028503, 47.5313529968, 44.269153595, 64.1208496094, 27.3360519409, 15.0766878128, 5.5326218605, 0.482051551342, 0.0195573437959, 0.000516698113643, 1.97369422494e-06, 1.69273561834e-09, 1.35430958115e-10],
        "dvar2": [0.0324493907392, 5.43997716904, 109.857910156, 136.646499634, 72.4303588867, 211.109619141, 1140.30981445, 3546.45556641, 3302.44873047, 2679.04711914, 6800.19042969, 15590.4150391, 20004.8359375, 7443.203125, 5060.61376953, 6560.7265625, 4855.7265625, 15808.3691406, 6481.66601562, 8362.40625, 5737.55810547, 3836.30200195, 1048.51831055, 697.641784668, 649.50604248, 699.749206543, 285.175201416, 118.035270691, 115.266799927, 96.6597976685, 127.949241638, 55.7937316895, 30.1330890656, 10.6893157959, 0.937217414379, 0.0382303446531, 0.00112728797831, 4.32186197941e-06, 3.81618336931e-09, 2.93215063341e-10],
        "max": [1.37354409695, 20.1610450745, 74.5707473755, 87.2892379761, 116.564605713, 302.252380371, 373.338226318, 755.390319824, 1021.49908447, 811.458190918, 829.975769043, 2657.84057617, 2155.73754883, 1658.20373535, 912.573974609, 1081.97900391, 1025.31860352, 1867.46972656, 1394.10510254, 2291.72094727, 1343.3651123, 1123.73999023, 430.158752441, 357.551849365, 594.166870117, 662.862976074, 217.363113403, 237.153610229, 144.995346069, 160.070632935, 360.303283691, 149.938400269, 113.761741638, 94.9170227051, 24.1315326691, 4.58762216568, 0.433675557375, 0.0268277022988, 0.00135905051138, 0.000153669840074],
        "mean": [0.110253870487, 1.47557520866, 4.45520114899, 4.65799665451, 4.08484554291, 7.55368089676, 19.4505577087, 29.1003799438, 21.5330600739, 15.8953294754, 36.935333252, 64.9668731689, 77.103843689, 50.6262397766, 42.0540122986, 41.0897064209, 38.5301971436, 58.903717041, 50.169834137, 47.0686187744, 43.268699646, 38.6420021057, 28.1682167053, 25.2113819122, 23.2089672089, 22.3401737213, 13.4122085571, 8.76433849335, 6.80844926834, 5.32923364639, 4.11842870712, 2.80392408371, 1.79688835144, 1.04982149601, 0.327034026384, 0.0883530080318, 0.0176698025316, 0.00124369608238, 4.9540445616e-05, 4.21355907747e-05],
        "median": [0.0699136480689, 0.966000854969, 2.54699635506, 2.70872402191, 2.46211385727, 4.06546926498, 8.19792175293, 11.5840053558, 9.51198959351, 7.65074491501, 11.0087013245, 24.5885467529, 32.1112174988, 20.622543335, 14.1493530273, 15.3662090302, 17.1727523804, 23.3077793121, 24.3635368347, 19.4281463623, 16.0716972351, 17.2164134979, 18.113904953, 18.2662734985, 16.3812828064, 15.8976430893, 8.91069793701, 5.61845397949, 3.96489691734, 2.92697167397, 1.88919532299, 1.21839904785, 0.72998470068, 0.387364685535, 0.126776069403, 0.0381646417081, 0.00833540223539, 0.000637622841168, 3.52084425685e-05, 4.06717736041e-05],
        "min": [2.04292669252e-21, 5.92020636495e-21, 9.86851593156e-21, 1.68902849383e-19, 2.06274533416e-19, 2.20348636722e-19, 1.1913501084e-19, 2.33729782395e-19, 2.34796948783e-19, 1.2243928461e-18, 2.04181221044e-18, 1.03930642775e-18, 1.52226792591e-18, 2.51487597557e-18, 1.99751151875e-18, 5.92444994043e-18, 1.01066308633e-17, 1.39833492889e-17, 9.79222116687e-18, 9.11555268421e-18, 5.93156121216e-18, 6.56660637998e-18, 1.19786704569e-17, 8.60152528078e-18, 9.86231231607e-18, 2.24273760723e-17, 2.19776214296e-17, 1.48500558998e-17, 1.17320829532e-17, 1.58281208735e-17, 1.80350767981e-17, 1.86194749378e-17, 1.67678989654e-17, 1.60159189967e-17, 1.07809650423e-17, 6.81398673628e-18, 2.99316442026e-18, 1.21566112755e-18, 3.49738580432e-19, 3.07586658413e-20],
        "var": [0.0177177842706, 2.93893623352, 43.2965812683, 47.1711540222, 32.506855011, 132.836715698, 960.945922852, 2543.68383789, 1734.87805176, 1163.74157715, 6090.02392578, 13527.3251953, 17128.4199219, 6690.37646484, 5150.82275391, 5985.69091797, 4028.93017578, 11172.1660156, 5954.52392578, 7914.54785156, 6566.56201172, 4485.45214844, 1000.44293213, 629.182495117, 611.769287109, 557.814941406, 203.120162964, 110.77444458, 89.0421447754, 80.7516479492, 105.146957397, 58.8455352783, 34.7799224854, 13.4869184494, 1.02538430691, 0.039793882519, 0.000902770610992, 3.43609099218e-06, 3.0691942321e-09, 3.77021414089e-10]
    },
    "gfcc": {
        "mean": [30.265794754, 93.686630249, -136.858123779, 40.3050765991, -62.1340065002, 19.0856971741, -34.8979873657, 13.1960668564, -22.3057079315, 2.46545004845, -13.6897373199, -2.9323785305, -6.29618310928],
        "cov": [[2395.51489258, -98.4938735962, 239.756881714, 335.759552002, 64.6772766113, 172.803039551, -53.1767883301, 60.7975692749, -114.140579224, 138.573989868, -54.562713623, 47.0117874146, -33.269695282], [-98.4938735962, 513.315002441, -8.3776216507, -11.1398935318, 139.084671021, -45.9796714783, 75.6386566162, -28.5347881317, 49.8644752502, -10.6154747009, 75.2611465454, -40.0682106018, 28.5855998993], [239.756881714, -8.3776216507, 625.555175781, 338.240600586, 76.0119171143, 99.2585067749, -68.7459564209, 9.76830482483, -9.11854934692, 115.08707428, 4.0424990654, 44.2387962341, -15.684876442], [335.759552002, -11.1398935318, 338.240600586, 421.931884766, 148.488067627, 29.7176475525, -55.953125, 4.15352487564, 27.7992534637, 81.3681488037, -5.76130199432, 43.4901351929, 12.8438911438], [64.6772766113, 139.084671021, 76.0119171143, 148.488067627, 259.150024414, 91.9014816284, 39.1886367798, 17.8370513916, 33.8832206726, 44.1529197693, 7.18678569794, 7.16049957275, 10.0174808502], [172.803039551, -45.9796714783, 99.2585067749, 29.7176475525, 91.9014816284, 283.866912842, 160.540863037, 32.0863876343, -22.1100349426, 65.3600158691, 4.62921762466, -2.36638498306, -34.4231796265], [-53.1767883301, 75.6386566162, -68.7459564209, -55.953125, 39.1886367798, 160.540863037, 278.688232422, 59.0356903076, -15.0895748138, 24.8365936279, 5.91732597351, -40.9082679749, -48.8623771667], [60.7975692749, -28.5347881317, 9.76830482483, 4.15352487564, 17.8370513916, 32.0863876343, 59.0356903076, 115.916435242, 44.1221504211, 6.14848566055, -22.6878566742, -9.87327766418, -14.1503171921], [-114.140579224, 49.8644752502, -9.11854934692, 27.7992534637, 33.8832206726, -22.1100349426, -15.0895748138, 44.1221504211, 134.652542114, 16.7057533264, -1.55564033985, -5.17939758301, 10.8714599609], [138.573989868, -10.6154747009, 115.08707428, 81.3681488037, 44.1529197693, 65.3600158691, 24.8365936279, 6.14848566055, 16.7057533264, 112.124435425, 26.7216949463, 15.005771637, -13.9202566147], [-54.562713623, 75.2611465454, 4.0424990654, -5.76130199432, 7.18678569794, 4.62921762466, 5.91732597351, -22.6878566742, -1.55564033985, 26.7216949463, 105.719535828, 38.2181091309, 25.8388690948], [47.0117874146, -40.0682106018, 44.2387962341, 43.4901351929, 7.16049957275, -2.36638498306, -40.9082679749, -9.87327766418, -5.17939758301, 15.005771637, 38.2181091309, 88.5935440063, 36.6321105957], [-33.269695282, 28.5855998993, -15.684876442, 12.8438911438, 10.0174808502, -34.4231796265, -48.8623771667, -14.1503171921, 10.8714599609, -13.9202566147, 25.8388690948, 36.6321105957, 81.3995056152]],
        "icov": [[0.000907748879399, -0.00139587989543, 0.00131363864057, -0.00166066095699, 0.0015755702043, -0.00192834774498, 0.0020949896425, -0.00207054149359, 0.00205597048625, -0.00167407770641, 0.00133320607711, -0.000839612446725, 0.000658403267153], [-0.00139587989543, 0.00792656186968, -0.00456186011434, 0.0048497649841, -0.00716486992314, 0.0072909547016, -0.00754209328443, 0.00652283011004, -0.00562489172444, 0.00478485459462, -0.0063087423332, 0.00513159390539, -0.00316407252103], [0.00131363864057, -0.00456186011434, 0.00686886999756, -0.00632979581133, 0.00542831094936, -0.00646492512897, 0.00681357784197, -0.00559594947845, 0.0050645605661, -0.0049096015282, 0.00321637885645, -0.00259187538177, 0.00280594499782], [-0.00166066095699, 0.0048497649841, -0.00632979581133, 0.00998713914305, -0.00760513264686, 0.00693189259619, -0.00609203055501, 0.0058211251162, -0.00531115243211, 0.00256967684254, -0.00226563471369, 0.00130588409957, -0.00267473957501], [0.0015755702043, -0.00716486992314, 0.00542831094936, -0.00760513264686, 0.0128033803776, -0.00918107572943, 0.00724794296548, -0.00642962614074, 0.00450190808624, -0.00484173046425, 0.0052012950182, -0.00357006140985, 0.00170721719041], [-0.00192834774498, 0.0072909547016, -0.00646492512897, 0.00693189259619, -0.00918107572943, 0.0150012467057, -0.0119638312608, 0.00731742894277, -0.00524908490479, 0.00293024792336, -0.00453381193802, 0.00288197770715, -0.00277950894088], [0.0020949896425, -0.00754209328443, 0.00681357784197, -0.00609203055501, 0.00724794296548, -0.0119638312608, 0.0162469316274, -0.0110112344846, 0.00821918621659, -0.00595121597871, 0.00361586199142, -0.00178993097506, 0.00520844152197], [-0.00207054149359, 0.00652283011004, -0.00559594947845, 0.0058211251162, -0.00642962614074, 0.00731742894277, -0.0110112344846, 0.0195477325469, -0.0110837789252, 0.00595023389906, -0.00209016283043, 0.00193800241686, -0.00217045121826], [0.00205597048625, -0.00562489172444, 0.0050645605661, -0.00531115243211, 0.00450190808624, -0.00524908490479, 0.00821918621659, -0.0110837789252, 0.0161059983075, -0.00744075747207, 0.0040988237597, -0.00138120097108, 0.000759730581194], [-0.00167407770641, 0.00478485459462, -0.0049096015282, 0.00256967684254, -0.00484173046425, 0.00293024792336, -0.00595121597871, 0.00595023389906, -0.00744075747207, 0.0187625288963, -0.00801970623434, 0.00185629690532, 0.00149366480764], [0.00133320607711, -0.0063087423332, 0.00321637885645, -0.00226563471369, 0.0052012950182, -0.00453381193802, 0.00361586199142, -0.00209016283043, 0.0040988237597, -0.00801970623434, 0.0193221457303, -0.00958627462387, -0.000750862585846], [-0.000839612446725, 0.00513159390539, -0.00259187538177, 0.00130588409957, -0.00357006140985, 0.00288197770715, -0.00178993097506, 0.00193800241686, -0.00138120097108, 0.00185629690532, -0.00958627462387, 0.0215434785932, -0.00808045547456], [0.000658403267153, -0.00316407252103, 0.00280594499782, -0.00267473957501, 0.00170721719041, -0.00277950894088, 0.00520844152197, -0.00217045121826, 0.000759730581194, 0.00149366480764, -0.000750862585846, -0.00808045547456, 0.0200204886496]]
    },
    "melbands": {
        "dmean": [0.000765983248129, 0.00139087776188, 0.0005108306068, 0.000229822442634, 0.00034446050995, 0.000390306580812, 0.000202369919862, 0.000118241739983, 0.000199891670491, 0.000255686376477, 0.000226916308748, 0.000116744056868, 8.51423901622e-05, 7.33321139705e-05, 4.92743529321e-05, 5.27752890775e-05, 6.97868963471e-05, 4.9183738156e-05, 4.01855904784e-05, 3.16504010698e-05, 2.8599111829e-05, 2.15695363295e-05, 1.79309990926e-05, 1.24158996186e-05, 1.00941497294e-05, 9.06951026991e-06, 8.25583356345e-06, 7.45309762351e-06, 5.20067260368e-06, 3.17967601404e-06, 2.74365288533e-06, 2.32946536016e-06, 2.03387094189e-06, 1.79449227744e-06, 1.64046400641e-06, 1.28504063923e-06, 9.97180450213e-07, 7.84495796324e-07, 6.9146392434e-07, 5.35310618943e-07],
        "dmean2": [0.00128676684108, 0.00227887509391, 0.000864700064994, 0.000377208634745, 0.000551372650079, 0.000618417747319, 0.000326419773046, 0.000189205165952, 0.000318350153975, 0.000405390252126, 0.00035867546103, 0.000185742668691, 0.000136904054671, 0.000116903822345, 7.91210404714e-05, 8.48955169204e-05, 0.000112777568575, 7.87127864896e-05, 6.417791883e-05, 5.17124535691e-05, 4.54026885564e-05, 3.42975799867e-05, 2.87200127786e-05, 2.03169511224e-05, 1.625708137e-05, 1.47191003634e-05, 1.34045722007e-05, 1.2106858776e-05, 8.48414401844e-06, 5.17324860994e-06, 4.40824078396e-06, 3.79731682187e-06, 3.28862347487e-06, 2.89036370305e-06, 2.53610528489e-06, 1.96565815713e-06, 1.55667294166e-06, 1.20687184335e-06, 1.07797893634e-06, 8.10186520539e-07],
        "dvar": [1.44216653553e-06, 7.05648153598e-06, 1.20158915706e-06, 1.96344956294e-07, 3.92949317529e-07, 6.50150525416e-07, 2.67267807885e-07, 1.19060764803e-07, 2.10741575302e-07, 2.84934060346e-07, 2.08885978736e-07, 5.78464742773e-08, 3.48258488714e-08, 3.41418271432e-08, 9.68790647704e-09, 1.13749889508e-08, 2.79262515335e-08, 1.02133403956e-08, 7.17382331317e-09, 6.91473145409e-09, 4.08458999956e-09, 2.54804954913e-09, 1.0652548843e-09, 3.70492442281e-10, 2.45662434839e-10, 2.19216977904e-10, 1.79561060465e-10, 1.31319607966e-10, 6.22578863463e-11, 2.73165066955e-11, 2.08150684189e-11, 1.71067361665e-11, 1.7886067627e-11, 1.46363025866e-11, 2.17177751477e-11, 2.47081608645e-11, 1.00735877973e-11, 9.75687412808e-12, 6.89018590447e-12, 4.12473354083e-12],
        "dvar2": [3.9939236558e-06, 1.75121622306e-05, 3.20756316796e-06, 4.99186796787e-07, 9.75148623183e-07, 1.56103430982e-06, 6.62705019749e-07, 3.00875313997e-07, 5.00251189806e-07, 6.69345070037e-07, 5.01427223298e-07, 1.37806850375e-07, 8.86138451506e-08, 8.62861497808e-08, 2.35271926385e-08, 2.7832278704e-08, 6.94416684155e-08, 2.39320065987e-08, 1.49416710116e-08, 1.67158944464e-08, 9.94339810489e-09, 5.88054493988e-09, 2.55484899903e-09, 9.4682228724e-10, 6.06376449053e-10, 4.85154638685e-10, 4.18063222929e-10, 3.2211455725e-10, 1.55976537242e-10, 6.4257765775e-11, 4.79907641404e-11, 4.18793506818e-11, 4.45487362277e-11, 3.17101414571e-11, 4.42598874217e-11, 5.15673961865e-11, 2.19925813671e-11, 2.09368928444e-11, 1.46114405297e-11, 7.97399646313e-12],
        "max": [0.0169371627271, 0.0329005010426, 0.0129337664694, 0.0135070597753, 0.0106189986691, 0.0150640849024, 0.0130952345207, 0.00830443296582, 0.0076861307025, 0.0158415753394, 0.0106416074559, 0.00729495473206, 0.00351636763662, 0.00497499154881, 0.00232377368957, 0.00205858144909, 0.00408833893016, 0.0030715346802, 0.00326463580132, 0.00346779753454, 0.00146126630716, 0.00137579243165, 0.000574407051317, 0.000481302733533, 0.000361145444913, 0.000654268253129, 0.000431223714259, 0.000414513488067, 0.000131384615088, 0.000192914885702, 0.000134939793497, 0.000103422724351, 0.00013278221013, 9.57963638939e-05, 0.000187371304492, 0.000284618872683, 8.65931724547e-05, 9.39686506172e-05, 8.39628701215e-05, 7.82508068369e-05],
        "mean": [0.00131004699506, 0.00227737007663, 0.000792486418504, 0.000387566775316, 0.000616082164925, 0.000651882961392, 0.000316789839417, 0.000175050648977, 0.000326360808685, 0.000433662498835, 0.000380005978514, 0.000204244613997, 0.00015002314467, 0.000126972532598, 8.04575029179e-05, 8.7947868451e-05, 0.000112387970148, 8.18862390588e-05, 6.7977780418e-05, 5.21879774169e-05, 5.15669999004e-05, 3.98439588025e-05, 3.29283466272e-05, 2.31463036471e-05, 1.99188343686e-05, 1.77389119926e-05, 1.60700583365e-05, 1.40352476592e-05, 9.26888424146e-06, 5.61172146263e-06, 4.95516133014e-06, 3.93067557525e-06, 3.33036496158e-06, 2.80957351606e-06, 2.44926786763e-06, 2.02134106075e-06, 1.57901922648e-06, 1.30719297431e-06, 1.06358834273e-06, 8.27889891752e-07],
        "median": [0.000876005156897, 0.0015190312406, 0.000500459515024, 0.000227086347877, 0.000284184614429, 0.000268127128948, 0.000141929049278, 7.86033342592e-05, 9.50476169237e-05, 0.000157746952027, 0.000149020546814, 7.49479586375e-05, 4.11820583395e-05, 3.95912866225e-05, 3.44145009876e-05, 3.60657468264e-05, 3.97662151954e-05, 3.26887929987e-05, 2.75705970125e-05, 1.85136559594e-05, 1.76122193807e-05, 1.63074510056e-05, 1.69714985532e-05, 1.51392123371e-05, 1.36425142045e-05, 1.20470249385e-05, 1.10401633719e-05, 9.62703961704e-06, 5.68813811697e-06, 3.51908306584e-06, 2.94883329843e-06, 2.21123059418e-06, 1.88869910289e-06, 1.45955061726e-06, 1.09133156911e-06, 8.61305977651e-07, 6.67680467359e-07, 5.27916483861e-07, 3.94984056129e-07, 2.9346264796e-07],
        "min": [1.64938840373e-23, 5.31522171708e-24, 3.07623188858e-23, 1.56740824297e-23, 5.24982199259e-24, 4.73602071337e-24, 4.91415221109e-24, 1.50257018745e-23, 1.56250073928e-23, 6.20984638715e-24, 7.62649818354e-24, 1.03346576712e-23, 6.70234842193e-24, 8.59080175408e-24, 2.05700561301e-23, 2.15590289588e-23, 2.69617321949e-23, 1.36498716578e-23, 1.81169621944e-23, 8.60090311797e-24, 6.52854067084e-24, 6.22609573851e-24, 1.10577962078e-23, 8.71805369556e-24, 6.6826773864e-24, 5.98311395793e-24, 1.12453123893e-23, 1.50730903268e-23, 1.33392671427e-23, 1.09280254334e-23, 7.8515641441e-24, 6.98935652963e-24, 5.81317872502e-24, 1.0265790903e-23, 1.04832853766e-23, 1.00797869679e-23, 1.19785262574e-23, 1.18009710225e-23, 1.24761184171e-23, 1.35625337115e-23],
        "var": [2.11884025703e-06, 8.35159244161e-06, 1.18249056413e-06, 3.07957662926e-07, 8.59370175021e-07, 1.15544810342e-06, 3.54738233455e-07, 1.36443375709e-07, 4.47839369144e-07, 5.9565383026e-07, 4.2878374984e-07, 1.21800439956e-07, 8.03211150924e-08, 7.67516468159e-08, 1.93273983484e-08, 2.32381545118e-08, 4.60675586567e-08, 2.08939585633e-08, 2.03919032771e-08, 1.31910855572e-08, 1.06964925806e-08, 5.92609739059e-09, 2.44489672951e-09, 7.30151883399e-10, 4.83839190935e-10, 4.27465091102e-10, 3.45537293223e-10, 2.40550857011e-10, 1.09762608724e-10, 4.80334140518e-11, 4.02628659579e-11, 3.06842086462e-11, 2.81440599992e-11, 2.54346422396e-11, 3.48619674795e-11, 3.73643511964e-11, 2.16221190258e-11, 2.05444359441e-11, 1.29793632439e-11, 9.61634678137e-12]
    },
    "mfcc": {
        "mean": [-601.443115234, 112.793891907, -11.1243000031, 21.9707584381, -0.190860912204, 4.73076248169, 1.99862873554, 5.18307256699, 0.588555574417, 6.27855730057, -0.807474434376, -2.50102043152, -2.6524412632],
        "cov": [[1630.41149902, -198.141082764, 158.536315918, 174.933395386, 110.861579895, 120.148101807, 112.201438904, -14.9997682571, 49.2888183594, 11.2182998657, 2.59288454056, 3.30125451088, 46.1734619141], [-198.141082764, 504.131317139, -128.599716187, -19.5541667938, -3.55536055565, 0.261906117201, 54.0500946045, 11.9509344101, -17.8819274902, 37.4346885681, 36.042427063, 6.02048158646, -6.50232028961], [158.536315918, -128.599716187, 542.614685059, 186.449584961, 136.656890869, 93.0646514893, 15.4819011688, -49.046005249, 0.321242541075, -8.7779302597, 21.0451545715, 59.1133918762, 29.8763408661], [174.933395386, -19.5541667938, 186.449584961, 373.643432617, 195.178268433, 39.0848655701, -40.1947593689, -38.6975593567, 33.822555542, -15.2790927887, -17.6853713989, 51.1154060364, 58.3660697937], [110.861579895, -3.55536055565, 136.656890869, 195.178268433, 312.689880371, 61.5293731689, -51.1223945618, -29.1549682617, 30.7090568542, -8.22205352783, -27.5707550049, 33.7558403015, 55.8453521729], [120.148101807, 0.261906117201, 93.0646514893, 39.0848655701, 61.5293731689, 253.024490356, 141.769241333, 24.6923770905, 31.2825737, 46.7220497131, 57.6243896484, 28.507818222, 9.95565509796], [112.201438904, 54.0500946045, 15.4819011688, -40.1947593689, -51.1223945618, 141.769241333, 252.087081909, 62.0702209473, 14.7486190796, 42.8506011963, 62.6965713501, 5.13917541504, -6.15545272827], [-14.9997682571, 11.9509344101, -49.046005249, -38.6975593567, -29.1549682617, 24.6923770905, 62.0702209473, 119.784057617, 51.6642036438, 33.297908783, 28.7742004395, 4.25955677032, -7.34523200989], [49.2888183594, -17.8819274902, 0.321242541075, 33.822555542, 30.7090568542, 31.2825737, 14.7486190796, 51.6642036438, 123.426948547, 56.3549957275, 33.3807182312, 16.2442054749, -2.02112936974], [11.2182998657, 37.4346885681, -8.7779302597, -15.2790927887, -8.22205352783, 46.7220497131, 42.8506011963, 33.297908783, 56.3549957275, 116.559501648, 62.6989707947, 3.10360002518, -20.193977356], [2.59288454056, 36.042427063, 21.0451545715, -17.6853713989, -27.5707550049, 57.6243896484, 62.6965713501, 28.7742004395, 33.3807182312, 62.6989707947, 120.848098755, 36.0070762634, -19.2798748016], [3.30125451088, 6.02048158646, 59.1133918762, 51.1154060364, 33.7558403015, 28.507818222, 5.13917541504, 4.25955677032, 16.2442054749, 3.10360002518, 36.0070762634, 87.7140197754, 35.837387085], [46.1734619141, -6.50232028961, 29.8763408661, 58.3660697937, 55.8453521729, 9.95565509796, -6.15545272827, -7.34523200989, -2.02112936974, -20.193977356, -19.2798748016, 35.837387085, 85.4435348511]],
