{
"lowlevel": {
    "average_loudness": 0.968807697296,
    "barkbands_crest": {
        "dmean": 2.77302098274,
        "dmean2": 4.62718963623,
        "dvar": 6.26647663116,
        "dvar2": 16.3993854523,
        "max": 25.1646785736,
        "mean": 9.0012216568,
        "median": 8.07570457458,
        "min": 2.01878452301,
        "var": 15.4849700928
    },
    "barkbands_flatness_db": {
        "dmean": 0.0216885358095,
        "dmean2": 0.0341874957085,
        "dvar": 0.000402546662372,
        "dvar2": 0.000956615549512,
        "max": 0.308406025171,
        "mean": 0.145095974207,
        "median": 0.139862477779,
        "min": 0.0375592373312,
        "var": 0.00146131438669
    },
    "barkbands_kurtosis": {
        "dmean": 2.02223658562,
        "dmean2": 3.25223231316,
        "dvar": 17.9868755341,
        "dvar2": 43.220085144,
        "max": 118.169380188,
        "mean": 1.6737434864,
        "median": 0.0407469272614,
        "min": -1.94248759747,
        "var": 26.8425731659
    },
    "barkbands_skewness": {
        "dmean": 0.536533296108,
        "dmean2": 0.827422142029,
        "dvar": 0.331711500883,
        "dvar2": 0.760858416557,
        "max": 9.920545578,
        "mean": 1.11284017563,
        "median": 0.933443069458,
        "min": -3.64875078201,
        "var": 1.04424166679
    },
    "barkbands_spread": {
        "dmean": 7.97118425369,
        "dmean2": 12.0742015839,
        "dvar": 86.7107086182,
        "dvar2": 184.974624634,
        "max": 108.245826721,
        "mean": 30.1271724701,
        "median": 28.5781421661,
        "min": 1.9785695076,
        "var": 255.886138916
    },
    "dissonance": {
        "dmean": 0.0139705622569,
        "dmean2": 0.0234654583037,
        "dvar": 0.000195927423192,
        "dvar2": 0.000515656080097,
        "max": 0.500000059605,
        "mean": 0.475688874722,
        "median": 0.480155467987,
        "min": 0.0611981935799,
        "var": 0.000350319780409
    },
    "dynamic_complexity": 1.51083683968,
    "erbbands_crest": {
        "dmean": 2.4879257679,
        "dmean2": 4.090467453,
        "dvar": 5.41392469406,
        "dvar2": 13.6225442886,
        "max": 28.9994812012,
        "mean": 7.83027267456,
        "median": 7.14496040344,
        "min": 2.02780628204,
        "var": 11.8337507248
    },
    "erbbands_flatness_db": {
        "dmean": 0.0181272290647,
        "dmean2": 0.02522678487,
        "dvar": 0.000278104125755,
        "dvar2": 0.000494297477417,
        "max": 0.326194256544,
        "mean": 0.169451251626,
        "median": 0.164570897818,
        "min": 0.0576435513794,
        "var": 0.00194812251721
    },
    "erbbands_kurtosis": {
        "dmean": 0.756986498833,
        "dmean2": 1.21320104599,
        "dvar": 0.849763631821,
        "dvar2": 2.01499295235,
        "max": 19.4134616852,
        "mean": -0.0187123082578,
        "median": -0.315913915634,
        "min": -1.80228507519,
        "var": 1.61399507523
    },
    "erbbands_skewness": {
        "dmean": 0.36618205905,
        "dmean2": 0.557485818863,
        "dvar": 0.112737603486,
        "dvar2": 0.246741458774,
        "max": 3.80739974976,
        "mean": -0.0193358641118,
        "median": 0.00331765832379,
        "min": -3.69056200981,
        "var": 0.491674154997
    },
    "erbbands_spread": {
        "dmean": 9.95985221863,
        "dmean2": 14.7858924866,
        "dvar": 108.940948486,
        "dvar2": 248.94972229,
        "max": 146.483947754,
        "mean": 41.7512245178,
        "median": 38.3908691406,
        "min": 4.71148014069,
        "var": 370.22644043
    },
    "hfc": {
        "dmean": 10.4796257019,
        "dmean2": 14.8744564056,
        "dvar": 172.04447937,
        "dvar2": 316.31237793,
        "max": 218.105499268,
        "mean": 31.2357006073,
        "median": 26.8336257935,
        "min": 1.12613162686e-16,
        "var": 473.246826172
    },
    "melbands_crest": {
        "dmean": 3.60687446594,
        "dmean2": 5.95784854889,
        "dvar": 10.5448112488,
        "dvar2": 27.036315918,
        "max": 33.8086585999,
        "mean": 13.1408472061,
        "median": 12.0522918701,
        "min": 1.83743953705,
        "var": 28.4600429535
    },
    "melbands_flatness_db": {
        "dmean": 0.0275578051805,
        "dmean2": 0.0419328249991,
        "dvar": 0.000742634525523,
        "dvar2": 0.00168633181602,
        "max": 0.374048173428,
        "mean": 0.159822314978,
        "median": 0.153720498085,
        "min": 0.00574756739661,
        "var": 0.00296606309712
    },
    "melbands_kurtosis": {
        "dmean": 6.37611436844,
        "dmean2": 10.2620458603,
        "dvar": 138.288192749,
        "dvar2": 337.965148926,
        "max": 339.04309082,
        "mean": 9.79890727997,
        "median": 4.67901039124,
        "min": -1.7871260643,
        "var": 251.8203125
    },
    "melbands_skewness": {
        "dmean": 0.764748215675,
        "dmean2": 1.18779051304,
        "dvar": 0.701564908028,
        "dvar2": 1.71380746365,
        "max": 15.5129852295,
        "mean": 2.38318920135,
        "median": 2.05336141586,
        "min": -1.381534338,
        "var": 2.31957173347
    },
    "melbands_spread": {
        "dmean": 10.7631692886,
        "dmean2": 16.7867183685,
        "dvar": 190.021728516,
        "dvar2": 413.952484131,
        "max": 249.874282837,
        "mean": 33.5075836182,
        "median": 29.9630832672,
        "min": 1.26977300644,
        "var": 488.643035889
    },
    "pitch_salience": {
        "dmean": 0.0731772333384,
        "dmean2": 0.119512826204,
        "dvar": 0.00444791605696,
        "dvar2": 0.0109533574432,
        "max": 0.975870251656,
        "mean": 0.577020406723,
        "median": 0.584695935249,
        "min": 0.0909009054303,
        "var": 0.0118976244703
    },
    "silence_rate_20dB": {
        "dmean": 0,
        "dmean2": 0,
        "dvar": 0,
        "dvar2": 0,
        "max": 1,
        "mean": 1,
        "median": 1,
        "min": 1,
        "var": 0
    },
    "silence_rate_30dB": {
        "dmean": 0,
        "dmean2": 0,
        "dvar": 0,
        "dvar2": 0,
        "max": 1,
        "mean": 1,
        "median": 1,
        "min": 1,
        "var": 0
    },
    "silence_rate_60dB": {
        "dmean": 0.00859906803817,
        "dmean2": 0.0172001905739,
        "dvar": 0.00852521602064,
        "dvar2": 0.0235906988382,
        "max": 1,
        "mean": 0.00585144478828,
        "median": 0,
        "min": 0,
        "var": 0.00581729551777
    },
    "spectral_centroid": {
        "dmean": 339.153198242,
        "dmean2": 517.995910645,
        "dvar": 133871.984375,
        "dvar2": 279004.90625,
        "max": 10886.3535156,
        "mean": 1793.21496582,
        "median": 1808.42736816,
        "min": 270.072113037,
        "var": 437574.53125
    },
    "spectral_complexity": {
        "dmean": 5.32807826996,
        "dmean2": 7.86980390549,
        "dvar": 31.0475158691,
        "dvar2": 54.9120140076,
        "max": 57,
        "mean": 25.3772392273,
        "median": 25,
        "min": 0,
        "var": 102.593406677
    },
    "spectral_decrease": {
        "dmean": 2.29070140634e-09,
        "dmean2": 3.65186725304e-09,
        "dvar": 7.91238870475e-18,
        "dvar2": 1.94245863716e-17,
        "max": 4.96701696092e-29,
        "mean": -6.96631907715e-09,
        "median": -6.65425625712e-09,
        "min": -3.32469092257e-08,
        "var": 1.34024782473e-17
    },
    "spectral_energy": {
        "dmean": 0.00918711628765,
        "dmean2": 0.0144998254254,
        "dvar": 0.000121510172903,
        "dvar2": 0.000289570307359,
        "max": 0.128544554114,
        "mean": 0.0291256736964,
        "median": 0.028104133904,
        "min": 1.00268725512e-20,
        "var": 0.000215097999899
    },
    "spectral_energyband_high": {
        "dmean": 0.00096542283427,
        "dmean2": 0.00133298360743,
        "dvar": 2.52600193562e-06,
        "dvar2": 4.79154459754e-06,
        "max": 0.0303425304592,
        "mean": 0.00176697038114,
        "median": 0.000852931058034,
        "min": 7.50901554599e-21,
        "var": 6.00997918809e-06
    },
    "spectral_energyband_low": {
        "dmean": 0.00504493899643,
        "dmean2": 0.00847338885069,
        "dvar": 7.00404343661e-05,
        "dvar2": 0.000192024061107,
        "max": 0.106861464679,
        "mean": 0.00949106831104,
        "median": 0.00722201168537,
        "min": 5.81507869651e-23,
        "var": 0.000111818801088
    },
    "spectral_energyband_middle_high": {
        "dmean": 0.00258845393546,
        "dmean2": 0.0038632042706,
        "dvar": 8.51887216413e-06,
        "dvar2": 1.85246590263e-05,
        "max": 0.0450582504272,
        "mean": 0.00778781902045,
        "median": 0.00620787404478,
        "min": 1.30624713127e-21,
        "var": 3.68940054614e-05
    },
    "spectral_energyband_middle_low": {
        "dmean": 0.00537059083581,
        "dmean2": 0.0087771192193,
        "dvar": 5.61041888432e-05,
        "dvar2": 0.000145587036968,
        "max": 0.0861033573747,
        "mean": 0.0112099321559,
        "median": 0.00913426280022,
        "min": 2.76112398745e-22,
        "var": 7.24635756342e-05
    },
    "spectral_entropy": {
        "dmean": 0.152649447322,
        "dmean2": 0.211816370487,
        "dvar": 0.0244840197265,
        "dvar2": 0.0435528233647,
        "max": 9.79584503174,
        "mean": 7.79834985733,
        "median": 7.78181362152,
        "min": 6.47913599014,
        "var": 0.107305251062
    },
    "spectral_flux": {
        "dmean": 0.0266339927912,
        "dmean2": 0.0410306230187,
        "dvar": 0.000766479060985,
        "dvar2": 0.00151627964806,
        "max": 0.316906452179,
        "mean": 0.100402966142,
        "median": 0.0943166166544,
        "min": 1.00134275871e-10,
        "var": 0.00159433449153
    },
    "spectral_kurtosis": {
        "dmean": 1.20591080189,
        "dmean2": 1.95334756374,
        "dvar": 1.50907850266,
        "dvar2": 4.10250425339,
        "max": 14.15675354,
        "mean": 2.80605483055,
        "median": 2.55494189262,
        "min": -1.29533469677,
        "var": 3.64951181412
    },
    "spectral_rms": {
        "dmean": 0.000832372752484,
        "dmean2": 0.00128370360471,
        "dvar": 7.92567391272e-07,
        "dvar2": 1.68600706729e-06,
        "max": 0.0111986305565,
        "mean": 0.0051533295773,
        "median": 0.005236283876,
        "min": 3.12766913063e-12,
        "var": 1.85853298262e-06
    },
    "spectral_rolloff": {
        "dmean": 799.127380371,
        "dmean2": 1313.26220703,
        "dvar": 1415108.5,
        "dvar2": 3028994.5,
        "max": 18540.0878906,
        "mean": 2217.14477539,
        "median": 1894.921875,
        "min": 43.06640625,
        "var": 2989237.25
    },
    "spectral_skewness": {
        "dmean": 0.189969554543,
        "dmean2": 0.294121921062,
        "dvar": 0.0322329737246,
        "dvar2": 0.0726140663028,
        "max": 2.75260019302,
        "mean": 1.20517623425,
        "median": 1.20705759525,
        "min": -0.223118335009,
        "var": 0.108788155019
    },
    "spectral_spread": {
        "dmean": 605053.125,
        "dmean2": 792158.375,
        "dvar": 578929229824,
        "dvar2": 713605578752,
        "max": 41585840,
        "mean": 4598392.5,
        "median": 4272351,
        "min": 1865017.125,
        "var": 2.33055584256e+12
    },
    "spectral_strongpeak": {
        "dmean": 0.595076918602,
        "dmean2": 1.01549708843,
        "dvar": 1.00013494492,
        "dvar2": 2.56351232529,
        "max": 19.3904247284,
        "mean": 0.924623608589,
        "median": 0.445211529732,
        "min": 0,
        "var": 1.35036814213
    },
    "zerocrossingrate": {
        "dmean": 0.0146496621892,
        "dmean2": 0.0165338497609,
        "dvar": 0.000306995556457,
        "dvar2": 0.000362372287782,
        "max": 0.64208984375,
        "mean": 0.0788971334696,
        "median": 0.07275390625,
        "min": 0.00732421875,
        "var": 0.00165673985612
    },
    "barkbands": {
        "dmean": [0.000120446442452, 0.00268664094619, 0.002787606325, 0.00162786140572, 0.00200484716333, 0.00170370191336, 0.000650354020763, 0.0005659533781, 0.00114537286572, 0.000519834517036, 0.000687197141815, 0.00043095627916, 0.000449764600489, 0.00044681847794, 0.000522378075402, 0.000432506436482, 0.000401844299631, 0.000372159411199, 0.000343633117154, 0.000273739278782, 0.000240282766754, 0.000182179413969, 0.000188310455997, 0.000213911509491, 0.000162940166774, 3.75832797772e-07, 1.26568588943e-09],
        "dmean2": [0.000160181181855, 0.00422528665513, 0.00475942809135, 0.00285751535557, 0.00328130531125, 0.00275689619593, 0.00107531738468, 0.000936996075325, 0.00183470069896, 0.000843539019115, 0.00111255981028, 0.00069253903348, 0.000710011052433, 0.000713183893822, 0.000834070553537, 0.000673562521115, 0.000625043758191, 0.000576788384933, 0.00054057710804, 0.000420105585363, 0.000360599224223, 0.000263656082097, 0.00027308947756, 0.00030276668258, 0.000229224271607, 6.29176497569e-07, 2.35400454685e-09],
        "dvar": [3.9777706462e-08, 1.7836349798e-05, 4.55538975075e-05, 1.5453539163e-05, 1.22952342281e-05, 8.95194534678e-06, 1.91742947209e-06, 1.36810569984e-06, 4.24527115683e-06, 1.29140039462e-06, 1.83097699846e-06, 9.14081340397e-07, 1.13890075681e-06, 9.09002153548e-07, 9.25599238144e-07, 6.09435403476e-07, 6.0125029222e-07, 3.79308829679e-07, 2.44568468588e-07, 1.68444614701e-07, 1.58516186843e-07, 1.26984730286e-07, 1.49630224655e-07, 1.95514331836e-07, 1.08053896497e-07, 1.17941919252e-12, 1.26670509898e-17],
        "dvar2": [6.22296454367e-08, 4.46807789558e-05, 0.000123271413031, 4.34367502749e-05, 3.16833502438e-05, 2.23416136578e-05, 4.72961983178e-06, 3.40820110978e-06, 1.02872108982e-05, 3.24387042383e-06, 4.42523742095e-06, 2.26303313866e-06, 2.47229399974e-06, 2.15727345676e-06, 2.30191062656e-06, 1.40248414482e-06, 1.40713666497e-06, 8.87310420694e-07, 5.75113176637e-07, 3.79666005301e-07, 3.28571474029e-07, 2.68357894129e-07, 3.2692332752e-07, 3.99650303962e-07, 1.95989514395e-07, 3.15427133198e-12, 3.74868261267e-17],
        "max": [0.00307127693668, 0.0549703091383, 0.0831114426255, 0.0557698532939, 0.0469982363284, 0.0562972426414, 0.0308039505035, 0.0355489812791, 0.0360221005976, 0.0392667427659, 0.0348227508366, 0.0239219833165, 0.0323723815382, 0.017912786454, 0.0213332828134, 0.0129016460851, 0.0134480679408, 0.0166845470667, 0.00818753335625, 0.00735839875415, 0.00937958713621, 0.00926577206701, 0.0109660821036, 0.0105169126764, 0.00895879045129, 3.01039781334e-05, 2.15405307813e-07],
        "mean": [0.000193957879674, 0.00534049933776, 0.00296403863467, 0.00185008381959, 0.00295738899149, 0.00270165340044, 0.000871154130436, 0.000724551093299, 0.00186084990855, 0.000777904118877, 0.00110937783029, 0.000650039757602, 0.000722932745703, 0.000712528824806, 0.000873356650118, 0.000713380810339, 0.000710919208359, 0.000686373386998, 0.000678971235175, 0.000514020619448, 0.000385949242627, 0.00027789833257, 0.000296544720186, 0.00033477100078, 0.000216217784327, 3.48426539176e-07, 1.00997321617e-09],
        "median": [4.14411842939e-05, 0.00367705593817, 0.00107193377335, 0.000675307703204, 0.00179015111644, 0.00139253423549, 0.00036304112291, 0.000298200873658, 0.000883925007656, 0.000285160553176, 0.000345945591107, 0.000232401696849, 0.000260861881543, 0.000254386104643, 0.000375496834749, 0.000333835545462, 0.00029288046062, 0.000379263132345, 0.00045234701247, 0.000304462213535, 0.000189283702639, 9.3514296168e-05, 0.000113334361231, 0.00011114688823, 3.95585011574e-05, 4.0495951481e-08, 4.36131686321e-10],
        "min": [1.05105697087e-23, 1.17470839341e-23, 2.29566412028e-23, 2.19316568737e-23, 5.83604157066e-23, 4.40615923583e-23, 8.72550464458e-23, 1.9944530453e-23, 2.49290317019e-23, 2.70753313206e-23, 8.94409610815e-23, 6.17233423673e-23, 8.33726517236e-23, 1.2969884286e-22, 4.29612071262e-23, 8.34542262521e-23, 1.83662835767e-22, 2.33593048389e-22, 2.64624690699e-22, 3.1523467423e-22, 4.1086344763e-22, 6.26139372992e-22, 5.77737543664e-22, 6.40940978416e-22, 1.13112798727e-21, 1.84442798321e-21, 2.24437102107e-21],
        "var": [1.06258909227e-07, 4.04719285143e-05, 3.72536269424e-05, 1.23749669001e-05, 1.52308020915e-05, 1.49020997924e-05, 2.72869510809e-06, 1.82643555036e-06, 7.73953161115e-06, 2.0114155177e-06, 3.87442241845e-06, 1.62269441262e-06, 2.25822623179e-06, 1.76886430836e-06, 1.79110236331e-06, 1.18094249046e-06, 1.47461537381e-06, 8.32279965834e-07, 5.38127721939e-07, 3.82027280921e-07, 2.85608678041e-07, 2.43292106461e-07, 2.75360605428e-07, 4.36748564425e-07, 2.01629404728e-07, 9.51291888145e-13, 7.53425135953e-18]
    },
    "erbbands": {
        "dmean": [0.086184181273, 0.617484152317, 2.58440899849, 4.60413265228, 5.02362251282, 7.68385410309, 11.5248622894, 14.9531898499, 8.87285804749, 10.9196033478, 13.3224363327, 26.6639194489, 18.2280139923, 18.7349014282, 25.86536026, 13.7796068192, 18.198097229, 20.681432724, 25.7003650665, 22.4132575989, 22.7832698822, 21.2224254608, 19.4154109955, 18.4881191254, 15.1777105331, 13.2187862396, 11.0715312958, 7.64476728439, 6.20899200439, 6.69263648987, 5.14833402634, 4.79987764359, 3.54396724701, 2.10798478127, 0.980602622032, 0.0642056390643, 0.00164504558779, 0.000112356276077, 1.90809732885e-05, 1.32328232212e-05],
        "dmean2": [0.12694683671, 0.984447777271, 4.33954334259, 7.89976263046, 8.48527336121, 12.6296310425, 18.4413547516, 24.3643016815, 14.5479383469, 18.0931358337, 21.5270385742, 42.8554992676, 28.8608016968, 30.5824890137, 41.5552101135, 21.6943149567, 28.419216156, 32.6392860413, 40.9228591919, 35.4153137207, 35.0922737122, 32.4159698486, 29.943605423, 28.0880184174, 23.7735443115, 20.3006572723, 16.7480621338, 11.2913694382, 9.01799488068, 9.78782558441, 7.43479061127, 6.8211312294, 5.05883598328, 2.96567344666, 1.38765180111, 0.0940792933106, 0.00235805637203, 0.000156910682563, 2.626846981e-05, 1.95718148461e-05],
        "dvar": [0.0224615838379, 0.899437606335, 35.3329429626, 116.886741638, 123.092559814, 192.663635254, 412.473510742, 805.951049805, 404.910339355, 539.484313965, 726.020690918, 2627.74804688, 1620.12268066, 1216.0838623, 2719.92749023, 931.408569336, 2175.62548828, 1854.62463379, 2576.28540039, 2121.43652344, 1861.82324219, 1612.86865234, 1167.74328613, 780.301269531, 457.632110596, 435.944580078, 302.802429199, 192.526870728, 166.247406006, 161.67906189, 119.433753967, 106.802879333, 53.8478889465, 21.7989177704, 3.96004867554, 0.022423107177, 1.27045841509e-05, 5.0184922884e-08, 9.8500541057e-10, 2.30700014647e-10],
        "dvar2": [0.0503670014441, 2.29064393044, 95.1823654175, 319.962036133, 334.992614746, 483.755615234, 981.880310059, 2090.78613281, 957.876586914, 1375.04833984, 1744.70898438, 6345.66699219, 3960.90600586, 2918.94726562, 6902.33984375, 2213.68945312, 4644.63574219, 4323.07275391, 6542.77490234, 5172.40087891, 4251.92822266, 3667.64086914, 2741.59960938, 1761.0423584, 1106.41662598, 998.138183594, 666.054321289, 390.823516846, 354.296295166, 344.467132568, 261.998046875, 224.823745728, 115.044067383, 40.7188873291, 7.82203435898, 0.0522918067873, 2.77136969089e-05, 9.9705005141e-08, 1.78684589347e-09, 4.66550187372e-10],
        "max": [2.19748187065, 12.7014036179, 75.6048355103, 138.605178833, 156.897964478, 264.621246338, 393.279907227, 585.130432129, 560.511230469, 539.694335938, 741.823425293, 1003.22119141, 1339.82348633, 939.552490234, 924.806884766, 890.036071777, 1611.37255859, 1048.86157227, 1128.83984375, 1445.20581055, 679.487854004, 764.885131836, 1062.49291992, 672.667541504, 388.767822266, 364.584228516, 404.574371338, 318.387390137, 360.324493408, 318.005126953, 326.456939697, 271.515167236, 176.636581421, 165.306411743, 46.0691223145, 3.84415173531, 0.0801750123501, 0.00417490303516, 0.000628738547675, 0.000209168079891],
        "mean": [0.167335167527, 1.15466034412, 3.10632133484, 5.33576726913, 6.37228918076, 11.1034851074, 18.507019043, 22.5955181122, 12.8849563599, 14.6446037292, 19.6021404266, 42.5333786011, 30.4936923981, 32.1219444275, 44.4684486389, 23.8384532928, 31.8666400909, 36.1646995544, 46.4038658142, 38.7130661011, 41.2626914978, 40.2345733643, 37.796962738, 38.3171157837, 30.0678005219, 24.851556778, 18.9970302582, 12.2059803009, 9.59843063354, 10.0795927048, 8.14454841614, 7.48176527023, 5.16181516647, 2.9110429287, 1.24584817886, 0.0777252316475, 0.00210144952871, 0.000156992449774, 3.95736060455e-05, 4.1400144255e-05],
        "median": [0.0747743993998, 0.793445110321, 1.45663952827, 2.28535604477, 3.31594944, 6.34105205536, 9.111743927, 11.2378120422, 6.36304950714, 6.45033454895, 9.16936588287, 20.4729194641, 13.0442562103, 13.5605754852, 15.2868890762, 10.7149181366, 12.8802585602, 15.4771099091, 19.4703865051, 21.5715637207, 19.141740799, 17.6353721619, 20.7839870453, 25.1324501038, 21.1876983643, 14.6600608826, 10.6287937164, 5.3494553566, 3.3028922081, 3.54910850525, 3.14669132233, 2.65729665756, 1.49731659889, 0.600457429886, 0.196474254131, 0.0113798333332, 0.000359261292033, 3.63957879017e-05, 2.34410981648e-05, 3.82736252504e-05],
        "min": [7.53154763488e-22, 1.51553493341e-21, 1.8658150853e-20, 6.20475221436e-20, 6.69175738494e-20, 2.25314693078e-19, 3.26194900549e-19, 3.59778123226e-19, 9.48367431978e-19, 1.08565521863e-18, 4.40850353556e-19, 5.15193107712e-19, 1.10622047962e-18, 1.15605139068e-18, 3.87764404064e-18, 2.67239660001e-18, 4.36861502527e-18, 6.65994254517e-18, 3.61367085484e-18, 2.89670275312e-18, 4.79131796676e-18, 9.6113167669e-18, 1.11437863113e-17, 1.29818676592e-17, 1.47007316013e-17, 1.52246661469e-17, 1.72333237176e-17, 1.60798584037e-17, 2.30240892769e-17, 1.9240637947e-17, 1.77890799014e-17, 9.17565728188e-18, 1.35978177761e-17, 1.2261445458e-17, 7.69182761186e-18, 6.76158856679e-18, 3.60207791855e-18, 1.27881409257e-18, 3.16354785831e-19, 3.33807766843e-20],
        "var": [0.0553355142474, 1.88872587681, 31.6326084137, 94.3836288452, 107.078872681, 256.996887207, 823.727783203, 1148.22338867, 552.14440918, 727.89654541, 1129.37072754, 4516.81005859, 2495.74438477, 2712.96166992, 5821.20410156, 1709.71838379, 4467.99609375, 3597.09545898, 5318.96972656, 3108.24731445, 4043.94604492, 4475.11279297, 2572.71484375, 1874.2434082, 938.262145996, 947.770019531, 584.689941406, 348.054748535, 306.374206543, 300.733795166, 213.715545654, 224.212280273, 106.245857239, 40.9476203918, 6.4282450676, 0.0272338427603, 1.79781982297e-05, 8.64775913101e-08, 2.09358708148e-09, 5.19711551572e-10]
    },
    "gfcc": {
        "mean": [18.6003932953, 92.3398895264, -146.592590332, 54.6249427795, -74.848991394, 22.4373321533, -45.7459487915, 10.5916805267, -21.1124916077, -8.87753009796, -3.20403075218, -13.8591270447, 4.87042808533],
        "cov": [[2593.22119141, -491.637359619, 451.285095215, 449.207611084, 33.3275413513, 297.941192627, -166.95765686, 191.946258545, -102.943328857, 226.310699463, -95.5732192993, 61.5358581543, -49.2780685425], [-491.637359619, 1082.14404297, 4.24966192245, -6.19735145569, 268.890228271, -129.164779663, 154.235687256, -87.7253952026, 121.613571167, -146.401489258, 132.910430908, -81.5654373169, 38.4780273438], [451.285095215, 4.24966192245, 1094.65917969, 567.729980469, 125.605873108, 227.68812561, -137.538955688, 68.3828201294, 32.7936897278, 159.970367432, -26.2702140808, 94.7356109619, -3.71203732491], [449.207611084, -6.19735145569, 567.729980469, 541.282104492, 198.792419434, 116.063865662, -69.7936172485, 93.7269439697, 80.6103210449, 96.0283279419, 14.1429004669, 68.9286422729, 31.1337375641], [33.3275413513, 268.890228271, 125.605873108, 198.792419434, 323.221679688, 98.9785842896, 59.7813529968, 70.6542129517, 75.3031921387, 30.6873703003, 69.4276504517, 17.0019931793, 42.7372283936], [297.941192627, -129.164779663, 227.68812561, 116.063865662, 98.9785842896, 366.61227417, 138.565750122, 28.4635334015, -14.1390962601, 111.143753052, 11.7035808563, 29.7148685455, -24.8323173523], [-166.95765686, 154.235687256, -137.538955688, -69.7936172485, 59.7813529968, 138.565750122, 273.658843994, 13.9698095322, 26.2899570465, -4.11281108856, 54.4071617126, -34.4421005249, -12.3294820786], [191.946258545, -87.7253952026, 68.3828201294, 93.7269439697, 70.6542129517, 28.4635334015, 13.9698095322, 180.250534058, 65.165473938, 57.5904769897, 16.419084549, 32.2406234741, 25.9335842133], [-102.943328857, 121.613571167, 32.7936897278, 80.6103210449, 75.3031921387, -14.1390962601, 26.2899570465, 65.165473938, 143.283081055, 21.7178573608, 36.1635398865, 14.7543640137, 28.5642700195], [226.310699463, -146.401489258, 159.970367432, 96.0283279419, 30.6873703003, 111.143753052, -4.11281108856, 57.5904769897, 21.7178573608, 147.971343994, 26.0340461731, 35.5959129333, 3.76434230804], [-95.5732192993, 132.910430908, -26.2702140808, 14.1429004669, 69.4276504517, 11.7035808563, 54.4071617126, 16.419084549, 36.1635398865, 26.0340461731, 121.713279724, 19.9234085083, 21.7865962982], [61.5358581543, -81.5654373169, 94.7356109619, 68.9286422729, 17.0019931793, 29.7148685455, -34.4421005249, 32.2406234741, 14.7543640137, 35.5959129333, 19.9234085083, 87.8363876343, 34.6422958374], [-49.2780685425, 38.4780273438, -3.71203732491, 31.1337375641, 42.7372283936, -24.8323173523, -12.3294820786, 25.9335842133, 28.5642700195, 3.76434230804, 21.7865962982, 34.6422958374, 88.3341064453]],
        "icov": [[0.000919334415812, -0.00103115767706, 0.00119608570822, -0.00176789052784, 0.00146955589298, -0.00166887685191, 0.00155814946629, -0.00180268182885, 0.00173500890378, -0.00126534455922, 0.00086202158127, -0.000137105991598, 0.000536013976671], [-0.00103115767706, 0.00556846568361, -0.00411267019808, 0.00458025513217, -0.0061096563004, 0.0051781963557, -0.00468290550634, 0.00521919922903, -0.0046383976005, 0.00447702035308, -0.00371332769282, 0.00278437626548, -0.00142928748392], [0.00119608570822, -0.00411267019808, 0.00594662968069, -0.0064957914874, 0.00533196236938, -0.00551043730229, 0.00499264616519, -0.00405456358567, 0.00394835649058, -0.00400661258027, 0.00298856687732, -0.0020972287748, 0.00173589761835], [-0.00176789052784, 0.00458025513217, -0.0064957914874, 0.010766514577, -0.00786599703133, 0.00548298843205, -0.00423610117286, 0.00477163540199, -0.00614578276873, 0.00400249706581, -0.00273775751702, 0.000957657059189, -0.00157771667], [0.00146955589298, -0.0061096563004, 0.00533196236938, -0.00786599703133, 0.0129060465842, -0.00822433456779, 0.00592663418502, -0.00718889757991, 0.00437092268839, -0.00319711235352, 0.00120444828644, -0.000548947311472, -0.000499673653394], [-0.00166887685191, 0.0051781963557, -0.00551043730229, 0.00548298843205, -0.00822433456779, 0.0134063316509, -0.010410996154, 0.00677156774327, -0.00268661766313, -0.00039769418072, -0.000639985431917, -0.00134292512666, 0.000526173855178], [0.00155814946629, -0.00468290550634, 0.00499264616519, -0.00423610117286, 0.00592663418502, -0.010410996154, 0.0131319882348, -0.00639896513894, 0.00256107095629, -0.00101939006709, -0.000551247620024, 0.00205643079244, 0.00107415241655], [-0.00180268182885, 0.00521919922903, -0.00405456358567, 0.00477163540199, -0.00718889757991, 0.00677156774327, -0.00639896513894, 0.0140375737101, -0.00762256979942, 0.00145086506382, -0.00183640117757, 4.56002526334e-05, -0.00192586018238], [0.00173500890378, -0.0046383976005, 0.00394835649058, -0.00614578276873, 0.00437092268839, -0.00268661766313, 0.00256107095629, -0.00762256979942, 0.0154870087281, -0.00556728057563, 0.00249973591417, -0.00221339939162, 0.000526542193256], [-0.00126534455922, 0.00447702035308, -0.00400661258027, 0.00400249706581, -0.00319711235352, -0.00039769418072, -0.00101939006709, 0.00145086506382, -0.00556728057563, 0.0167650990188, -0.00715212943032, 0.00238159880973, -0.00145253550727], [0.00086202158127, -0.00371332769282, 0.00298856687732, -0.00273775751702, 0.00120444828644, -0.000639985431917, -0.000551247620024, -0.00183640117757, 0.00249973591417, -0.00715212943032, 0.0153878256679, -0.00608205422759, 0.000974926399067], [-0.000137105991598, 0.00278437626548, -0.0020972287748, 0.000957657059189, -0.000548947311472, -0.00134292512666, 0.00205643079244, 4.56002526334e-05, -0.00221339939162, 0.00238159880973, -0.00608205422759, 0.0206925775856, -0.00755406403914], [0.000536013976671, -0.00142928748392, 0.00173589761835, -0.00157771667, -0.000499673653394, 0.000526173855178, 0.00107415241655, -0.00192586018238, 0.000526542193256, -0.00145253550727, 0.000974926399067, -0.00755406403914, 0.0165899693966]]
    },
    "melbands": {
        "dmean": [0.000747611687984, 0.00108717754483, 0.000786977936514, 0.000437073787907, 0.000384345330531, 0.000322436419083, 0.000135870533995, 0.000119948563224, 0.000121842669614, 0.000172828353243, 9.19446029002e-05, 7.5936295616e-05, 9.12378673092e-05, 5.47341333004e-05, 3.46645574609e-05, 4.66151941509e-05, 4.12362824136e-05, 4.41429583589e-05, 3.89211345464e-05, 2.96534144582e-05, 2.90072584903e-05, 2.50741031778e-05, 1.98692523554e-05, 1.86698871403e-05, 1.62712403835e-05, 1.34280398925e-05, 1.02678704934e-05, 9.08977017389e-06, 7.5760603977e-06, 6.21794606559e-06, 4.13252610088e-06, 3.4520699046e-06, 3.95740789827e-06, 3.82050711778e-06, 3.04921763927e-06, 3.17488843393e-06, 2.88236196866e-06, 2.62323396782e-06, 2.24515451919e-06, 1.68778160514e-06],
        "dmean2": [0.00115278293379, 0.00181797682308, 0.00133076368365, 0.000724529789295, 0.000613531388808, 0.000523125519976, 0.000223416907829, 0.00019899426843, 0.000195052693016, 0.000277475919574, 0.000146256788867, 0.000124230267829, 0.000146708043758, 8.73239478096e-05, 5.38959429832e-05, 7.33215929358e-05, 6.5478241595e-05, 7.05264610588e-05, 6.16215911577e-05, 4.67021964141e-05, 4.50985244242e-05, 3.863555321e-05, 3.1140018109e-05, 2.88528281089e-05, 2.52003901551e-05, 2.14158844756e-05, 1.61429925356e-05, 1.40875781653e-05, 1.17875824799e-05, 9.42341648624e-06, 6.22887182544e-06, 5.12955693921e-06, 5.87358499615e-06, 5.70214069739e-06, 4.50327888757e-06, 4.72183182865e-06, 4.11918017562e-06, 3.87640966437e-06, 3.25594282913e-06, 2.38180973611e-06],
        "dvar": [1.52185202751e-06, 4.75444630865e-06, 3.24038319377e-06, 7.093772183e-07, 3.87762810306e-07, 3.51240373675e-07, 8.6206895844e-08, 6.09897341519e-08, 5.79026142589e-08, 1.0816608409e-07, 4.19454657674e-08, 2.03319618919e-08, 3.37130892092e-08, 1.7022125931e-08, 8.71651106849e-09, 1.085296919e-08, 8.19174861277e-09, 8.90221496519e-09, 5.69264857475e-09, 3.10461678588e-09, 3.50652995529e-09, 2.61928989609e-09, 1.31857769148e-09, 1.11060305397e-09, 6.74848621429e-10, 4.12458373011e-10, 2.18022627729e-10, 2.33698060903e-10, 1.49358622692e-10, 1.15569560866e-10, 6.0083292508e-11, 5.49142120665e-11, 6.10193007233e-11, 5.51022318052e-11, 4.20675369539e-11, 5.5437328339e-11, 3.75967139365e-11, 3.06381656157e-11, 2.26900599004e-11, 1.62564059436e-11],
        "dvar2": [3.69988447346e-06, 1.28188921735e-05, 8.76666581462e-06, 1.8751782136e-06, 9.34058164148e-07, 9.00498378087e-07, 2.07152083931e-07, 1.55985787842e-07, 1.37698833669e-07, 2.62039520749e-07, 1.02806318125e-07, 4.94293139752e-08, 8.39689064946e-08, 4.29361470822e-08, 1.88132336376e-08, 2.33388455229e-08, 1.9236830795e-08, 2.25781757734e-08, 1.3784854147e-08, 7.16548420598e-09, 8.21384560368e-09, 6.07943428932e-09, 3.14186365813e-09, 2.57855159447e-09, 1.55870760743e-09, 1.01337527258e-09, 5.2466447853e-10, 5.39703226554e-10, 3.46358192127e-10, 2.41798914224e-10, 1.27740748534e-10, 1.21340285042e-10, 1.35226510545e-10, 1.19448020919e-10, 9.48470330053e-11, 1.26334095962e-10, 7.8332208775e-11, 6.86373666237e-11, 4.65196978161e-11, 3.16352326279e-11],
        "max": [0.0167816262692, 0.029309798032, 0.023266132921, 0.0110659440979, 0.0109292715788, 0.0128901423886, 0.00718864332885, 0.0051495116204, 0.00503986375406, 0.00609024660662, 0.00692710699514, 0.00349521078169, 0.00321294786409, 0.00358707876876, 0.00319410394877, 0.00304652028717, 0.00230228318833, 0.00217872322537, 0.00155704549979, 0.00115004857071, 0.00107162666973, 0.00103332463186, 0.000918771780562, 0.000968486594502, 0.000627048604656, 0.000369265617337, 0.000360601756256, 0.000290418247459, 0.000247934425715, 0.000274108315352, 0.000192839870579, 0.000211821956327, 0.000176390225533, 0.000178504546057, 0.000182224714081, 0.000230962308706, 0.000151637868839, 0.000130201209686, 0.000112005393021, 0.000157808492077],
        "mean": [0.00148766150232, 0.00162113492843, 0.00096281291917, 0.000606649438851, 0.000635551929008, 0.000497193192132, 0.0001931143197, 0.000158189068316, 0.000177037974936, 0.000275468919426, 0.00014691913384, 0.000123074089061, 0.000153487111675, 8.58988860273e-05, 5.61308879696e-05, 7.55868604756e-05, 6.53291208437e-05, 7.35210778657e-05, 6.25684624538e-05, 4.78444162582e-05, 4.773972978e-05, 4.27785307693e-05, 3.47225941368e-05, 3.3108964999e-05, 3.11682197207e-05, 2.41633752012e-05, 1.85960961971e-05, 1.57690046763e-05, 1.24633143059e-05, 9.25389758777e-06, 6.26016253591e-06, 5.12731958224e-06, 5.68038467463e-06, 5.60740227229e-06, 4.64450567961e-06, 4.70831537314e-06, 4.43255294158e-06, 3.66736912838e-06, 3.16637465403e-06, 2.21507957576e-06],
        "median": [0.000894091499504, 0.000978329801001, 0.0004394397547, 0.000359885627404, 0.000351688882802, 0.000253760896157, 9.13353433134e-05, 6.65033439873e-05, 7.80201808084e-05, 0.000127387829707, 5.58712345082e-05, 4.78850670333e-05, 4.94173873449e-05, 2.94625770039e-05, 2.16336047743e-05, 2.77367362287e-05, 2.43788635998e-05, 2.75123093161e-05, 2.72142315225e-05, 2.39489272644e-05, 1.94536078197e-05, 1.70881030499e-05, 1.6052454157e-05, 1.81989489647e-05, 1.87179139175e-05, 1.55813431775e-05, 1.19639680634e-05, 8.48494892125e-06, 6.69157361699e-06, 4.31442367699e-06, 2.43534896072e-06, 1.70369651187e-06, 1.86260558621e-06, 1.97694862436e-06, 1.79114579169e-06, 1.63933168551e-06, 1.57245676746e-06, 1.1055219602e-06, 7.19586239484e-07, 4.2362756858e-07],
        "min": [5.66670421543e-24, 7.10067505855e-24, 1.05804186087e-23, 9.08945808721e-24, 1.2580268567e-23, 9.03919502577e-24, 1.65401254859e-23, 1.02422836369e-23, 3.51524899621e-24, 3.77407425922e-24, 5.45798660826e-24, 3.65348858681e-24, 1.31704864077e-23, 8.94090611243e-24, 4.4926492355e-24, 1.27355582028e-23, 1.173376244e-23, 6.16591827322e-24, 2.79175744433e-24, 6.54851462896e-24, 5.26439028136e-24, 9.86913507377e-24, 1.14693828074e-23, 1.04417755158e-23, 1.01165960066e-23, 1.02145883082e-23, 1.01353219867e-23, 1.01044877805e-23, 1.19572877552e-23, 8.79281088811e-24, 8.5254462058e-24, 1.11403765339e-23, 1.54527249042e-23, 9.37697422134e-24, 1.18556501273e-23, 6.50738460465e-24, 4.63800553476e-24, 9.73212334517e-24, 1.0365754568e-23, 1.02893360344e-23],
        "var": [3.50415916728e-06, 5.32168542122e-06, 2.75109209724e-06, 7.2738413337e-07, 7.76851209139e-07, 5.19111381436e-07, 1.19407260968e-07, 8.14266059024e-08, 9.76505702965e-08, 1.87907630789e-07, 6.43239346232e-08, 4.37035971856e-08, 7.12540142445e-08, 2.95662427874e-08, 1.78694019581e-08, 2.28036327599e-08, 1.4822727934e-08, 1.68505991383e-08, 1.02357597953e-08, 5.31846477969e-09, 6.89907997398e-09, 6.17184214846e-09, 2.75387357362e-09, 2.13562989515e-09, 1.46735745776e-09, 7.43203554254e-10, 4.4028569679e-10, 4.67309080321e-10, 2.83510576127e-10, 1.87934473539e-10, 1.05631677016e-10, 9.55613713161e-11, 1.08405576182e-10, 9.82387296511e-11, 6.84248074867e-11, 9.60681811879e-11, 7.71936611854e-11, 5.37945001045e-11, 4.55870896587e-11, 2.71377590538e-11]
    },
    "mfcc": {
        "mean": [-602.561157227, 96.0999221802, -5.21586942673, 21.4598007202, 4.4140791893, -0.158791750669, -0.372439831495, 3.497133255, -4.53357887268, 4.4183716774, -5.90886306763, -4.00176906586, -4.1046333313],
        "cov": [[2044.92700195, -571.34588623, 251.161056519, 115.747329712, 187.015686035, 86.1172637939, 93.7143936157, -37.8755187988, 89.6117248535, 46.290813446, 29.9209938049, 47.7311668396, 39.1904678345], [-571.34588623, 977.122924805, -210.810256958, 60.7808303833, 12.7129554749, -17.931180954, 26.5762023926, 64.8126754761, -66.5536575317, 40.5551948547, -4.30760335922, -40.3673210144, -8.40878486633], [251.161056519, -210.810256958, 952.55682373, 302.919616699, 296.383636475, 208.966400146, 8.98558521271, -19.5270175934, 72.4236755371, -25.4897422791, 62.3756790161, 91.5464630127, 33.6734313965], [115.747329712, 60.7808303833, 302.919616699, 430.512329102, 302.994262695, 6.42876291275, -33.9858016968, 26.9625587463, 58.7015533447, 19.5667591095, -1.18902742863, 82.8149032593, 58.5918807983], [187.015686035, 12.7129554749, 296.383636475, 302.994262695, 419.567565918, 73.6929092407, 6.24913930893, 27.7189369202, 64.6816482544, 36.2645149231, 14.7747240067, 69.920463562, 65.3904800415], [86.1172637939, -17.931180954, 208.966400146, 6.42876291275, 73.6929092407, 326.059631348, 142.81477356, 41.5237922668, 32.0275497437, 33.8147125244, 74.4574203491, 6.56203460693, 14.1959104538], [93.7143936157, 26.5762023926, 8.98558521271, -33.9858016968, 6.24913930893, 142.81477356, 221.424316406, 56.3886947632, 12.014840126, 66.5872573853, 51.3044166565, 0.792970657349, 14.4436302185], [-37.8755187988, 64.8126754761, -19.5270175934, 26.9625587463, 27.7189369202, 41.5237922668, 56.3886947632, 128.449554443, 42.8921127319, 30.0677490234, 30.9057502747, 16.3927135468, 16.55610466], [89.6117248535, -66.5536575317, 72.4236755371, 58.7015533447, 64.6816482544, 32.0275497437, 12.014840126, 42.8921127319, 128.742645264, 36.8141288757, 14.265625, 30.3052482605, 27.0545272827], [46.290813446, 40.5551948547, -25.4897422791, 19.5667591095, 36.2645149231, 33.8147125244, 66.5872573853, 30.0677490234, 36.8141288757, 123.627746582, 49.589050293, 12.6080083847, 15.4339799881], [29.9209938049, -4.30760335922, 62.3756790161, -1.18902742863, 14.7747240067, 74.4574203491, 51.3044166565, 30.9057502747, 14.265625, 49.589050293, 118.235527039, 34.0628814697, 6.76660680771], [47.7311668396, -40.3673210144, 91.5464630127, 82.8149032593, 69.920463562, 6.56203460693, 0.792970657349, 16.3927135468, 30.3052482605, 12.6080083847, 34.0628814697, 91.3856658936, 42.8720855713], [39.1904678345, -8.40878486633, 33.6734313965, 58.5918807983, 65.3904800415, 14.1959104538, 14.4436302185, 16.55610466, 27.0545272827, 15.4339799881, 6.76660680771, 42.8720855713, 76.7347564697]],
