{
"lowlevel": {
    "average_loudness": 0.815787553787,
    "barkbands_crest": {
        "dmean": 3.06554031372,
        "dmean2": 5.02868509293,
        "dvar": 7.56852293015,
        "dvar2": 18.7397975922,
        "max": 25.4208679199,
        "mean": 10.6748695374,
        "median": 9.55549907684,
        "min": 2.51296067238,
        "var": 23.2370834351
    },
    "barkbands_flatness_db": {
        "dmean": 0.0205640867352,
        "dmean2": 0.0325337909162,
        "dvar": 0.000375835777959,
        "dvar2": 0.000887089641765,
        "max": 0.343491464853,
        "mean": 0.12330583483,
        "median": 0.117597423494,
        "min": 0.0236560218036,
        "var": 0.00233441288583
    },
    "barkbands_kurtosis": {
        "dmean": 2.65987300873,
        "dmean2": 4.29995155334,
        "dvar": 27.0134716034,
        "dvar2": 63.8527030945,
        "max": 112.972114563,
        "mean": 3.86060428619,
        "median": 1.93049430847,
        "min": -1.90026557446,
        "var": 55.7108612061
    },
    "barkbands_skewness": {
        "dmean": 0.527968347073,
        "dmean2": 0.827865481377,
        "dvar": 0.354263186455,
        "dvar2": 0.810144603252,
        "max": 9.15921211243,
        "mean": 1.13205111027,
        "median": 1.03982543945,
        "min": -2.60150742531,
        "var": 1.52691972256
    },
    "barkbands_spread": {
        "dmean": 5.72538566589,
        "dmean2": 8.91732692719,
        "dvar": 54.7246665955,
        "dvar2": 111.752944946,
        "max": 111.587409973,
        "mean": 21.1520576477,
        "median": 17.133846283,
        "min": 1.23933553696,
        "var": 225.271850586
    },
    "dissonance": {
        "dmean": 0.0236884690821,
        "dmean2": 0.0409963279963,
        "dvar": 0.000563611683901,
        "dvar2": 0.00158856017515,
        "max": 0.5,
        "mean": 0.462267965078,
        "median": 0.471383959055,
        "min": 0.286538958549,
        "var": 0.00102562352549
    },
    "dynamic_complexity": 3.73707532883,
    "erbbands_crest": {
        "dmean": 3.05539774895,
        "dmean2": 4.90202140808,
        "dvar": 7.70338106155,
        "dvar2": 18.3612384796,
        "max": 32.6059417725,
        "mean": 11.6586103439,
        "median": 10.155705452,
        "min": 2.45129299164,
        "var": 36.9632072449
    },
    "erbbands_flatness_db": {
        "dmean": 0.0183738600463,
        "dmean2": 0.0278286803514,
        "dvar": 0.000278236810118,
        "dvar2": 0.000587162503507,
        "max": 0.37034624815,
        "mean": 0.166472181678,
        "median": 0.158924728632,
        "min": 0.0396901220083,
        "var": 0.0031475701835
    },
    "erbbands_kurtosis": {
        "dmean": 1.76705288887,
        "dmean2": 2.79051089287,
        "dvar": 6.4441781044,
        "dvar2": 15.6576356888,
        "max": 41.548286438,
        "mean": 2.85706090927,
        "median": 1.32209444046,
        "min": -1.82179915905,
        "var": 22.9887943268
    },
    "erbbands_skewness": {
        "dmean": 0.424603313208,
        "dmean2": 0.659456908703,
        "dvar": 0.177938073874,
        "dvar2": 0.397749215364,
        "max": 5.09023284912,
        "mean": 0.883684813976,
        "median": 0.86531239748,
        "min": -3.67255187035,
        "var": 0.774505913258
    },
    "erbbands_spread": {
        "dmean": 7.38820981979,
        "dmean2": 11.393652916,
        "dvar": 78.9429550171,
        "dvar2": 177.631973267,
        "max": 133.323913574,
        "mean": 30.4705963135,
        "median": 25.4145774841,
        "min": 1.98954427242,
        "var": 404.086090088
    },
    "hfc": {
        "dmean": 8.77387809753,
        "dmean2": 12.7689714432,
        "dvar": 228.515609741,
        "dvar2": 475.164550781,
        "max": 276.964782715,
        "mean": 28.3613986969,
        "median": 18.3558197021,
        "min": 1.17471002518e-16,
        "var": 859.442016602
    },
    "melbands_crest": {
        "dmean": 3.58768558502,
        "dmean2": 5.87556791306,
        "dvar": 9.14719295502,
        "dvar2": 22.6802043915,
        "max": 32.3042869568,
        "mean": 13.6483802795,
        "median": 12.6650629044,
        "min": 1.98039913177,
        "var": 27.3140468597
    },
    "melbands_flatness_db": {
        "dmean": 0.0244709495455,
        "dmean2": 0.0385325662792,
        "dvar": 0.00061427167384,
        "dvar2": 0.00140802341048,
        "max": 0.457799553871,
        "mean": 0.177178576589,
        "median": 0.170514985919,
        "min": 0.0061099762097,
        "var": 0.00300322682597
    },
    "melbands_kurtosis": {
        "dmean": 5.70155525208,
        "dmean2": 9.3408536911,
        "dvar": 157.547073364,
        "dvar2": 377.09463501,
        "max": 227.002365112,
        "mean": 9.31376361847,
        "median": 4.45192050934,
        "min": -1.7936398983,
        "var": 306.650970459
    },
    "melbands_skewness": {
        "dmean": 0.720976173878,
        "dmean2": 1.13893592358,
        "dvar": 0.715383529663,
        "dvar2": 1.69670128822,
        "max": 13.1200609207,
        "mean": 1.78092122078,
        "median": 1.62267756462,
        "min": -2.17923808098,
        "var": 2.88351202011
    },
    "melbands_spread": {
        "dmean": 7.97728013992,
        "dmean2": 12.5585269928,
        "dvar": 191.920349121,
        "dvar2": 388.960723877,
        "max": 250.86907959,
        "mean": 26.3436641693,
        "median": 22.2633876801,
        "min": 0.865842223167,
        "var": 532.431396484
    },
    "pitch_salience": {
        "dmean": 0.0754602476954,
        "dmean2": 0.122074872255,
        "dvar": 0.00459598004818,
        "dvar2": 0.0115206027403,
        "max": 0.926899075508,
        "mean": 0.552005767822,
        "median": 0.559555888176,
        "min": 0.0918669402599,
        "var": 0.015997286886
    },
    "silence_rate_20dB": {
        "dmean": 0,
        "dmean2": 0,
        "dvar": 0,
        "dvar2": 0,
        "max": 1,
        "mean": 1,
        "median": 1,
        "min": 1,
        "var": 0
    },
    "silence_rate_30dB": {
        "dmean": 0,
        "dmean2": 0,
        "dvar": 0,
        "dvar2": 0,
        "max": 1,
        "mean": 1,
        "median": 1,
        "min": 1,
        "var": 0
    },
    "silence_rate_60dB": {
        "dmean": 0.0169201120734,
        "dmean2": 0.0338438488543,
        "dvar": 0.0166372358799,
        "dvar2": 0.0406370870769,
        "max": 1,
        "mean": 0.0845915004611,
        "median": 0,
        "min": 0,
        "var": 0.077422529459
    },
    "spectral_centroid": {
        "dmean": 214.253814697,
        "dmean2": 332.689056396,
        "dvar": 96463.7734375,
        "dvar2": 177065.75,
        "max": 11032.9462891,
        "mean": 1342.13781738,
        "median": 1310.71057129,
        "min": 185.401901245,
        "var": 359978.28125
    },
    "spectral_complexity": {
        "dmean": 2.84621977806,
        "dmean2": 4.59440946579,
        "dvar": 7.67658185959,
        "dvar2": 18.234708786,
        "max": 49,
        "mean": 17.462682724,
        "median": 18,
        "min": 0,
        "var": 66.3285751343
    },
    "spectral_decrease": {
        "dmean": 2.22865548238e-09,
        "dmean2": 3.45650463807e-09,
        "dvar": 8.423676486e-18,
        "dvar2": 2.04151136485e-17,
        "max": -1.24243245345e-28,
        "mean": -6.51605303048e-09,
        "median": -5.17121900856e-09,
        "min": -2.88684276484e-08,
        "var": 2.52836522341e-17
    },
    "spectral_energy": {
        "dmean": 0.00897244736552,
        "dmean2": 0.0138678969815,
        "dvar": 0.000129338150145,
        "dvar2": 0.000311701121973,
        "max": 0.111962325871,
        "mean": 0.0271655730903,
        "median": 0.0220539160073,
        "min": 1.11238941815e-20,
        "var": 0.000424600584665
    },
    "spectral_energyband_high": {
        "dmean": 0.000565700116567,
        "dmean2": 0.000808596960269,
        "dvar": 3.36606308338e-06,
        "dvar2": 6.60832847643e-06,
        "max": 0.0350847132504,
        "mean": 0.00128804892302,
        "median": 0.000601626350544,
        "min": 8.03006905386e-21,
        "var": 8.57983832248e-06
    },
    "spectral_energyband_low": {
        "dmean": 0.00400341581553,
        "dmean2": 0.00665124226362,
        "dvar": 8.80197840161e-05,
        "dvar2": 0.000229793222388,
        "max": 0.0995003953576,
        "mean": 0.00546510703862,
        "median": 0.00309094623663,
        "min": 3.78817759336e-23,
        "var": 8.36783510749e-05
    },
    "spectral_energyband_middle_high": {
        "dmean": 0.00413797656074,
        "dmean2": 0.00633266847581,
        "dvar": 5.15050196555e-05,
        "dvar2": 0.000118779731565,
        "max": 0.0944214239717,
        "mean": 0.0118238553405,
        "median": 0.00430250586942,
        "min": 1.83702273764e-21,
        "var": 0.000258675310761
    },
    "spectral_energyband_middle_low": {
        "dmean": 0.00391721958295,
        "dmean2": 0.00617009308189,
        "dvar": 3.13559248752e-05,
        "dvar2": 7.34866189305e-05,
        "max": 0.0887335687876,
        "mean": 0.009322501719,
        "median": 0.00641289679334,
        "min": 2.78256737256e-22,
        "var": 8.67301860126e-05
    },
    "spectral_entropy": {
        "dmean": 0.140168339014,
        "dmean2": 0.208282098174,
        "dvar": 0.0190821047872,
        "dvar2": 0.036220792681,
        "max": 9.81393241882,
        "mean": 7.69865274429,
        "median": 7.72987222672,
        "min": 6.22947835922,
        "var": 0.156470194459
    },
    "spectral_flux": {
        "dmean": 0.0256148166955,
        "dmean2": 0.040778528899,
        "dvar": 0.000805283547379,
        "dvar2": 0.00178535107989,
        "max": 0.344532757998,
        "mean": 0.0909695997834,
        "median": 0.0806825980544,
        "min": 1.05469875888e-10,
        "var": 0.00251343240961
    },
    "spectral_kurtosis": {
        "dmean": 1.02543449402,
        "dmean2": 1.68242609501,
        "dvar": 1.13011085987,
        "dvar2": 3.03513145447,
        "max": 15.7452049255,
        "mean": 3.89505910873,
        "median": 3.57037067413,
        "min": -1.43104410172,
        "var": 5.38441991806
    },
    "spectral_rms": {
        "dmean": 0.00079609331442,
        "dmean2": 0.00120812270325,
        "dvar": 7.20201796867e-07,
        "dvar2": 1.61504453899e-06,
        "max": 0.0104513894767,
        "mean": 0.0047264797613,
        "median": 0.0046385359019,
        "min": 3.29432531601e-12,
        "var": 4.16343618781e-06
    },
    "spectral_rolloff": {
        "dmean": 471.364868164,
        "dmean2": 775.99786377,
        "dvar": 1089467.75,
        "dvar2": 2099597,
        "max": 18346.2890625,
        "mean": 1618.35144043,
        "median": 1184.32617188,
        "min": 64.599609375,
        "var": 2686305
    },
    "spectral_skewness": {
        "dmean": 0.173156619072,
        "dmean2": 0.268976688385,
        "dvar": 0.0301791168749,
        "dvar2": 0.0616852268577,
        "max": 3.18068504333,
        "mean": 1.57003057003,
        "median": 1.59021580219,
        "min": -0.410736888647,
        "var": 0.198607474566
    },
    "spectral_spread": {
        "dmean": 478630.6875,
        "dmean2": 692512.875,
        "dvar": 495160950784,
        "dvar2": 763733934080,
        "max": 39208216,
        "mean": 5127726,
        "median": 4912456.5,
        "min": 2361632.5,
        "var": 2.83289373901e+12
    },
    "spectral_strongpeak": {
        "dmean": 0.886180996895,
        "dmean2": 1.44379293919,
        "dvar": 1.54845535755,
        "dvar2": 3.68785524368,
        "max": 14.4268436432,
        "mean": 1.95865225792,
        "median": 0.894160091877,
        "min": 0,
        "var": 6.43097877502
    },
    "zerocrossingrate": {
        "dmean": 0.0108999451622,
        "dmean2": 0.0127254873514,
        "dvar": 0.000267547758995,
        "dvar2": 0.000303148000967,
        "max": 0.65087890625,
        "mean": 0.0703984573483,
        "median": 0.06201171875,
        "min": 0.0048828125,
        "var": 0.00176467269193
    },
    "barkbands": {
        "dmean": [7.44094286347e-05, 0.00278663518839, 0.00152953329962, 0.000717312737834, 0.00190255616326, 0.000814178143628, 0.000489788420964, 0.000854794052429, 0.000883160508238, 0.00142100453377, 0.00102424388751, 0.00233073765412, 0.000398769509047, 0.000360321777407, 0.000375283911126, 0.000160163559485, 0.000110914530524, 7.96232197899e-05, 8.3599035861e-05, 7.93710933067e-05, 9.08052752493e-05, 0.000130234009703, 0.000173192660441, 0.000171033883817, 6.22956140433e-05, 3.744424248e-05, 7.95464075054e-06],
        "dmean2": [0.000115749411634, 0.00465591624379, 0.00269428826869, 0.00123281124979, 0.00308013684116, 0.00128774356563, 0.000774964690208, 0.00136652472429, 0.00143943307921, 0.00227932934649, 0.00158560334239, 0.00362606556155, 0.00060714664869, 0.000587697024457, 0.000588597613387, 0.000257246923866, 0.000178008631337, 0.000126257989905, 0.000132248096634, 0.000126494895085, 0.000142423916259, 0.000199865971808, 0.000255411257967, 0.00026170219644, 9.26812936086e-05, 5.550975402e-05, 1.20706063171e-05],
        "dvar": [3.20695257017e-08, 5.09172896273e-05, 1.18015914268e-05, 1.61460127401e-06, 1.3209250028e-05, 4.18892250309e-06, 1.4726642803e-06, 4.89406238557e-06, 4.42853843197e-06, 1.46231841427e-05, 1.13983060146e-05, 3.33652787958e-05, 1.97291910808e-06, 1.16496971714e-06, 1.15357204322e-06, 1.97208024133e-07, 6.34482191231e-08, 2.24596146126e-08, 2.37859119068e-08, 2.29084466952e-08, 4.50029880028e-08, 3.11220276217e-07, 4.71479950193e-07, 6.43257180855e-07, 1.02737431007e-07, 1.41048950297e-08, 8.77284189738e-10],
        "dvar2": [7.07946128387e-08, 0.000132318658871, 3.3719046769e-05, 4.09416270486e-06, 3.13552045554e-05, 8.99353653949e-06, 3.54577173312e-06, 1.16241517389e-05, 1.101140424e-05, 3.47045097442e-05, 2.38827760768e-05, 7.9668352555e-05, 3.86911551686e-06, 2.93439984489e-06, 2.60256865658e-06, 4.76778666325e-07, 1.42711627404e-07, 5.11692839211e-08, 5.349413712e-08, 5.18672322869e-08, 1.03488169145e-07, 6.58376166029e-07, 9.8317264019e-07, 1.41075054216e-06, 2.16779696416e-07, 3.24743858471e-08, 2.10025530301e-09],
        "max": [0.00211084657349, 0.0703147798777, 0.0434849262238, 0.0204702820629, 0.0733846127987, 0.0682630315423, 0.030602755025, 0.0454684197903, 0.0493452250957, 0.0849924907088, 0.0685188472271, 0.0923614799976, 0.0425170399249, 0.0292505901307, 0.0232212096453, 0.0230117067695, 0.0100149670616, 0.004864864517, 0.0045582158491, 0.00423877965659, 0.00546556850895, 0.016085324809, 0.0182125065476, 0.0198863111436, 0.0111576244235, 0.00422231759876, 0.000819145760033],
        "mean": [8.26954492368e-05, 0.00305919675156, 0.00190041342285, 0.000880507519469, 0.0030393851921, 0.0013379920274, 0.000803436851129, 0.0012646248797, 0.00149358727504, 0.00249197264202, 0.00157042965293, 0.00525662116706, 0.000593469303567, 0.000524591538124, 0.00063035072526, 0.000304847868392, 0.000214239786146, 0.000166238678503, 0.000177790527232, 0.000175113949808, 0.00018358604575, 0.000229776385822, 0.000306882633595, 0.000290560594294, 0.00011456359789, 6.2150771555e-05, 1.05573844849e-05],
        "median": [1.26153208839e-05, 0.00120633875486, 0.00106437399518, 0.000468168174848, 0.00134318962228, 0.000491083192173, 0.000347009889083, 0.000430872896686, 0.000623067782726, 0.00059549236903, 0.000309304654365, 0.000555825710762, 0.000148676845129, 0.00018465553876, 0.000191124840057, 0.000144122910569, 0.000116923794849, 0.000105401370092, 0.000109239808808, 0.00010046522948, 9.5573363069e-05, 8.07381002232e-05, 0.000103706363006, 8.85154222487e-05, 3.77156102331e-05, 1.50578243847e-05, 1.17115166631e-06],
        "min": [2.04965989803e-23, 1.86515400977e-23, 7.74272342729e-24, 2.68214285497e-23, 8.70773760373e-23, 1.53195856938e-23, 2.97650283076e-23, 6.9369411401e-23, 4.89068170589e-23, 1.03609016535e-22, 7.41154952185e-23, 1.5046162402e-22, 8.61467789155e-23, 1.21655718044e-22, 2.93116831983e-22, 2.21124830414e-22, 1.54948122112e-22, 2.02633918174e-22, 2.88623707459e-22, 4.71186038087e-22, 3.87367181392e-22, 6.16683593933e-22, 7.72483900393e-22, 8.92545551429e-22, 1.15090994296e-21, 1.69825188077e-21, 2.32987637403e-21],
        "var": [4.10399607631e-08, 4.45076184405e-05, 9.81262201094e-06, 1.82551605121e-06, 2.52428690146e-05, 1.02114781839e-05, 2.41797647504e-06, 7.8374214354e-06, 8.18578428152e-06, 4.00715398428e-05, 2.47697371378e-05, 0.000155490037287, 3.79596826861e-06, 1.46223271713e-06, 2.41094244302e-06, 6.82720894929e-07, 1.84956093108e-07, 4.84504951714e-08, 6.11042452192e-08, 6.22213107704e-08, 9.60950714557e-08, 5.61405386179e-07, 9.5213925988e-07, 1.37685458412e-06, 1.84926591373e-07, 2.19923723677e-08, 1.03968100795e-09]
    },
    "erbbands": {
        "dmean": [0.0642294064164, 0.707330286503, 1.76677262783, 1.89633464813, 5.34235525131, 5.91388368607, 8.53409957886, 5.04607582092, 6.77550983429, 8.30844783783, 22.7854251862, 18.0116176605, 35.0256462097, 38.5955810547, 56.9561920166, 84.0598754883, 21.7797279358, 12.0571041107, 20.9608078003, 12.5788879395, 7.66867923737, 6.51472139359, 3.9022424221, 4.29493713379, 3.88927674294, 3.55781149864, 3.55852293968, 3.82772874832, 4.43106269836, 5.16484832764, 5.07469749451, 4.33607196808, 2.47875714302, 0.929995298386, 0.362246543169, 0.182271808386, 0.0654437616467, 0.0155241331086, 0.00132026313804, 4.05915052397e-05],
        "dmean2": [0.0989306494594, 1.23634648323, 3.12521052361, 3.25708842278, 9.06008815765, 9.52605628967, 13.1250514984, 8.07941055298, 10.642745018, 13.2324199677, 36.4458084106, 29.502155304, 56.6607322693, 59.5235557556, 84.6081466675, 128.97845459, 32.4099731445, 19.1933288574, 32.774974823, 19.6433258057, 12.0678892136, 10.3571567535, 6.17621469498, 6.81366157532, 5.98954486847, 5.67800855637, 5.57438468933, 6.02634191513, 6.84754991531, 7.76575231552, 7.53837156296, 6.6644525528, 3.80136394501, 1.38934457302, 0.54569464922, 0.275244891644, 0.0977672785521, 0.0234212949872, 0.00198365002871, 6.01677129453e-05],
        "dvar": [0.0271194688976, 3.49404001236, 17.6989536285, 13.1664447784, 104.697746277, 180.884872437, 542.547607422, 172.617080688, 260.063995361, 622.061584473, 3580.42553711, 1996.48193359, 8991.61035156, 11853.609375, 22496.0566406, 48039.7695312, 3480.40478516, 1611.66064453, 3779.75244141, 966.89465332, 583.812072754, 211.594009399, 50.4280662537, 61.729801178, 59.254825592, 41.6488990784, 66.8683700562, 108.880134583, 391.047790527, 407.832092285, 421.466491699, 459.107025146, 152.293060303, 22.7322425842, 3.09051656723, 0.347489506006, 0.0465744510293, 0.00342421187088, 2.17176821025e-05, 1.22091146082e-08],
        "dvar2": [0.0592864193022, 9.63867950439, 50.5455360413, 34.5507011414, 271.119140625, 423.311096191, 1164.83886719, 381.243560791, 577.250427246, 1502.22229004, 8689.76464844, 5301.02685547, 21877.2714844, 24412.2285156, 46299.2265625, 114938.984375, 6927.97216797, 3902.74169922, 8248.10546875, 2191.73339844, 1406.68688965, 464.358306885, 112.461013794, 140.072677612, 115.107406616, 95.492767334, 155.763366699, 240.067306519, 841.280517578, 848.578979492, 887.111206055, 1038.19885254, 358.59942627, 45.3521080017, 6.64497470856, 0.761553049088, 0.108899109066, 0.00837403442711, 5.10850913997e-05, 2.76556555434e-08],
        "max": [1.7498087883, 18.2760448456, 51.9282989502, 57.4294319153, 127.975059509, 334.727783203, 649.761901855, 470.565704346, 470.41317749, 819.435058594, 1261.79187012, 990.442321777, 2421.73339844, 2527.69287109, 3129.14526367, 3963.0222168, 1444.66137695, 1167.75256348, 1333.6895752, 866.697753906, 1462.86035156, 647.798217773, 169.369476318, 208.094451904, 307.360870361, 175.438049316, 269.09375, 301.808197021, 653.195678711, 449.626617432, 607.097106934, 621.642456055, 470.963653564, 171.690582275, 60.7502403259, 17.3045425415, 7.42481184006, 1.91010987759, 0.148793980479, 0.00241746590473],
        "mean": [0.0693465024233, 0.753197610378, 2.21849656105, 2.65832614899, 6.81738567352, 9.12050437927, 14.6499004364, 8.76560688019, 11.831785202, 12.9087924957, 36.7991676331, 30.8378505707, 63.4593696594, 67.4595565796, 105.816368103, 187.531982422, 44.4930992126, 21.0863285065, 36.9579772949, 23.952167511, 16.05859375, 13.3297300339, 8.71683597565, 9.32783794403, 9.13249492645, 7.99512195587, 7.42582178116, 7.47029352188, 7.77452421188, 9.05566501617, 8.71367359161, 7.01547908783, 4.12474632263, 1.67321228981, 0.655847430229, 0.309821695089, 0.104415401816, 0.0218401718885, 0.00185351783875, 8.11110585346e-05],
        "median": [0.0162197891623, 0.336029827595, 1.24694132805, 1.66196393967, 3.28907370567, 3.62040901184, 4.07181453705, 3.83100008965, 5.30845212936, 5.47203302383, 13.6743507385, 14.0618028641, 17.5284938812, 20.9594955444, 20.5073719025, 21.5751991272, 11.1462392807, 9.04114723206, 12.0147228241, 10.6038122177, 7.84798288345, 7.41216516495, 5.72940683365, 6.19414424896, 5.2949795723, 4.9220957756, 4.02496767044, 3.58795166016, 2.77103328705, 2.9770488739, 2.82221603394, 2.01654648781, 1.31311535835, 0.564771652222, 0.200266838074, 0.0884407758713, 0.0218853708357, 0.00351179088466, 0.000233769751503, 4.36255286331e-05],
        "min": [1.01103038942e-21, 2.66682302473e-21, 6.36742956028e-21, 4.20122318929e-20, 1.79749836776e-19, 4.05780402975e-19, 1.35133536917e-19, 1.32629053742e-19, 5.178388966e-19, 4.78439353446e-19, 1.8092807801e-18, 1.19057025803e-18, 1.15527084238e-18, 4.41692609535e-18, 3.27470795624e-18, 6.98278658875e-18, 4.93168968953e-18, 6.87413682888e-18, 1.09285291005e-17, 1.47216675426e-17, 1.17303665534e-17, 8.50043305658e-18, 9.79341396131e-18, 1.29178943378e-17, 1.4336054139e-17, 2.22014978624e-17, 2.13539686068e-17, 1.48755843479e-17, 1.993919032e-17, 2.19440180444e-17, 2.27932727988e-17, 1.76000608596e-17, 1.74980297854e-17, 1.09264024191e-17, 1.00083460901e-17, 7.14356403005e-18, 2.61766991709e-18, 1.30564235157e-18, 3.46708385204e-19, 3.31456118211e-20],
        "var": [0.0304773710668, 2.62120485306, 13.7969808578, 14.3487873077, 124.806587219, 313.516815186, 1465.87097168, 421.58416748, 526.474487305, 920.521484375, 5711.89501953, 3471.96411133, 23242.6464844, 26438.5859375, 62596.5039062, 201486.875, 11808.7089844, 2255.12109375, 6783.91992188, 2146.64331055, 2118.54980469, 664.44921875, 119.239616394, 133.339645386, 200.604141235, 107.852104187, 130.057693481, 230.146911621, 680.973999023, 779.468811035, 843.796447754, 885.563049316, 283.385040283, 44.0181045532, 5.37608098984, 0.611688673496, 0.0672384053469, 0.00392717728391, 2.76158643828e-05, 1.84832593675e-08]
    },
    "gfcc": {
        "mean": [5.0660738945, 70.8322982788, -123.499046326, 15.9386529922, -64.0266418457, 24.7583560944, -31.8969573975, 8.31157398224, -25.9897785187, -3.93429303169, -19.6326293945, -0.869635939598, -12.9713754654],
        "cov": [[6557.55566406, -159.001907349, 1631.34924316, 489.952301025, 129.853530884, 198.373565674, -96.4122695923, -132.754165649, -240.807662964, 232.447631836, 165.551422119, 269.996765137, -63.899810791], [-159.001907349, 1068.81494141, 387.514465332, 347.150543213, 211.441665649, -32.571811676, 46.2935409546, 36.0609588623, 67.1503143311, -55.0910301208, 87.8522644043, -35.6986999512, 66.8173980713], [1631.34924316, 387.514465332, 1594.38891602, 658.388671875, 198.992965698, 86.6369400024, -67.8039474487, 32.2403068542, 56.4485969543, 94.8865127563, 70.2995681763, 104.593078613, 6.01973485947], [489.952301025, 347.150543213, 658.388671875, 659.890014648, 180.769775391, 173.141525269, 32.5715560913, 6.89223718643, 100.010665894, 47.1976623535, 59.0641593933, 39.220916748, 17.7100028992], [129.853530884, 211.441665649, 198.992965698, 180.769775391, 363.126861572, 165.767959595, 137.71786499, 33.2024841309, 17.6140727997, 57.066783905, 44.4377326965, 37.4419975281, -1.3496888876], [198.373565674, -32.571811676, 86.6369400024, 173.141525269, 165.767959595, 319.783111572, 149.956207275, 11.1683235168, 22.5883274078, 43.6778030396, 39.913734436, 32.0539665222, -2.36691904068], [-96.4122695923, 46.2935409546, -67.8039474487, 32.5715560913, 137.71786499, 149.956207275, 200.945465088, 47.0377388, 27.412191391, 25.7137527466, 6.90317773819, 11.3719396591, -1.20173811913], [-132.754165649, 36.0609588623, 32.2403068542, 6.89223718643, 33.2024841309, 11.1683235168, 47.0377388, 125.976333618, 67.7748718262, 3.67523002625, -10.336016655, -1.14568722248, 13.3190956116], [-240.807662964, 67.1503143311, 56.4485969543, 100.010665894, 17.6140727997, 22.5883274078, 27.412191391, 67.7748718262, 128.027389526, 12.8300857544, -5.31039857864, -13.0601110458, 8.99917411804], [232.447631836, -55.0910301208, 94.8865127563, 47.1976623535, 57.066783905, 43.6778030396, 25.7137527466, 3.67523002625, 12.8300857544, 103.10736084, 30.0243225098, 22.0519676208, -21.6105155945], [165.551422119, 87.8522644043, 70.2995681763, 59.0641593933, 44.4377326965, 39.913734436, 6.90317773819, -10.336016655, -5.31039857864, 30.0243225098, 100.29209137, 29.0056381226, 1.72836303711], [269.996765137, -35.6986999512, 104.593078613, 39.220916748, 37.4419975281, 32.0539665222, 11.3719396591, -1.14568722248, -13.0601110458, 22.0519676208, 29.0056381226, 82.3064651489, 19.263710022], [-63.899810791, 66.8173980713, 6.01973485947, 17.7100028992, -1.3496888876, -2.36691904068, -1.20173811913, 13.3190956116, 8.99917411804, -21.6105155945, 1.72836303711, 19.263710022, 67.5608139038]],
        "icov": [[0.000276551319985, 3.17999147228e-05, -0.000275539583527, -5.18119031767e-06, 0.000167156715179, -0.000128006780869, 5.26575013282e-06, -3.6555033148e-05, 0.000620555016212, -0.000317059602821, -7.4046998634e-05, -0.000404410413466, 0.000195308180992], [3.17999147228e-05, 0.00230067176744, -0.000384634622606, -0.000914397940505, -0.00132616981864, 0.00193474267144, -0.00140145828482, 0.000272137142019, -0.000146841441165, 0.0019575948827, -0.00266925850883, 0.00274432054721, -0.00207707844675], [-0.000275539583527, -0.000384634622606, 0.00170072983019, -0.00129121367354, -0.000245158764301, 6.4585772634e-05, 0.00119059928693, -0.00102644588333, 0.000184272619663, -0.000582383188885, 0.000754565291572, -0.00112678611185, 0.000618774793111], [-5.18119031767e-06, -0.000914397940505, -0.00129121367354, 0.00438392022625, -0.000268138071988, -0.00219981535338, 0.000878966238815, 0.00207398785278, -0.00327595765702, -8.31703728181e-05, 0.000284929963527, -0.000526084157173, -5.78808321734e-05], [0.000167156715179, -0.00132616981864, -0.000245158764301, -0.000268138071988, 0.00576010299847, -0.00177636253648, -0.00187844736502, -0.000992563320324, 0.00174675090238, -0.00239564105868, 0.000771881546825, -0.00203316495754, 0.00133792578708], [-0.000128006780869, 0.00193474267144, 6.4585772634e-05, -0.00219981535338, -0.00177636253648, 0.0079422518611, -0.00525471242145, 0.001120316796, -0.000179436814506, 0.00139108207077, -0.00301882601343, 0.00168875663076, -0.00147062621545], [5.26575013282e-06, -0.00140145828482, 0.00119059928693, 0.000878966238815, -0.00187844736502, -0.00525471242145, 0.0118180429563, -0.00323349167593, -0.000157239279361, -0.00177590490784, 0.00279320031404, -0.00226722285151, 0.00170846865512], [-3.6555033148e-05, 0.000272137142019, -0.00102644588333, 0.00207398785278, -0.000992563320324, 0.001120316796, -0.00323349167593, 0.0138786984608, -0.00803663115948, 0.00107914581895, 0.000237271844526, 6.16373217781e-05, -0.00213806983083], [0.000620555016212, -0.000146841441165, 0.000184272619663, -0.00327595765702, 0.00174675090238, -0.000179436814506, -0.000157239279361, -0.00803663115948, 0.0162170212716, -0.00346648576669, 0.000775187800173, 0.00178500439506, -0.000613085227087], [-0.000317059602821, 0.0019575948827, -0.000582383188885, -8.31703728181e-05, -0.00239564105868, 0.00139108207077, -0.00177590490784, 0.00107914581895, -0.00346648576669, 0.0158007610589, -0.00485516898334, -0.000377356394893, 0.00334199611098], [-7.4046998634e-05, -0.00266925850883, 0.000754565291572, 0.000284929963527, 0.000771881546825, -0.00301882601343, 0.00279320031404, 0.000237271844526, 0.000775187800173, -0.00485516898334, 0.0156611017883, -0.00613893615082, 0.00203398568556], [-0.000404410413466, 0.00274432054721, -0.00112678611185, -0.000526084157173, -0.00203316495754, 0.00168875663076, -0.00226722285151, 6.16373217781e-05, 0.00178500439506, -0.000377356394893, -0.00613893615082, 0.0216469839215, -0.00926590524614], [0.000195308180992, -0.00207707844675, 0.000618774793111, -5.78808321734e-05, 0.00133792578708, -0.00147062621545, 0.00170846865512, -0.00213806983083, -0.000613085227087, 0.00334199611098, 0.00203398568556, -0.00926590524614, 0.0211681928486]]
    },
    "melbands": {
        "dmean": [0.000673240108881, 0.000919801124837, 0.000398890610086, 0.000427782855695, 0.000276084116194, 0.000123027100926, 9.84724538284e-05, 0.000106065213913, 0.000199357484234, 0.000109792570584, 0.000189498387044, 0.000172206040588, 0.000166691257618, 0.000280922016827, 0.000143431141623, 2.5418066798e-05, 2.50217181019e-05, 3.77627256967e-05, 2.77926865238e-05, 1.24764101201e-05, 9.21900573303e-06, 8.17476848169e-06, 3.59647333426e-06, 4.15876729676e-06, 3.83254518965e-06, 3.46810884366e-06, 2.99388966596e-06, 2.56403495769e-06, 2.42633132075e-06, 2.33456648857e-06, 2.34354774875e-06, 2.55024838225e-06, 2.95204881695e-06, 3.0626104035e-06, 3.00426086142e-06, 3.13782652483e-06, 2.67025802714e-06, 1.97722420126e-06, 1.24894165765e-06, 6.9871651931e-07],
        "dmean2": [0.00108716823161, 0.00161577900872, 0.000676233263221, 0.000703439291101, 0.000426384271123, 0.000195974658709, 0.000154853973072, 0.000167274425621, 0.000319665297866, 0.000180046481546, 0.000306415837258, 0.000268440722721, 0.00025045289658, 0.000428702333011, 0.00021428609034, 3.93708032789e-05, 4.03617596021e-05, 5.94248231209e-05, 4.34388057329e-05, 1.99779115064e-05, 1.44187752085e-05, 1.30393200379e-05, 5.83492010264e-06, 6.6364855229e-06, 6.17452860752e-06, 5.47425224795e-06, 4.67638210466e-06, 4.13712359659e-06, 3.86997317037e-06, 3.70841939912e-06, 3.76660409529e-06, 3.97004168917e-06, 4.59792045149e-06, 4.66897108709e-06, 4.45555815531e-06, 4.98380813951e-06, 4.18480794906e-06, 3.10930226988e-06, 1.88162493941e-06, 1.06850075099e-06],
        "dvar": [2.95869540423e-06, 5.20231196788e-06, 4.57186985159e-07, 7.23967673366e-07, 4.97612347772e-07, 8.85586430854e-08, 5.45278382447e-08, 8.617540459e-08, 2.65406697508e-07, 7.9559967503e-08, 2.58421977151e-07, 2.33577281961e-07, 2.53368398262e-07, 5.88141404023e-07, 1.67239491589e-07, 6.73637012838e-09, 7.49334461148e-09, 1.29089929857e-08, 6.55948761974e-09, 9.90700410597e-10, 1.05678144013e-09, 3.75843162148e-10, 3.95192420455e-11, 7.20263709786e-11, 5.15405461365e-11, 5.4866274718e-11, 3.66326101398e-11, 2.32119636012e-11, 3.1849585469e-11, 2.69404880349e-11, 4.77987371905e-11, 1.28406979494e-10, 1.57470841922e-10, 1.31086363986e-10, 1.39170883151e-10, 2.42038028508e-10, 1.79799189426e-10, 9.87788739693e-11, 3.77849973532e-11, 1.43132849323e-11],
        "dvar2": [7.19196941645e-06, 1.47252039824e-05, 1.17125352972e-06, 1.81659231657e-06, 1.084505584e-06, 1.92202548988e-07, 1.22795796642e-07, 2.05255460628e-07, 6.52189726225e-07, 2.105082757e-07, 6.32109106391e-07, 4.87193346999e-07, 5.14982559707e-07, 1.38617076573e-06, 3.57933004125e-07, 1.41493243788e-08, 1.86026980487e-08, 2.89831412204e-08, 1.45519090111e-08, 2.15940776371e-09, 2.54265186683e-09, 8.025622944e-10, 9.36661789797e-11, 1.67613839475e-10, 1.19259130349e-10, 1.16743517631e-10, 7.70536690009e-11, 5.4604432087e-11, 7.43969330586e-11, 6.37511501922e-11, 1.07747741285e-10, 2.79803069603e-10, 3.47655709776e-10, 2.78076506266e-10, 2.89091833805e-10, 5.92822069212e-10, 4.16114531721e-10, 2.43897069208e-10, 7.5800234145e-11, 3.06181052734e-11],
        "max": [0.0166652351618, 0.025903493166, 0.00829590018839, 0.0196679476649, 0.0176843926311, 0.00966470409185, 0.00703285215423, 0.00930948089808, 0.0100078331307, 0.00773695623502, 0.0129442913458, 0.0109094968066, 0.0109948702157, 0.0138905774802, 0.00876186974347, 0.0024509713985, 0.00242007197812, 0.00276872492395, 0.0025510690175, 0.00202682777308, 0.0019855464343, 0.000931113318074, 0.000142765566125, 0.000279513158603, 0.00018147942319, 0.000305210094666, 0.000217971988604, 0.00010485554958, 0.000172739426489, 0.000136322400067, 0.000212528073462, 0.000397123978473, 0.000311446958221, 0.000285979069304, 0.000424909114372, 0.000591647811234, 0.000364154169802, 0.000362121209037, 0.000219835550524, 0.000123132034787],
        "mean": [0.000742592674214, 0.00113924604375, 0.00056995858904, 0.000605675799306, 0.000489128346089, 0.000215284773731, 0.000169151171576, 0.000158372640726, 0.000320278981235, 0.000184614691534, 0.000333283736836, 0.00028834620025, 0.000275337661151, 0.000593315111473, 0.000290191383101, 3.9789978473e-05, 3.75928393623e-05, 6.05396453466e-05, 4.80123380839e-05, 2.21858135774e-05, 1.69844643096e-05, 1.50841042341e-05, 7.55712881073e-06, 7.94934021542e-06, 7.44282306187e-06, 6.95091785019e-06, 6.18525882601e-06, 5.08057655679e-06, 4.64306867798e-06, 4.45245950687e-06, 4.20162768933e-06, 4.26465021519e-06, 4.68647385787e-06, 5.16856607646e-06, 4.99591806147e-06, 4.79068603454e-06, 4.11652854382e-06, 3.08790617964e-06, 2.06476101994e-06, 1.18250193282e-06],
        "median": [0.000245504372288, 0.000657350872643, 0.000367540778825, 0.000278561346931, 0.000143040932016, 9.45004285313e-05, 7.38574308343e-05, 5.75509147893e-05, 0.000118585900054, 7.37563095754e-05, 8.57112536323e-05, 7.94253501226e-05, 5.17588341609e-05, 5.79455154366e-05, 4.13253437728e-05, 1.22238134281e-05, 1.42841336128e-05, 1.78886893991e-05, 1.5051072296e-05, 1.09337115646e-05, 7.32201033316e-06, 7.82223014539e-06, 4.84883730678e-06, 4.84941119794e-06, 4.6450127229e-06, 3.86416104448e-06, 3.30720604325e-06, 2.9703223845e-06, 2.28492103815e-06, 2.18314858103e-06, 1.82534097348e-06, 1.4682134406e-06, 1.42932071867e-06, 1.64408788805e-06, 1.56801638695e-06, 1.42781391332e-06, 1.07206312805e-06, 9.31003569349e-07, 6.94559560088e-07, 3.63812802107e-07],
        "min": [7.59353168631e-24, 3.114013435e-24, 1.14802895982e-23, 2.25780889425e-23, 7.27167959242e-24, 2.99545257133e-24, 7.43507398514e-24, 6.93166082075e-24, 1.44958934242e-23, 6.9080352255e-24, 6.38358314077e-24, 1.89436584463e-23, 9.65750893645e-24, 1.70612138677e-23, 1.24205691988e-23, 1.00956241394e-23, 1.22665638286e-23, 1.57828537267e-23, 2.08478692751e-23, 1.92714901059e-23, 1.19982619795e-23, 9.10340830346e-24, 7.71242880194e-24, 9.70042375855e-24, 1.00274460468e-23, 1.26015725446e-23, 8.54238147172e-24, 1.61602558278e-23, 1.68177445711e-23, 7.84441154227e-24, 8.63951628156e-24, 1.095900479e-23, 1.27615472253e-23, 1.259778759e-23, 1.55721789557e-23, 8.8601496327e-24, 1.09894193222e-23, 1.32083604086e-23, 9.79514070972e-24, 8.60493340834e-24],
        "var": [2.90448656415e-06, 3.9398764784e-06, 5.35954825409e-07, 1.06183551907e-06, 1.41196949244e-06, 2.26469126119e-07, 1.0723784527e-07, 1.36129003181e-07, 4.22550158419e-07, 1.47355564195e-07, 6.63086098029e-07, 5.27088559465e-07, 5.69138478568e-07, 2.49348499892e-06, 7.13736710622e-07, 1.36173987642e-08, 9.07167141406e-09, 2.09382502447e-08, 1.636071012e-08, 2.71606226399e-09, 2.83031287296e-09, 1.17387655152e-09, 9.43266784126e-11, 1.27574603659e-10, 9.83496686868e-11, 1.26120017208e-10, 1.06361662533e-10, 4.99164147516e-11, 5.83348369609e-11, 5.53624542043e-11, 9.13053313512e-11, 2.16931111963e-10, 2.58780052942e-10, 2.49685744302e-10, 2.71702133015e-10, 3.858156572e-10, 3.36946720525e-10, 1.67904620763e-10, 7.42547134891e-11, 2.40423236875e-11]
    },
    "mfcc": {
        "mean": [-636.993774414, 106.389396667, -2.8892056942, 0.347526103258, -5.5342373848, 7.15919065475, 2.86658358574, 10.3166036606, 0.285579621792, 3.06028604507, -6.43966579437, -3.17569255829, -2.10632681847],
        "cov": [[5100.55566406, -194.079238892, 1098.11035156, 352.437438965, 221.997589111, 249.299850464, 205.125289917, -95.8017883301, -186.587097168, -104.875267029, -113.325698853, 112.996261597, 198.11958313], [-194.079238892, 797.229736328, 158.809402466, 251.438751221, 156.116912842, -34.7512321472, 74.3361968994, 37.0938491821, 6.3646478653, 38.4061393738, -2.09830665588, -13.3255281448, 0.543015480042], [1098.11035156, 158.809402466, 1306.12329102, 548.340087891, 379.97756958, 161.516830444, 19.2692317963, 21.7736492157, -16.2752685547, 22.4148330688, 24.7823257446, 57.8130760193, 33.4983863831], [352.437438965, 251.438751221, 548.340087891, 500.979553223, 267.747406006, 141.59197998, 42.1638298035, 43.2791366577, 26.7709846497, 30.9054031372, 29.9544334412, 53.4825325012, 53.0961647034], [221.997589111, 156.116912842, 379.97756958, 267.747406006, 299.342803955, 138.013916016, 77.5652542114, 55.2568054199, 23.8150157928, 37.2788848877, 24.1132736206, 48.7580795288, 43.4213409424], [249.299850464, -34.7512321472, 161.516830444, 141.59197998, 138.013916016, 327.809234619, 154.643356323, 82.7508926392, 40.3567237854, 37.3450965881, 32.0254364014, 51.3897094727, 79.3440093994], [205.125289917, 74.3361968994, 19.2692317963, 42.1638298035, 77.5652542114, 154.643356323, 194.821212769, 64.10962677, 18.8146076202, 25.3119087219, 12.4376449585, 35.2694396973, 59.134147644], [-95.8017883301, 37.0938491821, 21.7736492157, 43.2791366577, 55.2568054199, 82.7508926392, 64.10962677, 142.612930298, 70.8998718262, 42.0615577698, 17.7352161407, 15.1059083939, 17.2805213928], [-186.587097168, 6.3646478653, -16.2752685547, 26.7709846497, 23.8150157928, 40.3567237854, 18.8146076202, 70.8998718262, 129.03175354, 50.1464729309, 29.8617267609, 8.12109279633, -6.03249549866], [-104.875267029, 38.4061393738, 22.4148330688, 30.9054031372, 37.2788848877, 37.3450965881, 25.3119087219, 42.0615577698, 50.1464729309, 98.2061157227, 42.0392951965, 15.7698249817, -0.824576437473], [-113.325698853, -2.09830665588, 24.7823257446, 29.9544334412, 24.1132736206, 32.0254364014, 12.4376449585, 17.7352161407, 29.8617267609, 42.0392951965, 87.7110290527, 32.1833953857, 2.82459449768], [112.996261597, -13.3255281448, 57.8130760193, 53.4825325012, 48.7580795288, 51.3897094727, 35.2694396973, 15.1059083939, 8.12109279633, 15.7698249817, 32.1833953857, 85.4351272583, 51.0825157166], [198.11958313, 0.543015480042, 33.4983863831, 53.0961647034, 43.4213409424, 79.3440093994, 59.134147644, 17.2805213928, -6.03249549866, -0.824576437473, 2.82459449768, 51.0825157166, 105.756912231]],
