{
"lowlevel": {
    "average_loudness": 0.911922156811,
    "barkbands_crest": {
        "dmean": 2.95248198509,
        "dmean2": 4.80077457428,
        "dvar": 7.55646657944,
        "dvar2": 19.1075382233,
        "max": 26.021856308,
        "mean": 11.1713504791,
        "median": 10.1271839142,
        "min": 3.04188275337,
        "var": 20.7340774536
    },
    "barkbands_flatness_db": {
        "dmean": 0.0277138128877,
        "dmean2": 0.0412473343313,
        "dvar": 0.000802104128525,
        "dvar2": 0.00169924553484,
        "max": 0.478588074446,
        "mean": 0.17549598217,
        "median": 0.164985001087,
        "min": 0.0217109005898,
        "var": 0.00369098689407
    },
    "barkbands_kurtosis": {
        "dmean": 7.28547286987,
        "dmean2": 11.5644416809,
        "dvar": 354.170532227,
        "dvar2": 817.182556152,
        "max": 482.48046875,
        "mean": 10.4779996872,
        "median": 3.2963643074,
        "min": -1.97060513496,
        "var": 597.316772461
    },
    "barkbands_skewness": {
        "dmean": 0.813388824463,
        "dmean2": 1.24786424637,
        "dvar": 1.08237814903,
        "dvar2": 2.38387823105,
        "max": 17.8605690002,
        "mean": 1.85878098011,
        "median": 1.41736519337,
        "min": -6.68159866333,
        "var": 3.46557474136
    },
    "barkbands_spread": {
        "dmean": 5.54023981094,
        "dmean2": 8.58348083496,
        "dvar": 76.4620666504,
        "dvar2": 167.633514404,
        "max": 112.771598816,
        "mean": 14.7590389252,
        "median": 11.8703432083,
        "min": 0.277919441462,
        "var": 168.165756226
    },
    "dissonance": {
        "dmean": 0.0318362675607,
        "dmean2": 0.0531398132443,
        "dvar": 0.000938948243856,
        "dvar2": 0.00261212419719,
        "max": 0.500000059605,
        "mean": 0.433118671179,
        "median": 0.441357553005,
        "min": 0.179375991225,
        "var": 0.00224520592019
    },
    "dynamic_complexity": 3.57137203217,
    "erbbands_crest": {
        "dmean": 3.11714982986,
        "dmean2": 5.0877199173,
        "dvar": 7.91969680786,
        "dvar2": 20.6327400208,
        "max": 33.512878418,
        "mean": 11.5218000412,
        "median": 10.3807201385,
        "min": 2.8232922554,
        "var": 24.8013706207
    },
    "erbbands_flatness_db": {
        "dmean": 0.0238508116454,
        "dmean2": 0.0353466495872,
        "dvar": 0.000537982035894,
        "dvar2": 0.00109153811354,
        "max": 0.474344909191,
        "mean": 0.188725560904,
        "median": 0.188225626945,
        "min": 0.0436308309436,
        "var": 0.00234874361195
    },
    "erbbands_kurtosis": {
        "dmean": 2.19415044785,
        "dmean2": 3.5220246315,
        "dvar": 22.4769687653,
        "dvar2": 67.9675521851,
        "max": 208.599899292,
        "mean": 3.14558529854,
        "median": 1.71794462204,
        "min": -1.93956446648,
        "var": 35.377117157
    },
    "erbbands_skewness": {
        "dmean": 0.507224202156,
        "dmean2": 0.782603919506,
        "dvar": 0.27744910121,
        "dvar2": 0.652927160263,
        "max": 7.50584697723,
        "mean": 1.00057804585,
        "median": 0.914217889309,
        "min": -8.85981273651,
        "var": 1.10450077057
    },
    "erbbands_spread": {
        "dmean": 9.89018917084,
        "dmean2": 15.2426347733,
        "dvar": 239.099014282,
        "dvar2": 516.79119873,
        "max": 209.590667725,
        "mean": 29.4417495728,
        "median": 22.9886398315,
        "min": 0.416466534138,
        "var": 549.159667969
    },
    "hfc": {
        "dmean": 6.51147413254,
        "dmean2": 9.28675746918,
        "dvar": 71.8852081299,
        "dvar2": 141.105407715,
        "max": 177.510299683,
        "mean": 20.0820865631,
        "median": 16.1187095642,
        "min": 1.08426311915e-16,
        "var": 320.251098633
    },
    "melbands_crest": {
        "dmean": 3.69567108154,
        "dmean2": 6.02286863327,
        "dvar": 11.7975244522,
        "dvar2": 30.630563736,
        "max": 33.2156715393,
        "mean": 14.5193099976,
        "median": 13.4199466705,
        "min": 2.51739311218,
        "var": 30.4515666962
    },
    "melbands_flatness_db": {
        "dmean": 0.032269783318,
        "dmean2": 0.0468849167228,
        "dvar": 0.00113790784962,
        "dvar2": 0.00235576787964,
        "max": 0.60238802433,
        "mean": 0.245948463678,
        "median": 0.232642009854,
        "min": 0.00611294293776,
        "var": 0.00632619345561
    },
    "melbands_kurtosis": {
        "dmean": 13.5361223221,
        "dmean2": 21.2996082306,
        "dvar": 1074.59411621,
        "dvar2": 2420.27319336,
        "max": 658.772094727,
        "mean": 20.732667923,
        "median": 6.64887571335,
        "min": -1.9223549366,
        "var": 1926.60095215
    },
    "melbands_skewness": {
        "dmean": 0.988105475903,
        "dmean2": 1.52470326424,
        "dvar": 1.60117328167,
        "dvar2": 3.55911064148,
        "max": 19.7831344604,
        "mean": 2.45735502243,
        "median": 1.86140775681,
        "min": -4.32066917419,
        "var": 5.22336435318
    },
    "melbands_spread": {
        "dmean": 5.93706130981,
        "dmean2": 9.22818183899,
        "dvar": 118.606620789,
        "dvar2": 267.095977783,
        "max": 272.253387451,
        "mean": 16.7900733948,
        "median": 14.1339759827,
        "min": 0.355830341578,
        "var": 267.537750244
    },
    "pitch_salience": {
        "dmean": 0.0819610878825,
        "dmean2": 0.132901251316,
        "dvar": 0.0065817902796,
        "dvar2": 0.0161862708628,
        "max": 0.859949290752,
        "mean": 0.512979626656,
        "median": 0.516014933586,
        "min": 0.061020873487,
        "var": 0.0173272714019
    },
    "silence_rate_20dB": {
        "dmean": 0,
        "dmean2": 0,
        "dvar": 0,
        "dvar2": 0,
        "max": 1,
        "mean": 1,
        "median": 1,
        "min": 1,
        "var": 0
    },
    "silence_rate_30dB": {
        "dmean": 0.00408212281764,
        "dmean2": 0.00816522538662,
        "dvar": 0.00406567100435,
        "dvar2": 0.0109810633585,
        "max": 1,
        "mean": 0.997238874435,
        "median": 1,
        "min": 0,
        "var": 0.00275348662399
    },
    "silence_rate_60dB": {
        "dmean": 0.0403409786522,
        "dmean2": 0.0806916430593,
        "dvar": 0.0387095287442,
        "dvar2": 0.0873975455761,
        "max": 1,
        "mean": 0.0825930386782,
        "median": 0,
        "min": 0,
        "var": 0.0757815018296
    },
    "spectral_centroid": {
        "dmean": 187.070922852,
        "dmean2": 276.048980713,
        "dvar": 77680.5,
        "dvar2": 153468.890625,
        "max": 10993.5029297,
        "mean": 916.369140625,
        "median": 860.468261719,
        "min": 118.739257812,
        "var": 280217.90625
    },
    "spectral_complexity": {
        "dmean": 2.24588775635,
        "dmean2": 3.34750247002,
        "dvar": 5.63926362991,
        "dvar2": 11.3846540451,
        "max": 49,
        "mean": 12.6038417816,
        "median": 12,
        "min": 0,
        "var": 48.3260879517
    },
    "spectral_decrease": {
        "dmean": 2.83641377052e-09,
        "dmean2": 4.17251788676e-09,
        "dvar": 1.44633803963e-17,
        "dvar2": 3.06275731722e-17,
        "max": -2.94868240244e-29,
        "mean": -7.65505792089e-09,
        "median": -6.98652824482e-09,
        "min": -4.76401531557e-08,
        "var": 3.38914194198e-17
    },
    "spectral_energy": {
        "dmean": 0.0110959280282,
        "dmean2": 0.016259605065,
        "dvar": 0.000213249018998,
        "dvar2": 0.000450228486443,
        "max": 0.181272655725,
        "mean": 0.0307134147733,
        "median": 0.028044519946,
        "min": 9.94588397602e-21,
        "var": 0.00052679690998
    },
    "spectral_energyband_high": {
        "dmean": 0.000309648487018,
        "dmean2": 0.000454631779576,
        "dvar": 5.82021925766e-07,
        "dvar2": 1.10988571578e-06,
        "max": 0.0225800015032,
        "mean": 0.000471957027912,
        "median": 0.000156122638145,
        "min": 7.20636841599e-21,
        "var": 1.21315326851e-06
    },
    "spectral_energyband_low": {
        "dmean": 0.00665578199551,
        "dmean2": 0.0102302385494,
        "dvar": 0.000189592043171,
        "dvar2": 0.000417421775637,
        "max": 0.179038614035,
        "mean": 0.00972293317318,
        "median": 0.00528663489968,
        "min": 1.31925386987e-22,
        "var": 0.000245674804319
    },
    "spectral_energyband_middle_high": {
        "dmean": 0.00230151391588,
        "dmean2": 0.00332502811216,
        "dvar": 1.67189791682e-05,
        "dvar2": 3.97639742005e-05,
        "max": 0.0986634045839,
        "mean": 0.00654938723892,
        "median": 0.00261625694111,
        "min": 1.42333064937e-21,
        "var": 8.78363644006e-05
    },
    "spectral_energyband_middle_low": {
        "dmean": 0.00588496541604,
        "dmean2": 0.00915951561183,
        "dvar": 5.7727604144e-05,
        "dvar2": 0.00013553161989,
        "max": 0.0990223437548,
        "mean": 0.0153817003593,
        "median": 0.0121120549738,
        "min": 3.20942821253e-22,
        "var": 0.000189072132343
    },
    "spectral_entropy": {
        "dmean": 0.234223484993,
        "dmean2": 0.341419011354,
        "dvar": 0.0646799355745,
        "dvar2": 0.12655043602,
        "max": 9.80074977875,
        "mean": 7.14720535278,
        "median": 7.17260742188,
        "min": 4.77787160873,
        "var": 0.280538976192
    },
    "spectral_flux": {
        "dmean": 0.0312995836139,
        "dmean2": 0.0487321540713,
        "dvar": 0.00112200307194,
        "dvar2": 0.00242744688876,
        "max": 0.375428199768,
        "mean": 0.0943372622132,
        "median": 0.0860602706671,
        "min": 9.9729051406e-11,
        "var": 0.00282776681706
    },
    "spectral_kurtosis": {
        "dmean": 2.41014528275,
        "dmean2": 3.80131292343,
        "dvar": 7.42931556702,
        "dvar2": 17.9440231323,
        "max": 59.4008140564,
        "mean": 6.56603765488,
        "median": 5.98297452927,
        "min": -1.53120195866,
        "var": 21.0861206055
    },
    "spectral_rms": {
        "dmean": 0.000991537119262,
        "dmean2": 0.00141548272222,
        "dvar": 1.27692601382e-06,
        "dvar2": 2.43585486714e-06,
        "max": 0.0132985478267,
        "mean": 0.00501501979306,
        "median": 0.00523072760552,
        "min": 3.11501237131e-12,
        "var": 4.81392362417e-06
    },
    "spectral_rolloff": {
        "dmean": 408.18963623,
        "dmean2": 704.681213379,
        "dvar": 1336965.625,
        "dvar2": 3127129.5,
        "max": 18540.0878906,
        "mean": 1117.20385742,
        "median": 818.26171875,
        "min": 64.599609375,
        "var": 1908517.375
    },
    "spectral_skewness": {
        "dmean": 0.310920536518,
        "dmean2": 0.470248878002,
        "dvar": 0.102311573923,
        "dvar2": 0.213875263929,
        "max": 6.46206235886,
        "mean": 2.06400227547,
        "median": 2.03478837013,
        "min": -0.420616745949,
        "var": 0.389491140842
    },
    "spectral_spread": {
        "dmean": 1033392.0625,
        "dmean2": 1480216.875,
        "dvar": 2.16918222438e+12,
        "dvar2": 3.91507922125e+12,
        "max": 40210576,
        "mean": 4872788,
        "median": 4009877.25,
        "min": 1016938.6875,
        "var": 6.0127838208e+12
    },
    "spectral_strongpeak": {
        "dmean": 0.639435350895,
        "dmean2": 1.06065189838,
        "dvar": 0.787135183811,
        "dvar2": 1.95110607147,
        "max": 12.0007419586,
        "mean": 1.35791599751,
        "median": 0.710846841335,
        "min": 0,
        "var": 2.34831500053
    },
    "zerocrossingrate": {
        "dmean": 0.010875322856,
        "dmean2": 0.012772705406,
        "dvar": 0.000256685307249,
        "dvar2": 0.000300463900203,
        "max": 0.50537109375,
        "mean": 0.0478512123227,
        "median": 0.0419921875,
        "min": 0.0029296875,
        "var": 0.00121657701675
    },
    "barkbands": {
        "dmean": [7.61250630603e-05, 0.00356405321509, 0.00347721483558, 0.00102149625309, 0.00200876104645, 0.00164986483287, 0.00109568156768, 0.00149203720503, 0.0015372633934, 0.00111158634536, 0.000579706800636, 0.000555955106393, 0.000415314774727, 0.000421888136771, 0.000244569615461, 0.000192550884094, 0.000118583877338, 9.95611262624e-05, 8.08901313576e-05, 4.00822027586e-05, 2.03303770832e-05, 3.2557069062e-05, 4.40270014224e-05, 0.000106156905531, 0.00011216862913, 1.80196711881e-05, 1.3404683159e-06],
        "dmean2": [0.000122240759083, 0.00567557197064, 0.00571154849604, 0.00169810547959, 0.00334048992954, 0.00265263090841, 0.00174908991903, 0.002329363022, 0.00231655663811, 0.00173580960836, 0.000876710866578, 0.000833195634186, 0.000642464205157, 0.000664062856231, 0.000385705701774, 0.000288801034912, 0.000180566610652, 0.000149750921992, 0.000118342875794, 5.80155647185e-05, 3.07016634906e-05, 5.06870346726e-05, 6.48045024718e-05, 0.000161613250384, 0.000169593520695, 2.73360492429e-05, 2.00810995921e-06],
        "dvar": [4.83386983774e-08, 8.34944439703e-05, 6.54136456433e-05, 4.10591292166e-06, 1.50033811224e-05, 1.18606640171e-05, 9.66180323303e-06, 1.23126301332e-05, 1.10230666905e-05, 8.31280431157e-06, 3.1751339975e-06, 3.2632347029e-06, 2.72177544502e-06, 1.15584339255e-06, 4.80684775539e-07, 3.24416078001e-07, 8.4570572767e-08, 5.0228351256e-08, 2.55601140253e-08, 8.00059307693e-09, 3.19728132858e-09, 1.03771959914e-08, 2.97417876993e-08, 9.80216157132e-08, 8.76301911035e-08, 2.33551222806e-09, 1.95580652368e-11],
        "dvar2": [1.34410626629e-07, 0.000190424369066, 0.000166572877788, 1.06172528831e-05, 3.83626538678e-05, 2.88822648145e-05, 2.43120139203e-05, 2.78709085251e-05, 2.38984302996e-05, 2.06916356547e-05, 7.86824784882e-06, 7.22100412531e-06, 7.28965596863e-06, 2.81366692434e-06, 1.10876430881e-06, 7.40695668355e-07, 1.8871020302e-07, 1.04927565303e-07, 5.19576701663e-08, 1.64979496731e-08, 7.00645941265e-09, 2.43947670953e-08, 5.72230156592e-08, 1.95351589127e-07, 1.84837972483e-07, 4.83101914028e-09, 3.88073323476e-11],
        "max": [0.00664163287729, 0.14713960886, 0.102064676583, 0.0356285125017, 0.0715483278036, 0.0608115792274, 0.0700212568045, 0.0813276767731, 0.0834679752588, 0.0921172201633, 0.0640311390162, 0.057790607214, 0.0539399757981, 0.0237784218043, 0.0163518935442, 0.0107366340235, 0.00652698567137, 0.00818125065416, 0.0042477408424, 0.00191378057934, 0.00152463046834, 0.00591222895309, 0.00833507999778, 0.0100168846548, 0.00527569931, 0.00115193042438, 0.000146139354911],
        "mean": [7.72867861087e-05, 0.0038194572553, 0.00482227560133, 0.00143797451165, 0.00300564011559, 0.00290544889867, 0.00169323873706, 0.00241899630055, 0.00317452312447, 0.00227475957945, 0.00102154701017, 0.000947007909417, 0.000658956123516, 0.000665864499751, 0.000379219738534, 0.000317938800436, 0.000226099655265, 0.000183630880201, 0.000169452774571, 7.64591386542e-05, 3.61065758625e-05, 5.49438664166e-05, 6.96723436704e-05, 0.000136236674734, 0.000118904477858, 2.01237999136e-05, 1.68442875292e-06],
        "median": [8.6473310148e-06, 0.000770347134676, 0.00172151369043, 0.000363453233149, 0.00128536589909, 0.000903541455045, 0.000327140500303, 0.000516898173373, 0.000678202428389, 0.000339417194482, 0.000127509236336, 0.000123937323224, 8.93000105862e-05, 9.51561814873e-05, 6.27987028565e-05, 3.92598449253e-05, 4.08681371482e-05, 5.4042575357e-05, 5.86480091442e-05, 2.26421616389e-05, 1.02900394268e-05, 1.7025606212e-05, 2.02879946301e-05, 3.08338130708e-05, 1.22479814308e-05, 2.74233707387e-06, 3.1058453942e-07],
        "min": [5.80807361167e-23, 9.01930295141e-23, 2.38752760379e-23, 1.31097985494e-23, 4.69866601959e-23, 7.99844941356e-23, 1.63024732496e-23, 5.07020846189e-23, 7.52285400905e-23, 7.07057859507e-23, 2.62708446586e-23, 1.40000419649e-22, 6.22051533647e-23, 6.91309608375e-23, 1.09924914622e-22, 2.45082094344e-22, 8.41112022357e-23, 1.80727541137e-22, 2.6959464062e-22, 3.57758265502e-22, 4.59326467321e-22, 5.45645318888e-22, 6.41608064441e-22, 6.73116103007e-22, 9.58444340879e-22, 1.53660451204e-21, 2.38292700485e-21],
        "var": [5.67514639727e-08, 9.32960319915e-05, 6.70063454891e-05, 6.57222335576e-06, 2.5311303034e-05, 2.67692339548e-05, 1.63963231898e-05, 2.61191889876e-05, 4.25659127359e-05, 3.57970056939e-05, 8.00087127573e-06, 7.58723581384e-06, 4.07991637985e-06, 2.34908202401e-06, 8.76184742538e-07, 7.18200624306e-07, 2.53407620221e-07, 1.1841204639e-07, 8.24251387144e-08, 2.11261923511e-08, 7.03311009431e-09, 1.5685714061e-08, 6.23403693112e-08, 1.87064841839e-07, 1.28670507138e-07, 3.90461663002e-09, 3.9894879067e-11]
    },
    "erbbands": {
        "dmean": [0.0615959614515, 0.950901925564, 3.72564768791, 3.76367211342, 3.84302568436, 7.62132549286, 11.8041725159, 14.4613218307, 15.1532287598, 19.5086860657, 33.9430465698, 33.4086418152, 36.6506690979, 26.5421295166, 20.4667739868, 20.8396644592, 16.8794326782, 19.2604846954, 14.6745204926, 11.6660699844, 8.14960384369, 6.26417207718, 5.33951616287, 4.41048431396, 3.16490268707, 1.79976654053, 0.980846762657, 0.74957293272, 1.12327623367, 1.18989980221, 1.3366547823, 1.54739451408, 2.21636223793, 1.52130973339, 0.666192293167, 0.143420994282, 0.0241345036775, 0.00290865288116, 0.000267261930276, 1.91170329344e-05],
        "dmean2": [0.0979471579194, 1.52345228195, 6.03424882889, 6.03740262985, 6.53690910339, 12.7610502243, 19.1472206116, 22.8625011444, 24.083398819, 30.8382091522, 52.9327964783, 50.1540679932, 56.1505432129, 39.8852424622, 30.7174243927, 30.8972816467, 25.7805995941, 30.013792038, 22.8906803131, 17.7236232758, 11.8107414246, 9.27878952026, 7.74206590652, 6.42255401611, 4.55278301239, 2.57581281662, 1.46220493317, 1.13024544716, 1.75386071205, 1.84623420238, 1.96596741676, 2.3067843914, 3.42557501793, 2.31294488907, 1.01831018925, 0.219664886594, 0.0362024381757, 0.0043837139383, 0.000386129482649, 2.71348071692e-05],
        "dvar": [0.0277698598802, 5.99499797821, 80.3414001465, 47.783870697, 68.4741210938, 262.690155029, 600.708557129, 1113.84985352, 1445.72412109, 2714.51635742, 5999.35205078, 5736.60400391, 8528.32324219, 5225.94384766, 3715.57958984, 5422.63867188, 4290.27490234, 2686.7734375, 1478.77624512, 1086.94702148, 541.788879395, 215.353439331, 165.520401001, 79.1336212158, 40.7231674194, 18.5144386292, 6.43166875839, 4.96595668793, 9.89452266693, 20.2132644653, 26.1288585663, 30.2811985016, 41.2143096924, 16.9014110565, 3.19567060471, 0.144065335393, 0.00456647202373, 7.11542015779e-05, 8.37823392885e-07, 1.12488895976e-09],
        "dvar2": [0.0631178915501, 13.704164505, 198.923721313, 118.368644714, 180.185043335, 682.672729492, 1482.30444336, 2790.96704102, 3558.65161133, 6462.56103516, 13832.7773438, 12546.6367188, 20881.5996094, 11634.7802734, 9988.67285156, 12261.0634766, 11812.5644531, 6585.56738281, 3615.76831055, 2349.69897461, 1208.5078125, 465.547241211, 342.310943604, 162.519302368, 80.047203064, 38.7976799011, 13.660525322, 11.0080928802, 23.2476730347, 47.0246887207, 47.53282547, 50.8500823975, 88.8712615967, 35.5477867126, 6.99493265152, 0.313002109528, 0.00951325427741, 0.000143212033436, 1.55868087859e-06, 2.17351936449e-09],
        "max": [3.98571419716, 39.9244003296, 102.144485474, 132.217971802, 140.547683716, 353.69229126, 445.951263428, 610.87689209, 799.320068359, 1054.29614258, 2055.81469727, 2443.57470703, 2299.26074219, 3094.69921875, 2213.69311523, 2726.87475586, 2786.37695312, 1370.07421875, 904.23059082, 733.939453125, 636.722473145, 321.639373779, 585.045532227, 214.004989624, 176.085845947, 136.417495728, 75.3641357422, 64.5715026855, 139.869735718, 289.202606201, 259.401184082, 287.993804932, 141.086013794, 72.0736923218, 34.9354095459, 7.57578039169, 2.29690885544, 0.335447102785, 0.0340914651752, 0.000977753894404],
        "mean": [0.0684249699116, 1.04362654686, 4.9106297493, 5.98750209808, 4.85355806351, 11.2071552277, 19.7060070038, 24.9999961853, 25.1597042084, 33.1760406494, 59.5059356689, 67.7404708862, 77.711807251, 57.3908729553, 38.5183525085, 37.8014907837, 30.2886352539, 32.3098564148, 25.6138343811, 20.3177947998, 15.1078519821, 12.9370298386, 11.0244493484, 9.36718559265, 6.87295341492, 3.69814348221, 1.86236524582, 1.38344192505, 1.89809715748, 1.9075075388, 2.09561061859, 2.24261379242, 2.60240221024, 1.63621985912, 0.681488394737, 0.152053788304, 0.0277321413159, 0.00364001095295, 0.00036112399539, 4.73192631034e-05],
        "median": [0.0102648474276, 0.265722066164, 2.05215072632, 2.0835185051, 2.17791366577, 4.24921274185, 6.34868955612, 7.22928714752, 6.60076570511, 8.8649559021, 15.7716178894, 17.308429718, 15.9636077881, 9.43161201477, 7.30279874802, 5.72820186615, 5.17880868912, 5.9033536911, 5.27314853668, 3.72936201096, 2.5325114727, 2.5545463562, 3.24783420563, 3.41625452042, 2.51991605759, 1.15862190723, 0.516084432602, 0.422579407692, 0.570536136627, 0.611238479614, 0.597603321075, 0.622266411781, 0.463239580393, 0.185168907046, 0.062023524195, 0.0166731197387, 0.0042440854013, 0.000755212502554, 8.10002384242e-05, 3.98201664211e-05],
        "min": [2.31483081495e-21, 2.12310864549e-20, 3.43463452596e-20, 2.52137106883e-20, 1.20680145451e-19, 1.33324040553e-19, 5.78261855407e-19, 4.70209888628e-19, 3.47326082326e-19, 5.75208938561e-19, 9.6612100267e-19, 1.93402313199e-18, 2.71443391874e-18, 1.38871403254e-18, 2.47655021625e-18, 5.07547353233e-18, 2.98584924851e-18, 4.12915575051e-18, 3.81684171612e-18, 8.9106848619e-18, 1.30391755592e-17, 5.36741741695e-18, 9.37365288766e-18, 1.38217124069e-17, 1.26067404242e-17, 2.00420684271e-17, 1.49723959124e-17, 2.00481084999e-17, 1.61460427789e-17, 2.14324647382e-17, 1.779743608e-17, 1.44770255677e-17, 1.05394117598e-17, 7.58072319352e-18, 8.98906353366e-18, 5.01555877261e-18, 2.89995853601e-18, 1.65155005179e-18, 3.10388125278e-19, 3.09686307764e-20],
        "var": [0.0375308841467, 6.42980766296, 78.5787734985, 85.9511184692, 71.7026367188, 405.102874756, 1413.37475586, 2198.25219727, 2786.71875, 5476.03955078, 13213.5527344, 19156.6308594, 36256.9804688, 25570.8066406, 9062.29101562, 12561.0371094, 6711.56445312, 5213.46875, 2951.04492188, 2533.05908203, 1338.90539551, 731.090515137, 428.121246338, 253.587722778, 127.955474854, 49.9102592468, 17.0122127533, 9.92222976685, 16.0566215515, 32.9301376343, 57.5410728455, 70.7632141113, 65.3523025513, 24.8897075653, 4.39494180679, 0.211951300502, 0.00790090393275, 0.000137255119625, 1.84368093414e-06, 2.78344503002e-09]
    },
    "gfcc": {
        "mean": [-28.2545166016, 102.199325562, -107.259185791, 14.4158430099, -62.776386261, 18.7681732178, -40.8460159302, 15.3109102249, -21.7302322388, -6.14905643463, -12.0771989822, -8.19972801208, -12.4581727982],
        "cov": [[6335.37939453, -676.292419434, -195.493850708, -205.370147705, -471.289398193, -178.433395386, -407.439941406, 61.6176071167, -57.5055427551, 112.272254944, 59.910610199, 64.7874221802, -192.572036743], [-676.292419434, 1077.55700684, 137.670883179, 36.0020561218, 216.342849731, -96.958656311, 123.206596375, -95.4552459717, 18.081489563, -145.182510376, 106.617599487, -75.5228500366, 10.0376386642], [-195.493850708, 137.670883179, 1817.46533203, 434.371337891, 81.7169723511, 35.9243240356, -344.742980957, -54.6059265137, -134.27104187, 34.385181427, 3.25553560257, 67.7039108276, 32.4758377075], [-205.370147705, 36.0020561218, 434.371337891, 546.149719238, 190.483612061, -11.6590747833, -93.6312179565, -5.11031484604, 56.9047660828, 4.74445533752, -18.1146259308, 22.091085434, 60.5654144287], [-471.289398193, 216.342849731, 81.7169723511, 190.483612061, 387.905700684, 128.479446411, 113.816940308, 57.261592865, 32.8516654968, 0.42670288682, -11.9407625198, -39.6536750793, 36.2101211548], [-178.433395386, -96.958656311, 35.9243240356, -11.6590747833, 128.479446411, 381.691009521, 213.244415283, 48.3328361511, -40.782535553, 53.5478401184, -9.08653926849, -22.3641529083, -6.1087179184], [-407.439941406, 123.206596375, -344.742980957, -93.6312179565, 113.816940308, 213.244415283, 405.627655029, 65.2878494263, 7.01376771927, 2.4949221611, 10.6672000885, -51.3340873718, -11.736697197], [61.6176071167, -95.4552459717, -54.6059265137, -5.11031484604, 57.261592865, 48.3328361511, 65.2878494263, 216.645431519, 56.7274208069, 29.1290454865, -18.3586597443, -1.78436326981, 16.8979816437], [-57.5055427551, 18.081489563, -134.27104187, 56.9047660828, 32.8516654968, -40.782535553, 7.01376771927, 56.7274208069, 201.892410278, 21.0449810028, -27.9591903687, 8.68535804749, 26.0037555695], [112.272254944, -145.182510376, 34.385181427, 4.74445533752, 0.42670288682, 53.5478401184, 2.4949221611, 29.1290454865, 21.0449810028, 149.024719238, 22.4644412994, 13.6672649384, 3.03612947464], [59.910610199, 106.617599487, 3.25553560257, -18.1146259308, -11.9407625198, -9.08653926849, 10.6672000885, -18.3586597443, -27.9591903687, 22.4644412994, 164.489257812, 47.1963806152, -12.202671051], [64.7874221802, -75.5228500366, 67.7039108276, 22.091085434, -39.6536750793, -22.3641529083, -51.3340873718, -1.78436326981, 8.68535804749, 13.6672649384, 47.1963806152, 131.661697388, 28.568069458], [-192.572036743, 10.0376386642, 32.4758377075, 60.5654144287, 36.2101211548, -6.1087179184, -11.736697197, 16.8979816437, 26.0037555695, 3.03612947464, -12.202671051, 28.568069458, 122.748710632]],
        "icov": [[0.000203790608793, 1.79916223715e-05, 7.55206856411e-05, -4.26711376349e-05, 0.00017493404448, -7.77767272666e-05, 0.000283524132101, -0.000182811825653, 7.86357195466e-05, -9.9325334304e-05, -7.13002882549e-05, -7.77554032538e-06, 0.000296635960694], [1.79916223715e-05, 0.00236007780768, -0.000735566485673, 0.000801690039225, -0.00154524727259, 0.00147885922343, -0.00143548520282, 0.00128752016462, -0.00120190158486, 0.00204188213684, -0.00221242872067, 0.00161008909345, -0.000541337125469], [7.55206856411e-05, -0.000735566485673, 0.00122010521591, -0.000947389111388, 0.000518912973348, -0.00101597455796, 0.00149361870717, -0.000593631528318, 0.00114835391287, -0.000776909699198, 0.00065978668863, -0.000675551651511, 0.000342931249179], [-4.26711376349e-05, 0.000801690039225, -0.000947389111388, 0.00346324685961, -0.00213410775177, 0.000837181170937, -0.000252030382399, 0.0009756362997, -0.00148974626791, 0.000734509259928, -0.000570098171011, 0.000220514688408, -0.000888412003405], [0.00017493404448, -0.00154524727259, 0.000518912973348, -0.00213410775177, 0.00543553149328, -0.0020765166264, 0.00044386080117, -0.00168373843189, 0.000506182725076, -0.000863562047016, 0.000844443391543, 0.00035019882489, -0.000199485919438], [-7.77767272666e-05, 0.00147885922343, -0.00101597455796, 0.000837181170937, -0.0020765166264, 0.00595476711169, -0.00382860819809, 0.000768127269112, 0.000416137598222, -0.000559258856811, -0.000260775093921, 0.00032363444916, -0.00012570808758], [0.000283524132101, -0.00143548520282, 0.00149361870717, -0.000252030382399, 0.00044386080117, -0.00382860819809, 0.00659062713385, -0.00173980323598, 0.000665856699925, -0.000489681900945, 0.000160535142641, 0.00013946663239, 0.000694128335454], [-0.000182811825653, 0.00128752016462, -0.000593631528318, 0.0009756362997, -0.00168373843189, 0.000768127269112, -0.00173980323598, 0.00646177725866, -0.00217162957415, 0.000352177507011, -0.00052791100461, 0.00050610397011, -0.000956329400651], [7.86357195466e-05, -0.00120190158486, 0.00114835391287, -0.00148974626791, 0.000506182725076, 0.000416137598222, 0.000665856699925, -0.00217162957415, 0.00752572249621, -0.00245840544812, 0.00245069642551, -0.00173530052416, 9.0511758799e-07], [-9.9325334304e-05, 0.00204188213684, -0.000776909699198, 0.000734509259928, -0.000863562047016, -0.000559258856811, -0.000489681900945, 0.000352177507011, -0.00245840544812, 0.00981949456036, -0.00346087105572, 0.00150446326006, -0.00076432566857], [-7.13002882549e-05, -0.00221242872067, 0.00065978668863, -0.000570098171011, 0.000844443391543, -0.000260775093921, 0.000160535142641, -0.00052791100461, 0.00245069642551, -0.00346087105572, 0.00986751820892, -0.00491930311546, 0.00169401394669], [-7.77554032538e-06, 0.00161008909345, -0.000675551651511, 0.000220514688408, 0.00035019882489, 0.00032363444916, 0.00013946663239, 0.00050610397011, -0.00173530052416, 0.00150446326006, -0.00491930311546, 0.0114354863763, -0.00303755630739], [0.000296635960694, -0.000541337125469, 0.000342931249179, -0.000888412003405, -0.000199485919438, -0.00012570808758, 0.000694128335454, -0.000956329400651, 9.0511758799e-07, -0.00076432566857, 0.00169401394669, -0.00303755630739, 0.0101486649364]]
    },
    "melbands": {
        "dmean": [0.000768204394262, 0.0016829315573, 0.000622749794275, 0.000395864772145, 0.00039709979319, 0.000318988983054, 0.000225784664508, 0.000234661682043, 0.000287184258923, 0.000211485792533, 0.000187860001461, 0.000114854585263, 7.33531633159e-05, 5.59385080123e-05, 5.74846671952e-05, 3.3654490835e-05, 3.95711249439e-05, 2.79262967524e-05, 1.8806056687e-05, 1.5226342839e-05, 9.34140552999e-06, 7.30136480342e-06, 5.65079835724e-06, 4.96721759191e-06, 3.88932039641e-06, 2.78366110251e-06, 1.91242497749e-06, 1.18377317904e-06, 7.26554674202e-07, 4.90483785143e-07, 4.56925050685e-07, 6.26686073701e-07, 7.47678654989e-07, 6.72168255278e-07, 7.70281758378e-07, 8.56772317093e-07, 1.02657452317e-06, 1.5269654341e-06, 1.66414372416e-06, 1.1946452787e-06],
        "dmean2": [0.00121152156498, 0.00265317107551, 0.00100245082285, 0.000671760586556, 0.000639629841316, 0.000504097959492, 0.000360495527275, 0.000369782181224, 0.000444996141596, 0.000318069243804, 0.000289254152449, 0.000173928856384, 0.000110767126898, 8.38104824652e-05, 8.66634727572e-05, 5.16888503626e-05, 6.20943901595e-05, 4.38367751485e-05, 2.96444086416e-05, 2.29599081649e-05, 1.38247823998e-05, 1.09823458843e-05, 8.41198379931e-06, 7.34872901376e-06, 5.78051276534e-06, 4.08001551477e-06, 2.79769847111e-06, 1.74191359292e-06, 1.10295604827e-06, 7.44552494325e-07, 7.00573139056e-07, 9.81698462965e-07, 1.18168975405e-06, 1.04624200503e-06, 1.16928708849e-06, 1.26467602968e-06, 1.55706402438e-06, 2.37503604694e-06, 2.56219550465e-06, 1.84085968158e-06],
        "dvar": [3.87123373002e-06, 1.52146531036e-05, 1.19614844607e-06, 6.76022580137e-07, 6.18090950866e-07, 4.83035080379e-07, 3.4056861864e-07, 3.54871247055e-07, 3.98024639026e-07, 2.30542156032e-07, 2.28010449632e-07, 9.65443049949e-08, 5.38604219003e-08, 3.00831217714e-08, 4.34915854441e-08, 1.76607848346e-08, 1.0751486812e-08, 6.10268191537e-09, 3.44749162551e-09, 2.16864037839e-09, 8.75571670722e-10, 3.28966409668e-10, 1.90747598272e-10, 1.52168042056e-10, 6.7202882148e-11, 3.17602610878e-11, 1.91488838674e-11, 1.01656721235e-11, 3.51855523884e-12, 2.30201318077e-12, 1.81533585907e-12, 3.11294349672e-12, 5.67965076012e-12, 6.89017029196e-12, 8.84682604951e-12, 1.33297288138e-11, 1.29701163004e-11, 2.01461746591e-11, 2.34630804369e-11, 1.07391361429e-11],
        "dvar2": [8.67806647875e-06, 3.54810144927e-05, 2.93883749691e-06, 1.78133996087e-06, 1.52035693191e-06, 1.19288574751e-06, 8.50812966746e-07, 8.24631797514e-07, 9.23863524349e-07, 4.99333282278e-07, 5.5712791891e-07, 2.21243595888e-07, 1.42673414416e-07, 7.41587911079e-08, 1.02326588092e-07, 5.02380750333e-08, 2.62678305774e-08, 1.49842609432e-08, 7.89761056552e-09, 4.87171281094e-09, 2.00042493681e-09, 7.21224857614e-10, 3.95919658169e-10, 3.22323862045e-10, 1.42564904326e-10, 6.52031692527e-11, 3.86995505086e-11, 2.15989205687e-11, 7.82726487791e-12, 5.11639819054e-12, 4.11328176381e-12, 7.23417723295e-12, 1.37100634665e-11, 1.61473872468e-11, 1.78611257728e-11, 2.37264739106e-11, 2.41604253964e-11, 4.42408679135e-11, 5.10650480234e-11, 2.31401911521e-11],
        "max": [0.0329779908061, 0.0434397533536, 0.0183575991541, 0.0116469589993, 0.0140960523859, 0.0122302211821, 0.0134540041909, 0.0129954330623, 0.014033104293, 0.0134898014367, 0.0127111384645, 0.0124797308818, 0.0100352223963, 0.00458942493424, 0.00585701549426, 0.00509560387582, 0.00254774815403, 0.0018189821858, 0.00182759889867, 0.00102321896702, 0.00101734080818, 0.000394612521632, 0.000371575413737, 0.000424088008003, 0.000200357215363, 0.000139965181006, 0.000124228230561, 0.000104747930891, 4.7576479119e-05, 4.67876307084e-05, 3.19435966958e-05, 6.91872191965e-05, 0.000135706883157, 0.000156883630552, 0.000143384590046, 0.000210462851101, 0.000174784916453, 9.64443097473e-05, 0.000102865313238, 5.77323553443e-05],
        "mean": [0.000840169435833, 0.0022340354044, 0.000994326779619, 0.000537968997378, 0.000684993807226, 0.000564462563489, 0.00037013652036, 0.000397551717469, 0.000516524014529, 0.000426217942731, 0.000389794324292, 0.000240982422838, 0.000134025918669, 9.57451411523e-05, 0.000102073718153, 5.46138544451e-05, 6.2650309701e-05, 4.54181135865e-05, 2.92072618322e-05, 2.46873260039e-05, 1.58512593771e-05, 1.35621703521e-05, 1.09258598968e-05, 8.99630140339e-06, 7.55033897804e-06, 5.62762079426e-06, 3.71584701497e-06, 2.18287027565e-06, 1.22375615774e-06, 8.46670161536e-07, 7.78950720814e-07, 1.02587523543e-06, 1.16239550607e-06, 1.01130331132e-06, 1.16124601846e-06, 1.27314751808e-06, 1.40230167744e-06, 1.79348069196e-06, 1.7992803123e-06, 1.24791563394e-06],
        "median": [0.000160164403496, 0.00104191200808, 0.000449797138572, 0.000241664092755, 0.000236584339291, 0.000170728570083, 9.19341910048e-05, 8.93503602128e-05, 0.000122398778331, 9.23405314097e-05, 6.74031325616e-05, 3.09717070195e-05, 2.03943491215e-05, 1.44756222653e-05, 1.06643619802e-05, 8.20603781904e-06, 9.23691368371e-06, 6.96404049449e-06, 4.97744895256e-06, 3.0394589885e-06, 2.30736850426e-06, 2.36402524934e-06, 2.45168507718e-06, 2.53350390267e-06, 2.5190956876e-06, 1.94778112927e-06, 1.14007013963e-06, 5.25894051862e-07, 2.86705244434e-07, 2.10170242099e-07, 2.1745447043e-07, 2.77820106476e-07, 3.43429235272e-07, 2.9830425774e-07, 3.11059636715e-07, 3.304544407e-07, 3.56291451453e-07, 3.21436999684e-07, 2.20056747935e-07, 1.21086088711e-07],
        "min": [2.58355717215e-23, 2.25875363407e-23, 8.26932673571e-24, 8.56589899302e-24, 1.61945365673e-23, 1.19874230307e-23, 4.83069664377e-24, 8.4284336694e-24, 6.56950779537e-24, 1.32201523014e-23, 1.32906654223e-23, 5.51713737109e-24, 5.89676997641e-24, 1.51887673122e-23, 9.87802553617e-24, 5.36858657959e-24, 7.97029165464e-24, 4.6688622235e-24, 9.65645817372e-24, 1.48781911961e-23, 1.43587136682e-23, 5.19823206711e-24, 5.81767326002e-24, 9.77226216575e-24, 1.17825029999e-23, 7.62279605931e-24, 1.13965654238e-23, 1.33951674041e-23, 8.02374408072e-24, 1.10090635365e-23, 1.15204299965e-23, 7.7118324231e-24, 1.26999813648e-23, 1.24104702015e-23, 1.10452051989e-23, 8.86501217132e-24, 8.96164763221e-24, 6.38923611801e-24, 8.26199664017e-24, 5.46781857615e-24],
        "var": [4.77523690279e-06, 1.63891618286e-05, 1.97266103896e-06, 8.19681474695e-07, 1.52148334109e-06, 1.02334956864e-06, 6.17886655618e-07, 7.73125123033e-07, 9.67991127254e-07, 8.26855057312e-07, 9.63203433457e-07, 4.70341092296e-07, 1.27683634332e-07, 6.3291231811e-08, 1.12841469502e-07, 2.61956110137e-08, 2.08366461862e-08, 1.18746212863e-08, 5.85906745343e-09, 4.84985829274e-09, 1.84167570083e-09, 9.75541758486e-10, 5.43720235502e-10, 3.45294126625e-10, 1.9234605575e-10, 9.451213423e-11, 5.01561916999e-11, 2.40533218343e-11, 8.17590439794e-12, 4.83416735461e-12, 3.41773831458e-12, 5.08971033722e-12, 7.94668497672e-12, 1.12225419929e-11, 1.7212425929e-11, 2.82522078648e-11, 2.78465098202e-11, 3.27761741359e-11, 3.27370422437e-11, 1.4924972716e-11]
    },
    "mfcc": {
        "mean": [-676.502807617, 136.580749512, 11.7252321243, 2.24359750748, 6.99644184113, -5.7108001709, 1.16620516777, 8.05657577515, -3.91457629204, 6.23082542419, 1.62204778194, -5.75674057007, -5.9708313942],
        "cov": [[6196.80761719, -674.041442871, -381.770843506, -310.404693604, -296.905731201, -378.61618042, -324.926177979, -130.003204346, -267.568572998, 68.3052597046, 21.5062942505, -66.2145385742, 105.067962646], [-674.041442871, 1007.48626709, 65.8833618164, 61.9493331909, 52.3449325562, 6.36911249161, 117.331108093, 60.0075111389, -98.2164611816, 7.7983007431, -8.60206794739, -25.7902889252, -2.65256309509], [-381.770843506, 65.8833618164, 1422.52661133, 308.353881836, 382.201812744, 38.6122093201, -31.0982208252, -137.47567749, -100.631835938, -149.320220947, -47.9224319458, -23.2258644104, 14.3293104172], [-310.404693604, 61.9493331909, 308.353881836, 539.446350098, 295.970397949, 10.1537618637, -82.9222335815, -26.401763916, 32.6773300171, -31.5350437164, -60.4853363037, 27.2598648071, 23.2535133362], [-296.905731201, 52.3449325562, 382.201812744, 295.970397949, 459.942047119, 39.4179077148, -23.7646923065, -19.3379611969, 44.1767234802, -11.9802026749, -34.4463806152, -7.08298301697, 27.8704967499], [-378.61618042, 6.36911249161, 38.6122093201, 10.1537618637, 39.4179077148, 335.222106934, 160.408294678, 47.9748268127, 62.6800460815, 20.5271835327, 58.6070518494, -11.1480302811, -9.83058071136], [-324.926177979, 117.331108093, -31.0982208252, -82.9222335815, -23.7646923065, 160.408294678, 396.161254883, 85.7144470215, 34.4584846497, 49.1518287659, 63.6985626221, 1.3959993124, -3.28610372543], [-130.003204346, 60.0075111389, -137.47567749, -26.401763916, -19.3379611969, 47.9748268127, 85.7144470215, 203.871994019, 62.023563385, 27.8665313721, 38.854549408, 16.2039661407, 14.9810686111], [-267.568572998, -98.2164611816, -100.631835938, 32.6773300171, 44.1767234802, 62.6800460815, 34.4584846497, 62.023563385, 290.452331543, 81.977722168, 13.0587043762, 21.7631282806, -13.4036445618], [68.3052597046, 7.7983007431, -149.320220947, -31.5350437164, -11.9802026749, 20.5271835327, 49.1518287659, 27.8665313721, 81.977722168, 156.783966064, 39.5089073181, 10.6533632278, -10.4526195526], [21.5062942505, -8.60206794739, -47.9224319458, -60.4853363037, -34.4463806152, 58.6070518494, 63.6985626221, 38.854549408, 13.0587043762, 39.5089073181, 152.848007202, 29.8383731842, 7.84189176559], [-66.2145385742, -25.7902889252, -23.2258644104, 27.2598648071, -7.08298301697, -11.1480302811, 1.3959993124, 16.2039661407, 21.7631282806, 10.6533632278, 29.8383731842, 125.276405334, 39.7310791016], [105.067962646, -2.65256309509, 14.3293104172, 23.2535133362, 27.8704967499, -9.83058071136, -3.28610372543, 14.9810686111, -13.4036445618, -10.4526195526, 7.84189176559, 39.7310791016, 120.171592712]],
