{
"lowlevel": {
    "average_loudness": 0.585858523846,
    "barkbands_crest": {
        "dmean": 2.92184019089,
        "dmean2": 4.69307518005,
        "dvar": 6.95636081696,
        "dvar2": 17.0284328461,
        "max": 26.4146556854,
        "mean": 12.4448547363,
        "median": 11.603219986,
        "min": 2.51078867912,
        "var": 26.132188797
    },
    "barkbands_flatness_db": {
        "dmean": 0.0216281823814,
        "dmean2": 0.0332060866058,
        "dvar": 0.000444498029537,
        "dvar2": 0.00101501797326,
        "max": 0.429258674383,
        "mean": 0.138176694512,
        "median": 0.127938002348,
        "min": 0.0205000173301,
        "var": 0.00406923843548
    },
    "barkbands_kurtosis": {
        "dmean": 4.66792488098,
        "dmean2": 7.3149266243,
        "dvar": 161.444366455,
        "dvar2": 385.887573242,
        "max": 351.958862305,
        "mean": 8.03475570679,
        "median": 4.17251682281,
        "min": -1.92579948902,
        "var": 269.053649902
    },
    "barkbands_skewness": {
        "dmean": 0.62017172575,
        "dmean2": 0.935445308685,
        "dvar": 0.583337128162,
        "dvar2": 1.29543268681,
        "max": 16.6522254944,
        "mean": 2.00421905518,
        "median": 1.80246853828,
        "min": -4.22679615021,
        "var": 2.24900913239
    },
    "barkbands_spread": {
        "dmean": 5.81703948975,
        "dmean2": 8.80659198761,
        "dvar": 62.6406745911,
        "dvar2": 132.841278076,
        "max": 113.810173035,
        "mean": 20.0919437408,
        "median": 15.8088445663,
        "min": 0.404785692692,
        "var": 252.77645874
    },
    "dissonance": {
        "dmean": 0.0240704659373,
        "dmean2": 0.0403392985463,
        "dvar": 0.000585800909903,
        "dvar2": 0.00164272659458,
        "max": 0.500000059605,
        "mean": 0.448849201202,
        "median": 0.461635887623,
        "min": 0.192362070084,
        "var": 0.00178653968032
    },
    "dynamic_complexity": 4.9833688736,
    "erbbands_crest": {
        "dmean": 2.72687292099,
        "dmean2": 4.3576374054,
        "dvar": 6.73459148407,
        "dvar2": 16.2438468933,
        "max": 32.520652771,
        "mean": 11.4797639847,
        "median": 9.61206817627,
        "min": 2.16172552109,
        "var": 42.6449546814
    },
    "erbbands_flatness_db": {
        "dmean": 0.0168862454593,
        "dmean2": 0.0246530324221,
        "dvar": 0.000271646043984,
        "dvar2": 0.000528387958184,
        "max": 0.45505720377,
        "mean": 0.159086853266,
        "median": 0.144840613008,
        "min": 0.0344805158675,
        "var": 0.00527697661892
    },
    "erbbands_kurtosis": {
        "dmean": 1.60537278652,
        "dmean2": 2.47998738289,
        "dvar": 5.80333757401,
        "dvar2": 13.1553068161,
        "max": 51.1409225464,
        "mean": 2.80055546761,
        "median": 0.940936088562,
        "min": -1.76515161991,
        "var": 25.9052009583
    },
    "erbbands_skewness": {
        "dmean": 0.397598206997,
        "dmean2": 0.598487496376,
        "dvar": 0.165699586272,
        "dvar2": 0.341652899981,
        "max": 6.04677009583,
        "mean": 1.07399451733,
        "median": 0.965810894966,
        "min": -4.86905050278,
        "var": 1.31895554066
    },
    "erbbands_spread": {
        "dmean": 8.07740592957,
        "dmean2": 12.0592737198,
        "dvar": 90.9784088135,
        "dvar2": 191.19329834,
        "max": 142.108657837,
        "mean": 37.217830658,
        "median": 33.8214302063,
        "min": 2.68497276306,
        "var": 529.851318359
    },
    "hfc": {
        "dmean": 5.2394323349,
        "dmean2": 6.9642124176,
        "dvar": 68.8576278687,
        "dvar2": 117.539428711,
        "max": 186.131668091,
        "mean": 17.0923404694,
        "median": 10.7965116501,
        "min": 1.09680635361e-16,
        "var": 364.545013428
    },
    "melbands_crest": {
        "dmean": 3.53542089462,
        "dmean2": 5.68793773651,
        "dvar": 9.81155395508,
        "dvar2": 24.8063526154,
        "max": 34.8426513672,
        "mean": 15.7113409042,
        "median": 14.8226938248,
        "min": 2.81821703911,
        "var": 33.9137268066
    },
    "melbands_flatness_db": {
        "dmean": 0.0253425035626,
        "dmean2": 0.0386762917042,
        "dvar": 0.000654639210552,
        "dvar2": 0.00144179584458,
        "max": 0.552747905254,
        "mean": 0.203472316265,
        "median": 0.197000518441,
        "min": 0.00753052113578,
        "var": 0.00424495991319
    },
    "melbands_kurtosis": {
        "dmean": 9.01143932343,
        "dmean2": 14.0859966278,
        "dvar": 344.080047607,
        "dvar2": 792.847595215,
        "max": 489.335144043,
        "mean": 18.3542289734,
        "median": 10.8103513718,
        "min": -1.89795577526,
        "var": 755.066650391
    },
    "melbands_skewness": {
        "dmean": 0.770226895809,
        "dmean2": 1.17749392986,
        "dvar": 0.763782501221,
        "dvar2": 1.71816968918,
        "max": 16.6960067749,
        "mean": 2.78338718414,
        "median": 2.54689383507,
        "min": -1.64297056198,
        "var": 3.54313468933
    },
    "melbands_spread": {
        "dmean": 6.29686069489,
        "dmean2": 9.55751514435,
        "dvar": 167.856216431,
        "dvar2": 309.227539062,
        "max": 234.61756897,
        "mean": 19.356918335,
        "median": 14.4362211227,
        "min": 0.39781448245,
        "var": 537.172363281
    },
    "pitch_salience": {
        "dmean": 0.0719258487225,
        "dmean2": 0.115805223584,
        "dvar": 0.00441613746807,
        "dvar2": 0.0111403083429,
        "max": 0.867830395699,
        "mean": 0.535577118397,
        "median": 0.540146768093,
        "min": 0.0502946674824,
        "var": 0.0193879939616
    },
    "silence_rate_20dB": {
        "dmean": 0,
        "dmean2": 0,
        "dvar": 0,
        "dvar2": 0,
        "max": 1,
        "mean": 1,
        "median": 1,
        "min": 1,
        "var": 0
    },
    "silence_rate_30dB": {
        "dmean": 0.00810488685966,
        "dmean2": 0.0162117052823,
        "dvar": 0.00803867075592,
        "dvar2": 0.0211906097829,
        "max": 1,
        "mean": 0.993564546108,
        "median": 1,
        "min": 0,
        "var": 0.00639457581565
    },
    "silence_rate_60dB": {
        "dmean": 0.0398092977703,
        "dmean2": 0.0796280875802,
        "dvar": 0.0382260978222,
        "dvar2": 0.0833063274622,
        "max": 1,
        "mean": 0.165296152234,
        "median": 0,
        "min": 0,
        "var": 0.137987315655
    },
    "spectral_centroid": {
        "dmean": 207.331115723,
        "dmean2": 315.039794922,
        "dvar": 98743.0859375,
        "dvar2": 175642.609375,
        "max": 10492.0126953,
        "mean": 1121.8013916,
        "median": 989.444702148,
        "min": 134.727355957,
        "var": 385048.90625
    },
    "spectral_complexity": {
        "dmean": 1.94064366817,
        "dmean2": 3.0995349884,
        "dvar": 3.77287340164,
        "dvar2": 8.3103351593,
        "max": 43,
        "mean": 10.7939462662,
        "median": 10,
        "min": 0,
        "var": 35.2634773254
    },
    "spectral_decrease": {
        "dmean": 1.98005944974e-09,
        "dmean2": 2.88490920042e-09,
        "dvar": 1.32017545999e-17,
        "dvar2": 3.01795953135e-17,
        "max": -1.28158131291e-28,
        "mean": -5.23950749454e-09,
        "median": -3.11451731072e-09,
        "min": -8.6954983658e-08,
        "var": 3.51422653985e-17
    },
    "spectral_energy": {
        "dmean": 0.0078442459926,
        "dmean2": 0.0113496873528,
        "dvar": 0.000196709632291,
        "dvar2": 0.000445593323093,
        "max": 0.330740362406,
        "mean": 0.0213254336268,
        "median": 0.0130662480369,
        "min": 1.04320537265e-20,
        "var": 0.000553345831577
    },
    "spectral_energyband_high": {
        "dmean": 0.000341056787875,
        "dmean2": 0.00043845968321,
        "dvar": 6.97074540312e-07,
        "dvar2": 1.15325269689e-06,
        "max": 0.0225115921348,
        "mean": 0.000781475333497,
        "median": 0.000286907568807,
        "min": 7.22295645689e-21,
        "var": 2.3780767151e-06
    },
    "spectral_energyband_low": {
        "dmean": 0.00389146176167,
        "dmean2": 0.00624249177054,
        "dvar": 0.000156146415975,
        "dvar2": 0.0004002272035,
        "max": 0.328700482845,
        "mean": 0.0053775543347,
        "median": 0.000554110389203,
        "min": 3.77563344279e-23,
        "var": 0.000191070983419
    },
    "spectral_energyband_middle_high": {
        "dmean": 0.00119109719526,
        "dmean2": 0.0017258906737,
        "dvar": 8.20580771688e-06,
        "dvar2": 1.76937664946e-05,
        "max": 0.0837284401059,
        "mean": 0.00354839302599,
        "median": 0.00122756231576,
        "min": 1.78919731951e-21,
        "var": 3.84533414035e-05
    },
    "spectral_energyband_middle_low": {
        "dmean": 0.00457076635212,
        "dmean2": 0.00690547889099,
        "dvar": 5.74025470996e-05,
        "dvar2": 0.000125568636577,
        "max": 0.145055562258,
        "mean": 0.012131803669,
        "median": 0.00594157166779,
        "min": 3.25155338487e-22,
        "var": 0.000236749518081
    },
    "spectral_entropy": {
        "dmean": 0.152961581945,
        "dmean2": 0.229169920087,
        "dvar": 0.0225791167468,
        "dvar2": 0.0458470694721,
        "max": 9.7976732254,
        "mean": 7.60817527771,
        "median": 7.65424442291,
        "min": 5.40035200119,
        "var": 0.222636565566
    },
    "spectral_flux": {
        "dmean": 0.0226995516568,
        "dmean2": 0.0348696261644,
        "dvar": 0.000897533085663,
        "dvar2": 0.00197190023027,
        "max": 0.490971833467,
        "mean": 0.0680930688977,
        "median": 0.0564003624022,
        "min": 1.02137423519e-10,
        "var": 0.00264413561672
    },
    "spectral_kurtosis": {
        "dmean": 1.00232124329,
        "dmean2": 1.61918449402,
        "dvar": 1.21202254295,
        "dvar2": 3.33348965645,
        "max": 27.4566879272,
        "mean": 3.9826631546,
        "median": 3.69558477402,
        "min": -1.18449771404,
        "var": 5.86285209656
    },
    "spectral_rms": {
        "dmean": 0.000743071374018,
        "dmean2": 0.00104428944178,
        "dvar": 9.02164003946e-07,
        "dvar2": 1.74603769665e-06,
        "max": 0.0179631151259,
        "mean": 0.0039415252395,
        "median": 0.00357037223876,
        "min": 3.19023713696e-12,
        "var": 5.26968369741e-06
    },
    "spectral_rolloff": {
        "dmean": 555.987487793,
        "dmean2": 924.719848633,
        "dvar": 1719194.5,
        "dvar2": 3858025.75,
        "max": 19099.9511719,
        "mean": 1459.46618652,
        "median": 925.927734375,
        "min": 64.599609375,
        "var": 3485074.75
    },
    "spectral_skewness": {
        "dmean": 0.171232566237,
        "dmean2": 0.259990513325,
        "dvar": 0.0257072616369,
        "dvar2": 0.0558236353099,
        "max": 4.07099866867,
        "mean": 1.63713359833,
        "median": 1.66124665737,
        "min": -0.0459434278309,
        "var": 0.193617358804
    },
    "spectral_spread": {
        "dmean": 583300.9375,
        "dmean2": 835851.25,
        "dvar": 653720879104,
        "dvar2": 1.13438176051e+12,
        "max": 39931048,
        "mean": 5886893,
        "median": 5634567,
        "min": 1912101.625,
        "var": 3.74832706355e+12
    },
    "spectral_strongpeak": {
        "dmean": 0.499114751816,
        "dmean2": 0.804264128208,
        "dvar": 0.598080873489,
        "dvar2": 1.41088426113,
        "max": 10.1941165924,
        "mean": 1.31670844555,
        "median": 0.532184898853,
        "min": 0,
        "var": 2.77175235748
    },
    "zerocrossingrate": {
        "dmean": 0.0129552250728,
        "dmean2": 0.0147481421009,
        "dvar": 0.000318318139762,
        "dvar2": 0.000306724221446,
        "max": 0.599609375,
        "mean": 0.0698337629437,
        "median": 0.0556640625,
        "min": 0.0029296875,
        "var": 0.00243572588079
    },
    "barkbands": {
        "dmean": [0.000348359026248, 0.00333099975251, 0.000802871712949, 0.000368476234144, 0.00151275377721, 0.000436165893916, 0.000970444234554, 0.0014602689771, 0.00140530779026, 0.000694465823472, 0.000324905384332, 0.000356401171302, 0.000182274961844, 0.000117053619761, 0.000112477027869, 7.39434253774e-05, 4.9665584811e-05, 4.35159527115e-05, 4.03070007451e-05, 3.34250253218e-05, 7.15061760275e-05, 7.5733740232e-05, 8.51556178532e-05, 6.11143332208e-05, 4.33383866039e-05, 4.73157997476e-05, 1.82044368557e-05],
        "dmean2": [0.000588605820667, 0.00556724192575, 0.00133512448519, 0.000621272483841, 0.00255558383651, 0.00068812223617, 0.00148850365076, 0.0021440917626, 0.00214089266956, 0.0010466563981, 0.00051366945263, 0.000547242991161, 0.000288891489618, 0.000183804280823, 0.000171779407538, 0.000113809495815, 7.82054994488e-05, 6.58788558212e-05, 6.12518269918e-05, 5.07431250298e-05, 0.000104482263851, 0.000108430380351, 0.000121175697132, 8.54503741721e-05, 6.10732095083e-05, 6.51395239402e-05, 2.45403225563e-05],
        "dvar": [1.27953740048e-06, 0.000115841881779, 1.0619335626e-05, 1.06849017811e-06, 1.56743535626e-05, 1.3209920553e-06, 8.39496351546e-06, 2.02910468943e-05, 1.96140317712e-05, 7.24039546185e-06, 1.11505858058e-06, 1.85421060905e-06, 5.2371945003e-07, 1.85014698673e-07, 2.34670565646e-07, 8.17517076257e-08, 2.26213554555e-08, 1.20971996864e-08, 1.26156551872e-08, 1.04373567567e-08, 3.87840657368e-08, 7.72130093196e-08, 5.94244369267e-08, 4.95728968986e-08, 1.03762767267e-08, 1.1497832908e-08, 1.71412328775e-09],
        "dvar2": [3.3908131627e-06, 0.000306318484945, 2.75802249234e-05, 2.7668020266e-06, 4.12329682149e-05, 2.60182218881e-06, 1.86913421203e-05, 4.423923383e-05, 4.23465680797e-05, 1.49563074956e-05, 2.73779892268e-06, 4.33746072304e-06, 1.14863996714e-06, 4.13646830566e-07, 5.18999343058e-07, 1.91822707052e-07, 5.05111756866e-08, 2.59162167282e-08, 2.59299355321e-08, 1.75609500275e-08, 8.28712387602e-08, 1.45518342265e-07, 1.11800019909e-07, 8.41801153229e-08, 2.10060271399e-08, 2.29136656316e-08, 3.45314887795e-09],
        "max": [0.0116962222382, 0.247828707099, 0.079383648932, 0.0157732516527, 0.0649278312922, 0.0489733889699, 0.0573142915964, 0.0916059017181, 0.137949794531, 0.0728666931391, 0.0342545174062, 0.0373247973621, 0.0320229046047, 0.0202300045639, 0.0217369608581, 0.0123675009236, 0.00799646601081, 0.00399326067418, 0.0049486416392, 0.00704200798646, 0.00685105845332, 0.0108872074634, 0.0073681534268, 0.00865493435413, 0.00393510004506, 0.00248587597162, 0.000841442437377],
        "mean": [0.000321835599607, 0.00404136069119, 0.000851792807225, 0.00042872299673, 0.00214360631071, 0.000772474275436, 0.00194494298194, 0.0030358361546, 0.00295967282727, 0.001507974579, 0.000631223374512, 0.00071890669642, 0.000303659529891, 0.000212061495404, 0.000205717849894, 0.000147426326293, 9.93529392872e-05, 9.23839979805e-05, 9.24045452848e-05, 6.9547269959e-05, 0.000138246643473, 0.000139012219734, 0.000159966934007, 0.000113778027298, 8.31680081319e-05, 8.22768852231e-05, 2.80962212855e-05],
        "median": [1.57661779667e-05, 0.000261979614152, 9.48758897721e-05, 0.000122832439956, 0.0007110722363, 0.000313525320962, 0.00025037387968, 0.000325719156535, 0.000254451675573, 0.000132740780828, 8.34387246869e-05, 9.45764695643e-05, 6.63558676024e-05, 5.37177402293e-05, 6.1988728703e-05, 4.29983228969e-05, 3.93395930587e-05, 3.6853722122e-05, 3.15715005854e-05, 3.25568871631e-05, 4.3162403017e-05, 3.80719393434e-05, 3.81093777833e-05, 2.8998038033e-05, 2.47546759056e-05, 1.71830033651e-05, 3.30221678269e-06],
        "min": [2.37113002547e-23, 2.188271121e-23, 4.23466687038e-24, 5.12099114601e-24, 6.53925616294e-23, 5.5815512561e-23, 6.73752025871e-23, 1.8599429524e-23, 6.35586998385e-23, 8.75403995234e-23, 8.40747000639e-23, 4.98147296965e-23, 3.93302192189e-23, 1.7364144975e-22, 1.36582354766e-22, 1.42337050894e-22, 4.90936035441e-22, 1.77053885321e-22, 2.93263522246e-22, 3.3245529322e-22, 6.53489193198e-22, 5.59736217434e-22, 7.68429180584e-22, 8.10835465084e-22, 1.00101082094e-21, 1.260824899e-21, 2.14084561117e-21],
        "var": [1.13884607345e-06, 0.000117104755191, 1.14618997031e-05, 1.09301242901e-06, 1.84396467375e-05, 2.74012631962e-06, 2.92155837087e-05, 7.23946504877e-05, 7.09301821189e-05, 3.11561816488e-05, 3.83429687645e-06, 6.00291423325e-06, 1.1442681398e-06, 4.86536407607e-07, 5.28638736341e-07, 1.87849821032e-07, 4.84515076948e-08, 3.61752370281e-08, 6.55474963196e-08, 2.45168081392e-08, 8.18846146444e-08, 1.70772096908e-07, 1.61371119134e-07, 1.36734584544e-07, 2.89336501424e-08, 2.74388547439e-08, 3.41307737628e-09]
    },
    "erbbands": {
        "dmean": [0.133949488401, 0.625864624977, 0.891456723213, 1.0065882206, 2.8149356842, 6.45789241791, 4.24396753311, 3.76370072365, 10.8997745514, 20.0985794067, 33.4902420044, 31.4922084808, 27.2167892456, 13.0196790695, 14.8103199005, 12.8103733063, 8.1967382431, 6.61988067627, 5.26252841949, 4.43523740768, 3.67544960976, 2.47429800034, 2.4218211174, 1.7329044342, 2.15490317345, 1.54020261765, 2.08179759979, 3.27954530716, 2.64877223969, 2.69701051712, 2.45824956894, 1.7155829668, 0.804303348064, 0.504889130592, 0.316014319658, 0.214888095856, 0.0802987292409, 0.0289286263287, 0.00294757843949, 7.37358568585e-05],
        "dmean2": [0.23252376914, 1.03172850609, 1.45375967026, 1.60665130615, 4.74592399597, 11.0196866989, 7.09839820862, 5.79694414139, 16.5038566589, 29.8617095947, 49.6537971497, 47.1428833008, 40.3702392578, 19.9474105835, 22.6867847443, 18.942440033, 12.5380811691, 10.1671094894, 8.07033538818, 6.61022996902, 5.61315488815, 3.8212890625, 3.64259433746, 2.62567830086, 3.25078368187, 2.31699180603, 3.04455089569, 4.84966897964, 3.79005503654, 3.87557172775, 3.54330635071, 2.42146348953, 1.12832593918, 0.730782747269, 0.450723856688, 0.31242492795, 0.111339263618, 0.0393950045109, 0.00394779164344, 9.92443965515e-05],
        "dvar": [0.182079508901, 4.88375425339, 14.7891969681, 9.37212467194, 51.8885154724, 339.696624756, 114.080940247, 129.632034302, 1348.25927734, 3058.98779297, 12430.7724609, 11461.6708984, 9066.60742188, 3038.94848633, 2590.03125, 2210.92041016, 1009.53955078, 624.62677002, 500.684570312, 304.418457031, 178.724990845, 46.8975639343, 42.3988685608, 12.8647260666, 50.2002754211, 22.237701416, 27.766046524, 97.8316268921, 109.314079285, 82.9976501465, 46.2882003784, 35.645652771, 8.32784080505, 1.69932031631, 0.581475257874, 0.312832027674, 0.0312066562474, 0.00393615989015, 4.65769298899e-05, 2.94797999345e-08],
        "dvar2": [0.487774968147, 13.0755901337, 40.6747322083, 21.9990959167, 136.358016968, 893.575378418, 292.371520996, 248.508575439, 3019.66601562, 6343.87011719, 27798.1835938, 24314.6757812, 18036.3144531, 7109.93945312, 6280.53808594, 4710.23681641, 2164.31323242, 1444.93371582, 1143.2980957, 634.484863281, 370.426757812, 96.8825912476, 89.1618270874, 28.18400383, 96.2127532959, 47.1461677551, 55.6390037537, 208.052429199, 205.704574585, 169.190567017, 87.4720916748, 65.4064559937, 14.1319122314, 3.70960474014, 1.14518547058, 0.673687279224, 0.0624026320875, 0.00785398297012, 9.44105850067e-05, 6.30882439623e-08],
        "max": [7.28718519211, 64.9339523315, 126.482521057, 72.8643569946, 134.072128296, 363.944641113, 275.482788086, 548.458068848, 926.755615234, 1254.73364258, 2416.45214844, 3968.29223633, 2874.67431641, 3041.34277344, 1481.4786377, 1826.95825195, 1269.09106445, 1177.63867188, 1452.36035156, 673.358154297, 628.257751465, 340.163635254, 277.603790283, 86.5721511841, 338.210845947, 320.886993408, 185.559356689, 401.443328857, 449.753204346, 296.9480896, 197.396286011, 208.961959839, 112.612854004, 41.3425941467, 34.4511985779, 15.1517438889, 3.79142427444, 1.16771662235, 0.140222266316, 0.00339860189706],
        "mean": [0.135289207101, 0.826720297337, 1.08530664444, 1.30632638931, 3.59442973137, 8.73212814331, 6.54745006561, 6.985704422, 21.8278999329, 43.7026863098, 70.5539779663, 67.7611694336, 63.4052047729, 28.5712680817, 33.3336601257, 26.0834560394, 14.8889560699, 12.8471260071, 10.2310562134, 9.1886472702, 7.82678318024, 5.49807929993, 5.41075706482, 4.03052997589, 4.97915172577, 3.36554312706, 4.23791980743, 6.144135952, 4.86164999008, 4.83482456207, 4.58132982254, 3.08782529831, 1.54011142254, 0.965364813805, 0.577063024044, 0.35712659359, 0.134707897902, 0.0482698604465, 0.00457158358768, 0.000127492239699],
        "median": [0.00497087463737, 0.0595333687961, 0.142315939069, 0.342410594225, 1.1768181324, 2.38518285751, 2.25992083549, 2.8283495903, 3.758664608, 6.02595376968, 9.20838069916, 6.90890741348, 5.51587247849, 5.34230613708, 4.38593006134, 4.1343164444, 3.82623195648, 3.40452599525, 3.58320879936, 2.85234308243, 2.65603303909, 2.2963116169, 2.24794769287, 1.68471479416, 1.64502358437, 1.5690382719, 1.68962931633, 1.59713804722, 1.30926406384, 1.15507316589, 1.09736025333, 0.706608891487, 0.408770978451, 0.290955245495, 0.157651662827, 0.0752610042691, 0.0279944669455, 0.00751288933679, 0.00054559687851, 4.1124632844e-05],
        "min": [6.20869226787e-22, 4.92939060564e-21, 5.33191494784e-21, 1.72508387501e-20, 6.99701998895e-20, 3.51487266097e-19, 2.34876771712e-19, 4.70652068364e-19, 1.05045423747e-18, 6.22851491616e-19, 6.5960958858e-19, 1.40971883663e-18, 3.05830344593e-18, 2.17519260267e-18, 3.30963234889e-18, 1.69856069056e-18, 1.55682970325e-18, 6.29130785082e-18, 7.52191726941e-18, 9.40722153128e-18, 9.19090552929e-18, 2.8654892995e-17, 1.36431778794e-17, 8.90927948204e-18, 1.82585710735e-17, 1.48024615817e-17, 2.52851113807e-17, 2.35363638847e-17, 2.34060465422e-17, 1.61952037771e-17, 2.27602997252e-17, 1.75211792621e-17, 1.41825972461e-17, 8.84031908873e-18, 7.929307857e-18, 4.88185081685e-18, 2.59545680892e-18, 1.10026591658e-18, 2.75611358525e-19, 3.18777055008e-20],
        "var": [0.158764407039, 4.98235607147, 15.2379655838, 11.3252944946, 57.2570152283, 402.50491333, 185.50579834, 259.100921631, 4109.921875, 12118.8544922, 41282.8789062, 40250.6328125, 44842.1953125, 11427.8671875, 10161.609375, 6723.06201172, 2225.88305664, 1568.23168945, 1070.16540527, 798.994934082, 535.407836914, 119.139167786, 134.58605957, 45.8207435608, 252.027648926, 46.8389549255, 65.7449493408, 196.552429199, 228.755264282, 187.845413208, 127.078056335, 89.0980682373, 24.3803768158, 4.34270000458, 1.50729751587, 0.643303990364, 0.0705847293139, 0.00883777532727, 9.09137088456e-05, 5.34365369731e-08]
    },
    "gfcc": {
        "mean": [-30.3828449249, 58.4189453125, -108.647727966, 3.59678959846, -70.1364593506, 9.60192584991, -35.4325370789, 7.00812768936, -21.2665233612, 4.42985725403, -20.2169628143, 2.57335019112, -14.046207428],
        "cov": [[6645.21142578, -610.380493164, 1645.58300781, 299.110565186, 26.3628692627, 93.4176330566, 182.122924805, 159.106170654, 186.329711914, 155.734054565, -53.5296211243, 163.512786865, -70.5223770142], [-610.380493164, 1274.42419434, 300.23034668, 402.787689209, 384.947601318, 166.061782837, 139.864578247, 90.4554443359, 91.0412445068, 21.1931381226, 89.6342468262, -15.3318195343, 36.9020881653], [1645.58300781, 300.23034668, 2038.1796875, 804.377807617, 631.958190918, 234.484344482, -38.8491020203, -7.60297203064, 41.9551887512, 151.604507446, -20.5589237213, 144.186843872, 0.338930726051], [299.110565186, 402.787689209, 804.377807617, 808.882263184, 459.52734375, 255.635604858, -43.7943458557, -47.0628471375, 95.1204376221, 53.7386169434, -25.1401958466, 49.4684295654, 77.9765548706], [26.3628692627, 384.947601318, 631.958190918, 459.52734375, 688.395568848, 273.684661865, 117.674217224, 142.93081665, 75.9454498291, 92.722076416, 8.07357501984, 24.5209522247, 43.3714675903], [93.4176330566, 166.061782837, 234.484344482, 255.635604858, 273.684661865, 308.81161499, 172.606445312, 112.577209473, 79.9575424194, 34.7363929749, 12.1262760162, -0.666092336178, 11.385518074], [182.122924805, 139.864578247, -38.8491020203, -43.7943458557, 117.674217224, 172.606445312, 376.631774902, 228.687866211, 72.8786315918, 35.88256073, 71.0977706909, -25.3708000183, -34.4849853516], [159.106170654, 90.4554443359, -7.60297203064, -47.0628471375, 142.93081665, 112.577209473, 228.687866211, 282.467468262, 94.2036514282, 65.4187240601, 49.0787200928, -12.3094377518, -11.7518558502], [186.329711914, 91.0412445068, 41.9551887512, 95.1204376221, 75.9454498291, 79.9575424194, 72.8786315918, 94.2036514282, 182.821655273, 58.4872360229, 13.3251857758, 1.0463398695, 10.5768480301], [155.734054565, 21.1931381226, 151.604507446, 53.7386169434, 92.722076416, 34.7363929749, 35.88256073, 65.4187240601, 58.4872360229, 110.571182251, 39.9560890198, 16.4522171021, 3.10597538948], [-53.5296211243, 89.6342468262, -20.5589237213, -25.1401958466, 8.07357501984, 12.1262760162, 71.0977706909, 49.0787200928, 13.3251857758, 39.9560890198, 108.549659729, 22.9322071075, -1.91524744034], [163.512786865, -15.3318195343, 144.186843872, 49.4684295654, 24.5209522247, -0.666092336178, -25.3708000183, -12.3094377518, 1.0463398695, 16.4522171021, 22.9322071075, 92.4108276367, 29.8074321747], [-70.5223770142, 36.9020881653, 0.338930726051, 77.9765548706, 43.3714675903, 11.385518074, -34.4849853516, -11.7518558502, 10.5768480301, 3.10597538948, -1.91524744034, 29.8074321747, 86.3744659424]],
        "icov": [[0.000262205168838, 0.000158571274369, -0.000306294212351, -3.75895979232e-05, 0.000256098224781, 0.000135348600452, -0.000286985392449, -0.000124430385767, -0.000270325370366, 4.50500774605e-05, 0.000190130405826, -0.000151342028403, -8.54621157487e-06], [0.000158571274369, 0.00133378326427, -0.000167625083122, -0.000620333477855, -0.000419625022914, 0.000628830981441, -0.000469366903417, -8.11977952253e-05, -0.000584530876949, 0.00111573457252, -0.00138980976772, 0.000728218932636, -0.00020098008099], [-0.000306294212351, -0.000167625083122, 0.00161645025946, -0.00109147967305, -0.000775008520577, 0.000193134386791, 0.000207034827326, 0.000105681749119, 0.000973042624537, -0.00131162372418, 0.000637417717371, -0.00165365682915, 0.00177410268225], [-3.75895979232e-05, -0.000620333477855, -0.00109147967305, 0.00456689391285, -0.00104755081702, -0.00251752068289, 0.00102486042306, 0.00206955615431, -0.00172055023722, 0.000446444115369, -6.16250981693e-05, 0.000770893588196, -0.00240840343758], [0.000256098224781, -0.000419625022914, -0.000775008520577, -0.00104755081702, 0.00427354825661, -0.00161763024516, 0.000122750236187, -0.00205599050969, 0.00109568366315, -0.00161915109493, 0.00121243286412, 0.00013363546168, -0.000921446480788], [0.000135348600452, 0.000628830981441, 0.000193134386791, -0.00251752068289, -0.00161763024516, 0.00857133232057, -0.00391194131225, -9.3357048172e-05, -0.00103064789437, 0.000983835896477, 0.000560807005968, -0.000103239020973, 0.000360618752893], [-0.000286985392449, -0.000469366903417, 0.000207034827326, 0.00102486042306, 0.000122750236187, -0.00391194131225, 0.00817915610969, -0.0044089499861, 0.000233704107814, 0.00162907328922, -0.00325725018047, 0.00115465803538, 0.00160196970683], [-0.000124430385767, -8.11977952253e-05, 0.000105681749119, 0.00206955615431, -0.00205599050969, -9.3357048172e-05, -0.0044089499861, 0.0100089237094, -0.00263230898418, -0.00237831030972, 0.000139609663165, 0.000341566337738, -0.000996378483251], [-0.000270325370366, -0.000584530876949, 0.000973042624537, -0.00172055023722, 0.00109568366315, -0.00103064789437, 0.000233704107814, -0.00263230898418, 0.0093072000891, -0.00464442744851, 0.00190487329382, -0.000609514012467, 0.000179196649697], [4.50500774605e-05, 0.00111573457252, -0.00131162372418, 0.000446444115369, -0.00161915109493, 0.000983835896477, 0.00162907328922, -0.00237831030972, -0.00464442744851, 0.0170846860856, -0.0070501328446, 0.00140668463428, -0.000515020801686], [0.000190130405826, -0.00138980976772, 0.000637417717371, -6.16250981693e-05, 0.00121243286412, 0.000560807005968, -0.00325725018047, 0.000139609663165, 0.00190487329382, -0.0070501328446, 0.0161046199501, -0.00588692957535, 0.00124686781783], [-0.000151342028403, 0.000728218932636, -0.00165365682915, 0.000770893588196, 0.00013363546168, -0.000103239020973, 0.00115465803538, 0.000341566337738, -0.000609514012467, 0.00140668463428, -0.00588692957535, 0.01707178168, -0.00666804006323], [-8.54621157487e-06, -0.00020098008099, 0.00177410268225, -0.00240840343758, -0.000921446480788, 0.000360618752893, 0.00160196970683, -0.000996378483251, 0.000179196649697, -0.000515020801686, 0.00124686781783, -0.00666804006323, 0.0170681737363]]
    },
    "melbands": {
        "dmean": [0.00105332885869, 0.000522492744494, 0.000200162365218, 0.000344707048498, 0.000178634218173, 8.45835820655e-05, 0.000176542700501, 0.000238381893723, 0.000279097235762, 0.00019484499353, 0.000136491289595, 5.50228760403e-05, 4.55513727502e-05, 4.67897516501e-05, 2.29203087656e-05, 1.75840668817e-05, 1.2623549992e-05, 8.60925320012e-06, 8.46670627652e-06, 5.4012111832e-06, 4.52475251222e-06, 2.90935463454e-06, 2.58735121861e-06, 1.99100782083e-06, 1.49967240759e-06, 1.69022905538e-06, 1.42446731388e-06, 1.06655818399e-06, 1.19158039524e-06, 1.83822032795e-06, 2.03247259378e-06, 1.54019210186e-06, 1.60926310855e-06, 1.55130135226e-06, 1.53486155341e-06, 1.30001535581e-06, 1.02700596472e-06, 6.23125288257e-07, 5.02581144701e-07, 4.22082763407e-07],
        "dmean2": [0.00178438785952, 0.000824481307063, 0.000319204526022, 0.000583949848078, 0.000301086693071, 0.000130511631141, 0.000268302013865, 0.000353922805516, 0.000417688861489, 0.000292065087706, 0.000202496827114, 8.44905589474e-05, 6.97607101756e-05, 7.22344848327e-05, 3.38642566931e-05, 2.74313097179e-05, 1.96031342057e-05, 1.32824307002e-05, 1.28395386128e-05, 8.29169948702e-06, 7.07573417458e-06, 4.52712765764e-06, 4.02402747568e-06, 3.00736564895e-06, 2.3165021048e-06, 2.60298088506e-06, 2.17514366341e-06, 1.6411032675e-06, 1.78371317361e-06, 2.7216815397e-06, 3.05408525492e-06, 2.25187091019e-06, 2.36704022427e-06, 2.25372627938e-06, 2.25416238209e-06, 1.88115700439e-06, 1.48061883465e-06, 8.91101933576e-07, 7.37773575565e-07, 6.26573125828e-07],
        "dvar": [1.09309075924e-05, 4.52320773547e-06, 2.7845464956e-07, 8.40521806822e-07, 2.23510568276e-07, 6.31050340871e-08, 3.27575889969e-07, 4.33174335512e-07, 8.77989691617e-07, 3.98237943955e-07, 2.30395059475e-07, 6.07836767585e-08, 2.2220516982e-08, 3.35802887719e-08, 6.61434285121e-09, 6.423210408e-09, 2.49355336379e-09, 1.3906940044e-09, 1.39914557717e-09, 4.55561893764e-10, 2.93684077057e-10, 9.18181433662e-11, 3.59422595853e-11, 2.95690659458e-11, 1.02512980743e-11, 2.67100421641e-11, 3.30779292845e-11, 1.23634436022e-11, 9.54454744406e-12, 2.73205486012e-11, 3.82144940692e-11, 4.08571405874e-11, 3.21703289008e-11, 2.70639014671e-11, 1.94753223964e-11, 1.3165767955e-11, 1.60193993487e-11, 5.98751387013e-12, 1.86428238298e-12, 1.26813045741e-12],
        "dvar2": [2.87619659503e-05, 1.25173091874e-05, 6.53701135889e-07, 2.21215941565e-06, 5.81619190143e-07, 1.20152236605e-07, 7.36337540275e-07, 9.1165691174e-07, 1.94995413949e-06, 8.32997898215e-07, 4.57524635067e-07, 1.4226645817e-07, 5.28259995747e-08, 8.22821135671e-08, 1.40064635445e-08, 1.34376918481e-08, 5.87634829685e-09, 3.0400901796e-09, 2.8911102401e-09, 1.06502207053e-09, 5.96634297523e-10, 1.89489507418e-10, 8.3700074649e-11, 5.47519703187e-11, 2.34421163037e-11, 5.15668653611e-11, 5.83274262222e-11, 3.08337105848e-11, 1.89702229619e-11, 5.8928292801e-11, 8.34335031619e-11, 7.74587963215e-11, 6.57343138255e-11, 5.64714629225e-11, 3.92366972246e-11, 2.45736590798e-11, 3.065884005e-11, 1.05499628131e-11, 3.87063861865e-12, 2.93261617247e-12],
        "max": [0.0567372515798, 0.0769001021981, 0.0111545138061, 0.0165938176215, 0.012257671915, 0.0111701786518, 0.0136807858944, 0.0157986357808, 0.024237755686, 0.0224003773183, 0.0142020713538, 0.0129088433459, 0.00566715700552, 0.00524489022791, 0.00208185985684, 0.00442726025358, 0.00237683835439, 0.0026095318608, 0.00140592642128, 0.00114066863898, 0.000860004802234, 0.000526237359736, 0.000181555078598, 0.000270661723334, 8.5338811914e-05, 0.000319410377415, 0.000375680654543, 0.000237911954173, 0.000147790109622, 0.00018170994008, 0.000247750111157, 0.000302385597024, 0.000199364396394, 0.000167402045918, 0.000136673697853, 9.53944982029e-05, 0.000149550542119, 9.17020224733e-05, 4.37313647126e-05, 3.43410938513e-05],
        "mean": [0.00119659677148, 0.000765962293372, 0.000273241195828, 0.000463398813736, 0.000273095734883, 0.000155588364578, 0.000357097917004, 0.000519210763741, 0.000572493299842, 0.000422381737735, 0.000307269481709, 0.000111414883577, 9.49302775552e-05, 0.000100303601357, 3.84228842449e-05, 3.05833455059e-05, 2.26919873967e-05, 1.51343674588e-05, 1.5270041331e-05, 1.06978404801e-05, 8.70816438692e-06, 5.66304288441e-06, 5.36075640412e-06, 4.1320317905e-06, 3.03345404973e-06, 3.79745733881e-06, 2.80209178527e-06, 2.08752476283e-06, 2.32929437516e-06, 3.33268121722e-06, 3.59983482667e-06, 2.68106100521e-06, 2.71543831332e-06, 2.64933828475e-06, 2.69580937129e-06, 2.35316451835e-06, 1.71480758127e-06, 1.09255665848e-06, 9.19297633573e-07, 7.63621812894e-07],
        "median": [6.48092027404e-05, 8.89569128049e-05, 8.34674065118e-05, 0.000141617798363, 9.12364193937e-05, 5.93419717916e-05, 5.70050542592e-05, 6.14308155491e-05, 6.55878611724e-05, 3.63061153621e-05, 2.27580421779e-05, 1.78854024853e-05, 1.28333895191e-05, 1.26051363623e-05, 7.54817756388e-06, 6.91692775945e-06, 5.30000306753e-06, 5.10674817633e-06, 4.33434979641e-06, 3.0326941669e-06, 2.92970912597e-06, 2.19406751967e-06, 2.11527208194e-06, 1.72499949258e-06, 1.18094976642e-06, 1.12616476144e-06, 1.03501088233e-06, 9.41282223721e-07, 9.78275807029e-07, 9.44740975228e-07, 8.91372167189e-07, 6.92660648838e-07, 6.68647999191e-07, 5.72091380491e-07, 6.2455154648e-07, 5.44162617189e-07, 3.57647479632e-07, 2.52949348578e-07, 2.45815044764e-07, 2.27964505939e-07],
        "min": [7.00056308765e-24, 4.47950878497e-24, 3.37499465486e-24, 1.51773808939e-23, 1.00810128577e-23, 1.04434794553e-23, 1.66444223639e-23, 6.05873731975e-24, 7.06040765365e-24, 8.59632141383e-24, 1.5239345918e-23, 8.30543526592e-24, 1.20723991274e-23, 6.45088835877e-24, 3.05949170797e-24, 3.89913435067e-24, 1.36783384924e-23, 1.32074737289e-23, 1.18887475755e-23, 1.23329314854e-23, 9.39118949485e-24, 3.26565096033e-23, 1.69489084738e-23, 9.0647359753e-24, 6.02068582512e-24, 1.39676548071e-23, 1.1348510384e-23, 9.48188088882e-24, 1.43231202642e-23, 1.87280927376e-23, 1.15443703473e-23, 1.43013193042e-23, 9.38456700755e-24, 9.16724608335e-24, 1.33629471693e-23, 1.08684948341e-23, 1.15329294976e-23, 9.7322558738e-24, 8.13864956017e-24, 7.15776571112e-24],
        "var": [1.06704164864e-05, 5.01194199387e-06, 3.62700319556e-07, 9.5364612207e-07, 3.26213182689e-07, 1.31505487388e-07, 1.07211349132e-06, 1.72360000761e-06, 2.77139429272e-06, 1.55795248702e-06, 1.10463679448e-06, 2.24843162755e-07, 8.69430323291e-08, 1.18763814783e-07, 1.34129729545e-08, 1.54802517471e-08, 6.0285278991e-09, 2.68905409051e-09, 3.33609828651e-09, 9.38780053694e-10, 7.73562103262e-10, 1.90667967526e-10, 1.04387574973e-10, 8.48227044159e-11, 2.77360513029e-11, 1.63202729109e-10, 7.64381682949e-11, 1.80483874374e-11, 2.17282632858e-11, 5.52759747696e-11, 7.2738440271e-11, 8.06192959613e-11, 6.69082081406e-11, 5.86321130536e-11, 4.7221400401e-11, 3.52203197163e-11, 3.64010106779e-11, 1.56049357464e-11, 5.1499286606e-12, 2.73265915104e-12]
    },
    "mfcc": {
        "mean": [-681.482421875, 105.515151978, 5.20981311798, 0.102577216923, -11.2729415894, -0.738081812859, -7.91073131561, 0.667544841766, -0.111011341214, 0.747357785702, -0.949729084969, 0.465117782354, -2.67832303047],
        "cov": [[5303.24072266, -460.0050354, 946.218444824, 211.410079956, -67.3854141235, 72.1786193848, -100.524894714, 159.783737183, 84.7667922974, 171.115875244, 102.950004578, 45.5920066833, -63.0212440491], [-460.0050354, 919.952270508, 163.229995728, 253.552261353, 256.650268555, 92.9615478516, 210.081604004, 108.049537659, 91.0300979614, 75.3579711914, 95.4922485352, 55.7458343506, 91.5310134888], [946.218444824, 163.229995728, 1253.16394043, 569.877563477, 505.993560791, 349.013671875, 52.4195556641, 15.3696222305, 29.5186748505, -37.4326210022, 30.2823371887, 20.2703418732, 66.1247253418], [211.410079956, 253.552261353, 569.877563477, 564.866943359, 485.843719482, 292.152648926, 92.3506317139, 34.5630912781, 85.2649841309, 23.8455657959, 16.5021724701, 4.62631368637, 68.6606445312], [-67.3854141235, 256.650268555, 505.993560791, 485.843719482, 687.885681152, 340.24395752, 116.654769897, 41.9668083191, 132.649169922, 46.72397995, 17.9325866699, -10.5938482285, 81.4540863037], [72.1786193848, 92.9615478516, 349.013671875, 292.152648926, 340.24395752, 358.228973389, 91.399055481, 78.951461792, 87.3039016724, 33.2137832642, 28.4585666656, 18.2873630524, 8.17590713501], [-100.524894714, 210.081604004, 52.4195556641, 92.3506317139, 116.654769897, 91.399055481, 345.286132812, 153.636047363, 104.34059906, 100.422416687, 91.6621170044, 61.6020393372, 47.7487335205], [159.783737183, 108.049537659, 15.3696222305, 34.5630912781, 41.9668083191, 78.951461792, 153.636047363, 211.429748535, 113.771224976, 98.5491256714, 85.7599945068, 51.6532783508, 15.6612052917], [84.7667922974, 91.0300979614, 29.5186748505, 85.2649841309, 132.649169922, 87.3039016724, 104.34059906, 113.771224976, 185.517578125, 117.880638123, 66.8182754517, 35.738910675, 28.880197525], [171.115875244, 75.3579711914, -37.4326210022, 23.8455657959, 46.72397995, 33.2137832642, 100.422416687, 98.5491256714, 117.880638123, 184.957000732, 95.3861541748, 45.4687347412, 24.1901302338], [102.950004578, 95.4922485352, 30.2823371887, 16.5021724701, 17.9325866699, 28.4585666656, 91.6621170044, 85.7599945068, 66.8182754517, 95.3861541748, 138.774108887, 68.4750518799, 23.6199836731], [45.5920066833, 55.7458343506, 20.2703418732, 4.62631368637, -10.5938482285, 18.2873630524, 61.6020393372, 51.6532783508, 35.738910675, 45.4687347412, 68.4750518799, 110.727363586, 49.5556793213], [-63.0212440491, 91.5310134888, 66.1247253418, 68.6606445312, 81.4540863037, 8.17590713501, 47.7487335205, 15.6612052917, 28.880197525, 24.1901302338, 23.6199836731, 49.5556793213, 125.948646545]],
