{
"lowlevel": {
    "average_loudness": 0.775955617428,
    "barkbands_crest": {
        "dmean": 2.96793031693,
        "dmean2": 4.83075904846,
        "dvar": 7.30394458771,
        "dvar2": 18.5565166473,
        "max": 26.6383247375,
        "mean": 11.5488328934,
        "median": 10.7435054779,
        "min": 2.17174243927,
        "var": 25.601896286
    },
    "barkbands_flatness_db": {
        "dmean": 0.0211480874568,
        "dmean2": 0.0328849032521,
        "dvar": 0.000441595329903,
        "dvar2": 0.000992888701148,
        "max": 0.457594335079,
        "mean": 0.126297265291,
        "median": 0.11162301898,
        "min": 0.0119414282963,
        "var": 0.00453259516507
    },
    "barkbands_kurtosis": {
        "dmean": 3.5855152607,
        "dmean2": 5.65363693237,
        "dvar": 168.976028442,
        "dvar2": 402.986724854,
        "max": 662.200622559,
        "mean": 5.53232765198,
        "median": 1.25604200363,
        "min": -1.89473319054,
        "var": 526.838012695
    },
    "barkbands_skewness": {
        "dmean": 0.525752544403,
        "dmean2": 0.806787371635,
        "dvar": 0.530166566372,
        "dvar2": 1.14735162258,
        "max": 22.2685604095,
        "mean": 1.24934911728,
        "median": 0.901724457741,
        "min": -4.4135260582,
        "var": 2.86428499222
    },
    "barkbands_spread": {
        "dmean": 6.20140266418,
        "dmean2": 9.596783638,
        "dvar": 55.0950737,
        "dvar2": 121.915878296,
        "max": 115.62008667,
        "mean": 24.0935592651,
        "median": 20.7957210541,
        "min": 0.201042532921,
        "var": 262.71673584
    },
    "dissonance": {
        "dmean": 0.0216570179909,
        "dmean2": 0.0368908382952,
        "dvar": 0.000516546017025,
        "dvar2": 0.00137200241443,
        "max": 0.500000059605,
        "mean": 0.46179574728,
        "median": 0.473999410868,
        "min": 0.190227925777,
        "var": 0.00135716563091
    },
    "dynamic_complexity": 4.03646326065,
    "erbbands_crest": {
        "dmean": 3.46824598312,
        "dmean2": 5.55936717987,
        "dvar": 10.5088167191,
        "dvar2": 25.102481842,
        "max": 33.1851501465,
        "mean": 12.5682783127,
        "median": 11.1022834778,
        "min": 2.29262137413,
        "var": 45.0545387268
    },
    "erbbands_flatness_db": {
        "dmean": 0.0191176068038,
        "dmean2": 0.0285664945841,
        "dvar": 0.000306701345835,
        "dvar2": 0.000653826049529,
        "max": 0.411151468754,
        "mean": 0.176145225763,
        "median": 0.169356554747,
        "min": 0.0472281053662,
        "var": 0.00364272668958
    },
    "erbbands_kurtosis": {
        "dmean": 1.67699551582,
        "dmean2": 2.62810111046,
        "dvar": 7.13973712921,
        "dvar2": 16.7905254364,
        "max": 112.082641602,
        "mean": 2.31732749939,
        "median": 0.800943136215,
        "min": -1.8104609251,
        "var": 29.5369148254
    },
    "erbbands_skewness": {
        "dmean": 0.443377554417,
        "dmean2": 0.678308069706,
        "dvar": 0.196760728955,
        "dvar2": 0.43281763792,
        "max": 9.12494850159,
        "mean": 0.881713926792,
        "median": 0.794700026512,
        "min": -5.33022165298,
        "var": 1.18615245819
    },
    "erbbands_spread": {
        "dmean": 7.35690498352,
        "dmean2": 11.2339935303,
        "dvar": 71.466255188,
        "dvar2": 161.514846802,
        "max": 128.526000977,
        "mean": 31.3072814941,
        "median": 27.0169258118,
        "min": 1.82371473312,
        "var": 365.075134277
    },
    "hfc": {
        "dmean": 8.62235164642,
        "dmean2": 12.2963199615,
        "dvar": 155.37159729,
        "dvar2": 285.516784668,
        "max": 237.10269165,
        "mean": 28.3816699982,
        "median": 22.4199905396,
        "min": 1.19556503513e-16,
        "var": 626.005859375
    },
    "melbands_crest": {
        "dmean": 3.6836514473,
        "dmean2": 5.94837665558,
        "dvar": 11.1447286606,
        "dvar2": 27.2129840851,
        "max": 37.9304656982,
        "mean": 15.5284976959,
        "median": 14.4177036285,
        "min": 2.06568312645,
        "var": 42.4834861755
    },
    "melbands_flatness_db": {
        "dmean": 0.0235176775604,
        "dmean2": 0.0366181433201,
        "dvar": 0.000586569949519,
        "dvar2": 0.00129008572549,
        "max": 0.573363363743,
        "mean": 0.172202721238,
        "median": 0.156305521727,
        "min": 0.00495890015736,
        "var": 0.00566636724398
    },
    "melbands_kurtosis": {
        "dmean": 7.06134223938,
        "dmean2": 11.0985040665,
        "dvar": 430.73828125,
        "dvar2": 954.450012207,
        "max": 726.849060059,
        "mean": 13.6525821686,
        "median": 4.28204250336,
        "min": -1.9291023016,
        "var": 1654.02099609
    },
    "melbands_skewness": {
        "dmean": 0.688082873821,
        "dmean2": 1.04934322834,
        "dvar": 0.794404268265,
        "dvar2": 1.75545310974,
        "max": 23.7931613922,
        "mean": 2.03746938705,
        "median": 1.60378098488,
        "min": -2.29252099991,
        "var": 4.94433927536
    },
    "melbands_spread": {
        "dmean": 8.25011539459,
        "dmean2": 12.7537994385,
        "dvar": 170.858978271,
        "dvar2": 322.92086792,
        "max": 276.546356201,
        "mean": 29.9396476746,
        "median": 26.1272697449,
        "min": 0.367287933826,
        "var": 587.534423828
    },
    "pitch_salience": {
        "dmean": 0.0726366564631,
        "dmean2": 0.11606823653,
        "dvar": 0.00450722780079,
        "dvar2": 0.0108689116314,
        "max": 0.879882931709,
        "mean": 0.526152193546,
        "median": 0.537835299969,
        "min": 0.0474757961929,
        "var": 0.0199504196644
    },
    "silence_rate_20dB": {
        "dmean": 0,
        "dmean2": 0,
        "dvar": 0,
        "dvar2": 0,
        "max": 1,
        "mean": 1,
        "median": 1,
        "min": 1,
        "var": 0
    },
    "silence_rate_30dB": {
        "dmean": 0.00370670692064,
        "dmean2": 0.00741427252069,
        "dvar": 0.00369259156287,
        "dvar2": 0.0101381577551,
        "max": 1,
        "mean": 0.995946288109,
        "median": 1,
        "min": 0,
        "var": 0.00403689267114
    },
    "silence_rate_60dB": {
        "dmean": 0.0210818946362,
        "dmean2": 0.0421686731279,
        "dvar": 0.0206358171999,
        "dvar2": 0.0482635982335,
        "max": 1,
        "mean": 0.106323838234,
        "median": 0,
        "min": 0,
        "var": 0.0950068756938
    },
    "spectral_centroid": {
        "dmean": 225.943222046,
        "dmean2": 346.901885986,
        "dvar": 87940.265625,
        "dvar2": 161937.71875,
        "max": 10964.8574219,
        "mean": 1551.91748047,
        "median": 1532.77783203,
        "min": 128.744598389,
        "var": 439702.25
    },
    "spectral_complexity": {
        "dmean": 3.27487540245,
        "dmean2": 5.18350315094,
        "dvar": 12.7930259705,
        "dvar2": 27.5319480896,
        "max": 56,
        "mean": 19.1444282532,
        "median": 20,
        "min": 0,
        "var": 106.98008728
    },
    "spectral_decrease": {
        "dmean": 2.05483541293e-09,
        "dmean2": 3.1325511074e-09,
        "dvar": 7.33810202087e-18,
        "dvar2": 1.73084813481e-17,
        "max": -4.27626082059e-29,
        "mean": -6.14876460858e-09,
        "median": -4.96698504548e-09,
        "min": -5.45233405091e-08,
        "var": 2.59743497e-17
    },
    "spectral_energy": {
        "dmean": 0.00837526563555,
        "dmean2": 0.0126845305786,
        "dvar": 0.000115297974844,
        "dvar2": 0.000269981712336,
        "max": 0.207391157746,
        "mean": 0.025781204924,
        "median": 0.0211415328085,
        "min": 1.10055233433e-20,
        "var": 0.000426924176281
    },
    "spectral_energyband_high": {
        "dmean": 0.00050843966892,
        "dmean2": 0.000722478085663,
        "dvar": 1.57553427016e-06,
        "dvar2": 2.76749574368e-06,
        "max": 0.0320516936481,
        "mean": 0.00126679590903,
        "median": 0.000810718745925,
        "min": 7.65495476297e-21,
        "var": 3.91193452742e-06
    },
    "spectral_energyband_low": {
        "dmean": 0.00259993923828,
        "dmean2": 0.00427461229265,
        "dvar": 5.27644697286e-05,
        "dvar2": 0.000134407920996,
        "max": 0.205817386508,
        "mean": 0.00535967107862,
        "median": 0.00247022043914,
        "min": 6.98447916043e-23,
        "var": 0.000121861579828
    },
    "spectral_energyband_middle_high": {
        "dmean": 0.0038885679096,
        "dmean2": 0.00589834386483,
        "dvar": 4.33655550296e-05,
        "dvar2": 0.000102176090877,
        "max": 0.0914954170585,
        "mean": 0.010031118989,
        "median": 0.00434361957014,
        "min": 1.80724968819e-21,
        "var": 0.000161562275025
    },
    "spectral_energyband_middle_low": {
        "dmean": 0.00444842176512,
        "dmean2": 0.00675240112469,
        "dvar": 5.0343980547e-05,
        "dvar2": 0.000112552486826,
        "max": 0.117142371833,
        "mean": 0.00999436341226,
        "median": 0.0047546857968,
        "min": 4.48153369625e-22,
        "var": 0.000169649996678
    },
    "spectral_entropy": {
        "dmean": 0.142450094223,
        "dmean2": 0.212716832757,
        "dvar": 0.0223481487483,
        "dvar2": 0.0449730604887,
        "max": 9.78325843811,
        "mean": 7.73150110245,
        "median": 7.80784225464,
        "min": 4.56193113327,
        "var": 0.245146930218
    },
    "spectral_flux": {
        "dmean": 0.0249702632427,
        "dmean2": 0.039944794029,
        "dvar": 0.000726528465748,
        "dvar2": 0.00180108449422,
        "max": 0.39943048358,
        "mean": 0.0851068720222,
        "median": 0.0816658735275,
        "min": 1.0490721486e-10,
        "var": 0.00223345984705
    },
    "spectral_kurtosis": {
        "dmean": 1.10824966431,
        "dmean2": 1.85583031178,
        "dvar": 2.75764393806,
        "dvar2": 8.25395107269,
        "max": 46.7188262939,
        "mean": 3.86863398552,
        "median": 3.04516530037,
        "min": -1.32849049568,
        "var": 13.304681778
    },
    "spectral_rms": {
        "dmean": 0.000778168148827,
        "dmean2": 0.00115058314987,
        "dvar": 7.01490193933e-07,
        "dvar2": 1.48362835262e-06,
        "max": 0.0142243746668,
        "mean": 0.0045553855598,
        "median": 0.00454157311469,
        "min": 3.27675083248e-12,
        "var": 4.40082476416e-06
    },
    "spectral_rolloff": {
        "dmean": 564.316772461,
        "dmean2": 941.150634766,
        "dvar": 1107629.5,
        "dvar2": 2284522.5,
        "max": 18927.6855469,
        "mean": 1892.65002441,
        "median": 1571.92382812,
        "min": 43.06640625,
        "var": 2988793
    },
    "spectral_skewness": {
        "dmean": 0.157403588295,
        "dmean2": 0.252439558506,
        "dvar": 0.0282688103616,
        "dvar2": 0.0706626996398,
        "max": 5.1419377327,
        "mean": 1.50147628784,
        "median": 1.42244982719,
        "min": -0.402918934822,
        "var": 0.248461067677
    },
    "spectral_spread": {
        "dmean": 474768.25,
        "dmean2": 704580.75,
        "dvar": 536169054208,
        "dvar2": 885232566272,
        "max": 40481908,
        "mean": 4950701.5,
        "median": 4769104,
        "min": 1199853.375,
        "var": 2.53684717978e+12
    },
    "spectral_strongpeak": {
        "dmean": 0.904952943325,
        "dmean2": 1.45632708073,
        "dvar": 1.66320931911,
        "dvar2": 4.01058578491,
        "max": 13.8831615448,
        "mean": 1.80437517166,
        "median": 0.88141143322,
        "min": 0,
        "var": 4.35005044937
    },
    "zerocrossingrate": {
        "dmean": 0.0112194959074,
        "dmean2": 0.0128218512982,
        "dvar": 0.000271389319096,
        "dvar2": 0.000258869666141,
        "max": 0.587890625,
        "mean": 0.0755432844162,
        "median": 0.068359375,
        "min": 0.00244140625,
        "var": 0.00206667906605
    },
    "barkbands": {
        "dmean": [0.000237215441302, 0.0022056158632, 0.000625843647867, 0.000488671066705, 0.000798050139565, 0.00101421435829, 0.000492013292387, 0.000737449503504, 0.00182801694609, 0.00220476742834, 0.00109964678995, 0.0010368990479, 0.000392400223063, 0.000417807663325, 0.000439140858361, 0.000295406469377, 0.000207423901884, 0.000156423542649, 0.000164746656083, 8.62622546265e-05, 7.1494236181e-05, 9.08629153855e-05, 0.000190366539755, 0.00014152933727, 6.45720137982e-05, 3.43327774317e-05, 5.29088765688e-06],
        "dmean2": [0.000375416886527, 0.00368545902893, 0.00107991031837, 0.000878175313119, 0.00127781846095, 0.00155260250904, 0.000792353530414, 0.00116065109614, 0.00281203445047, 0.00352882617153, 0.00170637608971, 0.00164010585286, 0.000621745595708, 0.000649090798106, 0.000697773473803, 0.000471599574666, 0.000332821917254, 0.000247920805123, 0.000262640183792, 0.000139029260026, 0.000114999842481, 0.000139472613228, 0.000284411740722, 0.000209172852919, 9.18280929909e-05, 4.61464478576e-05, 7.5215752986e-06],
        "dvar": [1.53192138441e-06, 4.13035195379e-05, 6.40799999019e-06, 3.90878858525e-06, 3.70418615603e-06, 6.5745421125e-06, 3.40315750691e-06, 5.68812447455e-06, 2.38005632127e-05, 2.78093448287e-05, 1.4015202396e-05, 1.19099004223e-05, 1.38870416322e-06, 1.06675133793e-06, 1.08577398805e-06, 4.08464302382e-07, 2.09924223782e-07, 9.26712218074e-08, 1.22605712249e-07, 2.319013781e-08, 2.22730598409e-08, 4.88510316643e-08, 2.46186004915e-07, 2.37309691897e-07, 9.51221608148e-08, 1.21584404766e-08, 2.7476115827e-10],
        "dvar2": [3.27747648043e-06, 0.000111102192022, 1.68430578924e-05, 1.12387706395e-05, 8.24114340503e-06, 1.36015678436e-05, 7.43542386772e-06, 1.25869009935e-05, 5.47403615201e-05, 6.92693211022e-05, 3.10924770019e-05, 2.90809002763e-05, 3.38904123964e-06, 2.47885122917e-06, 2.60859360424e-06, 9.97563233796e-07, 4.64853826543e-07, 2.05792105135e-07, 2.72144490054e-07, 5.68650868615e-08, 5.65429552069e-08, 1.01651977502e-07, 4.90433592404e-07, 4.26196464787e-07, 1.64268342928e-07, 2.33449668485e-08, 5.30868959903e-10],
        "max": [0.0703893750906, 0.157560139894, 0.0645787119865, 0.0379507429898, 0.0545504838228, 0.0542327575386, 0.0644693076611, 0.0490301549435, 0.113000184298, 0.0756944417953, 0.0757634937763, 0.0859946236014, 0.0312100760639, 0.02033133246, 0.0411968864501, 0.0165201611817, 0.0165940690786, 0.0117834629491, 0.00979141984135, 0.00364464335144, 0.00352502474561, 0.00808929745108, 0.0159597508609, 0.0139951892197, 0.00867856107652, 0.00378582370467, 0.000492971506901],
        "mean": [0.000508667493705, 0.0039775967598, 0.000661464873701, 0.00046358423424, 0.00120077189058, 0.00189544819295, 0.000798794731963, 0.00107664975803, 0.00318374065682, 0.00358031969517, 0.00153516582213, 0.00184798962437, 0.000630559632555, 0.000728027778678, 0.000732825545128, 0.000514130457304, 0.000421864475356, 0.000318666454405, 0.000347752327798, 0.000197378103621, 0.000158392998856, 0.000194041567738, 0.000364617473679, 0.000266439514235, 0.000110761015094, 5.73948527745e-05, 8.15146631794e-06],
        "median": [4.48073624284e-05, 0.00157119974028, 0.000191737723071, 0.000149313826114, 0.000382171216188, 0.000502477632836, 0.000217366119614, 0.000259066262515, 0.000448207661975, 0.000426024751505, 0.000146372447489, 0.000220384434215, 0.000183857337106, 0.000225081836106, 0.000242552196141, 0.000241622852627, 0.000254934129771, 0.000199209840503, 0.000215817970457, 0.000144009449286, 0.000101977813756, 0.000127726380015, 0.000201116534299, 0.000128856583615, 3.13380878652e-05, 1.26107388496e-05, 1.46478419083e-06],
        "min": [4.21552752709e-23, 1.22389789404e-23, 2.01680021257e-23, 3.3942595848e-23, 5.41357689474e-23, 3.91595980715e-23, 5.5742135875e-23, 9.8303964813e-23, 1.32085532062e-22, 2.05868197398e-22, 3.19095561448e-23, 1.39858298468e-22, 1.04713996093e-22, 8.46047767269e-23, 1.27935240176e-22, 2.01402537855e-22, 2.25259395569e-22, 3.18219219024e-22, 2.83077043418e-22, 2.25328461919e-22, 4.37037221377e-22, 3.81132327719e-22, 7.43942736137e-22, 9.18264083013e-22, 9.4986082741e-22, 1.88233086907e-21, 2.56244054585e-21],
        "var": [5.40426935913e-06, 7.40029427106e-05, 6.19969296167e-06, 2.45566388912e-06, 7.62789750297e-06, 1.90406462934e-05, 7.98479868536e-06, 1.06622501335e-05, 7.26480939193e-05, 6.22295774519e-05, 2.54702317761e-05, 3.39598482242e-05, 2.70994610219e-06, 2.6333182177e-06, 2.3961711122e-06, 7.73777742324e-07, 4.9861023399e-07, 2.34977079572e-07, 2.77186813946e-07, 5.22923606638e-08, 4.2604156647e-08, 8.43662348871e-08, 4.35663338294e-07, 5.27203553702e-07, 2.0330338657e-07, 2.5612431287e-08, 5.47921208405e-10]
    },
    "erbbands": {
        "dmean": [0.0846274420619, 0.431511640549, 0.592257499695, 1.3700928688, 1.86601221561, 2.5132958889, 7.64340305328, 7.58719110489, 7.05132055283, 8.69297981262, 19.7119846344, 39.0150794983, 64.7166442871, 58.4298477173, 36.9035377502, 45.7378540039, 19.5222530365, 18.9238071442, 22.5992336273, 18.7104873657, 12.6752271652, 10.325928688, 7.60648441315, 9.39541435242, 6.35899305344, 4.15104579926, 3.1020925045, 2.99066185951, 3.04900479317, 4.73448419571, 5.54219961166, 3.47656393051, 2.07068228722, 0.840645968914, 0.425430238247, 0.188991114497, 0.0568682476878, 0.0109423734248, 0.000831353652757, 2.86429130938e-05],
        "dmean2": [0.135297238827, 0.739829897881, 0.979898810387, 2.42391657829, 3.31131982803, 4.01932239532, 11.3563013077, 11.7314224243, 11.1827659607, 13.7891864777, 30.7162342072, 58.9812049866, 101.243537903, 92.3482589722, 55.8837089539, 72.2819061279, 30.6533756256, 28.8474597931, 35.4946899414, 29.6244049072, 20.2342224121, 16.3293838501, 12.0051870346, 15.0754175186, 9.9979133606, 6.72053289413, 5.0484161377, 4.77932929993, 4.72492313385, 7.21313381195, 8.28016757965, 5.09949922562, 3.08662986755, 1.21697080135, 0.602716565132, 0.265741854906, 0.0764495283365, 0.0147218322381, 0.00115700531751, 3.99822929467e-05],
        "dvar": [0.0544442236423, 1.94164896011, 5.9665350914, 32.855342865, 23.9215545654, 48.4160041809, 506.943817139, 395.045349121, 482.652191162, 1182.92199707, 3927.20849609, 13916.8417969, 27685.1855469, 26323.1601562, 17214.0566406, 25726.4101562, 2920.02612305, 1973.77087402, 3432.27172852, 1637.79138184, 623.73828125, 598.08190918, 263.947296143, 377.918457031, 193.122192383, 56.0262832642, 42.1232337952, 40.8926811218, 42.2132377625, 178.793060303, 207.257995605, 112.805236816, 68.822013855, 17.514509201, 3.83624100685, 0.474102377892, 0.0300370808691, 0.00103391439188, 7.65952790971e-06, 5.72277825128e-09],
        "dvar2": [0.135910600424, 5.41161632538, 15.4112062454, 93.3063735962, 68.2758102417, 103.54069519, 969.431091309, 855.270690918, 1131.83508301, 2615.11987305, 8200.04980469, 31244.6855469, 65235.6484375, 67714.65625, 38359.9648438, 62557.7460938, 7374.22509766, 4209.56738281, 7971.46240234, 3811.84277344, 1493.80883789, 1310.25708008, 588.356567383, 922.086791992, 390.191345215, 139.139724731, 109.072883606, 104.477500916, 89.5776138306, 387.690887451, 406.91003418, 203.34538269, 125.147140503, 30.8044948578, 6.70037746429, 0.933712244034, 0.0587098896503, 0.00187374395318, 1.36841827043e-05, 9.81868097938e-09],
        "max": [7.08441400528, 41.8195724487, 78.565788269, 102.69190979, 63.732749939, 226.701782227, 461.852844238, 567.760498047, 731.480163574, 1121.28015137, 1638.08068848, 3441.11352539, 2995.04272461, 3024.72729492, 2960.40625, 4390.08203125, 1653.34008789, 1071.50708008, 2382.55078125, 910.023132324, 764.26940918, 945.877441406, 775.345336914, 542.659912109, 606.20904541, 154.923721313, 215.024032593, 145.453399658, 198.483535767, 437.733032227, 474.196990967, 303.343383789, 292.066223145, 135.109924316, 58.7620773315, 25.5002326965, 5.23484182358, 0.893185675144, 0.0796298980713, 0.00186351733282],
        "mean": [0.172679260373, 0.656733572483, 0.765721917152, 1.37908554077, 1.95882511139, 3.97882318497, 13.5751533508, 13.6359052658, 11.4048137665, 13.3285913467, 31.6148796082, 67.3035049438, 117.560508728, 96.1861953735, 58.3665428162, 84.4638977051, 36.1872138977, 36.1566085815, 40.1397361755, 34.4656524658, 26.381319046, 22.6183357239, 17.1618080139, 19.6541976929, 14.316534996, 9.68191814423, 6.98126888275, 6.3635263443, 6.49239969254, 9.26282215118, 10.4596395493, 6.59141874313, 3.82526874542, 1.46437358856, 0.702966570854, 0.303480505943, 0.0925956293941, 0.0195769146085, 0.0012637693435, 6.51075970381e-05],
        "median": [0.0500921346247, 0.239955127239, 0.304620087147, 0.502831816673, 0.686934828758, 1.23548161983, 2.40389442444, 3.83301639557, 3.83393669128, 3.78509354591, 8.64179611206, 11.7004861832, 16.953212738, 11.7815303802, 9.84203910828, 11.2074222565, 10.8221569061, 13.0721664429, 12.3341684341, 16.0417556763, 15.0921278, 14.4792890549, 11.3290700912, 12.7270927429, 9.01111793518, 7.01949310303, 4.64254140854, 4.03776741028, 4.21408653259, 5.55091714859, 5.51449203491, 3.34912037849, 1.74749732018, 0.481144011021, 0.175904601812, 0.0721173286438, 0.0178108401597, 0.00426051253453, 0.000199123343918, 3.9974846004e-05],
        "min": [8.79652964152e-22, 1.44355224671e-21, 1.9403127161e-20, 7.96402449806e-20, 1.5473473183e-19, 1.29668432158e-19, 1.61722650247e-19, 3.97928442709e-19, 7.28068193448e-19, 1.46380393758e-18, 2.30967045678e-18, 3.67591991824e-18, 4.62825874774e-18, 4.5266859316e-18, 2.83448925848e-18, 5.38746786141e-18, 5.17137602537e-18, 3.91393659001e-18, 5.8983867201e-18, 1.03062568421e-17, 1.02694175263e-17, 1.17414218223e-17, 2.00877585754e-17, 1.62302150237e-17, 1.30920886486e-17, 1.00011901507e-17, 1.71030510429e-17, 1.64031586374e-17, 1.48371039058e-17, 1.74541081493e-17, 1.75865910505e-17, 1.87226756454e-17, 1.62132363144e-17, 1.00236017822e-17, 7.65703060503e-18, 7.05372311654e-18, 3.08897737099e-18, 1.34768773531e-18, 3.13178153785e-19, 4.0764820911e-20],
        "var": [0.197452023625, 2.04963469505, 6.65718507767, 21.9460487366, 19.6255130768, 115.31337738, 1361.61645508, 1088.12585449, 989.110290527, 2281.02587891, 8355.5078125, 35450.0078125, 79572.109375, 59753.6210938, 34110.96875, 73955.1328125, 6529.44921875, 5461.72509766, 7760.82910156, 3352.35375977, 1526.48974609, 1438.84887695, 710.53338623, 737.091064453, 497.318145752, 124.011642456, 80.5127182007, 71.0955810547, 79.9689941406, 267.7237854, 375.770080566, 234.461029053, 147.058639526, 36.3213996887, 8.08228492737, 0.947423517704, 0.0614317283034, 0.00234355963767, 1.6145842892e-05, 1.40745717303e-08]
    },
    "gfcc": {
        "mean": [-4.49871683121, 60.3510131836, -133.749038696, 18.0131988525, -67.0646896362, 21.5411891937, -35.2066726685, 12.7305574417, -15.591258049, -2.10632872581, -13.8626728058, 4.13041448593, -9.67101192474],
        "cov": [[8910.94238281, -1225.81555176, 916.669677734, 1126.69470215, 471.50189209, 647.641113281, 146.808563232, 381.407592773, 0.612376272678, 429.722198486, 152.007705688, 368.617675781, -175.941757202], [-1225.81555176, 1070.44799805, 111.501205444, 56.6853523254, 191.002410889, 15.08680439, 144.530883789, -9.85364723206, 126.379142761, -53.1886482239, 77.5107269287, -43.6651420593, 97.9826889038], [916.669677734, 111.501205444, 1155.99353027, 553.315795898, 230.653823853, 106.180236816, -90.5821228027, 47.0867424011, 50.8186073303, 139.658752441, 69.4980621338, 117.310112, -4.47728919983], [1126.69470215, 56.6853523254, 553.315795898, 678.21270752, 331.635650635, 225.869049072, 60.9066734314, 130.283187866, 89.5934371948, 144.201980591, 80.7149887085, 70.2358322144, -17.7996845245], [471.50189209, 191.002410889, 230.653823853, 331.635650635, 498.250732422, 309.574462891, 245.975494385, 145.205322266, 63.608291626, 140.869155884, 51.7517585754, 7.66736221313, -0.303503125906], [647.641113281, 15.08680439, 106.180236816, 225.869049072, 309.574462891, 445.93548584, 265.16897583, 135.055755615, 46.614074707, 105.769088745, 65.3604202271, 10.4440736771, -0.37687087059], [146.808563232, 144.530883789, -90.5821228027, 60.9066734314, 245.975494385, 265.16897583, 352.805755615, 164.56111145, 60.4998207092, 54.8283729553, 4.03429174423, -30.4176387787, 27.2203540802], [381.407592773, -9.85364723206, 47.0867424011, 130.283187866, 145.205322266, 135.055755615, 164.56111145, 239.879241943, 103.538002014, 59.4259529114, -12.7057914734, -13.6524553299, 14.917014122], [0.612376272678, 126.379142761, 50.8186073303, 89.5934371948, 63.608291626, 46.614074707, 60.4998207092, 103.538002014, 161.099563599, 30.1928253174, 37.753074646, 1.76673460007, 25.2439174652], [429.722198486, -53.1886482239, 139.658752441, 144.201980591, 140.869155884, 105.769088745, 54.8283729553, 59.4259529114, 30.1928253174, 179.190124512, 72.599861145, 31.17786026, -28.8783302307], [152.007705688, 77.5107269287, 69.4980621338, 80.7149887085, 51.7517585754, 65.3604202271, 4.03429174423, -12.7057914734, 37.753074646, 72.599861145, 157.521499634, 68.2114944458, 1.90075707436], [368.617675781, -43.6651420593, 117.310112, 70.2358322144, 7.66736221313, 10.4440736771, -30.4176387787, -13.6524553299, 1.76673460007, 31.17786026, 68.2114944458, 113.642288208, 22.6504573822], [-175.941757202, 97.9826889038, -4.47728919983, -17.7996845245, -0.303503125906, -0.37687087059, 27.2203540802, 14.917014122, 25.2439174652, -28.8783302307, 1.90075707436, 22.6504573822, 100.09740448]],
        "icov": [[0.000220585527131, 0.000181589377462, -2.88625233225e-06, -0.000269839016255, 8.49305797601e-05, -0.000152912733029, -5.95637320657e-05, -0.000201777162147, 0.000110897810373, -5.91232164879e-05, 0.000128259227495, -0.000630737398751, 0.000303073291434], [0.000181589377462, 0.00212285248563, -0.000521168170962, -0.000133709370857, -0.00105325505137, 0.00116235902533, -0.00153943873011, 0.00123241683468, -0.0012061917223, 0.00145016913302, -0.00196968065575, 0.00158350623678, -0.00116810563486], [-2.88625233225e-06, -0.000521168170962, 0.00181138108019, -0.00114647473674, -3.77158830815e-05, -0.000468014826765, 0.00134319625795, -0.000260711327428, 0.000183645475772, -0.000912873714697, 0.00121043738909, -0.00146800791845, 5.34665887244e-05], [-0.000269839016255, -0.000133709370857, -0.00114647473674, 0.00417683878914, -0.00194880773779, -0.000606958579738, 0.00143016292714, -0.000763266347349, -0.000964147271588, 0.000227687312872, -0.000403024372645, 2.3803440854e-05, 0.000375788426027], [8.49305797601e-05, -0.00105325505137, -3.77158830815e-05, -0.00194880773779, 0.00640886090696, -0.00190481147729, -0.0020335027948, -0.000276702223346, 0.000994677189738, -0.00267471699044, 0.00135639507789, -0.000466294761281, 0.000495784624945], [-0.000152912733029, 0.00116235902533, -0.000468014826765, -0.000606958579738, -0.00190481147729, 0.00677422108129, -0.0044900206849, 0.000749177124817, 0.000211743405089, 0.00106159248389, -0.00331547018141, 0.00199869368225, -0.000542793190107], [-5.95637320657e-05, -0.00153943873011, 0.00134319625795, 0.00143016292714, -0.0020335027948, -0.0044900206849, 0.0104496655986, -0.00446279300377, 0.000922743754927, -0.000934852287173, 0.00185102235992, -0.000548283336684, -0.000896552635822], [-0.000201777162147, 0.00123241683468, -0.000260711327428, -0.000763266347349, -0.000276702223346, 0.000749177124817, -0.00446279300377, 0.0110306702554, -0.00613751402125, -0.00119661330245, 0.00240629259497, 0.00117711513303, -0.00124613114167], [0.000110897810373, -0.0012061917223, 0.000183645475772, -0.000964147271588, 0.000994677189738, 0.000211743405089, 0.000922743754927, -0.00613751402125, 0.0117655405775, -0.000235840096138, -0.00319247343577, 0.00107070209924, -0.00133696699049], [-5.91232164879e-05, 0.00145016913302, -0.000912873714697, 0.000227687312872, -0.00267471699044, 0.00106159248389, -0.000934852287173, -0.00119661330245, -0.000235840096138, 0.0113199753687, -0.0056810346432, 0.00113258138299, 0.00208154600114], [0.000128259227495, -0.00196968065575, 0.00121043738909, -0.000403024372645, 0.00135639507789, -0.00331547018141, 0.00185102235992, 0.00240629259497, -0.00319247343577, -0.0056810346432, 0.015273696743, -0.0091772088781, 0.00221840571612], [-0.000630737398751, 0.00158350623678, -0.00146800791845, 2.3803440854e-05, -0.000466294761281, 0.00199869368225, -0.000548283336684, 0.00117711513303, 0.00107070209924, 0.00113258138299, -0.0091772088781, 0.0193509571254, -0.00688816234469], [0.000303073291434, -0.00116810563486, 5.34665887244e-05, 0.000375788426027, 0.000495784624945, -0.000542793190107, -0.000896552635822, -0.00124613114167, -0.00133696699049, 0.00208154600114, 0.00221840571612, -0.00688816234469, 0.014618858695]]
    },
    "melbands": {
        "dmean": [0.000681206642184, 0.000346378161339, 0.000242302921833, 0.00014697984443, 0.000227456432185, 0.000174418804818, 0.000105387436633, 0.00010015884618, 0.000181494717253, 0.000266729679424, 0.000326119392412, 0.000244368216954, 0.000134914051159, 0.000122668454424, 7.86914170021e-05, 3.77727192244e-05, 3.88859152736e-05, 3.80735327781e-05, 2.9696693673e-05, 2.37601398112e-05, 1.58952680067e-05, 1.27899029394e-05, 8.56593214849e-06, 7.85393967817e-06, 8.54550398799e-06, 6.27882809567e-06, 3.44472618963e-06, 3.02532112073e-06, 2.28311319006e-06, 1.73823354999e-06, 1.99094961317e-06, 1.89123363725e-06, 1.95081383936e-06, 3.22631308336e-06, 3.65993946616e-06, 2.59248986367e-06, 2.22068706535e-06, 1.76969103904e-06, 9.11381505375e-07, 6.9944360348e-07],
        "dmean2": [0.00111950736027, 0.000579766521696, 0.000426511600381, 0.000250311539276, 0.000335608143359, 0.000269751995802, 0.000167034231708, 0.000158108668984, 0.000282807450276, 0.000402631005272, 0.000509656965733, 0.000389159715269, 0.000207189150387, 0.000191012426512, 0.000122988843941, 5.89586452406e-05, 5.94984667259e-05, 6.00467064942e-05, 4.69075130241e-05, 3.76469834009e-05, 2.56454404735e-05, 2.04216521524e-05, 1.39014109664e-05, 1.25106007545e-05, 1.39365347422e-05, 9.8957125374e-06, 5.55290353077e-06, 4.99818315802e-06, 3.7751688069e-06, 2.85865439764e-06, 3.2187836041e-06, 3.02107491734e-06, 2.99154976346e-06, 5.01390650243e-06, 5.53337577003e-06, 3.93235814045e-06, 3.31229171024e-06, 2.67976383839e-06, 1.35810353186e-06, 1.02690000858e-06],
        "dvar": [3.58752322427e-06, 1.64490063526e-06, 8.08952279385e-07, 1.24800052959e-07, 4.08989706102e-07, 1.89468693179e-07, 1.20200994047e-07, 1.37075176099e-07, 3.18626632634e-07, 6.13428255747e-07, 7.03616080955e-07, 4.55077014294e-07, 2.401054644e-07, 1.65758507364e-07, 5.46080940467e-08, 1.38057822952e-08, 9.09304098684e-09, 1.02810968627e-08, 5.23589083201e-09, 3.21698689909e-09, 1.17678944367e-09, 9.94704318913e-10, 3.56523005562e-10, 2.75000078265e-10, 3.50010409544e-10, 2.46110992697e-10, 4.54852891463e-11, 2.97862533249e-11, 2.24344796212e-11, 1.15985051424e-11, 1.8541246663e-11, 1.37835229341e-11, 2.97893654189e-11, 7.89094831144e-11, 8.87897394497e-11, 5.64816249327e-11, 4.93087515263e-11, 5.14195942769e-11, 1.77453936961e-11, 1.35200088971e-11],
        "dvar2": [9.36793094297e-06, 4.28731118518e-06, 2.27607233683e-06, 3.18681628642e-07, 7.79848562615e-07, 4.05736670928e-07, 2.72995322348e-07, 3.04858275513e-07, 6.52485198316e-07, 1.36132700845e-06, 1.66985921624e-06, 1.17809383937e-06, 5.33491856913e-07, 3.94521322278e-07, 1.31127464442e-07, 3.35878667101e-08, 1.97656913059e-08, 2.34727419723e-08, 1.24182744088e-08, 7.71274244471e-09, 2.86279577821e-09, 2.17127804625e-09, 8.39961322718e-10, 6.39878261488e-10, 8.73265182388e-10, 5.17087317409e-10, 1.06331020377e-10, 7.63339322307e-11, 5.83920758968e-11, 2.93797312867e-11, 4.8145171877e-11, 3.15231833692e-11, 6.27132512587e-11, 1.80568324182e-10, 1.86223148013e-10, 1.11464310004e-10, 9.03941504982e-11, 1.00516255042e-10, 3.43934360159e-11, 2.52040038146e-11],
        "max": [0.0437974557281, 0.0487309843302, 0.0161852519959, 0.00896481331438, 0.0141884023324, 0.0116114625707, 0.0110106412321, 0.0100728524849, 0.0152803873643, 0.0221749451011, 0.0147473812103, 0.0119922282174, 0.0124629307538, 0.00965796969831, 0.00490025570616, 0.00416147802025, 0.00243864231743, 0.00336588965729, 0.00188771588728, 0.00120881630573, 0.000822553643957, 0.00139356241561, 0.000565892143641, 0.00079035613453, 0.000526181422174, 0.00064833543729, 0.000174318192876, 0.000112830733997, 0.000127826264361, 8.50770957186e-05, 8.63111417857e-05, 9.78766183835e-05, 0.000201854796614, 0.000303227541735, 0.000336500408594, 0.000253287900705, 0.000226594886044, 0.000277410028502, 0.000157454822329, 0.000136594419018],
        "mean": [0.00130741880275, 0.000562286411878, 0.000251174002187, 0.000188734469702, 0.000415697722929, 0.000319920334732, 0.000172847838257, 0.000148036502651, 0.000279974890873, 0.000457618501969, 0.000580028165132, 0.000390308268834, 0.00019785684708, 0.000209318459383, 0.000142856006278, 6.10144379607e-05, 6.83958569425e-05, 6.36832482996e-05, 5.08579068992e-05, 3.98922238674e-05, 2.99607672787e-05, 2.48326668952e-05, 1.69881368492e-05, 1.51453041326e-05, 1.6152187527e-05, 1.25454662339e-05, 7.23816674508e-06, 6.2809699557e-06, 4.59556213173e-06, 3.56125838152e-06, 3.774765446e-06, 3.63709955309e-06, 3.8131988731e-06, 5.77756054554e-06, 6.53784900351e-06, 4.57843498225e-06, 3.93291020373e-06, 3.05648427457e-06, 1.5820395447e-06, 1.10708026568e-06],
        "median": [0.000486175587866, 0.000241631481913, 9.65824874584e-05, 6.63153623464e-05, 8.19916167529e-05, 9.15682467166e-05, 5.38407693966e-05, 4.12142035202e-05, 6.72137466609e-05, 6.6188222263e-05, 7.26917642169e-05, 3.79709126719e-05, 2.32008551393e-05, 2.54819788097e-05, 2.35559746216e-05, 1.94754029508e-05, 2.14716237679e-05, 1.69747545442e-05, 1.84570235433e-05, 1.74973501998e-05, 1.53719483933e-05, 1.45903677549e-05, 1.04759674286e-05, 9.5299219538e-06, 9.88687497738e-06, 7.14087218512e-06, 4.91542505188e-06, 4.27442773798e-06, 2.95624568025e-06, 2.19554021896e-06, 2.29119814321e-06, 2.19521530198e-06, 2.32676711676e-06, 3.14324597639e-06, 3.28744363287e-06, 2.26908127843e-06, 1.87545469998e-06, 1.34470610647e-06, 6.13912050085e-07, 2.92679601444e-07],
        "min": [7.29945775148e-24, 6.83775639631e-24, 1.52378044838e-23, 1.15341995636e-23, 5.53587873404e-24, 8.41160253313e-24, 1.19370582062e-23, 1.79129312098e-23, 1.95996877969e-23, 2.11887755152e-23, 2.41434067041e-23, 2.105624215e-23, 7.07185402538e-24, 1.46581842005e-23, 1.35424351134e-23, 9.07632907516e-24, 6.75180605638e-24, 9.98936378661e-24, 8.92683125615e-24, 1.46107105512e-23, 1.19231458552e-23, 1.0342598345e-23, 1.66177241554e-23, 1.64637179963e-23, 1.31875873344e-23, 9.45174876882e-24, 8.06367858632e-24, 6.50705407193e-24, 1.21636908445e-23, 8.10691368596e-24, 1.03801134142e-23, 8.73062103864e-24, 6.29262590067e-24, 1.25584865397e-23, 9.03765359156e-24, 1.41881792954e-23, 9.0226242136e-24, 1.16425448758e-23, 9.45383688364e-24, 8.05742449707e-24],
        "var": [9.20628735912e-06, 2.00799308914e-06, 5.60538524041e-07, 2.0290518421e-07, 1.14582121569e-06, 5.48134380551e-07, 2.69631442507e-07, 2.46622619215e-07, 6.65581183057e-07, 1.63698268807e-06, 2.00430258701e-06, 1.02974399852e-06, 4.59088312255e-07, 4.4054428372e-07, 1.53339570375e-07, 2.55464307486e-08, 2.34142198963e-08, 2.22126033123e-08, 1.06804067812e-08, 5.76140113395e-09, 2.56597543213e-09, 2.11301043329e-09, 8.98223329049e-10, 5.39341515893e-10, 5.90275606172e-10, 5.74779168705e-10, 9.04850153138e-11, 6.00257829553e-11, 3.85049769847e-11, 2.443279086e-11, 2.76966505286e-11, 2.51356574443e-11, 4.51192902484e-11, 1.11160615435e-10, 1.50302034707e-10, 9.7185565151e-11, 1.04513314669e-10, 9.90004675461e-11, 3.46537555596e-11, 2.54624949597e-11]
    },
    "mfcc": {
        "mean": [-642.340576172, 93.3485412598, -10.362077713, 0.623989999294, -3.91042900085, 2.26869249344, -6.86142683029, 12.571928978, -2.70540308952, 8.22486019135, -2.7596783638, -0.980759859085, -3.17043852806],
        "cov": [[8117.48291016, -1315.89880371, 432.445068359, 700.484985352, 473.214508057, 520.51776123, 391.409606934, 309.491333008, 50.7818450928, 264.726104736, 61.7254867554, 255.934356689, 366.082366943], [-1315.89880371, 862.340698242, -4.14928388596, -1.5282638073, 22.9962902069, 12.917552948, 38.7816925049, 22.7471504211, 51.4794578552, 35.0626678467, 23.4819583893, -10.1782398224, -44.9905395508], [432.445068359, -4.14928388596, 834.944335938, 375.804260254, 295.665100098, 101.529968262, -45.846370697, -2.62459468842, -61.2834892273, 1.50107705593, 7.87560176849, 70.2380218506, 40.5451698303], [700.484985352, -1.5282638073, 375.804260254, 511.088439941, 305.857940674, 134.251754761, 63.0485992432, 47.1631164551, 61.3965759277, 55.0777702332, 51.1674537659, 118.354431152, 78.4458236694], [473.214508057, 22.9962902069, 295.665100098, 305.857940674, 368.956054688, 195.07951355, 125.084823608, 65.2956314087, 69.1156463623, 70.7377319336, 70.3248062134, 107.568504333, 89.4088897705], [520.51776123, 12.917552948, 101.529968262, 134.251754761, 195.07951355, 342.802856445, 239.238815308, 97.1393814087, 67.0601882935, 75.5830535889, 83.7404632568, 66.1984024048, 95.3172607422], [391.409606934, 38.7816925049, -45.846370697, 63.0485992432, 125.084823608, 239.238815308, 359.635192871, 111.186218262, 173.5025177, 85.8966369629, 99.4878158569, 63.5869178772, 80.8953933716], [309.491333008, 22.7471504211, -2.62459468842, 47.1631164551, 65.2956314087, 97.1393814087, 111.186218262, 202.625701904, 115.284133911, 89.4697494507, 27.508556366, 23.1056423187, 34.9590568542], [50.7818450928, 51.4794578552, -61.2834892273, 61.3965759277, 69.1156463623, 67.0601882935, 173.5025177, 115.284133911, 284.626068115, 112.949707031, 67.3519897461, 19.6289997101, 15.56366539], [264.726104736, 35.0626678467, 1.50107705593, 55.0777702332, 70.7377319336, 75.5830535889, 85.8966369629, 89.4697494507, 112.949707031, 156.24382019, 73.598274231, 38.2746315002, 23.7959003448], [61.7254867554, 23.4819583893, 7.87560176849, 51.1674537659, 70.3248062134, 83.7404632568, 99.4878158569, 27.508556366, 67.3519897461, 73.598274231, 137.423538208, 76.6072006226, 43.6824989319], [255.934356689, -10.1782398224, 70.2380218506, 118.354431152, 107.568504333, 66.1984024048, 63.5869178772, 23.1056423187, 19.6289997101, 38.2746315002, 76.6072006226, 142.231048584, 78.5976638794], [366.082366943, -44.9905395508, 40.5451698303, 78.4458236694, 89.4088897705, 95.3172607422, 80.8953933716, 34.9590568542, 15.56366539, 23.7959003448, 43.6824989319, 78.5976638794, 121.712120056]],
